<?xml version="1.0" encoding="ISO-8859-1" ?>
<Animl Version="1">
    <ModellingPackage><![CDATA[Maya.2010]]></ModellingPackage>
    <SrcFile><![CDATA[anims\vehicles\red\~src\air\helicopter_mi24hind\heli_mi24hind_takeoff_crewman_c.mb]]></SrcFile>
    <FramesPerSecond>30</FramesPerSecond>
    <TotalFrames>121</TotalFrames>
    <Skeleton>
        <RefFrame>
            <Name><![CDATA[soldier_ref_frame]]></Name>
            <Exclude>0</Exclude>
            <Additive>0</Additive>
            <IKPriority>0</IKPriority>
            <IKRotLimits>-1e+010 -1e+010 -1e+010 1e+010 1e+010 1e+010</IKRotLimits>
            <IKRotLimitOrder>0</IKRotLimitOrder>
            <KeyFrames count="121">
                <i>1 0 0 0 1 0 0 0 1 2.85 0 1.95</i>
                <i>1 0 0 0 1 0 0 0 1 2.85 0 1.95</i>
                <i>1 0 0 0 1 0 0 0 1 2.85 0 1.95</i>
                <i>1 0 0 0 1 0 0 0 1 2.85 0 1.95</i>
                <i>1 0 0 0 1 0 0 0 1 2.85 0 1.95</i>
                <i>1 0 0 0 1 0 0 0 1 2.85 0 1.95</i>
                <i>1 0 0 0 1 0 0 0 1 2.85 0 1.95</i>
                <i>1 0 0 0 1 0 0 0 1 2.85 0 1.95</i>
                <i>1 0 0 0 1 0 0 0 1 2.85 0 1.95</i>
                <i>1 0 0 0 1 0 0 0 1 2.85 0 1.95</i>
                <i>1 0 0 0 1 0 0 0 1 2.85 0 1.95</i>
                <i>1 0 0 0 1 0 0 0 1 2.85 0 1.95</i>
                <i>1 0 0 0 1 0 0 0 1 2.85 0 1.95</i>
                <i>1 0 0 0 1 0 0 0 1 2.85 0 1.95</i>
                <i>1 0 0 0 1 0 0 0 1 2.85 0 1.95</i>
                <i>1 0 0 0 1 0 0 0 1 2.85 0 1.95</i>
                <i>1 0 0 0 1 0 0 0 1 2.85 0 1.95</i>
                <i>1 0 0 0 1 0 0 0 1 2.85 0 1.95</i>
                <i>1 0 0 0 1 0 0 0 1 2.85 0 1.95</i>
                <i>1 0 0 0 1 0 0 0 1 2.85 0 1.95</i>
                <i>1 0 0 0 1 0 0 0 1 2.85 0 1.95</i>
                <i>1 0 0 0 1 0 0 0 1 2.85 0 1.95</i>
                <i>1 0 0 0 1 0 0 0 1 2.85 0 1.95</i>
                <i>1 0 0 0 1 0 0 0 1 2.85 0 1.95</i>
                <i>1 0 0 0 1 0 0 0 1 2.85 0 1.95</i>
                <i>1 0 0 0 1 0 0 0 1 2.85 0 1.95</i>
                <i>1 0 0 0 1 0 0 0 1 2.85 0 1.95</i>
                <i>1 0 0 0 1 0 0 0 1 2.85 0 1.95</i>
                <i>1 0 0 0 1 0 0 0 1 2.85 0 1.95</i>
                <i>1 0 0 0 1 0 0 0 1 2.85 0 1.95</i>
                <i>1 0 0 0 1 0 0 0 1 2.85 0 1.95</i>
                <i>1 0 0 0 1 0 0 0 1 2.85 0 1.95</i>
                <i>1 0 0 0 1 0 0 0 1 2.85 0 1.95</i>
                <i>1 0 0 0 1 0 0 0 1 2.85 0 1.95</i>
                <i>1 0 0 0 1 0 0 0 1 2.85 0 1.95</i>
                <i>1 0 0 0 1 0 0 0 1 2.85 0 1.95</i>
                <i>1 0 0 0 1 0 0 0 1 2.85 0 1.95</i>
                <i>1 0 0 0 1 0 0 0 1 2.85 0 1.95</i>
                <i>1 0 0 0 1 0 0 0 1 2.85 0 1.95</i>
                <i>1 0 0 0 1 0 0 0 1 2.85 0 1.95</i>
                <i>1 0 0 0 1 0 0 0 1 2.85 0 1.95</i>
                <i>1 0 0 0 1 0 0 0 1 2.85 0 1.95</i>
                <i>1 0 0 0 1 0 0 0 1 2.85 0 1.95</i>
                <i>1 0 0 0 1 0 0 0 1 2.85 0 1.95</i>
                <i>1 0 0 0 1 0 0 0 1 2.85 0 1.95</i>
                <i>1 0 0 0 1 0 0 0 1 2.85 0 1.95</i>
                <i>1 0 0 0 1 0 0 0 1 2.85 0 1.95</i>
                <i>1 0 0 0 1 0 0 0 1 2.85 0 1.95</i>
                <i>1 0 0 0 1 0 0 0 1 2.85 0 1.95</i>
                <i>1 0 0 0 1 0 0 0 1 2.85 0 1.95</i>
                <i>1 0 0 0 1 0 0 0 1 2.85 0 1.95</i>
                <i>1 0 0 0 1 0 0 0 1 2.85 0 1.95</i>
                <i>1 0 0 0 1 0 0 0 1 2.85 0 1.95</i>
                <i>1 0 0 0 1 0 0 0 1 2.85 0 1.95</i>
                <i>1 0 0 0 1 0 0 0 1 2.85 0 1.95</i>
                <i>1 0 0 0 1 0 0 0 1 2.85 0 1.95</i>
                <i>1 0 0 0 1 0 0 0 1 2.85 0 1.95</i>
                <i>1 0 0 0 1 0 0 0 1 2.85 0 1.95</i>
                <i>1 0 0 0 1 0 0 0 1 2.85 0 1.95</i>
                <i>1 0 0 0 1 0 0 0 1 2.85 0 1.95</i>
                <i>1 0 0 0 1 0 0 0 1 2.85 0 1.95</i>
                <i>1 0 0 0 1 0 0 0 1 2.85 0 1.95</i>
                <i>1 0 0 0 1 0 0 0 1 2.85 0 1.95</i>
                <i>1 0 0 0 1 0 0 0 1 2.85 0 1.95</i>
                <i>1 0 0 0 1 0 0 0 1 2.85 0 1.95</i>
                <i>1 0 0 0 1 0 0 0 1 2.85 0 1.95</i>
                <i>1 0 0 0 1 0 0 0 1 2.85 0 1.95</i>
                <i>1 0 0 0 1 0 0 0 1 2.85 0 1.95</i>
                <i>1 0 0 0 1 0 0 0 1 2.85 0 1.95</i>
                <i>1 0 0 0 1 0 0 0 1 2.85 0 1.95</i>
                <i>1 0 0 0 1 0 0 0 1 2.85 0 1.95</i>
                <i>1 0 0 0 1 0 0 0 1 2.85 0 1.95</i>
                <i>1 0 0 0 1 0 0 0 1 2.85 0 1.95</i>
                <i>1 0 0 0 1 0 0 0 1 2.85 0 1.95</i>
                <i>1 0 0 0 1 0 0 0 1 2.85 0 1.95</i>
                <i>1 0 0 0 1 0 0 0 1 2.85 0 1.95</i>
                <i>1 0 0 0 1 0 0 0 1 2.85 0 1.95</i>
                <i>1 0 0 0 1 0 0 0 1 2.85 0 1.95</i>
                <i>1 0 0 0 1 0 0 0 1 2.85 0 1.95</i>
                <i>1 0 0 0 1 0 0 0 1 2.85 0 1.95</i>
                <i>1 0 0 0 1 0 0 0 1 2.85 0 1.95</i>
                <i>1 0 0 0 1 0 0 0 1 2.85 0 1.95</i>
                <i>1 0 0 0 1 0 0 0 1 2.85 0 1.95</i>
                <i>1 0 0 0 1 0 0 0 1 2.85 0 1.95</i>
                <i>1 0 0 0 1 0 0 0 1 2.85 0 1.95</i>
                <i>1 0 0 0 1 0 0 0 1 2.85 0 1.95</i>
                <i>1 0 0 0 1 0 0 0 1 2.85 0 1.95</i>
                <i>1 0 0 0 1 0 0 0 1 2.85 0 1.95</i>
                <i>1 0 0 0 1 0 0 0 1 2.85 0 1.95</i>
                <i>1 0 0 0 1 0 0 0 1 2.85 0 1.95</i>
                <i>1 0 0 0 1 0 0 0 1 2.85 0 1.95</i>
                <i>1 0 0 0 1 0 0 0 1 2.85 0 1.95</i>
                <i>1 0 0 0 1 0 0 0 1 2.85 0 1.95</i>
                <i>1 0 0 0 1 0 0 0 1 2.85 0 1.95</i>
                <i>1 0 0 0 1 0 0 0 1 2.85 0 1.95</i>
                <i>1 0 0 0 1 0 0 0 1 2.85 0 1.95</i>
                <i>1 0 0 0 1 0 0 0 1 2.85 0 1.95</i>
                <i>1 0 0 0 1 0 0 0 1 2.85 0 1.95</i>
                <i>1 0 0 0 1 0 0 0 1 2.85 0 1.95</i>
                <i>1 0 0 0 1 0 0 0 1 2.85 0 1.95</i>
                <i>1 0 0 0 1 0 0 0 1 2.85 0 1.95</i>
                <i>1 0 0 0 1 0 0 0 1 2.85 0 1.95</i>
                <i>1 0 0 0 1 0 0 0 1 2.85 0 1.95</i>
                <i>1 0 0 0 1 0 0 0 1 2.85 0 1.95</i>
                <i>1 0 0 0 1 0 0 0 1 2.85 0 1.95</i>
                <i>1 0 0 0 1 0 0 0 1 2.85 0 1.95</i>
                <i>1 0 0 0 1 0 0 0 1 2.85 0 1.95</i>
                <i>1 0 0 0 1 0 0 0 1 2.85 0 1.95</i>
                <i>1 0 0 0 1 0 0 0 1 2.85 0 1.95</i>
                <i>1 0 0 0 1 0 0 0 1 2.85 0 1.95</i>
                <i>1 0 0 0 1 0 0 0 1 2.85 0 1.95</i>
                <i>1 0 0 0 1 0 0 0 1 2.85 0 1.95</i>
                <i>1 0 0 0 1 0 0 0 1 2.85 0 1.95</i>
                <i>1 0 0 0 1 0 0 0 1 2.85 0 1.95</i>
                <i>1 0 0 0 1 0 0 0 1 2.85 0 1.95</i>
                <i>1 0 0 0 1 0 0 0 1 2.85 0 1.95</i>
                <i>1 0 0 0 1 0 0 0 1 2.85 0 1.95</i>
                <i>1 0 0 0 1 0 0 0 1 2.85 0 1.95</i>
                <i>1 0 0 0 1 0 0 0 1 2.85 0 1.95</i>
                <i>1 0 0 0 1 0 0 0 1 2.85 0 1.95</i>
                <i>1 0 0 0 1 0 0 0 1 2.85 0 1.95</i>
            </KeyFrames>
        </RefFrame>
        <Bones count="23">
            <i>
                <p>
                    <Name><![CDATA[pelvis]]></Name>
                    <Exclude>0</Exclude>
                    <Additive>0</Additive>
                    <IKPriority>0</IKPriority>
                    <IKRotLimits>-1e+010 -1e+010 -1e+010 1e+010 1e+010 1e+010</IKRotLimits>
                    <IKRotLimitOrder>2</IKRotLimitOrder>
                    <KeyFrames count="121">
                        <i>1 0 0 0 1 0 0 0 1 2.85 1.18 1.92</i>
                        <i>1 0 0 0 1 0 0 0 1 2.85 1.17931 1.92</i>
                        <i>1 0 0 0 1 0 0 0 1 2.85 1.17748 1.92</i>
                        <i>1 0 0 0 1 0 0 0 1 2.85 1.17481 1.92</i>
                        <i>1 0 0 0 1 0 0 0 1 2.85 1.17166 1.92</i>
                        <i>1 0 0 0 1 0 0 0 1 2.85 1.16834 1.92</i>
                        <i>1 0 0 0 1 0 0 0 1 2.85 1.16519 1.92</i>
                        <i>1 0 0 0 1 0 0 0 1 2.85 1.16252 1.92</i>
                        <i>1 0 0 0 1 0 0 0 1 2.85 1.16069 1.92</i>
                        <i>1 0 0 0 1 0 0 0 1 2.85 1.16 1.92</i>
                        <i>1 0 0 0 1 0 0 0 1 2.85115 1.169 1.91682</i>
                        <i>1 0 0 0 1 0 0 0 1 2.8536 1.1944 1.90816</i>
                        <i>1 0 0 0 1 0 0 0 1 2.85585 1.2338 1.89534</i>
                        <i>1 0 0 0 1 0 0 0 1 2.8564 1.2848 1.87968</i>
                        <i>1 0 0 0 1 0 0 0 1 2.85375 1.345 1.8625</i>
                        <i>1 0 0 0 1 0 0 0 1 2.8464 1.412 1.84512</i>
                        <i>1 0 0 0 1 0 0 0 1 2.83285 1.4834 1.82886</i>
                        <i>1 0 0 0 1 0 0 0 1 2.8116 1.5568 1.81504</i>
                        <i>1 0 0 0 1 0 0 0 1 2.78115 1.6298 1.80498</i>
                        <i>1 0 0 0 1 0 0 0 1 2.74 1.7 1.8</i>
                        <i>1 0 0 0 1 0 0 0 1 2.68598 1.77358 1.80026</i>
                        <i>1 0 0 0 1 0 0 0 1 2.61944 1.85648 1.80448</i>
                        <i>1 0 0 0 1 0 0 0 1 2.54266 1.94589 1.81182</i>
                        <i>1 0 0 0 1 0 0 0 1 2.45792 2.03904 1.82144</i>
                        <i>1 0 0 0 1 0 0 0 1 2.3675 2.13312 1.8325</i>
                        <i>1 0 0 0 1 0 0 0 1 2.27368 2.22536 1.84416</i>
                        <i>1 0 0 0 1 0 0 0 1 2.17874 2.31295 1.85558</i>
                        <i>1 0 0 0 1 0 0 0 1 2.08496 2.39312 1.86592</i>
                        <i>1 0 0 0 1 0 0 0 1 1.99462 2.46306 1.87434</i>
                        <i>1 0 0 0 1 0 0 0 1 1.91 2.52 1.88</i>
                        <i>1 0 0 0 1 0 0 0 1 1.82785 2.56383 1.88324</i>
                        <i>1 0 0 0 1 0 0 0 1 1.744 2.59741 1.88512</i>
                        <i>1 0 0 0 1 0 0 0 1 1.65935 2.62234 1.88588</i>
                        <i>1 0 0 0 1 0 0 0 1 1.5748 2.64024 1.88576</i>
                        <i>1 0 0 0 1 0 0 0 1 1.49125 2.65271 1.885</i>
                        <i>1 0 0 0 1 0 0 0 1 1.4096 2.66136 1.88384</i>
                        <i>1 0 0 0 1 0 0 0 1 1.33075 2.6678 1.88252</i>
                        <i>1 0 0 0 1 0 0 0 1 1.2556 2.67365 1.88128</i>
                        <i>1 0 0 0 1 0 0 0 1 1.18505 2.68051 1.88036</i>
                        <i>1 0 0 0 1 0 0 0 1 1.12 2.69 1.88</i>
                        <i>1 0 0 0 1 0 0 0 1 1.10572 2.69 1.88</i>
                        <i>1 0 0 0 1 0 0 0 1 1.07155 2.69 1.88</i>
                        <i>1 0 0 0 1 0 0 0 1 1.03052 2.69 1.88</i>
                        <i>1 0 0 0 1 0 0 0 1 0.995666 2.69 1.88</i>
                        <i>1 0 0 0 1 0 0 0 1 0.98 2.69 1.88</i>
                        <i>1 0 0 0 1 0 0 0 1 0.98 2.69 1.88</i>
                        <i>1 0 0 0 1 0 0 0 1 0.98 2.69 1.88</i>
                        <i>1 0 0 0 1 0 0 0 1 0.98 2.69 1.88</i>
                        <i>1 0 0 0 1 0 0 0 1 0.98 2.69 1.88</i>
                        <i>1 0 0 0 1 0 0 0 1 0.98 2.69 1.88</i>
                        <i>1 0 0 0 1 0 0 0 1 0.98 2.69 1.88</i>
                        <i>1 0 0 0 1 0 0 0 1 0.98 2.69 1.88</i>
                        <i>1 0 0 0 1 0 0 0 1 0.98 2.69 1.88</i>
                        <i>1 0 0 0 1 0 0 0 1 0.98 2.69 1.88</i>
                        <i>1 0 0 0 1 0 0 0 1 0.98 2.69 1.88</i>
                        <i>1 0 0 0 1 0 0 0 1 0.98 2.69 1.88</i>
                        <i>1 0 0 0 1 0 0 0 1 0.98 2.69 1.88</i>
                        <i>1 0 0 0 1 0 0 0 1 0.98 2.69 1.88</i>
                        <i>1 0 0 0 1 0 0 0 1 0.98 2.69 1.88</i>
                        <i>1 0 0 0 1 0 0 0 1 0.98 2.69 1.88</i>
                        <i>1 0 0 0 1 0 0 0 1 0.98 2.69 1.88</i>
                        <i>1 0 0 0 1 0 0 0 1 0.98 2.69 1.88</i>
                        <i>1 0 0 0 1 0 0 0 1 0.98 2.69 1.88</i>
                        <i>1 0 0 0 1 0 0 0 1 0.98 2.69 1.88</i>
                        <i>1 0 0 0 1 0 0 0 1 0.98 2.69 1.88</i>
                        <i>1 0 0 0 1 0 0 0 1 0.98 2.69 1.88</i>
                        <i>1 0 0 0 1 0 0 0 1 0.98 2.69 1.88</i>
                        <i>1 0 0 0 1 0 0 0 1 0.98 2.69 1.88</i>
                        <i>1 0 0 0 1 0 0 0 1 0.98 2.69 1.88</i>
                        <i>1 0 0 0 1 0 0 0 1 0.98 2.69 1.88</i>
                        <i>1 0 0 0 1 0 0 0 1 0.98 2.69 1.88</i>
                        <i>1 0 0 0 1 0 0 0 1 0.98 2.69 1.88</i>
                        <i>1 0 0 0 1 0 0 0 1 0.98 2.69 1.88</i>
                        <i>1 0 0 0 1 0 0 0 1 0.98 2.69 1.88</i>
                        <i>1 0 0 0 1 0 0 0 1 0.98 2.69 1.88</i>
                        <i>1 0 0 0 1 0 0 0 1 0.98 2.69 1.88</i>
                        <i>1 0 0 0 1 0 0 0 1 0.98 2.69 1.88</i>
                        <i>1 0 0 0 1 0 0 0 1 0.98 2.69 1.88</i>
                        <i>1 0 0 0 1 0 0 0 1 0.98 2.69 1.88</i>
                        <i>1 0 0 0 1 0 0 0 1 0.98 2.69 1.88</i>
                        <i>1 0 0 0 1 0 0 0 1 0.98 2.69 1.88</i>
                        <i>1 0 0 0 1 0 0 0 1 0.98 2.69 1.88</i>
                        <i>1 0 0 0 1 0 0 0 1 0.98 2.69 1.88</i>
                        <i>1 0 0 0 1 0 0 0 1 0.98 2.69 1.88</i>
                        <i>1 0 0 0 1 0 0 0 1 0.98 2.69 1.88</i>
                        <i>1 0 0 0 1 0 0 0 1 0.98 2.69 1.88</i>
                        <i>1 0 0 0 1 0 0 0 1 0.98 2.69 1.88</i>
                        <i>1 0 0 0 1 0 0 0 1 0.98 2.69 1.88</i>
                        <i>1 0 0 0 1 0 0 0 1 0.98 2.69 1.88</i>
                        <i>1 0 0 0 1 0 0 0 1 0.98 2.69 1.88</i>
                        <i>1 0 0 0 1 0 0 0 1 0.98 2.69 1.88</i>
                        <i>1 0 0 0 1 0 0 0 1 0.98 2.69 1.88</i>
                        <i>1 0 0 0 1 0 0 0 1 0.98 2.69 1.88</i>
                        <i>1 0 0 0 1 0 0 0 1 0.98 2.69 1.88</i>
                        <i>1 0 0 0 1 0 0 0 1 0.98 2.69 1.88</i>
                        <i>1 0 0 0 1 0 0 0 1 0.98 2.69 1.88</i>
                        <i>1 0 0 0 1 0 0 0 1 0.98 2.69 1.88</i>
                        <i>1 0 0 0 1 0 0 0 1 0.98 2.69 1.88</i>
                        <i>1 0 0 0 1 0 0 0 1 0.98 2.69 1.88</i>
                        <i>1 0 0 0 1 0 0 0 1 0.98 2.69 1.88</i>
                        <i>1 0 0 0 1 0 0 0 1 0.98 2.69 1.88</i>
                        <i>1 0 0 0 1 0 0 0 1 0.98 2.69 1.88</i>
                        <i>1 0 0 0 1 0 0 0 1 0.98 2.69 1.88</i>
                        <i>1 0 0 0 1 0 0 0 1 0.98 2.69 1.88</i>
                        <i>1 0 0 0 1 0 0 0 1 0.98 2.69 1.88</i>
                        <i>1 0 0 0 1 0 0 0 1 0.98 2.69 1.88</i>
                        <i>1 0 0 0 1 0 0 0 1 0.98 2.69 1.88</i>
                        <i>1 0 0 0 1 0 0 0 1 0.98 2.69 1.88</i>
                        <i>1 0 0 0 1 0 0 0 1 0.98 2.69 1.88</i>
                        <i>1 0 0 0 1 0 0 0 1 0.98 2.69 1.88</i>
                        <i>1 0 0 0 1 0 0 0 1 0.98 2.69 1.88</i>
                        <i>1 0 0 0 1 0 0 0 1 0.98 2.69 1.88</i>
                        <i>1 0 0 0 1 0 0 0 1 0.98 2.69 1.88</i>
                        <i>1 0 0 0 1 0 0 0 1 0.98 2.69 1.88</i>
                        <i>1 0 0 0 1 0 0 0 1 0.98 2.69 1.88</i>
                        <i>1 0 0 0 1 0 0 0 1 0.98 2.69 1.88</i>
                        <i>1 0 0 0 1 0 0 0 1 0.98 2.69 1.88</i>
                        <i>1 0 0 0 1 0 0 0 1 0.98 2.69 1.88</i>
                        <i>1 0 0 0 1 0 0 0 1 0.98 2.69 1.88</i>
                        <i>1 0 0 0 1 0 0 0 1 0.98 2.69 1.88</i>
                        <i>1 0 0 0 1 0 0 0 1 0.98 2.69 1.88</i>
                    </KeyFrames>
                </p>
            </i>
            <i>
                <p>
                    <Name><![CDATA[spine0]]></Name>
                    <Exclude>0</Exclude>
                    <Additive>0</Additive>
                    <IKPriority>0</IKPriority>
                    <IKRotLimits>-1e+010 -1e+010 -1e+010 1e+010 1e+010 1e+010</IKRotLimits>
                    <IKRotLimitOrder>0</IKRotLimitOrder>
                    <KeyFrames count="121">
                        <i>0.000947603 0.997734 -0.0672729 -1 0.000949755 1.19806e-012 6.38928e-005 0.0672729 0.997735 2.85 1.31565 1.8721</i>
                        <i>0.00127687 0.997608 -0.069109 -0.999954 0.00061556 -0.00958951 -0.00952403 0.069118 0.997563 2.85041 1.31496 1.87209</i>
                        <i>0.00233256 0.997258 -0.0739718 -0.999377 -0.000279572 -0.0352826 -0.0352065 0.074008 0.996636 2.85153 1.31312 1.87209</i>
                        <i>0.00430101 0.996718 -0.0808429 -0.997372 -0.00157125 -0.0724343 -0.0723236 0.080942 0.994091 2.85313 1.31044 1.87213</i>
                        <i>0.00729063 0.996033 -0.0886859 -0.993204 -0.00308943 -0.116346 -0.116159 0.0889314 0.989241 2.85504 1.30728 1.87228</i>
                        <i>0.0111743 0.995268 -0.0965238 -0.98673 -0.00466211 -0.162303 -0.161985 0.0970566 0.982009 2.85704 1.30396 1.87253</i>
                        <i>0.0155322 0.994506 -0.103523 -0.978605 -0.00612413 -0.205658 -0.205162 0.104503 0.973133 2.85893 1.30081 1.87286</i>
                        <i>0.0196853 0.993842 -0.109048 -0.970268 -0.00732602 -0.24192 -0.241229 0.110568 0.964149 2.86051 1.29816 1.87322</i>
                        <i>0.0227952 0.993374 -0.112646 -0.963725 -0.00813657 -0.266774 -0.265923 0.11464 0.957153 2.8616 1.29633 1.8735</i>
                        <i>0.0240041 0.993198 -0.11394 -0.961119 -0.00843451 -0.276004 -0.275088 0.116135 0.954379 2.862 1.29565 1.87361</i>
                        <i>0.0184683 0.992964 -0.11697 -0.947908 -0.019821 -0.317927 -0.318009 0.116748 0.940872 2.86546 1.30398 1.86915</i>
                        <i>0.0067752 0.992908 -0.118694 -0.905313 -0.0443201 -0.422427 -0.424692 0.110317 0.898592 2.87475 1.32794 1.859</i>
                        <i>-0.00714868 0.994098 -0.108248 -0.829236 -0.0663911 -0.554941 -0.558852 0.0857962 0.824817 2.88752 1.36602 1.84832</i>
                        <i>-0.0256087 0.996558 -0.0788474 -0.7275 -0.0726739 -0.682248 -0.685629 0.03989 0.726857 2.89972 1.41633 1.84069</i>
                        <i>-0.0530996 0.998126 -0.0304103 -0.623291 -0.0569206 -0.779916 -0.780185 -0.0224588 0.625145 2.90665 1.47627 1.83667</i>
                        <i>-0.0973917 0.994597 0.0359274 -0.51408 -0.0193632 -0.857523 -0.852195 -0.101985 0.513189 2.90481 1.54324 1.83735</i>
                        <i>-0.168252 0.980933 0.0972685 -0.386264 0.0251761 -0.922045 -0.906913 -0.192707 0.374663 2.89093 1.61438 1.84177</i>
                        <i>-0.257532 0.957719 0.128266 -0.259435 0.0593359 -0.963936 -0.93079 -0.281521 0.233185 2.86372 1.68731 1.84584</i>
                        <i>-0.3465 0.929476 0.126539 -0.156 0.0759202 -0.984835 -0.924988 -0.360985 0.118692 2.82448 1.76017 1.84768</i>
                        <i>-0.417701 0.901702 0.111617 -0.0966231 0.0780668 -0.992255 -0.903432 -0.425251 0.0545166 2.77562 1.83077 1.84825</i>
                        <i>-0.472778 0.875623 0.0988146 -0.0707692 0.0740464 -0.994741 -0.878335 -0.477285 0.0269596 2.71453 1.90598 1.84877</i>
                        <i>-0.521689 0.848719 0.0867006 -0.054449 0.0682956 -0.996178 -0.851396 -0.524416 0.0105828 2.6394 1.99174 1.84922</i>
                        <i>-0.565384 0.821252 0.0767155 -0.0468004 0.0609175 -0.997045 -0.823499 -0.567304 0.00399312 2.55337 2.08416 1.85009</i>
                        <i>-0.604832 0.793313 0.0695222 -0.0468003 0.0517406 -0.997563 -0.794977 -0.606612 0.00583291 2.45956 2.17962 1.85195</i>
                        <i>-0.640576 0.765067 0.0658331 -0.0528273 0.0416227 -0.997736 -0.766075 -0.642604 0.0137539 2.36103 2.275 1.85542</i>
                        <i>-0.672847 0.737098 0.0629563 -0.0611791 0.0293678 -0.997695 -0.737248 -0.675147 0.025335 2.25969 2.36784 1.85834</i>
                        <i>-0.702451 0.709341 0.0582844 -0.0684057 0.0142248 -0.997556 -0.708437 -0.704722 0.0385308 2.15754 2.45521 1.85895</i>
                        <i>-0.729699 0.681673 0.053488 -0.0734851 -0.000408728 -0.997296 -0.679808 -0.731657 0.050391 2.05756 2.53416 1.85865</i>
                        <i>-0.754038 0.65491 0.0502005 -0.0758393 -0.0108913 -0.997061 -0.652438 -0.755629 0.0578804 1.96238 2.6024 1.85877</i>
                        <i>-0.774562 0.630597 0.0490093 -0.0750048 -0.0146368 -0.997076 -0.628035 -0.775973 0.0586348 1.87422 2.65798 1.86059</i>
                        <i>-0.792768 0.607578 0.0486609 -0.0714207 -0.0133115 -0.997357 -0.605324 -0.794149 0.0539465 1.78919 2.70101 1.86365</i>
                        <i>-0.810102 0.584314 0.0480779 -0.0665398 -0.0101575 -0.997732 -0.5825 -0.811464 0.0471087 1.70267 2.73397 1.86668</i>
                        <i>-0.825819 0.561927 0.0475541 -0.0614854 -0.00589495 -0.998091 -0.560573 -0.827166 0.0394184 1.61565 2.75844 1.86964</i>
                        <i>-0.839296 0.541594 0.0475233 -0.0572797 -0.00116208 -0.998357 -0.540649 -0.84064 0.0319977 1.52918 2.77603 1.87249</i>
                        <i>-0.849993 0.524556 0.0485157 -0.0548183 0.00352165 -0.99849 -0.523935 -0.851369 0.0257619 1.44432 2.78835 1.87523</i>
                        <i>-0.857395 0.512116 0.0511093 -0.0548712 0.00778047 -0.998463 -0.511726 -0.858881 0.0214295 1.36212 2.79703 1.87788</i>
                        <i>-0.860942 0.505624 0.055884 -0.0581085 0.0113878 -0.998245 -0.505373 -0.862679 0.0195768 1.28366 2.80372 1.88043</i>
                        <i>-0.859941 0.506444 0.0633684 -0.0651394 0.0142391 -0.997775 -0.506219 -0.862155 0.0207447 1.20999 2.81008 1.88288</i>
                        <i>-0.853454 0.515895 0.0739566 -0.0765504 0.0162775 -0.996933 -0.515516 -0.856497 0.0255998 1.14214 2.81774 1.8852</i>
                        <i>-0.840182 0.535156 0.087759 -0.092927 0.0173601 -0.995522 -0.534283 -0.844575 0.0351448 1.08115 2.82832 1.8873</i>
                        <i>-0.80589 0.582486 0.106069 -0.119052 0.0160652 -0.992758 -0.579972 -0.812682 0.0563995 1.07429 2.83019 1.88733</i>
                        <i>-0.712651 0.688086 0.136622 -0.181005 0.00780064 -0.983451 -0.677765 -0.725587 0.118988 1.05797 2.83313 1.88501</i>
                        <i>-0.584578 0.798519 0.143652 -0.253502 -0.0115743 -0.967266 -0.770718 -0.601858 0.209193 1.03789 2.83366 1.87784</i>
                        <i>-0.467495 0.875693 0.120869 -0.312563 -0.035846 -0.94922 -0.826893 -0.481536 0.290467 1.01973 2.83135 1.86833</i>
                        <i>-0.413828 0.904654 0.101727 -0.338123 -0.0489902 -0.939826 -0.845233 -0.423322 0.326158 1.01111 2.82945 1.86318</i>
                        <i>-0.413828 0.904654 0.101727 -0.338123 -0.0489902 -0.939826 -0.845233 -0.423322 0.326158 1.01111 2.82945 1.86318</i>
                        <i>-0.413828 0.904654 0.101727 -0.338123 -0.0489902 -0.939826 -0.845233 -0.423322 0.326158 1.01111 2.82945 1.86318</i>
                        <i>-0.413828 0.904654 0.101727 -0.338123 -0.0489902 -0.939826 -0.845233 -0.423322 0.326158 1.01111 2.82945 1.86318</i>
                        <i>-0.413828 0.904654 0.101727 -0.338123 -0.0489902 -0.939826 -0.845233 -0.423322 0.326158 1.01111 2.82945 1.86318</i>
                        <i>-0.413828 0.904654 0.101727 -0.338123 -0.0489902 -0.939826 -0.845233 -0.423322 0.326158 1.01111 2.82945 1.86318</i>
                        <i>-0.413828 0.904654 0.101727 -0.338123 -0.0489902 -0.939826 -0.845233 -0.423322 0.326158 1.01111 2.82945 1.86318</i>
                        <i>-0.413828 0.904654 0.101727 -0.338123 -0.0489902 -0.939826 -0.845233 -0.423322 0.326158 1.01111 2.82945 1.86318</i>
                        <i>-0.413828 0.904654 0.101727 -0.338123 -0.0489902 -0.939826 -0.845233 -0.423322 0.326158 1.01111 2.82945 1.86318</i>
                        <i>-0.413828 0.904654 0.101727 -0.338123 -0.0489902 -0.939826 -0.845233 -0.423322 0.326158 1.01111 2.82945 1.86318</i>
                        <i>-0.413828 0.904654 0.101727 -0.338123 -0.0489902 -0.939826 -0.845233 -0.423322 0.326158 1.01111 2.82945 1.86318</i>
                        <i>-0.413828 0.904654 0.101727 -0.338123 -0.0489902 -0.939826 -0.845233 -0.423322 0.326158 1.01111 2.82945 1.86318</i>
                        <i>-0.413828 0.904654 0.101727 -0.338123 -0.0489902 -0.939826 -0.845233 -0.423322 0.326158 1.01111 2.82945 1.86318</i>
                        <i>-0.413828 0.904654 0.101727 -0.338123 -0.0489902 -0.939826 -0.845233 -0.423322 0.326158 1.01111 2.82945 1.86318</i>
                        <i>-0.413828 0.904654 0.101727 -0.338123 -0.0489902 -0.939826 -0.845233 -0.423322 0.326158 1.01111 2.82945 1.86318</i>
                        <i>-0.413828 0.904654 0.101727 -0.338123 -0.0489902 -0.939826 -0.845233 -0.423322 0.326158 1.01111 2.82945 1.86318</i>
                        <i>-0.413828 0.904654 0.101727 -0.338123 -0.0489902 -0.939826 -0.845233 -0.423322 0.326158 1.01111 2.82945 1.86318</i>
                        <i>-0.413828 0.904654 0.101727 -0.338123 -0.0489902 -0.939826 -0.845233 -0.423322 0.326158 1.01111 2.82945 1.86318</i>
                        <i>-0.413828 0.904654 0.101727 -0.338123 -0.0489902 -0.939826 -0.845233 -0.423322 0.326158 1.01111 2.82945 1.86318</i>
                        <i>-0.413828 0.904654 0.101727 -0.338123 -0.0489902 -0.939826 -0.845233 -0.423322 0.326158 1.01111 2.82945 1.86318</i>
                        <i>-0.413828 0.904654 0.101727 -0.338123 -0.0489902 -0.939826 -0.845233 -0.423322 0.326158 1.01111 2.82945 1.86318</i>
                        <i>-0.413828 0.904654 0.101727 -0.338123 -0.0489902 -0.939826 -0.845233 -0.423322 0.326158 1.01111 2.82945 1.86318</i>
                        <i>-0.413828 0.904654 0.101727 -0.338123 -0.0489902 -0.939826 -0.845233 -0.423322 0.326158 1.01111 2.82945 1.86318</i>
                        <i>-0.413828 0.904654 0.101727 -0.338123 -0.0489902 -0.939826 -0.845233 -0.423322 0.326158 1.01111 2.82945 1.86318</i>
                        <i>-0.413828 0.904654 0.101727 -0.338123 -0.0489902 -0.939826 -0.845233 -0.423322 0.326158 1.01111 2.82945 1.86318</i>
                        <i>-0.413828 0.904654 0.101727 -0.338123 -0.0489902 -0.939826 -0.845233 -0.423322 0.326158 1.01111 2.82945 1.86318</i>
                        <i>-0.413828 0.904654 0.101727 -0.338123 -0.0489902 -0.939826 -0.845233 -0.423322 0.326158 1.01111 2.82945 1.86318</i>
                        <i>-0.413828 0.904654 0.101727 -0.338123 -0.0489902 -0.939826 -0.845233 -0.423322 0.326158 1.01111 2.82945 1.86318</i>
                        <i>-0.413828 0.904654 0.101727 -0.338123 -0.0489902 -0.939826 -0.845233 -0.423322 0.326158 1.01111 2.82945 1.86318</i>
                        <i>-0.413828 0.904654 0.101727 -0.338123 -0.0489902 -0.939826 -0.845233 -0.423322 0.326158 1.01111 2.82945 1.86318</i>
                        <i>-0.413828 0.904654 0.101727 -0.338123 -0.0489902 -0.939826 -0.845233 -0.423322 0.326158 1.01111 2.82945 1.86318</i>
                        <i>-0.413828 0.904654 0.101727 -0.338123 -0.0489902 -0.939826 -0.845233 -0.423322 0.326158 1.01111 2.82945 1.86318</i>
                        <i>-0.413828 0.904654 0.101727 -0.338123 -0.0489902 -0.939826 -0.845233 -0.423322 0.326158 1.01111 2.82945 1.86318</i>
                        <i>-0.413828 0.904654 0.101727 -0.338123 -0.0489902 -0.939826 -0.845233 -0.423322 0.326158 1.01111 2.82945 1.86318</i>
                        <i>-0.413828 0.904654 0.101727 -0.338123 -0.0489902 -0.939826 -0.845233 -0.423322 0.326158 1.01111 2.82945 1.86318</i>
                        <i>-0.413828 0.904654 0.101727 -0.338123 -0.0489902 -0.939826 -0.845233 -0.423322 0.326158 1.01111 2.82945 1.86318</i>
                        <i>-0.413828 0.904654 0.101727 -0.338123 -0.0489902 -0.939826 -0.845233 -0.423322 0.326158 1.01111 2.82945 1.86318</i>
                        <i>-0.413828 0.904654 0.101727 -0.338123 -0.0489902 -0.939826 -0.845233 -0.423322 0.326158 1.01111 2.82945 1.86318</i>
                        <i>-0.413828 0.904654 0.101727 -0.338123 -0.0489902 -0.939826 -0.845233 -0.423322 0.326158 1.01111 2.82945 1.86318</i>
                        <i>-0.413828 0.904654 0.101727 -0.338123 -0.0489902 -0.939826 -0.845233 -0.423322 0.326158 1.01111 2.82945 1.86318</i>
                        <i>-0.413828 0.904654 0.101727 -0.338123 -0.0489902 -0.939826 -0.845233 -0.423322 0.326158 1.01111 2.82945 1.86318</i>
                        <i>-0.413828 0.904654 0.101727 -0.338123 -0.0489902 -0.939826 -0.845233 -0.423322 0.326158 1.01111 2.82945 1.86318</i>
                        <i>-0.413828 0.904654 0.101727 -0.338123 -0.0489902 -0.939826 -0.845233 -0.423322 0.326158 1.01111 2.82945 1.86318</i>
                        <i>-0.413828 0.904654 0.101727 -0.338123 -0.0489902 -0.939826 -0.845233 -0.423322 0.326158 1.01111 2.82945 1.86318</i>
                        <i>-0.413828 0.904654 0.101727 -0.338123 -0.0489902 -0.939826 -0.845233 -0.423322 0.326158 1.01111 2.82945 1.86318</i>
                        <i>-0.413828 0.904654 0.101727 -0.338123 -0.0489902 -0.939826 -0.845233 -0.423322 0.326158 1.01111 2.82945 1.86318</i>
                        <i>-0.413828 0.904654 0.101727 -0.338123 -0.0489902 -0.939826 -0.845233 -0.423322 0.326158 1.01111 2.82945 1.86318</i>
                        <i>-0.413828 0.904654 0.101727 -0.338123 -0.0489902 -0.939826 -0.845233 -0.423322 0.326158 1.01111 2.82945 1.86318</i>
                        <i>-0.413828 0.904654 0.101727 -0.338123 -0.0489902 -0.939826 -0.845233 -0.423322 0.326158 1.01111 2.82945 1.86318</i>
                        <i>-0.413828 0.904654 0.101727 -0.338123 -0.0489902 -0.939826 -0.845233 -0.423322 0.326158 1.01111 2.82945 1.86318</i>
                        <i>-0.413828 0.904654 0.101727 -0.338123 -0.0489902 -0.939826 -0.845233 -0.423322 0.326158 1.01111 2.82945 1.86318</i>
                        <i>-0.413828 0.904654 0.101727 -0.338123 -0.0489902 -0.939826 -0.845233 -0.423322 0.326158 1.01111 2.82945 1.86318</i>
                        <i>-0.413828 0.904654 0.101727 -0.338123 -0.0489902 -0.939826 -0.845233 -0.423322 0.326158 1.01111 2.82945 1.86318</i>
                        <i>-0.413828 0.904654 0.101727 -0.338123 -0.0489902 -0.939826 -0.845233 -0.423322 0.326158 1.01111 2.82945 1.86318</i>
                        <i>-0.413828 0.904654 0.101727 -0.338123 -0.0489902 -0.939826 -0.845233 -0.423322 0.326158 1.01111 2.82945 1.86318</i>
                        <i>-0.413828 0.904654 0.101727 -0.338123 -0.0489902 -0.939826 -0.845233 -0.423322 0.326158 1.01111 2.82945 1.86318</i>
                        <i>-0.413828 0.904654 0.101727 -0.338123 -0.0489902 -0.939826 -0.845233 -0.423322 0.326158 1.01111 2.82945 1.86318</i>
                        <i>-0.413828 0.904654 0.101727 -0.338123 -0.0489902 -0.939826 -0.845233 -0.423322 0.326158 1.01111 2.82945 1.86318</i>
                        <i>-0.413828 0.904654 0.101727 -0.338123 -0.0489902 -0.939826 -0.845233 -0.423322 0.326158 1.01111 2.82945 1.86318</i>
                        <i>-0.413828 0.904654 0.101727 -0.338123 -0.0489902 -0.939826 -0.845233 -0.423322 0.326158 1.01111 2.82945 1.86318</i>
                        <i>-0.413828 0.904654 0.101727 -0.338123 -0.0489902 -0.939826 -0.845233 -0.423322 0.326158 1.01111 2.82945 1.86318</i>
                        <i>-0.413828 0.904654 0.101727 -0.338123 -0.0489902 -0.939826 -0.845233 -0.423322 0.326158 1.01111 2.82945 1.86318</i>
                        <i>-0.413828 0.904654 0.101727 -0.338123 -0.0489902 -0.939826 -0.845233 -0.423322 0.326158 1.01111 2.82945 1.86318</i>
                        <i>-0.413828 0.904654 0.101727 -0.338123 -0.0489902 -0.939826 -0.845233 -0.423322 0.326158 1.01111 2.82945 1.86318</i>
                        <i>-0.413828 0.904654 0.101727 -0.338123 -0.0489902 -0.939826 -0.845233 -0.423322 0.326158 1.01111 2.82945 1.86318</i>
                        <i>-0.413828 0.904654 0.101727 -0.338123 -0.0489902 -0.939826 -0.845233 -0.423322 0.326158 1.01111 2.82945 1.86318</i>
                        <i>-0.413828 0.904654 0.101727 -0.338123 -0.0489902 -0.939826 -0.845233 -0.423322 0.326158 1.01111 2.82945 1.86318</i>
                        <i>-0.413828 0.904654 0.101727 -0.338123 -0.0489902 -0.939826 -0.845233 -0.423322 0.326158 1.01111 2.82945 1.86318</i>
                        <i>-0.413828 0.904654 0.101727 -0.338123 -0.0489902 -0.939826 -0.845233 -0.423322 0.326158 1.01111 2.82945 1.86318</i>
                        <i>-0.413828 0.904654 0.101727 -0.338123 -0.0489902 -0.939826 -0.845233 -0.423322 0.326158 1.01111 2.82945 1.86318</i>
                        <i>-0.413828 0.904654 0.101727 -0.338123 -0.0489902 -0.939826 -0.845233 -0.423322 0.326158 1.01111 2.82945 1.86318</i>
                        <i>-0.413828 0.904654 0.101727 -0.338123 -0.0489902 -0.939826 -0.845233 -0.423322 0.326158 1.01111 2.82945 1.86318</i>
                        <i>-0.413828 0.904654 0.101727 -0.338123 -0.0489902 -0.939826 -0.845233 -0.423322 0.326158 1.01111 2.82945 1.86318</i>
                        <i>-0.413828 0.904654 0.101727 -0.338123 -0.0489902 -0.939826 -0.845233 -0.423322 0.326158 1.01111 2.82945 1.86318</i>
                        <i>-0.413828 0.904654 0.101727 -0.338123 -0.0489902 -0.939826 -0.845233 -0.423322 0.326158 1.01111 2.82945 1.86318</i>
                        <i>-0.413828 0.904654 0.101727 -0.338123 -0.0489902 -0.939826 -0.845233 -0.423322 0.326158 1.01111 2.82945 1.86318</i>
                        <i>-0.413828 0.904654 0.101727 -0.338123 -0.0489902 -0.939826 -0.845233 -0.423322 0.326158 1.01111 2.82945 1.86318</i>
                    </KeyFrames>
                </p>
            </i>
            <i>
                <p>
                    <Name><![CDATA[spine1]]></Name>
                    <Exclude>0</Exclude>
                    <Additive>0</Additive>
                    <IKPriority>0</IKPriority>
                    <IKRotLimits>-1e+010 -1e+010 -1e+010 1e+010 1e+010 1e+010</IKRotLimits>
                    <IKRotLimitOrder>0</IKRotLimitOrder>
                    <KeyFrames count="121">
                        <i>0.000409963 0.999559 -0.029694 -1 0.000410121 -7.60918e-007 1.14176e-005 0.029694 0.999559 2.85016 1.48686 1.86056</i>
                        <i>0.000370281 0.999532 -0.0305877 -0.999954 7.72452e-005 -0.00958082 -0.00957397 0.0305898 0.999486 2.85063 1.48619 1.86023</i>
                        <i>0.000348887 0.999456 -0.0329745 -0.999378 -0.000814078 -0.0352486 -0.0352563 0.0329663 0.998834 2.85193 1.48438 1.85938</i>
                        <i>0.000537438 0.999337 -0.0364019 -0.997376 -0.00209954 -0.0723638 -0.0723922 0.0363453 0.996714 2.85387 1.48178 1.85823</i>
                        <i>0.00109763 0.999183 -0.0404066 -0.993216 -0.00360932 -0.116233 -0.116283 0.04026 0.9924 2.8563 1.47871 1.85701</i>
                        <i>0.00208083 0.999006 -0.0445288 -0.986753 -0.005172 -0.162145 -0.162214 0.0442764 0.985762 2.85897 1.4755 1.85589</i>
                        <i>0.00338794 0.998825 -0.0483368 -0.978643 -0.00662343 -0.205459 -0.205538 0.0480006 0.977471 2.86161 1.47247 1.85499</i>
                        <i>0.00477085 0.998664 -0.0514486 -0.970323 -0.00781562 -0.241687 -0.241766 0.0510748 0.968989 2.86392 1.46992 1.85436</i>
                        <i>0.0058746 0.998549 -0.0535366 -0.963791 -0.00861907 -0.266518 -0.266592 0.0531638 0.962342 2.86555 1.46817 1.854</i>
                        <i>0.00631733 0.998505 -0.0543017 -0.961191 -0.00891428 -0.275739 -0.275811 0.0539363 0.959697 2.86616 1.46752 1.85389</i>
                        <i>-0.0223114 0.998848 -0.0424739 -0.946618 -0.0347723 -0.320476 -0.321584 0.0330563 0.946304 2.86866 1.47602 1.84887</i>
                        <i>-0.0992547 0.994955 -0.0145819 -0.897304 -0.0958282 -0.430885 -0.430109 -0.0296831 0.902289 2.87594 1.50074 1.83833</i>
                        <i>-0.210528 0.977488 0.0139548 -0.805698 -0.165408 -0.568763 -0.553651 -0.130984 0.822383 2.88628 1.54062 1.82928</i>
                        <i>-0.335141 0.941667 0.0307201 -0.679896 -0.219146 -0.699797 -0.652244 -0.255417 0.713681 2.89518 1.59394 1.82661</i>
                        <i>-0.447731 0.893423 0.0365035 -0.546557 -0.241136 -0.801953 -0.707681 -0.379011 0.59627 2.89705 1.65756 1.83111</i>
                        <i>-0.541032 0.840314 0.0340156 -0.405214 -0.225027 -0.886095 -0.736943 -0.49319 0.462254 2.88682 1.72767 1.84397</i>
                        <i>-0.62397 0.781425 0.00610532 -0.242161 -0.185926 -0.952255 -0.74298 -0.595657 0.305243 2.85921 1.79993 1.86013</i>
                        <i>-0.693716 0.718609 -0.0485772 -0.0810376 -0.144891 -0.986123 -0.715676 -0.680153 0.158748 2.81427 1.87165 1.87049</i>
                        <i>-0.74736 0.654667 -0.113423 0.0508474 -0.113854 -0.992195 -0.662471 -0.747294 0.0518019 2.75701 1.94157 1.87235</i>
                        <i>-0.788028 0.594188 -0.161099 0.130508 -0.0944995 -0.986933 -0.601648 -0.798756 -0.00307774 2.69346 2.00849 1.87023</i>
                        <i>-0.822925 0.539359 -0.178568 0.165798 -0.0726407 -0.983481 -0.543421 -0.838937 -0.0296466 2.62129 2.079 1.86828</i>
                        <i>-0.85562 0.487387 -0.174264 0.178102 -0.0388927 -0.983243 -0.485998 -0.872319 -0.0535273 2.53706 2.15853 1.86624</i>
                        <i>-0.886311 0.437571 -0.151606 0.169267 0.00138319 -0.985569 -0.431047 -0.899183 -0.0752923 2.44352 2.24398 1.86501</i>
                        <i>-0.913843 0.389327 -0.115389 0.142853 0.0422361 -0.988842 -0.38011 -0.920131 -0.0942138 2.34324 2.3324 1.86533</i>
                        <i>-0.936964 0.341802 -0.0725919 0.105258 0.077989 -0.991382 -0.333195 -0.93653 -0.10905 2.23883 2.42113 1.86799</i>
                        <i>-0.955073 0.29578 -0.0186929 0.0547419 0.114071 -0.991963 -0.291271 -0.948421 -0.125137 2.13219 2.50768 1.87027</i>
                        <i>-0.966264 0.252986 0.0482809 -0.00934428 0.152902 -0.988197 -0.257382 -0.955311 -0.145379 2.02512 2.58907 1.86994</i>
                        <i>-0.970196 0.213634 0.114367 -0.0744066 0.186527 -0.979628 -0.230615 -0.958941 -0.165072 1.92021 2.66262 1.86871</i>
                        <i>-0.970147 0.177442 0.165313 -0.126831 0.20978 -0.969488 -0.206707 -0.961513 -0.181012 1.82019 2.72603 1.86824</i>
                        <i>-0.971535 0.143406 0.18856 -0.154455 0.220067 -0.963179 -0.179621 -0.964886 -0.191653 1.72778 2.77734 1.86985</i>
                        <i>-0.976023 0.108482 0.188707 -0.161369 0.221192 -0.961787 -0.146077 -0.969178 -0.198383 1.63898 2.81627 1.87287</i>
                        <i>-0.98111 0.0719223 0.179583 -0.160135 0.218873 -0.962523 -0.108533 -0.973099 -0.203221 1.54882 2.84507 1.87581</i>
                        <i>-0.985881 0.0358522 0.163563 -0.152291 0.214091 -0.964869 -0.0696099 -0.976156 -0.205608 1.45844 2.86556 1.87869</i>
                        <i>-0.989711 0.00246515 0.143059 -0.139434 0.207677 -0.968209 -0.0320968 -0.978194 -0.205197 1.36898 2.87955 1.88156</i>
                        <i>-0.992366 -0.0260311 0.120547 -0.123321 0.200314 -0.97194 0.00115328 -0.979386 -0.201995 1.28158 2.88892 1.88452</i>
                        <i>-0.993999 -0.0474729 0.0985503 -0.105917 0.192541 -0.975556 0.0273375 -0.98014 -0.196414 1.19741 2.89556 1.8877</i>
                        <i>-0.995033 -0.0597818 0.0795909 -0.0893861 0.184768 -0.978709 0.0438031 -0.980962 -0.189194 1.11767 2.90136 1.8912</i>
                        <i>-0.995944 -0.0609798 0.0661537 -0.076031 0.177299 -0.981216 0.0481054 -0.982266 -0.181216 1.04361 2.90822 1.89514</i>
                        <i>-0.996947 -0.049171 0.0606567 -0.0682121 0.170371 -0.983016 0.0380017 -0.984152 -0.173205 0.976509 2.91803 1.89956</i>
                        <i>-0.997604 -0.0225001 0.0654179 -0.0682335 0.16421 -0.984063 0.0113993 -0.986169 -0.165352 0.917721 2.93259 1.90437</i>
                        <i>-0.994527 0.0468234 0.093402 -0.084783 0.160762 -0.983345 -0.0610591 -0.985882 -0.155912 0.917732 2.94352 1.90794</i>
                        <i>-0.965116 0.211497 0.154338 -0.125158 0.145087 -0.981471 -0.22997 -0.96655 -0.113555 0.920009 2.96653 1.91146</i>
