<?xml version="1.0" encoding="ISO-8859-1" ?>
<Animl Version="1">
    <ModellingPackage><![CDATA[Maya.2010]]></ModellingPackage>
    <SrcFile><![CDATA[anims\vehicles\red\~src\air\helicopter_mi24hind\heli_mi24hind_takeoff_crewman_b.mb]]></SrcFile>
    <FramesPerSecond>30</FramesPerSecond>
    <TotalFrames>121</TotalFrames>
    <Skeleton>
        <RefFrame>
            <Name><![CDATA[soldier_ref_frame]]></Name>
            <Exclude>0</Exclude>
            <Additive>0</Additive>
            <IKPriority>0</IKPriority>
            <IKRotLimits>-1e+010 -1e+010 -1e+010 1e+010 1e+010 1e+010</IKRotLimits>
            <IKRotLimitOrder>0</IKRotLimitOrder>
            <KeyFrames count="121">
                <i>1 0 0 0 1 0 0 0 1 0 2.45 5.5</i>
                <i>1 0 0 0 1 0 0 0 1 0 2.45 5.5</i>
                <i>1 0 0 0 1 0 0 0 1 0 2.45 5.5</i>
                <i>1 0 0 0 1 0 0 0 1 0 2.45 5.5</i>
                <i>1 0 0 0 1 0 0 0 1 0 2.45 5.5</i>
                <i>1 0 0 0 1 0 0 0 1 0 2.45 5.5</i>
                <i>1 0 0 0 1 0 0 0 1 0 2.45 5.5</i>
                <i>1 0 0 0 1 0 0 0 1 0 2.45 5.5</i>
                <i>1 0 0 0 1 0 0 0 1 0 2.45 5.5</i>
                <i>1 0 0 0 1 0 0 0 1 0 2.45 5.5</i>
                <i>1 0 0 0 1 0 0 0 1 0 2.45 5.5</i>
                <i>1 0 0 0 1 0 0 0 1 0 2.45 5.5</i>
                <i>1 0 0 0 1 0 0 0 1 0 2.45 5.5</i>
                <i>1 0 0 0 1 0 0 0 1 0 2.45 5.5</i>
                <i>1 0 0 0 1 0 0 0 1 0 2.45 5.5</i>
                <i>1 0 0 0 1 0 0 0 1 0 2.45 5.5</i>
                <i>1 0 0 0 1 0 0 0 1 0 2.45 5.5</i>
                <i>1 0 0 0 1 0 0 0 1 0 2.45 5.5</i>
                <i>1 0 0 0 1 0 0 0 1 0 2.45 5.5</i>
                <i>1 0 0 0 1 0 0 0 1 0 2.45 5.5</i>
                <i>1 0 0 0 1 0 0 0 1 0 2.45 5.5</i>
                <i>1 0 0 0 1 0 0 0 1 0 2.45 5.5</i>
                <i>1 0 0 0 1 0 0 0 1 0 2.45 5.5</i>
                <i>1 0 0 0 1 0 0 0 1 0 2.45 5.5</i>
                <i>1 0 0 0 1 0 0 0 1 0 2.45 5.5</i>
                <i>1 0 0 0 1 0 0 0 1 0 2.45 5.5</i>
                <i>1 0 0 0 1 0 0 0 1 0 2.45 5.5</i>
                <i>1 0 0 0 1 0 0 0 1 0 2.45 5.5</i>
                <i>1 0 0 0 1 0 0 0 1 0 2.45 5.5</i>
                <i>1 0 0 0 1 0 0 0 1 0 2.45 5.5</i>
                <i>1 0 0 0 1 0 0 0 1 0 2.45 5.5</i>
                <i>1 0 0 0 1 0 0 0 1 0 2.45 5.5</i>
                <i>1 0 0 0 1 0 0 0 1 0 2.45 5.5</i>
                <i>1 0 0 0 1 0 0 0 1 0 2.45 5.5</i>
                <i>1 0 0 0 1 0 0 0 1 0 2.45 5.5</i>
                <i>1 0 0 0 1 0 0 0 1 0 2.45 5.5</i>
                <i>1 0 0 0 1 0 0 0 1 0 2.45 5.5</i>
                <i>1 0 0 0 1 0 0 0 1 0 2.45 5.5</i>
                <i>1 0 0 0 1 0 0 0 1 0 2.45 5.5</i>
                <i>1 0 0 0 1 0 0 0 1 0 2.45 5.5</i>
                <i>1 0 0 0 1 0 0 0 1 0 2.45 5.5</i>
                <i>1 0 0 0 1 0 0 0 1 0 2.45 5.5</i>
                <i>1 0 0 0 1 0 0 0 1 0 2.45 5.5</i>
                <i>1 0 0 0 1 0 0 0 1 0 2.45 5.5</i>
                <i>1 0 0 0 1 0 0 0 1 0 2.45 5.5</i>
                <i>1 0 0 0 1 0 0 0 1 0 2.45 5.5</i>
                <i>1 0 0 0 1 0 0 0 1 0 2.45 5.5</i>
                <i>1 0 0 0 1 0 0 0 1 0 2.45 5.5</i>
                <i>1 0 0 0 1 0 0 0 1 0 2.45 5.5</i>
                <i>1 0 0 0 1 0 0 0 1 0 2.45 5.5</i>
                <i>1 0 0 0 1 0 0 0 1 0 2.45 5.5</i>
                <i>1 0 0 0 1 0 0 0 1 0 2.45 5.5</i>
                <i>1 0 0 0 1 0 0 0 1 0 2.45 5.5</i>
                <i>1 0 0 0 1 0 0 0 1 0 2.45 5.5</i>
                <i>1 0 0 0 1 0 0 0 1 0 2.45 5.5</i>
                <i>1 0 0 0 1 0 0 0 1 0 2.45 5.5</i>
                <i>1 0 0 0 1 0 0 0 1 0 2.45 5.5</i>
                <i>1 0 0 0 1 0 0 0 1 0 2.45 5.5</i>
                <i>1 0 0 0 1 0 0 0 1 0 2.45 5.5</i>
                <i>1 0 0 0 1 0 0 0 1 0 2.45 5.5</i>
                <i>1 0 0 0 1 0 0 0 1 0 2.45 5.5</i>
                <i>1 0 0 0 1 0 0 0 1 0 2.45 5.5</i>
                <i>1 0 0 0 1 0 0 0 1 0 2.45 5.5</i>
                <i>1 0 0 0 1 0 0 0 1 0 2.45 5.5</i>
                <i>1 0 0 0 1 0 0 0 1 0 2.45 5.5</i>
                <i>1 0 0 0 1 0 0 0 1 0 2.45 5.5</i>
                <i>1 0 0 0 1 0 0 0 1 0 2.45 5.5</i>
                <i>1 0 0 0 1 0 0 0 1 0 2.45 5.5</i>
                <i>1 0 0 0 1 0 0 0 1 0 2.45 5.5</i>
                <i>1 0 0 0 1 0 0 0 1 0 2.45 5.5</i>
                <i>1 0 0 0 1 0 0 0 1 0 2.45 5.5</i>
                <i>1 0 0 0 1 0 0 0 1 0 2.45 5.5</i>
                <i>1 0 0 0 1 0 0 0 1 0 2.45 5.5</i>
                <i>1 0 0 0 1 0 0 0 1 0 2.45 5.5</i>
                <i>1 0 0 0 1 0 0 0 1 0 2.45 5.5</i>
                <i>1 0 0 0 1 0 0 0 1 0 2.45 5.5</i>
                <i>1 0 0 0 1 0 0 0 1 0 2.45 5.5</i>
                <i>1 0 0 0 1 0 0 0 1 0 2.45 5.5</i>
                <i>1 0 0 0 1 0 0 0 1 0 2.45 5.5</i>
                <i>1 0 0 0 1 0 0 0 1 0 2.45 5.5</i>
                <i>1 0 0 0 1 0 0 0 1 0 2.45 5.5</i>
                <i>1 0 0 0 1 0 0 0 1 0 2.45 5.5</i>
                <i>1 0 0 0 1 0 0 0 1 0 2.45 5.5</i>
                <i>1 0 0 0 1 0 0 0 1 0 2.45 5.5</i>
                <i>1 0 0 0 1 0 0 0 1 0 2.45 5.5</i>
                <i>1 0 0 0 1 0 0 0 1 0 2.45 5.5</i>
                <i>1 0 0 0 1 0 0 0 1 0 2.45 5.5</i>
                <i>1 0 0 0 1 0 0 0 1 0 2.45 5.5</i>
                <i>1 0 0 0 1 0 0 0 1 0 2.45 5.5</i>
                <i>1 0 0 0 1 0 0 0 1 0 2.45 5.5</i>
                <i>1 0 0 0 1 0 0 0 1 0 2.45 5.5</i>
                <i>1 0 0 0 1 0 0 0 1 0 2.45 5.5</i>
                <i>1 0 0 0 1 0 0 0 1 0 2.45 5.5</i>
                <i>1 0 0 0 1 0 0 0 1 0 2.45 5.5</i>
                <i>1 0 0 0 1 0 0 0 1 0 2.45 5.5</i>
                <i>1 0 0 0 1 0 0 0 1 0 2.45 5.5</i>
                <i>1 0 0 0 1 0 0 0 1 0 2.45 5.5</i>
                <i>1 0 0 0 1 0 0 0 1 0 2.45 5.5</i>
                <i>1 0 0 0 1 0 0 0 1 0 2.45 5.5</i>
                <i>1 0 0 0 1 0 0 0 1 0 2.45 5.5</i>
                <i>1 0 0 0 1 0 0 0 1 0 2.45 5.5</i>
                <i>1 0 0 0 1 0 0 0 1 0 2.45 5.5</i>
                <i>1 0 0 0 1 0 0 0 1 0 2.45 5.5</i>
                <i>1 0 0 0 1 0 0 0 1 0 2.45 5.5</i>
                <i>1 0 0 0 1 0 0 0 1 0 2.45 5.5</i>
                <i>1 0 0 0 1 0 0 0 1 0 2.45 5.5</i>
                <i>1 0 0 0 1 0 0 0 1 0 2.45 5.5</i>
                <i>1 0 0 0 1 0 0 0 1 0 2.45 5.5</i>
                <i>1 0 0 0 1 0 0 0 1 0 2.45 5.5</i>
                <i>1 0 0 0 1 0 0 0 1 0 2.45 5.5</i>
                <i>1 0 0 0 1 0 0 0 1 0 2.45 5.5</i>
                <i>1 0 0 0 1 0 0 0 1 0 2.45 5.5</i>
                <i>1 0 0 0 1 0 0 0 1 0 2.45 5.5</i>
                <i>1 0 0 0 1 0 0 0 1 0 2.45 5.5</i>
                <i>1 0 0 0 1 0 0 0 1 0 2.45 5.5</i>
                <i>1 0 0 0 1 0 0 0 1 0 2.45 5.5</i>
                <i>1 0 0 0 1 0 0 0 1 0 2.45 5.5</i>
                <i>1 0 0 0 1 0 0 0 1 0 2.45 5.5</i>
                <i>1 0 0 0 1 0 0 0 1 0 2.45 5.5</i>
                <i>1 0 0 0 1 0 0 0 1 0 2.45 5.5</i>
                <i>1 0 0 0 1 0 0 0 1 0 2.45 5.5</i>
            </KeyFrames>
        </RefFrame>
        <Bones count="23">
            <i>
                <p>
                    <Name><![CDATA[pelvis]]></Name>
                    <Exclude>0</Exclude>
                    <Additive>0</Additive>
                    <IKPriority>0</IKPriority>
                    <IKRotLimits>-1e+010 -1e+010 -1e+010 1e+010 1e+010 1e+010</IKRotLimits>
                    <IKRotLimitOrder>2</IKRotLimitOrder>
                    <KeyFrames count="121">
                        <i>1 0 0 0 1 0 0 0 1 0.02 3.44 5.29</i>
                        <i>1 0 0 0 1 0 0 0 1 0.02 3.44 5.29</i>
                        <i>1 0 0 0 1 0 0 0 1 0.02 3.44 5.29</i>
                        <i>1 0 0 0 1 0 0 0 1 0.02 3.44 5.29</i>
                        <i>1 0 0 0 1 0 0 0 1 0.02 3.44 5.29</i>
                        <i>1 0 0 0 1 0 0 0 1 0.02 3.44 5.29</i>
                        <i>1 0 0 0 1 0 0 0 1 0.02 3.44 5.29</i>
                        <i>1 0 0 0 1 0 0 0 1 0.02 3.44 5.29</i>
                        <i>1 0 0 0 1 0 0 0 1 0.02 3.44 5.29</i>
                        <i>1 0 0 0 1 0 0 0 1 0.02 3.44 5.29</i>
                        <i>1 0 0 0 1 0 0 0 1 0.02 3.44 5.29</i>
                        <i>1 0 0 0 1 0 0 0 1 0.02 3.44 5.29</i>
                        <i>1 0 0 0 1 0 0 0 1 0.02 3.44 5.29</i>
                        <i>1 0 0 0 1 0 0 0 1 0.02 3.44 5.29</i>
                        <i>1 0 0 0 1 0 0 0 1 0.02 3.44 5.29</i>
                        <i>1 0 0 0 1 0 0 0 1 0.02 3.44 5.29</i>
                        <i>1 0 0 0 1 0 0 0 1 0.02 3.44 5.29</i>
                        <i>1 0 0 0 1 0 0 0 1 0.02 3.44 5.29</i>
                        <i>1 0 0 0 1 0 0 0 1 0.02 3.44 5.29</i>
                        <i>1 0 0 0 1 0 0 0 1 0.02 3.44 5.29</i>
                        <i>1 0 0 0 1 0 0 0 1 0.02 3.44 5.29</i>
                        <i>1 0 0 0 1 0 0 0 1 0.02 3.44 5.29</i>
                        <i>1 0 0 0 1 0 0 0 1 0.02 3.44 5.29</i>
                        <i>1 0 0 0 1 0 0 0 1 0.02 3.44 5.29</i>
                        <i>1 0 0 0 1 0 0 0 1 0.02 3.44 5.29</i>
                        <i>1 0 0 0 1 0 0 0 1 0.02 3.44 5.29</i>
                        <i>1 0 0 0 1 0 0 0 1 0.02 3.44 5.29</i>
                        <i>1 0 0 0 1 0 0 0 1 0.02 3.44 5.29</i>
                        <i>1 0 0 0 1 0 0 0 1 0.02 3.44 5.29</i>
                        <i>1 0 0 0 1 0 0 0 1 0.02 3.44 5.29</i>
                        <i>1 0 0 0 1 0 0 0 1 0.02 3.44 5.29</i>
                        <i>1 0 0 0 1 0 0 0 1 0.02 3.44 5.29</i>
                        <i>1 0 0 0 1 0 0 0 1 0.02 3.44 5.29</i>
                        <i>1 0 0 0 1 0 0 0 1 0.02 3.44 5.29</i>
                        <i>1 0 0 0 1 0 0 0 1 0.02 3.44 5.29</i>
                        <i>1 0 0 0 1 0 0 0 1 0.02 3.44 5.29</i>
                        <i>1 0 0 0 1 0 0 0 1 0.02 3.44 5.29</i>
                        <i>1 0 0 0 1 0 0 0 1 0.02 3.44 5.29</i>
                        <i>1 0 0 0 1 0 0 0 1 0.02 3.44 5.29</i>
                        <i>1 0 0 0 1 0 0 0 1 0.02 3.44 5.29</i>
                        <i>1 0 0 0 1 0 0 0 1 0.02 3.44 5.29</i>
                        <i>1 0 0 0 1 0 0 0 1 0.02 3.44 5.29</i>
                        <i>1 0 0 0 1 0 0 0 1 0.02 3.44 5.29</i>
                        <i>1 0 0 0 1 0 0 0 1 0.02 3.44 5.29</i>
                        <i>1 0 0 0 1 0 0 0 1 0.02 3.44 5.29</i>
                        <i>1 0 0 0 1 0 0 0 1 0.02 3.44 5.29</i>
                        <i>1 0 0 0 1 0 0 0 1 0.02 3.44 5.29</i>
                        <i>1 0 0 0 1 0 0 0 1 0.02 3.44 5.29</i>
                        <i>1 0 0 0 1 0 0 0 1 0.02 3.44 5.29</i>
                        <i>1 0 0 0 1 0 0 0 1 0.02 3.44 5.29</i>
                        <i>1 0 0 0 1 0 0 0 1 0.02 3.44 5.29</i>
                        <i>1 0 0 0 1 0 0 0 1 0.02 3.44 5.29</i>
                        <i>1 0 0 0 1 0 0 0 1 0.02 3.44 5.29</i>
                        <i>1 0 0 0 1 0 0 0 1 0.02 3.44 5.29</i>
                        <i>1 0 0 0 1 0 0 0 1 0.02 3.44 5.29</i>
                        <i>1 0 0 0 1 0 0 0 1 0.02 3.44 5.29</i>
                        <i>1 0 0 0 1 0 0 0 1 0.02 3.44 5.29</i>
                        <i>1 0 0 0 1 0 0 0 1 0.02 3.44 5.29</i>
                        <i>1 0 0 0 1 0 0 0 1 0.02 3.44 5.29</i>
                        <i>1 0 0 0 1 0 0 0 1 0.02 3.44 5.29</i>
                        <i>1 0 0 0 1 0 0 0 1 0.02 3.44 5.29</i>
                        <i>1 0 0 0 1 0 0 0 1 0.02 3.44 5.29</i>
                        <i>1 0 0 0 1 0 0 0 1 0.02 3.44 5.29</i>
                        <i>1 0 0 0 1 0 0 0 1 0.02 3.44 5.29</i>
                        <i>1 0 0 0 1 0 0 0 1 0.02 3.44 5.29</i>
                        <i>1 0 0 0 1 0 0 0 1 0.02 3.44 5.29</i>
                        <i>1 0 0 0 1 0 0 0 1 0.02 3.44 5.29</i>
                        <i>1 0 0 0 1 0 0 0 1 0.02 3.44 5.29</i>
                        <i>1 0 0 0 1 0 0 0 1 0.02 3.44 5.29</i>
                        <i>1 0 0 0 1 0 0 0 1 0.02 3.44 5.29</i>
                        <i>1 0 0 0 1 0 0 0 1 0.02 3.44 5.29</i>
                        <i>1 0 0 0 1 0 0 0 1 0.02 3.44 5.29</i>
                        <i>1 0 0 0 1 0 0 0 1 0.02 3.44 5.29</i>
                        <i>1 0 0 0 1 0 0 0 1 0.02 3.44 5.29</i>
                        <i>1 0 0 0 1 0 0 0 1 0.02 3.44 5.29</i>
                        <i>1 0 0 0 1 0 0 0 1 0.02 3.44 5.29</i>
                        <i>1 0 0 0 1 0 0 0 1 0.02 3.44 5.29</i>
                        <i>1 0 0 0 1 0 0 0 1 0.02 3.44 5.29</i>
                        <i>1 0 0 0 1 0 0 0 1 0.02 3.44 5.29</i>
                        <i>1 0 0 0 1 0 0 0 1 0.02 3.44 5.29</i>
                        <i>1 0 0 0 1 0 0 0 1 0.02 3.44 5.29</i>
                        <i>1 0 0 0 1 0 0 0 1 0.02 3.44 5.29</i>
                        <i>1 0 0 0 1 0 0 0 1 0.02 3.44 5.29</i>
                        <i>1 0 0 0 1 0 0 0 1 0.02 3.44 5.29</i>
                        <i>1 0 0 0 1 0 0 0 1 0.02 3.44 5.29</i>
                        <i>1 0 0 0 1 0 0 0 1 0.02 3.44 5.29</i>
                        <i>1 0 0 0 1 0 0 0 1 0.02 3.44 5.29</i>
                        <i>1 0 0 0 1 0 0 0 1 0.02 3.44 5.29</i>
                        <i>1 0 0 0 1 0 0 0 1 0.02 3.44 5.29</i>
                        <i>1 0 0 0 1 0 0 0 1 0.02 3.44 5.29</i>
                        <i>1 0 0 0 1 0 0 0 1 0.02 3.44 5.29</i>
                        <i>1 0 0 0 1 0 0 0 1 0.02 3.44 5.29</i>
                        <i>1 0 0 0 1 0 0 0 1 0.02 3.44 5.29</i>
                        <i>1 0 0 0 1 0 0 0 1 0.02 3.44 5.29</i>
                        <i>1 0 0 0 1 0 0 0 1 0.02 3.44 5.29</i>
                        <i>1 0 0 0 1 0 0 0 1 0.02 3.44 5.29</i>
                        <i>1 0 0 0 1 0 0 0 1 0.02 3.44 5.29</i>
                        <i>1 0 0 0 1 0 0 0 1 0.02 3.44 5.29</i>
                        <i>1 0 0 0 1 0 0 0 1 0.02 3.44 5.29</i>
                        <i>1 0 0 0 1 0 0 0 1 0.02 3.44 5.29</i>
                        <i>1 0 0 0 1 0 0 0 1 0.02 3.44 5.29</i>
                        <i>1 0 0 0 1 0 0 0 1 0.02 3.44 5.29</i>
                        <i>1 0 0 0 1 0 0 0 1 0.02 3.44 5.29</i>
                        <i>1 0 0 0 1 0 0 0 1 0.02 3.44 5.29</i>
                        <i>1 0 0 0 1 0 0 0 1 0.02 3.44 5.29</i>
                        <i>1 0 0 0 1 0 0 0 1 0.02 3.44 5.29</i>
                        <i>1 0 0 0 1 0 0 0 1 0.02 3.44 5.29</i>
                        <i>1 0 0 0 1 0 0 0 1 0.02 3.44 5.29</i>
                        <i>1 0 0 0 1 0 0 0 1 0.02 3.44 5.29</i>
                        <i>1 0 0 0 1 0 0 0 1 0.02 3.44 5.29</i>
                        <i>1 0 0 0 1 0 0 0 1 0.02 3.44 5.29</i>
                        <i>1 0 0 0 1 0 0 0 1 0.02 3.44 5.29</i>
                        <i>1 0 0 0 1 0 0 0 1 0.02 3.44 5.29</i>
                        <i>1 0 0 0 1 0 0 0 1 0.02 3.44 5.29</i>
                        <i>1 0 0 0 1 0 0 0 1 0.02 3.44 5.29</i>
                        <i>1 0 0 0 1 0 0 0 1 0.02 3.44 5.29</i>
                        <i>1 0 0 0 1 0 0 0 1 0.02 3.44 5.29</i>
                        <i>1 0 0 0 1 0 0 0 1 0.02 3.44 5.29</i>
                        <i>1 0 0 0 1 0 0 0 1 0.02 3.44 5.29</i>
                        <i>1 0 0 0 1 0 0 0 1 0.02 3.44 5.29</i>
                        <i>1 0 0 0 1 0 0 0 1 0.02 3.44 5.29</i>
                    </KeyFrames>
                </p>
            </i>
            <i>
                <p>
                    <Name><![CDATA[spine0]]></Name>
                    <Exclude>0</Exclude>
                    <Additive>0</Additive>
                    <IKPriority>0</IKPriority>
                    <IKRotLimits>-1e+010 -1e+010 -1e+010 1e+010 1e+010 1e+010</IKRotLimits>
                    <IKRotLimitOrder>0</IKRotLimitOrder>
                    <KeyFrames count="121">
                        <i>0.00760831 0.999289 -0.036935 -0.99979 0.00689794 -0.0193224 -0.0190539 0.0370742 0.999131 0.011132 3.56133 5.21321</i>
                        <i>0.00805178 0.999364 -0.0347429 -0.999784 0.00737962 -0.0194316 -0.0191628 0.0348919 0.999207 0.011132 3.56133 5.21321</i>
                        <i>0.00832278 0.999437 -0.0325016 -0.99978 0.00769143 -0.0195022 -0.0192412 0.0326567 0.999281 0.011132 3.56133 5.21321</i>
                        <i>0.00848123 0.999507 -0.0302214 -0.999778 0.00789248 -0.0195477 -0.0192996 0.0303805 0.999352 0.011132 3.56133 5.21321</i>
                        <i>0.00859318 0.999573 -0.0279157 -0.999776 0.00804802 -0.019583 -0.0193499 0.0280777 0.999418 0.011132 3.56133 5.21321</i>
                        <i>0.00873165 0.999634 -0.0256004 -0.999774 0.0082303 -0.0196243 -0.0194064 0.0257659 0.99948 0.011132 3.56133 5.21321</i>
                        <i>0.00897713 0.999688 -0.0232937 -0.99977 0.00851907 -0.0196897 -0.0194851 0.0234651 0.999535 0.011132 3.56133 5.21321</i>
                        <i>0.0094178 0.999735 -0.0210141 -0.999763 0.0090019 -0.019799 -0.0196046 0.0211956 0.999583 0.011132 3.56133 5.21321</i>
                        <i>0.0101494 0.999772 -0.0187788 -0.999753 0.00977402 -0.0199739 -0.0197858 0.0189769 0.999624 0.011132 3.56133 5.21321</i>
                        <i>0.0112746 0.999799 -0.0166004 -0.999735 0.0109378 -0.0202375 -0.0200518 0.0168242 0.999657 0.011132 3.56133 5.21321</i>
                        <i>0.0129371 0.999812 -0.0144692 -0.999707 0.0126373 -0.0206223 -0.0204356 0.0147318 0.999683 0.011132 3.56133 5.21321</i>
                        <i>0.0151254 0.999809 -0.0123506 -0.999666 0.0148623 -0.0211261 -0.0209385 0.012666 0.999701 0.011132 3.56133 5.21321</i>
                        <i>0.0177064 0.999791 -0.0102163 -0.999611 0.0174812 -0.0217189 -0.0215358 0.0105969 0.999712 0.011132 3.56133 5.21321</i>
                        <i>0.0205366 0.999757 -0.00804788 -0.999543 0.0203521 -0.0223687 -0.0221994 0.00850358 0.999717 0.011132 3.56133 5.21321</i>
                        <i>0.0234643 0.999708 -0.00584216 -0.999462 0.0233239 -0.0230411 -0.0228981 0.00637966 0.999717 0.011132 3.56133 5.21321</i>
                        <i>0.0263323 0.999647 -0.00361528 -0.999375 0.0262395 -0.0237006 -0.0235973 0.00423711 0.999713 0.011132 3.56133 5.21321</i>
                        <i>0.0289822 0.999579 -0.00140214 -0.999285 0.0289396 -0.0243112 -0.0242604 0.00210573 0.999703 0.011132 3.56133 5.21321</i>
                        <i>0.0312575 0.999511 0.000747016 -0.999202 0.0312664 -0.0248373 -0.0248485 2.99327e-005 0.999691 0.011132 3.56133 5.21321</i>
                        <i>0.0330066 0.999451 0.00277437 -0.999134 0.0330663 -0.0252442 -0.0253221 -0.00193874 0.999677 0.011132 3.56133 5.21321</i>
                        <i>0.0340838 0.999408 0.0046257 -0.99909 0.034191 -0.0254985 -0.0256415 -0.00375241 0.999664 0.011132 3.56133 5.21321</i>
                        <i>0.0345817 0.999381 0.00640089 -0.999068 0.0347349 -0.0256214 -0.0258279 -0.00550889 0.999651 0.011132 3.56133 5.21321</i>
                        <i>0.0347373 0.999363 0.0082233 -0.99906 0.034938 -0.0256673 -0.0259382 -0.00732396 0.999637 0.011132 3.56133 5.21321</i>
                        <i>0.0346292 0.999349 0.0100909 -0.999062 0.0348783 -0.0256538 -0.025989 -0.00919306 0.99962 0.011132 3.56133 5.21321</i>
                        <i>0.0343354 0.999338 0.012003 -0.999072 0.0346338 -0.0255985 -0.0259973 -0.0111129 0.9996 0.011132 3.56133 5.21321</i>
                        <i>0.0339305 0.999327 0.013954 -0.999086 0.0342787 -0.0255183 -0.0259794 -0.0130754 0.999577 0.011132 3.56133 5.21321</i>
                        <i>0.033481 0.999312 0.0159288 -0.999102 0.0338793 -0.025428 -0.0259502 -0.0150632 0.99955 0.011132 3.56133 5.21321</i>
                        <i>0.0330422 0.999294 0.0179005 -0.999118 0.0334903 -0.0253401 -0.0259217 -0.0170474 0.999519 0.011132 3.56133 5.21321</i>
                        <i>0.0326546 0.99927 0.0198293 -0.999131 0.0331514 -0.0252634 -0.0259024 -0.0189871 0.999484 0.011132 3.56133 5.21321</i>
                        <i>0.0323422 0.999242 0.0216642 -0.999141 0.0328854 -0.0252033 -0.0258967 -0.0208305 0.999448 0.011132 3.56133 5.21321</i>
                        <i>0.0321114 0.999212 0.0233447 -0.999149 0.0326972 -0.0251608 -0.0259043 -0.0225169 0.999411 0.011132 3.56133 5.21321</i>
                        <i>0.0319515 0.999182 0.024804 -0.999153 0.0325745 -0.0251331 -0.0259205 -0.0239799 0.999376 0.011132 3.56133 5.21321</i>
                        <i>0.0318381 0.999156 0.0259717 -0.999156 0.0324909 -0.0251141 -0.0259368 -0.0251502 0.999347 0.011132 3.56133 5.21321</i>
                        <i>0.0317375 0.999137 0.0267774 -0.99916 0.0324108 -0.025096 -0.0259423 -0.0259585 0.999326 0.011132 3.56133 5.21321</i>
                        <i>0.0316142 0.999131 0.0271522 -0.999164 0.0322965 -0.0250702 -0.0259254 -0.026337 0.999317 0.011132 3.56133 5.21321</i>
                        <i>0.0314396 0.99914 0.0270307 -0.999171 0.0321177 -0.0250298 -0.0258764 -0.0262214 0.999321 0.011132 3.56133 5.21321</i>
                        <i>0.031231 0.999157 0.0266321 -0.999179 0.0318975 -0.02498 -0.0258084 -0.02583 0.999333 0.011132 3.56133 5.21321</i>
                        <i>0.0310168 0.999175 0.0262168 -0.999187 0.0316713 -0.0249289 -0.0257386 -0.0254223 0.999345 0.011132 3.56133 5.21321</i>
                        <i>0.0307971 0.999193 0.0257852 -0.999196 0.0314392 -0.0248764 -0.025667 -0.0249984 0.999358 0.011132 3.56133 5.21321</i>
                        <i>0.0305721 0.999211 0.0253376 -0.999205 0.0312013 -0.0248226 -0.0255936 -0.0245586 0.999371 0.011132 3.56133 5.21321</i>
                        <i>0.0303416 0.99923 0.0248742 -0.999214 0.0309576 -0.0247675 -0.0255185 -0.0241032 0.999384 0.011132 3.56133 5.21321</i>
                        <i>0.0301059 0.999249 0.0243953 -0.999223 0.0307084 -0.0247112 -0.0254417 -0.0236324 0.999397 0.011132 3.56133 5.21321</i>
                        <i>0.0298649 0.999268 0.0239012 -0.999232 0.0304535 -0.0246535 -0.0253634 -0.0231466 0.99941 0.011132 3.56133 5.21321</i>
                        <i>0.029619 0.999287 0.0233922 -0.999241 0.0301933 -0.0245947 -0.0252835 -0.022646 0.999424 0.011132 3.56133 5.21321</i>
                        <i>0.0293681 0.999307 0.0228685 -0.999251 0.0299279 -0.0245347 -0.0252021 -0.0221308 0.999437 0.011132 3.56133 5.21321</i>
                        <i>0.0291124 0.999327 0.0223306 -0.99926 0.0296573 -0.0244735 -0.0251193 -0.0216016 0.999451 0.011132 3.56133 5.21321</i>
                        <i>0.028852 0.999346 0.0217785 -0.99927 0.0293818 -0.0244112 -0.0250351 -0.0210583 0.999465 0.011132 3.56133 5.21321</i>
                        <i>0.0285872 0.999366 0.0212127 -0.99928 0.0291015 -0.0243478 -0.0249497 -0.0205014 0.999478 0.011132 3.56133 5.21321</i>
                        <i>0.028318 0.999386 0.0206334 -0.99929 0.0288166 -0.0242834 -0.0248631 -0.0199311 0.999492 0.011132 3.56133 5.21321</i>
                        <i>0.0280446 0.999406 0.0200411 -0.9993 0.0285272 -0.024218 -0.0247753 -0.0193478 0.999506 0.011132 3.56133 5.21321</i>
                        <i>0.0277672 0.999425 0.0194358 -0.99931 0.0282337 -0.0241516 -0.0246864 -0.0187517 0.999519 0.011132 3.56133 5.21321</i>
                        <i>0.027486 0.999445 0.018818 -0.99932 0.027936 -0.0240843 -0.0245966 -0.0181432 0.999533 0.011132 3.56133 5.21321</i>
                        <i>0.0272012 0.999465 0.0181879 -0.99933 0.0276346 -0.0240161 -0.0245058 -0.0175224 0.999546 0.011132 3.56133 5.21321</i>
                        <i>0.0269129 0.999484 0.0175459 -0.99934 0.0273295 -0.0239471 -0.0244143 -0.0168898 0.999559 0.011132 3.56133 5.21321</i>
                        <i>0.0266214 0.999503 0.0168923 -0.99935 0.0270209 -0.0238773 -0.0243219 -0.0162457 0.999572 0.011132 3.56133 5.21321</i>
                        <i>0.0263269 0.999522 0.0162273 -0.99936 0.0267092 -0.0238068 -0.0242288 -0.0155902 0.999585 0.011132 3.56133 5.21321</i>
                        <i>0.0260295 0.99954 0.0155514 -0.99937 0.0263944 -0.0237356 -0.0241352 -0.0149238 0.999597 0.011132 3.56133 5.21321</i>
                        <i>0.0257295 0.999558 0.0148647 -0.99938 0.0260768 -0.0236638 -0.024041 -0.0142467 0.999609 0.011132 3.56133 5.21321</i>
                        <i>0.0254271 0.999576 0.0141677 -0.99939 0.0257567 -0.0235914 -0.0239463 -0.0135592 0.999621 0.011132 3.56133 5.21321</i>
                        <i>0.0251224 0.999594 0.0134606 -0.9994 0.0254342 -0.0235184 -0.0238512 -0.0128616 0.999633 0.011132 3.56133 5.21321</i>
                        <i>0.0248157 0.999611 0.0127437 -0.99941 0.0251096 -0.023445 -0.0237559 -0.0121544 0.999644 0.011132 3.56133 5.21321</i>
                        <i>0.0245072 0.999627 0.0120173 -0.99942 0.0247831 -0.0233712 -0.0236603 -0.0114376 0.999655 0.011132 3.56133 5.21321</i>
                        <i>0.0241971 0.999644 0.0112819 -0.999429 0.0244549 -0.0232969 -0.0235645 -0.0107117 0.999665 0.011132 3.56133 5.21321</i>
                        <i>0.0238856 0.999659 0.0105376 -0.999439 0.0241252 -0.0232223 -0.0234686 -0.00997702 0.999675 0.011132 3.56133 5.21321</i>
                        <i>0.0235729 0.999674 0.00978485 -0.999449 0.0237942 -0.0231474 -0.0233727 -0.00923381 0.999684 0.011132 3.56133 5.21321</i>
                        <i>0.0232592 0.999689 0.00902391 -0.999458 0.0234621 -0.0230723 -0.0232769 -0.00848238 0.999693 0.011132 3.56133 5.21321</i>
                        <i>0.0229447 0.999703 0.00825511 -0.999468 0.0231292 -0.022997 -0.0231811 -0.00772306 0.999701 0.011132 3.56133 5.21321</i>
                        <i>0.0226296 0.999716 0.0074788 -0.999477 0.0227957 -0.0229216 -0.0230855 -0.00695618 0.999709 0.011132 3.56133 5.21321</i>
                        <i>0.0223141 0.999729 0.00669525 -0.999487 0.0224617 -0.022846 -0.0229902 -0.00618202 0.999717 0.011132 3.56133 5.21321</i>
                        <i>0.0219984 0.999741 0.00590482 -0.999496 0.0221275 -0.0227704 -0.0228951 -0.00540094 0.999723 0.011132 3.56133 5.21321</i>
                        <i>0.0216826 0.999752 0.00510781 -0.999505 0.0217932 -0.0226947 -0.0228004 -0.0046132 0.999729 0.011132 3.56133 5.21321</i>
                        <i>0.021367 0.999762 0.00430458 -0.999514 0.021459 -0.0226191 -0.0227061 -0.00381919 0.999735 0.011132 3.56133 5.21321</i>
                        <i>0.0210516 0.999772 0.00349538 -0.999523 0.0211252 -0.0225436 -0.0226123 -0.00301913 0.99974 0.011132 3.56133 5.21321</i>
                        <i>0.0207368 0.999781 0.00268061 -0.999531 0.0207918 -0.0224682 -0.022519 -0.00221344 0.999744 0.011132 3.56133 5.21321</i>
                        <i>0.0204225 0.99979 0.00186053 -0.99954 0.0204591 -0.0223929 -0.0224262 -0.00140236 0.999748 0.011132 3.56133 5.21321</i>
                        <i>0.0201091 0.999797 0.00103553 -0.999548 0.0201272 -0.0223178 -0.0223341 -0.000586275 0.99975 0.011132 3.56133 5.21321</i>
                        <i>0.0197966 0.999804 0.000205872 -0.999557 0.0197963 -0.0222429 -0.0222426 0.000234553 0.999753 0.011132 3.56133 5.21321</i>
                        <i>0.0194852 0.99981 -0.000628084 -0.999565 0.0194665 -0.0221683 -0.0221518 0.00105976 0.999754 0.011132 3.56133 5.21321</i>
                        <i>0.0191751 0.999815 -0.00146608 -0.999573 0.019138 -0.0220939 -0.0220618 0.0018891 0.999755 0.011132 3.56133 5.21321</i>
                        <i>0.0188662 0.999819 -0.00230769 -0.999581 0.0188109 -0.0220199 -0.0219725 0.00272216 0.999755 0.011132 3.56133 5.21321</i>
                        <i>0.0185589 0.999823 -0.00315269 -0.999588 0.0184853 -0.0219462 -0.021884 0.00355869 0.999754 0.011132 3.56133 5.21321</i>
                        <i>0.0182531 0.999825 -0.00400074 -0.999596 0.0181614 -0.0218729 -0.0217964 0.00439837 0.999753 0.011132 3.56133 5.21321</i>
                        <i>0.017949 0.999827 -0.00485147 -0.999603 0.0178392 -0.0218 -0.0217096 0.00524083 0.999751 0.011132 3.56133 5.21321</i>
                        <i>0.0176467 0.999828 -0.00570461 -0.99961 0.0175189 -0.0217275 -0.0216238 0.0060858 0.999748 0.011132 3.56133 5.21321</i>
                        <i>0.0173463 0.999828 -0.00655984 -0.999618 0.0172006 -0.0216554 -0.0215388 0.00693297 0.999744 0.011132 3.56133 5.21321</i>
                        <i>0.0170478 0.999827 -0.00741682 -0.999624 0.0168843 -0.0215838 -0.0214548 0.007782 0.99974 0.011132 3.56133 5.21321</i>
                        <i>0.0167514 0.999825 -0.00827524 -0.999631 0.0165701 -0.0215127 -0.0213718 0.00863256 0.999734 0.011132 3.56133 5.21321</i>
                        <i>0.0164571 0.999823 -0.00913481 -0.999638 0.0162581 -0.0214421 -0.0212898 0.00948438 0.999728 0.011132 3.56133 5.21321</i>
                        <i>0.0161649 0.999819 -0.00999522 -0.999644 0.0159484 -0.021372 -0.0212087 0.0103371 0.999722 0.011132 3.56133 5.21321</i>
                        <i>0.0158749 0.999815 -0.0108561 -0.999651 0.015641 -0.0213024 -0.0211286 0.0111905 0.999714 0.011132 3.56133 5.21321</i>
                        <i>0.0155871 0.99981 -0.0117172 -0.999657 0.0153359 -0.0212333 -0.0210496 0.0120442 0.999706 0.011132 3.56133 5.21321</i>
                        <i>0.0153017 0.999804 -0.0125783 -0.999663 0.0150332 -0.0211648 -0.0209715 0.0128979 0.999697 0.011132 3.56133 5.21321</i>
                        <i>0.0150185 0.999797 -0.0134389 -0.999669 0.014733 -0.0210968 -0.0208945 0.0137513 0.999687 0.011132 3.56133 5.21321</i>
                        <i>0.0147376 0.999789 -0.0142988 -0.999675 0.0144351 -0.0210294 -0.0208185 0.0146041 0.999677 0.011132 3.56133 5.21321</i>
                        <i>0.014459 0.999781 -0.0151577 -0.99968 0.0141398 -0.0209625 -0.0207436 0.015456 0.999665 0.011132 3.56133 5.21321</i>
                        <i>0.0141827 0.999771 -0.0160154 -0.999686 0.0138468 -0.0208962 -0.0206696 0.0163067 0.999653 0.011132 3.56133 5.21321</i>
                        <i>0.0139088 0.999761 -0.0168714 -0.999691 0.0135563 -0.0208304 -0.0205967 0.0171559 0.999641 0.011132 3.56133 5.21321</i>
                        <i>0.0136371 0.99975 -0.0177255 -0.999696 0.0132682 -0.0207652 -0.0205248 0.0180033 0.999627 0.011132 3.56133 5.21321</i>
                        <i>0.0133676 0.999738 -0.0185774 -0.999701 0.0129824 -0.0207005 -0.0204539 0.0188486 0.999613 0.011132 3.56133 5.21321</i>
                        <i>0.0131003 0.999725 -0.0194269 -0.999706 0.0126991 -0.0206363 -0.0203839 0.0196915 0.999598 0.011132 3.56133 5.21321</i>
                        <i>0.0128352 0.999712 -0.0202736 -0.999711 0.012418 -0.0205727 -0.020315 0.0205318 0.999583 0.011132 3.56133 5.21321</i>
                        <i>0.0125722 0.999698 -0.0211172 -0.999716 0.0121392 -0.0205095 -0.020247 0.0213691 0.999567 0.011132 3.56133 5.21321</i>
                        <i>0.0123113 0.999683 -0.0219576 -0.999721 0.0118626 -0.0204469 -0.02018 0.0222031 0.99955 0.011132 3.56133 5.21321</i>
                        <i>0.0120523 0.999668 -0.0227943 -0.999725 0.0115882 -0.0203848 -0.0201138 0.0230337 0.999532 0.011132 3.56133 5.21321</i>
                        <i>0.0117952 0.999651 -0.0236271 -0.999729 0.0113158 -0.0203231 -0.0200486 0.0238604 0.999514 0.011132 3.56133 5.21321</i>
                        <i>0.0115399 0.999634 -0.0244558 -0.999734 0.0110454 -0.0202618 -0.0199843 0.0246831 0.999496 0.011132 3.56133 5.21321</i>
                        <i>0.0112864 0.999617 -0.0252801 -0.999738 0.0107769 -0.020201 -0.0199208 0.0255014 0.999476 0.011132 3.56133 5.21321</i>
                        <i>0.0110345 0.999598 -0.0260996 -0.999742 0.0105102 -0.0201406 -0.0198582 0.0263151 0.999456 0.011132 3.56133 5.21321</i>
                        <i>0.0107841 0.99958 -0.0269142 -0.999746 0.0102452 -0.0200806 -0.0197964 0.0271239 0.999436 0.011132 3.56133 5.21321</i>
                        <i>0.010535 0.99956 -0.0277236 -0.99975 0.00998175 -0.020021 -0.0197354 0.0279276 0.999415 0.011132 3.56133 5.21321</i>
                        <i>0.0102873 0.99954 -0.0285275 -0.999753 0.00971982 -0.0199616 -0.0196752 0.0287258 0.999394 0.011132 3.56133 5.21321</i>
                        <i>0.0100408 0.999519 -0.0293256 -0.999757 0.00945924 -0.0199026 -0.0196156 0.0295183 0.999372 0.011132 3.56133 5.21321</i>
                        <i>0.00979527 0.999498 -0.0301178 -0.999761 0.00919989 -0.0198439 -0.0195568 0.0303049 0.999349 0.011132 3.56133 5.21321</i>
                        <i>0.00955066 0.999477 -0.0309036 -0.999764 0.00894164 -0.0197854 -0.0194987 0.0310853 0.999327 0.011132 3.56133 5.21321</i>
                        <i>0.0093068 0.999455 -0.031683 -0.999768 0.00868436 -0.0197271 -0.0194412 0.0318592 0.999303 0.011132 3.56133 5.21321</i>
                        <i>0.00906355 0.999432 -0.0324555 -0.999771 0.0084279 -0.019669 -0.0193843 0.0326264 0.99928 0.011132 3.56133 5.21321</i>
                        <i>0.00882077 0.999409 -0.0332211 -0.999774 0.00817211 -0.0196111 -0.019328 0.0333866 0.999256 0.011132 3.56133 5.21321</i>
                        <i>0.00857831 0.999386 -0.0339794 -0.999777 0.00791685 -0.0195532 -0.0192722 0.0341396 0.999231 0.011132 3.56133 5.21321</i>
                        <i>0.00833599 0.999362 -0.0347302 -0.999781 0.00766196 -0.0194955 -0.019217 0.0348851 0.999207 0.011132 3.56133 5.21321</i>
                        <i>0.00809366 0.999338 -0.0354732 -0.999784 0.00740729 -0.0194378 -0.0191622 0.0356229 0.999182 0.011132 3.56133 5.21321</i>
                        <i>0.00785115 0.999313 -0.0362083 -0.999787 0.00715266 -0.0193801 -0.0191078 0.0363527 0.999156 0.011132 3.56133 5.21321</i>
                        <i>0.00760831 0.999289 -0.036935 -0.99979 0.00689794 -0.0193224 -0.0190539 0.0370742 0.999131 0.011132 3.56133 5.21321</i>
                    </KeyFrames>
                </p>
            </i>
            <i>
                <p>
                    <Name><![CDATA[spine1]]></Name>
                    <Exclude>0</Exclude>
                    <Additive>0</Additive>
                    <IKPriority>0</IKPriority>
                    <IKRotLimits>-1e+010 -1e+010 -1e+010 1e+010 1e+010 1e+010</IKRotLimits>
                    <IKRotLimitOrder>0</IKRotLimitOrder>
                    <KeyFrames count="121">
                        <i>0.0314631 0.922509 0.38469 -0.993746 0.0701272 -0.0868925 -0.107136 -0.37955 0.918947 0.0125316 3.74497 5.20635</i>
                        <i>0.0317068 0.922196 0.38542 -0.993006 0.0729405 -0.0928348 -0.113725 -0.379781 0.918059 0.012612 3.74485 5.20676</i>
                        <i>0.0318092 0.922024 0.385824 -0.992223 0.0756065 -0.098877 -0.120338 -0.379678 0.917259 0.0126605 3.74471 5.20717</i>
                        <i>0.0318341 0.921924 0.386061 -0.991383 0.0782315 -0.105071 -0.127069 -0.37939 0.91647 0.0126882 3.74456 5.2076</i>
                        <i>0.0318485 0.921826 0.386293 -0.990467 0.0809304 -0.111467 -0.134016 -0.379061 0.915616 0.0127073 3.74441 5.20803</i>
                        <i>0.031923 0.921659 0.386684 -0.989455 0.0838272 -0.118116 -0.141278 -0.378836 0.914617 0.0127314 3.74428 5.20846</i>
                        <i>0.0321318 0.921351 0.387401 -0.988321 0.0870556 -0.12507 -0.148959 -0.378858 0.913388 0.0127752 3.74416 5.20888</i>
                        <i>0.0325504 0.920827 0.388611 -0.987036 0.0907572 -0.132378 -0.157166 -0.379263 0.911843 0.012855 3.74409 5.2093</i>
                        <i>0.0332525 0.92001 0.390481 -0.985564 0.0950789 -0.140087 -0.166008 -0.380185 0.90989 0.0129883 3.74406 5.20971</i>
                        <i>0.0343056 0.918822 0.393178 -0.983865 0.100169 -0.148241 -0.175591 -0.381749 0.907434 0.0131942 3.74408 5.21011</i>
                        <i>0.0356508 0.917138 0.396973 -0.98182 0.106248 -0.157294 -0.186438 -0.384148 0.904252 0.0134994 3.74419 5.2105</i>
                        <i>0.0371341 0.914964 0.401823 -0.979376 0.113235 -0.167331 -0.198602 -0.387322 0.900299 0.0139023 3.74436 5.21088</i>
                        <i>0.0386765 0.912422 0.407419 -0.976615 0.120809 -0.177842 -0.211487 -0.391014 0.895758 0.0143789 3.74458 5.21127</i>
                        <i>0.0402189 0.909635 0.413458 -0.973643 0.12865 -0.188329 -0.224502 -0.394986 0.890834 0.0149032 3.74484 5.21166</i>
                        <i>0.0417348 0.906729 0.419645 -0.970595 0.136454 -0.198309 -0.237074 -0.399028 0.885761 0.0154472 3.74511 5.21206</i>
                        <i>0.0432358 0.903831 0.4257 -0.967626 0.143936 -0.207323 -0.248658 -0.402954 0.880793 0.0159817 3.74537 5.21247</i>
                        <i>0.0447718 0.901068 0.43136 -0.964911 0.150836 -0.21493 -0.258731 -0.406602 0.876204 0.0164769 3.74561 5.21287</i>
                        <i>0.0464244 0.898566 0.436376 -0.962634 0.156918 -0.220708 -0.266796 -0.409824 0.872275 0.0169029 3.7458 5.21327</i>
                        <i>0.0482955 0.896452 0.440501 -0.960981 0.16196 -0.224241 -0.272365 -0.412484 0.869295 0.0172305 3.74593 5.21364</i>
                        <i>0.0504904 0.894857 0.443489 -0.960133 0.165738 -0.225111 -0.274944 -0.414442 0.86755 0.0174316 3.74599 5.21398</i>
                        <i>0.0531678 0.893628 0.445648 -0.960168 0.168345 -0.223019 -0.274319 -0.416039 0.866984 0.0175234 3.74598 5.21431</i>
                        <i>0.0563698 0.892524 0.447464 -0.960962 0.170096 -0.218219 -0.270878 -0.417695 0.867269 0.0175506 3.74593 5.21465</i>
                        <i>0.0600087 0.891547 0.448935 -0.962378 0.171073 -0.211097 -0.265004 -0.419378 0.868272 0.017528 3.74585 5.21499</i>
                        <i>0.0639884 0.890704 0.450058 -0.96427 0.17136 -0.202038 -0.257078 -0.421049 0.869844 0.0174703 3.74575 5.21535</i>
                        <i>0.0682051 0.889997 0.450836 -0.966489 0.171038 -0.191431 -0.247483 -0.422671 0.871838 0.0173913 3.74562 5.21571</i>
                        <i>0.0725487 0.88943 0.451277 -0.968893 0.170192 -0.179672 -0.236609 -0.424204 0.874109 0.0173037 3.74548 5.21607</i>
                        <i>0.0769045 0.889002 0.4514 -0.971352 0.168909 -0.167168 -0.224858 -0.425612 0.876524 0.0172179 3.74533 5.21643</i>
                        <i>0.0811545 0.888709 0.451232 -0.973755 0.167282 -0.154334 -0.212641 -0.426864 0.87896 0.0171415 3.74517 5.21678</i>
                        <i>0.0851793 0.888545 0.450813 -0.976008 0.165404 -0.141597 -0.200381 -0.427936 0.881316 0.017079 3.74501 5.21712</i>
                        <i>0.0888601 0.888499 0.450193 -0.978042 0.163376 -0.12939 -0.188513 -0.42881 0.883507 0.0170318 3.74486 5.21742</i>
                        <i>0.0920791 0.888558 0.449429 -0.979808 0.161296 -0.118153 -0.177477 -0.429475 0.885468 0.0169981 3.74472 5.21769</i>
                        <i>0.0947216 0.888705 0.448588 -0.981274 0.159269 -0.10833 -0.16772 -0.429927 0.887149 0.0169735 3.74459 5.2179</i>
                        <i>0.0966762 0.888922 0.44774 -0.982422 0.157398 -0.100367 -0.159692 -0.430166 0.888513 0.016952 3.7445 5.21805</i>
                        <i>0.097835 0.889192 0.446953 -0.98324 0.155788 -0.0947076 -0.153843 -0.430196 0.88953 0.0169274 3.74443 5.21812</i>
                        <i>0.0980941 0.889495 0.446291 -0.983713 0.154541 -0.0917944 -0.150621 -0.430018 0.890167 0.0168944 3.7444 5.21809</i>
                        <i>0.0978547 0.889813 0.44571 -0.984 0.15351 -0.0904314 -0.148888 -0.42973 0.890598 0.0168558 3.74439 5.21802</i>
                        <i>0.0975862 0.890135 0.445126 -0.98428 0.152478 -0.0891294 -0.147209 -0.42943 0.891021 0.0168163 3.74439 5.21794</i>
                        <i>0.097289 0.890461 0.444538 -0.984551 0.151444 -0.0878873 -0.145583 -0.42912 0.891438 0.0167757 3.74438 5.21786</i>
                        <i>0.0969639 0.890791 0.443947 -0.984814 0.150409 -0.0867041 -0.144009 -0.428798 0.891848 0.0167342 3.74437 5.21778</i>
                        <i>0.0966115 0.891126 0.443353 -0.98507 0.149374 -0.0855787 -0.142487 -0.428466 0.892253 0.0166917 3.74437 5.2177</i>
                        <i>0.0962324 0.891463 0.442755 -0.985319 0.148337 -0.08451 -0.141015 -0.428123 0.892651 0.0166483 3.74436 5.21761</i>
                        <i>0.0958273 0.891805 0.442155 -0.985561 0.147299 -0.0834971 -0.139592 -0.427769 0.893044 0.016604 3.74436 5.21752</i>
