<?xml version="1.0" encoding="ISO-8859-1" ?>
<Animl Version="1">
    <ModellingPackage><![CDATA[Maya.2010]]></ModellingPackage>
    <SrcFile><![CDATA[anims\vehicles\red\~src\air\helicopter_mi8hip\mi8hip_exit_crewman_a.mb]]></SrcFile>
    <FramesPerSecond>30</FramesPerSecond>
    <TotalFrames>121</TotalFrames>
    <Skeleton>
        <RefFrame>
            <Name><![CDATA[soldier_ref_frame]]></Name>
            <Exclude>0</Exclude>
            <Additive>0</Additive>
            <IKPriority>0</IKPriority>
            <IKRotLimits>-1e+010 -1e+010 -1e+010 1e+010 1e+010 1e+010</IKRotLimits>
            <IKRotLimitOrder>0</IKRotLimitOrder>
            <KeyFrames count="121">
                <i>1 0 0 0 1 0 0 0 1 1.9 0 4.73</i>
                <i>1 0 0 0 1 0 0 0 1 1.9 0 4.73</i>
                <i>1 0 0 0 1 0 0 0 1 1.9 0 4.73</i>
                <i>1 0 0 0 1 0 0 0 1 1.9 0 4.73</i>
                <i>1 0 0 0 1 0 0 0 1 1.9 0 4.73</i>
                <i>1 0 0 0 1 0 0 0 1 1.9 0 4.73</i>
                <i>1 0 0 0 1 0 0 0 1 1.9 0 4.73</i>
                <i>1 0 0 0 1 0 0 0 1 1.9 0 4.73</i>
                <i>1 0 0 0 1 0 0 0 1 1.9 0 4.73</i>
                <i>1 0 0 0 1 0 0 0 1 1.9 0 4.73</i>
                <i>1 0 0 0 1 0 0 0 1 1.9 0 4.73</i>
                <i>1 0 0 0 1 0 0 0 1 1.9 0 4.73</i>
                <i>1 0 0 0 1 0 0 0 1 1.9 0 4.73</i>
                <i>1 0 0 0 1 0 0 0 1 1.9 0 4.73</i>
                <i>1 0 0 0 1 0 0 0 1 1.9 0 4.73</i>
                <i>1 0 0 0 1 0 0 0 1 1.9 0 4.73</i>
                <i>1 0 0 0 1 0 0 0 1 1.9 0 4.73</i>
                <i>1 0 0 0 1 0 0 0 1 1.9 0 4.73</i>
                <i>1 0 0 0 1 0 0 0 1 1.9 0 4.73</i>
                <i>1 0 0 0 1 0 0 0 1 1.9 0 4.73</i>
                <i>1 0 0 0 1 0 0 0 1 1.9 0 4.73</i>
                <i>1 0 0 0 1 0 0 0 1 1.9 0 4.73</i>
                <i>1 0 0 0 1 0 0 0 1 1.9 0 4.73</i>
                <i>1 0 0 0 1 0 0 0 1 1.9 0 4.73</i>
                <i>1 0 0 0 1 0 0 0 1 1.9 0 4.73</i>
                <i>1 0 0 0 1 0 0 0 1 1.9 0 4.73</i>
                <i>1 0 0 0 1 0 0 0 1 1.9 0 4.73</i>
                <i>1 0 0 0 1 0 0 0 1 1.9 0 4.73</i>
                <i>1 0 0 0 1 0 0 0 1 1.9 0 4.73</i>
                <i>1 0 0 0 1 0 0 0 1 1.9 0 4.73</i>
                <i>1 0 0 0 1 0 0 0 1 1.9 0 4.73</i>
                <i>1 0 0 0 1 0 0 0 1 1.9 0 4.73</i>
                <i>1 0 0 0 1 0 0 0 1 1.9 0 4.73</i>
                <i>1 0 0 0 1 0 0 0 1 1.9 0 4.73</i>
                <i>1 0 0 0 1 0 0 0 1 1.9 0 4.73</i>
                <i>1 0 0 0 1 0 0 0 1 1.9 0 4.73</i>
                <i>1 0 0 0 1 0 0 0 1 1.9 0 4.73</i>
                <i>1 0 0 0 1 0 0 0 1 1.9 0 4.73</i>
                <i>1 0 0 0 1 0 0 0 1 1.9 0 4.73</i>
                <i>1 0 0 0 1 0 0 0 1 1.9 0 4.73</i>
                <i>1 0 0 0 1 0 0 0 1 1.9 0 4.73</i>
                <i>1 0 0 0 1 0 0 0 1 1.9 0 4.73</i>
                <i>1 0 0 0 1 0 0 0 1 1.9 0 4.73</i>
                <i>1 0 0 0 1 0 0 0 1 1.9 0 4.73</i>
                <i>1 0 0 0 1 0 0 0 1 1.9 0 4.73</i>
                <i>1 0 0 0 1 0 0 0 1 1.9 0 4.73</i>
                <i>1 0 0 0 1 0 0 0 1 1.9 0 4.73</i>
                <i>1 0 0 0 1 0 0 0 1 1.9 0 4.73</i>
                <i>1 0 0 0 1 0 0 0 1 1.9 0 4.73</i>
                <i>1 0 0 0 1 0 0 0 1 1.9 0 4.73</i>
                <i>1 0 0 0 1 0 0 0 1 1.9 0 4.73</i>
                <i>1 0 0 0 1 0 0 0 1 1.9 0 4.73</i>
                <i>1 0 0 0 1 0 0 0 1 1.9 0 4.73</i>
                <i>1 0 0 0 1 0 0 0 1 1.9 0 4.73</i>
                <i>1 0 0 0 1 0 0 0 1 1.9 0 4.73</i>
                <i>1 0 0 0 1 0 0 0 1 1.9 0 4.73</i>
                <i>1 0 0 0 1 0 0 0 1 1.9 0 4.73</i>
                <i>1 0 0 0 1 0 0 0 1 1.9 0 4.73</i>
                <i>1 0 0 0 1 0 0 0 1 1.9 0 4.73</i>
                <i>1 0 0 0 1 0 0 0 1 1.9 0 4.73</i>
                <i>1 0 0 0 1 0 0 0 1 1.9 0 4.73</i>
                <i>1 0 0 0 1 0 0 0 1 1.9 0 4.73</i>
                <i>1 0 0 0 1 0 0 0 1 1.9 0 4.73</i>
                <i>1 0 0 0 1 0 0 0 1 1.9 0 4.73</i>
                <i>1 0 0 0 1 0 0 0 1 1.9 0 4.73</i>
                <i>1 0 0 0 1 0 0 0 1 1.9 0 4.73</i>
                <i>1 0 0 0 1 0 0 0 1 1.9 0 4.73</i>
                <i>1 0 0 0 1 0 0 0 1 1.9 0 4.73</i>
                <i>1 0 0 0 1 0 0 0 1 1.9 0 4.73</i>
                <i>1 0 0 0 1 0 0 0 1 1.9 0 4.73</i>
                <i>1 0 0 0 1 0 0 0 1 1.9 0 4.73</i>
                <i>1 0 0 0 1 0 0 0 1 1.9 0 4.73</i>
                <i>1 0 0 0 1 0 0 0 1 1.9 0 4.73</i>
                <i>1 0 0 0 1 0 0 0 1 1.9 0 4.73</i>
                <i>1 0 0 0 1 0 0 0 1 1.9 0 4.73</i>
                <i>1 0 0 0 1 0 0 0 1 1.9 0 4.73</i>
                <i>1 0 0 0 1 0 0 0 1 1.9 0 4.73</i>
                <i>1 0 0 0 1 0 0 0 1 1.9 0 4.73</i>
                <i>1 0 0 0 1 0 0 0 1 1.9 0 4.73</i>
                <i>1 0 0 0 1 0 0 0 1 1.9 0 4.73</i>
                <i>1 0 0 0 1 0 0 0 1 1.9 0 4.73</i>
                <i>1 0 0 0 1 0 0 0 1 1.9 0 4.73</i>
                <i>1 0 0 0 1 0 0 0 1 1.9 0 4.73</i>
                <i>1 0 0 0 1 0 0 0 1 1.9 0 4.73</i>
                <i>1 0 0 0 1 0 0 0 1 1.9 0 4.73</i>
                <i>1 0 0 0 1 0 0 0 1 1.9 0 4.73</i>
                <i>1 0 0 0 1 0 0 0 1 1.9 0 4.73</i>
                <i>1 0 0 0 1 0 0 0 1 1.9 0 4.73</i>
                <i>1 0 0 0 1 0 0 0 1 1.9 0 4.73</i>
                <i>1 0 0 0 1 0 0 0 1 1.9 0 4.73</i>
                <i>1 0 0 0 1 0 0 0 1 1.9 0 4.73</i>
                <i>1 0 0 0 1 0 0 0 1 1.9 0 4.73</i>
                <i>1 0 0 0 1 0 0 0 1 1.9 0 4.73</i>
                <i>1 0 0 0 1 0 0 0 1 1.9 0 4.73</i>
                <i>1 0 0 0 1 0 0 0 1 1.9 0 4.73</i>
                <i>1 0 0 0 1 0 0 0 1 1.9 0 4.73</i>
                <i>1 0 0 0 1 0 0 0 1 1.9 0 4.73</i>
                <i>1 0 0 0 1 0 0 0 1 1.9 0 4.73</i>
                <i>1 0 0 0 1 0 0 0 1 1.9 0 4.73</i>
                <i>1 0 0 0 1 0 0 0 1 1.9 0 4.73</i>
                <i>1 0 0 0 1 0 0 0 1 1.9 0 4.73</i>
                <i>1 0 0 0 1 0 0 0 1 1.9 0 4.73</i>
                <i>1 0 0 0 1 0 0 0 1 1.9 0 4.73</i>
                <i>1 0 0 0 1 0 0 0 1 1.9 0 4.73</i>
                <i>1 0 0 0 1 0 0 0 1 1.9 0 4.73</i>
                <i>1 0 0 0 1 0 0 0 1 1.9 0 4.73</i>
                <i>1 0 0 0 1 0 0 0 1 1.9 0 4.73</i>
                <i>1 0 0 0 1 0 0 0 1 1.9 0 4.73</i>
                <i>1 0 0 0 1 0 0 0 1 1.9 0 4.73</i>
                <i>1 0 0 0 1 0 0 0 1 1.9 0 4.73</i>
                <i>1 0 0 0 1 0 0 0 1 1.9 0 4.73</i>
                <i>1 0 0 0 1 0 0 0 1 1.9 0 4.73</i>
                <i>1 0 0 0 1 0 0 0 1 1.9 0 4.73</i>
                <i>1 0 0 0 1 0 0 0 1 1.9 0 4.73</i>
                <i>1 0 0 0 1 0 0 0 1 1.9 0 4.73</i>
                <i>1 0 0 0 1 0 0 0 1 1.9 0 4.73</i>
                <i>1 0 0 0 1 0 0 0 1 1.9 0 4.73</i>
                <i>1 0 0 0 1 0 0 0 1 1.9 0 4.73</i>
                <i>1 0 0 0 1 0 0 0 1 1.9 0 4.73</i>
                <i>1 0 0 0 1 0 0 0 1 1.9 0 4.73</i>
                <i>1 0 0 0 1 0 0 0 1 1.9 0 4.73</i>
            </KeyFrames>
        </RefFrame>
        <Bones count="23">
            <i>
                <p>
                    <Name><![CDATA[pelvis]]></Name>
                    <Exclude>0</Exclude>
                    <Additive>0</Additive>
                    <IKPriority>0</IKPriority>
                    <IKRotLimits>-1e+010 -1e+010 -1e+010 1e+010 1e+010 1e+010</IKRotLimits>
                    <IKRotLimitOrder>2</IKRotLimitOrder>
                    <KeyFrames count="121">
                        <i>1 0 0 0 1 0 0 0 1 0.59 3.03 6.96</i>
                        <i>1 0 0 0 1 0 0 0 1 0.59 3.03 6.96</i>
                        <i>1 0 0 0 1 0 0 0 1 0.59 3.03 6.96</i>
                        <i>1 0 0 0 1 0 0 0 1 0.59 3.03 6.96</i>
                        <i>1 0 0 0 1 0 0 0 1 0.59 3.03 6.96</i>
                        <i>1 0 0 0 1 0 0 0 1 0.59 3.03 6.96</i>
                        <i>1 0 0 0 1 0 0 0 1 0.59 3.03 6.96</i>
                        <i>1 0 0 0 1 0 0 0 1 0.59 3.03 6.96</i>
                        <i>1 0 0 0 1 0 0 0 1 0.59 3.03 6.96</i>
                        <i>1 0 0 0 1 0 0 0 1 0.59 3.03 6.96</i>
                        <i>1 0 0 0 1 0 0 0 1 0.59 3.03 6.96</i>
                        <i>1 0 0 0 1 0 0 0 1 0.59 3.03 6.96</i>
                        <i>1 0 0 0 1 0 0 0 1 0.59 3.03 6.96</i>
                        <i>1 0 0 0 1 0 0 0 1 0.59 3.03 6.96</i>
                        <i>1 0 0 0 1 0 0 0 1 0.59 3.03 6.96</i>
                        <i>1 0 0 0 1 0 0 0 1 0.59 3.03 6.96</i>
                        <i>1 0 0 0 1 0 0 0 1 0.59 3.03 6.96</i>
                        <i>1 0 0 0 1 0 0 0 1 0.59 3.03 6.96</i>
                        <i>1 0 0 0 1 0 0 0 1 0.59 3.03 6.96</i>
                        <i>1 0 0 0 1 0 0 0 1 0.59 3.03 6.96</i>
                        <i>1 0 0 0 1 0 0 0 1 0.59 3.03 6.96</i>
                        <i>1 0 0 0 1 0 0 0 1 0.59 3.03 6.96</i>
                        <i>1 0 0 0 1 0 0 0 1 0.59 3.03 6.96</i>
                        <i>1 0 0 0 1 0 0 0 1 0.59 3.03 6.96</i>
                        <i>1 0 0 0 1 0 0 0 1 0.59 3.03 6.96</i>
                        <i>1 0 0 0 1 0 0 0 1 0.59 3.03 6.96</i>
                        <i>1 0 0 0 1 0 0 0 1 0.59 3.03 6.96</i>
                        <i>1 0 0 0 1 0 0 0 1 0.59 3.03 6.96</i>
                        <i>1 0 0 0 1 0 0 0 1 0.59 3.03 6.96</i>
                        <i>1 0 0 0 1 0 0 0 1 0.59 3.03 6.96</i>
                        <i>1 0 0 0 1 0 0 0 1 0.59 3.03 6.96</i>
                        <i>1 0 0 0 1 0 0 0 1 0.59 3.03 6.96</i>
                        <i>1 0 0 0 1 0 0 0 1 0.59 3.03 6.96</i>
                        <i>1 0 0 0 1 0 0 0 1 0.59 3.03 6.96</i>
                        <i>1 0 0 0 1 0 0 0 1 0.59 3.03 6.96</i>
                        <i>1 0 0 0 1 0 0 0 1 0.59 3.03 6.96</i>
                        <i>1 0 0 0 1 0 0 0 1 0.59 3.03 6.96</i>
                        <i>1 0 0 0 1 0 0 0 1 0.59 3.03 6.96</i>
                        <i>1 0 0 0 1 0 0 0 1 0.59 3.03 6.96</i>
                        <i>1 0 0 0 1 0 0 0 1 0.59 3.03 6.96</i>
                        <i>1 0 0 0 1 0 0 0 1 0.59 3.03 6.96</i>
                        <i>1 0 0 0 1 0 0 0 1 0.59 3.03 6.96</i>
                        <i>1 0 0 0 1 0 0 0 1 0.59 3.03 6.96</i>
                        <i>1 0 0 0 1 0 0 0 1 0.59 3.03 6.96</i>
                        <i>1 0 0 0 1 0 0 0 1 0.59 3.03 6.96</i>
                        <i>1 0 0 0 1 0 0 0 1 0.59 3.03 6.96</i>
                        <i>1 0 0 0 1 0 0 0 1 0.59 3.03 6.96</i>
                        <i>1 0 0 0 1 0 0 0 1 0.59 3.03 6.96</i>
                        <i>1 0 0 0 1 0 0 0 1 0.59 3.03 6.96</i>
                        <i>1 0 0 0 1 0 0 0 1 0.59 3.03 6.96</i>
                        <i>1 0 0 0 1 0 0 0 1 0.59 3.03 6.96</i>
                        <i>1 0 0 0 1 0 0 0 1 0.59 3.03 6.96</i>
                        <i>1 0 0 0 1 0 0 0 1 0.59 3.03 6.96</i>
                        <i>1 0 0 0 1 0 0 0 1 0.59 3.03 6.96</i>
                        <i>1 0 0 0 1 0 0 0 1 0.59 3.03 6.96</i>
                        <i>1 0 0 0 1 0 0 0 1 0.59 3.03 6.96</i>
                        <i>1 0 0 0 1 0 0 0 1 0.59 3.03 6.96</i>
                        <i>1 0 0 0 1 0 0 0 1 0.59 3.03 6.96</i>
                        <i>1 0 0 0 1 0 0 0 1 0.59 3.03 6.96</i>
                        <i>1 0 0 0 1 0 0 0 1 0.59 3.03 6.96</i>
                        <i>1 0 0 0 1 0 0 0 1 0.59 3.03 6.96</i>
                        <i>1 0 0 0 1 0 0 0 1 0.59 3.03 6.96</i>
                        <i>1 0 0 0 1 0 0 0 1 0.59 3.03 6.96</i>
                        <i>1 0 0 0 1 0 0 0 1 0.59 3.03 6.96</i>
                        <i>1 0 0 0 1 0 0 0 1 0.59 3.03 6.96</i>
                        <i>1 0 0 0 1 0 0 0 1 0.58688 3.03416 6.96</i>
                        <i>1 0 0 0 1 0 0 0 1 0.57944 3.04408 6.96</i>
                        <i>1 0 0 0 1 0 0 0 1 0.57056 3.05592 6.96</i>
                        <i>1 0 0 0 1 0 0 0 1 0.56312 3.06584 6.96</i>
                        <i>1 0 0 0 1 0 0 0 1 0.56 3.07 6.96</i>
                        <i>1 0 0 0 1 0 0 0 1 0.466564 3.11052 6.90598</i>
                        <i>1 0 0 0 1 0 0 0 1 0.290904 3.18215 6.76973</i>
                        <i>1 0 0 0 1 0 0 0 1 0.19 3.21 6.59</i>
                        <i>1 0 0 0 1 0 0 0 1 0.21051 3.17776 6.38103</i>
                        <i>1 0 0 0 1 0 0 0 1 0.280195 3.12519 6.14214</i>
                        <i>1 0 0 0 1 0 0 0 1 0.37768 3.0615 5.88969</i>
                        <i>1 0 0 0 1 0 0 0 1 0.481591 2.99592 5.64</i>
                        <i>1 0 0 0 1 0 0 0 1 0.631919 2.93767 5.33762</i>
                        <i>1 0 0 0 1 0 0 0 1 0.806339 2.89595 5.03048</i>
                        <i>1 0 0 0 1 0 0 0 1 0.89 2.88 4.89</i>
                        <i>1 0 0 0 1 0 0 0 1 0.878333 2.88 4.89021</i>
                        <i>1 0 0 0 1 0 0 0 1 0.858889 2.88 4.89056</i>
                        <i>1 0 0 0 1 0 0 0 1 0.855 2.88 4.89063</i>
                        <i>1 0 0 0 1 0 0 0 1 0.89 2.88 4.89</i>
                        <i>1 0 0 0 1 0 0 0 1 0.979742 2.87976 4.88904</i>
                        <i>1 0 0 0 1 0 0 0 1 1.10696 2.87928 4.88804</i>
                        <i>1 0 0 0 1 0 0 0 1 1.24531 2.87892 4.88652</i>
                        <i>1 0 0 0 1 0 0 0 1 1.36844 2.87904 4.88401</i>
                        <i>1 0 0 0 1 0 0 0 1 1.45 2.88 4.88</i>
                        <i>1 0 0 0 1 0 0 0 1 1.47965 2.88161 4.87353</i>
                        <i>1 0 0 0 1 0 0 0 1 1.47496 2.88341 4.86492</i>
                        <i>1 0 0 0 1 0 0 0 1 1.45144 2.88537 4.85564</i>
                        <i>1 0 0 0 1 0 0 0 1 1.42461 2.88747 4.84713</i>
                        <i>1 0 0 0 1 0 0 0 1 1.41 2.88966 4.84086</i>
                        <i>1 0 0 0 1 0 0 0 1 1.40707 2.89192 4.83637</i>
                        <i>1 0 0 0 1 0 0 0 1 1.40487 2.89422 4.83222</i>
                        <i>1 0 0 0 1 0 0 0 1 1.40329 2.89651 4.82841</i>
                        <i>1 0 0 0 1 0 0 0 1 1.40221 2.89878 4.82492</i>
                        <i>1 0 0 0 1 0 0 0 1 1.40153 2.90099 4.82174</i>
                        <i>1 0 0 0 1 0 0 0 1 1.40112 2.90311 4.81885</i>
                        <i>1 0 0 0 1 0 0 0 1 1.40088 2.9051 4.81624</i>
                        <i>1 0 0 0 1 0 0 0 1 1.40068 2.90693 4.81391</i>
                        <i>1 0 0 0 1 0 0 0 1 1.40043 2.90857 4.81183</i>
                        <i>1 0 0 0 1 0 0 0 1 1.4 2.91 4.81</i>
                        <i>1 0 0 0 1 0 0 0 1 1.39957 2.91123 4.80869</i>
                        <i>1 0 0 0 1 0 0 0 1 1.39937 2.91227 4.80807</i>
                        <i>1 0 0 0 1 0 0 0 1 1.39935 2.91304 4.80799</i>
                        <i>1 0 0 0 1 0 0 0 1 1.39944 2.91345 4.80829</i>
                        <i>1 0 0 0 1 0 0 0 1 1.39961 2.91343 4.80879</i>
                        <i>1 0 0 0 1 0 0 0 1 1.39979 2.9129 4.80936</i>
                        <i>1 0 0 0 1 0 0 0 1 1.39994 2.91178 4.80981</i>
                        <i>1 0 0 0 1 0 0 0 1 1.4 2.91 4.81</i>
                        <i>1 0 0 0 1 0 0 0 1 1.4 2.90629 4.81</i>
                        <i>1 0 0 0 1 0 0 0 1 1.4 2.90032 4.81</i>
                        <i>1 0 0 0 1 0 0 0 1 1.4 2.89339 4.81</i>
                        <i>1 0 0 0 1 0 0 0 1 1.4 2.88683 4.81</i>
                        <i>1 0 0 0 1 0 0 0 1 1.4 2.88192 4.81</i>
                        <i>1 0 0 0 1 0 0 0 1 1.4 2.88 4.81</i>
                        <i>1 0 0 0 1 0 0 0 1 1.4 2.88556 4.81</i>
                        <i>1 0 0 0 1 0 0 0 1 1.4 2.89778 4.81</i>
                        <i>1 0 0 0 1 0 0 0 1 1.4 2.91 4.81</i>
                    </KeyFrames>
                </p>
            </i>
            <i>
                <p>
                    <Name><![CDATA[spine0]]></Name>
                    <Exclude>0</Exclude>
                    <Additive>0</Additive>
                    <IKPriority>0</IKPriority>
                    <IKRotLimits>-1e+010 -1e+010 -1e+010 1e+010 1e+010 1e+010</IKRotLimits>
                    <IKRotLimitOrder>0</IKRotLimitOrder>
                    <KeyFrames count="121">
                        <i>0.0889428 0.995482 0.0332515 -0.996015 0.0886715 0.00954924 0.00655763 -0.0339683 0.999401 0.58111 3.14812 6.87836</i>
                        <i>0.0889428 0.995482 0.0332515 -0.996015 0.0886715 0.00954924 0.00655763 -0.0339683 0.999401 0.58111 3.14812 6.87836</i>
                        <i>0.0889428 0.995482 0.0332515 -0.996015 0.0886715 0.00954924 0.00655763 -0.0339683 0.999401 0.58111 3.14812 6.87836</i>
                        <i>0.0889428 0.995482 0.0332515 -0.996015 0.0886715 0.00954924 0.00655763 -0.0339683 0.999401 0.58111 3.14812 6.87836</i>
                        <i>0.0889428 0.995482 0.0332515 -0.996015 0.0886715 0.00954924 0.00655763 -0.0339683 0.999401 0.58111 3.14812 6.87836</i>
                        <i>0.0889428 0.995482 0.0332515 -0.996015 0.0886715 0.00954924 0.00655763 -0.0339683 0.999401 0.58111 3.14812 6.87836</i>
                        <i>0.0889428 0.995482 0.0332515 -0.996015 0.0886715 0.00954924 0.00655763 -0.0339683 0.999401 0.58111 3.14812 6.87836</i>
                        <i>0.0889428 0.995482 0.0332515 -0.996015 0.0886715 0.00954924 0.00655763 -0.0339683 0.999401 0.58111 3.14812 6.87836</i>
                        <i>0.0889428 0.995482 0.0332515 -0.996015 0.0886715 0.00954924 0.00655763 -0.0339683 0.999401 0.58111 3.14812 6.87836</i>
                        <i>0.0889428 0.995482 0.0332515 -0.996015 0.0886715 0.00954924 0.00655763 -0.0339683 0.999401 0.58111 3.14812 6.87836</i>
                        <i>0.0889428 0.995482 0.0332515 -0.996015 0.0886715 0.00954924 0.00655763 -0.0339683 0.999401 0.58111 3.14812 6.87836</i>
                        <i>0.0889428 0.995482 0.0332515 -0.996015 0.0886715 0.00954924 0.00655763 -0.0339683 0.999401 0.58111 3.14812 6.87836</i>
                        <i>0.0889428 0.995482 0.0332515 -0.996015 0.0886715 0.00954924 0.00655763 -0.0339683 0.999401 0.58111 3.14812 6.87836</i>
                        <i>0.0889428 0.995482 0.0332515 -0.996015 0.0886715 0.00954924 0.00655763 -0.0339683 0.999401 0.58111 3.14812 6.87836</i>
                        <i>0.0889428 0.995482 0.0332515 -0.996015 0.0886715 0.00954924 0.00655763 -0.0339683 0.999401 0.58111 3.14812 6.87836</i>
                        <i>0.0889428 0.995482 0.0332515 -0.996015 0.0886715 0.00954924 0.00655763 -0.0339683 0.999401 0.58111 3.14812 6.87836</i>
                        <i>0.0889428 0.995482 0.0332515 -0.996015 0.0886715 0.00954924 0.00655763 -0.0339683 0.999401 0.58111 3.14812 6.87836</i>
                        <i>0.0889428 0.995482 0.0332515 -0.996015 0.0886715 0.00954924 0.00655763 -0.0339683 0.999401 0.58111 3.14812 6.87836</i>
                        <i>0.0889428 0.995482 0.0332515 -0.996015 0.0886715 0.00954924 0.00655763 -0.0339683 0.999401 0.58111 3.14812 6.87836</i>
                        <i>0.0889428 0.995482 0.0332515 -0.996015 0.0886715 0.00954924 0.00655763 -0.0339683 0.999401 0.58111 3.14812 6.87836</i>
                        <i>0.0889428 0.995482 0.0332515 -0.996015 0.0886715 0.00954924 0.00655763 -0.0339683 0.999401 0.58111 3.14812 6.87836</i>
                        <i>0.0889428 0.995482 0.0332515 -0.996015 0.0886715 0.00954924 0.00655763 -0.0339683 0.999401 0.58111 3.14812 6.87836</i>
                        <i>0.0889428 0.995482 0.0332515 -0.996015 0.0886715 0.00954924 0.00655763 -0.0339683 0.999401 0.58111 3.14812 6.87836</i>
                        <i>0.0889428 0.995482 0.0332515 -0.996015 0.0886715 0.00954924 0.00655763 -0.0339683 0.999401 0.58111 3.14812 6.87836</i>
                        <i>0.0889428 0.995482 0.0332515 -0.996015 0.0886715 0.00954924 0.00655763 -0.0339683 0.999401 0.58111 3.14812 6.87836</i>
                        <i>0.0889428 0.995482 0.0332515 -0.996015 0.0886715 0.00954924 0.00655763 -0.0339683 0.999401 0.58111 3.14812 6.87836</i>
                        <i>0.0889428 0.995482 0.0332515 -0.996015 0.0886715 0.00954924 0.00655763 -0.0339683 0.999401 0.58111 3.14812 6.87836</i>
                        <i>0.0889428 0.995482 0.0332515 -0.996015 0.0886715 0.00954924 0.00655763 -0.0339683 0.999401 0.58111 3.14812 6.87836</i>
                        <i>0.0889428 0.995482 0.0332515 -0.996015 0.0886715 0.00954924 0.00655763 -0.0339683 0.999401 0.58111 3.14812 6.87836</i>
                        <i>0.0889428 0.995482 0.0332515 -0.996015 0.0886715 0.00954924 0.00655763 -0.0339683 0.999401 0.58111 3.14812 6.87836</i>
                        <i>0.0889428 0.995482 0.0332515 -0.996015 0.0886715 0.00954924 0.00655763 -0.0339683 0.999401 0.58111 3.14812 6.87836</i>
                        <i>0.0889428 0.995482 0.0332515 -0.996015 0.0886715 0.00954924 0.00655763 -0.0339683 0.999401 0.58111 3.14812 6.87836</i>
                        <i>0.0889428 0.995482 0.0332515 -0.996015 0.0886715 0.00954924 0.00655763 -0.0339683 0.999401 0.58111 3.14812 6.87836</i>
                        <i>0.0889428 0.995482 0.0332515 -0.996015 0.0886715 0.00954924 0.00655763 -0.0339683 0.999401 0.58111 3.14812 6.87836</i>
                        <i>0.0889428 0.995482 0.0332515 -0.996015 0.0886715 0.00954924 0.00655763 -0.0339683 0.999401 0.58111 3.14812 6.87836</i>
                        <i>0.0889428 0.995482 0.0332515 -0.996015 0.0886715 0.00954924 0.00655763 -0.0339683 0.999401 0.58111 3.14812 6.87836</i>
                        <i>0.0889428 0.995482 0.0332515 -0.996015 0.0886715 0.00954924 0.00655763 -0.0339683 0.999401 0.58111 3.14812 6.87836</i>
                        <i>0.0889428 0.995482 0.0332515 -0.996015 0.0886715 0.00954924 0.00655763 -0.0339683 0.999401 0.58111 3.14812 6.87836</i>
                        <i>0.0889428 0.995482 0.0332515 -0.996015 0.0886715 0.00954924 0.00655763 -0.0339683 0.999401 0.58111 3.14812 6.87836</i>
                        <i>0.0889428 0.995482 0.0332515 -0.996015 0.0886715 0.00954924 0.00655763 -0.0339683 0.999401 0.58111 3.14812 6.87836</i>
                        <i>0.0889428 0.995482 0.0332515 -0.996015 0.0886715 0.00954924 0.00655763 -0.0339683 0.999401 0.58111 3.14812 6.87836</i>
                        <i>0.0889428 0.995482 0.0332515 -0.996015 0.0886715 0.00954924 0.00655763 -0.0339683 0.999401 0.58111 3.14812 6.87836</i>
                        <i>0.0889428 0.995482 0.0332515 -0.996015 0.0886715 0.00954924 0.00655763 -0.0339683 0.999401 0.58111 3.14812 6.87836</i>
                        <i>0.0889428 0.995482 0.0332515 -0.996015 0.0886715 0.00954924 0.00655763 -0.0339683 0.999401 0.58111 3.14812 6.87836</i>
                        <i>0.0889428 0.995482 0.0332515 -0.996015 0.0886715 0.00954924 0.00655763 -0.0339683 0.999401 0.58111 3.14812 6.87836</i>
                        <i>0.0889428 0.995482 0.0332515 -0.996015 0.0886715 0.00954924 0.00655763 -0.0339683 0.999401 0.58111 3.14812 6.87836</i>
                        <i>0.0889428 0.995482 0.0332515 -0.996015 0.0886715 0.00954924 0.00655763 -0.0339683 0.999401 0.58111 3.14812 6.87836</i>
                        <i>0.0889428 0.995482 0.0332515 -0.996015 0.0886715 0.00954924 0.00655763 -0.0339683 0.999401 0.58111 3.14812 6.87836</i>
                        <i>0.0889428 0.995482 0.0332515 -0.996015 0.0886715 0.00954924 0.00655763 -0.0339683 0.999401 0.58111 3.14812 6.87836</i>
                        <i>0.0889428 0.995482 0.0332515 -0.996015 0.0886715 0.00954924 0.00655763 -0.0339683 0.999401 0.58111 3.14812 6.87836</i>
                        <i>0.0889428 0.995482 0.0332515 -0.996015 0.0886715 0.00954924 0.00655763 -0.0339683 0.999401 0.58111 3.14812 6.87836</i>
                        <i>0.0889428 0.995482 0.0332515 -0.996015 0.0886715 0.00954924 0.00655763 -0.0339683 0.999401 0.58111 3.14812 6.87836</i>
                        <i>0.0889428 0.995482 0.0332515 -0.996015 0.0886715 0.00954924 0.00655763 -0.0339683 0.999401 0.58111 3.14812 6.87836</i>
                        <i>0.0889428 0.995482 0.0332515 -0.996015 0.0886715 0.00954924 0.00655763 -0.0339683 0.999401 0.58111 3.14812 6.87836</i>
                        <i>0.0889428 0.995482 0.0332515 -0.996015 0.0886715 0.00954924 0.00655763 -0.0339683 0.999401 0.58111 3.14812 6.87836</i>
                        <i>0.0889428 0.995482 0.0332515 -0.996015 0.0886715 0.00954924 0.00655763 -0.0339683 0.999401 0.58111 3.14812 6.87836</i>
                        <i>0.0889428 0.995482 0.0332515 -0.996015 0.0886715 0.00954924 0.00655763 -0.0339683 0.999401 0.58111 3.14812 6.87836</i>
                        <i>0.0889428 0.995482 0.0332515 -0.996015 0.0886715 0.00954924 0.00655763 -0.0339683 0.999401 0.58111 3.14812 6.87836</i>
                        <i>0.0889428 0.995482 0.0332515 -0.996015 0.0886715 0.00954924 0.00655763 -0.0339683 0.999401 0.58111 3.14812 6.87836</i>
                        <i>0.0889428 0.995482 0.0332515 -0.996015 0.0886715 0.00954924 0.00655763 -0.0339683 0.999401 0.58111 3.14812 6.87836</i>
                        <i>0.0889428 0.995482 0.0332515 -0.996015 0.0886715 0.00954924 0.00655763 -0.0339683 0.999401 0.58111 3.14812 6.87836</i>
                        <i>0.0889428 0.995482 0.0332515 -0.996015 0.0886715 0.00954924 0.00655763 -0.0339683 0.999401 0.58111 3.14812 6.87836</i>
                        <i>0.0889428 0.995482 0.0332515 -0.996015 0.0886715 0.00954924 0.00655763 -0.0339683 0.999401 0.58111 3.14812 6.87836</i>
                        <i>0.0889428 0.995482 0.0332515 -0.996015 0.0886715 0.00954924 0.00655763 -0.0339683 0.999401 0.58111 3.14812 6.87836</i>
                        <i>0.0889428 0.995482 0.0332515 -0.996015 0.0886715 0.00954924 0.00655763 -0.0339683 0.999401 0.58111 3.14812 6.87836</i>
                        <i>0.0826195 0.995919 0.0363294 -0.996081 0.0836781 -0.0286502 -0.0315733 -0.03382 0.998929 0.580478 3.1522 6.87801</i>
                        <i>0.0735227 0.996252 0.0455693 -0.989674 0.0785221 -0.119912 -0.12304 -0.0362826 0.991738 0.579806 3.162 6.8776</i>
                        <i>0.0716302 0.995546 0.0612999 -0.970258 0.0837947 -0.227108 -0.231233 -0.0432089 0.971938 0.580408 3.17378 6.8781</i>
                        <i>0.0753225 0.994036 0.0788625 -0.944693 0.0964515 -0.313452 -0.319189 -0.0508909 0.946324 0.581922 3.18358 6.8795</i>
                        <i>0.0778375 0.993133 0.0873427 -0.931635 0.103649 -0.348301 -0.354962 -0.0542606 0.933305 0.582791 3.18763 6.88038</i>
                        <i>0.0432645 0.988699 0.143536 -0.759231 0.125922 -0.638523 -0.649381 -0.0813515 0.756099 0.505195 3.23742 6.85031</i>
                        <i>-0.165639 0.977565 0.130119 -0.192511 0.097352 -0.976454 -0.967214 -0.186788 0.172066 0.317967 3.32197 6.74943</i>
                        <i>-0.330389 0.943081 -0.0379573 0.316737 0.0728991 -0.945708 -0.889112 -0.324474 -0.322794 0.195281 3.35226 6.56923</i>
                        <i>-0.336617 0.933249 -0.125443 0.615244 0.117126 -0.779587 -0.712856 -0.3396 -0.613602 0.219489 3.32087 6.36936</i>
                        <i>-0.280503 0.949154 -0.142916 0.833506 0.167025 -0.52666 -0.476011 -0.266851 -0.837976 0.29619 3.26759 6.15485</i>
                        <i>-0.252818 0.963419 -0.0889204 0.901369 0.201139 -0.383507 -0.351592 -0.177108 -0.919247 0.396728 3.19837 5.92969</i>
                        <i>-0.32443 0.945894 -0.00545761 0.796536 0.270081 -0.540912 -0.510172 -0.179835 -0.841061 0.507651 3.1277 5.6915</i>
                        <i>-0.386873 0.854207 0.347361 -0.183136 0.298016 -0.936828 -0.903765 -0.426048 0.0411418 0.668451 3.07662 5.34491</i>
                        <i>0.227848 0.86168 0.453423 -0.961814 0.126644 0.242644 0.151658 -0.491394 0.857631 0.78729 3.03437 4.99622</i>
                        <i>0.469329 0.876746 0.105106 -0.473689 0.149522 0.867907 0.745218 -0.457122 0.48548 0.845031 3.01567 4.87367</i>
                        <i>0.469084 0.876878 0.1051 -0.475765 0.150644 0.866576 0.744048 -0.4565 0.487853 0.833187 3.01558 4.87361</i>
                        <i>0.46868 0.877094 0.105096 -0.479224 0.152508 0.864341 0.742081 -0.455464 0.491802 0.813447 3.01543 4.8735</i>
                        <i>0.4686 0.877137 0.105096 -0.479915 0.15288 0.863892 0.741684 -0.455257 0.492591 0.809499 3.0154 4.87348</i>
                        <i>0.469329 0.876746 0.105106 -0.473689 0.149522 0.867907 0.745218 -0.457122 0.48548 0.845031 3.01567 4.87367</i>
                        <i>0.471939 0.87527 0.105722 -0.457001 0.14032 0.878328 0.753939 -0.462832 0.466222 0.936232 3.01615 4.87483</i>
                        <i>0.476325 0.87272 0.107118 -0.432853 0.126701 0.892516 0.765345 -0.471494 0.438111 1.06564 3.01662 4.87681</i>
                        <i>0.481092 0.869925 0.108539 -0.406957 0.111947 0.906562 0.77649 -0.48031 0.407879 1.20644 3.01719 4.87835</i>
                        <i>0.484444 0.867998 0.109057 -0.385097 0.0996546 0.91748 0.785503 -0.486465 0.38254 1.33171 3.01802 4.8783</i>
                        <i>0.484214 0.868285 0.107787 -0.373074 0.0934615 0.923082 0.791424 -0.487182 0.36919 1.41447 3.01934 4.8756</i>
                        <i>0.477327 0.872723 0.102529 -0.368426 0.0928349 0.92501 0.79776 -0.479307 0.365847 1.44457 3.02107 4.86961</i>
                        <i>0.464804 0.880456 0.0935656 -0.364817 0.0941533 0.926307 0.806763 -0.464685 0.364968 1.4402 3.02296 4.86134</i>
                        <i>0.450599 0.888796 0.0836751 -0.362238 0.0963659 0.927091 0.815931 -0.448057 0.365378 1.4169 3.02499 4.85228</i>
                        <i>0.438527 0.89555 0.0753936 -0.360676 0.0985326 0.927472 0.823169 -0.433914 0.366213 1.39019 3.02711 4.84389</i>
                        <i>0.432009 0.899074 0.0709539 -0.360108 0.0998316 0.927554 0.826856 -0.426262 0.366891 1.37562 3.02932 4.83766</i>
                        <i>0.430071 0.900105 0.0696449 -0.360367 0.100428 0.927389 0.827752 -0.423941 0.367559 1.37265 3.03157 4.83314</i>
                        <i>0.429439 0.900438 0.0692316 -0.361216 0.100998 0.926996 0.827711 -0.423096 0.368625 1.37037 3.03384 4.8289</i>
                        <i>0.429856 0.900216 0.0695398 -0.362509 0.101534 0.926433 0.826929 -0.423441 0.369981 1.36866 3.0361 4.82496</i>
                        <i>0.431078 0.899564 0.0704046 -0.3641 0.102025 0.925755 0.825593 -0.424706 0.371512 1.36742 3.03833 4.8213</i>
                        <i>0.432864 0.898606 0.0716632 -0.365844 0.102459 0.925019 0.823885 -0.426625 0.373101 1.36657 3.04049 4.81794</i>
                        <i>0.434972 0.897468 0.0731501 -0.367596 0.102825 0.924284 0.821993 -0.428927 0.374632 1.36599 3.04256 4.81488</i>
                        <i>0.437156 0.896279 0.0746942 -0.369211 0.103109 0.923608 0.820108 -0.431338 0.375991 1.36559 3.0445 4.81211</i>
                        <i>0.439164 0.895177 0.0761172 -0.370547 0.103299 0.923052 0.818431 -0.433576 0.37707 1.36527 3.0463 4.80964</i>
                        <i>0.44074 0.894306 0.0772349 -0.371459 0.103381 0.922676 0.81717 -0.43535 0.377762 1.36493 3.04792 4.80747</i>
                        <i>0.441627 0.893814 0.0778597 -0.371803 0.103343 0.922541 0.816534 -0.436368 0.377962 1.36447 3.04934 4.8056</i>
                        <i>0.442492 0.893359 0.0781679 -0.371112 0.103068 0.92285 0.81638 -0.437363 0.377143 1.36411 3.05059 4.80437</i>
                        <i>0.443909 0.892632 0.0784378 -0.369412 0.102552 0.923589 0.816382 -0.438966 0.375273 1.36408 3.05168 4.80396</i>
                        <i>0.445477 0.891833 0.0786383 -0.367306 0.101954 0.924495 0.816478 -0.440726 0.372993 1.36426 3.0525 4.80413</i>
                        <i>0.446797 0.891163 0.0787457 -0.365395 0.101433 0.92531 0.816614 -0.442199 0.370947 1.36455 3.05296 4.80465</i>
                        <i>0.447471 0.890825 0.0787435 -0.364285 0.101151 0.925778 0.816741 -0.442944 0.369777 1.36482 3.05298 4.80529</i>
                        <i>0.4471 0.891022 0.0786167 -0.364583 0.10127 0.925648 0.816812 -0.44252 0.370129 1.36497 3.05244 4.80582</i>
                        <i>0.445286 0.891954 0.0783399 -0.36689 0.101948 0.924661 0.816769 -0.440481 0.372645 1.36489 3.05126 4.806</i>
                        <i>0.441627 0.893814 0.0778597 -0.371803 0.103343 0.922541 0.816534 -0.436368 0.377962 1.36447 3.04934 4.8056</i>
                        <i>0.436024 0.896628 0.077082 -0.379398 0.105476 0.919202 0.816052 -0.430039 0.386169 1.36373 3.0454 4.80469</i>
                        <i>0.42885 0.900179 0.0759355 -0.389059 0.108178 0.914839 0.815304 -0.421872 0.396615 1.36279 3.03913 4.80351</i>
                        <i>0.420411 0.904281 0.0743708 -0.40034 0.111316 0.909581 0.814237 -0.412171 0.408818 1.36171 3.03184 4.8021</i>
                        <i>0.411016 0.908752 0.0723558 -0.412796 0.114759 0.903565 0.812813 -0.401248 0.422297 1.36052 3.02484 4.8005</i>
                        <i>0.40098 0.913417 0.0698864 -0.425989 0.118378 0.89695 0.811017 -0.38943 0.436573 1.35929 3.01945 4.79877</i>
                        <i>0.390621 0.918111 0.066995 -0.439492 0.122049 0.889916 0.808865 -0.377063 0.451178 1.35804 3.01699 4.79696</i>
                        <i>0.38026 0.92268 0.0637547 -0.452888 0.125657 0.882668 0.806408 -0.364517 0.465653 1.35683 3.02198 4.79511</i>
                        <i>0.370219 0.926987 0.0602811 -0.465773 0.129091 0.875437 0.803737 -0.352181 0.479558 1.35568 3.03362 4.79329</i>
                        <i>0.360816 0.93091 0.0567296 -0.477757 0.132251 0.86848 0.800974 -0.340464 0.492467 1.35463 3.04527 4.79156</i>
                    </KeyFrames>
                </p>
            </i>
            <i>
                <p>
                    <Name><![CDATA[spine1]]></Name>
                    <Exclude>0</Exclude>
                    <Additive>0</Additive>
                    <IKPriority>0</IKPriority>
                    <IKRotLimits>-1e+010 -1e+010 -1e+010 1e+010 1e+010 1e+010</IKRotLimits>
                    <IKRotLimitOrder>0</IKRotLimitOrder>
                    <KeyFrames count="121">
                        <i>0.174023 0.884094 0.433698 -0.980449 0.196632 -0.00742466 -0.0918428 -0.423927 0.901028 0.597924 3.33632 6.88454</i>
                        <i>0.174023 0.884094 0.433698 -0.980449 0.196632 -0.00742466 -0.0918428 -0.423927 0.901028 0.597924 3.33632 6.88454</i>
                        <i>0.174023 0.884094 0.433698 -0.980449 0.196632 -0.00742466 -0.0918428 -0.423927 0.901028 0.597924 3.33632 6.88454</i>
                        <i>0.174023 0.884094 0.433698 -0.980449 0.196632 -0.00742466 -0.0918428 -0.423927 0.901028 0.597924 3.33632 6.88454</i>
                        <i>0.174023 0.884094 0.433698 -0.980449 0.196632 -0.00742466 -0.0918428 -0.423927 0.901028 0.597924 3.33632 6.88454</i>
                        <i>0.174023 0.884094 0.433698 -0.980449 0.196632 -0.00742466 -0.0918428 -0.423927 0.901028 0.597924 3.33632 6.88454</i>
                        <i>0.174023 0.884094 0.433698 -0.980449 0.196632 -0.00742466 -0.0918428 -0.423927 0.901028 0.597924 3.33632 6.88454</i>
                        <i>0.174023 0.884094 0.433698 -0.980449 0.196632 -0.00742466 -0.0918428 -0.423927 0.901028 0.597924 3.33632 6.88454</i>
                        <i>0.174023 0.884094 0.433698 -0.980449 0.196632 -0.00742466 -0.0918428 -0.423927 0.901028 0.597924 3.33632 6.88454</i>
                        <i>0.174023 0.884094 0.433698 -0.980449 0.196632 -0.00742466 -0.0918428 -0.423927 0.901028 0.597924 3.33632 6.88454</i>
                        <i>0.174023 0.884094 0.433698 -0.980449 0.196632 -0.00742466 -0.0918428 -0.423927 0.901028 0.597924 3.33632 6.88454</i>
                        <i>0.174023 0.884094 0.433698 -0.980449 0.196632 -0.00742466 -0.0918428 -0.423927 0.901028 0.597924 3.33632 6.88454</i>
                        <i>0.174023 0.884094 0.433698 -0.980449 0.196632 -0.00742466 -0.0918428 -0.423927 0.901028 0.597924 3.33632 6.88454</i>
                        <i>0.174023 0.884094 0.433698 -0.980449 0.196632 -0.00742466 -0.0918428 -0.423927 0.901028 0.597924 3.33632 6.88454</i>
                        <i>0.174023 0.884094 0.433698 -0.980449 0.196632 -0.00742466 -0.0918428 -0.423927 0.901028 0.597924 3.33632 6.88454</i>
                        <i>0.174023 0.884094 0.433698 -0.980449 0.196632 -0.00742466 -0.0918428 -0.423927 0.901028 0.597924 3.33632 6.88454</i>
                        <i>0.174023 0.884094 0.433698 -0.980449 0.196632 -0.00742466 -0.0918428 -0.423927 0.901028 0.597924 3.33632 6.88454</i>
                        <i>0.174023 0.884094 0.433698 -0.980449 0.196632 -0.00742466 -0.0918428 -0.423927 0.901028 0.597924 3.33632 6.88454</i>
                        <i>0.174023 0.884094 0.433698 -0.980449 0.196632 -0.00742466 -0.0918428 -0.423927 0.901028 0.597924 3.33632 6.88454</i>
                        <i>0.174023 0.884094 0.433698 -0.980449 0.196632 -0.00742466 -0.0918428 -0.423927 0.901028 0.597924 3.33632 6.88454</i>
                        <i>0.174023 0.884094 0.433698 -0.980449 0.196632 -0.00742466 -0.0918428 -0.423927 0.901028 0.597924 3.33632 6.88454</i>
                        <i>0.174023 0.884094 0.433698 -0.980449 0.196632 -0.00742466 -0.0918428 -0.423927 0.901028 0.597924 3.33632 6.88454</i>
                        <i>0.174023 0.884094 0.433698 -0.980449 0.196632 -0.00742466 -0.0918428 -0.423927 0.901028 0.597924 3.33632 6.88454</i>
                        <i>0.174023 0.884094 0.433698 -0.980449 0.196632 -0.00742466 -0.0918428 -0.423927 0.901028 0.597924 3.33632 6.88454</i>
                        <i>0.174023 0.884094 0.433698 -0.980449 0.196632 -0.00742466 -0.0918428 -0.423927 0.901028 0.597924 3.33632 6.88454</i>
                        <i>0.174023 0.884094 0.433698 -0.980449 0.196632 -0.00742466 -0.0918428 -0.423927 0.901028 0.597924 3.33632 6.88454</i>
                        <i>0.174023 0.884094 0.433698 -0.980449 0.196632 -0.00742466 -0.0918428 -0.423927 0.901028 0.597924 3.33632 6.88454</i>
                        <i>0.174023 0.884094 0.433698 -0.980449 0.196632 -0.00742466 -0.0918428 -0.423927 0.901028 0.597924 3.33632 6.88454</i>
                        <i>0.174023 0.884094 0.433698 -0.980449 0.196632 -0.00742466 -0.0918428 -0.423927 0.901028 0.597924 3.33632 6.88454</i>
                        <i>0.174023 0.884094 0.433698 -0.980449 0.196632 -0.00742466 -0.0918428 -0.423927 0.901028 0.597924 3.33632 6.88454</i>
                        <i>0.174023 0.884094 0.433698 -0.980449 0.196632 -0.00742466 -0.0918428 -0.423927 0.901028 0.597924 3.33632 6.88454</i>
                        <i>0.174023 0.884094 0.433698 -0.980449 0.196632 -0.00742466 -0.0918428 -0.423927 0.901028 0.597924 3.33632 6.88454</i>
                        <i>0.174023 0.884094 0.433698 -0.980449 0.196632 -0.00742466 -0.0918428 -0.423927 0.901028 0.597924 3.33632 6.88454</i>
                        <i>0.174023 0.884094 0.433698 -0.980449 0.196632 -0.00742466 -0.0918428 -0.423927 0.901028 0.597924 3.33632 6.88454</i>
                        <i>0.174023 0.884094 0.433698 -0.980449 0.196632 -0.00742466 -0.0918428 -0.423927 0.901028 0.597924 3.33632 6.88454</i>
                        <i>0.174023 0.884094 0.433698 -0.980449 0.196632 -0.00742466 -0.0918428 -0.423927 0.901028 0.597924 3.33632 6.88454</i>
                        <i>0.174023 0.884094 0.433698 -0.980449 0.196632 -0.00742466 -0.0918428 -0.423927 0.901028 0.597924 3.33632 6.88454</i>
                        <i>0.174023 0.884094 0.433698 -0.980449 0.196632 -0.00742466 -0.0918428 -0.423927 0.901028 0.597924 3.33632 6.88454</i>
                        <i>0.174023 0.884094 0.433698 -0.980449 0.196632 -0.00742466 -0.0918428 -0.423927 0.901028 0.597924 3.33632 6.88454</i>
                        <i>0.174023 0.884094 0.433698 -0.980449 0.196632 -0.00742466 -0.0918428 -0.423927 0.901028 0.597924 3.33632 6.88454</i>
                        <i>0.174023 0.884094 0.433698 -0.980449 0.196632 -0.00742466 -0.0918428 -0.423927 0.901028 0.597924 3.33632 6.88454</i>
                        <i>0.174023 0.884094 0.433698 -0.980449 0.196632 -0.00742466 -0.0918428 -0.423927 0.901028 0.597924 3.33632 6.88454</i>
                        <i>0.174023 0.884094 0.433698 -0.980449 0.196632 -0.00742466 -0.0918428 -0.423927 0.901028 0.597924 3.33632 6.88454</i>
