<?xml version="1.0" encoding="ISO-8859-1" ?>
<Animl Version="1">
    <ModellingPackage><![CDATA[Maya.2010]]></ModellingPackage>
    <SrcFile><![CDATA[anims\vehicles\red\~src\air\helicopter_hormone\helicopter_hormone_idle_crewman_a.mb]]></SrcFile>
    <FramesPerSecond>30</FramesPerSecond>
    <TotalFrames>61</TotalFrames>
    <Skeleton>
        <RefFrame>
            <Name><![CDATA[soldier_ref_frame]]></Name>
            <Exclude>0</Exclude>
            <Additive>0</Additive>
            <IKPriority>0</IKPriority>
            <IKRotLimits>-1e+010 -1e+010 -1e+010 1e+010 1e+010 1e+010</IKRotLimits>
            <IKRotLimitOrder>0</IKRotLimitOrder>
            <KeyFrames count="61">
                <i>1 0 0 0 1 0 0 0 1 0 0 0</i>
                <i>1 0 0 0 1 0 0 0 1 0 0 0</i>
                <i>1 0 0 0 1 0 0 0 1 0 0 0</i>
                <i>1 0 0 0 1 0 0 0 1 0 0 0</i>
                <i>1 0 0 0 1 0 0 0 1 0 0 0</i>
                <i>1 0 0 0 1 0 0 0 1 0 0 0</i>
                <i>1 0 0 0 1 0 0 0 1 0 0 0</i>
                <i>1 0 0 0 1 0 0 0 1 0 0 0</i>
                <i>1 0 0 0 1 0 0 0 1 0 0 0</i>
                <i>1 0 0 0 1 0 0 0 1 0 0 0</i>
                <i>1 0 0 0 1 0 0 0 1 0 0 0</i>
                <i>1 0 0 0 1 0 0 0 1 0 0 0</i>
                <i>1 0 0 0 1 0 0 0 1 0 0 0</i>
                <i>1 0 0 0 1 0 0 0 1 0 0 0</i>
                <i>1 0 0 0 1 0 0 0 1 0 0 0</i>
                <i>1 0 0 0 1 0 0 0 1 0 0 0</i>
                <i>1 0 0 0 1 0 0 0 1 0 0 0</i>
                <i>1 0 0 0 1 0 0 0 1 0 0 0</i>
                <i>1 0 0 0 1 0 0 0 1 0 0 0</i>
                <i>1 0 0 0 1 0 0 0 1 0 0 0</i>
                <i>1 0 0 0 1 0 0 0 1 0 0 0</i>
                <i>1 0 0 0 1 0 0 0 1 0 0 0</i>
                <i>1 0 0 0 1 0 0 0 1 0 0 0</i>
                <i>1 0 0 0 1 0 0 0 1 0 0 0</i>
                <i>1 0 0 0 1 0 0 0 1 0 0 0</i>
                <i>1 0 0 0 1 0 0 0 1 0 0 0</i>
                <i>1 0 0 0 1 0 0 0 1 0 0 0</i>
                <i>1 0 0 0 1 0 0 0 1 0 0 0</i>
                <i>1 0 0 0 1 0 0 0 1 0 0 0</i>
                <i>1 0 0 0 1 0 0 0 1 0 0 0</i>
                <i>1 0 0 0 1 0 0 0 1 0 0 0</i>
                <i>1 0 0 0 1 0 0 0 1 0 0 0</i>
                <i>1 0 0 0 1 0 0 0 1 0 0 0</i>
                <i>1 0 0 0 1 0 0 0 1 0 0 0</i>
                <i>1 0 0 0 1 0 0 0 1 0 0 0</i>
                <i>1 0 0 0 1 0 0 0 1 0 0 0</i>
                <i>1 0 0 0 1 0 0 0 1 0 0 0</i>
                <i>1 0 0 0 1 0 0 0 1 0 0 0</i>
                <i>1 0 0 0 1 0 0 0 1 0 0 0</i>
                <i>1 0 0 0 1 0 0 0 1 0 0 0</i>
                <i>1 0 0 0 1 0 0 0 1 0 0 0</i>
                <i>1 0 0 0 1 0 0 0 1 0 0 0</i>
                <i>1 0 0 0 1 0 0 0 1 0 0 0</i>
                <i>1 0 0 0 1 0 0 0 1 0 0 0</i>
                <i>1 0 0 0 1 0 0 0 1 0 0 0</i>
                <i>1 0 0 0 1 0 0 0 1 0 0 0</i>
                <i>1 0 0 0 1 0 0 0 1 0 0 0</i>
                <i>1 0 0 0 1 0 0 0 1 0 0 0</i>
                <i>1 0 0 0 1 0 0 0 1 0 0 0</i>
                <i>1 0 0 0 1 0 0 0 1 0 0 0</i>
                <i>1 0 0 0 1 0 0 0 1 0 0 0</i>
                <i>1 0 0 0 1 0 0 0 1 0 0 0</i>
                <i>1 0 0 0 1 0 0 0 1 0 0 0</i>
                <i>1 0 0 0 1 0 0 0 1 0 0 0</i>
                <i>1 0 0 0 1 0 0 0 1 0 0 0</i>
                <i>1 0 0 0 1 0 0 0 1 0 0 0</i>
                <i>1 0 0 0 1 0 0 0 1 0 0 0</i>
                <i>1 0 0 0 1 0 0 0 1 0 0 0</i>
                <i>1 0 0 0 1 0 0 0 1 0 0 0</i>
                <i>1 0 0 0 1 0 0 0 1 0 0 0</i>
                <i>1 0 0 0 1 0 0 0 1 0 0 0</i>
            </KeyFrames>
        </RefFrame>
        <Bones count="23">
            <i>
                <p>
                    <Name><![CDATA[pelvis]]></Name>
                    <Exclude>0</Exclude>
                    <Additive>0</Additive>
                    <IKPriority>0</IKPriority>
                    <IKRotLimits>-1e+010 -1e+010 -1e+010 1e+010 1e+010 1e+010</IKRotLimits>
                    <IKRotLimitOrder>2</IKRotLimitOrder>
                    <KeyFrames count="61">
                        <i>1 0 0 0 1 0 0 0 1 2.24 2.18 -0.33</i>
                        <i>1 0 0 0 1 0 0 0 1 2.24 2.1799 -0.33</i>
                        <i>1 0 0 0 1 0 0 0 1 2.24 2.17962 -0.33</i>
                        <i>1 0 0 0 1 0 0 0 1 2.24 2.17916 -0.33</i>
                        <i>1 0 0 0 1 0 0 0 1 2.24 2.17854 -0.33</i>
                        <i>1 0 0 0 1 0 0 0 1 2.24 2.17778 -0.33</i>
                        <i>1 0 0 0 1 0 0 0 1 2.24 2.17688 -0.33</i>
                        <i>1 0 0 0 1 0 0 0 1 2.24 2.17586 -0.33</i>
                        <i>1 0 0 0 1 0 0 0 1 2.24 2.17474 -0.33</i>
                        <i>1 0 0 0 1 0 0 0 1 2.24 2.17352 -0.33</i>
                        <i>1 0 0 0 1 0 0 0 1 2.24 2.17222 -0.33</i>
                        <i>1 0 0 0 1 0 0 0 1 2.24 2.17086 -0.33</i>
                        <i>1 0 0 0 1 0 0 0 1 2.24 2.16944 -0.33</i>
                        <i>1 0 0 0 1 0 0 0 1 2.24 2.16798 -0.33</i>
                        <i>1 0 0 0 1 0 0 0 1 2.24 2.1665 -0.33</i>
                        <i>1 0 0 0 1 0 0 0 1 2.24 2.165 -0.33</i>
                        <i>1 0 0 0 1 0 0 0 1 2.24 2.1635 -0.33</i>
                        <i>1 0 0 0 1 0 0 0 1 2.24 2.16202 -0.33</i>
                        <i>1 0 0 0 1 0 0 0 1 2.24 2.16056 -0.33</i>
                        <i>1 0 0 0 1 0 0 0 1 2.24 2.15914 -0.33</i>
                        <i>1 0 0 0 1 0 0 0 1 2.24 2.15778 -0.33</i>
                        <i>1 0 0 0 1 0 0 0 1 2.24 2.15648 -0.33</i>
                        <i>1 0 0 0 1 0 0 0 1 2.24 2.15526 -0.33</i>
                        <i>1 0 0 0 1 0 0 0 1 2.24 2.15414 -0.33</i>
                        <i>1 0 0 0 1 0 0 0 1 2.24 2.15312 -0.33</i>
                        <i>1 0 0 0 1 0 0 0 1 2.24 2.15222 -0.33</i>
                        <i>1 0 0 0 1 0 0 0 1 2.24 2.15146 -0.33</i>
                        <i>1 0 0 0 1 0 0 0 1 2.24 2.15084 -0.33</i>
                        <i>1 0 0 0 1 0 0 0 1 2.24 2.15038 -0.33</i>
                        <i>1 0 0 0 1 0 0 0 1 2.24 2.1501 -0.33</i>
                        <i>1 0 0 0 1 0 0 0 1 2.24 2.15 -0.33</i>
                        <i>1 0 0 0 1 0 0 0 1 2.24 2.1501 -0.33</i>
                        <i>1 0 0 0 1 0 0 0 1 2.24 2.15038 -0.33</i>
                        <i>1 0 0 0 1 0 0 0 1 2.24 2.15084 -0.33</i>
                        <i>1 0 0 0 1 0 0 0 1 2.24 2.15146 -0.33</i>
                        <i>1 0 0 0 1 0 0 0 1 2.24 2.15222 -0.33</i>
                        <i>1 0 0 0 1 0 0 0 1 2.24 2.15312 -0.33</i>
                        <i>1 0 0 0 1 0 0 0 1 2.24 2.15414 -0.33</i>
                        <i>1 0 0 0 1 0 0 0 1 2.24 2.15526 -0.33</i>
                        <i>1 0 0 0 1 0 0 0 1 2.24 2.15648 -0.33</i>
                        <i>1 0 0 0 1 0 0 0 1 2.24 2.15778 -0.33</i>
                        <i>1 0 0 0 1 0 0 0 1 2.24 2.15914 -0.33</i>
                        <i>1 0 0 0 1 0 0 0 1 2.24 2.16056 -0.33</i>
                        <i>1 0 0 0 1 0 0 0 1 2.24 2.16202 -0.33</i>
                        <i>1 0 0 0 1 0 0 0 1 2.24 2.1635 -0.33</i>
                        <i>1 0 0 0 1 0 0 0 1 2.24 2.165 -0.33</i>
                        <i>1 0 0 0 1 0 0 0 1 2.24 2.1665 -0.33</i>
                        <i>1 0 0 0 1 0 0 0 1 2.24 2.16798 -0.33</i>
                        <i>1 0 0 0 1 0 0 0 1 2.24 2.16944 -0.33</i>
                        <i>1 0 0 0 1 0 0 0 1 2.24 2.17086 -0.33</i>
                        <i>1 0 0 0 1 0 0 0 1 2.24 2.17222 -0.33</i>
                        <i>1 0 0 0 1 0 0 0 1 2.24 2.17352 -0.33</i>
                        <i>1 0 0 0 1 0 0 0 1 2.24 2.17474 -0.33</i>
                        <i>1 0 0 0 1 0 0 0 1 2.24 2.17586 -0.33</i>
                        <i>1 0 0 0 1 0 0 0 1 2.24 2.17688 -0.33</i>
                        <i>1 0 0 0 1 0 0 0 1 2.24 2.17778 -0.33</i>
                        <i>1 0 0 0 1 0 0 0 1 2.24 2.17854 -0.33</i>
                        <i>1 0 0 0 1 0 0 0 1 2.24 2.17916 -0.33</i>
                        <i>1 0 0 0 1 0 0 0 1 2.24 2.17962 -0.33</i>
                        <i>1 0 0 0 1 0 0 0 1 2.24 2.1799 -0.33</i>
                        <i>1 0 0 0 1 0 0 0 1 2.24 2.18 -0.33</i>
                    </KeyFrames>
                </p>
            </i>
            <i>
                <p>
                    <Name><![CDATA[spine0]]></Name>
                    <Exclude>0</Exclude>
                    <Additive>0</Additive>
                    <IKPriority>0</IKPriority>
                    <IKRotLimits>-1e+010 -1e+010 -1e+010 1e+010 1e+010 1e+010</IKRotLimits>
                    <IKRotLimitOrder>0</IKRotLimitOrder>
                    <KeyFrames count="61">
                        <i>0.0973739 0.994712 0.0326697 -0.995083 0.097903 -0.0150034 -0.0181225 -0.0310481 0.999354 2.23778 2.30831 -0.395027</i>
                        <i>0.0977109 0.994777 0.0295264 -0.995054 0.0981854 -0.0150692 -0.0178895 -0.027908 0.99945 2.23778 2.30819 -0.395058</i>
                        <i>0.0980356 0.99483 0.0264933 -0.995025 0.0984594 -0.0151894 -0.0177194 -0.0248724 0.999534 2.23778 2.30786 -0.39515</i>
                        <i>0.0983476 0.994873 0.0235611 -0.994996 0.0987236 -0.0153605 -0.0176078 -0.0219325 0.999604 2.23778 2.30733 -0.395299</i>
                        <i>0.0986464 0.994907 0.0207204 -0.994968 0.0989769 -0.0155787 -0.0175502 -0.0190794 0.999664 2.23778 2.30661 -0.395499</i>
                        <i>0.0989317 0.994932 0.0179624 -0.99494 0.0992184 -0.01584 -0.0175419 -0.0163044 0.999713 2.23778 2.30572 -0.395746</i>
                        <i>0.099203 0.99495 0.0152781 -0.994912 0.099447 -0.0161407 -0.0175786 -0.0135992 0.999753 2.23779 2.30467 -0.396036</i>
                        <i>0.0994598 0.994961 0.0126589 -0.994885 0.0996619 -0.0164769 -0.0176555 -0.0109553 0.999784 2.23779 2.30348 -0.396365</i>
                        <i>0.0997019 0.994966 0.0100958 -0.994859 0.099862 -0.0168445 -0.0177679 -0.00836449 0.999807 2.23779 2.30217 -0.396727</i>
                        <i>0.0999287 0.994966 0.00758011 -0.994833 0.100047 -0.0172395 -0.0179111 -0.00581822 0.999823 2.2378 2.30075 -0.397119</i>
                        <i>0.10014 0.99496 0.00510286 -0.994809 0.100215 -0.0176579 -0.0180803 -0.00330812 0.999831 2.2378 2.29923 -0.397536</i>
                        <i>0.100335 0.99495 0.002655 -0.994786 0.100366 -0.0180954 -0.0182705 -0.000825559 0.999833 2.2378 2.29763 -0.397974</i>
                        <i>0.100513 0.994936 0.00022744 -0.994764 0.1005 -0.0185479 -0.0184768 0.00163805 0.999828 2.23781 2.29597 -0.398428</i>
                        <i>0.100674 0.994917 -0.0021891 -0.994744 0.100614 -0.0190111 -0.0186942 0.00409151 0.999817 2.23781 2.29426 -0.398893</i>
                        <i>0.100817 0.994894 -0.00460405 -0.994725 0.10071 -0.0194806 -0.0189174 0.00654374 0.9998 2.23782 2.29251 -0.399367</i>
                        <i>0.100942 0.994868 -0.00699679 -0.994708 0.100786 -0.0199523 -0.0191447 0.00897379 0.999776 2.23782 2.29075 -0.399843</i>
                        <i>0.101052 0.994838 -0.00931499 -0.994692 0.100846 -0.0204223 -0.0193775 0.0113293 0.999748 2.23783 2.28899 -0.400319</i>
                        <i>0.101146 0.994805 -0.0115203 -0.994678 0.100891 -0.0208868 -0.019616 0.0135716 0.999715 2.23783 2.28724 -0.400789</i>
                        <i>0.101226 0.994771 -0.0135743 -0.994665 0.100924 -0.0213417 -0.0198601 0.0156622 0.99968 2.23783 2.28552 -0.40125</i>
                        <i>0.101293 0.994737 -0.0154384 -0.994653 0.100946 -0.0217832 -0.0201101 0.0175623 0.999644 2.23784 2.28385 -0.401697</i>
                        <i>0.101348 0.994704 -0.0170738 -0.994643 0.100961 -0.0222074 -0.020366 0.019233 0.999608 2.23784 2.28223 -0.402127</i>
                        <i>0.101392 0.994675 -0.0184639 -0.994633 0.100968 -0.0226103 -0.0206256 0.0206573 0.999574 2.23785 2.2807 -0.402535</i>
                        <i>0.101424 0.99465 -0.01961 -0.994624 0.100969 -0.0229876 -0.0208847 0.0218361 0.999543 2.23785 2.27926 -0.402917</i>
                        <i>0.101446 0.99463 -0.0205005 -0.994616 0.100964 -0.0233354 -0.0211403 0.0227574 0.999518 2.23786 2.27792 -0.403269</i>
                        <i>0.101457 0.994616 -0.0211235 -0.99461 0.100954 -0.0236494 -0.0213896 0.023409 0.999497 2.23786 2.27672 -0.403587</i>
                        <i>0.101446 0.994611 -0.0214047 -0.994606 0.100931 -0.0239237 -0.0216344 0.0237162 0.999485 2.23786 2.27565 -0.403868</i>
                        <i>0.101405 0.994618 -0.0212759 -0.994605 0.100887 -0.0241524 -0.021876 0.0236103 0.999482 2.23786 2.27475 -0.404106</i>
                        <i>0.101335 0.994636 -0.0207347 -0.994607 0.100825 -0.0243318 -0.0221107 0.0230885 0.999489 2.23787 2.27401 -0.404298</i>
                        <i>0.101238 0.994666 -0.0197785 -0.994611 0.100746 -0.0244579 -0.0223349 0.022148 0.999505 2.23787 2.27347 -0.404441</i>
                        <i>0.101117 0.994704 -0.018405 -0.994619 0.100654 -0.0245273 -0.0225448 0.0207861 0.99953 2.23787 2.27313 -0.404529</i>
                        <i>0.100972 0.994751 -0.0166122 -0.994629 0.10055 -0.024536 -0.0227368 0.0190004 0.999561 2.23787 2.27301 -0.40456</i>
                        <i>0.100805 0.994802 -0.0144288 -0.994642 0.100434 -0.0244816 -0.0229052 0.0168194 0.999596 2.23787 2.27313 -0.404529</i>
                        <i>0.100617 0.994854 -0.0119116 -0.994658 0.100306 -0.0243668 -0.0230466 0.0142997 0.999632 2.23787 2.27347 -0.404441</i>
                        <i>0.10041 0.994905 -0.00910036 -0.994677 0.100166 -0.0241962 -0.0231613 0.0114815 0.999666 2.23787 2.27401 -0.404298</i>
                        <i>0.100185 0.99495 -0.00603475 -0.994697 0.100014 -0.0239743 -0.0232497 0.00840462 0.999694 2.23786 2.27475 -0.404106</i>
                        <i>0.0999452 0.994989 -0.00275453 -0.99472 0.0998525 -0.0237058 -0.0233119 0.00510927 0.999715 2.23786 2.27565 -0.403868</i>
                        <i>0.0996919 0.995018 0.000700417 -0.994744 0.099681 -0.0233952 -0.0233484 0.00163557 0.999726 2.23786 2.27672 -0.403587</i>
                        <i>0.0994275 0.995036 0.00429018 -0.994771 0.0995004 -0.023047 -0.0233595 -0.00197624 0.999725 2.23786 2.27792 -0.403269</i>
                        <i>0.0991542 0.99504 0.00797484 -0.994798 0.0993118 -0.022666 -0.0233456 -0.00568593 0.999711 2.23785 2.27926 -0.402917</i>
                        <i>0.0988744 0.995031 0.0117145 -0.994827 0.0991162 -0.0222567 -0.0233072 -0.00945329 0.999684 2.23785 2.2807 -0.402535</i>
                        <i>0.0985905 0.995008 0.0154692 -0.994857 0.0989148 -0.0218237 -0.0232449 -0.0132381 0.999642 2.23784 2.28223 -0.402127</i>
                        <i>0.0983049 0.994971 0.019199 -0.994887 0.098709 -0.0213715 -0.0231592 -0.0169999 0.999587 2.23784 2.28385 -0.401697</i>
                        <i>0.0980204 0.994922 0.0228639 -0.994917 0.0985004 -0.0209047 -0.0230507 -0.0206986 0.99952 2.23783 2.28552 -0.40125</i>
                        <i>0.0977396 0.994861 0.0264241 -0.994948 0.0982907 -0.0204278 -0.0229201 -0.024294 0.999442 2.23783 2.28724 -0.400789</i>
                        <i>0.0974654 0.994792 0.0298395 -0.994978 0.098082 -0.0199452 -0.022768 -0.0277457 0.999356 2.23783 2.28899 -0.400319</i>
                        <i>0.0972007 0.994715 0.0330704 -0.995008 0.0978763 -0.0194613 -0.0225952 -0.0310137 0.999264 2.23782 2.29075 -0.399843</i>
                        <i>0.0969483 0.994635 0.0360768 -0.995037 0.0976759 -0.0189804 -0.0224024 -0.0340577 0.999169 2.23782 2.29251 -0.399367</i>
                        <i>0.0967114 0.994555 0.0388191 -0.995065 0.0974833 -0.0185069 -0.0221903 -0.0368377 0.999075 2.23781 2.29426 -0.398893</i>
                        <i>0.0964929 0.994478 0.0412575 -0.995091 0.097301 -0.0180449 -0.0219597 -0.0393138 0.998986 2.23781 2.29597 -0.398428</i>
                        <i>0.0962953 0.99441 0.0433189 -0.995116 0.0971304 -0.0175984 -0.0217076 -0.0414127 0.998906 2.2378 2.29763 -0.397974</i>
                        <i>0.0961215 0.994354 0.0449567 -0.995139 0.0969738 -0.0171715 -0.0214341 -0.0430876 0.998841 2.2378 2.29923 -0.397536</i>
                        <i>0.0959865 0.994314 0.0461062 -0.995158 0.0968455 -0.0167698 -0.0211397 -0.0442733 0.998796 2.2378 2.30075 -0.397119</i>
                        <i>0.0959039 0.994294 0.0467076 -0.995173 0.096759 -0.0163989 -0.0208247 -0.0449094 0.998774 2.23779 2.30217 -0.396727</i>
                        <i>0.0958759 0.994294 0.0467682 -0.995182 0.0967171 -0.0160626 -0.0204942 -0.0450028 0.998777 2.23779 2.30348 -0.396365</i>
                        <i>0.0959045 0.994313 0.0462951 -0.995187 0.0967227 -0.0157646 -0.0201527 -0.0445604 0.998803 2.23779 2.30467 -0.396036</i>
                        <i>0.0959917 0.994351 0.0452957 -0.995185 0.0967787 -0.0155088 -0.0198048 -0.0435889 0.998853 2.23778 2.30572 -0.395746</i>
                        <i>0.0961394 0.994405 0.0437773 -0.995178 0.0968876 -0.0152991 -0.019455 -0.0420953 0.998924 2.23778 2.30661 -0.395499</i>
                        <i>0.0963494 0.994472 0.0417473 -0.995164 0.0970521 -0.0151395 -0.0191075 -0.0400867 0.999013 2.23778 2.30733 -0.395299</i>
                        <i>0.0966238 0.994548 0.0392137 -0.995144 0.0972745 -0.0150342 -0.0187667 -0.0375706 0.999118 2.23778 2.30786 -0.39515</i>
                        <i>0.0969646 0.99463 0.0361847 -0.995117 0.0975573 -0.0149873 -0.0184369 -0.0345548 0.999233 2.23778 2.30819 -0.395058</i>
                        <i>0.0973739 0.994712 0.0326697 -0.995083 0.097903 -0.0150034 -0.0181225 -0.0310481 0.999354 2.23778 2.30831 -0.395027</i>
                    </KeyFrames>
                </p>
            </i>
            <i>
                <p>
                    <Name><![CDATA[spine1]]></Name>
                    <Exclude>0</Exclude>
                    <Additive>0</Additive>
                    <IKPriority>0</IKPriority>
                    <IKRotLimits>-1e+010 -1e+010 -1e+010 1e+010 1e+010 1e+010</IKRotLimits>
                    <IKRotLimitOrder>0</IKRotLimitOrder>
                    <KeyFrames count="61">
                        <i>0.283192 0.897763 0.337379 -0.942768 0.325158 -0.0738943 -0.176041 -0.297144 0.938464 2.25537 2.48804 -0.389179</i>
                        <i>0.283392 0.898693 0.334723 -0.942827 0.324928 -0.0741552 -0.175404 -0.294571 0.939394 2.25544 2.48798 -0.389778</i>
                        <i>0.28352 0.89943 0.33263 -0.942862 0.324753 -0.0744751 -0.175008 -0.292509 0.940112 2.2555 2.48771 -0.390417</i>
                        <i>0.283583 0.899998 0.331034 -0.942876 0.324625 -0.0748519 -0.174829 -0.290898 0.940645 2.25557 2.48727 -0.391095</i>
                        <i>0.283588 0.900425 0.329868 -0.942872 0.324537 -0.0752837 -0.174842 -0.289674 0.94102 2.25563 2.48665 -0.391807</i>
                        <i>0.283542 0.900734 0.329064 -0.942853 0.324481 -0.0757686 -0.175022 -0.288775 0.941263 2.2557 2.48587 -0.392552</i>
                        <i>0.28345 0.900949 0.328552 -0.94282 0.32445 -0.0763044 -0.175345 -0.288137 0.941399 2.25576 2.48495 -0.393327</i>
                        <i>0.28332 0.901095 0.328263 -0.942777 0.324436 -0.0768892 -0.175785 -0.287695 0.941452 2.25582 2.4839 -0.394129</i>
                        <i>0.283158 0.901195 0.328128 -0.942727 0.324433 -0.0775208 -0.176317 -0.287385 0.941447 2.25589 2.48273 -0.394956</i>
                        <i>0.282971 0.901273 0.328077 -0.942671 0.324433 -0.0781969 -0.176916 -0.287141 0.941409 2.25595 2.48146 -0.395804</i>
                        <i>0.282765 0.901351 0.328041 -0.942612 0.324429 -0.0789153 -0.177556 -0.286901 0.941362 2.256 2.4801 -0.396671</i>
                        <i>0.282546 0.901453 0.327949 -0.942554 0.324414 -0.0796735 -0.178213 -0.286598 0.94133 2.25606 2.47866 -0.397554</i>
                        <i>0.282322 0.901602 0.327732 -0.942498 0.324379 -0.0804691 -0.17886 -0.286169 0.941337 2.25611 2.47716 -0.398451</i>
                        <i>0.2821 0.901821 0.327322 -0.942448 0.324317 -0.0812995 -0.179474 -0.285549 0.941409 2.25616 2.47561 -0.399358</i>
                        <i>0.281886 0.902131 0.326648 -0.942407 0.32422 -0.082162 -0.180027 -0.284675 0.941568 2.25621 2.47402 -0.400273</i>
                        <i>0.281681 0.902526 0.325734 -0.942374 0.324091 -0.0830473 -0.18052 -0.28357 0.941807 2.25625 2.47241 -0.401188</i>
                        <i>0.281482 0.902963 0.324694 -0.942346 0.323942 -0.0839397 -0.180977 -0.282347 0.942087 2.25629 2.47079 -0.40209</i>
                        <i>0.281286 0.903416 0.323602 -0.942321 0.323784 -0.0848263 -0.181411 -0.281077 0.942383 2.25633 2.46919 -0.402966</i>
                        <i>0.281091 0.903859 0.322532 -0.942297 0.323624 -0.0856948 -0.181835 -0.279833 0.942672 2.25637 2.46761 -0.403805</i>
                        <i>0.280897 0.904267 0.321555 -0.942272 0.323473 -0.0865326 -0.182263 -0.278686 0.942928 2.2564 2.46606 -0.404597</i>
                        <i>0.2807 0.904615 0.320747 -0.942245 0.32334 -0.0873274 -0.182708 -0.277709 0.943131 2.25642 2.46458 -0.405329</i>
                        <i>0.280502 0.904894 0.320134 -0.942214 0.323229 -0.0880703 -0.183171 -0.27693 0.94327 2.25645 2.46317 -0.405995</i>
                        <i>0.280306 0.905105 0.319709 -0.94218 0.323139 -0.088755 -0.183643 -0.276345 0.94335 2.25647 2.46185 -0.40659</i>
                        <i>0.280114 0.905241 0.319492 -0.942144 0.323076 -0.0893735 -0.184125 -0.275972 0.943365 2.25649 2.46062 -0.407109</i>
                        <i>0.279925 0.905296 0.3195 -0.942104 0.323041 -0.0899174 -0.184613 -0.275832 0.94331 2.25651 2.45952 -0.407545</i>
                        <i>0.27974 0.905256 0.319776 -0.942061 0.323038 -0.090377 -0.185114 -0.275967 0.943173 2.25652 2.45855 -0.407879</i>
                        <i>0.279556 0.905107 0.320358 -0.942014 0.323073 -0.0907424 -0.185631 -0.276414 0.94294 2.25652 2.45772 -0.408096</i>
                        <i>0.279376 0.904843 0.321261 -0.941963 0.323148 -0.0910058 -0.186161 -0.277191 0.942608 2.25652 2.45705 -0.40819</i>
                        <i>0.2792 0.904456 0.322499 -0.941907 0.323265 -0.0911589 -0.186702 -0.278313 0.94217 2.2565 2.45655 -0.408158</i>
                        <i>0.279032 0.90394 0.324089 -0.941848 0.323429 -0.0911935 -0.187253 -0.279797 0.941621 2.25649 2.45625 -0.407994</i>
                        <i>0.278872 0.903285 0.326046 -0.941784 0.323641 -0.091101 -0.187812 -0.281659 0.940954 2.25646 2.45615 -0.407695</i>
                        <i>0.278726 0.902511 0.328307 -0.941718 0.323894 -0.0908808 -0.188358 -0.283842 0.940189 2.25643 2.45627 -0.407262</i>
                        <i>0.278599 0.90165 0.330772 -0.941654 0.324176 -0.0905443 -0.188867 -0.286247 0.939357 2.25639 2.45659 -0.40671</i>
                        <i>0.27849 0.900714 0.333402 -0.941592 0.32448 -0.090101 -0.189337 -0.288836 0.938469 2.25635 2.45709 -0.406049</i>
                        <i>0.2784 0.899717 0.336158 -0.941532 0.324801 -0.0895606 -0.189764 -0.29157 0.937538 2.2563 2.45777 -0.405292</i>
                        <i>0.27833 0.898672 0.339 -0.941477 0.325134 -0.088933 -0.190142 -0.294408 0.936573 2.25624 2.4586 -0.404449</i>
                        <i>0.278278 0.897593 0.34189 -0.941426 0.325473 -0.0882278 -0.190469 -0.297313 0.935589 2.25618 2.45958 -0.403533</i>
                        <i>0.278246 0.896493 0.344789 -0.941381 0.325812 -0.0874551 -0.190739 -0.300243 0.934597 2.25612 2.46068 -0.402555</i>
                        <i>0.278233 0.895389 0.347656 -0.941342 0.326146 -0.0866249 -0.19095 -0.303161 0.933612 2.25605 2.46189 -0.401527</i>
                        <i>0.27824 0.894296 0.350453 -0.94131 0.326469 -0.0857473 -0.191096 -0.306027 0.932647 2.25598 2.46319 -0.400459</i>
                        <i>0.278267 0.893229 0.353141 -0.941287 0.326777 -0.0848325 -0.191173 -0.308801 0.931716 2.25591 2.46458 -0.399364</i>
                        <i>0.278315 0.892206 0.355681 -0.941271 0.327064 -0.083891 -0.191178 -0.311444 0.930835 2.25584 2.46603 -0.398253</i>
                        <i>0.278384 0.891244 0.358033 -0.941265 0.327325 -0.0829331 -0.191106 -0.313916 0.930019 2.25577 2.46753 -0.397137</i>
                        <i>0.278475 0.890359 0.360157 -0.94127 0.327556 -0.0819694 -0.190954 -0.316178 0.929284 2.2557 2.46907 -0.396028</i>
                        <i>0.278589 0.88957 0.362014 -0.941284 0.327752 -0.0810107 -0.190716 -0.31819 0.928646 2.25562 2.47064 -0.394938</i>
                        <i>0.278725 0.888894 0.363566 -0.94131 0.32791 -0.0800675 -0.190388 -0.319911 0.928121 2.25555 2.47221 -0.393877</i>
                        <i>0.278886 0.88835 0.36477 -0.941347 0.328024 -0.0791507 -0.189967 -0.321302 0.927727 2.25549 2.47378 -0.392857</i>
                        <i>0.279071 0.887955 0.365589 -0.941397 0.328093 -0.0782711 -0.189448 -0.322321 0.92748 2.25542 2.47533 -0.39189</i>
                        <i>0.279281 0.887727 0.365981 -0.941459 0.328111 -0.0774394 -0.188828 -0.322929 0.927395 2.25536 2.47685 -0.390987</i>
                        <i>0.279524 0.887722 0.365808 -0.941538 0.328065 -0.0766742 -0.188074 -0.32299 0.927527 2.2553 2.47833 -0.390164</i>
                        <i>0.279801 0.887965 0.365006 -0.941635 0.327948 -0.0759877 -0.187177 -0.322441 0.927899 2.25525 2.47974 -0.389436</i>
                        <i>0.280108 0.888432 0.363631 -0.941745 0.327771 -0.0753834 -0.186161 -0.321332 0.928488 2.25521 2.48109 -0.388817</i>
                        <i>0.280442 0.889099 0.361738 -0.941865 0.327545 -0.0748644 -0.185047 -0.319714 0.929269 2.25517 2.48235 -0.388322</i>
                        <i>0.280795 0.889934 0.359406 -0.941991 0.32728 -0.0744317 -0.183866 -0.317657 0.930208 2.25515 2.48353 -0.387955</i>
                        <i>0.28116 0.890902 0.356711 -0.94212 0.326987 -0.0740862 -0.182644 -0.315234 0.931273 2.25514 2.4846 -0.387717</i>
                        <i>0.281529 0.891972 0.353733 -0.942248 0.326676 -0.073829 -0.18141 -0.312519 0.932428 2.25514 2.48555 -0.387611</i>
                        <i>0.281896 0.893112 0.35055 -0.942372 0.326356 -0.0736607 -0.180192 -0.309584 0.933643 2.25516 2.48636 -0.387642</i>
                        <i>0.282253 0.894291 0.347243 -0.942489 0.326036 -0.0735823 -0.179018 -0.306504 0.934884 2.25519 2.48704 -0.387811</i>
                        <i>0.282593 0.895477 0.343892 -0.942596 0.325725 -0.0735945 -0.177916 -0.303354 0.936121 2.25524 2.48755 -0.388122</i>
                        <i>0.282908 0.896644 0.340577 -0.94269 0.32543 -0.0736981 -0.176915 -0.300209 0.937324 2.2553 2.48789 -0.388577</i>
                        <i>0.283192 0.897763 0.337379 -0.942768 0.325158 -0.0738943 -0.176041 -0.297144 0.938464 2.25537 2.48804 -0.389179</i>
                    </KeyFrames>
                </p>
            </i>
            <i>
                <p>
                    <Name><![CDATA[spine2]]></Name>
                    <Exclude>0</Exclude>
                    <Additive>0</Additive>
                    <IKPriority>0</IKPriority>
                    <IKRotLimits>-1e+010 -1e+010 -1e+010 1e+010 1e+010 1e+010</IKRotLimits>
                    <IKRotLimitOrder>0</IKRotLimitOrder>
                    <KeyFrames count="61">
                        <i>0.303838 0.830727 0.46645 -0.918071 0.386139 -0.0896798 -0.254614 -0.400986 0.87999 2.30234 2.6372 -0.332949</i>
                        <i>0.303095 0.830105 0.468037 -0.918153 0.385905 -0.0898505 -0.255203 -0.402497 0.879129 2.30244 2.63732 -0.333977</i>
                        <i>0.302313 0.829312 0.469946 -0.918225 0.385705 -0.089965 -0.25587 -0.404319 0.878099 2.30255 2.63723 -0.334945</i>
                        <i>0.301501 0.828385 0.472098 -0.91829 0.385535 -0.090037 -0.256595 -0.406376 0.876936 2.30264 2.63694 -0.335863</i>
                        <i>0.300669 0.827362 0.474415 -0.918348 0.385387 -0.0900802 -0.257362 -0.408594 0.87568 2.30273 2.63647 -0.336739</i>
                        <i>0.299829 0.826284 0.47682 -0.918401 0.385254 -0.0901081 -0.258152 -0.410895 0.87437 2.30282 2.63583 -0.337582</i>
                        <i>0.298992 0.825189 0.479236 -0.91845 0.38513 -0.0901342 -0.258946 -0.413205 0.873046 2.3029 2.63505 -0.338403</i>
                        <i>0.298168 0.824119 0.481584 -0.918498 0.385008 -0.0901717 -0.259726 -0.415447 0.871749 2.30298 2.63413 -0.339211</i>
                        <i>0.297369 0.823116 0.483789 -0.918545 0.384881 -0.0902339 -0.260474 -0.417549 0.870521 2.30305 2.6331 -0.340014</i>
                        <i>0.296607 0.822221 0.485774 -0.918593 0.384742 -0.0903338 -0.261172 -0.419435 0.869404 2.30311 2.63197 -0.340822</i>
                        <i>0.295894 0.821477 0.487466 -0.918644 0.384586 -0.0904843 -0.261803 -0.421034 0.868441 2.30318 2.63075 -0.341645</i>
                        <i>0.29524 0.820926 0.488789 -0.918698 0.384406 -0.0906983 -0.26235 -0.422271 0.867675 2.30324 2.62946 -0.342493</i>
                        <i>0.294659 0.82061 0.489669 -0.918757 0.384195 -0.0909886 -0.262794 -0.423076 0.867148 2.3033 2.62812 -0.343374</i>
                        <i>0.294162 0.820571 0.490032 -0.918824 0.383947 -0.0913676 -0.26312 -0.423377 0.866903 2.30335 2.62673 -0.344298</i>
                        <i>0.293761 0.82085 0.489806 -0.918897 0.383655 -0.0918477 -0.26331 -0.423101 0.86698 2.3034 2.62533 -0.345276</i>
                        <i>0.293453 0.821426 0.489025 -0.918979 0.383324 -0.0924189 -0.26337 -0.422283 0.86736 2.30345 2.62391 -0.346295</i>
                        <i>0.293221 0.822215 0.487836 -0.919064 0.382967 -0.0930473 -0.26333 -0.421069 0.867962 2.3035 2.6225 -0.347323</i>
                        <i>0.293055 0.823162 0.486337 -0.919152 0.382594 -0.0937101 -0.263208 -0.419555 0.868732 2.30354 2.62109 -0.348336</i>
                        <i>0.292943 0.824211 0.484624 -0.91924 0.382215 -0.0943847 -0.263023 -0.417836 0.869616 2.30358 2.6197 -0.34931</i>
                        <i>0.292875 0.825309 0.482793 -0.919328 0.38184 -0.0950485 -0.262794 -0.416008 0.870561 2.30361 2.61835 -0.350223</i>
                        <i>0.292839 0.826402 0.480941 -0.919412 0.38148 -0.0956793 -0.262539 -0.414164 0.871517 2.30364 2.61703 -0.351049</i>
                        <i>0.292831 0.827459 0.479126 -0.919492 0.381141 -0.0962645 -0.262269 -0.412363 0.872451 2.30367 2.61578 -0.351778</i>
                        <i>0.292847 0.828465 0.477374 -0.919566 0.380826 -0.0967991 -0.261991 -0.410629 0.873352 2.30369 2.61459 -0.352408</i>
                        <i>0.292883 0.829395 0.475734 -0.919633 0.380544 -0.0972729 -0.261715 -0.409011 0.874194 2.3037 2.61349 -0.352928</i>
                        <i>0.292935 0.830223 0.474255 -0.919691 0.380299 -0.0976754 -0.261451 -0.407556 0.874952 2.30371 2.61248 -0.353329</i>
                        <i>0.293027 0.830972 0.472886 -0.919738 0.380101 -0.0980045 -0.261183 -0.406213 0.875656 2.30371 2.61157 -0.353589</i>
                        <i>0.29318 0.831658 0.471583 -0.919771 0.379958 -0.0982571 -0.260898 -0.404941 0.87633 2.30371 2.61078 -0.353683</i>
                        <i>0.293385 0.832249 0.470412 -0.919787 0.379875 -0.0984218 -0.260609 -0.403803 0.876941 2.30369 2.61012 -0.353606</i>
                        <i>0.293634 0.832711 0.469437 -0.919786 0.37986 -0.0984867 -0.260331 -0.402863 0.877456 2.30366 2.6096 -0.35335</i>
                        <i>0.293917 0.833013 0.468724 -0.919767 0.379917 -0.0984402 -0.260078 -0.402183 0.877843 2.30361 2.60923 -0.352909</i>
                        <i>0.294225 0.833122 0.468336 -0.91973 0.380053 -0.0982702 -0.259864 -0.401829 0.878068 2.30356 2.60903 -0.352276</i>
                        <i>0.294561 0.833058 0.46824 -0.919674 0.380262 -0.0979857 -0.259682 -0.401765 0.878151 2.3035 2.60901 -0.351463</i>
                        <i>0.294931 0.832872 0.468337 -0.919602 0.380531 -0.0976104 -0.259514 -0.401896 0.878141 2.30344 2.60915 -0.350503</i>
                        <i>0.295333 0.832581 0.468601 -0.919517 0.380853 -0.0971549 -0.259357 -0.402193 0.878051 2.30336 2.60946 -0.349413</i>
                        <i>0.295765 0.832202 0.469003 -0.91942 0.38122 -0.0966297 -0.259209 -0.402631 0.877895 2.30328 2.60991 -0.348211</i>
                        <i>0.296223 0.831749 0.469516 -0.919313 0.381626 -0.0960452 -0.259065 -0.403181 0.877685 2.30319 2.6105 -0.346914</i>
                        <i>0.296706 0.83124 0.470112 -0.919198 0.382062 -0.0954119 -0.258922 -0.403817 0.877434 2.3031 2.61121 -0.345542</i>
                        <i>0.297209 0.830691 0.470764 -0.919076 0.382522 -0.0947406 -0.258778 -0.40451 0.877157 2.303 2.61204 -0.344111</i>
                        <i>0.297731 0.830118 0.471445 -0.918949 0.383 -0.094042 -0.258629 -0.405235 0.876867 2.3029 2.61296 -0.342639</i>
                        <i>0.298268 0.829538 0.472127 -0.918819 0.383487 -0.093327 -0.258472 -0.405962 0.876577 2.3028 2.61397 -0.341145</i>
                        <i>0.298819 0.828966 0.472781 -0.918687 0.383977 -0.0926065 -0.258305 -0.406666 0.8763 2.3027 2.61505 -0.339647</i>
                        <i>0.29938 0.828421 0.473382 -0.918555 0.384463 -0.0918918 -0.258123 -0.407317 0.876051 2.30259 2.61621 -0.33816</i>
                        <i>0.299949 0.827918 0.4739 -0.918426 0.384939 -0.091194 -0.257924 -0.407889 0.875844 2.30249 2.61742 -0.336705</i>
                        <i>0.300524 0.827476 0.47431 -0.918299 0.385398 -0.0905247 -0.257705 -0.408353 0.875692 2.30239 2.61867 -0.335297</i>
                        <i>0.301101 0.82711 0.474582 -0.918178 0.385834 -0.0898952 -0.257463 -0.408683 0.875609 2.30229 2.61996 -0.333955</i>
                        <i>0.301678 0.826837 0.474689 -0.918064 0.38624 -0.0893171 -0.257195 -0.40885 0.87561 2.3022 2.62128 -0.332695</i>
                        <i>0.302253 0.826676 0.474605 -0.917958 0.386611 -0.0888022 -0.256898 -0.408826 0.875708 2.30212 2.62261 -0.331536</i>
                        <i>0.302824 0.826642 0.4743 -0.917862 0.38694 -0.0883622 -0.256569 -0.408584 0.875917 2.30204 2.62395 -0.330494</i>
                        <i>0.303387 0.826753 0.473748 -0.917777 0.38722 -0.0880087 -0.256206 -0.408094 0.876252 2.30197 2.62529 -0.329587</i>
                        <i>0.303954 0.827088 0.472797 -0.917708 0.387435 -0.0877793 -0.255779 -0.407209 0.876788 2.30191 2.62662 -0.328855</i>
                        <i>0.304527 0.827679 0.471393 -0.917657 0.387576 -0.0876914 -0.255281 -0.405873 0.877553 2.30186 2.62794 -0.328321</i>
                        <i>0.305056 0.828416 0.469752 -0.917625 0.387647 -0.0877178 -0.254765 -0.404298 0.87843 2.30182 2.62923 -0.327989</i>
                        <i>0.305496 0.829198 0.468085 -0.917612 0.387651 -0.0878316 -0.254283 -0.402688 0.879308 2.30181 2.63049 -0.327863</i>
                        <i>0.30583 0.829971 0.466494 -0.917618 0.387596 -0.0880145 -0.253861 -0.401146 0.880134 2.30181 2.63169 -0.327932</i>
                        <i>0.306042 0.830682 0.465087 -0.917641 0.387488 -0.0882479 -0.253522 -0.399775 0.880855 2.30183 2.63282 -0.328185</i>
                        <i>0.306115 0.83128 0.463969 -0.917681 0.387334 -0.0885133 -0.25329 -0.39868 0.881418 2.30187 2.63387 -0.32861</i>
                        <i>0.306034 0.831712 0.463247 -0.917735 0.387142 -0.0887922 -0.253192 -0.397964 0.88177 2.30192 2.63481 -0.329198</i>
                        <i>0.305783 0.831927 0.463028 -0.917802 0.386919 -0.0890663 -0.253251 -0.397733 0.881857 2.302 2.63563 -0.329937</i>
                        <i>0.305344 0.83187 0.463418 -0.917882 0.386672 -0.0893174 -0.253492 -0.39809 0.881627 2.30209 2.63631 -0.330815</i>
                        <i>0.304702 0.831489 0.464524 -0.917972 0.38641 -0.0895278 -0.253938 -0.399141 0.881023 2.30221 2.63684 -0.331823</i>
                        <i>0.303838 0.830727 0.46645 -0.918071 0.386139 -0.0896798 -0.254614 -0.400986 0.87999 2.30234 2.6372 -0.332949</i>
                    </KeyFrames>
                </p>
            </i>
            <i>
                <p>
                    <Name><![CDATA[head]]></Name>
                    <Exclude>0</Exclude>
                    <Additive>0</Additive>
                    <IKPriority>0</IKPriority>
                    <IKRotLimits>-1e+010 -1e+010 -1e+010 1e+010 1e+010 1e+010</IKRotLimits>
                    <IKRotLimitOrder>0</IKRotLimitOrder>
                    <KeyFrames count="61">
                        <i>0.0827261 0.945573 0.314719 0.0652046 0.309989 -0.948501 -0.994437 0.0989871 -0.0360115 2.38129 2.86385 -0.226591</i>
                        <i>0.082174 0.947419 0.309264 0.0660712 0.304452 -0.950233 -0.994426 0.098518 -0.037579 2.38115 2.86375 -0.226817</i>
                        <i>0.0816531 0.949023 0.304448 0.0669907 0.299551 -0.951725 -0.994407 0.0981066 -0.0391164 2.38101 2.86342 -0.226924</i>
                        <i>0.0811659 0.95042 0.300189 0.0679429 0.295206 -0.953015 -0.994382 0.097748 -0.0406136 2.38086 2.86287 -0.226941</i>
                        <i>0.0807142 0.951646 0.296404 0.0689072 0.291335 -0.954136 -0.994353 0.0974367 -0.0420604 2.38072 2.86213 -0.226899</i>
                        <i>0.0802998 0.952731 0.293011 0.0698636 0.287857 -0.955122 -0.994319 0.0971669 -0.0434463 2.38058 2.86124 -0.226828</i>
                        <i>0.0799247 0.953706 0.289924 0.0707919 0.28469 -0.956002 -0.994284 0.0969324 -0.0447609 2.38045 2.8602 -0.226756</i>
                        <i>0.0795901 0.9546 0.287061 0.071672 0.281749 -0.956807 -0.994248 0.0967267 -0.0459937 2.38032 2.85904 -0.226714</i>
                        <i>0.079298 0.95544 0.284336 0.0724841 0.278952 -0.957566 -0.994212 0.0965429 -0.0471338 2.3802 2.8578 -0.226732</i>
                        <i>0.07905 0.956251 0.281664 0.0732083 0.276216 -0.958303 -0.994179 0.096374 -0.0481706 2.38009 2.85649 -0.226838</i>
                        <i>0.0788479 0.95706 0.27896 0.073825 0.273457 -0.959047 -0.994149 0.0962131 -0.0490935 2.38 2.85515 -0.227063</i>
                        <i>0.0786935 0.957891 0.276138 0.0743147 0.270589 -0.959822 -0.994125 0.0960528 -0.0498917 2.37993 2.85379 -0.227436</i>
                        <i>0.0785887 0.958767 0.273113 0.0746577 0.26753 -0.960653 -0.994108 0.0958864 -0.0505545 2.37987 2.85244 -0.227987</i>
                        <i>0.0785353 0.959709 0.269797 0.0748347 0.264194 -0.961562 -0.994099 0.0957067 -0.051071 2.37984 2.85112 -0.228744</i>
                        <i>0.0785352 0.960739 0.266106 0.0748262 0.260497 -0.962571 -0.994099 0.0955073 -0.0514303 2.37983 2.84987 -0.22974</i>
                        <i>0.0785835 0.961842 0.262076 0.0746403 0.256474 -0.963665 -0.994109 0.0952895 -0.0516376 2.37985 2.84868 -0.230951</i>
                        <i>0.0786686 0.96297 0.257878 0.0743139 0.252295 -0.964792 -0.994127 0.0950627 -0.0517143 2.37988 2.84755 -0.232303</i>
                        <i>0.0787827 0.964089 0.253624 0.0738712 0.248069 -0.965922 -0.994151 0.0948334 -0.0516749 2.37993 2.84647 -0.233745</i>
                        <i>0.0789185 0.965173 0.249425 0.0733366 0.243906 -0.967022 -0.99418 0.0946079 -0.0515338 2.37999 2.84544 -0.235227</i>
                        <i>0.079069 0.966193 0.245394 0.0727345 0.239917 -0.968065 -0.994212 0.0943925 -0.0513056 2.38006 2.84445 -0.236696</i>
                        <i>0.0792278 0.967125 0.241645 0.0720895 0.236213 -0.969023 -0.994246 0.0941936 -0.051005 2.38014 2.84351 -0.238102</i>
                        <i>0.0793901 0.967953 0.238252 0.071421 0.232869 -0.969882 -0.994282 0.0940153 -0.0506447 2.38021 2.84261 -0.239415</i>
                        <i>0.0795528 0.968671 0.235262 0.0707439 0.229928 -0.970633 -0.994317 0.0938599 -0.0502361 2.38029 2.84177 -0.240622</i>
                        <i>0.0797119 0.969267 0.232741 0.0700763 0.227458 -0.971263 -0.994352 0.0937309 -0.0497916 2.38037 2.841 -0.2417</i>
                        <i>0.0798637 0.969728 0.230758 0.0694366 0.225523 -0.97176 -0.994384 0.0936314 -0.0493235 2.38045 2.84028 -0.242623</i>
