<?xml version="1.0" encoding="ISO-8859-1" ?>
<Animl Version="1">
    <ModellingPackage><![CDATA[Maya.2010]]></ModellingPackage>
    <SrcFile><![CDATA[anims\vehicles\red\~src\air\helicopter_hormone\helicopter_hormone_exit_crewman_b.mb]]></SrcFile>
    <FramesPerSecond>30</FramesPerSecond>
    <TotalFrames>121</TotalFrames>
    <Skeleton>
        <RefFrame>
            <Name><![CDATA[soldier_ref_frame]]></Name>
            <Exclude>0</Exclude>
            <Additive>0</Additive>
            <IKPriority>0</IKPriority>
            <IKRotLimits>-1e+010 -1e+010 -1e+010 1e+010 1e+010 1e+010</IKRotLimits>
            <IKRotLimitOrder>0</IKRotLimitOrder>
            <KeyFrames count="121">
                <i>1 0 0 0 1 0 0 0 1 0 0 0</i>
                <i>1 0 0 0 1 0 0 0 1 0 0 0</i>
                <i>1 0 0 0 1 0 0 0 1 0 0 0</i>
                <i>1 0 0 0 1 0 0 0 1 0 0 0</i>
                <i>1 0 0 0 1 0 0 0 1 0 0 0</i>
                <i>1 0 0 0 1 0 0 0 1 0 0 0</i>
                <i>1 0 0 0 1 0 0 0 1 0 0 0</i>
                <i>1 0 0 0 1 0 0 0 1 0 0 0</i>
                <i>1 0 0 0 1 0 0 0 1 0 0 0</i>
                <i>1 0 0 0 1 0 0 0 1 0 0 0</i>
                <i>1 0 0 0 1 0 0 0 1 0 0 0</i>
                <i>1 0 0 0 1 0 0 0 1 0 0 0</i>
                <i>1 0 0 0 1 0 0 0 1 0 0 0</i>
                <i>1 0 0 0 1 0 0 0 1 0 0 0</i>
                <i>1 0 0 0 1 0 0 0 1 0 0 0</i>
                <i>1 0 0 0 1 0 0 0 1 0 0 0</i>
                <i>1 0 0 0 1 0 0 0 1 0 0 0</i>
                <i>1 0 0 0 1 0 0 0 1 0 0 0</i>
                <i>1 0 0 0 1 0 0 0 1 0 0 0</i>
                <i>1 0 0 0 1 0 0 0 1 0 0 0</i>
                <i>1 0 0 0 1 0 0 0 1 0 0 0</i>
                <i>1 0 0 0 1 0 0 0 1 0 0 0</i>
                <i>1 0 0 0 1 0 0 0 1 0 0 0</i>
                <i>1 0 0 0 1 0 0 0 1 0 0 0</i>
                <i>1 0 0 0 1 0 0 0 1 0 0 0</i>
                <i>1 0 0 0 1 0 0 0 1 0 0 0</i>
                <i>1 0 0 0 1 0 0 0 1 0 0 0</i>
                <i>1 0 0 0 1 0 0 0 1 0 0 0</i>
                <i>1 0 0 0 1 0 0 0 1 0 0 0</i>
                <i>1 0 0 0 1 0 0 0 1 0 0 0</i>
                <i>1 0 0 0 1 0 0 0 1 0 0 0</i>
                <i>1 0 0 0 1 0 0 0 1 0 0 0</i>
                <i>1 0 0 0 1 0 0 0 1 0 0 0</i>
                <i>1 0 0 0 1 0 0 0 1 0 0 0</i>
                <i>1 0 0 0 1 0 0 0 1 0 0 0</i>
                <i>1 0 0 0 1 0 0 0 1 0 0 0</i>
                <i>1 0 0 0 1 0 0 0 1 0 0 0</i>
                <i>1 0 0 0 1 0 0 0 1 0 0 0</i>
                <i>1 0 0 0 1 0 0 0 1 0 0 0</i>
                <i>1 0 0 0 1 0 0 0 1 0 0 0</i>
                <i>1 0 0 0 1 0 0 0 1 0 0 0</i>
                <i>1 0 0 0 1 0 0 0 1 0 0 0</i>
                <i>1 0 0 0 1 0 0 0 1 0 0 0</i>
                <i>1 0 0 0 1 0 0 0 1 0 0 0</i>
                <i>1 0 0 0 1 0 0 0 1 0 0 0</i>
                <i>1 0 0 0 1 0 0 0 1 0 0 0</i>
                <i>1 0 0 0 1 0 0 0 1 0 0 0</i>
                <i>1 0 0 0 1 0 0 0 1 0 0 0</i>
                <i>1 0 0 0 1 0 0 0 1 0 0 0</i>
                <i>1 0 0 0 1 0 0 0 1 0 0 0</i>
                <i>1 0 0 0 1 0 0 0 1 0 0 0</i>
                <i>1 0 0 0 1 0 0 0 1 0 0 0</i>
                <i>1 0 0 0 1 0 0 0 1 0 0 0</i>
                <i>1 0 0 0 1 0 0 0 1 0 0 0</i>
                <i>1 0 0 0 1 0 0 0 1 0 0 0</i>
                <i>1 0 0 0 1 0 0 0 1 0 0 0</i>
                <i>1 0 0 0 1 0 0 0 1 0 0 0</i>
                <i>1 0 0 0 1 0 0 0 1 0 0 0</i>
                <i>1 0 0 0 1 0 0 0 1 0 0 0</i>
                <i>1 0 0 0 1 0 0 0 1 0 0 0</i>
                <i>1 0 0 0 1 0 0 0 1 0 0 0</i>
                <i>1 0 0 0 1 0 0 0 1 0 0 0</i>
                <i>1 0 0 0 1 0 0 0 1 0 0 0</i>
                <i>1 0 0 0 1 0 0 0 1 0 0 0</i>
                <i>1 0 0 0 1 0 0 0 1 0 0 0</i>
                <i>1 0 0 0 1 0 0 0 1 0 0 0</i>
                <i>1 0 0 0 1 0 0 0 1 0 0 0</i>
                <i>1 0 0 0 1 0 0 0 1 0 0 0</i>
                <i>1 0 0 0 1 0 0 0 1 0 0 0</i>
                <i>1 0 0 0 1 0 0 0 1 0 0 0</i>
                <i>1 0 0 0 1 0 0 0 1 0 0 0</i>
                <i>1 0 0 0 1 0 0 0 1 0 0 0</i>
                <i>1 0 0 0 1 0 0 0 1 0 0 0</i>
                <i>1 0 0 0 1 0 0 0 1 0 0 0</i>
                <i>1 0 0 0 1 0 0 0 1 0 0 0</i>
                <i>1 0 0 0 1 0 0 0 1 0 0 0</i>
                <i>1 0 0 0 1 0 0 0 1 0 0 0</i>
                <i>1 0 0 0 1 0 0 0 1 0 0 0</i>
                <i>1 0 0 0 1 0 0 0 1 0 0 0</i>
                <i>1 0 0 0 1 0 0 0 1 0 0 0</i>
                <i>1 0 0 0 1 0 0 0 1 0 0 0</i>
                <i>1 0 0 0 1 0 0 0 1 0 0 0</i>
                <i>1 0 0 0 1 0 0 0 1 0 0 0</i>
                <i>1 0 0 0 1 0 0 0 1 0 0 0</i>
                <i>1 0 0 0 1 0 0 0 1 0 0 0</i>
                <i>1 0 0 0 1 0 0 0 1 0 0 0</i>
                <i>1 0 0 0 1 0 0 0 1 0 0 0</i>
                <i>1 0 0 0 1 0 0 0 1 0 0 0</i>
                <i>1 0 0 0 1 0 0 0 1 0 0 0</i>
                <i>1 0 0 0 1 0 0 0 1 0 0 0</i>
                <i>1 0 0 0 1 0 0 0 1 0 0 0</i>
                <i>1 0 0 0 1 0 0 0 1 0 0 0</i>
                <i>1 0 0 0 1 0 0 0 1 0 0 0</i>
                <i>1 0 0 0 1 0 0 0 1 0 0 0</i>
                <i>1 0 0 0 1 0 0 0 1 0 0 0</i>
                <i>1 0 0 0 1 0 0 0 1 0 0 0</i>
                <i>1 0 0 0 1 0 0 0 1 0 0 0</i>
                <i>1 0 0 0 1 0 0 0 1 0 0 0</i>
                <i>1 0 0 0 1 0 0 0 1 0 0 0</i>
                <i>1 0 0 0 1 0 0 0 1 0 0 0</i>
                <i>1 0 0 0 1 0 0 0 1 0 0 0</i>
                <i>1 0 0 0 1 0 0 0 1 0 0 0</i>
                <i>1 0 0 0 1 0 0 0 1 0 0 0</i>
                <i>1 0 0 0 1 0 0 0 1 0 0 0</i>
                <i>1 0 0 0 1 0 0 0 1 0 0 0</i>
                <i>1 0 0 0 1 0 0 0 1 0 0 0</i>
                <i>1 0 0 0 1 0 0 0 1 0 0 0</i>
                <i>1 0 0 0 1 0 0 0 1 0 0 0</i>
                <i>1 0 0 0 1 0 0 0 1 0 0 0</i>
                <i>1 0 0 0 1 0 0 0 1 0 0 0</i>
                <i>1 0 0 0 1 0 0 0 1 0 0 0</i>
                <i>1 0 0 0 1 0 0 0 1 0 0 0</i>
                <i>1 0 0 0 1 0 0 0 1 0 0 0</i>
                <i>1 0 0 0 1 0 0 0 1 0 0 0</i>
                <i>1 0 0 0 1 0 0 0 1 0 0 0</i>
                <i>1 0 0 0 1 0 0 0 1 0 0 0</i>
                <i>1 0 0 0 1 0 0 0 1 0 0 0</i>
                <i>1 0 0 0 1 0 0 0 1 0 0 0</i>
                <i>1 0 0 0 1 0 0 0 1 0 0 0</i>
                <i>1 0 0 0 1 0 0 0 1 0 0 0</i>
                <i>1 0 0 0 1 0 0 0 1 0 0 0</i>
            </KeyFrames>
        </RefFrame>
        <Bones count="23">
            <i>
                <p>
                    <Name><![CDATA[pelvis]]></Name>
                    <Exclude>0</Exclude>
                    <Additive>0</Additive>
                    <IKPriority>0</IKPriority>
                    <IKRotLimits>-1e+010 -1e+010 -1e+010 1e+010 1e+010 1e+010</IKRotLimits>
                    <IKRotLimitOrder>2</IKRotLimitOrder>
                    <KeyFrames count="121">
                        <i>1 0 0 0 1 0 0 0 1 -0.76 2.17 3.99</i>
                        <i>1 0 0 0 1 0 0 0 1 -0.76 2.17 3.99</i>
                        <i>1 0 0 0 1 0 0 0 1 -0.76 2.17 3.99</i>
                        <i>1 0 0 0 1 0 0 0 1 -0.76 2.17 3.99</i>
                        <i>1 0 0 0 1 0 0 0 1 -0.76 2.17 3.99</i>
                        <i>1 0 0 0 1 0 0 0 1 -0.76 2.17 3.99</i>
                        <i>1 0 0 0 1 0 0 0 1 -0.76 2.17 3.99</i>
                        <i>1 0 0 0 1 0 0 0 1 -0.76 2.17 3.99</i>
                        <i>1 0 0 0 1 0 0 0 1 -0.76 2.17 3.99</i>
                        <i>1 0 0 0 1 0 0 0 1 -0.76 2.17 3.99</i>
                        <i>1 0 0 0 1 0 0 0 1 -0.76 2.17 3.99</i>
                        <i>1 0 0 0 1 0 0 0 1 -0.76 2.17 3.99</i>
                        <i>1 0 0 0 1 0 0 0 1 -0.76 2.17 3.99</i>
                        <i>1 0 0 0 1 0 0 0 1 -0.76 2.17 3.99</i>
                        <i>1 0 0 0 1 0 0 0 1 -0.76 2.17 3.99</i>
                        <i>1 0 0 0 1 0 0 0 1 -0.76 2.17 3.99</i>
                        <i>1 0 0 0 1 0 0 0 1 -0.76 2.17 3.99</i>
                        <i>1 0 0 0 1 0 0 0 1 -0.76 2.17 3.99</i>
                        <i>1 0 0 0 1 0 0 0 1 -0.76 2.17 3.99</i>
                        <i>1 0 0 0 1 0 0 0 1 -0.76 2.17 3.99</i>
                        <i>1 0 0 0 1 0 0 0 1 -0.76 2.17 3.99</i>
                        <i>1 0 0 0 1 0 0 0 1 -0.76 2.17 3.99</i>
                        <i>1 0 0 0 1 0 0 0 1 -0.76 2.17 3.99</i>
                        <i>1 0 0 0 1 0 0 0 1 -0.76 2.17 3.99</i>
                        <i>1 0 0 0 1 0 0 0 1 -0.76 2.17 3.99</i>
                        <i>1 0 0 0 1 0 0 0 1 -0.76 2.17 3.99</i>
                        <i>1 0 0 0 1 0 0 0 1 -0.76 2.17 3.99</i>
                        <i>1 0 0 0 1 0 0 0 1 -0.76 2.17 3.99</i>
                        <i>1 0 0 0 1 0 0 0 1 -0.76 2.17 3.99</i>
                        <i>1 0 0 0 1 0 0 0 1 -0.76 2.17 3.99</i>
                        <i>1 0 0 0 1 0 0 0 1 -0.76 2.17 3.99</i>
                        <i>1 0 0 0 1 0 0 0 1 -0.76 2.17 3.99</i>
                        <i>1 0 0 0 1 0 0 0 1 -0.76 2.17 3.99</i>
                        <i>1 0 0 0 1 0 0 0 1 -0.76 2.17 3.99</i>
                        <i>1 0 0 0 1 0 0 0 1 -0.76 2.17 3.99</i>
                        <i>1 0 0 0 1 0 0 0 1 -0.76 2.17 3.99</i>
                        <i>1 0 0 0 1 0 0 0 1 -0.76 2.17 3.99</i>
                        <i>1 0 0 0 1 0 0 0 1 -0.76 2.17 3.99</i>
                        <i>1 0 0 0 1 0 0 0 1 -0.76 2.17 3.99</i>
                        <i>1 0 0 0 1 0 0 0 1 -0.76 2.17 3.99</i>
                        <i>1 0 0 0 1 0 0 0 1 -0.76 2.17 3.99</i>
                        <i>1 0 0 0 1 0 0 0 1 -0.76 2.17 3.99</i>
                        <i>1 0 0 0 1 0 0 0 1 -0.76 2.17 3.99</i>
                        <i>1 0 0 0 1 0 0 0 1 -0.76 2.17 3.99</i>
                        <i>1 0 0 0 1 0 0 0 1 -0.76 2.17 3.99</i>
                        <i>1 0 0 0 1 0 0 0 1 -0.76 2.17 3.99</i>
                        <i>1 0 0 0 1 0 0 0 1 -0.76 2.17 3.99</i>
                        <i>1 0 0 0 1 0 0 0 1 -0.76 2.17 3.99</i>
                        <i>1 0 0 0 1 0 0 0 1 -0.76 2.17 3.99</i>
                        <i>1 0 0 0 1 0 0 0 1 -0.76 2.17 3.99</i>
                        <i>1 0 0 0 1 0 0 0 1 -0.76 2.17 3.99</i>
                        <i>1 0 0 0 1 0 0 0 1 -0.76 2.17 3.99</i>
                        <i>1 0 0 0 1 0 0 0 1 -0.76 2.17 3.99</i>
                        <i>1 0 0 0 1 0 0 0 1 -0.76 2.17 3.99</i>
                        <i>1 0 0 0 1 0 0 0 1 -0.76 2.17 3.99</i>
                        <i>1 0 0 0 1 0 0 0 1 -0.76 2.17 3.99</i>
                        <i>1 0 0 0 1 0 0 0 1 -0.76 2.17 3.99</i>
                        <i>1 0 0 0 1 0 0 0 1 -0.76 2.17 3.99</i>
                        <i>1 0 0 0 1 0 0 0 1 -0.76 2.17 3.99</i>
                        <i>1 0 0 0 1 0 0 0 1 -0.76 2.17 3.99</i>
                        <i>1 0 0 0 1 0 0 0 1 -0.76 2.17 3.99</i>
                        <i>1 0 0 0 1 0 0 0 1 -0.76 2.17 3.99</i>
                        <i>1 0 0 0 1 0 0 0 1 -0.76 2.17 3.99</i>
                        <i>1 0 0 0 1 0 0 0 1 -0.76 2.17 3.99</i>
                        <i>1 0 0 0 1 0 0 0 1 -0.76 2.17 3.99</i>
                        <i>1 0 0 0 1 0 0 0 1 -0.76 2.17 3.99</i>
                        <i>1 0 0 0 1 0 0 0 1 -0.76 2.17 3.99</i>
                        <i>1 0 0 0 1 0 0 0 1 -0.76 2.17 3.99</i>
                        <i>1 0 0 0 1 0 0 0 1 -0.76 2.17 3.99</i>
                        <i>1 0 0 0 1 0 0 0 1 -0.76 2.17 3.99</i>
                        <i>1 0 0 0 1 0 0 0 1 -0.75858 2.1761 4.00479</i>
                        <i>1 0 0 0 1 0 0 0 1 -0.754107 2.19293 4.04338</i>
                        <i>1 0 0 0 1 0 0 0 1 -0.74626 2.2183 4.09711</i>
                        <i>1 0 0 0 1 0 0 0 1 -0.73472 2.25 4.15733</i>
                        <i>1 0 0 0 1 0 0 0 1 -0.719167 2.28583 4.21538</i>
                        <i>1 0 0 0 1 0 0 0 1 -0.69928 2.3236 4.26259</i>
                        <i>1 0 0 0 1 0 0 0 1 -0.67474 2.3611 4.29032</i>
                        <i>1 0 0 0 1 0 0 0 1 -0.645227 2.39613 4.28991</i>
                        <i>1 0 0 0 1 0 0 0 1 -0.61042 2.4265 4.25268</i>
                        <i>1 0 0 0 1 0 0 0 1 -0.57 2.45 4.17</i>
                        <i>1 0 0 0 1 0 0 0 1 -0.503067 2.46469 4.05675</i>
                        <i>1 0 0 0 1 0 0 0 1 -0.4028 2.47128 3.9341</i>
                        <i>1 0 0 0 1 0 0 0 1 -0.29 2.47152 3.80277</i>
                        <i>1 0 0 0 1 0 0 0 1 -0.185467 2.46717 3.6635</i>
                        <i>1 0 0 0 1 0 0 0 1 -0.11 2.46 3.51702</i>
                        <i>1 0 0 0 1 0 0 0 1 -0.0584534 2.45184 3.36405</i>
                        <i>1 0 0 0 1 0 0 0 1 -0.0169598 2.44337 3.20534</i>
                        <i>1 0 0 0 1 0 0 0 1 0.00676007 2.43461 3.04161</i>
                        <i>1 0 0 0 1 0 0 0 1 0.00498666 2.4256 2.8736</i>
                        <i>1 0 0 0 1 0 0 0 1 -0.03 2.41633 2.70203</i>
                        <i>1 0 0 0 1 0 0 0 1 -0.084885 2.40685 2.52764</i>
                        <i>1 0 0 0 1 0 0 0 1 -0.14116 2.39717 2.35116</i>
                        <i>1 0 0 0 1 0 0 0 1 -0.198753 2.38732 2.17332</i>
                        <i>1 0 0 0 1 0 0 0 1 -0.257595 2.37731 1.99485</i>
                        <i>1 0 0 0 1 0 0 0 1 -0.317615 2.36716 1.81648</i>
                        <i>1 0 0 0 1 0 0 0 1 -0.378741 2.3569 1.63895</i>
                        <i>1 0 0 0 1 0 0 0 1 -0.440904 2.34656 1.46299</i>
                        <i>1 0 0 0 1 0 0 0 1 -0.504033 2.33615 1.28933</i>
                        <i>1 0 0 0 1 0 0 0 1 -0.568056 2.32569 1.11869</i>
                        <i>1 0 0 0 1 0 0 0 1 -0.632904 2.31521 0.951816</i>
                        <i>1 0 0 0 1 0 0 0 1 -0.698506 2.30472 0.789434</i>
                        <i>1 0 0 0 1 0 0 0 1 -0.764791 2.29426 0.632275</i>
                        <i>1 0 0 0 1 0 0 0 1 -0.831688 2.28384 0.481074</i>
                        <i>1 0 0 0 1 0 0 0 1 -0.899127 2.27348 0.336559</i>
                        <i>1 0 0 0 1 0 0 0 1 -0.967036 2.26321 0.199463</i>
                        <i>1 0 0 0 1 0 0 0 1 -1.03535 2.25305 0.0758532</i>
                        <i>1 0 0 0 1 0 0 0 1 -1.10399 2.24301 -0.0300745</i>
                        <i>1 0 0 0 1 0 0 0 1 -1.17289 2.23312 -0.120396</i>
                        <i>1 0 0 0 1 0 0 0 1 -1.24197 2.22341 -0.197186</i>
                        <i>1 0 0 0 1 0 0 0 1 -1.31118 2.2139 -0.26252</i>
                        <i>1 0 0 0 1 0 0 0 1 -1.38043 2.2046 -0.318475</i>
                        <i>1 0 0 0 1 0 0 0 1 -1.44966 2.19553 -0.367124</i>
                        <i>1 0 0 0 1 0 0 0 1 -1.51879 2.18673 -0.410545</i>
                        <i>1 0 0 0 1 0 0 0 1 -1.58776 2.17821 -0.450811</i>
                        <i>1 0 0 0 1 0 0 0 1 -1.6565 2.17 -0.49</i>
                        <i>1 0 0 0 1 0 0 0 1 -1.72493 2.16441 -0.514265</i>
                        <i>1 0 0 0 1 0 0 0 1 -1.79298 2.16284 -0.513859</i>
                        <i>1 0 0 0 1 0 0 0 1 -1.86058 2.16396 -0.497006</i>
                        <i>1 0 0 0 1 0 0 0 1 -1.92767 2.16642 -0.471929</i>
                        <i>1 0 0 0 1 0 0 0 1 -1.99416 2.16888 -0.446853</i>
                        <i>1 0 0 0 1 0 0 0 1 -2.06 2.17 -0.43</i>
                    </KeyFrames>
                </p>
            </i>
            <i>
                <p>
                    <Name><![CDATA[spine0]]></Name>
                    <Exclude>0</Exclude>
                    <Additive>0</Additive>
                    <IKPriority>0</IKPriority>
                    <IKRotLimits>-1e+010 -1e+010 -1e+010 1e+010 1e+010 1e+010</IKRotLimits>
                    <IKRotLimitOrder>0</IKRotLimitOrder>
                    <KeyFrames count="121">
                        <i>-0.00725488 0.998971 0.0447661 -0.999613 -0.00604281 -0.0271519 -0.0268534 -0.0449457 0.998628 -0.757571 2.29822 3.92482</i>
                        <i>-0.00725488 0.998971 0.0447661 -0.999613 -0.00604281 -0.0271519 -0.0268534 -0.0449457 0.998628 -0.757571 2.29822 3.92482</i>
                        <i>-0.00725488 0.998971 0.0447661 -0.999613 -0.00604281 -0.0271519 -0.0268534 -0.0449457 0.998628 -0.757571 2.29822 3.92482</i>
                        <i>-0.00725488 0.998971 0.0447661 -0.999613 -0.00604281 -0.0271519 -0.0268534 -0.0449457 0.998628 -0.757571 2.29822 3.92482</i>
                        <i>-0.00725488 0.998971 0.0447661 -0.999613 -0.00604281 -0.0271519 -0.0268534 -0.0449457 0.998628 -0.757571 2.29822 3.92482</i>
                        <i>-0.00725488 0.998971 0.0447661 -0.999613 -0.00604281 -0.0271519 -0.0268534 -0.0449457 0.998628 -0.757571 2.29822 3.92482</i>
                        <i>-0.00725488 0.998971 0.0447661 -0.999613 -0.00604281 -0.0271519 -0.0268534 -0.0449457 0.998628 -0.757571 2.29822 3.92482</i>
                        <i>-0.00725488 0.998971 0.0447661 -0.999613 -0.00604281 -0.0271519 -0.0268534 -0.0449457 0.998628 -0.757571 2.29822 3.92482</i>
                        <i>-0.00725488 0.998971 0.0447661 -0.999613 -0.00604281 -0.0271519 -0.0268534 -0.0449457 0.998628 -0.757571 2.29822 3.92482</i>
                        <i>-0.00725488 0.998971 0.0447661 -0.999613 -0.00604281 -0.0271519 -0.0268534 -0.0449457 0.998628 -0.757571 2.29822 3.92482</i>
                        <i>-0.00725488 0.998971 0.0447661 -0.999613 -0.00604281 -0.0271519 -0.0268534 -0.0449457 0.998628 -0.757571 2.29822 3.92482</i>
                        <i>-0.00725488 0.998971 0.0447661 -0.999613 -0.00604281 -0.0271519 -0.0268534 -0.0449457 0.998628 -0.757571 2.29822 3.92482</i>
                        <i>-0.00725488 0.998971 0.0447661 -0.999613 -0.00604281 -0.0271519 -0.0268534 -0.0449457 0.998628 -0.757571 2.29822 3.92482</i>
                        <i>-0.00725488 0.998971 0.0447661 -0.999613 -0.00604281 -0.0271519 -0.0268534 -0.0449457 0.998628 -0.757571 2.29822 3.92482</i>
                        <i>-0.00725488 0.998971 0.0447661 -0.999613 -0.00604281 -0.0271519 -0.0268534 -0.0449457 0.998628 -0.757571 2.29822 3.92482</i>
                        <i>-0.00725488 0.998971 0.0447661 -0.999613 -0.00604281 -0.0271519 -0.0268534 -0.0449457 0.998628 -0.757571 2.29822 3.92482</i>
                        <i>-0.00725488 0.998971 0.0447661 -0.999613 -0.00604281 -0.0271519 -0.0268534 -0.0449457 0.998628 -0.757571 2.29822 3.92482</i>
                        <i>-0.00725488 0.998971 0.0447661 -0.999613 -0.00604281 -0.0271519 -0.0268534 -0.0449457 0.998628 -0.757571 2.29822 3.92482</i>
                        <i>-0.00725488 0.998971 0.0447661 -0.999613 -0.00604281 -0.0271519 -0.0268534 -0.0449457 0.998628 -0.757571 2.29822 3.92482</i>
                        <i>-0.00725488 0.998971 0.0447661 -0.999613 -0.00604281 -0.0271519 -0.0268534 -0.0449457 0.998628 -0.757571 2.29822 3.92482</i>
                        <i>-0.00725488 0.998971 0.0447661 -0.999613 -0.00604281 -0.0271519 -0.0268534 -0.0449457 0.998628 -0.757571 2.29822 3.92482</i>
                        <i>-0.00725488 0.998971 0.0447661 -0.999613 -0.00604281 -0.0271519 -0.0268534 -0.0449457 0.998628 -0.757571 2.29822 3.92482</i>
                        <i>-0.00725488 0.998971 0.0447661 -0.999613 -0.00604281 -0.0271519 -0.0268534 -0.0449457 0.998628 -0.757571 2.29822 3.92482</i>
                        <i>-0.00725488 0.998971 0.0447661 -0.999613 -0.00604281 -0.0271519 -0.0268534 -0.0449457 0.998628 -0.757571 2.29822 3.92482</i>
                        <i>-0.00725488 0.998971 0.0447661 -0.999613 -0.00604281 -0.0271519 -0.0268534 -0.0449457 0.998628 -0.757571 2.29822 3.92482</i>
                        <i>-0.00725488 0.998971 0.0447661 -0.999613 -0.00604281 -0.0271519 -0.0268534 -0.0449457 0.998628 -0.757571 2.29822 3.92482</i>
                        <i>-0.00725488 0.998971 0.0447661 -0.999613 -0.00604281 -0.0271519 -0.0268534 -0.0449457 0.998628 -0.757571 2.29822 3.92482</i>
                        <i>-0.00725488 0.998971 0.0447661 -0.999613 -0.00604281 -0.0271519 -0.0268534 -0.0449457 0.998628 -0.757571 2.29822 3.92482</i>
                        <i>-0.00725488 0.998971 0.0447661 -0.999613 -0.00604281 -0.0271519 -0.0268534 -0.0449457 0.998628 -0.757571 2.29822 3.92482</i>
                        <i>-0.00725488 0.998971 0.0447661 -0.999613 -0.00604281 -0.0271519 -0.0268534 -0.0449457 0.998628 -0.757571 2.29822 3.92482</i>
                        <i>-0.00725488 0.998971 0.0447661 -0.999613 -0.00604281 -0.0271519 -0.0268534 -0.0449457 0.998628 -0.757571 2.29822 3.92482</i>
                        <i>-0.00725488 0.998971 0.0447661 -0.999613 -0.00604281 -0.0271519 -0.0268534 -0.0449457 0.998628 -0.757571 2.29822 3.92482</i>
                        <i>-0.00725488 0.998971 0.0447661 -0.999613 -0.00604281 -0.0271519 -0.0268534 -0.0449457 0.998628 -0.757571 2.29822 3.92482</i>
                        <i>-0.00725488 0.998971 0.0447661 -0.999613 -0.00604281 -0.0271519 -0.0268534 -0.0449457 0.998628 -0.757571 2.29822 3.92482</i>
                        <i>-0.00725488 0.998971 0.0447661 -0.999613 -0.00604281 -0.0271519 -0.0268534 -0.0449457 0.998628 -0.757571 2.29822 3.92482</i>
                        <i>-0.00725488 0.998971 0.0447661 -0.999613 -0.00604281 -0.0271519 -0.0268534 -0.0449457 0.998628 -0.757571 2.29822 3.92482</i>
                        <i>-0.00725488 0.998971 0.0447661 -0.999613 -0.00604281 -0.0271519 -0.0268534 -0.0449457 0.998628 -0.757571 2.29822 3.92482</i>
                        <i>-0.00725488 0.998971 0.0447661 -0.999613 -0.00604281 -0.0271519 -0.0268534 -0.0449457 0.998628 -0.757571 2.29822 3.92482</i>
                        <i>-0.00725488 0.998971 0.0447661 -0.999613 -0.00604281 -0.0271519 -0.0268534 -0.0449457 0.998628 -0.757571 2.29822 3.92482</i>
                        <i>-0.00725488 0.998971 0.0447661 -0.999613 -0.00604281 -0.0271519 -0.0268534 -0.0449457 0.998628 -0.757571 2.29822 3.92482</i>
                        <i>-0.00725488 0.998971 0.0447661 -0.999613 -0.00604281 -0.0271519 -0.0268534 -0.0449457 0.998628 -0.757571 2.29822 3.92482</i>
                        <i>-0.00725488 0.998971 0.0447661 -0.999613 -0.00604281 -0.0271519 -0.0268534 -0.0449457 0.998628 -0.757571 2.29822 3.92482</i>
                        <i>-0.00725488 0.998971 0.0447661 -0.999613 -0.00604281 -0.0271519 -0.0268534 -0.0449457 0.998628 -0.757571 2.29822 3.92482</i>
                        <i>-0.00725488 0.998971 0.0447661 -0.999613 -0.00604281 -0.0271519 -0.0268534 -0.0449457 0.998628 -0.757571 2.29822 3.92482</i>
                        <i>-0.00725488 0.998971 0.0447661 -0.999613 -0.00604281 -0.0271519 -0.0268534 -0.0449457 0.998628 -0.757571 2.29822 3.92482</i>
                        <i>-0.00725488 0.998971 0.0447661 -0.999613 -0.00604281 -0.0271519 -0.0268534 -0.0449457 0.998628 -0.757571 2.29822 3.92482</i>
                        <i>-0.00725488 0.998971 0.0447661 -0.999613 -0.00604281 -0.0271519 -0.0268534 -0.0449457 0.998628 -0.757571 2.29822 3.92482</i>
                        <i>-0.00725488 0.998971 0.0447661 -0.999613 -0.00604281 -0.0271519 -0.0268534 -0.0449457 0.998628 -0.757571 2.29822 3.92482</i>
                        <i>-0.00725488 0.998971 0.0447661 -0.999613 -0.00604281 -0.0271519 -0.0268534 -0.0449457 0.998628 -0.757571 2.29822 3.92482</i>
                        <i>-0.00725488 0.998971 0.0447661 -0.999613 -0.00604281 -0.0271519 -0.0268534 -0.0449457 0.998628 -0.757571 2.29822 3.92482</i>
                        <i>-0.00725488 0.998971 0.0447661 -0.999613 -0.00604281 -0.0271519 -0.0268534 -0.0449457 0.998628 -0.757571 2.29822 3.92482</i>
                        <i>-0.00725488 0.998971 0.0447661 -0.999613 -0.00604281 -0.0271519 -0.0268534 -0.0449457 0.998628 -0.757571 2.29822 3.92482</i>
                        <i>-0.00725488 0.998971 0.0447661 -0.999613 -0.00604281 -0.0271519 -0.0268534 -0.0449457 0.998628 -0.757571 2.29822 3.92482</i>
                        <i>-0.00725488 0.998971 0.0447661 -0.999613 -0.00604281 -0.0271519 -0.0268534 -0.0449457 0.998628 -0.757571 2.29822 3.92482</i>
                        <i>-0.00725488 0.998971 0.0447661 -0.999613 -0.00604281 -0.0271519 -0.0268534 -0.0449457 0.998628 -0.757571 2.29822 3.92482</i>
                        <i>-0.00725488 0.998971 0.0447661 -0.999613 -0.00604281 -0.0271519 -0.0268534 -0.0449457 0.998628 -0.757571 2.29822 3.92482</i>
                        <i>-0.00725488 0.998971 0.0447661 -0.999613 -0.00604281 -0.0271519 -0.0268534 -0.0449457 0.998628 -0.757571 2.29822 3.92482</i>
                        <i>-0.00725488 0.998971 0.0447661 -0.999613 -0.00604281 -0.0271519 -0.0268534 -0.0449457 0.998628 -0.757571 2.29822 3.92482</i>
                        <i>-0.00725488 0.998971 0.0447661 -0.999613 -0.00604281 -0.0271519 -0.0268534 -0.0449457 0.998628 -0.757571 2.29822 3.92482</i>
                        <i>-0.00725488 0.998971 0.0447661 -0.999613 -0.00604281 -0.0271519 -0.0268534 -0.0449457 0.998628 -0.757571 2.29822 3.92482</i>
                        <i>-0.00587487 0.99882 0.0482173 -0.999616 -0.00455936 -0.0273477 -0.0270956 -0.0483594 0.998462 -0.757571 2.29822 3.92482</i>
                        <i>-0.00417484 0.998632 0.052119 -0.999616 -0.00273913 -0.0275879 -0.0274074 -0.0522141 0.99826 -0.757571 2.29822 3.92482</i>
                        <i>-0.00219739 0.998413 0.056278 -0.999611 -0.000629281 -0.0278662 -0.0277866 -0.0563173 0.998026 -0.757571 2.29822 3.92482</i>
                        <i>-1.3375e-005 0.998168 0.0604986 -0.999602 0.00169413 -0.0281725 -0.0282234 -0.0604749 0.997771 -0.757571 2.29822 3.92482</i>
                        <i>0.00227482 0.99791 0.0645851 -0.999586 0.00412269 -0.0284925 -0.0286993 -0.0644935 0.997505 -0.757571 2.29822 3.92482</i>
                        <i>0.00453395 0.997652 0.0683439 -0.999564 0.00651611 -0.0288078 -0.0291855 -0.0681835 0.997246 -0.757571 2.29822 3.92482</i>
                        <i>0.00660414 0.997413 0.0715856 -0.999539 0.00870648 -0.0290961 -0.0296441 -0.0713604 0.99701 -0.757571 2.29822 3.92482</i>
                        <i>0.00830689 0.997214 0.0741253 -0.999514 0.0105064 -0.029333 -0.03003 -0.0738457 0.996817 -0.757571 2.29822 3.92482</i>
                        <i>0.00945659 0.99708 0.0757819 -0.999496 0.0117211 -0.0294927 -0.0302948 -0.0754648 0.996688 -0.757571 2.29822 3.92482</i>
                        <i>0.00987559 0.99703 0.0763747 -0.999489 0.0121636 -0.0295509 -0.0303922 -0.0760439 0.996641 -0.757571 2.29822 3.92482</i>
                        <i>0.0142592 0.997154 0.0740324 -0.999739 0.0155379 -0.0167252 -0.0178279 -0.0737746 0.997116 -0.756574 2.3042 3.93935</i>
                        <i>0.0259924 0.997359 0.0678187 -0.999487 0.0246586 0.0204301 0.0187039 -0.068315 0.997488 -0.753447 2.32075 3.97735</i>
                        <i>0.0427255 0.997349 0.0589037 -0.996085 0.0379563 0.0798347 0.0773873 -0.0620841 0.995066 -0.747996 2.3458 4.0305</i>
                        <i>0.0620834 0.996893 0.048479 -0.985809 0.0536579 0.159062 0.155967 -0.0576662 0.986078 -0.739984 2.37732 4.09056</i>
                        <i>0.0819786 0.995917 0.0378089 -0.964413 0.0697028 0.255048 0.251371 -0.0573718 0.966189 -0.729074 2.41326 4.14934</i>
                        <i>0.100878 0.9945 0.0281651 -0.927682 0.083796 0.363847 0.359486 -0.0628326 0.931033 -0.714784 2.45153 4.19864</i>
                        <i>0.117981 0.992801 0.020631 -0.871972 0.0936369 0.480518 0.475127 -0.0746818 0.876742 -0.696465 2.48997 4.23019</i>
                        <i>0.133253 0.990956 0.0157942 -0.794687 0.0973109 0.599168 0.592213 -0.0923923 0.800467 -0.673318 2.52635 4.23558</i>
                        <i>0.147272 0.989005 0.0133906 -0.694648 0.0937833 0.713211 0.704113 -0.114338 0.700822 -0.644442 2.55831 4.20616</i>
                        <i>0.160891 0.986899 0.01199 -0.572319 0.0833922 0.81578 0.804093 -0.138114 0.578238 -0.60891 2.58347 4.13302</i>
                        <i>0.182131 0.983227 0.00962546 -0.372248 0.0598872 0.926199 0.910088 -0.172273 0.376911 -0.545866 2.60027 4.03477</i>
                        <i>0.21277 0.976821 -0.0234531 -0.0597606 0.0369672 0.997528 0.975273 -0.210842 0.0662409 -0.444707 2.60886 3.9307</i>
                        <i>0.224051 0.96836 -0.109907 0.290824 0.0412033 0.955889 0.930173 -0.246132 -0.272391 -0.325221 2.61067 3.81246</i>
                        <i>0.189664 0.95637 -0.222227 0.580905 0.0731702 0.810676 0.791566 -0.282849 -0.541682 -0.213271 2.60764 3.67734</i>
                        <i>0.127673 0.94395 -0.304398 0.752819 0.107583 0.649376 0.645726 -0.312064 -0.696888 -0.133865 2.60123 3.53051</i>
                        <i>0.0745798 0.940836 -0.330552 0.828301 0.126136 0.5459 0.555297 -0.31451 -0.769889 -0.0815971 2.59306 3.37875</i>
                        <i>0.037627 0.946686 -0.319952 0.859077 0.13291 0.494289 0.510462 -0.293462 -0.808275 -0.0407484 2.58404 3.2238</i>
                        <i>0.0141449 0.956239 -0.292246 0.869245 0.132691 0.476241 0.494179 -0.26077 -0.829329 -0.018065 2.57436 3.06509</i>
                        <i>-0.00241657 0.964226 -0.265071 0.874365 0.130667 0.467345 0.485263 -0.230639 -0.843401 -0.0205385 2.56436 2.90169</i>
                        <i>-0.0172495 0.967034 -0.254063 0.887514 0.131829 0.441521 0.460458 -0.217869 -0.86053 -0.0548418 2.55465 2.7328</i>
                        <i>-0.0307015 0.965998 -0.256718 0.906311 0.135212 0.400397 0.421494 -0.220374 -0.879647 -0.107818 2.54529 2.55936</i>
                        <i>-0.0404724 0.964545 -0.260797 0.921603 0.136873 0.363198 0.386017 -0.225651 -0.894468 -0.161952 2.53583 2.38337</i>
                        <i>-0.0476184 0.962737 -0.266214 0.93431 0.137188 0.329005 0.353267 -0.233059 -0.906028 -0.21725 2.52627 2.20564</i>
                        <i>-0.0531281 0.960615 -0.272756 0.945133 0.13654 0.296784 0.322337 -0.242023 -0.915163 -0.273703 2.51661 2.02696</i>
                        <i>-0.0579431 0.958216 -0.280115 0.954588 0.135316 0.265426 0.292239 -0.252014 -0.922543 -0.331288 2.50683 1.84815</i>
                        <i>-0.062975 0.955588 -0.2879 0.963028 0.133896 0.233771 0.261937 -0.262534 -0.92869 -0.389981 2.49693 1.66999</i>
                        <i>-0.0691131 0.952792 -0.295652 0.970645 0.132662 0.200624 0.230375 -0.273107 -0.933991 -0.449751 2.48692 1.49326</i>
                        <i>-0.0772232 0.949908 -0.30284 0.977461 0.131993 0.164769 0.196488 -0.28329 -0.93869 -0.510566 2.47681 1.31877</i>
                        <i>-0.0881349 0.947018 -0.308853 0.983303 0.132271 0.124979 0.15921 -0.292681 -0.942863 -0.572393 2.46662 1.14727</i>
                        <i>-0.102615 0.944199 -0.312983 0.987761 0.133879 0.0800341 0.11747 -0.30094 -0.94638 -0.635197 2.45635 0.979557</i>
                        <i>-0.121329 0.9415 -0.314416 0.990127 0.137195 0.0287441 0.0701988 -0.307824 -0.94885 -0.698934 2.44604 0.816382</i>
                        <i>-0.14478 0.938917 -0.312209 0.989329 0.142574 -0.0300106 0.0163354 -0.313222 -0.949539 -0.763555 2.43571 0.658502</i>
                        <i>-0.173228 0.936369 -0.305295 0.983847 0.150316 -0.0972123 -0.0451358 -0.317203 -0.947283 -0.828994 2.42538 0.50666</i>
                        <i>-0.206596 0.933683 -0.292498 0.97163 0.160606 -0.17361 -0.115119 -0.320067 -0.940375 -0.895171 2.4151 0.361576</i>
                        <i>-0.244344 0.930587 -0.272589 0.950027 0.173415 -0.259569 -0.19428 -0.322391 -0.926455 -0.961985 2.40488 0.223943</i>
                        <i>-0.291817 0.92549 -0.241477 0.911755 0.192867 -0.362637 -0.289044 -0.325992 -0.900102 -1.02976 2.39479 0.0997846</i>
                        <i>-0.348873 0.916329 -0.19654 0.847296 0.218787 -0.483965 -0.400471 -0.33537 -0.852731 -1.09859 2.38491 -0.00702044</i>
                        <i>-0.406324 0.902928 -0.140079 0.751965 0.243345 -0.612643 -0.519085 -0.354266 -0.777847 -1.16809 2.37531 -0.0990547</i>
                        <i>-0.456068 0.886671 -0.0762656 0.625033 0.258127 -0.736685 -0.633511 -0.383647 -0.671922 -1.23806 2.36605 -0.17886</i>
                        <i>-0.492363 0.870323 -0.0107431 0.47074 0.255887 -0.844349 -0.732108 -0.420784 -0.535686 -1.30848 2.35708 -0.248827</i>
                        <i>-0.511766 0.857651 0.0503097 0.298047 0.232159 -0.925889 -0.805769 -0.458844 -0.374431 -1.37943 2.34827 -0.311095</i>
                        <i>-0.514103 0.851771 0.100922 0.118688 0.187174 -0.97513 -0.849477 -0.489339 -0.197321 -1.45096 2.33939 -0.367491</i>
                        <i>-0.502229 0.853796 0.13711 -0.0554751 0.126418 -0.990425 -0.862954 -0.505026 -0.0161266 -1.52294 2.33025 -0.419551</i>
                        <i>-0.479497 0.863223 0.157887 -0.214604 0.0591077 -0.974911 -0.850898 -0.50135 0.15691 -1.59496 2.32079 -0.468613</i>
                        <i>-0.448264 0.87851 0.165166 -0.352262 -0.00378912 -0.935894 -0.821566 -0.477709 0.311164 -1.66636 2.31115 -0.515967</i>
                        <i>-0.403031 0.90185 0.155669 -0.465883 -0.05577 -0.883087 -0.78773 -0.428435 0.442633 -1.73535 2.30407 -0.547165</i>
                        <i>-0.342791 0.930404 0.129779 -0.562156 -0.0924798 -0.821844 -0.752646 -0.354677 0.554733 -1.80126 2.3012 -0.552392</i>
                        <i>-0.273574 0.957104 0.0954382 -0.648113 -0.110114 -0.753542 -0.710709 -0.268004 0.650436 -1.86498 2.30116 -0.540057</i>
                        <i>-0.201222 0.977791 0.0586024 -0.727037 -0.10899 -0.677892 -0.65645 -0.179013 0.732822 -1.92754 2.30249 -0.518641</i>
                        <i>-0.132545 0.990901 0.0233921 -0.799611 -0.092952 -0.593281 -0.585708 -0.0973408 0.804656 -1.99004 2.30379 -0.496635</i>
                        <i>-0.075337 0.99713 -0.00748878 -0.865084 -0.0690919 -0.496846 -0.495938 -0.0309525 0.867806 -2.05369 2.30379 -0.48249</i>
                    </KeyFrames>
                </p>
            </i>
            <i>
                <p>
                    <Name><![CDATA[spine1]]></Name>
                    <Exclude>0</Exclude>
                    <Additive>0</Additive>
                    <IKPriority>0</IKPriority>
                    <IKRotLimits>-1e+010 -1e+010 -1e+010 1e+010 1e+010 1e+010</IKRotLimits>
                    <IKRotLimitOrder>0</IKRotLimitOrder>
                    <KeyFrames count="121">
                        <i>-0.0233271 0.923163 0.3837 -0.999703 -0.0188576 -0.0154066 -0.00698716 -0.383946 0.923329 -0.758893 2.48049 3.93292</i>
                        <i>-0.0233271 0.923163 0.3837 -0.999703 -0.0188576 -0.0154066 -0.00698716 -0.383946 0.923329 -0.758893 2.48049 3.93292</i>
                        <i>-0.0233271 0.923163 0.3837 -0.999703 -0.0188576 -0.0154066 -0.00698716 -0.383946 0.923329 -0.758893 2.48049 3.93292</i>
                        <i>-0.0233271 0.923163 0.3837 -0.999703 -0.0188576 -0.0154066 -0.00698716 -0.383946 0.923329 -0.758893 2.48049 3.93292</i>
                        <i>-0.0233271 0.923163 0.3837 -0.999703 -0.0188576 -0.0154066 -0.00698716 -0.383946 0.923329 -0.758893 2.48049 3.93292</i>
                        <i>-0.0233271 0.923163 0.3837 -0.999703 -0.0188576 -0.0154066 -0.00698716 -0.383946 0.923329 -0.758893 2.48049 3.93292</i>
                        <i>-0.0233271 0.923163 0.3837 -0.999703 -0.0188576 -0.0154066 -0.00698716 -0.383946 0.923329 -0.758893 2.48049 3.93292</i>
                        <i>-0.0233271 0.923163 0.3837 -0.999703 -0.0188576 -0.0154066 -0.00698716 -0.383946 0.923329 -0.758893 2.48049 3.93292</i>
                        <i>-0.0233271 0.923163 0.3837 -0.999703 -0.0188576 -0.0154066 -0.00698716 -0.383946 0.923329 -0.758893 2.48049 3.93292</i>
                        <i>-0.0233271 0.923163 0.3837 -0.999703 -0.0188576 -0.0154066 -0.00698716 -0.383946 0.923329 -0.758893 2.48049 3.93292</i>
                        <i>-0.0233271 0.923163 0.3837 -0.999703 -0.0188576 -0.0154066 -0.00698716 -0.383946 0.923329 -0.758893 2.48049 3.93292</i>
                        <i>-0.0233271 0.923163 0.3837 -0.999703 -0.0188576 -0.0154066 -0.00698716 -0.383946 0.923329 -0.758893 2.48049 3.93292</i>
                        <i>-0.0233271 0.923163 0.3837 -0.999703 -0.0188576 -0.0154066 -0.00698716 -0.383946 0.923329 -0.758893 2.48049 3.93292</i>
                        <i>-0.0233271 0.923163 0.3837 -0.999703 -0.0188576 -0.0154066 -0.00698716 -0.383946 0.923329 -0.758893 2.48049 3.93292</i>
                        <i>-0.0233271 0.923163 0.3837 -0.999703 -0.0188576 -0.0154066 -0.00698716 -0.383946 0.923329 -0.758893 2.48049 3.93292</i>
                        <i>-0.0233271 0.923163 0.3837 -0.999703 -0.0188576 -0.0154066 -0.00698716 -0.383946 0.923329 -0.758893 2.48049 3.93292</i>
                        <i>-0.0233271 0.923163 0.3837 -0.999703 -0.0188576 -0.0154066 -0.00698716 -0.383946 0.923329 -0.758893 2.48049 3.93292</i>
                        <i>-0.0233271 0.923163 0.3837 -0.999703 -0.0188576 -0.0154066 -0.00698716 -0.383946 0.923329 -0.758893 2.48049 3.93292</i>
                        <i>-0.0233271 0.923163 0.3837 -0.999703 -0.0188576 -0.0154066 -0.00698716 -0.383946 0.923329 -0.758893 2.48049 3.93292</i>
                        <i>-0.0233271 0.923163 0.3837 -0.999703 -0.0188576 -0.0154066 -0.00698716 -0.383946 0.923329 -0.758893 2.48049 3.93292</i>
                        <i>-0.0233271 0.923163 0.3837 -0.999703 -0.0188576 -0.0154066 -0.00698716 -0.383946 0.923329 -0.758893 2.48049 3.93292</i>
                        <i>-0.0233271 0.923163 0.3837 -0.999703 -0.0188576 -0.0154066 -0.00698716 -0.383946 0.923329 -0.758893 2.48049 3.93292</i>
                        <i>-0.0233271 0.923163 0.3837 -0.999703 -0.0188576 -0.0154066 -0.00698716 -0.383946 0.923329 -0.758893 2.48049 3.93292</i>
                        <i>-0.0233271 0.923163 0.3837 -0.999703 -0.0188576 -0.0154066 -0.00698716 -0.383946 0.923329 -0.758893 2.48049 3.93292</i>
                        <i>-0.0233271 0.923163 0.3837 -0.999703 -0.0188576 -0.0154066 -0.00698716 -0.383946 0.923329 -0.758893 2.48049 3.93292</i>
                        <i>-0.0233271 0.923163 0.3837 -0.999703 -0.0188576 -0.0154066 -0.00698716 -0.383946 0.923329 -0.758893 2.48049 3.93292</i>
                        <i>-0.0233271 0.923163 0.3837 -0.999703 -0.0188576 -0.0154066 -0.00698716 -0.383946 0.923329 -0.758893 2.48049 3.93292</i>
                        <i>-0.0233271 0.923163 0.3837 -0.999703 -0.0188576 -0.0154066 -0.00698716 -0.383946 0.923329 -0.758893 2.48049 3.93292</i>
                        <i>-0.0233271 0.923163 0.3837 -0.999703 -0.0188576 -0.0154066 -0.00698716 -0.383946 0.923329 -0.758893 2.48049 3.93292</i>
                        <i>-0.0233271 0.923163 0.3837 -0.999703 -0.0188576 -0.0154066 -0.00698716 -0.383946 0.923329 -0.758893 2.48049 3.93292</i>
                        <i>-0.0233271 0.923163 0.3837 -0.999703 -0.0188576 -0.0154066 -0.00698716 -0.383946 0.923329 -0.758893 2.48049 3.93292</i>
                        <i>-0.0233271 0.923163 0.3837 -0.999703 -0.0188576 -0.0154066 -0.00698716 -0.383946 0.923329 -0.758893 2.48049 3.93292</i>
                        <i>-0.0233271 0.923163 0.3837 -0.999703 -0.0188576 -0.0154066 -0.00698716 -0.383946 0.923329 -0.758893 2.48049 3.93292</i>
                        <i>-0.0233271 0.923163 0.3837 -0.999703 -0.0188576 -0.0154066 -0.00698716 -0.383946 0.923329 -0.758893 2.48049 3.93292</i>
                        <i>-0.0233271 0.923163 0.3837 -0.999703 -0.0188576 -0.0154066 -0.00698716 -0.383946 0.923329 -0.758893 2.48049 3.93292</i>
                        <i>-0.0233271 0.923163 0.3837 -0.999703 -0.0188576 -0.0154066 -0.00698716 -0.383946 0.923329 -0.758893 2.48049 3.93292</i>
                        <i>-0.0233271 0.923163 0.3837 -0.999703 -0.0188576 -0.0154066 -0.00698716 -0.383946 0.923329 -0.758893 2.48049 3.93292</i>
                        <i>-0.0233271 0.923163 0.3837 -0.999703 -0.0188576 -0.0154066 -0.00698716 -0.383946 0.923329 -0.758893 2.48049 3.93292</i>
                        <i>-0.0233271 0.923163 0.3837 -0.999703 -0.0188576 -0.0154066 -0.00698716 -0.383946 0.923329 -0.758893 2.48049 3.93292</i>
                        <i>-0.0233271 0.923163 0.3837 -0.999703 -0.0188576 -0.0154066 -0.00698716 -0.383946 0.923329 -0.758893 2.48049 3.93292</i>
