<?xml version="1.0" encoding="ISO-8859-1" ?>
<Animl Version="1">
    <ModellingPackage><![CDATA[Maya.2010]]></ModellingPackage>
    <SrcFile><![CDATA[anims\vehicles\red\~src\air\helicopter_hormone\helicopter_hormone_takeoff_crewman_b.mb]]></SrcFile>
    <FramesPerSecond>30</FramesPerSecond>
    <TotalFrames>121</TotalFrames>
    <Skeleton>
        <RefFrame>
            <Name><![CDATA[soldier_ref_frame]]></Name>
            <Exclude>0</Exclude>
            <Additive>0</Additive>
            <IKPriority>0</IKPriority>
            <IKRotLimits>-1e+010 -1e+010 -1e+010 1e+010 1e+010 1e+010</IKRotLimits>
            <IKRotLimitOrder>0</IKRotLimitOrder>
            <KeyFrames count="121">
                <i>1 0 0 0 1 0 0 0 1 0 0 0</i>
                <i>1 0 0 0 1 0 0 0 1 0 0 0</i>
                <i>1 0 0 0 1 0 0 0 1 0 0 0</i>
                <i>1 0 0 0 1 0 0 0 1 0 0 0</i>
                <i>1 0 0 0 1 0 0 0 1 0 0 0</i>
                <i>1 0 0 0 1 0 0 0 1 0 0 0</i>
                <i>1 0 0 0 1 0 0 0 1 0 0 0</i>
                <i>1 0 0 0 1 0 0 0 1 0 0 0</i>
                <i>1 0 0 0 1 0 0 0 1 0 0 0</i>
                <i>1 0 0 0 1 0 0 0 1 0 0 0</i>
                <i>1 0 0 0 1 0 0 0 1 0 0 0</i>
                <i>1 0 0 0 1 0 0 0 1 0 0 0</i>
                <i>1 0 0 0 1 0 0 0 1 0 0 0</i>
                <i>1 0 0 0 1 0 0 0 1 0 0 0</i>
                <i>1 0 0 0 1 0 0 0 1 0 0 0</i>
                <i>1 0 0 0 1 0 0 0 1 0 0 0</i>
                <i>1 0 0 0 1 0 0 0 1 0 0 0</i>
                <i>1 0 0 0 1 0 0 0 1 0 0 0</i>
                <i>1 0 0 0 1 0 0 0 1 0 0 0</i>
                <i>1 0 0 0 1 0 0 0 1 0 0 0</i>
                <i>1 0 0 0 1 0 0 0 1 0 0 0</i>
                <i>1 0 0 0 1 0 0 0 1 0 0 0</i>
                <i>1 0 0 0 1 0 0 0 1 0 0 0</i>
                <i>1 0 0 0 1 0 0 0 1 0 0 0</i>
                <i>1 0 0 0 1 0 0 0 1 0 0 0</i>
                <i>1 0 0 0 1 0 0 0 1 0 0 0</i>
                <i>1 0 0 0 1 0 0 0 1 0 0 0</i>
                <i>1 0 0 0 1 0 0 0 1 0 0 0</i>
                <i>1 0 0 0 1 0 0 0 1 0 0 0</i>
                <i>1 0 0 0 1 0 0 0 1 0 0 0</i>
                <i>1 0 0 0 1 0 0 0 1 0 0 0</i>
                <i>1 0 0 0 1 0 0 0 1 0 0 0</i>
                <i>1 0 0 0 1 0 0 0 1 0 0 0</i>
                <i>1 0 0 0 1 0 0 0 1 0 0 0</i>
                <i>1 0 0 0 1 0 0 0 1 0 0 0</i>
                <i>1 0 0 0 1 0 0 0 1 0 0 0</i>
                <i>1 0 0 0 1 0 0 0 1 0 0 0</i>
                <i>1 0 0 0 1 0 0 0 1 0 0 0</i>
                <i>1 0 0 0 1 0 0 0 1 0 0 0</i>
                <i>1 0 0 0 1 0 0 0 1 0 0 0</i>
                <i>1 0 0 0 1 0 0 0 1 0 0 0</i>
                <i>1 0 0 0 1 0 0 0 1 0 0 0</i>
                <i>1 0 0 0 1 0 0 0 1 0 0 0</i>
                <i>1 0 0 0 1 0 0 0 1 0 0 0</i>
                <i>1 0 0 0 1 0 0 0 1 0 0 0</i>
                <i>1 0 0 0 1 0 0 0 1 0 0 0</i>
                <i>1 0 0 0 1 0 0 0 1 0 0 0</i>
                <i>1 0 0 0 1 0 0 0 1 0 0 0</i>
                <i>1 0 0 0 1 0 0 0 1 0 0 0</i>
                <i>1 0 0 0 1 0 0 0 1 0 0 0</i>
                <i>1 0 0 0 1 0 0 0 1 0 0 0</i>
                <i>1 0 0 0 1 0 0 0 1 0 0 0</i>
                <i>1 0 0 0 1 0 0 0 1 0 0 0</i>
                <i>1 0 0 0 1 0 0 0 1 0 0 0</i>
                <i>1 0 0 0 1 0 0 0 1 0 0 0</i>
                <i>1 0 0 0 1 0 0 0 1 0 0 0</i>
                <i>1 0 0 0 1 0 0 0 1 0 0 0</i>
                <i>1 0 0 0 1 0 0 0 1 0 0 0</i>
                <i>1 0 0 0 1 0 0 0 1 0 0 0</i>
                <i>1 0 0 0 1 0 0 0 1 0 0 0</i>
                <i>1 0 0 0 1 0 0 0 1 0 0 0</i>
                <i>1 0 0 0 1 0 0 0 1 0 0 0</i>
                <i>1 0 0 0 1 0 0 0 1 0 0 0</i>
                <i>1 0 0 0 1 0 0 0 1 0 0 0</i>
                <i>1 0 0 0 1 0 0 0 1 0 0 0</i>
                <i>1 0 0 0 1 0 0 0 1 0 0 0</i>
                <i>1 0 0 0 1 0 0 0 1 0 0 0</i>
                <i>1 0 0 0 1 0 0 0 1 0 0 0</i>
                <i>1 0 0 0 1 0 0 0 1 0 0 0</i>
                <i>1 0 0 0 1 0 0 0 1 0 0 0</i>
                <i>1 0 0 0 1 0 0 0 1 0 0 0</i>
                <i>1 0 0 0 1 0 0 0 1 0 0 0</i>
                <i>1 0 0 0 1 0 0 0 1 0 0 0</i>
                <i>1 0 0 0 1 0 0 0 1 0 0 0</i>
                <i>1 0 0 0 1 0 0 0 1 0 0 0</i>
                <i>1 0 0 0 1 0 0 0 1 0 0 0</i>
                <i>1 0 0 0 1 0 0 0 1 0 0 0</i>
                <i>1 0 0 0 1 0 0 0 1 0 0 0</i>
                <i>1 0 0 0 1 0 0 0 1 0 0 0</i>
                <i>1 0 0 0 1 0 0 0 1 0 0 0</i>
                <i>1 0 0 0 1 0 0 0 1 0 0 0</i>
                <i>1 0 0 0 1 0 0 0 1 0 0 0</i>
                <i>1 0 0 0 1 0 0 0 1 0 0 0</i>
                <i>1 0 0 0 1 0 0 0 1 0 0 0</i>
                <i>1 0 0 0 1 0 0 0 1 0 0 0</i>
                <i>1 0 0 0 1 0 0 0 1 0 0 0</i>
                <i>1 0 0 0 1 0 0 0 1 0 0 0</i>
                <i>1 0 0 0 1 0 0 0 1 0 0 0</i>
                <i>1 0 0 0 1 0 0 0 1 0 0 0</i>
                <i>1 0 0 0 1 0 0 0 1 0 0 0</i>
                <i>1 0 0 0 1 0 0 0 1 0 0 0</i>
                <i>1 0 0 0 1 0 0 0 1 0 0 0</i>
                <i>1 0 0 0 1 0 0 0 1 0 0 0</i>
                <i>1 0 0 0 1 0 0 0 1 0 0 0</i>
                <i>1 0 0 0 1 0 0 0 1 0 0 0</i>
                <i>1 0 0 0 1 0 0 0 1 0 0 0</i>
                <i>1 0 0 0 1 0 0 0 1 0 0 0</i>
                <i>1 0 0 0 1 0 0 0 1 0 0 0</i>
                <i>1 0 0 0 1 0 0 0 1 0 0 0</i>
                <i>1 0 0 0 1 0 0 0 1 0 0 0</i>
                <i>1 0 0 0 1 0 0 0 1 0 0 0</i>
                <i>1 0 0 0 1 0 0 0 1 0 0 0</i>
                <i>1 0 0 0 1 0 0 0 1 0 0 0</i>
                <i>1 0 0 0 1 0 0 0 1 0 0 0</i>
                <i>1 0 0 0 1 0 0 0 1 0 0 0</i>
                <i>1 0 0 0 1 0 0 0 1 0 0 0</i>
                <i>1 0 0 0 1 0 0 0 1 0 0 0</i>
                <i>1 0 0 0 1 0 0 0 1 0 0 0</i>
                <i>1 0 0 0 1 0 0 0 1 0 0 0</i>
                <i>1 0 0 0 1 0 0 0 1 0 0 0</i>
                <i>1 0 0 0 1 0 0 0 1 0 0 0</i>
                <i>1 0 0 0 1 0 0 0 1 0 0 0</i>
                <i>1 0 0 0 1 0 0 0 1 0 0 0</i>
                <i>1 0 0 0 1 0 0 0 1 0 0 0</i>
                <i>1 0 0 0 1 0 0 0 1 0 0 0</i>
                <i>1 0 0 0 1 0 0 0 1 0 0 0</i>
                <i>1 0 0 0 1 0 0 0 1 0 0 0</i>
                <i>1 0 0 0 1 0 0 0 1 0 0 0</i>
                <i>1 0 0 0 1 0 0 0 1 0 0 0</i>
                <i>1 0 0 0 1 0 0 0 1 0 0 0</i>
                <i>1 0 0 0 1 0 0 0 1 0 0 0</i>
            </KeyFrames>
        </RefFrame>
        <Bones count="23">
            <i>
                <p>
                    <Name><![CDATA[pelvis]]></Name>
                    <Exclude>0</Exclude>
                    <Additive>0</Additive>
                    <IKPriority>0</IKPriority>
                    <IKRotLimits>-1e+010 -1e+010 -1e+010 1e+010 1e+010 1e+010</IKRotLimits>
                    <IKRotLimitOrder>2</IKRotLimitOrder>
                    <KeyFrames count="121">
                        <i>1 0 0 0 1 0 0 0 1 -2.06 2.17 -0.43</i>
                        <i>1 0 0 0 1 0 0 0 1 -2.04903 2.16451 -0.429314</i>
                        <i>1 0 0 0 1 0 0 0 1 -2.01962 2.14981 -0.427476</i>
                        <i>1 0 0 0 1 0 0 0 1 -1.97704 2.12852 -0.424815</i>
                        <i>1 0 0 0 1 0 0 0 1 -1.92656 2.10328 -0.42166</i>
                        <i>1 0 0 0 1 0 0 0 1 -1.87344 2.07672 -0.41834</i>
                        <i>1 0 0 0 1 0 0 0 1 -1.82296 2.05148 -0.415185</i>
                        <i>1 0 0 0 1 0 0 0 1 -1.78038 2.03019 -0.412524</i>
                        <i>1 0 0 0 1 0 0 0 1 -1.75097 2.01549 -0.410686</i>
                        <i>1 0 0 0 1 0 0 0 1 -1.74 2.01 -0.41</i>
                        <i>1 0 0 0 1 0 0 0 1 -1.71504 2.03096 -0.38228</i>
                        <i>1 0 0 0 1 0 0 0 1 -1.64992 2.08248 -0.30704</i>
                        <i>1 0 0 0 1 0 0 0 1 -1.55928 2.14752 -0.19616</i>
                        <i>1 0 0 0 1 0 0 0 1 -1.45776 2.20904 -0.0615201</i>
                        <i>1 0 0 0 1 0 0 0 1 -1.36 2.25 0.0849999</i>
                        <i>1 0 0 0 1 0 0 0 1 -1.24664 2.26704 0.23152</i>
                        <i>1 0 0 0 1 0 0 0 1 -1.10792 2.27152 0.36616</i>
                        <i>1 0 0 0 1 0 0 0 1 -0.97288 2.26848 0.47704</i>
                        <i>1 0 0 0 1 0 0 0 1 -0.87056 2.26296 0.55228</i>
                        <i>1 0 0 0 1 0 0 0 1 -0.83 2.26 0.58</i>
                        <i>1 0 0 0 1 0 0 0 1 -0.816733 2.26099 0.630422</i>
                        <i>1 0 0 0 1 0 0 0 1 -0.779968 2.26375 0.769231</i>
                        <i>1 0 0 0 1 0 0 0 1 -0.724265 2.26797 0.977739</i>
                        <i>1 0 0 0 1 0 0 0 1 -0.65418 2.27334 1.23726</i>
                        <i>1 0 0 0 1 0 0 0 1 -0.574271 2.27956 1.52911</i>
                        <i>1 0 0 0 1 0 0 0 1 -0.489095 2.2863 1.8346</i>
                        <i>1 0 0 0 1 0 0 0 1 -0.40321 2.29328 2.13504</i>
                        <i>1 0 0 0 1 0 0 0 1 -0.321173 2.30016 2.41175</i>
                        <i>1 0 0 0 1 0 0 0 1 -0.247543 2.30666 2.64604</i>
                        <i>1 0 0 0 1 0 0 0 1 -0.186875 2.31244 2.81922</i>
                        <i>1 0 0 0 1 0 0 0 1 -0.133043 2.31722 2.95295</i>
                        <i>1 0 0 0 1 0 0 0 1 -0.0827049 2.32067 3.08101</i>
                        <i>1 0 0 0 1 0 0 0 1 -0.044595 2.32249 3.20287</i>
                        <i>1 0 0 0 1 0 0 0 1 -0.0274483 2.32237 3.31799</i>
                        <i>1 0 0 0 1 0 0 0 1 -0.04 2.32 3.42587</i>
                        <i>1 0 0 0 1 0 0 0 1 -0.0946802 2.31288 3.52596</i>
                        <i>1 0 0 0 1 0 0 0 1 -0.185665 2.29979 3.61774</i>
                        <i>1 0 0 0 1 0 0 0 1 -0.29431 2.28231 3.7007</i>
                        <i>1 0 0 0 1 0 0 0 1 -0.40197 2.26202 3.7743</i>
                        <i>1 0 0 0 1 0 0 0 1 -0.49 2.2405 3.83802</i>
                        <i>1 0 0 0 1 0 0 0 1 -0.56416 2.21934 3.89133</i>
                        <i>1 0 0 0 1 0 0 0 1 -0.63688 2.20013 3.93371</i>
                        <i>1 0 0 0 1 0 0 0 1 -0.69952 2.18445 3.96463</i>
                        <i>1 0 0 0 1 0 0 0 1 -0.74344 2.17388 3.98357</i>
                        <i>1 0 0 0 1 0 0 0 1 -0.76 2.17 3.99</i>
                        <i>1 0 0 0 1 0 0 0 1 -0.76 2.17 3.99</i>
                        <i>1 0 0 0 1 0 0 0 1 -0.76 2.17 3.99</i>
                        <i>1 0 0 0 1 0 0 0 1 -0.76 2.17 3.99</i>
                        <i>1 0 0 0 1 0 0 0 1 -0.76 2.17 3.99</i>
                        <i>1 0 0 0 1 0 0 0 1 -0.76 2.17 3.99</i>
                        <i>1 0 0 0 1 0 0 0 1 -0.76 2.17 3.99</i>
                        <i>1 0 0 0 1 0 0 0 1 -0.76 2.17 3.99</i>
                        <i>1 0 0 0 1 0 0 0 1 -0.76 2.17 3.99</i>
                        <i>1 0 0 0 1 0 0 0 1 -0.76 2.17 3.99</i>
                        <i>1 0 0 0 1 0 0 0 1 -0.76 2.17 3.99</i>
                        <i>1 0 0 0 1 0 0 0 1 -0.76 2.17 3.99</i>
                        <i>1 0 0 0 1 0 0 0 1 -0.76 2.17 3.99</i>
                        <i>1 0 0 0 1 0 0 0 1 -0.76 2.17 3.99</i>
                        <i>1 0 0 0 1 0 0 0 1 -0.76 2.17 3.99</i>
                        <i>1 0 0 0 1 0 0 0 1 -0.76 2.17 3.99</i>
                        <i>1 0 0 0 1 0 0 0 1 -0.76 2.17 3.99</i>
                        <i>1 0 0 0 1 0 0 0 1 -0.76 2.17 3.99</i>
                        <i>1 0 0 0 1 0 0 0 1 -0.76 2.17 3.99</i>
                        <i>1 0 0 0 1 0 0 0 1 -0.76 2.17 3.99</i>
                        <i>1 0 0 0 1 0 0 0 1 -0.76 2.17 3.99</i>
                        <i>1 0 0 0 1 0 0 0 1 -0.76 2.17 3.99</i>
                        <i>1 0 0 0 1 0 0 0 1 -0.76 2.17 3.99</i>
                        <i>1 0 0 0 1 0 0 0 1 -0.76 2.17 3.99</i>
                        <i>1 0 0 0 1 0 0 0 1 -0.76 2.17 3.99</i>
                        <i>1 0 0 0 1 0 0 0 1 -0.76 2.17 3.99</i>
                        <i>1 0 0 0 1 0 0 0 1 -0.76 2.17 3.99</i>
                        <i>1 0 0 0 1 0 0 0 1 -0.76 2.17 3.99</i>
                        <i>1 0 0 0 1 0 0 0 1 -0.76 2.17 3.99</i>
                        <i>1 0 0 0 1 0 0 0 1 -0.76 2.17 3.99</i>
                        <i>1 0 0 0 1 0 0 0 1 -0.76 2.17 3.99</i>
                        <i>1 0 0 0 1 0 0 0 1 -0.76 2.17 3.99</i>
                        <i>1 0 0 0 1 0 0 0 1 -0.76 2.17 3.99</i>
                        <i>1 0 0 0 1 0 0 0 1 -0.76 2.17 3.99</i>
                        <i>1 0 0 0 1 0 0 0 1 -0.76 2.17 3.99</i>
                        <i>1 0 0 0 1 0 0 0 1 -0.76 2.17 3.99</i>
                        <i>1 0 0 0 1 0 0 0 1 -0.76 2.17 3.99</i>
                        <i>1 0 0 0 1 0 0 0 1 -0.76 2.17 3.99</i>
                        <i>1 0 0 0 1 0 0 0 1 -0.76 2.17 3.99</i>
                        <i>1 0 0 0 1 0 0 0 1 -0.76 2.17 3.99</i>
                        <i>1 0 0 0 1 0 0 0 1 -0.76 2.17 3.99</i>
                        <i>1 0 0 0 1 0 0 0 1 -0.76 2.17 3.99</i>
                        <i>1 0 0 0 1 0 0 0 1 -0.76 2.17 3.99</i>
                        <i>1 0 0 0 1 0 0 0 1 -0.76 2.17 3.99</i>
                        <i>1 0 0 0 1 0 0 0 1 -0.76 2.17 3.99</i>
                        <i>1 0 0 0 1 0 0 0 1 -0.76 2.17 3.99</i>
                        <i>1 0 0 0 1 0 0 0 1 -0.76 2.17 3.99</i>
                        <i>1 0 0 0 1 0 0 0 1 -0.76 2.17 3.99</i>
                        <i>1 0 0 0 1 0 0 0 1 -0.76 2.17 3.99</i>
                        <i>1 0 0 0 1 0 0 0 1 -0.76 2.17 3.99</i>
                        <i>1 0 0 0 1 0 0 0 1 -0.76 2.17 3.99</i>
                        <i>1 0 0 0 1 0 0 0 1 -0.76 2.17 3.99</i>
                        <i>1 0 0 0 1 0 0 0 1 -0.76 2.17 3.99</i>
                        <i>1 0 0 0 1 0 0 0 1 -0.76 2.17 3.99</i>
                        <i>1 0 0 0 1 0 0 0 1 -0.76 2.17 3.99</i>
                        <i>1 0 0 0 1 0 0 0 1 -0.76 2.17 3.99</i>
                        <i>1 0 0 0 1 0 0 0 1 -0.76 2.17 3.99</i>
                        <i>1 0 0 0 1 0 0 0 1 -0.76 2.17 3.99</i>
                        <i>1 0 0 0 1 0 0 0 1 -0.76 2.17 3.99</i>
                        <i>1 0 0 0 1 0 0 0 1 -0.76 2.17 3.99</i>
                        <i>1 0 0 0 1 0 0 0 1 -0.76 2.17 3.99</i>
                        <i>1 0 0 0 1 0 0 0 1 -0.76 2.17 3.99</i>
                        <i>1 0 0 0 1 0 0 0 1 -0.76 2.17 3.99</i>
                        <i>1 0 0 0 1 0 0 0 1 -0.76 2.17 3.99</i>
                        <i>1 0 0 0 1 0 0 0 1 -0.76 2.17 3.99</i>
                        <i>1 0 0 0 1 0 0 0 1 -0.76 2.17 3.99</i>
                        <i>1 0 0 0 1 0 0 0 1 -0.76 2.17 3.99</i>
                        <i>1 0 0 0 1 0 0 0 1 -0.76 2.17 3.99</i>
                        <i>1 0 0 0 1 0 0 0 1 -0.76 2.17 3.99</i>
                        <i>1 0 0 0 1 0 0 0 1 -0.76 2.17 3.99</i>
                        <i>1 0 0 0 1 0 0 0 1 -0.76 2.17 3.99</i>
                        <i>1 0 0 0 1 0 0 0 1 -0.76 2.17 3.99</i>
                        <i>1 0 0 0 1 0 0 0 1 -0.76 2.17 3.99</i>
                        <i>1 0 0 0 1 0 0 0 1 -0.76 2.17 3.99</i>
                        <i>1 0 0 0 1 0 0 0 1 -0.76 2.17 3.99</i>
                        <i>1 0 0 0 1 0 0 0 1 -0.76 2.17 3.99</i>
                        <i>1 0 0 0 1 0 0 0 1 -0.76 2.17 3.99</i>
                    </KeyFrames>
                </p>
            </i>
            <i>
                <p>
                    <Name><![CDATA[spine0]]></Name>
                    <Exclude>0</Exclude>
                    <Additive>0</Additive>
                    <IKPriority>0</IKPriority>
                    <IKRotLimits>-1e+010 -1e+010 -1e+010 1e+010 1e+010 1e+010</IKRotLimits>
                    <IKRotLimitOrder>0</IKRotLimitOrder>
                    <KeyFrames count="121">
                        <i>-0.075337 0.99713 -0.00748878 -0.865084 -0.0690919 -0.496846 -0.495938 -0.0309525 0.867806 -2.05369 2.30379 -0.48249</i>
                        <i>-0.0772859 0.997009 -0.000107264 -0.876049 -0.0679607 -0.477409 -0.475989 -0.0368031 0.878681 -2.04365 2.2982 -0.482179</i>
                        <i>-0.0808501 0.996502 0.0211359 -0.903254 -0.0642859 -0.424264 -0.421421 -0.0533928 0.905292 -2.01679 2.28325 -0.481145</i>
                        <i>-0.0814054 0.995145 0.055311 -0.936863 -0.0574657 -0.344942 -0.340088 -0.0798989 0.936993 -1.97795 2.26173 -0.479133</i>
                        <i>-0.0743494 0.992187 0.100188 -0.96759 -0.0474613 -0.248026 -0.241333 -0.115381 0.963559 -1.93191 2.23639 -0.47596</i>
                        <i>-0.0571381 0.986863 0.15112 -0.988982 -0.0352434 -0.143781 -0.136566 -0.157671 0.978003 -1.88335 2.20995 -0.471712</i>
                        <i>-0.0309523 0.978999 0.201501 -0.998792 -0.0225975 -0.0436329 -0.0381631 -0.202608 0.978516 -1.83699 2.18502 -0.466835</i>
                        <i>-0.00123077 0.969706 0.244273 -0.999097 -0.0115653 0.0408775 0.0424643 -0.244002 0.968844 -1.79765 2.16413 -0.462114</i>
                        <i>0.0233764 0.961619 0.27339 -0.995086 -0.00393634 0.0989312 0.0962103 -0.274359 0.956802 -1.77032 2.14977 -0.458543</i>
                        <i>0.0334016 0.958218 0.284081 -0.992715 -0.00111402 0.120479 0.115762 -0.286036 0.951201 -1.76008 2.14442 -0.457149</i>
                        <i>0.0533464 0.956016 0.288421 -0.990867 0.0148574 0.134024 0.123844 -0.292937 0.948077 -1.73346 2.16595 -0.428476</i>
                        <i>0.101371 0.949031 0.298438 -0.984451 0.0524341 0.167649 0.143456 -0.310792 0.93959 -1.6643 2.21874 -0.3509</i>
                        <i>0.159579 0.93737 0.309633 -0.972806 0.0959804 0.2108 0.167879 -0.334852 0.927195 -1.56875 2.28511 -0.237099</i>
                        <i>0.209773 0.924569 0.318069 -0.958617 0.130441 0.253058 0.192481 -0.357991 0.913671 -1.46318 2.34761 -0.0997911</i>
                        <i>0.233783 0.917878 0.320694 -0.948123 0.142135 0.284358 0.215424 -0.370536 0.903491 -1.36428 2.38903 0.0482758</i>
                        <i>0.220773 0.922815 0.315709 -0.944425 0.121435 0.305477 0.24356 -0.365605 0.898338 -1.25456 2.40593 0.194891</i>
                        <i>0.181974 0.934643 0.305496 -0.943114 0.0779849 0.323193 0.278246 -0.34693 0.895667 -1.12306 2.40961 0.328763</i>
                        <i>0.132933 0.946596 0.293742 -0.941183 0.027671 0.336763 0.310651 -0.321232 0.894598 -0.996243 2.4051 0.438512</i>
                        <i>0.0905181 0.954524 0.284061 -0.938334 -0.0138223 0.345453 0.33367 -0.297814 0.894411 -0.900625 2.39797 0.512733</i>
                        <i>0.0724403 0.957252 0.280039 -0.936787 -0.031066 0.348519 0.34232 -0.287584 0.89449 -0.862825 2.39424 0.54001</i>
                        <i>0.0681728 0.957862 0.279022 -0.940333 -0.0317574 0.338771 0.333357 -0.285468 0.898544 -0.849864 2.395 0.589924</i>
                        <i>0.056514 0.959501 0.275979 -0.949772 -0.0335507 0.311137 0.307796 -0.279701 0.909411 -0.813831 2.39712 0.727271</i>
                        <i>0.0393452 0.961862 0.270691 -0.962781 -0.0360031 0.267872 0.267402 -0.271156 0.924646 -0.758961 2.40036 0.933425</i>
                        <i>0.0186569 0.964645 0.262891 -0.976668 -0.0386804 0.211245 0.213945 -0.260699 0.941416 -0.689458 2.40448 1.18978</i>
                        <i>-0.0035918 0.967586 0.252516 -0.988752 -0.0411932 0.143779 0.14952 -0.24916 0.956851 -0.609533 2.40925 1.4778</i>
                        <i>-0.0256234 0.970467 0.239867 -0.996722 -0.0432212 0.0683936 0.0767411 -0.237329 0.968394 -0.523447 2.41449 1.77906</i>
                        <i>-0.0459865 0.973121 0.225657 -0.998941 -0.0445202 -0.0115852 -0.0012275 -0.225951 0.974138 -0.435557 2.42006 2.07524</i>
                        <i>-0.0636631 0.975417 0.210971 -0.994696 -0.044907 -0.0925362 -0.0807873 -0.215743 0.973103 -0.350346 2.42584 2.34811</i>
                        <i>-0.0781089 0.977252 0.197173 -0.98432 -0.0442215 -0.170757 -0.158153 -0.207419 0.965383 -0.272436 2.43173 2.57946</i>
                        <i>-0.0892089 0.978528 0.185806 -0.969173 -0.0422658 -0.242729 -0.229664 -0.201732 0.952134 -0.206571 2.43761 2.75109</i>
                        <i>-0.101953 0.977667 0.183774 -0.943507 -0.0364846 -0.329339 -0.315279 -0.206969 0.926155 -0.145518 2.4437 2.88554</i>
                        <i>-0.121461 0.974311 0.189645 -0.89964 -0.0273308 -0.435776 -0.419398 -0.223542 0.879849 -0.0864213 2.44942 3.01692</i>
                        <i>-0.145103 0.970163 0.19424 -0.843456 -0.0186626 -0.536874 -0.51723 -0.241735 0.820998 -0.0402897 2.45359 3.14378</i>
                        <i>-0.165435 0.967178 0.19287 -0.790581 -0.0131431 -0.612216 -0.589587 -0.253761 0.766807 -0.0171704 2.45535 3.26407</i>
                        <i>-0.172485 0.967464 0.1851 -0.762661 -0.0122452 -0.646682 -0.623375 -0.252711 0.739959 -0.0261061 2.45402 3.37546</i>
                        <i>-0.162976 0.971953 0.169547 -0.772141 -0.0186715 -0.635177 -0.614197 -0.234433 0.753527 -0.079358 2.44691 3.47599</i>
                        <i>-0.145011 0.978725 0.145152 -0.807112 -0.032154 -0.589522 -0.572312 -0.202641 0.794604 -0.170597 2.43296 3.56545</i>
                        <i>-0.126107 0.985556 0.113033 -0.852112 -0.0492746 -0.521036 -0.50794 -0.162023 0.846017 -0.28081 2.41397 3.64431</i>
                        <i>-0.110832 0.99071 0.078806 -0.894175 -0.0647937 -0.443004 -0.433782 -0.119565 0.893049 -0.390764 2.3919 3.71348</i>
                        <i>-0.0983891 0.99373 0.0531025 -0.925607 -0.071786 -0.371616 -0.365474 -0.085715 0.926867 -0.480633 2.36906 3.77415</i>
                        <i>-0.0814821 0.995816 0.0413705 -0.952725 -0.0656317 -0.296659 -0.292703 -0.0635871 0.954087 -0.556275 2.3473 3.82606</i>
                        <i>-0.0588845 0.997542 0.0379712 -0.977134 -0.0498115 -0.206709 -0.20431 -0.0492749 0.977665 -0.630928 2.32786 3.86778</i>
                        <i>-0.0350049 0.998603 0.0395703 -0.992401 -0.0300594 -0.11932 -0.117964 -0.0434463 0.992067 -0.695378 2.31227 3.89875</i>
                        <i>-0.0154552 0.998959 0.0429125 -0.998495 -0.0131609 -0.0532414 -0.0526212 -0.0436708 0.997659 -0.740554 2.30195 3.91812</i>
                        <i>-0.00725488 0.998971 0.0447661 -0.999613 -0.00604281 -0.0271519 -0.0268534 -0.0449457 0.998628 -0.757571 2.29822 3.92482</i>
                        <i>-0.00725488 0.998971 0.0447661 -0.999613 -0.00604281 -0.0271519 -0.0268534 -0.0449457 0.998628 -0.757571 2.29822 3.92482</i>
                        <i>-0.00725488 0.998971 0.0447661 -0.999613 -0.00604281 -0.0271519 -0.0268534 -0.0449457 0.998628 -0.757571 2.29822 3.92482</i>
                        <i>-0.00725488 0.998971 0.0447661 -0.999613 -0.00604281 -0.0271519 -0.0268534 -0.0449457 0.998628 -0.757571 2.29822 3.92482</i>
                        <i>-0.00725488 0.998971 0.0447661 -0.999613 -0.00604281 -0.0271519 -0.0268534 -0.0449457 0.998628 -0.757571 2.29822 3.92482</i>
                        <i>-0.00725488 0.998971 0.0447661 -0.999613 -0.00604281 -0.0271519 -0.0268534 -0.0449457 0.998628 -0.757571 2.29822 3.92482</i>
                        <i>-0.00725488 0.998971 0.0447661 -0.999613 -0.00604281 -0.0271519 -0.0268534 -0.0449457 0.998628 -0.757571 2.29822 3.92482</i>
                        <i>-0.00725488 0.998971 0.0447661 -0.999613 -0.00604281 -0.0271519 -0.0268534 -0.0449457 0.998628 -0.757571 2.29822 3.92482</i>
                        <i>-0.00725488 0.998971 0.0447661 -0.999613 -0.00604281 -0.0271519 -0.0268534 -0.0449457 0.998628 -0.757571 2.29822 3.92482</i>
                        <i>-0.00725488 0.998971 0.0447661 -0.999613 -0.00604281 -0.0271519 -0.0268534 -0.0449457 0.998628 -0.757571 2.29822 3.92482</i>
                        <i>-0.00725488 0.998971 0.0447661 -0.999613 -0.00604281 -0.0271519 -0.0268534 -0.0449457 0.998628 -0.757571 2.29822 3.92482</i>
                        <i>-0.00725488 0.998971 0.0447661 -0.999613 -0.00604281 -0.0271519 -0.0268534 -0.0449457 0.998628 -0.757571 2.29822 3.92482</i>
                        <i>-0.00725488 0.998971 0.0447661 -0.999613 -0.00604281 -0.0271519 -0.0268534 -0.0449457 0.998628 -0.757571 2.29822 3.92482</i>
                        <i>-0.00725488 0.998971 0.0447661 -0.999613 -0.00604281 -0.0271519 -0.0268534 -0.0449457 0.998628 -0.757571 2.29822 3.92482</i>
                        <i>-0.00725488 0.998971 0.0447661 -0.999613 -0.00604281 -0.0271519 -0.0268534 -0.0449457 0.998628 -0.757571 2.29822 3.92482</i>
                        <i>-0.00725488 0.998971 0.0447661 -0.999613 -0.00604281 -0.0271519 -0.0268534 -0.0449457 0.998628 -0.757571 2.29822 3.92482</i>
                        <i>-0.00725488 0.998971 0.0447661 -0.999613 -0.00604281 -0.0271519 -0.0268534 -0.0449457 0.998628 -0.757571 2.29822 3.92482</i>
                        <i>-0.00725488 0.998971 0.0447661 -0.999613 -0.00604281 -0.0271519 -0.0268534 -0.0449457 0.998628 -0.757571 2.29822 3.92482</i>
                        <i>-0.00725488 0.998971 0.0447661 -0.999613 -0.00604281 -0.0271519 -0.0268534 -0.0449457 0.998628 -0.757571 2.29822 3.92482</i>
                        <i>-0.00725488 0.998971 0.0447661 -0.999613 -0.00604281 -0.0271519 -0.0268534 -0.0449457 0.998628 -0.757571 2.29822 3.92482</i>
                        <i>-0.00725488 0.998971 0.0447661 -0.999613 -0.00604281 -0.0271519 -0.0268534 -0.0449457 0.998628 -0.757571 2.29822 3.92482</i>
                        <i>-0.00725488 0.998971 0.0447661 -0.999613 -0.00604281 -0.0271519 -0.0268534 -0.0449457 0.998628 -0.757571 2.29822 3.92482</i>
                        <i>-0.00725488 0.998971 0.0447661 -0.999613 -0.00604281 -0.0271519 -0.0268534 -0.0449457 0.998628 -0.757571 2.29822 3.92482</i>
                        <i>-0.00725488 0.998971 0.0447661 -0.999613 -0.00604281 -0.0271519 -0.0268534 -0.0449457 0.998628 -0.757571 2.29822 3.92482</i>
                        <i>-0.00725488 0.998971 0.0447661 -0.999613 -0.00604281 -0.0271519 -0.0268534 -0.0449457 0.998628 -0.757571 2.29822 3.92482</i>
                        <i>-0.00725488 0.998971 0.0447661 -0.999613 -0.00604281 -0.0271519 -0.0268534 -0.0449457 0.998628 -0.757571 2.29822 3.92482</i>
                        <i>-0.00725488 0.998971 0.0447661 -0.999613 -0.00604281 -0.0271519 -0.0268534 -0.0449457 0.998628 -0.757571 2.29822 3.92482</i>
                        <i>-0.00725488 0.998971 0.0447661 -0.999613 -0.00604281 -0.0271519 -0.0268534 -0.0449457 0.998628 -0.757571 2.29822 3.92482</i>
                        <i>-0.00725488 0.998971 0.0447661 -0.999613 -0.00604281 -0.0271519 -0.0268534 -0.0449457 0.998628 -0.757571 2.29822 3.92482</i>
                        <i>-0.00725488 0.998971 0.0447661 -0.999613 -0.00604281 -0.0271519 -0.0268534 -0.0449457 0.998628 -0.757571 2.29822 3.92482</i>
                        <i>-0.00725488 0.998971 0.0447661 -0.999613 -0.00604281 -0.0271519 -0.0268534 -0.0449457 0.998628 -0.757571 2.29822 3.92482</i>
                        <i>-0.00725488 0.998971 0.0447661 -0.999613 -0.00604281 -0.0271519 -0.0268534 -0.0449457 0.998628 -0.757571 2.29822 3.92482</i>
                        <i>-0.00725488 0.998971 0.0447661 -0.999613 -0.00604281 -0.0271519 -0.0268534 -0.0449457 0.998628 -0.757571 2.29822 3.92482</i>
                        <i>-0.00725488 0.998971 0.0447661 -0.999613 -0.00604281 -0.0271519 -0.0268534 -0.0449457 0.998628 -0.757571 2.29822 3.92482</i>
                        <i>-0.00725488 0.998971 0.0447661 -0.999613 -0.00604281 -0.0271519 -0.0268534 -0.0449457 0.998628 -0.757571 2.29822 3.92482</i>
                        <i>-0.00725488 0.998971 0.0447661 -0.999613 -0.00604281 -0.0271519 -0.0268534 -0.0449457 0.998628 -0.757571 2.29822 3.92482</i>
                        <i>-0.00725488 0.998971 0.0447661 -0.999613 -0.00604281 -0.0271519 -0.0268534 -0.0449457 0.998628 -0.757571 2.29822 3.92482</i>
                        <i>-0.00725488 0.998971 0.0447661 -0.999613 -0.00604281 -0.0271519 -0.0268534 -0.0449457 0.998628 -0.757571 2.29822 3.92482</i>
                        <i>-0.00725488 0.998971 0.0447661 -0.999613 -0.00604281 -0.0271519 -0.0268534 -0.0449457 0.998628 -0.757571 2.29822 3.92482</i>
                        <i>-0.00725488 0.998971 0.0447661 -0.999613 -0.00604281 -0.0271519 -0.0268534 -0.0449457 0.998628 -0.757571 2.29822 3.92482</i>
                        <i>-0.00725488 0.998971 0.0447661 -0.999613 -0.00604281 -0.0271519 -0.0268534 -0.0449457 0.998628 -0.757571 2.29822 3.92482</i>
                        <i>-0.00725488 0.998971 0.0447661 -0.999613 -0.00604281 -0.0271519 -0.0268534 -0.0449457 0.998628 -0.757571 2.29822 3.92482</i>
                        <i>-0.00725488 0.998971 0.0447661 -0.999613 -0.00604281 -0.0271519 -0.0268534 -0.0449457 0.998628 -0.757571 2.29822 3.92482</i>
                        <i>-0.00725488 0.998971 0.0447661 -0.999613 -0.00604281 -0.0271519 -0.0268534 -0.0449457 0.998628 -0.757571 2.29822 3.92482</i>
                        <i>-0.00725488 0.998971 0.0447661 -0.999613 -0.00604281 -0.0271519 -0.0268534 -0.0449457 0.998628 -0.757571 2.29822 3.92482</i>
                        <i>-0.00725488 0.998971 0.0447661 -0.999613 -0.00604281 -0.0271519 -0.0268534 -0.0449457 0.998628 -0.757571 2.29822 3.92482</i>
                        <i>-0.00725488 0.998971 0.0447661 -0.999613 -0.00604281 -0.0271519 -0.0268534 -0.0449457 0.998628 -0.757571 2.29822 3.92482</i>
                        <i>-0.00725488 0.998971 0.0447661 -0.999613 -0.00604281 -0.0271519 -0.0268534 -0.0449457 0.998628 -0.757571 2.29822 3.92482</i>
                        <i>-0.00725488 0.998971 0.0447661 -0.999613 -0.00604281 -0.0271519 -0.0268534 -0.0449457 0.998628 -0.757571 2.29822 3.92482</i>
                        <i>-0.00725488 0.998971 0.0447661 -0.999613 -0.00604281 -0.0271519 -0.0268534 -0.0449457 0.998628 -0.757571 2.29822 3.92482</i>
                        <i>-0.00725488 0.998971 0.0447661 -0.999613 -0.00604281 -0.0271519 -0.0268534 -0.0449457 0.998628 -0.757571 2.29822 3.92482</i>
                        <i>-0.00725488 0.998971 0.0447661 -0.999613 -0.00604281 -0.0271519 -0.0268534 -0.0449457 0.998628 -0.757571 2.29822 3.92482</i>
                        <i>-0.00725488 0.998971 0.0447661 -0.999613 -0.00604281 -0.0271519 -0.0268534 -0.0449457 0.998628 -0.757571 2.29822 3.92482</i>
                        <i>-0.00725488 0.998971 0.0447661 -0.999613 -0.00604281 -0.0271519 -0.0268534 -0.0449457 0.998628 -0.757571 2.29822 3.92482</i>
                        <i>-0.00725488 0.998971 0.0447661 -0.999613 -0.00604281 -0.0271519 -0.0268534 -0.0449457 0.998628 -0.757571 2.29822 3.92482</i>
                        <i>-0.00725488 0.998971 0.0447661 -0.999613 -0.00604281 -0.0271519 -0.0268534 -0.0449457 0.998628 -0.757571 2.29822 3.92482</i>
                        <i>-0.00725488 0.998971 0.0447661 -0.999613 -0.00604281 -0.0271519 -0.0268534 -0.0449457 0.998628 -0.757571 2.29822 3.92482</i>
                        <i>-0.00725488 0.998971 0.0447661 -0.999613 -0.00604281 -0.0271519 -0.0268534 -0.0449457 0.998628 -0.757571 2.29822 3.92482</i>
                        <i>-0.00725488 0.998971 0.0447661 -0.999613 -0.00604281 -0.0271519 -0.0268534 -0.0449457 0.998628 -0.757571 2.29822 3.92482</i>
                        <i>-0.00725488 0.998971 0.0447661 -0.999613 -0.00604281 -0.0271519 -0.0268534 -0.0449457 0.998628 -0.757571 2.29822 3.92482</i>
                        <i>-0.00725488 0.998971 0.0447661 -0.999613 -0.00604281 -0.0271519 -0.0268534 -0.0449457 0.998628 -0.757571 2.29822 3.92482</i>
                        <i>-0.00725488 0.998971 0.0447661 -0.999613 -0.00604281 -0.0271519 -0.0268534 -0.0449457 0.998628 -0.757571 2.29822 3.92482</i>
                        <i>-0.00725488 0.998971 0.0447661 -0.999613 -0.00604281 -0.0271519 -0.0268534 -0.0449457 0.998628 -0.757571 2.29822 3.92482</i>
                        <i>-0.00725488 0.998971 0.0447661 -0.999613 -0.00604281 -0.0271519 -0.0268534 -0.0449457 0.998628 -0.757571 2.29822 3.92482</i>
                        <i>-0.00725488 0.998971 0.0447661 -0.999613 -0.00604281 -0.0271519 -0.0268534 -0.0449457 0.998628 -0.757571 2.29822 3.92482</i>
                        <i>-0.00725488 0.998971 0.0447661 -0.999613 -0.00604281 -0.0271519 -0.0268534 -0.0449457 0.998628 -0.757571 2.29822 3.92482</i>
                        <i>-0.00725488 0.998971 0.0447661 -0.999613 -0.00604281 -0.0271519 -0.0268534 -0.0449457 0.998628 -0.757571 2.29822 3.92482</i>
                        <i>-0.00725488 0.998971 0.0447661 -0.999613 -0.00604281 -0.0271519 -0.0268534 -0.0449457 0.998628 -0.757571 2.29822 3.92482</i>
                        <i>-0.00725488 0.998971 0.0447661 -0.999613 -0.00604281 -0.0271519 -0.0268534 -0.0449457 0.998628 -0.757571 2.29822 3.92482</i>
                        <i>-0.00725488 0.998971 0.0447661 -0.999613 -0.00604281 -0.0271519 -0.0268534 -0.0449457 0.998628 -0.757571 2.29822 3.92482</i>
                        <i>-0.00725488 0.998971 0.0447661 -0.999613 -0.00604281 -0.0271519 -0.0268534 -0.0449457 0.998628 -0.757571 2.29822 3.92482</i>
                        <i>-0.00725488 0.998971 0.0447661 -0.999613 -0.00604281 -0.0271519 -0.0268534 -0.0449457 0.998628 -0.757571 2.29822 3.92482</i>
                        <i>-0.00725488 0.998971 0.0447661 -0.999613 -0.00604281 -0.0271519 -0.0268534 -0.0449457 0.998628 -0.757571 2.29822 3.92482</i>
                        <i>-0.00725488 0.998971 0.0447661 -0.999613 -0.00604281 -0.0271519 -0.0268534 -0.0449457 0.998628 -0.757571 2.29822 3.92482</i>
                        <i>-0.00725488 0.998971 0.0447661 -0.999613 -0.00604281 -0.0271519 -0.0268534 -0.0449457 0.998628 -0.757571 2.29822 3.92482</i>
                        <i>-0.00725488 0.998971 0.0447661 -0.999613 -0.00604281 -0.0271519 -0.0268534 -0.0449457 0.998628 -0.757571 2.29822 3.92482</i>
                        <i>-0.00725488 0.998971 0.0447661 -0.999613 -0.00604281 -0.0271519 -0.0268534 -0.0449457 0.998628 -0.757571 2.29822 3.92482</i>
                    </KeyFrames>
                </p>
            </i>
            <i>
                <p>
                    <Name><![CDATA[spine1]]></Name>
                    <Exclude>0</Exclude>
                    <Additive>0</Additive>
                    <IKPriority>0</IKPriority>
                    <IKRotLimits>-1e+010 -1e+010 -1e+010 1e+010 1e+010 1e+010</IKRotLimits>
                    <IKRotLimitOrder>0</IKRotLimitOrder>
                    <KeyFrames count="121">
                        <i>-0.165396 0.945286 0.28121 -0.889985 -0.0202021 -0.455541 -0.424936 -0.325618 0.844632 -2.06729 2.48418 -0.483894</i>
                        <i>-0.161994 0.93964 0.301388 -0.900587 -0.0159328 -0.434384 -0.403363 -0.341793 0.848808 -2.05764 2.47896 -0.48225</i>
                        <i>-0.148388 0.922845 0.35544 -0.926418 -0.00396076 -0.376475 -0.34602 -0.38515 0.855529 -2.03151 2.46501 -0.47735</i>
                        <i>-0.117337 0.894071 0.432284 -0.956948 0.0145747 -0.289894 -0.265486 -0.447688 0.853869 -1.99291 2.44493 -0.469023</i>
                        <i>-0.0640717 0.852815 0.518267 -0.982205 0.0379853 -0.183932 -0.176547 -0.520829 0.835205 -1.94573 2.42119 -0.457388</i>
                        <i>0.00920558 0.800764 0.598909 -0.995523 0.0636805 -0.0698415 -0.0940654 -0.595585 0.797766 -1.89412 2.39614 -0.443304</i>
                        <i>0.0924975 0.743004 0.662865 -0.995287 0.088452 0.0397388 -0.0291056 -0.663417 0.747684 -1.8429 2.37209 -0.428453</i>
                        <i>0.170745 0.688112 0.705229 -0.985217 0.109118 0.132064 0.0139218 -0.717353 0.696571 -1.79789 2.35146 -0.41506</i>
                        <i>0.227901 0.647018 0.727619 -0.972986 0.123045 0.195339 0.0368575 -0.752481 0.657582 -1.76578 2.33696 -0.405471</i>
                        <i>0.249707 0.631042 0.73446 -0.967324 0.128138 0.218782 0.0439487 -0.765092 0.642419 -1.75358 2.33148 -0.401841</i>
                        <i>0.269966 0.622924 0.734224 -0.962041 0.142875 0.232515 0.0399365 -0.769125 0.63785 -1.72306 2.35258 -0.372322</i>
                        <i>0.318451 0.601495 0.732661 -0.947449 0.177095 0.266418 0.0304986 -0.779 0.626281 -1.64454 2.40399 -0.292795</i>
                        <i>0.376816 0.571986 0.728589 -0.926077 0.215819 0.309522 0.0197987 -0.791362 0.611027 -1.53764 2.46807 -0.176814</i>
                        <i>0.428127 0.543595 0.72195 -0.903613 0.245289 0.351165 0.0138051 -0.802706 0.596215 -1.42228 2.52805 -0.037866</i>
                        <i>0.457534 0.52967 0.714222 -0.888951 0.253756 0.38128 0.0207142 -0.809357 0.586952 -1.3187 2.56814 0.110706</i>
                        <i>0.46043 0.539894 0.70464 -0.886167 0.232982 0.400534 0.0520771 -0.808847 0.585708 -1.21153 2.58598 0.25634</i>
                        <i>0.446183 0.56672 0.69264 -0.888999 0.191621 0.415888 0.102968 -0.801318 0.589311 -1.08761 2.59194 0.388214</i>
                        <i>0.422369 0.598414 0.680812 -0.892632 0.144077 0.427141 0.157517 -0.788126 0.595017 -0.970365 2.58974 0.495664</i>
                        <i>0.399025 0.624101 0.671771 -0.894757 0.104845 0.434071 0.200473 -0.774277 0.600255 -0.883023 2.58414 0.567994</i>
                        <i>0.388426 0.634566 0.668169 -0.895369 0.088517 0.436439 0.217805 -0.767783 0.602554 -0.848749 2.58093 0.594485</i>
                        <i>0.383301 0.636456 0.669331 -0.89916 0.0914487 0.427959 0.211167 -0.765873 0.607328 -0.836612 2.5819 0.644228</i>
                        <i>0.36864 0.641714 0.672538 -0.909492 0.09942 0.403659 0.19217 -0.760472 0.620284 -0.802836 2.5846 0.781051</i>
                        <i>0.345541 0.6497 0.677121 -0.924344 0.111209 0.364995 0.161835 -0.752013 0.638973 -0.751299 2.58868 0.986272</i>
                        <i>0.315143 0.65976 0.682204 -0.941286 0.125567 0.31339 0.1211 -0.740912 0.660594 -0.68583 2.59378 1.24122</i>
                        <i>0.278642 0.67126 0.686854 -0.957751 0.141189 0.250556 0.0712119 -0.727651 0.682241 -0.610263 2.5996 1.52732</i>
                        <i>0.237284 0.683609 0.690199 -0.971339 0.156724 0.17871 0.0139976 -0.712823 0.701204 -0.528511 2.60584 1.8262</i>
                        <i>0.192346 0.696273 0.691525 -0.980151 0.170805 0.100648 -0.0480377 -0.697158 0.715306 -0.444637 2.61224 2.11965</i>
                        <i>0.145079 0.70879 0.69034 -0.983086 0.182089 0.0196455 -0.111779 -0.681513 0.723219 -0.36291 2.61857 2.38963</i>
                        <i>0.09663 0.720779 0.686396 -0.980044 0.189261 -0.0607719 -0.173711 -0.666826 0.724684 -0.287825 2.62461 2.61822</i>
                        <i>0.047936 0.731942 0.679678 -0.97196 0.19101 -0.137147 -0.230209 -0.654046 0.720575 -0.224084 2.63013 2.78749</i>
                        <i>-0.0154995 0.736329 0.676446 -0.954991 0.18953 -0.22819 -0.29623 -0.649536 0.70025 -0.165427 2.63508 2.92138</i>
                        <i>-0.0991469 0.73358 0.672332 -0.922054 0.18632 -0.339266 -0.374147 -0.653563 0.657928 -0.10999 2.63898 3.05369</i>
                        <i>-0.18614 0.730759 0.656767 -0.876104 0.179127 -0.447611 -0.444741 -0.658714 0.606878 -0.0682532 2.64104 3.1812</i>
                        <i>-0.257056 0.733472 0.629238 -0.829536 0.166562 -0.533036 -0.495774 -0.658996 0.565625 -0.0488206 2.64084 3.30096</i>
                        <i>-0.293575 0.746313 0.597353 -0.80172 0.148111 -0.579058 -0.520633 -0.648907 0.554853 -0.0588583 2.63816 3.4106</i>
                        <i>-0.290775 0.771336 0.566119 -0.805881 0.121506 -0.579476 -0.515757 -0.624721 0.586274 -0.110075 2.63052 3.50793</i>
                        <i>-0.264829 0.803861 0.53261 -0.833639 0.0867589 -0.545453 -0.484677 -0.588456 0.647153 -0.197736 2.61653 3.59259</i>
                        <i>-0.230678 0.838303 0.494 -0.871849 0.0473566 -0.48748 -0.43205 -0.543144 0.719949 -0.304261 2.59761 3.6653</i>
                        <i>-0.199509 0.869072 0.45267 -0.908484 0.00907229 -0.417822 -0.367224 -0.494602 0.787728 -0.411261 2.57546 3.728</i>
                        <i>-0.176382 0.891341 0.417613 -0.935771 -0.020242 -0.352026 -0.305322 -0.452882 0.837661 -0.498744 2.55229 3.78386</i>
                        <i>-0.148717 0.905794 0.396762 -0.959277 -0.0347075 -0.280326 -0.240147 -0.422294 0.874069 -0.571219 2.5302 3.83358</i>
