<?xml version="1.0" encoding="ISO-8859-1" ?>
<Animl Version="1">
    <ModellingPackage><![CDATA[Maya.2010]]></ModellingPackage>
    <SrcFile><![CDATA[anims\vehicles\red\~src\air\helicopter_mi24hind\heli_mi24hind_fly_idle_crewman_c.mb]]></SrcFile>
    <FramesPerSecond>30</FramesPerSecond>
    <TotalFrames>46</TotalFrames>
    <Skeleton>
        <RefFrame>
            <Name><![CDATA[soldier_ref_frame]]></Name>
            <Exclude>0</Exclude>
            <Additive>0</Additive>
            <IKPriority>0</IKPriority>
            <IKRotLimits>-1e+010 -1e+010 -1e+010 1e+010 1e+010 1e+010</IKRotLimits>
            <IKRotLimitOrder>0</IKRotLimitOrder>
            <KeyFrames count="46">
                <i>1 0 0 0 1 0 0 0 1 2.85 0 1.95</i>
                <i>1 0 0 0 1 0 0 0 1 2.85 0 1.95</i>
                <i>1 0 0 0 1 0 0 0 1 2.85 0 1.95</i>
                <i>1 0 0 0 1 0 0 0 1 2.85 0 1.95</i>
                <i>1 0 0 0 1 0 0 0 1 2.85 0 1.95</i>
                <i>1 0 0 0 1 0 0 0 1 2.85 0 1.95</i>
                <i>1 0 0 0 1 0 0 0 1 2.85 0 1.95</i>
                <i>1 0 0 0 1 0 0 0 1 2.85 0 1.95</i>
                <i>1 0 0 0 1 0 0 0 1 2.85 0 1.95</i>
                <i>1 0 0 0 1 0 0 0 1 2.85 0 1.95</i>
                <i>1 0 0 0 1 0 0 0 1 2.85 0 1.95</i>
                <i>1 0 0 0 1 0 0 0 1 2.85 0 1.95</i>
                <i>1 0 0 0 1 0 0 0 1 2.85 0 1.95</i>
                <i>1 0 0 0 1 0 0 0 1 2.85 0 1.95</i>
                <i>1 0 0 0 1 0 0 0 1 2.85 0 1.95</i>
                <i>1 0 0 0 1 0 0 0 1 2.85 0 1.95</i>
                <i>1 0 0 0 1 0 0 0 1 2.85 0 1.95</i>
                <i>1 0 0 0 1 0 0 0 1 2.85 0 1.95</i>
                <i>1 0 0 0 1 0 0 0 1 2.85 0 1.95</i>
                <i>1 0 0 0 1 0 0 0 1 2.85 0 1.95</i>
                <i>1 0 0 0 1 0 0 0 1 2.85 0 1.95</i>
                <i>1 0 0 0 1 0 0 0 1 2.85 0 1.95</i>
                <i>1 0 0 0 1 0 0 0 1 2.85 0 1.95</i>
                <i>1 0 0 0 1 0 0 0 1 2.85 0 1.95</i>
                <i>1 0 0 0 1 0 0 0 1 2.85 0 1.95</i>
                <i>1 0 0 0 1 0 0 0 1 2.85 0 1.95</i>
                <i>1 0 0 0 1 0 0 0 1 2.85 0 1.95</i>
                <i>1 0 0 0 1 0 0 0 1 2.85 0 1.95</i>
                <i>1 0 0 0 1 0 0 0 1 2.85 0 1.95</i>
                <i>1 0 0 0 1 0 0 0 1 2.85 0 1.95</i>
                <i>1 0 0 0 1 0 0 0 1 2.85 0 1.95</i>
                <i>1 0 0 0 1 0 0 0 1 2.85 0 1.95</i>
                <i>1 0 0 0 1 0 0 0 1 2.85 0 1.95</i>
                <i>1 0 0 0 1 0 0 0 1 2.85 0 1.95</i>
                <i>1 0 0 0 1 0 0 0 1 2.85 0 1.95</i>
                <i>1 0 0 0 1 0 0 0 1 2.85 0 1.95</i>
                <i>1 0 0 0 1 0 0 0 1 2.85 0 1.95</i>
                <i>1 0 0 0 1 0 0 0 1 2.85 0 1.95</i>
                <i>1 0 0 0 1 0 0 0 1 2.85 0 1.95</i>
                <i>1 0 0 0 1 0 0 0 1 2.85 0 1.95</i>
                <i>1 0 0 0 1 0 0 0 1 2.85 0 1.95</i>
                <i>1 0 0 0 1 0 0 0 1 2.85 0 1.95</i>
                <i>1 0 0 0 1 0 0 0 1 2.85 0 1.95</i>
                <i>1 0 0 0 1 0 0 0 1 2.85 0 1.95</i>
                <i>1 0 0 0 1 0 0 0 1 2.85 0 1.95</i>
                <i>1 0 0 0 1 0 0 0 1 2.85 0 1.95</i>
            </KeyFrames>
        </RefFrame>
        <Bones count="23">
            <i>
                <p>
                    <Name><![CDATA[pelvis]]></Name>
                    <Exclude>0</Exclude>
                    <Additive>0</Additive>
                    <IKPriority>0</IKPriority>
                    <IKRotLimits>-1e+010 -1e+010 -1e+010 1e+010 1e+010 1e+010</IKRotLimits>
                    <IKRotLimitOrder>2</IKRotLimitOrder>
                    <KeyFrames count="46">
                        <i>1 0 0 0 1 0 0 0 1 0.98 2.69 1.88</i>
                        <i>1 0 0 0 1 0 0 0 1 0.98 2.6833 1.88</i>
                        <i>1 0 0 0 1 0 0 0 1 0.98 2.67733 1.88</i>
                        <i>1 0 0 0 1 0 0 0 1 0.98 2.67207 1.88</i>
                        <i>1 0 0 0 1 0 0 0 1 0.98 2.6675 1.88</i>
                        <i>1 0 0 0 1 0 0 0 1 0.98 2.6636 1.88</i>
                        <i>1 0 0 0 1 0 0 0 1 0.98 2.66035 1.88</i>
                        <i>1 0 0 0 1 0 0 0 1 0.98 2.65773 1.88</i>
                        <i>1 0 0 0 1 0 0 0 1 0.98 2.65572 1.88</i>
                        <i>1 0 0 0 1 0 0 0 1 0.98 2.65431 1.88</i>
                        <i>1 0 0 0 1 0 0 0 1 0.98 2.65347 1.88</i>
                        <i>1 0 0 0 1 0 0 0 1 0.98 2.65318 1.88</i>
                        <i>1 0 0 0 1 0 0 0 1 0.98 2.65342 1.88</i>
                        <i>1 0 0 0 1 0 0 0 1 0.98 2.65419 1.88</i>
                        <i>1 0 0 0 1 0 0 0 1 0.98 2.65555 1.88</i>
                        <i>1 0 0 0 1 0 0 0 1 0.98 2.65756 1.88</i>
                        <i>1 0 0 0 1 0 0 0 1 0.98 2.66016 1.88</i>
                        <i>1 0 0 0 1 0 0 0 1 0.98 2.66326 1.88</i>
                        <i>1 0 0 0 1 0 0 0 1 0.98 2.6668 1.88</i>
                        <i>1 0 0 0 1 0 0 0 1 0.98 2.6707 1.88</i>
                        <i>1 0 0 0 1 0 0 0 1 0.98 2.67489 1.88</i>
                        <i>1 0 0 0 1 0 0 0 1 0.98 2.67931 1.88</i>
                        <i>1 0 0 0 1 0 0 0 1 0.98 2.68388 1.88</i>
                        <i>1 0 0 0 1 0 0 0 1 0.98 2.68852 1.88</i>
                        <i>1 0 0 0 1 0 0 0 1 0.98 2.69317 1.88</i>
                        <i>1 0 0 0 1 0 0 0 1 0.98 2.69775 1.88</i>
                        <i>1 0 0 0 1 0 0 0 1 0.98 2.70219 1.88</i>
                        <i>1 0 0 0 1 0 0 0 1 0.98 2.70643 1.88</i>
                        <i>1 0 0 0 1 0 0 0 1 0.98 2.71038 1.88</i>
                        <i>1 0 0 0 1 0 0 0 1 0.98 2.71397 1.88</i>
                        <i>1 0 0 0 1 0 0 0 1 0.98 2.71715 1.88</i>
                        <i>1 0 0 0 1 0 0 0 1 0.98 2.71982 1.88</i>
                        <i>1 0 0 0 1 0 0 0 1 0.98 2.72193 1.88</i>
                        <i>1 0 0 0 1 0 0 0 1 0.98 2.72339 1.88</i>
                        <i>1 0 0 0 1 0 0 0 1 0.98 2.72417 1.88</i>
                        <i>1 0 0 0 1 0 0 0 1 0.98 2.72427 1.88</i>
                        <i>1 0 0 0 1 0 0 0 1 0.98 2.72371 1.88</i>
                        <i>1 0 0 0 1 0 0 0 1 0.98 2.72249 1.88</i>
                        <i>1 0 0 0 1 0 0 0 1 0.98 2.72062 1.88</i>
                        <i>1 0 0 0 1 0 0 0 1 0.98 2.7181 1.88</i>
                        <i>1 0 0 0 1 0 0 0 1 0.98 2.71496 1.88</i>
                        <i>1 0 0 0 1 0 0 0 1 0.98 2.71118 1.88</i>
                        <i>1 0 0 0 1 0 0 0 1 0.98 2.70679 1.88</i>
                        <i>1 0 0 0 1 0 0 0 1 0.98 2.70179 1.88</i>
                        <i>1 0 0 0 1 0 0 0 1 0.98 2.69619 1.88</i>
                        <i>1 0 0 0 1 0 0 0 1 0.98 2.69 1.88</i>
                    </KeyFrames>
                </p>
            </i>
            <i>
                <p>
                    <Name><![CDATA[spine0]]></Name>
                    <Exclude>0</Exclude>
                    <Additive>0</Additive>
                    <IKPriority>0</IKPriority>
                    <IKRotLimits>-1e+010 -1e+010 -1e+010 1e+010 1e+010 1e+010</IKRotLimits>
                    <IKRotLimitOrder>0</IKRotLimitOrder>
                    <KeyFrames count="46">
                        <i>-0.413828 0.904654 0.101727 -0.338123 -0.0489902 -0.939826 -0.845233 -0.423322 0.326158 1.01111 2.82945 1.86318</i>
                        <i>-0.413719 0.904707 0.101692 -0.338124 -0.0489834 -0.939826 -0.845286 -0.423208 0.326168 1.01111 2.82275 1.86318</i>
                        <i>-0.413737 0.904698 0.101698 -0.338124 -0.0489845 -0.939826 -0.845277 -0.423228 0.326167 1.01111 2.81678 1.86318</i>
                        <i>-0.413873 0.904631 0.101742 -0.338123 -0.048993 -0.939826 -0.845211 -0.42337 0.326153 1.01111 2.81152 1.86318</i>
                        <i>-0.414115 0.904512 0.10182 -0.338121 -0.0490081 -0.939826 -0.845093 -0.423624 0.32613 1.01111 2.80695 1.86318</i>
                        <i>-0.414455 0.904344 0.101929 -0.338119 -0.0490292 -0.939825 -0.844928 -0.42398 0.326096 1.01111 2.80305 1.86318</i>
                        <i>-0.414882 0.904132 0.102067 -0.338116 -0.0490559 -0.939825 -0.844719 -0.424427 0.326054 1.01111 2.7998 1.86318</i>
                        <i>-0.415386 0.903883 0.10223 -0.338113 -0.0490873 -0.939825 -0.844473 -0.424955 0.326004 1.01111 2.79718 1.86318</i>
                        <i>-0.415957 0.903599 0.102414 -0.338109 -0.049123 -0.939824 -0.844193 -0.425554 0.325948 1.01111 2.79517 1.86318</i>
                        <i>-0.416586 0.903286 0.102617 -0.338105 -0.0491623 -0.939823 -0.843885 -0.426212 0.325886 1.01111 2.79376 1.86318</i>
                        <i>-0.417261 0.90295 0.102835 -0.3381 -0.0492046 -0.939823 -0.843553 -0.42692 0.325819 1.01111 2.79291 1.86318</i>
                        <i>-0.417974 0.902594 0.103066 -0.338096 -0.0492492 -0.939822 -0.843202 -0.427667 0.325748 1.01111 2.79263 1.86318</i>
                        <i>-0.418714 0.902223 0.103305 -0.338091 -0.0492956 -0.939822 -0.842836 -0.428443 0.325674 1.01111 2.79287 1.86318</i>
                        <i>-0.419472 0.901843 0.103549 -0.338086 -0.0493432 -0.939821 -0.842462 -0.429237 0.325599 1.01111 2.79363 1.86318</i>
                        <i>-0.420236 0.901459 0.103796 -0.338081 -0.0493912 -0.93982 -0.842082 -0.430038 0.325522 1.01111 2.79499 1.86318</i>
                        <i>-0.420998 0.901075 0.104042 -0.338076 -0.0494391 -0.939819 -0.841704 -0.430836 0.325445 1.01111 2.79701 1.86318</i>
                        <i>-0.421746 0.900697 0.104284 -0.338071 -0.0494863 -0.939819 -0.841331 -0.431621 0.32537 1.01111 2.7996 1.86318</i>
                        <i>-0.422472 0.90033 0.104518 -0.338066 -0.049532 -0.939818 -0.840969 -0.432381 0.325297 1.01111 2.8027 1.86318</i>
                        <i>-0.423164 0.899978 0.104742 -0.338061 -0.0495757 -0.939817 -0.840623 -0.433106 0.325227 1.01111 2.80624 1.86318</i>
                        <i>-0.423813 0.899649 0.104952 -0.338057 -0.0496167 -0.939817 -0.840298 -0.433786 0.325161 1.01111 2.81015 1.86318</i>
                        <i>-0.424408 0.899345 0.105144 -0.338053 -0.0496543 -0.939816 -0.839999 -0.43441 0.3251 1.01111 2.81434 1.86318</i>
                        <i>-0.42494 0.899074 0.105316 -0.33805 -0.0496879 -0.939816 -0.839731 -0.434967 0.325046 1.01111 2.81876 1.86318</i>
                        <i>-0.425398 0.89884 0.105464 -0.338046 -0.0497169 -0.939815 -0.839501 -0.435447 0.324999 1.01111 2.82332 1.86318</i>
                        <i>-0.425772 0.898649 0.105585 -0.338044 -0.0497406 -0.939815 -0.839312 -0.435839 0.324961 1.01111 2.82797 1.86318</i>
                        <i>-0.426051 0.898506 0.105675 -0.338042 -0.0497583 -0.939815 -0.839171 -0.436132 0.324932 1.01111 2.83262 1.86318</i>
                        <i>-0.426226 0.898416 0.105732 -0.338041 -0.0497694 -0.939815 -0.839083 -0.436315 0.324915 1.01111 2.8372 1.86318</i>
                        <i>-0.426287 0.898385 0.105751 -0.33804 -0.0497733 -0.939814 -0.839052 -0.436379 0.324908 1.01111 2.84164 1.86318</i>
                        <i>-0.426219 0.89842 0.10573 -0.338041 -0.049769 -0.939815 -0.839086 -0.436308 0.324915 1.01111 2.84587 1.86318</i>
                        <i>-0.426024 0.89852 0.105666 -0.338042 -0.0497566 -0.939815 -0.839185 -0.436104 0.324935 1.01111 2.84982 1.86318</i>
                        <i>-0.425713 0.898679 0.105566 -0.338044 -0.0497369 -0.939815 -0.839342 -0.435777 0.324967 1.01111 2.85342 1.86318</i>
                        <i>-0.425295 0.898893 0.105431 -0.338047 -0.0497104 -0.939815 -0.839552 -0.43534 0.32501 1.01111 2.85659 1.86318</i>
                        <i>-0.424783 0.899154 0.105265 -0.338051 -0.049678 -0.939816 -0.83981 -0.434803 0.325062 1.01111 2.85927 1.86318</i>
                        <i>-0.424187 0.899458 0.105073 -0.338055 -0.0496403 -0.939816 -0.84011 -0.434179 0.325123 1.01111 2.86137 1.86318</i>
                        <i>-0.423519 0.899798 0.104857 -0.338059 -0.0495981 -0.939817 -0.840445 -0.433478 0.325191 1.01111 2.86284 1.86318</i>
                        <i>-0.422789 0.900169 0.104621 -0.338064 -0.049552 -0.939818 -0.84081 -0.432714 0.325265 1.01111 2.86362 1.86318</i>
                        <i>-0.422009 0.900564 0.104369 -0.338069 -0.0495028 -0.939819 -0.8412 -0.431896 0.325343 1.01111 2.86372 1.86318</i>
                        <i>-0.421189 0.900979 0.104104 -0.338075 -0.0494511 -0.939819 -0.841609 -0.431036 0.325426 1.01111 2.86316 1.86318</i>
                        <i>-0.42034 0.901406 0.10383 -0.33808 -0.0493978 -0.93982 -0.842031 -0.430147 0.325511 1.01111 2.86194 1.86318</i>
                        <i>-0.419474 0.901842 0.10355 -0.338086 -0.0493433 -0.939821 -0.84246 -0.429239 0.325598 1.01111 2.86007 1.86318</i>
                        <i>-0.418601 0.90228 0.103268 -0.338092 -0.0492885 -0.939822 -0.842892 -0.428324 0.325686 1.01111 2.85755 1.86318</i>
                        <i>-0.417732 0.902715 0.102987 -0.338097 -0.049234 -0.939822 -0.843321 -0.427413 0.325772 1.01111 2.8544 1.86318</i>
                        <i>-0.416878 0.903141 0.102711 -0.338103 -0.0491806 -0.939823 -0.843741 -0.426518 0.325857 1.01111 2.85063 1.86318</i>
                        <i>-0.416049 0.903553 0.102444 -0.338108 -0.0491288 -0.939824 -0.844148 -0.42565 0.325939 1.01111 2.84624 1.86318</i>
                        <i>-0.415258 0.903946 0.102189 -0.338114 -0.0490793 -0.939825 -0.844535 -0.424821 0.326017 1.01111 2.84124 1.86318</i>
                        <i>-0.414514 0.904315 0.101948 -0.338119 -0.0490329 -0.939825 -0.844899 -0.424041 0.32609 1.01111 2.83564 1.86318</i>
                        <i>-0.413828 0.904654 0.101727 -0.338123 -0.0489902 -0.939826 -0.845233 -0.423322 0.326158 1.01111 2.82945 1.86318</i>
                    </KeyFrames>
                </p>
            </i>
            <i>
                <p>
                    <Name><![CDATA[spine1]]></Name>
                    <Exclude>0</Exclude>
                    <Additive>0</Additive>
                    <IKPriority>0</IKPriority>
                    <IKRotLimits>-1e+010 -1e+010 -1e+010 1e+010 1e+010 1e+010</IKRotLimits>
                    <IKRotLimitOrder>0</IKRotLimitOrder>
                    <KeyFrames count="46">
                        <i>-0.756137 0.616531 0.219421 -0.237775 0.0535474 -0.969843 -0.609688 -0.785508 0.106106 0.931924 3.00283 1.88263</i>
                        <i>-0.755949 0.616786 0.219356 -0.237757 0.0535196 -0.969849 -0.609929 -0.78531 0.106187 0.931948 2.99613 1.88262</i>
                        <i>-0.75598 0.616743 0.219367 -0.23776 0.0535243 -0.969848 -0.609888 -0.785343 0.106174 0.931944 2.99016 1.88262</i>
                        <i>-0.756215 0.616426 0.219448 -0.237782 0.0535589 -0.969841 -0.609588 -0.785589 0.106073 0.931914 2.98489 1.88263</i>
                        <i>-0.756636 0.615858 0.219592 -0.237821 0.0536208 -0.969828 -0.609051 -0.78603 0.105892 0.93186 2.98032 1.88265</i>
                        <i>-0.757224 0.615063 0.219794 -0.237875 0.0537076 -0.96981 -0.608298 -0.786647 0.105639 0.931784 2.97641 1.88267</i>
                        <i>-0.757962 0.614062 0.220047 -0.237943 0.0538166 -0.969787 -0.607352 -0.787421 0.105321 0.931689 2.97315 1.8827</i>
                        <i>-0.758832 0.612881 0.220345 -0.238024 0.0539453 -0.96976 -0.606234 -0.788332 0.104945 0.931577 2.97051 1.88274</i>
                        <i>-0.759814 0.61154 0.220683 -0.238115 0.0540913 -0.969729 -0.604966 -0.789362 0.104518 0.93145 2.96849 1.88278</i>
                        <i>-0.760892 0.610064 0.221053 -0.238216 0.0542518 -0.969696 -0.603569 -0.790492 0.104047 0.931311 2.96706 1.88282</i>
                        <i>-0.762048 0.608476 0.22145 -0.238325 0.0544245 -0.969659 -0.602067 -0.791704 0.103541 0.93116 2.9662 1.88287</i>
                        <i>-0.763263 0.606798 0.221868 -0.23844 0.0546067 -0.969621 -0.60048 -0.792978 0.103005 0.931002 2.96589 1.88292</i>
                        <i>-0.764521 0.605055 0.2223 -0.238559 0.0547959 -0.969581 -0.59883 -0.794296 0.102449 0.930837 2.96611 1.88297</i>
                        <i>-0.765802 0.603269 0.222741 -0.238682 0.0549895 -0.96954 -0.597141 -0.79564 0.101878 0.930668 2.96685 1.88302</i>
                        <i>-0.767092 0.601464 0.223185 -0.238806 0.0551849 -0.969498 -0.595435 -0.796992 0.101301 0.930498 2.96819 1.88308</i>
                        <i>-0.768371 0.599664 0.223626 -0.238929 0.0553797 -0.969456 -0.593733 -0.798333 0.100725 0.930328 2.97018 1.88313</i>
                        <i>-0.769624 0.597893 0.224058 -0.239051 0.0555711 -0.969416 -0.592058 -0.799647 0.100158 0.930162 2.97275 1.88318</i>
                        <i>-0.770834 0.596176 0.224475 -0.239169 0.0557567 -0.969376 -0.590434 -0.800916 0.0996077 0.93 2.97583 1.88323</i>
                        <i>-0.771985 0.594535 0.224872 -0.239282 0.0559338 -0.969338 -0.588883 -0.802122 0.0990816 0.929845 2.97935 1.88328</i>
                        <i>-0.77306 0.592996 0.225243 -0.239389 0.0560998 -0.969302 -0.587428 -0.803249 0.0985878 0.929701 2.98323 1.88332</i>
                        <i>-0.774043 0.591582 0.225583 -0.239486 0.0562522 -0.969269 -0.586092 -0.80428 0.098134 0.929568 2.98741 1.88337</i>
                        <i>-0.774919 0.590319 0.225885 -0.239573 0.0563883 -0.969239 -0.584897 -0.805198 0.0977283 0.929449 2.99181 1.8834</i>
                        <i>-0.775671 0.58923 0.226145 -0.239649 0.0565054 -0.969214 -0.583869 -0.805987 0.0973786 0.929347 2.99636 1.88344</i>
                        <i>-0.776284 0.588341 0.226357 -0.23971 0.0566011 -0.969193 -0.583028 -0.806629 0.0970928 0.929264 3.00099 1.88346</i>
                        <i>-0.776742 0.587676 0.226516 -0.239756 0.0566727 -0.969178 -0.5824 -0.807109 0.0968789 0.929201 3.00563 1.88348</i>
                        <i>-0.777028 0.587259 0.226615 -0.239785 0.0567175 -0.969168 -0.582006 -0.807409 0.0967449 0.929162 3.01021 1.88349</i>
                        <i>-0.777127 0.587115 0.226649 -0.239795 0.056733 -0.969164 -0.581869 -0.807513 0.0966984 0.929149 3.01465 1.8835</i>
                        <i>-0.777017 0.587275 0.226611 -0.239784 0.0567158 -0.969168 -0.582021 -0.807398 0.0967501 0.929164 3.01888 1.88349</i>
                        <i>-0.776698 0.58774 0.2265 -0.239752 0.0566658 -0.969179 -0.58246 -0.807063 0.0968994 0.929207 3.02284 1.88348</i>
                        <i>-0.776187 0.588482 0.226324 -0.2397 0.056586 -0.969196 -0.583161 -0.806528 0.097138 0.929277 3.02645 1.88346</i>
                        <i>-0.775503 0.589475 0.226087 -0.239632 0.0564791 -0.96922 -0.5841 -0.80581 0.0974571 0.92937 3.02963 1.88343</i>
                        <i>-0.774661 0.590692 0.225796 -0.239548 0.0563481 -0.969248 -0.58525 -0.804927 0.0978482 0.929484 3.03232 1.88339</i>
                        <i>-0.773679 0.592107 0.225457 -0.23945 0.0561956 -0.969281 -0.586588 -0.803898 0.0983025 0.929617 3.03445 1.88335</i>
                        <i>-0.772574 0.593693 0.225075 -0.23934 0.0560246 -0.969318 -0.588087 -0.802739 0.0988115 0.929766 3.03593 1.8833</i>
                        <i>-0.771363 0.595423 0.224657 -0.239221 0.0558379 -0.969358 -0.589723 -0.801469 0.0993666 0.929929 3.03673 1.88325</i>
                        <i>-0.770063 0.597272 0.224209 -0.239094 0.0556383 -0.969401 -0.591471 -0.800107 0.0999591 0.930103 3.03686 1.8832</i>
                        <i>-0.768691 0.599212 0.223736 -0.23896 0.0554285 -0.969446 -0.593305 -0.798669 0.100581 0.930286 3.03633 1.88314</i>
                        <i>-0.767267 0.601218 0.223245 -0.238822 0.0552115 -0.969492 -0.595202 -0.797175 0.101222 0.930475 3.03513 1.88308</i>
                        <i>-0.765806 0.603264 0.222742 -0.238682 0.05499 -0.96954 -0.597137 -0.795644 0.101876 0.930668 3.03328 1.88302</i>
                        <i>-0.764328 0.605322 0.222234 -0.238541 0.0547668 -0.969587 -0.599084 -0.794094 0.102534 0.930862 3.0308 1.88296</i>
                        <i>-0.76285 0.607369 0.221726 -0.238401 0.0545447 -0.969634 -0.60102 -0.792545 0.103188 0.931056 3.02767 1.8829</i>
                        <i>-0.761392 0.609378 0.221225 -0.238263 0.0543265 -0.96968 -0.60292 -0.791017 0.103828 0.931246 3.02393 1.88284</i>
                        <i>-0.759973 0.611324 0.220737 -0.23813 0.0541149 -0.969725 -0.604761 -0.789528 0.104449 0.93143 3.01956 1.88278</i>
                        <i>-0.758611 0.613181 0.220269 -0.238003 0.0539126 -0.969767 -0.606518 -0.7881 0.10504 0.931606 3.01458 1.88273</i>
                        <i>-0.757326 0.614925 0.219829 -0.237884 0.0537226 -0.969807 -0.608168 -0.786753 0.105595 0.931771 3.009 1.88268</i>
                        <i>-0.756137 0.616531 0.219421 -0.237775 0.0535474 -0.969843 -0.609688 -0.785508 0.106106 0.931924 3.00283 1.88263</i>
                    </KeyFrames>
                </p>
            </i>
            <i>
                <p>
                    <Name><![CDATA[spine2]]></Name>
                    <Exclude>0</Exclude>
                    <Additive>0</Additive>
                    <IKPriority>0</IKPriority>
                    <IKRotLimits>-1e+010 -1e+010 -1e+010 1e+010 1e+010 1e+010</IKRotLimits>
                    <IKRotLimitOrder>0</IKRotLimitOrder>
                    <KeyFrames count="46">
                        <i>-0.824661 0.520196 0.222105 -0.168689 0.148614 -0.974401 -0.539887 -0.841017 -0.0348048 0.798506 3.11107 1.92117</i>
                        <i>-0.824455 0.520553 0.222032 -0.168617 0.148565 -0.974421 -0.540224 -0.840805 -0.0347108 0.798569 3.10441 1.92115</i>
                        <i>-0.82449 0.520493 0.222044 -0.168629 0.148573 -0.974418 -0.540167 -0.840841 -0.0347266 0.798558 3.09843 1.92115</i>
                        <i>-0.824746 0.520048 0.222135 -0.168719 0.148634 -0.974393 -0.539748 -0.841105 -0.0348437 0.79848 3.09312 1.92118</i>
                        <i>-0.825204 0.519252 0.222298 -0.168879 0.148744 -0.974348 -0.538998 -0.841577 -0.0350535 0.79834 3.08845 1.92122</i>
                        <i>-0.825843 0.518137 0.222525 -0.169104 0.148898 -0.974286 -0.537947 -0.842237 -0.0353474 0.798143 3.08441 1.92129</i>
                        <i>-0.826644 0.516735 0.22281 -0.169386 0.149091 -0.974208 -0.536626 -0.843064 -0.0357169 0.797897 3.08099 1.92137</i>
                        <i>-0.827587 0.515079 0.223145 -0.16972 0.149317 -0.974115 -0.535065 -0.844037 -0.0361535 0.797606 3.07817 1.92146</i>
                        <i>-0.828651 0.513201 0.223523 -0.170099 0.149573 -0.974009 -0.533296 -0.845135 -0.0366488 0.797276 3.07593 1.92157</i>
                        <i>-0.829816 0.511133 0.223938 -0.170516 0.149853 -0.973893 -0.531347 -0.846337 -0.0371942 0.796915 3.07427 1.92169</i>
                        <i>-0.831062 0.508909 0.224382 -0.170964 0.150153 -0.973769 -0.529251 -0.847624 -0.0377812 0.796526 3.07315 1.92181</i>
                        <i>-0.83237 0.50656 0.224848 -0.171438 0.150467 -0.973637 -0.527038 -0.848974 -0.0384011 0.796117 3.07257 1.92195</i>
                        <i>-0.833721 0.50412 0.22533 -0.17193 0.150792 -0.9735 -0.524738 -0.850368 -0.0390455 0.795692 3.07252 1.92209</i>
                        <i>-0.835094 0.501621 0.225821 -0.172434 0.151123 -0.973359 -0.522384 -0.851786 -0.0397056 0.795259 3.07297 1.92223</i>
                        <i>-0.836472 0.499096 0.226313 -0.172943 0.151455 -0.973217 -0.520005 -0.853208 -0.0403726 0.794822 3.07402 1.92237</i>
                        <i>-0.837837 0.496579 0.226802 -0.17345 0.151783 -0.973076 -0.517634 -0.854617 -0.0410378 0.794388 3.07572 1.92251</i>
                        <i>-0.83917 0.494104 0.227279 -0.173949 0.152104 -0.972937 -0.515302 -0.855994 -0.0416923 0.793961 3.07801 1.92265</i>
                        <i>-0.840454 0.491703 0.22774 -0.174433 0.152414 -0.972802 -0.51304 -0.857321 -0.0423273 0.793549 3.08081 1.92279</i>
                        <i>-0.841673 0.48941 0.228177 -0.174896 0.152707 -0.972673 -0.51088 -0.858579 -0.0429338 0.793156 3.08406 1.92291</i>
                        <i>-0.842809 0.48726 0.228585 -0.175329 0.152981 -0.972551 -0.508855 -0.859753 -0.0435029 0.792788 3.0877 1.92304</i>
                        <i>-0.843846 0.485286 0.228958 -0.175727 0.153231 -0.97244 -0.506995 -0.860824 -0.0440254 0.792451 3.09165 1.92315</i>
                        <i>-0.844768 0.483523 0.229289 -0.176083 0.153453 -0.972341 -0.505334 -0.861776 -0.0444924 0.79215 3.09584 1.92324</i>
                        <i>-0.845558 0.482003 0.229574 -0.176389 0.153644 -0.972255 -0.503903 -0.862593 -0.0448947 0.791892 3.10022 1.92333</i>
                        <i>-0.846201 0.480763 0.229806 -0.17664 0.153799 -0.972185 -0.502734 -0.863257 -0.0452234 0.791681 3.10471 1.9234</i>
                        <i>-0.846681 0.479834 0.229979 -0.176827 0.153915 -0.972133 -0.50186 -0.863753 -0.0454693 0.791523 3.10924 1.92345</i>
                        <i>-0.846981 0.479252 0.230087 -0.176944 0.153987 -0.9721 -0.501312 -0.864063 -0.0456235 0.791425 3.11375 1.92348</i>
                        <i>-0.847085 0.479051 0.230124 -0.176985 0.154012 -0.972089 -0.501122 -0.86417 -0.0456768 0.79139 3.11817 1.92349</i>
                        <i>-0.84697 0.479275 0.230082 -0.17694 0.153985 -0.972101 -0.501333 -0.864051 -0.0456175 0.791428 3.12243 1.92348</i>
                        <i>-0.846635 0.479923 0.229962 -0.176809 0.153904 -0.972138 -0.501944 -0.863706 -0.0454457 0.791538 3.12646 1.92344</i>
                        <i>-0.8461 0.480958 0.229769 -0.1766 0.153775 -0.972196 -0.502919 -0.863153 -0.0451715 0.791714 3.13019 1.92339</i>
                        <i>-0.845381 0.482344 0.22951 -0.176321 0.153601 -0.972274 -0.504224 -0.86241 -0.0448044 0.79195 3.13353 1.92331</i>
                        <i>-0.844496 0.484043 0.229192 -0.175978 0.153388 -0.97237 -0.505824 -0.861495 -0.0443545 0.792239 3.13642 1.92321</i>
                        <i>-0.843462 0.486019 0.22882 -0.17558 0.153139 -0.972482 -0.507685 -0.860427 -0.0438314 0.792576 3.13877 1.9231</i>
                        <i>-0.842295 0.488234 0.2284 -0.175133 0.152857 -0.972606 -0.509772 -0.859222 -0.0432451 0.792954 3.14051 1.92298</i>
                        <i>-0.841014 0.490652 0.22794 -0.174645 0.152549 -0.972742 -0.51205 -0.857899 -0.0426054 0.793368 3.14159 1.92285</i>
                        <i>-0.839635 0.493235 0.227446 -0.174124 0.152216 -0.972888 -0.514483 -0.856475 -0.041922 0.793812 3.14202 1.9227</i>
                        <i>-0.838178 0.495947 0.226924 -0.173577 0.151865 -0.973041 -0.517039 -0.85497 -0.0412048 0.794279 3.14179 1.92255</i>
                        <i>-0.836659 0.498752 0.22638 -0.173012 0.1515 -0.973198 -0.519681 -0.853401 -0.0404634 0.794763 3.14092 1.92239</i>
                        <i>-0.835098 0.501613 0.225822 -0.172435 0.151124 -0.973359 -0.522377 -0.85179 -0.0397074 0.795258 3.1394 1.92223</i>
                        <i>-0.833514 0.504494 0.225256 -0.171854 0.150743 -0.973521 -0.525091 -0.850154 -0.0389465 0.795758 3.13725 1.92206</i>
                        <i>-0.831926 0.507359 0.22469 -0.171277 0.150361 -0.973682 -0.527791 -0.848515 -0.0381902 0.796256 3.13445 1.9219</i>
                        <i>-0.830356 0.510172 0.22413 -0.17071 0.149983 -0.97384 -0.530441 -0.846894 -0.0374479 0.796747 3.13102 1.92174</i>
                        <i>-0.828822 0.512897 0.223584 -0.17016 0.149614 -0.973992 -0.533009 -0.845312 -0.0367288 0.797223 3.12697 1.92159</i>
                        <i>-0.827348 0.5155 0.22306 -0.169635 0.14926 -0.974138 -0.535462 -0.84379 -0.0360426 0.79768 3.12229 1.92144</i>
                        <i>-0.825953 0.517944 0.222564 -0.169143 0.148924 -0.974275 -0.537766 -0.842351 -0.0353981 0.798109 3.11698 1.9213</i>
                        <i>-0.824661 0.520196 0.222105 -0.168689 0.148614 -0.974401 -0.539887 -0.841017 -0.0348048 0.798506 3.11107 1.92117</i>
                    </KeyFrames>
                </p>
            </i>
            <i>
                <p>
                    <Name><![CDATA[head]]></Name>
                    <Exclude>0</Exclude>
                    <Additive>0</Additive>
                    <IKPriority>0</IKPriority>
                    <IKRotLimits>-1e+010 -1e+010 -1e+010 1e+010 1e+010 1e+010</IKRotLimits>
                    <IKRotLimitOrder>0</IKRotLimitOrder>
                    <KeyFrames count="46">
                        <i>-0.365212 0.912279 0.185386 0.803146 0.409467 -0.432773 -0.470719 -0.00916195 -0.882235 0.590531 3.27024 1.97768</i>
                        <i>-0.364804 0.912468 0.185256 0.803335 0.409047 -0.43282 -0.470712 -0.0090719 -0.88224 0.590663 3.26368 1.97763</i>
                        <i>-0.364873 0.912436 0.185278 0.803303 0.409118 -0.432812 -0.470714 -0.00908706 -0.882239 0.590641 3.25769 1.97764</i>
                        <i>-0.36538 0.9122 0.18544 0.803068 0.409641 -0.432754 -0.470722 -0.00919914 -0.882233 0.590476 3.25225 1.9777</i>
                        <i>-0.366287 0.911777 0.185729 0.802645 0.410577 -0.432651 -0.470738 -0.0093998 -0.882223 0.590181 3.24738 1.97779</i>
                        <i>-0.367557 0.911184 0.186135 0.802052 0.411887 -0.432506 -0.470759 -0.00968085 -0.882209 0.589769 3.24305 1.97793</i>
                        <i>-0.369151 0.910435 0.186644 0.801304 0.413531 -0.432324 -0.470786 -0.010034 -0.882191 0.589251 3.23926 1.97811</i>
                        <i>-0.371031 0.909547 0.187245 0.800418 0.41547 -0.432107 -0.470816 -0.0104508 -0.882169 0.588641 3.236 1.97831</i>
                        <i>-0.373159 0.908536 0.187925 0.799408 0.417665 -0.43186 -0.470849 -0.0109233 -0.882146 0.587952 3.23327 1.97854</i>
                        <i>-0.375496 0.907417 0.188672 0.798292 0.420075 -0.431586 -0.470885 -0.0114429 -0.88212 0.587195 3.23106 1.9788</i>
                        <i>-0.378004 0.906208 0.189474 0.797086 0.422662 -0.431289 -0.470921 -0.0120015 -0.882094 0.586384 3.22936 1.97907</i>
                        <i>-0.380646 0.904924 0.19032 0.795806 0.425387 -0.430974 -0.470958 -0.0125908 -0.882066 0.585531 3.22817 1.97936</i>
                        <i>-0.383383 0.903583 0.191196 0.794469 0.42821 -0.430644 -0.470995 -0.0132024 -0.882037 0.584648 3.22747 1.97965</i>
                        <i>-0.386178 0.902202 0.192091 0.793094 0.431093 -0.430304 -0.47103 -0.0138281 -0.882009 0.583747 3.22726 1.97996</i>
                        <i>-0.388994 0.900798 0.192993 0.791696 0.433997 -0.429958 -0.471064 -0.0144595 -0.881981 0.582842 3.22764 1.98026</i>
                        <i>-0.391793 0.899392 0.193889 0.790296 0.436884 -0.42961 -0.471095 -0.0150884 -0.881953 0.581942 3.22868 1.98056</i>
                        <i>-0.394539 0.898 0.19477 0.788911 0.439715 -0.429266 -0.471124 -0.0157063 -0.881927 0.581061 3.23031 1.98086</i>
                        <i>-0.397194 0.896643 0.195621 0.787562 0.442454 -0.42893 -0.47115 -0.0163049 -0.881902 0.580211 3.23248 1.98115</i>
                        <i>-0.399723 0.895341 0.196432 0.786267 0.445061 -0.428607 -0.471174 -0.016876 -0.881879 0.579401 3.23512 1.98142</i>
                        <i>-0.402089 0.894114 0.197191 0.785048 0.447501 -0.428302 -0.471194 -0.0174112 -0.881858 0.578645 3.23819 1.98168</i>
                        <i>-0.404256 0.892982 0.197887 0.783924 0.449736 -0.428021 -0.471212 -0.017902 -0.881838 0.577953 3.24161 1.98191</i>
                        <i>-0.406189 0.891967 0.198507 0.782915 0.451728 -0.427768 -0.471226 -0.0183403 -0.881822 0.577337 3.24534 1.98212</i>
                        <i>-0.40785 0.89109 0.199041 0.782044 0.453441 -0.42755 -0.471238 -0.0187176 -0.881807 0.576807 3.24931 1.9823</i>
                        <i>-0.409205 0.890371 0.199476 0.78133 0.454838 -0.42737 -0.471247 -0.0190255 -0.881796 0.576376 3.25347 1.98244</i>
                        <i>-0.410217 0.889832 0.199801 0.780796 0.455881 -0.427236 -0.471254 -0.0192558 -0.881787 0.576054 3.25775 1.98255</i>
                        <i>-0.410851 0.889494 0.200005 0.78046 0.456535 -0.427152 -0.471258 -0.0194001 -0.881782 0.575852 3.2621 1.98262</i>
                        <i>-0.41107 0.889377 0.200075 0.780343 0.456761 -0.427122 -0.471259 -0.01945 -0.88178 0.575782 3.26647 1.98264</i>
                        <i>-0.410826 0.889507 0.199997 0.780473 0.456509 -0.427155 -0.471258 -0.0193945 -0.881782 0.57586 3.27079 1.98262</i>
                        <i>-0.41012 0.889884 0.19977 0.780847 0.455781 -0.427249 -0.471253 -0.0192337 -0.881788 0.576085 3.27499 1.98254</i>
                        <i>-0.408991 0.890485 0.199407 0.781443 0.454617 -0.427399 -0.471246 -0.0189769 -0.881798 0.576444 3.279 1.98242</i>
                        <i>-0.407478 0.891287 0.198921 0.78224 0.453057 -0.427599 -0.471236 -0.0186329 -0.88181 0.576926 3.28271 1.98226</i>
                        <i>-0.405619 0.892267 0.198324 0.783213 0.45114 -0.427843 -0.471222 -0.0182109 -0.881826 0.577519 3.28605 1.98206</i>
                        <i>-0.403453 0.893403 0.197629 0.784341 0.448907 -0.428125 -0.471205 -0.0177199 -0.881845 0.57821 3.28893 1.98182</i>
                        <i>-0.401019 0.89467 0.196848 0.785601 0.446397 -0.42844 -0.471185 -0.0171689 -0.881867 0.578987 3.29126 1.98156</i>
                        <i>-0.398355 0.896047 0.195993 0.786969 0.44365 -0.428782 -0.471161 -0.0165669 -0.881891 0.579839 3.29298 1.98127</i>
                        <i>-0.3955 0.89751 0.195078 0.788424 0.440707 -0.429145 -0.471134 -0.015923 -0.881918 0.580753 3.29409 1.98096</i>
                        <i>-0.392495 0.899037 0.194114 0.789943 0.437607 -0.429523 -0.471103 -0.0152461 -0.881947 0.581717 3.29458 1.98064</i>
                        <i>-0.389377 0.900607 0.193115 0.791506 0.434391 -0.429911 -0.471068 -0.0145454 -0.881977 0.582719 3.29445 1.9803</i>
                        <i>-0.386186 0.902198 0.192093 0.79309 0.431101 -0.430303 -0.47103 -0.0138299 -0.882009 0.583745 3.29369 1.97996</i>
                        <i>-0.382963 0.903789 0.191061 0.794675 0.427777 -0.430695 -0.470989 -0.0131085 -0.882042 0.584783 3.29229 1.97961</i>
                        <i>-0.379748 0.905362 0.190032 0.796242 0.424461 -0.431081 -0.470946 -0.0123904 -0.882075 0.585821 3.29025 1.97926</i>
                        <i>-0.37658 0.906895 0.189019 0.797772 0.421194 -0.431458 -0.470901 -0.0116844 -0.882109 0.586844 3.28757 1.97891</i>
                        <i>-0.373502 0.908372 0.188035 0.799245 0.418019 -0.431819 -0.470855 -0.0109996 -0.882142 0.587841 3.28423 1.97858</i>
                        <i>-0.370553 0.909773 0.187092 0.800643 0.414978 -0.432162 -0.470808 -0.0103449 -0.882175 0.588796 3.28023 1.97826</i>
                        <i>-0.367776 0.911081 0.186205 0.801949 0.412113 -0.432481 -0.470763 -0.00972941 -0.882206 0.589697 3.27557 1.97796</i>
                        <i>-0.365212 0.912279 0.185386 0.803146 0.409467 -0.432773 -0.470719 -0.00916195 -0.882235 0.590531 3.27024 1.97768</i>
                    </KeyFrames>
                </p>
            </i>
            <i>
                <p>
                    <Name><![CDATA[head_prop]]></Name>
                    <Exclude>0</Exclude>
                    <Additive>0</Additive>
                    <IKPriority>0</IKPriority>
                    <IKRotLimits>-1e+010 -1e+010 -1e+010 1e+010 1e+010 1e+010</IKRotLimits>
                    <IKRotLimitOrder>0</IKRotLimitOrder>
                    <KeyFrames count="46">
                        <i>0.470719 0.00916195 0.882235 -0.365212 0.912279 0.185386 -0.803146 -0.409467 0.432773 0.471505 3.56756 2.0381</i>
                        <i>0.470712 0.0090719 0.88224 -0.364804 0.912468 0.185256 -0.803335 -0.409047 0.43282 0.47177 3.56106 2.03801</i>
                        <i>0.470714 0.00908706 0.882239 -0.364873 0.912436 0.185278 -0.803303 -0.409118 0.432812 0.471726 3.55506 2.03802</i>
                        <i>0.470722 0.00919914 0.882233 -0.36538 0.9122 0.18544 -0.803068 -0.409641 0.432754 0.471395 3.54955 2.03813</i>
                        <i>0.470738 0.0093998 0.882223 -0.366287 0.911777 0.185729 -0.802645 -0.410577 0.432651 0.470805 3.54453 2.03832</i>
                        <i>0.470759 0.00968085 0.882209 -0.367557 0.911184 0.186135 -0.802052 -0.411887 0.432506 0.469978 3.54001 2.0386</i>
                        <i>0.470786 0.010034 0.882191 -0.369151 0.910435 0.186644 -0.801304 -0.413531 0.432324 0.468941 3.53598 2.03894</i>
                        <i>0.470816 0.0104508 0.882169 -0.371031 0.909547 0.187245 -0.800418 -0.41547 0.432107 0.467719 3.53243 2.03934</i>
                        <i>0.470849 0.0109233 0.882146 -0.373159 0.908536 0.187925 -0.799408 -0.417665 0.43186 0.466336 3.52937 2.03979</i>
                        <i>0.470885 0.0114429 0.88212 -0.375496 0.907417 0.188672 -0.798292 -0.420075 0.431586 0.464818 3.5268 2.04029</i>
                        <i>0.470921 0.0120015 0.882094 -0.378004 0.906208 0.189474 -0.797086 -0.422662 0.431289 0.463189 3.5247 2.04082</i>
                        <i>0.470958 0.0125908 0.882066 -0.380646 0.904924 0.19032 -0.795806 -0.425387 0.430974 0.461475 3.52309 2.04138</i>
                        <i>0.470995 0.0132024 0.882037 -0.383383 0.903583 0.191196 -0.794469 -0.42821 0.430644 0.4597 3.52195 2.04197</i>
                        <i>0.47103 0.0138281 0.882009 -0.386178 0.902202 0.192091 -0.793094 -0.431093 0.430304 0.457889 3.5213 2.04256</i>
                        <i>0.471064 0.0144595 0.881981 -0.388994 0.900798 0.192993 -0.791696 -0.433997 0.429958 0.456065 3.52122 2.04316</i>
                        <i>0.471095 0.0150884 0.881953 -0.391793 0.899392 0.193889 -0.790296 -0.436884 0.42961 0.454253 3.5218 2.04375</i>
                        <i>0.471124 0.0157063 0.881927 -0.394539 0.898 0.19477 -0.788911 -0.439715 0.429266 0.452478 3.52298 2.04434</i>
                        <i>0.47115 0.0163049 0.881902 -0.397194 0.896643 0.195621 -0.787562 -0.442454 0.42893 0.450761 3.5247 2.0449</i>
                        <i>0.471174 0.016876 0.881879 -0.399723 0.895341 0.196432 -0.786267 -0.445061 0.428607 0.449128 3.52692 2.04544</i>
                        <i>0.471194 0.0174112 0.881858 -0.402089 0.894114 0.197191 -0.785048 -0.447501 0.428302 0.4476 3.52959 2.04594</i>
                        <i>0.471212 0.017902 0.881838 -0.404256 0.892982 0.197887 -0.783924 -0.449736 0.428021 0.446202 3.53264 2.0464</i>
                        <i>0.471226 0.0183403 0.881822 -0.406189 0.891967 0.198507 -0.782915 -0.451728 0.427768 0.444956 3.53604 2.04681</i>
                        <i>0.471238 0.0187176 0.881807 -0.40785 0.89109 0.199041 -0.782044 -0.453441 0.42755 0.443885 3.53972 2.04717</i>
                        <i>0.471247 0.0190255 0.881796 -0.409205 0.890371 0.199476 -0.78133 -0.454838 0.42737 0.443012 3.54365 2.04745</i>
                        <i>0.471254 0.0192558 0.881787 -0.410217 0.889832 0.199801 -0.780796 -0.455881 0.427236 0.44236 3.54775 2.04767</i>
                        <i>0.471258 0.0194001 0.881782 -0.410851 0.889494 0.200005 -0.78046 -0.456535 0.427152 0.441952 3.552 2.0478</i>
                        <i>0.471259 0.01945 0.88178 -0.41107 0.889377 0.200075 -0.780343 -0.456761 0.427122 0.441811 3.55632 2.04785</i>
                        <i>0.471258 0.0193945 0.881782 -0.410826 0.889507 0.199997 -0.780473 -0.456509 0.427155 0.441968 3.56069 2.0478</i>
                        <i>0.471253 0.0192337 0.881788 -0.41012 0.889884 0.19977 -0.780847 -0.455781 0.427249 0.442423 3.56502 2.04765</i>
                        <i>0.471246 0.0189769 0.881798 -0.408991 0.890485 0.199407 -0.781443 -0.454617 0.427399 0.44315 3.56921 2.04741</i>
                        <i>0.471236 0.0186329 0.88181 -0.407478 0.891287 0.198921 -0.78224 -0.453057 0.427599 0.444125 3.57319 2.04709</i>
                        <i>0.471222 0.0182109 0.881826 -0.405619 0.892267 0.198324 -0.783213 -0.45114 0.427843 0.445324 3.57685 2.04669</i>
                        <i>0.471205 0.0177199 0.881845 -0.403453 0.893403 0.197629 -0.784341 -0.448907 0.428125 0.446721 3.5801 2.04623</i>
                        <i>0.471185 0.0171689 0.881867 -0.401019 0.89467 0.196848 -0.785601 -0.446397 0.42844 0.448292 3.58284 2.04572</i>
