<?xml version="1.0" encoding="ISO-8859-1" ?>
<Animl Version="1">
    <ModellingPackage><![CDATA[Maya.2010]]></ModellingPackage>
    <SrcFile><![CDATA[anims\vehicles\red\~src\air\helicopter_mi24hind\heli_mi24hind_fly_idle_crewman_a.mb]]></SrcFile>
    <FramesPerSecond>30</FramesPerSecond>
    <TotalFrames>46</TotalFrames>
    <Skeleton>
        <RefFrame>
            <Name><![CDATA[soldier_ref_frame]]></Name>
            <Exclude>0</Exclude>
            <Additive>0</Additive>
            <IKPriority>0</IKPriority>
            <IKRotLimits>-1e+010 -1e+010 -1e+010 1e+010 1e+010 1e+010</IKRotLimits>
            <IKRotLimitOrder>0</IKRotLimitOrder>
            <KeyFrames count="46">
                <i>1 0 0 0 1 0 0 0 1 1.9 0 4.73</i>
                <i>1 0 0 0 1 0 0 0 1 1.9 0 4.73</i>
                <i>1 0 0 0 1 0 0 0 1 1.9 0 4.73</i>
                <i>1 0 0 0 1 0 0 0 1 1.9 0 4.73</i>
                <i>1 0 0 0 1 0 0 0 1 1.9 0 4.73</i>
                <i>1 0 0 0 1 0 0 0 1 1.9 0 4.73</i>
                <i>1 0 0 0 1 0 0 0 1 1.9 0 4.73</i>
                <i>1 0 0 0 1 0 0 0 1 1.9 0 4.73</i>
                <i>1 0 0 0 1 0 0 0 1 1.9 0 4.73</i>
                <i>1 0 0 0 1 0 0 0 1 1.9 0 4.73</i>
                <i>1 0 0 0 1 0 0 0 1 1.9 0 4.73</i>
                <i>1 0 0 0 1 0 0 0 1 1.9 0 4.73</i>
                <i>1 0 0 0 1 0 0 0 1 1.9 0 4.73</i>
                <i>1 0 0 0 1 0 0 0 1 1.9 0 4.73</i>
                <i>1 0 0 0 1 0 0 0 1 1.9 0 4.73</i>
                <i>1 0 0 0 1 0 0 0 1 1.9 0 4.73</i>
                <i>1 0 0 0 1 0 0 0 1 1.9 0 4.73</i>
                <i>1 0 0 0 1 0 0 0 1 1.9 0 4.73</i>
                <i>1 0 0 0 1 0 0 0 1 1.9 0 4.73</i>
                <i>1 0 0 0 1 0 0 0 1 1.9 0 4.73</i>
                <i>1 0 0 0 1 0 0 0 1 1.9 0 4.73</i>
                <i>1 0 0 0 1 0 0 0 1 1.9 0 4.73</i>
                <i>1 0 0 0 1 0 0 0 1 1.9 0 4.73</i>
                <i>1 0 0 0 1 0 0 0 1 1.9 0 4.73</i>
                <i>1 0 0 0 1 0 0 0 1 1.9 0 4.73</i>
                <i>1 0 0 0 1 0 0 0 1 1.9 0 4.73</i>
                <i>1 0 0 0 1 0 0 0 1 1.9 0 4.73</i>
                <i>1 0 0 0 1 0 0 0 1 1.9 0 4.73</i>
                <i>1 0 0 0 1 0 0 0 1 1.9 0 4.73</i>
                <i>1 0 0 0 1 0 0 0 1 1.9 0 4.73</i>
                <i>1 0 0 0 1 0 0 0 1 1.9 0 4.73</i>
                <i>1 0 0 0 1 0 0 0 1 1.9 0 4.73</i>
                <i>1 0 0 0 1 0 0 0 1 1.9 0 4.73</i>
                <i>1 0 0 0 1 0 0 0 1 1.9 0 4.73</i>
                <i>1 0 0 0 1 0 0 0 1 1.9 0 4.73</i>
                <i>1 0 0 0 1 0 0 0 1 1.9 0 4.73</i>
                <i>1 0 0 0 1 0 0 0 1 1.9 0 4.73</i>
                <i>1 0 0 0 1 0 0 0 1 1.9 0 4.73</i>
                <i>1 0 0 0 1 0 0 0 1 1.9 0 4.73</i>
                <i>1 0 0 0 1 0 0 0 1 1.9 0 4.73</i>
                <i>1 0 0 0 1 0 0 0 1 1.9 0 4.73</i>
                <i>1 0 0 0 1 0 0 0 1 1.9 0 4.73</i>
                <i>1 0 0 0 1 0 0 0 1 1.9 0 4.73</i>
                <i>1 0 0 0 1 0 0 0 1 1.9 0 4.73</i>
                <i>1 0 0 0 1 0 0 0 1 1.9 0 4.73</i>
                <i>1 0 0 0 1 0 0 0 1 1.9 0 4.73</i>
            </KeyFrames>
        </RefFrame>
        <Bones count="23">
            <i>
                <p>
                    <Name><![CDATA[pelvis]]></Name>
                    <Exclude>0</Exclude>
                    <Additive>0</Additive>
                    <IKPriority>0</IKPriority>
                    <IKRotLimits>-1e+010 -1e+010 -1e+010 1e+010 1e+010 1e+010</IKRotLimits>
                    <IKRotLimitOrder>2</IKRotLimitOrder>
                    <KeyFrames count="46">
                        <i>1 0 0 0 1 0 0 0 1 -0.02 1.72 7.41</i>
                        <i>1 0 0 0 1 0 0 0 1 -0.02 1.72 7.41</i>
                        <i>1 0 0 0 1 0 0 0 1 -0.02 1.72 7.41</i>
                        <i>1 0 0 0 1 0 0 0 1 -0.02 1.72 7.41</i>
                        <i>1 0 0 0 1 0 0 0 1 -0.02 1.72 7.41</i>
                        <i>1 0 0 0 1 0 0 0 1 -0.02 1.72 7.41</i>
                        <i>1 0 0 0 1 0 0 0 1 -0.02 1.72 7.41</i>
                        <i>1 0 0 0 1 0 0 0 1 -0.02 1.72 7.41</i>
                        <i>1 0 0 0 1 0 0 0 1 -0.02 1.72 7.41</i>
                        <i>1 0 0 0 1 0 0 0 1 -0.02 1.72 7.41</i>
                        <i>1 0 0 0 1 0 0 0 1 -0.02 1.72 7.41</i>
                        <i>1 0 0 0 1 0 0 0 1 -0.02 1.72 7.41</i>
                        <i>1 0 0 0 1 0 0 0 1 -0.02 1.72 7.41</i>
                        <i>1 0 0 0 1 0 0 0 1 -0.02 1.72 7.41</i>
                        <i>1 0 0 0 1 0 0 0 1 -0.02 1.72 7.41</i>
                        <i>1 0 0 0 1 0 0 0 1 -0.02 1.72 7.41</i>
                        <i>1 0 0 0 1 0 0 0 1 -0.02 1.72 7.41</i>
                        <i>1 0 0 0 1 0 0 0 1 -0.02 1.72 7.41</i>
                        <i>1 0 0 0 1 0 0 0 1 -0.02 1.72 7.41</i>
                        <i>1 0 0 0 1 0 0 0 1 -0.02 1.72 7.41</i>
                        <i>1 0 0 0 1 0 0 0 1 -0.02 1.72 7.41</i>
                        <i>1 0 0 0 1 0 0 0 1 -0.02 1.72 7.41</i>
                        <i>1 0 0 0 1 0 0 0 1 -0.02 1.72 7.41</i>
                        <i>1 0 0 0 1 0 0 0 1 -0.02 1.72 7.41</i>
                        <i>1 0 0 0 1 0 0 0 1 -0.02 1.72 7.41</i>
                        <i>1 0 0 0 1 0 0 0 1 -0.02 1.72 7.41</i>
                        <i>1 0 0 0 1 0 0 0 1 -0.02 1.72 7.41</i>
                        <i>1 0 0 0 1 0 0 0 1 -0.02 1.72 7.41</i>
                        <i>1 0 0 0 1 0 0 0 1 -0.02 1.72 7.41</i>
                        <i>1 0 0 0 1 0 0 0 1 -0.02 1.72 7.41</i>
                        <i>1 0 0 0 1 0 0 0 1 -0.02 1.72 7.41</i>
                        <i>1 0 0 0 1 0 0 0 1 -0.02 1.72 7.41</i>
                        <i>1 0 0 0 1 0 0 0 1 -0.02 1.72 7.41</i>
                        <i>1 0 0 0 1 0 0 0 1 -0.02 1.72 7.41</i>
                        <i>1 0 0 0 1 0 0 0 1 -0.02 1.72 7.41</i>
                        <i>1 0 0 0 1 0 0 0 1 -0.02 1.72 7.41</i>
                        <i>1 0 0 0 1 0 0 0 1 -0.02 1.72 7.41</i>
                        <i>1 0 0 0 1 0 0 0 1 -0.02 1.72 7.41</i>
                        <i>1 0 0 0 1 0 0 0 1 -0.02 1.72 7.41</i>
                        <i>1 0 0 0 1 0 0 0 1 -0.02 1.72 7.41</i>
                        <i>1 0 0 0 1 0 0 0 1 -0.02 1.72 7.41</i>
                        <i>1 0 0 0 1 0 0 0 1 -0.02 1.72 7.41</i>
                        <i>1 0 0 0 1 0 0 0 1 -0.02 1.72 7.41</i>
                        <i>1 0 0 0 1 0 0 0 1 -0.02 1.72 7.41</i>
                        <i>1 0 0 0 1 0 0 0 1 -0.02 1.72 7.41</i>
                        <i>1 0 0 0 1 0 0 0 1 -0.02 1.72 7.41</i>
                    </KeyFrames>
                </p>
            </i>
            <i>
                <p>
                    <Name><![CDATA[spine0]]></Name>
                    <Exclude>0</Exclude>
                    <Additive>0</Additive>
                    <IKPriority>0</IKPriority>
                    <IKRotLimits>-1e+010 -1e+010 -1e+010 1e+010 1e+010 1e+010</IKRotLimits>
                    <IKRotLimitOrder>0</IKRotLimitOrder>
                    <KeyFrames count="46">
                        <i>0.0889428 0.995482 0.0332515 -0.996015 0.0886715 0.00954924 0.00655763 -0.0339683 0.999401 -0.0288897 1.83812 7.32836</i>
                        <i>0.0889408 0.995489 0.0330437 -0.996015 0.0886708 0.00954941 0.00657632 -0.0337613 0.999408 -0.0288897 1.83812 7.32836</i>
                        <i>0.088935 0.995509 0.0324465 -0.996015 0.0886689 0.00954993 0.00663004 -0.0331666 0.999428 -0.0288897 1.83812 7.32836</i>
                        <i>0.0889253 0.99554 0.0314999 -0.996016 0.0886656 0.00955086 0.00671531 -0.0322237 0.999458 -0.0288897 1.83812 7.32836</i>
                        <i>0.0889117 0.99558 0.0302438 -0.996016 0.0886605 0.00955227 0.00682862 -0.0309726 0.999497 -0.0288897 1.83812 7.32836</i>
                        <i>0.0888941 0.995627 0.0287188 -0.996017 0.0886533 0.00955426 0.00696646 -0.0294537 0.999542 -0.0288897 1.83812 7.32836</i>
                        <i>0.0888721 0.995678 0.0269652 -0.996018 0.0886436 0.00955693 0.00712533 -0.0277071 0.999591 -0.0288897 1.83812 7.32836</i>
                        <i>0.0888458 0.995731 0.0250234 -0.996019 0.0886312 0.00956035 0.00730169 -0.0257732 0.999641 -0.0288897 1.83812 7.32836</i>
                        <i>0.088815 0.995784 0.0229337 -0.99602 0.0886158 0.0095646 0.00749198 -0.023692 0.999691 -0.0288897 1.83812 7.32836</i>
                        <i>0.08878 0.995835 0.0207361 -0.996022 0.0885973 0.00956969 0.00769268 -0.0215032 0.999739 -0.0288897 1.83812 7.32836</i>
                        <i>0.088741 0.995883 0.0184701 -0.996023 0.0885759 0.00957561 0.00790019 -0.0192464 0.999784 -0.0288897 1.83812 7.32836</i>
                        <i>0.0886985 0.995927 0.0161748 -0.996026 0.0885516 0.00958231 0.00811098 -0.0169605 0.999823 -0.0288897 1.83812 7.32836</i>
                        <i>0.0886531 0.995966 0.0138888 -0.996028 0.0885249 0.00958968 0.00832149 -0.0146838 0.999858 -0.0288897 1.83812 7.32836</i>
                        <i>0.0886057 0.995999 0.0116499 -0.99603 0.0884963 0.00959759 0.00852821 -0.012454 0.999886 -0.0288897 1.83812 7.32836</i>
                        <i>0.0885574 0.996026 0.0094955 -0.996033 0.0884664 0.00960584 0.00872763 -0.0103085 0.999909 -0.0288897 1.83812 7.32836</i>
                        <i>0.0885092 0.996047 0.00746221 -0.996035 0.0884361 0.0096142 0.00891627 -0.00828357 0.999926 -0.0288897 1.83812 7.32836</i>
                        <i>0.0884626 0.996064 0.00558603 -0.996038 0.0884064 0.00962241 0.0090907 -0.00641512 0.999938 -0.0288897 1.83812 7.32836</i>
                        <i>0.088419 0.996076 0.00390244 -0.99604 0.0883781 0.0096302 0.00924752 -0.00473848 0.999946 -0.0288897 1.83812 7.32836</i>
                        <i>0.0883799 0.996084 0.0024466 -0.996043 0.0883526 0.00963725 0.00938334 -0.00328866 0.999951 -0.0288897 1.83812 7.32836</i>
                        <i>0.088347 0.996089 0.00125331 -0.996045 0.0883309 0.00964324 0.00949482 -0.00210031 0.999953 -0.0288897 1.83812 7.32836</i>
                        <i>0.0883216 0.996092 0.000357335 -0.996046 0.0883141 0.00964787 0.00957861 -0.00120804 0.999953 -0.0288897 1.83812 7.32836</i>
                        <i>0.0883055 0.996093 -0.000206294 -0.996047 0.0883033 0.00965084 0.00963136 -0.000646743 0.999953 -0.0288897 1.83812 7.32836</i>
                        <i>0.0882998 0.996094 -0.000402191 -0.996047 0.0882996 0.00965189 0.0096497 -0.000451658 0.999953 -0.0288897 1.83812 7.32836</i>
                        <i>0.088305 0.996093 -0.000222747 -0.996047 0.088303 0.00965093 0.0096329 -0.000630359 0.999953 -0.0288897 1.83812 7.32836</i>
                        <i>0.0883199 0.996092 0.000294636 -0.996046 0.0883129 0.0096482 0.00958448 -0.0011456 0.999953 -0.0288897 1.83812 7.32836</i>
                        <i>0.0883432 0.996089 0.00111883 -0.996045 0.0883284 0.00964393 0.00950739 -0.00196638 0.999953 -0.0288897 1.83812 7.32836</i>
                        <i>0.0883737 0.996085 0.00221926 -0.996043 0.0883485 0.00963837 0.00940457 -0.00306226 0.999951 -0.0288897 1.83812 7.32836</i>
                        <i>0.0884101 0.996078 0.00356538 -0.996041 0.0883723 0.00963181 0.00927895 -0.00440281 0.999947 -0.0288897 1.83812 7.32836</i>
                        <i>0.0884509 0.996067 0.00512682 -0.996039 0.0883988 0.0096245 0.00913344 -0.00595781 0.999941 -0.0288897 1.83812 7.32836</i>
                        <i>0.0884948 0.996053 0.00687292 -0.996036 0.088427 0.00961672 0.00897101 -0.00769671 0.99993 -0.0288897 1.83812 7.32836</i>
                        <i>0.0885405 0.996034 0.00877269 -0.996034 0.0884559 0.00960874 0.00879464 -0.00958865 0.999915 -0.0288897 1.83812 7.32836</i>
                        <i>0.0885869 0.99601 0.0107948 -0.996031 0.0884847 0.00960079 0.00860731 -0.0116024 0.999896 -0.0288897 1.83812 7.32836</i>
                        <i>0.0886327 0.995981 0.0129074 -0.996029 0.0885127 0.00959307 0.00841205 -0.0137064 0.999871 -0.0288897 1.83812 7.32836</i>
                        <i>0.0886771 0.995946 0.015078 -0.996027 0.0885391 0.00958576 0.00821191 -0.0158681 0.99984 -0.0288897 1.83812 7.32836</i>
                        <i>0.0887192 0.995907 0.0172738 -0.996024 0.0885636 0.00957902 0.00800999 -0.0180549 0.999805 -0.0288897 1.83812 7.32836</i>
                        <i>0.0887585 0.995863 0.0194612 -0.996023 0.0885856 0.00957294 0.00780935 -0.0202335 0.999765 -0.0288897 1.83812 7.32836</i>
                        <i>0.0887942 0.995816 0.0216064 -0.996021 0.0886049 0.0095676 0.00761313 -0.02237 0.999721 -0.0288897 1.83812 7.32836</i>
                        <i>0.0888262 0.995766 0.0236749 -0.996019 0.0886215 0.00956303 0.00742443 -0.0244301 0.999674 -0.0288897 1.83812 7.32836</i>
                        <i>0.0888543 0.995715 0.0256319 -0.996018 0.0886353 0.00955923 0.00724637 -0.0263792 0.999626 -0.0288897 1.83812 7.32836</i>
                        <i>0.0888783 0.995664 0.0274424 -0.996017 0.0886464 0.00955616 0.00708205 -0.0281825 0.999578 -0.0288897 1.83812 7.32836</i>
                        <i>0.0888983 0.995616 0.0290712 -0.996017 0.088655 0.00955377 0.00693459 -0.0298047 0.999532 -0.0288897 1.83812 7.32836</i>
                        <i>0.0889144 0.995573 0.0304827 -0.996016 0.0886615 0.00955198 0.00680705 -0.0312106 0.99949 -0.0288897 1.83812 7.32836</i>
                        <i>0.0889268 0.995535 0.0316418 -0.996016 0.0886661 0.00955071 0.00670252 -0.032365 0.999454 -0.0288897 1.83812 7.32836</i>
                        <i>0.0889356 0.995507 0.0325129 -0.996015 0.0886692 0.00954987 0.00662407 -0.0332327 0.999426 -0.0288897 1.83812 7.32836</i>
                        <i>0.0889409 0.995488 0.0330611 -0.996015 0.0886709 0.0095494 0.00657475 -0.0337787 0.999408 -0.0288897 1.83812 7.32836</i>
                        <i>0.0889428 0.995482 0.0332515 -0.996015 0.0886715 0.00954924 0.00655763 -0.0339683 0.999401 -0.0288897 1.83812 7.32836</i>
                    </KeyFrames>
                </p>
            </i>
            <i>
                <p>
                    <Name><![CDATA[spine1]]></Name>
                    <Exclude>0</Exclude>
                    <Additive>0</Additive>
                    <IKPriority>0</IKPriority>
                    <IKRotLimits>-1e+010 -1e+010 -1e+010 1e+010 1e+010 1e+010</IKRotLimits>
                    <IKRotLimitOrder>0</IKRotLimitOrder>
                    <KeyFrames count="46">
                        <i>0.174023 0.884094 0.433698 -0.980449 0.196632 -0.00742466 -0.0918428 -0.423927 0.901028 -0.0120755 2.02632 7.33454</i>
                        <i>0.174024 0.884121 0.433642 -0.980457 0.196598 -0.00736443 -0.0917641 -0.423885 0.901055 -0.0120753 2.02633 7.3345</i>
                        <i>0.174027 0.8842 0.43348 -0.980477 0.196501 -0.00719135 -0.0915378 -0.423765 0.901135 -0.0120745 2.02636 7.33439</i>
                        <i>0.174031 0.884326 0.433221 -0.98051 0.196348 -0.00691694 -0.0911789 -0.423574 0.901261 -0.0120734 2.02639 7.33421</i>
                        <i>0.174037 0.884494 0.432877 -0.980553 0.196145 -0.00655279 -0.0907023 -0.423318 0.901429 -0.0120721 2.02645 7.33398</i>
                        <i>0.174043 0.884699 0.432455 -0.980605 0.195897 -0.00611055 -0.0901229 -0.423004 0.901635 -0.0120707 2.02651 7.33369</i>
                        <i>0.174051 0.884936 0.431966 -0.980665 0.195613 -0.00560184 -0.0894556 -0.422639 0.901872 -0.0120692 2.02658 7.33336</i>
                        <i>0.174059 0.885201 0.43142 -0.980731 0.195298 -0.00503825 -0.0887154 -0.42223 0.902137 -0.0120679 2.02666 7.33299</i>
                        <i>0.174067 0.885489 0.430825 -0.980801 0.194959 -0.00443131 -0.0879172 -0.421782 0.902425 -0.0120668 2.02675 7.3326</i>
                        <i>0.174075 0.885795 0.430192 -0.980875 0.194602 -0.00379245 -0.0870756 -0.421305 0.902729 -0.0120661 2.02684 7.33218</i>
                        <i>0.174083 0.886114 0.429532 -0.98095 0.194233 -0.003133 -0.0862056 -0.420804 0.903046 -0.0120658 2.02694 7.33176</i>
                        <i>0.174091 0.886441 0.428854 -0.981026 0.193859 -0.00246416 -0.0853216 -0.420288 0.903371 -0.0120658 2.02704 7.33132</i>
                        <i>0.174099 0.88677 0.428169 -0.981101 0.193486 -0.00179705 -0.0844385 -0.419765 0.903697 -0.0120663 2.02713 7.33089</i>
                        <i>0.174105 0.887096 0.42749 -0.981174 0.19312 -0.00114264 -0.0835707 -0.419244 0.904019 -0.0120673 2.02723 7.33046</i>
                        <i>0.174112 0.887413 0.426828 -0.981244 0.192767 -0.000511809 -0.0827328 -0.418734 0.904332 -0.0120685 2.02732 7.33006</i>
                        <i>0.174117 0.887716 0.426196 -0.98131 0.192434 8.46486e-005 -0.0819393 -0.418245 0.904631 -0.0120701 2.02741 7.32967</i>
                        <i>0.174121 0.887999 0.425605 -0.98137 0.192125 0.000636033 -0.0812046 -0.417787 0.904909 -0.0120718 2.0275 7.32931</i>
                        <i>0.174125 0.888255 0.425068 -0.981424 0.191848 0.0011317 -0.0805432 -0.41737 0.90516 -0.0120737 2.02757 7.32899</i>
                        <i>0.174128 0.888478 0.4246 -0.98147 0.191607 0.00156106 -0.0799696 -0.417004 0.90538 -0.0120754 2.02764 7.32871</i>
                        <i>0.174131 0.888663 0.424213 -0.981508 0.19141 0.00191351 -0.0794983 -0.416702 0.90556 -0.012077 2.02769 7.32849</i>
                        <i>0.174132 0.888802 0.423921 -0.981537 0.191262 0.00217847 -0.0791436 -0.416473 0.905697 -0.0120783 2.02773 7.32832</i>
                        <i>0.174133 0.88889 0.423736 -0.981555 0.191168 0.0023453 -0.0789202 -0.416328 0.905783 -0.0120791 2.02776 7.32821</i>
                        <i>0.174134 0.888921 0.423671 -0.981561 0.191136 0.00240331 -0.0788425 -0.416278 0.905813 -0.0120794 2.02777 7.32817</i>
                        <i>0.174134 0.888893 0.42373 -0.981555 0.191166 0.00235016 -0.0789137 -0.416324 0.905785 -0.0120791 2.02776 7.32821</i>
                        <i>0.174133 0.888812 0.4239 -0.981539 0.191251 0.00219702 -0.0791188 -0.416457 0.905706 -0.0120784 2.02774 7.3283</i>
                        <i>0.174131 0.888684 0.424169 -0.981513 0.191388 0.00195326 -0.0794451 -0.416668 0.905581 -0.0120772 2.0277 7.32846</i>
                        <i>0.174129 0.888513 0.424527 -0.981478 0.19157 0.00162817 -0.0798799 -0.416947 0.905414 -0.0120757 2.02765 7.32867</i>
                        <i>0.174126 0.888307 0.42496 -0.981435 0.191792 0.00123105 -0.0804105 -0.417285 0.905211 -0.012074 2.02759 7.32893</i>
                        <i>0.174123 0.888069 0.425459 -0.981385 0.19205 0.00077114 -0.0810244 -0.417673 0.904977 -0.0120723 2.02752 7.32923</i>
                        <i>0.174118 0.887805 0.426011 -0.981329 0.192337 0.000257722 -0.0817088 -0.418102 0.904718 -0.0120706 2.02744 7.32956</i>
                        <i>0.174113 0.887521 0.426604 -0.981268 0.192649 -0.000299901 -0.082451 -0.418561 0.904438 -0.012069 2.02736 7.32992</i>
                        <i>0.174108 0.887222 0.427229 -0.981202 0.19298 -0.000892386 -0.0832385 -0.419042 0.904143 -0.0120677 2.02727 7.3303</i>
                        <i>0.174102 0.886912 0.427873 -0.981133 0.193326 -0.00151032 -0.0840585 -0.419537 0.903838 -0.0120667 2.02718 7.3307</i>
                        <i>0.174095 0.886598 0.428526 -0.981062 0.19368 -0.00214421 -0.0848983 -0.420038 0.903527 -0.012066 2.02708 7.33111</i>
                        <i>0.174088 0.886284 0.429179 -0.98099 0.194039 -0.0027845 -0.0857452 -0.420536 0.903215 -0.0120657 2.02699 7.33153</i>
                        <i>0.17408 0.885974 0.429822 -0.980917 0.194395 -0.00342153 -0.0865864 -0.421024 0.902907 -0.0120658 2.0269 7.33194</i>
                        <i>0.174072 0.885673 0.430444 -0.980846 0.194744 -0.00404552 -0.0874091 -0.421495 0.902608 -0.0120663 2.0268 7.33235</i>
                        <i>0.174064 0.885386 0.431037 -0.980776 0.195079 -0.00464662 -0.0882005 -0.421942 0.902322 -0.0120672 2.02672 7.33274</i>
                        <i>0.174056 0.885118 0.431592 -0.98071 0.195397 -0.0052149 -0.0889475 -0.422359 0.902054 -0.0120683 2.02664 7.33311</i>
                        <i>0.174049 0.884871 0.4321 -0.980649 0.195691 -0.0057403 -0.0896373 -0.422739 0.901808 -0.0120696 2.02656 7.33345</i>
                        <i>0.174042 0.884651 0.432553 -0.980593 0.195955 -0.00621274 -0.0902568 -0.423077 0.901587 -0.012071 2.02649 7.33376</i>
                        <i>0.174035 0.884462 0.432942 -0.980545 0.196183 -0.00662206 -0.090793 -0.423367 0.901397 -0.0120724 2.02644 7.33402</i>
                        <i>0.17403 0.884307 0.43326 -0.980505 0.196371 -0.00695807 -0.0912327 -0.423603 0.901242 -0.0120736 2.02639 7.33424</i>
                        <i>0.174026 0.884192 0.433498 -0.980475 0.196512 -0.00721059 -0.091563 -0.423779 0.901126 -0.0120746 2.02635 7.3344</i>
                        <i>0.174024 0.884119 0.433647 -0.980456 0.196601 -0.00736948 -0.0917707 -0.423889 0.901053 -0.0120753 2.02633 7.33451</i>
                        <i>0.174023 0.884094 0.433698 -0.980449 0.196632 -0.00742466 -0.0918428 -0.423927 0.901028 -0.0120755 2.02632 7.33454</i>
                    </KeyFrames>
                </p>
            </i>
            <i>
                <p>
                    <Name><![CDATA[spine2]]></Name>
                    <Exclude>0</Exclude>
                    <Additive>0</Additive>
                    <IKPriority>0</IKPriority>
                    <IKRotLimits>-1e+010 -1e+010 -1e+010 1e+010 1e+010 1e+010</IKRotLimits>
                    <IKRotLimitOrder>0</IKRotLimitOrder>
                    <KeyFrames count="46">
                        <i>0.0871856 0.841919 0.532514 -0.993543 0.112448 -0.0151159 -0.0726065 -0.527758 0.846286 0.0181139 2.17982 7.41022</i>
                        <i>0.08717 0.841726 0.532822 -0.993546 0.112425 -0.0150579 -0.0725769 -0.528071 0.846093 0.0181155 2.17984 7.41017</i>
                        <i>0.0871252 0.84117 0.533706 -0.993556 0.112357 -0.0148915 -0.0724919 -0.528969 0.845539 0.0181203 2.17989 7.41004</i>
                        <i>0.0870543 0.840287 0.535107 -0.993572 0.11225 -0.0146277 -0.0723571 -0.530394 0.844658 0.0181277 2.17998 7.40983</i>
                        <i>0.0869607 0.83911 0.536966 -0.993594 0.112107 -0.0142776 -0.0721781 -0.532284 0.843483 0.0181375 2.18009 7.40955</i>
                        <i>0.0868473 0.837673 0.539223 -0.993619 0.111932 -0.0138525 -0.0719603 -0.534579 0.842049 0.0181494 2.18024 7.40921</i>
                        <i>0.0867175 0.83601 0.541818 -0.993649 0.11173 -0.0133636 -0.0717095 -0.537218 0.840389 0.0181629 2.1804 7.40882</i>
                        <i>0.0865745 0.834155 0.544693 -0.993681 0.111504 -0.0128221 -0.0714311 -0.540141 0.838538 0.0181777 2.18058 7.40839</i>
                        <i>0.0864216 0.832142 0.547787 -0.993716 0.111259 -0.0122391 -0.0711307 -0.543287 0.836528 0.0181934 2.18078 7.40792</i>
                        <i>0.0862616 0.830007 0.551042 -0.993753 0.110998 -0.0116257 -0.0708138 -0.546597 0.834397 0.0182097 2.18099 7.40743</i>
                        <i>0.0860976 0.827785 0.5544 -0.99379 0.110726 -0.0109926 -0.0704859 -0.550011 0.832178 0.0182263 2.18121 7.40693</i>
                        <i>0.0859325 0.825513 0.557803 -0.993828 0.110447 -0.0103508 -0.0701527 -0.553471 0.829909 0.0182429 2.18144 7.40641</i>
                        <i>0.085769 0.823228 0.561195 -0.993866 0.110167 -0.0097109 -0.0698194 -0.556919 0.827627 0.0182592 2.18167 7.4059</i>
                        <i>0.08561 0.820969 0.564519 -0.993902 0.109889 -0.0090834 -0.0694918 -0.560299 0.82537 0.018275 2.18189 7.40539</i>
                        <i>0.0854577 0.818774 0.56772 -0.993938 0.109619 -0.00847879 -0.0691752 -0.563554 0.823178 0.0182899 2.18212 7.4049</i>
                        <i>0.0853149 0.816684 0.570744 -0.993971 0.109361 -0.00790734 -0.0688751 -0.566629 0.82109 0.0183038 2.18233 7.40444</i>
                        <i>0.0851837 0.814738 0.573537 -0.994001 0.109121 -0.00737927 -0.0685971 -0.569468 0.819146 0.0183165 2.18252 7.40401</i>
                        <i>0.0850666 0.812979 0.576046 -0.994028 0.108903 -0.00690473 -0.0683467 -0.572019 0.817388 0.0183277 2.1827 7.40363</i>
                        <i>0.0849657 0.811447 0.578217 -0.994052 0.108713 -0.00649384 -0.0681294 -0.574226 0.815857 0.0183374 2.18286 7.4033</i>
                        <i>0.0848833 0.810183 0.579998 -0.994071 0.108557 -0.00615663 -0.0679507 -0.576037 0.814595 0.0183452 2.18299 7.40302</i>
                        <i>0.0848216 0.80923 0.581336 -0.994086 0.108439 -0.00590319 -0.0678163 -0.577397 0.813642 0.018351 2.18308 7.40282</i>
                        <i>0.0847829 0.808629 0.582178 -0.994095 0.108364 -0.00574366 -0.0677315 -0.578253 0.813041 0.0183546 2.18314 7.40269</i>
                        <i>0.0847694 0.808419 0.582471 -0.994098 0.108338 -0.00568819 -0.067702 -0.578551 0.812832 0.0183559 2.18317 7.40264</i>
                        <i>0.0847818 0.808611 0.582203 -0.994095 0.108362 -0.005739 -0.0677291 -0.578278 0.813023 0.0183548 2.18315 7.40268</i>
                        <i>0.0848173 0.809163 0.58143 -0.994087 0.10843 -0.00588545 -0.0678069 -0.577492 0.813575 0.0183514 2.18309 7.4028</i>
                        <i>0.0848741 0.810041 0.580199 -0.994073 0.108539 -0.00611861 -0.0679306 -0.576241 0.814452 0.018346 2.183 7.40299</i>
                        <i>0.08495 0.811207 0.578556 -0.994056 0.108684 -0.00642963 -0.0680954 -0.574571 0.815617 0.0183389 2.18288 7.40324</i>
                        <i>0.0850432 0.812625 0.576549 -0.994034 0.108859 -0.00680965 -0.0682965 -0.57253 0.817035 0.01833 2.18274 7.40355</i>
                        <i>0.0851518 0.81426 0.574221 -0.994008 0.109062 -0.0072499 -0.0685289 -0.570164 0.818668 0.0183196 2.18257 7.40391</i>
                        <i>0.0852736 0.816074 0.571621 -0.99398 0.109286 -0.00774156 -0.0687879 -0.56752 0.820481 0.0183078 2.18239 7.40431</i>
                        <i>0.0854069 0.818033 0.568795 -0.993949 0.109528 -0.00827574 -0.0690686 -0.564647 0.822438 0.0182949 2.18219 7.40474</i>
                        <i>0.0855495 0.8201 0.565789 -0.993916 0.109782 -0.00884352 -0.0693663 -0.56159 0.824503 0.0182809 2.18198 7.4052</i>
                        <i>0.0856992 0.82224 0.562651 -0.993882 0.110046 -0.00943593 -0.069676 -0.5584 0.82664 0.0182661 2.18177 7.40567</i>
                        <i>0.085854 0.824419 0.55943 -0.993846 0.110313 -0.0100439 -0.069993 -0.555125 0.828817 0.0182508 2.18155 7.40616</i>
                        <i>0.0860114 0.826603 0.556173 -0.99381 0.110581 -0.0106582 -0.0703124 -0.551814 0.830998 0.018235 2.18133 7.40666</i>
                        <i>0.0861692 0.828759 0.552931 -0.993774 0.110845 -0.0112696 -0.0706295 -0.548517 0.833151 0.0182191 2.18112 7.40715</i>
                        <i>0.0863248 0.830855 0.549753 -0.993738 0.111101 -0.0118686 -0.0709394 -0.545286 0.835243 0.0182033 2.18091 7.40763</i>
                        <i>0.0864757 0.832858 0.546689 -0.993704 0.111346 -0.0124459 -0.0712373 -0.542171 0.837243 0.0181878 2.18071 7.40809</i>
                        <i>0.0866193 0.834738 0.543792 -0.993671 0.111575 -0.0129918 -0.0715184 -0.539225 0.839119 0.018173 2.18052 7.40853</i>
                        <i>0.0867527 0.836464 0.541112 -0.993641 0.111785 -0.0134967 -0.0717778 -0.5365 0.840842 0.0181592 2.18035 7.40893</i>
                        <i>0.0868734 0.838006 0.538701 -0.993613 0.111973 -0.0139507 -0.0720107 -0.534049 0.842381 0.0181467 2.1802 7.40929</i>
                        <i>0.0869785 0.839334 0.536612 -0.99359 0.112134 -0.0143442 -0.0722122 -0.531925 0.843707 0.0181357 2.18007 7.4096</i>
                        <i>0.087065 0.84042 0.534897 -0.99357 0.112266 -0.0146672 -0.0723774 -0.53018 0.84479 0.0181266 2.17997 7.40986</i>
                        <i>0.0871302 0.841232 0.533608 -0.993555 0.112365 -0.01491 -0.0725014 -0.528869 0.845601 0.0181197 2.17989 7.41005</i>
                        <i>0.0871713 0.841742 0.532796 -0.993546 0.112427 -0.0150628 -0.0725794 -0.528044 0.84611 0.0181154 2.17984 7.41017</i>
                        <i>0.0871856 0.841919 0.532514 -0.993543 0.112448 -0.0151159 -0.0726065 -0.527758 0.846286 0.0181139 2.17982 7.41022</i>
                    </KeyFrames>
                </p>
            </i>
            <i>
                <p>
                    <Name><![CDATA[head]]></Name>
                    <Exclude>0</Exclude>
                    <Additive>0</Additive>
                    <IKPriority>0</IKPriority>
                    <IKRotLimits>-1e+010 -1e+010 -1e+010 1e+010 1e+010 1e+010</IKRotLimits>
                    <IKRotLimitOrder>0</IKRotLimitOrder>
                    <KeyFrames count="46">
                        <i>0.014589 0.979059 0.203054 -0.0166681 0.203286 -0.978978 -0.999755 0.0108978 0.0192848 0.0310804 2.41649 7.53129</i>
                        <i>0.0149215 0.974267 0.224903 -0.0163409 0.225135 -0.974191 -0.999755 0.0108612 0.0192797 0.0310769 2.41646 7.53137</i>
                        <i>0.0151634 0.969212 0.245761 -0.0160285 0.245994 -0.969139 -0.999757 0.0107562 0.0192651 0.031067 2.41637 7.53158</i>
                        <i>0.015319 0.964016 0.265403 -0.0157385 0.265633 -0.963946 -0.999759 0.0105896 0.0192414 0.0310512 2.41623 7.53193</i>
                        <i>0.0153928 0.958817 0.283606 -0.0154776 0.283834 -0.958748 -0.999762 0.0103683 0.0192092 0.0310302 2.41603 7.53239</i>
                        <i>0.0153897 0.953765 0.300158 -0.0152513 0.300382 -0.953697 -0.999765 0.0100993 0.0191689 0.0310047 2.41579 7.53295</i>
                        <i>0.0153141 0.949018 0.31485 -0.0150638 0.31507 -0.948949 -0.999769 0.00978947 0.0191209 0.0309752 2.41552 7.53359</i>
                        <i>0.0151708 0.944737 0.327479 -0.0149186 0.327694 -0.944666 -0.999774 0.0094458 0.0190656 0.0309425 2.4152 7.5343</i>
                        <i>0.014964 0.941084 0.337843 -0.0148179 0.338052 -0.941011 -0.999778 0.0090752 0.0190035 0.0309072 2.41486 7.53507</i>
                        <i>0.0146979 0.938215 0.345741 -0.0147629 0.345945 -0.938139 -0.999783 0.00868456 0.0189354 0.03087 2.41449 7.53587</i>
                        <i>0.0143859 0.936045 0.351586 -0.0147444 0.351782 -0.935966 -0.999788 0.00828083 0.0188621 0.0308314 2.41411 7.5367</i>
                        <i>0.0140437 0.934401 0.355946 -0.0147508 0.356135 -0.934318 -0.999793 0.00787082 0.0187846 0.0307922 2.41371 7.53754</i>
                        <i>0.0136785 0.933293 0.358856 -0.0147789 0.359039 -0.933206 -0.999797 0.0074614 0.0187041 0.030753 2.4133 7.53838</i>
                        <i>0.0132975 0.932723 0.360348 -0.0148255 0.360525 -0.932632 -0.999802 0.00705934 0.0186221 0.0307144 2.4129 7.5392</i>
                        <i>0.0129077 0.932688 0.360453 -0.0148875 0.360622 -0.932593 -0.999806 0.00667137 0.0185401 0.0306771 2.4125 7.54</i>
                        <i>0.0125161 0.933178 0.359197 -0.014962 0.35936 -0.933079 -0.99981 0.00630426 0.01846 0.0306418 2.41213 7.54074</i>
                        <i>0.01213 0.934177 0.356605 -0.0150465 0.356761 -0.934075 -0.999813 0.00596464 0.0183836 0.030609 2.41177 7.54143</i>
                        <i>0.0117562 0.935663 0.352699 -0.0151388 0.35285 -0.935557 -0.999816 0.00565915 0.018313 0.0305796 2.41144 7.54205</i>
                        <i>0.011402 0.93761 0.347502 -0.0152372 0.347647 -0.937502 -0.999819 0.0053944 0.0182504 0.030554 2.41116 7.54259</i>
                        <i>0.0110744 0.939987 0.341031 -0.0153404 0.341171 -0.939876 -0.999821 0.005177 0.0181981 0.030533 2.41092 7.54303</i>
                        <i>0.0107806 0.942757 0.333305 -0.0154476 0.333442 -0.942644 -0.999823 0.00501353 0.0181581 0.0305172 2.41075 7.54336</i>
                        <i>0.0105279 0.945881 0.324342 -0.0155586 0.324476 -0.945766 -0.999824 0.00491056 0.0181327 0.0305072 2.41063 7.54357</i>
                        <i>0.0103232 0.949315 0.314157 -0.0156737 0.314289 -0.949198 -0.999824 0.00487478 0.0181238 0.0305037 2.41059 7.54364</i>
                        <i>0.01017 0.952982 0.302856 -0.0157931 0.302987 -0.952864 -0.999824 0.00490757 0.0181319 0.0305069 2.41063 7.54357</i>
                        <i>0.0100651 0.956765 0.290689 -0.0159163 0.29082 -0.956645 -0.999823 0.00500207 0.0181553 0.030516 2.41073 7.54338</i>
                        <i>0.0100065 0.96056 0.277892 -0.0160428 0.278024 -0.96044 -0.999821 0.00515247 0.0181921 0.0305306 2.4109 7.54308</i>
                        <i>0.00999199 0.964277 0.264707 -0.016172 0.264841 -0.964156 -0.999819 0.00535299 0.0182406 0.03055 2.41112 7.54267</i>
                        <i>0.0100195 0.967837 0.251377 -0.0163029 0.251514 -0.967716 -0.999817 0.00559791 0.0182987 0.0305736 2.41138 7.54218</i>
                        <i>0.0100873 0.971176 0.238152 -0.0164345 0.238293 -0.971054 -0.999814 0.00588137 0.0183645 0.030601 2.41168 7.5416</i>
                        <i>0.0101933 0.97424 0.225283 -0.0165651 0.225428 -0.974119 -0.999811 0.00619767 0.0184362 0.0306315 2.41201 7.54096</i>
                        <i>0.0103294 0.977077 0.212637 -0.0166967 0.212787 -0.976956 -0.999807 0.00654097 0.018512 0.0306645 2.41237 7.54026</i>
                        <i>0.0104875 0.979718 0.200108 -0.0168311 0.200264 -0.979597 -0.999803 0.00690547 0.0185899 0.0306996 2.41274 7.53952</i>
                        <i>0.0106666 0.982113 0.18799 -0.0169651 0.188151 -0.981993 -0.999799 0.00728528 0.0186686 0.0307361 2.41313 7.53874</i>
                        <i>0.0108659 0.984226 0.176579 -0.0170956 0.176747 -0.984108 -0.999795 0.00767453 0.0187464 0.0307734 2.41352 7.53795</i>
                        <i>0.0110847 0.986034 0.166175 -0.0172187 0.166348 -0.985917 -0.99979 0.00806725 0.0188221 0.030811 2.4139 7.53714</i>
                        <i>0.0113223 0.987522 0.157076 -0.0173303 0.157256 -0.987406 -0.999786 0.00845756 0.0188946 0.0308483 2.41428 7.53634</i>
                        <i>0.0115784 0.988681 0.149583 -0.0174259 0.149769 -0.988567 -0.999781 0.00883936 0.0189627 0.0308848 2.41464 7.53555</i>
                        <i>0.0118524 0.989508 0.143995 -0.0175005 0.144188 -0.989396 -0.999777 0.00920672 0.0190258 0.0309198 2.41498 7.5348</i>
                        <i>0.012144 0.989991 0.14061 -0.0175488 0.14081 -0.989881 -0.999772 0.00955359 0.0190831 0.0309528 2.4153 7.53408</i>
                        <i>0.0124526 0.990112 0.139726 -0.0175653 0.139932 -0.990005 -0.999768 0.00987387 0.0191341 0.0309833 2.41559 7.53342</i>
                        <i>0.0127776 0.989836 0.141636 -0.0175442 0.141848 -0.989733 -0.999764 0.0101615 0.0191784 0.0310106 2.41585 7.53282</i>
                        <i>0.0131177 0.989104 0.146632 -0.0174796 0.146849 -0.989004 -0.999761 0.0104104 0.0192154 0.0310342 2.41607 7.5323</i>
                        <i>0.0134716 0.987823 0.154999 -0.0173654 0.155221 -0.987727 -0.999758 0.0106146 0.019245 0.0310536 2.41625 7.53188</i>
                        <i>0.0138368 0.985857 0.167017 -0.0171958 0.167242 -0.985766 -0.999757 0.0107679 0.0192667 0.0310681 2.41638 7.53156</i>
                        <i>0.0142106 0.983019 0.182951 -0.0169651 0.18318 -0.982933 -0.999755 0.0108643 0.0192802 0.0310772 2.41647 7.53136</i>
                        <i>0.014589 0.979059 0.203054 -0.0166681 0.203286 -0.978978 -0.999755 0.0108978 0.0192848 0.0310804 2.41649 7.53129</i>
                    </KeyFrames>
                </p>
            </i>
            <i>
                <p>
                    <Name><![CDATA[head_prop]]></Name>
                    <Exclude>0</Exclude>
                    <Additive>0</Additive>
                    <IKPriority>0</IKPriority>
                    <IKRotLimits>-1e+010 -1e+010 -1e+010 1e+010 1e+010 1e+010</IKRotLimits>
                    <IKRotLimitOrder>0</IKRotLimitOrder>
                    <KeyFrames count="46">
                        <i>0.999755 -0.0108978 -0.0192848 0.014589 0.979059 0.203054 0.0166681 -0.203286 0.978978 0.0358351 2.73558 7.59747</i>
                        <i>0.999755 -0.0108612 -0.0192797 0.0149215 0.974267 0.224903 0.0163409 -0.225135 0.974191 0.03594 2.73398 7.60466</i>
                        <i>0.999757 -0.0107562 -0.0192651 0.0151634 0.969212 0.245761 0.0160285 -0.245994 0.969139 0.0360089 2.73225 7.61168</i>
                        <i>0.999759 -0.0105896 -0.0192414 0.015319 0.964016 0.265403 0.0157385 -0.265633 0.963946 0.0360438 2.73041 7.61843</i>
                        <i>0.999762 -0.0103683 -0.0192092 0.0153928 0.958817 0.283606 0.0154776 -0.283834 0.958748 0.0360469 2.72852 7.62482</i>
                        <i>0.999765 -0.0100993 -0.0191689 0.0153897 0.953765 0.300158 0.0152513 -0.300382 0.953697 0.0360203 2.72663 7.63077</i>
                        <i>0.999769 -0.00978947 -0.0191209 0.0153141 0.949018 0.31485 0.0150638 -0.31507 0.948949 0.0359663 2.72481 7.6362</i>
                        <i>0.999774 -0.0094458 -0.0190656 0.0151708 0.944737 0.327479 0.0149186 -0.327694 0.944666 0.0358869 2.7231 7.64103</i>
                        <i>0.999778 -0.0090752 -0.0190035 0.014964 0.941084 0.337843 0.0148179 -0.338052 0.941011 0.0357842 2.72157 7.64517</i>
                        <i>0.999783 -0.00868456 -0.0189354 0.0146979 0.938215 0.345741 0.0147629 -0.345945 0.938139 0.0356602 2.72027 7.64855</i>
                        <i>0.999788 -0.00828083 -0.0188621 0.0143859 0.936045 0.351586 0.0147444 -0.351782 0.935966 0.0355199 2.71917 7.65129</i>
                        <i>0.999793 -0.00787082 -0.0187846 0.0140437 0.934401 0.355946 0.0147508 -0.356135 0.934318 0.0353692 2.71824 7.65355</i>
                        <i>0.999797 -0.0074614 -0.0187041 0.0136785 0.933293 0.358856 0.0147789 -0.359039 0.933206 0.0352109 2.71747 7.65534</i>
                        <i>0.999802 -0.00705934 -0.0186221 0.0132975 0.932723 0.360348 0.0148255 -0.360525 0.932632 0.0350481 2.71688 7.65665</i>
                        <i>0.999806 -0.00667137 -0.0185401 0.0129077 0.932688 0.360453 0.0148875 -0.360622 0.932593 0.0348838 2.71648 7.65747</i>
                        <i>0.99981 -0.00630426 -0.01846 0.0125161 0.933178 0.359197 0.014962 -0.35936 0.933079 0.0347209 2.71626 7.65781</i>
                        <i>0.999813 -0.00596464 -0.0183836 0.01213 0.934177 0.356605 0.0150465 -0.356761 0.934075 0.0345623 2.71623 7.65765</i>
                        <i>0.999816 -0.00565915 -0.018313 0.0117562 0.935663 0.352699 0.0151388 -0.35285 0.935557 0.034411 2.71639 7.657</i>
                        <i>0.999819 -0.0053944 -0.0182504 0.011402 0.93761 0.347502 0.0152372 -0.347647 0.937502 0.03427 2.71674 7.65584</i>
                        <i>0.999821 -0.005177 -0.0181981 0.0110744 0.939987 0.341031 0.0153404 -0.341171 0.939876 0.0341422 2.71727 7.65418</i>
                        <i>0.999823 -0.00501353 -0.0181581 0.0107806 0.942757 0.333305 0.0154476 -0.333442 0.942644 0.0340307 2.718 7.65199</i>
                        <i>0.999824 -0.00491056 -0.0181327 0.0105279 0.945881 0.324342 0.0155586 -0.324476 0.945766 0.0339383 2.7189 7.64927</i>
                        <i>0.999824 -0.00487478 -0.0181238 0.0103232 0.949315 0.314157 0.0156737 -0.314289 0.949198 0.0338682 2.71998 7.64603</i>
                        <i>0.999824 -0.00490757 -0.0181319 0.01017 0.952982 0.302856 0.0157931 -0.302987 0.952864 0.0338214 2.72122 7.64228</i>
                        <i>0.999823 -0.00500207 -0.0181553 0.0100651 0.956765 0.290689 0.0159163 -0.29082 0.956645 0.0337964 2.72255 7.63812</i>
                        <i>0.999821 -0.00515247 -0.0181921 0.0100065 0.96056 0.277892 0.0160428 -0.278024 0.96044 0.0337918 2.72395 7.63365</i>
                        <i>0.999819 -0.00535299 -0.0182406 0.00999199 0.964277 0.264707 0.016172 -0.264841 0.964156 0.0338065 2.72538 7.62894</i>
                        <i>0.999817 -0.00559791 -0.0182987 0.0100195 0.967837 0.251377 0.0163029 -0.251514 0.967716 0.0338391 2.72681 7.6241</i>
                        <i>0.999814 -0.00588137 -0.0183645 0.0100873 0.971176 0.238152 0.0164345 -0.238293 0.971054 0.0338885 2.7282 7.61922</i>
