<?xml version="1.0" encoding="ISO-8859-1" ?>
<Animl Version="1">
    <ModellingPackage><![CDATA[Maya.2010]]></ModellingPackage>
    <SrcFile><![CDATA[anims\vehicles\red\~src\air\helicopter_mi8hip\mi8hip_takeoff_crewman_b.mb]]></SrcFile>
    <FramesPerSecond>30</FramesPerSecond>
    <TotalFrames>121</TotalFrames>
    <Skeleton>
        <RefFrame>
            <Name><![CDATA[soldier_ref_frame]]></Name>
            <Exclude>0</Exclude>
            <Additive>0</Additive>
            <IKPriority>0</IKPriority>
            <IKRotLimits>-1e+010 -1e+010 -1e+010 1e+010 1e+010 1e+010</IKRotLimits>
            <IKRotLimitOrder>0</IKRotLimitOrder>
            <KeyFrames count="121">
                <i>1 0 0 0 1 0 0 0 1 -2.38 0 4.73</i>
                <i>1 0 0 0 1 0 0 0 1 -2.38 0 4.73</i>
                <i>1 0 0 0 1 0 0 0 1 -2.38 0 4.73</i>
                <i>1 0 0 0 1 0 0 0 1 -2.38 0 4.73</i>
                <i>1 0 0 0 1 0 0 0 1 -2.38 0 4.73</i>
                <i>1 0 0 0 1 0 0 0 1 -2.38 0 4.73</i>
                <i>1 0 0 0 1 0 0 0 1 -2.38 0 4.73</i>
                <i>1 0 0 0 1 0 0 0 1 -2.38 0 4.73</i>
                <i>1 0 0 0 1 0 0 0 1 -2.38 0 4.73</i>
                <i>1 0 0 0 1 0 0 0 1 -2.38 0 4.73</i>
                <i>1 0 0 0 1 0 0 0 1 -2.38 0 4.73</i>
                <i>1 0 0 0 1 0 0 0 1 -2.38 0 4.73</i>
                <i>1 0 0 0 1 0 0 0 1 -2.38 0 4.73</i>
                <i>1 0 0 0 1 0 0 0 1 -2.38 0 4.73</i>
                <i>1 0 0 0 1 0 0 0 1 -2.38 0 4.73</i>
                <i>1 0 0 0 1 0 0 0 1 -2.38 0 4.73</i>
                <i>1 0 0 0 1 0 0 0 1 -2.38 0 4.73</i>
                <i>1 0 0 0 1 0 0 0 1 -2.38 0 4.73</i>
                <i>1 0 0 0 1 0 0 0 1 -2.38 0 4.73</i>
                <i>1 0 0 0 1 0 0 0 1 -2.38 0 4.73</i>
                <i>1 0 0 0 1 0 0 0 1 -2.38 0 4.73</i>
                <i>1 0 0 0 1 0 0 0 1 -2.38 0 4.73</i>
                <i>1 0 0 0 1 0 0 0 1 -2.38 0 4.73</i>
                <i>1 0 0 0 1 0 0 0 1 -2.38 0 4.73</i>
                <i>1 0 0 0 1 0 0 0 1 -2.38 0 4.73</i>
                <i>1 0 0 0 1 0 0 0 1 -2.38 0 4.73</i>
                <i>1 0 0 0 1 0 0 0 1 -2.38 0 4.73</i>
                <i>1 0 0 0 1 0 0 0 1 -2.38 0 4.73</i>
                <i>1 0 0 0 1 0 0 0 1 -2.38 0 4.73</i>
                <i>1 0 0 0 1 0 0 0 1 -2.38 0 4.73</i>
                <i>1 0 0 0 1 0 0 0 1 -2.38 0 4.73</i>
                <i>1 0 0 0 1 0 0 0 1 -2.38 0 4.73</i>
                <i>1 0 0 0 1 0 0 0 1 -2.38 0 4.73</i>
                <i>1 0 0 0 1 0 0 0 1 -2.38 0 4.73</i>
                <i>1 0 0 0 1 0 0 0 1 -2.38 0 4.73</i>
                <i>1 0 0 0 1 0 0 0 1 -2.38 0 4.73</i>
                <i>1 0 0 0 1 0 0 0 1 -2.38 0 4.73</i>
                <i>1 0 0 0 1 0 0 0 1 -2.38 0 4.73</i>
                <i>1 0 0 0 1 0 0 0 1 -2.38 0 4.73</i>
                <i>1 0 0 0 1 0 0 0 1 -2.38 0 4.73</i>
                <i>1 0 0 0 1 0 0 0 1 -2.38 0 4.73</i>
                <i>1 0 0 0 1 0 0 0 1 -2.38 0 4.73</i>
                <i>1 0 0 0 1 0 0 0 1 -2.38 0 4.73</i>
                <i>1 0 0 0 1 0 0 0 1 -2.38 0 4.73</i>
                <i>1 0 0 0 1 0 0 0 1 -2.38 0 4.73</i>
                <i>1 0 0 0 1 0 0 0 1 -2.38 0 4.73</i>
                <i>1 0 0 0 1 0 0 0 1 -2.38 0 4.73</i>
                <i>1 0 0 0 1 0 0 0 1 -2.38 0 4.73</i>
                <i>1 0 0 0 1 0 0 0 1 -2.38 0 4.73</i>
                <i>1 0 0 0 1 0 0 0 1 -2.38 0 4.73</i>
                <i>1 0 0 0 1 0 0 0 1 -2.38 0 4.73</i>
                <i>1 0 0 0 1 0 0 0 1 -2.38 0 4.73</i>
                <i>1 0 0 0 1 0 0 0 1 -2.38 0 4.73</i>
                <i>1 0 0 0 1 0 0 0 1 -2.38 0 4.73</i>
                <i>1 0 0 0 1 0 0 0 1 -2.38 0 4.73</i>
                <i>1 0 0 0 1 0 0 0 1 -2.38 0 4.73</i>
                <i>1 0 0 0 1 0 0 0 1 -2.38 0 4.73</i>
                <i>1 0 0 0 1 0 0 0 1 -2.38 0 4.73</i>
                <i>1 0 0 0 1 0 0 0 1 -2.38 0 4.73</i>
                <i>1 0 0 0 1 0 0 0 1 -2.38 0 4.73</i>
                <i>1 0 0 0 1 0 0 0 1 -2.38 0 4.73</i>
                <i>1 0 0 0 1 0 0 0 1 -2.38 0 4.73</i>
                <i>1 0 0 0 1 0 0 0 1 -2.38 0 4.73</i>
                <i>1 0 0 0 1 0 0 0 1 -2.38 0 4.73</i>
                <i>1 0 0 0 1 0 0 0 1 -2.38 0 4.73</i>
                <i>1 0 0 0 1 0 0 0 1 -2.38 0 4.73</i>
                <i>1 0 0 0 1 0 0 0 1 -2.38 0 4.73</i>
                <i>1 0 0 0 1 0 0 0 1 -2.38 0 4.73</i>
                <i>1 0 0 0 1 0 0 0 1 -2.38 0 4.73</i>
                <i>1 0 0 0 1 0 0 0 1 -2.38 0 4.73</i>
                <i>1 0 0 0 1 0 0 0 1 -2.38 0 4.73</i>
                <i>1 0 0 0 1 0 0 0 1 -2.38 0 4.73</i>
                <i>1 0 0 0 1 0 0 0 1 -2.38 0 4.73</i>
                <i>1 0 0 0 1 0 0 0 1 -2.38 0 4.73</i>
                <i>1 0 0 0 1 0 0 0 1 -2.38 0 4.73</i>
                <i>1 0 0 0 1 0 0 0 1 -2.38 0 4.73</i>
                <i>1 0 0 0 1 0 0 0 1 -2.38 0 4.73</i>
                <i>1 0 0 0 1 0 0 0 1 -2.38 0 4.73</i>
                <i>1 0 0 0 1 0 0 0 1 -2.38 0 4.73</i>
                <i>1 0 0 0 1 0 0 0 1 -2.38 0 4.73</i>
                <i>1 0 0 0 1 0 0 0 1 -2.38 0 4.73</i>
                <i>1 0 0 0 1 0 0 0 1 -2.38 0 4.73</i>
                <i>1 0 0 0 1 0 0 0 1 -2.38 0 4.73</i>
                <i>1 0 0 0 1 0 0 0 1 -2.38 0 4.73</i>
                <i>1 0 0 0 1 0 0 0 1 -2.38 0 4.73</i>
                <i>1 0 0 0 1 0 0 0 1 -2.38 0 4.73</i>
                <i>1 0 0 0 1 0 0 0 1 -2.38 0 4.73</i>
                <i>1 0 0 0 1 0 0 0 1 -2.38 0 4.73</i>
                <i>1 0 0 0 1 0 0 0 1 -2.38 0 4.73</i>
                <i>1 0 0 0 1 0 0 0 1 -2.38 0 4.73</i>
                <i>1 0 0 0 1 0 0 0 1 -2.38 0 4.73</i>
                <i>1 0 0 0 1 0 0 0 1 -2.38 0 4.73</i>
                <i>1 0 0 0 1 0 0 0 1 -2.38 0 4.73</i>
                <i>1 0 0 0 1 0 0 0 1 -2.38 0 4.73</i>
                <i>1 0 0 0 1 0 0 0 1 -2.38 0 4.73</i>
                <i>1 0 0 0 1 0 0 0 1 -2.38 0 4.73</i>
                <i>1 0 0 0 1 0 0 0 1 -2.38 0 4.73</i>
                <i>1 0 0 0 1 0 0 0 1 -2.38 0 4.73</i>
                <i>1 0 0 0 1 0 0 0 1 -2.38 0 4.73</i>
                <i>1 0 0 0 1 0 0 0 1 -2.38 0 4.73</i>
                <i>1 0 0 0 1 0 0 0 1 -2.38 0 4.73</i>
                <i>1 0 0 0 1 0 0 0 1 -2.38 0 4.73</i>
                <i>1 0 0 0 1 0 0 0 1 -2.38 0 4.73</i>
                <i>1 0 0 0 1 0 0 0 1 -2.38 0 4.73</i>
                <i>1 0 0 0 1 0 0 0 1 -2.38 0 4.73</i>
                <i>1 0 0 0 1 0 0 0 1 -2.38 0 4.73</i>
                <i>1 0 0 0 1 0 0 0 1 -2.38 0 4.73</i>
                <i>1 0 0 0 1 0 0 0 1 -2.38 0 4.73</i>
                <i>1 0 0 0 1 0 0 0 1 -2.38 0 4.73</i>
                <i>1 0 0 0 1 0 0 0 1 -2.38 0 4.73</i>
                <i>1 0 0 0 1 0 0 0 1 -2.38 0 4.73</i>
                <i>1 0 0 0 1 0 0 0 1 -2.38 0 4.73</i>
                <i>1 0 0 0 1 0 0 0 1 -2.38 0 4.73</i>
                <i>1 0 0 0 1 0 0 0 1 -2.38 0 4.73</i>
                <i>1 0 0 0 1 0 0 0 1 -2.38 0 4.73</i>
                <i>1 0 0 0 1 0 0 0 1 -2.38 0 4.73</i>
                <i>1 0 0 0 1 0 0 0 1 -2.38 0 4.73</i>
                <i>1 0 0 0 1 0 0 0 1 -2.38 0 4.73</i>
                <i>1 0 0 0 1 0 0 0 1 -2.38 0 4.73</i>
                <i>1 0 0 0 1 0 0 0 1 -2.38 0 4.73</i>
                <i>1 0 0 0 1 0 0 0 1 -2.38 0 4.73</i>
            </KeyFrames>
        </RefFrame>
        <Bones count="23">
            <i>
                <p>
                    <Name><![CDATA[pelvis]]></Name>
                    <Exclude>0</Exclude>
                    <Additive>0</Additive>
                    <IKPriority>0</IKPriority>
                    <IKRotLimits>-1e+010 -1e+010 -1e+010 1e+010 1e+010 1e+010</IKRotLimits>
                    <IKRotLimitOrder>2</IKRotLimitOrder>
                    <KeyFrames count="121">
                        <i>1 0 0 0 1 0 0 0 1 -2.38 1.18 4.67</i>
                        <i>1 0 0 0 1 0 0 0 1 -2.37863 1.17966 4.67</i>
                        <i>1 0 0 0 1 0 0 0 1 -2.37495 1.17874 4.67</i>
                        <i>1 0 0 0 1 0 0 0 1 -2.36963 1.17741 4.67</i>
                        <i>1 0 0 0 1 0 0 0 1 -2.36332 1.17583 4.67</i>
                        <i>1 0 0 0 1 0 0 0 1 -2.35668 1.17417 4.67</i>
                        <i>1 0 0 0 1 0 0 0 1 -2.35037 1.17259 4.67</i>
                        <i>1 0 0 0 1 0 0 0 1 -2.34505 1.17126 4.67</i>
                        <i>1 0 0 0 1 0 0 0 1 -2.34137 1.17034 4.67</i>
                        <i>1 0 0 0 1 0 0 0 1 -2.34 1.17 4.67</i>
                        <i>1 0 0 0 1 0 0 0 1 -2.35692 1.1752 4.65537</i>
                        <i>1 0 0 0 1 0 0 0 1 -2.40016 1.186 4.6209</i>
                        <i>1 0 0 0 1 0 0 0 1 -2.45844 1.1952 4.58076</i>
                        <i>1 0 0 0 1 0 0 0 1 -2.52048 1.1956 4.54907</i>
                        <i>1 0 0 0 1 0 0 0 1 -2.575 1.18 4.54</i>
                        <i>1 0 0 0 1 0 0 0 1 -2.62952 1.13528 4.56519</i>
                        <i>1 0 0 0 1 0 0 0 1 -2.69156 1.06624 4.61522</i>
                        <i>1 0 0 0 1 0 0 0 1 -2.74984 0.99256 4.6726</i>
                        <i>1 0 0 0 1 0 0 0 1 -2.79308 0.93392 4.71985</i>
                        <i>1 0 0 0 1 0 0 0 1 -2.81 0.91 4.73948</i>
                        <i>1 0 0 0 1 0 0 0 1 -2.81 0.918889 4.73948</i>
                        <i>1 0 0 0 1 0 0 0 1 -2.81 0.940084 4.73948</i>
                        <i>1 0 0 0 1 0 0 0 1 -2.81 0.965382 4.73948</i>
                        <i>1 0 0 0 1 0 0 0 1 -2.81 0.986578 4.73948</i>
                        <i>1 0 0 0 1 0 0 0 1 -2.81 0.995467 4.73948</i>
                        <i>1 0 0 0 1 0 0 0 1 -2.82556 0.939605 4.76554</i>
                        <i>1 0 0 0 1 0 0 0 1 -2.85444 0.835862 4.81394</i>
                        <i>1 0 0 0 1 0 0 0 1 -2.87 0.78 4.84</i>
                        <i>1 0 0 0 1 0 0 0 1 -2.88737 0.822587 4.87876</i>
                        <i>1 0 0 0 1 0 0 0 1 -2.88808 0.939424 4.91</i>
                        <i>1 0 0 0 1 0 0 0 1 -2.86554 1.11413 4.88993</i>
                        <i>1 0 0 0 1 0 0 0 1 -2.85624 1.33031 4.86178</i>
                        <i>1 0 0 0 1 0 0 0 1 -2.84767 1.57159 4.82854</i>
                        <i>1 0 0 0 1 0 0 0 1 -2.82728 1.82159 4.79322</i>
                        <i>1 0 0 0 1 0 0 0 1 -2.78256 2.06391 4.7588</i>
                        <i>1 0 0 0 1 0 0 0 1 -2.70097 2.28218 4.72829</i>
                        <i>1 0 0 0 1 0 0 0 1 -2.57 2.46 4.70468</i>
                        <i>1 0 0 0 1 0 0 0 1 -2.3013 2.60417 4.68985</i>
                        <i>1 0 0 0 1 0 0 0 1 -1.89172 2.72794 4.68219</i>
                        <i>1 0 0 0 1 0 0 0 1 -1.45648 2.82463 4.67949</i>
                        <i>1 0 0 0 1 0 0 0 1 -1.11083 2.88754 4.6795</i>
                        <i>1 0 0 0 1 0 0 0 1 -0.97 2.91 4.68</i>
                        <i>1 0 0 0 1 0 0 0 1 -0.97 2.89648 4.68</i>
                        <i>1 0 0 0 1 0 0 0 1 -0.97 2.86424 4.68</i>
                        <i>1 0 0 0 1 0 0 0 1 -0.97 2.82576 4.68</i>
                        <i>1 0 0 0 1 0 0 0 1 -0.97 2.79352 4.68</i>
                        <i>1 0 0 0 1 0 0 0 1 -0.97 2.78 4.68</i>
                        <i>1 0 0 0 1 0 0 0 1 -0.97 2.78 4.68</i>
                        <i>1 0 0 0 1 0 0 0 1 -0.97 2.78 4.68</i>
                        <i>1 0 0 0 1 0 0 0 1 -0.97 2.78 4.68</i>
                        <i>1 0 0 0 1 0 0 0 1 -0.97 2.78 4.68</i>
                        <i>1 0 0 0 1 0 0 0 1 -0.97 2.78 4.68</i>
                        <i>1 0 0 0 1 0 0 0 1 -0.97 2.78 4.68</i>
                        <i>1 0 0 0 1 0 0 0 1 -0.875536 2.8196 4.84996</i>
                        <i>1 0 0 0 1 0 0 0 1 -0.656428 2.91143 5.24988</i>
                        <i>1 0 0 0 1 0 0 0 1 -0.409107 3.01504 5.71487</i>
                        <i>1 0 0 0 1 0 0 0 1 -0.23 3.09 6.08</i>
                        <i>1 0 0 0 1 0 0 0 1 -0.152989 3.11947 6.28108</i>
                        <i>1 0 0 0 1 0 0 0 1 -0.140106 3.12196 6.40237</i>
                        <i>1 0 0 0 1 0 0 0 1 -0.18 3.11 6.50163</i>
                        <i>1 0 0 0 1 0 0 0 1 -0.275757 3.08621 6.61487</i>
                        <i>1 0 0 0 1 0 0 0 1 -0.414272 3.05102 6.72989</i>
                        <i>1 0 0 0 1 0 0 0 1 -0.559908 3.01373 6.83212</i>
                        <i>1 0 0 0 1 0 0 0 1 -0.67703 2.98363 6.90701</i>
                        <i>1 0 0 0 1 0 0 0 1 -0.73 2.97 6.94</i>
                        <i>1 0 0 0 1 0 0 0 1 -0.73 2.97 6.94</i>
                        <i>1 0 0 0 1 0 0 0 1 -0.73 2.97 6.94</i>
                        <i>1 0 0 0 1 0 0 0 1 -0.73 2.97 6.94</i>
                        <i>1 0 0 0 1 0 0 0 1 -0.73 2.97 6.94</i>
                        <i>1 0 0 0 1 0 0 0 1 -0.73 2.97 6.94</i>
                        <i>1 0 0 0 1 0 0 0 1 -0.73 2.97 6.94</i>
                        <i>1 0 0 0 1 0 0 0 1 -0.73 2.97 6.94</i>
                        <i>1 0 0 0 1 0 0 0 1 -0.73 2.97 6.94</i>
                        <i>1 0 0 0 1 0 0 0 1 -0.73 2.97 6.94</i>
                        <i>1 0 0 0 1 0 0 0 1 -0.73 2.97 6.94</i>
                        <i>1 0 0 0 1 0 0 0 1 -0.73 2.97 6.94</i>
                        <i>1 0 0 0 1 0 0 0 1 -0.73 2.97 6.94</i>
                        <i>1 0 0 0 1 0 0 0 1 -0.73 2.97 6.94</i>
                        <i>1 0 0 0 1 0 0 0 1 -0.73 2.97 6.94</i>
                        <i>1 0 0 0 1 0 0 0 1 -0.73 2.97 6.94</i>
                        <i>1 0 0 0 1 0 0 0 1 -0.73 2.97 6.94</i>
                        <i>1 0 0 0 1 0 0 0 1 -0.73 2.97 6.94</i>
                        <i>1 0 0 0 1 0 0 0 1 -0.73 2.97 6.94</i>
                        <i>1 0 0 0 1 0 0 0 1 -0.73 2.97 6.94</i>
                        <i>1 0 0 0 1 0 0 0 1 -0.73 2.97 6.94</i>
                        <i>1 0 0 0 1 0 0 0 1 -0.73 2.97 6.94</i>
                        <i>1 0 0 0 1 0 0 0 1 -0.73 2.97 6.94</i>
                        <i>1 0 0 0 1 0 0 0 1 -0.73 2.97 6.94</i>
                        <i>1 0 0 0 1 0 0 0 1 -0.73 2.97 6.94</i>
                        <i>1 0 0 0 1 0 0 0 1 -0.73 2.97 6.94</i>
                        <i>1 0 0 0 1 0 0 0 1 -0.73 2.97 6.94</i>
                        <i>1 0 0 0 1 0 0 0 1 -0.73 2.97 6.94</i>
                        <i>1 0 0 0 1 0 0 0 1 -0.73 2.97 6.94</i>
                        <i>1 0 0 0 1 0 0 0 1 -0.73 2.97 6.94</i>
                        <i>1 0 0 0 1 0 0 0 1 -0.73 2.97 6.94</i>
                        <i>1 0 0 0 1 0 0 0 1 -0.73 2.97 6.94</i>
                        <i>1 0 0 0 1 0 0 0 1 -0.73 2.97 6.94</i>
                        <i>1 0 0 0 1 0 0 0 1 -0.73 2.97 6.94</i>
                        <i>1 0 0 0 1 0 0 0 1 -0.73 2.97 6.94</i>
                        <i>1 0 0 0 1 0 0 0 1 -0.73 2.97 6.94</i>
                        <i>1 0 0 0 1 0 0 0 1 -0.73 2.97 6.94</i>
                        <i>1 0 0 0 1 0 0 0 1 -0.73 2.97 6.94</i>
                        <i>1 0 0 0 1 0 0 0 1 -0.73 2.97 6.94</i>
                        <i>1 0 0 0 1 0 0 0 1 -0.73 2.97 6.94</i>
                        <i>1 0 0 0 1 0 0 0 1 -0.73 2.97 6.94</i>
                        <i>1 0 0 0 1 0 0 0 1 -0.73 2.97 6.94</i>
                        <i>1 0 0 0 1 0 0 0 1 -0.73 2.97 6.94</i>
                        <i>1 0 0 0 1 0 0 0 1 -0.73 2.97 6.94</i>
                        <i>1 0 0 0 1 0 0 0 1 -0.73 2.97 6.94</i>
                        <i>1 0 0 0 1 0 0 0 1 -0.73 2.97 6.94</i>
                        <i>1 0 0 0 1 0 0 0 1 -0.73 2.97 6.94</i>
                        <i>1 0 0 0 1 0 0 0 1 -0.73 2.97 6.94</i>
                        <i>1 0 0 0 1 0 0 0 1 -0.73 2.97 6.94</i>
                        <i>1 0 0 0 1 0 0 0 1 -0.73 2.97 6.94</i>
                        <i>1 0 0 0 1 0 0 0 1 -0.73 2.97 6.94</i>
                        <i>1 0 0 0 1 0 0 0 1 -0.73 2.97 6.94</i>
                        <i>1 0 0 0 1 0 0 0 1 -0.73 2.97 6.94</i>
                        <i>1 0 0 0 1 0 0 0 1 -0.73 2.97 6.94</i>
                        <i>1 0 0 0 1 0 0 0 1 -0.73 2.97 6.94</i>
                        <i>1 0 0 0 1 0 0 0 1 -0.73 2.97 6.94</i>
                        <i>1 0 0 0 1 0 0 0 1 -0.73 2.97 6.94</i>
                    </KeyFrames>
                </p>
            </i>
            <i>
                <p>
                    <Name><![CDATA[spine0]]></Name>
                    <Exclude>0</Exclude>
                    <Additive>0</Additive>
                    <IKPriority>0</IKPriority>
                    <IKRotLimits>-1e+010 -1e+010 -1e+010 1e+010 1e+010 1e+010</IKRotLimits>
                    <IKRotLimitOrder>0</IKRotLimitOrder>
                    <KeyFrames count="121">
                        <i>0.0251718 0.999481 0.0200811 -0.876071 0.0317305 -0.481138 -0.481526 -0.00548132 0.876415 -2.36584 1.31963 4.63839</i>
                        <i>0.0258081 0.999507 0.0178549 -0.878134 0.0312022 -0.477396 -0.477718 -0.00335826 0.878507 -2.365 1.3193 4.63823</i>
                        <i>0.0264937 0.999562 0.0132117 -0.883587 0.0295967 -0.46733 -0.467516 0.000707619 0.883984 -2.36276 1.31842 4.63782</i>
                        <i>0.0254865 0.999632 0.00925621 -0.891285 0.0269154 -0.452645 -0.452727 0.0032864 0.891643 -2.35952 1.31713 4.63727</i>
                        <i>0.0213435 0.99973 0.00923426 -0.900099 0.0232351 -0.435065 -0.435162 0.000974076 0.900352 -2.35571 1.31558 4.63671</i>
                        <i>0.0133974 0.999786 0.0157922 -0.908997 0.0187578 -0.416381 -0.416588 -0.00877668 0.909053 -2.35172 1.31392 4.6362</i>
                        <i>0.00350605 0.999622 0.0272657 -0.917087 0.0140844 -0.398438 -0.398671 -0.0236081 0.91679 -2.34794 1.31231 4.63582</i>
                        <i>-0.00597987 0.999173 0.0402272 -0.923629 0.0098985 -0.383161 -0.383242 -0.0394462 0.922805 -2.34478 1.31094 4.63556</i>
                        <i>-0.0130191 0.998621 0.0508633 -0.927992 0.00687628 -0.372536 -0.372372 -0.0520508 0.926623 -2.34259 1.30998 4.63541</i>
                        <i>-0.0157753 0.998347 0.0552594 -0.929587 0.00571117 -0.368558 -0.368264 -0.0571825 0.927961 -2.34178 1.30962 4.63537</i>
                        <i>-0.0205126 0.997856 0.062155 -0.956206 -0.00142516 -0.29269 -0.291974 -0.0654369 0.954185 -2.36197 1.31426 4.61885</i>
                        <i>-0.0257803 0.99658 0.0785127 -0.995243 -0.018206 -0.0957038 -0.093947 -0.0806065 0.992309 -2.41463 1.32323 4.58022</i>
                        <i>-0.0191331 0.99543 0.0935556 -0.985731 -0.0344327 0.164772 0.16724 -0.089068 0.981885 -2.48769 1.32894 4.53655</i>
                        <i>-0.000413138 0.995493 0.094829 -0.909869 -0.0397183 0.41299 0.414895 -0.0861113 0.905785 -2.56709 1.32412 4.50428</i>
                        <i>0.0169429 0.99659 0.080753 -0.811154 -0.0335203 0.583871 0.584587 -0.0753956 0.80782 -2.63724 1.30224 4.49665</i>
                        <i>0.022272 0.998155 0.0564932 -0.716474 -0.0234741 0.697219 0.697258 -0.0560044 0.714629 -2.70503 1.25095 4.525</i>
                        <i>0.0184269 0.999604 0.021267 -0.612378 -0.00553048 0.790546 0.79035 -0.0275907 0.612034 -2.77852 1.17557 4.58084</i>
                        <i>0.0086274 0.999796 -0.018279 -0.516418 0.0201081 0.8561 0.856293 0.00205368 0.516486 -2.84506 1.09666 4.64445</i>
                        <i>-0.00215136 0.998692 -0.0510896 -0.447089 0.0447386 0.89337 0.894487 0.0247635 0.446407 -2.89311 1.03462 4.69641</i>
                        <i>-0.00727108 0.997887 -0.0645727 -0.420751 0.055527 0.905475 0.907147 0.0337528 0.419458 -2.91163 1.0095 4.71784</i>
                        <i>-0.0483235 0.996523 -0.0678791 -0.409912 0.0421863 0.911149 0.910844 0.0718543 0.406448 -2.90899 1.02116 4.71857</i>
                        <i>-0.138079 0.987669 -0.0737859 -0.389408 0.0143617 0.920954 0.910657 0.155897 0.382623 -2.9024 1.04867 4.72034</i>
                        <i>-0.231244 0.969737 -0.0783335 -0.372729 -0.0139324 0.927836 0.898665 0.243754 0.364671 -2.89402 1.08092 4.72251</i>
                        <i>-0.300647 0.950264 -0.0812954 -0.363834 -0.0354817 0.930788 0.88161 0.309417 0.356406 -2.88661 1.1074 4.72436</i>
                        <i>-0.328334 0.940945 -0.082576 -0.361268 -0.0443219 0.931408 0.872744 0.335645 0.354486 -2.88341 1.11836 4.72515</i>
                        <i>-0.269451 0.960842 -0.0646471 -0.370504 -0.0414701 0.927905 0.888889 0.273977 0.36717 -2.90008 1.06104 4.74562</i>
                        <i>-0.154152 0.987642 -0.0283003 -0.379617 -0.0327582 0.924564 0.912211 0.153267 0.379975 -2.9309 0.953957 4.78387</i>
                        <i>-0.0866521 0.996226 -0.00504777 -0.37952 -0.0283252 0.92475 0.921117 0.0820472 0.380542 -2.94747 0.895958 4.80468</i>
                        <i>-0.0813314 0.99656 -0.0159332 -0.3711 -0.0154418 0.928464 0.925024 0.0814262 0.371079 -2.95493 0.943775 4.84075</i>
                        <i>-0.0514413 0.998565 -0.0148686 -0.373024 -0.00540141 0.927806 0.926394 0.0532739 0.372767 -2.93983 1.06919 4.87567</i>
                        <i>-0.010307 0.99972 0.0212809 -0.36775 -0.0235803 0.929626 0.929868 0.00175566 0.36789 -2.90838 1.25095 4.87813</i>
                        <i>0.0275649 0.997765 0.0608667 -0.331579 -0.048316 0.942189 0.943025 -0.0461535 0.329506 -2.89276 1.46835 4.8793</i>
                        <i>0.0664934 0.995028 0.0741531 -0.277325 -0.0529592 0.959315 0.958472 -0.0843527 0.272425 -2.8787 1.7072 4.86521</i>
                        <i>0.105699 0.992363 0.0635871 -0.229626 -0.037859 0.972542 0.967522 -0.117398 0.223871 -2.85206 1.95722 4.83429</i>
                        <i>0.144615 0.98848 0.0446418 -0.189387 -0.0166309 0.981762 0.971195 -0.150432 0.1848 -2.80083 2.20126 4.7975</i>
                        <i>0.180084 0.983385 0.0228896 -0.161245 0.0065571 0.986893 0.970345 -0.181415 0.159747 -2.71455 2.42163 4.76093</i>
                        <i>0.20901 0.977903 0.00462948 -0.146479 0.0266261 0.988855 0.966881 -0.207359 0.148808 -2.58267 2.60086 4.73103</i>
                        <i>0.241359 0.970427 -0.00409442 -0.148519 0.0411075 0.988055 0.959004 -0.237867 0.154049 -2.31681 2.74579 4.70983</i>
                        <i>0.284599 0.958634 -0.00485844 -0.158709 0.0521144 0.985949 0.945418 -0.279829 0.166976 -1.91169 2.86988 4.69453</i>
                        <i>0.33129 0.943529 -0.000374611 -0.165963 0.0586632 0.984386 0.928818 -0.326055 0.176025 -1.48123 2.96625 4.68456</i>
                        <i>0.370116 0.928965 0.00620874 -0.167735 0.0602522 0.983989 0.913717 -0.365232 0.17812 -1.13942 3.02853 4.67929</i>
                        <i>0.386376 0.92229 0.00971306 -0.167455 0.0597884 0.984065 0.907013 -0.381845 0.177543 -1.00018 3.05064 4.67778</i>
                        <i>0.372482 0.928014 0.00683487 -0.16792 0.0601519 0.983964 0.912721 -0.367657 0.178237 -1.00229 3.03665 4.67738</i>
                        <i>0.339013 0.940782 -6.87061e-005 -0.169049 0.0609889 0.983719 0.925469 -0.333482 0.179714 -1.00729 3.00314 4.67644</i>
                        <i>0.29849 0.954376 -0.00837201 -0.170435 0.0619319 0.983421 0.939072 -0.292115 0.181145 -1.0132 2.9629 4.67534</i>
                        <i>0.26411 0.96437 -0.0153713 -0.171626 0.0626739 0.983167 0.9491 -0.257026 0.182064 -1.01809 2.92899 4.67444</i>
                        <i>0.249588 0.968179 -0.0183156 -0.172134 0.0629717 0.983059 0.95293 -0.242207 0.182373 -1.02012 2.91472 4.67406</i>
                        <i>0.249588 0.968179 -0.0183156 -0.172134 0.0629717 0.983059 0.95293 -0.242207 0.182373 -1.02012 2.91472 4.67406</i>
                        <i>0.249588 0.968179 -0.0183156 -0.172134 0.0629717 0.983059 0.95293 -0.242207 0.182373 -1.02012 2.91472 4.67406</i>
                        <i>0.249588 0.968179 -0.0183156 -0.172134 0.0629717 0.983059 0.95293 -0.242207 0.182373 -1.02012 2.91472 4.67406</i>
                        <i>0.249588 0.968179 -0.0183156 -0.172134 0.0629717 0.983059 0.95293 -0.242207 0.182373 -1.02012 2.91472 4.67406</i>
                        <i>0.249588 0.968179 -0.0183156 -0.172134 0.0629717 0.983059 0.95293 -0.242207 0.182373 -1.02012 2.91472 4.67406</i>
                        <i>0.249588 0.968179 -0.0183156 -0.172134 0.0629717 0.983059 0.95293 -0.242207 0.182373 -1.02012 2.91472 4.67406</i>
                        <i>0.248077 0.967654 0.0458654 -0.323087 0.0380095 0.945606 0.913276 -0.249402 0.322066 -0.924464 2.9545 4.83974</i>
                        <i>0.219425 0.96219 0.161379 -0.6365 0.0158211 0.771114 0.739405 -0.27192 0.615906 -0.698299 3.04717 5.22716</i>
                        <i>0.168718 0.958787 0.228607 -0.885212 0.0453834 0.462969 0.433513 -0.280476 0.856387 -0.43474 3.1514 5.67685</i>
                        <i>0.135844 0.963375 0.231202 -0.973461 0.0864097 0.211912 0.184172 -0.253853 0.949547 -0.239945 3.22536 6.03232</i>
                        <i>0.119381 0.972446 0.200244 -0.977541 0.0798457 0.195033 0.17367 -0.21903 0.960138 -0.163802 3.25344 6.22978</i>
                        <i>0.0977222 0.983048 0.155133 -0.950468 0.0459729 0.307403 0.29506 -0.177489 0.938849 -0.162465 3.25409 6.35006</i>
                        <i>0.0697438 0.991123 0.113183 -0.930603 0.0237738 0.365257 0.359324 -0.130803 0.924 -0.209948 3.23993 6.44762</i>
                        <i>0.0425952 0.996067 0.0776946 -0.950498 0.0164431 0.310296 0.307798 -0.0870656 0.94746 -0.304667 3.2141 6.55568</i>
                        <i>0.0203736 0.999009 0.0395657 -0.976321 0.0113551 0.216027 0.215364 -0.0430301 0.975585 -0.438791 3.17671 6.66433</i>
                        <i>0.0088105 0.999956 0.00325769 -0.993937 0.00840032 0.109628 0.109596 -0.00420382 0.993967 -0.577992 3.13735 6.7608</i>
                        <i>0.00671204 0.999679 -0.0244253 -0.999752 0.00722731 0.0210692 0.0212389 0.0242778 0.99948 -0.688925 3.10567 6.83178</i>
                        <i>0.00760831 0.999289 -0.036935 -0.99979 0.00689794 -0.0193224 -0.0190539 0.0370742 0.999131 -0.738868 3.09133 6.86321</i>
                        <i>0.00760831 0.999289 -0.036935 -0.99979 0.00689794 -0.0193224 -0.0190539 0.0370742 0.999131 -0.738868 3.09133 6.86321</i>
                        <i>0.00760831 0.999289 -0.036935 -0.99979 0.00689794 -0.0193224 -0.0190539 0.0370742 0.999131 -0.738868 3.09133 6.86321</i>
                        <i>0.00760831 0.999289 -0.036935 -0.99979 0.00689794 -0.0193224 -0.0190539 0.0370742 0.999131 -0.738868 3.09133 6.86321</i>
                        <i>0.00760831 0.999289 -0.036935 -0.99979 0.00689794 -0.0193224 -0.0190539 0.0370742 0.999131 -0.738868 3.09133 6.86321</i>
                        <i>0.00760831 0.999289 -0.036935 -0.99979 0.00689794 -0.0193224 -0.0190539 0.0370742 0.999131 -0.738868 3.09133 6.86321</i>
                        <i>0.00760831 0.999289 -0.036935 -0.99979 0.00689794 -0.0193224 -0.0190539 0.0370742 0.999131 -0.738868 3.09133 6.86321</i>
                        <i>0.00760831 0.999289 -0.036935 -0.99979 0.00689794 -0.0193224 -0.0190539 0.0370742 0.999131 -0.738868 3.09133 6.86321</i>
                        <i>0.00760831 0.999289 -0.036935 -0.99979 0.00689794 -0.0193224 -0.0190539 0.0370742 0.999131 -0.738868 3.09133 6.86321</i>
                        <i>0.00760831 0.999289 -0.036935 -0.99979 0.00689794 -0.0193224 -0.0190539 0.0370742 0.999131 -0.738868 3.09133 6.86321</i>
                        <i>0.00760831 0.999289 -0.036935 -0.99979 0.00689794 -0.0193224 -0.0190539 0.0370742 0.999131 -0.738868 3.09133 6.86321</i>
                        <i>0.00760831 0.999289 -0.036935 -0.99979 0.00689794 -0.0193224 -0.0190539 0.0370742 0.999131 -0.738868 3.09133 6.86321</i>
                        <i>0.00760831 0.999289 -0.036935 -0.99979 0.00689794 -0.0193224 -0.0190539 0.0370742 0.999131 -0.738868 3.09133 6.86321</i>
                        <i>0.00760831 0.999289 -0.036935 -0.99979 0.00689794 -0.0193224 -0.0190539 0.0370742 0.999131 -0.738868 3.09133 6.86321</i>
                        <i>0.00760831 0.999289 -0.036935 -0.99979 0.00689794 -0.0193224 -0.0190539 0.0370742 0.999131 -0.738868 3.09133 6.86321</i>
                        <i>0.00760831 0.999289 -0.036935 -0.99979 0.00689794 -0.0193224 -0.0190539 0.0370742 0.999131 -0.738868 3.09133 6.86321</i>
                        <i>0.00760831 0.999289 -0.036935 -0.99979 0.00689794 -0.0193224 -0.0190539 0.0370742 0.999131 -0.738868 3.09133 6.86321</i>
                        <i>0.00760831 0.999289 -0.036935 -0.99979 0.00689794 -0.0193224 -0.0190539 0.0370742 0.999131 -0.738868 3.09133 6.86321</i>
                        <i>0.00760831 0.999289 -0.036935 -0.99979 0.00689794 -0.0193224 -0.0190539 0.0370742 0.999131 -0.738868 3.09133 6.86321</i>
                        <i>0.00760831 0.999289 -0.036935 -0.99979 0.00689794 -0.0193224 -0.0190539 0.0370742 0.999131 -0.738868 3.09133 6.86321</i>
                        <i>0.00760831 0.999289 -0.036935 -0.99979 0.00689794 -0.0193224 -0.0190539 0.0370742 0.999131 -0.738868 3.09133 6.86321</i>
                        <i>0.00760831 0.999289 -0.036935 -0.99979 0.00689794 -0.0193224 -0.0190539 0.0370742 0.999131 -0.738868 3.09133 6.86321</i>
                        <i>0.00760831 0.999289 -0.036935 -0.99979 0.00689794 -0.0193224 -0.0190539 0.0370742 0.999131 -0.738868 3.09133 6.86321</i>
                        <i>0.00760831 0.999289 -0.036935 -0.99979 0.00689794 -0.0193224 -0.0190539 0.0370742 0.999131 -0.738868 3.09133 6.86321</i>
                        <i>0.00760831 0.999289 -0.036935 -0.99979 0.00689794 -0.0193224 -0.0190539 0.0370742 0.999131 -0.738868 3.09133 6.86321</i>
                        <i>0.00760831 0.999289 -0.036935 -0.99979 0.00689794 -0.0193224 -0.0190539 0.0370742 0.999131 -0.738868 3.09133 6.86321</i>
                        <i>0.00760831 0.999289 -0.036935 -0.99979 0.00689794 -0.0193224 -0.0190539 0.0370742 0.999131 -0.738868 3.09133 6.86321</i>
                        <i>0.00760831 0.999289 -0.036935 -0.99979 0.00689794 -0.0193224 -0.0190539 0.0370742 0.999131 -0.738868 3.09133 6.86321</i>
                        <i>0.00760831 0.999289 -0.036935 -0.99979 0.00689794 -0.0193224 -0.0190539 0.0370742 0.999131 -0.738868 3.09133 6.86321</i>
                        <i>0.00760831 0.999289 -0.036935 -0.99979 0.00689794 -0.0193224 -0.0190539 0.0370742 0.999131 -0.738868 3.09133 6.86321</i>
                        <i>0.00760831 0.999289 -0.036935 -0.99979 0.00689794 -0.0193224 -0.0190539 0.0370742 0.999131 -0.738868 3.09133 6.86321</i>
                        <i>0.00760831 0.999289 -0.036935 -0.99979 0.00689794 -0.0193224 -0.0190539 0.0370742 0.999131 -0.738868 3.09133 6.86321</i>
                        <i>0.00760831 0.999289 -0.036935 -0.99979 0.00689794 -0.0193224 -0.0190539 0.0370742 0.999131 -0.738868 3.09133 6.86321</i>
                        <i>0.00760831 0.999289 -0.036935 -0.99979 0.00689794 -0.0193224 -0.0190539 0.0370742 0.999131 -0.738868 3.09133 6.86321</i>
                        <i>0.00760831 0.999289 -0.036935 -0.99979 0.00689794 -0.0193224 -0.0190539 0.0370742 0.999131 -0.738868 3.09133 6.86321</i>
                        <i>0.00760831 0.999289 -0.036935 -0.99979 0.00689794 -0.0193224 -0.0190539 0.0370742 0.999131 -0.738868 3.09133 6.86321</i>
                        <i>0.00760831 0.999289 -0.036935 -0.99979 0.00689794 -0.0193224 -0.0190539 0.0370742 0.999131 -0.738868 3.09133 6.86321</i>
                        <i>0.00760831 0.999289 -0.036935 -0.99979 0.00689794 -0.0193224 -0.0190539 0.0370742 0.999131 -0.738868 3.09133 6.86321</i>
                        <i>0.00760831 0.999289 -0.036935 -0.99979 0.00689794 -0.0193224 -0.0190539 0.0370742 0.999131 -0.738868 3.09133 6.86321</i>
                        <i>0.00760831 0.999289 -0.036935 -0.99979 0.00689794 -0.0193224 -0.0190539 0.0370742 0.999131 -0.738868 3.09133 6.86321</i>
                        <i>0.00760831 0.999289 -0.036935 -0.99979 0.00689794 -0.0193224 -0.0190539 0.0370742 0.999131 -0.738868 3.09133 6.86321</i>
                        <i>0.00760831 0.999289 -0.036935 -0.99979 0.00689794 -0.0193224 -0.0190539 0.0370742 0.999131 -0.738868 3.09133 6.86321</i>
                        <i>0.00760831 0.999289 -0.036935 -0.99979 0.00689794 -0.0193224 -0.0190539 0.0370742 0.999131 -0.738868 3.09133 6.86321</i>
                        <i>0.00760831 0.999289 -0.036935 -0.99979 0.00689794 -0.0193224 -0.0190539 0.0370742 0.999131 -0.738868 3.09133 6.86321</i>
                        <i>0.00760831 0.999289 -0.036935 -0.99979 0.00689794 -0.0193224 -0.0190539 0.0370742 0.999131 -0.738868 3.09133 6.86321</i>
                        <i>0.00760831 0.999289 -0.036935 -0.99979 0.00689794 -0.0193224 -0.0190539 0.0370742 0.999131 -0.738868 3.09133 6.86321</i>
                        <i>0.00760831 0.999289 -0.036935 -0.99979 0.00689794 -0.0193224 -0.0190539 0.0370742 0.999131 -0.738868 3.09133 6.86321</i>
                        <i>0.00760831 0.999289 -0.036935 -0.99979 0.00689794 -0.0193224 -0.0190539 0.0370742 0.999131 -0.738868 3.09133 6.86321</i>
                        <i>0.00760831 0.999289 -0.036935 -0.99979 0.00689794 -0.0193224 -0.0190539 0.0370742 0.999131 -0.738868 3.09133 6.86321</i>
                        <i>0.00760831 0.999289 -0.036935 -0.99979 0.00689794 -0.0193224 -0.0190539 0.0370742 0.999131 -0.738868 3.09133 6.86321</i>
                        <i>0.00760831 0.999289 -0.036935 -0.99979 0.00689794 -0.0193224 -0.0190539 0.0370742 0.999131 -0.738868 3.09133 6.86321</i>
                        <i>0.00760831 0.999289 -0.036935 -0.99979 0.00689794 -0.0193224 -0.0190539 0.0370742 0.999131 -0.738868 3.09133 6.86321</i>
                        <i>0.00760831 0.999289 -0.036935 -0.99979 0.00689794 -0.0193224 -0.0190539 0.0370742 0.999131 -0.738868 3.09133 6.86321</i>
                        <i>0.00760831 0.999289 -0.036935 -0.99979 0.00689794 -0.0193224 -0.0190539 0.0370742 0.999131 -0.738868 3.09133 6.86321</i>
                        <i>0.00760831 0.999289 -0.036935 -0.99979 0.00689794 -0.0193224 -0.0190539 0.0370742 0.999131 -0.738868 3.09133 6.86321</i>
                        <i>0.00760831 0.999289 -0.036935 -0.99979 0.00689794 -0.0193224 -0.0190539 0.0370742 0.999131 -0.738868 3.09133 6.86321</i>
                        <i>0.00760831 0.999289 -0.036935 -0.99979 0.00689794 -0.0193224 -0.0190539 0.0370742 0.999131 -0.738868 3.09133 6.86321</i>
                    </KeyFrames>
                </p>
            </i>
            <i>
                <p>
                    <Name><![CDATA[spine1]]></Name>
                    <Exclude>0</Exclude>
                    <Additive>0</Additive>
                    <IKPriority>0</IKPriority>
                    <IKRotLimits>-1e+010 -1e+010 -1e+010 1e+010 1e+010 1e+010</IKRotLimits>
                    <IKRotLimitOrder>0</IKRotLimitOrder>
                    <KeyFrames count="121">
                        <i>0.0565246 0.998401 0.000320589 -0.844429 0.0479788 -0.533515 -0.532677 0.029886 0.845791 -2.36158 1.48905 4.6418</i>
                        <i>0.0591336 0.99825 -0.000171159 -0.847123 0.0500905 -0.529031 -0.528096 0.0314285 0.848603 -2.36063 1.48875 4.64126</i>
                        <i>0.0656975 0.997839 -0.00101208 -0.854112 0.05571 -0.517097 -0.515924 0.0348364 0.855926 -2.35827 1.48795 4.64007</i>
                        <i>0.0743594 0.997231 -0.00126721 -0.863671 0.0637651 -0.500006 -0.498541 0.0382746 0.866021 -2.3552 1.48674 4.63885</i>
                        <i>0.0833922 0.996517 0.000110422 -0.874057 0.0731976 -0.480277 -0.478612 0.0399549 0.877117 -2.35209 1.48522 4.63828</i>
                        <i>0.0914463 0.995802 0.00397287 -0.883727 0.0829918 -0.460585 -0.458981 0.0386078 0.887607 -2.34945 1.4835 4.63889</i>
                        <i>0.098247 0.995118 0.00937875 -0.891843 0.0922245 -0.442843 -0.441546 0.0351436 0.89655 -2.34735 1.48181 4.64045</i>
                        <i>0.103609 0.994507 0.0148961 -0.897963 0.0999705 -0.428565 -0.4277 0.0310272 0.903388 -2.34579 1.48036 4.64239</i>
                        <i>0.107148 0.994058 0.019188 -0.901815 0.105295 -0.419098 -0.418628 0.0276013 0.907738 -2.3448 1.47936 4.64405</i>
                        <i>0.108417 0.993885 0.0209259 -0.903165 0.107273 -0.415674 -0.415377 0.0261666 0.909273 -2.34446 1.47899 4.64475</i>
                        <i>0.0942598 0.994565 0.0442244 -0.938493 0.103592 -0.329392 -0.332183 -0.0104559 0.943157 -2.36545 1.48354 4.62941</i>
                        <i>0.080937 0.990892 0.107619 -0.990392 0.0921002 -0.10316 -0.112133 -0.0982359 0.988826 -2.41902 1.49268 4.59358</i>
                        <i>0.113185 0.976421 0.183824 -0.977476 0.0762595 0.196788 0.178129 -0.201957 0.963059 -2.49097 1.49961 4.5526</i>
                        <i>0.19602 0.953403 0.229347 -0.87576 0.0649862 0.478352 0.441158 -0.294619 0.847691 -2.56717 1.49751 4.52078</i>
                        <i>0.286499 0.92962 0.231788 -0.743007 0.0628473 0.666326 0.604863 -0.363122 0.70872 -2.63425 1.47946 4.51098</i>
                        <i>0.352487 0.914044 0.200688 -0.617349 0.0659533 0.78392 0.703302 -0.400216 0.587532 -2.70102 1.43222 4.53522</i>
                        <i>0.395885 0.907902 0.1378 -0.483536 0.0785233 0.871795 0.780684 -0.411762 0.470089 -2.77518 1.36042 4.58472</i>
                        <i>0.417621 0.9063 0.0649107 -0.36365 0.101246 0.926017 0.832677 -0.410329 0.371859 -2.84352 1.2841 4.64097</i>
                        <i>0.423954 0.905667 0.0054993 -0.279216 0.124924 0.952067 0.861569 -0.405168 0.305839 -2.89362 1.22344 4.6867</i>
                        <i>0.42413 0.905412 -0.018503 -0.247756 0.135662 0.959277 0.871052 -0.402274 0.281859 -2.91311 1.19871 4.70555</i>
                        <i>0.368357 0.929119 -0.0324253 -0.239526 0.128547 0.962343 0.898299 -0.346719 0.269899 -2.91815 1.20821 4.70579</i>
                        <i>0.21766 0.973706 -0.067239 -0.223247 0.116732 0.967747 0.95015 -0.195628 0.242785 -2.92779 1.22977 4.70679</i>
                        <i>0.0110162 0.993869 -0.11001 -0.209053 0.109874 0.971712 0.977842 0.0122932 0.208982 -2.93547 1.25454 4.70846</i>
                        <i>-0.173391 0.974183 -0.144579 -0.200844 0.108741 0.973569 0.964156 0.197846 0.176805 -2.93972 1.27515 4.71</i>
                        <i>-0.250435 0.955121 -0.158196 -0.19828 0.109338 0.974028 0.947611 0.275298 0.161999 -2.94117 1.28383 4.71062</i>
                        <i>-0.0962421 0.99259 -0.0741799 -0.204364 0.0532329 0.977446 0.974152 0.109231 0.197727 -2.94813 1.23224 4.73409</i>
                        <i>0.18971 0.978591 0.0798089 -0.218926 -0.0370778 0.975037 0.957121 -0.202447 0.207205 -2.95952 1.13681 4.7786</i>
                        <i>0.330883 0.930782 0.155435 -0.22748 -0.0811832 0.970393 0.915843 -0.356445 0.184872 -2.96403 1.08514 4.80367</i>
                        <i>0.290243 0.941068 0.173636 -0.230635 -0.107307 0.967105 0.928745 -0.320742 0.185898 -2.97014 1.12907 4.83775</i>
                        <i>0.262722 0.949085 0.173825 -0.24745 -0.107853 0.962879 0.932601 -0.295983 0.206516 -2.94914 1.24892 4.87297</i>
                        <i>0.296728 0.9516 0.0800661 -0.22485 -0.0118651 0.974321 0.928114 -0.307112 0.210446 -2.91021 1.42597 4.88185</i>
                        <i>0.316334 0.946493 -0.0639059 -0.1456 0.115008 0.982636 0.937408 -0.301536 0.174191 -2.888 1.64105 4.88984</i>
                        <i>0.331204 0.930517 -0.156341 -0.0721029 0.190168 0.9791 0.9408 -0.313009 0.130077 -2.86717 1.87991 4.87808</i>
                        <i>0.342517 0.922213 -0.179459 -0.0425925 0.206059 0.977612 0.938546 -0.327205 0.109858 -2.83383 2.12843 4.84526</i>
                        <i>0.35522 0.918575 -0.173316 -0.0366454 0.198949 0.979324 0.934064 -0.341525 0.104332 -2.77616 2.36984 4.80511</i>
                        <i>0.380468 0.91255 -0.149991 -0.048101 0.181496 0.982215 0.923542 -0.366487 0.112948 -2.68412 2.58772 4.7648</i>
                        <i>0.427099 0.895765 -0.12325 -0.0666686 0.167134 0.983678 0.901743 -0.411911 0.131102 -2.54738 2.76587 4.73182</i>
                        <i>0.510775 0.855348 -0.0865395 -0.0964726 0.15705 0.982867 0.854285 -0.493675 0.162735 -2.27558 2.91157 4.70913</i>
                        <i>0.615408 0.787472 -0.0340732 -0.135911 0.148597 0.979514 0.776402 -0.59817 0.198474 -1.86189 3.0377 4.69367</i>
