<?xml version="1.0" encoding="ISO-8859-1" ?>
<Animl Version="1">
    <ModellingPackage><![CDATA[Maya.2010]]></ModellingPackage>
    <SrcFile><![CDATA[anims\vehicles\red\~src\air\helicopter_mi8hip\mi8hip_idle_crewman_b.mb]]></SrcFile>
    <FramesPerSecond>30</FramesPerSecond>
    <TotalFrames>61</TotalFrames>
    <Skeleton>
        <RefFrame>
            <Name><![CDATA[soldier_ref_frame]]></Name>
            <Exclude>0</Exclude>
            <Additive>0</Additive>
            <IKPriority>0</IKPriority>
            <IKRotLimits>-1e+010 -1e+010 -1e+010 1e+010 1e+010 1e+010</IKRotLimits>
            <IKRotLimitOrder>0</IKRotLimitOrder>
            <KeyFrames count="61">
                <i>1 0 0 0 1 0 0 0 1 -2.38 0 4.73</i>
                <i>1 0 0 0 1 0 0 0 1 -2.38 0 4.73</i>
                <i>1 0 0 0 1 0 0 0 1 -2.38 0 4.73</i>
                <i>1 0 0 0 1 0 0 0 1 -2.38 0 4.73</i>
                <i>1 0 0 0 1 0 0 0 1 -2.38 0 4.73</i>
                <i>1 0 0 0 1 0 0 0 1 -2.38 0 4.73</i>
                <i>1 0 0 0 1 0 0 0 1 -2.38 0 4.73</i>
                <i>1 0 0 0 1 0 0 0 1 -2.38 0 4.73</i>
                <i>1 0 0 0 1 0 0 0 1 -2.38 0 4.73</i>
                <i>1 0 0 0 1 0 0 0 1 -2.38 0 4.73</i>
                <i>1 0 0 0 1 0 0 0 1 -2.38 0 4.73</i>
                <i>1 0 0 0 1 0 0 0 1 -2.38 0 4.73</i>
                <i>1 0 0 0 1 0 0 0 1 -2.38 0 4.73</i>
                <i>1 0 0 0 1 0 0 0 1 -2.38 0 4.73</i>
                <i>1 0 0 0 1 0 0 0 1 -2.38 0 4.73</i>
                <i>1 0 0 0 1 0 0 0 1 -2.38 0 4.73</i>
                <i>1 0 0 0 1 0 0 0 1 -2.38 0 4.73</i>
                <i>1 0 0 0 1 0 0 0 1 -2.38 0 4.73</i>
                <i>1 0 0 0 1 0 0 0 1 -2.38 0 4.73</i>
                <i>1 0 0 0 1 0 0 0 1 -2.38 0 4.73</i>
                <i>1 0 0 0 1 0 0 0 1 -2.38 0 4.73</i>
                <i>1 0 0 0 1 0 0 0 1 -2.38 0 4.73</i>
                <i>1 0 0 0 1 0 0 0 1 -2.38 0 4.73</i>
                <i>1 0 0 0 1 0 0 0 1 -2.38 0 4.73</i>
                <i>1 0 0 0 1 0 0 0 1 -2.38 0 4.73</i>
                <i>1 0 0 0 1 0 0 0 1 -2.38 0 4.73</i>
                <i>1 0 0 0 1 0 0 0 1 -2.38 0 4.73</i>
                <i>1 0 0 0 1 0 0 0 1 -2.38 0 4.73</i>
                <i>1 0 0 0 1 0 0 0 1 -2.38 0 4.73</i>
                <i>1 0 0 0 1 0 0 0 1 -2.38 0 4.73</i>
                <i>1 0 0 0 1 0 0 0 1 -2.38 0 4.73</i>
                <i>1 0 0 0 1 0 0 0 1 -2.38 0 4.73</i>
                <i>1 0 0 0 1 0 0 0 1 -2.38 0 4.73</i>
                <i>1 0 0 0 1 0 0 0 1 -2.38 0 4.73</i>
                <i>1 0 0 0 1 0 0 0 1 -2.38 0 4.73</i>
                <i>1 0 0 0 1 0 0 0 1 -2.38 0 4.73</i>
                <i>1 0 0 0 1 0 0 0 1 -2.38 0 4.73</i>
                <i>1 0 0 0 1 0 0 0 1 -2.38 0 4.73</i>
                <i>1 0 0 0 1 0 0 0 1 -2.38 0 4.73</i>
                <i>1 0 0 0 1 0 0 0 1 -2.38 0 4.73</i>
                <i>1 0 0 0 1 0 0 0 1 -2.38 0 4.73</i>
                <i>1 0 0 0 1 0 0 0 1 -2.38 0 4.73</i>
                <i>1 0 0 0 1 0 0 0 1 -2.38 0 4.73</i>
                <i>1 0 0 0 1 0 0 0 1 -2.38 0 4.73</i>
                <i>1 0 0 0 1 0 0 0 1 -2.38 0 4.73</i>
                <i>1 0 0 0 1 0 0 0 1 -2.38 0 4.73</i>
                <i>1 0 0 0 1 0 0 0 1 -2.38 0 4.73</i>
                <i>1 0 0 0 1 0 0 0 1 -2.38 0 4.73</i>
                <i>1 0 0 0 1 0 0 0 1 -2.38 0 4.73</i>
                <i>1 0 0 0 1 0 0 0 1 -2.38 0 4.73</i>
                <i>1 0 0 0 1 0 0 0 1 -2.38 0 4.73</i>
                <i>1 0 0 0 1 0 0 0 1 -2.38 0 4.73</i>
                <i>1 0 0 0 1 0 0 0 1 -2.38 0 4.73</i>
                <i>1 0 0 0 1 0 0 0 1 -2.38 0 4.73</i>
                <i>1 0 0 0 1 0 0 0 1 -2.38 0 4.73</i>
                <i>1 0 0 0 1 0 0 0 1 -2.38 0 4.73</i>
                <i>1 0 0 0 1 0 0 0 1 -2.38 0 4.73</i>
                <i>1 0 0 0 1 0 0 0 1 -2.38 0 4.73</i>
                <i>1 0 0 0 1 0 0 0 1 -2.38 0 4.73</i>
                <i>1 0 0 0 1 0 0 0 1 -2.38 0 4.73</i>
                <i>1 0 0 0 1 0 0 0 1 -2.38 0 4.73</i>
            </KeyFrames>
        </RefFrame>
        <Bones count="23">
            <i>
                <p>
                    <Name><![CDATA[pelvis]]></Name>
                    <Exclude>0</Exclude>
                    <Additive>0</Additive>
                    <IKPriority>0</IKPriority>
                    <IKRotLimits>-1e+010 -1e+010 -1e+010 1e+010 1e+010 1e+010</IKRotLimits>
                    <IKRotLimitOrder>2</IKRotLimitOrder>
                    <KeyFrames count="61">
                        <i>1 0 0 0 1 0 0 0 1 -0.63 32.32 6.9</i>
                        <i>1 0 0 0 1 0 0 0 1 -0.63 32.32 6.9</i>
                        <i>1 0 0 0 1 0 0 0 1 -0.63 32.32 6.9</i>
                        <i>1 0 0 0 1 0 0 0 1 -0.63 32.32 6.9</i>
                        <i>1 0 0 0 1 0 0 0 1 -0.63 32.32 6.9</i>
                        <i>1 0 0 0 1 0 0 0 1 -0.63 32.32 6.9</i>
                        <i>1 0 0 0 1 0 0 0 1 -0.63 32.32 6.9</i>
                        <i>1 0 0 0 1 0 0 0 1 -0.63 32.32 6.9</i>
                        <i>1 0 0 0 1 0 0 0 1 -0.63 32.32 6.9</i>
                        <i>1 0 0 0 1 0 0 0 1 -0.63 32.32 6.9</i>
                        <i>1 0 0 0 1 0 0 0 1 -0.63 32.32 6.9</i>
                        <i>1 0 0 0 1 0 0 0 1 -0.63 32.32 6.9</i>
                        <i>1 0 0 0 1 0 0 0 1 -0.63 32.32 6.9</i>
                        <i>1 0 0 0 1 0 0 0 1 -0.63 32.32 6.9</i>
                        <i>1 0 0 0 1 0 0 0 1 -0.63 32.32 6.9</i>
                        <i>1 0 0 0 1 0 0 0 1 -0.63 32.32 6.9</i>
                        <i>1 0 0 0 1 0 0 0 1 -0.63 32.32 6.9</i>
                        <i>1 0 0 0 1 0 0 0 1 -0.63 32.32 6.9</i>
                        <i>1 0 0 0 1 0 0 0 1 -0.63 32.32 6.9</i>
                        <i>1 0 0 0 1 0 0 0 1 -0.63 32.32 6.9</i>
                        <i>1 0 0 0 1 0 0 0 1 -0.63 32.32 6.9</i>
                        <i>1 0 0 0 1 0 0 0 1 -0.63 32.32 6.9</i>
                        <i>1 0 0 0 1 0 0 0 1 -0.63 32.32 6.9</i>
                        <i>1 0 0 0 1 0 0 0 1 -0.63 32.32 6.9</i>
                        <i>1 0 0 0 1 0 0 0 1 -0.63 32.32 6.9</i>
                        <i>1 0 0 0 1 0 0 0 1 -0.63 32.32 6.9</i>
                        <i>1 0 0 0 1 0 0 0 1 -0.63 32.32 6.9</i>
                        <i>1 0 0 0 1 0 0 0 1 -0.63 32.32 6.9</i>
                        <i>1 0 0 0 1 0 0 0 1 -0.63 32.32 6.9</i>
                        <i>1 0 0 0 1 0 0 0 1 -0.63 32.32 6.9</i>
                        <i>1 0 0 0 1 0 0 0 1 -0.63 32.32 6.9</i>
                        <i>1 0 0 0 1 0 0 0 1 -0.63 32.32 6.9</i>
                        <i>1 0 0 0 1 0 0 0 1 -0.63 32.32 6.9</i>
                        <i>1 0 0 0 1 0 0 0 1 -0.63 32.32 6.9</i>
                        <i>1 0 0 0 1 0 0 0 1 -0.63 32.32 6.9</i>
                        <i>1 0 0 0 1 0 0 0 1 -0.63 32.32 6.9</i>
                        <i>1 0 0 0 1 0 0 0 1 -0.63 32.32 6.9</i>
                        <i>1 0 0 0 1 0 0 0 1 -0.63 32.32 6.9</i>
                        <i>1 0 0 0 1 0 0 0 1 -0.63 32.32 6.9</i>
                        <i>1 0 0 0 1 0 0 0 1 -0.63 32.32 6.9</i>
                        <i>1 0 0 0 1 0 0 0 1 -0.63 32.32 6.9</i>
                        <i>1 0 0 0 1 0 0 0 1 -0.63 32.32 6.9</i>
                        <i>1 0 0 0 1 0 0 0 1 -0.63 32.32 6.9</i>
                        <i>1 0 0 0 1 0 0 0 1 -0.63 32.32 6.9</i>
                        <i>1 0 0 0 1 0 0 0 1 -0.63 32.32 6.9</i>
                        <i>1 0 0 0 1 0 0 0 1 -0.63 32.32 6.9</i>
                        <i>1 0 0 0 1 0 0 0 1 -0.63 32.32 6.9</i>
                        <i>1 0 0 0 1 0 0 0 1 -0.63 32.32 6.9</i>
                        <i>1 0 0 0 1 0 0 0 1 -0.63 32.32 6.9</i>
                        <i>1 0 0 0 1 0 0 0 1 -0.63 32.32 6.9</i>
                        <i>1 0 0 0 1 0 0 0 1 -0.63 32.32 6.9</i>
                        <i>1 0 0 0 1 0 0 0 1 -0.63 32.32 6.9</i>
                        <i>1 0 0 0 1 0 0 0 1 -0.63 32.32 6.9</i>
                        <i>1 0 0 0 1 0 0 0 1 -0.63 32.32 6.9</i>
                        <i>1 0 0 0 1 0 0 0 1 -0.63 32.32 6.9</i>
                        <i>1 0 0 0 1 0 0 0 1 -0.63 32.32 6.9</i>
                        <i>1 0 0 0 1 0 0 0 1 -0.63 32.32 6.9</i>
                        <i>1 0 0 0 1 0 0 0 1 -0.63 32.32 6.9</i>
                        <i>1 0 0 0 1 0 0 0 1 -0.63 32.32 6.9</i>
                        <i>1 0 0 0 1 0 0 0 1 -0.63 32.32 6.9</i>
                        <i>1 0 0 0 1 0 0 0 1 -0.63 32.32 6.9</i>
                    </KeyFrames>
                </p>
            </i>
            <i>
                <p>
                    <Name><![CDATA[spine0]]></Name>
                    <Exclude>0</Exclude>
                    <Additive>0</Additive>
                    <IKPriority>0</IKPriority>
                    <IKRotLimits>-1e+010 -1e+010 -1e+010 1e+010 1e+010 1e+010</IKRotLimits>
                    <IKRotLimitOrder>0</IKRotLimitOrder>
                    <KeyFrames count="61">
                        <i>0.00760831 0.999289 -0.036935 -0.99979 0.00689794 -0.0193224 -0.0190539 0.0370742 0.999131 -0.638868 32.4413 6.82321</i>
                        <i>0.00692202 0.999377 -0.0346089 -0.999797 0.00626078 -0.0191781 -0.0189495 0.0347346 0.999217 -0.638868 32.4413 6.82321</i>
                        <i>0.00621015 0.999458 -0.0323375 -0.999803 0.00559666 -0.0190276 -0.0188363 0.0324493 0.999296 -0.638868 32.4413 6.82321</i>
                        <i>0.00548034 0.999531 -0.0301318 -0.99981 0.00491294 -0.0188727 -0.0187158 0.0302295 0.999368 -0.638868 32.4413 6.82321</i>
                        <i>0.00474014 0.999597 -0.0280026 -0.999816 0.0042169 -0.018715 -0.0185894 0.0280862 0.999433 -0.638868 32.4413 6.82321</i>
                        <i>0.00399714 0.999655 -0.0259606 -0.999822 0.00351591 -0.0185562 -0.0184585 0.0260302 0.999491 -0.638868 32.4413 6.82321</i>
                        <i>0.00325892 0.999706 -0.0240165 -0.999827 0.00281733 -0.0183979 -0.0183248 0.0240723 0.999542 -0.638868 32.4413 6.82321</i>
                        <i>0.0025331 0.999751 -0.0221808 -0.999831 0.00212859 -0.0182418 -0.01819 0.0222233 0.999588 -0.638868 32.4413 6.82321</i>
                        <i>0.00182731 0.999789 -0.0204648 -0.999835 0.00145712 -0.0180896 -0.018056 0.0204945 0.999627 -0.638868 32.4413 6.82321</i>
                        <i>0.00114923 0.999821 -0.0188796 -0.999839 0.000810433 -0.017943 -0.0179245 0.0188972 0.999661 -0.638868 32.4413 6.82321</i>
                        <i>0.000506552 0.999848 -0.017437 -0.999841 0.000196057 -0.0178038 -0.0177976 0.0174433 0.999689 -0.638868 32.4413 6.82321</i>
                        <i>-9.2966e-005 0.99987 -0.0161493 -0.999844 -0.000378416 -0.0176736 -0.0176774 0.0161451 0.999713 -0.638868 32.4413 6.82321</i>
                        <i>-0.0006415 0.999887 -0.0150293 -0.999846 -0.00090533 -0.0175541 -0.0175657 0.0150157 0.999733 -0.638868 32.4413 6.82321</i>
                        <i>-0.00113115 0.9999 -0.0140907 -0.999847 -0.00137696 -0.0174472 -0.0174649 0.0140688 0.999748 -0.638868 32.4413 6.82321</i>
                        <i>-0.00155393 0.99991 -0.013348 -0.999848 -0.0017855 -0.0173546 -0.0173768 0.013319 0.99976 -0.638868 32.4413 6.82321</i>
                        <i>-0.00190171 0.999916 -0.0128168 -0.999848 -0.00212305 -0.0172781 -0.0173038 0.012782 0.999769 -0.638868 32.4413 6.82321</i>
                        <i>-0.00216625 0.999919 -0.0125139 -0.999849 -0.0023816 -0.0172194 -0.0172479 0.0124747 0.999773 -0.638868 32.4413 6.82321</i>
                        <i>-0.00233911 0.99992 -0.0124572 -0.999849 -0.00255299 -0.0171806 -0.017211 0.0124151 0.999775 -0.638868 32.4413 6.82321</i>
                        <i>-0.00241166 0.999917 -0.0126666 -0.999849 -0.00262892 -0.0171634 -0.0171952 0.0126233 0.999772 -0.638868 32.4413 6.82321</i>
                        <i>-0.00237502 0.999911 -0.0131638 -0.999849 -0.00260092 -0.0171697 -0.0172024 0.0131211 0.999766 -0.638868 32.4413 6.82321</i>
                        <i>-0.00224042 0.999899 -0.0140376 -0.999849 -0.00248174 -0.0171967 -0.0172298 0.013997 0.999754 -0.638868 32.4413 6.82321</i>
                        <i>-0.00203015 0.99988 -0.0153309 -0.999849 -0.00229441 -0.0172392 -0.0172723 0.0152936 0.999734 -0.638868 32.4413 6.82321</i>
                        <i>-0.00175189 0.999854 -0.0169973 -0.999848 -0.0020459 -0.0172956 -0.0173278 0.0169644 0.999706 -0.638868 32.4413 6.82321</i>
                        <i>-0.00141345 0.999819 -0.0189897 -0.999848 -0.00174329 -0.0173642 -0.0173941 0.0189623 0.999669 -0.638868 32.4413 6.82321</i>
                        <i>-0.00102269 0.999773 -0.021261 -0.999847 -0.00139371 -0.0174434 -0.0174691 0.0212399 0.999622 -0.638868 32.4413 6.82321</i>
                        <i>-0.000587431 0.999717 -0.023764 -0.999846 -0.00100425 -0.0175317 -0.0175506 0.0237501 0.999564 -0.638868 32.4413 6.82321</i>
                        <i>-0.00011537 0.99965 -0.0264521 -0.999844 -0.000581837 -0.0176274 -0.0176367 0.0264459 0.999495 -0.638868 32.4413 6.82321</i>
                        <i>0.000385982 0.999571 -0.0292789 -0.999843 -0.000133226 -0.0177291 -0.0177254 0.0292811 0.999414 -0.638868 32.4413 6.82321</i>
                        <i>0.000909308 0.999481 -0.0321996 -0.999841 0.000335048 -0.0178353 -0.0178152 0.0322107 0.999322 -0.638868 32.4413 6.82321</i>
                        <i>0.00144762 0.99938 -0.0351703 -0.999839 0.000816779 -0.0179445 -0.0179046 0.0351906 0.99922 -0.638868 32.4413 6.82321</i>
                        <i>0.00199422 0.99927 -0.0381485 -0.999836 0.00130606 -0.0180554 -0.0179924 0.0381782 0.999109 -0.638868 32.4413 6.82321</i>
                        <i>0.0025428 0.999152 -0.0410932 -0.999833 0.00179737 -0.0181667 -0.0180774 0.0411325 0.99899 -0.638868 32.4413 6.82321</i>
                        <i>0.00308739 0.999028 -0.0439653 -0.99983 0.00228552 -0.0182773 -0.0181591 0.0440142 0.998866 -0.638868 32.4413 6.82321</i>
                        <i>0.00362241 0.998901 -0.0467271 -0.999827 0.00276569 -0.0183862 -0.0182367 0.0467857 0.998738 -0.638868 32.4413 6.82321</i>
                        <i>0.00414264 0.998773 -0.049343 -0.999824 0.00323342 -0.0184921 -0.0183099 0.0494109 0.998611 -0.638868 32.4413 6.82321</i>
                        <i>0.00464322 0.998648 -0.0517786 -0.99982 0.00368458 -0.0185944 -0.0183785 0.0518557 0.998485 -0.638868 32.4413 6.82321</i>
                        <i>0.00511961 0.998528 -0.0540013 -0.999817 0.00411534 -0.018692 -0.0184422 0.0540871 0.998366 -0.638868 32.4413 6.82321</i>
                        <i>0.00556751 0.998416 -0.0559793 -0.999813 0.00452211 -0.0187842 -0.0185013 0.0560734 0.998255 -0.638868 32.4413 6.82321</i>
                        <i>0.00598282 0.998317 -0.0576819 -0.99981 0.00490146 -0.0188701 -0.0185556 0.0577839 0.998157 -0.638868 32.4413 6.82321</i>
                        <i>0.00636154 0.998233 -0.059079 -0.999807 0.0052501 -0.0189491 -0.0186055 0.0591881 0.998073 -0.638868 32.4413 6.82321</i>
                        <i>0.00669973 0.998167 -0.06014 -0.999804 0.00556472 -0.0190204 -0.0186509 0.0602556 0.998009 -0.638868 32.4413 6.82321</i>
                        <i>0.00699328 0.998123 -0.0608341 -0.999801 0.00584194 -0.0190832 -0.018692 0.0609554 0.997965 -0.638868 32.4413 6.82321</i>
                        <i>0.00724825 0.998099 -0.0612091 -0.999798 0.0060869 -0.0191387 -0.0187297 0.0613355 0.997941 -0.638868 32.4413 6.82321</i>
                        <i>0.0074751 0.998088 -0.0613486 -0.999796 0.00630842 -0.0191889 -0.0187652 0.0614795 0.997932 -0.638868 32.4413 6.82321</i>
                        <i>0.00767579 0.998092 -0.0612711 -0.999794 0.00650813 -0.0192341 -0.0187987 0.0614061 0.997936 -0.638868 32.4413 6.82321</i>
                        <i>0.00785177 0.998107 -0.0609917 -0.999792 0.00668719 -0.0192747 -0.0188303 0.0611304 0.997952 -0.638868 32.4413 6.82321</i>
                        <i>0.00800405 0.998135 -0.0605229 -0.99979 0.0068464 -0.0193108 -0.0188604 0.0606648 0.99798 -0.638868 32.4413 6.82321</i>
                        <i>0.00813336 0.998173 -0.0598747 -0.999789 0.00698628 -0.0193424 -0.0188888 0.0600193 0.998019 -0.638868 32.4413 6.82321</i>
                        <i>0.00824007 0.998221 -0.0590552 -0.999787 0.00710707 -0.0193698 -0.0189156 0.0592022 0.998067 -0.638868 32.4413 6.82321</i>
                        <i>0.00832433 0.998278 -0.0580709 -0.999786 0.0072088 -0.0193929 -0.0189408 0.0582199 0.998124 -0.638868 32.4413 6.82321</i>
                        <i>0.00838604 0.998343 -0.0569269 -0.999785 0.00729128 -0.0194115 -0.0189643 0.0570775 0.99819 -0.638868 32.4413 6.82321</i>
                        <i>0.00842495 0.998416 -0.0556268 -0.999784 0.00735419 -0.0194258 -0.0189859 0.0557785 0.998263 -0.638868 32.4413 6.82321</i>
                        <i>0.00844057 0.998496 -0.0541731 -0.999784 0.00739698 -0.0194355 -0.0190055 0.0543255 0.998342 -0.638868 32.4413 6.82321</i>
                        <i>0.00843224 0.998582 -0.0525673 -0.999784 0.00741901 -0.0194405 -0.0190229 0.0527198 0.998428 -0.638868 32.4413 6.82321</i>
                        <i>0.00839914 0.998673 -0.0508095 -0.999783 0.0074194 -0.0194406 -0.0190378 0.0509618 0.998519 -0.638868 32.4413 6.82321</i>
                        <i>0.00834026 0.998769 -0.048899 -0.999784 0.00739718 -0.0194355 -0.0190499 0.0490506 0.998615 -0.638868 32.4413 6.82321</i>
                        <i>0.00825437 0.998869 -0.0468338 -0.999784 0.00735116 -0.0194251 -0.0190588 0.046984 0.998714 -0.638868 32.4413 6.82321</i>
                        <i>0.00814006 0.998971 -0.0446106 -0.999785 0.00727996 -0.019409 -0.0190642 0.044759 0.998816 -0.638868 32.4413 6.82321</i>
                        <i>0.00799566 0.999076 -0.0422245 -0.999786 0.00718199 -0.0193868 -0.0190656 0.0423705 0.99892 -0.638868 32.4413 6.82321</i>
                        <i>0.00781919 0.999182 -0.039669 -0.999788 0.00705539 -0.0193581 -0.0190624 0.0398119 0.999025 -0.638868 32.4413 6.82321</i>
                        <i>0.00760831 0.999289 -0.036935 -0.99979 0.00689794 -0.0193224 -0.0190539 0.0370742 0.999131 -0.638868 32.4413 6.82321</i>
                    </KeyFrames>
                </p>
            </i>
            <i>
                <p>
                    <Name><![CDATA[spine1]]></Name>
                    <Exclude>0</Exclude>
                    <Additive>0</Additive>
                    <IKPriority>0</IKPriority>
                    <IKRotLimits>-1e+010 -1e+010 -1e+010 1e+010 1e+010 1e+010</IKRotLimits>
                    <IKRotLimitOrder>0</IKRotLimitOrder>
                    <KeyFrames count="61">
                        <i>0.0314631 0.922509 0.38469 -0.993746 0.0701272 -0.0868925 -0.107136 -0.37955 0.918947 -0.637468 32.625 6.81635</i>
                        <i>0.031209 0.922077 0.385747 -0.993712 0.0701441 -0.0872735 -0.107531 -0.380598 0.918468 -0.637595 32.6249 6.81678</i>
                        <i>0.0309498 0.92166 0.386763 -0.993683 0.0701322 -0.0876086 -0.10787 -0.381608 0.918008 -0.637727 32.6247 6.8172</i>
                        <i>0.0306879 0.92126 0.387734 -0.99366 0.0700937 -0.0878983 -0.108155 -0.382579 0.917571 -0.637862 32.6246 6.81761</i>
                        <i>0.0304258 0.920879 0.388658 -0.993643 0.0700311 -0.0881438 -0.108388 -0.383506 0.917156 -0.637998 32.6245 6.81801</i>
                        <i>0.0301658 0.920519 0.389532 -0.993631 0.069947 -0.0883465 -0.108571 -0.384386 0.916766 -0.638135 32.6244 6.81838</i>
                        <i>0.0299103 0.920179 0.390353 -0.993624 0.0698442 -0.0885084 -0.108708 -0.385217 0.916401 -0.63827 32.6243 6.81874</i>
                        <i>0.0296616 0.919862 0.391119 -0.993621 0.0697257 -0.088632 -0.1088 -0.385995 0.916062 -0.638403 32.6242 6.81908</i>
                        <i>0.0294218 0.919569 0.391826 -0.993622 0.0695946 -0.08872 -0.108853 -0.386717 0.915752 -0.638533 32.6242 6.8194</i>
                        <i>0.0291932 0.9193 0.392473 -0.993627 0.069454 -0.0887753 -0.10887 -0.38738 0.915469 -0.638657 32.6241 6.81969</i>
                        <i>0.0289781 0.919058 0.393056 -0.993635 0.0693073 -0.0888011 -0.108855 -0.387981 0.915217 -0.638774 32.624 6.81996</i>
                        <i>0.0287786 0.918843 0.393572 -0.993646 0.0691578 -0.0888007 -0.108812 -0.388516 0.914995 -0.638884 32.624 6.82019</i>
                        <i>0.028597 0.918658 0.394018 -0.993658 0.0690087 -0.0887772 -0.108747 -0.38898 0.914805 -0.638984 32.6239 6.8204</i>
                        <i>0.0284355 0.918503 0.39439 -0.993672 0.0688635 -0.0887339 -0.108661 -0.389371 0.914649 -0.639073 32.6239 6.82057</i>
                        <i>0.0282966 0.918381 0.394684 -0.993687 0.0687254 -0.0886739 -0.108561 -0.389683 0.914528 -0.639151 32.6238 6.82071</i>
                        <i>0.0281826 0.918294 0.394894 -0.993702 0.0685974 -0.0885997 -0.108449 -0.38991 0.914444 -0.639214 32.6238 6.8208</i>
                        <i>0.028096 0.918244 0.395016 -0.993718 0.0684826 -0.0885137 -0.108329 -0.390048 0.9144 -0.639262 32.6238 6.82086</i>
                        <i>0.0280393 0.918235 0.395043 -0.993733 0.0683838 -0.0884176 -0.108203 -0.390088 0.914398 -0.639294 32.6238 6.82087</i>
                        <i>0.0280154 0.918268 0.394967 -0.993748 0.0683033 -0.0883122 -0.108072 -0.390024 0.914441 -0.639307 32.6238 6.82083</i>
                        <i>0.0280271 0.918348 0.39478 -0.993763 0.0682431 -0.0881975 -0.107937 -0.389846 0.914533 -0.6393 32.6238 6.82074</i>
                        <i>0.0280709 0.918489 0.394448 -0.993781 0.0681814 -0.0880409 -0.107759 -0.389523 0.914691 -0.639276 32.6239 6.82058</i>
                        <i>0.0281397 0.9187 0.393952 -0.993807 0.0680967 -0.0878152 -0.107503 -0.389041 0.914926 -0.639238 32.6239 6.82034</i>
                        <i>0.0282314 0.918974 0.393307 -0.993839 0.0679916 -0.087527 -0.107177 -0.388413 0.915231 -0.639187 32.624 6.82004</i>
                        <i>0.0283439 0.919304 0.392527 -0.993878 0.0678687 -0.0871828 -0.106788 -0.387652 0.915599 -0.639125 32.6241 6.81967</i>
                        <i>0.0284753 0.919685 0.391624 -0.993922 0.0677306 -0.0867889 -0.106343 -0.386772 0.916023 -0.639054 32.6242 6.81925</i>
                        <i>0.0286234 0.92011 0.390612 -0.99397 0.0675797 -0.0863516 -0.10585 -0.385785 0.916496 -0.638974 32.6243 6.81879</i>
                        <i>0.0287862 0.920574 0.389506 -0.994022 0.0674186 -0.0858772 -0.105316 -0.384705 0.917012 -0.638888 32.6244 6.8183</i>
                        <i>0.0289616 0.921069 0.38832 -0.994077 0.0672498 -0.0853721 -0.104748 -0.383547 0.917562 -0.638796 32.6245 6.81777</i>
                        <i>0.0291475 0.92159 0.387069 -0.994134 0.067076 -0.084843 -0.104153 -0.382325 0.918139 -0.6387 32.6247 6.81723</i>
                        <i>0.0293417 0.922129 0.385768 -0.994192 0.0668999 -0.0842966 -0.10354 -0.381055 0.918737 -0.638601 32.6248 6.81668</i>
                        <i>0.0295422 0.922679 0.384435 -0.994251 0.0667241 -0.08374 -0.102916 -0.379751 0.919346 -0.6385 32.625 6.81612</i>
                        <i>0.0297466 0.923233 0.383087 -0.99431 0.0665517 -0.0831806 -0.10229 -0.378432 0.91996 -0.638399 32.6251 6.81558</i>
                        <i>0.0299528 0.923784 0.381741 -0.994367 0.0663854 -0.082626 -0.101671 -0.377116 0.920569 -0.638298 32.6253 6.81504</i>
                        <i>0.0301584 0.924323 0.380417 -0.994422 0.0662283 -0.0820842 -0.101067 -0.375819 0.921165 -0.638199 32.6254 6.81452</i>
                        <i>0.030361 0.924843 0.379134 -0.994475 0.0660835 -0.0815637 -0.100488 -0.374563 0.92174 -0.638102 32.6256 6.81403</i>
                        <i>0.0305585 0.925336 0.377914 -0.994524 0.0659543 -0.0810734 -0.0999452 -0.373367 0.922284 -0.638009 32.6257 6.81357</i>
                        <i>0.0307482 0.925793 0.376778 -0.994568 0.065844 -0.0806223 -0.0994482 -0.372252 0.922788 -0.637921 32.6258 6.81315</i>
                        <i>0.0309279 0.926206 0.375747 -0.994606 0.0657559 -0.0802202 -0.099008 -0.371239 0.923244 -0.637837 32.6259 6.81278</i>
                        <i>0.0310951 0.926567 0.374843 -0.994638 0.0656937 -0.0798769 -0.0986361 -0.370349 0.923641 -0.63776 32.626 6.81246</i>
                        <i>0.0312473 0.926866 0.374089 -0.994662 0.0656609 -0.0796027 -0.0983441 -0.369604 0.92397 -0.637689 32.6261 6.81219</i>
                        <i>0.031382 0.927097 0.373506 -0.994677 0.0656613 -0.0794081 -0.0981439 -0.369026 0.924223 -0.637626 32.6262 6.81199</i>
                        <i>0.0314967 0.927249 0.373117 -0.994683 0.0656985 -0.0793038 -0.0980477 -0.368636 0.924389 -0.637571 32.6262 6.81186</i>
                        <i>0.0315938 0.927334 0.3729 -0.99468 0.0657684 -0.0792801 -0.0980441 -0.368411 0.924478 -0.637524 32.6262 6.81179</i>
                        <i>0.0316778 0.927367 0.37281 -0.994671 0.065863 -0.0793171 -0.0981104 -0.368311 0.924512 -0.637482 32.6262 6.81176</i>
                        <i>0.0317494 0.927353 0.372838 -0.994656 0.0659804 -0.0794108 -0.0982419 -0.368324 0.924492 -0.637444 32.6262 6.81178</i>
                        <i>0.0318094 0.927296 0.372976 -0.994635 0.0661191 -0.0795581 -0.0984347 -0.368444 0.924424 -0.637412 32.6262 6.81183</i>
                        <i>0.0318581 0.927197 0.373216 -0.994609 0.0662778 -0.0797559 -0.0986854 -0.368663 0.92431 -0.637384 32.6262 6.81192</i>
                        <i>0.0318961 0.92706 0.373552 -0.994577 0.0664552 -0.0800019 -0.0989911 -0.368975 0.924153 -0.63736 32.6262 6.81204</i>
                        <i>0.0319235 0.926888 0.373979 -0.99454 0.0666504 -0.0802938 -0.0993491 -0.369374 0.923955 -0.637341 32.6261 6.8122</i>
                        <i>0.0319407 0.926681 0.37449 -0.994499 0.0668623 -0.0806297 -0.0997573 -0.369854 0.923719 -0.637326 32.6261 6.81238</i>
                        <i>0.0319478 0.926441 0.375081 -0.994453 0.0670902 -0.081008 -0.100213 -0.370412 0.923446 -0.637315 32.626 6.8126</i>
                        <i>0.031945 0.926171 0.375748 -0.994402 0.0673334 -0.0814272 -0.100716 -0.371043 0.923138 -0.637309 32.6259 6.81284</i>
                        <i>0.0319322 0.925871 0.376487 -0.994347 0.0675911 -0.081886 -0.101263 -0.371744 0.922796 -0.637307 32.6259 6.81312</i>
                        <i>0.0319095 0.925543 0.377295 -0.994287 0.0678629 -0.0823833 -0.101854 -0.372511 0.922422 -0.637309 32.6258 6.81342</i>
                        <i>0.0318768 0.925188 0.378169 -0.994223 0.0681481 -0.0829182 -0.102486 -0.373341 0.922016 -0.637316 32.6257 6.81375</i>
                        <i>0.0318342 0.924805 0.379106 -0.994155 0.0684465 -0.0834901 -0.103161 -0.374233 0.921579 -0.637328 32.6256 6.81411</i>
                        <i>0.0317813 0.924397 0.380105 -0.994082 0.0687577 -0.0840982 -0.103875 -0.375183 0.921112 -0.637345 32.6255 6.8145</i>
                        <i>0.031718 0.923963 0.381164 -0.994005 0.0690814 -0.0847425 -0.10463 -0.376191 0.920616 -0.637367 32.6254 6.81492</i>
                        <i>0.0316442 0.923504 0.382281 -0.993924 0.0694175 -0.0854227 -0.105425 -0.377255 0.920089 -0.637395 32.6252 6.81536</i>
                        <i>0.0315593 0.92302 0.383456 -0.993837 0.069766 -0.0861391 -0.10626 -0.378374 0.919533 -0.637428 32.6251 6.81584</i>
                        <i>0.0314631 0.922509 0.38469 -0.993746 0.0701272 -0.0868925 -0.107136 -0.37955 0.918947 -0.637468 32.625 6.81635</i>
                    </KeyFrames>
                </p>
            </i>
            <i>
                <p>
                    <Name><![CDATA[spine2]]></Name>
                    <Exclude>0</Exclude>
                    <Additive>0</Additive>
                    <IKPriority>0</IKPriority>
                    <IKRotLimits>-1e+010 -1e+010 -1e+010 1e+010 1e+010 1e+010</IKRotLimits>
                    <IKRotLimitOrder>0</IKRotLimitOrder>
                    <KeyFrames count="61">
                        <i>-0.0668968 0.796653 0.600723 -0.986662 0.0367298 -0.158585 -0.148401 -0.60332 0.78357 -0.632251 32.7807 6.88157</i>
                        <i>-0.0656391 0.799565 0.596982 -0.986645 0.0373732 -0.158539 -0.149073 -0.599415 0.786434 -0.632425 32.7804 6.88213</i>
                        <i>-0.0643402 0.802376 0.593341 -0.986639 0.0380323 -0.158419 -0.149678 -0.595606 0.789208 -0.632605 32.7801 6.88267</i>
                        <i>-0.0630136 0.805074 0.589818 -0.986643 0.0387006 -0.158233 -0.150216 -0.591911 0.791882 -0.632788 32.7798 6.8832</i>
                        <i>-0.0616727 0.80765 0.586428 -0.986656 0.0393714 -0.157987 -0.150687 -0.588346 0.794445 -0.632972 32.7795 6.88371</i>
                        <i>-0.0603307 0.810095 0.583186 -0.986677 0.0400385 -0.157689 -0.151093 -0.584929 0.796887 -0.633155 32.7793 6.88419</i>
                        <i>-0.0590009 0.8124 0.580108 -0.986705 0.040696 -0.157346 -0.151436 -0.581679 0.799198 -0.633337 32.7791 6.88465</i>
                        <i>-0.0576964 0.814556 0.577209 -0.986738 0.0413376 -0.156968 -0.151719 -0.57861 0.801368 -0.633515 32.7788 6.88508</i>
                        <i>-0.0564304 0.816554 0.574504 -0.986777 0.0419577 -0.156561 -0.151945 -0.575742 0.803389 -0.633687 32.7786 6.88548</i>
                        <i>-0.0552163 0.818385 0.572011 -0.986819 0.0425504 -0.156135 -0.152118 -0.573093 0.805248 -0.633852 32.7784 6.88586</i>
                        <i>-0.0540671 0.82004 0.569746 -0.986863 0.0431099 -0.155699 -0.152241 -0.57068 0.806937 -0.634008 32.7783 6.88619</i>
                        <i>-0.0529963 0.821509 0.567728 -0.98691 0.0436304 -0.15526 -0.152318 -0.568524 0.808443 -0.634153 32.7781 6.88649</i>
                        <i>-0.0520174 0.82278 0.565974 -0.986956 0.0441063 -0.154828 -0.152352 -0.566646 0.809754 -0.634285 32.778 6.88675</i>
                        <i>-0.0511439 0.823843 0.564506 -0.987003 0.0445314 -0.154411 -0.152349 -0.565066 0.810858 -0.634402 32.7779 6.88697</i>
                        <i>-0.0503896 0.824684 0.563345 -0.987047 0.0449 -0.154018 -0.15231 -0.563809 0.81174 -0.634504 32.7778 6.88714</i>
                        <i>-0.0497688 0.825288 0.562514 -0.98709 0.0452059 -0.153657 -0.15224 -0.562899 0.812384 -0.634587 32.7777 6.88726</i>
                        <i>-0.0492956 0.82564 0.56204 -0.987129 0.0454427 -0.153335 -0.15214 -0.562365 0.812773 -0.63465 32.7777 6.88733</i>
                        <i>-0.048985 0.82572 0.56195 -0.987164 0.0456036 -0.15306 -0.152012 -0.562234 0.812887 -0.634691 32.7777 6.88735</i>
                        <i>-0.0488521 0.825507 0.562274 -0.987195 0.0456818 -0.152839 -0.151855 -0.562541 0.812704 -0.634708 32.7777 6.8873</i>
                        <i>-0.0489127 0.824976 0.563047 -0.98722 0.0456698 -0.152676 -0.151669 -0.56332 0.812199 -0.634699 32.7778 6.88718</i>
                        <i>-0.0491458 0.824032 0.564408 -0.98725 0.0455816 -0.152514 -0.151403 -0.564707 0.811285 -0.634666 32.7779 6.88698</i>
                        <i>-0.0495114 0.822625 0.566424 -0.987291 0.0454394 -0.152292 -0.151017 -0.566765 0.80992 -0.634614 32.778 6.88668</i>
                        <i>-0.0499968 0.820799 0.569026 -0.987341 0.0452471 -0.152019 -0.150524 -0.569423 0.808146 -0.634545 32.7782 6.8863</i>
                        <i>-0.0505893 0.818593 0.572142 -0.987401 0.0450082 -0.151702 -0.149934 -0.572608 0.806002 -0.634462 32.7784 6.88584</i>
                        <i>-0.051276 0.816049 0.575704 -0.987468 0.0447266 -0.15135 -0.149258 -0.57625 0.803529 -0.634365 32.7787 6.88531</i>
                        <i>-0.052044 0.813209 0.579639 -0.987541 0.044406 -0.150968 -0.148508 -0.580275 0.800766 -0.634257 32.779 6.88473</i>
                        <i>-0.0528809 0.810116 0.58388 -0.987618 0.04405 -0.150565 -0.147695 -0.584612 0.797756 -0.634139 32.7793 6.88409</i>
                        <i>-0.0537744 0.806812 0.588355 -0.987699 0.0436624 -0.150148 -0.14683 -0.589192 0.79454 -0.634013 32.7796 6.88343</i>
                        <i>-0.054712 0.803343 0.592999 -0.987782 0.0432473 -0.149724 -0.145925 -0.593945 0.791161 -0.633881 32.78 6.88273</i>
                        <i>-0.0556821 0.799752 0.597742 -0.987865 0.042809 -0.1493 -0.144992 -0.598802 0.787664 -0.633744 32.7803 6.88202</i>
                        <i>-0.0566729 0.796089 0.60252 -0.987947 0.0423518 -0.148884 -0.144043 -0.603696 0.784094 -0.633604 32.7807 6.8813</i>
                        <i>-0.0576734 0.7924 0.607269 -0.988028 0.0418802 -0.148483 -0.14309 -0.608562 0.780498 -0.633463 32.7811 6.88059</i>
                        <i>-0.0586727 0.788737 0.611925 -0.988105 0.0413992 -0.148103 -0.142147 -0.613336 0.776926 -0.633322 32.7815 6.87989</i>
                        <i>-0.0596604 0.785149 0.616426 -0.988178 0.0409138 -0.147752 -0.141228 -0.617954 0.773426 -0.633182 32.7819 6.87921</i>
                        <i>-0.0606263 0.78169 0.620714 -0.988245 0.0404294 -0.147438 -0.140346 -0.622356 0.77005 -0.633046 32.7822 6.87856</i>
                        <i>-0.0615606 0.778412 0.624728 -0.988304 0.0399516 -0.147167 -0.139516 -0.626481 0.766849 -0.632915 32.7826 6.87795</i>
                        <i>-0.0624539 0.775371 0.62841 -0.988356 0.0394862 -0.146947 -0.138752 -0.63027 0.763876 -0.632789 32.7829 6.87739</i>
                        <i>-0.063297 0.772621 0.631705 -0.988398 0.0390392 -0.146786 -0.138071 -0.633667 0.761185 -0.632671 32.7832 6.87689</i>
                        <i>-0.0640808 0.770217 0.634554 -0.988428 0.0386169 -0.14669 -0.137488 -0.636612 0.75883 -0.632561 32.7835 6.87646</i>
                        <i>-0.0647963 0.768216 0.636903 -0.988447 0.0382255 -0.146668 -0.137019 -0.639048 0.756864 -0.632462 32.7837 6.8761</i>
                        <i>-0.0654347 0.766673 0.638695 -0.988452 0.0378716 -0.146728 -0.13668 -0.64092 0.755341 -0.632373 32.7838 6.87582</i>
                        <i>-0.0659866 0.765643 0.639873 -0.988441 0.0375615 -0.146877 -0.13649 -0.642169 0.754314 -0.632297 32.7839 6.87564</i>
                        <i>-0.0664632 0.765064 0.640515 -0.988418 0.0372908 -0.147106 -0.136431 -0.642873 0.753725 -0.632233 32.784 6.87555</i>
                        <i>-0.0668845 0.764823 0.640759 -0.988384 0.0370495 -0.147394 -0.13647 -0.643174 0.75346 -0.632176 32.784 6.87551</i>
                        <i>-0.0672541 0.764892 0.640638 -0.988341 0.0368361 -0.147737 -0.136601 -0.643104 0.753497 -0.632127 32.784 6.87553</i>
                        <i>-0.0675748 0.765251 0.640175 -0.988289 0.0366494 -0.14813 -0.136819 -0.642688 0.753812 -0.632085 32.784 6.8756</i>
                        <i>-0.0678487 0.76588 0.639394 -0.988228 0.0364885 -0.148572 -0.137118 -0.641948 0.754388 -0.632049 32.7839 6.87572</i>
                        <i>-0.0680773 0.766762 0.638311 -0.98816 0.0363525 -0.149057 -0.137496 -0.640901 0.755209 -0.632021 32.7838 6.87588</i>
                        <i>-0.0682616 0.767883 0.636942 -0.988084 0.0362409 -0.149585 -0.137947 -0.639564 0.75626 -0.631999 32.7837 6.87609</i>
                        <i>-0.0684021 0.76923 0.6353 -0.988002 0.0361532 -0.150152 -0.13847 -0.637948 0.757528 -0.631983 32.7836 6.87634</i>
                        <i>-0.0684992 0.770792 0.633394 -0.987912 0.0360891 -0.150757 -0.139061 -0.636064 0.759003 -0.631974 32.7834 6.87663</i>
                        <i>-0.0685526 0.772559 0.631232 -0.987815 0.0360482 -0.151397 -0.139718 -0.633919 0.760674 -0.631971 32.7832 6.87696</i>
                        <i>-0.068562 0.774521 0.628821 -0.987713 0.0360305 -0.152072 -0.140439 -0.631521 0.762534 -0.631974 32.783 6.87733</i>
                        <i>-0.0685266 0.776673 0.626166 -0.987603 0.0360357 -0.152779 -0.141224 -0.628873 0.764575 -0.631984 32.7828 6.87773</i>
                        <i>-0.0684454 0.779006 0.623269 -0.987487 0.036064 -0.153518 -0.142069 -0.625978 0.766791 -0.632 32.7825 6.87817</i>
                        <i>-0.068317 0.781518 0.620131 -0.987366 0.0361154 -0.154288 -0.142975 -0.622837 0.769177 -0.632023 32.7823 6.87864</i>
                        <i>-0.0681399 0.784203 0.616752 -0.987238 0.0361901 -0.155088 -0.143941 -0.619448 0.771729 -0.632054 32.782 6.87915</i>
                        <i>-0.0679119 0.787059 0.613128 -0.987103 0.0362885 -0.155917 -0.144966 -0.615809 0.774444 -0.632091 32.7817 6.8797</i>
                        <i>-0.0676308 0.790085 0.609255 -0.986963 0.0364108 -0.156776 -0.14605 -0.611915 0.777322 -0.632136 32.7814 6.88028</i>
                        <i>-0.0672935 0.793282 0.605124 -0.986816 0.0365577 -0.157665 -0.147195 -0.607755 0.780363 -0.632189 32.781 6.88091</i>
                        <i>-0.0668968 0.796653 0.600723 -0.986662 0.0367298 -0.158585 -0.148401 -0.60332 0.78357 -0.632251 32.7807 6.88157</i>
                    </KeyFrames>
                </p>
            </i>
            <i>
                <p>
                    <Name><![CDATA[head]]></Name>
                    <Exclude>0</Exclude>
                    <Additive>0</Additive>
                    <IKPriority>0</IKPriority>
                    <IKRotLimits>-1e+010 -1e+010 -1e+010 1e+010 1e+010 1e+010</IKRotLimits>
                    <IKRotLimitOrder>0</IKRotLimitOrder>
                    <KeyFrames count="61">
                        <i>-0.0142497 0.975418 0.219902 0.0222938 0.220179 -0.975205 -0.99965 -0.00899386 -0.0248833 -0.657425 32.9982 7.02954</i>
                        <i>-0.0190829 0.973438 0.228156 0.0584396 0.228893 -0.971696 -0.998109 -0.00520942 -0.0612553 -0.65713 32.9988 7.02867</i>
                        <i>-0.038218 0.971075 0.235698 0.154614 0.238777 -0.958687 -0.987235 -0.000196915 -0.159267 -0.656828 32.9994 7.02782</i>
                        <i>-0.0718048 0.967245 0.243479 0.28971 0.25381 -0.922848 -0.954417 0.00427345 -0.298446 -0.65652 33 7.02699</i>
                        <i>-0.118416 0.960697 0.251074 0.439423 0.277446 -0.85436 -0.890441 0.00915772 -0.455007 -0.656211 33.0005 7.0262</i>
                        <i>-0.174223 0.950626 0.256818 0.579221 0.30985 -0.753987 -0.796335 0.0173921 -0.604605 -0.655902 33.001 7.02544</i>
                        <i>-0.23279 0.937388 0.259061 0.690277 0.346903 -0.634962 -0.685074 0.0310111 -0.727813 -0.655597 33.0014 7.02471</i>
                        <i>-0.285885 0.923011 0.257528 0.76432 0.381736 -0.519704 -0.578 0.0482577 -0.814609 -0.655299 33.0018 7.02403</i>
                        <i>-0.324882 0.911054 0.253834 0.803542 0.407447 -0.433943 -0.49877 0.0629865 -0.864443 -0.655011 33.0022 7.0234</i>
                        <i>-0.341784 0.905687 0.250828 0.814554 0.41861 -0.401581 -0.468706 0.067059 -0.880805 -0.654735 33.0026 7.02281</i>
                        <i>-0.344497 0.905164 0.248999 0.81305 0.42027 -0.402892 -0.469331 0.0636538 -0.880725 -0.654475 33.0029 7.02228</i>
                        <i>-0.34596 0.905163 0.246965 0.812074 0.420716 -0.404394 -0.469944 0.0606496 -0.88061 -0.654233 33.0032 7.02181</i>
                        <i>-0.346368 0.905587 0.244831 0.811558 0.420167 -0.405996 -0.470534 0.0580705 -0.880469 -0.654013 33.0035 7.02139</i>
                        <i>-0.345909 0.906334 0.242706 0.811432 0.418843 -0.407612 -0.471089 0.0559428 -0.88031 -0.653817 33.0037 7.02105</i>
                        <i>-0.344774 0.907299 0.240707 0.811621 0.416966 -0.409159 -0.471596 0.0542953 -0.880142 -0.653648 33.0038 7.02078</i>
                        <i>-0.343151 0.908377 0.238953 0.812048 0.414759 -0.410552 -0.472044 0.05316 -0.879971 -0.65351 33.0039 7.02058</i>
                        <i>-0.34123 0.909462 0.237573 0.812638 0.41245 -0.41171 -0.472421 0.0525725 -0.879804 -0.653406 33.004 7.02047</i>
                        <i>-0.339203 0.910447 0.2367 0.813314 0.41027 -0.412552 -0.472718 0.0525728 -0.879644 -0.653338 33.004 7.02045</i>
                        <i>-0.337261 0.911226 0.236479 0.814001 0.408456 -0.412996 -0.472924 0.0532061 -0.879495 -0.653311 33.004 7.02053</i>
                        <i>-0.3356 0.911689 0.237058 0.814625 0.407248 -0.412959 -0.473031 0.0545241 -0.879357 -0.653328 33.0039 7.02071</i>
                        <i>-0.334372 0.911683 0.238807 0.815095 0.406951 -0.412324 -0.473092 0.0567811 -0.879182 -0.653385 33.0037 7.02103</i>
