<?xml version="1.0" encoding="ISO-8859-1" ?>
<Animl Version="1">
    <ModellingPackage><![CDATA[Maya.2010]]></ModellingPackage>
    <SrcFile><![CDATA[anims\vehicles\red\~src\air\helicopter_mi8hip\mi8hip_idle_crewman_a.mb]]></SrcFile>
    <FramesPerSecond>30</FramesPerSecond>
    <TotalFrames>61</TotalFrames>
    <Skeleton>
        <RefFrame>
            <Name><![CDATA[soldier_ref_frame]]></Name>
            <Exclude>0</Exclude>
            <Additive>0</Additive>
            <IKPriority>0</IKPriority>
            <IKRotLimits>-1e+010 -1e+010 -1e+010 1e+010 1e+010 1e+010</IKRotLimits>
            <IKRotLimitOrder>0</IKRotLimitOrder>
            <KeyFrames count="61">
                <i>1 0 0 0 1 0 0 0 1 1.9 0 4.73</i>
                <i>1 0 0 0 1 0 0 0 1 1.9 0 4.73</i>
                <i>1 0 0 0 1 0 0 0 1 1.9 0 4.73</i>
                <i>1 0 0 0 1 0 0 0 1 1.9 0 4.73</i>
                <i>1 0 0 0 1 0 0 0 1 1.9 0 4.73</i>
                <i>1 0 0 0 1 0 0 0 1 1.9 0 4.73</i>
                <i>1 0 0 0 1 0 0 0 1 1.9 0 4.73</i>
                <i>1 0 0 0 1 0 0 0 1 1.9 0 4.73</i>
                <i>1 0 0 0 1 0 0 0 1 1.9 0 4.73</i>
                <i>1 0 0 0 1 0 0 0 1 1.9 0 4.73</i>
                <i>1 0 0 0 1 0 0 0 1 1.9 0 4.73</i>
                <i>1 0 0 0 1 0 0 0 1 1.9 0 4.73</i>
                <i>1 0 0 0 1 0 0 0 1 1.9 0 4.73</i>
                <i>1 0 0 0 1 0 0 0 1 1.9 0 4.73</i>
                <i>1 0 0 0 1 0 0 0 1 1.9 0 4.73</i>
                <i>1 0 0 0 1 0 0 0 1 1.9 0 4.73</i>
                <i>1 0 0 0 1 0 0 0 1 1.9 0 4.73</i>
                <i>1 0 0 0 1 0 0 0 1 1.9 0 4.73</i>
                <i>1 0 0 0 1 0 0 0 1 1.9 0 4.73</i>
                <i>1 0 0 0 1 0 0 0 1 1.9 0 4.73</i>
                <i>1 0 0 0 1 0 0 0 1 1.9 0 4.73</i>
                <i>1 0 0 0 1 0 0 0 1 1.9 0 4.73</i>
                <i>1 0 0 0 1 0 0 0 1 1.9 0 4.73</i>
                <i>1 0 0 0 1 0 0 0 1 1.9 0 4.73</i>
                <i>1 0 0 0 1 0 0 0 1 1.9 0 4.73</i>
                <i>1 0 0 0 1 0 0 0 1 1.9 0 4.73</i>
                <i>1 0 0 0 1 0 0 0 1 1.9 0 4.73</i>
                <i>1 0 0 0 1 0 0 0 1 1.9 0 4.73</i>
                <i>1 0 0 0 1 0 0 0 1 1.9 0 4.73</i>
                <i>1 0 0 0 1 0 0 0 1 1.9 0 4.73</i>
                <i>1 0 0 0 1 0 0 0 1 1.9 0 4.73</i>
                <i>1 0 0 0 1 0 0 0 1 1.9 0 4.73</i>
                <i>1 0 0 0 1 0 0 0 1 1.9 0 4.73</i>
                <i>1 0 0 0 1 0 0 0 1 1.9 0 4.73</i>
                <i>1 0 0 0 1 0 0 0 1 1.9 0 4.73</i>
                <i>1 0 0 0 1 0 0 0 1 1.9 0 4.73</i>
                <i>1 0 0 0 1 0 0 0 1 1.9 0 4.73</i>
                <i>1 0 0 0 1 0 0 0 1 1.9 0 4.73</i>
                <i>1 0 0 0 1 0 0 0 1 1.9 0 4.73</i>
                <i>1 0 0 0 1 0 0 0 1 1.9 0 4.73</i>
                <i>1 0 0 0 1 0 0 0 1 1.9 0 4.73</i>
                <i>1 0 0 0 1 0 0 0 1 1.9 0 4.73</i>
                <i>1 0 0 0 1 0 0 0 1 1.9 0 4.73</i>
                <i>1 0 0 0 1 0 0 0 1 1.9 0 4.73</i>
                <i>1 0 0 0 1 0 0 0 1 1.9 0 4.73</i>
                <i>1 0 0 0 1 0 0 0 1 1.9 0 4.73</i>
                <i>1 0 0 0 1 0 0 0 1 1.9 0 4.73</i>
                <i>1 0 0 0 1 0 0 0 1 1.9 0 4.73</i>
                <i>1 0 0 0 1 0 0 0 1 1.9 0 4.73</i>
                <i>1 0 0 0 1 0 0 0 1 1.9 0 4.73</i>
                <i>1 0 0 0 1 0 0 0 1 1.9 0 4.73</i>
                <i>1 0 0 0 1 0 0 0 1 1.9 0 4.73</i>
                <i>1 0 0 0 1 0 0 0 1 1.9 0 4.73</i>
                <i>1 0 0 0 1 0 0 0 1 1.9 0 4.73</i>
                <i>1 0 0 0 1 0 0 0 1 1.9 0 4.73</i>
                <i>1 0 0 0 1 0 0 0 1 1.9 0 4.73</i>
                <i>1 0 0 0 1 0 0 0 1 1.9 0 4.73</i>
                <i>1 0 0 0 1 0 0 0 1 1.9 0 4.73</i>
                <i>1 0 0 0 1 0 0 0 1 1.9 0 4.73</i>
                <i>1 0 0 0 1 0 0 0 1 1.9 0 4.73</i>
                <i>1 0 0 0 1 0 0 0 1 1.9 0 4.73</i>
            </KeyFrames>
        </RefFrame>
        <Bones count="23">
            <i>
                <p>
                    <Name><![CDATA[pelvis]]></Name>
                    <Exclude>0</Exclude>
                    <Additive>0</Additive>
                    <IKPriority>0</IKPriority>
                    <IKRotLimits>-1e+010 -1e+010 -1e+010 1e+010 1e+010 1e+010</IKRotLimits>
                    <IKRotLimitOrder>2</IKRotLimitOrder>
                    <KeyFrames count="61">
                        <i>1 0 0 0 1 0 0 0 1 0.59 32.32 6.85</i>
                        <i>1 0 0 0 1 0 0 0 1 0.59 32.32 6.85</i>
                        <i>1 0 0 0 1 0 0 0 1 0.59 32.32 6.85</i>
                        <i>1 0 0 0 1 0 0 0 1 0.59 32.32 6.85</i>
                        <i>1 0 0 0 1 0 0 0 1 0.59 32.32 6.85</i>
                        <i>1 0 0 0 1 0 0 0 1 0.59 32.32 6.85</i>
                        <i>1 0 0 0 1 0 0 0 1 0.59 32.32 6.85</i>
                        <i>1 0 0 0 1 0 0 0 1 0.59 32.32 6.85</i>
                        <i>1 0 0 0 1 0 0 0 1 0.59 32.32 6.85</i>
                        <i>1 0 0 0 1 0 0 0 1 0.59 32.32 6.85</i>
                        <i>1 0 0 0 1 0 0 0 1 0.59 32.32 6.85</i>
                        <i>1 0 0 0 1 0 0 0 1 0.59 32.32 6.85</i>
                        <i>1 0 0 0 1 0 0 0 1 0.59 32.32 6.85</i>
                        <i>1 0 0 0 1 0 0 0 1 0.59 32.32 6.85</i>
                        <i>1 0 0 0 1 0 0 0 1 0.59 32.32 6.85</i>
                        <i>1 0 0 0 1 0 0 0 1 0.59 32.32 6.85</i>
                        <i>1 0 0 0 1 0 0 0 1 0.59 32.32 6.85</i>
                        <i>1 0 0 0 1 0 0 0 1 0.59 32.32 6.85</i>
                        <i>1 0 0 0 1 0 0 0 1 0.59 32.32 6.85</i>
                        <i>1 0 0 0 1 0 0 0 1 0.59 32.32 6.85</i>
                        <i>1 0 0 0 1 0 0 0 1 0.59 32.32 6.85</i>
                        <i>1 0 0 0 1 0 0 0 1 0.59 32.32 6.85</i>
                        <i>1 0 0 0 1 0 0 0 1 0.59 32.32 6.85</i>
                        <i>1 0 0 0 1 0 0 0 1 0.59 32.32 6.85</i>
                        <i>1 0 0 0 1 0 0 0 1 0.59 32.32 6.85</i>
                        <i>1 0 0 0 1 0 0 0 1 0.59 32.32 6.85</i>
                        <i>1 0 0 0 1 0 0 0 1 0.59 32.32 6.85</i>
                        <i>1 0 0 0 1 0 0 0 1 0.59 32.32 6.85</i>
                        <i>1 0 0 0 1 0 0 0 1 0.59 32.32 6.85</i>
                        <i>1 0 0 0 1 0 0 0 1 0.59 32.32 6.85</i>
                        <i>1 0 0 0 1 0 0 0 1 0.59 32.32 6.85</i>
                        <i>1 0 0 0 1 0 0 0 1 0.59 32.32 6.85</i>
                        <i>1 0 0 0 1 0 0 0 1 0.59 32.32 6.85</i>
                        <i>1 0 0 0 1 0 0 0 1 0.59 32.32 6.85</i>
                        <i>1 0 0 0 1 0 0 0 1 0.59 32.32 6.85</i>
                        <i>1 0 0 0 1 0 0 0 1 0.59 32.32 6.85</i>
                        <i>1 0 0 0 1 0 0 0 1 0.59 32.32 6.85</i>
                        <i>1 0 0 0 1 0 0 0 1 0.59 32.32 6.85</i>
                        <i>1 0 0 0 1 0 0 0 1 0.59 32.32 6.85</i>
                        <i>1 0 0 0 1 0 0 0 1 0.59 32.32 6.85</i>
                        <i>1 0 0 0 1 0 0 0 1 0.59 32.32 6.85</i>
                        <i>1 0 0 0 1 0 0 0 1 0.59 32.32 6.85</i>
                        <i>1 0 0 0 1 0 0 0 1 0.59 32.32 6.85</i>
                        <i>1 0 0 0 1 0 0 0 1 0.59 32.32 6.85</i>
                        <i>1 0 0 0 1 0 0 0 1 0.59 32.32 6.85</i>
                        <i>1 0 0 0 1 0 0 0 1 0.59 32.32 6.85</i>
                        <i>1 0 0 0 1 0 0 0 1 0.59 32.32 6.85</i>
                        <i>1 0 0 0 1 0 0 0 1 0.59 32.32 6.85</i>
                        <i>1 0 0 0 1 0 0 0 1 0.59 32.32 6.85</i>
                        <i>1 0 0 0 1 0 0 0 1 0.59 32.32 6.85</i>
                        <i>1 0 0 0 1 0 0 0 1 0.59 32.32 6.85</i>
                        <i>1 0 0 0 1 0 0 0 1 0.59 32.32 6.85</i>
                        <i>1 0 0 0 1 0 0 0 1 0.59 32.32 6.85</i>
                        <i>1 0 0 0 1 0 0 0 1 0.59 32.32 6.85</i>
                        <i>1 0 0 0 1 0 0 0 1 0.59 32.32 6.85</i>
                        <i>1 0 0 0 1 0 0 0 1 0.59 32.32 6.85</i>
                        <i>1 0 0 0 1 0 0 0 1 0.59 32.32 6.85</i>
                        <i>1 0 0 0 1 0 0 0 1 0.59 32.32 6.85</i>
                        <i>1 0 0 0 1 0 0 0 1 0.59 32.32 6.85</i>
                        <i>1 0 0 0 1 0 0 0 1 0.59 32.32 6.85</i>
                        <i>1 0 0 0 1 0 0 0 1 0.59 32.32 6.85</i>
                    </KeyFrames>
                </p>
            </i>
            <i>
                <p>
                    <Name><![CDATA[spine0]]></Name>
                    <Exclude>0</Exclude>
                    <Additive>0</Additive>
                    <IKPriority>0</IKPriority>
                    <IKRotLimits>-1e+010 -1e+010 -1e+010 1e+010 1e+010 1e+010</IKRotLimits>
                    <IKRotLimitOrder>0</IKRotLimitOrder>
                    <KeyFrames count="61">
                        <i>0.0889428 0.995482 0.0332515 -0.996015 0.0886715 0.00954924 0.00655763 -0.0339683 0.999401 0.58111 32.4381 6.76836</i>
                        <i>0.0889148 0.995572 0.0305188 -0.996016 0.0886617 0.00955194 0.0068038 -0.0312465 0.999489 0.58111 32.4381 6.76836</i>
                        <i>0.0888838 0.995652 0.0278799 -0.996017 0.0886488 0.00955549 0.00704242 -0.0286182 0.999566 0.58111 32.4381 6.76836</i>
                        <i>0.0888503 0.995722 0.0253443 -0.996018 0.0886334 0.00955975 0.00727251 -0.0260928 0.999633 0.58111 32.4381 6.76836</i>
                        <i>0.0888148 0.995784 0.0229206 -0.99602 0.0886157 0.00956463 0.00749318 -0.0236789 0.999692 0.58111 32.4381 6.76836</i>
                        <i>0.088778 0.995838 0.020617 -0.996022 0.0885963 0.00956999 0.00770357 -0.0213845 0.999742 0.58111 32.4381 6.76836</i>
                        <i>0.0887405 0.995884 0.0184414 -0.996023 0.0885756 0.00957569 0.00790282 -0.0192178 0.999784 0.58111 32.4381 6.76836</i>
                        <i>0.0887029 0.995923 0.0164018 -0.996025 0.0885542 0.00958162 0.0080901 -0.0171866 0.99982 0.58111 32.4381 6.76836</i>
                        <i>0.0886657 0.995956 0.0145062 -0.996027 0.0885324 0.00958762 0.00826458 -0.0152987 0.999849 0.58111 32.4381 6.76836</i>
                        <i>0.0886297 0.995983 0.0127629 -0.996029 0.0885108 0.00959358 0.00842538 -0.0135625 0.999873 0.58111 32.4381 6.76836</i>
                        <i>0.0885954 0.996005 0.0111805 -0.996031 0.08849 0.00959933 0.00857162 -0.0119866 0.999891 0.58111 32.4381 6.76836</i>
                        <i>0.0885636 0.996023 0.00976845 -0.996032 0.0884703 0.00960476 0.00870234 -0.0105803 0.999906 0.58111 32.4381 6.76836</i>
                        <i>0.088535 0.996036 0.00853665 -0.996034 0.0884524 0.00960971 0.00881653 -0.00935359 0.999917 0.58111 32.4381 6.76836</i>
                        <i>0.08851 0.996047 0.00749612 -0.996035 0.0884366 0.00961405 0.00891312 -0.00831734 0.999926 0.58111 32.4381 6.76836</i>
                        <i>0.0884895 0.996055 0.00665899 -0.996037 0.0884236 0.00961765 0.0089909 -0.00748366 0.999932 0.58111 32.4381 6.76836</i>
                        <i>0.0884741 0.99606 0.00603888 -0.996037 0.0884137 0.00962038 0.00904856 -0.0068661 0.999936 0.58111 32.4381 6.76836</i>
                        <i>0.0884643 0.996063 0.00565102 -0.996038 0.0884074 0.00962212 0.00908465 -0.00647984 0.999938 0.58111 32.4381 6.76836</i>
                        <i>0.0884608 0.996064 0.00551287 -0.996038 0.0884052 0.00962274 0.00909751 -0.00634227 0.999938 0.58111 32.4381 6.76836</i>
                        <i>0.0884641 0.996063 0.00564432 -0.996038 0.0884073 0.00962215 0.00908527 -0.00647317 0.999938 0.58111 32.4381 6.76836</i>
                        <i>0.0884748 0.99606 0.0060684 -0.996037 0.0884142 0.00962026 0.00904582 -0.0068955 0.999935 0.58111 32.4381 6.76836</i>
                        <i>0.0884935 0.996053 0.0068207 -0.996036 0.0884261 0.00961695 0.00897587 -0.0076447 0.999931 0.58111 32.4381 6.76836</i>
                        <i>0.0885198 0.996043 0.00790188 -0.996035 0.0884428 0.00961234 0.00887544 -0.00872144 0.999923 0.58111 32.4381 6.76836</i>
                        <i>0.0885525 0.996028 0.00928577 -0.996033 0.0884634 0.00960667 0.00874707 -0.0100996 0.999911 0.58111 32.4381 6.76836</i>
                        <i>0.0885902 0.996008 0.0109464 -0.996031 0.0884868 0.00960021 0.00859328 -0.0117534 0.999894 0.58111 32.4381 6.76836</i>
                        <i>0.0886317 0.995981 0.0128576 -0.996029 0.088512 0.00959324 0.00841663 -0.0136569 0.999871 0.58111 32.4381 6.76836</i>
                        <i>0.0886754 0.995948 0.0149934 -0.996027 0.0885381 0.00958604 0.00821971 -0.0157838 0.999842 0.58111 32.4381 6.76836</i>
                        <i>0.0887202 0.995906 0.0173271 -0.996024 0.0885641 0.00957886 0.00800508 -0.0181081 0.999804 0.58111 32.4381 6.76836</i>
                        <i>0.0887648 0.995855 0.0198321 -0.996022 0.0885891 0.00957197 0.00777539 -0.0206029 0.999758 0.58111 32.4381 6.76836</i>
                        <i>0.0888081 0.995795 0.0224809 -0.99602 0.0886122 0.0095656 0.00753329 -0.0232409 0.999701 0.58111 32.4381 6.76836</i>
                        <i>0.0888489 0.995725 0.0252457 -0.996019 0.0886327 0.00955993 0.00728147 -0.0259946 0.999636 0.58111 32.4381 6.76836</i>
                        <i>0.0888865 0.995645 0.0280981 -0.996017 0.08865 0.00955516 0.00702266 -0.0288355 0.99956 0.58111 32.4381 6.76836</i>
                        <i>0.0889201 0.995556 0.0310091 -0.996016 0.0886637 0.00955138 0.00675955 -0.0317349 0.999473 0.58111 32.4381 6.76836</i>
                        <i>0.0889492 0.995457 0.0339492 -0.996015 0.0886734 0.00954871 0.00649494 -0.0346633 0.999378 0.58111 32.4381 6.76836</i>
                        <i>0.0889735 0.995351 0.0368885 -0.996014 0.088679 0.00954716 0.00623154 -0.0375909 0.999274 0.58111 32.4381 6.76836</i>
                        <i>0.0889927 0.995237 0.0397965 -0.996014 0.0886805 0.00954674 0.00597209 -0.0404875 0.999162 0.58111 32.4381 6.76836</i>
                        <i>0.089007 0.995118 0.0426425 -0.996015 0.0886781 0.00954741 0.00571934 -0.0433223 0.999045 0.58111 32.4381 6.76836</i>
                        <i>0.0890165 0.994995 0.0453953 -0.996015 0.0886721 0.00954906 0.00547597 -0.0460644 0.998923 0.58111 32.4381 6.76836</i>
                        <i>0.0890217 0.994871 0.0480237 -0.996016 0.0886631 0.00955156 0.00524464 -0.0486826 0.998801 0.58111 32.4381 6.76836</i>
                        <i>0.0890231 0.994749 0.0504962 -0.996017 0.0886516 0.00955473 0.00502798 -0.0511457 0.998679 0.58111 32.4381 6.76836</i>
                        <i>0.0890214 0.99463 0.0527814 -0.996018 0.0886384 0.00955837 0.00482859 -0.0534221 0.99856 0.58111 32.4381 6.76836</i>
                        <i>0.0890174 0.994519 0.0548477 -0.996019 0.0886243 0.00956225 0.00464901 -0.0554805 0.998449 0.58111 32.4381 6.76836</i>
                        <i>0.0890119 0.994417 0.0566636 -0.99602 0.0886103 0.00956613 0.00449175 -0.0572896 0.998348 0.58111 32.4381 6.76836</i>
                        <i>0.0890058 0.994329 0.0581978 -0.996022 0.0885972 0.00956974 0.00435931 -0.058818 0.998259 0.58111 32.4381 6.76836</i>
                        <i>0.0890001 0.994258 0.0594191 -0.996023 0.088586 0.00957283 0.00425417 -0.0600347 0.998187 0.58111 32.4381 6.76836</i>
                        <i>0.0889955 0.994205 0.0602963 -0.996023 0.0885775 0.00957518 0.0041788 -0.0609086 0.998135 0.58111 32.4381 6.76836</i>
                        <i>0.0889929 0.994178 0.0607551 -0.996024 0.0885729 0.00957644 0.00413943 -0.0613657 0.998107 0.58111 32.4381 6.76836</i>
                        <i>0.0889928 0.994177 0.0607735 -0.996024 0.0885727 0.00957649 0.00413785 -0.0613841 0.998106 0.58111 32.4381 6.76836</i>
                        <i>0.0889949 0.994199 0.0603949 -0.996023 0.0885765 0.00957544 0.00417033 -0.0610069 0.998129 0.58111 32.4381 6.76836</i>
                        <i>0.0889989 0.994244 0.0596577 -0.996023 0.0885837 0.00957346 0.00423364 -0.0602725 0.998173 0.58111 32.4381 6.76836</i>
                        <i>0.0890041 0.994306 0.0585962 -0.996022 0.0885936 0.00957072 0.00432498 -0.059215 0.998236 0.58111 32.4381 6.76836</i>
                        <i>0.0890098 0.994385 0.0572415 -0.996021 0.0886055 0.00956745 0.00444181 -0.0578654 0.998314 0.58111 32.4381 6.76836</i>
                        <i>0.0890152 0.994476 0.0556222 -0.99602 0.0886185 0.00956385 0.00458187 -0.0562522 0.998406 0.58111 32.4381 6.76836</i>
                        <i>0.0890198 0.994578 0.0537648 -0.996019 0.0886319 0.00956015 0.00474303 -0.0544018 0.998508 0.58111 32.4381 6.76836</i>
                        <i>0.0890226 0.994687 0.0516945 -0.996017 0.0886449 0.00955656 0.00492333 -0.0523393 0.998617 0.58111 32.4381 6.76836</i>
                        <i>0.0890229 0.994802 0.0494353 -0.996016 0.0886569 0.00955327 0.00512084 -0.0500888 0.998732 0.58111 32.4381 6.76836</i>
                        <i>0.0890202 0.99492 0.0470107 -0.996016 0.0886669 0.00955049 0.00533368 -0.0476735 0.998849 0.58111 32.4381 6.76836</i>
                        <i>0.0890137 0.995038 0.0444441 -0.996015 0.0886746 0.00954837 0.00555993 -0.045117 0.998966 0.58111 32.4381 6.76836</i>
                        <i>0.089003 0.995156 0.0417594 -0.996014 0.0886792 0.00954709 0.00579765 -0.0424427 0.999082 0.58111 32.4381 6.76836</i>
                        <i>0.0889878 0.99527 0.0389811 -0.996014 0.0886805 0.00954675 0.00604473 -0.0396752 0.999194 0.58111 32.4381 6.76836</i>
                        <i>0.0889677 0.995379 0.0361355 -0.996015 0.0886779 0.00954745 0.00629891 -0.0368409 0.999301 0.58111 32.4381 6.76836</i>
                        <i>0.0889428 0.995482 0.0332515 -0.996015 0.0886715 0.00954924 0.00655763 -0.0339683 0.999401 0.58111 32.4381 6.76836</i>
                    </KeyFrames>
                </p>
            </i>
            <i>
                <p>
                    <Name><![CDATA[spine1]]></Name>
                    <Exclude>0</Exclude>
                    <Additive>0</Additive>
                    <IKPriority>0</IKPriority>
                    <IKRotLimits>-1e+010 -1e+010 -1e+010 1e+010 1e+010 1e+010</IKRotLimits>
                    <IKRotLimitOrder>0</IKRotLimitOrder>
                    <KeyFrames count="61">
                        <i>0.174023 0.884094 0.433698 -0.980449 0.196632 -0.00742466 -0.0918428 -0.423927 0.901028 0.597924 32.6263 6.77454</i>
                        <i>0.174035 0.884457 0.432952 -0.980544 0.196189 -0.00663251 -0.0908067 -0.423374 0.901392 0.597928 32.6264 6.77403</i>
                        <i>0.174047 0.884812 0.432222 -0.980634 0.195762 -0.00586722 -0.0898038 -0.42283 0.901748 0.59793 32.6265 6.77353</i>
                        <i>0.174057 0.885157 0.43151 -0.98072 0.19535 -0.00513141 -0.0888378 -0.422298 0.902093 0.597932 32.6266 6.77305</i>
                        <i>0.174067 0.885491 0.430821 -0.980802 0.194957 -0.00442749 -0.0879121 -0.42178 0.902426 0.597933 32.6268 6.7726</i>
                        <i>0.174076 0.885812 0.430158 -0.980879 0.194583 -0.0037578 -0.0870299 -0.421278 0.902746 0.597934 32.6268 6.77216</i>
                        <i>0.174083 0.886118 0.429523 -0.980951 0.194229 -0.00312464 -0.0861945 -0.420797 0.90305 0.597934 32.6269 6.77175</i>
                        <i>0.17409 0.886408 0.428921 -0.981019 0.193896 -0.00253036 -0.0854092 -0.420339 0.903338 0.597934 32.627 6.77136</i>
                        <i>0.174097 0.88668 0.428355 -0.981081 0.193587 -0.00197734 -0.0846773 -0.419907 0.903608 0.597934 32.6271 6.77101</i>
                        <i>0.174102 0.886933 0.427829 -0.981138 0.193302 -0.0014681 -0.0840025 -0.419504 0.903858 0.597933 32.6272 6.77067</i>
                        <i>0.174107 0.887165 0.427347 -0.98119 0.193043 -0.0010053 -0.0833884 -0.419133 0.904087 0.597932 32.6273 6.77037</i>
                        <i>0.174111 0.887373 0.426913 -0.981236 0.192812 -0.000591795 -0.0828391 -0.418799 0.904293 0.597932 32.6273 6.77011</i>
                        <i>0.174114 0.887556 0.426531 -0.981275 0.19261 -0.000230673 -0.0823589 -0.418504 0.904473 0.597931 32.6274 6.76987</i>
                        <i>0.174117 0.887711 0.426206 -0.981309 0.192439 7.46921e-005 -0.0819525 -0.418253 0.904626 0.59793 32.6274 6.76968</i>
                        <i>0.174119 0.887837 0.425943 -0.981336 0.192302 0.000320577 -0.081625 -0.418049 0.90475 0.597929 32.6274 6.76952</i>
                        <i>0.17412 0.887931 0.425748 -0.981356 0.1922 0.000502854 -0.0813821 -0.417898 0.904842 0.597929 32.6275 6.7694</i>
                        <i>0.174121 0.887989 0.425625 -0.981368 0.192136 0.000616912 -0.0812301 -0.417803 0.904899 0.597928 32.6275 6.76932</i>
                        <i>0.174122 0.88801 0.425582 -0.981373 0.192113 0.000657551 -0.0811759 -0.417769 0.90492 0.597928 32.6275 6.7693</i>
                        <i>0.174121 0.88799 0.425623 -0.981368 0.192135 0.000618881 -0.0812274 -0.417801 0.9049 0.597928 32.6275 6.76932</i>
                        <i>0.17412 0.887926 0.425757 -0.981355 0.192205 0.000494166 -0.0813937 -0.417905 0.904837 0.597929 32.6275 6.7694</i>
                        <i>0.174118 0.887813 0.425994 -0.981331 0.192328 0.00027307 -0.0816883 -0.418089 0.904726 0.597929 32.6274 6.76955</i>
                        <i>0.174116 0.887651 0.426333 -0.981296 0.192506 -4.44243e-005 -0.0821111 -0.418351 0.904566 0.59793 32.6274 6.76975</i>
                        <i>0.174112 0.887445 0.426763 -0.981251 0.192733 -0.000450343 -0.0826511 -0.418684 0.904363 0.597931 32.6273 6.77002</i>
                        <i>0.174107 0.887199 0.427275 -0.981197 0.193005 -0.000936763 -0.0832974 -0.419078 0.904121 0.597932 32.6273 6.77033</i>
                        <i>0.174102 0.886919 0.427858 -0.981135 0.193318 -0.00149579 -0.0840392 -0.419526 0.903845 0.597933 32.6272 6.77069</i>
                        <i>0.174095 0.88661 0.428501 -0.981065 0.193667 -0.00211952 -0.0848656 -0.420019 0.903539 0.597934 32.6271 6.7711</i>
                        <i>0.174087 0.886276 0.429195 -0.980988 0.194047 -0.00280006 -0.0857657 -0.420548 0.903207 0.597934 32.627 6.77154</i>
                        <i>0.174079 0.885922 0.42993 -0.980905 0.194455 -0.00352946 -0.0867288 -0.421106 0.902855 0.597934 32.6269 6.77201</i>
                        <i>0.174069 0.885552 0.430695 -0.980817 0.194886 -0.00429972 -0.0877439 -0.421685 0.902487 0.597933 32.6268 6.77251</i>
                        <i>0.174058 0.88517 0.431483 -0.980724 0.195334 -0.00510278 -0.0888002 -0.422277 0.902107 0.597932 32.6267 6.77304</i>
                        <i>0.174046 0.884782 0.432283 -0.980626 0.195797 -0.00593051 -0.0898868 -0.422876 0.901719 0.59793 32.6265 6.77357</i>
                        <i>0.174033 0.884391 0.433087 -0.980527 0.196268 -0.00677466 -0.0909927 -0.423474 0.901327 0.597927 32.6264 6.77412</i>
                        <i>0.17402 0.884002 0.433887 -0.980425 0.196744 -0.00762689 -0.092107 -0.424066 0.900935 0.597924 32.6263 6.77467</i>
                        <i>0.174006 0.883617 0.434675 -0.980323 0.19722 -0.00847872 -0.0932186 -0.424647 0.900547 0.597919 32.6262 6.77523</i>
                        <i>0.173991 0.883242 0.435444 -0.98022 0.197691 -0.00932156 -0.0943164 -0.425209 0.900168 0.597914 32.6261 6.77577</i>
                        <i>0.173976 0.882878 0.436186 -0.980119 0.198151 -0.0101467 -0.0953891 -0.425749 0.899799 0.597909 32.6259 6.77631</i>
                        <i>0.173961 0.882531 0.436895 -0.98002 0.198597 -0.0109453 -0.0964255 -0.426262 0.899446 0.597903 32.6258 6.77682</i>
                        <i>0.173947 0.882202 0.437563 -0.979925 0.199022 -0.0117085 -0.0974141 -0.426742 0.899111 0.597897 32.6257 6.77732</i>
                        <i>0.173933 0.881896 0.438185 -0.979835 0.199423 -0.012427 -0.0983436 -0.427187 0.898799 0.597891 32.6256 6.77778</i>
                        <i>0.173919 0.881616 0.438754 -0.97975 0.199794 -0.0130918 -0.0992023 -0.427592 0.898512 0.597885 32.6256 6.77821</i>
                        <i>0.173907 0.881365 0.439264 -0.979674 0.200129 -0.0136936 -0.0999787 -0.427954 0.898254 0.597879 32.6255 6.77859</i>
                        <i>0.173896 0.881145 0.439708 -0.979606 0.200425 -0.0142231 -0.100661 -0.428267 0.898028 0.597873 32.6254 6.77893</i>
                        <i>0.173886 0.880961 0.440081 -0.979548 0.200674 -0.0146709 -0.101237 -0.42853 0.897838 0.597868 32.6253 6.77922</i>
                        <i>0.173878 0.880815 0.440377 -0.979502 0.200873 -0.0150277 -0.101696 -0.428737 0.897687 0.597864 32.6253 6.77945</i>
                        <i>0.173873 0.88071 0.440588 -0.979469 0.201016 -0.0152842 -0.102026 -0.428885 0.897579 0.597861 32.6253 6.77961</i>
                        <i>0.17387 0.880656 0.440698 -0.979451 0.201091 -0.0154184 -0.102199 -0.428962 0.897523 0.59786 32.6252 6.7797</i>
                        <i>0.173869 0.880654 0.440703 -0.979451 0.201094 -0.0154237 -0.102206 -0.428965 0.897521 0.59786 32.6252 6.7797</i>
                        <i>0.173872 0.880698 0.440612 -0.979465 0.201032 -0.015313 -0.102063 -0.428901 0.897567 0.597861 32.6253 6.77963</i>
                        <i>0.173877 0.880786 0.440434 -0.979493 0.200912 -0.0150974 -0.101786 -0.428777 0.897658 0.597863 32.6253 6.77949</i>
                        <i>0.173883 0.880913 0.440178 -0.979533 0.200739 -0.0147873 -0.101387 -0.428598 0.897789 0.597867 32.6253 6.77929</i>
                        <i>0.173892 0.881076 0.439849 -0.979584 0.200519 -0.0143917 -0.100878 -0.428367 0.897956 0.597871 32.6254 6.77904</i>
                        <i>0.173902 0.881271 0.439454 -0.979645 0.200255 -0.0139194 -0.10027 -0.428088 0.898157 0.597876 32.6254 6.77874</i>
                        <i>0.173913 0.881496 0.438997 -0.979714 0.199954 -0.0133782 -0.0995719 -0.427765 0.898389 0.597882 32.6255 6.77839</i>
                        <i>0.173926 0.881749 0.438484 -0.979791 0.199618 -0.0127755 -0.0987939 -0.4274 0.898648 0.597888 32.6256 6.778</i>
                        <i>0.173939 0.882027 0.437919 -0.979874 0.199251 -0.0121186 -0.0979448 -0.426997 0.898933 0.597894 32.6257 6.77758</i>
                        <i>0.173953 0.882329 0.437306 -0.979962 0.198858 -0.0114143 -0.0970332 -0.426558 0.89924 0.5979 32.6258 6.77713</i>
                        <i>0.173967 0.88265 0.436651 -0.980054 0.198443 -0.0106693 -0.0960675 -0.426085 0.899568 0.597905 32.6259 6.77665</i>
                        <i>0.173981 0.882991 0.435957 -0.98015 0.198008 -0.00989063 -0.0950564 -0.425582 0.899913 0.597911 32.626 6.77614</i>
                        <i>0.173995 0.883346 0.435229 -0.980249 0.197559 -0.00908519 -0.0940087 -0.425052 0.900274 0.597916 32.6261 6.77562</i>
                        <i>0.174009 0.883715 0.434474 -0.980349 0.197098 -0.00826048 -0.092934 -0.424499 0.900646 0.59792 32.6262 6.77509</i>
                        <i>0.174023 0.884094 0.433698 -0.980449 0.196632 -0.00742466 -0.0918428 -0.423927 0.901028 0.597924 32.6263 6.77454</i>
                    </KeyFrames>
                </p>
            </i>
            <i>
                <p>
                    <Name><![CDATA[spine2]]></Name>
                    <Exclude>0</Exclude>
                    <Additive>0</Additive>
                    <IKPriority>0</IKPriority>
                    <IKRotLimits>-1e+010 -1e+010 -1e+010 1e+010 1e+010 1e+010</IKRotLimits>
                    <IKRotLimitOrder>0</IKRotLimitOrder>
                    <KeyFrames count="61">
                        <i>0.0871856 0.841919 0.532514 -0.993543 0.112448 -0.0151159 -0.0726065 -0.527758 0.846286 0.628114 32.7798 6.85022</i>
                        <i>0.0869812 0.839368 0.536559 -0.993589 0.112138 -0.0143542 -0.0722173 -0.53187 0.843741 0.628135 32.7801 6.84961</i>
                        <i>0.0867852 0.836879 0.540464 -0.993633 0.111836 -0.0136186 -0.0718404 -0.535842 0.841257 0.628156 32.7803 6.84903</i>
                        <i>0.0865981 0.834463 0.544218 -0.993676 0.111542 -0.0129116 -0.0714771 -0.539658 0.838845 0.628175 32.7806 6.84846</i>
                        <i>0.0864206 0.83213 0.547806 -0.993716 0.111257 -0.0122355 -0.0711288 -0.543307 0.836516 0.628193 32.7808 6.84792</i>
                        <i>0.086253 0.829891 0.551219 -0.993755 0.110984 -0.0115924 -0.0707966 -0.546776 0.83428 0.628211 32.781 6.84741</i>
                        <i>0.0860955 0.827757 0.554442 -0.993791 0.110722 -0.0109846 -0.0704818 -0.550054 0.83215 0.628226 32.7812 6.84692</i>
                        <i>0.0859488 0.825739 0.557466 -0.993824 0.110475 -0.0104143 -0.0701857 -0.553128 0.830134 0.628241 32.7814 6.84646</i>
                        <i>0.0858131 0.823847 0.560278 -0.993856 0.110243 -0.00988381 -0.0699096 -0.555987 0.828245 0.628255 32.7816 6.84603</i>
                        <i>0.0856889 0.822095 0.562866 -0.993884 0.110028 -0.00939544 -0.0696548 -0.558618 0.826495 0.628267 32.7818 6.84564</i>
                        <i>0.0855767 0.820492 0.565216 -0.99391 0.109831 -0.00895176 -0.0694229 -0.561008 0.824894 0.628278 32.7819 6.84528</i>
                        <i>0.085477 0.819053 0.567314 -0.993933 0.109653 -0.00855543 -0.0692153 -0.563141 0.823457 0.628288 32.7821 6.84496</i>
                        <i>0.0853903 0.817791 0.569146 -0.993953 0.109498 -0.00820941 -0.0690338 -0.565003 0.822195 0.628296 32.7822 6.84468</i>
                        <i>0.0853172 0.816719 0.570694 -0.99397 0.109366 -0.00791687 -0.0688801 -0.566577 0.821125 0.628304 32.7823 6.84445</i>
                        <i>0.0852587 0.815853 0.57194 -0.993984 0.109259 -0.00768136 -0.0687562 -0.567844 0.82026 0.628309 32.7824 6.84426</i>
                        <i>0.0852153 0.815209 0.572863 -0.993994 0.109179 -0.0075068 -0.0686643 -0.568783 0.819617 0.628313 32.7825 6.84412</i>
                        <i>0.0851883 0.814806 0.573441 -0.994 0.109129 -0.00739757 -0.0686068 -0.56937 0.819214 0.628316 32.7825 6.84403</i>
                        <i>0.0851787 0.814662 0.573646 -0.994002 0.109112 -0.00735866 -0.0685863 -0.569579 0.81907 0.628317 32.7825 6.844</i>
                        <i>0.0851878 0.814799 0.573451 -0.994 0.109128 -0.00739569 -0.0686058 -0.56938 0.819207 0.628316 32.7825 6.84403</i>
                        <i>0.0852174 0.81524 0.572819 -0.993993 0.109183 -0.00751511 -0.0686687 -0.568738 0.819647 0.628313 32.7825 6.84412</i>
                        <i>0.0852699 0.81602 0.571699 -0.993981 0.109279 -0.00772686 -0.0687802 -0.567599 0.820427 0.628308 32.7824 6.84429</i>
                        <i>0.0853457 0.817137 0.57009 -0.993963 0.109417 -0.00803098 -0.0689401 -0.565963 0.821543 0.628301 32.7823 6.84454</i>
                        <i>0.085443 0.818559 0.568032 -0.993941 0.109593 -0.00841987 -0.0691443 -0.563871 0.822963 0.628291 32.7821 6.84485</i>
                        <i>0.0855602 0.820254 0.565564 -0.993914 0.109801 -0.00888607 -0.0693885 -0.561361 0.824657 0.62828 32.782 6.84523</i>
                        <i>0.0856957 0.82219 0.562725 -0.993883 0.11004 -0.009422 -0.0696687 -0.558475 0.82659 0.628266 32.7818 6.84566</i>
                        <i>0.0858479 0.824335 0.559555 -0.993847 0.110303 -0.0100202 -0.0699806 -0.555253 0.828732 0.628251 32.7816 6.84614</i>
                        <i>0.0860153 0.826656 0.556094 -0.993809 0.110588 -0.0106731 -0.0703201 -0.551733 0.831051 0.628235 32.7813 6.84667</i>
                        <i>0.086196 0.829123 0.552381 -0.993768 0.11089 -0.0113732 -0.0706831 -0.547958 0.833514 0.628216 32.7811 6.84723</i>
                        <i>0.0863885 0.831704 0.548458 -0.993724 0.111205 -0.0121127 -0.0710655 -0.543969 0.836091 0.628197 32.7808 6.84782</i>
                        <i>0.0865909 0.834368 0.544364 -0.993678 0.11153 -0.0128841 -0.071463 -0.539806 0.83875 0.628176 32.7806 6.84844</i>
                        <i>0.0868013 0.837086 0.540141 -0.99363 0.111861 -0.0136795 -0.0718716 -0.535513 0.841463 0.628154 32.7803 6.84907</i>
                        <i>0.0870177 0.839828 0.535833 -0.993581 0.112194 -0.0144909 -0.0722872 -0.531132 0.8442 0.628132 32.78 6.84972</i>
                        <i>0.0872381 0.842566 0.531482 -0.993531 0.112526 -0.0153103 -0.0727057 -0.526708 0.846931 0.628108 32.7798 6.85037</i>
                        <i>0.0874601 0.845271 0.527131 -0.993481 0.112854 -0.0161296 -0.0731228 -0.522284 0.849631 0.628085 32.7795 6.85102</i>
                        <i>0.0876816 0.847919 0.522825 -0.993431 0.113174 -0.0169405 -0.0735346 -0.517905 0.852272 0.628061 32.7792 6.85166</i>
                        <i>0.0879003 0.850481 0.518609 -0.993382 0.113484 -0.0177346 -0.0739367 -0.513618 0.854827 0.628037 32.779 6.85228</i>
                        <i>0.0881133 0.852934 0.514529 -0.993334 0.11378 -0.0185033 -0.074325 -0.509469 0.857273 0.628014 32.7788 6.85289</i>
                        <i>0.0883184 0.855252 0.510631 -0.993288 0.114059 -0.0192379 -0.0746953 -0.505504 0.859585 0.627992 32.7785 6.85346</i>
                        <i>0.0885127 0.857412 0.506961 -0.993244 0.114319 -0.0199298 -0.0750432 -0.501772 0.861739 0.627971 32.7783 6.854</i>
                        <i>0.0886936 0.859392 0.503567 -0.993204 0.114557 -0.02057 -0.0753646 -0.49832 0.863712 0.62795 32.7781 6.8545</i>
                        <i>0.0888581 0.861167 0.500495 -0.993167 0.11477 -0.0211495 -0.0756551 -0.495195 0.865481 0.627932 32.778 6.85495</i>
                        <i>0.0890037 0.862717 0.497793 -0.993134 0.114956 -0.0216595 -0.0759103 -0.492447 0.867026 0.627916 32.7778 6.85535</i>
                        <i>0.0891272 0.864018 0.495508 -0.993107 0.115112 -0.0220908 -0.0761259 -0.490124 0.868322 0.627902 32.7777 6.85568</i>
                        <i>0.0892259 0.865049 0.493689 -0.993085 0.115236 -0.0224345 -0.0762975 -0.488273 0.869349 0.627891 32.7776 6.85595</i>
                        <i>0.0892971 0.865787 0.492381 -0.993069 0.115324 -0.0226815 -0.0764208 -0.486943 0.870084 0.627883 32.7775 6.85614</i>
                        <i>0.0893343 0.866172 0.491697 -0.993061 0.11537 -0.0228108 -0.0764853 -0.486247 0.870467 0.627879 32.7775 6.85624</i>
                        <i>0.0893358 0.866187 0.49167 -0.99306 0.115372 -0.022816 -0.0764878 -0.486219 0.870483 0.627879 32.7775 6.85624</i>
                        <i>0.089305 0.86587 0.492234 -0.993067 0.115334 -0.0227093 -0.0764346 -0.486794 0.870167 0.627882 32.7775 6.85616</i>
                        <i>0.0892451 0.86525 0.493333 -0.99308 0.11526 -0.0225017 -0.076331 -0.487911 0.869549 0.627889 32.7776 6.856</i>
                        <i>0.0891593 0.864355 0.494915 -0.9931 0.115152 -0.0222029 -0.0761819 -0.48952 0.868658 0.627899 32.7777 6.85577</i>
                        <i>0.0890501 0.863208 0.496932 -0.993124 0.115015 -0.0218219 -0.0759915 -0.491572 0.867515 0.627911 32.7778 6.85547</i>
                        <i>0.0889201 0.86183 0.499342 -0.993153 0.11485 -0.021367 -0.0757639 -0.494023 0.866141 0.627925 32.7779 6.85512</i>
                        <i>0.0887718 0.860239 0.502105 -0.993186 0.114658 -0.0208457 -0.0755029 -0.496833 0.864556 0.627942 32.7781 6.85471</i>
                        <i>0.0886074 0.858452 0.505181 -0.993223 0.114444 -0.0202654 -0.0752118 -0.499962 0.862775 0.62796 32.7782 6.85426</i>
                        <i>0.0884292 0.856488 0.508536 -0.993263 0.114208 -0.0196328 -0.074894 -0.503374 0.860817 0.62798 32.7784 6.85377</i>
                        <i>0.0882392 0.854361 0.512134 -0.993305 0.113952 -0.0189547 -0.0745526 -0.507033 0.858697 0.628001 32.7786 6.85324</i>
                        <i>0.0880395 0.852089 0.515939 -0.99335 0.113678 -0.0182376 -0.0741909 -0.510903 0.856431 0.628022 32.7788 6.85268</i>
                        <i>0.0878322 0.849689 0.519918 -0.993397 0.113388 -0.0174881 -0.073812 -0.514949 0.854037 0.628045 32.7791 6.85209</i>
                        <i>0.0876194 0.847179 0.524033 -0.993445 0.113085 -0.0167131 -0.0734192 -0.519133 0.851534 0.628068 32.7793 6.85148</i>
                        <i>0.0874031 0.844581 0.528246 -0.993493 0.112771 -0.0159197 -0.0730161 -0.523417 0.848942 0.628091 32.7796 6.85085</i>
                        <i>0.0871856 0.841919 0.532514 -0.993543 0.112448 -0.0151159 -0.0726065 -0.527758 0.846286 0.628114 32.7798 6.85022</i>
                    </KeyFrames>
                </p>
            </i>
            <i>
                <p>
                    <Name><![CDATA[head]]></Name>
                    <Exclude>0</Exclude>
                    <Additive>0</Additive>
                    <IKPriority>0</IKPriority>
                    <IKRotLimits>-1e+010 -1e+010 -1e+010 1e+010 1e+010 1e+010</IKRotLimits>
                    <IKRotLimitOrder>0</IKRotLimitOrder>
                    <KeyFrames count="61">
                        <i>0.0175797 0.920029 0.391455 -0.0134766 0.391698 -0.919995 -0.999755 0.0108978 0.0192848 0.64108 33.0165 6.97129</i>
                        <i>0.0172245 0.916697 0.399212 -0.0134571 0.399447 -0.916657 -0.999761 0.0104168 0.0192164 0.641035 33.0161 6.97229</i>
                        <i>0.0168802 0.913404 0.406703 -0.013441 0.406931 -0.91336 -0.999767 0.00995115 0.0191462 0.640991 33.0157 6.97326</i>
                        <i>0.0165479 0.910171 0.413902 -0.0134282 0.414123 -0.910122 -0.999773 0.00950264 0.0190749 0.640948 33.0153 6.97418</i>
                        <i>0.016229 0.907016 0.420784 -0.0134184 0.420999 -0.906962 -0.999778 0.00907286 0.0190031 0.640907 33.0149 6.97507</i>
                        <i>0.0159248 0.903956 0.427328 -0.0134113 0.427537 -0.903899 -0.999783 0.00866338 0.0189316 0.640868 33.0145 6.97592</i>
                        <i>0.0156363 0.901013 0.43351 -0.0134066 0.433713 -0.900952 -0.999788 0.00827572 0.0188612 0.640831 33.0141 6.97671</i>
                        <i>0.0153649 0.898205 0.439307 -0.0134039 0.439505 -0.89814 -0.999792 0.00791143 0.0187924 0.640796 33.0137 6.97746</i>
                        <i>0.0151118 0.895553 0.444698 -0.013403 0.44489 -0.895485 -0.999796 0.0075721 0.0187262 0.640764 33.0134 6.97816</i>
                        <i>0.0148782 0.893077 0.449657 -0.0134036 0.449845 -0.893006 -0.999799 0.00725934 0.0186633 0.640734 33.0131 6.9788</i>
                        <i>0.0146656 0.890799 0.454161 -0.0134052 0.454344 -0.890725 -0.999803 0.00697488 0.0186045 0.640706 33.0128 6.97938</i>
                        <i>0.0144753 0.888741 0.458182 -0.0134075 0.458361 -0.888665 -0.999805 0.00672059 0.0185507 0.640682 33.0126 6.9799</i>
                        <i>0.0143088 0.886926 0.461691 -0.0134103 0.461867 -0.886848 -0.999808 0.00649837 0.0185027 0.64066 33.0123 6.98035</i>
                        <i>0.0141679 0.885378 0.464656 -0.0134131 0.464829 -0.885299 -0.99981 0.00631039 0.0184613 0.640642 33.0121 6.98073</i>
                        <i>0.0140544 0.884124 0.467042 -0.0134158 0.467213 -0.884043 -0.999811 0.00615896 0.0184276 0.640628 33.012 6.98104</i>
                        <i>0.0139701 0.883189 0.46881 -0.0134179 0.468979 -0.883107 -0.999812 0.00604667 0.0184022 0.640617 33.0119 6.98127</i>
                        <i>0.0139174 0.882601 0.469916 -0.0134193 0.470084 -0.88252 -0.999813 0.00597641 0.0183863 0.64061 33.0118 6.98141</i>
                        <i>0.0138986 0.882392 0.47031 -0.0134199 0.470478 -0.88231 -0.999813 0.00595137 0.0183806 0.640608 33.0118 6.98146</i>
                        <i>0.0139165 0.882591 0.469935 -0.0134194 0.470103 -0.882509 -0.999813 0.00597521 0.018386 0.64061 33.0118 6.98141</i>
                        <i>0.0139742 0.883233 0.468726 -0.0134178 0.468895 -0.883152 -0.999812 0.00605203 0.0184035 0.640617 33.0119 6.98126</i>
                        <i>0.0250233 0.883025 0.468658 -0.0356418 0.469294 -0.882322 -0.999051 0.0053748 0.0432159 0.640631 33.012 6.98098</i>
                        <i>0.0553433 0.880634 0.470554 -0.0955085 0.473785 -0.875446 -0.993889 0.00350814 0.110329 0.640649 33.0122 6.98058</i>
                        <i>0.101088 0.875752 0.47206 -0.181931 0.482762 -0.856646 -0.978101 0.000713994 0.208128 0.640673 33.0125 6.98007</i>
                        <i>0.158022 0.868057 0.470644 -0.282624 0.496454 -0.820767 -0.946125 -0.00331601 0.323784 0.640702 33.0128 6.97946</i>
