<?xml version="1.0" encoding="ISO-8859-1" ?>
<Animl Version="1">
    <ModellingPackage><![CDATA[Maya.2010]]></ModellingPackage>
    <SrcFile><![CDATA[anims\turrets\machinegun\red\~src\mgun_pkp\mgun_pkp_fire_crewman_a.mb]]></SrcFile>
    <FramesPerSecond>30</FramesPerSecond>
    <TotalFrames>81</TotalFrames>
    <Skeleton>
        <RefFrame>
            <Name><![CDATA[soldier_ref_frame]]></Name>
            <Exclude>0</Exclude>
            <Additive>0</Additive>
            <IKPriority>0</IKPriority>
            <IKRotLimits>-1e+010 -1e+010 -1e+010 1e+010 1e+010 1e+010</IKRotLimits>
            <IKRotLimitOrder>0</IKRotLimitOrder>
            <KeyFrames count="81">
                <i>1 0 0 0 1 0 0 0 1 -0.171938 0.895124 -2.30126</i>
                <i>1 0 0 0 1 0 0 0 1 -0.171938 0.895124 -2.30126</i>
                <i>1 0 0 0 1 0 0 0 1 -0.171938 0.895124 -2.30126</i>
                <i>1 0 0 0 1 0 0 0 1 -0.171938 0.895124 -2.30126</i>
                <i>1 0 0 0 1 0 0 0 1 -0.171938 0.895124 -2.30126</i>
                <i>1 0 0 0 1 0 0 0 1 -0.171938 0.895124 -2.30126</i>
                <i>1 0 0 0 1 0 0 0 1 -0.171938 0.895124 -2.30126</i>
                <i>1 0 0 0 1 0 0 0 1 -0.171938 0.895124 -2.30126</i>
                <i>1 0 0 0 1 0 0 0 1 -0.171938 0.895124 -2.30126</i>
                <i>1 0 0 0 1 0 0 0 1 -0.171938 0.895124 -2.30126</i>
                <i>1 0 0 0 1 0 0 0 1 -0.171938 0.895124 -2.30126</i>
                <i>1 0 0 0 1 0 0 0 1 -0.171938 0.895124 -2.30126</i>
                <i>1 0 0 0 1 0 0 0 1 -0.171938 0.895124 -2.30126</i>
                <i>1 0 0 0 1 0 0 0 1 -0.171938 0.895124 -2.30126</i>
                <i>1 0 0 0 1 0 0 0 1 -0.171938 0.895124 -2.30126</i>
                <i>1 0 0 0 1 0 0 0 1 -0.171938 0.895124 -2.30126</i>
                <i>1 0 0 0 1 0 0 0 1 -0.171938 0.895124 -2.30126</i>
                <i>1 0 0 0 1 0 0 0 1 -0.171938 0.895124 -2.30126</i>
                <i>1 0 0 0 1 0 0 0 1 -0.171938 0.895124 -2.30126</i>
                <i>1 0 0 0 1 0 0 0 1 -0.171938 0.895124 -2.30126</i>
                <i>1 0 0 0 1 0 0 0 1 -0.171938 0.895124 -2.30126</i>
                <i>1 0 0 0 1 0 0 0 1 -0.171938 0.895124 -2.30126</i>
                <i>1 0 0 0 1 0 0 0 1 -0.171938 0.895124 -2.30126</i>
                <i>1 0 0 0 1 0 0 0 1 -0.171938 0.895124 -2.30126</i>
                <i>1 0 0 0 1 0 0 0 1 -0.171938 0.895124 -2.30126</i>
                <i>1 0 0 0 1 0 0 0 1 -0.171938 0.895124 -2.30126</i>
                <i>1 0 0 0 1 0 0 0 1 -0.171938 0.895124 -2.30126</i>
                <i>1 0 0 0 1 0 0 0 1 -0.171938 0.895124 -2.30126</i>
                <i>1 0 0 0 1 0 0 0 1 -0.171938 0.895124 -2.30126</i>
                <i>1 0 0 0 1 0 0 0 1 -0.171938 0.895124 -2.30126</i>
                <i>1 0 0 0 1 0 0 0 1 -0.171938 0.895124 -2.30126</i>
                <i>1 0 0 0 1 0 0 0 1 -0.171938 0.895124 -2.30126</i>
                <i>1 0 0 0 1 0 0 0 1 -0.171938 0.895124 -2.30126</i>
                <i>1 0 0 0 1 0 0 0 1 -0.171938 0.895124 -2.30126</i>
                <i>1 0 0 0 1 0 0 0 1 -0.171938 0.895124 -2.30126</i>
                <i>1 0 0 0 1 0 0 0 1 -0.171938 0.895124 -2.30126</i>
                <i>1 0 0 0 1 0 0 0 1 -0.171938 0.895124 -2.30126</i>
                <i>1 0 0 0 1 0 0 0 1 -0.171938 0.895124 -2.30126</i>
                <i>1 0 0 0 1 0 0 0 1 -0.171938 0.895124 -2.30126</i>
                <i>1 0 0 0 1 0 0 0 1 -0.171938 0.895124 -2.30126</i>
                <i>1 0 0 0 1 0 0 0 1 -0.171938 0.895124 -2.30126</i>
                <i>1 0 0 0 1 0 0 0 1 -0.171938 0.895124 -2.30126</i>
                <i>1 0 0 0 1 0 0 0 1 -0.171938 0.895124 -2.30126</i>
                <i>1 0 0 0 1 0 0 0 1 -0.171938 0.895124 -2.30126</i>
                <i>1 0 0 0 1 0 0 0 1 -0.171938 0.895124 -2.30126</i>
                <i>1 0 0 0 1 0 0 0 1 -0.171938 0.895124 -2.30126</i>
                <i>1 0 0 0 1 0 0 0 1 -0.171938 0.895124 -2.30126</i>
                <i>1 0 0 0 1 0 0 0 1 -0.171938 0.895124 -2.30126</i>
                <i>1 0 0 0 1 0 0 0 1 -0.171938 0.895124 -2.30126</i>
                <i>1 0 0 0 1 0 0 0 1 -0.171938 0.895124 -2.30126</i>
                <i>1 0 0 0 1 0 0 0 1 -0.171938 0.895124 -2.30126</i>
                <i>1 0 0 0 1 0 0 0 1 -0.171938 0.895124 -2.30126</i>
                <i>1 0 0 0 1 0 0 0 1 -0.171938 0.895124 -2.30126</i>
                <i>1 0 0 0 1 0 0 0 1 -0.171938 0.895124 -2.30126</i>
                <i>1 0 0 0 1 0 0 0 1 -0.171938 0.895124 -2.30126</i>
                <i>1 0 0 0 1 0 0 0 1 -0.171938 0.895124 -2.30126</i>
                <i>1 0 0 0 1 0 0 0 1 -0.171938 0.895124 -2.30126</i>
                <i>1 0 0 0 1 0 0 0 1 -0.171938 0.895124 -2.30126</i>
                <i>1 0 0 0 1 0 0 0 1 -0.171938 0.895124 -2.30126</i>
                <i>1 0 0 0 1 0 0 0 1 -0.171938 0.895124 -2.30126</i>
                <i>1 0 0 0 1 0 0 0 1 -0.171938 0.895124 -2.30126</i>
                <i>1 0 0 0 1 0 0 0 1 -0.171938 0.895124 -2.30126</i>
                <i>1 0 0 0 1 0 0 0 1 -0.171938 0.895124 -2.30126</i>
                <i>1 0 0 0 1 0 0 0 1 -0.171938 0.895124 -2.30126</i>
                <i>1 0 0 0 1 0 0 0 1 -0.171938 0.895124 -2.30126</i>
                <i>1 0 0 0 1 0 0 0 1 -0.171938 0.895124 -2.30126</i>
                <i>1 0 0 0 1 0 0 0 1 -0.171938 0.895124 -2.30126</i>
                <i>1 0 0 0 1 0 0 0 1 -0.171938 0.895124 -2.30126</i>
                <i>1 0 0 0 1 0 0 0 1 -0.171938 0.895124 -2.30126</i>
                <i>1 0 0 0 1 0 0 0 1 -0.171938 0.895124 -2.30126</i>
                <i>1 0 0 0 1 0 0 0 1 -0.171938 0.895124 -2.30126</i>
                <i>1 0 0 0 1 0 0 0 1 -0.171938 0.895124 -2.30126</i>
                <i>1 0 0 0 1 0 0 0 1 -0.171938 0.895124 -2.30126</i>
                <i>1 0 0 0 1 0 0 0 1 -0.171938 0.895124 -2.30126</i>
                <i>1 0 0 0 1 0 0 0 1 -0.171938 0.895124 -2.30126</i>
                <i>1 0 0 0 1 0 0 0 1 -0.171938 0.895124 -2.30126</i>
                <i>1 0 0 0 1 0 0 0 1 -0.171938 0.895124 -2.30126</i>
                <i>1 0 0 0 1 0 0 0 1 -0.171938 0.895124 -2.30126</i>
                <i>1 0 0 0 1 0 0 0 1 -0.171938 0.895124 -2.30126</i>
                <i>1 0 0 0 1 0 0 0 1 -0.171938 0.895124 -2.30126</i>
                <i>1 0 0 0 1 0 0 0 1 -0.171938 0.895124 -2.30126</i>
            </KeyFrames>
        </RefFrame>
        <Bones count="23">
            <i>
                <p>
                    <Name><![CDATA[pelvis]]></Name>
                    <Exclude>0</Exclude>
                    <Additive>1</Additive>
                    <IKPriority>0</IKPriority>
                    <IKRotLimits>-1e+010 -1e+010 -1e+010 1e+010 1e+010 1e+010</IKRotLimits>
                    <IKRotLimitOrder>2</IKRotLimitOrder>
                    <KeyFrames count="81">
                        <i>1 0 0 0 1 0 0 0 1 -0.171938 1.82233 -2.38161</i>
                        <i>1 0 0 0 1 0 0 0 1 -0.171938 1.82233 -2.38161</i>
                        <i>1 0 0 0 1 0 0 0 1 -0.165706 1.82679 -2.379</i>
                        <i>1 0 0 0 1 0 0 0 1 -0.154131 1.8349 -2.37386</i>
                        <i>1 0 0 0 1 0 0 0 1 -0.147899 1.83917 -2.37094</i>
                        <i>1 0 0 0 1 0 0 0 1 -0.156234 1.82233 -2.38161</i>
                        <i>1 0 0 0 1 0 0 0 1 -0.171938 1.82233 -2.38161</i>
                        <i>1 0 0 0 1 0 0 0 1 -0.193083 1.82233 -2.42627</i>
                        <i>1 0 0 0 1 0 0 0 1 -0.206858 1.82233 -2.41469</i>
                        <i>1 0 0 0 1 0 0 0 1 -0.189398 1.82233 -2.39319</i>
                        <i>1 0 0 0 1 0 0 0 1 -0.171938 1.82233 -2.38161</i>
                        <i>1 0 0 0 1 0 0 0 1 -0.171938 1.82233 -2.38161</i>
                        <i>1 0 0 0 1 0 0 0 1 -0.165706 1.82679 -2.379</i>
                        <i>1 0 0 0 1 0 0 0 1 -0.154131 1.8349 -2.37386</i>
                        <i>1 0 0 0 1 0 0 0 1 -0.147899 1.83917 -2.37094</i>
                        <i>1 0 0 0 1 0 0 0 1 -0.156234 1.82233 -2.38161</i>
                        <i>1 0 0 0 1 0 0 0 1 -0.171938 1.82233 -2.38161</i>
                        <i>1 0 0 0 1 0 0 0 1 -0.193083 1.82233 -2.42627</i>
                        <i>1 0 0 0 1 0 0 0 1 -0.206858 1.82233 -2.41469</i>
                        <i>1 0 0 0 1 0 0 0 1 -0.189398 1.82233 -2.39319</i>
                        <i>1 0 0 0 1 0 0 0 1 -0.171938 1.82233 -2.38161</i>
                        <i>1 0 0 0 1 0 0 0 1 -0.171938 1.82233 -2.38161</i>
                        <i>1 0 0 0 1 0 0 0 1 -0.165706 1.82679 -2.379</i>
                        <i>1 0 0 0 1 0 0 0 1 -0.154131 1.8349 -2.37386</i>
                        <i>1 0 0 0 1 0 0 0 1 -0.147899 1.83917 -2.37094</i>
                        <i>1 0 0 0 1 0 0 0 1 -0.156234 1.82233 -2.38161</i>
                        <i>1 0 0 0 1 0 0 0 1 -0.171938 1.82233 -2.38161</i>
                        <i>1 0 0 0 1 0 0 0 1 -0.193083 1.82233 -2.42627</i>
                        <i>1 0 0 0 1 0 0 0 1 -0.206858 1.82233 -2.41469</i>
                        <i>1 0 0 0 1 0 0 0 1 -0.189398 1.82233 -2.39319</i>
                        <i>1 0 0 0 1 0 0 0 1 -0.171938 1.82233 -2.38161</i>
                        <i>1 0 0 0 1 0 0 0 1 -0.171938 1.82233 -2.38161</i>
                        <i>1 0 0 0 1 0 0 0 1 -0.165706 1.82679 -2.379</i>
                        <i>1 0 0 0 1 0 0 0 1 -0.154131 1.8349 -2.37386</i>
                        <i>1 0 0 0 1 0 0 0 1 -0.147899 1.83917 -2.37094</i>
                        <i>1 0 0 0 1 0 0 0 1 -0.156234 1.82233 -2.38161</i>
                        <i>1 0 0 0 1 0 0 0 1 -0.171938 1.82233 -2.38161</i>
                        <i>1 0 0 0 1 0 0 0 1 -0.193083 1.82233 -2.42627</i>
                        <i>1 0 0 0 1 0 0 0 1 -0.206858 1.82233 -2.41469</i>
                        <i>1 0 0 0 1 0 0 0 1 -0.189398 1.82233 -2.39319</i>
                        <i>1 0 0 0 1 0 0 0 1 -0.171938 1.82233 -2.38161</i>
                        <i>1 0 0 0 1 0 0 0 1 -0.171938 1.82233 -2.38161</i>
                        <i>1 0 0 0 1 0 0 0 1 -0.165706 1.82679 -2.379</i>
                        <i>1 0 0 0 1 0 0 0 1 -0.154131 1.8349 -2.37386</i>
                        <i>1 0 0 0 1 0 0 0 1 -0.147899 1.83917 -2.37094</i>
                        <i>1 0 0 0 1 0 0 0 1 -0.156234 1.82233 -2.38161</i>
                        <i>1 0 0 0 1 0 0 0 1 -0.171938 1.82233 -2.38161</i>
                        <i>1 0 0 0 1 0 0 0 1 -0.193083 1.82233 -2.42627</i>
                        <i>1 0 0 0 1 0 0 0 1 -0.206858 1.82233 -2.41469</i>
                        <i>1 0 0 0 1 0 0 0 1 -0.189398 1.82233 -2.39319</i>
                        <i>1 0 0 0 1 0 0 0 1 -0.171938 1.82233 -2.38161</i>
                        <i>1 0 0 0 1 0 0 0 1 -0.171938 1.82233 -2.38161</i>
                        <i>1 0 0 0 1 0 0 0 1 -0.165706 1.82679 -2.379</i>
                        <i>1 0 0 0 1 0 0 0 1 -0.154131 1.8349 -2.37386</i>
                        <i>1 0 0 0 1 0 0 0 1 -0.147899 1.83917 -2.37094</i>
                        <i>1 0 0 0 1 0 0 0 1 -0.156234 1.82233 -2.38161</i>
                        <i>1 0 0 0 1 0 0 0 1 -0.171938 1.82233 -2.38161</i>
                        <i>1 0 0 0 1 0 0 0 1 -0.193083 1.82233 -2.42627</i>
                        <i>1 0 0 0 1 0 0 0 1 -0.206858 1.82233 -2.41469</i>
                        <i>1 0 0 0 1 0 0 0 1 -0.189398 1.82233 -2.39319</i>
                        <i>1 0 0 0 1 0 0 0 1 -0.171938 1.82233 -2.38161</i>
                        <i>1 0 0 0 1 0 0 0 1 -0.171938 1.82233 -2.38161</i>
                        <i>1 0 0 0 1 0 0 0 1 -0.165706 1.82679 -2.379</i>
                        <i>1 0 0 0 1 0 0 0 1 -0.154131 1.8349 -2.37386</i>
                        <i>1 0 0 0 1 0 0 0 1 -0.147899 1.83917 -2.37094</i>
                        <i>1 0 0 0 1 0 0 0 1 -0.156234 1.82233 -2.38161</i>
                        <i>1 0 0 0 1 0 0 0 1 -0.171938 1.82233 -2.38161</i>
                        <i>1 0 0 0 1 0 0 0 1 -0.193083 1.82233 -2.42627</i>
                        <i>1 0 0 0 1 0 0 0 1 -0.206858 1.82233 -2.41469</i>
                        <i>1 0 0 0 1 0 0 0 1 -0.189398 1.82233 -2.39319</i>
                        <i>1 0 0 0 1 0 0 0 1 -0.171938 1.82233 -2.38161</i>
                        <i>1 0 0 0 1 0 0 0 1 -0.171938 1.82233 -2.38161</i>
                        <i>1 0 0 0 1 0 0 0 1 -0.165706 1.82679 -2.379</i>
                        <i>1 0 0 0 1 0 0 0 1 -0.154131 1.8349 -2.37386</i>
                        <i>1 0 0 0 1 0 0 0 1 -0.147899 1.83917 -2.37094</i>
                        <i>1 0 0 0 1 0 0 0 1 -0.156234 1.82233 -2.38161</i>
                        <i>1 0 0 0 1 0 0 0 1 -0.171938 1.82233 -2.38161</i>
                        <i>1 0 0 0 1 0 0 0 1 -0.193083 1.82233 -2.42627</i>
                        <i>1 0 0 0 1 0 0 0 1 -0.206858 1.82233 -2.41469</i>
                        <i>1 0 0 0 1 0 0 0 1 -0.189398 1.82233 -2.39319</i>
                        <i>1 0 0 0 1 0 0 0 1 -0.171938 1.82233 -2.38161</i>
                    </KeyFrames>
                </p>
            </i>
            <i>
                <p>
                    <Name><![CDATA[spine0]]></Name>
                    <Exclude>0</Exclude>
                    <Additive>1</Additive>
                    <IKPriority>0</IKPriority>
                    <IKRotLimits>-1e+010 -1e+010 -1e+010 1e+010 1e+010 1e+010</IKRotLimits>
                    <IKRotLimitOrder>0</IKRotLimitOrder>
                    <KeyFrames count="81">
                        <i>-0.0803544 0.964836 0.250269 -0.984645 -0.0377968 -0.170428 -0.154976 -0.260121 0.953058 -0.186601 1.93043 -2.47539</i>
                        <i>-0.0314681 0.984489 0.172601 -0.978675 0.00472122 -0.205359 -0.202988 -0.175382 0.963347 -0.181807 1.93213 -2.47404</i>
                        <i>-0.0522452 0.98153 0.184038 -0.984034 -0.019202 -0.176941 -0.170139 -0.190344 0.966862 -0.171062 1.94047 -2.467</i>
                        <i>-0.0939337 0.966801 0.237638 -0.988075 -0.061281 -0.141253 -0.122001 -0.248073 0.961029 -0.15535 1.95384 -2.45478</i>
                        <i>-0.122248 0.952307 0.279584 -0.98769 -0.0890315 -0.128613 -0.097587 -0.291865 0.951468 -0.146962 1.96087 -2.44765</i>
                        <i>-0.103586 0.964666 0.242258 -0.982409 -0.0611825 -0.176438 -0.155381 -0.256273 0.954034 -0.152386 1.93489 -2.47111</i>
                        <i>-0.18095 0.978837 0.095574 -0.976199 -0.166945 -0.138439 -0.119554 -0.11835 0.985749 -0.171274 1.93364 -2.47274</i>
                        <i>-0.21198 0.914695 0.34409 -0.975093 -0.174452 -0.13697 -0.0652584 -0.364554 0.928893 -0.196845 1.93307 -2.51802</i>
                        <i>-0.0971333 0.944585 0.313566 -0.979047 -0.0340286 -0.200772 -0.178976 -0.326497 0.928099 -0.214265 1.93413 -2.50493</i>
                        <i>-0.0385134 0.971346 0.234529 -0.975336 0.0145064 -0.220246 -0.217338 -0.237227 0.94683 -0.200022 1.93457 -2.48255</i>
                        <i>-0.0749944 0.965298 0.25015 -0.984481 -0.0317587 -0.172592 -0.158658 -0.259212 0.9527 -0.186601 1.93043 -2.47539</i>
                        <i>-0.0314681 0.984489 0.172601 -0.978675 0.00472122 -0.205359 -0.202988 -0.175382 0.963347 -0.181807 1.93213 -2.47404</i>
                        <i>-0.0522452 0.98153 0.184038 -0.984034 -0.019202 -0.176941 -0.170139 -0.190344 0.966862 -0.171062 1.94047 -2.467</i>
                        <i>-0.0939337 0.966801 0.237638 -0.988075 -0.061281 -0.141253 -0.122001 -0.248073 0.961029 -0.15535 1.95384 -2.45478</i>
                        <i>-0.122248 0.952307 0.279584 -0.98769 -0.0890315 -0.128613 -0.097587 -0.291865 0.951468 -0.146962 1.96087 -2.44765</i>
                        <i>-0.103586 0.964666 0.242258 -0.982409 -0.0611825 -0.176438 -0.155381 -0.256273 0.954034 -0.152386 1.93489 -2.47111</i>
                        <i>-0.18095 0.978837 0.095574 -0.976199 -0.166945 -0.138439 -0.119554 -0.11835 0.985749 -0.171274 1.93364 -2.47274</i>
                        <i>-0.21198 0.914695 0.34409 -0.975093 -0.174452 -0.13697 -0.0652584 -0.364554 0.928893 -0.196845 1.93307 -2.51802</i>
                        <i>-0.0971333 0.944585 0.313566 -0.979047 -0.0340286 -0.200772 -0.178976 -0.326497 0.928099 -0.214265 1.93413 -2.50493</i>
                        <i>-0.0385134 0.971346 0.234529 -0.975336 0.0145064 -0.220246 -0.217338 -0.237227 0.94683 -0.200022 1.93457 -2.48255</i>
                        <i>-0.0803544 0.964836 0.250269 -0.984645 -0.0377968 -0.170428 -0.154976 -0.260121 0.953058 -0.186601 1.93043 -2.47539</i>
                        <i>-0.0314681 0.984489 0.172601 -0.978675 0.00472122 -0.205359 -0.202988 -0.175382 0.963347 -0.181807 1.93213 -2.47404</i>
                        <i>-0.0522452 0.98153 0.184038 -0.984034 -0.019202 -0.176941 -0.170139 -0.190344 0.966862 -0.171062 1.94047 -2.467</i>
                        <i>-0.0939337 0.966801 0.237638 -0.988075 -0.061281 -0.141253 -0.122001 -0.248073 0.961029 -0.15535 1.95384 -2.45478</i>
                        <i>-0.122248 0.952307 0.279584 -0.98769 -0.0890315 -0.128613 -0.097587 -0.291865 0.951468 -0.146962 1.96087 -2.44765</i>
                        <i>-0.103586 0.964666 0.242258 -0.982409 -0.0611825 -0.176438 -0.155381 -0.256273 0.954034 -0.152386 1.93489 -2.47111</i>
                        <i>-0.18095 0.978837 0.095574 -0.976199 -0.166945 -0.138439 -0.119554 -0.11835 0.985749 -0.171274 1.93364 -2.47274</i>
                        <i>-0.21198 0.914695 0.34409 -0.975093 -0.174452 -0.13697 -0.0652584 -0.364554 0.928893 -0.196845 1.93307 -2.51802</i>
                        <i>-0.0971333 0.944585 0.313566 -0.979047 -0.0340286 -0.200772 -0.178976 -0.326497 0.928099 -0.214265 1.93413 -2.50493</i>
                        <i>-0.0385134 0.971346 0.234529 -0.975336 0.0145064 -0.220246 -0.217338 -0.237227 0.94683 -0.200022 1.93457 -2.48255</i>
                        <i>-0.0749944 0.965298 0.25015 -0.984481 -0.0317587 -0.172592 -0.158658 -0.259212 0.9527 -0.186601 1.93043 -2.47539</i>
                        <i>-0.0314681 0.984489 0.172601 -0.978675 0.00472122 -0.205359 -0.202988 -0.175382 0.963347 -0.181807 1.93213 -2.47404</i>
                        <i>-0.0522452 0.98153 0.184038 -0.984034 -0.019202 -0.176941 -0.170139 -0.190344 0.966862 -0.171062 1.94047 -2.467</i>
                        <i>-0.0939337 0.966801 0.237638 -0.988075 -0.061281 -0.141253 -0.122001 -0.248073 0.961029 -0.15535 1.95384 -2.45478</i>
                        <i>-0.122248 0.952307 0.279584 -0.98769 -0.0890315 -0.128613 -0.097587 -0.291865 0.951468 -0.146962 1.96087 -2.44765</i>
                        <i>-0.103586 0.964666 0.242258 -0.982409 -0.0611825 -0.176438 -0.155381 -0.256273 0.954034 -0.152386 1.93489 -2.47111</i>
                        <i>-0.18095 0.978837 0.095574 -0.976199 -0.166945 -0.138439 -0.119554 -0.11835 0.985749 -0.171274 1.93364 -2.47274</i>
                        <i>-0.21198 0.914695 0.34409 -0.975093 -0.174452 -0.13697 -0.0652584 -0.364554 0.928893 -0.196845 1.93307 -2.51802</i>
                        <i>-0.0971333 0.944585 0.313566 -0.979047 -0.0340286 -0.200772 -0.178976 -0.326497 0.928099 -0.214265 1.93413 -2.50493</i>
                        <i>-0.0385134 0.971346 0.234529 -0.975336 0.0145064 -0.220246 -0.217338 -0.237227 0.94683 -0.200022 1.93457 -2.48255</i>
                        <i>-0.0803544 0.964836 0.250269 -0.984645 -0.0377968 -0.170428 -0.154976 -0.260121 0.953058 -0.186601 1.93043 -2.47539</i>
                        <i>-0.0314681 0.984489 0.172601 -0.978675 0.00472122 -0.205359 -0.202988 -0.175382 0.963347 -0.181807 1.93213 -2.47404</i>
                        <i>-0.0522452 0.98153 0.184038 -0.984034 -0.019202 -0.176941 -0.170139 -0.190344 0.966862 -0.171062 1.94047 -2.467</i>
                        <i>-0.0939337 0.966801 0.237638 -0.988075 -0.061281 -0.141253 -0.122001 -0.248073 0.961029 -0.15535 1.95384 -2.45478</i>
                        <i>-0.122248 0.952307 0.279584 -0.98769 -0.0890315 -0.128613 -0.097587 -0.291865 0.951468 -0.146962 1.96087 -2.44765</i>
                        <i>-0.103586 0.964666 0.242258 -0.982409 -0.0611825 -0.176438 -0.155381 -0.256273 0.954034 -0.152386 1.93489 -2.47111</i>
                        <i>-0.18095 0.978837 0.095574 -0.976199 -0.166945 -0.138439 -0.119554 -0.11835 0.985749 -0.171274 1.93364 -2.47274</i>
                        <i>-0.21198 0.914695 0.34409 -0.975093 -0.174452 -0.13697 -0.0652584 -0.364554 0.928893 -0.196845 1.93307 -2.51802</i>
                        <i>-0.0971333 0.944585 0.313566 -0.979047 -0.0340286 -0.200772 -0.178976 -0.326497 0.928099 -0.214265 1.93413 -2.50493</i>
                        <i>-0.0385134 0.971346 0.234529 -0.975336 0.0145064 -0.220246 -0.217338 -0.237227 0.94683 -0.200022 1.93457 -2.48255</i>
                        <i>-0.0749944 0.965298 0.25015 -0.984481 -0.0317587 -0.172592 -0.158658 -0.259212 0.9527 -0.186601 1.93043 -2.47539</i>
                        <i>-0.0314681 0.984489 0.172601 -0.978675 0.00472122 -0.205359 -0.202988 -0.175382 0.963347 -0.181807 1.93213 -2.47404</i>
                        <i>-0.0522452 0.98153 0.184038 -0.984034 -0.019202 -0.176941 -0.170139 -0.190344 0.966862 -0.171062 1.94047 -2.467</i>
                        <i>-0.0939337 0.966801 0.237638 -0.988075 -0.061281 -0.141253 -0.122001 -0.248073 0.961029 -0.15535 1.95384 -2.45478</i>
                        <i>-0.122248 0.952307 0.279584 -0.98769 -0.0890315 -0.128613 -0.097587 -0.291865 0.951468 -0.146962 1.96087 -2.44765</i>
                        <i>-0.103586 0.964666 0.242258 -0.982409 -0.0611825 -0.176438 -0.155381 -0.256273 0.954034 -0.152386 1.93489 -2.47111</i>
                        <i>-0.18095 0.978837 0.095574 -0.976199 -0.166945 -0.138439 -0.119554 -0.11835 0.985749 -0.171274 1.93364 -2.47274</i>
                        <i>-0.21198 0.914695 0.34409 -0.975093 -0.174452 -0.13697 -0.0652584 -0.364554 0.928893 -0.196845 1.93307 -2.51802</i>
                        <i>-0.0971333 0.944585 0.313566 -0.979047 -0.0340286 -0.200772 -0.178976 -0.326497 0.928099 -0.214265 1.93413 -2.50493</i>
                        <i>-0.0385134 0.971346 0.234529 -0.975336 0.0145064 -0.220246 -0.217338 -0.237227 0.94683 -0.200022 1.93457 -2.48255</i>
                        <i>-0.0749944 0.965298 0.25015 -0.984481 -0.0317587 -0.172592 -0.158658 -0.259212 0.9527 -0.186601 1.93043 -2.47539</i>
                        <i>-0.0314681 0.984489 0.172601 -0.978675 0.00472122 -0.205359 -0.202988 -0.175382 0.963347 -0.181807 1.93213 -2.47404</i>
                        <i>-0.0522452 0.98153 0.184038 -0.984034 -0.019202 -0.176941 -0.170139 -0.190344 0.966862 -0.171062 1.94047 -2.467</i>
                        <i>-0.0939337 0.966801 0.237638 -0.988075 -0.061281 -0.141253 -0.122001 -0.248073 0.961029 -0.15535 1.95384 -2.45478</i>
                        <i>-0.122248 0.952307 0.279584 -0.98769 -0.0890315 -0.128613 -0.097587 -0.291865 0.951468 -0.146962 1.96087 -2.44765</i>
                        <i>-0.103586 0.964666 0.242258 -0.982409 -0.0611825 -0.176438 -0.155381 -0.256273 0.954034 -0.152386 1.93489 -2.47111</i>
                        <i>-0.18095 0.978837 0.095574 -0.976199 -0.166945 -0.138439 -0.119554 -0.11835 0.985749 -0.171274 1.93364 -2.47274</i>
                        <i>-0.21198 0.914695 0.34409 -0.975093 -0.174452 -0.13697 -0.0652584 -0.364554 0.928893 -0.196845 1.93307 -2.51802</i>
                        <i>-0.0971333 0.944585 0.313566 -0.979047 -0.0340286 -0.200772 -0.178976 -0.326497 0.928099 -0.214265 1.93413 -2.50493</i>
                        <i>-0.0385134 0.971346 0.234529 -0.975336 0.0145064 -0.220246 -0.217338 -0.237227 0.94683 -0.200022 1.93457 -2.48255</i>
                        <i>-0.0749944 0.965298 0.25015 -0.984481 -0.0317587 -0.172592 -0.158658 -0.259212 0.9527 -0.186601 1.93043 -2.47539</i>
                        <i>-0.0314681 0.984489 0.172601 -0.978675 0.00472122 -0.205359 -0.202988 -0.175382 0.963347 -0.181807 1.93213 -2.47404</i>
                        <i>-0.0522452 0.98153 0.184038 -0.984034 -0.019202 -0.176941 -0.170139 -0.190344 0.966862 -0.171062 1.94047 -2.467</i>
                        <i>-0.0939337 0.966801 0.237638 -0.988075 -0.061281 -0.141253 -0.122001 -0.248073 0.961029 -0.15535 1.95384 -2.45478</i>
                        <i>-0.122248 0.952307 0.279584 -0.98769 -0.0890315 -0.128613 -0.097587 -0.291865 0.951468 -0.146962 1.96087 -2.44765</i>
                        <i>-0.103586 0.964666 0.242258 -0.982409 -0.0611825 -0.176438 -0.155381 -0.256273 0.954034 -0.152386 1.93489 -2.47111</i>
                        <i>-0.18095 0.978837 0.095574 -0.976199 -0.166945 -0.138439 -0.119554 -0.11835 0.985749 -0.171274 1.93364 -2.47274</i>
                        <i>-0.21198 0.914695 0.34409 -0.975093 -0.174452 -0.13697 -0.0652584 -0.364554 0.928893 -0.196845 1.93307 -2.51802</i>
                        <i>-0.0971333 0.944585 0.313566 -0.979047 -0.0340286 -0.200772 -0.178976 -0.326497 0.928099 -0.214265 1.93413 -2.50493</i>
                        <i>-0.0385134 0.971346 0.234529 -0.975336 0.0145064 -0.220246 -0.217338 -0.237227 0.94683 -0.200022 1.93457 -2.48255</i>
                        <i>-0.0803544 0.964836 0.250269 -0.984645 -0.0377968 -0.170428 -0.154976 -0.260121 0.953058 -0.186601 1.93043 -2.47539</i>
                    </KeyFrames>
                </p>
            </i>
            <i>
                <p>
                    <Name><![CDATA[spine1]]></Name>
                    <Exclude>0</Exclude>
                    <Additive>1</Additive>
                    <IKPriority>0</IKPriority>
                    <IKRotLimits>-1e+010 -1e+010 -1e+010 1e+010 1e+010 1e+010</IKRotLimits>
                    <IKRotLimitOrder>0</IKRotLimitOrder>
                    <KeyFrames count="81">
                        <i>0.079194 0.654539 0.751869 -0.98875 0.147587 -0.0243371 -0.126895 -0.741483 0.658864 -0.201542 2.11002 -2.4289</i>
                        <i>0.122483 0.678744 0.724089 -0.959427 0.267669 -0.0886152 -0.253963 -0.683856 0.683991 -0.187328 2.10504 -2.44375</i>
                        <i>0.0686721 0.67556 0.7341 -0.983245 0.170376 -0.064811 -0.168857 -0.717349 0.675942 -0.180072 2.10977 -2.43527</i>
                        <i>-0.0163525 0.649804 0.759926 -0.99947 0.0107672 -0.0307141 -0.0281404 -0.760026 0.649284 -0.171426 2.11929 -2.41411</i>
                        <i>-0.0694624 0.627514 0.775501 -0.996134 -0.0855446 -0.0200044 0.0537869 -0.773892 0.631029 -0.168015 2.12488 -2.3995</i>
                        <i>-0.0486963 0.657589 0.751801 -0.998807 -0.029265 -0.0390979 -0.00370889 -0.752808 0.658229 -0.171336 2.11149 -2.42683</i>
                        <i>-0.128357 0.718861 0.683201 -0.991015 -0.119098 -0.0608733 0.0376085 -0.684876 0.727688 -0.202317 2.10156 -2.45635</i>
                        <i>-0.123437 0.617229 0.77704 -0.983541 -0.180208 -0.0130953 0.131946 -0.765868 0.629314 -0.235807 2.10124 -2.45484</i>
                        <i>0.0262143 0.644551 0.764112 -0.991552 0.113902 -0.0620624 -0.127036 -0.756029 0.642091 -0.231631 2.1031 -2.44888</i>
                        <i>0.114539 0.677084 0.726937 -0.961759 0.258843 -0.089552 -0.248797 -0.688882 0.680839 -0.20678 2.10514 -2.44139</i>
                        <i>0.0808526 0.65429 0.751909 -0.978901 0.194155 -0.0636867 -0.187656 -0.730896 0.656183 -0.20054 2.11005 -2.42893</i>
                        <i>0.122483 0.678744 0.724089 -0.959427 0.267669 -0.0886152 -0.253963 -0.683856 0.683991 -0.187328 2.10504 -2.44375</i>
                        <i>0.0686721 0.67556 0.7341 -0.983245 0.170376 -0.064811 -0.168857 -0.717349 0.675942 -0.180072 2.10977 -2.43527</i>
                        <i>-0.0163525 0.649804 0.759926 -0.99947 0.0107672 -0.0307141 -0.0281404 -0.760026 0.649284 -0.171426 2.11929 -2.41411</i>
                        <i>-0.0694624 0.627514 0.775501 -0.996134 -0.0855446 -0.0200044 0.0537869 -0.773892 0.631029 -0.168015 2.12488 -2.3995</i>
                        <i>-0.0486963 0.657589 0.751801 -0.998807 -0.029265 -0.0390979 -0.00370889 -0.752808 0.658229 -0.171336 2.11149 -2.42683</i>
                        <i>-0.128357 0.718861 0.683201 -0.991015 -0.119098 -0.0608733 0.0376085 -0.684876 0.727688 -0.202317 2.10156 -2.45635</i>
                        <i>-0.123437 0.617229 0.77704 -0.983541 -0.180208 -0.0130953 0.131946 -0.765868 0.629314 -0.235807 2.10124 -2.45484</i>
                        <i>0.0262143 0.644551 0.764112 -0.991552 0.113902 -0.0620624 -0.127036 -0.756029 0.642091 -0.231631 2.1031 -2.44888</i>
                        <i>0.114539 0.677084 0.726937 -0.961759 0.258843 -0.089552 -0.248797 -0.688882 0.680839 -0.20678 2.10514 -2.44139</i>
                        <i>0.079194 0.654539 0.751869 -0.98875 0.147587 -0.0243371 -0.126895 -0.741483 0.658864 -0.201542 2.11002 -2.4289</i>
                        <i>0.122483 0.678744 0.724089 -0.959427 0.267669 -0.0886152 -0.253963 -0.683856 0.683991 -0.187328 2.10504 -2.44375</i>
                        <i>0.0686721 0.67556 0.7341 -0.983245 0.170376 -0.064811 -0.168857 -0.717349 0.675942 -0.180072 2.10977 -2.43527</i>
                        <i>-0.0163525 0.649804 0.759926 -0.99947 0.0107672 -0.0307141 -0.0281404 -0.760026 0.649284 -0.171426 2.11929 -2.41411</i>
                        <i>-0.0694624 0.627514 0.775501 -0.996134 -0.0855446 -0.0200044 0.0537869 -0.773892 0.631029 -0.168015 2.12488 -2.3995</i>
                        <i>-0.0486963 0.657589 0.751801 -0.998807 -0.029265 -0.0390979 -0.00370889 -0.752808 0.658229 -0.171336 2.11149 -2.42683</i>
                        <i>-0.128357 0.718861 0.683201 -0.991015 -0.119098 -0.0608733 0.0376085 -0.684876 0.727688 -0.202317 2.10156 -2.45635</i>
                        <i>-0.123437 0.617229 0.77704 -0.983541 -0.180208 -0.0130953 0.131946 -0.765868 0.629314 -0.235807 2.10124 -2.45484</i>
                        <i>0.0262143 0.644551 0.764112 -0.991552 0.113902 -0.0620624 -0.127036 -0.756029 0.642091 -0.231631 2.1031 -2.44888</i>
                        <i>0.114539 0.677084 0.726937 -0.961759 0.258843 -0.089552 -0.248797 -0.688882 0.680839 -0.20678 2.10514 -2.44139</i>
                        <i>0.0808526 0.65429 0.751909 -0.978901 0.194155 -0.0636867 -0.187656 -0.730896 0.656183 -0.20054 2.11005 -2.42893</i>
                        <i>0.122483 0.678744 0.724089 -0.959427 0.267669 -0.0886152 -0.253963 -0.683856 0.683991 -0.187328 2.10504 -2.44375</i>
                        <i>0.0686721 0.67556 0.7341 -0.983245 0.170376 -0.064811 -0.168857 -0.717349 0.675942 -0.180072 2.10977 -2.43527</i>
                        <i>-0.0163525 0.649804 0.759926 -0.99947 0.0107672 -0.0307141 -0.0281404 -0.760026 0.649284 -0.171426 2.11929 -2.41411</i>
                        <i>-0.0694624 0.627514 0.775501 -0.996134 -0.0855446 -0.0200044 0.0537869 -0.773892 0.631029 -0.168015 2.12488 -2.3995</i>
                        <i>-0.0486963 0.657589 0.751801 -0.998807 -0.029265 -0.0390979 -0.00370889 -0.752808 0.658229 -0.171336 2.11149 -2.42683</i>
                        <i>-0.128357 0.718861 0.683201 -0.991015 -0.119098 -0.0608733 0.0376085 -0.684876 0.727688 -0.202317 2.10156 -2.45635</i>
                        <i>-0.123437 0.617229 0.77704 -0.983541 -0.180208 -0.0130953 0.131946 -0.765868 0.629314 -0.235807 2.10124 -2.45484</i>
                        <i>0.0262143 0.644551 0.764112 -0.991552 0.113902 -0.0620624 -0.127036 -0.756029 0.642091 -0.231631 2.1031 -2.44888</i>
                        <i>0.114539 0.677084 0.726937 -0.961759 0.258843 -0.089552 -0.248797 -0.688882 0.680839 -0.20678 2.10514 -2.44139</i>
                        <i>0.079194 0.654539 0.751869 -0.98875 0.147587 -0.0243371 -0.126895 -0.741483 0.658864 -0.201542 2.11002 -2.4289</i>
                        <i>0.122483 0.678744 0.724089 -0.959427 0.267669 -0.0886152 -0.253963 -0.683856 0.683991 -0.187328 2.10504 -2.44375</i>
                        <i>0.0686721 0.67556 0.7341 -0.983245 0.170376 -0.064811 -0.168857 -0.717349 0.675942 -0.180072 2.10977 -2.43527</i>
                        <i>-0.0163525 0.649804 0.759926 -0.99947 0.0107672 -0.0307141 -0.0281404 -0.760026 0.649284 -0.171426 2.11929 -2.41411</i>
                        <i>-0.0694624 0.627514 0.775501 -0.996134 -0.0855446 -0.0200044 0.0537869 -0.773892 0.631029 -0.168015 2.12488 -2.3995</i>
                        <i>-0.0486963 0.657589 0.751801 -0.998807 -0.029265 -0.0390979 -0.00370889 -0.752808 0.658229 -0.171336 2.11149 -2.42683</i>
                        <i>-0.128357 0.718861 0.683201 -0.991015 -0.119098 -0.0608733 0.0376085 -0.684876 0.727688 -0.202317 2.10156 -2.45635</i>
                        <i>-0.123437 0.617229 0.77704 -0.983541 -0.180208 -0.0130953 0.131946 -0.765868 0.629314 -0.235807 2.10124 -2.45484</i>
                        <i>0.0262143 0.644551 0.764112 -0.991552 0.113902 -0.0620624 -0.127036 -0.756029 0.642091 -0.231631 2.1031 -2.44888</i>
                        <i>0.114539 0.677084 0.726937 -0.961759 0.258843 -0.089552 -0.248797 -0.688882 0.680839 -0.20678 2.10514 -2.44139</i>
                        <i>0.0808526 0.65429 0.751909 -0.978901 0.194155 -0.0636867 -0.187656 -0.730896 0.656183 -0.20054 2.11005 -2.42893</i>
                        <i>0.122483 0.678744 0.724089 -0.959427 0.267669 -0.0886152 -0.253963 -0.683856 0.683991 -0.187328 2.10504 -2.44375</i>
                        <i>0.0686721 0.67556 0.7341 -0.983245 0.170376 -0.064811 -0.168857 -0.717349 0.675942 -0.180072 2.10977 -2.43527</i>
                        <i>-0.0163525 0.649804 0.759926 -0.99947 0.0107672 -0.0307141 -0.0281404 -0.760026 0.649284 -0.171426 2.11929 -2.41411</i>
                        <i>-0.0694624 0.627514 0.775501 -0.996134 -0.0855446 -0.0200044 0.0537869 -0.773892 0.631029 -0.168015 2.12488 -2.3995</i>
                        <i>-0.0486963 0.657589 0.751801 -0.998807 -0.029265 -0.0390979 -0.00370889 -0.752808 0.658229 -0.171336 2.11149 -2.42683</i>
                        <i>-0.128357 0.718861 0.683201 -0.991015 -0.119098 -0.0608733 0.0376085 -0.684876 0.727688 -0.202317 2.10156 -2.45635</i>
                        <i>-0.123437 0.617229 0.77704 -0.983541 -0.180208 -0.0130953 0.131946 -0.765868 0.629314 -0.235807 2.10124 -2.45484</i>
                        <i>0.0262143 0.644551 0.764112 -0.991552 0.113902 -0.0620624 -0.127036 -0.756029 0.642091 -0.231631 2.1031 -2.44888</i>
                        <i>0.114539 0.677084 0.726937 -0.961759 0.258843 -0.089552 -0.248797 -0.688882 0.680839 -0.20678 2.10514 -2.44139</i>
                        <i>0.0808526 0.65429 0.751909 -0.978901 0.194155 -0.0636867 -0.187656 -0.730896 0.656183 -0.20054 2.11005 -2.42893</i>
                        <i>0.122483 0.678744 0.724089 -0.959427 0.267669 -0.0886152 -0.253963 -0.683856 0.683991 -0.187328 2.10504 -2.44375</i>
                        <i>0.0686721 0.67556 0.7341 -0.983245 0.170376 -0.064811 -0.168857 -0.717349 0.675942 -0.180072 2.10977 -2.43527</i>
                        <i>-0.0163525 0.649804 0.759926 -0.99947 0.0107672 -0.0307141 -0.0281404 -0.760026 0.649284 -0.171426 2.11929 -2.41411</i>
                        <i>-0.0694624 0.627514 0.775501 -0.996134 -0.0855446 -0.0200044 0.0537869 -0.773892 0.631029 -0.168015 2.12488 -2.3995</i>
                        <i>-0.0486963 0.657589 0.751801 -0.998807 -0.029265 -0.0390979 -0.00370889 -0.752808 0.658229 -0.171336 2.11149 -2.42683</i>
                        <i>-0.128357 0.718861 0.683201 -0.991015 -0.119098 -0.0608733 0.0376085 -0.684876 0.727688 -0.202317 2.10156 -2.45635</i>
                        <i>-0.123437 0.617229 0.77704 -0.983541 -0.180208 -0.0130953 0.131946 -0.765868 0.629314 -0.235807 2.10124 -2.45484</i>
                        <i>0.0262143 0.644551 0.764112 -0.991552 0.113902 -0.0620624 -0.127036 -0.756029 0.642091 -0.231631 2.1031 -2.44888</i>
                        <i>0.114539 0.677084 0.726937 -0.961759 0.258843 -0.089552 -0.248797 -0.688882 0.680839 -0.20678 2.10514 -2.44139</i>
                        <i>0.0808526 0.65429 0.751909 -0.978901 0.194155 -0.0636867 -0.187656 -0.730896 0.656183 -0.20054 2.11005 -2.42893</i>
                        <i>0.122483 0.678744 0.724089 -0.959427 0.267669 -0.0886152 -0.253963 -0.683856 0.683991 -0.187328 2.10504 -2.44375</i>
                        <i>0.0686721 0.67556 0.7341 -0.983245 0.170376 -0.064811 -0.168857 -0.717349 0.675942 -0.180072 2.10977 -2.43527</i>
                        <i>-0.0163525 0.649804 0.759926 -0.99947 0.0107672 -0.0307141 -0.0281404 -0.760026 0.649284 -0.171426 2.11929 -2.41411</i>
                        <i>-0.0694624 0.627514 0.775501 -0.996134 -0.0855446 -0.0200044 0.0537869 -0.773892 0.631029 -0.168015 2.12488 -2.3995</i>
                        <i>-0.0486963 0.657589 0.751801 -0.998807 -0.029265 -0.0390979 -0.00370889 -0.752808 0.658229 -0.171336 2.11149 -2.42683</i>
                        <i>-0.128357 0.718861 0.683201 -0.991015 -0.119098 -0.0608733 0.0376085 -0.684876 0.727688 -0.202317 2.10156 -2.45635</i>
                        <i>-0.123437 0.617229 0.77704 -0.983541 -0.180208 -0.0130953 0.131946 -0.765868 0.629314 -0.235807 2.10124 -2.45484</i>
                        <i>0.0262143 0.644551 0.764112 -0.991552 0.113902 -0.0620624 -0.127036 -0.756029 0.642091 -0.231631 2.1031 -2.44888</i>
                        <i>0.114539 0.677084 0.726937 -0.961759 0.258843 -0.089552 -0.248797 -0.688882 0.680839 -0.20678 2.10514 -2.44139</i>
                        <i>0.079194 0.654539 0.751869 -0.98875 0.147587 -0.0243371 -0.126895 -0.741483 0.658864 -0.201542 2.11002 -2.4289</i>
                    </KeyFrames>
                </p>
            </i>
            <i>
                <p>
                    <Name><![CDATA[spine2]]></Name>
                    <Exclude>0</Exclude>
                    <Additive>1</Additive>
                    <IKPriority>0</IKPriority>
                    <IKRotLimits>-1e+010 -1e+010 -1e+010 1e+010 1e+010 1e+010</IKRotLimits>
                    <IKRotLimitOrder>0</IKRotLimitOrder>
                    <KeyFrames count="81">
                        <i>0.111666 0.675551 0.728808 -0.990551 0.0169105 0.136095 0.0796149 -0.737119 0.671056 -0.187957 2.2216 -2.30013</i>
                        <i>0.121031 0.684661 0.718742 -0.99145 0.118947 0.0536456 -0.0487633 -0.71909 0.693204 -0.167573 2.21431 -2.32682</i>
                        <i>0.0994105 0.681855 0.724701 -0.995032 0.0720305 0.0687211 -0.00534266 -0.727932 0.685629 -0.169158 2.21658 -2.31888</i>
                        <i>0.0643337 0.672693 0.73712 -0.995218 -0.0111568 0.0970414 0.0735029 -0.739838 0.668758 -0.173905 2.22123 -2.29461</i>
                        <i>0.0405213 0.665469 0.745325 -0.992173 -0.0613772 0.108743 0.118111 -0.743898 0.657774 -0.17888 2.22395 -2.27676</i>
                        <i>0.0497045 0.676807 0.734481 -0.993068 -0.0449404 0.108615 0.106519 -0.734788 0.669881 -0.179392 2.22177 -2.30023</i>
                        <i>0.0188194 0.701022 0.712891 -0.996382 -0.0459562 0.0714942 0.0828807 -0.711657 0.697621 -0.222444 2.21461 -2.34861</i>
                        <i>0.0141151 0.747414 0.664209 -0.987337 -0.0945507 0.127377 0.158005 -0.657596 0.736615 -0.256485 2.20523 -2.32343</i>
                        <i>0.0761554 0.748784 0.658425 -0.995168 0.0160347 0.0968688 0.0619761 -0.662621 0.746386 -0.227269 2.20881 -2.32317</i>
                        <i>0.110577 0.733369 0.670778 -0.993684 0.094567 0.060416 -0.0191262 -0.673221 0.739194 -0.188293 2.21419 -2.324</i>
                        <i>0.0998455 0.676107 0.730007 -0.995003 0.067581 0.0734987 0.000358342 -0.733698 0.679476 -0.186747 2.22158 -2.3002</i>
                        <i>0.121031 0.684661 0.718742 -0.99145 0.118947 0.0536456 -0.0487633 -0.71909 0.693204 -0.167573 2.21431 -2.32682</i>
                        <i>0.0994105 0.681855 0.724701 -0.995032 0.0720305 0.0687211 -0.00534266 -0.727932 0.685629 -0.169158 2.21658 -2.31888</i>
                        <i>0.0643337 0.672693 0.73712 -0.995218 -0.0111568 0.0970414 0.0735029 -0.739838 0.668758 -0.173905 2.22123 -2.29461</i>
                        <i>0.0405213 0.665469 0.745325 -0.992173 -0.0613772 0.108743 0.118111 -0.743898 0.657774 -0.17888 2.22395 -2.27676</i>
