<?xml version="1.0" encoding="ISO-8859-1" ?>
<Animl Version="1">
    <ModellingPackage><![CDATA[Maya.2010]]></ModellingPackage>
    <SrcFile><![CDATA[anims\turrets\machinegun\red\~src\mgun_balkan\mgun_balkan_idle_crewman_a.mb]]></SrcFile>
    <FramesPerSecond>30</FramesPerSecond>
    <TotalFrames>193</TotalFrames>
    <Skeleton>
        <RefFrame>
            <Name><![CDATA[soldier_ref_frame]]></Name>
            <Exclude>0</Exclude>
            <Additive>0</Additive>
            <IKPriority>0</IKPriority>
            <IKRotLimits>-1e+010 -1e+010 -1e+010 1e+010 1e+010 1e+010</IKRotLimits>
            <IKRotLimitOrder>0</IKRotLimitOrder>
            <KeyFrames count="193">
                <i>1 0 0 0 1 0 0 0 1 0.0553985 0.938949 -1.83662</i>
                <i>1 0 0 0 1 0 0 0 1 0.0553985 0.938949 -1.83662</i>
                <i>1 0 0 0 1 0 0 0 1 0.0553985 0.938949 -1.83662</i>
                <i>1 0 0 0 1 0 0 0 1 0.0553985 0.938949 -1.83662</i>
                <i>1 0 0 0 1 0 0 0 1 0.0553985 0.938949 -1.83662</i>
                <i>1 0 0 0 1 0 0 0 1 0.0553985 0.938949 -1.83662</i>
                <i>1 0 0 0 1 0 0 0 1 0.0553985 0.938949 -1.83662</i>
                <i>1 0 0 0 1 0 0 0 1 0.0553985 0.938949 -1.83662</i>
                <i>1 0 0 0 1 0 0 0 1 0.0553985 0.938949 -1.83662</i>
                <i>1 0 0 0 1 0 0 0 1 0.0553985 0.938949 -1.83662</i>
                <i>1 0 0 0 1 0 0 0 1 0.0553985 0.938949 -1.83662</i>
                <i>1 0 0 0 1 0 0 0 1 0.0553985 0.938949 -1.83662</i>
                <i>1 0 0 0 1 0 0 0 1 0.0553985 0.938949 -1.83662</i>
                <i>1 0 0 0 1 0 0 0 1 0.0553985 0.938949 -1.83662</i>
                <i>1 0 0 0 1 0 0 0 1 0.0553985 0.938949 -1.83662</i>
                <i>1 0 0 0 1 0 0 0 1 0.0553985 0.938949 -1.83662</i>
                <i>1 0 0 0 1 0 0 0 1 0.0553985 0.938949 -1.83662</i>
                <i>1 0 0 0 1 0 0 0 1 0.0553985 0.938949 -1.83662</i>
                <i>1 0 0 0 1 0 0 0 1 0.0553985 0.938949 -1.83662</i>
                <i>1 0 0 0 1 0 0 0 1 0.0553985 0.938949 -1.83662</i>
                <i>1 0 0 0 1 0 0 0 1 0.0553985 0.938949 -1.83662</i>
                <i>1 0 0 0 1 0 0 0 1 0.0553985 0.938949 -1.83662</i>
                <i>1 0 0 0 1 0 0 0 1 0.0553985 0.938949 -1.83662</i>
                <i>1 0 0 0 1 0 0 0 1 0.0553985 0.938949 -1.83662</i>
                <i>1 0 0 0 1 0 0 0 1 0.0553985 0.938949 -1.83662</i>
                <i>1 0 0 0 1 0 0 0 1 0.0553985 0.938949 -1.83662</i>
                <i>1 0 0 0 1 0 0 0 1 0.0553985 0.938949 -1.83662</i>
                <i>1 0 0 0 1 0 0 0 1 0.0553985 0.938949 -1.83662</i>
                <i>1 0 0 0 1 0 0 0 1 0.0553985 0.938949 -1.83662</i>
                <i>1 0 0 0 1 0 0 0 1 0.0553985 0.938949 -1.83662</i>
                <i>1 0 0 0 1 0 0 0 1 0.0553985 0.938949 -1.83662</i>
                <i>1 0 0 0 1 0 0 0 1 0.0553985 0.938949 -1.83662</i>
                <i>1 0 0 0 1 0 0 0 1 0.0553985 0.938949 -1.83662</i>
                <i>1 0 0 0 1 0 0 0 1 0.0553985 0.938949 -1.83662</i>
                <i>1 0 0 0 1 0 0 0 1 0.0553985 0.938949 -1.83662</i>
                <i>1 0 0 0 1 0 0 0 1 0.0553985 0.938949 -1.83662</i>
                <i>1 0 0 0 1 0 0 0 1 0.0553985 0.938949 -1.83662</i>
                <i>1 0 0 0 1 0 0 0 1 0.0553985 0.938949 -1.83662</i>
                <i>1 0 0 0 1 0 0 0 1 0.0553985 0.938949 -1.83662</i>
                <i>1 0 0 0 1 0 0 0 1 0.0553985 0.938949 -1.83662</i>
                <i>1 0 0 0 1 0 0 0 1 0.0553985 0.938949 -1.83662</i>
                <i>1 0 0 0 1 0 0 0 1 0.0553985 0.938949 -1.83662</i>
                <i>1 0 0 0 1 0 0 0 1 0.0553985 0.938949 -1.83662</i>
                <i>1 0 0 0 1 0 0 0 1 0.0553985 0.938949 -1.83662</i>
                <i>1 0 0 0 1 0 0 0 1 0.0553985 0.938949 -1.83662</i>
                <i>1 0 0 0 1 0 0 0 1 0.0553985 0.938949 -1.83662</i>
                <i>1 0 0 0 1 0 0 0 1 0.0553985 0.938949 -1.83662</i>
                <i>1 0 0 0 1 0 0 0 1 0.0553985 0.938949 -1.83662</i>
                <i>1 0 0 0 1 0 0 0 1 0.0553985 0.938949 -1.83662</i>
                <i>1 0 0 0 1 0 0 0 1 0.0553985 0.938949 -1.83662</i>
                <i>1 0 0 0 1 0 0 0 1 0.0553985 0.938949 -1.83662</i>
                <i>1 0 0 0 1 0 0 0 1 0.0553985 0.938949 -1.83662</i>
                <i>1 0 0 0 1 0 0 0 1 0.0553985 0.938949 -1.83662</i>
                <i>1 0 0 0 1 0 0 0 1 0.0553985 0.938949 -1.83662</i>
                <i>1 0 0 0 1 0 0 0 1 0.0553985 0.938949 -1.83662</i>
                <i>1 0 0 0 1 0 0 0 1 0.0553985 0.938949 -1.83662</i>
                <i>1 0 0 0 1 0 0 0 1 0.0553985 0.938949 -1.83662</i>
                <i>1 0 0 0 1 0 0 0 1 0.0553985 0.938949 -1.83662</i>
                <i>1 0 0 0 1 0 0 0 1 0.0553985 0.938949 -1.83662</i>
                <i>1 0 0 0 1 0 0 0 1 0.0553985 0.938949 -1.83662</i>
                <i>1 0 0 0 1 0 0 0 1 0.0553985 0.938949 -1.83662</i>
                <i>1 0 0 0 1 0 0 0 1 0.0553985 0.938949 -1.83662</i>
                <i>1 0 0 0 1 0 0 0 1 0.0553985 0.938949 -1.83662</i>
                <i>1 0 0 0 1 0 0 0 1 0.0553985 0.938949 -1.83662</i>
                <i>1 0 0 0 1 0 0 0 1 0.0553985 0.938949 -1.83662</i>
                <i>1 0 0 0 1 0 0 0 1 0.0553985 0.938949 -1.83662</i>
                <i>1 0 0 0 1 0 0 0 1 0.0553985 0.938949 -1.83662</i>
                <i>1 0 0 0 1 0 0 0 1 0.0553985 0.938949 -1.83662</i>
                <i>1 0 0 0 1 0 0 0 1 0.0553985 0.938949 -1.83662</i>
                <i>1 0 0 0 1 0 0 0 1 0.0553985 0.938949 -1.83662</i>
                <i>1 0 0 0 1 0 0 0 1 0.0553985 0.938949 -1.83662</i>
                <i>1 0 0 0 1 0 0 0 1 0.0553985 0.938949 -1.83662</i>
                <i>1 0 0 0 1 0 0 0 1 0.0553985 0.938949 -1.83662</i>
                <i>1 0 0 0 1 0 0 0 1 0.0553985 0.938949 -1.83662</i>
                <i>1 0 0 0 1 0 0 0 1 0.0553985 0.938949 -1.83662</i>
                <i>1 0 0 0 1 0 0 0 1 0.0553985 0.938949 -1.83662</i>
                <i>1 0 0 0 1 0 0 0 1 0.0553985 0.938949 -1.83662</i>
                <i>1 0 0 0 1 0 0 0 1 0.0553985 0.938949 -1.83662</i>
                <i>1 0 0 0 1 0 0 0 1 0.0553985 0.938949 -1.83662</i>
                <i>1 0 0 0 1 0 0 0 1 0.0553985 0.938949 -1.83662</i>
                <i>1 0 0 0 1 0 0 0 1 0.0553985 0.938949 -1.83662</i>
                <i>1 0 0 0 1 0 0 0 1 0.0553985 0.938949 -1.83662</i>
                <i>1 0 0 0 1 0 0 0 1 0.0553985 0.938949 -1.83662</i>
                <i>1 0 0 0 1 0 0 0 1 0.0553985 0.938949 -1.83662</i>
                <i>1 0 0 0 1 0 0 0 1 0.0553985 0.938949 -1.83662</i>
                <i>1 0 0 0 1 0 0 0 1 0.0553985 0.938949 -1.83662</i>
                <i>1 0 0 0 1 0 0 0 1 0.0553985 0.938949 -1.83662</i>
                <i>1 0 0 0 1 0 0 0 1 0.0553985 0.938949 -1.83662</i>
                <i>1 0 0 0 1 0 0 0 1 0.0553985 0.938949 -1.83662</i>
                <i>1 0 0 0 1 0 0 0 1 0.0553985 0.938949 -1.83662</i>
                <i>1 0 0 0 1 0 0 0 1 0.0553985 0.938949 -1.83662</i>
                <i>1 0 0 0 1 0 0 0 1 0.0553985 0.938949 -1.83662</i>
                <i>1 0 0 0 1 0 0 0 1 0.0553985 0.938949 -1.83662</i>
                <i>1 0 0 0 1 0 0 0 1 0.0553985 0.938949 -1.83662</i>
                <i>1 0 0 0 1 0 0 0 1 0.0553985 0.938949 -1.83662</i>
                <i>1 0 0 0 1 0 0 0 1 0.0553985 0.938949 -1.83662</i>
                <i>1 0 0 0 1 0 0 0 1 0.0553985 0.938949 -1.83662</i>
                <i>1 0 0 0 1 0 0 0 1 0.0553985 0.938949 -1.83662</i>
                <i>1 0 0 0 1 0 0 0 1 0.0553985 0.938949 -1.83662</i>
                <i>1 0 0 0 1 0 0 0 1 0.0553985 0.938949 -1.83662</i>
                <i>1 0 0 0 1 0 0 0 1 0.0553985 0.938949 -1.83662</i>
                <i>1 0 0 0 1 0 0 0 1 0.0553985 0.938949 -1.83662</i>
                <i>1 0 0 0 1 0 0 0 1 0.0553985 0.938949 -1.83662</i>
                <i>1 0 0 0 1 0 0 0 1 0.0553985 0.938949 -1.83662</i>
                <i>1 0 0 0 1 0 0 0 1 0.0553985 0.938949 -1.83662</i>
                <i>1 0 0 0 1 0 0 0 1 0.0553985 0.938949 -1.83662</i>
                <i>1 0 0 0 1 0 0 0 1 0.0553985 0.938949 -1.83662</i>
                <i>1 0 0 0 1 0 0 0 1 0.0553985 0.938949 -1.83662</i>
                <i>1 0 0 0 1 0 0 0 1 0.0553985 0.938949 -1.83662</i>
                <i>1 0 0 0 1 0 0 0 1 0.0553985 0.938949 -1.83662</i>
                <i>1 0 0 0 1 0 0 0 1 0.0553985 0.938949 -1.83662</i>
                <i>1 0 0 0 1 0 0 0 1 0.0553985 0.938949 -1.83662</i>
                <i>1 0 0 0 1 0 0 0 1 0.0553985 0.938949 -1.83662</i>
                <i>1 0 0 0 1 0 0 0 1 0.0553985 0.938949 -1.83662</i>
                <i>1 0 0 0 1 0 0 0 1 0.0553985 0.938949 -1.83662</i>
                <i>1 0 0 0 1 0 0 0 1 0.0553985 0.938949 -1.83662</i>
                <i>1 0 0 0 1 0 0 0 1 0.0553985 0.938949 -1.83662</i>
                <i>1 0 0 0 1 0 0 0 1 0.0553985 0.938949 -1.83662</i>
                <i>1 0 0 0 1 0 0 0 1 0.0553985 0.938949 -1.83662</i>
                <i>1 0 0 0 1 0 0 0 1 0.0553985 0.938949 -1.83662</i>
                <i>1 0 0 0 1 0 0 0 1 0.0553985 0.938949 -1.83662</i>
                <i>1 0 0 0 1 0 0 0 1 0.0553985 0.938949 -1.83662</i>
                <i>1 0 0 0 1 0 0 0 1 0.0553985 0.938949 -1.83662</i>
                <i>1 0 0 0 1 0 0 0 1 0.0553985 0.938949 -1.83662</i>
                <i>1 0 0 0 1 0 0 0 1 0.0553985 0.938949 -1.83662</i>
                <i>1 0 0 0 1 0 0 0 1 0.0553985 0.938949 -1.83662</i>
                <i>1 0 0 0 1 0 0 0 1 0.0553985 0.938949 -1.83662</i>
                <i>1 0 0 0 1 0 0 0 1 0.0553985 0.938949 -1.83662</i>
                <i>1 0 0 0 1 0 0 0 1 0.0553985 0.938949 -1.83662</i>
                <i>1 0 0 0 1 0 0 0 1 0.0553985 0.938949 -1.83662</i>
                <i>1 0 0 0 1 0 0 0 1 0.0553985 0.938949 -1.83662</i>
                <i>1 0 0 0 1 0 0 0 1 0.0553985 0.938949 -1.83662</i>
                <i>1 0 0 0 1 0 0 0 1 0.0553985 0.938949 -1.83662</i>
                <i>1 0 0 0 1 0 0 0 1 0.0553985 0.938949 -1.83662</i>
                <i>1 0 0 0 1 0 0 0 1 0.0553985 0.938949 -1.83662</i>
                <i>1 0 0 0 1 0 0 0 1 0.0553985 0.938949 -1.83662</i>
                <i>1 0 0 0 1 0 0 0 1 0.0553985 0.938949 -1.83662</i>
                <i>1 0 0 0 1 0 0 0 1 0.0553985 0.938949 -1.83662</i>
                <i>1 0 0 0 1 0 0 0 1 0.0553985 0.938949 -1.83662</i>
                <i>1 0 0 0 1 0 0 0 1 0.0553985 0.938949 -1.83662</i>
                <i>1 0 0 0 1 0 0 0 1 0.0553985 0.938949 -1.83662</i>
                <i>1 0 0 0 1 0 0 0 1 0.0553985 0.938949 -1.83662</i>
                <i>1 0 0 0 1 0 0 0 1 0.0553985 0.938949 -1.83662</i>
                <i>1 0 0 0 1 0 0 0 1 0.0553985 0.938949 -1.83662</i>
                <i>1 0 0 0 1 0 0 0 1 0.0553985 0.938949 -1.83662</i>
                <i>1 0 0 0 1 0 0 0 1 0.0553985 0.938949 -1.83662</i>
                <i>1 0 0 0 1 0 0 0 1 0.0553985 0.938949 -1.83662</i>
                <i>1 0 0 0 1 0 0 0 1 0.0553985 0.938949 -1.83662</i>
                <i>1 0 0 0 1 0 0 0 1 0.0553985 0.938949 -1.83662</i>
                <i>1 0 0 0 1 0 0 0 1 0.0553985 0.938949 -1.83662</i>
                <i>1 0 0 0 1 0 0 0 1 0.0553985 0.938949 -1.83662</i>
                <i>1 0 0 0 1 0 0 0 1 0.0553985 0.938949 -1.83662</i>
                <i>1 0 0 0 1 0 0 0 1 0.0553985 0.938949 -1.83662</i>
                <i>1 0 0 0 1 0 0 0 1 0.0553985 0.938949 -1.83662</i>
                <i>1 0 0 0 1 0 0 0 1 0.0553985 0.938949 -1.83662</i>
                <i>1 0 0 0 1 0 0 0 1 0.0553985 0.938949 -1.83662</i>
                <i>1 0 0 0 1 0 0 0 1 0.0553985 0.938949 -1.83662</i>
                <i>1 0 0 0 1 0 0 0 1 0.0553985 0.938949 -1.83662</i>
                <i>1 0 0 0 1 0 0 0 1 0.0553985 0.938949 -1.83662</i>
                <i>1 0 0 0 1 0 0 0 1 0.0553985 0.938949 -1.83662</i>
                <i>1 0 0 0 1 0 0 0 1 0.0553985 0.938949 -1.83662</i>
                <i>1 0 0 0 1 0 0 0 1 0.0553985 0.938949 -1.83662</i>
                <i>1 0 0 0 1 0 0 0 1 0.0553985 0.938949 -1.83662</i>
                <i>1 0 0 0 1 0 0 0 1 0.0553985 0.938949 -1.83662</i>
                <i>1 0 0 0 1 0 0 0 1 0.0553985 0.938949 -1.83662</i>
                <i>1 0 0 0 1 0 0 0 1 0.0553985 0.938949 -1.83662</i>
                <i>1 0 0 0 1 0 0 0 1 0.0553985 0.938949 -1.83662</i>
                <i>1 0 0 0 1 0 0 0 1 0.0553985 0.938949 -1.83662</i>
                <i>1 0 0 0 1 0 0 0 1 0.0553985 0.938949 -1.83662</i>
                <i>1 0 0 0 1 0 0 0 1 0.0553985 0.938949 -1.83662</i>
                <i>1 0 0 0 1 0 0 0 1 0.0553985 0.938949 -1.83662</i>
                <i>1 0 0 0 1 0 0 0 1 0.0553985 0.938949 -1.83662</i>
                <i>1 0 0 0 1 0 0 0 1 0.0553985 0.938949 -1.83662</i>
                <i>1 0 0 0 1 0 0 0 1 0.0553985 0.938949 -1.83662</i>
                <i>1 0 0 0 1 0 0 0 1 0.0553985 0.938949 -1.83662</i>
                <i>1 0 0 0 1 0 0 0 1 0.0553985 0.938949 -1.83662</i>
                <i>1 0 0 0 1 0 0 0 1 0.0553985 0.938949 -1.83662</i>
                <i>1 0 0 0 1 0 0 0 1 0.0553985 0.938949 -1.83662</i>
                <i>1 0 0 0 1 0 0 0 1 0.0553985 0.938949 -1.83662</i>
                <i>1 0 0 0 1 0 0 0 1 0.0553985 0.938949 -1.83662</i>
                <i>1 0 0 0 1 0 0 0 1 0.0553985 0.938949 -1.83662</i>
                <i>1 0 0 0 1 0 0 0 1 0.0553985 0.938949 -1.83662</i>
                <i>1 0 0 0 1 0 0 0 1 0.0553985 0.938949 -1.83662</i>
                <i>1 0 0 0 1 0 0 0 1 0.0553985 0.938949 -1.83662</i>
                <i>1 0 0 0 1 0 0 0 1 0.0553985 0.938949 -1.83662</i>
                <i>1 0 0 0 1 0 0 0 1 0.0553985 0.938949 -1.83662</i>
                <i>1 0 0 0 1 0 0 0 1 0.0553985 0.938949 -1.83662</i>
                <i>1 0 0 0 1 0 0 0 1 0.0553985 0.938949 -1.83662</i>
                <i>1 0 0 0 1 0 0 0 1 0.0553985 0.938949 -1.83662</i>
                <i>1 0 0 0 1 0 0 0 1 0.0553985 0.938949 -1.83662</i>
                <i>1 0 0 0 1 0 0 0 1 0.0553985 0.938949 -1.83662</i>
                <i>1 0 0 0 1 0 0 0 1 0.0553985 0.938949 -1.83662</i>
                <i>1 0 0 0 1 0 0 0 1 0.0553985 0.938949 -1.83662</i>
            </KeyFrames>
        </RefFrame>
        <Bones count="23">
            <i>
                <p>
                    <Name><![CDATA[pelvis]]></Name>
                    <Exclude>0</Exclude>
                    <Additive>0</Additive>
                    <IKPriority>0</IKPriority>
                    <IKRotLimits>-1e+010 -1e+010 -1e+010 1e+010 1e+010 1e+010</IKRotLimits>
                    <IKRotLimitOrder>2</IKRotLimitOrder>
                    <KeyFrames count="193">
                        <i>1 0 0 0 1 0 0 0 1 -0.0200439 2.31296 -1.78812</i>
                        <i>1 0 0 0 1 0 0 0 1 -0.02116 2.3129 -1.78812</i>
                        <i>1 0 0 0 1 0 0 0 1 -0.0223542 2.3128 -1.78813</i>
                        <i>1 0 0 0 1 0 0 0 1 -0.023616 2.31266 -1.78813</i>
                        <i>1 0 0 0 1 0 0 0 1 -0.0249345 2.31248 -1.78814</i>
                        <i>1 0 0 0 1 0 0 0 1 -0.0262986 2.31227 -1.78814</i>
                        <i>1 0 0 0 1 0 0 0 1 -0.027697 2.31201 -1.78815</i>
                        <i>1 0 0 0 1 0 0 0 1 -0.0291186 2.31171 -1.78816</i>
                        <i>1 0 0 0 1 0 0 0 1 -0.0305519 2.31137 -1.78817</i>
                        <i>1 0 0 0 1 0 0 0 1 -0.0319854 2.31099 -1.78818</i>
                        <i>1 0 0 0 1 0 0 0 1 -0.0334077 2.31055 -1.78819</i>
                        <i>1 0 0 0 1 0 0 0 1 -0.0348073 2.31007 -1.78821</i>
                        <i>1 0 0 0 1 0 0 0 1 -0.0361727 2.30953 -1.78822</i>
                        <i>1 0 0 0 1 0 0 0 1 -0.0374925 2.30893 -1.78824</i>
                        <i>1 0 0 0 1 0 0 0 1 -0.0387552 2.30827 -1.78827</i>
                        <i>1 0 0 0 1 0 0 0 1 -0.0399495 2.30754 -1.78829</i>
                        <i>1 0 0 0 1 0 0 0 1 -0.0410642 2.30675 -1.78832</i>
                        <i>1 0 0 0 1 0 0 0 1 -0.0420881 2.30588 -1.78835</i>
                        <i>1 0 0 0 1 0 0 0 1 -0.0430102 2.30495 -1.78839</i>
                        <i>1 0 0 0 1 0 0 0 1 -0.0438195 2.30394 -1.78843</i>
                        <i>1 0 0 0 1 0 0 0 1 -0.0445053 2.30286 -1.78847</i>
                        <i>1 0 0 0 1 0 0 0 1 -0.0450569 2.3017 -1.78851</i>
                        <i>1 0 0 0 1 0 0 0 1 -0.0454638 2.30048 -1.78856</i>
                        <i>1 0 0 0 1 0 0 0 1 -0.0457157 2.29918 -1.78861</i>
                        <i>1 0 0 0 1 0 0 0 1 -0.0458023 2.29782 -1.78866</i>
                        <i>1 0 0 0 1 0 0 0 1 -0.0457209 2.29641 -1.78871</i>
                        <i>1 0 0 0 1 0 0 0 1 -0.0454834 2.29495 -1.78876</i>
                        <i>1 0 0 0 1 0 0 0 1 -0.0451016 2.29348 -1.78881</i>
                        <i>1 0 0 0 1 0 0 0 1 -0.0445869 2.292 -1.78886</i>
                        <i>1 0 0 0 1 0 0 0 1 -0.0439501 2.29055 -1.78891</i>
                        <i>1 0 0 0 1 0 0 0 1 -0.0432012 2.28914 -1.78895</i>
                        <i>1 0 0 0 1 0 0 0 1 -0.0423492 2.2878 -1.78898</i>
                        <i>1 0 0 0 1 0 0 0 1 -0.0414026 2.28654 -1.789</i>
                        <i>1 0 0 0 1 0 0 0 1 -0.0403692 2.28538 -1.78901</i>
                        <i>1 0 0 0 1 0 0 0 1 -0.0392559 2.28433 -1.78901</i>
                        <i>1 0 0 0 1 0 0 0 1 -0.0380695 2.28342 -1.789</i>
                        <i>1 0 0 0 1 0 0 0 1 -0.0368168 2.28264 -1.78898</i>
                        <i>1 0 0 0 1 0 0 0 1 -0.0355045 2.28201 -1.78894</i>
                        <i>1 0 0 0 1 0 0 0 1 -0.0341401 2.28152 -1.78889</i>
                        <i>1 0 0 0 1 0 0 0 1 -0.0327316 2.28117 -1.78882</i>
                        <i>1 0 0 0 1 0 0 0 1 -0.0312881 2.28095 -1.78875</i>
                        <i>1 0 0 0 1 0 0 0 1 -0.0298201 2.28087 -1.78867</i>
                        <i>1 0 0 0 1 0 0 0 1 -0.0283394 2.2809 -1.78859</i>
                        <i>1 0 0 0 1 0 0 0 1 -0.0268594 2.28104 -1.7885</i>
                        <i>1 0 0 0 1 0 0 0 1 -0.0253952 2.28127 -1.78841</i>
                        <i>1 0 0 0 1 0 0 0 1 -0.0239632 2.28156 -1.78833</i>
                        <i>1 0 0 0 1 0 0 0 1 -0.0225812 2.28191 -1.78825</i>
                        <i>1 0 0 0 1 0 0 0 1 -0.0212683 2.2823 -1.78818</i>
                        <i>1 0 0 0 1 0 0 0 1 -0.0200439 2.28269 -1.78812</i>
                        <i>1 0 0 0 1 0 0 0 1 -0.0188291 2.28312 -1.78808</i>
                        <i>1 0 0 0 1 0 0 0 1 -0.0175397 2.28362 -1.78804</i>
                        <i>1 0 0 0 1 0 0 0 1 -0.0161881 2.28417 -1.78801</i>
                        <i>1 0 0 0 1 0 0 0 1 -0.0147865 2.28478 -1.788</i>
                        <i>1 0 0 0 1 0 0 0 1 -0.0133467 2.28543 -1.78799</i>
                        <i>1 0 0 0 1 0 0 0 1 -0.0118805 2.28614 -1.78799</i>
                        <i>1 0 0 0 1 0 0 0 1 -0.0103994 2.28689 -1.78801</i>
                        <i>1 0 0 0 1 0 0 0 1 -0.00891504 2.28768 -1.78803</i>
                        <i>1 0 0 0 1 0 0 0 1 -0.00743854 2.2885 -1.78807</i>
                        <i>1 0 0 0 1 0 0 0 1 -0.00598118 2.28935 -1.78812</i>
                        <i>1 0 0 0 1 0 0 0 1 -0.00455403 2.29023 -1.78817</i>
                        <i>1 0 0 0 1 0 0 0 1 -0.00316813 2.29112 -1.78824</i>
                        <i>1 0 0 0 1 0 0 0 1 -0.00183436 2.29202 -1.78831</i>
                        <i>1 0 0 0 1 0 0 0 1 -0.000563563 2.29292 -1.78839</i>
                        <i>1 0 0 0 1 0 0 0 1 0.000633561 2.29383 -1.78847</i>
                        <i>1 0 0 0 1 0 0 0 1 0.00174641 2.29472 -1.78856</i>
                        <i>1 0 0 0 1 0 0 0 1 0.00276448 2.2956 -1.78865</i>
                        <i>1 0 0 0 1 0 0 0 1 0.0036774 2.29646 -1.78874</i>
                        <i>1 0 0 0 1 0 0 0 1 0.00447496 2.29729 -1.78883</i>
                        <i>1 0 0 0 1 0 0 0 1 0.00514703 2.29809 -1.78891</i>
                        <i>1 0 0 0 1 0 0 0 1 0.00568364 2.29885 -1.78899</i>
                        <i>1 0 0 0 1 0 0 0 1 0.00607492 2.29958 -1.78906</i>
                        <i>1 0 0 0 1 0 0 0 1 0.00631104 2.30025 -1.78912</i>
                        <i>1 0 0 0 1 0 0 0 1 0.00638222 2.30088 -1.78916</i>
                        <i>1 0 0 0 1 0 0 0 1 0.00627731 2.30144 -1.7892</i>
                        <i>1 0 0 0 1 0 0 0 1 0.00600161 2.3019 -1.78923</i>
                        <i>1 0 0 0 1 0 0 0 1 0.00556982 2.30228 -1.78925</i>
                        <i>1 0 0 0 1 0 0 0 1 0.00499628 2.3026 -1.78927</i>
                        <i>1 0 0 0 1 0 0 0 1 0.00429466 2.30287 -1.78928</i>
                        <i>1 0 0 0 1 0 0 0 1 0.0034779 2.30313 -1.78928</i>
                        <i>1 0 0 0 1 0 0 0 1 0.00255803 2.30337 -1.78927</i>
                        <i>1 0 0 0 1 0 0 0 1 0.0015462 2.30363 -1.78926</i>
                        <i>1 0 0 0 1 0 0 0 1 0.00045265 2.3039 -1.78923</i>
                        <i>1 0 0 0 1 0 0 0 1 -0.000713213 2.30421 -1.7892</i>
                        <i>1 0 0 0 1 0 0 0 1 -0.00194273 2.30456 -1.78916</i>
                        <i>1 0 0 0 1 0 0 0 1 -0.00322785 2.30495 -1.78911</i>
                        <i>1 0 0 0 1 0 0 0 1 -0.00456098 2.30541 -1.78905</i>
                        <i>1 0 0 0 1 0 0 0 1 -0.00593479 2.30592 -1.78898</i>
                        <i>1 0 0 0 1 0 0 0 1 -0.00734203 2.3065 -1.78891</i>
                        <i>1 0 0 0 1 0 0 0 1 -0.00877524 2.30713 -1.78883</i>
                        <i>1 0 0 0 1 0 0 0 1 -0.0102266 2.30781 -1.78874</i>
                        <i>1 0 0 0 1 0 0 0 1 -0.0116877 2.30853 -1.78865</i>
                        <i>1 0 0 0 1 0 0 0 1 -0.0131491 2.30929 -1.78856</i>
                        <i>1 0 0 0 1 0 0 0 1 -0.0146005 2.31006 -1.78847</i>
                        <i>1 0 0 0 1 0 0 0 1 -0.01603 2.31084 -1.78838</i>
                        <i>1 0 0 0 1 0 0 0 1 -0.0174242 2.3116 -1.78829</i>
                        <i>1 0 0 0 1 0 0 0 1 -0.0187679 2.31231 -1.7882</i>
                        <i>1 0 0 0 1 0 0 0 1 -0.0200439 2.31296 -1.78812</i>
                        <i>1 0 0 0 1 0 0 0 1 -0.02116 2.3129 -1.78812</i>
                        <i>1 0 0 0 1 0 0 0 1 -0.0223542 2.3128 -1.78813</i>
                        <i>1 0 0 0 1 0 0 0 1 -0.023616 2.31266 -1.78813</i>
                        <i>1 0 0 0 1 0 0 0 1 -0.0249345 2.31248 -1.78814</i>
                        <i>1 0 0 0 1 0 0 0 1 -0.0262986 2.31227 -1.78814</i>
                        <i>1 0 0 0 1 0 0 0 1 -0.027697 2.31201 -1.78815</i>
                        <i>1 0 0 0 1 0 0 0 1 -0.0291186 2.31171 -1.78816</i>
                        <i>1 0 0 0 1 0 0 0 1 -0.0305519 2.31137 -1.78817</i>
                        <i>1 0 0 0 1 0 0 0 1 -0.0319854 2.31099 -1.78818</i>
                        <i>1 0 0 0 1 0 0 0 1 -0.0334077 2.31055 -1.78819</i>
                        <i>1 0 0 0 1 0 0 0 1 -0.0348073 2.31007 -1.78821</i>
                        <i>1 0 0 0 1 0 0 0 1 -0.0361727 2.30953 -1.78822</i>
                        <i>1 0 0 0 1 0 0 0 1 -0.0374925 2.30893 -1.78824</i>
                        <i>1 0 0 0 1 0 0 0 1 -0.0387552 2.30827 -1.78827</i>
                        <i>1 0 0 0 1 0 0 0 1 -0.0399495 2.30754 -1.78829</i>
                        <i>1 0 0 0 1 0 0 0 1 -0.0410642 2.30675 -1.78832</i>
                        <i>1 0 0 0 1 0 0 0 1 -0.0420881 2.30588 -1.78835</i>
                        <i>1 0 0 0 1 0 0 0 1 -0.0430102 2.30495 -1.78839</i>
                        <i>1 0 0 0 1 0 0 0 1 -0.0438195 2.30394 -1.78843</i>
                        <i>1 0 0 0 1 0 0 0 1 -0.0445053 2.30286 -1.78847</i>
                        <i>1 0 0 0 1 0 0 0 1 -0.0450569 2.3017 -1.78851</i>
                        <i>1 0 0 0 1 0 0 0 1 -0.0454638 2.30048 -1.78856</i>
                        <i>1 0 0 0 1 0 0 0 1 -0.0457157 2.29918 -1.78861</i>
                        <i>1 0 0 0 1 0 0 0 1 -0.0458023 2.29782 -1.78866</i>
                        <i>1 0 0 0 1 0 0 0 1 -0.0457209 2.29641 -1.78871</i>
                        <i>1 0 0 0 1 0 0 0 1 -0.0454834 2.29495 -1.78876</i>
                        <i>1 0 0 0 1 0 0 0 1 -0.0451016 2.29348 -1.78881</i>
                        <i>1 0 0 0 1 0 0 0 1 -0.0445869 2.292 -1.78886</i>
                        <i>1 0 0 0 1 0 0 0 1 -0.0439501 2.29055 -1.78891</i>
                        <i>1 0 0 0 1 0 0 0 1 -0.0432012 2.28914 -1.78895</i>
                        <i>1 0 0 0 1 0 0 0 1 -0.0423492 2.2878 -1.78898</i>
                        <i>1 0 0 0 1 0 0 0 1 -0.0414026 2.28654 -1.789</i>
                        <i>1 0 0 0 1 0 0 0 1 -0.0403692 2.28538 -1.78901</i>
                        <i>1 0 0 0 1 0 0 0 1 -0.0392559 2.28433 -1.78901</i>
                        <i>1 0 0 0 1 0 0 0 1 -0.0380695 2.28342 -1.789</i>
                        <i>1 0 0 0 1 0 0 0 1 -0.0368168 2.28264 -1.78898</i>
                        <i>1 0 0 0 1 0 0 0 1 -0.0355045 2.28201 -1.78894</i>
                        <i>1 0 0 0 1 0 0 0 1 -0.0341401 2.28152 -1.78889</i>
                        <i>1 0 0 0 1 0 0 0 1 -0.0327316 2.28117 -1.78882</i>
                        <i>1 0 0 0 1 0 0 0 1 -0.0312881 2.28095 -1.78875</i>
                        <i>1 0 0 0 1 0 0 0 1 -0.0298201 2.28087 -1.78867</i>
                        <i>1 0 0 0 1 0 0 0 1 -0.0283394 2.2809 -1.78859</i>
                        <i>1 0 0 0 1 0 0 0 1 -0.0268594 2.28104 -1.7885</i>
                        <i>1 0 0 0 1 0 0 0 1 -0.0253952 2.28127 -1.78841</i>
                        <i>1 0 0 0 1 0 0 0 1 -0.0239632 2.28156 -1.78833</i>
                        <i>1 0 0 0 1 0 0 0 1 -0.0225812 2.28191 -1.78825</i>
                        <i>1 0 0 0 1 0 0 0 1 -0.0212683 2.2823 -1.78818</i>
                        <i>1 0 0 0 1 0 0 0 1 -0.0200439 2.28269 -1.78812</i>
                        <i>1 0 0 0 1 0 0 0 1 -0.0188291 2.28312 -1.78808</i>
                        <i>1 0 0 0 1 0 0 0 1 -0.0175397 2.28362 -1.78804</i>
                        <i>1 0 0 0 1 0 0 0 1 -0.0161881 2.28417 -1.78801</i>
                        <i>1 0 0 0 1 0 0 0 1 -0.0147865 2.28478 -1.788</i>
                        <i>1 0 0 0 1 0 0 0 1 -0.0133467 2.28543 -1.78799</i>
                        <i>1 0 0 0 1 0 0 0 1 -0.0118805 2.28614 -1.78799</i>
                        <i>1 0 0 0 1 0 0 0 1 -0.0103994 2.28689 -1.78801</i>
                        <i>1 0 0 0 1 0 0 0 1 -0.00891504 2.28768 -1.78803</i>
                        <i>1 0 0 0 1 0 0 0 1 -0.00743854 2.2885 -1.78807</i>
                        <i>1 0 0 0 1 0 0 0 1 -0.00598118 2.28935 -1.78812</i>
                        <i>1 0 0 0 1 0 0 0 1 -0.00455403 2.29023 -1.78817</i>
                        <i>1 0 0 0 1 0 0 0 1 -0.00316813 2.29112 -1.78824</i>
                        <i>1 0 0 0 1 0 0 0 1 -0.00183436 2.29202 -1.78831</i>
                        <i>1 0 0 0 1 0 0 0 1 -0.000563563 2.29292 -1.78839</i>
                        <i>1 0 0 0 1 0 0 0 1 0.000633561 2.29383 -1.78847</i>
                        <i>1 0 0 0 1 0 0 0 1 0.00174641 2.29472 -1.78856</i>
                        <i>1 0 0 0 1 0 0 0 1 0.00276448 2.2956 -1.78865</i>
                        <i>1 0 0 0 1 0 0 0 1 0.0036774 2.29646 -1.78874</i>
                        <i>1 0 0 0 1 0 0 0 1 0.00447496 2.29729 -1.78883</i>
                        <i>1 0 0 0 1 0 0 0 1 0.00514703 2.29809 -1.78891</i>
                        <i>1 0 0 0 1 0 0 0 1 0.00568364 2.29885 -1.78899</i>
                        <i>1 0 0 0 1 0 0 0 1 0.00607492 2.29958 -1.78906</i>
                        <i>1 0 0 0 1 0 0 0 1 0.00631104 2.30025 -1.78912</i>
                        <i>1 0 0 0 1 0 0 0 1 0.00638222 2.30088 -1.78916</i>
                        <i>1 0 0 0 1 0 0 0 1 0.00627731 2.30144 -1.7892</i>
                        <i>1 0 0 0 1 0 0 0 1 0.00600161 2.3019 -1.78923</i>
                        <i>1 0 0 0 1 0 0 0 1 0.00556982 2.30228 -1.78925</i>
                        <i>1 0 0 0 1 0 0 0 1 0.00499628 2.3026 -1.78927</i>
                        <i>1 0 0 0 1 0 0 0 1 0.00429466 2.30287 -1.78928</i>
                        <i>1 0 0 0 1 0 0 0 1 0.0034779 2.30313 -1.78928</i>
                        <i>1 0 0 0 1 0 0 0 1 0.00255803 2.30337 -1.78927</i>
                        <i>1 0 0 0 1 0 0 0 1 0.0015462 2.30363 -1.78926</i>
                        <i>1 0 0 0 1 0 0 0 1 0.00045265 2.3039 -1.78923</i>
                        <i>1 0 0 0 1 0 0 0 1 -0.000713213 2.30421 -1.7892</i>
                        <i>1 0 0 0 1 0 0 0 1 -0.00194273 2.30456 -1.78916</i>
                        <i>1 0 0 0 1 0 0 0 1 -0.00322785 2.30495 -1.78911</i>
                        <i>1 0 0 0 1 0 0 0 1 -0.00456098 2.30541 -1.78905</i>
                        <i>1 0 0 0 1 0 0 0 1 -0.00593479 2.30592 -1.78898</i>
                        <i>1 0 0 0 1 0 0 0 1 -0.00734203 2.3065 -1.78891</i>
                        <i>1 0 0 0 1 0 0 0 1 -0.00877524 2.30713 -1.78883</i>
                        <i>1 0 0 0 1 0 0 0 1 -0.0102266 2.30781 -1.78874</i>
                        <i>1 0 0 0 1 0 0 0 1 -0.0116877 2.30853 -1.78865</i>
                        <i>1 0 0 0 1 0 0 0 1 -0.0131491 2.30929 -1.78856</i>
                        <i>1 0 0 0 1 0 0 0 1 -0.0146005 2.31006 -1.78847</i>
                        <i>1 0 0 0 1 0 0 0 1 -0.01603 2.31084 -1.78838</i>
                        <i>1 0 0 0 1 0 0 0 1 -0.0174242 2.3116 -1.78829</i>
                        <i>1 0 0 0 1 0 0 0 1 -0.0187679 2.31231 -1.7882</i>
                        <i>1 0 0 0 1 0 0 0 1 -0.0200439 2.31296 -1.78812</i>
                    </KeyFrames>
                </p>
            </i>
            <i>
                <p>
                    <Name><![CDATA[spine0]]></Name>
                    <Exclude>0</Exclude>
                    <Additive>0</Additive>
                    <IKPriority>0</IKPriority>
                    <IKRotLimits>-1e+010 -1e+010 -1e+010 1e+010 1e+010 1e+010</IKRotLimits>
                    <IKRotLimitOrder>0</IKRotLimitOrder>
                    <KeyFrames count="193">
                        <i>-0.381314 0.884421 0.269071 -0.92258 -0.382549 -0.0500194 0.0586945 -0.267312 0.961821 -0.0740314 2.44254 -1.81959</i>
                        <i>-0.393814 0.879126 0.268418 -0.917102 -0.395464 -0.0503115 0.0619195 -0.26598 0.961988 -0.0763287 2.44199 -1.81958</i>
                        <i>-0.404668 0.874392 0.267735 -0.912174 -0.406672 -0.0505595 0.0646716 -0.264681 0.962165 -0.078545 2.44145 -1.81957</i>
                        <i>-0.41406 0.870201 0.26703 -0.907779 -0.416365 -0.0507584 0.0670121 -0.263422 0.96235 -0.0806913 2.44093 -1.81956</i>
                        <i>-0.422124 0.866539 0.266311 -0.903909 -0.424685 -0.0509031 0.0689886 -0.262208 0.962542 -0.0827715 2.44041 -1.81955</i>
                        <i>-0.428959 0.863399 0.265585 -0.900558 -0.431736 -0.0509884 0.0706393 -0.261046 0.962738 -0.0847842 2.4399 -1.81954</i>
                        <i>-0.434639 0.860777 0.264862 -0.897723 -0.437598 -0.0510095 0.0719952 -0.259943 0.962936 -0.0867248 2.4394 -1.81953</i>
                        <i>-0.439217 0.85867 0.26415 -0.895404 -0.44233 -0.0509612 0.0730823 -0.258903 0.963134 -0.0885855 2.4389 -1.81952</i>
                        <i>-0.442733 0.857075 0.263457 -0.893601 -0.445974 -0.0508385 0.0739228 -0.257934 0.963331 -0.0903567 2.4384 -1.81952</i>
                        <i>-0.445216 0.855992 0.262794 -0.892316 -0.448563 -0.0506365 0.0745352 -0.257039 0.963522 -0.092027 2.43791 -1.81951</i>
                        <i>-0.446683 0.85542 0.262167 -0.891549 -0.450117 -0.0503501 0.0749356 -0.256225 0.963708 -0.0935836 2.43742 -1.81951</i>
                        <i>-0.447142 0.855358 0.261586 -0.891301 -0.450649 -0.0499742 0.0751377 -0.255497 0.963886 -0.0950128 2.43692 -1.8195</i>
                        <i>-0.446597 0.855804 0.261058 -0.891574 -0.450162 -0.0495037 0.0751528 -0.25486 0.964053 -0.0962995 2.43642 -1.8195</i>
                        <i>-0.445041 0.856757 0.260589 -0.892365 -0.448654 -0.0489334 0.0749904 -0.254318 0.964209 -0.0974282 2.43592 -1.81949</i>
                        <i>-0.442462 0.858213 0.260188 -0.893674 -0.446114 -0.048258 0.0746579 -0.253876 0.964351 -0.0983823 2.43541 -1.81949</i>
                        <i>-0.438843 0.860169 0.25986 -0.895498 -0.442526 -0.0474721 0.0741608 -0.253537 0.964479 -0.0991445 2.43489 -1.81948</i>
                        <i>-0.434158 0.862617 0.259611 -0.897833 -0.437867 -0.0465701 0.0735027 -0.253306 0.96459 -0.0996968 2.43437 -1.81948</i>
                        <i>-0.428378 0.865552 0.259445 -0.900671 -0.432107 -0.0455464 0.0726852 -0.253186 0.964683 -0.100021 2.43383 -1.81947</i>
                        <i>-0.421465 0.868963 0.259367 -0.904005 -0.42521 -0.0443952 0.0717077 -0.25318 0.964758 -0.100096 2.43329 -1.81947</i>
                        <i>-0.413373 0.872837 0.259381 -0.907823 -0.417131 -0.0431103 0.0705674 -0.253292 0.964813 -0.0999034 2.43273 -1.81947</i>
                        <i>-0.40405 0.87716 0.259488 -0.912111 -0.407818 -0.0416856 0.0692591 -0.253525 0.964846 -0.0994212 2.43216 -1.81946</i>
                        <i>-0.393437 0.881911 0.259691 -0.91685 -0.397211 -0.0401146 0.0677748 -0.253881 0.964858 -0.0986273 2.43158 -1.81946</i>
                        <i>-0.381462 0.887069 0.259992 -0.922018 -0.385239 -0.0383906 0.0661039 -0.254361 0.964847 -0.0974984 2.43099 -1.81945</i>
                        <i>-0.368047 0.892603 0.260389 -0.927586 -0.371822 -0.0365069 0.064232 -0.254969 0.964813 -0.0960101 2.43039 -1.81944</i>
                        <i>-0.353098 0.898478 0.260881 -0.93352 -0.356865 -0.0344563 0.0621411 -0.255705 0.964756 -0.0941363 2.42978 -1.81944</i>
                        <i>-0.335906 0.904873 0.26148 -0.94 -0.339656 -0.0321479 0.0597233 -0.25659 0.964673 -0.0917459 2.4292 -1.81943</i>
                        <i>-0.315953 0.911831 0.262179 -0.947067 -0.319675 -0.029516 0.0568985 -0.257627 0.964568 -0.0887545 2.42869 -1.81941</i>
                        <i>-0.293431 0.919104 0.262955 -0.954471 -0.297115 -0.0265917 0.0536873 -0.258786 0.964442 -0.0852054 2.42821 -1.81939</i>
                        <i>-0.268543 0.926446 0.263785 -0.961963 -0.272174 -0.0234066 0.0501106 -0.260038 0.964297 -0.0811429 2.42775 -1.81938</i>
                        <i>-0.241502 0.933616 0.264648 -0.9693 -0.245065 -0.0199929 0.0461904 -0.261352 0.964138 -0.0766122 2.4273 -1.81936</i>
                        <i>-0.212535 0.940386 0.265523 -0.976253 -0.216015 -0.0163833 0.0419502 -0.2627 0.963965 -0.0716599 2.42684 -1.81934</i>
                        <i>-0.181885 0.946548 0.266391 -0.982608 -0.185265 -0.0126116 0.0374154 -0.264052 0.963782 -0.0663342 2.42636 -1.81932</i>
                        <i>-0.149812 0.951914 0.267236 -0.988176 -0.153073 -0.00871187 0.0326137 -0.265382 0.963592 -0.0606848 2.42584 -1.81931</i>
                        <i>-0.116589 0.956326 0.268043 -0.992797 -0.119713 -0.0047191 0.0275752 -0.266663 0.963395 -0.0547628 2.42528 -1.81929</i>
                        <i>-0.0825037 0.959656 0.268801 -0.996341 -0.0854702 -0.000668784 0.0223327 -0.267872 0.963196 -0.0486211 2.42466 -1.81928</i>
                        <i>-0.0478547 0.961811 0.269499 -0.998711 -0.0506442 0.00340306 0.0169217 -0.268989 0.962995 -0.0423133 2.424 -1.81927</i>
                        <i>-0.0129488 0.962736 0.270131 -0.999851 -0.0155412 0.00746006 0.0113802 -0.269994 0.962795 -0.0358942 2.42328 -1.81926</i>
                        <i>0.0219017 0.962417 0.270693 -0.999744 0.0195263 0.0114655 0.005749 -0.270874 0.962598 -0.0294195 2.42251 -1.81925</i>
                        <i>0.0563833 0.960875 0.271183 -0.998409 0.0542444 0.0153828 7.07638e-005 -0.271619 0.962405 -0.0229448 2.42169 -1.81924</i>
                        <i>0.0901845 0.958175 0.271603 -0.995909 0.0883009 0.019175 -0.00560977 -0.272221 0.962218 -0.0165262 2.42084 -1.81924</i>
                        <i>0.123 0.954417 0.271956 -0.992343 0.121389 0.0228057 -0.0112464 -0.272679 0.962039 -0.0102194 2.41996 -1.81923</i>
                        <i>0.154531 0.949737 0.27225 -0.987845 0.15321 0.0262385 -0.0167917 -0.272995 0.961869 -0.00407982 2.41907 -1.81923</i>
                        <i>0.184492 0.944304 0.272492 -0.982583 0.183476 0.0294375 -0.0221977 -0.273177 0.961708 0.00183778 2.41819 -1.81922</i>
                        <i>0.212609 0.938315 0.272693 -0.976753 0.211912 0.0323672 -0.0274162 -0.273235 0.961556 0.00747942 2.41733 -1.81921</i>
                        <i>0.238623 0.931989 0.272864 -0.970572 0.238257 0.0349926 -0.0323991 -0.273184 0.961416 0.012792 2.41651 -1.81921</i>
                        <i>0.262288 0.925562 0.273019 -0.964276 0.262262 0.037279 -0.0370986 -0.273044 0.961286 0.017723 2.41575 -1.8192</i>
                        <i>0.28337 0.919282 0.27317 -0.958114 0.283694 0.0391921 -0.041468 -0.272834 0.961167 0.022221 2.41507 -1.81919</i>
                        <i>0.301647 0.9134 0.27333 -0.952335 0.302326 0.0406981 -0.0454612 -0.272578 0.961059 0.0262348 2.4145 -1.81918</i>
                        <i>0.316903 0.908165 0.273512 -0.94719 0.317943 0.0417632 -0.0490333 -0.272303 0.960962 0.029714 2.41406 -1.81918</i>
                        <i>0.330099 0.903383 0.273741 -0.942489 0.331532 0.0424317 -0.0524215 -0.272004 0.960867 0.0328803 2.41372 -1.81917</i>
                        <i>0.342321 0.898734 0.274033 -0.93792 0.344202 0.0427822 -0.055873 -0.271667 0.960768 0.03598 2.41348 -1.81916</i>
                        <i>0.353547 0.894268 0.274388 -0.933531 0.355928 0.0428324 -0.0593586 -0.271293 0.960665 0.0389991 2.41332 -1.81915</i>
                        <i>0.363758 0.890036 0.274802 -0.929371 0.366681 0.0425998 -0.0628493 -0.270889 0.960557 0.0419241 2.41327 -1.81915</i>
                        <i>0.372934 0.886085 0.275272 -0.925485 0.376437 0.042102 -0.0663165 -0.270461 0.960444 0.0447414 2.41331 -1.81914</i>
                        <i>0.381057 0.882459 0.275793 -0.921918 0.385171 0.0413566 -0.0697318 -0.270017 0.960327 0.0474378 2.41345 -1.81914</i>
                        <i>0.38811 0.879202 0.276359 -0.918712 0.392859 0.040381 -0.0730672 -0.269567 0.960206 0.05 2.41369 -1.81914</i>
                        <i>0.394075 0.876353 0.276967 -0.915906 0.399475 0.0391926 -0.0762947 -0.26912 0.96008 0.0524148 2.41404 -1.81915</i>
                        <i>0.398933 0.873949 0.277608 -0.913537 0.404994 0.0378088 -0.0793869 -0.268689 0.95995 0.054669 2.41449 -1.81915</i>
                        <i>0.402665 0.872022 0.278277 -0.911639 0.409391 0.0362468 -0.0823163 -0.268284 0.959817 0.0567491 2.41504 -1.81917</i>
                        <i>0.405251 0.870603 0.278967 -0.91024 0.412639 0.0345241 -0.0850556 -0.267918 0.95968 0.0586418 2.41569 -1.81919</i>
                        <i>0.406668 0.869716 0.279669 -0.909369 0.414707 0.0326579 -0.0875775 -0.267603 0.959541 0.0603333 2.41643 -1.81921</i>
                        <i>0.406894 0.869383 0.280375 -0.909046 0.415567 0.0306654 -0.0898548 -0.267352 0.9594 0.06181 2.41727 -1.81924</i>
                        <i>0.405901 0.86962 0.281079 -0.909289 0.415184 0.028564 -0.09186 -0.267177 0.959259 0.0630576 2.4182 -1.81928</i>
                        <i>0.403662 0.870437 0.281772 -0.910111 0.413524 0.0263708 -0.0935656 -0.267089 0.959119 0.0640621 2.41921 -1.81932</i>
                        <i>0.400146 0.871841 0.282446 -0.91152 0.410548 0.0241031 -0.0949437 -0.2671 0.95898 0.0648087 2.4203 -1.81936</i>
                        <i>0.395318 0.873832 0.283093 -0.913518 0.406216 0.0217783 -0.0959661 -0.267219 0.958845 0.0652829 2.42147 -1.8194</i>
                        <i>0.389141 0.876403 0.283703 -0.916099 0.400483 0.0194136 -0.0966041 -0.267455 0.958716 0.0654697 2.42269 -1.81945</i>
                        <i>0.381575 0.87954 0.284271 -0.919252 0.393301 0.0170263 -0.0968286 -0.267813 0.958593 0.0653536 2.42398 -1.8195</i>
                        <i>0.372577 0.883223 0.284786 -0.922959 0.38462 0.0146336 -0.0966098 -0.268298 0.958479 0.0649194 2.42531 -1.81954</i>
                        <i>0.362098 0.887424 0.285243 -0.927192 0.374386 0.012253 -0.0959173 -0.268912 0.958377 0.0641511 2.42669 -1.81958</i>
