<?xml version="1.0" encoding="ISO-8859-1" ?>
<Animl Version="1">
    <ModellingPackage><![CDATA[Maya.2010]]></ModellingPackage>
    <SrcFile><![CDATA[anims\turrets\machinegun\red\~src\mgun_nsv\mgun_nsv_fire_crewman_c.mb]]></SrcFile>
    <FramesPerSecond>30</FramesPerSecond>
    <TotalFrames>61</TotalFrames>
    <Skeleton>
        <RefFrame>
            <Name><![CDATA[soldier_ref_frame]]></Name>
            <Exclude>0</Exclude>
            <Additive>0</Additive>
            <IKPriority>0</IKPriority>
            <IKRotLimits>-1e+010 -1e+010 -1e+010 1e+010 1e+010 1e+010</IKRotLimits>
            <IKRotLimitOrder>0</IKRotLimitOrder>
            <KeyFrames count="61">
                <i>1 0 0 0 1 0 0 0 1 1.59193 0.937567 0.255518</i>
                <i>1 0 0 0 1 0 0 0 1 1.59193 0.937567 0.255518</i>
                <i>1 0 0 0 1 0 0 0 1 1.59193 0.937567 0.255518</i>
                <i>1 0 0 0 1 0 0 0 1 1.59193 0.937567 0.255518</i>
                <i>1 0 0 0 1 0 0 0 1 1.59193 0.937567 0.255518</i>
                <i>1 0 0 0 1 0 0 0 1 1.59193 0.937567 0.255518</i>
                <i>1 0 0 0 1 0 0 0 1 1.59193 0.937567 0.255518</i>
                <i>1 0 0 0 1 0 0 0 1 1.59193 0.937567 0.255518</i>
                <i>1 0 0 0 1 0 0 0 1 1.59193 0.937567 0.255518</i>
                <i>1 0 0 0 1 0 0 0 1 1.59193 0.937567 0.255518</i>
                <i>1 0 0 0 1 0 0 0 1 1.59193 0.937567 0.255518</i>
                <i>1 0 0 0 1 0 0 0 1 1.59193 0.937567 0.255518</i>
                <i>1 0 0 0 1 0 0 0 1 1.59193 0.937567 0.255518</i>
                <i>1 0 0 0 1 0 0 0 1 1.59193 0.937567 0.255518</i>
                <i>1 0 0 0 1 0 0 0 1 1.59193 0.937567 0.255518</i>
                <i>1 0 0 0 1 0 0 0 1 1.59193 0.937567 0.255518</i>
                <i>1 0 0 0 1 0 0 0 1 1.59193 0.937567 0.255518</i>
                <i>1 0 0 0 1 0 0 0 1 1.59193 0.937567 0.255518</i>
                <i>1 0 0 0 1 0 0 0 1 1.59193 0.937567 0.255518</i>
                <i>1 0 0 0 1 0 0 0 1 1.59193 0.937567 0.255518</i>
                <i>1 0 0 0 1 0 0 0 1 1.59193 0.937567 0.255518</i>
                <i>1 0 0 0 1 0 0 0 1 1.59193 0.937567 0.255518</i>
                <i>1 0 0 0 1 0 0 0 1 1.59193 0.937567 0.255518</i>
                <i>1 0 0 0 1 0 0 0 1 1.59193 0.937567 0.255518</i>
                <i>1 0 0 0 1 0 0 0 1 1.59193 0.937567 0.255518</i>
                <i>1 0 0 0 1 0 0 0 1 1.59193 0.937567 0.255518</i>
                <i>1 0 0 0 1 0 0 0 1 1.59193 0.937567 0.255518</i>
                <i>1 0 0 0 1 0 0 0 1 1.59193 0.937567 0.255518</i>
                <i>1 0 0 0 1 0 0 0 1 1.59193 0.937567 0.255518</i>
                <i>1 0 0 0 1 0 0 0 1 1.59193 0.937567 0.255518</i>
                <i>1 0 0 0 1 0 0 0 1 1.59193 0.937567 0.255518</i>
                <i>1 0 0 0 1 0 0 0 1 1.59193 0.937567 0.255518</i>
                <i>1 0 0 0 1 0 0 0 1 1.59193 0.937567 0.255518</i>
                <i>1 0 0 0 1 0 0 0 1 1.59193 0.937567 0.255518</i>
                <i>1 0 0 0 1 0 0 0 1 1.59193 0.937567 0.255518</i>
                <i>1 0 0 0 1 0 0 0 1 1.59193 0.937567 0.255518</i>
                <i>1 0 0 0 1 0 0 0 1 1.59193 0.937567 0.255518</i>
                <i>1 0 0 0 1 0 0 0 1 1.59193 0.937567 0.255518</i>
                <i>1 0 0 0 1 0 0 0 1 1.59193 0.937567 0.255518</i>
                <i>1 0 0 0 1 0 0 0 1 1.59193 0.937567 0.255518</i>
                <i>1 0 0 0 1 0 0 0 1 1.59193 0.937567 0.255518</i>
                <i>1 0 0 0 1 0 0 0 1 1.59193 0.937567 0.255518</i>
                <i>1 0 0 0 1 0 0 0 1 1.59193 0.937567 0.255518</i>
                <i>1 0 0 0 1 0 0 0 1 1.59193 0.937567 0.255518</i>
                <i>1 0 0 0 1 0 0 0 1 1.59193 0.937567 0.255518</i>
                <i>1 0 0 0 1 0 0 0 1 1.59193 0.937567 0.255518</i>
                <i>1 0 0 0 1 0 0 0 1 1.59193 0.937567 0.255518</i>
                <i>1 0 0 0 1 0 0 0 1 1.59193 0.937567 0.255518</i>
                <i>1 0 0 0 1 0 0 0 1 1.59193 0.937567 0.255518</i>
                <i>1 0 0 0 1 0 0 0 1 1.59193 0.937567 0.255518</i>
                <i>1 0 0 0 1 0 0 0 1 1.59193 0.937567 0.255518</i>
                <i>1 0 0 0 1 0 0 0 1 1.59193 0.937567 0.255518</i>
                <i>1 0 0 0 1 0 0 0 1 1.59193 0.937567 0.255518</i>
                <i>1 0 0 0 1 0 0 0 1 1.59193 0.937567 0.255518</i>
                <i>1 0 0 0 1 0 0 0 1 1.59193 0.937567 0.255518</i>
                <i>1 0 0 0 1 0 0 0 1 1.59193 0.937567 0.255518</i>
                <i>1 0 0 0 1 0 0 0 1 1.59193 0.937567 0.255518</i>
                <i>1 0 0 0 1 0 0 0 1 1.59193 0.937567 0.255518</i>
                <i>1 0 0 0 1 0 0 0 1 1.59193 0.937567 0.255518</i>
                <i>1 0 0 0 1 0 0 0 1 1.59193 0.937567 0.255518</i>
                <i>1 0 0 0 1 0 0 0 1 1.59193 0.937567 0.255518</i>
            </KeyFrames>
        </RefFrame>
        <Bones count="23">
            <i>
                <p>
                    <Name><![CDATA[pelvis]]></Name>
                    <Exclude>0</Exclude>
                    <Additive>0</Additive>
                    <IKPriority>0</IKPriority>
                    <IKRotLimits>-1e+010 -1e+010 -1e+010 1e+010 1e+010 1e+010</IKRotLimits>
                    <IKRotLimitOrder>2</IKRotLimitOrder>
                    <KeyFrames count="61">
                        <i>1 0 0 0 1 0 0 0 1 1.64777 1.48785 0.564462</i>
                        <i>1 0 0 0 1 0 0 0 1 1.64785 1.4637 0.564462</i>
                        <i>1 0 0 0 1 0 0 0 1 1.64806 1.45223 0.564462</i>
                        <i>1 0 0 0 1 0 0 0 1 1.6484 1.48766 0.564462</i>
                        <i>1 0 0 0 1 0 0 0 1 1.64886 1.51741 0.564462</i>
                        <i>1 0 0 0 1 0 0 0 1 1.64943 1.5012 0.564462</i>
                        <i>1 0 0 0 1 0 0 0 1 1.6501 1.47079 0.564462</i>
                        <i>1 0 0 0 1 0 0 0 1 1.65085 1.4416 0.564462</i>
                        <i>1 0 0 0 1 0 0 0 1 1.65169 1.42906 0.564462</i>
                        <i>1 0 0 0 1 0 0 0 1 1.65259 1.47428 0.564462</i>
                        <i>1 0 0 0 1 0 0 0 1 1.65356 1.5225 0.564462</i>
                        <i>1 0 0 0 1 0 0 0 1 1.65457 1.51816 0.564462</i>
                        <i>1 0 0 0 1 0 0 0 1 1.65562 1.49967 0.564462</i>
                        <i>1 0 0 0 1 0 0 0 1 1.6567 1.47974 0.564462</i>
                        <i>1 0 0 0 1 0 0 0 1 1.6578 1.47107 0.564462</i>
                        <i>1 0 0 0 1 0 0 0 1 1.65891 1.50096 0.564462</i>
                        <i>1 0 0 0 1 0 0 0 1 1.66002 1.52952 0.564462</i>
                        <i>1 0 0 0 1 0 0 0 1 1.66111 1.51801 0.564462</i>
                        <i>1 0 0 0 1 0 0 0 1 1.66219 1.49466 0.564462</i>
                        <i>1 0 0 0 1 0 0 0 1 1.66324 1.47193 0.564462</i>
                        <i>1 0 0 0 1 0 0 0 1 1.66425 1.46229 0.564462</i>
                        <i>1 0 0 0 1 0 0 0 1 1.6652 1.49838 0.564462</i>
                        <i>1 0 0 0 1 0 0 0 1 1.6661 1.53616 0.564462</i>
                        <i>1 0 0 0 1 0 0 0 1 1.66693 1.53069 0.564462</i>
                        <i>1 0 0 0 1 0 0 0 1 1.66768 1.51313 0.564462</i>
                        <i>1 0 0 0 1 0 0 0 1 1.66834 1.49517 0.564462</i>
                        <i>1 0 0 0 1 0 0 0 1 1.6689 1.48846 0.564462</i>
                        <i>1 0 0 0 1 0 0 0 1 1.66935 1.52149 0.564462</i>
                        <i>1 0 0 0 1 0 0 0 1 1.66969 1.55364 0.564462</i>
                        <i>1 0 0 0 1 0 0 0 1 1.6699 1.54481 0.564462</i>
                        <i>1 0 0 0 1 0 0 0 1 1.66997 1.52405 0.564462</i>
                        <i>1 0 0 0 1 0 0 0 1 1.6699 1.50316 0.564462</i>
                        <i>1 0 0 0 1 0 0 0 1 1.66969 1.49393 0.564462</i>
                        <i>1 0 0 0 1 0 0 0 1 1.66935 1.5266 0.564462</i>
                        <i>1 0 0 0 1 0 0 0 1 1.6689 1.5576 0.564462</i>
                        <i>1 0 0 0 1 0 0 0 1 1.66834 1.54397 0.564462</i>
                        <i>1 0 0 0 1 0 0 0 1 1.66768 1.51729 0.564462</i>
                        <i>1 0 0 0 1 0 0 0 1 1.66693 1.49054 0.564462</i>
                        <i>1 0 0 0 1 0 0 0 1 1.6661 1.47666 0.564462</i>
                        <i>1 0 0 0 1 0 0 0 1 1.6652 1.5084 0.564462</i>
                        <i>1 0 0 0 1 0 0 0 1 1.66425 1.53939 0.564462</i>
                        <i>1 0 0 0 1 0 0 0 1 1.66324 1.52364 0.564462</i>
                        <i>1 0 0 0 1 0 0 0 1 1.66219 1.49446 0.564462</i>
                        <i>1 0 0 0 1 0 0 0 1 1.66111 1.46507 0.564462</i>
                        <i>1 0 0 0 1 0 0 0 1 1.66002 1.44873 0.564462</i>
                        <i>1 0 0 0 1 0 0 0 1 1.65891 1.47635 0.564462</i>
                        <i>1 0 0 0 1 0 0 0 1 1.6578 1.5072 0.564462</i>
                        <i>1 0 0 0 1 0 0 0 1 1.6567 1.49964 0.564462</i>
                        <i>1 0 0 0 1 0 0 0 1 1.65562 1.48162 0.564462</i>
                        <i>1 0 0 0 1 0 0 0 1 1.65457 1.46338 0.564462</i>
                        <i>1 0 0 0 1 0 0 0 1 1.65356 1.45515 0.564462</i>
                        <i>1 0 0 0 1 0 0 0 1 1.65259 1.48178 0.564462</i>
                        <i>1 0 0 0 1 0 0 0 1 1.65169 1.50831 0.564462</i>
                        <i>1 0 0 0 1 0 0 0 1 1.65085 1.49967 0.564462</i>
                        <i>1 0 0 0 1 0 0 0 1 1.6501 1.48089 0.564462</i>
                        <i>1 0 0 0 1 0 0 0 1 1.64943 1.46252 0.564462</i>
                        <i>1 0 0 0 1 0 0 0 1 1.64886 1.45511 0.564462</i>
                        <i>1 0 0 0 1 0 0 0 1 1.6484 1.48477 0.564462</i>
                        <i>1 0 0 0 1 0 0 0 1 1.64806 1.51771 0.564462</i>
                        <i>1 0 0 0 1 0 0 0 1 1.64785 1.50854 0.564462</i>
                        <i>1 0 0 0 1 0 0 0 1 1.64777 1.48785 0.564462</i>
                    </KeyFrames>
                </p>
            </i>
            <i>
                <p>
                    <Name><![CDATA[spine0]]></Name>
                    <Exclude>0</Exclude>
                    <Additive>0</Additive>
                    <IKPriority>0</IKPriority>
                    <IKRotLimits>-1e+010 -1e+010 -1e+010 1e+010 1e+010 1e+010</IKRotLimits>
                    <IKRotLimitOrder>0</IKRotLimitOrder>
                    <KeyFrames count="61">
                        <i>0.16546 0.896156 0.411737 -0.984507 0.125518 0.122438 0.0580433 -0.425617 0.90304 1.65899 1.6299 0.544692</i>
                        <i>0.17339 0.899538 0.400958 -0.983147 0.134142 0.124206 0.0579424 -0.415736 0.907638 1.66221 1.60542 0.544313</i>
                        <i>0.175813 0.90316 0.391653 -0.982646 0.13711 0.124931 0.0591328 -0.406821 0.911592 1.66552 1.59354 0.54391</i>
                        <i>0.174156 0.904385 0.38956 -0.982882 0.135503 0.124828 0.0601058 -0.404631 0.912503 1.67019 1.62828 0.54332</i>
                        <i>0.168843 0.897828 0.40669 -0.983892 0.128945 0.123811 0.0587208 -0.421044 0.905138 1.67252 1.65769 0.543037</i>
                        <i>0.153748 0.892446 0.424149 -0.986277 0.112466 0.120872 0.0601693 -0.436912 0.89749 1.6676 1.6424 0.543768</i>
                        <i>0.135223 0.895866 0.423248 -0.988639 0.093703 0.117523 0.0656257 -0.434331 0.898359 1.66024 1.61292 0.544692</i>
                        <i>0.145983 0.899256 0.412345 -0.987159 0.105087 0.120306 0.0648537 -0.424613 0.903049 1.66384 1.58345 0.544313</i>
                        <i>0.155589 0.902688 0.401182 -0.985702 0.115285 0.122883 0.0646749 -0.414565 0.907719 1.6675 1.57057 0.54391</i>
                        <i>0.162699 0.903637 0.396192 -0.984577 0.122513 0.124896 0.0643221 -0.410402 0.909633 1.67248 1.61518 0.54332</i>
                        <i>0.165647 0.896666 0.410551 -0.984244 0.124209 0.125839 0.0618411 -0.424927 0.903113 1.67508 1.66312 0.543037</i>
                        <i>0.155295 0.890939 0.426745 -0.98588 0.112386 0.124135 0.0626362 -0.439997 0.895812 1.6704 1.65964 0.543768</i>
                        <i>0.137215 0.894362 0.42578 -0.988181 0.0939429 0.12113 0.0683346 -0.437369 0.896682 1.66323 1.64196 0.544692</i>
                        <i>0.146547 0.8985 0.413789 -0.986847 0.103938 0.123811 0.0682359 -0.426491 0.901914 1.667 1.62181 0.544313</i>
                        <i>0.153909 0.902639 0.40194 -0.985685 0.111923 0.126088 0.0688262 -0.415592 0.906943 1.6708 1.61287 0.54391</i>
                        <i>0.158639 0.904234 0.396479 -0.984908 0.116781 0.127743 0.0692085 -0.41076 0.909113 1.67591 1.64224 0.54332</i>
                        <i>0.159573 0.897811 0.410454 -0.984877 0.116367 0.128356 0.0674758 -0.424729 0.902803 1.67859 1.67056 0.543037</i>
                        <i>0.14785 0.892519 0.426087 -0.986605 0.103075 0.126438 0.06893 -0.439073 0.895803 1.67393 1.6598 0.543768</i>
                        <i>0.128884 0.896386 0.424125 -0.98882 0.0838262 0.123318 0.0749874 -0.435277 0.897168 1.66676 1.63708 0.544692</i>
                        <i>0.137173 0.901201 0.411121 -0.987693 0.0929551 0.125788 0.0751441 -0.423316 0.90286 1.67052 1.61418 0.544313</i>
                        <i>0.143263 0.905992 0.398313 -0.986763 0.099858 0.127779 0.075992 -0.411347 0.908306 1.67427 1.60433 0.54391</i>
                        <i>0.146446 0.908286 0.39188 -0.986238 0.103332 0.12906 0.0767295 -0.405387 0.910919 1.6793 1.63998 0.54332</i>
                        <i>0.144961 0.902699 0.405119 -0.98653 0.100498 0.129069 0.0757964 -0.418372 0.905108 1.68188 1.67754 0.543037</i>
                        <i>0.129752 0.898067 0.420286 -0.988454 0.0837006 0.126306 0.0782534 -0.431822 0.898558 1.67706 1.67269 0.543768</i>
                        <i>0.106832 0.902112 0.418069 -0.990645 0.0606688 0.122234 0.0849046 -0.427217 0.900154 1.6697 1.65562 0.544692</i>
                        <i>0.111584 0.907305 0.405398 -0.99008 0.066447 0.123802 0.0853886 -0.415191 0.905718 1.67325 1.63753 0.544313</i>
                        <i>0.115038 0.912229 0.393199 -0.989615 0.0709007 0.125041 0.0861875 -0.4035 0.910911 1.67677 1.63063 0.54391</i>
                        <i>0.117243 0.914321 0.387648 -0.989323 0.073506 0.125844 0.0865671 -0.398263 0.913177 1.68154 1.66327 0.54332</i>
                        <i>0.11787 0.908201 0.401593 -0.989373 0.0727315 0.125904 0.0851376 -0.412166 0.907122 1.68381 1.6952 0.543037</i>
                        <i>0.108037 0.902306 0.417339 -0.990411 0.0613309 0.123789 0.0860999 -0.426711 0.90028 1.67865 1.68691 0.543768</i>
                        <i>0.0923254 0.904524 0.416307 -0.991636 0.0456537 0.120724 0.0901918 -0.423971 0.901174 1.67092 1.66655 0.544692</i>
                        <i>0.105337 0.908336 0.404759 -0.990539 0.0598396 0.123495 0.0879544 -0.413939 0.906046 1.67408 1.64554 0.544313</i>
                        <i>0.117198 0.911882 0.393365 -0.989362 0.0728355 0.125924 0.0861773 -0.403938 0.910718 1.67719 1.63612 0.54391</i>
                        <i>0.127208 0.91265 0.388444 -0.988293 0.0833669 0.127776 0.084231 -0.40015 0.912571 1.68154 1.66838 0.54332</i>
                        <i>0.134418 0.905283 0.402981 -0.987653 0.0893758 0.12866 0.0804572 -0.4153 0.90612 1.68338 1.69912 0.543037</i>
                        <i>0.129126 0.898476 0.419605 -0.988444 0.0827394 0.127011 0.0793986 -0.431156 0.898777 1.67781 1.68602 0.543768</i>
                        <i>0.115794 0.900474 0.419211 -0.989842 0.0695601 0.123996 0.0824947 -0.42931 0.899382 1.6697 1.65977 0.544692</i>
                        <i>0.128787 0.904508 0.406545 -0.988427 0.0839444 0.126353 0.0801598 -0.418113 0.904851 1.67249 1.63287 0.544313</i>
                        <i>0.138913 0.908476 0.394177 -0.987168 0.0953779 0.12807 0.0787525 -0.406909 0.910067 1.67527 1.61875 0.54391</i>
                        <i>0.146057 0.90972 0.388687 -0.986254 0.103212 0.129036 0.0772698 -0.40219 0.91229 1.6793 1.65 0.54332</i>
                        <i>0.149763 0.902889 0.402943 -0.985968 0.105984 0.128976 0.0737453 -0.416605 0.906092 1.68088 1.68067 0.543037</i>
                        <i>0.140629 0.896887 0.419305 -0.987355 0.0957489 0.126339 0.0731639 -0.43177 0.899011 1.67508 1.66552 0.543768</i>
                        <i>0.123866 0.899748 0.418462 -0.989309 0.0792634 0.122411 0.0769704 -0.42915 0.899947 1.66676 1.63688 0.544692</i>
                        <i>0.134709 0.903951 0.405865 -0.988036 0.0914968 0.124151 0.0750911 -0.417734 0.905461 1.66937 1.60728 0.544313</i>
                        <i>0.144372 0.907788 0.393798 -0.986775 0.102441 0.125619 0.0736942 -0.406726 0.910573 1.672 1.59061 0.54391</i>
                        <i>0.152658 0.908698 0.388539 -0.985665 0.111419 0.12669 0.0718321 -0.40231 0.912681 1.67591 1.61763 0.54332</i>
                        <i>0.158871 0.901418 0.402749 -0.984991 0.116832 0.127056 0.067476 -0.416889 0.906449 1.67739 1.64811 0.543037</i>
                        <i>0.155628 0.894803 0.418459 -0.985663 0.112716 0.125551 0.0651766 -0.431999 0.899516 1.67155 1.64123 0.543768</i>
                        <i>0.148195 0.896756 0.416974 -0.986709 0.105651 0.123465 0.0666645 -0.429729 0.900494 1.66323 1.62391 0.544692</i>
                        <i>0.168674 0.899463 0.403132 -0.98366 0.127488 0.127122 0.0629474 -0.417987 0.90627 1.66585 1.60538 0.544313</i>
                        <i>0.185726 0.902106 0.3895 -0.980733 0.145752 0.130074 0.0605703 -0.406153 0.911795 1.66851 1.59674 0.54391</i>
                        <i>0.197052 0.902429 0.383136 -0.978645 0.157731 0.131815 0.0585217 -0.400928 0.914238 1.67248 1.62268 0.54332</i>
                        <i>0.202243 0.895273 0.396968 -0.977852 0.162303 0.132147 0.0538781 -0.414902 0.90827 1.67406 1.64879 0.543037</i>
                        <i>0.193285 0.889791 0.413415 -0.979744 0.15255 0.129731 0.0523674 -0.430116 0.901253 1.66838 1.64096 0.543768</i>
                        <i>0.17548 0.893754 0.412809 -0.982847 0.134881 0.125772 0.0567289 -0.427798 0.902092 1.66024 1.62302 0.544692</i>
                        <i>0.183823 0.898172 0.39937 -0.981326 0.144277 0.127211 0.0566372 -0.415297 0.907921 1.66307 1.6043 0.544313</i>
                        <i>0.190048 0.90238 0.386771 -0.980109 0.151441 0.128269 0.057174 -0.403454 0.913212 1.66596 1.59647 0.54391</i>
                        <i>0.193963 0.903882 0.381282 -0.979348 0.155808 0.128843 0.0570521 -0.398399 0.915436 1.67019 1.62539 0.54332</i>
                        <i>0.194589 0.897583 0.395576 -0.979405 0.155652 0.128599 0.0538561 -0.412453 0.909385 1.67208 1.65793 0.543037</i>
                        <i>0.183097 0.892565 0.412071 -0.98164 0.143196 0.126007 0.0534622 -0.427577 0.902397 1.66674 1.64965 0.543768</i>
                        <i>0.16546 0.896156 0.411737 -0.984507 0.125518 0.122438 0.0580433 -0.425617 0.90304 1.65899 1.6299 0.544692</i>
                    </KeyFrames>
                </p>
            </i>
            <i>
                <p>
                    <Name><![CDATA[spine1]]></Name>
                    <Exclude>0</Exclude>
                    <Additive>0</Additive>
                    <IKPriority>0</IKPriority>
                    <IKRotLimits>-1e+010 -1e+010 -1e+010 1e+010 1e+010 1e+010</IKRotLimits>
                    <IKRotLimitOrder>0</IKRotLimitOrder>
                    <KeyFrames count="61">
                        <i>0.238941 0.552751 0.798357 -0.97066 0.113132 0.212181 0.0269631 -0.825632 0.563565 1.68897 1.79236 0.619268</i>
                        <i>0.215846 0.57937 0.785965 -0.975459 0.0921025 0.199994 0.0434809 -0.809844 0.585031 1.69356 1.76812 0.616775</i>
                        <i>0.179885 0.607085 0.774009 -0.981685 0.0606003 0.180619 0.0627459 -0.792323 0.606867 1.69729 1.75677 0.614633</i>
                        <i>0.131856 0.620661 0.772913 -0.987989 0.0189095 0.153362 0.0805704 -0.783851 0.6157 1.70172 1.79201 0.613784</i>
                        <i>0.101022 0.58383 0.805567 -0.99161 -0.00655408 0.129103 0.0806539 -0.81185 0.578269 1.70326 1.82123 0.617048</i>
                        <i>0.116423 0.54137 0.832685 -0.991034 0.00798396 0.133372 0.0655556 -0.840747 0.537445 1.69569 1.80548 0.621198</i>
                        <i>0.153637 0.545938 0.823619 -0.986601 0.03845 0.158553 0.0548922 -0.836943 0.54453 1.68491 1.77636 0.621835</i>
                        <i>0.144939 0.569531 0.80909 -0.98709 0.0269007 0.15789 0.0681579 -0.82153 0.566077 1.6904 1.74714 0.619304</i>
                        <i>0.138777 0.593539 0.79275 -0.986979 0.017161 0.15993 0.0813201 -0.804622 0.588192 1.69574 1.73448 0.616691</i>
                        <i>0.126317 0.604351 0.786641 -0.987597 0.00207161 0.156994 0.0932501 -0.796715 0.597117 1.70198 1.77905 0.615103</i>
                        <i>0.127749 0.565886 0.814526 -0.988056 0.00125591 0.154093 0.0861761 -0.824483 0.559287 1.70519 1.82618 0.617627</i>
                        <i>0.161706 0.522175 0.837367 -0.984853 0.0315931 0.170486 0.0625687 -0.852253 0.519375 1.69869 1.82201 0.621467</i>
                        <i>0.202322 0.527282 0.825251 -0.978175 0.0680883 0.196309 0.0473202 -0.846958 0.52955 1.68821 1.80485 0.622164</i>
                        <i>0.190733 0.55387 0.810462 -0.979962 0.0591546 0.190197 0.0574018 -0.830499 0.554055 1.6936 1.78495 0.619379</i>
                        <i>0.17794 0.581348 0.793959 -0.981742 0.0497587 0.183592 0.0672243 -0.812132 0.579588 1.69866 1.77627 0.616611</i>
                        <i>0.157425 0.595708 0.787623 -0.984662 0.0339359 0.17114 0.075221 -0.802484 0.591913 1.70457 1.80567 0.61492</i>
                        <i>0.150993 0.560086 0.814558 -0.986511 0.0326804 0.160397 0.0632158 -0.82779 0.557465 1.70751 1.83334 0.61739</i>
                        <i>0.179807 0.519523 0.835324 -0.983032 0.0635674 0.172067 0.0362933 -0.852089 0.522137 1.70081 1.8221 0.621178</i>
                        <i>0.217864 0.528485 0.820511 -0.975748 0.0996554 0.194896 0.0212313 -0.843073 0.53738 1.69018 1.80005 0.621734</i>
                        <i>0.203315 0.558727 0.804044 -0.978528 0.0875709 0.186584 0.0338386 -0.824715 0.564535 1.69536 1.77745 0.618728</i>
                        <i>0.186689 0.589726 0.785729 -0.981231 0.0726182 0.178637 0.0482889 -0.804332 0.592215 1.70013 1.76791 0.615766</i>
                        <i>0.161173 0.60739 0.777882 -0.984929 0.0488744 0.16591 0.0627535 -0.792899 0.606113 1.70569 1.8037 0.613897</i>
                        <i>0.146964 0.575624 0.8044 -0.98728 0.0354906 0.154979 0.0606611 -0.816944 0.573518 1.70809 1.84085 0.616265</i>
                        <i>0.165496 0.539772 0.825383 -0.985032 0.0495663 0.165092 0.0482009 -0.840351 0.539896 1.70061 1.83577 0.620021</i>
                        <i>0.191387 0.552888 0.810979 -0.980307 0.0667038 0.185872 0.0486712 -0.830582 0.554766 1.68909 1.81947 0.620561</i>
                        <i>0.163994 0.584552 0.79461 -0.98362 0.0357987 0.176667 0.074825 -0.810566 0.580848 1.69346 1.80189 0.617692</i>
                        <i>0.136218 0.615169 0.776539 -0.985657 0.00533157 0.168677 0.0996247 -0.788378 0.607071 1.69756 1.79555 0.614934</i>
                        <i>0.104244 0.630468 0.769183 -0.987205 -0.0282359 0.156936 0.120662 -0.775702 0.619458 1.70272 1.82851 0.613317</i>
                        <i>0.0946499 0.596123 0.797295 -0.988055 -0.0415787 0.148383 0.121605 -0.801816 0.585067 1.70518 1.85997 0.61583</i>
                        <i>0.126968 0.556648 0.820988 -0.98639 -0.0163204 0.163613 0.104474 -0.830588 0.547 1.69829 1.85101 0.619598</i>
                        <i>0.169869 0.562993 0.808816 -0.981112 0.0195437 0.192451 0.092541 -0.826231 0.555679 1.68769 1.83091 0.620272</i>
                        <i>0.1622 0.586173 0.793783 -0.981252 0.0109538 0.192419 0.104096 -0.810112 0.57696 1.69316 1.8101 0.617581</i>
                        <i>0.155078 0.609499 0.777472 -0.981159 0.00323223 0.193173 0.115226 -0.792781 0.598516 1.69836 1.80083 0.614904</i>
                        <i>0.142063 0.619365 0.772143 -0.981968 -0.0101059 0.188774 0.124723 -0.785038 0.606761 1.70447 1.83294 0.613306</i>
                        <i>0.146711 0.580186 0.801162 -0.982541 -0.0082038 0.185867 0.11441 -0.814443 0.568852 1.70768 1.86282 0.615844</i>
                        <i>0.186314 0.535887 0.823476 -0.978539 0.0261205 0.204399 0.0880251 -0.843886 0.529253 1.70123 1.84897 0.619807</i>
                        <i>0.230326 0.540165 0.809427 -0.970357 0.0649211 0.232795 0.0731987 -0.839051 0.539105 1.6907 1.82318 0.620697</i>
                        <i>0.218493 0.566538 0.794541 -0.972001 0.0542167 0.228635 0.0864529 -0.82225 0.562522 1.69578 1.79644 0.617769</i>
                        <i>0.201666 0.594713 0.778234 -0.974186 0.0394868 0.222268 0.101456 -0.802968 0.587324 1.7003 1.78254 0.614915</i>
                        <i>0.174812 0.610113 0.772789 -0.977851 0.0158278 0.208703 0.115101 -0.792156 0.599367 1.70559 1.81379 0.613243</i>
                        <i>0.163219 0.575758 0.801163 -0.980645 0.00566674 0.195712 0.108143 -0.8176 0.565539 1.70793 1.84385 0.615801</i>
                        <i>0.186426 0.536036 0.823354 -0.978629 0.0272946 0.203814 0.0867787 -0.843754 0.529668 1.70059 1.82827 0.619791</i>
                        <i>0.216374 0.544705 0.810234 -0.973283 0.0550403 0.222914 0.0768269 -0.83682 0.542062 1.68924 1.80028 0.620618</i>
                        <i>0.194435 0.573985 0.795447 -0.976558 0.0369222 0.212062 0.092351 -0.818033 0.567709 1.69377 1.771 0.617761</i>
                        <i>0.173281 0.602852 0.778809 -0.979064 0.0196846 0.2026 0.106807 -0.79761 0.593641 1.69808 1.75466 0.615011</i>
                        <i>0.148295 0.617299 0.772626 -0.981852 -0.00148789 0.189642 0.118215 -0.786727 0.605876 1.70346 1.78169 0.613411</i>
                        <i>0.144303 0.581314 0.800782 -0.983554 -0.00457107 0.180558 0.108621 -0.813667 0.571093 1.70616 1.81141 0.615936</i>
                        <i>0.186304 0.537621 0.822347 -0.979254 0.033714 0.199811 0.0796978 -0.842512 0.532749 1.6998 1.80369 0.619676</i>
                        <i>0.246319 0.538587 0.805761 -0.967497 0.087545 0.237245 0.0572366 -0.838009 0.542645 1.6901 1.78659 0.620266</i>
                        <i>0.257255 0.561021 0.786813 -0.964396 0.097391 0.245875 0.0613125 -0.822052 0.566101 1.69629 1.76777 0.617037</i>
                        <i>0.262998 0.585291 0.766985 -0.96237 0.102798 0.25155 0.0683856 -0.80428 0.590302 1.70187 1.75884 0.613844</i>
                        <i>0.250188 0.599709 0.760102 -0.96518 0.0925543 0.244665 0.0763772 -0.794848 0.601983 1.70777 1.78435 0.611906</i>
                        <i>0.24203 0.565566 0.788389 -0.968319 0.0893011 0.233205 0.0614886 -0.819854 0.569261 1.7104 1.80967 0.614317</i>
                        <i>0.264344 0.524527 0.809317 -0.963862 0.114928 0.240336 0.0330501 -0.843601 0.535953 1.70327 1.80163 0.618359</i>
                        <i>0.291743 0.532858 0.794322 -0.956231 0.142919 0.255335 0.0225332 -0.834048 0.551232 1.69199 1.78475 0.619326</i>
                        <i>0.265841 0.566919 0.7797 -0.963194 0.122794 0.239121 0.0398194 -0.81457 0.578697 1.69621 1.76629 0.616282</i>
                        <i>0.237939 0.600848 0.763129 -0.969609 0.100877 0.222893 0.0569427 -0.792972 0.606591 1.70014 1.75878 0.613425</i>
                        <i>0.20303 0.620633 0.75736 -0.976623 0.0725691 0.202341 0.0706187 -0.780736 0.620857 1.70505 1.78784 0.61179</i>
                        <i>0.184562 0.588944 0.786818 -0.980888 0.0601969 0.185027 0.0616062 -0.805929 0.588798 1.70719 1.81992 0.614371</i>
                        <i>0.204765 0.548424 0.810742 -0.978063 0.0822695 0.191373 0.0382543 -0.832144 0.553239 1.69991 1.81138 0.618368</i>
                        <i>0.238941 0.552751 0.798357 -0.97066 0.113132 0.212181 0.0269631 -0.825632 0.563565 1.68897 1.79236 0.619268</i>
                    </KeyFrames>
                </p>
            </i>
            <i>
                <p>
                    <Name><![CDATA[spine2]]></Name>
                    <Exclude>0</Exclude>
                    <Additive>0</Additive>
                    <IKPriority>0</IKPriority>
                    <IKRotLimits>-1e+010 -1e+010 -1e+010 1e+010 1e+010 1e+010</IKRotLimits>
                    <IKRotLimitOrder>0</IKRotLimitOrder>
                    <KeyFrames count="61">
                        <i>0.256152 0.321357 0.911656 -0.965263 0.034772 0.258957 0.0515175 -0.94632 0.319101 1.72885 1.88415 0.752334</i>
                        <i>0.224265 0.356638 0.906926 -0.971977 0.0145574 0.234627 0.0704741 -0.934129 0.349908 1.72953 1.86415 0.747495</i>
                        <i>0.179389 0.393575 0.90162 -0.979613 -0.0127847 0.200488 0.090434 -0.919204 0.383258 1.72726 1.85735 0.743277</i>
                        <i>0.133178 0.410685 0.901999 -0.985803 -0.0390045 0.163311 0.102251 -0.910943 0.39966 1.72374 1.89504 0.742481</i>
                        <i>0.103925 0.357532 0.9281 -0.990574 -0.0465123 0.128838 0.0892319 -0.932742 0.349328 1.72025 1.91868 0.751985</i>
                        <i>0.113335 0.299339 0.947392 -0.991041 -0.0337506 0.129221 0.0706559 -0.95355 0.292832 1.71531 1.89606 0.761088</i>
                        <i>0.148103 0.308503 0.939623 -0.986556 -0.0202774 0.162158 0.0690794 -0.951007 0.301352 1.71073 1.86757 0.759983</i>
                        <i>0.135472 0.339755 0.930706 -0.986852 -0.037307 0.157263 0.0881528 -0.939774 0.330234 1.71473 1.84212 0.754727</i>
                        <i>0.130491 0.371945 0.919037 -0.98562 -0.0517112 0.160872 0.10736 -0.926813 0.359848 1.71899 1.83326 0.749064</i>
                        <i>0.132299 0.385786 0.913053 -0.98404 -0.059471 0.167713 0.119002 -0.920669 0.371761 1.72313 1.87951 0.746291</i>
                        <i>0.145854 0.330735 0.932385 -0.983903 -0.0498693 0.171603 0.103253 -0.942405 0.318137 1.72664 1.92045 0.753816</i>
                        <i>0.178436 0.272135 0.94557 -0.980869 -0.0268087 0.192812 0.0778205 -0.961886 0.262145 1.72585 1.90912 0.761745</i>
                        <i>0.216602 0.283306 0.934249 -0.973761 -0.00572965 0.2275 0.0698051 -0.959013 0.274631 1.72214 1.89276 0.760328</i>
                        <i>0.199507 0.318583 0.926662 -0.976544 -0.0135168 0.214894 0.0809869 -0.947799 0.308413 1.7255 1.87707 0.754672</i>
                        <i>0.184712 0.355723 0.916156 -0.978577 -0.0196754 0.204936 0.0909262 -0.934384 0.344468 1.72834 1.87271 0.748772</i>
                        <i>0.174378 0.374542 0.910665 -0.98032 -0.020889 0.196307 0.0925482 -0.926975 0.363528 1.7308 1.90436 0.745826</i>
                        <i>0.175448 0.324019 0.92964 -0.982194 -0.00682697 0.187746 0.0671799 -0.946026 0.317052 1.73274 1.92637 0.753172</i>
                        <i>0.199691 0.270281 0.941845 -0.979201 0.0198349 0.201919 0.0358935 -0.962577 0.268621 1.7309 1.90857 0.760805</i>
                        <i>0.234346 0.286509 0.928975 -0.97179 0.0428979 0.231916 0.0265949 -0.957117 0.288479 1.72662 1.88803 0.758876</i>
                        <i>0.214083 0.327452 0.920296 -0.975996 0.0331339 0.215251 0.0399913 -0.944287 0.326685 1.72925 1.87017 0.752651</i>
                        <i>0.195472 0.369769 0.908329 -0.979123 0.0209288 0.202187 0.0557521 -0.928888 0.36614 1.73116 1.86549 0.746216</i>
                        <i>0.180184 0.392856 0.901775 -0.981368 0.00962397 0.191895 0.0667084 -0.91955 0.387271 1.73245 1.90407 0.742836</i>
                        <i>0.173249 0.346876 0.921771 -0.983283 0.00767085 0.181923 0.0560342 -0.93788 0.342406 1.73258 1.93627 0.75007</i>
                        <i>0.187355 0.298133 0.935957 -0.981275 0.0134504 0.192142 0.0446948 -0.95443 0.29507 1.72827 1.92553 0.75781</i>
                        <i>0.209777 0.318739 0.924337 -0.976095 0.0133047 0.216935 0.0568476 -0.947749 0.31391 1.72109 1.91146 0.755993</i>
                        <i>0.17558 0.361013 0.915883 -0.980277 -0.0216124 0.196443 0.090713 -0.93231 0.350098 1.72083 1.89894 0.750059</i>
                        <i>0.144328 0.40231 0.904056 -0.981815 -0.0556432 0.181504 0.123325 -0.913811 0.386963 1.72028 1.89751 0.74404</i>
                        <i>0.121708 0.422879 0.897976 -0.981788 -0.0816701 0.171528 0.145874 -0.902498 0.405238 1.72013 1.933 0.741167</i>
                        <i>0.121686 0.373457 0.919632 -0.982694 -0.0850375 0.164563 0.13966 -0.923742 0.356646 1.72106 1.95909 0.748842</i>
                        <i>0.153059 0.318871 0.935358 -0.980617 -0.0681543 0.183699 0.122325 -0.945344 0.302259 1.7196 1.94373 0.756868</i>
                        <i>0.194722 0.330542 0.923486 -0.973394 -0.0508135 0.223433 0.120779 -0.942423 0.311853 1.71615 1.92462 0.755397</i>
                        <i>0.182886 0.361257 0.914356 -0.97335 -0.0643541 0.220112 0.138359 -0.930243 0.33986 1.72027 1.90742 0.749813</i>
                        <i>0.175626 0.392619 0.902777 -0.972184 -0.0751819 0.221826 0.154965 -0.916623 0.368494 1.72421 1.90176 0.744045</i>
                        <i>0.175236 0.405386 0.897193 -0.970855 -0.0801871 0.225855 0.163502 -0.910622 0.379519 1.72813 1.93534 0.741342</i>
                        <i>0.19088 0.349159 0.917417 -0.970987 -0.0699865 0.228662 0.144046 -0.934446 0.325669 1.73217 1.95895 0.749039</i>
                        <i>0.228698 0.289533 0.929445 -0.966494 -0.0467848 0.252389 0.116559 -0.956024 0.269133 1.73238 1.93797 0.757099</i>
                        <i>0.270195 0.299938 0.914894 -0.956344 -0.0263005 0.291059 0.111362 -0.953596 0.279737 1.72921 1.91294 0.755722</i>
                        <i>0.252949 0.334408 0.907848 -0.958806 -0.0387228 0.281411 0.129261 -0.941632 0.310838 1.7322 1.8903 0.749864</i>
                        <i>0.233221 0.371837 0.898524 -0.961032 -0.0528848 0.271331 0.148409 -0.926791 0.345013 1.73384 1.88081 0.743918</i>
                        <i>0.214628 0.391644 0.894735 -0.963533 -0.0649884 0.259579 0.15981 -0.917819 0.363413 1.73464 1.91449 0.74118</i>
                        <i>0.208621 0.342401 0.9161 -0.967567 -0.0641706 0.244326 0.142444 -0.93736 0.317909 1.73516 1.9392 0.748924</i>
                        <i>0.225274 0.289666 0.930239 -0.967049 -0.0497549 0.249681 0.118608 -0.955834 0.268913 1.73178 1.91734 0.757132</i>
                        <i>0.248832 0.306149 0.918888 -0.961466 -0.0364289 0.272499 0.116899 -0.951286 0.285287 1.72546 1.89087 0.755884</i>
                        <i>0.217943 0.344599 0.9131 -0.966428 -0.0542506 0.251146 0.136081 -0.937181 0.321206 1.72624 1.86625 0.750223</i>
                        <i>0.191618 0.383263 0.903544 -0.969311 -0.0705607 0.235495 0.154011 -0.92094 0.35798 1.72698 1.85451 0.744422</i>
                        <i>0.174598 0.40229 0.898709 -0.971082 -0.080589 0.224732 0.162834 -0.911959 0.376586 1.7282 1.88388 0.741694</i>
                        <i>0.178343 0.350681 0.919357 -0.97356 -0.0726514 0.21657 0.14274 -0.933673 0.328452 1.7303 1.90791 0.74932</i>
                        <i>0.218855 0.292217 0.930973 -0.969294 -0.0445302 0.241841 0.112126 -0.955315 0.273498 1.73099 1.89307 0.756924</i>
                        <i>0.279921 0.299156 0.912222 -0.95484 -0.0118452 0.296883 0.0996198 -0.954131 0.28233 1.73127 1.87606 0.754635</i>
                        <i>0.290643 0.328682 0.898607 -0.950617 -0.0076759 0.310272 0.108879 -0.944409 0.31022 1.73909 1.86057 0.747636</i>
                        <i>0.299106 0.360782 0.883387 -0.946641 -0.00425631 0.322261 0.120026 -0.93264 0.340258 1.74543 1.85523 0.740555</i>
                        <i>0.297881 0.377893 0.876621 -0.946395 -0.00326011 0.322996 0.124916 -0.925844 0.356665 1.7491 1.88284 0.737105</i>
                        <i>0.294458 0.328356 0.897483 -0.950602 0.00410075 0.310385 0.0982367 -0.944545 0.313344 1.75048 1.90279 0.744558</i>
                        <i>0.308121 0.275849 0.910477 -0.949082 0.0231303 0.314178 0.0656059 -0.960923 0.26893 1.74724 1.88835 0.752689</i>
                        <i>0.328219 0.293987 0.897688 -0.942658 0.0410114 0.33123 0.0605619 -0.954929 0.29059 1.74059 1.87305 0.751457</i>
                        <i>0.292796 0.339187 0.893993 -0.952937 0.0266367 0.301995 0.0786198 -0.940342 0.331023 1.74037 1.85998 0.74557</i>
                        <i>0.258287 0.384944 0.886062 -0.961254 0.0109505 0.275448 0.0963294 -0.922875 0.372857 1.73958 1.85786 0.739648</i>
                        <i>0.228627 0.410418 0.882772 -0.967855 -0.00180431 0.251501 0.104813 -0.911896 0.396813 1.73869 1.89011 0.736963</i>
                        <i>0.213306 0.36417 0.906576 -0.97343 0.000129245 0.228984 0.083272 -0.931332 0.354522 1.73789 1.91734 0.744943</i>
                        <i>0.226356 0.310315 0.923292 -0.972444 0.0176671 0.232468 0.0558265 -0.950469 0.305763 1.73408 1.90239 0.753423</i>
                        <i>0.256152 0.321357 0.911656 -0.965263 0.034772 0.258957 0.0515175 -0.94632 0.319101 1.72885 1.88415 0.752334</i>
                    </KeyFrames>
                </p>
            </i>
            <i>
                <p>
                    <Name><![CDATA[head]]></Name>
                    <Exclude>0</Exclude>
                    <Additive>0</Additive>
                    <IKPriority>0</IKPriority>
                    <IKRotLimits>-1e+010 -1e+010 -1e+010 1e+010 1e+010 1e+010</IKRotLimits>
                    <IKRotLimitOrder>0</IKRotLimitOrder>
                    <KeyFrames count="61">
                        <i>0.298131 0.777638 0.553531 -0.124927 0.606702 -0.785051 -0.946314 0.164897 0.278025 1.7955 1.9815 0.985907</i>
                        <i>0.262405 0.803142 0.534889 -0.122933 0.577621 -0.806996 -0.957095 0.146004 0.250303 1.78763 1.97064 0.979319</i>
                        <i>0.21744 0.828816 0.515543 -0.115062 0.546263 -0.829673 -0.969268 0.121085 0.214144 1.7737 1.97336 0.9733</i>
                        <i>0.185816 0.839836 0.510047 -0.103178 0.532894 -0.839868 -0.977152 0.103436 0.185673 1.75965 2.01533 0.972493</i>
                        <i>0.176834 0.805248 0.565955 -0.0782364 0.584698 -0.80747 -0.981126 0.0985099 0.166394 1.74973 2.02497 0.990086</i>
                        <i>0.183121 0.765951 0.616268 -0.0635253 0.634777 -0.770079 -0.981036 0.101869 0.164899 1.74595 1.98718 1.00534</i>
                        <i>0.196298 0.773979 0.602016 -0.0761709 0.624142 -0.777589 -0.977581 0.106783 0.181472 1.74836 1.96146 1.00209</i>
                        <i>0.177171 0.796446 0.578174 -0.0858456 0.597734 -0.797085 -0.980429 0.0915865 0.174272 1.74901 1.94414 0.993946</i>
                        <i>0.166999 0.818133 0.550245 -0.100885 0.569332 -0.815894 -0.980782 0.0807422 0.177615 1.75228 1.9436 0.984585</i>
                        <i>0.176852 0.825868 0.535412 -0.116871 0.557758 -0.821734 -0.977274 0.0827516 0.195161 1.75869 1.99324 0.979728</i>
                        <i>0.206528 0.787419 0.580791 -0.114276 0.608938 -0.784943 -0.971745 0.0957419 0.215745 1.76724 2.01953 0.992984</i>
                        <i>0.23665 0.74593 0.622563 -0.107134 0.656891 -0.746336 -0.96567 0.109923 0.235368 1.77389 1.99293 1.00527</i>
                        <i>0.255554 0.755014 0.603859 -0.116567 0.644105 -0.756003 -0.959742 0.122809 0.252614 1.77811 1.97996 1.00094</i>
                        <i>0.235852 0.780317 0.579205 -0.116757 0.614456 -0.780264 -0.964749 0.1164 0.236028 1.77689 1.9735 0.992621</i>
                        <i>0.221086 0.805428 0.549915 -0.11802 0.58182 -0.804709 -0.968087 0.113008 0.223689 1.77609 1.9788 0.983198</i>
                        <i>0.224766 0.816055 0.53248 -0.118244 0.565266 -0.81639 -0.967212 0.120534 0.223547 1.77755 2.01518 0.978127</i>
                        <i>0.248035 0.77972 0.574904 -0.100131 0.610905 -0.785347 -0.963562 0.137228 0.2296 1.78122 2.02379 0.991074</i>
                        <i>0.273481 0.740691 0.613666 -0.0831693 0.653807 -0.752077 -0.958275 0.154641 0.240407 1.78461 1.99203 1.0029</i>
                        <i>0.289842 0.752492 0.591394 -0.0894541 0.636513 -0.766061 -0.952885 0.169134 0.251802 1.78732 1.97616 0.997714</i>
                        <i>0.266169 0.782321 0.563141 -0.0897548 0.601792 -0.793593 -0.959738 0.160686 0.230396 1.78448 1.96906 0.988402</i>
