<?xml version="1.0" encoding="ISO-8859-1" ?>
<Animl Version="1">
    <ModellingPackage><![CDATA[Maya.2010]]></ModellingPackage>
    <SrcFile><![CDATA[anims\turrets\machinegun\red\~src\mgun_pkp\mgun_pkp_reload_high_crewman_a.mb]]></SrcFile>
    <FramesPerSecond>30</FramesPerSecond>
    <TotalFrames>117</TotalFrames>
    <Skeleton>
        <RefFrame>
            <Name><![CDATA[soldier_ref_frame]]></Name>
            <Exclude>0</Exclude>
            <Additive>0</Additive>
            <IKPriority>0</IKPriority>
            <IKRotLimits>-1e+010 -1e+010 -1e+010 1e+010 1e+010 1e+010</IKRotLimits>
            <IKRotLimitOrder>0</IKRotLimitOrder>
            <KeyFrames count="117">
                <i>1 0 0 0 1 0 0 0 1 -0.171938 0.895124 -2.30126</i>
                <i>1 0 0 0 1 0 0 0 1 -0.171938 0.895124 -2.30126</i>
                <i>1 0 0 0 1 0 0 0 1 -0.171938 0.895124 -2.30126</i>
                <i>1 0 0 0 1 0 0 0 1 -0.171938 0.895124 -2.30126</i>
                <i>1 0 0 0 1 0 0 0 1 -0.171938 0.895124 -2.30126</i>
                <i>1 0 0 0 1 0 0 0 1 -0.171938 0.895124 -2.30126</i>
                <i>1 0 0 0 1 0 0 0 1 -0.171938 0.895124 -2.30126</i>
                <i>1 0 0 0 1 0 0 0 1 -0.171938 0.895124 -2.30126</i>
                <i>1 0 0 0 1 0 0 0 1 -0.171938 0.895124 -2.30126</i>
                <i>1 0 0 0 1 0 0 0 1 -0.171938 0.895124 -2.30126</i>
                <i>1 0 0 0 1 0 0 0 1 -0.171938 0.895124 -2.30126</i>
                <i>1 0 0 0 1 0 0 0 1 -0.171938 0.895124 -2.30126</i>
                <i>1 0 0 0 1 0 0 0 1 -0.171938 0.895124 -2.30126</i>
                <i>1 0 0 0 1 0 0 0 1 -0.171938 0.895124 -2.30126</i>
                <i>1 0 0 0 1 0 0 0 1 -0.171938 0.895124 -2.30126</i>
                <i>1 0 0 0 1 0 0 0 1 -0.171938 0.895124 -2.30126</i>
                <i>1 0 0 0 1 0 0 0 1 -0.171938 0.895124 -2.30126</i>
                <i>1 0 0 0 1 0 0 0 1 -0.171938 0.895124 -2.30126</i>
                <i>1 0 0 0 1 0 0 0 1 -0.171938 0.895124 -2.30126</i>
                <i>1 0 0 0 1 0 0 0 1 -0.171938 0.895124 -2.30126</i>
                <i>1 0 0 0 1 0 0 0 1 -0.171938 0.895124 -2.30126</i>
                <i>1 0 0 0 1 0 0 0 1 -0.171938 0.895124 -2.30126</i>
                <i>1 0 0 0 1 0 0 0 1 -0.171938 0.895124 -2.30126</i>
                <i>1 0 0 0 1 0 0 0 1 -0.171938 0.895124 -2.30126</i>
                <i>1 0 0 0 1 0 0 0 1 -0.171938 0.895124 -2.30126</i>
                <i>1 0 0 0 1 0 0 0 1 -0.171938 0.895124 -2.30126</i>
                <i>1 0 0 0 1 0 0 0 1 -0.171938 0.895124 -2.30126</i>
                <i>1 0 0 0 1 0 0 0 1 -0.171938 0.895124 -2.30126</i>
                <i>1 0 0 0 1 0 0 0 1 -0.171938 0.895124 -2.30126</i>
                <i>1 0 0 0 1 0 0 0 1 -0.171938 0.895124 -2.30126</i>
                <i>1 0 0 0 1 0 0 0 1 -0.171938 0.895124 -2.30126</i>
                <i>1 0 0 0 1 0 0 0 1 -0.171938 0.895124 -2.30126</i>
                <i>1 0 0 0 1 0 0 0 1 -0.171938 0.895124 -2.30126</i>
                <i>1 0 0 0 1 0 0 0 1 -0.171938 0.895124 -2.30126</i>
                <i>1 0 0 0 1 0 0 0 1 -0.171938 0.895124 -2.30126</i>
                <i>1 0 0 0 1 0 0 0 1 -0.171938 0.895124 -2.30126</i>
                <i>1 0 0 0 1 0 0 0 1 -0.171938 0.895124 -2.30126</i>
                <i>1 0 0 0 1 0 0 0 1 -0.171938 0.895124 -2.30126</i>
                <i>1 0 0 0 1 0 0 0 1 -0.171938 0.895124 -2.30126</i>
                <i>1 0 0 0 1 0 0 0 1 -0.171938 0.895124 -2.30126</i>
                <i>1 0 0 0 1 0 0 0 1 -0.171938 0.895124 -2.30126</i>
                <i>1 0 0 0 1 0 0 0 1 -0.171938 0.895124 -2.30126</i>
                <i>1 0 0 0 1 0 0 0 1 -0.171938 0.895124 -2.30126</i>
                <i>1 0 0 0 1 0 0 0 1 -0.171938 0.895124 -2.30126</i>
                <i>1 0 0 0 1 0 0 0 1 -0.171938 0.895124 -2.30126</i>
                <i>1 0 0 0 1 0 0 0 1 -0.171938 0.895124 -2.30126</i>
                <i>1 0 0 0 1 0 0 0 1 -0.171938 0.895124 -2.30126</i>
                <i>1 0 0 0 1 0 0 0 1 -0.171938 0.895124 -2.30126</i>
                <i>1 0 0 0 1 0 0 0 1 -0.171938 0.895124 -2.30126</i>
                <i>1 0 0 0 1 0 0 0 1 -0.171938 0.895124 -2.30126</i>
                <i>1 0 0 0 1 0 0 0 1 -0.171938 0.895124 -2.30126</i>
                <i>1 0 0 0 1 0 0 0 1 -0.171938 0.895124 -2.30126</i>
                <i>1 0 0 0 1 0 0 0 1 -0.171938 0.895124 -2.30126</i>
                <i>1 0 0 0 1 0 0 0 1 -0.171938 0.895124 -2.30126</i>
                <i>1 0 0 0 1 0 0 0 1 -0.171938 0.895124 -2.30126</i>
                <i>1 0 0 0 1 0 0 0 1 -0.171938 0.895124 -2.30126</i>
                <i>1 0 0 0 1 0 0 0 1 -0.171938 0.895124 -2.30126</i>
                <i>1 0 0 0 1 0 0 0 1 -0.171938 0.895124 -2.30126</i>
                <i>1 0 0 0 1 0 0 0 1 -0.171938 0.895124 -2.30126</i>
                <i>1 0 0 0 1 0 0 0 1 -0.171938 0.895124 -2.30126</i>
                <i>1 0 0 0 1 0 0 0 1 -0.171938 0.895124 -2.30126</i>
                <i>1 0 0 0 1 0 0 0 1 -0.171938 0.895124 -2.30126</i>
                <i>1 0 0 0 1 0 0 0 1 -0.171938 0.895124 -2.30126</i>
                <i>1 0 0 0 1 0 0 0 1 -0.171938 0.895124 -2.30126</i>
                <i>1 0 0 0 1 0 0 0 1 -0.171938 0.895124 -2.30126</i>
                <i>1 0 0 0 1 0 0 0 1 -0.171938 0.895124 -2.30126</i>
                <i>1 0 0 0 1 0 0 0 1 -0.171938 0.895124 -2.30126</i>
                <i>1 0 0 0 1 0 0 0 1 -0.171938 0.895124 -2.30126</i>
                <i>1 0 0 0 1 0 0 0 1 -0.171938 0.895124 -2.30126</i>
                <i>1 0 0 0 1 0 0 0 1 -0.171938 0.895124 -2.30126</i>
                <i>1 0 0 0 1 0 0 0 1 -0.171938 0.895124 -2.30126</i>
                <i>1 0 0 0 1 0 0 0 1 -0.171938 0.895124 -2.30126</i>
                <i>1 0 0 0 1 0 0 0 1 -0.171938 0.895124 -2.30126</i>
                <i>1 0 0 0 1 0 0 0 1 -0.171938 0.895124 -2.30126</i>
                <i>1 0 0 0 1 0 0 0 1 -0.171938 0.895124 -2.30126</i>
                <i>1 0 0 0 1 0 0 0 1 -0.171938 0.895124 -2.30126</i>
                <i>1 0 0 0 1 0 0 0 1 -0.171938 0.895124 -2.30126</i>
                <i>1 0 0 0 1 0 0 0 1 -0.171938 0.895124 -2.30126</i>
                <i>1 0 0 0 1 0 0 0 1 -0.171938 0.895124 -2.30126</i>
                <i>1 0 0 0 1 0 0 0 1 -0.171938 0.895124 -2.30126</i>
                <i>1 0 0 0 1 0 0 0 1 -0.171938 0.895124 -2.30126</i>
                <i>1 0 0 0 1 0 0 0 1 -0.171938 0.895124 -2.30126</i>
                <i>1 0 0 0 1 0 0 0 1 -0.171938 0.895124 -2.30126</i>
                <i>1 0 0 0 1 0 0 0 1 -0.171938 0.895124 -2.30126</i>
                <i>1 0 0 0 1 0 0 0 1 -0.171938 0.895124 -2.30126</i>
                <i>1 0 0 0 1 0 0 0 1 -0.171938 0.895124 -2.30126</i>
                <i>1 0 0 0 1 0 0 0 1 -0.171938 0.895124 -2.30126</i>
                <i>1 0 0 0 1 0 0 0 1 -0.171938 0.895124 -2.30126</i>
                <i>1 0 0 0 1 0 0 0 1 -0.171938 0.895124 -2.30126</i>
                <i>1 0 0 0 1 0 0 0 1 -0.171938 0.895124 -2.30126</i>
                <i>1 0 0 0 1 0 0 0 1 -0.171938 0.895124 -2.30126</i>
                <i>1 0 0 0 1 0 0 0 1 -0.171938 0.895124 -2.30126</i>
                <i>1 0 0 0 1 0 0 0 1 -0.171938 0.895124 -2.30126</i>
                <i>1 0 0 0 1 0 0 0 1 -0.171938 0.895124 -2.30126</i>
                <i>1 0 0 0 1 0 0 0 1 -0.171938 0.895124 -2.30126</i>
                <i>1 0 0 0 1 0 0 0 1 -0.171938 0.895124 -2.30126</i>
                <i>1 0 0 0 1 0 0 0 1 -0.171938 0.895124 -2.30126</i>
                <i>1 0 0 0 1 0 0 0 1 -0.171938 0.895124 -2.30126</i>
                <i>1 0 0 0 1 0 0 0 1 -0.171938 0.895124 -2.30126</i>
                <i>1 0 0 0 1 0 0 0 1 -0.171938 0.895124 -2.30126</i>
                <i>1 0 0 0 1 0 0 0 1 -0.171938 0.895124 -2.30126</i>
                <i>1 0 0 0 1 0 0 0 1 -0.171938 0.895124 -2.30126</i>
                <i>1 0 0 0 1 0 0 0 1 -0.171938 0.895124 -2.30126</i>
                <i>1 0 0 0 1 0 0 0 1 -0.171938 0.895124 -2.30126</i>
                <i>1 0 0 0 1 0 0 0 1 -0.171938 0.895124 -2.30126</i>
                <i>1 0 0 0 1 0 0 0 1 -0.171938 0.895124 -2.30126</i>
                <i>1 0 0 0 1 0 0 0 1 -0.171938 0.895124 -2.30126</i>
                <i>1 0 0 0 1 0 0 0 1 -0.171938 0.895124 -2.30126</i>
                <i>1 0 0 0 1 0 0 0 1 -0.171938 0.895124 -2.30126</i>
                <i>1 0 0 0 1 0 0 0 1 -0.171938 0.895124 -2.30126</i>
                <i>1 0 0 0 1 0 0 0 1 -0.171938 0.895124 -2.30126</i>
                <i>1 0 0 0 1 0 0 0 1 -0.171938 0.895124 -2.30126</i>
                <i>1 0 0 0 1 0 0 0 1 -0.171938 0.895124 -2.30126</i>
                <i>1 0 0 0 1 0 0 0 1 -0.171938 0.895124 -2.30126</i>
                <i>1 0 0 0 1 0 0 0 1 -0.171938 0.895124 -2.30126</i>
                <i>1 0 0 0 1 0 0 0 1 -0.171938 0.895124 -2.30126</i>
                <i>1 0 0 0 1 0 0 0 1 -0.171938 0.895124 -2.30126</i>
            </KeyFrames>
        </RefFrame>
        <Bones count="23">
            <i>
                <p>
                    <Name><![CDATA[pelvis]]></Name>
                    <Exclude>0</Exclude>
                    <Additive>0</Additive>
                    <IKPriority>0</IKPriority>
                    <IKRotLimits>-1e+010 -1e+010 -1e+010 1e+010 1e+010 1e+010</IKRotLimits>
                    <IKRotLimitOrder>2</IKRotLimitOrder>
                    <KeyFrames count="117">
                        <i>1 0 0 0 1 0 0 0 1 -0.171938 1.54765 -2.3784</i>
                        <i>1 0 0 0 1 0 0 0 1 -0.200596 1.78743 -2.26269</i>
                        <i>1 0 0 0 1 0 0 0 1 -0.229254 1.85644 -2.32633</i>
                        <i>1 0 0 0 1 0 0 0 1 -0.238808 1.90554 -2.38161</i>
                        <i>1 0 0 0 1 0 0 0 1 -0.210551 1.92203 -2.43511</i>
                        <i>1 0 0 0 1 0 0 0 1 -0.16319 1.9186 -2.48024</i>
                        <i>1 0 0 0 1 0 0 0 1 -0.133743 1.91335 -2.48891</i>
                        <i>1 0 0 0 1 0 0 0 1 -0.14383 1.9188 -2.42965</i>
                        <i>1 0 0 0 1 0 0 0 1 -0.171831 1.93009 -2.33392</i>
                        <i>1 0 0 0 1 0 0 0 1 -0.189899 1.93918 -2.26796</i>
                        <i>1 0 0 0 1 0 0 0 1 -0.19171 1.9465 -2.24841</i>
                        <i>1 0 0 0 1 0 0 0 1 -0.190236 1.95526 -2.24353</i>
                        <i>1 0 0 0 1 0 0 0 1 -0.186572 1.96161 -2.24707</i>
                        <i>1 0 0 0 1 0 0 0 1 -0.181814 1.96173 -2.25275</i>
                        <i>1 0 0 0 1 0 0 0 1 -0.177058 1.95178 -2.25431</i>
                        <i>1 0 0 0 1 0 0 0 1 -0.185037 1.93341 -2.2527</i>
                        <i>1 0 0 0 1 0 0 0 1 -0.212677 1.9154 -2.25244</i>
                        <i>1 0 0 0 1 0 0 0 1 -0.251046 1.89769 -2.25244</i>
                        <i>1 0 0 0 1 0 0 0 1 -0.29044 1.87803 -2.25248</i>
                        <i>1 0 0 0 1 0 0 0 1 -0.322751 1.85995 -2.25254</i>
                        <i>1 0 0 0 1 0 0 0 1 -0.339924 1.84695 -2.2526</i>
                        <i>1 0 0 0 1 0 0 0 1 -0.346524 1.83846 -2.25264</i>
                        <i>1 0 0 0 1 0 0 0 1 -0.352489 1.83149 -2.25268</i>
                        <i>1 0 0 0 1 0 0 0 1 -0.357849 1.82593 -2.25271</i>
                        <i>1 0 0 0 1 0 0 0 1 -0.362636 1.82165 -2.25273</i>
                        <i>1 0 0 0 1 0 0 0 1 -0.366881 1.81853 -2.25275</i>
                        <i>1 0 0 0 1 0 0 0 1 -0.370617 1.81646 -2.25276</i>
                        <i>1 0 0 0 1 0 0 0 1 -0.373876 1.81532 -2.25277</i>
                        <i>1 0 0 0 1 0 0 0 1 -0.376692 1.81497 -2.25277</i>
                        <i>1 0 0 0 1 0 0 0 1 -0.379098 1.81531 -2.25277</i>
                        <i>1 0 0 0 1 0 0 0 1 -0.381126 1.81622 -2.25276</i>
                        <i>1 0 0 0 1 0 0 0 1 -0.382809 1.81757 -2.25275</i>
                        <i>1 0 0 0 1 0 0 0 1 -0.38418 1.81925 -2.25273</i>
                        <i>1 0 0 0 1 0 0 0 1 -0.38527 1.82113 -2.25271</i>
                        <i>1 0 0 0 1 0 0 0 1 -0.38611 1.82309 -2.25269</i>
                        <i>1 0 0 0 1 0 0 0 1 -0.386732 1.82502 -2.25266</i>
                        <i>1 0 0 0 1 0 0 0 1 -0.387165 1.8268 -2.25264</i>
                        <i>1 0 0 0 1 0 0 0 1 -0.38744 1.8283 -2.25261</i>
                        <i>1 0 0 0 1 0 0 0 1 -0.387585 1.82941 -2.25258</i>
                        <i>1 0 0 0 1 0 0 0 1 -0.387629 1.83001 -2.25256</i>
                        <i>1 0 0 0 1 0 0 0 1 -0.387602 1.82997 -2.25253</i>
                        <i>1 0 0 0 1 0 0 0 1 -0.387531 1.82919 -2.25251</i>
                        <i>1 0 0 0 1 0 0 0 1 -0.387445 1.82753 -2.2525</i>
                        <i>1 0 0 0 1 0 0 0 1 -0.387372 1.82488 -2.25249</i>
                        <i>1 0 0 0 1 0 0 0 1 -0.387341 1.82112 -2.25248</i>
                        <i>1 0 0 0 1 0 0 0 1 -0.387341 1.80523 -2.25248</i>
                        <i>1 0 0 0 1 0 0 0 1 -0.387341 1.77566 -2.25248</i>
                        <i>1 0 0 0 1 0 0 0 1 -0.387341 1.74646 -2.25248</i>
                        <i>1 0 0 0 1 0 0 0 1 -0.387341 1.73174 -2.25248</i>
                        <i>1 0 0 0 1 0 0 0 1 -0.387341 1.73841 -2.25248</i>
                        <i>1 0 0 0 1 0 0 0 1 -0.387341 1.75792 -2.25248</i>
                        <i>1 0 0 0 1 0 0 0 1 -0.387341 1.78108 -2.25248</i>
                        <i>1 0 0 0 1 0 0 0 1 -0.387341 1.7987 -2.25248</i>
                        <i>1 0 0 0 1 0 0 0 1 -0.387341 1.80917 -2.25248</i>
                        <i>1 0 0 0 1 0 0 0 1 -0.387341 1.8171 -2.25248</i>
                        <i>1 0 0 0 1 0 0 0 1 -0.387341 1.82268 -2.25248</i>
                        <i>1 0 0 0 1 0 0 0 1 -0.387341 1.82607 -2.25248</i>
                        <i>1 0 0 0 1 0 0 0 1 -0.387341 1.82713 -2.25248</i>
                        <i>1 0 0 0 1 0 0 0 1 -0.387341 1.82616 -2.25248</i>
                        <i>1 0 0 0 1 0 0 0 1 -0.387341 1.82405 -2.25248</i>
                        <i>1 0 0 0 1 0 0 0 1 -0.387341 1.82169 -2.25248</i>
                        <i>1 0 0 0 1 0 0 0 1 -0.387341 1.81998 -2.25248</i>
                        <i>1 0 0 0 1 0 0 0 1 -0.379145 1.81955 -2.25429</i>
                        <i>1 0 0 0 1 0 0 0 1 -0.356371 1.82032 -2.25927</i>
                        <i>1 0 0 0 1 0 0 0 1 -0.321687 1.82207 -2.26678</i>
                        <i>1 0 0 0 1 0 0 0 1 -0.277759 1.82459 -2.27614</i>
                        <i>1 0 0 0 1 0 0 0 1 -0.227318 1.82759 -2.28673</i>
                        <i>1 0 0 0 1 0 0 0 1 -0.173209 1.83079 -2.29794</i>
                        <i>1 0 0 0 1 0 0 0 1 -0.118399 1.83388 -2.30921</i>
                        <i>1 0 0 0 1 0 0 0 1 -0.0659584 1.83657 -2.32005</i>
                        <i>1 0 0 0 1 0 0 0 1 -0.0190309 1.83861 -2.32996</i>
                        <i>1 0 0 0 1 0 0 0 1 0.0192089 1.83976 -2.33848</i>
                        <i>1 0 0 0 1 0 0 0 1 0.045594 1.83977 -2.34513</i>
                        <i>1 0 0 0 1 0 0 0 1 0.0621553 1.83863 -2.35055</i>
                        <i>1 0 0 0 1 0 0 0 1 0.0735225 1.83659 -2.35571</i>
                        <i>1 0 0 0 1 0 0 0 1 0.0804369 1.83381 -2.36056</i>
                        <i>1 0 0 0 1 0 0 0 1 0.0836253 1.83043 -2.36504</i>
                        <i>1 0 0 0 1 0 0 0 1 0.0838094 1.82662 -2.36908</i>
                        <i>1 0 0 0 1 0 0 0 1 0.0817134 1.82253 -2.37264</i>
                        <i>1 0 0 0 1 0 0 0 1 0.0780699 1.81834 -2.37568</i>
                        <i>1 0 0 0 1 0 0 0 1 0.0736228 1.81423 -2.37817</i>
                        <i>1 0 0 0 1 0 0 0 1 0.0691279 1.81039 -2.38011</i>
                        <i>1 0 0 0 1 0 0 0 1 0.0653522 1.80701 -2.38149</i>
                        <i>1 0 0 0 1 0 0 0 1 0.0630706 1.80431 -2.38233</i>
                        <i>1 0 0 0 1 0 0 0 1 0.0630619 1.80248 -2.38264</i>
                        <i>1 0 0 0 1 0 0 0 1 0.0643739 1.80189 -2.3821</i>
                        <i>1 0 0 0 1 0 0 0 1 0.0655635 1.80245 -2.38054</i>
                        <i>1 0 0 0 1 0 0 0 1 0.0666638 1.80373 -2.37814</i>
                        <i>1 0 0 0 1 0 0 0 1 0.067695 1.80529 -2.37508</i>
                        <i>1 0 0 0 1 0 0 0 1 0.0686625 1.80672 -2.37153</i>
                        <i>1 0 0 0 1 0 0 0 1 0.0695581 1.80761 -2.3677</i>
                        <i>1 0 0 0 1 0 0 0 1 0.0703629 1.80759 -2.3638</i>
                        <i>1 0 0 0 1 0 0 0 1 0.0710517 1.8063 -2.36006</i>
                        <i>1 0 0 0 1 0 0 0 1 0.0715986 1.80339 -2.3567</i>
                        <i>1 0 0 0 1 0 0 0 1 0.0719816 1.79855 -2.35396</i>
                        <i>1 0 0 0 1 0 0 0 1 0.0721875 1.79141 -2.35209</i>
                        <i>1 0 0 0 1 0 0 0 1 0.0722173 1.78163 -2.35132</i>
                        <i>1 0 0 0 1 0 0 0 1 0.0673325 1.76846 -2.35171</i>
                        <i>1 0 0 0 1 0 0 0 1 0.0538287 1.7517 -2.35307</i>
                        <i>1 0 0 0 1 0 0 0 1 0.0332896 1.73175 -2.35521</i>
                        <i>1 0 0 0 1 0 0 0 1 0.00732764 1.70901 -2.35795</i>
                        <i>1 0 0 0 1 0 0 0 1 -0.0224188 1.68396 -2.36112</i>
                        <i>1 0 0 0 1 0 0 0 1 -0.0543055 1.65716 -2.36458</i>
                        <i>1 0 0 0 1 0 0 0 1 -0.0867137 1.6293 -2.36818</i>
                        <i>1 0 0 0 1 0 0 0 1 -0.118085 1.60117 -2.37178</i>
                        <i>1 0 0 0 1 0 0 0 1 -0.14695 1.57364 -2.37524</i>
                        <i>1 0 0 0 1 0 0 0 1 -0.171938 1.54765 -2.3784</i>
                        <i>1 0 0 0 1 0 0 0 1 -0.171938 1.54765 -2.3784</i>
                        <i>1 0 0 0 1 0 0 0 1 -0.171938 1.54765 -2.3784</i>
                        <i>1 0 0 0 1 0 0 0 1 -0.171938 1.54765 -2.3784</i>
                        <i>1 0 0 0 1 0 0 0 1 -0.171938 1.54765 -2.3784</i>
                        <i>1 0 0 0 1 0 0 0 1 -0.171938 1.54765 -2.3784</i>
                        <i>1 0 0 0 1 0 0 0 1 -0.171938 1.54765 -2.3784</i>
                        <i>1 0 0 0 1 0 0 0 1 -0.171938 1.54765 -2.3784</i>
                        <i>1 0 0 0 1 0 0 0 1 -0.171938 1.54765 -2.3784</i>
                        <i>1 0 0 0 1 0 0 0 1 -0.171938 1.54765 -2.3784</i>
                        <i>1 0 0 0 1 0 0 0 1 -0.171938 1.54765 -2.3784</i>
                    </KeyFrames>
                </p>
            </i>
            <i>
                <p>
                    <Name><![CDATA[spine0]]></Name>
                    <Exclude>0</Exclude>
                    <Additive>0</Additive>
                    <IKPriority>0</IKPriority>
                    <IKRotLimits>-1e+010 -1e+010 -1e+010 1e+010 1e+010 1e+010</IKRotLimits>
                    <IKRotLimitOrder>0</IKRotLimitOrder>
                    <KeyFrames count="117">
                        <i>-0.109875 0.807614 0.579385 -0.983023 -0.00211598 -0.183472 -0.146949 -0.589707 0.794136 -0.173794 1.69134 -2.38511</i>
                        <i>0.0458399 0.99894 0.00427219 -0.997481 0.0460039 -0.0540006 -0.0541399 -0.00178604 0.998532 -0.205296 1.90595 -2.34409</i>
                        <i>0.0720681 0.994047 0.0817133 -0.983659 0.0843884 -0.159039 -0.164987 -0.0689164 0.983885 -0.240922 1.96797 -2.41645</i>
                        <i>0.0714392 0.98459 0.159622 -0.969742 0.106014 -0.219912 -0.233445 -0.139082 0.962372 -0.253471 2.01364 -2.47539</i>
                        <i>0.011959 0.958913 0.283447 -0.975051 0.0740206 -0.209276 -0.221658 -0.273873 0.935875 -0.225214 2.03013 -2.52889</i>
                        <i>-0.0889681 0.902766 0.420831 -0.983738 -0.0134568 -0.179105 -0.156027 -0.429922 0.889282 -0.177853 2.0267 -2.57402</i>
                        <i>-0.156675 0.879276 0.449808 -0.983978 -0.0997246 -0.147794 -0.0850947 -0.465757 0.880812 -0.148406 2.02145 -2.58269</i>
                        <i>-0.136329 0.9647 0.225319 -0.983555 -0.104605 -0.147234 -0.118467 -0.241686 0.963096 -0.158188 2.02604 -2.52447</i>
                        <i>-0.0625446 0.986024 -0.154416 -0.983814 -0.0869426 -0.156689 -0.167924 0.142117 0.975502 -0.185619 2.03569 -2.43064</i>
                        <i>-0.0221295 0.943403 -0.330909 -0.983711 -0.0796069 -0.161169 -0.17839 0.321952 0.929798 -0.203379 2.04388 -2.36569</i>
                        <i>-0.0257703 0.931627 -0.362502 -0.983594 -0.0883962 -0.157254 -0.178546 0.352502 0.918621 -0.205256 2.0514 -2.34592</i>
                        <i>-0.0367474 0.927089 -0.373036 -0.983344 -0.100037 -0.151748 -0.178001 0.361247 0.915323 -0.203952 2.06065 -2.34049</i>
                        <i>-0.0526661 0.928004 -0.368829 -0.982841 -0.113551 -0.145362 -0.176777 0.354845 0.91806 -0.200519 2.06767 -2.34326</i>
                        <i>-0.0714684 0.932244 -0.354701 -0.98202 -0.128057 -0.1387 -0.174725 0.33841 0.924635 -0.196013 2.06852 -2.3481</i>
                        <i>-0.0913869 0.937894 -0.334668 -0.980884 -0.142761 -0.132236 -0.171801 0.316185 0.933012 -0.191488 2.05922 -2.34889</i>
                        <i>-0.121693 0.943045 -0.309608 -0.980084 -0.163483 -0.11273 -0.156925 0.289724 0.944158 -0.20169 2.04134 -2.34635</i>
                        <i>-0.165206 0.945468 -0.280709 -0.97846 -0.192844 -0.0736706 -0.123786 0.262492 0.956961 -0.234498 2.02344 -2.3449</i>
                        <i>-0.212713 0.944734 -0.249461 -0.97383 -0.22589 -0.0250924 -0.0800565 0.237595 0.96806 -0.279432 2.00541 -2.34347</i>
                        <i>-0.256209 0.941942 -0.217031 -0.96601 -0.257492 0.0228473 -0.0343629 0.215508 0.975897 -0.325295 1.98521 -2.34189</i>
                        <i>-0.288112 0.938719 -0.189204 -0.957593 -0.281884 0.0596431 0.00265464 0.198364 0.980125 -0.362507 1.96655 -2.34058</i>
                        <i>-0.302352 0.937408 -0.17277 -0.952995 -0.293559 0.0749882 0.0195763 0.187322 0.982103 -0.38162 1.95329 -2.34006</i>
                        <i>-0.305804 0.937704 -0.164911 -0.951831 -0.297026 0.0761084 0.0223842 0.180242 0.983368 -0.388241 1.94479 -2.3401</i>
                        <i>-0.309119 0.937764 -0.158252 -0.950702 -0.300383 0.0770425 0.0247114 0.174266 0.984388 -0.394267 1.93781 -2.34013</i>
                        <i>-0.312288 0.937622 -0.152776 -0.949616 -0.303607 0.077796 0.0265593 0.169374 0.985194 -0.399724 1.93222 -2.34014</i>
                        <i>-0.315302 0.937309 -0.148446 -0.94858 -0.306681 0.0783765 0.0279376 0.165525 0.98581 -0.40464 1.92791 -2.34014</i>
                        <i>-0.318157 0.936852 -0.145205 -0.947599 -0.309594 0.0787935 0.0288634 0.162665 0.986259 -0.409043 1.92476 -2.34013</i>
                        <i>-0.320849 0.936275 -0.142984 -0.946675 -0.312339 0.0790584 0.0293609 0.160725 0.986562 -0.412962 1.92264 -2.3401</i>
                        <i>-0.323377 0.9356 -0.141702 -0.945811 -0.314914 0.0791838 0.0294605 0.159629 0.986737 -0.416426 1.92145 -2.34007</i>
                        <i>-0.325743 0.934845 -0.141267 -0.945007 -0.317318 0.0791835 0.0291979 0.159291 0.9868 -0.419465 1.92105 -2.34003</i>
                        <i>-0.327947 0.934027 -0.141581 -0.944263 -0.319555 0.0790721 0.0286126 0.159621 0.986764 -0.422108 1.92133 -2.33998</i>
                        <i>-0.329992 0.93316 -0.142543 -0.943576 -0.321629 0.0788647 0.0277474 0.160525 0.986642 -0.424384 1.92218 -2.33993</i>
                        <i>-0.33188 0.932258 -0.144051 -0.942945 -0.323543 0.0785767 0.0266471 0.16191 0.986446 -0.426323 1.92346 -2.33986</i>
                        <i>-0.333616 0.931335 -0.146 -0.942368 -0.325305 0.0782234 0.0253575 0.163683 0.986187 -0.427952 1.92507 -2.3398</i>
                        <i>-0.3352 0.930403 -0.148291 -0.941843 -0.326919 0.0778201 0.023925 0.165752 0.985877 -0.429301 1.92689 -2.33973</i>
                        <i>-0.336638 0.929477 -0.150824 -0.941368 -0.328388 0.0773818 0.0223957 0.168031 0.985527 -0.430396 1.92879 -2.33966</i>
                        <i>-0.337932 0.928568 -0.153505 -0.94094 -0.329718 0.0769229 0.0208148 0.170434 0.985149 -0.431266 1.93065 -2.33958</i>
                        <i>-0.339084 0.927691 -0.156243 -0.94056 -0.33091 0.0764578 0.0192268 0.172881 0.984755 -0.431936 1.93237 -2.33951</i>
                        <i>-0.340096 0.92686 -0.158951 -0.940225 -0.331966 0.076 0.017675 0.175297 0.984357 -0.432433 1.93381 -2.33944</i>
                        <i>-0.34097 0.92609 -0.161546 -0.939934 -0.332887 0.0755628 0.0162013 0.177608 0.983968 -0.432783 1.93487 -2.33937</i>
                        <i>-0.341708 0.925395 -0.163949 -0.939689 -0.333671 0.0751589 0.0148467 0.179744 0.983601 -0.43301 1.93541 -2.33931</i>
                        <i>-0.342311 0.924792 -0.166083 -0.939488 -0.334317 0.0748011 0.0136511 0.181638 0.983271 -0.43314 1.93534 -2.33926</i>
                        <i>-0.342778 0.924295 -0.167873 -0.939331 -0.334823 0.0745014 0.0126535 0.183226 0.982989 -0.433198 1.93451 -2.33921</i>
                        <i>-0.343112 0.923921 -0.169245 -0.939219 -0.335188 0.0742721 0.0118928 0.184442 0.982772 -0.433209 1.93283 -2.33918</i>
                        <i>-0.343311 0.923685 -0.170124 -0.939152 -0.335408 0.0741254 0.0114075 0.185221 0.982631 -0.433196 1.93016 -2.33916</i>
                        <i>-0.343378 0.923604 -0.170435 -0.93913 -0.335481 0.0740737 0.011237 0.185496 0.982581 -0.433187 1.9264 -2.33915</i>
                        <i>-0.332565 0.929395 -0.160078 -0.94293 -0.324655 0.074045 0.0168469 0.175567 0.984323 -0.432177 1.91078 -2.33934</i>
                        <i>-0.308332 0.941472 -0.136244 -0.950847 -0.300699 0.0739618 0.0286646 0.152352 0.987911 -0.429954 1.88177 -2.33977</i>
                        <i>-0.283372 0.952664 -0.110142 -0.958181 -0.276478 0.0738203 0.039874 0.126455 0.991171 -0.427727 1.8531 -2.3402</i>
                        <i>-0.271186 0.957925 -0.0940083 -0.961447 -0.264961 0.0735891 0.0455843 0.11034 0.992848 -0.426714 1.83859 -2.3404</i>
                        <i>-0.281658 0.954231 -0.100559 -0.95858 -0.275209 0.0733801 0.0423469 0.117062 0.992221 -0.427727 1.84504 -2.3402</i>
                        <i>-0.306039 0.94396 -0.12361 -0.951472 -0.298872 0.0733318 0.0322787 0.140054 0.989618 -0.429954 1.86404 -2.33977</i>
                        <i>-0.330367 0.932198 -0.147868 -0.943626 -0.322774 0.0734 0.0206953 0.163781 0.98628 -0.432177 1.88663 -2.33934</i>
                        <i>-0.341334 0.926404 -0.158956 -0.939822 -0.333674 0.0734554 0.0150099 0.174463 0.984549 -0.433187 1.90398 -2.33915</i>
                        <i>-0.339217 0.929315 -0.145962 -0.940511 -0.331864 0.0728363 0.0192483 0.161986 0.986605 -0.433187 1.91445 -2.33915</i>
                        <i>-0.334658 0.934955 -0.117747 -0.941916 -0.328137 0.0715619 0.0282702 0.134856 0.990462 -0.433187 1.92238 -2.33915</i>
                        <i>-0.330316 0.939514 -0.0905809 -0.943155 -0.324807 0.0704239 0.0367429 0.108694 0.993396 -0.433187 1.92795 -2.33915</i>
                        <i>-0.32893 0.940812 -0.0817183 -0.943529 -0.323793 0.0700774 0.0394699 0.100154 0.994189 -0.433187 1.93135 -2.33915</i>
                        <i>-0.331123 0.938782 -0.0951142 -0.942925 -0.325428 0.070636 0.035359 0.113075 0.992957 -0.433187 1.93241 -2.33915</i>
                        <i>-0.334849 0.934862 -0.11794 -0.941849 -0.328315 0.0716229 0.028236 0.135064 0.990434 -0.433187 1.93143 -2.33915</i>
                        <i>-0.338878 0.929944 -0.14271 -0.940611 -0.331602 0.0727466 0.0203275 0.158886 0.987088 -0.433187 1.92933 -2.33915</i>
                        <i>-0.342077 0.92553 -0.162412 -0.939569 -0.334336 0.0736818 0.0138945 0.177802 0.983968 -0.433187 1.92697 -2.33915</i>
                        <i>-0.343378 0.923604 -0.170435 -0.93913 -0.335481 0.0740737 0.011237 0.185496 0.982581 -0.433187 1.92525 -2.33915</i>
                        <i>-0.330673 0.929807 -0.161598 -0.943591 -0.32264 0.0744277 0.0170654 0.177094 0.984046 -0.42351 1.92572 -2.34063</i>
                        <i>-0.29565 0.945483 -0.136579 -0.954763 -0.287674 0.0753016 0.0319061 0.152663 0.987763 -0.396623 1.92884 -2.3447</i>
                        <i>-0.243176 0.965108 -0.0971163 -0.968646 -0.236366 0.0765303 0.050905 0.112682 0.992326 -0.355679 1.93383 -2.35074</i>
                        <i>-0.178814 0.98285 -0.0450646 -0.981482 -0.174992 0.0779193 0.068697 0.0581631 0.995941 -0.303867 1.93988 -2.35813</i>
                        <i>-0.108938 0.993906 0.0168509 -0.990789 -0.109937 0.0790631 0.0804338 -0.00808267 0.996727 -0.244511 1.9462 -2.36631</i>
                        <i>-0.0402901 0.995594 0.0846733 -0.995743 -0.0470373 0.0792635 0.0828971 -0.0811194 0.993251 -0.181108 1.95212 -2.37484</i>
                        <i>0.0209662 0.987947 0.153369 -0.996945 0.00911379 0.0775792 0.0752463 -0.154527 0.985119 -0.117298 1.95714 -2.38338</i>
                        <i>0.0702756 0.973544 0.217426 -0.995783 0.0555807 0.0729857 0.0589701 -0.221639 0.973344 -0.0568011 1.96096 -2.39173</i>
                        <i>0.105275 0.956637 0.271594 -0.993754 0.0910341 0.0645477 0.0370244 -0.276692 0.960245 -0.00332864 1.96343 -2.39974</i>
                        <i>0.125584 0.941961 0.31135 -0.992003 0.115246 0.051461 0.0125924 -0.315323 0.948901 0.0394759 1.96447 -2.40727</i>
                        <i>0.131846 0.933715 0.332854 -0.991198 0.128243 0.0328772 -0.0119883 -0.334259 0.942405 0.0680705 1.96396 -2.41418</i>
                        <i>0.134204 0.931597 0.33781 -0.990114 0.140086 0.00702681 -0.0407762 -0.335414 0.941188 0.0856627 1.96168 -2.42127</i>
                        <i>0.142137 0.932608 0.331722 -0.986756 0.159965 -0.0269198 -0.0781695 -0.323502 0.942993 0.0983455 1.95771 -2.42926</i>
                        <i>0.154981 0.935871 0.316428 -0.980242 0.185524 -0.0686018 -0.122907 -0.299544 0.946133 0.10694 1.95228 -2.43775</i>
                        <i>0.17179 0.940366 0.293599 -0.969822 0.213776 -0.117241 -0.173014 -0.264598 0.948712 0.112209 1.94564 -2.44632</i>
                        <i>0.19141 0.945086 0.264904 -0.955163 0.241474 -0.171328 -0.225887 -0.220233 0.948932 0.114866 1.93808 -2.45457</i>
                        <i>0.212557 0.949177 0.232125 -0.936581 0.265639 -0.228589 -0.278633 -0.168815 0.945444 0.115585 1.92996 -2.46214</i>
                        <i>0.233897 0.952049 0.197216 -0.915068 0.284107 -0.286241 -0.328546 -0.113515 0.937642 0.115009 1.92165 -2.46874</i>
                        <i>0.254127 0.953458 0.162289 -0.892122 0.295892 -0.341417 -0.373546 -0.058018 0.925795 0.113763 1.91357 -2.47417</i>
                        <i>0.272028 0.953531 0.129539 -0.869442 0.301234 -0.391572 -0.412398 -0.00610787 0.910984 0.112459 1.90617 -2.47831</i>
                        <i>0.286488 0.95273 0.10115 -0.848654 0.301345 -0.434716 -0.444648 0.0386997 0.894869 0.111708 1.89989 -2.4811</i>
                        <i>0.296477 0.95175 0.0792094 -0.831171 0.297984 -0.469425 -0.470378 0.073337 0.879412 0.112122 1.89516 -2.48252</i>
                        <i>0.300974 0.951368 0.0656712 -0.818191 0.29299 -0.494692 -0.489875 0.0951579 0.866584 0.114316 1.89239 -2.48256</i>
                        <i>0.304656 0.950639 0.0589124 -0.8071 0.290509 -0.513998 -0.505741 0.109045 0.855766 0.117799 1.89136 -2.48128</i>
                        <i>0.312182 0.94839 0.0556613 -0.794897 0.292845 -0.531395 -0.52027 0.121647 0.845294 0.121579 1.89127 -2.47888</i>
                        <i>0.322408 0.944984 0.0553003 -0.782068 0.298828 -0.546875 -0.533314 0.133068 0.835386 0.125527 1.89172 -2.47556</i>
                        <i>0.334182 0.94077 0.0572189 -0.769109 0.307288 -0.560397 -0.544788 0.143267 0.826245 0.129501 1.8923 -2.47154</i>
                        <i>0.346379 0.936121 0.0608234 -0.756559 0.317097 -0.571898 -0.554652 0.152077 0.818067 0.133352 1.89266 -2.46705</i>
                        <i>0.357931 0.931445 0.0655432 -0.745005 0.327191 -0.581303 -0.562897 0.159236 0.811043 0.136923 1.89248 -2.46233</i>
                        <i>0.367832 0.92719 0.0708354 -0.735081 0.336581 -0.588531 -0.569523 0.164411 0.805365 0.140054 1.89147 -2.45762</i>
                        <i>0.375143 0.923831 0.0761862 -0.727455 0.344344 -0.593495 -0.574524 0.167223 0.801223 0.142587 1.88939 -2.45319</i>
                        <i>0.378973 0.921846 0.0811092 -0.722804 0.349595 -0.596102 -0.57787 0.16728 0.798801 0.144367 1.886 -2.44931</i>
                        <i>0.378457 0.921695 0.0851392 -0.721782 0.351448 -0.596251 -0.579484 0.164204 0.79827 0.145244 1.88108 -2.44625</i>
                        <i>0.372718 0.92378 0.0878205 -0.724978 0.34896 -0.59383 -0.579214 0.157663 0.799783 0.145067 1.87439 -2.44428</i>
                        <i>0.360817 0.92841 0.0886919 -0.73287 0.341063 -0.588709 -0.576813 0.147417 0.803465 0.143687 1.86565 -2.44367</i>
                        <i>0.335941 0.936837 0.0973687 -0.749463 0.328492 -0.574802 -0.570481 0.120125 0.812479 0.13597 1.85571 -2.44321</i>
                        <i>0.29431 0.947851 0.122309 -0.776419 0.311755 -0.547707 -0.557275 0.0662328 0.827682 0.117948 1.84532 -2.4415</i>
                        <i>0.239961 0.957273 0.161391 -0.810107 0.289065 -0.510066 -0.534925 -0.00834843 0.844858 0.091238 1.83384 -2.43837</i>
                        <i>0.177605 0.960933 0.212282 -0.846611 0.259166 -0.464846 -0.501703 -0.0971617 0.859566 0.05759 1.82053 -2.43367</i>
                        <i>0.112435 0.955665 0.272146 -0.882244 0.222021 -0.415152 -0.457169 -0.193422 0.868093 0.0189581 1.80477 -2.42738</i>
                        <i>0.0496463 0.939987 0.337578 -0.914081 0.178967 -0.363904 -0.40248 -0.290507 0.86811 -0.0225145 1.7862 -2.41968</i>
                        <i>-0.00624012 0.914404 0.404755 -0.940306 0.132367 -0.313533 -0.340272 -0.38255 0.858994 -0.064592 1.76486 -2.41098</i>
                        <i>-0.0520538 0.881257 0.469762 -0.960259 0.0849958 -0.265854 -0.274214 -0.464932 0.841811 -0.105096 1.74125 -2.40188</i>
                        <i>-0.0864268 0.844223 0.528978 -0.974212 0.0394666 -0.222158 -0.208428 -0.534537 0.819041 -0.142052 1.71632 -2.39303</i>
                        <i>-0.109875 0.807614 0.579385 -0.983023 -0.00211598 -0.183472 -0.146949 -0.589707 0.794136 -0.173794 1.69134 -2.38511</i>
                        <i>-0.109875 0.807614 0.579385 -0.983023 -0.00211598 -0.183472 -0.146949 -0.589707 0.794136 -0.173794 1.69134 -2.38511</i>
                        <i>-0.109875 0.807614 0.579385 -0.983023 -0.00211598 -0.183472 -0.146949 -0.589707 0.794136 -0.173794 1.69134 -2.38511</i>
                        <i>-0.109875 0.807614 0.579385 -0.983023 -0.00211598 -0.183472 -0.146949 -0.589707 0.794136 -0.173794 1.69134 -2.38511</i>
                        <i>-0.109875 0.807614 0.579385 -0.983023 -0.00211598 -0.183472 -0.146949 -0.589707 0.794136 -0.173794 1.69134 -2.38511</i>
                        <i>-0.109875 0.807614 0.579385 -0.983023 -0.00211598 -0.183472 -0.146949 -0.589707 0.794136 -0.173794 1.69134 -2.38511</i>
                        <i>-0.109875 0.807614 0.579385 -0.983023 -0.00211598 -0.183472 -0.146949 -0.589707 0.794136 -0.173794 1.69134 -2.38511</i>
                        <i>-0.109875 0.807614 0.579385 -0.983023 -0.00211598 -0.183472 -0.146949 -0.589707 0.794136 -0.173794 1.69134 -2.38511</i>
                        <i>-0.109875 0.807614 0.579385 -0.983023 -0.00211598 -0.183472 -0.146949 -0.589707 0.794136 -0.173794 1.69134 -2.38511</i>
                        <i>-0.109875 0.807614 0.579385 -0.983023 -0.00211598 -0.183472 -0.146949 -0.589707 0.794136 -0.173794 1.69134 -2.38511</i>
                        <i>-0.109875 0.807614 0.579385 -0.983023 -0.00211598 -0.183472 -0.146949 -0.589707 0.794136 -0.173794 1.69134 -2.38511</i>
                    </KeyFrames>
                </p>
            </i>
            <i>
                <p>
                    <Name><![CDATA[spine1]]></Name>
                    <Exclude>0</Exclude>
                    <Additive>0</Additive>
                    <IKPriority>0</IKPriority>
                    <IKRotLimits>-1e+010 -1e+010 -1e+010 1e+010 1e+010 1e+010</IKRotLimits>
                    <IKRotLimitOrder>0</IKRotLimitOrder>
                    <KeyFrames count="117">
                        <i>-0.111687 0.35102 0.929683 -0.992544 -0.0853653 -0.087007 0.0488216 -0.932469 0.357936 -0.194421 1.84311 -2.27635</i>
                        <i>0.115318 0.92752 0.355539 -0.99244 0.122723 0.00174001 -0.0420187 -0.353051 0.93466 -0.196142 2.10523 -2.3434</i>
                        <i>0.208186 0.863002 0.460312 -0.970398 0.241149 -0.0132291 -0.122421 -0.443932 0.887659 -0.224629 2.19197 -2.39836</i>
                        <i>0.2231 0.810303 0.541881 -0.960726 0.276881 -0.0184906 -0.16502 -0.516474 0.840252 -0.236121 2.25144 -2.43726</i>
                        <i>0.13632 0.728351 0.671506 -0.979559 0.200312 -0.0184123 -0.147922 -0.65527 0.74077 -0.222192 2.26462 -2.46003</i>
                        <i>0.00467958 0.613302 0.789834 -0.99802 0.0524105 -0.0347834 -0.0627283 -0.788107 0.612333 -0.199709 2.2494 -2.47071</i>
                        <i>-0.0744356 0.568514 0.8193 -0.996997 -0.0600196 -0.0489321 0.0213554 -0.820482 0.571274 -0.186139 2.23361 -2.47463</i>
                        <i>-0.0459573 0.718404 0.694106 -0.998811 -0.021752 -0.0436185 -0.0162375 -0.695286 0.71855 -0.18711 2.23097 -2.47686</i>
                        <i>0.065732 0.955884 0.286296 -0.996113 0.0797184 -0.0374613 -0.0586317 -0.28272 0.957409 -0.19773 2.22695 -2.46073</i>
                        <i>0.129685 0.990716 -0.0407846 -0.99105 0.128196 -0.0372316 -0.0316575 0.045248 0.998474 -0.207773 2.23247 -2.43202</i>
                        <i>0.119623 0.986918 -0.108087 -0.992546 0.116325 -0.0363444 -0.0232958 0.111629 0.993477 -0.210466 2.24092 -2.41987</i>
                        <i>0.0975142 0.985694 -0.13747 -0.995013 0.0936436 -0.0343632 -0.0209984 0.140135 0.98991 -0.211521 2.2525 -2.41792</i>
                        <i>0.0680783 0.98809 -0.137995 -0.997415 0.0642186 -0.0322367 -0.0229909 0.139833 0.989908 -0.211524 2.26222 -2.42083</i>
                        <i>0.034843 0.99251 -0.117093 -0.999033 0.0314471 -0.0307257 -0.0268132 0.118051 0.992646 -0.211062 2.26529 -2.42323</i>
                        <i>0.000622216 0.996756 -0.0804767 -0.999541 -0.0018173 -0.0302366 -0.0302848 0.0804586 0.996298 -0.210725 2.257 -2.41971</i>
                        <i>-0.0394303 0.998751 -0.0306735 -0.99906 -0.0399583 -0.0167961 -0.0180008 0.0299824 0.999388 -0.227049 2.23807 -2.41117</i>
                        <i>-0.0836718 0.99599 0.0316706 -0.996306 -0.0842294 0.0166993 0.0192999 -0.0301563 0.999359 -0.268137 2.21604 -2.40228</i>
                        <i>-0.123954 0.987104 0.101295 -0.989632 -0.13044 0.0601108 0.0725485 -0.0927936 0.993039 -0.321517 2.19235 -2.393</i>
                        <i>-0.155694 0.973334 0.168466 -0.979227 -0.174509 0.103256 0.129902 -0.14889 0.980284 -0.374841 2.16736 -2.384</i>
                        <i>-0.175935 0.958786 0.223105 -0.968306 -0.209373 0.136189 0.177288 -0.192074 0.965234 -0.417353 2.14523 -2.37671</i>
                        <i>-0.18548 0.948953 0.255119 -0.962066 -0.228227 0.14947 0.200065 -0.217718 0.955287 -0.438717 2.13028 -2.37279</i>
                        <i>-0.1902 0.943528 0.271253 -0.960001 -0.236576 0.149764 0.205478 -0.231918 0.950785 -0.445791 2.12124 -2.37124</i>
                        <i>-0.19486 0.938652 0.284539 -0.95803 -0.244333 0.149933 0.210257 -0.243381 0.946867 -0.452301 2.11384 -2.36994</i>
                        <i>-0.199448 0.934407 0.295134 -0.956172 -0.251469 0.149992 0.214371 -0.252284 0.943609 -0.458265 2.10797 -2.36887</i>
                        <i>-0.203953 0.93084 0.303215 -0.954445 -0.257971 0.149954 0.217804 -0.258819 0.94105 -0.463705 2.10347 -2.36804</i>
                        <i>-0.208362 0.927967 0.308971 -0.952858 -0.263839 0.149833 0.220558 -0.263186 0.939195 -0.468642 2.10023 -2.36742</i>
                        <i>-0.212665 0.925772 0.312602 -0.95142 -0.269085 0.14964 0.222649 -0.265593 0.938023 -0.473102 2.09812 -2.367</i>
                        <i>-0.216848 0.924222 0.31431 -0.950134 -0.273732 0.149389 0.224105 -0.266242 0.937493 -0.477109 2.09699 -2.36676</i>
