<?xml version="1.0" encoding="ISO-8859-1" ?>
<Animl Version="1">
    <ModellingPackage><![CDATA[Maya.2010]]></ModellingPackage>
    <SrcFile><![CDATA[anims\turrets\machinegun\red\~src\mgun_nsv\mgun_nsv_reload_crewman_b.mb]]></SrcFile>
    <FramesPerSecond>30</FramesPerSecond>
    <TotalFrames>117</TotalFrames>
    <Skeleton>
        <RefFrame>
            <Name><![CDATA[soldier_ref_frame]]></Name>
            <Exclude>0</Exclude>
            <Additive>0</Additive>
            <IKPriority>0</IKPriority>
            <IKRotLimits>-1e+010 -1e+010 -1e+010 1e+010 1e+010 1e+010</IKRotLimits>
            <IKRotLimitOrder>0</IKRotLimitOrder>
            <KeyFrames count="117">
                <i>1 0 0 0 1 0 0 0 1 -1.43172 0.939675 -1.20933</i>
                <i>1 0 0 0 1 0 0 0 1 -1.43172 0.939675 -1.20933</i>
                <i>1 0 0 0 1 0 0 0 1 -1.43172 0.939675 -1.20933</i>
                <i>1 0 0 0 1 0 0 0 1 -1.43172 0.939675 -1.20933</i>
                <i>1 0 0 0 1 0 0 0 1 -1.43172 0.939675 -1.20933</i>
                <i>1 0 0 0 1 0 0 0 1 -1.43172 0.939675 -1.20933</i>
                <i>1 0 0 0 1 0 0 0 1 -1.43172 0.939675 -1.20933</i>
                <i>1 0 0 0 1 0 0 0 1 -1.43172 0.939675 -1.20933</i>
                <i>1 0 0 0 1 0 0 0 1 -1.43172 0.939675 -1.20933</i>
                <i>1 0 0 0 1 0 0 0 1 -1.43172 0.939675 -1.20933</i>
                <i>1 0 0 0 1 0 0 0 1 -1.43172 0.939675 -1.20933</i>
                <i>1 0 0 0 1 0 0 0 1 -1.43172 0.939675 -1.20933</i>
                <i>1 0 0 0 1 0 0 0 1 -1.43172 0.939675 -1.20933</i>
                <i>1 0 0 0 1 0 0 0 1 -1.43172 0.939675 -1.20933</i>
                <i>1 0 0 0 1 0 0 0 1 -1.43172 0.939675 -1.20933</i>
                <i>1 0 0 0 1 0 0 0 1 -1.43172 0.939675 -1.20933</i>
                <i>1 0 0 0 1 0 0 0 1 -1.43172 0.939675 -1.20933</i>
                <i>1 0 0 0 1 0 0 0 1 -1.43172 0.939675 -1.20933</i>
                <i>1 0 0 0 1 0 0 0 1 -1.43172 0.939675 -1.20933</i>
                <i>1 0 0 0 1 0 0 0 1 -1.43172 0.939675 -1.20933</i>
                <i>1 0 0 0 1 0 0 0 1 -1.43172 0.939675 -1.20933</i>
                <i>1 0 0 0 1 0 0 0 1 -1.43172 0.939675 -1.20933</i>
                <i>1 0 0 0 1 0 0 0 1 -1.43172 0.939675 -1.20933</i>
                <i>1 0 0 0 1 0 0 0 1 -1.43172 0.939675 -1.20933</i>
                <i>1 0 0 0 1 0 0 0 1 -1.43172 0.939675 -1.20933</i>
                <i>1 0 0 0 1 0 0 0 1 -1.43172 0.939675 -1.20933</i>
                <i>1 0 0 0 1 0 0 0 1 -1.43172 0.939675 -1.20933</i>
                <i>1 0 0 0 1 0 0 0 1 -1.43172 0.939675 -1.20933</i>
                <i>1 0 0 0 1 0 0 0 1 -1.43172 0.939675 -1.20933</i>
                <i>1 0 0 0 1 0 0 0 1 -1.43172 0.939675 -1.20933</i>
                <i>1 0 0 0 1 0 0 0 1 -1.43172 0.939675 -1.20933</i>
                <i>1 0 0 0 1 0 0 0 1 -1.43172 0.939675 -1.20933</i>
                <i>1 0 0 0 1 0 0 0 1 -1.43172 0.939675 -1.20933</i>
                <i>1 0 0 0 1 0 0 0 1 -1.43172 0.939675 -1.20933</i>
                <i>1 0 0 0 1 0 0 0 1 -1.43172 0.939675 -1.20933</i>
                <i>1 0 0 0 1 0 0 0 1 -1.43172 0.939675 -1.20933</i>
                <i>1 0 0 0 1 0 0 0 1 -1.43172 0.939675 -1.20933</i>
                <i>1 0 0 0 1 0 0 0 1 -1.43172 0.939675 -1.20933</i>
                <i>1 0 0 0 1 0 0 0 1 -1.43172 0.939675 -1.20933</i>
                <i>1 0 0 0 1 0 0 0 1 -1.43172 0.939675 -1.20933</i>
                <i>1 0 0 0 1 0 0 0 1 -1.43172 0.939675 -1.20933</i>
                <i>1 0 0 0 1 0 0 0 1 -1.43172 0.939675 -1.20933</i>
                <i>1 0 0 0 1 0 0 0 1 -1.43172 0.939675 -1.20933</i>
                <i>1 0 0 0 1 0 0 0 1 -1.43172 0.939675 -1.20933</i>
                <i>1 0 0 0 1 0 0 0 1 -1.43172 0.939675 -1.20933</i>
                <i>1 0 0 0 1 0 0 0 1 -1.43172 0.939675 -1.20933</i>
                <i>1 0 0 0 1 0 0 0 1 -1.43172 0.939675 -1.20933</i>
                <i>1 0 0 0 1 0 0 0 1 -1.43172 0.939675 -1.20933</i>
                <i>1 0 0 0 1 0 0 0 1 -1.43172 0.939675 -1.20933</i>
                <i>1 0 0 0 1 0 0 0 1 -1.43172 0.939675 -1.20933</i>
                <i>1 0 0 0 1 0 0 0 1 -1.43172 0.939675 -1.20933</i>
                <i>1 0 0 0 1 0 0 0 1 -1.43172 0.939675 -1.20933</i>
                <i>1 0 0 0 1 0 0 0 1 -1.43172 0.939675 -1.20933</i>
                <i>1 0 0 0 1 0 0 0 1 -1.43172 0.939675 -1.20933</i>
                <i>1 0 0 0 1 0 0 0 1 -1.43172 0.939675 -1.20933</i>
                <i>1 0 0 0 1 0 0 0 1 -1.43172 0.939675 -1.20933</i>
                <i>1 0 0 0 1 0 0 0 1 -1.43172 0.939675 -1.20933</i>
                <i>1 0 0 0 1 0 0 0 1 -1.43172 0.939675 -1.20933</i>
                <i>1 0 0 0 1 0 0 0 1 -1.43172 0.939675 -1.20933</i>
                <i>1 0 0 0 1 0 0 0 1 -1.43172 0.939675 -1.20933</i>
                <i>1 0 0 0 1 0 0 0 1 -1.43172 0.939675 -1.20933</i>
                <i>1 0 0 0 1 0 0 0 1 -1.43172 0.939675 -1.20933</i>
                <i>1 0 0 0 1 0 0 0 1 -1.43172 0.939675 -1.20933</i>
                <i>1 0 0 0 1 0 0 0 1 -1.43172 0.939675 -1.20933</i>
                <i>1 0 0 0 1 0 0 0 1 -1.43172 0.939675 -1.20933</i>
                <i>1 0 0 0 1 0 0 0 1 -1.43172 0.939675 -1.20933</i>
                <i>1 0 0 0 1 0 0 0 1 -1.43172 0.939675 -1.20933</i>
                <i>1 0 0 0 1 0 0 0 1 -1.43172 0.939675 -1.20933</i>
                <i>1 0 0 0 1 0 0 0 1 -1.43172 0.939675 -1.20933</i>
                <i>1 0 0 0 1 0 0 0 1 -1.43172 0.939675 -1.20933</i>
                <i>1 0 0 0 1 0 0 0 1 -1.43172 0.939675 -1.20933</i>
                <i>1 0 0 0 1 0 0 0 1 -1.43172 0.939675 -1.20933</i>
                <i>1 0 0 0 1 0 0 0 1 -1.43172 0.939675 -1.20933</i>
                <i>1 0 0 0 1 0 0 0 1 -1.43172 0.939675 -1.20933</i>
                <i>1 0 0 0 1 0 0 0 1 -1.43172 0.939675 -1.20933</i>
                <i>1 0 0 0 1 0 0 0 1 -1.43172 0.939675 -1.20933</i>
                <i>1 0 0 0 1 0 0 0 1 -1.43172 0.939675 -1.20933</i>
                <i>1 0 0 0 1 0 0 0 1 -1.43172 0.939675 -1.20933</i>
                <i>1 0 0 0 1 0 0 0 1 -1.43172 0.939675 -1.20933</i>
                <i>1 0 0 0 1 0 0 0 1 -1.43172 0.939675 -1.20933</i>
                <i>1 0 0 0 1 0 0 0 1 -1.43172 0.939675 -1.20933</i>
                <i>1 0 0 0 1 0 0 0 1 -1.43172 0.939675 -1.20933</i>
                <i>1 0 0 0 1 0 0 0 1 -1.43172 0.939675 -1.20933</i>
                <i>1 0 0 0 1 0 0 0 1 -1.43172 0.939675 -1.20933</i>
                <i>1 0 0 0 1 0 0 0 1 -1.43172 0.939675 -1.20933</i>
                <i>1 0 0 0 1 0 0 0 1 -1.43172 0.939675 -1.20933</i>
                <i>1 0 0 0 1 0 0 0 1 -1.43172 0.939675 -1.20933</i>
                <i>1 0 0 0 1 0 0 0 1 -1.43172 0.939675 -1.20933</i>
                <i>1 0 0 0 1 0 0 0 1 -1.43172 0.939675 -1.20933</i>
                <i>1 0 0 0 1 0 0 0 1 -1.43172 0.939675 -1.20933</i>
                <i>1 0 0 0 1 0 0 0 1 -1.43172 0.939675 -1.20933</i>
                <i>1 0 0 0 1 0 0 0 1 -1.43172 0.939675 -1.20933</i>
                <i>1 0 0 0 1 0 0 0 1 -1.43172 0.939675 -1.20933</i>
                <i>1 0 0 0 1 0 0 0 1 -1.43172 0.939675 -1.20933</i>
                <i>1 0 0 0 1 0 0 0 1 -1.43172 0.939675 -1.20933</i>
                <i>1 0 0 0 1 0 0 0 1 -1.43172 0.939675 -1.20933</i>
                <i>1 0 0 0 1 0 0 0 1 -1.43172 0.939675 -1.20933</i>
                <i>1 0 0 0 1 0 0 0 1 -1.43172 0.939675 -1.20933</i>
                <i>1 0 0 0 1 0 0 0 1 -1.43172 0.939675 -1.20933</i>
                <i>1 0 0 0 1 0 0 0 1 -1.43172 0.939675 -1.20933</i>
                <i>1 0 0 0 1 0 0 0 1 -1.43172 0.939675 -1.20933</i>
                <i>1 0 0 0 1 0 0 0 1 -1.43172 0.939675 -1.20933</i>
                <i>1 0 0 0 1 0 0 0 1 -1.43172 0.939675 -1.20933</i>
                <i>1 0 0 0 1 0 0 0 1 -1.43172 0.939675 -1.20933</i>
                <i>1 0 0 0 1 0 0 0 1 -1.43172 0.939675 -1.20933</i>
                <i>1 0 0 0 1 0 0 0 1 -1.43172 0.939675 -1.20933</i>
                <i>1 0 0 0 1 0 0 0 1 -1.43172 0.939675 -1.20933</i>
                <i>1 0 0 0 1 0 0 0 1 -1.43172 0.939675 -1.20933</i>
                <i>1 0 0 0 1 0 0 0 1 -1.43172 0.939675 -1.20933</i>
                <i>1 0 0 0 1 0 0 0 1 -1.43172 0.939675 -1.20933</i>
                <i>1 0 0 0 1 0 0 0 1 -1.43172 0.939675 -1.20933</i>
                <i>1 0 0 0 1 0 0 0 1 -1.43172 0.939675 -1.20933</i>
                <i>1 0 0 0 1 0 0 0 1 -1.43172 0.939675 -1.20933</i>
                <i>1 0 0 0 1 0 0 0 1 -1.43172 0.939675 -1.20933</i>
                <i>1 0 0 0 1 0 0 0 1 -1.43172 0.939675 -1.20933</i>
                <i>1 0 0 0 1 0 0 0 1 -1.43172 0.939675 -1.20933</i>
                <i>1 0 0 0 1 0 0 0 1 -1.43172 0.939675 -1.20933</i>
            </KeyFrames>
        </RefFrame>
        <Bones count="23">
            <i>
                <p>
                    <Name><![CDATA[pelvis]]></Name>
                    <Exclude>0</Exclude>
                    <Additive>0</Additive>
                    <IKPriority>0</IKPriority>
                    <IKRotLimits>-1e+010 -1e+010 -1e+010 1e+010 1e+010 1e+010</IKRotLimits>
                    <IKRotLimitOrder>2</IKRotLimitOrder>
                    <KeyFrames count="117">
                        <i>1 0 0 0 1 0 0 0 1 -1.46746 1.57149 -1.20967</i>
                        <i>1 0 0 0 1 0 0 0 1 -1.46747 1.5794 -1.21064</i>
                        <i>1 0 0 0 1 0 0 0 1 -1.46751 1.58587 -1.21169</i>
                        <i>1 0 0 0 1 0 0 0 1 -1.46757 1.59234 -1.21274</i>
                        <i>1 0 0 0 1 0 0 0 1 -1.46764 1.60025 -1.21371</i>
                        <i>1 0 0 0 1 0 0 0 1 -1.46772 1.61105 -1.21453</i>
                        <i>1 0 0 0 1 0 0 0 1 -1.46779 1.62618 -1.21512</i>
                        <i>1 0 0 0 1 0 0 0 1 -1.4666 1.64626 -1.21543</i>
                        <i>1 0 0 0 1 0 0 0 1 -1.46392 1.67026 -1.21551</i>
                        <i>1 0 0 0 1 0 0 0 1 -1.46122 1.69715 -1.21543</i>
                        <i>1 0 0 0 1 0 0 0 1 -1.45997 1.72589 -1.21529</i>
                        <i>1 0 0 0 1 0 0 0 1 -1.46167 1.75544 -1.21516</i>
                        <i>1 0 0 0 1 0 0 0 1 -1.46779 1.78477 -1.21512</i>
                        <i>1 0 0 0 1 0 0 0 1 -1.48054 1.81864 -1.21521</i>
                        <i>1 0 0 0 1 0 0 0 1 -1.49918 1.85881 -1.21535</i>
                        <i>1 0 0 0 1 0 0 0 1 -1.52076 1.8998 -1.2155</i>
                        <i>1 0 0 0 1 0 0 0 1 -1.54236 1.9361 -1.21563</i>
                        <i>1 0 0 0 1 0 0 0 1 -1.56102 1.96224 -1.21568</i>
                        <i>1 0 0 0 1 0 0 0 1 -1.57382 1.97271 -1.21562</i>
                        <i>1 0 0 0 1 0 0 0 1 -1.57962 1.96121 -1.21689</i>
                        <i>1 0 0 0 1 0 0 0 1 -1.58051 1.931 -1.21979</i>
                        <i>1 0 0 0 1 0 0 0 1 -1.5784 1.89077 -1.22252</i>
                        <i>1 0 0 0 1 0 0 0 1 -1.57532 1.84904 -1.22341</i>
                        <i>1 0 0 0 1 0 0 0 1 -1.57342 1.81416 -1.22089</i>
                        <i>1 0 0 0 1 0 0 0 1 -1.5749 1.79442 -1.21348</i>
                        <i>1 0 0 0 1 0 0 0 1 -1.57958 1.78975 -1.19764</i>
                        <i>1 0 0 0 1 0 0 0 1 -1.58531 1.79325 -1.17372</i>
                        <i>1 0 0 0 1 0 0 0 1 -1.59122 1.80332 -1.14596</i>
                        <i>1 0 0 0 1 0 0 0 1 -1.59705 1.81866 -1.11887</i>
                        <i>1 0 0 0 1 0 0 0 1 -1.60329 1.83789 -1.09734</i>
                        <i>1 0 0 0 1 0 0 0 1 -1.61084 1.85927 -1.08654</i>
                        <i>1 0 0 0 1 0 0 0 1 -1.62491 1.88847 -1.09121</i>
                        <i>1 0 0 0 1 0 0 0 1 -1.64576 1.92771 -1.10829</i>
                        <i>1 0 0 0 1 0 0 0 1 -1.66693 1.96989 -1.1312</i>
                        <i>1 0 0 0 1 0 0 0 1 -1.68285 2.00789 -1.15371</i>
                        <i>1 0 0 0 1 0 0 0 1 -1.68913 2.03451 -1.17015</i>
                        <i>1 0 0 0 1 0 0 0 1 -1.68204 2.04276 -1.17512</i>
                        <i>1 0 0 0 1 0 0 0 1 -1.66477 2.029 -1.17144</i>
                        <i>1 0 0 0 1 0 0 0 1 -1.6427 1.99847 -1.16482</i>
                        <i>1 0 0 0 1 0 0 0 1 -1.615 1.95817 -1.15391</i>
                        <i>1 0 0 0 1 0 0 0 1 -1.58072 1.91497 -1.13756</i>
                        <i>1 0 0 0 1 0 0 0 1 -1.53902 1.87537 -1.11491</i>
                        <i>1 0 0 0 1 0 0 0 1 -1.48938 1.84542 -1.08524</i>
                        <i>1 0 0 0 1 0 0 0 1 -1.4316 1.83088 -1.04779</i>
                        <i>1 0 0 0 1 0 0 0 1 -1.3245 1.86013 -0.970552</i>
                        <i>1 0 0 0 1 0 0 0 1 -1.17433 1.92848 -0.858345</i>
                        <i>1 0 0 0 1 0 0 0 1 -1.05233 1.99203 -0.76548</i>
                        <i>1 0 0 0 1 0 0 0 1 -0.988208 2.03524 -0.713886</i>
                        <i>1 0 0 0 1 0 0 0 1 -0.952231 2.07363 -0.681661</i>
                        <i>1 0 0 0 1 0 0 0 1 -0.926551 2.10985 -0.657275</i>
                        <i>1 0 0 0 1 0 0 0 1 -0.90143 2.13193 -0.63277</i>
                        <i>1 0 0 0 1 0 0 0 1 -0.886605 2.15185 -0.616104</i>
                        <i>1 0 0 0 1 0 0 0 1 -0.893453 2.20818 -0.61961</i>
                        <i>1 0 0 0 1 0 0 0 1 -0.934264 2.34413 -0.654779</i>
                        <i>1 0 0 0 1 0 0 0 1 -0.995673 2.51643 -0.709105</i>
                        <i>1 0 0 0 1 0 0 0 1 -1.05042 2.63396 -0.75913</i>
                        <i>1 0 0 0 1 0 0 0 1 -1.08968 2.67661 -0.797475</i>
                        <i>1 0 0 0 1 0 0 0 1 -1.12442 2.68733 -0.833056</i>
                        <i>1 0 0 0 1 0 0 0 1 -1.15686 2.66962 -0.867102</i>
                        <i>1 0 0 0 1 0 0 0 1 -1.18922 2.62697 -0.900828</i>
                        <i>1 0 0 0 1 0 0 0 1 -1.22288 2.54616 -0.935896</i>
                        <i>1 0 0 0 1 0 0 0 1 -1.2564 2.43003 -0.971212</i>
                        <i>1 0 0 0 1 0 0 0 1 -1.28776 2.30621 -1.00384</i>
                        <i>1 0 0 0 1 0 0 0 1 -1.31491 2.20228 -1.03082</i>
                        <i>1 0 0 0 1 0 0 0 1 -1.33803 2.11438 -1.05334</i>
                        <i>1 0 0 0 1 0 0 0 1 -1.35907 2.02539 -1.07398</i>
                        <i>1 0 0 0 1 0 0 0 1 -1.37869 1.94306 -1.09218</i>
                        <i>1 0 0 0 1 0 0 0 1 -1.39727 1.87593 -1.10774</i>
                        <i>1 0 0 0 1 0 0 0 1 -1.41522 1.82702 -1.1211</i>
                        <i>1 0 0 0 1 0 0 0 1 -1.43367 1.79593 -1.13212</i>
                        <i>1 0 0 0 1 0 0 0 1 -1.45461 1.78869 -1.13899</i>
                        <i>1 0 0 0 1 0 0 0 1 -1.47784 1.80495 -1.14208</i>
                        <i>1 0 0 0 1 0 0 0 1 -1.50141 1.8347 -1.14378</i>
                        <i>1 0 0 0 1 0 0 0 1 -1.52356 1.86906 -1.14564</i>
                        <i>1 0 0 0 1 0 0 0 1 -1.54276 1.90016 -1.14791</i>
                        <i>1 0 0 0 1 0 0 0 1 -1.55739 1.91953 -1.15099</i>
                        <i>1 0 0 0 1 0 0 0 1 -1.56589 1.91868 -1.15537</i>
                        <i>1 0 0 0 1 0 0 0 1 -1.56826 1.89746 -1.16123</i>
                        <i>1 0 0 0 1 0 0 0 1 -1.56626 1.86481 -1.16813</i>
                        <i>1 0 0 0 1 0 0 0 1 -1.56085 1.82456 -1.1757</i>
                        <i>1 0 0 0 1 0 0 0 1 -1.55302 1.7795 -1.18353</i>
                        <i>1 0 0 0 1 0 0 0 1 -1.54377 1.73197 -1.19123</i>
                        <i>1 0 0 0 1 0 0 0 1 -1.53408 1.68431 -1.19836</i>
                        <i>1 0 0 0 1 0 0 0 1 -1.52496 1.63942 -1.20451</i>
                        <i>1 0 0 0 1 0 0 0 1 -1.51743 1.60175 -1.20925</i>
                        <i>1 0 0 0 1 0 0 0 1 -1.5125 1.58052 -1.21217</i>
                        <i>1 0 0 0 1 0 0 0 1 -1.50875 1.57585 -1.21379</i>
                        <i>1 0 0 0 1 0 0 0 1 -1.50424 1.57309 -1.21498</i>
                        <i>1 0 0 0 1 0 0 0 1 -1.4992 1.57104 -1.21578</i>
                        <i>1 0 0 0 1 0 0 0 1 -1.49385 1.56935 -1.21624</i>
                        <i>1 0 0 0 1 0 0 0 1 -1.48843 1.56793 -1.2164</i>
                        <i>1 0 0 0 1 0 0 0 1 -1.48314 1.56674 -1.21632</i>
                        <i>1 0 0 0 1 0 0 0 1 -1.47824 1.56579 -1.21606</i>
                        <i>1 0 0 0 1 0 0 0 1 -1.47393 1.56512 -1.21565</i>
                        <i>1 0 0 0 1 0 0 0 1 -1.47045 1.56478 -1.21516</i>
                        <i>1 0 0 0 1 0 0 0 1 -1.46802 1.56482 -1.21463</i>
                        <i>1 0 0 0 1 0 0 0 1 -1.46649 1.56517 -1.21408</i>
                        <i>1 0 0 0 1 0 0 0 1 -1.46552 1.5657 -1.21349</i>
                        <i>1 0 0 0 1 0 0 0 1 -1.46501 1.56637 -1.21288</i>
                        <i>1 0 0 0 1 0 0 0 1 -1.46488 1.56714 -1.21228</i>
                        <i>1 0 0 0 1 0 0 0 1 -1.46505 1.56796 -1.2117</i>
                        <i>1 0 0 0 1 0 0 0 1 -1.46543 1.56879 -1.21116</i>
                        <i>1 0 0 0 1 0 0 0 1 -1.46593 1.56959 -1.21067</i>
                        <i>1 0 0 0 1 0 0 0 1 -1.46647 1.57032 -1.21026</i>
                        <i>1 0 0 0 1 0 0 0 1 -1.46696 1.57092 -1.20994</i>
                        <i>1 0 0 0 1 0 0 0 1 -1.46732 1.57133 -1.20974</i>
                        <i>1 0 0 0 1 0 0 0 1 -1.46746 1.57149 -1.20967</i>
                        <i>1 0 0 0 1 0 0 0 1 -1.46746 1.57149 -1.20967</i>
                        <i>1 0 0 0 1 0 0 0 1 -1.46746 1.57149 -1.20967</i>
                        <i>1 0 0 0 1 0 0 0 1 -1.46746 1.57149 -1.20967</i>
                        <i>1 0 0 0 1 0 0 0 1 -1.46746 1.57149 -1.20967</i>
                        <i>1 0 0 0 1 0 0 0 1 -1.46746 1.57149 -1.20967</i>
                        <i>1 0 0 0 1 0 0 0 1 -1.46746 1.57149 -1.20967</i>
                        <i>1 0 0 0 1 0 0 0 1 -1.46746 1.57149 -1.20967</i>
                        <i>1 0 0 0 1 0 0 0 1 -1.46746 1.57149 -1.20967</i>
                        <i>1 0 0 0 1 0 0 0 1 -1.46746 1.57149 -1.20967</i>
                        <i>1 0 0 0 1 0 0 0 1 -1.46746 1.57149 -1.20967</i>
                    </KeyFrames>
                </p>
            </i>
            <i>
                <p>
                    <Name><![CDATA[spine0]]></Name>
                    <Exclude>0</Exclude>
                    <Additive>0</Additive>
                    <IKPriority>0</IKPriority>
                    <IKRotLimits>-1e+010 -1e+010 -1e+010 1e+010 1e+010 1e+010</IKRotLimits>
                    <IKRotLimitOrder>0</IKRotLimitOrder>
                    <KeyFrames count="117">
                        <i>-0.24153 0.932338 0.269088 -0.959381 -0.271083 0.0781221 0.145781 -0.239289 0.959942 -1.49208 1.69119 -1.28557</i>
                        <i>-0.218941 0.935801 0.2763 -0.963007 -0.252834 0.0932367 0.157109 -0.245666 0.956538 -1.49403 1.6991 -1.28588</i>
                        <i>-0.194278 0.939187 0.283169 -0.966272 -0.232969 0.109745 0.16904 -0.252297 0.95277 -1.49614 1.70557 -1.28618</i>
                        <i>-0.169295 0.942216 0.289082 -0.968865 -0.212874 0.126433 0.180665 -0.258677 0.948919 -1.49825 1.71202 -1.28644</i>
                        <i>-0.145836 0.944708 0.293698 -0.970665 -0.194 0.142036 0.19116 -0.264369 0.945287 -1.50022 1.7199 -1.28665</i>
                        <i>-0.125824 0.946572 0.296933 -0.971726 -0.177875 0.15527 0.199791 -0.269001 0.94219 -1.50188 1.73067 -1.28679</i>
                        <i>-0.111237 0.947782 0.298889 -0.972231 -0.166096 0.164862 0.205898 -0.272251 0.939939 -1.50308 1.74577 -1.28688</i>
                        <i>-0.104459 0.948222 0.29994 -0.971899 -0.161299 0.171449 0.210951 -0.273602 0.938425 -1.50295 1.7657 -1.2869</i>
                        <i>-0.10451 0.948038 0.300501 -0.970804 -0.162847 0.176126 0.21591 -0.273321 0.937379 -1.50144 1.78941 -1.28686</i>
                        <i>-0.108316 0.947564 0.300648 -0.969618 -0.167425 0.178351 0.219336 -0.272196 0.936911 -1.49961 1.81601 -1.28681</i>
                        <i>-0.11278 0.947126 0.300389 -0.969008 -0.17171 0.17759 0.21978 -0.271051 0.937138 -1.49856 1.84462 -1.28677</i>
                        <i>-0.114792 0.947081 0.299768 -0.969668 -0.17238 0.17329 0.215794 -0.270783 0.938142 -1.49936 1.87437 -1.28679</i>
                        <i>-0.111237 0.947782 0.298889 -0.972231 -0.166096 0.164862 0.205898 -0.272251 0.939939 -1.50308 1.90436 -1.28688</i>
                        <i>-0.102965 0.950302 0.293809 -0.977127 -0.151887 0.148836 0.186065 -0.271764 0.944205 -1.51102 1.93926 -1.28743</i>
                        <i>-0.0925383 0.954406 0.283806 -0.983328 -0.132405 0.124637 0.156532 -0.267541 0.950747 -1.52253 1.98048 -1.28846</i>
                        <i>-0.0794853 0.958504 0.273773 -0.989316 -0.109523 0.0962206 0.122212 -0.2632 0.956969 -1.53585 2.02225 -1.28948</i>
                        <i>-0.0634331 0.961205 0.268442 -0.994092 -0.0845958 0.0680056 0.0880764 -0.262542 0.960892 -1.54922 2.05905 -1.29002</i>
                        <i>-0.0440845 0.961189 0.272347 -0.997285 -0.0584373 0.0448119 0.0589879 -0.269632 0.961155 -1.56089 2.08564 -1.28963</i>
                        <i>-0.0213228 0.956823 0.289889 -0.998992 -0.031849 0.0316413 0.0395078 -0.288922 0.956537 -1.56903 2.09701 -1.28789</i>
                        <i>0.00935543 0.943301 0.331807 -0.999397 -0.0022766 0.0346506 0.0334413 -0.331931 0.942711 -1.57312 2.08735 -1.28577</i>
                        <i>0.0461763 0.917053 0.396084 -0.998311 0.0283664 0.0507083 0.0352667 -0.397756 0.916813 -1.57443 2.05972 -1.28374</i>
                        <i>0.0803811 0.880197 0.467753 -0.996069 0.0534045 0.0706755 0.0372282 -0.471595 0.881029 -1.57393 2.02225 -1.28074</i>
                        <i>0.106246 0.83976 0.53246 -0.993726 0.070862 0.0865269 0.0349307 -0.538313 0.842021 -1.57272 1.98299 -1.27581</i>
                        <i>0.122279 0.807011 0.577738 -0.992149 0.0840146 0.092634 0.0262182 -0.58453 0.810949 -1.57197 1.95005 -1.26808</i>
                        <i>0.129867 0.794835 0.592766 -0.991487 0.0984181 0.0852531 0.0094232 -0.598792 0.800849 -1.57284 1.93167 -1.25656</i>
                        <i>0.131384 0.809505 0.572223 -0.99109 0.120011 0.0577814 -0.0218986 -0.574716 0.81806 -1.57425 1.92789 -1.23747</i>
                        <i>0.126699 0.843213 0.522436 -0.989836 0.141773 0.0112278 -0.0646 -0.518548 0.852605 -1.57488 1.93191 -1.21061</i>
                        <i>0.112765 0.885054 0.451624 -0.987501 0.150196 -0.0477734 -0.110114 -0.440592 0.890928 -1.57551 1.94214 -1.18029</i>
                        <i>0.0885723 0.923821 0.372438 -0.984111 0.138926 -0.110563 -0.153882 -0.356728 0.921447 -1.57732 1.95746 -1.15114</i>
                        <i>0.0565772 0.952395 0.299571 -0.980251 0.109938 -0.164385 -0.189494 -0.284354 0.939806 -1.58184 1.97677 -1.12813</i>
                        <i>0.0220014 0.969226 0.245187 -0.978575 0.0710941 -0.193225 -0.20471 -0.235683 0.950025 -1.59061 1.9985 -1.11656</i>
                        <i>-0.0189372 0.977578 0.209721 -0.980514 0.0228637 -0.195113 -0.195533 -0.20933 0.958096 -1.60921 2.02841 -1.12069</i>
                        <i>-0.0680886 0.980866 0.182387 -0.983096 -0.0348198 -0.17975 -0.16996 -0.191542 0.966657 -1.63706 2.06835 -1.13732</i>
                        <i>-0.117194 0.980697 0.156524 -0.984537 -0.0940675 -0.147774 -0.130198 -0.171422 0.976557 -1.66627 2.11074 -1.16045</i>
                        <i>-0.159119 0.97896 0.127745 -0.984084 -0.146904 -0.0999942 -0.0791242 -0.141622 0.986754 -1.68998 2.14828 -1.18432</i>
                        <i>-0.188142 0.977659 0.0937302 -0.981948 -0.185349 -0.0377416 -0.0195256 -0.099139 0.994882 -1.70272 2.17378 -1.20356</i>
                        <i>-0.200945 0.978176 0.0528398 -0.978498 -0.202986 0.0365763 0.0465039 -0.0443538 0.997933 -1.70017 2.18034 -1.21305</i>
                        <i>-0.201949 0.979395 0.00117611 -0.971389 -0.200451 0.12737 0.124981 0.0245797 0.991855 -1.68654 2.16392 -1.21639</i>
                        <i>-0.203352 0.977319 -0.0591267 -0.954307 -0.184334 0.235201 0.218967 0.104254 0.970147 -1.66926 2.12923 -1.2186</i>
                        <i>-0.214274 0.969423 -0.119602 -0.922641 -0.16068 0.350593 0.320656 0.185473 0.928859 -1.64845 2.0834 -1.21631</i>
                        <i>-0.238525 0.956003 -0.170776 -0.875128 -0.135356 0.464575 0.42102 0.260264 0.86891 -1.62317 2.03387 -1.20652</i>
                        <i>-0.273204 0.939844 -0.205066 -0.814395 -0.112521 0.569298 0.511978 0.322539 0.796145 -1.59164 1.98811 -1.18714</i>
                        <i>-0.310021 0.925004 -0.219668 -0.746741 -0.0939069 0.658452 0.588443 0.368169 0.719852 -1.55172 1.9533 -1.15715</i>
                        <i>-0.338568 0.915502 -0.217318 -0.681198 -0.0791543 0.727808 0.649108 0.394449 0.650437 -1.50142 1.93626 -1.11646</i>
                        <i>-0.32222 0.927035 -0.191781 -0.641435 -0.0648082 0.764435 0.696229 0.369331 0.615516 -1.39289 1.97107 -1.03146</i>
                        <i>-0.264153 0.954681 -0.137137 -0.62663 -0.0617892 0.776864 0.733184 0.291145 0.614554 -1.23189 2.05052 -0.908232</i>
                        <i>-0.19912 0.977337 -0.0718535 -0.616796 -0.0680115 0.784179 0.761521 0.200464 0.616361 -1.09961 2.12161 -0.806323</i>
                        <i>-0.129747 0.991416 -0.0161555 -0.606709 -0.0664922 0.792138 0.784264 0.112579 0.610128 -1.03246 2.16684 -0.751583</i>
                        <i>-0.0487838 0.997818 0.0444995 -0.602135 -0.0649266 0.79575 0.796902 0.012025 0.603988 -0.995658 2.20579 -0.718343</i>
                        <i>0.0450073 0.99212 0.116929 -0.600832 -0.0666279 0.796594 0.798107 -0.106107 0.593099 -0.965161 2.24448 -0.690133</i>
                        <i>0.153773 0.968589 0.19542 -0.603286 -0.0646005 0.794904 0.78256 -0.240129 0.574402 -0.927013 2.27159 -0.655978</i>
                        <i>0.26679 0.923737 0.274834 -0.609209 -0.0593288 0.790787 0.746785 -0.378406 0.54692 -0.894399 2.29512 -0.626522</i>
                        <i>0.365293 0.864384 0.345546 -0.616807 -0.0532696 0.78531 0.697216 -0.500003 0.513699 -0.884362 2.35174 -0.617945</i>
                        <i>0.439831 0.791816 0.423763 -0.649916 -0.0450156 0.758672 0.619805 -0.609098 0.494815 -0.910236 2.48535 -0.641563</i>
                        <i>0.477481 0.713641 0.51257 -0.706043 -0.0356003 0.707274 0.522987 -0.699606 0.486863 -0.959901 2.65338 -0.683395</i>
                        <i>0.477963 0.66259 0.576651 -0.749554 -0.034605 0.661038 0.457952 -0.748182 0.480107 -1.00987 2.7675 -0.724231</i>
                        <i>0.458371 0.649361 0.606816 -0.772533 -0.0464653 0.633272 0.439418 -0.759059 0.480355 -1.05017 2.80931 -0.758407</i>
                        <i>0.426466 0.657295 0.621361 -0.788789 -0.0659267 0.611119 0.44265 -0.750744 0.490352 -1.08902 2.82074 -0.792518</i>
                        <i>0.384499 0.68088 0.623348 -0.801656 -0.0885362 0.591192 0.45772 -0.727024 0.51179 -1.12766 2.80479 -0.827467</i>
                        <i>0.334088 0.71424 0.615018 -0.814423 -0.109702 0.569808 0.474448 -0.691251 0.545043 -1.1674 2.76436 -0.864156</i>
                        <i>0.266436 0.763941 0.587712 -0.825878 -0.133421 0.547836 0.496927 -0.631342 0.595374 -1.21102 2.68631 -0.905687</i>
                        <i>0.182033 0.823282 0.537652 -0.83465 -0.159695 0.527121 0.51983 -0.544705 0.658083 -1.25669 2.57249 -0.951174</i>
                        <i>0.101088 0.873032 0.47707 -0.844723 -0.178003 0.504735 0.52557 -0.454015 0.719477 -1.29865 2.4494 -0.995229</i>
                        <i>0.0474006 0.904714 0.423375 -0.860667 -0.178125 0.476995 0.506958 -0.386995 0.770214 -1.3313 2.3452 -1.03207</i>
                        <i>0.0281795 0.925062 0.378769 -0.883227 -0.1544 0.442799 0.468098 -0.347016 0.812689 -1.35377 2.25714 -1.06154</i>
                        <i>0.0300355 0.941649 0.335254 -0.907193 -0.115132 0.404654 0.419641 -0.316294 0.8508 -1.37096 2.16799 -1.08874</i>
                        <i>0.0440662 0.953468 0.298257 -0.92833 -0.0712311 0.364869 0.369136 -0.292959 0.881994 -1.38605 2.08474 -1.11606</i>
                        <i>0.0624785 0.957394 0.281945 -0.944037 -0.0349808 0.32798 0.323869 -0.286658 0.90163 -1.40121 2.0142 -1.14726</i>
                        <i>0.0785275 0.95356 0.290787 -0.955108 -0.0116191 0.29603 0.285661 -0.30098 0.90984 -1.41628 1.95908 -1.17815</i>
                        <i>0.0831241 0.954268 0.287165 -0.965541 0.00580905 0.260187 0.246619 -0.298897 0.921867 -1.43169 1.923 -1.19954</i>
                        <i>0.0578508 0.96209 0.266525 -0.978897 0.00225298 0.204343 0.195996 -0.272721 0.941918 -1.45124 1.91571 -1.20645</i>
                        <i>0.00920736 0.966319 0.257181 -0.989483 -0.0283244 0.141849 0.144356 -0.255783 0.955896 -1.47613 1.93484 -1.20389</i>
                        <i>-0.0289834 0.969543 0.2432 -0.993612 -0.0544913 0.0988217 0.109064 -0.238782 0.964929 -1.50274 1.96781 -1.19834</i>
                        <i>-0.0469912 0.974617 0.218891 -0.993912 -0.0674815 0.0870913 0.0996517 -0.213466 0.971855 -1.52823 2.00441 -1.19417</i>
                        <i>-0.0604833 0.978914 0.195113 -0.992411 -0.0799393 0.0934297 0.107057 -0.187981 0.976321 -1.55128 2.03694 -1.19168</i>
                        <i>-0.0711028 0.981417 0.178227 -0.990319 -0.0908129 0.104983 0.119218 -0.169037 0.978373 -1.56922 2.05703 -1.19164</i>
                        <i>-0.0797324 0.98155 0.173789 -0.989093 -0.0995637 0.108545 0.123846 -0.163239 0.978783 -1.57964 2.0563 -1.19498</i>
                        <i>-0.0880427 0.97979 0.179611 -0.988916 -0.107615 0.102297 0.119559 -0.168613 0.978404 -1.58269 2.03465 -1.20206</i>
                        <i>-0.0969632 0.977151 0.18914 -0.988768 -0.116289 0.0938861 0.113736 -0.177912 0.977452 -1.58082 2.00105 -1.21199</i>
                        <i>-0.106794 0.973562 0.20192 -0.988425 -0.125962 0.0845578 0.107756 -0.190553 0.975745 -1.5751 1.95935 -1.22391</i>
                        <i>-0.117773 0.96894 0.217449 -0.987677 -0.137021 0.0756216 0.103068 -0.205863 0.973138 -1.56663 1.91239 -1.23694</i>
                        <i>-0.129956 0.963301 0.234867 -0.986372 -0.149709 0.0682516 0.100909 -0.222796 0.969628 -1.55654 1.86256 -1.2502</i>
                        <i>-0.143094 0.956882 0.252787 -0.984437 -0.163939 0.0633067 0.102019 -0.239794 0.965448 -1.54599 1.81237 -1.26283</i>
                        <i>-0.156571 0.950243 0.269303 -0.981923 -0.179125 0.0611629 0.106358 -0.254859 0.961111 -1.53619 1.76489 -1.27398</i>
                        <i>-0.169447 0.944276 0.28219 -0.979046 -0.194097 0.0616054 0.112945 -0.265838 0.957378 -1.52836 1.72488 -1.28285</i>
                        <i>-0.180624 0.940081 0.289175 -0.976205 -0.20722 0.0638977 0.119992 -0.270752 0.955141 -1.52373 1.70184 -1.28867</i>
                        <i>-0.190155 0.937387 0.291798 -0.97368 -0.218108 0.066148 0.12565 -0.27154 0.95419 -1.52079 1.69601 -1.29198</i>
                        <i>-0.198805 0.935179 0.293116 -0.971451 -0.227551 0.0671121 0.129461 -0.271406 0.953718 -1.51732 1.69261 -1.29399</i>
                        <i>-0.20659 0.93343 0.293307 -0.969532 -0.235629 0.066986 0.131638 -0.270531 0.953669 -1.51352 1.69032 -1.29492</i>
                        <i>-0.213554 0.932085 0.292597 -0.967895 -0.242509 0.0661026 0.132571 -0.269087 0.953948 -1.50954 1.68873 -1.29497</i>
                        <i>-0.219749 0.931073 0.291229 -0.966487 -0.248391 0.064847 0.132716 -0.267219 0.954453 -1.50557 1.68761 -1.29437</i>
                        <i>-0.225234 0.930325 0.289423 -0.96525 -0.253472 0.0635909 0.132521 -0.265042 0.955087 -1.50177 1.68682 -1.29332</i>
                        <i>-0.230062 0.92978 0.287369 -0.964131 -0.257925 0.0626526 0.132373 -0.262647 0.955769 -1.4983 1.68629 -1.29203</i>
                        <i>-0.234279 0.929389 0.285217 -0.963087 -0.261887 0.0622819 0.132579 -0.260097 0.956437 -1.49531 1.68596 -1.29072</i>
                        <i>-0.237924 0.929116 0.283082 -0.962083 -0.265459 0.0626673 0.133372 -0.257438 0.957046 -1.49297 1.6858 -1.28961</i>
                        <i>-0.24103 0.92893 0.281057 -0.96109 -0.268727 0.063962 0.134944 -0.254705 0.957557 -1.49142 1.68577 -1.28892</i>
                        <i>-0.243392 0.928881 0.27918 -0.960223 -0.271375 0.0657822 0.136866 -0.252064 0.957983 -1.49053 1.68592 -1.2885</i>
                        <i>-0.244876 0.929014 0.277432 -0.959598 -0.273129 0.067616 0.138591 -0.249666 0.958363 -1.49001 1.68626 -1.28807</i>
                        <i>-0.245623 0.929297 0.27582 -0.959184 -0.274128 0.0694224 0.140124 -0.247511 0.958699 -1.4898 1.68676 -1.28765</i>
                        <i>-0.245774 0.929691 0.274353 -0.958948 -0.274507 0.07116 0.141469 -0.245601 0.958992 -1.48984 1.68737 -1.28724</i>
                        <i>-0.245463 0.93016 0.27304 -0.958856 -0.274403 0.0727884 0.142628 -0.243939 0.959245 -1.49007 1.68805 -1.28685</i>
                        <i>-0.244828 0.930663 0.271892 -0.958873 -0.273947 0.0742679 0.143602 -0.242527 0.959458 -1.49043 1.68877 -1.2865</i>
                        <i>-0.244004 0.931162 0.270922 -0.958964 -0.273274 0.07556 0.144394 -0.241367 0.959631 -1.49086 1.68947 -1.28619</i>
                        <i>-0.243127 0.931619 0.270141 -0.959095 -0.272517 0.0766276 0.145006 -0.240461 0.959767 -1.4913 1.69012 -1.28594</i>
                        <i>-0.242331 0.931992 0.269566 -0.959231 -0.27181 0.0774341 0.145439 -0.239811 0.959864 -1.49169 1.69066 -1.28574</i>
                        <i>-0.241753 0.932245 0.26921 -0.959337 -0.271287 0.0779441 0.145696 -0.23942 0.959922 -1.49197 1.69104 -1.28562</i>
                        <i>-0.24153 0.932338 0.269088 -0.959381 -0.271083 0.0781221 0.145781 -0.239289 0.959942 -1.49208 1.69119 -1.28557</i>
                        <i>-0.24153 0.932338 0.269088 -0.959381 -0.271083 0.0781221 0.145781 -0.239289 0.959942 -1.49208 1.69119 -1.28557</i>
                        <i>-0.24153 0.932338 0.269088 -0.959381 -0.271083 0.0781221 0.145781 -0.239289 0.959942 -1.49208 1.69119 -1.28557</i>
                        <i>-0.24153 0.932338 0.269088 -0.959381 -0.271083 0.0781221 0.145781 -0.239289 0.959942 -1.49208 1.69119 -1.28557</i>
                        <i>-0.24153 0.932338 0.269088 -0.959381 -0.271083 0.0781221 0.145781 -0.239289 0.959942 -1.49208 1.69119 -1.28557</i>
                        <i>-0.24153 0.932338 0.269088 -0.959381 -0.271083 0.0781221 0.145781 -0.239289 0.959942 -1.49208 1.69119 -1.28557</i>
                        <i>-0.24153 0.932338 0.269088 -0.959381 -0.271083 0.0781221 0.145781 -0.239289 0.959942 -1.49208 1.69119 -1.28557</i>
                        <i>-0.24153 0.932338 0.269088 -0.959381 -0.271083 0.0781221 0.145781 -0.239289 0.959942 -1.49208 1.69119 -1.28557</i>
                        <i>-0.24153 0.932338 0.269088 -0.959381 -0.271083 0.0781221 0.145781 -0.239289 0.959942 -1.49208 1.69119 -1.28557</i>
                        <i>-0.24153 0.932338 0.269088 -0.959381 -0.271083 0.0781221 0.145781 -0.239289 0.959942 -1.49208 1.69119 -1.28557</i>
                        <i>-0.24153 0.932338 0.269088 -0.959381 -0.271083 0.0781221 0.145781 -0.239289 0.959942 -1.49208 1.69119 -1.28557</i>
                    </KeyFrames>
                </p>
            </i>
            <i>
                <p>
                    <Name><![CDATA[spine1]]></Name>
                    <Exclude>0</Exclude>
                    <Additive>0</Additive>
                    <IKPriority>0</IKPriority>
                    <IKRotLimits>-1e+010 -1e+010 -1e+010 1e+010 1e+010 1e+010</IKRotLimits>
                    <IKRotLimitOrder>0</IKRotLimitOrder>
                    <KeyFrames count="117">
                        <i>-0.246266 0.545927 0.800823 -0.953177 -0.286056 -0.0981102 0.175519 -0.787487 0.590811 -1.54107 1.88024 -1.23121</i>
                        <i>-0.192787 0.553038 0.810545 -0.965757 -0.253106 -0.0570092 0.173625 -0.79378 0.582896 -1.53842 1.88877 -1.23008</i>
                        <i>-0.134302 0.559154 0.818114 -0.976121 -0.216896 -0.0119998 0.170736 -0.800189 0.574931 -1.53552 1.89585 -1.22901</i>
                        <i>-0.0751557 0.563636 0.822597 -0.983087 -0.180042 0.0335447 0.167009 -0.806163 0.567634 -1.53256 1.90285 -1.22809</i>
                        <i>-0.0198841 0.566313 0.82395 -0.98645 -0.145346 0.076093 0.162851 -0.811273 0.56153 -1.52977 1.91119 -1.22737</i>
                        <i>0.0269377 0.567451 0.822967 -0.986935 -0.115729 0.112102 0.158853 -0.815234 0.55692 -1.52738 1.9223 -1.22687</i>
                        <i>0.0608207 0.567629 0.821035 -0.985929 -0.0941503 0.138127 0.155706 -0.817883 0.553916 -1.52563 1.93763 -1.22657</i>
                        <i>0.0796672 0.56763 0.81942 -0.98475 -0.0827258 0.153047 0.154661 -0.819117 0.552383 -1.52414 1.95768 -1.22637</i>
                        <i>0.0865271 0.567861 0.818564 -0.984004 -0.0797145 0.159315 0.155721 -0.819255 0.551881 -1.52264 1.98144 -1.22619</i>
                        <i>0.0847427 0.568213 0.818506 -0.983855 -0.0822413 0.158954 0.157635 -0.818761 0.55207 -1.5216 2.00802 -1.22608</i>
                        <i>0.0776545 0.568429 0.819059 -0.9842 -0.0874154 0.153978 0.159124 -0.818075 0.552659 -1.52145 2.03658 -1.22608</i>
                        <i>0.0685843 0.568272 0.819977 -0.984908 -0.0923501 0.146381 0.158909 -0.817642 0.553362 -1.52265 2.06627 -1.22624</i>
                        <i>0.0608207 0.567629 0.821035 -0.985929 -0.0941503 0.138127 0.155706 -0.817883 0.553916 -1.52563 2.09622 -1.22657</i>
                        <i>0.0493822 0.570263 0.819977 -0.986943 -0.0981577 0.127703 0.153311 -0.815577 0.55797 -1.53185 2.13123 -1.22827</i>
                        <i>0.0304549 0.577466 0.815847 -0.987713 -0.107786 0.113163 0.153285 -0.809268 0.567088 -1.54119 2.17271 -1.23149</i>
                        <i>0.00927985 0.585357 0.810723 -0.988481 -0.117108 0.0958687 0.15106 -0.802274 0.577528 -1.55184 2.21478 -1.23468</i>
                        <i>-0.00861632 0.589732 0.807553 -0.989776 -0.120009 0.0770784 0.142369 -0.798632 0.584737 -1.56196 2.25179 -1.23638</i>
                        <i>-0.0178687 0.585964 0.81014 -0.992226 -0.110202 0.057823 0.123161 -0.802809 0.583378 -1.56973 2.2783 -1.23522</i>
                        <i>-0.0139196 0.568714 0.822418 -0.995918 -0.0812411 0.0393233 0.0891778 -0.818514 0.567523 -1.57332 2.28894 -1.22992</i>
                        <i>0.00865733 0.524923 0.851106 -0.999588 -0.0187373 0.021724 0.0273509 -0.850944 0.524545 -1.57124 2.27743 -1.2191</i>
                        <i>0.0414209 0.453642 0.890221 -0.997082 0.0759538 0.00768819 -0.064128 -0.887941 0.455464 -1.56506 2.24611 -1.20345</i>
                        <i>0.0704707 0.369745 0.926457 -0.982943 0.183907 0.00137109 -0.169875 -0.910751 0.376398 -1.55745 2.20291 -1.18496</i>
                        <i>0.0892458 0.290402 0.952734 -0.958562 0.284869 0.00296101 -0.270545 -0.913519 0.303791 -1.55077 2.15665 -1.16595</i>
                        <i>0.0982576 0.231698 0.967813 -0.932982 0.35982 0.00857902 -0.34625 -0.903795 0.251526 -1.54667 2.11718 -1.1487</i>
                        <i>0.101237 0.208043 0.972867 -0.919659 0.392542 0.0117565 -0.379445 -0.895896 0.231068 -1.54619 2.09493 -1.13506</i>
                        <i>0.100292 0.22344 0.969544 -0.925414 0.378863 0.00841488 -0.365445 -0.898074 0.244772 -1.54787 2.0905 -1.12274</i>
                        <i>0.0955044 0.272787 0.957322 -0.942782 0.333407 -0.000949847 -0.319437 -0.902456 0.289021 -1.5503 2.0955 -1.10941</i>
                        <i>0.0842053 0.356765 0.930391 -0.963258 0.268122 -0.0156333 -0.255036 -0.894891 0.366234 -1.55451 2.10694 -1.0963</i>
                        <i>0.0622667 0.468323 0.881361 -0.980747 0.192478 -0.0329876 -0.185091 -0.862337 0.471291 -1.56147 2.12273 -1.08456</i>
                        <i>0.0284501 0.587906 0.808429 -0.992159 0.115072 -0.0487665 -0.121697 -0.800703 0.58657 -1.57203 2.1419 -1.0762</i>
                        <i>-0.0107679 0.689802 0.723918 -0.997258 0.0455973 -0.0582822 -0.0732119 -0.722561 0.68742 -1.58686 2.16378 -1.07474</i>
