<?xml version="1.0" encoding="ISO-8859-1" ?>
<Animl Version="1">
    <ModellingPackage><![CDATA[Maya.2010]]></ModellingPackage>
    <SrcFile><![CDATA[anims\turrets\machinegun\red\~src\mgun_nsv\mgun_nsv_reload_low_crewman_a.mb]]></SrcFile>
    <FramesPerSecond>30</FramesPerSecond>
    <TotalFrames>117</TotalFrames>
    <Skeleton>
        <RefFrame>
            <Name><![CDATA[soldier_ref_frame]]></Name>
            <Exclude>0</Exclude>
            <Additive>0</Additive>
            <IKPriority>0</IKPriority>
            <IKRotLimits>-1e+010 -1e+010 -1e+010 1e+010 1e+010 1e+010</IKRotLimits>
            <IKRotLimitOrder>0</IKRotLimitOrder>
            <KeyFrames count="117">
                <i>1 0 0 0 1 0 0 0 1 0.226981 0.900305 -2.49212</i>
                <i>1 0 0 0 1 0 0 0 1 0.226981 0.900305 -2.49212</i>
                <i>1 0 0 0 1 0 0 0 1 0.226981 0.900305 -2.49212</i>
                <i>1 0 0 0 1 0 0 0 1 0.226981 0.900305 -2.49212</i>
                <i>1 0 0 0 1 0 0 0 1 0.226981 0.900305 -2.49212</i>
                <i>1 0 0 0 1 0 0 0 1 0.226981 0.900305 -2.49212</i>
                <i>1 0 0 0 1 0 0 0 1 0.226981 0.900305 -2.49212</i>
                <i>1 0 0 0 1 0 0 0 1 0.226981 0.900305 -2.49212</i>
                <i>1 0 0 0 1 0 0 0 1 0.226981 0.900305 -2.49212</i>
                <i>1 0 0 0 1 0 0 0 1 0.226981 0.900305 -2.49212</i>
                <i>1 0 0 0 1 0 0 0 1 0.226981 0.900305 -2.49212</i>
                <i>1 0 0 0 1 0 0 0 1 0.226981 0.900305 -2.49212</i>
                <i>1 0 0 0 1 0 0 0 1 0.226981 0.900305 -2.49212</i>
                <i>1 0 0 0 1 0 0 0 1 0.226981 0.900305 -2.49212</i>
                <i>1 0 0 0 1 0 0 0 1 0.226981 0.900305 -2.49212</i>
                <i>1 0 0 0 1 0 0 0 1 0.226981 0.900305 -2.49212</i>
                <i>1 0 0 0 1 0 0 0 1 0.226981 0.900305 -2.49212</i>
                <i>1 0 0 0 1 0 0 0 1 0.226981 0.900305 -2.49212</i>
                <i>1 0 0 0 1 0 0 0 1 0.226981 0.900305 -2.49212</i>
                <i>1 0 0 0 1 0 0 0 1 0.226981 0.900305 -2.49212</i>
                <i>1 0 0 0 1 0 0 0 1 0.226981 0.900305 -2.49212</i>
                <i>1 0 0 0 1 0 0 0 1 0.226981 0.900305 -2.49212</i>
                <i>1 0 0 0 1 0 0 0 1 0.226981 0.900305 -2.49212</i>
                <i>1 0 0 0 1 0 0 0 1 0.226981 0.900305 -2.49212</i>
                <i>1 0 0 0 1 0 0 0 1 0.226981 0.900305 -2.49212</i>
                <i>1 0 0 0 1 0 0 0 1 0.226981 0.900305 -2.49212</i>
                <i>1 0 0 0 1 0 0 0 1 0.226981 0.900305 -2.49212</i>
                <i>1 0 0 0 1 0 0 0 1 0.226981 0.900305 -2.49212</i>
                <i>1 0 0 0 1 0 0 0 1 0.226981 0.900305 -2.49212</i>
                <i>1 0 0 0 1 0 0 0 1 0.226981 0.900305 -2.49212</i>
                <i>1 0 0 0 1 0 0 0 1 0.226981 0.900305 -2.49212</i>
                <i>1 0 0 0 1 0 0 0 1 0.226981 0.900305 -2.49212</i>
                <i>1 0 0 0 1 0 0 0 1 0.226981 0.900305 -2.49212</i>
                <i>1 0 0 0 1 0 0 0 1 0.226981 0.900305 -2.49212</i>
                <i>1 0 0 0 1 0 0 0 1 0.226981 0.900305 -2.49212</i>
                <i>1 0 0 0 1 0 0 0 1 0.226981 0.900305 -2.49212</i>
                <i>1 0 0 0 1 0 0 0 1 0.226981 0.900305 -2.49212</i>
                <i>1 0 0 0 1 0 0 0 1 0.226981 0.900305 -2.49212</i>
                <i>1 0 0 0 1 0 0 0 1 0.226981 0.900305 -2.49212</i>
                <i>1 0 0 0 1 0 0 0 1 0.226981 0.900305 -2.49212</i>
                <i>1 0 0 0 1 0 0 0 1 0.226981 0.900305 -2.49212</i>
                <i>1 0 0 0 1 0 0 0 1 0.226981 0.900305 -2.49212</i>
                <i>1 0 0 0 1 0 0 0 1 0.226981 0.900305 -2.49212</i>
                <i>1 0 0 0 1 0 0 0 1 0.226981 0.900305 -2.49212</i>
                <i>1 0 0 0 1 0 0 0 1 0.226981 0.900305 -2.49212</i>
                <i>1 0 0 0 1 0 0 0 1 0.226981 0.900305 -2.49212</i>
                <i>1 0 0 0 1 0 0 0 1 0.226981 0.900305 -2.49212</i>
                <i>1 0 0 0 1 0 0 0 1 0.226981 0.900305 -2.49212</i>
                <i>1 0 0 0 1 0 0 0 1 0.226981 0.900305 -2.49212</i>
                <i>1 0 0 0 1 0 0 0 1 0.226981 0.900305 -2.49212</i>
                <i>1 0 0 0 1 0 0 0 1 0.226981 0.900305 -2.49212</i>
                <i>1 0 0 0 1 0 0 0 1 0.226981 0.900305 -2.49212</i>
                <i>1 0 0 0 1 0 0 0 1 0.226981 0.900305 -2.49212</i>
                <i>1 0 0 0 1 0 0 0 1 0.226981 0.900305 -2.49212</i>
                <i>1 0 0 0 1 0 0 0 1 0.226981 0.900305 -2.49212</i>
                <i>1 0 0 0 1 0 0 0 1 0.226981 0.900305 -2.49212</i>
                <i>1 0 0 0 1 0 0 0 1 0.226981 0.900305 -2.49212</i>
                <i>1 0 0 0 1 0 0 0 1 0.226981 0.900305 -2.49212</i>
                <i>1 0 0 0 1 0 0 0 1 0.226981 0.900305 -2.49212</i>
                <i>1 0 0 0 1 0 0 0 1 0.226981 0.900305 -2.49212</i>
                <i>1 0 0 0 1 0 0 0 1 0.226981 0.900305 -2.49212</i>
                <i>1 0 0 0 1 0 0 0 1 0.226981 0.900305 -2.49212</i>
                <i>1 0 0 0 1 0 0 0 1 0.226981 0.900305 -2.49212</i>
                <i>1 0 0 0 1 0 0 0 1 0.226981 0.900305 -2.49212</i>
                <i>1 0 0 0 1 0 0 0 1 0.226981 0.900305 -2.49212</i>
                <i>1 0 0 0 1 0 0 0 1 0.226981 0.900305 -2.49212</i>
                <i>1 0 0 0 1 0 0 0 1 0.226981 0.900305 -2.49212</i>
                <i>1 0 0 0 1 0 0 0 1 0.226981 0.900305 -2.49212</i>
                <i>1 0 0 0 1 0 0 0 1 0.226981 0.900305 -2.49212</i>
                <i>1 0 0 0 1 0 0 0 1 0.226981 0.900305 -2.49212</i>
                <i>1 0 0 0 1 0 0 0 1 0.226981 0.900305 -2.49212</i>
                <i>1 0 0 0 1 0 0 0 1 0.226981 0.900305 -2.49212</i>
                <i>1 0 0 0 1 0 0 0 1 0.226981 0.900305 -2.49212</i>
                <i>1 0 0 0 1 0 0 0 1 0.226981 0.900305 -2.49212</i>
                <i>1 0 0 0 1 0 0 0 1 0.226981 0.900305 -2.49212</i>
                <i>1 0 0 0 1 0 0 0 1 0.226981 0.900305 -2.49212</i>
                <i>1 0 0 0 1 0 0 0 1 0.226981 0.900305 -2.49212</i>
                <i>1 0 0 0 1 0 0 0 1 0.226981 0.900305 -2.49212</i>
                <i>1 0 0 0 1 0 0 0 1 0.226981 0.900305 -2.49212</i>
                <i>1 0 0 0 1 0 0 0 1 0.226981 0.900305 -2.49212</i>
                <i>1 0 0 0 1 0 0 0 1 0.226981 0.900305 -2.49212</i>
                <i>1 0 0 0 1 0 0 0 1 0.226981 0.900305 -2.49212</i>
                <i>1 0 0 0 1 0 0 0 1 0.226981 0.900305 -2.49212</i>
                <i>1 0 0 0 1 0 0 0 1 0.226981 0.900305 -2.49212</i>
                <i>1 0 0 0 1 0 0 0 1 0.226981 0.900305 -2.49212</i>
                <i>1 0 0 0 1 0 0 0 1 0.226981 0.900305 -2.49212</i>
                <i>1 0 0 0 1 0 0 0 1 0.226981 0.900305 -2.49212</i>
                <i>1 0 0 0 1 0 0 0 1 0.226981 0.900305 -2.49212</i>
                <i>1 0 0 0 1 0 0 0 1 0.226981 0.900305 -2.49212</i>
                <i>1 0 0 0 1 0 0 0 1 0.226981 0.900305 -2.49212</i>
                <i>1 0 0 0 1 0 0 0 1 0.226981 0.900305 -2.49212</i>
                <i>1 0 0 0 1 0 0 0 1 0.226981 0.900305 -2.49212</i>
                <i>1 0 0 0 1 0 0 0 1 0.226981 0.900305 -2.49212</i>
                <i>1 0 0 0 1 0 0 0 1 0.226981 0.900305 -2.49212</i>
                <i>1 0 0 0 1 0 0 0 1 0.226981 0.900305 -2.49212</i>
                <i>1 0 0 0 1 0 0 0 1 0.226981 0.900305 -2.49212</i>
                <i>1 0 0 0 1 0 0 0 1 0.226981 0.900305 -2.49212</i>
                <i>1 0 0 0 1 0 0 0 1 0.226981 0.900305 -2.49212</i>
                <i>1 0 0 0 1 0 0 0 1 0.226981 0.900305 -2.49212</i>
                <i>1 0 0 0 1 0 0 0 1 0.226981 0.900305 -2.49212</i>
                <i>1 0 0 0 1 0 0 0 1 0.226981 0.900305 -2.49212</i>
                <i>1 0 0 0 1 0 0 0 1 0.226981 0.900305 -2.49212</i>
                <i>1 0 0 0 1 0 0 0 1 0.226981 0.900305 -2.49212</i>
                <i>1 0 0 0 1 0 0 0 1 0.226981 0.900305 -2.49212</i>
                <i>1 0 0 0 1 0 0 0 1 0.226981 0.900305 -2.49212</i>
                <i>1 0 0 0 1 0 0 0 1 0.226981 0.900305 -2.49212</i>
                <i>1 0 0 0 1 0 0 0 1 0.226981 0.900305 -2.49212</i>
                <i>1 0 0 0 1 0 0 0 1 0.226981 0.900305 -2.49212</i>
                <i>1 0 0 0 1 0 0 0 1 0.226981 0.900305 -2.49212</i>
                <i>1 0 0 0 1 0 0 0 1 0.226981 0.900305 -2.49212</i>
                <i>1 0 0 0 1 0 0 0 1 0.226981 0.900305 -2.49212</i>
                <i>1 0 0 0 1 0 0 0 1 0.226981 0.900305 -2.49212</i>
                <i>1 0 0 0 1 0 0 0 1 0.226981 0.900305 -2.49212</i>
                <i>1 0 0 0 1 0 0 0 1 0.226981 0.900305 -2.49212</i>
                <i>1 0 0 0 1 0 0 0 1 0.226981 0.900305 -2.49212</i>
                <i>1 0 0 0 1 0 0 0 1 0.226981 0.900305 -2.49212</i>
                <i>1 0 0 0 1 0 0 0 1 0.226981 0.900305 -2.49212</i>
            </KeyFrames>
        </RefFrame>
        <Bones count="23">
            <i>
                <p>
                    <Name><![CDATA[pelvis]]></Name>
                    <Exclude>0</Exclude>
                    <Additive>0</Additive>
                    <IKPriority>0</IKPriority>
                    <IKRotLimits>-1e+010 -1e+010 -1e+010 1e+010 1e+010 1e+010</IKRotLimits>
                    <IKRotLimitOrder>2</IKRotLimitOrder>
                    <KeyFrames count="117">
                        <i>1 0 0 0 1 0 0 0 1 0.1688 1.96942 -2.45937</i>
                        <i>1 0 0 0 1 0 0 0 1 0.168953 1.8227 -2.45772</i>
                        <i>1 0 0 0 1 0 0 0 1 0.166654 1.84783 -2.45956</i>
                        <i>1 0 0 0 1 0 0 0 1 0.164313 1.90446 -2.46208</i>
                        <i>1 0 0 0 1 0 0 0 1 0.168443 1.95356 -2.4638</i>
                        <i>1 0 0 0 1 0 0 0 1 0.187603 1.99322 -2.46396</i>
                        <i>1 0 0 0 1 0 0 0 1 0.213218 2.02562 -2.46326</i>
                        <i>1 0 0 0 1 0 0 0 1 0.226073 2.01824 -2.4623</i>
                        <i>1 0 0 0 1 0 0 0 1 0.199839 1.88792 -2.46073</i>
                        <i>1 0 0 0 1 0 0 0 1 0.1688 1.76292 -2.45937</i>
                        <i>1 0 0 0 1 0 0 0 1 0.163432 1.75896 -2.45911</i>
                        <i>1 0 0 0 1 0 0 0 1 0.164029 1.78731 -2.45914</i>
                        <i>1 0 0 0 1 0 0 0 1 0.167011 1.82634 -2.45928</i>
                        <i>1 0 0 0 1 0 0 0 1 0.1688 1.85438 -2.45937</i>
                        <i>1 0 0 0 1 0 0 0 1 0.166824 1.86793 -2.45924</i>
                        <i>1 0 0 0 1 0 0 0 1 0.162873 1.87848 -2.45896</i>
                        <i>1 0 0 0 1 0 0 0 1 0.159909 1.88692 -2.45876</i>
                        <i>1 0 0 0 1 0 0 0 1 0.160897 1.89412 -2.45883</i>
                        <i>1 0 0 0 1 0 0 0 1 0.1688 1.90097 -2.45937</i>
                        <i>1 0 0 0 1 0 0 0 1 0.185833 1.90692 -2.46185</i>
                        <i>1 0 0 0 1 0 0 0 1 0.209855 1.91128 -2.4664</i>
                        <i>1 0 0 0 1 0 0 0 1 0.237287 1.91474 -2.47123</i>
                        <i>1 0 0 0 1 0 0 0 1 0.264545 1.91813 -2.47451</i>
                        <i>1 0 0 0 1 0 0 0 1 0.288071 1.92241 -2.47441</i>
                        <i>1 0 0 0 1 0 0 0 1 0.304352 1.92862 -2.46913</i>
                        <i>1 0 0 0 1 0 0 0 1 0.312533 1.9383 -2.4551</i>
                        <i>1 0 0 0 1 0 0 0 1 0.31528 1.95095 -2.43305</i>
                        <i>1 0 0 0 1 0 0 0 1 0.314361 1.9645 -2.40764</i>
                        <i>1 0 0 0 1 0 0 0 1 0.311532 1.97696 -2.38351</i>
                        <i>1 0 0 0 1 0 0 0 1 0.308559 1.98647 -2.36532</i>
                        <i>1 0 0 0 1 0 0 0 1 0.307235 1.99129 -2.35768</i>
                        <i>1 0 0 0 1 0 0 0 1 0.309609 1.99106 -2.36344</i>
                        <i>1 0 0 0 1 0 0 0 1 0.314664 1.98719 -2.37948</i>
                        <i>1 0 0 0 1 0 0 0 1 0.319616 1.98058 -2.4014</i>
                        <i>1 0 0 0 1 0 0 0 1 0.321669 1.97214 -2.42486</i>
                        <i>1 0 0 0 1 0 0 0 1 0.318023 1.96275 -2.44547</i>
                        <i>1 0 0 0 1 0 0 0 1 0.305866 1.9533 -2.45888</i>
                        <i>1 0 0 0 1 0 0 0 1 0.283314 1.94159 -2.46397</i>
                        <i>1 0 0 0 1 0 0 0 1 0.252239 1.92638 -2.46405</i>
                        <i>1 0 0 0 1 0 0 0 1 0.215472 1.91003 -2.46137</i>
                        <i>1 0 0 0 1 0 0 0 1 0.17584 1.89493 -2.45815</i>
                        <i>1 0 0 0 1 0 0 0 1 0.136133 1.88358 -2.45661</i>
                        <i>1 0 0 0 1 0 0 0 1 0.0990931 1.87851 -2.45896</i>
                        <i>1 0 0 0 1 0 0 0 1 0.0628527 1.89127 -2.46459</i>
                        <i>1 0 0 0 1 0 0 0 1 0.0249425 1.91955 -2.47184</i>
                        <i>1 0 0 0 1 0 0 0 1 -0.0127139 1.94543 -2.48114</i>
                        <i>1 0 0 0 1 0 0 0 1 -0.0488823 1.96684 -2.49215</i>
                        <i>1 0 0 0 1 0 0 0 1 -0.0832695 1.99047 -2.50371</i>
                        <i>1 0 0 0 1 0 0 0 1 -0.115367 2.01169 -2.51493</i>
                        <i>1 0 0 0 1 0 0 0 1 -0.144675 2.02596 -2.52488</i>
                        <i>1 0 0 0 1 0 0 0 1 -0.170689 2.02886 -2.5326</i>
                        <i>1 0 0 0 1 0 0 0 1 -0.193241 2.01993 -2.53805</i>
                        <i>1 0 0 0 1 0 0 0 1 -0.212574 2.00323 -2.54201</i>
                        <i>1 0 0 0 1 0 0 0 1 -0.228864 1.98125 -2.54486</i>
                        <i>1 0 0 0 1 0 0 0 1 -0.242347 1.9567 -2.54694</i>
                        <i>1 0 0 0 1 0 0 0 1 -0.253307 1.93227 -2.5486</i>
                        <i>1 0 0 0 1 0 0 0 1 -0.262055 1.9105 -2.55016</i>
                        <i>1 0 0 0 1 0 0 0 1 -0.268912 1.89362 -2.55196</i>
                        <i>1 0 0 0 1 0 0 0 1 -0.274239 1.87992 -2.55336</i>
                        <i>1 0 0 0 1 0 0 0 1 -0.278474 1.86742 -2.55388</i>
                        <i>1 0 0 0 1 0 0 0 1 -0.281824 1.85743 -2.55395</i>
                        <i>1 0 0 0 1 0 0 0 1 -0.284333 1.85148 -2.55403</i>
                        <i>1 0 0 0 1 0 0 0 1 -0.286016 1.85102 -2.55419</i>
                        <i>1 0 0 0 1 0 0 0 1 -0.287021 1.85447 -2.5542</i>
                        <i>1 0 0 0 1 0 0 0 1 -0.287509 1.8595 -2.55414</i>
                        <i>1 0 0 0 1 0 0 0 1 -0.287649 1.86381 -2.55407</i>
                        <i>1 0 0 0 1 0 0 0 1 -0.287606 1.86507 -2.55406</i>
                        <i>1 0 0 0 1 0 0 0 1 -0.287252 1.8614 -2.55419</i>
                        <i>1 0 0 0 1 0 0 0 1 -0.286151 1.85416 -2.55438</i>
                        <i>1 0 0 0 1 0 0 0 1 -0.284005 1.84588 -2.55443</i>
                        <i>1 0 0 0 1 0 0 0 1 -0.280549 1.83906 -2.55417</i>
                        <i>1 0 0 0 1 0 0 0 1 -0.275568 1.83624 -2.5534</i>
                        <i>1 0 0 0 1 0 0 0 1 -0.268912 1.83994 -2.55196</i>
                        <i>1 0 0 0 1 0 0 0 1 -0.260698 1.85367 -2.5501</i>
                        <i>1 0 0 0 1 0 0 0 1 -0.250493 1.87609 -2.54804</i>
                        <i>1 0 0 0 1 0 0 0 1 -0.237331 1.90244 -2.54554</i>
                        <i>1 0 0 0 1 0 0 0 1 -0.220234 1.92798 -2.54233</i>
                        <i>1 0 0 0 1 0 0 0 1 -0.198283 1.948 -2.53812</i>
                        <i>1 0 0 0 1 0 0 0 1 -0.170689 1.95781 -2.5326</i>
                        <i>1 0 0 0 1 0 0 0 1 -0.13336 1.95477 -2.52492</i>
                        <i>1 0 0 0 1 0 0 0 1 -0.0860895 1.94213 -2.51512</i>
                        <i>1 0 0 0 1 0 0 0 1 -0.0340401 1.92405 -2.50427</i>
                        <i>1 0 0 0 1 0 0 0 1 0.0176195 1.90465 -2.49343</i>
                        <i>1 0 0 0 1 0 0 0 1 0.0637211 1.8881 -2.48368</i>
                        <i>1 0 0 0 1 0 0 0 1 0.0990931 1.87851 -2.47608</i>
                        <i>1 0 0 0 1 0 0 0 1 0.123446 1.87627 -2.47062</i>
                        <i>1 0 0 0 1 0 0 0 1 0.140874 1.87813 -2.46646</i>
                        <i>1 0 0 0 1 0 0 0 1 0.152762 1.88279 -2.46344</i>
                        <i>1 0 0 0 1 0 0 0 1 0.160476 1.88899 -2.46141</i>
                        <i>1 0 0 0 1 0 0 0 1 0.16537 1.89547 -2.46014</i>
                        <i>1 0 0 0 1 0 0 0 1 0.1688 1.90097 -2.45937</i>
                        <i>1 0 0 0 1 0 0 0 1 0.171551 1.90602 -2.45904</i>
                        <i>1 0 0 0 1 0 0 0 1 0.173545 1.91172 -2.45913</i>
                        <i>1 0 0 0 1 0 0 0 1 0.174872 1.91769 -2.45949</i>
                        <i>1 0 0 0 1 0 0 0 1 0.17563 1.9236 -2.45995</i>
                        <i>1 0 0 0 1 0 0 0 1 0.175917 1.92909 -2.46036</i>
                        <i>1 0 0 0 1 0 0 0 1 0.175831 1.93384 -2.46057</i>
                        <i>1 0 0 0 1 0 0 0 1 0.175439 1.93799 -2.4606</i>
                        <i>1 0 0 0 1 0 0 0 1 0.174793 1.94189 -2.46059</i>
                        <i>1 0 0 0 1 0 0 0 1 0.17396 1.9456 -2.46055</i>
                        <i>1 0 0 0 1 0 0 0 1 0.173009 1.94915 -2.46047</i>
                        <i>1 0 0 0 1 0 0 0 1 0.17201 1.95257 -2.46035</i>
                        <i>1 0 0 0 1 0 0 0 1 0.171034 1.95592 -2.46021</i>
                        <i>1 0 0 0 1 0 0 0 1 0.170151 1.95924 -2.46004</i>
                        <i>1 0 0 0 1 0 0 0 1 0.169435 1.96257 -2.45985</i>
                        <i>1 0 0 0 1 0 0 0 1 0.16896 1.96594 -2.45962</i>
                        <i>1 0 0 0 1 0 0 0 1 0.1688 1.96942 -2.45937</i>
                        <i>1 0 0 0 1 0 0 0 1 0.1688 1.96942 -2.45937</i>
                        <i>1 0 0 0 1 0 0 0 1 0.1688 1.96942 -2.45937</i>
                        <i>1 0 0 0 1 0 0 0 1 0.1688 1.96942 -2.45937</i>
                        <i>1 0 0 0 1 0 0 0 1 0.1688 1.96942 -2.45937</i>
                        <i>1 0 0 0 1 0 0 0 1 0.1688 1.96942 -2.45937</i>
                        <i>1 0 0 0 1 0 0 0 1 0.1688 1.96942 -2.45937</i>
                        <i>1 0 0 0 1 0 0 0 1 0.1688 1.96942 -2.45937</i>
                        <i>1 0 0 0 1 0 0 0 1 0.1688 1.96942 -2.45937</i>
                        <i>1 0 0 0 1 0 0 0 1 0.1688 1.96942 -2.45937</i>
                        <i>1 0 0 0 1 0 0 0 1 0.1688 1.96942 -2.45937</i>
                    </KeyFrames>
                </p>
            </i>
            <i>
                <p>
                    <Name><![CDATA[spine0]]></Name>
                    <Exclude>0</Exclude>
                    <Additive>0</Additive>
                    <IKPriority>0</IKPriority>
                    <IKRotLimits>-1e+010 -1e+010 -1e+010 1e+010 1e+010 1e+010</IKRotLimits>
                    <IKRotLimitOrder>0</IKRotLimitOrder>
                    <KeyFrames count="117">
                        <i>0.0207519 0.987162 0.158369 -0.997843 0.0105834 0.0647831 0.0622754 -0.159372 0.985252 0.165037 2.10563 -2.5055</i>
                        <i>0.0267868 0.971691 0.234731 -0.997394 0.0102439 0.0714142 0.066988 -0.236032 0.969434 0.16564 1.96211 -2.49306</i>
                        <i>0.0201199 0.988479 0.150017 -0.99789 0.0105889 0.0640626 0.061736 -0.150989 0.986606 0.162846 1.98364 -2.50684</i>
                        <i>0.0120093 0.999289 0.0357289 -0.998474 0.0100583 0.0542941 0.0538961 -0.0363264 0.997886 0.160002 2.03392 -2.52467</i>
                        <i>0.00712603 0.999139 -0.0408631 -0.998814 0.00908031 0.0478409 0.0481707 0.0404737 0.998019 0.163896 2.07782 -2.53614</i>
                        <i>0.00668793 0.998821 -0.0480911 -0.998844 0.00896238 0.0472357 0.047611 0.0477196 0.997725 0.183039 2.11695 -2.53721</i>
                        <i>0.00859816 0.999818 -0.0170335 -0.998713 0.00943777 0.0498406 0.0499923 0.016583 0.998612 0.208736 2.15158 -2.53261</i>
                        <i>0.0113558 0.999601 0.0258653 -0.99852 0.0099602 0.0534588 0.0531799 -0.0264341 0.998235 0.221727 2.14707 -2.52617</i>
                        <i>0.0162167 0.995176 0.0967611 -0.998174 0.0104813 0.0594897 0.0581886 -0.0975491 0.993528 0.195773 2.02098 -2.51525</i>
                        <i>0.0207519 0.987162 0.158369 -0.997843 0.0105834 0.0647831 0.0622754 -0.159372 0.985252 0.165037 1.89914 -2.5055</i>
                        <i>0.0216933 0.985088 0.170677 -0.997774 0.010564 0.0658466 0.0630617 -0.171725 0.983124 0.159735 1.89574 -2.50353</i>
                        <i>0.0215882 0.985326 0.169311 -0.997782 0.0105668 0.0657285 0.0629749 -0.170354 0.983369 0.160324 1.92403 -2.50375</i>
                        <i>0.0210646 0.986488 0.162474 -0.99782 0.0105784 0.0651377 0.0625388 -0.163492 0.98456 0.16327 1.96274 -2.50484</i>
                        <i>0.0207519 0.987162 0.158369 -0.997843 0.0105834 0.0647831 0.0622754 -0.159372 0.985252 0.165037 1.99059 -2.5055</i>
                        <i>0.0175735 0.986778 0.161124 -0.997883 0.0072169 0.0646381 0.0626206 -0.161919 0.984815 0.162706 2.00441 -2.50454</i>
                        <i>0.0112129 0.985951 0.166659 -0.997928 0.000474103 0.0643364 0.0633535 -0.167035 0.983913 0.158037 2.01548 -2.5026</i>
                        <i>0.00643976 0.985279 0.17083 -0.997933 -0.00459135 0.0641 0.0639408 -0.17089 0.983213 0.15453 2.02429 -2.50114</i>
                        <i>0.00803105 0.985508 0.169438 -0.997934 -0.00290209 0.0641798 0.0637415 -0.169603 0.983449 0.1557 2.03137 -2.50163</i>
                        <i>0.0207519 0.987162 0.158369 -0.997843 0.0105834 0.0647831 0.0622754 -0.159372 0.985252 0.165037 2.03719 -2.5055</i>
                        <i>0.0469971 0.990024 0.132829 -0.997129 0.0385926 0.0651559 0.0593797 -0.135509 0.988995 0.184868 2.04032 -2.51571</i>
                        <i>0.0828602 0.991859 0.0966914 -0.994953 0.0768268 0.0645413 0.0565874 -0.101551 0.99322 0.212354 2.03964 -2.53132</i>
                        <i>0.123564 0.990596 0.0587506 -0.990774 0.119832 0.0633028 0.0556673 -0.0660306 0.996264 0.243191 2.03625 -2.54803</i>
                        <i>0.164532 0.986022 0.0262767 -0.984713 0.162652 0.062324 0.0571789 -0.0361293 0.99771 0.273304 2.03217 -2.56177</i>
                        <i>0.201686 0.979441 0.00419439 -0.977561 0.201029 0.0629455 0.0608082 -0.0167955 0.998008 0.299079 2.03026 -2.56898</i>
                        <i>0.231475 0.972831 -0.00428784 -0.970607 0.23124 0.0667104 0.0658895 -0.01128 0.997763 0.317389 2.03374 -2.56648</i>
                        <i>0.255473 0.966815 0.00177946 -0.964041 0.2546 0.0761809 0.0731998 -0.0211776 0.997092 0.32817 2.04538 -2.54989</i>
                        <i>0.277281 0.960576 0.0202188 -0.957322 0.274433 0.0906692 0.0815459 -0.0444967 0.995676 0.334457 2.06322 -2.52093</i>
                        <i>0.296508 0.953747 0.049497 -0.951019 0.29012 0.106742 0.0874451 -0.0787226 0.993054 0.337758 2.08316 -2.48554</i>
                        <i>0.312533 0.945999 0.0860783 -0.945756 0.301424 0.121201 0.0887098 -0.119288 0.988889 0.339305 2.1015 -2.44996</i>
                        <i>0.324504 0.937744 0.123827 -0.942067 0.308662 0.131293 0.0848988 -0.159259 0.98358 0.34021 2.11535 -2.42087</i>
                        <i>0.331572 0.930611 0.154997 -0.940287 0.312578 0.134744 0.0769457 -0.190419 0.978683 0.341637 2.12265 -2.40519</i>
                        <i>0.335936 0.924259 0.18136 -0.939395 0.314786 0.135821 0.0684439 -0.215996 0.973992 0.345684 2.12378 -2.40564</i>
                        <i>0.338612 0.917628 0.208089 -0.938977 0.315317 0.137466 0.0605289 -0.241938 0.968402 0.351758 2.1209 -2.41743</i>
                        <i>0.336982 0.91234 0.23255 -0.940128 0.312679 0.135611 0.0510098 -0.264325 0.963084 0.357036 2.11505 -2.43622</i>
                        <i>0.328188 0.910286 0.252333 -0.943857 0.30533 0.126125 0.0377649 -0.279559 0.959385 0.358643 2.10724 -2.45767</i>
                        <i>0.309279 0.913301 0.265005 -0.950792 0.291563 0.104809 0.0184562 -0.28438 0.958534 0.3537 2.09841 -2.47742</i>
                        <i>0.27751 0.922636 0.267826 -0.960671 0.269388 0.0673894 -0.00997298 -0.275993 0.961108 0.339378 2.08945 -2.49108</i>
                        <i>0.229343 0.939407 0.254786 -0.971922 0.235175 0.00776532 -0.0526243 -0.249413 0.966966 0.313632 2.07794 -2.4984</i>
                        <i>0.168578 0.959444 0.225939 -0.979349 0.188989 -0.0718223 -0.11161 -0.209165 0.97149 0.278889 2.06237 -2.50269</i>
                        <i>0.103737 0.976655 0.188107 -0.977367 0.135157 -0.162743 -0.184368 -0.166967 0.968571 0.238925 2.04513 -2.50488</i>
                        <i>0.0415652 0.987933 0.149199 -0.963419 0.0791999 -0.256031 -0.264758 -0.133099 0.955085 0.197018 2.02897 -2.5059</i>
                        <i>-0.0144545 0.992991 0.117301 -0.938953 0.0268498 -0.342997 -0.343742 -0.115098 0.931984 0.155767 2.01691 -2.50695</i>
                        <i>-0.0643537 0.992952 0.0995254 -0.909244 -0.0172416 -0.415906 -0.411259 -0.117258 0.903945 0.117182 2.01195 -2.50959</i>
                        <i>-0.128544 0.98428 0.121113 -0.879854 -0.0568486 -0.471832 -0.457529 -0.167213 0.873331 0.0760542 2.0271 -2.51011</i>
                        <i>-0.201429 0.965085 0.167445 -0.854545 -0.0895946 -0.511592 -0.478728 -0.246138 0.842755 0.0302965 2.05847 -2.50886</i>
                        <i>-0.239206 0.952069 0.190646 -0.839159 -0.103935 -0.533862 -0.488459 -0.287686 0.823799 -0.0116488 2.08566 -2.51324</i>
                        <i>-0.226523 0.957865 0.176583 -0.836017 -0.0981866 -0.539846 -0.499762 -0.269914 0.823034 -0.0456223 2.10681 -2.52524</i>
                        <i>-0.188592 0.97103 0.146746 -0.840314 -0.0822285 -0.535827 -0.508237 -0.224366 0.831478 -0.0747349 2.12929 -2.5405</i>
                        <i>-0.14092 0.983759 0.11117 -0.847253 -0.0617454 -0.527588 -0.512156 -0.168537 0.842195 -0.100499 2.14861 -2.55647</i>
                        <i>-0.0990604 0.991799 0.0807611 -0.852442 -0.0427109 -0.521075 -0.513352 -0.120462 0.849681 -0.124243 2.16084 -2.57056</i>
                        <i>-0.0780528 0.994677 0.0672658 -0.852116 -0.0315381 -0.522402 -0.5175 -0.0980932 0.850042 -0.146989 2.16254 -2.58016</i>
                        <i>-0.0734638 0.995318 0.0628172 -0.846327 -0.0288986 -0.531879 -0.527573 -0.0922378 0.844487 -0.168143 2.15338 -2.58555</i>
                        <i>-0.0733068 0.995629 0.05787 -0.838018 -0.0300353 -0.544815 -0.540695 -0.0884348 0.836557 -0.186539 2.13667 -2.58903</i>
                        <i>-0.0813831 0.9948 0.0612388 -0.827938 -0.0332698 -0.559832 -0.554883 -0.0962628 0.82634 -0.202306 2.11489 -2.59103</i>
                        <i>-0.101922 0.991465 0.0812966 -0.816879 -0.0367748 -0.575635 -0.567733 -0.12508 0.813655 -0.215639 2.09069 -2.59199</i>
                        <i>-0.133755 0.984131 0.116598 -0.80571 -0.0394857 -0.590993 -0.577011 -0.172992 0.798206 -0.226767 2.06673 -2.59232</i>
                        <i>-0.169781 0.97288 0.157095 -0.795355 -0.0411496 -0.604746 -0.581881 -0.22762 0.780771 -0.235928 2.0455 -2.59244</i>
                        <i>-0.205348 0.95836 0.198438 -0.786789 -0.0410662 -0.615854 -0.582061 -0.282593 0.762461 -0.243348 2.02919 -2.59275</i>
                        <i>-0.239428 0.94087 0.239663 -0.780929 -0.0399469 -0.623341 -0.576909 -0.336405 0.744317 -0.250018 2.01633 -2.59211</i>
                        <i>-0.271449 0.921092 0.279114 -0.777514 -0.0389405 -0.627658 -0.567263 -0.387392 0.726733 -0.256553 2.00497 -2.5899</i>
                        <i>-0.297357 0.902497 0.311572 -0.775693 -0.0380936 -0.62996 -0.556668 -0.429007 0.711389 -0.262354 1.99601 -2.58729</i>
                        <i>-0.31387 0.889468 0.332163 -0.774505 -0.0374912 -0.631456 -0.549207 -0.455457 0.700664 -0.266634 1.99075 -2.58547</i>
                        <i>-0.319375 0.885498 0.337481 -0.773584 -0.0379311 -0.632557 -0.547327 -0.463093 0.697121 -0.269405 1.99068 -2.58444</i>
                        <i>-0.316513 0.888944 0.331055 -0.773195 -0.0395882 -0.632931 -0.549535 -0.456301 0.699858 -0.271288 1.99443 -2.58354</i>
                        <i>-0.308723 0.896251 0.318472 -0.773292 -0.0415513 -0.632687 -0.553814 -0.441597 0.705891 -0.272329 1.99963 -2.58294</i>
                        <i>-0.29923 0.904135 0.304962 -0.773851 -0.042971 -0.631908 -0.558225 -0.425081 0.712524 -0.27258 2.00397 -2.5828</i>
                        <i>-0.291069 0.909946 0.295427 -0.774848 -0.0430958 -0.630677 -0.561151 -0.412482 0.717613 -0.272096 2.00507 -2.58331</i>
                        <i>-0.285374 0.913286 0.290638 -0.775658 -0.0419593 -0.629757 -0.562954 -0.405152 0.720372 -0.270581 2.001 -2.58468</i>
                        <i>-0.280444 0.915826 0.287427 -0.776117 -0.0401568 -0.629309 -0.564796 -0.399562 0.72205 -0.267697 1.99312 -2.58672</i>
                        <i>-0.275039 0.918314 0.284698 -0.776861 -0.0378134 -0.628535 -0.566427 -0.394042 0.723803 -0.263457 1.98401 -2.58897</i>
                        <i>-0.26785 0.921518 0.281177 -0.778523 -0.0350862 -0.626634 -0.567589 -0.386747 0.726821 -0.257907 1.97627 -2.59101</i>
                        <i>-0.257482 0.926227 0.275329 -0.781732 -0.0321861 -0.622784 -0.567978 -0.375589 0.732349 -0.25115 1.97255 -2.5924</i>
                        <i>-0.242543 0.93314 0.265373 -0.787115 -0.0293754 -0.616107 -0.567118 -0.358311 0.741613 -0.243348 1.97551 -2.59275</i>
                        <i>-0.220768 0.943082 0.248713 -0.795118 -0.0263452 -0.605882 -0.564844 -0.331516 0.755677 -0.234655 1.9887 -2.59233</i>
                        <i>-0.19337 0.954836 0.225601 -0.805269 -0.0230987 -0.592459 -0.560491 -0.296233 0.773367 -0.224419 2.0107 -2.59158</i>
                        <i>-0.164135 0.966207 0.198754 -0.816817 -0.020159 -0.576544 -0.553055 -0.256976 0.792524 -0.211586 2.03674 -2.59024</i>
                        <i>-0.136406 0.975723 0.171339 -0.828994 -0.0177359 -0.558977 -0.542368 -0.218287 0.811288 -0.195077 2.06204 -2.58808</i>
                        <i>-0.112906 0.982697 0.146832 -0.841015 -0.0158257 -0.54078 -0.529099 -0.184545 0.828249 -0.173852 2.08186 -2.58481</i>
                        <i>-0.0957505 0.987035 0.128814 -0.852116 -0.0143876 -0.523155 -0.514519 -0.159857 0.842447 -0.146989 2.0915 -2.58016</i>
                        <i>-0.0844073 0.989408 0.118099 -0.860212 -0.0125364 -0.509782 -0.502902 -0.144619 0.852159 -0.110196 2.08829 -2.57319</i>
                        <i>-0.0765955 0.990728 0.112207 -0.86559 -0.0102189 -0.500649 -0.49486 -0.135473 0.858348 -0.0632977 2.07553 -2.56392</i>
                        <i>-0.0717475 0.991374 0.109676 -0.870922 -0.00867239 -0.491344 -0.486155 -0.130772 0.864032 -0.0116971 2.05736 -2.5535</i>
                        <i>-0.0693249 0.991605 0.10915 -0.878684 -0.00889001 -0.47732 -0.472343 -0.128998 0.871924 0.0391914 2.03794 -2.54308</i>
                        <i>-0.0685673 0.991615 0.109535 -0.890999 -0.0114761 -0.45386 -0.448798 -0.128715 0.884315 0.0839531 2.02142 -2.5338</i>
                        <i>-0.0684369 0.991564 0.110074 -0.909243 -0.0165818 -0.415936 -0.410602 -0.128549 0.902708 0.117182 2.01195 -2.52671</i>
                        <i>-0.0699626 0.991063 0.11358 -0.935767 -0.0257557 -0.351676 -0.345608 -0.130888 0.929206 0.137973 2.01002 -2.52157</i>
                        <i>-0.0724608 0.98972 0.123304 -0.964538 -0.0380778 -0.261182 -0.253802 -0.137857 0.957382 0.150671 2.01243 -2.51708</i>
                        <i>-0.0725896 0.987764 0.138036 -0.98606 -0.0503001 -0.158605 -0.149721 -0.147624 0.977645 0.1577 2.01777 -2.51297</i>
                        <i>-0.068776 0.985631 0.154274 -0.996398 -0.0601754 -0.0597471 -0.0496051 -0.157828 0.98622 0.161249 2.02462 -2.50936</i>
                        <i>-0.0620723 0.984021 0.166882 -0.997617 -0.0662192 0.0193954 0.0301363 -0.16528 0.985786 0.163167 2.03157 -2.50669</i>
                        <i>-0.0555273 0.983815 0.170368 -0.995701 -0.0672316 0.0637139 0.0741369 -0.166098 0.983318 0.165037 2.03719 -2.5055</i>
                        <i>-0.0510851 0.985927 0.159182 -0.994429 -0.0649321 0.0830353 0.0922027 -0.154053 0.983751 0.167023 2.04171 -2.50664</i>
                        <i>-0.0484607 0.989603 0.135415 -0.993335 -0.061944 0.0971995 0.104577 -0.129802 0.98601 0.168266 2.04624 -2.50986</i>
                        <i>-0.0470749 0.99331 0.105446 -0.992579 -0.0583652 0.106681 0.112122 -0.0996417 0.988686 0.168886 2.05064 -2.51413</i>
                        <i>-0.0459514 0.99607 0.0757136 -0.992226 -0.0542862 0.111984 0.115654 -0.0699792 0.990821 0.169063 2.05488 -2.51841</i>
                        <i>-0.04401 0.997639 0.0527162 -0.992267 -0.0497811 0.113702 0.116057 -0.0473045 0.992115 0.168989 2.05903 -2.5217</i>
                        <i>-0.0402767 0.998264 0.0429774 -0.99263 -0.0448955 0.112565 0.114299 -0.0381269 0.992715 0.168831 2.06324 -2.52305</i>
                        <i>-0.0350044 0.998401 0.0443924 -0.993226 -0.0396789 0.109213 0.1108 -0.0402687 0.993027 0.168612 2.06754 -2.52277</i>
                        <i>-0.0291145 0.998323 0.0500378 -0.993978 -0.0342056 0.104102 0.105639 -0.0467056 0.993307 0.168273 2.07186 -2.52192</i>
                        <i>-0.0228097 0.997985 0.0592013 -0.994796 -0.0285387 0.0978048 0.0992973 -0.0566623 0.993443 0.167841 2.07619 -2.52058</i>
                        <i>-0.0162894 0.997332 0.071154 -0.995602 -0.022745 0.0908811 0.0922571 -0.0693606 0.993317 0.167339 2.08051 -2.51884</i>
                        <i>-0.00972752 0.996321 0.0851476 -0.996333 -0.0168955 0.0838719 0.0850019 -0.0840195 0.992832 0.166798 2.0848 -2.5168</i>
                        <i>-0.00325662 0.99494 0.100414 -0.996947 -0.0110642 0.0772952 0.0780151 -0.0998561 0.991939 0.166254 2.08905 -2.51454</i>
                        <i>0.00303984 0.993225 0.116169 -0.997416 -0.00532694 0.0716439 0.0717774 -0.116087 0.990642 0.16575 2.09325 -2.51218</i>
                        <i>0.00912864 0.991259 0.131616 -0.997727 0.000241098 0.0673847 0.0667639 -0.131932 0.989008 0.165339 2.09741 -2.50982</i>
                        <i>0.0150197 0.989178 0.145951 -0.997872 0.00556727 0.0649583 0.0634428 -0.146616 0.987157 0.16508 2.10153 -2.50756</i>
                        <i>0.0207519 0.987162 0.158369 -0.997843 0.0105834 0.0647831 0.0622754 -0.159372 0.985252 0.165037 2.10563 -2.5055</i>
                        <i>0.0207519 0.987162 0.158369 -0.997843 0.0105834 0.0647831 0.0622754 -0.159372 0.985252 0.165037 2.10563 -2.5055</i>
                        <i>0.0207519 0.987162 0.158369 -0.997843 0.0105834 0.0647831 0.0622754 -0.159372 0.985252 0.165037 2.10563 -2.5055</i>
                        <i>0.0207519 0.987162 0.158369 -0.997843 0.0105834 0.0647831 0.0622754 -0.159372 0.985252 0.165037 2.10563 -2.5055</i>
                        <i>0.0207519 0.987162 0.158369 -0.997843 0.0105834 0.0647831 0.0622754 -0.159372 0.985252 0.165037 2.10563 -2.5055</i>
                        <i>0.0207519 0.987162 0.158369 -0.997843 0.0105834 0.0647831 0.0622754 -0.159372 0.985252 0.165037 2.10563 -2.5055</i>
                        <i>0.0207519 0.987162 0.158369 -0.997843 0.0105834 0.0647831 0.0622754 -0.159372 0.985252 0.165037 2.10563 -2.5055</i>
                        <i>0.0207519 0.987162 0.158369 -0.997843 0.0105834 0.0647831 0.0622754 -0.159372 0.985252 0.165037 2.10563 -2.5055</i>
                        <i>0.0207519 0.987162 0.158369 -0.997843 0.0105834 0.0647831 0.0622754 -0.159372 0.985252 0.165037 2.10563 -2.5055</i>
                        <i>0.0207519 0.987162 0.158369 -0.997843 0.0105834 0.0647831 0.0622754 -0.159372 0.985252 0.165037 2.10563 -2.5055</i>
                        <i>0.0207519 0.987162 0.158369 -0.997843 0.0105834 0.0647831 0.0622754 -0.159372 0.985252 0.165037 2.10563 -2.5055</i>
                    </KeyFrames>
                </p>
            </i>
            <i>
                <p>
                    <Name><![CDATA[spine1]]></Name>
                    <Exclude>0</Exclude>
                    <Additive>0</Additive>
                    <IKPriority>0</IKPriority>
                    <IKRotLimits>-1e+010 -1e+010 -1e+010 1e+010 1e+010 1e+010</IKRotLimits>
                    <IKRotLimitOrder>0</IKRotLimitOrder>
                    <KeyFrames count="117">
                        <i>0.101015 0.873483 0.476259 -0.992219 0.0534267 0.112463 0.0727893 -0.483914 0.872083 0.168585 2.27439 -2.47843</i>
                        <i>0.108244 0.833183 0.542301 -0.991278 0.0492103 0.122254 0.0751735 -0.550804 0.831242 0.170219 2.12822 -2.45293</i>
                        <i>0.100242 0.87754 0.468909 -0.992318 0.0538374 0.111381 0.0724965 -0.476472 0.876195 0.166286 2.15262 -2.48119</i>
                        <i>0.0900187 0.926295 0.365889 -0.993625 0.0584917 0.0963797 0.0678746 -0.372232 0.925655 0.162055 2.20475 -2.51856</i>
                        <i>0.0835245 0.952042 0.294345 -0.994439 0.0606186 0.0861187 0.0641459 -0.299901 0.951811 0.165115 2.24863 -2.54312</i>
                        <i>0.0829263 0.954187 0.28749 -0.994513 0.0607784 0.0851418 0.063768 -0.292973 0.953992 0.184182 2.2877 -2.54542</i>
                        <i>0.0855145 0.944624 0.316818 -0.994191 0.0600416 0.0893289 0.0653599 -0.322616 0.944271 0.210206 2.3225 -2.53552</i>
                        <i>0.0891664 0.92992 0.356787 -0.993732 0.05881 0.0950676 0.0674226 -0.363028 0.929336 0.223668 2.31795 -2.52174</i>
                        <i>0.0953981 0.901813 0.421465 -0.992941 0.0562289 0.104437 0.0704844 -0.428453 0.900811 0.198546 2.19111 -2.49871</i>
                        <i>0.101015 0.873483 0.476259 -0.992219 0.0534267 0.112463 0.0727893 -0.483914 0.872083 0.168585 2.06789 -2.47843</i>
                        <i>0.10216 0.867381 0.487046 -0.99207 0.0528034 0.114053 0.0732095 -0.494836 0.865897 0.163444 2.06414 -2.47434</i>
                        <i>0.102032 0.868066 0.485851 -0.992087 0.0528736 0.113876 0.0731635 -0.493626 0.866591 0.164015 2.09247 -2.4748</i>
                        <i>0.101396 0.871464 0.479863 -0.992169 0.0532211 0.112994 0.072931 -0.487563 0.870037 0.166871 2.13138 -2.47707</i>
                        <i>0.101015 0.873483 0.476259 -0.992219 0.0534267 0.112463 0.0727893 -0.483914 0.872083 0.168585 2.15935 -2.47843</i>
                        <i>0.0976158 0.874537 0.475032 -0.992402 0.0496161 0.112588 0.0748933 -0.482413 0.872736 0.165708 2.17297 -2.47701</i>
                        <i>0.0907774 0.87661 0.472562 -0.992728 0.041982 0.112822 0.0790618 -0.479367 0.874046 0.15995 2.18363 -2.47417</i>
                        <i>0.0856134 0.878132 0.470695 -0.992936 0.0362454 0.112983 0.0821531 -0.477043 0.875032 0.155628 2.19213 -2.47203</i>
                        <i>0.0873381 0.877628 0.471319 -0.99287 0.0381586 0.11293 0.081126 -0.477821 0.874703 0.157069 2.19932 -2.47275</i>
                        <i>0.101015 0.873483 0.476259 -0.992219 0.0534267 0.112463 0.0727893 -0.483914 0.872083 0.168585 2.20594 -2.47843</i>
                        <i>0.12899 0.863044 0.488382 -0.990215 0.0856487 0.110179 0.0532598 -0.497815 0.865646 0.192964 2.21088 -2.49283</i>
                        <i>0.165684 0.846515 0.505927 -0.985901 0.130012 0.105334 0.02339 -0.516246 0.856121 0.226801 2.21258 -2.51448</i>
                        <i>0.204726 0.826833 0.523865 -0.978742 0.179657 0.0989323 -0.0123157 -0.532982 0.846037 0.26504 2.21143 -2.53767</i>
                        <i>0.241747 0.807494 0.538063 -0.969154 0.228335 0.0927595 -0.0479559 -0.54389 0.837785 0.30279 2.2089 -2.55711</i>
                        <i>0.274392 0.791812 0.545659 -0.958535 0.270613 0.0893228 -0.0769354 -0.547543 0.833233 0.335578 2.20753 -2.56828</i>
                        <i>0.301309 0.782652 0.544673 -0.949008 0.301687 0.0914839 -0.0927206 -0.544463 0.833644 0.359416 2.21038 -2.56732</i>
                        <i>0.325561 0.781904 0.531636 -0.941133 0.322083 0.102623 -0.0909895 -0.53375 0.840733 0.374313 2.22002 -2.54962</i>
                        <i>0.349218 0.787856 0.507277 -0.934041 0.335965 0.121221 -0.0749223 -0.51615 0.853215 0.383951 2.2347 -2.51736</i>
                        <i>0.369073 0.798237 0.476028 -0.928058 0.344043 0.142625 -0.0499252 -0.494421 0.867788 0.389883 2.25083 -2.47686</i>
                        <i>0.382802 0.810386 0.443551 -0.923559 0.347325 0.162491 -0.0223765 -0.471848 0.881396 0.393414 2.26528 -2.43507</i>
                        <i>0.389937 0.821061 0.416903 -0.920841 0.347384 0.177131 0.000609436 -0.452971 0.891525 0.395696 2.27569 -2.39969</i>
