<?xml version="1.0" encoding="ISO-8859-1" ?>
<Animl Version="1">
    <ModellingPackage><![CDATA[Maya.2010]]></ModellingPackage>
    <SrcFile><![CDATA[anims\turrets\machinegun\red\~src\mgun_nsv\mgun_nsv_idle_crewman_b.mb]]></SrcFile>
    <FramesPerSecond>30</FramesPerSecond>
    <TotalFrames>193</TotalFrames>
    <Skeleton>
        <RefFrame>
            <Name><![CDATA[soldier_ref_frame]]></Name>
            <Exclude>0</Exclude>
            <Additive>0</Additive>
            <IKPriority>0</IKPriority>
            <IKRotLimits>-1e+010 -1e+010 -1e+010 1e+010 1e+010 1e+010</IKRotLimits>
            <IKRotLimitOrder>0</IKRotLimitOrder>
            <KeyFrames count="193">
                <i>1 0 0 0 1 0 0 0 1 -1.43172 0.939675 -1.20933</i>
                <i>1 0 0 0 1 0 0 0 1 -1.43172 0.939675 -1.20933</i>
                <i>1 0 0 0 1 0 0 0 1 -1.43172 0.939675 -1.20933</i>
                <i>1 0 0 0 1 0 0 0 1 -1.43172 0.939675 -1.20933</i>
                <i>1 0 0 0 1 0 0 0 1 -1.43172 0.939675 -1.20933</i>
                <i>1 0 0 0 1 0 0 0 1 -1.43172 0.939675 -1.20933</i>
                <i>1 0 0 0 1 0 0 0 1 -1.43172 0.939675 -1.20933</i>
                <i>1 0 0 0 1 0 0 0 1 -1.43172 0.939675 -1.20933</i>
                <i>1 0 0 0 1 0 0 0 1 -1.43172 0.939675 -1.20933</i>
                <i>1 0 0 0 1 0 0 0 1 -1.43172 0.939675 -1.20933</i>
                <i>1 0 0 0 1 0 0 0 1 -1.43172 0.939675 -1.20933</i>
                <i>1 0 0 0 1 0 0 0 1 -1.43172 0.939675 -1.20933</i>
                <i>1 0 0 0 1 0 0 0 1 -1.43172 0.939675 -1.20933</i>
                <i>1 0 0 0 1 0 0 0 1 -1.43172 0.939675 -1.20933</i>
                <i>1 0 0 0 1 0 0 0 1 -1.43172 0.939675 -1.20933</i>
                <i>1 0 0 0 1 0 0 0 1 -1.43172 0.939675 -1.20933</i>
                <i>1 0 0 0 1 0 0 0 1 -1.43172 0.939675 -1.20933</i>
                <i>1 0 0 0 1 0 0 0 1 -1.43172 0.939675 -1.20933</i>
                <i>1 0 0 0 1 0 0 0 1 -1.43172 0.939675 -1.20933</i>
                <i>1 0 0 0 1 0 0 0 1 -1.43172 0.939675 -1.20933</i>
                <i>1 0 0 0 1 0 0 0 1 -1.43172 0.939675 -1.20933</i>
                <i>1 0 0 0 1 0 0 0 1 -1.43172 0.939675 -1.20933</i>
                <i>1 0 0 0 1 0 0 0 1 -1.43172 0.939675 -1.20933</i>
                <i>1 0 0 0 1 0 0 0 1 -1.43172 0.939675 -1.20933</i>
                <i>1 0 0 0 1 0 0 0 1 -1.43172 0.939675 -1.20933</i>
                <i>1 0 0 0 1 0 0 0 1 -1.43172 0.939675 -1.20933</i>
                <i>1 0 0 0 1 0 0 0 1 -1.43172 0.939675 -1.20933</i>
                <i>1 0 0 0 1 0 0 0 1 -1.43172 0.939675 -1.20933</i>
                <i>1 0 0 0 1 0 0 0 1 -1.43172 0.939675 -1.20933</i>
                <i>1 0 0 0 1 0 0 0 1 -1.43172 0.939675 -1.20933</i>
                <i>1 0 0 0 1 0 0 0 1 -1.43172 0.939675 -1.20933</i>
                <i>1 0 0 0 1 0 0 0 1 -1.43172 0.939675 -1.20933</i>
                <i>1 0 0 0 1 0 0 0 1 -1.43172 0.939675 -1.20933</i>
                <i>1 0 0 0 1 0 0 0 1 -1.43172 0.939675 -1.20933</i>
                <i>1 0 0 0 1 0 0 0 1 -1.43172 0.939675 -1.20933</i>
                <i>1 0 0 0 1 0 0 0 1 -1.43172 0.939675 -1.20933</i>
                <i>1 0 0 0 1 0 0 0 1 -1.43172 0.939675 -1.20933</i>
                <i>1 0 0 0 1 0 0 0 1 -1.43172 0.939675 -1.20933</i>
                <i>1 0 0 0 1 0 0 0 1 -1.43172 0.939675 -1.20933</i>
                <i>1 0 0 0 1 0 0 0 1 -1.43172 0.939675 -1.20933</i>
                <i>1 0 0 0 1 0 0 0 1 -1.43172 0.939675 -1.20933</i>
                <i>1 0 0 0 1 0 0 0 1 -1.43172 0.939675 -1.20933</i>
                <i>1 0 0 0 1 0 0 0 1 -1.43172 0.939675 -1.20933</i>
                <i>1 0 0 0 1 0 0 0 1 -1.43172 0.939675 -1.20933</i>
                <i>1 0 0 0 1 0 0 0 1 -1.43172 0.939675 -1.20933</i>
                <i>1 0 0 0 1 0 0 0 1 -1.43172 0.939675 -1.20933</i>
                <i>1 0 0 0 1 0 0 0 1 -1.43172 0.939675 -1.20933</i>
                <i>1 0 0 0 1 0 0 0 1 -1.43172 0.939675 -1.20933</i>
                <i>1 0 0 0 1 0 0 0 1 -1.43172 0.939675 -1.20933</i>
                <i>1 0 0 0 1 0 0 0 1 -1.43172 0.939675 -1.20933</i>
                <i>1 0 0 0 1 0 0 0 1 -1.43172 0.939675 -1.20933</i>
                <i>1 0 0 0 1 0 0 0 1 -1.43172 0.939675 -1.20933</i>
                <i>1 0 0 0 1 0 0 0 1 -1.43172 0.939675 -1.20933</i>
                <i>1 0 0 0 1 0 0 0 1 -1.43172 0.939675 -1.20933</i>
                <i>1 0 0 0 1 0 0 0 1 -1.43172 0.939675 -1.20933</i>
                <i>1 0 0 0 1 0 0 0 1 -1.43172 0.939675 -1.20933</i>
                <i>1 0 0 0 1 0 0 0 1 -1.43172 0.939675 -1.20933</i>
                <i>1 0 0 0 1 0 0 0 1 -1.43172 0.939675 -1.20933</i>
                <i>1 0 0 0 1 0 0 0 1 -1.43172 0.939675 -1.20933</i>
                <i>1 0 0 0 1 0 0 0 1 -1.43172 0.939675 -1.20933</i>
                <i>1 0 0 0 1 0 0 0 1 -1.43172 0.939675 -1.20933</i>
                <i>1 0 0 0 1 0 0 0 1 -1.43172 0.939675 -1.20933</i>
                <i>1 0 0 0 1 0 0 0 1 -1.43172 0.939675 -1.20933</i>
                <i>1 0 0 0 1 0 0 0 1 -1.43172 0.939675 -1.20933</i>
                <i>1 0 0 0 1 0 0 0 1 -1.43172 0.939675 -1.20933</i>
                <i>1 0 0 0 1 0 0 0 1 -1.43172 0.939675 -1.20933</i>
                <i>1 0 0 0 1 0 0 0 1 -1.43172 0.939675 -1.20933</i>
                <i>1 0 0 0 1 0 0 0 1 -1.43172 0.939675 -1.20933</i>
                <i>1 0 0 0 1 0 0 0 1 -1.43172 0.939675 -1.20933</i>
                <i>1 0 0 0 1 0 0 0 1 -1.43172 0.939675 -1.20933</i>
                <i>1 0 0 0 1 0 0 0 1 -1.43172 0.939675 -1.20933</i>
                <i>1 0 0 0 1 0 0 0 1 -1.43172 0.939675 -1.20933</i>
                <i>1 0 0 0 1 0 0 0 1 -1.43172 0.939675 -1.20933</i>
                <i>1 0 0 0 1 0 0 0 1 -1.43172 0.939675 -1.20933</i>
                <i>1 0 0 0 1 0 0 0 1 -1.43172 0.939675 -1.20933</i>
                <i>1 0 0 0 1 0 0 0 1 -1.43172 0.939675 -1.20933</i>
                <i>1 0 0 0 1 0 0 0 1 -1.43172 0.939675 -1.20933</i>
                <i>1 0 0 0 1 0 0 0 1 -1.43172 0.939675 -1.20933</i>
                <i>1 0 0 0 1 0 0 0 1 -1.43172 0.939675 -1.20933</i>
                <i>1 0 0 0 1 0 0 0 1 -1.43172 0.939675 -1.20933</i>
                <i>1 0 0 0 1 0 0 0 1 -1.43172 0.939675 -1.20933</i>
                <i>1 0 0 0 1 0 0 0 1 -1.43172 0.939675 -1.20933</i>
                <i>1 0 0 0 1 0 0 0 1 -1.43172 0.939675 -1.20933</i>
                <i>1 0 0 0 1 0 0 0 1 -1.43172 0.939675 -1.20933</i>
                <i>1 0 0 0 1 0 0 0 1 -1.43172 0.939675 -1.20933</i>
                <i>1 0 0 0 1 0 0 0 1 -1.43172 0.939675 -1.20933</i>
                <i>1 0 0 0 1 0 0 0 1 -1.43172 0.939675 -1.20933</i>
                <i>1 0 0 0 1 0 0 0 1 -1.43172 0.939675 -1.20933</i>
                <i>1 0 0 0 1 0 0 0 1 -1.43172 0.939675 -1.20933</i>
                <i>1 0 0 0 1 0 0 0 1 -1.43172 0.939675 -1.20933</i>
                <i>1 0 0 0 1 0 0 0 1 -1.43172 0.939675 -1.20933</i>
                <i>1 0 0 0 1 0 0 0 1 -1.43172 0.939675 -1.20933</i>
                <i>1 0 0 0 1 0 0 0 1 -1.43172 0.939675 -1.20933</i>
                <i>1 0 0 0 1 0 0 0 1 -1.43172 0.939675 -1.20933</i>
                <i>1 0 0 0 1 0 0 0 1 -1.43172 0.939675 -1.20933</i>
                <i>1 0 0 0 1 0 0 0 1 -1.43172 0.939675 -1.20933</i>
                <i>1 0 0 0 1 0 0 0 1 -1.43172 0.939675 -1.20933</i>
                <i>1 0 0 0 1 0 0 0 1 -1.43172 0.939675 -1.20933</i>
                <i>1 0 0 0 1 0 0 0 1 -1.43172 0.939675 -1.20933</i>
                <i>1 0 0 0 1 0 0 0 1 -1.43172 0.939675 -1.20933</i>
                <i>1 0 0 0 1 0 0 0 1 -1.43172 0.939675 -1.20933</i>
                <i>1 0 0 0 1 0 0 0 1 -1.43172 0.939675 -1.20933</i>
                <i>1 0 0 0 1 0 0 0 1 -1.43172 0.939675 -1.20933</i>
                <i>1 0 0 0 1 0 0 0 1 -1.43172 0.939675 -1.20933</i>
                <i>1 0 0 0 1 0 0 0 1 -1.43172 0.939675 -1.20933</i>
                <i>1 0 0 0 1 0 0 0 1 -1.43172 0.939675 -1.20933</i>
                <i>1 0 0 0 1 0 0 0 1 -1.43172 0.939675 -1.20933</i>
                <i>1 0 0 0 1 0 0 0 1 -1.43172 0.939675 -1.20933</i>
                <i>1 0 0 0 1 0 0 0 1 -1.43172 0.939675 -1.20933</i>
                <i>1 0 0 0 1 0 0 0 1 -1.43172 0.939675 -1.20933</i>
                <i>1 0 0 0 1 0 0 0 1 -1.43172 0.939675 -1.20933</i>
                <i>1 0 0 0 1 0 0 0 1 -1.43172 0.939675 -1.20933</i>
                <i>1 0 0 0 1 0 0 0 1 -1.43172 0.939675 -1.20933</i>
                <i>1 0 0 0 1 0 0 0 1 -1.43172 0.939675 -1.20933</i>
                <i>1 0 0 0 1 0 0 0 1 -1.43172 0.939675 -1.20933</i>
                <i>1 0 0 0 1 0 0 0 1 -1.43172 0.939675 -1.20933</i>
                <i>1 0 0 0 1 0 0 0 1 -1.43172 0.939675 -1.20933</i>
                <i>1 0 0 0 1 0 0 0 1 -1.43172 0.939675 -1.20933</i>
                <i>1 0 0 0 1 0 0 0 1 -1.43172 0.939675 -1.20933</i>
                <i>1 0 0 0 1 0 0 0 1 -1.43172 0.939675 -1.20933</i>
                <i>1 0 0 0 1 0 0 0 1 -1.43172 0.939675 -1.20933</i>
                <i>1 0 0 0 1 0 0 0 1 -1.43172 0.939675 -1.20933</i>
                <i>1 0 0 0 1 0 0 0 1 -1.43172 0.939675 -1.20933</i>
                <i>1 0 0 0 1 0 0 0 1 -1.43172 0.939675 -1.20933</i>
                <i>1 0 0 0 1 0 0 0 1 -1.43172 0.939675 -1.20933</i>
                <i>1 0 0 0 1 0 0 0 1 -1.43172 0.939675 -1.20933</i>
                <i>1 0 0 0 1 0 0 0 1 -1.43172 0.939675 -1.20933</i>
                <i>1 0 0 0 1 0 0 0 1 -1.43172 0.939675 -1.20933</i>
                <i>1 0 0 0 1 0 0 0 1 -1.43172 0.939675 -1.20933</i>
                <i>1 0 0 0 1 0 0 0 1 -1.43172 0.939675 -1.20933</i>
                <i>1 0 0 0 1 0 0 0 1 -1.43172 0.939675 -1.20933</i>
                <i>1 0 0 0 1 0 0 0 1 -1.43172 0.939675 -1.20933</i>
                <i>1 0 0 0 1 0 0 0 1 -1.43172 0.939675 -1.20933</i>
                <i>1 0 0 0 1 0 0 0 1 -1.43172 0.939675 -1.20933</i>
                <i>1 0 0 0 1 0 0 0 1 -1.43172 0.939675 -1.20933</i>
                <i>1 0 0 0 1 0 0 0 1 -1.43172 0.939675 -1.20933</i>
                <i>1 0 0 0 1 0 0 0 1 -1.43172 0.939675 -1.20933</i>
                <i>1 0 0 0 1 0 0 0 1 -1.43172 0.939675 -1.20933</i>
                <i>1 0 0 0 1 0 0 0 1 -1.43172 0.939675 -1.20933</i>
                <i>1 0 0 0 1 0 0 0 1 -1.43172 0.939675 -1.20933</i>
                <i>1 0 0 0 1 0 0 0 1 -1.43172 0.939675 -1.20933</i>
                <i>1 0 0 0 1 0 0 0 1 -1.43172 0.939675 -1.20933</i>
                <i>1 0 0 0 1 0 0 0 1 -1.43172 0.939675 -1.20933</i>
                <i>1 0 0 0 1 0 0 0 1 -1.43172 0.939675 -1.20933</i>
                <i>1 0 0 0 1 0 0 0 1 -1.43172 0.939675 -1.20933</i>
                <i>1 0 0 0 1 0 0 0 1 -1.43172 0.939675 -1.20933</i>
                <i>1 0 0 0 1 0 0 0 1 -1.43172 0.939675 -1.20933</i>
                <i>1 0 0 0 1 0 0 0 1 -1.43172 0.939675 -1.20933</i>
                <i>1 0 0 0 1 0 0 0 1 -1.43172 0.939675 -1.20933</i>
                <i>1 0 0 0 1 0 0 0 1 -1.43172 0.939675 -1.20933</i>
                <i>1 0 0 0 1 0 0 0 1 -1.43172 0.939675 -1.20933</i>
                <i>1 0 0 0 1 0 0 0 1 -1.43172 0.939675 -1.20933</i>
                <i>1 0 0 0 1 0 0 0 1 -1.43172 0.939675 -1.20933</i>
                <i>1 0 0 0 1 0 0 0 1 -1.43172 0.939675 -1.20933</i>
                <i>1 0 0 0 1 0 0 0 1 -1.43172 0.939675 -1.20933</i>
                <i>1 0 0 0 1 0 0 0 1 -1.43172 0.939675 -1.20933</i>
                <i>1 0 0 0 1 0 0 0 1 -1.43172 0.939675 -1.20933</i>
                <i>1 0 0 0 1 0 0 0 1 -1.43172 0.939675 -1.20933</i>
                <i>1 0 0 0 1 0 0 0 1 -1.43172 0.939675 -1.20933</i>
                <i>1 0 0 0 1 0 0 0 1 -1.43172 0.939675 -1.20933</i>
                <i>1 0 0 0 1 0 0 0 1 -1.43172 0.939675 -1.20933</i>
                <i>1 0 0 0 1 0 0 0 1 -1.43172 0.939675 -1.20933</i>
                <i>1 0 0 0 1 0 0 0 1 -1.43172 0.939675 -1.20933</i>
                <i>1 0 0 0 1 0 0 0 1 -1.43172 0.939675 -1.20933</i>
                <i>1 0 0 0 1 0 0 0 1 -1.43172 0.939675 -1.20933</i>
                <i>1 0 0 0 1 0 0 0 1 -1.43172 0.939675 -1.20933</i>
                <i>1 0 0 0 1 0 0 0 1 -1.43172 0.939675 -1.20933</i>
                <i>1 0 0 0 1 0 0 0 1 -1.43172 0.939675 -1.20933</i>
                <i>1 0 0 0 1 0 0 0 1 -1.43172 0.939675 -1.20933</i>
                <i>1 0 0 0 1 0 0 0 1 -1.43172 0.939675 -1.20933</i>
                <i>1 0 0 0 1 0 0 0 1 -1.43172 0.939675 -1.20933</i>
                <i>1 0 0 0 1 0 0 0 1 -1.43172 0.939675 -1.20933</i>
                <i>1 0 0 0 1 0 0 0 1 -1.43172 0.939675 -1.20933</i>
                <i>1 0 0 0 1 0 0 0 1 -1.43172 0.939675 -1.20933</i>
                <i>1 0 0 0 1 0 0 0 1 -1.43172 0.939675 -1.20933</i>
                <i>1 0 0 0 1 0 0 0 1 -1.43172 0.939675 -1.20933</i>
                <i>1 0 0 0 1 0 0 0 1 -1.43172 0.939675 -1.20933</i>
                <i>1 0 0 0 1 0 0 0 1 -1.43172 0.939675 -1.20933</i>
                <i>1 0 0 0 1 0 0 0 1 -1.43172 0.939675 -1.20933</i>
                <i>1 0 0 0 1 0 0 0 1 -1.43172 0.939675 -1.20933</i>
                <i>1 0 0 0 1 0 0 0 1 -1.43172 0.939675 -1.20933</i>
                <i>1 0 0 0 1 0 0 0 1 -1.43172 0.939675 -1.20933</i>
                <i>1 0 0 0 1 0 0 0 1 -1.43172 0.939675 -1.20933</i>
                <i>1 0 0 0 1 0 0 0 1 -1.43172 0.939675 -1.20933</i>
                <i>1 0 0 0 1 0 0 0 1 -1.43172 0.939675 -1.20933</i>
                <i>1 0 0 0 1 0 0 0 1 -1.43172 0.939675 -1.20933</i>
                <i>1 0 0 0 1 0 0 0 1 -1.43172 0.939675 -1.20933</i>
                <i>1 0 0 0 1 0 0 0 1 -1.43172 0.939675 -1.20933</i>
                <i>1 0 0 0 1 0 0 0 1 -1.43172 0.939675 -1.20933</i>
                <i>1 0 0 0 1 0 0 0 1 -1.43172 0.939675 -1.20933</i>
                <i>1 0 0 0 1 0 0 0 1 -1.43172 0.939675 -1.20933</i>
                <i>1 0 0 0 1 0 0 0 1 -1.43172 0.939675 -1.20933</i>
                <i>1 0 0 0 1 0 0 0 1 -1.43172 0.939675 -1.20933</i>
            </KeyFrames>
        </RefFrame>
        <Bones count="23">
            <i>
                <p>
                    <Name><![CDATA[pelvis]]></Name>
                    <Exclude>0</Exclude>
                    <Additive>0</Additive>
                    <IKPriority>0</IKPriority>
                    <IKRotLimits>-1e+010 -1e+010 -1e+010 1e+010 1e+010 1e+010</IKRotLimits>
                    <IKRotLimitOrder>2</IKRotLimitOrder>
                    <KeyFrames count="193">
                        <i>1 0 0 0 1 0 0 0 1 -1.44143 1.52397 -0.962757</i>
                        <i>1 0 0 0 1 0 0 0 1 -1.44216 1.52553 -0.962757</i>
                        <i>1 0 0 0 1 0 0 0 1 -1.44289 1.52709 -0.962757</i>
                        <i>1 0 0 0 1 0 0 0 1 -1.44362 1.52864 -0.962757</i>
                        <i>1 0 0 0 1 0 0 0 1 -1.44433 1.53016 -0.962757</i>
                        <i>1 0 0 0 1 0 0 0 1 -1.44503 1.53166 -0.962757</i>
                        <i>1 0 0 0 1 0 0 0 1 -1.44572 1.53312 -0.962757</i>
                        <i>1 0 0 0 1 0 0 0 1 -1.44639 1.53455 -0.962757</i>
                        <i>1 0 0 0 1 0 0 0 1 -1.44703 1.53593 -0.962757</i>
                        <i>1 0 0 0 1 0 0 0 1 -1.44766 1.53726 -0.962757</i>
                        <i>1 0 0 0 1 0 0 0 1 -1.44825 1.53853 -0.962757</i>
                        <i>1 0 0 0 1 0 0 0 1 -1.44882 1.53974 -0.962757</i>
                        <i>1 0 0 0 1 0 0 0 1 -1.44935 1.54087 -0.962757</i>
                        <i>1 0 0 0 1 0 0 0 1 -1.44984 1.54193 -0.962757</i>
                        <i>1 0 0 0 1 0 0 0 1 -1.4503 1.5429 -0.962757</i>
                        <i>1 0 0 0 1 0 0 0 1 -1.45071 1.54379 -0.962757</i>
                        <i>1 0 0 0 1 0 0 0 1 -1.45108 1.54457 -0.962757</i>
                        <i>1 0 0 0 1 0 0 0 1 -1.4514 1.54525 -0.962757</i>
                        <i>1 0 0 0 1 0 0 0 1 -1.45167 1.54583 -0.962757</i>
                        <i>1 0 0 0 1 0 0 0 1 -1.45188 1.54628 -0.962757</i>
                        <i>1 0 0 0 1 0 0 0 1 -1.45204 1.54662 -0.962757</i>
                        <i>1 0 0 0 1 0 0 0 1 -1.45214 1.54682 -0.962757</i>
                        <i>1 0 0 0 1 0 0 0 1 -1.45217 1.54689 -0.962757</i>
                        <i>1 0 0 0 1 0 0 0 1 -1.45214 1.54689 -0.962757</i>
                        <i>1 0 0 0 1 0 0 0 1 -1.45206 1.54689 -0.962757</i>
                        <i>1 0 0 0 1 0 0 0 1 -1.45192 1.54689 -0.962757</i>
                        <i>1 0 0 0 1 0 0 0 1 -1.45174 1.54689 -0.962757</i>
                        <i>1 0 0 0 1 0 0 0 1 -1.45151 1.54689 -0.962757</i>
                        <i>1 0 0 0 1 0 0 0 1 -1.45123 1.54689 -0.962757</i>
                        <i>1 0 0 0 1 0 0 0 1 -1.45091 1.54689 -0.962757</i>
                        <i>1 0 0 0 1 0 0 0 1 -1.45055 1.54689 -0.962757</i>
                        <i>1 0 0 0 1 0 0 0 1 -1.45015 1.54689 -0.962757</i>
                        <i>1 0 0 0 1 0 0 0 1 -1.44971 1.54689 -0.962757</i>
                        <i>1 0 0 0 1 0 0 0 1 -1.44924 1.54689 -0.962757</i>
                        <i>1 0 0 0 1 0 0 0 1 -1.44873 1.54689 -0.962757</i>
                        <i>1 0 0 0 1 0 0 0 1 -1.4482 1.54689 -0.962757</i>
                        <i>1 0 0 0 1 0 0 0 1 -1.44764 1.54689 -0.962757</i>
                        <i>1 0 0 0 1 0 0 0 1 -1.44705 1.54689 -0.962757</i>
                        <i>1 0 0 0 1 0 0 0 1 -1.44644 1.54689 -0.962757</i>
                        <i>1 0 0 0 1 0 0 0 1 -1.44581 1.54689 -0.962757</i>
                        <i>1 0 0 0 1 0 0 0 1 -1.44516 1.54689 -0.962757</i>
                        <i>1 0 0 0 1 0 0 0 1 -1.4445 1.54689 -0.962757</i>
                        <i>1 0 0 0 1 0 0 0 1 -1.44382 1.54689 -0.962757</i>
                        <i>1 0 0 0 1 0 0 0 1 -1.44313 1.54689 -0.962757</i>
                        <i>1 0 0 0 1 0 0 0 1 -1.44243 1.54689 -0.962757</i>
                        <i>1 0 0 0 1 0 0 0 1 -1.44172 1.54689 -0.962757</i>
                        <i>1 0 0 0 1 0 0 0 1 -1.441 1.54689 -0.962757</i>
                        <i>1 0 0 0 1 0 0 0 1 -1.44029 1.54689 -0.962757</i>
                        <i>1 0 0 0 1 0 0 0 1 -1.43957 1.54689 -0.962757</i>
                        <i>1 0 0 0 1 0 0 0 1 -1.43885 1.54689 -0.962757</i>
                        <i>1 0 0 0 1 0 0 0 1 -1.43814 1.54689 -0.962757</i>
                        <i>1 0 0 0 1 0 0 0 1 -1.43744 1.54689 -0.962757</i>
                        <i>1 0 0 0 1 0 0 0 1 -1.43674 1.54689 -0.962757</i>
                        <i>1 0 0 0 1 0 0 0 1 -1.43605 1.54689 -0.962757</i>
                        <i>1 0 0 0 1 0 0 0 1 -1.43537 1.54689 -0.962757</i>
                        <i>1 0 0 0 1 0 0 0 1 -1.43471 1.54689 -0.962757</i>
                        <i>1 0 0 0 1 0 0 0 1 -1.43407 1.54689 -0.962757</i>
                        <i>1 0 0 0 1 0 0 0 1 -1.43345 1.54689 -0.962757</i>
                        <i>1 0 0 0 1 0 0 0 1 -1.43285 1.54689 -0.962757</i>
                        <i>1 0 0 0 1 0 0 0 1 -1.43227 1.54689 -0.962757</i>
                        <i>1 0 0 0 1 0 0 0 1 -1.43172 1.54689 -0.962757</i>
                        <i>1 0 0 0 1 0 0 0 1 -1.43172 1.54681 -0.962757</i>
                        <i>1 0 0 0 1 0 0 0 1 -1.43172 1.54656 -0.962757</i>
                        <i>1 0 0 0 1 0 0 0 1 -1.43172 1.54616 -0.962757</i>
                        <i>1 0 0 0 1 0 0 0 1 -1.43172 1.54563 -0.962757</i>
                        <i>1 0 0 0 1 0 0 0 1 -1.43172 1.54498 -0.962757</i>
                        <i>1 0 0 0 1 0 0 0 1 -1.43172 1.54422 -0.962757</i>
                        <i>1 0 0 0 1 0 0 0 1 -1.43172 1.54337 -0.962757</i>
                        <i>1 0 0 0 1 0 0 0 1 -1.43172 1.54244 -0.962757</i>
                        <i>1 0 0 0 1 0 0 0 1 -1.43172 1.54144 -0.962757</i>
                        <i>1 0 0 0 1 0 0 0 1 -1.43172 1.5404 -0.962757</i>
                        <i>1 0 0 0 1 0 0 0 1 -1.43172 1.53932 -0.962757</i>
                        <i>1 0 0 0 1 0 0 0 1 -1.43172 1.53822 -0.962757</i>
                        <i>1 0 0 0 1 0 0 0 1 -1.43172 1.5371 -0.962757</i>
                        <i>1 0 0 0 1 0 0 0 1 -1.43172 1.536 -0.962757</i>
                        <i>1 0 0 0 1 0 0 0 1 -1.43172 1.53492 -0.962757</i>
                        <i>1 0 0 0 1 0 0 0 1 -1.43172 1.53386 -0.962757</i>
                        <i>1 0 0 0 1 0 0 0 1 -1.43172 1.53286 -0.962757</i>
                        <i>1 0 0 0 1 0 0 0 1 -1.43172 1.53192 -0.962757</i>
                        <i>1 0 0 0 1 0 0 0 1 -1.43172 1.53106 -0.962757</i>
                        <i>1 0 0 0 1 0 0 0 1 -1.43172 1.53028 -0.962757</i>
                        <i>1 0 0 0 1 0 0 0 1 -1.43172 1.52956 -0.962757</i>
                        <i>1 0 0 0 1 0 0 0 1 -1.43172 1.52882 -0.962757</i>
                        <i>1 0 0 0 1 0 0 0 1 -1.43172 1.52807 -0.962757</i>
                        <i>1 0 0 0 1 0 0 0 1 -1.43172 1.52732 -0.962757</i>
                        <i>1 0 0 0 1 0 0 0 1 -1.43172 1.52656 -0.962757</i>
                        <i>1 0 0 0 1 0 0 0 1 -1.43172 1.52579 -0.962757</i>
                        <i>1 0 0 0 1 0 0 0 1 -1.43172 1.52502 -0.962757</i>
                        <i>1 0 0 0 1 0 0 0 1 -1.43172 1.52424 -0.962757</i>
                        <i>1 0 0 0 1 0 0 0 1 -1.43172 1.52347 -0.962757</i>
                        <i>1 0 0 0 1 0 0 0 1 -1.43172 1.52269 -0.962757</i>
                        <i>1 0 0 0 1 0 0 0 1 -1.43172 1.52191 -0.962757</i>
                        <i>1 0 0 0 1 0 0 0 1 -1.43172 1.52113 -0.962757</i>
                        <i>1 0 0 0 1 0 0 0 1 -1.43172 1.52035 -0.962757</i>
                        <i>1 0 0 0 1 0 0 0 1 -1.43172 1.51957 -0.962757</i>
                        <i>1 0 0 0 1 0 0 0 1 -1.43172 1.5188 -0.962757</i>
                        <i>1 0 0 0 1 0 0 0 1 -1.43172 1.51802 -0.962757</i>
                        <i>1 0 0 0 1 0 0 0 1 -1.43172 1.51726 -0.962757</i>
                        <i>1 0 0 0 1 0 0 0 1 -1.43172 1.5165 -0.962757</i>
                        <i>1 0 0 0 1 0 0 0 1 -1.43172 1.51574 -0.962757</i>
                        <i>1 0 0 0 1 0 0 0 1 -1.43172 1.515 -0.962757</i>
                        <i>1 0 0 0 1 0 0 0 1 -1.43172 1.51426 -0.962757</i>
                        <i>1 0 0 0 1 0 0 0 1 -1.43172 1.51353 -0.962757</i>
                        <i>1 0 0 0 1 0 0 0 1 -1.43172 1.51281 -0.962757</i>
                        <i>1 0 0 0 1 0 0 0 1 -1.43172 1.51211 -0.962757</i>
                        <i>1 0 0 0 1 0 0 0 1 -1.43172 1.51141 -0.962757</i>
                        <i>1 0 0 0 1 0 0 0 1 -1.43172 1.51073 -0.962757</i>
                        <i>1 0 0 0 1 0 0 0 1 -1.43172 1.51007 -0.962757</i>
                        <i>1 0 0 0 1 0 0 0 1 -1.43172 1.50941 -0.962757</i>
                        <i>1 0 0 0 1 0 0 0 1 -1.43172 1.50878 -0.962757</i>
                        <i>1 0 0 0 1 0 0 0 1 -1.43172 1.50816 -0.962757</i>
                        <i>1 0 0 0 1 0 0 0 1 -1.43172 1.50756 -0.962757</i>
                        <i>1 0 0 0 1 0 0 0 1 -1.43172 1.50698 -0.962757</i>
                        <i>1 0 0 0 1 0 0 0 1 -1.43172 1.50641 -0.962757</i>
                        <i>1 0 0 0 1 0 0 0 1 -1.43172 1.50587 -0.962757</i>
                        <i>1 0 0 0 1 0 0 0 1 -1.43172 1.50535 -0.962757</i>
                        <i>1 0 0 0 1 0 0 0 1 -1.43172 1.50485 -0.962757</i>
                        <i>1 0 0 0 1 0 0 0 1 -1.43172 1.50438 -0.962757</i>
                        <i>1 0 0 0 1 0 0 0 1 -1.43172 1.50393 -0.962757</i>
                        <i>1 0 0 0 1 0 0 0 1 -1.43172 1.50351 -0.962757</i>
                        <i>1 0 0 0 1 0 0 0 1 -1.43172 1.50311 -0.962757</i>
                        <i>1 0 0 0 1 0 0 0 1 -1.43172 1.50274 -0.962757</i>
                        <i>1 0 0 0 1 0 0 0 1 -1.43172 1.50241 -0.962757</i>
                        <i>1 0 0 0 1 0 0 0 1 -1.43172 1.50211 -0.962757</i>
                        <i>1 0 0 0 1 0 0 0 1 -1.43172 1.50186 -0.962757</i>
                        <i>1 0 0 0 1 0 0 0 1 -1.43172 1.50164 -0.962757</i>
                        <i>1 0 0 0 1 0 0 0 1 -1.43172 1.50145 -0.962757</i>
                        <i>1 0 0 0 1 0 0 0 1 -1.43172 1.5013 -0.962757</i>
                        <i>1 0 0 0 1 0 0 0 1 -1.43172 1.50119 -0.962757</i>
                        <i>1 0 0 0 1 0 0 0 1 -1.43172 1.5011 -0.962757</i>
                        <i>1 0 0 0 1 0 0 0 1 -1.43172 1.50104 -0.962757</i>
                        <i>1 0 0 0 1 0 0 0 1 -1.43172 1.501 -0.962757</i>
                        <i>1 0 0 0 1 0 0 0 1 -1.43172 1.50099 -0.962757</i>
                        <i>1 0 0 0 1 0 0 0 1 -1.43172 1.501 -0.962757</i>
                        <i>1 0 0 0 1 0 0 0 1 -1.43172 1.50104 -0.962757</i>
                        <i>1 0 0 0 1 0 0 0 1 -1.43172 1.50109 -0.962757</i>
                        <i>1 0 0 0 1 0 0 0 1 -1.43172 1.50115 -0.962757</i>
                        <i>1 0 0 0 1 0 0 0 1 -1.43172 1.50124 -0.962757</i>
                        <i>1 0 0 0 1 0 0 0 1 -1.43172 1.50133 -0.962757</i>
                        <i>1 0 0 0 1 0 0 0 1 -1.43172 1.50144 -0.962757</i>
                        <i>1 0 0 0 1 0 0 0 1 -1.43172 1.50156 -0.962757</i>
                        <i>1 0 0 0 1 0 0 0 1 -1.43172 1.50168 -0.962757</i>
                        <i>1 0 0 0 1 0 0 0 1 -1.43172 1.50181 -0.962757</i>
                        <i>1 0 0 0 1 0 0 0 1 -1.43172 1.50195 -0.962757</i>
                        <i>1 0 0 0 1 0 0 0 1 -1.43172 1.50208 -0.962757</i>
                        <i>1 0 0 0 1 0 0 0 1 -1.43172 1.50222 -0.962757</i>
                        <i>1 0 0 0 1 0 0 0 1 -1.43172 1.50236 -0.962757</i>
                        <i>1 0 0 0 1 0 0 0 1 -1.43172 1.50249 -0.962757</i>
                        <i>1 0 0 0 1 0 0 0 1 -1.43172 1.50262 -0.962757</i>
                        <i>1 0 0 0 1 0 0 0 1 -1.43172 1.50274 -0.962757</i>
                        <i>1 0 0 0 1 0 0 0 1 -1.43172 1.50285 -0.962757</i>
                        <i>1 0 0 0 1 0 0 0 1 -1.43172 1.50295 -0.962757</i>
                        <i>1 0 0 0 1 0 0 0 1 -1.43172 1.50304 -0.962757</i>
                        <i>1 0 0 0 1 0 0 0 1 -1.43172 1.50311 -0.962757</i>
                        <i>1 0 0 0 1 0 0 0 1 -1.43172 1.50317 -0.962757</i>
                        <i>1 0 0 0 1 0 0 0 1 -1.43172 1.50321 -0.962757</i>
                        <i>1 0 0 0 1 0 0 0 1 -1.43172 1.50322 -0.962757</i>
                        <i>1 0 0 0 1 0 0 0 1 -1.4317 1.5032 -0.962757</i>
                        <i>1 0 0 0 1 0 0 0 1 -1.43165 1.5031 -0.962757</i>
                        <i>1 0 0 0 1 0 0 0 1 -1.43158 1.50296 -0.962757</i>
                        <i>1 0 0 0 1 0 0 0 1 -1.43149 1.50277 -0.962757</i>
                        <i>1 0 0 0 1 0 0 0 1 -1.43138 1.50254 -0.962757</i>
                        <i>1 0 0 0 1 0 0 0 1 -1.43127 1.5023 -0.962757</i>
                        <i>1 0 0 0 1 0 0 0 1 -1.43115 1.50205 -0.962757</i>
                        <i>1 0 0 0 1 0 0 0 1 -1.43104 1.5018 -0.962757</i>
                        <i>1 0 0 0 1 0 0 0 1 -1.43093 1.50157 -0.962757</i>
                        <i>1 0 0 0 1 0 0 0 1 -1.43083 1.50136 -0.962757</i>
                        <i>1 0 0 0 1 0 0 0 1 -1.43076 1.50119 -0.962757</i>
                        <i>1 0 0 0 1 0 0 0 1 -1.4307 1.50107 -0.962757</i>
                        <i>1 0 0 0 1 0 0 0 1 -1.43067 1.50101 -0.962757</i>
                        <i>1 0 0 0 1 0 0 0 1 -1.43068 1.50102 -0.962757</i>
                        <i>1 0 0 0 1 0 0 0 1 -1.43072 1.50112 -0.962757</i>
                        <i>1 0 0 0 1 0 0 0 1 -1.43081 1.5013 -0.962757</i>
                        <i>1 0 0 0 1 0 0 0 1 -1.43095 1.5016 -0.962757</i>
                        <i>1 0 0 0 1 0 0 0 1 -1.43114 1.50201 -0.962757</i>
                        <i>1 0 0 0 1 0 0 0 1 -1.4314 1.50255 -0.962757</i>
                        <i>1 0 0 0 1 0 0 0 1 -1.43172 1.50322 -0.962757</i>
                        <i>1 0 0 0 1 0 0 0 1 -1.43209 1.50403 -0.962757</i>
                        <i>1 0 0 0 1 0 0 0 1 -1.43251 1.50493 -0.962757</i>
                        <i>1 0 0 0 1 0 0 0 1 -1.43298 1.50591 -0.962757</i>
                        <i>1 0 0 0 1 0 0 0 1 -1.43348 1.50699 -0.962757</i>
                        <i>1 0 0 0 1 0 0 0 1 -1.43401 1.50813 -0.962757</i>
                        <i>1 0 0 0 1 0 0 0 1 -1.43458 1.50935 -0.962757</i>
                        <i>1 0 0 0 1 0 0 0 1 -1.43518 1.51063 -0.962757</i>
                        <i>1 0 0 0 1 0 0 0 1 -1.43581 1.51197 -0.962757</i>
                        <i>1 0 0 0 1 0 0 0 1 -1.43646 1.51336 -0.962757</i>
                        <i>1 0 0 0 1 0 0 0 1 -1.43713 1.51479 -0.962757</i>
                        <i>1 0 0 0 1 0 0 0 1 -1.43782 1.51626 -0.962757</i>
                        <i>1 0 0 0 1 0 0 0 1 -1.43853 1.51777 -0.962757</i>
                        <i>1 0 0 0 1 0 0 0 1 -1.43924 1.5193 -0.962757</i>
                        <i>1 0 0 0 1 0 0 0 1 -1.43997 1.52084 -0.962757</i>
                        <i>1 0 0 0 1 0 0 0 1 -1.4407 1.5224 -0.962757</i>
                        <i>1 0 0 0 1 0 0 0 1 -1.44143 1.52397 -0.962757</i>
                    </KeyFrames>
                </p>
            </i>
            <i>
                <p>
                    <Name><![CDATA[spine0]]></Name>
                    <Exclude>0</Exclude>
                    <Additive>0</Additive>
                    <IKPriority>0</IKPriority>
                    <IKRotLimits>-1e+010 -1e+010 -1e+010 1e+010 1e+010 1e+010</IKRotLimits>
                    <IKRotLimitOrder>0</IKRotLimitOrder>
                    <KeyFrames count="193">
                        <i>-0.00816842 0.973645 0.227921 -0.999958 -0.00892723 0.00229853 0.00427266 -0.227893 0.973677 -1.45928 1.65243 -1.02501</i>
                        <i>-0.00661712 0.973844 0.227121 -0.999971 -0.00731323 0.00222353 0.00382636 -0.2271 0.973864 -1.46003 1.654 -1.025</i>
                        <i>-0.00513199 0.974061 0.226225 -0.999981 -0.00576794 0.00215023 0.00339931 -0.22621 0.974073 -1.46079 1.65556 -1.02499</i>
                        <i>-0.00372589 0.974299 0.225228 -0.999989 -0.00430465 0.00207864 0.00299475 -0.225218 0.974304 -1.46153 1.6571 -1.02498</i>
                        <i>-0.00241185 0.974558 0.224122 -0.999994 -0.00293676 0.00200879 0.00261587 -0.224116 0.974559 -1.46227 1.65863 -1.02497</i>
                        <i>-0.00120302 0.97484 0.222902 -0.999997 -0.00167782 0.00194069 0.00226585 -0.222899 0.974839 -1.46299 1.66013 -1.02496</i>
                        <i>-0.000154844 0.975171 0.221452 -0.999998 -0.000585537 0.00187921 0.00196222 -0.221452 0.975169 -1.46369 1.66159 -1.02495</i>
                        <i>0.000695429 0.975569 0.219691 -0.999998 0.000301391 0.00182711 0.00171626 -0.219692 0.975568 -1.46437 1.66302 -1.02495</i>
                        <i>0.00136169 0.976023 0.217663 -0.999998 0.000997888 0.00178131 0.00152139 -0.217665 0.976022 -1.46502 1.6644 -1.02494</i>
                        <i>0.00185772 0.976522 0.215411 -0.999997 0.00151883 0.00173872 0.00137073 -0.215414 0.976522 -1.46565 1.66573 -1.02494</i>
                        <i>0.00219724 0.977054 0.21298 -0.999997 0.00187907 0.0016963 0.00125718 -0.212983 0.977055 -1.46624 1.667 -1.02494</i>
                        <i>0.00239399 0.97761 0.210412 -0.999996 0.00209347 0.001651 0.00117355 -0.210415 0.977611 -1.4668 1.66821 -1.02495</i>
                        <i>0.00246197 0.978179 0.207751 -0.999996 0.00217712 0.00159976 0.00111255 -0.207754 0.97818 -1.46732 1.66934 -1.02495</i>
                        <i>0.00241519 0.978751 0.205038 -0.999997 0.0021451 0.00153953 0.00106698 -0.205041 0.978753 -1.4678 1.6704 -1.02496</i>
                        <i>0.00226804 0.979318 0.202316 -0.999997 0.00201282 0.00146723 0.00102966 -0.202319 0.979319 -1.46824 1.67137 -1.02497</i>
                        <i>0.00203508 0.97987 0.199625 -0.999997 0.00179578 0.00137981 0.000993552 -0.199628 0.979871 -1.46862 1.67225 -1.02498</i>
                        <i>0.00173114 0.980401 0.197007 -0.999998 0.00150971 0.00127417 0.000951772 -0.197009 0.980401 -1.46896 1.67304 -1.02499</i>
                        <i>0.00137133 0.980901 0.1945 -0.999999 0.00117055 0.00114721 0.000897626 -0.194502 0.980902 -1.46923 1.67372 -1.02501</i>
                        <i>0.00097096 0.981366 0.192146 -0.999999 0.000794421 0.000995817 0.000824617 -0.192146 0.981366 -1.46945 1.67428 -1.02503</i>
                        <i>0.000545545 0.981788 0.189982 -1 0.000397596 0.000816868 0.000726454 -0.189982 0.981787 -1.46961 1.67474 -1.02506</i>
                        <i>0.000110849 0.98216 0.188048 -1 -3.39533e-006 0.000607209 0.000597015 -0.188048 0.98216 -1.4697 1.67507 -1.02509</i>
                        <i>-0.000317335 0.982477 0.186382 -1 -0.000391988 0.000363685 0.000430372 -0.186382 0.982477 -1.46973 1.67527 -1.02512</i>
                        <i>-0.000722981 0.982734 0.185024 -1 -0.000751329 8.31057e-005 0.000220684 -0.185023 0.982734 -1.46968 1.67533 -1.02515</i>
                        <i>-0.00114143 0.982939 0.18393 -0.999999 -0.00111795 -0.00023134 -2.17682e-005 -0.18393 0.982939 -1.46956 1.67532 -1.02519</i>
                        <i>-0.00161675 0.983107 0.183023 -0.999999 -0.00153775 -0.000573506 -0.000282373 -0.183024 0.983108 -1.46938 1.67532 -1.02524</i>
                        <i>-0.00214594 0.983243 0.182286 -0.999998 -0.00200783 -0.00094216 -0.000560373 -0.182287 0.983245 -1.46914 1.67531 -1.02528</i>
                        <i>-0.00272574 0.98335 0.181701 -0.999996 -0.002525 -0.0013361 -0.000855061 -0.181704 0.983353 -1.46883 1.6753 -1.02533</i>
                        <i>-0.00335273 0.983431 0.181252 -0.999994 -0.0030859 -0.00175413 -0.00116574 -0.181257 0.983435 -1.46848 1.67529 -1.02539</i>
                        <i>-0.00402343 0.983489 0.180923 -0.999991 -0.00368714 -0.00219506 -0.00149173 -0.180931 0.983495 -1.46807 1.67528 -1.02545</i>
                        <i>-0.00473425 0.983527 0.180698 -0.999987 -0.00432519 -0.00265774 -0.0018324 -0.180708 0.983535 -1.46761 1.67527 -1.02551</i>
                        <i>-0.00548165 0.983549 0.180558 -0.999983 -0.00499663 -0.00314097 -0.00218712 -0.180572 0.983559 -1.46711 1.67525 -1.02557</i>
                        <i>-0.00626214 0.983557 0.180488 -0.999977 -0.00569806 -0.00364361 -0.00255527 -0.180506 0.983571 -1.46656 1.67524 -1.02563</i>
                        <i>-0.00707225 0.983555 0.180471 -0.999971 -0.00642616 -0.00416446 -0.00293624 -0.180495 0.983572 -1.46596 1.67523 -1.0257</i>
                        <i>-0.00790867 0.983545 0.18049 -0.999963 -0.00717776 -0.00470235 -0.00332946 -0.18052 0.983566 -1.46533 1.67521 -1.02577</i>
                        <i>-0.00876821 0.983531 0.180529 -0.999955 -0.00794986 -0.0052561 -0.00373435 -0.180567 0.983556 -1.46466 1.6752 -1.02585</i>
                        <i>-0.00964778 0.983514 0.180572 -0.999945 -0.00873958 -0.0058245 -0.00415036 -0.180619 0.983544 -1.46395 1.67518 -1.02592</i>
                        <i>-0.0105445 0.9835 0.180603 -0.999934 -0.00954433 -0.00640635 -0.00457691 -0.180658 0.983535 -1.46322 1.67517 -1.026</i>
                        <i>-0.0114558 0.983489 0.180604 -0.999922 -0.0103617 -0.00700043 -0.00501349 -0.18067 0.983531 -1.46245 1.67515 -1.02607</i>
                        <i>-0.012379 0.983486 0.180561 -0.999908 -0.0111894 -0.00760551 -0.00545953 -0.180639 0.983534 -1.46165 1.67513 -1.02615</i>
                        <i>-0.013312 0.983493 0.180458 -0.999894 -0.0120257 -0.00822033 -0.0059145 -0.180548 0.983548 -1.46084 1.67512 -1.02623</i>
                        <i>-0.0142527 0.983512 0.180278 -0.999878 -0.0128688 -0.00884363 -0.00637785 -0.180383 0.983576 -1.46 1.6751 -1.02631</i>
                        <i>-0.0152019 0.983537 0.180063 -0.999861 -0.0137198 -0.00947383 -0.00684744 -0.180182 0.983609 -1.45914 1.67508 -1.0264</i>
                        <i>-0.0161586 0.983559 0.179862 -0.999843 -0.0145774 -0.0101096 -0.0073215 -0.179997 0.98364 -1.45826 1.67506 -1.02648</i>
                        <i>-0.0171199 0.983577 0.179673 -0.999823 -0.0154389 -0.0107499 -0.00779943 -0.179826 0.983668 -1.45737 1.67504 -1.02656</i>
                        <i>-0.0180848 0.983593 0.179495 -0.999802 -0.0163036 -0.0113934 -0.00828004 -0.179666 0.983693 -1.45647 1.67502 -1.02665</i>
                        <i>-0.0190537 0.983605 0.179326 -0.99978 -0.0171722 -0.0120385 -0.00876176 -0.179515 0.983716 -1.45556 1.675 -1.02673</i>
                        <i>-0.0200281 0.983615 0.179163 -0.999757 -0.0180464 -0.0126838 -0.0092427 -0.179374 0.983738 -1.45465 1.67498 -1.02681</i>
                        <i>-0.0210103 0.983624 0.179007 -0.999732 -0.018929 -0.0133274 -0.00972072 -0.179239 0.983758 -1.45373 1.67496 -1.0269</i>
                        <i>-0.0220034 0.98363 0.178854 -0.999706 -0.0198233 -0.0139675 -0.0101934 -0.179109 0.983776 -1.45281 1.67494 -1.02698</i>
                        <i>-0.0230114 0.983634 0.178704 -0.999678 -0.0207339 -0.0146024 -0.0106582 -0.178983 0.983795 -1.45189 1.67492 -1.02707</i>
                        <i>-0.0240392 0.983636 0.178555 -0.999649 -0.021666 -0.0152298 -0.011112 -0.178858 0.983812 -1.45098 1.6749 -1.02715</i>
                        <i>-0.0250928 0.983637 0.178405 -0.999618 -0.0226261 -0.0158477 -0.0115518 -0.178734 0.98383 -1.45007 1.67487 -1.02723</i>
                        <i>-0.0261794 0.983637 0.178252 -0.999586 -0.0236221 -0.0164538 -0.0119738 -0.178609 0.983847 -1.44917 1.67485 -1.02732</i>
                        <i>-0.0273082 0.983634 0.178095 -0.99955 -0.0246639 -0.0170453 -0.0123738 -0.178481 0.983866 -1.44829 1.67483 -1.0274</i>
                        <i>-0.0284908 0.98363 0.177933 -0.999513 -0.0257636 -0.0176194 -0.0127468 -0.178348 0.983885 -1.44741 1.67481 -1.02748</i>
                        <i>-0.0297427 0.983624 0.177764 -0.999472 -0.0269376 -0.0181727 -0.0130866 -0.17821 0.983905 -1.44656 1.67479 -1.02756</i>
                        <i>-0.0310847 0.983614 0.177585 -0.999427 -0.028208 -0.0187009 -0.0133852 -0.178065 0.983928 -1.44573 1.67476 -1.02764</i>
                        <i>-0.0325476 0.983601 0.177398 -0.999377 -0.0296071 -0.0191985 -0.0136315 -0.177912 0.983952 -1.44492 1.67474 -1.02771</i>
                        <i>-0.0341803 0.983581 0.1772 -0.99932 -0.0311858 -0.0196574 -0.0138086 -0.177752 0.983979 -1.44413 1.67472 -1.02779</i>
                        <i>-0.0360714 0.98355 0.176995 -0.999253 -0.0330366 -0.0200641 -0.0138868 -0.177587 0.984007 -1.44337 1.6747 -1.02786</i>
                        <i>-0.038424 0.983498 0.176792 -0.999166 -0.035371 -0.0203893 -0.0137996 -0.177428 0.984037 -1.44264 1.67468 -1.02793</i>
                        <i>-0.039467 0.98355 0.176273 -0.999097 -0.0360629 -0.0224751 -0.0157485 -0.177001 0.984085 -1.44203 1.67451 -1.02819</i>
                        <i>-0.0405898 0.983652 0.175446 -0.999016 -0.0368105 -0.0247433 -0.0178805 -0.176278 0.984178 -1.44135 1.67417 -1.02846</i>
                        <i>-0.0417697 0.983799 0.174344 -0.998924 -0.0375997 -0.0271546 -0.0201594 -0.17529 0.98431 -1.44063 1.67368 -1.02876</i>
                        <i>-0.0429889 0.983983 0.172999 -0.998821 -0.0384207 -0.0296703 -0.0225484 -0.174071 0.984475 -1.43987 1.67304 -1.02907</i>
                        <i>-0.0442324 0.9842 0.171445 -0.998708 -0.0392662 -0.0322521 -0.0250106 -0.17265 0.984666 -1.43908 1.67226 -1.02939</i>
                        <i>-0.0454876 0.984443 0.169713 -0.998586 -0.0401309 -0.0348627 -0.0275096 -0.171059 0.984877 -1.43827 1.67138 -1.02971</i>
                        <i>-0.046744 0.984706 0.167837 -0.998456 -0.0410109 -0.037466 -0.0300098 -0.169329 0.985103 -1.43745 1.6704 -1.03004</i>
                        <i>-0.0479929 0.984983 0.165848 -0.99832 -0.0419031 -0.0400268 -0.0324761 -0.16749 0.985339 -1.43664 1.66933 -1.03036</i>
                        <i>-0.0492272 0.985268 0.163779 -0.998179 -0.0428056 -0.0425114 -0.0348745 -0.165573 0.985581 -1.43584 1.66819 -1.03068</i>
                        <i>-0.0504413 0.985556 0.161661 -0.998035 -0.0437171 -0.0448874 -0.0371717 -0.163608 0.985825 -1.43506 1.66701 -1.03098</i>
