<?xml version="1.0" encoding="ISO-8859-1" ?>
<Animl Version="1">
    <ModellingPackage><![CDATA[Maya.2010]]></ModellingPackage>
    <SrcFile><![CDATA[anims\turrets\machinegun\red\~src\mgun_balkan\mgun_balkan_fire_crewman_b.mb]]></SrcFile>
    <FramesPerSecond>30</FramesPerSecond>
    <TotalFrames>31</TotalFrames>
    <Skeleton>
        <RefFrame>
            <Name><![CDATA[soldier_ref_frame]]></Name>
            <Exclude>0</Exclude>
            <Additive>0</Additive>
            <IKPriority>0</IKPriority>
            <IKRotLimits>-1e+010 -1e+010 -1e+010 1e+010 1e+010 1e+010</IKRotLimits>
            <IKRotLimitOrder>0</IKRotLimitOrder>
            <KeyFrames count="31">
                <i>1 0 0 0 1 0 0 0 1 -1.7653 0.945679 0.435447</i>
                <i>1 0 0 0 1 0 0 0 1 -1.7653 0.945679 0.435447</i>
                <i>1 0 0 0 1 0 0 0 1 -1.7653 0.945679 0.435447</i>
                <i>1 0 0 0 1 0 0 0 1 -1.7653 0.945679 0.435447</i>
                <i>1 0 0 0 1 0 0 0 1 -1.7653 0.945679 0.435447</i>
                <i>1 0 0 0 1 0 0 0 1 -1.7653 0.945679 0.435447</i>
                <i>1 0 0 0 1 0 0 0 1 -1.7653 0.945679 0.435447</i>
                <i>1 0 0 0 1 0 0 0 1 -1.7653 0.945679 0.435447</i>
                <i>1 0 0 0 1 0 0 0 1 -1.7653 0.945679 0.435447</i>
                <i>1 0 0 0 1 0 0 0 1 -1.7653 0.945679 0.435447</i>
                <i>1 0 0 0 1 0 0 0 1 -1.7653 0.945679 0.435447</i>
                <i>1 0 0 0 1 0 0 0 1 -1.7653 0.945679 0.435447</i>
                <i>1 0 0 0 1 0 0 0 1 -1.7653 0.945679 0.435447</i>
                <i>1 0 0 0 1 0 0 0 1 -1.7653 0.945679 0.435447</i>
                <i>1 0 0 0 1 0 0 0 1 -1.7653 0.945679 0.435447</i>
                <i>1 0 0 0 1 0 0 0 1 -1.7653 0.945679 0.435447</i>
                <i>1 0 0 0 1 0 0 0 1 -1.7653 0.945679 0.435447</i>
                <i>1 0 0 0 1 0 0 0 1 -1.7653 0.945679 0.435447</i>
                <i>1 0 0 0 1 0 0 0 1 -1.7653 0.945679 0.435447</i>
                <i>1 0 0 0 1 0 0 0 1 -1.7653 0.945679 0.435447</i>
                <i>1 0 0 0 1 0 0 0 1 -1.7653 0.945679 0.435447</i>
                <i>1 0 0 0 1 0 0 0 1 -1.7653 0.945679 0.435447</i>
                <i>1 0 0 0 1 0 0 0 1 -1.7653 0.945679 0.435447</i>
                <i>1 0 0 0 1 0 0 0 1 -1.7653 0.945679 0.435447</i>
                <i>1 0 0 0 1 0 0 0 1 -1.7653 0.945679 0.435447</i>
                <i>1 0 0 0 1 0 0 0 1 -1.7653 0.945679 0.435447</i>
                <i>1 0 0 0 1 0 0 0 1 -1.7653 0.945679 0.435447</i>
                <i>1 0 0 0 1 0 0 0 1 -1.7653 0.945679 0.435447</i>
                <i>1 0 0 0 1 0 0 0 1 -1.7653 0.945679 0.435447</i>
                <i>1 0 0 0 1 0 0 0 1 -1.7653 0.945679 0.435447</i>
                <i>1 0 0 0 1 0 0 0 1 -1.7653 0.945679 0.435447</i>
            </KeyFrames>
        </RefFrame>
        <Bones count="23">
            <i>
                <p>
                    <Name><![CDATA[pelvis]]></Name>
                    <Exclude>0</Exclude>
                    <Additive>0</Additive>
                    <IKPriority>0</IKPriority>
                    <IKRotLimits>-1e+010 -1e+010 -1e+010 1e+010 1e+010 1e+010</IKRotLimits>
                    <IKRotLimitOrder>2</IKRotLimitOrder>
                    <KeyFrames count="31">
                        <i>1 0 0 0 1 0 0 0 1 -1.7653 1.48653 0.682025</i>
                        <i>1 0 0 0 1 0 0 0 1 -1.7653 1.5251 0.682025</i>
                        <i>1 0 0 0 1 0 0 0 1 -1.7653 1.54639 0.682025</i>
                        <i>1 0 0 0 1 0 0 0 1 -1.7653 1.52324 0.682025</i>
                        <i>1 0 0 0 1 0 0 0 1 -1.7653 1.50265 0.682025</i>
                        <i>1 0 0 0 1 0 0 0 1 -1.7653 1.52438 0.682025</i>
                        <i>1 0 0 0 1 0 0 0 1 -1.7653 1.55811 0.682025</i>
                        <i>1 0 0 0 1 0 0 0 1 -1.7653 1.57191 0.682025</i>
                        <i>1 0 0 0 1 0 0 0 1 -1.7653 1.51952 0.682025</i>
                        <i>1 0 0 0 1 0 0 0 1 -1.7653 1.46864 0.682025</i>
                        <i>1 0 0 0 1 0 0 0 1 -1.7653 1.48886 0.682025</i>
                        <i>1 0 0 0 1 0 0 0 1 -1.7653 1.53034 0.682025</i>
                        <i>1 0 0 0 1 0 0 0 1 -1.7653 1.55307 0.682025</i>
                        <i>1 0 0 0 1 0 0 0 1 -1.7653 1.49191 0.682025</i>
                        <i>1 0 0 0 1 0 0 0 1 -1.7653 1.43141 0.682025</i>
                        <i>1 0 0 0 1 0 0 0 1 -1.7653 1.46295 0.682025</i>
                        <i>1 0 0 0 1 0 0 0 1 -1.7653 1.52211 0.682025</i>
                        <i>1 0 0 0 1 0 0 0 1 -1.7653 1.55976 0.682025</i>
                        <i>1 0 0 0 1 0 0 0 1 -1.7653 1.52514 0.682025</i>
                        <i>1 0 0 0 1 0 0 0 1 -1.7653 1.48394 0.682025</i>
                        <i>1 0 0 0 1 0 0 0 1 -1.7653 1.49894 0.682025</i>
                        <i>1 0 0 0 1 0 0 0 1 -1.7653 1.5296 0.682025</i>
                        <i>1 0 0 0 1 0 0 0 1 -1.7653 1.54639 0.682025</i>
                        <i>1 0 0 0 1 0 0 0 1 -1.7653 1.52324 0.682025</i>
                        <i>1 0 0 0 1 0 0 0 1 -1.7653 1.50265 0.682025</i>
                        <i>1 0 0 0 1 0 0 0 1 -1.7653 1.52438 0.682025</i>
                        <i>1 0 0 0 1 0 0 0 1 -1.7653 1.55811 0.682025</i>
                        <i>1 0 0 0 1 0 0 0 1 -1.7653 1.57191 0.682025</i>
                        <i>1 0 0 0 1 0 0 0 1 -1.7653 1.51985 0.682025</i>
                        <i>1 0 0 0 1 0 0 0 1 -1.7653 1.46864 0.682025</i>
                        <i>1 0 0 0 1 0 0 0 1 -1.7653 1.48653 0.682025</i>
                    </KeyFrames>
                </p>
            </i>
            <i>
                <p>
                    <Name><![CDATA[spine0]]></Name>
                    <Exclude>0</Exclude>
                    <Additive>0</Additive>
                    <IKPriority>0</IKPriority>
                    <IKRotLimits>-1e+010 -1e+010 -1e+010 1e+010 1e+010 1e+010</IKRotLimits>
                    <IKRotLimitOrder>0</IKRotLimitOrder>
                    <KeyFrames count="31">
                        <i>-0.150005 0.917693 0.367883 -0.971677 -0.068118 -0.226282 -0.182598 -0.391407 0.901919 -1.77832 1.62494 0.645016</i>
                        <i>-0.15873 0.909777 0.38355 -0.971141 -0.0738243 -0.226792 -0.178015 -0.40848 0.89524 -1.78 1.66323 0.644607</i>
                        <i>-0.167731 0.901253 0.399511 -0.970539 -0.0798567 -0.227324 -0.172973 -0.425871 0.888096 -1.78203 1.68415 0.64411</i>
                        <i>-0.171673 0.896016 0.409492 -0.970324 -0.0819366 -0.227505 -0.170296 -0.436396 0.883492 -1.78334 1.66075 0.643785</i>
                        <i>-0.167054 0.895351 0.412843 -0.970882 -0.0764657 -0.227026 -0.1717 -0.438747 0.882055 -1.78288 1.64024 0.643898</i>
                        <i>-0.153177 0.897719 0.413083 -0.972214 -0.0620195 -0.225729 -0.177022 -0.436182 0.882275 -1.77802 1.66284 0.645087</i>
                        <i>-0.135909 0.901886 0.410038 -0.97353 -0.044809 -0.224122 -0.183759 -0.429645 0.884103 -1.77057 1.69751 0.64687</i>
                        <i>-0.126632 0.90671 0.402294 -0.974035 -0.0369309 -0.223365 -0.18767 -0.420134 0.887844 -1.76626 1.71166 0.647877</i>
                        <i>-0.132402 0.915054 0.38098 -0.97335 -0.0474208 -0.22437 -0.187244 -0.400534 0.896946 -1.76684 1.65923 0.647742</i>
                        <i>-0.145118 0.923832 0.354225 -0.97187 -0.0659754 -0.226088 -0.185498 -0.37707 0.907419 -1.76937 1.60815 0.647151</i>
                        <i>-0.154667 0.928016 0.338918 -0.970649 -0.0787862 -0.22723 -0.184171 -0.364115 0.912963 -1.77264 1.62804 0.646379</i>
                        <i>-0.157054 0.928482 0.336534 -0.97035 -0.0816836 -0.227483 -0.183725 -0.362283 0.913781 -1.77545 1.66918 0.645708</i>
                        <i>-0.154627 0.92753 0.340262 -0.970681 -0.0784716 -0.227202 -0.184036 -0.365417 0.91247 -1.77661 1.69174 0.64543</i>
                        <i>-0.146361 0.925697 0.348804 -0.971655 -0.0683562 -0.226303 -0.185645 -0.372039 0.909463 -1.77404 1.63092 0.646046</i>
                        <i>-0.136008 0.923388 0.358966 -0.972728 -0.055748 -0.225151 -0.18789 -0.379799 0.905787 -1.7691 1.57095 0.647216</i>
                        <i>-0.131044 0.921477 0.36566 -0.973215 -0.0492973 -0.224547 -0.188889 -0.385291 0.903256 -1.76577 1.60273 0.647991</i>
                        <i>-0.136897 0.921515 0.363414 -0.97273 -0.0557145 -0.225148 -0.187229 -0.384326 0.904013 -1.76493 1.66194 0.648186</i>
                        <i>-0.148467 0.922105 0.357323 -0.971621 -0.0687326 -0.226337 -0.184147 -0.380786 0.906141 -1.76471 1.69959 0.648236</i>
                        <i>-0.157336 0.921273 0.35567 -0.97072 -0.0780798 -0.227168 -0.181513 -0.380998 0.906584 -1.76507 1.66496 0.648154</i>
                        <i>-0.160966 0.919284 0.359176 -0.970415 -0.0810601 -0.227429 -0.179957 -0.385158 0.905135 -1.76595 1.6237 0.64795</i>
                        <i>-0.163287 0.916735 0.364601 -0.970282 -0.0823288 -0.227539 -0.178576 -0.39092 0.902935 -1.76731 1.63862 0.647635</i>
                        <i>-0.167354 0.913512 0.370794 -0.969972 -0.0852372 -0.227791 -0.176484 -0.397781 0.900346 -1.77067 1.66899 0.646845</i>
                        <i>-0.173225 0.909835 0.377084 -0.969446 -0.0899971 -0.228199 -0.173687 -0.405093 0.897626 -1.77543 1.68522 0.645712</i>
                        <i>-0.177389 0.906629 0.382828 -0.969087 -0.0931391 -0.228465 -0.171477 -0.411521 0.895124 -1.77832 1.66165 0.645016</i>
                        <i>-0.18011 0.903958 0.387841 -0.968874 -0.0949563 -0.228618 -0.169833 -0.416946 0.892924 -1.77806 1.6411 0.645078</i>
                        <i>-0.181775 0.901896 0.391843 -0.968763 -0.0958915 -0.228697 -0.168686 -0.421174 0.891155 -1.77635 1.66309 0.645491</i>
                        <i>-0.179044 0.902079 0.39268 -0.969114 -0.0929053 -0.228446 -0.169594 -0.421453 0.890851 -1.77442 1.69708 0.645956</i>
                        <i>-0.171876 0.905117 0.388873 -0.969861 -0.0862641 -0.227879 -0.172712 -0.41632 0.892664 -1.7735 1.71099 0.646175</i>
                        <i>-0.164252 0.909351 0.382233 -0.97055 -0.0797577 -0.227315 -0.176223 -0.408313 0.895671 -1.77439 1.65882 0.645962</i>
                        <i>-0.156894 0.913781 0.374685 -0.971148 -0.0737532 -0.226786 -0.179598 -0.399456 0.898988 -1.77636 1.60735 0.64549</i>
                        <i>-0.150005 0.917693 0.367883 -0.971677 -0.068118 -0.226282 -0.182598 -0.391407 0.901919 -1.77832 1.62494 0.645016</i>
                    </KeyFrames>
                </p>
            </i>
            <i>
                <p>
                    <Name><![CDATA[spine1]]></Name>
                    <Exclude>0</Exclude>
                    <Additive>0</Additive>
                    <IKPriority>0</IKPriority>
                    <IKRotLimits>-1e+010 -1e+010 -1e+010 1e+010 1e+010 1e+010</IKRotLimits>
                    <IKRotLimitOrder>0</IKRotLimitOrder>
                    <KeyFrames count="31">
                        <i>-0.0935451 0.631036 0.770093 -0.973755 0.103206 -0.202854 -0.207486 -0.768858 0.60482 -1.80519 1.78939 0.710892</i>
                        <i>-0.0858152 0.611504 0.786574 -0.974937 0.111113 -0.192748 -0.205265 -0.783401 0.586643 -1.80829 1.82543 0.712946</i>
                        <i>-0.0759721 0.592426 0.802035 -0.975967 0.120584 -0.181518 -0.204249 -0.796549 0.569027 -1.81182 1.84428 0.715054</i>
                        <i>-0.0668895 0.57837 0.813028 -0.976636 0.128835 -0.172001 -0.204227 -0.805537 0.556239 -1.81384 1.81997 0.716511</i>
                        <i>-0.0616316 0.567074 0.821358 -0.977049 0.13384 -0.165719 -0.203905 -0.81272 0.54581 -1.81264 1.79978 0.717413</i>
                        <i>-0.0761982 0.556978 0.827024 -0.978227 0.118824 -0.170154 -0.193043 -0.821983 0.535797 -1.80537 1.82316 0.718814</i>
                        <i>-0.105389 0.553821 0.825939 -0.97894 0.0882505 -0.184086 -0.17484 -0.827946 0.532857 -1.79491 1.85907 0.720272</i>
                        <i>-0.124036 0.56168 0.818004 -0.978599 0.0671671 -0.194508 -0.164194 -0.824624 0.541328 -1.78902 1.87472 0.720171</i>
                        <i>-0.130753 0.593943 0.793811 -0.97826 0.0527094 -0.200572 -0.16097 -0.802779 0.574139 -1.79075 1.82454 0.716511</i>
                        <i>-0.13497 0.639017 0.757258 -0.977735 0.0380398 -0.206366 -0.160678 -0.768251 0.619655 -1.79579 1.77645 0.711613</i>
                        <i>-0.128991 0.666149 0.734579 -0.977495 0.0392817 -0.207269 -0.166928 -0.744783 0.646091 -1.80096 1.79802 0.708384</i>
                        <i>-0.114588 0.670604 0.732912 -0.977254 0.056432 -0.204425 -0.178448 -0.739666 0.648884 -1.80409 1.83862 0.707052</i>
                        <i>-0.104433 0.666507 0.738148 -0.976386 0.0724241 -0.203534 -0.189116 -0.741973 0.643204 -1.80461 1.85981 0.707023</i>
                        <i>-0.112897 0.657146 0.745261 -0.975106 0.0707904 -0.210136 -0.190848 -0.750432 0.632795 -1.80034 1.79737 0.708708</i>
                        <i>-0.136338 0.646561 0.75058 -0.973557 0.052742 -0.222273 -0.1833 -0.761037 0.622273 -1.7934 1.73603 0.711346</i>
                        <i>-0.156587 0.638963 0.753131 -0.972117 0.0350563 -0.23186 -0.174552 -0.768438 0.615658 -1.78912 1.76699 0.713131</i>
                        <i>-0.176321 0.636924 0.750492 -0.970959 0.0127136 -0.238907 -0.161707 -0.770822 0.616186 -1.78927 1.82584 0.712785</i>
                        <i>-0.201292 0.636769 0.744317 -0.968958 -0.0180974 -0.246562 -0.143533 -0.770843 0.620645 -1.79114 1.86376 0.711809</i>
                        <i>-0.217579 0.63255 0.74333 -0.967257 -0.0377846 -0.250971 -0.130665 -0.773597 0.620059 -1.79316 1.82947 0.711619</i>
                        <i>-0.22186 0.622497 0.750517 -0.967071 -0.0420349 -0.251011 -0.124706 -0.781493 0.611325 -1.79471 1.78802 0.712102</i>
                        <i>-0.220654 0.609994 0.761065 -0.967798 -0.040006 -0.248527 -0.121153 -0.791396 0.599178 -1.79651 1.80261 0.712809</i>
                        <i>-0.206656 0.597708 0.774622 -0.970454 -0.0244338 -0.240048 -0.124551 -0.801342 0.585097 -1.80064 1.83265 0.713223</i>
                        <i>-0.183808 0.587465 0.788098 -0.973816 0.00028583 -0.227336 -0.133777 -0.809249 0.572031 -1.80652 1.84858 0.713365</i>
                        <i>-0.169883 0.579884 0.79679 -0.97552 0.0156152 -0.219355 -0.139642 -0.814549 0.563036 -1.81019 1.82462 0.713778</i>
                        <i>-0.171857 0.575923 0.799236 -0.975295 0.0148403 -0.220408 -0.138799 -0.817369 0.559144 -1.81031 1.80299 0.71449</i>
                        <i>-0.178871 0.57701 0.796909 -0.97434 0.00859166 -0.224917 -0.136626 -0.816692 0.560668 -1.80873 1.82378 0.715262</i>
                        <i>-0.181576 0.582733 0.792119 -0.973673 0.00634689 -0.227862 -0.13781 -0.812639 0.566239 -1.80623 1.85738 0.715696</i>
                        <i>-0.172693 0.592327 0.786972 -0.973894 0.0168274 -0.226377 -0.147332 -0.805522 0.573958 -1.80402 1.87176 0.715209</i>
                        <i>-0.150643 0.604975 0.781864 -0.974627 0.0415612 -0.219941 -0.165554 -0.795159 0.583364 -1.8036 1.82056 0.713906</i>
                        <i>-0.121607 0.61855 0.776278 -0.974716 0.0732829 -0.211086 -0.187455 -0.78232 0.593999 -1.80435 1.77041 0.712308</i>
                        <i>-0.0935451 0.631036 0.770093 -0.973755 0.103206 -0.202854 -0.207486 -0.768858 0.60482 -1.80519 1.78939 0.710892</i>
                    </KeyFrames>
                </p>
            </i>
            <i>
                <p>
                    <Name><![CDATA[spine2]]></Name>
                    <Exclude>0</Exclude>
                    <Additive>0</Additive>
                    <IKPriority>0</IKPriority>
                    <IKRotLimits>-1e+010 -1e+010 -1e+010 1e+010 1e+010 1e+010</IKRotLimits>
                    <IKRotLimitOrder>0</IKRotLimitOrder>
                    <KeyFrames count="31">
                        <i>-0.103515 0.533008 0.839754 -0.975401 0.110806 -0.190566 -0.194623 -0.838823 0.508426 -1.82068 1.8931 0.837798</i>
                        <i>-0.0894829 0.530871 0.842715 -0.978271 0.112034 -0.174453 -0.187024 -0.840015 0.50931 -1.82243 1.92541 0.84189</i>
                        <i>-0.074502 0.528978 0.845359 -0.981042 0.113201 -0.157295 -0.178901 -0.841052 0.510516 -1.82431 1.94081 0.84607</i>
                        <i>-0.0630152 0.521192 0.85111 -0.98314 0.11426 -0.14276 -0.171653 -0.845756 0.505205 -1.82484 1.91421 0.849334</i>
                        <i>-0.0575144 0.501624 0.863172 -0.984485 0.115069 -0.132469 -0.165774 -0.857399 0.487223 -1.82281 1.8924 0.851951</i>
                        <i>-0.0654882 0.474849 0.877627 -0.985285 0.108384 -0.132164 -0.157879 -0.873368 0.460763 -1.81794 1.91433 0.854589</i>
                        <i>-0.0829639 0.451932 0.888186 -0.985295 0.0963879 -0.141079 -0.149369 -0.88683 0.437289 -1.81231 1.94997 0.85628</i>
                        <i>-0.0942491 0.443748 0.891182 -0.984957 0.0886659 -0.148316 -0.144832 -0.891754 0.428716 -1.80957 1.96727 0.855409</i>
                        <i>-0.0968493 0.464771 0.880118 -0.984787 0.0834296 -0.152425 -0.14427 -0.881491 0.449621 -1.81251 1.92288 0.848376</i>
                        <i>-0.0978402 0.503774 0.858277 -0.984357 0.0779855 -0.157987 -0.146523 -0.860308 0.488263 -1.81845 1.88317 0.838503</i>
                        <i>-0.0951442 0.531702 0.84157 -0.983575 0.0800514 -0.161775 -0.153385 -0.84314 0.515353 -1.82273 1.90992 0.832177</i>
                        <i>-0.0903312 0.541486 0.835843 -0.982223 0.0902354 -0.164608 -0.164556 -0.835853 0.523709 -1.82338 1.95086 0.830103</i>
                        <i>-0.0897993 0.545597 0.833223 -0.980212 0.0997673 -0.170969 -0.176408 -0.832088 0.525842 -1.82208 1.97058 0.83006</i>
                        <i>-0.101609 0.545562 0.831888 -0.977677 0.0998266 -0.184883 -0.18391 -0.832104 0.523241 -1.81907 1.90575 0.831954</i>
                        <i>-0.122562 0.543455 0.830443 -0.974945 0.0905853 -0.203168 -0.185639 -0.834537 0.518736 -1.81587 1.84206 0.834752</i>
                        <i>-0.140752 0.541225 0.829014 -0.972853 0.07976 -0.217245 -0.1837 -0.837087 0.515306 -1.81484 1.87146 0.836588</i>
                        <i>-0.157393 0.53807 0.828075 -0.972151 0.0630148 -0.225723 -0.173636 -0.840541 0.513167 -1.81816 1.92975 0.835534</i>
                        <i>-0.177227 0.53223 0.827842 -0.971636 0.0391937 -0.23321 -0.156567 -0.845692 0.510188 -1.82413 1.96773 0.833663</i>
                        <i>-0.192885 0.523221 0.830082 -0.970821 0.021081 -0.238876 -0.142484 -0.851936 0.503888 -1.82891 1.93305 0.83368</i>
                        <i>-0.202557 0.510236 0.835841 -0.970203 0.0113221 -0.24203 -0.132956 -0.85996 0.492739 -1.8312 1.89004 0.835457</i>
                        <i>-0.20931 0.494814 0.843415 -0.969957 0.00430399 -0.243239 -0.123988 -0.868988 0.479048 -1.83283 1.90265 0.837993</i>
                        <i>-0.207591 0.480301 0.852183 -0.971071 0.00391781 -0.23876 -0.118015 -0.877095 0.465593 -1.83471 1.9308 0.840817</i>
                        <i>-0.198805 0.469748 0.860124 -0.973184 0.00899694 -0.22985 -0.11571 -0.882755 0.455362 -1.8369 1.94525 0.843464</i>
                        <i>-0.192546 0.464946 0.864148 -0.974508 0.0127375 -0.223989 -0.11515 -0.885247 0.450641 -1.83831 1.92015 0.845461</i>
                        <i>-0.189859 0.471841 0.860999 -0.974639 0.0152319 -0.223265 -0.11846 -0.881552 0.456983 -1.83865 1.89752 0.846086</i>
                        <i>-0.184998 0.48844 0.852762 -0.974595 0.0202974 -0.223055 -0.126258 -0.872362 0.472276 -1.83807 1.91801 0.845788</i>
                        <i>-0.177592 0.503261 0.845689 -0.974758 0.0282006 -0.221477 -0.13531 -0.863674 0.485549 -1.83593 1.95232 0.845102</i>
                        <i>-0.165748 0.512198 0.842722 -0.97523 0.0417891 -0.217209 -0.146471 -0.85785 0.492585 -1.83227 1.96823 0.843721</i>
                        <i>-0.146967 0.51968 0.841625 -0.975878 0.0626945 -0.209123 -0.161442 -0.852058 0.49793 -1.82829 1.91923 0.841765</i>
                        <i>-0.124771 0.526412 0.841025 -0.976023 0.087253 -0.199412 -0.178355 -0.845741 0.502903 -1.82437 1.87164 0.839684</i>
                        <i>-0.103515 0.533008 0.839754 -0.975401 0.110806 -0.190566 -0.194623 -0.838823 0.508426 -1.82068 1.8931 0.837798</i>
                    </KeyFrames>
                </p>
            </i>
            <i>
                <p>
                    <Name><![CDATA[head]]></Name>
                    <Exclude>0</Exclude>
                    <Additive>0</Additive>
                    <IKPriority>0</IKPriority>
                    <IKRotLimits>-1e+010 -1e+010 -1e+010 1e+010 1e+010 1e+010</IKRotLimits>
                    <IKRotLimitOrder>0</IKRotLimitOrder>
                    <KeyFrames count="31">
                        <i>-0.223676 0.477227 0.849838 0.495039 0.806716 -0.322718 -0.839586 0.348518 -0.416689 -1.84754 2.05051 1.04161</i>
                        <i>-0.177521 0.535476 0.825683 0.50319 0.770429 -0.391457 -0.845746 0.345983 -0.406213 -1.84556 2.08296 1.04449</i>
                        <i>-0.131466 0.590381 0.796346 0.506333 0.730619 -0.458065 -0.852258 0.342997 -0.394981 -1.84367 2.09855 1.04758</i>
                        <i>-0.110753 0.601427 0.791214 0.502089 0.720907 -0.477703 -0.857695 0.344353 -0.381813 -1.84147 2.07035 1.05188</i>
                        <i>-0.127577 0.545096 0.82861 0.491648 0.760328 -0.42448 -0.861398 0.35323 -0.364996 -1.83811 2.04354 1.05872</i>
                        <i>-0.163873 0.446158 0.879823 0.476527 0.816722 -0.325404 -0.863752 0.365935 -0.346445 -1.83403 2.0584 1.06696</i>
                        <i>-0.199465 0.345898 0.916825 0.460523 0.858953 -0.223872 -0.864946 0.377564 -0.330625 -1.83067 2.0877 1.07356</i>
                        <i>-0.216157 0.294479 0.930891 0.451974 0.875303 -0.171944 -0.865445 0.383572 -0.3223 -1.82949 2.10228 1.07527</i>
                        <i>-0.192346 0.350834 0.916471 0.462444 0.856116 -0.230673 -0.865534 0.379448 -0.326911 -1.83283 2.06255 1.06667</i>
                        <i>-0.14529 0.466074 0.872735 0.48103 0.804098 -0.349339 -0.864582 0.369056 -0.341022 -1.83914 2.03234 1.05257</i>
                        <i>-0.118867 0.539126 0.833795 0.49301 0.760965 -0.421751 -0.861865 0.360938 -0.356248 -1.84355 2.06616 1.04248</i>
                        <i>-0.127644 0.548601 0.826283 0.49896 0.755518 -0.424538 -0.857174 0.358092 -0.370167 -1.84419 2.10955 1.03791</i>
                        <i>-0.149986 0.537614 0.829744 0.502738 0.764111 -0.404213 -0.851327 0.356518 -0.384885 -1.84358 2.13034 1.03557</i>
                        <i>-0.178554 0.516531 0.837445 0.503221 0.779325 -0.37339 -0.84551 0.35475 -0.399081 -1.8431 2.06568 1.03552</i>
                        <i>-0.205346 0.495933 0.843732 0.500756 0.79395 -0.344799 -0.840879 0.3517 -0.411376 -1.84381 2.00176 1.03683</i>
                        <i>-0.222151 0.487082 0.84463 0.497534 0.801633 -0.331427 -0.838516 0.346606 -0.420424 -1.84642 2.03082 1.03773</i>
                        <i>-0.216496 0.508565 0.833361 0.496209 0.792447 -0.354688 -0.840777 0.336733 -0.423916 -1.85348 2.08816 1.03643</i>
                        <i>-0.199738 0.544766 0.814454 0.494232 0.773733 -0.396323 -0.846073 0.323368 -0.423785 -1.86407 2.12446 1.03525</i>
                        <i>-0.197709 0.557421 0.806345 0.487859 0.769427 -0.412281 -0.850238 0.311871 -0.424066 -1.87298 2.08753 1.03665</i>
                        <i>-0.217439 0.534009 0.81704 0.475011 0.789151 -0.389366 -0.852693 0.30344 -0.425252 -1.87848 2.04129 1.04017</i>
                        <i>-0.244804 0.493811 0.834399 0.457133 0.817714 -0.349818 -0.855044 0.295795 -0.425917 -1.88291 2.05006 1.0448</i>
                        <i>-0.272085 0.448158 0.851542 0.437257 0.845872 -0.305461 -0.857191 0.289232 -0.42611 -1.88622 2.07461 1.04984</i>
                        <i>-0.292897 0.410017 0.863769 0.42025 0.866655 -0.268883 -0.858837 0.284244 -0.426151 -1.8884 2.08646 1.05434</i>
                        <i>-0.302037 0.393461 0.86831 0.412195 0.875204 -0.253206 -0.859575 0.281435 -0.426527 -1.88944 2.06029 1.05705</i>
                        <i>-0.285982 0.429935 0.85637 0.425565 0.85771 -0.288492 -0.85855 0.281938 -0.428255 -1.88846 2.03984 1.05573</i>
                        <i>-0.250099 0.498855 0.829816 0.451871 0.818128 -0.355638 -0.856308 0.286025 -0.430031 -1.88505 2.06507 1.0518</i>
                        <i>-0.221812 0.541116 0.811168 0.470589 0.788004 -0.396983 -0.854017 0.293671 -0.429432 -1.87966 2.1034 1.04847</i>
                        <i>-0.2136 0.540796 0.813582 0.478932 0.783825 -0.395276 -0.851469 0.305219 -0.426429 -1.87252 2.12141 1.04635</i>
                        <i>-0.213948 0.523521 0.824713 0.484688 0.789899 -0.375683 -0.848118 0.319352 -0.422741 -1.86422 2.07395 1.04453</i>
                        <i>-0.218872 0.499006 0.838503 0.48962 0.799487 -0.347983 -0.844019 0.334384 -0.419309 -1.85565 2.02767 1.04302</i>
                        <i>-0.223676 0.477227 0.849838 0.495039 0.806716 -0.322718 -0.839586 0.348518 -0.416689 -1.84754 2.05051 1.04161</i>
                    </KeyFrames>
                </p>
            </i>
            <i>
                <p>
                    <Name><![CDATA[head_prop]]></Name>
                    <Exclude>0</Exclude>
                    <Additive>0</Additive>
                    <IKPriority>0</IKPriority>
                    <IKRotLimits>-1e+010 -1e+010 -1e+010 1e+010 1e+010 1e+010</IKRotLimits>
                    <IKRotLimitOrder>0</IKRotLimitOrder>
                    <KeyFrames count="31">
                        <i>0.839586 -0.348518 0.416689 -0.223676 0.477227 0.849838 -0.495039 -0.806716 0.322718 -1.92044 2.20604 1.31858</i>
                        <i>0.845746 -0.345983 0.406213 -0.177521 0.535476 0.825683 -0.50319 -0.770429 0.391457 -1.90342 2.25748 1.31359</i>
                        <i>0.852258 -0.342997 0.394981 -0.131466 0.590381 0.796346 -0.506333 -0.730619 0.458065 -1.88652 2.29096 1.30712</i>
                        <i>0.857695 -0.344353 0.381813 -0.110753 0.601427 0.791214 -0.502089 -0.720907 0.477703 -1.87757 2.26636 1.30974</i>
                        <i>0.861398 -0.35323 0.364996 -0.127577 0.545096 0.82861 -0.491648 -0.760328 0.42448 -1.87968 2.22119 1.32877</i>
                        <i>0.863752 -0.365935 0.346445 -0.163873 0.446158 0.879823 -0.476527 -0.816722 0.325404 -1.88743 2.20381 1.3537</i>
                        <i>0.864946 -0.377564 0.330625 -0.199465 0.345898 0.916825 -0.460523 -0.858953 0.223872 -1.89568 2.20043 1.37236</i>
                        <i>0.865445 -0.383572 0.3223 -0.216157 0.294479 0.930891 -0.451974 -0.875303 0.171944 -1.89994 2.19826 1.37865</i>
                        <i>0.865534 -0.379448 0.326911 -0.192346 0.350834 0.916471 -0.462444 -0.856116 0.230673 -1.89552 2.17689 1.36535</i>
                        <i>0.864582 -0.369056 0.341022 -0.14529 0.466074 0.872735 -0.48103 -0.804098 0.349339 -1.88649 2.18424 1.337</i>
                        <i>0.861865 -0.360938 0.356248 -0.118867 0.539126 0.833795 -0.49301 -0.760965 0.421751 -1.88229 2.24187 1.31422</i>
                        <i>0.857174 -0.358092 0.370167 -0.127644 0.548601 0.826283 -0.49896 -0.755518 0.424538 -1.88579 2.28835 1.3072</i>
                        <i>0.851327 -0.356518 0.384885 -0.149986 0.537614 0.829744 -0.502738 -0.764111 0.404213 -1.89246 2.30556 1.30599</i>
                        <i>0.84551 -0.35475 0.399081 -0.178554 0.516531 0.837445 -0.503221 -0.779325 0.37339 -1.9013 2.23402 1.30845</i>
                        <i>0.840879 -0.3517 0.411376 -0.205346 0.495933 0.843732 -0.500756 -0.79395 0.344799 -1.91073 2.16339 1.31181</i>
                        <i>0.838516 -0.346606 0.420424 -0.222151 0.487082 0.84463 -0.497534 -0.801633 0.331427 -1.91882 2.18957 1.313</i>
                        <i>0.840777 -0.336733 0.423916 -0.216496 0.508565 0.833361 -0.496209 -0.792447 0.354688 -1.92403 2.25391 1.30803</i>
                        <i>0.846073 -0.323368 0.423785 -0.199738 0.544766 0.814454 -0.494232 -0.773733 0.396323 -1.92917 2.30201 1.30068</i>
                        <i>0.850238 -0.311871 0.424066 -0.197709 0.557421 0.806345 -0.487859 -0.769427 0.412281 -1.93742 2.2692 1.29944</i>
                        <i>0.852693 -0.30344 0.425252 -0.217439 0.534009 0.81704 -0.475011 -0.789151 0.389366 -1.94935 2.21533 1.30645</i>
                        <i>0.855044 -0.295795 0.425917 -0.244804 0.493811 0.834399 -0.457133 -0.817714 0.349818 -1.96269 2.211 1.31673</i>
                        <i>0.857191 -0.289232 0.42611 -0.272085 0.448158 0.851542 -0.437257 -0.845872 0.305461 -1.97489 2.22066 1.32737</i>
                        <i>0.858837 -0.284244 0.426151 -0.292897 0.410017 0.863769 -0.42025 -0.866655 0.268883 -1.98385 2.22008 1.33585</i>
                        <i>0.859575 -0.281435 0.426527 -0.302037 0.393461 0.86831 -0.412195 -0.875204 0.253206 -1.98787 2.18853 1.34004</i>
                        <i>0.85855 -0.281938 0.428255 -0.285982 0.429935 0.85637 -0.425565 -0.85771 0.288492 -1.98166 2.17996 1.33483</i>
                        <i>0.856308 -0.286025 0.430031 -0.250099 0.498855 0.829816 -0.451871 -0.818128 0.355638 -1.96656 2.22766 1.32224</i>
                        <i>0.854017 -0.293671 0.429432 -0.221812 0.541116 0.811168 -0.470589 -0.788004 0.396983 -1.95195 2.27975 1.31284</i>
                        <i>0.851469 -0.305219 0.426429 -0.2136 0.540796 0.813582 -0.478932 -0.783825 0.395276 -1.94213 2.29766 1.3115</i>
                        <i>0.848118 -0.319352 0.422741 -0.213948 0.523521 0.824713 -0.484688 -0.789899 0.375683 -1.93395 2.24457 1.31331</i>
                        <i>0.844019 -0.334384 0.419309 -0.218872 0.499006 0.838503 -0.48962 -0.799487 0.347983 -1.92698 2.1903 1.31629</i>
                        <i>0.839586 -0.348518 0.416689 -0.223676 0.477227 0.849838 -0.495039 -0.806716 0.322718 -1.92044 2.20604 1.31858</i>
                    </KeyFrames>
                </p>
            </i>
            <i>
                <p>
                    <Name><![CDATA[l_clav]]></Name>
                    <Exclude>0</Exclude>
                    <Additive>0</Additive>
                    <IKPriority>0</IKPriority>
                    <IKRotLimits>-1e+010 -1e+010 -1e+010 1e+010 1e+010 1e+010</IKRotLimits>
                    <IKRotLimitOrder>0</IKRotLimitOrder>
                    <KeyFrames count="31">
                        <i>0.907368 0.257006 0.332613 -0.406073 0.74036 0.535698 -0.108576 -0.62114 0.776142 -1.74886 1.88763 0.934147</i>
                        <i>0.928383 0.228819 0.292824 -0.359248 0.75425 0.549589 -0.0951058 -0.615426 0.782436 -1.74913 1.91863 0.937208</i>
                        <i>0.960272 0.16438 0.225515 -0.267588 0.771751 0.576886 -0.0792126 -0.614313 0.785077 -1.74937 1.93293 0.940388</i>
                        <i>0.981838 0.0981399 0.162365 -0.177816 0.774404 0.607191 -0.0661462 -0.625034 0.77779 -1.7486 1.90521 0.942707</i>
                        <i>0.98863 0.0681752 0.134027 -0.138729 0.757399 0.638044 -0.0580134 -0.649383 0.758245 -1.74591 1.88163 0.94427</i>
                        <i>0.976287 0.118911 0.180897 -0.209456 0.730003 0.650556 -0.0546974 -0.67302 0.737599 -1.74214 1.90134 0.945703</i>
                        <i>0.940209 0.206601 0.270784 -0.335899 0.694067 0.636744 -0.05639 -0.689628 0.721964 -1.73888 1.93539 0.946326</i>
                        <i>0.914007 0.2499 0.319596 -0.401479 0.670469 0.623927 -0.0583599 -0.698585 0.713143 -1.73771 1.95262 0.944928</i>
                        <i>0.922847 0.23875 0.302245 -0.3809 0.682176 0.62414 -0.0571706 -0.691111 0.720484 -1.74109 1.91122 0.938223</i>
                        <i>0.941553 0.210252 0.263194 -0.332012 0.711332 0.619495 -0.0569682 -0.670672 0.739564 -1.74733 1.87669 0.929449</i>
                        <i>0.959745 0.169278 0.22413 -0.274305 0.736451 0.618382 -0.0603823 -0.654969 0.753239 -1.75132 1.90699 0.924283</i>
                        <i>0.971391 0.130037 0.19872 -0.227436 0.750233 0.620825 -0.0683562 -0.64826 0.758345 -1.75123 1.94842 0.922981</i>
                        <i>0.974239 0.112292 0.195573 -0.211102 0.759175 0.615702 -0.079336 -0.641127 0.763323 -1.74975 1.96759 0.923674</i>
                        <i>0.958222 0.154644 0.240614 -0.27078 0.761436 0.588976 -0.0921303 -0.629524 0.7715 -1.74814 1.90178 0.926274</i>
                        <i>0.921347 0.235269 0.309464 -0.374341 0.75161 0.543094 -0.104823 -0.616223 0.780565 -1.7474 1.83731 0.929707</i>
                        <i>0.894583 0.281948 0.346738 -0.432637 0.740837 0.513795 -0.112013 -0.609644 0.784721 -1.74825 1.86649 0.932037</i>
                        <i>0.898858 0.276201 0.340246 -0.424973 0.738943 0.52284 -0.107014 -0.614554 0.781582 -1.75268 1.92533 0.930886</i>
                        <i>0.914532 0.252241 0.316236 -0.393311 0.737179 0.54943 -0.0945335 -0.62685 0.773383 -1.75981 1.96444 0.928772</i>
                        <i>0.932557 0.219614 0.286545 -0.351303 0.73495 0.58003 -0.0832134 -0.641575 0.762533 -1.76532 1.93057 0.929002</i>
                        <i>0.945362 0.192402 0.263194 -0.317235 0.729033 0.606525 -0.0751806 -0.65688 0.750237 -1.76765 1.88749 0.931198</i>
                        <i>0.947687 0.187901 0.258036 -0.31188 0.717214 0.623166 -0.0679729 -0.671042 0.738297 -1.76892 1.89975 0.934226</i>
                        <i>0.923982 0.23704 0.300115 -0.377051 0.695863 0.611234 -0.0639514 -0.677928 0.732341 -1.76948 1.92755 0.937758</i>
                        <i>0.875599 0.313788 0.367237 -0.478762 0.664708 0.573542 -0.0641345 -0.678012 0.732247 -1.76971 1.9418 0.941198</i>
                        <i>0.845436 0.353214 0.400596 -0.530088 0.646457 0.548726 -0.0651506 -0.676264 0.733773 -1.76992 1.91651 0.943661</i>
                        <i>0.865845 0.330723 0.375413 -0.495881 0.666937 0.556146 -0.066446 -0.667696 0.741463 -1.77035 1.89355 0.944095</i>
                        <i>0.906624 0.274264 0.320644 -0.416162 0.706571 0.572334 -0.069587 -0.652331 0.754733 -1.77035 1.91379 0.943308</i>
                        <i>0.940796 0.209566 0.26643 -0.331006 0.737372 0.588828 -0.0730596 -0.642157 0.763084 -1.76862 1.94789 0.942154</i>
                        <i>0.95642 0.16848 0.238484 -0.281351 0.75023 0.598328 -0.0781113 -0.639351 0.764937 -1.76467 1.96346 0.940353</i>
                        <i>0.947244 0.186402 0.260736 -0.308508 0.750821 0.584029 -0.0869015 -0.633657 0.768718 -1.75956 1.91413 0.938145</i>
                        <i>0.921388 0.236416 0.308468 -0.375988 0.743142 0.553511 -0.0983765 -0.625978 0.773611 -1.75406 1.8663 0.936004</i>
                        <i>0.907368 0.257006 0.332613 -0.406073 0.74036 0.535698 -0.108576 -0.62114 0.776142 -1.74886 1.88763 0.934147</i>
                    </KeyFrames>
                </p>
            </i>
            <i>
                <p>
                    <Name><![CDATA[l_shoulder]]></Name>
                    <Exclude>0</Exclude>
                    <Additive>0</Additive>
                    <IKPriority>0</IKPriority>
                    <IKRotLimits>-1e+010 -1e+010 -1e+010 1e+010 1e+010 1e+010</IKRotLimits>
                    <IKRotLimitOrder>0</IKRotLimitOrder>
                    <KeyFrames count="31">
                        <i>0.316331 -0.363564 0.876217 0.379319 0.895071 0.234446 -0.869512 0.258203 0.421046 -1.56959 1.93841 0.999864</i>
                        <i>0.333301 -0.0717743 0.940085 0.407813 0.909971 -0.075112 -0.850058 0.408414 0.332564 -1.5657 1.96384 0.995063</i>
                        <i>0.363794 0.0151628 0.931356 0.3619 0.919017 -0.156322 -0.858302 0.393927 0.328845 -1.55964 1.96541 0.984945</i>
                        <i>0.388396 0.0573457 0.919707 0.312924 0.930545 -0.190171 -0.866734 0.36166 0.343475 -1.55461 1.9246 0.974787</i>
                        <i>0.401386 0.0215927 0.915654 0.283547 0.94768 -0.146643 -0.870913 0.318491 0.374263 -1.55057 1.8951 0.970751</i>
                        <i>0.394761 -0.141719 0.907788 0.311477 0.950166 0.0128861 -0.864376 0.277668 0.419231 -1.54924 1.92483 0.981444</i>
                        <i>0.38014 -0.364859 0.849924 0.368843 0.90248 0.22245 -0.848203 0.228926 0.477645 -1.55312 1.97621 0.999827</i>
                        <i>0.376672 -0.473679 0.796082 0.394648 0.859545 0.324709 -0.838076 0.191863 0.510703 -1.55712 2.00199 1.00807</i>
                        <i>0.36598 -0.23199 0.901243 0.423861 0.903704 0.0605001 -0.828493 0.35986 0.429069 -1.55876 1.95839 0.99794</i>
                        <i>0.374818 -0.149713 0.91493 0.392352 0.919758 -0.0102316 -0.839983 0.36281 0.403482 -1.5613 1.91823 0.98145</i>
                        <i>0.382292 -0.0776243 0.920776 0.350761 0.934073 -0.0668852 -0.85488 0.348542 0.384316 -1.56169 1.94043 0.968566</i>
                        <i>0.38392 -0.0394376 0.922524 0.313115 0.945452 -0.0898889 -0.868657 0.323366 0.375327 -1.55931 1.97411 0.962244</i>
                        <i>0.377332 -0.0439283 0.925035 0.293866 0.95293 -0.0746183 -0.878216 0.299992 0.37248 -1.55726 1.98978 0.962315</i>
                        <i>0.355081 -0.147069 0.923195 0.321179 0.946626 0.027269 -0.87793 0.286828 0.383364 -1.55882 1.93234 0.973815</i>
                        <i>0.329457 -0.304194 0.893826 0.36726 0.913413 0.17549 -0.869815 0.27045 0.412649 -1.56536 1.88379 0.99085</i>
                        <i>0.319438 -0.378353 0.868797 0.38315 0.890115 0.246761 -0.866692 0.254054 0.429303 -1.5715 1.9222 1.00054</i>
                        <i>0.310415 -0.127903 0.941957 0.419674 0.90755 -0.0150692 -0.852946 0.399992 0.335395 -1.57509 1.9799 0.998112</i>
                        <i>0.317829 -0.0779671 0.944937 0.371742 0.927066 -0.0485426 -0.872234 0.366701 0.323632 -1.57912 2.01428 0.991254</i>
                        <i>0.324102 -0.0361241 0.945332 0.312382 0.947307 -0.070899 -0.892959 0.318283 0.318309 -1.58107 1.97396 0.985617</i>
                        <i>0.326509 -0.018365 0.945016 0.25585 0.964204 -0.0696599 -0.909908 0.264527 0.31952 -1.58087 1.9255 0.983199</i>
                        <i>0.325814 -0.0419938 0.944501 0.214327 0.976285 -0.0305273 -0.92082 0.212378 0.327088 -1.58167 1.93687 0.985209</i>
                        <i>0.322776 -0.161339 0.932623 0.219353 0.971288 0.0921106 -0.920706 0.174842 0.348899 -1.58692 1.97439 0.997054</i>
                        <i>0.326589 -0.328242 0.886339 0.253233 0.933863 0.252533 -0.910611 0.141976 0.388111 -1.59671 2.0038 1.01376</i>
                        <i>0.334196 -0.405155 0.850977 0.270935 0.906078 0.324987 -0.902722 0.12195 0.412579 -1.60288 1.9863 1.02281</i>
                        <i>0.315114 -0.117216 0.941788 0.335617 0.941986 0.00494658 -0.88773 0.314521 0.336172 -1.59928 1.95889 1.01827</i>
                        <i>0.324981 -0.0269662 0.945336 0.313377 0.94619 -0.08074 -0.89229 0.322485 0.315945 -1.59122 1.96797 1.00666</i>
                        <i>0.338265 0.038155 0.940277 0.283749 0.948539 -0.140569 -0.897254 0.314352 0.310031 -1.58274 1.9893 0.994795</i>
                        <i>0.346285 0.0369228 0.937402 0.2683 0.953591 -0.136673 -0.898945 0.298833 0.320308 -1.5757 1.99675 0.987472</i>
                        <i>0.343178 -0.0662341 0.936932 0.2922 0.955542 -0.0394769 -0.892664 0.28732 0.347274 -1.5724 1.95096 0.989661</i>
                        <i>0.33125 -0.23411 0.914038 0.339374 0.93346 0.116094 -0.880397 0.271744 0.388659 -1.57201 1.91301 0.99695</i>
                        <i>0.316331 -0.363564 0.876217 0.379319 0.895071 0.234446 -0.869512 0.258203 0.421046 -1.56959 1.93841 0.999864</i>
                    </KeyFrames>
                </p>
            </i>
            <i>
                <p>
                    <Name><![CDATA[l_elbow]]></Name>
                    <Exclude>0</Exclude>
                    <Additive>0</Additive>
                    <IKPriority>0</IKPriority>
                    <IKRotLimits>-1e+010 -1e+010 -1e+010 1e+010 1e+010 1e+010</IKRotLimits>
