<?xml version="1.0" encoding="ISO-8859-1" ?>
<Animl Version="1">
    <ModellingPackage><![CDATA[Maya.2010]]></ModellingPackage>
    <SrcFile><![CDATA[anims\turrets\machinegun\red\~src\mgun_pkp\mgun_pkp_aim_down_crewman_a.mb]]></SrcFile>
    <FramesPerSecond>30</FramesPerSecond>
    <TotalFrames>97</TotalFrames>
    <Skeleton>
        <RefFrame>
            <Name><![CDATA[soldier_ref_frame]]></Name>
            <Exclude>0</Exclude>
            <Additive>0</Additive>
            <IKPriority>0</IKPriority>
            <IKRotLimits>-1e+010 -1e+010 -1e+010 1e+010 1e+010 1e+010</IKRotLimits>
            <IKRotLimitOrder>0</IKRotLimitOrder>
            <KeyFrames count="97">
                <i>1 0 0 0 1 0 0 0 1 -0.171938 0.895124 -2.30126</i>
                <i>1 0 0 0 1 0 0 0 1 -0.171938 0.895124 -2.30126</i>
                <i>1 0 0 0 1 0 0 0 1 -0.171938 0.895124 -2.30126</i>
                <i>1 0 0 0 1 0 0 0 1 -0.171938 0.895124 -2.30126</i>
                <i>1 0 0 0 1 0 0 0 1 -0.171938 0.895124 -2.30126</i>
                <i>1 0 0 0 1 0 0 0 1 -0.171938 0.895124 -2.30126</i>
                <i>1 0 0 0 1 0 0 0 1 -0.171938 0.895124 -2.30126</i>
                <i>1 0 0 0 1 0 0 0 1 -0.171938 0.895124 -2.30126</i>
                <i>1 0 0 0 1 0 0 0 1 -0.171938 0.895124 -2.30126</i>
                <i>1 0 0 0 1 0 0 0 1 -0.171938 0.895124 -2.30126</i>
                <i>1 0 0 0 1 0 0 0 1 -0.171938 0.895124 -2.30126</i>
                <i>1 0 0 0 1 0 0 0 1 -0.171938 0.895124 -2.30126</i>
                <i>1 0 0 0 1 0 0 0 1 -0.171938 0.895124 -2.30126</i>
                <i>1 0 0 0 1 0 0 0 1 -0.171938 0.895124 -2.30126</i>
                <i>1 0 0 0 1 0 0 0 1 -0.171938 0.895124 -2.30126</i>
                <i>1 0 0 0 1 0 0 0 1 -0.171938 0.895124 -2.30126</i>
                <i>1 0 0 0 1 0 0 0 1 -0.171938 0.895124 -2.30126</i>
                <i>1 0 0 0 1 0 0 0 1 -0.171938 0.895124 -2.30126</i>
                <i>1 0 0 0 1 0 0 0 1 -0.171938 0.895124 -2.30126</i>
                <i>1 0 0 0 1 0 0 0 1 -0.171938 0.895124 -2.30126</i>
                <i>1 0 0 0 1 0 0 0 1 -0.171938 0.895124 -2.30126</i>
                <i>1 0 0 0 1 0 0 0 1 -0.171938 0.895124 -2.30126</i>
                <i>1 0 0 0 1 0 0 0 1 -0.171938 0.895124 -2.30126</i>
                <i>1 0 0 0 1 0 0 0 1 -0.171938 0.895124 -2.30126</i>
                <i>1 0 0 0 1 0 0 0 1 -0.171938 0.895124 -2.30126</i>
                <i>1 0 0 0 1 0 0 0 1 -0.171938 0.895124 -2.30126</i>
                <i>1 0 0 0 1 0 0 0 1 -0.171938 0.895124 -2.30126</i>
                <i>1 0 0 0 1 0 0 0 1 -0.171938 0.895124 -2.30126</i>
                <i>1 0 0 0 1 0 0 0 1 -0.171938 0.895124 -2.30126</i>
                <i>1 0 0 0 1 0 0 0 1 -0.171938 0.895124 -2.30126</i>
                <i>1 0 0 0 1 0 0 0 1 -0.171938 0.895124 -2.30126</i>
                <i>1 0 0 0 1 0 0 0 1 -0.171938 0.895124 -2.30126</i>
                <i>1 0 0 0 1 0 0 0 1 -0.171938 0.895124 -2.30126</i>
                <i>1 0 0 0 1 0 0 0 1 -0.171938 0.895124 -2.30126</i>
                <i>1 0 0 0 1 0 0 0 1 -0.171938 0.895124 -2.30126</i>
                <i>1 0 0 0 1 0 0 0 1 -0.171938 0.895124 -2.30126</i>
                <i>1 0 0 0 1 0 0 0 1 -0.171938 0.895124 -2.30126</i>
                <i>1 0 0 0 1 0 0 0 1 -0.171938 0.895124 -2.30126</i>
                <i>1 0 0 0 1 0 0 0 1 -0.171938 0.895124 -2.30126</i>
                <i>1 0 0 0 1 0 0 0 1 -0.171938 0.895124 -2.30126</i>
                <i>1 0 0 0 1 0 0 0 1 -0.171938 0.895124 -2.30126</i>
                <i>1 0 0 0 1 0 0 0 1 -0.171938 0.895124 -2.30126</i>
                <i>1 0 0 0 1 0 0 0 1 -0.171938 0.895124 -2.30126</i>
                <i>1 0 0 0 1 0 0 0 1 -0.171938 0.895124 -2.30126</i>
                <i>1 0 0 0 1 0 0 0 1 -0.171938 0.895124 -2.30126</i>
                <i>1 0 0 0 1 0 0 0 1 -0.171938 0.895124 -2.30126</i>
                <i>1 0 0 0 1 0 0 0 1 -0.171938 0.895124 -2.30126</i>
                <i>1 0 0 0 1 0 0 0 1 -0.171938 0.895124 -2.30126</i>
                <i>1 0 0 0 1 0 0 0 1 -0.171938 0.895124 -2.30126</i>
                <i>1 0 0 0 1 0 0 0 1 -0.171938 0.895124 -2.30126</i>
                <i>1 0 0 0 1 0 0 0 1 -0.171938 0.895124 -2.30126</i>
                <i>1 0 0 0 1 0 0 0 1 -0.171938 0.895124 -2.30126</i>
                <i>1 0 0 0 1 0 0 0 1 -0.171938 0.895124 -2.30126</i>
                <i>1 0 0 0 1 0 0 0 1 -0.171938 0.895124 -2.30126</i>
                <i>1 0 0 0 1 0 0 0 1 -0.171938 0.895124 -2.30126</i>
                <i>1 0 0 0 1 0 0 0 1 -0.171938 0.895124 -2.30126</i>
                <i>1 0 0 0 1 0 0 0 1 -0.171938 0.895124 -2.30126</i>
                <i>1 0 0 0 1 0 0 0 1 -0.171938 0.895124 -2.30126</i>
                <i>1 0 0 0 1 0 0 0 1 -0.171938 0.895124 -2.30126</i>
                <i>1 0 0 0 1 0 0 0 1 -0.171938 0.895124 -2.30126</i>
                <i>1 0 0 0 1 0 0 0 1 -0.171938 0.895124 -2.30126</i>
                <i>1 0 0 0 1 0 0 0 1 -0.171938 0.895124 -2.30126</i>
                <i>1 0 0 0 1 0 0 0 1 -0.171938 0.895124 -2.30126</i>
                <i>1 0 0 0 1 0 0 0 1 -0.171938 0.895124 -2.30126</i>
                <i>1 0 0 0 1 0 0 0 1 -0.171938 0.895124 -2.30126</i>
                <i>1 0 0 0 1 0 0 0 1 -0.171938 0.895124 -2.30126</i>
                <i>1 0 0 0 1 0 0 0 1 -0.171938 0.895124 -2.30126</i>
                <i>1 0 0 0 1 0 0 0 1 -0.171938 0.895124 -2.30126</i>
                <i>1 0 0 0 1 0 0 0 1 -0.171938 0.895124 -2.30126</i>
                <i>1 0 0 0 1 0 0 0 1 -0.171938 0.895124 -2.30126</i>
                <i>1 0 0 0 1 0 0 0 1 -0.171938 0.895124 -2.30126</i>
                <i>1 0 0 0 1 0 0 0 1 -0.171938 0.895124 -2.30126</i>
                <i>1 0 0 0 1 0 0 0 1 -0.171938 0.895124 -2.30126</i>
                <i>1 0 0 0 1 0 0 0 1 -0.171938 0.895124 -2.30126</i>
                <i>1 0 0 0 1 0 0 0 1 -0.171938 0.895124 -2.30126</i>
                <i>1 0 0 0 1 0 0 0 1 -0.171938 0.895124 -2.30126</i>
                <i>1 0 0 0 1 0 0 0 1 -0.171938 0.895124 -2.30126</i>
                <i>1 0 0 0 1 0 0 0 1 -0.171938 0.895124 -2.30126</i>
                <i>1 0 0 0 1 0 0 0 1 -0.171938 0.895124 -2.30126</i>
                <i>1 0 0 0 1 0 0 0 1 -0.171938 0.895124 -2.30126</i>
                <i>1 0 0 0 1 0 0 0 1 -0.171938 0.895124 -2.30126</i>
                <i>1 0 0 0 1 0 0 0 1 -0.171938 0.895124 -2.30126</i>
                <i>1 0 0 0 1 0 0 0 1 -0.171938 0.895124 -2.30126</i>
                <i>1 0 0 0 1 0 0 0 1 -0.171938 0.895124 -2.30126</i>
                <i>1 0 0 0 1 0 0 0 1 -0.171938 0.895124 -2.30126</i>
                <i>1 0 0 0 1 0 0 0 1 -0.171938 0.895124 -2.30126</i>
                <i>1 0 0 0 1 0 0 0 1 -0.171938 0.895124 -2.30126</i>
                <i>1 0 0 0 1 0 0 0 1 -0.171938 0.895124 -2.30126</i>
                <i>1 0 0 0 1 0 0 0 1 -0.171938 0.895124 -2.30126</i>
                <i>1 0 0 0 1 0 0 0 1 -0.171938 0.895124 -2.30126</i>
                <i>1 0 0 0 1 0 0 0 1 -0.171938 0.895124 -2.30126</i>
                <i>1 0 0 0 1 0 0 0 1 -0.171938 0.895124 -2.30126</i>
                <i>1 0 0 0 1 0 0 0 1 -0.171938 0.895124 -2.30126</i>
                <i>1 0 0 0 1 0 0 0 1 -0.171938 0.895124 -2.30126</i>
                <i>1 0 0 0 1 0 0 0 1 -0.171938 0.895124 -2.30126</i>
                <i>1 0 0 0 1 0 0 0 1 -0.171938 0.895124 -2.30126</i>
                <i>1 0 0 0 1 0 0 0 1 -0.171938 0.895124 -2.30126</i>
            </KeyFrames>
        </RefFrame>
        <Bones count="23">
            <i>
                <p>
                    <Name><![CDATA[pelvis]]></Name>
                    <Exclude>0</Exclude>
                    <Additive>0</Additive>
                    <IKPriority>0</IKPriority>
                    <IKRotLimits>-1e+010 -1e+010 -1e+010 1e+010 1e+010 1e+010</IKRotLimits>
                    <IKRotLimitOrder>2</IKRotLimitOrder>
                    <KeyFrames count="97">
                        <i>1 0 0 0 1 0 0 0 1 -0.171938 1.99369 -2.24043</i>
                        <i>1 0 0 0 1 0 0 0 1 -0.171938 1.99362 -2.24043</i>
                        <i>1 0 0 0 1 0 0 0 1 -0.171938 1.99338 -2.24043</i>
                        <i>1 0 0 0 1 0 0 0 1 -0.171938 1.993 -2.24043</i>
                        <i>1 0 0 0 1 0 0 0 1 -0.171938 1.99249 -2.24043</i>
                        <i>1 0 0 0 1 0 0 0 1 -0.171938 1.99183 -2.24043</i>
                        <i>1 0 0 0 1 0 0 0 1 -0.171938 1.99106 -2.24043</i>
                        <i>1 0 0 0 1 0 0 0 1 -0.171938 1.99016 -2.24043</i>
                        <i>1 0 0 0 1 0 0 0 1 -0.171938 1.98914 -2.24043</i>
                        <i>1 0 0 0 1 0 0 0 1 -0.171938 1.98803 -2.24043</i>
                        <i>1 0 0 0 1 0 0 0 1 -0.171938 1.98681 -2.24043</i>
                        <i>1 0 0 0 1 0 0 0 1 -0.171938 1.98549 -2.24043</i>
                        <i>1 0 0 0 1 0 0 0 1 -0.171938 1.9841 -2.24043</i>
                        <i>1 0 0 0 1 0 0 0 1 -0.171938 1.98262 -2.24043</i>
                        <i>1 0 0 0 1 0 0 0 1 -0.171938 1.98107 -2.24043</i>
                        <i>1 0 0 0 1 0 0 0 1 -0.171938 1.97945 -2.24043</i>
                        <i>1 0 0 0 1 0 0 0 1 -0.171938 1.97777 -2.24043</i>
                        <i>1 0 0 0 1 0 0 0 1 -0.171938 1.97604 -2.24043</i>
                        <i>1 0 0 0 1 0 0 0 1 -0.171938 1.97426 -2.24043</i>
                        <i>1 0 0 0 1 0 0 0 1 -0.171938 1.97244 -2.24043</i>
                        <i>1 0 0 0 1 0 0 0 1 -0.171938 1.97059 -2.24043</i>
                        <i>1 0 0 0 1 0 0 0 1 -0.171938 1.96871 -2.24043</i>
                        <i>1 0 0 0 1 0 0 0 1 -0.171938 1.96681 -2.24043</i>
                        <i>1 0 0 0 1 0 0 0 1 -0.171938 1.9649 -2.24043</i>
                        <i>1 0 0 0 1 0 0 0 1 -0.171938 1.96298 -2.24043</i>
                        <i>1 0 0 0 1 0 0 0 1 -0.171938 1.96106 -2.24043</i>
                        <i>1 0 0 0 1 0 0 0 1 -0.171938 1.95915 -2.24043</i>
                        <i>1 0 0 0 1 0 0 0 1 -0.171938 1.95725 -2.24043</i>
                        <i>1 0 0 0 1 0 0 0 1 -0.171938 1.95537 -2.24043</i>
                        <i>1 0 0 0 1 0 0 0 1 -0.171938 1.95352 -2.24043</i>
                        <i>1 0 0 0 1 0 0 0 1 -0.171938 1.9517 -2.24043</i>
                        <i>1 0 0 0 1 0 0 0 1 -0.171938 1.94992 -2.24043</i>
                        <i>1 0 0 0 1 0 0 0 1 -0.171938 1.94819 -2.24043</i>
                        <i>1 0 0 0 1 0 0 0 1 -0.171938 1.94651 -2.24043</i>
                        <i>1 0 0 0 1 0 0 0 1 -0.171938 1.94489 -2.24043</i>
                        <i>1 0 0 0 1 0 0 0 1 -0.171938 1.94334 -2.24043</i>
                        <i>1 0 0 0 1 0 0 0 1 -0.171938 1.94186 -2.24043</i>
                        <i>1 0 0 0 1 0 0 0 1 -0.171938 1.94046 -2.24043</i>
                        <i>1 0 0 0 1 0 0 0 1 -0.171938 1.93915 -2.24043</i>
                        <i>1 0 0 0 1 0 0 0 1 -0.171938 1.93793 -2.24043</i>
                        <i>1 0 0 0 1 0 0 0 1 -0.171938 1.93681 -2.24043</i>
                        <i>1 0 0 0 1 0 0 0 1 -0.171938 1.9358 -2.24043</i>
                        <i>1 0 0 0 1 0 0 0 1 -0.171938 1.9349 -2.24043</i>
                        <i>1 0 0 0 1 0 0 0 1 -0.171938 1.93412 -2.24043</i>
                        <i>1 0 0 0 1 0 0 0 1 -0.171938 1.93347 -2.24043</i>
                        <i>1 0 0 0 1 0 0 0 1 -0.171938 1.93295 -2.24043</i>
                        <i>1 0 0 0 1 0 0 0 1 -0.171938 1.93257 -2.24043</i>
                        <i>1 0 0 0 1 0 0 0 1 -0.171938 1.93234 -2.24043</i>
                        <i>1 0 0 0 1 0 0 0 1 -0.171938 1.93226 -2.24043</i>
                        <i>1 0 0 0 1 0 0 0 1 -0.171938 1.93234 -2.24043</i>
                        <i>1 0 0 0 1 0 0 0 1 -0.171938 1.93257 -2.24043</i>
                        <i>1 0 0 0 1 0 0 0 1 -0.171938 1.93295 -2.24043</i>
                        <i>1 0 0 0 1 0 0 0 1 -0.171938 1.93347 -2.24043</i>
                        <i>1 0 0 0 1 0 0 0 1 -0.171938 1.93412 -2.24043</i>
                        <i>1 0 0 0 1 0 0 0 1 -0.171938 1.9349 -2.24043</i>
                        <i>1 0 0 0 1 0 0 0 1 -0.171938 1.9358 -2.24043</i>
                        <i>1 0 0 0 1 0 0 0 1 -0.171938 1.93681 -2.24043</i>
                        <i>1 0 0 0 1 0 0 0 1 -0.171938 1.93793 -2.24043</i>
                        <i>1 0 0 0 1 0 0 0 1 -0.171938 1.93915 -2.24043</i>
                        <i>1 0 0 0 1 0 0 0 1 -0.171938 1.94046 -2.24043</i>
                        <i>1 0 0 0 1 0 0 0 1 -0.171938 1.94186 -2.24043</i>
                        <i>1 0 0 0 1 0 0 0 1 -0.171938 1.94334 -2.24043</i>
                        <i>1 0 0 0 1 0 0 0 1 -0.171938 1.94489 -2.24043</i>
                        <i>1 0 0 0 1 0 0 0 1 -0.171938 1.94651 -2.24043</i>
                        <i>1 0 0 0 1 0 0 0 1 -0.171938 1.94819 -2.24043</i>
                        <i>1 0 0 0 1 0 0 0 1 -0.171938 1.94992 -2.24043</i>
                        <i>1 0 0 0 1 0 0 0 1 -0.171938 1.9517 -2.24043</i>
                        <i>1 0 0 0 1 0 0 0 1 -0.171938 1.95352 -2.24043</i>
                        <i>1 0 0 0 1 0 0 0 1 -0.171938 1.95537 -2.24043</i>
                        <i>1 0 0 0 1 0 0 0 1 -0.171938 1.95725 -2.24043</i>
                        <i>1 0 0 0 1 0 0 0 1 -0.171938 1.95915 -2.24043</i>
                        <i>1 0 0 0 1 0 0 0 1 -0.171938 1.96106 -2.24043</i>
                        <i>1 0 0 0 1 0 0 0 1 -0.171938 1.96298 -2.24043</i>
                        <i>1 0 0 0 1 0 0 0 1 -0.171938 1.9649 -2.24043</i>
                        <i>1 0 0 0 1 0 0 0 1 -0.171938 1.96681 -2.24043</i>
                        <i>1 0 0 0 1 0 0 0 1 -0.171938 1.96871 -2.24043</i>
                        <i>1 0 0 0 1 0 0 0 1 -0.171938 1.97059 -2.24043</i>
                        <i>1 0 0 0 1 0 0 0 1 -0.171938 1.97244 -2.24043</i>
                        <i>1 0 0 0 1 0 0 0 1 -0.171938 1.97426 -2.24043</i>
                        <i>1 0 0 0 1 0 0 0 1 -0.171938 1.97604 -2.24043</i>
                        <i>1 0 0 0 1 0 0 0 1 -0.171938 1.97777 -2.24043</i>
                        <i>1 0 0 0 1 0 0 0 1 -0.171938 1.97945 -2.24043</i>
                        <i>1 0 0 0 1 0 0 0 1 -0.171938 1.98107 -2.24043</i>
                        <i>1 0 0 0 1 0 0 0 1 -0.171938 1.98262 -2.24043</i>
                        <i>1 0 0 0 1 0 0 0 1 -0.171938 1.9841 -2.24043</i>
                        <i>1 0 0 0 1 0 0 0 1 -0.171938 1.98549 -2.24043</i>
                        <i>1 0 0 0 1 0 0 0 1 -0.171938 1.98681 -2.24043</i>
                        <i>1 0 0 0 1 0 0 0 1 -0.171938 1.98803 -2.24043</i>
                        <i>1 0 0 0 1 0 0 0 1 -0.171938 1.98914 -2.24043</i>
                        <i>1 0 0 0 1 0 0 0 1 -0.171938 1.99016 -2.24043</i>
                        <i>1 0 0 0 1 0 0 0 1 -0.171938 1.99106 -2.24043</i>
                        <i>1 0 0 0 1 0 0 0 1 -0.171938 1.99183 -2.24043</i>
                        <i>1 0 0 0 1 0 0 0 1 -0.171938 1.99249 -2.24043</i>
                        <i>1 0 0 0 1 0 0 0 1 -0.171938 1.993 -2.24043</i>
                        <i>1 0 0 0 1 0 0 0 1 -0.171938 1.99338 -2.24043</i>
                        <i>1 0 0 0 1 0 0 0 1 -0.171938 1.99362 -2.24043</i>
                        <i>1 0 0 0 1 0 0 0 1 -0.171938 1.99369 -2.24043</i>
                    </KeyFrames>
                </p>
            </i>
            <i>
                <p>
                    <Name><![CDATA[spine0]]></Name>
                    <Exclude>0</Exclude>
                    <Additive>0</Additive>
                    <IKPriority>0</IKPriority>
                    <IKRotLimits>-1e+010 -1e+010 -1e+010 1e+010 1e+010 1e+010</IKRotLimits>
                    <IKRotLimitOrder>0</IKRotLimitOrder>
                    <KeyFrames count="97">
                        <i>-0.0226253 0.999742 0.0021011 -0.981694 -0.0218191 -0.189213 -0.189119 -0.00634364 0.981934 -0.163278 2.12427 -2.3002</i>
                        <i>-0.0226493 0.999742 0.00168399 -0.981693 -0.0219217 -0.189204 -0.189118 -0.00593848 0.981936 -0.163278 2.12419 -2.3002</i>
                        <i>-0.0226777 0.999742 0.0011898 -0.981693 -0.0220432 -0.189192 -0.189117 -0.00545846 0.981939 -0.163278 2.12395 -2.3002</i>
                        <i>-0.0227102 0.999742 0.000627615 -0.981692 -0.0221814 -0.189179 -0.189116 -0.0049124 0.981942 -0.163278 2.12358 -2.3002</i>
                        <i>-0.022746 0.999741 6.53574e-006 -0.981691 -0.0223341 -0.189164 -0.189115 -0.00430913 0.981946 -0.163278 2.12306 -2.3002</i>
                        <i>-0.0227847 0.99974 -0.000664406 -0.981691 -0.022499 -0.189148 -0.189114 -0.00365744 0.981948 -0.163278 2.1224 -2.3002</i>
                        <i>-0.0228257 0.999739 -0.00137616 -0.98169 -0.022674 -0.189131 -0.189113 -0.0029661 0.981951 -0.163278 2.12163 -2.3002</i>
                        <i>-0.0228686 0.999736 -0.00211969 -0.981689 -0.0228568 -0.189114 -0.189112 -0.00224389 0.981953 -0.163278 2.12073 -2.3002</i>
                        <i>-0.0229128 0.999733 -0.00288602 -0.981688 -0.0230451 -0.189095 -0.189112 -0.00149953 0.981954 -0.163278 2.11972 -2.3002</i>
                        <i>-0.0229578 0.99973 -0.00366617 -0.981687 -0.0232368 -0.189077 -0.189111 -0.000741752 0.981955 -0.163278 2.1186 -2.3002</i>
                        <i>-0.023003 0.999725 -0.0044512 -0.981686 -0.0234297 -0.189058 -0.189111 2.07649e-005 0.981956 -0.163278 2.11738 -2.3002</i>
                        <i>-0.023048 0.999721 -0.0052322 -0.981685 -0.0236216 -0.18904 -0.189111 0.000779374 0.981955 -0.163278 2.11607 -2.3002</i>
                        <i>-0.0230923 0.999715 -0.00600031 -0.981684 -0.0238103 -0.189022 -0.189111 0.00152547 0.981955 -0.163278 2.11467 -2.3002</i>
                        <i>-0.0231352 0.99971 -0.00674663 -0.981683 -0.0239936 -0.189004 -0.189111 0.00225039 0.981953 -0.163278 2.11319 -2.3002</i>
                        <i>-0.0231764 0.999704 -0.00746238 -0.981682 -0.0241693 -0.188987 -0.189111 0.00294563 0.981951 -0.163278 2.11164 -2.3002</i>
                        <i>-0.0232153 0.999697 -0.00813873 -0.981681 -0.0243354 -0.188971 -0.189112 0.0036026 0.981949 -0.163278 2.11002 -2.3002</i>
                        <i>-0.0232515 0.999691 -0.00876689 -0.98168 -0.0244896 -0.188956 -0.189113 0.00421277 0.981946 -0.163278 2.10834 -2.3002</i>
                        <i>-0.0232843 0.999685 -0.00933808 -0.981679 -0.0246299 -0.188943 -0.189113 0.00476759 0.981944 -0.163278 2.10661 -2.3002</i>
                        <i>-0.0233134 0.99968 -0.00984354 -0.981678 -0.0247539 -0.188931 -0.189114 0.00525857 0.981941 -0.163278 2.10483 -2.3002</i>
                        <i>-0.0233382 0.999675 -0.0102746 -0.981678 -0.0248597 -0.18892 -0.189114 0.00567724 0.981939 -0.163278 2.10301 -2.3002</i>
                        <i>-0.0233581 0.999671 -0.0106223 -0.981677 -0.0249451 -0.188912 -0.189115 0.00601504 0.981937 -0.163278 2.10116 -2.3002</i>
                        <i>-0.0233728 0.999668 -0.0108781 -0.981677 -0.0250078 -0.188906 -0.189115 0.00626348 0.981935 -0.163278 2.09928 -2.3002</i>
                        <i>-0.0233817 0.999666 -0.011033 -0.981676 -0.0250458 -0.188902 -0.189116 0.006414 0.981934 -0.163278 2.09738 -2.3002</i>
                        <i>-0.0233844 0.999665 -0.0110784 -0.981676 -0.025057 -0.188901 -0.189116 0.0064581 0.981934 -0.163278 2.09547 -2.3002</i>
                        <i>-0.0233802 0.999666 -0.0110054 -0.981676 -0.0250391 -0.188903 -0.189116 0.00638714 0.981934 -0.163278 2.09355 -2.3002</i>
                        <i>-0.0233712 0.999668 -0.0108502 -0.981677 -0.025001 -0.188907 -0.189115 0.00623639 0.981935 -0.163278 2.09163 -2.3002</i>
                        <i>-0.0233601 0.99967 -0.0106562 -0.981677 -0.0249534 -0.188911 -0.189115 0.00604793 0.981936 -0.163278 2.08972 -2.3002</i>
                        <i>-0.0233468 0.999673 -0.0104249 -0.981677 -0.0248966 -0.188917 -0.189115 0.00582331 0.981938 -0.163278 2.08782 -2.3002</i>
                        <i>-0.0233315 0.999676 -0.0101581 -0.981678 -0.0248311 -0.188923 -0.189114 0.00556411 0.981939 -0.163278 2.08594 -2.3002</i>
                        <i>-0.0233142 0.99968 -0.00985727 -0.981678 -0.0247573 -0.18893 -0.189114 0.00527191 0.981941 -0.163278 2.08409 -2.3002</i>
                        <i>-0.0232951 0.999683 -0.00952409 -0.981679 -0.0246755 -0.188938 -0.189113 0.00494827 0.981943 -0.163278 2.08227 -2.3002</i>
                        <i>-0.0232741 0.999687 -0.00916016 -0.981679 -0.0245862 -0.188947 -0.189113 0.00459477 0.981945 -0.163278 2.08049 -2.3002</i>
                        <i>-0.0232515 0.999691 -0.00876711 -0.98168 -0.0244897 -0.188956 -0.189113 0.00421297 0.981946 -0.163278 2.07876 -2.3002</i>
                        <i>-0.0232274 0.999695 -0.00834654 -0.981681 -0.0243865 -0.188966 -0.189112 0.00380446 0.981948 -0.163278 2.07708 -2.3002</i>
                        <i>-0.0232017 0.9997 -0.00790006 -0.981681 -0.0242769 -0.188977 -0.189112 0.00337077 0.98195 -0.163278 2.07546 -2.3002</i>
                        <i>-0.0231746 0.999704 -0.00742929 -0.981682 -0.0241613 -0.188988 -0.189111 0.00291348 0.981951 -0.163278 2.07391 -2.3002</i>
                        <i>-0.0231462 0.999708 -0.00693584 -0.981683 -0.0240401 -0.189 -0.189111 0.00243417 0.981953 -0.163278 2.07243 -2.3002</i>
                        <i>-0.0231166 0.999712 -0.00642136 -0.981684 -0.0239138 -0.189012 -0.189111 0.00193443 0.981954 -0.163278 2.07103 -2.3002</i>
                        <i>-0.0230859 0.999716 -0.00588743 -0.981684 -0.0237826 -0.189024 -0.189111 0.0014158 0.981955 -0.163278 2.06972 -2.3002</i>
                        <i>-0.0230541 0.99972 -0.0053357 -0.981685 -0.0236471 -0.189038 -0.189111 0.000879891 0.981955 -0.163278 2.0685 -2.3002</i>
                        <i>-0.0230214 0.999724 -0.00476778 -0.981686 -0.0235076 -0.189051 -0.189111 0.000328247 0.981956 -0.163278 2.06739 -2.3002</i>
                        <i>-0.0229878 0.999727 -0.00418527 -0.981687 -0.0233645 -0.189065 -0.189111 -0.000237564 0.981956 -0.163278 2.06637 -2.3002</i>
                        <i>-0.0229535 0.99973 -0.00358986 -0.981687 -0.0232182 -0.189079 -0.189111 -0.000815901 0.981955 -0.163278 2.06547 -2.3002</i>
                        <i>-0.0229185 0.999733 -0.00298317 -0.981688 -0.0230691 -0.189093 -0.189112 -0.0014052 0.981955 -0.163278 2.0647 -2.3002</i>
                        <i>-0.022883 0.999735 -0.0023668 -0.981689 -0.0229176 -0.189108 -0.189112 -0.00200389 0.981954 -0.163278 2.06404 -2.3002</i>
                        <i>-0.022847 0.999737 -0.00174242 -0.98169 -0.0227642 -0.189123 -0.189113 -0.00261037 0.981952 -0.163278 2.06352 -2.3002</i>
                        <i>-0.0228106 0.999739 -0.00111169 -0.98169 -0.0226091 -0.189137 -0.189113 -0.00322301 0.98195 -0.163278 2.06315 -2.3002</i>
                        <i>-0.0227739 0.999741 -0.000476228 -0.981691 -0.0224528 -0.189152 -0.189114 -0.00384023 0.981948 -0.163278 2.06291 -2.3002</i>
                        <i>-0.022737 0.999741 0.000162303 -0.981692 -0.0222958 -0.189168 -0.189115 -0.00446044 0.981945 -0.163278 2.06283 -2.3002</i>
                        <i>-0.0227001 0.999742 0.000802211 -0.981692 -0.0221384 -0.189183 -0.189116 -0.00508199 0.981942 -0.163278 2.06291 -2.3002</i>
                        <i>-0.0226631 0.999742 0.00144187 -0.981693 -0.0219811 -0.189198 -0.189117 -0.00570329 0.981938 -0.163278 2.06315 -2.3002</i>
                        <i>-0.0226263 0.999742 0.0020796 -0.981694 -0.0218242 -0.189213 -0.189119 -0.00632272 0.981934 -0.163278 2.06352 -2.3002</i>
                        <i>-0.0225896 0.999741 0.00271371 -0.981694 -0.0216682 -0.189228 -0.18912 -0.00693862 0.981929 -0.163278 2.06404 -2.3002</i>
                        <i>-0.0225533 0.99974 0.00334256 -0.981695 -0.0215134 -0.189243 -0.189122 -0.00754941 0.981925 -0.163278 2.0647 -2.3002</i>
                        <i>-0.0225173 0.999739 0.00396444 -0.981695 -0.0213604 -0.189257 -0.189123 -0.00815343 0.98192 -0.163278 2.06547 -2.3002</i>
                        <i>-0.0224818 0.999737 0.00457766 -0.981696 -0.0212094 -0.189272 -0.189125 -0.00874904 0.981914 -0.163278 2.06637 -2.3002</i>
                        <i>-0.0224469 0.999735 0.00518054 -0.981696 -0.021061 -0.189286 -0.189127 -0.0093346 0.981908 -0.163278 2.06739 -2.3002</i>
                        <i>-0.0224127 0.999732 0.00577138 -0.981696 -0.0209155 -0.1893 -0.189129 -0.00990847 0.981902 -0.163278 2.0685 -2.3002</i>
                        <i>-0.0223793 0.999729 0.00634848 -0.981697 -0.0207734 -0.189314 -0.189131 -0.010469 0.981896 -0.163278 2.06972 -2.3002</i>
                        <i>-0.0223467 0.999726 0.00691015 -0.981697 -0.0206351 -0.189327 -0.189133 -0.0110145 0.98189 -0.163278 2.07103 -2.3002</i>
                        <i>-0.0223152 0.999723 0.00745467 -0.981698 -0.020501 -0.18934 -0.189135 -0.0115434 0.981883 -0.163278 2.07243 -2.3002</i>
                        <i>-0.0222847 0.99972 0.00798031 -0.981698 -0.0203715 -0.189352 -0.189137 -0.0120539 0.981877 -0.163278 2.07391 -2.3002</i>
                        <i>-0.0222554 0.999716 0.00848539 -0.981698 -0.020247 -0.189364 -0.189139 -0.0125445 0.98187 -0.163278 2.07546 -2.3002</i>
                        <i>-0.0222274 0.999713 0.00896819 -0.981698 -0.020128 -0.189376 -0.189141 -0.0130134 0.981864 -0.163278 2.07708 -2.3002</i>
                        <i>-0.0222008 0.999709 0.00942696 -0.981699 -0.020015 -0.189386 -0.189143 -0.013459 0.981857 -0.163278 2.07876 -2.3002</i>
                        <i>-0.0221757 0.999705 0.00986003 -0.981699 -0.0199082 -0.189397 -0.189144 -0.0138796 0.981851 -0.163278 2.08049 -2.3002</i>
                        <i>-0.0221521 0.999702 0.0102657 -0.981699 -0.0198083 -0.189406 -0.189146 -0.0142735 0.981845 -0.163278 2.08227 -2.3002</i>
                        <i>-0.0221303 0.999698 0.0106421 -0.981699 -0.0197155 -0.189415 -0.189148 -0.0146391 0.981839 -0.163278 2.08409 -2.3002</i>
                        <i>-0.0221102 0.999695 0.0109877 -0.981699 -0.0196303 -0.189423 -0.18915 -0.0149748 0.981834 -0.163278 2.08594 -2.3002</i>
                        <i>-0.022092 0.999692 0.0113006 -0.981699 -0.0195531 -0.189431 -0.189151 -0.0152787 0.981829 -0.163278 2.08782 -2.3002</i>
                        <i>-0.0220759 0.999689 0.0115792 -0.9817 -0.0194844 -0.189437 -0.189153 -0.0155493 0.981825 -0.163278 2.08972 -2.3002</i>
                        <i>-0.0220618 0.999687 0.0118218 -0.9817 -0.0194246 -0.189443 -0.189154 -0.0157849 0.981821 -0.163278 2.09163 -2.3002</i>
                        <i>-0.0220499 0.999685 0.0120266 -0.9817 -0.0193741 -0.189448 -0.189155 -0.0159838 0.981817 -0.163278 2.09355 -2.3002</i>
                        <i>-0.0220423 0.999683 0.0121569 -0.9817 -0.0193419 -0.189451 -0.189156 -0.0161104 0.981815 -0.163278 2.09547 -2.3002</i>
                        <i>-0.0220409 0.999683 0.0121824 -0.9817 -0.0193357 -0.189451 -0.189156 -0.0161351 0.981815 -0.163278 2.09738 -2.3002</i>
                        <i>-0.022045 0.999684 0.0121109 -0.9817 -0.0193533 -0.18945 -0.189155 -0.0160657 0.981816 -0.163278 2.09928 -2.3002</i>
                        <i>-0.0220544 0.999685 0.0119502 -0.9817 -0.019393 -0.189446 -0.189154 -0.0159096 0.981818 -0.163278 2.10116 -2.3002</i>
                        <i>-0.0220685 0.999688 0.0117082 -0.9817 -0.0194527 -0.18944 -0.189153 -0.0156746 0.981822 -0.163278 2.10301 -2.3002</i>
                        <i>-0.0220869 0.999691 0.0113927 -0.981699 -0.0195306 -0.189433 -0.189152 -0.0153682 0.981828 -0.163278 2.10483 -2.3002</i>
                        <i>-0.0221091 0.999695 0.0110116 -0.981699 -0.0196246 -0.189424 -0.18915 -0.0149981 0.981834 -0.163278 2.10661 -2.3002</i>
                        <i>-0.0221346 0.999699 0.0105729 -0.981699 -0.0197328 -0.189413 -0.189148 -0.014572 0.98184 -0.163278 2.10834 -2.3002</i>
                        <i>-0.022163 0.999704 0.0100844 -0.981699 -0.0198533 -0.189402 -0.189145 -0.0140976 0.981848 -0.163278 2.11002 -2.3002</i>
                        <i>-0.0221938 0.999708 0.00955397 -0.981699 -0.019984 -0.189389 -0.189143 -0.0135824 0.981856 -0.163278 2.11164 -2.3002</i>
                        <i>-0.0222266 0.999713 0.00898951 -0.981698 -0.0201232 -0.189376 -0.189141 -0.0130342 0.981863 -0.163278 2.11319 -2.3002</i>
                        <i>-0.0222609 0.999717 0.00839885 -0.981698 -0.0202688 -0.189362 -0.189138 -0.0124605 0.981871 -0.163278 2.11467 -2.3002</i>
                        <i>-0.0222962 0.999721 0.00778982 -0.981698 -0.0204189 -0.189348 -0.189136 -0.011869 0.981879 -0.163278 2.11607 -2.3002</i>
                        <i>-0.0223321 0.999725 0.00717026 -0.981697 -0.0205715 -0.189333 -0.189133 -0.0112672 0.981887 -0.163278 2.11738 -2.3002</i>
                        <i>-0.0223682 0.999728 0.00654795 -0.981697 -0.0207248 -0.189318 -0.189131 -0.0106628 0.981894 -0.163278 2.1186 -2.3002</i>
                        <i>-0.022404 0.999731 0.00593069 -0.981697 -0.0208768 -0.189304 -0.189129 -0.0100633 0.981901 -0.163278 2.11972 -2.3002</i>
                        <i>-0.022439 0.999734 0.00532621 -0.981696 -0.0210256 -0.18929 -0.189127 -0.00947618 0.981907 -0.163278 2.12073 -2.3002</i>
                        <i>-0.0224727 0.999736 0.00474227 -0.981696 -0.0211694 -0.189276 -0.189125 -0.00890901 0.981913 -0.163278 2.12163 -2.3002</i>
                        <i>-0.0225049 0.999738 0.00418658 -0.981695 -0.0213062 -0.189263 -0.189124 -0.00836928 0.981918 -0.163278 2.1224 -2.3002</i>
                        <i>-0.0225349 0.999739 0.00366684 -0.981695 -0.0214341 -0.18925 -0.189122 -0.00786446 0.981922 -0.163278 2.12306 -2.3002</i>
                        <i>-0.0225624 0.99974 0.00319076 -0.981695 -0.0215512 -0.189239 -0.189121 -0.00740204 0.981926 -0.163278 2.12358 -2.3002</i>
                        <i>-0.0225869 0.999741 0.00276599 -0.981694 -0.0216557 -0.189229 -0.18912 -0.00698946 0.981929 -0.163278 2.12395 -2.3002</i>
                        <i>-0.022608 0.999742 0.00240022 -0.981694 -0.0217456 -0.18922 -0.189119 -0.00663419 0.981932 -0.163278 2.12419 -2.3002</i>
                        <i>-0.0226253 0.999742 0.0021011 -0.981694 -0.0218191 -0.189213 -0.189119 -0.00634364 0.981934 -0.163278 2.12427 -2.3002</i>
                    </KeyFrames>
                </p>
            </i>
            <i>
                <p>
                    <Name><![CDATA[spine1]]></Name>
                    <Exclude>0</Exclude>
                    <Additive>0</Additive>
                    <IKPriority>0</IKPriority>
                    <IKRotLimits>-1e+010 -1e+010 -1e+010 1e+010 1e+010 1e+010</IKRotLimits>
                    <IKRotLimitOrder>0</IKRotLimitOrder>
                    <KeyFrames count="97">
                        <i>-0.0565763 0.95043 0.305749 -0.996862 -0.0367942 -0.0700852 -0.0553613 -0.308754 0.949529 -0.16721 2.29814 -2.29985</i>
                        <i>-0.0566792 0.950858 0.304394 -0.996855 -0.0369829 -0.0700916 -0.0553898 -0.307409 0.949964 -0.167214 2.29804 -2.29992</i>
                        <i>-0.0568018 0.951366 0.302781 -0.996846 -0.0372078 -0.0700983 -0.0554234 -0.305807 0.950479 -0.167219 2.2978 -2.30001</i>
                        <i>-0.0569417 0.951942 0.300938 -0.996836 -0.0374647 -0.0701053 -0.0554616 -0.303978 0.951063 -0.167224 2.2974 -2.3001</i>
                        <i>-0.0570967 0.952576 0.298896 -0.996825 -0.0377494 -0.0701123 -0.0555042 -0.30195 0.951707 -0.16723 2.29686 -2.30021</i>
                        <i>-0.0572644 0.953258 0.296683 -0.996812 -0.0380576 -0.0701191 -0.0555506 -0.299753 0.952398 -0.167236 2.29619 -2.30033</i>
                        <i>-0.0574424 0.953976 0.294329 -0.996799 -0.0383851 -0.0701258 -0.0556005 -0.297416 0.953128 -0.167243 2.29539 -2.30045</i>
                        <i>-0.0576285 0.954722 0.291865 -0.996786 -0.0387277 -0.0701321 -0.0556534 -0.294968 0.953885 -0.16725 2.29447 -2.30058</i>
                        <i>-0.0578205 0.955485 0.289319 -0.996771 -0.0390812 -0.070138 -0.0557088 -0.292441 0.95466 -0.167257 2.29343 -2.30071</i>
                        <i>-0.0580159 0.956256 0.286722 -0.996757 -0.0394415 -0.0701433 -0.0557662 -0.289861 0.955443 -0.167264 2.29229 -2.30085</i>
                        <i>-0.0582126 0.957025 0.284103 -0.996742 -0.0398043 -0.0701481 -0.055825 -0.287261 0.956224 -0.167272 2.29105 -2.30098</i>
                        <i>-0.0584083 0.957784 0.281492 -0.996727 -0.0401655 -0.0701522 -0.0558844 -0.284668 0.956996 -0.167279 2.28971 -2.30112</i>
                        <i>-0.0586008 0.958525 0.27892 -0.996713 -0.0405209 -0.0701557 -0.0559439 -0.282114 0.957748 -0.167286 2.28829 -2.30125</i>
                        <i>-0.0587877 0.959238 0.276416 -0.996698 -0.0408665 -0.0701586 -0.0560027 -0.279627 0.958474 -0.167293 2.28679 -2.30138</i>
                        <i>-0.058967 0.959917 0.27401 -0.996685 -0.0411981 -0.0701609 -0.0560599 -0.277239 0.959164 -0.1673 2.28522 -2.30151</i>
                        <i>-0.0591364 0.960554 0.271733 -0.996671 -0.0415115 -0.0701626 -0.0561149 -0.274978 0.959812 -0.167306 2.28358 -2.30162</i>
                        <i>-0.0592937 0.961141 0.269616 -0.996659 -0.0418027 -0.0701638 -0.0561666 -0.272875 0.960408 -0.167312 2.28188 -2.30173</i>
                        <i>-0.0594367 0.961671 0.267688 -0.996648 -0.0420677 -0.0701646 -0.0562142 -0.270961 0.960948 -0.167318 2.28013 -2.30183</i>
                        <i>-0.0595632 0.962137 0.265979 -0.996638 -0.0423022 -0.070165 -0.0562568 -0.269264 0.961422 -0.167322 2.27834 -2.30192</i>
                        <i>-0.0596711 0.962532 0.264521 -0.99663 -0.0425023 -0.0701652 -0.0562935 -0.267816 0.961824 -0.167326 2.27651 -2.30199</i>
                        <i>-0.0597581 0.96285 0.263343 -0.996623 -0.0426638 -0.0701652 -0.0563233 -0.266647 0.962147 -0.16733 2.27464 -2.30205</i>
                        <i>-0.0598222 0.963082 0.262476 -0.996617 -0.0427826 -0.0701651 -0.0563453 -0.265786 0.962384 -0.167332 2.27276 -2.3021</i>
                        <i>-0.059861 0.963223 0.26195 -0.996614 -0.0428547 -0.0701649 -0.0563587 -0.265263 0.962527 -0.167333 2.27085 -2.30212</i>
                        <i>-0.0598724 0.963264 0.261795 -0.996614 -0.0428759 -0.0701648 -0.0563626 -0.26511 0.962569 -0.167334 2.26894 -2.30213</i>
                        <i>-0.0598543 0.963199 0.262042 -0.996615 -0.0428422 -0.0701648 -0.0563562 -0.265355 0.962502 -0.167333 2.26702 -2.30212</i>
                        <i>-0.0598155 0.963058 0.262567 -0.996618 -0.0427703 -0.0701647 -0.0563426 -0.265876 0.962359 -0.167332 2.26511 -2.30209</i>
                        <i>-0.0597672 0.962882 0.263223 -0.996622 -0.0426805 -0.0701646 -0.0563257 -0.266527 0.96218 -0.16733 2.2632 -2.30206</i>
                        <i>-0.0597095 0.962672 0.264004 -0.996627 -0.0425736 -0.0701644 -0.0563057 -0.267303 0.961966 -0.167328 2.26131 -2.30202</i>
                        <i>-0.0596429 0.962428 0.264905 -0.996632 -0.0424501 -0.0701641 -0.0562826 -0.268198 0.961718 -0.167325 2.25944 -2.30197</i>
                        <i>-0.0595679 0.962153 0.26592 -0.996638 -0.042311 -0.0701637 -0.0562568 -0.269206 0.961438 -0.167322 2.2576 -2.30192</i>
                        <i>-0.0594848 0.961847 0.267044 -0.996644 -0.0421569 -0.0701632 -0.0562285 -0.270322 0.961127 -0.167319 2.25579 -2.30186</i>
                        <i>-0.0593939 0.961511 0.268271 -0.996652 -0.0419886 -0.0701625 -0.0561977 -0.27154 0.960785 -0.167316 2.25402 -2.3018</i>
                        <i>-0.0592958 0.961147 0.269594 -0.996659 -0.0418069 -0.0701616 -0.0561647 -0.272854 0.960415 -0.167312 2.2523 -2.30173</i>
                        <i>-0.0591908 0.960755 0.27101 -0.996667 -0.0416124 -0.0701606 -0.0561297 -0.274259 0.960016 -0.167308 2.25064 -2.30166</i>
                        <i>-0.0590793 0.960337 0.272511 -0.996676 -0.041406 -0.0701593 -0.056093 -0.27575 0.959591 -0.167304 2.24903 -2.30158</i>
                        <i>-0.0589617 0.959894 0.274092 -0.996685 -0.0411884 -0.0701578 -0.0560546 -0.27732 0.959141 -0.1673 2.24749 -2.3015</i>
                        <i>-0.0588383 0.959427 0.275748 -0.996695 -0.0409603 -0.070156 -0.0560149 -0.278965 0.958666 -0.167295 2.24603 -2.30142</i>
                        <i>-0.0587097 0.958938 0.277474 -0.996705 -0.0407225 -0.0701539 -0.0559738 -0.280678 0.958168 -0.16729 2.24465 -2.30133</i>
                        <i>-0.0585761 0.958427 0.279262 -0.996715 -0.0404757 -0.0701516 -0.0559318 -0.282454 0.957649 -0.167285 2.24335 -2.30123</i>
                        <i>-0.058438 0.957895 0.281108 -0.996725 -0.0402207 -0.0701489 -0.0558889 -0.284287 0.957109 -0.16728 2.24215 -2.30114</i>
                        <i>-0.0582958 0.957345 0.283006 -0.996736 -0.0399582 -0.0701459 -0.0558454 -0.286172 0.95655 -0.167275 2.24105 -2.30104</i>
                        <i>-0.0581499 0.956777 0.284951 -0.996747 -0.039689 -0.0701426 -0.0558014 -0.288103 0.955972 -0.167269 2.24005 -2.30094</i>
                        <i>-0.0580007 0.956192 0.286937 -0.996758 -0.0394139 -0.0701389 -0.055757 -0.290075 0.955378 -0.167264 2.23917 -2.30084</i>
                        <i>-0.0578486 0.955593 0.288958 -0.99677 -0.0391335 -0.0701349 -0.0557124 -0.292082 0.954769 -0.167258 2.23841 -2.30073</i>
                        <i>-0.057694 0.954979 0.291008 -0.996781 -0.0388487 -0.0701305 -0.0556679 -0.294118 0.954147 -0.167252 2.23778 -2.30062</i>
                        <i>-0.0575373 0.954354 0.293083 -0.996793 -0.0385602 -0.0701258 -0.0556235 -0.296178 0.953512 -0.167246 2.23728 -2.30051</i>
                        <i>-0.057379 0.953718 0.295177 -0.996804 -0.0382688 -0.0701207 -0.0555793 -0.298257 0.952866 -0.16724 2.23692 -2.30041</i>
                        <i>-0.0572194 0.953073 0.297283 -0.996816 -0.0379752 -0.0701152 -0.0555356 -0.300348 0.952211 -0.167234 2.2367 -2.30029</i>
                        <i>-0.057059 0.952421 0.299397 -0.996827 -0.0376802 -0.0701094 -0.0554924 -0.302447 0.951549 -0.167229 2.23664 -2.30018</i>
                        <i>-0.0568981 0.951763 0.301512 -0.996839 -0.0373846 -0.0701033 -0.0554498 -0.304548 0.950882 -0.167222 2.23674 -2.30007</i>
                        <i>-0.0567373 0.951101 0.303624 -0.99685 -0.0370891 -0.0700969 -0.0554081 -0.306645 0.95021 -0.167216 2.23699 -2.29996</i>
                        <i>-0.0565768 0.950437 0.305727 -0.996862 -0.0367945 -0.0700902 -0.0553672 -0.308733 0.949536 -0.16721 2.23739 -2.29985</i>
                        <i>-0.0564172 0.949772 0.307815 -0.996873 -0.0365016 -0.0700831 -0.0553273 -0.310807 0.948861 -0.167204 2.23793 -2.29974</i>
                        <i>-0.0562589 0.949109 0.309884 -0.996884 -0.0362111 -0.0700759 -0.0552884 -0.312861 0.948189 -0.167199 2.2386 -2.29963</i>
                        <i>-0.0561023 0.948448 0.311926 -0.996895 -0.0359239 -0.0700684 -0.0552507 -0.314889 0.947519 -0.167193 2.2394 -2.29952</i>
                        <i>-0.0559478 0.947794 0.313938 -0.996906 -0.0356406 -0.0700608 -0.0552142 -0.316886 0.946855 -0.167187 2.24031 -2.29942</i>
                        <i>-0.0557958 0.947146 0.315913 -0.996916 -0.0353622 -0.070053 -0.055179 -0.318848 0.946198 -0.167181 2.24134 -2.29931</i>
                        <i>-0.0556469 0.946508 0.317847 -0.996926 -0.0350893 -0.070045 -0.0551452 -0.320767 0.945551 -0.167176 2.24248 -2.29921</i>
                        <i>-0.0555013 0.945881 0.319733 -0.996936 -0.0348227 -0.070037 -0.0551127 -0.32264 0.944916 -0.16717 2.24372 -2.29911</i>
                        <i>-0.0553596 0.945267 0.321566 -0.996946 -0.0345634 -0.070029 -0.0550817 -0.324461 0.944294 -0.167165 2.24504 -2.29901</i>
                        <i>-0.0552222 0.94467 0.323341 -0.996955 -0.0343119 -0.070021 -0.0550522 -0.326223 0.943688 -0.16716 2.24646 -2.29892</i>
                        <i>-0.0550895 0.94409 0.325053 -0.996964 -0.0340691 -0.070013 -0.0550242 -0.327923 0.943101 -0.167155 2.24795 -2.29882</i>
                        <i>-0.054962 0.94353 0.326696 -0.996973 -0.0338359 -0.0700051 -0.0549979 -0.329555 0.942533 -0.16715 2.24952 -2.29874</i>
