<?xml version="1.0" encoding="ISO-8859-1" ?>
<Animl Version="1">
    <ModellingPackage><![CDATA[Maya.2010]]></ModellingPackage>
    <SrcFile><![CDATA[anims\turrets\machinegun\red\~src\mgun_pkp\mgun_pkp_reload_crewman_b.mb]]></SrcFile>
    <FramesPerSecond>30</FramesPerSecond>
    <TotalFrames>117</TotalFrames>
    <Skeleton>
        <RefFrame>
            <Name><![CDATA[soldier_ref_frame]]></Name>
            <Exclude>0</Exclude>
            <Additive>0</Additive>
            <IKPriority>0</IKPriority>
            <IKRotLimits>-1e+010 -1e+010 -1e+010 1e+010 1e+010 1e+010</IKRotLimits>
            <IKRotLimitOrder>0</IKRotLimitOrder>
            <KeyFrames count="117">
                <i>1 0 0 0 1 0 0 0 1 1.24609 0.919741 -0.0847335</i>
                <i>1 0 0 0 1 0 0 0 1 1.24609 0.919741 -0.0847335</i>
                <i>1 0 0 0 1 0 0 0 1 1.24609 0.919741 -0.0847335</i>
                <i>1 0 0 0 1 0 0 0 1 1.24609 0.919741 -0.0847335</i>
                <i>1 0 0 0 1 0 0 0 1 1.24609 0.919741 -0.0847335</i>
                <i>1 0 0 0 1 0 0 0 1 1.24609 0.919741 -0.0847335</i>
                <i>1 0 0 0 1 0 0 0 1 1.24609 0.919741 -0.0847335</i>
                <i>1 0 0 0 1 0 0 0 1 1.24609 0.919741 -0.0847335</i>
                <i>1 0 0 0 1 0 0 0 1 1.24609 0.919741 -0.0847335</i>
                <i>1 0 0 0 1 0 0 0 1 1.24609 0.919741 -0.0847335</i>
                <i>1 0 0 0 1 0 0 0 1 1.24609 0.919741 -0.0847335</i>
                <i>1 0 0 0 1 0 0 0 1 1.24609 0.919741 -0.0847335</i>
                <i>1 0 0 0 1 0 0 0 1 1.24609 0.919741 -0.0847335</i>
                <i>1 0 0 0 1 0 0 0 1 1.24609 0.919741 -0.0847335</i>
                <i>1 0 0 0 1 0 0 0 1 1.24609 0.919741 -0.0847335</i>
                <i>1 0 0 0 1 0 0 0 1 1.24609 0.919741 -0.0847335</i>
                <i>1 0 0 0 1 0 0 0 1 1.24609 0.919741 -0.0847335</i>
                <i>1 0 0 0 1 0 0 0 1 1.24609 0.919741 -0.0847335</i>
                <i>1 0 0 0 1 0 0 0 1 1.24609 0.919741 -0.0847335</i>
                <i>1 0 0 0 1 0 0 0 1 1.24609 0.919741 -0.0847335</i>
                <i>1 0 0 0 1 0 0 0 1 1.24609 0.919741 -0.0847335</i>
                <i>1 0 0 0 1 0 0 0 1 1.24609 0.919741 -0.0847335</i>
                <i>1 0 0 0 1 0 0 0 1 1.24609 0.919741 -0.0847335</i>
                <i>1 0 0 0 1 0 0 0 1 1.24609 0.919741 -0.0847335</i>
                <i>1 0 0 0 1 0 0 0 1 1.24609 0.919741 -0.0847335</i>
                <i>1 0 0 0 1 0 0 0 1 1.24609 0.919741 -0.0847335</i>
                <i>1 0 0 0 1 0 0 0 1 1.24609 0.919741 -0.0847335</i>
                <i>1 0 0 0 1 0 0 0 1 1.24609 0.919741 -0.0847335</i>
                <i>1 0 0 0 1 0 0 0 1 1.24609 0.919741 -0.0847335</i>
                <i>1 0 0 0 1 0 0 0 1 1.24609 0.919741 -0.0847335</i>
                <i>1 0 0 0 1 0 0 0 1 1.24609 0.919741 -0.0847335</i>
                <i>1 0 0 0 1 0 0 0 1 1.24609 0.919741 -0.0847335</i>
                <i>1 0 0 0 1 0 0 0 1 1.24609 0.919741 -0.0847335</i>
                <i>1 0 0 0 1 0 0 0 1 1.24609 0.919741 -0.0847335</i>
                <i>1 0 0 0 1 0 0 0 1 1.24609 0.919741 -0.0847335</i>
                <i>1 0 0 0 1 0 0 0 1 1.24609 0.919741 -0.0847335</i>
                <i>1 0 0 0 1 0 0 0 1 1.24609 0.919741 -0.0847335</i>
                <i>1 0 0 0 1 0 0 0 1 1.24609 0.919741 -0.0847335</i>
                <i>1 0 0 0 1 0 0 0 1 1.24609 0.919741 -0.0847335</i>
                <i>1 0 0 0 1 0 0 0 1 1.24609 0.919741 -0.0847335</i>
                <i>1 0 0 0 1 0 0 0 1 1.24609 0.919741 -0.0847335</i>
                <i>1 0 0 0 1 0 0 0 1 1.24609 0.919741 -0.0847335</i>
                <i>1 0 0 0 1 0 0 0 1 1.24609 0.919741 -0.0847335</i>
                <i>1 0 0 0 1 0 0 0 1 1.24609 0.919741 -0.0847335</i>
                <i>1 0 0 0 1 0 0 0 1 1.24609 0.919741 -0.0847335</i>
                <i>1 0 0 0 1 0 0 0 1 1.24609 0.919741 -0.0847335</i>
                <i>1 0 0 0 1 0 0 0 1 1.24609 0.919741 -0.0847335</i>
                <i>1 0 0 0 1 0 0 0 1 1.24609 0.919741 -0.0847335</i>
                <i>1 0 0 0 1 0 0 0 1 1.24609 0.919741 -0.0847335</i>
                <i>1 0 0 0 1 0 0 0 1 1.24609 0.919741 -0.0847335</i>
                <i>1 0 0 0 1 0 0 0 1 1.24609 0.919741 -0.0847335</i>
                <i>1 0 0 0 1 0 0 0 1 1.24609 0.919741 -0.0847335</i>
                <i>1 0 0 0 1 0 0 0 1 1.24609 0.919741 -0.0847335</i>
                <i>1 0 0 0 1 0 0 0 1 1.24609 0.919741 -0.0847335</i>
                <i>1 0 0 0 1 0 0 0 1 1.24609 0.919741 -0.0847335</i>
                <i>1 0 0 0 1 0 0 0 1 1.24609 0.919741 -0.0847335</i>
                <i>1 0 0 0 1 0 0 0 1 1.24609 0.919741 -0.0847335</i>
                <i>1 0 0 0 1 0 0 0 1 1.24609 0.919741 -0.0847335</i>
                <i>1 0 0 0 1 0 0 0 1 1.24609 0.919741 -0.0847335</i>
                <i>1 0 0 0 1 0 0 0 1 1.24609 0.919741 -0.0847335</i>
                <i>1 0 0 0 1 0 0 0 1 1.24609 0.919741 -0.0847335</i>
                <i>1 0 0 0 1 0 0 0 1 1.24609 0.919741 -0.0847335</i>
                <i>1 0 0 0 1 0 0 0 1 1.24609 0.919741 -0.0847335</i>
                <i>1 0 0 0 1 0 0 0 1 1.24609 0.919741 -0.0847335</i>
                <i>1 0 0 0 1 0 0 0 1 1.24609 0.919741 -0.0847335</i>
                <i>1 0 0 0 1 0 0 0 1 1.24609 0.919741 -0.0847335</i>
                <i>1 0 0 0 1 0 0 0 1 1.24609 0.919741 -0.0847335</i>
                <i>1 0 0 0 1 0 0 0 1 1.24609 0.919741 -0.0847335</i>
                <i>1 0 0 0 1 0 0 0 1 1.24609 0.919741 -0.0847335</i>
                <i>1 0 0 0 1 0 0 0 1 1.24609 0.919741 -0.0847335</i>
                <i>1 0 0 0 1 0 0 0 1 1.24609 0.919741 -0.0847335</i>
                <i>1 0 0 0 1 0 0 0 1 1.24609 0.919741 -0.0847335</i>
                <i>1 0 0 0 1 0 0 0 1 1.24609 0.919741 -0.0847335</i>
                <i>1 0 0 0 1 0 0 0 1 1.24609 0.919741 -0.0847335</i>
                <i>1 0 0 0 1 0 0 0 1 1.24609 0.919741 -0.0847335</i>
                <i>1 0 0 0 1 0 0 0 1 1.24609 0.919741 -0.0847335</i>
                <i>1 0 0 0 1 0 0 0 1 1.24609 0.919741 -0.0847335</i>
                <i>1 0 0 0 1 0 0 0 1 1.24609 0.919741 -0.0847335</i>
                <i>1 0 0 0 1 0 0 0 1 1.24609 0.919741 -0.0847335</i>
                <i>1 0 0 0 1 0 0 0 1 1.24609 0.919741 -0.0847335</i>
                <i>1 0 0 0 1 0 0 0 1 1.24609 0.919741 -0.0847335</i>
                <i>1 0 0 0 1 0 0 0 1 1.24609 0.919741 -0.0847335</i>
                <i>1 0 0 0 1 0 0 0 1 1.24609 0.919741 -0.0847335</i>
                <i>1 0 0 0 1 0 0 0 1 1.24609 0.919741 -0.0847335</i>
                <i>1 0 0 0 1 0 0 0 1 1.24609 0.919741 -0.0847335</i>
                <i>1 0 0 0 1 0 0 0 1 1.24609 0.919741 -0.0847335</i>
                <i>1 0 0 0 1 0 0 0 1 1.24609 0.919741 -0.0847335</i>
                <i>1 0 0 0 1 0 0 0 1 1.24609 0.919741 -0.0847335</i>
                <i>1 0 0 0 1 0 0 0 1 1.24609 0.919741 -0.0847335</i>
                <i>1 0 0 0 1 0 0 0 1 1.24609 0.919741 -0.0847335</i>
                <i>1 0 0 0 1 0 0 0 1 1.24609 0.919741 -0.0847335</i>
                <i>1 0 0 0 1 0 0 0 1 1.24609 0.919741 -0.0847335</i>
                <i>1 0 0 0 1 0 0 0 1 1.24609 0.919741 -0.0847335</i>
                <i>1 0 0 0 1 0 0 0 1 1.24609 0.919741 -0.0847335</i>
                <i>1 0 0 0 1 0 0 0 1 1.24609 0.919741 -0.0847335</i>
                <i>1 0 0 0 1 0 0 0 1 1.24609 0.919741 -0.0847335</i>
                <i>1 0 0 0 1 0 0 0 1 1.24609 0.919741 -0.0847335</i>
                <i>1 0 0 0 1 0 0 0 1 1.24609 0.919741 -0.0847335</i>
                <i>1 0 0 0 1 0 0 0 1 1.24609 0.919741 -0.0847335</i>
                <i>1 0 0 0 1 0 0 0 1 1.24609 0.919741 -0.0847335</i>
                <i>1 0 0 0 1 0 0 0 1 1.24609 0.919741 -0.0847335</i>
                <i>1 0 0 0 1 0 0 0 1 1.24609 0.919741 -0.0847335</i>
                <i>1 0 0 0 1 0 0 0 1 1.24609 0.919741 -0.0847335</i>
                <i>1 0 0 0 1 0 0 0 1 1.24609 0.919741 -0.0847335</i>
                <i>1 0 0 0 1 0 0 0 1 1.24609 0.919741 -0.0847335</i>
                <i>1 0 0 0 1 0 0 0 1 1.24609 0.919741 -0.0847335</i>
                <i>1 0 0 0 1 0 0 0 1 1.24609 0.919741 -0.0847335</i>
                <i>1 0 0 0 1 0 0 0 1 1.24609 0.919741 -0.0847335</i>
                <i>1 0 0 0 1 0 0 0 1 1.24609 0.919741 -0.0847335</i>
                <i>1 0 0 0 1 0 0 0 1 1.24609 0.919741 -0.0847335</i>
                <i>1 0 0 0 1 0 0 0 1 1.24609 0.919741 -0.0847335</i>
                <i>1 0 0 0 1 0 0 0 1 1.24609 0.919741 -0.0847335</i>
                <i>1 0 0 0 1 0 0 0 1 1.24609 0.919741 -0.0847335</i>
                <i>1 0 0 0 1 0 0 0 1 1.24609 0.919741 -0.0847335</i>
                <i>1 0 0 0 1 0 0 0 1 1.24609 0.919741 -0.0847335</i>
                <i>1 0 0 0 1 0 0 0 1 1.24609 0.919741 -0.0847335</i>
                <i>1 0 0 0 1 0 0 0 1 1.24609 0.919741 -0.0847335</i>
            </KeyFrames>
        </RefFrame>
        <Bones count="23">
            <i>
                <p>
                    <Name><![CDATA[pelvis]]></Name>
                    <Exclude>0</Exclude>
                    <Additive>0</Additive>
                    <IKPriority>0</IKPriority>
                    <IKRotLimits>-1e+010 -1e+010 -1e+010 1e+010 1e+010 1e+010</IKRotLimits>
                    <IKRotLimitOrder>2</IKRotLimitOrder>
                    <KeyFrames count="117">
                        <i>1 0 0 0 1 0 0 0 1 1.24609 1.51888 -0.0847335</i>
                        <i>1 0 0 0 1 0 0 0 1 1.24085 1.51888 -0.0834222</i>
                        <i>1 0 0 0 1 0 0 0 1 1.23501 1.51888 -0.0821385</i>
                        <i>1 0 0 0 1 0 0 0 1 1.22918 1.51888 -0.0808549</i>
                        <i>1 0 0 0 1 0 0 0 1 1.22394 1.51888 -0.0795436</i>
                        <i>1 0 0 0 1 0 0 0 1 1.21992 1.51888 -0.078177</i>
                        <i>1 0 0 0 1 0 0 0 1 1.2177 1.51888 -0.0767274</i>
                        <i>1 0 0 0 1 0 0 0 1 1.21205 1.52403 -0.0741429</i>
                        <i>1 0 0 0 1 0 0 0 1 1.19979 1.53781 -0.0697836</i>
                        <i>1 0 0 0 1 0 0 0 1 1.18467 1.55766 -0.0641824</i>
                        <i>1 0 0 0 1 0 0 0 1 1.17045 1.58109 -0.0578803</i>
                        <i>1 0 0 0 1 0 0 0 1 1.1609 1.60564 -0.0515476</i>
                        <i>1 0 0 0 1 0 0 0 1 1.15974 1.62888 -0.0461205</i>
                        <i>1 0 0 0 1 0 0 0 1 1.16489 1.65797 -0.0386678</i>
                        <i>1 0 0 0 1 0 0 0 1 1.17142 1.69723 -0.0272935</i>
                        <i>1 0 0 0 1 0 0 0 1 1.17856 1.73997 -0.0147706</i>
                        <i>1 0 0 0 1 0 0 0 1 1.18531 1.77964 -0.00376774</i>
                        <i>1 0 0 0 1 0 0 0 1 1.19038 1.80982 0.00322832</i>
                        <i>1 0 0 0 1 0 0 0 1 1.19245 1.82413 0.00386356</i>
                        <i>1 0 0 0 1 0 0 0 1 1.19662 1.83257 0.00154552</i>
                        <i>1 0 0 0 1 0 0 0 1 1.20687 1.84732 0.00198032</i>
                        <i>1 0 0 0 1 0 0 0 1 1.22046 1.86482 0.00512631</i>
                        <i>1 0 0 0 1 0 0 0 1 1.23491 1.88148 0.00880597</i>
                        <i>1 0 0 0 1 0 0 0 1 1.24792 1.89392 0.00899687</i>
                        <i>1 0 0 0 1 0 0 0 1 1.25724 1.8985 0.00138861</i>
                        <i>1 0 0 0 1 0 0 0 1 1.26976 1.89658 -0.0204114</i>
                        <i>1 0 0 0 1 0 0 0 1 1.29182 1.89176 -0.0501442</i>
                        <i>1 0 0 0 1 0 0 0 1 1.31793 1.88651 -0.0735158</i>
                        <i>1 0 0 0 1 0 0 0 1 1.34042 1.88755 -0.084135</i>
                        <i>1 0 0 0 1 0 0 0 1 1.35387 1.90026 -0.08519</i>
                        <i>1 0 0 0 1 0 0 0 1 1.3579 1.92416 -0.0841062</i>
                        <i>1 0 0 0 1 0 0 0 1 1.3579 1.95643 -0.0841062</i>
                        <i>1 0 0 0 1 0 0 0 1 1.3579 1.99423 -0.0841062</i>
                        <i>1 0 0 0 1 0 0 0 1 1.3579 2.03308 -0.0841062</i>
                        <i>1 0 0 0 1 0 0 0 1 1.3579 2.06854 -0.0841062</i>
                        <i>1 0 0 0 1 0 0 0 1 1.3579 2.09614 -0.0841062</i>
                        <i>1 0 0 0 1 0 0 0 1 1.3579 2.11142 -0.0841062</i>
                        <i>1 0 0 0 1 0 0 0 1 1.35321 2.11017 -0.0812231</i>
                        <i>1 0 0 0 1 0 0 0 1 1.34018 2.09495 -0.0732316</i>
                        <i>1 0 0 0 1 0 0 0 1 1.32033 2.0715 -0.0611186</i>
                        <i>1 0 0 0 1 0 0 0 1 1.29519 2.04553 -0.0458709</i>
                        <i>1 0 0 0 1 0 0 0 1 1.26628 2.02278 -0.0284752</i>
                        <i>1 0 0 0 1 0 0 0 1 1.23515 2.00899 -0.0099185</i>
                        <i>1 0 0 0 1 0 0 0 1 1.20332 2.00987 0.00881253</i>
                        <i>1 0 0 0 1 0 0 0 1 1.17232 2.03116 0.0267311</i>
                        <i>1 0 0 0 1 0 0 0 1 1.1263 2.19096 0.05328</i>
                        <i>1 0 0 0 1 0 0 0 1 1.05711 2.44552 0.0877271</i>
                        <i>1 0 0 0 1 0 0 0 1 0.949564 2.70763 0.129512</i>
                        <i>1 0 0 0 1 0 0 0 1 0.866628 2.92298 0.15865</i>
                        <i>1 0 0 0 1 0 0 0 1 0.845677 3.02145 0.163991</i>
                        <i>1 0 0 0 1 0 0 0 1 0.835246 3.07134 0.165288</i>
                        <i>1 0 0 0 1 0 0 0 1 0.832376 3.09257 0.163497</i>
                        <i>1 0 0 0 1 0 0 0 1 0.834107 3.09271 0.15958</i>
                        <i>1 0 0 0 1 0 0 0 1 0.83748 3.06419 0.154494</i>
                        <i>1 0 0 0 1 0 0 0 1 0.839535 3.00427 0.1492</i>
                        <i>1 0 0 0 1 0 0 0 1 0.844208 2.87902 0.138962</i>
                        <i>1 0 0 0 1 0 0 0 1 0.869904 2.70994 0.11802</i>
                        <i>1 0 0 0 1 0 0 0 1 0.920172 2.53498 0.0889946</i>
                        <i>1 0 0 0 1 0 0 0 1 0.980195 2.35003 0.0564623</i>
                        <i>1 0 0 0 1 0 0 0 1 1.04116 2.1723 0.0227701</i>
                        <i>1 0 0 0 1 0 0 0 1 1.09425 2.01901 -0.00973453</i>
                        <i>1 0 0 0 1 0 0 0 1 1.13505 1.90428 -0.0426095</i>
                        <i>1 0 0 0 1 0 0 0 1 1.16708 1.8228 -0.0747645</i>
                        <i>1 0 0 0 1 0 0 0 1 1.19344 1.7626 -0.0998794</i>
                        <i>1 0 0 0 1 0 0 0 1 1.21621 1.71748 -0.116775</i>
                        <i>1 0 0 0 1 0 0 0 1 1.23565 1.68594 -0.129303</i>
                        <i>1 0 0 0 1 0 0 0 1 1.25219 1.66315 -0.138687</i>
                        <i>1 0 0 0 1 0 0 0 1 1.26623 1.64429 -0.146152</i>
                        <i>1 0 0 0 1 0 0 0 1 1.27881 1.62777 -0.152757</i>
                        <i>1 0 0 0 1 0 0 0 1 1.29049 1.61465 -0.158577</i>
                        <i>1 0 0 0 1 0 0 0 1 1.30101 1.60398 -0.163363</i>
                        <i>1 0 0 0 1 0 0 0 1 1.31008 1.59485 -0.166865</i>
                        <i>1 0 0 0 1 0 0 0 1 1.31745 1.58631 -0.168836</i>
                        <i>1 0 0 0 1 0 0 0 1 1.32283 1.57744 -0.169027</i>
                        <i>1 0 0 0 1 0 0 0 1 1.32537 1.56866 -0.166423</i>
                        <i>1 0 0 0 1 0 0 0 1 1.32491 1.56088 -0.160894</i>
                        <i>1 0 0 0 1 0 0 0 1 1.32225 1.5539 -0.15352</i>
                        <i>1 0 0 0 1 0 0 0 1 1.31822 1.54751 -0.145377</i>
                        <i>1 0 0 0 1 0 0 0 1 1.3136 1.54152 -0.137543</i>
                        <i>1 0 0 0 1 0 0 0 1 1.30774 1.53591 -0.129192</i>
                        <i>1 0 0 0 1 0 0 0 1 1.3001 1.53082 -0.119605</i>
                        <i>1 0 0 0 1 0 0 0 1 1.29168 1.52626 -0.110023</i>
                        <i>1 0 0 0 1 0 0 0 1 1.28348 1.52227 -0.101684</i>
                        <i>1 0 0 0 1 0 0 0 1 1.2765 1.51888 -0.0958282</i>
                        <i>1 0 0 0 1 0 0 0 1 1.27019 1.51549 -0.0922493</i>
                        <i>1 0 0 0 1 0 0 0 1 1.26355 1.51169 -0.0897538</i>
                        <i>1 0 0 0 1 0 0 0 1 1.25687 1.50776 -0.0881031</i>
                        <i>1 0 0 0 1 0 0 0 1 1.25045 1.504 -0.0870589</i>
                        <i>1 0 0 0 1 0 0 0 1 1.24459 1.5007 -0.0863836</i>
                        <i>1 0 0 0 1 0 0 0 1 1.23957 1.49816 -0.0858405</i>
                        <i>1 0 0 0 1 0 0 0 1 1.23569 1.49667 -0.0851935</i>
                        <i>1 0 0 0 1 0 0 0 1 1.23323 1.49652 -0.0842069</i>
                        <i>1 0 0 0 1 0 0 0 1 1.23261 1.49824 -0.0828999</i>
                        <i>1 0 0 0 1 0 0 0 1 1.23371 1.5018 -0.0815066</i>
                        <i>1 0 0 0 1 0 0 0 1 1.23607 1.5066 -0.0801132</i>
                        <i>1 0 0 0 1 0 0 0 1 1.23919 1.51206 -0.0788058</i>
                        <i>1 0 0 0 1 0 0 0 1 1.24262 1.5176 -0.0776695</i>
                        <i>1 0 0 0 1 0 0 0 1 1.24588 1.52264 -0.0767895</i>
                        <i>1 0 0 0 1 0 0 0 1 1.24849 1.52659 -0.0762507</i>
                        <i>1 0 0 0 1 0 0 0 1 1.24999 1.52887 -0.0761377</i>
                        <i>1 0 0 0 1 0 0 0 1 1.25039 1.52923 -0.0768138</i>
                        <i>1 0 0 0 1 0 0 0 1 1.25013 1.52813 -0.0783213</i>
                        <i>1 0 0 0 1 0 0 0 1 1.2494 1.52606 -0.0802635</i>
                        <i>1 0 0 0 1 0 0 0 1 1.24836 1.52351 -0.082244</i>
                        <i>1 0 0 0 1 0 0 0 1 1.2472 1.52095 -0.0838661</i>
                        <i>1 0 0 0 1 0 0 0 1 1.24609 1.51888 -0.0847335</i>
                        <i>1 0 0 0 1 0 0 0 1 1.24609 1.51888 -0.0847335</i>
                        <i>1 0 0 0 1 0 0 0 1 1.24609 1.51888 -0.0847335</i>
                        <i>1 0 0 0 1 0 0 0 1 1.24609 1.51888 -0.0847335</i>
                        <i>1 0 0 0 1 0 0 0 1 1.24609 1.51888 -0.0847335</i>
                        <i>1 0 0 0 1 0 0 0 1 1.24609 1.51888 -0.0847335</i>
                        <i>1 0 0 0 1 0 0 0 1 1.24609 1.51888 -0.0847335</i>
                        <i>1 0 0 0 1 0 0 0 1 1.24609 1.51888 -0.0847335</i>
                        <i>1 0 0 0 1 0 0 0 1 1.24609 1.51888 -0.0847335</i>
                        <i>1 0 0 0 1 0 0 0 1 1.24609 1.51888 -0.0847335</i>
                        <i>1 0 0 0 1 0 0 0 1 1.24609 1.51888 -0.0847335</i>
                        <i>1 0 0 0 1 0 0 0 1 1.24609 1.51888 -0.0847335</i>
                    </KeyFrames>
                </p>
            </i>
            <i>
                <p>
                    <Name><![CDATA[spine0]]></Name>
                    <Exclude>0</Exclude>
                    <Additive>0</Additive>
                    <IKPriority>0</IKPriority>
                    <IKRotLimits>-1e+010 -1e+010 -1e+010 1e+010 1e+010 1e+010</IKRotLimits>
                    <IKRotLimitOrder>0</IKRotLimitOrder>
                    <KeyFrames count="117">
                        <i>-0.0813484 0.945221 0.316133 -0.981828 -0.0214338 -0.188561 -0.171456 -0.325728 0.929787 1.26202 1.65962 -0.10992</i>
                        <i>-0.072622 0.941091 0.330263 -0.977386 -0.00121321 -0.211462 -0.198604 -0.338151 0.919897 1.25869 1.65948 -0.108092</i>
                        <i>-0.0600127 0.935312 0.348698 -0.971027 0.0262478 -0.237523 -0.231311 -0.352849 0.906638 1.2552 1.65928 -0.10612</i>
                        <i>-0.0464385 0.928186 0.369209 -0.963183 0.0563728 -0.262868 -0.264804 -0.367823 0.891395 1.25175 1.65905 -0.104062</i>
                        <i>-0.0346809 0.920639 0.388873 -0.955175 0.0839336 -0.283895 -0.294004 -0.381287 0.87646 1.24857 1.65882 -0.102024</i>
                        <i>-0.0273314 0.91433 0.404047 -0.949186 0.103036 -0.29737 -0.313525 -0.391643 0.865054 1.24588 1.65866 -0.100145</i>
                        <i>-0.0269454 0.911309 0.41084 -0.947783 0.10736 -0.300303 -0.317777 -0.397479 0.86083 1.24392 1.65863 -0.0985767</i>
                        <i>-0.0247805 0.911721 0.410063 -0.950719 0.10532 -0.291618 -0.309062 -0.397081 0.86418 1.23574 1.66414 -0.0966063</i>
                        <i>-0.0140717 0.913363 0.406904 -0.955722 0.107341 -0.273996 -0.293936 -0.392742 0.87141 1.21778 1.67854 -0.0936165</i>
                        <i>0.000578946 0.914866 0.403757 -0.96187 0.11094 -0.249998 -0.273508 -0.388217 0.880046 1.19537 1.69882 -0.0897946</i>
                        <i>0.0162271 0.916024 0.400795 -0.96822 0.11445 -0.222377 -0.249574 -0.384449 0.88877 1.17385 1.72228 -0.0852632</i>
                        <i>0.0298748 0.917865 0.395768 -0.974156 0.115425 -0.19416 -0.223894 -0.379739 0.897591 1.15858 1.7466 -0.080232</i>
                        <i>0.0375965 0.921873 0.385664 -0.97952 0.110391 -0.168386 -0.197804 -0.371435 0.907144 1.15484 1.76968 -0.0752307</i>
                        <i>0.0433775 0.923827 0.380345 -0.985259 0.102614 -0.136875 -0.165478 -0.368801 0.91466 1.16065 1.79934 -0.0649941</i>
                        <i>0.0522112 0.918637 0.391638 -0.990873 0.0964614 -0.0941644 -0.124281 -0.383147 0.915288 1.16984 1.83975 -0.0467913</i>
                        <i>0.0625588 0.906163 0.418276 -0.994798 0.090373 -0.0470009 -0.0803913 -0.413159 0.907103 1.18116 1.88342 -0.0253288</i>
                        <i>0.0729308 0.886863 0.456241 -0.996528 0.0832227 -0.00247573 -0.0401652 -0.454476 0.889853 1.19263 1.92331 -0.0049378</i>
                        <i>0.0808049 0.862135 0.500193 -0.99668 0.0749358 0.0318513 -0.0100222 -0.501106 0.865328 1.20157 1.95305 0.0107476</i>
                        <i>0.081749 0.834289 0.545233 -0.996645 0.0662071 0.0481241 0.00405115 -0.547338 0.836902 1.20489 1.96668 0.0187066</i>
                        <i>0.0684253 0.792627 0.605856 -0.997601 0.0479884 0.0498869 0.0104676 -0.607816 0.794009 1.20817 1.97408 0.0246891</i>
                        <i>0.0396752 0.725884 0.686672 -0.998989 0.0142747 0.0426307 0.021143 -0.687669 0.725717 1.21736 1.98684 0.0354418</i>
                        <i>-0.00132333 0.638253 0.769826 -0.999325 -0.0291048 0.0224126 0.0367105 -0.769277 0.63786 1.22998 2.00168 0.0484378</i>
                        <i>-0.0481577 0.543051 0.838318 -0.997188 -0.074388 -0.00909659 0.0574208 -0.836398 0.545106 1.24375 2.01594 0.0591697</i>
                        <i>-0.0901855 0.469159 0.878497 -0.992754 -0.112689 -0.0417338 0.079417 -0.875894 0.475922 1.25656 2.0276 0.0614459</i>
                        <i>-0.113427 0.45938 0.880968 -0.989423 -0.132927 -0.0580759 0.0904254 -0.878237 0.469599 1.26636 2.03404 0.048722</i>
                        <i>-0.125495 0.549092 0.826286 -0.990596 -0.115103 -0.0739605 0.0544969 -0.827798 0.558374 1.27821 2.03615 0.0134344</i>
                        <i>-0.130071 0.700009 0.702189 -0.990583 -0.0612176 -0.122465 -0.0427404 -0.711505 0.70138 1.29865 2.03481 -0.0364377</i>
                        <i>-0.110783 0.844031 0.524727 -0.978304 0.000391208 -0.207173 -0.175066 -0.536294 0.825676 1.3253 2.0298 -0.0840695</i>
                        <i>-0.0689672 0.940102 0.333843 -0.949294 0.0410466 -0.311698 -0.306731 -0.338412 0.889603 1.35219 2.02655 -0.119284</i>
                        <i>-0.0174133 0.985276 0.170081 -0.912026 0.0540617 -0.406554 -0.409763 -0.162198 0.897656 1.37344 2.03135 -0.141128</i>
                        <i>0.0265405 0.997412 0.0668252 -0.881282 0.054899 -0.469392 -0.471845 -0.0464339 0.880458 1.38644 2.0466 -0.154033</i>
                        <i>0.0610284 0.998118 0.00605965 -0.861516 0.0557399 -0.504662 -0.50405 0.0255782 0.863296 1.39387 2.07235 -0.161334</i>
                        <i>0.0964292 0.994081 -0.0500389 -0.84799 0.0557267 -0.527074 -0.521166 0.0932577 0.848345 1.39904 2.10615 -0.164584</i>
                        <i>0.129276 0.986625 -0.0992906 -0.839944 0.0557323 -0.539804 -0.52705 0.153182 0.835914 1.40233 2.14309 -0.165469</i>
                        <i>0.156804 0.977656 -0.140004 -0.835924 0.0558841 -0.545993 -0.52597 0.202646 0.826009 1.40428 2.17789 -0.165259</i>
                        <i>0.177457 0.96914 -0.171104 -0.834355 0.0559586 -0.548379 -0.521882 0.240075 0.818537 1.40546 2.20515 -0.165045</i>
                        <i>0.190611 0.962775 -0.191656 -0.83371 0.0556939 -0.549387 -0.518262 0.264505 0.813291 1.40644 2.21939 -0.165862</i>
                        <i>0.202317 0.956657 -0.209463 -0.833058 0.0556717 -0.550376 -0.514861 0.285845 0.808215 1.40258 2.21677 -0.16427</i>
                        <i>0.217115 0.948519 -0.23059 -0.832505 0.0565795 -0.55112 -0.509702 0.311624 0.801932 1.38991 2.20093 -0.15685</i>
                        <i>0.232586 0.939489 -0.251524 -0.832072 0.058319 -0.551593 -0.503547 0.337579 0.795287 1.36999 2.1776 -0.144623</i>
                        <i>0.246401 0.931108 -0.268934 -0.831806 0.0607646 -0.551731 -0.497379 0.359647 0.789473 1.34435 2.15247 -0.128598</i>
                        <i>0.256243 0.925282 -0.27963 -0.831785 0.0637028 -0.55143 -0.492415 0.373893 0.785959 1.31453 2.13123 -0.109768</i>
                        <i>0.259682 0.924093 -0.280387 -0.832125 0.0667894 -0.550552 -0.490034 0.376285 0.786305 1.28206 2.11954 -0.0891176</i>
                        <i>0.254049 0.929396 -0.267735 -0.832953 0.0695463 -0.548957 -0.491578 0.362473 0.791811 1.24847 2.12307 -0.0676221</i>
                        <i>0.236459 0.942079 -0.237853 -0.83437 0.071432 -0.546556 -0.497909 0.327696 0.802934 1.21528 2.14746 -0.0462507</i>
                        <i>0.0891622 0.995799 -0.0208378 -0.812814 0.0606546 -0.579356 -0.575659 0.0685939 0.814808 1.15849 2.32103 0.000919562</i>
                        <i>-0.169854 0.945608 0.277442 -0.771269 0.0476887 -0.63472 -0.613427 -0.321793 0.721219 1.06396 2.5883 0.071485</i>
                        <i>-0.510933 0.657538 0.553707 -0.720657 0.0235004 -0.692893 -0.468616 -0.753055 0.461852 0.914921 2.84518 0.153565</i>
                        <i>-0.692679 0.291238 0.65983 -0.690216 -0.00221744 -0.7236 -0.209276 -0.956648 0.202553 0.798719 3.0404 0.206577</i>
                        <i>-0.708074 0.188841 0.680419 -0.694351 -0.0108774 -0.719554 -0.12848 -0.981947 0.138824 0.769275 3.12949 0.220433</i>
                        <i>-0.714113 0.162183 0.680984 -0.692428 -0.0206778 -0.72119 -0.102884 -0.986544 0.127066 0.753342 3.17173 0.227818</i>
                        <i>-0.717693 0.187575 0.670621 -0.686527 -0.0293308 -0.726512 -0.116606 -0.981812 0.149826 0.747398 3.18766 0.230076</i>
                        <i>-0.717903 0.242291 0.652618 -0.678855 -0.0360323 -0.733388 -0.154178 -0.969534 0.190348 0.748066 3.18517 0.228454</i>
                        <i>-0.712967 0.307301 0.630273 -0.671557 -0.0406733 -0.739836 -0.201717 -0.950743 0.235369 0.752145 3.15677 0.22408</i>
                        <i>-0.703325 0.366102 0.609346 -0.666892 -0.0429973 -0.743913 -0.246148 -0.929581 0.274392 0.7566 3.09961 0.217958</i>
                        <i>-0.650137 0.497521 0.574278 -0.673036 -0.0263151 -0.739142 -0.352626 -0.867053 0.351958 0.780007 2.99587 0.193009</i>
                        <i>-0.566033 0.636403 0.524021 -0.677562 0.00294484 -0.73546 -0.469592 -0.771351 0.429536 0.834884 2.84604 0.148758</i>
                        <i>-0.505911 0.716658 0.480058 -0.670404 0.023522 -0.741623 -0.542782 -0.697028 0.468551 0.906056 2.6773 0.104546</i>
                        <i>-0.441768 0.784806 0.434649 -0.657056 0.0468358 -0.752386 -0.610834 -0.617969 0.494971 0.987868 2.49368 0.0581655</i>
                        <i>-0.385467 0.832496 0.397952 -0.644665 0.0655873 -0.761646 -0.660168 -0.550136 0.511399 1.06632 2.3137 0.014543</i>
                        <i>-0.354099 0.855827 0.37706 -0.639892 0.0723126 -0.765055 -0.682021 -0.512183 0.522031 1.1278 2.15835 -0.0221513</i>
                        <i>-0.315237 0.876893 0.362884 -0.680861 0.0573968 -0.73016 -0.6611 -0.477247 0.578949 1.16919 2.04328 -0.0570783</i>
                        <i>-0.250665 0.903558 0.347492 -0.75854 0.0397044 -0.650416 -0.601485 -0.426623 0.675432 1.19945 1.96185 -0.0924429</i>
                        <i>-0.201174 0.918281 0.341013 -0.817561 0.0343558 -0.574816 -0.539558 -0.394437 0.743839 1.22389 1.90175 -0.12004</i>
                        <i>-0.181099 0.918453 0.351636 -0.848146 0.0351408 -0.528596 -0.497847 -0.393967 0.772618 1.24513 1.85678 -0.13805</i>
                        <i>-0.171347 0.912407 0.371691 -0.870343 0.0366073 -0.491083 -0.461674 -0.407644 0.787835 1.2627 1.82558 -0.150851</i>
                        <i>-0.163768 0.905123 0.392342 -0.888356 0.0376253 -0.45761 -0.428956 -0.423482 0.79791 1.27736 1.80316 -0.160129</i>
                        <i>-0.152704 0.901908 0.404034 -0.905366 0.0362424 -0.423083 -0.396225 -0.430405 0.811022 1.28985 1.78456 -0.167604</i>
                        <i>-0.136813 0.904011 0.405027 -0.922642 0.0325388 -0.384283 -0.360575 -0.42627 0.829626 1.30112 1.76823 -0.174469</i>
                        <i>-0.118078 0.908231 0.401465 -0.938917 0.0294939 -0.342876 -0.323251 -0.417429 0.849271 1.3116 1.75524 -0.180571</i>
                        <i>-0.0972043 0.913358 0.395384 -0.95318 0.0288669 -0.301021 -0.286354 -0.406133 0.867789 1.32115 1.74468 -0.185637</i>
                        <i>-0.0754006 0.918213 0.388843 -0.964782 0.0313755 -0.261171 -0.252011 -0.394842 0.88351 1.32965 1.73558 -0.1894</i>
                        <i>-0.0544831 0.921746 0.383948 -0.973427 0.0366221 -0.226051 -0.222422 -0.386061 0.895257 1.33696 1.72701 -0.191598</i>
                        <i>-0.0366859 0.923085 0.382842 -0.979127 0.0434364 -0.198556 -0.199914 -0.382135 0.902224 1.34293 1.71803 -0.191968</i>
                        <i>-0.0193562 0.924492 0.380709 -0.982057 0.0538635 -0.180729 -0.187589 -0.377376 0.906861 1.34686 1.70903 -0.189506</i>
                        <i>-0.000271934 0.927928 0.37276 -0.982777 0.0686365 -0.171577 -0.184796 -0.366387 0.911927 1.34832 1.70091 -0.184111</i>
                        <i>0.0180891 0.93216 0.361595 -0.981893 0.0847698 -0.169409 -0.188568 -0.351984 0.916815 1.34769 1.69355 -0.176873</i>
                        <i>0.0330072 0.936161 0.350018 -0.98 0.0990781 -0.17258 -0.196242 -0.337321 0.920708 1.34533 1.68683 -0.16888</i>
                        <i>0.0408979 0.939346 0.340523 -0.977836 0.107669 -0.179567 -0.205339 -0.325632 0.92293 1.34159 1.68063 -0.16122</i>
                        <i>0.0417424 0.94156 0.334248 -0.974347 0.112409 -0.194969 -0.221147 -0.317535 0.922099 1.33614 1.67494 -0.152905</i>
                        <i>0.0392561 0.943031 0.330381 -0.968553 0.117208 -0.219472 -0.245692 -0.311376 0.917976 1.329 1.66977 -0.143121</i>
                        <i>0.0349006 0.944058 0.327927 -0.961753 0.120928 -0.245779 -0.271686 -0.306807 0.912171 1.321 1.66518 -0.13324</i>
                        <i>0.0303564 0.944918 0.325895 -0.955932 0.1227 -0.26672 -0.292016 -0.303437 0.907002 1.31299 1.66119 -0.124652</i>
                        <i>0.0275059 0.945875 0.323363 -0.953616 0.121835 -0.275267 -0.299765 -0.300793 0.905353 1.30583 1.65784 -0.11877</i>
                        <i>0.0264737 0.947066 0.319945 -0.953906 0.119644 -0.275226 -0.298936 -0.297911 0.906579 1.29909 1.65451 -0.115343</i>
                        <i>0.0259742 0.948392 0.316035 -0.954175 0.117801 -0.275088 -0.29812 -0.294407 0.907992 1.29197 1.65078 -0.113015</i>
                        <i>0.0258099 0.949768 0.311888 -0.954429 0.116205 -0.274886 -0.29732 -0.29058 0.909485 1.28478 1.64693 -0.111541</i>
                        <i>0.0257824 0.951112 0.307769 -0.954672 0.114753 -0.274651 -0.296541 -0.286738 0.910958 1.27784 1.64324 -0.110678</i>
                        <i>0.025689 0.952342 0.30395 -0.954908 0.113341 -0.274417 -0.295788 -0.283195 0.91231 1.27147 1.64001 -0.110181</i>
                        <i>0.0253205 0.953379 0.300713 -0.955141 0.11186 -0.274215 -0.295068 -0.28028 0.913443 1.26596 1.63754 -0.109808</i>
                        <i>0.0244616 0.954143 0.298349 -0.955373 0.110194 -0.274079 -0.294387 -0.27833 0.914259 1.26164 1.6361 -0.109315</i>
                        <i>0.0228908 0.954555 0.297155 -0.955609 0.108226 -0.274042 -0.293748 -0.277691 0.914658 1.2588 1.63599 -0.108462</i>
                        <i>0.0206152 0.954532 0.297394 -0.955845 0.106034 -0.274075 -0.293147 -0.278612 0.914571 1.25784 1.63776 -0.107275</i>
                        <i>0.017925 0.954108 0.298927 -0.956073 0.103845 -0.274119 -0.292581 -0.280882 0.914058 1.25861 1.64136 -0.105995</i>
                        <i>0.015021 0.953364 0.301448 -0.956283 0.101757 -0.274168 -0.292057 -0.284151 0.913215 1.26066 1.64619 -0.104707</i>
                        <i>0.012105 0.952389 0.304645 -0.956468 0.0998713 -0.274216 -0.291585 -0.288063 0.912139 1.26352 1.65168 -0.103493</i>
                        <i>0.00938061 0.951276 0.308198 -0.956621 0.0982875 -0.274255 -0.291184 -0.292256 0.910933 1.26673 1.65725 -0.102435</i>
                        <i>0.00705368 0.950128 0.311781 -0.956734 0.0971067 -0.27428 -0.290877 -0.296357 0.909705 1.26981 1.66231 -0.101615</i>
                        <i>0.00533186 0.949057 0.315061 -0.956802 0.0964303 -0.274284 -0.290693 -0.299988 0.908573 1.27232 1.66627 -0.101115</i>
                        <i>0.00442391 0.94818 0.317703 -0.956815 0.0963596 -0.274261 -0.290662 -0.302769 0.90766 1.27378 1.66856 -0.101015</i>
                        <i>-0.000270844 0.947571 0.319544 -0.95858 0.0907679 -0.269974 -0.284824 -0.306381 0.908298 1.27374 1.66899 -0.101683</i>
                        <i>-0.0119405 0.947137 0.320608 -0.963007 0.0754312 -0.258704 -0.269212 -0.311836 0.911199 1.27236 1.66808 -0.103177</i>
                        <i>-0.0282235 0.946718 0.320826 -0.968633 0.0533684 -0.242696 -0.246886 -0.317612 0.915516 1.27007 1.66625 -0.10511</i>
                        <i>-0.0467561 0.946214 0.320146 -0.974152 0.0277159 -0.224187 -0.221002 -0.322353 0.92046 1.26729 1.66393 -0.107106</i>
                        <i>-0.065217 0.945655 0.318563 -0.978675 0.00170142 -0.205407 -0.194787 -0.325166 0.925378 1.26447 1.66157 -0.108817</i>
                        <i>-0.0813484 0.945221 0.316133 -0.981828 -0.0214338 -0.188561 -0.171456 -0.325728 0.929787 1.26202 1.65962 -0.10992</i>
                        <i>-0.0813484 0.945221 0.316133 -0.981828 -0.0214338 -0.188561 -0.171456 -0.325728 0.929787 1.26202 1.65962 -0.10992</i>
                        <i>-0.0813484 0.945221 0.316133 -0.981828 -0.0214338 -0.188561 -0.171456 -0.325728 0.929787 1.26202 1.65962 -0.10992</i>
                        <i>-0.0813484 0.945221 0.316133 -0.981828 -0.0214338 -0.188561 -0.171456 -0.325728 0.929787 1.26202 1.65962 -0.10992</i>
                        <i>-0.0813484 0.945221 0.316133 -0.981828 -0.0214338 -0.188561 -0.171456 -0.325728 0.929787 1.26202 1.65962 -0.10992</i>
                        <i>-0.0813484 0.945221 0.316133 -0.981828 -0.0214338 -0.188561 -0.171456 -0.325728 0.929787 1.26202 1.65962 -0.10992</i>
                        <i>-0.0813484 0.945221 0.316133 -0.981828 -0.0214338 -0.188561 -0.171456 -0.325728 0.929787 1.26202 1.65962 -0.10992</i>
                        <i>-0.0813484 0.945221 0.316133 -0.981828 -0.0214338 -0.188561 -0.171456 -0.325728 0.929787 1.26202 1.65962 -0.10992</i>
                        <i>-0.0813484 0.945221 0.316133 -0.981828 -0.0214338 -0.188561 -0.171456 -0.325728 0.929787 1.26202 1.65962 -0.10992</i>
                        <i>-0.0813484 0.945221 0.316133 -0.981828 -0.0214338 -0.188561 -0.171456 -0.325728 0.929787 1.26202 1.65962 -0.10992</i>
                        <i>-0.0813484 0.945221 0.316133 -0.981828 -0.0214338 -0.188561 -0.171456 -0.325728 0.929787 1.26202 1.65962 -0.10992</i>
                        <i>-0.0813484 0.945221 0.316133 -0.981828 -0.0214338 -0.188561 -0.171456 -0.325728 0.929787 1.26202 1.65962 -0.10992</i>
                    </KeyFrames>
                </p>
            </i>
            <i>
                <p>
                    <Name><![CDATA[spine1]]></Name>
                    <Exclude>0</Exclude>
                    <Additive>0</Additive>
                    <IKPriority>0</IKPriority>
                    <IKRotLimits>-1e+010 -1e+010 -1e+010 1e+010 1e+010 1e+010</IKRotLimits>
                    <IKRotLimitOrder>0</IKRotLimitOrder>
                    <KeyFrames count="117">
                        <i>-0.309412 0.721279 0.619694 -0.946593 -0.171466 -0.273058 -0.0906945 -0.671085 0.735812 1.24644 1.84092 -0.0494107</i>
                        <i>-0.305995 0.700375 0.644858 -0.947253 -0.15619 -0.27985 -0.095279 -0.696477 0.711226 1.24504 1.83662 -0.0460332</i>
                        <i>-0.302462 0.672756 0.675216 -0.946869 -0.130808 -0.293818 -0.109344 -0.728209 0.676576 1.24418 1.83125 -0.0420862</i>
                        <i>-0.299094 0.641436 0.706472 -0.945697 -0.100502 -0.309123 -0.127281 -0.760565 0.636664 1.24343 1.82576 -0.0377996</i>
                        <i>-0.295475 0.611627 0.733899 -0.944539 -0.0717838 -0.320457 -0.143318 -0.787883 0.598916 1.24247 1.82113 -0.0334963</i>
                        <i>-0.290621 0.590599 0.752816 -0.944823 -0.0528389 -0.323292 -0.151158 -0.805233 0.573368 1.24112 1.81837 -0.0295899</i>
                        <i>-0.283637 0.586194 0.758898 -0.948099 -0.0528105 -0.313558 -0.143728 -0.808447 0.57075 1.2392 1.81852 -0.0265199</i>
                        <i>-0.247207 0.59732 0.762953 -0.961069 -0.0508475 -0.27159 -0.123432 -0.80039 0.586635 1.23136 1.82587 -0.0239019</i>
                        <i>-0.167988 0.614433 0.770877 -0.981063 -0.0277193 -0.191697 -0.0964172 -0.788482 0.607454 1.21527 1.84254 -0.0206041</i>
                        <i>-0.0681058 0.632014 0.771958 -0.99577 0.00476495 -0.0917527 -0.0616673 -0.774942 0.629016 1.1955 1.86632 -0.0159441</i>
                        <i>0.0287525 0.648355 0.760795 -0.999375 0.0343008 0.00853762 -0.0205605 -0.760565 0.648936 1.17693 1.89488 -0.00985451</i>
                        <i>0.102136 0.666424 0.738544 -0.994512 0.0514787 0.0910823 0.0226801 -0.743794 0.668024 1.16444 1.92562 -0.00319334</i>
                        <i>0.137607 0.691118 0.709521 -0.988606 0.0517071 0.141368 0.0610148 -0.72089 0.690358 1.16247 1.95581 0.00243726</i>
                        <i>0.142557 0.71914 0.680085 -0.985653 0.0404135 0.163874 0.0903639 -0.693689 0.714584 1.16973 1.99214 0.0141396</i>
                        <i>0.134553 0.739665 0.659387 -0.984559 0.024599 0.173314 0.111974 -0.672526 0.731554 1.18114 2.03797 0.0374218</i>
                        <i>0.119163 0.747128 0.653912 -0.98501 0.00622587 0.172386 0.124723 -0.664651 0.73667 1.19512 2.08535 0.0675383</i>
                        <i>0.102868 0.738742 0.666092 -0.986208 -0.0115439 0.165108 0.129662 -0.673889 0.727366 1.20935 2.12653 0.0992128</i>
                        <i>0.0907874 0.714234 0.693994 -0.987286 -0.0267486 0.156684 0.130473 -0.699396 0.702725 1.22042 2.1543 0.12707</i>
                        <i>0.0853214 0.674047 0.733745 -0.987496 -0.040769 0.15228 0.132558 -0.737563 0.66214 1.22402 2.16212 0.145981</i>
                        <i>0.0756344 0.595216 0.799999 -0.985636 -0.0768657 0.150375 0.150998 -0.799881 0.580853 1.22384 2.15586 0.163188</i>
                        <i>0.0531427 0.45811 0.887306 -0.980495 -0.144439 0.133297 0.189226 -0.877082 0.441498 1.22606 2.14629 0.185875</i>
                        <i>0.021879 0.273686 0.96157 -0.971272 -0.222148 0.0853285 0.236964 -0.935813 0.260963 1.22969 2.1351 0.20901</i>
                        <i>-0.0121718 0.0764334 0.997 -0.958082 -0.286309 0.0102528 0.286234 -0.955084 0.0767144 1.2341 2.12475 0.226806</i>
                        <i>-0.0424669 -0.0742958 0.996332 -0.943062 -0.326298 -0.0645282 0.329895 -0.942343 -0.0562087 1.23902 2.1189 0.232114</i>
                        <i>-0.0652311 -0.116226 0.991078 -0.931651 -0.348681 -0.10221 0.35745 -0.930007 -0.0855375 1.24471 2.12177 0.216707</i>
                        <i>-0.0984032 -0.00215392 0.995144 -0.932667 -0.34855 -0.0929797 0.347058 -0.937288 0.0322896 1.25482 2.13855 0.167361</i>
                        <i>-0.146174 0.242352 0.959113 -0.95323 -0.293776 -0.0710451 0.264547 -0.924641 0.27396 1.27516 2.16127 0.0903423</i>
                        <i>-0.170371 0.53949 0.824575 -0.98138 -0.168218 -0.0927105 0.0886921 -0.825017 0.558104 1.30578 2.17855 0.00837644</i>
                        <i>-0.137966 0.786976 0.601361 -0.980506 -0.0227599 -0.195166 -0.139904 -0.616564 0.774775 1.34013 2.19103 -0.0608958</i>
