<?xml version="1.0" encoding="ISO-8859-1" ?>
<Animl Version="1">
    <ModellingPackage><![CDATA[Maya.2010]]></ModellingPackage>
    <SrcFile><![CDATA[anims\turrets\machinegun\red\~src\mgun_nsv\mgun_nsv_idle_crewman_a.mb]]></SrcFile>
    <FramesPerSecond>30</FramesPerSecond>
    <TotalFrames>97</TotalFrames>
    <Skeleton>
        <RefFrame>
            <Name><![CDATA[soldier_ref_frame]]></Name>
            <Exclude>0</Exclude>
            <Additive>0</Additive>
            <IKPriority>0</IKPriority>
            <IKRotLimits>-1e+010 -1e+010 -1e+010 1e+010 1e+010 1e+010</IKRotLimits>
            <IKRotLimitOrder>0</IKRotLimitOrder>
            <KeyFrames count="97">
                <i>1 0 0 0 1 0 0 0 1 0.226981 0.900305 -2.49212</i>
                <i>1 0 0 0 1 0 0 0 1 0.226981 0.900305 -2.49212</i>
                <i>1 0 0 0 1 0 0 0 1 0.226981 0.900305 -2.49212</i>
                <i>1 0 0 0 1 0 0 0 1 0.226981 0.900305 -2.49212</i>
                <i>1 0 0 0 1 0 0 0 1 0.226981 0.900305 -2.49212</i>
                <i>1 0 0 0 1 0 0 0 1 0.226981 0.900305 -2.49212</i>
                <i>1 0 0 0 1 0 0 0 1 0.226981 0.900305 -2.49212</i>
                <i>1 0 0 0 1 0 0 0 1 0.226981 0.900305 -2.49212</i>
                <i>1 0 0 0 1 0 0 0 1 0.226981 0.900305 -2.49212</i>
                <i>1 0 0 0 1 0 0 0 1 0.226981 0.900305 -2.49212</i>
                <i>1 0 0 0 1 0 0 0 1 0.226981 0.900305 -2.49212</i>
                <i>1 0 0 0 1 0 0 0 1 0.226981 0.900305 -2.49212</i>
                <i>1 0 0 0 1 0 0 0 1 0.226981 0.900305 -2.49212</i>
                <i>1 0 0 0 1 0 0 0 1 0.226981 0.900305 -2.49212</i>
                <i>1 0 0 0 1 0 0 0 1 0.226981 0.900305 -2.49212</i>
                <i>1 0 0 0 1 0 0 0 1 0.226981 0.900305 -2.49212</i>
                <i>1 0 0 0 1 0 0 0 1 0.226981 0.900305 -2.49212</i>
                <i>1 0 0 0 1 0 0 0 1 0.226981 0.900305 -2.49212</i>
                <i>1 0 0 0 1 0 0 0 1 0.226981 0.900305 -2.49212</i>
                <i>1 0 0 0 1 0 0 0 1 0.226981 0.900305 -2.49212</i>
                <i>1 0 0 0 1 0 0 0 1 0.226981 0.900305 -2.49212</i>
                <i>1 0 0 0 1 0 0 0 1 0.226981 0.900305 -2.49212</i>
                <i>1 0 0 0 1 0 0 0 1 0.226981 0.900305 -2.49212</i>
                <i>1 0 0 0 1 0 0 0 1 0.226981 0.900305 -2.49212</i>
                <i>1 0 0 0 1 0 0 0 1 0.226981 0.900305 -2.49212</i>
                <i>1 0 0 0 1 0 0 0 1 0.226981 0.900305 -2.49212</i>
                <i>1 0 0 0 1 0 0 0 1 0.226981 0.900305 -2.49212</i>
                <i>1 0 0 0 1 0 0 0 1 0.226981 0.900305 -2.49212</i>
                <i>1 0 0 0 1 0 0 0 1 0.226981 0.900305 -2.49212</i>
                <i>1 0 0 0 1 0 0 0 1 0.226981 0.900305 -2.49212</i>
                <i>1 0 0 0 1 0 0 0 1 0.226981 0.900305 -2.49212</i>
                <i>1 0 0 0 1 0 0 0 1 0.226981 0.900305 -2.49212</i>
                <i>1 0 0 0 1 0 0 0 1 0.226981 0.900305 -2.49212</i>
                <i>1 0 0 0 1 0 0 0 1 0.226981 0.900305 -2.49212</i>
                <i>1 0 0 0 1 0 0 0 1 0.226981 0.900305 -2.49212</i>
                <i>1 0 0 0 1 0 0 0 1 0.226981 0.900305 -2.49212</i>
                <i>1 0 0 0 1 0 0 0 1 0.226981 0.900305 -2.49212</i>
                <i>1 0 0 0 1 0 0 0 1 0.226981 0.900305 -2.49212</i>
                <i>1 0 0 0 1 0 0 0 1 0.226981 0.900305 -2.49212</i>
                <i>1 0 0 0 1 0 0 0 1 0.226981 0.900305 -2.49212</i>
                <i>1 0 0 0 1 0 0 0 1 0.226981 0.900305 -2.49212</i>
                <i>1 0 0 0 1 0 0 0 1 0.226981 0.900305 -2.49212</i>
                <i>1 0 0 0 1 0 0 0 1 0.226981 0.900305 -2.49212</i>
                <i>1 0 0 0 1 0 0 0 1 0.226981 0.900305 -2.49212</i>
                <i>1 0 0 0 1 0 0 0 1 0.226981 0.900305 -2.49212</i>
                <i>1 0 0 0 1 0 0 0 1 0.226981 0.900305 -2.49212</i>
                <i>1 0 0 0 1 0 0 0 1 0.226981 0.900305 -2.49212</i>
                <i>1 0 0 0 1 0 0 0 1 0.226981 0.900305 -2.49212</i>
                <i>1 0 0 0 1 0 0 0 1 0.226981 0.900305 -2.49212</i>
                <i>1 0 0 0 1 0 0 0 1 0.226981 0.900305 -2.49212</i>
                <i>1 0 0 0 1 0 0 0 1 0.226981 0.900305 -2.49212</i>
                <i>1 0 0 0 1 0 0 0 1 0.226981 0.900305 -2.49212</i>
                <i>1 0 0 0 1 0 0 0 1 0.226981 0.900305 -2.49212</i>
                <i>1 0 0 0 1 0 0 0 1 0.226981 0.900305 -2.49212</i>
                <i>1 0 0 0 1 0 0 0 1 0.226981 0.900305 -2.49212</i>
                <i>1 0 0 0 1 0 0 0 1 0.226981 0.900305 -2.49212</i>
                <i>1 0 0 0 1 0 0 0 1 0.226981 0.900305 -2.49212</i>
                <i>1 0 0 0 1 0 0 0 1 0.226981 0.900305 -2.49212</i>
                <i>1 0 0 0 1 0 0 0 1 0.226981 0.900305 -2.49212</i>
                <i>1 0 0 0 1 0 0 0 1 0.226981 0.900305 -2.49212</i>
                <i>1 0 0 0 1 0 0 0 1 0.226981 0.900305 -2.49212</i>
                <i>1 0 0 0 1 0 0 0 1 0.226981 0.900305 -2.49212</i>
                <i>1 0 0 0 1 0 0 0 1 0.226981 0.900305 -2.49212</i>
                <i>1 0 0 0 1 0 0 0 1 0.226981 0.900305 -2.49212</i>
                <i>1 0 0 0 1 0 0 0 1 0.226981 0.900305 -2.49212</i>
                <i>1 0 0 0 1 0 0 0 1 0.226981 0.900305 -2.49212</i>
                <i>1 0 0 0 1 0 0 0 1 0.226981 0.900305 -2.49212</i>
                <i>1 0 0 0 1 0 0 0 1 0.226981 0.900305 -2.49212</i>
                <i>1 0 0 0 1 0 0 0 1 0.226981 0.900305 -2.49212</i>
                <i>1 0 0 0 1 0 0 0 1 0.226981 0.900305 -2.49212</i>
                <i>1 0 0 0 1 0 0 0 1 0.226981 0.900305 -2.49212</i>
                <i>1 0 0 0 1 0 0 0 1 0.226981 0.900305 -2.49212</i>
                <i>1 0 0 0 1 0 0 0 1 0.226981 0.900305 -2.49212</i>
                <i>1 0 0 0 1 0 0 0 1 0.226981 0.900305 -2.49212</i>
                <i>1 0 0 0 1 0 0 0 1 0.226981 0.900305 -2.49212</i>
                <i>1 0 0 0 1 0 0 0 1 0.226981 0.900305 -2.49212</i>
                <i>1 0 0 0 1 0 0 0 1 0.226981 0.900305 -2.49212</i>
                <i>1 0 0 0 1 0 0 0 1 0.226981 0.900305 -2.49212</i>
                <i>1 0 0 0 1 0 0 0 1 0.226981 0.900305 -2.49212</i>
                <i>1 0 0 0 1 0 0 0 1 0.226981 0.900305 -2.49212</i>
                <i>1 0 0 0 1 0 0 0 1 0.226981 0.900305 -2.49212</i>
                <i>1 0 0 0 1 0 0 0 1 0.226981 0.900305 -2.49212</i>
                <i>1 0 0 0 1 0 0 0 1 0.226981 0.900305 -2.49212</i>
                <i>1 0 0 0 1 0 0 0 1 0.226981 0.900305 -2.49212</i>
                <i>1 0 0 0 1 0 0 0 1 0.226981 0.900305 -2.49212</i>
                <i>1 0 0 0 1 0 0 0 1 0.226981 0.900305 -2.49212</i>
                <i>1 0 0 0 1 0 0 0 1 0.226981 0.900305 -2.49212</i>
                <i>1 0 0 0 1 0 0 0 1 0.226981 0.900305 -2.49212</i>
                <i>1 0 0 0 1 0 0 0 1 0.226981 0.900305 -2.49212</i>
                <i>1 0 0 0 1 0 0 0 1 0.226981 0.900305 -2.49212</i>
                <i>1 0 0 0 1 0 0 0 1 0.226981 0.900305 -2.49212</i>
                <i>1 0 0 0 1 0 0 0 1 0.226981 0.900305 -2.49212</i>
                <i>1 0 0 0 1 0 0 0 1 0.226981 0.900305 -2.49212</i>
                <i>1 0 0 0 1 0 0 0 1 0.226981 0.900305 -2.49212</i>
                <i>1 0 0 0 1 0 0 0 1 0.226981 0.900305 -2.49212</i>
                <i>1 0 0 0 1 0 0 0 1 0.226981 0.900305 -2.49212</i>
                <i>1 0 0 0 1 0 0 0 1 0.226981 0.900305 -2.49212</i>
            </KeyFrames>
        </RefFrame>
        <Bones count="23">
            <i>
                <p>
                    <Name><![CDATA[pelvis]]></Name>
                    <Exclude>0</Exclude>
                    <Additive>0</Additive>
                    <IKPriority>0</IKPriority>
                    <IKRotLimits>-1e+010 -1e+010 -1e+010 1e+010 1e+010 1e+010</IKRotLimits>
                    <IKRotLimitOrder>2</IKRotLimitOrder>
                    <KeyFrames count="97">
                        <i>1 0 0 0 1 0 0 0 1 0.188641 1.89359 -2.46601</i>
                        <i>1 0 0 0 1 0 0 0 1 0.183004 1.89279 -2.46581</i>
                        <i>1 0 0 0 1 0 0 0 1 0.177038 1.89193 -2.46562</i>
                        <i>1 0 0 0 1 0 0 0 1 0.170794 1.89104 -2.46543</i>
                        <i>1 0 0 0 1 0 0 0 1 0.164322 1.8901 -2.46527</i>
                        <i>1 0 0 0 1 0 0 0 1 0.15767 1.88912 -2.46511</i>
                        <i>1 0 0 0 1 0 0 0 1 0.15089 1.8881 -2.46498</i>
                        <i>1 0 0 0 1 0 0 0 1 0.144029 1.88704 -2.46487</i>
                        <i>1 0 0 0 1 0 0 0 1 0.137138 1.88596 -2.46479</i>
                        <i>1 0 0 0 1 0 0 0 1 0.130265 1.88484 -2.46473</i>
                        <i>1 0 0 0 1 0 0 0 1 0.123458 1.88371 -2.4647</i>
                        <i>1 0 0 0 1 0 0 0 1 0.116765 1.88256 -2.46469</i>
                        <i>1 0 0 0 1 0 0 0 1 0.110233 1.8814 -2.46471</i>
                        <i>1 0 0 0 1 0 0 0 1 0.10391 1.88024 -2.46475</i>
                        <i>1 0 0 0 1 0 0 0 1 0.0978412 1.87908 -2.46482</i>
                        <i>1 0 0 0 1 0 0 0 1 0.0920731 1.87793 -2.4649</i>
                        <i>1 0 0 0 1 0 0 0 1 0.0866513 1.8768 -2.465</i>
                        <i>1 0 0 0 1 0 0 0 1 0.0816208 1.8757 -2.46512</i>
                        <i>1 0 0 0 1 0 0 0 1 0.0770264 1.87464 -2.46525</i>
                        <i>1 0 0 0 1 0 0 0 1 0.0729124 1.87363 -2.46538</i>
                        <i>1 0 0 0 1 0 0 0 1 0.069323 1.87267 -2.46552</i>
                        <i>1 0 0 0 1 0 0 0 1 0.0663021 1.87177 -2.46565</i>
                        <i>1 0 0 0 1 0 0 0 1 0.0638936 1.87095 -2.46578</i>
                        <i>1 0 0 0 1 0 0 0 1 0.0621415 1.8702 -2.4659</i>
                        <i>1 0 0 0 1 0 0 0 1 0.0610896 1.86955 -2.46601</i>
                        <i>1 0 0 0 1 0 0 0 1 0.0607525 1.869 -2.4661</i>
                        <i>1 0 0 0 1 0 0 0 1 0.0610859 1.86854 -2.46617</i>
                        <i>1 0 0 0 1 0 0 0 1 0.0620462 1.86817 -2.46623</i>
                        <i>1 0 0 0 1 0 0 0 1 0.0635902 1.86788 -2.46627</i>
                        <i>1 0 0 0 1 0 0 0 1 0.0656749 1.86767 -2.46629</i>
                        <i>1 0 0 0 1 0 0 0 1 0.0682579 1.86753 -2.4663</i>
                        <i>1 0 0 0 1 0 0 0 1 0.0712966 1.86745 -2.4663</i>
                        <i>1 0 0 0 1 0 0 0 1 0.0747489 1.86743 -2.46629</i>
                        <i>1 0 0 0 1 0 0 0 1 0.0785726 1.86746 -2.46627</i>
                        <i>1 0 0 0 1 0 0 0 1 0.0827256 1.86754 -2.46625</i>
                        <i>1 0 0 0 1 0 0 0 1 0.0871657 1.86765 -2.46622</i>
                        <i>1 0 0 0 1 0 0 0 1 0.0918507 1.86779 -2.46619</i>
                        <i>1 0 0 0 1 0 0 0 1 0.0967384 1.86796 -2.46616</i>
                        <i>1 0 0 0 1 0 0 0 1 0.101786 1.86814 -2.46613</i>
                        <i>1 0 0 0 1 0 0 0 1 0.106952 1.86834 -2.4661</i>
                        <i>1 0 0 0 1 0 0 0 1 0.112192 1.86853 -2.46608</i>
                        <i>1 0 0 0 1 0 0 0 1 0.117465 1.86873 -2.46605</i>
                        <i>1 0 0 0 1 0 0 0 1 0.122727 1.86892 -2.46604</i>
                        <i>1 0 0 0 1 0 0 0 1 0.127934 1.86909 -2.46603</i>
                        <i>1 0 0 0 1 0 0 0 1 0.133044 1.86924 -2.46602</i>
                        <i>1 0 0 0 1 0 0 0 1 0.138013 1.86937 -2.46601</i>
                        <i>1 0 0 0 1 0 0 0 1 0.142797 1.86947 -2.46601</i>
                        <i>1 0 0 0 1 0 0 0 1 0.147352 1.86953 -2.46601</i>
                        <i>1 0 0 0 1 0 0 0 1 0.151635 1.86955 -2.46601</i>
                        <i>1 0 0 0 1 0 0 0 1 0.155946 1.86953 -2.46601</i>
                        <i>1 0 0 0 1 0 0 0 1 0.160586 1.86947 -2.466</i>
                        <i>1 0 0 0 1 0 0 0 1 0.16551 1.86938 -2.466</i>
                        <i>1 0 0 0 1 0 0 0 1 0.170675 1.86927 -2.466</i>
                        <i>1 0 0 0 1 0 0 0 1 0.176039 1.86913 -2.46599</i>
                        <i>1 0 0 0 1 0 0 0 1 0.181557 1.86899 -2.46598</i>
                        <i>1 0 0 0 1 0 0 0 1 0.187187 1.86884 -2.46596</i>
                        <i>1 0 0 0 1 0 0 0 1 0.192887 1.86869 -2.46594</i>
                        <i>1 0 0 0 1 0 0 0 1 0.198613 1.86855 -2.46592</i>
                        <i>1 0 0 0 1 0 0 0 1 0.204323 1.86841 -2.4659</i>
                        <i>1 0 0 0 1 0 0 0 1 0.209977 1.8683 -2.46587</i>
                        <i>1 0 0 0 1 0 0 0 1 0.215531 1.8682 -2.46585</i>
                        <i>1 0 0 0 1 0 0 0 1 0.220945 1.86812 -2.46582</i>
                        <i>1 0 0 0 1 0 0 0 1 0.226177 1.86807 -2.4658</i>
                        <i>1 0 0 0 1 0 0 0 1 0.231185 1.86805 -2.46578</i>
                        <i>1 0 0 0 1 0 0 0 1 0.23593 1.86806 -2.46576</i>
                        <i>1 0 0 0 1 0 0 0 1 0.240369 1.8681 -2.46575</i>
                        <i>1 0 0 0 1 0 0 0 1 0.244462 1.86818 -2.46575</i>
                        <i>1 0 0 0 1 0 0 0 1 0.248168 1.8683 -2.46576</i>
                        <i>1 0 0 0 1 0 0 0 1 0.251444 1.86846 -2.46578</i>
                        <i>1 0 0 0 1 0 0 0 1 0.25425 1.86866 -2.46582</i>
                        <i>1 0 0 0 1 0 0 0 1 0.256544 1.8689 -2.46587</i>
                        <i>1 0 0 0 1 0 0 0 1 0.258284 1.8692 -2.46593</i>
                        <i>1 0 0 0 1 0 0 0 1 0.259428 1.86955 -2.46601</i>
                        <i>1 0 0 0 1 0 0 0 1 0.259961 1.86997 -2.4661</i>
                        <i>1 0 0 0 1 0 0 0 1 0.259921 1.87044 -2.4662</i>
                        <i>1 0 0 0 1 0 0 0 1 0.259346 1.87098 -2.46631</i>
                        <i>1 0 0 0 1 0 0 0 1 0.258272 1.87158 -2.46642</i>
                        <i>1 0 0 0 1 0 0 0 1 0.256736 1.87223 -2.46654</i>
                        <i>1 0 0 0 1 0 0 0 1 0.254773 1.87295 -2.46665</i>
                        <i>1 0 0 0 1 0 0 0 1 0.25242 1.87373 -2.46676</i>
                        <i>1 0 0 0 1 0 0 0 1 0.249714 1.87457 -2.46686</i>
                        <i>1 0 0 0 1 0 0 0 1 0.24669 1.87547 -2.46695</i>
                        <i>1 0 0 0 1 0 0 0 1 0.243385 1.87642 -2.46702</i>
                        <i>1 0 0 0 1 0 0 0 1 0.239835 1.87744 -2.46708</i>
                        <i>1 0 0 0 1 0 0 0 1 0.236077 1.8785 -2.46711</i>
                        <i>1 0 0 0 1 0 0 0 1 0.232148 1.87962 -2.46713</i>
                        <i>1 0 0 0 1 0 0 0 1 0.228085 1.88079 -2.46712</i>
                        <i>1 0 0 0 1 0 0 0 1 0.223926 1.88199 -2.46709</i>
                        <i>1 0 0 0 1 0 0 0 1 0.219709 1.88324 -2.46704</i>
                        <i>1 0 0 0 1 0 0 0 1 0.215473 1.88451 -2.46697</i>
                        <i>1 0 0 0 1 0 0 0 1 0.211257 1.88581 -2.46688</i>
                        <i>1 0 0 0 1 0 0 0 1 0.2071 1.88712 -2.46677</i>
                        <i>1 0 0 0 1 0 0 0 1 0.203043 1.88844 -2.46664</i>
                        <i>1 0 0 0 1 0 0 0 1 0.199127 1.88976 -2.46649</i>
                        <i>1 0 0 0 1 0 0 0 1 0.195393 1.89107 -2.46634</i>
                        <i>1 0 0 0 1 0 0 0 1 0.191884 1.89235 -2.46617</i>
                        <i>1 0 0 0 1 0 0 0 1 0.188641 1.89359 -2.46601</i>
                    </KeyFrames>
                </p>
            </i>
            <i>
                <p>
                    <Name><![CDATA[spine0]]></Name>
                    <Exclude>0</Exclude>
                    <Additive>0</Additive>
                    <IKPriority>0</IKPriority>
                    <IKRotLimits>-1e+010 -1e+010 -1e+010 1e+010 1e+010 1e+010</IKRotLimits>
                    <IKRotLimitOrder>0</IKRotLimitOrder>
                    <KeyFrames count="97">
                        <i>-0.0716986 0.992018 -0.103724 -0.995989 -0.0656255 0.0608267 0.0535342 0.10767 0.992744 0.168776 2.00704 -2.55222</i>
                        <i>-0.0795861 0.9914 -0.103884 -0.995695 -0.0740947 0.0556962 0.04752 0.107869 0.993029 0.163214 2.00608 -2.55223</i>
                        <i>-0.0880678 0.99066 -0.104097 -0.995265 -0.0831972 0.050248 0.0411181 0.108029 0.993297 0.157332 2.00508 -2.55225</i>
                        <i>-0.0970535 0.989792 -0.104368 -0.994685 -0.092838 0.044529 0.0343852 0.108135 0.993541 0.15118 2.00403 -2.55229</i>
                        <i>-0.106453 0.98879 -0.1047 -0.993941 -0.102922 0.0385865 0.0273779 0.108174 0.993755 0.144807 2.00294 -2.55234</i>
                        <i>-0.116178 0.987653 -0.105096 -0.993024 -0.113355 0.0324674 0.0201534 0.108135 0.993932 0.138262 2.00181 -2.55241</i>
                        <i>-0.126137 0.986381 -0.105556 -0.991931 -0.124041 0.0262188 0.0127684 0.108011 0.994068 0.131596 2.00064 -2.55249</i>
                        <i>-0.136244 0.98498 -0.106078 -0.990661 -0.134888 0.0198874 0.00528005 0.107797 0.994159 0.124855 1.99944 -2.55259</i>
                        <i>-0.14641 0.983457 -0.106658 -0.989221 -0.145802 0.0135198 -0.00225478 0.107488 0.994204 0.118088 1.99822 -2.55271</i>
                        <i>-0.156548 0.981825 -0.107292 -0.987622 -0.156689 0.00716234 -0.00977939 0.107085 0.994202 0.111343 1.99698 -2.55284</i>
                        <i>-0.166572 0.9801 -0.107972 -0.985879 -0.16746 0.000860745 -0.0172374 0.106591 0.994154 0.104667 1.99572 -2.55299</i>
                        <i>-0.176398 0.9783 -0.108689 -0.984012 -0.178022 -0.00533956 -0.0245727 0.106009 0.994061 0.098106 1.99446 -2.55315</i>
                        <i>-0.185942 0.976448 -0.109431 -0.982048 -0.188286 -0.0113937 -0.0317296 0.105348 0.993929 0.0917062 1.9932 -2.55333</i>
                        <i>-0.195122 0.97457 -0.110186 -0.980017 -0.198163 -0.0172571 -0.0386531 0.104617 0.993761 0.0855129 1.99194 -2.55351</i>
                        <i>-0.203855 0.972695 -0.110939 -0.977953 -0.207567 -0.0228861 -0.0452885 0.103827 0.993564 0.0795713 1.9907 -2.55371</i>
                        <i>-0.212063 0.970854 -0.111674 -0.975894 -0.216411 -0.0282372 -0.0515817 0.102993 0.993344 0.0739256 1.98949 -2.55391</i>
                        <i>-0.219665 0.969082 -0.112374 -0.973881 -0.224611 -0.0332675 -0.0574793 0.102131 0.993109 0.0686199 1.9883 -2.55411</i>
                        <i>-0.226585 0.967412 -0.113021 -0.971956 -0.232082 -0.0379342 -0.0629281 0.101257 0.992868 0.0636978 1.98715 -2.55431</i>
                        <i>-0.232745 0.96588 -0.113598 -0.970166 -0.238741 -0.0421951 -0.0678759 0.100388 0.99263 0.0592023 1.98604 -2.55451</i>
                        <i>-0.238069 0.964525 -0.114086 -0.968556 -0.244506 -0.0460079 -0.0722703 0.0995452 0.992405 0.0551764 1.985 -2.5547</i>
                        <i>-0.242479 0.96338 -0.114466 -0.967171 -0.249294 -0.0493304 -0.0760596 0.0987462 0.992202 0.0516626 1.98401 -2.55489</i>
                        <i>-0.2459 0.962482 -0.114721 -0.966055 -0.253025 -0.0521202 -0.079192 0.0980103 0.99203 0.0487035 1.9831 -2.55505</i>
                        <i>-0.248255 0.961864 -0.114835 -0.96525 -0.255616 -0.0543343 -0.081616 0.0973561 0.991897 0.0463416 1.98226 -2.5552</i>
                        <i>-0.249466 0.961555 -0.114795 -0.964796 -0.256984 -0.0559294 -0.0832796 0.0968009 0.991814 0.0446195 1.98152 -2.55533</i>
                        <i>-0.249454 0.961583 -0.114587 -0.964725 -0.257045 -0.0568612 -0.0841307 0.0963605 0.991785 0.0435798 1.98087 -2.55544</i>
                        <i>-0.24814 0.961965 -0.114235 -0.96506 -0.255723 -0.0571354 -0.0841748 0.0960663 0.991809 0.0432278 1.98032 -2.55552</i>
                        <i>-0.245557 0.962682 -0.113776 -0.965781 -0.253061 -0.0568094 -0.0834818 0.0959331 0.991881 0.0435133 1.97987 -2.55557</i>
                        <i>-0.24179 0.9637 -0.113222 -0.96685 -0.24915 -0.0559155 -0.082095 0.095949 0.991995 0.0443959 1.9795 -2.55561</i>
                        <i>-0.236925 0.964982 -0.112587 -0.968224 -0.244078 -0.054485 -0.080057 0.0961006 0.992147 0.0458361 1.97922 -2.55562</i>
                        <i>-0.231045 0.966488 -0.111886 -0.969859 -0.237934 -0.0525496 -0.0774101 0.0963726 0.992331 0.0477943 1.97901 -2.55561</i>
                        <i>-0.224233 0.968178 -0.111136 -0.971707 -0.230806 -0.0501407 -0.074196 0.0967488 0.992539 0.0502316 1.97888 -2.55558</i>
                        <i>-0.216571 0.97001 -0.110353 -0.973721 -0.22278 -0.0472902 -0.0704564 0.0972116 0.992767 0.0531091 1.97882 -2.55553</i>
                        <i>-0.208144 0.971944 -0.109553 -0.975853 -0.213944 -0.0440304 -0.0662332 0.0977426 0.993005 0.0563883 1.97882 -2.55547</i>
                        <i>-0.199034 0.97394 -0.108748 -0.978057 -0.204385 -0.0403942 -0.061568 0.0983222 0.993248 0.0600305 1.97887 -2.55538</i>
                        <i>-0.189324 0.975962 -0.107953 -0.980288 -0.194191 -0.036415 -0.0565032 0.0989306 0.993489 0.0639973 1.97898 -2.55528</i>
                        <i>-0.179099 0.977976 -0.107176 -0.982504 -0.183449 -0.0321272 -0.0510811 0.0995474 0.993721 0.0682502 1.97913 -2.55516</i>
                        <i>-0.168444 0.979949 -0.106427 -0.984668 -0.172249 -0.0275656 -0.0453447 0.100152 0.993938 0.0727509 1.97933 -2.55502</i>
                        <i>-0.157445 0.981854 -0.105709 -0.986744 -0.16068 -0.0227655 -0.0393377 0.100723 0.994137 0.0774607 1.97956 -2.55488</i>
                        <i>-0.14619 0.983666 -0.105024 -0.988703 -0.148835 -0.0177631 -0.0331041 0.10124 0.994311 0.082341 1.97981 -2.55472</i>
                        <i>-0.134766 0.985365 -0.104371 -0.990518 -0.136805 -0.0125948 -0.0266888 0.101684 0.994459 0.087353 1.98009 -2.55455</i>
                        <i>-0.123263 0.986936 -0.103744 -0.99217 -0.124684 -0.0072974 -0.0201373 0.102033 0.994577 0.0924577 1.98039 -2.55436</i>
                        <i>-0.111771 0.988367 -0.103137 -0.993642 -0.112567 -0.00190806 -0.0134957 0.102268 0.994665 0.0976161 1.9807 -2.55417</i>
                        <i>-0.100381 0.989651 -0.102538 -0.994926 -0.10055 0.00353598 -0.00681077 0.102372 0.994723 0.102789 1.98102 -2.55397</i>
                        <i>-0.0891862 0.990785 -0.101931 -0.996015 -0.0887313 0.00899735 -0.000130028 0.102327 0.994751 0.107936 1.98133 -2.55377</i>
                        <i>-0.0782785 0.991772 -0.1013 -0.99691 -0.0772093 0.0144387 0.00649859 0.102117 0.994751 0.113019 1.98164 -2.55355</i>
                        <i>-0.0677518 0.992615 -0.100624 -0.997617 -0.0660837 0.0198225 0.0130265 0.101727 0.994727 0.117997 1.98194 -2.55333</i>
                        <i>-0.0576999 0.993325 -0.0998795 -0.998145 -0.0554549 0.0251113 0.0194049 0.101143 0.994683 0.122829 1.98222 -2.5531</i>
                        <i>-0.048217 0.993914 -0.0990428 -0.998509 -0.0454238 0.0302676 0.0255845 0.100355 0.994623 0.127476 1.98248 -2.55287</i>
                        <i>-0.0393976 0.994398 -0.0980871 -0.998726 -0.0360918 0.0352534 0.0315158 0.0993511 0.994553 0.131897 1.9827 -2.55263</i>
                        <i>-0.0306282 0.994822 -0.0969097 -0.998822 -0.0268126 0.0404338 0.037626 0.098034 0.994472 0.136407 1.98292 -2.55236</i>
                        <i>-0.0212834 0.995207 -0.0954479 -0.998791 -0.0169333 0.0461562 0.0443187 0.0963148 0.994364 0.141318 1.98314 -2.55206</i>
                        <i>-0.0114399 0.995532 -0.0937331 -0.998607 -0.00654579 0.0523557 0.0515082 0.0942015 0.99422 0.146581 1.98336 -2.55172</i>
                        <i>-0.00117572 0.995777 -0.0917961 -0.998251 0.00425722 0.0589666 0.0591084 0.0917049 0.99403 0.152149 1.98359 -2.55134</i>
                        <i>0.00943019 0.995927 -0.0896668 -0.997706 0.0153823 0.0659228 0.0670336 0.0888395 0.993788 0.157973 1.98383 -2.55092</i>
                        <i>0.0202972 0.995969 -0.0873747 -0.996962 0.0267355 0.0731576 0.0751987 0.0856243 0.993486 0.164004 1.98408 -2.55048</i>
                        <i>0.0313433 0.995892 -0.0849484 -0.996013 0.0382225 0.080604 0.0835199 0.0820833 0.99312 0.170195 1.98435 -2.55002</i>
                        <i>0.0424844 0.995692 -0.0824165 -0.99486 0.049749 0.0881947 0.0919148 0.078246 0.992688 0.176496 1.98462 -2.54953</i>
                        <i>0.0536349 0.995366 -0.0798072 -0.99351 0.0612209 0.0958621 0.100304 0.0741477 0.99219 0.182858 1.98491 -2.54903</i>
                        <i>0.0647074 0.994918 -0.0771485 -0.991976 0.0725448 0.103539 0.108609 0.0698298 0.991629 0.189233 1.98521 -2.54852</i>
                        <i>0.075613 0.994353 -0.0744683 -0.990278 0.0836279 0.111158 0.116758 0.0653394 0.991009 0.19557 1.98553 -2.54801</i>
                        <i>0.086261 0.993682 -0.0717946 -0.98844 0.0943787 0.118651 0.124677 0.0607297 0.990337 0.20182 1.98585 -2.54749</i>
                        <i>0.0965595 0.992922 -0.0691551 -0.986495 0.104707 0.125953 0.132302 0.0560593 0.989623 0.207933 1.98618 -2.54699</i>
                        <i>0.106415 0.99209 -0.0665781 -0.984478 0.114524 0.132995 0.139568 0.0513919 0.988878 0.213859 1.98653 -2.54649</i>
                        <i>0.115734 0.99121 -0.0640917 -0.98243 0.123743 0.139713 0.146416 0.046796 0.988116 0.219545 1.98688 -2.54602</i>
                        <i>0.12442 0.990308 -0.0617245 -0.980395 0.132277 0.146041 0.15279 0.0423439 0.987351 0.224943 1.98724 -2.54558</i>
                        <i>0.132379 0.989411 -0.0595055 -0.978422 0.140045 0.151913 0.158638 0.0381114 0.986601 0.229999 1.98761 -2.54517</i>
                        <i>0.139512 0.988552 -0.0574639 -0.97656 0.146962 0.157265 0.163909 0.0341766 0.985883 0.234662 1.98798 -2.5448</i>
                        <i>0.145725 0.98776 -0.05563 -0.97486 0.152947 0.162032 0.168557 0.0306193 0.985216 0.23888 1.98835 -2.54448</i>
                        <i>0.150919 0.987068 -0.0540344 -0.973373 0.157921 0.166152 0.172536 0.0275201 0.984619 0.242601 1.98873 -2.54422</i>
                        <i>0.154999 0.986508 -0.0527087 -0.972147 0.161802 0.16956 0.1758 0.0249591 0.984109 0.245773 1.98911 -2.54402</i>
                        <i>0.157867 0.986107 -0.0516858 -0.971229 0.16451 0.172194 0.178304 0.0230151 0.983706 0.248343 1.98949 -2.54388</i>
                        <i>0.159427 0.985892 -0.0509994 -0.970661 0.165964 0.173991 0.180001 0.0217643 0.983426 0.250259 1.98988 -2.54382</i>
                        <i>0.159583 0.985883 -0.0506849 -0.970479 0.166081 0.17489 0.180839 0.0212791 0.983283 0.251468 1.99028 -2.54384</i>
                        <i>0.15826 0.986094 -0.0507134 -0.970702 0.164784 0.174882 0.180807 0.0215508 0.983282 0.25196 1.99069 -2.54393</i>
                        <i>0.155507 0.986516 -0.0510236 -0.971304 0.16211 0.174039 0.179964 0.0224951 0.983416 0.251789 1.99111 -2.5441</i>
                        <i>0.151417 0.987122 -0.051604 -0.972245 0.158148 0.172419 0.178359 0.0240647 0.983671 0.250998 1.99156 -2.54433</i>
                        <i>0.146084 0.987881 -0.0524447 -0.973483 0.152984 0.170079 0.176041 0.0262082 0.984034 0.249631 1.99202 -2.54462</i>
                        <i>0.139604 0.988759 -0.0535359 -0.974968 0.146703 0.167078 0.173054 0.0288711 0.984489 0.247731 1.99251 -2.54495</i>
                        <i>0.132071 0.98972 -0.0548685 -0.976651 0.13939 0.163474 0.169442 0.0319971 0.985021 0.245343 1.99303 -2.54532</i>
                        <i>0.123584 0.990728 -0.0564329 -0.978478 0.131131 0.159325 0.165248 0.0355284 0.985612 0.24251 1.99357 -2.54573</i>
                        <i>0.114238 0.991746 -0.0582194 -0.9804 0.122012 0.154689 0.160516 0.0394069 0.986246 0.239276 1.99414 -2.54617</i>
                        <i>0.104133 0.992739 -0.0602172 -0.982365 0.112121 0.149624 0.155289 0.0435744 0.986908 0.235685 1.99474 -2.54662</i>
                        <i>0.0933667 0.993674 -0.0624145 -0.984326 0.101545 0.144188 0.149614 0.0479738 0.98758 0.23178 1.99538 -2.54709</i>
                        <i>0.0820387 0.99452 -0.0647983 -0.986239 0.0903756 0.138439 0.143536 0.0525492 0.988249 0.227606 1.99605 -2.54756</i>
                        <i>0.0702485 0.995253 -0.067354 -0.988062 0.0787035 0.132434 0.137106 0.0572467 0.988901 0.223207 1.99675 -2.54803</i>
                        <i>0.0580958 0.995849 -0.0700656 -0.989761 0.0666219 0.126231 0.130375 0.0620147 0.989523 0.218625 1.99748 -2.5485</i>
                        <i>0.04568 0.996292 -0.072915 -0.991306 0.0542254 0.119887 0.123396 0.0668047 0.990106 0.213905 1.99825 -2.54896</i>
                        <i>0.0331001 0.996567 -0.0758826 -0.992671 0.0416098 0.113458 0.116226 0.071571 0.990641 0.20909 1.99905 -2.5494</i>
                        <i>0.0204547 0.996669 -0.0789465 -0.99384 0.0288721 0.107 0.108923 0.0762715 0.99112 0.204224 1.99987 -2.54982</i>
                        <i>0.00784101 0.996595 -0.0820832 -0.9948 0.0161102 0.100569 0.101549 0.0808678 0.991538 0.199352 2.00073 -2.55022</i>
                        <i>-0.00464484 0.996347 -0.0852674 -0.995545 0.0034223 0.0942206 0.0941683 0.0853252 0.991893 0.194517 2.0016 -2.5506</i>
                        <i>-0.0169082 0.995935 -0.0884717 -0.996078 -0.0090927 0.0880077 0.0868455 0.0896128 0.992183 0.189763 2.00249 -2.55094</i>
                        <i>-0.0288562 0.995372 -0.091667 -0.996405 -0.021336 0.0819842 0.079649 0.0937033 0.992409 0.185135 2.0034 -2.55126</i>
                        <i>-0.0403976 0.994674 -0.0948228 -0.996539 -0.0332089 0.0762029 0.0726481 0.0975731 0.992573 0.180677 2.00431 -2.55154</i>
                        <i>-0.0514431 0.993865 -0.0979069 -0.996498 -0.0446132 0.0707155 0.0659137 0.101202 0.99268 0.176435 2.00523 -2.5518</i>
                        <i>-0.0619053 0.99297 -0.100886 -0.996306 -0.055451 0.0655733 0.0595181 0.104572 0.992735 0.172452 2.00614 -2.55202</i>
                        <i>-0.0716986 0.992018 -0.103724 -0.995989 -0.0656255 0.0608267 0.0535342 0.10767 0.992744 0.168776 2.00704 -2.55222</i>
                    </KeyFrames>
                </p>
            </i>
            <i>
                <p>
                    <Name><![CDATA[spine1]]></Name>
                    <Exclude>0</Exclude>
                    <Additive>0</Additive>
                    <IKPriority>0</IKPriority>
                    <IKRotLimits>-1e+010 -1e+010 -1e+010 1e+010 1e+010 1e+010</IKRotLimits>
                    <IKRotLimitOrder>0</IKRotLimitOrder>
                    <KeyFrames count="97">
                        <i>0.085936 0.933974 0.346854 -0.995611 0.0675517 0.0647746 0.0370672 -0.350898 0.93568 0.156276 2.17997 -2.57032</i>
                        <i>0.0675899 0.935487 0.346835 -0.997059 0.0507422 0.0574405 0.0361356 -0.349698 0.936165 0.149304 2.17935 -2.5704</i>
                        <i>0.0479796 0.93674 0.346723 -0.998232 0.0327729 0.0495931 0.0350927 -0.348489 0.936656 0.141899 2.17867 -2.57051</i>
                        <i>0.0273097 0.937657 0.346488 -0.999051 0.0138333 0.0413085 0.0339401 -0.347287 0.937144 0.134126 2.17794 -2.57065</i>
                        <i>0.00578485 0.938178 0.346106 -0.999449 -0.00588736 0.0326636 0.0326819 -0.346104 0.937627 0.126051 2.17714 -2.57081</i>
                        <i>-0.0163906 0.938254 0.345558 -0.999375 -0.0262004 0.0237363 0.0313244 -0.344953 0.938097 0.117738 2.17628 -2.571</i>
                        <i>-0.0390137 0.937853 0.344833 -0.998792 -0.0469186 0.0146047 0.0298761 -0.343846 0.938551 0.109251 2.17536 -2.57122</i>
                        <i>-0.0618836 0.936957 0.343922 -0.997681 -0.0678569 0.00534704 0.0283474 -0.342794 0.938983 0.100655 2.17439 -2.57147</i>
                        <i>-0.0848021 0.935563 0.342826 -0.996039 -0.0888332 -0.00395862 0.0267508 -0.341804 0.93939 0.092014 2.17336 -2.57174</i>
                        <i>-0.107575 0.933686 0.341552 -0.99388 -0.109669 -0.013235 0.0251002 -0.340885 0.93977 0.0833908 2.17229 -2.57204</i>
                        <i>-0.130012 0.931355 0.34011 -0.991236 -0.130189 -0.022406 0.0234108 -0.340043 0.940119 0.0748489 2.17117 -2.57237</i>
                        <i>-0.151929 0.928613 0.33852 -0.988153 -0.150225 -0.0313968 0.0216988 -0.33928 0.940435 0.066451 2.17002 -2.57271</i>
                        <i>-0.173147 0.925517 0.336806 -0.984693 -0.169612 -0.0401344 0.0199812 -0.3386 0.940718 0.058259 2.16885 -2.57307</i>
                        <i>-0.193491 0.922139 0.334995 -0.980932 -0.188191 -0.0485476 0.0182754 -0.338001 0.940968 0.0503345 2.16765 -2.57343</i>
                        <i>-0.212794 0.918558 0.333122 -0.976956 -0.205808 -0.0565672 0.0165987 -0.337482 0.941186 0.0427383 2.16646 -2.57381</i>
                        <i>-0.230894 0.914866 0.331222 -0.972864 -0.222315 -0.0641263 0.0149687 -0.33704 0.941371 0.0355307 2.16527 -2.57419</i>
                        <i>-0.247636 0.911161 0.329336 -0.968761 -0.23757 -0.0711599 0.0134022 -0.33667 0.941527 0.0287713 2.1641 -2.57456</i>
                        <i>-0.262866 0.907547 0.327507 -0.964759 -0.251432 -0.0776045 0.0119161 -0.336364 0.941656 0.0225193 2.16297 -2.57492</i>
                        <i>-0.276438 0.904131 0.325776 -0.960974 -0.263768 -0.0833984 0.0105262 -0.336116 0.941762 0.0168331 2.16189 -2.57526</i>
                        <i>-0.288207 0.901021 0.324187 -0.957523 -0.274445 -0.0884808 0.00924824 -0.335917 0.941846 0.0117709 2.16086 -2.57557</i>
                        <i>-0.298029 0.898327 0.322782 -0.954523 -0.283331 -0.0927915 0.00809707 -0.335757 0.941914 0.00739058 2.15992 -2.57585</i>
                        <i>-0.30576 0.896149 0.321601 -0.952082 -0.290296 -0.09627 0.00708712 -0.335626 0.941969 0.00374974 2.15907 -2.5761</i>
                        <i>-0.311256 0.894586 0.320681 -0.950306 -0.295206 -0.0988551 0.00623259 -0.335514 0.942014 0.000906001 2.15832 -2.57629</i>
                        <i>-0.314366 0.893722 0.320054 -0.949286 -0.297926 -0.100484 0.00554737 -0.335411 0.942055 -0.00108284 2.15769 -2.57644</i>
                        <i>-0.314937 0.893632 0.319744 -0.949099 -0.298314 -0.101092 0.00504541 -0.335307 0.942095 -0.00215864 2.1572 -2.57652</i>
                        <i>-0.312722 0.894412 0.319739 -0.949833 -0.296133 -0.10061 0.00469889 -0.335161 0.942149 -0.00230099 2.15684 -2.57655</i>
                        <i>-0.307715 0.896057 0.319989 -0.951468 -0.291369 -0.0990603 0.00447108 -0.334942 0.942228 -0.00156636 2.15662 -2.57654</i>
                        <i>-0.300112 0.898464 0.32046 -0.953894 -0.284204 -0.0965117 0.00436358 -0.334649 0.942333 -1.1184e-005 2.15651 -2.57648</i>
                        <i>-0.290103 0.901515 0.321108 -0.956985 -0.274818 -0.0930297 0.00437846 -0.334284 0.942462 0.00230873 2.15652 -2.57638</i>
                        <i>-0.277875 0.905082 0.321889 -0.960607 -0.263383 -0.0886793 0.00451827 -0.333851 0.942615 0.00533802 2.15663 -2.57625</i>
                        <i>-0.263612 0.909031 0.322756 -0.964617 -0.250075 -0.0835258 0.00478569 -0.333354 0.942789 0.00902169 2.15683 -2.57609</i>
                        <i>-0.247501 0.913229 0.32366 -0.968874 -0.235067 -0.0776352 0.00518322 -0.332801 0.942983 0.0133051 2.15711 -2.57589</i>
                        <i>-0.229732 0.917543 0.324557 -0.973237 -0.218536 -0.0710749 0.00571293 -0.332199 0.943192 0.0181336 2.15746 -2.57568</i>
                        <i>-0.210498 0.921848 0.325402 -0.977573 -0.200661 -0.0639145 0.00637626 -0.331558 0.943413 0.0234528 2.15787 -2.57544</i>
                        <i>-0.189997 0.926025 0.326158 -0.981758 -0.181629 -0.0562254 0.00717359 -0.330891 0.943642 0.0292083 2.15833 -2.57519</i>
                        <i>-0.168434 0.929967 0.326791 -0.98568 -0.161628 -0.0480817 0.00810426 -0.330209 0.943873 0.0353454 2.15882 -2.57492</i>
                        <i>-0.146017 0.93358 0.327273 -0.98924 -0.140855 -0.0395593 0.00916619 -0.329528 0.944101 0.0418097 2.15934 -2.57465</i>
                        <i>-0.122962 0.936786 0.327587 -0.992357 -0.119508 -0.0307364 0.0103559 -0.328862 0.944321 0.0485461 2.15988 -2.57436</i>
                        <i>-0.0994894 0.939522 0.327719 -0.99497 -0.0977942 -0.0216928 0.0116682 -0.328229 0.944526 0.0554997 2.16043 -2.57407</i>
                        <i>-0.0758227 0.941746 0.327667 -0.997035 -0.0759217 -0.0125094 0.0130964 -0.327644 0.944711 0.0626152 2.16098 -2.57378</i>
                        <i>-0.0521893 0.943431 0.327436 -0.99853 -0.0541031 -0.00326794 0.0146322 -0.327126 0.944868 0.0698369 2.16152 -2.57348</i>
                        <i>-0.0288188 0.94457 0.327042 -0.999452 -0.0325532 0.00594939 0.0162659 -0.326691 0.944991 0.077109 2.16204 -2.57317</i>
                        <i>-0.00594168 0.945176 0.326508 -0.999821 -0.0114879 0.0150608 0.017986 -0.32636 0.945075 0.0843753 2.16255 -2.57286</i>
                        <i>0.016212 0.945277 0.325865 -0.999673 0.00887661 0.023985 0.0197799 -0.326147 0.945112 0.0915794 2.16304 -2.57253</i>
                        <i>0.0374134 0.944921 0.325154 -0.999066 0.028325 0.0326416 0.0216337 -0.326072 0.945097 0.0986645 2.16349 -2.5722</i>
                        <i>0.0574356 0.944166 0.324424 -0.998072 0.0466435 0.0409514 0.0235327 -0.326151 0.945025 0.105574 2.16392 -2.57185</i>
                        <i>0.0760547 0.943088 0.323728 -0.996778 0.0636208 0.0488363 0.0254611 -0.326399 0.944889 0.11225 2.16432 -2.57148</i>
                        <i>0.0930505 0.94177 0.323126 -0.995284 0.0790488 0.0562191 0.0274027 -0.326834 0.944685 0.118635 2.16468 -2.5711</i>
                        <i>0.108206 0.940301 0.322684 -0.993695 0.0927223 0.0630231 0.0293407 -0.327469 0.944406 0.124672 2.165 -2.57068</i>
                        <i>0.122509 0.938634 0.322425 -0.99197 0.105522 0.0697162 0.031415 -0.328376 0.944024 0.130789 2.16531 -2.5702</i>
                        <i>0.137039 0.936661 0.322315 -0.989991 0.118421 0.0767797 0.0337477 -0.329611 0.943514 0.137412 2.16563 -2.56963</i>
                        <i>0.151717 0.934387 0.32234 -0.987757 0.131351 0.0841563 0.0362948 -0.331162 0.942876 0.144479 2.16596 -2.56898</i>
                        <i>0.166465 0.931822 0.322486 -0.985275 0.144248 0.091788 0.039012 -0.333017 0.942114 0.151929 2.16629 -2.56825</i>
                        <i>0.181206 0.92898 0.32274 -0.982554 0.157048 0.0996159 0.0418555 -0.335161 0.941231 0.159699 2.16662 -2.56745</i>
                        <i>0.19586 0.925877 0.323095 -0.979609 0.169685 0.107581 0.0447821 -0.337577 0.940232 0.167725 2.16695 -2.5666</i>
                        <i>0.210353 0.922536 0.32354 -0.976459 0.182099 0.115623 0.0477498 -0.340245 0.939124 0.175946 2.16727 -2.56569</i>
                        <i>0.224607 0.918983 0.324071 -0.973128 0.194226 0.123682 0.0507187 -0.343142 0.937913 0.184295 2.16758 -2.56475</i>
                        <i>0.238547 0.915248 0.324679 -0.969648 0.206006 0.131699 0.0536511 -0.346241 0.93661 0.19271 2.16788 -2.56378</i>
                        <i>0.252097 0.911366 0.325359 -0.96605 0.217381 0.139614 0.0565121 -0.349509 0.935227 0.201123 2.16816 -2.56278</i>
                        <i>0.265183 0.907378 0.326104 -0.962375 0.228293 0.147367 0.0592699 -0.352914 0.933777 0.20947 2.16843 -2.56178</i>
                        <i>0.27773 0.903325 0.326909 -0.958663 0.238686 0.1549 0.0618961 -0.356416 0.932275 0.217683 2.16869 -2.56078</i>
                        <i>0.289664 0.899258 0.327765 -0.954961 0.248505 0.162153 0.0643662 -0.359973 0.93074 0.225695 2.16893 -2.55979</i>
                        <i>0.300914 0.895225 0.328667 -0.951319 0.257697 0.16907 0.066659 -0.363543 0.92919 0.233437 2.16915 -2.55883</i>
                        <i>0.311406 0.891284 0.329606 -0.947786 0.266212 0.175592 0.0687574 -0.367076 0.927646 0.240841 2.16936 -2.5579</i>
                        <i>0.321068 0.887489 0.330572 -0.944417 0.273998 0.181663 0.0706476 -0.370524 0.926132 0.247838 2.16956 -2.55702</i>
                        <i>0.32983 0.883902 0.331557 -0.941266 0.281006 0.187225 0.0723192 -0.373836 0.924671 0.254357 2.16975 -2.5562</i>
                        <i>0.33762 0.880582 0.332549 -0.938388 0.28719 0.192225 0.0737649 -0.376958 0.923288 0.260329 2.16994 -2.55546</i>
                        <i>0.344366 0.877591 0.333535 -0.935836 0.292501 0.196605 0.0749793 -0.379839 0.922009 0.265683 2.17011 -2.5548</i>
                        <i>0.349999 0.87499 0.334504 -0.933665 0.296891 0.200311 0.0759592 -0.382423 0.92086 0.270349 2.17029 -2.55423</i>
