<?xml version="1.0" encoding="ISO-8859-1" ?>
<Animl Version="1">
    <ModellingPackage><![CDATA[Maya.2010]]></ModellingPackage>
    <SrcFile><![CDATA[anims\turrets\machinegun\red\~src\mgun_pkp\mgun_pkp_aim_down_crewman_c.mb]]></SrcFile>
    <FramesPerSecond>30</FramesPerSecond>
    <TotalFrames>97</TotalFrames>
    <Skeleton>
        <RefFrame>
            <Name><![CDATA[soldier_ref_frame]]></Name>
            <Exclude>0</Exclude>
            <Additive>0</Additive>
            <IKPriority>0</IKPriority>
            <IKRotLimits>-1e+010 -1e+010 -1e+010 1e+010 1e+010 1e+010</IKRotLimits>
            <IKRotLimitOrder>0</IKRotLimitOrder>
            <KeyFrames count="97">
                <i>1 0 0 0 1 0 0 0 1 -0.9862 0.943922 -0.0847335</i>
                <i>1 0 0 0 1 0 0 0 1 -0.9862 0.943922 -0.0847335</i>
                <i>1 0 0 0 1 0 0 0 1 -0.9862 0.943922 -0.0847335</i>
                <i>1 0 0 0 1 0 0 0 1 -0.9862 0.943922 -0.0847335</i>
                <i>1 0 0 0 1 0 0 0 1 -0.9862 0.943922 -0.0847335</i>
                <i>1 0 0 0 1 0 0 0 1 -0.9862 0.943922 -0.0847335</i>
                <i>1 0 0 0 1 0 0 0 1 -0.9862 0.943922 -0.0847335</i>
                <i>1 0 0 0 1 0 0 0 1 -0.9862 0.943922 -0.0847335</i>
                <i>1 0 0 0 1 0 0 0 1 -0.9862 0.943922 -0.0847335</i>
                <i>1 0 0 0 1 0 0 0 1 -0.9862 0.943922 -0.0847335</i>
                <i>1 0 0 0 1 0 0 0 1 -0.9862 0.943922 -0.0847335</i>
                <i>1 0 0 0 1 0 0 0 1 -0.9862 0.943922 -0.0847335</i>
                <i>1 0 0 0 1 0 0 0 1 -0.9862 0.943922 -0.0847335</i>
                <i>1 0 0 0 1 0 0 0 1 -0.9862 0.943922 -0.0847335</i>
                <i>1 0 0 0 1 0 0 0 1 -0.9862 0.943922 -0.0847335</i>
                <i>1 0 0 0 1 0 0 0 1 -0.9862 0.943922 -0.0847335</i>
                <i>1 0 0 0 1 0 0 0 1 -0.9862 0.943922 -0.0847335</i>
                <i>1 0 0 0 1 0 0 0 1 -0.9862 0.943922 -0.0847335</i>
                <i>1 0 0 0 1 0 0 0 1 -0.9862 0.943922 -0.0847335</i>
                <i>1 0 0 0 1 0 0 0 1 -0.9862 0.943922 -0.0847335</i>
                <i>1 0 0 0 1 0 0 0 1 -0.9862 0.943922 -0.0847335</i>
                <i>1 0 0 0 1 0 0 0 1 -0.9862 0.943922 -0.0847335</i>
                <i>1 0 0 0 1 0 0 0 1 -0.9862 0.943922 -0.0847335</i>
                <i>1 0 0 0 1 0 0 0 1 -0.9862 0.943922 -0.0847335</i>
                <i>1 0 0 0 1 0 0 0 1 -0.9862 0.943922 -0.0847335</i>
                <i>1 0 0 0 1 0 0 0 1 -0.9862 0.943922 -0.0847335</i>
                <i>1 0 0 0 1 0 0 0 1 -0.9862 0.943922 -0.0847335</i>
                <i>1 0 0 0 1 0 0 0 1 -0.9862 0.943922 -0.0847335</i>
                <i>1 0 0 0 1 0 0 0 1 -0.9862 0.943922 -0.0847335</i>
                <i>1 0 0 0 1 0 0 0 1 -0.9862 0.943922 -0.0847335</i>
                <i>1 0 0 0 1 0 0 0 1 -0.9862 0.943922 -0.0847335</i>
                <i>1 0 0 0 1 0 0 0 1 -0.9862 0.943922 -0.0847335</i>
                <i>1 0 0 0 1 0 0 0 1 -0.9862 0.943922 -0.0847335</i>
                <i>1 0 0 0 1 0 0 0 1 -0.9862 0.943922 -0.0847335</i>
                <i>1 0 0 0 1 0 0 0 1 -0.9862 0.943922 -0.0847335</i>
                <i>1 0 0 0 1 0 0 0 1 -0.9862 0.943922 -0.0847335</i>
                <i>1 0 0 0 1 0 0 0 1 -0.9862 0.943922 -0.0847335</i>
                <i>1 0 0 0 1 0 0 0 1 -0.9862 0.943922 -0.0847335</i>
                <i>1 0 0 0 1 0 0 0 1 -0.9862 0.943922 -0.0847335</i>
                <i>1 0 0 0 1 0 0 0 1 -0.9862 0.943922 -0.0847335</i>
                <i>1 0 0 0 1 0 0 0 1 -0.9862 0.943922 -0.0847335</i>
                <i>1 0 0 0 1 0 0 0 1 -0.9862 0.943922 -0.0847335</i>
                <i>1 0 0 0 1 0 0 0 1 -0.9862 0.943922 -0.0847335</i>
                <i>1 0 0 0 1 0 0 0 1 -0.9862 0.943922 -0.0847335</i>
                <i>1 0 0 0 1 0 0 0 1 -0.9862 0.943922 -0.0847335</i>
                <i>1 0 0 0 1 0 0 0 1 -0.9862 0.943922 -0.0847335</i>
                <i>1 0 0 0 1 0 0 0 1 -0.9862 0.943922 -0.0847335</i>
                <i>1 0 0 0 1 0 0 0 1 -0.9862 0.943922 -0.0847335</i>
                <i>1 0 0 0 1 0 0 0 1 -0.9862 0.943922 -0.0847335</i>
                <i>1 0 0 0 1 0 0 0 1 -0.9862 0.943922 -0.0847335</i>
                <i>1 0 0 0 1 0 0 0 1 -0.9862 0.943922 -0.0847335</i>
                <i>1 0 0 0 1 0 0 0 1 -0.9862 0.943922 -0.0847335</i>
                <i>1 0 0 0 1 0 0 0 1 -0.9862 0.943922 -0.0847335</i>
                <i>1 0 0 0 1 0 0 0 1 -0.9862 0.943922 -0.0847335</i>
                <i>1 0 0 0 1 0 0 0 1 -0.9862 0.943922 -0.0847335</i>
                <i>1 0 0 0 1 0 0 0 1 -0.9862 0.943922 -0.0847335</i>
                <i>1 0 0 0 1 0 0 0 1 -0.9862 0.943922 -0.0847335</i>
                <i>1 0 0 0 1 0 0 0 1 -0.9862 0.943922 -0.0847335</i>
                <i>1 0 0 0 1 0 0 0 1 -0.9862 0.943922 -0.0847335</i>
                <i>1 0 0 0 1 0 0 0 1 -0.9862 0.943922 -0.0847335</i>
                <i>1 0 0 0 1 0 0 0 1 -0.9862 0.943922 -0.0847335</i>
                <i>1 0 0 0 1 0 0 0 1 -0.9862 0.943922 -0.0847335</i>
                <i>1 0 0 0 1 0 0 0 1 -0.9862 0.943922 -0.0847335</i>
                <i>1 0 0 0 1 0 0 0 1 -0.9862 0.943922 -0.0847335</i>
                <i>1 0 0 0 1 0 0 0 1 -0.9862 0.943922 -0.0847335</i>
                <i>1 0 0 0 1 0 0 0 1 -0.9862 0.943922 -0.0847335</i>
                <i>1 0 0 0 1 0 0 0 1 -0.9862 0.943922 -0.0847335</i>
                <i>1 0 0 0 1 0 0 0 1 -0.9862 0.943922 -0.0847335</i>
                <i>1 0 0 0 1 0 0 0 1 -0.9862 0.943922 -0.0847335</i>
                <i>1 0 0 0 1 0 0 0 1 -0.9862 0.943922 -0.0847335</i>
                <i>1 0 0 0 1 0 0 0 1 -0.9862 0.943922 -0.0847335</i>
                <i>1 0 0 0 1 0 0 0 1 -0.9862 0.943922 -0.0847335</i>
                <i>1 0 0 0 1 0 0 0 1 -0.9862 0.943922 -0.0847335</i>
                <i>1 0 0 0 1 0 0 0 1 -0.9862 0.943922 -0.0847335</i>
                <i>1 0 0 0 1 0 0 0 1 -0.9862 0.943922 -0.0847335</i>
                <i>1 0 0 0 1 0 0 0 1 -0.9862 0.943922 -0.0847335</i>
                <i>1 0 0 0 1 0 0 0 1 -0.9862 0.943922 -0.0847335</i>
                <i>1 0 0 0 1 0 0 0 1 -0.9862 0.943922 -0.0847335</i>
                <i>1 0 0 0 1 0 0 0 1 -0.9862 0.943922 -0.0847335</i>
                <i>1 0 0 0 1 0 0 0 1 -0.9862 0.943922 -0.0847335</i>
                <i>1 0 0 0 1 0 0 0 1 -0.9862 0.943922 -0.0847335</i>
                <i>1 0 0 0 1 0 0 0 1 -0.9862 0.943922 -0.0847335</i>
                <i>1 0 0 0 1 0 0 0 1 -0.9862 0.943922 -0.0847335</i>
                <i>1 0 0 0 1 0 0 0 1 -0.9862 0.943922 -0.0847335</i>
                <i>1 0 0 0 1 0 0 0 1 -0.9862 0.943922 -0.0847335</i>
                <i>1 0 0 0 1 0 0 0 1 -0.9862 0.943922 -0.0847335</i>
                <i>1 0 0 0 1 0 0 0 1 -0.9862 0.943922 -0.0847335</i>
                <i>1 0 0 0 1 0 0 0 1 -0.9862 0.943922 -0.0847335</i>
                <i>1 0 0 0 1 0 0 0 1 -0.9862 0.943922 -0.0847335</i>
                <i>1 0 0 0 1 0 0 0 1 -0.9862 0.943922 -0.0847335</i>
                <i>1 0 0 0 1 0 0 0 1 -0.9862 0.943922 -0.0847335</i>
                <i>1 0 0 0 1 0 0 0 1 -0.9862 0.943922 -0.0847335</i>
                <i>1 0 0 0 1 0 0 0 1 -0.9862 0.943922 -0.0847335</i>
                <i>1 0 0 0 1 0 0 0 1 -0.9862 0.943922 -0.0847335</i>
                <i>1 0 0 0 1 0 0 0 1 -0.9862 0.943922 -0.0847335</i>
                <i>1 0 0 0 1 0 0 0 1 -0.9862 0.943922 -0.0847335</i>
                <i>1 0 0 0 1 0 0 0 1 -0.9862 0.943922 -0.0847335</i>
            </KeyFrames>
        </RefFrame>
        <Bones count="23">
            <i>
                <p>
                    <Name><![CDATA[pelvis]]></Name>
                    <Exclude>0</Exclude>
                    <Additive>0</Additive>
                    <IKPriority>0</IKPriority>
                    <IKRotLimits>-1e+010 -1e+010 -1e+010 1e+010 1e+010 1e+010</IKRotLimits>
                    <IKRotLimitOrder>2</IKRotLimitOrder>
                    <KeyFrames count="97">
                        <i>1 0 0 0 1 0 0 0 1 -0.9862 1.53801 -0.0847335</i>
                        <i>1 0 0 0 1 0 0 0 1 -0.9862 1.53851 -0.0847335</i>
                        <i>1 0 0 0 1 0 0 0 1 -0.9862 1.53899 -0.0847335</i>
                        <i>1 0 0 0 1 0 0 0 1 -0.9862 1.53945 -0.0847335</i>
                        <i>1 0 0 0 1 0 0 0 1 -0.9862 1.53989 -0.0847335</i>
                        <i>1 0 0 0 1 0 0 0 1 -0.9862 1.54032 -0.0847335</i>
                        <i>1 0 0 0 1 0 0 0 1 -0.9862 1.54072 -0.0847335</i>
                        <i>1 0 0 0 1 0 0 0 1 -0.9862 1.54109 -0.0847335</i>
                        <i>1 0 0 0 1 0 0 0 1 -0.9862 1.54144 -0.0847335</i>
                        <i>1 0 0 0 1 0 0 0 1 -0.9862 1.54176 -0.0847335</i>
                        <i>1 0 0 0 1 0 0 0 1 -0.9862 1.54205 -0.0847335</i>
                        <i>1 0 0 0 1 0 0 0 1 -0.9862 1.54231 -0.0847335</i>
                        <i>1 0 0 0 1 0 0 0 1 -0.9862 1.54253 -0.0847335</i>
                        <i>1 0 0 0 1 0 0 0 1 -0.9862 1.54271 -0.0847335</i>
                        <i>1 0 0 0 1 0 0 0 1 -0.9862 1.54286 -0.0847335</i>
                        <i>1 0 0 0 1 0 0 0 1 -0.9862 1.54297 -0.0847335</i>
                        <i>1 0 0 0 1 0 0 0 1 -0.9862 1.54304 -0.0847335</i>
                        <i>1 0 0 0 1 0 0 0 1 -0.9862 1.54306 -0.0847335</i>
                        <i>1 0 0 0 1 0 0 0 1 -0.9862 1.54304 -0.0847335</i>
                        <i>1 0 0 0 1 0 0 0 1 -0.9862 1.54297 -0.0847335</i>
                        <i>1 0 0 0 1 0 0 0 1 -0.9862 1.54286 -0.0847335</i>
                        <i>1 0 0 0 1 0 0 0 1 -0.9862 1.54271 -0.0847335</i>
                        <i>1 0 0 0 1 0 0 0 1 -0.9862 1.54253 -0.0847335</i>
                        <i>1 0 0 0 1 0 0 0 1 -0.9862 1.54231 -0.0847335</i>
                        <i>1 0 0 0 1 0 0 0 1 -0.9862 1.54205 -0.0847335</i>
                        <i>1 0 0 0 1 0 0 0 1 -0.9862 1.54176 -0.0847335</i>
                        <i>1 0 0 0 1 0 0 0 1 -0.9862 1.54144 -0.0847335</i>
                        <i>1 0 0 0 1 0 0 0 1 -0.9862 1.54109 -0.0847335</i>
                        <i>1 0 0 0 1 0 0 0 1 -0.9862 1.54072 -0.0847335</i>
                        <i>1 0 0 0 1 0 0 0 1 -0.9862 1.54032 -0.0847335</i>
                        <i>1 0 0 0 1 0 0 0 1 -0.9862 1.53989 -0.0847335</i>
                        <i>1 0 0 0 1 0 0 0 1 -0.9862 1.53945 -0.0847335</i>
                        <i>1 0 0 0 1 0 0 0 1 -0.9862 1.53899 -0.0847335</i>
                        <i>1 0 0 0 1 0 0 0 1 -0.9862 1.53851 -0.0847335</i>
                        <i>1 0 0 0 1 0 0 0 1 -0.9862 1.53801 -0.0847335</i>
                        <i>1 0 0 0 1 0 0 0 1 -0.9862 1.53751 -0.0847335</i>
                        <i>1 0 0 0 1 0 0 0 1 -0.9862 1.53699 -0.0847335</i>
                        <i>1 0 0 0 1 0 0 0 1 -0.9862 1.53646 -0.0847335</i>
                        <i>1 0 0 0 1 0 0 0 1 -0.9862 1.53592 -0.0847335</i>
                        <i>1 0 0 0 1 0 0 0 1 -0.9862 1.53538 -0.0847335</i>
                        <i>1 0 0 0 1 0 0 0 1 -0.9862 1.53483 -0.0847335</i>
                        <i>1 0 0 0 1 0 0 0 1 -0.9862 1.53428 -0.0847335</i>
                        <i>1 0 0 0 1 0 0 0 1 -0.9862 1.53374 -0.0847335</i>
                        <i>1 0 0 0 1 0 0 0 1 -0.9862 1.53319 -0.0847335</i>
                        <i>1 0 0 0 1 0 0 0 1 -0.9862 1.53265 -0.0847335</i>
                        <i>1 0 0 0 1 0 0 0 1 -0.9862 1.53211 -0.0847335</i>
                        <i>1 0 0 0 1 0 0 0 1 -0.9862 1.53158 -0.0847335</i>
                        <i>1 0 0 0 1 0 0 0 1 -0.9862 1.53106 -0.0847335</i>
                        <i>1 0 0 0 1 0 0 0 1 -0.9862 1.53055 -0.0847335</i>
                        <i>1 0 0 0 1 0 0 0 1 -0.9862 1.53006 -0.0847335</i>
                        <i>1 0 0 0 1 0 0 0 1 -0.9862 1.52958 -0.0847335</i>
                        <i>1 0 0 0 1 0 0 0 1 -0.9862 1.52912 -0.0847335</i>
                        <i>1 0 0 0 1 0 0 0 1 -0.9862 1.52867 -0.0847335</i>
                        <i>1 0 0 0 1 0 0 0 1 -0.9862 1.52825 -0.0847335</i>
                        <i>1 0 0 0 1 0 0 0 1 -0.9862 1.52785 -0.0847335</i>
                        <i>1 0 0 0 1 0 0 0 1 -0.9862 1.52748 -0.0847335</i>
                        <i>1 0 0 0 1 0 0 0 1 -0.9862 1.52713 -0.0847335</i>
                        <i>1 0 0 0 1 0 0 0 1 -0.9862 1.52681 -0.0847335</i>
                        <i>1 0 0 0 1 0 0 0 1 -0.9862 1.52652 -0.0847335</i>
                        <i>1 0 0 0 1 0 0 0 1 -0.9862 1.52626 -0.0847335</i>
                        <i>1 0 0 0 1 0 0 0 1 -0.9862 1.52604 -0.0847335</i>
                        <i>1 0 0 0 1 0 0 0 1 -0.9862 1.52585 -0.0847335</i>
                        <i>1 0 0 0 1 0 0 0 1 -0.9862 1.52571 -0.0847335</i>
                        <i>1 0 0 0 1 0 0 0 1 -0.9862 1.5256 -0.0847335</i>
                        <i>1 0 0 0 1 0 0 0 1 -0.9862 1.52553 -0.0847335</i>
                        <i>1 0 0 0 1 0 0 0 1 -0.9862 1.52551 -0.0847335</i>
                        <i>1 0 0 0 1 0 0 0 1 -0.9862 1.52553 -0.0847335</i>
                        <i>1 0 0 0 1 0 0 0 1 -0.9862 1.5256 -0.0847335</i>
                        <i>1 0 0 0 1 0 0 0 1 -0.9862 1.52571 -0.0847335</i>
                        <i>1 0 0 0 1 0 0 0 1 -0.9862 1.52585 -0.0847335</i>
                        <i>1 0 0 0 1 0 0 0 1 -0.9862 1.52604 -0.0847335</i>
                        <i>1 0 0 0 1 0 0 0 1 -0.9862 1.52626 -0.0847335</i>
                        <i>1 0 0 0 1 0 0 0 1 -0.9862 1.52652 -0.0847335</i>
                        <i>1 0 0 0 1 0 0 0 1 -0.9862 1.52681 -0.0847335</i>
                        <i>1 0 0 0 1 0 0 0 1 -0.9862 1.52713 -0.0847335</i>
                        <i>1 0 0 0 1 0 0 0 1 -0.9862 1.52748 -0.0847335</i>
                        <i>1 0 0 0 1 0 0 0 1 -0.9862 1.52785 -0.0847335</i>
                        <i>1 0 0 0 1 0 0 0 1 -0.9862 1.52825 -0.0847335</i>
                        <i>1 0 0 0 1 0 0 0 1 -0.9862 1.52867 -0.0847335</i>
                        <i>1 0 0 0 1 0 0 0 1 -0.9862 1.52912 -0.0847335</i>
                        <i>1 0 0 0 1 0 0 0 1 -0.9862 1.52958 -0.0847335</i>
                        <i>1 0 0 0 1 0 0 0 1 -0.9862 1.53006 -0.0847335</i>
                        <i>1 0 0 0 1 0 0 0 1 -0.9862 1.53055 -0.0847335</i>
                        <i>1 0 0 0 1 0 0 0 1 -0.9862 1.53106 -0.0847335</i>
                        <i>1 0 0 0 1 0 0 0 1 -0.9862 1.53158 -0.0847335</i>
                        <i>1 0 0 0 1 0 0 0 1 -0.9862 1.53211 -0.0847335</i>
                        <i>1 0 0 0 1 0 0 0 1 -0.9862 1.53265 -0.0847335</i>
                        <i>1 0 0 0 1 0 0 0 1 -0.9862 1.53319 -0.0847335</i>
                        <i>1 0 0 0 1 0 0 0 1 -0.9862 1.53374 -0.0847335</i>
                        <i>1 0 0 0 1 0 0 0 1 -0.9862 1.53428 -0.0847335</i>
                        <i>1 0 0 0 1 0 0 0 1 -0.9862 1.53483 -0.0847335</i>
                        <i>1 0 0 0 1 0 0 0 1 -0.9862 1.53538 -0.0847335</i>
                        <i>1 0 0 0 1 0 0 0 1 -0.9862 1.53592 -0.0847335</i>
                        <i>1 0 0 0 1 0 0 0 1 -0.9862 1.53646 -0.0847335</i>
                        <i>1 0 0 0 1 0 0 0 1 -0.9862 1.53699 -0.0847335</i>
                        <i>1 0 0 0 1 0 0 0 1 -0.9862 1.53751 -0.0847335</i>
                        <i>1 0 0 0 1 0 0 0 1 -0.9862 1.53801 -0.0847335</i>
                    </KeyFrames>
                </p>
            </i>
            <i>
                <p>
                    <Name><![CDATA[spine0]]></Name>
                    <Exclude>0</Exclude>
                    <Additive>0</Additive>
                    <IKPriority>0</IKPriority>
                    <IKRotLimits>-1e+010 -1e+010 -1e+010 1e+010 1e+010 1e+010</IKRotLimits>
                    <IKRotLimitOrder>0</IKRotLimitOrder>
                    <KeyFrames count="97">
                        <i>0.0877735 0.994393 0.058982 -0.735292 0.0247294 0.677299 0.672043 -0.102818 0.733339 -1.02705 1.67044 -0.123361</i>
                        <i>0.0873167 0.994451 0.0586702 -0.735289 0.0246017 0.677307 0.672106 -0.10228 0.733357 -1.02705 1.67093 -0.123361</i>
                        <i>0.0868043 0.994517 0.0583206 -0.735285 0.0244585 0.677316 0.672176 -0.101676 0.733377 -1.02705 1.67141 -0.123361</i>
                        <i>0.0862434 0.994588 0.0579379 -0.735282 0.0243019 0.677326 0.672252 -0.101016 0.733398 -1.02705 1.67187 -0.123361</i>
                        <i>0.0856412 0.994664 0.0575271 -0.735278 0.0241337 0.677336 0.672333 -0.100306 0.733421 -1.02705 1.67232 -0.123361</i>
                        <i>0.0850047 0.994743 0.0570928 -0.735274 0.023956 0.677347 0.672419 -0.0995565 0.733445 -1.02705 1.67274 -0.123361</i>
                        <i>0.0843409 0.994826 0.05664 -0.735269 0.0237707 0.677358 0.672507 -0.0987746 0.73347 -1.02705 1.67314 -0.123361</i>
                        <i>0.0836568 0.99491 0.0561733 -0.735265 0.0235798 0.67737 0.672598 -0.0979688 0.733495 -1.02705 1.67351 -0.123361</i>
                        <i>0.0829595 0.994995 0.0556976 -0.73526 0.0233853 0.677382 0.672689 -0.0971475 0.73352 -1.02705 1.67386 -0.123361</i>
                        <i>0.0822559 0.99508 0.0552177 -0.735255 0.0231891 0.677394 0.672781 -0.0963188 0.733545 -1.02705 1.67418 -0.123361</i>
                        <i>0.081553 0.995165 0.0547382 -0.73525 0.0229931 0.677406 0.672872 -0.0954908 0.73357 -1.02705 1.67447 -0.123361</i>
                        <i>0.0808577 0.995247 0.054264 -0.735245 0.0227993 0.677417 0.672961 -0.0946718 0.733595 -1.02705 1.67473 -0.123361</i>
                        <i>0.0801769 0.995328 0.0537996 -0.735241 0.0226095 0.677429 0.673047 -0.0938698 0.733618 -1.02705 1.67495 -0.123361</i>
                        <i>0.0795174 0.995405 0.0533498 -0.735236 0.0224258 0.67744 0.673131 -0.093093 0.733641 -1.02705 1.67514 -0.123361</i>
                        <i>0.0788861 0.995478 0.0529193 -0.735232 0.02225 0.677451 0.67321 -0.0923494 0.733662 -1.02705 1.67528 -0.123361</i>
                        <i>0.0782899 0.995547 0.0525127 -0.735228 0.022084 0.67746 0.673284 -0.0916471 0.733682 -1.02705 1.67539 -0.123361</i>
                        <i>0.0777355 0.99561 0.0521346 -0.735224 0.0219296 0.67747 0.673352 -0.090994 0.733701 -1.02705 1.67546 -0.123361</i>
                        <i>0.0772297 0.995667 0.0517897 -0.73522 0.0217889 0.677478 0.673414 -0.0903982 0.733717 -1.02705 1.67548 -0.123361</i>
                        <i>0.0766563 0.995732 0.0513986 -0.735216 0.0216293 0.677488 0.673484 -0.0897228 0.733736 -1.02705 1.67546 -0.123361</i>
                        <i>0.076032 0.995802 0.0509729 -0.735212 0.0214556 0.677498 0.67356 -0.0889874 0.733756 -1.02705 1.67539 -0.123361</i>
                        <i>0.0753643 0.995876 0.0505176 -0.735207 0.0212699 0.677509 0.67364 -0.0882009 0.733777 -1.02705 1.67528 -0.123361</i>
                        <i>0.0746606 0.995953 0.0500378 -0.735202 0.0210742 0.677521 0.673724 -0.087372 0.7338 -1.02705 1.67514 -0.123361</i>
                        <i>0.0739283 0.996032 0.0495386 -0.735196 0.0208706 0.677533 0.673811 -0.0865094 0.733822 -1.02705 1.67495 -0.123361</i>
                        <i>0.0731749 0.996113 0.0490249 -0.735191 0.0206612 0.677545 0.673899 -0.0856219 0.733845 -1.02705 1.67473 -0.123361</i>
                        <i>0.0724077 0.996195 0.0485018 -0.735185 0.0204481 0.677558 0.673988 -0.0847182 0.733869 -1.02705 1.67447 -0.123361</i>
                        <i>0.071634 0.996277 0.0479744 -0.73518 0.0202332 0.67757 0.674077 -0.0838068 0.733892 -1.02705 1.67418 -0.123361</i>
                        <i>0.0708611 0.996357 0.0474475 -0.735174 0.0200185 0.677583 0.674165 -0.0828965 0.733914 -1.02705 1.67386 -0.123361</i>
                        <i>0.0700964 0.996436 0.0469263 -0.735168 0.0198062 0.677595 0.674251 -0.0819957 0.733936 -1.02705 1.67351 -0.123361</i>
                        <i>0.0693471 0.996512 0.0464154 -0.735163 0.0195983 0.677608 0.674335 -0.081113 0.733958 -1.02705 1.67314 -0.123361</i>
                        <i>0.0686203 0.996585 0.04592 -0.735157 0.0193966 0.677619 0.674415 -0.0802568 0.733978 -1.02705 1.67274 -0.123361</i>
                        <i>0.0679232 0.996655 0.0454449 -0.735152 0.0192032 0.67763 0.674491 -0.0794358 0.733997 -1.02705 1.67232 -0.123361</i>
                        <i>0.0672631 0.99672 0.044995 -0.735147 0.0190202 0.677641 0.674563 -0.0786582 0.734015 -1.02705 1.67187 -0.123361</i>
                        <i>0.066647 0.99678 0.0445751 -0.735142 0.0188493 0.677651 0.674629 -0.0779325 0.734031 -1.02705 1.67141 -0.123361</i>
                        <i>0.0660821 0.996835 0.0441901 -0.735138 0.0186927 0.67766 0.674689 -0.077267 0.734046 -1.02705 1.67093 -0.123361</i>
                        <i>0.0655755 0.996884 0.0438448 -0.735134 0.0185523 0.677668 0.674743 -0.0766702 0.73406 -1.02705 1.67044 -0.123361</i>
                        <i>0.0651342 0.996926 0.0435441 -0.73513 0.01843 0.677675 0.674789 -0.0761504 0.734071 -1.02705 1.66993 -0.123361</i>
                        <i>0.0647653 0.996961 0.0432927 -0.735128 0.0183278 0.677681 0.674828 -0.0757159 0.73408 -1.02705 1.66941 -0.123361</i>
                        <i>0.0644761 0.996988 0.0430956 -0.735125 0.0182477 0.677686 0.674858 -0.0753751 0.734088 -1.02705 1.66888 -0.123361</i>
                        <i>0.0642734 0.997007 0.0429575 -0.735124 0.0181915 0.677689 0.674879 -0.0751365 0.734093 -1.02705 1.66834 -0.123361</i>
                        <i>0.0641646 0.997018 0.0428834 -0.735123 0.0181614 0.677691 0.674891 -0.0750083 0.734096 -1.02705 1.6678 -0.123361</i>
                        <i>0.0641568 0.997018 0.042878 -0.735123 0.0181592 0.677691 0.674891 -0.074999 0.734096 -1.02705 1.66725 -0.123361</i>
                        <i>0.0642571 0.997009 0.0429464 -0.735124 0.018187 0.677689 0.674881 -0.0751172 0.734093 -1.02705 1.66671 -0.123361</i>
                        <i>0.0644348 0.996992 0.0430675 -0.735125 0.0182362 0.677686 0.674863 -0.0753266 0.734089 -1.02705 1.66616 -0.123361</i>
                        <i>0.0646533 0.996972 0.0432164 -0.735127 0.0182968 0.677683 0.67484 -0.0755839 0.734083 -1.02705 1.66561 -0.123361</i>
                        <i>0.0649107 0.996947 0.0433918 -0.735129 0.0183681 0.677679 0.674813 -0.0758872 0.734077 -1.02705 1.66507 -0.123361</i>
                        <i>0.0652054 0.996919 0.0435927 -0.735131 0.0184498 0.677674 0.674782 -0.0762343 0.734069 -1.02705 1.66453 -0.123361</i>
                        <i>0.0655357 0.996888 0.0438177 -0.735133 0.0185413 0.677669 0.674747 -0.0766234 0.734061 -1.02705 1.664 -0.123361</i>
                        <i>0.0658998 0.996853 0.0440659 -0.735136 0.0186422 0.677663 0.674709 -0.0770523 0.734051 -1.02705 1.66348 -0.123361</i>
                        <i>0.0662962 0.996814 0.044336 -0.735139 0.0187521 0.677657 0.674667 -0.0775192 0.734041 -1.02705 1.66298 -0.123361</i>
                        <i>0.066723 0.996773 0.0446269 -0.735143 0.0188704 0.67765 0.674621 -0.0780219 0.734029 -1.02705 1.66248 -0.123361</i>
                        <i>0.0671786 0.996728 0.0449374 -0.735146 0.0189967 0.677642 0.674572 -0.0785586 0.734017 -1.02705 1.662 -0.123361</i>
                        <i>0.0676612 0.996681 0.0452664 -0.73515 0.0191306 0.677635 0.67452 -0.0791271 0.734004 -1.02705 1.66154 -0.123361</i>
                        <i>0.0681693 0.996631 0.0456126 -0.735154 0.0192715 0.677627 0.674464 -0.0797256 0.73399 -1.02705 1.66109 -0.123361</i>
                        <i>0.068701 0.996577 0.045975 -0.735158 0.019419 0.677618 0.674406 -0.0803519 0.733976 -1.02705 1.66067 -0.123361</i>
                        <i>0.0692546 0.996522 0.0463524 -0.735162 0.0195726 0.677609 0.674345 -0.0810041 0.73396 -1.02705 1.66027 -0.123361</i>
                        <i>0.0698286 0.996463 0.0467437 -0.735166 0.0197319 0.6776 0.674281 -0.0816802 0.733944 -1.02705 1.6599 -0.123361</i>
                        <i>0.0704211 0.996403 0.0471475 -0.735171 0.0198964 0.67759 0.674214 -0.0823781 0.733927 -1.02705 1.65955 -0.123361</i>
                        <i>0.0710304 0.996339 0.0475629 -0.735175 0.0200655 0.67758 0.674146 -0.0830959 0.733909 -1.02705 1.65923 -0.123361</i>
                        <i>0.0716548 0.996274 0.0479886 -0.73518 0.0202389 0.67757 0.674074 -0.0838314 0.733891 -1.02705 1.65894 -0.123361</i>
                        <i>0.0722926 0.996207 0.0484234 -0.735184 0.0204161 0.67756 0.674001 -0.0845827 0.733872 -1.02705 1.65868 -0.123361</i>
                        <i>0.072942 0.996138 0.0488661 -0.735189 0.0205965 0.677549 0.673926 -0.0853477 0.733853 -1.02705 1.65846 -0.123361</i>
                        <i>0.0736014 0.996068 0.0493157 -0.735194 0.0207798 0.677538 0.673849 -0.0861243 0.733832 -1.02705 1.65828 -0.123361</i>
                        <i>0.0742688 0.995995 0.0497707 -0.735199 0.0209653 0.677527 0.673771 -0.0869105 0.733812 -1.02705 1.65813 -0.123361</i>
                        <i>0.0749427 0.995922 0.0502302 -0.735204 0.0211527 0.677516 0.673691 -0.0877044 0.733791 -1.02705 1.65802 -0.123361</i>
                        <i>0.0756212 0.995847 0.0506929 -0.735209 0.0213413 0.677505 0.673609 -0.0885036 0.733769 -1.02705 1.65795 -0.123361</i>
                        <i>0.0763027 0.995771 0.0511575 -0.735214 0.0215309 0.677494 0.673527 -0.0893063 0.733747 -1.02705 1.65793 -0.123361</i>
                        <i>0.0769852 0.995695 0.0516229 -0.735218 0.0217208 0.677482 0.673444 -0.0901102 0.733725 -1.02705 1.65795 -0.123361</i>
                        <i>0.077667 0.995618 0.0520879 -0.735223 0.0219106 0.677471 0.673361 -0.0909134 0.733703 -1.02705 1.65802 -0.123361</i>
                        <i>0.0783464 0.99554 0.0525512 -0.735228 0.0220997 0.67746 0.673277 -0.0917136 0.73368 -1.02705 1.65813 -0.123361</i>
                        <i>0.0790215 0.995462 0.0530116 -0.735233 0.0222877 0.677448 0.673193 -0.0925089 0.733658 -1.02705 1.65828 -0.123361</i>
                        <i>0.0796906 0.995385 0.0534679 -0.735237 0.0224741 0.677437 0.673109 -0.093297 0.733635 -1.02705 1.65846 -0.123361</i>
                        <i>0.0803518 0.995307 0.0539189 -0.735242 0.0226583 0.677426 0.673025 -0.0940758 0.733612 -1.02705 1.65868 -0.123361</i>
                        <i>0.0810033 0.99523 0.0543633 -0.735246 0.0228399 0.677415 0.672942 -0.0948433 0.73359 -1.02705 1.65894 -0.123361</i>
                        <i>0.0816434 0.995154 0.0547999 -0.735251 0.0230183 0.677404 0.67286 -0.0955972 0.733567 -1.02705 1.65923 -0.123361</i>
                        <i>0.0822702 0.995079 0.0552274 -0.735255 0.023193 0.677393 0.672779 -0.0963355 0.733545 -1.02705 1.65955 -0.123361</i>
                        <i>0.0828817 0.995005 0.0556446 -0.735259 0.0233636 0.677383 0.672699 -0.0970559 0.733523 -1.02705 1.6599 -0.123361</i>
                        <i>0.0834764 0.994932 0.0560502 -0.735263 0.0235295 0.677373 0.672621 -0.0977563 0.733501 -1.02705 1.66027 -0.123361</i>
                        <i>0.0840522 0.994861 0.056443 -0.735267 0.0236901 0.677363 0.672545 -0.0984346 0.73348 -1.02705 1.66067 -0.123361</i>
                        <i>0.0846074 0.994793 0.0568218 -0.735271 0.0238451 0.677354 0.672472 -0.0990885 0.73346 -1.02705 1.66109 -0.123361</i>
                        <i>0.0851401 0.994727 0.0571852 -0.735274 0.0239938 0.677345 0.672401 -0.099716 0.73344 -1.02705 1.66154 -0.123361</i>
                        <i>0.0856484 0.994663 0.057532 -0.735278 0.0241357 0.677336 0.672332 -0.100315 0.733421 -1.02705 1.662 -0.123361</i>
                        <i>0.0861305 0.994602 0.0578609 -0.735281 0.0242703 0.677328 0.672267 -0.100883 0.733403 -1.02705 1.66248 -0.123361</i>
                        <i>0.0865846 0.994545 0.0581707 -0.735284 0.0243972 0.67732 0.672206 -0.101417 0.733385 -1.02705 1.66298 -0.123361</i>
                        <i>0.0870088 0.994491 0.0584602 -0.735287 0.0245157 0.677313 0.672148 -0.101917 0.733369 -1.02705 1.66348 -0.123361</i>
                        <i>0.0874012 0.994441 0.0587279 -0.735289 0.0246253 0.677306 0.672094 -0.102379 0.733354 -1.02705 1.664 -0.123361</i>
                        <i>0.08776 0.994394 0.0589727 -0.735292 0.0247256 0.6773 0.672045 -0.102802 0.73334 -1.02705 1.66453 -0.123361</i>
                        <i>0.0880833 0.994353 0.0591933 -0.735294 0.0248159 0.677294 0.672 -0.103183 0.733327 -1.02705 1.66507 -0.123361</i>
                        <i>0.0883693 0.994316 0.0593885 -0.735296 0.0248959 0.677289 0.671961 -0.10352 0.733316 -1.02705 1.66561 -0.123361</i>
                        <i>0.0886161 0.994284 0.0595569 -0.735297 0.0249649 0.677285 0.671926 -0.10381 0.733306 -1.02705 1.66616 -0.123361</i>
                        <i>0.0888219 0.994257 0.0596974 -0.735299 0.0250225 0.677281 0.671898 -0.104053 0.733298 -1.02705 1.66671 -0.123361</i>
                        <i>0.0889519 0.99424 0.059786 -0.735299 0.0250588 0.677279 0.67188 -0.104206 0.733293 -1.02705 1.66725 -0.123361</i>
                        <i>0.0889769 0.994237 0.0598031 -0.7353 0.0250658 0.677279 0.671876 -0.104235 0.733292 -1.02705 1.6678 -0.123361</i>
                        <i>0.0889039 0.994246 0.0597533 -0.735299 0.0250454 0.67728 0.671886 -0.104149 0.733295 -1.02705 1.66834 -0.123361</i>
                        <i>0.0887401 0.994268 0.0596415 -0.735298 0.0249996 0.677283 0.671909 -0.103956 0.733302 -1.02705 1.66888 -0.123361</i>
                        <i>0.0884923 0.9943 0.0594724 -0.735296 0.0249303 0.677287 0.671944 -0.103665 0.733311 -1.02705 1.66941 -0.123361</i>
                        <i>0.0881678 0.994342 0.059251 -0.735294 0.0248396 0.677293 0.671989 -0.103282 0.733324 -1.02705 1.66993 -0.123361</i>
                        <i>0.0877735 0.994393 0.058982 -0.735292 0.0247294 0.677299 0.672043 -0.102818 0.733339 -1.02705 1.67044 -0.123361</i>
                    </KeyFrames>
                </p>
            </i>
            <i>
                <p>
                    <Name><![CDATA[spine1]]></Name>
                    <Exclude>0</Exclude>
                    <Additive>0</Additive>
                    <IKPriority>0</IKPriority>
                    <IKRotLimits>-1e+010 -1e+010 -1e+010 1e+010 1e+010 1e+010</IKRotLimits>
                    <IKRotLimitOrder>0</IKRotLimitOrder>
                    <KeyFrames count="97">
                        <i>0.453792 0.85546 0.24952 -0.51762 0.0251229 0.855242 0.725357 -0.517259 0.454204 -1.01048 1.85896 -0.11226</i>
                        <i>0.452728 0.856212 0.248872 -0.517599 0.0250899 0.855255 0.726036 -0.516015 0.454533 -1.01057 1.85942 -0.112322</i>
                        <i>0.451533 0.857054 0.248144 -0.517575 0.0250529 0.855271 0.726797 -0.514616 0.454902 -1.01067 1.85987 -0.112391</i>
                        <i>0.450222 0.857974 0.247346 -0.51755 0.0250124 0.855288 0.727628 -0.513083 0.455305 -1.01079 1.86029 -0.112466</i>
                        <i>0.448811 0.85896 0.246488 -0.517522 0.0249691 0.855306 0.728519 -0.511434 0.455737 -1.0109 1.8607 -0.112547</i>
                        <i>0.447317 0.859999 0.245578 -0.517492 0.0249233 0.855325 0.729458 -0.509686 0.456192 -1.01103 1.86108 -0.112632</i>
                        <i>0.445755 0.86108 0.244628 -0.517461 0.0248756 0.855345 0.730435 -0.50786 0.456664 -1.01116 1.86143 -0.112721</i>
                        <i>0.444142 0.862192 0.243647 -0.517429 0.0248265 0.855366 0.73144 -0.505974 0.45715 -1.01129 1.86176 -0.112812</i>
                        <i>0.442493 0.863321 0.242644 -0.517397 0.0247766 0.855387 0.732462 -0.504046 0.457643 -1.01143 1.86206 -0.112906</i>
                        <i>0.440826 0.864458 0.24163 -0.517364 0.0247262 0.855408 0.73349 -0.502096 0.458139 -1.01157 1.86233 -0.113</i>
                        <i>0.439155 0.865591 0.240615 -0.517331 0.0246761 0.85543 0.734515 -0.500144 0.458633 -1.01171 1.86257 -0.113094</i>
                        <i>0.437499 0.866708 0.239608 -0.517298 0.0246265 0.855451 0.735526 -0.498208 0.45912 -1.01184 1.86278 -0.113187</i>
                        <i>0.435873 0.867799 0.238621 -0.517265 0.024578 0.855472 0.736513 -0.496308 0.459595 -1.01198 1.86295 -0.113277</i>
                        <i>0.434295 0.868853 0.237662 -0.517234 0.0245311 0.855493 0.737467 -0.494463 0.460053 -1.01211 1.86309 -0.113365</i>
                        <i>0.432781 0.869859 0.236742 -0.517203 0.0244863 0.855512 0.738378 -0.492693 0.460491 -1.01223 1.86319 -0.11345</i>
                        <i>0.431347 0.870807 0.235872 -0.517175 0.024444 0.855531 0.739236 -0.491018 0.460903 -1.01235 1.86326 -0.113529</i>
                        <i>0.430011 0.871686 0.235061 -0.517148 0.0244047 0.855548 0.740033 -0.489457 0.461285 -1.01246 1.86329 -0.113603</i>
                        <i>0.428791 0.872486 0.23432 -0.517123 0.0243689 0.855564 0.740758 -0.48803 0.461632 -1.01255 1.86327 -0.11367</i>
                        <i>0.427404 0.873392 0.233479 -0.517095 0.0243284 0.855582 0.741578 -0.48641 0.462025 -1.01267 1.86321 -0.113746</i>
                        <i>0.425891 0.874375 0.232561 -0.517065 0.0242843 0.855602 0.742469 -0.484643 0.462451 -1.01279 1.8631 -0.113829</i>
                        <i>0.42427 0.875424 0.231578 -0.517032 0.0242372 0.855623 0.74342 -0.482748 0.462905 -1.01292 1.86294 -0.113918</i>
                        <i>0.422557 0.876526 0.230539 -0.516998 0.0241876 0.855645 0.744419 -0.480747 0.463383 -1.01306 1.86274 -0.114012</i>
                        <i>0.420769 0.877669 0.229456 -0.516962 0.0241361 0.855668 0.745455 -0.478659 0.463877 -1.0132 1.8625 -0.114109</i>
                        <i>0.418926 0.878842 0.228339 -0.516924 0.0240832 0.855692 0.746519 -0.476505 0.464384 -1.01335 1.86222 -0.114209</i>
                        <i>0.417043 0.880032 0.227198 -0.516886 0.0240294 0.855717 0.747598 -0.474307 0.464898 -1.01349 1.86191 -0.11431</i>
                        <i>0.41514 0.881228 0.226046 -0.516848 0.0239752 0.855742 0.748684 -0.472084 0.465413 -1.01365 1.86156 -0.114413</i>
                        <i>0.413234 0.882418 0.224891 -0.516809 0.0239212 0.855767 0.749764 -0.469857 0.465927 -1.0138 1.86118 -0.114515</i>
                        <i>0.411342 0.883592 0.223746 -0.51677 0.0238678 0.855791 0.75083 -0.467649 0.466432 -1.01394 1.86078 -0.114616</i>
                        <i>0.409484 0.884739 0.222622 -0.516733 0.0238156 0.855816 0.751871 -0.465479 0.466925 -1.01409 1.86035 -0.114715</i>
                        <i>0.407677 0.885847 0.221529 -0.516696 0.0237649 0.855839 0.752878 -0.463369 0.467401 -1.01423 1.85989 -0.114811</i>
                        <i>0.40594 0.886906 0.220478 -0.51666 0.0237165 0.855862 0.75384 -0.461341 0.467856 -1.01437 1.85941 -0.114903</i>
                        <i>0.404291 0.887906 0.219481 -0.516626 0.0236706 0.855884 0.754749 -0.459416 0.468285 -1.01449 1.85892 -0.11499</i>
                        <i>0.402748 0.888837 0.218548 -0.516595 0.0236278 0.855904 0.755595 -0.457615 0.468684 -1.01461 1.85841 -0.115071</i>
                        <i>0.401331 0.889687 0.217692 -0.516566 0.0235887 0.855923 0.756368 -0.45596 0.469049 -1.01472 1.85789 -0.115145</i>
                        <i>0.400058 0.890449 0.216922 -0.51654 0.0235536 0.855939 0.757061 -0.454474 0.469375 -1.01482 1.85735 -0.115212</i>
                        <i>0.398947 0.89111 0.216251 -0.516517 0.023523 0.855954 0.757662 -0.453177 0.469658 -1.01491 1.85681 -0.11527</i>
                        <i>0.398017 0.891662 0.215689 -0.516497 0.0234975 0.855966 0.758164 -0.452092 0.469894 -1.01498 1.85626 -0.115319</i>
                        <i>0.397287 0.892094 0.215248 -0.516483 0.0234775 0.855976 0.758557 -0.45124 0.470078 -1.01503 1.85571 -0.115357</i>
                        <i>0.396775 0.892396 0.214939 -0.516472 0.0234635 0.855983 0.758832 -0.450642 0.470207 -1.01507 1.85516 -0.115383</i>
                        <i>0.3965 0.892558 0.214773 -0.516466 0.023456 0.855986 0.75898 -0.450321 0.470277 -1.01509 1.85461 -0.115398</i>
                        <i>0.39648 0.89257 0.214761 -0.516466 0.0234555 0.855986 0.758991 -0.450298 0.470282 -1.01509 1.85406 -0.115399</i>
                        <i>0.396734 0.89242 0.214914 -0.516471 0.0234624 0.855983 0.758854 -0.450594 0.470218 -1.01508 1.85352 -0.115385</i>
                        <i>0.397183 0.892155 0.215186 -0.51648 0.0234747 0.855977 0.758613 -0.451118 0.470104 -1.01504 1.85299 -0.115362</i>
                        <i>0.397734 0.891829 0.215519 -0.516492 0.0234898 0.85597 0.758317 -0.451762 0.469965 -1.015 1.85246 -0.115333</i>
                        <i>0.398383 0.891444 0.215911 -0.516505 0.0235076 0.855961 0.757966 -0.45252 0.469801 -1.01495 1.85193 -0.115299</i>
                        <i>0.399126 0.891003 0.21636 -0.51652 0.023528 0.855952 0.757565 -0.453387 0.469612 -1.01489 1.85142 -0.115261</i>
                        <i>0.399958 0.890508 0.216862 -0.516537 0.0235508 0.855941 0.757115 -0.454357 0.4694 -1.01483 1.85092 -0.115217</i>
                        <i>0.400873 0.889961 0.217415 -0.516556 0.0235761 0.855929 0.756618 -0.455426 0.469166 -1.01476 1.85043 -0.115169</i>
                        <i>0.401868 0.889365 0.218017 -0.516577 0.0236035 0.855916 0.756076 -0.456588 0.468911 -1.01468 1.84995 -0.115117</i>
                        <i>0.402939 0.888722 0.218663 -0.516599 0.0236331 0.855901 0.755491 -0.457837 0.468635 -1.0146 1.84949 -0.115061</i>
                        <i>0.404079 0.888034 0.219353 -0.516622 0.0236647 0.855886 0.754865 -0.459169 0.46834 -1.01451 1.84904 -0.115001</i>
                        <i>0.405286 0.887303 0.220082 -0.516647 0.0236982 0.855871 0.754201 -0.460577 0.468027 -1.01442 1.84862 -0.114937</i>
                        <i>0.406554 0.886532 0.220849 -0.516673 0.0237336 0.855854 0.753501 -0.462057 0.467696 -1.01432 1.84821 -0.11487</i>
                        <i>0.407878 0.885724 0.22165 -0.5167 0.0237706 0.855837 0.752766 -0.463604 0.467349 -1.01421 1.84783 -0.1148</i>
                        <i>0.409255 0.88488 0.222483 -0.516728 0.0238091 0.855819 0.751999 -0.465211 0.466986 -1.01411 1.84747 -0.114727</i>
                        <i>0.410679 0.884002 0.223345 -0.516757 0.0238491 0.8558 0.751203 -0.466874 0.466609 -1.014 1.84714 -0.114651</i>
                        <i>0.412146 0.883094 0.224233 -0.516787 0.0238905 0.855781 0.750378 -0.468587 0.466218 -1.01388 1.84684 -0.114573</i>
                        <i>0.413652 0.882158 0.225144 -0.516817 0.023933 0.855761 0.749528 -0.470346 0.465814 -1.01376 1.84656 -0.114492</i>
                        <i>0.415191 0.881195 0.226077 -0.516849 0.0239767 0.855741 0.748654 -0.472144 0.4654 -1.01364 1.84632 -0.11441</i>
                        <i>0.416761 0.88021 0.227027 -0.51688 0.0240214 0.855721 0.74776 -0.473977 0.464974 -1.01352 1.84611 -0.114325</i>
                        <i>0.418355 0.879203 0.227993 -0.516913 0.0240669 0.8557 0.746847 -0.475839 0.46454 -1.01339 1.84594 -0.114239</i>
                        <i>0.41997 0.878178 0.228971 -0.516945 0.0241132 0.855679 0.745917 -0.477725 0.464097 -1.01326 1.8458 -0.114152</i>
                        <i>0.421601 0.877138 0.22996 -0.516978 0.0241601 0.855657 0.744974 -0.47963 0.463647 -1.01313 1.8457 -0.114064</i>
                        <i>0.423244 0.876084 0.230956 -0.517012 0.0242075 0.855636 0.744018 -0.48155 0.463191 -1.013 1.84564 -0.113974</i>
                        <i>0.424894 0.875021 0.231957 -0.517045 0.0242553 0.855615 0.743054 -0.483478 0.462731 -1.01287 1.84563 -0.113884</i>
                        <i>0.426548 0.873949 0.23296 -0.517078 0.0243034 0.855593 0.742083 -0.48541 0.462267 -1.01274 1.84565 -0.113793</i>
                        <i>0.4282 0.872873 0.233962 -0.517111 0.0243516 0.855572 0.741108 -0.48734 0.4618 -1.0126 1.84573 -0.113703</i>
                        <i>0.429846 0.871794 0.234961 -0.517144 0.0243999 0.85555 0.740131 -0.489264 0.461332 -1.01247 1.84584 -0.113612</i>
                        <i>0.431483 0.870717 0.235955 -0.517177 0.024448 0.855529 0.739155 -0.491177 0.460864 -1.01234 1.846 -0.113521</i>
                        <i>0.433105 0.869643 0.23694 -0.51721 0.0244959 0.855508 0.738183 -0.493073 0.460397 -1.0122 1.84619 -0.113432</i>
