<?xml version="1.0" encoding="ISO-8859-1" ?>
<Animl Version="1">
    <ModellingPackage><![CDATA[Maya.2010]]></ModellingPackage>
    <SrcFile><![CDATA[anims\turrets\machinegun\red\~src\mgun_pkp\mgun_pkp_aim_up_crewman_b.mb]]></SrcFile>
    <FramesPerSecond>30</FramesPerSecond>
    <TotalFrames>97</TotalFrames>
    <Skeleton>
        <RefFrame>
            <Name><![CDATA[soldier_ref_frame]]></Name>
            <Exclude>0</Exclude>
            <Additive>0</Additive>
            <IKPriority>0</IKPriority>
            <IKRotLimits>-1e+010 -1e+010 -1e+010 1e+010 1e+010 1e+010</IKRotLimits>
            <IKRotLimitOrder>0</IKRotLimitOrder>
            <KeyFrames count="97">
                <i>1 0 0 0 1 0 0 0 1 1.24609 0.919741 -0.0847335</i>
                <i>1 0 0 0 1 0 0 0 1 1.24609 0.919741 -0.0847335</i>
                <i>1 0 0 0 1 0 0 0 1 1.24609 0.919741 -0.0847335</i>
                <i>1 0 0 0 1 0 0 0 1 1.24609 0.919741 -0.0847335</i>
                <i>1 0 0 0 1 0 0 0 1 1.24609 0.919741 -0.0847335</i>
                <i>1 0 0 0 1 0 0 0 1 1.24609 0.919741 -0.0847335</i>
                <i>1 0 0 0 1 0 0 0 1 1.24609 0.919741 -0.0847335</i>
                <i>1 0 0 0 1 0 0 0 1 1.24609 0.919741 -0.0847335</i>
                <i>1 0 0 0 1 0 0 0 1 1.24609 0.919741 -0.0847335</i>
                <i>1 0 0 0 1 0 0 0 1 1.24609 0.919741 -0.0847335</i>
                <i>1 0 0 0 1 0 0 0 1 1.24609 0.919741 -0.0847335</i>
                <i>1 0 0 0 1 0 0 0 1 1.24609 0.919741 -0.0847335</i>
                <i>1 0 0 0 1 0 0 0 1 1.24609 0.919741 -0.0847335</i>
                <i>1 0 0 0 1 0 0 0 1 1.24609 0.919741 -0.0847335</i>
                <i>1 0 0 0 1 0 0 0 1 1.24609 0.919741 -0.0847335</i>
                <i>1 0 0 0 1 0 0 0 1 1.24609 0.919741 -0.0847335</i>
                <i>1 0 0 0 1 0 0 0 1 1.24609 0.919741 -0.0847335</i>
                <i>1 0 0 0 1 0 0 0 1 1.24609 0.919741 -0.0847335</i>
                <i>1 0 0 0 1 0 0 0 1 1.24609 0.919741 -0.0847335</i>
                <i>1 0 0 0 1 0 0 0 1 1.24609 0.919741 -0.0847335</i>
                <i>1 0 0 0 1 0 0 0 1 1.24609 0.919741 -0.0847335</i>
                <i>1 0 0 0 1 0 0 0 1 1.24609 0.919741 -0.0847335</i>
                <i>1 0 0 0 1 0 0 0 1 1.24609 0.919741 -0.0847335</i>
                <i>1 0 0 0 1 0 0 0 1 1.24609 0.919741 -0.0847335</i>
                <i>1 0 0 0 1 0 0 0 1 1.24609 0.919741 -0.0847335</i>
                <i>1 0 0 0 1 0 0 0 1 1.24609 0.919741 -0.0847335</i>
                <i>1 0 0 0 1 0 0 0 1 1.24609 0.919741 -0.0847335</i>
                <i>1 0 0 0 1 0 0 0 1 1.24609 0.919741 -0.0847335</i>
                <i>1 0 0 0 1 0 0 0 1 1.24609 0.919741 -0.0847335</i>
                <i>1 0 0 0 1 0 0 0 1 1.24609 0.919741 -0.0847335</i>
                <i>1 0 0 0 1 0 0 0 1 1.24609 0.919741 -0.0847335</i>
                <i>1 0 0 0 1 0 0 0 1 1.24609 0.919741 -0.0847335</i>
                <i>1 0 0 0 1 0 0 0 1 1.24609 0.919741 -0.0847335</i>
                <i>1 0 0 0 1 0 0 0 1 1.24609 0.919741 -0.0847335</i>
                <i>1 0 0 0 1 0 0 0 1 1.24609 0.919741 -0.0847335</i>
                <i>1 0 0 0 1 0 0 0 1 1.24609 0.919741 -0.0847335</i>
                <i>1 0 0 0 1 0 0 0 1 1.24609 0.919741 -0.0847335</i>
                <i>1 0 0 0 1 0 0 0 1 1.24609 0.919741 -0.0847335</i>
                <i>1 0 0 0 1 0 0 0 1 1.24609 0.919741 -0.0847335</i>
                <i>1 0 0 0 1 0 0 0 1 1.24609 0.919741 -0.0847335</i>
                <i>1 0 0 0 1 0 0 0 1 1.24609 0.919741 -0.0847335</i>
                <i>1 0 0 0 1 0 0 0 1 1.24609 0.919741 -0.0847335</i>
                <i>1 0 0 0 1 0 0 0 1 1.24609 0.919741 -0.0847335</i>
                <i>1 0 0 0 1 0 0 0 1 1.24609 0.919741 -0.0847335</i>
                <i>1 0 0 0 1 0 0 0 1 1.24609 0.919741 -0.0847335</i>
                <i>1 0 0 0 1 0 0 0 1 1.24609 0.919741 -0.0847335</i>
                <i>1 0 0 0 1 0 0 0 1 1.24609 0.919741 -0.0847335</i>
                <i>1 0 0 0 1 0 0 0 1 1.24609 0.919741 -0.0847335</i>
                <i>1 0 0 0 1 0 0 0 1 1.24609 0.919741 -0.0847335</i>
                <i>1 0 0 0 1 0 0 0 1 1.24609 0.919741 -0.0847335</i>
                <i>1 0 0 0 1 0 0 0 1 1.24609 0.919741 -0.0847335</i>
                <i>1 0 0 0 1 0 0 0 1 1.24609 0.919741 -0.0847335</i>
                <i>1 0 0 0 1 0 0 0 1 1.24609 0.919741 -0.0847335</i>
                <i>1 0 0 0 1 0 0 0 1 1.24609 0.919741 -0.0847335</i>
                <i>1 0 0 0 1 0 0 0 1 1.24609 0.919741 -0.0847335</i>
                <i>1 0 0 0 1 0 0 0 1 1.24609 0.919741 -0.0847335</i>
                <i>1 0 0 0 1 0 0 0 1 1.24609 0.919741 -0.0847335</i>
                <i>1 0 0 0 1 0 0 0 1 1.24609 0.919741 -0.0847335</i>
                <i>1 0 0 0 1 0 0 0 1 1.24609 0.919741 -0.0847335</i>
                <i>1 0 0 0 1 0 0 0 1 1.24609 0.919741 -0.0847335</i>
                <i>1 0 0 0 1 0 0 0 1 1.24609 0.919741 -0.0847335</i>
                <i>1 0 0 0 1 0 0 0 1 1.24609 0.919741 -0.0847335</i>
                <i>1 0 0 0 1 0 0 0 1 1.24609 0.919741 -0.0847335</i>
                <i>1 0 0 0 1 0 0 0 1 1.24609 0.919741 -0.0847335</i>
                <i>1 0 0 0 1 0 0 0 1 1.24609 0.919741 -0.0847335</i>
                <i>1 0 0 0 1 0 0 0 1 1.24609 0.919741 -0.0847335</i>
                <i>1 0 0 0 1 0 0 0 1 1.24609 0.919741 -0.0847335</i>
                <i>1 0 0 0 1 0 0 0 1 1.24609 0.919741 -0.0847335</i>
                <i>1 0 0 0 1 0 0 0 1 1.24609 0.919741 -0.0847335</i>
                <i>1 0 0 0 1 0 0 0 1 1.24609 0.919741 -0.0847335</i>
                <i>1 0 0 0 1 0 0 0 1 1.24609 0.919741 -0.0847335</i>
                <i>1 0 0 0 1 0 0 0 1 1.24609 0.919741 -0.0847335</i>
                <i>1 0 0 0 1 0 0 0 1 1.24609 0.919741 -0.0847335</i>
                <i>1 0 0 0 1 0 0 0 1 1.24609 0.919741 -0.0847335</i>
                <i>1 0 0 0 1 0 0 0 1 1.24609 0.919741 -0.0847335</i>
                <i>1 0 0 0 1 0 0 0 1 1.24609 0.919741 -0.0847335</i>
                <i>1 0 0 0 1 0 0 0 1 1.24609 0.919741 -0.0847335</i>
                <i>1 0 0 0 1 0 0 0 1 1.24609 0.919741 -0.0847335</i>
                <i>1 0 0 0 1 0 0 0 1 1.24609 0.919741 -0.0847335</i>
                <i>1 0 0 0 1 0 0 0 1 1.24609 0.919741 -0.0847335</i>
                <i>1 0 0 0 1 0 0 0 1 1.24609 0.919741 -0.0847335</i>
                <i>1 0 0 0 1 0 0 0 1 1.24609 0.919741 -0.0847335</i>
                <i>1 0 0 0 1 0 0 0 1 1.24609 0.919741 -0.0847335</i>
                <i>1 0 0 0 1 0 0 0 1 1.24609 0.919741 -0.0847335</i>
                <i>1 0 0 0 1 0 0 0 1 1.24609 0.919741 -0.0847335</i>
                <i>1 0 0 0 1 0 0 0 1 1.24609 0.919741 -0.0847335</i>
                <i>1 0 0 0 1 0 0 0 1 1.24609 0.919741 -0.0847335</i>
                <i>1 0 0 0 1 0 0 0 1 1.24609 0.919741 -0.0847335</i>
                <i>1 0 0 0 1 0 0 0 1 1.24609 0.919741 -0.0847335</i>
                <i>1 0 0 0 1 0 0 0 1 1.24609 0.919741 -0.0847335</i>
                <i>1 0 0 0 1 0 0 0 1 1.24609 0.919741 -0.0847335</i>
                <i>1 0 0 0 1 0 0 0 1 1.24609 0.919741 -0.0847335</i>
                <i>1 0 0 0 1 0 0 0 1 1.24609 0.919741 -0.0847335</i>
                <i>1 0 0 0 1 0 0 0 1 1.24609 0.919741 -0.0847335</i>
                <i>1 0 0 0 1 0 0 0 1 1.24609 0.919741 -0.0847335</i>
                <i>1 0 0 0 1 0 0 0 1 1.24609 0.919741 -0.0847335</i>
                <i>1 0 0 0 1 0 0 0 1 1.24609 0.919741 -0.0847335</i>
            </KeyFrames>
        </RefFrame>
        <Bones count="23">
            <i>
                <p>
                    <Name><![CDATA[pelvis]]></Name>
                    <Exclude>0</Exclude>
                    <Additive>0</Additive>
                    <IKPriority>0</IKPriority>
                    <IKRotLimits>-1e+010 -1e+010 -1e+010 1e+010 1e+010 1e+010</IKRotLimits>
                    <IKRotLimitOrder>2</IKRotLimitOrder>
                    <KeyFrames count="97">
                        <i>1 0 0 0 1 0 0 0 1 1.24609 1.51888 -0.0847335</i>
                        <i>1 0 0 0 1 0 0 0 1 1.24609 1.51886 -0.0847335</i>
                        <i>1 0 0 0 1 0 0 0 1 1.24609 1.5188 -0.0847335</i>
                        <i>1 0 0 0 1 0 0 0 1 1.24609 1.51869 -0.0847335</i>
                        <i>1 0 0 0 1 0 0 0 1 1.24609 1.51855 -0.0847335</i>
                        <i>1 0 0 0 1 0 0 0 1 1.24609 1.51838 -0.0847335</i>
                        <i>1 0 0 0 1 0 0 0 1 1.24609 1.51817 -0.0847335</i>
                        <i>1 0 0 0 1 0 0 0 1 1.24609 1.51793 -0.0847335</i>
                        <i>1 0 0 0 1 0 0 0 1 1.24609 1.51765 -0.0847335</i>
                        <i>1 0 0 0 1 0 0 0 1 1.24609 1.51735 -0.0847335</i>
                        <i>1 0 0 0 1 0 0 0 1 1.24609 1.51702 -0.0847335</i>
                        <i>1 0 0 0 1 0 0 0 1 1.24609 1.51667 -0.0847335</i>
                        <i>1 0 0 0 1 0 0 0 1 1.24609 1.51629 -0.0847335</i>
                        <i>1 0 0 0 1 0 0 0 1 1.24609 1.51589 -0.0847335</i>
                        <i>1 0 0 0 1 0 0 0 1 1.24609 1.51547 -0.0847335</i>
                        <i>1 0 0 0 1 0 0 0 1 1.24609 1.51504 -0.0847335</i>
                        <i>1 0 0 0 1 0 0 0 1 1.24609 1.51459 -0.0847335</i>
                        <i>1 0 0 0 1 0 0 0 1 1.24609 1.51412 -0.0847335</i>
                        <i>1 0 0 0 1 0 0 0 1 1.24609 1.51364 -0.0847335</i>
                        <i>1 0 0 0 1 0 0 0 1 1.24609 1.51315 -0.0847335</i>
                        <i>1 0 0 0 1 0 0 0 1 1.24609 1.51265 -0.0847335</i>
                        <i>1 0 0 0 1 0 0 0 1 1.24609 1.51214 -0.0847335</i>
                        <i>1 0 0 0 1 0 0 0 1 1.24609 1.51163 -0.0847335</i>
                        <i>1 0 0 0 1 0 0 0 1 1.24609 1.51112 -0.0847335</i>
                        <i>1 0 0 0 1 0 0 0 1 1.24609 1.5106 -0.0847335</i>
                        <i>1 0 0 0 1 0 0 0 1 1.24609 1.51008 -0.0847335</i>
                        <i>1 0 0 0 1 0 0 0 1 1.24609 1.50957 -0.0847335</i>
                        <i>1 0 0 0 1 0 0 0 1 1.24609 1.50905 -0.0847335</i>
                        <i>1 0 0 0 1 0 0 0 1 1.24609 1.50855 -0.0847335</i>
                        <i>1 0 0 0 1 0 0 0 1 1.24609 1.50805 -0.0847335</i>
                        <i>1 0 0 0 1 0 0 0 1 1.24609 1.50756 -0.0847335</i>
                        <i>1 0 0 0 1 0 0 0 1 1.24609 1.50708 -0.0847335</i>
                        <i>1 0 0 0 1 0 0 0 1 1.24609 1.50661 -0.0847335</i>
                        <i>1 0 0 0 1 0 0 0 1 1.24609 1.50616 -0.0847335</i>
                        <i>1 0 0 0 1 0 0 0 1 1.24609 1.50572 -0.0847335</i>
                        <i>1 0 0 0 1 0 0 0 1 1.24609 1.5053 -0.0847335</i>
                        <i>1 0 0 0 1 0 0 0 1 1.24609 1.50491 -0.0847335</i>
                        <i>1 0 0 0 1 0 0 0 1 1.24609 1.50453 -0.0847335</i>
                        <i>1 0 0 0 1 0 0 0 1 1.24609 1.50418 -0.0847335</i>
                        <i>1 0 0 0 1 0 0 0 1 1.24609 1.50385 -0.0847335</i>
                        <i>1 0 0 0 1 0 0 0 1 1.24609 1.50355 -0.0847335</i>
                        <i>1 0 0 0 1 0 0 0 1 1.24609 1.50327 -0.0847335</i>
                        <i>1 0 0 0 1 0 0 0 1 1.24609 1.50303 -0.0847335</i>
                        <i>1 0 0 0 1 0 0 0 1 1.24609 1.50282 -0.0847335</i>
                        <i>1 0 0 0 1 0 0 0 1 1.24609 1.50264 -0.0847335</i>
                        <i>1 0 0 0 1 0 0 0 1 1.24609 1.5025 -0.0847335</i>
                        <i>1 0 0 0 1 0 0 0 1 1.24609 1.5024 -0.0847335</i>
                        <i>1 0 0 0 1 0 0 0 1 1.24609 1.50234 -0.0847335</i>
                        <i>1 0 0 0 1 0 0 0 1 1.24609 1.50232 -0.0847335</i>
                        <i>1 0 0 0 1 0 0 0 1 1.24609 1.50234 -0.0847335</i>
                        <i>1 0 0 0 1 0 0 0 1 1.24609 1.5024 -0.0847335</i>
                        <i>1 0 0 0 1 0 0 0 1 1.24609 1.5025 -0.0847335</i>
                        <i>1 0 0 0 1 0 0 0 1 1.24609 1.50264 -0.0847335</i>
                        <i>1 0 0 0 1 0 0 0 1 1.24609 1.50282 -0.0847335</i>
                        <i>1 0 0 0 1 0 0 0 1 1.24609 1.50303 -0.0847335</i>
                        <i>1 0 0 0 1 0 0 0 1 1.24609 1.50327 -0.0847335</i>
                        <i>1 0 0 0 1 0 0 0 1 1.24609 1.50355 -0.0847335</i>
                        <i>1 0 0 0 1 0 0 0 1 1.24609 1.50385 -0.0847335</i>
                        <i>1 0 0 0 1 0 0 0 1 1.24609 1.50418 -0.0847335</i>
                        <i>1 0 0 0 1 0 0 0 1 1.24609 1.50453 -0.0847335</i>
                        <i>1 0 0 0 1 0 0 0 1 1.24609 1.50491 -0.0847335</i>
                        <i>1 0 0 0 1 0 0 0 1 1.24609 1.5053 -0.0847335</i>
                        <i>1 0 0 0 1 0 0 0 1 1.24609 1.50572 -0.0847335</i>
                        <i>1 0 0 0 1 0 0 0 1 1.24609 1.50616 -0.0847335</i>
                        <i>1 0 0 0 1 0 0 0 1 1.24609 1.50661 -0.0847335</i>
                        <i>1 0 0 0 1 0 0 0 1 1.24609 1.50708 -0.0847335</i>
                        <i>1 0 0 0 1 0 0 0 1 1.24609 1.50756 -0.0847335</i>
                        <i>1 0 0 0 1 0 0 0 1 1.24609 1.50805 -0.0847335</i>
                        <i>1 0 0 0 1 0 0 0 1 1.24609 1.50855 -0.0847335</i>
                        <i>1 0 0 0 1 0 0 0 1 1.24609 1.50905 -0.0847335</i>
                        <i>1 0 0 0 1 0 0 0 1 1.24609 1.50957 -0.0847335</i>
                        <i>1 0 0 0 1 0 0 0 1 1.24609 1.51008 -0.0847335</i>
                        <i>1 0 0 0 1 0 0 0 1 1.24609 1.5106 -0.0847335</i>
                        <i>1 0 0 0 1 0 0 0 1 1.24609 1.51112 -0.0847335</i>
                        <i>1 0 0 0 1 0 0 0 1 1.24609 1.51163 -0.0847335</i>
                        <i>1 0 0 0 1 0 0 0 1 1.24609 1.51214 -0.0847335</i>
                        <i>1 0 0 0 1 0 0 0 1 1.24609 1.51265 -0.0847335</i>
                        <i>1 0 0 0 1 0 0 0 1 1.24609 1.51315 -0.0847335</i>
                        <i>1 0 0 0 1 0 0 0 1 1.24609 1.51364 -0.0847335</i>
                        <i>1 0 0 0 1 0 0 0 1 1.24609 1.51412 -0.0847335</i>
                        <i>1 0 0 0 1 0 0 0 1 1.24609 1.51459 -0.0847335</i>
                        <i>1 0 0 0 1 0 0 0 1 1.24609 1.51504 -0.0847335</i>
                        <i>1 0 0 0 1 0 0 0 1 1.24609 1.51547 -0.0847335</i>
                        <i>1 0 0 0 1 0 0 0 1 1.24609 1.51589 -0.0847335</i>
                        <i>1 0 0 0 1 0 0 0 1 1.24609 1.51629 -0.0847335</i>
                        <i>1 0 0 0 1 0 0 0 1 1.24609 1.51667 -0.0847335</i>
                        <i>1 0 0 0 1 0 0 0 1 1.24609 1.51702 -0.0847335</i>
                        <i>1 0 0 0 1 0 0 0 1 1.24609 1.51735 -0.0847335</i>
                        <i>1 0 0 0 1 0 0 0 1 1.24609 1.51765 -0.0847335</i>
                        <i>1 0 0 0 1 0 0 0 1 1.24609 1.51793 -0.0847335</i>
                        <i>1 0 0 0 1 0 0 0 1 1.24609 1.51817 -0.0847335</i>
                        <i>1 0 0 0 1 0 0 0 1 1.24609 1.51838 -0.0847335</i>
                        <i>1 0 0 0 1 0 0 0 1 1.24609 1.51855 -0.0847335</i>
                        <i>1 0 0 0 1 0 0 0 1 1.24609 1.51869 -0.0847335</i>
                        <i>1 0 0 0 1 0 0 0 1 1.24609 1.5188 -0.0847335</i>
                        <i>1 0 0 0 1 0 0 0 1 1.24609 1.51886 -0.0847335</i>
                        <i>1 0 0 0 1 0 0 0 1 1.24609 1.51888 -0.0847335</i>
                    </KeyFrames>
                </p>
            </i>
            <i>
                <p>
                    <Name><![CDATA[spine0]]></Name>
                    <Exclude>0</Exclude>
                    <Additive>0</Additive>
                    <IKPriority>0</IKPriority>
                    <IKRotLimits>-1e+010 -1e+010 -1e+010 1e+010 1e+010 1e+010</IKRotLimits>
                    <IKRotLimitOrder>0</IKRotLimitOrder>
                    <KeyFrames count="97">
                        <i>-0.0942131 0.928699 0.358666 -0.981652 -0.0266675 -0.188806 -0.165779 -0.369873 0.914172 1.26083 1.6604 -0.105953</i>
                        <i>-0.0936448 0.929449 0.356869 -0.981664 -0.0264227 -0.188778 -0.16603 -0.368004 0.914881 1.26086 1.66036 -0.106055</i>
                        <i>-0.0930314 0.930246 0.354948 -0.981677 -0.0261554 -0.188748 -0.166298 -0.366004 0.915634 1.26089 1.66028 -0.106164</i>
                        <i>-0.0923789 0.931082 0.352921 -0.981691 -0.0258685 -0.188716 -0.166581 -0.363892 0.916424 1.26093 1.66016 -0.106279</i>
                        <i>-0.0916931 0.931949 0.350805 -0.981705 -0.0255646 -0.188682 -0.166874 -0.361688 0.917243 1.26096 1.65999 -0.106399</i>
                        <i>-0.0909799 0.932838 0.348619 -0.98172 -0.0252464 -0.188647 -0.167176 -0.35941 0.918083 1.261 1.6598 -0.106523</i>
                        <i>-0.0902452 0.933743 0.346382 -0.981736 -0.0249167 -0.188611 -0.167483 -0.357076 0.918937 1.26104 1.65956 -0.10665</i>
                        <i>-0.0894951 0.934655 0.34411 -0.981751 -0.024578 -0.188574 -0.167794 -0.354706 0.919798 1.26108 1.6593 -0.106779</i>
                        <i>-0.0887353 0.935566 0.341821 -0.981767 -0.0242331 -0.188536 -0.168105 -0.352319 0.920659 1.26112 1.659 -0.106909</i>
                        <i>-0.0879718 0.936471 0.339535 -0.981783 -0.0238846 -0.188499 -0.168414 -0.349932 0.921512 1.26115 1.65867 -0.107039</i>
                        <i>-0.0872105 0.937361 0.337268 -0.981798 -0.0235352 -0.188462 -0.168719 -0.347565 0.922352 1.26119 1.65832 -0.107168</i>
                        <i>-0.0864574 0.938229 0.335038 -0.981814 -0.0231875 -0.188426 -0.169018 -0.345236 0.923171 1.26123 1.65794 -0.107295</i>
                        <i>-0.0857183 0.939071 0.332864 -0.981829 -0.0228443 -0.18839 -0.169307 -0.342964 0.923965 1.26127 1.65754 -0.107419</i>
                        <i>-0.0849992 0.939878 0.330764 -0.981843 -0.022508 -0.188355 -0.169586 -0.340768 0.924726 1.2613 1.65712 -0.107538</i>
                        <i>-0.0843059 0.940645 0.328754 -0.981857 -0.0221814 -0.188322 -0.169852 -0.338666 0.925449 1.26134 1.65668 -0.107653</i>
                        <i>-0.0836444 0.941366 0.326853 -0.98187 -0.021867 -0.18829 -0.170102 -0.336677 0.926128 1.26137 1.65622 -0.107762</i>
                        <i>-0.0830206 0.942036 0.325079 -0.981883 -0.0215675 -0.188259 -0.170336 -0.334819 0.926759 1.2614 1.65575 -0.107863</i>
                        <i>-0.0824403 0.942647 0.32345 -0.981894 -0.0212854 -0.18823 -0.17055 -0.333111 0.927335 1.26143 1.65526 -0.107956</i>
                        <i>-0.0819095 0.943196 0.321983 -0.981905 -0.0210233 -0.188204 -0.170744 -0.331572 0.927851 1.26146 1.65477 -0.108041</i>
                        <i>-0.081434 0.943675 0.320695 -0.981915 -0.0207838 -0.188179 -0.170914 -0.33022 0.928301 1.26148 1.65426 -0.108115</i>
                        <i>-0.0810197 0.94408 0.319606 -0.981924 -0.0205696 -0.188156 -0.171061 -0.329073 0.928681 1.2615 1.65375 -0.108177</i>
                        <i>-0.0806725 0.944406 0.318732 -0.981931 -0.0203831 -0.188136 -0.17118 -0.32815 0.928986 1.26151 1.65323 -0.108228</i>
                        <i>-0.0803983 0.944645 0.318091 -0.981938 -0.020227 -0.188119 -0.171271 -0.32747 0.929209 1.26152 1.65271 -0.108265</i>
                        <i>-0.0802029 0.944793 0.317701 -0.981943 -0.0201038 -0.188104 -0.171332 -0.327051 0.929345 1.26153 1.65219 -0.108289</i>
                        <i>-0.0800922 0.944843 0.31758 -0.981947 -0.0200161 -0.188092 -0.17136 -0.326912 0.929389 1.26153 1.65168 -0.108296</i>
                        <i>-0.0800705 0.944791 0.317741 -0.98195 -0.019966 -0.188083 -0.171355 -0.327066 0.929336 1.26153 1.65116 -0.108288</i>
                        <i>-0.0801346 0.94464 0.318172 -0.981952 -0.0199521 -0.188076 -0.171316 -0.327501 0.92919 1.26152 1.65065 -0.108265</i>
                        <i>-0.0802787 0.944397 0.318855 -0.981952 -0.0199722 -0.188073 -0.171247 -0.328199 0.928956 1.26151 1.65014 -0.108227</i>
                        <i>-0.0804974 0.944069 0.319772 -0.981951 -0.0200242 -0.188072 -0.17115 -0.32914 0.928641 1.2615 1.64965 -0.108177</i>
                        <i>-0.0807849 0.94366 0.320904 -0.981949 -0.0201057 -0.188074 -0.171026 -0.330304 0.928251 1.26148 1.64916 -0.108113</i>
                        <i>-0.0811357 0.943177 0.322232 -0.981946 -0.0202147 -0.188078 -0.170877 -0.331674 0.927789 1.26145 1.64869 -0.108039</i>
                        <i>-0.0815442 0.942626 0.323739 -0.981942 -0.0203489 -0.188085 -0.170706 -0.33323 0.927263 1.26143 1.64822 -0.107954</i>
                        <i>-0.0820048 0.942012 0.325406 -0.981937 -0.0205061 -0.188093 -0.170513 -0.334952 0.926678 1.2614 1.64777 -0.107861</i>
                        <i>-0.0825119 0.941341 0.327214 -0.981931 -0.0206841 -0.188104 -0.170302 -0.336822 0.926039 1.26137 1.64734 -0.107759</i>
                        <i>-0.0830599 0.940619 0.329146 -0.981925 -0.0208808 -0.188117 -0.170073 -0.338821 0.925352 1.26134 1.64693 -0.10765</i>
                        <i>-0.0836433 0.939852 0.331182 -0.981917 -0.0210939 -0.188131 -0.169829 -0.340929 0.924622 1.2613 1.64653 -0.107535</i>
                        <i>-0.0842563 0.939047 0.333305 -0.981909 -0.0213213 -0.188147 -0.169572 -0.343128 0.923855 1.26127 1.64616 -0.107415</i>
                        <i>-0.0848935 0.938209 0.335496 -0.981901 -0.0215607 -0.188165 -0.169304 -0.345397 0.923058 1.26123 1.6458 -0.10729</i>
                        <i>-0.0855492 0.937345 0.337736 -0.981892 -0.02181 -0.188184 -0.169027 -0.347719 0.922237 1.26119 1.64547 -0.107163</i>
                        <i>-0.0862178 0.936462 0.340007 -0.981882 -0.0220669 -0.188204 -0.168744 -0.350073 0.921398 1.26115 1.64517 -0.107034</i>
                        <i>-0.0868937 0.935568 0.34229 -0.981872 -0.0223292 -0.188226 -0.168455 -0.352441 0.920548 1.26111 1.64489 -0.106904</i>
                        <i>-0.0875714 0.934668 0.344567 -0.981861 -0.0225948 -0.188249 -0.168165 -0.354803 0.919693 1.26108 1.64464 -0.106774</i>
                        <i>-0.0882452 0.933771 0.34682 -0.981851 -0.0228613 -0.188272 -0.167874 -0.357139 0.918842 1.26104 1.64443 -0.106645</i>
                        <i>-0.0889096 0.932885 0.349028 -0.98184 -0.0231266 -0.188296 -0.167586 -0.359431 0.918 1.261 1.64424 -0.106518</i>
                        <i>-0.089559 0.932017 0.351175 -0.981829 -0.0233884 -0.18832 -0.167304 -0.36166 0.917176 1.26096 1.64409 -0.106395</i>
                        <i>-0.0901877 0.931175 0.353241 -0.981818 -0.0236444 -0.188344 -0.167029 -0.363805 0.916377 1.26093 1.64397 -0.106275</i>
                        <i>-0.0907903 0.930368 0.355208 -0.981808 -0.0238925 -0.188368 -0.166765 -0.365848 0.915612 1.26089 1.64389 -0.106161</i>
                        <i>-0.0913612 0.929604 0.357056 -0.981797 -0.0241304 -0.188392 -0.166514 -0.367769 0.914888 1.26086 1.64384 -0.106054</i>
                        <i>-0.0918946 0.928892 0.358768 -0.981788 -0.0243557 -0.188415 -0.166279 -0.369548 0.914213 1.26083 1.64384 -0.105953</i>
                        <i>-0.0924279 0.928184 0.360461 -0.981777 -0.0245844 -0.188439 -0.166044 -0.371309 0.913542 1.2608 1.64388 -0.105853</i>
                        <i>-0.0929984 0.927428 0.362255 -0.981766 -0.0248324 -0.188465 -0.165792 -0.373177 0.912827 1.26077 1.64396 -0.105746</i>
                        <i>-0.0936011 0.926631 0.364135 -0.981754 -0.0250974 -0.188494 -0.165525 -0.375134 0.912072 1.26073 1.64408 -0.105633</i>
                        <i>-0.0942308 0.925798 0.366085 -0.98174 -0.0253771 -0.188525 -0.165246 -0.377165 0.911285 1.2607 1.64425 -0.105516</i>
                        <i>-0.0948825 0.924936 0.36809 -0.981727 -0.0256693 -0.188558 -0.164955 -0.379255 0.91047 1.26066 1.64444 -0.105395</i>
                        <i>-0.0955512 0.924051 0.370135 -0.981712 -0.0259716 -0.188593 -0.164656 -0.381386 0.909634 1.26062 1.64467 -0.105271</i>
                        <i>-0.0962317 0.923149 0.372203 -0.981697 -0.0262818 -0.188629 -0.164351 -0.383543 0.908782 1.26059 1.64494 -0.105145</i>
                        <i>-0.0969191 0.922237 0.37428 -0.981681 -0.0265977 -0.188667 -0.164041 -0.385709 0.90792 1.26055 1.64523 -0.105018</i>
                        <i>-0.0976081 0.921321 0.37635 -0.981665 -0.0269168 -0.188706 -0.163728 -0.387869 0.907056 1.26051 1.64556 -0.104891</i>
                        <i>-0.0982938 0.920409 0.378398 -0.981648 -0.0272369 -0.188745 -0.163417 -0.390006 0.906195 1.26047 1.64591 -0.104766</i>
                        <i>-0.0989712 0.919508 0.380408 -0.981632 -0.0275557 -0.188785 -0.163107 -0.392105 0.905345 1.26044 1.64628 -0.104642</i>
                        <i>-0.0996351 0.918624 0.382365 -0.981615 -0.0278709 -0.188826 -0.162803 -0.394149 0.904512 1.2604 1.64668 -0.104521</i>
                        <i>-0.100281 0.917765 0.384253 -0.981598 -0.0281802 -0.188866 -0.162507 -0.396122 0.903703 1.26037 1.6471 -0.104405</i>
                        <i>-0.100903 0.91694 0.386057 -0.981582 -0.0284811 -0.188906 -0.16222 -0.398008 0.902925 1.26033 1.64754 -0.104293</i>
                        <i>-0.101496 0.916155 0.387762 -0.981566 -0.0287715 -0.188945 -0.161947 -0.399791 0.902186 1.2603 1.64799 -0.104188</i>
                        <i>-0.102056 0.915418 0.389352 -0.981551 -0.0290489 -0.188984 -0.161689 -0.401455 0.901494 1.26027 1.64846 -0.104089</i>
                        <i>-0.102577 0.914738 0.390811 -0.981536 -0.029311 -0.18902 -0.161449 -0.402984 0.900854 1.26024 1.64894 -0.103998</i>
                        <i>-0.103055 0.914122 0.392124 -0.981522 -0.0295555 -0.189055 -0.16123 -0.404361 0.900276 1.26022 1.64943 -0.103916</i>
                        <i>-0.103483 0.913578 0.393276 -0.981509 -0.02978 -0.189087 -0.161034 -0.405572 0.899766 1.2602 1.64994 -0.103844</i>
                        <i>-0.103859 0.913115 0.394252 -0.981497 -0.0299821 -0.189117 -0.160865 -0.406599 0.899333 1.26018 1.65044 -0.103783</i>
                        <i>-0.104175 0.91274 0.395036 -0.981486 -0.0301595 -0.189144 -0.160725 -0.407426 0.898983 1.26016 1.65096 -0.103734</i>
                        <i>-0.104428 0.912462 0.395612 -0.981477 -0.0303098 -0.189168 -0.160617 -0.408038 0.898725 1.26015 1.65148 -0.103698</i>
                        <i>-0.104612 0.912287 0.395965 -0.981469 -0.0304307 -0.189187 -0.160544 -0.408419 0.898565 1.26015 1.652 -0.103675</i>
                        <i>-0.104722 0.912224 0.396081 -0.981464 -0.0305199 -0.189203 -0.160507 -0.408552 0.898511 1.26014 1.65251 -0.103668</i>
                        <i>-0.104754 0.91228 0.395945 -0.98146 -0.0305752 -0.189214 -0.16051 -0.408425 0.898569 1.26015 1.65303 -0.103675</i>
                        <i>-0.104709 0.912449 0.395566 -0.981458 -0.0305974 -0.189221 -0.160551 -0.408044 0.898734 1.26015 1.65354 -0.103698</i>
                        <i>-0.104594 0.912725 0.39496 -0.981457 -0.0305886 -0.189224 -0.160628 -0.407428 0.899 1.26016 1.65405 -0.103735</i>
                        <i>-0.104412 0.913099 0.394143 -0.981459 -0.0305506 -0.189222 -0.160737 -0.406592 0.899359 1.26018 1.65455 -0.103784</i>
                        <i>-0.104169 0.913562 0.393132 -0.981462 -0.0304853 -0.189217 -0.160877 -0.405554 0.899802 1.2602 1.65504 -0.103846</i>
                        <i>-0.103868 0.914107 0.391943 -0.981466 -0.0303948 -0.189209 -0.161044 -0.404332 0.900323 1.26022 1.65551 -0.103918</i>
                        <i>-0.103516 0.914725 0.390592 -0.981472 -0.0302809 -0.189198 -0.161237 -0.40294 0.900912 1.26024 1.65598 -0.104</i>
                        <i>-0.103116 0.915408 0.389096 -0.981479 -0.0301456 -0.189184 -0.161451 -0.401397 0.901562 1.26027 1.65643 -0.104091</i>
                        <i>-0.102674 0.916147 0.38747 -0.981487 -0.029991 -0.189167 -0.161684 -0.39972 0.902265 1.2603 1.65687 -0.10419</i>
                        <i>-0.102194 0.916934 0.385732 -0.981496 -0.0298189 -0.189149 -0.161935 -0.397924 0.903014 1.26033 1.65729 -0.104296</i>
                        <i>-0.101681 0.91776 0.383897 -0.981505 -0.0296312 -0.189128 -0.162199 -0.396028 0.9038 1.26037 1.65769 -0.104408</i>
                        <i>-0.10114 0.918619 0.381982 -0.981516 -0.0294301 -0.189106 -0.162475 -0.394047 0.904615 1.2604 1.65806 -0.104525</i>
                        <i>-0.100575 0.919501 0.380002 -0.981526 -0.0292173 -0.189083 -0.162759 -0.391999 0.905453 1.26044 1.65842 -0.104646</i>
                        <i>-0.0999923 0.9204 0.377975 -0.981538 -0.0289949 -0.189058 -0.16305 -0.389902 0.906307 1.26047 1.65875 -0.10477</i>
                        <i>-0.0993958 0.921307 0.375917 -0.981549 -0.0287648 -0.189033 -0.163344 -0.38777 0.907168 1.26051 1.65906 -0.104896</i>
                        <i>-0.0987905 0.922216 0.373843 -0.981561 -0.028529 -0.189007 -0.16364 -0.385622 0.908029 1.26055 1.65934 -0.105023</i>
                        <i>-0.0981812 0.923118 0.371771 -0.981573 -0.0282893 -0.188981 -0.163935 -0.383475 0.908885 1.26059 1.65959 -0.10515</i>
                        <i>-0.0975728 0.924007 0.369716 -0.981585 -0.0280478 -0.188955 -0.164226 -0.381345 0.909729 1.26063 1.65981 -0.105275</i>
                        <i>-0.0969701 0.924877 0.367695 -0.981597 -0.0278063 -0.188929 -0.164511 -0.379249 0.910553 1.26066 1.66 -0.105399</i>
                        <i>-0.096378 0.92572 0.365724 -0.981609 -0.0275669 -0.188903 -0.164789 -0.377204 0.911352 1.2607 1.66015 -0.10552</i>
                        <i>-0.0958014 0.92653 0.363819 -0.98162 -0.0273314 -0.188877 -0.165057 -0.375227 0.912119 1.26073 1.66027 -0.105637</i>
                        <i>-0.0952451 0.927301 0.361997 -0.981631 -0.0271017 -0.188853 -0.165313 -0.373335 0.912849 1.26077 1.66035 -0.105748</i>
                        <i>-0.0947141 0.928026 0.360274 -0.981642 -0.0268798 -0.188829 -0.165554 -0.371545 0.913535 1.2608 1.6604 -0.105854</i>
                        <i>-0.0942131 0.928699 0.358666 -0.981652 -0.0266675 -0.188806 -0.165779 -0.369873 0.914172 1.26083 1.6604 -0.105953</i>
                    </KeyFrames>
                </p>
            </i>
            <i>
                <p>
                    <Name><![CDATA[spine1]]></Name>
                    <Exclude>0</Exclude>
                    <Additive>0</Additive>
                    <IKPriority>0</IKPriority>
                    <IKRotLimits>-1e+010 -1e+010 -1e+010 1e+010 1e+010 1e+010</IKRotLimits>
                    <IKRotLimitOrder>0</IKRotLimitOrder>
                    <KeyFrames count="97">
                        <i>-0.322303 0.668061 0.670682 -0.944003 -0.17401 -0.28032 -0.0705659 -0.723474 0.686735 1.24265 1.83991 -0.0367653</i>
                        <i>-0.321664 0.670962 0.668088 -0.944132 -0.173826 -0.279998 -0.0717372 -0.720829 0.689391 1.24279 1.83992 -0.0372505</i>
                        <i>-0.320977 0.674056 0.665299 -0.944268 -0.173608 -0.279674 -0.0730144 -0.717989 0.692214 1.24296 1.83989 -0.0377689</i>
                        <i>-0.320246 0.677311 0.662338 -0.94441 -0.173361 -0.27935 -0.0743838 -0.71498 0.695177 1.24313 1.83982 -0.0383156</i>
                        <i>-0.319479 0.680697 0.659231 -0.944554 -0.173086 -0.279031 -0.0758322 -0.711824 0.698252 1.24331 1.83971 -0.0388858</i>
                        <i>-0.31868 0.684183 0.656001 -0.944702 -0.172787 -0.278718 -0.0773462 -0.708547 0.701412 1.24349 1.83957 -0.0394744</i>
                        <i>-0.317855 0.687739 0.652674 -0.94485 -0.172466 -0.278415 -0.0789129 -0.705174 0.704629 1.24368 1.83939 -0.0400767</i>
                        <i>-0.317012 0.691336 0.649275 -0.944997 -0.172126 -0.278123 -0.0805192 -0.701731 0.707877 1.24388 1.83917 -0.0406877</i>
                        <i>-0.316156 0.694945 0.645831 -0.945144 -0.171771 -0.277846 -0.0821523 -0.698245 0.711129 1.24408 1.83893 -0.0413026</i>
                        <i>-0.315294 0.698537 0.642368 -0.945287 -0.171403 -0.277585 -0.0837995 -0.694743 0.71436 1.24427 1.83865 -0.0419167</i>
                        <i>-0.314432 0.702083 0.638914 -0.945426 -0.171025 -0.277344 -0.0854485 -0.691252 0.717544 1.24447 1.83834 -0.0425249</i>
                        <i>-0.313579 0.705558 0.635497 -0.94556 -0.170639 -0.277125 -0.0870868 -0.687801 0.720656 1.24466 1.83801 -0.0431227</i>
                        <i>-0.31274 0.708933 0.632145 -0.945688 -0.170249 -0.276929 -0.0887023 -0.684419 0.723673 1.24485 1.83765 -0.0437052</i>
                        <i>-0.311923 0.712183 0.628888 -0.945808 -0.169856 -0.276759 -0.090283 -0.681135 0.72657 1.24504 1.83727 -0.0442677</i>
                        <i>-0.311136 0.715281 0.625754 -0.94592 -0.169464 -0.276618 -0.0918171 -0.677979 0.729324 1.24521 1.83686 -0.0448054</i>
                        <i>-0.310386 0.718201 0.622774 -0.946022 -0.169075 -0.276508 -0.0932928 -0.674982 0.731912 1.24538 1.83644 -0.0453137</i>
                        <i>-0.309681 0.720919 0.619978 -0.946113 -0.168691 -0.276429 -0.0946985 -0.672175 0.734312 1.24554 1.836 -0.0457879</i>
                        <i>-0.309029 0.72341 0.617397 -0.946193 -0.168315 -0.276386 -0.0960228 -0.669587 0.7365 1.24569 1.83554 -0.0462233</i>
                        <i>-0.308438 0.72565 0.61506 -0.94626 -0.16795 -0.276378 -0.0972542 -0.667252 0.738455 1.24582 1.83507 -0.0466153</i>
                        <i>-0.307916 0.727612 0.612999 -0.946313 -0.167598 -0.276409 -0.0983814 -0.6652 0.740155 1.24594 1.83458 -0.0469591</i>
                        <i>-0.30747 0.729275 0.611245 -0.946352 -0.16726 -0.27648 -0.0993928 -0.663463 0.741578 1.24604 1.83409 -0.0472502</i>
                        <i>-0.30711 0.730612 0.609828 -0.946376 -0.16694 -0.276593 -0.100277 -0.662071 0.742702 1.24613 1.83358 -0.0474838</i>
                        <i>-0.306843 0.731598 0.608778 -0.946383 -0.166639 -0.276749 -0.101023 -0.661056 0.743504 1.2462 1.83307 -0.0476554</i>
                        <i>-0.306677 0.73221 0.608127 -0.946374 -0.166359 -0.276951 -0.101619 -0.660449 0.743963 1.24624 1.83256 -0.0477601</i>
                        <i>-0.306619 0.732421 0.607902 -0.946346 -0.166103 -0.2772 -0.102053 -0.66028 0.744053 1.24627 1.83204 -0.0477934</i>
                        <i>-0.306676 0.732211 0.608126 -0.946299 -0.165872 -0.277498 -0.102316 -0.66057 0.74376 1.24627 1.83153 -0.0477518</i>
                        <i>-0.306842 0.731597 0.60878 -0.946234 -0.165666 -0.27784 -0.102413 -0.661302 0.743096 1.24625 1.83101 -0.0476382</i>
                        <i>-0.30711 0.730606 0.609835 -0.946154 -0.165483 -0.278224 -0.102355 -0.662443 0.742087 1.2462 1.8305 -0.0474576</i>
                        <i>-0.307472 0.729263 0.611258 -0.946058 -0.165322 -0.278644 -0.10215 -0.663961 0.740757 1.24614 1.82999 -0.0472148</i>
                        <i>-0.307921 0.727594 0.613019 -0.945949 -0.165183 -0.279096 -0.101808 -0.665824 0.73913 1.24606 1.82949 -0.0469145</i>
                        <i>-0.308447 0.725624 0.615086 -0.945828 -0.165064 -0.279576 -0.101338 -0.668 0.737229 1.24597 1.829 -0.0465616</i>
                        <i>-0.309043 0.723378 0.617427 -0.945696 -0.164964 -0.280081 -0.100751 -0.670455 0.735077 1.24586 1.82851 -0.0461609</i>
                        <i>-0.309701 0.720883 0.62001 -0.945555 -0.164883 -0.280605 -0.100055 -0.673158 0.732699 1.24573 1.82804 -0.0457171</i>
                        <i>-0.310412 0.718164 0.622804 -0.945406 -0.164819 -0.281146 -0.0992589 -0.676074 0.730118 1.2456 1.82758 -0.0452352</i>
                        <i>-0.311169 0.715245 0.625778 -0.945249 -0.164771 -0.281699 -0.0983735 -0.679172 0.727357 1.24545 1.82713 -0.0447198</i>
                        <i>-0.311963 0.712155 0.628899 -0.945088 -0.164739 -0.282259 -0.0974078 -0.68242 0.724441 1.24529 1.8267 -0.0441759</i>
                        <i>-0.312787 0.708918 0.632139 -0.944922 -0.164723 -0.282824 -0.0963717 -0.685785 0.721395 1.24513 1.82629 -0.0436084</i>
                        <i>-0.313632 0.705563 0.635465 -0.944753 -0.16472 -0.283389 -0.0952748 -0.689238 0.718244 1.24496 1.82589 -0.043022</i>
                        <i>-0.314491 0.702116 0.63885 -0.944582 -0.164732 -0.28395 -0.0941272 -0.692746 0.715013 1.24478 1.82552 -0.0424217</i>
                        <i>-0.315356 0.698606 0.642262 -0.944411 -0.164757 -0.284504 -0.0929391 -0.69628 0.711728 1.24461 1.82517 -0.0418124</i>
                        <i>-0.316221 0.69506 0.645674 -0.944241 -0.164795 -0.285046 -0.0917206 -0.69981 0.708416 1.24443 1.82484 -0.0411991</i>
                        <i>-0.317078 0.69151 0.649058 -0.944073 -0.164844 -0.285572 -0.0904824 -0.703307 0.705104 1.24425 1.82455 -0.0405867</i>
                        <i>-0.317919 0.687983 0.652386 -0.943909 -0.164906 -0.286079 -0.0892349 -0.706743 0.70182 1.24407 1.82428 -0.0399802</i>
                        <i>-0.318739 0.68451 0.655631 -0.94375 -0.16498 -0.286563 -0.087989 -0.71009 0.698591 1.24389 1.82404 -0.0393846</i>
                        <i>-0.31953 0.681121 0.658767 -0.943596 -0.165064 -0.287019 -0.0867556 -0.713322 0.695447 1.24372 1.82383 -0.038805</i>
                        <i>-0.320286 0.677849 0.661769 -0.943451 -0.165159 -0.287443 -0.0855458 -0.71641 0.692415 1.24355 1.82366 -0.0382464</i>
                        <i>-0.321001 0.674724 0.66461 -0.943313 -0.165265 -0.287832 -0.0843707 -0.71933 0.689526 1.24339 1.82353 -0.0377139</i>
                        <i>-0.321668 0.671778 0.667266 -0.943186 -0.16538 -0.288182 -0.0832416 -0.722055 0.686809 1.24324 1.82344 -0.0372125</i>
                        <i>-0.322281 0.669043 0.669713 -0.943071 -0.165505 -0.288488 -0.0821699 -0.724561 0.684295 1.24309 1.82339 -0.0367474</i>
                        <i>-0.322883 0.666333 0.672121 -0.942959 -0.16565 -0.28877 -0.0810805 -0.727021 0.681811 1.24295 1.82338 -0.0362864</i>
                        <i>-0.323517 0.663455 0.674658 -0.942843 -0.165823 -0.28905 -0.0798977 -0.729609 0.679181 1.2428 1.82341 -0.035797</i>
                        <i>-0.324176 0.660432 0.677303 -0.942723 -0.166023 -0.289326 -0.0786319 -0.732302 0.676425 1.24264 1.82347 -0.0352833</i>
                        <i>-0.324855 0.657286 0.680032 -0.9426 -0.166249 -0.289597 -0.0772936 -0.735076 0.673565 1.24247 1.82357 -0.0347496</i>
                        <i>-0.325547 0.654042 0.682823 -0.942475 -0.166497 -0.289861 -0.0758932 -0.737908 0.670621 1.2423 1.8237 -0.0342</i>
                        <i>-0.326248 0.650723 0.685654 -0.942349 -0.166767 -0.290117 -0.0744415 -0.740775 0.667616 1.24212 1.82387 -0.0336388</i>
                        <i>-0.326951 0.647354 0.688502 -0.942222 -0.167056 -0.290363 -0.0729493 -0.743656 0.664571 1.24194 1.82406 -0.0330703</i>
                        <i>-0.327651 0.64396 0.691347 -0.942095 -0.167363 -0.290598 -0.0714274 -0.746529 0.661508 1.24176 1.82428 -0.0324987</i>
                        <i>-0.328344 0.640564 0.694167 -0.941969 -0.167685 -0.290819 -0.0698868 -0.749373 0.65845 1.24158 1.82454 -0.0319284</i>
                        <i>-0.329023 0.637194 0.696942 -0.941846 -0.16802 -0.291025 -0.0683387 -0.752166 0.655421 1.2414 1.82481 -0.0313635</i>
                        <i>-0.329684 0.633873 0.699652 -0.941725 -0.168367 -0.291214 -0.0667942 -0.754889 0.652442 1.24122 1.82511 -0.0308084</i>
                        <i>-0.330323 0.630629 0.702278 -0.941609 -0.168724 -0.291385 -0.0652648 -0.757522 0.649539 1.24104 1.82543 -0.0302675</i>
                        <i>-0.330934 0.627487 0.704799 -0.941497 -0.169087 -0.291534 -0.0637617 -0.760045 0.646734 1.24087 1.82578 -0.029745</i>
                        <i>-0.331513 0.624475 0.707199 -0.941392 -0.169456 -0.291662 -0.0622967 -0.762441 0.644052 1.24071 1.82615 -0.0292452</i>
                        <i>-0.332056 0.621619 0.709457 -0.941293 -0.169827 -0.291764 -0.0608811 -0.764689 0.641518 1.24055 1.82653 -0.0287726</i>
                        <i>-0.332559 0.618946 0.711555 -0.941202 -0.1702 -0.29184 -0.0595267 -0.766771 0.639154 1.2404 1.82693 -0.0283315</i>
                        <i>-0.333017 0.616482 0.713477 -0.94112 -0.170571 -0.291887 -0.0582453 -0.768671 0.636987 1.24027 1.82736 -0.0279262</i>
                        <i>-0.333426 0.614257 0.715203 -0.941049 -0.170938 -0.291903 -0.0570485 -0.770369 0.635041 1.24014 1.82779 -0.0275611</i>
