<?xml version="1.0" encoding="ISO-8859-1" ?>
<Animl Version="1">
    <ModellingPackage><![CDATA[Maya.2010]]></ModellingPackage>
    <SrcFile><![CDATA[anims\turrets\machinegun\red\~src\mgun_balkan\mgun_balkan_fire_crewman_a.mb]]></SrcFile>
    <FramesPerSecond>30</FramesPerSecond>
    <TotalFrames>31</TotalFrames>
    <Skeleton>
        <RefFrame>
            <Name><![CDATA[soldier_ref_frame]]></Name>
            <Exclude>0</Exclude>
            <Additive>0</Additive>
            <IKPriority>0</IKPriority>
            <IKRotLimits>-1e+010 -1e+010 -1e+010 1e+010 1e+010 1e+010</IKRotLimits>
            <IKRotLimitOrder>0</IKRotLimitOrder>
            <KeyFrames count="31">
                <i>1 0 0 0 1 0 0 0 1 0.0553985 0.938949 -1.83662</i>
                <i>1 0 0 0 1 0 0 0 1 0.0553985 0.938949 -1.83662</i>
                <i>1 0 0 0 1 0 0 0 1 0.0553985 0.938949 -1.83662</i>
                <i>1 0 0 0 1 0 0 0 1 0.0553985 0.938949 -1.83662</i>
                <i>1 0 0 0 1 0 0 0 1 0.0553985 0.938949 -1.83662</i>
                <i>1 0 0 0 1 0 0 0 1 0.0553985 0.938949 -1.83662</i>
                <i>1 0 0 0 1 0 0 0 1 0.0553985 0.938949 -1.83662</i>
                <i>1 0 0 0 1 0 0 0 1 0.0553985 0.938949 -1.83662</i>
                <i>1 0 0 0 1 0 0 0 1 0.0553985 0.938949 -1.83662</i>
                <i>1 0 0 0 1 0 0 0 1 0.0553985 0.938949 -1.83662</i>
                <i>1 0 0 0 1 0 0 0 1 0.0553985 0.938949 -1.83662</i>
                <i>1 0 0 0 1 0 0 0 1 0.0553985 0.938949 -1.83662</i>
                <i>1 0 0 0 1 0 0 0 1 0.0553985 0.938949 -1.83662</i>
                <i>1 0 0 0 1 0 0 0 1 0.0553985 0.938949 -1.83662</i>
                <i>1 0 0 0 1 0 0 0 1 0.0553985 0.938949 -1.83662</i>
                <i>1 0 0 0 1 0 0 0 1 0.0553985 0.938949 -1.83662</i>
                <i>1 0 0 0 1 0 0 0 1 0.0553985 0.938949 -1.83662</i>
                <i>1 0 0 0 1 0 0 0 1 0.0553985 0.938949 -1.83662</i>
                <i>1 0 0 0 1 0 0 0 1 0.0553985 0.938949 -1.83662</i>
                <i>1 0 0 0 1 0 0 0 1 0.0553985 0.938949 -1.83662</i>
                <i>1 0 0 0 1 0 0 0 1 0.0553985 0.938949 -1.83662</i>
                <i>1 0 0 0 1 0 0 0 1 0.0553985 0.938949 -1.83662</i>
                <i>1 0 0 0 1 0 0 0 1 0.0553985 0.938949 -1.83662</i>
                <i>1 0 0 0 1 0 0 0 1 0.0553985 0.938949 -1.83662</i>
                <i>1 0 0 0 1 0 0 0 1 0.0553985 0.938949 -1.83662</i>
                <i>1 0 0 0 1 0 0 0 1 0.0553985 0.938949 -1.83662</i>
                <i>1 0 0 0 1 0 0 0 1 0.0553985 0.938949 -1.83662</i>
                <i>1 0 0 0 1 0 0 0 1 0.0553985 0.938949 -1.83662</i>
                <i>1 0 0 0 1 0 0 0 1 0.0553985 0.938949 -1.83662</i>
                <i>1 0 0 0 1 0 0 0 1 0.0553985 0.938949 -1.83662</i>
                <i>1 0 0 0 1 0 0 0 1 0.0553985 0.938949 -1.83662</i>
            </KeyFrames>
        </RefFrame>
        <Bones count="23">
            <i>
                <p>
                    <Name><![CDATA[pelvis]]></Name>
                    <Exclude>0</Exclude>
                    <Additive>1</Additive>
                    <IKPriority>0</IKPriority>
                    <IKRotLimits>-1e+010 -1e+010 -1e+010 1e+010 1e+010 1e+010</IKRotLimits>
                    <IKRotLimitOrder>2</IKRotLimitOrder>
                    <KeyFrames count="31">
                        <i>1 0 0 0 1 0 0 0 1 -0.0200439 2.31296 -1.78812</i>
                        <i>1 0 0 0 1 0 0 0 1 -0.00993359 2.28957 -1.85939</i>
                        <i>1 0 0 0 1 0 0 0 1 0.0118323 2.27906 -1.90652</i>
                        <i>1 0 0 0 1 0 0 0 1 0.0326043 2.28206 -1.78997</i>
                        <i>1 0 0 0 1 0 0 0 1 0.0371922 2.36279 -1.77913</i>
                        <i>1 0 0 0 1 0 0 0 1 0.0332806 2.43343 -1.78812</i>
                        <i>1 0 0 0 1 0 0 0 1 0.0324666 2.33482 -1.86003</i>
                        <i>1 0 0 0 1 0 0 0 1 0.0274147 2.26012 -1.90578</i>
                        <i>1 0 0 0 1 0 0 0 1 0.0156844 2.20429 -1.78616</i>
                        <i>1 0 0 0 1 0 0 0 1 -0.00584086 2.25118 -1.7765</i>
                        <i>1 0 0 0 1 0 0 0 1 -0.0200439 2.31296 -1.78812</i>
                        <i>1 0 0 0 1 0 0 0 1 -0.00993359 2.28957 -1.85939</i>
                        <i>1 0 0 0 1 0 0 0 1 0.0118323 2.27906 -1.90652</i>
                        <i>1 0 0 0 1 0 0 0 1 0.0326043 2.28206 -1.78997</i>
                        <i>1 0 0 0 1 0 0 0 1 0.0371922 2.36279 -1.77913</i>
                        <i>1 0 0 0 1 0 0 0 1 0.0332806 2.43343 -1.78812</i>
                        <i>1 0 0 0 1 0 0 0 1 0.0324666 2.33482 -1.86003</i>
                        <i>1 0 0 0 1 0 0 0 1 0.0274147 2.26012 -1.90578</i>
                        <i>1 0 0 0 1 0 0 0 1 0.0156844 2.20429 -1.78616</i>
                        <i>1 0 0 0 1 0 0 0 1 -0.00584086 2.25118 -1.7765</i>
                        <i>1 0 0 0 1 0 0 0 1 -0.0200439 2.31296 -1.78812</i>
                        <i>1 0 0 0 1 0 0 0 1 -0.00993359 2.28957 -1.85939</i>
                        <i>1 0 0 0 1 0 0 0 1 0.0118323 2.27906 -1.90652</i>
                        <i>1 0 0 0 1 0 0 0 1 0.0326043 2.28206 -1.78997</i>
                        <i>1 0 0 0 1 0 0 0 1 0.0371922 2.36279 -1.77913</i>
                        <i>1 0 0 0 1 0 0 0 1 0.0332806 2.43343 -1.78812</i>
                        <i>1 0 0 0 1 0 0 0 1 0.0324666 2.33482 -1.86003</i>
                        <i>1 0 0 0 1 0 0 0 1 0.0274147 2.26012 -1.90578</i>
                        <i>1 0 0 0 1 0 0 0 1 0.0156844 2.20429 -1.78616</i>
                        <i>1 0 0 0 1 0 0 0 1 -0.00584086 2.25118 -1.7765</i>
                        <i>1 0 0 0 1 0 0 0 1 -0.0200439 2.31296 -1.78812</i>
                    </KeyFrames>
                </p>
            </i>
            <i>
                <p>
                    <Name><![CDATA[spine0]]></Name>
                    <Exclude>0</Exclude>
                    <Additive>1</Additive>
                    <IKPriority>0</IKPriority>
                    <IKRotLimits>-1e+010 -1e+010 -1e+010 1e+010 1e+010 1e+010</IKRotLimits>
                    <IKRotLimitOrder>0</IKRotLimitOrder>
                    <KeyFrames count="31">
                        <i>2.22045e-016 0.98101 0.193958 -1 2.22045e-016 -1.38778e-017 -4.16334e-017 -0.193958 0.98101 -0.0200439 2.44861 -1.83602</i>
                        <i>-0.00179582 0.978958 0.204052 -0.999987 -0.00273404 0.00431611 0.00478317 -0.204042 0.97895 -0.00583475 2.42168 -1.9162</i>
                        <i>-0.00251894 0.996318 0.0856969 -0.999939 -0.00343333 0.0105244 0.0107798 -0.0856651 0.996266 0.0203526 2.40615 -1.9734</i>
                        <i>-0.00704226 0.999658 -0.0251774 -0.999831 -0.00661135 0.0171574 0.0169851 0.0252939 0.999536 0.0430177 2.40476 -1.86433</i>
                        <i>-0.0478742 0.997584 0.0503492 -0.998517 -0.0491051 0.0235008 0.0259164 -0.0491494 0.998455 0.0428747 2.4839 -1.85655</i>
                        <i>-0.0892 0.968832 0.231102 -0.995131 -0.0964572 0.0202731 0.0419327 -0.228168 0.972718 0.0332806 2.55633 -1.8629</i>
                        <i>-0.0928026 0.9533 0.287414 -0.995334 -0.0964746 -0.00139328 0.0263999 -0.286202 0.957806 0.0330944 2.46983 -1.90972</i>
                        <i>-0.0888312 0.985304 0.145894 -0.996016 -0.0890282 -0.00519138 0.00787357 -0.145774 0.989287 0.0249888 2.39473 -1.95649</i>
                        <i>-0.0775934 0.995891 0.0466963 -0.996983 -0.0774055 -0.00582291 -0.00218444 -0.0470072 0.998892 0.0109351 2.33721 -1.84099</i>
                        <i>-0.0384746 0.994074 0.101666 -0.99926 -0.0382552 -0.00410815 -0.000194557 -0.101749 0.99481 -0.00912409 2.38552 -1.82787</i>
                        <i>2.22045e-016 0.98101 0.193958 -1 2.22045e-016 -1.38778e-017 -4.16334e-017 -0.193958 0.98101 -0.0200439 2.44861 -1.83602</i>
                        <i>-0.00179582 0.978958 0.204052 -0.999987 -0.00273404 0.00431611 0.00478317 -0.204042 0.97895 -0.00583475 2.42168 -1.9162</i>
                        <i>-0.00251894 0.996318 0.0856969 -0.999939 -0.00343333 0.0105244 0.0107798 -0.0856651 0.996266 0.0203526 2.40615 -1.9734</i>
                        <i>-0.00704226 0.999658 -0.0251774 -0.999831 -0.00661135 0.0171574 0.0169851 0.0252939 0.999536 0.0430177 2.40476 -1.86433</i>
                        <i>-0.0478742 0.997584 0.0503492 -0.998517 -0.0491051 0.0235008 0.0259164 -0.0491494 0.998455 0.0428747 2.4839 -1.85655</i>
                        <i>-0.0892 0.968832 0.231102 -0.995131 -0.0964572 0.0202731 0.0419327 -0.228168 0.972718 0.0332806 2.55633 -1.8629</i>
                        <i>-0.0928026 0.9533 0.287414 -0.995334 -0.0964746 -0.00139328 0.0263999 -0.286202 0.957806 0.0330944 2.46983 -1.90972</i>
                        <i>-0.0888312 0.985304 0.145894 -0.996016 -0.0890282 -0.00519138 0.00787357 -0.145774 0.989287 0.0249888 2.39473 -1.95649</i>
                        <i>-0.0775934 0.995891 0.0466963 -0.996983 -0.0774055 -0.00582291 -0.00218444 -0.0470072 0.998892 0.0109351 2.33721 -1.84099</i>
                        <i>-0.0384746 0.994074 0.101666 -0.99926 -0.0382552 -0.00410815 -0.000194557 -0.101749 0.99481 -0.00912409 2.38552 -1.82787</i>
                        <i>2.22045e-016 0.98101 0.193958 -1 2.22045e-016 -1.38778e-017 -4.16334e-017 -0.193958 0.98101 -0.0200439 2.44861 -1.83602</i>
                        <i>-0.00179582 0.978958 0.204052 -0.999987 -0.00273404 0.00431611 0.00478317 -0.204042 0.97895 -0.00583475 2.42168 -1.9162</i>
                        <i>-0.00251894 0.996318 0.0856969 -0.999939 -0.00343333 0.0105244 0.0107798 -0.0856651 0.996266 0.0203526 2.40615 -1.9734</i>
                        <i>-0.00704226 0.999658 -0.0251774 -0.999831 -0.00661135 0.0171574 0.0169851 0.0252939 0.999536 0.0430177 2.40476 -1.86433</i>
                        <i>-0.0478742 0.997584 0.0503492 -0.998517 -0.0491051 0.0235008 0.0259164 -0.0491494 0.998455 0.0428747 2.4839 -1.85655</i>
                        <i>-0.0892 0.968832 0.231102 -0.995131 -0.0964572 0.0202731 0.0419327 -0.228168 0.972718 0.0332806 2.55633 -1.8629</i>
                        <i>-0.0928026 0.9533 0.287414 -0.995334 -0.0964746 -0.00139328 0.0263999 -0.286202 0.957806 0.0330944 2.46983 -1.90972</i>
                        <i>-0.0888312 0.985304 0.145894 -0.996016 -0.0890282 -0.00519138 0.00787357 -0.145774 0.989287 0.0249888 2.39473 -1.95649</i>
                        <i>-0.0775934 0.995891 0.0466963 -0.996983 -0.0774055 -0.00582291 -0.00218444 -0.0470072 0.998892 0.0109351 2.33721 -1.84099</i>
                        <i>-0.0384746 0.994074 0.101666 -0.99926 -0.0382552 -0.00410815 -0.000194557 -0.101749 0.99481 -0.00912409 2.38552 -1.82787</i>
                        <i>2.22045e-016 0.98101 0.193958 -1 2.22045e-016 -1.38778e-017 -4.16334e-017 -0.193958 0.98101 -0.0200439 2.44861 -1.83602</i>
                    </KeyFrames>
                </p>
            </i>
            <i>
                <p>
                    <Name><![CDATA[spine1]]></Name>
                    <Exclude>0</Exclude>
                    <Additive>1</Additive>
                    <IKPriority>0</IKPriority>
                    <IKRotLimits>-1e+010 -1e+010 -1e+010 1e+010 1e+010 1e+010</IKRotLimits>
                    <IKRotLimitOrder>0</IKRotLimitOrder>
                    <KeyFrames count="31">
                        <i>1.89714e-016 0.834375 0.551197 -1 2.22045e-016 -1.38778e-017 -1.22661e-016 -0.551197 0.834375 -0.0200439 2.62106 -1.80195</i>
                        <i>-0.023437 0.747909 0.663388 -0.999497 -0.00335944 -0.031524 -0.0213484 -0.663793 0.747611 -0.00615778 2.59765 -1.87957</i>
                        <i>-0.0337522 0.888724 0.457198 -0.998585 -0.0111796 -0.0519881 -0.0410918 -0.458306 0.887844 0.0199056 2.58279 -1.95824</i>
                        <i>-0.0373539 0.965907 0.256181 -0.998579 -0.0263307 -0.0463261 -0.0380013 -0.257547 0.965518 0.0418076 2.57653 -1.86866</i>
                        <i>-0.0789332 0.893201 0.442676 -0.996847 -0.0670989 -0.0423596 -0.00813251 -0.444624 0.89568 0.034415 2.66017 -1.84769</i>
                        <i>-0.106506 0.706419 0.699735 -0.993321 -0.106999 -0.0431705 0.0443748 -0.69966 0.713097 0.0165822 2.73768 -1.81974</i>
                        <i>-0.132936 0.691212 0.71032 -0.988843 -0.141097 -0.0477598 0.0672117 -0.708744 0.702257 0.0162015 2.64336 -1.85747</i>
                        <i>-0.154694 0.878981 0.451068 -0.985429 -0.169953 -0.00677011 0.0707097 -0.445543 0.892464 0.00931954 2.56853 -1.93078</i>
                        <i>-0.159545 0.965042 0.207941 -0.985744 -0.167137 0.019352 0.0534303 -0.201889 0.97795 -0.00252692 2.50999 -1.8329</i>
                        <i>-0.0794246 0.938703 0.335454 -0.996123 -0.0875042 0.00901368 0.0378148 -0.333438 0.942013 -0.0158013 2.55804 -1.81024</i>
                        <i>1.89714e-016 0.834375 0.551197 -1 2.22045e-016 -1.38778e-017 -1.22661e-016 -0.551197 0.834375 -0.0200439 2.62106 -1.80195</i>
                        <i>-0.023437 0.747909 0.663388 -0.999497 -0.00335944 -0.031524 -0.0213484 -0.663793 0.747611 -0.00615778 2.59765 -1.87957</i>
                        <i>-0.0337522 0.888724 0.457198 -0.998585 -0.0111796 -0.0519881 -0.0410918 -0.458306 0.887844 0.0199056 2.58279 -1.95824</i>
                        <i>-0.0373539 0.965907 0.256181 -0.998579 -0.0263307 -0.0463261 -0.0380013 -0.257547 0.965518 0.0418076 2.57653 -1.86866</i>
                        <i>-0.0789332 0.893201 0.442676 -0.996847 -0.0670989 -0.0423596 -0.00813251 -0.444624 0.89568 0.034415 2.66017 -1.84769</i>
                        <i>-0.106506 0.706419 0.699735 -0.993321 -0.106999 -0.0431705 0.0443748 -0.69966 0.713097 0.0165822 2.73768 -1.81974</i>
                        <i>-0.132936 0.691212 0.71032 -0.988843 -0.141097 -0.0477598 0.0672117 -0.708744 0.702257 0.0162015 2.64336 -1.85747</i>
                        <i>-0.154694 0.878981 0.451068 -0.985429 -0.169953 -0.00677011 0.0707097 -0.445543 0.892464 0.00931954 2.56853 -1.93078</i>
                        <i>-0.159545 0.965042 0.207941 -0.985744 -0.167137 0.019352 0.0534303 -0.201889 0.97795 -0.00252692 2.50999 -1.8329</i>
                        <i>-0.0794246 0.938703 0.335454 -0.996123 -0.0875042 0.00901368 0.0378148 -0.333438 0.942013 -0.0158013 2.55804 -1.81024</i>
                        <i>1.89714e-016 0.834375 0.551197 -1 2.22045e-016 -1.38778e-017 -1.22661e-016 -0.551197 0.834375 -0.0200439 2.62106 -1.80195</i>
                        <i>-0.023437 0.747909 0.663388 -0.999497 -0.00335944 -0.031524 -0.0213484 -0.663793 0.747611 -0.00615778 2.59765 -1.87957</i>
                        <i>-0.0337522 0.888724 0.457198 -0.998585 -0.0111796 -0.0519881 -0.0410918 -0.458306 0.887844 0.0199056 2.58279 -1.95824</i>
                        <i>-0.0373539 0.965907 0.256181 -0.998579 -0.0263307 -0.0463261 -0.0380013 -0.257547 0.965518 0.0418076 2.57653 -1.86866</i>
                        <i>-0.0789332 0.893201 0.442676 -0.996847 -0.0670989 -0.0423596 -0.00813251 -0.444624 0.89568 0.034415 2.66017 -1.84769</i>
                        <i>-0.106506 0.706419 0.699735 -0.993321 -0.106999 -0.0431705 0.0443748 -0.69966 0.713097 0.0165822 2.73768 -1.81974</i>
                        <i>-0.132936 0.691212 0.71032 -0.988843 -0.141097 -0.0477598 0.0672117 -0.708744 0.702257 0.0162015 2.64336 -1.85747</i>
                        <i>-0.154694 0.878981 0.451068 -0.985429 -0.169953 -0.00677011 0.0707097 -0.445543 0.892464 0.00931954 2.56853 -1.93078</i>
                        <i>-0.159545 0.965042 0.207941 -0.985744 -0.167137 0.019352 0.0534303 -0.201889 0.97795 -0.00252692 2.50999 -1.8329</i>
                        <i>-0.0794246 0.938703 0.335454 -0.996123 -0.0875042 0.00901368 0.0378148 -0.333438 0.942013 -0.0158013 2.55804 -1.81024</i>
                        <i>1.89714e-016 0.834375 0.551197 -1 2.22045e-016 -1.38778e-017 -1.22661e-016 -0.551197 0.834375 -0.0200439 2.62106 -1.80195</i>
                    </KeyFrames>
                </p>
            </i>
            <i>
                <p>
                    <Name><![CDATA[spine2]]></Name>
                    <Exclude>0</Exclude>
                    <Additive>1</Additive>
                    <IKPriority>0</IKPriority>
                    <IKRotLimits>-1e+010 -1e+010 -1e+010 1e+010 1e+010 1e+010</IKRotLimits>
                    <IKRotLimitOrder>0</IKRotLimitOrder>
                    <KeyFrames count="31">
                        <i>1.69405e-016 0.743314 0.668943 -1 2.22045e-016 -1.38778e-017 -1.49463e-016 -0.668943 0.743314 -0.0200439 2.75582 -1.71277</i>
                        <i>-0.00374065 0.61327 0.789864 -0.998123 0.0459872 -0.0404325 -0.0611197 -0.788533 0.611947 -0.0100696 2.72097 -1.76985</i>
                        <i>0.023882 0.833446 0.552085 -0.991885 0.0887338 -0.0910485 -0.124873 -0.545431 0.828802 0.0143338 2.72756 -1.88359</i>
                        <i>0.0582949 0.948376 0.311745 -0.988292 0.098931 -0.116157 -0.141002 -0.301324 0.943039 0.0358352 2.72918 -1.82813</i>
                        <i>0.00695627 0.86789 0.496708 -0.993919 0.0605898 -0.0919479 -0.109896 -0.493048 0.863033 0.0215272 2.80515 -1.77566</i>
                        <i>-0.0432233 0.66533 0.745297 -0.998202 0.00224336 -0.0598931 -0.0415207 -0.746546 0.664037 -0.00177305 2.85885 -1.69918</i>
                        <i>-0.0589659 0.591105 0.804436 -0.998148 -0.0469863 -0.0386392 0.0149577 -0.805225 0.592781 -0.00604172 2.75874 -1.7385</i>
                        <i>-0.12161 0.817221 0.563349 -0.989358 -0.145482 -0.00252802 0.0798914 -0.557661 0.826215 -0.0157541 2.71106 -1.85751</i>
                        <i>-0.18187 0.94627 0.267388 -0.979028 -0.199638 0.0405993 0.0917988 -0.254397 0.962733 -0.0279745 2.66411 -1.79965</i>
                        <i>-0.100153 0.899986 0.424259 -0.992838 -0.118308 0.0165948 0.0651285 -0.419558 0.905389 -0.0284625 2.70791 -1.75662</i>
                        <i>1.69405e-016 0.743314 0.668943 -1 2.22045e-016 -1.38778e-017 -1.49463e-016 -0.668943 0.743314 -0.0200439 2.75582 -1.71277</i>
                        <i>-0.00374065 0.61327 0.789864 -0.998123 0.0459872 -0.0404325 -0.0611197 -0.788533 0.611947 -0.0100696 2.72097 -1.76985</i>
                        <i>0.023882 0.833446 0.552085 -0.991885 0.0887338 -0.0910485 -0.124873 -0.545431 0.828802 0.0143338 2.72756 -1.88359</i>
                        <i>0.0582949 0.948376 0.311745 -0.988292 0.098931 -0.116157 -0.141002 -0.301324 0.943039 0.0358352 2.72918 -1.82813</i>
                        <i>0.00695627 0.86789 0.496708 -0.993919 0.0605898 -0.0919479 -0.109896 -0.493048 0.863033 0.0215272 2.80515 -1.77566</i>
                        <i>-0.0432233 0.66533 0.745297 -0.998202 0.00224336 -0.0598931 -0.0415207 -0.746546 0.664037 -0.00177305 2.85885 -1.69918</i>
                        <i>-0.0589659 0.591105 0.804436 -0.998148 -0.0469863 -0.0386392 0.0149577 -0.805225 0.592781 -0.00604172 2.75874 -1.7385</i>
                        <i>-0.12161 0.817221 0.563349 -0.989358 -0.145482 -0.00252802 0.0798914 -0.557661 0.826215 -0.0157541 2.71106 -1.85751</i>
                        <i>-0.18187 0.94627 0.267388 -0.979028 -0.199638 0.0405993 0.0917988 -0.254397 0.962733 -0.0279745 2.66411 -1.79965</i>
                        <i>-0.100153 0.899986 0.424259 -0.992838 -0.118308 0.0165948 0.0651285 -0.419558 0.905389 -0.0284625 2.70791 -1.75662</i>
                        <i>1.69405e-016 0.743314 0.668943 -1 2.22045e-016 -1.38778e-017 -1.49463e-016 -0.668943 0.743314 -0.0200439 2.75582 -1.71277</i>
                        <i>-0.00374065 0.61327 0.789864 -0.998123 0.0459872 -0.0404325 -0.0611197 -0.788533 0.611947 -0.0100696 2.72097 -1.76985</i>
                        <i>0.023882 0.833446 0.552085 -0.991885 0.0887338 -0.0910485 -0.124873 -0.545431 0.828802 0.0143338 2.72756 -1.88359</i>
                        <i>0.0582949 0.948376 0.311745 -0.988292 0.098931 -0.116157 -0.141002 -0.301324 0.943039 0.0358352 2.72918 -1.82813</i>
                        <i>0.00695627 0.86789 0.496708 -0.993919 0.0605898 -0.0919479 -0.109896 -0.493048 0.863033 0.0215272 2.80515 -1.77566</i>
                        <i>-0.0432233 0.66533 0.745297 -0.998202 0.00224336 -0.0598931 -0.0415207 -0.746546 0.664037 -0.00177305 2.85885 -1.69918</i>
                        <i>-0.0589659 0.591105 0.804436 -0.998148 -0.0469863 -0.0386392 0.0149577 -0.805225 0.592781 -0.00604172 2.75874 -1.7385</i>
                        <i>-0.12161 0.817221 0.563349 -0.989358 -0.145482 -0.00252802 0.0798914 -0.557661 0.826215 -0.0157541 2.71106 -1.85751</i>
                        <i>-0.18187 0.94627 0.267388 -0.979028 -0.199638 0.0405993 0.0917988 -0.254397 0.962733 -0.0279745 2.66411 -1.79965</i>
                        <i>-0.100153 0.899986 0.424259 -0.992838 -0.118308 0.0165948 0.0651285 -0.419558 0.905389 -0.0284625 2.70791 -1.75662</i>
                        <i>1.69405e-016 0.743314 0.668943 -1 2.22045e-016 -1.38778e-017 -1.49463e-016 -0.668943 0.743314 -0.0200439 2.75582 -1.71277</i>
                    </KeyFrames>
                </p>
            </i>
            <i>
                <p>
                    <Name><![CDATA[head]]></Name>
                    <Exclude>0</Exclude>
                    <Additive>1</Additive>
                    <IKPriority>0</IKPriority>
                    <IKRotLimits>-1e+010 -1e+010 -1e+010 1e+010 1e+010 1e+010</IKRotLimits>
                    <IKRotLimitOrder>0</IKRotLimitOrder>
                    <KeyFrames count="31">
                        <i>1.69621e-016 0.995672 0.0929364 -9.22426e-017 0.0929364 -0.995672 -1 1.89039e-016 1.0578e-016 -0.0200439 2.96107 -1.55542</i>
                        <i>0.0601104 0.99793 0.0228502 0.0312558 0.0209987 -0.999291 -0.997702 0.060782 -0.0299289 -0.00755019 2.89532 -1.57706</i>
                        <i>0.127907 0.991391 0.0280076 0.0830839 0.0174295 -0.99639 -0.9883 0.129772 -0.0801392 0.0288667 2.95502 -1.76074</i>
                        <i>0.152917 0.985633 0.0717228 0.127213 0.0523399 -0.990493 -0.980017 0.160587 -0.117382 0.0620999 2.97701 -1.7722</i>
                        <i>0.108177 0.98829 0.10761 0.0945236 0.0975296 -0.990734 -0.989628 0.117347 -0.0828663 0.0336466 3.04041 -1.6726</i>
                        <i>0.037461 0.990386 0.133166 0.0444097 0.131478 -0.990324 -0.998311 0.0430124 -0.0390574 -0.00619614 3.053 -1.52438</i>
                        <i>0.00358353 0.999752 0.0219969 0.00281216 0.0219871 -0.999754 -0.99999 0.0036445 -0.00273268 -0.0140073 2.93088 -1.5428</i>
                        <i>-0.10261 0.992362 0.068478 -0.0176471 0.0670144 -0.997596 -0.994565 -0.103572 0.010636 -0.043311 2.93436 -1.72829</i>
                        <i>-0.180099 0.981576 0.0638167 -0.0511142 0.055451 -0.997152 -0.98232 -0.182848 0.0401858 -0.0745673 2.91332 -1.74995</i>
                        <i>-0.115 0.989799 0.0840981 -0.0264609 0.0815774 -0.996316 -0.993013 -0.116802 0.0168095 -0.0553805 2.94795 -1.66571</i>
                        <i>1.69621e-016 0.995672 0.0929364 -9.22426e-017 0.0929364 -0.995672 -1 1.89039e-016 1.0578e-016 -0.0200439 2.96107 -1.55542</i>
                        <i>0.0601104 0.99793 0.0228502 0.0312558 0.0209987 -0.999291 -0.997702 0.060782 -0.0299289 -0.00755019 2.89532 -1.57706</i>
                        <i>0.127907 0.991391 0.0280076 0.0830839 0.0174295 -0.99639 -0.9883 0.129772 -0.0801392 0.0288667 2.95502 -1.76074</i>
                        <i>0.152917 0.985633 0.0717228 0.127213 0.0523399 -0.990493 -0.980017 0.160587 -0.117382 0.0620999 2.97701 -1.7722</i>
                        <i>0.108177 0.98829 0.10761 0.0945236 0.0975296 -0.990734 -0.989628 0.117347 -0.0828663 0.0336466 3.04041 -1.6726</i>
                        <i>0.037461 0.990386 0.133166 0.0444097 0.131478 -0.990324 -0.998311 0.0430124 -0.0390574 -0.00619614 3.053 -1.52438</i>
                        <i>0.00358353 0.999752 0.0219969 0.00281216 0.0219871 -0.999754 -0.99999 0.0036445 -0.00273268 -0.0140073 2.93088 -1.5428</i>
                        <i>-0.10261 0.992362 0.068478 -0.0176471 0.0670144 -0.997596 -0.994565 -0.103572 0.010636 -0.043311 2.93436 -1.72829</i>
                        <i>-0.180099 0.981576 0.0638167 -0.0511142 0.055451 -0.997152 -0.98232 -0.182848 0.0401858 -0.0745673 2.91332 -1.74995</i>
                        <i>-0.115 0.989799 0.0840981 -0.0264609 0.0815774 -0.996316 -0.993013 -0.116802 0.0168095 -0.0553805 2.94795 -1.66571</i>
                        <i>1.69621e-016 0.995672 0.0929364 -9.22426e-017 0.0929364 -0.995672 -1 1.89039e-016 1.0578e-016 -0.0200439 2.96107 -1.55542</i>
                        <i>0.0601104 0.99793 0.0228502 0.0312558 0.0209987 -0.999291 -0.997702 0.060782 -0.0299289 -0.00755019 2.89532 -1.57706</i>
                        <i>0.127907 0.991391 0.0280076 0.0830839 0.0174295 -0.99639 -0.9883 0.129772 -0.0801392 0.0288667 2.95502 -1.76074</i>
                        <i>0.152917 0.985633 0.0717228 0.127213 0.0523399 -0.990493 -0.980017 0.160587 -0.117382 0.0620999 2.97701 -1.7722</i>
                        <i>0.108177 0.98829 0.10761 0.0945236 0.0975296 -0.990734 -0.989628 0.117347 -0.0828663 0.0336466 3.04041 -1.6726</i>
                        <i>0.037461 0.990386 0.133166 0.0444097 0.131478 -0.990324 -0.998311 0.0430124 -0.0390574 -0.00619614 3.053 -1.52438</i>
                        <i>0.00358353 0.999752 0.0219969 0.00281216 0.0219871 -0.999754 -0.99999 0.0036445 -0.00273268 -0.0140073 2.93088 -1.5428</i>
                        <i>-0.10261 0.992362 0.068478 -0.0176471 0.0670144 -0.997596 -0.994565 -0.103572 0.010636 -0.043311 2.93436 -1.72829</i>
                        <i>-0.180099 0.981576 0.0638167 -0.0511142 0.055451 -0.997152 -0.98232 -0.182848 0.0401858 -0.0745673 2.91332 -1.74995</i>
                        <i>-0.115 0.989799 0.0840981 -0.0264609 0.0815774 -0.996316 -0.993013 -0.116802 0.0168095 -0.0553805 2.94795 -1.66571</i>
                        <i>1.69621e-016 0.995672 0.0929364 -9.22426e-017 0.0929364 -0.995672 -1 1.89039e-016 1.0578e-016 -0.0200439 2.96107 -1.55542</i>
                    </KeyFrames>
                </p>
            </i>
            <i>
                <p>
                    <Name><![CDATA[head_prop]]></Name>
                    <Exclude>0</Exclude>
                    <Additive>1</Additive>
                    <IKPriority>0</IKPriority>
                    <IKRotLimits>-1e+010 -1e+010 -1e+010 1e+010 1e+010 1e+010</IKRotLimits>
                    <IKRotLimitOrder>0</IKRotLimitOrder>
                    <KeyFrames count="31">
                        <i>1 3.20444e-017 -8.51444e-017 -5.24236e-017 0.995672 0.0929364 9.22426e-017 -0.0929364 0.995672 -0.0200439 3.28557 -1.52513</i>
                        <i>0.997702 -0.060782 0.0299289 0.0601104 0.99793 0.0228502 -0.0312558 -0.0209987 0.999291 0.0120404 3.22056 -1.56961</i>
                        <i>0.9883 -0.129772 0.0801392 0.127907 0.991391 0.0280076 -0.0830839 -0.0174295 0.99639 0.0705526 3.27812 -1.75161</i>
                        <i>0.980017 -0.160587 0.117382 0.152917 0.985633 0.0717228 -0.127213 -0.0523399 0.990493 0.111937 3.29824 -1.74883</i>
                        <i>0.989628 -0.117347 0.0828663 0.108177 0.98829 0.10761 -0.0945236 -0.0975296 0.990734 0.0689025 3.3625 -1.63753</i>
                        <i>0.998311 -0.0430124 0.0390574 0.037461 0.990386 0.133166 -0.0444097 -0.131478 0.990324 0.00601274 3.37578 -1.48098</i>
                        <i>0.99999 -0.0036445 0.00273268 0.00358353 0.999752 0.0219969 -0.00281216 -0.0219871 0.999754 -0.0128394 3.25671 -1.53563</i>
                        <i>0.994565 0.103572 -0.010636 -0.10261 0.992362 0.068478 0.0176471 -0.0670144 0.997596 -0.0767526 3.25777 -1.70597</i>
                        <i>0.98232 0.182848 -0.0401858 -0.180099 0.981576 0.0638167 0.0511142 -0.055451 0.997152 -0.133263 3.23323 -1.72915</i>
                        <i>0.993013 0.116802 -0.0168095 -0.115 0.989799 0.0840981 0.0264609 -0.0815774 0.996316 -0.0928602 3.27054 -1.63831</i>
                        <i>1 3.20444e-017 -8.51444e-017 -5.24236e-017 0.995672 0.0929364 9.22426e-017 -0.0929364 0.995672 -0.0200439 3.28557 -1.52513</i>
                        <i>0.997702 -0.060782 0.0299289 0.0601104 0.99793 0.0228502 -0.0312558 -0.0209987 0.999291 0.0120404 3.22056 -1.56961</i>
                        <i>0.9883 -0.129772 0.0801392 0.127907 0.991391 0.0280076 -0.0830839 -0.0174295 0.99639 0.0705526 3.27812 -1.75161</i>
                        <i>0.980017 -0.160587 0.117382 0.152917 0.985633 0.0717228 -0.127213 -0.0523399 0.990493 0.111937 3.29824 -1.74883</i>
                        <i>0.989628 -0.117347 0.0828663 0.108177 0.98829 0.10761 -0.0945236 -0.0975296 0.990734 0.0689025 3.3625 -1.63753</i>
                        <i>0.998311 -0.0430124 0.0390574 0.037461 0.990386 0.133166 -0.0444097 -0.131478 0.990324 0.00601274 3.37578 -1.48098</i>
                        <i>0.99999 -0.0036445 0.00273268 0.00358353 0.999752 0.0219969 -0.00281216 -0.0219871 0.999754 -0.0128394 3.25671 -1.53563</i>
                        <i>0.994565 0.103572 -0.010636 -0.10261 0.992362 0.068478 0.0176471 -0.0670144 0.997596 -0.0767526 3.25777 -1.70597</i>
                        <i>0.98232 0.182848 -0.0401858 -0.180099 0.981576 0.0638167 0.0511142 -0.055451 0.997152 -0.133263 3.23323 -1.72915</i>
                        <i>0.993013 0.116802 -0.0168095 -0.115 0.989799 0.0840981 0.0264609 -0.0815774 0.996316 -0.0928602 3.27054 -1.63831</i>
                        <i>1 3.20444e-017 -8.51444e-017 -5.24236e-017 0.995672 0.0929364 9.22426e-017 -0.0929364 0.995672 -0.0200439 3.28557 -1.52513</i>
                        <i>0.997702 -0.060782 0.0299289 0.0601104 0.99793 0.0228502 -0.0312558 -0.0209987 0.999291 0.0120404 3.22056 -1.56961</i>
                        <i>0.9883 -0.129772 0.0801392 0.127907 0.991391 0.0280076 -0.0830839 -0.0174295 0.99639 0.0705526 3.27812 -1.75161</i>
                        <i>0.980017 -0.160587 0.117382 0.152917 0.985633 0.0717228 -0.127213 -0.0523399 0.990493 0.111937 3.29824 -1.74883</i>
                        <i>0.989628 -0.117347 0.0828663 0.108177 0.98829 0.10761 -0.0945236 -0.0975296 0.990734 0.0689025 3.3625 -1.63753</i>
                        <i>0.998311 -0.0430124 0.0390574 0.037461 0.990386 0.133166 -0.0444097 -0.131478 0.990324 0.00601274 3.37578 -1.48098</i>
                        <i>0.99999 -0.0036445 0.00273268 0.00358353 0.999752 0.0219969 -0.00281216 -0.0219871 0.999754 -0.0128394 3.25671 -1.53563</i>
                        <i>0.994565 0.103572 -0.010636 -0.10261 0.992362 0.068478 0.0176471 -0.0670144 0.997596 -0.0767526 3.25777 -1.70597</i>
                        <i>0.98232 0.182848 -0.0401858 -0.180099 0.981576 0.0638167 0.0511142 -0.055451 0.997152 -0.133263 3.23323 -1.72915</i>
                        <i>0.993013 0.116802 -0.0168095 -0.115 0.989799 0.0840981 0.0264609 -0.0815774 0.996316 -0.0928602 3.27054 -1.63831</i>
                        <i>1 3.20444e-017 -8.51444e-017 -5.24236e-017 0.995672 0.0929364 9.22426e-017 -0.0929364 0.995672 -0.0200439 3.28557 -1.52513</i>
                    </KeyFrames>
                </p>
            </i>
            <i>
                <p>
                    <Name><![CDATA[l_clav]]></Name>
                    <Exclude>0</Exclude>
                    <Additive>1</Additive>
                    <IKPriority>0</IKPriority>
                    <IKRotLimits>-1e+010 -1e+010 -1e+010 1e+010 1e+010 1e+010</IKRotLimits>
                    <IKRotLimitOrder>0</IKRotLimitOrder>
                    <KeyFrames count="31">
                        <i>0.96707 0.254445 -0.00579077 -0.226968 0.872487 0.432726 0.115157 -0.417162 0.901507 0.0659829 2.77862 -1.63985</i>
                        <i>0.978898 0.192019 0.0699033 -0.196606 0.791734 0.578363 0.0557119 -0.579902 0.812779 0.0717935 2.72632 -1.69089</i>
                        <i>0.992175 0.12157 0.0284477 -0.124786 0.958027 0.258094 0.00412289 -0.259624 0.965701 0.0927357 2.75077 -1.80566</i>
                        <i>0.997808 0.0661678 -0.00146967 -0.0661829 0.997677 -0.01613 0.000398966 0.0161919 0.999869 0.113528 2.7649 -1.75888</i>
                        <i>0.991801 0.127626 0.00642377 -0.126963 0.978447 0.162857 0.0144995 -0.162337 0.986629 0.0980728 2.83296 -1.69764</i>
                        <i>0.976213 0.212646 0.042308 -0.208068 0.863964 0.458556 0.0609574 -0.456451 0.887658 0.0755665 2.87045 -1.6127</i>
                        <i>0.967864 0.247699 0.0434039 -0.225725 0.779646 0.584123 0.110847 -0.575149 0.810504 0.071739 2.7666 -1.65888</i>
                        <i>0.946837 0.316648 0.0568687 -0.317852 0.893436 0.317399 0.0496951 -0.318601 0.946585 0.0614957 2.7523 -1.789</i>
                        <i>0.915642 0.400468 0.035004 -0.401073 0.915966 0.0121198 -0.0272089 -0.0251365 0.999314 0.0469101 2.73151 -1.74848</i>
                        <i>0.941643 0.335825 0.0230305 -0.33483 0.927422 0.166666 0.0346118 -0.164652 0.985744 0.0528271 2.76026 -1.69534</i>
                        <i>0.96707 0.254445 -0.00579077 -0.226968 0.872487 0.432726 0.115157 -0.417162 0.901507 0.0659829 2.77862 -1.63985</i>
                        <i>0.978898 0.192019 0.0699033 -0.196606 0.791734 0.578363 0.0557119 -0.579902 0.812779 0.0717935 2.72632 -1.69089</i>
                        <i>0.992175 0.12157 0.0284477 -0.124786 0.958027 0.258094 0.00412289 -0.259624 0.965701 0.0927357 2.75077 -1.80566</i>
                        <i>0.997808 0.0661678 -0.00146967 -0.0661829 0.997677 -0.01613 0.000398966 0.0161919 0.999869 0.113528 2.7649 -1.75888</i>
                        <i>0.991801 0.127626 0.00642377 -0.126963 0.978447 0.162857 0.0144995 -0.162337 0.986629 0.0980728 2.83296 -1.69764</i>
                        <i>0.976213 0.212646 0.042308 -0.208068 0.863964 0.458556 0.0609574 -0.456451 0.887658 0.0755665 2.87045 -1.6127</i>
                        <i>0.967864 0.247699 0.0434039 -0.225725 0.779646 0.584123 0.110847 -0.575149 0.810504 0.071739 2.7666 -1.65888</i>
                        <i>0.946837 0.316648 0.0568687 -0.317852 0.893436 0.317399 0.0496951 -0.318601 0.946585 0.0614957 2.7523 -1.789</i>
                        <i>0.915642 0.400468 0.035004 -0.401073 0.915966 0.0121198 -0.0272089 -0.0251365 0.999314 0.0469101 2.73151 -1.74848</i>
                        <i>0.941643 0.335825 0.0230305 -0.33483 0.927422 0.166666 0.0346118 -0.164652 0.985744 0.0528271 2.76026 -1.69534</i>
                        <i>0.96707 0.254445 -0.00579077 -0.226968 0.872487 0.432726 0.115157 -0.417162 0.901507 0.0659829 2.77862 -1.63985</i>
                        <i>0.978898 0.192019 0.0699033 -0.196606 0.791734 0.578363 0.0557119 -0.579902 0.812779 0.0717935 2.72632 -1.69089</i>
                        <i>0.992175 0.12157 0.0284477 -0.124786 0.958027 0.258094 0.00412289 -0.259624 0.965701 0.0927357 2.75077 -1.80566</i>
                        <i>0.997808 0.0661678 -0.00146967 -0.0661829 0.997677 -0.01613 0.000398966 0.0161919 0.999869 0.113528 2.7649 -1.75888</i>
                        <i>0.991801 0.127626 0.00642377 -0.126963 0.978447 0.162857 0.0144995 -0.162337 0.986629 0.0980728 2.83296 -1.69764</i>
                        <i>0.976213 0.212646 0.042308 -0.208068 0.863964 0.458556 0.0609574 -0.456451 0.887658 0.0755665 2.87045 -1.6127</i>
                        <i>0.967864 0.247699 0.0434039 -0.225725 0.779646 0.584123 0.110847 -0.575149 0.810504 0.071739 2.7666 -1.65888</i>
                        <i>0.946837 0.316648 0.0568687 -0.317852 0.893436 0.317399 0.0496951 -0.318601 0.946585 0.0614957 2.7523 -1.789</i>
                        <i>0.915642 0.400468 0.035004 -0.401073 0.915966 0.0121198 -0.0272089 -0.0251365 0.999314 0.0469101 2.73151 -1.74848</i>
                        <i>0.941643 0.335825 0.0230305 -0.33483 0.927422 0.166666 0.0346118 -0.164652 0.985744 0.0528271 2.76026 -1.69534</i>
                        <i>0.96707 0.254445 -0.00579077 -0.226968 0.872487 0.432726 0.115157 -0.417162 0.901507 0.0659829 2.77862 -1.63985</i>
                    </KeyFrames>
                </p>
            </i>
            <i>
                <p>
                    <Name><![CDATA[l_shoulder]]></Name>
                    <Exclude>0</Exclude>
                    <Additive>1</Additive>
                    <IKPriority>0</IKPriority>
                    <IKRotLimits>-1e+010 -1e+010 -1e+010 1e+010 1e+010 1e+010</IKRotLimits>
                    <IKRotLimitOrder>0</IKRotLimitOrder>
                    <KeyFrames count="31">
                        <i>0.715897 -0.451799 0.532325 0.691261 0.565906 -0.449343 -0.098233 0.689658 0.717441 0.257055 2.8289 -1.64099</i>
                        <i>0.708434 -0.428391 0.560894 0.705043 0.465778 -0.534757 -0.032167 0.774294 0.632007 0.265203 2.76426 -1.67708</i>
                        <i>0.588015 -0.356811 0.725896 0.792344 0.434476 -0.428277 -0.162571 0.826992 0.538196 0.288768 2.77479 -1.80004</i>
                        <i>0.47407 -0.175537 0.862812 0.785846 0.526321 -0.324703 -0.397118 0.831969 0.387458 0.310673 2.77797 -1.75917</i>
                        <i>0.590292 -0.432327 0.681651 0.769889 0.555292 -0.314518 -0.24254 0.710453 0.660629 0.294031 2.85817 -1.69637</i>
                        <i>0.680645 -0.629892 0.37411 0.732075 0.565203 -0.38028 0.0280872 0.532712 0.845831 0.268445 2.91246 -1.60435</i>
                        <i>0.737258 -0.526426 0.42347 0.674754 0.542174 -0.500753 0.0340151 0.654922 0.75493 0.262968 2.81554 -1.65031</i>
                        <i>0.75646 -0.327523 0.566124 0.59157 0.711802 -0.378659 -0.278949 0.621342 0.732203 0.24857 2.81486 -1.77776</i>
                        <i>0.603815 -0.060357 0.794836 0.360338 0.910101 -0.204629 -0.71103 0.409968 0.571281 0.227821 2.81064 -1.74157</i>
                        <i>0.72883 -0.246824 0.638659 0.537316 0.784317 -0.310062 -0.42438 0.569145 0.704256 0.238875 2.82662 -1.69079</i>
                        <i>0.715897 -0.451799 0.532325 0.691261 0.565906 -0.449343 -0.098233 0.689658 0.717441 0.257055 2.8289 -1.64099</i>
                        <i>0.708434 -0.428391 0.560894 0.705043 0.465778 -0.534757 -0.032167 0.774294 0.632007 0.265203 2.76426 -1.67708</i>
                        <i>0.588015 -0.356811 0.725896 0.792344 0.434476 -0.428277 -0.162571 0.826992 0.538196 0.288768 2.77479 -1.80004</i>
                        <i>0.47407 -0.175537 0.862812 0.785846 0.526321 -0.324703 -0.397118 0.831969 0.387458 0.310673 2.77797 -1.75917</i>
                        <i>0.590292 -0.432327 0.681651 0.769889 0.555292 -0.314518 -0.24254 0.710453 0.660629 0.294031 2.85817 -1.69637</i>
                        <i>0.680645 -0.629892 0.37411 0.732075 0.565203 -0.38028 0.0280872 0.532712 0.845831 0.268445 2.91246 -1.60435</i>
                        <i>0.737258 -0.526426 0.42347 0.674754 0.542174 -0.500753 0.0340151 0.654922 0.75493 0.262968 2.81554 -1.65031</i>
                        <i>0.75646 -0.327523 0.566124 0.59157 0.711802 -0.378659 -0.278949 0.621342 0.732203 0.24857 2.81486 -1.77776</i>
                        <i>0.603815 -0.060357 0.794836 0.360338 0.910101 -0.204629 -0.71103 0.409968 0.571281 0.227821 2.81064 -1.74157</i>
                        <i>0.72883 -0.246824 0.638659 0.537316 0.784317 -0.310062 -0.42438 0.569145 0.704256 0.238875 2.82662 -1.69079</i>
                        <i>0.715897 -0.451799 0.532325 0.691261 0.565906 -0.449343 -0.098233 0.689658 0.717441 0.257055 2.8289 -1.64099</i>
                        <i>0.708434 -0.428391 0.560894 0.705043 0.465778 -0.534757 -0.032167 0.774294 0.632007 0.265203 2.76426 -1.67708</i>
                        <i>0.588015 -0.356811 0.725896 0.792344 0.434476 -0.428277 -0.162571 0.826992 0.538196 0.288768 2.77479 -1.80004</i>
                        <i>0.47407 -0.175537 0.862812 0.785846 0.526321 -0.324703 -0.397118 0.831969 0.387458 0.310673 2.77797 -1.75917</i>
                        <i>0.590292 -0.432327 0.681651 0.769889 0.555292 -0.314518 -0.24254 0.710453 0.660629 0.294031 2.85817 -1.69637</i>
                        <i>0.680645 -0.629892 0.37411 0.732075 0.565203 -0.38028 0.0280872 0.532712 0.845831 0.268445 2.91246 -1.60435</i>
