<?xml version="1.0" encoding="ISO-8859-1" ?>
<Animl Version="1">
    <ModellingPackage><![CDATA[Maya.2010]]></ModellingPackage>
    <SrcFile><![CDATA[anims\turrets\machinegun\red\~src\mgun_balkan\mgun_balkan_aim_up_crewman_a.mb]]></SrcFile>
    <FramesPerSecond>30</FramesPerSecond>
    <TotalFrames>97</TotalFrames>
    <Skeleton>
        <RefFrame>
            <Name><![CDATA[soldier_ref_frame]]></Name>
            <Exclude>0</Exclude>
            <Additive>0</Additive>
            <IKPriority>0</IKPriority>
            <IKRotLimits>-1e+010 -1e+010 -1e+010 1e+010 1e+010 1e+010</IKRotLimits>
            <IKRotLimitOrder>0</IKRotLimitOrder>
            <KeyFrames count="97">
                <i>1 0 0 0 1 0 0 0 1 0.0553985 0.938949 -1.83662</i>
                <i>1 0 0 0 1 0 0 0 1 0.0553985 0.938949 -1.83662</i>
                <i>1 0 0 0 1 0 0 0 1 0.0553985 0.938949 -1.83662</i>
                <i>1 0 0 0 1 0 0 0 1 0.0553985 0.938949 -1.83662</i>
                <i>1 0 0 0 1 0 0 0 1 0.0553985 0.938949 -1.83662</i>
                <i>1 0 0 0 1 0 0 0 1 0.0553985 0.938949 -1.83662</i>
                <i>1 0 0 0 1 0 0 0 1 0.0553985 0.938949 -1.83662</i>
                <i>1 0 0 0 1 0 0 0 1 0.0553985 0.938949 -1.83662</i>
                <i>1 0 0 0 1 0 0 0 1 0.0553985 0.938949 -1.83662</i>
                <i>1 0 0 0 1 0 0 0 1 0.0553985 0.938949 -1.83662</i>
                <i>1 0 0 0 1 0 0 0 1 0.0553985 0.938949 -1.83662</i>
                <i>1 0 0 0 1 0 0 0 1 0.0553985 0.938949 -1.83662</i>
                <i>1 0 0 0 1 0 0 0 1 0.0553985 0.938949 -1.83662</i>
                <i>1 0 0 0 1 0 0 0 1 0.0553985 0.938949 -1.83662</i>
                <i>1 0 0 0 1 0 0 0 1 0.0553985 0.938949 -1.83662</i>
                <i>1 0 0 0 1 0 0 0 1 0.0553985 0.938949 -1.83662</i>
                <i>1 0 0 0 1 0 0 0 1 0.0553985 0.938949 -1.83662</i>
                <i>1 0 0 0 1 0 0 0 1 0.0553985 0.938949 -1.83662</i>
                <i>1 0 0 0 1 0 0 0 1 0.0553985 0.938949 -1.83662</i>
                <i>1 0 0 0 1 0 0 0 1 0.0553985 0.938949 -1.83662</i>
                <i>1 0 0 0 1 0 0 0 1 0.0553985 0.938949 -1.83662</i>
                <i>1 0 0 0 1 0 0 0 1 0.0553985 0.938949 -1.83662</i>
                <i>1 0 0 0 1 0 0 0 1 0.0553985 0.938949 -1.83662</i>
                <i>1 0 0 0 1 0 0 0 1 0.0553985 0.938949 -1.83662</i>
                <i>1 0 0 0 1 0 0 0 1 0.0553985 0.938949 -1.83662</i>
                <i>1 0 0 0 1 0 0 0 1 0.0553985 0.938949 -1.83662</i>
                <i>1 0 0 0 1 0 0 0 1 0.0553985 0.938949 -1.83662</i>
                <i>1 0 0 0 1 0 0 0 1 0.0553985 0.938949 -1.83662</i>
                <i>1 0 0 0 1 0 0 0 1 0.0553985 0.938949 -1.83662</i>
                <i>1 0 0 0 1 0 0 0 1 0.0553985 0.938949 -1.83662</i>
                <i>1 0 0 0 1 0 0 0 1 0.0553985 0.938949 -1.83662</i>
                <i>1 0 0 0 1 0 0 0 1 0.0553985 0.938949 -1.83662</i>
                <i>1 0 0 0 1 0 0 0 1 0.0553985 0.938949 -1.83662</i>
                <i>1 0 0 0 1 0 0 0 1 0.0553985 0.938949 -1.83662</i>
                <i>1 0 0 0 1 0 0 0 1 0.0553985 0.938949 -1.83662</i>
                <i>1 0 0 0 1 0 0 0 1 0.0553985 0.938949 -1.83662</i>
                <i>1 0 0 0 1 0 0 0 1 0.0553985 0.938949 -1.83662</i>
                <i>1 0 0 0 1 0 0 0 1 0.0553985 0.938949 -1.83662</i>
                <i>1 0 0 0 1 0 0 0 1 0.0553985 0.938949 -1.83662</i>
                <i>1 0 0 0 1 0 0 0 1 0.0553985 0.938949 -1.83662</i>
                <i>1 0 0 0 1 0 0 0 1 0.0553985 0.938949 -1.83662</i>
                <i>1 0 0 0 1 0 0 0 1 0.0553985 0.938949 -1.83662</i>
                <i>1 0 0 0 1 0 0 0 1 0.0553985 0.938949 -1.83662</i>
                <i>1 0 0 0 1 0 0 0 1 0.0553985 0.938949 -1.83662</i>
                <i>1 0 0 0 1 0 0 0 1 0.0553985 0.938949 -1.83662</i>
                <i>1 0 0 0 1 0 0 0 1 0.0553985 0.938949 -1.83662</i>
                <i>1 0 0 0 1 0 0 0 1 0.0553985 0.938949 -1.83662</i>
                <i>1 0 0 0 1 0 0 0 1 0.0553985 0.938949 -1.83662</i>
                <i>1 0 0 0 1 0 0 0 1 0.0553985 0.938949 -1.83662</i>
                <i>1 0 0 0 1 0 0 0 1 0.0553985 0.938949 -1.83662</i>
                <i>1 0 0 0 1 0 0 0 1 0.0553985 0.938949 -1.83662</i>
                <i>1 0 0 0 1 0 0 0 1 0.0553985 0.938949 -1.83662</i>
                <i>1 0 0 0 1 0 0 0 1 0.0553985 0.938949 -1.83662</i>
                <i>1 0 0 0 1 0 0 0 1 0.0553985 0.938949 -1.83662</i>
                <i>1 0 0 0 1 0 0 0 1 0.0553985 0.938949 -1.83662</i>
                <i>1 0 0 0 1 0 0 0 1 0.0553985 0.938949 -1.83662</i>
                <i>1 0 0 0 1 0 0 0 1 0.0553985 0.938949 -1.83662</i>
                <i>1 0 0 0 1 0 0 0 1 0.0553985 0.938949 -1.83662</i>
                <i>1 0 0 0 1 0 0 0 1 0.0553985 0.938949 -1.83662</i>
                <i>1 0 0 0 1 0 0 0 1 0.0553985 0.938949 -1.83662</i>
                <i>1 0 0 0 1 0 0 0 1 0.0553985 0.938949 -1.83662</i>
                <i>1 0 0 0 1 0 0 0 1 0.0553985 0.938949 -1.83662</i>
                <i>1 0 0 0 1 0 0 0 1 0.0553985 0.938949 -1.83662</i>
                <i>1 0 0 0 1 0 0 0 1 0.0553985 0.938949 -1.83662</i>
                <i>1 0 0 0 1 0 0 0 1 0.0553985 0.938949 -1.83662</i>
                <i>1 0 0 0 1 0 0 0 1 0.0553985 0.938949 -1.83662</i>
                <i>1 0 0 0 1 0 0 0 1 0.0553985 0.938949 -1.83662</i>
                <i>1 0 0 0 1 0 0 0 1 0.0553985 0.938949 -1.83662</i>
                <i>1 0 0 0 1 0 0 0 1 0.0553985 0.938949 -1.83662</i>
                <i>1 0 0 0 1 0 0 0 1 0.0553985 0.938949 -1.83662</i>
                <i>1 0 0 0 1 0 0 0 1 0.0553985 0.938949 -1.83662</i>
                <i>1 0 0 0 1 0 0 0 1 0.0553985 0.938949 -1.83662</i>
                <i>1 0 0 0 1 0 0 0 1 0.0553985 0.938949 -1.83662</i>
                <i>1 0 0 0 1 0 0 0 1 0.0553985 0.938949 -1.83662</i>
                <i>1 0 0 0 1 0 0 0 1 0.0553985 0.938949 -1.83662</i>
                <i>1 0 0 0 1 0 0 0 1 0.0553985 0.938949 -1.83662</i>
                <i>1 0 0 0 1 0 0 0 1 0.0553985 0.938949 -1.83662</i>
                <i>1 0 0 0 1 0 0 0 1 0.0553985 0.938949 -1.83662</i>
                <i>1 0 0 0 1 0 0 0 1 0.0553985 0.938949 -1.83662</i>
                <i>1 0 0 0 1 0 0 0 1 0.0553985 0.938949 -1.83662</i>
                <i>1 0 0 0 1 0 0 0 1 0.0553985 0.938949 -1.83662</i>
                <i>1 0 0 0 1 0 0 0 1 0.0553985 0.938949 -1.83662</i>
                <i>1 0 0 0 1 0 0 0 1 0.0553985 0.938949 -1.83662</i>
                <i>1 0 0 0 1 0 0 0 1 0.0553985 0.938949 -1.83662</i>
                <i>1 0 0 0 1 0 0 0 1 0.0553985 0.938949 -1.83662</i>
                <i>1 0 0 0 1 0 0 0 1 0.0553985 0.938949 -1.83662</i>
                <i>1 0 0 0 1 0 0 0 1 0.0553985 0.938949 -1.83662</i>
                <i>1 0 0 0 1 0 0 0 1 0.0553985 0.938949 -1.83662</i>
                <i>1 0 0 0 1 0 0 0 1 0.0553985 0.938949 -1.83662</i>
                <i>1 0 0 0 1 0 0 0 1 0.0553985 0.938949 -1.83662</i>
                <i>1 0 0 0 1 0 0 0 1 0.0553985 0.938949 -1.83662</i>
                <i>1 0 0 0 1 0 0 0 1 0.0553985 0.938949 -1.83662</i>
                <i>1 0 0 0 1 0 0 0 1 0.0553985 0.938949 -1.83662</i>
                <i>1 0 0 0 1 0 0 0 1 0.0553985 0.938949 -1.83662</i>
                <i>1 0 0 0 1 0 0 0 1 0.0553985 0.938949 -1.83662</i>
                <i>1 0 0 0 1 0 0 0 1 0.0553985 0.938949 -1.83662</i>
                <i>1 0 0 0 1 0 0 0 1 0.0553985 0.938949 -1.83662</i>
            </KeyFrames>
        </RefFrame>
        <Bones count="23">
            <i>
                <p>
                    <Name><![CDATA[pelvis]]></Name>
                    <Exclude>0</Exclude>
                    <Additive>0</Additive>
                    <IKPriority>0</IKPriority>
                    <IKRotLimits>-1e+010 -1e+010 -1e+010 1e+010 1e+010 1e+010</IKRotLimits>
                    <IKRotLimitOrder>2</IKRotLimitOrder>
                    <KeyFrames count="97">
                        <i>1 0 0 0 1 0 0 0 1 -0.0200439 2.31296 -1.78812</i>
                        <i>1 0 0 0 1 0 0 0 1 -0.0200439 2.31292 -1.78812</i>
                        <i>1 0 0 0 1 0 0 0 1 -0.0200439 2.3128 -1.78812</i>
                        <i>1 0 0 0 1 0 0 0 1 -0.0200439 2.31262 -1.78812</i>
                        <i>1 0 0 0 1 0 0 0 1 -0.0200439 2.31236 -1.78812</i>
                        <i>1 0 0 0 1 0 0 0 1 -0.0200439 2.31204 -1.78812</i>
                        <i>1 0 0 0 1 0 0 0 1 -0.0200439 2.31166 -1.78812</i>
                        <i>1 0 0 0 1 0 0 0 1 -0.0200439 2.31121 -1.78812</i>
                        <i>1 0 0 0 1 0 0 0 1 -0.0200439 2.31071 -1.78812</i>
                        <i>1 0 0 0 1 0 0 0 1 -0.0200439 2.31016 -1.78812</i>
                        <i>1 0 0 0 1 0 0 0 1 -0.0200439 2.30956 -1.78812</i>
                        <i>1 0 0 0 1 0 0 0 1 -0.0200439 2.30892 -1.78812</i>
                        <i>1 0 0 0 1 0 0 0 1 -0.0200439 2.30823 -1.78812</i>
                        <i>1 0 0 0 1 0 0 0 1 -0.0200439 2.3075 -1.78812</i>
                        <i>1 0 0 0 1 0 0 0 1 -0.0200439 2.30673 -1.78812</i>
                        <i>1 0 0 0 1 0 0 0 1 -0.0200439 2.30594 -1.78812</i>
                        <i>1 0 0 0 1 0 0 0 1 -0.0200439 2.30511 -1.78812</i>
                        <i>1 0 0 0 1 0 0 0 1 -0.0200439 2.30426 -1.78812</i>
                        <i>1 0 0 0 1 0 0 0 1 -0.0200439 2.30338 -1.78812</i>
                        <i>1 0 0 0 1 0 0 0 1 -0.0200439 2.30248 -1.78812</i>
                        <i>1 0 0 0 1 0 0 0 1 -0.0200439 2.30157 -1.78812</i>
                        <i>1 0 0 0 1 0 0 0 1 -0.0200439 2.30065 -1.78812</i>
                        <i>1 0 0 0 1 0 0 0 1 -0.0200439 2.29971 -1.78812</i>
                        <i>1 0 0 0 1 0 0 0 1 -0.0200439 2.29877 -1.78812</i>
                        <i>1 0 0 0 1 0 0 0 1 -0.0200439 2.29782 -1.78812</i>
                        <i>1 0 0 0 1 0 0 0 1 -0.0200439 2.29688 -1.78812</i>
                        <i>1 0 0 0 1 0 0 0 1 -0.0200439 2.29594 -1.78812</i>
                        <i>1 0 0 0 1 0 0 0 1 -0.0200439 2.295 -1.78812</i>
                        <i>1 0 0 0 1 0 0 0 1 -0.0200439 2.29408 -1.78812</i>
                        <i>1 0 0 0 1 0 0 0 1 -0.0200439 2.29316 -1.78812</i>
                        <i>1 0 0 0 1 0 0 0 1 -0.0200439 2.29227 -1.78812</i>
                        <i>1 0 0 0 1 0 0 0 1 -0.0200439 2.29139 -1.78812</i>
                        <i>1 0 0 0 1 0 0 0 1 -0.0200439 2.29054 -1.78812</i>
                        <i>1 0 0 0 1 0 0 0 1 -0.0200439 2.28971 -1.78812</i>
                        <i>1 0 0 0 1 0 0 0 1 -0.0200439 2.28891 -1.78812</i>
                        <i>1 0 0 0 1 0 0 0 1 -0.0200439 2.28815 -1.78812</i>
                        <i>1 0 0 0 1 0 0 0 1 -0.0200439 2.28742 -1.78812</i>
                        <i>1 0 0 0 1 0 0 0 1 -0.0200439 2.28673 -1.78812</i>
                        <i>1 0 0 0 1 0 0 0 1 -0.0200439 2.28609 -1.78812</i>
                        <i>1 0 0 0 1 0 0 0 1 -0.0200439 2.28549 -1.78812</i>
                        <i>1 0 0 0 1 0 0 0 1 -0.0200439 2.28493 -1.78812</i>
                        <i>1 0 0 0 1 0 0 0 1 -0.0200439 2.28444 -1.78812</i>
                        <i>1 0 0 0 1 0 0 0 1 -0.0200439 2.28399 -1.78812</i>
                        <i>1 0 0 0 1 0 0 0 1 -0.0200439 2.28361 -1.78812</i>
                        <i>1 0 0 0 1 0 0 0 1 -0.0200439 2.28329 -1.78812</i>
                        <i>1 0 0 0 1 0 0 0 1 -0.0200439 2.28303 -1.78812</i>
                        <i>1 0 0 0 1 0 0 0 1 -0.0200439 2.28285 -1.78812</i>
                        <i>1 0 0 0 1 0 0 0 1 -0.0200439 2.28273 -1.78812</i>
                        <i>1 0 0 0 1 0 0 0 1 -0.0200439 2.28269 -1.78812</i>
                        <i>1 0 0 0 1 0 0 0 1 -0.0200439 2.28273 -1.78812</i>
                        <i>1 0 0 0 1 0 0 0 1 -0.0200439 2.28285 -1.78812</i>
                        <i>1 0 0 0 1 0 0 0 1 -0.0200439 2.28303 -1.78812</i>
                        <i>1 0 0 0 1 0 0 0 1 -0.0200439 2.28329 -1.78812</i>
                        <i>1 0 0 0 1 0 0 0 1 -0.0200439 2.28361 -1.78812</i>
                        <i>1 0 0 0 1 0 0 0 1 -0.0200439 2.28399 -1.78812</i>
                        <i>1 0 0 0 1 0 0 0 1 -0.0200439 2.28444 -1.78812</i>
                        <i>1 0 0 0 1 0 0 0 1 -0.0200439 2.28493 -1.78812</i>
                        <i>1 0 0 0 1 0 0 0 1 -0.0200439 2.28549 -1.78812</i>
                        <i>1 0 0 0 1 0 0 0 1 -0.0200439 2.28609 -1.78812</i>
                        <i>1 0 0 0 1 0 0 0 1 -0.0200439 2.28673 -1.78812</i>
                        <i>1 0 0 0 1 0 0 0 1 -0.0200439 2.28742 -1.78812</i>
                        <i>1 0 0 0 1 0 0 0 1 -0.0200439 2.28815 -1.78812</i>
                        <i>1 0 0 0 1 0 0 0 1 -0.0200439 2.28891 -1.78812</i>
                        <i>1 0 0 0 1 0 0 0 1 -0.0200439 2.28971 -1.78812</i>
                        <i>1 0 0 0 1 0 0 0 1 -0.0200439 2.29054 -1.78812</i>
                        <i>1 0 0 0 1 0 0 0 1 -0.0200439 2.29139 -1.78812</i>
                        <i>1 0 0 0 1 0 0 0 1 -0.0200439 2.29227 -1.78812</i>
                        <i>1 0 0 0 1 0 0 0 1 -0.0200439 2.29316 -1.78812</i>
                        <i>1 0 0 0 1 0 0 0 1 -0.0200439 2.29408 -1.78812</i>
                        <i>1 0 0 0 1 0 0 0 1 -0.0200439 2.295 -1.78812</i>
                        <i>1 0 0 0 1 0 0 0 1 -0.0200439 2.29594 -1.78812</i>
                        <i>1 0 0 0 1 0 0 0 1 -0.0200439 2.29688 -1.78812</i>
                        <i>1 0 0 0 1 0 0 0 1 -0.0200439 2.29782 -1.78812</i>
                        <i>1 0 0 0 1 0 0 0 1 -0.0200439 2.29877 -1.78812</i>
                        <i>1 0 0 0 1 0 0 0 1 -0.0200439 2.29971 -1.78812</i>
                        <i>1 0 0 0 1 0 0 0 1 -0.0200439 2.30065 -1.78812</i>
                        <i>1 0 0 0 1 0 0 0 1 -0.0200439 2.30157 -1.78812</i>
                        <i>1 0 0 0 1 0 0 0 1 -0.0200439 2.30248 -1.78812</i>
                        <i>1 0 0 0 1 0 0 0 1 -0.0200439 2.30338 -1.78812</i>
                        <i>1 0 0 0 1 0 0 0 1 -0.0200439 2.30426 -1.78812</i>
                        <i>1 0 0 0 1 0 0 0 1 -0.0200439 2.30511 -1.78812</i>
                        <i>1 0 0 0 1 0 0 0 1 -0.0200439 2.30594 -1.78812</i>
                        <i>1 0 0 0 1 0 0 0 1 -0.0200439 2.30673 -1.78812</i>
                        <i>1 0 0 0 1 0 0 0 1 -0.0200439 2.3075 -1.78812</i>
                        <i>1 0 0 0 1 0 0 0 1 -0.0200439 2.30823 -1.78812</i>
                        <i>1 0 0 0 1 0 0 0 1 -0.0200439 2.30892 -1.78812</i>
                        <i>1 0 0 0 1 0 0 0 1 -0.0200439 2.30956 -1.78812</i>
                        <i>1 0 0 0 1 0 0 0 1 -0.0200439 2.31016 -1.78812</i>
                        <i>1 0 0 0 1 0 0 0 1 -0.0200439 2.31071 -1.78812</i>
                        <i>1 0 0 0 1 0 0 0 1 -0.0200439 2.31121 -1.78812</i>
                        <i>1 0 0 0 1 0 0 0 1 -0.0200439 2.31166 -1.78812</i>
                        <i>1 0 0 0 1 0 0 0 1 -0.0200439 2.31204 -1.78812</i>
                        <i>1 0 0 0 1 0 0 0 1 -0.0200439 2.31236 -1.78812</i>
                        <i>1 0 0 0 1 0 0 0 1 -0.0200439 2.31262 -1.78812</i>
                        <i>1 0 0 0 1 0 0 0 1 -0.0200439 2.3128 -1.78812</i>
                        <i>1 0 0 0 1 0 0 0 1 -0.0200439 2.31292 -1.78812</i>
                        <i>1 0 0 0 1 0 0 0 1 -0.0200439 2.31296 -1.78812</i>
                    </KeyFrames>
                </p>
            </i>
            <i>
                <p>
                    <Name><![CDATA[spine0]]></Name>
                    <Exclude>0</Exclude>
                    <Additive>0</Additive>
                    <IKPriority>0</IKPriority>
                    <IKRotLimits>-1e+010 -1e+010 -1e+010 1e+010 1e+010 1e+010</IKRotLimits>
                    <IKRotLimitOrder>0</IKRotLimitOrder>
                    <KeyFrames count="97">
                        <i>2.22045e-016 0.959664 0.281148 -1 2.22045e-016 0 -5.55112e-017 -0.281148 0.959664 -0.0200439 2.45369 -1.81794</i>
                        <i>1.11022e-016 0.959792 0.280712 -1 1.11022e-016 0 -5.55112e-017 -0.280712 0.959792 -0.0200439 2.45365 -1.81794</i>
                        <i>1.11022e-016 0.959929 0.280245 -1 1.11022e-016 0 -5.55112e-017 -0.280245 0.959929 -0.0200439 2.45354 -1.81794</i>
                        <i>0 0.960072 0.279752 -1 0 2.77556e-017 -2.77556e-017 -0.279752 0.960072 -0.0200439 2.45335 -1.81794</i>
                        <i>2.22045e-016 0.960222 0.279238 -1 2.22045e-016 0 -2.77556e-017 -0.279238 0.960222 -0.0200439 2.4531 -1.81794</i>
                        <i>2.22045e-016 0.960376 0.278706 -1 2.22045e-016 2.77556e-017 -2.77556e-017 -0.278706 0.960376 -0.0200439 2.45278 -1.81794</i>
                        <i>2.22045e-016 0.960534 0.278162 -1 2.22045e-016 0 -5.55112e-017 -0.278162 0.960534 -0.0200439 2.45239 -1.81794</i>
                        <i>1.11022e-016 0.960694 0.27761 -1 1.11022e-016 -2.77556e-017 -5.55112e-017 -0.27761 0.960694 -0.0200439 2.45195 -1.81794</i>
                        <i>0 0.960855 0.277053 -1 0 0 -2.77556e-017 -0.277053 0.960855 -0.0200439 2.45145 -1.81794</i>
                        <i>1.11022e-016 0.961015 0.276497 -1 1.11022e-016 0 -5.55112e-017 -0.276497 0.961015 -0.0200439 2.4509 -1.81794</i>
                        <i>2.22045e-016 0.961173 0.275945 -1 2.22045e-016 2.77556e-017 -2.77556e-017 -0.275945 0.961173 -0.0200439 2.4503 -1.81794</i>
                        <i>1.11022e-016 0.961329 0.275402 -1 1.11022e-016 0 -5.55112e-017 -0.275402 0.961329 -0.0200439 2.44965 -1.81794</i>
                        <i>1.11022e-016 0.961481 0.274873 -1 1.11022e-016 2.77556e-017 -2.77556e-017 -0.274873 0.961481 -0.0200439 2.44896 -1.81794</i>
                        <i>1.11022e-016 0.961627 0.274361 -1 1.11022e-016 2.77556e-017 -2.77556e-017 -0.274361 0.961627 -0.0200439 2.44824 -1.81794</i>
                        <i>2.22045e-016 0.961766 0.273871 -1 2.22045e-016 -2.77556e-017 -5.55112e-017 -0.273871 0.961766 -0.0200439 2.44747 -1.81794</i>
                        <i>2.22045e-016 0.961898 0.273408 -1 2.22045e-016 0 -5.55112e-017 -0.273408 0.961898 -0.0200439 2.44667 -1.81794</i>
                        <i>2.22045e-016 0.962021 0.272975 -1 2.22045e-016 0 -2.77556e-017 -0.272975 0.962021 -0.0200439 2.44585 -1.81794</i>
                        <i>2.22045e-016 0.962134 0.272577 -1 2.22045e-016 0 -2.77556e-017 -0.272577 0.962134 -0.0200439 2.44499 -1.81794</i>
                        <i>2.22045e-016 0.962236 0.272218 -1 2.22045e-016 0 -5.55112e-017 -0.272218 0.962236 -0.0200439 2.44412 -1.81794</i>
                        <i>1.11022e-016 0.962325 0.271903 -1 1.11022e-016 0 -5.55112e-017 -0.271903 0.962325 -0.0200439 2.44322 -1.81794</i>
                        <i>0 0.9624 0.271635 -1 0 0 -5.55112e-017 -0.271635 0.9624 -0.0200439 2.44231 -1.81794</i>
                        <i>1.11022e-016 0.962461 0.271419 -1 1.11022e-016 0 -2.77556e-017 -0.271419 0.962461 -0.0200439 2.44138 -1.81794</i>
                        <i>2.22045e-016 0.962506 0.27126 -1 2.22045e-016 0 -5.55112e-017 -0.27126 0.962506 -0.0200439 2.44045 -1.81794</i>
                        <i>0 0.962534 0.271161 -1 0 0 -5.55112e-017 -0.271161 0.962534 -0.0200439 2.43951 -1.81794</i>
                        <i>0 0.962544 0.271127 -1 0 0 -2.77556e-017 -0.271127 0.962544 -0.0200439 2.43856 -1.81794</i>
                        <i>0 0.962534 0.27116 -1 0 0 -5.55112e-017 -0.27116 0.962534 -0.0200439 2.43762 -1.81794</i>
                        <i>1.11022e-016 0.962507 0.271257 -1 1.11022e-016 0 -2.77556e-017 -0.271257 0.962507 -0.0200439 2.43667 -1.81794</i>
                        <i>1.11022e-016 0.962463 0.271414 -1 1.11022e-016 0 -2.77556e-017 -0.271414 0.962463 -0.0200439 2.43574 -1.81794</i>
                        <i>2.22045e-016 0.962403 0.271625 -1 2.22045e-016 0 -5.55112e-017 -0.271625 0.962403 -0.0200439 2.43481 -1.81794</i>
                        <i>1.11022e-016 0.962329 0.271889 -1 1.11022e-016 -2.77556e-017 -5.55112e-017 -0.271889 0.962329 -0.0200439 2.4339 -1.81794</i>
                        <i>2.22045e-016 0.962241 0.272199 -1 2.22045e-016 0 -2.77556e-017 -0.272199 0.962241 -0.0200439 2.433 -1.81794</i>
                        <i>0 0.962141 0.272552 -1 0 0 -2.77556e-017 -0.272552 0.962141 -0.0200439 2.43213 -1.81794</i>
                        <i>2.22045e-016 0.96203 0.272945 -1 2.22045e-016 0 -2.77556e-017 -0.272945 0.96203 -0.0200439 2.43128 -1.81794</i>
                        <i>2.22045e-016 0.961908 0.273372 -1 2.22045e-016 0 -2.77556e-017 -0.273372 0.961908 -0.0200439 2.43045 -1.81794</i>
                        <i>1.11022e-016 0.961778 0.27383 -1 1.11022e-016 0 -5.55112e-017 -0.27383 0.961778 -0.0200439 2.42965 -1.81794</i>
                        <i>0 0.96164 0.274314 -1 0 0 -2.77556e-017 -0.274314 0.96164 -0.0200439 2.42889 -1.81794</i>
                        <i>2.22045e-016 0.961495 0.274821 -1 2.22045e-016 0 -5.55112e-017 -0.274821 0.961495 -0.0200439 2.42816 -1.81794</i>
                        <i>2.22045e-016 0.961345 0.275347 -1 2.22045e-016 0 -2.77556e-017 -0.275347 0.961345 -0.0200439 2.42747 -1.81794</i>
                        <i>0 0.96119 0.275886 -1 1.11022e-016 0 -5.55112e-017 -0.275886 0.96119 -0.0200439 2.42682 -1.81794</i>
                        <i>2.22045e-016 0.961032 0.276436 -1 2.22045e-016 0 -5.55112e-017 -0.276436 0.961032 -0.0200439 2.42622 -1.81794</i>
                        <i>0 0.960872 0.276992 -1 0 0 -5.55112e-017 -0.276992 0.960872 -0.0200439 2.42567 -1.81794</i>
                        <i>1.11022e-016 0.960711 0.277549 -1 1.11022e-016 0 -5.55112e-017 -0.277549 0.960711 -0.0200439 2.42517 -1.81794</i>
                        <i>1.11022e-016 0.960551 0.278104 -1 1.11022e-016 2.77556e-017 -2.77556e-017 -0.278104 0.960551 -0.0200439 2.42473 -1.81794</i>
                        <i>0 0.960392 0.278653 -1 0 0 -5.55112e-017 -0.278653 0.960392 -0.0200439 2.42435 -1.81794</i>
                        <i>0 0.960236 0.27919 -1 0 0 -5.55112e-017 -0.27919 0.960236 -0.0200439 2.42403 -1.81794</i>
                        <i>0 0.960084 0.279713 -1 0 -2.77556e-017 -5.55112e-017 -0.279713 0.960084 -0.0200439 2.42377 -1.81794</i>
                        <i>1.11022e-016 0.959937 0.280216 -1 1.11022e-016 0 -2.77556e-017 -0.280216 0.959937 -0.0200439 2.42358 -1.81794</i>
                        <i>2.22045e-016 0.959797 0.280696 -1 2.22045e-016 2.77556e-017 -2.77556e-017 -0.280696 0.959797 -0.0200439 2.42347 -1.81794</i>
                        <i>0 0.959664 0.281148 -1 0 0 -2.77556e-017 -0.281148 0.959664 -0.0200439 2.42343 -1.81794</i>
                        <i>1.11022e-016 0.95953 0.281605 -1 1.11022e-016 0 -2.77556e-017 -0.281605 0.95953 -0.0200439 2.42347 -1.81794</i>
                        <i>2.22045e-016 0.959386 0.282098 -1 2.22045e-016 2.77556e-017 -2.77556e-017 -0.282098 0.959386 -0.0200439 2.42358 -1.81794</i>
                        <i>1.11022e-016 0.959231 0.282622 -1 1.11022e-016 2.77556e-017 -2.77556e-017 -0.282622 0.959231 -0.0200439 2.42377 -1.81794</i>
                        <i>1.11022e-016 0.959069 0.283172 -1 1.11022e-016 0 -5.55112e-017 -0.283172 0.959069 -0.0200439 2.42403 -1.81794</i>
                        <i>1.11022e-016 0.9589 0.283744 -1 1.11022e-016 2.77556e-017 -2.77556e-017 -0.283744 0.9589 -0.0200439 2.42435 -1.81794</i>
                        <i>0 0.958726 0.284332 -1 0 -2.77556e-017 -2.77556e-017 -0.284332 0.958726 -0.0200439 2.42473 -1.81794</i>
                        <i>2.22045e-016 0.958548 0.284932 -1 2.22045e-016 0 -2.77556e-017 -0.284932 0.958548 -0.0200439 2.42517 -1.81794</i>
                        <i>2.22045e-016 0.958367 0.285539 -1 2.22045e-016 0 -5.55112e-017 -0.285539 0.958367 -0.0200439 2.42567 -1.81794</i>
                        <i>2.22045e-016 0.958186 0.286147 -1 2.22045e-016 0 -2.77556e-017 -0.286147 0.958186 -0.0200439 2.42622 -1.81794</i>
                        <i>0 0.958005 0.286753 -1 0 0 -2.77556e-017 -0.286753 0.958005 -0.0200439 2.42682 -1.81794</i>
                        <i>2.22045e-016 0.957826 0.28735 -1 2.22045e-016 0 0 -0.28735 0.957826 -0.0200439 2.42747 -1.81794</i>
                        <i>1.11022e-016 0.95765 0.287935 -1 1.11022e-016 0 -2.77556e-017 -0.287935 0.95765 -0.0200439 2.42816 -1.81794</i>
                        <i>0 0.957479 0.288501 -1 0 0 0 -0.288501 0.957479 -0.0200439 2.42889 -1.81794</i>
                        <i>1.11022e-016 0.957316 0.289045 -1 1.11022e-016 0 -5.55112e-017 -0.289045 0.957316 -0.0200439 2.42965 -1.81794</i>
                        <i>0 0.95716 0.28956 -1 0 0 -5.55112e-017 -0.28956 0.95716 -0.0200439 2.43045 -1.81794</i>
                        <i>0 0.957014 0.290043 -1 0 0 -5.55112e-017 -0.290043 0.957014 -0.0200439 2.43128 -1.81794</i>
                        <i>0 0.956879 0.290487 -1 0 0 -5.55112e-017 -0.290487 0.956879 -0.0200439 2.43213 -1.81794</i>
                        <i>2.22045e-016 0.956757 0.290889 -1 2.22045e-016 2.77556e-017 -5.55112e-017 -0.290889 0.956757 -0.0200439 2.433 -1.81794</i>
                        <i>1.11022e-016 0.956649 0.291243 -1 1.11022e-016 0 -2.77556e-017 -0.291243 0.956649 -0.0200439 2.4339 -1.81794</i>
                        <i>1.11022e-016 0.956558 0.291543 -1 1.11022e-016 0 -5.55112e-017 -0.291543 0.956558 -0.0200439 2.43481 -1.81794</i>
                        <i>1.11022e-016 0.956484 0.291786 -1 1.11022e-016 0 -5.55112e-017 -0.291786 0.956484 -0.0200439 2.43574 -1.81794</i>
                        <i>0 0.956429 0.291965 -1 0 2.77556e-017 -2.77556e-017 -0.291965 0.956429 -0.0200439 2.43667 -1.81794</i>
                        <i>2.22045e-016 0.956395 0.292076 -1 2.22045e-016 0 -5.55112e-017 -0.292076 0.956395 -0.0200439 2.43762 -1.81794</i>
                        <i>2.22045e-016 0.956383 0.292114 -1 2.22045e-016 0 -5.55112e-017 -0.292114 0.956383 -0.0200439 2.43856 -1.81794</i>
                        <i>0 0.956395 0.292077 -1 0 0 -5.55112e-017 -0.292077 0.956395 -0.0200439 2.43951 -1.81794</i>
                        <i>1.11022e-016 0.956428 0.291968 -1 1.11022e-016 -2.77556e-017 -8.32667e-017 -0.291968 0.956428 -0.0200439 2.44045 -1.81794</i>
                        <i>0 0.956482 0.291791 -1 0 -2.77556e-017 -8.32667e-017 -0.291791 0.956482 -0.0200439 2.44138 -1.81794</i>
                        <i>2.22045e-016 0.956555 0.291553 -1 2.22045e-016 2.77556e-017 -2.77556e-017 -0.291553 0.956555 -0.0200439 2.44231 -1.81794</i>
                        <i>2.22045e-016 0.956645 0.291257 -1 2.22045e-016 0 -5.55112e-017 -0.291257 0.956645 -0.0200439 2.44322 -1.81794</i>
                        <i>2.22045e-016 0.956751 0.290909 -1 2.22045e-016 0 -5.55112e-017 -0.290909 0.956751 -0.0200439 2.44412 -1.81794</i>
                        <i>0 0.956871 0.290513 -1 0 0 -5.55112e-017 -0.290513 0.956871 -0.0200439 2.44499 -1.81794</i>
                        <i>1.11022e-016 0.957004 0.290074 -1 1.11022e-016 0 -2.77556e-017 -0.290074 0.957004 -0.0200439 2.44585 -1.81794</i>
                        <i>1.11022e-016 0.957149 0.289597 -1 1.11022e-016 -2.77556e-017 -5.55112e-017 -0.289597 0.957149 -0.0200439 2.44667 -1.81794</i>
                        <i>1.11022e-016 0.957303 0.289087 -1 1.11022e-016 0 -2.77556e-017 -0.289087 0.957303 -0.0200439 2.44747 -1.81794</i>
                        <i>2.22045e-016 0.957465 0.288549 -1 2.22045e-016 2.77556e-017 -2.77556e-017 -0.288549 0.957465 -0.0200439 2.44824 -1.81794</i>
                        <i>2.22045e-016 0.957634 0.287987 -1 2.22045e-016 0 -5.55112e-017 -0.287987 0.957634 -0.0200439 2.44896 -1.81794</i>
                        <i>2.22045e-016 0.957809 0.287406 -1 2.22045e-016 2.77556e-017 -2.77556e-017 -0.287406 0.957809 -0.0200439 2.44965 -1.81794</i>
                        <i>1.11022e-016 0.957987 0.286812 -1 1.11022e-016 -2.77556e-017 -5.55112e-017 -0.286812 0.957987 -0.0200439 2.4503 -1.81794</i>
                        <i>0 0.958167 0.286208 -1 0 0 -5.55112e-017 -0.286208 0.958167 -0.0200439 2.4509 -1.81794</i>
                        <i>2.22045e-016 0.958349 0.2856 -1 2.22045e-016 0 -5.55112e-017 -0.2856 0.958349 -0.0200439 2.45145 -1.81794</i>
                        <i>2.22045e-016 0.95853 0.284993 -1 2.22045e-016 2.77556e-017 -2.77556e-017 -0.284993 0.95853 -0.0200439 2.45195 -1.81794</i>
                        <i>2.22045e-016 0.958709 0.28439 -1 2.22045e-016 2.77556e-017 -2.77556e-017 -0.28439 0.958709 -0.0200439 2.45239 -1.81794</i>
                        <i>2.22045e-016 0.958884 0.283798 -1 2.22045e-016 0 -2.77556e-017 -0.283798 0.958884 -0.0200439 2.45278 -1.81794</i>
                        <i>1.11022e-016 0.959055 0.28322 -1 2.22045e-016 -2.77556e-017 -8.32667e-017 -0.28322 0.959055 -0.0200439 2.4531 -1.81794</i>
                        <i>2.22045e-016 0.95922 0.282661 -1 2.22045e-016 0 0 -0.282661 0.95922 -0.0200439 2.45335 -1.81794</i>
                        <i>0 0.959377 0.282127 -1 0 -2.77556e-017 -2.77556e-017 -0.282127 0.959377 -0.0200439 2.45354 -1.81794</i>
                        <i>0 0.959526 0.281621 -1 0 -2.77556e-017 -2.77556e-017 -0.281621 0.959526 -0.0200439 2.45365 -1.81794</i>
                        <i>2.22045e-016 0.959664 0.281148 -1 2.22045e-016 0 -5.55112e-017 -0.281148 0.959664 -0.0200439 2.45369 -1.81794</i>
                    </KeyFrames>
                </p>
            </i>
            <i>
                <p>
                    <Name><![CDATA[spine1]]></Name>
                    <Exclude>0</Exclude>
                    <Additive>0</Additive>
                    <IKPriority>0</IKPriority>
                    <IKRotLimits>-1e+010 -1e+010 -1e+010 1e+010 1e+010 1e+010</IKRotLimits>
                    <IKRotLimitOrder>0</IKRotLimitOrder>
                    <KeyFrames count="97">
                        <i>1.96249e-016 0.836169 0.548471 -1 2.22045e-016 0 -1.17777e-016 -0.548471 0.836169 -0.0200439 2.62092 -1.76897</i>
                        <i>9.01308e-017 0.836997 0.547207 -1 1.11022e-016 0 -8.53456e-017 -0.547207 0.836997 -0.0200439 2.62089 -1.76905</i>
                        <i>9.02273e-017 0.837881 0.545852 -1 1.11022e-016 0 -8.52436e-017 -0.545852 0.837881 -0.0200439 2.62078 -1.76914</i>
                        <i>-7.99426e-018 0.838812 0.544421 -1 0 2.77556e-017 -2.65794e-017 -0.544421 0.838812 -0.0200439 2.6206 -1.76923</i>
                        <i>2.04754e-016 0.839782 0.542924 -1 2.22045e-016 0 -9.0278e-017 -0.542924 0.839782 -0.0200439 2.62035 -1.76932</i>
                        <i>2.0487e-016 0.840782 0.541374 -1 2.22045e-016 2.77556e-017 -9.00137e-017 -0.541374 0.840782 -0.0200439 2.62003 -1.76942</i>
                        <i>1.97097e-016 0.841803 0.539785 -1 2.22045e-016 0 -1.16353e-016 -0.539785 0.841803 -0.0200439 2.61965 -1.76952</i>
                        <i>9.0771e-017 0.842838 0.538168 -1 1.11022e-016 -2.77556e-017 -8.46645e-017 -0.538168 0.842838 -0.0200439 2.61921 -1.76963</i>
                        <i>-7.81972e-018 0.843877 0.536537 -1 0 0 -2.66313e-017 -0.536537 0.843877 -0.0200439 2.61872 -1.76973</i>
                        <i>9.10001e-017 0.844913 0.534903 -1 1.11022e-016 0 -8.44181e-017 -0.534903 0.844913 -0.0200439 2.61818 -1.76983</i>
                        <i>2.0547e-016 0.845938 0.533281 -1 2.22045e-016 2.77556e-017 -8.86345e-017 -0.533281 0.845938 -0.0200439 2.61758 -1.76994</i>
                        <i>9.12251e-017 0.846944 0.531682 -1 1.11022e-016 0 -8.4175e-017 -0.531682 0.846944 -0.0200439 2.61694 -1.77004</i>
                        <i>9.90118e-017 0.847922 0.53012 -1 1.11022e-016 2.77556e-017 -5.73845e-017 -0.53012 0.847922 -0.0200439 2.61625 -1.77013</i>
                        <i>9.90835e-017 0.848866 0.528608 -1 1.11022e-016 2.77556e-017 -5.72607e-017 -0.528608 0.848866 -0.0200439 2.61553 -1.77023</i>
                        <i>1.98304e-016 0.849767 0.527159 -1 2.22045e-016 -2.77556e-017 -1.14284e-016 -0.527159 0.849767 -0.0200439 2.61477 -1.77032</i>
                        <i>1.98433e-016 0.850618 0.525785 -1 2.22045e-016 0 -1.14059e-016 -0.525785 0.850618 -0.0200439 2.61398 -1.77041</i>
                        <i>2.06108e-016 0.85141 0.5245 -1 2.22045e-016 0 -8.71409e-017 -0.5245 0.85141 -0.0200439 2.61315 -1.77049</i>
                        <i>2.06193e-016 0.852138 0.523317 -1 2.22045e-016 0 -8.69398e-017 -0.523317 0.852138 -0.0200439 2.6123 -1.77056</i>
                        <i>1.98765e-016 0.852793 0.522249 -1 2.22045e-016 0 -1.1348e-016 -0.522249 0.852793 -0.0200439 2.61143 -1.77063</i>
                        <i>9.19425e-017 0.853368 0.52131 -1 1.11022e-016 0 -8.33908e-017 -0.52131 0.853368 -0.0200439 2.61054 -1.77068</i>
                        <i>-1.49327e-017 0.853855 0.520511 -1 0 0 -5.3465e-017 -0.520511 0.853855 -0.0200439 2.60963 -1.77073</i>
                        <i>9.94935e-017 0.854247 0.519868 -1 1.11022e-016 0 -5.65452e-017 -0.519868 0.854247 -0.0200439 2.6087 -1.77077</i>
                        <i>1.99031e-016 0.854536 0.519392 -1 2.22045e-016 0 -1.13013e-016 -0.519392 0.854536 -0.0200439 2.60777 -1.7708</i>
                        <i>-1.48705e-017 0.854715 0.519097 -1 0 0 -5.34823e-017 -0.519097 0.854715 -0.0200439 2.60683 -1.77082</i>
                        <i>-7.43302e-018 0.854777 0.518996 -1 0 0 -2.67418e-017 -0.518996 0.854777 -0.0200439 2.60588 -1.77083</i>
                        <i>-1.48704e-017 0.854717 0.519095 -1 0 0 -5.34823e-017 -0.519095 0.854717 -0.0200439 2.60494 -1.77082</i>
                        <i>9.9516e-017 0.854541 0.519384 -1 1.11022e-016 0 -5.65057e-017 -0.519384 0.854541 -0.0200439 2.604 -1.7708</i>
                        <i>9.94943e-017 0.854257 0.519851 -1 1.11022e-016 0 -5.65439e-017 -0.519851 0.854257 -0.0200439 2.60306 -1.77077</i>
                        <i>1.9893e-016 0.853872 0.520483 -1 2.22045e-016 0 -1.13191e-016 -0.520483 0.853872 -0.0200439 2.60213 -1.77074</i>
                        <i>9.19454e-017 0.853393 0.521268 -1 1.11022e-016 -2.77556e-017 -8.33876e-017 -0.521268 0.853393 -0.0200439 2.60122 -1.77069</i>
                        <i>2.06274e-016 0.852828 0.522192 -1 2.22045e-016 0 -8.67487e-017 -0.522192 0.852828 -0.0200439 2.60032 -1.77063</i>
                        <i>-7.52647e-018 0.852183 0.523243 -1 0 0 -2.67156e-017 -0.523243 0.852183 -0.0200439 2.59944 -1.77056</i>
                        <i>2.06115e-016 0.851466 0.52441 -1 2.22045e-016 0 -8.71255e-017 -0.52441 0.851466 -0.0200439 2.59858 -1.77049</i>
                        <i>2.06024e-016 0.850684 0.525678 -1 2.22045e-016 0 -8.7341e-017 -0.525678 0.850684 -0.0200439 2.59775 -1.77041</i>
                        <i>9.15478e-017 0.849843 0.527035 -1 1.11022e-016 0 -8.38238e-017 -0.527035 0.849843 -0.0200439 2.59695 -1.77033</i>
                        <i>-7.64161e-018 0.848952 0.52847 -1 0 0 -2.66829e-017 -0.52847 0.848952 -0.0200439 2.59618 -1.77024</i>
                        <i>1.98038e-016 0.848017 0.529969 -1 2.22045e-016 0 -1.14744e-016 -0.529969 0.848017 -0.0200439 2.59545 -1.77014</i>
                        <i>2.056e-016 0.847046 0.531519 -1 2.22045e-016 0 -8.83346e-017 -0.531519 0.847046 -0.0200439 2.59476 -1.77005</i>
                        <i>-1.5488e-017 0.846047 0.533109 -1 1.11022e-016 0 -5.33068e-017 -0.533109 0.846047 -0.0200439 2.5941 -1.76995</i>
                        <i>1.97584e-016 0.845026 0.534726 -1 2.22045e-016 0 -1.15524e-016 -0.534726 0.845026 -0.0200439 2.5935 -1.76984</i>
                        <i>-1.56315e-017 0.843991 0.536357 -1 0 0 -5.32648e-017 -0.536357 0.843991 -0.0200439 2.59294 -1.76974</i>
                        <i>9.07834e-017 0.842951 0.537991 -1 1.11022e-016 0 -8.46511e-017 -0.537991 0.842951 -0.0200439 2.59244 -1.76964</i>
                        <i>9.85569e-017 0.841912 0.539615 -1 1.11022e-016 2.77556e-017 -5.81624e-017 -0.539615 0.841912 -0.0200439 2.59199 -1.76953</i>
                        <i>-1.58465e-017 0.840883 0.541217 -1 0 0 -5.32013e-017 -0.541217 0.840883 -0.0200439 2.5916 -1.76943</i>
                        <i>-1.5916e-017 0.839872 0.542784 -1 0 0 -5.31805e-017 -0.542784 0.839872 -0.0200439 2.59128 -1.76933</i>
                        <i>-1.59834e-017 0.838887 0.544305 -1 0 -2.77556e-017 -5.31603e-017 -0.544305 0.838887 -0.0200439 2.59102 -1.76924</i>
                        <i>9.82574e-017 0.837936 0.545768 -1 1.11022e-016 0 -5.86669e-017 -0.545768 0.837936 -0.0200439 2.59082 -1.76914</i>
                        <i>2.04433e-016 0.837027 0.547161 -1 2.22045e-016 2.77556e-017 -9.10013e-017 -0.547161 0.837027 -0.0200439 2.5907 -1.76905</i>
                        <i>-8.08411e-018 0.836169 0.548471 -1 0 0 -2.65522e-017 -0.548471 0.836169 -0.0200439 2.59066 -1.76897</i>
                        <i>9.80595e-017 0.835301 0.549792 -1 1.11022e-016 0 -5.8997e-017 -0.549792 0.835301 -0.0200439 2.5907 -1.76888</i>
                        <i>2.04123e-016 0.834363 0.551216 -1 2.22045e-016 2.77556e-017 -9.16941e-017 -0.551216 0.834363 -0.0200439 2.59081 -1.76879</i>
                        <i>9.79143e-017 0.833362 0.552727 -1 1.11022e-016 2.77556e-017 -5.92378e-017 -0.552727 0.833362 -0.0200439 2.59099 -1.76869</i>
                        <i>8.96216e-017 0.832309 0.554311 -1 1.11022e-016 0 -8.58802e-017 -0.554311 0.832309 -0.0200439 2.59124 -1.76859</i>
                        <i>9.77535e-017 0.831213 0.555955 -1 1.11022e-016 2.77556e-017 -5.95028e-017 -0.555955 0.831213 -0.0200439 2.59155 -1.76849</i>
                        <i>-8.28802e-018 0.830081 0.557642 -1 0 -2.77556e-017 -2.64893e-017 -0.557642 0.830081 -0.0200439 2.59193 -1.76838</i>
                        <i>2.03492e-016 0.828925 0.55936 -1 2.22045e-016 0 -9.30875e-017 -0.55936 0.828925 -0.0200439 2.59237 -1.76826</i>
                        <i>1.94991e-016 0.827752 0.561094 -1 2.22045e-016 0 -1.1985e-016 -0.561094 0.827752 -0.0200439 2.59286 -1.76815</i>
                        <i>2.03219e-016 0.826573 0.562829 -1 2.22045e-016 0 -9.36819e-017 -0.562829 0.826573 -0.0200439 2.5934 -1.76804</i>
                        <i>-8.4421e-018 0.825397 0.564552 -1 0 0 -2.64406e-017 -0.564552 0.825397 -0.0200439 2.594 -1.76792</i>
                        <i>2.11427e-016 0.824234 0.566249 -1 2.22045e-016 0 -6.784e-017 -0.566249 0.824234 -0.0200439 2.59464 -1.76781</i>
                        <i>9.71491e-017 0.823093 0.567906 -1 1.11022e-016 0 -6.04846e-017 -0.567906 0.823093 -0.0200439 2.59532 -1.7677</i>
                        <i>0 0.821985 0.569509 -1 0 0 0 -0.569509 0.821985 -0.0200439 2.59604 -1.7676</i>
                        <i>8.84008e-017 0.82092 0.571044 -1 1.11022e-016 0 -8.71364e-017 -0.571044 0.82092 -0.0200439 2.5968 -1.7675</i>
                        <i>-1.72395e-017 0.819907 0.572497 -1 0 0 -5.27664e-017 -0.572497 0.819907 -0.0200439 2.59759 -1.7674</i>
                        <i>-1.73003e-017 0.818957 0.573855 -1 0 0 -5.27464e-017 -0.573855 0.818957 -0.0200439 2.59842 -1.76731</i>
                        <i>-1.73563e-017 0.81808 0.575104 -1 0 0 -5.27281e-017 -0.575104 0.81808 -0.0200439 2.59926 -1.76723</i>
                        <i>1.93439e-016 0.817287 0.576231 -1 2.22045e-016 2.77556e-017 -1.22339e-016 -0.576231 0.817287 -0.0200439 2.60014 -1.76715</i>
                        <i>9.66678e-017 0.816588 0.577222 -1 1.11022e-016 0 -6.12508e-017 -0.577222 0.816588 -0.0200439 2.60103 -1.76708</i>
                        <i>8.78794e-017 0.815992 0.578063 -1 1.11022e-016 0 -8.76622e-017 -0.578063 0.815992 -0.0200439 2.60194 -1.76703</i>
                        <i>8.78287e-017 0.815512 0.578741 -1 1.11022e-016 0 -8.77129e-017 -0.578741 0.815512 -0.0200439 2.60286 -1.76698</i>
                        <i>-8.77096e-018 0.815156 0.579242 -1 0 2.77556e-017 -2.63333e-017 -0.579242 0.815156 -0.0200439 2.60379 -1.76695</i>
                        <i>1.93092e-016 0.814935 0.579553 -1 2.22045e-016 0 -1.22885e-016 -0.579553 0.814935 -0.0200439 2.60473 -1.76693</i>
                        <i>1.93081e-016 0.814859 0.57966 -1 2.22045e-016 0 -1.22903e-016 -0.57966 0.814859 -0.0200439 2.60568 -1.76692</i>
                        <i>-1.7556e-017 0.814933 0.579555 -1 0 0 -5.26619e-017 -0.579555 0.814933 -0.0200439 2.60662 -1.76693</i>
