<?xml version="1.0" encoding="ISO-8859-1" ?>
<Animl Version="1">
    <ModellingPackage><![CDATA[Maya.2010]]></ModellingPackage>
    <SrcFile><![CDATA[anims\turrets\machinegun\red\~src\mgun_pkp\mgun_pkp_reload_crewman_c.mb]]></SrcFile>
    <FramesPerSecond>30</FramesPerSecond>
    <TotalFrames>117</TotalFrames>
    <Skeleton>
        <RefFrame>
            <Name><![CDATA[soldier_ref_frame]]></Name>
            <Exclude>0</Exclude>
            <Additive>0</Additive>
            <IKPriority>0</IKPriority>
            <IKRotLimits>-1e+010 -1e+010 -1e+010 1e+010 1e+010 1e+010</IKRotLimits>
            <IKRotLimitOrder>0</IKRotLimitOrder>
            <KeyFrames count="117">
                <i>1 0 0 0 1 0 0 0 1 -0.9862 0.943922 -0.0847335</i>
                <i>1 0 0 0 1 0 0 0 1 -0.9862 0.943922 -0.0847335</i>
                <i>1 0 0 0 1 0 0 0 1 -0.9862 0.943922 -0.0847335</i>
                <i>1 0 0 0 1 0 0 0 1 -0.9862 0.943922 -0.0847335</i>
                <i>1 0 0 0 1 0 0 0 1 -0.9862 0.943922 -0.0847335</i>
                <i>1 0 0 0 1 0 0 0 1 -0.9862 0.943922 -0.0847335</i>
                <i>1 0 0 0 1 0 0 0 1 -0.9862 0.943922 -0.0847335</i>
                <i>1 0 0 0 1 0 0 0 1 -0.9862 0.943922 -0.0847335</i>
                <i>1 0 0 0 1 0 0 0 1 -0.9862 0.943922 -0.0847335</i>
                <i>1 0 0 0 1 0 0 0 1 -0.9862 0.943922 -0.0847335</i>
                <i>1 0 0 0 1 0 0 0 1 -0.9862 0.943922 -0.0847335</i>
                <i>1 0 0 0 1 0 0 0 1 -0.9862 0.943922 -0.0847335</i>
                <i>1 0 0 0 1 0 0 0 1 -0.9862 0.943922 -0.0847335</i>
                <i>1 0 0 0 1 0 0 0 1 -0.9862 0.943922 -0.0847335</i>
                <i>1 0 0 0 1 0 0 0 1 -0.9862 0.943922 -0.0847335</i>
                <i>1 0 0 0 1 0 0 0 1 -0.9862 0.943922 -0.0847335</i>
                <i>1 0 0 0 1 0 0 0 1 -0.9862 0.943922 -0.0847335</i>
                <i>1 0 0 0 1 0 0 0 1 -0.9862 0.943922 -0.0847335</i>
                <i>1 0 0 0 1 0 0 0 1 -0.9862 0.943922 -0.0847335</i>
                <i>1 0 0 0 1 0 0 0 1 -0.9862 0.943922 -0.0847335</i>
                <i>1 0 0 0 1 0 0 0 1 -0.9862 0.943922 -0.0847335</i>
                <i>1 0 0 0 1 0 0 0 1 -0.9862 0.943922 -0.0847335</i>
                <i>1 0 0 0 1 0 0 0 1 -0.9862 0.943922 -0.0847335</i>
                <i>1 0 0 0 1 0 0 0 1 -0.9862 0.943922 -0.0847335</i>
                <i>1 0 0 0 1 0 0 0 1 -0.9862 0.943922 -0.0847335</i>
                <i>1 0 0 0 1 0 0 0 1 -0.9862 0.943922 -0.0847335</i>
                <i>1 0 0 0 1 0 0 0 1 -0.9862 0.943922 -0.0847335</i>
                <i>1 0 0 0 1 0 0 0 1 -0.9862 0.943922 -0.0847335</i>
                <i>1 0 0 0 1 0 0 0 1 -0.9862 0.943922 -0.0847335</i>
                <i>1 0 0 0 1 0 0 0 1 -0.9862 0.943922 -0.0847335</i>
                <i>1 0 0 0 1 0 0 0 1 -0.9862 0.943922 -0.0847335</i>
                <i>1 0 0 0 1 0 0 0 1 -0.9862 0.943922 -0.0847335</i>
                <i>1 0 0 0 1 0 0 0 1 -0.9862 0.943922 -0.0847335</i>
                <i>1 0 0 0 1 0 0 0 1 -0.9862 0.943922 -0.0847335</i>
                <i>1 0 0 0 1 0 0 0 1 -0.9862 0.943922 -0.0847335</i>
                <i>1 0 0 0 1 0 0 0 1 -0.9862 0.943922 -0.0847335</i>
                <i>1 0 0 0 1 0 0 0 1 -0.9862 0.943922 -0.0847335</i>
                <i>1 0 0 0 1 0 0 0 1 -0.9862 0.943922 -0.0847335</i>
                <i>1 0 0 0 1 0 0 0 1 -0.9862 0.943922 -0.0847335</i>
                <i>1 0 0 0 1 0 0 0 1 -0.9862 0.943922 -0.0847335</i>
                <i>1 0 0 0 1 0 0 0 1 -0.9862 0.943922 -0.0847335</i>
                <i>1 0 0 0 1 0 0 0 1 -0.9862 0.943922 -0.0847335</i>
                <i>1 0 0 0 1 0 0 0 1 -0.9862 0.943922 -0.0847335</i>
                <i>1 0 0 0 1 0 0 0 1 -0.9862 0.943922 -0.0847335</i>
                <i>1 0 0 0 1 0 0 0 1 -0.9862 0.943922 -0.0847335</i>
                <i>1 0 0 0 1 0 0 0 1 -0.9862 0.943922 -0.0847335</i>
                <i>1 0 0 0 1 0 0 0 1 -0.9862 0.943922 -0.0847335</i>
                <i>1 0 0 0 1 0 0 0 1 -0.9862 0.943922 -0.0847335</i>
                <i>1 0 0 0 1 0 0 0 1 -0.9862 0.943922 -0.0847335</i>
                <i>1 0 0 0 1 0 0 0 1 -0.9862 0.943922 -0.0847335</i>
                <i>1 0 0 0 1 0 0 0 1 -0.9862 0.943922 -0.0847335</i>
                <i>1 0 0 0 1 0 0 0 1 -0.9862 0.943922 -0.0847335</i>
                <i>1 0 0 0 1 0 0 0 1 -0.9862 0.943922 -0.0847335</i>
                <i>1 0 0 0 1 0 0 0 1 -0.9862 0.943922 -0.0847335</i>
                <i>1 0 0 0 1 0 0 0 1 -0.9862 0.943922 -0.0847335</i>
                <i>1 0 0 0 1 0 0 0 1 -0.9862 0.943922 -0.0847335</i>
                <i>1 0 0 0 1 0 0 0 1 -0.9862 0.943922 -0.0847335</i>
                <i>1 0 0 0 1 0 0 0 1 -0.9862 0.943922 -0.0847335</i>
                <i>1 0 0 0 1 0 0 0 1 -0.9862 0.943922 -0.0847335</i>
                <i>1 0 0 0 1 0 0 0 1 -0.9862 0.943922 -0.0847335</i>
                <i>1 0 0 0 1 0 0 0 1 -0.9862 0.943922 -0.0847335</i>
                <i>1 0 0 0 1 0 0 0 1 -0.9862 0.943922 -0.0847335</i>
                <i>1 0 0 0 1 0 0 0 1 -0.9862 0.943922 -0.0847335</i>
                <i>1 0 0 0 1 0 0 0 1 -0.9862 0.943922 -0.0847335</i>
                <i>1 0 0 0 1 0 0 0 1 -0.9862 0.943922 -0.0847335</i>
                <i>1 0 0 0 1 0 0 0 1 -0.9862 0.943922 -0.0847335</i>
                <i>1 0 0 0 1 0 0 0 1 -0.9862 0.943922 -0.0847335</i>
                <i>1 0 0 0 1 0 0 0 1 -0.9862 0.943922 -0.0847335</i>
                <i>1 0 0 0 1 0 0 0 1 -0.9862 0.943922 -0.0847335</i>
                <i>1 0 0 0 1 0 0 0 1 -0.9862 0.943922 -0.0847335</i>
                <i>1 0 0 0 1 0 0 0 1 -0.9862 0.943922 -0.0847335</i>
                <i>1 0 0 0 1 0 0 0 1 -0.9862 0.943922 -0.0847335</i>
                <i>1 0 0 0 1 0 0 0 1 -0.9862 0.943922 -0.0847335</i>
                <i>1 0 0 0 1 0 0 0 1 -0.9862 0.943922 -0.0847335</i>
                <i>1 0 0 0 1 0 0 0 1 -0.9862 0.943922 -0.0847335</i>
                <i>1 0 0 0 1 0 0 0 1 -0.9862 0.943922 -0.0847335</i>
                <i>1 0 0 0 1 0 0 0 1 -0.9862 0.943922 -0.0847335</i>
                <i>1 0 0 0 1 0 0 0 1 -0.9862 0.943922 -0.0847335</i>
                <i>1 0 0 0 1 0 0 0 1 -0.9862 0.943922 -0.0847335</i>
                <i>1 0 0 0 1 0 0 0 1 -0.9862 0.943922 -0.0847335</i>
                <i>1 0 0 0 1 0 0 0 1 -0.9862 0.943922 -0.0847335</i>
                <i>1 0 0 0 1 0 0 0 1 -0.9862 0.943922 -0.0847335</i>
                <i>1 0 0 0 1 0 0 0 1 -0.9862 0.943922 -0.0847335</i>
                <i>1 0 0 0 1 0 0 0 1 -0.9862 0.943922 -0.0847335</i>
                <i>1 0 0 0 1 0 0 0 1 -0.9862 0.943922 -0.0847335</i>
                <i>1 0 0 0 1 0 0 0 1 -0.9862 0.943922 -0.0847335</i>
                <i>1 0 0 0 1 0 0 0 1 -0.9862 0.943922 -0.0847335</i>
                <i>1 0 0 0 1 0 0 0 1 -0.9862 0.943922 -0.0847335</i>
                <i>1 0 0 0 1 0 0 0 1 -0.9862 0.943922 -0.0847335</i>
                <i>1 0 0 0 1 0 0 0 1 -0.9862 0.943922 -0.0847335</i>
                <i>1 0 0 0 1 0 0 0 1 -0.9862 0.943922 -0.0847335</i>
                <i>1 0 0 0 1 0 0 0 1 -0.9862 0.943922 -0.0847335</i>
                <i>1 0 0 0 1 0 0 0 1 -0.9862 0.943922 -0.0847335</i>
                <i>1 0 0 0 1 0 0 0 1 -0.9862 0.943922 -0.0847335</i>
                <i>1 0 0 0 1 0 0 0 1 -0.9862 0.943922 -0.0847335</i>
                <i>1 0 0 0 1 0 0 0 1 -0.9862 0.943922 -0.0847335</i>
                <i>1 0 0 0 1 0 0 0 1 -0.9862 0.943922 -0.0847335</i>
                <i>1 0 0 0 1 0 0 0 1 -0.9862 0.943922 -0.0847335</i>
                <i>1 0 0 0 1 0 0 0 1 -0.9862 0.943922 -0.0847335</i>
                <i>1 0 0 0 1 0 0 0 1 -0.9862 0.943922 -0.0847335</i>
                <i>1 0 0 0 1 0 0 0 1 -0.9862 0.943922 -0.0847335</i>
                <i>1 0 0 0 1 0 0 0 1 -0.9862 0.943922 -0.0847335</i>
                <i>1 0 0 0 1 0 0 0 1 -0.9862 0.943922 -0.0847335</i>
                <i>1 0 0 0 1 0 0 0 1 -0.9862 0.943922 -0.0847335</i>
                <i>1 0 0 0 1 0 0 0 1 -0.9862 0.943922 -0.0847335</i>
                <i>1 0 0 0 1 0 0 0 1 -0.9862 0.943922 -0.0847335</i>
                <i>1 0 0 0 1 0 0 0 1 -0.9862 0.943922 -0.0847335</i>
                <i>1 0 0 0 1 0 0 0 1 -0.9862 0.943922 -0.0847335</i>
                <i>1 0 0 0 1 0 0 0 1 -0.9862 0.943922 -0.0847335</i>
                <i>1 0 0 0 1 0 0 0 1 -0.9862 0.943922 -0.0847335</i>
                <i>1 0 0 0 1 0 0 0 1 -0.9862 0.943922 -0.0847335</i>
                <i>1 0 0 0 1 0 0 0 1 -0.9862 0.943922 -0.0847335</i>
                <i>1 0 0 0 1 0 0 0 1 -0.9862 0.943922 -0.0847335</i>
                <i>1 0 0 0 1 0 0 0 1 -0.9862 0.943922 -0.0847335</i>
                <i>1 0 0 0 1 0 0 0 1 -0.9862 0.943922 -0.0847335</i>
                <i>1 0 0 0 1 0 0 0 1 -0.9862 0.943922 -0.0847335</i>
                <i>1 0 0 0 1 0 0 0 1 -0.9862 0.943922 -0.0847335</i>
            </KeyFrames>
        </RefFrame>
        <Bones count="23">
            <i>
                <p>
                    <Name><![CDATA[pelvis]]></Name>
                    <Exclude>0</Exclude>
                    <Additive>0</Additive>
                    <IKPriority>0</IKPriority>
                    <IKRotLimits>-1e+010 -1e+010 -1e+010 1e+010 1e+010 1e+010</IKRotLimits>
                    <IKRotLimitOrder>2</IKRotLimitOrder>
                    <KeyFrames count="117">
                        <i>1 0 0 0 1 0 0 0 1 -0.9862 1.54306 -0.0847335</i>
                        <i>1 0 0 0 1 0 0 0 1 -0.986206 1.54306 -0.0847335</i>
                        <i>1 0 0 0 1 0 0 0 1 -0.986218 1.54306 -0.0847335</i>
                        <i>1 0 0 0 1 0 0 0 1 -0.986225 1.54306 -0.0847335</i>
                        <i>1 0 0 0 1 0 0 0 1 -0.986242 1.53578 -0.0847335</i>
                        <i>1 0 0 0 1 0 0 0 1 -0.986254 1.5285 -0.0847335</i>
                        <i>1 0 0 0 1 0 0 0 1 -0.9862 1.54306 -0.0847335</i>
                        <i>1 0 0 0 1 0 0 0 1 -0.987252 1.58509 -0.0847214</i>
                        <i>1 0 0 0 1 0 0 0 1 -0.989452 1.64032 -0.0846972</i>
                        <i>1 0 0 0 1 0 0 0 1 -0.991043 1.70074 -0.084679</i>
                        <i>1 0 0 0 1 0 0 0 1 -0.990267 1.75836 -0.0846851</i>
                        <i>1 0 0 0 1 0 0 0 1 -0.985369 1.80519 -0.0847335</i>
                        <i>1 0 0 0 1 0 0 0 1 -0.975819 1.84115 -0.0848477</i>
                        <i>1 0 0 0 1 0 0 0 1 -0.963044 1.87221 -0.0850164</i>
                        <i>1 0 0 0 1 0 0 0 1 -0.94822 1.89948 -0.0852062</i>
                        <i>1 0 0 0 1 0 0 0 1 -0.932521 1.92405 -0.0853834</i>
                        <i>1 0 0 0 1 0 0 0 1 -0.917123 1.94702 -0.0855144</i>
                        <i>1 0 0 0 1 0 0 0 1 -0.903201 1.96949 -0.0855655</i>
                        <i>1 0 0 0 1 0 0 0 1 -0.889572 1.9927 -0.085463</i>
                        <i>1 0 0 0 1 0 0 0 1 -0.875836 2.01393 -0.0852229</i>
                        <i>1 0 0 0 1 0 0 0 1 -0.864345 2.02832 -0.0849461</i>
                        <i>1 0 0 0 1 0 0 0 1 -0.85745 2.03101 -0.0847335</i>
                        <i>1 0 0 0 1 0 0 0 1 -0.853457 2.02151 -0.0880009</i>
                        <i>1 0 0 0 1 0 0 0 1 -0.849479 2.00455 -0.0961478</i>
                        <i>1 0 0 0 1 0 0 0 1 -0.84608 1.98309 -0.106251</i>
                        <i>1 0 0 0 1 0 0 0 1 -0.843821 1.9601 -0.115388</i>
                        <i>1 0 0 0 1 0 0 0 1 -0.843265 1.93855 -0.120635</i>
                        <i>1 0 0 0 1 0 0 0 1 -0.844976 1.92139 -0.119068</i>
                        <i>1 0 0 0 1 0 0 0 1 -0.849517 1.91159 -0.107766</i>
                        <i>1 0 0 0 1 0 0 0 1 -0.85745 1.91211 -0.0838035</i>
                        <i>1 0 0 0 1 0 0 0 1 -0.875148 1.9361 -0.0358242</i>
                        <i>1 0 0 0 1 0 0 0 1 -0.90387 1.98428 0.0388358</i>
                        <i>1 0 0 0 1 0 0 0 1 -0.936504 2.04104 0.13006</i>
                        <i>1 0 0 0 1 0 0 0 1 -0.96594 2.09075 0.227729</i>
                        <i>1 0 0 0 1 0 0 0 1 -0.985066 2.11777 0.321728</i>
                        <i>1 0 0 0 1 0 0 0 1 -0.994012 2.12148 0.414921</i>
                        <i>1 0 0 0 1 0 0 0 1 -0.998223 2.11366 0.514251</i>
                        <i>1 0 0 0 1 0 0 0 1 -0.998568 2.09733 0.615716</i>
                        <i>1 0 0 0 1 0 0 0 1 -0.995912 2.07549 0.715312</i>
                        <i>1 0 0 0 1 0 0 0 1 -0.991122 2.05114 0.80904</i>
                        <i>1 0 0 0 1 0 0 0 1 -0.985066 2.02728 0.892896</i>
                        <i>1 0 0 0 1 0 0 0 1 -0.975465 1.99946 0.970933</i>
                        <i>1 0 0 0 1 0 0 0 1 -0.96117 1.96435 1.04716</i>
                        <i>1 0 0 0 1 0 0 0 1 -0.944741 1.92674 1.11752</i>
                        <i>1 0 0 0 1 0 0 0 1 -0.928739 1.89139 1.17795</i>
                        <i>1 0 0 0 1 0 0 0 1 -0.915724 1.86307 1.22439</i>
                        <i>1 0 0 0 1 0 0 0 1 -0.908257 1.84654 1.25276</i>
                        <i>1 0 0 0 1 0 0 0 1 -0.904945 1.83889 1.26954</i>
                        <i>1 0 0 0 1 0 0 0 1 -0.902614 1.83378 1.28388</i>
                        <i>1 0 0 0 1 0 0 0 1 -0.901144 1.83087 1.29572</i>
                        <i>1 0 0 0 1 0 0 0 1 -0.900419 1.82982 1.30506</i>
                        <i>1 0 0 0 1 0 0 0 1 -0.900321 1.83029 1.31184</i>
                        <i>1 0 0 0 1 0 0 0 1 -0.900733 1.83194 1.31605</i>
                        <i>1 0 0 0 1 0 0 0 1 -0.901536 1.83442 1.31764</i>
                        <i>1 0 0 0 1 0 0 0 1 -0.902614 1.8374 1.31658</i>
                        <i>1 0 0 0 1 0 0 0 1 -0.903848 1.84053 1.31284</i>
                        <i>1 0 0 0 1 0 0 0 1 -0.905122 1.84347 1.30639</i>
                        <i>1 0 0 0 1 0 0 0 1 -0.906317 1.84589 1.29718</i>
                        <i>1 0 0 0 1 0 0 0 1 -0.907316 1.84743 1.2852</i>
                        <i>1 0 0 0 1 0 0 0 1 -0.908002 1.84776 1.27041</i>
                        <i>1 0 0 0 1 0 0 0 1 -0.908257 1.84654 1.25276</i>
                        <i>1 0 0 0 1 0 0 0 1 -0.908257 1.84044 1.2099</i>
                        <i>1 0 0 0 1 0 0 0 1 -0.908257 1.82922 1.12892</i>
                        <i>1 0 0 0 1 0 0 0 1 -0.908257 1.81717 1.02401</i>
                        <i>1 0 0 0 1 0 0 0 1 -0.908257 1.80858 0.909371</i>
                        <i>1 0 0 0 1 0 0 0 1 -0.912356 1.80481 0.769524</i>
                        <i>1 0 0 0 1 0 0 0 1 -0.916455 1.80465 0.603966</i>
                        <i>1 0 0 0 1 0 0 0 1 -0.908257 1.80858 0.449356</i>
                        <i>1 0 0 0 1 0 0 0 1 -0.877257 1.81881 0.319966</i>
                        <i>1 0 0 0 1 0 0 0 1 -0.83396 1.83314 0.201523</i>
                        <i>1 0 0 0 1 0 0 0 1 -0.797585 1.84543 0.0878656</i>
                        <i>1 0 0 0 1 0 0 0 1 -0.772728 1.8543 -0.0312591</i>
                        <i>1 0 0 0 1 0 0 0 1 -0.751568 1.86217 -0.152461</i>
                        <i>1 0 0 0 1 0 0 0 1 -0.734696 1.86861 -0.261434</i>
                        <i>1 0 0 0 1 0 0 0 1 -0.7227 1.87316 -0.343874</i>
                        <i>1 0 0 0 1 0 0 0 1 -0.718324 1.87511 -0.391702</i>
                        <i>1 0 0 0 1 0 0 0 1 -0.720392 1.87489 -0.413967</i>
                        <i>1 0 0 0 1 0 0 0 1 -0.723613 1.87381 -0.422064</i>
                        <i>1 0 0 0 1 0 0 0 1 -0.7227 1.87316 -0.427388</i>
                        <i>1 0 0 0 1 0 0 0 1 -0.71637 1.87316 -0.432099</i>
                        <i>1 0 0 0 1 0 0 0 1 -0.707715 1.87316 -0.432014</i>
                        <i>1 0 0 0 1 0 0 0 1 -0.698006 1.87316 -0.429008</i>
                        <i>1 0 0 0 1 0 0 0 1 -0.688513 1.87316 -0.424958</i>
                        <i>1 0 0 0 1 0 0 0 1 -0.680508 1.87316 -0.421739</i>
                        <i>1 0 0 0 1 0 0 0 1 -0.675261 1.87316 -0.421227</i>
                        <i>1 0 0 0 1 0 0 0 1 -0.671938 1.87316 -0.425192</i>
                        <i>1 0 0 0 1 0 0 0 1 -0.670927 1.87316 -0.432069</i>
                        <i>1 0 0 0 1 0 0 0 1 -0.675333 1.87316 -0.438734</i>
                        <i>1 0 0 0 1 0 0 0 1 -0.688258 1.87316 -0.44206</i>
                        <i>1 0 0 0 1 0 0 0 1 -0.711143 1.87571 -0.444159</i>
                        <i>1 0 0 0 1 0 0 0 1 -0.74096 1.88131 -0.447627</i>
                        <i>1 0 0 0 1 0 0 0 1 -0.774103 1.88691 -0.450075</i>
                        <i>1 0 0 0 1 0 0 0 1 -0.806969 1.88946 -0.449111</i>
                        <i>1 0 0 0 1 0 0 0 1 -0.835953 1.88589 -0.442346</i>
                        <i>1 0 0 0 1 0 0 0 1 -0.85745 1.87316 -0.427388</i>
                        <i>1 0 0 0 1 0 0 0 1 -0.873072 1.85336 -0.406146</i>
                        <i>1 0 0 0 1 0 0 0 1 -0.886996 1.83088 -0.382366</i>
                        <i>1 0 0 0 1 0 0 0 1 -0.899464 1.80611 -0.35641</i>
                        <i>1 0 0 0 1 0 0 0 1 -0.910719 1.77943 -0.328642</i>
                        <i>1 0 0 0 1 0 0 0 1 -0.921003 1.75122 -0.299422</i>
                        <i>1 0 0 0 1 0 0 0 1 -0.93056 1.72186 -0.269115</i>
                        <i>1 0 0 0 1 0 0 0 1 -0.939631 1.69174 -0.238083</i>
                        <i>1 0 0 0 1 0 0 0 1 -0.94846 1.66124 -0.206687</i>
                        <i>1 0 0 0 1 0 0 0 1 -0.957288 1.63074 -0.175292</i>
                        <i>1 0 0 0 1 0 0 0 1 -0.966359 1.60062 -0.14426</i>
                        <i>1 0 0 0 1 0 0 0 1 -0.975916 1.57127 -0.113953</i>
                        <i>1 0 0 0 1 0 0 0 1 -0.9862 1.54306 -0.0847335</i>
                        <i>1 0 0 0 1 0 0 0 1 -0.9862 1.54306 -0.0847335</i>
                        <i>1 0 0 0 1 0 0 0 1 -0.9862 1.54306 -0.0847335</i>
                        <i>1 0 0 0 1 0 0 0 1 -0.9862 1.54306 -0.0847335</i>
                        <i>1 0 0 0 1 0 0 0 1 -0.9862 1.54306 -0.0847335</i>
                        <i>1 0 0 0 1 0 0 0 1 -0.9862 1.54306 -0.0847335</i>
                        <i>1 0 0 0 1 0 0 0 1 -0.9862 1.54306 -0.0847335</i>
                        <i>1 0 0 0 1 0 0 0 1 -0.9862 1.54306 -0.0847335</i>
                        <i>1 0 0 0 1 0 0 0 1 -0.9862 1.54306 -0.0847335</i>
                        <i>1 0 0 0 1 0 0 0 1 -0.9862 1.54306 -0.0847335</i>
                        <i>1 0 0 0 1 0 0 0 1 -0.9862 1.54306 -0.0847335</i>
                    </KeyFrames>
                </p>
            </i>
            <i>
                <p>
                    <Name><![CDATA[spine0]]></Name>
                    <Exclude>0</Exclude>
                    <Additive>0</Additive>
                    <IKPriority>0</IKPriority>
                    <IKRotLimits>-1e+010 -1e+010 -1e+010 1e+010 1e+010 1e+010</IKRotLimits>
                    <IKRotLimitOrder>0</IKRotLimitOrder>
                    <KeyFrames count="117">
                        <i>0.0754564 0.98996 0.119522 -0.733151 -0.0261647 0.679562 0.675867 -0.138905 0.723816 -1.02705 1.67548 -0.123361</i>
                        <i>0.0737902 0.989991 0.120304 -0.726633 -0.0292516 0.686402 0.683051 -0.138067 0.717202 -1.02774 1.67546 -0.122704</i>
                        <i>0.0712049 0.989984 0.121909 -0.712659 -0.0350198 0.700636 0.697888 -0.136768 0.703027 -1.02911 1.6754 -0.121381</i>
                        <i>0.0698482 0.989974 0.122773 -0.704839 -0.0381159 0.708343 0.70592 -0.136012 0.69511 -1.02985 1.67536 -0.120654</i>
                        <i>0.068774 0.990297 0.120758 -0.714195 -0.0356426 0.699038 0.696559 -0.134321 0.704814 -1.02935 1.66797 -0.12167</i>
                        <i>0.069003 0.990623 0.117915 -0.729645 -0.0304916 0.683146 0.680336 -0.133175 0.720699 -1.0282 1.6606 -0.123287</i>
                        <i>0.0754564 0.98996 0.119522 -0.733151 -0.0261647 0.679562 0.675867 -0.138905 0.723816 -1.02705 1.67548 -0.123361</i>
                        <i>0.0897587 0.987703 0.128009 -0.722075 -0.0239882 0.691399 0.685968 -0.154491 0.711042 -1.027 1.71842 -0.121335</i>
                        <i>0.108678 0.984219 0.139652 -0.705848 -0.0225196 0.708005 0.699977 -0.175518 0.692261 -1.02774 1.77482 -0.118452</i>
                        <i>0.129804 0.980035 0.150603 -0.685081 -0.0211591 0.728159 0.716809 -0.197693 0.668657 -1.02782 1.83641 -0.115292</i>
                        <i>0.150357 0.976032 0.157334 -0.660377 -0.0192782 0.750687 0.735727 -0.216771 0.641651 -1.02587 1.89497 -0.112404</i>
                        <i>0.167085 0.973387 0.156843 -0.632394 -0.0162399 0.774477 0.756413 -0.22859 0.612851 -1.02061 1.94232 -0.110268</i>
                        <i>0.179469 0.972434 0.148872 -0.599651 -0.0118307 0.800174 0.779878 -0.232877 0.580998 -1.01169 1.97839 -0.108826</i>
                        <i>0.189286 0.97245 0.136056 -0.561317 -0.00652727 0.827575 0.805664 -0.233019 0.544617 -1.0002 2.00934 -0.107625</i>
                        <i>0.196489 0.973101 0.120273 -0.519343 -0.000755972 0.854566 0.83167 -0.230376 0.505225 -0.987093 2.03634 -0.106508</i>
                        <i>0.201327 0.974055 0.103362 -0.475976 0.00505723 0.879444 0.856104 -0.226253 0.464645 -0.973313 2.06055 -0.10536</i>
                        <i>0.204392 0.975013 0.0870239 -0.433715 0.0105025 0.900989 0.877562 -0.221898 0.425024 -0.959787 2.08314 -0.104124</i>
                        <i>0.206594 0.975718 0.0727515 -0.395225 0.0152007 0.918459 0.895051 -0.218501 0.388768 -0.947441 2.10529 -0.102802</i>
                        <i>0.207182 0.976464 0.0599446 -0.362108 0.0196197 0.93193 0.90882 -0.214785 0.35765 -0.935303 2.12815 -0.101529</i>
                        <i>0.205339 0.977502 0.0482273 -0.33402 0.023677 0.942269 0.919928 -0.209594 0.331367 -0.923161 2.14894 -0.100345</i>
                        <i>0.20215 0.978575 0.0390614 -0.310667 0.0262494 0.950156 0.928774 -0.20421 0.309317 -0.913067 2.16293 -0.0991806</i>
                        <i>0.198759 0.979471 0.0336287 -0.291636 0.0263516 0.956166 0.935651 -0.199854 0.290887 -0.907066 2.16539 -0.0980012</i>
                        <i>0.197709 0.979805 0.0298965 -0.269339 0.0249729 0.962722 0.942533 -0.198391 0.268837 -0.903601 2.15582 -0.0999433</i>
                        <i>0.199724 0.979524 0.0253508 -0.239707 0.0237573 0.970554 0.950079 -0.19992 0.239544 -0.900084 2.13883 -0.106372</i>
                        <i>0.203185 0.978929 0.0203372 -0.20767 0.0227872 0.977933 0.956864 -0.202925 0.207925 -0.89702 2.11737 -0.114612</i>
                        <i>0.206353 0.978354 0.0155673 -0.17831 0.021956 0.983729 0.962094 -0.205771 0.178981 -0.894944 2.09441 -0.121993</i>
                        <i>0.207377 0.978185 0.0121647 -0.156814 0.0209654 0.987406 0.965611 -0.206673 0.157741 -0.894424 2.0729 -0.125839</i>
                        <i>0.204336 0.978833 0.0115078 -0.148394 0.0193536 0.988739 0.967588 -0.203743 0.149207 -0.896045 2.05581 -0.123461</i>
                        <i>0.195277 0.980635 0.0148794 -0.158202 0.0165232 0.987269 0.967905 -0.195144 0.158365 -0.900381 2.04608 -0.112152</i>
                        <i>0.178278 0.983713 0.0229362 -0.191214 0.0117697 0.981478 0.965222 -0.179362 0.190198 -0.90796 2.04671 -0.0891754</i>
                        <i>0.136659 0.99003 0.0341443 -0.294149 0.00764147 0.955729 0.945939 -0.140652 0.29226 -0.92482 2.07072 -0.0460698</i>
                        <i>0.074707 0.996673 0.0326001 -0.464518 0.00585332 0.885544 0.882407 -0.0812997 0.46341 -0.950906 2.11888 0.0196517</i>
                        <i>0.0227011 0.99964 0.0142848 -0.633545 0.00333127 0.773698 0.773372 -0.0266139 0.633393 -0.978606 2.17581 0.102454</i>
                        <i>-0.00522202 0.999972 0.00542059 -0.749677 -0.00750218 0.661762 0.661784 -0.000607952 0.749695 -1.0029 2.22636 0.197084</i>
                        <i>-0.0169921 0.998902 0.0436466 -0.78713 -0.0402824 0.61547 0.616553 -0.0238974 0.786951 -1.02029 2.25507 0.297177</i>
                        <i>-0.0138572 0.989896 0.141116 -0.74809 -0.103905 0.655412 0.663452 -0.096485 0.741971 -1.03059 2.26033 0.406021</i>
                        <i>0.0176671 0.964618 0.263058 -0.650482 -0.188718 0.735703 0.759316 -0.184113 0.624133 -1.03498 2.25226 0.525933</i>
                        <i>0.0839813 0.926735 0.366211 -0.501431 -0.278286 0.819222 0.861112 -0.252429 0.441322 -1.03197 2.23362 0.647448</i>
                        <i>0.169847 0.891521 0.419931 -0.321787 -0.352592 0.87871 0.931453 -0.284375 0.226993 -1.02296 2.20884 0.762008</i>
                        <i>0.244002 0.872315 0.42371 -0.144399 -0.399365 0.905349 0.958964 -0.28209 0.0285154 -1.01196 2.18238 0.864156</i>
                        <i>0.279035 0.870213 0.406041 -0.00297939 -0.422049 0.906568 0.960276 -0.254174 -0.115174 -1.00315 2.15719 0.951995</i>
                        <i>0.267657 0.87993 0.392535 0.108609 -0.432356 0.895138 0.957373 -0.196957 -0.211291 -0.995827 2.12762 1.03303</i>
                        <i>0.221153 0.895716 0.385726 0.211524 -0.43016 0.877622 0.952024 -0.112498 -0.284597 -0.987801 2.08975 1.11245</i>
                        <i>0.153268 0.909127 0.387294 0.300038 -0.416236 0.858327 0.941534 -0.0153511 -0.336569 -0.979716 2.04822 1.1862</i>
                        <i>0.0797517 0.915254 0.394904 0.369945 -0.395049 0.840879 0.925624 0.0790313 -0.3701 -0.972201 2.00816 1.24987</i>
                        <i>0.0169391 0.914736 0.403696 0.419257 -0.373042 0.827685 0.907709 0.155232 -0.389829 -0.966095 1.97537 1.29887</i>
                        <i>-0.0196579 0.912834 0.407857 0.447629 -0.356731 0.819982 0.894003 0.198688 -0.401599 -0.962516 1.9561 1.32859</i>
                        <i>-0.0367028 0.912492 0.407445 0.461524 -0.346155 0.816806 0.886368 0.218024 -0.408432 -0.961034 1.94729 1.34571</i>
                        <i>-0.0504624 0.912218 0.406586 0.468559 -0.337896 0.816259 0.88199 0.2317 -0.410377 -0.960277 1.94135 1.36004</i>
                        <i>-0.0609793 0.912105 0.405397 0.470186 -0.332018 0.817734 0.880458 0.240477 -0.408613 -0.96011 1.93792 1.37163</i>
                        <i>-0.0684629 0.912235 0.403906 0.467611 -0.328289 0.820711 0.881279 0.245059 -0.404096 -0.960417 1.93662 1.3805</i>
                        <i>-0.0731903 0.912649 0.402138 0.461895 -0.326349 0.824712 0.883909 0.246107 -0.397663 -0.961086 1.93708 1.38668</i>
                        <i>-0.0754337 0.913333 0.400166 0.454047 -0.325831 0.829262 0.887779 0.244249 -0.390117 -0.962006 1.93892 1.39019</i>
                        <i>-0.0754141 0.914214 0.398153 0.445081 -0.326446 0.833868 0.892309 0.240096 -0.382281 -0.963055 1.94176 1.39106</i>
                        <i>-0.0732797 0.915165 0.396362 0.436063 -0.328026 0.838003 0.896928 0.234247 -0.375032 -0.964104 1.9452 1.38934</i>
                        <i>-0.0691072 0.916014 0.39515 0.428119 -0.330537 0.841106 0.901076 0.227297 -0.36932 -0.965016 1.94884 1.38511</i>
                        <i>-0.0629229 0.916559 0.394918 0.422444 -0.334045 0.842588 0.904203 0.219849 -0.366175 -0.965645 1.95228 1.37845</i>
                        <i>-0.0547422 0.916603 0.396033 0.420286 -0.338628 0.841838 0.905739 0.212531 -0.366698 -0.965846 1.95513 1.36942</i>
                        <i>-0.0446288 0.915994 0.398703 0.422929 -0.344248 0.838227 0.905063 0.206032 -0.372037 -0.965474 1.95697 1.3581</i>
                        <i>-0.0327808 0.914686 0.402833 0.431648 -0.350567 0.831134 0.901446 0.201127 -0.383331 -0.9644 1.95742 1.34451</i>
                        <i>-0.0196579 0.912834 0.407857 0.447629 -0.356731 0.819982 0.894003 0.198688 -0.401599 -0.962516 1.9561 1.32859</i>
                        <i>0.0188752 0.908016 0.418509 0.51448 -0.367735 0.77465 0.857295 0.200693 -0.474097 -0.95541 1.94926 1.29133</i>
                        <i>0.0600148 0.915841 0.397032 0.626366 -0.344247 0.699399 0.777215 0.206713 -0.594312 -0.945534 1.9387 1.21448</i>
                        <i>0.0622221 0.939149 0.337828 0.709967 -0.27955 0.646373 0.701481 0.199628 -0.684159 -0.941011 1.93006 1.10696</i>
                        <i>0.0574269 0.953595 0.295566 0.735599 -0.240577 0.633258 0.674978 0.181052 -0.715279 -0.940159 1.92439 0.988535</i>
                        <i>0.0702024 0.947916 0.310689 0.692019 -0.270601 0.669242 0.718458 0.16802 -0.674972 -0.944367 1.92102 0.848055</i>
                        <i>0.0690631 0.940468 0.332792 0.586544 -0.308119 0.749019 0.806967 0.143467 -0.572905 -0.952823 1.92164 0.679381</i>
                        <i>0.0698154 0.946243 0.315834 0.451999 -0.312247 0.835583 0.889282 0.0844198 -0.4495 -0.950441 1.92903 0.515752</i>
                        <i>0.130616 0.951762 0.277647 0.260793 -0.303167 0.916557 0.956518 -0.047309 -0.287811 -0.921191 1.94587 0.371178</i>
                        <i>0.209212 0.954081 0.21438 0.0238601 -0.224147 0.974263 0.977579 -0.198712 -0.0696588 -0.876898 1.96796 0.227526</i>
                        <i>0.254597 0.95631 0.143706 -0.142836 -0.109786 0.983639 0.95644 -0.270958 0.108645 -0.838866 1.98322 0.0899623</i>
                        <i>0.252478 0.963033 0.0939307 -0.219969 -0.0374083 0.974789 0.942268 -0.266775 0.202392 -0.816376 1.99103 -0.0410953</i>
                        <i>0.232016 0.970171 0.0702691 -0.263111 -0.00695293 0.96474 0.936451 -0.242323 0.25365 -0.799974 1.99697 -0.165996</i>
                        <i>0.208991 0.976261 0.0569 -0.284917 0.00512605 0.958538 0.935492 -0.216538 0.279225 -0.788121 2.00148 -0.27506</i>
                        <i>0.200025 0.979263 0.0321606 -0.29374 0.0286207 0.955457 0.934723 -0.200562 0.293373 -0.778912 2.0047 -0.359185</i>
                        <i>0.213694 0.976756 -0.0168181 -0.267771 0.0751217 0.96055 0.939486 -0.20076 0.2776 -0.773976 2.00641 -0.410644</i>
                        <i>0.238001 0.968577 -0.0722104 -0.202859 0.122278 0.971543 0.949844 -0.216579 0.225587 -0.773567 2.0069 -0.435026</i>
                        <i>0.260914 0.958375 -0.115934 -0.135196 0.155186 0.978591 0.955848 -0.239655 0.170058 -0.773794 2.00684 -0.444007</i>
                        <i>0.272819 0.952778 -0.133359 -0.103851 0.166973 0.980477 0.956444 -0.253644 0.144501 -0.771129 2.0068 -0.449517</i>
                        <i>0.272643 0.954448 -0.121225 -0.1166 0.157848 0.980555 0.955024 -0.253207 0.154324 -0.764773 2.00691 -0.453627</i>
                        <i>0.266699 0.959497 -0.0907596 -0.148797 0.134034 0.979742 0.952224 -0.247791 0.178517 -0.756762 2.00692 -0.451997</i>
                        <i>0.257052 0.965124 -0.0495935 -0.190844 0.101003 0.97641 0.947366 -0.241523 0.210151 -0.748015 2.00687 -0.44683</i>
                        <i>0.246123 0.969216 -0.0065812 -0.233755 0.0659465 0.970057 0.940629 -0.237214 0.24279 -0.739482 2.00679 -0.440502</i>
                        <i>0.236987 0.971114 0.0278365 -0.269789 0.0382584 0.962159 0.933301 -0.235529 0.271062 -0.732138 2.00671 -0.435656</i>
                        <i>0.233314 0.971487 0.0421727 -0.292323 0.028709 0.955889 0.927422 -0.23535 0.290686 -0.726958 2.00669 -0.435139</i>
                        <i>0.244199 0.96964 0.0128222 -0.293587 0.0613235 0.953964 0.924215 -0.236722 0.299649 -0.722505 2.00662 -0.443299</i>
                        <i>0.265909 0.962612 -0.0516797 -0.275751 0.127323 0.952759 0.923717 -0.239097 0.299297 -0.719493 2.00613 -0.457664</i>
                        <i>0.283158 0.952166 -0.114898 -0.250754 0.189134 0.949395 0.925713 -0.240018 0.292314 -0.722047 2.00532 -0.471108</i>
                        <i>0.28244 0.948553 -0.143089 -0.237614 0.213691 0.947563 0.929391 -0.23363 0.285744 -0.734059 2.0049 -0.477296</i>
                        <i>0.260576 0.956427 -0.13171 -0.238294 0.195917 0.951227 0.935583 -0.216481 0.278962 -0.757027 2.00785 -0.477756</i>
                        <i>0.22684 0.968543 -0.102315 -0.240639 0.157533 0.957745 0.943736 -0.192634 0.268804 -0.787404 2.01422 -0.477179</i>
                        <i>0.187522 0.98027 -0.0624946 -0.2451 0.108308 0.963429 0.951189 -0.165347 0.260575 -0.821413 2.02059 -0.474351</i>
                        <i>0.148837 0.988658 -0.0200693 -0.25301 0.0576933 0.965742 0.955946 -0.13866 0.258727 -0.855252 2.02364 -0.468078</i>
                        <i>0.116857 0.993001 0.0171087 -0.267017 0.0148209 0.963578 0.956581 -0.117169 0.26688 -0.885091 2.02028 -0.457207</i>
                        <i>0.0975388 0.994378 0.041206 -0.290808 -0.0111198 0.956717 0.951797 -0.1053 0.288089 -0.907066 2.00754 -0.440655</i>
                        <i>0.08802 0.994609 0.0548298 -0.322513 -0.0236236 0.94627 0.942464 -0.100974 0.318695 -0.922812 1.98765 -0.419841</i>
                        <i>0.0811561 0.994507 0.0661034 -0.357234 -0.0328922 0.933435 0.930482 -0.0993684 0.352603 -0.936724 1.96507 -0.397045</i>
                        <i>0.0765676 0.994215 0.0753199 -0.394363 -0.0391839 0.918119 0.91576 -0.100002 0.389081 -0.949028 1.94019 -0.372568</i>
                        <i>0.0738894 0.993825 0.0827788 -0.433256 -0.0427732 0.900255 0.898237 -0.102384 0.42742 -0.959952 1.91339 -0.346708</i>
                        <i>0.0727623 0.993389 0.0887922 -0.473256 -0.0439773 0.879827 0.877915 -0.10604 0.466927 -0.969729 1.88504 -0.319757</i>
                        <i>0.0728244 0.992935 0.0936879 -0.513705 -0.0431741 0.85688 0.854871 -0.11053 0.506931 -0.978596 1.85552 -0.291997</i>
                        <i>0.0737011 0.992472 0.0978102 -0.553962 -0.0408128 0.831541 0.829273 -0.115469 0.546784 -0.986796 1.82522 -0.263704</i>
                        <i>0.0749971 0.992003 0.101517 -0.593423 -0.0374163 0.804021 0.801389 -0.120542 0.585871 -0.994583 1.79451 -0.235144</i>
                        <i>0.0762899 0.991523 0.105177 -0.63153 -0.0335776 0.774624 0.771589 -0.125518 0.623615 -1.00222 1.76378 -0.206578</i>
                        <i>0.0771258 0.991028 0.109157 -0.667789 -0.0299501 0.743748 0.740344 -0.130256 0.659488 -1.00998 1.73343 -0.178259</i>
                        <i>0.0770193 0.990511 0.113821 -0.701778 -0.0272345 0.711875 0.70822 -0.134706 0.693022 -1.01816 1.70386 -0.150437</i>
                        <i>0.0754564 0.98996 0.119522 -0.733151 -0.0261647 0.679562 0.675867 -0.138905 0.723816 -1.02705 1.67548 -0.123361</i>
                        <i>0.0754564 0.98996 0.119522 -0.733151 -0.0261647 0.679562 0.675867 -0.138905 0.723816 -1.02705 1.67548 -0.123361</i>
                        <i>0.0754564 0.98996 0.119522 -0.733151 -0.0261647 0.679562 0.675867 -0.138905 0.723816 -1.02705 1.67548 -0.123361</i>
                        <i>0.0754564 0.98996 0.119522 -0.733151 -0.0261647 0.679562 0.675867 -0.138905 0.723816 -1.02705 1.67548 -0.123361</i>
                        <i>0.0754564 0.98996 0.119522 -0.733151 -0.0261647 0.679562 0.675867 -0.138905 0.723816 -1.02705 1.67548 -0.123361</i>
                        <i>0.0754564 0.98996 0.119522 -0.733151 -0.0261647 0.679562 0.675867 -0.138905 0.723816 -1.02705 1.67548 -0.123361</i>
                        <i>0.0754564 0.98996 0.119522 -0.733151 -0.0261647 0.679562 0.675867 -0.138905 0.723816 -1.02705 1.67548 -0.123361</i>
                        <i>0.0754564 0.98996 0.119522 -0.733151 -0.0261647 0.679562 0.675867 -0.138905 0.723816 -1.02705 1.67548 -0.123361</i>
                        <i>0.0754564 0.98996 0.119522 -0.733151 -0.0261647 0.679562 0.675867 -0.138905 0.723816 -1.02705 1.67548 -0.123361</i>
                        <i>0.0754564 0.98996 0.119522 -0.733151 -0.0261647 0.679562 0.675867 -0.138905 0.723816 -1.02705 1.67548 -0.123361</i>
                        <i>0.0754564 0.98996 0.119522 -0.733151 -0.0261647 0.679562 0.675867 -0.138905 0.723816 -1.02705 1.67548 -0.123361</i>
                    </KeyFrames>
                </p>
            </i>
            <i>
                <p>
                    <Name><![CDATA[spine1]]></Name>
                    <Exclude>0</Exclude>
                    <Additive>0</Additive>
                    <IKPriority>0</IKPriority>
                    <IKRotLimits>-1e+010 -1e+010 -1e+010 1e+010 1e+010 1e+010</IKRotLimits>
                    <IKRotLimitOrder>0</IKRotLimitOrder>
                    <KeyFrames count="117">
                        <i>0.405958 0.830412 0.381595 -0.547009 -0.113703 0.829369 0.732106 -0.545424 0.408085 -1.01273 1.8644 -0.100639</i>
                        <i>0.405659 0.831918 0.378621 -0.53976 -0.116259 0.833753 0.737631 -0.542584 0.401874 -1.01371 1.86479 -0.0997847</i>
                        <i>0.407302 0.83379 0.372691 -0.52344 -0.121283 0.843386 0.748409 -0.538594 0.38704 -1.01555 1.86515 -0.0981029</i>
                        <i>0.408332 0.834738 0.369428 -0.514296 -0.123985 0.848603 0.754165 -0.536507 0.378676 -1.01654 1.86531 -0.0971853</i>
                        <i>0.404949 0.834977 0.372597 -0.524928 -0.121352 0.842451 0.748643 -0.536737 0.389162 -1.01626 1.8577 -0.0986221</i>
                        <i>0.400994 0.8343 0.378348 -0.542699 -0.116385 0.831825 0.738026 -0.538886 0.406104 -1.0151 1.84988 -0.100844</i>
                        <i>0.405958 0.830412 0.381595 -0.547009 -0.113703 0.829369 0.732106 -0.545424 0.408085 -1.01273 1.8644 -0.100639</i>
                        <i>0.421605 0.822289 0.382217 -0.533516 -0.115888 0.837813 0.733219 -0.557145 0.389846 -1.00994 1.90707 -0.096972</i>
                        <i>0.441929 0.811568 0.382173 -0.513195 -0.120696 0.849743 0.735751 -0.571656 0.363153 -1.00704 1.9631 -0.0918226</i>
                        <i>0.465039 0.799781 0.379591 -0.488796 -0.125533 0.863319 0.738117 -0.58702 0.332552 -1.00303 2.02427 -0.0865101</i>
                        <i>0.48892 0.78865 0.37281 -0.46301 -0.127591 0.877121 0.739309 -0.601458 0.302771 -0.997084 2.08245 -0.082266</i>
                        <i>0.511353 0.780073 0.360562 -0.4385 -0.12399 0.890137 0.739078 -0.61328 0.278659 -0.988553 2.12966 -0.0801639</i>
                        <i>0.532593 0.774199 0.341996 -0.413985 -0.114144 0.903099 0.738215 -0.622565 0.259715 -0.977191 2.16589 -0.0802014</i>
                        <i>0.553521 0.76967 0.318155 -0.387244 -0.100356 0.916499 0.73733 -0.630505 0.242501 -0.963746 2.1972 -0.0814184</i>
                        <i>0.572835 0.766204 0.29119 -0.359719 -0.0842194 0.929252 0.73652 -0.637055 0.227374 -0.949184 2.22467 -0.0833028</i>
                        <i>0.589614 0.763537 0.263375 -0.332998 -0.0672793 0.940524 0.735845 -0.64225 0.214587 -0.934404 2.2494 -0.0853878</i>
                        <i>0.603385 0.761419 0.236996 -0.308739 -0.0509647 0.949781 0.73526 -0.646253 0.204328 -0.920225 2.27247 -0.0872874</i>
                        <i>0.61409 0.7596 0.214248 -0.2886 -0.0365403 0.956752 0.734577 -0.649364 0.196782 -0.9074 2.29502 -0.088712</i>
                        <i>0.621915 0.75833 0.195339 -0.274209 -0.0227665 0.961401 0.733506 -0.651473 0.193782 -0.895096 2.31829 -0.0899091</i>
                        <i>0.626369 0.758363 0.180407 -0.266293 -0.00934429 0.963847 0.732632 -0.651765 0.196094 -0.883266 2.33951 -0.0909912</i>
                        <i>0.626701 0.760215 0.171228 -0.265043 0.00131272 0.964236 0.732802 -0.64967 0.202312 -0.873771 2.35383 -0.0916062</i>
                        <i>0.62216 0.764397 0.169159 -0.270504 0.00712783 0.962693 0.734673 -0.644707 0.211207 -0.868449 2.35638 -0.0914864</i>
                        <i>0.616858 0.768361 0.170607 -0.278454 0.0103025 0.960394 0.736172 -0.639934 0.220308 -0.865202 2.34681 -0.0941549</i>
                        <i>0.614114 0.770395 0.171336 -0.285477 0.0144441 0.958277 0.735777 -0.637403 0.2288 -0.861269 2.32988 -0.101462</i>
                        <i>0.611851 0.772165 0.171465 -0.292803 0.0197324 0.955969 0.734782 -0.635116 0.238166 -0.857502 2.30846 -0.110673</i>
                        <i>0.607885 0.775242 0.171685 -0.301855 0.0256389 0.953009 0.734411 -0.631144 0.249597 -0.854807 2.2854 -0.11898</i>
                        <i>0.599915 0.781062 0.173335 -0.314281 0.0308257 0.948829 0.735751 -0.623692 0.263966 -0.854142 2.26359 -0.12349</i>
                        <i>0.585465 0.790876 0.178174 -0.331883 0.0332981 0.942733 0.739652 -0.61107 0.281973 -0.856488 2.24597 -0.121246</i>
                        <i>0.561751 0.8057 0.187838 -0.356407 0.030787 0.933823 0.746599 -0.591523 0.304452 -0.862806 2.23544 -0.1093</i>
