<?xml version="1.0" encoding="ISO-8859-1" ?>
<Animl Version="1">
    <ModellingPackage><![CDATA[Maya.2010]]></ModellingPackage>
    <SrcFile><![CDATA[anims\turrets\machinegun\red\~src\mgun_nsv\mgun_nsv_idle_crewman_b.mb]]></SrcFile>
    <FramesPerSecond>30</FramesPerSecond>
    <TotalFrames>97</TotalFrames>
    <Skeleton>
        <RefFrame>
            <Name><![CDATA[soldier_ref_frame]]></Name>
            <Exclude>0</Exclude>
            <Additive>0</Additive>
            <IKPriority>0</IKPriority>
            <IKRotLimits>-1e+010 -1e+010 -1e+010 1e+010 1e+010 1e+010</IKRotLimits>
            <IKRotLimitOrder>0</IKRotLimitOrder>
            <KeyFrames count="97">
                <i>1 0 0 0 1 0 0 0 1 -1.43172 0.939675 -1.20933</i>
                <i>1 0 0 0 1 0 0 0 1 -1.43172 0.939675 -1.20933</i>
                <i>1 0 0 0 1 0 0 0 1 -1.43172 0.939675 -1.20933</i>
                <i>1 0 0 0 1 0 0 0 1 -1.43172 0.939675 -1.20933</i>
                <i>1 0 0 0 1 0 0 0 1 -1.43172 0.939675 -1.20933</i>
                <i>1 0 0 0 1 0 0 0 1 -1.43172 0.939675 -1.20933</i>
                <i>1 0 0 0 1 0 0 0 1 -1.43172 0.939675 -1.20933</i>
                <i>1 0 0 0 1 0 0 0 1 -1.43172 0.939675 -1.20933</i>
                <i>1 0 0 0 1 0 0 0 1 -1.43172 0.939675 -1.20933</i>
                <i>1 0 0 0 1 0 0 0 1 -1.43172 0.939675 -1.20933</i>
                <i>1 0 0 0 1 0 0 0 1 -1.43172 0.939675 -1.20933</i>
                <i>1 0 0 0 1 0 0 0 1 -1.43172 0.939675 -1.20933</i>
                <i>1 0 0 0 1 0 0 0 1 -1.43172 0.939675 -1.20933</i>
                <i>1 0 0 0 1 0 0 0 1 -1.43172 0.939675 -1.20933</i>
                <i>1 0 0 0 1 0 0 0 1 -1.43172 0.939675 -1.20933</i>
                <i>1 0 0 0 1 0 0 0 1 -1.43172 0.939675 -1.20933</i>
                <i>1 0 0 0 1 0 0 0 1 -1.43172 0.939675 -1.20933</i>
                <i>1 0 0 0 1 0 0 0 1 -1.43172 0.939675 -1.20933</i>
                <i>1 0 0 0 1 0 0 0 1 -1.43172 0.939675 -1.20933</i>
                <i>1 0 0 0 1 0 0 0 1 -1.43172 0.939675 -1.20933</i>
                <i>1 0 0 0 1 0 0 0 1 -1.43172 0.939675 -1.20933</i>
                <i>1 0 0 0 1 0 0 0 1 -1.43172 0.939675 -1.20933</i>
                <i>1 0 0 0 1 0 0 0 1 -1.43172 0.939675 -1.20933</i>
                <i>1 0 0 0 1 0 0 0 1 -1.43172 0.939675 -1.20933</i>
                <i>1 0 0 0 1 0 0 0 1 -1.43172 0.939675 -1.20933</i>
                <i>1 0 0 0 1 0 0 0 1 -1.43172 0.939675 -1.20933</i>
                <i>1 0 0 0 1 0 0 0 1 -1.43172 0.939675 -1.20933</i>
                <i>1 0 0 0 1 0 0 0 1 -1.43172 0.939675 -1.20933</i>
                <i>1 0 0 0 1 0 0 0 1 -1.43172 0.939675 -1.20933</i>
                <i>1 0 0 0 1 0 0 0 1 -1.43172 0.939675 -1.20933</i>
                <i>1 0 0 0 1 0 0 0 1 -1.43172 0.939675 -1.20933</i>
                <i>1 0 0 0 1 0 0 0 1 -1.43172 0.939675 -1.20933</i>
                <i>1 0 0 0 1 0 0 0 1 -1.43172 0.939675 -1.20933</i>
                <i>1 0 0 0 1 0 0 0 1 -1.43172 0.939675 -1.20933</i>
                <i>1 0 0 0 1 0 0 0 1 -1.43172 0.939675 -1.20933</i>
                <i>1 0 0 0 1 0 0 0 1 -1.43172 0.939675 -1.20933</i>
                <i>1 0 0 0 1 0 0 0 1 -1.43172 0.939675 -1.20933</i>
                <i>1 0 0 0 1 0 0 0 1 -1.43172 0.939675 -1.20933</i>
                <i>1 0 0 0 1 0 0 0 1 -1.43172 0.939675 -1.20933</i>
                <i>1 0 0 0 1 0 0 0 1 -1.43172 0.939675 -1.20933</i>
                <i>1 0 0 0 1 0 0 0 1 -1.43172 0.939675 -1.20933</i>
                <i>1 0 0 0 1 0 0 0 1 -1.43172 0.939675 -1.20933</i>
                <i>1 0 0 0 1 0 0 0 1 -1.43172 0.939675 -1.20933</i>
                <i>1 0 0 0 1 0 0 0 1 -1.43172 0.939675 -1.20933</i>
                <i>1 0 0 0 1 0 0 0 1 -1.43172 0.939675 -1.20933</i>
                <i>1 0 0 0 1 0 0 0 1 -1.43172 0.939675 -1.20933</i>
                <i>1 0 0 0 1 0 0 0 1 -1.43172 0.939675 -1.20933</i>
                <i>1 0 0 0 1 0 0 0 1 -1.43172 0.939675 -1.20933</i>
                <i>1 0 0 0 1 0 0 0 1 -1.43172 0.939675 -1.20933</i>
                <i>1 0 0 0 1 0 0 0 1 -1.43172 0.939675 -1.20933</i>
                <i>1 0 0 0 1 0 0 0 1 -1.43172 0.939675 -1.20933</i>
                <i>1 0 0 0 1 0 0 0 1 -1.43172 0.939675 -1.20933</i>
                <i>1 0 0 0 1 0 0 0 1 -1.43172 0.939675 -1.20933</i>
                <i>1 0 0 0 1 0 0 0 1 -1.43172 0.939675 -1.20933</i>
                <i>1 0 0 0 1 0 0 0 1 -1.43172 0.939675 -1.20933</i>
                <i>1 0 0 0 1 0 0 0 1 -1.43172 0.939675 -1.20933</i>
                <i>1 0 0 0 1 0 0 0 1 -1.43172 0.939675 -1.20933</i>
                <i>1 0 0 0 1 0 0 0 1 -1.43172 0.939675 -1.20933</i>
                <i>1 0 0 0 1 0 0 0 1 -1.43172 0.939675 -1.20933</i>
                <i>1 0 0 0 1 0 0 0 1 -1.43172 0.939675 -1.20933</i>
                <i>1 0 0 0 1 0 0 0 1 -1.43172 0.939675 -1.20933</i>
                <i>1 0 0 0 1 0 0 0 1 -1.43172 0.939675 -1.20933</i>
                <i>1 0 0 0 1 0 0 0 1 -1.43172 0.939675 -1.20933</i>
                <i>1 0 0 0 1 0 0 0 1 -1.43172 0.939675 -1.20933</i>
                <i>1 0 0 0 1 0 0 0 1 -1.43172 0.939675 -1.20933</i>
                <i>1 0 0 0 1 0 0 0 1 -1.43172 0.939675 -1.20933</i>
                <i>1 0 0 0 1 0 0 0 1 -1.43172 0.939675 -1.20933</i>
                <i>1 0 0 0 1 0 0 0 1 -1.43172 0.939675 -1.20933</i>
                <i>1 0 0 0 1 0 0 0 1 -1.43172 0.939675 -1.20933</i>
                <i>1 0 0 0 1 0 0 0 1 -1.43172 0.939675 -1.20933</i>
                <i>1 0 0 0 1 0 0 0 1 -1.43172 0.939675 -1.20933</i>
                <i>1 0 0 0 1 0 0 0 1 -1.43172 0.939675 -1.20933</i>
                <i>1 0 0 0 1 0 0 0 1 -1.43172 0.939675 -1.20933</i>
                <i>1 0 0 0 1 0 0 0 1 -1.43172 0.939675 -1.20933</i>
                <i>1 0 0 0 1 0 0 0 1 -1.43172 0.939675 -1.20933</i>
                <i>1 0 0 0 1 0 0 0 1 -1.43172 0.939675 -1.20933</i>
                <i>1 0 0 0 1 0 0 0 1 -1.43172 0.939675 -1.20933</i>
                <i>1 0 0 0 1 0 0 0 1 -1.43172 0.939675 -1.20933</i>
                <i>1 0 0 0 1 0 0 0 1 -1.43172 0.939675 -1.20933</i>
                <i>1 0 0 0 1 0 0 0 1 -1.43172 0.939675 -1.20933</i>
                <i>1 0 0 0 1 0 0 0 1 -1.43172 0.939675 -1.20933</i>
                <i>1 0 0 0 1 0 0 0 1 -1.43172 0.939675 -1.20933</i>
                <i>1 0 0 0 1 0 0 0 1 -1.43172 0.939675 -1.20933</i>
                <i>1 0 0 0 1 0 0 0 1 -1.43172 0.939675 -1.20933</i>
                <i>1 0 0 0 1 0 0 0 1 -1.43172 0.939675 -1.20933</i>
                <i>1 0 0 0 1 0 0 0 1 -1.43172 0.939675 -1.20933</i>
                <i>1 0 0 0 1 0 0 0 1 -1.43172 0.939675 -1.20933</i>
                <i>1 0 0 0 1 0 0 0 1 -1.43172 0.939675 -1.20933</i>
                <i>1 0 0 0 1 0 0 0 1 -1.43172 0.939675 -1.20933</i>
                <i>1 0 0 0 1 0 0 0 1 -1.43172 0.939675 -1.20933</i>
                <i>1 0 0 0 1 0 0 0 1 -1.43172 0.939675 -1.20933</i>
                <i>1 0 0 0 1 0 0 0 1 -1.43172 0.939675 -1.20933</i>
                <i>1 0 0 0 1 0 0 0 1 -1.43172 0.939675 -1.20933</i>
                <i>1 0 0 0 1 0 0 0 1 -1.43172 0.939675 -1.20933</i>
                <i>1 0 0 0 1 0 0 0 1 -1.43172 0.939675 -1.20933</i>
                <i>1 0 0 0 1 0 0 0 1 -1.43172 0.939675 -1.20933</i>
                <i>1 0 0 0 1 0 0 0 1 -1.43172 0.939675 -1.20933</i>
            </KeyFrames>
        </RefFrame>
        <Bones count="23">
            <i>
                <p>
                    <Name><![CDATA[pelvis]]></Name>
                    <Exclude>0</Exclude>
                    <Additive>0</Additive>
                    <IKPriority>0</IKPriority>
                    <IKRotLimits>-1e+010 -1e+010 -1e+010 1e+010 1e+010 1e+010</IKRotLimits>
                    <IKRotLimitOrder>2</IKRotLimitOrder>
                    <KeyFrames count="97">
                        <i>1 0 0 0 1 0 0 0 1 -1.44143 1.52397 -0.962757</i>
                        <i>1 0 0 0 1 0 0 0 1 -1.44176 1.52466 -0.962754</i>
                        <i>1 0 0 0 1 0 0 0 1 -1.44192 1.525 -0.962744</i>
                        <i>1 0 0 0 1 0 0 0 1 -1.44203 1.52523 -0.962727</i>
                        <i>1 0 0 0 1 0 0 0 1 -1.44211 1.52541 -0.962706</i>
                        <i>1 0 0 0 1 0 0 0 1 -1.44218 1.52556 -0.96268</i>
                        <i>1 0 0 0 1 0 0 0 1 -1.44224 1.52567 -0.96265</i>
                        <i>1 0 0 0 1 0 0 0 1 -1.44229 1.52577 -0.962617</i>
                        <i>1 0 0 0 1 0 0 0 1 -1.44234 1.52586 -0.962581</i>
                        <i>1 0 0 0 1 0 0 0 1 -1.44237 1.52593 -0.962543</i>
                        <i>1 0 0 0 1 0 0 0 1 -1.44241 1.52599 -0.962503</i>
                        <i>1 0 0 0 1 0 0 0 1 -1.44243 1.52604 -0.962462</i>
                        <i>1 0 0 0 1 0 0 0 1 -1.44246 1.52609 -0.96242</i>
                        <i>1 0 0 0 1 0 0 0 1 -1.44248 1.52612 -0.962378</i>
                        <i>1 0 0 0 1 0 0 0 1 -1.4425 1.52616 -0.962336</i>
                        <i>1 0 0 0 1 0 0 0 1 -1.44251 1.52618 -0.962294</i>
                        <i>1 0 0 0 1 0 0 0 1 -1.44253 1.52621 -0.962254</i>
                        <i>1 0 0 0 1 0 0 0 1 -1.44254 1.52623 -0.962215</i>
                        <i>1 0 0 0 1 0 0 0 1 -1.44255 1.52624 -0.962179</i>
                        <i>1 0 0 0 1 0 0 0 1 -1.44256 1.52626 -0.962144</i>
                        <i>1 0 0 0 1 0 0 0 1 -1.44256 1.52627 -0.962113</i>
                        <i>1 0 0 0 1 0 0 0 1 -1.44257 1.52628 -0.962086</i>
                        <i>1 0 0 0 1 0 0 0 1 -1.44258 1.52628 -0.962062</i>
                        <i>1 0 0 0 1 0 0 0 1 -1.44258 1.52629 -0.962043</i>
                        <i>1 0 0 0 1 0 0 0 1 -1.44258 1.5263 -0.962029</i>
                        <i>1 0 0 0 1 0 0 0 1 -1.44258 1.5263 -0.962018</i>
                        <i>1 0 0 0 1 0 0 0 1 -1.44259 1.5263 -0.962007</i>
                        <i>1 0 0 0 1 0 0 0 1 -1.44259 1.5263 -0.961998</i>
                        <i>1 0 0 0 1 0 0 0 1 -1.44259 1.5263 -0.961989</i>
                        <i>1 0 0 0 1 0 0 0 1 -1.44259 1.5263 -0.96198</i>
                        <i>1 0 0 0 1 0 0 0 1 -1.44259 1.5263 -0.961972</i>
                        <i>1 0 0 0 1 0 0 0 1 -1.44258 1.52629 -0.961965</i>
                        <i>1 0 0 0 1 0 0 0 1 -1.44258 1.52629 -0.961958</i>
                        <i>1 0 0 0 1 0 0 0 1 -1.44258 1.52628 -0.961952</i>
                        <i>1 0 0 0 1 0 0 0 1 -1.44258 1.52628 -0.961946</i>
                        <i>1 0 0 0 1 0 0 0 1 -1.44257 1.52627 -0.961941</i>
                        <i>1 0 0 0 1 0 0 0 1 -1.44257 1.52626 -0.961937</i>
                        <i>1 0 0 0 1 0 0 0 1 -1.44256 1.52625 -0.961933</i>
                        <i>1 0 0 0 1 0 0 0 1 -1.44256 1.52624 -0.96193</i>
                        <i>1 0 0 0 1 0 0 0 1 -1.44255 1.52623 -0.961927</i>
                        <i>1 0 0 0 1 0 0 0 1 -1.44255 1.52622 -0.961925</i>
                        <i>1 0 0 0 1 0 0 0 1 -1.44254 1.5262 -0.961923</i>
                        <i>1 0 0 0 1 0 0 0 1 -1.44254 1.52619 -0.961922</i>
                        <i>1 0 0 0 1 0 0 0 1 -1.44253 1.52618 -0.961922</i>
                        <i>1 0 0 0 1 0 0 0 1 -1.44253 1.52617 -0.961922</i>
                        <i>1 0 0 0 1 0 0 0 1 -1.44252 1.52615 -0.961922</i>
                        <i>1 0 0 0 1 0 0 0 1 -1.44251 1.52614 -0.961923</i>
                        <i>1 0 0 0 1 0 0 0 1 -1.44251 1.52613 -0.961924</i>
                        <i>1 0 0 0 1 0 0 0 1 -1.4425 1.52612 -0.961926</i>
                        <i>1 0 0 0 1 0 0 0 1 -1.4425 1.5261 -0.961929</i>
                        <i>1 0 0 0 1 0 0 0 1 -1.44249 1.52609 -0.961932</i>
                        <i>1 0 0 0 1 0 0 0 1 -1.44248 1.52608 -0.961935</i>
                        <i>1 0 0 0 1 0 0 0 1 -1.44248 1.52606 -0.961939</i>
                        <i>1 0 0 0 1 0 0 0 1 -1.44247 1.52605 -0.961943</i>
                        <i>1 0 0 0 1 0 0 0 1 -1.44247 1.52604 -0.961948</i>
                        <i>1 0 0 0 1 0 0 0 1 -1.44246 1.52603 -0.961953</i>
                        <i>1 0 0 0 1 0 0 0 1 -1.44245 1.52602 -0.961959</i>
                        <i>1 0 0 0 1 0 0 0 1 -1.44245 1.52601 -0.961965</i>
                        <i>1 0 0 0 1 0 0 0 1 -1.44244 1.526 -0.961972</i>
                        <i>1 0 0 0 1 0 0 0 1 -1.44244 1.52599 -0.961979</i>
                        <i>1 0 0 0 1 0 0 0 1 -1.44244 1.52598 -0.961986</i>
                        <i>1 0 0 0 1 0 0 0 1 -1.44243 1.52597 -0.961994</i>
                        <i>1 0 0 0 1 0 0 0 1 -1.44243 1.52597 -0.962002</i>
                        <i>1 0 0 0 1 0 0 0 1 -1.44243 1.52596 -0.962011</i>
                        <i>1 0 0 0 1 0 0 0 1 -1.44243 1.52596 -0.96202</i>
                        <i>1 0 0 0 1 0 0 0 1 -1.44243 1.52596 -0.962029</i>
                        <i>1 0 0 0 1 0 0 0 1 -1.44243 1.52596 -0.962039</i>
                        <i>1 0 0 0 1 0 0 0 1 -1.44242 1.52596 -0.96205</i>
                        <i>1 0 0 0 1 0 0 0 1 -1.44242 1.52595 -0.962063</i>
                        <i>1 0 0 0 1 0 0 0 1 -1.44241 1.52593 -0.962078</i>
                        <i>1 0 0 0 1 0 0 0 1 -1.4424 1.5259 -0.962095</i>
                        <i>1 0 0 0 1 0 0 0 1 -1.44238 1.52587 -0.962113</i>
                        <i>1 0 0 0 1 0 0 0 1 -1.44236 1.52583 -0.962133</i>
                        <i>1 0 0 0 1 0 0 0 1 -1.44233 1.52578 -0.962155</i>
                        <i>1 0 0 0 1 0 0 0 1 -1.44231 1.52573 -0.962177</i>
                        <i>1 0 0 0 1 0 0 0 1 -1.44228 1.52567 -0.962201</i>
                        <i>1 0 0 0 1 0 0 0 1 -1.44225 1.52561 -0.962226</i>
                        <i>1 0 0 0 1 0 0 0 1 -1.44221 1.52554 -0.962251</i>
                        <i>1 0 0 0 1 0 0 0 1 -1.44218 1.52547 -0.962278</i>
                        <i>1 0 0 0 1 0 0 0 1 -1.44214 1.52539 -0.962305</i>
                        <i>1 0 0 0 1 0 0 0 1 -1.4421 1.52531 -0.962332</i>
                        <i>1 0 0 0 1 0 0 0 1 -1.44206 1.52523 -0.96236</i>
                        <i>1 0 0 0 1 0 0 0 1 -1.44202 1.52514 -0.962389</i>
                        <i>1 0 0 0 1 0 0 0 1 -1.44198 1.52506 -0.962417</i>
                        <i>1 0 0 0 1 0 0 0 1 -1.44193 1.52497 -0.962445</i>
                        <i>1 0 0 0 1 0 0 0 1 -1.44189 1.52488 -0.962474</i>
                        <i>1 0 0 0 1 0 0 0 1 -1.44184 1.52479 -0.962502</i>
                        <i>1 0 0 0 1 0 0 0 1 -1.4418 1.5247 -0.96253</i>
                        <i>1 0 0 0 1 0 0 0 1 -1.44175 1.52461 -0.962557</i>
                        <i>1 0 0 0 1 0 0 0 1 -1.44171 1.52452 -0.962585</i>
                        <i>1 0 0 0 1 0 0 0 1 -1.44167 1.52444 -0.962611</i>
                        <i>1 0 0 0 1 0 0 0 1 -1.44162 1.52435 -0.962638</i>
                        <i>1 0 0 0 1 0 0 0 1 -1.44158 1.52427 -0.962663</i>
                        <i>1 0 0 0 1 0 0 0 1 -1.44154 1.52419 -0.962688</i>
                        <i>1 0 0 0 1 0 0 0 1 -1.4415 1.52411 -0.962712</i>
                        <i>1 0 0 0 1 0 0 0 1 -1.44147 1.52404 -0.962735</i>
                        <i>1 0 0 0 1 0 0 0 1 -1.44143 1.52397 -0.962757</i>
                    </KeyFrames>
                </p>
            </i>
            <i>
                <p>
                    <Name><![CDATA[spine0]]></Name>
                    <Exclude>0</Exclude>
                    <Additive>0</Additive>
                    <IKPriority>0</IKPriority>
                    <IKRotLimits>-1e+010 -1e+010 -1e+010 1e+010 1e+010 1e+010</IKRotLimits>
                    <IKRotLimitOrder>0</IKRotLimitOrder>
                    <KeyFrames count="97">
                        <i>-0.00816842 0.973645 0.227921 -0.999958 -0.00892723 0.00229853 0.00427266 -0.227893 0.973677 -1.45928 1.65243 -1.02501</i>
                        <i>-0.00756335 0.97382 0.227194 -0.999961 -0.00837846 0.00262356 0.00445842 -0.227166 0.973846 -1.45965 1.65313 -1.02499</i>
                        <i>-0.00729005 0.973924 0.226759 -0.999959 -0.00832276 0.00359843 0.00539186 -0.226724 0.973944 -1.4599 1.65346 -1.02495</i>
                        <i>-0.00714199 0.974058 0.226186 -0.99995 -0.00852425 0.00513505 0.0069299 -0.226138 0.974071 -1.46017 1.65369 -1.0249</i>
                        <i>-0.0071271 0.974322 0.225045 -0.999934 -0.00896898 0.00716323 0.00899772 -0.224979 0.974322 -1.46045 1.65387 -1.02483</i>
                        <i>-0.00731035 0.974812 0.222909 -0.999907 -0.00969918 0.0096237 0.0115433 -0.222817 0.974792 -1.46075 1.654 -1.02475</i>
                        <i>-0.00682063 0.975494 0.219919 -0.999876 -0.00977648 0.012355 0.0142023 -0.219808 0.97544 -1.46108 1.65411 -1.02466</i>
                        <i>-0.00585816 0.976242 0.216603 -0.999838 -0.00939985 0.0153244 0.0169964 -0.216478 0.97614 -1.46142 1.6542 -1.02456</i>
                        <i>-0.00484306 0.977036 0.213021 -0.999788 -0.00899533 0.0185274 0.0200181 -0.212886 0.976872 -1.46178 1.65427 -1.02445</i>
                        <i>-0.00387334 0.97786 0.209225 -0.999722 -0.00865114 0.0219254 0.02325 -0.209082 0.977622 -1.46215 1.65433 -1.02434</i>
                        <i>-0.00298906 0.978702 0.205265 -0.99964 -0.00839613 0.025476 0.0266568 -0.205115 0.978375 -1.46253 1.65437 -1.02422</i>
                        <i>-0.0022088 0.97955 0.20119 -0.999542 -0.0082382 0.0291363 0.0301979 -0.201033 0.979119 -1.46292 1.65441 -1.02409</i>
                        <i>-0.00154011 0.980392 0.19705 -0.999426 -0.0081754 0.0328641 0.0338307 -0.196886 0.979842 -1.4633 1.65444 -1.02397</i>
                        <i>-0.000983713 0.981219 0.192893 -0.999296 -0.00820029 0.0366175 0.0375116 -0.192721 0.980536 -1.46369 1.65445 -1.02384</i>
                        <i>-0.000535412 0.982022 0.188767 -0.999151 -0.00830196 0.0403553 0.0411969 -0.188585 0.981192 -1.46407 1.65447 -1.02371</i>
                        <i>-0.000187461 0.982791 0.184719 -0.998994 -0.00846735 0.0440364 0.0448426 -0.184525 0.981804 -1.46444 1.65448 -1.02358</i>
                        <i>7.07419e-005 0.983521 0.180796 -0.998828 -0.00868187 0.0476197 0.0484046 -0.180588 0.982367 -1.46479 1.65448 -1.02346</i>
                        <i>0.000251827 0.984203 0.177043 -0.998655 -0.0089301 0.051064 0.0518384 -0.176818 0.982878 -1.46514 1.65448 -1.02334</i>
                        <i>0.000369889 0.984833 0.173505 -0.998481 -0.00919626 0.0543275 0.0550992 -0.173262 0.983333 -1.46546 1.65448 -1.02323</i>
                        <i>0.000439561 0.985405 0.170227 -0.998308 -0.00946488 0.0573678 0.0581417 -0.169964 0.983734 -1.46576 1.65447 -1.02312</i>
                        <i>0.000475218 0.985914 0.167253 -0.998143 -0.00972144 0.0601413 0.06092 -0.166971 0.984078 -1.46603 1.65447 -1.02302</i>
                        <i>0.000489526 0.986355 0.164629 -0.997989 -0.00995355 0.0626031 0.0633876 -0.164328 0.984367 -1.46627 1.65446 -1.02293</i>
                        <i>0.000491673 0.986725 0.162399 -0.997853 -0.0101525 0.0647072 0.065497 -0.162082 0.984601 -1.46647 1.65446 -1.02286</i>
                        <i>0.000484153 0.987018 0.160612 -0.997739 -0.0103164 0.0664056 0.0672004 -0.160281 0.984781 -1.46664 1.65446 -1.0228</i>
                        <i>0.000457597 0.987227 0.159318 -0.997654 -0.0104547 0.0676489 0.0684504 -0.158975 0.984907 -1.46676 1.65445 -1.02275</i>
                        <i>0.000411234 0.987388 0.158316 -0.997587 -0.0105873 0.0686223 0.069433 -0.157962 0.985001 -1.46685 1.65445 -1.02272</i>
                        <i>0.000360886 0.98754 0.157367 -0.997521 -0.0107176 0.0695449 0.070365 -0.157002 0.985088 -1.46694 1.65445 -1.02268</i>
                        <i>0.000307495 0.987682 0.156473 -0.997459 -0.0108452 0.0704168 0.0712464 -0.156097 0.985169 -1.46703 1.65444 -1.02265</i>
                        <i>0.000251883 0.987815 0.155631 -0.997399 -0.0109693 0.0712382 0.0720774 -0.155244 0.985243 -1.4671 1.65444 -1.02262</i>
                        <i>0.000194814 0.987939 0.154841 -0.997342 -0.0110895 0.0720095 0.0728581 -0.154444 0.985312 -1.46718 1.65443 -1.02259</i>
                        <i>0.000137044 0.988055 0.154104 -0.997289 -0.0112053 0.0727307 0.0735887 -0.153696 0.985374 -1.46724 1.65443 -1.02257</i>
                        <i>7.92228e-005 0.988161 0.153419 -0.997238 -0.0113163 0.0734023 0.0742694 -0.153001 0.985431 -1.4673 1.65442 -1.02254</i>
                        <i>2.19645e-005 0.988259 0.152785 -0.997191 -0.011422 0.0740244 0.0749004 -0.152357 0.985483 -1.46736 1.65441 -1.02252</i>
                        <i>-3.41675e-005 0.988349 0.152202 -0.997147 -0.0115222 0.0745973 0.0754819 -0.151765 0.98553 -1.46741 1.6544 -1.0225</i>
                        <i>-8.86585e-005 0.988431 0.151669 -0.997107 -0.0116164 0.0751212 0.076014 -0.151224 0.985573 -1.46746 1.65439 -1.02248</i>
                        <i>-0.000141023 0.988505 0.151187 -0.99707 -0.0117044 0.0755964 0.076497 -0.150734 0.98561 -1.4675 1.65438 -1.02247</i>
                        <i>-0.000190872 0.988571 0.150755 -0.997036 -0.0117859 0.0760232 0.0769311 -0.150294 0.985644 -1.46753 1.65436 -1.02245</i>
                        <i>-0.000237826 0.988629 0.150372 -0.997007 -0.0118607 0.0764018 0.0773165 -0.149904 0.985673 -1.46757 1.65435 -1.02244</i>
                        <i>-0.000281581 0.98868 0.150038 -0.99698 -0.0119285 0.0767324 0.0776536 -0.149563 0.985698 -1.46759 1.65434 -1.02243</i>
                        <i>-0.000321784 0.988723 0.149753 -0.996958 -0.0119893 0.0770154 0.0779424 -0.149273 0.985719 -1.46761 1.65433 -1.02242</i>
                        <i>-0.000358226 0.988759 0.149516 -0.996939 -0.0120428 0.0772511 0.0781833 -0.149031 0.985737 -1.46763 1.65431 -1.02241</i>
                        <i>-0.000390646 0.988788 0.149328 -0.996924 -0.0120889 0.0774396 0.0783765 -0.148838 0.985751 -1.46764 1.6543 -1.0224</i>
                        <i>-0.000418926 0.988809 0.149187 -0.996912 -0.0121274 0.0775813 0.0785223 -0.148693 0.985761 -1.46765 1.65429 -1.0224</i>
                        <i>-0.000442873 0.988823 0.149093 -0.996904 -0.0121584 0.0776764 0.0786209 -0.148597 0.985768 -1.46765 1.65428 -1.02239</i>
                        <i>-0.000462399 0.98883 0.149046 -0.9969 -0.0121817 0.0777252 0.0786726 -0.148548 0.985771 -1.46765 1.65426 -1.02239</i>
                        <i>-0.000477392 0.98883 0.149046 -0.9969 -0.0121972 0.077728 0.0786777 -0.148547 0.985771 -1.46764 1.65425 -1.02239</i>
                        <i>-0.000487858 0.988823 0.149092 -0.996903 -0.012205 0.0776851 0.0786365 -0.148593 0.985767 -1.46763 1.65424 -1.02239</i>
                        <i>-0.000493693 0.988809 0.149185 -0.99691 -0.012205 0.0775967 0.0785491 -0.148686 0.98576 -1.46762 1.65422 -1.0224</i>
                        <i>-0.000494938 0.988788 0.149323 -0.996921 -0.0121972 0.0774631 0.078416 -0.148825 0.985749 -1.4676 1.65421 -1.0224</i>
                        <i>-0.000491648 0.988761 0.149507 -0.996935 -0.0121816 0.0772847 0.0782373 -0.14901 0.985736 -1.46758 1.6542 -1.02241</i>
                        <i>-0.000483844 0.988726 0.149736 -0.996952 -0.0121583 0.0770617 0.0780134 -0.149242 0.985718 -1.46755 1.65419 -1.02242</i>
                        <i>-0.000471628 0.988684 0.150009 -0.996973 -0.0121273 0.0767943 0.0777445 -0.149519 0.985698 -1.46752 1.65418 -1.02243</i>
                        <i>-0.000455066 0.988636 0.150327 -0.996998 -0.0120885 0.0764829 0.077431 -0.149841 0.985673 -1.46748 1.65417 -1.02244</i>
                        <i>-0.0004343 0.988581 0.15069 -0.997025 -0.0120422 0.0761278 0.0770731 -0.150209 0.985646 -1.46744 1.65416 -1.02246</i>
                        <i>-0.000409472 0.988519 0.151097 -0.997056 -0.0119883 0.0757292 0.0766711 -0.150621 0.985614 -1.4674 1.65415 -1.02247</i>
                        <i>-0.000380707 0.98845 0.151547 -0.997091 -0.0119269 0.0752874 0.0762253 -0.151077 0.985579 -1.46735 1.65414 -1.02249</i>
                        <i>-0.000348216 0.988374 0.152041 -0.997128 -0.0118582 0.0748027 0.075736 -0.151578 0.985539 -1.4673 1.65413 -1.02251</i>
                        <i>-0.000312171 0.988291 0.152578 -0.997168 -0.011782 0.0742755 0.0752035 -0.152123 0.985496 -1.46725 1.65412 -1.02253</i>
                        <i>-0.000272754 0.988202 0.153158 -0.997211 -0.0116987 0.0737059 0.0746281 -0.152711 0.985449 -1.46719 1.65412 -1.02255</i>
                        <i>-0.000230178 0.988105 0.153781 -0.997257 -0.0116082 0.0730944 0.07401 -0.153343 0.985398 -1.46712 1.65411 -1.02257</i>
                        <i>-0.000184696 0.988001 0.154447 -0.997306 -0.0115106 0.0724411 0.0733496 -0.154017 0.985342 -1.46706 1.65411 -1.02259</i>
                        <i>-0.000136479 0.98789 0.155155 -0.997358 -0.011406 0.0717464 0.0726472 -0.154735 0.985281 -1.46699 1.65411 -1.02262</i>
                        <i>-8.57514e-005 0.987772 0.155905 -0.997412 -0.0112945 0.0710105 0.0719031 -0.155495 0.985216 -1.46692 1.65411 -1.02264</i>
                        <i>-3.27541e-005 0.987647 0.156696 -0.997468 -0.0111761 0.0702338 0.0711175 -0.156297 0.985146 -1.46684 1.65411 -1.02267</i>
                        <i>2.22984e-005 0.987514 0.15753 -0.997527 -0.0110509 0.0694166 0.0702907 -0.157142 0.985071 -1.46676 1.65411 -1.0227</i>
                        <i>7.9239e-005 0.987374 0.158404 -0.997587 -0.0109189 0.068559 0.069423 -0.158028 0.984991 -1.46668 1.65411 -1.02273</i>
                        <i>0.000137887 0.987227 0.15932 -0.99765 -0.01078 0.0676615 0.0685148 -0.158955 0.984906 -1.4666 1.65412 -1.02277</i>
                        <i>0.000195965 0.987061 0.160343 -0.997719 -0.0106306 0.0666602 0.0675023 -0.159991 0.984808 -1.4665 1.65412 -1.0228</i>
                        <i>0.000249782 0.986867 0.161534 -0.997798 -0.0104682 0.0654969 0.0663277 -0.161194 0.984691 -1.46639 1.65412 -1.02284</i>
                        <i>0.000296661 0.986645 0.162883 -0.997885 -0.0102953 0.0641802 0.065 -0.162557 0.984556 -1.46625 1.65411 -1.02289</i>
                        <i>0.000333949 0.986397 0.164383 -0.99798 -0.0101142 0.0627188 0.0635282 -0.164072 0.984401 -1.4661 1.65409 -1.02294</i>
                        <i>0.000358816 0.986121 0.166025 -0.998081 -0.00992736 0.0611214 0.0619213 -0.165729 0.984225 -1.46593 1.65407 -1.023</i>
                        <i>0.000368354 0.985821 0.167802 -0.998187 -0.00973726 0.0593967 0.0601884 -0.16752 0.98403 -1.46575 1.65403 -1.02307</i>
                        <i>0.000359738 0.985495 0.169704 -0.998297 -0.00954639 0.0575534 0.0583386 -0.169436 0.983813 -1.46555 1.654 -1.02313</i>
                        <i>0.000330176 0.985145 0.171724 -0.998409 -0.0093572 0.0556001 0.0563811 -0.171469 0.983575 -1.46533 1.65396 -1.0232</i>
                        <i>0.000276917 0.984772 0.173852 -0.998523 -0.00917218 0.0535457 0.0543249 -0.17361 0.983315 -1.46511 1.65391 -1.02328</i>
                        <i>0.000197434 0.984376 0.17608 -0.998638 -0.00899364 0.0513987 0.0521793 -0.17585 0.983033 -1.46487 1.65386 -1.02335</i>
                        <i>8.93715e-005 0.983958 0.1784 -0.998752 -0.00882384 0.0491679 0.0499534 -0.178181 0.982729 -1.46462 1.6538 -1.02343</i>
                        <i>-4.94226e-005 0.983519 0.180802 -0.998864 -0.00866493 0.046862 0.0476563 -0.180595 0.982402 -1.46437 1.65374 -1.02352</i>
                        <i>-0.000220859 0.983061 0.183279 -0.998974 -0.00851895 0.0444896 0.0452973 -0.183081 0.982054 -1.4641 1.65367 -1.0236</i>
                        <i>-0.000426503 0.982584 0.185821 -0.99908 -0.00838771 0.0420594 0.0428854 -0.185632 0.981683 -1.46383 1.65361 -1.02368</i>
                        <i>-0.000667621 0.982088 0.188419 -0.999182 -0.00827288 0.03958 0.0404298 -0.188239 0.981291 -1.46355 1.65354 -1.02377</i>
                        <i>-0.000945143 0.981577 0.191065 -0.99928 -0.00817595 0.03706 0.0379394 -0.190892 0.980878 -1.46326 1.65346 -1.02386</i>
                        <i>-0.00125963 0.98105 0.193748 -0.999372 -0.00809819 0.0345081 0.0354232 -0.193583 0.980444 -1.46297 1.65339 -1.02395</i>
                        <i>-0.00161114 0.98051 0.196461 -0.999458 -0.00804055 0.0319329 0.0328902 -0.196303 0.979991 -1.46268 1.65331 -1.02403</i>
                        <i>-0.00199946 0.979958 0.199194 -0.999537 -0.00800387 0.0293429 0.0303492 -0.199043 0.979521 -1.46238 1.65324 -1.02412</i>
                        <i>-0.00242385 0.979396 0.201937 -0.99961 -0.00798866 0.0267467 0.0278088 -0.201794 0.979033 -1.46209 1.65316 -1.02421</i>
                        <i>-0.00288314 0.978824 0.204682 -0.999676 -0.00799514 0.0241527 0.0252777 -0.204546 0.978531 -1.46179 1.65308 -1.0243</i>
                        <i>-0.00337569 0.978246 0.207419 -0.999735 -0.00802326 0.0215695 0.0227645 -0.207291 0.978014 -1.46149 1.653 -1.02438</i>
                        <i>-0.00389945 0.977664 0.210139 -0.999787 -0.00807273 0.0190055 0.0202774 -0.21002 0.977487 -1.4612 1.65292 -1.02447</i>
                        <i>-0.00445183 0.977079 0.212832 -0.999831 -0.0081429 0.0164692 0.0178248 -0.212723 0.97695 -1.4609 1.65285 -1.02455</i>
                        <i>-0.00502985 0.976493 0.21549 -0.999869 -0.00823286 0.0139688 0.0154146 -0.215391 0.976406 -1.46062 1.65277 -1.02463</i>
                        <i>-0.00563007 0.97591 0.218103 -0.999899 -0.00834143 0.0115129 0.0130548 -0.218016 0.975858 -1.46033 1.6527 -1.02471</i>
                        <i>-0.00624854 0.97533 0.220661 -0.999923 -0.00846706 0.00910958 0.0107532 -0.220587 0.975308 -1.46006 1.65263 -1.02479</i>
                        <i>-0.00688098 0.974758 0.223157 -0.99994 -0.00860801 0.00676725 0.00851737 -0.223097 0.974759 -1.45979 1.65256 -1.02487</i>
                        <i>-0.00752262 0.974196 0.22558 -0.999952 -0.00876216 0.00449417 0.00635476 -0.225535 0.974214 -1.45953 1.65249 -1.02494</i>
                        <i>-0.00816842 0.973645 0.227921 -0.999958 -0.00892723 0.00229853 0.00427266 -0.227893 0.973677 -1.45928 1.65243 -1.02501</i>
                    </KeyFrames>
                </p>
            </i>
            <i>
                <p>
                    <Name><![CDATA[spine1]]></Name>
                    <Exclude>0</Exclude>
                    <Additive>0</Additive>
                    <IKPriority>0</IKPriority>
                    <IKRotLimits>-1e+010 -1e+010 -1e+010 1e+010 1e+010 1e+010</IKRotLimits>
                    <IKRotLimitOrder>0</IKRotLimitOrder>
                    <KeyFrames count="97">
                        <i>0.169004 0.706842 0.686886 -0.985525 0.130619 0.108069 -0.0133326 -0.695207 0.718686 -1.46076 1.82901 -0.983735</i>
                        <i>0.169641 0.708127 0.685403 -0.985369 0.13346 0.105999 -0.0164131 -0.693357 0.720407 -1.46102 1.82972 -0.983852</i>
                        <i>0.170136 0.708945 0.684435 -0.985242 0.135611 0.104443 -0.0187727 -0.692103 0.721554 -1.46123 1.83005 -0.983898</i>
                        <i>0.170747 0.710071 0.683114 -0.985102 0.137445 0.10336 -0.0204976 -0.690585 0.722961 -1.46146 1.83028 -0.983954</i>
                        <i>0.171426 0.712308 0.68061 -0.984963 0.138978 0.102634 -0.021483 -0.68797 0.725422 -1.46174 1.83046 -0.984104</i>
                        <i>0.172047 0.716462 0.676079 -0.984857 0.139983 0.10228 -0.0213597 -0.683438 0.729696 -1.46208 1.83059 -0.984432</i>
                        <i>0.175864 0.722119 0.669041 -0.984297 0.139499 0.108167 -0.0152211 -0.677558 0.735312 -1.46231 1.83071 -0.984906</i>
                        <i>0.181727 0.728266 0.66076 -0.983332 0.138597 0.117686 -0.00587314 -0.671133 0.741314 -1.46248 1.83083 -0.985429</i>
                        <i>0.188052 0.734837 0.651653 -0.982148 0.137479 0.128397 0.00476189 -0.664165 0.747571 -1.46266 1.83093 -0.985993</i>
                        <i>0.194435 0.741739 0.641886 -0.980782 0.136204 0.139698 0.0161915 -0.656712 0.753968 -1.46285 1.83101 -0.986591</i>
                        <i>0.200684 0.74888 0.631589 -0.979251 0.13481 0.151306 0.0281657 -0.648849 0.760396 -1.46307 1.83107 -0.987213</i>
                        <i>0.206685 0.756164 0.620884 -0.977568 0.133323 0.163049 0.0405135 -0.640656 0.766758 -1.46332 1.83112 -0.987853</i>
                        <i>0.212367 0.7635 0.609891 -0.975746 0.13177 0.174802 0.0530963 -0.632222 0.772966 -1.46358 1.83115 -0.988502</i>
                        <i>0.217682 0.7708 0.598733 -0.9738 0.130171 0.186465 0.0657895 -0.623637 0.778941 -1.46387 1.83117 -0.989152</i>
                        <i>0.2226 0.777979 0.587536 -0.971746 0.128549 0.19795 0.0784734 -0.614999 0.784613 -1.46417 1.83118 -0.989796</i>
                        <i>0.227107 0.784955 0.576426 -0.969606 0.126926 0.209175 0.0910294 -0.606412 0.789923 -1.46447 1.83117 -0.990425</i>
                        <i>0.2312 0.791653 0.565537 -0.967403 0.125322 0.220059 0.103336 -0.59798 0.794822 -1.46478 1.83116 -0.991033</i>
                        <i>0.234881 0.797999 0.555003 -0.965165 0.12376 0.23052 0.115268 -0.589814 0.79927 -1.46509 1.83113 -0.991613</i>
                        <i>0.238163 0.803925 0.544962 -0.962927 0.122261 0.240468 0.126691 -0.582029 0.803239 -1.46539 1.83111 -0.992157</i>
                        <i>0.24106 0.809364 0.535556 -0.960726 0.120847 0.249803 0.137461 -0.57474 0.806709 -1.46568 1.83108 -0.99266</i>
                        <i>0.243585 0.814254 0.526931 -0.95861 0.119543 0.258411 0.147421 -0.568067 0.809671 -1.46595 1.83104 -0.993114</i>
                        <i>0.245749 0.818533 0.519241 -0.956634 0.118374 0.266155 0.156392 -0.562131 0.812127 -1.46618 1.83101 -0.993513</i>
                        <i>0.247547 0.822141 0.512645 -0.954867 0.117367 0.272863 0.164164 -0.557054 0.814089 -1.46639 1.83098 -0.993851</i>
                        <i>0.248953 0.825015 0.507318 -0.953394 0.116555 0.278308 0.170478 -0.55296 0.815581 -1.46656 1.83096 -0.994121</i>
                        <i>0.249897 0.827092 0.503458 -0.952328 0.115974 0.282174 0.174996 -0.549971 0.816644 -1.46668 1.83094 -0.994315</i>
                        <i>0.25054 0.828702 0.500482 -0.951531 0.115537 0.285027 0.178378 -0.547635 0.817482 -1.46678 1.83093 -0.994465</i>
                        <i>0.251127 0.830221 0.497662 -0.950772 0.115127 0.287712 0.181571 -0.545416 0.818263 -1.46688 1.83092 -0.994607</i>
                        <i>0.251661 0.831652 0.494997 -0.950052 0.114742 0.290234 0.184576 -0.543313 0.818989 -1.46697 1.8309 -0.994741</i>
                        <i>0.252144 0.832994 0.492487 -0.949371 0.114383 0.292593 0.187396 -0.541329 0.819662 -1.46706 1.83088 -0.994867</i>
                        <i>0.252582 0.83425 0.490131 -0.948731 0.11405 0.294791 0.19003 -0.539462 0.820286 -1.46714 1.83086 -0.994985</i>
                        <i>0.252976 0.835421 0.48793 -0.948132 0.113741 0.296832 0.192482 -0.537713 0.820863 -1.46722 1.83085 -0.995095</i>
                        <i>0.253329 0.836507 0.485881 -0.947574 0.113456 0.298717 0.194753 -0.536082 0.821394 -1.46729 1.83083 -0.995198</i>
                        <i>0.253644 0.83751 0.483985 -0.947057 0.113196 0.300448 0.196843 -0.534568 0.821882 -1.46736 1.83081 -0.995293</i>
                        <i>0.253923 0.838431 0.482241 -0.946583 0.112959 0.302028 0.198756 -0.533173 0.822328 -1.46742 1.83079 -0.99538</i>
                        <i>0.254168 0.839271 0.480648 -0.946151 0.112746 0.303458 0.200493 -0.531895 0.822734 -1.46748 1.83077 -0.995459</i>
                        <i>0.254381 0.840031 0.479205 -0.945761 0.112556 0.304741 0.202055 -0.530734 0.823101 -1.46753 1.83075 -0.995532</i>
                        <i>0.254565 0.840712 0.477912 -0.945414 0.112388 0.305879 0.203444 -0.529691 0.823431 -1.46757 1.83073 -0.995596</i>
                        <i>0.25472 0.841314 0.476768 -0.945109 0.112242 0.306873 0.204663 -0.528765 0.823724 -1.46761 1.83072 -0.995654</i>
                        <i>0.254849 0.841839 0.475772 -0.944846 0.112118 0.307727 0.205714 -0.527955 0.823982 -1.46765 1.8307 -0.995704</i>
                        <i>0.254952 0.842287 0.474923 -0.944625 0.112015 0.308441 0.206597 -0.527261 0.824204 -1.46767 1.83068 -0.995747</i>
                        <i>0.255031 0.84266 0.474219 -0.944447 0.111933 0.309017 0.207316 -0.526684 0.824393 -1.4677 1.83066 -0.995782</i>
                        <i>0.255086 0.842957 0.473661 -0.944309 0.11187 0.309459 0.207872 -0.526221 0.824549 -1.46771 1.83065 -0.995811</i>
                        <i>0.25512 0.843179 0.473247 -0.944213 0.111828 0.309768 0.208267 -0.525874 0.824671 -1.46773 1.83063 -0.995832</i>
                        <i>0.255131 0.843328 0.472976 -0.944158 0.111805 0.309945 0.208504 -0.52564 0.82476 -1.46773 1.83062 -0.995847</i>
                        <i>0.255122 0.843403 0.472847 -0.944143 0.1118 0.309992 0.208584 -0.52552 0.824816 -1.46774 1.8306 -0.995854</i>
                        <i>0.255092 0.843406 0.472858 -0.944167 0.111814 0.309913 0.20851 -0.525514 0.824839 -1.46773 1.83059 -0.995855</i>
                        <i>0.255041 0.843336 0.47301 -0.944231 0.111845 0.309708 0.208284 -0.525619 0.824829 -1.46772 1.83058 -0.995848</i>
                        <i>0.254971 0.843194 0.473301 -0.944333 0.111894 0.309379 0.207907 -0.525836 0.824786 -1.46771 1.83057 -0.995835</i>
                        <i>0.254881 0.842981 0.473729 -0.944472 0.11196 0.308928 0.207382 -0.526164 0.824709 -1.46769 1.83056 -0.995815</i>
                        <i>0.254771 0.842697 0.474293 -0.944649 0.112042 0.308358 0.206712 -0.526601 0.824598 -1.46767 1.83055 -0.995789</i>
                        <i>0.254641 0.842342 0.474993 -0.944862 0.11214 0.30767 0.205898 -0.527148 0.824452 -1.46764 1.83054 -0.995755</i>
                        <i>0.254491 0.841916 0.475827 -0.94511 0.112253 0.306865 0.204942 -0.527803 0.824271 -1.46761 1.83053 -0.995715</i>
                        <i>0.254321 0.841421 0.476794 -0.945393 0.11238 0.305947 0.203848 -0.528566 0.824054 -1.46757 1.83053 -0.995668</i>
                        <i>0.254129 0.840855 0.477892 -0.945709 0.112523 0.304916 0.202616 -0.529435 0.823799 -1.46752 1.83052 -0.995615</i>
                        <i>0.253917 0.84022 0.479121 -0.946057 0.112679 0.303774 0.20125 -0.53041 0.823507 -1.46748 1.83052 -0.995555</i>
                        <i>0.253682 0.839515 0.480479 -0.946438 0.112848 0.302524 0.199752 -0.531489 0.823176 -1.46742 1.83051 -0.995488</i>
                        <i>0.253425 0.83874 0.481965 -0.946849 0.11303 0.301167 0.198124 -0.532671 0.822805 -1.46737 1.83051 -0.995415</i>
                        <i>0.253145 0.837896 0.483578 -0.947289 0.113225 0.299705 0.196368 -0.533957 0.822393 -1.4673 1.83051 -0.995336</i>
                        <i>0.252841 0.836983 0.485315 -0.947758 0.113432 0.298139 0.194488 -0.535343 0.821938 -1.46724 1.83052 -0.99525</i>
                        <i>0.252512 0.836001 0.487176 -0.948255 0.11365 0.296473 0.192484 -0.53683 0.82144 -1.46717 1.83052 -0.995157</i>
                        <i>0.252157 0.834949 0.48916 -0.948778 0.113879 0.294706 0.19036 -0.538417 0.820896 -1.4671 1.83053 -0.995058</i>
                        <i>0.251777 0.833827 0.491265 -0.949326 0.114118 0.292842 0.188118 -0.540101 0.820306 -1.46702 1.83053 -0.994953</i>
                        <i>0.251368 0.832636 0.493489 -0.949899 0.114368 0.290882 0.18576 -0.541883 0.819669 -1.46694 1.83054 -0.994841</i>
                        <i>0.250931 0.831376 0.49583 -0.950494 0.114628 0.288828 0.183289 -0.54376 0.818981 -1.46685 1.83055 -0.994723</i>
                        <i>0.250465 0.830046 0.498289 -0.951111 0.114897 0.286682 0.180708 -0.545732 0.818243 -1.46676 1.83057 -0.994598</i>
                        <i>0.249968 0.828645 0.500862 -0.951749 0.115175 0.284446 0.178018 -0.547797 0.817452 -1.46667 1.83058 -0.994467</i>
                        <i>0.24944 0.827175 0.503548 -0.952406 0.115462 0.282121 0.175223 -0.549954 0.816607 -1.46658 1.8306 -0.99433</i>
                        <i>0.248831 0.82553 0.506541 -0.953131 0.115772 0.279533 0.172119 -0.552356 0.815645 -1.46647 1.83062 -0.994176</i>
                        <i>0.248088 0.823611 0.510017 -0.953966 0.116119 0.276522 0.168524 -0.555141 0.814505 -1.46634 1.83063 -0.993998</i>
