<?xml version="1.0" encoding="ISO-8859-1" ?>
<Animl Version="1">
    <ModellingPackage><![CDATA[Maya.2010]]></ModellingPackage>
    <SrcFile><![CDATA[anims\turrets\machinegun\red\~src\mgun_pkp\mgun_pkp_aim_up_crewman_c.mb]]></SrcFile>
    <FramesPerSecond>30</FramesPerSecond>
    <TotalFrames>97</TotalFrames>
    <Skeleton>
        <RefFrame>
            <Name><![CDATA[soldier_ref_frame]]></Name>
            <Exclude>0</Exclude>
            <Additive>0</Additive>
            <IKPriority>0</IKPriority>
            <IKRotLimits>-1e+010 -1e+010 -1e+010 1e+010 1e+010 1e+010</IKRotLimits>
            <IKRotLimitOrder>0</IKRotLimitOrder>
            <KeyFrames count="97">
                <i>1 0 0 0 1 0 0 0 1 -0.9862 0.943922 -0.0847335</i>
                <i>1 0 0 0 1 0 0 0 1 -0.9862 0.943922 -0.0847335</i>
                <i>1 0 0 0 1 0 0 0 1 -0.9862 0.943922 -0.0847335</i>
                <i>1 0 0 0 1 0 0 0 1 -0.9862 0.943922 -0.0847335</i>
                <i>1 0 0 0 1 0 0 0 1 -0.9862 0.943922 -0.0847335</i>
                <i>1 0 0 0 1 0 0 0 1 -0.9862 0.943922 -0.0847335</i>
                <i>1 0 0 0 1 0 0 0 1 -0.9862 0.943922 -0.0847335</i>
                <i>1 0 0 0 1 0 0 0 1 -0.9862 0.943922 -0.0847335</i>
                <i>1 0 0 0 1 0 0 0 1 -0.9862 0.943922 -0.0847335</i>
                <i>1 0 0 0 1 0 0 0 1 -0.9862 0.943922 -0.0847335</i>
                <i>1 0 0 0 1 0 0 0 1 -0.9862 0.943922 -0.0847335</i>
                <i>1 0 0 0 1 0 0 0 1 -0.9862 0.943922 -0.0847335</i>
                <i>1 0 0 0 1 0 0 0 1 -0.9862 0.943922 -0.0847335</i>
                <i>1 0 0 0 1 0 0 0 1 -0.9862 0.943922 -0.0847335</i>
                <i>1 0 0 0 1 0 0 0 1 -0.9862 0.943922 -0.0847335</i>
                <i>1 0 0 0 1 0 0 0 1 -0.9862 0.943922 -0.0847335</i>
                <i>1 0 0 0 1 0 0 0 1 -0.9862 0.943922 -0.0847335</i>
                <i>1 0 0 0 1 0 0 0 1 -0.9862 0.943922 -0.0847335</i>
                <i>1 0 0 0 1 0 0 0 1 -0.9862 0.943922 -0.0847335</i>
                <i>1 0 0 0 1 0 0 0 1 -0.9862 0.943922 -0.0847335</i>
                <i>1 0 0 0 1 0 0 0 1 -0.9862 0.943922 -0.0847335</i>
                <i>1 0 0 0 1 0 0 0 1 -0.9862 0.943922 -0.0847335</i>
                <i>1 0 0 0 1 0 0 0 1 -0.9862 0.943922 -0.0847335</i>
                <i>1 0 0 0 1 0 0 0 1 -0.9862 0.943922 -0.0847335</i>
                <i>1 0 0 0 1 0 0 0 1 -0.9862 0.943922 -0.0847335</i>
                <i>1 0 0 0 1 0 0 0 1 -0.9862 0.943922 -0.0847335</i>
                <i>1 0 0 0 1 0 0 0 1 -0.9862 0.943922 -0.0847335</i>
                <i>1 0 0 0 1 0 0 0 1 -0.9862 0.943922 -0.0847335</i>
                <i>1 0 0 0 1 0 0 0 1 -0.9862 0.943922 -0.0847335</i>
                <i>1 0 0 0 1 0 0 0 1 -0.9862 0.943922 -0.0847335</i>
                <i>1 0 0 0 1 0 0 0 1 -0.9862 0.943922 -0.0847335</i>
                <i>1 0 0 0 1 0 0 0 1 -0.9862 0.943922 -0.0847335</i>
                <i>1 0 0 0 1 0 0 0 1 -0.9862 0.943922 -0.0847335</i>
                <i>1 0 0 0 1 0 0 0 1 -0.9862 0.943922 -0.0847335</i>
                <i>1 0 0 0 1 0 0 0 1 -0.9862 0.943922 -0.0847335</i>
                <i>1 0 0 0 1 0 0 0 1 -0.9862 0.943922 -0.0847335</i>
                <i>1 0 0 0 1 0 0 0 1 -0.9862 0.943922 -0.0847335</i>
                <i>1 0 0 0 1 0 0 0 1 -0.9862 0.943922 -0.0847335</i>
                <i>1 0 0 0 1 0 0 0 1 -0.9862 0.943922 -0.0847335</i>
                <i>1 0 0 0 1 0 0 0 1 -0.9862 0.943922 -0.0847335</i>
                <i>1 0 0 0 1 0 0 0 1 -0.9862 0.943922 -0.0847335</i>
                <i>1 0 0 0 1 0 0 0 1 -0.9862 0.943922 -0.0847335</i>
                <i>1 0 0 0 1 0 0 0 1 -0.9862 0.943922 -0.0847335</i>
                <i>1 0 0 0 1 0 0 0 1 -0.9862 0.943922 -0.0847335</i>
                <i>1 0 0 0 1 0 0 0 1 -0.9862 0.943922 -0.0847335</i>
                <i>1 0 0 0 1 0 0 0 1 -0.9862 0.943922 -0.0847335</i>
                <i>1 0 0 0 1 0 0 0 1 -0.9862 0.943922 -0.0847335</i>
                <i>1 0 0 0 1 0 0 0 1 -0.9862 0.943922 -0.0847335</i>
                <i>1 0 0 0 1 0 0 0 1 -0.9862 0.943922 -0.0847335</i>
                <i>1 0 0 0 1 0 0 0 1 -0.9862 0.943922 -0.0847335</i>
                <i>1 0 0 0 1 0 0 0 1 -0.9862 0.943922 -0.0847335</i>
                <i>1 0 0 0 1 0 0 0 1 -0.9862 0.943922 -0.0847335</i>
                <i>1 0 0 0 1 0 0 0 1 -0.9862 0.943922 -0.0847335</i>
                <i>1 0 0 0 1 0 0 0 1 -0.9862 0.943922 -0.0847335</i>
                <i>1 0 0 0 1 0 0 0 1 -0.9862 0.943922 -0.0847335</i>
                <i>1 0 0 0 1 0 0 0 1 -0.9862 0.943922 -0.0847335</i>
                <i>1 0 0 0 1 0 0 0 1 -0.9862 0.943922 -0.0847335</i>
                <i>1 0 0 0 1 0 0 0 1 -0.9862 0.943922 -0.0847335</i>
                <i>1 0 0 0 1 0 0 0 1 -0.9862 0.943922 -0.0847335</i>
                <i>1 0 0 0 1 0 0 0 1 -0.9862 0.943922 -0.0847335</i>
                <i>1 0 0 0 1 0 0 0 1 -0.9862 0.943922 -0.0847335</i>
                <i>1 0 0 0 1 0 0 0 1 -0.9862 0.943922 -0.0847335</i>
                <i>1 0 0 0 1 0 0 0 1 -0.9862 0.943922 -0.0847335</i>
                <i>1 0 0 0 1 0 0 0 1 -0.9862 0.943922 -0.0847335</i>
                <i>1 0 0 0 1 0 0 0 1 -0.9862 0.943922 -0.0847335</i>
                <i>1 0 0 0 1 0 0 0 1 -0.9862 0.943922 -0.0847335</i>
                <i>1 0 0 0 1 0 0 0 1 -0.9862 0.943922 -0.0847335</i>
                <i>1 0 0 0 1 0 0 0 1 -0.9862 0.943922 -0.0847335</i>
                <i>1 0 0 0 1 0 0 0 1 -0.9862 0.943922 -0.0847335</i>
                <i>1 0 0 0 1 0 0 0 1 -0.9862 0.943922 -0.0847335</i>
                <i>1 0 0 0 1 0 0 0 1 -0.9862 0.943922 -0.0847335</i>
                <i>1 0 0 0 1 0 0 0 1 -0.9862 0.943922 -0.0847335</i>
                <i>1 0 0 0 1 0 0 0 1 -0.9862 0.943922 -0.0847335</i>
                <i>1 0 0 0 1 0 0 0 1 -0.9862 0.943922 -0.0847335</i>
                <i>1 0 0 0 1 0 0 0 1 -0.9862 0.943922 -0.0847335</i>
                <i>1 0 0 0 1 0 0 0 1 -0.9862 0.943922 -0.0847335</i>
                <i>1 0 0 0 1 0 0 0 1 -0.9862 0.943922 -0.0847335</i>
                <i>1 0 0 0 1 0 0 0 1 -0.9862 0.943922 -0.0847335</i>
                <i>1 0 0 0 1 0 0 0 1 -0.9862 0.943922 -0.0847335</i>
                <i>1 0 0 0 1 0 0 0 1 -0.9862 0.943922 -0.0847335</i>
                <i>1 0 0 0 1 0 0 0 1 -0.9862 0.943922 -0.0847335</i>
                <i>1 0 0 0 1 0 0 0 1 -0.9862 0.943922 -0.0847335</i>
                <i>1 0 0 0 1 0 0 0 1 -0.9862 0.943922 -0.0847335</i>
                <i>1 0 0 0 1 0 0 0 1 -0.9862 0.943922 -0.0847335</i>
                <i>1 0 0 0 1 0 0 0 1 -0.9862 0.943922 -0.0847335</i>
                <i>1 0 0 0 1 0 0 0 1 -0.9862 0.943922 -0.0847335</i>
                <i>1 0 0 0 1 0 0 0 1 -0.9862 0.943922 -0.0847335</i>
                <i>1 0 0 0 1 0 0 0 1 -0.9862 0.943922 -0.0847335</i>
                <i>1 0 0 0 1 0 0 0 1 -0.9862 0.943922 -0.0847335</i>
                <i>1 0 0 0 1 0 0 0 1 -0.9862 0.943922 -0.0847335</i>
                <i>1 0 0 0 1 0 0 0 1 -0.9862 0.943922 -0.0847335</i>
                <i>1 0 0 0 1 0 0 0 1 -0.9862 0.943922 -0.0847335</i>
                <i>1 0 0 0 1 0 0 0 1 -0.9862 0.943922 -0.0847335</i>
                <i>1 0 0 0 1 0 0 0 1 -0.9862 0.943922 -0.0847335</i>
                <i>1 0 0 0 1 0 0 0 1 -0.9862 0.943922 -0.0847335</i>
                <i>1 0 0 0 1 0 0 0 1 -0.9862 0.943922 -0.0847335</i>
                <i>1 0 0 0 1 0 0 0 1 -0.9862 0.943922 -0.0847335</i>
            </KeyFrames>
        </RefFrame>
        <Bones count="23">
            <i>
                <p>
                    <Name><![CDATA[pelvis]]></Name>
                    <Exclude>0</Exclude>
                    <Additive>0</Additive>
                    <IKPriority>0</IKPriority>
                    <IKRotLimits>-1e+010 -1e+010 -1e+010 1e+010 1e+010 1e+010</IKRotLimits>
                    <IKRotLimitOrder>2</IKRotLimitOrder>
                    <KeyFrames count="97">
                        <i>1 0 0 0 1 0 0 0 1 -0.9862 1.53801 -0.0847335</i>
                        <i>1 0 0 0 1 0 0 0 1 -0.9862 1.53851 -0.0847335</i>
                        <i>1 0 0 0 1 0 0 0 1 -0.9862 1.53899 -0.0847335</i>
                        <i>1 0 0 0 1 0 0 0 1 -0.9862 1.53945 -0.0847335</i>
                        <i>1 0 0 0 1 0 0 0 1 -0.9862 1.53989 -0.0847335</i>
                        <i>1 0 0 0 1 0 0 0 1 -0.9862 1.54032 -0.0847335</i>
                        <i>1 0 0 0 1 0 0 0 1 -0.9862 1.54072 -0.0847335</i>
                        <i>1 0 0 0 1 0 0 0 1 -0.9862 1.54109 -0.0847335</i>
                        <i>1 0 0 0 1 0 0 0 1 -0.9862 1.54144 -0.0847335</i>
                        <i>1 0 0 0 1 0 0 0 1 -0.9862 1.54176 -0.0847335</i>
                        <i>1 0 0 0 1 0 0 0 1 -0.9862 1.54205 -0.0847335</i>
                        <i>1 0 0 0 1 0 0 0 1 -0.9862 1.54231 -0.0847335</i>
                        <i>1 0 0 0 1 0 0 0 1 -0.9862 1.54253 -0.0847335</i>
                        <i>1 0 0 0 1 0 0 0 1 -0.9862 1.54271 -0.0847335</i>
                        <i>1 0 0 0 1 0 0 0 1 -0.9862 1.54286 -0.0847335</i>
                        <i>1 0 0 0 1 0 0 0 1 -0.9862 1.54297 -0.0847335</i>
                        <i>1 0 0 0 1 0 0 0 1 -0.9862 1.54304 -0.0847335</i>
                        <i>1 0 0 0 1 0 0 0 1 -0.9862 1.54306 -0.0847335</i>
                        <i>1 0 0 0 1 0 0 0 1 -0.9862 1.54304 -0.0847335</i>
                        <i>1 0 0 0 1 0 0 0 1 -0.9862 1.54297 -0.0847335</i>
                        <i>1 0 0 0 1 0 0 0 1 -0.9862 1.54286 -0.0847335</i>
                        <i>1 0 0 0 1 0 0 0 1 -0.9862 1.54271 -0.0847335</i>
                        <i>1 0 0 0 1 0 0 0 1 -0.9862 1.54253 -0.0847335</i>
                        <i>1 0 0 0 1 0 0 0 1 -0.9862 1.54231 -0.0847335</i>
                        <i>1 0 0 0 1 0 0 0 1 -0.9862 1.54205 -0.0847335</i>
                        <i>1 0 0 0 1 0 0 0 1 -0.9862 1.54176 -0.0847335</i>
                        <i>1 0 0 0 1 0 0 0 1 -0.9862 1.54144 -0.0847335</i>
                        <i>1 0 0 0 1 0 0 0 1 -0.9862 1.54109 -0.0847335</i>
                        <i>1 0 0 0 1 0 0 0 1 -0.9862 1.54072 -0.0847335</i>
                        <i>1 0 0 0 1 0 0 0 1 -0.9862 1.54032 -0.0847335</i>
                        <i>1 0 0 0 1 0 0 0 1 -0.9862 1.53989 -0.0847335</i>
                        <i>1 0 0 0 1 0 0 0 1 -0.9862 1.53945 -0.0847335</i>
                        <i>1 0 0 0 1 0 0 0 1 -0.9862 1.53899 -0.0847335</i>
                        <i>1 0 0 0 1 0 0 0 1 -0.9862 1.53851 -0.0847335</i>
                        <i>1 0 0 0 1 0 0 0 1 -0.9862 1.53801 -0.0847335</i>
                        <i>1 0 0 0 1 0 0 0 1 -0.9862 1.53751 -0.0847335</i>
                        <i>1 0 0 0 1 0 0 0 1 -0.9862 1.53699 -0.0847335</i>
                        <i>1 0 0 0 1 0 0 0 1 -0.9862 1.53646 -0.0847335</i>
                        <i>1 0 0 0 1 0 0 0 1 -0.9862 1.53592 -0.0847335</i>
                        <i>1 0 0 0 1 0 0 0 1 -0.9862 1.53538 -0.0847335</i>
                        <i>1 0 0 0 1 0 0 0 1 -0.9862 1.53483 -0.0847335</i>
                        <i>1 0 0 0 1 0 0 0 1 -0.9862 1.53428 -0.0847335</i>
                        <i>1 0 0 0 1 0 0 0 1 -0.9862 1.53374 -0.0847335</i>
                        <i>1 0 0 0 1 0 0 0 1 -0.9862 1.53319 -0.0847335</i>
                        <i>1 0 0 0 1 0 0 0 1 -0.9862 1.53265 -0.0847335</i>
                        <i>1 0 0 0 1 0 0 0 1 -0.9862 1.53211 -0.0847335</i>
                        <i>1 0 0 0 1 0 0 0 1 -0.9862 1.53158 -0.0847335</i>
                        <i>1 0 0 0 1 0 0 0 1 -0.9862 1.53106 -0.0847335</i>
                        <i>1 0 0 0 1 0 0 0 1 -0.9862 1.53055 -0.0847335</i>
                        <i>1 0 0 0 1 0 0 0 1 -0.9862 1.53006 -0.0847335</i>
                        <i>1 0 0 0 1 0 0 0 1 -0.9862 1.52958 -0.0847335</i>
                        <i>1 0 0 0 1 0 0 0 1 -0.9862 1.52912 -0.0847335</i>
                        <i>1 0 0 0 1 0 0 0 1 -0.9862 1.52867 -0.0847335</i>
                        <i>1 0 0 0 1 0 0 0 1 -0.9862 1.52825 -0.0847335</i>
                        <i>1 0 0 0 1 0 0 0 1 -0.9862 1.52785 -0.0847335</i>
                        <i>1 0 0 0 1 0 0 0 1 -0.9862 1.52748 -0.0847335</i>
                        <i>1 0 0 0 1 0 0 0 1 -0.9862 1.52713 -0.0847335</i>
                        <i>1 0 0 0 1 0 0 0 1 -0.9862 1.52681 -0.0847335</i>
                        <i>1 0 0 0 1 0 0 0 1 -0.9862 1.52652 -0.0847335</i>
                        <i>1 0 0 0 1 0 0 0 1 -0.9862 1.52626 -0.0847335</i>
                        <i>1 0 0 0 1 0 0 0 1 -0.9862 1.52604 -0.0847335</i>
                        <i>1 0 0 0 1 0 0 0 1 -0.9862 1.52585 -0.0847335</i>
                        <i>1 0 0 0 1 0 0 0 1 -0.9862 1.52571 -0.0847335</i>
                        <i>1 0 0 0 1 0 0 0 1 -0.9862 1.5256 -0.0847335</i>
                        <i>1 0 0 0 1 0 0 0 1 -0.9862 1.52553 -0.0847335</i>
                        <i>1 0 0 0 1 0 0 0 1 -0.9862 1.52551 -0.0847335</i>
                        <i>1 0 0 0 1 0 0 0 1 -0.9862 1.52553 -0.0847335</i>
                        <i>1 0 0 0 1 0 0 0 1 -0.9862 1.5256 -0.0847335</i>
                        <i>1 0 0 0 1 0 0 0 1 -0.9862 1.52571 -0.0847335</i>
                        <i>1 0 0 0 1 0 0 0 1 -0.9862 1.52585 -0.0847335</i>
                        <i>1 0 0 0 1 0 0 0 1 -0.9862 1.52604 -0.0847335</i>
                        <i>1 0 0 0 1 0 0 0 1 -0.9862 1.52626 -0.0847335</i>
                        <i>1 0 0 0 1 0 0 0 1 -0.9862 1.52652 -0.0847335</i>
                        <i>1 0 0 0 1 0 0 0 1 -0.9862 1.52681 -0.0847335</i>
                        <i>1 0 0 0 1 0 0 0 1 -0.9862 1.52713 -0.0847335</i>
                        <i>1 0 0 0 1 0 0 0 1 -0.9862 1.52748 -0.0847335</i>
                        <i>1 0 0 0 1 0 0 0 1 -0.9862 1.52785 -0.0847335</i>
                        <i>1 0 0 0 1 0 0 0 1 -0.9862 1.52825 -0.0847335</i>
                        <i>1 0 0 0 1 0 0 0 1 -0.9862 1.52867 -0.0847335</i>
                        <i>1 0 0 0 1 0 0 0 1 -0.9862 1.52912 -0.0847335</i>
                        <i>1 0 0 0 1 0 0 0 1 -0.9862 1.52958 -0.0847335</i>
                        <i>1 0 0 0 1 0 0 0 1 -0.9862 1.53006 -0.0847335</i>
                        <i>1 0 0 0 1 0 0 0 1 -0.9862 1.53055 -0.0847335</i>
                        <i>1 0 0 0 1 0 0 0 1 -0.9862 1.53106 -0.0847335</i>
                        <i>1 0 0 0 1 0 0 0 1 -0.9862 1.53158 -0.0847335</i>
                        <i>1 0 0 0 1 0 0 0 1 -0.9862 1.53211 -0.0847335</i>
                        <i>1 0 0 0 1 0 0 0 1 -0.9862 1.53265 -0.0847335</i>
                        <i>1 0 0 0 1 0 0 0 1 -0.9862 1.53319 -0.0847335</i>
                        <i>1 0 0 0 1 0 0 0 1 -0.9862 1.53374 -0.0847335</i>
                        <i>1 0 0 0 1 0 0 0 1 -0.9862 1.53428 -0.0847335</i>
                        <i>1 0 0 0 1 0 0 0 1 -0.9862 1.53483 -0.0847335</i>
                        <i>1 0 0 0 1 0 0 0 1 -0.9862 1.53538 -0.0847335</i>
                        <i>1 0 0 0 1 0 0 0 1 -0.9862 1.53592 -0.0847335</i>
                        <i>1 0 0 0 1 0 0 0 1 -0.9862 1.53646 -0.0847335</i>
                        <i>1 0 0 0 1 0 0 0 1 -0.9862 1.53699 -0.0847335</i>
                        <i>1 0 0 0 1 0 0 0 1 -0.9862 1.53751 -0.0847335</i>
                        <i>1 0 0 0 1 0 0 0 1 -0.9862 1.53801 -0.0847335</i>
                    </KeyFrames>
                </p>
            </i>
            <i>
                <p>
                    <Name><![CDATA[spine0]]></Name>
                    <Exclude>0</Exclude>
                    <Additive>0</Additive>
                    <IKPriority>0</IKPriority>
                    <IKRotLimits>-1e+010 -1e+010 -1e+010 1e+010 1e+010 1e+010</IKRotLimits>
                    <IKRotLimitOrder>0</IKRotLimitOrder>
                    <KeyFrames count="97">
                        <i>0.388043 0.893156 0.227365 -0.716273 0.137012 0.684238 0.579979 -0.428369 0.69291 -0.982746 1.68109 -0.0993208</i>
                        <i>0.387639 0.893405 0.227076 -0.71631 0.13689 0.684223 0.580204 -0.427888 0.693019 -0.982746 1.68159 -0.0993208</i>
                        <i>0.387185 0.893684 0.226752 -0.716351 0.136754 0.684207 0.580456 -0.427348 0.693141 -0.982746 1.68207 -0.0993208</i>
                        <i>0.386688 0.893989 0.226397 -0.716396 0.136605 0.68419 0.580732 -0.426758 0.693274 -0.982746 1.68253 -0.0993208</i>
                        <i>0.386154 0.894317 0.226016 -0.716445 0.136444 0.684171 0.581027 -0.426123 0.693417 -0.982746 1.68297 -0.0993208</i>
                        <i>0.385589 0.894662 0.225613 -0.716496 0.136275 0.684151 0.581339 -0.425452 0.693568 -0.982746 1.6834 -0.0993208</i>
                        <i>0.385001 0.895021 0.225192 -0.716549 0.136098 0.684131 0.581663 -0.424752 0.693725 -0.982746 1.6838 -0.0993208</i>
                        <i>0.384394 0.895391 0.224759 -0.716604 0.135916 0.684109 0.581997 -0.424031 0.693886 -0.982746 1.68417 -0.0993208</i>
                        <i>0.383775 0.895767 0.224318 -0.71666 0.135731 0.684087 0.582336 -0.423295 0.694051 -0.982746 1.68452 -0.0993208</i>
                        <i>0.38315 0.896146 0.223872 -0.716717 0.135544 0.684065 0.582678 -0.422552 0.694216 -0.982746 1.68484 -0.0993208</i>
                        <i>0.382526 0.896524 0.223426 -0.716773 0.135357 0.684043 0.583019 -0.42181 0.694381 -0.982746 1.68513 -0.0993208</i>
                        <i>0.381908 0.896897 0.222986 -0.716829 0.135172 0.684021 0.583355 -0.421075 0.694545 -0.982746 1.68538 -0.0993208</i>
                        <i>0.381303 0.897262 0.222554 -0.716883 0.134991 0.684 0.583684 -0.420356 0.694704 -0.982746 1.68561 -0.0993208</i>
                        <i>0.380716 0.897614 0.222136 -0.716936 0.134816 0.683979 0.584002 -0.419659 0.694858 -0.982746 1.68579 -0.0993208</i>
                        <i>0.380155 0.897951 0.221735 -0.716986 0.134648 0.683959 0.584306 -0.418991 0.695006 -0.982746 1.68594 -0.0993208</i>
                        <i>0.379624 0.898269 0.221357 -0.717034 0.13449 0.683941 0.584592 -0.418361 0.695145 -0.982746 1.68605 -0.0993208</i>
                        <i>0.37913 0.898564 0.221005 -0.717078 0.134343 0.683923 0.584858 -0.417774 0.695274 -0.982746 1.68612 -0.0993208</i>
                        <i>0.37868 0.898833 0.220684 -0.717118 0.134209 0.683907 0.5851 -0.417239 0.695392 -0.982746 1.68614 -0.0993208</i>
                        <i>0.37817 0.899137 0.22032 -0.717164 0.134057 0.683889 0.585375 -0.416632 0.695525 -0.982746 1.68612 -0.0993208</i>
                        <i>0.377613 0.899468 0.219924 -0.717214 0.133891 0.683869 0.585673 -0.41597 0.69567 -0.982746 1.68605 -0.0993208</i>
                        <i>0.377018 0.899821 0.219499 -0.717267 0.133714 0.683848 0.585991 -0.415263 0.695824 -0.982746 1.68594 -0.0993208</i>
                        <i>0.376391 0.900192 0.219052 -0.717323 0.133527 0.683826 0.586325 -0.414517 0.695987 -0.982746 1.68579 -0.0993208</i>
                        <i>0.375738 0.900578 0.218587 -0.717381 0.133333 0.683803 0.586673 -0.413741 0.696156 -0.982746 1.68561 -0.0993208</i>
                        <i>0.375066 0.900974 0.218108 -0.717441 0.133133 0.683779 0.58703 -0.412942 0.69633 -0.982746 1.68538 -0.0993208</i>
                        <i>0.374381 0.901377 0.217621 -0.717502 0.13293 0.683755 0.587392 -0.412128 0.696506 -0.982746 1.68513 -0.0993208</i>
                        <i>0.37369 0.901782 0.217129 -0.717563 0.132725 0.68373 0.587757 -0.411307 0.696684 -0.982746 1.68484 -0.0993208</i>
                        <i>0.373 0.902186 0.216637 -0.717624 0.13252 0.683706 0.588121 -0.410486 0.696861 -0.982746 1.68452 -0.0993208</i>
                        <i>0.372317 0.902585 0.21615 -0.717685 0.132318 0.683681 0.58848 -0.409674 0.697036 -0.982746 1.68417 -0.0993208</i>
                        <i>0.371647 0.902975 0.215673 -0.717744 0.13212 0.683657 0.588831 -0.408878 0.697207 -0.982746 1.6838 -0.0993208</i>
                        <i>0.370997 0.903352 0.215211 -0.717802 0.131927 0.683634 0.589171 -0.408105 0.697373 -0.982746 1.6834 -0.0993208</i>
                        <i>0.370373 0.903714 0.214767 -0.717857 0.131743 0.683612 0.589496 -0.407364 0.697531 -0.982746 1.68297 -0.0993208</i>
                        <i>0.369783 0.904056 0.214347 -0.717909 0.131568 0.683591 0.589803 -0.406661 0.697681 -0.982746 1.68253 -0.0993208</i>
                        <i>0.369231 0.904374 0.213954 -0.717957 0.131405 0.683571 0.590089 -0.406006 0.697821 -0.982746 1.68207 -0.0993208</i>
                        <i>0.368725 0.904665 0.213594 -0.718002 0.131256 0.683553 0.590351 -0.405404 0.697949 -0.982746 1.68159 -0.0993208</i>
                        <i>0.368271 0.904926 0.213271 -0.718042 0.131122 0.683537 0.590586 -0.404865 0.698063 -0.982746 1.68109 -0.0993208</i>
                        <i>0.367876 0.905153 0.21299 -0.718077 0.131005 0.683523 0.59079 -0.404395 0.698163 -0.982746 1.68059 -0.0993208</i>
                        <i>0.367546 0.905343 0.212755 -0.718106 0.130908 0.683511 0.590961 -0.404002 0.698246 -0.982746 1.68007 -0.0993208</i>
                        <i>0.367286 0.905491 0.21257 -0.718129 0.130831 0.683502 0.591094 -0.403694 0.698312 -0.982746 1.67954 -0.0993208</i>
                        <i>0.367105 0.905595 0.212441 -0.718144 0.130778 0.683495 0.591188 -0.403478 0.698357 -0.982746 1.679 -0.0993208</i>
                        <i>0.367007 0.905651 0.212372 -0.718153 0.130749 0.683492 0.591238 -0.403362 0.698382 -0.982746 1.67846 -0.0993208</i>
                        <i>0.367 0.905655 0.212367 -0.718154 0.130747 0.683492 0.591241 -0.403354 0.698384 -0.982746 1.67791 -0.0993208</i>
                        <i>0.36709 0.905604 0.212431 -0.718146 0.130773 0.683495 0.591195 -0.40346 0.698361 -0.982746 1.67736 -0.0993208</i>
                        <i>0.367249 0.905512 0.212544 -0.718132 0.13082 0.6835 0.591113 -0.40365 0.698321 -0.982746 1.67681 -0.0993208</i>
                        <i>0.367445 0.9054 0.212683 -0.718115 0.130878 0.683507 0.591012 -0.403883 0.698272 -0.982746 1.67627 -0.0993208</i>
                        <i>0.367676 0.905268 0.212848 -0.718094 0.130946 0.683516 0.590893 -0.404157 0.698214 -0.982746 1.67573 -0.0993208</i>
                        <i>0.36794 0.905117 0.213035 -0.718071 0.131024 0.683525 0.590757 -0.404471 0.698147 -0.982746 1.67519 -0.0993208</i>
                        <i>0.368236 0.904947 0.213246 -0.718045 0.131111 0.683536 0.590604 -0.404823 0.698072 -0.982746 1.67466 -0.0993208</i>
                        <i>0.368562 0.904759 0.213478 -0.718016 0.131208 0.683547 0.590436 -0.40521 0.69799 -0.982746 1.67414 -0.0993208</i>
                        <i>0.368917 0.904555 0.213731 -0.717985 0.131312 0.68356 0.590252 -0.405632 0.6979 -0.982746 1.67363 -0.0993208</i>
                        <i>0.369299 0.904335 0.214002 -0.717952 0.131425 0.683574 0.590054 -0.406087 0.697804 -0.982746 1.67314 -0.0993208</i>
                        <i>0.369707 0.904099 0.214293 -0.717916 0.131546 0.683588 0.589842 -0.406571 0.6977 -0.982746 1.67266 -0.0993208</i>
                        <i>0.370139 0.90385 0.2146 -0.717878 0.131673 0.683604 0.589618 -0.407085 0.697591 -0.982746 1.6722 -0.0993208</i>
                        <i>0.370593 0.903586 0.214924 -0.717837 0.131808 0.68362 0.589381 -0.407625 0.697475 -0.982746 1.67175 -0.0993208</i>
                        <i>0.371069 0.903311 0.215262 -0.717795 0.131949 0.683637 0.589133 -0.408191 0.697354 -0.982746 1.67133 -0.0993208</i>
                        <i>0.371564 0.903023 0.215615 -0.717752 0.132095 0.683654 0.588874 -0.408779 0.697228 -0.982746 1.67093 -0.0993208</i>
                        <i>0.372077 0.902724 0.21598 -0.717706 0.132247 0.683673 0.588605 -0.409389 0.697097 -0.982746 1.67056 -0.0993208</i>
                        <i>0.372607 0.902416 0.216357 -0.717659 0.132404 0.683692 0.588327 -0.410019 0.696962 -0.982746 1.67021 -0.0993208</i>
                        <i>0.373151 0.902098 0.216745 -0.717611 0.132565 0.683711 0.588041 -0.410666 0.696822 -0.982746 1.66989 -0.0993208</i>
                        <i>0.373709 0.901771 0.217142 -0.717562 0.132731 0.683731 0.587747 -0.411329 0.696679 -0.982746 1.6696 -0.0993208</i>
                        <i>0.374278 0.901437 0.217547 -0.717511 0.1329 0.683751 0.587447 -0.412006 0.696533 -0.982746 1.66934 -0.0993208</i>
                        <i>0.374858 0.901096 0.21796 -0.717459 0.133072 0.683772 0.58714 -0.412695 0.696383 -0.982746 1.66912 -0.0993208</i>
                        <i>0.375446 0.90075 0.218379 -0.717407 0.133246 0.683793 0.586828 -0.413394 0.696231 -0.982746 1.66893 -0.0993208</i>
                        <i>0.376042 0.900399 0.218804 -0.717354 0.133423 0.683814 0.586511 -0.414102 0.696077 -0.982746 1.66878 -0.0993208</i>
                        <i>0.376643 0.900043 0.219232 -0.717301 0.133602 0.683835 0.586191 -0.414816 0.695922 -0.982746 1.66868 -0.0993208</i>
                        <i>0.377247 0.899685 0.219663 -0.717247 0.133782 0.683857 0.585868 -0.415535 0.695765 -0.982746 1.66861 -0.0993208</i>
                        <i>0.377855 0.899324 0.220095 -0.717192 0.133963 0.683878 0.585544 -0.416257 0.695607 -0.982746 1.66859 -0.0993208</i>
                        <i>0.378462 0.898962 0.220529 -0.717138 0.134144 0.6839 0.585217 -0.41698 0.695448 -0.982746 1.66861 -0.0993208</i>
                        <i>0.37907 0.8986 0.220962 -0.717084 0.134325 0.683921 0.584891 -0.417702 0.69529 -0.982746 1.66868 -0.0993208</i>
                        <i>0.379674 0.898239 0.221393 -0.717029 0.134505 0.683942 0.584565 -0.41842 0.695132 -0.982746 1.66878 -0.0993208</i>
                        <i>0.380275 0.897879 0.221821 -0.716975 0.134684 0.683964 0.584241 -0.419134 0.694974 -0.982746 1.66893 -0.0993208</i>
                        <i>0.38087 0.897522 0.222245 -0.716922 0.134862 0.683985 0.583919 -0.419842 0.694818 -0.982746 1.66912 -0.0993208</i>
                        <i>0.381458 0.897168 0.222665 -0.716869 0.135038 0.684006 0.5836 -0.420541 0.694663 -0.982746 1.66934 -0.0993208</i>
                        <i>0.382037 0.896819 0.223078 -0.716817 0.135211 0.684026 0.583285 -0.421229 0.69451 -0.982746 1.6696 -0.0993208</i>
                        <i>0.382606 0.896475 0.223484 -0.716766 0.135381 0.684046 0.582975 -0.421905 0.69436 -0.982746 1.66989 -0.0993208</i>
                        <i>0.383163 0.896138 0.223881 -0.716715 0.135548 0.684066 0.582671 -0.422567 0.694213 -0.982746 1.67021 -0.0993208</i>
                        <i>0.383706 0.895809 0.224268 -0.716666 0.13571 0.684085 0.582374 -0.423213 0.694069 -0.982746 1.67056 -0.0993208</i>
                        <i>0.384234 0.895488 0.224645 -0.716619 0.135868 0.684103 0.582084 -0.42384 0.693929 -0.982746 1.67093 -0.0993208</i>
                        <i>0.384745 0.895177 0.22501 -0.716572 0.136021 0.684121 0.581804 -0.424448 0.693793 -0.982746 1.67133 -0.0993208</i>
                        <i>0.385237 0.894877 0.225361 -0.716528 0.136169 0.684139 0.581533 -0.425033 0.693662 -0.982746 1.67175 -0.0993208</i>
                        <i>0.38571 0.894588 0.225698 -0.716485 0.136311 0.684155 0.581272 -0.425595 0.693536 -0.982746 1.6722 -0.0993208</i>
                        <i>0.38616 0.894313 0.22602 -0.716444 0.136446 0.684171 0.581023 -0.426131 0.693415 -0.982746 1.67266 -0.0993208</i>
                        <i>0.386588 0.894051 0.226325 -0.716405 0.136575 0.684186 0.580787 -0.426639 0.693301 -0.982746 1.67314 -0.0993208</i>
                        <i>0.38699 0.893804 0.226613 -0.716369 0.136696 0.684201 0.580564 -0.427117 0.693193 -0.982746 1.67363 -0.0993208</i>
                        <i>0.387366 0.893573 0.226881 -0.716334 0.136808 0.684214 0.580356 -0.427564 0.693092 -0.982746 1.67414 -0.0993208</i>
                        <i>0.387714 0.893359 0.227129 -0.716303 0.136913 0.684226 0.580163 -0.427977 0.692999 -0.982746 1.67466 -0.0993208</i>
                        <i>0.388031 0.893163 0.227356 -0.716274 0.137009 0.684237 0.579986 -0.428355 0.692913 -0.982746 1.67519 -0.0993208</i>
                        <i>0.388318 0.892987 0.227561 -0.716248 0.137095 0.684247 0.579826 -0.428695 0.692836 -0.982746 1.67573 -0.0993208</i>
                        <i>0.388571 0.892831 0.227742 -0.716225 0.137171 0.684256 0.579685 -0.428996 0.692768 -0.982746 1.67627 -0.0993208</i>
                        <i>0.388789 0.892696 0.227898 -0.716205 0.137237 0.684264 0.579563 -0.429256 0.692709 -0.982746 1.67681 -0.0993208</i>
                        <i>0.388972 0.892583 0.228028 -0.716188 0.137292 0.68427 0.579462 -0.429472 0.69266 -0.982746 1.67736 -0.0993208</i>
                        <i>0.389087 0.892512 0.22811 -0.716178 0.137326 0.684274 0.579397 -0.429609 0.692629 -0.982746 1.67791 -0.0993208</i>
                        <i>0.389109 0.892498 0.228126 -0.716176 0.137333 0.684275 0.579385 -0.429635 0.692623 -0.982746 1.67846 -0.0993208</i>
                        <i>0.389044 0.892538 0.22808 -0.716182 0.137313 0.684273 0.579421 -0.429559 0.69264 -0.982746 1.679 -0.0993208</i>
                        <i>0.388899 0.892628 0.227976 -0.716195 0.13727 0.684268 0.579502 -0.429386 0.692679 -0.982746 1.67954 -0.0993208</i>
                        <i>0.38868 0.892763 0.227819 -0.716215 0.137204 0.68426 0.579624 -0.429126 0.692739 -0.982746 1.68007 -0.0993208</i>
                        <i>0.388392 0.892941 0.227614 -0.716241 0.137117 0.68425 0.579785 -0.428784 0.692816 -0.982746 1.68059 -0.0993208</i>
                        <i>0.388043 0.893156 0.227365 -0.716273 0.137012 0.684238 0.579979 -0.428369 0.69291 -0.982746 1.68109 -0.0993208</i>
                    </KeyFrames>
                </p>
            </i>
            <i>
                <p>
                    <Name><![CDATA[spine1]]></Name>
                    <Exclude>0</Exclude>
                    <Additive>0</Additive>
                    <IKPriority>0</IKPriority>
                    <IKRotLimits>-1e+010 -1e+010 -1e+010 1e+010 1e+010 1e+010</IKRotLimits>
                    <IKRotLimitOrder>0</IKRotLimitOrder>
                    <KeyFrames count="97">
                        <i>0.686046 0.617486 0.384775 -0.515824 0.0398397 0.855768 0.513096 -0.785572 0.345846 -0.909247 1.85046 -0.0562944</i>
                        <i>0.68529 0.61863 0.384285 -0.515815 0.0398001 0.855775 0.514113 -0.784674 0.346373 -0.90934 1.85097 -0.0563586</i>
                        <i>0.684441 0.619911 0.383733 -0.515804 0.0397556 0.855783 0.515254 -0.783664 0.346963 -0.909444 1.85146 -0.0564305</i>
                        <i>0.683508 0.621313 0.383128 -0.515793 0.0397069 0.855793 0.516502 -0.782556 0.347609 -0.909558 1.85193 -0.0565092</i>
                        <i>0.682503 0.622818 0.382476 -0.515781 0.0396546 0.855802 0.517842 -0.781362 0.348302 -0.90968 1.85238 -0.0565937</i>
                        <i>0.681437 0.624407 0.381785 -0.515767 0.0395994 0.855813 0.519257 -0.780095 0.349033 -0.909809 1.85282 -0.056683</i>
                        <i>0.680321 0.626063 0.381062 -0.515754 0.0395418 0.855824 0.520732 -0.778769 0.349796 -0.909944 1.85323 -0.0567761</i>
                        <i>0.679166 0.627769 0.380315 -0.515739 0.0394825 0.855835 0.522251 -0.777398 0.35058 -0.910083 1.85362 -0.0568721</i>
                        <i>0.677985 0.629507 0.37955 -0.515724 0.0394221 0.855847 0.523799 -0.775994 0.351379 -0.910225 1.85398 -0.0569698</i>
                        <i>0.676788 0.631258 0.378776 -0.515709 0.0393611 0.855859 0.525359 -0.774573 0.352185 -0.910368 1.85431 -0.0570685</i>
                        <i>0.675587 0.633007 0.378 -0.515694 0.0393002 0.855871 0.526917 -0.773148 0.352989 -0.910511 1.85462 -0.057167</i>
                        <i>0.674395 0.634736 0.377229 -0.515679 0.03924 0.855883 0.528457 -0.771732 0.353783 -0.910652 1.85489 -0.0572645</i>
                        <i>0.673223 0.636428 0.376472 -0.515664 0.039181 0.855895 0.529965 -0.770341 0.35456 -0.91079 1.85512 -0.0573599</i>
                        <i>0.672083 0.638065 0.375736 -0.515649 0.0391239 0.855906 0.531424 -0.768988 0.355312 -0.910924 1.85532 -0.0574523</i>
                        <i>0.670988 0.639631 0.37503 -0.515635 0.0390693 0.855917 0.532819 -0.767688 0.356031 -0.911052 1.85548 -0.0575407</i>
                        <i>0.66995 0.64111 0.37436 -0.515621 0.0390177 0.855928 0.534137 -0.766457 0.356709 -0.911174 1.85559 -0.0576242</i>
                        <i>0.668982 0.642483 0.373736 -0.515608 0.0389697 0.855938 0.535361 -0.765308 0.35734 -0.911286 1.85567 -0.0577019</i>
                        <i>0.668096 0.643736 0.373165 -0.515597 0.0389259 0.855947 0.536478 -0.764257 0.357914 -0.911389 1.8557 -0.0577727</i>
                        <i>0.667088 0.645155 0.372517 -0.515583 0.0388763 0.855957 0.537743 -0.763062 0.358565 -0.911505 1.85569 -0.057853</i>
                        <i>0.665987 0.646699 0.371808 -0.515569 0.0388223 0.855968 0.539119 -0.761757 0.359273 -0.911632 1.85563 -0.0579404</i>
                        <i>0.664806 0.648349 0.371048 -0.515553 0.0387646 0.85598 0.540591 -0.760356 0.360029 -0.911768 1.85553 -0.0580338</i>
                        <i>0.663556 0.650087 0.370244 -0.515536 0.0387038 0.855993 0.54214 -0.758874 0.360825 -0.911911 1.85539 -0.0581323</i>
                        <i>0.66225 0.651894 0.369404 -0.515519 0.0386404 0.856007 0.543751 -0.757325 0.361653 -0.912059 1.85522 -0.0582348</i>
                        <i>0.660901 0.653751 0.368538 -0.5155 0.0385753 0.856021 0.545408 -0.755726 0.362503 -0.912213 1.855 -0.0583402</i>
                        <i>0.659521 0.655641 0.367652 -0.515482 0.038509 0.856035 0.547093 -0.75409 0.363368 -0.912368 1.85476 -0.0584474</i>
                        <i>0.658123 0.657545 0.366755 -0.515463 0.0384422 0.856049 0.548792 -0.752434 0.364239 -0.912525 1.85448 -0.0585556</i>
                        <i>0.656721 0.659444 0.365856 -0.515443 0.0383754 0.856064 0.550487 -0.750773 0.365108 -0.912682 1.85417 -0.0586637</i>
                        <i>0.655328 0.661323 0.364963 -0.515424 0.0383093 0.856078 0.552163 -0.749123 0.365967 -0.912838 1.85383 -0.0587705</i>
                        <i>0.653957 0.663161 0.364085 -0.515405 0.0382445 0.856093 0.553803 -0.747499 0.366807 -0.91299 1.85346 -0.0588752</i>
                        <i>0.652621 0.664943 0.36323 -0.515387 0.0381817 0.856107 0.555394 -0.745917 0.367621 -0.913137 1.85307 -0.0589768</i>
                        <i>0.651336 0.66665 0.362407 -0.515369 0.0381216 0.85612 0.556917 -0.744395 0.368401 -0.913279 1.85266 -0.0590741</i>
                        <i>0.650114 0.668266 0.361626 -0.515352 0.0380645 0.856133 0.558359 -0.742948 0.369138 -0.913413 1.85222 -0.0591663</i>
                        <i>0.648969 0.669772 0.360894 -0.515335 0.0380113 0.856145 0.559704 -0.741593 0.369825 -0.913538 1.85176 -0.0592523</i>
                        <i>0.647916 0.671152 0.360221 -0.515321 0.0379625 0.856156 0.560936 -0.740347 0.370455 -0.913653 1.85129 -0.0593312</i>
                        <i>0.646969 0.672389 0.359617 -0.515307 0.0379187 0.856166 0.562041 -0.739226 0.371019 -0.913755 1.8508 -0.0594019</i>
                        <i>0.646142 0.673466 0.359088 -0.515295 0.0378806 0.856175 0.563002 -0.738247 0.37151 -0.913845 1.8503 -0.0594635</i>
                        <i>0.645449 0.674365 0.358646 -0.515286 0.0378487 0.856182 0.563805 -0.737427 0.37192 -0.91392 1.84978 -0.059515</i>
                        <i>0.644904 0.67507 0.358299 -0.515278 0.0378238 0.856188 0.564435 -0.736783 0.372242 -0.913979 1.84925 -0.0595553</i>
                        <i>0.644523 0.675564 0.358055 -0.515272 0.0378063 0.856192 0.564876 -0.736331 0.372467 -0.91402 1.84872 -0.0595836</i>
                        <i>0.644317 0.675829 0.357924 -0.515269 0.0377969 0.856194 0.565113 -0.736088 0.372587 -0.914042 1.84818 -0.0595988</i>
                        <i>0.644303 0.675848 0.357915 -0.515269 0.0377962 0.856195 0.56513 -0.736071 0.372596 -0.914043 1.84763 -0.0595999</i>
                        <i>0.644492 0.675604 0.358036 -0.515272 0.0378048 0.856193 0.564912 -0.736295 0.372485 -0.914023 1.84708 -0.0595859</i>
                        <i>0.644827 0.675171 0.358249 -0.515277 0.0378202 0.856189 0.564525 -0.736691 0.372287 -0.913987 1.84653 -0.0595611</i>
                        <i>0.645238 0.674639 0.358512 -0.515283 0.0378391 0.856185 0.564049 -0.737178 0.372045 -0.913943 1.84598 -0.0595306</i>
                        <i>0.645722 0.674011 0.358821 -0.515289 0.0378613 0.856179 0.563489 -0.737751 0.371759 -0.91389 1.84544 -0.0594947</i>
                        <i>0.646275 0.673292 0.359174 -0.515297 0.0378868 0.856174 0.562847 -0.738405 0.371431 -0.913831 1.8449 -0.0594535</i>
                        <i>0.646894 0.672486 0.359569 -0.515306 0.0379153 0.856167 0.562127 -0.739138 0.371063 -0.913764 1.84437 -0.0594075</i>
                        <i>0.647576 0.671597 0.360004 -0.515316 0.0379468 0.85616 0.561334 -0.739944 0.370658 -0.91369 1.84384 -0.0593566</i>
                        <i>0.648315 0.670629 0.360477 -0.515326 0.037981 0.856152 0.560469 -0.74082 0.370217 -0.913609 1.84333 -0.0593013</i>
                        <i>0.64911 0.669586 0.360985 -0.515337 0.0380179 0.856144 0.559538 -0.74176 0.369741 -0.913523 1.84283 -0.0592417</i>
                        <i>0.649957 0.668473 0.361526 -0.515349 0.0380572 0.856135 0.558544 -0.742763 0.369232 -0.91343 1.84235 -0.0591781</i>
                        <i>0.650851 0.667292 0.362097 -0.515362 0.0380989 0.856125 0.55749 -0.743821 0.368693 -0.913332 1.84188 -0.0591107</i>
                        <i>0.65179 0.666048 0.362698 -0.515375 0.0381428 0.856116 0.55638 -0.744933 0.368125 -0.913229 1.84143 -0.0590398</i>
                        <i>0.65277 0.664745 0.363325 -0.515389 0.0381887 0.856105 0.555217 -0.746093 0.367531 -0.913121 1.841 -0.0589655</i>
                        <i>0.653787 0.663388 0.363976 -0.515403 0.0382366 0.856095 0.554006 -0.747298 0.366911 -0.913009 1.8406 -0.0588882</i>
                        <i>0.654838 0.66198 0.364649 -0.515417 0.0382861 0.856084 0.552749 -0.748543 0.366267 -0.912892 1.84022 -0.058808</i>
                        <i>0.65592 0.660526 0.365342 -0.515432 0.0383373 0.856072 0.551451 -0.749824 0.365602 -0.912772 1.83986 -0.0587252</i>
                        <i>0.657029 0.659028 0.366053 -0.515448 0.03839 0.856061 0.550116 -0.751138 0.364918 -0.912648 1.83954 -0.05864</i>
                        <i>0.658161 0.657493 0.366779 -0.515463 0.0384439 0.856049 0.548746 -0.752479 0.364216 -0.912521 1.83924 -0.0585527</i>
                        <i>0.659313 0.655924 0.367519 -0.515479 0.0384991 0.856037 0.547346 -0.753845 0.363498 -0.912392 1.83897 -0.0584635</i>
                        <i>0.660482 0.654325 0.368269 -0.515495 0.0385552 0.856025 0.54592 -0.75523 0.362766 -0.91226 1.83874 -0.0583727</i>
                        <i>0.661665 0.6527 0.369029 -0.515511 0.0386122 0.856013 0.54447 -0.756632 0.362022 -0.912126 1.83855 -0.0582805</i>
                        <i>0.662858 0.651054 0.369795 -0.515527 0.0386699 0.856 0.543002 -0.758046 0.361268 -0.91199 1.83839 -0.0581871</i>
                        <i>0.664058 0.64939 0.370567 -0.515543 0.0387282 0.855988 0.541519 -0.759468 0.360506 -0.911853 1.83827 -0.0580928</i>
                        <i>0.665261 0.647714 0.371341 -0.515559 0.0387868 0.855976 0.540025 -0.760895 0.359738 -0.911716 1.8382 -0.0579979</i>
                        <i>0.666465 0.64603 0.372115 -0.515575 0.0388458 0.855963 0.538523 -0.762323 0.358966 -0.911577 1.83816 -0.0579025</i>
                        <i>0.667666 0.644341 0.372889 -0.515591 0.0389048 0.855951 0.537017 -0.763748 0.358192 -0.911439 1.83818 -0.0578069</i>
                        <i>0.668862 0.642653 0.373659 -0.515607 0.0389638 0.855939 0.535513 -0.765166 0.357418 -0.9113 1.83823 -0.0577115</i>
                        <i>0.670048 0.64097 0.374424 -0.515622 0.0390226 0.855927 0.534012 -0.766574 0.356645 -0.911162 1.83833 -0.0576163</i>
                        <i>0.671223 0.639295 0.375181 -0.515638 0.039081 0.855915 0.53252 -0.767967 0.355877 -0.911025 1.83847 -0.0575218</i>
