<?xml version="1.0" encoding="ISO-8859-1" ?>
<Animl Version="1">
    <ModellingPackage><![CDATA[Maya.2010]]></ModellingPackage>
    <SrcFile><![CDATA[anims\turrets\machinegun\red\~src\mgun_balkan\mgun_balkan_reload_low_crewman_a.mb]]></SrcFile>
    <FramesPerSecond>30</FramesPerSecond>
    <TotalFrames>131</TotalFrames>
    <Skeleton>
        <RefFrame>
            <Name><![CDATA[soldier_ref_frame]]></Name>
            <Exclude>0</Exclude>
            <Additive>0</Additive>
            <IKPriority>0</IKPriority>
            <IKRotLimits>-1e+010 -1e+010 -1e+010 1e+010 1e+010 1e+010</IKRotLimits>
            <IKRotLimitOrder>0</IKRotLimitOrder>
            <KeyFrames count="131">
                <i>1 0 0 0 1 0 0 0 1 0.0553985 0.938949 -1.83662</i>
                <i>1 0 0 0 1 0 0 0 1 0.0553985 0.938949 -1.83662</i>
                <i>1 0 0 0 1 0 0 0 1 0.0553985 0.938949 -1.83662</i>
                <i>1 0 0 0 1 0 0 0 1 0.0553985 0.938949 -1.83662</i>
                <i>1 0 0 0 1 0 0 0 1 0.0553985 0.938949 -1.83662</i>
                <i>1 0 0 0 1 0 0 0 1 0.0553985 0.938949 -1.83662</i>
                <i>1 0 0 0 1 0 0 0 1 0.0553985 0.938949 -1.83662</i>
                <i>1 0 0 0 1 0 0 0 1 0.0553985 0.938949 -1.83662</i>
                <i>1 0 0 0 1 0 0 0 1 0.0553985 0.938949 -1.83662</i>
                <i>1 0 0 0 1 0 0 0 1 0.0553985 0.938949 -1.83662</i>
                <i>1 0 0 0 1 0 0 0 1 0.0553985 0.938949 -1.83662</i>
                <i>1 0 0 0 1 0 0 0 1 0.0553985 0.938949 -1.83662</i>
                <i>1 0 0 0 1 0 0 0 1 0.0553985 0.938949 -1.83662</i>
                <i>1 0 0 0 1 0 0 0 1 0.0553985 0.938949 -1.83662</i>
                <i>1 0 0 0 1 0 0 0 1 0.0553985 0.938949 -1.83662</i>
                <i>1 0 0 0 1 0 0 0 1 0.0553985 0.938949 -1.83662</i>
                <i>1 0 0 0 1 0 0 0 1 0.0553985 0.938949 -1.83662</i>
                <i>1 0 0 0 1 0 0 0 1 0.0553985 0.938949 -1.83662</i>
                <i>1 0 0 0 1 0 0 0 1 0.0553985 0.938949 -1.83662</i>
                <i>1 0 0 0 1 0 0 0 1 0.0553985 0.938949 -1.83662</i>
                <i>1 0 0 0 1 0 0 0 1 0.0553985 0.938949 -1.83662</i>
                <i>1 0 0 0 1 0 0 0 1 0.0553985 0.938949 -1.83662</i>
                <i>1 0 0 0 1 0 0 0 1 0.0553985 0.938949 -1.83662</i>
                <i>1 0 0 0 1 0 0 0 1 0.0553985 0.938949 -1.83662</i>
                <i>1 0 0 0 1 0 0 0 1 0.0553985 0.938949 -1.83662</i>
                <i>1 0 0 0 1 0 0 0 1 0.0553985 0.938949 -1.83662</i>
                <i>1 0 0 0 1 0 0 0 1 0.0553985 0.938949 -1.83662</i>
                <i>1 0 0 0 1 0 0 0 1 0.0553985 0.938949 -1.83662</i>
                <i>1 0 0 0 1 0 0 0 1 0.0553985 0.938949 -1.83662</i>
                <i>1 0 0 0 1 0 0 0 1 0.0553985 0.938949 -1.83662</i>
                <i>1 0 0 0 1 0 0 0 1 0.0553985 0.938949 -1.83662</i>
                <i>1 0 0 0 1 0 0 0 1 0.0553985 0.938949 -1.83662</i>
                <i>1 0 0 0 1 0 0 0 1 0.0553985 0.938949 -1.83662</i>
                <i>1 0 0 0 1 0 0 0 1 0.0553985 0.938949 -1.83662</i>
                <i>1 0 0 0 1 0 0 0 1 0.0553985 0.938949 -1.83662</i>
                <i>1 0 0 0 1 0 0 0 1 0.0553985 0.938949 -1.83662</i>
                <i>1 0 0 0 1 0 0 0 1 0.0553985 0.938949 -1.83662</i>
                <i>1 0 0 0 1 0 0 0 1 0.0553985 0.938949 -1.83662</i>
                <i>1 0 0 0 1 0 0 0 1 0.0553985 0.938949 -1.83662</i>
                <i>1 0 0 0 1 0 0 0 1 0.0553985 0.938949 -1.83662</i>
                <i>1 0 0 0 1 0 0 0 1 0.0553985 0.938949 -1.83662</i>
                <i>1 0 0 0 1 0 0 0 1 0.0553985 0.938949 -1.83662</i>
                <i>1 0 0 0 1 0 0 0 1 0.0553985 0.938949 -1.83662</i>
                <i>1 0 0 0 1 0 0 0 1 0.0553985 0.938949 -1.83662</i>
                <i>1 0 0 0 1 0 0 0 1 0.0553985 0.938949 -1.83662</i>
                <i>1 0 0 0 1 0 0 0 1 0.0553985 0.938949 -1.83662</i>
                <i>1 0 0 0 1 0 0 0 1 0.0553985 0.938949 -1.83662</i>
                <i>1 0 0 0 1 0 0 0 1 0.0553985 0.938949 -1.83662</i>
                <i>1 0 0 0 1 0 0 0 1 0.0553985 0.938949 -1.83662</i>
                <i>1 0 0 0 1 0 0 0 1 0.0553985 0.938949 -1.83662</i>
                <i>1 0 0 0 1 0 0 0 1 0.0553985 0.938949 -1.83662</i>
                <i>1 0 0 0 1 0 0 0 1 0.0553985 0.938949 -1.83662</i>
                <i>1 0 0 0 1 0 0 0 1 0.0553985 0.938949 -1.83662</i>
                <i>1 0 0 0 1 0 0 0 1 0.0553985 0.938949 -1.83662</i>
                <i>1 0 0 0 1 0 0 0 1 0.0553985 0.938949 -1.83662</i>
                <i>1 0 0 0 1 0 0 0 1 0.0553985 0.938949 -1.83662</i>
                <i>1 0 0 0 1 0 0 0 1 0.0553985 0.938949 -1.83662</i>
                <i>1 0 0 0 1 0 0 0 1 0.0553985 0.938949 -1.83662</i>
                <i>1 0 0 0 1 0 0 0 1 0.0553985 0.938949 -1.83662</i>
                <i>1 0 0 0 1 0 0 0 1 0.0553985 0.938949 -1.83662</i>
                <i>1 0 0 0 1 0 0 0 1 0.0553985 0.938949 -1.83662</i>
                <i>1 0 0 0 1 0 0 0 1 0.0553985 0.938949 -1.83662</i>
                <i>1 0 0 0 1 0 0 0 1 0.0553985 0.938949 -1.83662</i>
                <i>1 0 0 0 1 0 0 0 1 0.0553985 0.938949 -1.83662</i>
                <i>1 0 0 0 1 0 0 0 1 0.0553985 0.938949 -1.83662</i>
                <i>1 0 0 0 1 0 0 0 1 0.0553985 0.938949 -1.83662</i>
                <i>1 0 0 0 1 0 0 0 1 0.0553985 0.938949 -1.83662</i>
                <i>1 0 0 0 1 0 0 0 1 0.0553985 0.938949 -1.83662</i>
                <i>1 0 0 0 1 0 0 0 1 0.0553985 0.938949 -1.83662</i>
                <i>1 0 0 0 1 0 0 0 1 0.0553985 0.938949 -1.83662</i>
                <i>1 0 0 0 1 0 0 0 1 0.0553985 0.938949 -1.83662</i>
                <i>1 0 0 0 1 0 0 0 1 0.0553985 0.938949 -1.83662</i>
                <i>1 0 0 0 1 0 0 0 1 0.0553985 0.938949 -1.83662</i>
                <i>1 0 0 0 1 0 0 0 1 0.0553985 0.938949 -1.83662</i>
                <i>1 0 0 0 1 0 0 0 1 0.0553985 0.938949 -1.83662</i>
                <i>1 0 0 0 1 0 0 0 1 0.0553985 0.938949 -1.83662</i>
                <i>1 0 0 0 1 0 0 0 1 0.0553985 0.938949 -1.83662</i>
                <i>1 0 0 0 1 0 0 0 1 0.0553985 0.938949 -1.83662</i>
                <i>1 0 0 0 1 0 0 0 1 0.0553985 0.938949 -1.83662</i>
                <i>1 0 0 0 1 0 0 0 1 0.0553985 0.938949 -1.83662</i>
                <i>1 0 0 0 1 0 0 0 1 0.0553985 0.938949 -1.83662</i>
                <i>1 0 0 0 1 0 0 0 1 0.0553985 0.938949 -1.83662</i>
                <i>1 0 0 0 1 0 0 0 1 0.0553985 0.938949 -1.83662</i>
                <i>1 0 0 0 1 0 0 0 1 0.0553985 0.938949 -1.83662</i>
                <i>1 0 0 0 1 0 0 0 1 0.0553985 0.938949 -1.83662</i>
                <i>1 0 0 0 1 0 0 0 1 0.0553985 0.938949 -1.83662</i>
                <i>1 0 0 0 1 0 0 0 1 0.0553985 0.938949 -1.83662</i>
                <i>1 0 0 0 1 0 0 0 1 0.0553985 0.938949 -1.83662</i>
                <i>1 0 0 0 1 0 0 0 1 0.0553985 0.938949 -1.83662</i>
                <i>1 0 0 0 1 0 0 0 1 0.0553985 0.938949 -1.83662</i>
                <i>1 0 0 0 1 0 0 0 1 0.0553985 0.938949 -1.83662</i>
                <i>1 0 0 0 1 0 0 0 1 0.0553985 0.938949 -1.83662</i>
                <i>1 0 0 0 1 0 0 0 1 0.0553985 0.938949 -1.83662</i>
                <i>1 0 0 0 1 0 0 0 1 0.0553985 0.938949 -1.83662</i>
                <i>1 0 0 0 1 0 0 0 1 0.0553985 0.938949 -1.83662</i>
                <i>1 0 0 0 1 0 0 0 1 0.0553985 0.938949 -1.83662</i>
                <i>1 0 0 0 1 0 0 0 1 0.0553985 0.938949 -1.83662</i>
                <i>1 0 0 0 1 0 0 0 1 0.0553985 0.938949 -1.83662</i>
                <i>1 0 0 0 1 0 0 0 1 0.0553985 0.938949 -1.83662</i>
                <i>1 0 0 0 1 0 0 0 1 0.0553985 0.938949 -1.83662</i>
                <i>1 0 0 0 1 0 0 0 1 0.0553985 0.938949 -1.83662</i>
                <i>1 0 0 0 1 0 0 0 1 0.0553985 0.938949 -1.83662</i>
                <i>1 0 0 0 1 0 0 0 1 0.0553985 0.938949 -1.83662</i>
                <i>1 0 0 0 1 0 0 0 1 0.0553985 0.938949 -1.83662</i>
                <i>1 0 0 0 1 0 0 0 1 0.0553985 0.938949 -1.83662</i>
                <i>1 0 0 0 1 0 0 0 1 0.0553985 0.938949 -1.83662</i>
                <i>1 0 0 0 1 0 0 0 1 0.0553985 0.938949 -1.83662</i>
                <i>1 0 0 0 1 0 0 0 1 0.0553985 0.938949 -1.83662</i>
                <i>1 0 0 0 1 0 0 0 1 0.0553985 0.938949 -1.83662</i>
                <i>1 0 0 0 1 0 0 0 1 0.0553985 0.938949 -1.83662</i>
                <i>1 0 0 0 1 0 0 0 1 0.0553985 0.938949 -1.83662</i>
                <i>1 0 0 0 1 0 0 0 1 0.0553985 0.938949 -1.83662</i>
                <i>1 0 0 0 1 0 0 0 1 0.0553985 0.938949 -1.83662</i>
                <i>1 0 0 0 1 0 0 0 1 0.0553985 0.938949 -1.83662</i>
                <i>1 0 0 0 1 0 0 0 1 0.0553985 0.938949 -1.83662</i>
                <i>1 0 0 0 1 0 0 0 1 0.0553985 0.938949 -1.83662</i>
                <i>1 0 0 0 1 0 0 0 1 0.0553985 0.938949 -1.83662</i>
                <i>1 0 0 0 1 0 0 0 1 0.0553985 0.938949 -1.83662</i>
                <i>1 0 0 0 1 0 0 0 1 0.0553985 0.938949 -1.83662</i>
                <i>1 0 0 0 1 0 0 0 1 0.0553985 0.938949 -1.83662</i>
                <i>1 0 0 0 1 0 0 0 1 0.0553985 0.938949 -1.83662</i>
                <i>1 0 0 0 1 0 0 0 1 0.0553985 0.938949 -1.83662</i>
                <i>1 0 0 0 1 0 0 0 1 0.0553985 0.938949 -1.83662</i>
                <i>1 0 0 0 1 0 0 0 1 0.0553985 0.938949 -1.83662</i>
                <i>1 0 0 0 1 0 0 0 1 0.0553985 0.938949 -1.83662</i>
                <i>1 0 0 0 1 0 0 0 1 0.0553985 0.938949 -1.83662</i>
                <i>1 0 0 0 1 0 0 0 1 0.0553985 0.938949 -1.83662</i>
                <i>1 0 0 0 1 0 0 0 1 0.0553985 0.938949 -1.83662</i>
                <i>1 0 0 0 1 0 0 0 1 0.0553985 0.938949 -1.83662</i>
                <i>1 0 0 0 1 0 0 0 1 0.0553985 0.938949 -1.83662</i>
                <i>1 0 0 0 1 0 0 0 1 0.0553985 0.938949 -1.83662</i>
            </KeyFrames>
        </RefFrame>
        <Bones count="23">
            <i>
                <p>
                    <Name><![CDATA[pelvis]]></Name>
                    <Exclude>0</Exclude>
                    <Additive>0</Additive>
                    <IKPriority>0</IKPriority>
                    <IKRotLimits>-1e+010 -1e+010 -1e+010 1e+010 1e+010 1e+010</IKRotLimits>
                    <IKRotLimitOrder>2</IKRotLimitOrder>
                    <KeyFrames count="131">
                        <i>1 0 0 0 1 0 0 0 1 -0.0200439 2.31296 -1.78812</i>
                        <i>1 0 0 0 1 0 0 0 1 -0.0212154 2.18418 -1.78965</i>
                        <i>1 0 0 0 1 0 0 0 1 -0.0200439 2.1523 -1.78812</i>
                        <i>1 0 0 0 1 0 0 0 1 -0.0166194 2.28621 -1.78041</i>
                        <i>1 0 0 0 1 0 0 0 1 -0.0145028 2.45323 -1.77055</i>
                        <i>1 0 0 0 1 0 0 0 1 -0.0118689 2.64177 -1.76005</i>
                        <i>1 0 0 0 1 0 0 0 1 -0.00688862 2.84025 -1.75036</i>
                        <i>1 0 0 0 1 0 0 0 1 0.00227073 3.03709 -1.74291</i>
                        <i>1 0 0 0 1 0 0 0 1 0.0174424 3.22079 -1.73911</i>
                        <i>1 0 0 0 1 0 0 0 1 0.0386671 3.40568 -1.74183</i>
                        <i>1 0 0 0 1 0 0 0 1 0.0638977 3.58466 -1.753</i>
                        <i>1 0 0 0 1 0 0 0 1 0.0918462 3.71348 -1.7728</i>
                        <i>1 0 0 0 1 0 0 0 1 0.121249 3.79456 -1.79814</i>
                        <i>1 0 0 0 1 0 0 0 1 0.150814 3.8587 -1.82522</i>
                        <i>1 0 0 0 1 0 0 0 1 0.179253 3.90364 -1.85361</i>
                        <i>1 0 0 0 1 0 0 0 1 0.205271 3.92722 -1.88287</i>
                        <i>1 0 0 0 1 0 0 0 1 0.227571 3.92735 -1.91255</i>
                        <i>1 0 0 0 1 0 0 0 1 0.242147 3.90119 -1.94226</i>
                        <i>1 0 0 0 1 0 0 0 1 0.248423 3.85058 -1.97173</i>
                        <i>1 0 0 0 1 0 0 0 1 0.250264 3.78035 -2.00072</i>
                        <i>1 0 0 0 1 0 0 0 1 0.25153 3.69503 -2.02891</i>
                        <i>1 0 0 0 1 0 0 0 1 0.256067 3.59887 -2.05578</i>
                        <i>1 0 0 0 1 0 0 0 1 0.263445 3.46217 -2.08093</i>
                        <i>1 0 0 0 1 0 0 0 1 0.268317 3.28638 -2.10319</i>
                        <i>1 0 0 0 1 0 0 0 1 0.26713 3.1224 -2.12074</i>
                        <i>1 0 0 0 1 0 0 0 1 0.256359 3.02123 -2.13203</i>
                        <i>1 0 0 0 1 0 0 0 1 0.232809 3.00976 -2.13563</i>
                        <i>1 0 0 0 1 0 0 0 1 0.199112 3.05635 -2.13271</i>
                        <i>1 0 0 0 1 0 0 0 1 0.160501 3.12429 -2.12577</i>
                        <i>1 0 0 0 1 0 0 0 1 0.122211 3.17686 -2.11732</i>
                        <i>1 0 0 0 1 0 0 0 1 0.0845845 3.20978 -2.10792</i>
                        <i>1 0 0 0 1 0 0 0 1 0.0452157 3.24246 -2.09691</i>
                        <i>1 0 0 0 1 0 0 0 1 0.00521382 3.27375 -2.08484</i>
                        <i>1 0 0 0 1 0 0 0 1 -0.0343118 3.30249 -2.07232</i>
                        <i>1 0 0 0 1 0 0 0 1 -0.072252 3.32752 -2.05991</i>
                        <i>1 0 0 0 1 0 0 0 1 -0.107498 3.34768 -2.04819</i>
                        <i>1 0 0 0 1 0 0 0 1 -0.138421 3.35925 -2.03687</i>
                        <i>1 0 0 0 1 0 0 0 1 -0.165229 3.36141 -2.02562</i>
                        <i>1 0 0 0 1 0 0 0 1 -0.189566 3.35734 -2.01501</i>
                        <i>1 0 0 0 1 0 0 0 1 -0.213076 3.35022 -2.00562</i>
                        <i>1 0 0 0 1 0 0 0 1 -0.235707 3.34198 -1.99793</i>
                        <i>1 0 0 0 1 0 0 0 1 -0.2567 3.33065 -1.99151</i>
                        <i>1 0 0 0 1 0 0 0 1 -0.276757 3.31329 -1.9856</i>
                        <i>1 0 0 0 1 0 0 0 1 -0.296648 3.28689 -1.97944</i>
                        <i>1 0 0 0 1 0 0 0 1 -0.317902 3.2462 -1.97274</i>
                        <i>1 0 0 0 1 0 0 0 1 -0.34032 3.1941 -1.96595</i>
                        <i>1 0 0 0 1 0 0 0 1 -0.362127 3.1397 -1.95933</i>
                        <i>1 0 0 0 1 0 0 0 1 -0.38181 3.0915 -1.95303</i>
                        <i>1 0 0 0 1 0 0 0 1 -0.39806 3.05722 -1.94718</i>
                        <i>1 0 0 0 1 0 0 0 1 -0.409635 3.04402 -1.94202</i>
                        <i>1 0 0 0 1 0 0 0 1 -0.417806 3.0487 -1.93692</i>
                        <i>1 0 0 0 1 0 0 0 1 -0.424725 3.06212 -1.93129</i>
                        <i>1 0 0 0 1 0 0 0 1 -0.430429 3.08245 -1.92541</i>
                        <i>1 0 0 0 1 0 0 0 1 -0.434948 3.10794 -1.91959</i>
                        <i>1 0 0 0 1 0 0 0 1 -0.438317 3.13681 -1.91413</i>
                        <i>1 0 0 0 1 0 0 0 1 -0.44057 3.16731 -1.90933</i>
                        <i>1 0 0 0 1 0 0 0 1 -0.441748 3.19762 -1.90549</i>
                        <i>1 0 0 0 1 0 0 0 1 -0.441896 3.22594 -1.90291</i>
                        <i>1 0 0 0 1 0 0 0 1 -0.44107 3.25039 -1.90189</i>
                        <i>1 0 0 0 1 0 0 0 1 -0.439333 3.26912 -1.90275</i>
                        <i>1 0 0 0 1 0 0 0 1 -0.434449 3.28251 -1.9083</i>
                        <i>1 0 0 0 1 0 0 0 1 -0.425183 3.29208 -1.91956</i>
                        <i>1 0 0 0 1 0 0 0 1 -0.413116 3.2976 -1.93412</i>
                        <i>1 0 0 0 1 0 0 0 1 -0.399817 3.29883 -1.94955</i>
                        <i>1 0 0 0 1 0 0 0 1 -0.386842 3.29556 -1.96342</i>
                        <i>1 0 0 0 1 0 0 0 1 -0.375725 3.2876 -1.97329</i>
                        <i>1 0 0 0 1 0 0 0 1 -0.365896 3.26327 -1.97726</i>
                        <i>1 0 0 0 1 0 0 0 1 -0.356429 3.22292 -1.97682</i>
                        <i>1 0 0 0 1 0 0 0 1 -0.348313 3.18437 -1.97462</i>
                        <i>1 0 0 0 1 0 0 0 1 -0.342538 3.16547 -1.97329</i>
                        <i>1 0 0 0 1 0 0 0 1 -0.338956 3.16667 -1.97329</i>
                        <i>1 0 0 0 1 0 0 0 1 -0.336513 3.17513 -1.97329</i>
                        <i>1 0 0 0 1 0 0 0 1 -0.334849 3.18877 -1.97329</i>
                        <i>1 0 0 0 1 0 0 0 1 -0.333599 3.20548 -1.97329</i>
                        <i>1 0 0 0 1 0 0 0 1 -0.332401 3.22318 -1.97329</i>
                        <i>1 0 0 0 1 0 0 0 1 -0.330893 3.23978 -1.97329</i>
                        <i>1 0 0 0 1 0 0 0 1 -0.328711 3.25317 -1.97329</i>
                        <i>1 0 0 0 1 0 0 0 1 -0.326599 3.26696 -1.97329</i>
                        <i>1 0 0 0 1 0 0 0 1 -0.324451 3.28171 -1.97329</i>
                        <i>1 0 0 0 1 0 0 0 1 -0.32063 3.2908 -1.97329</i>
                        <i>1 0 0 0 1 0 0 0 1 -0.3135 3.2876 -1.97329</i>
                        <i>1 0 0 0 1 0 0 0 1 -0.303037 3.26726 -1.97528</i>
                        <i>1 0 0 0 1 0 0 0 1 -0.289976 3.23435 -1.9786</i>
                        <i>1 0 0 0 1 0 0 0 1 -0.273818 3.19635 -1.97926</i>
                        <i>1 0 0 0 1 0 0 0 1 -0.254063 3.16076 -1.97329</i>
                        <i>1 0 0 0 1 0 0 0 1 -0.230183 3.12309 -1.95961</i>
                        <i>1 0 0 0 1 0 0 0 1 -0.203103 3.07849 -1.94128</i>
                        <i>1 0 0 0 1 0 0 0 1 -0.174498 3.03385 -1.92061</i>
                        <i>1 0 0 0 1 0 0 0 1 -0.146044 2.99605 -1.89984</i>
                        <i>1 0 0 0 1 0 0 0 1 -0.119416 2.97199 -1.88127</i>
                        <i>1 0 0 0 1 0 0 0 1 -0.0962887 2.96856 -1.86716</i>
                        <i>1 0 0 0 1 0 0 0 1 -0.076552 2.99484 -1.85827</i>
                        <i>1 0 0 0 1 0 0 0 1 -0.0588434 3.04715 -1.85294</i>
                        <i>1 0 0 0 1 0 0 0 1 -0.0429607 3.1132 -1.8498</i>
                        <i>1 0 0 0 1 0 0 0 1 -0.0287015 3.18069 -1.84749</i>
                        <i>1 0 0 0 1 0 0 0 1 -0.0158638 3.23735 -1.84464</i>
                        <i>1 0 0 0 1 0 0 0 1 -0.00424531 3.27089 -1.83988</i>
                        <i>1 0 0 0 1 0 0 0 1 0.0057884 3.28937 -1.83274</i>
                        <i>1 0 0 0 1 0 0 0 1 0.0140025 3.30424 -1.82421</i>
                        <i>1 0 0 0 1 0 0 0 1 0.0207951 3.30828 -1.81513</i>
                        <i>1 0 0 0 1 0 0 0 1 0.0265645 3.29425 -1.80638</i>
                        <i>1 0 0 0 1 0 0 0 1 0.031709 3.25492 -1.7988</i>
                        <i>1 0 0 0 1 0 0 0 1 0.0366266 3.18307 -1.79326</i>
                        <i>1 0 0 0 1 0 0 0 1 0.0416872 3.04135 -1.7906</i>
                        <i>1 0 0 0 1 0 0 0 1 0.0464214 2.83024 -1.79035</i>
                        <i>1 0 0 0 1 0 0 0 1 0.0499689 2.59919 -1.79143</i>
                        <i>1 0 0 0 1 0 0 0 1 0.051469 2.39763 -1.79277</i>
                        <i>1 0 0 0 1 0 0 0 1 0.0500613 2.27503 -1.79326</i>
                        <i>1 0 0 0 1 0 0 0 1 0.0465809 2.23171 -1.79296</i>
                        <i>1 0 0 0 1 0 0 0 1 0.0424897 2.22732 -1.79263</i>
                        <i>1 0 0 0 1 0 0 0 1 0.0378672 2.25025 -1.79227</i>
                        <i>1 0 0 0 1 0 0 0 1 0.0327932 2.28891 -1.79189</i>
                        <i>1 0 0 0 1 0 0 0 1 0.0273474 2.33172 -1.79149</i>
                        <i>1 0 0 0 1 0 0 0 1 0.0216094 2.36707 -1.79108</i>
                        <i>1 0 0 0 1 0 0 0 1 0.0156589 2.38338 -1.79066</i>
                        <i>1 0 0 0 1 0 0 0 1 0.00957566 2.38182 -1.79023</i>
                        <i>1 0 0 0 1 0 0 0 1 0.00343926 2.37293 -1.7898</i>
                        <i>1 0 0 0 1 0 0 0 1 -0.00267062 2.35916 -1.78937</i>
                        <i>1 0 0 0 1 0 0 0 1 -0.00867421 2.34294 -1.78894</i>
                        <i>1 0 0 0 1 0 0 0 1 -0.0144919 2.32673 -1.78852</i>
                        <i>1 0 0 0 1 0 0 0 1 -0.0200439 2.31296 -1.78812</i>
                        <i>1 0 0 0 1 0 0 0 1 -0.0200439 2.31296 -1.78812</i>
                        <i>1 0 0 0 1 0 0 0 1 -0.0200439 2.31296 -1.78812</i>
                        <i>1 0 0 0 1 0 0 0 1 -0.0200439 2.31296 -1.78812</i>
                        <i>1 0 0 0 1 0 0 0 1 -0.0200439 2.31296 -1.78812</i>
                        <i>1 0 0 0 1 0 0 0 1 -0.0200439 2.31296 -1.78812</i>
                        <i>1 0 0 0 1 0 0 0 1 -0.0200439 2.31296 -1.78812</i>
                        <i>1 0 0 0 1 0 0 0 1 -0.0200439 2.31296 -1.78812</i>
                        <i>1 0 0 0 1 0 0 0 1 -0.0200439 2.31296 -1.78812</i>
                        <i>1 0 0 0 1 0 0 0 1 -0.0200439 2.31296 -1.78812</i>
                        <i>1 0 0 0 1 0 0 0 1 -0.0200439 2.31296 -1.78812</i>
                    </KeyFrames>
                </p>
            </i>
            <i>
                <p>
                    <Name><![CDATA[spine0]]></Name>
                    <Exclude>0</Exclude>
                    <Additive>0</Additive>
                    <IKPriority>0</IKPriority>
                    <IKRotLimits>-1e+010 -1e+010 -1e+010 1e+010 1e+010 1e+010</IKRotLimits>
                    <IKRotLimitOrder>0</IKRotLimitOrder>
                    <KeyFrames count="131">
                        <i>0 0.973159 0.230135 -1 0 -2.77556e-017 -5.55112e-017 -0.230135 0.973159 -0.0200439 2.45369 -1.81794</i>
                        <i>0.000242035 0.977255 0.212069 -0.999997 -0.000278913 0.00242659 0.00243054 -0.212069 0.977252 -0.0213492 2.32259 -1.82888</i>
                        <i>2.22045e-016 0.976508 0.215482 -1 2.22045e-016 0 -2.77556e-017 -0.215482 0.976508 -0.0200439 2.28796 -1.83602</i>
                        <i>-0.000964672 0.96821 0.250136 -0.999932 0.00196322 -0.0114554 -0.0115823 -0.25013 0.968143 -0.0159922 2.4179 -1.83832</i>
                        <i>-0.00240872 0.956314 0.292331 -0.999635 0.00556666 -0.0264471 -0.0269191 -0.292288 0.955951 -0.0129785 2.57876 -1.84081</i>
                        <i>-0.00551838 0.938017 0.346546 -0.998963 0.0104921 -0.0443071 -0.0451968 -0.346431 0.936986 -0.0089694 2.76006 -1.84188</i>
                        <i>-0.0116631 0.911316 0.411543 -0.997932 0.0154064 -0.062397 -0.0632038 -0.41142 0.909252 -0.002216 2.95231 -1.84045</i>
                        <i>-0.0218668 0.874498 0.484535 -0.99701 0.0168546 -0.075414 -0.0741161 -0.484736 0.871515 0.00876612 3.14665 -1.83593</i>
                        <i>-0.0365129 0.82504 0.563893 -0.996947 0.00889824 -0.0775729 -0.0690184 -0.565004 0.822197 0.0253372 3.33395 -1.82759</i>
                        <i>-0.0610279 0.708601 0.702965 -0.996985 -0.00946062 -0.0770168 -0.0479237 -0.705546 0.707042 0.0457086 3.53986 -1.79325</i>
                        <i>-0.0892584 0.527641 0.844765 -0.995446 -0.0187579 -0.0934632 -0.033469 -0.84926 0.526913 0.0679578 3.72758 -1.73707</i>
                        <i>-0.108134 0.437263 0.892809 -0.993599 -0.0180242 -0.111514 -0.0326688 -0.899153 0.436413 0.0955895 3.84656 -1.71829</i>
                        <i>-0.119038 0.477801 0.870366 -0.992073 -0.0216809 -0.123782 -0.0402727 -0.878201 0.476594 0.128101 3.9264 -1.74098</i>
                        <i>-0.126952 0.540299 0.831841 -0.990617 -0.0262675 -0.134122 -0.0506157 -0.841063 0.538564 0.16138 3.99214 -1.77251</i>
                        <i>-0.130877 0.617451 0.775645 -0.989419 -0.031929 -0.141531 -0.0626227 -0.785961 0.615097 0.19364 4.04015 -1.81053</i>
                        <i>-0.129589 0.700595 0.701693 -0.988629 -0.0368499 -0.145788 -0.0762813 -0.712607 0.697404 0.223093 4.06674 -1.85269</i>
                        <i>-0.12195 0.781119 0.612357 -0.988223 -0.0381049 -0.148197 -0.0924258 -0.623218 0.776567 0.24793 4.06884 -1.89638</i>
                        <i>-0.104725 0.853252 0.510875 -0.988357 -0.0322818 -0.148688 -0.110376 -0.520498 0.846699 0.262534 4.04359 -1.94061</i>
                        <i>-0.0791236 0.912139 0.402173 -0.98877 -0.0205008 -0.148035 -0.126783 -0.409369 0.903517 0.26619 3.99268 -1.98538</i>
                        <i>-0.0505964 0.954225 0.294778 -0.988811 -0.00639023 -0.149036 -0.140331 -0.29902 0.943872 0.264442 3.92064 -2.02926</i>
                        <i>-0.0233587 0.979961 0.197814 -0.988191 0.00733929 -0.153049 -0.151434 -0.199053 0.968218 0.262849 3.83226 -2.07059</i>
                        <i>-0.0010557 0.992819 0.119618 -0.98689 0.018271 -0.160358 -0.161392 -0.118219 0.979784 0.266954 3.73265 -2.10754</i>
                        <i>0.0119632 0.996695 0.0803549 -0.983926 0.026053 -0.176667 -0.178176 -0.0769497 0.980985 0.278607 3.59368 -2.13726</i>
                        <i>0.0143092 0.996119 0.0868405 -0.978959 0.0316368 -0.201588 -0.203553 -0.0821288 0.975613 0.291026 3.41734 -2.15825</i>
                        <i>0.00563221 0.992032 0.125858 -0.973801 0.0340538 -0.224839 -0.227333 -0.121294 0.966234 0.296624 3.25397 -2.17089</i>
                        <i>-0.0110982 0.982869 0.183971 -0.970288 0.033886 -0.23957 -0.2417 -0.181164 0.953289 0.288303 3.1544 -2.1761</i>
                        <i>-0.0422825 0.957062 0.286784 -0.968267 0.0315127 -0.247923 -0.246315 -0.288166 0.925359 0.260582 3.14657 -2.17037</i>
                        <i>-0.0872011 0.899489 0.428153 -0.966417 0.0279073 -0.255458 -0.24173 -0.43605 0.866849 0.218307 3.19729 -2.15421</i>
                        <i>-0.13121 0.825876 0.548373 -0.962796 0.0256559 -0.269009 -0.236237 -0.563268 0.791784 0.170721 3.26748 -2.13526</i>
                        <i>-0.165718 0.785414 0.596374 -0.954205 0.0250217 -0.298104 -0.249057 -0.618465 0.7453 0.127302 3.32057 -2.12155</i>
                        <i>-0.189454 0.798606 0.571258 -0.938685 0.0233731 -0.343983 -0.288059 -0.6014 0.745211 0.0891887 3.35343 -2.11419</i>
                        <i>-0.204951 0.835678 0.509546 -0.915792 0.020001 -0.401155 -0.345428 -0.548855 0.761208 0.0517505 3.38571 -2.10843</i>
                        <i>-0.205071 0.881411 0.425511 -0.886788 0.0166532 -0.461875 -0.414188 -0.472056 0.77821 0.0160268 3.41603 -2.10318</i>
                        <i>-0.187336 0.923384 0.335064 -0.854633 0.0149454 -0.519017 -0.484259 -0.383587 0.786355 -0.0174151 3.44312 -2.09749</i>
                        <i>-0.155932 0.954538 0.254052 -0.823913 0.016178 -0.566485 -0.544841 -0.29765 0.783934 -0.0485265 3.46599 -2.09085</i>
                        <i>-0.120739 0.973131 0.196055 -0.800323 0.0214186 -0.599186 -0.587286 -0.229253 0.776234 -0.0776096 3.48396 -2.08324</i>
                        <i>-0.0842635 0.98176 0.170429 -0.791843 0.0378523 -0.60955 -0.604883 -0.186316 0.774211 -0.103018 3.49351 -2.07452</i>
                        <i>-0.0443467 0.985269 0.165159 -0.797129 0.064753 -0.600327 -0.602178 -0.158275 0.782516 -0.124561 3.49356 -2.06537</i>
                        <i>-0.00432759 0.987001 0.160655 -0.808209 0.0911563 -0.581797 -0.588879 -0.132361 0.797309 -0.14464 3.48739 -2.05705</i>
                        <i>0.0323634 0.990073 0.136776 -0.818787 0.104743 -0.564461 -0.573184 -0.0937226 0.814049 -0.165559 3.47827 -2.05078</i>
                        <i>0.0727549 0.994958 0.0690337 -0.831414 0.0987357 -0.546811 -0.55087 -0.0176124 0.834405 -0.187844 3.46805 -2.04805</i>
                        <i>0.110603 0.993489 -0.0273182 -0.847683 0.0799497 -0.524445 -0.518846 0.0811622 0.851006 -0.210357 3.45466 -2.04782</i>
                        <i>0.128939 0.985502 -0.110276 -0.861752 0.0563295 -0.504193 -0.490672 0.16004 0.856521 -0.232747 3.43546 -2.04752</i>
                        <i>0.119949 0.98321 -0.137516 -0.869154 0.0370606 -0.49315 -0.479774 0.178676 0.859006 -0.254501 3.40802 -2.04462</i>
                        <i>0.0718073 0.994125 -0.0809948 -0.869997 0.022713 -0.492534 -0.4878 0.105833 0.866516 -0.275263 3.36508 -2.04164</i>
                        <i>-0.0129329 0.999197 0.0379259 -0.867752 0.00763045 -0.496938 -0.496829 -0.0393372 0.866957 -0.29653 3.31056 -2.03816</i>
                        <i>-0.101827 0.981904 0.159673 -0.863222 -0.00743613 -0.504769 -0.494448 -0.189232 0.848359 -0.320703 3.25935 -2.02763</i>
                        <i>-0.165324 0.957028 0.238255 -0.856194 -0.0193725 -0.516291 -0.48949 -0.289348 0.822604 -0.350916 3.22257 -2.00366</i>
                        <i>-0.211649 0.932247 0.293463 -0.848713 -0.0264135 -0.528194 -0.484656 -0.360857 0.7968 -0.38239 3.1978 -1.9734</i>
                        <i>-0.237253 0.915738 0.324243 -0.844658 -0.0295864 -0.534489 -0.479859 -0.400684 0.780505 -0.403651 3.18731 -1.95331</i>
                        <i>-0.243451 0.911485 0.331553 -0.844082 -0.0307201 -0.535334 -0.477763 -0.410185 0.776847 -0.414224 3.1923 -1.94489</i>
                        <i>-0.242318 0.91225 0.330275 -0.844387 -0.0306501 -0.534856 -0.477799 -0.408485 0.77772 -0.42224 3.2058 -1.93791</i>
                        <i>-0.23505 0.917114 0.321952 -0.845441 -0.0294818 -0.533255 -0.479564 -0.397533 0.782295 -0.427948 3.22613 -1.9323</i>
                        <i>-0.222842 0.92489 0.308091 -0.847084 -0.0272939 -0.530758 -0.482484 -0.379254 0.789542 -0.431607 3.25152 -1.928</i>
                        <i>-0.20692 0.934314 0.290242 -0.849156 -0.0241664 -0.527589 -0.48592 -0.35563 0.798379 -0.43348 3.28019 -1.92494</i>
                        <i>-0.188568 0.944199 0.270055 -0.851508 -0.0201981 -0.523953 -0.489261 -0.328755 0.807802 -0.433833 3.31035 -1.92307</i>
                        <i>-0.169125 0.953543 0.249306 -0.854015 -0.0155123 -0.520017 -0.491991 -0.300858 0.816963 -0.432933 3.34022 -1.9223</i>
                        <i>-0.149971 0.961591 0.229892 -0.856582 -0.0102531 -0.515908 -0.493736 -0.274293 0.82522 -0.431046 3.36803 -1.92259</i>
                        <i>-0.132503 0.967846 0.213813 -0.859146 -0.00457602 -0.51171 -0.494278 -0.2515 0.832128 -0.428438 3.392 -1.92387</i>
                        <i>-0.1181 0.972002 0.203135 -0.861665 0.00136171 -0.507476 -0.493544 -0.234967 0.837379 -0.425369 3.41039 -1.92608</i>
                        <i>-0.104627 0.974557 0.198219 -0.86483 0.00925292 -0.501979 -0.491041 -0.223947 0.841859 -0.419196 3.42354 -1.93226</i>
                        <i>-0.0897909 0.976196 0.197433 -0.868909 0.0201018 -0.494564 -0.48676 -0.215959 0.84642 -0.408289 3.43286 -1.94389</i>
                        <i>-0.0746938 0.97697 0.199875 -0.873261 0.032696 -0.486154 -0.481493 -0.210856 0.850708 -0.394425 3.43813 -1.95855</i>
                        <i>-0.0604478 0.976972 0.204626 -0.877331 0.0457706 -0.477697 -0.476063 -0.208401 0.854361 -0.379371 3.43914 -1.97384</i>
                        <i>-0.0482008 0.976354 0.210735 -0.880673 0.0580017 -0.470161 -0.471267 -0.20825 0.857053 -0.364877 3.43571 -1.98733</i>
                        <i>-0.0391457 0.975338 0.217218 -0.882942 0.0680181 -0.464529 -0.467847 -0.209975 0.858504 -0.352677 3.42768 -1.99659</i>
                        <i>-0.0370085 0.972783 0.228742 -0.883659 0.075036 -0.462079 -0.466666 -0.219231 0.856832 -0.342624 3.40357 -1.99898</i>
                        <i>-0.0412823 0.968481 0.245644 -0.883114 0.0796264 -0.462351 -0.467338 -0.236018 0.851992 -0.333677 3.36366 -1.99604</i>
                        <i>-0.0468038 0.964335 0.260512 -0.88214 0.0824561 -0.463713 -0.468655 -0.251512 0.84682 -0.326212 3.32551 -1.99156</i>
                        <i>-0.0482803 0.962723 0.266147 -0.881545 0.0842108 -0.464529 -0.469625 -0.257048 0.844618 -0.320577 3.30673 -1.98936</i>
                        <i>-0.0444292 0.964143 0.261637 -0.881427 0.0854406 -0.464529 -0.470227 -0.251253 0.846025 -0.316454 3.30777 -1.99004</i>
                        <i>-0.0382939 0.966927 0.252162 -0.881349 0.0862383 -0.464529 -0.470912 -0.240031 0.848898 -0.313169 3.31592 -1.99145</i>
                        <i>-0.0310069 0.970341 0.239744 -0.881312 0.08661 -0.464529 -0.471516 -0.225693 0.852488 -0.310516 3.32914 -1.99329</i>
                        <i>-0.0237089 0.973739 0.226431 -0.881317 0.0865618 -0.464529 -0.47193 -0.210571 0.85612 -0.308288 3.34539 -1.99524</i>
                        <i>-0.017546 0.976609 0.214304 -0.881362 0.0860998 -0.464529 -0.472115 -0.19703 0.859236 -0.306274 3.36265 -1.99702</i>
                        <i>-0.0136644 0.978568 0.205472 -0.881447 0.0852299 -0.464529 -0.472085 -0.18746 0.861391 -0.30426 3.37892 -1.9983</i>
                        <i>-0.0132069 0.979285 0.202058 -0.881569 0.083958 -0.464529 -0.47187 -0.184263 0.862198 -0.302031 3.39222 -1.99879</i>
                        <i>-0.017818 0.977516 0.210109 -0.881974 0.0836184 -0.463822 -0.470962 -0.193575 0.860653 -0.300483 3.40633 -1.9976</i>
                        <i>-0.0305597 0.972978 0.228866 -0.882864 0.0810792 -0.462577 -0.468634 -0.216194 0.856529 -0.299984 3.42184 -1.99482</i>
                        <i>-0.0469318 0.96705 0.250224 -0.883425 0.0767328 -0.462246 -0.466216 -0.242749 0.850715 -0.298416 3.43174 -1.99166</i>
                        <i>-0.0659405 0.961674 0.266147 -0.882942 0.0680181 -0.464529 -0.464828 -0.265624 0.844618 -0.294135 3.42924 -1.98936</i>
                        <i>-0.0911415 0.958699 0.269425 -0.877329 0.0507036 -0.477203 -0.471154 -0.279868 0.836473 -0.287781 3.40944 -1.99108</i>
                        <i>-0.120568 0.956492 0.26568 -0.867368 0.028671 -0.49684 -0.482841 -0.290345 0.826174 -0.279641 3.37686 -1.99537</i>
                        <i>-0.142143 0.953218 0.266779 -0.860674 0.0141013 -0.508962 -0.488913 -0.301955 0.818405 -0.267172 3.33905 -1.99631</i>
                        <i>-0.142802 0.947748 0.285274 -0.865948 0.0199447 -0.499737 -0.479314 -0.318396 0.817852 -0.24775 3.30376 -1.98769</i>
                        <i>-0.143394 0.935068 0.324169 -0.884134 0.0261436 -0.466502 -0.444686 -0.353503 0.822976 -0.22371 3.26657 -1.96779</i>
                        <i>-0.13489 0.917368 0.374488 -0.907381 0.0374733 -0.418635 -0.398075 -0.396273 0.827347 -0.194607 3.2221 -1.94143</i>
                        <i>-0.117125 0.894955 0.430509 -0.931458 0.0513708 -0.360205 -0.344483 -0.44319 0.827595 -0.162312 3.17694 -1.91216</i>
                        <i>-0.0917111 0.869135 0.485997 -0.952802 0.0652527 -0.296496 -0.289408 -0.490251 0.82213 -0.129064 3.13796 -1.88344</i>
                        <i>-0.0619724 0.842572 0.535006 -0.969188 0.0772337 -0.2339 -0.238398 -0.533017 0.811825 -0.097505 3.11231 -1.85834</i>
                        <i>-0.0325068 0.819162 0.572641 -0.97998 0.0864756 -0.179333 -0.196422 -0.567006 0.799951 -0.0705731 3.10738 -1.83953</i>
                        <i>-0.0021734 0.800084 0.599884 -0.986857 0.0952143 -0.130566 -0.161581 -0.592283 0.789362 -0.0484409 3.1325 -1.82733</i>
                        <i>0.0314263 0.783465 0.62064 -0.991067 0.104946 -0.0822955 -0.129609 -0.61251 0.779765 -0.029084 3.18385 -1.8194</i>
                        <i>0.0647064 0.769127 0.635812 -0.992773 0.114147 -0.0370466 -0.101069 -0.628819 0.770955 -0.0122597 3.24915 -1.81415</i>
                        <i>0.0943162 0.756938 0.646644 -0.992602 0.121385 0.00268719 -0.0764588 -0.642114 0.762787 0.00228369 3.3161 -1.81004</i>
                        <i>0.117352 0.746911 0.654486 -0.991495 0.125464 0.0345968 -0.056274 -0.65298 0.755282 0.0148037 3.37239 -1.80564</i>
                        <i>0.131297 0.739176 0.660591 -0.990494 0.125382 0.0565704 -0.0410105 -0.661739 0.748612 0.0255631 3.40572 -1.79955</i>
                        <i>0.132202 0.729668 0.6709 -0.990691 0.119442 0.065312 -0.0324776 -0.673289 0.738666 0.0335125 3.42399 -1.79027</i>
                        <i>0.121027 0.717393 0.686075 -0.992194 0.108345 0.0617368 -0.0300434 -0.688192 0.724906 0.0381351 3.43855 -1.77865</i>
                        <i>0.10268 0.707392 0.699323 -0.994242 0.094654 0.0502361 -0.0306571 -0.700455 0.713038 0.0404967 3.44238 -1.7669</i>
                        <i>0.0822402 0.705239 0.704184 -0.996101 0.080795 0.0354167 -0.0319173 -0.704351 0.709134 0.0417389 3.42857 -1.75713</i>
                        <i>0.0650139 0.716702 0.694343 -0.997366 0.0690966 0.0220655 -0.0321624 -0.693949 0.719306 0.0430881 3.39027 -1.75139</i>
                        <i>0.0562676 0.746749 0.662721 -0.997968 0.0619364 0.014942 -0.0298886 -0.662216 0.748717 0.0457778 3.3205 -1.75174</i>
                        <i>0.0590639 0.811402 0.581497 -0.997962 0.0620817 0.0147384 -0.0241415 -0.581182 0.813415 0.0509218 3.18235 -1.76358</i>
                        <i>0.0688766 0.893945 0.442852 -0.997503 0.0686562 0.0165514 -0.0156085 -0.442886 0.896442 0.0573922 2.97363 -1.78645</i>
                        <i>0.079601 0.957153 0.278428 -0.996813 0.0778998 0.017187 -0.0052389 -0.278909 0.960303 0.0630581 2.74083 -1.8129</i>
                        <i>0.0864985 0.987289 0.133333 -0.996243 0.0851445 0.0158344 0.00428063 -0.134201 0.990945 0.0660753 2.53436 -1.83507</i>
                        <i>0.0867431 0.994632 0.056413 -0.996189 0.0860809 0.0140679 0.0091363 -0.0574183 0.998308 0.0649209 2.40801 -1.8461</i>
                        <i>0.0825575 0.995969 0.035066 -0.996536 0.0821496 0.0129195 0.00998672 -0.0360112 0.999301 0.0607978 2.36358 -1.8487</i>
                        <i>0.0776472 0.996672 0.0248225 -0.99693 0.0773684 0.0120004 0.01004 -0.0256781 0.99962 0.0559316 2.35865 -1.84978</i>
                        <i>0.0721039 0.997102 0.0242515 -0.997352 0.0718482 0.0112557 0.00948069 -0.0249989 0.999643 0.0504138 2.38161 -1.84957</i>
                        <i>0.0660003 0.997309 0.0319094 -0.997784 0.0656922 0.010611 0.00848629 -0.032539 0.999434 0.0443338 2.42077 -1.84825</i>
                        <i>0.0594039 0.997158 0.0463453 -0.998208 0.0590024 0.00998465 0.00722179 -0.0468554 0.998876 0.0377814 2.46444 -1.84602</i>
                        <i>0.0523869 0.996437 0.0660997 -0.99861 0.0518843 0.00929813 0.00583546 -0.0664949 0.99777 0.0308477 2.5009 -1.84305</i>
                        <i>0.0450328 0.99495 0.0897029 -0.998976 0.04445 0.00848494 0.0044548 -0.0899931 0.995932 0.0236271 2.51845 -1.83953</i>
                        <i>0.0374387 0.992581 0.115678 -0.999294 0.0368181 0.00749733 0.00318264 -0.115877 0.993258 0.016217 2.51816 -1.83565</i>
                        <i>0.0297148 0.989341 0.142551 -0.999556 0.0291123 0.00631116 0.00209389 -0.142676 0.989767 0.00871827 2.51048 -1.8316</i>
                        <i>0.0219819 0.985395 0.168859 -0.999758 0.0214577 0.00492844 0.00123313 -0.168926 0.985628 0.00123502 2.49779 -1.8276</i>
                        <i>0.0143667 0.981062 0.193161 -0.999897 0.0139775 0.00337752 0.000613656 -0.193189 0.981161 -0.00612585 2.48248 -1.82385</i>
                        <i>0.00699741 0.976798 0.214046 -0.999976 0.00678856 0.00171074 0.000217976 -0.214053 0.976822 -0.0132556 2.46697 -1.82056</i>
                        <i>0 0.973159 0.230135 -1 0 -2.77556e-017 -5.55112e-017 -0.230135 0.973159 -0.0200439 2.45369 -1.81794</i>
                        <i>0 0.973159 0.230135 -1 0 -2.77556e-017 -5.55112e-017 -0.230135 0.973159 -0.0200439 2.45369 -1.81794</i>
                        <i>0 0.973159 0.230135 -1 0 -2.77556e-017 -5.55112e-017 -0.230135 0.973159 -0.0200439 2.45369 -1.81794</i>
                        <i>0 0.973159 0.230135 -1 0 -2.77556e-017 -5.55112e-017 -0.230135 0.973159 -0.0200439 2.45369 -1.81794</i>
                        <i>0 0.973159 0.230135 -1 0 -2.77556e-017 -5.55112e-017 -0.230135 0.973159 -0.0200439 2.45369 -1.81794</i>
                        <i>0 0.973159 0.230135 -1 0 -2.77556e-017 -5.55112e-017 -0.230135 0.973159 -0.0200439 2.45369 -1.81794</i>
                        <i>0 0.973159 0.230135 -1 0 -2.77556e-017 -5.55112e-017 -0.230135 0.973159 -0.0200439 2.45369 -1.81794</i>
                        <i>0 0.973159 0.230135 -1 0 -2.77556e-017 -5.55112e-017 -0.230135 0.973159 -0.0200439 2.45369 -1.81794</i>
                        <i>0 0.973159 0.230135 -1 0 -2.77556e-017 -5.55112e-017 -0.230135 0.973159 -0.0200439 2.45369 -1.81794</i>
                        <i>0 0.973159 0.230135 -1 0 -2.77556e-017 -5.55112e-017 -0.230135 0.973159 -0.0200439 2.45369 -1.81794</i>
                        <i>0 0.973159 0.230135 -1 0 -2.77556e-017 -5.55112e-017 -0.230135 0.973159 -0.0200439 2.45369 -1.81794</i>
                    </KeyFrames>
                </p>
            </i>
            <i>
                <p>
                    <Name><![CDATA[spine1]]></Name>
                    <Exclude>0</Exclude>
                    <Additive>0</Additive>
                    <IKPriority>0</IKPriority>
                    <IKRotLimits>-1e+010 -1e+010 -1e+010 1e+010 1e+010 1e+010</IKRotLimits>
                    <IKRotLimitOrder>0</IKRotLimitOrder>
                    <KeyFrames count="131">
