<?xml version="1.0" encoding="ISO-8859-1" ?>
<Animl Version="1">
    <ModellingPackage><![CDATA[Maya.2010]]></ModellingPackage>
    <SrcFile><![CDATA[anims\turrets\machinegun\red\~src\mgun_nsv\mgun_nsv_idle_crewman_c.mb]]></SrcFile>
    <FramesPerSecond>30</FramesPerSecond>
    <TotalFrames>65</TotalFrames>
    <Skeleton>
        <RefFrame>
            <Name><![CDATA[soldier_ref_frame]]></Name>
            <Exclude>0</Exclude>
            <Additive>0</Additive>
            <IKPriority>0</IKPriority>
            <IKRotLimits>-1e+010 -1e+010 -1e+010 1e+010 1e+010 1e+010</IKRotLimits>
            <IKRotLimitOrder>0</IKRotLimitOrder>
            <KeyFrames count="65">
                <i>1 0 0 0 1 0 0 0 1 1.59193 0.937567 0.255518</i>
                <i>1 0 0 0 1 0 0 0 1 1.59193 0.937567 0.255518</i>
                <i>1 0 0 0 1 0 0 0 1 1.59193 0.937567 0.255518</i>
                <i>1 0 0 0 1 0 0 0 1 1.59193 0.937567 0.255518</i>
                <i>1 0 0 0 1 0 0 0 1 1.59193 0.937567 0.255518</i>
                <i>1 0 0 0 1 0 0 0 1 1.59193 0.937567 0.255518</i>
                <i>1 0 0 0 1 0 0 0 1 1.59193 0.937567 0.255518</i>
                <i>1 0 0 0 1 0 0 0 1 1.59193 0.937567 0.255518</i>
                <i>1 0 0 0 1 0 0 0 1 1.59193 0.937567 0.255518</i>
                <i>1 0 0 0 1 0 0 0 1 1.59193 0.937567 0.255518</i>
                <i>1 0 0 0 1 0 0 0 1 1.59193 0.937567 0.255518</i>
                <i>1 0 0 0 1 0 0 0 1 1.59193 0.937567 0.255518</i>
                <i>1 0 0 0 1 0 0 0 1 1.59193 0.937567 0.255518</i>
                <i>1 0 0 0 1 0 0 0 1 1.59193 0.937567 0.255518</i>
                <i>1 0 0 0 1 0 0 0 1 1.59193 0.937567 0.255518</i>
                <i>1 0 0 0 1 0 0 0 1 1.59193 0.937567 0.255518</i>
                <i>1 0 0 0 1 0 0 0 1 1.59193 0.937567 0.255518</i>
                <i>1 0 0 0 1 0 0 0 1 1.59193 0.937567 0.255518</i>
                <i>1 0 0 0 1 0 0 0 1 1.59193 0.937567 0.255518</i>
                <i>1 0 0 0 1 0 0 0 1 1.59193 0.937567 0.255518</i>
                <i>1 0 0 0 1 0 0 0 1 1.59193 0.937567 0.255518</i>
                <i>1 0 0 0 1 0 0 0 1 1.59193 0.937567 0.255518</i>
                <i>1 0 0 0 1 0 0 0 1 1.59193 0.937567 0.255518</i>
                <i>1 0 0 0 1 0 0 0 1 1.59193 0.937567 0.255518</i>
                <i>1 0 0 0 1 0 0 0 1 1.59193 0.937567 0.255518</i>
                <i>1 0 0 0 1 0 0 0 1 1.59193 0.937567 0.255518</i>
                <i>1 0 0 0 1 0 0 0 1 1.59193 0.937567 0.255518</i>
                <i>1 0 0 0 1 0 0 0 1 1.59193 0.937567 0.255518</i>
                <i>1 0 0 0 1 0 0 0 1 1.59193 0.937567 0.255518</i>
                <i>1 0 0 0 1 0 0 0 1 1.59193 0.937567 0.255518</i>
                <i>1 0 0 0 1 0 0 0 1 1.59193 0.937567 0.255518</i>
                <i>1 0 0 0 1 0 0 0 1 1.59193 0.937567 0.255518</i>
                <i>1 0 0 0 1 0 0 0 1 1.59193 0.937567 0.255518</i>
                <i>1 0 0 0 1 0 0 0 1 1.59193 0.937567 0.255518</i>
                <i>1 0 0 0 1 0 0 0 1 1.59193 0.937567 0.255518</i>
                <i>1 0 0 0 1 0 0 0 1 1.59193 0.937567 0.255518</i>
                <i>1 0 0 0 1 0 0 0 1 1.59193 0.937567 0.255518</i>
                <i>1 0 0 0 1 0 0 0 1 1.59193 0.937567 0.255518</i>
                <i>1 0 0 0 1 0 0 0 1 1.59193 0.937567 0.255518</i>
                <i>1 0 0 0 1 0 0 0 1 1.59193 0.937567 0.255518</i>
                <i>1 0 0 0 1 0 0 0 1 1.59193 0.937567 0.255518</i>
                <i>1 0 0 0 1 0 0 0 1 1.59193 0.937567 0.255518</i>
                <i>1 0 0 0 1 0 0 0 1 1.59193 0.937567 0.255518</i>
                <i>1 0 0 0 1 0 0 0 1 1.59193 0.937567 0.255518</i>
                <i>1 0 0 0 1 0 0 0 1 1.59193 0.937567 0.255518</i>
                <i>1 0 0 0 1 0 0 0 1 1.59193 0.937567 0.255518</i>
                <i>1 0 0 0 1 0 0 0 1 1.59193 0.937567 0.255518</i>
                <i>1 0 0 0 1 0 0 0 1 1.59193 0.937567 0.255518</i>
                <i>1 0 0 0 1 0 0 0 1 1.59193 0.937567 0.255518</i>
                <i>1 0 0 0 1 0 0 0 1 1.59193 0.937567 0.255518</i>
                <i>1 0 0 0 1 0 0 0 1 1.59193 0.937567 0.255518</i>
                <i>1 0 0 0 1 0 0 0 1 1.59193 0.937567 0.255518</i>
                <i>1 0 0 0 1 0 0 0 1 1.59193 0.937567 0.255518</i>
                <i>1 0 0 0 1 0 0 0 1 1.59193 0.937567 0.255518</i>
                <i>1 0 0 0 1 0 0 0 1 1.59193 0.937567 0.255518</i>
                <i>1 0 0 0 1 0 0 0 1 1.59193 0.937567 0.255518</i>
                <i>1 0 0 0 1 0 0 0 1 1.59193 0.937567 0.255518</i>
                <i>1 0 0 0 1 0 0 0 1 1.59193 0.937567 0.255518</i>
                <i>1 0 0 0 1 0 0 0 1 1.59193 0.937567 0.255518</i>
                <i>1 0 0 0 1 0 0 0 1 1.59193 0.937567 0.255518</i>
                <i>1 0 0 0 1 0 0 0 1 1.59193 0.937567 0.255518</i>
                <i>1 0 0 0 1 0 0 0 1 1.59193 0.937567 0.255518</i>
                <i>1 0 0 0 1 0 0 0 1 1.59193 0.937567 0.255518</i>
                <i>1 0 0 0 1 0 0 0 1 1.59193 0.937567 0.255518</i>
                <i>1 0 0 0 1 0 0 0 1 1.59193 0.937567 0.255518</i>
            </KeyFrames>
        </RefFrame>
        <Bones count="23">
            <i>
                <p>
                    <Name><![CDATA[pelvis]]></Name>
                    <Exclude>0</Exclude>
                    <Additive>0</Additive>
                    <IKPriority>0</IKPriority>
                    <IKRotLimits>-1e+010 -1e+010 -1e+010 1e+010 1e+010 1e+010</IKRotLimits>
                    <IKRotLimitOrder>2</IKRotLimitOrder>
                    <KeyFrames count="65">
                        <i>1 0 0 0 1 0 0 0 1 1.64873 1.52377 0.57151</i>
                        <i>1 0 0 0 1 0 0 0 1 1.64873 1.52367 0.57151</i>
                        <i>1 0 0 0 1 0 0 0 1 1.64873 1.5234 0.57151</i>
                        <i>1 0 0 0 1 0 0 0 1 1.64873 1.52297 0.57151</i>
                        <i>1 0 0 0 1 0 0 0 1 1.64873 1.52238 0.57151</i>
                        <i>1 0 0 0 1 0 0 0 1 1.64873 1.52165 0.57151</i>
                        <i>1 0 0 0 1 0 0 0 1 1.64873 1.5208 0.57151</i>
                        <i>1 0 0 0 1 0 0 0 1 1.64873 1.51982 0.57151</i>
                        <i>1 0 0 0 1 0 0 0 1 1.64873 1.51874 0.57151</i>
                        <i>1 0 0 0 1 0 0 0 1 1.64873 1.51756 0.57151</i>
                        <i>1 0 0 0 1 0 0 0 1 1.64873 1.5163 0.57151</i>
                        <i>1 0 0 0 1 0 0 0 1 1.64873 1.51497 0.57151</i>
                        <i>1 0 0 0 1 0 0 0 1 1.64873 1.51358 0.57151</i>
                        <i>1 0 0 0 1 0 0 0 1 1.64873 1.51215 0.57151</i>
                        <i>1 0 0 0 1 0 0 0 1 1.64873 1.51067 0.57151</i>
                        <i>1 0 0 0 1 0 0 0 1 1.64873 1.50918 0.57151</i>
                        <i>1 0 0 0 1 0 0 0 1 1.64873 1.50767 0.57151</i>
                        <i>1 0 0 0 1 0 0 0 1 1.64873 1.50617 0.57151</i>
                        <i>1 0 0 0 1 0 0 0 1 1.64873 1.50467 0.57151</i>
                        <i>1 0 0 0 1 0 0 0 1 1.64873 1.5032 0.57151</i>
                        <i>1 0 0 0 1 0 0 0 1 1.64873 1.50176 0.57151</i>
                        <i>1 0 0 0 1 0 0 0 1 1.64873 1.50037 0.57151</i>
                        <i>1 0 0 0 1 0 0 0 1 1.64873 1.49904 0.57151</i>
                        <i>1 0 0 0 1 0 0 0 1 1.64873 1.49778 0.57151</i>
                        <i>1 0 0 0 1 0 0 0 1 1.64873 1.49661 0.57151</i>
                        <i>1 0 0 0 1 0 0 0 1 1.64873 1.49553 0.57151</i>
                        <i>1 0 0 0 1 0 0 0 1 1.64873 1.49455 0.57151</i>
                        <i>1 0 0 0 1 0 0 0 1 1.64873 1.49369 0.57151</i>
                        <i>1 0 0 0 1 0 0 0 1 1.64873 1.49296 0.57151</i>
                        <i>1 0 0 0 1 0 0 0 1 1.64873 1.49237 0.57151</i>
                        <i>1 0 0 0 1 0 0 0 1 1.64873 1.49194 0.57151</i>
                        <i>1 0 0 0 1 0 0 0 1 1.64873 1.49167 0.57151</i>
                        <i>1 0 0 0 1 0 0 0 1 1.64873 1.49158 0.57151</i>
                        <i>1 0 0 0 1 0 0 0 1 1.64873 1.49167 0.57151</i>
                        <i>1 0 0 0 1 0 0 0 1 1.64873 1.49194 0.57151</i>
                        <i>1 0 0 0 1 0 0 0 1 1.64873 1.49237 0.57151</i>
                        <i>1 0 0 0 1 0 0 0 1 1.64873 1.49296 0.57151</i>
                        <i>1 0 0 0 1 0 0 0 1 1.64873 1.49369 0.57151</i>
                        <i>1 0 0 0 1 0 0 0 1 1.64873 1.49455 0.57151</i>
                        <i>1 0 0 0 1 0 0 0 1 1.64873 1.49553 0.57151</i>
                        <i>1 0 0 0 1 0 0 0 1 1.64873 1.49661 0.57151</i>
                        <i>1 0 0 0 1 0 0 0 1 1.64873 1.49778 0.57151</i>
                        <i>1 0 0 0 1 0 0 0 1 1.64873 1.49904 0.57151</i>
                        <i>1 0 0 0 1 0 0 0 1 1.64873 1.50037 0.57151</i>
                        <i>1 0 0 0 1 0 0 0 1 1.64873 1.50176 0.57151</i>
                        <i>1 0 0 0 1 0 0 0 1 1.64873 1.5032 0.57151</i>
                        <i>1 0 0 0 1 0 0 0 1 1.64873 1.50467 0.57151</i>
                        <i>1 0 0 0 1 0 0 0 1 1.64873 1.50617 0.57151</i>
                        <i>1 0 0 0 1 0 0 0 1 1.64873 1.50767 0.57151</i>
                        <i>1 0 0 0 1 0 0 0 1 1.64873 1.50918 0.57151</i>
                        <i>1 0 0 0 1 0 0 0 1 1.64873 1.51067 0.57151</i>
                        <i>1 0 0 0 1 0 0 0 1 1.64873 1.51215 0.57151</i>
                        <i>1 0 0 0 1 0 0 0 1 1.64873 1.51358 0.57151</i>
                        <i>1 0 0 0 1 0 0 0 1 1.64873 1.51497 0.57151</i>
                        <i>1 0 0 0 1 0 0 0 1 1.64873 1.5163 0.57151</i>
                        <i>1 0 0 0 1 0 0 0 1 1.64873 1.51756 0.57151</i>
                        <i>1 0 0 0 1 0 0 0 1 1.64873 1.51874 0.57151</i>
                        <i>1 0 0 0 1 0 0 0 1 1.64873 1.51982 0.57151</i>
                        <i>1 0 0 0 1 0 0 0 1 1.64873 1.5208 0.57151</i>
                        <i>1 0 0 0 1 0 0 0 1 1.64873 1.52165 0.57151</i>
                        <i>1 0 0 0 1 0 0 0 1 1.64873 1.52238 0.57151</i>
                        <i>1 0 0 0 1 0 0 0 1 1.64873 1.52297 0.57151</i>
                        <i>1 0 0 0 1 0 0 0 1 1.64873 1.5234 0.57151</i>
                        <i>1 0 0 0 1 0 0 0 1 1.64873 1.52367 0.57151</i>
                        <i>1 0 0 0 1 0 0 0 1 1.64873 1.52377 0.57151</i>
                    </KeyFrames>
                </p>
            </i>
            <i>
                <p>
                    <Name><![CDATA[spine0]]></Name>
                    <Exclude>0</Exclude>
                    <Additive>0</Additive>
                    <IKPriority>0</IKPriority>
                    <IKRotLimits>-1e+010 -1e+010 -1e+010 1e+010 1e+010 1e+010</IKRotLimits>
                    <IKRotLimitOrder>0</IKRotLimitOrder>
                    <KeyFrames count="65">
                        <i>-0.0258189 0.911095 0.411386 -0.99965 -0.025919 -0.00533604 0.0058011 -0.41138 0.911445 1.66972 1.66469 0.55162</i>
                        <i>-0.025747 0.91154 0.410405 -0.999652 -0.0258406 -0.00531988 0.00575581 -0.410399 0.911888 1.66972 1.6646 0.55162</i>
                        <i>-0.0256686 0.912025 0.40933 -0.999654 -0.0257552 -0.0053023 0.00570654 -0.409325 0.912371 1.66972 1.66433 0.55162</i>
                        <i>-0.0255856 0.912541 0.408184 -0.999657 -0.0256647 -0.00528368 0.00565436 -0.408179 0.912884 1.66972 1.66389 0.55162</i>
                        <i>-0.0254996 0.913077 0.406989 -0.999659 -0.025571 -0.00526439 0.00560032 -0.406984 0.913418 1.66972 1.66331 0.55162</i>
                        <i>-0.0254121 0.913624 0.405765 -0.999662 -0.0254759 -0.00524481 0.00554545 -0.405761 0.913962 1.66972 1.66258 0.55162</i>
                        <i>-0.0253249 0.914172 0.404535 -0.999664 -0.025381 -0.00522526 0.00549071 -0.404532 0.914507 1.66972 1.66172 0.55162</i>
                        <i>-0.0252394 0.91471 0.403321 -0.999667 -0.025288 -0.00520613 0.0054371 -0.403318 0.915044 1.66972 1.66074 0.55162</i>
                        <i>-0.025157 0.915231 0.402144 -0.999669 -0.0251986 -0.00518771 0.00538551 -0.402142 0.915562 1.66972 1.65966 0.55162</i>
                        <i>-0.0250793 0.915723 0.401026 -0.999671 -0.0251142 -0.00517034 0.00533684 -0.401024 0.916052 1.66972 1.65848 0.55162</i>
                        <i>-0.0250077 0.916179 0.399987 -0.999673 -0.0250364 -0.00515432 0.00529195 -0.399986 0.916506 1.66972 1.65722 0.55162</i>
                        <i>-0.0249434 0.91659 0.39905 -0.999675 -0.0249666 -0.00513996 0.0052517 -0.399049 0.916915 1.66972 1.65589 0.55162</i>
                        <i>-0.0248878 0.916945 0.398236 -0.999677 -0.0249063 -0.00512755 0.0052169 -0.398234 0.917269 1.66972 1.65451 0.55162</i>
                        <i>-0.0248422 0.917238 0.397565 -0.999678 -0.024857 -0.00511738 0.0051884 -0.397564 0.91756 1.66972 1.65307 0.55162</i>
                        <i>-0.024808 0.917458 0.397059 -0.999679 -0.0248199 -0.00510975 0.00516698 -0.397059 0.917779 1.66972 1.6516 0.55162</i>
                        <i>-0.0247865 0.917596 0.39674 -0.99968 -0.0247965 -0.00510494 0.00515351 -0.39674 0.917917 1.66972 1.6501 0.55162</i>
                        <i>-0.024779 0.917644 0.396629 -0.99968 -0.0247884 -0.00510327 0.00514882 -0.396629 0.917965 1.66972 1.6486 0.55162</i>
                        <i>-0.0247864 0.917597 0.396739 -0.99968 -0.0247964 -0.00510492 0.00515346 -0.396739 0.917917 1.66972 1.64709 0.55162</i>
                        <i>-0.0248077 0.917459 0.397055 -0.999679 -0.0248195 -0.00510968 0.0051668 -0.397054 0.917781 1.66972 1.64559 0.55162</i>
                        <i>-0.0248416 0.917242 0.397556 -0.999678 -0.0248563 -0.00511724 0.005188 -0.397555 0.917564 1.66972 1.64412 0.55162</i>
                        <i>-0.0248867 0.916952 0.39822 -0.999677 -0.0249052 -0.00512732 0.00521626 -0.398219 0.917275 1.66972 1.64269 0.55162</i>
                        <i>-0.0249419 0.916599 0.399028 -0.999675 -0.024965 -0.00513963 0.00525076 -0.399027 0.916924 1.66972 1.6413 0.55162</i>
                        <i>-0.0250057 0.916192 0.399959 -0.999673 -0.0250343 -0.00515389 0.00529072 -0.399957 0.916519 1.66972 1.63997 0.55162</i>
                        <i>-0.0250769 0.915739 0.400991 -0.999671 -0.0251115 -0.00516979 0.00533531 -0.400988 0.916068 1.66972 1.63871 0.55162</i>
                        <i>-0.0251542 0.915249 0.402103 -0.999669 -0.0251955 -0.00518707 0.00538372 -0.402101 0.91558 1.66972 1.63753 0.55162</i>
                        <i>-0.0252362 0.91473 0.403276 -0.999667 -0.0252845 -0.00520541 0.0054351 -0.403273 0.915064 1.66972 1.63645 0.55162</i>
                        <i>-0.0253215 0.914193 0.404487 -0.999664 -0.0253773 -0.00522451 0.00548858 -0.404484 0.914529 1.66972 1.63547 0.55162</i>
                        <i>-0.0254087 0.913646 0.405716 -0.999662 -0.0254721 -0.00524403 0.00554327 -0.405713 0.913984 1.66972 1.63461 0.55162</i>
                        <i>-0.0254962 0.913098 0.406942 -0.999659 -0.0255674 -0.00526364 0.00559823 -0.406938 0.913439 1.66972 1.63389 0.55162</i>
                        <i>-0.0255827 0.912559 0.408143 -0.999657 -0.0256615 -0.00528302 0.0056525 -0.408138 0.912903 1.66972 1.6333 0.55162</i>
                        <i>-0.0256663 0.912039 0.409299 -0.999654 -0.0257527 -0.00530179 0.0057051 -0.409293 0.912385 1.66972 1.63286 0.55162</i>
                        <i>-0.0257457 0.911548 0.410387 -0.999652 -0.0258391 -0.00531959 0.00575498 -0.410381 0.911896 1.66972 1.6326 0.55162</i>
                        <i>-0.0258189 0.911095 0.411386 -0.99965 -0.025919 -0.00533604 0.0058011 -0.41138 0.911445 1.66972 1.6325 0.55162</i>
                        <i>-0.0258932 0.910638 0.412394 -0.999648 -0.0260001 -0.00535273 0.00584789 -0.412387 0.91099 1.66972 1.6326 0.55162</i>
                        <i>-0.0259757 0.910131 0.413505 -0.999645 -0.0260901 -0.00537126 0.00589985 -0.413498 0.910486 1.66972 1.63286 0.55162</i>
                        <i>-0.0260647 0.909586 0.414698 -0.999642 -0.0261873 -0.00539128 0.005956 -0.41469 0.909943 1.66972 1.6333 0.55162</i>
                        <i>-0.0261587 0.909012 0.415948 -0.99964 -0.02629 -0.00541242 0.00601534 -0.41594 0.909372 1.66972 1.63389 0.55162</i>
                        <i>-0.0262559 0.90842 0.417233 -0.999637 -0.0263964 -0.00543431 0.00607681 -0.417224 0.908783 1.66972 1.63461 0.55162</i>
                        <i>-0.0263547 0.90782 0.41853 -0.999634 -0.0265045 -0.00545657 0.00613935 -0.418521 0.908187 1.66972 1.63547 0.55162</i>
                        <i>-0.0264533 0.907224 0.419815 -0.999631 -0.0266124 -0.00547879 0.00620181 -0.419805 0.907593 1.66972 1.63645 0.55162</i>
                        <i>-0.0265498 0.906642 0.421065 -0.999628 -0.0267182 -0.00550057 0.00626306 -0.421054 0.907014 1.66972 1.63753 0.55162</i>
                        <i>-0.0266424 0.906085 0.422256 -0.999625 -0.0268198 -0.00552147 0.00632188 -0.422245 0.90646 1.66972 1.63871 0.55162</i>
                        <i>-0.0267292 0.905565 0.423365 -0.999622 -0.0269149 -0.00554106 0.00637704 -0.423353 0.905942 1.66972 1.63997 0.55162</i>
                        <i>-0.0268081 0.905093 0.424369 -0.99962 -0.0270015 -0.00555889 0.00642729 -0.424356 0.905472 1.66972 1.6413 0.55162</i>
                        <i>-0.0268771 0.90468 0.425243 -0.999618 -0.0270774 -0.00557451 0.0064713 -0.42523 0.905062 1.66972 1.64269 0.55162</i>
                        <i>-0.0269343 0.904339 0.425964 -0.999616 -0.0271402 -0.00558744 0.00650779 -0.42595 0.904723 1.66972 1.64412 0.55162</i>
                        <i>-0.0269776 0.904082 0.426508 -0.999615 -0.0271878 -0.00559724 0.00653544 -0.426494 0.904467 1.66972 1.64559 0.55162</i>
                        <i>-0.0270051 0.903918 0.426852 -0.999614 -0.027218 -0.00560345 0.00655296 -0.426838 0.904304 1.66972 1.64709 0.55162</i>
                        <i>-0.0270147 0.903862 0.426971 -0.999614 -0.0272285 -0.00560562 0.00655908 -0.426958 0.904248 1.66972 1.6486 0.55162</i>
                        <i>-0.0270052 0.903918 0.426853 -0.999614 -0.0272181 -0.00560347 0.00655303 -0.426839 0.904304 1.66972 1.6501 0.55162</i>
                        <i>-0.026978 0.904079 0.426512 -0.999615 -0.0271882 -0.00559733 0.00653568 -0.426499 0.904464 1.66972 1.6516 0.55162</i>
                        <i>-0.0269351 0.904335 0.425973 -0.999616 -0.027141 -0.00558761 0.00650827 -0.42596 0.904719 1.66972 1.65307 0.55162</i>
                        <i>-0.0268784 0.904673 0.425258 -0.999618 -0.0270787 -0.00557479 0.00647209 -0.425246 0.905055 1.66972 1.65451 0.55162</i>
                        <i>-0.0268098 0.905082 0.424391 -0.99962 -0.0270035 -0.00555929 0.00642841 -0.424379 0.905462 1.66972 1.65589 0.55162</i>
                        <i>-0.0267315 0.905551 0.423395 -0.999622 -0.0269174 -0.00554158 0.00637851 -0.423383 0.905928 1.66972 1.65722 0.55162</i>
                        <i>-0.0266452 0.906068 0.422292 -0.999625 -0.0268228 -0.0055221 0.00632366 -0.422281 0.906443 1.66972 1.65848 0.55162</i>
                        <i>-0.0265531 0.906622 0.421106 -0.999628 -0.0267218 -0.0055013 0.0062651 -0.421096 0.906995 1.66972 1.65966 0.55162</i>
                        <i>-0.0264568 0.907203 0.419861 -0.999631 -0.0266163 -0.00547959 0.00620406 -0.419851 0.907572 1.66972 1.66074 0.55162</i>
                        <i>-0.0263584 0.907798 0.418579 -0.999634 -0.0265086 -0.0054574 0.00614169 -0.418569 0.908164 1.66972 1.66172 0.55162</i>
                        <i>-0.0262596 0.908397 0.417282 -0.999637 -0.0264004 -0.00543515 0.00607916 -0.417273 0.908761 1.66972 1.66258 0.55162</i>
                        <i>-0.0261622 0.908991 0.415995 -0.99964 -0.0262939 -0.00541321 0.00601756 -0.415986 0.909351 1.66972 1.66331 0.55162</i>
                        <i>-0.0260678 0.909567 0.414739 -0.999642 -0.0261907 -0.00539196 0.00595794 -0.414731 0.909925 1.66972 1.66389 0.55162</i>
                        <i>-0.025978 0.910117 0.413537 -0.999645 -0.0260927 -0.00537179 0.00590134 -0.41353 0.910471 1.66972 1.66433 0.55162</i>
                        <i>-0.0258946 0.910629 0.412412 -0.999648 -0.0260016 -0.00535303 0.00584873 -0.412405 0.910982 1.66972 1.6646 0.55162</i>
                        <i>-0.0258189 0.911095 0.411386 -0.99965 -0.025919 -0.00533604 0.0058011 -0.41138 0.911445 1.66972 1.66469 0.55162</i>
                    </KeyFrames>
                </p>
            </i>
            <i>
                <p>
                    <Name><![CDATA[spine1]]></Name>
                    <Exclude>0</Exclude>
                    <Additive>0</Additive>
                    <IKPriority>0</IKPriority>
                    <IKRotLimits>-1e+010 -1e+010 -1e+010 1e+010 1e+010 1e+010</IKRotLimits>
                    <IKRotLimitOrder>0</IKRotLimitOrder>
                    <KeyFrames count="65">
                        <i>-0.238334 0.631561 0.737786 -0.967856 -0.217286 -0.126655 0.0803201 -0.744256 0.663047 1.66494 1.83349 0.627748</i>
                        <i>-0.238329 0.63388 0.735796 -0.967881 -0.217458 -0.126165 0.0800318 -0.742232 0.665347 1.66496 1.83344 0.627546</i>
                        <i>-0.238324 0.636414 0.733607 -0.967909 -0.217648 -0.125628 0.0797166 -0.740005 0.667861 1.66497 1.83321 0.627325</i>
                        <i>-0.238319 0.63911 0.731261 -0.967937 -0.21785 -0.125055 0.079381 -0.737618 0.670536 1.66499 1.83282 0.62709</i>
                        <i>-0.238316 0.641916 0.7288 -0.967967 -0.218061 -0.124458 0.0790315 -0.735114 0.673321 1.66501 1.83228 0.626844</i>
                        <i>-0.238313 0.64478 0.726268 -0.967997 -0.218277 -0.123846 0.0786745 -0.732539 0.676164 1.66502 1.83159 0.626593</i>
                        <i>-0.238311 0.647652 0.723709 -0.968026 -0.218495 -0.12323 0.0783163 -0.729936 0.679014 1.66504 1.83078 0.626341</i>
                        <i>-0.238311 0.65048 0.721169 -0.968055 -0.21871 -0.122622 0.0779633 -0.727353 0.681821 1.66506 1.82984 0.626092</i>
                        <i>-0.238311 0.653214 0.718693 -0.968082 -0.218918 -0.122033 0.0776216 -0.724835 0.684535 1.66507 1.8288 0.625851</i>
                        <i>-0.238312 0.655806 0.716328 -0.968108 -0.219117 -0.121472 0.0772974 -0.722431 0.687109 1.66509 1.82767 0.625623</i>
                        <i>-0.238314 0.658207 0.714122 -0.968131 -0.219301 -0.120951 0.0769969 -0.720188 0.689493 1.66511 1.82644 0.62541</i>
                        <i>-0.238316 0.660369 0.712122 -0.968152 -0.219468 -0.120481 0.0767261 -0.718155 0.69164 1.66512 1.82515 0.625218</i>
                        <i>-0.238319 0.662245 0.710378 -0.96817 -0.219612 -0.120072 0.0764909 -0.716382 0.693503 1.66513 1.82378 0.625052</i>
                        <i>-0.238321 0.663786 0.708936 -0.968185 -0.219732 -0.119735 0.0762975 -0.714917 0.695034 1.66514 1.82237 0.624915</i>
                        <i>-0.238323 0.664946 0.707847 -0.968196 -0.219822 -0.119481 0.0761519 -0.71381 0.696187 1.66515 1.82092 0.624812</i>
                        <i>-0.238325 0.665678 0.707159 -0.968203 -0.219878 -0.11932 0.07606 -0.71311 0.696914 1.66515 1.81943 0.624747</i>
                        <i>-0.238325 0.665933 0.706919 -0.968205 -0.219898 -0.119265 0.076028 -0.712866 0.697167 1.66515 1.81793 0.624724</i>
                        <i>-0.238325 0.665681 0.707157 -0.968203 -0.219879 -0.11932 0.0760597 -0.713108 0.696916 1.66515 1.81642 0.624746</i>
                        <i>-0.238324 0.664957 0.707838 -0.968196 -0.219822 -0.119479 0.0761506 -0.7138 0.696197 1.66515 1.81491 0.624811</i>
                        <i>-0.238321 0.663808 0.708916 -0.968185 -0.219733 -0.11973 0.0762948 -0.714896 0.695056 1.66514 1.81343 0.624913</i>
                        <i>-0.238319 0.66228 0.710345 -0.96817 -0.219615 -0.120064 0.0764865 -0.716348 0.693538 1.66513 1.81197 0.625049</i>
                        <i>-0.238316 0.66042 0.712075 -0.968153 -0.219471 -0.12047 0.0767197 -0.718107 0.691691 1.66512 1.81055 0.625214</i>
                        <i>-0.238314 0.658273 0.714061 -0.968132 -0.219306 -0.120936 0.0769886 -0.720126 0.689559 1.66511 1.80919 0.625404</i>
                        <i>-0.238312 0.655888 0.716253 -0.968108 -0.219123 -0.121454 0.0772872 -0.722355 0.68719 1.66509 1.80789 0.625615</i>
                        <i>-0.238311 0.653309 0.718606 -0.968083 -0.218926 -0.122012 0.0776097 -0.724747 0.68463 1.66508 1.80668 0.625843</i>
                        <i>-0.238311 0.650585 0.721073 -0.968056 -0.218718 -0.1226 0.0779501 -0.727256 0.681926 1.66506 1.80555 0.626083</i>
                        <i>-0.238311 0.647764 0.723609 -0.968027 -0.218503 -0.123206 0.0783023 -0.729834 0.679125 1.66504 1.80453 0.626331</i>
                        <i>-0.238313 0.644894 0.726167 -0.967998 -0.218286 -0.123821 0.0786603 -0.732436 0.676276 1.66502 1.80363 0.626583</i>
                        <i>-0.238316 0.642025 0.728704 -0.967968 -0.218069 -0.124435 0.0790179 -0.735017 0.673429 1.66501 1.80286 0.626835</i>
                        <i>-0.238319 0.639206 0.731177 -0.967938 -0.217857 -0.125035 0.0793691 -0.737533 0.670631 1.66499 1.80222 0.627081</i>
                        <i>-0.238324 0.636488 0.733543 -0.967909 -0.217653 -0.125612 0.0797074 -0.739939 0.667934 1.66497 1.80175 0.627319</i>
                        <i>-0.238329 0.633922 0.735759 -0.967882 -0.217462 -0.126156 0.0800265 -0.742195 0.665389 1.66496 1.80144 0.627542</i>
                        <i>-0.238334 0.631561 0.737786 -0.967856 -0.217286 -0.126655 0.0803201 -0.744256 0.663047 1.66494 1.80131 0.627748</i>
                        <i>-0.23834 0.629176 0.739819 -0.96783 -0.217108 -0.127157 0.0806166 -0.746325 0.660681 1.66493 1.80136 0.627955</i>
                        <i>-0.238348 0.626539 0.742051 -0.967801 -0.216913 -0.127712 0.0809442 -0.748597 0.658066 1.66491 1.80159 0.628183</i>
                        <i>-0.238356 0.623704 0.744432 -0.967769 -0.216704 -0.128306 0.0812963 -0.751021 0.655254 1.66489 1.80197 0.628429</i>
                        <i>-0.238367 0.620724 0.746915 -0.967735 -0.216484 -0.128929 0.0816662 -0.753549 0.6523 1.66487 1.80251 0.628686</i>
                        <i>-0.238379 0.617654 0.749452 -0.9677 -0.216259 -0.129569 0.0820471 -0.756132 0.649256 1.66485 1.80319 0.628951</i>
                        <i>-0.238391 0.61455 0.751996 -0.967664 -0.216032 -0.130214 0.0824323 -0.758722 0.646178 1.66483 1.804 0.629219</i>
                        <i>-0.238405 0.611466 0.754502 -0.967628 -0.215807 -0.130853 0.0828149 -0.761273 0.643121 1.66481 1.80492 0.629484</i>
                        <i>-0.23842 0.608459 0.756924 -0.967593 -0.215589 -0.131475 0.0831877 -0.76374 0.640141 1.66479 1.80595 0.629742</i>
                        <i>-0.238435 0.605587 0.759219 -0.967558 -0.215381 -0.132066 0.0835438 -0.766078 0.637295 1.66477 1.80708 0.629988</i>
                        <i>-0.238449 0.602908 0.761343 -0.967526 -0.215188 -0.132617 0.083876 -0.768242 0.634641 1.66476 1.80829 0.630217</i>
                        <i>-0.238463 0.60048 0.763256 -0.967497 -0.215013 -0.133115 0.0841771 -0.77019 0.632235 1.66474 1.80958 0.630424</i>
                        <i>-0.238476 0.598361 0.764914 -0.967471 -0.214861 -0.133549 0.0844398 -0.77188 0.630136 1.66473 1.81093 0.630605</i>
                        <i>-0.238487 0.596612 0.766276 -0.967449 -0.214736 -0.133907 0.0846567 -0.773268 0.628403 1.66471 1.81234 0.630754</i>
                        <i>-0.238495 0.595289 0.767301 -0.967432 -0.214642 -0.134177 0.0848207 -0.774312 0.627093 1.66471 1.81378 0.630867</i>
                        <i>-0.2385 0.594453 0.767947 -0.967422 -0.214582 -0.134347 0.0849244 -0.774971 0.626265 1.6647 1.81526 0.630938</i>
                        <i>-0.238502 0.594162 0.768172 -0.967418 -0.214561 -0.134407 0.0849605 -0.7752 0.625976 1.6647 1.81677 0.630963</i>
                        <i>-0.2385 0.59445 0.76795 -0.967422 -0.214582 -0.134348 0.0849248 -0.774973 0.626262 1.6647 1.81828 0.630938</i>
                        <i>-0.238495 0.595278 0.76731 -0.967432 -0.214641 -0.134179 0.0848221 -0.774321 0.627082 1.66471 1.81979 0.630868</i>
                        <i>-0.238487 0.596588 0.766294 -0.967449 -0.214734 -0.133912 0.0846596 -0.773286 0.62838 1.66471 1.82128 0.630756</i>
                        <i>-0.238476 0.598323 0.764943 -0.96747 -0.214859 -0.133557 0.0844445 -0.77191 0.630099 1.66473 1.82275 0.630608</i>
                        <i>-0.238464 0.600426 0.763298 -0.967496 -0.21501 -0.133126 0.0841838 -0.770234 0.632181 1.66474 1.82417 0.630429</i>
                        <i>-0.23845 0.602837 0.761399 -0.967525 -0.215183 -0.132632 0.0838848 -0.768299 0.634571 1.66476 1.82555 0.630223</i>
                        <i>-0.238435 0.605501 0.759287 -0.967557 -0.215375 -0.132084 0.0835545 -0.766148 0.63721 1.66477 1.82685 0.629995</i>
                        <i>-0.23842 0.608359 0.757004 -0.967592 -0.215582 -0.131495 0.0832001 -0.763822 0.640042 1.66479 1.82808 0.62975</i>
                        <i>-0.238406 0.611355 0.754591 -0.967627 -0.215799 -0.130876 0.0828286 -0.761364 0.643012 1.66481 1.82921 0.629493</i>
                        <i>-0.238392 0.614433 0.752091 -0.967663 -0.216024 -0.130238 0.0824468 -0.758819 0.646062 1.66483 1.83024 0.629229</i>
                        <i>-0.238379 0.617537 0.749549 -0.967699 -0.216251 -0.129593 0.0820617 -0.75623 0.64914 1.66485 1.83115 0.628961</i>
                        <i>-0.238367 0.620613 0.747008 -0.967734 -0.216476 -0.128952 0.08168 -0.753643 0.652189 1.66487 1.83193 0.628696</i>
                        <i>-0.238357 0.623606 0.744514 -0.967768 -0.216696 -0.128326 0.0813084 -0.751104 0.655157 1.66489 1.83257 0.628437</i>
                        <i>-0.238348 0.626464 0.742114 -0.9678 -0.216907 -0.127727 0.0809535 -0.748662 0.657991 1.66491 1.83305 0.62819</i>
                        <i>-0.23834 0.629133 0.739855 -0.96783 -0.217105 -0.127166 0.0806219 -0.746363 0.660638 1.66493 1.83336 0.627958</i>
                        <i>-0.238334 0.631561 0.737786 -0.967856 -0.217286 -0.126655 0.0803201 -0.744256 0.663047 1.66494 1.83349 0.627748</i>
                    </KeyFrames>
                </p>
            </i>
            <i>
                <p>
                    <Name><![CDATA[spine2]]></Name>
                    <Exclude>0</Exclude>
                    <Additive>0</Additive>
                    <IKPriority>0</IKPriority>
                    <IKRotLimits>-1e+010 -1e+010 -1e+010 1e+010 1e+010 1e+010</IKRotLimits>
                    <IKRotLimitOrder>0</IKRotLimitOrder>
                    <KeyFrames count="65">
                        <i>-0.216174 0.470688 0.855408 -0.975318 -0.144468 -0.166983 0.0449818 -0.870392 0.4903 1.62435 1.9408 0.753547</i>
                        <i>-0.216221 0.474075 0.853523 -0.975307 -0.145176 -0.166437 0.0450073 -0.868433 0.493759 1.62438 1.94111 0.752975</i>
                        <i>-0.216273 0.477781 0.851441 -0.975294 -0.14595 -0.165834 0.0450356 -0.86627 0.497542 1.62441 1.94129 0.752346</i>
                        <i>-0.21633 0.481728 0.849199 -0.97528 -0.146775 -0.165187 0.0450661 -0.863941 0.501572 1.62444 1.94132 0.751674</i>
                        <i>-0.216391 0.485842 0.846837 -0.975265 -0.147635 -0.164507 0.0450983 -0.861488 0.505771 1.62447 1.94123 0.750971</i>
                        <i>-0.216454 0.490045 0.844396 -0.975249 -0.148514 -0.163807 0.0451317 -0.858953 0.510062 1.6245 1.941 0.75025</i>
                        <i>-0.216518 0.494263 0.841917 -0.975233 -0.149396 -0.163098 0.0451657 -0.856379 0.514369 1.62453 1.94064 0.749523</i>
                        <i>-0.216583 0.498422 0.839445 -0.975217 -0.150266 -0.162393 0.0451997 -0.853812 0.518615 1.62456 1.94015 0.748803</i>
                        <i>-0.216647 0.502448 0.837024 -0.975202 -0.151108 -0.161704 0.045233 -0.8513 0.522726 1.62459 1.93955 0.748103</i>
                        <i>-0.216709 0.506269 0.834703 -0.975186 -0.151907 -0.161046 0.0452649 -0.848891 0.526626 1.62462 1.93882 0.747437</i>
                        <i>-0.216767 0.509812 0.832529 -0.975172 -0.152649 -0.160431 0.0452949 -0.846635 0.530243 1.62464 1.93797 0.746817</i>
                        <i>-0.21682 0.513005 0.830551 -0.975159 -0.153317 -0.159872 0.0453221 -0.844583 0.533504 1.62466 1.93702 0.746256</i>
                        <i>-0.216867 0.515777 0.82882 -0.975147 -0.153897 -0.159384 0.045346 -0.842787 0.536334 1.62468 1.93595 0.745767</i>
                        <i>-0.216906 0.518058 0.827386 -0.975138 -0.154374 -0.158981 0.0453657 -0.8413 0.538662 1.6247 1.93478 0.745364</i>
                        <i>-0.216936 0.519775 0.826301 -0.97513 -0.154733 -0.158676 0.0453807 -0.840174 0.540415 1.62471 1.93351 0.74506</i>
                        <i>-0.216955 0.520858 0.825614 -0.975126 -0.15496 -0.158483 0.0453901 -0.839461 0.541521 1.62472 1.93214 0.744868</i>
                        <i>-0.216961 0.521235 0.825374 -0.975124 -0.155039 -0.158416 0.0453934 -0.839212 0.541906 1.62472 1.93068 0.744801</i>
                        <i>-0.216955 0.520862 0.825611 -0.975126 -0.154961 -0.158482 0.0453902 -0.839458 0.541525 1.62472 1.92913 0.744867</i>
                        <i>-0.216936 0.51979 0.826291 -0.97513 -0.154737 -0.158673 0.0453808 -0.840164 0.540431 1.62471 1.92751 0.745057</i>
                        <i>-0.216907 0.518089 0.827366 -0.975138 -0.154381 -0.158975 0.045366 -0.841279 0.538695 1.6247 1.92584 0.745359</i>
                        <i>-0.216868 0.515829 0.828787 -0.975147 -0.153908 -0.159375 0.0453464 -0.842753 0.536387 1.62468 1.92414 0.745758</i>
                        <i>-0.216822 0.51308 0.830504 -0.975159 -0.153332 -0.159859 0.0453228 -0.844534 0.53358 1.62467 1.92243 0.746242</i>
                        <i>-0.216769 0.50991 0.832468 -0.975172 -0.152669 -0.160414 0.0452957 -0.846572 0.530344 1.62464 1.92073 0.746799</i>
                        <i>-0.216711 0.50639 0.834629 -0.975186 -0.151933 -0.161025 0.045266 -0.848814 0.526749 1.62462 1.91906 0.747416</i>
                        <i>-0.216649 0.502589 0.83694 -0.975201 -0.151137 -0.16168 0.0452341 -0.851212 0.522869 1.62459 1.91743 0.748079</i>
                        <i>-0.216586 0.498578 0.839352 -0.975217 -0.150298 -0.162366 0.045201 -0.853716 0.518774 1.62456 1.91588 0.748776</i>
                        <i>-0.216521 0.494428 0.841819 -0.975233 -0.149431 -0.16307 0.0451671 -0.856278 0.514537 1.62453 1.91441 0.749494</i>
                        <i>-0.216456 0.490212 0.844298 -0.975249 -0.148549 -0.163779 0.0451331 -0.858851 0.510232 1.6245 1.91305 0.750221</i>
                        <i>-0.216393 0.486001 0.846745 -0.975264 -0.147668 -0.164481 0.0450996 -0.861393 0.505934 1.62447 1.91183 0.750944</i>
                        <i>-0.216332 0.481869 0.849119 -0.975279 -0.146805 -0.165164 0.0450672 -0.863858 0.501715 1.62444 1.91075 0.75165</i>
                        <i>-0.216275 0.47789 0.851379 -0.975293 -0.145973 -0.165816 0.0450364 -0.866206 0.497653 1.62441 1.90984 0.752328</i>
                        <i>-0.216222 0.474138 0.853488 -0.975306 -0.145189 -0.166426 0.0450078 -0.868397 0.493823 1.62438 1.90912 0.752964</i>
                        <i>-0.216174 0.470688 0.855408 -0.975318 -0.144468 -0.166983 0.0449818 -0.870392 0.4903 1.62435 1.90861 0.753547</i>
                        <i>-0.216126 0.467206 0.857326 -0.97533 -0.14374 -0.167541 0.044956 -0.872386 0.486746 1.62433 1.90829 0.754134</i>
                        <i>-0.216074 0.463361 0.859423 -0.975343 -0.142937 -0.168153 0.0449278 -0.874566 0.482821 1.6243 1.90809 0.75478</i>
                        <i>-0.21602 0.459232 0.861651 -0.975356 -0.142075 -0.168805 0.044898 -0.876882 0.478605 1.62426 1.90803 0.75547</i>
                        <i>-0.215964 0.454897 0.863961 -0.97537 -0.141169 -0.169483 0.0448673 -0.879284 0.47418 1.62423 1.90809 0.756193</i>
                        <i>-0.215907 0.450436 0.866309 -0.975384 -0.140238 -0.170175 0.0448363 -0.881726 0.469627 1.62419 1.90828 0.756933</i>
                        <i>-0.215852 0.445931 0.868651 -0.975398 -0.139297 -0.170868 0.0448056 -0.884162 0.465027 1.62416 1.90859 0.757677</i>
                        <i>-0.215798 0.441461 0.870944 -0.975411 -0.138364 -0.171548 0.0447758 -0.886548 0.460464 1.62412 1.90902 0.758413</i>
                        <i>-0.215746 0.437108 0.873149 -0.975424 -0.137456 -0.172205 0.0447473 -0.888843 0.456022 1.62409 1.90957 0.759126</i>
                        <i>-0.215699 0.432956 0.875227 -0.975435 -0.13659 -0.172827 0.0447207 -0.891006 0.451783 1.62405 1.91023 0.759804</i>
                        <i>-0.215655 0.429087 0.877141 -0.975446 -0.135783 -0.173401 0.0446965 -0.892999 0.447834 1.62402 1.91101 0.760433</i>
                        <i>-0.215616 0.425584 0.878856 -0.975456 -0.135052 -0.173917 0.0446749 -0.894785 0.444258 1.62399 1.91191 0.761001</i>
                        <i>-0.215583 0.42253 0.880336 -0.975464 -0.134415 -0.174364 0.0446564 -0.896326 0.441141 1.62397 1.91292 0.761495</i>
                        <i>-0.215556 0.42001 0.881548 -0.975471 -0.13389 -0.174731 0.0446414 -0.897588 0.438568 1.62395 1.91405 0.761901</i>
                        <i>-0.215536 0.418107 0.882457 -0.975475 -0.133493 -0.175007 0.0446302 -0.898536 0.436626 1.62393 1.91528 0.762207</i>
                        <i>-0.215524 0.416904 0.883029 -0.975479 -0.133242 -0.17518 0.0446232 -0.899131 0.435398 1.62392 1.91663 0.762401</i>
                        <i>-0.215519 0.416485 0.883228 -0.97548 -0.133155 -0.175241 0.0446208 -0.899339 0.43497 1.62392 1.91808 0.762468</i>
                        <i>-0.215524 0.4169 0.883031 -0.975479 -0.133241 -0.175181 0.0446232 -0.899134 0.435394 1.62392 1.91964 0.762401</i>
                        <i>-0.215536 0.418091 0.882465 -0.975475 -0.13349 -0.175009 0.0446301 -0.898544 0.436609 1.62393 1.92128 0.76221</i>
                        <i>-0.215556 0.419977 0.881564 -0.975471 -0.133883 -0.174736 0.0446412 -0.897605 0.438534 1.62395 1.92299 0.761907</i>
                        <i>-0.215583 0.422476 0.880363 -0.975464 -0.134404 -0.174372 0.0446561 -0.896354 0.441085 1.62397 1.92474 0.761504</i>
                        <i>-0.215615 0.425506 0.878894 -0.975456 -0.135036 -0.173929 0.0446744 -0.894824 0.444178 1.62399 1.9265 0.761014</i>
                        <i>-0.215654 0.428985 0.877192 -0.975446 -0.135761 -0.173416 0.0446958 -0.893051 0.447729 1.62402 1.92826 0.76045</i>
                        <i>-0.215697 0.432831 0.875289 -0.975436 -0.136564 -0.172845 0.0447199 -0.891071 0.451656 1.62405 1.92999 0.759824</i>
                        <i>-0.215745 0.436964 0.873222 -0.975424 -0.137426 -0.172227 0.0447464 -0.888919 0.455874 1.62409 1.93168 0.75915</i>
                        <i>-0.215796 0.441301 0.871026 -0.975411 -0.138331 -0.171573 0.0447747 -0.886633 0.460301 1.62412 1.93329 0.758439</i>
                        <i>-0.21585 0.445761 0.868738 -0.975398 -0.139262 -0.170893 0.0448045 -0.884253 0.464854 1.62416 1.93481 0.757705</i>
                        <i>-0.215905 0.450266 0.866398 -0.975384 -0.140202 -0.170201 0.0448352 -0.881818 0.469453 1.62419 1.93622 0.756961</i>
                        <i>-0.215962 0.454735 0.864047 -0.975371 -0.141136 -0.169509 0.0448662 -0.879373 0.474015 1.62423 1.93749 0.75622</i>
                        <i>-0.216018 0.45909 0.861727 -0.975357 -0.142045 -0.168827 0.044897 -0.876961 0.47846 1.62426 1.93861 0.755494</i>
                        <i>-0.216073 0.463251 0.859483 -0.975343 -0.142914 -0.168171 0.044927 -0.874628 0.482709 1.6243 1.93954 0.754798</i>
                        <i>-0.216125 0.467143 0.857361 -0.97533 -0.143727 -0.167552 0.0449555 -0.872422 0.486682 1.62433 1.94028 0.754145</i>
                        <i>-0.216174 0.470688 0.855408 -0.975318 -0.144468 -0.166983 0.0449818 -0.870392 0.4903 1.62435 1.9408 0.753547</i>
                    </KeyFrames>
                </p>
            </i>
            <i>
                <p>
                    <Name><![CDATA[head]]></Name>
                    <Exclude>0</Exclude>
                    <Additive>0</Additive>
                    <IKPriority>0</IKPriority>
                    <IKRotLimits>-1e+010 -1e+010 -1e+010 1e+010 1e+010 1e+010</IKRotLimits>
