<?xml version="1.0" encoding="ISO-8859-1" ?>
<Animl Version="1">
    <ModellingPackage><![CDATA[Maya.2010]]></ModellingPackage>
    <SrcFile><![CDATA[anims\turrets\machinegun\red\~src\mgun_nsv\mgun_nsv_fire_crewman_a.mb]]></SrcFile>
    <FramesPerSecond>30</FramesPerSecond>
    <TotalFrames>61</TotalFrames>
    <Skeleton>
        <RefFrame>
            <Name><![CDATA[soldier_ref_frame]]></Name>
            <Exclude>0</Exclude>
            <Additive>0</Additive>
            <IKPriority>0</IKPriority>
            <IKRotLimits>-1e+010 -1e+010 -1e+010 1e+010 1e+010 1e+010</IKRotLimits>
            <IKRotLimitOrder>0</IKRotLimitOrder>
            <KeyFrames count="61">
                <i>1 0 0 0 1 0 0 0 1 0.226981 0.900305 -2.49212</i>
                <i>1 0 0 0 1 0 0 0 1 0.226981 0.900305 -2.49212</i>
                <i>1 0 0 0 1 0 0 0 1 0.226981 0.900305 -2.49212</i>
                <i>1 0 0 0 1 0 0 0 1 0.226981 0.900305 -2.49212</i>
                <i>1 0 0 0 1 0 0 0 1 0.226981 0.900305 -2.49212</i>
                <i>1 0 0 0 1 0 0 0 1 0.226981 0.900305 -2.49212</i>
                <i>1 0 0 0 1 0 0 0 1 0.226981 0.900305 -2.49212</i>
                <i>1 0 0 0 1 0 0 0 1 0.226981 0.900305 -2.49212</i>
                <i>1 0 0 0 1 0 0 0 1 0.226981 0.900305 -2.49212</i>
                <i>1 0 0 0 1 0 0 0 1 0.226981 0.900305 -2.49212</i>
                <i>1 0 0 0 1 0 0 0 1 0.226981 0.900305 -2.49212</i>
                <i>1 0 0 0 1 0 0 0 1 0.226981 0.900305 -2.49212</i>
                <i>1 0 0 0 1 0 0 0 1 0.226981 0.900305 -2.49212</i>
                <i>1 0 0 0 1 0 0 0 1 0.226981 0.900305 -2.49212</i>
                <i>1 0 0 0 1 0 0 0 1 0.226981 0.900305 -2.49212</i>
                <i>1 0 0 0 1 0 0 0 1 0.226981 0.900305 -2.49212</i>
                <i>1 0 0 0 1 0 0 0 1 0.226981 0.900305 -2.49212</i>
                <i>1 0 0 0 1 0 0 0 1 0.226981 0.900305 -2.49212</i>
                <i>1 0 0 0 1 0 0 0 1 0.226981 0.900305 -2.49212</i>
                <i>1 0 0 0 1 0 0 0 1 0.226981 0.900305 -2.49212</i>
                <i>1 0 0 0 1 0 0 0 1 0.226981 0.900305 -2.49212</i>
                <i>1 0 0 0 1 0 0 0 1 0.226981 0.900305 -2.49212</i>
                <i>1 0 0 0 1 0 0 0 1 0.226981 0.900305 -2.49212</i>
                <i>1 0 0 0 1 0 0 0 1 0.226981 0.900305 -2.49212</i>
                <i>1 0 0 0 1 0 0 0 1 0.226981 0.900305 -2.49212</i>
                <i>1 0 0 0 1 0 0 0 1 0.226981 0.900305 -2.49212</i>
                <i>1 0 0 0 1 0 0 0 1 0.226981 0.900305 -2.49212</i>
                <i>1 0 0 0 1 0 0 0 1 0.226981 0.900305 -2.49212</i>
                <i>1 0 0 0 1 0 0 0 1 0.226981 0.900305 -2.49212</i>
                <i>1 0 0 0 1 0 0 0 1 0.226981 0.900305 -2.49212</i>
                <i>1 0 0 0 1 0 0 0 1 0.226981 0.900305 -2.49212</i>
                <i>1 0 0 0 1 0 0 0 1 0.226981 0.900305 -2.49212</i>
                <i>1 0 0 0 1 0 0 0 1 0.226981 0.900305 -2.49212</i>
                <i>1 0 0 0 1 0 0 0 1 0.226981 0.900305 -2.49212</i>
                <i>1 0 0 0 1 0 0 0 1 0.226981 0.900305 -2.49212</i>
                <i>1 0 0 0 1 0 0 0 1 0.226981 0.900305 -2.49212</i>
                <i>1 0 0 0 1 0 0 0 1 0.226981 0.900305 -2.49212</i>
                <i>1 0 0 0 1 0 0 0 1 0.226981 0.900305 -2.49212</i>
                <i>1 0 0 0 1 0 0 0 1 0.226981 0.900305 -2.49212</i>
                <i>1 0 0 0 1 0 0 0 1 0.226981 0.900305 -2.49212</i>
                <i>1 0 0 0 1 0 0 0 1 0.226981 0.900305 -2.49212</i>
                <i>1 0 0 0 1 0 0 0 1 0.226981 0.900305 -2.49212</i>
                <i>1 0 0 0 1 0 0 0 1 0.226981 0.900305 -2.49212</i>
                <i>1 0 0 0 1 0 0 0 1 0.226981 0.900305 -2.49212</i>
                <i>1 0 0 0 1 0 0 0 1 0.226981 0.900305 -2.49212</i>
                <i>1 0 0 0 1 0 0 0 1 0.226981 0.900305 -2.49212</i>
                <i>1 0 0 0 1 0 0 0 1 0.226981 0.900305 -2.49212</i>
                <i>1 0 0 0 1 0 0 0 1 0.226981 0.900305 -2.49212</i>
                <i>1 0 0 0 1 0 0 0 1 0.226981 0.900305 -2.49212</i>
                <i>1 0 0 0 1 0 0 0 1 0.226981 0.900305 -2.49212</i>
                <i>1 0 0 0 1 0 0 0 1 0.226981 0.900305 -2.49212</i>
                <i>1 0 0 0 1 0 0 0 1 0.226981 0.900305 -2.49212</i>
                <i>1 0 0 0 1 0 0 0 1 0.226981 0.900305 -2.49212</i>
                <i>1 0 0 0 1 0 0 0 1 0.226981 0.900305 -2.49212</i>
                <i>1 0 0 0 1 0 0 0 1 0.226981 0.900305 -2.49212</i>
                <i>1 0 0 0 1 0 0 0 1 0.226981 0.900305 -2.49212</i>
                <i>1 0 0 0 1 0 0 0 1 0.226981 0.900305 -2.49212</i>
                <i>1 0 0 0 1 0 0 0 1 0.226981 0.900305 -2.49212</i>
                <i>1 0 0 0 1 0 0 0 1 0.226981 0.900305 -2.49212</i>
                <i>1 0 0 0 1 0 0 0 1 0.226981 0.900305 -2.49212</i>
                <i>1 0 0 0 1 0 0 0 1 0.226981 0.900305 -2.49212</i>
            </KeyFrames>
        </RefFrame>
        <Bones count="23">
            <i>
                <p>
                    <Name><![CDATA[pelvis]]></Name>
                    <Exclude>0</Exclude>
                    <Additive>1</Additive>
                    <IKPriority>0</IKPriority>
                    <IKRotLimits>-1e+010 -1e+010 -1e+010 1e+010 1e+010 1e+010</IKRotLimits>
                    <IKRotLimitOrder>2</IKRotLimitOrder>
                    <KeyFrames count="61">
                        <i>1 0 0 0 1 0 0 0 1 0.188641 1.89359 -2.46601</i>
                        <i>1 0 0 0 1 0 0 0 1 0.178297 1.85933 -2.44418</i>
                        <i>1 0 0 0 1 0 0 0 1 0.172157 1.81139 -2.52737</i>
                        <i>1 0 0 0 1 0 0 0 1 0.178193 1.85126 -2.5051</i>
                        <i>1 0 0 0 1 0 0 0 1 0.188641 1.89359 -2.46601</i>
                        <i>1 0 0 0 1 0 0 0 1 0.199642 1.86116 -2.44461</i>
                        <i>1 0 0 0 1 0 0 0 1 0.207148 1.82942 -2.52904</i>
                        <i>1 0 0 0 1 0 0 0 1 0.200232 1.86451 -2.50718</i>
                        <i>1 0 0 0 1 0 0 0 1 0.188641 1.89359 -2.46601</i>
                        <i>1 0 0 0 1 0 0 0 1 0.178297 1.85933 -2.44418</i>
                        <i>1 0 0 0 1 0 0 0 1 0.172157 1.81139 -2.52737</i>
                        <i>1 0 0 0 1 0 0 0 1 0.178193 1.85126 -2.5051</i>
                        <i>1 0 0 0 1 0 0 0 1 0.188641 1.89359 -2.46601</i>
                        <i>1 0 0 0 1 0 0 0 1 0.199642 1.86116 -2.44461</i>
                        <i>1 0 0 0 1 0 0 0 1 0.207148 1.82942 -2.52904</i>
                        <i>1 0 0 0 1 0 0 0 1 0.200232 1.86451 -2.50718</i>
                        <i>1 0 0 0 1 0 0 0 1 0.188641 1.89359 -2.46601</i>
                        <i>1 0 0 0 1 0 0 0 1 0.178297 1.85933 -2.44418</i>
                        <i>1 0 0 0 1 0 0 0 1 0.172157 1.81139 -2.52737</i>
                        <i>1 0 0 0 1 0 0 0 1 0.178193 1.85126 -2.5051</i>
                        <i>1 0 0 0 1 0 0 0 1 0.188641 1.89359 -2.46601</i>
                        <i>1 0 0 0 1 0 0 0 1 0.199642 1.86116 -2.44461</i>
                        <i>1 0 0 0 1 0 0 0 1 0.207148 1.82942 -2.52904</i>
                        <i>1 0 0 0 1 0 0 0 1 0.200232 1.86451 -2.50718</i>
                        <i>1 0 0 0 1 0 0 0 1 0.188641 1.89359 -2.46601</i>
                        <i>1 0 0 0 1 0 0 0 1 0.178297 1.85933 -2.44418</i>
                        <i>1 0 0 0 1 0 0 0 1 0.172157 1.81139 -2.52737</i>
                        <i>1 0 0 0 1 0 0 0 1 0.178193 1.85126 -2.5051</i>
                        <i>1 0 0 0 1 0 0 0 1 0.188641 1.89359 -2.46601</i>
                        <i>1 0 0 0 1 0 0 0 1 0.199642 1.86116 -2.44461</i>
                        <i>1 0 0 0 1 0 0 0 1 0.207148 1.82942 -2.52904</i>
                        <i>1 0 0 0 1 0 0 0 1 0.200232 1.86451 -2.50718</i>
                        <i>1 0 0 0 1 0 0 0 1 0.188641 1.89359 -2.46601</i>
                        <i>1 0 0 0 1 0 0 0 1 0.178297 1.85933 -2.44418</i>
                        <i>1 0 0 0 1 0 0 0 1 0.172157 1.81139 -2.52737</i>
                        <i>1 0 0 0 1 0 0 0 1 0.178193 1.85126 -2.5051</i>
                        <i>1 0 0 0 1 0 0 0 1 0.188641 1.89359 -2.46601</i>
                        <i>1 0 0 0 1 0 0 0 1 0.199642 1.86116 -2.44461</i>
                        <i>1 0 0 0 1 0 0 0 1 0.207148 1.82942 -2.52904</i>
                        <i>1 0 0 0 1 0 0 0 1 0.200232 1.86451 -2.50718</i>
                        <i>1 0 0 0 1 0 0 0 1 0.188641 1.89359 -2.46601</i>
                        <i>1 0 0 0 1 0 0 0 1 0.178297 1.85933 -2.44418</i>
                        <i>1 0 0 0 1 0 0 0 1 0.172157 1.81139 -2.52737</i>
                        <i>1 0 0 0 1 0 0 0 1 0.178193 1.85126 -2.5051</i>
                        <i>1 0 0 0 1 0 0 0 1 0.188641 1.89359 -2.46601</i>
                        <i>1 0 0 0 1 0 0 0 1 0.199642 1.86116 -2.44461</i>
                        <i>1 0 0 0 1 0 0 0 1 0.207148 1.82942 -2.52904</i>
                        <i>1 0 0 0 1 0 0 0 1 0.200232 1.86451 -2.50718</i>
                        <i>1 0 0 0 1 0 0 0 1 0.188641 1.89359 -2.46601</i>
                        <i>1 0 0 0 1 0 0 0 1 0.178297 1.85933 -2.44418</i>
                        <i>1 0 0 0 1 0 0 0 1 0.172157 1.81139 -2.52737</i>
                        <i>1 0 0 0 1 0 0 0 1 0.178193 1.85126 -2.5051</i>
                        <i>1 0 0 0 1 0 0 0 1 0.188641 1.89359 -2.46601</i>
                        <i>1 0 0 0 1 0 0 0 1 0.199642 1.86116 -2.44461</i>
                        <i>1 0 0 0 1 0 0 0 1 0.207148 1.82942 -2.52904</i>
                        <i>1 0 0 0 1 0 0 0 1 0.200232 1.86451 -2.50718</i>
                        <i>1 0 0 0 1 0 0 0 1 0.188641 1.89359 -2.46601</i>
                        <i>1 0 0 0 1 0 0 0 1 0.178297 1.85933 -2.44418</i>
                        <i>1 0 0 0 1 0 0 0 1 0.172157 1.81139 -2.52737</i>
                        <i>1 0 0 0 1 0 0 0 1 0.178193 1.85126 -2.5051</i>
                        <i>1 0 0 0 1 0 0 0 1 0.188641 1.89359 -2.46601</i>
                    </KeyFrames>
                </p>
            </i>
            <i>
                <p>
                    <Name><![CDATA[spine0]]></Name>
                    <Exclude>0</Exclude>
                    <Additive>1</Additive>
                    <IKPriority>0</IKPriority>
                    <IKRotLimits>-1e+010 -1e+010 -1e+010 1e+010 1e+010 1e+010</IKRotLimits>
                    <IKRotLimitOrder>0</IKRotLimitOrder>
                    <KeyFrames count="61">
                        <i>-0.0716986 0.992018 -0.103724 -0.995989 -0.0656255 0.0608267 0.0535342 0.10767 0.992744 0.168776 2.00704 -2.55222</i>
                        <i>-0.0441272 0.991632 -0.121317 -0.998123 -0.0489227 -0.0368368 -0.0424638 0.119464 0.99193 0.168832 1.9642 -2.5422</i>
                        <i>-0.0215746 0.97006 -0.241905 -0.99465 -0.0452768 -0.0928547 -0.101027 0.238607 0.965847 0.170088 1.90882 -2.6332</i>
                        <i>-0.0468289 0.982158 -0.182135 -0.998445 -0.0515418 -0.0212262 -0.0302351 0.180858 0.983044 0.167576 1.95743 -2.60159</i>
                        <i>-0.0716986 0.992018 -0.103724 -0.995989 -0.0656255 0.0608267 0.0535342 0.10767 0.992744 0.168776 2.00704 -2.55222</i>
                        <i>-0.0948501 0.987892 -0.12277 -0.994759 -0.0987878 -0.0263806 -0.0381893 0.119624 0.992085 0.183944 1.96518 -2.54273</i>
                        <i>-0.11694 0.950474 -0.287966 -0.989822 -0.13522 -0.0443564 -0.0810983 0.279849 0.956613 0.196302 1.92397 -2.63692</i>
                        <i>-0.104787 0.970479 -0.217235 -0.99424 -0.107171 0.000810851 -0.0224943 0.216068 0.976119 0.184732 1.9673 -2.60664</i>
                        <i>-0.0716986 0.992018 -0.103724 -0.995989 -0.0656255 0.0608267 0.0535342 0.10767 0.992744 0.168776 2.00704 -2.55222</i>
                        <i>-0.0441272 0.991632 -0.121317 -0.998123 -0.0489227 -0.0368368 -0.0424638 0.119464 0.99193 0.168832 1.9642 -2.5422</i>
                        <i>-0.0215746 0.97006 -0.241905 -0.99465 -0.0452768 -0.0928547 -0.101027 0.238607 0.965847 0.170088 1.90882 -2.6332</i>
                        <i>-0.0468289 0.982158 -0.182135 -0.998445 -0.0515418 -0.0212262 -0.0302351 0.180858 0.983044 0.167576 1.95743 -2.60159</i>
                        <i>-0.0716986 0.992018 -0.103724 -0.995989 -0.0656255 0.0608267 0.0535342 0.10767 0.992744 0.168776 2.00704 -2.55222</i>
                        <i>-0.0948501 0.987892 -0.12277 -0.994759 -0.0987878 -0.0263806 -0.0381893 0.119624 0.992085 0.183944 1.96518 -2.54273</i>
                        <i>-0.11694 0.950474 -0.287966 -0.989822 -0.13522 -0.0443564 -0.0810983 0.279849 0.956613 0.196302 1.92397 -2.63692</i>
                        <i>-0.104787 0.970479 -0.217235 -0.99424 -0.107171 0.000810851 -0.0224943 0.216068 0.976119 0.184732 1.9673 -2.60664</i>
                        <i>-0.0716986 0.992018 -0.103724 -0.995989 -0.0656255 0.0608267 0.0535342 0.10767 0.992744 0.168776 2.00704 -2.55222</i>
                        <i>-0.0441272 0.991632 -0.121317 -0.998123 -0.0489227 -0.0368368 -0.0424638 0.119464 0.99193 0.168832 1.9642 -2.5422</i>
                        <i>-0.0215746 0.97006 -0.241905 -0.99465 -0.0452768 -0.0928547 -0.101027 0.238607 0.965847 0.170088 1.90882 -2.6332</i>
                        <i>-0.0468289 0.982158 -0.182135 -0.998445 -0.0515418 -0.0212262 -0.0302351 0.180858 0.983044 0.167576 1.95743 -2.60159</i>
                        <i>-0.0716986 0.992018 -0.103724 -0.995989 -0.0656255 0.0608267 0.0535342 0.10767 0.992744 0.168776 2.00704 -2.55222</i>
                        <i>-0.0948501 0.987892 -0.12277 -0.994759 -0.0987878 -0.0263806 -0.0381893 0.119624 0.992085 0.183944 1.96518 -2.54273</i>
                        <i>-0.11694 0.950474 -0.287966 -0.989822 -0.13522 -0.0443564 -0.0810983 0.279849 0.956613 0.196302 1.92397 -2.63692</i>
                        <i>-0.104787 0.970479 -0.217235 -0.99424 -0.107171 0.000810851 -0.0224943 0.216068 0.976119 0.184732 1.9673 -2.60664</i>
                        <i>-0.0716986 0.992018 -0.103724 -0.995989 -0.0656255 0.0608267 0.0535342 0.10767 0.992744 0.168776 2.00704 -2.55222</i>
                        <i>-0.0441272 0.991632 -0.121317 -0.998123 -0.0489227 -0.0368368 -0.0424638 0.119464 0.99193 0.168832 1.9642 -2.5422</i>
                        <i>-0.0215746 0.97006 -0.241905 -0.99465 -0.0452768 -0.0928547 -0.101027 0.238607 0.965847 0.170088 1.90882 -2.6332</i>
                        <i>-0.0468289 0.982158 -0.182135 -0.998445 -0.0515418 -0.0212262 -0.0302351 0.180858 0.983044 0.167576 1.95743 -2.60159</i>
                        <i>-0.0716986 0.992018 -0.103724 -0.995989 -0.0656255 0.0608267 0.0535342 0.10767 0.992744 0.168776 2.00704 -2.55222</i>
                        <i>-0.0948501 0.987892 -0.12277 -0.994759 -0.0987878 -0.0263806 -0.0381893 0.119624 0.992085 0.183944 1.96518 -2.54273</i>
                        <i>-0.11694 0.950474 -0.287966 -0.989822 -0.13522 -0.0443564 -0.0810983 0.279849 0.956613 0.196302 1.92397 -2.63692</i>
                        <i>-0.104787 0.970479 -0.217235 -0.99424 -0.107171 0.000810851 -0.0224943 0.216068 0.976119 0.184732 1.9673 -2.60664</i>
                        <i>-0.0716986 0.992018 -0.103724 -0.995989 -0.0656255 0.0608267 0.0535342 0.10767 0.992744 0.168776 2.00704 -2.55222</i>
                        <i>-0.0441272 0.991632 -0.121317 -0.998123 -0.0489227 -0.0368368 -0.0424638 0.119464 0.99193 0.168832 1.9642 -2.5422</i>
                        <i>-0.0215746 0.97006 -0.241905 -0.99465 -0.0452768 -0.0928547 -0.101027 0.238607 0.965847 0.170088 1.90882 -2.6332</i>
                        <i>-0.0468289 0.982158 -0.182135 -0.998445 -0.0515418 -0.0212262 -0.0302351 0.180858 0.983044 0.167576 1.95743 -2.60159</i>
                        <i>-0.0716986 0.992018 -0.103724 -0.995989 -0.0656255 0.0608267 0.0535342 0.10767 0.992744 0.168776 2.00704 -2.55222</i>
                        <i>-0.0948501 0.987892 -0.12277 -0.994759 -0.0987878 -0.0263806 -0.0381893 0.119624 0.992085 0.183944 1.96518 -2.54273</i>
                        <i>-0.11694 0.950474 -0.287966 -0.989822 -0.13522 -0.0443564 -0.0810983 0.279849 0.956613 0.196302 1.92397 -2.63692</i>
                        <i>-0.104787 0.970479 -0.217235 -0.99424 -0.107171 0.000810851 -0.0224943 0.216068 0.976119 0.184732 1.9673 -2.60664</i>
                        <i>-0.0716986 0.992018 -0.103724 -0.995989 -0.0656255 0.0608267 0.0535342 0.10767 0.992744 0.168776 2.00704 -2.55222</i>
                        <i>-0.0441272 0.991632 -0.121317 -0.998123 -0.0489227 -0.0368368 -0.0424638 0.119464 0.99193 0.168832 1.9642 -2.5422</i>
                        <i>-0.0215746 0.97006 -0.241905 -0.99465 -0.0452768 -0.0928547 -0.101027 0.238607 0.965847 0.170088 1.90882 -2.6332</i>
                        <i>-0.0468289 0.982158 -0.182135 -0.998445 -0.0515418 -0.0212262 -0.0302351 0.180858 0.983044 0.167576 1.95743 -2.60159</i>
                        <i>-0.0716986 0.992018 -0.103724 -0.995989 -0.0656255 0.0608267 0.0535342 0.10767 0.992744 0.168776 2.00704 -2.55222</i>
                        <i>-0.0948501 0.987892 -0.12277 -0.994759 -0.0987878 -0.0263806 -0.0381893 0.119624 0.992085 0.183944 1.96518 -2.54273</i>
                        <i>-0.11694 0.950474 -0.287966 -0.989822 -0.13522 -0.0443564 -0.0810983 0.279849 0.956613 0.196302 1.92397 -2.63692</i>
                        <i>-0.104787 0.970479 -0.217235 -0.99424 -0.107171 0.000810851 -0.0224943 0.216068 0.976119 0.184732 1.9673 -2.60664</i>
                        <i>-0.0716986 0.992018 -0.103724 -0.995989 -0.0656255 0.0608267 0.0535342 0.10767 0.992744 0.168776 2.00704 -2.55222</i>
                        <i>-0.0441272 0.991632 -0.121317 -0.998123 -0.0489227 -0.0368368 -0.0424638 0.119464 0.99193 0.168832 1.9642 -2.5422</i>
                        <i>-0.0215746 0.97006 -0.241905 -0.99465 -0.0452768 -0.0928547 -0.101027 0.238607 0.965847 0.170088 1.90882 -2.6332</i>
                        <i>-0.0468289 0.982158 -0.182135 -0.998445 -0.0515418 -0.0212262 -0.0302351 0.180858 0.983044 0.167576 1.95743 -2.60159</i>
                        <i>-0.0716986 0.992018 -0.103724 -0.995989 -0.0656255 0.0608267 0.0535342 0.10767 0.992744 0.168776 2.00704 -2.55222</i>
                        <i>-0.0948501 0.987892 -0.12277 -0.994759 -0.0987878 -0.0263806 -0.0381893 0.119624 0.992085 0.183944 1.96518 -2.54273</i>
                        <i>-0.11694 0.950474 -0.287966 -0.989822 -0.13522 -0.0443564 -0.0810983 0.279849 0.956613 0.196302 1.92397 -2.63692</i>
                        <i>-0.104787 0.970479 -0.217235 -0.99424 -0.107171 0.000810851 -0.0224943 0.216068 0.976119 0.184732 1.9673 -2.60664</i>
                        <i>-0.0716986 0.992018 -0.103724 -0.995989 -0.0656255 0.0608267 0.0535342 0.10767 0.992744 0.168776 2.00704 -2.55222</i>
                        <i>-0.0441272 0.991632 -0.121317 -0.998123 -0.0489227 -0.0368368 -0.0424638 0.119464 0.99193 0.168832 1.9642 -2.5422</i>
                        <i>-0.0215746 0.97006 -0.241905 -0.99465 -0.0452768 -0.0928547 -0.101027 0.238607 0.965847 0.170088 1.90882 -2.6332</i>
                        <i>-0.0468289 0.982158 -0.182135 -0.998445 -0.0515418 -0.0212262 -0.0302351 0.180858 0.983044 0.167576 1.95743 -2.60159</i>
                        <i>-0.0716986 0.992018 -0.103724 -0.995989 -0.0656255 0.0608267 0.0535342 0.10767 0.992744 0.168776 2.00704 -2.55222</i>
                    </KeyFrames>
                </p>
            </i>
            <i>
                <p>
                    <Name><![CDATA[spine1]]></Name>
                    <Exclude>0</Exclude>
                    <Additive>1</Additive>
                    <IKPriority>0</IKPriority>
                    <IKRotLimits>-1e+010 -1e+010 -1e+010 1e+010 1e+010 1e+010</IKRotLimits>
                    <IKRotLimitOrder>0</IKRotLimitOrder>
                    <KeyFrames count="61">
                        <i>0.085936 0.933974 0.346854 -0.995611 0.0675517 0.0647746 0.0370672 -0.350898 0.93568 0.156276 2.17997 -2.57032</i>
                        <i>0.0612546 0.875806 0.47876 -0.994111 0.0964937 -0.0493273 -0.0893985 -0.472919 0.876559 0.160962 2.1411 -2.56389</i>
                        <i>0.0543319 0.953669 0.295911 -0.989343 0.0915065 -0.113257 -0.135087 -0.286604 0.948477 0.166292 2.07965 -2.67583</i>
                        <i>0.0703858 0.952428 0.296524 -0.996187 0.0824756 -0.0284452 -0.051548 -0.293391 0.954602 0.159396 2.129 -2.63342</i>
                        <i>0.085936 0.933974 0.346854 -0.995611 0.0675517 0.0647746 0.0370672 -0.350898 0.93568 0.156276 2.17997 -2.57032</i>
                        <i>0.0223429 0.878942 0.476404 -0.998144 0.0466165 -0.0391932 -0.0566569 -0.474644 0.878352 0.167025 2.14142 -2.56468</i>
                        <i>-0.0925757 0.976618 0.194029 -0.995542 -0.0872541 -0.0358145 -0.0180473 -0.19648 0.980342 0.175797 2.09064 -2.68744</i>
                        <i>-0.0262636 0.969227 0.244764 -0.999582 -0.0284266 0.00530825 0.0121027 -0.244523 0.969568 0.166434 2.13676 -2.64459</i>
                        <i>0.085936 0.933974 0.346854 -0.995611 0.0675517 0.0647746 0.0370672 -0.350898 0.93568 0.156276 2.17997 -2.57032</i>
                        <i>0.0612546 0.875806 0.47876 -0.994111 0.0964937 -0.0493273 -0.0893985 -0.472919 0.876559 0.160962 2.1411 -2.56389</i>
                        <i>0.0543319 0.953669 0.295911 -0.989343 0.0915065 -0.113257 -0.135087 -0.286604 0.948477 0.166292 2.07965 -2.67583</i>
                        <i>0.0703858 0.952428 0.296524 -0.996187 0.0824756 -0.0284452 -0.051548 -0.293391 0.954602 0.159396 2.129 -2.63342</i>
                        <i>0.085936 0.933974 0.346854 -0.995611 0.0675517 0.0647746 0.0370672 -0.350898 0.93568 0.156276 2.17997 -2.57032</i>
                        <i>0.0223429 0.878942 0.476404 -0.998144 0.0466165 -0.0391932 -0.0566569 -0.474644 0.878352 0.167025 2.14142 -2.56468</i>
                        <i>-0.0925757 0.976618 0.194029 -0.995542 -0.0872541 -0.0358145 -0.0180473 -0.19648 0.980342 0.175797 2.09064 -2.68744</i>
                        <i>-0.0262636 0.969227 0.244764 -0.999582 -0.0284266 0.00530825 0.0121027 -0.244523 0.969568 0.166434 2.13676 -2.64459</i>
                        <i>0.085936 0.933974 0.346854 -0.995611 0.0675517 0.0647746 0.0370672 -0.350898 0.93568 0.156276 2.17997 -2.57032</i>
                        <i>0.0612546 0.875806 0.47876 -0.994111 0.0964937 -0.0493273 -0.0893985 -0.472919 0.876559 0.160962 2.1411 -2.56389</i>
                        <i>0.0543319 0.953669 0.295911 -0.989343 0.0915065 -0.113257 -0.135087 -0.286604 0.948477 0.166292 2.07965 -2.67583</i>
                        <i>0.0703858 0.952428 0.296524 -0.996187 0.0824756 -0.0284452 -0.051548 -0.293391 0.954602 0.159396 2.129 -2.63342</i>
                        <i>0.085936 0.933974 0.346854 -0.995611 0.0675517 0.0647746 0.0370672 -0.350898 0.93568 0.156276 2.17997 -2.57032</i>
                        <i>0.0223429 0.878942 0.476404 -0.998144 0.0466165 -0.0391932 -0.0566569 -0.474644 0.878352 0.167025 2.14142 -2.56468</i>
                        <i>-0.0925757 0.976618 0.194029 -0.995542 -0.0872541 -0.0358145 -0.0180473 -0.19648 0.980342 0.175797 2.09064 -2.68744</i>
                        <i>-0.0262636 0.969227 0.244764 -0.999582 -0.0284266 0.00530825 0.0121027 -0.244523 0.969568 0.166434 2.13676 -2.64459</i>
                        <i>0.085936 0.933974 0.346854 -0.995611 0.0675517 0.0647746 0.0370672 -0.350898 0.93568 0.156276 2.17997 -2.57032</i>
                        <i>0.0612546 0.875806 0.47876 -0.994111 0.0964937 -0.0493273 -0.0893985 -0.472919 0.876559 0.160962 2.1411 -2.56389</i>
                        <i>0.0543319 0.953669 0.295911 -0.989343 0.0915065 -0.113257 -0.135087 -0.286604 0.948477 0.166292 2.07965 -2.67583</i>
                        <i>0.0703858 0.952428 0.296524 -0.996187 0.0824756 -0.0284452 -0.051548 -0.293391 0.954602 0.159396 2.129 -2.63342</i>
                        <i>0.085936 0.933974 0.346854 -0.995611 0.0675517 0.0647746 0.0370672 -0.350898 0.93568 0.156276 2.17997 -2.57032</i>
                        <i>0.0223429 0.878942 0.476404 -0.998144 0.0466165 -0.0391932 -0.0566569 -0.474644 0.878352 0.167025 2.14142 -2.56468</i>
                        <i>-0.0925757 0.976618 0.194029 -0.995542 -0.0872541 -0.0358145 -0.0180473 -0.19648 0.980342 0.175797 2.09064 -2.68744</i>
                        <i>-0.0262636 0.969227 0.244764 -0.999582 -0.0284266 0.00530825 0.0121027 -0.244523 0.969568 0.166434 2.13676 -2.64459</i>
                        <i>0.085936 0.933974 0.346854 -0.995611 0.0675517 0.0647746 0.0370672 -0.350898 0.93568 0.156276 2.17997 -2.57032</i>
                        <i>0.0612546 0.875806 0.47876 -0.994111 0.0964937 -0.0493273 -0.0893985 -0.472919 0.876559 0.160962 2.1411 -2.56389</i>
                        <i>0.0543319 0.953669 0.295911 -0.989343 0.0915065 -0.113257 -0.135087 -0.286604 0.948477 0.166292 2.07965 -2.67583</i>
                        <i>0.0703858 0.952428 0.296524 -0.996187 0.0824756 -0.0284452 -0.051548 -0.293391 0.954602 0.159396 2.129 -2.63342</i>
                        <i>0.085936 0.933974 0.346854 -0.995611 0.0675517 0.0647746 0.0370672 -0.350898 0.93568 0.156276 2.17997 -2.57032</i>
                        <i>0.0223429 0.878942 0.476404 -0.998144 0.0466165 -0.0391932 -0.0566569 -0.474644 0.878352 0.167025 2.14142 -2.56468</i>
                        <i>-0.0925757 0.976618 0.194029 -0.995542 -0.0872541 -0.0358145 -0.0180473 -0.19648 0.980342 0.175797 2.09064 -2.68744</i>
                        <i>-0.0262636 0.969227 0.244764 -0.999582 -0.0284266 0.00530825 0.0121027 -0.244523 0.969568 0.166434 2.13676 -2.64459</i>
                        <i>0.085936 0.933974 0.346854 -0.995611 0.0675517 0.0647746 0.0370672 -0.350898 0.93568 0.156276 2.17997 -2.57032</i>
                        <i>0.0612546 0.875806 0.47876 -0.994111 0.0964937 -0.0493273 -0.0893985 -0.472919 0.876559 0.160962 2.1411 -2.56389</i>
                        <i>0.0543319 0.953669 0.295911 -0.989343 0.0915065 -0.113257 -0.135087 -0.286604 0.948477 0.166292 2.07965 -2.67583</i>
                        <i>0.0703858 0.952428 0.296524 -0.996187 0.0824756 -0.0284452 -0.051548 -0.293391 0.954602 0.159396 2.129 -2.63342</i>
                        <i>0.085936 0.933974 0.346854 -0.995611 0.0675517 0.0647746 0.0370672 -0.350898 0.93568 0.156276 2.17997 -2.57032</i>
                        <i>0.0223429 0.878942 0.476404 -0.998144 0.0466165 -0.0391932 -0.0566569 -0.474644 0.878352 0.167025 2.14142 -2.56468</i>
                        <i>-0.0925757 0.976618 0.194029 -0.995542 -0.0872541 -0.0358145 -0.0180473 -0.19648 0.980342 0.175797 2.09064 -2.68744</i>
                        <i>-0.0262636 0.969227 0.244764 -0.999582 -0.0284266 0.00530825 0.0121027 -0.244523 0.969568 0.166434 2.13676 -2.64459</i>
                        <i>0.085936 0.933974 0.346854 -0.995611 0.0675517 0.0647746 0.0370672 -0.350898 0.93568 0.156276 2.17997 -2.57032</i>
                        <i>0.0612546 0.875806 0.47876 -0.994111 0.0964937 -0.0493273 -0.0893985 -0.472919 0.876559 0.160962 2.1411 -2.56389</i>
                        <i>0.0543319 0.953669 0.295911 -0.989343 0.0915065 -0.113257 -0.135087 -0.286604 0.948477 0.166292 2.07965 -2.67583</i>
                        <i>0.0703858 0.952428 0.296524 -0.996187 0.0824756 -0.0284452 -0.051548 -0.293391 0.954602 0.159396 2.129 -2.63342</i>
                        <i>0.085936 0.933974 0.346854 -0.995611 0.0675517 0.0647746 0.0370672 -0.350898 0.93568 0.156276 2.17997 -2.57032</i>
                        <i>0.0223429 0.878942 0.476404 -0.998144 0.0466165 -0.0391932 -0.0566569 -0.474644 0.878352 0.167025 2.14142 -2.56468</i>
                        <i>-0.0925757 0.976618 0.194029 -0.995542 -0.0872541 -0.0358145 -0.0180473 -0.19648 0.980342 0.175797 2.09064 -2.68744</i>
                        <i>-0.0262636 0.969227 0.244764 -0.999582 -0.0284266 0.00530825 0.0121027 -0.244523 0.969568 0.166434 2.13676 -2.64459</i>
                        <i>0.085936 0.933974 0.346854 -0.995611 0.0675517 0.0647746 0.0370672 -0.350898 0.93568 0.156276 2.17997 -2.57032</i>
                        <i>0.0612546 0.875806 0.47876 -0.994111 0.0964937 -0.0493273 -0.0893985 -0.472919 0.876559 0.160962 2.1411 -2.56389</i>
                        <i>0.0543319 0.953669 0.295911 -0.989343 0.0915065 -0.113257 -0.135087 -0.286604 0.948477 0.166292 2.07965 -2.67583</i>
                        <i>0.0703858 0.952428 0.296524 -0.996187 0.0824756 -0.0284452 -0.051548 -0.293391 0.954602 0.159396 2.129 -2.63342</i>
                        <i>0.085936 0.933974 0.346854 -0.995611 0.0675517 0.0647746 0.0370672 -0.350898 0.93568 0.156276 2.17997 -2.57032</i>
                    </KeyFrames>
                </p>
            </i>
            <i>
                <p>
                    <Name><![CDATA[spine2]]></Name>
                    <Exclude>0</Exclude>
                    <Additive>1</Additive>
                    <IKPriority>0</IKPriority>
                    <IKRotLimits>-1e+010 -1e+010 -1e+010 1e+010 1e+010 1e+010</IKRotLimits>
                    <IKRotLimitOrder>0</IKRotLimitOrder>
                    <KeyFrames count="61">
                        <i>0.144178 0.84234 0.519304 -0.988268 0.095851 0.118903 0.0503814 -0.530354 0.846278 0.170065 2.3295 -2.51462</i>
                        <i>0.0887908 0.733601 0.673755 -0.993738 0.111305 0.0097678 -0.067827 -0.670404 0.73889 0.170974 2.2844 -2.48522</i>
                        <i>0.0755128 0.864437 0.497037 -0.990827 0.121073 -0.060035 -0.112074 -0.487944 0.86565 0.175065 2.23385 -2.62777</i>
                        <i>0.11117 0.869233 0.481741 -0.993237 0.113513 0.0243885 -0.0334845 -0.481194 0.875974 0.170702 2.28181 -2.58568</i>
                        <i>0.144178 0.84234 0.519304 -0.988268 0.095851 0.118903 0.0503814 -0.530354 0.846278 0.170065 2.3295 -2.51462</i>
                        <i>0.0589493 0.738767 0.671378 -0.997905 0.0615731 0.0198661 -0.0266624 -0.671142 0.740849 0.170674 2.28523 -2.4864</i>
                        <i>-0.0739101 0.917975 0.389691 -0.99689 -0.0787245 -0.00362609 0.0273496 -0.388747 0.920939 0.160903 2.24795 -2.65601</i>
                        <i>0.00954274 0.902569 0.43044 -0.998916 -0.0110123 0.0452369 0.0455696 -0.430405 0.901485 0.162245 2.29222 -2.60517</i>
                        <i>0.144178 0.84234 0.519304 -0.988268 0.095851 0.118903 0.0503814 -0.530354 0.846278 0.170065 2.3295 -2.51462</i>
                        <i>0.0887908 0.733601 0.673755 -0.993738 0.111305 0.0097678 -0.067827 -0.670404 0.73889 0.170974 2.2844 -2.48522</i>
                        <i>0.0755128 0.864437 0.497037 -0.990827 0.121073 -0.060035 -0.112074 -0.487944 0.86565 0.175065 2.23385 -2.62777</i>
                        <i>0.11117 0.869233 0.481741 -0.993237 0.113513 0.0243885 -0.0334845 -0.481194 0.875974 0.170702 2.28181 -2.58568</i>
                        <i>0.144178 0.84234 0.519304 -0.988268 0.095851 0.118903 0.0503814 -0.530354 0.846278 0.170065 2.3295 -2.51462</i>
                        <i>0.0589493 0.738767 0.671378 -0.997905 0.0615731 0.0198661 -0.0266624 -0.671142 0.740849 0.170674 2.28523 -2.4864</i>
                        <i>-0.0739101 0.917975 0.389691 -0.99689 -0.0787245 -0.00362609 0.0273496 -0.388747 0.920939 0.160903 2.24795 -2.65601</i>
                        <i>0.00954274 0.902569 0.43044 -0.998916 -0.0110123 0.0452369 0.0455696 -0.430405 0.901485 0.162245 2.29222 -2.60517</i>
                        <i>0.144178 0.84234 0.519304 -0.988268 0.095851 0.118903 0.0503814 -0.530354 0.846278 0.170065 2.3295 -2.51462</i>
                        <i>0.0887908 0.733601 0.673755 -0.993738 0.111305 0.0097678 -0.067827 -0.670404 0.73889 0.170974 2.2844 -2.48522</i>
                        <i>0.0755128 0.864437 0.497037 -0.990827 0.121073 -0.060035 -0.112074 -0.487944 0.86565 0.175065 2.23385 -2.62777</i>
                        <i>0.11117 0.869233 0.481741 -0.993237 0.113513 0.0243885 -0.0334845 -0.481194 0.875974 0.170702 2.28181 -2.58568</i>
                        <i>0.144178 0.84234 0.519304 -0.988268 0.095851 0.118903 0.0503814 -0.530354 0.846278 0.170065 2.3295 -2.51462</i>
                        <i>0.0589493 0.738767 0.671378 -0.997905 0.0615731 0.0198661 -0.0266624 -0.671142 0.740849 0.170674 2.28523 -2.4864</i>
                        <i>-0.0739101 0.917975 0.389691 -0.99689 -0.0787245 -0.00362609 0.0273496 -0.388747 0.920939 0.160903 2.24795 -2.65601</i>
                        <i>0.00954274 0.902569 0.43044 -0.998916 -0.0110123 0.0452369 0.0455696 -0.430405 0.901485 0.162245 2.29222 -2.60517</i>
                        <i>0.144178 0.84234 0.519304 -0.988268 0.095851 0.118903 0.0503814 -0.530354 0.846278 0.170065 2.3295 -2.51462</i>
                        <i>0.0887908 0.733601 0.673755 -0.993738 0.111305 0.0097678 -0.067827 -0.670404 0.73889 0.170974 2.2844 -2.48522</i>
                        <i>0.0755128 0.864437 0.497037 -0.990827 0.121073 -0.060035 -0.112074 -0.487944 0.86565 0.175065 2.23385 -2.62777</i>
                        <i>0.11117 0.869233 0.481741 -0.993237 0.113513 0.0243885 -0.0334845 -0.481194 0.875974 0.170702 2.28181 -2.58568</i>
                        <i>0.144178 0.84234 0.519304 -0.988268 0.095851 0.118903 0.0503814 -0.530354 0.846278 0.170065 2.3295 -2.51462</i>
                        <i>0.0589493 0.738767 0.671378 -0.997905 0.0615731 0.0198661 -0.0266624 -0.671142 0.740849 0.170674 2.28523 -2.4864</i>
                        <i>-0.0739101 0.917975 0.389691 -0.99689 -0.0787245 -0.00362609 0.0273496 -0.388747 0.920939 0.160903 2.24795 -2.65601</i>
                        <i>0.00954274 0.902569 0.43044 -0.998916 -0.0110123 0.0452369 0.0455696 -0.430405 0.901485 0.162245 2.29222 -2.60517</i>
                        <i>0.144178 0.84234 0.519304 -0.988268 0.095851 0.118903 0.0503814 -0.530354 0.846278 0.170065 2.3295 -2.51462</i>
                        <i>0.0887908 0.733601 0.673755 -0.993738 0.111305 0.0097678 -0.067827 -0.670404 0.73889 0.170974 2.2844 -2.48522</i>
                        <i>0.0755128 0.864437 0.497037 -0.990827 0.121073 -0.060035 -0.112074 -0.487944 0.86565 0.175065 2.23385 -2.62777</i>
                        <i>0.11117 0.869233 0.481741 -0.993237 0.113513 0.0243885 -0.0334845 -0.481194 0.875974 0.170702 2.28181 -2.58568</i>
                        <i>0.144178 0.84234 0.519304 -0.988268 0.095851 0.118903 0.0503814 -0.530354 0.846278 0.170065 2.3295 -2.51462</i>
                        <i>0.0589493 0.738767 0.671378 -0.997905 0.0615731 0.0198661 -0.0266624 -0.671142 0.740849 0.170674 2.28523 -2.4864</i>
                        <i>-0.0739101 0.917975 0.389691 -0.99689 -0.0787245 -0.00362609 0.0273496 -0.388747 0.920939 0.160903 2.24795 -2.65601</i>
                        <i>0.00954274 0.902569 0.43044 -0.998916 -0.0110123 0.0452369 0.0455696 -0.430405 0.901485 0.162245 2.29222 -2.60517</i>
                        <i>0.144178 0.84234 0.519304 -0.988268 0.095851 0.118903 0.0503814 -0.530354 0.846278 0.170065 2.3295 -2.51462</i>
                        <i>0.0887908 0.733601 0.673755 -0.993738 0.111305 0.0097678 -0.067827 -0.670404 0.73889 0.170974 2.2844 -2.48522</i>
                        <i>0.0755128 0.864437 0.497037 -0.990827 0.121073 -0.060035 -0.112074 -0.487944 0.86565 0.175065 2.23385 -2.62777</i>
                        <i>0.11117 0.869233 0.481741 -0.993237 0.113513 0.0243885 -0.0334845 -0.481194 0.875974 0.170702 2.28181 -2.58568</i>
                        <i>0.144178 0.84234 0.519304 -0.988268 0.095851 0.118903 0.0503814 -0.530354 0.846278 0.170065 2.3295 -2.51462</i>
                        <i>0.0589493 0.738767 0.671378 -0.997905 0.0615731 0.0198661 -0.0266624 -0.671142 0.740849 0.170674 2.28523 -2.4864</i>
                        <i>-0.0739101 0.917975 0.389691 -0.99689 -0.0787245 -0.00362609 0.0273496 -0.388747 0.920939 0.160903 2.24795 -2.65601</i>
                        <i>0.00954274 0.902569 0.43044 -0.998916 -0.0110123 0.0452369 0.0455696 -0.430405 0.901485 0.162245 2.29222 -2.60517</i>
                        <i>0.144178 0.84234 0.519304 -0.988268 0.095851 0.118903 0.0503814 -0.530354 0.846278 0.170065 2.3295 -2.51462</i>
                        <i>0.0887908 0.733601 0.673755 -0.993738 0.111305 0.0097678 -0.067827 -0.670404 0.73889 0.170974 2.2844 -2.48522</i>
                        <i>0.0755128 0.864437 0.497037 -0.990827 0.121073 -0.060035 -0.112074 -0.487944 0.86565 0.175065 2.23385 -2.62777</i>
                        <i>0.11117 0.869233 0.481741 -0.993237 0.113513 0.0243885 -0.0334845 -0.481194 0.875974 0.170702 2.28181 -2.58568</i>
                        <i>0.144178 0.84234 0.519304 -0.988268 0.095851 0.118903 0.0503814 -0.530354 0.846278 0.170065 2.3295 -2.51462</i>
                        <i>0.0589493 0.738767 0.671378 -0.997905 0.0615731 0.0198661 -0.0266624 -0.671142 0.740849 0.170674 2.28523 -2.4864</i>
                        <i>-0.0739101 0.917975 0.389691 -0.99689 -0.0787245 -0.00362609 0.0273496 -0.388747 0.920939 0.160903 2.24795 -2.65601</i>
                        <i>0.00954274 0.902569 0.43044 -0.998916 -0.0110123 0.0452369 0.0455696 -0.430405 0.901485 0.162245 2.29222 -2.60517</i>
                        <i>0.144178 0.84234 0.519304 -0.988268 0.095851 0.118903 0.0503814 -0.530354 0.846278 0.170065 2.3295 -2.51462</i>
                        <i>0.0887908 0.733601 0.673755 -0.993738 0.111305 0.0097678 -0.067827 -0.670404 0.73889 0.170974 2.2844 -2.48522</i>
                        <i>0.0755128 0.864437 0.497037 -0.990827 0.121073 -0.060035 -0.112074 -0.487944 0.86565 0.175065 2.23385 -2.62777</i>
                        <i>0.11117 0.869233 0.481741 -0.993237 0.113513 0.0243885 -0.0334845 -0.481194 0.875974 0.170702 2.28181 -2.58568</i>
                        <i>0.144178 0.84234 0.519304 -0.988268 0.095851 0.118903 0.0503814 -0.530354 0.846278 0.170065 2.3295 -2.51462</i>
                    </KeyFrames>
                </p>
            </i>
            <i>
                <p>
                    <Name><![CDATA[head]]></Name>
                    <Exclude>0</Exclude>
                    <Additive>1</Additive>
                    <IKPriority>0</IKPriority>
                    <IKRotLimits>-1e+010 -1e+010 -1e+010 1e+010 1e+010 1e+010</IKRotLimits>
                    <IKRotLimitOrder>0</IKRotLimitOrder>
                    <KeyFrames count="61">
                        <i>0.102626 0.991127 0.0844722 -0.109085 0.0956221 -0.989423 -0.988721 0.0923256 0.11793 0.205601 2.55497 -2.39673</i>
                        <i>0.108359 0.990182 0.0883052 0.0015251 0.0886626 -0.996061 -0.994111 0.108066 0.00809724 0.194425 2.48413 -2.32359</i>
                        <i>0.100402 0.967382 0.232576 0.0862698 0.224412 -0.970668 -0.9912 0.117521 -0.0609245 0.195907 2.46444 -2.51519</i>
                        <i>0.112368 0.978583 0.172477 -0.00410959 0.174032 -0.984731 -0.993658 0.109943 0.0235772 0.1993 2.51336 -2.47786</i>
                        <i>0.102626 0.991127 0.0844722 -0.109085 0.0956221 -0.989423 -0.988721 0.0923256 0.11793 0.205601 2.55497 -2.39673</i>
                        <i>0.0596626 0.994571 0.0852612 -0.0131349 0.0861882 -0.996192 -0.998132 0.0583155 0.0182058 0.185777 2.48628 -2.32541</i>
                        <i>-0.0761532 0.971994 0.222327 -0.0138303 0.221923 -0.974966 -0.997 -0.0773216 -0.00345717 0.141552 2.49085 -2.57241</i>
                        <i>-0.00321953 0.984484 0.175445 -0.0464712 0.175109 -0.983452 -0.998914 -0.0113194 0.0451863 0.163784 2.53162 -2.51105</i>
                        <i>0.102626 0.991127 0.0844722 -0.109085 0.0956221 -0.989423 -0.988721 0.0923256 0.11793 0.205601 2.55497 -2.39673</i>
                        <i>0.108359 0.990182 0.0883052 0.0015251 0.0886626 -0.996061 -0.994111 0.108066 0.00809724 0.194425 2.48413 -2.32359</i>
                        <i>0.100402 0.967382 0.232576 0.0862698 0.224412 -0.970668 -0.9912 0.117521 -0.0609245 0.195907 2.46444 -2.51519</i>
                        <i>0.112368 0.978583 0.172477 -0.00410959 0.174032 -0.984731 -0.993658 0.109943 0.0235772 0.1993 2.51336 -2.47786</i>
