<?xml version="1.0" encoding="ISO-8859-1" ?>
<Animl Version="1">
    <ModellingPackage><![CDATA[Maya.2010]]></ModellingPackage>
    <SrcFile><![CDATA[anims\turrets\machinegun\red\~src\mgun_nsv\mgun_nsv_aim_high_crewman_a.mb]]></SrcFile>
    <FramesPerSecond>30</FramesPerSecond>
    <TotalFrames>97</TotalFrames>
    <Skeleton>
        <RefFrame>
            <Name><![CDATA[soldier_ref_frame]]></Name>
            <Exclude>0</Exclude>
            <Additive>0</Additive>
            <IKPriority>0</IKPriority>
            <IKRotLimits>-1e+010 -1e+010 -1e+010 1e+010 1e+010 1e+010</IKRotLimits>
            <IKRotLimitOrder>0</IKRotLimitOrder>
            <KeyFrames count="97">
                <i>1 0 0 0 1 0 0 0 1 0.226981 0.900305 -2.49212</i>
                <i>1 0 0 0 1 0 0 0 1 0.226981 0.900305 -2.49212</i>
                <i>1 0 0 0 1 0 0 0 1 0.226981 0.900305 -2.49212</i>
                <i>1 0 0 0 1 0 0 0 1 0.226981 0.900305 -2.49212</i>
                <i>1 0 0 0 1 0 0 0 1 0.226981 0.900305 -2.49212</i>
                <i>1 0 0 0 1 0 0 0 1 0.226981 0.900305 -2.49212</i>
                <i>1 0 0 0 1 0 0 0 1 0.226981 0.900305 -2.49212</i>
                <i>1 0 0 0 1 0 0 0 1 0.226981 0.900305 -2.49212</i>
                <i>1 0 0 0 1 0 0 0 1 0.226981 0.900305 -2.49212</i>
                <i>1 0 0 0 1 0 0 0 1 0.226981 0.900305 -2.49212</i>
                <i>1 0 0 0 1 0 0 0 1 0.226981 0.900305 -2.49212</i>
                <i>1 0 0 0 1 0 0 0 1 0.226981 0.900305 -2.49212</i>
                <i>1 0 0 0 1 0 0 0 1 0.226981 0.900305 -2.49212</i>
                <i>1 0 0 0 1 0 0 0 1 0.226981 0.900305 -2.49212</i>
                <i>1 0 0 0 1 0 0 0 1 0.226981 0.900305 -2.49212</i>
                <i>1 0 0 0 1 0 0 0 1 0.226981 0.900305 -2.49212</i>
                <i>1 0 0 0 1 0 0 0 1 0.226981 0.900305 -2.49212</i>
                <i>1 0 0 0 1 0 0 0 1 0.226981 0.900305 -2.49212</i>
                <i>1 0 0 0 1 0 0 0 1 0.226981 0.900305 -2.49212</i>
                <i>1 0 0 0 1 0 0 0 1 0.226981 0.900305 -2.49212</i>
                <i>1 0 0 0 1 0 0 0 1 0.226981 0.900305 -2.49212</i>
                <i>1 0 0 0 1 0 0 0 1 0.226981 0.900305 -2.49212</i>
                <i>1 0 0 0 1 0 0 0 1 0.226981 0.900305 -2.49212</i>
                <i>1 0 0 0 1 0 0 0 1 0.226981 0.900305 -2.49212</i>
                <i>1 0 0 0 1 0 0 0 1 0.226981 0.900305 -2.49212</i>
                <i>1 0 0 0 1 0 0 0 1 0.226981 0.900305 -2.49212</i>
                <i>1 0 0 0 1 0 0 0 1 0.226981 0.900305 -2.49212</i>
                <i>1 0 0 0 1 0 0 0 1 0.226981 0.900305 -2.49212</i>
                <i>1 0 0 0 1 0 0 0 1 0.226981 0.900305 -2.49212</i>
                <i>1 0 0 0 1 0 0 0 1 0.226981 0.900305 -2.49212</i>
                <i>1 0 0 0 1 0 0 0 1 0.226981 0.900305 -2.49212</i>
                <i>1 0 0 0 1 0 0 0 1 0.226981 0.900305 -2.49212</i>
                <i>1 0 0 0 1 0 0 0 1 0.226981 0.900305 -2.49212</i>
                <i>1 0 0 0 1 0 0 0 1 0.226981 0.900305 -2.49212</i>
                <i>1 0 0 0 1 0 0 0 1 0.226981 0.900305 -2.49212</i>
                <i>1 0 0 0 1 0 0 0 1 0.226981 0.900305 -2.49212</i>
                <i>1 0 0 0 1 0 0 0 1 0.226981 0.900305 -2.49212</i>
                <i>1 0 0 0 1 0 0 0 1 0.226981 0.900305 -2.49212</i>
                <i>1 0 0 0 1 0 0 0 1 0.226981 0.900305 -2.49212</i>
                <i>1 0 0 0 1 0 0 0 1 0.226981 0.900305 -2.49212</i>
                <i>1 0 0 0 1 0 0 0 1 0.226981 0.900305 -2.49212</i>
                <i>1 0 0 0 1 0 0 0 1 0.226981 0.900305 -2.49212</i>
                <i>1 0 0 0 1 0 0 0 1 0.226981 0.900305 -2.49212</i>
                <i>1 0 0 0 1 0 0 0 1 0.226981 0.900305 -2.49212</i>
                <i>1 0 0 0 1 0 0 0 1 0.226981 0.900305 -2.49212</i>
                <i>1 0 0 0 1 0 0 0 1 0.226981 0.900305 -2.49212</i>
                <i>1 0 0 0 1 0 0 0 1 0.226981 0.900305 -2.49212</i>
                <i>1 0 0 0 1 0 0 0 1 0.226981 0.900305 -2.49212</i>
                <i>1 0 0 0 1 0 0 0 1 0.226981 0.900305 -2.49212</i>
                <i>1 0 0 0 1 0 0 0 1 0.226981 0.900305 -2.49212</i>
                <i>1 0 0 0 1 0 0 0 1 0.226981 0.900305 -2.49212</i>
                <i>1 0 0 0 1 0 0 0 1 0.226981 0.900305 -2.49212</i>
                <i>1 0 0 0 1 0 0 0 1 0.226981 0.900305 -2.49212</i>
                <i>1 0 0 0 1 0 0 0 1 0.226981 0.900305 -2.49212</i>
                <i>1 0 0 0 1 0 0 0 1 0.226981 0.900305 -2.49212</i>
                <i>1 0 0 0 1 0 0 0 1 0.226981 0.900305 -2.49212</i>
                <i>1 0 0 0 1 0 0 0 1 0.226981 0.900305 -2.49212</i>
                <i>1 0 0 0 1 0 0 0 1 0.226981 0.900305 -2.49212</i>
                <i>1 0 0 0 1 0 0 0 1 0.226981 0.900305 -2.49212</i>
                <i>1 0 0 0 1 0 0 0 1 0.226981 0.900305 -2.49212</i>
                <i>1 0 0 0 1 0 0 0 1 0.226981 0.900305 -2.49212</i>
                <i>1 0 0 0 1 0 0 0 1 0.226981 0.900305 -2.49212</i>
                <i>1 0 0 0 1 0 0 0 1 0.226981 0.900305 -2.49212</i>
                <i>1 0 0 0 1 0 0 0 1 0.226981 0.900305 -2.49212</i>
                <i>1 0 0 0 1 0 0 0 1 0.226981 0.900305 -2.49212</i>
                <i>1 0 0 0 1 0 0 0 1 0.226981 0.900305 -2.49212</i>
                <i>1 0 0 0 1 0 0 0 1 0.226981 0.900305 -2.49212</i>
                <i>1 0 0 0 1 0 0 0 1 0.226981 0.900305 -2.49212</i>
                <i>1 0 0 0 1 0 0 0 1 0.226981 0.900305 -2.49212</i>
                <i>1 0 0 0 1 0 0 0 1 0.226981 0.900305 -2.49212</i>
                <i>1 0 0 0 1 0 0 0 1 0.226981 0.900305 -2.49212</i>
                <i>1 0 0 0 1 0 0 0 1 0.226981 0.900305 -2.49212</i>
                <i>1 0 0 0 1 0 0 0 1 0.226981 0.900305 -2.49212</i>
                <i>1 0 0 0 1 0 0 0 1 0.226981 0.900305 -2.49212</i>
                <i>1 0 0 0 1 0 0 0 1 0.226981 0.900305 -2.49212</i>
                <i>1 0 0 0 1 0 0 0 1 0.226981 0.900305 -2.49212</i>
                <i>1 0 0 0 1 0 0 0 1 0.226981 0.900305 -2.49212</i>
                <i>1 0 0 0 1 0 0 0 1 0.226981 0.900305 -2.49212</i>
                <i>1 0 0 0 1 0 0 0 1 0.226981 0.900305 -2.49212</i>
                <i>1 0 0 0 1 0 0 0 1 0.226981 0.900305 -2.49212</i>
                <i>1 0 0 0 1 0 0 0 1 0.226981 0.900305 -2.49212</i>
                <i>1 0 0 0 1 0 0 0 1 0.226981 0.900305 -2.49212</i>
                <i>1 0 0 0 1 0 0 0 1 0.226981 0.900305 -2.49212</i>
                <i>1 0 0 0 1 0 0 0 1 0.226981 0.900305 -2.49212</i>
                <i>1 0 0 0 1 0 0 0 1 0.226981 0.900305 -2.49212</i>
                <i>1 0 0 0 1 0 0 0 1 0.226981 0.900305 -2.49212</i>
                <i>1 0 0 0 1 0 0 0 1 0.226981 0.900305 -2.49212</i>
                <i>1 0 0 0 1 0 0 0 1 0.226981 0.900305 -2.49212</i>
                <i>1 0 0 0 1 0 0 0 1 0.226981 0.900305 -2.49212</i>
                <i>1 0 0 0 1 0 0 0 1 0.226981 0.900305 -2.49212</i>
                <i>1 0 0 0 1 0 0 0 1 0.226981 0.900305 -2.49212</i>
                <i>1 0 0 0 1 0 0 0 1 0.226981 0.900305 -2.49212</i>
                <i>1 0 0 0 1 0 0 0 1 0.226981 0.900305 -2.49212</i>
                <i>1 0 0 0 1 0 0 0 1 0.226981 0.900305 -2.49212</i>
                <i>1 0 0 0 1 0 0 0 1 0.226981 0.900305 -2.49212</i>
                <i>1 0 0 0 1 0 0 0 1 0.226981 0.900305 -2.49212</i>
                <i>1 0 0 0 1 0 0 0 1 0.226981 0.900305 -2.49212</i>
            </KeyFrames>
        </RefFrame>
        <Bones count="23">
            <i>
                <p>
                    <Name><![CDATA[pelvis]]></Name>
                    <Exclude>0</Exclude>
                    <Additive>0</Additive>
                    <IKPriority>0</IKPriority>
                    <IKRotLimits>-1e+010 -1e+010 -1e+010 1e+010 1e+010 1e+010</IKRotLimits>
                    <IKRotLimitOrder>2</IKRotLimitOrder>
                    <KeyFrames count="97">
                        <i>1 0 0 0 1 0 0 0 1 0.1688 1.85438 -2.45937</i>
                        <i>1 0 0 0 1 0 0 0 1 0.1688 1.85435 -2.45937</i>
                        <i>1 0 0 0 1 0 0 0 1 0.1688 1.85424 -2.45937</i>
                        <i>1 0 0 0 1 0 0 0 1 0.1688 1.85407 -2.45937</i>
                        <i>1 0 0 0 1 0 0 0 1 0.1688 1.85384 -2.45937</i>
                        <i>1 0 0 0 1 0 0 0 1 0.1688 1.85355 -2.45937</i>
                        <i>1 0 0 0 1 0 0 0 1 0.1688 1.8532 -2.45937</i>
                        <i>1 0 0 0 1 0 0 0 1 0.1688 1.8528 -2.45937</i>
                        <i>1 0 0 0 1 0 0 0 1 0.1688 1.85234 -2.45937</i>
                        <i>1 0 0 0 1 0 0 0 1 0.1688 1.85184 -2.45937</i>
                        <i>1 0 0 0 1 0 0 0 1 0.1688 1.85129 -2.45937</i>
                        <i>1 0 0 0 1 0 0 0 1 0.1688 1.85071 -2.45937</i>
                        <i>1 0 0 0 1 0 0 0 1 0.1688 1.85008 -2.45937</i>
                        <i>1 0 0 0 1 0 0 0 1 0.1688 1.84942 -2.45937</i>
                        <i>1 0 0 0 1 0 0 0 1 0.1688 1.84872 -2.45937</i>
                        <i>1 0 0 0 1 0 0 0 1 0.1688 1.84799 -2.45937</i>
                        <i>1 0 0 0 1 0 0 0 1 0.1688 1.84724 -2.45937</i>
                        <i>1 0 0 0 1 0 0 0 1 0.1688 1.84647 -2.45937</i>
                        <i>1 0 0 0 1 0 0 0 1 0.1688 1.84567 -2.45937</i>
                        <i>1 0 0 0 1 0 0 0 1 0.1688 1.84485 -2.45937</i>
                        <i>1 0 0 0 1 0 0 0 1 0.1688 1.84402 -2.45937</i>
                        <i>1 0 0 0 1 0 0 0 1 0.1688 1.84318 -2.45937</i>
                        <i>1 0 0 0 1 0 0 0 1 0.1688 1.84233 -2.45937</i>
                        <i>1 0 0 0 1 0 0 0 1 0.1688 1.84147 -2.45937</i>
                        <i>1 0 0 0 1 0 0 0 1 0.1688 1.84061 -2.45937</i>
                        <i>1 0 0 0 1 0 0 0 1 0.1688 1.83975 -2.45937</i>
                        <i>1 0 0 0 1 0 0 0 1 0.1688 1.8389 -2.45937</i>
                        <i>1 0 0 0 1 0 0 0 1 0.1688 1.83805 -2.45937</i>
                        <i>1 0 0 0 1 0 0 0 1 0.1688 1.8372 -2.45937</i>
                        <i>1 0 0 0 1 0 0 0 1 0.1688 1.83637 -2.45937</i>
                        <i>1 0 0 0 1 0 0 0 1 0.1688 1.83556 -2.45937</i>
                        <i>1 0 0 0 1 0 0 0 1 0.1688 1.83476 -2.45937</i>
                        <i>1 0 0 0 1 0 0 0 1 0.1688 1.83398 -2.45937</i>
                        <i>1 0 0 0 1 0 0 0 1 0.1688 1.83323 -2.45937</i>
                        <i>1 0 0 0 1 0 0 0 1 0.1688 1.83251 -2.45937</i>
                        <i>1 0 0 0 1 0 0 0 1 0.1688 1.83181 -2.45937</i>
                        <i>1 0 0 0 1 0 0 0 1 0.1688 1.83115 -2.45937</i>
                        <i>1 0 0 0 1 0 0 0 1 0.1688 1.83052 -2.45937</i>
                        <i>1 0 0 0 1 0 0 0 1 0.1688 1.82993 -2.45937</i>
                        <i>1 0 0 0 1 0 0 0 1 0.1688 1.82939 -2.45937</i>
                        <i>1 0 0 0 1 0 0 0 1 0.1688 1.82888 -2.45937</i>
                        <i>1 0 0 0 1 0 0 0 1 0.1688 1.82843 -2.45937</i>
                        <i>1 0 0 0 1 0 0 0 1 0.1688 1.82803 -2.45937</i>
                        <i>1 0 0 0 1 0 0 0 1 0.1688 1.82768 -2.45937</i>
                        <i>1 0 0 0 1 0 0 0 1 0.1688 1.82739 -2.45937</i>
                        <i>1 0 0 0 1 0 0 0 1 0.1688 1.82715 -2.45937</i>
                        <i>1 0 0 0 1 0 0 0 1 0.1688 1.82698 -2.45937</i>
                        <i>1 0 0 0 1 0 0 0 1 0.1688 1.82688 -2.45937</i>
                        <i>1 0 0 0 1 0 0 0 1 0.1688 1.82685 -2.45937</i>
                        <i>1 0 0 0 1 0 0 0 1 0.1688 1.82688 -2.45937</i>
                        <i>1 0 0 0 1 0 0 0 1 0.1688 1.82698 -2.45937</i>
                        <i>1 0 0 0 1 0 0 0 1 0.1688 1.82715 -2.45937</i>
                        <i>1 0 0 0 1 0 0 0 1 0.1688 1.82739 -2.45937</i>
                        <i>1 0 0 0 1 0 0 0 1 0.1688 1.82768 -2.45937</i>
                        <i>1 0 0 0 1 0 0 0 1 0.1688 1.82803 -2.45937</i>
                        <i>1 0 0 0 1 0 0 0 1 0.1688 1.82843 -2.45937</i>
                        <i>1 0 0 0 1 0 0 0 1 0.1688 1.82888 -2.45937</i>
                        <i>1 0 0 0 1 0 0 0 1 0.1688 1.82939 -2.45937</i>
                        <i>1 0 0 0 1 0 0 0 1 0.1688 1.82993 -2.45937</i>
                        <i>1 0 0 0 1 0 0 0 1 0.1688 1.83052 -2.45937</i>
                        <i>1 0 0 0 1 0 0 0 1 0.1688 1.83115 -2.45937</i>
                        <i>1 0 0 0 1 0 0 0 1 0.1688 1.83181 -2.45937</i>
                        <i>1 0 0 0 1 0 0 0 1 0.1688 1.83251 -2.45937</i>
                        <i>1 0 0 0 1 0 0 0 1 0.1688 1.83323 -2.45937</i>
                        <i>1 0 0 0 1 0 0 0 1 0.1688 1.83398 -2.45937</i>
                        <i>1 0 0 0 1 0 0 0 1 0.1688 1.83476 -2.45937</i>
                        <i>1 0 0 0 1 0 0 0 1 0.1688 1.83556 -2.45937</i>
                        <i>1 0 0 0 1 0 0 0 1 0.1688 1.83637 -2.45937</i>
                        <i>1 0 0 0 1 0 0 0 1 0.1688 1.8372 -2.45937</i>
                        <i>1 0 0 0 1 0 0 0 1 0.1688 1.83805 -2.45937</i>
                        <i>1 0 0 0 1 0 0 0 1 0.1688 1.8389 -2.45937</i>
                        <i>1 0 0 0 1 0 0 0 1 0.1688 1.83975 -2.45937</i>
                        <i>1 0 0 0 1 0 0 0 1 0.1688 1.84061 -2.45937</i>
                        <i>1 0 0 0 1 0 0 0 1 0.1688 1.84147 -2.45937</i>
                        <i>1 0 0 0 1 0 0 0 1 0.1688 1.84233 -2.45937</i>
                        <i>1 0 0 0 1 0 0 0 1 0.1688 1.84318 -2.45937</i>
                        <i>1 0 0 0 1 0 0 0 1 0.1688 1.84402 -2.45937</i>
                        <i>1 0 0 0 1 0 0 0 1 0.1688 1.84485 -2.45937</i>
                        <i>1 0 0 0 1 0 0 0 1 0.1688 1.84567 -2.45937</i>
                        <i>1 0 0 0 1 0 0 0 1 0.1688 1.84647 -2.45937</i>
                        <i>1 0 0 0 1 0 0 0 1 0.1688 1.84724 -2.45937</i>
                        <i>1 0 0 0 1 0 0 0 1 0.1688 1.84799 -2.45937</i>
                        <i>1 0 0 0 1 0 0 0 1 0.1688 1.84872 -2.45937</i>
                        <i>1 0 0 0 1 0 0 0 1 0.1688 1.84942 -2.45937</i>
                        <i>1 0 0 0 1 0 0 0 1 0.1688 1.85008 -2.45937</i>
                        <i>1 0 0 0 1 0 0 0 1 0.1688 1.85071 -2.45937</i>
                        <i>1 0 0 0 1 0 0 0 1 0.1688 1.85129 -2.45937</i>
                        <i>1 0 0 0 1 0 0 0 1 0.1688 1.85184 -2.45937</i>
                        <i>1 0 0 0 1 0 0 0 1 0.1688 1.85234 -2.45937</i>
                        <i>1 0 0 0 1 0 0 0 1 0.1688 1.8528 -2.45937</i>
                        <i>1 0 0 0 1 0 0 0 1 0.1688 1.8532 -2.45937</i>
                        <i>1 0 0 0 1 0 0 0 1 0.1688 1.85355 -2.45937</i>
                        <i>1 0 0 0 1 0 0 0 1 0.1688 1.85384 -2.45937</i>
                        <i>1 0 0 0 1 0 0 0 1 0.1688 1.85407 -2.45937</i>
                        <i>1 0 0 0 1 0 0 0 1 0.1688 1.85424 -2.45937</i>
                        <i>1 0 0 0 1 0 0 0 1 0.1688 1.85435 -2.45937</i>
                        <i>1 0 0 0 1 0 0 0 1 0.1688 1.85438 -2.45937</i>
                    </KeyFrames>
                </p>
            </i>
            <i>
                <p>
                    <Name><![CDATA[spine0]]></Name>
                    <Exclude>0</Exclude>
                    <Additive>0</Additive>
                    <IKPriority>0</IKPriority>
                    <IKRotLimits>-1e+010 -1e+010 -1e+010 1e+010 1e+010 1e+010</IKRotLimits>
                    <IKRotLimitOrder>0</IKRotLimitOrder>
                    <KeyFrames count="97">
                        <i>0.0207519 0.987162 0.158369 -0.997843 0.0105834 0.0647831 0.0622754 -0.159372 0.985252 0.165037 1.99059 -2.5055</i>
                        <i>0.0206628 0.987254 0.157807 -0.997844 0.0105293 0.0647825 0.0622952 -0.158806 0.985343 0.165037 1.99056 -2.5055</i>
                        <i>0.0205675 0.987351 0.157207 -0.997845 0.0104715 0.0647819 0.0623163 -0.158201 0.985439 0.165037 1.99046 -2.5055</i>
                        <i>0.0204669 0.987454 0.156573 -0.997845 0.0104104 0.0647812 0.0623385 -0.157562 0.98554 0.165037 1.99029 -2.5055</i>
                        <i>0.0203618 0.987561 0.155912 -0.997846 0.0103466 0.0647805 0.0623615 -0.156895 0.985644 0.165037 1.99005 -2.5055</i>
                        <i>0.0202533 0.987671 0.155229 -0.997847 0.0102807 0.0647797 0.0623852 -0.156207 0.985752 0.165037 1.98976 -2.5055</i>
                        <i>0.0201421 0.987783 0.15453 -0.997847 0.0102132 0.064779 0.0624093 -0.155502 0.985862 0.165037 1.98941 -2.5055</i>
                        <i>0.0200291 0.987896 0.15382 -0.997848 0.0101446 0.0647782 0.0624337 -0.154786 0.985973 0.165037 1.98901 -2.5055</i>
                        <i>0.0199153 0.988009 0.153105 -0.997849 0.0100756 0.0647774 0.0624581 -0.154066 0.986085 0.165037 1.98855 -2.5055</i>
                        <i>0.0198016 0.988122 0.152391 -0.99785 0.0100065 0.0647767 0.0624823 -0.153346 0.986195 0.165037 1.98805 -2.5055</i>
                        <i>0.0196888 0.988233 0.151683 -0.99785 0.00993803 0.0647759 0.0625063 -0.152632 0.986304 0.165037 1.98751 -2.5055</i>
                        <i>0.0195778 0.988342 0.150986 -0.997851 0.00987066 0.0647751 0.0625296 -0.15193 0.986411 0.165037 1.98692 -2.5055</i>
                        <i>0.0194695 0.988448 0.150307 -0.997852 0.00980492 0.0647744 0.0625523 -0.151245 0.986515 0.165037 1.98629 -2.5055</i>
                        <i>0.0193649 0.988549 0.149651 -0.997852 0.00974137 0.0647737 0.0625742 -0.150584 0.986615 0.165037 1.98563 -2.5055</i>
                        <i>0.0192646 0.988646 0.149023 -0.997853 0.00968053 0.064773 0.0625949 -0.149951 0.98671 0.165037 1.98493 -2.5055</i>
                        <i>0.0191698 0.988737 0.148429 -0.997854 0.00962295 0.0647723 0.0626145 -0.149352 0.9868 0.165037 1.98421 -2.5055</i>
                        <i>0.0190812 0.988822 0.147874 -0.997854 0.00956916 0.0647717 0.0626327 -0.148793 0.986883 0.165037 1.98346 -2.5055</i>
                        <i>0.0189997 0.9889 0.147364 -0.997855 0.00951969 0.0647712 0.0626493 -0.148279 0.986959 0.165037 1.98268 -2.5055</i>
                        <i>0.0189263 0.98897 0.146904 -0.997855 0.00947508 0.0647707 0.0626643 -0.147815 0.987028 0.165037 1.98188 -2.5055</i>
                        <i>0.0188617 0.989031 0.1465 -0.997856 0.00943587 0.0647702 0.0626774 -0.147408 0.987088 0.165037 1.98107 -2.5055</i>
                        <i>0.0188068 0.989083 0.146157 -0.997856 0.00940258 0.0647698 0.0626885 -0.147062 0.987139 0.165037 1.98024 -2.5055</i>
                        <i>0.0187627 0.989124 0.145881 -0.997856 0.00937575 0.0647695 0.0626974 -0.146784 0.98718 0.165037 1.97939 -2.5055</i>
                        <i>0.01873 0.989155 0.145677 -0.997856 0.00935594 0.0647693 0.0627039 -0.146578 0.98721 0.165037 1.97854 -2.5055</i>
                        <i>0.0187098 0.989174 0.145551 -0.997856 0.00934365 0.0647692 0.062708 -0.14645 0.987228 0.165037 1.97769 -2.5055</i>
                        <i>0.0187028 0.98918 0.145507 -0.997857 0.00933943 0.0647691 0.0627094 -0.146407 0.987235 0.165037 1.97683 -2.5055</i>
                        <i>0.0187093 0.989174 0.145548 -0.997857 0.00934338 0.0647692 0.0627081 -0.146448 0.987229 0.165037 1.97597 -2.5055</i>
                        <i>0.0187283 0.989156 0.145667 -0.997856 0.00935491 0.0647693 0.0627043 -0.146567 0.987211 0.165037 1.97511 -2.5055</i>
                        <i>0.018759 0.989128 0.145859 -0.997856 0.00937356 0.0647695 0.0626981 -0.146761 0.987183 0.165037 1.97426 -2.5055</i>
                        <i>0.0188007 0.989088 0.146119 -0.997856 0.00939885 0.0647698 0.0626897 -0.147024 0.987144 0.165037 1.97342 -2.5055</i>
                        <i>0.0188526 0.989039 0.146443 -0.997856 0.00943033 0.0647702 0.0626792 -0.14735 0.987096 0.165037 1.97259 -2.5055</i>
                        <i>0.0189138 0.988981 0.146827 -0.997855 0.00946753 0.0647706 0.0626668 -0.147737 0.987039 0.165037 1.97177 -2.5055</i>
                        <i>0.0189837 0.988915 0.147264 -0.997855 0.00950998 0.0647711 0.0626526 -0.148178 0.986974 0.165037 1.97097 -2.5055</i>
                        <i>0.0190615 0.988841 0.147751 -0.997854 0.00955722 0.0647716 0.0626367 -0.148669 0.986901 0.165037 1.9702 -2.5055</i>
                        <i>0.0191465 0.98876 0.148283 -0.997854 0.00960879 0.0647722 0.0626193 -0.149205 0.986822 0.165037 1.96945 -2.5055</i>
                        <i>0.0192378 0.988672 0.148855 -0.997853 0.00966421 0.0647728 0.0626005 -0.149781 0.986735 0.165037 1.96872 -2.5055</i>
                        <i>0.0193346 0.988578 0.149461 -0.997853 0.00972302 0.0647735 0.0625804 -0.150393 0.986644 0.165037 1.96802 -2.5055</i>
                        <i>0.0194363 0.98848 0.150099 -0.997852 0.00978476 0.0647742 0.0625593 -0.151035 0.986547 0.165037 1.96736 -2.5055</i>
                        <i>0.0195421 0.988377 0.150762 -0.997851 0.00984895 0.0647749 0.0625372 -0.151704 0.986446 0.165037 1.96673 -2.5055</i>
                        <i>0.0196511 0.98827 0.151446 -0.997851 0.00991514 0.0647756 0.0625142 -0.152393 0.986341 0.165037 1.96615 -2.5055</i>
                        <i>0.0197626 0.98816 0.152146 -0.99785 0.00998285 0.0647764 0.0624906 -0.153099 0.986233 0.165037 1.9656 -2.5055</i>
                        <i>0.0198759 0.988048 0.152857 -0.997849 0.0100516 0.0647772 0.0624665 -0.153816 0.986123 0.165037 1.9651 -2.5055</i>
                        <i>0.0199902 0.987935 0.153575 -0.997848 0.010121 0.0647779 0.0624421 -0.154539 0.986011 0.165037 1.96464 -2.5055</i>
                        <i>0.0201046 0.98782 0.154294 -0.997848 0.0101905 0.0647787 0.0624174 -0.155265 0.985899 0.165037 1.96424 -2.5055</i>
                        <i>0.0202185 0.987706 0.15501 -0.997847 0.0102596 0.0647795 0.0623928 -0.155986 0.985787 0.165037 1.96389 -2.5055</i>
                        <i>0.020331 0.987592 0.155718 -0.997846 0.0103279 0.0647803 0.0623683 -0.1567 0.985675 0.165037 1.9636 -2.5055</i>
                        <i>0.0204414 0.98748 0.156413 -0.997845 0.0103949 0.064781 0.0623441 -0.1574 0.985565 0.165037 1.96337 -2.5055</i>
                        <i>0.0205488 0.987371 0.157089 -0.997845 0.0104601 0.0647818 0.0623204 -0.158082 0.985457 0.165037 1.9632 -2.5055</i>
                        <i>0.0206526 0.987264 0.157743 -0.997844 0.0105231 0.0647825 0.0622975 -0.158741 0.985353 0.165037 1.96309 -2.5055</i>
                        <i>0.0207519 0.987162 0.158369 -0.997843 0.0105834 0.0647831 0.0622754 -0.159372 0.985252 0.165037 1.96306 -2.5055</i>
                        <i>0.020854 0.987056 0.159012 -0.997843 0.0106453 0.0647838 0.0622526 -0.16002 0.985149 0.165037 1.96309 -2.5055</i>
                        <i>0.0209657 0.98694 0.159716 -0.997842 0.0107131 0.0647846 0.0622275 -0.16073 0.985035 0.165037 1.9632 -2.5055</i>
                        <i>0.0210858 0.986815 0.160474 -0.997841 0.0107861 0.0647854 0.0622003 -0.161494 0.984912 0.165037 1.96337 -2.5055</i>
                        <i>0.0212131 0.986681 0.161278 -0.99784 0.0108633 0.0647863 0.0621714 -0.162304 0.98478 0.165037 1.9636 -2.5055</i>
                        <i>0.0213463 0.98654 0.16212 -0.997839 0.0109442 0.0647872 0.0621409 -0.163152 0.984642 0.165037 1.96389 -2.5055</i>
                        <i>0.0214843 0.986393 0.162992 -0.997838 0.011028 0.0647881 0.0621091 -0.164031 0.984498 0.165037 1.96424 -2.5055</i>
                        <i>0.0216258 0.986242 0.163886 -0.997837 0.0111139 0.0647891 0.0620763 -0.164933 0.984349 0.165037 1.96464 -2.5055</i>
                        <i>0.0217695 0.986087 0.164796 -0.997836 0.0112011 0.0647901 0.0620428 -0.16585 0.984197 0.165037 1.9651 -2.5055</i>
                        <i>0.0219142 0.985931 0.165712 -0.997835 0.011289 0.064791 0.0620088 -0.166773 0.984044 0.165037 1.9656 -2.5055</i>
                        <i>0.0220587 0.985773 0.166627 -0.997834 0.0113767 0.064792 0.0619746 -0.167696 0.983889 0.165037 1.96615 -2.5055</i>
                        <i>0.0222017 0.985616 0.167534 -0.997833 0.0114635 0.064793 0.0619405 -0.168609 0.983735 0.165037 1.96673 -2.5055</i>
                        <i>0.022342 0.985462 0.168423 -0.997832 0.0115486 0.0647939 0.0619069 -0.169506 0.983583 0.165037 1.96736 -2.5055</i>
                        <i>0.0224783 0.98531 0.169288 -0.997831 0.0116314 0.0647949 0.061874 -0.170377 0.983434 0.165037 1.96802 -2.5055</i>
                        <i>0.0226093 0.985164 0.17012 -0.99783 0.0117109 0.0647958 0.0618422 -0.171216 0.983291 0.165037 1.96872 -2.5055</i>
                        <i>0.0227338 0.985024 0.170911 -0.997829 0.0117865 0.0647966 0.0618118 -0.172013 0.983154 0.165037 1.96945 -2.5055</i>
                        <i>0.0228506 0.984892 0.171653 -0.997828 0.0118574 0.0647974 0.0617831 -0.172761 0.983024 0.165037 1.9702 -2.5055</i>
                        <i>0.0229583 0.98477 0.172338 -0.997827 0.0119228 0.0647981 0.0617565 -0.173452 0.982904 0.165037 1.97097 -2.5055</i>
                        <i>0.0230558 0.984659 0.172959 -0.997826 0.011982 0.0647988 0.0617323 -0.174077 0.982795 0.165037 1.97177 -2.5055</i>
                        <i>0.0231418 0.984561 0.173505 -0.997826 0.0120342 0.0647994 0.0617109 -0.174628 0.982699 0.165037 1.97259 -2.5055</i>
                        <i>0.0232149 0.984477 0.173971 -0.997825 0.0120786 0.0647999 0.0616926 -0.175097 0.982616 0.165037 1.97342 -2.5055</i>
                        <i>0.023274 0.984409 0.174347 -0.997825 0.0121145 0.0648002 0.0616778 -0.175476 0.98255 0.165037 1.97426 -2.5055</i>
                        <i>0.0233177 0.984359 0.174626 -0.997824 0.012141 0.0648005 0.0616668 -0.175757 0.9825 0.165037 1.97511 -2.5055</i>
                        <i>0.0233449 0.984327 0.174799 -0.997824 0.0121575 0.0648007 0.06166 -0.175931 0.982469 0.165037 1.97597 -2.5055</i>
                        <i>0.0233542 0.984317 0.174859 -0.997824 0.0121632 0.0648008 0.0616577 -0.175991 0.982459 0.165037 1.97683 -2.5055</i>
                        <i>0.0233453 0.984327 0.174802 -0.997824 0.0121578 0.0648007 0.0616599 -0.175934 0.982469 0.165037 1.97769 -2.5055</i>
                        <i>0.0233194 0.984357 0.174637 -0.997824 0.0121421 0.0648006 0.0616664 -0.175768 0.982498 0.165037 1.97854 -2.5055</i>
                        <i>0.0232777 0.984405 0.174371 -0.997825 0.0121167 0.0648003 0.0616769 -0.1755 0.982546 0.165037 1.97939 -2.5055</i>
                        <i>0.0232211 0.98447 0.174011 -0.997825 0.0120824 0.0647999 0.0616911 -0.175137 0.982609 0.165037 1.98024 -2.5055</i>
                        <i>0.023151 0.98455 0.173564 -0.997826 0.0120398 0.0647994 0.0617086 -0.174687 0.982688 0.165037 1.98107 -2.5055</i>
                        <i>0.0230684 0.984645 0.173039 -0.997826 0.0119897 0.0647989 0.0617292 -0.174157 0.982781 0.165037 1.98188 -2.5055</i>
                        <i>0.0229745 0.984752 0.172442 -0.997827 0.0119327 0.0647982 0.0617525 -0.173556 0.982886 0.165037 1.98268 -2.5055</i>
                        <i>0.0228705 0.98487 0.17178 -0.997828 0.0118695 0.0647975 0.0617782 -0.172889 0.983002 0.165037 1.98346 -2.5055</i>
                        <i>0.0227574 0.984998 0.171061 -0.997829 0.0118009 0.0647968 0.061806 -0.172164 0.983127 0.165037 1.98421 -2.5055</i>
                        <i>0.0226365 0.985133 0.170293 -0.99783 0.0117274 0.0647959 0.0618355 -0.17139 0.983261 0.165037 1.98493 -2.5055</i>
                        <i>0.0225088 0.985276 0.169482 -0.997831 0.0116499 0.0647951 0.0618666 -0.170573 0.983401 0.165037 1.98563 -2.5055</i>
                        <i>0.0223756 0.985424 0.168636 -0.997832 0.011569 0.0647942 0.0618988 -0.16972 0.983546 0.165037 1.98629 -2.5055</i>
                        <i>0.0222378 0.985577 0.167763 -0.997833 0.0114854 0.0647932 0.0619319 -0.16884 0.983696 0.165037 1.98692 -2.5055</i>
                        <i>0.0220968 0.985732 0.166868 -0.997834 0.0113998 0.0647923 0.0619655 -0.167939 0.983848 0.165037 1.98751 -2.5055</i>
                        <i>0.0219535 0.985888 0.165961 -0.997835 0.0113128 0.0647913 0.0619995 -0.167024 0.984002 0.165037 1.98805 -2.5055</i>
                        <i>0.0218092 0.986045 0.165047 -0.997836 0.0112252 0.0647903 0.0620335 -0.166103 0.984155 0.165037 1.98855 -2.5055</i>
                        <i>0.021665 0.9862 0.164134 -0.997837 0.0111377 0.0647894 0.0620672 -0.165183 0.984308 0.165037 1.98901 -2.5055</i>
                        <i>0.021522 0.986353 0.16323 -0.997838 0.0110508 0.0647884 0.0621004 -0.164271 0.984458 0.165037 1.98941 -2.5055</i>
                        <i>0.0213813 0.986503 0.162341 -0.997839 0.0109654 0.0647874 0.0621329 -0.163375 0.984606 0.165037 1.98976 -2.5055</i>
                        <i>0.021244 0.986648 0.161474 -0.99784 0.0108821 0.0647865 0.0621643 -0.162501 0.984748 0.165037 1.99005 -2.5055</i>
                        <i>0.0211114 0.986788 0.160636 -0.997841 0.0108016 0.0647856 0.0621945 -0.161657 0.984885 0.165037 1.99029 -2.5055</i>
                        <i>0.0209844 0.986921 0.159835 -0.997842 0.0107245 0.0647847 0.0622232 -0.160849 0.985016 0.165037 1.99046 -2.5055</i>
                        <i>0.0208642 0.987046 0.159076 -0.997842 0.0106516 0.0647839 0.0622503 -0.160085 0.985138 0.165037 1.99056 -2.5055</i>
                        <i>0.0207519 0.987162 0.158369 -0.997843 0.0105834 0.0647831 0.0622754 -0.159372 0.985252 0.165037 1.99059 -2.5055</i>
                    </KeyFrames>
                </p>
            </i>
            <i>
                <p>
                    <Name><![CDATA[spine1]]></Name>
                    <Exclude>0</Exclude>
                    <Additive>0</Additive>
                    <IKPriority>0</IKPriority>
                    <IKRotLimits>-1e+010 -1e+010 -1e+010 1e+010 1e+010 1e+010</IKRotLimits>
                    <IKRotLimitOrder>0</IKRotLimitOrder>
                    <KeyFrames count="97">
                        <i>0.101015 0.873483 0.476259 -0.992219 0.0534267 0.112463 0.0727893 -0.483914 0.872083 0.168585 2.15935 -2.47843</i>
                        <i>0.100778 0.874404 0.474617 -0.992223 0.0533048 0.112479 0.0730529 -0.482261 0.872976 0.168569 2.1593 -2.47853</i>
                        <i>0.100525 0.875386 0.472858 -0.992228 0.0531745 0.112497 0.0733344 -0.480492 0.873928 0.168552 2.15918 -2.47863</i>
                        <i>0.100256 0.876419 0.470997 -0.992233 0.053037 0.112516 0.073631 -0.47862 0.874929 0.168534 2.159 -2.47875</i>
                        <i>0.0999751 0.877494 0.469052 -0.992239 0.0528936 0.112536 0.07394 -0.476663 0.875971 0.168515 2.15875 -2.47887</i>
                        <i>0.0996839 0.8786 0.467039 -0.992244 0.0527455 0.112557 0.0742586 -0.474637 0.877044 0.168496 2.15844 -2.47899</i>
                        <i>0.0993848 0.879729 0.464973 -0.99225 0.0525938 0.112579 0.0745843 -0.472558 0.878138 0.168476 2.15807 -2.47911</i>
                        <i>0.0990801 0.880871 0.462871 -0.992255 0.0524399 0.112601 0.0749143 -0.470443 0.879245 0.168456 2.15765 -2.47924</i>
                        <i>0.0987722 0.882017 0.46075 -0.992261 0.052285 0.112624 0.075246 -0.468309 0.880355 0.168436 2.15718 -2.47937</i>
                        <i>0.0984636 0.883157 0.458626 -0.992267 0.0521303 0.112647 0.0755768 -0.466171 0.88146 0.168416 2.15666 -2.4795</i>
                        <i>0.0981566 0.884284 0.456516 -0.992272 0.0519769 0.11267 0.075904 -0.464048 0.882552 0.168396 2.15609 -2.47962</i>
                        <i>0.0978537 0.885388 0.454437 -0.992277 0.0518261 0.112693 0.0762253 -0.461955 0.883622 0.168376 2.15549 -2.47975</i>
                        <i>0.0975574 0.88646 0.452405 -0.992283 0.0516791 0.112715 0.0765379 -0.45991 0.884661 0.168357 2.15484 -2.47987</i>
                        <i>0.0972701 0.887493 0.450437 -0.992287 0.051537 0.112737 0.0768395 -0.457929 0.885662 0.168339 2.15416 -2.47998</i>
                        <i>0.0969945 0.888478 0.448551 -0.992292 0.0514011 0.112759 0.0771276 -0.456031 0.886616 0.168321 2.15345 -2.4801</i>
                        <i>0.0967329 0.889407 0.446763 -0.992296 0.0512726 0.112779 0.0773997 -0.454231 0.887515 0.168304 2.15271 -2.4802</i>
                        <i>0.096488 0.890272 0.445091 -0.9923 0.0511526 0.112798 0.0776534 -0.452547 0.888353 0.168289 2.15194 -2.4803</i>
                        <i>0.0962624 0.891065 0.443551 -0.992304 0.0510423 0.112816 0.0778863 -0.450997 0.88912 0.168274 2.15116 -2.48039</i>
                        <i>0.0960585 0.891777 0.442161 -0.992307 0.0509429 0.112832 0.0780959 -0.449598 0.889811 0.168261 2.15035 -2.48047</i>
                        <i>0.0958789 0.892402 0.440937 -0.99231 0.0508556 0.112846 0.0782799 -0.448366 0.890416 0.16825 2.14952 -2.48054</i>
                        <i>0.0957263 0.892931 0.439898 -0.992313 0.0507815 0.112858 0.0784359 -0.44732 0.890928 0.16824 2.14868 -2.4806</i>
                        <i>0.0956032 0.893357 0.43906 -0.992315 0.0507217 0.112868 0.0785614 -0.446476 0.89134 0.168232 2.14783 -2.48065</i>
                        <i>0.0955121 0.893671 0.438441 -0.992316 0.0506776 0.112875 0.0786541 -0.445853 0.891644 0.168227 2.14698 -2.48069</i>
                        <i>0.0954556 0.893865 0.438056 -0.992317 0.0506503 0.11288 0.0787115 -0.445466 0.891832 0.168223 2.14612 -2.48071</i>
                        <i>0.0954362 0.893932 0.437925 -0.992317 0.0506409 0.112881 0.0787312 -0.445333 0.891897 0.168222 2.14525 -2.48072</i>
                        <i>0.0954544 0.893869 0.438048 -0.992317 0.0506497 0.11288 0.0787128 -0.445457 0.891836 0.168223 2.1444 -2.48071</i>
                        <i>0.0955074 0.893687 0.438409 -0.992316 0.0506754 0.112876 0.0786589 -0.44582 0.89166 0.168226 2.14354 -2.48069</i>
                        <i>0.0955931 0.893392 0.438991 -0.992315 0.0507169 0.112869 0.0785717 -0.446407 0.891374 0.168232 2.1427 -2.48066</i>
                        <i>0.0957092 0.89299 0.439782 -0.992313 0.0507732 0.112859 0.0784533 -0.447203 0.890985 0.168239 2.14186 -2.48061</i>
                        <i>0.0958536 0.89249 0.440765 -0.992311 0.0508433 0.112848 0.0783058 -0.448192 0.890501 0.168248 2.14104 -2.48055</i>
                        <i>0.0960239 0.891898 0.441925 -0.992308 0.0509261 0.112835 0.0781313 -0.449361 0.889927 0.168259 2.14023 -2.48049</i>
                        <i>0.096218 0.89122 0.443249 -0.992305 0.0510207 0.112819 0.0779319 -0.450693 0.889271 0.168271 2.13945 -2.48041</i>
                        <i>0.0964336 0.890464 0.444719 -0.992301 0.051126 0.112802 0.0777096 -0.452174 0.888538 0.168285 2.13868 -2.48032</i>
                        <i>0.0966685 0.889635 0.446323 -0.992297 0.051241 0.112784 0.0774666 -0.453788 0.887736 0.1683 2.13794 -2.48023</i>
                        <i>0.0969204 0.888742 0.448044 -0.992293 0.0513647 0.112764 0.0772048 -0.455521 0.886871 0.168316 2.13723 -2.48012</i>
                        <i>0.0971871 0.887791 0.449869 -0.992289 0.051496 0.112744 0.0769265 -0.457357 0.88595 0.168333 2.13655 -2.48002</i>
                        <i>0.0974663 0.886789 0.451781 -0.992284 0.051634 0.112722 0.0766337 -0.459282 0.884979 0.168351 2.13591 -2.4799</i>
                        <i>0.0977559 0.885743 0.453766 -0.992279 0.0517775 0.1127 0.0763286 -0.46128 0.883965 0.16837 2.1353 -2.47979</i>
                        <i>0.0980538 0.88466 0.45581 -0.992274 0.0519256 0.112678 0.0760133 -0.463337 0.882916 0.168389 2.13473 -2.47966</i>
                        <i>0.0983576 0.883547 0.457898 -0.992269 0.0520772 0.112655 0.0756899 -0.465438 0.881838 0.168409 2.1342 -2.47954</i>
                        <i>0.0986653 0.882413 0.460014 -0.992263 0.0522313 0.112632 0.0753607 -0.467568 0.880739 0.168429 2.13372 -2.47941</i>
                        <i>0.0989747 0.881264 0.462145 -0.992257 0.0523869 0.112609 0.075028 -0.469713 0.879625 0.168449 2.13328 -2.47928</i>
                        <i>0.0992838 0.880108 0.464276 -0.992252 0.0525428 0.112586 0.0746938 -0.471857 0.878505 0.16847 2.1329 -2.47916</i>
                        <i>0.0995904 0.878954 0.466393 -0.992246 0.052698 0.112564 0.0743606 -0.473987 0.877387 0.16849 2.13256 -2.47903</i>
                        <i>0.0998925 0.877808 0.468481 -0.99224 0.0528515 0.112542 0.0740306 -0.476087 0.876276 0.16851 2.13229 -2.4789</i>
                        <i>0.100188 0.87668 0.470525 -0.992235 0.0530022 0.112521 0.0737061 -0.478145 0.875183 0.168529 2.13207 -2.47878</i>
                        <i>0.100475 0.875578 0.472513 -0.992229 0.053149 0.112501 0.0733895 -0.480144 0.874114 0.168549 2.13192 -2.47866</i>
                        <i>0.100751 0.874509 0.474429 -0.992224 0.0532908 0.112481 0.0730831 -0.482072 0.873078 0.168567 2.13183 -2.47854</i>
                        <i>0.101015 0.873483 0.476259 -0.992219 0.0534267 0.112463 0.0727893 -0.483914 0.872083 0.168585 2.13181 -2.47843</i>
                        <i>0.101285 0.872425 0.478137 -0.992213 0.0535663 0.112444 0.0724868 -0.485803 0.871058 0.168603 2.13187 -2.47831</i>
                        <i>0.10158 0.871263 0.48019 -0.992207 0.0537193 0.112424 0.072155 -0.487868 0.86993 0.168623 2.13199 -2.47819</i>
                        <i>0.101896 0.870008 0.482393 -0.992201 0.0538839 0.112402 0.0717974 -0.490084 0.868713 0.168644 2.13217 -2.47805</i>
                        <i>0.10223 0.868673 0.484723 -0.992194 0.0540585 0.112379 0.0714174 -0.492428 0.867418 0.168667 2.13243 -2.47791</i>
                        <i>0.102578 0.867269 0.487157 -0.992186 0.0542415 0.112356 0.0710187 -0.494876 0.866057 0.16869 2.13274 -2.47775</i>
                        <i>0.102938 0.865809 0.489673 -0.992179 0.054431 0.112332 0.0706048 -0.497406 0.86464 0.168715 2.13311 -2.4776</i>
                        <i>0.103305 0.864305 0.492246 -0.992171 0.0546256 0.112308 0.0701793 -0.499994 0.863181 0.16874 2.13353 -2.47744</i>
                        <i>0.103677 0.86277 0.494853 -0.992163 0.0548233 0.112284 0.0697458 -0.502616 0.861692 0.168766 2.13401 -2.47727</i>
                        <i>0.104049 0.861217 0.497473 -0.992154 0.0550227 0.11226 0.0693081 -0.505251 0.860185 0.168792 2.13453 -2.47711</i>
                        <i>0.10442 0.859659 0.500083 -0.992146 0.0552219 0.112237 0.06887 -0.507875 0.858673 0.168818 2.1351 -2.47694</i>
                        <i>0.104785 0.858111 0.502659 -0.992137 0.0554192 0.112214 0.0684353 -0.510466 0.857171 0.168843 2.13571 -2.47678</i>
                        <i>0.105142 0.856585 0.505181 -0.992129 0.0556129 0.112192 0.0680077 -0.513 0.85569 0.168868 2.13636 -2.47662</i>
                        <i>0.105488 0.855096 0.507625 -0.992121 0.0558012 0.112171 0.0675913 -0.515458 0.854245 0.168893 2.13704 -2.47646</i>
                        <i>0.105818 0.853659 0.509969 -0.992113 0.0559825 0.112152 0.0671899 -0.517815 0.85285 0.168916 2.13776 -2.47631</i>
                        <i>0.106132 0.852288 0.512193 -0.992105 0.0561549 0.112133 0.0668076 -0.52005 0.851519 0.168939 2.1385 -2.47617</i>
                        <i>0.106425 0.850997 0.514274 -0.992098 0.0563166 0.112116 0.0664483 -0.522142 0.850266 0.168959 2.13927 -2.47604</i>
                        <i>0.106694 0.849802 0.516191 -0.992091 0.056466 0.112101 0.0661161 -0.524069 0.849106 0.168979 2.14006 -2.47591</i>
                        <i>0.106937 0.848718 0.517922 -0.992085 0.0566012 0.112087 0.065815 -0.525809 0.848053 0.168996 2.14087 -2.4758</i>
                        <i>0.107151 0.847759 0.519445 -0.99208 0.0567205 0.112075 0.0655491 -0.52734 0.847122 0.169012 2.1417 -2.4757</i>
                        <i>0.107332 0.846941 0.52074 -0.992075 0.0568221 0.112065 0.0653226 -0.528641 0.846328 0.169025 2.14254 -2.47562</i>
                        <i>0.107478 0.846279 0.521785 -0.992071 0.0569042 0.112056 0.0651393 -0.529691 0.845685 0.169035 2.14339 -2.47555</i>
                        <i>0.107587 0.845789 0.522558 -0.992068 0.056965 0.11205 0.0650035 -0.530468 0.845209 0.169043 2.14425 -2.4755</i>
                        <i>0.107654 0.845483 0.523038 -0.992067 0.0570027 0.112047 0.0649191 -0.530951 0.844912 0.169048 2.14511 -2.47547</i>
                        <i>0.107677 0.845378 0.523203 -0.992066 0.0570157 0.112046 0.0648901 -0.531116 0.84481 0.16905 2.14597 -2.47546</i>
