<?xml version="1.0" encoding="ISO-8859-1" ?>
<Animl Version="1">
    <ModellingPackage><![CDATA[Maya.2010]]></ModellingPackage>
    <SrcFile><![CDATA[anims\turrets\machinegun\red\~src\mgun_balkan\mgun_balkan_aim_down_crewman_a.mb]]></SrcFile>
    <FramesPerSecond>30</FramesPerSecond>
    <TotalFrames>97</TotalFrames>
    <Skeleton>
        <RefFrame>
            <Name><![CDATA[soldier_ref_frame]]></Name>
            <Exclude>0</Exclude>
            <Additive>0</Additive>
            <IKPriority>0</IKPriority>
            <IKRotLimits>-1e+010 -1e+010 -1e+010 1e+010 1e+010 1e+010</IKRotLimits>
            <IKRotLimitOrder>0</IKRotLimitOrder>
            <KeyFrames count="97">
                <i>1 0 0 0 1 0 0 0 1 0.0553985 0.938949 -1.83662</i>
                <i>1 0 0 0 1 0 0 0 1 0.0553985 0.938949 -1.83662</i>
                <i>1 0 0 0 1 0 0 0 1 0.0553985 0.938949 -1.83662</i>
                <i>1 0 0 0 1 0 0 0 1 0.0553985 0.938949 -1.83662</i>
                <i>1 0 0 0 1 0 0 0 1 0.0553985 0.938949 -1.83662</i>
                <i>1 0 0 0 1 0 0 0 1 0.0553985 0.938949 -1.83662</i>
                <i>1 0 0 0 1 0 0 0 1 0.0553985 0.938949 -1.83662</i>
                <i>1 0 0 0 1 0 0 0 1 0.0553985 0.938949 -1.83662</i>
                <i>1 0 0 0 1 0 0 0 1 0.0553985 0.938949 -1.83662</i>
                <i>1 0 0 0 1 0 0 0 1 0.0553985 0.938949 -1.83662</i>
                <i>1 0 0 0 1 0 0 0 1 0.0553985 0.938949 -1.83662</i>
                <i>1 0 0 0 1 0 0 0 1 0.0553985 0.938949 -1.83662</i>
                <i>1 0 0 0 1 0 0 0 1 0.0553985 0.938949 -1.83662</i>
                <i>1 0 0 0 1 0 0 0 1 0.0553985 0.938949 -1.83662</i>
                <i>1 0 0 0 1 0 0 0 1 0.0553985 0.938949 -1.83662</i>
                <i>1 0 0 0 1 0 0 0 1 0.0553985 0.938949 -1.83662</i>
                <i>1 0 0 0 1 0 0 0 1 0.0553985 0.938949 -1.83662</i>
                <i>1 0 0 0 1 0 0 0 1 0.0553985 0.938949 -1.83662</i>
                <i>1 0 0 0 1 0 0 0 1 0.0553985 0.938949 -1.83662</i>
                <i>1 0 0 0 1 0 0 0 1 0.0553985 0.938949 -1.83662</i>
                <i>1 0 0 0 1 0 0 0 1 0.0553985 0.938949 -1.83662</i>
                <i>1 0 0 0 1 0 0 0 1 0.0553985 0.938949 -1.83662</i>
                <i>1 0 0 0 1 0 0 0 1 0.0553985 0.938949 -1.83662</i>
                <i>1 0 0 0 1 0 0 0 1 0.0553985 0.938949 -1.83662</i>
                <i>1 0 0 0 1 0 0 0 1 0.0553985 0.938949 -1.83662</i>
                <i>1 0 0 0 1 0 0 0 1 0.0553985 0.938949 -1.83662</i>
                <i>1 0 0 0 1 0 0 0 1 0.0553985 0.938949 -1.83662</i>
                <i>1 0 0 0 1 0 0 0 1 0.0553985 0.938949 -1.83662</i>
                <i>1 0 0 0 1 0 0 0 1 0.0553985 0.938949 -1.83662</i>
                <i>1 0 0 0 1 0 0 0 1 0.0553985 0.938949 -1.83662</i>
                <i>1 0 0 0 1 0 0 0 1 0.0553985 0.938949 -1.83662</i>
                <i>1 0 0 0 1 0 0 0 1 0.0553985 0.938949 -1.83662</i>
                <i>1 0 0 0 1 0 0 0 1 0.0553985 0.938949 -1.83662</i>
                <i>1 0 0 0 1 0 0 0 1 0.0553985 0.938949 -1.83662</i>
                <i>1 0 0 0 1 0 0 0 1 0.0553985 0.938949 -1.83662</i>
                <i>1 0 0 0 1 0 0 0 1 0.0553985 0.938949 -1.83662</i>
                <i>1 0 0 0 1 0 0 0 1 0.0553985 0.938949 -1.83662</i>
                <i>1 0 0 0 1 0 0 0 1 0.0553985 0.938949 -1.83662</i>
                <i>1 0 0 0 1 0 0 0 1 0.0553985 0.938949 -1.83662</i>
                <i>1 0 0 0 1 0 0 0 1 0.0553985 0.938949 -1.83662</i>
                <i>1 0 0 0 1 0 0 0 1 0.0553985 0.938949 -1.83662</i>
                <i>1 0 0 0 1 0 0 0 1 0.0553985 0.938949 -1.83662</i>
                <i>1 0 0 0 1 0 0 0 1 0.0553985 0.938949 -1.83662</i>
                <i>1 0 0 0 1 0 0 0 1 0.0553985 0.938949 -1.83662</i>
                <i>1 0 0 0 1 0 0 0 1 0.0553985 0.938949 -1.83662</i>
                <i>1 0 0 0 1 0 0 0 1 0.0553985 0.938949 -1.83662</i>
                <i>1 0 0 0 1 0 0 0 1 0.0553985 0.938949 -1.83662</i>
                <i>1 0 0 0 1 0 0 0 1 0.0553985 0.938949 -1.83662</i>
                <i>1 0 0 0 1 0 0 0 1 0.0553985 0.938949 -1.83662</i>
                <i>1 0 0 0 1 0 0 0 1 0.0553985 0.938949 -1.83662</i>
                <i>1 0 0 0 1 0 0 0 1 0.0553985 0.938949 -1.83662</i>
                <i>1 0 0 0 1 0 0 0 1 0.0553985 0.938949 -1.83662</i>
                <i>1 0 0 0 1 0 0 0 1 0.0553985 0.938949 -1.83662</i>
                <i>1 0 0 0 1 0 0 0 1 0.0553985 0.938949 -1.83662</i>
                <i>1 0 0 0 1 0 0 0 1 0.0553985 0.938949 -1.83662</i>
                <i>1 0 0 0 1 0 0 0 1 0.0553985 0.938949 -1.83662</i>
                <i>1 0 0 0 1 0 0 0 1 0.0553985 0.938949 -1.83662</i>
                <i>1 0 0 0 1 0 0 0 1 0.0553985 0.938949 -1.83662</i>
                <i>1 0 0 0 1 0 0 0 1 0.0553985 0.938949 -1.83662</i>
                <i>1 0 0 0 1 0 0 0 1 0.0553985 0.938949 -1.83662</i>
                <i>1 0 0 0 1 0 0 0 1 0.0553985 0.938949 -1.83662</i>
                <i>1 0 0 0 1 0 0 0 1 0.0553985 0.938949 -1.83662</i>
                <i>1 0 0 0 1 0 0 0 1 0.0553985 0.938949 -1.83662</i>
                <i>1 0 0 0 1 0 0 0 1 0.0553985 0.938949 -1.83662</i>
                <i>1 0 0 0 1 0 0 0 1 0.0553985 0.938949 -1.83662</i>
                <i>1 0 0 0 1 0 0 0 1 0.0553985 0.938949 -1.83662</i>
                <i>1 0 0 0 1 0 0 0 1 0.0553985 0.938949 -1.83662</i>
                <i>1 0 0 0 1 0 0 0 1 0.0553985 0.938949 -1.83662</i>
                <i>1 0 0 0 1 0 0 0 1 0.0553985 0.938949 -1.83662</i>
                <i>1 0 0 0 1 0 0 0 1 0.0553985 0.938949 -1.83662</i>
                <i>1 0 0 0 1 0 0 0 1 0.0553985 0.938949 -1.83662</i>
                <i>1 0 0 0 1 0 0 0 1 0.0553985 0.938949 -1.83662</i>
                <i>1 0 0 0 1 0 0 0 1 0.0553985 0.938949 -1.83662</i>
                <i>1 0 0 0 1 0 0 0 1 0.0553985 0.938949 -1.83662</i>
                <i>1 0 0 0 1 0 0 0 1 0.0553985 0.938949 -1.83662</i>
                <i>1 0 0 0 1 0 0 0 1 0.0553985 0.938949 -1.83662</i>
                <i>1 0 0 0 1 0 0 0 1 0.0553985 0.938949 -1.83662</i>
                <i>1 0 0 0 1 0 0 0 1 0.0553985 0.938949 -1.83662</i>
                <i>1 0 0 0 1 0 0 0 1 0.0553985 0.938949 -1.83662</i>
                <i>1 0 0 0 1 0 0 0 1 0.0553985 0.938949 -1.83662</i>
                <i>1 0 0 0 1 0 0 0 1 0.0553985 0.938949 -1.83662</i>
                <i>1 0 0 0 1 0 0 0 1 0.0553985 0.938949 -1.83662</i>
                <i>1 0 0 0 1 0 0 0 1 0.0553985 0.938949 -1.83662</i>
                <i>1 0 0 0 1 0 0 0 1 0.0553985 0.938949 -1.83662</i>
                <i>1 0 0 0 1 0 0 0 1 0.0553985 0.938949 -1.83662</i>
                <i>1 0 0 0 1 0 0 0 1 0.0553985 0.938949 -1.83662</i>
                <i>1 0 0 0 1 0 0 0 1 0.0553985 0.938949 -1.83662</i>
                <i>1 0 0 0 1 0 0 0 1 0.0553985 0.938949 -1.83662</i>
                <i>1 0 0 0 1 0 0 0 1 0.0553985 0.938949 -1.83662</i>
                <i>1 0 0 0 1 0 0 0 1 0.0553985 0.938949 -1.83662</i>
                <i>1 0 0 0 1 0 0 0 1 0.0553985 0.938949 -1.83662</i>
                <i>1 0 0 0 1 0 0 0 1 0.0553985 0.938949 -1.83662</i>
                <i>1 0 0 0 1 0 0 0 1 0.0553985 0.938949 -1.83662</i>
                <i>1 0 0 0 1 0 0 0 1 0.0553985 0.938949 -1.83662</i>
                <i>1 0 0 0 1 0 0 0 1 0.0553985 0.938949 -1.83662</i>
                <i>1 0 0 0 1 0 0 0 1 0.0553985 0.938949 -1.83662</i>
                <i>1 0 0 0 1 0 0 0 1 0.0553985 0.938949 -1.83662</i>
            </KeyFrames>
        </RefFrame>
        <Bones count="23">
            <i>
                <p>
                    <Name><![CDATA[pelvis]]></Name>
                    <Exclude>0</Exclude>
                    <Additive>0</Additive>
                    <IKPriority>0</IKPriority>
                    <IKRotLimits>-1e+010 -1e+010 -1e+010 1e+010 1e+010 1e+010</IKRotLimits>
                    <IKRotLimitOrder>2</IKRotLimitOrder>
                    <KeyFrames count="97">
                        <i>1 0 0 0 1 0 0 0 1 -0.0200439 2.31296 -1.78812</i>
                        <i>1 0 0 0 1 0 0 0 1 -0.0200439 2.31292 -1.78812</i>
                        <i>1 0 0 0 1 0 0 0 1 -0.0200439 2.3128 -1.78812</i>
                        <i>1 0 0 0 1 0 0 0 1 -0.0200439 2.31262 -1.78812</i>
                        <i>1 0 0 0 1 0 0 0 1 -0.0200439 2.31236 -1.78812</i>
                        <i>1 0 0 0 1 0 0 0 1 -0.0200439 2.31204 -1.78812</i>
                        <i>1 0 0 0 1 0 0 0 1 -0.0200439 2.31166 -1.78812</i>
                        <i>1 0 0 0 1 0 0 0 1 -0.0200439 2.31121 -1.78812</i>
                        <i>1 0 0 0 1 0 0 0 1 -0.0200439 2.31071 -1.78812</i>
                        <i>1 0 0 0 1 0 0 0 1 -0.0200439 2.31016 -1.78812</i>
                        <i>1 0 0 0 1 0 0 0 1 -0.0200439 2.30956 -1.78812</i>
                        <i>1 0 0 0 1 0 0 0 1 -0.0200439 2.30892 -1.78812</i>
                        <i>1 0 0 0 1 0 0 0 1 -0.0200439 2.30823 -1.78812</i>
                        <i>1 0 0 0 1 0 0 0 1 -0.0200439 2.3075 -1.78812</i>
                        <i>1 0 0 0 1 0 0 0 1 -0.0200439 2.30673 -1.78812</i>
                        <i>1 0 0 0 1 0 0 0 1 -0.0200439 2.30594 -1.78812</i>
                        <i>1 0 0 0 1 0 0 0 1 -0.0200439 2.30511 -1.78812</i>
                        <i>1 0 0 0 1 0 0 0 1 -0.0200439 2.30426 -1.78812</i>
                        <i>1 0 0 0 1 0 0 0 1 -0.0200439 2.30338 -1.78812</i>
                        <i>1 0 0 0 1 0 0 0 1 -0.0200439 2.30248 -1.78812</i>
                        <i>1 0 0 0 1 0 0 0 1 -0.0200439 2.30157 -1.78812</i>
                        <i>1 0 0 0 1 0 0 0 1 -0.0200439 2.30065 -1.78812</i>
                        <i>1 0 0 0 1 0 0 0 1 -0.0200439 2.29971 -1.78812</i>
                        <i>1 0 0 0 1 0 0 0 1 -0.0200439 2.29877 -1.78812</i>
                        <i>1 0 0 0 1 0 0 0 1 -0.0200439 2.29782 -1.78812</i>
                        <i>1 0 0 0 1 0 0 0 1 -0.0200439 2.29688 -1.78812</i>
                        <i>1 0 0 0 1 0 0 0 1 -0.0200439 2.29594 -1.78812</i>
                        <i>1 0 0 0 1 0 0 0 1 -0.0200439 2.295 -1.78812</i>
                        <i>1 0 0 0 1 0 0 0 1 -0.0200439 2.29408 -1.78812</i>
                        <i>1 0 0 0 1 0 0 0 1 -0.0200439 2.29316 -1.78812</i>
                        <i>1 0 0 0 1 0 0 0 1 -0.0200439 2.29227 -1.78812</i>
                        <i>1 0 0 0 1 0 0 0 1 -0.0200439 2.29139 -1.78812</i>
                        <i>1 0 0 0 1 0 0 0 1 -0.0200439 2.29054 -1.78812</i>
                        <i>1 0 0 0 1 0 0 0 1 -0.0200439 2.28971 -1.78812</i>
                        <i>1 0 0 0 1 0 0 0 1 -0.0200439 2.28891 -1.78812</i>
                        <i>1 0 0 0 1 0 0 0 1 -0.0200439 2.28815 -1.78812</i>
                        <i>1 0 0 0 1 0 0 0 1 -0.0200439 2.28742 -1.78812</i>
                        <i>1 0 0 0 1 0 0 0 1 -0.0200439 2.28673 -1.78812</i>
                        <i>1 0 0 0 1 0 0 0 1 -0.0200439 2.28609 -1.78812</i>
                        <i>1 0 0 0 1 0 0 0 1 -0.0200439 2.28549 -1.78812</i>
                        <i>1 0 0 0 1 0 0 0 1 -0.0200439 2.28493 -1.78812</i>
                        <i>1 0 0 0 1 0 0 0 1 -0.0200439 2.28444 -1.78812</i>
                        <i>1 0 0 0 1 0 0 0 1 -0.0200439 2.28399 -1.78812</i>
                        <i>1 0 0 0 1 0 0 0 1 -0.0200439 2.28361 -1.78812</i>
                        <i>1 0 0 0 1 0 0 0 1 -0.0200439 2.28329 -1.78812</i>
                        <i>1 0 0 0 1 0 0 0 1 -0.0200439 2.28303 -1.78812</i>
                        <i>1 0 0 0 1 0 0 0 1 -0.0200439 2.28285 -1.78812</i>
                        <i>1 0 0 0 1 0 0 0 1 -0.0200439 2.28273 -1.78812</i>
                        <i>1 0 0 0 1 0 0 0 1 -0.0200439 2.28269 -1.78812</i>
                        <i>1 0 0 0 1 0 0 0 1 -0.0200439 2.28273 -1.78812</i>
                        <i>1 0 0 0 1 0 0 0 1 -0.0200439 2.28285 -1.78812</i>
                        <i>1 0 0 0 1 0 0 0 1 -0.0200439 2.28303 -1.78812</i>
                        <i>1 0 0 0 1 0 0 0 1 -0.0200439 2.28329 -1.78812</i>
                        <i>1 0 0 0 1 0 0 0 1 -0.0200439 2.28361 -1.78812</i>
                        <i>1 0 0 0 1 0 0 0 1 -0.0200439 2.28399 -1.78812</i>
                        <i>1 0 0 0 1 0 0 0 1 -0.0200439 2.28444 -1.78812</i>
                        <i>1 0 0 0 1 0 0 0 1 -0.0200439 2.28493 -1.78812</i>
                        <i>1 0 0 0 1 0 0 0 1 -0.0200439 2.28549 -1.78812</i>
                        <i>1 0 0 0 1 0 0 0 1 -0.0200439 2.28609 -1.78812</i>
                        <i>1 0 0 0 1 0 0 0 1 -0.0200439 2.28673 -1.78812</i>
                        <i>1 0 0 0 1 0 0 0 1 -0.0200439 2.28742 -1.78812</i>
                        <i>1 0 0 0 1 0 0 0 1 -0.0200439 2.28815 -1.78812</i>
                        <i>1 0 0 0 1 0 0 0 1 -0.0200439 2.28891 -1.78812</i>
                        <i>1 0 0 0 1 0 0 0 1 -0.0200439 2.28971 -1.78812</i>
                        <i>1 0 0 0 1 0 0 0 1 -0.0200439 2.29054 -1.78812</i>
                        <i>1 0 0 0 1 0 0 0 1 -0.0200439 2.29139 -1.78812</i>
                        <i>1 0 0 0 1 0 0 0 1 -0.0200439 2.29227 -1.78812</i>
                        <i>1 0 0 0 1 0 0 0 1 -0.0200439 2.29316 -1.78812</i>
                        <i>1 0 0 0 1 0 0 0 1 -0.0200439 2.29408 -1.78812</i>
                        <i>1 0 0 0 1 0 0 0 1 -0.0200439 2.295 -1.78812</i>
                        <i>1 0 0 0 1 0 0 0 1 -0.0200439 2.29594 -1.78812</i>
                        <i>1 0 0 0 1 0 0 0 1 -0.0200439 2.29688 -1.78812</i>
                        <i>1 0 0 0 1 0 0 0 1 -0.0200439 2.29782 -1.78812</i>
                        <i>1 0 0 0 1 0 0 0 1 -0.0200439 2.29877 -1.78812</i>
                        <i>1 0 0 0 1 0 0 0 1 -0.0200439 2.29971 -1.78812</i>
                        <i>1 0 0 0 1 0 0 0 1 -0.0200439 2.30065 -1.78812</i>
                        <i>1 0 0 0 1 0 0 0 1 -0.0200439 2.30157 -1.78812</i>
                        <i>1 0 0 0 1 0 0 0 1 -0.0200439 2.30248 -1.78812</i>
                        <i>1 0 0 0 1 0 0 0 1 -0.0200439 2.30338 -1.78812</i>
                        <i>1 0 0 0 1 0 0 0 1 -0.0200439 2.30426 -1.78812</i>
                        <i>1 0 0 0 1 0 0 0 1 -0.0200439 2.30511 -1.78812</i>
                        <i>1 0 0 0 1 0 0 0 1 -0.0200439 2.30594 -1.78812</i>
                        <i>1 0 0 0 1 0 0 0 1 -0.0200439 2.30673 -1.78812</i>
                        <i>1 0 0 0 1 0 0 0 1 -0.0200439 2.3075 -1.78812</i>
                        <i>1 0 0 0 1 0 0 0 1 -0.0200439 2.30823 -1.78812</i>
                        <i>1 0 0 0 1 0 0 0 1 -0.0200439 2.30892 -1.78812</i>
                        <i>1 0 0 0 1 0 0 0 1 -0.0200439 2.30956 -1.78812</i>
                        <i>1 0 0 0 1 0 0 0 1 -0.0200439 2.31016 -1.78812</i>
                        <i>1 0 0 0 1 0 0 0 1 -0.0200439 2.31071 -1.78812</i>
                        <i>1 0 0 0 1 0 0 0 1 -0.0200439 2.31121 -1.78812</i>
                        <i>1 0 0 0 1 0 0 0 1 -0.0200439 2.31166 -1.78812</i>
                        <i>1 0 0 0 1 0 0 0 1 -0.0200439 2.31204 -1.78812</i>
                        <i>1 0 0 0 1 0 0 0 1 -0.0200439 2.31236 -1.78812</i>
                        <i>1 0 0 0 1 0 0 0 1 -0.0200439 2.31262 -1.78812</i>
                        <i>1 0 0 0 1 0 0 0 1 -0.0200439 2.3128 -1.78812</i>
                        <i>1 0 0 0 1 0 0 0 1 -0.0200439 2.31292 -1.78812</i>
                        <i>1 0 0 0 1 0 0 0 1 -0.0200439 2.31296 -1.78812</i>
                    </KeyFrames>
                </p>
            </i>
            <i>
                <p>
                    <Name><![CDATA[spine0]]></Name>
                    <Exclude>0</Exclude>
                    <Additive>0</Additive>
                    <IKPriority>0</IKPriority>
                    <IKRotLimits>-1e+010 -1e+010 -1e+010 1e+010 1e+010 1e+010</IKRotLimits>
                    <IKRotLimitOrder>0</IKRotLimitOrder>
                    <KeyFrames count="97">
                        <i>2.22045e-016 0.973159 0.230135 -1 2.22045e-016 0 -4.16334e-017 -0.230135 0.973159 -0.0200439 2.45369 -1.81794</i>
                        <i>0 0.973258 0.229714 -1 0 0 -2.77556e-017 -0.229714 0.973258 -0.0200439 2.45365 -1.81794</i>
                        <i>2.22045e-016 0.973364 0.229264 -1 2.22045e-016 1.38778e-017 -1.38778e-017 -0.229264 0.973364 -0.0200439 2.45354 -1.81794</i>
                        <i>2.22045e-016 0.973476 0.228788 -1 2.22045e-016 0 -2.77556e-017 -0.228788 0.973476 -0.0200439 2.45335 -1.81794</i>
                        <i>2.22045e-016 0.973593 0.228292 -1 2.22045e-016 0 -4.16334e-017 -0.228292 0.973593 -0.0200439 2.4531 -1.81794</i>
                        <i>1.11022e-016 0.973713 0.227779 -1 2.22045e-016 -1.38778e-017 -4.16334e-017 -0.227779 0.973713 -0.0200439 2.45278 -1.81794</i>
                        <i>1.11022e-016 0.973836 0.227253 -1 2.22045e-016 0 -4.16334e-017 -0.227253 0.973836 -0.0200439 2.45239 -1.81794</i>
                        <i>1.11022e-016 0.97396 0.22672 -1 2.22045e-016 -1.38778e-017 -4.16334e-017 -0.22672 0.97396 -0.0200439 2.45195 -1.81794</i>
                        <i>0 0.974085 0.226182 -1 0 0 -4.16334e-017 -0.226182 0.974085 -0.0200439 2.45145 -1.81794</i>
                        <i>1.11022e-016 0.97421 0.225645 -1 1.11022e-016 1.38778e-017 -1.38778e-017 -0.225645 0.97421 -0.0200439 2.4509 -1.81794</i>
                        <i>0 0.974333 0.225112 -1 0 1.38778e-017 -1.38778e-017 -0.225112 0.974333 -0.0200439 2.4503 -1.81794</i>
                        <i>2.22045e-016 0.974454 0.224588 -1 2.22045e-016 0 -4.16334e-017 -0.224588 0.974454 -0.0200439 2.44965 -1.81794</i>
                        <i>2.22045e-016 0.974572 0.224077 -1 2.22045e-016 0 -2.77556e-017 -0.224077 0.974572 -0.0200439 2.44896 -1.81794</i>
                        <i>2.22045e-016 0.974685 0.223582 -1 2.22045e-016 -1.38778e-017 -5.55112e-017 -0.223582 0.974685 -0.0200439 2.44824 -1.81794</i>
                        <i>2.22045e-016 0.974793 0.223109 -1 2.22045e-016 0 -4.16334e-017 -0.223109 0.974793 -0.0200439 2.44747 -1.81794</i>
                        <i>1.11022e-016 0.974896 0.222661 -1 1.11022e-016 0 -2.77556e-017 -0.222661 0.974896 -0.0200439 2.44667 -1.81794</i>
                        <i>0 0.974991 0.222243 -1 0 -1.38778e-017 -4.16334e-017 -0.222243 0.974991 -0.0200439 2.44585 -1.81794</i>
                        <i>2.22045e-016 0.975079 0.221858 -1 2.22045e-016 1.38778e-017 -1.38778e-017 -0.221858 0.975079 -0.0200439 2.44499 -1.81794</i>
                        <i>0 0.975158 0.221511 -1 0 1.38778e-017 -1.38778e-017 -0.221511 0.975158 -0.0200439 2.44412 -1.81794</i>
                        <i>2.22045e-016 0.975227 0.221206 -1 2.22045e-016 0 -2.77556e-017 -0.221206 0.975227 -0.0200439 2.44322 -1.81794</i>
                        <i>2.22045e-016 0.975286 0.220947 -1 2.22045e-016 -1.38778e-017 -4.16334e-017 -0.220947 0.975286 -0.0200439 2.44231 -1.81794</i>
                        <i>2.22045e-016 0.975333 0.220739 -1 2.22045e-016 0 -2.77556e-017 -0.220739 0.975333 -0.0200439 2.44138 -1.81794</i>
                        <i>4.44089e-016 0.975368 0.220585 -1 4.44089e-016 1.38778e-017 -4.16334e-017 -0.220585 0.975368 -0.0200439 2.44045 -1.81794</i>
                        <i>2.22045e-016 0.975389 0.220489 -1 2.22045e-016 0 -2.77556e-017 -0.220489 0.975389 -0.0200439 2.43951 -1.81794</i>
                        <i>2.22045e-016 0.975397 0.220457 -1 2.22045e-016 0 -2.77556e-017 -0.220457 0.975397 -0.0200439 2.43856 -1.81794</i>
                        <i>2.22045e-016 0.97539 0.220489 -1 2.22045e-016 0 -4.16334e-017 -0.220489 0.97539 -0.0200439 2.43762 -1.81794</i>
                        <i>2.22045e-016 0.975368 0.220582 -1 2.22045e-016 0 -4.16334e-017 -0.220582 0.975368 -0.0200439 2.43667 -1.81794</i>
                        <i>0 0.975334 0.220734 -1 0 0 -2.77556e-017 -0.220734 0.975334 -0.0200439 2.43574 -1.81794</i>
                        <i>1.11022e-016 0.975288 0.220938 -1 1.11022e-016 1.38778e-017 -1.38778e-017 -0.220938 0.975288 -0.0200439 2.43481 -1.81794</i>
                        <i>1.11022e-016 0.97523 0.221193 -1 1.11022e-016 0 -4.16334e-017 -0.221193 0.97523 -0.0200439 2.4339 -1.81794</i>
                        <i>0 0.975162 0.221493 -1 0 0 -2.77556e-017 -0.221493 0.975162 -0.0200439 2.433 -1.81794</i>
                        <i>1.11022e-016 0.975084 0.221834 -1 1.11022e-016 1.38778e-017 -1.38778e-017 -0.221834 0.975084 -0.0200439 2.43213 -1.81794</i>
                        <i>0 0.974998 0.222213 -1 0 0 -4.16334e-017 -0.222213 0.974998 -0.0200439 2.43128 -1.81794</i>
                        <i>1.11022e-016 0.974904 0.222626 -1 1.11022e-016 -1.38778e-017 -4.16334e-017 -0.222626 0.974904 -0.0200439 2.43045 -1.81794</i>
                        <i>1.11022e-016 0.974803 0.223069 -1 1.11022e-016 0 -2.77556e-017 -0.223069 0.974803 -0.0200439 2.42965 -1.81794</i>
                        <i>2.22045e-016 0.974695 0.223537 -1 2.22045e-016 1.38778e-017 -1.38778e-017 -0.223537 0.974695 -0.0200439 2.42889 -1.81794</i>
                        <i>1.11022e-016 0.974583 0.224027 -1 1.11022e-016 0 -4.16334e-017 -0.224027 0.974583 -0.0200439 2.42816 -1.81794</i>
                        <i>2.22045e-016 0.974466 0.224534 -1 2.22045e-016 0 -2.77556e-017 -0.224534 0.974466 -0.0200439 2.42747 -1.81794</i>
                        <i>0 0.974346 0.225056 -1 0 0 -4.16334e-017 -0.225056 0.974346 -0.0200439 2.42682 -1.81794</i>
                        <i>0 0.974223 0.225587 -1 0 -1.38778e-017 -4.16334e-017 -0.225587 0.974223 -0.0200439 2.42622 -1.81794</i>
                        <i>0 0.974099 0.226123 -1 0 1.38778e-017 -1.38778e-017 -0.226123 0.974099 -0.0200439 2.42567 -1.81794</i>
                        <i>0 0.973974 0.226661 -1 0 0 -4.16334e-017 -0.226661 0.973974 -0.0200439 2.42517 -1.81794</i>
                        <i>1.11022e-016 0.973849 0.227197 -1 1.11022e-016 0 -2.77556e-017 -0.227197 0.973849 -0.0200439 2.42473 -1.81794</i>
                        <i>1.11022e-016 0.973725 0.227727 -1 1.11022e-016 -1.38778e-017 -4.16334e-017 -0.227727 0.973725 -0.0200439 2.42435 -1.81794</i>
                        <i>2.22045e-016 0.973604 0.228245 -1 2.22045e-016 0 -4.16334e-017 -0.228245 0.973604 -0.0200439 2.42403 -1.81794</i>
                        <i>2.22045e-016 0.973485 0.22875 -1 2.22045e-016 0 -2.77556e-017 -0.22875 0.973485 -0.0200439 2.42377 -1.81794</i>
                        <i>0 0.973371 0.229236 -1 0 -1.38778e-017 -4.16334e-017 -0.229236 0.973371 -0.0200439 2.42358 -1.81794</i>
                        <i>1.11022e-016 0.973262 0.229699 -1 1.11022e-016 1.38778e-017 -1.38778e-017 -0.229699 0.973262 -0.0200439 2.42347 -1.81794</i>
                        <i>2.22045e-016 0.973159 0.230135 -1 2.22045e-016 1.38778e-017 -1.38778e-017 -0.230135 0.973159 -0.0200439 2.42343 -1.81794</i>
                        <i>1.11022e-016 0.973054 0.230576 -1 1.11022e-016 0 -4.16334e-017 -0.230576 0.973054 -0.0200439 2.42347 -1.81794</i>
                        <i>1.11022e-016 0.972942 0.231051 -1 1.11022e-016 -1.38778e-017 -4.16334e-017 -0.231051 0.972942 -0.0200439 2.42358 -1.81794</i>
                        <i>0 0.972821 0.231556 -1 0 0 -2.77556e-017 -0.231556 0.972821 -0.0200439 2.42377 -1.81794</i>
                        <i>0 0.972695 0.232087 -1 1.11022e-016 0 -4.16334e-017 -0.232087 0.972695 -0.0200439 2.42403 -1.81794</i>
                        <i>1.11022e-016 0.972563 0.232639 -1 1.11022e-016 0 -4.16334e-017 -0.232639 0.972563 -0.0200439 2.42435 -1.81794</i>
                        <i>0 0.972427 0.233206 -1 0 0 -2.77556e-017 -0.233206 0.972427 -0.0200439 2.42473 -1.81794</i>
                        <i>1.11022e-016 0.972288 0.233784 -1 1.11022e-016 0 -2.77556e-017 -0.233784 0.972288 -0.0200439 2.42517 -1.81794</i>
                        <i>0 0.972148 0.234369 -1 0 0 -4.16334e-017 -0.234369 0.972148 -0.0200439 2.42567 -1.81794</i>
                        <i>1.11022e-016 0.972006 0.234956 -1 1.11022e-016 0 -4.16334e-017 -0.234956 0.972006 -0.0200439 2.42622 -1.81794</i>
                        <i>2.22045e-016 0.971865 0.23554 -1 2.22045e-016 -1.38778e-017 -4.16334e-017 -0.23554 0.971865 -0.0200439 2.42682 -1.81794</i>
                        <i>2.22045e-016 0.971725 0.236115 -1 2.22045e-016 1.38778e-017 -1.38778e-017 -0.236115 0.971725 -0.0200439 2.42747 -1.81794</i>
                        <i>2.22045e-016 0.971588 0.236679 -1 2.22045e-016 0 -2.77556e-017 -0.236679 0.971588 -0.0200439 2.42816 -1.81794</i>
                        <i>2.22045e-016 0.971455 0.237224 -1 2.22045e-016 -1.38778e-017 -6.93889e-017 -0.237224 0.971455 -0.0200439 2.42889 -1.81794</i>
                        <i>0 0.971327 0.237748 -1 0 0 -4.16334e-017 -0.237748 0.971327 -0.0200439 2.42965 -1.81794</i>
                        <i>2.22045e-016 0.971205 0.238245 -1 2.22045e-016 0 -4.16334e-017 -0.238245 0.971205 -0.0200439 2.43045 -1.81794</i>
                        <i>2.22045e-016 0.971091 0.238709 -1 2.22045e-016 0 -4.16334e-017 -0.238709 0.971091 -0.0200439 2.43128 -1.81794</i>
                        <i>2.22045e-016 0.970986 0.239138 -1 2.22045e-016 0 -4.16334e-017 -0.239138 0.970986 -0.0200439 2.43213 -1.81794</i>
                        <i>2.22045e-016 0.97089 0.239524 -1 2.22045e-016 0 -4.16334e-017 -0.239524 0.97089 -0.0200439 2.433 -1.81794</i>
                        <i>1.11022e-016 0.970806 0.239865 -1 1.11022e-016 0 -4.16334e-017 -0.239865 0.970806 -0.0200439 2.4339 -1.81794</i>
                        <i>1.11022e-016 0.970735 0.240154 -1 1.11022e-016 0 -2.77556e-017 -0.240154 0.970735 -0.0200439 2.43481 -1.81794</i>
                        <i>0 0.970677 0.240388 -1 0 0 -4.16334e-017 -0.240388 0.970677 -0.0200439 2.43574 -1.81794</i>
                        <i>2.22045e-016 0.970634 0.24056 -1 2.22045e-016 -1.38778e-017 -4.16334e-017 -0.24056 0.970634 -0.0200439 2.43667 -1.81794</i>
                        <i>2.22045e-016 0.970608 0.240668 -1 2.22045e-016 -1.38778e-017 -4.16334e-017 -0.240668 0.970608 -0.0200439 2.43762 -1.81794</i>
                        <i>1.11022e-016 0.970599 0.240704 -1 1.11022e-016 1.38778e-017 -1.38778e-017 -0.240704 0.970599 -0.0200439 2.43856 -1.81794</i>
                        <i>0 0.970607 0.240668 -1 0 0 -4.16334e-017 -0.240668 0.970607 -0.0200439 2.43951 -1.81794</i>
                        <i>0 0.970634 0.240563 -1 0 0 -4.16334e-017 -0.240563 0.970634 -0.0200439 2.44045 -1.81794</i>
                        <i>0 0.970676 0.240393 -1 0 0 -2.77556e-017 -0.240393 0.970676 -0.0200439 2.44138 -1.81794</i>
                        <i>0 0.970732 0.240164 -1 0 0 -2.77556e-017 -0.240164 0.970732 -0.0200439 2.44231 -1.81794</i>
                        <i>0 0.970803 0.239879 -1 0 0 -4.16334e-017 -0.239879 0.970803 -0.0200439 2.44322 -1.81794</i>
                        <i>0 0.970886 0.239543 -1 0 0 -4.16334e-017 -0.239543 0.970886 -0.0200439 2.44412 -1.81794</i>
                        <i>1.11022e-016 0.97098 0.239162 -1 1.11022e-016 0 -4.16334e-017 -0.239162 0.97098 -0.0200439 2.44499 -1.81794</i>
                        <i>0 0.971084 0.238739 -1 0 0 0 -0.238739 0.971084 -0.0200439 2.44585 -1.81794</i>
                        <i>2.22045e-016 0.971196 0.23828 -1 2.22045e-016 0 -4.16334e-017 -0.23828 0.971196 -0.0200439 2.44667 -1.81794</i>
                        <i>0 0.971317 0.237789 -1 1.11022e-016 0 -2.77556e-017 -0.237789 0.971317 -0.0200439 2.44747 -1.81794</i>
                        <i>0 0.971444 0.23727 -1 0 0 -4.16334e-017 -0.23727 0.971444 -0.0200439 2.44824 -1.81794</i>
                        <i>2.22045e-016 0.971576 0.236729 -1 2.22045e-016 0 -4.16334e-017 -0.236729 0.971576 -0.0200439 2.44896 -1.81794</i>
                        <i>0 0.971712 0.236169 -1 0 0 -4.16334e-017 -0.236169 0.971712 -0.0200439 2.44965 -1.81794</i>
                        <i>0 0.971851 0.235597 -1 0 -1.38778e-017 -4.16334e-017 -0.235597 0.971851 -0.0200439 2.4503 -1.81794</i>
                        <i>1.11022e-016 0.971992 0.235015 -1 1.11022e-016 0 -2.77556e-017 -0.235015 0.971992 -0.0200439 2.4509 -1.81794</i>
                        <i>0 0.972133 0.234429 -1 1.11022e-016 -1.38778e-017 -5.55112e-017 -0.234429 0.972133 -0.0200439 2.45145 -1.81794</i>
                        <i>0 0.972274 0.233843 -1 1.11022e-016 0 -4.16334e-017 -0.233843 0.972274 -0.0200439 2.45195 -1.81794</i>
                        <i>1.11022e-016 0.972414 0.233262 -1 1.11022e-016 -1.38778e-017 -4.16334e-017 -0.233262 0.972414 -0.0200439 2.45239 -1.81794</i>
                        <i>1.11022e-016 0.972551 0.232691 -1 1.11022e-016 0 -4.16334e-017 -0.232691 0.972551 -0.0200439 2.45278 -1.81794</i>
                        <i>0 0.972684 0.232133 -1 0 0 -4.16334e-017 -0.232133 0.972684 -0.0200439 2.4531 -1.81794</i>
                        <i>1.11022e-016 0.972812 0.231595 -1 1.11022e-016 0 -2.77556e-017 -0.231595 0.972812 -0.0200439 2.45335 -1.81794</i>
                        <i>2.22045e-016 0.972935 0.231079 -1 2.22045e-016 0 -4.16334e-017 -0.231079 0.972935 -0.0200439 2.45354 -1.81794</i>
                        <i>2.22045e-016 0.973051 0.230591 -1 2.22045e-016 -1.38778e-017 -4.16334e-017 -0.230591 0.973051 -0.0200439 2.45365 -1.81794</i>
                        <i>2.22045e-016 0.973159 0.230135 -1 2.22045e-016 0 -4.16334e-017 -0.230135 0.973159 -0.0200439 2.45369 -1.81794</i>
                    </KeyFrames>
                </p>
            </i>
            <i>
                <p>
                    <Name><![CDATA[spine1]]></Name>
                    <Exclude>0</Exclude>
                    <Additive>0</Additive>
                    <IKPriority>0</IKPriority>
                    <IKRotLimits>-1e+010 -1e+010 -1e+010 1e+010 1e+010 1e+010</IKRotLimits>
                    <IKRotLimitOrder>0</IKRotLimitOrder>
                    <KeyFrames count="97">
                        <i>2.07248e-016 0.897722 0.440563 -1 2.22045e-016 0 -8.99183e-017 -0.440563 0.897722 -0.0200439 2.6222 -1.7781</i>
                        <i>-6.13654e-018 0.898385 0.439209 -1 0 0 -2.70687e-017 -0.439209 0.898385 -0.0200439 2.62217 -1.77818</i>
                        <i>2.13553e-016 0.899093 0.437758 -1 2.22045e-016 1.38778e-017 -6.23809e-017 -0.437758 0.899093 -0.0200439 2.62206 -1.77826</i>
                        <i>2.10593e-016 0.899837 0.436225 -1 2.22045e-016 0 -7.56627e-017 -0.436225 0.899837 -0.0200439 2.62187 -1.77835</i>
                        <i>2.0767e-016 0.900612 0.434623 -1 2.22045e-016 0 -8.89407e-017 -0.434623 0.900612 -0.0200439 2.62162 -1.77844</i>
                        <i>9.93913e-017 0.901411 0.432965 -1 2.22045e-016 -1.38778e-017 -6.4658e-017 -0.432965 0.901411 -0.0200439 2.6213 -1.77853</i>
                        <i>9.94782e-017 0.902225 0.431265 -1 2.22045e-016 0 -6.45242e-017 -0.431265 0.902225 -0.0200439 2.62092 -1.77863</i>
                        <i>9.95664e-017 0.90305 0.429536 -1 2.22045e-016 -1.38778e-017 -6.43881e-017 -0.429536 0.90305 -0.0200439 2.62048 -1.77872</i>
                        <i>-8.83731e-018 0.903877 0.427792 -1 0 0 -4.06846e-017 -0.427792 0.903877 -0.0200439 2.61999 -1.77882</i>
                        <i>1.05598e-016 0.904701 0.426047 -1 1.11022e-016 1.38778e-017 -3.69822e-017 -0.426047 0.904701 -0.0200439 2.61944 -1.77892</i>
                        <i>-2.90851e-018 0.905515 0.424314 -1 0 1.38778e-017 -1.35696e-017 -0.424314 0.905515 -0.0200439 2.61884 -1.77901</i>
                        <i>2.08505e-016 0.906313 0.422606 -1 2.22045e-016 0 -8.69642e-017 -0.422606 0.906313 -0.0200439 2.6182 -1.77911</i>
                        <i>2.11492e-016 0.907089 0.420939 -1 2.22045e-016 0 -7.31128e-017 -0.420939 0.907089 -0.0200439 2.61751 -1.7792</i>
                        <i>2.05874e-016 0.907836 0.419325 -1 2.22045e-016 -1.38778e-017 -1.00006e-016 -0.419325 0.907836 -0.0200439 2.61679 -1.77929</i>
                        <i>2.08834e-016 0.908549 0.417778 -1 2.22045e-016 0 -8.61706e-017 -0.417778 0.908549 -0.0200439 2.61603 -1.77937</i>
                        <i>1.03055e-016 0.909221 0.416313 -1 1.11022e-016 0 -4.97587e-017 -0.416313 0.909221 -0.0200439 2.61523 -1.77946</i>
                        <i>-8.42485e-018 0.909848 0.414943 -1 0 -1.38778e-017 -4.0772e-017 -0.414943 0.909848 -0.0200439 2.61441 -1.77953</i>
                        <i>2.147e-016 0.910422 0.413681 -1 2.22045e-016 1.38778e-017 -5.83104e-017 -0.413681 0.910422 -0.0200439 2.61356 -1.7796</i>
                        <i>-2.78266e-018 0.910938 0.412543 -1 0 1.38778e-017 -1.35959e-017 -0.412543 0.910938 -0.0200439 2.61268 -1.77966</i>
                        <i>2.12026e-016 0.911391 0.411542 -1 2.22045e-016 0 -7.15477e-017 -0.411542 0.911391 -0.0200439 2.61179 -1.77972</i>
                        <i>2.09311e-016 0.911775 0.410691 -1 2.22045e-016 -1.38778e-017 -8.50061e-017 -0.410691 0.911775 -0.0200439 2.61088 -1.77976</i>
                        <i>2.12112e-016 0.912083 0.410005 -1 2.22045e-016 0 -7.1292e-017 -0.410005 0.912083 -0.0200439 2.60995 -1.7798</i>
                        <i>4.27031e-016 0.912311 0.409499 -1 4.44089e-016 1.38778e-017 -1.28813e-016 -0.409499 0.912311 -0.0200439 2.60902 -1.77983</i>
                        <i>2.12158e-016 0.912452 0.409184 -1 2.22045e-016 0 -7.11553e-017 -0.409184 0.912452 -0.0200439 2.60808 -1.77985</i>
                        <i>2.12164e-016 0.9125 0.409076 -1 2.22045e-016 0 -7.11374e-017 -0.409076 0.9125 -0.0200439 2.60713 -1.77985</i>
                        <i>2.09412e-016 0.912453 0.409182 -1 2.22045e-016 0 -8.47582e-017 -0.409182 0.912453 -0.0200439 2.60619 -1.77985</i>
                        <i>2.09391e-016 0.912315 0.40949 -1 2.22045e-016 0 -8.48088e-017 -0.40949 0.912315 -0.0200439 2.60524 -1.77983</i>
                        <i>-5.51075e-018 0.912091 0.409988 -1 0 0 -2.7203e-017 -0.409988 0.912091 -0.0200439 2.60431 -1.7798</i>
                        <i>1.06038e-016 0.911788 0.410661 -1 1.11022e-016 1.38778e-017 -3.57006e-017 -0.410661 0.911788 -0.0200439 2.60338 -1.77977</i>
                        <i>1.00471e-016 0.911411 0.411497 -1 1.11022e-016 0 -6.29666e-017 -0.411497 0.911411 -0.0200439 2.60247 -1.77972</i>
                        <i>-5.56401e-018 0.910966 0.412482 -1 0 0 -2.71922e-017 -0.412482 0.910966 -0.0200439 2.60157 -1.77967</i>
                        <i>1.05955e-016 0.910457 0.413603 -1 1.11022e-016 1.38778e-017 -3.59454e-017 -0.413603 0.910457 -0.0200439 2.60069 -1.7796</i>
                        <i>-8.42176e-018 0.909892 0.414846 -1 0 0 -4.07727e-017 -0.414846 0.909892 -0.0200439 2.59984 -1.77954</i>
                        <i>1.00238e-016 0.909274 0.416198 -1 1.11022e-016 -1.38778e-017 -6.33373e-017 -0.416198 0.909274 -0.0200439 2.59901 -1.77946</i>
                        <i>1.03003e-016 0.90861 0.417647 -1 1.11022e-016 0 -4.98668e-017 -0.417647 0.90861 -0.0200439 2.59821 -1.77938</i>
                        <i>2.14446e-016 0.907904 0.419177 -1 2.22045e-016 1.38778e-017 -5.9238e-017 -0.419177 0.907904 -0.0200439 2.59744 -1.7793</i>
                        <i>1.00009e-016 0.907164 0.420777 -1 1.11022e-016 0 -6.36982e-017 -0.420777 0.907164 -0.0200439 2.59671 -1.77921</i>
                        <i>2.11405e-016 0.906395 0.422432 -1 2.22045e-016 0 -7.33617e-017 -0.422432 0.906395 -0.0200439 2.59602 -1.77912</i>
                        <i>-8.71963e-018 0.905601 0.42413 -1 0 0 -4.071e-017 -0.42413 0.905601 -0.0200439 2.59537 -1.77902</i>
                        <i>-8.77512e-018 0.90479 0.425857 -1 0 -1.38778e-017 -4.06981e-017 -0.425857 0.90479 -0.0200439 2.59476 -1.77893</i>
                        <i>-2.94372e-018 0.903968 0.427601 -1 0 1.38778e-017 -1.3562e-017 -0.427601 0.903968 -0.0200439 2.59421 -1.77883</i>
                        <i>-8.8873e-018 0.90314 0.429347 -1 0 0 -4.06737e-017 -0.429347 0.90314 -0.0200439 2.59371 -1.77873</i>
                        <i>1.02469e-016 0.902312 0.431083 -1 1.11022e-016 0 -5.09561e-017 -0.431083 0.902312 -0.0200439 2.59326 -1.77864</i>
                        <i>9.93999e-017 0.901492 0.432797 -1 1.11022e-016 -1.38778e-017 -6.46447e-017 -0.432797 0.901492 -0.0200439 2.59287 -1.77854</i>
                        <i>2.0768e-016 0.900684 0.434474 -1 2.22045e-016 0 -8.89161e-017 -0.434474 0.900684 -0.0200439 2.59255 -1.77845</i>
                        <i>2.106e-016 0.899897 0.436102 -1 2.22045e-016 0 -7.56422e-017 -0.436102 0.899897 -0.0200439 2.59229 -1.77836</i>
                        <i>-9.15516e-018 0.899136 0.437668 -1 0 -1.38778e-017 -4.06143e-017 -0.437668 0.899136 -0.0200439 2.5921 -1.77827</i>
                        <i>1.05208e-016 0.898409 0.43916 -1 1.11022e-016 1.38778e-017 -3.80764e-017 -0.43916 0.898409 -0.0200439 2.59198 -1.77818</i>
                        <i>2.13414e-016 0.897722 0.440563 -1 2.22045e-016 1.38778e-017 -6.28562e-017 -0.440563 0.897722 -0.0200439 2.59194 -1.7781</i>
                        <i>9.89264e-017 0.897025 0.441979 -1 1.11022e-016 0 -6.5367e-017 -0.441979 0.897025 -0.0200439 2.59198 -1.77802</i>
                        <i>9.88471e-017 0.896272 0.443505 -1 1.11022e-016 -1.38778e-017 -6.5487e-017 -0.443505 0.896272 -0.0200439 2.59209 -1.77794</i>
                        <i>-6.26376e-018 0.895468 0.445125 -1 0 0 -2.70396e-017 -0.445125 0.895468 -0.0200439 2.59227 -1.77785</i>
                        <i>-9.4505e-018 0.894622 0.446824 -1 1.11022e-016 0 -4.05466e-017 -0.446824 0.894622 -0.0200439 2.59252 -1.77775</i>
                        <i>9.85813e-017 0.893739 0.448587 -1 1.11022e-016 0 -6.58864e-017 -0.448587 0.893739 -0.0200439 2.59284 -1.77765</i>
                        <i>-6.37731e-018 0.892828 0.450398 -1 0 0 -2.7013e-017 -0.450398 0.892828 -0.0200439 2.59322 -1.77755</i>
                        <i>1.01597e-016 0.891895 0.452242 -1 1.11022e-016 0 -5.26718e-017 -0.452242 0.891895 -0.0200439 2.59366 -1.77744</i>
                        <i>-9.68581e-018 0.890949 0.454104 -1 0 0 -4.0491e-017 -0.454104 0.890949 -0.0200439 2.59416 -1.77734</i>
                        <i>9.81913e-017 0.889996 0.455969 -1 1.11022e-016 0 -6.64663e-017 -0.455969 0.889996 -0.0200439 2.5947 -1.77723</i>
                        <i>2.05991e-016 0.889044 0.457821 -1 2.22045e-016 -1.38778e-017 -9.27613e-017 -0.457821 0.889044 -0.0200439 2.5953 -1.77712</i>
                        <i>2.12433e-016 0.888103 0.459645 -1 2.22045e-016 1.38778e-017 -6.6097e-017 -0.459645 0.888103 -0.0200439 2.59594 -1.77702</i>
                        <i>2.0903e-016 0.887178 0.461427 -1 2.22045e-016 0 -7.98781e-017 -0.461427 0.887178 -0.0200439 2.59663 -1.77692</i>
                        <i>1.98941e-016 0.886279 0.463152 -1 2.22045e-016 -1.38778e-017 -1.20587e-016 -0.463152 0.886279 -0.0200439 2.59735 -1.77682</i>
                        <i>-1.00324e-017 0.885414 0.464804 -1 0 0 -4.04065e-017 -0.464804 0.885414 -0.0200439 2.59811 -1.77672</i>
                        <i>2.05351e-016 0.884591 0.466368 -1 2.22045e-016 0 -9.4171e-017 -0.466368 0.884591 -0.0200439 2.59891 -1.77663</i>
                        <i>2.0524e-016 0.883818 0.467831 -1 2.22045e-016 0 -9.44123e-017 -0.467831 0.883818 -0.0200439 2.59973 -1.77655</i>
                        <i>2.05138e-016 0.883104 0.469177 -1 2.22045e-016 0 -9.46344e-017 -0.469177 0.883104 -0.0200439 2.60058 -1.77647</i>
                        <i>2.05045e-016 0.882458 0.470391 -1 2.22045e-016 0 -9.48347e-017 -0.470391 0.882458 -0.0200439 2.60145 -1.7764</i>
                        <i>9.73575e-017 0.881888 0.471459 -1 1.11022e-016 0 -6.76816e-017 -0.471459 0.881888 -0.0200439 2.60235 -1.77634</i>
                        <i>1.00734e-016 0.881403 0.472365 -1 1.11022e-016 0 -5.43045e-017 -0.472365 0.881403 -0.0200439 2.60326 -1.77628</i>
                        <i>-1.03018e-017 0.881011 0.473097 -1 0 0 -4.03387e-017 -0.473097 0.881011 -0.0200439 2.60418 -1.77624</i>
                        <i>2.04796e-016 0.88072 0.473637 -1 2.22045e-016 -1.38778e-017 -9.53706e-017 -0.473637 0.88072 -0.0200439 2.60512 -1.77621</i>
                        <i>2.04771e-016 0.88054 0.473972 -1 2.22045e-016 -1.38778e-017 -9.5426e-017 -0.473972 0.88054 -0.0200439 2.60606 -1.77619</i>
                        <i>1.04103e-016 0.880478 0.474087 -1 1.11022e-016 1.38778e-017 -4.10007e-017 -0.474087 0.880478 -0.0200439 2.607 -1.77618</i>
