<?xml version="1.0" encoding="ISO-8859-1" ?>
<Animl Version="1">
    <ModellingPackage><![CDATA[Maya.2010]]></ModellingPackage>
    <SrcFile><![CDATA[anims\turrets\machinegun\red\~src\mgun_balkan\mgun_balkan_idle_alt_crewman_b.mb]]></SrcFile>
    <FramesPerSecond>30</FramesPerSecond>
    <TotalFrames>65</TotalFrames>
    <Skeleton>
        <RefFrame>
            <Name><![CDATA[soldier_ref_frame]]></Name>
            <Exclude>0</Exclude>
            <Additive>0</Additive>
            <IKPriority>0</IKPriority>
            <IKRotLimits>-1e+010 -1e+010 -1e+010 1e+010 1e+010 1e+010</IKRotLimits>
            <IKRotLimitOrder>0</IKRotLimitOrder>
            <KeyFrames count="65">
                <i>1 0 0 0 1 0 0 0 1 -1.7653 0.945679 0.435447</i>
                <i>1 0 0 0 1 0 0 0 1 -1.7653 0.945679 0.435447</i>
                <i>1 0 0 0 1 0 0 0 1 -1.7653 0.945679 0.435447</i>
                <i>1 0 0 0 1 0 0 0 1 -1.7653 0.945679 0.435447</i>
                <i>1 0 0 0 1 0 0 0 1 -1.7653 0.945679 0.435447</i>
                <i>1 0 0 0 1 0 0 0 1 -1.7653 0.945679 0.435447</i>
                <i>1 0 0 0 1 0 0 0 1 -1.7653 0.945679 0.435447</i>
                <i>1 0 0 0 1 0 0 0 1 -1.7653 0.945679 0.435447</i>
                <i>1 0 0 0 1 0 0 0 1 -1.7653 0.945679 0.435447</i>
                <i>1 0 0 0 1 0 0 0 1 -1.7653 0.945679 0.435447</i>
                <i>1 0 0 0 1 0 0 0 1 -1.7653 0.945679 0.435447</i>
                <i>1 0 0 0 1 0 0 0 1 -1.7653 0.945679 0.435447</i>
                <i>1 0 0 0 1 0 0 0 1 -1.7653 0.945679 0.435447</i>
                <i>1 0 0 0 1 0 0 0 1 -1.7653 0.945679 0.435447</i>
                <i>1 0 0 0 1 0 0 0 1 -1.7653 0.945679 0.435447</i>
                <i>1 0 0 0 1 0 0 0 1 -1.7653 0.945679 0.435447</i>
                <i>1 0 0 0 1 0 0 0 1 -1.7653 0.945679 0.435447</i>
                <i>1 0 0 0 1 0 0 0 1 -1.7653 0.945679 0.435447</i>
                <i>1 0 0 0 1 0 0 0 1 -1.7653 0.945679 0.435447</i>
                <i>1 0 0 0 1 0 0 0 1 -1.7653 0.945679 0.435447</i>
                <i>1 0 0 0 1 0 0 0 1 -1.7653 0.945679 0.435447</i>
                <i>1 0 0 0 1 0 0 0 1 -1.7653 0.945679 0.435447</i>
                <i>1 0 0 0 1 0 0 0 1 -1.7653 0.945679 0.435447</i>
                <i>1 0 0 0 1 0 0 0 1 -1.7653 0.945679 0.435447</i>
                <i>1 0 0 0 1 0 0 0 1 -1.7653 0.945679 0.435447</i>
                <i>1 0 0 0 1 0 0 0 1 -1.7653 0.945679 0.435447</i>
                <i>1 0 0 0 1 0 0 0 1 -1.7653 0.945679 0.435447</i>
                <i>1 0 0 0 1 0 0 0 1 -1.7653 0.945679 0.435447</i>
                <i>1 0 0 0 1 0 0 0 1 -1.7653 0.945679 0.435447</i>
                <i>1 0 0 0 1 0 0 0 1 -1.7653 0.945679 0.435447</i>
                <i>1 0 0 0 1 0 0 0 1 -1.7653 0.945679 0.435447</i>
                <i>1 0 0 0 1 0 0 0 1 -1.7653 0.945679 0.435447</i>
                <i>1 0 0 0 1 0 0 0 1 -1.7653 0.945679 0.435447</i>
                <i>1 0 0 0 1 0 0 0 1 -1.7653 0.945679 0.435447</i>
                <i>1 0 0 0 1 0 0 0 1 -1.7653 0.945679 0.435447</i>
                <i>1 0 0 0 1 0 0 0 1 -1.7653 0.945679 0.435447</i>
                <i>1 0 0 0 1 0 0 0 1 -1.7653 0.945679 0.435447</i>
                <i>1 0 0 0 1 0 0 0 1 -1.7653 0.945679 0.435447</i>
                <i>1 0 0 0 1 0 0 0 1 -1.7653 0.945679 0.435447</i>
                <i>1 0 0 0 1 0 0 0 1 -1.7653 0.945679 0.435447</i>
                <i>1 0 0 0 1 0 0 0 1 -1.7653 0.945679 0.435447</i>
                <i>1 0 0 0 1 0 0 0 1 -1.7653 0.945679 0.435447</i>
                <i>1 0 0 0 1 0 0 0 1 -1.7653 0.945679 0.435447</i>
                <i>1 0 0 0 1 0 0 0 1 -1.7653 0.945679 0.435447</i>
                <i>1 0 0 0 1 0 0 0 1 -1.7653 0.945679 0.435447</i>
                <i>1 0 0 0 1 0 0 0 1 -1.7653 0.945679 0.435447</i>
                <i>1 0 0 0 1 0 0 0 1 -1.7653 0.945679 0.435447</i>
                <i>1 0 0 0 1 0 0 0 1 -1.7653 0.945679 0.435447</i>
                <i>1 0 0 0 1 0 0 0 1 -1.7653 0.945679 0.435447</i>
                <i>1 0 0 0 1 0 0 0 1 -1.7653 0.945679 0.435447</i>
                <i>1 0 0 0 1 0 0 0 1 -1.7653 0.945679 0.435447</i>
                <i>1 0 0 0 1 0 0 0 1 -1.7653 0.945679 0.435447</i>
                <i>1 0 0 0 1 0 0 0 1 -1.7653 0.945679 0.435447</i>
                <i>1 0 0 0 1 0 0 0 1 -1.7653 0.945679 0.435447</i>
                <i>1 0 0 0 1 0 0 0 1 -1.7653 0.945679 0.435447</i>
                <i>1 0 0 0 1 0 0 0 1 -1.7653 0.945679 0.435447</i>
                <i>1 0 0 0 1 0 0 0 1 -1.7653 0.945679 0.435447</i>
                <i>1 0 0 0 1 0 0 0 1 -1.7653 0.945679 0.435447</i>
                <i>1 0 0 0 1 0 0 0 1 -1.7653 0.945679 0.435447</i>
                <i>1 0 0 0 1 0 0 0 1 -1.7653 0.945679 0.435447</i>
                <i>1 0 0 0 1 0 0 0 1 -1.7653 0.945679 0.435447</i>
                <i>1 0 0 0 1 0 0 0 1 -1.7653 0.945679 0.435447</i>
                <i>1 0 0 0 1 0 0 0 1 -1.7653 0.945679 0.435447</i>
                <i>1 0 0 0 1 0 0 0 1 -1.7653 0.945679 0.435447</i>
                <i>1 0 0 0 1 0 0 0 1 -1.7653 0.945679 0.435447</i>
            </KeyFrames>
        </RefFrame>
        <Bones count="23">
            <i>
                <p>
                    <Name><![CDATA[pelvis]]></Name>
                    <Exclude>0</Exclude>
                    <Additive>0</Additive>
                    <IKPriority>0</IKPriority>
                    <IKRotLimits>-1e+010 -1e+010 -1e+010 1e+010 1e+010 1e+010</IKRotLimits>
                    <IKRotLimitOrder>2</IKRotLimitOrder>
                    <KeyFrames count="65">
                        <i>1 0 0 0 1 0 0 0 1 -1.7653 1.5529 0.682025</i>
                        <i>1 0 0 0 1 0 0 0 1 -1.7653 1.55288 0.682025</i>
                        <i>1 0 0 0 1 0 0 0 1 -1.7653 1.55282 0.682025</i>
                        <i>1 0 0 0 1 0 0 0 1 -1.7653 1.55274 0.682025</i>
                        <i>1 0 0 0 1 0 0 0 1 -1.7653 1.55262 0.682025</i>
                        <i>1 0 0 0 1 0 0 0 1 -1.7653 1.55247 0.682025</i>
                        <i>1 0 0 0 1 0 0 0 1 -1.7653 1.55229 0.682025</i>
                        <i>1 0 0 0 1 0 0 0 1 -1.7653 1.55209 0.682025</i>
                        <i>1 0 0 0 1 0 0 0 1 -1.7653 1.55186 0.682025</i>
                        <i>1 0 0 0 1 0 0 0 1 -1.7653 1.55161 0.682025</i>
                        <i>1 0 0 0 1 0 0 0 1 -1.7653 1.55135 0.682025</i>
                        <i>1 0 0 0 1 0 0 0 1 -1.7653 1.55106 0.682025</i>
                        <i>1 0 0 0 1 0 0 0 1 -1.7653 1.55076 0.682025</i>
                        <i>1 0 0 0 1 0 0 0 1 -1.7653 1.55044 0.682025</i>
                        <i>1 0 0 0 1 0 0 0 1 -1.7653 1.55012 0.682025</i>
                        <i>1 0 0 0 1 0 0 0 1 -1.7653 1.54979 0.682025</i>
                        <i>1 0 0 0 1 0 0 0 1 -1.7653 1.54946 0.682025</i>
                        <i>1 0 0 0 1 0 0 0 1 -1.7653 1.54913 0.682025</i>
                        <i>1 0 0 0 1 0 0 0 1 -1.7653 1.5488 0.682025</i>
                        <i>1 0 0 0 1 0 0 0 1 -1.7653 1.54847 0.682025</i>
                        <i>1 0 0 0 1 0 0 0 1 -1.7653 1.54815 0.682025</i>
                        <i>1 0 0 0 1 0 0 0 1 -1.7653 1.54784 0.682025</i>
                        <i>1 0 0 0 1 0 0 0 1 -1.7653 1.54754 0.682025</i>
                        <i>1 0 0 0 1 0 0 0 1 -1.7653 1.54725 0.682025</i>
                        <i>1 0 0 0 1 0 0 0 1 -1.7653 1.54699 0.682025</i>
                        <i>1 0 0 0 1 0 0 0 1 -1.7653 1.54674 0.682025</i>
                        <i>1 0 0 0 1 0 0 0 1 -1.7653 1.54651 0.682025</i>
                        <i>1 0 0 0 1 0 0 0 1 -1.7653 1.54631 0.682025</i>
                        <i>1 0 0 0 1 0 0 0 1 -1.7653 1.54613 0.682025</i>
                        <i>1 0 0 0 1 0 0 0 1 -1.7653 1.54599 0.682025</i>
                        <i>1 0 0 0 1 0 0 0 1 -1.7653 1.54588 0.682025</i>
                        <i>1 0 0 0 1 0 0 0 1 -1.7653 1.5458 0.682025</i>
                        <i>1 0 0 0 1 0 0 0 1 -1.7653 1.54576 0.682025</i>
                        <i>1 0 0 0 1 0 0 0 1 -1.7653 1.54576 0.682025</i>
                        <i>1 0 0 0 1 0 0 0 1 -1.7653 1.5458 0.682025</i>
                        <i>1 0 0 0 1 0 0 0 1 -1.7653 1.54587 0.682025</i>
                        <i>1 0 0 0 1 0 0 0 1 -1.7653 1.54598 0.682025</i>
                        <i>1 0 0 0 1 0 0 0 1 -1.7653 1.54611 0.682025</i>
                        <i>1 0 0 0 1 0 0 0 1 -1.7653 1.54628 0.682025</i>
                        <i>1 0 0 0 1 0 0 0 1 -1.7653 1.54647 0.682025</i>
                        <i>1 0 0 0 1 0 0 0 1 -1.7653 1.54668 0.682025</i>
                        <i>1 0 0 0 1 0 0 0 1 -1.7653 1.54692 0.682025</i>
                        <i>1 0 0 0 1 0 0 0 1 -1.7653 1.54717 0.682025</i>
                        <i>1 0 0 0 1 0 0 0 1 -1.7653 1.54744 0.682025</i>
                        <i>1 0 0 0 1 0 0 0 1 -1.7653 1.54772 0.682025</i>
                        <i>1 0 0 0 1 0 0 0 1 -1.7653 1.54802 0.682025</i>
                        <i>1 0 0 0 1 0 0 0 1 -1.7653 1.54832 0.682025</i>
                        <i>1 0 0 0 1 0 0 0 1 -1.7653 1.54863 0.682025</i>
                        <i>1 0 0 0 1 0 0 0 1 -1.7653 1.54895 0.682025</i>
                        <i>1 0 0 0 1 0 0 0 1 -1.7653 1.54927 0.682025</i>
                        <i>1 0 0 0 1 0 0 0 1 -1.7653 1.54959 0.682025</i>
                        <i>1 0 0 0 1 0 0 0 1 -1.7653 1.54992 0.682025</i>
                        <i>1 0 0 0 1 0 0 0 1 -1.7653 1.55025 0.682025</i>
                        <i>1 0 0 0 1 0 0 0 1 -1.7653 1.55057 0.682025</i>
                        <i>1 0 0 0 1 0 0 0 1 -1.7653 1.55089 0.682025</i>
                        <i>1 0 0 0 1 0 0 0 1 -1.7653 1.55119 0.682025</i>
                        <i>1 0 0 0 1 0 0 0 1 -1.7653 1.55148 0.682025</i>
                        <i>1 0 0 0 1 0 0 0 1 -1.7653 1.55176 0.682025</i>
                        <i>1 0 0 0 1 0 0 0 1 -1.7653 1.55201 0.682025</i>
                        <i>1 0 0 0 1 0 0 0 1 -1.7653 1.55224 0.682025</i>
                        <i>1 0 0 0 1 0 0 0 1 -1.7653 1.55244 0.682025</i>
                        <i>1 0 0 0 1 0 0 0 1 -1.7653 1.55261 0.682025</i>
                        <i>1 0 0 0 1 0 0 0 1 -1.7653 1.55274 0.682025</i>
                        <i>1 0 0 0 1 0 0 0 1 -1.7653 1.55284 0.682025</i>
                        <i>1 0 0 0 1 0 0 0 1 -1.7653 1.5529 0.682025</i>
                    </KeyFrames>
                </p>
            </i>
            <i>
                <p>
                    <Name><![CDATA[spine0]]></Name>
                    <Exclude>0</Exclude>
                    <Additive>0</Additive>
                    <IKPriority>0</IKPriority>
                    <IKRotLimits>-1e+010 -1e+010 -1e+010 1e+010 1e+010 1e+010</IKRotLimits>
                    <IKRotLimitOrder>0</IKRotLimitOrder>
                    <KeyFrames count="65">
                        <i>-0.0346424 0.981469 0.188462 -0.999292 -0.0312531 -0.0209271 -0.0146492 -0.189053 0.981858 -1.77623 1.68068 0.616848</i>
                        <i>-0.0354686 0.982627 0.18217 -0.999309 -0.0328451 -0.017399 -0.0111134 -0.182661 0.983113 -1.77665 1.68044 0.616494</i>
                        <i>-0.036516 0.983852 0.175219 -0.999309 -0.0347226 -0.0132913 -0.00699266 -0.175583 0.98444 -1.7771 1.68015 0.616101</i>
                        <i>-0.0377836 0.985097 0.167798 -0.999283 -0.036843 -0.00871606 -0.00240397 -0.168007 0.985783 -1.77757 1.67979 0.615678</i>
                        <i>-0.0392566 0.98632 0.1601 -0.999226 -0.0391557 -0.0037861 0.00253453 -0.160125 0.987094 -1.77805 1.6794 0.615238</i>
                        <i>-0.0409052 0.987484 0.152319 -0.999133 -0.0416013 0.00138444 0.0077038 -0.152131 0.98833 -1.77852 1.67896 0.61479</i>
                        <i>-0.0426846 0.988561 0.144652 -0.999004 -0.044113 0.00667994 0.0129846 -0.144223 0.98946 -1.77898 1.6785 0.614346</i>
                        <i>-0.0445353 0.989529 0.137294 -0.998841 -0.0466171 0.0119832 0.018258 -0.136602 0.990458 -1.7794 1.67802 0.613917</i>
                        <i>-0.0463847 0.99037 0.130442 -0.998649 -0.0490347 0.0171755 0.0234063 -0.129469 0.991307 -1.77978 1.67753 0.613511</i>
                        <i>-0.0481501 0.991077 0.12429 -0.998439 -0.0512839 0.0221366 0.0283131 -0.12303 0.991999 -1.78011 1.67704 0.61314</i>
                        <i>-0.0497411 0.991644 0.119029 -0.998221 -0.0532813 0.026745 0.0328635 -0.117487 0.99253 -1.78036 1.67656 0.612814</i>
                        <i>-0.0510643 0.992069 0.114852 -0.998012 -0.054945 0.0308787 0.0369444 -0.113047 0.992903 -1.78053 1.67611 0.612543</i>
                        <i>-0.0520274 0.992351 0.111947 -0.997826 -0.0561969 0.0344156 0.0404435 -0.109913 0.993118 -1.78061 1.67568 0.612337</i>
                        <i>-0.052776 0.992554 0.109775 -0.997653 -0.057209 0.0376306 0.0436305 -0.107532 0.993244 -1.78063 1.67527 0.612167</i>
                        <i>-0.0535124 0.992745 0.107675 -0.997468 -0.0581995 0.0408668 0.0468369 -0.105215 0.993346 -1.78064 1.67485 0.612</i>
                        <i>-0.0542333 0.992923 0.105651 -0.997274 -0.0591639 0.0441049 0.0500435 -0.102971 0.993425 -1.78065 1.67443 0.611836</i>
                        <i>-0.0549355 0.993089 0.10371 -0.99707 -0.060098 0.0473252 0.0532309 -0.100806 0.993481 -1.78065 1.67401 0.611676</i>
                        <i>-0.0556158 0.993243 0.101856 -0.996859 -0.0609979 0.0505082 0.05638 -0.0987272 0.993516 -1.78064 1.67359 0.611521</i>
                        <i>-0.0562709 0.993385 0.100095 -0.996643 -0.0618597 0.0536342 0.0594713 -0.0967408 0.993531 -1.78063 1.67317 0.611371</i>
                        <i>-0.0568977 0.993516 0.0984313 -0.996423 -0.06268 0.0566833 0.0624854 -0.094854 0.993528 -1.78061 1.67277 0.611228</i>
                        <i>-0.0574929 0.993635 0.0968705 -0.996201 -0.0634553 0.0596357 0.065403 -0.0930739 0.993509 -1.78059 1.67237 0.611091</i>
                        <i>-0.0580534 0.993743 0.0954176 -0.995981 -0.0641826 0.0624713 0.0682046 -0.0914074 0.993475 -1.78056 1.67199 0.610961</i>
                        <i>-0.0585762 0.99384 0.0940775 -0.995764 -0.0648587 0.0651702 0.0708705 -0.0898615 0.99343 -1.78054 1.67162 0.61084</i>
                        <i>-0.0590581 0.993927 0.0928551 -0.995554 -0.0654807 0.0677124 0.0733814 -0.0884433 0.993375 -1.78051 1.67128 0.610728</i>
                        <i>-0.0594962 0.994003 0.0917555 -0.995353 -0.0660458 0.0700777 0.0757174 -0.0871597 0.993313 -1.78048 1.67095 0.610625</i>
                        <i>-0.0598874 0.994068 0.0907834 -0.995164 -0.0665513 0.0722459 0.0778591 -0.0860177 0.993247 -1.78045 1.67065 0.610532</i>
                        <i>-0.0602289 0.994124 0.0899437 -0.994991 -0.0669944 0.074197 0.0797868 -0.0850244 0.993179 -1.78042 1.67038 0.61045</i>
                        <i>-0.0605177 0.99417 0.0892414 -0.994836 -0.0673724 0.0759109 0.0814807 -0.0841866 0.993113 -1.78039 1.67015 0.61038</i>
                        <i>-0.0607512 0.994206 0.0886813 -0.994703 -0.0676825 0.0773674 0.0829213 -0.0835113 0.993051 -1.78036 1.66994 0.610321</i>
                        <i>-0.0609265 0.994232 0.0882683 -0.994594 -0.0679221 0.0785464 0.0840887 -0.0830055 0.992995 -1.78033 1.66977 0.610276</i>
                        <i>-0.0610412 0.994248 0.0880073 -0.994513 -0.0680881 0.0794278 0.0849632 -0.082676 0.992948 -1.78031 1.66965 0.610244</i>
                        <i>-0.0610927 0.994254 0.0879035 -0.994461 -0.0681776 0.0799918 0.0855252 -0.0825297 0.992912 -1.78028 1.66956 0.610226</i>
                        <i>-0.0610785 0.99425 0.0879617 -0.994442 -0.0681873 0.0802182 0.0857548 -0.0825733 0.992889 -1.78026 1.66952 0.610222</i>
                        <i>-0.0609974 0.994235 0.0881854 -0.994457 -0.0681151 0.0800939 0.0856389 -0.0828111 0.992879 -1.78025 1.66953 0.610234</i>
                        <i>-0.0608511 0.994209 0.0885706 -0.994505 -0.0679633 0.0796311 0.0851896 -0.0832383 0.992882 -1.78023 1.66958 0.610261</i>
                        <i>-0.0606426 0.994174 0.0891116 -0.994583 -0.0677351 0.078849 0.0844256 -0.0838473 0.992896 -1.78022 1.66968 0.610301</i>
                        <i>-0.0603749 0.994128 0.0898027 -0.994688 -0.0674338 0.0777667 0.0833658 -0.0846305 0.992919 -1.78021 1.66982 0.610355</i>
                        <i>-0.0600509 0.994072 0.0906383 -0.994819 -0.0670624 0.0764033 0.0820287 -0.0855806 0.992949 -1.78021 1.67 0.610422</i>
                        <i>-0.0596738 0.994005 0.0916129 -0.994972 -0.0666238 0.074778 0.0804333 -0.08669 0.992983 -1.7802 1.67021 0.610501</i>
                        <i>-0.0592468 0.993928 0.0927209 -0.995144 -0.0661209 0.0729101 0.0785981 -0.087951 0.993019 -1.7802 1.67045 0.610591</i>
                        <i>-0.0587732 0.99384 0.0939568 -0.995333 -0.0655566 0.0708188 0.0765421 -0.089356 0.993054 -1.7802 1.67072 0.610692</i>
                        <i>-0.0582562 0.993741 0.0953152 -0.995534 -0.0649338 0.0685235 0.0742838 -0.0908976 0.993086 -1.78019 1.67102 0.610802</i>
                        <i>-0.0576993 0.993631 0.0967904 -0.995746 -0.0642554 0.0660435 0.0718422 -0.0925679 0.993111 -1.78019 1.67134 0.610923</i>
                        <i>-0.0571056 0.993509 0.0983769 -0.995965 -0.0635244 0.063398 0.0692358 -0.0943595 0.993128 -1.78019 1.67169 0.611052</i>
                        <i>-0.0564787 0.993376 0.100069 -0.996188 -0.0627438 0.0606062 0.0664835 -0.0962646 0.993133 -1.78018 1.67205 0.611189</i>
                        <i>-0.0558218 0.993231 0.101861 -0.996413 -0.0619168 0.0576875 0.063604 -0.0982758 0.993125 -1.78017 1.67243 0.611334</i>
                        <i>-0.0551385 0.993074 0.103748 -0.996637 -0.0610468 0.054661 0.060616 -0.100385 0.9931 -1.78017 1.67282 0.611485</i>
                        <i>-0.0544319 0.992905 0.105724 -0.996858 -0.0601372 0.0515458 0.057538 -0.102586 0.993059 -1.78015 1.67322 0.611642</i>
                        <i>-0.0537056 0.992723 0.107782 -0.997074 -0.0591917 0.0483611 0.054389 -0.10487 0.992998 -1.78014 1.67363 0.611805</i>
                        <i>-0.0528527 0.992496 0.110265 -0.9973 -0.0580981 0.044911 0.0509802 -0.107594 0.992887 -1.7801 1.67406 0.611991</i>
                        <i>-0.0517897 0.992191 0.113466 -0.997544 -0.0567616 0.0410325 0.0471525 -0.111062 0.992694 -1.78001 1.67452 0.612217</i>
                        <i>-0.0505566 0.991808 0.117304 -0.997796 -0.0552134 0.0367931 0.0429685 -0.115186 0.992414 -1.77987 1.67501 0.612477</i>
                        <i>-0.0491937 0.991347 0.121702 -0.998047 -0.0534867 0.0322606 0.0384909 -0.119878 0.992042 -1.7797 1.67552 0.612767</i>
                        <i>-0.0477415 0.990807 0.126579 -0.998288 -0.0516155 0.0275025 0.0337831 -0.125049 0.991575 -1.7795 1.67604 0.613083</i>
                        <i>-0.0462386 0.99019 0.131854 -0.998512 -0.0496347 0.0225857 0.0289087 -0.130614 0.991012 -1.77926 1.67657 0.613419</i>
                        <i>-0.0447217 0.989499 0.137447 -0.998713 -0.0475797 0.0175771 0.0239322 -0.136484 0.990353 -1.779 1.67709 0.613771</i>
                        <i>-0.0432245 0.988739 0.143274 -0.998886 -0.0454857 0.0125427 0.0189184 -0.142573 0.989604 -1.77872 1.67761 0.614134</i>
                        <i>-0.0417772 0.987916 0.149254 -0.99903 -0.0433875 0.00754801 0.0139326 -0.148794 0.98877 -1.77842 1.67811 0.614503</i>
                        <i>-0.0404055 0.98704 0.155305 -0.999142 -0.0413192 0.00265794 0.00904055 -0.155064 0.987863 -1.77812 1.67859 0.614874</i>
                        <i>-0.0391311 0.986122 0.161342 -0.999225 -0.0393135 -0.00206331 0.00430823 -0.161297 0.986896 -1.7778 1.67904 0.615241</i>
                        <i>-0.0379708 0.985177 0.167283 -0.999279 -0.0374017 -0.00655209 -0.00019828 -0.167411 0.985887 -1.77748 1.67946 0.615599</i>
                        <i>-0.0369365 0.984221 0.173047 -0.999308 -0.0356134 -0.0107453 -0.00441297 -0.173324 0.984855 -1.77716 1.67984 0.615945</i>
                        <i>-0.0360356 0.98327 0.178552 -0.999316 -0.033976 -0.0145804 -0.00826999 -0.178955 0.983823 -1.77684 1.68018 0.616271</i>
                        <i>-0.0352712 0.982346 0.183716 -0.999309 -0.0325149 -0.017995 -0.0117038 -0.184224 0.982815 -1.77653 1.68046 0.616574</i>
                        <i>-0.0346424 0.981469 0.188462 -0.999292 -0.0312531 -0.0209271 -0.0146492 -0.189053 0.981858 -1.77623 1.68068 0.616848</i>
                    </KeyFrames>
                </p>
            </i>
            <i>
                <p>
                    <Name><![CDATA[spine1]]></Name>
                    <Exclude>0</Exclude>
                    <Additive>0</Additive>
                    <IKPriority>0</IKPriority>
                    <IKRotLimits>-1e+010 -1e+010 -1e+010 1e+010 1e+010 1e+010</IKRotLimits>
                    <IKRotLimitOrder>0</IKRotLimitOrder>
                    <KeyFrames count="65">
                        <i>0.0661533 0.77229 0.631816 -0.995772 0.0915401 -0.00763189 -0.0637305 -0.62864 0.775081 -1.78246 1.85737 0.650724</i>
                        <i>0.0693644 0.780441 0.621369 -0.996588 0.0821377 0.00808547 -0.0447276 -0.61981 0.783476 -1.78303 1.85719 0.649209</i>
                        <i>0.0721628 0.789354 0.609682 -0.99711 0.0716554 0.0252472 -0.023758 -0.609742 0.792244 -1.78366 1.85693 0.647535</i>
                        <i>0.074375 0.798755 0.597042 -0.997229 0.0604073 0.0434113 -0.00139067 -0.598617 0.801034 -1.78436 1.85662 0.645748</i>
                        <i>0.0758715 0.808371 0.583763 -0.99688 0.0487016 0.0621241 0.0217891 -0.586655 0.809544 -1.78509 1.85624 0.643895</i>
                        <i>0.0765732 0.81794 0.570185 -0.99604 0.0368376 0.0809194 0.045183 -0.574123 0.817521 -1.78585 1.85581 0.642023</i>
                        <i>0.0764559 0.827209 0.556669 -0.994739 0.0251027 0.0993202 0.0681846 -0.561334 0.824776 -1.78662 1.85534 0.640177</i>
                        <i>0.0755491 0.835941 0.543595 -0.993055 0.01377 0.11684 0.0901859 -0.548647 0.831176 -1.78736 1.85484 0.638406</i>
                        <i>0.0739329 0.843917 0.531354 -0.991113 0.00309725 0.132985 0.110582 -0.536464 0.836647 -1.78806 1.85432 0.636753</i>
                        <i>0.0717293 0.850938 0.520345 -0.989076 -0.0066731 0.147256 0.128778 -0.525223 0.841164 -1.7887 1.8538 0.635265</i>
                        <i>0.0690911 0.85682 0.510965 -0.987135 -0.0153117 0.159153 0.144189 -0.515388 0.84474 -1.78923 1.85328 0.633985</i>
                        <i>0.0661866 0.861393 0.503608 -0.985499 -0.022598 0.168172 0.156243 -0.507436 0.847406 -1.78963 1.8528 0.632958</i>
                        <i>0.0631814 0.864492 0.498659 -0.984372 -0.0283141 0.173809 0.164375 -0.501848 0.849193 -1.78987 1.85236 0.632228</i>
                        <i>0.0601207 0.866748 0.49511 -0.983566 -0.0331561 0.177477 0.170244 -0.497643 0.850511 -1.79003 1.85194 0.631667</i>
                        <i>0.0569675 0.868898 0.491702 -0.982764 -0.0379528 0.180928 0.175869 -0.493534 0.851759 -1.79017 1.85152 0.631122</i>
                        <i>0.0537494 0.870938 0.488444 -0.981969 -0.042681 0.184162 0.181241 -0.489535 0.85294 -1.7903 1.85109 0.630594</i>
                        <i>0.0504941 0.872866 0.48534 -0.981185 -0.047318 0.187181 0.186349 -0.48566 0.854054 -1.79042 1.85066 0.630086</i>
                        <i>0.0472288 0.874678 0.482397 -0.980417 -0.0518413 0.189985 0.191184 -0.481923 0.855101 -1.79053 1.85024 0.629598</i>
                        <i>0.0439807 0.876373 0.47962 -0.97967 -0.0562283 0.192576 0.195737 -0.478339 0.856083 -1.79063 1.84982 0.629132</i>
                        <i>0.0407766 0.877948 0.477016 -0.978947 -0.0604569 0.194954 0.199998 -0.474923 0.857 -1.79073 1.84941 0.62869</i>
                        <i>0.0376433 0.879402 0.47459 -0.978255 -0.064505 0.197119 0.20396 -0.47169 0.857851 -1.79081 1.84902 0.628274</i>
                        <i>0.0346071 0.880732 0.472348 -0.977599 -0.0683506 0.19907 0.207613 -0.468656 0.858638 -1.79089 1.84863 0.627884</i>
                        <i>0.0316942 0.88194 0.470296 -0.976983 -0.071972 0.200809 0.210949 -0.465835 0.859359 -1.79095 1.84827 0.627523</i>
                        <i>0.0289303 0.883022 0.468439 -0.976414 -0.0753475 0.202334 0.213961 -0.463244 0.860015 -1.79101 1.84792 0.627192</i>
                        <i>0.0263409 0.883979 0.466785 -0.975896 -0.0784556 0.203646 0.216641 -0.460898 0.860605 -1.79106 1.8476 0.626893</i>
                        <i>0.0239513 0.884809 0.465337 -0.975435 -0.0812747 0.204745 0.21898 -0.45881 0.861127 -1.79109 1.8473 0.626627</i>
                        <i>0.0217861 0.885513 0.464104 -0.975037 -0.0837833 0.20563 0.220972 -0.456998 0.861582 -1.79112 1.84704 0.626395</i>
                        <i>0.0198701 0.886089 0.46309 -0.974706 -0.08596 0.206301 0.222608 -0.455475 0.861968 -1.79114 1.8468 0.626199</i>
                        <i>0.0182274 0.886536 0.462301 -0.974446 -0.087783 0.206758 0.22388 -0.454256 0.862281 -1.79116 1.8466 0.626041</i>
                        <i>0.0168817 0.886853 0.461743 -0.974263 -0.0892306 0.207002 0.224782 -0.453354 0.862522 -1.79116 1.84644 0.625922</i>
                        <i>0.0158568 0.887038 0.461424 -0.97416 -0.0902807 0.207032 0.225303 -0.452783 0.862685 -1.79115 1.84631 0.625844</i>
                        <i>0.0151758 0.88709 0.461347 -0.97414 -0.0909111 0.20685 0.225436 -0.452556 0.86277 -1.79114 1.84623 0.625808</i>
                        <i>0.0148616 0.887005 0.46152 -0.974206 -0.0910993 0.206456 0.225172 -0.452684 0.862772 -1.79112 1.8462 0.625815</i>
                        <i>0.0149295 0.886782 0.461946 -0.974359 -0.0908296 0.205852 0.224505 -0.453175 0.862688 -1.79109 1.84621 0.625867</i>
                        <i>0.0153642 0.886423 0.462621 -0.974596 -0.0901169 0.20504 0.223442 -0.454019 0.86252 -1.79105 1.84627 0.625963</i>
                        <i>0.0161429 0.885931 0.463536 -0.974914 -0.088983 0.20402 0.221995 -0.455202 0.86227 -1.791 1.84637 0.626101</i>
                        <i>0.0172425 0.885308 0.464685 -0.975308 -0.0874494 0.202796 0.220174 -0.456708 0.861941 -1.79095 1.84651 0.626278</i>
                        <i>0.0186397 0.884557 0.466059 -0.975773 -0.0855373 0.201371 0.217989 -0.458522 0.861533 -1.79089 1.84669 0.626495</i>
                        <i>0.0203109 0.883679 0.467652 -0.976303 -0.0832679 0.199746 0.215452 -0.460628 0.861048 -1.79081 1.84691 0.626748</i>
                        <i>0.0222324 0.882676 0.469456 -0.976893 -0.0806621 0.197925 0.212571 -0.463009 0.860486 -1.79074 1.84715 0.627037</i>
                        <i>0.0243801 0.881549 0.471463 -0.977535 -0.0777408 0.195911 0.209357 -0.465649 0.85985 -1.79065 1.84743 0.627359</i>
                        <i>0.0267301 0.880299 0.473666 -0.978225 -0.0745249 0.193706 0.205819 -0.46853 0.859138 -1.79056 1.84773 0.627713</i>
                        <i>0.0292577 0.878927 0.476058 -0.978955 -0.0710352 0.191314 0.201968 -0.471636 0.858352 -1.79046 1.84806 0.628098</i>
                        <i>0.0319386 0.877436 0.478629 -0.979719 -0.0672927 0.188739 0.197814 -0.47495 0.857491 -1.79035 1.84841 0.628512</i>
                        <i>0.0347479 0.875826 0.481374 -0.980511 -0.0633186 0.185982 0.193368 -0.478455 0.856557 -1.79023 1.84878 0.628953</i>
                        <i>0.0376607 0.8741 0.484284 -0.981324 -0.0591341 0.183046 0.188639 -0.482133 0.855548 -1.79011 1.84916 0.629419</i>
                        <i>0.0406521 0.872259 0.487352 -0.982153 -0.0547606 0.179936 0.183639 -0.485969 0.854466 -1.78998 1.84956 0.629909</i>
                        <i>0.043697 0.870306 0.490569 -0.982991 -0.0502199 0.176653 0.178378 -0.489944 0.853309 -1.78984 1.84996 0.630422</i>
                        <i>0.0467699 0.868244 0.493928 -0.983834 -0.0455337 0.1732 0.17287 -0.494044 0.852078 -1.7897 1.85038 0.630955</i>
                        <i>0.0499226 0.865698 0.498071 -0.984848 -0.0402574 0.168685 0.166081 -0.498945 0.850571 -1.78951 1.85082 0.631589</i>
                        <i>0.0531643 0.862335 0.50354 -0.986147 -0.0340025 0.162349 0.157121 -0.505195 0.848581 -1.78923 1.8513 0.632392</i>
                        <i>0.0564019 0.858215 0.510182 -0.987644 -0.0268747 0.154394 0.146215 -0.512586 0.846095 -1.78889 1.85181 0.633346</i>
                        <i>0.05954 0.853403 0.51784 -0.989246 -0.0189805 0.145021 0.13359 -0.520906 0.843096 -1.78848 1.85234 0.634432</i>
                        <i>0.0624847 0.847966 0.526354 -0.990868 -0.0104287 0.134429 0.119481 -0.529948 0.839571 -1.78802 1.85288 0.635632</i>
                        <i>0.0651484 0.841977 0.535565 -0.992428 -0.00133201 0.122817 0.104123 -0.539511 0.835515 -1.78752 1.85343 0.636926</i>
                        <i>0.0674523 0.835516 0.545311 -0.993855 0.00819262 0.110383 0.0877588 -0.549406 0.830934 -1.787 1.85397 0.638296</i>
                        <i>0.0693299 0.828667 0.555431 -0.99509 0.0180229 0.0973199 0.0706353 -0.559451 0.825848 -1.78645 1.85449 0.63972</i>
                        <i>0.0707289 0.821525 0.565768 -0.996086 0.0280318 0.083821 0.0530016 -0.569483 0.820293 -1.78591 1.855 0.641181</i>
                        <i>0.0716126 0.814189 0.576166 -0.996814 0.0380871 0.0700742 0.0351092 -0.579349 0.814323 -1.78536 1.85547 0.642658</i>
                        <i>0.0719613 0.806765 0.586474 -0.997259 0.0480524 0.0562633 0.0172097 -0.588916 0.808011 -1.78482 1.85591 0.64413</i>
                        <i>0.0717724 0.799362 0.596547 -0.997421 0.0577878 0.0425681 -0.000445772 -0.598064 0.801448 -1.78429 1.8563 0.645578</i>
                        <i>0.0710601 0.792096 0.606246 -0.997317 0.0671501 0.0291633 -0.0176093 -0.606691 0.794742 -1.78379 1.85665 0.646981</i>
                        <i>0.0698545 0.785083 0.615439 -0.996976 0.0759941 0.0162187 -0.0340367 -0.614711 0.788018 -1.78331 1.85695 0.64832</i>
                        <i>0.0682 0.778442 0.624001 -0.996443 0.0841732 0.00389979 -0.0494884 -0.622048 0.781414 -1.78287 1.85719 0.649574</i>
                        <i>0.0661533 0.77229 0.631816 -0.995772 0.0915401 -0.00763189 -0.0637305 -0.62864 0.775081 -1.78246 1.85737 0.650724</i>
                    </KeyFrames>
                </p>
            </i>
            <i>
                <p>
                    <Name><![CDATA[spine2]]></Name>
                    <Exclude>0</Exclude>
                    <Additive>0</Additive>
                    <IKPriority>0</IKPriority>
                    <IKRotLimits>-1e+010 -1e+010 -1e+010 1e+010 1e+010 1e+010</IKRotLimits>
                    <IKRotLimitOrder>0</IKRotLimitOrder>
                    <KeyFrames count="65">
                        <i>0.0836437 0.700344 0.708888 -0.995321 0.0932515 0.0253131 -0.0483769 -0.707688 0.704867 -1.77155 1.98495 0.755408</i>
                        <i>0.0913025 0.710974 0.697266 -0.995653 0.0781252 0.0507132 -0.0184183 -0.698865 0.715016 -1.77157 1.986 0.752075</i>
                        <i>0.0987649 0.722678 0.684093 -0.995008 0.0618386 0.0783264 0.0143014 -0.688414 0.725177 -1.77174 1.9871 0.748371</i>
                        <i>0.105688 0.735109 0.669661 -0.993197 0.0449231 0.107436 0.0488942 -0.676459 0.734855 -1.77205 1.98821 0.744392</i>
                        <i>0.111788 0.747916 0.654313 -0.990138 0.0278834 0.137291 0.0844377 -0.663208 0.743657 -1.77253 1.98928 0.740241</i>
                        <i>0.116849 0.76075 0.63844 -0.985875 0.0111871 0.167107 0.119984 -0.648948 0.751312 -1.77317 1.99028 0.736023</i>
                        <i>0.120731 0.773271 0.622476 -0.980577 -0.00474464 0.196079 0.154576 -0.634058 0.757679 -1.77395 1.9912 0.731848</i>
                        <i>0.123372 0.78515 0.606892 -0.974533 -0.0195439 0.223392 0.187257 -0.618997 0.762743 -1.77484 1.99199 0.727828</i>
                        <i>0.124783 0.796079 0.592189 -0.968143 -0.0328973 0.248227 0.217089 -0.604298 0.766613 -1.7758 1.99265 0.724074</i>
                        <i>0.12504 0.805768 0.578881 -0.961893 -0.0445431 0.269772 0.243159 -0.590554 0.769493 -1.77679 1.99316 0.7207</i>
                        <i>0.124262 0.813948 0.567492 -0.956324 -0.0542599 0.287228 0.264581 -0.578398 0.771655 -1.77775 1.99352 0.717817</i>
                        <i>0.122598 0.820366 0.558542 -0.951994 -0.0618499 0.299802 0.280493 -0.568484 0.773401 -1.77863 1.99371 0.715535</i>
                        <i>0.12019 0.824779 0.552534 -0.949435 -0.0671127 0.306707 0.290047 -0.561458 0.775008 -1.77936 1.99373 0.713963</i>
                        <i>0.117363 0.828043 0.548243 -0.947982 -0.0710784 0.310288 0.2959 -0.556141 0.776628 -1.78002 1.99365 0.712801</i>
                        <i>0.114379 0.831171 0.544125 -0.94665 -0.0749192 0.313434 0.301283 -0.550946 0.778259 -1.78067 1.99355 0.71168</i>
                        <i>0.111271 0.834157 0.540185 -0.945439 -0.0786287 0.316167 0.306207 -0.545893 0.779896 -1.78133 1.99343 0.710602</i>
                        <i>0.108073 0.836995 0.536432 -0.944349 -0.0821996 0.31851 0.310686 -0.541001 0.781532 -1.78199 1.99329 0.70957</i>
                        <i>0.104816 0.839678 0.532873 -0.943376 -0.0856241 0.320484 0.31473 -0.536292 0.783158 -1.78263 1.99314 0.708587</i>
                        <i>0.101532 0.842202 0.529515 -0.942519 -0.0888937 0.322111 0.318353 -0.531783 0.784766 -1.78327 1.99298 0.707654</i>
                        <i>0.0982554 0.844562 0.526366 -0.941775 -0.0919998 0.323414 0.321569 -0.527495 0.786348 -1.78388 1.99281 0.706775</i>
                        <i>0.0950164 0.846753 0.523432 -0.94114 -0.0949325 0.324413 0.324389 -0.523447 0.787893 -1.78448 1.99264 0.705952</i>
                        <i>0.091847 0.848772 0.520721 -0.940611 -0.0976821 0.325131 0.326827 -0.519658 0.789392 -1.78505 1.99246 0.705187</i>
                        <i>0.0887787 0.850615 0.518239 -0.940184 -0.100238 0.325587 0.328897 -0.516145 0.790835 -1.7856 1.99228 0.704483</i>
                        <i>0.0858424 0.852279 0.515996 -0.939855 -0.102589 0.325805 0.330613 -0.512929 0.792212 -1.7861 1.9921 0.703843</i>
                        <i>0.0830688 0.85376 0.513997 -0.939619 -0.104725 0.325805 0.331988 -0.510025 0.79351 -1.78658 1.99193 0.703268</i>
                        <i>0.0804882 0.855056 0.51225 -0.939472 -0.106632 0.325609 0.333036 -0.507452 0.794719 -1.78701 1.99176 0.702761</i>
                        <i>0.0781305 0.856164 0.510763 -0.93941 -0.1083 0.325238 0.333772 -0.505227 0.795828 -1.78739 1.9916 0.702325</i>
                        <i>0.0760249 0.857081 0.509542 -0.939427 -0.109716 0.324713 0.33421 -0.503364 0.796824 -1.78772 1.99146 0.701961</i>
                        <i>0.0742005 0.857802 0.508596 -0.939519 -0.110866 0.324057 0.334363 -0.501881 0.797695 -1.78801 1.99133 0.701673</i>
                        <i>0.0726857 0.858325 0.507931 -0.939679 -0.111739 0.323291 0.334245 -0.500791 0.798429 -1.78823 1.99122 0.701463</i>
                        <i>0.0715083 0.858647 0.507556 -0.939903 -0.112322 0.322438 0.33387 -0.50011 0.799012 -1.78839 1.99112 0.701333</i>
                        <i>0.070696 0.858761 0.507476 -0.940184 -0.1126 0.321521 0.333251 -0.499851 0.799433 -1.78849 1.99105 0.701285</i>
                        <i>0.0702754 0.858663 0.5077 -0.940516 -0.112563 0.320561 0.332402 -0.500027 0.799676 -1.78852 1.99101 0.701323</i>
                        <i>0.0702643 0.858349 0.508232 -0.940895 -0.1122 0.319575 0.33133 -0.500647 0.799733 -1.78848 1.99099 0.701448</i>
                        <i>0.0706451 0.857824 0.509065 -0.941322 -0.11152 0.318554 0.330034 -0.501698 0.79961 -1.78837 1.991 0.701658</i>
                        <i>0.0713913 0.857093 0.51019 -0.9418 -0.110536 0.317481 0.328505 -0.503163 0.799319 -1.7882 1.99103 0.70195</i>
                        <i>0.0724758 0.856162 0.5116 -0.942333 -0.109259 0.316341 0.326736 -0.505024 0.798871 -1.78796 1.99107 0.702321</i>
                        <i>0.073871 0.855034 0.513283 -0.942922 -0.107703 0.315117 0.324718 -0.507264 0.798274 -1.78767 1.99114 0.702768</i>
                        <i>0.0755491 0.853715 0.515231 -0.943569 -0.105879 0.313794 0.322443 -0.509863 0.79754 -1.78733 1.99122 0.703289</i>
                        <i>0.0774818 0.852207 0.517435 -0.944277 -0.103801 0.312356 0.319902 -0.512804 0.796677 -1.78694 1.99132 0.70388</i>
                        <i>0.0796406 0.850516 0.519885 -0.945046 -0.10148 0.310789 0.317088 -0.516066 0.795695 -1.7865 1.99143 0.704539</i>
                        <i>0.0819967 0.848644 0.52257 -0.945878 -0.098928 0.309075 0.313992 -0.519631 0.794602 -1.78602 1.99154 0.705264</i>
                        <i>0.0845209 0.846596 0.525482 -0.946774 -0.0961577 0.307201 0.310605 -0.523478 0.793408 -1.78551 1.99166 0.706051</i>
                        <i>0.087184 0.844375 0.528611 -0.947734 -0.0931802 0.305151 0.306918 -0.527587 0.792119 -1.78496 1.99179 0.706897</i>
                        <i>0.0899565 0.841986 0.531947 -0.94876 -0.090007 0.302909 0.302924 -0.531939 0.790745 -1.78439 1.99191 0.7078</i>
                        <i>0.0928086 0.839432 0.535481 -0.94985 -0.0866492 0.30046 0.298615 -0.536512 0.789293 -1.78379 1.99203 0.708756</i>
                        <i>0.0957107 0.83672 0.539202 -0.951007 -0.0831176 0.297788 0.293982 -0.541286 0.787771 -1.78317 1.99215 0.709764</i>
                        <i>0.098633 0.833854 0.543101 -0.952229 -0.0794226 0.294877 0.289019 -0.546241 0.786186 -1.78253 1.99226 0.710819</i>
                        <i>0.101545 0.83084 0.547168 -0.953516 -0.0755744 0.291712 0.283718 -0.551356 0.784545 -1.78189 1.99237 0.71192</i>
                        <i>0.104353 0.827162 0.55219 -0.955346 -0.0709629 0.286842 0.27645 -0.557465 0.78282 -1.78118 1.99243 0.713255</i>
                        <i>0.106925 0.822361 0.558828 -0.958079 -0.0650375 0.279025 0.265804 -0.565236 0.780933 -1.78038 1.99241 0.714987</i>
                        <i>0.109171 0.816533 0.566882 -0.961523 -0.0578904 0.268556 0.252102 -0.574389 0.778795 -1.7795 1.99231 0.717073</i>
                        <i>0.110997 0.809775 0.576146 -0.965474 -0.0496109 0.25573 0.235667 -0.584639 0.776311 -1.77858 1.99213 0.719466</i>
                        <i>0.112312 0.80219 0.586411 -0.969727 -0.0402907 0.240843 0.216829 -0.595708 0.77338 -1.77764 1.99186 0.722121</i>
                        <i>0.113037 0.793886 0.597467 -0.974082 -0.030029 0.224192 0.195924 -0.607324 0.769916 -1.77671 1.99152 0.724992</i>
                        <i>0.113106 0.784982 0.609106 -0.978353 -0.0189362 0.206075 0.1733 -0.619229 0.765847 -1.77581 1.9911 0.728033</i>
                        <i>0.112469 0.775601 0.621123 -0.982374 -0.00713581 0.186792 0.149308 -0.631184 0.761127 -1.77496 1.9906 0.731196</i>
                        <i>0.1111 0.765875 0.633318 -0.986004 0.00523397 0.16664 0.124311 -0.642968 0.755737 -1.77419 1.99003 0.734435</i>
                        <i>0.108995 0.755945 0.645498 -0.989133 0.0180199 0.145915 0.098672 -0.654387 0.749694 -1.7735 1.98941 0.737703</i>
                        <i>0.106173 0.745953 0.657481 -0.991682 0.0310544 0.124908 0.0727582 -0.665274 0.743046 -1.77291 1.98872 0.740955</i>
                        <i>0.10268 0.736049 0.669095 -0.993607 0.0441564 0.103905 0.0469343 -0.675486 0.735878 -1.77242 1.988 0.744144</i>
                        <i>0.0985823 0.726385 0.680181 -0.994895 0.0571331 0.0831814 0.0215608 -0.684909 0.728309 -1.77204 1.98725 0.747226</i>
                        <i>0.0939691 0.717112 0.690594 -0.995571 0.0697822 0.0630054 -0.00300931 -0.693456 0.720493 -1.77177 1.98648 0.750159</i>
                        <i>0.0889483 0.708381 0.700203 -0.995685 0.0818936 0.0436339 -0.0264326 -0.701063 0.712609 -1.77161 1.98571 0.752899</i>
                        <i>0.0836437 0.700344 0.708888 -0.995321 0.0932515 0.0253131 -0.0483769 -0.707688 0.704867 -1.77155 1.98495 0.755408</i>
                    </KeyFrames>
                </p>
            </i>
            <i>
                <p>
                    <Name><![CDATA[head]]></Name>
                    <Exclude>0</Exclude>
                    <Additive>0</Additive>
                    <IKPriority>0</IKPriority>
