<?xml version="1.0" encoding="ISO-8859-1" ?>
<Animl Version="1">
    <ModellingPackage><![CDATA[Maya.2010]]></ModellingPackage>
    <SrcFile><![CDATA[anims\turrets\machinegun\red\~src\mgun_pkp\mgun_pkp_fire_crewman_b.mb]]></SrcFile>
    <FramesPerSecond>30</FramesPerSecond>
    <TotalFrames>81</TotalFrames>
    <Skeleton>
        <RefFrame>
            <Name><![CDATA[soldier_ref_frame]]></Name>
            <Exclude>0</Exclude>
            <Additive>0</Additive>
            <IKPriority>0</IKPriority>
            <IKRotLimits>-1e+010 -1e+010 -1e+010 1e+010 1e+010 1e+010</IKRotLimits>
            <IKRotLimitOrder>0</IKRotLimitOrder>
            <KeyFrames count="81">
                <i>1 0 0 0 1 0 0 0 1 1.24609 0.919741 -0.0847335</i>
                <i>1 0 0 0 1 0 0 0 1 1.24609 0.919741 -0.0847335</i>
                <i>1 0 0 0 1 0 0 0 1 1.24609 0.919741 -0.0847335</i>
                <i>1 0 0 0 1 0 0 0 1 1.24609 0.919741 -0.0847335</i>
                <i>1 0 0 0 1 0 0 0 1 1.24609 0.919741 -0.0847335</i>
                <i>1 0 0 0 1 0 0 0 1 1.24609 0.919741 -0.0847335</i>
                <i>1 0 0 0 1 0 0 0 1 1.24609 0.919741 -0.0847335</i>
                <i>1 0 0 0 1 0 0 0 1 1.24609 0.919741 -0.0847335</i>
                <i>1 0 0 0 1 0 0 0 1 1.24609 0.919741 -0.0847335</i>
                <i>1 0 0 0 1 0 0 0 1 1.24609 0.919741 -0.0847335</i>
                <i>1 0 0 0 1 0 0 0 1 1.24609 0.919741 -0.0847335</i>
                <i>1 0 0 0 1 0 0 0 1 1.24609 0.919741 -0.0847335</i>
                <i>1 0 0 0 1 0 0 0 1 1.24609 0.919741 -0.0847335</i>
                <i>1 0 0 0 1 0 0 0 1 1.24609 0.919741 -0.0847335</i>
                <i>1 0 0 0 1 0 0 0 1 1.24609 0.919741 -0.0847335</i>
                <i>1 0 0 0 1 0 0 0 1 1.24609 0.919741 -0.0847335</i>
                <i>1 0 0 0 1 0 0 0 1 1.24609 0.919741 -0.0847335</i>
                <i>1 0 0 0 1 0 0 0 1 1.24609 0.919741 -0.0847335</i>
                <i>1 0 0 0 1 0 0 0 1 1.24609 0.919741 -0.0847335</i>
                <i>1 0 0 0 1 0 0 0 1 1.24609 0.919741 -0.0847335</i>
                <i>1 0 0 0 1 0 0 0 1 1.24609 0.919741 -0.0847335</i>
                <i>1 0 0 0 1 0 0 0 1 1.24609 0.919741 -0.0847335</i>
                <i>1 0 0 0 1 0 0 0 1 1.24609 0.919741 -0.0847335</i>
                <i>1 0 0 0 1 0 0 0 1 1.24609 0.919741 -0.0847335</i>
                <i>1 0 0 0 1 0 0 0 1 1.24609 0.919741 -0.0847335</i>
                <i>1 0 0 0 1 0 0 0 1 1.24609 0.919741 -0.0847335</i>
                <i>1 0 0 0 1 0 0 0 1 1.24609 0.919741 -0.0847335</i>
                <i>1 0 0 0 1 0 0 0 1 1.24609 0.919741 -0.0847335</i>
                <i>1 0 0 0 1 0 0 0 1 1.24609 0.919741 -0.0847335</i>
                <i>1 0 0 0 1 0 0 0 1 1.24609 0.919741 -0.0847335</i>
                <i>1 0 0 0 1 0 0 0 1 1.24609 0.919741 -0.0847335</i>
                <i>1 0 0 0 1 0 0 0 1 1.24609 0.919741 -0.0847335</i>
                <i>1 0 0 0 1 0 0 0 1 1.24609 0.919741 -0.0847335</i>
                <i>1 0 0 0 1 0 0 0 1 1.24609 0.919741 -0.0847335</i>
                <i>1 0 0 0 1 0 0 0 1 1.24609 0.919741 -0.0847335</i>
                <i>1 0 0 0 1 0 0 0 1 1.24609 0.919741 -0.0847335</i>
                <i>1 0 0 0 1 0 0 0 1 1.24609 0.919741 -0.0847335</i>
                <i>1 0 0 0 1 0 0 0 1 1.24609 0.919741 -0.0847335</i>
                <i>1 0 0 0 1 0 0 0 1 1.24609 0.919741 -0.0847335</i>
                <i>1 0 0 0 1 0 0 0 1 1.24609 0.919741 -0.0847335</i>
                <i>1 0 0 0 1 0 0 0 1 1.24609 0.919741 -0.0847335</i>
                <i>1 0 0 0 1 0 0 0 1 1.24609 0.919741 -0.0847335</i>
                <i>1 0 0 0 1 0 0 0 1 1.24609 0.919741 -0.0847335</i>
                <i>1 0 0 0 1 0 0 0 1 1.24609 0.919741 -0.0847335</i>
                <i>1 0 0 0 1 0 0 0 1 1.24609 0.919741 -0.0847335</i>
                <i>1 0 0 0 1 0 0 0 1 1.24609 0.919741 -0.0847335</i>
                <i>1 0 0 0 1 0 0 0 1 1.24609 0.919741 -0.0847335</i>
                <i>1 0 0 0 1 0 0 0 1 1.24609 0.919741 -0.0847335</i>
                <i>1 0 0 0 1 0 0 0 1 1.24609 0.919741 -0.0847335</i>
                <i>1 0 0 0 1 0 0 0 1 1.24609 0.919741 -0.0847335</i>
                <i>1 0 0 0 1 0 0 0 1 1.24609 0.919741 -0.0847335</i>
                <i>1 0 0 0 1 0 0 0 1 1.24609 0.919741 -0.0847335</i>
                <i>1 0 0 0 1 0 0 0 1 1.24609 0.919741 -0.0847335</i>
                <i>1 0 0 0 1 0 0 0 1 1.24609 0.919741 -0.0847335</i>
                <i>1 0 0 0 1 0 0 0 1 1.24609 0.919741 -0.0847335</i>
                <i>1 0 0 0 1 0 0 0 1 1.24609 0.919741 -0.0847335</i>
                <i>1 0 0 0 1 0 0 0 1 1.24609 0.919741 -0.0847335</i>
                <i>1 0 0 0 1 0 0 0 1 1.24609 0.919741 -0.0847335</i>
                <i>1 0 0 0 1 0 0 0 1 1.24609 0.919741 -0.0847335</i>
                <i>1 0 0 0 1 0 0 0 1 1.24609 0.919741 -0.0847335</i>
                <i>1 0 0 0 1 0 0 0 1 1.24609 0.919741 -0.0847335</i>
                <i>1 0 0 0 1 0 0 0 1 1.24609 0.919741 -0.0847335</i>
                <i>1 0 0 0 1 0 0 0 1 1.24609 0.919741 -0.0847335</i>
                <i>1 0 0 0 1 0 0 0 1 1.24609 0.919741 -0.0847335</i>
                <i>1 0 0 0 1 0 0 0 1 1.24609 0.919741 -0.0847335</i>
                <i>1 0 0 0 1 0 0 0 1 1.24609 0.919741 -0.0847335</i>
                <i>1 0 0 0 1 0 0 0 1 1.24609 0.919741 -0.0847335</i>
                <i>1 0 0 0 1 0 0 0 1 1.24609 0.919741 -0.0847335</i>
                <i>1 0 0 0 1 0 0 0 1 1.24609 0.919741 -0.0847335</i>
                <i>1 0 0 0 1 0 0 0 1 1.24609 0.919741 -0.0847335</i>
                <i>1 0 0 0 1 0 0 0 1 1.24609 0.919741 -0.0847335</i>
                <i>1 0 0 0 1 0 0 0 1 1.24609 0.919741 -0.0847335</i>
                <i>1 0 0 0 1 0 0 0 1 1.24609 0.919741 -0.0847335</i>
                <i>1 0 0 0 1 0 0 0 1 1.24609 0.919741 -0.0847335</i>
                <i>1 0 0 0 1 0 0 0 1 1.24609 0.919741 -0.0847335</i>
                <i>1 0 0 0 1 0 0 0 1 1.24609 0.919741 -0.0847335</i>
                <i>1 0 0 0 1 0 0 0 1 1.24609 0.919741 -0.0847335</i>
                <i>1 0 0 0 1 0 0 0 1 1.24609 0.919741 -0.0847335</i>
                <i>1 0 0 0 1 0 0 0 1 1.24609 0.919741 -0.0847335</i>
                <i>1 0 0 0 1 0 0 0 1 1.24609 0.919741 -0.0847335</i>
                <i>1 0 0 0 1 0 0 0 1 1.24609 0.919741 -0.0847335</i>
            </KeyFrames>
        </RefFrame>
        <Bones count="23">
            <i>
                <p>
                    <Name><![CDATA[pelvis]]></Name>
                    <Exclude>0</Exclude>
                    <Additive>0</Additive>
                    <IKPriority>0</IKPriority>
                    <IKRotLimits>-1e+010 -1e+010 -1e+010 1e+010 1e+010 1e+010</IKRotLimits>
                    <IKRotLimitOrder>2</IKRotLimitOrder>
                    <KeyFrames count="81">
                        <i>1 0 0 0 1 0 0 0 1 1.24609 1.51888 -0.0847335</i>
                        <i>1 0 0 0 1 0 0 0 1 1.23904 1.49068 -0.0734955</i>
                        <i>1 0 0 0 1 0 0 0 1 1.23245 1.48406 -0.0690511</i>
                        <i>1 0 0 0 1 0 0 0 1 1.2468 1.57381 -0.14527</i>
                        <i>1 0 0 0 1 0 0 0 1 1.23708 1.55246 -0.125617</i>
                        <i>1 0 0 0 1 0 0 0 1 1.22469 1.51126 -0.0886716</i>
                        <i>1 0 0 0 1 0 0 0 1 1.21651 1.47874 -0.0574648</i>
                        <i>1 0 0 0 1 0 0 0 1 1.22193 1.47813 -0.0525782</i>
                        <i>1 0 0 0 1 0 0 0 1 1.25447 1.56857 -0.127899</i>
                        <i>1 0 0 0 1 0 0 0 1 1.27131 1.56192 -0.139825</i>
                        <i>1 0 0 0 1 0 0 0 1 1.27811 1.53504 -0.13571</i>
                        <i>1 0 0 0 1 0 0 0 1 1.27164 1.50469 -0.10855</i>
                        <i>1 0 0 0 1 0 0 0 1 1.26399 1.49683 -0.0885205</i>
                        <i>1 0 0 0 1 0 0 0 1 1.27578 1.57921 -0.149339</i>
                        <i>1 0 0 0 1 0 0 0 1 1.26387 1.54563 -0.120989</i>
                        <i>1 0 0 0 1 0 0 0 1 1.24948 1.50126 -0.0828097</i>
                        <i>1 0 0 0 1 0 0 0 1 1.24609 1.51888 -0.0847335</i>
                        <i>1 0 0 0 1 0 0 0 1 1.23904 1.49068 -0.0734955</i>
                        <i>1 0 0 0 1 0 0 0 1 1.23245 1.48406 -0.0690511</i>
                        <i>1 0 0 0 1 0 0 0 1 1.2468 1.57381 -0.14527</i>
                        <i>1 0 0 0 1 0 0 0 1 1.23708 1.55246 -0.125617</i>
                        <i>1 0 0 0 1 0 0 0 1 1.22469 1.51126 -0.0886716</i>
                        <i>1 0 0 0 1 0 0 0 1 1.21651 1.47874 -0.0574648</i>
                        <i>1 0 0 0 1 0 0 0 1 1.22193 1.47813 -0.0525782</i>
                        <i>1 0 0 0 1 0 0 0 1 1.25447 1.56857 -0.127899</i>
                        <i>1 0 0 0 1 0 0 0 1 1.27131 1.56192 -0.139825</i>
                        <i>1 0 0 0 1 0 0 0 1 1.27811 1.53504 -0.13571</i>
                        <i>1 0 0 0 1 0 0 0 1 1.27164 1.50469 -0.10855</i>
                        <i>1 0 0 0 1 0 0 0 1 1.26399 1.49683 -0.0885205</i>
                        <i>1 0 0 0 1 0 0 0 1 1.27578 1.57921 -0.149339</i>
                        <i>1 0 0 0 1 0 0 0 1 1.26387 1.54563 -0.120989</i>
                        <i>1 0 0 0 1 0 0 0 1 1.24948 1.50126 -0.0828097</i>
                        <i>1 0 0 0 1 0 0 0 1 1.24609 1.51888 -0.0847335</i>
                        <i>1 0 0 0 1 0 0 0 1 1.23904 1.49068 -0.0734955</i>
                        <i>1 0 0 0 1 0 0 0 1 1.23245 1.48406 -0.0690511</i>
                        <i>1 0 0 0 1 0 0 0 1 1.2468 1.57381 -0.14527</i>
                        <i>1 0 0 0 1 0 0 0 1 1.23708 1.55246 -0.125617</i>
                        <i>1 0 0 0 1 0 0 0 1 1.22469 1.51126 -0.0886716</i>
                        <i>1 0 0 0 1 0 0 0 1 1.21651 1.47874 -0.0574648</i>
                        <i>1 0 0 0 1 0 0 0 1 1.22193 1.47813 -0.0525782</i>
                        <i>1 0 0 0 1 0 0 0 1 1.25447 1.56857 -0.127899</i>
                        <i>1 0 0 0 1 0 0 0 1 1.27131 1.56192 -0.139825</i>
                        <i>1 0 0 0 1 0 0 0 1 1.27811 1.53504 -0.13571</i>
                        <i>1 0 0 0 1 0 0 0 1 1.27164 1.50469 -0.10855</i>
                        <i>1 0 0 0 1 0 0 0 1 1.26399 1.49683 -0.0885205</i>
                        <i>1 0 0 0 1 0 0 0 1 1.27578 1.57921 -0.149339</i>
                        <i>1 0 0 0 1 0 0 0 1 1.26387 1.54563 -0.120989</i>
                        <i>1 0 0 0 1 0 0 0 1 1.24948 1.50126 -0.0828097</i>
                        <i>1 0 0 0 1 0 0 0 1 1.24609 1.51888 -0.0847335</i>
                        <i>1 0 0 0 1 0 0 0 1 1.23904 1.49068 -0.0734955</i>
                        <i>1 0 0 0 1 0 0 0 1 1.23245 1.48406 -0.0690511</i>
                        <i>1 0 0 0 1 0 0 0 1 1.2468 1.57381 -0.14527</i>
                        <i>1 0 0 0 1 0 0 0 1 1.23708 1.55246 -0.125617</i>
                        <i>1 0 0 0 1 0 0 0 1 1.22469 1.51126 -0.0886716</i>
                        <i>1 0 0 0 1 0 0 0 1 1.21651 1.47874 -0.0574648</i>
                        <i>1 0 0 0 1 0 0 0 1 1.22193 1.47813 -0.0525782</i>
                        <i>1 0 0 0 1 0 0 0 1 1.25447 1.56857 -0.127899</i>
                        <i>1 0 0 0 1 0 0 0 1 1.27131 1.56192 -0.139825</i>
                        <i>1 0 0 0 1 0 0 0 1 1.27811 1.53504 -0.13571</i>
                        <i>1 0 0 0 1 0 0 0 1 1.27164 1.50469 -0.10855</i>
                        <i>1 0 0 0 1 0 0 0 1 1.26399 1.49683 -0.0885205</i>
                        <i>1 0 0 0 1 0 0 0 1 1.27578 1.57921 -0.149339</i>
                        <i>1 0 0 0 1 0 0 0 1 1.26387 1.54563 -0.120989</i>
                        <i>1 0 0 0 1 0 0 0 1 1.24948 1.50126 -0.0828097</i>
                        <i>1 0 0 0 1 0 0 0 1 1.24609 1.51888 -0.0847335</i>
                        <i>1 0 0 0 1 0 0 0 1 1.23904 1.49068 -0.0734955</i>
                        <i>1 0 0 0 1 0 0 0 1 1.23245 1.48406 -0.0690511</i>
                        <i>1 0 0 0 1 0 0 0 1 1.2468 1.57381 -0.14527</i>
                        <i>1 0 0 0 1 0 0 0 1 1.23708 1.55246 -0.125617</i>
                        <i>1 0 0 0 1 0 0 0 1 1.22469 1.51126 -0.0886716</i>
                        <i>1 0 0 0 1 0 0 0 1 1.21651 1.47874 -0.0574648</i>
                        <i>1 0 0 0 1 0 0 0 1 1.22193 1.47813 -0.0525782</i>
                        <i>1 0 0 0 1 0 0 0 1 1.25447 1.56857 -0.127899</i>
                        <i>1 0 0 0 1 0 0 0 1 1.27131 1.56192 -0.139825</i>
                        <i>1 0 0 0 1 0 0 0 1 1.27811 1.53504 -0.13571</i>
                        <i>1 0 0 0 1 0 0 0 1 1.27164 1.50469 -0.10855</i>
                        <i>1 0 0 0 1 0 0 0 1 1.26399 1.49683 -0.0885205</i>
                        <i>1 0 0 0 1 0 0 0 1 1.27578 1.57921 -0.149339</i>
                        <i>1 0 0 0 1 0 0 0 1 1.26387 1.54563 -0.120989</i>
                        <i>1 0 0 0 1 0 0 0 1 1.24948 1.50126 -0.0828097</i>
                        <i>1 0 0 0 1 0 0 0 1 1.24609 1.51888 -0.0847335</i>
                    </KeyFrames>
                </p>
            </i>
            <i>
                <p>
                    <Name><![CDATA[spine0]]></Name>
                    <Exclude>0</Exclude>
                    <Additive>0</Additive>
                    <IKPriority>0</IKPriority>
                    <IKRotLimits>-1e+010 -1e+010 -1e+010 1e+010 1e+010 1e+010</IKRotLimits>
                    <IKRotLimitOrder>0</IKRotLimitOrder>
                    <KeyFrames count="81">
                        <i>-0.0813484 0.945221 0.316133 -0.981828 -0.0214338 -0.188561 -0.171456 -0.325728 0.929787 1.26202 1.65962 -0.10992</i>
                        <i>-0.0851549 0.932412 0.351222 -0.973248 -0.00234402 -0.229744 -0.213393 -0.36139 0.907668 1.26611 1.62911 -0.101793</i>
                        <i>-0.0670195 0.949796 0.305606 -0.966636 0.0140872 -0.255765 -0.24723 -0.312551 0.917163 1.26557 1.62077 -0.0992368</i>
                        <i>-0.110879 0.902791 0.415542 -0.978937 -0.0270883 -0.202358 -0.17143 -0.429227 0.886779 1.26103 1.71394 -0.174559</i>
                        <i>-0.129283 0.888405 0.440479 -0.984456 -0.0617374 -0.164424 -0.118881 -0.454889 0.882578 1.23095 1.69346 -0.153489</i>
                        <i>-0.128821 0.894883 0.427305 -0.987539 -0.0764849 -0.137538 -0.0903983 -0.439698 0.893585 1.20775 1.65156 -0.115577</i>
                        <i>-0.0586689 0.942052 0.330296 -0.980545 0.00770372 -0.196142 -0.18732 -0.335378 0.923273 1.22978 1.61897 -0.0867079</i>
                        <i>-0.0369978 0.961943 0.270733 -0.976685 0.0225221 -0.213495 -0.211468 -0.27232 0.938682 1.24352 1.61725 -0.082155</i>
                        <i>-0.0796056 0.919812 0.384199 -0.980228 -0.00219084 -0.197857 -0.18115 -0.392353 0.9018 1.26797 1.70878 -0.157154</i>
                        <i>-0.0977882 0.89486 0.435504 -0.980872 -0.0126555 -0.194241 -0.168307 -0.446168 0.878981 1.28721 1.7019 -0.168967</i>
                        <i>-0.0986844 0.885457 0.454123 -0.980105 -0.00751228 -0.198337 -0.172207 -0.464661 0.868582 1.29761 1.67447 -0.165289</i>
                        <i>-0.0586819 0.921905 0.382946 -0.978983 0.0219086 -0.20276 -0.195315 -0.386796 0.901244 1.2986 1.64268 -0.139022</i>
                        <i>-0.0552852 0.942653 0.329163 -0.98361 0.00524752 -0.180232 -0.171624 -0.333732 0.926913 1.29561 1.63428 -0.116869</i>
                        <i>-0.107794 0.893104 0.436744 -0.982168 -0.0276024 -0.185967 -0.154033 -0.449003 0.880154 1.30323 1.7178 -0.176484</i>
                        <i>-0.0994267 0.905078 0.413459 -0.982548 -0.0236539 -0.184499 -0.157206 -0.424587 0.891634 1.28701 1.68524 -0.146917</i>
                        <i>-0.0826375 0.927185 0.365374 -0.982973 -0.015457 -0.183097 -0.164118 -0.374284 0.912676 1.26858 1.64162 -0.107948</i>
                        <i>-0.0813484 0.945221 0.316133 -0.981828 -0.0214338 -0.188561 -0.171456 -0.325728 0.929787 1.26202 1.65962 -0.10992</i>
                        <i>-0.0851726 0.932409 0.351226 -0.973248 -0.00236098 -0.229746 -0.213388 -0.361398 0.907666 1.26611 1.62911 -0.101793</i>
                        <i>-0.0670654 0.949793 0.305606 -0.966636 0.0140416 -0.255769 -0.247219 -0.312563 0.917163 1.26557 1.62077 -0.0992368</i>
                        <i>-0.110956 0.902785 0.415533 -0.978933 -0.0271694 -0.202367 -0.171404 -0.429232 0.886781 1.26103 1.71394 -0.174559</i>
                        <i>-0.129298 0.888402 0.440481 -0.984455 -0.0617534 -0.164426 -0.118875 -0.454894 0.882576 1.23095 1.69346 -0.153489</i>
                        <i>-0.128818 0.894881 0.42731 -0.987539 -0.0764815 -0.137538 -0.0903986 -0.439703 0.893582 1.20775 1.65156 -0.115577</i>
                        <i>-0.0586693 0.942052 0.330297 -0.980545 0.00770354 -0.196142 -0.18732 -0.335379 0.923273 1.22978 1.61897 -0.0867079</i>
                        <i>-0.0369549 0.961941 0.270748 -0.976685 0.0225677 -0.21349 -0.211475 -0.272325 0.938679 1.24352 1.61725 -0.082155</i>
                        <i>-0.0795446 0.919806 0.384226 -0.98023 -0.00212332 -0.197849 -0.181167 -0.392368 0.90179 1.26797 1.70878 -0.157154</i>
                        <i>-0.0977781 0.894858 0.435511 -0.980873 -0.0126437 -0.19424 -0.168311 -0.446173 0.878977 1.28721 1.7019 -0.168967</i>
                        <i>-0.0986901 0.88546 0.454115 -0.980105 -0.00751981 -0.198338 -0.172205 -0.464654 0.868586 1.29761 1.67447 -0.165289</i>
                        <i>-0.0586904 0.92191 0.382933 -0.978983 0.0218971 -0.202761 -0.195313 -0.386785 0.901249 1.2986 1.64268 -0.139022</i>
                        <i>-0.0552845 0.942653 0.329163 -0.98361 0.00524823 -0.180232 -0.171624 -0.333732 0.926913 1.29561 1.63428 -0.116869</i>
                        <i>-0.107868 0.893111 0.436712 -0.982164 -0.0276856 -0.185976 -0.154007 -0.448984 0.880168 1.30323 1.7178 -0.176484</i>
                        <i>-0.0994474 0.90508 0.413448 -0.982547 -0.023677 -0.184502 -0.1572 -0.424581 0.891639 1.28701 1.68524 -0.146917</i>
                        <i>-0.0826449 0.927187 0.365369 -0.982973 -0.0154653 -0.183098 -0.164116 -0.37428 0.912678 1.26858 1.64162 -0.107948</i>
                        <i>-0.0813484 0.945221 0.316133 -0.981828 -0.0214338 -0.188561 -0.171456 -0.325728 0.929787 1.26202 1.65962 -0.10992</i>
                        <i>-0.0851549 0.932412 0.351222 -0.973248 -0.00234402 -0.229744 -0.213393 -0.36139 0.907668 1.26611 1.62911 -0.101793</i>
                        <i>-0.0670195 0.949796 0.305606 -0.966636 0.0140872 -0.255765 -0.24723 -0.312551 0.917163 1.26557 1.62077 -0.0992368</i>
                        <i>-0.110879 0.902791 0.415542 -0.978937 -0.0270883 -0.202358 -0.17143 -0.429227 0.886779 1.26103 1.71394 -0.174559</i>
                        <i>-0.129283 0.888405 0.440479 -0.984456 -0.0617374 -0.164424 -0.118881 -0.454889 0.882578 1.23095 1.69346 -0.153489</i>
                        <i>-0.128821 0.894883 0.427305 -0.987539 -0.0764849 -0.137538 -0.0903983 -0.439698 0.893585 1.20775 1.65156 -0.115577</i>
                        <i>-0.0586689 0.942052 0.330296 -0.980545 0.00770372 -0.196142 -0.18732 -0.335378 0.923273 1.22978 1.61897 -0.0867079</i>
                        <i>-0.0369978 0.961943 0.270733 -0.976685 0.0225221 -0.213495 -0.211468 -0.27232 0.938682 1.24352 1.61725 -0.082155</i>
                        <i>-0.0796056 0.919812 0.384199 -0.980228 -0.00219084 -0.197857 -0.18115 -0.392353 0.9018 1.26797 1.70878 -0.157154</i>
                        <i>-0.0977882 0.89486 0.435504 -0.980872 -0.0126555 -0.194241 -0.168307 -0.446168 0.878981 1.28721 1.7019 -0.168967</i>
                        <i>-0.0986844 0.885457 0.454123 -0.980105 -0.00751228 -0.198337 -0.172207 -0.464661 0.868582 1.29761 1.67447 -0.165289</i>
                        <i>-0.0586819 0.921905 0.382946 -0.978983 0.0219086 -0.20276 -0.195315 -0.386796 0.901244 1.2986 1.64268 -0.139022</i>
                        <i>-0.0552852 0.942653 0.329163 -0.98361 0.00524752 -0.180232 -0.171624 -0.333732 0.926913 1.29561 1.63428 -0.116869</i>
                        <i>-0.107794 0.893104 0.436744 -0.982168 -0.0276024 -0.185967 -0.154033 -0.449003 0.880154 1.30323 1.7178 -0.176484</i>
                        <i>-0.0994267 0.905078 0.413459 -0.982548 -0.0236539 -0.184499 -0.157206 -0.424587 0.891634 1.28701 1.68524 -0.146917</i>
                        <i>-0.0826375 0.927185 0.365374 -0.982973 -0.015457 -0.183097 -0.164118 -0.374284 0.912676 1.26858 1.64162 -0.107948</i>
                        <i>-0.0813484 0.945221 0.316133 -0.981828 -0.0214338 -0.188561 -0.171456 -0.325728 0.929787 1.26202 1.65962 -0.10992</i>
                        <i>-0.0851726 0.932409 0.351226 -0.973248 -0.00236098 -0.229746 -0.213388 -0.361398 0.907666 1.26611 1.62911 -0.101793</i>
                        <i>-0.0670654 0.949793 0.305606 -0.966636 0.0140416 -0.255769 -0.247219 -0.312563 0.917163 1.26557 1.62077 -0.0992368</i>
                        <i>-0.110956 0.902785 0.415533 -0.978933 -0.0271694 -0.202367 -0.171404 -0.429232 0.886781 1.26103 1.71394 -0.174559</i>
                        <i>-0.129298 0.888402 0.440481 -0.984455 -0.0617534 -0.164426 -0.118875 -0.454894 0.882576 1.23095 1.69346 -0.153489</i>
                        <i>-0.128818 0.894881 0.42731 -0.987539 -0.0764815 -0.137538 -0.0903986 -0.439703 0.893582 1.20775 1.65156 -0.115577</i>
                        <i>-0.0586693 0.942052 0.330297 -0.980545 0.00770354 -0.196142 -0.18732 -0.335379 0.923273 1.22978 1.61897 -0.0867079</i>
                        <i>-0.0369549 0.961941 0.270748 -0.976685 0.0225677 -0.21349 -0.211475 -0.272325 0.938679 1.24352 1.61725 -0.082155</i>
                        <i>-0.0795446 0.919806 0.384226 -0.98023 -0.00212332 -0.197849 -0.181167 -0.392368 0.90179 1.26797 1.70878 -0.157154</i>
                        <i>-0.0977781 0.894858 0.435511 -0.980873 -0.0126437 -0.19424 -0.168311 -0.446173 0.878977 1.28721 1.7019 -0.168967</i>
                        <i>-0.0986901 0.88546 0.454115 -0.980105 -0.00751981 -0.198338 -0.172205 -0.464654 0.868586 1.29761 1.67447 -0.165289</i>
                        <i>-0.0586904 0.92191 0.382933 -0.978983 0.0218971 -0.202761 -0.195313 -0.386785 0.901249 1.2986 1.64268 -0.139022</i>
                        <i>-0.0552845 0.942653 0.329163 -0.98361 0.00524823 -0.180232 -0.171624 -0.333732 0.926913 1.29561 1.63428 -0.116869</i>
                        <i>-0.107868 0.893111 0.436712 -0.982164 -0.0276856 -0.185976 -0.154007 -0.448984 0.880168 1.30323 1.7178 -0.176484</i>
                        <i>-0.0994474 0.90508 0.413448 -0.982547 -0.023677 -0.184502 -0.1572 -0.424581 0.891639 1.28701 1.68524 -0.146917</i>
                        <i>-0.0826449 0.927187 0.365369 -0.982973 -0.0154653 -0.183098 -0.164116 -0.37428 0.912678 1.26858 1.64162 -0.107948</i>
                        <i>-0.0813484 0.945221 0.316133 -0.981828 -0.0214338 -0.188561 -0.171456 -0.325728 0.929787 1.26202 1.65962 -0.10992</i>
                        <i>-0.0851549 0.932412 0.351222 -0.973248 -0.00234402 -0.229744 -0.213393 -0.36139 0.907668 1.26611 1.62911 -0.101793</i>
                        <i>-0.0670195 0.949796 0.305606 -0.966636 0.0140872 -0.255765 -0.24723 -0.312551 0.917163 1.26557 1.62077 -0.0992368</i>
                        <i>-0.110879 0.902791 0.415542 -0.978937 -0.0270883 -0.202358 -0.17143 -0.429227 0.886779 1.26103 1.71394 -0.174559</i>
                        <i>-0.129283 0.888405 0.440479 -0.984456 -0.0617374 -0.164424 -0.118881 -0.454889 0.882578 1.23095 1.69346 -0.153489</i>
                        <i>-0.128821 0.894883 0.427305 -0.987539 -0.0764849 -0.137538 -0.0903983 -0.439698 0.893585 1.20775 1.65156 -0.115577</i>
                        <i>-0.0586689 0.942052 0.330296 -0.980545 0.00770372 -0.196142 -0.18732 -0.335378 0.923273 1.22978 1.61897 -0.0867079</i>
                        <i>-0.0369978 0.961943 0.270733 -0.976685 0.0225221 -0.213495 -0.211468 -0.27232 0.938682 1.24352 1.61725 -0.082155</i>
                        <i>-0.0796056 0.919812 0.384199 -0.980228 -0.00219084 -0.197857 -0.18115 -0.392353 0.9018 1.26797 1.70878 -0.157154</i>
                        <i>-0.0977882 0.89486 0.435504 -0.980872 -0.0126555 -0.194241 -0.168307 -0.446168 0.878981 1.28721 1.7019 -0.168967</i>
                        <i>-0.0986844 0.885457 0.454123 -0.980105 -0.00751228 -0.198337 -0.172207 -0.464661 0.868582 1.29761 1.67447 -0.165289</i>
                        <i>-0.0586819 0.921905 0.382946 -0.978983 0.0219086 -0.20276 -0.195315 -0.386796 0.901244 1.2986 1.64268 -0.139022</i>
                        <i>-0.0552852 0.942653 0.329163 -0.98361 0.00524752 -0.180232 -0.171624 -0.333732 0.926913 1.29561 1.63428 -0.116869</i>
                        <i>-0.107794 0.893104 0.436744 -0.982168 -0.0276024 -0.185967 -0.154033 -0.449003 0.880154 1.30323 1.7178 -0.176484</i>
                        <i>-0.0994267 0.905078 0.413459 -0.982548 -0.0236539 -0.184499 -0.157206 -0.424587 0.891634 1.28701 1.68524 -0.146917</i>
                        <i>-0.0826375 0.927185 0.365374 -0.982973 -0.015457 -0.183097 -0.164118 -0.374284 0.912676 1.26858 1.64162 -0.107948</i>
                        <i>-0.0813484 0.945221 0.316133 -0.981828 -0.0214338 -0.188561 -0.171456 -0.325728 0.929787 1.26202 1.65962 -0.10992</i>
                    </KeyFrames>
                </p>
            </i>
            <i>
                <p>
                    <Name><![CDATA[spine1]]></Name>
                    <Exclude>0</Exclude>
                    <Additive>0</Additive>
                    <IKPriority>0</IKPriority>
                    <IKRotLimits>-1e+010 -1e+010 -1e+010 1e+010 1e+010 1e+010</IKRotLimits>
                    <IKRotLimitOrder>0</IKRotLimitOrder>
                    <KeyFrames count="81">
                        <i>-0.309412 0.721279 0.619694 -0.946593 -0.171466 -0.273058 -0.0906945 -0.671085 0.735812 1.24644 1.84092 -0.0494107</i>
                        <i>-0.349986 0.670008 0.654674 -0.933672 -0.192848 -0.301772 -0.0759374 -0.716867 0.693062 1.24929 1.8137 -0.0324308</i>
                        <i>-0.345736 0.718992 0.602924 -0.932143 -0.189496 -0.308545 -0.10759 -0.668686 0.735719 1.25211 1.81224 -0.0378161</i>
                        <i>-0.307305 0.594515 0.743045 -0.950817 -0.159934 -0.265271 -0.0388691 -0.788019 0.614423 1.23952 1.88938 -0.0939553</i>
                        <i>-0.220427 0.583161 0.781879 -0.973946 -0.0877857 -0.2091 -0.0533014 -0.807599 0.587318 1.20623 1.8635 -0.0693182</i>
                        <i>-0.160636 0.616504 0.770791 -0.98444 -0.0437118 -0.1702 -0.0712362 -0.786137 0.613933 1.18321 1.82217 -0.0342406</i>
                        <i>-0.240315 0.713039 0.658653 -0.965001 -0.102103 -0.241555 -0.104988 -0.69365 0.71262 1.21836 1.80272 -0.0224318</i>
                        <i>-0.260179 0.775669 0.575017 -0.955515 -0.121158 -0.268908 -0.138915 -0.619402 0.772686 1.23619 1.80864 -0.0284613</i>
                        <i>-0.284634 0.630507 0.722111 -0.955079 -0.121675 -0.270222 -0.0825142 -0.766587 0.636817 1.25261 1.88659 -0.083024</i>
                        <i>-0.317898 0.572967 0.755413 -0.946564 -0.146098 -0.287526 -0.0543787 -0.806451 0.588795 1.2678 1.87983 -0.0825524</i>
                        <i>-0.329895 0.56009 0.759914 -0.942707 -0.153059 -0.296439 -0.049721 -0.81417 0.578494 1.27747 1.85554 -0.0726419</i>
                        <i>-0.319899 0.644925 0.694072 -0.944088 -0.155308 -0.290821 -0.0797625 -0.748299 0.658549 1.2867 1.8303 -0.0612936</i>
                        <i>-0.338893 0.712475 0.614435 -0.937751 -0.203049 -0.28177 -0.075994 -0.671677 0.736936 1.28434 1.8272 -0.0497142</i>
                        <i>-0.374076 0.574633 0.727918 -0.927378 -0.236991 -0.289492 0.0061588 -0.783347 0.621554 1.28185 1.89524 -0.0898957</i>
                        <i>-0.35004 0.609566 0.711268 -0.936479 -0.209982 -0.280917 -0.0218838 -0.764419 0.644348 1.26743 1.86373 -0.0655474</i>
                        <i>-0.317423 0.675313 0.665729 -0.946061 -0.177475 -0.271056 -0.0648975 -0.71586 0.695221 1.25239 1.8236 -0.0363921</i>
                        <i>-0.309412 0.721279 0.619694 -0.946593 -0.171466 -0.273058 -0.0906945 -0.671085 0.735812 1.24644 1.84092 -0.0494107</i>
                        <i>-0.349883 0.670019 0.654719 -0.933746 -0.193103 -0.30138 -0.0755019 -0.716789 0.693191 1.24928 1.8137 -0.0324303</i>
                        <i>-0.345682 0.718994 0.602953 -0.932212 -0.189754 -0.308179 -0.107166 -0.668612 0.735849 1.2521 1.81223 -0.0378165</i>
                        <i>-0.307328 0.594504 0.743044 -0.950822 -0.160206 -0.265087 -0.0385552 -0.787972 0.614503 1.2395 1.88938 -0.0939574</i>
                        <i>-0.220411 0.583157 0.781887 -0.973957 -0.0878857 -0.209006 -0.0531669 -0.807591 0.587341 1.20622 1.8635 -0.0693175</i>
                        <i>-0.160612 0.616502 0.770798 -0.984448 -0.043746 -0.170141 -0.0711731 -0.786137 0.61394 1.18321 1.82217 -0.0342393</i>
                        <i>-0.240303 0.713039 0.658657 -0.965008 -0.102124 -0.241515 -0.104945 -0.693647 0.71263 1.21836 1.80272 -0.0224317</i>
                        <i>-0.26022 0.775662 0.575007 -0.955451 -0.120953 -0.269228 -0.139281 -0.61945 0.772582 1.2362 1.80864 -0.0284582</i>
                        <i>-0.284615 0.6305 0.722124 -0.955063 -0.121462 -0.270374 -0.0827603 -0.766627 0.636737 1.25262 1.88659 -0.083018</i>
                        <i>-0.317899 0.572964 0.755415 -0.946561 -0.146052 -0.287561 -0.0544325 -0.806462 0.588775 1.26781 1.87983 -0.0825509</i>
                        <i>-0.329887 0.560096 0.759913 -0.942713 -0.153106 -0.296396 -0.0496633 -0.814157 0.578517 1.27747 1.85554 -0.0726436</i>
                        <i>-0.319889 0.644936 0.694067 -0.944098 -0.155367 -0.290756 -0.0796837 -0.748277 0.658583 1.2867 1.8303 -0.0612965</i>
                        <i>-0.338893 0.712475 0.614436 -0.93775 -0.203046 -0.281774 -0.075998 -0.671678 0.736934 1.28434 1.8272 -0.049714</i>
                        <i>-0.374098 0.574645 0.727897 -0.927367 -0.237262 -0.289306 0.00645408 -0.783256 0.621666 1.28184 1.89524 -0.0899032</i>
                        <i>-0.350033 0.609573 0.711265 -0.936485 -0.210085 -0.280821 -0.0217545 -0.764386 0.644392 1.26743 1.86373 -0.0655497</i>
                        <i>-0.3174 0.675319 0.665734 -0.946076 -0.177546 -0.270956 -0.0647836 -0.715836 0.695257 1.25239 1.8236 -0.0363933</i>
                        <i>-0.309412 0.721279 0.619694 -0.946593 -0.171466 -0.273058 -0.0906945 -0.671085 0.735812 1.24644 1.84092 -0.0494107</i>
                        <i>-0.349986 0.670008 0.654674 -0.933672 -0.192848 -0.301772 -0.0759374 -0.716867 0.693062 1.24929 1.8137 -0.0324308</i>
                        <i>-0.345736 0.718992 0.602924 -0.932143 -0.189496 -0.308545 -0.10759 -0.668686 0.735719 1.25211 1.81224 -0.0378161</i>
                        <i>-0.307305 0.594515 0.743045 -0.950817 -0.159934 -0.265271 -0.0388691 -0.788019 0.614423 1.23952 1.88938 -0.0939553</i>
                        <i>-0.220427 0.583161 0.781879 -0.973946 -0.0877857 -0.2091 -0.0533014 -0.807599 0.587318 1.20623 1.8635 -0.0693182</i>
                        <i>-0.160636 0.616504 0.770791 -0.98444 -0.0437118 -0.1702 -0.0712362 -0.786137 0.613933 1.18321 1.82217 -0.0342406</i>
                        <i>-0.240315 0.713039 0.658653 -0.965001 -0.102103 -0.241555 -0.104988 -0.69365 0.71262 1.21836 1.80272 -0.0224318</i>
                        <i>-0.260179 0.775669 0.575017 -0.955515 -0.121158 -0.268908 -0.138915 -0.619402 0.772686 1.23619 1.80864 -0.0284613</i>
                        <i>-0.284634 0.630507 0.722111 -0.955079 -0.121675 -0.270222 -0.0825142 -0.766587 0.636817 1.25261 1.88659 -0.083024</i>
                        <i>-0.317898 0.572967 0.755413 -0.946564 -0.146098 -0.287526 -0.0543787 -0.806451 0.588795 1.2678 1.87983 -0.0825524</i>
                        <i>-0.329895 0.56009 0.759914 -0.942707 -0.153059 -0.296439 -0.049721 -0.81417 0.578494 1.27747 1.85554 -0.0726419</i>
                        <i>-0.319899 0.644925 0.694072 -0.944088 -0.155308 -0.290821 -0.0797625 -0.748299 0.658549 1.2867 1.8303 -0.0612936</i>
                        <i>-0.338893 0.712475 0.614435 -0.937751 -0.203049 -0.28177 -0.075994 -0.671677 0.736936 1.28434 1.8272 -0.0497142</i>
                        <i>-0.374076 0.574633 0.727918 -0.927378 -0.236991 -0.289492 0.0061588 -0.783347 0.621554 1.28185 1.89524 -0.0898957</i>
                        <i>-0.35004 0.609566 0.711268 -0.936479 -0.209982 -0.280917 -0.0218838 -0.764419 0.644348 1.26743 1.86373 -0.0655474</i>
                        <i>-0.317423 0.675313 0.665729 -0.946061 -0.177475 -0.271056 -0.0648975 -0.71586 0.695221 1.25239 1.8236 -0.0363921</i>
                        <i>-0.309412 0.721279 0.619694 -0.946593 -0.171466 -0.273058 -0.0906945 -0.671085 0.735812 1.24644 1.84092 -0.0494107</i>
                        <i>-0.349883 0.670019 0.654719 -0.933746 -0.193103 -0.30138 -0.0755019 -0.716789 0.693191 1.24928 1.8137 -0.0324303</i>
                        <i>-0.345682 0.718994 0.602953 -0.932212 -0.189754 -0.308179 -0.107166 -0.668612 0.735849 1.2521 1.81223 -0.0378165</i>
                        <i>-0.307328 0.594504 0.743044 -0.950822 -0.160206 -0.265087 -0.0385552 -0.787972 0.614503 1.2395 1.88938 -0.0939574</i>
                        <i>-0.220411 0.583157 0.781887 -0.973957 -0.0878857 -0.209006 -0.0531669 -0.807591 0.587341 1.20622 1.8635 -0.0693175</i>
                        <i>-0.160612 0.616502 0.770798 -0.984448 -0.043746 -0.170141 -0.0711731 -0.786137 0.61394 1.18321 1.82217 -0.0342393</i>
                        <i>-0.240303 0.713039 0.658657 -0.965008 -0.102124 -0.241515 -0.104945 -0.693647 0.71263 1.21836 1.80272 -0.0224317</i>
                        <i>-0.26022 0.775662 0.575007 -0.955451 -0.120953 -0.269228 -0.139281 -0.61945 0.772582 1.2362 1.80864 -0.0284582</i>
                        <i>-0.284615 0.6305 0.722124 -0.955063 -0.121462 -0.270374 -0.0827603 -0.766627 0.636737 1.25262 1.88659 -0.083018</i>
                        <i>-0.317899 0.572964 0.755415 -0.946561 -0.146052 -0.287561 -0.0544325 -0.806462 0.588775 1.26781 1.87983 -0.0825509</i>
                        <i>-0.329887 0.560096 0.759913 -0.942713 -0.153106 -0.296396 -0.0496633 -0.814157 0.578517 1.27747 1.85554 -0.0726436</i>
                        <i>-0.319889 0.644936 0.694067 -0.944098 -0.155367 -0.290756 -0.0796837 -0.748277 0.658583 1.2867 1.8303 -0.0612965</i>
                        <i>-0.338893 0.712475 0.614436 -0.93775 -0.203046 -0.281774 -0.075998 -0.671678 0.736934 1.28434 1.8272 -0.049714</i>
                        <i>-0.374098 0.574645 0.727897 -0.927367 -0.237262 -0.289306 0.00645408 -0.783256 0.621666 1.28184 1.89524 -0.0899032</i>
                        <i>-0.350033 0.609573 0.711265 -0.936485 -0.210085 -0.280821 -0.0217545 -0.764386 0.644392 1.26743 1.86373 -0.0655497</i>
                        <i>-0.3174 0.675319 0.665734 -0.946076 -0.177546 -0.270956 -0.0647836 -0.715836 0.695257 1.25239 1.8236 -0.0363933</i>
                        <i>-0.309412 0.721279 0.619694 -0.946593 -0.171466 -0.273058 -0.0906945 -0.671085 0.735812 1.24644 1.84092 -0.0494107</i>
                        <i>-0.349986 0.670008 0.654674 -0.933672 -0.192848 -0.301772 -0.0759374 -0.716867 0.693062 1.24929 1.8137 -0.0324308</i>
                        <i>-0.345736 0.718992 0.602924 -0.932143 -0.189496 -0.308545 -0.10759 -0.668686 0.735719 1.25211 1.81224 -0.0378161</i>
                        <i>-0.307305 0.594515 0.743045 -0.950817 -0.159934 -0.265271 -0.0388691 -0.788019 0.614423 1.23952 1.88938 -0.0939553</i>
                        <i>-0.220427 0.583161 0.781879 -0.973946 -0.0877857 -0.2091 -0.0533014 -0.807599 0.587318 1.20623 1.8635 -0.0693182</i>
                        <i>-0.160636 0.616504 0.770791 -0.98444 -0.0437118 -0.1702 -0.0712362 -0.786137 0.613933 1.18321 1.82217 -0.0342406</i>
                        <i>-0.240315 0.713039 0.658653 -0.965001 -0.102103 -0.241555 -0.104988 -0.69365 0.71262 1.21836 1.80272 -0.0224318</i>
                        <i>-0.260179 0.775669 0.575017 -0.955515 -0.121158 -0.268908 -0.138915 -0.619402 0.772686 1.23619 1.80864 -0.0284613</i>
                        <i>-0.284634 0.630507 0.722111 -0.955079 -0.121675 -0.270222 -0.0825142 -0.766587 0.636817 1.25261 1.88659 -0.083024</i>
                        <i>-0.317898 0.572967 0.755413 -0.946564 -0.146098 -0.287526 -0.0543787 -0.806451 0.588795 1.2678 1.87983 -0.0825524</i>
                        <i>-0.329895 0.56009 0.759914 -0.942707 -0.153059 -0.296439 -0.049721 -0.81417 0.578494 1.27747 1.85554 -0.0726419</i>
                        <i>-0.319899 0.644925 0.694072 -0.944088 -0.155308 -0.290821 -0.0797625 -0.748299 0.658549 1.2867 1.8303 -0.0612936</i>
                        <i>-0.338893 0.712475 0.614435 -0.937751 -0.203049 -0.28177 -0.075994 -0.671677 0.736936 1.28434 1.8272 -0.0497142</i>
                        <i>-0.374076 0.574633 0.727918 -0.927378 -0.236991 -0.289492 0.0061588 -0.783347 0.621554 1.28185 1.89524 -0.0898957</i>
                        <i>-0.35004 0.609566 0.711268 -0.936479 -0.209982 -0.280917 -0.0218838 -0.764419 0.644348 1.26743 1.86373 -0.0655474</i>
                        <i>-0.317423 0.675313 0.665729 -0.946061 -0.177475 -0.271056 -0.0648975 -0.71586 0.695221 1.25239 1.8236 -0.0363921</i>
                        <i>-0.309412 0.721279 0.619694 -0.946593 -0.171466 -0.273058 -0.0906945 -0.671085 0.735812 1.24644 1.84092 -0.0494107</i>
                    </KeyFrames>
                </p>
            </i>
            <i>
                <p>
                    <Name><![CDATA[spine2]]></Name>
                    <Exclude>0</Exclude>
                    <Additive>0</Additive>
                    <IKPriority>0</IKPriority>
                    <IKRotLimits>-1e+010 -1e+010 -1e+010 1e+010 1e+010 1e+010</IKRotLimits>
                    <IKRotLimitOrder>0</IKRotLimitOrder>
                    <KeyFrames count="81">
                        <i>-0.383553 0.508833 0.770699 -0.921769 -0.159583 -0.353376 -0.056819 -0.845945 0.530235 1.19182 1.96782 0.0600999</i>
                        <i>-0.396949 0.48677 0.77813 -0.916821 -0.170336 -0.361143 -0.0432499 -0.856762 0.513896 1.18558 1.93523 0.0869878</i>
                        <i>-0.393821 0.517441 0.75971 -0.91779 -0.175815 -0.356019 -0.0506508 -0.837462 0.544143 1.188 1.94509 0.0742671</i>
                        <i>-0.353285 0.451728 0.819226 -0.935164 -0.146521 -0.32249 -0.0256443 -0.880042 0.474203 1.18463 1.99517 0.0389677</i>
                        <i>-0.300311 0.447646 0.842274 -0.953093 -0.105853 -0.283565 -0.0377796 -0.887924 0.458437 1.16742 1.96571 0.0683846</i>
                        <i>-0.266308 0.466275 0.843604 -0.962448 -0.0808045 -0.259163 -0.052674 -0.880942 0.470284 1.155 1.92986 0.100999</i>
                        <i>-0.332708 0.508146 0.794414 -0.941246 -0.12715 -0.312871 -0.0579742 -0.851834 0.520594 1.17523 1.93023 0.0959331</i>
                        <i>-0.363891 0.537792 0.760502 -0.927916 -0.138334 -0.346173 -0.0809661 -0.831651 0.549364 1.18853 1.95019 0.0770535</i>
                        <i>-0.374539 0.446362 0.8127 -0.925291 -0.123546 -0.358571 -0.0596468 -0.886283 0.459287 1.202 1.99824 0.0454857</i>
                        <i>-0.398407 0.412792 0.819069 -0.915522 -0.124838 -0.382408 -0.0556043 -0.90223 0.427656 1.20968 1.98408 0.0557204</i>
                        <i>-0.408597 0.405313 0.817783 -0.910973 -0.12577 -0.392824 -0.0563639 -0.905485 0.420618 1.21544 1.96028 0.0704427</i>
                        <i>-0.401771 0.455609 0.794356 -0.9135 -0.138769 -0.38244 -0.0640113 -0.879297 0.471952 1.22682 1.95047 0.0688523</i>
                        <i>-0.398626 0.509449 0.7626 -0.915249 -0.167991 -0.366194 -0.058447 -0.843943 0.533239 1.22052 1.96084 0.0662592</i>
                        <i>-0.392004 0.44538 0.804966 -0.919855 -0.176328 -0.350392 -0.0141201 -0.877807 0.478806 1.21357 1.99973 0.0432728</i>
                        <i>-0.385308 0.459537 0.800227 -0.922443 -0.168111 -0.347616 -0.0252148 -0.872104 0.488671 1.20398 1.97382 0.0636297</i>
