<?xml version="1.0" encoding="ISO-8859-1" ?>
<Animl Version="1">
    <ModellingPackage><![CDATA[Maya.2010]]></ModellingPackage>
    <SrcFile><![CDATA[anims\turrets\machinegun\red\~src\mgun_nsv\mgun_nsv_idle_crewman_c.mb]]></SrcFile>
    <FramesPerSecond>30</FramesPerSecond>
    <TotalFrames>193</TotalFrames>
    <Skeleton>
        <RefFrame>
            <Name><![CDATA[soldier_ref_frame]]></Name>
            <Exclude>0</Exclude>
            <Additive>0</Additive>
            <IKPriority>0</IKPriority>
            <IKRotLimits>-1e+010 -1e+010 -1e+010 1e+010 1e+010 1e+010</IKRotLimits>
            <IKRotLimitOrder>0</IKRotLimitOrder>
            <KeyFrames count="193">
                <i>1 0 0 0 1 0 0 0 1 1.59193 0.937567 0.255518</i>
                <i>1 0 0 0 1 0 0 0 1 1.59193 0.937567 0.255518</i>
                <i>1 0 0 0 1 0 0 0 1 1.59193 0.937567 0.255518</i>
                <i>1 0 0 0 1 0 0 0 1 1.59193 0.937567 0.255518</i>
                <i>1 0 0 0 1 0 0 0 1 1.59193 0.937567 0.255518</i>
                <i>1 0 0 0 1 0 0 0 1 1.59193 0.937567 0.255518</i>
                <i>1 0 0 0 1 0 0 0 1 1.59193 0.937567 0.255518</i>
                <i>1 0 0 0 1 0 0 0 1 1.59193 0.937567 0.255518</i>
                <i>1 0 0 0 1 0 0 0 1 1.59193 0.937567 0.255518</i>
                <i>1 0 0 0 1 0 0 0 1 1.59193 0.937567 0.255518</i>
                <i>1 0 0 0 1 0 0 0 1 1.59193 0.937567 0.255518</i>
                <i>1 0 0 0 1 0 0 0 1 1.59193 0.937567 0.255518</i>
                <i>1 0 0 0 1 0 0 0 1 1.59193 0.937567 0.255518</i>
                <i>1 0 0 0 1 0 0 0 1 1.59193 0.937567 0.255518</i>
                <i>1 0 0 0 1 0 0 0 1 1.59193 0.937567 0.255518</i>
                <i>1 0 0 0 1 0 0 0 1 1.59193 0.937567 0.255518</i>
                <i>1 0 0 0 1 0 0 0 1 1.59193 0.937567 0.255518</i>
                <i>1 0 0 0 1 0 0 0 1 1.59193 0.937567 0.255518</i>
                <i>1 0 0 0 1 0 0 0 1 1.59193 0.937567 0.255518</i>
                <i>1 0 0 0 1 0 0 0 1 1.59193 0.937567 0.255518</i>
                <i>1 0 0 0 1 0 0 0 1 1.59193 0.937567 0.255518</i>
                <i>1 0 0 0 1 0 0 0 1 1.59193 0.937567 0.255518</i>
                <i>1 0 0 0 1 0 0 0 1 1.59193 0.937567 0.255518</i>
                <i>1 0 0 0 1 0 0 0 1 1.59193 0.937567 0.255518</i>
                <i>1 0 0 0 1 0 0 0 1 1.59193 0.937567 0.255518</i>
                <i>1 0 0 0 1 0 0 0 1 1.59193 0.937567 0.255518</i>
                <i>1 0 0 0 1 0 0 0 1 1.59193 0.937567 0.255518</i>
                <i>1 0 0 0 1 0 0 0 1 1.59193 0.937567 0.255518</i>
                <i>1 0 0 0 1 0 0 0 1 1.59193 0.937567 0.255518</i>
                <i>1 0 0 0 1 0 0 0 1 1.59193 0.937567 0.255518</i>
                <i>1 0 0 0 1 0 0 0 1 1.59193 0.937567 0.255518</i>
                <i>1 0 0 0 1 0 0 0 1 1.59193 0.937567 0.255518</i>
                <i>1 0 0 0 1 0 0 0 1 1.59193 0.937567 0.255518</i>
                <i>1 0 0 0 1 0 0 0 1 1.59193 0.937567 0.255518</i>
                <i>1 0 0 0 1 0 0 0 1 1.59193 0.937567 0.255518</i>
                <i>1 0 0 0 1 0 0 0 1 1.59193 0.937567 0.255518</i>
                <i>1 0 0 0 1 0 0 0 1 1.59193 0.937567 0.255518</i>
                <i>1 0 0 0 1 0 0 0 1 1.59193 0.937567 0.255518</i>
                <i>1 0 0 0 1 0 0 0 1 1.59193 0.937567 0.255518</i>
                <i>1 0 0 0 1 0 0 0 1 1.59193 0.937567 0.255518</i>
                <i>1 0 0 0 1 0 0 0 1 1.59193 0.937567 0.255518</i>
                <i>1 0 0 0 1 0 0 0 1 1.59193 0.937567 0.255518</i>
                <i>1 0 0 0 1 0 0 0 1 1.59193 0.937567 0.255518</i>
                <i>1 0 0 0 1 0 0 0 1 1.59193 0.937567 0.255518</i>
                <i>1 0 0 0 1 0 0 0 1 1.59193 0.937567 0.255518</i>
                <i>1 0 0 0 1 0 0 0 1 1.59193 0.937567 0.255518</i>
                <i>1 0 0 0 1 0 0 0 1 1.59193 0.937567 0.255518</i>
                <i>1 0 0 0 1 0 0 0 1 1.59193 0.937567 0.255518</i>
                <i>1 0 0 0 1 0 0 0 1 1.59193 0.937567 0.255518</i>
                <i>1 0 0 0 1 0 0 0 1 1.59193 0.937567 0.255518</i>
                <i>1 0 0 0 1 0 0 0 1 1.59193 0.937567 0.255518</i>
                <i>1 0 0 0 1 0 0 0 1 1.59193 0.937567 0.255518</i>
                <i>1 0 0 0 1 0 0 0 1 1.59193 0.937567 0.255518</i>
                <i>1 0 0 0 1 0 0 0 1 1.59193 0.937567 0.255518</i>
                <i>1 0 0 0 1 0 0 0 1 1.59193 0.937567 0.255518</i>
                <i>1 0 0 0 1 0 0 0 1 1.59193 0.937567 0.255518</i>
                <i>1 0 0 0 1 0 0 0 1 1.59193 0.937567 0.255518</i>
                <i>1 0 0 0 1 0 0 0 1 1.59193 0.937567 0.255518</i>
                <i>1 0 0 0 1 0 0 0 1 1.59193 0.937567 0.255518</i>
                <i>1 0 0 0 1 0 0 0 1 1.59193 0.937567 0.255518</i>
                <i>1 0 0 0 1 0 0 0 1 1.59193 0.937567 0.255518</i>
                <i>1 0 0 0 1 0 0 0 1 1.59193 0.937567 0.255518</i>
                <i>1 0 0 0 1 0 0 0 1 1.59193 0.937567 0.255518</i>
                <i>1 0 0 0 1 0 0 0 1 1.59193 0.937567 0.255518</i>
                <i>1 0 0 0 1 0 0 0 1 1.59193 0.937567 0.255518</i>
                <i>1 0 0 0 1 0 0 0 1 1.59193 0.937567 0.255518</i>
                <i>1 0 0 0 1 0 0 0 1 1.59193 0.937567 0.255518</i>
                <i>1 0 0 0 1 0 0 0 1 1.59193 0.937567 0.255518</i>
                <i>1 0 0 0 1 0 0 0 1 1.59193 0.937567 0.255518</i>
                <i>1 0 0 0 1 0 0 0 1 1.59193 0.937567 0.255518</i>
                <i>1 0 0 0 1 0 0 0 1 1.59193 0.937567 0.255518</i>
                <i>1 0 0 0 1 0 0 0 1 1.59193 0.937567 0.255518</i>
                <i>1 0 0 0 1 0 0 0 1 1.59193 0.937567 0.255518</i>
                <i>1 0 0 0 1 0 0 0 1 1.59193 0.937567 0.255518</i>
                <i>1 0 0 0 1 0 0 0 1 1.59193 0.937567 0.255518</i>
                <i>1 0 0 0 1 0 0 0 1 1.59193 0.937567 0.255518</i>
                <i>1 0 0 0 1 0 0 0 1 1.59193 0.937567 0.255518</i>
                <i>1 0 0 0 1 0 0 0 1 1.59193 0.937567 0.255518</i>
                <i>1 0 0 0 1 0 0 0 1 1.59193 0.937567 0.255518</i>
                <i>1 0 0 0 1 0 0 0 1 1.59193 0.937567 0.255518</i>
                <i>1 0 0 0 1 0 0 0 1 1.59193 0.937567 0.255518</i>
                <i>1 0 0 0 1 0 0 0 1 1.59193 0.937567 0.255518</i>
                <i>1 0 0 0 1 0 0 0 1 1.59193 0.937567 0.255518</i>
                <i>1 0 0 0 1 0 0 0 1 1.59193 0.937567 0.255518</i>
                <i>1 0 0 0 1 0 0 0 1 1.59193 0.937567 0.255518</i>
                <i>1 0 0 0 1 0 0 0 1 1.59193 0.937567 0.255518</i>
                <i>1 0 0 0 1 0 0 0 1 1.59193 0.937567 0.255518</i>
                <i>1 0 0 0 1 0 0 0 1 1.59193 0.937567 0.255518</i>
                <i>1 0 0 0 1 0 0 0 1 1.59193 0.937567 0.255518</i>
                <i>1 0 0 0 1 0 0 0 1 1.59193 0.937567 0.255518</i>
                <i>1 0 0 0 1 0 0 0 1 1.59193 0.937567 0.255518</i>
                <i>1 0 0 0 1 0 0 0 1 1.59193 0.937567 0.255518</i>
                <i>1 0 0 0 1 0 0 0 1 1.59193 0.937567 0.255518</i>
                <i>1 0 0 0 1 0 0 0 1 1.59193 0.937567 0.255518</i>
                <i>1 0 0 0 1 0 0 0 1 1.59193 0.937567 0.255518</i>
                <i>1 0 0 0 1 0 0 0 1 1.59193 0.937567 0.255518</i>
                <i>1 0 0 0 1 0 0 0 1 1.59193 0.937567 0.255518</i>
                <i>1 0 0 0 1 0 0 0 1 1.59193 0.937567 0.255518</i>
                <i>1 0 0 0 1 0 0 0 1 1.59193 0.937567 0.255518</i>
                <i>1 0 0 0 1 0 0 0 1 1.59193 0.937567 0.255518</i>
                <i>1 0 0 0 1 0 0 0 1 1.59193 0.937567 0.255518</i>
                <i>1 0 0 0 1 0 0 0 1 1.59193 0.937567 0.255518</i>
                <i>1 0 0 0 1 0 0 0 1 1.59193 0.937567 0.255518</i>
                <i>1 0 0 0 1 0 0 0 1 1.59193 0.937567 0.255518</i>
                <i>1 0 0 0 1 0 0 0 1 1.59193 0.937567 0.255518</i>
                <i>1 0 0 0 1 0 0 0 1 1.59193 0.937567 0.255518</i>
                <i>1 0 0 0 1 0 0 0 1 1.59193 0.937567 0.255518</i>
                <i>1 0 0 0 1 0 0 0 1 1.59193 0.937567 0.255518</i>
                <i>1 0 0 0 1 0 0 0 1 1.59193 0.937567 0.255518</i>
                <i>1 0 0 0 1 0 0 0 1 1.59193 0.937567 0.255518</i>
                <i>1 0 0 0 1 0 0 0 1 1.59193 0.937567 0.255518</i>
                <i>1 0 0 0 1 0 0 0 1 1.59193 0.937567 0.255518</i>
                <i>1 0 0 0 1 0 0 0 1 1.59193 0.937567 0.255518</i>
                <i>1 0 0 0 1 0 0 0 1 1.59193 0.937567 0.255518</i>
                <i>1 0 0 0 1 0 0 0 1 1.59193 0.937567 0.255518</i>
                <i>1 0 0 0 1 0 0 0 1 1.59193 0.937567 0.255518</i>
                <i>1 0 0 0 1 0 0 0 1 1.59193 0.937567 0.255518</i>
                <i>1 0 0 0 1 0 0 0 1 1.59193 0.937567 0.255518</i>
                <i>1 0 0 0 1 0 0 0 1 1.59193 0.937567 0.255518</i>
                <i>1 0 0 0 1 0 0 0 1 1.59193 0.937567 0.255518</i>
                <i>1 0 0 0 1 0 0 0 1 1.59193 0.937567 0.255518</i>
                <i>1 0 0 0 1 0 0 0 1 1.59193 0.937567 0.255518</i>
                <i>1 0 0 0 1 0 0 0 1 1.59193 0.937567 0.255518</i>
                <i>1 0 0 0 1 0 0 0 1 1.59193 0.937567 0.255518</i>
                <i>1 0 0 0 1 0 0 0 1 1.59193 0.937567 0.255518</i>
                <i>1 0 0 0 1 0 0 0 1 1.59193 0.937567 0.255518</i>
                <i>1 0 0 0 1 0 0 0 1 1.59193 0.937567 0.255518</i>
                <i>1 0 0 0 1 0 0 0 1 1.59193 0.937567 0.255518</i>
                <i>1 0 0 0 1 0 0 0 1 1.59193 0.937567 0.255518</i>
                <i>1 0 0 0 1 0 0 0 1 1.59193 0.937567 0.255518</i>
                <i>1 0 0 0 1 0 0 0 1 1.59193 0.937567 0.255518</i>
                <i>1 0 0 0 1 0 0 0 1 1.59193 0.937567 0.255518</i>
                <i>1 0 0 0 1 0 0 0 1 1.59193 0.937567 0.255518</i>
                <i>1 0 0 0 1 0 0 0 1 1.59193 0.937567 0.255518</i>
                <i>1 0 0 0 1 0 0 0 1 1.59193 0.937567 0.255518</i>
                <i>1 0 0 0 1 0 0 0 1 1.59193 0.937567 0.255518</i>
                <i>1 0 0 0 1 0 0 0 1 1.59193 0.937567 0.255518</i>
                <i>1 0 0 0 1 0 0 0 1 1.59193 0.937567 0.255518</i>
                <i>1 0 0 0 1 0 0 0 1 1.59193 0.937567 0.255518</i>
                <i>1 0 0 0 1 0 0 0 1 1.59193 0.937567 0.255518</i>
                <i>1 0 0 0 1 0 0 0 1 1.59193 0.937567 0.255518</i>
                <i>1 0 0 0 1 0 0 0 1 1.59193 0.937567 0.255518</i>
                <i>1 0 0 0 1 0 0 0 1 1.59193 0.937567 0.255518</i>
                <i>1 0 0 0 1 0 0 0 1 1.59193 0.937567 0.255518</i>
                <i>1 0 0 0 1 0 0 0 1 1.59193 0.937567 0.255518</i>
                <i>1 0 0 0 1 0 0 0 1 1.59193 0.937567 0.255518</i>
                <i>1 0 0 0 1 0 0 0 1 1.59193 0.937567 0.255518</i>
                <i>1 0 0 0 1 0 0 0 1 1.59193 0.937567 0.255518</i>
                <i>1 0 0 0 1 0 0 0 1 1.59193 0.937567 0.255518</i>
                <i>1 0 0 0 1 0 0 0 1 1.59193 0.937567 0.255518</i>
                <i>1 0 0 0 1 0 0 0 1 1.59193 0.937567 0.255518</i>
                <i>1 0 0 0 1 0 0 0 1 1.59193 0.937567 0.255518</i>
                <i>1 0 0 0 1 0 0 0 1 1.59193 0.937567 0.255518</i>
                <i>1 0 0 0 1 0 0 0 1 1.59193 0.937567 0.255518</i>
                <i>1 0 0 0 1 0 0 0 1 1.59193 0.937567 0.255518</i>
                <i>1 0 0 0 1 0 0 0 1 1.59193 0.937567 0.255518</i>
                <i>1 0 0 0 1 0 0 0 1 1.59193 0.937567 0.255518</i>
                <i>1 0 0 0 1 0 0 0 1 1.59193 0.937567 0.255518</i>
                <i>1 0 0 0 1 0 0 0 1 1.59193 0.937567 0.255518</i>
                <i>1 0 0 0 1 0 0 0 1 1.59193 0.937567 0.255518</i>
                <i>1 0 0 0 1 0 0 0 1 1.59193 0.937567 0.255518</i>
                <i>1 0 0 0 1 0 0 0 1 1.59193 0.937567 0.255518</i>
                <i>1 0 0 0 1 0 0 0 1 1.59193 0.937567 0.255518</i>
                <i>1 0 0 0 1 0 0 0 1 1.59193 0.937567 0.255518</i>
                <i>1 0 0 0 1 0 0 0 1 1.59193 0.937567 0.255518</i>
                <i>1 0 0 0 1 0 0 0 1 1.59193 0.937567 0.255518</i>
                <i>1 0 0 0 1 0 0 0 1 1.59193 0.937567 0.255518</i>
                <i>1 0 0 0 1 0 0 0 1 1.59193 0.937567 0.255518</i>
                <i>1 0 0 0 1 0 0 0 1 1.59193 0.937567 0.255518</i>
                <i>1 0 0 0 1 0 0 0 1 1.59193 0.937567 0.255518</i>
                <i>1 0 0 0 1 0 0 0 1 1.59193 0.937567 0.255518</i>
                <i>1 0 0 0 1 0 0 0 1 1.59193 0.937567 0.255518</i>
                <i>1 0 0 0 1 0 0 0 1 1.59193 0.937567 0.255518</i>
                <i>1 0 0 0 1 0 0 0 1 1.59193 0.937567 0.255518</i>
                <i>1 0 0 0 1 0 0 0 1 1.59193 0.937567 0.255518</i>
                <i>1 0 0 0 1 0 0 0 1 1.59193 0.937567 0.255518</i>
                <i>1 0 0 0 1 0 0 0 1 1.59193 0.937567 0.255518</i>
                <i>1 0 0 0 1 0 0 0 1 1.59193 0.937567 0.255518</i>
                <i>1 0 0 0 1 0 0 0 1 1.59193 0.937567 0.255518</i>
                <i>1 0 0 0 1 0 0 0 1 1.59193 0.937567 0.255518</i>
                <i>1 0 0 0 1 0 0 0 1 1.59193 0.937567 0.255518</i>
                <i>1 0 0 0 1 0 0 0 1 1.59193 0.937567 0.255518</i>
                <i>1 0 0 0 1 0 0 0 1 1.59193 0.937567 0.255518</i>
                <i>1 0 0 0 1 0 0 0 1 1.59193 0.937567 0.255518</i>
                <i>1 0 0 0 1 0 0 0 1 1.59193 0.937567 0.255518</i>
                <i>1 0 0 0 1 0 0 0 1 1.59193 0.937567 0.255518</i>
                <i>1 0 0 0 1 0 0 0 1 1.59193 0.937567 0.255518</i>
                <i>1 0 0 0 1 0 0 0 1 1.59193 0.937567 0.255518</i>
                <i>1 0 0 0 1 0 0 0 1 1.59193 0.937567 0.255518</i>
                <i>1 0 0 0 1 0 0 0 1 1.59193 0.937567 0.255518</i>
                <i>1 0 0 0 1 0 0 0 1 1.59193 0.937567 0.255518</i>
                <i>1 0 0 0 1 0 0 0 1 1.59193 0.937567 0.255518</i>
                <i>1 0 0 0 1 0 0 0 1 1.59193 0.937567 0.255518</i>
            </KeyFrames>
        </RefFrame>
        <Bones count="23">
            <i>
                <p>
                    <Name><![CDATA[pelvis]]></Name>
                    <Exclude>0</Exclude>
                    <Additive>0</Additive>
                    <IKPriority>0</IKPriority>
                    <IKRotLimits>-1e+010 -1e+010 -1e+010 1e+010 1e+010 1e+010</IKRotLimits>
                    <IKRotLimitOrder>2</IKRotLimitOrder>
                    <KeyFrames count="193">
                        <i>1 0 0 0 1 0 0 0 1 1.64873 1.52377 0.57151</i>
                        <i>1 0 0 0 1 0 0 0 1 1.64873 1.52511 0.571442</i>
                        <i>1 0 0 0 1 0 0 0 1 1.64873 1.52645 0.571254</i>
                        <i>1 0 0 0 1 0 0 0 1 1.64872 1.52777 0.570968</i>
                        <i>1 0 0 0 1 0 0 0 1 1.64872 1.52907 0.570605</i>
                        <i>1 0 0 0 1 0 0 0 1 1.64871 1.53032 0.570187</i>
                        <i>1 0 0 0 1 0 0 0 1 1.6487 1.53153 0.569736</i>
                        <i>1 0 0 0 1 0 0 0 1 1.64868 1.53267 0.569275</i>
                        <i>1 0 0 0 1 0 0 0 1 1.64866 1.53374 0.568824</i>
                        <i>1 0 0 0 1 0 0 0 1 1.64863 1.53472 0.568407</i>
                        <i>1 0 0 0 1 0 0 0 1 1.64861 1.5356 0.568044</i>
                        <i>1 0 0 0 1 0 0 0 1 1.64859 1.53637 0.567759</i>
                        <i>1 0 0 0 1 0 0 0 1 1.64858 1.53703 0.567571</i>
                        <i>1 0 0 0 1 0 0 0 1 1.64857 1.53756 0.56744</i>
                        <i>1 0 0 0 1 0 0 0 1 1.64856 1.53799 0.567313</i>
                        <i>1 0 0 0 1 0 0 0 1 1.64855 1.5383 0.56719</i>
                        <i>1 0 0 0 1 0 0 0 1 1.64854 1.5385 0.567075</i>
                        <i>1 0 0 0 1 0 0 0 1 1.64853 1.53858 0.56697</i>
                        <i>1 0 0 0 1 0 0 0 1 1.64852 1.53853 0.566877</i>
                        <i>1 0 0 0 1 0 0 0 1 1.64852 1.53836 0.566798</i>
                        <i>1 0 0 0 1 0 0 0 1 1.64851 1.53808 0.566736</i>
                        <i>1 0 0 0 1 0 0 0 1 1.64851 1.53768 0.566694</i>
                        <i>1 0 0 0 1 0 0 0 1 1.6485 1.53718 0.566674</i>
                        <i>1 0 0 0 1 0 0 0 1 1.64851 1.53658 0.566677</i>
                        <i>1 0 0 0 1 0 0 0 1 1.64851 1.53588 0.566706</i>
                        <i>1 0 0 0 1 0 0 0 1 1.64851 1.53509 0.566765</i>
                        <i>1 0 0 0 1 0 0 0 1 1.64852 1.53422 0.566854</i>
                        <i>1 0 0 0 1 0 0 0 1 1.64853 1.53327 0.566977</i>
                        <i>1 0 0 0 1 0 0 0 1 1.64854 1.53224 0.567136</i>
                        <i>1 0 0 0 1 0 0 0 1 1.64856 1.53115 0.567333</i>
                        <i>1 0 0 0 1 0 0 0 1 1.64858 1.52999 0.567571</i>
                        <i>1 0 0 0 1 0 0 0 1 1.64864 1.52877 0.567907</i>
                        <i>1 0 0 0 1 0 0 0 1 1.64878 1.52748 0.568381</i>
                        <i>1 0 0 0 1 0 0 0 1 1.64896 1.52612 0.568968</i>
                        <i>1 0 0 0 1 0 0 0 1 1.64916 1.52472 0.569643</i>
                        <i>1 0 0 0 1 0 0 0 1 1.64937 1.52328 0.570383</i>
                        <i>1 0 0 0 1 0 0 0 1 1.64955 1.52179 0.571161</i>
                        <i>1 0 0 0 1 0 0 0 1 1.64969 1.52029 0.571953</i>
                        <i>1 0 0 0 1 0 0 0 1 1.64977 1.51876 0.572734</i>
                        <i>1 0 0 0 1 0 0 0 1 1.64976 1.51722 0.57348</i>
                        <i>1 0 0 0 1 0 0 0 1 1.64965 1.51568 0.574165</i>
                        <i>1 0 0 0 1 0 0 0 1 1.64943 1.51414 0.574764</i>
                        <i>1 0 0 0 1 0 0 0 1 1.64908 1.51262 0.575253</i>
                        <i>1 0 0 0 1 0 0 0 1 1.64858 1.51111 0.575608</i>
                        <i>1 0 0 0 1 0 0 0 1 1.64792 1.50963 0.575865</i>
                        <i>1 0 0 0 1 0 0 0 1 1.64713 1.50817 0.576082</i>
                        <i>1 0 0 0 1 0 0 0 1 1.64621 1.50674 0.576261</i>
                        <i>1 0 0 0 1 0 0 0 1 1.64519 1.50533 0.576406</i>
                        <i>1 0 0 0 1 0 0 0 1 1.64409 1.50396 0.576519</i>
                        <i>1 0 0 0 1 0 0 0 1 1.64292 1.50263 0.576604</i>
                        <i>1 0 0 0 1 0 0 0 1 1.64171 1.50134 0.576663</i>
                        <i>1 0 0 0 1 0 0 0 1 1.64047 1.5001 0.5767</i>
                        <i>1 0 0 0 1 0 0 0 1 1.63923 1.49892 0.576718</i>
                        <i>1 0 0 0 1 0 0 0 1 1.638 1.49779 0.57672</i>
                        <i>1 0 0 0 1 0 0 0 1 1.6368 1.49672 0.576708</i>
                        <i>1 0 0 0 1 0 0 0 1 1.63565 1.49572 0.576687</i>
                        <i>1 0 0 0 1 0 0 0 1 1.63457 1.4948 0.576658</i>
                        <i>1 0 0 0 1 0 0 0 1 1.63359 1.49395 0.576626</i>
                        <i>1 0 0 0 1 0 0 0 1 1.6327 1.49318 0.576592</i>
                        <i>1 0 0 0 1 0 0 0 1 1.63195 1.4925 0.576561</i>
                        <i>1 0 0 0 1 0 0 0 1 1.63134 1.4919 0.576535</i>
                        <i>1 0 0 0 1 0 0 0 1 1.6309 1.49141 0.576517</i>
                        <i>1 0 0 0 1 0 0 0 1 1.63064 1.49101 0.57651</i>
                        <i>1 0 0 0 1 0 0 0 1 1.63049 1.49072 0.57651</i>
                        <i>1 0 0 0 1 0 0 0 1 1.63033 1.49055 0.576511</i>
                        <i>1 0 0 0 1 0 0 0 1 1.63018 1.49049 0.576511</i>
                        <i>1 0 0 0 1 0 0 0 1 1.63004 1.49055 0.576512</i>
                        <i>1 0 0 0 1 0 0 0 1 1.62989 1.49073 0.576513</i>
                        <i>1 0 0 0 1 0 0 0 1 1.62976 1.49102 0.576513</i>
                        <i>1 0 0 0 1 0 0 0 1 1.62962 1.49141 0.576514</i>
                        <i>1 0 0 0 1 0 0 0 1 1.62949 1.49191 0.576516</i>
                        <i>1 0 0 0 1 0 0 0 1 1.62936 1.49251 0.576517</i>
                        <i>1 0 0 0 1 0 0 0 1 1.62924 1.49319 0.576518</i>
                        <i>1 0 0 0 1 0 0 0 1 1.62912 1.49397 0.576519</i>
                        <i>1 0 0 0 1 0 0 0 1 1.62901 1.49482 0.576521</i>
                        <i>1 0 0 0 1 0 0 0 1 1.62889 1.49575 0.576522</i>
                        <i>1 0 0 0 1 0 0 0 1 1.62879 1.49675 0.576524</i>
                        <i>1 0 0 0 1 0 0 0 1 1.62868 1.49782 0.576525</i>
                        <i>1 0 0 0 1 0 0 0 1 1.62858 1.49895 0.576527</i>
                        <i>1 0 0 0 1 0 0 0 1 1.62848 1.50014 0.576528</i>
                        <i>1 0 0 0 1 0 0 0 1 1.62839 1.50137 0.57653</i>
                        <i>1 0 0 0 1 0 0 0 1 1.6283 1.50266 0.576531</i>
                        <i>1 0 0 0 1 0 0 0 1 1.62821 1.50398 0.576533</i>
                        <i>1 0 0 0 1 0 0 0 1 1.62813 1.50534 0.576534</i>
                        <i>1 0 0 0 1 0 0 0 1 1.62805 1.50673 0.576535</i>
                        <i>1 0 0 0 1 0 0 0 1 1.62797 1.50814 0.576536</i>
                        <i>1 0 0 0 1 0 0 0 1 1.6279 1.50958 0.576537</i>
                        <i>1 0 0 0 1 0 0 0 1 1.62783 1.51103 0.576538</i>
                        <i>1 0 0 0 1 0 0 0 1 1.62777 1.51249 0.576539</i>
                        <i>1 0 0 0 1 0 0 0 1 1.62771 1.51396 0.57654</i>
                        <i>1 0 0 0 1 0 0 0 1 1.62765 1.51542 0.57654</i>
                        <i>1 0 0 0 1 0 0 0 1 1.6276 1.51688 0.576541</i>
                        <i>1 0 0 0 1 0 0 0 1 1.62754 1.51833 0.576541</i>
                        <i>1 0 0 0 1 0 0 0 1 1.6275 1.51977 0.576541</i>
                        <i>1 0 0 0 1 0 0 0 1 1.62745 1.52119 0.576541</i>
                        <i>1 0 0 0 1 0 0 0 1 1.62741 1.52258 0.57654</i>
                        <i>1 0 0 0 1 0 0 0 1 1.62737 1.52393 0.576539</i>
                        <i>1 0 0 0 1 0 0 0 1 1.62734 1.52526 0.576538</i>
                        <i>1 0 0 0 1 0 0 0 1 1.62731 1.52654 0.576537</i>
                        <i>1 0 0 0 1 0 0 0 1 1.62728 1.52778 0.576536</i>
                        <i>1 0 0 0 1 0 0 0 1 1.62726 1.52897 0.576534</i>
                        <i>1 0 0 0 1 0 0 0 1 1.62724 1.5301 0.576532</i>
                        <i>1 0 0 0 1 0 0 0 1 1.62722 1.53117 0.576529</i>
                        <i>1 0 0 0 1 0 0 0 1 1.62721 1.53217 0.576527</i>
                        <i>1 0 0 0 1 0 0 0 1 1.6272 1.5331 0.576524</i>
                        <i>1 0 0 0 1 0 0 0 1 1.62719 1.53396 0.57652</i>
                        <i>1 0 0 0 1 0 0 0 1 1.62719 1.53473 0.576516</i>
                        <i>1 0 0 0 1 0 0 0 1 1.62719 1.53542 0.576512</i>
                        <i>1 0 0 0 1 0 0 0 1 1.62719 1.53602 0.576508</i>
                        <i>1 0 0 0 1 0 0 0 1 1.6272 1.53652 0.576503</i>
                        <i>1 0 0 0 1 0 0 0 1 1.6272 1.53691 0.576497</i>
                        <i>1 0 0 0 1 0 0 0 1 1.62722 1.5372 0.576492</i>
                        <i>1 0 0 0 1 0 0 0 1 1.62723 1.53738 0.576485</i>
                        <i>1 0 0 0 1 0 0 0 1 1.62725 1.53745 0.576479</i>
                        <i>1 0 0 0 1 0 0 0 1 1.62727 1.53739 0.576471</i>
                        <i>1 0 0 0 1 0 0 0 1 1.6273 1.53721 0.576464</i>
                        <i>1 0 0 0 1 0 0 0 1 1.62733 1.53692 0.576456</i>
                        <i>1 0 0 0 1 0 0 0 1 1.62736 1.53653 0.576447</i>
                        <i>1 0 0 0 1 0 0 0 1 1.62739 1.53603 0.576438</i>
                        <i>1 0 0 0 1 0 0 0 1 1.62743 1.53544 0.576428</i>
                        <i>1 0 0 0 1 0 0 0 1 1.62747 1.53476 0.576418</i>
                        <i>1 0 0 0 1 0 0 0 1 1.62751 1.53399 0.576407</i>
                        <i>1 0 0 0 1 0 0 0 1 1.62756 1.53314 0.576395</i>
                        <i>1 0 0 0 1 0 0 0 1 1.62761 1.53221 0.576383</i>
                        <i>1 0 0 0 1 0 0 0 1 1.62766 1.53121 0.576371</i>
                        <i>1 0 0 0 1 0 0 0 1 1.62772 1.53014 0.576357</i>
                        <i>1 0 0 0 1 0 0 0 1 1.62778 1.52901 0.576344</i>
                        <i>1 0 0 0 1 0 0 0 1 1.62784 1.52783 0.576329</i>
                        <i>1 0 0 0 1 0 0 0 1 1.6279 1.5266 0.576314</i>
                        <i>1 0 0 0 1 0 0 0 1 1.62797 1.52532 0.576298</i>
                        <i>1 0 0 0 1 0 0 0 1 1.62804 1.524 0.576281</i>
                        <i>1 0 0 0 1 0 0 0 1 1.62812 1.52264 0.576264</i>
                        <i>1 0 0 0 1 0 0 0 1 1.62819 1.52125 0.576246</i>
                        <i>1 0 0 0 1 0 0 0 1 1.62827 1.51984 0.576228</i>
                        <i>1 0 0 0 1 0 0 0 1 1.62835 1.51841 0.576208</i>
                        <i>1 0 0 0 1 0 0 0 1 1.62844 1.51696 0.576188</i>
                        <i>1 0 0 0 1 0 0 0 1 1.62853 1.5155 0.576167</i>
                        <i>1 0 0 0 1 0 0 0 1 1.62862 1.51404 0.576146</i>
                        <i>1 0 0 0 1 0 0 0 1 1.62871 1.51258 0.576123</i>
                        <i>1 0 0 0 1 0 0 0 1 1.62881 1.51112 0.5761</i>
                        <i>1 0 0 0 1 0 0 0 1 1.62891 1.50967 0.576076</i>
                        <i>1 0 0 0 1 0 0 0 1 1.62901 1.50823 0.576051</i>
                        <i>1 0 0 0 1 0 0 0 1 1.62911 1.50682 0.576025</i>
                        <i>1 0 0 0 1 0 0 0 1 1.62922 1.50543 0.575998</i>
                        <i>1 0 0 0 1 0 0 0 1 1.62933 1.50408 0.575971</i>
                        <i>1 0 0 0 1 0 0 0 1 1.62944 1.50276 0.575943</i>
                        <i>1 0 0 0 1 0 0 0 1 1.62956 1.50147 0.575913</i>
                        <i>1 0 0 0 1 0 0 0 1 1.62968 1.50024 0.575883</i>
                        <i>1 0 0 0 1 0 0 0 1 1.6298 1.49905 0.575852</i>
                        <i>1 0 0 0 1 0 0 0 1 1.62992 1.49793 0.57582</i>
                        <i>1 0 0 0 1 0 0 0 1 1.63005 1.49686 0.575787</i>
                        <i>1 0 0 0 1 0 0 0 1 1.63018 1.49586 0.575753</i>
                        <i>1 0 0 0 1 0 0 0 1 1.63031 1.49493 0.575718</i>
                        <i>1 0 0 0 1 0 0 0 1 1.63044 1.49407 0.575682</i>
                        <i>1 0 0 0 1 0 0 0 1 1.63058 1.4933 0.575646</i>
                        <i>1 0 0 0 1 0 0 0 1 1.63072 1.49261 0.575608</i>
                        <i>1 0 0 0 1 0 0 0 1 1.63089 1.49201 0.575562</i>
                        <i>1 0 0 0 1 0 0 0 1 1.63112 1.49151 0.575504</i>
                        <i>1 0 0 0 1 0 0 0 1 1.63141 1.49112 0.575434</i>
                        <i>1 0 0 0 1 0 0 0 1 1.63175 1.49082 0.575352</i>
                        <i>1 0 0 0 1 0 0 0 1 1.63214 1.49064 0.57526</i>
                        <i>1 0 0 0 1 0 0 0 1 1.63258 1.49058 0.575158</i>
                        <i>1 0 0 0 1 0 0 0 1 1.63306 1.49063 0.575047</i>
                        <i>1 0 0 0 1 0 0 0 1 1.63358 1.4908 0.574928</i>
                        <i>1 0 0 0 1 0 0 0 1 1.63413 1.49108 0.574801</i>
                        <i>1 0 0 0 1 0 0 0 1 1.63472 1.49147 0.574668</i>
                        <i>1 0 0 0 1 0 0 0 1 1.63533 1.49196 0.574529</i>
                        <i>1 0 0 0 1 0 0 0 1 1.63596 1.49255 0.574385</i>
                        <i>1 0 0 0 1 0 0 0 1 1.63662 1.49322 0.574236</i>
                        <i>1 0 0 0 1 0 0 0 1 1.63729 1.49399 0.574085</i>
                        <i>1 0 0 0 1 0 0 0 1 1.63797 1.49483 0.573931</i>
                        <i>1 0 0 0 1 0 0 0 1 1.63866 1.49575 0.573775</i>
                        <i>1 0 0 0 1 0 0 0 1 1.63936 1.49675 0.573618</i>
                        <i>1 0 0 0 1 0 0 0 1 1.64005 1.4978 0.57346</i>
                        <i>1 0 0 0 1 0 0 0 1 1.64075 1.49892 0.573304</i>
                        <i>1 0 0 0 1 0 0 0 1 1.64144 1.5001 0.573149</i>
                        <i>1 0 0 0 1 0 0 0 1 1.64212 1.50132 0.572996</i>
                        <i>1 0 0 0 1 0 0 0 1 1.64278 1.5026 0.572846</i>
                        <i>1 0 0 0 1 0 0 0 1 1.64343 1.50391 0.5727</i>
                        <i>1 0 0 0 1 0 0 0 1 1.64406 1.50526 0.572559</i>
                        <i>1 0 0 0 1 0 0 0 1 1.64466 1.50664 0.572423</i>
                        <i>1 0 0 0 1 0 0 0 1 1.64524 1.50804 0.572293</i>
                        <i>1 0 0 0 1 0 0 0 1 1.64579 1.50947 0.572171</i>
                        <i>1 0 0 0 1 0 0 0 1 1.6463 1.51091 0.572056</i>
                        <i>1 0 0 0 1 0 0 0 1 1.64677 1.51236 0.57195</i>
                        <i>1 0 0 0 1 0 0 0 1 1.6472 1.51382 0.571853</i>
                        <i>1 0 0 0 1 0 0 0 1 1.64758 1.51528 0.571767</i>
                        <i>1 0 0 0 1 0 0 0 1 1.64792 1.51674 0.571692</i>
                        <i>1 0 0 0 1 0 0 0 1 1.6482 1.51818 0.571628</i>
                        <i>1 0 0 0 1 0 0 0 1 1.64842 1.51961 0.571578</i>
                        <i>1 0 0 0 1 0 0 0 1 1.64859 1.52102 0.571541</i>
                        <i>1 0 0 0 1 0 0 0 1 1.64869 1.52241 0.571518</i>
                        <i>1 0 0 0 1 0 0 0 1 1.64873 1.52377 0.57151</i>
                    </KeyFrames>
                </p>
            </i>
            <i>
                <p>
                    <Name><![CDATA[spine0]]></Name>
                    <Exclude>0</Exclude>
                    <Additive>0</Additive>
                    <IKPriority>0</IKPriority>
                    <IKRotLimits>-1e+010 -1e+010 -1e+010 1e+010 1e+010 1e+010</IKRotLimits>
                    <IKRotLimitOrder>0</IKRotLimitOrder>
                    <KeyFrames count="193">
                        <i>-0.0258189 0.911095 0.411386 -0.99965 -0.025919 -0.00533604 0.0058011 -0.41138 0.911445 1.66972 1.66469 0.55162</i>
                        <i>-0.0258647 0.912182 0.408968 -0.999641 -0.0264844 -0.00414882 0.00704682 -0.408928 0.912539 1.66943 1.66604 0.551324</i>
                        <i>-0.026145 0.914412 0.40394 -0.999602 -0.0281973 -0.000868251 0.0105961 -0.403802 0.914785 1.66862 1.66741 0.550504</i>
                        <i>-0.0266828 0.917534 0.396762 -0.999515 -0.0308549 0.00413484 0.0160359 -0.396459 0.917912 1.66738 1.66875 0.549258</i>
                        <i>-0.0275072 0.921293 0.387895 -0.999358 -0.0342552 0.0104912 0.0229529 -0.387357 0.921644 1.6658 1.67006 0.547688</i>
                        <i>-0.0286342 0.925443 0.377804 -0.999111 -0.0381926 0.01783 0.03093 -0.376957 0.925714 1.66396 1.67129 0.545895</i>
                        <i>-0.0300513 0.929752 0.366958 -0.998766 -0.0424556 0.0257768 0.0395455 -0.36573 0.92988 1.66197 1.67244 0.543978</i>
                        <i>-0.0317082 0.934012 0.355831 -0.998326 -0.0468262 0.0339516 0.0483734 -0.354159 0.933933 1.65993 1.67348 0.542033</i>
                        <i>-0.0335133 0.93804 0.344902 -0.997812 -0.0510799 0.0419683 0.0569855 -0.342741 0.9377 1.65793 1.67441 0.540153</i>
                        <i>-0.0353343 0.94168 0.33465 -0.997263 -0.0549876 0.0494343 0.0649529 -0.331987 0.941045 1.65609 1.67522 0.538426</i>
                        <i>-0.0370037 0.944799 0.325554 -0.996729 -0.0583172 0.055952 0.0718488 -0.322419 0.943866 1.65453 1.67593 0.536936</i>
                        <i>-0.0383298 0.947285 0.318092 -0.996275 -0.0608359 0.0611203 0.0772497 -0.314565 0.946087 1.65335 1.67655 0.535765</i>
                        <i>-0.0391101 0.949032 0.312744 -0.995968 -0.0623119 0.0645371 0.0807354 -0.308959 0.947642 1.65268 1.67709 0.534994</i>
                        <i>-0.0394128 0.950265 0.308938 -0.995763 -0.0630596 0.066931 0.0830837 -0.304991 0.948724 1.65237 1.67755 0.53449</i>
                        <i>-0.0394567 0.951291 0.305758 -0.995571 -0.0635574 0.0692695 0.0853287 -0.30167 0.949586 1.65218 1.67791 0.534067</i>
                        <i>-0.0392697 0.952131 0.303159 -0.995396 -0.0638233 0.071511 0.0874364 -0.298955 0.950253 1.65212 1.67817 0.533717</i>
                        <i>-0.0388807 0.9528 0.301099 -0.995239 -0.0638757 0.0736141 0.0893724 -0.296804 0.950747 1.65217 1.67833 0.533437</i>
                        <i>-0.0383193 0.953315 0.299536 -0.995104 -0.0637334 0.0755379 0.0911019 -0.295175 0.95109 1.65232 1.67838 0.533222</i>
                        <i>-0.0376159 0.953681 0.298458 -0.994993 -0.0634184 0.0772415 0.0925915 -0.294058 0.951292 1.65256 1.67831 0.533066</i>
                        <i>-0.0368037 0.953974 0.297623 -0.994911 -0.0629317 0.0786863 0.0937945 -0.293212 0.951435 1.65288 1.67812 0.532966</i>
                        <i>-0.0359147 0.954206 0.296986 -0.99486 -0.0622916 0.0798318 0.0946758 -0.292593 0.951539 1.65329 1.67783 0.532917</i>
                        <i>-0.0349816 0.95439 0.296506 -0.994843 -0.0615166 0.0806377 0.0951998 -0.292156 0.951621 1.65375 1.67742 0.532915</i>
                        <i>-0.0340375 0.954538 0.296139 -0.994864 -0.0606247 0.0810632 0.0953313 -0.291858 0.951699 1.65427 1.67692 0.532956</i>
                        <i>-0.0331157 0.954663 0.295841 -0.994923 -0.0596344 0.0810677 0.0950346 -0.291655 0.951791 1.65484 1.67631 0.533037</i>
                        <i>-0.0322498 0.954776 0.295571 -0.995024 -0.0585637 0.0806099 0.0942742 -0.2915 0.951914 1.65545 1.6756 0.533155</i>
                        <i>-0.0314729 0.954891 0.295284 -0.995167 -0.0574303 0.0796487 0.093014 -0.29135 0.952084 1.65609 1.6748 0.533305</i>
                        <i>-0.030818 0.95502 0.294936 -0.995354 -0.056252 0.0781423 0.0912182 -0.291157 0.952316 1.65674 1.67392 0.533487</i>
                        <i>-0.0303176 0.955175 0.294484 -0.995583 -0.0550463 0.0760488 0.0888502 -0.290878 0.952626 1.65741 1.67295 0.533695</i>
                        <i>-0.030003 0.955371 0.293882 -0.995854 -0.0538302 0.073326 0.0858732 -0.290464 0.953025 1.65807 1.6719 0.533929</i>
                        <i>-0.0299043 0.955619 0.293085 -0.996163 -0.0526209 0.0699314 0.0822501 -0.289869 0.953525 1.65873 1.67077 0.534184</i>
                        <i>-0.0300502 0.955932 0.292046 -0.996505 -0.051435 0.0658223 0.077943 -0.289048 0.954136 1.65936 1.66957 0.534458</i>
                        <i>-0.030549 0.956276 0.290867 -0.996941 -0.0500939 0.0599861 0.0719339 -0.288145 0.954881 1.66011 1.66831 0.534835</i>
                        <i>-0.0314387 0.956605 0.289688 -0.997486 -0.0484465 0.0517263 0.063516 -0.287333 0.955722 1.66106 1.66696 0.535388</i>
                        <i>-0.0326429 0.956918 0.288516 -0.998055 -0.0465511 0.041475 0.053119 -0.286601 0.956576 1.66217 1.66555 0.53609</i>
                        <i>-0.0340883 0.957216 0.28736 -0.99857 -0.0444667 0.0296654 0.0411741 -0.285938 0.957363 1.66339 1.66409 0.536915</i>
                        <i>-0.0357049 0.957495 0.286231 -0.998967 -0.0422532 0.0167322 0.0281152 -0.285338 0.958014 1.66467 1.66257 0.537836</i>
                        <i>-0.0374254 0.957754 0.285143 -0.999196 -0.0399713 0.00311177 0.0143778 -0.284797 0.95848 1.66595 1.66101 0.538824</i>
                        <i>-0.0391858 0.957989 0.284114 -0.999232 -0.0376822 -0.0107582 0.000399803 -0.284318 0.95873 1.66719 1.65942 0.539848</i>
                        <i>-0.0409247 0.958196 0.28317 -0.999073 -0.0354479 -0.0244399 -0.0133804 -0.283907 0.958758 1.66835 1.65781 0.540875</i>
                        <i>-0.0425829 0.958369 0.282339 -0.998741 -0.0333303 -0.0374957 -0.0265243 -0.28358 0.958582 1.66937 1.65619 0.541871</i>
                        <i>-0.0441032 0.958502 0.281655 -0.998281 -0.0313911 -0.0494894 -0.0385942 -0.283354 0.958239 1.67021 1.65456 0.5428</i>
                        <i>-0.0454292 0.958586 0.281158 -0.997758 -0.0296915 -0.059986 -0.0491537 -0.283252 0.957785 1.67084 1.65295 0.543624</i>
                        <i>-0.0465036 0.958615 0.280881 -0.997246 -0.0282914 -0.0685523 -0.0577688 -0.283296 0.957291 1.67121 1.65136 0.544307</i>
                        <i>-0.0472649 0.958587 0.280851 -0.99683 -0.0272481 -0.0747563 -0.0640077 -0.283494 0.956836 1.67128 1.6498 0.544809</i>
                        <i>-0.0478247 0.958506 0.281032 -0.996502 -0.0264809 -0.0792626 -0.0685317 -0.28384 0.95642 1.67109 1.64826 0.54518</i>
                        <i>-0.04834 0.958382 0.281368 -0.996209 -0.0258628 -0.0830597 -0.0723259 -0.284317 0.955998 1.67073 1.64675 0.545496</i>
                        <i>-0.0488138 0.958216 0.281848 -0.995954 -0.0253812 -0.086201 -0.0754455 -0.284916 0.955579 1.67021 1.64527 0.545763</i>
                        <i>-0.0492484 0.958014 0.282462 -0.99574 -0.0250236 -0.0887401 -0.077946 -0.285629 0.955165 1.66955 1.64382 0.545982</i>
                        <i>-0.0496454 0.957776 0.283198 -0.995567 -0.0247769 -0.0907303 -0.0798825 -0.286447 0.95476 1.66877 1.6424 0.546157</i>
                        <i>-0.0500062 0.957506 0.284044 -0.995434 -0.0246284 -0.092225 -0.0813104 -0.287359 0.954365 1.66791 1.64103 0.546293</i>
                        <i>-0.0503315 0.957208 0.284991 -0.995337 -0.0245649 -0.0932771 -0.0822848 -0.288357 0.953981 1.66696 1.6397 0.546393</i>
                        <i>-0.050622 0.956884 0.286026 -0.995275 -0.0245731 -0.0939399 -0.082861 -0.289429 0.953606 1.66596 1.63842 0.546461</i>
                        <i>-0.0508781 0.956537 0.287137 -0.995242 -0.0246396 -0.0942662 -0.0830942 -0.290567 0.95324 1.66493 1.6372 0.546501</i>
                        <i>-0.0510999 0.956172 0.288313 -0.995235 -0.0247508 -0.0943089 -0.0830396 -0.291758 0.952881 1.66389 1.63604 0.546517</i>
                        <i>-0.0512879 0.955791 0.289541 -0.99525 -0.0248929 -0.094121 -0.0827525 -0.292993 0.952527 1.66285 1.63494 0.546513</i>
                        <i>-0.0514424 0.955397 0.29081 -0.99528 -0.025052 -0.0937553 -0.0822881 -0.29426 0.952176 1.66184 1.63392 0.546493</i>
                        <i>-0.0515639 0.954994 0.292107 -0.995322 -0.0252143 -0.0932645 -0.0817018 -0.29555 0.951827 1.66088 1.63297 0.546462</i>
                        <i>-0.051653 0.954587 0.29342 -0.995371 -0.0253653 -0.0927015 -0.081049 -0.29685 0.951478 1.65999 1.6321 0.546424</i>
                        <i>-0.0517108 0.954178 0.294737 -0.995422 -0.0254911 -0.0921192 -0.0803849 -0.298151 0.951128 1.65918 1.63132 0.546382</i>
                        <i>-0.0517382 0.953772 0.296044 -0.99547 -0.0255773 -0.0915702 -0.079765 -0.299441 0.950775 1.65848 1.63062 0.546343</i>
                        <i>-0.0517368 0.953372 0.29733 -0.995512 -0.0256097 -0.0911074 -0.0792447 -0.30071 0.950418 1.65791 1.63002 0.546309</i>
                        <i>-0.0517085 0.952982 0.298582 -0.995542 -0.025574 -0.0907837 -0.0788793 -0.301945 0.950056 1.65749 1.62952 0.546286</i>
                        <i>-0.0516555 0.952607 0.299787 -0.995557 -0.0254561 -0.0906519 -0.0787242 -0.303138 0.949689 1.65724 1.62913 0.546277</i>
                        <i>-0.0515294 0.952252 0.300933 -0.995565 -0.0252326 -0.0906285 -0.0787078 -0.304269 0.949329 1.65706 1.62884 0.546275</i>
                        <i>-0.0512892 0.951924 0.302011 -0.995577 -0.0248985 -0.0905955 -0.0787204 -0.305322 0.94899 1.65685 1.62867 0.546269</i>
                        <i>-0.050948 0.951624 0.303012 -0.995591 -0.024468 -0.0905543 -0.0787596 -0.306289 0.948675 1.65661 1.62863 0.546258</i>
                        <i>-0.0505389 0.951328 0.304009 -0.995607 -0.0239683 -0.0905077 -0.0788159 -0.307248 0.94836 1.65635 1.62871 0.546245</i>
                        <i>-0.0500946 0.951009 0.305077 -0.995625 -0.0234262 -0.0904587 -0.0788802 -0.308274 0.948022 1.65606 1.62891 0.546227</i>
                        <i>-0.0496275 0.950671 0.306204 -0.995642 -0.0228553 -0.0904083 -0.0789502 -0.309356 0.947663 1.65575 1.62923 0.546207</i>
                        <i>-0.0491501 0.950317 0.307379 -0.99566 -0.022269 -0.090358 -0.0790237 -0.310487 0.947287 1.65542 1.62965 0.546183</i>
                        <i>-0.0486749 0.949948 0.308593 -0.995678 -0.0216809 -0.0903091 -0.0790984 -0.311655 0.946897 1.65508 1.63018 0.546157</i>
                        <i>-0.0482143 0.949568 0.309833 -0.995694 -0.0211046 -0.0902629 -0.0791718 -0.312851 0.946497 1.65473 1.63081 0.546129</i>
                        <i>-0.0477808 0.949179 0.311089 -0.99571 -0.0205537 -0.0902207 -0.0792415 -0.314065 0.946089 1.65437 1.63154 0.546098</i>
                        <i>-0.0473869 0.948785 0.31235 -0.995723 -0.0200418 -0.0901838 -0.0793049 -0.315287 0.945677 1.65401 1.63235 0.546066</i>
                        <i>-0.0470452 0.948388 0.313604 -0.995735 -0.0195828 -0.0901535 -0.0793592 -0.316508 0.945264 1.65365 1.63324 0.546031</i>
                        <i>-0.0467683 0.947991 0.314841 -0.995745 -0.0191903 -0.0901312 -0.0794017 -0.317717 0.944855 1.65329 1.6342 0.545996</i>
                        <i>-0.0465687 0.947599 0.31605 -0.995752 -0.0188783 -0.0901182 -0.0794294 -0.318904 0.944453 1.65293 1.63524 0.545959</i>
