<?xml version="1.0" encoding="ISO-8859-1" ?>
<Animl Version="1">
    <ModellingPackage><![CDATA[Maya.2010]]></ModellingPackage>
    <SrcFile><![CDATA[anims\turrets\machinegun\red\~src\mgun_nsv\mgun_nsv_fire_crewman_b.mb]]></SrcFile>
    <FramesPerSecond>30</FramesPerSecond>
    <TotalFrames>61</TotalFrames>
    <Skeleton>
        <RefFrame>
            <Name><![CDATA[soldier_ref_frame]]></Name>
            <Exclude>0</Exclude>
            <Additive>0</Additive>
            <IKPriority>0</IKPriority>
            <IKRotLimits>-1e+010 -1e+010 -1e+010 1e+010 1e+010 1e+010</IKRotLimits>
            <IKRotLimitOrder>0</IKRotLimitOrder>
            <KeyFrames count="61">
                <i>1 0 0 0 1 0 0 0 1 -1.43172 0.939675 -1.20933</i>
                <i>1 0 0 0 1 0 0 0 1 -1.43172 0.939675 -1.20933</i>
                <i>1 0 0 0 1 0 0 0 1 -1.43172 0.939675 -1.20933</i>
                <i>1 0 0 0 1 0 0 0 1 -1.43172 0.939675 -1.20933</i>
                <i>1 0 0 0 1 0 0 0 1 -1.43172 0.939675 -1.20933</i>
                <i>1 0 0 0 1 0 0 0 1 -1.43172 0.939675 -1.20933</i>
                <i>1 0 0 0 1 0 0 0 1 -1.43172 0.939675 -1.20933</i>
                <i>1 0 0 0 1 0 0 0 1 -1.43172 0.939675 -1.20933</i>
                <i>1 0 0 0 1 0 0 0 1 -1.43172 0.939675 -1.20933</i>
                <i>1 0 0 0 1 0 0 0 1 -1.43172 0.939675 -1.20933</i>
                <i>1 0 0 0 1 0 0 0 1 -1.43172 0.939675 -1.20933</i>
                <i>1 0 0 0 1 0 0 0 1 -1.43172 0.939675 -1.20933</i>
                <i>1 0 0 0 1 0 0 0 1 -1.43172 0.939675 -1.20933</i>
                <i>1 0 0 0 1 0 0 0 1 -1.43172 0.939675 -1.20933</i>
                <i>1 0 0 0 1 0 0 0 1 -1.43172 0.939675 -1.20933</i>
                <i>1 0 0 0 1 0 0 0 1 -1.43172 0.939675 -1.20933</i>
                <i>1 0 0 0 1 0 0 0 1 -1.43172 0.939675 -1.20933</i>
                <i>1 0 0 0 1 0 0 0 1 -1.43172 0.939675 -1.20933</i>
                <i>1 0 0 0 1 0 0 0 1 -1.43172 0.939675 -1.20933</i>
                <i>1 0 0 0 1 0 0 0 1 -1.43172 0.939675 -1.20933</i>
                <i>1 0 0 0 1 0 0 0 1 -1.43172 0.939675 -1.20933</i>
                <i>1 0 0 0 1 0 0 0 1 -1.43172 0.939675 -1.20933</i>
                <i>1 0 0 0 1 0 0 0 1 -1.43172 0.939675 -1.20933</i>
                <i>1 0 0 0 1 0 0 0 1 -1.43172 0.939675 -1.20933</i>
                <i>1 0 0 0 1 0 0 0 1 -1.43172 0.939675 -1.20933</i>
                <i>1 0 0 0 1 0 0 0 1 -1.43172 0.939675 -1.20933</i>
                <i>1 0 0 0 1 0 0 0 1 -1.43172 0.939675 -1.20933</i>
                <i>1 0 0 0 1 0 0 0 1 -1.43172 0.939675 -1.20933</i>
                <i>1 0 0 0 1 0 0 0 1 -1.43172 0.939675 -1.20933</i>
                <i>1 0 0 0 1 0 0 0 1 -1.43172 0.939675 -1.20933</i>
                <i>1 0 0 0 1 0 0 0 1 -1.43172 0.939675 -1.20933</i>
                <i>1 0 0 0 1 0 0 0 1 -1.43172 0.939675 -1.20933</i>
                <i>1 0 0 0 1 0 0 0 1 -1.43172 0.939675 -1.20933</i>
                <i>1 0 0 0 1 0 0 0 1 -1.43172 0.939675 -1.20933</i>
                <i>1 0 0 0 1 0 0 0 1 -1.43172 0.939675 -1.20933</i>
                <i>1 0 0 0 1 0 0 0 1 -1.43172 0.939675 -1.20933</i>
                <i>1 0 0 0 1 0 0 0 1 -1.43172 0.939675 -1.20933</i>
                <i>1 0 0 0 1 0 0 0 1 -1.43172 0.939675 -1.20933</i>
                <i>1 0 0 0 1 0 0 0 1 -1.43172 0.939675 -1.20933</i>
                <i>1 0 0 0 1 0 0 0 1 -1.43172 0.939675 -1.20933</i>
                <i>1 0 0 0 1 0 0 0 1 -1.43172 0.939675 -1.20933</i>
                <i>1 0 0 0 1 0 0 0 1 -1.43172 0.939675 -1.20933</i>
                <i>1 0 0 0 1 0 0 0 1 -1.43172 0.939675 -1.20933</i>
                <i>1 0 0 0 1 0 0 0 1 -1.43172 0.939675 -1.20933</i>
                <i>1 0 0 0 1 0 0 0 1 -1.43172 0.939675 -1.20933</i>
                <i>1 0 0 0 1 0 0 0 1 -1.43172 0.939675 -1.20933</i>
                <i>1 0 0 0 1 0 0 0 1 -1.43172 0.939675 -1.20933</i>
                <i>1 0 0 0 1 0 0 0 1 -1.43172 0.939675 -1.20933</i>
                <i>1 0 0 0 1 0 0 0 1 -1.43172 0.939675 -1.20933</i>
                <i>1 0 0 0 1 0 0 0 1 -1.43172 0.939675 -1.20933</i>
                <i>1 0 0 0 1 0 0 0 1 -1.43172 0.939675 -1.20933</i>
                <i>1 0 0 0 1 0 0 0 1 -1.43172 0.939675 -1.20933</i>
                <i>1 0 0 0 1 0 0 0 1 -1.43172 0.939675 -1.20933</i>
                <i>1 0 0 0 1 0 0 0 1 -1.43172 0.939675 -1.20933</i>
                <i>1 0 0 0 1 0 0 0 1 -1.43172 0.939675 -1.20933</i>
                <i>1 0 0 0 1 0 0 0 1 -1.43172 0.939675 -1.20933</i>
                <i>1 0 0 0 1 0 0 0 1 -1.43172 0.939675 -1.20933</i>
                <i>1 0 0 0 1 0 0 0 1 -1.43172 0.939675 -1.20933</i>
                <i>1 0 0 0 1 0 0 0 1 -1.43172 0.939675 -1.20933</i>
                <i>1 0 0 0 1 0 0 0 1 -1.43172 0.939675 -1.20933</i>
                <i>1 0 0 0 1 0 0 0 1 -1.43172 0.939675 -1.20933</i>
            </KeyFrames>
        </RefFrame>
        <Bones count="23">
            <i>
                <p>
                    <Name><![CDATA[pelvis]]></Name>
                    <Exclude>0</Exclude>
                    <Additive>0</Additive>
                    <IKPriority>0</IKPriority>
                    <IKRotLimits>-1e+010 -1e+010 -1e+010 1e+010 1e+010 1e+010</IKRotLimits>
                    <IKRotLimitOrder>2</IKRotLimitOrder>
                    <KeyFrames count="61">
                        <i>1 0 0 0 1 0 0 0 1 -1.43166 1.45861 -1.20967</i>
                        <i>1 0 0 0 1 0 0 0 1 -1.43197 1.4446 -1.20967</i>
                        <i>1 0 0 0 1 0 0 0 1 -1.43287 1.45158 -1.20967</i>
                        <i>1 0 0 0 1 0 0 0 1 -1.43432 1.46167 -1.20967</i>
                        <i>1 0 0 0 1 0 0 0 1 -1.43629 1.46913 -1.20967</i>
                        <i>1 0 0 0 1 0 0 0 1 -1.43871 1.46957 -1.20967</i>
                        <i>1 0 0 0 1 0 0 0 1 -1.44156 1.4481 -1.20967</i>
                        <i>1 0 0 0 1 0 0 0 1 -1.4448 1.43053 -1.20967</i>
                        <i>1 0 0 0 1 0 0 0 1 -1.44837 1.44366 -1.20967</i>
                        <i>1 0 0 0 1 0 0 0 1 -1.45224 1.46167 -1.20967</i>
                        <i>1 0 0 0 1 0 0 0 1 -1.45636 1.46913 -1.20967</i>
                        <i>1 0 0 0 1 0 0 0 1 -1.46069 1.46957 -1.20967</i>
                        <i>1 0 0 0 1 0 0 0 1 -1.46519 1.45602 -1.20967</i>
                        <i>1 0 0 0 1 0 0 0 1 -1.46982 1.4446 -1.20967</i>
                        <i>1 0 0 0 1 0 0 0 1 -1.47454 1.45465 -1.20967</i>
                        <i>1 0 0 0 1 0 0 0 1 -1.47929 1.46871 -1.20967</i>
                        <i>1 0 0 0 1 0 0 0 1 -1.48405 1.47573 -1.20967</i>
                        <i>1 0 0 0 1 0 0 0 1 -1.48877 1.47661 -1.20967</i>
                        <i>1 0 0 0 1 0 0 0 1 -1.4934 1.46306 -1.20967</i>
                        <i>1 0 0 0 1 0 0 0 1 -1.4979 1.45164 -1.20967</i>
                        <i>1 0 0 0 1 0 0 0 1 -1.50223 1.46439 -1.20967</i>
                        <i>1 0 0 0 1 0 0 0 1 -1.50635 1.4819 -1.20967</i>
                        <i>1 0 0 0 1 0 0 0 1 -1.51022 1.49101 -1.20967</i>
                        <i>1 0 0 0 1 0 0 0 1 -1.51379 1.48981 -1.20967</i>
                        <i>1 0 0 0 1 0 0 0 1 -1.51702 1.46092 -1.20967</i>
                        <i>1 0 0 0 1 0 0 0 1 -1.51988 1.43757 -1.20967</i>
                        <i>1 0 0 0 1 0 0 0 1 -1.5223 1.44762 -1.20967</i>
                        <i>1 0 0 0 1 0 0 0 1 -1.52427 1.46167 -1.20967</i>
                        <i>1 0 0 0 1 0 0 0 1 -1.52572 1.46869 -1.20967</i>
                        <i>1 0 0 0 1 0 0 0 1 -1.52662 1.46957 -1.20967</i>
                        <i>1 0 0 0 1 0 0 0 1 -1.52693 1.45602 -1.20967</i>
                        <i>1 0 0 0 1 0 0 0 1 -1.52662 1.4446 -1.20967</i>
                        <i>1 0 0 0 1 0 0 0 1 -1.52572 1.45542 -1.20967</i>
                        <i>1 0 0 0 1 0 0 0 1 -1.52427 1.47047 -1.20967</i>
                        <i>1 0 0 0 1 0 0 0 1 -1.5223 1.47738 -1.20967</i>
                        <i>1 0 0 0 1 0 0 0 1 -1.51988 1.47837 -1.20967</i>
                        <i>1 0 0 0 1 0 0 0 1 -1.51702 1.4668 -1.20967</i>
                        <i>1 0 0 0 1 0 0 0 1 -1.51379 1.45692 -1.20967</i>
                        <i>1 0 0 0 1 0 0 0 1 -1.51022 1.46389 -1.20967</i>
                        <i>1 0 0 0 1 0 0 0 1 -1.50635 1.47398 -1.20967</i>
                        <i>1 0 0 0 1 0 0 0 1 -1.50223 1.48056 -1.20967</i>
                        <i>1 0 0 0 1 0 0 0 1 -1.4979 1.48189 -1.20967</i>
                        <i>1 0 0 0 1 0 0 0 1 -1.4934 1.46834 -1.20967</i>
                        <i>1 0 0 0 1 0 0 0 1 -1.48877 1.45692 -1.20967</i>
                        <i>1 0 0 0 1 0 0 0 1 -1.48405 1.47043 -1.20967</i>
                        <i>1 0 0 0 1 0 0 0 1 -1.47929 1.48894 -1.20967</i>
                        <i>1 0 0 0 1 0 0 0 1 -1.47454 1.49794 -1.20967</i>
                        <i>1 0 0 0 1 0 0 0 1 -1.46982 1.49684 -1.20967</i>
                        <i>1 0 0 0 1 0 0 0 1 -1.46519 1.46993 -1.20967</i>
                        <i>1 0 0 0 1 0 0 0 1 -1.46069 1.44812 -1.20967</i>
                        <i>1 0 0 0 1 0 0 0 1 -1.45636 1.45779 -1.20967</i>
                        <i>1 0 0 0 1 0 0 0 1 -1.45224 1.47135 -1.20967</i>
                        <i>1 0 0 0 1 0 0 0 1 -1.44837 1.47935 -1.20967</i>
                        <i>1 0 0 0 1 0 0 0 1 -1.4448 1.47925 -1.20967</i>
                        <i>1 0 0 0 1 0 0 0 1 -1.44156 1.4563 -1.20967</i>
                        <i>1 0 0 0 1 0 0 0 1 -1.43871 1.43757 -1.20967</i>
                        <i>1 0 0 0 1 0 0 0 1 -1.43629 1.44762 -1.20967</i>
                        <i>1 0 0 0 1 0 0 0 1 -1.43432 1.46167 -1.20967</i>
                        <i>1 0 0 0 1 0 0 0 1 -1.43287 1.46877 -1.20967</i>
                        <i>1 0 0 0 1 0 0 0 1 -1.43197 1.46957 -1.20967</i>
                        <i>1 0 0 0 1 0 0 0 1 -1.43166 1.45861 -1.20967</i>
                    </KeyFrames>
                </p>
            </i>
            <i>
                <p>
                    <Name><![CDATA[spine0]]></Name>
                    <Exclude>0</Exclude>
                    <Additive>0</Additive>
                    <IKPriority>0</IKPriority>
                    <IKRotLimits>-1e+010 -1e+010 -1e+010 1e+010 1e+010 1e+010</IKRotLimits>
                    <IKRotLimitOrder>0</IKRotLimitOrder>
                    <KeyFrames count="61">
                        <i>-0.24278 0.925862 0.289546 -0.957903 -0.275951 0.0792029 0.153231 -0.258128 0.953882 -1.45627 1.57831 -1.28557</i>
                        <i>-0.239988 0.918692 0.313705 -0.958457 -0.275548 0.0737167 0.154164 -0.282981 0.946655 -1.45652 1.56552 -1.28364</i>
                        <i>-0.238313 0.896371 0.3738 -0.958181 -0.27979 0.0600539 0.158416 -0.343857 0.925563 -1.45724 1.57561 -1.27835</i>
                        <i>-0.237675 0.883221 0.404266 -0.958055 -0.281766 0.0523328 0.16013 -0.374871 0.913143 -1.4586 1.58734 -1.27535</i>
                        <i>-0.236772 0.91285 0.332632 -0.960051 -0.272379 0.0641177 0.149132 -0.304163 0.940874 -1.46072 1.59203 -1.28033</i>
                        <i>-0.237935 0.937204 0.255022 -0.961066 -0.265152 0.0777565 0.140493 -0.226592 0.963804 -1.46334 1.58905 -1.28592</i>
                        <i>-0.241775 0.931091 0.273155 -0.959096 -0.272027 0.0783318 0.14724 -0.243043 0.958776 -1.46618 1.56781 -1.28557</i>
                        <i>-0.244966 0.919117 0.30857 -0.957051 -0.280142 0.0746595 0.155064 -0.277028 0.948267 -1.46935 1.55145 -1.28364</i>
                        <i>-0.24716 0.905088 0.346017 -0.956741 -0.284515 0.0608133 0.153488 -0.316018 0.936255 -1.47274 1.56769 -1.27835</i>
                        <i>-0.248614 0.898681 0.361335 -0.956781 -0.285958 0.0529041 0.15087 -0.332565 0.930934 -1.47652 1.58734 -1.27535</i>
                        <i>-0.248766 0.915153 0.317192 -0.956854 -0.282976 0.0659961 0.150154 -0.287088 0.946062 -1.4808 1.59203 -1.28033</i>
                        <i>-0.24832 0.930883 0.267945 -0.957022 -0.278542 0.080771 0.149822 -0.236372 0.960043 -1.48532 1.58905 -1.28592</i>
                        <i>-0.247721 0.931074 0.267836 -0.957392 -0.277613 0.0795719 0.148442 -0.236712 0.960173 -1.48981 1.57572 -1.28557</i>
                        <i>-0.246512 0.926426 0.284547 -0.95782 -0.27764 0.074146 0.147692 -0.254267 0.95579 -1.49437 1.56552 -1.28364</i>
                        <i>-0.244643 0.912236 0.328596 -0.958533 -0.278623 0.0598663 0.146167 -0.300324 0.942571 -1.49891 1.57869 -1.27835</i>
                        <i>-0.242026 0.902528 0.356185 -0.959278 -0.277677 0.0517755 0.145633 -0.329149 0.93298 -1.50357 1.59438 -1.27535</i>
                        <i>-0.238507 0.914779 0.326027 -0.959823 -0.273152 0.0642548 0.147834 -0.297603 0.943174 -1.50849 1.59863 -1.28033</i>
                        <i>-0.235143 0.927994 0.289026 -0.960305 -0.267728 0.0783369 0.150076 -0.259132 0.954111 -1.5134 1.59609 -1.28592</i>
                        <i>-0.232877 0.926627 0.295179 -0.960889 -0.266015 0.0769963 0.149869 -0.265704 0.952334 -1.51801 1.58276 -1.28557</i>
                        <i>-0.231004 0.921638 0.311803 -0.961525 -0.265224 0.0715962 0.148683 -0.283267 0.947446 -1.52245 1.57256 -1.28364</i>
                        <i>-0.2291 0.907356 0.352445 -0.9624 -0.265428 0.0577432 0.145942 -0.325965 0.934049 -1.52661 1.58842 -1.27835</i>
                        <i>-0.227227 0.898874 0.374691 -0.963147 -0.264296 0.0499494 0.143927 -0.349533 0.925803 -1.53063 1.60757 -1.27535</i>
                        <i>-0.225301 0.913643 0.338373 -0.963465 -0.260556 0.0620198 0.144829 -0.312037 0.938966 -1.53466 1.61391 -1.28033</i>
                        <i>-0.224362 0.928711 0.295223 -0.963458 -0.256882 0.075893 0.14632 -0.267408 0.952409 -1.53842 1.60928 -1.28592</i>
                        <i>-0.22515 0.928095 0.296559 -0.963297 -0.257703 0.0751486 0.146169 -0.268754 0.952053 -1.54164 1.58062 -1.28557</i>
                        <i>-0.227806 0.923219 0.30947 -0.962668 -0.261267 0.0707831 0.146203 -0.281791 0.948271 -1.54443 1.55848 -1.28364</i>
                        <i>-0.234882 0.908821 0.344783 -0.960918 -0.270566 0.0585704 0.146517 -0.317551 0.936853 -1.54668 1.57165 -1.27835</i>
                        <i>-0.246301 0.899964 0.359723 -0.957658 -0.28308 0.0525119 0.149089 -0.331557 0.93158 -1.54855 1.58734 -1.27535</i>
                        <i>-0.258836 0.912636 0.316386 -0.953403 -0.293951 0.0679392 0.155006 -0.284058 0.946195 -1.55016 1.59159 -1.28033</i>
                        <i>-0.270085 0.92454 0.268849 -0.949295 -0.302361 0.0861241 0.160915 -0.231956 0.959324 -1.55125 1.58905 -1.28592</i>
                        <i>-0.277068 0.922125 0.270034 -0.946812 -0.309881 0.0867233 0.163648 -0.231643 0.958937 -1.55155 1.57572 -1.28557</i>
                        <i>-0.278576 0.915969 0.288784 -0.946109 -0.313431 0.0814793 0.165146 -0.250523 0.953921 -1.55117 1.56552 -1.28364</i>
                        <i>-0.276938 0.900224 0.336009 -0.946553 -0.31576 0.0658256 0.165356 -0.29982 0.939556 -1.55009 1.57946 -1.27835</i>
                        <i>-0.273221 0.88921 0.366954 -0.94753 -0.314579 0.0567967 0.16594 -0.332182 0.928504 -1.54855 1.59613 -1.27535</i>
                        <i>-0.268089 0.901568 0.339564 -0.948563 -0.30863 0.0705348 0.168391 -0.303188 0.937935 -1.54674 1.60028 -1.28033</i>
                        <i>-0.263123 0.916187 0.302269 -0.949729 -0.301075 0.0858355 0.169647 -0.264488 0.94935 -1.54451 1.59785 -1.28592</i>
                        <i>-0.258311 0.91634 0.305934 -0.951468 -0.296152 0.0836834 0.167286 -0.26947 0.948368 -1.54164 1.5865 -1.28557</i>
                        <i>-0.252642 0.912924 0.320535 -0.95366 -0.290904 0.0768667 0.163418 -0.286261 0.944113 -1.53834 1.57784 -1.28364</i>
                        <i>-0.24672 0.900288 0.358623 -0.956166 -0.286376 0.0611124 0.15772 -0.327825 0.93148 -1.53459 1.58793 -1.27835</i>
                        <i>-0.240608 0.893842 0.378356 -0.958561 -0.280084 0.0521035 0.152544 -0.350141 0.924192 -1.53063 1.59965 -1.27535</i>
                        <i>-0.234264 0.910878 0.339738 -0.960505 -0.27084 0.0638448 0.150169 -0.311364 0.938351 -1.52667 1.60347 -1.28033</i>
                        <i>-0.228777 0.927977 0.294141 -0.962108 -0.261583 0.0769525 0.148353 -0.265391 0.952659 -1.52253 1.60137 -1.28592</i>
                        <i>-0.224868 0.929273 0.293064 -0.963554 -0.2568 0.0749479 0.144906 -0.26553 0.953151 -1.51801 1.58804 -1.28557</i>
                        <i>-0.222607 0.926325 0.303922 -0.964561 -0.254568 0.0694055 0.141661 -0.277701 0.950165 -1.51332 1.57784 -1.28364</i>
                        <i>-0.225333 0.914437 0.3362 -0.964363 -0.258453 0.0566199 0.138667 -0.31146 0.940087 -1.50843 1.59447 -1.27835</i>
                        <i>-0.232272 0.908625 0.34706 -0.962873 -0.265269 0.0500824 0.13757 -0.322542 0.936505 -1.50357 1.61461 -1.27535</i>
                        <i>-0.238581 0.923458 0.300506 -0.961055 -0.268962 0.0635116 0.139475 -0.27365 0.951663 -1.49898 1.62084 -1.28033</i>
                        <i>-0.241459 0.93665 0.253741 -0.959997 -0.268763 0.0785698 0.141789 -0.224619 0.964076 -1.49445 1.61632 -1.28592</i>
                        <i>-0.240766 0.935243 0.259525 -0.960095 -0.268695 0.0775917 0.1423 -0.230487 0.962614 -1.48981 1.58963 -1.28557</i>
                        <i>-0.238368 0.929582 0.281174 -0.96066 -0.268176 0.0722029 0.142523 -0.252901 0.956937 -1.48524 1.56904 -1.28364</i>
                        <i>-0.235013 0.914422 0.329546 -0.96163 -0.268112 0.0581753 0.141552 -0.303229 0.942345 -1.48073 1.58182 -1.27835</i>
                        <i>-0.231164 0.90379 0.360175 -0.962604 -0.266217 0.0502118 0.141266 -0.335099 0.931532 -1.47652 1.59701 -1.27535</i>
                        <i>-0.227361 0.91574 0.331251 -0.963159 -0.261639 0.062212 0.143638 -0.304903 0.94149 -1.47281 1.60226 -1.28033</i>
                        <i>-0.225464 0.929061 0.293279 -0.963205 -0.257771 0.0760933 0.146294 -0.265332 0.952994 -1.46943 1.59873 -1.28592</i>
                        <i>-0.226027 0.927585 0.297484 -0.962975 -0.258832 0.0753997 0.146938 -0.269428 0.951745 -1.46618 1.576 -1.28557</i>
                        <i>-0.227888 0.92227 0.312226 -0.962506 -0.261832 0.0708992 0.147139 -0.284362 0.947359 -1.46326 1.55848 -1.28364</i>
                        <i>-0.230855 0.907698 0.350413 -0.961938 -0.267042 0.0580031 0.146224 -0.323685 0.934798 -1.46066 1.57165 -1.27835</i>
                        <i>-0.234207 0.899002 0.370058 -0.961133 -0.271351 0.0509125 0.146186 -0.34375 0.927613 -1.4586 1.58734 -1.27535</i>
                        <i>-0.237133 0.913163 0.331514 -0.959991 -0.272583 0.064154 0.148948 -0.303038 0.941266 -1.45731 1.59167 -1.28033</i>
                        <i>-0.239954 0.927391 0.286999 -0.958821 -0.272674 0.0794504 0.151939 -0.256116 0.95463 -1.4566 1.58905 -1.28592</i>
                        <i>-0.242693 0.926336 0.2881 -0.95801 -0.275601 0.0791252 0.152697 -0.2568 0.954326 -1.45627 1.57831 -1.28557</i>
                    </KeyFrames>
                </p>
            </i>
            <i>
                <p>
                    <Name><![CDATA[spine1]]></Name>
                    <Exclude>0</Exclude>
                    <Additive>0</Additive>
                    <IKPriority>0</IKPriority>
                    <IKRotLimits>-1e+010 -1e+010 -1e+010 1e+010 1e+010 1e+010</IKRotLimits>
                    <IKRotLimitOrder>0</IKRotLimitOrder>
                    <KeyFrames count="61">
                        <i>-0.242657 0.50864 0.826077 -0.951484 -0.290855 -0.100407 0.189197 -0.810363 0.554541 -1.50573 1.76685 -1.22681</i>
                        <i>-0.235419 0.479713 0.845253 -0.955099 -0.275176 -0.109841 0.179901 -0.833159 0.522955 -1.50549 1.75295 -1.21985</i>
                        <i>-0.227623 0.403565 0.886184 -0.957527 -0.258196 -0.128366 0.177005 -0.877764 0.445196 -1.50607 1.7592 -1.20201</i>
                        <i>-0.224514 0.364474 0.903744 -0.958589 -0.249362 -0.137573 0.175217 -0.897205 0.405366 -1.50737 1.76852 -1.19264</i>
                        <i>-0.231359 0.46973 0.851954 -0.959052 -0.257181 -0.118644 0.163376 -0.844518 0.509997 -1.50898 1.77803 -1.21276</i>
                        <i>-0.241508 0.570719 0.784827 -0.95714 -0.273334 -0.0957669 0.159864 -0.774318 0.61227 -1.51148 1.77858 -1.23454</i>
                        <i>-0.245562 0.538521 0.806036 -0.952852 -0.286986 -0.0985522 0.178249 -0.792234 0.583603 -1.51527 1.75677 -1.23033</i>
                        <i>-0.249088 0.485468 0.838019 -0.950264 -0.289549 -0.114714 0.186958 -0.824913 0.533446 -1.51929 1.73879 -1.22095</i>
                        <i>-0.259182 0.450243 0.854463 -0.949831 -0.279178 -0.141002 0.175062 -0.84814 0.500012 -1.52312 1.75212 -1.20805</i>
                        <i>-0.269177 0.440237 0.856583 -0.950044 -0.267277 -0.161181 0.157988 -0.857178 0.49019 -1.52712 1.77021 -1.20203</i>
                        <i>-0.275405 0.488489 0.827968 -0.950867 -0.265139 -0.159856 0.141439 -0.831312 0.537508 -1.53134 1.77791 -1.21611</i>
                        <i>-0.278374 0.53835 0.795416 -0.951814 -0.265575 -0.153363 0.12868 -0.799781 0.586338 -1.53569 1.77782 -1.23178</i>
                        <i>-0.278599 0.541401 0.793264 -0.952509 -0.261475 -0.15607 0.122922 -0.799072 0.588536 -1.54003 1.76441 -1.23149</i>
                        <i>-0.273231 0.526433 0.805117 -0.953259 -0.260418 -0.153229 0.129002 -0.809352 0.572981 -1.54437 1.75335 -1.22615</i>
                        <i>-0.263346 0.484741 0.834071 -0.953999 -0.259287 -0.150521 0.1433 -0.835342 0.530725 -1.54858 1.76385 -1.21185</i>
                        <i>-0.249675 0.4559 0.854293 -0.95472 -0.263293 -0.138517 0.16178 -0.850195 0.500995 -1.55278 1.77781 -1.20316</i>
                        <i>-0.233126 0.481486 0.844881 -0.955561 -0.274626 -0.10716 0.18043 -0.832317 0.524112 -1.55704 1.78479 -1.21419</i>
                        <i>-0.218681 0.5132 0.829942 -0.956571 -0.280745 -0.0784463 0.192744 -0.811054 0.552306 -1.56131 1.78512 -1.22725</i>
                        <i>-0.211434 0.50619 0.836102 -0.958244 -0.275854 -0.0753151 0.192518 -0.817115 0.543379 -1.5655 1.77163 -1.22561</i>
                        <i>-0.209758 0.490126 0.846037 -0.961582 -0.260132 -0.0877061 0.177094 -0.831931 0.52586 -1.56956 1.76047 -1.22028</i>
                        <i>-0.211474 0.451268 0.866969 -0.965971 -0.231656 -0.115043 0.148923 -0.861796 0.484901 -1.57333 1.77345 -1.20669</i>
                        <i>-0.21475 0.429619 0.877103 -0.969896 -0.199391 -0.139804 0.114824 -0.880722 0.459504 -1.57698 1.79086 -1.19916</i>
                        <i>-0.217646 0.465171 0.858048 -0.972611 -0.176864 -0.150822 0.0815994 -0.867372 0.490924 -1.5806 1.80016 -1.21156</i>
                        <i>-0.221982 0.505796 0.833603 -0.973582 -0.161881 -0.161035 0.0534936 -0.847328 0.528368 -1.58416 1.79852 -1.22597</i>
                        <i>-0.22933 0.505148 0.832005 -0.97273 -0.149412 -0.177404 0.034696 -0.850001 0.525638 -1.58752 1.76965 -1.22538</i>
                        <i>-0.238278 0.493523 0.836456 -0.970668 -0.149431 -0.188344 0.0320403 -0.856799 0.514654 -1.59082 1.74645 -1.22084</i>
                        <i>-0.253084 0.460205 0.850976 -0.965603 -0.174407 -0.192856 0.059663 -0.870514 0.488515 -1.59449 1.75659 -1.20839</i>
                        <i>-0.273638 0.444537 0.852942 -0.954814 -0.232485 -0.185153 0.115989 -0.865065 0.488066 -1.59864 1.77034 -1.20241</i>
                        <i>-0.294501 0.482043 0.825169 -0.938066 -0.310698 -0.153291 0.182486 -0.819208 0.543689 -1.60276 1.77701 -1.21625</i>
                        <i>-0.31288 0.519997 0.794802 -0.91898 -0.37716 -0.115008 0.239964 -0.76639 0.595872 -1.60611 1.77678 -1.23153</i>
                        <i>-0.324805 0.514439 0.793633 -0.905903 -0.410319 -0.104782 0.271739 -0.752988 0.599305 -1.60783 1.76296 -1.23094</i>
                        <i>-0.327311 0.492945 0.806147 -0.903935 -0.411873 -0.115161 0.275263 -0.766398 0.580401 -1.60781 1.75168 -1.22515</i>
                        <i>-0.324721 0.443753 0.835248 -0.909075 -0.390162 -0.146137 0.261034 -0.806757 0.530098 -1.60648 1.76271 -1.21016</i>
                        <i>-0.318039 0.408362 0.855624 -0.917651 -0.359395 -0.169566 0.238262 -0.839092 0.489035 -1.60427 1.77745 -1.20073</i>
                        <i>-0.307367 0.430823 0.848479 -0.926695 -0.33814 -0.164008 0.216246 -0.836691 0.503175 -1.60149 1.78436 -1.21121</i>
                        <i>-0.295669 0.465556 0.834168 -0.933604 -0.325824 -0.149069 0.202392 -0.822858 0.530982 -1.59828 1.78503 -1.22438</i>
                        <i>-0.283333 0.465482 0.83848 -0.938812 -0.313166 -0.143383 0.195841 -0.8278 0.525731 -1.59444 1.77373 -1.22327</i>
                        <i>-0.268142 0.456896 0.848143 -0.944173 -0.299555 -0.137131 0.191411 -0.837564 0.511712 -1.58998 1.76437 -1.21836</i>
                        <i>-0.252047 0.426664 0.868579 -0.949281 -0.283367 -0.136269 0.187985 -0.858872 0.476446 -1.58501 1.77184 -1.2053</i>
                        <i>-0.234903 0.414158 0.879371 -0.954031 -0.271474 -0.12699 0.186133 -0.868778 0.45889 -1.57977 1.78216 -1.19831</i>
                        <i>-0.216559 0.458958 0.861661 -0.958337 -0.268325 -0.0979346 0.186258 -0.846971 0.497945 -1.57448 1.78932 -1.21122</i>
                        <i>-0.200647 0.508401 0.837418 -0.961848 -0.26451 -0.0698753 0.185981 -0.819489 0.542078 -1.56918 1.79055 -1.22616</i>
                        <i>-0.190451 0.515592 0.8354 -0.964558 -0.256596 -0.0615304 0.182636 -0.81751 0.546187 -1.56383 1.77731 -1.22609</i>
                        <i>-0.186088 0.510885 0.839266 -0.966613 -0.248334 -0.0631562 0.176153 -0.822999 0.54004 -1.55863 1.76634 -1.222</i>
                        <i>-0.200248 0.48572 0.850868 -0.966835 -0.238486 -0.0914005 0.158525 -0.840952 0.517367 -1.55423 1.7803 -1.21023</i>
                        <i>-0.230235 0.480508 0.846229 -0.964314 -0.229471 -0.132064 0.130728 -0.846437 0.516193 -1.55068 1.79885 -1.20518</i>
                        <i>-0.25726 0.52694 0.810032 -0.960547 -0.231104 -0.154725 0.105671 -0.817878 0.565605 -1.54725 1.80766 -1.21973</i>
                        <i>-0.268621 0.568211 0.777804 -0.958403 -0.238529 -0.15674 0.0964672 -0.787554 0.608649 -1.54327 1.80562 -1.23483</i>
                        <i>-0.263834 0.561292 0.784438 -0.95881 -0.241344 -0.149791 0.105243 -0.791646 0.601847 -1.53852 1.77879 -1.23328</i>
                        <i>-0.251036 0.538894 0.804098 -0.960107 -0.244339 -0.13599 0.123189 -0.806159 0.578734 -1.53354 1.75736 -1.22688</i>
                        <i>-0.234071 0.490634 0.839338 -0.961375 -0.245391 -0.124662 0.144803 -0.836099 0.529123 -1.52845 1.76744 -1.21166</i>
                        <i>-0.215233 0.456818 0.863129 -0.962204 -0.250211 -0.107512 0.166851 -0.853646 0.493405 -1.52354 1.78081 -1.20231</i>
                        <i>-0.197325 0.48039 0.854569 -0.962417 -0.260841 -0.0755982 0.18659 -0.837369 0.513806 -1.51912 1.78874 -1.21308</i>
                        <i>-0.187378 0.512975 0.837703 -0.961895 -0.268693 -0.0506208 0.199118 -0.815267 0.543775 -1.51539 1.78807 -1.22636</i>
                        <i>-0.187698 0.507581 0.840911 -0.960935 -0.272185 -0.0501951 0.203405 -0.817482 0.53884 -1.51228 1.7651 -1.22513</i>
                        <i>-0.193241 0.492852 0.848384 -0.959746 -0.274583 -0.0590923 0.203828 -0.825652 0.526073 -1.50974 1.74651 -1.22019</i>
                        <i>-0.203195 0.455902 0.866525 -0.958307 -0.274178 -0.0804654 0.200897 -0.846747 0.492606 -1.50773 1.75669 -1.20712</i>
                        <i>-0.214596 0.436216 0.873879 -0.956667 -0.274174 -0.0980662 0.196817 -0.857056 0.47615 -1.50635 1.77056 -1.20014</i>
                        <i>-0.224496 0.472784 0.852101 -0.955024 -0.280582 -0.0959328 0.193729 -0.835314 0.51451 -1.50563 1.7777 -1.213</i>
                        <i>-0.233745 0.513129 0.82587 -0.953337 -0.28788 -0.0909566 0.191079 -0.808594 0.556476 -1.50548 1.7779 -1.22768</i>
                        <i>-0.242923 0.511299 0.824355 -0.951608 -0.290506 -0.100238 0.188229 -0.808814 0.557127 -1.5057 1.76689 -1.22712</i>
                    </KeyFrames>
                </p>
            </i>
            <i>
                <p>
                    <Name><![CDATA[spine2]]></Name>
                    <Exclude>0</Exclude>
                    <Additive>0</Additive>
                    <IKPriority>0</IKPriority>
                    <IKRotLimits>-1e+010 -1e+010 -1e+010 1e+010 1e+010 1e+010</IKRotLimits>
                    <IKRotLimitOrder>0</IKRotLimitOrder>
                    <KeyFrames count="61">
                        <i>-0.229504 0.282716 0.931343 -0.970361 -0.140864 -0.196359 0.0756791 -0.948804 0.306666 -1.55113 1.86132 -1.07201</i>
                        <i>-0.222184 0.244523 0.943845 -0.972905 -0.119098 -0.19817 0.0639533 -0.962301 0.26436 -1.54963 1.84214 -1.0612</i>
                        <i>-0.213039 0.148273 0.965727 -0.975314 -0.0910589 -0.201173 0.0581095 -0.984745 0.164012 -1.5489 1.83436 -1.03512</i>
                        <i>-0.209485 0.100535 0.97263 -0.976257 -0.0775756 -0.202248 0.0551194 -0.991905 0.114399 -1.54969 1.83641 -1.02223</i>
                        <i>-0.219459 0.23693 0.946415 -0.974472 -0.100311 -0.200853 0.0473473 -0.966334 0.252896 -1.55231 1.86524 -1.05308</i>
                        <i>-0.23217 0.370978 0.899151 -0.971474 -0.134358 -0.195411 0.0483148 -0.918871 0.391589 -1.55638 1.88399 -1.08843</i>
                        <i>-0.234873 0.325499 0.915907 -0.969787 -0.142387 -0.198087 0.065936 -0.93476 0.349108 -1.56106 1.85652 -1.07977</i>
                        <i>-0.239844 0.253321 0.937179 -0.968425 -0.130071 -0.212682 0.0680227 -0.958598 0.276519 -1.56594 1.82899 -1.06379</i>
                        <i>-0.256972 0.214254 0.94237 -0.965175 -0.106357 -0.239009 0.0490192 -0.97097 0.234123 -1.57166 1.83567 -1.04791</i>
                        <i>-0.275152 0.205997 0.939072 -0.961099 -0.0833921 -0.263313 0.0240694 -0.974993 0.220929 -1.57749 1.85178 -1.04172</i>
                        <i>-0.288616 0.263176 0.920565 -0.957445 -0.0789674 -0.277603 -0.000363993 -0.961511 0.274768 -1.58281 1.86836 -1.06138</i>
                        <i>-0.296457 0.322512 0.898943 -0.95486 -0.081516 -0.285652 -0.018848 -0.943049 0.33212 -1.58766 1.87744 -1.08332</i>
                        <i>-0.297966 0.327521 0.896631 -0.954226 -0.0767354 -0.289076 -0.025875 -0.941723 0.335394 -1.59201 1.86454 -1.08353</i>
                        <i>-0.288368 0.310193 0.905883 -0.957406 -0.078815 -0.277782 -0.0147687 -0.947401 0.319708 -1.59536 1.85073 -1.07592</i>
                        <i>-0.269687 0.262164 0.926574 -0.962894 -0.083579 -0.256611 0.0101682 -0.961397 0.274976 -1.59776 1.85355 -1.0561</i>
                        <i>-0.244731 0.228242 0.942344 -0.9687 -0.0992207 -0.227544 0.0415649 -0.968535 0.245381 -1.59943 1.86223 -1.04345</i>
                        <i>-0.216645 0.254549 0.942481 -0.973592 -0.12754 -0.18935 0.0720047 -0.958613 0.275458 -1.60062 1.8741 -1.05602</i>
                        <i>-0.193353 0.288285 0.93782 -0.976742 -0.146851 -0.156235 0.0926797 -0.946217 0.309974 -1.60221 1.88047 -1.07169</i>
                        <i>-0.183014 0.278812 0.942746 -0.9785 -0.144416 -0.147245 0.0950936 -0.949425 0.299248 -1.60506 1.86572 -1.06881</i>
                        <i>-0.184648 0.259219 0.948003 -0.979923 -0.122372 -0.157404 0.0752071 -0.958035 0.276611 -1.60884 1.85156 -1.06158</i>
                        <i>-0.194157 0.214363 0.957262 -0.980236 -0.0801423 -0.18087 0.0379453 -0.973461 0.225687 -1.61298 1.85725 -1.0441</i>
                        <i>-0.20779 0.189312 0.959679 -0.978139 -0.0320371 -0.205467 -0.00815202 -0.981394 0.191831 -1.61729 1.87058 -1.0347</i>
                        <i>-0.221691 0.227746 0.948148 -0.973579 0.00289458 -0.228333 -0.0547463 -0.973716 0.221087 -1.6215 1.88652 -1.05069</i>
                        <i>-0.23631 0.272804 0.932596 -0.96701 0.0279325 -0.253201 -0.0951241 -0.961664 0.257204 -1.62589 1.89246 -1.0697</i>
                        <i>-0.251927 0.272438 0.928606 -0.95991 0.0515142 -0.275533 -0.122902 -0.960793 0.248538 -1.63064 1.86342 -1.06948</i>
                        <i>-0.265366 0.260173 0.928381 -0.955315 0.0590879 -0.289624 -0.130208 -0.963752 0.232868 -1.63561 1.83801 -1.06419</i>
                        <i>-0.278755 0.22503 0.933626 -0.955125 0.036426 -0.293954 -0.100157 -0.973671 0.204777 -1.64199 1.84188 -1.04913</i>
                        <i>-0.292888 0.210719 0.932638 -0.955536 -0.0296499 -0.29338 -0.0341683 -0.977097 0.210034 -1.64987 1.85264 -1.0429</i>
                        <i>-0.305392 0.255553 0.917294 -0.951091 -0.128906 -0.280731 0.0465027 -0.958163 0.282421 -1.65776 1.8663 -1.062</i>
                        <i>-0.316457 0.301253 0.899501 -0.94117 -0.218214 -0.258034 0.11855 -0.92824 0.352586 -1.66445 1.87314 -1.08298</i>
                        <i>-0.324587 0.296023 0.898339 -0.932399 -0.259781 -0.25129 0.158984 -0.919176 0.360333 -1.66835 1.85831 -1.0826</i>
                        <i>-0.327466 0.269148 0.905718 -0.93108 -0.255053 -0.260843 0.1608 -0.928713 0.334119 -1.66885 1.84308 -1.07435</i>
                        <i>-0.328025 0.209017 0.921256 -0.934467 -0.214733 -0.284009 0.138462 -0.954045 0.265757 -1.66715 1.84502 -1.05373</i>
                        <i>-0.325478 0.164152 0.931192 -0.939642 -0.166064 -0.299157 0.10553 -0.972356 0.208295 -1.66382 1.85323 -1.04027</i>
                        <i>-0.317812 0.183747 0.930179 -0.945178 -0.139063 -0.295467 0.075062 -0.973087 0.21787 -1.65915 1.86443 -1.05186</i>
                        <i>-0.305887 0.220009 0.926299 -0.950261 -0.130462 -0.282813 0.0586253 -0.966735 0.248973 -1.65379 1.87167 -1.06758</i>
                        <i>-0.289637 0.220477 0.931397 -0.955499 -0.123504 -0.267896 0.0559666 -0.967542 0.246437 -1.64765 1.86037 -1.06565</i>
                        <i>-0.268182 0.212466 0.939647 -0.961577 -0.118498 -0.247647 0.0587296 -0.969957 0.236081 -1.64033 1.84939 -1.05894</i>
                        <i>-0.244424 0.181334 0.952562 -0.96749 -0.111415 -0.227045 0.0649586 -0.97709 0.202671 -1.63231 1.85116 -1.04213</i>
                        <i>-0.218875 0.170284 0.960779 -0.972972 -0.112382 -0.201734 0.0736218 -0.978966 0.190279 -1.62383 1.85911 -1.0332</i>
                        <i>-0.192098 0.222515 0.955817 -0.977819 -0.126249 -0.167129 0.0834818 -0.96672 0.241831 -1.61506 1.87463 -1.04951</i>
                        <i>-0.169017 0.280763 0.944778 -0.981349 -0.137012 -0.134843 0.091587 -0.949947 0.298684 -1.60674 1.88506 -1.06908</i>
                        <i>-0.154289 0.291622 0.944008 -0.983498 -0.1367 -0.118514 0.0944846 -0.946715 0.307901 -1.59944 1.87309 -1.06952</i>
                        <i>-0.148817 0.288715 0.945779 -0.984726 -0.130685 -0.115051 0.0903823 -0.948454 0.303753 -1.5934 1.86116 -1.06486</i>
                        <i>-0.173023 0.26356 0.948999 -0.982916 -0.107606 -0.149322 0.0627629 -0.958622 0.277676 -1.59162 1.87028 -1.05117</i>
                        <i>-0.223349 0.261788 0.938926 -0.974657 -0.0724072 -0.21166 0.0125749 -0.962406 0.271325 -1.59363 1.88767 -1.04734</i>
                        <i>-0.269649 0.317068 0.909262 -0.96232 -0.0543435 -0.266433 -0.035065 -0.946845 0.319775 -1.59519 1.90493 -1.06894</i>
                        <i>-0.289201 0.364865 0.885006 -0.955726 -0.0576024 -0.288563 -0.0543082 -0.929277 0.36537 -1.59328 1.91047 -1.09013</i>
                        <i>-0.280098 0.355746 0.891622 -0.95912 -0.0646 -0.275528 -0.0404191 -0.932348 0.359297 -1.58767 1.88243 -1.08724</i>
                        <i>-0.256882 0.327805 0.909151 -0.966388 -0.0771297 -0.245245 -0.0102699 -0.941592 0.3366 -1.58036 1.85699 -1.07696</i>
                        <i>-0.22616 0.270341 0.935824 -0.973701 -0.0898841 -0.209348 0.0275203 -0.95856 0.28356 -1.57214 1.85824 -1.05492</i>
                        <i>-0.192809 0.229425 0.954038 -0.979021 -0.11027 -0.171341 0.0658921 -0.96706 0.245873 -1.56375 1.86545 -1.04087</i>
                        <i>-0.16245 0.252855 0.953768 -0.98181 -0.137701 -0.13072 0.0982819 -0.957655 0.270625 -1.556 1.87791 -1.053</i>
                        <i>-0.14561 0.287813 0.946552 -0.982378 -0.155384 -0.103875 0.117183 -0.944997 0.305367 -1.55042 1.88342 -1.06927</i>
                        <i>-0.145035 0.281056 0.948669 -0.981845 -0.159349 -0.102898 0.122249 -0.946369 0.299065 -1.54737 1.85946 -1.0674</i>
                        <i>-0.152858 0.264296 0.952251 -0.980895 -0.157901 -0.113631 0.120329 -0.951428 0.283384 -1.54588 1.83812 -1.06106</i>
                        <i>-0.167498 0.223231 0.960267 -0.979376 -0.149313 -0.136121 0.112994 -0.963262 0.243637 -1.54574 1.84136 -1.04465</i>
                        <i>-0.18485 0.201856 0.961813 -0.977367 -0.140211 -0.158414 0.10288 -0.969327 0.223206 -1.54649 1.85151 -1.03635</i>
                        <i>-0.20087 0.242803 0.949051 -0.975237 -0.141085 -0.170318 0.0925437 -0.959761 0.26513 -1.54762 1.86548 -1.05331</i>
                        <i>-0.215882 0.288428 0.932847 -0.972891 -0.144685 -0.180413 0.082933 -0.946507 0.311844 -1.5492 1.87321 -1.07292</i>
                        <i>-0.229993 0.28652 0.930059 -0.970311 -0.140996 -0.196511 0.0748297 -0.947643 0.310442 -1.55113 1.86183 -1.07269</i>
                    </KeyFrames>
                </p>
            </i>
            <i>
                <p>
                    <Name><![CDATA[head]]></Name>
                    <Exclude>0</Exclude>
                    <Additive>0</Additive>
                    <IKPriority>0</IKPriority>
                    <IKRotLimits>-1e+010 -1e+010 -1e+010 1e+010 1e+010 1e+010</IKRotLimits>
                    <IKRotLimitOrder>0</IKRotLimitOrder>
                    <KeyFrames count="61">
                        <i>-0.259972 0.885254 0.385668 -0.100358 0.372467 -0.922603 -0.960387 -0.278556 -0.00798858 -1.61589 1.94907 -0.822748</i>
                        <i>-0.263301 0.939015 0.221184 -0.0427546 0.217691 -0.975081 -0.963766 -0.266197 -0.0171711 -1.61224 1.91906 -0.807913</i>
                        <i>-0.258688 0.928333 0.266979 -0.0332014 0.267678 -0.962936 -0.96539 -0.257964 -0.0384233 -1.60886 1.884 -0.774743</i>
                        <i>-0.255752 0.915667 0.310072 -0.033618 0.312121 -0.949447 -0.966158 -0.253247 -0.0490427 -1.60859 1.87255 -0.759546</i>
                        <i>-0.240648 0.906677 0.346447 -0.0672888 0.340493 -0.937836 -0.968277 -0.249001 -0.0209299 -1.61402 1.94056 -0.799046</i>
                        <i>-0.231513 0.904006 0.35941 -0.0967772 0.346213 -0.933151 -0.968006 -0.250819 0.00733427 -1.62159 1.99732 -0.849697</i>
                        <i>-0.255089 0.906839 0.335519 -0.0882588 0.323712 -0.94203 -0.962881 -0.269914 -0.00253905 -1.62726 1.95674 -0.835535</i>
                        <i>-0.274001 0.923717 0.267712 -0.044476 0.265897 -0.962975 -0.9607 -0.275763 -0.0317728 -1.63372 1.9085 -0.812614</i>
                        <i>-0.269981 0.94702 0.173964 0.0192207 0.185937 -0.982374 -0.962674 -0.261879 -0.068402 -1.64434 1.90475 -0.795024</i>
                        <i>-0.256677 0.9517 0.168478 0.0529417 0.1879 -0.98076 -0.965046 -0.242819 -0.0986142 -1.65534 1.919 -0.78985</i>
                        <i>-0.252272 0.920742 0.297645 0.0304258 0.31499 -0.948607 -0.967178 -0.230251 -0.107477 -1.6645 1.95136 -0.815482</i>
                        <i>-0.248051 0.881763 0.401204 0.00641288 0.415633 -0.90951 -0.968726 -0.223032 -0.108753 -1.67156 1.97667 -0.844263</i>
                        <i>-0.24261 0.914866 0.32274 0.0322559 0.340103 -0.939835 -0.969587 -0.217603 -0.112022 -1.67629 1.96528 -0.845233</i>
                        <i>-0.233338 0.963826 0.128815 0.0685604 0.148449 -0.986541 -0.969976 -0.221365 -0.100719 -1.67688 1.94681 -0.834741</i>
                        <i>-0.24051 0.963375 0.118587 0.0510634 0.134562 -0.989589 -0.969303 -0.23195 -0.0815567 -1.6739 1.93663 -0.808409</i>
