<?xml version="1.0" encoding="ISO-8859-1" ?>
<Animl Version="1">
    <ModellingPackage><![CDATA[Maya.2010]]></ModellingPackage>
    <SrcFile><![CDATA[anims\turrets\machinegun\red\~src\mgun_pkp\mgun_pkp_idle_crewman_b.mb]]></SrcFile>
    <FramesPerSecond>30</FramesPerSecond>
    <TotalFrames>97</TotalFrames>
    <Skeleton>
        <RefFrame>
            <Name><![CDATA[soldier_ref_frame]]></Name>
            <Exclude>0</Exclude>
            <Additive>0</Additive>
            <IKPriority>0</IKPriority>
            <IKRotLimits>-1e+010 -1e+010 -1e+010 1e+010 1e+010 1e+010</IKRotLimits>
            <IKRotLimitOrder>0</IKRotLimitOrder>
            <KeyFrames count="97">
                <i>1 0 0 0 1 0 0 0 1 1.24609 0.919741 -0.0847335</i>
                <i>1 0 0 0 1 0 0 0 1 1.24609 0.919741 -0.0847335</i>
                <i>1 0 0 0 1 0 0 0 1 1.24609 0.919741 -0.0847335</i>
                <i>1 0 0 0 1 0 0 0 1 1.24609 0.919741 -0.0847335</i>
                <i>1 0 0 0 1 0 0 0 1 1.24609 0.919741 -0.0847335</i>
                <i>1 0 0 0 1 0 0 0 1 1.24609 0.919741 -0.0847335</i>
                <i>1 0 0 0 1 0 0 0 1 1.24609 0.919741 -0.0847335</i>
                <i>1 0 0 0 1 0 0 0 1 1.24609 0.919741 -0.0847335</i>
                <i>1 0 0 0 1 0 0 0 1 1.24609 0.919741 -0.0847335</i>
                <i>1 0 0 0 1 0 0 0 1 1.24609 0.919741 -0.0847335</i>
                <i>1 0 0 0 1 0 0 0 1 1.24609 0.919741 -0.0847335</i>
                <i>1 0 0 0 1 0 0 0 1 1.24609 0.919741 -0.0847335</i>
                <i>1 0 0 0 1 0 0 0 1 1.24609 0.919741 -0.0847335</i>
                <i>1 0 0 0 1 0 0 0 1 1.24609 0.919741 -0.0847335</i>
                <i>1 0 0 0 1 0 0 0 1 1.24609 0.919741 -0.0847335</i>
                <i>1 0 0 0 1 0 0 0 1 1.24609 0.919741 -0.0847335</i>
                <i>1 0 0 0 1 0 0 0 1 1.24609 0.919741 -0.0847335</i>
                <i>1 0 0 0 1 0 0 0 1 1.24609 0.919741 -0.0847335</i>
                <i>1 0 0 0 1 0 0 0 1 1.24609 0.919741 -0.0847335</i>
                <i>1 0 0 0 1 0 0 0 1 1.24609 0.919741 -0.0847335</i>
                <i>1 0 0 0 1 0 0 0 1 1.24609 0.919741 -0.0847335</i>
                <i>1 0 0 0 1 0 0 0 1 1.24609 0.919741 -0.0847335</i>
                <i>1 0 0 0 1 0 0 0 1 1.24609 0.919741 -0.0847335</i>
                <i>1 0 0 0 1 0 0 0 1 1.24609 0.919741 -0.0847335</i>
                <i>1 0 0 0 1 0 0 0 1 1.24609 0.919741 -0.0847335</i>
                <i>1 0 0 0 1 0 0 0 1 1.24609 0.919741 -0.0847335</i>
                <i>1 0 0 0 1 0 0 0 1 1.24609 0.919741 -0.0847335</i>
                <i>1 0 0 0 1 0 0 0 1 1.24609 0.919741 -0.0847335</i>
                <i>1 0 0 0 1 0 0 0 1 1.24609 0.919741 -0.0847335</i>
                <i>1 0 0 0 1 0 0 0 1 1.24609 0.919741 -0.0847335</i>
                <i>1 0 0 0 1 0 0 0 1 1.24609 0.919741 -0.0847335</i>
                <i>1 0 0 0 1 0 0 0 1 1.24609 0.919741 -0.0847335</i>
                <i>1 0 0 0 1 0 0 0 1 1.24609 0.919741 -0.0847335</i>
                <i>1 0 0 0 1 0 0 0 1 1.24609 0.919741 -0.0847335</i>
                <i>1 0 0 0 1 0 0 0 1 1.24609 0.919741 -0.0847335</i>
                <i>1 0 0 0 1 0 0 0 1 1.24609 0.919741 -0.0847335</i>
                <i>1 0 0 0 1 0 0 0 1 1.24609 0.919741 -0.0847335</i>
                <i>1 0 0 0 1 0 0 0 1 1.24609 0.919741 -0.0847335</i>
                <i>1 0 0 0 1 0 0 0 1 1.24609 0.919741 -0.0847335</i>
                <i>1 0 0 0 1 0 0 0 1 1.24609 0.919741 -0.0847335</i>
                <i>1 0 0 0 1 0 0 0 1 1.24609 0.919741 -0.0847335</i>
                <i>1 0 0 0 1 0 0 0 1 1.24609 0.919741 -0.0847335</i>
                <i>1 0 0 0 1 0 0 0 1 1.24609 0.919741 -0.0847335</i>
                <i>1 0 0 0 1 0 0 0 1 1.24609 0.919741 -0.0847335</i>
                <i>1 0 0 0 1 0 0 0 1 1.24609 0.919741 -0.0847335</i>
                <i>1 0 0 0 1 0 0 0 1 1.24609 0.919741 -0.0847335</i>
                <i>1 0 0 0 1 0 0 0 1 1.24609 0.919741 -0.0847335</i>
                <i>1 0 0 0 1 0 0 0 1 1.24609 0.919741 -0.0847335</i>
                <i>1 0 0 0 1 0 0 0 1 1.24609 0.919741 -0.0847335</i>
                <i>1 0 0 0 1 0 0 0 1 1.24609 0.919741 -0.0847335</i>
                <i>1 0 0 0 1 0 0 0 1 1.24609 0.919741 -0.0847335</i>
                <i>1 0 0 0 1 0 0 0 1 1.24609 0.919741 -0.0847335</i>
                <i>1 0 0 0 1 0 0 0 1 1.24609 0.919741 -0.0847335</i>
                <i>1 0 0 0 1 0 0 0 1 1.24609 0.919741 -0.0847335</i>
                <i>1 0 0 0 1 0 0 0 1 1.24609 0.919741 -0.0847335</i>
                <i>1 0 0 0 1 0 0 0 1 1.24609 0.919741 -0.0847335</i>
                <i>1 0 0 0 1 0 0 0 1 1.24609 0.919741 -0.0847335</i>
                <i>1 0 0 0 1 0 0 0 1 1.24609 0.919741 -0.0847335</i>
                <i>1 0 0 0 1 0 0 0 1 1.24609 0.919741 -0.0847335</i>
                <i>1 0 0 0 1 0 0 0 1 1.24609 0.919741 -0.0847335</i>
                <i>1 0 0 0 1 0 0 0 1 1.24609 0.919741 -0.0847335</i>
                <i>1 0 0 0 1 0 0 0 1 1.24609 0.919741 -0.0847335</i>
                <i>1 0 0 0 1 0 0 0 1 1.24609 0.919741 -0.0847335</i>
                <i>1 0 0 0 1 0 0 0 1 1.24609 0.919741 -0.0847335</i>
                <i>1 0 0 0 1 0 0 0 1 1.24609 0.919741 -0.0847335</i>
                <i>1 0 0 0 1 0 0 0 1 1.24609 0.919741 -0.0847335</i>
                <i>1 0 0 0 1 0 0 0 1 1.24609 0.919741 -0.0847335</i>
                <i>1 0 0 0 1 0 0 0 1 1.24609 0.919741 -0.0847335</i>
                <i>1 0 0 0 1 0 0 0 1 1.24609 0.919741 -0.0847335</i>
                <i>1 0 0 0 1 0 0 0 1 1.24609 0.919741 -0.0847335</i>
                <i>1 0 0 0 1 0 0 0 1 1.24609 0.919741 -0.0847335</i>
                <i>1 0 0 0 1 0 0 0 1 1.24609 0.919741 -0.0847335</i>
                <i>1 0 0 0 1 0 0 0 1 1.24609 0.919741 -0.0847335</i>
                <i>1 0 0 0 1 0 0 0 1 1.24609 0.919741 -0.0847335</i>
                <i>1 0 0 0 1 0 0 0 1 1.24609 0.919741 -0.0847335</i>
                <i>1 0 0 0 1 0 0 0 1 1.24609 0.919741 -0.0847335</i>
                <i>1 0 0 0 1 0 0 0 1 1.24609 0.919741 -0.0847335</i>
                <i>1 0 0 0 1 0 0 0 1 1.24609 0.919741 -0.0847335</i>
                <i>1 0 0 0 1 0 0 0 1 1.24609 0.919741 -0.0847335</i>
                <i>1 0 0 0 1 0 0 0 1 1.24609 0.919741 -0.0847335</i>
                <i>1 0 0 0 1 0 0 0 1 1.24609 0.919741 -0.0847335</i>
                <i>1 0 0 0 1 0 0 0 1 1.24609 0.919741 -0.0847335</i>
                <i>1 0 0 0 1 0 0 0 1 1.24609 0.919741 -0.0847335</i>
                <i>1 0 0 0 1 0 0 0 1 1.24609 0.919741 -0.0847335</i>
                <i>1 0 0 0 1 0 0 0 1 1.24609 0.919741 -0.0847335</i>
                <i>1 0 0 0 1 0 0 0 1 1.24609 0.919741 -0.0847335</i>
                <i>1 0 0 0 1 0 0 0 1 1.24609 0.919741 -0.0847335</i>
                <i>1 0 0 0 1 0 0 0 1 1.24609 0.919741 -0.0847335</i>
                <i>1 0 0 0 1 0 0 0 1 1.24609 0.919741 -0.0847335</i>
                <i>1 0 0 0 1 0 0 0 1 1.24609 0.919741 -0.0847335</i>
                <i>1 0 0 0 1 0 0 0 1 1.24609 0.919741 -0.0847335</i>
                <i>1 0 0 0 1 0 0 0 1 1.24609 0.919741 -0.0847335</i>
                <i>1 0 0 0 1 0 0 0 1 1.24609 0.919741 -0.0847335</i>
                <i>1 0 0 0 1 0 0 0 1 1.24609 0.919741 -0.0847335</i>
                <i>1 0 0 0 1 0 0 0 1 1.24609 0.919741 -0.0847335</i>
                <i>1 0 0 0 1 0 0 0 1 1.24609 0.919741 -0.0847335</i>
                <i>1 0 0 0 1 0 0 0 1 1.24609 0.919741 -0.0847335</i>
            </KeyFrames>
        </RefFrame>
        <Bones count="23">
            <i>
                <p>
                    <Name><![CDATA[pelvis]]></Name>
                    <Exclude>0</Exclude>
                    <Additive>0</Additive>
                    <IKPriority>0</IKPriority>
                    <IKRotLimits>-1e+010 -1e+010 -1e+010 1e+010 1e+010 1e+010</IKRotLimits>
                    <IKRotLimitOrder>2</IKRotLimitOrder>
                    <KeyFrames count="97">
                        <i>1 0 0 0 1 0 0 0 1 1.24609 1.51888 -0.0847335</i>
                        <i>1 0 0 0 1 0 0 0 1 1.24609 1.51914 -0.0847335</i>
                        <i>1 0 0 0 1 0 0 0 1 1.24609 1.51941 -0.0847335</i>
                        <i>1 0 0 0 1 0 0 0 1 1.24609 1.51971 -0.0847335</i>
                        <i>1 0 0 0 1 0 0 0 1 1.24609 1.52001 -0.0847335</i>
                        <i>1 0 0 0 1 0 0 0 1 1.24609 1.52033 -0.0847335</i>
                        <i>1 0 0 0 1 0 0 0 1 1.24609 1.52065 -0.0847335</i>
                        <i>1 0 0 0 1 0 0 0 1 1.24609 1.52098 -0.0847335</i>
                        <i>1 0 0 0 1 0 0 0 1 1.24609 1.52131 -0.0847335</i>
                        <i>1 0 0 0 1 0 0 0 1 1.24609 1.52164 -0.0847335</i>
                        <i>1 0 0 0 1 0 0 0 1 1.24609 1.52197 -0.0847335</i>
                        <i>1 0 0 0 1 0 0 0 1 1.24609 1.52229 -0.0847335</i>
                        <i>1 0 0 0 1 0 0 0 1 1.24609 1.52261 -0.0847335</i>
                        <i>1 0 0 0 1 0 0 0 1 1.24609 1.52291 -0.0847335</i>
                        <i>1 0 0 0 1 0 0 0 1 1.24609 1.5232 -0.0847335</i>
                        <i>1 0 0 0 1 0 0 0 1 1.24609 1.52348 -0.0847335</i>
                        <i>1 0 0 0 1 0 0 0 1 1.24609 1.52374 -0.0847335</i>
                        <i>1 0 0 0 1 0 0 0 1 1.24609 1.52398 -0.0847335</i>
                        <i>1 0 0 0 1 0 0 0 1 1.24609 1.52419 -0.0847335</i>
                        <i>1 0 0 0 1 0 0 0 1 1.24609 1.52438 -0.0847335</i>
                        <i>1 0 0 0 1 0 0 0 1 1.24609 1.52454 -0.0847335</i>
                        <i>1 0 0 0 1 0 0 0 1 1.24609 1.52467 -0.0847335</i>
                        <i>1 0 0 0 1 0 0 0 1 1.24609 1.52477 -0.0847335</i>
                        <i>1 0 0 0 1 0 0 0 1 1.24609 1.52482 -0.0847335</i>
                        <i>1 0 0 0 1 0 0 0 1 1.24609 1.52484 -0.0847335</i>
                        <i>1 0 0 0 1 0 0 0 1 1.24609 1.52484 -0.0847335</i>
                        <i>1 0 0 0 1 0 0 0 1 1.24609 1.52481 -0.0847335</i>
                        <i>1 0 0 0 1 0 0 0 1 1.24609 1.52478 -0.0847335</i>
                        <i>1 0 0 0 1 0 0 0 1 1.24609 1.52473 -0.0847335</i>
                        <i>1 0 0 0 1 0 0 0 1 1.24609 1.52466 -0.0847335</i>
                        <i>1 0 0 0 1 0 0 0 1 1.24609 1.52459 -0.0847335</i>
                        <i>1 0 0 0 1 0 0 0 1 1.24609 1.5245 -0.0847335</i>
                        <i>1 0 0 0 1 0 0 0 1 1.24609 1.5244 -0.0847335</i>
                        <i>1 0 0 0 1 0 0 0 1 1.24609 1.52429 -0.0847335</i>
                        <i>1 0 0 0 1 0 0 0 1 1.24609 1.52418 -0.0847335</i>
                        <i>1 0 0 0 1 0 0 0 1 1.24609 1.52405 -0.0847335</i>
                        <i>1 0 0 0 1 0 0 0 1 1.24609 1.52391 -0.0847335</i>
                        <i>1 0 0 0 1 0 0 0 1 1.24609 1.52377 -0.0847335</i>
                        <i>1 0 0 0 1 0 0 0 1 1.24609 1.52362 -0.0847335</i>
                        <i>1 0 0 0 1 0 0 0 1 1.24609 1.52346 -0.0847335</i>
                        <i>1 0 0 0 1 0 0 0 1 1.24609 1.5233 -0.0847335</i>
                        <i>1 0 0 0 1 0 0 0 1 1.24609 1.52313 -0.0847335</i>
                        <i>1 0 0 0 1 0 0 0 1 1.24609 1.52296 -0.0847335</i>
                        <i>1 0 0 0 1 0 0 0 1 1.24609 1.52278 -0.0847335</i>
                        <i>1 0 0 0 1 0 0 0 1 1.24609 1.5226 -0.0847335</i>
                        <i>1 0 0 0 1 0 0 0 1 1.24609 1.52242 -0.0847335</i>
                        <i>1 0 0 0 1 0 0 0 1 1.24609 1.52223 -0.0847335</i>
                        <i>1 0 0 0 1 0 0 0 1 1.24609 1.52205 -0.0847335</i>
                        <i>1 0 0 0 1 0 0 0 1 1.24609 1.52186 -0.0847335</i>
                        <i>1 0 0 0 1 0 0 0 1 1.24609 1.52168 -0.0847335</i>
                        <i>1 0 0 0 1 0 0 0 1 1.24609 1.52149 -0.0847335</i>
                        <i>1 0 0 0 1 0 0 0 1 1.24609 1.52131 -0.0847335</i>
                        <i>1 0 0 0 1 0 0 0 1 1.24609 1.52112 -0.0847335</i>
                        <i>1 0 0 0 1 0 0 0 1 1.24609 1.52094 -0.0847335</i>
                        <i>1 0 0 0 1 0 0 0 1 1.24609 1.52077 -0.0847335</i>
                        <i>1 0 0 0 1 0 0 0 1 1.24609 1.52059 -0.0847335</i>
                        <i>1 0 0 0 1 0 0 0 1 1.24609 1.52043 -0.0847335</i>
                        <i>1 0 0 0 1 0 0 0 1 1.24609 1.52026 -0.0847335</i>
                        <i>1 0 0 0 1 0 0 0 1 1.24609 1.52011 -0.0847335</i>
                        <i>1 0 0 0 1 0 0 0 1 1.24609 1.51995 -0.0847335</i>
                        <i>1 0 0 0 1 0 0 0 1 1.24609 1.51981 -0.0847335</i>
                        <i>1 0 0 0 1 0 0 0 1 1.24609 1.51968 -0.0847335</i>
                        <i>1 0 0 0 1 0 0 0 1 1.24609 1.51955 -0.0847335</i>
                        <i>1 0 0 0 1 0 0 0 1 1.24609 1.51943 -0.0847335</i>
                        <i>1 0 0 0 1 0 0 0 1 1.24609 1.51932 -0.0847335</i>
                        <i>1 0 0 0 1 0 0 0 1 1.24609 1.51922 -0.0847335</i>
                        <i>1 0 0 0 1 0 0 0 1 1.24609 1.51914 -0.0847335</i>
                        <i>1 0 0 0 1 0 0 0 1 1.24609 1.51906 -0.0847335</i>
                        <i>1 0 0 0 1 0 0 0 1 1.24609 1.519 -0.0847335</i>
                        <i>1 0 0 0 1 0 0 0 1 1.24609 1.51895 -0.0847335</i>
                        <i>1 0 0 0 1 0 0 0 1 1.24609 1.51891 -0.0847335</i>
                        <i>1 0 0 0 1 0 0 0 1 1.24609 1.51889 -0.0847335</i>
                        <i>1 0 0 0 1 0 0 0 1 1.24609 1.51888 -0.0847335</i>
                        <i>1 0 0 0 1 0 0 0 1 1.24609 1.51888 -0.0847335</i>
                        <i>1 0 0 0 1 0 0 0 1 1.24609 1.51888 -0.0847335</i>
                        <i>1 0 0 0 1 0 0 0 1 1.24609 1.51888 -0.0847335</i>
                        <i>1 0 0 0 1 0 0 0 1 1.24609 1.51888 -0.0847335</i>
                        <i>1 0 0 0 1 0 0 0 1 1.24609 1.51888 -0.0847335</i>
                        <i>1 0 0 0 1 0 0 0 1 1.24609 1.51888 -0.0847335</i>
                        <i>1 0 0 0 1 0 0 0 1 1.24609 1.51888 -0.0847335</i>
                        <i>1 0 0 0 1 0 0 0 1 1.24609 1.51888 -0.0847335</i>
                        <i>1 0 0 0 1 0 0 0 1 1.24609 1.51888 -0.0847335</i>
                        <i>1 0 0 0 1 0 0 0 1 1.24609 1.51888 -0.0847335</i>
                        <i>1 0 0 0 1 0 0 0 1 1.24609 1.51888 -0.0847335</i>
                        <i>1 0 0 0 1 0 0 0 1 1.24609 1.51888 -0.0847335</i>
                        <i>1 0 0 0 1 0 0 0 1 1.24609 1.51888 -0.0847335</i>
                        <i>1 0 0 0 1 0 0 0 1 1.24609 1.51888 -0.0847335</i>
                        <i>1 0 0 0 1 0 0 0 1 1.24609 1.51888 -0.0847335</i>
                        <i>1 0 0 0 1 0 0 0 1 1.24609 1.51888 -0.0847335</i>
                        <i>1 0 0 0 1 0 0 0 1 1.24609 1.51888 -0.0847335</i>
                        <i>1 0 0 0 1 0 0 0 1 1.24609 1.51888 -0.0847335</i>
                        <i>1 0 0 0 1 0 0 0 1 1.24609 1.51888 -0.0847335</i>
                        <i>1 0 0 0 1 0 0 0 1 1.24609 1.51888 -0.0847335</i>
                        <i>1 0 0 0 1 0 0 0 1 1.24609 1.51888 -0.0847335</i>
                        <i>1 0 0 0 1 0 0 0 1 1.24609 1.51888 -0.0847335</i>
                        <i>1 0 0 0 1 0 0 0 1 1.24609 1.51888 -0.0847335</i>
                        <i>1 0 0 0 1 0 0 0 1 1.24609 1.51888 -0.0847335</i>
                    </KeyFrames>
                </p>
            </i>
            <i>
                <p>
                    <Name><![CDATA[spine0]]></Name>
                    <Exclude>0</Exclude>
                    <Additive>0</Additive>
                    <IKPriority>0</IKPriority>
                    <IKRotLimits>-1e+010 -1e+010 -1e+010 1e+010 1e+010 1e+010</IKRotLimits>
                    <IKRotLimitOrder>0</IKRotLimitOrder>
                    <KeyFrames count="97">
                        <i>-0.0813484 0.945221 0.316133 -0.981828 -0.0214338 -0.188561 -0.171456 -0.325728 0.929787 1.26202 1.65962 -0.10992</i>
                        <i>-0.0815213 0.945436 0.315444 -0.981392 -0.0209382 -0.190869 -0.17385 -0.325134 0.92955 1.2621 1.65987 -0.109898</i>
                        <i>-0.0813482 0.945785 0.314442 -0.980919 -0.0200792 -0.193376 -0.176578 -0.324173 0.929372 1.26225 1.66013 -0.109919</i>
                        <i>-0.0808551 0.946253 0.313157 -0.980412 -0.0188917 -0.196052 -0.179599 -0.322874 0.929245 1.26245 1.66039 -0.109978</i>
                        <i>-0.0800684 0.946827 0.31162 -0.979871 -0.0174107 -0.19887 -0.18287 -0.32127 0.929163 1.2627 1.66065 -0.110072</i>
                        <i>-0.0790141 0.947493 0.309861 -0.979301 -0.015671 -0.201801 -0.186349 -0.319392 0.929119 1.263 1.6609 -0.110198</i>
                        <i>-0.0777189 0.948235 0.307912 -0.978704 -0.0137073 -0.204818 -0.189995 -0.317273 0.929107 1.26334 1.66116 -0.11035</i>
                        <i>-0.0762097 0.94904 0.305802 -0.978083 -0.0115542 -0.207893 -0.193766 -0.314943 0.929121 1.26371 1.66141 -0.110526</i>
                        <i>-0.0745141 0.949894 0.303562 -0.977443 -0.00924593 -0.210997 -0.197618 -0.312437 0.929156 1.26411 1.66165 -0.110722</i>
                        <i>-0.0726605 0.950781 0.301223 -0.976788 -0.00681694 -0.214102 -0.201511 -0.309788 0.929207 1.26453 1.66189 -0.110933</i>
                        <i>-0.0706779 0.95169 0.298815 -0.976122 -0.00430138 -0.21718 -0.205403 -0.30703 0.92927 1.26496 1.66212 -0.111157</i>
                        <i>-0.0685963 0.952607 0.29637 -0.975453 -0.00173323 -0.220202 -0.209253 -0.3042 0.929342 1.26541 1.66234 -0.111389</i>
                        <i>-0.0664464 0.953519 0.293917 -0.974786 0.000853663 -0.223141 -0.21302 -0.301333 0.92942 1.26586 1.66254 -0.111626</i>
                        <i>-0.0642598 0.954414 0.291487 -0.974129 0.0034256 -0.225968 -0.216666 -0.298466 0.929502 1.26631 1.66274 -0.111864</i>
                        <i>-0.0620692 0.955281 0.289111 -0.973489 0.00594906 -0.228655 -0.22015 -0.295639 0.929587 1.26676 1.66292 -0.1121</i>
                        <i>-0.0599076 0.95611 0.286819 -0.972876 0.0083907 -0.231174 -0.223434 -0.292889 0.929674 1.26718 1.66309 -0.112331</i>
                        <i>-0.0578089 0.956889 0.284643 -0.972299 0.0107174 -0.233495 -0.22648 -0.290256 0.929762 1.26759 1.66324 -0.112553</i>
                        <i>-0.0558077 0.957609 0.282613 -0.971766 0.012896 -0.235592 -0.22925 -0.287782 0.929853 1.26798 1.66337 -0.112762</i>
                        <i>-0.0539388 0.958261 0.280759 -0.971289 0.0148937 -0.237436 -0.231707 -0.285505 0.929945 1.26833 1.66349 -0.112956</i>
                        <i>-0.0522374 0.958836 0.279113 -0.970877 0.0166779 -0.238998 -0.233815 -0.283469 0.930041 1.26864 1.6636 -0.113131</i>
                        <i>-0.0507386 0.959325 0.277706 -0.97054 0.018216 -0.24025 -0.235537 -0.281714 0.930139 1.26891 1.66368 -0.113283</i>
                        <i>-0.0494774 0.95972 0.276568 -0.970289 0.0194754 -0.241165 -0.236837 -0.280283 0.930242 1.26912 1.66375 -0.11341</i>
                        <i>-0.0484885 0.960011 0.275731 -0.970133 0.0204239 -0.241712 -0.237678 -0.279216 0.930348 1.26928 1.6638 -0.113509</i>
                        <i>-0.0478058 0.96019 0.275226 -0.970082 0.0210292 -0.241865 -0.238024 -0.278554 0.930458 1.26937 1.66383 -0.113575</i>
                        <i>-0.0474622 0.960248 0.275085 -0.970144 0.021259 -0.241595 -0.237839 -0.278339 0.93057 1.26939 1.66384 -0.113606</i>
                        <i>-0.0473528 0.960215 0.275216 -0.97029 0.0212292 -0.241013 -0.237267 -0.278452 0.930682 1.26937 1.66383 -0.113615</i>
                        <i>-0.0473434 0.960135 0.275498 -0.970481 0.0210845 -0.240255 -0.236486 -0.27874 0.930794 1.26934 1.66382 -0.113619</i>
                        <i>-0.0474223 0.960011 0.275918 -0.970715 0.0208352 -0.23933 -0.235508 -0.279187 0.930908 1.26929 1.66379 -0.113618</i>
                        <i>-0.0475779 0.959846 0.276465 -0.970989 0.0204913 -0.238244 -0.234343 -0.279779 0.931025 1.26922 1.66375 -0.113614</i>
                        <i>-0.0477987 0.959644 0.277126 -0.971301 0.0200631 -0.237006 -0.233001 -0.280501 0.931144 1.26915 1.6637 -0.113604</i>
                        <i>-0.0480732 0.959409 0.277889 -0.971648 0.0195605 -0.235622 -0.231493 -0.281338 0.931268 1.26906 1.66364 -0.113591</i>
                        <i>-0.0483898 0.959146 0.278744 -0.972027 0.0189935 -0.234099 -0.22983 -0.282274 0.931397 1.26896 1.66357 -0.113573</i>
                        <i>-0.048737 0.958857 0.279676 -0.972436 0.018372 -0.232446 -0.228021 -0.283296 0.931531 1.26885 1.6635 -0.113552</i>
                        <i>-0.0491033 0.958546 0.280675 -0.972871 0.0177061 -0.23067 -0.226078 -0.284387 0.931672 1.26873 1.66341 -0.113526</i>
                        <i>-0.0494773 0.958219 0.281725 -0.97333 0.0170055 -0.228778 -0.224011 -0.285531 0.931821 1.26861 1.66332 -0.113498</i>
                        <i>-0.0498475 0.957878 0.282815 -0.97381 0.0162801 -0.226778 -0.22183 -0.286713 0.93198 1.26847 1.66322 -0.113465</i>
                        <i>-0.0502025 0.95753 0.28393 -0.974309 0.0155399 -0.224677 -0.219547 -0.287915 0.93215 1.26833 1.66312 -0.11343</i>
                        <i>-0.050531 0.957178 0.285055 -0.974824 0.0147945 -0.222483 -0.217173 -0.289121 0.932333 1.26818 1.66301 -0.113391</i>
                        <i>-0.0508219 0.956829 0.286175 -0.975353 0.0140537 -0.220202 -0.214718 -0.290312 0.932532 1.26802 1.66289 -0.11335</i>
                        <i>-0.0510642 0.956486 0.287274 -0.975893 0.0133273 -0.217843 -0.212193 -0.291472 0.932748 1.26786 1.66277 -0.113306</i>
                        <i>-0.0512472 0.956157 0.288336 -0.976442 0.0126247 -0.215413 -0.209609 -0.292582 0.932984 1.26769 1.66264 -0.113259</i>
                        <i>-0.0514306 0.955824 0.289404 -0.976996 0.0118995 -0.212925 -0.206963 -0.293697 0.933225 1.26752 1.66251 -0.11321</i>
                        <i>-0.0516741 0.955469 0.29053 -0.977554 0.011106 -0.210393 -0.204251 -0.294881 0.933449 1.26735 1.66237 -0.113159</i>
                        <i>-0.0519681 0.955094 0.29171 -0.978112 0.0102547 -0.207826 -0.201485 -0.296125 0.933656 1.26717 1.66223 -0.113106</i>
                        <i>-0.0523025 0.9547 0.292937 -0.978669 0.00935635 -0.20523 -0.198674 -0.297422 0.933846 1.26699 1.66209 -0.113051</i>
                        <i>-0.0526678 0.95429 0.294207 -0.979223 0.00842133 -0.202613 -0.195829 -0.298765 0.934019 1.26681 1.66195 -0.112995</i>
                        <i>-0.0530544 0.953865 0.295513 -0.979771 0.00746018 -0.199982 -0.19296 -0.300145 0.934173 1.26663 1.6618 -0.112937</i>
                        <i>-0.0534525 0.953427 0.296849 -0.980313 0.00648343 -0.197345 -0.190079 -0.301553 0.93431 1.26645 1.66165 -0.112878</i>
                        <i>-0.0538528 0.95298 0.298209 -0.980846 0.00550154 -0.19471 -0.187195 -0.302983 0.93443 1.26626 1.66151 -0.112818</i>
                        <i>-0.054246 0.952526 0.299586 -0.981368 0.004525 -0.192083 -0.18432 -0.304424 0.934533 1.26608 1.66136 -0.112758</i>
                        <i>-0.0546227 0.952067 0.300973 -0.981879 0.00356428 -0.189473 -0.181464 -0.305869 0.93462 1.2659 1.66121 -0.112697</i>
                        <i>-0.0549738 0.951606 0.302363 -0.982378 0.00262984 -0.186887 -0.178638 -0.307309 0.934693 1.26572 1.66106 -0.112635</i>
                        <i>-0.0552903 0.951147 0.303747 -0.982863 0.00173214 -0.184332 -0.175853 -0.308734 0.934751 1.26555 1.66092 -0.112574</i>
                        <i>-0.0555632 0.950692 0.305119 -0.983332 0.00088166 -0.181815 -0.173119 -0.310135 0.934797 1.26538 1.66077 -0.112513</i>
                        <i>-0.0557837 0.950245 0.306469 -0.983786 8.88713e-005 -0.179345 -0.170449 -0.311504 0.934833 1.26521 1.66063 -0.112453</i>
                        <i>-0.055943 0.949808 0.307789 -0.984224 -0.000635718 -0.176928 -0.167852 -0.312831 0.934859 1.26504 1.66049 -0.112394</i>
                        <i>-0.0560326 0.949387 0.309072 -0.984644 -0.00128164 -0.174572 -0.16534 -0.314108 0.934879 1.26488 1.66036 -0.112335</i>
                        <i>-0.0560439 0.948983 0.310308 -0.985046 -0.00183834 -0.172284 -0.162924 -0.315323 0.934894 1.26473 1.66023 -0.112278</i>
                        <i>-0.0559684 0.9486 0.311489 -0.985429 -0.0022953 -0.170072 -0.160615 -0.316469 0.934906 1.26458 1.6601 -0.112223</i>
                        <i>-0.0559606 0.94822 0.312646 -0.985789 -0.00279765 -0.167962 -0.15839 -0.317602 0.934902 1.26444 1.65998 -0.11217</i>
                        <i>-0.0561438 0.947826 0.313805 -0.986123 -0.00346038 -0.165979 -0.156233 -0.318769 0.934868 1.26431 1.65986 -0.112118</i>
                        <i>-0.0564609 0.947427 0.314951 -0.986431 -0.00422614 -0.164123 -0.154164 -0.319944 0.93481 1.26418 1.65975 -0.11207</i>
                        <i>-0.0568514 0.947033 0.316065 -0.986713 -0.00503436 -0.162398 -0.152205 -0.321098 0.934735 1.26406 1.65965 -0.112024</i>
                        <i>-0.0572506 0.946654 0.317125 -0.98697 -0.00582078 -0.160802 -0.150378 -0.322199 0.934652 1.26395 1.65955 -0.111981</i>
                        <i>-0.05759 0.946305 0.318104 -0.987203 -0.0065176 -0.159336 -0.148707 -0.323209 0.934571 1.26385 1.65946 -0.111941</i>
                        <i>-0.0579583 0.946012 0.318907 -0.987409 -0.00722424 -0.158022 -0.147187 -0.324051 0.93452 1.26376 1.65938 -0.111905</i>
                        <i>-0.0584589 0.945787 0.319482 -0.987585 -0.00804832 -0.156882 -0.145806 -0.324687 0.934515 1.26368 1.65931 -0.111873</i>
                        <i>-0.0590436 0.945622 0.319863 -0.987729 -0.00893215 -0.155919 -0.144583 -0.325144 0.934546 1.26361 1.65925 -0.111845</i>
                        <i>-0.0596648 0.945507 0.320088 -0.987845 -0.00981849 -0.155132 -0.143536 -0.325454 0.9346 1.26356 1.6592 -0.111822</i>
                        <i>-0.0602753 0.945431 0.320198 -0.987932 -0.0106507 -0.154525 -0.142682 -0.325647 0.934663 1.26351 1.65916 -0.111803</i>
                        <i>-0.0608289 0.945384 0.320232 -0.98799 -0.0113729 -0.154096 -0.142038 -0.32576 0.934722 1.26348 1.65913 -0.111789</i>
                        <i>-0.0612797 0.945354 0.320235 -0.988022 -0.0119297 -0.15385 -0.141622 -0.325827 0.934762 1.26346 1.65911 -0.111781</i>
                        <i>-0.0615823 0.94533 0.320249 -0.988028 -0.0122661 -0.153785 -0.141449 -0.325885 0.934768 1.26345 1.6591 -0.111778</i>
                        <i>-0.0618906 0.945312 0.320242 -0.987993 -0.0125181 -0.153989 -0.141559 -0.325928 0.934736 1.26344 1.65911 -0.111769</i>
                        <i>-0.0623791 0.945306 0.320166 -0.987905 -0.0128533 -0.154527 -0.14196 -0.325933 0.934674 1.26342 1.65912 -0.111742</i>
                        <i>-0.0630335 0.945304 0.320041 -0.987768 -0.013264 -0.155367 -0.142624 -0.32592 0.934577 1.26339 1.65913 -0.111698</i>
                        <i>-0.0638395 0.945302 0.319888 -0.987585 -0.0137424 -0.15648 -0.143525 -0.325907 0.934444 1.26335 1.65914 -0.111641</i>
                        <i>-0.0647825 0.945292 0.319729 -0.987362 -0.0142807 -0.157835 -0.144634 -0.325913 0.934271 1.2633 1.65916 -0.11157</i>
                        <i>-0.0658481 0.945267 0.319584 -0.987102 -0.0148708 -0.159401 -0.145924 -0.325958 0.934054 1.26324 1.65919 -0.111488</i>
                        <i>-0.0670221 0.945222 0.319475 -0.986809 -0.0155048 -0.161147 -0.147367 -0.326061 0.933792 1.26317 1.65921 -0.111396</i>
                        <i>-0.0682901 0.945149 0.319421 -0.986486 -0.0161747 -0.163044 -0.148935 -0.326239 0.933481 1.26309 1.65924 -0.111296</i>
                        <i>-0.0696382 0.945043 0.319443 -0.986139 -0.0168728 -0.165061 -0.1506 -0.32651 0.933119 1.26301 1.65927 -0.11119</i>
                        <i>-0.0710528 0.944898 0.31956 -0.985772 -0.0175915 -0.167166 -0.152333 -0.326891 0.932704 1.26293 1.6593 -0.111079</i>
                        <i>-0.0725207 0.944708 0.319793 -0.985389 -0.0183236 -0.169331 -0.154108 -0.3274 0.932234 1.26284 1.65933 -0.110965</i>
                        <i>-0.0739879 0.944517 0.320022 -0.984996 -0.0190438 -0.171521 -0.15591 -0.327911 0.931754 1.26275 1.65937 -0.110849</i>
                        <i>-0.075395 0.94437 0.320126 -0.9846 -0.0197237 -0.173705 -0.157728 -0.328292 0.931314 1.26266 1.6594 -0.110733</i>
                        <i>-0.0767221 0.944267 0.320115 -0.984206 -0.0203522 -0.175851 -0.159535 -0.328551 0.930915 1.26257 1.65943 -0.110619</i>
                        <i>-0.0779496 0.944205 0.320001 -0.983821 -0.0209181 -0.177929 -0.161308 -0.328694 0.930559 1.26249 1.65946 -0.110508</i>
                        <i>-0.079058 0.944182 0.319797 -0.98345 -0.0214105 -0.179909 -0.163019 -0.328728 0.930249 1.2624 1.65949 -0.110402</i>
                        <i>-0.0800279 0.944197 0.319513 -0.983101 -0.0218188 -0.181759 -0.164645 -0.328659 0.929987 1.26232 1.65952 -0.110302</i>
                        <i>-0.0808402 0.944247 0.31916 -0.98278 -0.0221322 -0.18345 -0.166158 -0.328494 0.929776 1.26225 1.65954 -0.11021</i>
                        <i>-0.0814759 0.944331 0.318748 -0.982494 -0.0223403 -0.184951 -0.167535 -0.328237 0.92962 1.26218 1.65956 -0.110128</i>
                        <i>-0.081916 0.944449 0.318287 -0.982249 -0.0224325 -0.186233 -0.168748 -0.327893 0.929522 1.26213 1.65958 -0.110058</i>
                        <i>-0.0821419 0.944597 0.317787 -0.982054 -0.0223983 -0.187265 -0.169772 -0.327466 0.929485 1.26208 1.6596 -0.11</i>
                        <i>-0.0821349 0.944776 0.317256 -0.981914 -0.0222273 -0.188017 -0.170582 -0.326961 0.929515 1.26205 1.65961 -0.109957</i>
                        <i>-0.0818764 0.944985 0.316702 -0.981837 -0.0219092 -0.188459 -0.171152 -0.32638 0.929614 1.26202 1.65962 -0.10993</i>
                        <i>-0.0813484 0.945221 0.316133 -0.981828 -0.0214338 -0.188561 -0.171456 -0.325728 0.929787 1.26202 1.65962 -0.10992</i>
                    </KeyFrames>
                </p>
            </i>
            <i>
                <p>
                    <Name><![CDATA[spine1]]></Name>
                    <Exclude>0</Exclude>
                    <Additive>0</Additive>
                    <IKPriority>0</IKPriority>
                    <IKRotLimits>-1e+010 -1e+010 -1e+010 1e+010 1e+010 1e+010</IKRotLimits>
                    <IKRotLimitOrder>0</IKRotLimitOrder>
                    <KeyFrames count="97">
                        <i>-0.309412 0.721279 0.619694 -0.946593 -0.171466 -0.273058 -0.0906945 -0.671085 0.735812 1.24644 1.84092 -0.0494107</i>
                        <i>-0.310248 0.722761 0.617546 -0.945986 -0.170409 -0.27581 -0.0941088 -0.669759 0.736591 1.24647 1.8415 -0.0494274</i>
                        <i>-0.310947 0.724635 0.614993 -0.945363 -0.169102 -0.278736 -0.097986 -0.668063 0.737625 1.24662 1.84212 -0.049545</i>
                        <i>-0.311509 0.726862 0.612074 -0.944724 -0.16757 -0.281811 -0.102273 -0.666027 0.738883 1.24689 1.84277 -0.0497544</i>
                        <i>-0.311934 0.7294 0.608829 -0.944069 -0.165843 -0.285008 -0.106915 -0.663681 0.740336 1.24727 1.84344 -0.0500467</i>
                        <i>-0.312223 0.732209 0.605299 -0.943401 -0.163947 -0.288299 -0.111858 -0.661053 0.741954 1.24775 1.84413 -0.0504127</i>
                        <i>-0.312376 0.735248 0.601524 -0.94272 -0.16191 -0.291658 -0.117048 -0.658176 0.74371 1.24831 1.84484 -0.0508433</i>
                        <i>-0.312397 0.738477 0.597544 -0.942029 -0.159758 -0.295056 -0.122429 -0.655079 0.745575 1.24895 1.84556 -0.0513294</i>
                        <i>-0.312288 0.741857 0.593401 -0.941332 -0.157519 -0.298466 -0.127947 -0.651794 0.747525 1.24965 1.84628 -0.0518619</i>
                        <i>-0.312055 0.745347 0.589135 -0.940631 -0.155219 -0.301861 -0.133546 -0.648356 0.749533 1.25041 1.847 -0.0524316</i>
                        <i>-0.311704 0.748907 0.584789 -0.939932 -0.152884 -0.305212 -0.139171 -0.644798 0.751576 1.25121 1.84771 -0.0530294</i>
                        <i>-0.311243 0.7525 0.580406 -0.939239 -0.15054 -0.308492 -0.144766 -0.641156 0.753632 1.25204 1.84841 -0.0536461</i>
                        <i>-0.310683 0.756087 0.576028 -0.938559 -0.148214 -0.311672 -0.150276 -0.637467 0.75568 1.2529 1.8491 -0.0542725</i>
                        <i>-0.310035 0.75963 0.571699 -0.937898 -0.145932 -0.314723 -0.155644 -0.633771 0.7577 1.25376 1.84975 -0.0548994</i>
                        <i>-0.309312 0.763093 0.567464 -0.937264 -0.143718 -0.317618 -0.160817 -0.630107 0.759673 1.25461 1.85039 -0.0555177</i>
                        <i>-0.308529 0.766438 0.563367 -0.936664 -0.141599 -0.320327 -0.165739 -0.626516 0.761583 1.25545 1.85099 -0.0561182</i>
                        <i>-0.307704 0.769631 0.559452 -0.936108 -0.139599 -0.322823 -0.170355 -0.623041 0.763413 1.25625 1.85155 -0.0566918</i>
                        <i>-0.306852 0.772636 0.555766 -0.935603 -0.137744 -0.325075 -0.174611 -0.619726 0.765148 1.25702 1.85208 -0.0572291</i>
                        <i>-0.305993 0.775419 0.552353 -0.935159 -0.136059 -0.327055 -0.178452 -0.616615 0.766773 1.25772 1.85256 -0.0577211</i>
                        <i>-0.305147 0.777945 0.549261 -0.934786 -0.134567 -0.328735 -0.181825 -0.613754 0.768275 1.25836 1.85299 -0.0581584</i>
                        <i>-0.304332 0.780181 0.546534 -0.934493 -0.133295 -0.330084 -0.184675 -0.611188 0.769639 1.25891 1.85338 -0.0585319</i>
                        <i>-0.303569 0.782094 0.54422 -0.934289 -0.132265 -0.331074 -0.186949 -0.608963 0.770853 1.25937 1.85371 -0.0588322</i>
                        <i>-0.302876 0.78365 0.542365 -0.934183 -0.131504 -0.331675 -0.188594 -0.607124 0.771902 1.25971 1.85398 -0.05905</i>
                        <i>-0.302271 0.784816 0.541014 -0.934185 -0.131034 -0.331857 -0.189555 -0.605718 0.772771 1.25993 1.85419 -0.0591758</i>
                        <i>-0.301772 0.785559 0.540214 -0.9343 -0.130882 -0.331591 -0.18978 -0.604787 0.773445 1.26002 1.85433 -0.0592002</i>
                        <i>-0.30136 0.785957 0.539864 -0.934506 -0.130977 -0.330974 -0.189421 -0.604249 0.773953 1.26002 1.8544 -0.05916</i>
                        <i>-0.301002 0.786126 0.539819 -0.934771 -0.131225 -0.330127 -0.188684 -0.603976 0.774346 1.25998 1.8544 -0.0590994</i>
                        <i>-0.300688 0.786085 0.540053 -0.935092 -0.131615 -0.329061 -0.187591 -0.603944 0.774636 1.25991 1.85433 -0.0590195</i>
                        <i>-0.300408 0.785855 0.540544 -0.935467 -0.132137 -0.327783 -0.186164 -0.604129 0.774836 1.25982 1.85421 -0.0589216</i>
                        <i>-0.300151 0.785454 0.541268 -0.935894 -0.13278 -0.326301 -0.184425 -0.604509 0.774956 1.25971 1.85403 -0.0588069</i>
                        <i>-0.299907 0.784903 0.542202 -0.936369 -0.133535 -0.324625 -0.182397 -0.605058 0.775007 1.25957 1.8538 -0.0586767</i>
                        <i>-0.299667 0.78422 0.543322 -0.93689 -0.134389 -0.322764 -0.180101 -0.605755 0.775 1.25942 1.85353 -0.0585321</i>
                        <i>-0.29942 0.783423 0.544606 -0.937454 -0.135334 -0.320726 -0.17756 -0.606575 0.774945 1.25925 1.85323 -0.0583745</i>
                        <i>-0.299157 0.782533 0.54603 -0.938057 -0.136358 -0.31852 -0.174797 -0.607494 0.774853 1.25907 1.8529 -0.0582053</i>
                        <i>-0.298866 0.781567 0.547569 -0.938697 -0.137451 -0.316157 -0.171834 -0.60849 0.774734 1.25888 1.85254 -0.0580259</i>
                        <i>-0.29854 0.780546 0.549201 -0.93937 -0.138602 -0.313646 -0.168694 -0.609538 0.7746 1.25868 1.85217 -0.0578378</i>
                        <i>-0.298169 0.77949 0.5509 -0.940073 -0.139801 -0.310995 -0.165402 -0.610615 0.774462 1.25847 1.85179 -0.0576427</i>
                        <i>-0.297744 0.778419 0.552641 -0.940804 -0.141036 -0.308217 -0.16198 -0.611696 0.774332 1.25827 1.8514 -0.057442</i>
                        <i>-0.297256 0.777354 0.5544 -0.941558 -0.142296 -0.30532 -0.158452 -0.612758 0.774222 1.25807 1.85102 -0.0572378</i>
                        <i>-0.296698 0.776316 0.556151 -0.942334 -0.143571 -0.302314 -0.154844 -0.613776 0.774146 1.25787 1.85065 -0.0570317</i>
                        <i>-0.296062 0.775326 0.557869 -0.943129 -0.144848 -0.29921 -0.151179 -0.614727 0.774116 1.25767 1.85029 -0.0568257</i>
                        <i>-0.295391 0.774332 0.559602 -0.943932 -0.146156 -0.296025 -0.147432 -0.615669 0.77409 1.25747 1.84993 -0.0566152</i>
                        <i>-0.294734 0.77327 0.561414 -0.944731 -0.147521 -0.292781 -0.143578 -0.616677 0.774012 1.25726 1.84955 -0.0563945</i>
                        <i>-0.294089 0.772146 0.563296 -0.945523 -0.148932 -0.289493 -0.139637 -0.617746 0.773881 1.25703 1.84916 -0.0561645</i>
                        <i>-0.293452 0.770965 0.565243 -0.946303 -0.150377 -0.286176 -0.135632 -0.61887 0.773695 1.2568 1.84875 -0.0559261</i>
                        <i>-0.292823 0.769732 0.567245 -0.947069 -0.151845 -0.282848 -0.131584 -0.620044 0.773454 1.25655 1.84833 -0.0556804</i>
                        <i>-0.292199 0.768455 0.569295 -0.947818 -0.153322 -0.279522 -0.127514 -0.621265 0.773156 1.25631 1.84791 -0.0554282</i>
                        <i>-0.29158 0.767137 0.571386 -0.948547 -0.154799 -0.276216 -0.123445 -0.622526 0.772802 1.25606 1.84747 -0.0551708</i>
                        <i>-0.290964 0.765784 0.57351 -0.949254 -0.156262 -0.272945 -0.119399 -0.623824 0.772391 1.25581 1.84703 -0.0549091</i>
                        <i>-0.290351 0.764404 0.575659 -0.949937 -0.157699 -0.269724 -0.115398 -0.625154 0.771924 1.25556 1.84658 -0.0546446</i>
                        <i>-0.289738 0.763002 0.577824 -0.950593 -0.159098 -0.266571 -0.111464 -0.626511 0.771401 1.25532 1.84614 -0.0543783</i>
                        <i>-0.289126 0.761583 0.579997 -0.951222 -0.160446 -0.263502 -0.10762 -0.627892 0.770824 1.25508 1.8457 -0.0541116</i>
                        <i>-0.288516 0.760155 0.582172 -0.951822 -0.161732 -0.260532 -0.103889 -0.629291 0.770194 1.25486 1.84526 -0.053846</i>
                        <i>-0.287905 0.758722 0.584338 -0.952393 -0.162942 -0.257678 -0.100293 -0.630706 0.769514 1.25464 1.84482 -0.0535827</i>
                        <i>-0.287296 0.757293 0.586488 -0.952932 -0.164063 -0.254957 -0.0968561 -0.632132 0.768784 1.25444 1.8444 -0.0533232</i>
                        <i>-0.286688 0.755873 0.588614 -0.953441 -0.165084 -0.252385 -0.0936008 -0.633564 0.768007 1.25426 1.84399 -0.053069</i>
                        <i>-0.286082 0.754469 0.590707 -0.953917 -0.16599 -0.249979 -0.0905501 -0.635 0.767187 1.25409 1.84359 -0.0528216</i>
                        <i>-0.285479 0.753087 0.592758 -0.954362 -0.166769 -0.247754 -0.087727 -0.636434 0.766326 1.25395 1.8432 -0.0525825</i>
                        <i>-0.284879 0.751734 0.594761 -0.954774 -0.167408 -0.245728 -0.0851544 -0.637865 0.765426 1.25382 1.84283 -0.0523531</i>
                        <i>-0.284092 0.75056 0.596616 -0.955222 -0.167874 -0.24366 -0.0827246 -0.639123 0.764643 1.25369 1.84246 -0.0521353</i>
                        <i>-0.28304 0.749632 0.598281 -0.955739 -0.168208 -0.241389 -0.0803178 -0.640123 0.764062 1.25354 1.84206 -0.051929</i>
                        <i>-0.281894 0.748831 0.599823 -0.956275 -0.168501 -0.239053 -0.077939 -0.640983 0.763588 1.25336 1.84165 -0.0517333</i>
                        <i>-0.280823 0.748039 0.601313 -0.956778 -0.168843 -0.236789 -0.0755998 -0.641818 0.763121 1.25318 1.84124 -0.0515479</i>
                        <i>-0.279988 0.747139 0.602818 -0.957199 -0.169311 -0.23474 -0.0733199 -0.642741 0.762567 1.25301 1.84085 -0.0513733</i>
                        <i>-0.279552 0.746018 0.604407 -0.957492 -0.169981 -0.233055 -0.0711256 -0.643866 0.761825 1.25286 1.8405 -0.0512107</i>
                        <i>-0.279349 0.744499 0.606371 -0.957725 -0.17082 -0.231483 -0.0687585 -0.645401 0.760743 1.2527 1.84021 -0.0510719</i>
                        <i>-0.279115 0.742588 0.608816 -0.957982 -0.171714 -0.229749 -0.0660668 -0.647362 0.759314 1.25254 1.83999 -0.050966</i>
                        <i>-0.278863 0.740444 0.611537 -0.958247 -0.172612 -0.227966 -0.0632377 -0.649575 0.757663 1.25236 1.83982 -0.0508908</i>
