<?xml version="1.0" encoding="ISO-8859-1" ?>
<Animl Version="1">
    <ModellingPackage><![CDATA[Maya.2010]]></ModellingPackage>
    <SrcFile><![CDATA[anims\turrets\machinegun\red\~src\mgun_nsv\mgun_nsv_reload_crewman_c.mb]]></SrcFile>
    <FramesPerSecond>30</FramesPerSecond>
    <TotalFrames>117</TotalFrames>
    <Skeleton>
        <RefFrame>
            <Name><![CDATA[soldier_ref_frame]]></Name>
            <Exclude>0</Exclude>
            <Additive>0</Additive>
            <IKPriority>0</IKPriority>
            <IKRotLimits>-1e+010 -1e+010 -1e+010 1e+010 1e+010 1e+010</IKRotLimits>
            <IKRotLimitOrder>0</IKRotLimitOrder>
            <KeyFrames count="117">
                <i>1 0 0 0 1 0 0 0 1 1.59193 0.937567 0.255518</i>
                <i>1 0 0 0 1 0 0 0 1 1.59193 0.937567 0.255518</i>
                <i>1 0 0 0 1 0 0 0 1 1.59193 0.937567 0.255518</i>
                <i>1 0 0 0 1 0 0 0 1 1.59193 0.937567 0.255518</i>
                <i>1 0 0 0 1 0 0 0 1 1.59193 0.937567 0.255518</i>
                <i>1 0 0 0 1 0 0 0 1 1.59193 0.937567 0.255518</i>
                <i>1 0 0 0 1 0 0 0 1 1.59193 0.937567 0.255518</i>
                <i>1 0 0 0 1 0 0 0 1 1.59193 0.937567 0.255518</i>
                <i>1 0 0 0 1 0 0 0 1 1.59193 0.937567 0.255518</i>
                <i>1 0 0 0 1 0 0 0 1 1.59193 0.937567 0.255518</i>
                <i>1 0 0 0 1 0 0 0 1 1.59193 0.937567 0.255518</i>
                <i>1 0 0 0 1 0 0 0 1 1.59193 0.937567 0.255518</i>
                <i>1 0 0 0 1 0 0 0 1 1.59193 0.937567 0.255518</i>
                <i>1 0 0 0 1 0 0 0 1 1.59193 0.937567 0.255518</i>
                <i>1 0 0 0 1 0 0 0 1 1.59193 0.937567 0.255518</i>
                <i>1 0 0 0 1 0 0 0 1 1.59193 0.937567 0.255518</i>
                <i>1 0 0 0 1 0 0 0 1 1.59193 0.937567 0.255518</i>
                <i>1 0 0 0 1 0 0 0 1 1.59193 0.937567 0.255518</i>
                <i>1 0 0 0 1 0 0 0 1 1.59193 0.937567 0.255518</i>
                <i>1 0 0 0 1 0 0 0 1 1.59193 0.937567 0.255518</i>
                <i>1 0 0 0 1 0 0 0 1 1.59193 0.937567 0.255518</i>
                <i>1 0 0 0 1 0 0 0 1 1.59193 0.937567 0.255518</i>
                <i>1 0 0 0 1 0 0 0 1 1.59193 0.937567 0.255518</i>
                <i>1 0 0 0 1 0 0 0 1 1.59193 0.937567 0.255518</i>
                <i>1 0 0 0 1 0 0 0 1 1.59193 0.937567 0.255518</i>
                <i>1 0 0 0 1 0 0 0 1 1.59193 0.937567 0.255518</i>
                <i>1 0 0 0 1 0 0 0 1 1.59193 0.937567 0.255518</i>
                <i>1 0 0 0 1 0 0 0 1 1.59193 0.937567 0.255518</i>
                <i>1 0 0 0 1 0 0 0 1 1.59193 0.937567 0.255518</i>
                <i>1 0 0 0 1 0 0 0 1 1.59193 0.937567 0.255518</i>
                <i>1 0 0 0 1 0 0 0 1 1.59193 0.937567 0.255518</i>
                <i>1 0 0 0 1 0 0 0 1 1.59193 0.937567 0.255518</i>
                <i>1 0 0 0 1 0 0 0 1 1.59193 0.937567 0.255518</i>
                <i>1 0 0 0 1 0 0 0 1 1.59193 0.937567 0.255518</i>
                <i>1 0 0 0 1 0 0 0 1 1.59193 0.937567 0.255518</i>
                <i>1 0 0 0 1 0 0 0 1 1.59193 0.937567 0.255518</i>
                <i>1 0 0 0 1 0 0 0 1 1.59193 0.937567 0.255518</i>
                <i>1 0 0 0 1 0 0 0 1 1.59193 0.937567 0.255518</i>
                <i>1 0 0 0 1 0 0 0 1 1.59193 0.937567 0.255518</i>
                <i>1 0 0 0 1 0 0 0 1 1.59193 0.937567 0.255518</i>
                <i>1 0 0 0 1 0 0 0 1 1.59193 0.937567 0.255518</i>
                <i>1 0 0 0 1 0 0 0 1 1.59193 0.937567 0.255518</i>
                <i>1 0 0 0 1 0 0 0 1 1.59193 0.937567 0.255518</i>
                <i>1 0 0 0 1 0 0 0 1 1.59193 0.937567 0.255518</i>
                <i>1 0 0 0 1 0 0 0 1 1.59193 0.937567 0.255518</i>
                <i>1 0 0 0 1 0 0 0 1 1.59193 0.937567 0.255518</i>
                <i>1 0 0 0 1 0 0 0 1 1.59193 0.937567 0.255518</i>
                <i>1 0 0 0 1 0 0 0 1 1.59193 0.937567 0.255518</i>
                <i>1 0 0 0 1 0 0 0 1 1.59193 0.937567 0.255518</i>
                <i>1 0 0 0 1 0 0 0 1 1.59193 0.937567 0.255518</i>
                <i>1 0 0 0 1 0 0 0 1 1.59193 0.937567 0.255518</i>
                <i>1 0 0 0 1 0 0 0 1 1.59193 0.937567 0.255518</i>
                <i>1 0 0 0 1 0 0 0 1 1.59193 0.937567 0.255518</i>
                <i>1 0 0 0 1 0 0 0 1 1.59193 0.937567 0.255518</i>
                <i>1 0 0 0 1 0 0 0 1 1.59193 0.937567 0.255518</i>
                <i>1 0 0 0 1 0 0 0 1 1.59193 0.937567 0.255518</i>
                <i>1 0 0 0 1 0 0 0 1 1.59193 0.937567 0.255518</i>
                <i>1 0 0 0 1 0 0 0 1 1.59193 0.937567 0.255518</i>
                <i>1 0 0 0 1 0 0 0 1 1.59193 0.937567 0.255518</i>
                <i>1 0 0 0 1 0 0 0 1 1.59193 0.937567 0.255518</i>
                <i>1 0 0 0 1 0 0 0 1 1.59193 0.937567 0.255518</i>
                <i>1 0 0 0 1 0 0 0 1 1.59193 0.937567 0.255518</i>
                <i>1 0 0 0 1 0 0 0 1 1.59193 0.937567 0.255518</i>
                <i>1 0 0 0 1 0 0 0 1 1.59193 0.937567 0.255518</i>
                <i>1 0 0 0 1 0 0 0 1 1.59193 0.937567 0.255518</i>
                <i>1 0 0 0 1 0 0 0 1 1.59193 0.937567 0.255518</i>
                <i>1 0 0 0 1 0 0 0 1 1.59193 0.937567 0.255518</i>
                <i>1 0 0 0 1 0 0 0 1 1.59193 0.937567 0.255518</i>
                <i>1 0 0 0 1 0 0 0 1 1.59193 0.937567 0.255518</i>
                <i>1 0 0 0 1 0 0 0 1 1.59193 0.937567 0.255518</i>
                <i>1 0 0 0 1 0 0 0 1 1.59193 0.937567 0.255518</i>
                <i>1 0 0 0 1 0 0 0 1 1.59193 0.937567 0.255518</i>
                <i>1 0 0 0 1 0 0 0 1 1.59193 0.937567 0.255518</i>
                <i>1 0 0 0 1 0 0 0 1 1.59193 0.937567 0.255518</i>
                <i>1 0 0 0 1 0 0 0 1 1.59193 0.937567 0.255518</i>
                <i>1 0 0 0 1 0 0 0 1 1.59193 0.937567 0.255518</i>
                <i>1 0 0 0 1 0 0 0 1 1.59193 0.937567 0.255518</i>
                <i>1 0 0 0 1 0 0 0 1 1.59193 0.937567 0.255518</i>
                <i>1 0 0 0 1 0 0 0 1 1.59193 0.937567 0.255518</i>
                <i>1 0 0 0 1 0 0 0 1 1.59193 0.937567 0.255518</i>
                <i>1 0 0 0 1 0 0 0 1 1.59193 0.937567 0.255518</i>
                <i>1 0 0 0 1 0 0 0 1 1.59193 0.937567 0.255518</i>
                <i>1 0 0 0 1 0 0 0 1 1.59193 0.937567 0.255518</i>
                <i>1 0 0 0 1 0 0 0 1 1.59193 0.937567 0.255518</i>
                <i>1 0 0 0 1 0 0 0 1 1.59193 0.937567 0.255518</i>
                <i>1 0 0 0 1 0 0 0 1 1.59193 0.937567 0.255518</i>
                <i>1 0 0 0 1 0 0 0 1 1.59193 0.937567 0.255518</i>
                <i>1 0 0 0 1 0 0 0 1 1.59193 0.937567 0.255518</i>
                <i>1 0 0 0 1 0 0 0 1 1.59193 0.937567 0.255518</i>
                <i>1 0 0 0 1 0 0 0 1 1.59193 0.937567 0.255518</i>
                <i>1 0 0 0 1 0 0 0 1 1.59193 0.937567 0.255518</i>
                <i>1 0 0 0 1 0 0 0 1 1.59193 0.937567 0.255518</i>
                <i>1 0 0 0 1 0 0 0 1 1.59193 0.937567 0.255518</i>
                <i>1 0 0 0 1 0 0 0 1 1.59193 0.937567 0.255518</i>
                <i>1 0 0 0 1 0 0 0 1 1.59193 0.937567 0.255518</i>
                <i>1 0 0 0 1 0 0 0 1 1.59193 0.937567 0.255518</i>
                <i>1 0 0 0 1 0 0 0 1 1.59193 0.937567 0.255518</i>
                <i>1 0 0 0 1 0 0 0 1 1.59193 0.937567 0.255518</i>
                <i>1 0 0 0 1 0 0 0 1 1.59193 0.937567 0.255518</i>
                <i>1 0 0 0 1 0 0 0 1 1.59193 0.937567 0.255518</i>
                <i>1 0 0 0 1 0 0 0 1 1.59193 0.937567 0.255518</i>
                <i>1 0 0 0 1 0 0 0 1 1.59193 0.937567 0.255518</i>
                <i>1 0 0 0 1 0 0 0 1 1.59193 0.937567 0.255518</i>
                <i>1 0 0 0 1 0 0 0 1 1.59193 0.937567 0.255518</i>
                <i>1 0 0 0 1 0 0 0 1 1.59193 0.937567 0.255518</i>
                <i>1 0 0 0 1 0 0 0 1 1.59193 0.937567 0.255518</i>
                <i>1 0 0 0 1 0 0 0 1 1.59193 0.937567 0.255518</i>
                <i>1 0 0 0 1 0 0 0 1 1.59193 0.937567 0.255518</i>
                <i>1 0 0 0 1 0 0 0 1 1.59193 0.937567 0.255518</i>
                <i>1 0 0 0 1 0 0 0 1 1.59193 0.937567 0.255518</i>
                <i>1 0 0 0 1 0 0 0 1 1.59193 0.937567 0.255518</i>
                <i>1 0 0 0 1 0 0 0 1 1.59193 0.937567 0.255518</i>
                <i>1 0 0 0 1 0 0 0 1 1.59193 0.937567 0.255518</i>
                <i>1 0 0 0 1 0 0 0 1 1.59193 0.937567 0.255518</i>
                <i>1 0 0 0 1 0 0 0 1 1.59193 0.937567 0.255518</i>
                <i>1 0 0 0 1 0 0 0 1 1.59193 0.937567 0.255518</i>
                <i>1 0 0 0 1 0 0 0 1 1.59193 0.937567 0.255518</i>
            </KeyFrames>
        </RefFrame>
        <Bones count="23">
            <i>
                <p>
                    <Name><![CDATA[pelvis]]></Name>
                    <Exclude>0</Exclude>
                    <Additive>0</Additive>
                    <IKPriority>0</IKPriority>
                    <IKRotLimits>-1e+010 -1e+010 -1e+010 1e+010 1e+010 1e+010</IKRotLimits>
                    <IKRotLimitOrder>2</IKRotLimitOrder>
                    <KeyFrames count="117">
                        <i>1 0 0 0 1 0 0 0 1 1.64777 1.48785 0.564462</i>
                        <i>1 0 0 0 1 0 0 0 1 1.64788 1.49258 0.564432</i>
                        <i>1 0 0 0 1 0 0 0 1 1.64776 1.50447 0.563515</i>
                        <i>1 0 0 0 1 0 0 0 1 1.64753 1.52004 0.562602</i>
                        <i>1 0 0 0 1 0 0 0 1 1.64737 1.53585 0.562584</i>
                        <i>1 0 0 0 1 0 0 0 1 1.64744 1.54843 0.564355</i>
                        <i>1 0 0 0 1 0 0 0 1 1.64795 1.5543 0.568807</i>
                        <i>1 0 0 0 1 0 0 0 1 1.64865 1.54914 0.577963</i>
                        <i>1 0 0 0 1 0 0 0 1 1.64938 1.53483 0.59151</i>
                        <i>1 0 0 0 1 0 0 0 1 1.65043 1.51728 0.606848</i>
                        <i>1 0 0 0 1 0 0 0 1 1.65212 1.50238 0.621377</i>
                        <i>1 0 0 0 1 0 0 0 1 1.6547 1.49602 0.632497</i>
                        <i>1 0 0 0 1 0 0 0 1 1.65846 1.50411 0.637604</i>
                        <i>1 0 0 0 1 0 0 0 1 1.66342 1.52918 0.638288</i>
                        <i>1 0 0 0 1 0 0 0 1 1.66929 1.56703 0.637031</i>
                        <i>1 0 0 0 1 0 0 0 1 1.67587 1.61342 0.632572</i>
                        <i>1 0 0 0 1 0 0 0 1 1.68304 1.6641 0.62365</i>
                        <i>1 0 0 0 1 0 0 0 1 1.69071 1.7148 0.609</i>
                        <i>1 0 0 0 1 0 0 0 1 1.69884 1.76127 0.587342</i>
                        <i>1 0 0 0 1 0 0 0 1 1.70197 1.80526 0.554069</i>
                        <i>1 0 0 0 1 0 0 0 1 1.6952 1.85052 0.509225</i>
                        <i>1 0 0 0 1 0 0 0 1 1.67909 1.89586 0.458468</i>
                        <i>1 0 0 0 1 0 0 0 1 1.65419 1.94006 0.407456</i>
                        <i>1 0 0 0 1 0 0 0 1 1.62106 1.98175 0.36186</i>
                        <i>1 0 0 0 1 0 0 0 1 1.58023 2.01939 0.327382</i>
                        <i>1 0 0 0 1 0 0 0 1 1.52585 2.05265 0.303038</i>
                        <i>1 0 0 0 1 0 0 0 1 1.45602 2.07316 0.283754</i>
                        <i>1 0 0 0 1 0 0 0 1 1.37778 2.06778 0.269306</i>
                        <i>1 0 0 0 1 0 0 0 1 1.2987 2.00447 0.259776</i>
                        <i>1 0 0 0 1 0 0 0 1 1.22592 1.91564 0.255592</i>
                        <i>1 0 0 0 1 0 0 0 1 1.1658 1.88622 0.257432</i>
                        <i>1 0 0 0 1 0 0 0 1 1.11896 1.9391 0.268176</i>
                        <i>1 0 0 0 1 0 0 0 1 1.08019 2.027 0.288215</i>
                        <i>1 0 0 0 1 0 0 0 1 1.04679 2.12906 0.314458</i>
                        <i>1 0 0 0 1 0 0 0 1 1.01553 2.22477 0.34377</i>
                        <i>1 0 0 0 1 0 0 0 1 0.983082 2.2947 0.373066</i>
                        <i>1 0 0 0 1 0 0 0 1 0.946962 2.32035 0.39935</i>
                        <i>1 0 0 0 1 0 0 0 1 0.905685 2.2837 0.424735</i>
                        <i>1 0 0 0 1 0 0 0 1 0.860623 2.18327 0.45202</i>
                        <i>1 0 0 0 1 0 0 0 1 0.814728 2.06157 0.479307</i>
                        <i>1 0 0 0 1 0 0 0 1 0.771253 1.96369 0.504717</i>
                        <i>1 0 0 0 1 0 0 0 1 0.733607 1.9008 0.526387</i>
                        <i>1 0 0 0 1 0 0 0 1 0.705184 1.8681 0.542471</i>
                        <i>1 0 0 0 1 0 0 0 1 0.687846 1.84915 0.552048</i>
                        <i>1 0 0 0 1 0 0 0 1 0.679533 1.83271 0.556435</i>
                        <i>1 0 0 0 1 0 0 0 1 0.677665 1.81984 0.557145</i>
                        <i>1 0 0 0 1 0 0 0 1 0.679647 1.81111 0.555688</i>
                        <i>1 0 0 0 1 0 0 0 1 0.682854 1.80424 0.553569</i>
                        <i>1 0 0 0 1 0 0 0 1 0.684615 1.79521 0.552291</i>
                        <i>1 0 0 0 1 0 0 0 1 0.686113 1.78222 0.551169</i>
                        <i>1 0 0 0 1 0 0 0 1 0.689749 1.76681 0.548867</i>
                        <i>1 0 0 0 1 0 0 0 1 0.694632 1.75188 0.545906</i>
                        <i>1 0 0 0 1 0 0 0 1 0.699849 1.74027 0.542809</i>
                        <i>1 0 0 0 1 0 0 0 1 0.704463 1.73483 0.540099</i>
                        <i>1 0 0 0 1 0 0 0 1 0.707525 1.73838 0.538298</i>
                        <i>1 0 0 0 1 0 0 0 1 0.708654 1.75475 0.53745</i>
                        <i>1 0 0 0 1 0 0 0 1 0.708517 1.78245 0.53715</i>
                        <i>1 0 0 0 1 0 0 0 1 0.707726 1.81628 0.537241</i>
                        <i>1 0 0 0 1 0 0 0 1 0.706884 1.85104 0.537567</i>
                        <i>1 0 0 0 1 0 0 0 1 0.706602 1.88151 0.537971</i>
                        <i>1 0 0 0 1 0 0 0 1 0.707525 1.90256 0.538298</i>
                        <i>1 0 0 0 1 0 0 0 1 0.705703 1.91227 0.539146</i>
                        <i>1 0 0 0 1 0 0 0 1 0.699874 1.91472 0.540761</i>
                        <i>1 0 0 0 1 0 0 0 1 0.694938 1.91369 0.542452</i>
                        <i>1 0 0 0 1 0 0 0 1 0.69604 1.9126 0.543539</i>
                        <i>1 0 0 0 1 0 0 0 1 0.708418 1.91435 0.543312</i>
                        <i>1 0 0 0 1 0 0 0 1 0.737224 1.92142 0.540925</i>
                        <i>1 0 0 0 1 0 0 0 1 0.789256 1.93406 0.529855</i>
                        <i>1 0 0 0 1 0 0 0 1 0.862319 1.949 0.508803</i>
                        <i>1 0 0 0 1 0 0 0 1 0.947319 1.9635 0.484628</i>
                        <i>1 0 0 0 1 0 0 0 1 1.03452 1.97559 0.464456</i>
                        <i>1 0 0 0 1 0 0 0 1 1.11409 1.98439 0.455861</i>
                        <i>1 0 0 0 1 0 0 0 1 1.17666 1.98989 0.466938</i>
                        <i>1 0 0 0 1 0 0 0 1 1.22164 1.99567 0.50976</i>
                        <i>1 0 0 0 1 0 0 0 1 1.25608 2.00412 0.579326</i>
                        <i>1 0 0 0 1 0 0 0 1 1.28184 2.0137 0.660314</i>
                        <i>1 0 0 0 1 0 0 0 1 1.30139 2.02175 0.738981</i>
                        <i>1 0 0 0 1 0 0 0 1 1.3185 2.02451 0.80093</i>
                        <i>1 0 0 0 1 0 0 0 1 1.33735 2.01802 0.83055</i>
                        <i>1 0 0 0 1 0 0 0 1 1.35949 1.99883 0.819535</i>
                        <i>1 0 0 0 1 0 0 0 1 1.38264 1.96861 0.778756</i>
                        <i>1 0 0 0 1 0 0 0 1 1.4053 1.93145 0.720557</i>
                        <i>1 0 0 0 1 0 0 0 1 1.42604 1.89154 0.656978</i>
                        <i>1 0 0 0 1 0 0 0 1 1.44342 1.8532 0.599848</i>
                        <i>1 0 0 0 1 0 0 0 1 1.45602 1.82088 0.561109</i>
                        <i>1 0 0 0 1 0 0 0 1 1.46367 1.79376 0.54057</i>
                        <i>1 0 0 0 1 0 0 0 1 1.46825 1.76793 0.528308</i>
                        <i>1 0 0 0 1 0 0 0 1 1.47142 1.74324 0.521954</i>
                        <i>1 0 0 0 1 0 0 0 1 1.47482 1.71945 0.519204</i>
                        <i>1 0 0 0 1 0 0 0 1 1.48001 1.69626 0.517822</i>
                        <i>1 0 0 0 1 0 0 0 1 1.48853 1.67332 0.515617</i>
                        <i>1 0 0 0 1 0 0 0 1 1.50493 1.64684 0.513145</i>
                        <i>1 0 0 0 1 0 0 0 1 1.52974 1.61529 0.512268</i>
                        <i>1 0 0 0 1 0 0 0 1 1.55837 1.58175 0.51293</i>
                        <i>1 0 0 0 1 0 0 0 1 1.58645 1.54959 0.51485</i>
                        <i>1 0 0 0 1 0 0 0 1 1.60991 1.52251 0.517604</i>
                        <i>1 0 0 0 1 0 0 0 1 1.62494 1.50454 0.520721</i>
                        <i>1 0 0 0 1 0 0 0 1 1.63333 1.49428 0.524541</i>
                        <i>1 0 0 0 1 0 0 0 1 1.63951 1.48727 0.529425</i>
                        <i>1 0 0 0 1 0 0 0 1 1.64381 1.48302 0.534986</i>
                        <i>1 0 0 0 1 0 0 0 1 1.64657 1.48104 0.540871</i>
                        <i>1 0 0 0 1 0 0 0 1 1.6481 1.48084 0.546739</i>
                        <i>1 0 0 0 1 0 0 0 1 1.64871 1.48189 0.552261</i>
                        <i>1 0 0 0 1 0 0 0 1 1.64871 1.48367 0.557112</i>
                        <i>1 0 0 0 1 0 0 0 1 1.64837 1.48562 0.560976</i>
                        <i>1 0 0 0 1 0 0 0 1 1.64797 1.4872 0.563534</i>
                        <i>1 0 0 0 1 0 0 0 1 1.64777 1.48785 0.564462</i>
                        <i>1 0 0 0 1 0 0 0 1 1.64777 1.48785 0.564462</i>
                        <i>1 0 0 0 1 0 0 0 1 1.64777 1.48785 0.564462</i>
                        <i>1 0 0 0 1 0 0 0 1 1.64777 1.48785 0.564462</i>
                        <i>1 0 0 0 1 0 0 0 1 1.64777 1.48785 0.564462</i>
                        <i>1 0 0 0 1 0 0 0 1 1.64777 1.48785 0.564462</i>
                        <i>1 0 0 0 1 0 0 0 1 1.64777 1.48785 0.564462</i>
                        <i>1 0 0 0 1 0 0 0 1 1.64777 1.48785 0.564462</i>
                        <i>1 0 0 0 1 0 0 0 1 1.64777 1.48785 0.564462</i>
                        <i>1 0 0 0 1 0 0 0 1 1.64777 1.48785 0.564462</i>
                        <i>1 0 0 0 1 0 0 0 1 1.64777 1.48785 0.564462</i>
                    </KeyFrames>
                </p>
            </i>
            <i>
                <p>
                    <Name><![CDATA[spine0]]></Name>
                    <Exclude>0</Exclude>
                    <Additive>0</Additive>
                    <IKPriority>0</IKPriority>
                    <IKRotLimits>-1e+010 -1e+010 -1e+010 1e+010 1e+010 1e+010</IKRotLimits>
                    <IKRotLimitOrder>0</IKRotLimitOrder>
                    <KeyFrames count="117">
                        <i>0.163944 0.900677 0.402371 -0.984645 0.124611 0.122257 0.059974 -0.416236 0.907277 1.65899 1.6299 0.544692</i>
                        <i>0.14757 0.910517 0.38624 -0.988676 0.12504 0.0829727 0.0272524 -0.394111 0.918659 1.6596 1.63417 0.54182</i>
                        <i>0.132358 0.919964 0.368982 -0.991165 0.126042 0.0412875 -0.00852423 -0.371187 0.928519 1.66037 1.64552 0.538219</i>
                        <i>0.118525 0.928896 0.350861 -0.991935 0.126749 -0.000476286 -0.0449135 -0.347975 0.936427 1.66124 1.6605 0.534666</i>
                        <i>0.106171 0.937173 0.332316 -0.991166 0.126459 -0.0399642 -0.0794777 -0.325137 0.942321 1.66219 1.67562 0.531927</i>
                        <i>0.0951766 0.944668 0.313917 -0.989386 0.124554 -0.0748484 -0.109807 -0.303461 0.946496 1.66322 1.68742 0.530762</i>
                        <i>0.0849456 0.951325 0.296251 -0.987404 0.120205 -0.102882 -0.133485 -0.28378 0.949553 1.66431 1.69239 0.531924</i>
                        <i>0.0742243 0.957616 0.278319 -0.986057 0.112157 -0.122931 -0.148936 -0.265314 0.952589 1.66536 1.68607 0.537146</i>
                        <i>0.061132 0.964013 0.258732 -0.985696 0.0990943 -0.136321 -0.157054 -0.246697 0.956281 1.66636 1.6703 0.546176</i>
                        <i>0.0442881 0.970413 0.237353 -0.986226 0.0803692 -0.144566 -0.159365 -0.227681 0.960606 1.66739 1.65108 0.556782</i>
                        <i>0.0238767 0.976381 0.214734 -0.987124 0.0570083 -0.149453 -0.158164 -0.2084 0.96517 1.66855 1.63443 0.566727</i>
                        <i>0.00162823 0.981197 0.193004 -0.98765 0.0318153 -0.15341 -0.156666 -0.190371 0.969131 1.66999 1.62645 0.573761</i>
                        <i>-0.0198023 0.984149 0.176237 -0.987142 0.00871902 -0.159606 -0.158613 -0.177131 0.971322 1.67187 1.63323 0.575618</i>
                        <i>-0.0408232 0.984853 0.168518 -0.985748 -0.01215 -0.167788 -0.163199 -0.172966 0.971313 1.67349 1.65741 0.573852</i>
                        <i>-0.0629033 0.983536 0.169412 -0.983554 -0.0322951 -0.177705 -0.169308 -0.177804 0.969392 1.67461 1.69456 0.570653</i>
                        <i>-0.0847128 0.980551 0.177039 -0.980021 -0.0499054 -0.192531 -0.179951 -0.189812 0.965189 1.67607 1.74028 0.564711</i>
                        <i>-0.105258 0.976306 0.189068 -0.974538 -0.063418 -0.215069 -0.197983 -0.206892 0.958122 1.67879 1.79031 0.554733</i>
                        <i>-0.124175 0.971383 0.202475 -0.966148 -0.071859 -0.247777 -0.226137 -0.226388 0.947423 1.68373 1.84054 0.53945</i>
                        <i>-0.141583 0.966744 0.21298 -0.953232 -0.0751073 -0.292758 -0.267025 -0.244469 0.932166 1.69183 1.88692 0.517632</i>
                        <i>-0.149634 0.964693 0.216742 -0.933846 -0.0658629 -0.351559 -0.324871 -0.255009 0.91073 1.69913 1.93103 0.484286</i>
                        <i>-0.145324 0.966394 0.212046 -0.905687 -0.0436672 -0.421693 -0.398262 -0.25333 0.881596 1.70045 1.97608 0.439216</i>
                        <i>-0.13476 0.971061 0.197179 -0.866585 -0.0190041 -0.498667 -0.480489 -0.238073 0.844068 1.69466 2.02056 0.388438</i>
                        <i>-0.123133 0.977366 0.172031 -0.816093 -0.00109273 -0.577919 -0.56465 -0.211554 0.797756 1.68054 2.06323 0.33795</i>
                        <i>-0.115862 0.983577 0.138389 -0.755463 0.00319335 -0.655184 -0.644866 -0.180459 0.742686 1.6569 2.10326 0.293687</i>
                        <i>-0.119632 0.987824 0.099457 -0.686784 -0.00999867 -0.726792 -0.716949 -0.155253 0.679618 1.6225 2.14009 0.26149</i>
                        <i>-0.140276 0.989241 0.0415216 -0.598232 -0.0512649 -0.799681 -0.788949 -0.137015 0.598987 1.5709 2.17375 0.239761</i>
                        <i>-0.163599 0.986196 -0.0255669 -0.480526 -0.102294 -0.870994 -0.861586 -0.130208 0.490628 1.50169 2.19626 0.224975</i>
                        <i>-0.178405 0.981397 -0.070932 -0.350345 -0.130721 -0.927454 -0.919473 -0.140612 0.367149 1.42225 2.19485 0.218587</i>
                        <i>-0.186408 0.978968 -0.0829032 -0.23304 -0.126032 -0.964266 -0.954434 -0.160427 0.251632 1.34004 2.13636 0.21988</i>
                        <i>-0.192373 0.978817 -0.0700695 -0.147605 -0.0994527 -0.984034 -0.970157 -0.178959 0.16361 1.26322 2.05155 0.226696</i>
                        <i>-0.196677 0.979199 -0.0498795 -0.10061 -0.0707603 -0.992406 -0.975293 -0.190165 0.112434 1.20025 2.02436 0.236764</i>
                        <i>-0.200073 0.979209 -0.0334649 -0.0901868 -0.052416 -0.994545 -0.975621 -0.195963 0.0987988 1.153 2.0779 0.251698</i>
                        <i>-0.204024 0.978829 -0.0163497 -0.107338 -0.0389671 -0.993459 -0.973064 -0.200934 0.113015 1.11564 2.16567 0.273727</i>
                        <i>-0.206245 0.978388 0.0148316 -0.142013 -0.0149325 -0.989752 -0.96814 -0.206238 0.142023 1.08494 2.26727 0.30266</i>
                        <i>-0.204172 0.976652 0.0668244 -0.175545 0.0306287 -0.983995 -0.963067 -0.212635 0.165193 1.05723 2.36232 0.337741</i>
                        <i>-0.198056 0.971464 0.130503 -0.187699 0.0930877 -0.977805 -0.962051 -0.218155 0.163907 1.02856 2.43115 0.376047</i>
                        <i>-0.191721 0.963528 0.186703 -0.172045 0.154292 -0.972931 -0.966252 -0.218652 0.136189 0.995121 2.4553 0.412191</i>
                        <i>-0.185918 0.953958 0.235371 -0.136368 0.212177 -0.96767 -0.973056 -0.212005 0.0906416 0.95503 2.41693 0.447339</i>
                        <i>-0.181758 0.942067 0.281912 -0.0812936 0.27131 -0.959053 -0.979977 -0.197233 0.0272712 0.910078 2.31429 0.484927</i>
                        <i>-0.181936 0.930681 0.317385 -0.0100481 0.320995 -0.947028 -0.983259 -0.175487 -0.0490489 0.863063 2.19027 0.521707</i>
                        <i>-0.186314 0.923003 0.336679 0.0686713 0.354075 -0.932692 -0.980087 -0.150654 -0.129353 0.817462 2.09045 0.554647</i>
                        <i>-0.192788 0.920297 0.340419 0.143486 0.369639 -0.91803 -0.970693 -0.12814 -0.203312 0.777297 2.02634 0.581398</i>
                        <i>-0.199467 0.921089 0.334377 0.20348 0.372729 -0.905356 -0.958545 -0.112549 -0.26177 0.74669 1.99305 0.600447</i>
                        <i>-0.205061 0.921535 0.329731 0.2415 0.374114 -0.895386 -0.948487 -0.103978 -0.299267 0.727815 1.9737 0.611922</i>
                        <i>-0.209568 0.919103 0.333663 0.259895 0.381325 -0.887156 -0.942622 -0.0992018 -0.318784 0.718427 1.95673 0.618083</i>
                        <i>-0.213586 0.913835 0.34538 0.263666 0.394341 -0.880327 -0.940671 -0.0969602 -0.325173 0.715845 1.94313 0.620685</i>
                        <i>-0.217181 0.90659 0.36184 0.258039 0.410823 -0.874437 -0.941408 -0.0965419 -0.323158 0.717383 1.93352 0.621174</i>
                        <i>-0.220458 0.898637 0.379275 0.248821 0.42779 -0.868955 -0.943126 -0.0971966 -0.31791 0.720289 1.92573 0.620927</i>
                        <i>-0.223941 0.891405 0.394014 0.242608 0.442543 -0.863306 -0.943924 -0.0977388 -0.315366 0.721703 1.91582 0.621382</i>
                        <i>-0.227499 0.884016 0.408363 0.236539 0.456966 -0.857456 -0.944613 -0.0984763 -0.313064 0.722862 1.90193 0.621973</i>
                        <i>-0.230202 0.875125 0.425633 0.224262 0.473314 -0.851869 -0.94695 -0.100649 -0.305215 0.726376 1.88555 0.621373</i>
                        <i>-0.231832 0.86563 0.443777 0.207972 0.489764 -0.846687 -0.950264 -0.103996 -0.293569 0.731332 1.86963 0.619959</i>
                        <i>-0.23241 0.856509 0.460845 0.190279 0.504703 -0.842062 -0.953824 -0.108014 -0.280274 0.736758 1.85714 0.618148</i>
                        <i>-0.232249 0.848717 0.475121 0.174182 0.516873 -0.838155 -0.956933 -0.111903 -0.267875 0.741625 1.85098 0.616418</i>
                        <i>-0.231903 0.843125 0.485141 0.162943 0.52536 -0.835133 -0.958995 -0.11462 -0.259213 0.744867 1.85402 0.6153</i>
                        <i>-0.232944 0.838306 0.492931 0.152472 0.532089 -0.832847 -0.960463 -0.118849 -0.251765 0.745939 1.87009 0.614927</i>
                        <i>-0.235448 0.833367 0.500063 0.139606 0.538193 -0.831179 -0.961808 -0.125888 -0.243059 0.745547 1.89766 0.61493</i>
                        <i>-0.237985 0.829868 0.50466 0.129278 0.54203 -0.830356 -0.962627 -0.132371 -0.236279 0.744466 1.93151 0.615135</i>
                        <i>-0.239266 0.829299 0.50499 0.126553 0.542296 -0.830602 -0.962671 -0.134827 -0.234703 0.743458 1.96637 0.615393</i>
                        <i>-0.237886 0.833165 0.499246 0.136342 0.537556 -0.832133 -0.961676 -0.129885 -0.241473 0.743306 1.99698 0.615537</i>
                        <i>-0.231903 0.843125 0.485141 0.162943 0.52536 -0.835133 -0.958995 -0.11462 -0.259213 0.744867 2.0182 0.6153</i>
                        <i>-0.218985 0.856962 0.466543 0.21248 0.508557 -0.8344 -0.952312 -0.0835896 -0.293453 0.744339 2.02747 0.616167</i>
                        <i>-0.198608 0.874374 0.442747 0.281931 0.483622 -0.828628 -0.938653 -0.0397483 -0.342564 0.740313 2.02903 0.618183</i>
                        <i>-0.169451 0.898268 0.405464 0.357885 0.439413 -0.823914 -0.918262 0.00549651 -0.395935 0.737843 2.02778 0.618865</i>
                        <i>-0.129724 0.927526 0.350523 0.422708 0.371509 -0.826619 -0.896934 0.0409369 -0.440266 0.742649 2.02776 0.616072</i>
                        <i>-0.0809063 0.956807 0.27924 0.457069 0.28458 -0.842676 -0.885744 0.0594541 -0.460351 0.760502 2.03171 0.608194</i>
                        <i>-0.0309367 0.979716 0.197987 0.443336 0.190981 -0.875774 -0.895821 0.0606812 -0.440252 0.796276 2.04135 0.594083</i>
                        <i>-0.00403287 0.994629 0.103428 0.370829 0.0975415 -0.923565 -0.928692 0.0346293 -0.36923 0.853774 2.05743 0.566091</i>
                        <i>-0.0185253 0.999712 0.0152513 0.24156 0.0192772 -0.970194 -0.970209 -0.014289 -0.241848 0.927529 2.0762 0.525081</i>
                        <i>-0.0343957 0.999155 -0.022483 0.0701709 -0.0200264 -0.997334 -0.996942 -0.0358816 -0.0694228 1.01195 2.09202 0.484258</i>
                        <i>-0.0164963 0.999832 -0.00794297 -0.116411 -0.00981058 -0.993153 -0.993064 -0.0154587 0.116554 1.10071 2.10282 0.453132</i>
                        <i>0.0289894 0.999026 0.0332586 -0.28921 0.0402324 -0.95642 -0.956827 0.0181073 0.290094 1.1831 2.10931 0.437794</i>
                        <i>0.0788881 0.993865 0.0775196 -0.429198 0.104047 -0.897197 -0.899759 0.0375069 0.434773 1.24764 2.11299 0.444441</i>
                        <i>0.1056 0.986976 0.121355 -0.556528 0.159794 -0.815317 -0.824091 0.0185601 0.566154 1.29026 2.11941 0.483722</i>
                        <i>0.108841 0.979651 0.168633 -0.686428 0.196771 -0.70007 -0.719007 -0.0395575 0.693877 1.3172 2.13115 0.550634</i>
                        <i>0.0978654 0.972707 0.210389 -0.794074 0.203753 -0.572653 -0.599891 -0.111021 0.792342 1.33264 2.14495 0.630478</i>
                        <i>0.0771184 0.967152 0.242218 -0.867171 0.18495 -0.462393 -0.492003 -0.174385 0.85295 1.34142 2.15673 0.709421</i>
                        <i>0.0539471 0.962299 0.26659 -0.912234 0.156074 -0.378775 -0.406102 -0.222759 0.886262 1.34888 2.16223 0.772515</i>
                        <i>0.0405368 0.956756 0.288055 -0.940573 0.13382 -0.312113 -0.337163 -0.258284 0.905323 1.36026 2.15749 0.803724</i>
                        <i>0.0373766 0.950226 0.309311 -0.961528 0.118495 -0.247836 -0.272152 -0.288148 0.918098 1.37614 2.13953 0.794613</i>
                        <i>0.0356192 0.943328 0.329944 -0.977459 0.101633 -0.185053 -0.208099 -0.315916 0.925685 1.39292 2.1103 0.756052</i>
                        <i>0.0355054 0.936085 0.349976 -0.988149 0.0852136 -0.127673 -0.149336 -0.341296 0.928017 1.4095 2.07383 0.700354</i>
                        <i>0.0378807 0.928331 0.36982 -0.994472 0.0712907 -0.0770916 -0.0979312 -0.364856 0.925899 1.42477 2.03433 0.639503</i>
                        <i>0.0455642 0.919877 0.389551 -0.997665 0.0617606 -0.0291472 -0.0508707 -0.387313 0.920544 1.43753 1.9962 0.585262</i>
                        <i>0.0627994 0.910693 0.408282 -0.998023 0.0583448 0.0233688 -0.00253934 -0.408942 0.912557 1.44657 1.96396 0.549532</i>
                        <i>0.0882944 0.901355 0.423986 -0.995147 0.0612553 0.0770146 0.0434461 -0.428728 0.902389 1.45188 1.93687 0.531814</i>
                        <i>0.116637 0.892342 0.436028 -0.989847 0.0685371 0.124521 0.0812313 -0.446125 0.891276 1.45518 1.91106 0.521906</i>
                        <i>0.1454 0.883665 0.444966 -0.983096 0.0784605 0.165426 0.111269 -0.461498 0.880136 1.45792 1.8864 0.517435</i>
                        <i>0.172205 0.875609 0.45128 -0.975863 0.0891823 0.199344 0.134301 -0.474716 0.869832 1.4615 1.86266 0.516103</i>
                        <i>0.194766 0.868731 0.455381 -0.96911 0.0988222 0.225965 0.151301 -0.485325 0.861143 1.46729 1.83954 0.515678</i>
                        <i>0.21094 0.863771 0.457607 -0.963749 0.105531 0.245054 0.163379 -0.49271 0.854719 1.47663 1.81667 0.513978</i>
                        <i>0.211227 0.864873 0.455387 -0.962707 0.103507 0.249961 0.169049 -0.491203 0.854483 1.49415 1.79027 0.510552</i>
                        <i>0.19231 0.873183 0.447849 -0.967268 0.09167 0.236622 0.16556 -0.478695 0.862231 1.52049 1.75875 0.506781</i>
                        <i>0.164791 0.884669 0.436124 -0.973665 0.0752816 0.215196 0.157546 -0.460101 0.873777 1.55097 1.72511 0.503463</i>
                        <i>0.137874 0.895844 0.422438 -0.979198 0.0591795 0.194088 0.148873 -0.44041 0.885368 1.58107 1.6927 0.501179</i>
                        <i>0.117723 0.904371 0.410188 -0.983014 0.0475618 0.17726 0.1408 -0.424089 0.894608 1.60651 1.66529 0.500346</i>
                        <i>0.109087 0.908772 0.402782 -0.98491 0.0440468 0.167368 0.134358 -0.414961 0.899864 1.62324 1.64708 0.501332</i>
                        <i>0.109257 0.910135 0.399646 -0.985817 0.0476867 0.160907 0.127389 -0.411558 0.902437 1.63318 1.6367 0.504224</i>
                        <i>0.112616 0.910542 0.397782 -0.986527 0.0546475 0.154204 0.118672 -0.409788 0.904428 1.64105 1.6296 0.508542</i>
                        <i>0.118517 0.910155 0.396953 -0.986933 0.0640257 0.147864 0.109164 -0.409291 0.90585 1.64708 1.62528 0.513843</i>
                        <i>0.126154 0.909125 0.396958 -0.98702 0.0749434 0.14204 0.0993827 -0.409725 0.906779 1.65156 1.62325 0.519709</i>
                        <i>0.13471 0.907619 0.397593 -0.986811 0.0865365 0.136802 0.0897577 -0.410778 0.907306 1.65472 1.62301 0.525737</i>
                        <i>0.14338 0.905828 0.398645 -0.986371 0.097947 0.132205 0.0807085 -0.412167 0.907526 1.65681 1.62402 0.531533</i>
                        <i>0.151377 0.903976 0.39989 -0.985801 0.108318 0.128311 0.0726746 -0.413635 0.907537 1.65807 1.62577 0.53671</i>
                        <i>0.157941 0.902319 0.401093 -0.985231 0.116793 0.125216 0.0661398 -0.414946 0.907439 1.65871 1.6277 0.540883</i>
                        <i>0.162349 0.901129 0.402007 -0.984805 0.122512 0.123089 0.061668 -0.415881 0.907326 1.65895 1.62926 0.543673</i>
                        <i>0.163944 0.900677 0.402371 -0.984645 0.124611 0.122257 0.059974 -0.416236 0.907277 1.65899 1.6299 0.544692</i>
                        <i>0.163944 0.900677 0.402371 -0.984645 0.124611 0.122257 0.059974 -0.416236 0.907277 1.65899 1.6299 0.544692</i>
                        <i>0.163944 0.900677 0.402371 -0.984645 0.124611 0.122257 0.059974 -0.416236 0.907277 1.65899 1.6299 0.544692</i>
                        <i>0.163944 0.900677 0.402371 -0.984645 0.124611 0.122257 0.059974 -0.416236 0.907277 1.65899 1.6299 0.544692</i>
                        <i>0.163944 0.900677 0.402371 -0.984645 0.124611 0.122257 0.059974 -0.416236 0.907277 1.65899 1.6299 0.544692</i>
                        <i>0.163944 0.900677 0.402371 -0.984645 0.124611 0.122257 0.059974 -0.416236 0.907277 1.65899 1.6299 0.544692</i>
                        <i>0.163944 0.900677 0.402371 -0.984645 0.124611 0.122257 0.059974 -0.416236 0.907277 1.65899 1.6299 0.544692</i>
                        <i>0.163944 0.900677 0.402371 -0.984645 0.124611 0.122257 0.059974 -0.416236 0.907277 1.65899 1.6299 0.544692</i>
                        <i>0.163944 0.900677 0.402371 -0.984645 0.124611 0.122257 0.059974 -0.416236 0.907277 1.65899 1.6299 0.544692</i>
                        <i>0.163944 0.900677 0.402371 -0.984645 0.124611 0.122257 0.059974 -0.416236 0.907277 1.65899 1.6299 0.544692</i>
                        <i>0.163944 0.900677 0.402371 -0.984645 0.124611 0.122257 0.059974 -0.416236 0.907277 1.65899 1.6299 0.544692</i>
                    </KeyFrames>
                </p>
            </i>
            <i>
                <p>
                    <Name><![CDATA[spine1]]></Name>
                    <Exclude>0</Exclude>
                    <Additive>0</Additive>
                    <IKPriority>0</IKPriority>
                    <IKRotLimits>-1e+010 -1e+010 -1e+010 1e+010 1e+010 1e+010</IKRotLimits>
                    <IKRotLimitOrder>0</IKRotLimitOrder>
                    <KeyFrames count="117">
                        <i>0.237815 0.578056 0.780574 -0.970625 0.111234 0.213342 0.0364971 -0.80838 0.587528 1.68863 1.79278 0.617395</i>
                        <i>0.209317 0.597757 0.773869 -0.97766 0.112415 0.177606 0.0191704 -0.793757 0.607933 1.68628 1.79878 0.611586</i>
                        <i>0.181862 0.618015 0.764843 -0.983322 0.112642 0.142793 0.00209459 -0.778055 0.628193 1.68428 1.81174 0.604826</i>
                        <i>0.155246 0.637962 0.754257 -0.987741 0.112857 0.107848 -0.0163205 -0.761753 0.647662 1.68265 1.82823 0.597961</i>
                        <i>0.129179 0.656615 0.743081 -0.990908 0.113885 0.0716292 -0.0375927 -0.745578 0.665357 1.68136 1.8448 0.591857</i>
                        <i>0.103104 0.672997 0.732424 -0.99267 0.1163 0.0328749 -0.0630563 -0.730445 0.680055 1.68041 1.85801 0.587393</i>
                        <i>0.0757585 0.686425 0.723243 -0.992724 0.120005 -0.00991005 -0.0935955 -0.71723 0.690522 1.67967 1.86442 0.585437</i>
                        <i>0.0410103 0.698961 0.713982 -0.990542 0.122085 -0.062621 -0.130936 -0.704662 0.697358 1.67883 1.85975 0.587563</i>
                        <i>-0.00409089 0.713239 0.700909 -0.985085 0.117696 -0.125516 -0.172018 -0.690968 0.70212 1.67751 1.84592 0.593244</i>
                        <i>-0.0556625 0.729101 0.682139 -0.975894 0.104668 -0.191507 -0.211026 -0.676356 0.705699 1.67551 1.82874 0.600165</i>
                        <i>-0.107795 0.744919 0.658389 -0.963655 0.0845356 -0.253421 -0.244436 -0.661777 0.708733 1.67296 1.81402 0.606145</i>
                        <i>-0.153133 0.757851 0.634202 -0.950302 0.0631047 -0.304867 -0.271064 -0.649369 0.710524 1.67031 1.80753 0.609299</i>
                        <i>-0.183784 0.764498 0.617872 -0.938849 0.0496795 -0.340727 -0.291181 -0.642709 0.708618 1.66822 1.81513 0.60811</i>
                        <i>-0.194902 0.761462 0.618215 -0.932178 0.0522269 -0.358212 -0.305052 -0.646103 0.699639 1.66596 1.83936 0.604905</i>
                        <i>-0.191505 0.749397 0.633822 -0.929186 0.0695719 -0.363005 -0.316131 -0.658456 0.683006 1.66302 1.87597 0.601822</i>
                        <i>-0.180346 0.730489 0.658682 -0.926853 0.097966 -0.362416 -0.329269 -0.675862 0.659388 1.66049 1.92077 0.597224</i>
                        <i>-0.169127 0.707148 0.68654 -0.922183 0.132281 -0.363428 -0.347813 -0.694581 0.629748 1.65947 1.96971 0.5894</i>
                        <i>-0.166894 0.682723 0.711362 -0.912625 0.166105 -0.37353 -0.373178 -0.711547 0.595348 1.66096 2.01882 0.576538</i>
                        <i>-0.1834 0.662104 0.726624 -0.89562 0.192174 -0.401165 -0.405252 -0.724353 0.557749 1.66588 2.06426 0.556629</i>
                        <i>-0.216729 0.649087 0.729188 -0.864993 0.218588 -0.45167 -0.452565 -0.728632 0.514081 1.6717 2.10806 0.52399</i>
                        <i>-0.258263 0.645575 0.718703 -0.817338 0.250596 -0.518806 -0.515032 -0.721412 0.462933 1.67378 2.15363 0.478104</i>
                        <i>-0.305221 0.653873 0.692308 -0.755247 0.276603 -0.594216 -0.580037 -0.70423 0.409411 1.66991 2.19919 0.424641</i>
                        <i>-0.353364 0.673108 0.649661 -0.684697 0.287111 -0.669893 -0.637435 -0.681538 0.35942 1.65792 2.24312 0.369549</i>
                        <i>-0.399358 0.698773 0.593489 -0.61443 0.276457 -0.73895 -0.680433 -0.659763 0.318942 1.63564 2.28417 0.319082</i>
                        <i>-0.442688 0.724059 0.528929 -0.553925 0.243037 -0.796304 -0.705121 -0.645501 0.293484 1.60061 2.32129 0.279682</i>
                        <i>-0.489681 0.752125 0.441045 -0.50107 0.171215 -0.848301 -0.713542 -0.636391 0.293026 1.54538 2.35411 0.247292</i>
                        <i>-0.531088 0.781022 0.328559 -0.439713 0.07742 -0.894795 -0.724292 -0.619686 0.302308 1.47219 2.37442 0.220329</i>
                        <i>-0.55057 0.805235 0.220157 -0.370728 0.000443191 -0.928741 -0.747953 -0.592955 0.298279 1.3904 2.37028 0.205892</i>
                        <i>-0.545659 0.826393 0.139032 -0.306825 -0.0426295 -0.950811 -0.779817 -0.561477 0.276819 1.30708 2.30964 0.205198</i>
                        <i>-0.528057 0.844264 0.0915111 -0.256533 -0.0558628 -0.96492 -0.809535 -0.533008 0.24608 1.22944 2.22355 0.214379</i>
                        <i>-0.514185 0.854871 0.0693456 -0.2176 -0.0518188 -0.974661 -0.829616 -0.516246 0.212665 1.16582 2.19587 0.228025</i>
                        <i>-0.517193 0.853783 0.0597102 -0.181693 -0.0413525 -0.982485 -0.836361 -0.518983 0.176514 1.11794 2.24961 0.245828</i>
                        <i>-0.534993 0.842847 0.0582428 -0.146766 -0.0248264 -0.98886 -0.832011 -0.537581 0.136983 1.07973 2.3381 0.270844</i>
