<?xml version="1.0" encoding="ISO-8859-1" ?>
<Animl Version="1">
    <ModellingPackage><![CDATA[Maya.2010]]></ModellingPackage>
    <SrcFile><![CDATA[anims\turrets\machinegun\red\~src\mgun_nsv\mgun_nsv_aim_high_crewman_b.mb]]></SrcFile>
    <FramesPerSecond>30</FramesPerSecond>
    <TotalFrames>193</TotalFrames>
    <Skeleton>
        <RefFrame>
            <Name><![CDATA[soldier_ref_frame]]></Name>
            <Exclude>0</Exclude>
            <Additive>0</Additive>
            <IKPriority>0</IKPriority>
            <IKRotLimits>-1e+010 -1e+010 -1e+010 1e+010 1e+010 1e+010</IKRotLimits>
            <IKRotLimitOrder>0</IKRotLimitOrder>
            <KeyFrames count="193">
                <i>1 0 0 0 1 0 0 0 1 -1.43172 0.939675 -1.20933</i>
                <i>1 0 0 0 1 0 0 0 1 -1.43172 0.939675 -1.20933</i>
                <i>1 0 0 0 1 0 0 0 1 -1.43172 0.939675 -1.20933</i>
                <i>1 0 0 0 1 0 0 0 1 -1.43172 0.939675 -1.20933</i>
                <i>1 0 0 0 1 0 0 0 1 -1.43172 0.939675 -1.20933</i>
                <i>1 0 0 0 1 0 0 0 1 -1.43172 0.939675 -1.20933</i>
                <i>1 0 0 0 1 0 0 0 1 -1.43172 0.939675 -1.20933</i>
                <i>1 0 0 0 1 0 0 0 1 -1.43172 0.939675 -1.20933</i>
                <i>1 0 0 0 1 0 0 0 1 -1.43172 0.939675 -1.20933</i>
                <i>1 0 0 0 1 0 0 0 1 -1.43172 0.939675 -1.20933</i>
                <i>1 0 0 0 1 0 0 0 1 -1.43172 0.939675 -1.20933</i>
                <i>1 0 0 0 1 0 0 0 1 -1.43172 0.939675 -1.20933</i>
                <i>1 0 0 0 1 0 0 0 1 -1.43172 0.939675 -1.20933</i>
                <i>1 0 0 0 1 0 0 0 1 -1.43172 0.939675 -1.20933</i>
                <i>1 0 0 0 1 0 0 0 1 -1.43172 0.939675 -1.20933</i>
                <i>1 0 0 0 1 0 0 0 1 -1.43172 0.939675 -1.20933</i>
                <i>1 0 0 0 1 0 0 0 1 -1.43172 0.939675 -1.20933</i>
                <i>1 0 0 0 1 0 0 0 1 -1.43172 0.939675 -1.20933</i>
                <i>1 0 0 0 1 0 0 0 1 -1.43172 0.939675 -1.20933</i>
                <i>1 0 0 0 1 0 0 0 1 -1.43172 0.939675 -1.20933</i>
                <i>1 0 0 0 1 0 0 0 1 -1.43172 0.939675 -1.20933</i>
                <i>1 0 0 0 1 0 0 0 1 -1.43172 0.939675 -1.20933</i>
                <i>1 0 0 0 1 0 0 0 1 -1.43172 0.939675 -1.20933</i>
                <i>1 0 0 0 1 0 0 0 1 -1.43172 0.939675 -1.20933</i>
                <i>1 0 0 0 1 0 0 0 1 -1.43172 0.939675 -1.20933</i>
                <i>1 0 0 0 1 0 0 0 1 -1.43172 0.939675 -1.20933</i>
                <i>1 0 0 0 1 0 0 0 1 -1.43172 0.939675 -1.20933</i>
                <i>1 0 0 0 1 0 0 0 1 -1.43172 0.939675 -1.20933</i>
                <i>1 0 0 0 1 0 0 0 1 -1.43172 0.939675 -1.20933</i>
                <i>1 0 0 0 1 0 0 0 1 -1.43172 0.939675 -1.20933</i>
                <i>1 0 0 0 1 0 0 0 1 -1.43172 0.939675 -1.20933</i>
                <i>1 0 0 0 1 0 0 0 1 -1.43172 0.939675 -1.20933</i>
                <i>1 0 0 0 1 0 0 0 1 -1.43172 0.939675 -1.20933</i>
                <i>1 0 0 0 1 0 0 0 1 -1.43172 0.939675 -1.20933</i>
                <i>1 0 0 0 1 0 0 0 1 -1.43172 0.939675 -1.20933</i>
                <i>1 0 0 0 1 0 0 0 1 -1.43172 0.939675 -1.20933</i>
                <i>1 0 0 0 1 0 0 0 1 -1.43172 0.939675 -1.20933</i>
                <i>1 0 0 0 1 0 0 0 1 -1.43172 0.939675 -1.20933</i>
                <i>1 0 0 0 1 0 0 0 1 -1.43172 0.939675 -1.20933</i>
                <i>1 0 0 0 1 0 0 0 1 -1.43172 0.939675 -1.20933</i>
                <i>1 0 0 0 1 0 0 0 1 -1.43172 0.939675 -1.20933</i>
                <i>1 0 0 0 1 0 0 0 1 -1.43172 0.939675 -1.20933</i>
                <i>1 0 0 0 1 0 0 0 1 -1.43172 0.939675 -1.20933</i>
                <i>1 0 0 0 1 0 0 0 1 -1.43172 0.939675 -1.20933</i>
                <i>1 0 0 0 1 0 0 0 1 -1.43172 0.939675 -1.20933</i>
                <i>1 0 0 0 1 0 0 0 1 -1.43172 0.939675 -1.20933</i>
                <i>1 0 0 0 1 0 0 0 1 -1.43172 0.939675 -1.20933</i>
                <i>1 0 0 0 1 0 0 0 1 -1.43172 0.939675 -1.20933</i>
                <i>1 0 0 0 1 0 0 0 1 -1.43172 0.939675 -1.20933</i>
                <i>1 0 0 0 1 0 0 0 1 -1.43172 0.939675 -1.20933</i>
                <i>1 0 0 0 1 0 0 0 1 -1.43172 0.939675 -1.20933</i>
                <i>1 0 0 0 1 0 0 0 1 -1.43172 0.939675 -1.20933</i>
                <i>1 0 0 0 1 0 0 0 1 -1.43172 0.939675 -1.20933</i>
                <i>1 0 0 0 1 0 0 0 1 -1.43172 0.939675 -1.20933</i>
                <i>1 0 0 0 1 0 0 0 1 -1.43172 0.939675 -1.20933</i>
                <i>1 0 0 0 1 0 0 0 1 -1.43172 0.939675 -1.20933</i>
                <i>1 0 0 0 1 0 0 0 1 -1.43172 0.939675 -1.20933</i>
                <i>1 0 0 0 1 0 0 0 1 -1.43172 0.939675 -1.20933</i>
                <i>1 0 0 0 1 0 0 0 1 -1.43172 0.939675 -1.20933</i>
                <i>1 0 0 0 1 0 0 0 1 -1.43172 0.939675 -1.20933</i>
                <i>1 0 0 0 1 0 0 0 1 -1.43172 0.939675 -1.20933</i>
                <i>1 0 0 0 1 0 0 0 1 -1.43172 0.939675 -1.20933</i>
                <i>1 0 0 0 1 0 0 0 1 -1.43172 0.939675 -1.20933</i>
                <i>1 0 0 0 1 0 0 0 1 -1.43172 0.939675 -1.20933</i>
                <i>1 0 0 0 1 0 0 0 1 -1.43172 0.939675 -1.20933</i>
                <i>1 0 0 0 1 0 0 0 1 -1.43172 0.939675 -1.20933</i>
                <i>1 0 0 0 1 0 0 0 1 -1.43172 0.939675 -1.20933</i>
                <i>1 0 0 0 1 0 0 0 1 -1.43172 0.939675 -1.20933</i>
                <i>1 0 0 0 1 0 0 0 1 -1.43172 0.939675 -1.20933</i>
                <i>1 0 0 0 1 0 0 0 1 -1.43172 0.939675 -1.20933</i>
                <i>1 0 0 0 1 0 0 0 1 -1.43172 0.939675 -1.20933</i>
                <i>1 0 0 0 1 0 0 0 1 -1.43172 0.939675 -1.20933</i>
                <i>1 0 0 0 1 0 0 0 1 -1.43172 0.939675 -1.20933</i>
                <i>1 0 0 0 1 0 0 0 1 -1.43172 0.939675 -1.20933</i>
                <i>1 0 0 0 1 0 0 0 1 -1.43172 0.939675 -1.20933</i>
                <i>1 0 0 0 1 0 0 0 1 -1.43172 0.939675 -1.20933</i>
                <i>1 0 0 0 1 0 0 0 1 -1.43172 0.939675 -1.20933</i>
                <i>1 0 0 0 1 0 0 0 1 -1.43172 0.939675 -1.20933</i>
                <i>1 0 0 0 1 0 0 0 1 -1.43172 0.939675 -1.20933</i>
                <i>1 0 0 0 1 0 0 0 1 -1.43172 0.939675 -1.20933</i>
                <i>1 0 0 0 1 0 0 0 1 -1.43172 0.939675 -1.20933</i>
                <i>1 0 0 0 1 0 0 0 1 -1.43172 0.939675 -1.20933</i>
                <i>1 0 0 0 1 0 0 0 1 -1.43172 0.939675 -1.20933</i>
                <i>1 0 0 0 1 0 0 0 1 -1.43172 0.939675 -1.20933</i>
                <i>1 0 0 0 1 0 0 0 1 -1.43172 0.939675 -1.20933</i>
                <i>1 0 0 0 1 0 0 0 1 -1.43172 0.939675 -1.20933</i>
                <i>1 0 0 0 1 0 0 0 1 -1.43172 0.939675 -1.20933</i>
                <i>1 0 0 0 1 0 0 0 1 -1.43172 0.939675 -1.20933</i>
                <i>1 0 0 0 1 0 0 0 1 -1.43172 0.939675 -1.20933</i>
                <i>1 0 0 0 1 0 0 0 1 -1.43172 0.939675 -1.20933</i>
                <i>1 0 0 0 1 0 0 0 1 -1.43172 0.939675 -1.20933</i>
                <i>1 0 0 0 1 0 0 0 1 -1.43172 0.939675 -1.20933</i>
                <i>1 0 0 0 1 0 0 0 1 -1.43172 0.939675 -1.20933</i>
                <i>1 0 0 0 1 0 0 0 1 -1.43172 0.939675 -1.20933</i>
                <i>1 0 0 0 1 0 0 0 1 -1.43172 0.939675 -1.20933</i>
                <i>1 0 0 0 1 0 0 0 1 -1.43172 0.939675 -1.20933</i>
                <i>1 0 0 0 1 0 0 0 1 -1.43172 0.939675 -1.20933</i>
                <i>1 0 0 0 1 0 0 0 1 -1.43172 0.939675 -1.20933</i>
                <i>1 0 0 0 1 0 0 0 1 -1.43172 0.939675 -1.20933</i>
                <i>1 0 0 0 1 0 0 0 1 -1.43172 0.939675 -1.20933</i>
                <i>1 0 0 0 1 0 0 0 1 -1.43172 0.939675 -1.20933</i>
                <i>1 0 0 0 1 0 0 0 1 -1.43172 0.939675 -1.20933</i>
                <i>1 0 0 0 1 0 0 0 1 -1.43172 0.939675 -1.20933</i>
                <i>1 0 0 0 1 0 0 0 1 -1.43172 0.939675 -1.20933</i>
                <i>1 0 0 0 1 0 0 0 1 -1.43172 0.939675 -1.20933</i>
                <i>1 0 0 0 1 0 0 0 1 -1.43172 0.939675 -1.20933</i>
                <i>1 0 0 0 1 0 0 0 1 -1.43172 0.939675 -1.20933</i>
                <i>1 0 0 0 1 0 0 0 1 -1.43172 0.939675 -1.20933</i>
                <i>1 0 0 0 1 0 0 0 1 -1.43172 0.939675 -1.20933</i>
                <i>1 0 0 0 1 0 0 0 1 -1.43172 0.939675 -1.20933</i>
                <i>1 0 0 0 1 0 0 0 1 -1.43172 0.939675 -1.20933</i>
                <i>1 0 0 0 1 0 0 0 1 -1.43172 0.939675 -1.20933</i>
                <i>1 0 0 0 1 0 0 0 1 -1.43172 0.939675 -1.20933</i>
                <i>1 0 0 0 1 0 0 0 1 -1.43172 0.939675 -1.20933</i>
                <i>1 0 0 0 1 0 0 0 1 -1.43172 0.939675 -1.20933</i>
                <i>1 0 0 0 1 0 0 0 1 -1.43172 0.939675 -1.20933</i>
                <i>1 0 0 0 1 0 0 0 1 -1.43172 0.939675 -1.20933</i>
                <i>1 0 0 0 1 0 0 0 1 -1.43172 0.939675 -1.20933</i>
                <i>1 0 0 0 1 0 0 0 1 -1.43172 0.939675 -1.20933</i>
                <i>1 0 0 0 1 0 0 0 1 -1.43172 0.939675 -1.20933</i>
                <i>1 0 0 0 1 0 0 0 1 -1.43172 0.939675 -1.20933</i>
                <i>1 0 0 0 1 0 0 0 1 -1.43172 0.939675 -1.20933</i>
                <i>1 0 0 0 1 0 0 0 1 -1.43172 0.939675 -1.20933</i>
                <i>1 0 0 0 1 0 0 0 1 -1.43172 0.939675 -1.20933</i>
                <i>1 0 0 0 1 0 0 0 1 -1.43172 0.939675 -1.20933</i>
                <i>1 0 0 0 1 0 0 0 1 -1.43172 0.939675 -1.20933</i>
                <i>1 0 0 0 1 0 0 0 1 -1.43172 0.939675 -1.20933</i>
                <i>1 0 0 0 1 0 0 0 1 -1.43172 0.939675 -1.20933</i>
                <i>1 0 0 0 1 0 0 0 1 -1.43172 0.939675 -1.20933</i>
                <i>1 0 0 0 1 0 0 0 1 -1.43172 0.939675 -1.20933</i>
                <i>1 0 0 0 1 0 0 0 1 -1.43172 0.939675 -1.20933</i>
                <i>1 0 0 0 1 0 0 0 1 -1.43172 0.939675 -1.20933</i>
                <i>1 0 0 0 1 0 0 0 1 -1.43172 0.939675 -1.20933</i>
                <i>1 0 0 0 1 0 0 0 1 -1.43172 0.939675 -1.20933</i>
                <i>1 0 0 0 1 0 0 0 1 -1.43172 0.939675 -1.20933</i>
                <i>1 0 0 0 1 0 0 0 1 -1.43172 0.939675 -1.20933</i>
                <i>1 0 0 0 1 0 0 0 1 -1.43172 0.939675 -1.20933</i>
                <i>1 0 0 0 1 0 0 0 1 -1.43172 0.939675 -1.20933</i>
                <i>1 0 0 0 1 0 0 0 1 -1.43172 0.939675 -1.20933</i>
                <i>1 0 0 0 1 0 0 0 1 -1.43172 0.939675 -1.20933</i>
                <i>1 0 0 0 1 0 0 0 1 -1.43172 0.939675 -1.20933</i>
                <i>1 0 0 0 1 0 0 0 1 -1.43172 0.939675 -1.20933</i>
                <i>1 0 0 0 1 0 0 0 1 -1.43172 0.939675 -1.20933</i>
                <i>1 0 0 0 1 0 0 0 1 -1.43172 0.939675 -1.20933</i>
                <i>1 0 0 0 1 0 0 0 1 -1.43172 0.939675 -1.20933</i>
                <i>1 0 0 0 1 0 0 0 1 -1.43172 0.939675 -1.20933</i>
                <i>1 0 0 0 1 0 0 0 1 -1.43172 0.939675 -1.20933</i>
                <i>1 0 0 0 1 0 0 0 1 -1.43172 0.939675 -1.20933</i>
                <i>1 0 0 0 1 0 0 0 1 -1.43172 0.939675 -1.20933</i>
                <i>1 0 0 0 1 0 0 0 1 -1.43172 0.939675 -1.20933</i>
                <i>1 0 0 0 1 0 0 0 1 -1.43172 0.939675 -1.20933</i>
                <i>1 0 0 0 1 0 0 0 1 -1.43172 0.939675 -1.20933</i>
                <i>1 0 0 0 1 0 0 0 1 -1.43172 0.939675 -1.20933</i>
                <i>1 0 0 0 1 0 0 0 1 -1.43172 0.939675 -1.20933</i>
                <i>1 0 0 0 1 0 0 0 1 -1.43172 0.939675 -1.20933</i>
                <i>1 0 0 0 1 0 0 0 1 -1.43172 0.939675 -1.20933</i>
                <i>1 0 0 0 1 0 0 0 1 -1.43172 0.939675 -1.20933</i>
                <i>1 0 0 0 1 0 0 0 1 -1.43172 0.939675 -1.20933</i>
                <i>1 0 0 0 1 0 0 0 1 -1.43172 0.939675 -1.20933</i>
                <i>1 0 0 0 1 0 0 0 1 -1.43172 0.939675 -1.20933</i>
                <i>1 0 0 0 1 0 0 0 1 -1.43172 0.939675 -1.20933</i>
                <i>1 0 0 0 1 0 0 0 1 -1.43172 0.939675 -1.20933</i>
                <i>1 0 0 0 1 0 0 0 1 -1.43172 0.939675 -1.20933</i>
                <i>1 0 0 0 1 0 0 0 1 -1.43172 0.939675 -1.20933</i>
                <i>1 0 0 0 1 0 0 0 1 -1.43172 0.939675 -1.20933</i>
                <i>1 0 0 0 1 0 0 0 1 -1.43172 0.939675 -1.20933</i>
                <i>1 0 0 0 1 0 0 0 1 -1.43172 0.939675 -1.20933</i>
                <i>1 0 0 0 1 0 0 0 1 -1.43172 0.939675 -1.20933</i>
                <i>1 0 0 0 1 0 0 0 1 -1.43172 0.939675 -1.20933</i>
                <i>1 0 0 0 1 0 0 0 1 -1.43172 0.939675 -1.20933</i>
                <i>1 0 0 0 1 0 0 0 1 -1.43172 0.939675 -1.20933</i>
                <i>1 0 0 0 1 0 0 0 1 -1.43172 0.939675 -1.20933</i>
                <i>1 0 0 0 1 0 0 0 1 -1.43172 0.939675 -1.20933</i>
                <i>1 0 0 0 1 0 0 0 1 -1.43172 0.939675 -1.20933</i>
                <i>1 0 0 0 1 0 0 0 1 -1.43172 0.939675 -1.20933</i>
                <i>1 0 0 0 1 0 0 0 1 -1.43172 0.939675 -1.20933</i>
                <i>1 0 0 0 1 0 0 0 1 -1.43172 0.939675 -1.20933</i>
                <i>1 0 0 0 1 0 0 0 1 -1.43172 0.939675 -1.20933</i>
                <i>1 0 0 0 1 0 0 0 1 -1.43172 0.939675 -1.20933</i>
                <i>1 0 0 0 1 0 0 0 1 -1.43172 0.939675 -1.20933</i>
                <i>1 0 0 0 1 0 0 0 1 -1.43172 0.939675 -1.20933</i>
                <i>1 0 0 0 1 0 0 0 1 -1.43172 0.939675 -1.20933</i>
                <i>1 0 0 0 1 0 0 0 1 -1.43172 0.939675 -1.20933</i>
                <i>1 0 0 0 1 0 0 0 1 -1.43172 0.939675 -1.20933</i>
                <i>1 0 0 0 1 0 0 0 1 -1.43172 0.939675 -1.20933</i>
                <i>1 0 0 0 1 0 0 0 1 -1.43172 0.939675 -1.20933</i>
                <i>1 0 0 0 1 0 0 0 1 -1.43172 0.939675 -1.20933</i>
                <i>1 0 0 0 1 0 0 0 1 -1.43172 0.939675 -1.20933</i>
                <i>1 0 0 0 1 0 0 0 1 -1.43172 0.939675 -1.20933</i>
                <i>1 0 0 0 1 0 0 0 1 -1.43172 0.939675 -1.20933</i>
                <i>1 0 0 0 1 0 0 0 1 -1.43172 0.939675 -1.20933</i>
                <i>1 0 0 0 1 0 0 0 1 -1.43172 0.939675 -1.20933</i>
                <i>1 0 0 0 1 0 0 0 1 -1.43172 0.939675 -1.20933</i>
            </KeyFrames>
        </RefFrame>
        <Bones count="23">
            <i>
                <p>
                    <Name><![CDATA[pelvis]]></Name>
                    <Exclude>0</Exclude>
                    <Additive>0</Additive>
                    <IKPriority>0</IKPriority>
                    <IKRotLimits>-1e+010 -1e+010 -1e+010 1e+010 1e+010 1e+010</IKRotLimits>
                    <IKRotLimitOrder>2</IKRotLimitOrder>
                    <KeyFrames count="193">
                        <i>1 0 0 0 1 0 0 0 1 -1.44143 1.52397 -0.962757</i>
                        <i>1 0 0 0 1 0 0 0 1 -1.44208 1.52552 -0.962757</i>
                        <i>1 0 0 0 1 0 0 0 1 -1.44267 1.52704 -0.962757</i>
                        <i>1 0 0 0 1 0 0 0 1 -1.44324 1.52853 -0.962757</i>
                        <i>1 0 0 0 1 0 0 0 1 -1.4438 1.52998 -0.962757</i>
                        <i>1 0 0 0 1 0 0 0 1 -1.44434 1.53139 -0.962757</i>
                        <i>1 0 0 0 1 0 0 0 1 -1.44488 1.53277 -0.962757</i>
                        <i>1 0 0 0 1 0 0 0 1 -1.44541 1.5341 -0.962757</i>
                        <i>1 0 0 0 1 0 0 0 1 -1.44593 1.5354 -0.962757</i>
                        <i>1 0 0 0 1 0 0 0 1 -1.44645 1.53666 -0.962757</i>
                        <i>1 0 0 0 1 0 0 0 1 -1.44697 1.53787 -0.962757</i>
                        <i>1 0 0 0 1 0 0 0 1 -1.44747 1.53904 -0.962757</i>
                        <i>1 0 0 0 1 0 0 0 1 -1.44797 1.54015 -0.962757</i>
                        <i>1 0 0 0 1 0 0 0 1 -1.44846 1.54121 -0.962757</i>
                        <i>1 0 0 0 1 0 0 0 1 -1.44895 1.54221 -0.962757</i>
                        <i>1 0 0 0 1 0 0 0 1 -1.44943 1.54314 -0.962757</i>
                        <i>1 0 0 0 1 0 0 0 1 -1.4499 1.544 -0.962757</i>
                        <i>1 0 0 0 1 0 0 0 1 -1.45035 1.54478 -0.962757</i>
                        <i>1 0 0 0 1 0 0 0 1 -1.4508 1.54546 -0.962757</i>
                        <i>1 0 0 0 1 0 0 0 1 -1.45122 1.54604 -0.962757</i>
                        <i>1 0 0 0 1 0 0 0 1 -1.45162 1.54649 -0.962757</i>
                        <i>1 0 0 0 1 0 0 0 1 -1.45196 1.54678 -0.962757</i>
                        <i>1 0 0 0 1 0 0 0 1 -1.45217 1.54689 -0.962757</i>
                        <i>1 0 0 0 1 0 0 0 1 -1.45201 1.54689 -0.962757</i>
                        <i>1 0 0 0 1 0 0 0 1 -1.45169 1.54689 -0.962757</i>
                        <i>1 0 0 0 1 0 0 0 1 -1.4513 1.54689 -0.962757</i>
                        <i>1 0 0 0 1 0 0 0 1 -1.45086 1.54689 -0.962757</i>
                        <i>1 0 0 0 1 0 0 0 1 -1.45039 1.54689 -0.962757</i>
                        <i>1 0 0 0 1 0 0 0 1 -1.4499 1.54689 -0.962757</i>
                        <i>1 0 0 0 1 0 0 0 1 -1.44939 1.54689 -0.962757</i>
                        <i>1 0 0 0 1 0 0 0 1 -1.44887 1.54689 -0.962757</i>
                        <i>1 0 0 0 1 0 0 0 1 -1.44833 1.54689 -0.962757</i>
                        <i>1 0 0 0 1 0 0 0 1 -1.44779 1.54689 -0.962757</i>
                        <i>1 0 0 0 1 0 0 0 1 -1.44724 1.54689 -0.962757</i>
                        <i>1 0 0 0 1 0 0 0 1 -1.44668 1.54689 -0.962757</i>
                        <i>1 0 0 0 1 0 0 0 1 -1.44612 1.54689 -0.962757</i>
                        <i>1 0 0 0 1 0 0 0 1 -1.44555 1.54689 -0.962757</i>
                        <i>1 0 0 0 1 0 0 0 1 -1.44498 1.54689 -0.962757</i>
                        <i>1 0 0 0 1 0 0 0 1 -1.4444 1.54689 -0.962757</i>
                        <i>1 0 0 0 1 0 0 0 1 -1.44382 1.54689 -0.962757</i>
                        <i>1 0 0 0 1 0 0 0 1 -1.44324 1.54689 -0.962757</i>
                        <i>1 0 0 0 1 0 0 0 1 -1.44266 1.54689 -0.962757</i>
                        <i>1 0 0 0 1 0 0 0 1 -1.44207 1.54689 -0.962757</i>
                        <i>1 0 0 0 1 0 0 0 1 -1.44149 1.54689 -0.962757</i>
                        <i>1 0 0 0 1 0 0 0 1 -1.4409 1.54689 -0.962757</i>
                        <i>1 0 0 0 1 0 0 0 1 -1.44032 1.54689 -0.962757</i>
                        <i>1 0 0 0 1 0 0 0 1 -1.43973 1.54689 -0.962757</i>
                        <i>1 0 0 0 1 0 0 0 1 -1.43914 1.54689 -0.962757</i>
                        <i>1 0 0 0 1 0 0 0 1 -1.43856 1.54689 -0.962757</i>
                        <i>1 0 0 0 1 0 0 0 1 -1.43797 1.54689 -0.962757</i>
                        <i>1 0 0 0 1 0 0 0 1 -1.43739 1.54689 -0.962757</i>
                        <i>1 0 0 0 1 0 0 0 1 -1.4368 1.54689 -0.962757</i>
                        <i>1 0 0 0 1 0 0 0 1 -1.43622 1.54689 -0.962757</i>
                        <i>1 0 0 0 1 0 0 0 1 -1.43564 1.54689 -0.962757</i>
                        <i>1 0 0 0 1 0 0 0 1 -1.43507 1.54689 -0.962757</i>
                        <i>1 0 0 0 1 0 0 0 1 -1.4345 1.54689 -0.962757</i>
                        <i>1 0 0 0 1 0 0 0 1 -1.43393 1.54689 -0.962757</i>
                        <i>1 0 0 0 1 0 0 0 1 -1.43337 1.54689 -0.962757</i>
                        <i>1 0 0 0 1 0 0 0 1 -1.43281 1.54689 -0.962757</i>
                        <i>1 0 0 0 1 0 0 0 1 -1.43226 1.54689 -0.962757</i>
                        <i>1 0 0 0 1 0 0 0 1 -1.43172 1.54689 -0.962757</i>
                        <i>1 0 0 0 1 0 0 0 1 -1.43172 1.54681 -0.962757</i>
                        <i>1 0 0 0 1 0 0 0 1 -1.43172 1.54656 -0.962757</i>
                        <i>1 0 0 0 1 0 0 0 1 -1.43172 1.54616 -0.962757</i>
                        <i>1 0 0 0 1 0 0 0 1 -1.43172 1.54563 -0.962757</i>
                        <i>1 0 0 0 1 0 0 0 1 -1.43172 1.54498 -0.962757</i>
                        <i>1 0 0 0 1 0 0 0 1 -1.43172 1.54422 -0.962757</i>
                        <i>1 0 0 0 1 0 0 0 1 -1.43172 1.54337 -0.962757</i>
                        <i>1 0 0 0 1 0 0 0 1 -1.43172 1.54244 -0.962757</i>
                        <i>1 0 0 0 1 0 0 0 1 -1.43172 1.54144 -0.962757</i>
                        <i>1 0 0 0 1 0 0 0 1 -1.43172 1.5404 -0.962757</i>
                        <i>1 0 0 0 1 0 0 0 1 -1.43172 1.53932 -0.962757</i>
                        <i>1 0 0 0 1 0 0 0 1 -1.43172 1.53822 -0.962757</i>
                        <i>1 0 0 0 1 0 0 0 1 -1.43172 1.5371 -0.962757</i>
                        <i>1 0 0 0 1 0 0 0 1 -1.43172 1.536 -0.962757</i>
                        <i>1 0 0 0 1 0 0 0 1 -1.43172 1.53492 -0.962757</i>
                        <i>1 0 0 0 1 0 0 0 1 -1.43172 1.53386 -0.962757</i>
                        <i>1 0 0 0 1 0 0 0 1 -1.43172 1.53286 -0.962757</i>
                        <i>1 0 0 0 1 0 0 0 1 -1.43172 1.53192 -0.962757</i>
                        <i>1 0 0 0 1 0 0 0 1 -1.43172 1.53106 -0.962757</i>
                        <i>1 0 0 0 1 0 0 0 1 -1.43172 1.53028 -0.962757</i>
                        <i>1 0 0 0 1 0 0 0 1 -1.43172 1.52956 -0.962757</i>
                        <i>1 0 0 0 1 0 0 0 1 -1.43172 1.52882 -0.962757</i>
                        <i>1 0 0 0 1 0 0 0 1 -1.43172 1.52807 -0.962757</i>
                        <i>1 0 0 0 1 0 0 0 1 -1.43172 1.52732 -0.962757</i>
                        <i>1 0 0 0 1 0 0 0 1 -1.43172 1.52656 -0.962757</i>
                        <i>1 0 0 0 1 0 0 0 1 -1.43172 1.52579 -0.962757</i>
                        <i>1 0 0 0 1 0 0 0 1 -1.43172 1.52502 -0.962757</i>
                        <i>1 0 0 0 1 0 0 0 1 -1.43172 1.52424 -0.962757</i>
                        <i>1 0 0 0 1 0 0 0 1 -1.43172 1.52347 -0.962757</i>
                        <i>1 0 0 0 1 0 0 0 1 -1.43172 1.52269 -0.962757</i>
                        <i>1 0 0 0 1 0 0 0 1 -1.43172 1.52191 -0.962757</i>
                        <i>1 0 0 0 1 0 0 0 1 -1.43172 1.52113 -0.962757</i>
                        <i>1 0 0 0 1 0 0 0 1 -1.43172 1.52035 -0.962757</i>
                        <i>1 0 0 0 1 0 0 0 1 -1.43172 1.51957 -0.962757</i>
                        <i>1 0 0 0 1 0 0 0 1 -1.43172 1.5188 -0.962757</i>
                        <i>1 0 0 0 1 0 0 0 1 -1.43172 1.51802 -0.962757</i>
                        <i>1 0 0 0 1 0 0 0 1 -1.43172 1.51726 -0.962757</i>
                        <i>1 0 0 0 1 0 0 0 1 -1.43172 1.5165 -0.962757</i>
                        <i>1 0 0 0 1 0 0 0 1 -1.43172 1.51574 -0.962757</i>
                        <i>1 0 0 0 1 0 0 0 1 -1.43172 1.515 -0.962757</i>
                        <i>1 0 0 0 1 0 0 0 1 -1.43172 1.51426 -0.962757</i>
                        <i>1 0 0 0 1 0 0 0 1 -1.43172 1.51353 -0.962757</i>
                        <i>1 0 0 0 1 0 0 0 1 -1.43172 1.51281 -0.962757</i>
                        <i>1 0 0 0 1 0 0 0 1 -1.43172 1.51211 -0.962757</i>
                        <i>1 0 0 0 1 0 0 0 1 -1.43172 1.51141 -0.962757</i>
                        <i>1 0 0 0 1 0 0 0 1 -1.43172 1.51073 -0.962757</i>
                        <i>1 0 0 0 1 0 0 0 1 -1.43172 1.51007 -0.962757</i>
                        <i>1 0 0 0 1 0 0 0 1 -1.43172 1.50941 -0.962757</i>
                        <i>1 0 0 0 1 0 0 0 1 -1.43172 1.50878 -0.962757</i>
                        <i>1 0 0 0 1 0 0 0 1 -1.43172 1.50816 -0.962757</i>
                        <i>1 0 0 0 1 0 0 0 1 -1.43172 1.50756 -0.962757</i>
                        <i>1 0 0 0 1 0 0 0 1 -1.43172 1.50698 -0.962757</i>
                        <i>1 0 0 0 1 0 0 0 1 -1.43172 1.50641 -0.962757</i>
                        <i>1 0 0 0 1 0 0 0 1 -1.43172 1.50587 -0.962757</i>
                        <i>1 0 0 0 1 0 0 0 1 -1.43172 1.50535 -0.962757</i>
                        <i>1 0 0 0 1 0 0 0 1 -1.43172 1.50485 -0.962757</i>
                        <i>1 0 0 0 1 0 0 0 1 -1.43172 1.50438 -0.962757</i>
                        <i>1 0 0 0 1 0 0 0 1 -1.43172 1.50393 -0.962757</i>
                        <i>1 0 0 0 1 0 0 0 1 -1.43172 1.50351 -0.962757</i>
                        <i>1 0 0 0 1 0 0 0 1 -1.43172 1.50311 -0.962757</i>
                        <i>1 0 0 0 1 0 0 0 1 -1.43172 1.50274 -0.962757</i>
                        <i>1 0 0 0 1 0 0 0 1 -1.43172 1.50241 -0.962757</i>
                        <i>1 0 0 0 1 0 0 0 1 -1.43172 1.50211 -0.962757</i>
                        <i>1 0 0 0 1 0 0 0 1 -1.43172 1.50186 -0.962757</i>
                        <i>1 0 0 0 1 0 0 0 1 -1.43172 1.50164 -0.962757</i>
                        <i>1 0 0 0 1 0 0 0 1 -1.43172 1.50145 -0.962757</i>
                        <i>1 0 0 0 1 0 0 0 1 -1.43172 1.5013 -0.962757</i>
                        <i>1 0 0 0 1 0 0 0 1 -1.43172 1.50119 -0.962757</i>
                        <i>1 0 0 0 1 0 0 0 1 -1.43172 1.5011 -0.962757</i>
                        <i>1 0 0 0 1 0 0 0 1 -1.43172 1.50104 -0.962757</i>
                        <i>1 0 0 0 1 0 0 0 1 -1.43172 1.501 -0.962757</i>
                        <i>1 0 0 0 1 0 0 0 1 -1.43172 1.50099 -0.962757</i>
                        <i>1 0 0 0 1 0 0 0 1 -1.43172 1.501 -0.962757</i>
                        <i>1 0 0 0 1 0 0 0 1 -1.43172 1.50104 -0.962757</i>
                        <i>1 0 0 0 1 0 0 0 1 -1.43172 1.50109 -0.962757</i>
                        <i>1 0 0 0 1 0 0 0 1 -1.43172 1.50115 -0.962757</i>
                        <i>1 0 0 0 1 0 0 0 1 -1.43172 1.50124 -0.962757</i>
                        <i>1 0 0 0 1 0 0 0 1 -1.43172 1.50133 -0.962757</i>
                        <i>1 0 0 0 1 0 0 0 1 -1.43172 1.50144 -0.962757</i>
                        <i>1 0 0 0 1 0 0 0 1 -1.43172 1.50156 -0.962757</i>
                        <i>1 0 0 0 1 0 0 0 1 -1.43172 1.50168 -0.962757</i>
                        <i>1 0 0 0 1 0 0 0 1 -1.43172 1.50181 -0.962757</i>
                        <i>1 0 0 0 1 0 0 0 1 -1.43172 1.50195 -0.962757</i>
                        <i>1 0 0 0 1 0 0 0 1 -1.43172 1.50208 -0.962757</i>
                        <i>1 0 0 0 1 0 0 0 1 -1.43172 1.50222 -0.962757</i>
                        <i>1 0 0 0 1 0 0 0 1 -1.43172 1.50236 -0.962757</i>
                        <i>1 0 0 0 1 0 0 0 1 -1.43172 1.50249 -0.962757</i>
                        <i>1 0 0 0 1 0 0 0 1 -1.43172 1.50262 -0.962757</i>
                        <i>1 0 0 0 1 0 0 0 1 -1.43172 1.50274 -0.962757</i>
                        <i>1 0 0 0 1 0 0 0 1 -1.43172 1.50285 -0.962757</i>
                        <i>1 0 0 0 1 0 0 0 1 -1.43172 1.50295 -0.962757</i>
                        <i>1 0 0 0 1 0 0 0 1 -1.43172 1.50304 -0.962757</i>
                        <i>1 0 0 0 1 0 0 0 1 -1.43172 1.50311 -0.962757</i>
                        <i>1 0 0 0 1 0 0 0 1 -1.43172 1.50317 -0.962757</i>
                        <i>1 0 0 0 1 0 0 0 1 -1.43172 1.50321 -0.962757</i>
                        <i>1 0 0 0 1 0 0 0 1 -1.43172 1.50322 -0.962757</i>
                        <i>1 0 0 0 1 0 0 0 1 -1.4317 1.5032 -0.962757</i>
                        <i>1 0 0 0 1 0 0 0 1 -1.43165 1.5031 -0.962757</i>
                        <i>1 0 0 0 1 0 0 0 1 -1.43158 1.50296 -0.962757</i>
                        <i>1 0 0 0 1 0 0 0 1 -1.43149 1.50277 -0.962757</i>
                        <i>1 0 0 0 1 0 0 0 1 -1.43138 1.50254 -0.962757</i>
                        <i>1 0 0 0 1 0 0 0 1 -1.43127 1.5023 -0.962757</i>
                        <i>1 0 0 0 1 0 0 0 1 -1.43115 1.50205 -0.962757</i>
                        <i>1 0 0 0 1 0 0 0 1 -1.43104 1.5018 -0.962757</i>
                        <i>1 0 0 0 1 0 0 0 1 -1.43093 1.50157 -0.962757</i>
                        <i>1 0 0 0 1 0 0 0 1 -1.43083 1.50136 -0.962757</i>
                        <i>1 0 0 0 1 0 0 0 1 -1.43076 1.50119 -0.962757</i>
                        <i>1 0 0 0 1 0 0 0 1 -1.4307 1.50107 -0.962757</i>
                        <i>1 0 0 0 1 0 0 0 1 -1.43067 1.50101 -0.962757</i>
                        <i>1 0 0 0 1 0 0 0 1 -1.43068 1.50102 -0.962757</i>
                        <i>1 0 0 0 1 0 0 0 1 -1.43072 1.50112 -0.962757</i>
                        <i>1 0 0 0 1 0 0 0 1 -1.43081 1.5013 -0.962757</i>
                        <i>1 0 0 0 1 0 0 0 1 -1.43095 1.5016 -0.962757</i>
                        <i>1 0 0 0 1 0 0 0 1 -1.43114 1.50201 -0.962757</i>
                        <i>1 0 0 0 1 0 0 0 1 -1.4314 1.50255 -0.962757</i>
                        <i>1 0 0 0 1 0 0 0 1 -1.43172 1.50322 -0.962757</i>
                        <i>1 0 0 0 1 0 0 0 1 -1.43203 1.50389 -0.962757</i>
                        <i>1 0 0 0 1 0 0 0 1 -1.43241 1.50471 -0.962757</i>
                        <i>1 0 0 0 1 0 0 0 1 -1.43287 1.50569 -0.962757</i>
                        <i>1 0 0 0 1 0 0 0 1 -1.43339 1.50679 -0.962757</i>
                        <i>1 0 0 0 1 0 0 0 1 -1.43395 1.508 -0.962757</i>
                        <i>1 0 0 0 1 0 0 0 1 -1.43457 1.50932 -0.962757</i>
                        <i>1 0 0 0 1 0 0 0 1 -1.43522 1.5107 -0.962757</i>
                        <i>1 0 0 0 1 0 0 0 1 -1.4359 1.51216 -0.962757</i>
                        <i>1 0 0 0 1 0 0 0 1 -1.4366 1.51365 -0.962757</i>
                        <i>1 0 0 0 1 0 0 0 1 -1.43731 1.51518 -0.962757</i>
                        <i>1 0 0 0 1 0 0 0 1 -1.43803 1.51671 -0.962757</i>
                        <i>1 0 0 0 1 0 0 0 1 -1.43875 1.51824 -0.962757</i>
                        <i>1 0 0 0 1 0 0 0 1 -1.43946 1.51975 -0.962757</i>
                        <i>1 0 0 0 1 0 0 0 1 -1.44014 1.52122 -0.962757</i>
                        <i>1 0 0 0 1 0 0 0 1 -1.4408 1.52263 -0.962757</i>
                        <i>1 0 0 0 1 0 0 0 1 -1.44143 1.52397 -0.962757</i>
                    </KeyFrames>
                </p>
            </i>
            <i>
                <p>
                    <Name><![CDATA[spine0]]></Name>
                    <Exclude>0</Exclude>
                    <Additive>0</Additive>
                    <IKPriority>0</IKPriority>
                    <IKRotLimits>-1e+010 -1e+010 -1e+010 1e+010 1e+010 1e+010</IKRotLimits>
                    <IKRotLimitOrder>0</IKRotLimitOrder>
                    <KeyFrames count="193">
                        <i>-0.00816842 0.973645 0.227921 -0.999958 -0.00892723 0.00229853 0.00427266 -0.227893 0.973677 -1.45928 1.65243 -1.02501</i>
                        <i>-0.00690586 0.973856 0.22706 -0.999968 -0.00761979 0.00226788 0.00393874 -0.227037 0.973878 -1.45995 1.65399 -1.025</i>
                        <i>-0.00574702 0.974033 0.226335 -0.999977 -0.00642226 0.00224714 0.00364237 -0.226317 0.974047 -1.46057 1.65551 -1.02498</i>
                        <i>-0.0046407 0.974224 0.225535 -0.999984 -0.00527808 0.0022232 0.00335629 -0.225521 0.974233 -1.46117 1.65699 -1.02497</i>
                        <i>-0.00359774 0.97448 0.224444 -0.999989 -0.00419756 0.00219538 0.00308147 -0.224434 0.974485 -1.46175 1.65845 -1.02496</i>
                        <i>-0.00266739 0.97485 0.222846 -0.999992 -0.00323183 0.00216826 0.00283393 -0.222838 0.974851 -1.46231 1.65986 -1.02495</i>
                        <i>-0.00221263 0.975316 0.220804 -0.999994 -0.00276277 0.00218276 0.00273891 -0.220798 0.975316 -1.46287 1.66124 -1.02495</i>
                        <i>-0.00198078 0.975815 0.218587 -0.999994 -0.00252468 0.002209 0.00270744 -0.218581 0.975815 -1.46341 1.66258 -1.02494</i>
                        <i>-0.00183378 0.97634 0.216233 -0.999995 -0.00237215 0.00223025 0.00269042 -0.216228 0.976339 -1.46394 1.66388 -1.02494</i>
                        <i>-0.00173455 0.976882 0.213774 -0.999995 -0.00226606 0.00224132 0.00267393 -0.213769 0.97688 -1.46447 1.66514 -1.02493</i>
                        <i>-0.00166481 0.977433 0.21124 -0.999995 -0.00218714 0.00223903 0.00265051 -0.211236 0.977432 -1.46498 1.66635 -1.02493</i>
                        <i>-0.00161288 0.977987 0.20866 -0.999995 -0.00212301 0.00222083 0.00261493 -0.208656 0.977986 -1.46549 1.66751 -1.02493</i>
                        <i>-0.00157002 0.978538 0.206062 -0.999995 -0.00206442 0.0021843 0.00256282 -0.206058 0.978536 -1.46598 1.66863 -1.02494</i>
                        <i>-0.00152914 0.979079 0.203475 -0.999996 -0.00200384 0.00212697 0.0024902 -0.203471 0.979078 -1.46646 1.66969 -1.02494</i>
                        <i>-0.00148405 0.979605 0.200925 -0.999996 -0.00193462 0.00204617 0.00239315 -0.200921 0.979604 -1.46693 1.67068 -1.02495</i>
                        <i>-0.00142914 0.980112 0.198441 -0.999996 -0.0018507 0.00193891 0.0022676 -0.198437 0.980111 -1.46738 1.67161 -1.02496</i>
                        <i>-0.00135932 0.980594 0.196047 -0.999997 -0.00174644 0.00180178 0.0021092 -0.196044 0.980593 -1.46781 1.67247 -1.02498</i>
                        <i>-0.00127002 0.981046 0.193771 -0.999997 -0.00161665 0.00163077 0.00191312 -0.193769 0.981045 -1.46823 1.67325 -1.02499</i>
                        <i>-0.00115767 0.981465 0.191639 -0.999998 -0.00145702 0.00142112 0.001674 -0.191637 0.981465 -1.46863 1.67393 -1.02501</i>
                        <i>-0.00102086 0.981846 0.189675 -0.999999 -0.00126521 0.00116714 0.00138593 -0.189673 0.981846 -1.46899 1.6745 -1.02504</i>
                        <i>-0.000864163 0.982187 0.187903 -0.999999 -0.00104477 0.000862146 0.0010431 -0.187902 0.982187 -1.46931 1.67494 -1.02507</i>
                        <i>-0.000712429 0.982484 0.186347 -1 -0.000819829 0.000499286 0.000643313 -0.186346 0.982484 -1.46957 1.67523 -1.02511</i>
                        <i>-0.000722981 0.982734 0.185024 -1 -0.000751329 8.31057e-005 0.000220684 -0.185023 0.982734 -1.46968 1.67533 -1.02515</i>
                        <i>-0.00138778 0.982942 0.183912 -0.999999 -0.00135362 -0.000311244 -5.69875e-005 -0.183912 0.982943 -1.4694 1.67532 -1.02521</i>
                        <i>-0.00232765 0.983113 0.182986 -0.999997 -0.00223805 -0.000696125 -0.000274838 -0.182987 0.983115 -1.46896 1.67531 -1.02526</i>
                        <i>-0.00337437 0.983251 0.182226 -0.999994 -0.00322988 -0.0010897 -0.000482881 -0.182229 0.983256 -1.46844 1.6753 -1.02532</i>
                        <i>-0.00447136 0.98336 0.181614 -0.99999 -0.00427043 -0.00149738 -0.000696889 -0.181619 0.983369 -1.46786 1.67529 -1.02537</i>
                        <i>-0.00559077 0.983443 0.181132 -0.999984 -0.00533094 -0.00192127 -0.000923863 -0.181139 0.983457 -1.46726 1.67528 -1.02544</i>
                        <i>-0.00671573 0.983504 0.180763 -0.999977 -0.00639404 -0.00236229 -0.00116751 -0.180774 0.983524 -1.46662 1.67527 -1.0255</i>
                        <i>-0.00783464 0.983545 0.180492 -0.999968 -0.00744783 -0.00282071 -0.00143002 -0.180509 0.983572 -1.46596 1.67526 -1.02556</i>
                        <i>-0.00893869 0.98357 0.180306 -0.999959 -0.00848331 -0.00329655 -0.0017128 -0.180328 0.983605 -1.46528 1.67524 -1.02563</i>
                        <i>-0.0100207 0.983581 0.18019 -0.999948 -0.00949317 -0.00378963 -0.00201683 -0.180218 0.983625 -1.46459 1.67523 -1.0257</i>
                        <i>-0.0110746 0.98358 0.180131 -0.999936 -0.0104713 -0.00429966 -0.00234286 -0.180167 0.983633 -1.46389 1.67521 -1.02577</i>
                        <i>-0.0120951 0.983571 0.180115 -0.999923 -0.0114124 -0.00482629 -0.00269146 -0.18016 0.983634 -1.46317 1.6752 -1.02584</i>
                        <i>-0.0130776 0.983556 0.18013 -0.99991 -0.0123117 -0.0053691 -0.00306309 -0.180184 0.983628 -1.46244 1.67518 -1.02591</i>
                        <i>-0.0140181 0.983537 0.180163 -0.999896 -0.0131654 -0.0059276 -0.0034581 -0.180227 0.983619 -1.46171 1.67517 -1.02599</i>
                        <i>-0.0149131 0.983517 0.1802 -0.999881 -0.0139701 -0.00650127 -0.00387669 -0.180275 0.983609 -1.46097 1.67515 -1.02606</i>
                        <i>-0.0157605 0.983499 0.180227 -0.999866 -0.0147237 -0.00708945 -0.00431885 -0.180315 0.983599 -1.46021 1.67514 -1.02614</i>
                        <i>-0.0165598 0.983485 0.180231 -0.999851 -0.0154259 -0.00769125 -0.004784 -0.180331 0.983594 -1.45946 1.67512 -1.02622</i>
                        <i>-0.017316 0.983479 0.180191 -0.999836 -0.0160824 -0.00830516 -0.00527006 -0.180305 0.983597 -1.4587 1.6751 -1.0263</i>
                        <i>-0.0180622 0.983489 0.180066 -0.99982 -0.0167278 -0.00892614 -0.00576664 -0.180195 0.983614 -1.45793 1.67508 -1.02637</i>
                        <i>-0.0190064 0.98351 0.179851 -0.9998 -0.0175789 -0.00952737 -0.00620867 -0.179996 0.983648 -1.45716 1.67507 -1.02645</i>
                        <i>-0.0200098 0.983528 0.179645 -0.999778 -0.018491 -0.0101249 -0.00663632 -0.179808 0.983679 -1.45639 1.67505 -1.02653</i>
                        <i>-0.0210013 0.983543 0.179451 -0.999754 -0.0193904 -0.0107266 -0.00707045 -0.179632 0.983708 -1.45561 1.67503 -1.02661</i>
                        <i>-0.0219687 0.983555 0.179268 -0.99973 -0.0202643 -0.0113331 -0.00751395 -0.179469 0.983735 -1.45484 1.67501 -1.02669</i>
                        <i>-0.0229097 0.983565 0.179095 -0.999706 -0.0211109 -0.0119437 -0.00796651 -0.179316 0.983759 -1.45406 1.67499 -1.02677</i>
                        <i>-0.0238262 0.983573 0.178931 -0.999681 -0.021932 -0.0125573 -0.00842667 -0.179173 0.983782 -1.45328 1.67497 -1.02685</i>
                        <i>-0.0247216 0.983579 0.178774 -0.999655 -0.0227314 -0.0131725 -0.00889244 -0.179038 0.983802 -1.4525 1.67495 -1.02693</i>
                        <i>-0.0256006 0.983584 0.178624 -0.999628 -0.0235142 -0.013788 -0.00936147 -0.17891 0.983821 -1.45172 1.67493 -1.02701</i>
                        <i>-0.0264684 0.983588 0.178478 -0.999601 -0.024286 -0.0144021 -0.0098312 -0.178788 0.983838 -1.45094 1.67491 -1.02709</i>
                        <i>-0.0273312 0.98359 0.178336 -0.999573 -0.0250533 -0.0150131 -0.0102989 -0.17867 0.983855 -1.45016 1.67489 -1.02717</i>
                        <i>-0.0281955 0.983591 0.178195 -0.999545 -0.025823 -0.0156193 -0.0107615 -0.178554 0.983871 -1.44939 1.67487 -1.02725</i>
                        <i>-0.0290686 0.983591 0.178055 -0.999515 -0.0266032 -0.0162189 -0.0112159 -0.17844 0.983887 -1.44862 1.67485 -1.02733</i>
                        <i>-0.0299589 0.98359 0.177914 -0.999483 -0.0274024 -0.0168097 -0.0116586 -0.178326 0.983902 -1.44785 1.67483 -1.02741</i>
                        <i>-0.0308759 0.983587 0.177771 -0.99945 -0.0282309 -0.0173898 -0.0120857 -0.17821 0.983918 -1.44709 1.67481 -1.02749</i>
                        <i>-0.0318312 0.983583 0.177625 -0.999415 -0.0291009 -0.0179565 -0.0124927 -0.178092 0.983934 -1.44633 1.67478 -1.02756</i>
                        <i>-0.03284 0.983578 0.177473 -0.999378 -0.0300282 -0.0185069 -0.0128738 -0.17797 0.983952 -1.44557 1.67476 -1.02764</i>
                        <i>-0.033924 0.983569 0.177315 -0.999337 -0.0310359 -0.0190373 -0.0132213 -0.177843 0.98397 -1.44483 1.67474 -1.02771</i>
                        <i>-0.0351198 0.983557 0.17715 -0.999292 -0.032162 -0.0195415 -0.0135227 -0.177711 0.98399 -1.44409 1.67472 -1.02779</i>
                        <i>-0.0365073 0.983538 0.176976 -0.999239 -0.03349 -0.0200079 -0.0137516 -0.177572 0.984012 -1.44336 1.6747 -1.02786</i>
                        <i>-0.038424 0.983498 0.176792 -0.999166 -0.035371 -0.0203893 -0.0137996 -0.177428 0.984037 -1.44264 1.67468 -1.02793</i>
                        <i>-0.0395594 0.983547 0.176266 -0.999094 -0.0361591 -0.022462 -0.0157188 -0.176995 0.984086 -1.44203 1.67451 -1.02819</i>
                        <i>-0.0408034 0.983646 0.17543 -0.999008 -0.0370333 -0.0247127 -0.0178118 -0.176264 0.984182 -1.44135 1.67417 -1.02846</i>
                        <i>-0.0420935 0.983789 0.17432 -0.998912 -0.0379374 -0.0271075 -0.0200549 -0.175271 0.984316 -1.44063 1.67368 -1.02876</i>
                        <i>-0.0434066 0.98397 0.172969 -0.998806 -0.0388562 -0.0296086 -0.022413 -0.174048 0.984482 -1.43987 1.67304 -1.02907</i>
                        <i>-0.0447271 0.984184 0.171411 -0.99869 -0.0397821 -0.0321777 -0.0248497 -0.172626 0.984674 -1.43908 1.67226 -1.02939</i>
                        <i>-0.046043 0.984423 0.169679 -0.998566 -0.04071 -0.0347777 -0.0273284 -0.171037 0.984886 -1.43827 1.67138 -1.02971</i>
                        <i>-0.0473445 0.984683 0.167804 -0.998434 -0.0416368 -0.0373724 -0.0298131 -0.169311 0.985112 -1.43745 1.6704 -1.03004</i>
                        <i>-0.0486238 0.984957 0.165819 -0.998296 -0.0425606 -0.0399267 -0.0322688 -0.167477 0.985348 -1.43664 1.66933 -1.03036</i>
                        <i>-0.0498748 0.98524 0.163754 -0.998154 -0.0434802 -0.042407 -0.034661 -0.165567 0.985589 -1.43584 1.66819 -1.03068</i>
                        <i>-0.0510926 0.985526 0.161643 -0.99801 -0.044395 -0.0447807 -0.0369564 -0.163609 0.985833 -1.43506 1.66701 -1.03098</i>
