<?xml version="1.0" encoding="ISO-8859-1" ?>
<Animl Version="1">
    <ModellingPackage><![CDATA[Maya.2010]]></ModellingPackage>
    <SrcFile><![CDATA[anims\turrets\machinegun\red\~src\mgun_balkan\mgun_balkan_reload_crewman_b.mb]]></SrcFile>
    <FramesPerSecond>30</FramesPerSecond>
    <TotalFrames>131</TotalFrames>
    <Skeleton>
        <RefFrame>
            <Name><![CDATA[soldier_ref_frame]]></Name>
            <Exclude>0</Exclude>
            <Additive>0</Additive>
            <IKPriority>0</IKPriority>
            <IKRotLimits>-1e+010 -1e+010 -1e+010 1e+010 1e+010 1e+010</IKRotLimits>
            <IKRotLimitOrder>0</IKRotLimitOrder>
            <KeyFrames count="131">
                <i>1 0 0 0 1 0 0 0 1 -1.7653 0.945679 0.435447</i>
                <i>1 0 0 0 1 0 0 0 1 -1.7653 0.945679 0.435447</i>
                <i>1 0 0 0 1 0 0 0 1 -1.7653 0.945679 0.435447</i>
                <i>1 0 0 0 1 0 0 0 1 -1.7653 0.945679 0.435447</i>
                <i>1 0 0 0 1 0 0 0 1 -1.7653 0.945679 0.435447</i>
                <i>1 0 0 0 1 0 0 0 1 -1.7653 0.945679 0.435447</i>
                <i>1 0 0 0 1 0 0 0 1 -1.7653 0.945679 0.435447</i>
                <i>1 0 0 0 1 0 0 0 1 -1.7653 0.945679 0.435447</i>
                <i>1 0 0 0 1 0 0 0 1 -1.7653 0.945679 0.435447</i>
                <i>1 0 0 0 1 0 0 0 1 -1.7653 0.945679 0.435447</i>
                <i>1 0 0 0 1 0 0 0 1 -1.7653 0.945679 0.435447</i>
                <i>1 0 0 0 1 0 0 0 1 -1.7653 0.945679 0.435447</i>
                <i>1 0 0 0 1 0 0 0 1 -1.7653 0.945679 0.435447</i>
                <i>1 0 0 0 1 0 0 0 1 -1.7653 0.945679 0.435447</i>
                <i>1 0 0 0 1 0 0 0 1 -1.7653 0.945679 0.435447</i>
                <i>1 0 0 0 1 0 0 0 1 -1.7653 0.945679 0.435447</i>
                <i>1 0 0 0 1 0 0 0 1 -1.7653 0.945679 0.435447</i>
                <i>1 0 0 0 1 0 0 0 1 -1.7653 0.945679 0.435447</i>
                <i>1 0 0 0 1 0 0 0 1 -1.7653 0.945679 0.435447</i>
                <i>1 0 0 0 1 0 0 0 1 -1.7653 0.945679 0.435447</i>
                <i>1 0 0 0 1 0 0 0 1 -1.7653 0.945679 0.435447</i>
                <i>1 0 0 0 1 0 0 0 1 -1.7653 0.945679 0.435447</i>
                <i>1 0 0 0 1 0 0 0 1 -1.7653 0.945679 0.435447</i>
                <i>1 0 0 0 1 0 0 0 1 -1.7653 0.945679 0.435447</i>
                <i>1 0 0 0 1 0 0 0 1 -1.7653 0.945679 0.435447</i>
                <i>1 0 0 0 1 0 0 0 1 -1.7653 0.945679 0.435447</i>
                <i>1 0 0 0 1 0 0 0 1 -1.7653 0.945679 0.435447</i>
                <i>1 0 0 0 1 0 0 0 1 -1.7653 0.945679 0.435447</i>
                <i>1 0 0 0 1 0 0 0 1 -1.7653 0.945679 0.435447</i>
                <i>1 0 0 0 1 0 0 0 1 -1.7653 0.945679 0.435447</i>
                <i>1 0 0 0 1 0 0 0 1 -1.7653 0.945679 0.435447</i>
                <i>1 0 0 0 1 0 0 0 1 -1.7653 0.945679 0.435447</i>
                <i>1 0 0 0 1 0 0 0 1 -1.7653 0.945679 0.435447</i>
                <i>1 0 0 0 1 0 0 0 1 -1.7653 0.945679 0.435447</i>
                <i>1 0 0 0 1 0 0 0 1 -1.7653 0.945679 0.435447</i>
                <i>1 0 0 0 1 0 0 0 1 -1.7653 0.945679 0.435447</i>
                <i>1 0 0 0 1 0 0 0 1 -1.7653 0.945679 0.435447</i>
                <i>1 0 0 0 1 0 0 0 1 -1.7653 0.945679 0.435447</i>
                <i>1 0 0 0 1 0 0 0 1 -1.7653 0.945679 0.435447</i>
                <i>1 0 0 0 1 0 0 0 1 -1.7653 0.945679 0.435447</i>
                <i>1 0 0 0 1 0 0 0 1 -1.7653 0.945679 0.435447</i>
                <i>1 0 0 0 1 0 0 0 1 -1.7653 0.945679 0.435447</i>
                <i>1 0 0 0 1 0 0 0 1 -1.7653 0.945679 0.435447</i>
                <i>1 0 0 0 1 0 0 0 1 -1.7653 0.945679 0.435447</i>
                <i>1 0 0 0 1 0 0 0 1 -1.7653 0.945679 0.435447</i>
                <i>1 0 0 0 1 0 0 0 1 -1.7653 0.945679 0.435447</i>
                <i>1 0 0 0 1 0 0 0 1 -1.7653 0.945679 0.435447</i>
                <i>1 0 0 0 1 0 0 0 1 -1.7653 0.945679 0.435447</i>
                <i>1 0 0 0 1 0 0 0 1 -1.7653 0.945679 0.435447</i>
                <i>1 0 0 0 1 0 0 0 1 -1.7653 0.945679 0.435447</i>
                <i>1 0 0 0 1 0 0 0 1 -1.7653 0.945679 0.435447</i>
                <i>1 0 0 0 1 0 0 0 1 -1.7653 0.945679 0.435447</i>
                <i>1 0 0 0 1 0 0 0 1 -1.7653 0.945679 0.435447</i>
                <i>1 0 0 0 1 0 0 0 1 -1.7653 0.945679 0.435447</i>
                <i>1 0 0 0 1 0 0 0 1 -1.7653 0.945679 0.435447</i>
                <i>1 0 0 0 1 0 0 0 1 -1.7653 0.945679 0.435447</i>
                <i>1 0 0 0 1 0 0 0 1 -1.7653 0.945679 0.435447</i>
                <i>1 0 0 0 1 0 0 0 1 -1.7653 0.945679 0.435447</i>
                <i>1 0 0 0 1 0 0 0 1 -1.7653 0.945679 0.435447</i>
                <i>1 0 0 0 1 0 0 0 1 -1.7653 0.945679 0.435447</i>
                <i>1 0 0 0 1 0 0 0 1 -1.7653 0.945679 0.435447</i>
                <i>1 0 0 0 1 0 0 0 1 -1.7653 0.945679 0.435447</i>
                <i>1 0 0 0 1 0 0 0 1 -1.7653 0.945679 0.435447</i>
                <i>1 0 0 0 1 0 0 0 1 -1.7653 0.945679 0.435447</i>
                <i>1 0 0 0 1 0 0 0 1 -1.7653 0.945679 0.435447</i>
                <i>1 0 0 0 1 0 0 0 1 -1.7653 0.945679 0.435447</i>
                <i>1 0 0 0 1 0 0 0 1 -1.7653 0.945679 0.435447</i>
                <i>1 0 0 0 1 0 0 0 1 -1.7653 0.945679 0.435447</i>
                <i>1 0 0 0 1 0 0 0 1 -1.7653 0.945679 0.435447</i>
                <i>1 0 0 0 1 0 0 0 1 -1.7653 0.945679 0.435447</i>
                <i>1 0 0 0 1 0 0 0 1 -1.7653 0.945679 0.435447</i>
                <i>1 0 0 0 1 0 0 0 1 -1.7653 0.945679 0.435447</i>
                <i>1 0 0 0 1 0 0 0 1 -1.7653 0.945679 0.435447</i>
                <i>1 0 0 0 1 0 0 0 1 -1.7653 0.945679 0.435447</i>
                <i>1 0 0 0 1 0 0 0 1 -1.7653 0.945679 0.435447</i>
                <i>1 0 0 0 1 0 0 0 1 -1.7653 0.945679 0.435447</i>
                <i>1 0 0 0 1 0 0 0 1 -1.7653 0.945679 0.435447</i>
                <i>1 0 0 0 1 0 0 0 1 -1.7653 0.945679 0.435447</i>
                <i>1 0 0 0 1 0 0 0 1 -1.7653 0.945679 0.435447</i>
                <i>1 0 0 0 1 0 0 0 1 -1.7653 0.945679 0.435447</i>
                <i>1 0 0 0 1 0 0 0 1 -1.7653 0.945679 0.435447</i>
                <i>1 0 0 0 1 0 0 0 1 -1.7653 0.945679 0.435447</i>
                <i>1 0 0 0 1 0 0 0 1 -1.7653 0.945679 0.435447</i>
                <i>1 0 0 0 1 0 0 0 1 -1.7653 0.945679 0.435447</i>
                <i>1 0 0 0 1 0 0 0 1 -1.7653 0.945679 0.435447</i>
                <i>1 0 0 0 1 0 0 0 1 -1.7653 0.945679 0.435447</i>
                <i>1 0 0 0 1 0 0 0 1 -1.7653 0.945679 0.435447</i>
                <i>1 0 0 0 1 0 0 0 1 -1.7653 0.945679 0.435447</i>
                <i>1 0 0 0 1 0 0 0 1 -1.7653 0.945679 0.435447</i>
                <i>1 0 0 0 1 0 0 0 1 -1.7653 0.945679 0.435447</i>
                <i>1 0 0 0 1 0 0 0 1 -1.7653 0.945679 0.435447</i>
                <i>1 0 0 0 1 0 0 0 1 -1.7653 0.945679 0.435447</i>
                <i>1 0 0 0 1 0 0 0 1 -1.7653 0.945679 0.435447</i>
                <i>1 0 0 0 1 0 0 0 1 -1.7653 0.945679 0.435447</i>
                <i>1 0 0 0 1 0 0 0 1 -1.7653 0.945679 0.435447</i>
                <i>1 0 0 0 1 0 0 0 1 -1.7653 0.945679 0.435447</i>
                <i>1 0 0 0 1 0 0 0 1 -1.7653 0.945679 0.435447</i>
                <i>1 0 0 0 1 0 0 0 1 -1.7653 0.945679 0.435447</i>
                <i>1 0 0 0 1 0 0 0 1 -1.7653 0.945679 0.435447</i>
                <i>1 0 0 0 1 0 0 0 1 -1.7653 0.945679 0.435447</i>
                <i>1 0 0 0 1 0 0 0 1 -1.7653 0.945679 0.435447</i>
                <i>1 0 0 0 1 0 0 0 1 -1.7653 0.945679 0.435447</i>
                <i>1 0 0 0 1 0 0 0 1 -1.7653 0.945679 0.435447</i>
                <i>1 0 0 0 1 0 0 0 1 -1.7653 0.945679 0.435447</i>
                <i>1 0 0 0 1 0 0 0 1 -1.7653 0.945679 0.435447</i>
                <i>1 0 0 0 1 0 0 0 1 -1.7653 0.945679 0.435447</i>
                <i>1 0 0 0 1 0 0 0 1 -1.7653 0.945679 0.435447</i>
                <i>1 0 0 0 1 0 0 0 1 -1.7653 0.945679 0.435447</i>
                <i>1 0 0 0 1 0 0 0 1 -1.7653 0.945679 0.435447</i>
                <i>1 0 0 0 1 0 0 0 1 -1.7653 0.945679 0.435447</i>
                <i>1 0 0 0 1 0 0 0 1 -1.7653 0.945679 0.435447</i>
                <i>1 0 0 0 1 0 0 0 1 -1.7653 0.945679 0.435447</i>
                <i>1 0 0 0 1 0 0 0 1 -1.7653 0.945679 0.435447</i>
                <i>1 0 0 0 1 0 0 0 1 -1.7653 0.945679 0.435447</i>
                <i>1 0 0 0 1 0 0 0 1 -1.7653 0.945679 0.435447</i>
                <i>1 0 0 0 1 0 0 0 1 -1.7653 0.945679 0.435447</i>
                <i>1 0 0 0 1 0 0 0 1 -1.7653 0.945679 0.435447</i>
                <i>1 0 0 0 1 0 0 0 1 -1.7653 0.945679 0.435447</i>
                <i>1 0 0 0 1 0 0 0 1 -1.7653 0.945679 0.435447</i>
                <i>1 0 0 0 1 0 0 0 1 -1.7653 0.945679 0.435447</i>
                <i>1 0 0 0 1 0 0 0 1 -1.7653 0.945679 0.435447</i>
                <i>1 0 0 0 1 0 0 0 1 -1.7653 0.945679 0.435447</i>
                <i>1 0 0 0 1 0 0 0 1 -1.7653 0.945679 0.435447</i>
                <i>1 0 0 0 1 0 0 0 1 -1.7653 0.945679 0.435447</i>
                <i>1 0 0 0 1 0 0 0 1 -1.7653 0.945679 0.435447</i>
                <i>1 0 0 0 1 0 0 0 1 -1.7653 0.945679 0.435447</i>
                <i>1 0 0 0 1 0 0 0 1 -1.7653 0.945679 0.435447</i>
                <i>1 0 0 0 1 0 0 0 1 -1.7653 0.945679 0.435447</i>
                <i>1 0 0 0 1 0 0 0 1 -1.7653 0.945679 0.435447</i>
                <i>1 0 0 0 1 0 0 0 1 -1.7653 0.945679 0.435447</i>
                <i>1 0 0 0 1 0 0 0 1 -1.7653 0.945679 0.435447</i>
            </KeyFrames>
        </RefFrame>
        <Bones count="23">
            <i>
                <p>
                    <Name><![CDATA[pelvis]]></Name>
                    <Exclude>0</Exclude>
                    <Additive>0</Additive>
                    <IKPriority>0</IKPriority>
                    <IKRotLimits>-1e+010 -1e+010 -1e+010 1e+010 1e+010 1e+010</IKRotLimits>
                    <IKRotLimitOrder>2</IKRotLimitOrder>
                    <KeyFrames count="131">
                        <i>1 0 0 0 1 0 0 0 1 -1.7653 1.54266 0.682025</i>
                        <i>1 0 0 0 1 0 0 0 1 -1.7653 1.53929 0.681574</i>
                        <i>1 0 0 0 1 0 0 0 1 -1.7653 1.53189 0.680584</i>
                        <i>1 0 0 0 1 0 0 0 1 -1.7653 1.5245 0.679594</i>
                        <i>1 0 0 0 1 0 0 0 1 -1.7653 1.52113 0.679144</i>
                        <i>1 0 0 0 1 0 0 0 1 -1.7653 1.52584 0.679774</i>
                        <i>1 0 0 0 1 0 0 0 1 -1.7653 1.54266 0.682025</i>
                        <i>1 0 0 0 1 0 0 0 1 -1.7653 1.57647 0.686706</i>
                        <i>1 0 0 0 1 0 0 0 1 -1.7653 1.62502 0.693548</i>
                        <i>1 0 0 0 1 0 0 0 1 -1.7653 1.68165 0.70147</i>
                        <i>1 0 0 0 1 0 0 0 1 -1.7653 1.73968 0.709392</i>
                        <i>1 0 0 0 1 0 0 0 1 -1.7653 1.79242 0.716235</i>
                        <i>1 0 0 0 1 0 0 0 1 -1.7653 1.8332 0.720916</i>
                        <i>1 0 0 0 1 0 0 0 1 -1.76763 1.86112 0.726195</i>
                        <i>1 0 0 0 1 0 0 0 1 -1.77277 1.88133 0.733487</i>
                        <i>1 0 0 0 1 0 0 0 1 -1.7779 1.89626 0.7397</i>
                        <i>1 0 0 0 1 0 0 0 1 -1.78024 1.90833 0.741738</i>
                        <i>1 0 0 0 1 0 0 0 1 -1.77697 1.91999 0.736508</i>
                        <i>1 0 0 0 1 0 0 0 1 -1.7653 1.93365 0.720916</i>
                        <i>1 0 0 0 1 0 0 0 1 -1.74204 1.94964 0.689696</i>
                        <i>1 0 0 0 1 0 0 0 1 -1.7088 1.96607 0.64427</i>
                        <i>1 0 0 0 1 0 0 0 1 -1.66996 1.98208 0.591577</i>
                        <i>1 0 0 0 1 0 0 0 1 -1.6299 1.9968 0.538553</i>
                        <i>1 0 0 0 1 0 0 0 1 -1.593 2.00936 0.492136</i>
                        <i>1 0 0 0 1 0 0 0 1 -1.56366 2.01891 0.459264</i>
                        <i>1 0 0 0 1 0 0 0 1 -1.54219 2.02404 0.444041</i>
                        <i>1 0 0 0 1 0 0 0 1 -1.52566 2.02499 0.442138</i>
                        <i>1 0 0 0 1 0 0 0 1 -1.51349 2.02337 0.447847</i>
                        <i>1 0 0 0 1 0 0 0 1 -1.50515 2.02081 0.455459</i>
                        <i>1 0 0 0 1 0 0 0 1 -1.50007 2.01891 0.459264</i>
                        <i>1 0 0 0 1 0 0 0 1 -1.50126 2.01877 0.459264</i>
                        <i>1 0 0 0 1 0 0 0 1 -1.50946 2.0188 0.459264</i>
                        <i>1 0 0 0 1 0 0 0 1 -1.52068 2.01657 0.459264</i>
                        <i>1 0 0 0 1 0 0 0 1 -1.53093 2.00969 0.459264</i>
                        <i>1 0 0 0 1 0 0 0 1 -1.54002 1.99595 0.45689</i>
                        <i>1 0 0 0 1 0 0 0 1 -1.5499 1.97727 0.452142</i>
                        <i>1 0 0 0 1 0 0 0 1 -1.55972 1.95735 0.448581</i>
                        <i>1 0 0 0 1 0 0 0 1 -1.56869 1.93993 0.449768</i>
                        <i>1 0 0 0 1 0 0 0 1 -1.57596 1.92873 0.459264</i>
                        <i>1 0 0 0 1 0 0 0 1 -1.58228 1.92422 0.481819</i>
                        <i>1 0 0 0 1 0 0 0 1 -1.58818 1.92392 0.515058</i>
                        <i>1 0 0 0 1 0 0 0 1 -1.59258 1.92712 0.551858</i>
                        <i>1 0 0 0 1 0 0 0 1 -1.59439 1.9331 0.585097</i>
                        <i>1 0 0 0 1 0 0 0 1 -1.59251 1.94115 0.607652</i>
                        <i>1 0 0 0 1 0 0 0 1 -1.58486 1.9548 0.617149</i>
                        <i>1 0 0 0 1 0 0 0 1 -1.57215 1.97454 0.618336</i>
                        <i>1 0 0 0 1 0 0 0 1 -1.55753 1.99505 0.614775</i>
                        <i>1 0 0 0 1 0 0 0 1 -1.54416 2.01104 0.610026</i>
                        <i>1 0 0 0 1 0 0 0 1 -1.53518 2.0172 0.607652</i>
                        <i>1 0 0 0 1 0 0 0 1 -1.53151 2.0144 0.605649</i>
                        <i>1 0 0 0 1 0 0 0 1 -1.53105 2.00617 0.601643</i>
                        <i>1 0 0 0 1 0 0 0 1 -1.53243 1.99121 0.598639</i>
                        <i>1 0 0 0 1 0 0 0 1 -1.53426 1.96823 0.59964</i>
                        <i>1 0 0 0 1 0 0 0 1 -1.53518 1.93591 0.607652</i>
                        <i>1 0 0 0 1 0 0 0 1 -1.53518 1.8856 0.624807</i>
                        <i>1 0 0 0 1 0 0 0 1 -1.53518 1.81743 0.648917</i>
                        <i>1 0 0 0 1 0 0 0 1 -1.53518 1.7434 0.676504</i>
                        <i>1 0 0 0 1 0 0 0 1 -1.53518 1.67545 0.704091</i>
                        <i>1 0 0 0 1 0 0 0 1 -1.53518 1.62556 0.7282</i>
                        <i>1 0 0 0 1 0 0 0 1 -1.53518 1.6057 0.745355</i>
                        <i>1 0 0 0 1 0 0 0 1 -1.53518 1.63254 0.753367</i>
                        <i>1 0 0 0 1 0 0 0 1 -1.53518 1.7001 0.754368</i>
                        <i>1 0 0 0 1 0 0 0 1 -1.53518 1.78631 0.751364</i>
                        <i>1 0 0 0 1 0 0 0 1 -1.53518 1.86909 0.747358</i>
                        <i>1 0 0 0 1 0 0 0 1 -1.53518 1.92638 0.745355</i>
                        <i>1 0 0 0 1 0 0 0 1 -1.5384 1.95643 0.745355</i>
                        <i>1 0 0 0 1 0 0 0 1 -1.54483 1.97395 0.745355</i>
                        <i>1 0 0 0 1 0 0 0 1 -1.54966 1.98157 0.745355</i>
                        <i>1 0 0 0 1 0 0 0 1 -1.54805 1.98189 0.745355</i>
                        <i>1 0 0 0 1 0 0 0 1 -1.53518 1.97755 0.745355</i>
                        <i>1 0 0 0 1 0 0 0 1 -1.50803 1.9615 0.748004</i>
                        <i>1 0 0 0 1 0 0 0 1 -1.46982 1.93198 0.753301</i>
                        <i>1 0 0 0 1 0 0 0 1 -1.42507 1.89957 0.757275</i>
                        <i>1 0 0 0 1 0 0 0 1 -1.37833 1.87484 0.75595</i>
                        <i>1 0 0 0 1 0 0 0 1 -1.33412 1.86835 0.745355</i>
                        <i>1 0 0 0 1 0 0 0 1 -1.28885 1.88732 0.720192</i>
                        <i>1 0 0 0 1 0 0 0 1 -1.23948 1.9247 0.68311</i>
                        <i>1 0 0 0 1 0 0 0 1 -1.19142 1.96967 0.642054</i>
                        <i>1 0 0 0 1 0 0 0 1 -1.1501 2.01142 0.604972</i>
                        <i>1 0 0 0 1 0 0 0 1 -1.1209 2.03912 0.579808</i>
                        <i>1 0 0 0 1 0 0 0 1 -1.10726 2.05005 0.569213</i>
                        <i>1 0 0 0 1 0 0 0 1 -1.10555 2.05142 0.567889</i>
                        <i>1 0 0 0 1 0 0 0 1 -1.11067 2.04732 0.571862</i>
                        <i>1 0 0 0 1 0 0 0 1 -1.11749 2.04186 0.57716</i>
                        <i>1 0 0 0 1 0 0 0 1 -1.1209 2.03912 0.579808</i>
                        <i>1 0 0 0 1 0 0 0 1 -1.11531 2.04343 0.578921</i>
                        <i>1 0 0 0 1 0 0 0 1 -1.103 2.05291 0.576969</i>
                        <i>1 0 0 0 1 0 0 0 1 -1.0907 2.0624 0.575017</i>
                        <i>1 0 0 0 1 0 0 0 1 -1.0851 2.06671 0.57413</i>
                        <i>1 0 0 0 1 0 0 0 1 -1.09293 2.06067 0.575372</i>
                        <i>1 0 0 0 1 0 0 0 1 -1.1209 2.03912 0.579808</i>
                        <i>1 0 0 0 1 0 0 0 1 -1.16577 2.00456 0.586925</i>
                        <i>1 0 0 0 1 0 0 0 1 -1.21885 1.96366 0.595345</i>
                        <i>1 0 0 0 1 0 0 0 1 -1.2787 1.91755 0.604838</i>
                        <i>1 0 0 0 1 0 0 0 1 -1.34386 1.86735 0.615175</i>
                        <i>1 0 0 0 1 0 0 0 1 -1.4129 1.81416 0.626125</i>
                        <i>1 0 0 0 1 0 0 0 1 -1.48434 1.75912 0.637458</i>
                        <i>1 0 0 0 1 0 0 0 1 -1.55676 1.70333 0.648945</i>
                        <i>1 0 0 0 1 0 0 0 1 -1.62869 1.64791 0.660355</i>
                        <i>1 0 0 0 1 0 0 0 1 -1.69869 1.59398 0.671458</i>
                        <i>1 0 0 0 1 0 0 0 1 -1.7653 1.54266 0.682025</i>
                        <i>1 0 0 0 1 0 0 0 1 -1.7653 1.54266 0.682025</i>
                        <i>1 0 0 0 1 0 0 0 1 -1.7653 1.54266 0.682025</i>
                        <i>1 0 0 0 1 0 0 0 1 -1.7653 1.54266 0.682025</i>
                        <i>1 0 0 0 1 0 0 0 1 -1.7653 1.54266 0.682025</i>
                        <i>1 0 0 0 1 0 0 0 1 -1.7653 1.54266 0.682025</i>
                        <i>1 0 0 0 1 0 0 0 1 -1.7653 1.54266 0.682025</i>
                        <i>1 0 0 0 1 0 0 0 1 -1.7653 1.54266 0.682025</i>
                        <i>1 0 0 0 1 0 0 0 1 -1.7653 1.54266 0.682025</i>
                        <i>1 0 0 0 1 0 0 0 1 -1.7653 1.54266 0.682025</i>
                        <i>1 0 0 0 1 0 0 0 1 -1.7653 1.54266 0.682025</i>
                        <i>1 0 0 0 1 0 0 0 1 -1.7653 1.54266 0.682025</i>
                        <i>1 0 0 0 1 0 0 0 1 -1.7653 1.54266 0.682025</i>
                        <i>1 0 0 0 1 0 0 0 1 -1.7653 1.54266 0.682025</i>
                        <i>1 0 0 0 1 0 0 0 1 -1.7653 1.54266 0.682025</i>
                        <i>1 0 0 0 1 0 0 0 1 -1.7653 1.54266 0.682025</i>
                        <i>1 0 0 0 1 0 0 0 1 -1.7653 1.54266 0.682025</i>
                        <i>1 0 0 0 1 0 0 0 1 -1.7653 1.54266 0.682025</i>
                        <i>1 0 0 0 1 0 0 0 1 -1.7653 1.54266 0.682025</i>
                        <i>1 0 0 0 1 0 0 0 1 -1.7653 1.54266 0.682025</i>
                        <i>1 0 0 0 1 0 0 0 1 -1.7653 1.54266 0.682025</i>
                        <i>1 0 0 0 1 0 0 0 1 -1.7653 1.54266 0.682025</i>
                        <i>1 0 0 0 1 0 0 0 1 -1.7653 1.54266 0.682025</i>
                        <i>1 0 0 0 1 0 0 0 1 -1.7653 1.54266 0.682025</i>
                        <i>1 0 0 0 1 0 0 0 1 -1.7653 1.54266 0.682025</i>
                        <i>1 0 0 0 1 0 0 0 1 -1.7653 1.54266 0.682025</i>
                        <i>1 0 0 0 1 0 0 0 1 -1.7653 1.54266 0.682025</i>
                        <i>1 0 0 0 1 0 0 0 1 -1.7653 1.54266 0.682025</i>
                        <i>1 0 0 0 1 0 0 0 1 -1.7653 1.54266 0.682025</i>
                        <i>1 0 0 0 1 0 0 0 1 -1.7653 1.54266 0.682025</i>
                        <i>1 0 0 0 1 0 0 0 1 -1.7653 1.54266 0.682025</i>
                    </KeyFrames>
                </p>
            </i>
            <i>
                <p>
                    <Name><![CDATA[spine0]]></Name>
                    <Exclude>0</Exclude>
                    <Additive>0</Additive>
                    <IKPriority>0</IKPriority>
                    <IKRotLimits>-1e+010 -1e+010 -1e+010 1e+010 1e+010 1e+010</IKRotLimits>
                    <IKRotLimitOrder>0</IKRotLimitOrder>
                    <KeyFrames count="131">
                        <i>-0.160549 0.897528 0.410692 -0.97149 -0.070153 -0.226465 -0.174447 -0.435341 0.883202 -1.77832 1.68106 0.645016</i>
                        <i>-0.152964 0.913302 0.377468 -0.971703 -0.0694351 -0.225769 -0.179986 -0.401322 0.898079 -1.77787 1.67721 0.642637</i>
                        <i>-0.143541 0.930747 0.336313 -0.971986 -0.0686791 -0.224782 -0.186118 -0.359157 0.914531 -1.77719 1.66903 0.638763</i>
                        <i>-0.13403 0.945985 0.295208 -0.97226 -0.067904 -0.223829 -0.191694 -0.317019 0.928845 -1.77651 1.66078 0.634906</i>
                        <i>-0.126301 0.956647 0.262439 -0.972455 -0.0671544 -0.223209 -0.195909 -0.283402 0.938778 -1.77607 1.65682 0.632558</i>
                        <i>-0.122281 0.961428 0.24638 -0.972503 -0.0664922 -0.223198 -0.198206 -0.266899 0.943122 -1.77607 1.66153 0.633195</i>
                        <i>-0.123865 0.958917 0.255215 -0.97234 -0.0659658 -0.22406 -0.198019 -0.275909 0.940565 -1.77674 1.67924 0.638314</i>
                        <i>-0.134287 0.943304 0.303554 -0.971833 -0.0654974 -0.226386 -0.193669 -0.325404 0.925529 -1.77859 1.71515 0.650841</i>
                        <i>-0.152132 0.909957 0.38579 -0.97102 -0.064811 -0.230041 -0.184324 -0.409607 0.893447 -1.78153 1.76607 0.670323</i>
                        <i>-0.172286 0.860455 0.479516 -0.970098 -0.0637246 -0.234199 -0.170961 -0.505526 0.845704 -1.78493 1.82392 0.693047</i>
                        <i>-0.190303 0.803192 0.564506 -0.96925 -0.0623365 -0.238053 -0.156013 -0.592449 0.790357 -1.78814 1.8816 0.715073</i>
                        <i>-0.202912 0.753876 0.624899 -0.968635 -0.0610547 -0.240871 -0.143434 -0.654174 0.742619 -1.79051 1.93312 0.732466</i>
                        <i>-0.207831 0.732106 0.648712 -0.968389 -0.0604669 -0.242007 -0.137949 -0.678502 0.72153 -1.79147 1.97317 0.741459</i>
                        <i>-0.208163 0.747881 0.630352 -0.967052 -0.0608035 -0.247212 -0.146557 -0.661043 0.735896 -1.79315 2.00168 0.74319</i>
                        <i>-0.205492 0.789057 0.578932 -0.964133 -0.0616793 -0.258153 -0.167989 -0.611216 0.773431 -1.79623 2.02307 0.74089</i>
                        <i>-0.195655 0.840711 0.5049 -0.961349 -0.0627236 -0.268093 -0.19372 -0.537838 0.820489 -1.79811 2.03858 0.734052</i>
                        <i>-0.177391 0.889734 0.420601 -0.960643 -0.0637113 -0.270382 -0.213771 -0.45201 0.866019 -1.79665 2.04992 0.722204</i>
                        <i>-0.153583 0.92751 0.340789 -0.963878 -0.0646731 -0.258372 -0.217603 -0.36816 0.90394 -1.79029 2.05967 0.704775</i>
                        <i>-0.1297 0.950688 0.281727 -0.972081 -0.0658813 -0.225206 -0.19554 -0.303071 0.932691 -1.77764 2.07132 0.681008</i>
                        <i>-0.106849 0.964792 0.240333 -0.984326 -0.0685328 -0.1625 -0.140308 -0.253928 0.956992 -1.75594 2.08577 0.6453</i>
                        <i>-0.0862561 0.975332 0.203192 -0.994658 -0.0726997 -0.0732755 -0.0566959 -0.208427 0.976393 -1.72619 2.10092 0.597263</i>
                        <i>-0.0706149 0.982466 0.172552 -0.996525 -0.0771441 0.0314228 0.0441831 -0.169733 0.984499 -1.6921 2.116 0.543934</i>
                        <i>-0.0594345 0.98676 0.150906 -0.986933 -0.0807678 0.139428 0.14977 -0.140647 0.978666 -1.65717 2.13022 0.492189</i>
                        <i>-0.0498784 0.988901 0.139951 -0.967617 -0.0825634 0.238539 0.247447 -0.123521 0.960996 -1.62488 2.14273 0.448617</i>
                        <i>-0.0381636 0.989377 0.140276 -0.944662 -0.0814917 0.317761 0.325817 -0.120387 0.937737 -1.59891 2.15262 0.419557</i>
                        <i>-0.0152814 0.986912 0.160536 -0.922774 -0.0757471 0.377824 0.385039 -0.142365 0.911854 -1.5792 2.15883 0.410031</i>
                        <i>0.0234446 0.9797 0.199095 -0.901629 -0.0653108 0.427551 0.431875 -0.189533 0.881794 -1.56267 2.16153 0.416032</i>
                        <i>0.0718386 0.967462 0.242605 -0.8817 -0.0521186 0.468922 0.466308 -0.247592 0.849267 -1.54904 2.16167 0.430359</i>
                        <i>0.120356 0.95227 0.280528 -0.863627 -0.0389161 0.502627 0.489554 -0.302766 0.817722 -1.53835 2.16046 0.445922</i>
                        <i>0.157571 0.939219 0.305025 -0.8488 -0.0290469 0.527916 0.504689 -0.342089 0.792631 -1.53087 2.15939 0.455721</i>
                        <i>0.176223 0.931453 0.318341 -0.841027 -0.0255726 0.540389 0.511488 -0.362963 0.77887 -1.53023 2.15969 0.459761</i>
                        <i>0.180599 0.927205 0.328137 -0.842294 -0.0264676 0.538369 0.507864 -0.373617 0.776199 -1.53699 2.15996 0.462573</i>
                        <i>0.176753 0.925533 0.334883 -0.851142 -0.0271354 0.524234 0.494283 -0.377693 0.782964 -1.54675 2.15797 0.463946</i>
                        <i>0.171132 0.925495 0.337894 -0.865541 -0.0226211 0.500327 0.470693 -0.378083 0.797183 -1.55501 2.15145 0.463589</i>
                        <i>0.170582 0.926833 0.334489 -0.881087 -0.00849633 0.472878 0.44112 -0.375378 0.815171 -1.56087 2.13828 0.458947</i>
                        <i>0.173312 0.930054 0.323979 -0.896483 0.0127767 0.442894 0.407776 -0.367201 0.835992 -1.56644 2.12016 0.450355</i>
                        <i>0.172969 0.935469 0.308186 -0.913884 0.03575 0.404399 0.367285 -0.351595 0.861094 -1.57159 2.10057 0.441844</i>
                        <i>0.163564 0.943282 0.288903 -0.935107 0.054925 0.350084 0.31436 -0.327416 0.891053 -1.57614 2.08308 0.43754</i>
                        <i>0.139154 0.953058 0.268918 -0.960505 0.0638182 0.270847 0.240971 -0.295986 0.924297 -1.57988 2.07148 0.441838</i>
                        <i>0.0911519 0.965352 0.244514 -0.98779 0.0564957 0.145189 0.126344 -0.254762 0.958714 -1.5835 2.06634 0.459504</i>
                        <i>0.0271784 0.976153 0.215374 -0.999164 0.0331118 -0.0239888 -0.0305481 -0.214542 0.976237 -1.58669 2.06543 0.48921</i>
                        <i>-0.0393833 0.980576 0.192148 -0.978848 0.000776201 -0.20459 -0.200765 -0.196141 0.959803 -1.58875 2.06854 0.525772</i>
                        <i>-0.101022 0.97794 0.182831 -0.931832 -0.0286261 -0.361759 -0.348545 -0.206914 0.914168 -1.58963 2.07503 0.562112</i>
                        <i>-0.152711 0.96973 0.190531 -0.883154 -0.0473838 -0.466684 -0.443529 -0.239536 0.863658 -1.58869 2.08379 0.589341</i>
                        <i>-0.200509 0.95559 0.21597 -0.852221 -0.0613938 -0.519567 -0.483234 -0.288232 0.826685 -1.5844 2.09806 0.603954</i>
                        <i>-0.25061 0.933916 0.254942 -0.836951 -0.076666 -0.541881 -0.486526 -0.349175 0.800856 -1.57721 2.1181 0.610595</i>
                        <i>-0.295697 0.906171 0.302353 -0.835217 -0.0916218 -0.542235 -0.463655 -0.412868 0.783942 -1.56859 2.13847 0.612323</i>
                        <i>-0.328675 0.875643 0.353866 -0.843119 -0.1032 -0.527732 -0.425586 -0.471803 0.77219 -1.56009 2.154 0.612365</i>
                        <i>-0.344184 0.847116 0.404885 -0.856724 -0.106925 -0.50457 -0.384137 -0.52054 0.762547 -1.55351 2.15976 0.613828</i>
                        <i>-0.332868 0.822854 0.460555 -0.881736 -0.0984667 -0.461353 -0.334277 -0.559657 0.758316 -1.54881 2.15694 0.614427</i>
                        <i>-0.29318 0.799309 0.524549 -0.916657 -0.0791255 -0.391765 -0.271636 -0.595689 0.75589 -1.5446 2.14901 0.612107</i>
                        <i>-0.236081 0.773188 0.588597 -0.949041 -0.0533207 -0.310609 -0.208775 -0.631932 0.746375 -1.54096 2.13436 0.610137</i>
                        <i>-0.177351 0.74321 0.645125 -0.971562 -0.0277218 -0.235156 -0.156886 -0.668484 0.726991 -1.53799 2.11152 0.611894</i>
                        <i>-0.13677 0.711569 0.689176 -0.982825 -0.0104616 -0.184244 -0.123892 -0.702539 0.700778 -1.53576 2.07916 0.620895</i>
                        <i>-0.119759 0.682867 0.72066 -0.986946 -0.00315284 -0.161022 -0.107685 -0.730536 0.67433 -1.53439 2.02876 0.638959</i>
                        <i>-0.115501 0.657817 0.744269 -0.988275 -0.000776026 -0.152682 -0.0998591 -0.753177 0.650194 -1.53386 1.96055 0.663519</i>
                        <i>-0.120285 0.634345 0.763635 -0.988026 -0.00162902 -0.154277 -0.0966208 -0.773048 0.626946 -1.53394 1.88646 0.691573</i>
                        <i>-0.129841 0.609777 0.781866 -0.986981 -0.00399528 -0.160788 -0.094921 -0.792563 0.602357 -1.53442 1.81842 0.72011</i>
                        <i>-0.139616 0.581094 0.801771 -0.985906 -0.00619935 -0.167187 -0.0921811 -0.813813 0.573769 -1.53506 1.7683 0.746111</i>
                        <i>-0.144802 0.544992 0.825842 -0.985687 -0.00662686 -0.168456 -0.0863345 -0.838415 0.538151 -1.5356 1.74799 0.766555</i>
                        <i>-0.146255 0.479926 0.865032 -0.986425 -0.00474685 -0.164146 -0.0746716 -0.877296 0.474105 -1.53648 1.77342 0.782481</i>
                        <i>-0.1469 0.384618 0.911312 -0.987395 -0.00213776 -0.158263 -0.0589225 -0.923073 0.380084 -1.53784 1.83788 0.795682</i>
                        <i>-0.146048 0.29074 0.94559 -0.988281 2.08038e-005 -0.152648 -0.0444005 -0.956802 0.287329 -1.53909 1.91999 0.804367</i>
                        <i>-0.144944 0.235106 0.961102 -0.988776 0.00116275 -0.149402 -0.036243 -0.971969 0.232299 -1.53979 1.99985 0.807171</i>
                        <i>-0.145494 0.255087 0.955909 -0.988577 0.000922807 -0.150713 -0.0393269 -0.966918 0.252039 -1.5396 2.0581 0.803036</i>
                        <i>-0.153804 0.383803 0.910516 -0.986181 -0.00220016 -0.165657 -0.0615765 -0.923412 0.378838 -1.54156 2.09395 0.78748</i>
                        <i>-0.161747 0.581364 0.797405 -0.981335 -0.0095855 -0.192068 -0.104018 -0.813587 0.572063 -1.54502 2.11702 0.760485</i>
                        <i>-0.152531 0.771256 0.61798 -0.976377 -0.020766 -0.215075 -0.153045 -0.636187 0.756204 -1.54492 2.1244 0.728836</i>
                        <i>-0.125019 0.899837 0.417928 -0.974733 -0.0328037 -0.220953 -0.185112 -0.434991 0.881201 -1.53832 2.11819 0.70036</i>
                        <i>-0.09431 0.958483 0.269104 -0.979323 -0.0407254 -0.198159 -0.178973 -0.282228 0.942505 -1.52351 2.10594 0.681511</i>
                        <i>-0.0680218 0.976582 0.204111 -0.988979 -0.0390359 -0.142816 -0.131504 -0.211576 0.968474 -1.49846 2.085 0.674849</i>
                        <i>-0.0411281 0.980426 0.192546 -0.997569 -0.0294448 -0.0631521 -0.0562465 -0.194676 0.979254 -1.46499 2.05332 0.676173</i>
                        <i>-0.010436 0.977587 0.210273 -0.999308 -0.0177041 0.0327124 0.0357019 -0.209786 0.977095 -1.42647 2.02112 0.680333</i>
                        <i>0.0218363 0.972771 0.230737 -0.990607 -0.010108 0.136363 0.134983 -0.231547 0.963414 -1.38638 1.99796 0.681981</i>
                        <i>0.0434779 0.972667 0.228097 -0.970939 -0.0126453 0.238994 0.235346 -0.231859 0.94385 -1.34886 1.99315 0.675333</i>
                        <i>0.0416258 0.978624 0.201403 -0.93673 -0.031898 0.348595 0.347568 -0.203171 0.915379 -1.31135 2.01409 0.656016</i>
                        <i>0.0209907 0.985924 0.165872 -0.883016 -0.0595252 0.465554 0.468874 -0.15624 0.869337 -1.26957 2.0537 0.627006</i>
                        <i>-0.0101172 0.992056 0.12539 -0.816596 -0.0805696 0.571559 0.577121 -0.0966105 0.810924 -1.22676 2.10035 0.593369</i>
                        <i>-0.0401017 0.995477 0.0861266 -0.751455 -0.0868579 0.654042 0.658564 -0.0384921 0.751539 -1.18756 2.14321 0.561112</i>
                        <i>-0.0546631 0.997004 0.0547315 -0.703105 -0.0773535 0.706866 0.708982 0.000157483 0.705227 -1.1575 2.1717 0.537627</i>
                        <i>-0.0428153 0.998551 0.0325973 -0.680006 -0.0530294 0.731287 0.731956 0.00914393 0.681291 -1.13963 2.18342 0.526057</i>
                        <i>-0.0105743 0.999819 0.0158066 -0.67513 -0.0187991 0.737459 0.737623 -0.0028734 0.675207 -1.1311 2.18544 0.522251</i>
                        <i>0.0313243 0.999508 0.0017557 -0.678926 0.0199881 0.733935 0.733539 -0.024182 0.679217 -1.12847 2.18148 0.523074</i>
                        <i>0.0710926 0.997414 -0.0105246 -0.683403 0.0563911 0.72786 0.726571 -0.0445529 0.685645 -1.12832 2.17563 0.525353</i>
                        <i>0.0962256 0.995168 -0.0195112 -0.683154 0.080287 0.725847 0.723907 -0.056516 0.687579 -1.12726 2.17243 0.526101</i>
                        <i>0.103833 0.99424 -0.0265468 -0.673581 0.0899334 0.733621 0.731784 -0.0582929 0.67904 -1.12009 2.17645 0.52434</i>
                        <i>0.102276 0.994202 -0.0332051 -0.657651 0.0926231 0.747607 0.746347 -0.0546245 0.663311 -1.10786 2.18568 0.521783</i>
                        <i>0.0960094 0.994669 -0.0376325 -0.642863 0.0908275 0.760577 0.75994 -0.04883 0.648156 -1.09652 2.19501 0.519547</i>
                        <i>0.0899088 0.995213 -0.0383085 -0.637077 0.0870348 0.765871 0.765539 -0.0444531 0.641852 -1.09199 2.1993 0.518745</i>
                        <i>0.0887657 0.995495 -0.0333282 -0.648222 0.0831405 0.756899 0.75626 -0.0455826 0.652682 -1.10021 2.19347 0.520524</i>
                        <i>0.0962256 0.995168 -0.0195112 -0.683154 0.080287 0.725847 0.723907 -0.056516 0.687579 -1.12726 2.17243 0.526101</i>
                        <i>0.108044 0.994137 0.00416286 -0.735183 0.0770802 0.673472 0.669203 -0.0758248 0.739201 -1.17042 2.13863 0.534964</i>
                        <i>0.116758 0.992509 0.0359564 -0.791479 0.0711171 0.607045 0.59994 -0.0993361 0.793854 -1.222 2.0986 0.545573</i>
                        <i>0.119291 0.989966 0.0757473 -0.847637 0.0618199 0.526963 0.516992 -0.127068 0.846506 -1.28082 2.05342 0.557592</i>
                        <i>0.112839 0.986035 0.122488 -0.899397 0.0489643 0.434382 0.422318 -0.15918 0.892362 -1.34565 2.00412 0.570614</i>
                        <i>0.095243 0.980088 0.17423 -0.942952 0.0327367 0.331314 0.319013 -0.195846 0.927294 -1.41515 1.95175 0.584178</i>
                        <i>0.0653089 0.97139 0.228334 -0.975273 0.0137218 0.220576 0.211132 -0.237093 0.948267 -1.48785 1.89736 0.597807</i>
                        <i>0.0230087 0.9592 0.281791 -0.994381 -0.00717616 0.10562 0.103333 -0.282638 0.953645 -1.5622 1.842 0.611046</i>
                        <i>-0.0304557 0.942924 0.331611 -0.999536 -0.0288612 -0.00973308 0.000393141 -0.331754 0.943366 -1.63653 1.78675 0.623507</i>
                        <i>-0.0927359 0.922293 0.375201 -0.991306 -0.0501974 -0.121623 -0.0933376 -0.383218 0.91893 -1.70914 1.73272 0.634895</i>
                        <i>-0.160549 0.897528 0.410692 -0.97149 -0.070153 -0.226465 -0.174447 -0.435341 0.883202 -1.77832 1.68106 0.645016</i>
                        <i>-0.160549 0.897528 0.410692 -0.97149 -0.070153 -0.226465 -0.174447 -0.435341 0.883202 -1.77832 1.68106 0.645016</i>
                        <i>-0.160549 0.897528 0.410692 -0.97149 -0.070153 -0.226465 -0.174447 -0.435341 0.883202 -1.77832 1.68106 0.645016</i>
                        <i>-0.160549 0.897528 0.410692 -0.97149 -0.070153 -0.226465 -0.174447 -0.435341 0.883202 -1.77832 1.68106 0.645016</i>
                        <i>-0.160549 0.897528 0.410692 -0.97149 -0.070153 -0.226465 -0.174447 -0.435341 0.883202 -1.77832 1.68106 0.645016</i>
                        <i>-0.160549 0.897528 0.410692 -0.97149 -0.070153 -0.226465 -0.174447 -0.435341 0.883202 -1.77832 1.68106 0.645016</i>
                        <i>-0.160549 0.897528 0.410692 -0.97149 -0.070153 -0.226465 -0.174447 -0.435341 0.883202 -1.77832 1.68106 0.645016</i>
                        <i>-0.160549 0.897528 0.410692 -0.97149 -0.070153 -0.226465 -0.174447 -0.435341 0.883202 -1.77832 1.68106 0.645016</i>
                        <i>-0.160549 0.897528 0.410692 -0.97149 -0.070153 -0.226465 -0.174447 -0.435341 0.883202 -1.77832 1.68106 0.645016</i>
                        <i>-0.160549 0.897528 0.410692 -0.97149 -0.070153 -0.226465 -0.174447 -0.435341 0.883202 -1.77832 1.68106 0.645016</i>
                        <i>-0.160549 0.897528 0.410692 -0.97149 -0.070153 -0.226465 -0.174447 -0.435341 0.883202 -1.77832 1.68106 0.645016</i>
                        <i>-0.160549 0.897528 0.410692 -0.97149 -0.070153 -0.226465 -0.174447 -0.435341 0.883202 -1.77832 1.68106 0.645016</i>
                        <i>-0.160549 0.897528 0.410692 -0.97149 -0.070153 -0.226465 -0.174447 -0.435341 0.883202 -1.77832 1.68106 0.645016</i>
                        <i>-0.160549 0.897528 0.410692 -0.97149 -0.070153 -0.226465 -0.174447 -0.435341 0.883202 -1.77832 1.68106 0.645016</i>
                        <i>-0.160549 0.897528 0.410692 -0.97149 -0.070153 -0.226465 -0.174447 -0.435341 0.883202 -1.77832 1.68106 0.645016</i>
                        <i>-0.160549 0.897528 0.410692 -0.97149 -0.070153 -0.226465 -0.174447 -0.435341 0.883202 -1.77832 1.68106 0.645016</i>
                        <i>-0.160549 0.897528 0.410692 -0.97149 -0.070153 -0.226465 -0.174447 -0.435341 0.883202 -1.77832 1.68106 0.645016</i>
                        <i>-0.160549 0.897528 0.410692 -0.97149 -0.070153 -0.226465 -0.174447 -0.435341 0.883202 -1.77832 1.68106 0.645016</i>
                        <i>-0.160549 0.897528 0.410692 -0.97149 -0.070153 -0.226465 -0.174447 -0.435341 0.883202 -1.77832 1.68106 0.645016</i>
                        <i>-0.160549 0.897528 0.410692 -0.97149 -0.070153 -0.226465 -0.174447 -0.435341 0.883202 -1.77832 1.68106 0.645016</i>
                        <i>-0.160549 0.897528 0.410692 -0.97149 -0.070153 -0.226465 -0.174447 -0.435341 0.883202 -1.77832 1.68106 0.645016</i>
                        <i>-0.160549 0.897528 0.410692 -0.97149 -0.070153 -0.226465 -0.174447 -0.435341 0.883202 -1.77832 1.68106 0.645016</i>
                        <i>-0.160549 0.897528 0.410692 -0.97149 -0.070153 -0.226465 -0.174447 -0.435341 0.883202 -1.77832 1.68106 0.645016</i>
                        <i>-0.160549 0.897528 0.410692 -0.97149 -0.070153 -0.226465 -0.174447 -0.435341 0.883202 -1.77832 1.68106 0.645016</i>
                        <i>-0.160549 0.897528 0.410692 -0.97149 -0.070153 -0.226465 -0.174447 -0.435341 0.883202 -1.77832 1.68106 0.645016</i>
                        <i>-0.160549 0.897528 0.410692 -0.97149 -0.070153 -0.226465 -0.174447 -0.435341 0.883202 -1.77832 1.68106 0.645016</i>
                        <i>-0.160549 0.897528 0.410692 -0.97149 -0.070153 -0.226465 -0.174447 -0.435341 0.883202 -1.77832 1.68106 0.645016</i>
                        <i>-0.160549 0.897528 0.410692 -0.97149 -0.070153 -0.226465 -0.174447 -0.435341 0.883202 -1.77832 1.68106 0.645016</i>
                        <i>-0.160549 0.897528 0.410692 -0.97149 -0.070153 -0.226465 -0.174447 -0.435341 0.883202 -1.77832 1.68106 0.645016</i>
                        <i>-0.160549 0.897528 0.410692 -0.97149 -0.070153 -0.226465 -0.174447 -0.435341 0.883202 -1.77832 1.68106 0.645016</i>
                        <i>-0.160549 0.897528 0.410692 -0.97149 -0.070153 -0.226465 -0.174447 -0.435341 0.883202 -1.77832 1.68106 0.645016</i>
                    </KeyFrames>
                </p>
            </i>
            <i>
                <p>
                    <Name><![CDATA[spine1]]></Name>
                    <Exclude>0</Exclude>
                    <Additive>0</Additive>
                    <IKPriority>0</IKPriority>
                    <IKRotLimits>-1e+010 -1e+010 -1e+010 1e+010 1e+010 1e+010</IKRotLimits>
                    <IKRotLimitOrder>0</IKRotLimitOrder>
                    <KeyFrames count="131">
                        <i>-0.11118 0.546674 0.829931 -0.975297 0.100378 -0.196773 -0.190877 -0.831307 0.52201 -1.80731 1.84322 0.719153</i>
                        <i>-0.0993616 0.60849 0.787316 -0.974027 0.102312 -0.201998 -0.203466 -0.786938 0.58252 -1.80534 1.84132 0.710409</i>
                        <i>-0.0844433 0.675584 0.732431 -0.97247 0.104342 -0.208362 -0.217189 -0.729862 0.648174 -1.80282 1.8353 0.698798</i>
                        <i>-0.0680013 0.737358 0.672071 -0.970889 0.106167 -0.214717 -0.229675 -0.667107 0.708673 -1.80031 1.82881 0.687304</i>
