<?xml version="1.0" encoding="ISO-8859-1" ?>
<Animl Version="1">
    <ModellingPackage><![CDATA[Maya.2010]]></ModellingPackage>
    <SrcFile><![CDATA[anims\turrets\machinegun\blue\~src\mgun_m2browning\mgun_m2browning_idle_crewman_c.mb]]></SrcFile>
    <FramesPerSecond>30</FramesPerSecond>
    <TotalFrames>97</TotalFrames>
    <Skeleton>
        <RefFrame>
            <Name><![CDATA[soldier_ref_frame]]></Name>
            <Exclude>0</Exclude>
            <Additive>0</Additive>
            <IKPriority>0</IKPriority>
            <IKRotLimits>-1e+010 -1e+010 -1e+010 1e+010 1e+010 1e+010</IKRotLimits>
            <IKRotLimitOrder>0</IKRotLimitOrder>
            <KeyFrames count="97">
                <i>1 0 0 0 1 0 0 0 1 -0.9862 0.943922 -0.0847335</i>
                <i>1 0 0 0 1 0 0 0 1 -0.9862 0.943922 -0.0847335</i>
                <i>1 0 0 0 1 0 0 0 1 -0.9862 0.943922 -0.0847335</i>
                <i>1 0 0 0 1 0 0 0 1 -0.9862 0.943922 -0.0847335</i>
                <i>1 0 0 0 1 0 0 0 1 -0.9862 0.943922 -0.0847335</i>
                <i>1 0 0 0 1 0 0 0 1 -0.9862 0.943922 -0.0847335</i>
                <i>1 0 0 0 1 0 0 0 1 -0.9862 0.943922 -0.0847335</i>
                <i>1 0 0 0 1 0 0 0 1 -0.9862 0.943922 -0.0847335</i>
                <i>1 0 0 0 1 0 0 0 1 -0.9862 0.943922 -0.0847335</i>
                <i>1 0 0 0 1 0 0 0 1 -0.9862 0.943922 -0.0847335</i>
                <i>1 0 0 0 1 0 0 0 1 -0.9862 0.943922 -0.0847335</i>
                <i>1 0 0 0 1 0 0 0 1 -0.9862 0.943922 -0.0847335</i>
                <i>1 0 0 0 1 0 0 0 1 -0.9862 0.943922 -0.0847335</i>
                <i>1 0 0 0 1 0 0 0 1 -0.9862 0.943922 -0.0847335</i>
                <i>1 0 0 0 1 0 0 0 1 -0.9862 0.943922 -0.0847335</i>
                <i>1 0 0 0 1 0 0 0 1 -0.9862 0.943922 -0.0847335</i>
                <i>1 0 0 0 1 0 0 0 1 -0.9862 0.943922 -0.0847335</i>
                <i>1 0 0 0 1 0 0 0 1 -0.9862 0.943922 -0.0847335</i>
                <i>1 0 0 0 1 0 0 0 1 -0.9862 0.943922 -0.0847335</i>
                <i>1 0 0 0 1 0 0 0 1 -0.9862 0.943922 -0.0847335</i>
                <i>1 0 0 0 1 0 0 0 1 -0.9862 0.943922 -0.0847335</i>
                <i>1 0 0 0 1 0 0 0 1 -0.9862 0.943922 -0.0847335</i>
                <i>1 0 0 0 1 0 0 0 1 -0.9862 0.943922 -0.0847335</i>
                <i>1 0 0 0 1 0 0 0 1 -0.9862 0.943922 -0.0847335</i>
                <i>1 0 0 0 1 0 0 0 1 -0.9862 0.943922 -0.0847335</i>
                <i>1 0 0 0 1 0 0 0 1 -0.9862 0.943922 -0.0847335</i>
                <i>1 0 0 0 1 0 0 0 1 -0.9862 0.943922 -0.0847335</i>
                <i>1 0 0 0 1 0 0 0 1 -0.9862 0.943922 -0.0847335</i>
                <i>1 0 0 0 1 0 0 0 1 -0.9862 0.943922 -0.0847335</i>
                <i>1 0 0 0 1 0 0 0 1 -0.9862 0.943922 -0.0847335</i>
                <i>1 0 0 0 1 0 0 0 1 -0.9862 0.943922 -0.0847335</i>
                <i>1 0 0 0 1 0 0 0 1 -0.9862 0.943922 -0.0847335</i>
                <i>1 0 0 0 1 0 0 0 1 -0.9862 0.943922 -0.0847335</i>
                <i>1 0 0 0 1 0 0 0 1 -0.9862 0.943922 -0.0847335</i>
                <i>1 0 0 0 1 0 0 0 1 -0.9862 0.943922 -0.0847335</i>
                <i>1 0 0 0 1 0 0 0 1 -0.9862 0.943922 -0.0847335</i>
                <i>1 0 0 0 1 0 0 0 1 -0.9862 0.943922 -0.0847335</i>
                <i>1 0 0 0 1 0 0 0 1 -0.9862 0.943922 -0.0847335</i>
                <i>1 0 0 0 1 0 0 0 1 -0.9862 0.943922 -0.0847335</i>
                <i>1 0 0 0 1 0 0 0 1 -0.9862 0.943922 -0.0847335</i>
                <i>1 0 0 0 1 0 0 0 1 -0.9862 0.943922 -0.0847335</i>
                <i>1 0 0 0 1 0 0 0 1 -0.9862 0.943922 -0.0847335</i>
                <i>1 0 0 0 1 0 0 0 1 -0.9862 0.943922 -0.0847335</i>
                <i>1 0 0 0 1 0 0 0 1 -0.9862 0.943922 -0.0847335</i>
                <i>1 0 0 0 1 0 0 0 1 -0.9862 0.943922 -0.0847335</i>
                <i>1 0 0 0 1 0 0 0 1 -0.9862 0.943922 -0.0847335</i>
                <i>1 0 0 0 1 0 0 0 1 -0.9862 0.943922 -0.0847335</i>
                <i>1 0 0 0 1 0 0 0 1 -0.9862 0.943922 -0.0847335</i>
                <i>1 0 0 0 1 0 0 0 1 -0.9862 0.943922 -0.0847335</i>
                <i>1 0 0 0 1 0 0 0 1 -0.9862 0.943922 -0.0847335</i>
                <i>1 0 0 0 1 0 0 0 1 -0.9862 0.943922 -0.0847335</i>
                <i>1 0 0 0 1 0 0 0 1 -0.9862 0.943922 -0.0847335</i>
                <i>1 0 0 0 1 0 0 0 1 -0.9862 0.943922 -0.0847335</i>
                <i>1 0 0 0 1 0 0 0 1 -0.9862 0.943922 -0.0847335</i>
                <i>1 0 0 0 1 0 0 0 1 -0.9862 0.943922 -0.0847335</i>
                <i>1 0 0 0 1 0 0 0 1 -0.9862 0.943922 -0.0847335</i>
                <i>1 0 0 0 1 0 0 0 1 -0.9862 0.943922 -0.0847335</i>
                <i>1 0 0 0 1 0 0 0 1 -0.9862 0.943922 -0.0847335</i>
                <i>1 0 0 0 1 0 0 0 1 -0.9862 0.943922 -0.0847335</i>
                <i>1 0 0 0 1 0 0 0 1 -0.9862 0.943922 -0.0847335</i>
                <i>1 0 0 0 1 0 0 0 1 -0.9862 0.943922 -0.0847335</i>
                <i>1 0 0 0 1 0 0 0 1 -0.9862 0.943922 -0.0847335</i>
                <i>1 0 0 0 1 0 0 0 1 -0.9862 0.943922 -0.0847335</i>
                <i>1 0 0 0 1 0 0 0 1 -0.9862 0.943922 -0.0847335</i>
                <i>1 0 0 0 1 0 0 0 1 -0.9862 0.943922 -0.0847335</i>
                <i>1 0 0 0 1 0 0 0 1 -0.9862 0.943922 -0.0847335</i>
                <i>1 0 0 0 1 0 0 0 1 -0.9862 0.943922 -0.0847335</i>
                <i>1 0 0 0 1 0 0 0 1 -0.9862 0.943922 -0.0847335</i>
                <i>1 0 0 0 1 0 0 0 1 -0.9862 0.943922 -0.0847335</i>
                <i>1 0 0 0 1 0 0 0 1 -0.9862 0.943922 -0.0847335</i>
                <i>1 0 0 0 1 0 0 0 1 -0.9862 0.943922 -0.0847335</i>
                <i>1 0 0 0 1 0 0 0 1 -0.9862 0.943922 -0.0847335</i>
                <i>1 0 0 0 1 0 0 0 1 -0.9862 0.943922 -0.0847335</i>
                <i>1 0 0 0 1 0 0 0 1 -0.9862 0.943922 -0.0847335</i>
                <i>1 0 0 0 1 0 0 0 1 -0.9862 0.943922 -0.0847335</i>
                <i>1 0 0 0 1 0 0 0 1 -0.9862 0.943922 -0.0847335</i>
                <i>1 0 0 0 1 0 0 0 1 -0.9862 0.943922 -0.0847335</i>
                <i>1 0 0 0 1 0 0 0 1 -0.9862 0.943922 -0.0847335</i>
                <i>1 0 0 0 1 0 0 0 1 -0.9862 0.943922 -0.0847335</i>
                <i>1 0 0 0 1 0 0 0 1 -0.9862 0.943922 -0.0847335</i>
                <i>1 0 0 0 1 0 0 0 1 -0.9862 0.943922 -0.0847335</i>
                <i>1 0 0 0 1 0 0 0 1 -0.9862 0.943922 -0.0847335</i>
                <i>1 0 0 0 1 0 0 0 1 -0.9862 0.943922 -0.0847335</i>
                <i>1 0 0 0 1 0 0 0 1 -0.9862 0.943922 -0.0847335</i>
                <i>1 0 0 0 1 0 0 0 1 -0.9862 0.943922 -0.0847335</i>
                <i>1 0 0 0 1 0 0 0 1 -0.9862 0.943922 -0.0847335</i>
                <i>1 0 0 0 1 0 0 0 1 -0.9862 0.943922 -0.0847335</i>
                <i>1 0 0 0 1 0 0 0 1 -0.9862 0.943922 -0.0847335</i>
                <i>1 0 0 0 1 0 0 0 1 -0.9862 0.943922 -0.0847335</i>
                <i>1 0 0 0 1 0 0 0 1 -0.9862 0.943922 -0.0847335</i>
                <i>1 0 0 0 1 0 0 0 1 -0.9862 0.943922 -0.0847335</i>
                <i>1 0 0 0 1 0 0 0 1 -0.9862 0.943922 -0.0847335</i>
                <i>1 0 0 0 1 0 0 0 1 -0.9862 0.943922 -0.0847335</i>
                <i>1 0 0 0 1 0 0 0 1 -0.9862 0.943922 -0.0847335</i>
                <i>1 0 0 0 1 0 0 0 1 -0.9862 0.943922 -0.0847335</i>
                <i>1 0 0 0 1 0 0 0 1 -0.9862 0.943922 -0.0847335</i>
                <i>1 0 0 0 1 0 0 0 1 -0.9862 0.943922 -0.0847335</i>
            </KeyFrames>
        </RefFrame>
        <Bones count="23">
            <i>
                <p>
                    <Name><![CDATA[pelvis]]></Name>
                    <Exclude>0</Exclude>
                    <Additive>0</Additive>
                    <IKPriority>0</IKPriority>
                    <IKRotLimits>-1e+010 -1e+010 -1e+010 1e+010 1e+010 1e+010</IKRotLimits>
                    <IKRotLimitOrder>2</IKRotLimitOrder>
                    <KeyFrames count="97">
                        <i>1 0 0 0 1 0 0 0 1 -0.9862 1.54306 -0.0847335</i>
                        <i>1 0 0 0 1 0 0 0 1 -0.986176 1.54306 -0.0847335</i>
                        <i>1 0 0 0 1 0 0 0 1 -0.986104 1.54306 -0.0847335</i>
                        <i>1 0 0 0 1 0 0 0 1 -0.985986 1.54306 -0.0847335</i>
                        <i>1 0 0 0 1 0 0 0 1 -0.985823 1.54306 -0.0847335</i>
                        <i>1 0 0 0 1 0 0 0 1 -0.985617 1.54306 -0.0847335</i>
                        <i>1 0 0 0 1 0 0 0 1 -0.985369 1.54306 -0.0847335</i>
                        <i>1 0 0 0 1 0 0 0 1 -0.98508 1.54306 -0.0847335</i>
                        <i>1 0 0 0 1 0 0 0 1 -0.984751 1.54306 -0.0847335</i>
                        <i>1 0 0 0 1 0 0 0 1 -0.984384 1.54306 -0.0847335</i>
                        <i>1 0 0 0 1 0 0 0 1 -0.983981 1.54306 -0.0847335</i>
                        <i>1 0 0 0 1 0 0 0 1 -0.983543 1.54306 -0.0847335</i>
                        <i>1 0 0 0 1 0 0 0 1 -0.98307 1.54306 -0.0847335</i>
                        <i>1 0 0 0 1 0 0 0 1 -0.982565 1.54306 -0.0847335</i>
                        <i>1 0 0 0 1 0 0 0 1 -0.982028 1.54306 -0.0847335</i>
                        <i>1 0 0 0 1 0 0 0 1 -0.981462 1.54306 -0.0847335</i>
                        <i>1 0 0 0 1 0 0 0 1 -0.980867 1.54306 -0.0847335</i>
                        <i>1 0 0 0 1 0 0 0 1 -0.980245 1.54306 -0.0847335</i>
                        <i>1 0 0 0 1 0 0 0 1 -0.979597 1.54306 -0.0847335</i>
                        <i>1 0 0 0 1 0 0 0 1 -0.978925 1.54306 -0.0847335</i>
                        <i>1 0 0 0 1 0 0 0 1 -0.97823 1.54306 -0.0847335</i>
                        <i>1 0 0 0 1 0 0 0 1 -0.977513 1.54306 -0.0847335</i>
                        <i>1 0 0 0 1 0 0 0 1 -0.976775 1.54306 -0.0847335</i>
                        <i>1 0 0 0 1 0 0 0 1 -0.976019 1.54306 -0.0847335</i>
                        <i>1 0 0 0 1 0 0 0 1 -0.975245 1.54306 -0.0847335</i>
                        <i>1 0 0 0 1 0 0 0 1 -0.974454 1.54306 -0.0847335</i>
                        <i>1 0 0 0 1 0 0 0 1 -0.973649 1.54306 -0.0847335</i>
                        <i>1 0 0 0 1 0 0 0 1 -0.97283 1.54306 -0.0847335</i>
                        <i>1 0 0 0 1 0 0 0 1 -0.971999 1.54306 -0.0847335</i>
                        <i>1 0 0 0 1 0 0 0 1 -0.971156 1.54306 -0.0847335</i>
                        <i>1 0 0 0 1 0 0 0 1 -0.970305 1.54306 -0.0847335</i>
                        <i>1 0 0 0 1 0 0 0 1 -0.969445 1.54306 -0.0847335</i>
                        <i>1 0 0 0 1 0 0 0 1 -0.968579 1.54306 -0.0847335</i>
                        <i>1 0 0 0 1 0 0 0 1 -0.967707 1.54306 -0.0847335</i>
                        <i>1 0 0 0 1 0 0 0 1 -0.96683 1.54306 -0.0847335</i>
                        <i>1 0 0 0 1 0 0 0 1 -0.965952 1.54306 -0.0847335</i>
                        <i>1 0 0 0 1 0 0 0 1 -0.965072 1.54306 -0.0847335</i>
                        <i>1 0 0 0 1 0 0 0 1 -0.964191 1.54306 -0.0847335</i>
                        <i>1 0 0 0 1 0 0 0 1 -0.963313 1.54306 -0.0847335</i>
                        <i>1 0 0 0 1 0 0 0 1 -0.962437 1.54306 -0.0847335</i>
                        <i>1 0 0 0 1 0 0 0 1 -0.961565 1.54306 -0.0847335</i>
                        <i>1 0 0 0 1 0 0 0 1 -0.960698 1.54306 -0.0847335</i>
                        <i>1 0 0 0 1 0 0 0 1 -0.959838 1.54306 -0.0847335</i>
                        <i>1 0 0 0 1 0 0 0 1 -0.958987 1.54306 -0.0847335</i>
                        <i>1 0 0 0 1 0 0 0 1 -0.958145 1.54306 -0.0847335</i>
                        <i>1 0 0 0 1 0 0 0 1 -0.957313 1.54306 -0.0847335</i>
                        <i>1 0 0 0 1 0 0 0 1 -0.956494 1.54306 -0.0847335</i>
                        <i>1 0 0 0 1 0 0 0 1 -0.955689 1.54306 -0.0847335</i>
                        <i>1 0 0 0 1 0 0 0 1 -0.954899 1.54306 -0.0847335</i>
                        <i>1 0 0 0 1 0 0 0 1 -0.954124 1.54306 -0.0847335</i>
                        <i>1 0 0 0 1 0 0 0 1 -0.953368 1.54306 -0.0847335</i>
                        <i>1 0 0 0 1 0 0 0 1 -0.95263 1.54306 -0.0847335</i>
                        <i>1 0 0 0 1 0 0 0 1 -0.951913 1.54306 -0.0847335</i>
                        <i>1 0 0 0 1 0 0 0 1 -0.951218 1.54306 -0.0847335</i>
                        <i>1 0 0 0 1 0 0 0 1 -0.950546 1.54306 -0.0847335</i>
                        <i>1 0 0 0 1 0 0 0 1 -0.949898 1.54306 -0.0847335</i>
                        <i>1 0 0 0 1 0 0 0 1 -0.949276 1.54306 -0.0847335</i>
                        <i>1 0 0 0 1 0 0 0 1 -0.948681 1.54306 -0.0847335</i>
                        <i>1 0 0 0 1 0 0 0 1 -0.948115 1.54306 -0.0847335</i>
                        <i>1 0 0 0 1 0 0 0 1 -0.947578 1.54306 -0.0847335</i>
                        <i>1 0 0 0 1 0 0 0 1 -0.947073 1.54306 -0.0847335</i>
                        <i>1 0 0 0 1 0 0 0 1 -0.946601 1.54306 -0.0847335</i>
                        <i>1 0 0 0 1 0 0 0 1 -0.946162 1.54306 -0.0847335</i>
                        <i>1 0 0 0 1 0 0 0 1 -0.945759 1.54306 -0.0847335</i>
                        <i>1 0 0 0 1 0 0 0 1 -0.945392 1.54306 -0.0847335</i>
                        <i>1 0 0 0 1 0 0 0 1 -0.945064 1.54306 -0.0847335</i>
                        <i>1 0 0 0 1 0 0 0 1 -0.944774 1.54306 -0.0847335</i>
                        <i>1 0 0 0 1 0 0 0 1 -0.944526 1.54306 -0.0847335</i>
                        <i>1 0 0 0 1 0 0 0 1 -0.94432 1.54306 -0.0847335</i>
                        <i>1 0 0 0 1 0 0 0 1 -0.944157 1.54306 -0.0847335</i>
                        <i>1 0 0 0 1 0 0 0 1 -0.944039 1.54306 -0.0847335</i>
                        <i>1 0 0 0 1 0 0 0 1 -0.943967 1.54306 -0.0847335</i>
                        <i>1 0 0 0 1 0 0 0 1 -0.943943 1.54306 -0.0847335</i>
                        <i>1 0 0 0 1 0 0 0 1 -0.944157 1.54306 -0.0847335</i>
                        <i>1 0 0 0 1 0 0 0 1 -0.944774 1.54306 -0.0847335</i>
                        <i>1 0 0 0 1 0 0 0 1 -0.945759 1.54306 -0.0847335</i>
                        <i>1 0 0 0 1 0 0 0 1 -0.947073 1.54306 -0.0847335</i>
                        <i>1 0 0 0 1 0 0 0 1 -0.948681 1.54306 -0.0847335</i>
                        <i>1 0 0 0 1 0 0 0 1 -0.950546 1.54306 -0.0847335</i>
                        <i>1 0 0 0 1 0 0 0 1 -0.95263 1.54306 -0.0847335</i>
                        <i>1 0 0 0 1 0 0 0 1 -0.954899 1.54306 -0.0847335</i>
                        <i>1 0 0 0 1 0 0 0 1 -0.957313 1.54306 -0.0847335</i>
                        <i>1 0 0 0 1 0 0 0 1 -0.959838 1.54306 -0.0847335</i>
                        <i>1 0 0 0 1 0 0 0 1 -0.962437 1.54306 -0.0847335</i>
                        <i>1 0 0 0 1 0 0 0 1 -0.965072 1.54306 -0.0847335</i>
                        <i>1 0 0 0 1 0 0 0 1 -0.967707 1.54306 -0.0847335</i>
                        <i>1 0 0 0 1 0 0 0 1 -0.970305 1.54306 -0.0847335</i>
                        <i>1 0 0 0 1 0 0 0 1 -0.97283 1.54306 -0.0847335</i>
                        <i>1 0 0 0 1 0 0 0 1 -0.975245 1.54306 -0.0847335</i>
                        <i>1 0 0 0 1 0 0 0 1 -0.977513 1.54306 -0.0847335</i>
                        <i>1 0 0 0 1 0 0 0 1 -0.979597 1.54306 -0.0847335</i>
                        <i>1 0 0 0 1 0 0 0 1 -0.981462 1.54306 -0.0847335</i>
                        <i>1 0 0 0 1 0 0 0 1 -0.98307 1.54306 -0.0847335</i>
                        <i>1 0 0 0 1 0 0 0 1 -0.984384 1.54306 -0.0847335</i>
                        <i>1 0 0 0 1 0 0 0 1 -0.985369 1.54306 -0.0847335</i>
                        <i>1 0 0 0 1 0 0 0 1 -0.985986 1.54306 -0.0847335</i>
                        <i>1 0 0 0 1 0 0 0 1 -0.9862 1.54306 -0.0847335</i>
                    </KeyFrames>
                </p>
            </i>
            <i>
                <p>
                    <Name><![CDATA[spine0]]></Name>
                    <Exclude>0</Exclude>
                    <Additive>0</Additive>
                    <IKPriority>0</IKPriority>
                    <IKRotLimits>-1e+010 -1e+010 -1e+010 1e+010 1e+010 1e+010</IKRotLimits>
                    <IKRotLimitOrder>0</IKRotLimitOrder>
                    <KeyFrames count="97">
                        <i>0.0754564 0.98996 0.119522 -0.733151 -0.0261647 0.679562 0.675867 -0.138905 0.723816 -1.02705 1.67548 -0.123361</i>
                        <i>0.0750687 0.990011 0.11934 -0.734656 -0.0260158 0.67794 0.674273 -0.138566 0.725365 -1.02692 1.67549 -0.123446</i>
                        <i>0.0749333 0.990046 0.119138 -0.736061 -0.0256885 0.676428 0.672755 -0.13838 0.726809 -1.02672 1.6755 -0.123528</i>
                        <i>0.0750424 0.990064 0.118917 -0.737367 -0.0251883 0.675023 0.671312 -0.138341 0.72815 -1.02645 1.67553 -0.123607</i>
                        <i>0.0753879 0.990067 0.118679 -0.738576 -0.0245204 0.673724 0.669941 -0.138444 0.729391 -1.02611 1.67556 -0.123682</i>
                        <i>0.0759622 0.990053 0.118424 -0.739693 -0.0236903 0.672528 0.668644 -0.138684 0.730536 -1.02571 1.6756 -0.123754</i>
                        <i>0.0767576 0.990024 0.118154 -0.740718 -0.0227032 0.671433 0.667417 -0.139056 0.731586 -1.02525 1.67564 -0.123823</i>
                        <i>0.0777666 0.989979 0.11787 -0.741654 -0.0215645 0.670436 0.66626 -0.139556 0.732545 -1.02472 1.67569 -0.123889</i>
                        <i>0.0789818 0.989918 0.117573 -0.742503 -0.0202795 0.669535 0.66517 -0.140179 0.733416 -1.02414 1.67575 -0.123952</i>
                        <i>0.0803958 0.989841 0.117264 -0.743268 -0.0188533 0.668728 0.664145 -0.140921 0.734202 -1.0235 1.67581 -0.124013</i>
                        <i>0.0820014 0.989748 0.116943 -0.74395 -0.0172914 0.668012 0.663185 -0.141777 0.734905 -1.02281 1.67588 -0.12407</i>
                        <i>0.0837913 0.989637 0.116611 -0.744551 -0.0155989 0.667383 0.662286 -0.142744 0.735528 -1.02207 1.67595 -0.124125</i>
                        <i>0.0857584 0.989508 0.116269 -0.745074 -0.0137811 0.66684 0.661446 -0.143816 0.736075 -1.02127 1.67603 -0.124177</i>
                        <i>0.0878957 0.989362 0.115918 -0.745519 -0.0118432 0.666379 0.660663 -0.144991 0.736547 -1.02043 1.67611 -0.124227</i>
                        <i>0.0901961 0.989197 0.115557 -0.745889 -0.00979034 0.665998 0.659935 -0.146263 0.736948 -1.01954 1.6762 -0.124274</i>
                        <i>0.0926528 0.989013 0.115188 -0.746186 -0.00762777 0.665694 0.659259 -0.14763 0.737281 -1.0186 1.67629 -0.124319</i>
                        <i>0.0952589 0.988809 0.114812 -0.746411 -0.00536064 0.665463 0.658632 -0.149088 0.737548 -1.01763 1.67638 -0.124362</i>
                        <i>0.0980073 0.988585 0.114427 -0.746567 -0.00299416 0.665304 0.658052 -0.150632 0.737751 -1.01661 1.67648 -0.124403</i>
                        <i>0.100891 0.98834 0.114036 -0.746654 -0.000533458 0.665212 0.657517 -0.15226 0.737895 -1.01555 1.67658 -0.124442</i>
                        <i>0.103904 0.988074 0.113638 -0.746675 0.00201629 0.665186 0.657024 -0.153967 0.73798 -1.01446 1.67668 -0.124479</i>
                        <i>0.107039 0.987786 0.113234 -0.746632 0.00464994 0.665222 0.65657 -0.155749 0.73801 -1.01334 1.67678 -0.124514</i>
                        <i>0.11029 0.987475 0.112824 -0.746525 0.00736235 0.665317 0.656153 -0.157604 0.737987 -1.01218 1.67689 -0.124548</i>
                        <i>0.113649 0.987141 0.112409 -0.746358 0.0101484 0.665468 0.65577 -0.159527 0.737914 -1.01099 1.67699 -0.12458</i>
                        <i>0.117109 0.986785 0.111989 -0.746131 0.0130029 0.665672 0.655419 -0.161515 0.737793 -1.00977 1.6771 -0.124611</i>
                        <i>0.120665 0.986404 0.111564 -0.745846 0.0159208 0.665928 0.655098 -0.163564 0.737627 -1.00853 1.67721 -0.124641</i>
                        <i>0.12431 0.986 0.111135 -0.745507 0.018897 0.66623 0.654803 -0.165671 0.737419 -1.00726 1.67732 -0.124669</i>
                        <i>0.128036 0.985572 0.110702 -0.745113 0.0219262 0.666578 0.654533 -0.167831 0.73717 -1.00597 1.67743 -0.124696</i>
                        <i>0.131837 0.985119 0.110266 -0.744667 0.0250035 0.666967 0.654286 -0.170043 0.736883 -1.00465 1.67754 -0.124722</i>
                        <i>0.135707 0.984643 0.109826 -0.744172 0.0281237 0.667396 0.654058 -0.1723 0.73656 -1.00332 1.67765 -0.124748</i>
                        <i>0.139639 0.984142 0.109384 -0.743628 0.0312817 0.667861 0.653849 -0.174601 0.736204 -1.00198 1.67776 -0.124772</i>
                        <i>0.143625 0.983618 0.108941 -0.743039 0.0344724 0.66836 0.653655 -0.17694 0.735817 -1.00061 1.67787 -0.124796</i>
                        <i>0.14766 0.983069 0.108495 -0.742405 0.0376907 0.66889 0.653476 -0.179316 0.735402 -0.999241 1.67797 -0.124818</i>
                        <i>0.151737 0.982498 0.108048 -0.741731 0.0409315 0.669448 0.653308 -0.181722 0.734959 -0.997856 1.67808 -0.124841</i>
                        <i>0.155848 0.981903 0.107601 -0.741016 0.0441898 0.670032 0.653151 -0.184157 0.734493 -0.996463 1.67819 -0.124862</i>
                        <i>0.159988 0.981286 0.107153 -0.740264 0.0474604 0.670639 0.653003 -0.186616 0.734004 -0.995064 1.67829 -0.124883</i>
                        <i>0.164149 0.980647 0.106706 -0.739477 0.0507383 0.671267 0.652862 -0.189094 0.733495 -0.993661 1.67839 -0.124904</i>
                        <i>0.168325 0.979988 0.10626 -0.738658 0.0540184 0.671913 0.652726 -0.191589 0.732968 -0.992256 1.67849 -0.124924</i>
                        <i>0.172509 0.979308 0.105815 -0.737808 0.0572957 0.672575 0.652595 -0.194096 0.732425 -0.99085 1.67859 -0.124944</i>
                        <i>0.176694 0.978609 0.105372 -0.73693 0.0605651 0.673251 0.652467 -0.196611 0.731868 -0.989446 1.67869 -0.124963</i>
                        <i>0.180874 0.977893 0.104932 -0.736027 0.0638215 0.673937 0.652341 -0.199131 0.731299 -0.988047 1.67878 -0.124983</i>
                        <i>0.185042 0.977159 0.104495 -0.735101 0.0670601 0.674633 0.652216 -0.20165 0.73072 -0.986654 1.67887 -0.125001</i>
                        <i>0.18919 0.976411 0.104063 -0.734155 0.0702756 0.675335 0.652092 -0.204165 0.730132 -0.985269 1.67896 -0.12502</i>
                        <i>0.193313 0.975648 0.103635 -0.733191 0.0734631 0.676042 0.651966 -0.206672 0.729538 -0.983894 1.67905 -0.125038</i>
                        <i>0.197404 0.974874 0.103212 -0.732213 0.0766176 0.676752 0.65184 -0.209167 0.72894 -0.982533 1.67913 -0.125056</i>
                        <i>0.201455 0.974089 0.102796 -0.731223 0.0797342 0.677462 0.651712 -0.211645 0.728339 -0.981185 1.67921 -0.125074</i>
                        <i>0.20546 0.973295 0.102387 -0.730224 0.0828077 0.678171 0.651582 -0.214102 0.727737 -0.979855 1.67929 -0.125092</i>
                        <i>0.209412 0.972495 0.101985 -0.729219 0.0858334 0.678876 0.651449 -0.216534 0.727136 -0.978544 1.67937 -0.125109</i>
                        <i>0.213305 0.971689 0.101591 -0.728211 0.0888061 0.679575 0.651314 -0.218936 0.726537 -0.977255 1.67944 -0.125126</i>
                        <i>0.217131 0.970882 0.101207 -0.727202 0.091721 0.680268 0.651177 -0.221305 0.725943 -0.975989 1.67951 -0.125143</i>
                        <i>0.220884 0.970074 0.100833 -0.726197 0.0945732 0.680951 0.651036 -0.223636 0.725354 -0.974748 1.67958 -0.125159</i>
                        <i>0.224557 0.969268 0.10047 -0.725197 0.0973576 0.681623 0.650894 -0.225923 0.724773 -0.973535 1.67964 -0.125175</i>
                        <i>0.228143 0.968466 0.100118 -0.724207 0.10007 0.682283 0.65075 -0.228164 0.7242 -0.972352 1.6797 -0.125191</i>
                        <i>0.231635 0.967672 0.0997789 -0.723229 0.102704 0.682929 0.650603 -0.230354 0.723639 -0.971202 1.67976 -0.125207</i>
                        <i>0.235028 0.966887 0.0994534 -0.722267 0.105256 0.683558 0.650456 -0.232487 0.723089 -0.970086 1.67981 -0.125222</i>
                        <i>0.238313 0.966115 0.0991422 -0.721323 0.107721 0.68417 0.650307 -0.23456 0.722552 -0.969006 1.67986 -0.125236</i>
                        <i>0.241484 0.965357 0.0988462 -0.720402 0.110093 0.684763 0.650159 -0.236568 0.722031 -0.967966 1.67991 -0.125251</i>
                        <i>0.244534 0.964618 0.0985664 -0.719506 0.112369 0.685335 0.65001 -0.238507 0.721527 -0.966967 1.67996 -0.125264</i>
                        <i>0.247457 0.963899 0.0983037 -0.718639 0.114543 0.685884 0.649863 -0.240372 0.72104 -0.966011 1.68 -0.125278</i>
                        <i>0.250246 0.963204 0.098059 -0.717805 0.11661 0.68641 0.649718 -0.242159 0.720573 -0.9651 1.68004 -0.12529</i>
                        <i>0.252894 0.962535 0.0978332 -0.717005 0.118566 0.68691 0.649575 -0.243862 0.720127 -0.964237 1.68007 -0.125302</i>
                        <i>0.255394 0.961895 0.0976273 -0.716245 0.120405 0.687383 0.649436 -0.245479 0.719703 -0.963425 1.68011 -0.125314</i>
                        <i>0.257739 0.961288 0.0974423 -0.715527 0.122123 0.687828 0.649301 -0.247003 0.719304 -0.962664 1.68014 -0.125325</i>
                        <i>0.259923 0.960717 0.097279 -0.714854 0.123716 0.688243 0.649171 -0.248431 0.718929 -0.961958 1.68017 -0.125334</i>
                        <i>0.261939 0.960183 0.0971385 -0.714231 0.125177 0.688626 0.649047 -0.249757 0.718581 -0.961309 1.68019 -0.125344</i>
                        <i>0.26378 0.959691 0.0970216 -0.713659 0.126503 0.688975 0.64893 -0.250978 0.718262 -0.960719 1.68021 -0.125352</i>
                        <i>0.26544 0.959243 0.0969293 -0.713144 0.127688 0.689291 0.64882 -0.25209 0.717972 -0.96019 1.68023 -0.125359</i>
                        <i>0.26691 0.958841 0.0968626 -0.712687 0.128728 0.689569 0.648718 -0.253086 0.717713 -0.959724 1.68025 -0.125366</i>
                        <i>0.268186 0.958489 0.0968224 -0.712293 0.129618 0.68981 0.648626 -0.253963 0.717487 -0.959324 1.68027 -0.125372</i>
                        <i>0.269259 0.95819 0.0968097 -0.711964 0.130353 0.690011 0.648542 -0.254717 0.717295 -0.958992 1.68028 -0.125376</i>
                        <i>0.270124 0.957945 0.0968253 -0.711703 0.130928 0.690171 0.648469 -0.255342 0.717139 -0.95873 1.68029 -0.12538</i>
                        <i>0.270772 0.957757 0.0968702 -0.711514 0.131338 0.690288 0.648405 -0.255836 0.717021 -0.95854 1.68029 -0.125383</i>
                        <i>0.271199 0.957629 0.0969452 -0.7114 0.131579 0.69036 0.648353 -0.256191 0.716941 -0.958424 1.6803 -0.125384</i>
                        <i>0.271395 0.957562 0.0970513 -0.711364 0.131645 0.690385 0.64831 -0.256406 0.716903 -0.958385 1.6803 -0.125385</i>
                        <i>0.270494 0.957795 0.0972727 -0.711526 0.130831 0.690372 0.648509 -0.255953 0.716885 -0.958738 1.68029 -0.125372</i>
                        <i>0.26774 0.958527 0.0976817 -0.711986 0.128525 0.690331 0.649147 -0.254377 0.716869 -0.959755 1.68026 -0.125337</i>
                        <i>0.263298 0.959697 0.0982623 -0.712708 0.124861 0.690258 0.65017 -0.251776 0.71686 -0.961375 1.6802 -0.12528</i>
                        <i>0.257332 0.961239 0.0989988 -0.713655 0.119973 0.690147 0.651518 -0.248248 0.716866 -0.963538 1.68013 -0.125204</i>
                        <i>0.250003 0.96308 0.0998756 -0.714787 0.113995 0.689988 0.653129 -0.243889 0.716897 -0.966182 1.68002 -0.125113</i>
                        <i>0.241474 0.96515 0.100877 -0.716064 0.107059 0.689775 0.654937 -0.238797 0.716962 -0.969245 1.6799 -0.125009</i>
                        <i>0.231908 0.967377 0.101987 -0.717447 0.099301 0.689499 0.656878 -0.233071 0.71707 -0.972665 1.67974 -0.124894</i>
                        <i>0.221469 0.969692 0.103189 -0.718897 0.0908542 0.689154 0.658892 -0.226808 0.71723 -0.976381 1.67956 -0.124771</i>
                        <i>0.210325 0.972034 0.104465 -0.720379 0.0818541 0.688734 0.660922 -0.220112 0.717449 -0.980332 1.67934 -0.124642</i>
                        <i>0.198642 0.974345 0.105797 -0.72186 0.0724365 0.688238 0.662918 -0.213083 0.717729 -0.984457 1.6791 -0.124511</i>
                        <i>0.18659 0.976575 0.107166 -0.723311 0.062738 0.687667 0.664835 -0.205826 0.718074 -0.988694 1.67884 -0.124379</i>
                        <i>0.174341 0.978684 0.108552 -0.724707 0.0528958 0.687024 0.666637 -0.198445 0.718481 -0.992982 1.67854 -0.124249</i>
                        <i>0.162068 0.980636 0.109937 -0.726027 0.0430475 0.686317 0.668295 -0.191047 0.718945 -0.997263 1.67823 -0.124123</i>
                        <i>0.149944 0.98241 0.1113 -0.727254 0.0333313 0.685558 0.669789 -0.183739 0.71946 -1.00148 1.6779 -0.124003</i>
                        <i>0.138145 0.983988 0.112621 -0.728376 0.0238854 0.684761 0.671107 -0.176627 0.720013 -1.00556 1.67756 -0.12389</i>
                        <i>0.126846 0.985364 0.113881 -0.729384 0.0148484 0.683944 0.672242 -0.169818 0.720591 -1.00946 1.67723 -0.123785</i>
                        <i>0.116222 0.986536 0.11506 -0.730272 0.00635854 0.683127 0.673198 -0.163419 0.721178 -1.01312 1.67689 -0.123691</i>
                        <i>0.106449 0.987512 0.116139 -0.731038 -0.00144588 0.682335 0.673982 -0.157536 0.721755 -1.01647 1.67657 -0.123607</i>
                        <i>0.0977018 0.988302 0.117101 -0.731683 -0.00842683 0.681593 0.674607 -0.152273 0.722301 -1.01946 1.67628 -0.123534</i>
                        <i>0.0901555 0.988921 0.117926 -0.732209 -0.0144465 0.680927 0.675087 -0.147736 0.722794 -1.02204 1.67601 -0.123474</i>
                        <i>0.0839843 0.989384 0.118598 -0.732617 -0.0193674 0.680365 0.675439 -0.144027 0.723214 -1.02415 1.67579 -0.123425</i>
                        <i>0.0793619 0.989705 0.1191 -0.732911 -0.0230522 0.679934 0.67568 -0.141251 0.723537 -1.02572 1.67562 -0.12339</i>
                        <i>0.0764616 0.989896 0.119414 -0.73309 -0.0253637 0.679659 0.67582 -0.139509 0.723743 -1.02671 1.67552 -0.123369</i>
                        <i>0.0754564 0.98996 0.119522 -0.733151 -0.0261647 0.679562 0.675867 -0.138905 0.723816 -1.02705 1.67548 -0.123361</i>
                    </KeyFrames>
                </p>
            </i>
            <i>
                <p>
                    <Name><![CDATA[spine1]]></Name>
                    <Exclude>0</Exclude>
                    <Additive>0</Additive>
                    <IKPriority>0</IKPriority>
                    <IKRotLimits>-1e+010 -1e+010 -1e+010 1e+010 1e+010 1e+010</IKRotLimits>
                    <IKRotLimitOrder>0</IKRotLimitOrder>
                    <KeyFrames count="97">
                        <i>0.405958 0.830412 0.381595 -0.547009 -0.113703 0.829369 0.732106 -0.545424 0.408085 -1.01273 1.8644 -0.100639</i>
                        <i>0.403872 0.831287 0.381902 -0.549512 -0.11331 0.827766 0.731384 -0.544172 0.41104 -1.01265 1.86472 -0.100725</i>
                        <i>0.402093 0.832037 0.382145 -0.551881 -0.112787 0.82626 0.73058 -0.543132 0.413835 -1.01246 1.86502 -0.100812</i>
                        <i>0.400612 0.832668 0.382326 -0.554119 -0.112138 0.824849 0.729699 -0.542299 0.416474 -1.01215 1.86532 -0.100902</i>
                        <i>0.399421 0.833184 0.382449 -0.55623 -0.111367 0.823533 0.728747 -0.541666 0.418959 -1.01173 1.86561 -0.100993</i>
                        <i>0.398511 0.833588 0.382517 -0.558215 -0.110477 0.822308 0.727726 -0.541226 0.421295 -1.0112 1.8659 -0.101086</i>
                        <i>0.397873 0.833885 0.382534 -0.560078 -0.109472 0.821175 0.726642 -0.540973 0.423485 -1.01056 1.86618 -0.10118</i>
                        <i>0.3975 0.834078 0.382502 -0.561823 -0.108355 0.820131 0.725499 -0.5409 0.425532 -1.00983 1.86644 -0.101274</i>
                        <i>0.397383 0.83417 0.382424 -0.563451 -0.107131 0.819174 0.724299 -0.541003 0.427441 -1.009 1.8667 -0.10137</i>
                        <i>0.397514 0.834163 0.382301 -0.564965 -0.105803 0.818303 0.723047 -0.541274 0.429215 -1.00807 1.86696 -0.101467</i>
                        <i>0.397884 0.834062 0.382138 -0.566369 -0.104374 0.817516 0.721744 -0.541708 0.430858 -1.00705 1.8672 -0.101565</i>
                        <i>0.398485 0.833867 0.381936 -0.567665 -0.10285 0.81681 0.720393 -0.542298 0.432373 -1.00594 1.86743 -0.101663</i>
                        <i>0.399308 0.833583 0.381697 -0.568856 -0.101233 0.816183 0.718997 -0.543039 0.433765 -1.00475 1.86766 -0.101762</i>
                        <i>0.400346 0.83321 0.381424 -0.569943 -0.0995278 0.815634 0.717557 -0.543926 0.435037 -1.00348 1.86787 -0.101862</i>
                        <i>0.40159 0.832751 0.381118 -0.57093 -0.0977382 0.81516 0.716075 -0.544952 0.436192 -1.00213 1.86808 -0.101962</i>
                        <i>0.403032 0.832209 0.380781 -0.57182 -0.0958683 0.814758 0.714554 -0.546112 0.437235 -1.00071 1.86828 -0.102063</i>
                        <i>0.404664 0.831584 0.380415 -0.572614 -0.093922 0.814427 0.712994 -0.5474 0.43817 -0.999215 1.86846 -0.102164</i>
                        <i>0.406477 0.830879 0.380022 -0.573316 -0.0919034 0.814164 0.711397 -0.548811 0.438999 -0.997653 1.86864 -0.102266</i>
                        <i>0.408463 0.830096 0.379604 -0.573927 -0.0898166 0.813966 0.709764 -0.55034 0.439728 -0.996025 1.8688 -0.102368</i>
                        <i>0.410615 0.829236 0.379162 -0.574451 -0.0876655 0.813831 0.708097 -0.551981 0.440359 -0.994337 1.86896 -0.102471</i>
                        <i>0.412924 0.828301 0.378697 -0.57489 -0.0854544 0.813756 0.706396 -0.553729 0.440895 -0.992591 1.8691 -0.102575</i>
                        <i>0.415382 0.827293 0.378212 -0.575245 -0.0831872 0.81374 0.704664 -0.555578 0.441342 -0.99079 1.86923 -0.102679</i>
                        <i>0.417981 0.826214 0.377708 -0.575521 -0.0808681 0.813779 0.7029 -0.557523 0.441702 -0.988938 1.86935 -0.102784</i>
                        <i>0.420713 0.825065 0.377186 -0.575718 -0.0785012 0.813871 0.701106 -0.559559 0.441978 -0.987038 1.86946 -0.102889</i>
                        <i>0.42357 0.823848 0.376647 -0.57584 -0.0760906 0.814014 0.699283 -0.56168 0.442175 -0.985093 1.86955 -0.102994</i>
                        <i>0.426545 0.822565 0.376093 -0.57589 -0.0736404 0.814204 0.697431 -0.563883 0.442296 -0.983107 1.86964 -0.103101</i>
                        <i>0.429629 0.821218 0.375526 -0.575868 -0.0711546 0.81444 0.695553 -0.566161 0.442344 -0.981083 1.86971 -0.103207</i>
                        <i>0.432815 0.819809 0.374946 -0.575779 -0.0686376 0.814719 0.693649 -0.568509 0.442322 -0.979025 1.86977 -0.103315</i>
                        <i>0.436094 0.81834 0.374355 -0.575625 -0.0660932 0.815038 0.691721 -0.570922 0.442234 -0.976935 1.86982 -0.103422</i>
                        <i>0.43946 0.816813 0.373754 -0.575408 -0.0635257 0.815396 0.689768 -0.573395 0.442084 -0.974818 1.86985 -0.10353</i>
                        <i>0.442904 0.81523 0.373144 -0.575131 -0.0609391 0.815789 0.687794 -0.575923 0.441873 -0.972676 1.86988 -0.103639</i>
                        <i>0.446419 0.813593 0.372528 -0.574796 -0.0583375 0.816215 0.685799 -0.578501 0.441607 -0.970513 1.86989 -0.103747</i>
                        <i>0.449997 0.811905 0.371905 -0.574405 -0.0557251 0.816672 0.683785 -0.581124 0.441287 -0.968332 1.86988 -0.103856</i>
                        <i>0.45363 0.810169 0.371277 -0.573963 -0.0531058 0.817158 0.681752 -0.583786 0.440916 -0.966137 1.86987 -0.103966</i>
                        <i>0.457312 0.808386 0.370645 -0.573471 -0.0504837 0.817669 0.679704 -0.586484 0.440499 -0.963932 1.86985 -0.104075</i>
                        <i>0.461034 0.80656 0.370011 -0.572931 -0.0478629 0.818205 0.677641 -0.589211 0.440037 -0.961719 1.86981 -0.104184</i>
                        <i>0.46479 0.804694 0.369376 -0.572347 -0.0452474 0.818762 0.675566 -0.591964 0.439534 -0.959502 1.86976 -0.104294</i>
                        <i>0.468571 0.80279 0.368741 -0.571722 -0.0426412 0.819339 0.67348 -0.594736 0.438992 -0.957284 1.8697 -0.104403</i>
                        <i>0.472371 0.800851 0.368108 -0.571057 -0.0400483 0.819933 0.671386 -0.597523 0.438414 -0.955069 1.86963 -0.104512</i>
                        <i>0.476182 0.798882 0.367476 -0.570357 -0.0374726 0.820542 0.669286 -0.60032 0.437804 -0.952861 1.86955 -0.104621</i>
                        <i>0.479998 0.796884 0.366849 -0.569623 -0.0349182 0.821164 0.667183 -0.603122 0.437162 -0.950663 1.86945 -0.104729</i>
                        <i>0.48381 0.794863 0.366226 -0.568858 -0.0323889 0.821798 0.665078 -0.605925 0.436494 -0.948478 1.86935 -0.104836</i>
                        <i>0.487612 0.79282 0.36561 -0.568066 -0.0298888 0.82244 0.662975 -0.608722 0.4358 -0.946309 1.86924 -0.104943</i>
                        <i>0.491397 0.790761 0.365001 -0.567249 -0.0274215 0.82309 0.660876 -0.611511 0.435084 -0.944161 1.86912 -0.105049</i>
                        <i>0.495159 0.788689 0.364401 -0.56641 -0.0249911 0.823744 0.658785 -0.614284 0.434347 -0.942037 1.86899 -0.105154</i>
                        <i>0.498889 0.786608 0.36381 -0.565553 -0.0226013 0.824402 0.656704 -0.617039 0.433593 -0.93994 1.86885 -0.105257</i>
                        <i>0.502581 0.784522 0.363231 -0.564679 -0.020256 0.825062 0.654637 -0.61977 0.432823 -0.937873 1.8687 -0.10536</i>
                        <i>0.506229 0.782436 0.362665 -0.563792 -0.0179589 0.825721 0.652587 -0.622472 0.43204 -0.935841 1.86855 -0.10546</i>
                        <i>0.509826 0.780354 0.362112 -0.562896 -0.0157139 0.826379 0.650558 -0.625141 0.431246 -0.933846 1.86838 -0.105559</i>
                        <i>0.513365 0.77828 0.361574 -0.561992 -0.0135246 0.827032 0.648553 -0.627771 0.430444 -0.931893 1.86822 -0.105656</i>
                        <i>0.51684 0.77622 0.361052 -0.561085 -0.0113949 0.82768 0.646576 -0.630359 0.429636 -0.929984 1.86805 -0.10575</i>
                        <i>0.520243 0.774178 0.360548 -0.560176 -0.00932826 0.828321 0.644632 -0.632899 0.428823 -0.928123 1.86787 -0.105843</i>
                        <i>0.523569 0.772159 0.360063 -0.55927 -0.00732849 0.828953 0.642723 -0.635387 0.428008 -0.926314 1.86769 -0.105932</i>
                        <i>0.526812 0.770168 0.359598 -0.558369 -0.00539921 0.829575 0.640854 -0.637818 0.427193 -0.92456 1.8675 -0.106019</i>
                        <i>0.529964 0.76821 0.359154 -0.557476 -0.00354402 0.830186 0.63903 -0.640188 0.426381 -0.922864 1.86732 -0.106103</i>
                        <i>0.533019 0.766291 0.358733 -0.556595 -0.00176652 0.830782 0.637255 -0.642492 0.425572 -0.921231 1.86713 -0.106183</i>
                        <i>0.535971 0.764415 0.358336 -0.555728 -7.03015e-005 0.831364 0.635532 -0.644725 0.424769 -0.919663 1.86694 -0.10626</i>
                        <i>0.538815 0.762587 0.357965 -0.554879 0.0015411 0.83193 0.633868 -0.646883 0.423974 -0.918164 1.86675 -0.106333</i>
                        <i>0.541543 0.760815 0.35762 -0.55405 0.00306413 0.832478 0.632265 -0.648962 0.423189 -0.916738 1.86656 -0.106402</i>
                        <i>0.54415 0.759102 0.357304 -0.553245 0.00449529 0.833006 0.63073 -0.650957 0.422416 -0.915387 1.86637 -0.106467</i>
                        <i>0.546629 0.757454 0.357016 -0.552468 0.00583108 0.833514 0.629266 -0.652863 0.421656 -0.914116 1.86618 -0.106528</i>
                        <i>0.548974 0.755877 0.35676 -0.55172 0.00706799 0.833999 0.627879 -0.654676 0.420912 -0.912928 1.866 -0.106584</i>
                        <i>0.55118 0.754376 0.356536 -0.551006 0.00820256 0.834461 0.626573 -0.656391 0.420186 -0.911826 1.86582 -0.106635</i>
                        <i>0.553239 0.752957 0.356345 -0.550327 0.00923133 0.834898 0.625353 -0.658005 0.41948 -0.910814 1.86564 -0.106681</i>
                        <i>0.555147 0.751626 0.356189 -0.549688 0.0101508 0.835308 0.624224 -0.659512 0.418795 -0.909894 1.86547 -0.106721</i>
                        <i>0.556896 0.750387 0.35607 -0.549091 0.0109576 0.835691 0.62319 -0.660908 0.418133 -0.909072 1.8653 -0.106756</i>
                        <i>0.558481 0.749247 0.355988 -0.54854 0.0116482 0.836043 0.622256 -0.662188 0.417497 -0.908349 1.86515 -0.106785</i>
                        <i>0.559895 0.748211 0.355946 -0.548037 0.0122192 0.836365 0.621428 -0.663348 0.416889 -0.90773 1.865 -0.106807</i>
                        <i>0.561133 0.747284 0.355944 -0.547585 0.0126672 0.836654 0.620709 -0.664384 0.41631 -0.907218 1.86485 -0.106824</i>
