<?xml version="1.0" encoding="ISO-8859-1" ?>
<Animl Version="1">
    <ModellingPackage><![CDATA[Maya.2010]]></ModellingPackage>
    <SrcFile><![CDATA[anims\turrets\machinegun\red\~src\mgun_balkan\mgun_balkan_idle_crewman_b.mb]]></SrcFile>
    <FramesPerSecond>30</FramesPerSecond>
    <TotalFrames>193</TotalFrames>
    <Skeleton>
        <RefFrame>
            <Name><![CDATA[soldier_ref_frame]]></Name>
            <Exclude>0</Exclude>
            <Additive>0</Additive>
            <IKPriority>0</IKPriority>
            <IKRotLimits>-1e+010 -1e+010 -1e+010 1e+010 1e+010 1e+010</IKRotLimits>
            <IKRotLimitOrder>0</IKRotLimitOrder>
            <KeyFrames count="193">
                <i>1 0 0 0 1 0 0 0 1 -1.7653 0.945679 0.435447</i>
                <i>1 0 0 0 1 0 0 0 1 -1.7653 0.945679 0.435447</i>
                <i>1 0 0 0 1 0 0 0 1 -1.7653 0.945679 0.435447</i>
                <i>1 0 0 0 1 0 0 0 1 -1.7653 0.945679 0.435447</i>
                <i>1 0 0 0 1 0 0 0 1 -1.7653 0.945679 0.435447</i>
                <i>1 0 0 0 1 0 0 0 1 -1.7653 0.945679 0.435447</i>
                <i>1 0 0 0 1 0 0 0 1 -1.7653 0.945679 0.435447</i>
                <i>1 0 0 0 1 0 0 0 1 -1.7653 0.945679 0.435447</i>
                <i>1 0 0 0 1 0 0 0 1 -1.7653 0.945679 0.435447</i>
                <i>1 0 0 0 1 0 0 0 1 -1.7653 0.945679 0.435447</i>
                <i>1 0 0 0 1 0 0 0 1 -1.7653 0.945679 0.435447</i>
                <i>1 0 0 0 1 0 0 0 1 -1.7653 0.945679 0.435447</i>
                <i>1 0 0 0 1 0 0 0 1 -1.7653 0.945679 0.435447</i>
                <i>1 0 0 0 1 0 0 0 1 -1.7653 0.945679 0.435447</i>
                <i>1 0 0 0 1 0 0 0 1 -1.7653 0.945679 0.435447</i>
                <i>1 0 0 0 1 0 0 0 1 -1.7653 0.945679 0.435447</i>
                <i>1 0 0 0 1 0 0 0 1 -1.7653 0.945679 0.435447</i>
                <i>1 0 0 0 1 0 0 0 1 -1.7653 0.945679 0.435447</i>
                <i>1 0 0 0 1 0 0 0 1 -1.7653 0.945679 0.435447</i>
                <i>1 0 0 0 1 0 0 0 1 -1.7653 0.945679 0.435447</i>
                <i>1 0 0 0 1 0 0 0 1 -1.7653 0.945679 0.435447</i>
                <i>1 0 0 0 1 0 0 0 1 -1.7653 0.945679 0.435447</i>
                <i>1 0 0 0 1 0 0 0 1 -1.7653 0.945679 0.435447</i>
                <i>1 0 0 0 1 0 0 0 1 -1.7653 0.945679 0.435447</i>
                <i>1 0 0 0 1 0 0 0 1 -1.7653 0.945679 0.435447</i>
                <i>1 0 0 0 1 0 0 0 1 -1.7653 0.945679 0.435447</i>
                <i>1 0 0 0 1 0 0 0 1 -1.7653 0.945679 0.435447</i>
                <i>1 0 0 0 1 0 0 0 1 -1.7653 0.945679 0.435447</i>
                <i>1 0 0 0 1 0 0 0 1 -1.7653 0.945679 0.435447</i>
                <i>1 0 0 0 1 0 0 0 1 -1.7653 0.945679 0.435447</i>
                <i>1 0 0 0 1 0 0 0 1 -1.7653 0.945679 0.435447</i>
                <i>1 0 0 0 1 0 0 0 1 -1.7653 0.945679 0.435447</i>
                <i>1 0 0 0 1 0 0 0 1 -1.7653 0.945679 0.435447</i>
                <i>1 0 0 0 1 0 0 0 1 -1.7653 0.945679 0.435447</i>
                <i>1 0 0 0 1 0 0 0 1 -1.7653 0.945679 0.435447</i>
                <i>1 0 0 0 1 0 0 0 1 -1.7653 0.945679 0.435447</i>
                <i>1 0 0 0 1 0 0 0 1 -1.7653 0.945679 0.435447</i>
                <i>1 0 0 0 1 0 0 0 1 -1.7653 0.945679 0.435447</i>
                <i>1 0 0 0 1 0 0 0 1 -1.7653 0.945679 0.435447</i>
                <i>1 0 0 0 1 0 0 0 1 -1.7653 0.945679 0.435447</i>
                <i>1 0 0 0 1 0 0 0 1 -1.7653 0.945679 0.435447</i>
                <i>1 0 0 0 1 0 0 0 1 -1.7653 0.945679 0.435447</i>
                <i>1 0 0 0 1 0 0 0 1 -1.7653 0.945679 0.435447</i>
                <i>1 0 0 0 1 0 0 0 1 -1.7653 0.945679 0.435447</i>
                <i>1 0 0 0 1 0 0 0 1 -1.7653 0.945679 0.435447</i>
                <i>1 0 0 0 1 0 0 0 1 -1.7653 0.945679 0.435447</i>
                <i>1 0 0 0 1 0 0 0 1 -1.7653 0.945679 0.435447</i>
                <i>1 0 0 0 1 0 0 0 1 -1.7653 0.945679 0.435447</i>
                <i>1 0 0 0 1 0 0 0 1 -1.7653 0.945679 0.435447</i>
                <i>1 0 0 0 1 0 0 0 1 -1.7653 0.945679 0.435447</i>
                <i>1 0 0 0 1 0 0 0 1 -1.7653 0.945679 0.435447</i>
                <i>1 0 0 0 1 0 0 0 1 -1.7653 0.945679 0.435447</i>
                <i>1 0 0 0 1 0 0 0 1 -1.7653 0.945679 0.435447</i>
                <i>1 0 0 0 1 0 0 0 1 -1.7653 0.945679 0.435447</i>
                <i>1 0 0 0 1 0 0 0 1 -1.7653 0.945679 0.435447</i>
                <i>1 0 0 0 1 0 0 0 1 -1.7653 0.945679 0.435447</i>
                <i>1 0 0 0 1 0 0 0 1 -1.7653 0.945679 0.435447</i>
                <i>1 0 0 0 1 0 0 0 1 -1.7653 0.945679 0.435447</i>
                <i>1 0 0 0 1 0 0 0 1 -1.7653 0.945679 0.435447</i>
                <i>1 0 0 0 1 0 0 0 1 -1.7653 0.945679 0.435447</i>
                <i>1 0 0 0 1 0 0 0 1 -1.7653 0.945679 0.435447</i>
                <i>1 0 0 0 1 0 0 0 1 -1.7653 0.945679 0.435447</i>
                <i>1 0 0 0 1 0 0 0 1 -1.7653 0.945679 0.435447</i>
                <i>1 0 0 0 1 0 0 0 1 -1.7653 0.945679 0.435447</i>
                <i>1 0 0 0 1 0 0 0 1 -1.7653 0.945679 0.435447</i>
                <i>1 0 0 0 1 0 0 0 1 -1.7653 0.945679 0.435447</i>
                <i>1 0 0 0 1 0 0 0 1 -1.7653 0.945679 0.435447</i>
                <i>1 0 0 0 1 0 0 0 1 -1.7653 0.945679 0.435447</i>
                <i>1 0 0 0 1 0 0 0 1 -1.7653 0.945679 0.435447</i>
                <i>1 0 0 0 1 0 0 0 1 -1.7653 0.945679 0.435447</i>
                <i>1 0 0 0 1 0 0 0 1 -1.7653 0.945679 0.435447</i>
                <i>1 0 0 0 1 0 0 0 1 -1.7653 0.945679 0.435447</i>
                <i>1 0 0 0 1 0 0 0 1 -1.7653 0.945679 0.435447</i>
                <i>1 0 0 0 1 0 0 0 1 -1.7653 0.945679 0.435447</i>
                <i>1 0 0 0 1 0 0 0 1 -1.7653 0.945679 0.435447</i>
                <i>1 0 0 0 1 0 0 0 1 -1.7653 0.945679 0.435447</i>
                <i>1 0 0 0 1 0 0 0 1 -1.7653 0.945679 0.435447</i>
                <i>1 0 0 0 1 0 0 0 1 -1.7653 0.945679 0.435447</i>
                <i>1 0 0 0 1 0 0 0 1 -1.7653 0.945679 0.435447</i>
                <i>1 0 0 0 1 0 0 0 1 -1.7653 0.945679 0.435447</i>
                <i>1 0 0 0 1 0 0 0 1 -1.7653 0.945679 0.435447</i>
                <i>1 0 0 0 1 0 0 0 1 -1.7653 0.945679 0.435447</i>
                <i>1 0 0 0 1 0 0 0 1 -1.7653 0.945679 0.435447</i>
                <i>1 0 0 0 1 0 0 0 1 -1.7653 0.945679 0.435447</i>
                <i>1 0 0 0 1 0 0 0 1 -1.7653 0.945679 0.435447</i>
                <i>1 0 0 0 1 0 0 0 1 -1.7653 0.945679 0.435447</i>
                <i>1 0 0 0 1 0 0 0 1 -1.7653 0.945679 0.435447</i>
                <i>1 0 0 0 1 0 0 0 1 -1.7653 0.945679 0.435447</i>
                <i>1 0 0 0 1 0 0 0 1 -1.7653 0.945679 0.435447</i>
                <i>1 0 0 0 1 0 0 0 1 -1.7653 0.945679 0.435447</i>
                <i>1 0 0 0 1 0 0 0 1 -1.7653 0.945679 0.435447</i>
                <i>1 0 0 0 1 0 0 0 1 -1.7653 0.945679 0.435447</i>
                <i>1 0 0 0 1 0 0 0 1 -1.7653 0.945679 0.435447</i>
                <i>1 0 0 0 1 0 0 0 1 -1.7653 0.945679 0.435447</i>
                <i>1 0 0 0 1 0 0 0 1 -1.7653 0.945679 0.435447</i>
                <i>1 0 0 0 1 0 0 0 1 -1.7653 0.945679 0.435447</i>
                <i>1 0 0 0 1 0 0 0 1 -1.7653 0.945679 0.435447</i>
                <i>1 0 0 0 1 0 0 0 1 -1.7653 0.945679 0.435447</i>
                <i>1 0 0 0 1 0 0 0 1 -1.7653 0.945679 0.435447</i>
                <i>1 0 0 0 1 0 0 0 1 -1.7653 0.945679 0.435447</i>
                <i>1 0 0 0 1 0 0 0 1 -1.7653 0.945679 0.435447</i>
                <i>1 0 0 0 1 0 0 0 1 -1.7653 0.945679 0.435447</i>
                <i>1 0 0 0 1 0 0 0 1 -1.7653 0.945679 0.435447</i>
                <i>1 0 0 0 1 0 0 0 1 -1.7653 0.945679 0.435447</i>
                <i>1 0 0 0 1 0 0 0 1 -1.7653 0.945679 0.435447</i>
                <i>1 0 0 0 1 0 0 0 1 -1.7653 0.945679 0.435447</i>
                <i>1 0 0 0 1 0 0 0 1 -1.7653 0.945679 0.435447</i>
                <i>1 0 0 0 1 0 0 0 1 -1.7653 0.945679 0.435447</i>
                <i>1 0 0 0 1 0 0 0 1 -1.7653 0.945679 0.435447</i>
                <i>1 0 0 0 1 0 0 0 1 -1.7653 0.945679 0.435447</i>
                <i>1 0 0 0 1 0 0 0 1 -1.7653 0.945679 0.435447</i>
                <i>1 0 0 0 1 0 0 0 1 -1.7653 0.945679 0.435447</i>
                <i>1 0 0 0 1 0 0 0 1 -1.7653 0.945679 0.435447</i>
                <i>1 0 0 0 1 0 0 0 1 -1.7653 0.945679 0.435447</i>
                <i>1 0 0 0 1 0 0 0 1 -1.7653 0.945679 0.435447</i>
                <i>1 0 0 0 1 0 0 0 1 -1.7653 0.945679 0.435447</i>
                <i>1 0 0 0 1 0 0 0 1 -1.7653 0.945679 0.435447</i>
                <i>1 0 0 0 1 0 0 0 1 -1.7653 0.945679 0.435447</i>
                <i>1 0 0 0 1 0 0 0 1 -1.7653 0.945679 0.435447</i>
                <i>1 0 0 0 1 0 0 0 1 -1.7653 0.945679 0.435447</i>
                <i>1 0 0 0 1 0 0 0 1 -1.7653 0.945679 0.435447</i>
                <i>1 0 0 0 1 0 0 0 1 -1.7653 0.945679 0.435447</i>
                <i>1 0 0 0 1 0 0 0 1 -1.7653 0.945679 0.435447</i>
                <i>1 0 0 0 1 0 0 0 1 -1.7653 0.945679 0.435447</i>
                <i>1 0 0 0 1 0 0 0 1 -1.7653 0.945679 0.435447</i>
                <i>1 0 0 0 1 0 0 0 1 -1.7653 0.945679 0.435447</i>
                <i>1 0 0 0 1 0 0 0 1 -1.7653 0.945679 0.435447</i>
                <i>1 0 0 0 1 0 0 0 1 -1.7653 0.945679 0.435447</i>
                <i>1 0 0 0 1 0 0 0 1 -1.7653 0.945679 0.435447</i>
                <i>1 0 0 0 1 0 0 0 1 -1.7653 0.945679 0.435447</i>
                <i>1 0 0 0 1 0 0 0 1 -1.7653 0.945679 0.435447</i>
                <i>1 0 0 0 1 0 0 0 1 -1.7653 0.945679 0.435447</i>
                <i>1 0 0 0 1 0 0 0 1 -1.7653 0.945679 0.435447</i>
                <i>1 0 0 0 1 0 0 0 1 -1.7653 0.945679 0.435447</i>
                <i>1 0 0 0 1 0 0 0 1 -1.7653 0.945679 0.435447</i>
                <i>1 0 0 0 1 0 0 0 1 -1.7653 0.945679 0.435447</i>
                <i>1 0 0 0 1 0 0 0 1 -1.7653 0.945679 0.435447</i>
                <i>1 0 0 0 1 0 0 0 1 -1.7653 0.945679 0.435447</i>
                <i>1 0 0 0 1 0 0 0 1 -1.7653 0.945679 0.435447</i>
                <i>1 0 0 0 1 0 0 0 1 -1.7653 0.945679 0.435447</i>
                <i>1 0 0 0 1 0 0 0 1 -1.7653 0.945679 0.435447</i>
                <i>1 0 0 0 1 0 0 0 1 -1.7653 0.945679 0.435447</i>
                <i>1 0 0 0 1 0 0 0 1 -1.7653 0.945679 0.435447</i>
                <i>1 0 0 0 1 0 0 0 1 -1.7653 0.945679 0.435447</i>
                <i>1 0 0 0 1 0 0 0 1 -1.7653 0.945679 0.435447</i>
                <i>1 0 0 0 1 0 0 0 1 -1.7653 0.945679 0.435447</i>
                <i>1 0 0 0 1 0 0 0 1 -1.7653 0.945679 0.435447</i>
                <i>1 0 0 0 1 0 0 0 1 -1.7653 0.945679 0.435447</i>
                <i>1 0 0 0 1 0 0 0 1 -1.7653 0.945679 0.435447</i>
                <i>1 0 0 0 1 0 0 0 1 -1.7653 0.945679 0.435447</i>
                <i>1 0 0 0 1 0 0 0 1 -1.7653 0.945679 0.435447</i>
                <i>1 0 0 0 1 0 0 0 1 -1.7653 0.945679 0.435447</i>
                <i>1 0 0 0 1 0 0 0 1 -1.7653 0.945679 0.435447</i>
                <i>1 0 0 0 1 0 0 0 1 -1.7653 0.945679 0.435447</i>
                <i>1 0 0 0 1 0 0 0 1 -1.7653 0.945679 0.435447</i>
                <i>1 0 0 0 1 0 0 0 1 -1.7653 0.945679 0.435447</i>
                <i>1 0 0 0 1 0 0 0 1 -1.7653 0.945679 0.435447</i>
                <i>1 0 0 0 1 0 0 0 1 -1.7653 0.945679 0.435447</i>
                <i>1 0 0 0 1 0 0 0 1 -1.7653 0.945679 0.435447</i>
                <i>1 0 0 0 1 0 0 0 1 -1.7653 0.945679 0.435447</i>
                <i>1 0 0 0 1 0 0 0 1 -1.7653 0.945679 0.435447</i>
                <i>1 0 0 0 1 0 0 0 1 -1.7653 0.945679 0.435447</i>
                <i>1 0 0 0 1 0 0 0 1 -1.7653 0.945679 0.435447</i>
                <i>1 0 0 0 1 0 0 0 1 -1.7653 0.945679 0.435447</i>
                <i>1 0 0 0 1 0 0 0 1 -1.7653 0.945679 0.435447</i>
                <i>1 0 0 0 1 0 0 0 1 -1.7653 0.945679 0.435447</i>
                <i>1 0 0 0 1 0 0 0 1 -1.7653 0.945679 0.435447</i>
                <i>1 0 0 0 1 0 0 0 1 -1.7653 0.945679 0.435447</i>
                <i>1 0 0 0 1 0 0 0 1 -1.7653 0.945679 0.435447</i>
                <i>1 0 0 0 1 0 0 0 1 -1.7653 0.945679 0.435447</i>
                <i>1 0 0 0 1 0 0 0 1 -1.7653 0.945679 0.435447</i>
                <i>1 0 0 0 1 0 0 0 1 -1.7653 0.945679 0.435447</i>
                <i>1 0 0 0 1 0 0 0 1 -1.7653 0.945679 0.435447</i>
                <i>1 0 0 0 1 0 0 0 1 -1.7653 0.945679 0.435447</i>
                <i>1 0 0 0 1 0 0 0 1 -1.7653 0.945679 0.435447</i>
                <i>1 0 0 0 1 0 0 0 1 -1.7653 0.945679 0.435447</i>
                <i>1 0 0 0 1 0 0 0 1 -1.7653 0.945679 0.435447</i>
                <i>1 0 0 0 1 0 0 0 1 -1.7653 0.945679 0.435447</i>
                <i>1 0 0 0 1 0 0 0 1 -1.7653 0.945679 0.435447</i>
                <i>1 0 0 0 1 0 0 0 1 -1.7653 0.945679 0.435447</i>
                <i>1 0 0 0 1 0 0 0 1 -1.7653 0.945679 0.435447</i>
                <i>1 0 0 0 1 0 0 0 1 -1.7653 0.945679 0.435447</i>
                <i>1 0 0 0 1 0 0 0 1 -1.7653 0.945679 0.435447</i>
                <i>1 0 0 0 1 0 0 0 1 -1.7653 0.945679 0.435447</i>
                <i>1 0 0 0 1 0 0 0 1 -1.7653 0.945679 0.435447</i>
                <i>1 0 0 0 1 0 0 0 1 -1.7653 0.945679 0.435447</i>
                <i>1 0 0 0 1 0 0 0 1 -1.7653 0.945679 0.435447</i>
                <i>1 0 0 0 1 0 0 0 1 -1.7653 0.945679 0.435447</i>
                <i>1 0 0 0 1 0 0 0 1 -1.7653 0.945679 0.435447</i>
                <i>1 0 0 0 1 0 0 0 1 -1.7653 0.945679 0.435447</i>
                <i>1 0 0 0 1 0 0 0 1 -1.7653 0.945679 0.435447</i>
                <i>1 0 0 0 1 0 0 0 1 -1.7653 0.945679 0.435447</i>
                <i>1 0 0 0 1 0 0 0 1 -1.7653 0.945679 0.435447</i>
            </KeyFrames>
        </RefFrame>
        <Bones count="23">
            <i>
                <p>
                    <Name><![CDATA[pelvis]]></Name>
                    <Exclude>0</Exclude>
                    <Additive>0</Additive>
                    <IKPriority>0</IKPriority>
                    <IKRotLimits>-1e+010 -1e+010 -1e+010 1e+010 1e+010 1e+010</IKRotLimits>
                    <IKRotLimitOrder>2</IKRotLimitOrder>
                    <KeyFrames count="193">
                        <i>1 0 0 0 1 0 0 0 1 -1.7653 1.5529 0.682025</i>
                        <i>1 0 0 0 1 0 0 0 1 -1.7653 1.55281 0.682025</i>
                        <i>1 0 0 0 1 0 0 0 1 -1.7653 1.55256 0.682025</i>
                        <i>1 0 0 0 1 0 0 0 1 -1.7653 1.55216 0.682025</i>
                        <i>1 0 0 0 1 0 0 0 1 -1.7653 1.55163 0.682025</i>
                        <i>1 0 0 0 1 0 0 0 1 -1.7653 1.55098 0.682025</i>
                        <i>1 0 0 0 1 0 0 0 1 -1.7653 1.55022 0.682025</i>
                        <i>1 0 0 0 1 0 0 0 1 -1.7653 1.54937 0.682025</i>
                        <i>1 0 0 0 1 0 0 0 1 -1.7653 1.54844 0.682025</i>
                        <i>1 0 0 0 1 0 0 0 1 -1.7653 1.54745 0.682025</i>
                        <i>1 0 0 0 1 0 0 0 1 -1.7653 1.5464 0.682025</i>
                        <i>1 0 0 0 1 0 0 0 1 -1.7653 1.54532 0.682025</i>
                        <i>1 0 0 0 1 0 0 0 1 -1.7653 1.54422 0.682025</i>
                        <i>1 0 0 0 1 0 0 0 1 -1.7653 1.54311 0.682025</i>
                        <i>1 0 0 0 1 0 0 0 1 -1.7653 1.542 0.682025</i>
                        <i>1 0 0 0 1 0 0 0 1 -1.7653 1.54092 0.682025</i>
                        <i>1 0 0 0 1 0 0 0 1 -1.7653 1.53987 0.682025</i>
                        <i>1 0 0 0 1 0 0 0 1 -1.7653 1.53887 0.682025</i>
                        <i>1 0 0 0 1 0 0 0 1 -1.7653 1.53793 0.682025</i>
                        <i>1 0 0 0 1 0 0 0 1 -1.7653 1.53706 0.682025</i>
                        <i>1 0 0 0 1 0 0 0 1 -1.7653 1.53629 0.682025</i>
                        <i>1 0 0 0 1 0 0 0 1 -1.7653 1.53556 0.682025</i>
                        <i>1 0 0 0 1 0 0 0 1 -1.7653 1.53482 0.682025</i>
                        <i>1 0 0 0 1 0 0 0 1 -1.7653 1.53407 0.682025</i>
                        <i>1 0 0 0 1 0 0 0 1 -1.7653 1.53332 0.682025</i>
                        <i>1 0 0 0 1 0 0 0 1 -1.7653 1.53256 0.682025</i>
                        <i>1 0 0 0 1 0 0 0 1 -1.7653 1.53179 0.682025</i>
                        <i>1 0 0 0 1 0 0 0 1 -1.7653 1.53102 0.682025</i>
                        <i>1 0 0 0 1 0 0 0 1 -1.7653 1.53025 0.682025</i>
                        <i>1 0 0 0 1 0 0 0 1 -1.7653 1.52947 0.682025</i>
                        <i>1 0 0 0 1 0 0 0 1 -1.7653 1.52869 0.682025</i>
                        <i>1 0 0 0 1 0 0 0 1 -1.7653 1.52791 0.682025</i>
                        <i>1 0 0 0 1 0 0 0 1 -1.7653 1.52713 0.682025</i>
                        <i>1 0 0 0 1 0 0 0 1 -1.7653 1.52635 0.682025</i>
                        <i>1 0 0 0 1 0 0 0 1 -1.7653 1.52557 0.682025</i>
                        <i>1 0 0 0 1 0 0 0 1 -1.7653 1.5248 0.682025</i>
                        <i>1 0 0 0 1 0 0 0 1 -1.7653 1.52403 0.682025</i>
                        <i>1 0 0 0 1 0 0 0 1 -1.7653 1.52326 0.682025</i>
                        <i>1 0 0 0 1 0 0 0 1 -1.7653 1.5225 0.682025</i>
                        <i>1 0 0 0 1 0 0 0 1 -1.7653 1.52175 0.682025</i>
                        <i>1 0 0 0 1 0 0 0 1 -1.7653 1.521 0.682025</i>
                        <i>1 0 0 0 1 0 0 0 1 -1.7653 1.52026 0.682025</i>
                        <i>1 0 0 0 1 0 0 0 1 -1.7653 1.51954 0.682025</i>
                        <i>1 0 0 0 1 0 0 0 1 -1.7653 1.51882 0.682025</i>
                        <i>1 0 0 0 1 0 0 0 1 -1.7653 1.51811 0.682025</i>
                        <i>1 0 0 0 1 0 0 0 1 -1.7653 1.51742 0.682025</i>
                        <i>1 0 0 0 1 0 0 0 1 -1.7653 1.51674 0.682025</i>
                        <i>1 0 0 0 1 0 0 0 1 -1.7653 1.51607 0.682025</i>
                        <i>1 0 0 0 1 0 0 0 1 -1.7653 1.51542 0.682025</i>
                        <i>1 0 0 0 1 0 0 0 1 -1.7653 1.51478 0.682025</i>
                        <i>1 0 0 0 1 0 0 0 1 -1.7653 1.51416 0.682025</i>
                        <i>1 0 0 0 1 0 0 0 1 -1.7653 1.51356 0.682025</i>
                        <i>1 0 0 0 1 0 0 0 1 -1.7653 1.51298 0.682025</i>
                        <i>1 0 0 0 1 0 0 0 1 -1.7653 1.51242 0.682025</i>
                        <i>1 0 0 0 1 0 0 0 1 -1.7653 1.51188 0.682025</i>
                        <i>1 0 0 0 1 0 0 0 1 -1.7653 1.51136 0.682025</i>
                        <i>1 0 0 0 1 0 0 0 1 -1.7653 1.51086 0.682025</i>
                        <i>1 0 0 0 1 0 0 0 1 -1.7653 1.51038 0.682025</i>
                        <i>1 0 0 0 1 0 0 0 1 -1.7653 1.50994 0.682025</i>
                        <i>1 0 0 0 1 0 0 0 1 -1.7653 1.50951 0.682025</i>
                        <i>1 0 0 0 1 0 0 0 1 -1.7653 1.50911 0.682025</i>
                        <i>1 0 0 0 1 0 0 0 1 -1.7653 1.50874 0.682025</i>
                        <i>1 0 0 0 1 0 0 0 1 -1.7653 1.50841 0.682025</i>
                        <i>1 0 0 0 1 0 0 0 1 -1.7653 1.50811 0.682025</i>
                        <i>1 0 0 0 1 0 0 0 1 -1.7653 1.50786 0.682025</i>
                        <i>1 0 0 0 1 0 0 0 1 -1.7653 1.50764 0.682025</i>
                        <i>1 0 0 0 1 0 0 0 1 -1.7653 1.50746 0.682025</i>
                        <i>1 0 0 0 1 0 0 0 1 -1.7653 1.50731 0.682025</i>
                        <i>1 0 0 0 1 0 0 0 1 -1.7653 1.50719 0.682025</i>
                        <i>1 0 0 0 1 0 0 0 1 -1.7653 1.5071 0.682025</i>
                        <i>1 0 0 0 1 0 0 0 1 -1.7653 1.50704 0.682025</i>
                        <i>1 0 0 0 1 0 0 0 1 -1.7653 1.50701 0.682025</i>
                        <i>1 0 0 0 1 0 0 0 1 -1.7653 1.50699 0.682025</i>
                        <i>1 0 0 0 1 0 0 0 1 -1.7653 1.50701 0.682025</i>
                        <i>1 0 0 0 1 0 0 0 1 -1.7653 1.50704 0.682025</i>
                        <i>1 0 0 0 1 0 0 0 1 -1.7653 1.50709 0.682025</i>
                        <i>1 0 0 0 1 0 0 0 1 -1.7653 1.50716 0.682025</i>
                        <i>1 0 0 0 1 0 0 0 1 -1.7653 1.50724 0.682025</i>
                        <i>1 0 0 0 1 0 0 0 1 -1.7653 1.50734 0.682025</i>
                        <i>1 0 0 0 1 0 0 0 1 -1.7653 1.50744 0.682025</i>
                        <i>1 0 0 0 1 0 0 0 1 -1.7653 1.50756 0.682025</i>
                        <i>1 0 0 0 1 0 0 0 1 -1.7653 1.50769 0.682025</i>
                        <i>1 0 0 0 1 0 0 0 1 -1.7653 1.50782 0.682025</i>
                        <i>1 0 0 0 1 0 0 0 1 -1.7653 1.50795 0.682025</i>
                        <i>1 0 0 0 1 0 0 0 1 -1.7653 1.50809 0.682025</i>
                        <i>1 0 0 0 1 0 0 0 1 -1.7653 1.50823 0.682025</i>
                        <i>1 0 0 0 1 0 0 0 1 -1.7653 1.50836 0.682025</i>
                        <i>1 0 0 0 1 0 0 0 1 -1.7653 1.50849 0.682025</i>
                        <i>1 0 0 0 1 0 0 0 1 -1.7653 1.50862 0.682025</i>
                        <i>1 0 0 0 1 0 0 0 1 -1.7653 1.50874 0.682025</i>
                        <i>1 0 0 0 1 0 0 0 1 -1.7653 1.50885 0.682025</i>
                        <i>1 0 0 0 1 0 0 0 1 -1.7653 1.50895 0.682025</i>
                        <i>1 0 0 0 1 0 0 0 1 -1.7653 1.50904 0.682025</i>
                        <i>1 0 0 0 1 0 0 0 1 -1.7653 1.50911 0.682025</i>
                        <i>1 0 0 0 1 0 0 0 1 -1.7653 1.50917 0.682025</i>
                        <i>1 0 0 0 1 0 0 0 1 -1.7653 1.50921 0.682025</i>
                        <i>1 0 0 0 1 0 0 0 1 -1.7653 1.50923 0.682025</i>
                        <i>1 0 0 0 1 0 0 0 1 -1.76528 1.5092 0.682025</i>
                        <i>1 0 0 0 1 0 0 0 1 -1.76524 1.50911 0.682025</i>
                        <i>1 0 0 0 1 0 0 0 1 -1.76517 1.50896 0.682025</i>
                        <i>1 0 0 0 1 0 0 0 1 -1.76507 1.50877 0.682025</i>
                        <i>1 0 0 0 1 0 0 0 1 -1.76497 1.50855 0.682025</i>
                        <i>1 0 0 0 1 0 0 0 1 -1.76486 1.50831 0.682025</i>
                        <i>1 0 0 0 1 0 0 0 1 -1.76474 1.50806 0.682025</i>
                        <i>1 0 0 0 1 0 0 0 1 -1.76462 1.50781 0.682025</i>
                        <i>1 0 0 0 1 0 0 0 1 -1.76451 1.50757 0.682025</i>
                        <i>1 0 0 0 1 0 0 0 1 -1.76442 1.50737 0.682025</i>
                        <i>1 0 0 0 1 0 0 0 1 -1.76434 1.5072 0.682025</i>
                        <i>1 0 0 0 1 0 0 0 1 -1.76428 1.50708 0.682025</i>
                        <i>1 0 0 0 1 0 0 0 1 -1.76426 1.50702 0.682025</i>
                        <i>1 0 0 0 1 0 0 0 1 -1.76426 1.50703 0.682025</i>
                        <i>1 0 0 0 1 0 0 0 1 -1.76431 1.50712 0.682025</i>
                        <i>1 0 0 0 1 0 0 0 1 -1.7644 1.50731 0.682025</i>
                        <i>1 0 0 0 1 0 0 0 1 -1.76454 1.5076 0.682025</i>
                        <i>1 0 0 0 1 0 0 0 1 -1.76473 1.50801 0.682025</i>
                        <i>1 0 0 0 1 0 0 0 1 -1.76498 1.50855 0.682025</i>
                        <i>1 0 0 0 1 0 0 0 1 -1.7653 1.50923 0.682025</i>
                        <i>1 0 0 0 1 0 0 0 1 -1.76568 1.51003 0.682025</i>
                        <i>1 0 0 0 1 0 0 0 1 -1.7661 1.51093 0.682025</i>
                        <i>1 0 0 0 1 0 0 0 1 -1.76656 1.51192 0.682025</i>
                        <i>1 0 0 0 1 0 0 0 1 -1.76706 1.51299 0.682025</i>
                        <i>1 0 0 0 1 0 0 0 1 -1.7676 1.51414 0.682025</i>
                        <i>1 0 0 0 1 0 0 0 1 -1.76817 1.51535 0.682025</i>
                        <i>1 0 0 0 1 0 0 0 1 -1.76877 1.51663 0.682025</i>
                        <i>1 0 0 0 1 0 0 0 1 -1.7694 1.51797 0.682025</i>
                        <i>1 0 0 0 1 0 0 0 1 -1.77005 1.51936 0.682025</i>
                        <i>1 0 0 0 1 0 0 0 1 -1.77072 1.5208 0.682025</i>
                        <i>1 0 0 0 1 0 0 0 1 -1.77141 1.52227 0.682025</i>
                        <i>1 0 0 0 1 0 0 0 1 -1.77211 1.52377 0.682025</i>
                        <i>1 0 0 0 1 0 0 0 1 -1.77283 1.5253 0.682025</i>
                        <i>1 0 0 0 1 0 0 0 1 -1.77355 1.52685 0.682025</i>
                        <i>1 0 0 0 1 0 0 0 1 -1.77428 1.52841 0.682025</i>
                        <i>1 0 0 0 1 0 0 0 1 -1.77502 1.52997 0.682025</i>
                        <i>1 0 0 0 1 0 0 0 1 -1.77575 1.53154 0.682025</i>
                        <i>1 0 0 0 1 0 0 0 1 -1.77648 1.53309 0.682025</i>
                        <i>1 0 0 0 1 0 0 0 1 -1.7772 1.53464 0.682025</i>
                        <i>1 0 0 0 1 0 0 0 1 -1.77792 1.53616 0.682025</i>
                        <i>1 0 0 0 1 0 0 0 1 -1.77862 1.53766 0.682025</i>
                        <i>1 0 0 0 1 0 0 0 1 -1.7793 1.53913 0.682025</i>
                        <i>1 0 0 0 1 0 0 0 1 -1.77997 1.54055 0.682025</i>
                        <i>1 0 0 0 1 0 0 0 1 -1.78062 1.54193 0.682025</i>
                        <i>1 0 0 0 1 0 0 0 1 -1.78124 1.54326 0.682025</i>
                        <i>1 0 0 0 1 0 0 0 1 -1.78184 1.54453 0.682025</i>
                        <i>1 0 0 0 1 0 0 0 1 -1.7824 1.54574 0.682025</i>
                        <i>1 0 0 0 1 0 0 0 1 -1.78293 1.54688 0.682025</i>
                        <i>1 0 0 0 1 0 0 0 1 -1.78343 1.54793 0.682025</i>
                        <i>1 0 0 0 1 0 0 0 1 -1.78388 1.54891 0.682025</i>
                        <i>1 0 0 0 1 0 0 0 1 -1.7843 1.54979 0.682025</i>
                        <i>1 0 0 0 1 0 0 0 1 -1.78467 1.55057 0.682025</i>
                        <i>1 0 0 0 1 0 0 0 1 -1.78499 1.55126 0.682025</i>
                        <i>1 0 0 0 1 0 0 0 1 -1.78525 1.55183 0.682025</i>
                        <i>1 0 0 0 1 0 0 0 1 -1.78547 1.55229 0.682025</i>
                        <i>1 0 0 0 1 0 0 0 1 -1.78562 1.55262 0.682025</i>
                        <i>1 0 0 0 1 0 0 0 1 -1.78572 1.55283 0.682025</i>
                        <i>1 0 0 0 1 0 0 0 1 -1.78575 1.5529 0.682025</i>
                        <i>1 0 0 0 1 0 0 0 1 -1.78573 1.5529 0.682025</i>
                        <i>1 0 0 0 1 0 0 0 1 -1.78564 1.5529 0.682025</i>
                        <i>1 0 0 0 1 0 0 0 1 -1.78551 1.5529 0.682025</i>
                        <i>1 0 0 0 1 0 0 0 1 -1.78532 1.5529 0.682025</i>
                        <i>1 0 0 0 1 0 0 0 1 -1.78509 1.5529 0.682025</i>
                        <i>1 0 0 0 1 0 0 0 1 -1.78481 1.5529 0.682025</i>
                        <i>1 0 0 0 1 0 0 0 1 -1.78449 1.5529 0.682025</i>
                        <i>1 0 0 0 1 0 0 0 1 -1.78413 1.5529 0.682025</i>
                        <i>1 0 0 0 1 0 0 0 1 -1.78373 1.5529 0.682025</i>
                        <i>1 0 0 0 1 0 0 0 1 -1.78329 1.5529 0.682025</i>
                        <i>1 0 0 0 1 0 0 0 1 -1.78282 1.5529 0.682025</i>
                        <i>1 0 0 0 1 0 0 0 1 -1.78232 1.5529 0.682025</i>
                        <i>1 0 0 0 1 0 0 0 1 -1.78178 1.5529 0.682025</i>
                        <i>1 0 0 0 1 0 0 0 1 -1.78122 1.5529 0.682025</i>
                        <i>1 0 0 0 1 0 0 0 1 -1.78064 1.5529 0.682025</i>
                        <i>1 0 0 0 1 0 0 0 1 -1.78003 1.5529 0.682025</i>
                        <i>1 0 0 0 1 0 0 0 1 -1.7794 1.5529 0.682025</i>
                        <i>1 0 0 0 1 0 0 0 1 -1.77875 1.5529 0.682025</i>
                        <i>1 0 0 0 1 0 0 0 1 -1.77808 1.5529 0.682025</i>
                        <i>1 0 0 0 1 0 0 0 1 -1.7774 1.5529 0.682025</i>
                        <i>1 0 0 0 1 0 0 0 1 -1.77671 1.5529 0.682025</i>
                        <i>1 0 0 0 1 0 0 0 1 -1.77601 1.5529 0.682025</i>
                        <i>1 0 0 0 1 0 0 0 1 -1.7753 1.5529 0.682025</i>
                        <i>1 0 0 0 1 0 0 0 1 -1.77459 1.5529 0.682025</i>
                        <i>1 0 0 0 1 0 0 0 1 -1.77387 1.5529 0.682025</i>
                        <i>1 0 0 0 1 0 0 0 1 -1.77315 1.5529 0.682025</i>
                        <i>1 0 0 0 1 0 0 0 1 -1.77244 1.5529 0.682025</i>
                        <i>1 0 0 0 1 0 0 0 1 -1.77173 1.5529 0.682025</i>
                        <i>1 0 0 0 1 0 0 0 1 -1.77102 1.5529 0.682025</i>
                        <i>1 0 0 0 1 0 0 0 1 -1.77032 1.5529 0.682025</i>
                        <i>1 0 0 0 1 0 0 0 1 -1.76963 1.5529 0.682025</i>
                        <i>1 0 0 0 1 0 0 0 1 -1.76896 1.5529 0.682025</i>
                        <i>1 0 0 0 1 0 0 0 1 -1.7683 1.5529 0.682025</i>
                        <i>1 0 0 0 1 0 0 0 1 -1.76766 1.5529 0.682025</i>
                        <i>1 0 0 0 1 0 0 0 1 -1.76703 1.5529 0.682025</i>
                        <i>1 0 0 0 1 0 0 0 1 -1.76643 1.5529 0.682025</i>
                        <i>1 0 0 0 1 0 0 0 1 -1.76585 1.5529 0.682025</i>
                        <i>1 0 0 0 1 0 0 0 1 -1.7653 1.5529 0.682025</i>
                    </KeyFrames>
                </p>
            </i>
            <i>
                <p>
                    <Name><![CDATA[spine0]]></Name>
                    <Exclude>0</Exclude>
                    <Additive>0</Additive>
                    <IKPriority>0</IKPriority>
                    <IKRotLimits>-1e+010 -1e+010 -1e+010 1e+010 1e+010 1e+010</IKRotLimits>
                    <IKRotLimitOrder>0</IKRotLimitOrder>
                    <KeyFrames count="193">
                        <i>-0.0346424 0.981469 0.188462 -0.999292 -0.0312531 -0.0209271 -0.0146492 -0.189053 0.981858 -1.77623 1.68068 0.616848</i>
                        <i>-0.0357661 0.981547 0.187849 -0.999223 -0.0320059 -0.0230129 -0.0165759 -0.188526 0.981928 -1.77561 1.68052 0.616595</i>
                        <i>-0.0369601 0.981679 0.186921 -0.999142 -0.0328035 -0.0252831 -0.0186883 -0.187695 0.98205 -1.77494 1.68018 0.616318</i>
                        <i>-0.0382026 0.981861 0.185713 -0.99905 -0.0336323 -0.0276985 -0.0209501 -0.186595 0.982213 -1.77422 1.67968 0.616023</i>
                        <i>-0.0394758 0.982085 0.184259 -0.998948 -0.0344837 -0.0302199 -0.0233246 -0.185258 0.982413 -1.77345 1.67904 0.615714</i>
                        <i>-0.0407653 0.982343 0.182593 -0.998836 -0.0353513 -0.0328089 -0.0257747 -0.183718 0.982641 -1.77266 1.67827 0.615394</i>
                        <i>-0.0420591 0.98263 0.180747 -0.998715 -0.0362309 -0.035428 -0.028264 -0.182004 0.982891 -1.77185 1.67738 0.615069</i>
                        <i>-0.0433474 0.982938 0.178755 -0.998587 -0.0371194 -0.0380408 -0.0307565 -0.180151 0.983158 -1.77104 1.6764 0.614743</i>
                        <i>-0.044622 0.983262 0.176651 -0.998452 -0.0380151 -0.040612 -0.0332168 -0.178189 0.983435 -1.77022 1.67533 0.614419</i>
                        <i>-0.0458768 0.983594 0.174467 -0.998312 -0.038917 -0.0431075 -0.0356106 -0.17615 0.983719 -1.76942 1.6742 0.614103</i>
                        <i>-0.0471069 0.983929 0.172235 -0.99817 -0.0398249 -0.0454947 -0.0379043 -0.174063 0.984005 -1.76865 1.67301 0.613797</i>
                        <i>-0.0483091 0.984261 0.16999 -0.998029 -0.0407394 -0.0477419 -0.0400652 -0.171961 0.984289 -1.7679 1.67179 0.613506</i>
                        <i>-0.0494815 0.984585 0.167762 -0.997889 -0.0416616 -0.0498186 -0.0420615 -0.169873 0.984568 -1.76721 1.67055 0.613235</i>
                        <i>-0.0506239 0.984896 0.165583 -0.997754 -0.0425937 -0.0516955 -0.0438619 -0.167828 0.98484 -1.76656 1.66931 0.612985</i>
                        <i>-0.0517377 0.985188 0.163487 -0.997627 -0.0435389 -0.0533436 -0.0454354 -0.165858 0.985102 -1.76599 1.66809 0.612763</i>
                        <i>-0.0528268 0.985457 0.161504 -0.997509 -0.0445026 -0.0547344 -0.046751 -0.163993 0.985353 -1.76549 1.6669 0.612571</i>
                        <i>-0.0538977 0.985699 0.159666 -0.997403 -0.0454927 -0.0558393 -0.0477771 -0.162261 0.985591 -1.76507 1.66577 0.612412</i>
                        <i>-0.0549577 0.985908 0.158004 -0.997311 -0.0465177 -0.0566299 -0.0484819 -0.160691 0.985813 -1.76476 1.6647 0.612292</i>
                        <i>-0.0560136 0.986081 0.156549 -0.997235 -0.0475858 -0.0570771 -0.0488331 -0.159313 0.98602 -1.76455 1.66371 0.612213</i>
                        <i>-0.0570722 0.986212 0.155332 -0.997177 -0.0487051 -0.0571514 -0.048798 -0.158156 0.986208 -1.76446 1.66283 0.61218</i>
                        <i>-0.0581403 0.986298 0.154386 -0.997137 -0.0498849 -0.0568222 -0.0483421 -0.157248 0.986375 -1.76451 1.66206 0.612196</i>
                        <i>-0.0592102 0.986361 0.15358 -0.99711 -0.0511026 -0.056215 -0.0475999 -0.156465 0.986536 -1.76464 1.66136 0.612246</i>
                        <i>-0.0602646 0.986421 0.152781 -0.997088 -0.052323 -0.0554819 -0.0467346 -0.155679 0.986701 -1.76481 1.66066 0.612312</i>
                        <i>-0.0612976 0.986476 0.15201 -0.99707 -0.0535378 -0.05463 -0.0457529 -0.154914 0.986868 -1.76502 1.65996 0.612393</i>
                        <i>-0.0623038 0.986523 0.151294 -0.997057 -0.0547388 -0.0536662 -0.0446612 -0.154193 0.987031 -1.76527 1.65926 0.612489</i>
                        <i>-0.063278 0.986559 0.150656 -0.997049 -0.0559188 -0.0525969 -0.0434655 -0.15354 0.987186 -1.76556 1.65856 0.612599</i>
                        <i>-0.064215 0.98658 0.15012 -0.997045 -0.0570707 -0.0514288 -0.0421712 -0.152979 0.987329 -1.76588 1.65786 0.612721</i>
                        <i>-0.06511 0.986584 0.149709 -0.997044 -0.0581876 -0.0501679 -0.0407836 -0.152533 0.987457 -1.76623 1.65716 0.612857</i>
                        <i>-0.0659577 0.986567 0.149448 -0.997048 -0.059263 -0.0488204 -0.0393079 -0.152226 0.987564 -1.76661 1.65646 0.613003</i>
                        <i>-0.0667528 0.986527 0.149358 -0.997055 -0.06029 -0.0473923 -0.037749 -0.152082 0.987647 -1.76702 1.65577 0.613161</i>
                        <i>-0.0674893 0.986461 0.149464 -0.997066 -0.0612618 -0.0458897 -0.036112 -0.152122 0.987702 -1.76745 1.65507 0.61333</i>
                        <i>-0.0681607 0.986366 0.149787 -0.997081 -0.062171 -0.0443186 -0.0344019 -0.152371 0.987724 -1.76791 1.65438 0.613508</i>
                        <i>-0.0687597 0.986239 0.150351 -0.9971 -0.0630097 -0.0426851 -0.0326241 -0.15285 0.987711 -1.76839 1.65369 0.613695</i>
                        <i>-0.0692779 0.986076 0.151179 -0.997122 -0.0637688 -0.0409954 -0.0307841 -0.153584 0.987656 -1.76888 1.653 0.61389</i>
                        <i>-0.0697054 0.985874 0.152292 -0.997149 -0.0644386 -0.039256 -0.0288881 -0.154594 0.987556 -1.7694 1.65232 0.614093</i>
                        <i>-0.0700311 0.985631 0.153712 -0.997181 -0.0650076 -0.0374735 -0.0269426 -0.155903 0.987405 -1.76993 1.65164 0.614303</i>
                        <i>-0.0702416 0.985341 0.155463 -0.997218 -0.0654628 -0.0356547 -0.024955 -0.157535 0.987198 -1.77048 1.65096 0.614519</i>
                        <i>-0.0703218 0.985001 0.157566 -0.997261 -0.0657891 -0.0338068 -0.0229336 -0.159512 0.98693 -1.77103 1.65029 0.614741</i>
                        <i>-0.0702465 0.984605 0.160055 -0.997311 -0.0659612 -0.0319384 -0.0208893 -0.161868 0.986591 -1.7716 1.64962 0.614967</i>
                        <i>-0.0699995 0.984152 0.162924 -0.997369 -0.0659637 -0.0300569 -0.0188335 -0.164599 0.986181 -1.77217 1.64896 0.615197</i>
                        <i>-0.069577 0.983646 0.166134 -0.997436 -0.0657951 -0.0281673 -0.0167758 -0.167668 0.985701 -1.77275 1.6483 0.61543</i>
                        <i>-0.0689756 0.983088 0.169647 -0.99751 -0.0654532 -0.0262751 -0.0147268 -0.171036 0.985155 -1.77334 1.64765 0.615666</i>
                        <i>-0.0681925 0.982484 0.173423 -0.997591 -0.0649366 -0.0243858 -0.0126971 -0.174668 0.984545 -1.77392 1.64701 0.615903</i>
                        <i>-0.0672264 0.981836 0.177425 -0.99768 -0.0642445 -0.022505 -0.0106977 -0.178526 0.983877 -1.77451 1.64637 0.616142</i>
                        <i>-0.066078 0.981148 0.181612 -0.997776 -0.0633777 -0.0206383 -0.00873903 -0.182572 0.983154 -1.77509 1.64575 0.61638</i>
                        <i>-0.0647501 0.980424 0.185946 -0.997878 -0.0623389 -0.0187911 -0.00683158 -0.186769 0.98238 -1.77567 1.64513 0.616617</i>
                        <i>-0.0632483 0.979669 0.190388 -0.997985 -0.061133 -0.016969 -0.00498504 -0.191078 0.981562 -1.77624 1.64452 0.616853</i>
                        <i>-0.0615811 0.978888 0.194898 -0.998097 -0.0597677 -0.0151773 -0.0032083 -0.195462 0.980706 -1.7768 1.64392 0.617087</i>
                        <i>-0.0597605 0.978087 0.199437 -0.998212 -0.0582535 -0.0134212 -0.00150922 -0.199882 0.979819 -1.77736 1.64334 0.617317</i>
                        <i>-0.0578021 0.97727 0.203966 -0.998328 -0.0566044 -0.0117059 0.000105565 -0.204302 0.978908 -1.7779 1.64276 0.617544</i>
                        <i>-0.0557248 0.976445 0.208447 -0.998445 -0.0548378 -0.0100363 0.00163088 -0.208682 0.977982 -1.77843 1.6422 0.617765</i>
                        <i>-0.0535517 0.975618 0.212843 -0.99856 -0.0529746 -0.00841738 0.00306311 -0.212987 0.97705 -1.77894 1.64166 0.617981</i>
                        <i>-0.0513093 0.974797 0.217115 -0.998673 -0.0510395 -0.00685382 0.00440037 -0.217179 0.976122 -1.77944 1.64112 0.61819</i>
                        <i>-0.049028 0.973989 0.221228 -0.998781 -0.0490608 -0.00535028 0.00564252 -0.221221 0.975207 -1.77992 1.64061 0.618391</i>
                        <i>-0.0467415 0.973203 0.225148 -0.998884 -0.04707 -0.00391129 0.00679122 -0.225079 0.974317 -1.78037 1.64011 0.618584</i>
                        <i>-0.0444866 0.972447 0.228838 -0.998979 -0.0451023 -0.00254131 0.00784986 -0.228718 0.973461 -1.7808 1.63963 0.618768</i>
                        <i>-0.0423031 0.971732 0.232268 -0.999066 -0.0431956 -0.00124472 0.00882341 -0.232103 0.972651 -1.78121 1.63917 0.618942</i>
                        <i>-0.0402329 0.971065 0.235404 -0.999143 -0.04139 -2.58492e-005 0.00971825 -0.235203 0.971898 -1.78159 1.63873 0.619105</i>
                        <i>-0.0383197 0.970456 0.238215 -0.99921 -0.0397278 0.00111098 0.0105419 -0.237984 0.971212 -1.78194 1.63831 0.619255</i>
                        <i>-0.0366081 0.969916 0.240671 -0.999266 -0.0382522 0.00216147 0.0113026 -0.240415 0.970604 -1.78227 1.63791 0.619393</i>
                        <i>-0.0351432 0.969454 0.242742 -0.99931 -0.0370071 0.00312125 0.0120091 -0.242464 0.970086 -1.78255 1.63753 0.619518</i>
                        <i>-0.0339693 0.96908 0.244397 -0.999343 -0.0360354 0.00398592 0.0126696 -0.244101 0.969667 -1.78281 1.63718 0.619628</i>
                        <i>-0.0330001 0.96877 0.245754 -0.999367 -0.0352487 0.00475561 0.0132696 -0.245442 0.96932 -1.78303 1.63686 0.619724</i>
                        <i>-0.0321201 0.968495 0.246954 -0.999389 -0.0345308 0.00543582 0.0137921 -0.246629 0.969012 -1.78323 1.63658 0.61981</i>
                        <i>-0.0313283 0.968252 0.248005 -0.999408 -0.0338809 0.00603018 0.0142414 -0.247669 0.96874 -1.7834 1.63634 0.619885</i>
                        <i>-0.0306234 0.968041 0.248914 -0.999424 -0.0332984 0.0065424 0.0146218 -0.24857 0.968503 -1.78355 1.63613 0.619949</i>
                        <i>-0.0300033 0.967861 0.249689 -0.999438 -0.0327819 0.00697628 0.0149373 -0.249339 0.968301 -1.78368 1.63596 0.620004</i>
                        <i>-0.0294654 0.96771 0.250337 -0.99945 -0.0323295 0.00733567 0.0151921 -0.249983 0.968131 -1.78378 1.63581 0.62005</i>
                        <i>-0.029007 0.967587 0.250865 -0.999461 -0.0319393 0.00762448 0.0153898 -0.250509 0.967992 -1.78387 1.6357 0.620087</i>
                        <i>-0.0286246 0.967491 0.251281 -0.99947 -0.0316087 0.00784666 0.0155342 -0.250924 0.967882 -1.78394 1.63562 0.620116</i>
                        <i>-0.0283146 0.967419 0.251593 -0.999477 -0.031335 0.00800622 0.015629 -0.251234 0.9678 -1.78398 1.63556 0.620137</i>
                        <i>-0.0280731 0.96737 0.251806 -0.999483 -0.0311153 0.00810718 0.0156777 -0.251448 0.967744 -1.78402 1.63553 0.620151</i>
                        <i>-0.0278959 0.967344 0.251929 -0.999488 -0.0309463 0.00815361 0.0156836 -0.251572 0.967712 -1.78403 1.63552 0.620159</i>
                        <i>-0.0277786 0.967337 0.251967 -0.999492 -0.0308248 0.0081496 0.0156502 -0.251613 0.967701 -1.78403 1.63553 0.62016</i>
                        <i>-0.0277166 0.967349 0.251929 -0.999494 -0.030747 0.00809924 0.0155809 -0.251578 0.967712 -1.78402 1.63556 0.620155</i>
