<?xml version="1.0" encoding="ISO-8859-1" ?>
<Animl Version="1">
    <ModellingPackage><![CDATA[Maya.2010]]></ModellingPackage>
    <SrcFile><![CDATA[anims\turrets\machinegun\red\~src\mgun_pkp\mgun_pkp_aim_up_crewman_a.mb]]></SrcFile>
    <FramesPerSecond>30</FramesPerSecond>
    <TotalFrames>97</TotalFrames>
    <Skeleton>
        <RefFrame>
            <Name><![CDATA[soldier_ref_frame]]></Name>
            <Exclude>0</Exclude>
            <Additive>0</Additive>
            <IKPriority>0</IKPriority>
            <IKRotLimits>-1e+010 -1e+010 -1e+010 1e+010 1e+010 1e+010</IKRotLimits>
            <IKRotLimitOrder>0</IKRotLimitOrder>
            <KeyFrames count="97">
                <i>1 0 0 0 1 0 0 0 1 -0.171938 0.895124 -2.30126</i>
                <i>1 0 0 0 1 0 0 0 1 -0.171938 0.895124 -2.30126</i>
                <i>1 0 0 0 1 0 0 0 1 -0.171938 0.895124 -2.30126</i>
                <i>1 0 0 0 1 0 0 0 1 -0.171938 0.895124 -2.30126</i>
                <i>1 0 0 0 1 0 0 0 1 -0.171938 0.895124 -2.30126</i>
                <i>1 0 0 0 1 0 0 0 1 -0.171938 0.895124 -2.30126</i>
                <i>1 0 0 0 1 0 0 0 1 -0.171938 0.895124 -2.30126</i>
                <i>1 0 0 0 1 0 0 0 1 -0.171938 0.895124 -2.30126</i>
                <i>1 0 0 0 1 0 0 0 1 -0.171938 0.895124 -2.30126</i>
                <i>1 0 0 0 1 0 0 0 1 -0.171938 0.895124 -2.30126</i>
                <i>1 0 0 0 1 0 0 0 1 -0.171938 0.895124 -2.30126</i>
                <i>1 0 0 0 1 0 0 0 1 -0.171938 0.895124 -2.30126</i>
                <i>1 0 0 0 1 0 0 0 1 -0.171938 0.895124 -2.30126</i>
                <i>1 0 0 0 1 0 0 0 1 -0.171938 0.895124 -2.30126</i>
                <i>1 0 0 0 1 0 0 0 1 -0.171938 0.895124 -2.30126</i>
                <i>1 0 0 0 1 0 0 0 1 -0.171938 0.895124 -2.30126</i>
                <i>1 0 0 0 1 0 0 0 1 -0.171938 0.895124 -2.30126</i>
                <i>1 0 0 0 1 0 0 0 1 -0.171938 0.895124 -2.30126</i>
                <i>1 0 0 0 1 0 0 0 1 -0.171938 0.895124 -2.30126</i>
                <i>1 0 0 0 1 0 0 0 1 -0.171938 0.895124 -2.30126</i>
                <i>1 0 0 0 1 0 0 0 1 -0.171938 0.895124 -2.30126</i>
                <i>1 0 0 0 1 0 0 0 1 -0.171938 0.895124 -2.30126</i>
                <i>1 0 0 0 1 0 0 0 1 -0.171938 0.895124 -2.30126</i>
                <i>1 0 0 0 1 0 0 0 1 -0.171938 0.895124 -2.30126</i>
                <i>1 0 0 0 1 0 0 0 1 -0.171938 0.895124 -2.30126</i>
                <i>1 0 0 0 1 0 0 0 1 -0.171938 0.895124 -2.30126</i>
                <i>1 0 0 0 1 0 0 0 1 -0.171938 0.895124 -2.30126</i>
                <i>1 0 0 0 1 0 0 0 1 -0.171938 0.895124 -2.30126</i>
                <i>1 0 0 0 1 0 0 0 1 -0.171938 0.895124 -2.30126</i>
                <i>1 0 0 0 1 0 0 0 1 -0.171938 0.895124 -2.30126</i>
                <i>1 0 0 0 1 0 0 0 1 -0.171938 0.895124 -2.30126</i>
                <i>1 0 0 0 1 0 0 0 1 -0.171938 0.895124 -2.30126</i>
                <i>1 0 0 0 1 0 0 0 1 -0.171938 0.895124 -2.30126</i>
                <i>1 0 0 0 1 0 0 0 1 -0.171938 0.895124 -2.30126</i>
                <i>1 0 0 0 1 0 0 0 1 -0.171938 0.895124 -2.30126</i>
                <i>1 0 0 0 1 0 0 0 1 -0.171938 0.895124 -2.30126</i>
                <i>1 0 0 0 1 0 0 0 1 -0.171938 0.895124 -2.30126</i>
                <i>1 0 0 0 1 0 0 0 1 -0.171938 0.895124 -2.30126</i>
                <i>1 0 0 0 1 0 0 0 1 -0.171938 0.895124 -2.30126</i>
                <i>1 0 0 0 1 0 0 0 1 -0.171938 0.895124 -2.30126</i>
                <i>1 0 0 0 1 0 0 0 1 -0.171938 0.895124 -2.30126</i>
                <i>1 0 0 0 1 0 0 0 1 -0.171938 0.895124 -2.30126</i>
                <i>1 0 0 0 1 0 0 0 1 -0.171938 0.895124 -2.30126</i>
                <i>1 0 0 0 1 0 0 0 1 -0.171938 0.895124 -2.30126</i>
                <i>1 0 0 0 1 0 0 0 1 -0.171938 0.895124 -2.30126</i>
                <i>1 0 0 0 1 0 0 0 1 -0.171938 0.895124 -2.30126</i>
                <i>1 0 0 0 1 0 0 0 1 -0.171938 0.895124 -2.30126</i>
                <i>1 0 0 0 1 0 0 0 1 -0.171938 0.895124 -2.30126</i>
                <i>1 0 0 0 1 0 0 0 1 -0.171938 0.895124 -2.30126</i>
                <i>1 0 0 0 1 0 0 0 1 -0.171938 0.895124 -2.30126</i>
                <i>1 0 0 0 1 0 0 0 1 -0.171938 0.895124 -2.30126</i>
                <i>1 0 0 0 1 0 0 0 1 -0.171938 0.895124 -2.30126</i>
                <i>1 0 0 0 1 0 0 0 1 -0.171938 0.895124 -2.30126</i>
                <i>1 0 0 0 1 0 0 0 1 -0.171938 0.895124 -2.30126</i>
                <i>1 0 0 0 1 0 0 0 1 -0.171938 0.895124 -2.30126</i>
                <i>1 0 0 0 1 0 0 0 1 -0.171938 0.895124 -2.30126</i>
                <i>1 0 0 0 1 0 0 0 1 -0.171938 0.895124 -2.30126</i>
                <i>1 0 0 0 1 0 0 0 1 -0.171938 0.895124 -2.30126</i>
                <i>1 0 0 0 1 0 0 0 1 -0.171938 0.895124 -2.30126</i>
                <i>1 0 0 0 1 0 0 0 1 -0.171938 0.895124 -2.30126</i>
                <i>1 0 0 0 1 0 0 0 1 -0.171938 0.895124 -2.30126</i>
                <i>1 0 0 0 1 0 0 0 1 -0.171938 0.895124 -2.30126</i>
                <i>1 0 0 0 1 0 0 0 1 -0.171938 0.895124 -2.30126</i>
                <i>1 0 0 0 1 0 0 0 1 -0.171938 0.895124 -2.30126</i>
                <i>1 0 0 0 1 0 0 0 1 -0.171938 0.895124 -2.30126</i>
                <i>1 0 0 0 1 0 0 0 1 -0.171938 0.895124 -2.30126</i>
                <i>1 0 0 0 1 0 0 0 1 -0.171938 0.895124 -2.30126</i>
                <i>1 0 0 0 1 0 0 0 1 -0.171938 0.895124 -2.30126</i>
                <i>1 0 0 0 1 0 0 0 1 -0.171938 0.895124 -2.30126</i>
                <i>1 0 0 0 1 0 0 0 1 -0.171938 0.895124 -2.30126</i>
                <i>1 0 0 0 1 0 0 0 1 -0.171938 0.895124 -2.30126</i>
                <i>1 0 0 0 1 0 0 0 1 -0.171938 0.895124 -2.30126</i>
                <i>1 0 0 0 1 0 0 0 1 -0.171938 0.895124 -2.30126</i>
                <i>1 0 0 0 1 0 0 0 1 -0.171938 0.895124 -2.30126</i>
                <i>1 0 0 0 1 0 0 0 1 -0.171938 0.895124 -2.30126</i>
                <i>1 0 0 0 1 0 0 0 1 -0.171938 0.895124 -2.30126</i>
                <i>1 0 0 0 1 0 0 0 1 -0.171938 0.895124 -2.30126</i>
                <i>1 0 0 0 1 0 0 0 1 -0.171938 0.895124 -2.30126</i>
                <i>1 0 0 0 1 0 0 0 1 -0.171938 0.895124 -2.30126</i>
                <i>1 0 0 0 1 0 0 0 1 -0.171938 0.895124 -2.30126</i>
                <i>1 0 0 0 1 0 0 0 1 -0.171938 0.895124 -2.30126</i>
                <i>1 0 0 0 1 0 0 0 1 -0.171938 0.895124 -2.30126</i>
                <i>1 0 0 0 1 0 0 0 1 -0.171938 0.895124 -2.30126</i>
                <i>1 0 0 0 1 0 0 0 1 -0.171938 0.895124 -2.30126</i>
                <i>1 0 0 0 1 0 0 0 1 -0.171938 0.895124 -2.30126</i>
                <i>1 0 0 0 1 0 0 0 1 -0.171938 0.895124 -2.30126</i>
                <i>1 0 0 0 1 0 0 0 1 -0.171938 0.895124 -2.30126</i>
                <i>1 0 0 0 1 0 0 0 1 -0.171938 0.895124 -2.30126</i>
                <i>1 0 0 0 1 0 0 0 1 -0.171938 0.895124 -2.30126</i>
                <i>1 0 0 0 1 0 0 0 1 -0.171938 0.895124 -2.30126</i>
                <i>1 0 0 0 1 0 0 0 1 -0.171938 0.895124 -2.30126</i>
                <i>1 0 0 0 1 0 0 0 1 -0.171938 0.895124 -2.30126</i>
                <i>1 0 0 0 1 0 0 0 1 -0.171938 0.895124 -2.30126</i>
                <i>1 0 0 0 1 0 0 0 1 -0.171938 0.895124 -2.30126</i>
                <i>1 0 0 0 1 0 0 0 1 -0.171938 0.895124 -2.30126</i>
                <i>1 0 0 0 1 0 0 0 1 -0.171938 0.895124 -2.30126</i>
                <i>1 0 0 0 1 0 0 0 1 -0.171938 0.895124 -2.30126</i>
            </KeyFrames>
        </RefFrame>
        <Bones count="23">
            <i>
                <p>
                    <Name><![CDATA[pelvis]]></Name>
                    <Exclude>0</Exclude>
                    <Additive>0</Additive>
                    <IKPriority>0</IKPriority>
                    <IKRotLimits>-1e+010 -1e+010 -1e+010 1e+010 1e+010 1e+010</IKRotLimits>
                    <IKRotLimitOrder>2</IKRotLimitOrder>
                    <KeyFrames count="97">
                        <i>1 0 0 0 1 0 0 0 1 -0.171938 1.54765 -2.3784</i>
                        <i>1 0 0 0 1 0 0 0 1 -0.171938 1.54757 -2.3784</i>
                        <i>1 0 0 0 1 0 0 0 1 -0.171938 1.54733 -2.3784</i>
                        <i>1 0 0 0 1 0 0 0 1 -0.171938 1.54696 -2.3784</i>
                        <i>1 0 0 0 1 0 0 0 1 -0.171938 1.54644 -2.3784</i>
                        <i>1 0 0 0 1 0 0 0 1 -0.171938 1.54578 -2.3784</i>
                        <i>1 0 0 0 1 0 0 0 1 -0.171938 1.54501 -2.3784</i>
                        <i>1 0 0 0 1 0 0 0 1 -0.171938 1.54411 -2.3784</i>
                        <i>1 0 0 0 1 0 0 0 1 -0.171938 1.54309 -2.3784</i>
                        <i>1 0 0 0 1 0 0 0 1 -0.171938 1.54198 -2.3784</i>
                        <i>1 0 0 0 1 0 0 0 1 -0.171938 1.54076 -2.3784</i>
                        <i>1 0 0 0 1 0 0 0 1 -0.171938 1.53945 -2.3784</i>
                        <i>1 0 0 0 1 0 0 0 1 -0.171938 1.53805 -2.3784</i>
                        <i>1 0 0 0 1 0 0 0 1 -0.171938 1.53657 -2.3784</i>
                        <i>1 0 0 0 1 0 0 0 1 -0.171938 1.53502 -2.3784</i>
                        <i>1 0 0 0 1 0 0 0 1 -0.171938 1.5334 -2.3784</i>
                        <i>1 0 0 0 1 0 0 0 1 -0.171938 1.53172 -2.3784</i>
                        <i>1 0 0 0 1 0 0 0 1 -0.171938 1.52999 -2.3784</i>
                        <i>1 0 0 0 1 0 0 0 1 -0.171938 1.52821 -2.3784</i>
                        <i>1 0 0 0 1 0 0 0 1 -0.171938 1.52639 -2.3784</i>
                        <i>1 0 0 0 1 0 0 0 1 -0.171938 1.52454 -2.3784</i>
                        <i>1 0 0 0 1 0 0 0 1 -0.171938 1.52266 -2.3784</i>
                        <i>1 0 0 0 1 0 0 0 1 -0.171938 1.52076 -2.3784</i>
                        <i>1 0 0 0 1 0 0 0 1 -0.171938 1.51885 -2.3784</i>
                        <i>1 0 0 0 1 0 0 0 1 -0.171938 1.51693 -2.3784</i>
                        <i>1 0 0 0 1 0 0 0 1 -0.171938 1.51501 -2.3784</i>
                        <i>1 0 0 0 1 0 0 0 1 -0.171938 1.5131 -2.3784</i>
                        <i>1 0 0 0 1 0 0 0 1 -0.171938 1.5112 -2.3784</i>
                        <i>1 0 0 0 1 0 0 0 1 -0.171938 1.50932 -2.3784</i>
                        <i>1 0 0 0 1 0 0 0 1 -0.171938 1.50747 -2.3784</i>
                        <i>1 0 0 0 1 0 0 0 1 -0.171938 1.50565 -2.3784</i>
                        <i>1 0 0 0 1 0 0 0 1 -0.171938 1.50387 -2.3784</i>
                        <i>1 0 0 0 1 0 0 0 1 -0.171938 1.50214 -2.3784</i>
                        <i>1 0 0 0 1 0 0 0 1 -0.171938 1.50046 -2.3784</i>
                        <i>1 0 0 0 1 0 0 0 1 -0.171938 1.49884 -2.3784</i>
                        <i>1 0 0 0 1 0 0 0 1 -0.171938 1.49729 -2.3784</i>
                        <i>1 0 0 0 1 0 0 0 1 -0.171938 1.49581 -2.3784</i>
                        <i>1 0 0 0 1 0 0 0 1 -0.171938 1.49441 -2.3784</i>
                        <i>1 0 0 0 1 0 0 0 1 -0.171938 1.4931 -2.3784</i>
                        <i>1 0 0 0 1 0 0 0 1 -0.171938 1.49188 -2.3784</i>
                        <i>1 0 0 0 1 0 0 0 1 -0.171938 1.49076 -2.3784</i>
                        <i>1 0 0 0 1 0 0 0 1 -0.171938 1.48975 -2.3784</i>
                        <i>1 0 0 0 1 0 0 0 1 -0.171938 1.48885 -2.3784</i>
                        <i>1 0 0 0 1 0 0 0 1 -0.171938 1.48808 -2.3784</i>
                        <i>1 0 0 0 1 0 0 0 1 -0.171938 1.48742 -2.3784</i>
                        <i>1 0 0 0 1 0 0 0 1 -0.171938 1.4869 -2.3784</i>
                        <i>1 0 0 0 1 0 0 0 1 -0.171938 1.48653 -2.3784</i>
                        <i>1 0 0 0 1 0 0 0 1 -0.171938 1.48629 -2.3784</i>
                        <i>1 0 0 0 1 0 0 0 1 -0.171938 1.48621 -2.3784</i>
                        <i>1 0 0 0 1 0 0 0 1 -0.171938 1.48629 -2.3784</i>
                        <i>1 0 0 0 1 0 0 0 1 -0.171938 1.48653 -2.3784</i>
                        <i>1 0 0 0 1 0 0 0 1 -0.171938 1.4869 -2.3784</i>
                        <i>1 0 0 0 1 0 0 0 1 -0.171938 1.48742 -2.3784</i>
                        <i>1 0 0 0 1 0 0 0 1 -0.171938 1.48808 -2.3784</i>
                        <i>1 0 0 0 1 0 0 0 1 -0.171938 1.48885 -2.3784</i>
                        <i>1 0 0 0 1 0 0 0 1 -0.171938 1.48975 -2.3784</i>
                        <i>1 0 0 0 1 0 0 0 1 -0.171938 1.49076 -2.3784</i>
                        <i>1 0 0 0 1 0 0 0 1 -0.171938 1.49188 -2.3784</i>
                        <i>1 0 0 0 1 0 0 0 1 -0.171938 1.4931 -2.3784</i>
                        <i>1 0 0 0 1 0 0 0 1 -0.171938 1.49441 -2.3784</i>
                        <i>1 0 0 0 1 0 0 0 1 -0.171938 1.49581 -2.3784</i>
                        <i>1 0 0 0 1 0 0 0 1 -0.171938 1.49729 -2.3784</i>
                        <i>1 0 0 0 1 0 0 0 1 -0.171938 1.49884 -2.3784</i>
                        <i>1 0 0 0 1 0 0 0 1 -0.171938 1.50046 -2.3784</i>
                        <i>1 0 0 0 1 0 0 0 1 -0.171938 1.50214 -2.3784</i>
                        <i>1 0 0 0 1 0 0 0 1 -0.171938 1.50387 -2.3784</i>
                        <i>1 0 0 0 1 0 0 0 1 -0.171938 1.50565 -2.3784</i>
                        <i>1 0 0 0 1 0 0 0 1 -0.171938 1.50747 -2.3784</i>
                        <i>1 0 0 0 1 0 0 0 1 -0.171938 1.50932 -2.3784</i>
                        <i>1 0 0 0 1 0 0 0 1 -0.171938 1.5112 -2.3784</i>
                        <i>1 0 0 0 1 0 0 0 1 -0.171938 1.5131 -2.3784</i>
                        <i>1 0 0 0 1 0 0 0 1 -0.171938 1.51501 -2.3784</i>
                        <i>1 0 0 0 1 0 0 0 1 -0.171938 1.51693 -2.3784</i>
                        <i>1 0 0 0 1 0 0 0 1 -0.171938 1.51885 -2.3784</i>
                        <i>1 0 0 0 1 0 0 0 1 -0.171938 1.52076 -2.3784</i>
                        <i>1 0 0 0 1 0 0 0 1 -0.171938 1.52266 -2.3784</i>
                        <i>1 0 0 0 1 0 0 0 1 -0.171938 1.52454 -2.3784</i>
                        <i>1 0 0 0 1 0 0 0 1 -0.171938 1.52639 -2.3784</i>
                        <i>1 0 0 0 1 0 0 0 1 -0.171938 1.52821 -2.3784</i>
                        <i>1 0 0 0 1 0 0 0 1 -0.171938 1.52999 -2.3784</i>
                        <i>1 0 0 0 1 0 0 0 1 -0.171938 1.53172 -2.3784</i>
                        <i>1 0 0 0 1 0 0 0 1 -0.171938 1.5334 -2.3784</i>
                        <i>1 0 0 0 1 0 0 0 1 -0.171938 1.53502 -2.3784</i>
                        <i>1 0 0 0 1 0 0 0 1 -0.171938 1.53657 -2.3784</i>
                        <i>1 0 0 0 1 0 0 0 1 -0.171938 1.53805 -2.3784</i>
                        <i>1 0 0 0 1 0 0 0 1 -0.171938 1.53945 -2.3784</i>
                        <i>1 0 0 0 1 0 0 0 1 -0.171938 1.54076 -2.3784</i>
                        <i>1 0 0 0 1 0 0 0 1 -0.171938 1.54198 -2.3784</i>
                        <i>1 0 0 0 1 0 0 0 1 -0.171938 1.54309 -2.3784</i>
                        <i>1 0 0 0 1 0 0 0 1 -0.171938 1.54411 -2.3784</i>
                        <i>1 0 0 0 1 0 0 0 1 -0.171938 1.54501 -2.3784</i>
                        <i>1 0 0 0 1 0 0 0 1 -0.171938 1.54578 -2.3784</i>
                        <i>1 0 0 0 1 0 0 0 1 -0.171938 1.54644 -2.3784</i>
                        <i>1 0 0 0 1 0 0 0 1 -0.171938 1.54696 -2.3784</i>
                        <i>1 0 0 0 1 0 0 0 1 -0.171938 1.54733 -2.3784</i>
                        <i>1 0 0 0 1 0 0 0 1 -0.171938 1.54757 -2.3784</i>
                        <i>1 0 0 0 1 0 0 0 1 -0.171938 1.54765 -2.3784</i>
                    </KeyFrames>
                </p>
            </i>
            <i>
                <p>
                    <Name><![CDATA[spine0]]></Name>
                    <Exclude>0</Exclude>
                    <Additive>0</Additive>
                    <IKPriority>0</IKPriority>
                    <IKRotLimits>-1e+010 -1e+010 -1e+010 1e+010 1e+010 1e+010</IKRotLimits>
                    <IKRotLimitOrder>0</IKRotLimitOrder>
                    <KeyFrames count="97">
                        <i>-0.109875 0.807614 0.579385 -0.983023 -0.00211598 -0.183472 -0.146949 -0.589707 0.794136 -0.173794 1.69134 -2.38511</i>
                        <i>-0.109923 0.807913 0.578959 -0.983015 -0.00224243 -0.18351 -0.146962 -0.589298 0.794437 -0.173794 1.69126 -2.38511</i>
                        <i>-0.109981 0.808266 0.578455 -0.983007 -0.00239212 -0.183555 -0.146977 -0.588813 0.794794 -0.173794 1.69103 -2.38511</i>
                        <i>-0.110046 0.808667 0.577882 -0.982997 -0.00256225 -0.183606 -0.146995 -0.588261 0.795199 -0.173794 1.69065 -2.38511</i>
                        <i>-0.110117 0.809109 0.577249 -0.982986 -0.00275005 -0.183662 -0.147015 -0.587652 0.795646 -0.173794 1.69013 -2.38511</i>
                        <i>-0.110195 0.809586 0.576565 -0.982974 -0.00295271 -0.183722 -0.147037 -0.586994 0.796127 -0.173794 1.68948 -2.38511</i>
                        <i>-0.110277 0.810091 0.57584 -0.982961 -0.00316748 -0.183787 -0.14706 -0.586296 0.796637 -0.173794 1.6887 -2.38511</i>
                        <i>-0.110362 0.810618 0.575082 -0.982948 -0.0033916 -0.183854 -0.147085 -0.585566 0.797169 -0.173794 1.6878 -2.38511</i>
                        <i>-0.11045 0.811159 0.574301 -0.982934 -0.00362234 -0.183923 -0.14711 -0.584814 0.797716 -0.173794 1.68679 -2.38511</i>
                        <i>-0.11054 0.81171 0.573505 -0.98292 -0.00385697 -0.183993 -0.147137 -0.584048 0.798272 -0.173794 1.68567 -2.38511</i>
                        <i>-0.11063 0.812263 0.572705 -0.982906 -0.0040928 -0.184063 -0.147164 -0.583278 0.79883 -0.173794 1.68445 -2.38511</i>
                        <i>-0.110719 0.812812 0.571908 -0.982892 -0.00432714 -0.184133 -0.147191 -0.582511 0.799385 -0.173794 1.68314 -2.38511</i>
                        <i>-0.110806 0.813351 0.571124 -0.982878 -0.00455736 -0.184202 -0.147218 -0.581756 0.799929 -0.173794 1.68174 -2.38511</i>
                        <i>-0.110891 0.813874 0.570362 -0.982864 -0.00478081 -0.184269 -0.147245 -0.581022 0.800457 -0.173794 1.68026 -2.38511</i>
                        <i>-0.110973 0.814374 0.569631 -0.982851 -0.00499486 -0.184333 -0.147271 -0.580319 0.800963 -0.173794 1.67871 -2.38511</i>
                        <i>-0.111049 0.814846 0.568941 -0.982839 -0.00519693 -0.184393 -0.147296 -0.579654 0.80144 -0.173794 1.67709 -2.38511</i>
                        <i>-0.111121 0.815284 0.568299 -0.982827 -0.00538442 -0.184449 -0.147319 -0.579036 0.801882 -0.173794 1.67541 -2.38511</i>
                        <i>-0.111185 0.815682 0.567715 -0.982817 -0.00555476 -0.1845 -0.14734 -0.578474 0.802284 -0.173794 1.67368 -2.38511</i>
                        <i>-0.111242 0.816034 0.567199 -0.982807 -0.00570538 -0.184545 -0.147359 -0.577976 0.802639 -0.173794 1.6719 -2.38511</i>
                        <i>-0.111291 0.816333 0.566758 -0.982799 -0.00583372 -0.184584 -0.147375 -0.577552 0.802941 -0.173794 1.67008 -2.38511</i>
                        <i>-0.11133 0.816574 0.566403 -0.982793 -0.00593721 -0.184615 -0.147389 -0.57721 0.803185 -0.173794 1.66823 -2.38511</i>
                        <i>-0.111359 0.816752 0.566141 -0.982788 -0.00601328 -0.184637 -0.147398 -0.576958 0.803364 -0.173794 1.66635 -2.38511</i>
                        <i>-0.111376 0.816859 0.565983 -0.982785 -0.00605937 -0.184651 -0.147404 -0.576806 0.803472 -0.173794 1.66445 -2.38511</i>
                        <i>-0.111381 0.81689 0.565937 -0.982785 -0.00607286 -0.184655 -0.147406 -0.576761 0.803504 -0.173794 1.66254 -2.38511</i>
                        <i>-0.111373 0.81684 0.566011 -0.982786 -0.00605113 -0.184649 -0.147403 -0.576833 0.803453 -0.173794 1.66062 -2.38511</i>
                        <i>-0.111356 0.816732 0.56617 -0.982789 -0.00600497 -0.184635 -0.147397 -0.576986 0.803344 -0.173794 1.6587 -2.38511</i>
                        <i>-0.111334 0.816597 0.566369 -0.982792 -0.00594725 -0.184618 -0.14739 -0.577177 0.803208 -0.173794 1.65679 -2.38511</i>
                        <i>-0.111308 0.816437 0.566605 -0.982797 -0.00587843 -0.184597 -0.147381 -0.577405 0.803046 -0.173794 1.65489 -2.38511</i>
                        <i>-0.111278 0.816251 0.566878 -0.982802 -0.00579899 -0.184573 -0.147371 -0.577668 0.802859 -0.173794 1.65302 -2.38511</i>
                        <i>-0.111244 0.816042 0.567186 -0.982807 -0.00570939 -0.184547 -0.14736 -0.577964 0.802647 -0.173794 1.65116 -2.38511</i>
                        <i>-0.111206 0.815811 0.567527 -0.982813 -0.00561011 -0.184517 -0.147347 -0.578292 0.802413 -0.173794 1.64934 -2.38511</i>
                        <i>-0.111165 0.815557 0.567899 -0.98282 -0.00550161 -0.184484 -0.147333 -0.57865 0.802157 -0.173794 1.64757 -2.38511</i>
                        <i>-0.111121 0.815283 0.5683 -0.982827 -0.00538436 -0.184449 -0.147319 -0.579037 0.801881 -0.173794 1.64583 -2.38511</i>
                        <i>-0.111073 0.81499 0.56873 -0.982835 -0.00525884 -0.184412 -0.147303 -0.579451 0.801585 -0.173794 1.64416 -2.38511</i>
                        <i>-0.111023 0.814678 0.569187 -0.982843 -0.0051255 -0.184372 -0.147287 -0.579891 0.80127 -0.173794 1.64254 -2.38511</i>
                        <i>-0.110969 0.814349 0.569668 -0.982852 -0.00498481 -0.18433 -0.147269 -0.580354 0.800938 -0.173794 1.64098 -2.38511</i>
                        <i>-0.110913 0.814004 0.570172 -0.982861 -0.00483724 -0.184286 -0.147251 -0.580839 0.800589 -0.173794 1.63951 -2.38511</i>
                        <i>-0.110855 0.813644 0.570697 -0.98287 -0.00468327 -0.18424 -0.147233 -0.581345 0.800225 -0.173794 1.63811 -2.38511</i>
                        <i>-0.110794 0.813269 0.571242 -0.98288 -0.00452336 -0.184192 -0.147214 -0.58187 0.799847 -0.173794 1.6368 -2.38511</i>
                        <i>-0.110731 0.812882 0.571805 -0.98289 -0.00435798 -0.184143 -0.147194 -0.582412 0.799456 -0.173794 1.63558 -2.38511</i>
                        <i>-0.110666 0.812483 0.572385 -0.9829 -0.00418762 -0.184092 -0.147175 -0.58297 0.799053 -0.173794 1.63446 -2.38511</i>
                        <i>-0.1106 0.812073 0.572979 -0.982911 -0.00401275 -0.18404 -0.147154 -0.583542 0.798639 -0.173794 1.63345 -2.38511</i>
                        <i>-0.110531 0.811654 0.573586 -0.982921 -0.00383384 -0.183986 -0.147134 -0.584127 0.798215 -0.173794 1.63255 -2.38511</i>
                        <i>-0.110462 0.811226 0.574205 -0.982932 -0.00365139 -0.183931 -0.147113 -0.584722 0.797783 -0.173794 1.63177 -2.38511</i>
                        <i>-0.110391 0.81079 0.574833 -0.982943 -0.00346587 -0.183876 -0.147093 -0.585327 0.797343 -0.173794 1.63112 -2.38511</i>
                        <i>-0.110319 0.810349 0.575469 -0.982955 -0.00327777 -0.18382 -0.147072 -0.585939 0.796897 -0.173794 1.6306 -2.38511</i>
                        <i>-0.110247 0.809902 0.576112 -0.982966 -0.00308758 -0.183763 -0.147051 -0.586557 0.796446 -0.173794 1.63022 -2.38511</i>
                        <i>-0.110173 0.809451 0.576759 -0.982977 -0.0028958 -0.183705 -0.14703 -0.58718 0.795991 -0.173794 1.62999 -2.38511</i>
                        <i>-0.110099 0.808998 0.577409 -0.982988 -0.00270292 -0.183648 -0.14701 -0.587806 0.795533 -0.173794 1.62991 -2.38511</i>
                        <i>-0.110025 0.808543 0.57806 -0.983 -0.00250944 -0.18359 -0.14699 -0.588432 0.795073 -0.173794 1.62999 -2.38511</i>
                        <i>-0.109951 0.808087 0.57871 -0.983011 -0.00231586 -0.183532 -0.146969 -0.589058 0.794613 -0.173794 1.63022 -2.38511</i>
                        <i>-0.109877 0.807632 0.579359 -0.983022 -0.00212269 -0.183474 -0.14695 -0.589682 0.794154 -0.173794 1.6306 -2.38511</i>
                        <i>-0.109803 0.80718 0.580004 -0.983033 -0.00193044 -0.183416 -0.14693 -0.590303 0.793697 -0.173794 1.63112 -2.38511</i>
                        <i>-0.10973 0.80673 0.580643 -0.983044 -0.00173962 -0.183359 -0.146911 -0.590917 0.793242 -0.173794 1.63177 -2.38511</i>
                        <i>-0.109658 0.806285 0.581274 -0.983055 -0.00155075 -0.183303 -0.146893 -0.591525 0.792793 -0.173794 1.63255 -2.38511</i>
                        <i>-0.109586 0.805845 0.581897 -0.983066 -0.00136433 -0.183247 -0.146875 -0.592124 0.792349 -0.173794 1.63345 -2.38511</i>
                        <i>-0.109515 0.805413 0.582509 -0.983076 -0.00118091 -0.183192 -0.146857 -0.592713 0.791912 -0.173794 1.63446 -2.38511</i>
                        <i>-0.109446 0.804988 0.583108 -0.983087 -0.001001 -0.183138 -0.14684 -0.59329 0.791483 -0.173794 1.63558 -2.38511</i>
                        <i>-0.109379 0.804573 0.583694 -0.983097 -0.000825123 -0.183085 -0.146824 -0.593853 0.791063 -0.173794 1.6368 -2.38511</i>
                        <i>-0.109313 0.804169 0.584263 -0.983106 -0.000653816 -0.183034 -0.146808 -0.594401 0.790655 -0.173794 1.63811 -2.38511</i>
                        <i>-0.109248 0.803776 0.584815 -0.983116 -0.000487613 -0.182984 -0.146793 -0.594932 0.790258 -0.173794 1.63951 -2.38511</i>
                        <i>-0.109187 0.803397 0.585348 -0.983125 -0.000327035 -0.182936 -0.146779 -0.595444 0.789875 -0.173794 1.64098 -2.38511</i>
                        <i>-0.109127 0.803032 0.58586 -0.983133 -0.000172636 -0.18289 -0.146765 -0.595936 0.789506 -0.173794 1.64254 -2.38511</i>
                        <i>-0.10907 0.802682 0.586349 -0.983142 -2.4947e-005 -0.182846 -0.146752 -0.596407 0.789153 -0.173794 1.64416 -2.38511</i>
                        <i>-0.109016 0.80235 0.586813 -0.983149 0.000115494 -0.182803 -0.14674 -0.596853 0.788818 -0.173794 1.64583 -2.38511</i>
                        <i>-0.108965 0.802036 0.587252 -0.983157 0.00024815 -0.182764 -0.146729 -0.597275 0.788501 -0.173794 1.64757 -2.38511</i>
                        <i>-0.108916 0.801742 0.587662 -0.983164 0.00037246 -0.182726 -0.146718 -0.59767 0.788203 -0.173794 1.64934 -2.38511</i>
                        <i>-0.108872 0.801469 0.588043 -0.98317 0.000487902 -0.182692 -0.146709 -0.598036 0.787927 -0.173794 1.65116 -2.38511</i>
                        <i>-0.108831 0.801218 0.588392 -0.983176 0.000593925 -0.18266 -0.1467 -0.598372 0.787674 -0.173794 1.65302 -2.38511</i>
                        <i>-0.108794 0.80099 0.588709 -0.983181 0.000689987 -0.182631 -0.146692 -0.598677 0.787444 -0.173794 1.65489 -2.38511</i>
                        <i>-0.108761 0.800788 0.588991 -0.983186 0.000775546 -0.182605 -0.146685 -0.598948 0.787239 -0.173794 1.65679 -2.38511</i>
                        <i>-0.108732 0.800611 0.589236 -0.98319 0.000850059 -0.182583 -0.146679 -0.599183 0.787061 -0.173794 1.6587 -2.38511</i>
                        <i>-0.108707 0.800462 0.589443 -0.983194 0.000912997 -0.182564 -0.146674 -0.599383 0.78691 -0.173794 1.66062 -2.38511</i>
                        <i>-0.108692 0.800367 0.589575 -0.983196 0.000953059 -0.182552 -0.146671 -0.599509 0.786814 -0.173794 1.66254 -2.38511</i>
                        <i>-0.108689 0.800348 0.589601 -0.983196 0.000960903 -0.18255 -0.14667 -0.599534 0.786795 -0.173794 1.66445 -2.38511</i>
                        <i>-0.108697 0.8004 0.589529 -0.983195 0.000938928 -0.182556 -0.146672 -0.599465 0.786847 -0.173794 1.66635 -2.38511</i>
                        <i>-0.108717 0.800517 0.589367 -0.983192 0.000889547 -0.182571 -0.146676 -0.599309 0.786965 -0.173794 1.66823 -2.38511</i>
                        <i>-0.108745 0.800693 0.589123 -0.983188 0.000815196 -0.182594 -0.146682 -0.599075 0.787143 -0.173794 1.67008 -2.38511</i>
                        <i>-0.108783 0.800922 0.588804 -0.983183 0.000718321 -0.182623 -0.146689 -0.598768 0.787374 -0.173794 1.6719 -2.38511</i>
                        <i>-0.108828 0.801198 0.588419 -0.983176 0.000601369 -0.182658 -0.146699 -0.598398 0.787654 -0.173794 1.67368 -2.38511</i>
                        <i>-0.108881 0.801517 0.587976 -0.983169 0.000466794 -0.182698 -0.14671 -0.597972 0.787975 -0.173794 1.67541 -2.38511</i>
                        <i>-0.108939 0.801871 0.587483 -0.983161 0.000317037 -0.182743 -0.146722 -0.597498 0.788333 -0.173794 1.67709 -2.38511</i>
                        <i>-0.109001 0.802255 0.586946 -0.983152 0.000154553 -0.182792 -0.146736 -0.596982 0.788721 -0.173794 1.67871 -2.38511</i>
                        <i>-0.109068 0.802663 0.586376 -0.983142 -1.82293e-005 -0.182844 -0.146751 -0.596433 0.789134 -0.173794 1.68026 -2.38511</i>
                        <i>-0.109138 0.80309 0.585778 -0.983132 -0.000198882 -0.182898 -0.146767 -0.595858 0.789565 -0.173794 1.68174 -2.38511</i>
                        <i>-0.10921 0.803529 0.585161 -0.983122 -0.000384996 -0.182953 -0.146783 -0.595265 0.790009 -0.173794 1.68314 -2.38511</i>
                        <i>-0.109283 0.803976 0.584534 -0.983111 -0.000574166 -0.18301 -0.1468 -0.594661 0.79046 -0.173794 1.68445 -2.38511</i>
                        <i>-0.109356 0.804424 0.583903 -0.9831 -0.000764007 -0.183067 -0.146817 -0.594055 0.790913 -0.173794 1.68567 -2.38511</i>
                        <i>-0.109429 0.804868 0.583277 -0.983089 -0.000952151 -0.183123 -0.146835 -0.593453 0.791362 -0.173794 1.68679 -2.38511</i>
                        <i>-0.109499 0.805303 0.582664 -0.983079 -0.00113624 -0.183179 -0.146852 -0.592863 0.7918 -0.173794 1.6878 -2.38511</i>
                        <i>-0.109568 0.805722 0.582072 -0.983069 -0.00131393 -0.183232 -0.146869 -0.592293 0.792224 -0.173794 1.6887 -2.38511</i>
                        <i>-0.109633 0.80612 0.581507 -0.983059 -0.0014829 -0.183282 -0.146885 -0.59175 0.792627 -0.173794 1.68948 -2.38511</i>
                        <i>-0.109693 0.806493 0.580979 -0.98305 -0.00164082 -0.18333 -0.146901 -0.591242 0.793003 -0.173794 1.69013 -2.38511</i>
                        <i>-0.109749 0.806834 0.580495 -0.983042 -0.00178539 -0.183373 -0.146915 -0.590776 0.793347 -0.173794 1.69065 -2.38511</i>
                        <i>-0.109798 0.807138 0.580063 -0.983034 -0.0019143 -0.183412 -0.146928 -0.59036 0.793655 -0.173794 1.69103 -2.38511</i>
                        <i>-0.109841 0.8074 0.57969 -0.983028 -0.00202526 -0.183445 -0.146939 -0.590001 0.793919 -0.173794 1.69126 -2.38511</i>
                        <i>-0.109875 0.807614 0.579385 -0.983023 -0.00211598 -0.183472 -0.146949 -0.589707 0.794136 -0.173794 1.69134 -2.38511</i>
                    </KeyFrames>
                </p>
            </i>
            <i>
                <p>
                    <Name><![CDATA[spine1]]></Name>
                    <Exclude>0</Exclude>
                    <Additive>0</Additive>
                    <IKPriority>0</IKPriority>
                    <IKRotLimits>-1e+010 -1e+010 -1e+010 1e+010 1e+010 1e+010</IKRotLimits>
                    <IKRotLimitOrder>0</IKRotLimitOrder>
                    <KeyFrames count="97">
                        <i>-0.111687 0.35102 0.929683 -0.992544 -0.0853653 -0.087007 0.0488216 -0.932469 0.357936 -0.194421 1.84311 -2.27635</i>
                        <i>-0.111918 0.352229 0.929198 -0.992518 -0.0855444 -0.0871176 0.0488024 -0.931996 0.359167 -0.194427 1.84307 -2.27644</i>
                        <i>-0.112194 0.353669 0.928617 -0.992488 -0.0857586 -0.0872488 0.0487797 -0.931431 0.360634 -0.194434 1.84288 -2.27655</i>
                        <i>-0.112508 0.355315 0.927951 -0.992454 -0.0860036 -0.0873978 0.0487534 -0.930782 0.36231 -0.194443 1.84255 -2.27668</i>
                        <i>-0.112857 0.357139 0.927208 -0.992416 -0.0862756 -0.0875622 0.0487236 -0.930058 0.364167 -0.194452 1.84208 -2.27682</i>
                        <i>-0.113234 0.359113 0.9264 -0.992375 -0.0865703 -0.0877395 0.0486904 -0.929271 0.366177 -0.194463 1.84149 -2.27697</i>
                        <i>-0.113634 0.36121 0.925535 -0.992331 -0.0868838 -0.0879271 0.0486538 -0.928428 0.368313 -0.194474 1.84077 -2.27713</i>
                        <i>-0.114053 0.363404 0.924624 -0.992285 -0.0872119 -0.0881226 0.0486141 -0.927541 0.370547 -0.194485 1.83994 -2.2773</i>
                        <i>-0.114486 0.365668 0.923678 -0.992237 -0.0875505 -0.0883235 0.0485714 -0.926619 0.372852 -0.194497 1.83899 -2.27747</i>
                        <i>-0.114926 0.367974 0.922706 -0.992188 -0.0878958 -0.0885274 0.0485263 -0.925672 0.375201 -0.194509 1.83794 -2.27764</i>
                        <i>-0.115369 0.370296 0.921722 -0.992139 -0.0882436 -0.0887319 0.0484789 -0.924713 0.377566 -0.194521 1.83679 -2.27782</i>
                        <i>-0.115811 0.372608 0.920734 -0.99209 -0.0885898 -0.0889347 0.0484299 -0.923751 0.37992 -0.194533 1.83555 -2.27799</i>
                        <i>-0.116245 0.374882 0.919756 -0.992042 -0.0889307 -0.0891336 0.0483799 -0.922797 0.382236 -0.194545 1.83421 -2.27816</i>
                        <i>-0.116667 0.377093 0.918798 -0.991995 -0.0892621 -0.0893262 0.0483296 -0.921864 0.384488 -0.194556 1.8328 -2.27833</i>
                        <i>-0.117072 0.379213 0.917873 -0.991949 -0.0895801 -0.0895103 0.0482797 -0.920963 0.386648 -0.194567 1.83131 -2.27849</i>
                        <i>-0.117454 0.381218 0.916994 -0.991906 -0.0898807 -0.0896838 0.048231 -0.920106 0.388689 -0.194577 1.82975 -2.27864</i>
                        <i>-0.11781 0.383079 0.916172 -0.991866 -0.0901601 -0.0898445 0.0481846 -0.919305 0.390585 -0.194587 1.82812 -2.27878</i>
                        <i>-0.118133 0.384773 0.91542 -0.99183 -0.0904142 -0.0899902 0.0481412 -0.918572 0.39231 -0.194595 1.82644 -2.27891</i>
                        <i>-0.118419 0.386272 0.914752 -0.991798 -0.0906392 -0.0901189 0.048102 -0.917921 0.393837 -0.194603 1.8247 -2.27902</i>
                        <i>-0.118663 0.38755 0.914179 -0.99177 -0.0908312 -0.0902284 0.048068 -0.917363 0.395139 -0.194609 1.82292 -2.27911</i>
                        <i>-0.11886 0.388582 0.913716 -0.991748 -0.0909861 -0.0903166 0.0480401 -0.916911 0.39619 -0.194615 1.8211 -2.27919</i>
                        <i>-0.119005 0.389341 0.913374 -0.991732 -0.0911002 -0.0903814 0.0480194 -0.916578 0.396963 -0.194618 1.81924 -2.27925</i>
                        <i>-0.119093 0.389801 0.913166 -0.991722 -0.0911694 -0.0904206 0.0480068 -0.916375 0.397432 -0.194621 1.81736 -2.27928</i>
                        <i>-0.119119 0.389937 0.913105 -0.991719 -0.0911899 -0.0904321 0.0480031 -0.916315 0.39757 -0.194621 1.81545 -2.27929</i>
                        <i>-0.119078 0.389721 0.913202 -0.991724 -0.0911576 -0.0904137 0.0480092 -0.91641 0.397351 -0.19462 1.81352 -2.27928</i>
                        <i>-0.11899 0.389262 0.913409 -0.991733 -0.0910888 -0.0903744 0.048022 -0.916612 0.396883 -0.194618 1.81159 -2.27924</i>
                        <i>-0.11888 0.388689 0.913668 -0.991746 -0.0910028 -0.0903253 0.0480379 -0.916864 0.396299 -0.194615 1.80966 -2.2792</i>
                        <i>-0.11875 0.388005 0.913975 -0.991761 -0.0909004 -0.0902667 0.0480567 -0.917164 0.395603 -0.194612 1.80775 -2.27915</i>
                        <i>-0.118599 0.387216 0.914329 -0.991777 -0.0907822 -0.0901991 0.0480782 -0.917509 0.394799 -0.194608 1.80584 -2.27909</i>
                        <i>-0.118429 0.386327 0.914727 -0.991797 -0.0906489 -0.0901227 0.0481021 -0.917896 0.393894 -0.194603 1.80397 -2.27902</i>
                        <i>-0.118241 0.385343 0.915167 -0.991818 -0.0905014 -0.090038 0.0481283 -0.918325 0.392891 -0.194598 1.80212 -2.27894</i>
                        <i>-0.118036 0.384267 0.915645 -0.991841 -0.0903402 -0.0899454 0.0481565 -0.918791 0.391795 -0.194593 1.80031 -2.27886</i>
                        <i>-0.117814 0.383105 0.916161 -0.991866 -0.0901661 -0.0898451 0.0481865 -0.919294 0.390612 -0.194587 1.79855 -2.27878</i>
                        <i>-0.117577 0.381862 0.91671 -0.991893 -0.0899799 -0.0897377 0.048218 -0.919829 0.389346 -0.194581 1.79683 -2.27868</i>
                        <i>-0.117325 0.380542 0.917291 -0.991921 -0.0897822 -0.0896234 0.0482509 -0.920395 0.388001 -0.194574 1.79518 -2.27858</i>
                        <i>-0.117059 0.37915 0.917901 -0.99195 -0.0895737 -0.0895027 0.0482848 -0.920989 0.386584 -0.194567 1.79358 -2.27848</i>
                        <i>-0.11678 0.377691 0.918538 -0.991982 -0.0893552 -0.0893759 0.0483196 -0.92161 0.385098 -0.19456 1.79206 -2.27837</i>
                        <i>-0.11649 0.37617 0.919199 -0.992014 -0.0891273 -0.0892434 0.048355 -0.922254 0.383549 -0.194552 1.79062 -2.27825</i>
                        <i>-0.116188 0.374591 0.919881 -0.992048 -0.0888909 -0.0891056 0.0483908 -0.922919 0.381941 -0.194544 1.78926 -2.27813</i>
                        <i>-0.115877 0.37296 0.920583 -0.992082 -0.0886465 -0.0889628 0.0484269 -0.923603 0.380279 -0.194535 1.788 -2.27801</i>
                        <i>-0.115556 0.37128 0.921302 -0.992118 -0.0883949 -0.0888155 0.048463 -0.924304 0.378568 -0.194527 1.78683 -2.27788</i>
                        <i>-0.115227 0.369557 0.922036 -0.992154 -0.0881369 -0.088664 0.048499 -0.925019 0.376814 -0.194518 1.78577 -2.27775</i>
                        <i>-0.114891 0.367796 0.922782 -0.992192 -0.0878732 -0.0885088 0.0485346 -0.925745 0.37502 -0.194509 1.78482 -2.27762</i>
                        <i>-0.114548 0.366002 0.923538 -0.99223 -0.0876044 -0.0883502 0.0485696 -0.926482 0.373192 -0.194499 1.78399 -2.27749</i>
                        <i>-0.1142 0.364178 0.924301 -0.992268 -0.0873313 -0.0881887 0.0486041 -0.927226 0.371336 -0.19449 1.78328 -2.27735</i>
                        <i>-0.113847 0.362331 0.92507 -0.992307 -0.0870547 -0.0880247 0.0486376 -0.927975 0.369455 -0.19448 1.78271 -2.27721</i>
                        <i>-0.113491 0.360465 0.925843 -0.992346 -0.0867752 -0.0878585 0.0486703 -0.928728 0.367554 -0.19447 1.78227 -2.27707</i>
                        <i>-0.113132 0.358585 0.926616 -0.992386 -0.0864936 -0.0876906 0.0487019 -0.929481 0.36564 -0.19446 1.78198 -2.27693</i>
                        <i>-0.112772 0.356696 0.927389 -0.992425 -0.0862107 -0.0875215 0.0487323 -0.930234 0.363716 -0.19445 1.78185 -2.27678</i>
                        <i>-0.11241 0.354802 0.928159 -0.992465 -0.0859271 -0.0873515 0.0487615 -0.930984 0.361788 -0.19444 1.78187 -2.27664</i>
                        <i>-0.112049 0.352909 0.928924 -0.992504 -0.0856436 -0.0871811 0.0487894 -0.93173 0.35986 -0.19443 1.78205 -2.2765</i>
                        <i>-0.111689 0.351022 0.929682 -0.992544 -0.0853609 -0.0870108 0.0488158 -0.932468 0.357939 -0.19442 1.78237 -2.27636</i>
                        <i>-0.111331 0.349146 0.930431 -0.992583 -0.0850798 -0.086841 0.0488407 -0.933198 0.356028 -0.19441 1.78283 -2.27622</i>
                        <i>-0.110975 0.347285 0.93117 -0.992621 -0.084801 -0.0866721 0.0488642 -0.933917 0.354133 -0.1944 1.78343 -2.27608</i>
                        <i>-0.110624 0.345445 0.931896 -0.992659 -0.0845253 -0.0865047 0.0488862 -0.934625 0.35226 -0.19439 1.78415 -2.27594</i>
                        <i>-0.110278 0.343631 0.932608 -0.992697 -0.0842534 -0.0863392 0.0489066 -0.935318 0.350412 -0.19438 1.78499 -2.2758</i>
                        <i>-0.109938 0.341847 0.933303 -0.992734 -0.0839861 -0.086176 0.0489255 -0.935995 0.348596 -0.194371 1.78595 -2.27567</i>
                        <i>-0.109604 0.340099 0.933981 -0.99277 -0.0837241 -0.0860157 0.0489429 -0.936655 0.346816 -0.194361 1.78701 -2.27554</i>
                        <i>-0.109278 0.338391 0.934639 -0.992805 -0.0834682 -0.0858588 0.0489588 -0.937296 0.345078 -0.194352 1.78818 -2.27541</i>
                        <i>-0.108961 0.33673 0.935276 -0.992839 -0.0832192 -0.0857056 0.0489732 -0.937917 0.343386 -0.194343 1.78944 -2.27528</i>
                        <i>-0.108654 0.335119 0.93589 -0.992872 -0.0829777 -0.0855568 0.0489862 -0.938515 0.341746 -0.194334 1.79079 -2.27516</i>
                        <i>-0.108357 0.333564 0.93648 -0.992904 -0.0827445 -0.0854129 0.0489979 -0.939089 0.340163 -0.194325 1.79222 -2.27505</i>
                        <i>-0.108072 0.33207 0.937043 -0.992934 -0.0825205 -0.0852743 0.0490083 -0.939638 0.338642 -0.194317 1.79373 -2.27493</i>
                        <i>-0.107799 0.330642 0.937579 -0.992964 -0.0823064 -0.0851415 0.0490174 -0.94016 0.337188 -0.194309 1.7953 -2.27483</i>
                        <i>-0.107541 0.329285 0.938087 -0.992991 -0.0821029 -0.0850151 0.0490254 -0.940654 0.335807 -0.194301 1.79694 -2.27472</i>
                        <i>-0.107296 0.328005 0.938563 -0.993017 -0.0819108 -0.0848955 0.0490324 -0.941118 0.334503 -0.194294 1.79863 -2.27463</i>
                        <i>-0.107067 0.326805 0.939007 -0.993042 -0.081731 -0.0847834 0.0490383 -0.941551 0.333282 -0.194288 1.80037 -2.27454</i>
