<?xml version="1.0" encoding="ISO-8859-1" ?>
<Animl Version="1">
    <ModellingPackage><![CDATA[Maya.2010]]></ModellingPackage>
    <SrcFile><![CDATA[anims\turrets\machinegun\red\~src\mgun_pkp\mgun_pkp_aim_down_crewman_b.mb]]></SrcFile>
    <FramesPerSecond>30</FramesPerSecond>
    <TotalFrames>97</TotalFrames>
    <Skeleton>
        <RefFrame>
            <Name><![CDATA[soldier_ref_frame]]></Name>
            <Exclude>0</Exclude>
            <Additive>0</Additive>
            <IKPriority>0</IKPriority>
            <IKRotLimits>-1e+010 -1e+010 -1e+010 1e+010 1e+010 1e+010</IKRotLimits>
            <IKRotLimitOrder>0</IKRotLimitOrder>
            <KeyFrames count="97">
                <i>1 0 0 0 1 0 0 0 1 1.24609 0.919741 -0.0847335</i>
                <i>1 0 0 0 1 0 0 0 1 1.24609 0.919741 -0.0847335</i>
                <i>1 0 0 0 1 0 0 0 1 1.24609 0.919741 -0.0847335</i>
                <i>1 0 0 0 1 0 0 0 1 1.24609 0.919741 -0.0847335</i>
                <i>1 0 0 0 1 0 0 0 1 1.24609 0.919741 -0.0847335</i>
                <i>1 0 0 0 1 0 0 0 1 1.24609 0.919741 -0.0847335</i>
                <i>1 0 0 0 1 0 0 0 1 1.24609 0.919741 -0.0847335</i>
                <i>1 0 0 0 1 0 0 0 1 1.24609 0.919741 -0.0847335</i>
                <i>1 0 0 0 1 0 0 0 1 1.24609 0.919741 -0.0847335</i>
                <i>1 0 0 0 1 0 0 0 1 1.24609 0.919741 -0.0847335</i>
                <i>1 0 0 0 1 0 0 0 1 1.24609 0.919741 -0.0847335</i>
                <i>1 0 0 0 1 0 0 0 1 1.24609 0.919741 -0.0847335</i>
                <i>1 0 0 0 1 0 0 0 1 1.24609 0.919741 -0.0847335</i>
                <i>1 0 0 0 1 0 0 0 1 1.24609 0.919741 -0.0847335</i>
                <i>1 0 0 0 1 0 0 0 1 1.24609 0.919741 -0.0847335</i>
                <i>1 0 0 0 1 0 0 0 1 1.24609 0.919741 -0.0847335</i>
                <i>1 0 0 0 1 0 0 0 1 1.24609 0.919741 -0.0847335</i>
                <i>1 0 0 0 1 0 0 0 1 1.24609 0.919741 -0.0847335</i>
                <i>1 0 0 0 1 0 0 0 1 1.24609 0.919741 -0.0847335</i>
                <i>1 0 0 0 1 0 0 0 1 1.24609 0.919741 -0.0847335</i>
                <i>1 0 0 0 1 0 0 0 1 1.24609 0.919741 -0.0847335</i>
                <i>1 0 0 0 1 0 0 0 1 1.24609 0.919741 -0.0847335</i>
                <i>1 0 0 0 1 0 0 0 1 1.24609 0.919741 -0.0847335</i>
                <i>1 0 0 0 1 0 0 0 1 1.24609 0.919741 -0.0847335</i>
                <i>1 0 0 0 1 0 0 0 1 1.24609 0.919741 -0.0847335</i>
                <i>1 0 0 0 1 0 0 0 1 1.24609 0.919741 -0.0847335</i>
                <i>1 0 0 0 1 0 0 0 1 1.24609 0.919741 -0.0847335</i>
                <i>1 0 0 0 1 0 0 0 1 1.24609 0.919741 -0.0847335</i>
                <i>1 0 0 0 1 0 0 0 1 1.24609 0.919741 -0.0847335</i>
                <i>1 0 0 0 1 0 0 0 1 1.24609 0.919741 -0.0847335</i>
                <i>1 0 0 0 1 0 0 0 1 1.24609 0.919741 -0.0847335</i>
                <i>1 0 0 0 1 0 0 0 1 1.24609 0.919741 -0.0847335</i>
                <i>1 0 0 0 1 0 0 0 1 1.24609 0.919741 -0.0847335</i>
                <i>1 0 0 0 1 0 0 0 1 1.24609 0.919741 -0.0847335</i>
                <i>1 0 0 0 1 0 0 0 1 1.24609 0.919741 -0.0847335</i>
                <i>1 0 0 0 1 0 0 0 1 1.24609 0.919741 -0.0847335</i>
                <i>1 0 0 0 1 0 0 0 1 1.24609 0.919741 -0.0847335</i>
                <i>1 0 0 0 1 0 0 0 1 1.24609 0.919741 -0.0847335</i>
                <i>1 0 0 0 1 0 0 0 1 1.24609 0.919741 -0.0847335</i>
                <i>1 0 0 0 1 0 0 0 1 1.24609 0.919741 -0.0847335</i>
                <i>1 0 0 0 1 0 0 0 1 1.24609 0.919741 -0.0847335</i>
                <i>1 0 0 0 1 0 0 0 1 1.24609 0.919741 -0.0847335</i>
                <i>1 0 0 0 1 0 0 0 1 1.24609 0.919741 -0.0847335</i>
                <i>1 0 0 0 1 0 0 0 1 1.24609 0.919741 -0.0847335</i>
                <i>1 0 0 0 1 0 0 0 1 1.24609 0.919741 -0.0847335</i>
                <i>1 0 0 0 1 0 0 0 1 1.24609 0.919741 -0.0847335</i>
                <i>1 0 0 0 1 0 0 0 1 1.24609 0.919741 -0.0847335</i>
                <i>1 0 0 0 1 0 0 0 1 1.24609 0.919741 -0.0847335</i>
                <i>1 0 0 0 1 0 0 0 1 1.24609 0.919741 -0.0847335</i>
                <i>1 0 0 0 1 0 0 0 1 1.24609 0.919741 -0.0847335</i>
                <i>1 0 0 0 1 0 0 0 1 1.24609 0.919741 -0.0847335</i>
                <i>1 0 0 0 1 0 0 0 1 1.24609 0.919741 -0.0847335</i>
                <i>1 0 0 0 1 0 0 0 1 1.24609 0.919741 -0.0847335</i>
                <i>1 0 0 0 1 0 0 0 1 1.24609 0.919741 -0.0847335</i>
                <i>1 0 0 0 1 0 0 0 1 1.24609 0.919741 -0.0847335</i>
                <i>1 0 0 0 1 0 0 0 1 1.24609 0.919741 -0.0847335</i>
                <i>1 0 0 0 1 0 0 0 1 1.24609 0.919741 -0.0847335</i>
                <i>1 0 0 0 1 0 0 0 1 1.24609 0.919741 -0.0847335</i>
                <i>1 0 0 0 1 0 0 0 1 1.24609 0.919741 -0.0847335</i>
                <i>1 0 0 0 1 0 0 0 1 1.24609 0.919741 -0.0847335</i>
                <i>1 0 0 0 1 0 0 0 1 1.24609 0.919741 -0.0847335</i>
                <i>1 0 0 0 1 0 0 0 1 1.24609 0.919741 -0.0847335</i>
                <i>1 0 0 0 1 0 0 0 1 1.24609 0.919741 -0.0847335</i>
                <i>1 0 0 0 1 0 0 0 1 1.24609 0.919741 -0.0847335</i>
                <i>1 0 0 0 1 0 0 0 1 1.24609 0.919741 -0.0847335</i>
                <i>1 0 0 0 1 0 0 0 1 1.24609 0.919741 -0.0847335</i>
                <i>1 0 0 0 1 0 0 0 1 1.24609 0.919741 -0.0847335</i>
                <i>1 0 0 0 1 0 0 0 1 1.24609 0.919741 -0.0847335</i>
                <i>1 0 0 0 1 0 0 0 1 1.24609 0.919741 -0.0847335</i>
                <i>1 0 0 0 1 0 0 0 1 1.24609 0.919741 -0.0847335</i>
                <i>1 0 0 0 1 0 0 0 1 1.24609 0.919741 -0.0847335</i>
                <i>1 0 0 0 1 0 0 0 1 1.24609 0.919741 -0.0847335</i>
                <i>1 0 0 0 1 0 0 0 1 1.24609 0.919741 -0.0847335</i>
                <i>1 0 0 0 1 0 0 0 1 1.24609 0.919741 -0.0847335</i>
                <i>1 0 0 0 1 0 0 0 1 1.24609 0.919741 -0.0847335</i>
                <i>1 0 0 0 1 0 0 0 1 1.24609 0.919741 -0.0847335</i>
                <i>1 0 0 0 1 0 0 0 1 1.24609 0.919741 -0.0847335</i>
                <i>1 0 0 0 1 0 0 0 1 1.24609 0.919741 -0.0847335</i>
                <i>1 0 0 0 1 0 0 0 1 1.24609 0.919741 -0.0847335</i>
                <i>1 0 0 0 1 0 0 0 1 1.24609 0.919741 -0.0847335</i>
                <i>1 0 0 0 1 0 0 0 1 1.24609 0.919741 -0.0847335</i>
                <i>1 0 0 0 1 0 0 0 1 1.24609 0.919741 -0.0847335</i>
                <i>1 0 0 0 1 0 0 0 1 1.24609 0.919741 -0.0847335</i>
                <i>1 0 0 0 1 0 0 0 1 1.24609 0.919741 -0.0847335</i>
                <i>1 0 0 0 1 0 0 0 1 1.24609 0.919741 -0.0847335</i>
                <i>1 0 0 0 1 0 0 0 1 1.24609 0.919741 -0.0847335</i>
                <i>1 0 0 0 1 0 0 0 1 1.24609 0.919741 -0.0847335</i>
                <i>1 0 0 0 1 0 0 0 1 1.24609 0.919741 -0.0847335</i>
                <i>1 0 0 0 1 0 0 0 1 1.24609 0.919741 -0.0847335</i>
                <i>1 0 0 0 1 0 0 0 1 1.24609 0.919741 -0.0847335</i>
                <i>1 0 0 0 1 0 0 0 1 1.24609 0.919741 -0.0847335</i>
                <i>1 0 0 0 1 0 0 0 1 1.24609 0.919741 -0.0847335</i>
                <i>1 0 0 0 1 0 0 0 1 1.24609 0.919741 -0.0847335</i>
                <i>1 0 0 0 1 0 0 0 1 1.24609 0.919741 -0.0847335</i>
                <i>1 0 0 0 1 0 0 0 1 1.24609 0.919741 -0.0847335</i>
                <i>1 0 0 0 1 0 0 0 1 1.24609 0.919741 -0.0847335</i>
                <i>1 0 0 0 1 0 0 0 1 1.24609 0.919741 -0.0847335</i>
            </KeyFrames>
        </RefFrame>
        <Bones count="23">
            <i>
                <p>
                    <Name><![CDATA[pelvis]]></Name>
                    <Exclude>0</Exclude>
                    <Additive>0</Additive>
                    <IKPriority>0</IKPriority>
                    <IKRotLimits>-1e+010 -1e+010 -1e+010 1e+010 1e+010 1e+010</IKRotLimits>
                    <IKRotLimitOrder>2</IKRotLimitOrder>
                    <KeyFrames count="97">
                        <i>1 0 0 0 1 0 0 0 1 1.24609 1.51888 -0.0847335</i>
                        <i>1 0 0 0 1 0 0 0 1 1.24609 1.51886 -0.0847335</i>
                        <i>1 0 0 0 1 0 0 0 1 1.24609 1.5188 -0.0847335</i>
                        <i>1 0 0 0 1 0 0 0 1 1.24609 1.51869 -0.0847335</i>
                        <i>1 0 0 0 1 0 0 0 1 1.24609 1.51855 -0.0847335</i>
                        <i>1 0 0 0 1 0 0 0 1 1.24609 1.51838 -0.0847335</i>
                        <i>1 0 0 0 1 0 0 0 1 1.24609 1.51817 -0.0847335</i>
                        <i>1 0 0 0 1 0 0 0 1 1.24609 1.51793 -0.0847335</i>
                        <i>1 0 0 0 1 0 0 0 1 1.24609 1.51765 -0.0847335</i>
                        <i>1 0 0 0 1 0 0 0 1 1.24609 1.51735 -0.0847335</i>
                        <i>1 0 0 0 1 0 0 0 1 1.24609 1.51702 -0.0847335</i>
                        <i>1 0 0 0 1 0 0 0 1 1.24609 1.51667 -0.0847335</i>
                        <i>1 0 0 0 1 0 0 0 1 1.24609 1.51629 -0.0847335</i>
                        <i>1 0 0 0 1 0 0 0 1 1.24609 1.51589 -0.0847335</i>
                        <i>1 0 0 0 1 0 0 0 1 1.24609 1.51547 -0.0847335</i>
                        <i>1 0 0 0 1 0 0 0 1 1.24609 1.51504 -0.0847335</i>
                        <i>1 0 0 0 1 0 0 0 1 1.24609 1.51459 -0.0847335</i>
                        <i>1 0 0 0 1 0 0 0 1 1.24609 1.51412 -0.0847335</i>
                        <i>1 0 0 0 1 0 0 0 1 1.24609 1.51364 -0.0847335</i>
                        <i>1 0 0 0 1 0 0 0 1 1.24609 1.51315 -0.0847335</i>
                        <i>1 0 0 0 1 0 0 0 1 1.24609 1.51265 -0.0847335</i>
                        <i>1 0 0 0 1 0 0 0 1 1.24609 1.51214 -0.0847335</i>
                        <i>1 0 0 0 1 0 0 0 1 1.24609 1.51163 -0.0847335</i>
                        <i>1 0 0 0 1 0 0 0 1 1.24609 1.51112 -0.0847335</i>
                        <i>1 0 0 0 1 0 0 0 1 1.24609 1.5106 -0.0847335</i>
                        <i>1 0 0 0 1 0 0 0 1 1.24609 1.51008 -0.0847335</i>
                        <i>1 0 0 0 1 0 0 0 1 1.24609 1.50957 -0.0847335</i>
                        <i>1 0 0 0 1 0 0 0 1 1.24609 1.50905 -0.0847335</i>
                        <i>1 0 0 0 1 0 0 0 1 1.24609 1.50855 -0.0847335</i>
                        <i>1 0 0 0 1 0 0 0 1 1.24609 1.50805 -0.0847335</i>
                        <i>1 0 0 0 1 0 0 0 1 1.24609 1.50756 -0.0847335</i>
                        <i>1 0 0 0 1 0 0 0 1 1.24609 1.50708 -0.0847335</i>
                        <i>1 0 0 0 1 0 0 0 1 1.24609 1.50661 -0.0847335</i>
                        <i>1 0 0 0 1 0 0 0 1 1.24609 1.50616 -0.0847335</i>
                        <i>1 0 0 0 1 0 0 0 1 1.24609 1.50572 -0.0847335</i>
                        <i>1 0 0 0 1 0 0 0 1 1.24609 1.5053 -0.0847335</i>
                        <i>1 0 0 0 1 0 0 0 1 1.24609 1.50491 -0.0847335</i>
                        <i>1 0 0 0 1 0 0 0 1 1.24609 1.50453 -0.0847335</i>
                        <i>1 0 0 0 1 0 0 0 1 1.24609 1.50418 -0.0847335</i>
                        <i>1 0 0 0 1 0 0 0 1 1.24609 1.50385 -0.0847335</i>
                        <i>1 0 0 0 1 0 0 0 1 1.24609 1.50355 -0.0847335</i>
                        <i>1 0 0 0 1 0 0 0 1 1.24609 1.50327 -0.0847335</i>
                        <i>1 0 0 0 1 0 0 0 1 1.24609 1.50303 -0.0847335</i>
                        <i>1 0 0 0 1 0 0 0 1 1.24609 1.50282 -0.0847335</i>
                        <i>1 0 0 0 1 0 0 0 1 1.24609 1.50264 -0.0847335</i>
                        <i>1 0 0 0 1 0 0 0 1 1.24609 1.5025 -0.0847335</i>
                        <i>1 0 0 0 1 0 0 0 1 1.24609 1.5024 -0.0847335</i>
                        <i>1 0 0 0 1 0 0 0 1 1.24609 1.50234 -0.0847335</i>
                        <i>1 0 0 0 1 0 0 0 1 1.24609 1.50232 -0.0847335</i>
                        <i>1 0 0 0 1 0 0 0 1 1.24609 1.50234 -0.0847335</i>
                        <i>1 0 0 0 1 0 0 0 1 1.24609 1.5024 -0.0847335</i>
                        <i>1 0 0 0 1 0 0 0 1 1.24609 1.5025 -0.0847335</i>
                        <i>1 0 0 0 1 0 0 0 1 1.24609 1.50264 -0.0847335</i>
                        <i>1 0 0 0 1 0 0 0 1 1.24609 1.50282 -0.0847335</i>
                        <i>1 0 0 0 1 0 0 0 1 1.24609 1.50303 -0.0847335</i>
                        <i>1 0 0 0 1 0 0 0 1 1.24609 1.50327 -0.0847335</i>
                        <i>1 0 0 0 1 0 0 0 1 1.24609 1.50355 -0.0847335</i>
                        <i>1 0 0 0 1 0 0 0 1 1.24609 1.50385 -0.0847335</i>
                        <i>1 0 0 0 1 0 0 0 1 1.24609 1.50418 -0.0847335</i>
                        <i>1 0 0 0 1 0 0 0 1 1.24609 1.50453 -0.0847335</i>
                        <i>1 0 0 0 1 0 0 0 1 1.24609 1.50491 -0.0847335</i>
                        <i>1 0 0 0 1 0 0 0 1 1.24609 1.5053 -0.0847335</i>
                        <i>1 0 0 0 1 0 0 0 1 1.24609 1.50572 -0.0847335</i>
                        <i>1 0 0 0 1 0 0 0 1 1.24609 1.50616 -0.0847335</i>
                        <i>1 0 0 0 1 0 0 0 1 1.24609 1.50661 -0.0847335</i>
                        <i>1 0 0 0 1 0 0 0 1 1.24609 1.50708 -0.0847335</i>
                        <i>1 0 0 0 1 0 0 0 1 1.24609 1.50756 -0.0847335</i>
                        <i>1 0 0 0 1 0 0 0 1 1.24609 1.50805 -0.0847335</i>
                        <i>1 0 0 0 1 0 0 0 1 1.24609 1.50855 -0.0847335</i>
                        <i>1 0 0 0 1 0 0 0 1 1.24609 1.50905 -0.0847335</i>
                        <i>1 0 0 0 1 0 0 0 1 1.24609 1.50957 -0.0847335</i>
                        <i>1 0 0 0 1 0 0 0 1 1.24609 1.51008 -0.0847335</i>
                        <i>1 0 0 0 1 0 0 0 1 1.24609 1.5106 -0.0847335</i>
                        <i>1 0 0 0 1 0 0 0 1 1.24609 1.51112 -0.0847335</i>
                        <i>1 0 0 0 1 0 0 0 1 1.24609 1.51163 -0.0847335</i>
                        <i>1 0 0 0 1 0 0 0 1 1.24609 1.51214 -0.0847335</i>
                        <i>1 0 0 0 1 0 0 0 1 1.24609 1.51265 -0.0847335</i>
                        <i>1 0 0 0 1 0 0 0 1 1.24609 1.51315 -0.0847335</i>
                        <i>1 0 0 0 1 0 0 0 1 1.24609 1.51364 -0.0847335</i>
                        <i>1 0 0 0 1 0 0 0 1 1.24609 1.51412 -0.0847335</i>
                        <i>1 0 0 0 1 0 0 0 1 1.24609 1.51459 -0.0847335</i>
                        <i>1 0 0 0 1 0 0 0 1 1.24609 1.51504 -0.0847335</i>
                        <i>1 0 0 0 1 0 0 0 1 1.24609 1.51547 -0.0847335</i>
                        <i>1 0 0 0 1 0 0 0 1 1.24609 1.51589 -0.0847335</i>
                        <i>1 0 0 0 1 0 0 0 1 1.24609 1.51629 -0.0847335</i>
                        <i>1 0 0 0 1 0 0 0 1 1.24609 1.51667 -0.0847335</i>
                        <i>1 0 0 0 1 0 0 0 1 1.24609 1.51702 -0.0847335</i>
                        <i>1 0 0 0 1 0 0 0 1 1.24609 1.51735 -0.0847335</i>
                        <i>1 0 0 0 1 0 0 0 1 1.24609 1.51765 -0.0847335</i>
                        <i>1 0 0 0 1 0 0 0 1 1.24609 1.51793 -0.0847335</i>
                        <i>1 0 0 0 1 0 0 0 1 1.24609 1.51817 -0.0847335</i>
                        <i>1 0 0 0 1 0 0 0 1 1.24609 1.51838 -0.0847335</i>
                        <i>1 0 0 0 1 0 0 0 1 1.24609 1.51855 -0.0847335</i>
                        <i>1 0 0 0 1 0 0 0 1 1.24609 1.51869 -0.0847335</i>
                        <i>1 0 0 0 1 0 0 0 1 1.24609 1.5188 -0.0847335</i>
                        <i>1 0 0 0 1 0 0 0 1 1.24609 1.51886 -0.0847335</i>
                        <i>1 0 0 0 1 0 0 0 1 1.24609 1.51888 -0.0847335</i>
                    </KeyFrames>
                </p>
            </i>
            <i>
                <p>
                    <Name><![CDATA[spine0]]></Name>
                    <Exclude>0</Exclude>
                    <Additive>0</Additive>
                    <IKPriority>0</IKPriority>
                    <IKRotLimits>-1e+010 -1e+010 -1e+010 1e+010 1e+010 1e+010</IKRotLimits>
                    <IKRotLimitOrder>0</IKRotLimitOrder>
                    <KeyFrames count="97">
                        <i>-0.0815155 0.945027 0.316669 -0.981824 -0.0215015 -0.18857 -0.171395 -0.326285 0.929603 1.26202 1.65962 -0.10992</i>
                        <i>-0.0809424 0.945679 0.314865 -0.981833 -0.0212583 -0.188552 -0.171616 -0.324407 0.930219 1.26205 1.65958 -0.110021</i>
                        <i>-0.0803239 0.946371 0.312937 -0.981843 -0.0209929 -0.188531 -0.171851 -0.322399 0.930874 1.26208 1.65949 -0.11013</i>
                        <i>-0.0796662 0.947097 0.310903 -0.981853 -0.0207079 -0.188509 -0.172098 -0.320279 0.93156 1.26212 1.65936 -0.110244</i>
                        <i>-0.078975 0.947849 0.30878 -0.981864 -0.020406 -0.188486 -0.172356 -0.318066 0.93227 1.26215 1.6592 -0.110363</i>
                        <i>-0.0782565 0.94862 0.306588 -0.981875 -0.02009 -0.188462 -0.17262 -0.315779 0.932998 1.26219 1.659 -0.110486</i>
                        <i>-0.0775165 0.949403 0.304343 -0.981886 -0.0197625 -0.188438 -0.172889 -0.313438 0.933738 1.26223 1.65876 -0.110613</i>
                        <i>-0.0767611 0.950192 0.302065 -0.981898 -0.0194262 -0.188413 -0.173161 -0.311059 0.934482 1.26227 1.65849 -0.110741</i>
                        <i>-0.0759962 0.95098 0.29977 -0.981909 -0.0190836 -0.188388 -0.173433 -0.308664 0.935226 1.26231 1.65819 -0.11087</i>
                        <i>-0.0752277 0.95176 0.297478 -0.981921 -0.0187376 -0.188363 -0.173703 -0.30627 0.935963 1.26234 1.65786 -0.111</i>
                        <i>-0.0744616 0.952528 0.295206 -0.981932 -0.0183907 -0.188339 -0.173969 -0.303896 0.936687 1.26238 1.6575 -0.111128</i>
                        <i>-0.0737039 0.953276 0.292971 -0.981943 -0.0180455 -0.188315 -0.174229 -0.30156 0.937393 1.26242 1.65712 -0.111254</i>
                        <i>-0.0729606 0.954 0.290793 -0.981954 -0.0177047 -0.188291 -0.174481 -0.299283 0.938076 1.26246 1.65671 -0.111377</i>
                        <i>-0.0722374 0.954694 0.288688 -0.981964 -0.0173709 -0.188268 -0.174724 -0.297081 0.93873 1.26249 1.65629 -0.111496</i>
                        <i>-0.0715404 0.955353 0.286674 -0.981974 -0.0170466 -0.188246 -0.174955 -0.294974 0.939351 1.26253 1.65584 -0.11161</i>
                        <i>-0.0708756 0.955972 0.28477 -0.981983 -0.0167345 -0.188225 -0.175172 -0.29298 0.939935 1.26256 1.65538 -0.111718</i>
                        <i>-0.0702487 0.956546 0.282994 -0.981992 -0.0164371 -0.188205 -0.175375 -0.291119 0.940475 1.26259 1.65491 -0.111819</i>
                        <i>-0.0696658 0.95707 0.281362 -0.982001 -0.0161571 -0.188186 -0.175561 -0.289408 0.940968 1.26262 1.65442 -0.111912</i>
                        <i>-0.0691326 0.957539 0.279892 -0.982008 -0.015897 -0.188168 -0.175729 -0.287865 0.94141 1.26264 1.65392 -0.111995</i>
                        <i>-0.0686553 0.957949 0.278604 -0.982015 -0.0156593 -0.188152 -0.175877 -0.28651 0.941796 1.26267 1.65341 -0.112069</i>
                        <i>-0.0682395 0.958295 0.277513 -0.982021 -0.0154466 -0.188136 -0.176004 -0.285362 0.942121 1.26268 1.6529 -0.112131</i>
                        <i>-0.0678913 0.958573 0.276638 -0.982027 -0.0152615 -0.188123 -0.176107 -0.284437 0.942381 1.2627 1.65238 -0.112181</i>
                        <i>-0.0676164 0.958777 0.275996 -0.982032 -0.0151066 -0.18811 -0.176186 -0.283756 0.942571 1.26271 1.65186 -0.112219</i>
                        <i>-0.0674209 0.958903 0.275606 -0.982036 -0.0149843 -0.188099 -0.176239 -0.283336 0.942688 1.26272 1.65134 -0.112242</i>
                        <i>-0.0673105 0.958946 0.275485 -0.982039 -0.0148973 -0.18809 -0.176264 -0.283197 0.942725 1.26272 1.65082 -0.112249</i>
                        <i>-0.0672897 0.958901 0.275645 -0.982041 -0.0148475 -0.188082 -0.17626 -0.283351 0.94268 1.26272 1.65031 -0.112242</i>
                        <i>-0.0673551 0.958773 0.276077 -0.982042 -0.0148337 -0.188076 -0.176227 -0.283787 0.942555 1.26271 1.6498 -0.112218</i>
                        <i>-0.067501 0.958565 0.27676 -0.982043 -0.0148536 -0.188072 -0.176168 -0.284485 0.942355 1.2627 1.64929 -0.112181</i>
                        <i>-0.0677218 0.958284 0.277677 -0.982043 -0.0149052 -0.188068 -0.176084 -0.285427 0.942086 1.26268 1.6488 -0.11213</i>
                        <i>-0.0680119 0.957935 0.27881 -0.982042 -0.0149861 -0.188067 -0.175977 -0.286594 0.941752 1.26267 1.64831 -0.112068</i>
                        <i>-0.0683657 0.957522 0.280139 -0.98204 -0.0150942 -0.188067 -0.175849 -0.287966 0.941357 1.26264 1.64784 -0.111994</i>
                        <i>-0.0687775 0.95705 0.281648 -0.982038 -0.0152273 -0.188068 -0.175701 -0.289524 0.940907 1.26262 1.64738 -0.11191</i>
                        <i>-0.0692418 0.956524 0.283317 -0.982035 -0.0153833 -0.18807 -0.175535 -0.291249 0.940405 1.26259 1.64693 -0.111816</i>
                        <i>-0.0697529 0.955948 0.285128 -0.982032 -0.01556 -0.188074 -0.175352 -0.293123 0.939857 1.26256 1.64651 -0.111715</i>
                        <i>-0.0703052 0.955328 0.287062 -0.982028 -0.0157552 -0.188079 -0.175154 -0.295126 0.939267 1.26253 1.64609 -0.111607</i>
                        <i>-0.0708931 0.95467 0.289102 -0.982023 -0.0159667 -0.188085 -0.174943 -0.297239 0.938639 1.26249 1.6457 -0.111492</i>
                        <i>-0.071511 0.953977 0.291229 -0.982018 -0.0161923 -0.188093 -0.17472 -0.299442 0.93798 1.26246 1.64533 -0.111373</i>
                        <i>-0.0721532 0.953256 0.293424 -0.982012 -0.01643 -0.188101 -0.174488 -0.301718 0.937294 1.26242 1.64498 -0.11125</i>
                        <i>-0.0728142 0.952511 0.295669 -0.982006 -0.0166774 -0.188111 -0.174247 -0.304046 0.936586 1.26238 1.64465 -0.111123</i>
                        <i>-0.0734882 0.95175 0.297945 -0.982 -0.0169324 -0.188122 -0.174 -0.306406 0.935863 1.26234 1.64435 -0.110995</i>
                        <i>-0.0741697 0.950978 0.300234 -0.981993 -0.0171928 -0.188134 -0.173749 -0.308781 0.935129 1.2623 1.64408 -0.110866</i>
                        <i>-0.074853 0.9502 0.302517 -0.981986 -0.0174564 -0.188146 -0.173496 -0.311151 0.93439 1.26227 1.64384 -0.110736</i>
                        <i>-0.0755324 0.949424 0.304776 -0.981979 -0.017721 -0.18816 -0.173243 -0.313495 0.933653 1.26223 1.64362 -0.110608</i>
                        <i>-0.0762025 0.948657 0.306991 -0.981971 -0.0179844 -0.188174 -0.172991 -0.315796 0.932924 1.26219 1.64344 -0.110482</i>
                        <i>-0.0768574 0.947904 0.309144 -0.981964 -0.0182443 -0.188188 -0.172744 -0.318032 0.93221 1.26215 1.64329 -0.110359</i>
                        <i>-0.0774916 0.947174 0.311217 -0.981956 -0.0184986 -0.188203 -0.172504 -0.320186 0.931517 1.26212 1.64318 -0.110241</i>
                        <i>-0.0780995 0.946473 0.313191 -0.981948 -0.0187449 -0.188218 -0.172272 -0.322237 0.930852 1.26208 1.6431 -0.110127</i>
                        <i>-0.0786753 0.94581 0.315046 -0.981941 -0.0189811 -0.188233 -0.172052 -0.324166 0.930223 1.26205 1.64306 -0.11002</i>
                        <i>-0.0792135 0.945191 0.316765 -0.981934 -0.0192049 -0.188247 -0.171846 -0.325954 0.929636 1.26202 1.64306 -0.10992</i>
                        <i>-0.0797515 0.944574 0.318465 -0.981926 -0.0194321 -0.188263 -0.17164 -0.327723 0.929052 1.26199 1.6431 -0.109821</i>
                        <i>-0.080327 0.943916 0.320267 -0.981918 -0.0196784 -0.18828 -0.171418 -0.329599 0.928429 1.26196 1.64319 -0.109714</i>
                        <i>-0.080935 0.943221 0.322155 -0.981909 -0.0199417 -0.188299 -0.171183 -0.331567 0.927771 1.26192 1.64331 -0.109602</i>
                        <i>-0.0815704 0.942495 0.324114 -0.9819 -0.0202195 -0.18832 -0.170937 -0.333609 0.927085 1.26189 1.64348 -0.109486</i>
                        <i>-0.082228 0.941742 0.326129 -0.981889 -0.0205098 -0.188342 -0.170681 -0.335709 0.926373 1.26185 1.64368 -0.109365</i>
                        <i>-0.0829027 0.940969 0.328183 -0.981878 -0.0208101 -0.188366 -0.170417 -0.337852 0.925642 1.26182 1.64391 -0.109242</i>
                        <i>-0.0835894 0.94018 0.330263 -0.981867 -0.0211184 -0.188391 -0.170147 -0.340022 0.924897 1.26178 1.64418 -0.109117</i>
                        <i>-0.0842831 0.939382 0.332351 -0.981855 -0.0214322 -0.188418 -0.169873 -0.342201 0.924144 1.26174 1.64448 -0.10899</i>
                        <i>-0.0849786 0.938581 0.334433 -0.981843 -0.0217493 -0.188445 -0.169597 -0.344374 0.923387 1.2617 1.64481 -0.108864</i>
                        <i>-0.0856707 0.937781 0.336492 -0.98183 -0.0220675 -0.188473 -0.169321 -0.346525 0.922633 1.26166 1.64516 -0.108739</i>
                        <i>-0.0863545 0.93699 0.338514 -0.981818 -0.0223843 -0.188502 -0.169047 -0.348637 0.921887 1.26163 1.64554 -0.108617</i>
                        <i>-0.0870247 0.936215 0.340483 -0.981805 -0.0226976 -0.188531 -0.168777 -0.350694 0.921156 1.26159 1.64594 -0.108497</i>
                        <i>-0.0876763 0.935461 0.342383 -0.981792 -0.0230049 -0.18856 -0.168514 -0.352681 0.920445 1.26156 1.64636 -0.108381</i>
                        <i>-0.0883042 0.934735 0.344198 -0.98178 -0.0233041 -0.188589 -0.16826 -0.35458 0.919762 1.26152 1.6468 -0.10827</i>
                        <i>-0.0889032 0.934045 0.345914 -0.981767 -0.0235927 -0.188618 -0.168017 -0.356376 0.919112 1.26149 1.64726 -0.108165</i>
                        <i>-0.0894683 0.933397 0.347514 -0.981755 -0.0238685 -0.188646 -0.167787 -0.358051 0.918502 1.26146 1.64773 -0.108066</i>
                        <i>-0.0899944 0.932798 0.348983 -0.981743 -0.024129 -0.188674 -0.167574 -0.359592 0.91794 1.26144 1.64822 -0.107976</i>
                        <i>-0.0904764 0.932255 0.350306 -0.981732 -0.024372 -0.1887 -0.167379 -0.360979 0.91743 1.26141 1.64871 -0.107895</i>
                        <i>-0.0909091 0.931776 0.351466 -0.981722 -0.0245952 -0.188724 -0.167205 -0.362199 0.916981 1.26139 1.64922 -0.107823</i>
                        <i>-0.0912875 0.931368 0.352449 -0.981713 -0.0247961 -0.188747 -0.167054 -0.363234 0.916599 1.26137 1.64973 -0.107763</i>
                        <i>-0.0916065 0.931038 0.353238 -0.981704 -0.0249725 -0.188768 -0.166929 -0.364068 0.916291 1.26136 1.65025 -0.107714</i>
                        <i>-0.0918609 0.930792 0.353819 -0.981697 -0.025122 -0.188787 -0.166832 -0.364685 0.916063 1.26135 1.65076 -0.107677</i>
                        <i>-0.0920457 0.930638 0.354175 -0.981691 -0.0252422 -0.188802 -0.166767 -0.365069 0.915922 1.26134 1.65128 -0.107655</i>
                        <i>-0.0921558 0.930583 0.354291 -0.981686 -0.0253308 -0.188815 -0.166734 -0.365203 0.915875 1.26134 1.6518 -0.107647</i>
                        <i>-0.0921867 0.930632 0.354155 -0.981683 -0.0253858 -0.188825 -0.166736 -0.365075 0.915926 1.26134 1.65232 -0.107655</i>
                        <i>-0.0921406 0.930782 0.353773 -0.981681 -0.0254079 -0.188831 -0.166772 -0.364691 0.916072 1.26135 1.65283 -0.107678</i>
                        <i>-0.0920225 0.931025 0.353163 -0.98168 -0.0253991 -0.188835 -0.16684 -0.36407 0.916306 1.26136 1.65333 -0.107714</i>
                        <i>-0.0918372 0.931355 0.352341 -0.981681 -0.0253613 -0.188836 -0.166937 -0.363229 0.916623 1.26137 1.65383 -0.107763</i>
                        <i>-0.0915895 0.931764 0.351323 -0.981683 -0.0252964 -0.188834 -0.167061 -0.362183 0.917014 1.26139 1.65432 -0.107824</i>
                        <i>-0.0912843 0.932244 0.350126 -0.981686 -0.0252064 -0.188829 -0.16721 -0.360952 0.917472 1.26141 1.65479 -0.107896</i>
                        <i>-0.0909265 0.932788 0.348767 -0.981691 -0.0250931 -0.188823 -0.16738 -0.35955 0.917991 1.26144 1.65526 -0.107978</i>
                        <i>-0.0905209 0.933389 0.347261 -0.981696 -0.0249587 -0.188814 -0.16757 -0.357996 0.918564 1.26146 1.65571 -0.108069</i>
                        <i>-0.0900724 0.93404 0.345625 -0.981701 -0.0248049 -0.188804 -0.167777 -0.356307 0.919182 1.26149 1.65614 -0.108167</i>
                        <i>-0.0895858 0.934732 0.343876 -0.981708 -0.0246338 -0.188792 -0.167999 -0.354499 0.919841 1.26152 1.65656 -0.108273</i>
                        <i>-0.0890661 0.935459 0.34203 -0.981715 -0.0244472 -0.188779 -0.168233 -0.35259 0.920531 1.26156 1.65695 -0.108384</i>
                        <i>-0.088518 0.936213 0.340103 -0.981723 -0.0242473 -0.188765 -0.168478 -0.350596 0.921248 1.26159 1.65733 -0.108501</i>
                        <i>-0.0879466 0.936987 0.338112 -0.981731 -0.0240357 -0.18875 -0.168729 -0.348535 0.921983 1.26163 1.65768 -0.108621</i>
                        <i>-0.0873566 0.937776 0.336074 -0.981739 -0.0238147 -0.188734 -0.168987 -0.346424 0.922732 1.26167 1.65801 -0.108744</i>
                        <i>-0.0867529 0.938571 0.334004 -0.981748 -0.0235859 -0.188718 -0.169247 -0.34428 0.923486 1.2617 1.65831 -0.108869</i>
                        <i>-0.0861406 0.939367 0.331919 -0.981757 -0.0233515 -0.188701 -0.169509 -0.342119 0.924241 1.26174 1.65859 -0.108995</i>
                        <i>-0.0855243 0.940156 0.329836 -0.981766 -0.0231133 -0.188684 -0.169769 -0.339959 0.92499 1.26178 1.65883 -0.109121</i>
                        <i>-0.0849092 0.940934 0.327771 -0.981775 -0.0228732 -0.188667 -0.170026 -0.337816 0.925727 1.26182 1.65905 -0.109246</i>
                        <i>-0.0843 0.941694 0.325739 -0.981784 -0.0226333 -0.18865 -0.170278 -0.335709 0.926448 1.26185 1.65923 -0.109369</i>
                        <i>-0.0837017 0.94243 0.323759 -0.981792 -0.0223953 -0.188633 -0.170523 -0.333653 0.927145 1.26189 1.65939 -0.109489</i>
                        <i>-0.0831192 0.943137 0.321845 -0.981801 -0.0221612 -0.188617 -0.170759 -0.331666 0.927814 1.26193 1.6595 -0.109606</i>
                        <i>-0.0825574 0.943809 0.320015 -0.981809 -0.021933 -0.188601 -0.170984 -0.329764 0.92845 1.26196 1.65958 -0.109717</i>
                        <i>-0.0820212 0.94444 0.318284 -0.981817 -0.0217124 -0.188585 -0.171197 -0.327964 0.929048 1.26199 1.65962 -0.109822</i>
                        <i>-0.0815155 0.945027 0.316669 -0.981824 -0.0215015 -0.18857 -0.171395 -0.326285 0.929603 1.26202 1.65962 -0.10992</i>
                    </KeyFrames>
                </p>
            </i>
            <i>
                <p>
                    <Name><![CDATA[spine1]]></Name>
                    <Exclude>0</Exclude>
                    <Additive>0</Additive>
                    <IKPriority>0</IKPriority>
                    <IKRotLimits>-1e+010 -1e+010 -1e+010 1e+010 1e+010 1e+010</IKRotLimits>
                    <IKRotLimitOrder>0</IKRotLimitOrder>
                    <KeyFrames count="97">
                        <i>-0.309642 0.720397 0.620605 -0.946552 -0.171526 -0.273162 -0.0903354 -0.672018 0.735005 1.24641 1.84092 -0.0492964</i>
                        <i>-0.308937 0.723102 0.617804 -0.946676 -0.171336 -0.272854 -0.0914494 -0.669155 0.737475 1.24655 1.84091 -0.0497758</i>
                        <i>-0.308179 0.725984 0.614795 -0.946805 -0.171113 -0.272546 -0.0926648 -0.666083 0.740099 1.24671 1.84085 -0.0502879</i>
                        <i>-0.307373 0.729016 0.611602 -0.946938 -0.170861 -0.272241 -0.0939687 -0.662829 0.742851 1.24688 1.84075 -0.050828</i>
                        <i>-0.306528 0.732166 0.608254 -0.947074 -0.170583 -0.271941 -0.0953482 -0.659419 0.745704 1.24706 1.84061 -0.0513911</i>
                        <i>-0.305648 0.735408 0.604776 -0.947212 -0.170282 -0.271649 -0.0967907 -0.655881 0.748634 1.24725 1.84043 -0.0519723</i>
                        <i>-0.304741 0.738712 0.601196 -0.947351 -0.16996 -0.271368 -0.0982837 -0.652241 0.751613 1.24744 1.84022 -0.0525669</i>
                        <i>-0.303814 0.742052 0.597542 -0.947488 -0.16962 -0.271099 -0.0998147 -0.648528 0.754618 1.24763 1.83997 -0.0531701</i>
                        <i>-0.302873 0.7454 0.593841 -0.947624 -0.169265 -0.270846 -0.101372 -0.64477 0.757625 1.24782 1.83969 -0.053777</i>
                        <i>-0.301926 0.748729 0.590123 -0.947757 -0.168899 -0.27061 -0.102942 -0.640998 0.760608 1.24802 1.83939 -0.0543829</i>
                        <i>-0.300981 0.752014 0.586418 -0.947886 -0.168524 -0.270394 -0.104515 -0.63724 0.763546 1.24821 1.83905 -0.054983</i>
                        <i>-0.300045 0.755229 0.582754 -0.948009 -0.168142 -0.270199 -0.106077 -0.633528 0.766414 1.24841 1.83868 -0.0555726</i>
                        <i>-0.299125 0.75835 0.579162 -0.948126 -0.167756 -0.270029 -0.107618 -0.629891 0.769191 1.24859 1.83829 -0.0561471</i>
                        <i>-0.298231 0.761352 0.575674 -0.948235 -0.167369 -0.269885 -0.109127 -0.626363 0.771856 1.24878 1.83788 -0.0567018</i>
                        <i>-0.297369 0.764212 0.572321 -0.948336 -0.166984 -0.269768 -0.110592 -0.622973 0.774386 1.24895 1.83745 -0.057232</i>
                        <i>-0.296548 0.766907 0.569134 -0.948428 -0.166603 -0.269682 -0.112001 -0.619756 0.776761 1.24912 1.837 -0.0577331</i>
                        <i>-0.295777 0.769412 0.566145 -0.948509 -0.166229 -0.269628 -0.113345 -0.616743 0.778961 1.24927 1.83653 -0.0582005</i>
                        <i>-0.295064 0.771707 0.563387 -0.948579 -0.165864 -0.269607 -0.114612 -0.613968 0.780965 1.24942 1.83605 -0.0586296</i>
                        <i>-0.294418 0.773769 0.560892 -0.948636 -0.16551 -0.269622 -0.115792 -0.611464 0.782754 1.24955 1.83556 -0.0590159</i>
                        <i>-0.293846 0.775575 0.558692 -0.948681 -0.16517 -0.269674 -0.116873 -0.609263 0.784308 1.24967 1.83505 -0.0593547</i>
                        <i>-0.293359 0.777104 0.556821 -0.948711 -0.164846 -0.269765 -0.117846 -0.6074 0.785606 1.24977 1.83454 -0.0596415</i>
                        <i>-0.292964 0.778334 0.55531 -0.948727 -0.16454 -0.269896 -0.118698 -0.605907 0.78663 1.24986 1.83403 -0.0598717</i>
                        <i>-0.29267 0.779241 0.554191 -0.948727 -0.164254 -0.270069 -0.119421 -0.604818 0.787359 1.24992 1.83351 -0.0600407</i>
                        <i>-0.292485 0.779803 0.553497 -0.948711 -0.163991 -0.270287 -0.120002 -0.604164 0.787773 1.24997 1.83299 -0.0601439</i>
                        <i>-0.292419 0.779997 0.553259 -0.948677 -0.163753 -0.27055 -0.12043 -0.603978 0.78785 1.24999 1.83247 -0.0601767</i>
                        <i>-0.292476 0.779805 0.5535 -0.948625 -0.16354 -0.270859 -0.120698 -0.604283 0.787575 1.24999 1.83196 -0.0601358</i>
                        <i>-0.292652 0.779242 0.554199 -0.948557 -0.163354 -0.271211 -0.120809 -0.60506 0.786961 1.24997 1.83145 -0.060024</i>
                        <i>-0.292939 0.778331 0.555326 -0.948473 -0.163191 -0.271603 -0.120773 -0.606275 0.786031 1.24993 1.83095 -0.0598462</i>
                        <i>-0.293328 0.777097 0.556847 -0.948375 -0.163051 -0.272029 -0.120598 -0.607894 0.784807 1.24987 1.83045 -0.059607</i>
                        <i>-0.293811 0.775562 0.558729 -0.948264 -0.162933 -0.272486 -0.120295 -0.609882 0.783309 1.24979 1.82996 -0.0593112</i>
                        <i>-0.294379 0.77375 0.560938 -0.948141 -0.162835 -0.27297 -0.11987 -0.612205 0.78156 1.2497 1.82949 -0.0589636</i>
                        <i>-0.295023 0.771684 0.563441 -0.948009 -0.162757 -0.273477 -0.119333 -0.614829 0.77958 1.24959 1.82902 -0.0585688</i>
                        <i>-0.295735 0.769386 0.566203 -0.947867 -0.162697 -0.274002 -0.118693 -0.617718 0.777391 1.24946 1.82857 -0.0581315</i>
                        <i>-0.296505 0.766879 0.569193 -0.947719 -0.162655 -0.274542 -0.117959 -0.620838 0.775014 1.24933 1.82814 -0.0576566</i>
                        <i>-0.297326 0.764188 0.572376 -0.947563 -0.162628 -0.275093 -0.117138 -0.624155 0.77247 1.24918 1.82772 -0.0571486</i>
                        <i>-0.298188 0.761335 0.57572 -0.947403 -0.162618 -0.27565 -0.11624 -0.627634 0.769782 1.24903 1.82731 -0.0566124</i>
                        <i>-0.299082 0.758345 0.579191 -0.947239 -0.162621 -0.276211 -0.115275 -0.631242 0.766971 1.24887 1.82693 -0.0560528</i>
                        <i>-0.300001 0.755243 0.582758 -0.947072 -0.162639 -0.276771 -0.11425 -0.634946 0.764062 1.2487 1.82657 -0.0554745</i>
                        <i>-0.300937 0.752054 0.586389 -0.946904 -0.16267 -0.277327 -0.113177 -0.638712 0.761077 1.24852 1.82622 -0.0548824</i>
                        <i>-0.30188 0.748803 0.590053 -0.946737 -0.162714 -0.277874 -0.112063 -0.642509 0.758039 1.24835 1.82591 -0.0542814</i>
                        <i>-0.302823 0.745517 0.593719 -0.94657 -0.162769 -0.278408 -0.110919 -0.646305 0.754975 1.24817 1.82561 -0.0536761</i>
                        <i>-0.303759 0.742224 0.597356 -0.946406 -0.162836 -0.278927 -0.109755 -0.650068 0.751908 1.24799 1.82535 -0.0530717</i>
                        <i>-0.304679 0.738949 0.600936 -0.946246 -0.162913 -0.279425 -0.10858 -0.653768 0.748864 1.24781 1.82511 -0.052473</i>
                        <i>-0.305576 0.735723 0.60443 -0.946091 -0.163001 -0.279899 -0.107405 -0.657376 0.745869 1.24764 1.8249 -0.051885</i>
                        <i>-0.306443 0.732572 0.607808 -0.945942 -0.163098 -0.280345 -0.106241 -0.660861 0.742951 1.24746 1.82473 -0.0513126</i>
                        <i>-0.307273 0.729528 0.611043 -0.9458 -0.163205 -0.28076 -0.105097 -0.664194 0.740136 1.2473 1.82459 -0.0507608</i>
                        <i>-0.308058 0.726618 0.614107 -0.945668 -0.16332 -0.281138 -0.103984 -0.667348 0.737451 1.24714 1.82448 -0.0502347</i>
                        <i>-0.308791 0.723873 0.616973 -0.945546 -0.163444 -0.281477 -0.102913 -0.670294 0.734925 1.24699 1.82441 -0.0497393</i>
                        <i>-0.309466 0.721324 0.619615 -0.945435 -0.163575 -0.281772 -0.101895 -0.673005 0.732586 1.24685 1.82439 -0.0492796</i>
                        <i>-0.310131 0.718796 0.622215 -0.945329 -0.163725 -0.282042 -0.100859 -0.675667 0.730275 1.24671 1.8244 -0.0488239</i>
                        <i>-0.31083 0.71611 0.624957 -0.945219 -0.163902 -0.282308 -0.099732 -0.678471 0.727826 1.24656 1.82446 -0.0483399</i>
                        <i>-0.311559 0.713286 0.627817 -0.945105 -0.164105 -0.282569 -0.0985246 -0.68139 0.725259 1.2464 1.82455 -0.0478319</i>
                        <i>-0.31231 0.710347 0.630769 -0.94499 -0.164333 -0.282823 -0.0972465 -0.684399 0.722593 1.24623 1.82468 -0.0473039</i>
                        <i>-0.313077 0.707314 0.63379 -0.944873 -0.164582 -0.283069 -0.0959079 -0.687474 0.719848 1.24606 1.82484 -0.0467601</i>
                        <i>-0.313854 0.704209 0.636856 -0.944755 -0.164852 -0.283305 -0.094519 -0.690589 0.717044 1.24588 1.82504 -0.0462048</i>
                        <i>-0.314635 0.701055 0.639943 -0.944637 -0.165141 -0.283531 -0.0930899 -0.693723 0.714201 1.2457 1.82526 -0.045642</i>
                        <i>-0.315414 0.697874 0.643028 -0.94452 -0.165445 -0.283743 -0.0916312 -0.696849 0.71134 1.24552 1.82551 -0.0450762</i>
                        <i>-0.316185 0.694692 0.646089 -0.944404 -0.165765 -0.283942 -0.0901533 -0.699947 0.708482 1.24534 1.8258 -0.0445114</i>
                        <i>-0.316943 0.69153 0.649102 -0.944291 -0.166097 -0.284125 -0.0886669 -0.702993 0.705648 1.24516 1.8261 -0.043952</i>
                        <i>-0.317682 0.688413 0.652047 -0.944181 -0.166439 -0.28429 -0.0871829 -0.705964 0.702861 1.24498 1.82643 -0.0434021</i>
                        <i>-0.318396 0.685367 0.654902 -0.944075 -0.16679 -0.284436 -0.0857121 -0.70884 0.700143 1.24481 1.82678 -0.0428662</i>
                        <i>-0.319081 0.682415 0.657645 -0.943974 -0.167147 -0.284562 -0.0842655 -0.711598 0.697515 1.24464 1.82716 -0.0423484</i>
                        <i>-0.319732 0.679582 0.660257 -0.943879 -0.167509 -0.284665 -0.0828542 -0.714219 0.695001 1.24448 1.82755 -0.0418531</i>
                        <i>-0.320342 0.676896 0.662717 -0.94379 -0.167872 -0.284743 -0.0814894 -0.716681 0.692624 1.24432 1.82796 -0.0413846</i>
                        <i>-0.320908 0.67438 0.665004 -0.94371 -0.168236 -0.284795 -0.0801823 -0.718964 0.690407 1.24417 1.82839 -0.0409473</i>
                        <i>-0.321425 0.67206 0.667099 -0.943639 -0.168597 -0.284818 -0.0789442 -0.721048 0.688374 1.24404 1.82883 -0.0405454</i>
                        <i>-0.321888 0.669964 0.668981 -0.943577 -0.168953 -0.284811 -0.0777865 -0.722913 0.686547 1.24391 1.82929 -0.0401833</i>
