<?xml version="1.0" encoding="ISO-8859-1" ?>
<Animl Version="1">
    <ModellingPackage><![CDATA[Maya.2010]]></ModellingPackage>
    <SrcFile><![CDATA[anims\turrets\mortar\red\~src\mortar_m1938\mortar_m1938_reload_high_crewman_c.mb]]></SrcFile>
    <FramesPerSecond>30</FramesPerSecond>
    <TotalFrames>160</TotalFrames>
    <Skeleton>
        <RefFrame>
            <Name><![CDATA[soldier_ref_frame]]></Name>
            <Exclude>0</Exclude>
            <Additive>0</Additive>
            <IKPriority>0</IKPriority>
            <IKRotLimits>-1e+010 -1e+010 -1e+010 1e+010 1e+010 1e+010</IKRotLimits>
            <IKRotLimitOrder>0</IKRotLimitOrder>
            <KeyFrames count="160">
                <i>1 0 0 0 1 0 0 0 1 -2.84 2.61 -0.27</i>
                <i>1 0 0 0 1 0 0 0 1 -2.84 2.61 -0.27</i>
                <i>1 0 0 0 1 0 0 0 1 -2.84 2.61 -0.27</i>
                <i>1 0 0 0 1 0 0 0 1 -2.84 2.61 -0.27</i>
                <i>1 0 0 0 1 0 0 0 1 -2.84 2.61 -0.27</i>
                <i>1 0 0 0 1 0 0 0 1 -2.84 2.61 -0.27</i>
                <i>1 0 0 0 1 0 0 0 1 -2.84 2.61 -0.27</i>
                <i>1 0 0 0 1 0 0 0 1 -2.84 2.61 -0.27</i>
                <i>1 0 0 0 1 0 0 0 1 -2.84 2.61 -0.27</i>
                <i>1 0 0 0 1 0 0 0 1 -2.84 2.61 -0.27</i>
                <i>1 0 0 0 1 0 0 0 1 -2.84 2.61 -0.27</i>
                <i>1 0 0 0 1 0 0 0 1 -2.84 2.61 -0.27</i>
                <i>1 0 0 0 1 0 0 0 1 -2.84 2.61 -0.27</i>
                <i>1 0 0 0 1 0 0 0 1 -2.84 2.61 -0.27</i>
                <i>1 0 0 0 1 0 0 0 1 -2.84 2.61 -0.27</i>
                <i>1 0 0 0 1 0 0 0 1 -2.84 2.61 -0.27</i>
                <i>1 0 0 0 1 0 0 0 1 -2.84 2.61 -0.27</i>
                <i>1 0 0 0 1 0 0 0 1 -2.84 2.61 -0.27</i>
                <i>1 0 0 0 1 0 0 0 1 -2.84 2.61 -0.27</i>
                <i>1 0 0 0 1 0 0 0 1 -2.84 2.61 -0.27</i>
                <i>1 0 0 0 1 0 0 0 1 -2.84 2.61 -0.27</i>
                <i>1 0 0 0 1 0 0 0 1 -2.84 2.61 -0.27</i>
                <i>1 0 0 0 1 0 0 0 1 -2.84 2.61 -0.27</i>
                <i>1 0 0 0 1 0 0 0 1 -2.84 2.61 -0.27</i>
                <i>1 0 0 0 1 0 0 0 1 -2.84 2.61 -0.27</i>
                <i>1 0 0 0 1 0 0 0 1 -2.84 2.61 -0.27</i>
                <i>1 0 0 0 1 0 0 0 1 -2.84 2.61 -0.27</i>
                <i>1 0 0 0 1 0 0 0 1 -2.84 2.61 -0.27</i>
                <i>1 0 0 0 1 0 0 0 1 -2.84 2.61 -0.27</i>
                <i>1 0 0 0 1 0 0 0 1 -2.84 2.61 -0.27</i>
                <i>1 0 0 0 1 0 0 0 1 -2.84 2.61 -0.27</i>
                <i>1 0 0 0 1 0 0 0 1 -2.84 2.61 -0.27</i>
                <i>1 0 0 0 1 0 0 0 1 -2.84 2.61 -0.27</i>
                <i>1 0 0 0 1 0 0 0 1 -2.84 2.61 -0.27</i>
                <i>1 0 0 0 1 0 0 0 1 -2.84 2.61 -0.27</i>
                <i>1 0 0 0 1 0 0 0 1 -2.84 2.61 -0.27</i>
                <i>1 0 0 0 1 0 0 0 1 -2.84 2.61 -0.27</i>
                <i>1 0 0 0 1 0 0 0 1 -2.84 2.61 -0.27</i>
                <i>1 0 0 0 1 0 0 0 1 -2.84 2.61 -0.27</i>
                <i>1 0 0 0 1 0 0 0 1 -2.84 2.61 -0.27</i>
                <i>1 0 0 0 1 0 0 0 1 -2.84 2.61 -0.27</i>
                <i>1 0 0 0 1 0 0 0 1 -2.84 2.61 -0.27</i>
                <i>1 0 0 0 1 0 0 0 1 -2.84 2.61 -0.27</i>
                <i>1 0 0 0 1 0 0 0 1 -2.84 2.61 -0.27</i>
                <i>1 0 0 0 1 0 0 0 1 -2.84 2.61 -0.27</i>
                <i>1 0 0 0 1 0 0 0 1 -2.84 2.61 -0.27</i>
                <i>1 0 0 0 1 0 0 0 1 -2.84 2.61 -0.27</i>
                <i>1 0 0 0 1 0 0 0 1 -2.84 2.61 -0.27</i>
                <i>1 0 0 0 1 0 0 0 1 -2.84 2.61 -0.27</i>
                <i>1 0 0 0 1 0 0 0 1 -2.84 2.61 -0.27</i>
                <i>1 0 0 0 1 0 0 0 1 -2.84 2.61 -0.27</i>
                <i>1 0 0 0 1 0 0 0 1 -2.84 2.61 -0.27</i>
                <i>1 0 0 0 1 0 0 0 1 -2.84 2.61 -0.27</i>
                <i>1 0 0 0 1 0 0 0 1 -2.84 2.61 -0.27</i>
                <i>1 0 0 0 1 0 0 0 1 -2.84 2.61 -0.27</i>
                <i>1 0 0 0 1 0 0 0 1 -2.84 2.61 -0.27</i>
                <i>1 0 0 0 1 0 0 0 1 -2.84 2.61 -0.27</i>
                <i>1 0 0 0 1 0 0 0 1 -2.84 2.61 -0.27</i>
                <i>1 0 0 0 1 0 0 0 1 -2.84 2.61 -0.27</i>
                <i>1 0 0 0 1 0 0 0 1 -2.84 2.61 -0.27</i>
                <i>1 0 0 0 1 0 0 0 1 -2.84 2.61 -0.27</i>
                <i>1 0 0 0 1 0 0 0 1 -2.84 2.61 -0.27</i>
                <i>1 0 0 0 1 0 0 0 1 -2.84 2.61 -0.27</i>
                <i>1 0 0 0 1 0 0 0 1 -2.84 2.61 -0.27</i>
                <i>1 0 0 0 1 0 0 0 1 -2.84 2.61 -0.27</i>
                <i>1 0 0 0 1 0 0 0 1 -2.84 2.61 -0.27</i>
                <i>1 0 0 0 1 0 0 0 1 -2.84 2.61 -0.27</i>
                <i>1 0 0 0 1 0 0 0 1 -2.84 2.61 -0.27</i>
                <i>1 0 0 0 1 0 0 0 1 -2.84 2.61 -0.27</i>
                <i>1 0 0 0 1 0 0 0 1 -2.84 2.61 -0.27</i>
                <i>1 0 0 0 1 0 0 0 1 -2.84 2.61 -0.27</i>
                <i>1 0 0 0 1 0 0 0 1 -2.84 2.61 -0.27</i>
                <i>1 0 0 0 1 0 0 0 1 -2.84 2.61 -0.27</i>
                <i>1 0 0 0 1 0 0 0 1 -2.84 2.61 -0.27</i>
                <i>1 0 0 0 1 0 0 0 1 -2.84 2.61 -0.27</i>
                <i>1 0 0 0 1 0 0 0 1 -2.84 2.61 -0.27</i>
                <i>1 0 0 0 1 0 0 0 1 -2.84 2.61 -0.27</i>
                <i>1 0 0 0 1 0 0 0 1 -2.84 2.61 -0.27</i>
                <i>1 0 0 0 1 0 0 0 1 -2.84 2.61 -0.27</i>
                <i>1 0 0 0 1 0 0 0 1 -2.84 2.61 -0.27</i>
                <i>1 0 0 0 1 0 0 0 1 -2.84 2.61 -0.27</i>
                <i>1 0 0 0 1 0 0 0 1 -2.84 2.61 -0.27</i>
                <i>1 0 0 0 1 0 0 0 1 -2.84 2.61 -0.27</i>
                <i>1 0 0 0 1 0 0 0 1 -2.84 2.61 -0.27</i>
                <i>1 0 0 0 1 0 0 0 1 -2.84 2.61 -0.27</i>
                <i>1 0 0 0 1 0 0 0 1 -2.84 2.61 -0.27</i>
                <i>1 0 0 0 1 0 0 0 1 -2.84 2.61 -0.27</i>
                <i>1 0 0 0 1 0 0 0 1 -2.84 2.61 -0.27</i>
                <i>1 0 0 0 1 0 0 0 1 -2.84 2.61 -0.27</i>
                <i>1 0 0 0 1 0 0 0 1 -2.84 2.61 -0.27</i>
                <i>1 0 0 0 1 0 0 0 1 -2.84 2.61 -0.27</i>
                <i>1 0 0 0 1 0 0 0 1 -2.84 2.61 -0.27</i>
                <i>1 0 0 0 1 0 0 0 1 -2.84 2.61 -0.27</i>
                <i>1 0 0 0 1 0 0 0 1 -2.84 2.61 -0.27</i>
                <i>1 0 0 0 1 0 0 0 1 -2.84 2.61 -0.27</i>
                <i>1 0 0 0 1 0 0 0 1 -2.84 2.61 -0.27</i>
                <i>1 0 0 0 1 0 0 0 1 -2.84 2.61 -0.27</i>
                <i>1 0 0 0 1 0 0 0 1 -2.84 2.61 -0.27</i>
                <i>1 0 0 0 1 0 0 0 1 -2.84 2.61 -0.27</i>
                <i>1 0 0 0 1 0 0 0 1 -2.84 2.61 -0.27</i>
                <i>1 0 0 0 1 0 0 0 1 -2.84 2.61 -0.27</i>
                <i>1 0 0 0 1 0 0 0 1 -2.84 2.61 -0.27</i>
                <i>1 0 0 0 1 0 0 0 1 -2.84 2.61 -0.27</i>
                <i>1 0 0 0 1 0 0 0 1 -2.84 2.61 -0.27</i>
                <i>1 0 0 0 1 0 0 0 1 -2.84 2.61 -0.27</i>
                <i>1 0 0 0 1 0 0 0 1 -2.84 2.61 -0.27</i>
                <i>1 0 0 0 1 0 0 0 1 -2.84 2.61 -0.27</i>
                <i>1 0 0 0 1 0 0 0 1 -2.84 2.61 -0.27</i>
                <i>1 0 0 0 1 0 0 0 1 -2.84 2.61 -0.27</i>
                <i>1 0 0 0 1 0 0 0 1 -2.84 2.61 -0.27</i>
                <i>1 0 0 0 1 0 0 0 1 -2.84 2.61 -0.27</i>
                <i>1 0 0 0 1 0 0 0 1 -2.84 2.61 -0.27</i>
                <i>1 0 0 0 1 0 0 0 1 -2.84 2.61 -0.27</i>
                <i>1 0 0 0 1 0 0 0 1 -2.84 2.61 -0.27</i>
                <i>1 0 0 0 1 0 0 0 1 -2.84 2.61 -0.27</i>
                <i>1 0 0 0 1 0 0 0 1 -2.84 2.61 -0.27</i>
                <i>1 0 0 0 1 0 0 0 1 -2.84 2.61 -0.27</i>
                <i>1 0 0 0 1 0 0 0 1 -2.84 2.61 -0.27</i>
                <i>1 0 0 0 1 0 0 0 1 -2.84 2.61 -0.27</i>
                <i>1 0 0 0 1 0 0 0 1 -2.84 2.61 -0.27</i>
                <i>1 0 0 0 1 0 0 0 1 -2.84 2.61 -0.27</i>
                <i>1 0 0 0 1 0 0 0 1 -2.84 2.61 -0.27</i>
                <i>1 0 0 0 1 0 0 0 1 -2.84 2.61 -0.27</i>
                <i>1 0 0 0 1 0 0 0 1 -2.84 2.61 -0.27</i>
                <i>1 0 0 0 1 0 0 0 1 -2.84 2.61 -0.27</i>
                <i>1 0 0 0 1 0 0 0 1 -2.84 2.61 -0.27</i>
                <i>1 0 0 0 1 0 0 0 1 -2.84 2.61 -0.27</i>
                <i>1 0 0 0 1 0 0 0 1 -2.84 2.61 -0.27</i>
                <i>1 0 0 0 1 0 0 0 1 -2.84 2.61 -0.27</i>
                <i>1 0 0 0 1 0 0 0 1 -2.84 2.61 -0.27</i>
                <i>1 0 0 0 1 0 0 0 1 -2.84 2.61 -0.27</i>
                <i>1 0 0 0 1 0 0 0 1 -2.84 2.61 -0.27</i>
                <i>1 0 0 0 1 0 0 0 1 -2.84 2.61 -0.27</i>
                <i>1 0 0 0 1 0 0 0 1 -2.84 2.61 -0.27</i>
                <i>1 0 0 0 1 0 0 0 1 -2.84 2.61 -0.27</i>
                <i>1 0 0 0 1 0 0 0 1 -2.84 2.61 -0.27</i>
                <i>1 0 0 0 1 0 0 0 1 -2.84 2.61 -0.27</i>
                <i>1 0 0 0 1 0 0 0 1 -2.84 2.61 -0.27</i>
                <i>1 0 0 0 1 0 0 0 1 -2.84 2.61 -0.27</i>
                <i>1 0 0 0 1 0 0 0 1 -2.84 2.61 -0.27</i>
                <i>1 0 0 0 1 0 0 0 1 -2.84 2.61 -0.27</i>
                <i>1 0 0 0 1 0 0 0 1 -2.84 2.61 -0.27</i>
                <i>1 0 0 0 1 0 0 0 1 -2.84 2.61 -0.27</i>
                <i>1 0 0 0 1 0 0 0 1 -2.84 2.61 -0.27</i>
                <i>1 0 0 0 1 0 0 0 1 -2.84 2.61 -0.27</i>
                <i>1 0 0 0 1 0 0 0 1 -2.84 2.61 -0.27</i>
                <i>1 0 0 0 1 0 0 0 1 -2.84 2.61 -0.27</i>
                <i>1 0 0 0 1 0 0 0 1 -2.84 2.61 -0.27</i>
                <i>1 0 0 0 1 0 0 0 1 -2.84 2.61 -0.27</i>
                <i>1 0 0 0 1 0 0 0 1 -2.84 2.61 -0.27</i>
                <i>1 0 0 0 1 0 0 0 1 -2.84 2.61 -0.27</i>
                <i>1 0 0 0 1 0 0 0 1 -2.84 2.61 -0.27</i>
                <i>1 0 0 0 1 0 0 0 1 -2.84 2.61 -0.27</i>
                <i>1 0 0 0 1 0 0 0 1 -2.84 2.61 -0.27</i>
                <i>1 0 0 0 1 0 0 0 1 -2.84 2.61 -0.27</i>
                <i>1 0 0 0 1 0 0 0 1 -2.84 2.61 -0.27</i>
                <i>1 0 0 0 1 0 0 0 1 -2.84 2.61 -0.27</i>
                <i>1 0 0 0 1 0 0 0 1 -2.84 2.61 -0.27</i>
                <i>1 0 0 0 1 0 0 0 1 -2.84 2.61 -0.27</i>
                <i>1 0 0 0 1 0 0 0 1 -2.84 2.61 -0.27</i>
            </KeyFrames>
        </RefFrame>
        <Bones count="23">
            <i>
                <p>
                    <Name><![CDATA[pelvis]]></Name>
                    <Exclude>0</Exclude>
                    <Additive>0</Additive>
                    <IKPriority>0</IKPriority>
                    <IKRotLimits>-1e+010 -1e+010 -1e+010 1e+010 1e+010 1e+010</IKRotLimits>
                    <IKRotLimitOrder>2</IKRotLimitOrder>
                    <KeyFrames count="160">
                        <i>1 0 0 0 1 0 0 0 1 -2.81662 3.29315 -0.330877</i>
                        <i>1 0 0 0 1 0 0 0 1 -2.8179 3.29054 -0.331362</i>
                        <i>1 0 0 0 1 0 0 0 1 -2.81938 3.28751 -0.331927</i>
                        <i>1 0 0 0 1 0 0 0 1 -2.82102 3.28416 -0.332549</i>
                        <i>1 0 0 0 1 0 0 0 1 -2.82275 3.28062 -0.333208</i>
                        <i>1 0 0 0 1 0 0 0 1 -2.82452 3.277 -0.333881</i>
                        <i>1 0 0 0 1 0 0 0 1 -2.82626 3.27342 -0.334547</i>
                        <i>1 0 0 0 1 0 0 0 1 -2.82794 3.26999 -0.335184</i>
                        <i>1 0 0 0 1 0 0 0 1 -2.82948 3.26684 -0.33577</i>
                        <i>1 0 0 0 1 0 0 0 1 -2.83083 3.26408 -0.336284</i>
                        <i>1 0 0 0 1 0 0 0 1 -2.83193 3.26182 -0.336703</i>
                        <i>1 0 0 0 1 0 0 0 1 -2.83273 3.26019 -0.337007</i>
                        <i>1 0 0 0 1 0 0 0 1 -2.83316 3.2593 -0.337173</i>
                        <i>1 0 0 0 1 0 0 0 1 -2.83318 3.25926 -0.33718</i>
                        <i>1 0 0 0 1 0 0 0 1 -2.83272 3.2602 -0.337005</i>
                        <i>1 0 0 0 1 0 0 0 1 -2.8328 3.26185 -0.335916</i>
                        <i>1 0 0 0 1 0 0 0 1 -2.834 3.26402 -0.333512</i>
                        <i>1 0 0 0 1 0 0 0 1 -2.83562 3.26695 -0.330272</i>
                        <i>1 0 0 0 1 0 0 0 1 -2.83694 3.27087 -0.326673</i>
                        <i>1 0 0 0 1 0 0 0 1 -2.83728 3.27601 -0.323195</i>
                        <i>1 0 0 0 1 0 0 0 1 -2.83592 3.28261 -0.320314</i>
                        <i>1 0 0 0 1 0 0 0 1 -2.83216 3.29091 -0.318511</i>
                        <i>1 0 0 0 1 0 0 0 1 -2.8253 3.30113 -0.318262</i>
                        <i>1 0 0 0 1 0 0 0 1 -2.81464 3.31351 -0.320047</i>
                        <i>1 0 0 0 1 0 0 0 1 -2.79946 3.32828 -0.324344</i>
                        <i>1 0 0 0 1 0 0 0 1 -2.77876 3.34746 -0.332378</i>
                        <i>1 0 0 0 1 0 0 0 1 -2.75273 3.37193 -0.344359</i>
                        <i>1 0 0 0 1 0 0 0 1 -2.72248 3.40029 -0.359239</i>
                        <i>1 0 0 0 1 0 0 0 1 -2.68912 3.43113 -0.375972</i>
                        <i>1 0 0 0 1 0 0 0 1 -2.65377 3.46302 -0.393508</i>
                        <i>1 0 0 0 1 0 0 0 1 -2.61752 3.49455 -0.410801</i>
                        <i>1 0 0 0 1 0 0 0 1 -2.58149 3.5243 -0.426803</i>
                        <i>1 0 0 0 1 0 0 0 1 -2.54679 3.55086 -0.440466</i>
                        <i>1 0 0 0 1 0 0 0 1 -2.51453 3.57281 -0.450744</i>
                        <i>1 0 0 0 1 0 0 0 1 -2.48582 3.58873 -0.456588</i>
                        <i>1 0 0 0 1 0 0 0 1 -2.46177 3.59721 -0.456951</i>
                        <i>1 0 0 0 1 0 0 0 1 -2.44214 3.59737 -0.450689</i>
                        <i>1 0 0 0 1 0 0 0 1 -2.42565 3.59011 -0.438206</i>
                        <i>1 0 0 0 1 0 0 0 1 -2.41183 3.5767 -0.420775</i>
                        <i>1 0 0 0 1 0 0 0 1 -2.40023 3.55844 -0.399667</i>
                        <i>1 0 0 0 1 0 0 0 1 -2.39037 3.53659 -0.376155</i>
                        <i>1 0 0 0 1 0 0 0 1 -2.3818 3.51244 -0.351512</i>
                        <i>1 0 0 0 1 0 0 0 1 -2.37404 3.48727 -0.327011</i>
                        <i>1 0 0 0 1 0 0 0 1 -2.36664 3.46235 -0.303924</i>
                        <i>1 0 0 0 1 0 0 0 1 -2.35914 3.43897 -0.283523</i>
                        <i>1 0 0 0 1 0 0 0 1 -2.35106 3.41839 -0.267081</i>
                        <i>1 0 0 0 1 0 0 0 1 -2.34492 3.39067 -0.258144</i>
                        <i>1 0 0 0 1 0 0 0 1 -2.3425 3.35626 -0.256731</i>
                        <i>1 0 0 0 1 0 0 0 1 -2.34222 3.33202 -0.258828</i>
                        <i>1 0 0 0 1 0 0 0 1 -2.3425 3.33484 -0.260417</i>
                        <i>1 0 0 0 1 0 0 0 1 -2.34273 3.36034 -0.261277</i>
                        <i>1 0 0 0 1 0 0 0 1 -2.3433 3.39202 -0.263563</i>
                        <i>1 0 0 0 1 0 0 0 1 -2.34415 3.42863 -0.266831</i>
                        <i>1 0 0 0 1 0 0 0 1 -2.34518 3.46888 -0.270637</i>
                        <i>1 0 0 0 1 0 0 0 1 -2.34634 3.51152 -0.274535</i>
                        <i>1 0 0 0 1 0 0 0 1 -2.34754 3.55527 -0.278081</i>
                        <i>1 0 0 0 1 0 0 0 1 -2.34872 3.59887 -0.280829</i>
                        <i>1 0 0 0 1 0 0 0 1 -2.3498 3.64103 -0.282336</i>
                        <i>1 0 0 0 1 0 0 0 1 -2.35071 3.68049 -0.282155</i>
                        <i>1 0 0 0 1 0 0 0 1 -2.35137 3.71599 -0.279843</i>
                        <i>1 0 0 0 1 0 0 0 1 -2.35171 3.74625 -0.274954</i>
                        <i>1 0 0 0 1 0 0 0 1 -2.35166 3.77 -0.267044</i>
                        <i>1 0 0 0 1 0 0 0 1 -2.35601 3.78224 -0.253493</i>
                        <i>1 0 0 0 1 0 0 0 1 -2.36686 3.78155 -0.233169</i>
                        <i>1 0 0 0 1 0 0 0 1 -2.38007 3.77205 -0.207859</i>
                        <i>1 0 0 0 1 0 0 0 1 -2.39152 3.75784 -0.179349</i>
                        <i>1 0 0 0 1 0 0 0 1 -2.39707 3.74305 -0.149425</i>
                        <i>1 0 0 0 1 0 0 0 1 -2.39259 3.73179 -0.119874</i>
                        <i>1 0 0 0 1 0 0 0 1 -2.37396 3.72817 -0.0924816</i>
                        <i>1 0 0 0 1 0 0 0 1 -2.33704 3.73631 -0.0690353</i>
                        <i>1 0 0 0 1 0 0 0 1 -2.26093 3.77026 -0.0483246</i>
                        <i>1 0 0 0 1 0 0 0 1 -2.14156 3.82905 -0.0290204</i>
                        <i>1 0 0 0 1 0 0 0 1 -2.00004 3.89423 -0.0127312</i>
                        <i>1 0 0 0 1 0 0 0 1 -1.85746 3.94736 -0.001065</i>
                        <i>1 0 0 0 1 0 0 0 1 -1.73493 3.97 0.00437011</i>
                        <i>1 0 0 0 1 0 0 0 1 -1.63181 3.95526 0.00163359</i>
                        <i>1 0 0 0 1 0 0 0 1 -1.53319 3.91628 -0.00796004</i>
                        <i>1 0 0 0 1 0 0 0 1 -1.43873 3.86467 -0.0211363</i>
                        <i>1 0 0 0 1 0 0 0 1 -1.34807 3.81202 -0.0346209</i>
                        <i>1 0 0 0 1 0 0 0 1 -1.2609 3.76993 -0.0451391</i>
                        <i>1 0 0 0 1 0 0 0 1 -1.17686 3.75 -0.0494167</i>
                        <i>1 0 0 0 1 0 0 0 1 -1.1135 3.86972 -0.0255418</i>
                        <i>1 0 0 0 1 0 0 0 1 -1.07427 4.02286 0.00384465</i>
                        <i>1 0 0 0 1 0 0 0 1 -1.04296 4.07942 0.00866659</i>
                        <i>1 0 0 0 1 0 0 0 1 -1.01938 4.10505 0.00712487</i>
                        <i>1 0 0 0 1 0 0 0 1 -1.00536 4.08423 0.00537113</i>
                        <i>1 0 0 0 1 0 0 0 1 -1.00536 4.20294 0.00537113</i>
                        <i>1 0 0 0 1 0 0 0 1 -1.00536 4.31435 0.00537113</i>
                        <i>1 0 0 0 1 0 0 0 1 -1.00536 4.41746 0.00537113</i>
                        <i>1 0 0 0 1 0 0 0 1 -1.00536 4.51128 0.00537113</i>
                        <i>1 0 0 0 1 0 0 0 1 -1.00536 4.5948 0.00537113</i>
                        <i>1 0 0 0 1 0 0 0 1 -1.02259 4.66702 0.00534295</i>
                        <i>1 0 0 0 1 0 0 0 1 -1.04226 4.72693 0.00527719</i>
                        <i>1 0 0 0 1 0 0 0 1 -1.06502 4.77354 0.00520203</i>
                        <i>1 0 0 0 1 0 0 0 1 -1.09152 4.80584 0.00514567</i>
                        <i>1 0 0 0 1 0 0 0 1 -1.12242 4.82284 0.00513627</i>
                        <i>1 0 0 0 1 0 0 0 1 -1.15836 4.82352 0.00520203</i>
                        <i>1 0 0 0 1 0 0 0 1 -1.2 4.8069 0.00537113</i>
                        <i>1 0 0 0 1 0 0 0 1 -1.25115 4.77088 0.00565784</i>
                        <i>1 0 0 0 1 0 0 0 1 -1.31301 4.71408 0.00604035</i>
                        <i>1 0 0 0 1 0 0 0 1 -1.3823 4.63656 0.00649272</i>
                        <i>1 0 0 0 1 0 0 0 1 -1.45573 4.53834 0.00698902</i>
                        <i>1 0 0 0 1 0 0 0 1 -1.53002 4.41948 0.0075033</i>
                        <i>1 0 0 0 1 0 0 0 1 -1.60189 4.28002 0.00800962</i>
                        <i>1 0 0 0 1 0 0 0 1 -1.66806 4.12 0.00848205</i>
                        <i>1 0 0 0 1 0 0 0 1 -1.72523 3.92894 0.00889465</i>
                        <i>1 0 0 0 1 0 0 0 1 -1.77014 3.72995 0.00922148</i>
                        <i>1 0 0 0 1 0 0 0 1 -1.79949 3.57349 0.0094366</i>
                        <i>1 0 0 0 1 0 0 0 1 -1.81 3.51 0.00951407</i>
                        <i>1 0 0 0 1 0 0 0 1 -1.81141 3.52268 0.00867939</i>
                        <i>1 0 0 0 1 0 0 0 1 -1.81195 3.55706 0.00692319</i>
                        <i>1 0 0 0 1 0 0 0 1 -1.81191 3.60708 0.0048219</i>
                        <i>1 0 0 0 1 0 0 0 1 -1.81156 3.66669 0.00295193</i>
                        <i>1 0 0 0 1 0 0 0 1 -1.81121 3.72984 0.00188974</i>
                        <i>1 0 0 0 1 0 0 0 1 -1.81114 3.79048 0.00221174</i>
                        <i>1 0 0 0 1 0 0 0 1 -1.81163 3.84255 0.00449436</i>
                        <i>1 0 0 0 1 0 0 0 1 -1.81298 3.88 0.00931408</i>
                        <i>1 0 0 0 1 0 0 0 1 -1.81535 3.90448 0.0177763</i>
                        <i>1 0 0 0 1 0 0 0 1 -1.81854 3.92247 0.0298057</i>
                        <i>1 0 0 0 1 0 0 0 1 -1.82228 3.93515 0.0442079</i>
                        <i>1 0 0 0 1 0 0 0 1 -1.82631 3.94368 0.0597882</i>
                        <i>1 0 0 0 1 0 0 0 1 -1.83036 3.94925 0.0753521</i>
                        <i>1 0 0 0 1 0 0 0 1 -1.83417 3.95305 0.0897051</i>
                        <i>1 0 0 0 1 0 0 0 1 -1.83747 3.95624 0.101653</i>
                        <i>1 0 0 0 1 0 0 0 1 -1.84 3.96 0.11</i>
                        <i>1 0 0 0 1 0 0 0 1 -1.84207 3.96378 0.115561</i>
                        <i>1 0 0 0 1 0 0 0 1 -1.8441 3.96633 0.119978</i>
                        <i>1 0 0 0 1 0 0 0 1 -1.84602 3.96779 0.123299</i>
                        <i>1 0 0 0 1 0 0 0 1 -1.84776 3.96832 0.125575</i>
                        <i>1 0 0 0 1 0 0 0 1 -1.84924 3.96806 0.126853</i>
                        <i>1 0 0 0 1 0 0 0 1 -1.85037 3.96715 0.127183</i>
                        <i>1 0 0 0 1 0 0 0 1 -1.8511 3.96574 0.126614</i>
                        <i>1 0 0 0 1 0 0 0 1 -1.85132 3.96398 0.125194</i>
                        <i>1 0 0 0 1 0 0 0 1 -1.85099 3.96202 0.122973</i>
                        <i>1 0 0 0 1 0 0 0 1 -1.85 3.96 0.12</i>
                        <i>1 0 0 0 1 0 0 0 1 -1.84679 3.95491 0.113214</i>
                        <i>1 0 0 0 1 0 0 0 1 -1.84078 3.94593 0.101241</i>
                        <i>1 0 0 0 1 0 0 0 1 -1.83337 3.93649 0.0866613</i>
                        <i>1 0 0 0 1 0 0 0 1 -1.82597 3.93004 0.0720545</i>
                        <i>1 0 0 0 1 0 0 0 1 -1.82 3.93 0.06</i>
                        <i>1 0 0 0 1 0 0 0 1 -1.84402 3.91573 0.0410215</i>
                        <i>1 0 0 0 1 0 0 0 1 -1.91752 3.86952 0.00665318</i>
                        <i>1 0 0 0 1 0 0 0 1 -2.02823 3.79924 -0.0390102</i>
                        <i>1 0 0 0 1 0 0 0 1 -2.16391 3.71275 -0.0918719</i>
                        <i>1 0 0 0 1 0 0 0 1 -2.31232 3.61789 -0.147837</i>
                        <i>1 0 0 0 1 0 0 0 1 -2.46121 3.52252 -0.202811</i>
                        <i>1 0 0 0 1 0 0 0 1 -2.59834 3.43451 -0.252697</i>
                        <i>1 0 0 0 1 0 0 0 1 -2.71144 3.3617 -0.2934</i>
                        <i>1 0 0 0 1 0 0 0 1 -2.78829 3.31197 -0.320825</i>
                        <i>1 0 0 0 1 0 0 0 1 -2.81662 3.29315 -0.330877</i>
                        <i>1 0 0 0 1 0 0 0 1 -2.81662 3.29315 -0.330877</i>
                        <i>1 0 0 0 1 0 0 0 1 -2.81662 3.29315 -0.330877</i>
                        <i>1 0 0 0 1 0 0 0 1 -2.81662 3.29315 -0.330877</i>
                        <i>1 0 0 0 1 0 0 0 1 -2.81662 3.29315 -0.330877</i>
                        <i>1 0 0 0 1 0 0 0 1 -2.81662 3.29315 -0.330877</i>
                        <i>1 0 0 0 1 0 0 0 1 -2.81662 3.29315 -0.330877</i>
                        <i>1 0 0 0 1 0 0 0 1 -2.81662 3.29315 -0.330877</i>
                        <i>1 0 0 0 1 0 0 0 1 -2.81662 3.29315 -0.330877</i>
                        <i>1 0 0 0 1 0 0 0 1 -2.81662 3.29315 -0.330877</i>
                        <i>1 0 0 0 1 0 0 0 1 -2.81662 3.29315 -0.330877</i>
                    </KeyFrames>
                </p>
            </i>
            <i>
                <p>
                    <Name><![CDATA[spine0]]></Name>
                    <Exclude>0</Exclude>
                    <Additive>0</Additive>
                    <IKPriority>0</IKPriority>
                    <IKRotLimits>-1e+010 -1e+010 -1e+010 1e+010 1e+010 1e+010</IKRotLimits>
                    <IKRotLimitOrder>0</IKRotLimitOrder>
                    <KeyFrames count="160">
                        <i>0.332242 0.9236 0.191256 -0.289148 -0.093274 0.95273 0.89778 -0.371838 0.236067 -2.85769 3.43065 -0.320648</i>
                        <i>0.335446 0.92219 0.192462 -0.289783 -0.0933842 0.952526 0.896383 -0.375293 0.23591 -2.86044 3.42762 -0.321554</i>
                        <i>0.339701 0.920283 0.194117 -0.290456 -0.093654 0.952294 0.89456 -0.379878 0.235487 -2.86364 3.42407 -0.322457</i>
                        <i>0.343704 0.918465 0.195677 -0.291173 -0.0938715 0.952054 0.892797 -0.384201 0.235168 -2.86711 3.42013 -0.323346</i>
                        <i>0.346032 0.917391 0.19661 -0.291933 -0.0938741 0.951821 0.891648 -0.386758 0.235333 -2.8707 3.41596 -0.324212</i>
                        <i>0.346732 0.917054 0.196948 -0.292719 -0.0936918 0.951597 0.891119 -0.3876 0.235953 -2.87423 3.41171 -0.325041</i>
                        <i>0.346828 0.916993 0.197065 -0.293481 -0.0934549 0.951386 0.890831 -0.387802 0.236707 -2.87753 3.40755 -0.325818</i>
                        <i>0.346317 0.91721 0.196955 -0.294143 -0.0931938 0.951207 0.890811 -0.387352 0.237516 -2.88045 3.40365 -0.326529</i>
                        <i>0.345187 0.91771 0.19661 -0.294611 -0.0929453 0.951086 0.891095 -0.386226 0.238284 -2.88281 3.40017 -0.327156</i>
                        <i>0.343427 0.918496 0.196017 -0.294791 -0.0927422 0.951051 0.891716 -0.3844 0.238914 -2.88446 3.39729 -0.327682</i>
                        <i>0.341415 0.919402 0.195284 -0.294782 -0.0925447 0.951072 0.892491 -0.382276 0.239428 -2.88553 3.39505 -0.328126</i>
                        <i>0.339633 0.920213 0.194567 -0.294741 -0.0923161 0.951108 0.893184 -0.380375 0.239871 -2.88622 3.39346 -0.328495</i>
                        <i>0.338234 0.920863 0.193932 -0.294659 -0.0920832 0.951155 0.893741 -0.378857 0.240195 -2.88647 3.39265 -0.328754</i>
                        <i>0.337363 0.921285 0.193441 -0.294531 -0.0918723 0.951216 0.894113 -0.37788 0.240352 -2.88621 3.39274 -0.328865</i>
                        <i>0.337166 0.921417 0.193158 -0.294351 -0.0917103 0.951287 0.894247 -0.377598 0.240298 -2.88537 3.39383 -0.328795</i>
                        <i>0.33737 0.921375 0.193001 -0.294117 -0.0915908 0.951371 0.894246 -0.377729 0.240092 -2.88496 3.39568 -0.327795</i>
                        <i>0.337607 0.921318 0.192857 -0.293828 -0.0914979 0.951469 0.894252 -0.37789 0.239819 -2.88554 3.39809 -0.325452</i>
                        <i>0.337878 0.921244 0.192737 -0.293482 -0.0914456 0.951581 0.894263 -0.378083 0.239471 -2.88642 3.4013 -0.322231</i>
                        <i>0.338186 0.921148 0.192656 -0.293078 -0.0914478 0.951705 0.89428 -0.378316 0.239041 -2.88686 3.40555 -0.318596</i>
                        <i>0.338535 0.921026 0.192627 -0.292611 -0.0915188 0.951842 0.8943 -0.378597 0.23852 -2.88616 3.41106 -0.315013</i>
                        <i>0.338589 0.921017 0.192576 -0.292081 -0.0916761 0.95199 0.894453 -0.378581 0.237971 -2.88361 3.41808 -0.311944</i>
                        <i>0.338247 0.92116 0.192491 -0.29148 -0.0919356 0.952149 0.894778 -0.378169 0.237403 -2.87848 3.42683 -0.309856</i>
                        <i>0.337865 0.921304 0.192476 -0.290802 -0.0923112 0.95232 0.895143 -0.377728 0.236728 -2.87007 3.43755 -0.309212</i>
                        <i>0.337796 0.921295 0.192636 -0.290034 -0.0928201 0.952505 0.895418 -0.377623 0.235852 -2.85766 3.45045 -0.310477</i>
                        <i>0.338389 0.920985 0.193077 -0.289159 -0.0934839 0.952706 0.895477 -0.378215 0.234677 -2.84053 3.46578 -0.314115</i>
                        <i>0.333987 0.924056 0.18594 -0.274705 -0.09328 0.956993 0.90166 -0.370701 0.222688 -2.81834 3.48532 -0.321353</i>
                        <i>0.31992 0.932808 0.165891 -0.235691 -0.0912331 0.967536 0.91766 -0.348633 0.190668 -2.79181 3.50987 -0.332417</i>
                        <i>0.297616 0.944724 0.137554 -0.175673 -0.0874294 0.980559 0.938384 -0.315994 0.139942 -2.76179 3.53806 -0.346156</i>
                        <i>0.268645 0.9574 0.105899 -0.0983899 -0.0820908 0.991756 0.958201 -0.276849 0.0721453 -2.72911 3.56855 -0.361349</i>
                        <i>0.23528 0.968994 0.0754643 -0.00812326 -0.0756808 0.997099 0.971894 -0.23521 -0.00993475 -2.69456 3.59996 -0.376795</i>
                        <i>0.200613 0.978412 0.0496365 0.0902099 -0.0689004 0.993537 0.975508 -0.194839 -0.102085 -2.65895 3.63094 -0.39138</i>
                        <i>0.168284 0.985279 0.0300978 0.191238 -0.0625858 0.979546 0.96701 -0.159087 -0.198955 -2.6231 3.66013 -0.404115</i>
                        <i>0.141955 0.989734 0.0165985 0.289517 -0.0575479 0.955441 0.946588 -0.130824 -0.294714 -2.58792 3.68618 -0.414148</i>
                        <i>0.124779 0.992159 0.00711145 0.379995 -0.0544085 0.923387 0.916534 -0.112517 -0.383805 -2.55442 3.70773 -0.420732</i>
                        <i>0.119081 0.992883 -0.00167162 0.458402 -0.0534847 0.887134 0.880731 -0.106407 -0.461509 -2.52376 3.72342 -0.423177</i>
                        <i>0.126419 0.991883 -0.0136304 0.521424 -0.0547554 0.851539 0.843881 -0.114758 -0.524114 -2.4972 3.73187 -0.420795</i>
                        <i>0.147419 0.988424 -0.0358484 0.574708 -0.0561044 0.816433 0.804971 -0.14096 -0.576326 -2.47473 3.73208 -0.412127</i>
                        <i>0.177898 0.98131 -0.0733649 0.625064 -0.055104 0.778626 0.760031 -0.184374 -0.623185 -2.45514 3.72481 -0.397207</i>
                        <i>0.212235 0.969054 -0.126055 0.671731 -0.0509833 0.739038 0.709742 -0.241525 -0.661765 -2.43808 3.71138 -0.377536</i>
                        <i>0.245358 0.950208 -0.192105 0.714109 -0.0431352 0.698704 0.655628 -0.308616 -0.689136 -2.42319 3.69311 -0.354581</i>
                        <i>0.273067 0.924022 -0.267614 0.751746 -0.0313823 0.658706 0.60026 -0.381049 -0.703199 -2.41012 3.67133 -0.329766</i>
                        <i>0.2926 0.89115 -0.346752 0.784325 -0.0162258 0.620138 0.547009 -0.453419 -0.703699 -2.39849 3.64737 -0.304477</i>
                        <i>0.303154 0.854111 -0.422601 0.811667 0.000924096 0.584119 0.499293 -0.52009 -0.692974 -2.38787 3.62255 -0.280062</i>
                        <i>0.305998 0.817229 -0.488367 0.833753 0.0175987 0.551857 0.459588 -0.576044 -0.675982 -2.37782 3.59818 -0.257851</i>
                        <i>0.303964 0.786034 -0.538291 0.85072 0.0303749 0.524741 0.428815 -0.617437 -0.659461 -2.36782 3.57554 -0.239164</i>
                        <i>0.300475 0.766358 -0.567813 0.862724 0.0354848 0.504428 0.406721 -0.641434 -0.650493 -2.35731 3.55592 -0.225321</i>
                        <i>0.280776 0.784774 -0.552535 0.871279 0.0330379 0.489674 0.402538 -0.618901 -0.674481 -2.35196 3.52732 -0.213693</i>
                        <i>0.238868 0.839486 -0.488062 0.878763 0.0269814 0.476495 0.41318 -0.542711 -0.731264 -2.35408 3.48902 -0.202551</i>
                        <i>0.190528 0.894945 -0.40345 0.886125 0.0200804 0.463012 0.422472 -0.445724 -0.789207 -2.35852 3.45974 -0.194658</i>
                        <i>0.154009 0.928755 -0.337189 0.893519 0.0147664 0.448783 0.421789 -0.370401 -0.827585 -2.36083 3.46018 -0.192225</i>
                        <i>0.130672 0.946612 -0.294702 0.900145 0.0113058 0.435444 0.415528 -0.322175 -0.850611 -2.36082 3.48655 -0.194644</i>
                        <i>0.108796 0.96135 -0.252922 0.905262 0.00930013 0.424752 0.410688 -0.275172 -0.869262 -2.36105 3.51969 -0.199667</i>
                        <i>0.0886062 0.972935 -0.213417 0.908688 0.00879924 0.417383 0.407964 -0.230912 -0.883315 -2.36154 3.55814 -0.206668</i>
                        <i>0.070261 0.98161 -0.177495 0.910322 0.00966288 0.413789 0.407894 -0.19065 -0.892902 -2.36223 3.60045 -0.215002</i>
                        <i>0.0538192 0.987822 -0.145984 0.910098 0.0116322 0.414231 0.410884 -0.155154 -0.898388 -2.36306 3.64518 -0.22401</i>
                        <i>0.0392303 0.992105 -0.119118 0.907955 0.0143831 0.41882 0.417227 -0.124584 -0.900223 -2.36395 3.6909 -0.23301</i>
                        <i>0.0263402 0.994979 -0.0965533 0.903819 0.0175632 0.427555 0.427104 -0.0985285 -0.898818 -2.3648 3.73625 -0.241299</i>
                        <i>0.0149166 0.996878 -0.0775373 0.897585 0.0208197 0.44035 0.44059 -0.0761648 -0.894472 -2.36554 3.77988 -0.248162</i>
                        <i>0.00469122 0.998118 -0.061147 0.889118 0.0238215 0.457058 0.457655 -0.056511 -0.887332 -2.36611 3.8205 -0.252874</i>
                        <i>-0.00458568 0.998906 -0.0465404 0.878251 0.0262781 0.477477 0.478177 -0.0386846 -0.877411 -2.36646 3.85683 -0.25471</i>
                        <i>-0.0130917 0.999365 -0.033128 0.864788 0.0279483 0.501359 0.501967 -0.0220851 -0.864605 -2.36661 3.88764 -0.252952</i>
                        <i>-0.0209002 0.999569 -0.0206105 0.848495 0.0286372 0.528427 0.52879 -0.00644364 -0.848728 -2.36663 3.91166 -0.2469</i>
                        <i>-0.025782 0.999613 -0.0104506 0.821016 0.0271375 0.570259 0.570322 0.00612227 -0.821398 -2.37234 3.92373 -0.233268</i>
                        <i>-0.026009 0.999656 -0.00334373 0.774558 0.0222667 0.632111 0.631968 0.0138507 -0.774871 -2.38657 3.92233 -0.211078</i>
                        <i>-0.022123 0.999752 0.00249095 0.710206 0.0139621 0.703855 0.703646 0.0173405 -0.710339 -2.40497 3.91158 -0.18321</i>
                        <i>-0.0150396 0.999848 0.00877555 0.630873 0.0026797 0.775881 0.77574 0.0172052 -0.630818 -2.42296 3.89563 -0.152492</i>
                        <i>-0.00643621 0.999844 0.0164537 0.541973 -0.0103399 0.840333 0.840372 0.014326 -0.541821 -2.43572 3.87878 -0.12148</i>
                        <i>0.00119262 0.999679 0.0253121 0.451209 -0.0231269 0.892119 0.892418 0.0103571 -0.451092 -2.43822 3.86541 -0.0922892</i>
                        <i>0.00470227 0.999413 0.033931 0.367784 -0.0332815 0.929315 0.929899 0.00810939 -0.367725 -2.42538 3.86 -0.0665347</i>
                        <i>0.000707961 0.999199 0.0400109 0.301432 -0.0383631 0.952716 0.953488 0.0113861 -0.301217 -2.39227 3.86703 -0.0454485</i>
                        <i>-0.013179 0.999082 0.0407686 0.252545 -0.0361244 0.966911 0.967495 0.0230388 -0.251837 -2.31882 3.90034 -0.0277291</i>
                        <i>-0.0352851 0.998767 0.0349341 0.214728 -0.0265627 0.976313 0.976036 0.0419507 -0.213526 -2.20214 3.95845 -0.0122515</i>
                        <i>-0.0627865 0.997765 0.0228607 0.18717 -0.0107276 0.982269 0.980319 0.065952 -0.186078 -2.06318 4.0229 -0.000342367</i>
                        <i>-0.0930058 0.99565 0.00551715 0.168779 0.0103045 0.9856 0.981256 0.0925977 -0.169003 -1.92292 4.07523 0.00668153</i>
                        <i>-0.123451 0.992227 -0.0156924 0.158261 0.0352966 0.986766 0.97965 0.119334 -0.161388 -1.80239 4.09703 0.00749106</i>
                        <i>-0.147895 0.988248 -0.0386275 0.154379 0.0616464 0.986087 0.97688 0.139874 -0.161682 -1.70087 4.08146 0.000397747</i>
                        <i>-0.163139 0.984743 -0.0605522 0.155892 0.0863323 0.983994 0.974209 0.151088 -0.167598 -1.60339 4.04175 -0.0130665</i>
                        <i>-0.171559 0.981952 -0.0796164 0.161263 0.107715 0.981016 0.971886 0.155463 -0.176832 -1.50955 3.98962 -0.0294446</i>
                        <i>-0.175368 0.979919 -0.0948915 0.168758 0.124879 0.977715 0.969931 0.155446 -0.187269 -1.41896 3.93675 -0.0453065</i>
                        <i>-0.176012 0.978642 -0.106206 0.17653 0.137521 0.974641 0.96843 0.1528 -0.196965 -1.33126 3.89483 -0.057234</i>
                        <i>-0.173906 0.978172 -0.113741 0.182787 0.145558 0.972318 0.96765 0.148301 -0.20411 -1.2461 3.87549 -0.0618032</i>
                        <i>-0.0494136 0.992776 -0.109339 0.299611 0.119165 0.94659 0.952781 0.0140153 -0.303334 -1.15993 4.00532 -0.0379576</i>
                        <i>0.146698 0.987106 -0.064046 0.38269 0.0030701 0.923872 0.912156 -0.16004 -0.377305 -1.09089 4.16552 -0.00443444</i>
                        <i>0.287766 0.957394 0.024235 0.229953 -0.0936382 0.968687 0.929684 -0.273182 -0.247101 -1.05454 4.22272 0.013872</i>
                        <i>0.3881 0.912448 0.129678 -0.0522989 -0.118676 0.991555 0.920132 -0.391605 0.0016618 -1.04255 4.2464 0.0205293</i>
                        <i>0.462279 0.864976 0.19523 -0.255275 -0.0810297 0.963467 0.849195 -0.495228 0.183349 -1.03426 4.22471 0.0166288</i>
                        <i>0.52242 0.826082 0.211345 -0.253644 -0.086085 0.963459 0.81409 -0.556936 0.164558 -1.02663 4.34432 0.0213185</i>
                        <i>0.575308 0.785315 0.228693 -0.25348 -0.0946545 0.962699 0.777669 -0.611817 0.144606 -1.02471 4.45523 0.0271438</i>
                        <i>0.622682 0.743161 0.244906 -0.257168 -0.101234 0.96105 0.739008 -0.66141 0.128081 -1.02562 4.55722 0.0328451</i>
                        <i>0.663681 0.70216 0.257876 -0.263226 -0.103465 0.95917 0.700171 -0.704462 0.116159 -1.02635 4.64995 0.0373996</i>
                        <i>0.695555 0.667392 0.266066 -0.266809 -0.103906 0.958132 0.667096 -0.737422 0.105794 -1.0237 4.73318 0.0401641</i>
                        <i>0.718526 0.638402 0.275977 -0.271302 -0.108095 0.956405 0.640403 -0.762075 0.0955306 -1.03868 4.80515 0.0421912</i>
                        <i>0.734433 0.615068 0.28688 -0.276657 -0.114666 0.954103 0.619734 -0.780092 0.0859483 -1.05684 4.86484 0.0435635</i>
                        <i>0.743884 0.598076 0.29823 -0.282091 -0.123552 0.951399 0.605856 -0.791859 0.0768036 -1.07861 4.91131 0.0443489</i>
                        <i>0.747395 0.588091 0.309112 -0.286678 -0.134255 0.948573 0.599347 -0.797574 0.0682508 -1.10439 4.94359 0.0446145</i>
                        <i>0.745323 0.585839 0.318254 -0.289431 -0.14571 0.946044 0.600602 -0.797221 0.060959 -1.1346 4.9607 0.0444169</i>
                        <i>0.737831 0.592081 0.324107 -0.289432 -0.156265 0.944357 0.609782 -0.790583 0.0560694 -1.16968 4.96165 0.0437916</i>
                        <i>0.724897 0.6074 0.324946 -0.285974 -0.163798 0.944134 0.626692 -0.777326 0.0549641 -1.21006 4.94546 0.0427393</i>
                        <i>0.697297 0.645715 0.311173 -0.270602 -0.164853 0.948471 0.66374 -0.74557 0.0597804 -1.26043 4.91024 0.0401401</i>
                        <i>0.646572 0.710957 0.276559 -0.238933 -0.155555 0.958495 0.724469 -0.685815 0.0692936 -1.32323 4.85461 0.0350983</i>
                        <i>0.573693 0.787411 0.225523 -0.197137 -0.134505 0.971105 0.794993 -0.601575 0.0780634 -1.39551 4.77817 0.0281094</i>
                        <i>0.4815 0.860822 0.164753 -0.151559 -0.103367 0.983028 0.863243 -0.498298 0.0806943 -1.47427 4.68041 0.0199658</i>
                        <i>0.3756 0.921087 0.102583 -0.107536 -0.0666263 0.991966 0.920522 -0.383614 0.074025 -1.55625 4.56087 0.0116997</i>
                        <i>0.263939 0.963386 0.0471482 -0.0681958 -0.0301203 0.997217 0.962126 -0.26642 0.057749 -1.63792 4.41925 0.00441375</i>
                        <i>0.155951 0.987755 0.00442783 -0.0340214 0.000891306 0.999421 0.987179 -0.156011 0.0337438 -1.71548 4.25549 -0.000924904</i>
                        <i>0.0683385 0.99744 -0.0210417 -0.00273748 0.0212784 0.99977 0.997658 -0.0682652 0.00418461 -1.78611 4.05869 -0.00350352</i>
                        <i>0.011063 0.999397 -0.0329168 0.0259859 0.0326204 0.99913 0.999601 -0.0119087 -0.0256093 -1.84457 3.8524 -0.00351719</i>
                        <i>-0.0180665 0.999099 -0.0384091 0.0475169 0.0392299 0.9981 0.998707 0.0162071 -0.0481828 -1.88403 3.6893 -0.00229631</i>
                        <i>-0.0258034 0.998855 -0.0402868 0.0559328 0.0416796 0.997564 0.998101 0.0234872 -0.0569442 -1.89847 3.62291 -0.00153729</i>
                        <i>-0.0100958 0.999207 -0.0385079 0.0582936 0.0390325 0.997536 0.998248 0.00782612 -0.0586415 -1.89985 3.63565 -0.00196806</i>
                        <i>0.003651 0.999305 -0.0370858 0.062997 0.0367826 0.997336 0.998007 -0.00597757 -0.062819 -1.90023 3.67025 -0.0026343</i>
                        <i>0.0152335 0.999239 -0.0359178 0.0693918 0.0347789 0.996983 0.997473 -0.01768 -0.0688091 -1.89983 3.72067 -0.00314187</i>
                        <i>0.0243773 0.999097 -0.0347882 0.0768518 0.0328227 0.996502 0.996744 -0.0269656 -0.0759823 -1.89884 3.78089 -0.00309953</i>
                        <i>0.0307585 0.998969 -0.0333872 0.0847221 0.030677 0.995932 0.99593 -0.033462 -0.0836912 -1.89749 3.84489 -0.00212109</i>
                        <i>0.0340726 0.998928 -0.0313341 0.0922761 0.028074 0.995338 0.99515 -0.0368052 -0.0912206 -1.89598 3.90664 0.000175381</i>
                        <i>0.0341575 0.999018 -0.0282111 0.0986868 0.0247181 0.994811 0.994532 -0.0367643 -0.0977456 -1.89455 3.96011 0.00417098</i>
                        <i>0.0311643 0.999235 -0.0236074 0.103011 0.0202822 0.994473 0.994192 -0.0334238 -0.1023 -1.89342 3.99927 0.0102519</i>
                        <i>0.0279516 0.999514 -0.0138353 0.106016 0.0107985 0.994306 0.993972 -0.0292592 -0.105662 -1.89233 4.026 0.0196575</i>
