<?xml version="1.0" encoding="ISO-8859-1" ?>
<Animl Version="1">
    <ModellingPackage><![CDATA[Maya.2010]]></ModellingPackage>
    <SrcFile><![CDATA[anims\turrets\mortar\red\~src\mortar_m1938\mortar_m1938_aim_random_crewman_c.mb]]></SrcFile>
    <FramesPerSecond>30</FramesPerSecond>
    <TotalFrames>90</TotalFrames>
    <Skeleton>
        <RefFrame>
            <Name><![CDATA[soldier_ref_frame]]></Name>
            <Exclude>0</Exclude>
            <Additive>0</Additive>
            <IKPriority>0</IKPriority>
            <IKRotLimits>-1e+010 -1e+010 -1e+010 1e+010 1e+010 1e+010</IKRotLimits>
            <IKRotLimitOrder>0</IKRotLimitOrder>
            <KeyFrames count="90">
                <i>1 0 0 0 1 0 0 0 1 -2.84 2.61 -0.27</i>
                <i>1 0 0 0 1 0 0 0 1 -2.84 2.61 -0.27</i>
                <i>1 0 0 0 1 0 0 0 1 -2.84 2.61 -0.27</i>
                <i>1 0 0 0 1 0 0 0 1 -2.84 2.61 -0.27</i>
                <i>1 0 0 0 1 0 0 0 1 -2.84 2.61 -0.27</i>
                <i>1 0 0 0 1 0 0 0 1 -2.84 2.61 -0.27</i>
                <i>1 0 0 0 1 0 0 0 1 -2.84 2.61 -0.27</i>
                <i>1 0 0 0 1 0 0 0 1 -2.84 2.61 -0.27</i>
                <i>1 0 0 0 1 0 0 0 1 -2.84 2.61 -0.27</i>
                <i>1 0 0 0 1 0 0 0 1 -2.84 2.61 -0.27</i>
                <i>1 0 0 0 1 0 0 0 1 -2.84 2.61 -0.27</i>
                <i>1 0 0 0 1 0 0 0 1 -2.84 2.61 -0.27</i>
                <i>1 0 0 0 1 0 0 0 1 -2.84 2.61 -0.27</i>
                <i>1 0 0 0 1 0 0 0 1 -2.84 2.61 -0.27</i>
                <i>1 0 0 0 1 0 0 0 1 -2.84 2.61 -0.27</i>
                <i>1 0 0 0 1 0 0 0 1 -2.84 2.61 -0.27</i>
                <i>1 0 0 0 1 0 0 0 1 -2.84 2.61 -0.27</i>
                <i>1 0 0 0 1 0 0 0 1 -2.84 2.61 -0.27</i>
                <i>1 0 0 0 1 0 0 0 1 -2.84 2.61 -0.27</i>
                <i>1 0 0 0 1 0 0 0 1 -2.84 2.61 -0.27</i>
                <i>1 0 0 0 1 0 0 0 1 -2.84 2.61 -0.27</i>
                <i>1 0 0 0 1 0 0 0 1 -2.84 2.61 -0.27</i>
                <i>1 0 0 0 1 0 0 0 1 -2.84 2.61 -0.27</i>
                <i>1 0 0 0 1 0 0 0 1 -2.84 2.61 -0.27</i>
                <i>1 0 0 0 1 0 0 0 1 -2.84 2.61 -0.27</i>
                <i>1 0 0 0 1 0 0 0 1 -2.84 2.61 -0.27</i>
                <i>1 0 0 0 1 0 0 0 1 -2.84 2.61 -0.27</i>
                <i>1 0 0 0 1 0 0 0 1 -2.84 2.61 -0.27</i>
                <i>1 0 0 0 1 0 0 0 1 -2.84 2.61 -0.27</i>
                <i>1 0 0 0 1 0 0 0 1 -2.84 2.61 -0.27</i>
                <i>1 0 0 0 1 0 0 0 1 -2.84 2.61 -0.27</i>
                <i>1 0 0 0 1 0 0 0 1 -2.84 2.61 -0.27</i>
                <i>1 0 0 0 1 0 0 0 1 -2.84 2.61 -0.27</i>
                <i>1 0 0 0 1 0 0 0 1 -2.84 2.61 -0.27</i>
                <i>1 0 0 0 1 0 0 0 1 -2.84 2.61 -0.27</i>
                <i>1 0 0 0 1 0 0 0 1 -2.84 2.61 -0.27</i>
                <i>1 0 0 0 1 0 0 0 1 -2.84 2.61 -0.27</i>
                <i>1 0 0 0 1 0 0 0 1 -2.84 2.61 -0.27</i>
                <i>1 0 0 0 1 0 0 0 1 -2.84 2.61 -0.27</i>
                <i>1 0 0 0 1 0 0 0 1 -2.84 2.61 -0.27</i>
                <i>1 0 0 0 1 0 0 0 1 -2.84 2.61 -0.27</i>
                <i>1 0 0 0 1 0 0 0 1 -2.84 2.61 -0.27</i>
                <i>1 0 0 0 1 0 0 0 1 -2.84 2.61 -0.27</i>
                <i>1 0 0 0 1 0 0 0 1 -2.84 2.61 -0.27</i>
                <i>1 0 0 0 1 0 0 0 1 -2.84 2.61 -0.27</i>
                <i>1 0 0 0 1 0 0 0 1 -2.84 2.61 -0.27</i>
                <i>1 0 0 0 1 0 0 0 1 -2.84 2.61 -0.27</i>
                <i>1 0 0 0 1 0 0 0 1 -2.84 2.61 -0.27</i>
                <i>1 0 0 0 1 0 0 0 1 -2.84 2.61 -0.27</i>
                <i>1 0 0 0 1 0 0 0 1 -2.84 2.61 -0.27</i>
                <i>1 0 0 0 1 0 0 0 1 -2.84 2.61 -0.27</i>
                <i>1 0 0 0 1 0 0 0 1 -2.84 2.61 -0.27</i>
                <i>1 0 0 0 1 0 0 0 1 -2.84 2.61 -0.27</i>
                <i>1 0 0 0 1 0 0 0 1 -2.84 2.61 -0.27</i>
                <i>1 0 0 0 1 0 0 0 1 -2.84 2.61 -0.27</i>
                <i>1 0 0 0 1 0 0 0 1 -2.84 2.61 -0.27</i>
                <i>1 0 0 0 1 0 0 0 1 -2.84 2.61 -0.27</i>
                <i>1 0 0 0 1 0 0 0 1 -2.84 2.61 -0.27</i>
                <i>1 0 0 0 1 0 0 0 1 -2.84 2.61 -0.27</i>
                <i>1 0 0 0 1 0 0 0 1 -2.84 2.61 -0.27</i>
                <i>1 0 0 0 1 0 0 0 1 -2.84 2.61 -0.27</i>
                <i>1 0 0 0 1 0 0 0 1 -2.84 2.61 -0.27</i>
                <i>1 0 0 0 1 0 0 0 1 -2.84 2.61 -0.27</i>
                <i>1 0 0 0 1 0 0 0 1 -2.84 2.61 -0.27</i>
                <i>1 0 0 0 1 0 0 0 1 -2.84 2.61 -0.27</i>
                <i>1 0 0 0 1 0 0 0 1 -2.84 2.61 -0.27</i>
                <i>1 0 0 0 1 0 0 0 1 -2.84 2.61 -0.27</i>
                <i>1 0 0 0 1 0 0 0 1 -2.84 2.61 -0.27</i>
                <i>1 0 0 0 1 0 0 0 1 -2.84 2.61 -0.27</i>
                <i>1 0 0 0 1 0 0 0 1 -2.84 2.61 -0.27</i>
                <i>1 0 0 0 1 0 0 0 1 -2.84 2.61 -0.27</i>
                <i>1 0 0 0 1 0 0 0 1 -2.84 2.61 -0.27</i>
                <i>1 0 0 0 1 0 0 0 1 -2.84 2.61 -0.27</i>
                <i>1 0 0 0 1 0 0 0 1 -2.84 2.61 -0.27</i>
                <i>1 0 0 0 1 0 0 0 1 -2.84 2.61 -0.27</i>
                <i>1 0 0 0 1 0 0 0 1 -2.84 2.61 -0.27</i>
                <i>1 0 0 0 1 0 0 0 1 -2.84 2.61 -0.27</i>
                <i>1 0 0 0 1 0 0 0 1 -2.84 2.61 -0.27</i>
                <i>1 0 0 0 1 0 0 0 1 -2.84 2.61 -0.27</i>
                <i>1 0 0 0 1 0 0 0 1 -2.84 2.61 -0.27</i>
                <i>1 0 0 0 1 0 0 0 1 -2.84 2.61 -0.27</i>
                <i>1 0 0 0 1 0 0 0 1 -2.84 2.61 -0.27</i>
                <i>1 0 0 0 1 0 0 0 1 -2.84 2.61 -0.27</i>
                <i>1 0 0 0 1 0 0 0 1 -2.84 2.61 -0.27</i>
                <i>1 0 0 0 1 0 0 0 1 -2.84 2.61 -0.27</i>
                <i>1 0 0 0 1 0 0 0 1 -2.84 2.61 -0.27</i>
                <i>1 0 0 0 1 0 0 0 1 -2.84 2.61 -0.27</i>
                <i>1 0 0 0 1 0 0 0 1 -2.84 2.61 -0.27</i>
                <i>1 0 0 0 1 0 0 0 1 -2.84 2.61 -0.27</i>
                <i>1 0 0 0 1 0 0 0 1 -2.84 2.61 -0.27</i>
            </KeyFrames>
        </RefFrame>
        <Bones count="23">
            <i>
                <p>
                    <Name><![CDATA[pelvis]]></Name>
                    <Exclude>0</Exclude>
                    <Additive>0</Additive>
                    <IKPriority>0</IKPriority>
                    <IKRotLimits>-1e+010 -1e+010 -1e+010 1e+010 1e+010 1e+010</IKRotLimits>
                    <IKRotLimitOrder>2</IKRotLimitOrder>
                    <KeyFrames count="90">
                        <i>1 0 0 0 1 0 0 0 1 -2.81662 3.29315 -0.330877</i>
                        <i>1 0 0 0 1 0 0 0 1 -2.81661 3.31985 -0.330872</i>
                        <i>1 0 0 0 1 0 0 0 1 -2.81658 3.34655 -0.330857</i>
                        <i>1 0 0 0 1 0 0 0 1 -2.81653 3.36 -0.330836</i>
                        <i>1 0 0 0 1 0 0 0 1 -2.81648 3.35622 -0.330811</i>
                        <i>1 0 0 0 1 0 0 0 1 -2.81642 3.34335 -0.330785</i>
                        <i>1 0 0 0 1 0 0 0 1 -2.81637 3.3263 -0.330761</i>
                        <i>1 0 0 0 1 0 0 0 1 -2.81633 3.31 -0.330742</i>
                        <i>1 0 0 0 1 0 0 0 1 -2.8163 3.29069 -0.33073</i>
                        <i>1 0 0 0 1 0 0 0 1 -2.8163 3.26979 -0.330728</i>
                        <i>1 0 0 0 1 0 0 0 1 -2.81632 3.26 -0.330739</i>
                        <i>1 0 0 0 1 0 0 0 1 -2.81638 3.27205 -0.330766</i>
                        <i>1 0 0 0 1 0 0 0 1 -2.81648 3.2952 -0.330811</i>
                        <i>1 0 0 0 1 0 0 0 1 -2.81662 3.31 -0.330877</i>
                        <i>1 0 0 0 1 0 0 0 1 -2.8169 3.30891 -0.331002</i>
                        <i>1 0 0 0 1 0 0 0 1 -2.81756 3.30623 -0.331309</i>
                        <i>1 0 0 0 1 0 0 0 1 -2.81841 3.30284 -0.331698</i>
                        <i>1 0 0 0 1 0 0 0 1 -2.81922 3.2996 -0.332068</i>
                        <i>1 0 0 0 1 0 0 0 1 -2.81976 3.2974 -0.33232</i>
                        <i>1 0 0 0 1 0 0 0 1 -2.81984 3.2971 -0.332353</i>
                        <i>1 0 0 0 1 0 0 0 1 -2.81843 3.30273 -0.331708</i>
                        <i>1 0 0 0 1 0 0 0 1 -2.81584 3.31314 -0.330515</i>
                        <i>1 0 0 0 1 0 0 0 1 -2.81447 3.3186 -0.32989</i>
                        <i>1 0 0 0 1 0 0 0 1 -2.81578 3.31275 -0.330491</i>
                        <i>1 0 0 0 1 0 0 0 1 -2.81833 3.30196 -0.33166</i>
                        <i>1 0 0 0 1 0 0 0 1 -2.82022 3.29557 -0.332529</i>
                        <i>1 0 0 0 1 0 0 0 1 -2.8204 3.29707 -0.332613</i>
                        <i>1 0 0 0 1 0 0 0 1 -2.82084 3.30065 -0.332815</i>
                        <i>1 0 0 0 1 0 0 0 1 -2.82136 3.30492 -0.333055</i>
                        <i>1 0 0 0 1 0 0 0 1 -2.8218 3.3085 -0.333256</i>
                        <i>1 0 0 0 1 0 0 0 1 -2.82198 3.31 -0.33334</i>
                        <i>1 0 0 0 1 0 0 0 1 -2.80904 3.32641 -0.316736</i>
                        <i>1 0 0 0 1 0 0 0 1 -2.79012 3.34856 -0.292655</i>
                        <i>1 0 0 0 1 0 0 0 1 -2.78 3.36 -0.28</i>
                        <i>1 0 0 0 1 0 0 0 1 -2.78466 3.35363 -0.28651</i>
                        <i>1 0 0 0 1 0 0 0 1 -2.79627 3.33861 -0.302071</i>
                        <i>1 0 0 0 1 0 0 0 1 -2.80884 3.32281 -0.31881</i>
                        <i>1 0 0 0 1 0 0 0 1 -2.81637 3.31413 -0.328854</i>
                        <i>1 0 0 0 1 0 0 0 1 -2.81637 3.31481 -0.328854</i>
                        <i>1 0 0 0 1 0 0 0 1 -2.81637 3.31661 -0.328854</i>
                        <i>1 0 0 0 1 0 0 0 1 -2.81637 3.31915 -0.328854</i>
                        <i>1 0 0 0 1 0 0 0 1 -2.81637 3.32206 -0.328854</i>
                        <i>1 0 0 0 1 0 0 0 1 -2.81637 3.32498 -0.328854</i>
                        <i>1 0 0 0 1 0 0 0 1 -2.81637 3.32752 -0.328854</i>
                        <i>1 0 0 0 1 0 0 0 1 -2.81637 3.32932 -0.328854</i>
                        <i>1 0 0 0 1 0 0 0 1 -2.81637 3.33 -0.328854</i>
                        <i>1 0 0 0 1 0 0 0 1 -2.76872 3.35164 -0.32606</i>
                        <i>1 0 0 0 1 0 0 0 1 -2.68928 3.38638 -0.321405</i>
                        <i>1 0 0 0 1 0 0 0 1 -2.60637 3.4189 -0.318091</i>
                        <i>1 0 0 0 1 0 0 0 1 -2.54827 3.43389 -0.319322</i>
                        <i>1 0 0 0 1 0 0 0 1 -2.51984 3.42675 -0.326808</i>
                        <i>1 0 0 0 1 0 0 0 1 -2.50415 3.40737 -0.338322</i>
                        <i>1 0 0 0 1 0 0 0 1 -2.49686 3.38218 -0.351161</i>
                        <i>1 0 0 0 1 0 0 0 1 -2.4936 3.35758 -0.362621</i>
                        <i>1 0 0 0 1 0 0 0 1 -2.49 3.34 -0.37</i>
                        <i>1 0 0 0 1 0 0 0 1 -2.49064 3.33735 -0.369344</i>
                        <i>1 0 0 0 1 0 0 0 1 -2.49215 3.33103 -0.36778</i>
                        <i>1 0 0 0 1 0 0 0 1 -2.49397 3.32349 -0.365913</i>
                        <i>1 0 0 0 1 0 0 0 1 -2.49548 3.31717 -0.364348</i>
                        <i>1 0 0 0 1 0 0 0 1 -2.49612 3.31451 -0.363692</i>
                        <i>1 0 0 0 1 0 0 0 1 -2.49548 3.31717 -0.364348</i>
                        <i>1 0 0 0 1 0 0 0 1 -2.49397 3.32349 -0.365913</i>
                        <i>1 0 0 0 1 0 0 0 1 -2.49215 3.33103 -0.36778</i>
                        <i>1 0 0 0 1 0 0 0 1 -2.49064 3.33735 -0.369344</i>
                        <i>1 0 0 0 1 0 0 0 1 -2.49 3.34 -0.37</i>
                        <i>1 0 0 0 1 0 0 0 1 -2.49064 3.33735 -0.369344</i>
                        <i>1 0 0 0 1 0 0 0 1 -2.49215 3.33103 -0.36778</i>
                        <i>1 0 0 0 1 0 0 0 1 -2.49397 3.32349 -0.365913</i>
                        <i>1 0 0 0 1 0 0 0 1 -2.49548 3.31717 -0.364348</i>
                        <i>1 0 0 0 1 0 0 0 1 -2.49612 3.31451 -0.363692</i>
                        <i>1 0 0 0 1 0 0 0 1 -2.49595 3.31523 -0.363869</i>
                        <i>1 0 0 0 1 0 0 0 1 -2.49548 3.31717 -0.364348</i>
                        <i>1 0 0 0 1 0 0 0 1 -2.4948 3.32002 -0.365055</i>
                        <i>1 0 0 0 1 0 0 0 1 -2.49397 3.32349 -0.365913</i>
                        <i>1 0 0 0 1 0 0 0 1 -2.49306 3.32726 -0.366846</i>
                        <i>1 0 0 0 1 0 0 0 1 -2.49215 3.33103 -0.36778</i>
                        <i>1 0 0 0 1 0 0 0 1 -2.49132 3.3345 -0.368638</i>
                        <i>1 0 0 0 1 0 0 0 1 -2.49064 3.33735 -0.369344</i>
                        <i>1 0 0 0 1 0 0 0 1 -2.49017 3.33929 -0.369823</i>
                        <i>1 0 0 0 1 0 0 0 1 -2.49 3.34 -0.37</i>
                        <i>1 0 0 0 1 0 0 0 1 -2.5114 3.34917 -0.356228</i>
                        <i>1 0 0 0 1 0 0 0 1 -2.54737 3.36347 -0.332181</i>
                        <i>1 0 0 0 1 0 0 0 1 -2.59096 3.37819 -0.305019</i>
                        <i>1 0 0 0 1 0 0 0 1 -2.63526 3.3886 -0.281904</i>
                        <i>1 0 0 0 1 0 0 0 1 -2.67334 3.39 -0.27</i>
                        <i>1 0 0 0 1 0 0 0 1 -2.70915 3.37705 -0.273827</i>
                        <i>1 0 0 0 1 0 0 0 1 -2.7473 3.35289 -0.288612</i>
                        <i>1 0 0 0 1 0 0 0 1 -2.78187 3.32552 -0.307571</i>
                        <i>1 0 0 0 1 0 0 0 1 -2.80695 3.30294 -0.32392</i>
                        <i>1 0 0 0 1 0 0 0 1 -2.81662 3.29315 -0.330877</i>
                    </KeyFrames>
                </p>
            </i>
            <i>
                <p>
                    <Name><![CDATA[spine0]]></Name>
                    <Exclude>0</Exclude>
                    <Additive>0</Additive>
                    <IKPriority>0</IKPriority>
                    <IKRotLimits>-1e+010 -1e+010 -1e+010 1e+010 1e+010 1e+010</IKRotLimits>
                    <IKRotLimitOrder>0</IKRotLimitOrder>
                    <KeyFrames count="90">
                        <i>0.332242 0.9236 0.191256 -0.289148 -0.093274 0.95273 0.89778 -0.371838 0.236067 -2.85769 3.43065 -0.320648</i>
                        <i>0.300855 0.937696 0.173821 -0.281926 -0.0866689 0.955514 0.911046 -0.336475 0.238286 -2.85176 3.45882 -0.318644</i>
                        <i>0.262551 0.952772 0.152619 -0.274081 -0.0780157 0.958537 0.925174 -0.293495 0.240653 -2.8459 3.48673 -0.317183</i>
                        <i>0.229914 0.963953 0.133918 -0.269638 -0.0691235 0.960478 0.935112 -0.256937 0.244026 -2.84585 3.50025 -0.317981</i>
                        <i>0.20802 0.970835 0.119192 -0.270628 -0.0599742 0.960814 0.939941 -0.232125 0.250259 -2.85414 3.49476 -0.321624</i>
                        <i>0.200936 0.973699 0.107397 -0.274952 -0.0491682 0.9602 0.940227 -0.222468 0.257841 -2.86641 3.47818 -0.326618</i>
                        <i>0.20652 0.973484 0.0983824 -0.280827 -0.0373455 0.959031 0.937276 -0.225688 0.265668 -2.87827 3.45616 -0.331431</i>
                        <i>0.209808 0.973518 0.0907931 -0.285555 -0.0278006 0.957959 0.935114 -0.226914 0.27216 -2.88588 3.43588 -0.334582</i>
                        <i>0.205587 0.974922 0.0852089 -0.287627 -0.0230297 0.957465 0.935417 -0.221351 0.27568 -2.88892 3.41477 -0.335883</i>
                        <i>0.201221 0.976034 0.0828736 -0.288297 -0.0218466 0.957292 0.93616 -0.216519 0.276992 -2.88987 3.39329 -0.336283</i>
                        <i>0.19677 0.976954 0.0827226 -0.287909 -0.023077 0.95738 0.937225 -0.2122 0.276732 -2.88942 3.38379 -0.336079</i>
                        <i>0.192448 0.977732 0.0836906 -0.286976 -0.0254816 0.957599 0.938408 -0.208305 0.275681 -2.88821 3.3966 -0.335558</i>
                        <i>0.1884 0.978432 0.0847118 -0.28599 -0.0278597 0.957827 0.939529 -0.204681 0.274573 -2.88691 3.42058 -0.335007</i>
                        <i>0.184582 0.979159 0.0847166 -0.285356 -0.0290918 0.95798 0.94048 -0.201 0.274039 -2.88617 3.43588 -0.334717</i>
                        <i>0.182853 0.979526 0.0842245 -0.286436 -0.0288743 0.957664 0.940489 -0.199237 0.275291 -2.88613 3.43496 -0.334879</i>
                        <i>0.178167 0.980502 0.0829 -0.288728 -0.0284472 0.956988 0.940687 -0.194439 0.27803 -2.88601 3.43271 -0.335228</i>
                        <i>0.171283 0.981888 0.0809804 -0.290816 -0.0281447 0.956365 0.941323 -0.18736 0.280728 -2.8858 3.42988 -0.33556</i>
                        <i>0.162923 0.98349 0.0787598 -0.291275 -0.0283239 0.95622 0.942664 -0.178731 0.281851 -2.8855 3.42723 -0.335679</i>
                        <i>0.153716 0.985139 0.0766344 -0.288668 -0.0294015 0.956978 0.945009 -0.169225 0.279858 -2.8851 3.42553 -0.335396</i>
                        <i>0.144186 0.986694 0.0751379 -0.281527 -0.0318909 0.959023 0.948658 -0.159432 0.273183 -2.88461 3.42554 -0.334524</i>
                        <i>0.139337 0.987394 0.0750869 -0.274424 -0.0343536 0.960995 0.95146 -0.154508 0.266178 -2.88328 3.43114 -0.333156</i>
                        <i>0.126926 0.989019 0.0757028 -0.256109 -0.041056 0.965776 0.958279 -0.14197 0.248085 -2.88085 3.44148 -0.330114</i>
                        <i>0.110267 0.99082 0.0782092 -0.231061 -0.0509777 0.971603 0.96667 -0.125207 0.223319 -2.87967 3.44681 -0.326992</i>
                        <i>0.0928672 0.992219 0.0829324 -0.203916 -0.0625737 0.976987 0.974574 -0.107641 0.196518 -2.88113 3.4408 -0.324928</i>
                        <i>0.078144 0.992984 0.0887517 -0.179534 -0.0735519 0.980998 0.980643 -0.0925931 0.172526 -2.88377 3.42983 -0.323735</i>
                        <i>0.06913 0.993232 0.0933375 -0.162957 -0.081062 0.983298 0.984208 -0.0831853 0.15625 -2.88571 3.4233 -0.323015</i>
                        <i>0.0705322 0.993175 0.0928947 -0.163049 -0.0803953 0.983337 0.984094 -0.0845033 0.156265 -2.88591 3.4248 -0.323102</i>
                        <i>0.0739067 0.993034 0.0917706 -0.163278 -0.0787314 0.983434 0.983808 -0.0876665 0.156322 -2.88638 3.42836 -0.32331</i>
                        <i>0.0779889 0.992856 0.0903031 -0.163569 -0.0766086 0.983553 0.983444 -0.0914771 0.156426 -2.88694 3.43261 -0.323559</i>
                        <i>0.0814527 0.992698 0.088968 -0.163829 -0.0747151 0.983655 0.98312 -0.0946969 0.156547 -2.88741 3.43618 -0.323768</i>
                        <i>0.0829166 0.99263 0.0883794 -0.163941 -0.0738899 0.983699 0.982979 -0.096054 0.156606 -2.8876 3.43767 -0.323855</i>
                        <i>0.0713809 0.993994 0.082945 -0.215182 -0.0658532 0.974351 0.973962 -0.0873983 0.209189 -2.87729 3.45291 -0.310708</i>
                        <i>0.0556173 0.995908 0.0712292 -0.285211 -0.0525203 0.957025 0.95685 -0.0735425 0.281123 -2.8619 3.47324 -0.291872</i>
                        <i>0.0472041 0.997019 0.0610336 -0.362357 -0.0398477 0.931187 0.930843 -0.0660718 0.359395 -2.85317 3.48377 -0.284867</i>
                        <i>0.047198 0.997138 0.0590612 -0.435783 -0.0326485 0.89946 0.898814 -0.0681905 0.432994 -2.85614 3.47813 -0.295932</i>
                        <i>0.049245 0.996827 0.0625426 -0.49989 -0.0296126 0.865582 0.864688 -0.07389 0.496846 -2.86473 3.4645 -0.314739</i>
                        <i>0.049925 0.996388 0.0686888 -0.550277 -0.0299526 0.834445 0.833488 -0.0794575 0.546794 -2.87431 3.45006 -0.333548</i>
                        <i>0.0481764 0.996171 0.0729568 -0.583607 -0.0312032 0.811436 0.810606 -0.0816702 0.579869 -2.88007 3.4421 -0.345008</i>
                        <i>0.0475756 0.996168 0.0733828 -0.583536 -0.0319074 0.81146 0.810692 -0.0814272 0.579782 -2.88007 3.44279 -0.345008</i>
                        <i>0.0459926 0.996159 0.0745064 -0.583348 -0.0337634 0.81152 0.810919 -0.0807871 0.579555 -2.88007 3.44458 -0.345008</i>
                        <i>0.0437569 0.99614 0.0760957 -0.583079 -0.036386 0.8116 0.811236 -0.0798829 0.579236 -2.88007 3.44713 -0.345008</i>
                        <i>0.0411981 0.996108 0.0779185 -0.582766 -0.0393897 0.811685 0.811595 -0.0788481 0.578875 -2.88007 3.45004 -0.345008</i>
                        <i>0.0386441 0.996066 0.0797417 -0.582448 -0.0423899 0.811762 0.811949 -0.0778152 0.578519 -2.88007 3.45295 -0.345008</i>
                        <i>0.0364206 0.996021 0.0813322 -0.582166 -0.0450036 0.811823 0.812254 -0.076916 0.578211 -2.88007 3.4555 -0.345008</i>
                        <i>0.0348507 0.995985 0.082457 -0.581965 -0.04685 0.811863 0.812467 -0.076281 0.577996 -2.88007 3.45729 -0.345008</i>
                        <i>0.0342558 0.99597 0.0828835 -0.581888 -0.0475499 0.811877 0.812547 -0.0760404 0.577915 -2.88007 3.45798 -0.345008</i>
                        <i>0.0321296 0.998772 0.0377221 -0.545191 -0.014119 0.838193 0.837696 -0.0474965 0.544068 -2.8321 3.47869 -0.349199</i>
                        <i>0.0258646 0.999266 -0.02826 -0.491249 0.0373257 0.870219 0.870635 -0.00862522 0.491854 -2.75313 3.51056 -0.356038</i>
                        <i>0.0135628 0.995157 -0.0973629 -0.419116 0.0940632 0.903047 0.907831 0.0285585 0.418362 -2.67273 3.53824 -0.36339</i>
                        <i>-0.00174304 0.987996 -0.154473 -0.334824 0.14498 0.93106 0.942279 0.0533441 0.330552 -2.61855 3.54893 -0.369552</i>
                        <i>-0.0133097 0.980509 -0.196022 -0.247426 0.186713 0.950746 0.968815 0.061155 0.240118 -2.5938 3.54012 -0.375527</i>
                        <i>-0.0183722 0.973374 -0.228486 -0.162506 0.222579 0.961275 0.986536 0.0547912 0.15409 -2.58059 3.52101 -0.382364</i>
                        <i>-0.016805 0.966844 -0.254815 -0.0853 0.252536 0.96382 0.996214 0.0379327 0.0782279 -2.57392 3.49747 -0.389427</i>
                        <i>-0.0104931 0.960728 -0.277295 -0.0212475 0.277033 0.960625 0.999719 0.0159717 0.0175061 -2.56958 3.47509 -0.396025</i>
                        <i>-0.00263713 0.954768 -0.297339 0.0234834 0.297317 0.95449 0.999721 -0.0044654 -0.0232053 -2.56392 3.45938 -0.401316</i>
                        <i>0.00395037 0.953311 -0.301963 0.0227541 0.301802 0.953099 0.999733 -0.010636 -0.0204995 -2.56186 3.45811 -0.401613</i>
                        <i>0.0191486 0.949534 -0.313078 0.0208582 0.312688 0.949627 0.999599 -0.0247143 -0.013818 -2.55748 3.45446 -0.402316</i>
                        <i>0.0353155 0.94453 -0.326522 0.0178506 0.326077 0.945175 0.999217 -0.0392079 -0.00534484 -2.55363 3.44897 -0.403191</i>
                        <i>0.0434437 0.940018 -0.338347 0.0132482 0.338095 0.941019 0.998968 -0.0453638 0.00223456 -2.55345 3.44268 -0.404125</i>
                        <i>0.0386917 0.937802 -0.345008 0.00767786 0.344978 0.938579 0.999222 -0.0389642 0.00614747 -2.55746 3.43778 -0.405388</i>
                        <i>0.0228738 0.938681 -0.344028 0.00360189 0.344039 0.938949 0.999732 -0.0227165 0.00448846 -2.56281 3.43676 -0.407466</i>
                        <i>0.00078743 0.941467 -0.337104 0.00295464 0.337101 0.941464 0.999995 -0.00173736 -0.00251626 -2.5683 3.43852 -0.409916</i>
                        <i>-0.0215439 0.94463 -0.327431 0.00602185 0.327623 0.944789 0.99975 0.0183827 -0.0127467 -2.57304 3.44139 -0.4122</i>
                        <i>-0.0390124 0.947024 -0.318786 0.010814 0.31941 0.947555 0.99918 0.033519 -0.022702 -2.57631 3.44397 -0.413923</i>
                        <i>-0.0472219 0.947873 -0.31513 0.0137114 0.316067 0.948638 0.99879 0.0404756 -0.027922 -2.57753 3.44501 -0.41479</i>
                        <i>-0.0393525 0.94658 -0.320058 0.0108527 0.320692 0.947121 0.999166 0.0337981 -0.022893 -2.57534 3.44472 -0.413988</i>
                        <i>-0.0182093 0.943784 -0.330061 0.00673572 0.330224 0.943879 0.999812 0.0149642 -0.0123702 -2.56988 3.44396 -0.411398</i>
                        <i>0.00548306 0.940937 -0.338538 0.00826427 0.338489 0.940934 0.999951 -0.00795697 -0.0059202 -2.56297 3.44253 -0.407905</i>
                        <i>0.0187491 0.940178 -0.340169 0.0157384 0.339909 0.940327 0.9997 -0.022984 -0.00842393 -2.55683 3.44083 -0.404837</i>
                        <i>0.00863608 0.9428 -0.333248 0.0242866 0.332964 0.942627 0.999668 -0.016234 -0.0200219 -2.554 3.43995 -0.403835</i>
                        <i>-0.021247 0.946187 -0.322922 0.0335328 0.323487 0.945638 0.999212 0.00926347 -0.0386014 -2.55632 3.43902 -0.40543</i>
                        <i>-0.0552393 0.948021 -0.313378 0.0474289 0.315994 0.947575 0.997346 0.0374802 -0.0624188 -2.56224 3.43681 -0.408218</i>
                        <i>-0.0782879 0.947874 -0.308878 0.0654367 0.314046 0.94715 0.994781 0.0539384 -0.0866118 -2.56932 3.43416 -0.411043</i>
                        <i>-0.0866837 0.947517 -0.307728 0.0832981 0.314703 0.945528 0.992747 0.0563287 -0.106206 -2.57527 3.43231 -0.413271</i>
                        <i>-0.0856547 0.94856 -0.304791 0.0937091 0.31223 0.945374 0.991908 0.052414 -0.115633 -2.57806 3.43292 -0.414884</i>
                        <i>-0.0768517 0.950925 -0.299724 0.088724 0.305943 0.947907 0.993087 0.0462555 -0.107882 -2.57704 3.43663 -0.416158</i>
                        <i>-0.0638425 0.953883 -0.29331 0.0719169 0.297543 0.951996 0.995365 0.0396839 -0.0875963 -2.57371 3.442 -0.41713</i>
                        <i>-0.0498535 0.956751 -0.286606 0.0512681 0.289036 0.955944 0.99744 0.0329634 -0.0634602 -2.56947 3.44758 -0.417623</i>
                        <i>-0.0384757 0.958903 -0.281112 0.0342306 0.28242 0.95868 0.998673 0.0272633 -0.0436902 -2.56578 3.45193 -0.417679</i>
                        <i>-0.0337576 0.959751 -0.278815 0.0272129 0.279754 0.959686 0.999059 0.0248093 -0.0355614 -2.5642 3.45368 -0.41761</i>
                        <i>-0.0164812 0.969101 -0.246112 -0.000249791 0.246141 0.969234 0.999864 0.0160356 -0.00381463 -2.58141 3.46814 -0.39676</i>
                        <i>0.00943049 0.97996 -0.19897 -0.0319118 0.199173 0.979445 0.999446 -0.00288714 0.0331506 -2.61255 3.48838 -0.361258</i>
                        <i>0.041547 0.989035 -0.141715 -0.065234 0.14422 0.987393 0.997005 -0.0317786 0.0705107 -2.65186 3.50763 -0.320294</i>
                        <i>0.0776383 0.993776 -0.0798902 -0.100549 0.0875284 0.991075 0.991898 -0.0689125 0.106719 -2.6931 3.52031 -0.283865</i>
                        <i>0.115746 0.993105 -0.0185788 -0.139782 0.0348042 0.98957 0.983394 -0.111942 0.142846 -2.72929 3.52231 -0.262275</i>
                        <i>0.163244 0.985758 0.0404114 -0.182872 -0.0100178 0.983086 0.969489 -0.167873 0.178632 -2.7627 3.51001 -0.261616</i>
                        <i>0.220313 0.970629 0.0966487 -0.224522 -0.0459611 0.973384 0.949238 -0.236149 0.207802 -2.79701 3.48723 -0.275361</i>
                        <i>0.274934 0.950462 0.145026 -0.25873 -0.0721362 0.963252 0.925997 -0.302354 0.22608 -2.82728 3.46146 -0.295099</i>
                        <i>0.315874 0.931799 0.178813 -0.28108 -0.088102 0.955632 0.906211 -0.35212 0.234081 -2.84896 3.44009 -0.312806</i>
                        <i>0.332242 0.9236 0.191256 -0.289148 -0.093274 0.95273 0.89778 -0.371838 0.236067 -2.85769 3.43065 -0.320648</i>
                    </KeyFrames>
                </p>
            </i>
            <i>
                <p>
                    <Name><![CDATA[spine1]]></Name>
                    <Exclude>0</Exclude>
                    <Additive>0</Additive>
                    <IKPriority>0</IKPriority>
                    <IKRotLimits>-1e+010 -1e+010 -1e+010 1e+010 1e+010 1e+010</IKRotLimits>
                    <IKRotLimitOrder>0</IKRotLimitOrder>
                    <KeyFrames count="90">
                        <i>0.798756 0.586099 0.135934 -0.228481 0.0864789 0.9697 0.556584 -0.805611 0.202988 -2.79222 3.61311 -0.282913</i>
                        <i>0.753365 0.646415 0.120783 -0.226256 0.0823367 0.970582 0.617453 -0.758531 0.208285 -2.79366 3.64031 -0.285041</i>
                        <i>0.689922 0.716519 0.102998 -0.224862 0.0768852 0.971353 0.688073 -0.693318 0.214163 -2.796 3.66821 -0.288145</i>
                        <i>0.640529 0.76259 0.0904421 -0.223185 0.0721718 0.972101 0.734786 -0.642844 0.216426 -2.80255 3.68227 -0.292724</i>
                        <i>0.629996 0.771462 0.0891746 -0.224341 0.0708555 0.971931 0.743489 -0.632318 0.217709 -2.81501 3.67785 -0.299175</i>
                        <i>0.638373 0.763892 0.0946003 -0.230099 0.0721048 0.970492 0.73453 -0.641303 0.221801 -2.82841 3.66282 -0.306284</i>
                        <i>0.646006 0.756617 0.101029 -0.238658 0.0744817 0.968243 0.725064 -0.649603 0.228688 -2.83884 3.64259 -0.312625</i>
                        <i>0.644029 0.757922 0.10383 -0.245755 0.0764472 0.966313 0.724452 -0.647851 0.235497 -2.84551 3.62379 -0.317095</i>
                        <i>0.63825 0.762825 0.103615 -0.248936 0.0771462 0.965442 0.72847 -0.641987 0.239133 -2.84925 3.60355 -0.319423</i>
                        <i>0.635756 0.764932 0.103405 -0.249747 0.0770882 0.965238 0.73037 -0.639481 0.240048 -2.85098 3.5826 -0.320249</i>
                        <i>0.635417 0.765249 0.103147 -0.248913 0.0765436 0.965497 0.73095 -0.639168 0.239117 -2.85137 3.57338 -0.320067</i>
                        <i>0.635829 0.76496 0.102751 -0.24733 0.0758292 0.965959 0.731129 -0.639598 0.237412 -2.85101 3.58628 -0.319362</i>
                        <i>0.635654 0.765188 0.102135 -0.245788 0.0751876 0.966403 0.731801 -0.639402 0.235867 -2.85052 3.61026 -0.318625</i>
                        <i>0.633755 0.76688 0.101239 -0.244894 0.0747698 0.966662 0.733745 -0.63742 0.23519 -2.85055 3.62552 -0.318349</i>
                        <i>0.630828 0.769307 0.101103 -0.247325 0.0758583 0.965958 0.73545 -0.634359 0.238123 -2.85089 3.62442 -0.318628</i>
                        <i>0.623053 0.775721 0.100314 -0.252604 0.0781761 0.964406 0.740268 -0.626216 0.244658 -2.85179 3.6217 -0.319287</i>
                        <i>0.611904 0.7848 0.0982997 -0.257717 0.080336 0.962875 0.747767 -0.614521 0.251414 -2.85306 3.61826 -0.32006</i>
                        <i>0.598912 0.795207 0.0946047 -0.259659 0.0810806 0.962291 0.75755 -0.600892 0.255043 -2.85451 3.61499 -0.320678</i>
                        <i>0.585721 0.805616 0.0889612 -0.255422 0.0793004 0.963572 0.769214 -0.587107 0.25222 -2.85599 3.61279 -0.320862</i>
                        <i>0.574078 0.814755 0.0812929 -0.241952 0.07395 0.967466 0.782236 -0.57507 0.239585 -2.85739 3.61257 -0.320313</i>
                        <i>0.570286 0.817901 0.0762331 -0.228222 0.0686088 0.971189 0.789106 -0.571253 0.22579 -2.85697 3.61831 -0.318953</i>
                        <i>0.560028 0.826016 0.0637717 -0.192771 0.0550592 0.979698 0.805735 -0.560951 0.190066 -2.85689 3.62898 -0.31579</i>
                        <i>0.544958 0.837082 0.0481202 -0.144264 0.0370748 0.988844 0.825959 -0.54582 0.140965 -2.85887 3.6347 -0.312186</i>
                        <i>0.527427 0.848959 0.0329993 -0.0916905 0.0182639 0.99562 0.844638 -0.528143 0.0874744 -2.86363 3.629 -0.30922</i>
                        <i>0.51083 0.859424 0.0210549 -0.0442628 0.00183442 0.999018 0.858542 -0.51126 0.0389776 -2.86906 3.6182 -0.306919</i>
                        <i>0.499359 0.866286 0.013767 -0.0111399 -0.00946884 0.999893 0.866324 -0.499459 0.00492196 -2.87271 3.6117 -0.305329</i>
                        <i>0.500025 0.865903 0.0136536 -0.00899658 -0.0105714 0.999904 0.865964 -0.5001 0.00250423 -2.87265 3.6131 -0.305508</i>
                        <i>0.501598 0.864998 0.0133682 -0.00393173 -0.0131732 0.999906 0.865092 -0.501603 -0.00320669 -2.87249 3.61643 -0.305948</i>
                        <i>0.503446 0.863929 0.0130002 0.0020266 -0.0162268 0.999866 0.864025 -0.503352 -0.00992012 -2.87229 3.62042 -0.306495</i>
                        <i>0.504969 0.863045 0.0126698 0.00694398 -0.0187403 0.9998 0.86311 -0.50478 -0.0154562 -2.87212 3.62376 -0.306974</i>
                        <i>0.5056 0.862677 0.0125253 0.00898537 -0.0197819 0.999764 0.862721 -0.505368 -0.0177532 -2.87205 3.62516 -0.307179</i>
                        <i>0.508478 0.860145 0.0400147 -0.0778456 -0.000361073 0.996965 0.857549 -0.510049 0.0667749 -2.86381 3.64212 -0.294944</i>
                        <i>0.508814 0.857485 0.0763373 -0.199351 0.0310966 0.979435 0.837477 -0.513568 0.186763 -2.85131 3.66502 -0.278192</i>
                        <i>0.499462 0.858697 0.114793 -0.327877 0.0647129 0.942502 0.801895 -0.508381 0.313868 -2.84416 3.67678 -0.273101</i>
                        <i>0.478864 0.8652 0.148722 -0.448123 0.0952296 0.888885 0.754901 -0.492301 0.433318 -2.84717 3.67013 -0.284616</i>
                        <i>0.452671 0.874412 0.174623 -0.553431 0.121965 0.823917 0.699144 -0.469605 0.539137 -2.85544 3.65453 -0.302875</i>
                        <i>0.427008 0.883656 0.191877 -0.634232 0.141432 0.760097 0.644526 -0.446262 0.620835 -2.86498 3.63808 -0.320645</i>
                        <i>0.408847 0.889936 0.202135 -0.684856 0.152803 0.712477 0.603172 -0.429727 0.671951 -2.87111 3.62895 -0.331381</i>
                        <i>0.408679 0.889981 0.202277 -0.685066 0.152689 0.712299 0.603047 -0.429675 0.672096 -2.87123 3.62964 -0.331301</i>
                        <i>0.408233 0.8901 0.202651 -0.685621 0.152388 0.71183 0.602718 -0.429534 0.672481 -2.87152 3.63145 -0.331089</i>
                        <i>0.407598 0.890272 0.203175 -0.686409 0.151963 0.711161 0.602252 -0.429329 0.67303 -2.87194 3.63402 -0.330788</i>
                        <i>0.406862 0.890472 0.203771 -0.687316 0.151477 0.710388 0.601714 -0.429085 0.673666 -2.87242 3.63696 -0.330444</i>
                        <i>0.406119 0.890676 0.204363 -0.688228 0.150992 0.709608 0.601174 -0.428833 0.674309 -2.8729 3.6399 -0.330099</i>
                        <i>0.405464 0.890857 0.204875 -0.689027 0.150569 0.708923 0.600701 -0.428606 0.674874 -2.87331 3.64247 -0.329798</i>
                        <i>0.404996 0.890986 0.205234 -0.689594 0.150269 0.708435 0.600365 -0.428442 0.675277 -2.87361 3.64429 -0.329584</i>
                        <i>0.404818 0.891036 0.205371 -0.689809 0.150155 0.708249 0.600238 -0.428379 0.67543 -2.87372 3.64498 -0.329503</i>
                        <i>0.398952 0.898464 0.183302 -0.649733 0.135919 0.747912 0.647058 -0.417478 0.637987 -2.82614 3.66679 -0.342151</i>
                        <i>0.388315 0.90691 0.163479 -0.586965 0.106655 0.802557 0.710411 -0.407601 0.57374 -2.74832 3.70025 -0.361458</i>
                        <i>0.378195 0.916159 0.132744 -0.498896 0.0809229 0.862876 0.779789 -0.392561 0.487672 -2.67024 3.72896 -0.382102</i>
                        <i>0.370022 0.925683 0.0787031 -0.393753 0.0795342 0.915769 0.841452 -0.369845 0.39392 -2.619 3.73875 -0.399272</i>
                        <i>0.360795 0.93264 0.00300202 -0.285371 0.107331 0.952388 0.887913 -0.344474 0.304873 -2.59645 3.72692 -0.412903</i>
                        <i>0.346873 0.93469 -0.0776824 -0.182467 0.148493 0.971934 0.919992 -0.322963 0.222058 -2.58414 3.70398 -0.425331</i>
                        <i>0.327231 0.932512 -0.15278 -0.0933305 0.192785 0.976792 0.940324 -0.305378 0.150117 -2.57712 3.67654 -0.436628</i>
                        <i>0.304753 0.928449 -0.212386 -0.0239853 0.230405 0.972799 0.952129 -0.29137 0.0924857 -2.57156 3.65068 -0.446707</i>
                        <i>0.285067 0.925978 -0.24759 0.0219912 0.251922 0.967498 0.958255 -0.281247 0.0514512 -2.56445 3.63218 -0.455128</i>
                        <i>0.274312 0.929252 -0.247474 0.020906 0.251522 0.967626 0.961414 -0.270605 0.0495683 -2.5612 3.62965 -0.455948</i>
                        <i>0.250306 0.936298 -0.24636 0.0175937 0.25002 0.968081 0.968007 -0.246651 0.0461084 -2.55411 3.62337 -0.458006</i>
                        <i>0.226961 0.943102 -0.242996 0.012381 0.246693 0.969015 0.973825 -0.222937 0.0443131 -2.54744 3.61544 -0.460738</i>
                        <i>0.220821 0.946339 -0.235965 0.007455 0.240293 0.970672 0.975286 -0.216104 0.0460067 -2.54583 3.60813 -0.463675</i>
                        <i>0.236228 0.945452 -0.224314 0.00645669 0.229315 0.973331 0.971676 -0.231376 0.0480661 -2.55063 3.60403 -0.466548</i>
                        <i>0.260358 0.942694 -0.208669 0.0115551 0.213065 0.97697 0.965443 -0.256773 0.0445801 -2.55876 3.60519 -0.469193</i>
                        <i>0.286359 0.938665 -0.192113 0.0205374 0.19445 0.980697 0.957902 -0.284777 0.0364047 -2.56823 3.61008 -0.471346</i>
                        <i>0.309039 0.934259 -0.177917 0.0295529 0.17755 0.983668 0.95059 -0.30925 0.0272599 -2.57712 3.61638 -0.472853</i>
                        <i>0.324527 0.930822 -0.168085 0.0358355 0.165476 0.985562 0.945197 -0.325865 0.0203452 -2.58373 3.62177 -0.473772</i>
                        <i>0.329894 0.929758 -0.16346 0.0381183 0.159892 0.986398 0.943248 -0.331638 0.0173068 -2.58656 3.62402 -0.474303</i>
                        <i>0.320253 0.932053 -0.169455 0.0337071 0.167552 0.985287 0.946732 -0.321253 0.0222421 -2.58281 3.62204 -0.473945</i>
                        <i>0.295949 0.936624 -0.187483 0.0235308 0.189067 0.981682 0.954914 -0.29494 0.0339148 -2.5733 3.61744 -0.472069</i>
                        <i>0.262587 0.941616 -0.210729 0.0138704 0.214686 0.976585 0.964809 -0.259362 0.0433133 -2.56203 3.612 -0.468879</i>
                        <i>0.228771 0.946255 -0.228618 0.012462 0.23198 0.972641 0.973401 -0.225361 0.041278 -2.55354 3.60762 -0.465185</i>
                        <i>0.206565 0.950861 -0.23064 0.0231381 0.23091 0.9727 0.978159 -0.206262 0.0256968 -2.55251 3.60632 -0.46264</i>
                        <i>0.207829 0.954345 -0.214552 0.0388912 0.211106 0.976689 0.977392 -0.211329 0.00675828 -2.56013 3.60721 -0.462831</i>
                        <i>0.227658 0.955112 -0.18956 0.0529635 0.182238 0.981827 0.9723 -0.23356 -0.00909819 -2.57229 3.60824 -0.464882</i>
                        <i>0.25804 0.951815 -0.165723 0.0645188 0.154173 0.985935 0.963978 -0.265103 -0.0216272 -2.58385 3.60912 -0.468052</i>
                        <i>0.287891 0.946154 -0.148024 0.0743418 0.132022 0.988455 0.954773 -0.295571 -0.032331 -2.59164 3.61026 -0.471054</i>
                        <i>0.305423 0.942173 -0.137937 0.0781698 0.119561 0.989745 0.949003 -0.313074 -0.0371328 -2.59439 3.61262 -0.472614</i>
                        <i>0.308011 0.941733 -0.135161 0.0715376 0.11874 0.990345 0.948689 -0.314707 -0.030796 -2.59167 3.61634 -0.472793</i>
                        <i>0.301315 0.943611 -0.137141 0.0578477 0.12547 0.990409 0.951768 -0.306359 -0.0167795 -2.58577 3.62063 -0.472052</i>
                        <i>0.289937 0.946411 -0.142277 0.0425017 0.135783 0.989827 0.956102 -0.293034 -0.000855579 -2.57878 3.6247 -0.470678</i>
                        <i>0.278897 0.948831 -0.148105 0.0303319 0.145444 0.988901 0.959842 -0.280294 0.0117842 -2.57291 3.62774 -0.469217</i>
                        <i>0.273901 0.949838 -0.15095 0.025414 0.149749 0.988397 0.961422 -0.274559 0.0168772 -2.57043 3.62894 -0.468521</i>
                        <i>0.285379 0.94342 -0.168873 -0.00172036 0.176704 0.984263 0.958413 -0.280597 0.0520506 -2.58446 3.64378 -0.441367</i>
                        <i>0.315024 0.928751 -0.1954 -0.0319055 0.21613 0.975843 0.948547 -0.301179 0.0977183 -2.6109 3.66542 -0.397206</i>
                        <i>0.362992 0.906373 -0.216158 -0.0580499 0.253527 0.965585 0.929982 -0.337952 0.144643 -2.64438 3.6872 -0.346029</i>
                        <i>0.426204 0.878358 -0.216419 -0.0795033 0.274679 0.958243 0.901127 -0.391201 0.186902 -2.6789 3.703 -0.298559</i>
                        <i>0.499106 0.846518 -0.185206 -0.101789 0.269523 0.957599 0.860542 -0.459091 0.220687 -2.70777 3.70769 -0.265756</i>
                        <i>0.582686 0.803869 -0.119462 -0.129211 0.23676 0.962938 0.80236 -0.545655 0.241826 -2.73189 3.69669 -0.253983</i>
                        <i>0.667302 0.743995 -0.0343591 -0.160322 0.18854 0.968891 0.727328 -0.641034 0.245092 -2.75485 3.67354 -0.256839</i>
                        <i>0.736047 0.675153 0.0490189 -0.192047 0.138832 0.971516 0.649116 -0.724496 0.231848 -2.77399 3.64616 -0.266954</i>
                        <i>0.780578 0.615107 0.11109 -0.217648 0.100869 0.970801 0.585941 -0.781964 0.212614 -2.78709 3.62305 -0.277741</i>
                        <i>0.798756 0.586099 0.135934 -0.228481 0.0864789 0.9697 0.556584 -0.805611 0.202988 -2.79222 3.61311 -0.282913</i>
                    </KeyFrames>
                </p>
            </i>
            <i>
                <p>
                    <Name><![CDATA[spine2]]></Name>
                    <Exclude>0</Exclude>
