<?xml version="1.0" encoding="ISO-8859-1" ?>
<Animl Version="1">
    <ModellingPackage><![CDATA[Maya.2010]]></ModellingPackage>
    <SrcFile><![CDATA[anims\turrets\mortar\red\~src\mortar_2s12sani\mortar_2s12sani_aim_random_crewman_a.mb]]></SrcFile>
    <FramesPerSecond>30</FramesPerSecond>
    <TotalFrames>60</TotalFrames>
    <Skeleton>
        <RefFrame>
            <Name><![CDATA[soldier_ref_frame]]></Name>
            <Exclude>0</Exclude>
            <Additive>0</Additive>
            <IKPriority>0</IKPriority>
            <IKRotLimits>-1e+010 -1e+010 -1e+010 1e+010 1e+010 1e+010</IKRotLimits>
            <IKRotLimitOrder>0</IKRotLimitOrder>
            <KeyFrames count="60">
                <i>1 0 0 0 1 0 0 0 1 1.49 0.92 -0.22</i>
                <i>1 0 0 0 1 0 0 0 1 1.49 0.92 -0.22</i>
                <i>1 0 0 0 1 0 0 0 1 1.49 0.92 -0.22</i>
                <i>1 0 0 0 1 0 0 0 1 1.49 0.92 -0.22</i>
                <i>1 0 0 0 1 0 0 0 1 1.49 0.92 -0.22</i>
                <i>1 0 0 0 1 0 0 0 1 1.49 0.92 -0.22</i>
                <i>1 0 0 0 1 0 0 0 1 1.49 0.92 -0.22</i>
                <i>1 0 0 0 1 0 0 0 1 1.49 0.92 -0.22</i>
                <i>1 0 0 0 1 0 0 0 1 1.49 0.92 -0.22</i>
                <i>1 0 0 0 1 0 0 0 1 1.49 0.92 -0.22</i>
                <i>1 0 0 0 1 0 0 0 1 1.49 0.92 -0.22</i>
                <i>1 0 0 0 1 0 0 0 1 1.49 0.92 -0.22</i>
                <i>1 0 0 0 1 0 0 0 1 1.49 0.92 -0.22</i>
                <i>1 0 0 0 1 0 0 0 1 1.49 0.92 -0.22</i>
                <i>1 0 0 0 1 0 0 0 1 1.49 0.92 -0.22</i>
                <i>1 0 0 0 1 0 0 0 1 1.49 0.92 -0.22</i>
                <i>1 0 0 0 1 0 0 0 1 1.49 0.92 -0.22</i>
                <i>1 0 0 0 1 0 0 0 1 1.49 0.92 -0.22</i>
                <i>1 0 0 0 1 0 0 0 1 1.49 0.92 -0.22</i>
                <i>1 0 0 0 1 0 0 0 1 1.49 0.92 -0.22</i>
                <i>1 0 0 0 1 0 0 0 1 1.49 0.92 -0.22</i>
                <i>1 0 0 0 1 0 0 0 1 1.49 0.92 -0.22</i>
                <i>1 0 0 0 1 0 0 0 1 1.49 0.92 -0.22</i>
                <i>1 0 0 0 1 0 0 0 1 1.49 0.92 -0.22</i>
                <i>1 0 0 0 1 0 0 0 1 1.49 0.92 -0.22</i>
                <i>1 0 0 0 1 0 0 0 1 1.49 0.92 -0.22</i>
                <i>1 0 0 0 1 0 0 0 1 1.49 0.92 -0.22</i>
                <i>1 0 0 0 1 0 0 0 1 1.49 0.92 -0.22</i>
                <i>1 0 0 0 1 0 0 0 1 1.49 0.92 -0.22</i>
                <i>1 0 0 0 1 0 0 0 1 1.49 0.92 -0.22</i>
                <i>1 0 0 0 1 0 0 0 1 1.49 0.92 -0.22</i>
                <i>1 0 0 0 1 0 0 0 1 1.49 0.92 -0.22</i>
                <i>1 0 0 0 1 0 0 0 1 1.49 0.92 -0.22</i>
                <i>1 0 0 0 1 0 0 0 1 1.49 0.92 -0.22</i>
                <i>1 0 0 0 1 0 0 0 1 1.49 0.92 -0.22</i>
                <i>1 0 0 0 1 0 0 0 1 1.49 0.92 -0.22</i>
                <i>1 0 0 0 1 0 0 0 1 1.49 0.92 -0.22</i>
                <i>1 0 0 0 1 0 0 0 1 1.49 0.92 -0.22</i>
                <i>1 0 0 0 1 0 0 0 1 1.49 0.92 -0.22</i>
                <i>1 0 0 0 1 0 0 0 1 1.49 0.92 -0.22</i>
                <i>1 0 0 0 1 0 0 0 1 1.49 0.92 -0.22</i>
                <i>1 0 0 0 1 0 0 0 1 1.49 0.92 -0.22</i>
                <i>1 0 0 0 1 0 0 0 1 1.49 0.92 -0.22</i>
                <i>1 0 0 0 1 0 0 0 1 1.49 0.92 -0.22</i>
                <i>1 0 0 0 1 0 0 0 1 1.49 0.92 -0.22</i>
                <i>1 0 0 0 1 0 0 0 1 1.49 0.92 -0.22</i>
                <i>1 0 0 0 1 0 0 0 1 1.49 0.92 -0.22</i>
                <i>1 0 0 0 1 0 0 0 1 1.49 0.92 -0.22</i>
                <i>1 0 0 0 1 0 0 0 1 1.49 0.92 -0.22</i>
                <i>1 0 0 0 1 0 0 0 1 1.49 0.92 -0.22</i>
                <i>1 0 0 0 1 0 0 0 1 1.49 0.92 -0.22</i>
                <i>1 0 0 0 1 0 0 0 1 1.49 0.92 -0.22</i>
                <i>1 0 0 0 1 0 0 0 1 1.49 0.92 -0.22</i>
                <i>1 0 0 0 1 0 0 0 1 1.49 0.92 -0.22</i>
                <i>1 0 0 0 1 0 0 0 1 1.49 0.92 -0.22</i>
                <i>1 0 0 0 1 0 0 0 1 1.49 0.92 -0.22</i>
                <i>1 0 0 0 1 0 0 0 1 1.49 0.92 -0.22</i>
                <i>1 0 0 0 1 0 0 0 1 1.49 0.92 -0.22</i>
                <i>1 0 0 0 1 0 0 0 1 1.49 0.92 -0.22</i>
                <i>1 0 0 0 1 0 0 0 1 1.49 0.92 -0.22</i>
            </KeyFrames>
        </RefFrame>
        <Bones count="23">
            <i>
                <p>
                    <Name><![CDATA[pelvis]]></Name>
                    <Exclude>0</Exclude>
                    <Additive>0</Additive>
                    <IKPriority>0</IKPriority>
                    <IKRotLimits>-1e+010 -1e+010 -1e+010 1e+010 1e+010 1e+010</IKRotLimits>
                    <IKRotLimitOrder>2</IKRotLimitOrder>
                    <KeyFrames count="60">
                        <i>1 0 0 0 1 0 0 0 1 1.62662 1.57349 -0.231861</i>
                        <i>1 0 0 0 1 0 0 0 1 1.62433 1.58258 -0.229681</i>
                        <i>1 0 0 0 1 0 0 0 1 1.61813 1.60243 -0.223786</i>
                        <i>1 0 0 0 1 0 0 0 1 1.60905 1.62194 -0.21514</i>
                        <i>1 0 0 0 1 0 0 0 1 1.59809 1.63 -0.204712</i>
                        <i>1 0 0 0 1 0 0 0 1 1.58626 1.62304 -0.193466</i>
                        <i>1 0 0 0 1 0 0 0 1 1.5746 1.60802 -0.182368</i>
                        <i>1 0 0 0 1 0 0 0 1 1.56411 1.58959 -0.172385</i>
                        <i>1 0 0 0 1 0 0 0 1 1.5558 1.57244 -0.164483</i>
                        <i>1 0 0 0 1 0 0 0 1 1.5507 1.56124 -0.159628</i>
                        <i>1 0 0 0 1 0 0 0 1 1.5507 1.56062 -0.159628</i>
                        <i>1 0 0 0 1 0 0 0 1 1.5507 1.55901 -0.159628</i>
                        <i>1 0 0 0 1 0 0 0 1 1.5507 1.55682 -0.159628</i>
                        <i>1 0 0 0 1 0 0 0 1 1.5507 1.55442 -0.159628</i>
                        <i>1 0 0 0 1 0 0 0 1 1.5507 1.55223 -0.159628</i>
                        <i>1 0 0 0 1 0 0 0 1 1.5507 1.55062 -0.159628</i>
                        <i>1 0 0 0 1 0 0 0 1 1.5507 1.55 -0.159628</i>
                        <i>1 0 0 0 1 0 0 0 1 1.5507 1.55048 -0.159628</i>
                        <i>1 0 0 0 1 0 0 0 1 1.5507 1.55176 -0.159628</i>
                        <i>1 0 0 0 1 0 0 0 1 1.5507 1.55356 -0.159628</i>
                        <i>1 0 0 0 1 0 0 0 1 1.5507 1.55562 -0.159628</i>
                        <i>1 0 0 0 1 0 0 0 1 1.5507 1.55768 -0.159628</i>
                        <i>1 0 0 0 1 0 0 0 1 1.5507 1.55949 -0.159628</i>
                        <i>1 0 0 0 1 0 0 0 1 1.5507 1.56076 -0.159628</i>
                        <i>1 0 0 0 1 0 0 0 1 1.5507 1.56124 -0.159628</i>
                        <i>1 0 0 0 1 0 0 0 1 1.5507 1.5708 -0.164193</i>
                        <i>1 0 0 0 1 0 0 0 1 1.5507 1.5858 -0.171073</i>
                        <i>1 0 0 0 1 0 0 0 1 1.5507 1.6019 -0.179689</i>
                        <i>1 0 0 0 1 0 0 0 1 1.5507 1.61475 -0.189462</i>
                        <i>1 0 0 0 1 0 0 0 1 1.5507 1.62 -0.199814</i>
                        <i>1 0 0 0 1 0 0 0 1 1.5507 1.61482 -0.210166</i>
                        <i>1 0 0 0 1 0 0 0 1 1.5507 1.60212 -0.219939</i>
                        <i>1 0 0 0 1 0 0 0 1 1.5507 1.58612 -0.228555</i>
                        <i>1 0 0 0 1 0 0 0 1 1.5507 1.57109 -0.235435</i>
                        <i>1 0 0 0 1 0 0 0 1 1.5507 1.56124 -0.24</i>
                        <i>1 0 0 0 1 0 0 0 1 1.5507 1.56062 -0.24</i>
                        <i>1 0 0 0 1 0 0 0 1 1.5507 1.55901 -0.24</i>
                        <i>1 0 0 0 1 0 0 0 1 1.5507 1.55682 -0.24</i>
                        <i>1 0 0 0 1 0 0 0 1 1.5507 1.55442 -0.24</i>
                        <i>1 0 0 0 1 0 0 0 1 1.5507 1.55223 -0.24</i>
                        <i>1 0 0 0 1 0 0 0 1 1.5507 1.55062 -0.24</i>
                        <i>1 0 0 0 1 0 0 0 1 1.5507 1.55 -0.24</i>
                        <i>1 0 0 0 1 0 0 0 1 1.5507 1.55048 -0.24</i>
                        <i>1 0 0 0 1 0 0 0 1 1.5507 1.55176 -0.24</i>
                        <i>1 0 0 0 1 0 0 0 1 1.5507 1.55356 -0.24</i>
                        <i>1 0 0 0 1 0 0 0 1 1.5507 1.55562 -0.24</i>
                        <i>1 0 0 0 1 0 0 0 1 1.5507 1.55768 -0.24</i>
                        <i>1 0 0 0 1 0 0 0 1 1.5507 1.55949 -0.24</i>
                        <i>1 0 0 0 1 0 0 0 1 1.5507 1.56076 -0.24</i>
                        <i>1 0 0 0 1 0 0 0 1 1.5507 1.56124 -0.24</i>
                        <i>1 0 0 0 1 0 0 0 1 1.55528 1.57826 -0.239508</i>
                        <i>1 0 0 0 1 0 0 0 1 1.56248 1.60558 -0.238737</i>
                        <i>1 0 0 0 1 0 0 0 1 1.57156 1.63527 -0.237763</i>
                        <i>1 0 0 0 1 0 0 0 1 1.5818 1.65938 -0.236666</i>
                        <i>1 0 0 0 1 0 0 0 1 1.59246 1.67 -0.235524</i>
                        <i>1 0 0 0 1 0 0 0 1 1.60281 1.66075 -0.234413</i>
                        <i>1 0 0 0 1 0 0 0 1 1.61214 1.63691 -0.233414</i>
                        <i>1 0 0 0 1 0 0 0 1 1.6197 1.60805 -0.232603</i>
                        <i>1 0 0 0 1 0 0 0 1 1.62477 1.58373 -0.23206</i>
                        <i>1 0 0 0 1 0 0 0 1 1.62662 1.57349 -0.231861</i>
                    </KeyFrames>
                </p>
            </i>
            <i>
                <p>
                    <Name><![CDATA[spine0]]></Name>
                    <Exclude>0</Exclude>
                    <Additive>0</Additive>
                    <IKPriority>0</IKPriority>
                    <IKRotLimits>-1e+010 -1e+010 -1e+010 1e+010 1e+010 1e+010</IKRotLimits>
                    <IKRotLimitOrder>0</IKRotLimitOrder>
                    <KeyFrames count="60">
                        <i>-0.255075 0.957438 0.13509 -0.384488 0.0277577 -0.922712 -0.88719 -0.287301 0.361043 1.6701 1.71002 -0.244702</i>
                        <i>-0.254618 0.957224 0.137445 -0.393139 0.0273928 -0.919071 -0.883522 -0.288047 0.369348 1.6665 1.71951 -0.242576</i>
                        <i>-0.250952 0.957449 0.142533 -0.416451 0.0261342 -0.908783 -0.873838 -0.287418 0.392172 1.65765 1.74011 -0.237131</i>
                        <i>-0.240691 0.95943 0.146842 -0.450256 0.023656 -0.892586 -0.859847 -0.280954 0.426295 1.6465 1.76006 -0.229857</i>
                        <i>-0.220893 0.964366 0.145621 -0.490224 0.0192922 -0.871383 -0.843141 -0.263869 0.468493 1.63586 1.76766 -0.22254</i>
                        <i>-0.193286 0.97159 0.136578 -0.532223 0.0131149 -0.846502 -0.824244 -0.236307 0.514568 1.62735 1.75894 -0.216713</i>
                        <i>-0.167136 0.97777 0.126618 -0.572461 0.00831865 -0.81989 -0.802716 -0.209517 0.558345 1.62031 1.74105 -0.212536</i>
                        <i>-0.145977 0.98202 0.119698 -0.607277 0.00656527 -0.794463 -0.780964 -0.188664 0.5954 1.61428 1.71914 -0.20976</i>
                        <i>-0.130688 0.984579 0.116297 -0.633597 0.00727973 -0.773629 -0.762546 -0.174789 0.622875 1.60922 1.69876 -0.207908</i>
                        <i>-0.122562 0.985694 0.115694 -0.64917 0.00855517 -0.760595 -0.750704 -0.168326 0.638834 1.60542 1.68578 -0.206439</i>
                        <i>-0.124877 0.984852 0.120301 -0.648866 0.0106619 -0.760828 -0.750586 -0.173069 0.637705 1.60532 1.68524 -0.206352</i>
                        <i>-0.12681 0.984182 0.123713 -0.648684 0.012072 -0.760962 -0.750419 -0.176749 0.636892 1.60504 1.68384 -0.20611</i>
                        <i>-0.128372 0.983685 0.126032 -0.648614 0.0128572 -0.761009 -0.750214 -0.179439 0.636381 1.6046 1.68198 -0.205733</i>
                        <i>-0.12958 0.983355 0.127366 -0.64864 0.0130903 -0.760983 -0.749983 -0.181223 0.636147 1.60403 1.68001 -0.205247</i>
                        <i>-0.130457 0.98318 0.127821 -0.648744 0.0128417 -0.760899 -0.749742 -0.182187 0.636156 1.60336 1.6783 -0.204674</i>
                        <i>-0.131026 0.983146 0.127497 -0.648904 0.012178 -0.760773 -0.749504 -0.182414 0.636372 1.60262 1.67722 -0.204037</i>
                        <i>-0.131309 0.983239 0.126485 -0.649103 0.0111603 -0.760619 -0.749282 -0.181978 0.636758 1.60183 1.67716 -0.203361</i>
                        <i>-0.131325 0.983444 0.124864 -0.649322 0.00984325 -0.76045 -0.749089 -0.180943 0.63728 1.60102 1.6782 -0.20267</i>
                        <i>-0.130957 0.983801 0.122416 -0.649564 0.00813525 -0.760264 -0.748944 -0.179079 0.637976 1.60022 1.68001 -0.201988</i>
                        <i>-0.130199 0.984301 0.119162 -0.649815 0.00606115 -0.760068 -0.748858 -0.176393 0.638825 1.59947 1.68231 -0.20134</i>
                        <i>-0.129223 0.984863 0.11553 -0.65005 0.00384616 -0.759882 -0.748824 -0.173294 0.639713 1.59878 1.68482 -0.200753</i>
                        <i>-0.128193 0.98541 0.111949 -0.650249 0.00171761 -0.759719 -0.748828 -0.170186 0.640542 1.5982 1.68726 -0.200251</i>
                        <i>-0.127267 0.985878 0.10885 -0.6504 -9.39837e-005 -0.759592 -0.748854 -0.167467 0.641227 1.59774 1.68935 -0.19986</i>
                        <i>-0.126596 0.986203 0.106667 -0.650497 -0.00135475 -0.759507 -0.748884 -0.165538 0.641694 1.59744 1.69081 -0.199607</i>
                        <i>-0.126338 0.986325 0.105841 -0.650532 -0.00182796 -0.759477 -0.748897 -0.164803 0.641867 1.59734 1.69135 -0.199517</i>
                        <i>-0.126969 0.986526 0.103174 -0.621508 0.00194051 -0.783405 -0.77305 -0.163592 0.612888 1.59808 1.7017 -0.200476</i>
                        <i>-0.127675 0.986142 0.105944 -0.575553 0.0133269 -0.817656 -0.807737 -0.16537 0.565875 1.59868 1.71789 -0.201848</i>
                        <i>-0.134996 0.984591 0.111158 -0.515339 0.0260491 -0.85659 -0.846287 -0.17292 0.503882 1.59927 1.73512 -0.203971</i>
                        <i>-0.151625 0.982285 0.110114 -0.444175 0.0318088 -0.895375 -0.883017 -0.184672 0.431484 1.60023 1.74866 -0.207073</i>
                        <i>-0.168479 0.981073 0.0954447 -0.366133 0.0276152 -0.930153 -0.915184 -0.191656 0.354551 1.60223 1.75384 -0.211167</i>
                        <i>-0.167452 0.983412 0.0697132 -0.286813 0.0190597 -0.957797 -0.943238 -0.18038 0.278864 1.60631 1.74737 -0.216013</i>
                        <i>-0.147411 0.988066 0.0446741 -0.212345 0.0124989 -0.977115 -0.966012 -0.153524 0.207969 1.61192 1.7323 -0.220656</i>
                        <i>-0.119377 0.992435 0.0286789 -0.147458 0.0108427 -0.989009 -0.981838 -0.122294 0.145048 1.61754 1.71344 -0.22431</i>
                        <i>-0.0958635 0.995157 0.0217339 -0.0958591 0.0125033 -0.995316 -0.990768 -0.0974979 0.0941963 1.6218 1.69584 -0.226734</i>
                        <i>-0.0880046 0.995953 0.018218 -0.0612385 0.012845 -0.99804 -0.994236 -0.0889478 0.0598603 1.62349 1.68475 -0.227996</i>
                        <i>-0.0895758 0.995811 0.0183547 -0.0610995 0.0128998 -0.998048 -0.994104 -0.0905224 0.059688 1.62334 1.68421 -0.22798</i>
                        <i>-0.0946139 0.995366 0.0171672 -0.0610098 0.0114146 -0.998072 -0.993643 -0.0954788 0.0596471 1.62294 1.68283 -0.227936</i>
                        <i>-0.102326 0.994638 0.0149978 -0.0609118 0.00878361 -0.998105 -0.992884 -0.103045 0.0596864 1.62231 1.681 -0.227866</i>
                        <i>-0.111896 0.993646 0.0121615 -0.0607495 0.00537543 -0.998139 -0.991861 -0.112426 0.059762 1.6215 1.67906 -0.227778</i>
                        <i>-0.12249 0.992429 0.00895819 -0.0604743 0.00154601 -0.998169 -0.990626 -0.122807 0.0598271 1.62054 1.67739 -0.227675</i>
                        <i>-0.133262 0.991065 0.00568094 -0.0600504 -0.00235279 -0.998193 -0.98926 -0.133362 0.0598274 1.61948 1.67636 -0.227561</i>
                        <i>-0.143362 0.989667 0.00262159 -0.059458 -0.00596879 -0.998213 -0.987883 -0.143262 0.0596993 1.61835 1.67634 -0.227442</i>
                        <i>-0.151941 0.98839 7.26564e-005 -0.058695 -0.00894956 -0.998236 -0.986645 -0.151677 0.0593734 1.6172 1.67742 -0.227322</i>
                        <i>-0.157905 0.987453 -0.00151784 -0.0577546 -0.0107701 -0.998273 -0.985764 -0.157544 0.0587306 1.61606 1.67927 -0.227205</i>
                        <i>-0.1607 0.987001 -0.00224395 -0.056721 -0.0115048 -0.998324 -0.985372 -0.160303 0.0578325 1.61498 1.68161 -0.227096</i>
                        <i>-0.160864 0.986973 -0.00245494 -0.0557108 -0.0115635 -0.99838 -0.985403 -0.160467 0.0568452 1.61399 1.68415 -0.226997</i>
                        <i>-0.159317 0.987225 -0.00233072 -0.0548082 -0.0112021 -0.998434 -0.985705 -0.15894 0.0558927 1.61315 1.68662 -0.226914</i>
                        <i>-0.156929 0.987608 -0.0020837 -0.0540902 -0.0107014 -0.998479 -0.986128 -0.156577 0.0550992 1.6125 1.68873 -0.22685</i>
                        <i>-0.154516 0.987988 -0.00197223 -0.0536288 -0.0103805 -0.998507 -0.986534 -0.154179 0.0545886 1.61208 1.6902 -0.226809</i>
                        <i>-0.152866 0.988244 -0.00228612 -0.0534956 -0.0105848 -0.998512 -0.986798 -0.152516 0.0544847 1.61193 1.69075 -0.226794</i>
                        <i>-0.165982 0.986126 0.00236758 -0.072087 -0.00973893 -0.997351 -0.98349 -0.165713 0.0727033 1.6135 1.70931 -0.227942</i>
                        <i>-0.189281 0.981858 0.011264 -0.101539 -0.00816214 -0.994798 -0.976659 -0.18944 0.101242 1.61573 1.7389 -0.229474</i>
                        <i>-0.217349 0.975743 0.0261818 -0.139793 -0.0045702 -0.99017 -0.966032 -0.218873 0.137395 1.61897 1.77092 -0.231057</i>
                        <i>-0.244052 0.968612 0.0472164 -0.184492 0.00142501 -0.982833 -0.952051 -0.248573 0.178353 1.62369 1.79695 -0.232544</i>
                        <i>-0.263046 0.962108 0.0717973 -0.23257 0.00898954 -0.972538 -0.936332 -0.27252 0.221393 1.63046 1.80874 -0.234094</i>
                        <i>-0.269992 0.958166 0.0949836 -0.280036 0.0162421 -0.959852 -0.92124 -0.285752 0.263936 1.63979 1.79976 -0.236161</i>
                        <i>-0.268314 0.956639 0.113354 -0.322183 0.0217796 -0.946427 -0.907858 -0.290461 0.302369 1.65035 1.7755 -0.238784</i>
                        <i>-0.262941 0.956558 0.125931 -0.355302 0.0253492 -0.934408 -0.897008 -0.290438 0.333202 1.66014 1.74582 -0.241544</i>
                        <i>-0.257538 0.95708 0.132935 -0.376798 0.027212 -0.925896 -0.889774 -0.288543 0.353618 1.66732 1.72065 -0.243779</i>
                        <i>-0.255075 0.957438 0.13509 -0.384488 0.0277577 -0.922712 -0.88719 -0.287301 0.361043 1.6701 1.71002 -0.244702</i>
                    </KeyFrames>
                </p>
            </i>
            <i>
                <p>
                    <Name><![CDATA[spine1]]></Name>
                    <Exclude>0</Exclude>
                    <Additive>0</Additive>
                    <IKPriority>0</IKPriority>
                    <IKRotLimits>-1e+010 -1e+010 -1e+010 1e+010 1e+010 1e+010</IKRotLimits>
                    <IKRotLimitOrder>0</IKRotLimitOrder>
                    <KeyFrames count="60">
                        <i>-0.563188 0.740153 0.367413 -0.508672 0.0398707 -0.860037 -0.651208 -0.671255 0.35404 1.6235 1.8852 -0.220013</i>
                        <i>-0.557909 0.740305 0.375081 -0.519986 0.0404164 -0.853218 -0.646801 -0.671055 0.3624 1.62003 1.89444 -0.217487</i>
                        <i>-0.542542 0.741551 0.394651 -0.550282 0.0412279 -0.833961 -0.634695 -0.669628 0.385694 1.61196 1.91466 -0.211175</i>
                        <i>-0.517802 0.745063 0.420431 -0.593527 0.0410677 -0.803765 -0.616122 -0.665729 0.42095 1.60274 1.93473 -0.203153</i>
                        <i>-0.48596 0.75181 0.445673 -0.643143 0.037666 -0.764819 -0.591786 -0.658303 0.465217 1.59563 1.94359 -0.196009</i>
                        <i>-0.451962 0.760767 0.465794 -0.693494 0.0287685 -0.719887 -0.561067 -0.648387 0.514585 1.59195 1.93722 -0.191692</i>
                        <i>-0.420857 0.768101 0.482598 -0.741638 0.0150011 -0.670633 -0.522353 -0.640153 0.563339 1.58953 1.9215 -0.189214</i>
                        <i>-0.3948 0.772732 0.497009 -0.783847 -0.00109187 -0.620953 -0.479288 -0.634731 0.606135 1.58729 1.90114 -0.187628</i>
                        <i>-0.375071 0.774327 0.509646 -0.815936 -0.0148295 -0.577953 -0.439966 -0.632612 0.637363 1.585 1.88172 -0.186353</i>
                        <i>-0.363303 0.771689 0.522022 -0.834365 -0.0201822 -0.550843 -0.414544 -0.63568 0.651202 1.58269 1.86916 -0.184973</i>
                        <i>-0.367403 0.761442 0.534061 -0.834256 -0.0159741 -0.551146 -0.411134 -0.648036 0.641107 1.58216 1.86844 -0.184032</i>
                        <i>-0.370178 0.753107 0.543873 -0.834083 -0.0116916 -0.551515 -0.408991 -0.657794 0.632482 1.58152 1.86688 -0.18316</i>
                        <i>-0.371745 0.746693 0.551594 -0.833861 -0.00742583 -0.551925 -0.408023 -0.665128 0.625398 1.5808 1.86487 -0.182359</i>
                        <i>-0.372218 0.742181 0.557334 -0.833601 -0.00327848 -0.552358 -0.408122 -0.670191 0.619903 1.58001 1.86278 -0.181631</i>
                        <i>-0.371706 0.739531 0.561185 -0.833313 0.000643066 -0.5528 -0.409174 -0.673123 0.616022 1.57919 1.86099 -0.18098</i>
                        <i>-0.370319 0.738675 0.563225 -0.833006 0.00423019 -0.553248 -0.411053 -0.674048 0.613754 1.57834 1.85987 -0.180409</i>
                        <i>-0.368166 0.739523 0.563524 -0.832685 0.00737681 -0.553697 -0.413629 -0.673091 0.613074 1.57751 1.85978 -0.179926</i>
                        <i>-0.365358 0.741959 0.562148 -0.832357 0.00998183 -0.55415 -0.416768 -0.670371 0.613928 1.5767 1.86082 -0.179539</i>
                        <i>-0.361763 0.746493 0.558459 -0.832024 0.0117012 -0.554616 -0.420551 -0.665291 0.616867 1.57598 1.86267 -0.179316</i>
                        <i>-0.357466 0.75302 0.55243 -0.831693 0.012418 -0.555098 -0.42486 -0.65788 0.621842 1.57537 1.86503 -0.179276</i>
                        <i>-0.352909 0.760498 0.545067 -0.831376 0.0123908 -0.555572 -0.429265 -0.649222 0.627887 1.57487 1.86761 -0.179367</i>
                        <i>-0.348546 0.76792 0.537415 -0.831094 0.0118899 -0.556005 -0.433357 -0.640436 0.634069 1.57448 1.87011 -0.179534</i>
                        <i>-0.344842 0.774332 0.530561 -0.830866 0.0111912 -0.55636 -0.436745 -0.632681 0.639507 1.5742 1.87224 -0.179723</i>
                        <i>-0.34227 0.778827 0.525623 -0.830714 0.0105719 -0.5566 -0.439052 -0.62715 0.643364 1.57403 1.87373 -0.179879</i>
                        <i>-0.341308 0.780523 0.52373 -0.830658 0.0103056 -0.556687 -0.439905 -0.625042 0.64483 1.57397 1.87428 -0.179943</i>
                        <i>-0.38158 0.772698 0.50728 -0.785486 0.0182262 -0.618611 -0.487246 -0.634512 0.599989 1.5746 1.88467 -0.181394</i>
                        <i>-0.443826 0.75634 0.480593 -0.706517 0.0345574 -0.706852 -0.551228 -0.653266 0.51903 1.57508 1.90075 -0.182251</i>
                        <i>-0.521932 0.73752 0.428546 -0.594245 0.0460357 -0.802965 -0.611931 -0.673755 0.41424 1.57434 1.91753 -0.183421</i>
                        <i>-0.60061 0.722729 0.341951 -0.452001 0.0458625 -0.890837 -0.659517 -0.689609 0.299129 1.57227 1.93026 -0.186753</i>
                        <i>-0.6565 0.719903 0.225274 -0.290854 0.0339675 -0.956164 -0.695997 -0.693243 0.187087 1.57121 1.93485 -0.193586</i>
                        <i>-0.66641 0.738944 0.0992967 -0.13101 0.0150529 -0.991267 -0.733985 -0.673599 0.0867776 1.57547 1.92896 -0.203163</i>
                        <i>-0.633424 0.773775 -0.00683394 0.0123169 0.00125157 -0.999923 -0.773707 -0.63346 -0.0103233 1.58471 1.9152 -0.212405</i>
                        <i>-0.579912 0.811 -0.0773336 0.130395 -0.00130185 -0.991461 -0.804176 -0.585044 -0.104995 1.59548 1.89754 -0.219003</i>
                        <i>-0.530585 0.839749 -0.115333 0.219436 0.0046545 -0.975616 -0.818735 -0.542955 -0.186741 1.60409 1.88064 -0.222707</i>
                        <i>-0.50552 0.85196 -0.136432 0.276086 0.00991209 -0.961082 -0.817451 -0.523513 -0.240225 1.60723 1.86965 -0.224619</i>
                        <i>-0.507319 0.851207 -0.13444 0.270214 0.00898893 -0.962758 -0.818298 -0.524753 -0.234569 1.6068 1.86904 -0.224579</i>
                        <i>-0.513095 0.847749 -0.134365 0.264961 0.00753863 -0.96423 -0.816412 -0.530343 -0.228488 1.60547 1.86746 -0.224756</i>
                        <i>-0.521912 0.842106 -0.13589 0.260303 0.00552423 -0.965511 -0.812312 -0.539285 -0.222086 1.60343 1.86532 -0.225092</i>
                        <i>-0.532799 0.834792 -0.138736 0.256234 0.0028968 -0.96661 -0.806517 -0.550558 -0.215446 1.60087 1.86298 -0.225532</i>
                        <i>-0.544781 0.826356 -0.142651 0.252761 -0.000386463 -0.967529 -0.799579 -0.563148 -0.20866 1.59798 1.86085 -0.226024</i>
                        <i>-0.556895 0.8174 -0.147396 0.249893 -0.00434851 -0.968264 -0.792099 -0.576055 -0.20184 1.59496 1.85932 -0.226517</i>
                        <i>-0.568205 0.808588 -0.152738 0.24764 -0.00898373 -0.96881 -0.78474 -0.588307 -0.195134 1.592 1.85881 -0.226964</i>
                        <i>-0.577802 0.800651 -0.158438 0.246 -0.0142553 -0.969165 -0.778222 -0.598961 -0.188723 1.58929 1.85946 -0.227313</i>
                        <i>-0.584733 0.794433 -0.164205 0.244962 -0.0200527 -0.969325 -0.773357 -0.60702 -0.182881 1.58707 1.86103 -0.227489</i>
                        <i>-0.58774 0.790938 -0.170231 0.245427 -0.0261925 -0.969061 -0.770926 -0.611335 -0.178723 1.58548 1.86327 -0.227513</i>
                        <i>-0.586949 0.790149 -0.17651 0.247719 -0.032292 -0.968294 -0.770796 -0.612064 -0.176781 1.58446 1.86585 -0.227454</i>
                        <i>-0.583585 0.791274 -0.18252 0.250924 -0.0380502 -0.967259 -0.772312 -0.610276 -0.176344 1.58389 1.86845 -0.227348</i>
                        <i>-0.578879 0.793493 -0.187797 0.254154 -0.0432573 -0.966196 -0.774793 -0.60704 -0.176629 1.58366 1.87072 -0.227238</i>
                        <i>-0.574068 0.795985 -0.191973 0.256553 -0.0477917 -0.965348 -0.777578 -0.603426 -0.176777 1.58367 1.87234 -0.227177</i>
                        <i>-0.570388 0.797956 -0.194739 0.257285 -0.0515843 -0.964958 -0.780039 -0.600504 -0.175879 1.58382 1.87298 -0.22722</i>
                        <i>-0.591747 0.787515 -0.172207 0.214198 -0.0523387 -0.975387 -0.777145 -0.614069 -0.137713 1.58305 1.89068 -0.227512</i>
                        <i>-0.626204 0.768683 -0.130367 0.146593 -0.0481453 -0.988025 -0.765754 -0.637815 -0.0825351 1.58116 1.91862 -0.22742</i>
                        <i>-0.663066 0.745705 -0.0653289 0.0582263 -0.0356288 -0.997667 -0.746293 -0.665323 -0.0197954 1.5795 1.94843 -0.226303</i>
                        <i>-0.69017 0.723333 0.021346 -0.0464992 -0.0148919 -0.998807 -0.722152 -0.690339 0.0439123 1.57961 1.97214 -0.224014</i>
                        <i>-0.696681 0.707233 0.120237 -0.160253 0.00994189 -0.987026 -0.699253 -0.706911 0.10641 1.58311 1.98215 -0.221166</i>
                        <i>-0.677337 0.703623 0.214776 -0.272046 0.0316891 -0.961762 -0.683524 -0.709867 0.169953 1.59115 1.97256 -0.219047</i>
                        <i>-0.641281 0.710803 0.288995 -0.369423 0.0440984 -0.928215 -0.672522 -0.702008 0.234307 1.60184 1.94867 -0.218285</i>
                        <i>-0.602988 0.723201 0.336728 -0.44412 0.0463143 -0.894769 -0.662694 -0.689083 0.293261 1.61237 1.91982 -0.21866</i>
                        <i>-0.574251 0.734946 0.360682 -0.491755 0.0425767 -0.869692 -0.654533 -0.676788 0.336964 1.62034 1.89547 -0.219525</i>
                        <i>-0.563188 0.740153 0.367413 -0.508672 0.0398707 -0.860037 -0.651208 -0.671255 0.35404 1.6235 1.8852 -0.220013</i>
                    </KeyFrames>
                </p>
            </i>
            <i>
                <p>
                    <Name><![CDATA[spine2]]></Name>
                    <Exclude>0</Exclude>
                    <Additive>0</Additive>
                    <IKPriority>0</IKPriority>
                    <IKRotLimits>-1e+010 -1e+010 -1e+010 1e+010 1e+010 1e+010</IKRotLimits>
                    <IKRotLimitOrder>0</IKRotLimitOrder>
                    <KeyFrames count="60">
                        <i>-0.58472 0.625994 0.515979 -0.641332 0.0327972 -0.766562 -0.496786 -0.779138 0.382293 1.5287 2.00947 -0.158026</i>
                        <i>-0.581383 0.619206 0.527806 -0.654208 0.0299237 -0.755722 -0.483741 -0.784658 0.387692 1.52624 2.01857 -0.154286</i>
                        <i>-0.569132 0.603674 0.55827 -0.688137 0.0219392 -0.725249 -0.450062 -0.796929 0.402924 1.52098 2.03871 -0.144834</i>
                        <i>-0.544468 0.5869 0.599252 -0.735243 0.00990812 -0.677731 -0.403698 -0.809599 0.426119 1.51604 2.05921 -0.132569</i>
                        <i>-0.506229 0.577009 0.640931 -0.787195 -0.00563602 -0.616679 -0.352217 -0.816719 0.457071 1.51412 2.06944 -0.12103</i>
                        <i>-0.457214 0.580566 0.67372 -0.836853 -0.0244174 -0.546882 -0.301051 -0.813847 0.497013 1.51572 2.06529 -0.112858</i>
                        <i>-0.401905 0.60153 0.690387 -0.880049 -0.0454659 -0.472702 -0.252955 -0.797555 0.547649 1.51816 2.05155 -0.10704</i>
                        <i>-0.349297 0.631612 0.69214 -0.913843 -0.066383 -0.400604 -0.20708 -0.772438 0.600382 1.5201 2.03251 -0.102625</i>
                        <i>-0.308522 0.655911 0.688909 -0.93672 -0.0835363 -0.339967 -0.165439 -0.750202 0.640177 1.52103 2.0137 -0.0989473</i>
                        <i>-0.285923 0.660592 0.694166 -0.948729 -0.0932705 -0.302017 -0.134765 -0.744929 0.653391 1.52068 2.00082 -0.095342</i>
                        <i>-0.290109 0.644205 0.707698 -0.948392 -0.0946069 -0.302658 -0.128021 -0.758979 0.638405 1.51946 1.99831 -0.092362</i>
                        <i>-0.293379 0.628702 0.720182 -0.948188 -0.095272 -0.30309 -0.12194 -0.771788 0.624078 1.51836 1.99529 -0.0898406</i>
                        <i>-0.295791 0.61428 0.731551 -0.948114 -0.0953404 -0.303298 -0.116564 -0.783307 0.610609 1.51739 1.99213 -0.0877522</i>
                        <i>-0.297406 0.601149 0.741734 -0.948166 -0.0948837 -0.303278 -0.111937 -0.793484 0.598209 1.51654 1.98923 -0.0860761</i>
                        <i>-0.298285 0.589527 0.750656 -0.948335 -0.0939716 -0.303036 -0.108107 -0.802264 0.587099 1.51582 1.98695 -0.0847964</i>
                        <i>-0.298492 0.579634 0.75824 -0.948605 -0.0926734 -0.302588 -0.105122 -0.80959 0.577506 1.51523 1.98565 -0.083903</i>
                        <i>-0.298093 0.571688 0.764404 -0.948961 -0.0910576 -0.301963 -0.103024 -0.815403 0.569653 1.51477 1.98568 -0.0833902</i>
                        <i>-0.297155 0.565901 0.769061 -0.949381 -0.0891934 -0.301197 -0.101852 -0.819634 0.56376 1.51445 1.98712 -0.0832568</i>
                        <i>-0.295547 0.563479 0.771455 -0.949862 -0.0870607 -0.300305 -0.102052 -0.82153 0.560958 1.51435 1.98973 -0.0836774</i>
                        <i>-0.293313 0.564722 0.771399 -0.950376 -0.0847182 -0.299346 -0.103696 -0.820921 0.561548 1.51448 1.99319 -0.0846808</i>
                        <i>-0.290764 0.568444 0.769628 -0.950878 -0.0823561 -0.298411 -0.106247 -0.818589 0.564467 1.51476 1.99703 -0.0860437</i>
                        <i>-0.288212 0.573435 0.766881 -0.951324 -0.0801693 -0.297583 -0.109164 -0.815319 0.568628 1.51513 2.00078 -0.0875343</i>
                        <i>-0.285976 0.578481 0.763922 -0.95168 -0.0783573 -0.296927 -0.111908 -0.811923 0.572937 1.51549 2.00398 -0.0889103</i>
                        <i>-0.284387 0.582381 0.761549 -0.951914 -0.0771219 -0.296499 -0.113943 -0.80925 0.576309 1.51577 2.00622 -0.0899214</i>
                        <i>-0.283783 0.583944 0.760577 -0.951999 -0.0766654 -0.296345 -0.114739 -0.808166 0.57767 1.51589 2.00706 -0.0903144</i>
                        <i>-0.368197 0.553183 0.747274 -0.912586 -0.0613146 -0.404261 -0.177811 -0.8308 0.527403 1.50959 2.01609 -0.0945999</i>
                        <i>-0.501321 0.500251 0.705993 -0.825435 -0.0318041 -0.563601 -0.259488 -0.865296 0.428869 1.49941 2.02934 -0.100084</i>
                        <i>-0.651944 0.449704 0.610521 -0.679955 0.00964127 -0.733191 -0.335605 -0.893125 0.299493 1.48537 2.04276 -0.110282</i>
                        <i>-0.779039 0.425227 0.460739 -0.483503 0.0603818 -0.873258 -0.399153 -0.90307 0.158559 1.47007 2.05271 -0.128587</i>
                        <i>-0.852572 0.44072 0.280868 -0.259269 0.109945 -0.959527 -0.453762 -0.890886 0.0205286 1.45971 2.05659 -0.15543</i>
                        <i>-0.860302 0.499408 0.102338 -0.0346588 0.142984 -0.989118 -0.508606 -0.854487 -0.1057 1.46217 2.05404 -0.186454</i>
                        <i>-0.810579 0.584029 -0.0432761 0.169163 0.162754 -0.972057 -0.560666 -0.795249 -0.230721 1.47673 2.04654 -0.213801</i>
                        <i>-0.730224 0.668912 -0.139032 0.336268 0.174744 -0.925413 -0.594725 -0.722511 -0.352535 1.49639 2.03556 -0.232504</i>
                        <i>-0.652139 0.734229 -0.188741 0.457824 0.182993 -0.870006 -0.604245 -0.653775 -0.455485 1.51332 2.02374 -0.242772</i>
                        <i>-0.606243 0.766331 -0.212616 0.529638 0.189614 -0.826759 -0.593256 -0.613827 -0.52083 1.52078 2.01483 -0.248321</i>
                        <i>-0.608248 0.766006 -0.208014 0.520226 0.186783 -0.833353 -0.5995 -0.615099 -0.512107 1.52006 2.01405 -0.247926</i>
                        <i>-0.613143 0.763151 -0.204099 0.510702 0.185815 -0.839438 -0.602693 -0.61893 -0.503674 1.5178 2.01179 -0.248068</i>
                        <i>-0.62039 0.758086 -0.201052 0.501265 0.186103 -0.845044 -0.6032 -0.625037 -0.495459 1.51435 2.00854 -0.248634</i>
                        <i>-0.629424 0.751131 -0.199068 0.492115 0.187054 -0.850197 -0.601373 -0.633098 -0.487378 1.51004 2.00479 -0.249523</i>
                        <i>-0.639677 0.742612 -0.198345 0.48346 0.188107 -0.854917 -0.597561 -0.642762 -0.479351 1.50524 2.00103 -0.250642</i>
                        <i>-0.650591 0.732872 -0.199072 0.475525 0.188746 -0.859215 -0.592121 -0.653661 -0.471295 1.50029 1.99779 -0.251901</i>
                        <i>-0.661625 0.722275 -0.201424 0.468545 0.188505 -0.863094 -0.585422 -0.665421 -0.463138 1.49554 1.9956 -0.253214</i>
                        <i>-0.672263 0.711203 -0.205557 0.46276 0.186969 -0.866542 -0.577854 -0.677668 -0.454809 1.49131 1.99476 -0.254495</i>
                        <i>-0.682322 0.699686 -0.211839 0.458396 0.183755 -0.869544 -0.569482 -0.690416 -0.446113 1.48798 1.99519 -0.255624</i>
                        <i>-0.690171 0.689188 -0.220645 0.457373 0.179159 -0.871041 -0.56078 -0.702084 -0.438866 1.48589 1.99682 -0.256661</i>
                        <i>-0.694921 0.680837 -0.2314 0.460348 0.174002 -0.870519 -0.552418 -0.711466 -0.434339 1.48498 1.9993 -0.257671</i>
                        <i>-0.697055 0.674701 -0.242678 0.465665 0.16862 -0.868748 -0.545225 -0.718572 -0.431722 1.48494 2.00215 -0.258597</i>
                        <i>-0.697079 0.670841 -0.253087 0.471693 0.16323 -0.866523 -0.539988 -0.723414 -0.430215 1.48545 2.00487 -0.2594</i>
                        <i>-0.69552 0.669317 -0.261278 0.476834 0.157959 -0.864684 -0.537477 -0.725991 -0.429017 1.48623 2.00698 -0.260061</i>
                        <i>-0.692905 0.670195 -0.265935 0.479521 0.152889 -0.864109 -0.538463 -0.726267 -0.427311 1.48699 2.00797 -0.260579</i>
                        <i>-0.729569 0.643194 -0.232443 0.414853 0.146002 -0.898098 -0.543715 -0.751655 -0.373349 1.48285 2.02356 -0.256939</i>
                        <i>-0.78292 0.598692 -0.169128 0.309623 0.139178 -0.940619 -0.539602 -0.788795 -0.294334 1.47565 2.04768 -0.249612</i>
                        <i>-0.834206 0.54669 -0.0723236 0.170976 0.13172 -0.976431 -0.524279 -0.82691 -0.203353 1.46847 2.07286 -0.237421</i>
                        <i>-0.864631 0.499573 0.0532853 0.00943653 0.12219 -0.992462 -0.502318 -0.857611 -0.110363 1.46473 2.09213 -0.220592</i>
                        <i>-0.860108 0.472245 0.192869 -0.160079 0.109117 -0.981055 -0.484344 -0.874687 -0.0182563 1.46757 2.09906 -0.201306</i>
                        <i>-0.814667 0.481283 0.32355 -0.320031 0.0921709 -0.942913 -0.48363 -0.871706 0.0789368 1.47877 2.08894 -0.183437</i>
                        <i>-0.742063 0.519844 0.423207 -0.455155 0.0727438 -0.887436 -0.492114 -0.851158 0.182629 1.49504 2.06669 -0.170125</i>
                        <i>-0.66575 0.568464 0.483348 -0.5563 0.0535831 -0.829252 -0.497299 -0.820961 0.280564 1.51146 2.04051 -0.162224</i>
                        <i>-0.607489 0.609116 0.509838 -0.619323 0.0387017 -0.784182 -0.497389 -0.792136 0.353729 1.52384 2.01864 -0.15879</i>
                        <i>-0.58472 0.625994 0.515979 -0.641332 0.0327972 -0.766562 -0.496786 -0.779138 0.382293 1.5287 2.00947 -0.158026</i>
                    </KeyFrames>
                </p>
            </i>
            <i>
                <p>
                    <Name><![CDATA[head]]></Name>
                    <Exclude>0</Exclude>
                    <Additive>0</Additive>
                    <IKPriority>0</IKPriority>
                    <IKRotLimits>-1e+010 -1e+010 -1e+010 1e+010 1e+010 1e+010</IKRotLimits>
                    <IKRotLimitOrder>0</IKRotLimitOrder>
                    <KeyFrames count="60">
                        <i>-0.0375942 0.987775 0.151286 0.0552984 0.153218 -0.986644 -0.997762 -0.0287262 -0.0603825 1.39253 2.18892 -0.0233248</i>
                        <i>-0.0504291 0.981455 0.184941 -0.00781193 0.184783 -0.982748 -0.998697 -0.0510039 -0.00165138 1.3904 2.19584 -0.0164414</i>
                        <i>-0.0708696 0.960389 0.2695 -0.16608 0.255047 -0.952559 -0.983562 -0.112266 0.141426 1.38712 2.21091 0.00108807</i>
                        <i>-0.0707563 0.923896 0.376045 -0.365087 0.326845 -0.871713 -0.928281 -0.198968 0.314176 1.38734 2.22579 0.0242194</i>
                        <i>-0.0377862 0.883875 0.466195 -0.545455 0.372654 -0.750738 -0.837288 -0.282656 0.468033 1.39461 2.23245 0.046859</i>
                        <i>0.0113342 0.864135 0.503133 -0.665985 0.381848 -0.640824 -0.745879 -0.327816 0.579829 1.4091 2.22898 0.0636295</i>
                        <i>0.0395494 0.884411 0.465031 -0.721714 0.347152 -0.598844 -0.69106 -0.311936 0.652021 1.42714 2.22151 0.0726442</i>
                        <i>0.0337822 0.924892 0.378726 -0.74149 0.277273 -0.610992 -0.670112 -0.260181 0.695166 1.44439 2.21157 0.0751212</i>
                        <i>0.00748081 0.95691 0.290288 -0.745181 0.198915 -0.636505 -0.66682 -0.211555 0.714559 1.45716 2.20001 0.0754014</i>
                        <i>-0.0148019 0.968667 0.247922 -0.747809 0.15387 -0.645837 -0.663749 -0.194958 0.7221 1.46306 2.1886 0.0791742</i>
                        <i>-0.0191195 0.964002 0.265205 -0.749712 0.161671 -0.641712 -0.661488 -0.211097 0.719633 1.46051 2.18175 0.0860669</i>
                        <i>-0.0162034 0.961238 0.275244 -0.751373 0.169914 -0.637627 -0.659679 -0.217142 0.719495 1.45829 2.17452 0.0923225</i>
                        <i>-0.00893042 0.959813 0.280498 -0.753261 0.17803 -0.633169 -0.657661 -0.216943 0.7214 1.4564 2.16736 0.0979271</i>
                        <i>-0.000194293 0.958946 0.283588 -0.75561 0.185616 -0.628173 -0.655022 -0.214404 0.724553 1.45483 2.16072 0.102861</i>
                        <i>0.00713262 0.957772 0.287439 -0.758266 0.192573 -0.622855 -0.651906 -0.213513 0.72762 1.45358 2.15503 0.107097</i>
                        <i>0.0102579 0.955368 0.295241 -0.760733 0.199083 -0.617779 -0.648984 -0.218262 0.728822 1.45264 2.15073 0.110606</i>
                        <i>0.0099547 0.951956 0.306074 -0.762718 0.205172 -0.613323 -0.646655 -0.227343 0.728116 1.452 2.14824 0.11335</i>
                        <i>0.00907709 0.948599 0.316351 -0.764294 0.210582 -0.609516 -0.644804 -0.236252 0.72692 1.45167 2.14771 0.11529</i>
                        <i>0.00845947 0.945958 0.324178 -0.765265 0.2148 -0.60682 -0.64366 -0.242949 0.725726 1.45176 2.14922 0.116024</i>
                        <i>0.00851439 0.944401 0.328685 -0.765579 0.21761 -0.605421 -0.643286 -0.24648 0.724867 1.45228 2.15259 0.115456</i>
                        <i>0.00901001 0.943711 0.330647 -0.765412 0.21929 -0.605026 -0.643477 -0.24763 0.724304 1.45309 2.15701 0.114001</i>
                        <i>0.00973229 0.94364 0.330831 -0.764953 0.220106 -0.60531 -0.644013 -0.247179 0.723982 1.454 2.16173 0.112083</i>
