<?xml version="1.0" encoding="ISO-8859-1" ?>
<Animl Version="1">
    <ModellingPackage><![CDATA[Maya.2010]]></ModellingPackage>
    <SrcFile><![CDATA[anims\turrets\mortar\red\~src\mortar_2s12sani\mortar_2s12sani_reload_crewman_b.mb]]></SrcFile>
    <FramesPerSecond>30</FramesPerSecond>
    <TotalFrames>160</TotalFrames>
    <Skeleton>
        <RefFrame>
            <Name><![CDATA[soldier_ref_frame]]></Name>
            <Exclude>0</Exclude>
            <Additive>0</Additive>
            <IKPriority>0</IKPriority>
            <IKRotLimits>-1e+010 -1e+010 -1e+010 1e+010 1e+010 1e+010</IKRotLimits>
            <IKRotLimitOrder>0</IKRotLimitOrder>
            <KeyFrames count="160">
                <i>1 0 0 0 1 0 0 0 1 -1.12 2.66 0.16</i>
                <i>1 0 0 0 1 0 0 0 1 -1.12 2.66 0.16</i>
                <i>1 0 0 0 1 0 0 0 1 -1.12 2.66 0.16</i>
                <i>1 0 0 0 1 0 0 0 1 -1.12 2.66 0.16</i>
                <i>1 0 0 0 1 0 0 0 1 -1.12 2.66 0.16</i>
                <i>1 0 0 0 1 0 0 0 1 -1.12 2.66 0.16</i>
                <i>1 0 0 0 1 0 0 0 1 -1.12 2.66 0.16</i>
                <i>1 0 0 0 1 0 0 0 1 -1.12 2.66 0.16</i>
                <i>1 0 0 0 1 0 0 0 1 -1.12 2.66 0.16</i>
                <i>1 0 0 0 1 0 0 0 1 -1.12 2.66 0.16</i>
                <i>1 0 0 0 1 0 0 0 1 -1.12 2.66 0.16</i>
                <i>1 0 0 0 1 0 0 0 1 -1.12 2.66 0.16</i>
                <i>1 0 0 0 1 0 0 0 1 -1.12 2.66 0.16</i>
                <i>1 0 0 0 1 0 0 0 1 -1.12 2.66 0.16</i>
                <i>1 0 0 0 1 0 0 0 1 -1.12 2.66 0.16</i>
                <i>1 0 0 0 1 0 0 0 1 -1.12 2.66 0.16</i>
                <i>1 0 0 0 1 0 0 0 1 -1.12 2.66 0.16</i>
                <i>1 0 0 0 1 0 0 0 1 -1.12 2.66 0.16</i>
                <i>1 0 0 0 1 0 0 0 1 -1.12 2.66 0.16</i>
                <i>1 0 0 0 1 0 0 0 1 -1.12 2.66 0.16</i>
                <i>1 0 0 0 1 0 0 0 1 -1.12 2.66 0.16</i>
                <i>1 0 0 0 1 0 0 0 1 -1.12 2.66 0.16</i>
                <i>1 0 0 0 1 0 0 0 1 -1.12 2.66 0.16</i>
                <i>1 0 0 0 1 0 0 0 1 -1.12 2.66 0.16</i>
                <i>1 0 0 0 1 0 0 0 1 -1.12 2.66 0.16</i>
                <i>1 0 0 0 1 0 0 0 1 -1.12 2.66 0.16</i>
                <i>1 0 0 0 1 0 0 0 1 -1.12 2.66 0.16</i>
                <i>1 0 0 0 1 0 0 0 1 -1.12 2.66 0.16</i>
                <i>1 0 0 0 1 0 0 0 1 -1.12 2.66 0.16</i>
                <i>1 0 0 0 1 0 0 0 1 -1.12 2.66 0.16</i>
                <i>1 0 0 0 1 0 0 0 1 -1.12 2.66 0.16</i>
                <i>1 0 0 0 1 0 0 0 1 -1.12 2.66 0.16</i>
                <i>1 0 0 0 1 0 0 0 1 -1.12 2.66 0.16</i>
                <i>1 0 0 0 1 0 0 0 1 -1.12 2.66 0.16</i>
                <i>1 0 0 0 1 0 0 0 1 -1.12 2.66 0.16</i>
                <i>1 0 0 0 1 0 0 0 1 -1.12 2.66 0.16</i>
                <i>1 0 0 0 1 0 0 0 1 -1.12 2.66 0.16</i>
                <i>1 0 0 0 1 0 0 0 1 -1.12 2.66 0.16</i>
                <i>1 0 0 0 1 0 0 0 1 -1.12 2.66 0.16</i>
                <i>1 0 0 0 1 0 0 0 1 -1.12 2.66 0.16</i>
                <i>1 0 0 0 1 0 0 0 1 -1.12 2.66 0.16</i>
                <i>1 0 0 0 1 0 0 0 1 -1.12 2.66 0.16</i>
                <i>1 0 0 0 1 0 0 0 1 -1.12 2.66 0.16</i>
                <i>1 0 0 0 1 0 0 0 1 -1.12 2.66 0.16</i>
                <i>1 0 0 0 1 0 0 0 1 -1.12 2.66 0.16</i>
                <i>1 0 0 0 1 0 0 0 1 -1.12 2.66 0.16</i>
                <i>1 0 0 0 1 0 0 0 1 -1.12 2.66 0.16</i>
                <i>1 0 0 0 1 0 0 0 1 -1.12 2.66 0.16</i>
                <i>1 0 0 0 1 0 0 0 1 -1.12 2.66 0.16</i>
                <i>1 0 0 0 1 0 0 0 1 -1.12 2.66 0.16</i>
                <i>1 0 0 0 1 0 0 0 1 -1.12 2.66 0.16</i>
                <i>1 0 0 0 1 0 0 0 1 -1.12 2.66 0.16</i>
                <i>1 0 0 0 1 0 0 0 1 -1.12 2.66 0.16</i>
                <i>1 0 0 0 1 0 0 0 1 -1.12 2.66 0.16</i>
                <i>1 0 0 0 1 0 0 0 1 -1.12 2.66 0.16</i>
                <i>1 0 0 0 1 0 0 0 1 -1.12 2.66 0.16</i>
                <i>1 0 0 0 1 0 0 0 1 -1.12 2.66 0.16</i>
                <i>1 0 0 0 1 0 0 0 1 -1.12 2.66 0.16</i>
                <i>1 0 0 0 1 0 0 0 1 -1.12 2.66 0.16</i>
                <i>1 0 0 0 1 0 0 0 1 -1.12 2.66 0.16</i>
                <i>1 0 0 0 1 0 0 0 1 -1.12 2.66 0.16</i>
                <i>1 0 0 0 1 0 0 0 1 -1.12 2.66 0.16</i>
                <i>1 0 0 0 1 0 0 0 1 -1.12 2.66 0.16</i>
                <i>1 0 0 0 1 0 0 0 1 -1.12 2.66 0.16</i>
                <i>1 0 0 0 1 0 0 0 1 -1.12 2.66 0.16</i>
                <i>1 0 0 0 1 0 0 0 1 -1.12 2.66 0.16</i>
                <i>1 0 0 0 1 0 0 0 1 -1.12 2.66 0.16</i>
                <i>1 0 0 0 1 0 0 0 1 -1.12 2.66 0.16</i>
                <i>1 0 0 0 1 0 0 0 1 -1.12 2.66 0.16</i>
                <i>1 0 0 0 1 0 0 0 1 -1.12 2.66 0.16</i>
                <i>1 0 0 0 1 0 0 0 1 -1.12 2.66 0.16</i>
                <i>1 0 0 0 1 0 0 0 1 -1.12 2.66 0.16</i>
                <i>1 0 0 0 1 0 0 0 1 -1.12 2.66 0.16</i>
                <i>1 0 0 0 1 0 0 0 1 -1.12 2.66 0.16</i>
                <i>1 0 0 0 1 0 0 0 1 -1.12 2.66 0.16</i>
                <i>1 0 0 0 1 0 0 0 1 -1.12 2.66 0.16</i>
                <i>1 0 0 0 1 0 0 0 1 -1.12 2.66 0.16</i>
                <i>1 0 0 0 1 0 0 0 1 -1.12 2.66 0.16</i>
                <i>1 0 0 0 1 0 0 0 1 -1.12 2.66 0.16</i>
                <i>1 0 0 0 1 0 0 0 1 -1.12 2.66 0.16</i>
                <i>1 0 0 0 1 0 0 0 1 -1.12 2.66 0.16</i>
                <i>1 0 0 0 1 0 0 0 1 -1.12 2.66 0.16</i>
                <i>1 0 0 0 1 0 0 0 1 -1.12 2.66 0.16</i>
                <i>1 0 0 0 1 0 0 0 1 -1.12 2.66 0.16</i>
                <i>1 0 0 0 1 0 0 0 1 -1.12 2.66 0.16</i>
                <i>1 0 0 0 1 0 0 0 1 -1.12 2.66 0.16</i>
                <i>1 0 0 0 1 0 0 0 1 -1.12 2.66 0.16</i>
                <i>1 0 0 0 1 0 0 0 1 -1.12 2.66 0.16</i>
                <i>1 0 0 0 1 0 0 0 1 -1.12 2.66 0.16</i>
                <i>1 0 0 0 1 0 0 0 1 -1.12 2.66 0.16</i>
                <i>1 0 0 0 1 0 0 0 1 -1.12 2.66 0.16</i>
                <i>1 0 0 0 1 0 0 0 1 -1.12 2.66 0.16</i>
                <i>1 0 0 0 1 0 0 0 1 -1.12 2.66 0.16</i>
                <i>1 0 0 0 1 0 0 0 1 -1.12 2.66 0.16</i>
                <i>1 0 0 0 1 0 0 0 1 -1.12 2.66 0.16</i>
                <i>1 0 0 0 1 0 0 0 1 -1.12 2.66 0.16</i>
                <i>1 0 0 0 1 0 0 0 1 -1.12 2.66 0.16</i>
                <i>1 0 0 0 1 0 0 0 1 -1.12 2.66 0.16</i>
                <i>1 0 0 0 1 0 0 0 1 -1.12 2.66 0.16</i>
                <i>1 0 0 0 1 0 0 0 1 -1.12 2.66 0.16</i>
                <i>1 0 0 0 1 0 0 0 1 -1.12 2.66 0.16</i>
                <i>1 0 0 0 1 0 0 0 1 -1.12 2.66 0.16</i>
                <i>1 0 0 0 1 0 0 0 1 -1.12 2.66 0.16</i>
                <i>1 0 0 0 1 0 0 0 1 -1.12 2.66 0.16</i>
                <i>1 0 0 0 1 0 0 0 1 -1.12 2.66 0.16</i>
                <i>1 0 0 0 1 0 0 0 1 -1.12 2.66 0.16</i>
                <i>1 0 0 0 1 0 0 0 1 -1.12 2.66 0.16</i>
                <i>1 0 0 0 1 0 0 0 1 -1.12 2.66 0.16</i>
                <i>1 0 0 0 1 0 0 0 1 -1.12 2.66 0.16</i>
                <i>1 0 0 0 1 0 0 0 1 -1.12 2.66 0.16</i>
                <i>1 0 0 0 1 0 0 0 1 -1.12 2.66 0.16</i>
                <i>1 0 0 0 1 0 0 0 1 -1.12 2.66 0.16</i>
                <i>1 0 0 0 1 0 0 0 1 -1.12 2.66 0.16</i>
                <i>1 0 0 0 1 0 0 0 1 -1.12 2.66 0.16</i>
                <i>1 0 0 0 1 0 0 0 1 -1.12 2.66 0.16</i>
                <i>1 0 0 0 1 0 0 0 1 -1.12 2.66 0.16</i>
                <i>1 0 0 0 1 0 0 0 1 -1.12 2.66 0.16</i>
                <i>1 0 0 0 1 0 0 0 1 -1.12 2.66 0.16</i>
                <i>1 0 0 0 1 0 0 0 1 -1.12 2.66 0.16</i>
                <i>1 0 0 0 1 0 0 0 1 -1.12 2.66 0.16</i>
                <i>1 0 0 0 1 0 0 0 1 -1.12 2.66 0.16</i>
                <i>1 0 0 0 1 0 0 0 1 -1.12 2.66 0.16</i>
                <i>1 0 0 0 1 0 0 0 1 -1.12 2.66 0.16</i>
                <i>1 0 0 0 1 0 0 0 1 -1.12 2.66 0.16</i>
                <i>1 0 0 0 1 0 0 0 1 -1.12 2.66 0.16</i>
                <i>1 0 0 0 1 0 0 0 1 -1.12 2.66 0.16</i>
                <i>1 0 0 0 1 0 0 0 1 -1.12 2.66 0.16</i>
                <i>1 0 0 0 1 0 0 0 1 -1.12 2.66 0.16</i>
                <i>1 0 0 0 1 0 0 0 1 -1.12 2.66 0.16</i>
                <i>1 0 0 0 1 0 0 0 1 -1.12 2.66 0.16</i>
                <i>1 0 0 0 1 0 0 0 1 -1.12 2.66 0.16</i>
                <i>1 0 0 0 1 0 0 0 1 -1.12 2.66 0.16</i>
                <i>1 0 0 0 1 0 0 0 1 -1.12 2.66 0.16</i>
                <i>1 0 0 0 1 0 0 0 1 -1.12 2.66 0.16</i>
                <i>1 0 0 0 1 0 0 0 1 -1.12 2.66 0.16</i>
                <i>1 0 0 0 1 0 0 0 1 -1.12 2.66 0.16</i>
                <i>1 0 0 0 1 0 0 0 1 -1.12 2.66 0.16</i>
                <i>1 0 0 0 1 0 0 0 1 -1.12 2.66 0.16</i>
                <i>1 0 0 0 1 0 0 0 1 -1.12 2.66 0.16</i>
                <i>1 0 0 0 1 0 0 0 1 -1.12 2.66 0.16</i>
                <i>1 0 0 0 1 0 0 0 1 -1.12 2.66 0.16</i>
                <i>1 0 0 0 1 0 0 0 1 -1.12 2.66 0.16</i>
                <i>1 0 0 0 1 0 0 0 1 -1.12 2.66 0.16</i>
                <i>1 0 0 0 1 0 0 0 1 -1.12 2.66 0.16</i>
                <i>1 0 0 0 1 0 0 0 1 -1.12 2.66 0.16</i>
                <i>1 0 0 0 1 0 0 0 1 -1.12 2.66 0.16</i>
                <i>1 0 0 0 1 0 0 0 1 -1.12 2.66 0.16</i>
                <i>1 0 0 0 1 0 0 0 1 -1.12 2.66 0.16</i>
                <i>1 0 0 0 1 0 0 0 1 -1.12 2.66 0.16</i>
                <i>1 0 0 0 1 0 0 0 1 -1.12 2.66 0.16</i>
                <i>1 0 0 0 1 0 0 0 1 -1.12 2.66 0.16</i>
                <i>1 0 0 0 1 0 0 0 1 -1.12 2.66 0.16</i>
                <i>1 0 0 0 1 0 0 0 1 -1.12 2.66 0.16</i>
                <i>1 0 0 0 1 0 0 0 1 -1.12 2.66 0.16</i>
                <i>1 0 0 0 1 0 0 0 1 -1.12 2.66 0.16</i>
                <i>1 0 0 0 1 0 0 0 1 -1.12 2.66 0.16</i>
                <i>1 0 0 0 1 0 0 0 1 -1.12 2.66 0.16</i>
                <i>1 0 0 0 1 0 0 0 1 -1.12 2.66 0.16</i>
                <i>1 0 0 0 1 0 0 0 1 -1.12 2.66 0.16</i>
                <i>1 0 0 0 1 0 0 0 1 -1.12 2.66 0.16</i>
            </KeyFrames>
        </RefFrame>
        <Bones count="23">
            <i>
                <p>
                    <Name><![CDATA[pelvis]]></Name>
                    <Exclude>0</Exclude>
                    <Additive>0</Additive>
                    <IKPriority>0</IKPriority>
                    <IKRotLimits>-1e+010 -1e+010 -1e+010 1e+010 1e+010 1e+010</IKRotLimits>
                    <IKRotLimitOrder>2</IKRotLimitOrder>
                    <KeyFrames count="160">
                        <i>1 0 0 0 1 0 0 0 1 -1.20502 3.66963 0.159531</i>
                        <i>1 0 0 0 1 0 0 0 1 -1.20502 3.67457 0.159531</i>
                        <i>1 0 0 0 1 0 0 0 1 -1.20502 3.68599 0.159531</i>
                        <i>1 0 0 0 1 0 0 0 1 -1.20502 3.69882 0.159531</i>
                        <i>1 0 0 0 1 0 0 0 1 -1.20502 3.70799 0.159531</i>
                        <i>1 0 0 0 1 0 0 0 1 -1.20502 3.71376 0.159531</i>
                        <i>1 0 0 0 1 0 0 0 1 -1.20502 3.71969 0.159531</i>
                        <i>1 0 0 0 1 0 0 0 1 -1.20502 3.72565 0.159531</i>
                        <i>1 0 0 0 1 0 0 0 1 -1.20502 3.73152 0.159531</i>
                        <i>1 0 0 0 1 0 0 0 1 -1.20502 3.73716 0.159531</i>
                        <i>1 0 0 0 1 0 0 0 1 -1.20502 3.74247 0.159531</i>
                        <i>1 0 0 0 1 0 0 0 1 -1.20502 3.7473 0.159531</i>
                        <i>1 0 0 0 1 0 0 0 1 -1.20502 3.75154 0.159531</i>
                        <i>1 0 0 0 1 0 0 0 1 -1.20502 3.75505 0.159531</i>
                        <i>1 0 0 0 1 0 0 0 1 -1.20502 3.75772 0.159531</i>
                        <i>1 0 0 0 1 0 0 0 1 -1.20502 3.75941 0.159531</i>
                        <i>1 0 0 0 1 0 0 0 1 -1.20502 3.76 0.159531</i>
                        <i>1 0 0 0 1 0 0 0 1 -1.20502 3.75957 0.159531</i>
                        <i>1 0 0 0 1 0 0 0 1 -1.20502 3.75831 0.159531</i>
                        <i>1 0 0 0 1 0 0 0 1 -1.20502 3.75628 0.159531</i>
                        <i>1 0 0 0 1 0 0 0 1 -1.20502 3.75356 0.159531</i>
                        <i>1 0 0 0 1 0 0 0 1 -1.20502 3.7502 0.159531</i>
                        <i>1 0 0 0 1 0 0 0 1 -1.20502 3.74627 0.159531</i>
                        <i>1 0 0 0 1 0 0 0 1 -1.20502 3.74183 0.159531</i>
                        <i>1 0 0 0 1 0 0 0 1 -1.20502 3.73694 0.159531</i>
                        <i>1 0 0 0 1 0 0 0 1 -1.20502 3.73166 0.159531</i>
                        <i>1 0 0 0 1 0 0 0 1 -1.20502 3.72607 0.159531</i>
                        <i>1 0 0 0 1 0 0 0 1 -1.20502 3.72022 0.159531</i>
                        <i>1 0 0 0 1 0 0 0 1 -1.20502 3.71417 0.159531</i>
                        <i>1 0 0 0 1 0 0 0 1 -1.20502 3.70799 0.159531</i>
                        <i>1 0 0 0 1 0 0 0 1 -1.20993 3.68474 0.167487</i>
                        <i>1 0 0 0 1 0 0 0 1 -1.19615 3.66667 0.193515</i>
                        <i>1 0 0 0 1 0 0 0 1 -1.14127 3.68587 0.249684</i>
                        <i>1 0 0 0 1 0 0 0 1 -1.07175 3.71608 0.314365</i>
                        <i>1 0 0 0 1 0 0 0 1 -1.01806 3.72859 0.34025</i>
                        <i>1 0 0 0 1 0 0 0 1 -0.984913 3.71465 0.320505</i>
                        <i>1 0 0 0 1 0 0 0 1 -0.95707 3.68948 0.283316</i>
                        <i>1 0 0 0 1 0 0 0 1 -0.935128 3.66036 0.233898</i>
                        <i>1 0 0 0 1 0 0 0 1 -0.919684 3.63456 0.177471</i>
                        <i>1 0 0 0 1 0 0 0 1 -0.911333 3.61932 0.119251</i>
                        <i>1 0 0 0 1 0 0 0 1 -0.909991 3.6193 0.0464342</i>
                        <i>1 0 0 0 1 0 0 0 1 -0.91526 3.62965 -0.0444585</i>
                        <i>1 0 0 0 1 0 0 0 1 -0.927267 3.64341 -0.13422</i>
                        <i>1 0 0 0 1 0 0 0 1 -0.946139 3.65362 -0.203641</i>
                        <i>1 0 0 0 1 0 0 0 1 -0.972003 3.65332 -0.233516</i>
                        <i>1 0 0 0 1 0 0 0 1 -1.0109 3.63968 -0.208889</i>
                        <i>1 0 0 0 1 0 0 0 1 -1.06273 3.61732 -0.142566</i>
                        <i>1 0 0 0 1 0 0 0 1 -1.11846 3.59052 -0.0569777</i>
                        <i>1 0 0 0 1 0 0 0 1 -1.16902 3.56354 0.0254427</i>
                        <i>1 0 0 0 1 0 0 0 1 -1.20534 3.54066 0.0822633</i>
                        <i>1 0 0 0 1 0 0 0 1 -1.23104 3.52129 0.117672</i>
                        <i>1 0 0 0 1 0 0 0 1 -1.25549 3.50204 0.150724</i>
                        <i>1 0 0 0 1 0 0 0 1 -1.27835 3.48301 0.181289</i>
                        <i>1 0 0 0 1 0 0 0 1 -1.29929 3.46426 0.209236</i>
                        <i>1 0 0 0 1 0 0 0 1 -1.31794 3.44587 0.234435</i>
                        <i>1 0 0 0 1 0 0 0 1 -1.33398 3.42792 0.256755</i>
                        <i>1 0 0 0 1 0 0 0 1 -1.34704 3.4105 0.276065</i>
                        <i>1 0 0 0 1 0 0 0 1 -1.35678 3.39368 0.292236</i>
                        <i>1 0 0 0 1 0 0 0 1 -1.36287 3.37753 0.305136</i>
                        <i>1 0 0 0 1 0 0 0 1 -1.36494 3.36213 0.314636</i>
                        <i>1 0 0 0 1 0 0 0 1 -1.3508 3.3458 0.309579</i>
                        <i>1 0 0 0 1 0 0 0 1 -1.31616 3.32926 0.285517</i>
                        <i>1 0 0 0 1 0 0 0 1 -1.27257 3.31625 0.25238</i>
                        <i>1 0 0 0 1 0 0 0 1 -1.23155 3.31053 0.220096</i>
                        <i>1 0 0 0 1 0 0 0 1 -1.20465 3.31581 0.198596</i>
                        <i>1 0 0 0 1 0 0 0 1 -1.19458 3.3362 0.189415</i>
                        <i>1 0 0 0 1 0 0 0 1 -1.19367 3.36919 0.185933</i>
                        <i>1 0 0 0 1 0 0 0 1 -1.19782 3.40866 0.185848</i>
                        <i>1 0 0 0 1 0 0 0 1 -1.20294 3.44848 0.186854</i>
                        <i>1 0 0 0 1 0 0 0 1 -1.20496 3.48251 0.186646</i>
                        <i>1 0 0 0 1 0 0 0 1 -1.2041 3.51548 0.185206</i>
                        <i>1 0 0 0 1 0 0 0 1 -1.20326 3.55147 0.184004</i>
                        <i>1 0 0 0 1 0 0 0 1 -1.2024 3.5834 0.182973</i>
                        <i>1 0 0 0 1 0 0 0 1 -1.20145 3.60419 0.182046</i>
                        <i>1 0 0 0 1 0 0 0 1 -1.20038 3.60677 0.181154</i>
                        <i>1 0 0 0 1 0 0 0 1 -1.19912 3.5795 0.18023</i>
                        <i>1 0 0 0 1 0 0 0 1 -1.19763 3.5271 0.179207</i>
                        <i>1 0 0 0 1 0 0 0 1 -1.19586 3.46701 0.178018</i>
                        <i>1 0 0 0 1 0 0 0 1 -1.19376 3.41671 0.176595</i>
                        <i>1 0 0 0 1 0 0 0 1 -1.19127 3.39363 0.17487</i>
                        <i>1 0 0 0 1 0 0 0 1 -1.18854 3.39459 0.173386</i>
                        <i>1 0 0 0 1 0 0 0 1 -1.18571 3.40358 0.172515</i>
                        <i>1 0 0 0 1 0 0 0 1 -1.1827 3.41882 0.171932</i>
                        <i>1 0 0 0 1 0 0 0 1 -1.17946 3.43856 0.171312</i>
                        <i>1 0 0 0 1 0 0 0 1 -1.1759 3.46102 0.170333</i>
                        <i>1 0 0 0 1 0 0 0 1 -1.17195 3.48442 0.168669</i>
                        <i>1 0 0 0 1 0 0 0 1 -1.16755 3.507 0.165997</i>
                        <i>1 0 0 0 1 0 0 0 1 -1.16263 3.52698 0.161991</i>
                        <i>1 0 0 0 1 0 0 0 1 -1.15711 3.54259 0.156328</i>
                        <i>1 0 0 0 1 0 0 0 1 -1.15092 3.55207 0.148683</i>
                        <i>1 0 0 0 1 0 0 0 1 -1.144 3.55561 0.13806</i>
                        <i>1 0 0 0 1 0 0 0 1 -1.13638 3.55514 0.124239</i>
                        <i>1 0 0 0 1 0 0 0 1 -1.12815 3.55154 0.108066</i>
                        <i>1 0 0 0 1 0 0 0 1 -1.11939 3.54564 0.0903862</i>
                        <i>1 0 0 0 1 0 0 0 1 -1.11019 3.53831 0.0720452</i>
                        <i>1 0 0 0 1 0 0 0 1 -1.10062 3.53039 0.0538879</i>
                        <i>1 0 0 0 1 0 0 0 1 -1.09076 3.52275 0.0367595</i>
                        <i>1 0 0 0 1 0 0 0 1 -1.08072 3.51624 0.0215052</i>
                        <i>1 0 0 0 1 0 0 0 1 -1.07055 3.5117 0.00897034</i>
                        <i>1 0 0 0 1 0 0 0 1 -1.06036 3.51 1.68754e-016</i>
                        <i>1 0 0 0 1 0 0 0 1 -1.0493 3.51 0.000526278</i>
                        <i>1 0 0 0 1 0 0 0 1 -1.03691 3.51 0.0116701</i>
                        <i>1 0 0 0 1 0 0 0 1 -1.02384 3.51 0.0270595</i>
                        <i>1 0 0 0 1 0 0 0 1 -1.01072 3.51 0.0403228</i>
                        <i>1 0 0 0 1 0 0 0 1 -0.99818 3.51 0.0450884</i>
                        <i>1 0 0 0 1 0 0 0 1 -0.985898 3.53308 0.0339841</i>
                        <i>1 0 0 0 1 0 0 0 1 -0.973442 3.59202 0.0112578</i>
                        <i>1 0 0 0 1 0 0 0 1 -0.961318 3.67137 -0.0120324</i>
                        <i>1 0 0 0 1 0 0 0 1 -0.950027 3.75566 -0.0248284</i>
                        <i>1 0 0 0 1 0 0 0 1 -0.940074 3.82945 -0.0160718</i>
                        <i>1 0 0 0 1 0 0 0 1 -0.93279 3.89782 0.0403743</i>
                        <i>1 0 0 0 1 0 0 0 1 -0.928289 3.96563 0.13621</i>
                        <i>1 0 0 0 1 0 0 0 1 -0.925249 4.01704 0.230839</i>
                        <i>1 0 0 0 1 0 0 0 1 -0.925513 4.02381 0.322077</i>
                        <i>1 0 0 0 1 0 0 0 1 -0.926323 4.0192 0.386394</i>
                        <i>1 0 0 0 1 0 0 0 1 -0.923945 4.03977 0.406677</i>
                        <i>1 0 0 0 1 0 0 0 1 -0.92067 4.06685 0.416499</i>
                        <i>1 0 0 0 1 0 0 0 1 -0.917317 4.09406 0.419281</i>
                        <i>1 0 0 0 1 0 0 0 1 -0.914705 4.11506 0.418443</i>
                        <i>1 0 0 0 1 0 0 0 1 -0.913652 4.12347 0.417403</i>
                        <i>1 0 0 0 1 0 0 0 1 -0.9133 4.11479 0.415564</i>
                        <i>1 0 0 0 1 0 0 0 1 -0.913103 4.09326 0.410646</i>
                        <i>1 0 0 0 1 0 0 0 1 -0.914348 4.06564 0.403546</i>
                        <i>1 0 0 0 1 0 0 0 1 -0.918326 4.0387 0.395163</i>
                        <i>1 0 0 0 1 0 0 0 1 -0.926323 4.0192 0.386394</i>
                        <i>1 0 0 0 1 0 0 0 1 -0.936479 4.01179 0.377194</i>
                        <i>1 0 0 0 1 0 0 0 1 -0.947933 4.01197 0.366963</i>
                        <i>1 0 0 0 1 0 0 0 1 -0.963479 4.01275 0.35577</i>
                        <i>1 0 0 0 1 0 0 0 1 -0.985912 4.00717 0.343686</i>
                        <i>1 0 0 0 1 0 0 0 1 -1.01802 3.98824 0.33078</i>
                        <i>1 0 0 0 1 0 0 0 1 -1.06893 3.95243 0.317331</i>
                        <i>1 0 0 0 1 0 0 0 1 -1.13677 3.90437 0.303293</i>
                        <i>1 0 0 0 1 0 0 0 1 -1.20787 3.8494 0.288247</i>
                        <i>1 0 0 0 1 0 0 0 1 -1.26856 3.79282 0.271772</i>
                        <i>1 0 0 0 1 0 0 0 1 -1.30516 3.73996 0.253451</i>
                        <i>1 0 0 0 1 0 0 0 1 -1.30997 3.68381 0.229928</i>
                        <i>1 0 0 0 1 0 0 0 1 -1.29211 3.62084 0.201485</i>
                        <i>1 0 0 0 1 0 0 0 1 -1.26313 3.56153 0.17315</i>
                        <i>1 0 0 0 1 0 0 0 1 -1.2346 3.51638 0.149955</i>
                        <i>1 0 0 0 1 0 0 0 1 -1.21807 3.49587 0.136932</i>
                        <i>1 0 0 0 1 0 0 0 1 -1.2123 3.49694 0.132493</i>
                        <i>1 0 0 0 1 0 0 0 1 -1.20817 3.50794 0.131268</i>
                        <i>1 0 0 0 1 0 0 0 1 -1.20544 3.52651 0.132609</i>
                        <i>1 0 0 0 1 0 0 0 1 -1.20386 3.55029 0.13587</i>
                        <i>1 0 0 0 1 0 0 0 1 -1.2032 3.57689 0.140405</i>
                        <i>1 0 0 0 1 0 0 0 1 -1.20321 3.60397 0.145565</i>
                        <i>1 0 0 0 1 0 0 0 1 -1.20363 3.62915 0.150705</i>
                        <i>1 0 0 0 1 0 0 0 1 -1.20424 3.65006 0.155177</i>
                        <i>1 0 0 0 1 0 0 0 1 -1.20479 3.66434 0.158334</i>
                        <i>1 0 0 0 1 0 0 0 1 -1.20502 3.66963 0.159531</i>
                        <i>1 0 0 0 1 0 0 0 1 -1.20502 3.66963 0.159531</i>
                        <i>1 0 0 0 1 0 0 0 1 -1.20502 3.66963 0.159531</i>
                        <i>1 0 0 0 1 0 0 0 1 -1.20502 3.66963 0.159531</i>
                        <i>1 0 0 0 1 0 0 0 1 -1.20502 3.66963 0.159531</i>
                        <i>1 0 0 0 1 0 0 0 1 -1.20502 3.66963 0.159531</i>
                        <i>1 0 0 0 1 0 0 0 1 -1.20502 3.66963 0.159531</i>
                        <i>1 0 0 0 1 0 0 0 1 -1.20502 3.66963 0.159531</i>
                        <i>1 0 0 0 1 0 0 0 1 -1.20502 3.66963 0.159531</i>
                        <i>1 0 0 0 1 0 0 0 1 -1.20502 3.66963 0.159531</i>
                        <i>1 0 0 0 1 0 0 0 1 -1.20502 3.66963 0.159531</i>
                    </KeyFrames>
                </p>
            </i>
            <i>
                <p>
                    <Name><![CDATA[spine0]]></Name>
                    <Exclude>0</Exclude>
                    <Additive>0</Additive>
                    <IKPriority>0</IKPriority>
                    <IKRotLimits>-1e+010 -1e+010 -1e+010 1e+010 1e+010 1e+010</IKRotLimits>
                    <IKRotLimitOrder>0</IKRotLimitOrder>
                    <KeyFrames count="160">
                        <i>0.0337355 0.998007 0.0533374 -0.915866 0.00950804 0.401371 0.400064 -0.0623904 0.914361 -1.22115 3.80614 0.117105</i>
                        <i>0.031367 0.998237 0.0503841 -0.911612 0.00790178 0.410976 0.409854 -0.0588218 0.910253 -1.22163 3.81117 0.117592</i>
                        <i>0.0274392 0.998673 0.0435738 -0.901046 0.00583442 0.433685 0.432855 -0.051162 0.90001 -1.22269 3.82285 0.118866</i>
                        <i>0.0257953 0.999008 0.0362889 -0.88767 0.00619503 0.460439 0.459757 -0.0440897 0.886949 -1.22381 3.83604 0.120633</i>
                        <i>0.0277268 0.999103 0.0320106 -0.875835 0.00884603 0.482529 0.481813 -0.041415 0.875295 -1.22448 3.84565 0.122561</i>
                        <i>0.0312896 0.999086 0.0291268 -0.865602 0.0125155 0.500577 0.499755 -0.0408751 0.865202 -1.22477 3.85191 0.124575</i>
                        <i>0.0345715 0.999103 0.0244527 -0.853862 0.0168134 0.520227 0.519349 -0.0388642 0.853678 -1.22501 3.85834 0.126769</i>
                        <i>0.0374618 0.999122 0.0187607 -0.841012 0.0213827 0.540593 0.539717 -0.0360296 0.841075 -1.22517 3.86479 0.129044</i>
                        <i>0.0398509 0.999124 0.0127839 -0.827551 0.0258321 0.560796 0.559974 -0.0329275 0.827855 -1.22525 3.87112 0.131302</i>
                        <i>0.0416128 0.999107 0.00725711 -0.814095 0.0296944 0.579972 0.579239 -0.0300423 0.814604 -1.22523 3.87719 0.133449</i>
                        <i>0.0426983 0.999084 0.00274228 -0.801362 0.0326087 0.597291 0.596654 -0.0277008 0.80202 -1.22515 3.88285 0.135392</i>
                        <i>0.0431742 0.999067 -0.000477831 -0.790126 0.0344376 0.611976 0.611422 -0.026044 0.790876 -1.22503 3.88798 0.137046</i>
                        <i>0.0430532 0.999071 -0.00202493 -0.781223 0.0349287 0.623274 0.622766 -0.025252 0.782001 -1.2249 3.89243 0.138328</i>
                        <i>0.0423494 0.999102 -0.00152219 -0.775491 0.0338316 0.630451 0.629936 -0.0255188 0.776227 -1.2248 3.89608 0.139157</i>
                        <i>0.0410949 0.999154 0.00136891 -0.773717 0.0309558 0.632774 0.632197 -0.0270629 0.774335 -1.22476 3.8988 0.139452</i>
                        <i>0.0392325 0.999213 0.00583501 -0.776027 0.0267898 0.630131 0.629479 -0.0292497 0.776467 -1.2248 3.90045 0.139194</i>
                        <i>0.0368143 0.999266 0.0106301 -0.78164 0.0221657 0.623335 0.622642 -0.0312565 0.781882 -1.22489 3.90092 0.138466</i>
                        <i>0.0340689 0.999301 0.0153581 -0.789872 0.0175075 0.613022 0.612325 -0.0330159 0.789917 -1.225 3.90029 0.137335</i>
                        <i>0.0312351 0.99932 0.019598 -0.800032 0.013243 0.599811 0.599144 -0.0344142 0.799901 -1.22512 3.89878 0.135865</i>
                        <i>0.0285533 0.999329 0.0229327 -0.811464 0.00977651 0.584321 0.583705 -0.0352933 0.811199 -1.22521 3.89644 0.134123</i>
                        <i>0.0261069 0.999341 0.0252226 -0.823584 0.00720103 0.567148 0.566593 -0.0355794 0.82323 -1.22525 3.89334 0.13218</i>
                        <i>0.0238749 0.999358 0.0267175 -0.835882 0.00529518 0.548884 0.54839 -0.0354373 0.835471 -1.22522 3.88957 0.130106</i>
                        <i>0.0219309 0.999378 0.0276298 -0.84789 0.00394926 0.530158 0.529719 -0.0350538 0.847449 -1.22511 3.88518 0.127979</i>
                        <i>0.0203332 0.999396 0.028198 -0.859204 0.00304541 0.511625 0.51123 -0.0346308 0.858746 -1.22492 3.88027 0.125876</i>
                        <i>0.0191217 0.999406 0.0286704 -0.869476 0.00246502 0.493969 0.493605 -0.0343737 0.869007 -1.22468 3.87492 0.123879</i>
                        <i>0.0183151 0.999403 0.0292872 -0.878414 0.00209324 0.477896 0.477549 -0.034479 0.877928 -1.2244 3.8692 0.122067</i>
                        <i>0.0179132 0.999381 0.0302671 -0.885767 0.00182022 0.464127 0.463785 -0.0351236 0.885251 -1.22412 3.86321 0.120521</i>
                        <i>0.0179016 0.999334 0.0318013 -0.89131 0.00153843 0.453392 0.453041 -0.0364612 0.890744 -1.22388 3.85705 0.11932</i>
                        <i>0.0182613 0.999253 0.0340602 -0.894823 0.00113637 0.44642 0.446048 -0.0386301 0.894175 -1.22371 3.8508 0.118542</i>
                        <i>0.0189814 0.999127 0.0372133 -0.896061 0.000488822 0.44393 0.443524 -0.0417718 0.895288 -1.22364 3.84454 0.118266</i>
                        <i>0.0232672 0.998748 0.0442852 -0.899539 0.00158625 0.436839 0.436221 -0.0500003 0.898449 -1.22816 3.82124 0.125877</i>
                        <i>0.0325796 0.997891 0.0561521 -0.909349 0.00628098 0.415987 0.414757 -0.0646145 0.907635 -1.21324 3.80304 0.151005</i>
                        <i>0.0434611 0.996625 0.0696332 -0.924152 0.0136258 0.381783 0.379546 -0.0809444 0.921625 -1.15658 3.82206 0.205942</i>
                        <i>0.0509503 0.995365 0.0815612 -0.942146 0.0208123 0.334555 0.331307 -0.0938883 0.93884 -1.08473 3.85209 0.269319</i>
                        <i>0.0494985 0.99481 0.0889036 -0.961235 0.0232745 0.274747 0.271252 -0.0990568 0.957398 -1.02831 3.86447 0.294122</i>
                        <i>0.0366164 0.994694 0.0961399 -0.982675 0.0183484 0.184429 0.181686 -0.101227 0.978132 -0.991627 3.85036 0.273264</i>
                        <i>0.0160177 0.994148 0.106828 -0.998208 0.0097382 0.0590465 0.0576607 -0.107582 0.992523 -0.959046 3.82497 0.234983</i>
                        <i>-0.00739138 0.993118 0.116886 -0.996932 0.0017897 -0.0782478 -0.0779185 -0.117106 0.990058 -0.931579 3.79565 0.185112</i>
                        <i>-0.0285121 0.991951 0.123371 -0.979254 -0.00294756 -0.202615 -0.20062 -0.126588 0.971456 -0.910694 3.76973 0.129072</i>
                        <i>-0.0421901 0.991378 0.124051 -0.956725 -0.00430722 -0.290962 -0.287919 -0.130959 0.948658 -0.898159 3.75446 0.0717196</i>
                        <i>-0.0392655 0.993703 0.104936 -0.943756 -0.00237658 -0.330634 -0.328303 -0.112017 0.937907 -0.893746 3.75348 -0.00284478</i>
                        <i>-0.0211509 0.997733 0.0638842 -0.940781 0.00176311 -0.339011 -0.338355 -0.0672714 0.938611 -0.896034 3.76136 -0.0990249</i>
                        <i>0.000977207 0.999863 0.0165263 -0.940558 0.00653184 -0.339569 -0.339631 -0.0152121 0.940436 -0.905134 3.77193 -0.194947</i>
                        <i>0.0170413 0.999632 -0.0210898 -0.934748 0.00844108 -0.355212 -0.354903 0.0257669 0.934548 -0.920937 3.77939 -0.268784</i>
                        <i>0.0179419 0.9993 -0.0328197 -0.913018 0.00299595 -0.407908 -0.407525 0.0372836 0.912433 -0.943168 3.77828 -0.298716</i>
                        <i>-0.00252456 0.999883 -0.0150627 -0.849755 -0.0100857 -0.527081 -0.527172 0.011469 0.849681 -0.976201 3.7657 -0.268987</i>
                        <i>-0.0381534 0.999068 0.0201806 -0.726709 -0.0138792 -0.686805 -0.685885 -0.0408693 0.726561 -1.01988 3.74511 -0.192866</i>
                        <i>-0.0828352 0.994507 0.0639929 -0.56089 0.00655203 -0.827865 -0.823736 -0.104469 0.557266 -1.06809 3.72032 -0.0931848</i>
                        <i>-0.133046 0.985428 0.105972 -0.400927 0.0442719 -0.915039 -0.906397 -0.16423 0.389195 -1.11477 3.69508 0.00419146</i>
                        <i>-0.185322 0.972967 0.137807 -0.30976 0.075247 -0.947833 -0.93258 -0.218341 0.287441 -1.15239 3.67396 0.0711247</i>
                        <i>-0.248521 0.954033 0.167503 -0.284227 0.0934905 -0.954188 -0.925987 -0.284745 0.247928 -1.18311 3.65679 0.111602</i>
                        <i>-0.328294 0.922498 0.203028 -0.278869 0.110702 -0.953927 -0.902472 -0.369787 0.220913 -1.21419 3.63983 0.148475</i>
                        <i>-0.413826 0.877182 0.243516 -0.29041 0.126316 -0.948528 -0.862792 -0.463245 0.20247 -1.24469 3.62287 0.182025</i>
                        <i>-0.494637 0.819959 0.2881 -0.31498 0.139825 -0.938742 -0.810014 -0.555082 0.189108 -1.27367 3.60578 0.212535</i>
                        <i>-0.561986 0.756541 0.33439 -0.348083 0.150421 -0.925317 -0.75034 -0.636411 0.178805 -1.3002 3.58852 0.240184</i>
                        <i>-0.610176 0.696249 0.37805 -0.384655 0.156817 -0.909642 -0.692622 -0.700461 0.17213 -1.3234 3.57116 0.264977</i>
                        <i>-0.640429 0.645677 0.415875 -0.419766 0.159183 -0.893564 -0.643154 -0.746835 0.169088 -1.3425 3.5539 0.286723</i>
                        <i>-0.657252 0.607907 0.445499 -0.449114 0.158783 -0.879253 -0.605241 -0.77797 0.168659 -1.35683 3.53696 0.30506</i>
                        <i>-0.665293 0.58439 0.464623 -0.469004 0.157065 -0.869118 -0.580879 -0.796128 0.169587 -1.36581 3.52064 0.319518</i>
                        <i>-0.668119 0.576145 0.470823 -0.47608 0.155272 -0.865586 -0.571808 -0.802464 0.170551 -1.36891 3.50516 0.329615</i>
                        <i>-0.66126 0.589201 0.464304 -0.471863 0.15446 -0.868036 -0.583164 -0.793085 0.175884 -1.35093 3.48911 0.322179</i>
                        <i>-0.640058 0.624248 0.44793 -0.461133 0.154204 -0.873829 -0.614558 -0.765856 0.189162 -1.30658 3.47265 0.292026</i>
                        <i>-0.605531 0.674492 0.422366 -0.445199 0.152812 -0.882296 -0.659644 -0.722295 0.207751 -1.25023 3.45836 0.250787</i>
                        <i>-0.558387 0.733232 0.388039 -0.426091 0.147849 -0.892517 -0.711794 -0.66371 0.229867 -1.1964 3.44967 0.210124</i>
                        <i>-0.500274 0.793734 0.345995 -0.40743 0.136801 -0.902932 -0.76402 -0.592682 0.254953 -1.15947 3.45132 0.181512</i>
                        <i>-0.426058 0.855954 0.292947 -0.392421 0.116909 -0.912326 -0.815157 -0.503662 0.286084 -1.14277 3.46848 0.166764</i>
                        <i>-0.338262 0.912334 0.230704 -0.381778 0.0910317 -0.91976 -0.86013 -0.399198 0.317517 -1.13716 3.49863 0.158599</i>
                        <i>-0.253062 0.952346 0.170286 -0.375535 0.065516 -0.92449 -0.89159 -0.297902 0.341059 -1.13819 3.53581 0.154612</i>
                        <i>-0.18482 0.975203 0.121739 -0.373147 0.0449636 -0.926682 -0.909177 -0.216696 0.355584 -1.14142 3.5739 0.152474</i>
                        <i>-0.143914 0.985246 0.0926201 -0.373933 0.0325138 -0.926885 -0.916222 -0.168025 0.363737 -1.1424 3.60674 0.149927</i>
                        <i>-0.111387 0.991334 0.0696338 -0.378623 0.0224516 -0.925278 -0.918824 -0.129429 0.372842 -1.14076 3.63872 0.146534</i>
                        <i>-0.0699202 0.996736 0.0403478 -0.387427 0.0101385 -0.921845 -0.919245 -0.0800874 0.385454 -1.13946 3.67393 0.143659</i>
                        <i>-0.0303075 0.999462 0.0125157 -0.398557 -0.000600946 -0.917143 -0.916643 -0.0327845 0.398361 -1.13899 3.70579 0.141779</i>
                        <i>-0.00291343 0.999976 -0.00630164 -0.410156 -0.00694216 -0.911989 -0.912011 -7.23609e-005 0.410166 -1.13987 3.72767 0.14135</i>
                        <i>0.0024423 0.999957 -0.00898624 -0.420698 -0.00712491 -0.907173 -0.907197 0.00599608 0.420662 -1.14268 3.73286 0.14283</i>
                        <i>-0.0248727 0.999622 0.011681 -0.429365 -0.000130092 -0.903131 -0.902789 -0.0274787 0.429206 -1.14857 3.71003 0.147037</i>
                        <i>-0.0762172 0.995881 0.0491091 -0.436354 0.0109714 -0.899708 -0.896541 -0.0900022 0.43372 -1.15684 3.66261 0.153359</i>
                        <i>-0.132814 0.987057 0.0898859 -0.441881 0.0222092 -0.896799 -0.887188 -0.158826 0.433211 -1.16515 3.60639 0.159923</i>
                        <i>-0.177674 0.976483 0.122117 -0.445666 0.0307953 -0.89467 -0.87739 -0.213383 0.429714 -1.1708 3.55822 0.164635</i>
                        <i>-0.195292 0.971391 0.135132 -0.447074 0.034462 -0.893833 -0.872918 -0.234972 0.427553 -1.17104 3.53574 0.165349</i>
                        <i>-0.193003 0.971944 0.134442 -0.447091 0.0348531 -0.893809 -0.873418 -0.232615 0.42782 -1.16606 3.53628 0.162748</i>
                        <i>-0.188941 0.972959 0.132858 -0.447067 0.0352327 -0.893807 -0.874318 -0.228274 0.428321 -1.15833 3.54416 0.158992</i>
                        <i>-0.184261 0.974108 0.131001 -0.446623 0.0357468 -0.894008 -0.875543 -0.223239 0.428472 -1.14854 3.55745 0.154229</i>
                        <i>-0.180334 0.975025 0.129639 -0.445315 0.0365871 -0.894626 -0.877026 -0.219062 0.427596 -1.13741 3.57426 0.14863</i>
                        <i>-0.178346 0.975418 0.129434 -0.442769 0.0379175 -0.895833 -0.87872 -0.217078 0.425123 -1.12563 3.59288 0.142367</i>
                        <i>-0.178804 0.975175 0.130623 -0.438807 0.0397878 -0.8977 -0.880612 -0.217831 0.420799 -1.11386 3.61181 0.135589</i>
                        <i>-0.181284 0.974417 0.132847 -0.433599 0.0420495 -0.900124 -0.882682 -0.220781 0.414883 -1.10265 3.62976 0.128387</i>
                        <i>-0.184579 0.973469 0.135235 -0.427822 0.0442949 -0.902777 -0.884816 -0.22449 0.408295 -1.09249 3.64563 0.120777</i>
                        <i>-0.18713 0.97278 0.136679 -0.422704 0.0458565 -0.905107 -0.886737 -0.227148 0.402617 -1.08375 3.6584 0.112704</i>
                        <i>-0.187527 0.97278 0.136138 -0.419818 0.0459244 -0.906446 -0.888024 -0.227137 0.399779 -1.07685 3.66706 0.104085</i>
                        <i>-0.177395 0.974223 0.139355 -0.428055 0.0511237 -0.902305 -0.886171 -0.219716 0.407953 -1.07091 3.67114 0.0932663</i>
                        <i>-0.152531 0.976927 0.149495 -0.453284 0.0652626 -0.888974 -0.878218 -0.20336 0.432871 -1.06496 3.67158 0.0790977</i>
                        <i>-0.119352 0.97978 0.160583 -0.49221 0.0820746 -0.866599 -0.862256 -0.182471 0.472461 -1.05948 3.66934 0.0622204</i>
                        <i>-0.0851483 0.982336 0.166628 -0.540788 0.0948948 -0.835789 -0.836838 -0.161276 0.523156 -1.05494 3.66536 0.0433735</i>
                        <i>-0.056927 0.984897 0.163518 -0.594123 0.0982074 -0.798357 -0.802358 -0.142598 0.579559 -1.05171 3.66046 0.0235008</i>
                        <i>-0.0399035 0.987856 0.15016 -0.646937 0.0889871 -0.757333 -0.761498 -0.127365 0.63553 -1.04983 3.6553 0.00372455</i>
                        <i>-0.0361392 0.991063 0.128403 -0.694503 0.0674818 -0.716318 -0.718582 -0.115064 0.685858 -1.04906 3.65043 -0.0147621</i>
                        <i>-0.0440138 0.993812 0.101983 -0.73364 0.0371373 -0.678522 -0.678111 -0.104683 0.727466 -1.04885 3.64641 -0.030806</i>
                        <i>-0.0588524 0.995427 0.075236 -0.763311 0.00369818 -0.64602 -0.643344 -0.0954483 0.759604 -1.0485 3.64389 -0.0433432</i>
                        <i>-0.0743723 0.995864 0.0521858 -0.784443 -0.0261117 -0.619652 -0.615726 -0.0870217 0.78314 -1.04725 3.64373 -0.0513858</i>
                        <i>-0.0779758 0.996305 0.0359994 -0.797394 -0.0406529 -0.602088 -0.5984 -0.075654 0.797618 -1.04248 3.64494 -0.0488681</i>
                        <i>-0.0669265 0.997426 0.0257261 -0.805216 -0.0387676 -0.591713 -0.589193 -0.0603163 0.805738 -1.03351 3.64599 -0.035154</i>
                        <i>-0.0516787 0.998501 0.0180387 -0.811737 -0.0314769 -0.583175 -0.581733 -0.0447804 0.812146 -1.02272 3.64682 -0.0173844</i>
                        <i>-0.0410251 0.999098 0.0109245 -0.822122 -0.0275403 -0.568645 -0.567832 -0.03231 0.82251 -1.01229 3.64735 -0.00242804</i>
                        <i>-0.0408478 0.999156 0.00438988 -0.842777 -0.0320939 -0.537305 -0.53671 -0.0256474 0.843377 -1.00407 3.64752 0.00324957</i>
                        <i>-0.0519829 0.998625 -0.00678001 -0.872077 -0.0487015 -0.48694 -0.486601 -0.0193999 0.873409 -0.997564 3.67018 -0.0080114</i>
                        <i>-0.0690024 0.997355 -0.0228458 -0.902375 -0.0721633 -0.424867 -0.425391 -0.00870136 0.904968 -0.991127 3.72816 -0.0317552</i>
                        <i>-0.088794 0.995381 -0.0365102 -0.930287 -0.0959738 -0.354055 -0.355923 0.00252709 0.934512 -0.985002 3.80621 -0.0562235</i>
                        <i>-0.107774 0.993284 -0.0420909 -0.953466 -0.115259 -0.2786 -0.28158 0.0101065 0.959485 -0.979462 3.88908 -0.0698688</i>
                        <i>-0.121944 0.991875 -0.0362455 -0.970849 -0.126792 -0.203409 -0.206352 0.0103844 0.978423 -0.974795 3.96151 -0.0613652</i>
                        <i>-0.133837 0.990821 -0.0190004 -0.981728 -0.135177 -0.133933 -0.135272 0.000728042 0.990808 -0.972129 4.02872 -0.00451349</i>
                        <i>-0.144645 0.989456 0.00741691 -0.986763 -0.143687 -0.0751848 -0.0733263 -0.0181938 0.997142 -0.971419 4.09565 0.0922867</i>
                        <i>-0.150336 0.98787 0.0388829 -0.988313 -0.149167 -0.0313994 -0.0252185 -0.0431489 0.99875 -0.971235 4.14653 0.188241</i>
                        <i>-0.15051 0.98611 0.070235 -0.988599 -0.150437 -0.00636827 0.0042861 -0.0703928 0.99751 -0.97336 4.15309 0.280947</i>
                        <i>-0.146994 0.984338 0.0973175 -0.989077 -0.147359 -0.00346728 0.0109276 -0.0967642 0.995247 -0.975 4.14863 0.34672</i>
                        <i>-0.141492 0.982929 0.117605 -0.989932 -0.140958 -0.0128935 0.00390385 -0.118245 0.992977 -0.971636 4.16972 0.367508</i>
                        <i>-0.135063 0.982161 0.130835 -0.990829 -0.133344 -0.0218526 -0.00401672 -0.132587 0.991163 -0.965445 4.19749 0.376201</i>
                        <i>-0.128337 0.982161 0.137435 -0.991664 -0.125485 -0.0292499 -0.011482 -0.140044 0.990079 -0.958204 4.22519 0.376505</i>
