<?xml version="1.0" encoding="ISO-8859-1" ?>
<Animl Version="1">
    <ModellingPackage><![CDATA[Maya.2010]]></ModellingPackage>
    <SrcFile><![CDATA[anims\turrets\mortar\red\~src\mortar_2s12sani\mortar_2s12sani_aim_down_crewman_a.mb]]></SrcFile>
    <FramesPerSecond>30</FramesPerSecond>
    <TotalFrames>30</TotalFrames>
    <Skeleton>
        <RefFrame>
            <Name><![CDATA[soldier_ref_frame]]></Name>
            <Exclude>0</Exclude>
            <Additive>0</Additive>
            <IKPriority>0</IKPriority>
            <IKRotLimits>-1e+010 -1e+010 -1e+010 1e+010 1e+010 1e+010</IKRotLimits>
            <IKRotLimitOrder>0</IKRotLimitOrder>
            <KeyFrames count="30">
                <i>1 0 0 0 1 0 0 0 1 1.49 0.92 -0.22</i>
                <i>1 0 0 0 1 0 0 0 1 1.49 0.92 -0.22</i>
                <i>1 0 0 0 1 0 0 0 1 1.49 0.92 -0.22</i>
                <i>1 0 0 0 1 0 0 0 1 1.49 0.92 -0.22</i>
                <i>1 0 0 0 1 0 0 0 1 1.49 0.92 -0.22</i>
                <i>1 0 0 0 1 0 0 0 1 1.49 0.92 -0.22</i>
                <i>1 0 0 0 1 0 0 0 1 1.49 0.92 -0.22</i>
                <i>1 0 0 0 1 0 0 0 1 1.49 0.92 -0.22</i>
                <i>1 0 0 0 1 0 0 0 1 1.49 0.92 -0.22</i>
                <i>1 0 0 0 1 0 0 0 1 1.49 0.92 -0.22</i>
                <i>1 0 0 0 1 0 0 0 1 1.49 0.92 -0.22</i>
                <i>1 0 0 0 1 0 0 0 1 1.49 0.92 -0.22</i>
                <i>1 0 0 0 1 0 0 0 1 1.49 0.92 -0.22</i>
                <i>1 0 0 0 1 0 0 0 1 1.49 0.92 -0.22</i>
                <i>1 0 0 0 1 0 0 0 1 1.49 0.92 -0.22</i>
                <i>1 0 0 0 1 0 0 0 1 1.49 0.92 -0.22</i>
                <i>1 0 0 0 1 0 0 0 1 1.49 0.92 -0.22</i>
                <i>1 0 0 0 1 0 0 0 1 1.49 0.92 -0.22</i>
                <i>1 0 0 0 1 0 0 0 1 1.49 0.92 -0.22</i>
                <i>1 0 0 0 1 0 0 0 1 1.49 0.92 -0.22</i>
                <i>1 0 0 0 1 0 0 0 1 1.49 0.92 -0.22</i>
                <i>1 0 0 0 1 0 0 0 1 1.49 0.92 -0.22</i>
                <i>1 0 0 0 1 0 0 0 1 1.49 0.92 -0.22</i>
                <i>1 0 0 0 1 0 0 0 1 1.49 0.92 -0.22</i>
                <i>1 0 0 0 1 0 0 0 1 1.49 0.92 -0.22</i>
                <i>1 0 0 0 1 0 0 0 1 1.49 0.92 -0.22</i>
                <i>1 0 0 0 1 0 0 0 1 1.49 0.92 -0.22</i>
                <i>1 0 0 0 1 0 0 0 1 1.49 0.92 -0.22</i>
                <i>1 0 0 0 1 0 0 0 1 1.49 0.92 -0.22</i>
                <i>1 0 0 0 1 0 0 0 1 1.49 0.92 -0.22</i>
            </KeyFrames>
        </RefFrame>
        <Bones count="23">
            <i>
                <p>
                    <Name><![CDATA[pelvis]]></Name>
                    <Exclude>0</Exclude>
                    <Additive>0</Additive>
                    <IKPriority>0</IKPriority>
                    <IKRotLimits>-1e+010 -1e+010 -1e+010 1e+010 1e+010 1e+010</IKRotLimits>
                    <IKRotLimitOrder>2</IKRotLimitOrder>
                    <KeyFrames count="30">
                        <i>1 0 0 0 1 0 0 0 1 1.62662 1.57349 -0.231861</i>
                        <i>1 0 0 0 1 0 0 0 1 1.62629 1.57432 -0.230404</i>
                        <i>1 0 0 0 1 0 0 0 1 1.62592 1.57662 -0.229372</i>
                        <i>1 0 0 0 1 0 0 0 1 1.6255 1.58016 -0.228737</i>
                        <i>1 0 0 0 1 0 0 0 1 1.62507 1.5847 -0.228471</i>
                        <i>1 0 0 0 1 0 0 0 1 1.62462 1.58997 -0.228547</i>
                        <i>1 0 0 0 1 0 0 0 1 1.62416 1.59573 -0.228936</i>
                        <i>1 0 0 0 1 0 0 0 1 1.62371 1.60175 -0.22961</i>
                        <i>1 0 0 0 1 0 0 0 1 1.62328 1.60776 -0.230543</i>
                        <i>1 0 0 0 1 0 0 0 1 1.62288 1.61353 -0.231706</i>
                        <i>1 0 0 0 1 0 0 0 1 1.62252 1.6188 -0.233071</i>
                        <i>1 0 0 0 1 0 0 0 1 1.62221 1.62333 -0.234611</i>
                        <i>1 0 0 0 1 0 0 0 1 1.62195 1.62687 -0.236298</i>
                        <i>1 0 0 0 1 0 0 0 1 1.62177 1.62918 -0.238103</i>
                        <i>1 0 0 0 1 0 0 0 1 1.62167 1.63 -0.24</i>
                        <i>1 0 0 0 1 0 0 0 1 1.62168 1.62928 -0.241965</i>
                        <i>1 0 0 0 1 0 0 0 1 1.6218 1.62725 -0.243928</i>
                        <i>1 0 0 0 1 0 0 0 1 1.62203 1.62412 -0.245787</i>
                        <i>1 0 0 0 1 0 0 0 1 1.62236 1.62009 -0.247442</i>
                        <i>1 0 0 0 1 0 0 0 1 1.62277 1.61535 -0.248792</i>
                        <i>1 0 0 0 1 0 0 0 1 1.62325 1.61011 -0.249735</i>
                        <i>1 0 0 0 1 0 0 0 1 1.6238 1.60457 -0.250172</i>
                        <i>1 0 0 0 1 0 0 0 1 1.62439 1.59893 -0.25</i>
                        <i>1 0 0 0 1 0 0 0 1 1.625 1.59338 -0.248851</i>
                        <i>1 0 0 0 1 0 0 0 1 1.62556 1.58814 -0.246652</i>
                        <i>1 0 0 0 1 0 0 0 1 1.62604 1.5834 -0.243744</i>
                        <i>1 0 0 0 1 0 0 0 1 1.62642 1.57937 -0.240469</i>
                        <i>1 0 0 0 1 0 0 0 1 1.62666 1.57624 -0.237169</i>
                        <i>1 0 0 0 1 0 0 0 1 1.62674 1.57421 -0.234185</i>
                        <i>1 0 0 0 1 0 0 0 1 1.62662 1.57349 -0.231861</i>
                    </KeyFrames>
                </p>
            </i>
            <i>
                <p>
                    <Name><![CDATA[spine0]]></Name>
                    <Exclude>0</Exclude>
                    <Additive>0</Additive>
                    <IKPriority>0</IKPriority>
                    <IKRotLimits>-1e+010 -1e+010 -1e+010 1e+010 1e+010 1e+010</IKRotLimits>
                    <IKRotLimitOrder>0</IKRotLimitOrder>
                    <KeyFrames count="30">
                        <i>-0.255075 0.957438 0.13509 -0.384488 0.0277577 -0.922712 -0.88719 -0.287301 0.361043 1.6701 1.71002 -0.244702</i>
                        <i>-0.255851 0.957207 0.135262 -0.384442 0.0276342 -0.922735 -0.886986 -0.288083 0.36092 1.66869 1.71123 -0.242763</i>
                        <i>-0.252273 0.958513 0.132708 -0.384407 0.0265883 -0.922781 -0.888026 -0.283806 0.361752 1.66728 1.7139 -0.241248</i>
                        <i>-0.245344 0.960938 0.128076 -0.384363 0.0248643 -0.922847 -0.889984 -0.275643 0.363249 1.66591 1.71776 -0.24014</i>
                        <i>-0.236058 0.96405 0.122004 -0.384299 0.0227 -0.92293 -0.892519 -0.264751 0.365125 1.66461 1.72258 -0.239424</i>
                        <i>-0.225375 0.967448 0.115113 -0.384216 0.0203199 -0.923019 -0.895312 -0.252254 0.36713 1.6634 1.7281 -0.239084</i>
                        <i>-0.214212 0.970798 0.107999 -0.384125 0.0179341 -0.923107 -0.898087 -0.239226 0.369066 1.66231 1.73407 -0.239103</i>
                        <i>-0.203447 0.973838 0.101237 -0.384043 0.0157399 -0.923181 -0.900622 -0.226697 0.370793 1.66138 1.74024 -0.239466</i>
                        <i>-0.193833 0.976392 0.0953261 -0.38399 0.0139066 -0.923233 -0.902763 -0.215557 0.372229 1.66063 1.74635 -0.240157</i>
                        <i>-0.186153 0.978317 0.0907873 -0.383989 0.0126122 -0.923252 -0.904378 -0.206728 0.373315 1.66009 1.75217 -0.241161</i>
                        <i>-0.181139 0.979502 0.0881112 -0.38406 0.0120251 -0.92323 -0.905365 -0.201073 0.37401 1.65979 1.75743 -0.24246</i>
                        <i>-0.17833 0.98012 0.0869698 -0.384208 0.0120109 -0.923168 -0.90586 -0.198043 0.374428 1.65978 1.76187 -0.244054</i>
                        <i>-0.176813 0.980419 0.0866938 -0.384412 0.0122971 -0.92308 -0.906071 -0.196538 0.374711 1.66009 1.76525 -0.24592</i>
                        <i>-0.176527 0.980427 0.08718 -0.384648 0.0128151 -0.922974 -0.906027 -0.196463 0.374857 1.66066 1.76733 -0.248013</i>
                        <i>-0.177418 0.980164 0.0883297 -0.38489 0.0134976 -0.922864 -0.90575 -0.19773 0.374861 1.66146 1.76787 -0.250285</i>
                        <i>-0.179427 0.97964 0.090067 -0.385116 0.014301 -0.922757 -0.905258 -0.200253 0.374709 1.66246 1.76682 -0.252695</i>
                        <i>-0.182475 0.978864 0.0923489 -0.385313 0.0152183 -0.92266 -0.904564 -0.203946 0.374392 1.66363 1.76444 -0.255146</i>
                        <i>-0.186481 0.977842 0.0951255 -0.385468 0.0162378 -0.922578 -0.903681 -0.208711 0.373899 1.6649 1.76095 -0.257512</i>
                        <i>-0.191355 0.976582 0.0983418 -0.385572 0.0173468 -0.922515 -0.902617 -0.214446 0.373224 1.66622 1.75655 -0.259668</i>
                        <i>-0.196995 0.975091 0.101937 -0.385619 0.0185309 -0.922472 -0.901383 -0.221031 0.372363 1.66754 1.75148 -0.26149</i>
                        <i>-0.203288 0.973381 0.105845 -0.385607 0.0197743 -0.922451 -0.899989 -0.228338 0.371323 1.66879 1.74594 -0.262853</i>
                        <i>-0.21011 0.971471 0.109993 -0.385539 0.0210583 -0.922451 -0.898451 -0.236222 0.370115 1.66991 1.74017 -0.263633</i>
                        <i>-0.217219 0.969417 0.114221 -0.385421 0.0223275 -0.922471 -0.896809 -0.244401 0.368784 1.67086 1.73439 -0.263706</i>
                        <i>-0.224319 0.967303 0.118349 -0.385271 0.0235225 -0.922504 -0.895124 -0.252531 0.367397 1.67158 1.72879 -0.262698</i>
                        <i>-0.231182 0.965198 0.122261 -0.385107 0.024618 -0.922544 -0.893447 -0.260359 0.366013 1.67206 1.72357 -0.260551</i>
                        <i>-0.237609 0.963173 0.125855 -0.384943 0.0255884 -0.922586 -0.89183 -0.267662 0.364687 1.67227 1.71893 -0.257605</i>
                        <i>-0.243404 0.961304 0.12903 -0.384792 0.026409 -0.922626 -0.890331 -0.27422 0.363474 1.6722 1.71506 -0.254205</i>
                        <i>-0.248372 0.959671 0.13169 -0.384662 0.0270569 -0.922661 -0.889014 -0.279819 0.362429 1.67183 1.71215 -0.250693</i>
                        <i>-0.252324 0.958356 0.133739 -0.38456 0.0275118 -0.92269 -0.887945 -0.284247 0.361604 1.67114 1.71041 -0.247411</i>
                        <i>-0.255075 0.957438 0.13509 -0.384488 0.0277577 -0.922712 -0.88719 -0.287301 0.361043 1.6701 1.71002 -0.244702</i>
                    </KeyFrames>
                </p>
            </i>
            <i>
                <p>
                    <Name><![CDATA[spine1]]></Name>
                    <Exclude>0</Exclude>
                    <Additive>0</Additive>
                    <IKPriority>0</IKPriority>
                    <IKRotLimits>-1e+010 -1e+010 -1e+010 1e+010 1e+010 1e+010</IKRotLimits>
                    <IKRotLimitOrder>0</IKRotLimitOrder>
                    <KeyFrames count="30">
                        <i>-0.563188 0.740153 0.367413 -0.508672 0.0398707 -0.860037 -0.651208 -0.671255 0.35404 1.6235 1.8852 -0.220013</i>
                        <i>-0.56588 0.736486 0.370633 -0.508439 0.042164 -0.860065 -0.649053 -0.675138 0.350598 1.62205 1.88594 -0.218102</i>
                        <i>-0.561794 0.740423 0.369001 -0.508011 0.0432731 -0.860263 -0.652926 -0.670747 0.351832 1.62145 1.88824 -0.217135</i>
                        <i>-0.55213 0.750408 0.363373 -0.507417 0.0433914 -0.860607 -0.661574 -0.659549 0.356812 1.62152 1.89182 -0.216965</i>
                        <i>-0.538042 0.764716 0.354569 -0.506711 0.0427248 -0.861057 -0.673613 -0.642949 0.364502 1.62209 1.89641 -0.217447</i>
                        <i>-0.520752 0.781574 0.343452 -0.505961 0.0414846 -0.861558 -0.687619 -0.622432 0.373843 1.623 1.90173 -0.218444</i>
                        <i>-0.501627 0.799265 0.330977 -0.505242 0.0398836 -0.862055 -0.702211 -0.599654 0.383816 1.62408 1.90752 -0.219825</i>
                        <i>-0.482214 0.816214 0.31822 -0.504627 0.0381332 -0.862495 -0.716115 -0.576489 0.393495 1.62522 1.91352 -0.221468</i>
                        <i>-0.463972 0.831254 0.306182 -0.504179 0.0364018 -0.862832 -0.728377 -0.5547 0.402211 1.62629 1.91951 -0.223266</i>
                        <i>-0.448611 0.843272 0.296041 -0.503956 0.034877 -0.863025 -0.73809 -0.536354 0.409326 1.62719 1.92524 -0.225113</i>
                        <i>-0.438168 0.8511 0.2892 -0.503961 0.0338141 -0.863065 -0.744334 -0.523913 0.414105 1.62781 1.93049 -0.226905</i>
                        <i>-0.4326 0.855185 0.285509 -0.504113 0.03311 -0.863003 -0.74748 -0.517264 0.416787 1.62831 1.93504 -0.228701</i>
                        <i>-0.430339 0.856903 0.283771 -0.504355 0.032464 -0.862886 -0.748622 -0.514454 0.418213 1.62885 1.93864 -0.230601</i>
                        <i>-0.431037 0.856555 0.283761 -0.504668 0.031845 -0.862726 -0.748009 -0.515072 0.41855 1.62942 1.94103 -0.23258</i>
                        <i>-0.434314 0.854409 0.28523 -0.505035 0.0312223 -0.862534 -0.745862 -0.518662 0.417946 1.62998 1.94196 -0.234611</i>
                        <i>-0.439764 0.850704 0.287941 -0.505441 0.0305888 -0.862319 -0.742386 -0.524754 0.416529 1.63054 1.94134 -0.236666</i>
                        <i>-0.446963 0.845661 0.291686 -0.505878 0.0299751 -0.862084 -0.737774 -0.532877 0.414404 1.63105 1.93941 -0.238656</i>
                        <i>-0.455498 0.839495 0.296258 -0.506338 0.0294094 -0.861833 -0.732218 -0.542571 0.411673 1.63149 1.93636 -0.240466</i>
                        <i>-0.464976 0.832417 0.301461 -0.506812 0.0289216 -0.861571 -0.725905 -0.553394 0.408431 1.63182 1.93239 -0.241982</i>
                        <i>-0.475029 0.824639 0.307113 -0.507292 0.0285442 -0.861301 -0.719029 -0.564939 0.404773 1.63199 1.92768 -0.243092</i>
                        <i>-0.485315 0.816377 0.313047 -0.50777 0.028312 -0.861027 -0.711786 -0.576825 0.400792 1.63198 1.92243 -0.243686</i>
                        <i>-0.495524 0.807851 0.319114 -0.508241 0.0282623 -0.860751 -0.704377 -0.588709 0.396579 1.63176 1.91684 -0.243655</i>
                        <i>-0.505519 0.799149 0.325287 -0.508652 0.0285008 -0.8605 -0.696939 -0.600457 0.392081 1.63132 1.91112 -0.242908</i>
                        <i>-0.515291 0.790272 0.33158 -0.508954 0.0291034 -0.860301 -0.689522 -0.612065 0.387215 1.63066 1.90549 -0.241106</i>
                        <i>-0.524782 0.781285 0.337931 -0.509149 0.0300541 -0.860154 -0.682182 -0.62345 0.382019 1.62982 1.90017 -0.238209</i>
                        <i>-0.533852 0.772331 0.34425 -0.509242 0.0313509 -0.860052 -0.675037 -0.634447 0.376566 1.62882 1.89534 -0.234582</i>
                        <i>-0.542365 0.763562 0.350447 -0.509238 0.0329897 -0.859993 -0.66822 -0.644891 0.370942 1.62766 1.89123 -0.230587</i>
                        <i>-0.550184 0.75515 0.356435 -0.509141 0.0349633 -0.859973 -0.661871 -0.654619 0.365242 1.62638 1.88803 -0.226587</i>
                        <i>-0.557173 0.74728 0.362121 -0.508953 0.0372615 -0.859987 -0.656144 -0.663464 0.359569 1.62499 1.88595 -0.222942</i>
                        <i>-0.563188 0.740153 0.367413 -0.508672 0.0398707 -0.860037 -0.651208 -0.671255 0.35404 1.6235 1.8852 -0.220013</i>
                    </KeyFrames>
                </p>
            </i>
            <i>
                <p>
                    <Name><![CDATA[spine2]]></Name>
                    <Exclude>0</Exclude>
                    <Additive>0</Additive>
                    <IKPriority>0</IKPriority>
                    <IKRotLimits>-1e+010 -1e+010 -1e+010 1e+010 1e+010 1e+010</IKRotLimits>
                    <IKRotLimitOrder>0</IKRotLimitOrder>
                    <KeyFrames count="30">
                        <i>-0.58472 0.625994 0.515979 -0.641332 0.0327972 -0.766562 -0.496786 -0.779138 0.382293 1.5287 2.00947 -0.158026</i>
                        <i>-0.593107 0.612037 0.5231 -0.641701 0.0330442 -0.766243 -0.486255 -0.790138 0.373146 1.52704 2.00928 -0.155731</i>
                        <i>-0.595813 0.606531 0.526428 -0.641947 0.0342191 -0.765985 -0.482608 -0.794323 0.368973 1.52745 2.01182 -0.155254</i>
                        <i>-0.59388 0.60823 0.526653 -0.642084 0.0361395 -0.765782 -0.484804 -0.792938 0.369072 1.52953 2.01657 -0.156279</i>
                        <i>-0.588174 0.615726 0.524341 -0.642117 0.038615 -0.765634 -0.491668 -0.787014 0.372656 1.53285 2.02298 -0.158496</i>
                        <i>-0.579505 0.627514 0.52 -0.642052 0.0414469 -0.76554 -0.501939 -0.777502 0.378878 1.53702 2.03052 -0.1616</i>
                        <i>-0.568714 0.642035 0.514154 -0.641902 0.0444296 -0.765498 -0.514321 -0.765387 0.386856 1.54164 2.03866 -0.165284</i>
                        <i>-0.556739 0.657729 0.50738 -0.641691 0.0473527 -0.7655 -0.527518 -0.751764 0.395696 1.54629 2.04693 -0.169234</i>
                        <i>-0.544376 0.673428 0.50015 -0.641443 0.0500378 -0.765537 -0.54056 -0.737558 0.404726 1.5506 2.05494 -0.17317</i>
                        <i>-0.532679 0.687819 0.493111 -0.641204 0.0522876 -0.765587 -0.552369 -0.723997 0.413179 1.55418 2.06231 -0.176787</i>
                        <i>-0.523377 0.69895 0.487386 -0.641015 0.0538901 -0.765634 -0.561405 -0.713137 0.419833 1.55659 2.06868 -0.17975</i>
                        <i>-0.516733 0.706848 0.483066 -0.640836 0.0548216 -0.765718 -0.567729 -0.705238 0.424646 1.55799 2.0739 -0.182144</i>
                        <i>-0.511647 0.713037 0.47937 -0.640626 0.0551991 -0.765866 -0.572552 -0.69895 0.428548 1.55883 2.07792 -0.18428</i>
                        <i>-0.508053 0.717659 0.476286 -0.640403 0.0550497 -0.766064 -0.575992 -0.694215 0.431623 1.55915 2.0805 -0.186175</i>
                        <i>-0.505861 0.720856 0.473783 -0.64018 0.0544026 -0.766296 -0.578165 -0.690946 0.433958 1.55901 2.08141 -0.18785</i>
                        <i>-0.504956 0.722762 0.471842 -0.639972 0.0533104 -0.766547 -0.579185 -0.689038 0.435628 1.55845 2.08059 -0.189318</i>
                        <i>-0.505197 0.723495 0.470459 -0.639797 0.0518614 -0.766792 -0.579169 -0.688379 0.436689 1.55754 2.07829 -0.190531</i>
                        <i>-0.506439 0.723167 0.469626 -0.639666 0.0501384 -0.767016 -0.578227 -0.688851 0.437193 1.5563 2.07472 -0.191411</i>
                        <i>-0.508542 0.721882 0.469331 -0.639592 0.0482231 -0.767201 -0.576461 -0.690334 0.437187 1.55478 2.07007 -0.191883</i>
                        <i>-0.511367 0.719735 0.469559 -0.639582 0.0461949 -0.767334 -0.573968 -0.692711 0.436706 1.553 2.06455 -0.191871</i>
                        <i>-0.514784 0.716809 0.4703 -0.639642 0.0441311 -0.767405 -0.570838 -0.695871 0.435783 1.551 2.05837 -0.191301</i>
                        <i>-0.51867 0.713182 0.471543 -0.639779 0.0421068 -0.767405 -0.567155 -0.699713 0.434439 1.54883 2.05175 -0.190098</i>
                        <i>-0.523389 0.708344 0.473617 -0.639967 0.0402031 -0.76735 -0.562588 -0.704722 0.432275 1.5465 2.0449 -0.188182</i>
                        <i>-0.529323 0.701756 0.476818 -0.640167 0.0384662 -0.767272 -0.556779 -0.711378 0.42888 1.54404 2.03804 -0.185214</i>
                        <i>-0.536402 0.693417 0.481088 -0.640364 0.0369049 -0.767184 -0.549733 -0.719591 0.424244 1.54147 2.03139 -0.181164</i>
                        <i>-0.544507 0.68335 0.486358 -0.640555 0.03555 -0.767089 -0.541481 -0.729224 0.418366 1.53884 2.02519 -0.176414</i>
                        <i>-0.553517 0.671571 0.492556 -0.640739 0.0344319 -0.766986 -0.532045 -0.74014 0.411243 1.53621 2.01966 -0.171345</i>
                        <i>-0.563307 0.658085 0.49961 -0.640924 0.0335806 -0.76687 -0.521442 -0.752195 0.402866 1.53361 2.01504 -0.166337</i>
                        <i>-0.57375 0.642894 0.507443 -0.641117 0.0330259 -0.766732 -0.509686 -0.765243 0.393222 1.53109 2.01156 -0.161771</i>
                        <i>-0.58472 0.625994 0.515979 -0.641332 0.0327972 -0.766562 -0.496786 -0.779138 0.382293 1.5287 2.00947 -0.158026</i>
                    </KeyFrames>
                </p>
            </i>
            <i>
                <p>
                    <Name><![CDATA[head]]></Name>
                    <Exclude>0</Exclude>
                    <Additive>0</Additive>
                    <IKPriority>0</IKPriority>
                    <IKRotLimits>-1e+010 -1e+010 -1e+010 1e+010 1e+010 1e+010</IKRotLimits>
                    <IKRotLimitOrder>0</IKRotLimitOrder>
                    <KeyFrames count="30">
                        <i>-0.0375942 0.987775 0.151286 0.0552984 0.153218 -0.986644 -0.997762 -0.0287262 -0.0603825 1.39253 2.18892 -0.0233248</i>
                        <i>-0.0568003 0.987723 0.145525 0.0556844 0.148667 -0.987318 -0.996831 -0.0479765 -0.0634451 1.38802 2.18454 -0.0188457</i>
                        <i>-0.0705955 0.98487 0.158266 0.057877 0.162438 -0.98502 -0.995824 -0.060378 -0.0684688 1.38721 2.18484 -0.0172659</i>
                        <i>-0.0793168 0.980123 0.181845 0.060655 0.186827 -0.980519 -0.995002 -0.0667418 -0.0742678 1.38937 2.18904 -0.0180704</i>
                        <i>-0.0832708 0.974447 0.20861 0.0635487 0.214104 -0.974742 -0.994499 -0.0679106 -0.0797535 1.39385 2.19629 -0.0207844</i>
                        <i>-0.0825673 0.969432 0.231052 0.066397 0.23668 -0.969316 -0.994371 -0.0646927 -0.0839093 1.40001 2.20572 -0.0249506</i>
                        <i>-0.0770909 0.967251 0.241834 0.0689741 0.247148 -0.96652 -0.994635 -0.0578297 -0.0857681 1.4072 2.21649 -0.0301108</i>
                        <i>-0.068275 0.967621 0.242999 0.0711177 0.247668 -0.966231 -0.995129 -0.048688 -0.0857245 1.41478 2.22778 -0.0357942</i>
                        <i>-0.0580759 0.968566 0.241881 0.0729145 0.245758 -0.966585 -0.995646 -0.0384987 -0.0848952 1.42218 2.23898 -0.0416013</i>
                        <i>-0.0474457 0.969752 0.239437 0.0741727 0.242465 -0.967321 -0.996116 -0.0281356 -0.0834331 1.42876 2.24945 -0.0470696</i>
                        <i>-0.0383205 0.970658 0.237389 0.0745758 0.239679 -0.967984 -0.996479 -0.0193902 -0.0815723 1.43364 2.25839 -0.0515688</i>
                        <i>-0.0309198 0.971196 0.236267 0.0742619 0.237959 -0.968432 -0.996759 -0.0123981 -0.0794806 1.43691 2.26564 -0.0551496</i>
                        <i>-0.0239275 0.971594 0.235442 0.0736665 0.236583 -0.968815 -0.996996 -0.00583721 -0.0772347 1.43932 2.27149 -0.0583295</i>
                        <i>-0.0174056 0.971775 0.235267 0.072929 0.235909 -0.969035 -0.997185 0.000291129 -0.0749767 1.44092 2.27569 -0.0611349</i>
                        <i>-0.0114185 0.971663 0.236093 0.0721982 0.236293 -0.968996 -0.997325 0.00598092 -0.0728504 1.44175 2.27802 -0.0635936</i>
                        <i>-0.00602332 0.971175 0.23829 0.0716256 0.238101 -0.968596 -0.997413 0.0112335 -0.0709952 1.44189 2.27841 -0.0657254</i>
                        <i>-0.00126398 0.970211 0.242259 0.0713612 0.241729 -0.967716 -0.99745 0.0160647 -0.069541 1.44142 2.2771 -0.0674787</i>
                        <i>0.00280663 0.968656 0.248389 0.0715561 0.247558 -0.966227 -0.997433 0.0204855 -0.0686185 1.44038 2.2743 -0.0687759</i>
                        <i>0.00642337 0.968202 0.250088 0.071819 0.249001 -0.965837 -0.997397 0.024165 -0.0679358 1.43882 2.27019 -0.0695396</i>
                        <i>0.00978335 0.970143 0.242337 0.0716266 0.241046 -0.967867 -0.997384 0.0268268 -0.0671298 1.43681 2.26499 -0.069693</i>
                        <i>0.0127523 0.973614 0.227845 0.0709855 0.226407 -0.971443 -0.997396 0.0285618 -0.0662252 1.43439 2.25889 -0.0691591</i>
                        <i>0.0151845 0.977729 0.209322 0.0699624 0.207794 -0.975667 -0.997434 0.0294596 -0.065249 1.43162 2.25209 -0.0678615</i>
                        <i>0.0160575 0.981608 0.19023 0.0685911 0.188725 -0.979632 -0.997516 0.0287786 -0.0642991 1.42837 2.24466 -0.0655969</i>
                        <i>0.0144337 0.984634 0.174036 0.0669916 0.172711 -0.982692 -0.997649 0.0258429 -0.0634693 1.42453 2.23664 -0.0619093</i>
                        <i>0.0103173 0.986491 0.163492 0.0653452 0.162486 -0.984545 -0.997809 0.0208413 -0.0627861 1.42012 2.22827 -0.0567752</i>
                        <i>0.00527888 0.986901 0.161241 0.0636482 0.160585 -0.984968 -0.997958 0.0154623 -0.0619667 1.41523 2.21978 -0.0505892</i>
                        <i>-0.00026211 0.986394 0.164399 0.0616821 0.164102 -0.984513 -0.998096 0.00988238 -0.0608858 1.40995 2.21138 -0.0437487</i>
                        <i>-0.00804401 0.985848 0.167447 0.0593785 0.167628 -0.98406 -0.998203 0.00202697 -0.0598866 1.40434 2.2033 -0.0366545</i>
                        <i>-0.0198705 0.98611 0.164904 0.056977 0.165785 -0.984515 -0.998178 -0.0101671 -0.0594798 1.39851 2.19574 -0.0297105</i>
                        <i>-0.0375942 0.987775 0.151286 0.0552984 0.153218 -0.986644 -0.997762 -0.0287262 -0.0603825 1.39253 2.18892 -0.0233248</i>
                    </KeyFrames>
                </p>
            </i>
            <i>
                <p>
                    <Name><![CDATA[head_prop]]></Name>
                    <Exclude>0</Exclude>
                    <Additive>0</Additive>
                    <IKPriority>0</IKPriority>
                    <IKRotLimits>-1e+010 -1e+010 -1e+010 1e+010 1e+010 1e+010</IKRotLimits>
                    <IKRotLimitOrder>0</IKRotLimitOrder>
                    <KeyFrames count="30">
                        <i>0.997762 0.0287262 0.0603825 -0.0375942 0.987775 0.151286 -0.0552984 -0.153218 0.986644 1.38028 2.51084 0.0259808</i>
                        <i>0.996831 0.0479765 0.0634451 -0.0568003 0.987723 0.145525 -0.0556844 -0.148667 0.987318 1.36951 2.50645 0.0285821</i>
                        <i>0.995824 0.060378 0.0684688 -0.0705955 0.98487 0.158266 -0.057877 -0.162438 0.98502 1.3642 2.50582 0.0343143</i>
                        <i>0.995002 0.0667418 0.0742678 -0.0793168 0.980123 0.181845 -0.060655 -0.186827 0.980519 1.36352 2.50847 0.0411945</i>
                        <i>0.994499 0.0679106 0.0797535 -0.0832708 0.974447 0.20861 -0.0635487 -0.214104 0.974742 1.36671 2.51387 0.0472037</i>
                        <i>0.994371 0.0646927 0.0839093 -0.0825673 0.969432 0.231052 -0.066397 -0.23668 0.969316 1.3731 2.52167 0.0503513</i>
                        <i>0.994635 0.0578297 0.0857681 -0.0770909 0.967251 0.241834 -0.0689741 -0.247148 0.96652 1.38208 2.53172 0.048705</i>
                        <i>0.995129 0.048688 0.0857245 -0.068275 0.967621 0.242999 -0.0711177 -0.247668 0.966231 1.39253 2.54314 0.0434013</i>
                        <i>0.995646 0.0384987 0.0848952 -0.0580759 0.968566 0.241881 -0.0729145 -0.245758 0.966585 1.40325 2.55464 0.03723</i>
                        <i>0.996116 0.0281356 0.0834331 -0.0474457 0.969752 0.239437 -0.0741727 -0.242465 0.967321 1.4133 2.5655 0.030965</i>
                        <i>0.996479 0.0193902 0.0815723 -0.0383205 0.970658 0.237389 -0.0745758 -0.239679 0.967984 1.42115 2.57473 0.0257985</i>
                        <i>0.996759 0.0123981 0.0794806 -0.0309198 0.971196 0.236267 -0.0742619 -0.237959 0.968432 1.42684 2.58216 0.0218519</i>
                        <i>0.996996 0.00583721 0.0772347 -0.0239275 0.971594 0.235442 -0.0736665 -0.236583 0.968815 1.43152 2.58814 0.0184031</i>
                        <i>0.997185 -0.000291129 0.0749767 -0.0174056 0.971775 0.235267 -0.072929 -0.235909 0.969035 1.43524 2.5924 0.0155406</i>
                        <i>0.997325 -0.00598092 0.0728504 -0.0114185 0.971663 0.236093 -0.0721982 -0.236293 0.968996 1.43803 2.59469 0.0133511</i>
                        <i>0.997413 -0.0112335 0.0709952 -0.00602332 0.971175 0.23829 -0.0716256 -0.238101 0.968596 1.43993 2.59492 0.0119355</i>
                        <i>0.99745 -0.0160647 0.069541 -0.00126398 0.970211 0.242259 -0.0713612 -0.241729 0.967716 1.441 2.5933 0.0114755</i>
                        <i>0.997433 -0.0204855 0.0686185 0.00280663 0.968656 0.248389 -0.0715561 -0.247558 0.966227 1.44129 2.58999 0.0121762</i>
                        <i>0.997397 -0.024165 0.0679358 0.00642337 0.968202 0.250088 -0.071819 -0.249001 0.965837 1.44092 2.58574 0.0119663</i>
                        <i>0.997384 -0.0268268 0.0671298 0.00978335 0.970143 0.242337 -0.0716266 -0.241046 0.967867 1.44 2.58117 0.00928685</i>
                        <i>0.997396 -0.0285618 0.0662252 0.0127523 0.973614 0.227845 -0.0709855 -0.226407 0.971443 1.43855 2.5762 0.00509772</i>
                        <i>0.997434 -0.0294596 0.065249 0.0151845 0.977729 0.209322 -0.0699624 -0.207794 0.975667 1.43657 2.57074 0.000358221</i>
                        <i>0.997516 -0.0287786 0.0642991 0.0160575 0.981608 0.19023 -0.0685911 -0.188725 0.979632 1.43361 2.56457 -0.00359927</i>
                        <i>0.997649 -0.0258429 0.0634693 0.0144337 0.984634 0.174036 -0.0669916 -0.172711 0.982692 1.42923 2.55754 -0.00518945</i>
                        <i>0.997809 -0.0208413 0.0627861 0.0103173 0.986491 0.163492 -0.0653452 -0.162486 0.984545 1.42348 2.54978 -0.00349158</i>
                        <i>0.997958 -0.0154623 0.0619667 0.00527888 0.986901 0.161241 -0.0636482 -0.160585 0.984968 1.41695 2.54142 0.00196075</i>
                        <i>0.998096 -0.00988238 0.0608858 -0.00026211 0.986394 0.164399 -0.0616821 -0.164102 0.984513 1.40986 2.53286 0.00983044</i>
                        <i>0.998203 -0.00202697 0.0598866 -0.00804401 0.985848 0.167447 -0.0593785 -0.167628 0.98406 1.40172 2.52459 0.0179182</i>
                        <i>0.998178 0.0101671 0.0594798 -0.0198705 0.98611 0.164904 -0.056977 -0.165785 0.984515 1.39203 2.51712 0.0240332</i>
                        <i>0.997762 0.0287262 0.0603825 -0.0375942 0.987775 0.151286 -0.0552984 -0.153218 0.986644 1.38028 2.51084 0.0259808</i>
                    </KeyFrames>
                </p>
            </i>
            <i>
                <p>
                    <Name><![CDATA[l_clav]]></Name>
                    <Exclude>0</Exclude>
                    <Additive>0</Additive>
                    <IKPriority>0</IKPriority>
                    <IKRotLimits>-1e+010 -1e+010 -1e+010 1e+010 1e+010 1e+010</IKRotLimits>
                    <IKRotLimitOrder>0</IKRotLimitOrder>
                    <KeyFrames count="30">
                        <i>0.642289 0.152869 0.751063 -0.516119 0.810706 0.276363 -0.566645 -0.565143 0.599606 1.52194 2.01452 -0.0488833</i>
                        <i>0.651499 0.107638 0.750975 -0.506169 0.799019 0.324596 -0.565104 -0.591594 0.575043 1.52083 2.01312 -0.0469161</i>
                        <i>0.657199 0.0623075 0.751137 -0.490993 0.791504 0.363933 -0.571852 -0.607979 0.550769 1.52195 2.01518 -0.0468607</i>
                        <i>0.659175 0.0199553 0.751725 -0.473078 0.788054 0.393914 -0.584539 -0.615283 0.528906 1.52482 2.02007 -0.0483676</i>
                        <i>0.657737 -0.0160698 0.753076 -0.45488 0.788411 0.414116 -0.600388 -0.614939 0.511258 1.52902 2.0271 -0.0511082</i>
                        <i>0.653813 -0.0423075 0.755472 -0.438787 0.792212 0.424107 -0.616437 -0.608778 0.499394 1.53409 2.03558 -0.0547587</i>
                        <i>0.648856 -0.0553068 0.758898 -0.42708 0.79897 0.423379 -0.629753 -0.598823 0.494796 1.53961 2.04489 -0.058989</i>
                        <i>0.639861 -0.0593053 0.766199 -0.420134 0.807836 0.413386 -0.643479 -0.586416 0.491986 1.54512 2.0544 -0.0634567</i>
                        <i>0.6239 -0.0605767 0.779153 -0.416398 0.817918 0.397017 -0.661333 -0.572137 0.485075 1.55018 2.06365 -0.067845</i>
                        <i>0.602824 -0.0588584 0.7957 -0.415516 0.828207 0.376059 -0.681138 -0.557323 0.474806 1.55435 2.07216 -0.0718044</i>
                        <i>0.578534 -0.0542405 0.813853 -0.418055 0.837046 0.352964 -0.700377 -0.544437 0.461584 1.55709 2.07942 -0.0749538</i>
                        <i>0.552928 -0.0472564 0.831888 -0.423188 0.844109 0.329229 -0.717763 -0.534085 0.446733 1.55855 2.0853 -0.0773808</i>
                        <i>0.528036 -0.0384431 0.848351 -0.428784 0.850215 0.305414 -0.733023 -0.525029 0.432461 1.55924 2.08986 -0.0794335</i>
                        <i>0.506073 -0.0283986 0.862023 -0.433959 0.855349 0.282946 -0.745365 -0.517274 0.420545 1.55924 2.0929 -0.0811448</i>
                        <i>0.489337 -0.017786 0.871914 -0.437879 0.859619 0.263282 -0.754196 -0.510626 0.412855 1.55862 2.09418 -0.0825488</i>
                        <i>0.477814 -0.00653002 0.878437 -0.441276 0.862869 0.246441 -0.759585 -0.505386 0.409409 1.55745 2.09365 -0.0836763</i>
                        <i>0.469774 0.00599753 0.882766 -0.445437 0.864955 0.231168 -0.762167 -0.501814 0.409005 1.55584 2.09155 -0.084494</i>
                        <i>0.464928 0.0199539 0.885124 -0.450365 0.866063 0.217038 -0.762243 -0.499536 0.411643 1.55385 2.08808 -0.0849418</i>
                        <i>0.462948 0.035524 0.885673 -0.456042 0.86635 0.203628 -0.760069 -0.498173 0.417275 1.55153 2.08345 -0.0849598</i>
                        <i>0.46347 0.0529192 0.884531 -0.46244 0.865944 0.190499 -0.755874 -0.497333 0.425811 1.54897 2.07787 -0.0844888</i>
                        <i>0.466086 0.0723742 0.881774 -0.469527 0.864956 0.177187 -0.749872 -0.496601 0.437125 1.54622 2.07153 -0.0834695</i>
                        <i>0.475394 0.0951996 0.874607 -0.476491 0.863557 0.165001 -0.739565 -0.495183 0.455891 1.54336 2.06466 -0.0818426</i>
                        <i>0.49393 0.120482 0.861114 -0.483191 0.86139 0.156635 -0.722883 -0.493449 0.483682 1.54044 2.05741 -0.0795483</i>
                        <i>0.51823 0.145418 0.842788 -0.490136 0.858053 0.153333 -0.70086 -0.492542 0.515944 1.53748 2.04996 -0.0762637</i>
                        <i>0.5452 0.167585 0.821384 -0.497018 0.853651 0.155732 -0.675078 -0.493148 0.548703 1.53454 2.04255 -0.0719636</i>
                        <i>0.57214 0.184658 0.799098 -0.503497 0.848194 0.164491 -0.647416 -0.496455 0.57826 1.53165 2.03542 -0.0670387</i>
                        <i>0.596839 0.194338 0.77847 -0.509178 0.841566 0.180288 -0.620098 -0.503983 0.601232 1.52889 2.0288 -0.0618787</i>
                        <i>0.617593 0.194202 0.762145 -0.513587 0.833483 0.203798 -0.595657 -0.517292 0.614493 1.52632 2.02294 -0.0568734</i>
                        <i>0.633108 0.181491 0.752486 -0.516141 0.823449 0.235651 -0.576865 -0.537581 0.615006 1.52398 2.0181 -0.0524119</i>
                        <i>0.642289 0.152869 0.751063 -0.516119 0.810706 0.276363 -0.566645 -0.565143 0.599606 1.52194 2.01452 -0.0488833</i>
                    </KeyFrames>
                </p>
            </i>
            <i>
                <p>
                    <Name><![CDATA[l_shoulder]]></Name>
                    <Exclude>0</Exclude>
                    <Additive>0</Additive>
                    <IKPriority>0</IKPriority>
                    <IKRotLimits>-1e+010 -1e+010 -1e+010 1e+010 1e+010 1e+010</IKRotLimits>
                    <IKRotLimitOrder>0</IKRotLimitOrder>
                    <KeyFrames count="30">
                        <i>0.361609 -0.874855 0.322287 0.156613 0.397765 0.904022 -0.919082 -0.276428 0.280849 1.64884 2.04472 0.0995106</i>
                        <i>0.385646 -0.864367 0.322719 0.148763 0.40345 0.902828 -0.910575 -0.300163 0.284175 1.64955 2.03438 0.10146</i>
                        <i>0.398605 -0.857135 0.32624 0.142863 0.40941 0.901096 -0.905927 -0.312574 0.285646 1.6518 2.02749 0.101548</i>
                        <i>0.402423 -0.853243 0.331711 0.139037 0.415108 0.899085 -0.904834 -0.315692 0.285681 1.65506 2.02402 0.100157</i>
                        <i>0.398271 -0.852682 0.338104 0.137384 0.419893 0.897115 -0.906921 -0.310844 0.284376 1.65897 2.02392 0.0976833</i>
                        <i>0.386671 -0.855425 0.344577 0.137938 0.423083 0.89553 -0.911844 -0.298745 0.281589 1.66327 2.02723 0.0945064</i>
                        <i>0.367518 -0.861416 0.350562 0.140611 0.424075 0.894645 -0.919325 -0.279505 0.27698 1.66781 2.03396 0.0909529</i>
                        <i>0.346589 -0.868543 0.354272 0.145018 0.422755 0.894566 -0.926739 -0.258671 0.272476 1.67154 2.04268 0.0879277</i>
                        <i>0.330492 -0.874713 0.354473 0.150545 0.419626 0.895126 -0.931725 -0.242468 0.270366 1.67345 2.05168 0.0860988</i>
                        <i>0.320198 -0.879689 0.351596 0.156542 0.415165 0.896176 -0.934327 -0.231915 0.270644 1.67345 2.06054 0.0854088</i>
                        <i>0.317111 -0.883032 0.345969 0.162156 0.409908 0.897597 -0.934423 -0.228537 0.273175 1.67139 2.0687 0.0858459</i>
                        <i>0.319897 -0.884871 0.338628 0.167147 0.404511 0.899129 -0.932592 -0.231028 0.277305 1.66779 2.07596 0.0869823</i>
                        <i>0.325323 -0.885796 0.330954 0.171732 0.399518 0.900496 -0.929878 -0.236117 0.282092 1.66357 2.08227 0.0881824</i>
                        <i>0.332118 -0.885975 0.323645 0.175761 0.39524 0.901606 -0.926718 -0.242555 0.286986 1.65923 2.08729 0.0891723</i>
                        <i>0.339136 -0.88561 0.317304 0.179128 0.391913 0.902395 -0.923526 -0.249196 0.291549 1.6553 2.09066 0.0897225</i>
                        <i>0.346065 -0.884865 0.311854 0.181898 0.389365 0.902944 -0.920409 -0.255752 0.295701 1.65186 2.09236 0.0898838</i>
                        <i>0.353075 -0.883854 0.306822 0.184217 0.387199 0.903405 -0.91728 -0.262448 0.299531 1.64866 2.09273 0.0899216</i>
                        <i>0.359806 -0.882729 0.302207 0.186116 0.385294 0.90383 -0.914276 -0.268958 0.302921 1.64571 2.09202 0.0899396</i>
                        <i>0.365879 -0.881648 0.298043 0.187617 0.383548 0.904263 -0.911555 -0.274933 0.305744 1.643 2.09047 0.0900301</i>
                        <i>0.370893 -0.880779 0.294393 0.188731 0.381875 0.904739 -0.909296 -0.28 0.307865 1.64054 2.08832 0.0902754</i>
                        <i>0.374419 -0.880299 0.291349 0.189461 0.380204 0.90529 -0.907697 -0.283759 0.309138 1.63831 2.08583 0.0907501</i>
                        <i>0.372966 -0.881201 0.290484 0.189667 0.378871 0.905805 -0.908253 -0.282739 0.30844 1.63729 2.08346 0.0909609</i>
                        <i>0.365282 -0.88364 0.29283 0.188992 0.378412 0.906138 -0.91151 -0.275653 0.305228 1.63803 2.08121 0.0905892</i>
                        <i>0.354206 -0.886553 0.297592 0.187256 0.379017 0.906246 -0.916228 -0.265272 0.300262 1.63987 2.07869 0.090253</i>
                        <i>0.342392 -0.889069 0.303849 0.184486 0.380718 0.906101 -0.921267 -0.254185 0.294376 1.64226 2.07566 0.0903242</i>
                        <i>0.332451 -0.890518 0.310572 0.180724 0.383352 0.905748 -0.925643 -0.244989 0.288384 1.6447 2.0719 0.0908458</i>
                        <i>0.327045 -0.890371 0.31667 0.176028 0.38663 0.90528 -0.928469 -0.240325 0.283176 1.64682 2.06719 0.0919302</i>
                        <i>0.328739 -0.888154 0.321111 0.170458 0.390224 0.904803 -0.92891 -0.242708 0.279675 1.64834 2.06131 0.09371</i>
                        <i>0.33974 -0.883281 0.323097 0.164026 0.39391 0.904395 -0.926106 -0.254263 0.278708 1.64907 2.05396 0.0962632</i>
                        <i>0.361609 -0.874855 0.322287 0.156613 0.397765 0.904022 -0.919082 -0.276428 0.280849 1.64884 2.04472 0.0995106</i>
                    </KeyFrames>
                </p>
            </i>
            <i>
                <p>
                    <Name><![CDATA[l_elbow]]></Name>
                    <Exclude>0</Exclude>
                    <Additive>0</Additive>
                    <IKPriority>0</IKPriority>
                    <IKRotLimits>-1e+010 -1e+010 -1e+010 1e+010 1e+010 1e+010</IKRotLimits>
                    <IKRotLimitOrder>0</IKRotLimitOrder>
                    <KeyFrames count="30">
                        <i>-0.511751 -0.751119 0.41705 0.154319 0.397171 0.904677 -0.845161 0.527328 -0.0873411 1.76646 1.76015 0.204343</i>
                        <i>-0.538057 -0.733975 0.414458 0.146488 0.402795 0.903492 -0.830082 0.546844 -0.109208 1.77499 1.75322 0.206433</i>
                        <i>-0.558065 -0.719618 0.413175 0.140598 0.408722 0.901764 -0.817799 0.561335 -0.126916 1.78145 1.74869 0.207666</i>
                        <i>-0.572143 -0.708426 0.413262 0.136775 0.414411 0.899753 -0.808669 0.571311 -0.140207 1.78596 1.74648 0.208055</i>
                        <i>-0.580308 -0.700943 0.414634 0.135118 0.419207 0.89778 -0.80311 0.577013 -0.148559 1.78852 1.74657 0.207661</i>
                        <i>-0.582322 -0.697819 0.417074 0.13566 0.422428 0.896187 -0.80156 0.578449 -0.151323 1.78905 1.74898 0.206589</i>
                        <i>-0.577611 -0.699824 0.420252 0.138316 0.423469 0.895289 -0.804509 0.575257 -0.147803 1.78736 1.75376 0.204983</i>
