<?xml version="1.0" encoding="ISO-8859-1" ?>
<Animl Version="1">
    <ModellingPackage><![CDATA[Maya.2010]]></ModellingPackage>
    <SrcFile><![CDATA[anims\turrets\mortar\red\~src\mortar_m1938\mortar_m1938_aim_low_crewman_b.mb]]></SrcFile>
    <FramesPerSecond>30</FramesPerSecond>
    <TotalFrames>30</TotalFrames>
    <Skeleton>
        <RefFrame>
            <Name><![CDATA[soldier_ref_frame]]></Name>
            <Exclude>0</Exclude>
            <Additive>0</Additive>
            <IKPriority>0</IKPriority>
            <IKRotLimits>-1e+010 -1e+010 -1e+010 1e+010 1e+010 1e+010</IKRotLimits>
            <IKRotLimitOrder>0</IKRotLimitOrder>
            <KeyFrames count="30">
                <i>1 0 0 0 1 0 0 0 1 1.58 0.92 -1.75</i>
                <i>1 0 0 0 1 0 0 0 1 1.58 0.92 -1.75</i>
                <i>1 0 0 0 1 0 0 0 1 1.58 0.92 -1.75</i>
                <i>1 0 0 0 1 0 0 0 1 1.58 0.92 -1.75</i>
                <i>1 0 0 0 1 0 0 0 1 1.58 0.92 -1.75</i>
                <i>1 0 0 0 1 0 0 0 1 1.58 0.92 -1.75</i>
                <i>1 0 0 0 1 0 0 0 1 1.58 0.92 -1.75</i>
                <i>1 0 0 0 1 0 0 0 1 1.58 0.92 -1.75</i>
                <i>1 0 0 0 1 0 0 0 1 1.58 0.92 -1.75</i>
                <i>1 0 0 0 1 0 0 0 1 1.58 0.92 -1.75</i>
                <i>1 0 0 0 1 0 0 0 1 1.58 0.92 -1.75</i>
                <i>1 0 0 0 1 0 0 0 1 1.58 0.92 -1.75</i>
                <i>1 0 0 0 1 0 0 0 1 1.58 0.92 -1.75</i>
                <i>1 0 0 0 1 0 0 0 1 1.58 0.92 -1.75</i>
                <i>1 0 0 0 1 0 0 0 1 1.58 0.92 -1.75</i>
                <i>1 0 0 0 1 0 0 0 1 1.58 0.92 -1.75</i>
                <i>1 0 0 0 1 0 0 0 1 1.58 0.92 -1.75</i>
                <i>1 0 0 0 1 0 0 0 1 1.58 0.92 -1.75</i>
                <i>1 0 0 0 1 0 0 0 1 1.58 0.92 -1.75</i>
                <i>1 0 0 0 1 0 0 0 1 1.58 0.92 -1.75</i>
                <i>1 0 0 0 1 0 0 0 1 1.58 0.92 -1.75</i>
                <i>1 0 0 0 1 0 0 0 1 1.58 0.92 -1.75</i>
                <i>1 0 0 0 1 0 0 0 1 1.58 0.92 -1.75</i>
                <i>1 0 0 0 1 0 0 0 1 1.58 0.92 -1.75</i>
                <i>1 0 0 0 1 0 0 0 1 1.58 0.92 -1.75</i>
                <i>1 0 0 0 1 0 0 0 1 1.58 0.92 -1.75</i>
                <i>1 0 0 0 1 0 0 0 1 1.58 0.92 -1.75</i>
                <i>1 0 0 0 1 0 0 0 1 1.58 0.92 -1.75</i>
                <i>1 0 0 0 1 0 0 0 1 1.58 0.92 -1.75</i>
                <i>1 0 0 0 1 0 0 0 1 1.58 0.92 -1.75</i>
            </KeyFrames>
        </RefFrame>
        <Bones count="23">
            <i>
                <p>
                    <Name><![CDATA[pelvis]]></Name>
                    <Exclude>0</Exclude>
                    <Additive>0</Additive>
                    <IKPriority>0</IKPriority>
                    <IKRotLimits>-1e+010 -1e+010 -1e+010 1e+010 1e+010 1e+010</IKRotLimits>
                    <IKRotLimitOrder>2</IKRotLimitOrder>
                    <KeyFrames count="30">
                        <i>1 0 0 0 1 0 0 0 1 1.58187 1.49222 -1.8534</i>
                        <i>1 0 0 0 1 0 0 0 1 1.58187 1.49222 -1.8534</i>
                        <i>1 0 0 0 1 0 0 0 1 1.58187 1.49222 -1.8534</i>
                        <i>1 0 0 0 1 0 0 0 1 1.58187 1.49222 -1.8534</i>
                        <i>1 0 0 0 1 0 0 0 1 1.58187 1.49222 -1.8534</i>
                        <i>1 0 0 0 1 0 0 0 1 1.58187 1.49222 -1.8534</i>
                        <i>1 0 0 0 1 0 0 0 1 1.58187 1.49222 -1.8534</i>
                        <i>1 0 0 0 1 0 0 0 1 1.58187 1.49222 -1.8534</i>
                        <i>1 0 0 0 1 0 0 0 1 1.58187 1.49222 -1.8534</i>
                        <i>1 0 0 0 1 0 0 0 1 1.58187 1.49222 -1.8534</i>
                        <i>1 0 0 0 1 0 0 0 1 1.58187 1.49222 -1.8534</i>
                        <i>1 0 0 0 1 0 0 0 1 1.58187 1.49222 -1.8534</i>
                        <i>1 0 0 0 1 0 0 0 1 1.58187 1.49222 -1.8534</i>
                        <i>1 0 0 0 1 0 0 0 1 1.58187 1.49222 -1.8534</i>
                        <i>1 0 0 0 1 0 0 0 1 1.58187 1.49222 -1.8534</i>
                        <i>1 0 0 0 1 0 0 0 1 1.58187 1.49222 -1.8534</i>
                        <i>1 0 0 0 1 0 0 0 1 1.58187 1.49222 -1.8534</i>
                        <i>1 0 0 0 1 0 0 0 1 1.58187 1.49222 -1.8534</i>
                        <i>1 0 0 0 1 0 0 0 1 1.58187 1.49222 -1.8534</i>
                        <i>1 0 0 0 1 0 0 0 1 1.58187 1.49222 -1.8534</i>
                        <i>1 0 0 0 1 0 0 0 1 1.58187 1.49222 -1.8534</i>
                        <i>1 0 0 0 1 0 0 0 1 1.58187 1.49222 -1.8534</i>
                        <i>1 0 0 0 1 0 0 0 1 1.58187 1.49222 -1.8534</i>
                        <i>1 0 0 0 1 0 0 0 1 1.58187 1.49222 -1.8534</i>
                        <i>1 0 0 0 1 0 0 0 1 1.58187 1.49222 -1.8534</i>
                        <i>1 0 0 0 1 0 0 0 1 1.58187 1.49222 -1.8534</i>
                        <i>1 0 0 0 1 0 0 0 1 1.58187 1.49222 -1.8534</i>
                        <i>1 0 0 0 1 0 0 0 1 1.58187 1.49222 -1.8534</i>
                        <i>1 0 0 0 1 0 0 0 1 1.58187 1.49222 -1.8534</i>
                        <i>1 0 0 0 1 0 0 0 1 1.58187 1.49222 -1.8534</i>
                    </KeyFrames>
                </p>
            </i>
            <i>
                <p>
                    <Name><![CDATA[spine0]]></Name>
                    <Exclude>0</Exclude>
                    <Additive>0</Additive>
                    <IKPriority>0</IKPriority>
                    <IKRotLimits>-1e+010 -1e+010 -1e+010 1e+010 1e+010 1e+010</IKRotLimits>
                    <IKRotLimitOrder>0</IKRotLimitOrder>
                    <KeyFrames count="30">
                        <i>-0.130072 0.991037 0.0304351 -0.305073 -0.0107958 -0.952268 -0.943404 -0.133148 0.303743 1.64602 1.61647 -1.88719</i>
                        <i>-0.130365 0.990994 0.0306046 -0.304973 -0.0107094 -0.952301 -0.943396 -0.13348 0.303623 1.64614 1.6164 -1.88723</i>
                        <i>-0.130203 0.991014 0.0306295 -0.304714 -0.0105989 -0.952385 -0.943502 -0.133337 0.303356 1.6465 1.61619 -1.88733</i>
                        <i>-0.129682 0.991085 0.0305421 -0.304318 -0.0104662 -0.952513 -0.943702 -0.132819 0.302962 1.64705 1.61585 -1.88748</i>
                        <i>-0.128899 0.991192 0.0303752 -0.303809 -0.0103138 -0.952677 -0.943973 -0.132028 0.302462 1.64776 1.61542 -1.88768</i>
                        <i>-0.12795 0.991322 0.0301616 -0.303208 -0.0101435 -0.95287 -0.944295 -0.131065 0.301875 1.64859 1.61491 -1.88791</i>
                        <i>-0.126931 0.99146 0.0299336 -0.30254 -0.00995738 -0.953085 -0.944647 -0.130032 0.30122 1.64951 1.61434 -1.88816</i>
                        <i>-0.125933 0.991593 0.0297228 -0.301826 -0.00975686 -0.953313 -0.945009 -0.129025 0.300518 1.65047 1.61372 -1.88842</i>
                        <i>-0.125049 0.99171 0.0295602 -0.301092 -0.00954329 -0.953547 -0.94536 -0.12814 0.29979 1.65145 1.61309 -1.88869</i>
                        <i>-0.124365 0.991799 0.0294754 -0.300361 -0.00931764 -0.95378 -0.945683 -0.12747 0.299057 1.6524 1.61246 -1.88895</i>
                        <i>-0.123966 0.991848 0.0294975 -0.299659 -0.00908069 -0.954003 -0.945958 -0.127103 0.298341 1.6533 1.61186 -1.88919</i>
                        <i>-0.123934 0.991847 0.0296543 -0.29901 -0.00883309 -0.954209 -0.946168 -0.127126 0.297667 1.65411 1.6113 -1.88941</i>
                        <i>-0.124349 0.991786 0.029973 -0.298441 -0.00857548 -0.954389 -0.946293 -0.127623 0.297056 1.65479 1.61083 -1.88959</i>
                        <i>-0.125062 0.991684 0.030384 -0.297986 -0.00833341 -0.954534 -0.946342 -0.12843 0.29655 1.65532 1.61046 -1.88974</i>
                        <i>-0.1258 0.991578 0.0307665 -0.297683 -0.00814644 -0.95463 -0.94634 -0.129251 0.2962 1.65566 1.61022 -1.88983</i>
                        <i>-0.126499 0.99148 0.0310867 -0.297562 -0.00803223 -0.954669 -0.946285 -0.130015 0.296043 1.65578 1.61013 -1.88986</i>
                        <i>-0.12708 0.991398 0.0313018 -0.297662 -0.00801393 -0.954638 -0.946175 -0.130632 0.29612 1.65564 1.61023 -1.88982</i>
                        <i>-0.127484 0.991344 0.0313872 -0.297976 -0.00809673 -0.954539 -0.946022 -0.131041 0.296429 1.65526 1.6105 -1.88972</i>
                        <i>-0.127746 0.991311 0.0313666 -0.298465 -0.00826369 -0.954385 -0.945833 -0.131281 0.296927 1.65466 1.61092 -1.88956</i>
                        <i>-0.127905 0.991294 0.0312639 -0.299091 -0.00849758 -0.954187 -0.945613 -0.131396 0.297574 1.65389 1.61145 -1.88935</i>
                        <i>-0.127997 0.991287 0.0311032 -0.299816 -0.0087811 -0.953957 -0.945371 -0.131429 0.298328 1.65299 1.61207 -1.88911</i>
                        <i>-0.128059 0.991285 0.0309078 -0.300602 -0.00909706 -0.953706 -0.945113 -0.131422 0.299147 1.652 1.61273 -1.88884</i>
                        <i>-0.128121 0.991283 0.0307002 -0.301413 -0.0094284 -0.953447 -0.944847 -0.13141 0.299994 1.65096 1.61341 -1.88856</i>
                        <i>-0.128209 0.991278 0.0305011 -0.302215 -0.00975832 -0.95319 -0.944579 -0.131425 0.30083 1.64992 1.61408 -1.88827</i>
                        <i>-0.128343 0.991266 0.0303295 -0.302974 -0.0100703 -0.952946 -0.944317 -0.131493 0.301621 1.64891 1.61471 -1.88799</i>
                        <i>-0.128538 0.991244 0.0302025 -0.30366 -0.010348 -0.952724 -0.94407 -0.131633 0.302332 1.64799 1.61528 -1.88774</i>
                        <i>-0.128804 0.991212 0.0301356 -0.304243 -0.0105753 -0.952536 -0.943846 -0.131859 0.302931 1.64719 1.61577 -1.88752</i>
                        <i>-0.129145 0.991167 0.030143 -0.304692 -0.0107363 -0.95239 -0.943655 -0.132181 0.303388 1.64657 1.61614 -1.88735</i>
                        <i>-0.129565 0.99111 0.0302383 -0.304979 -0.0108151 -0.952298 -0.943504 -0.132607 0.303669 1.64616 1.61639 -1.88723</i>
                        <i>-0.130072 0.991037 0.0304351 -0.305073 -0.0107958 -0.952268 -0.943404 -0.133148 0.303743 1.64602 1.61647 -1.88719</i>
                    </KeyFrames>
                </p>
            </i>
            <i>
                <p>
                    <Name><![CDATA[spine1]]></Name>
                    <Exclude>0</Exclude>
                    <Additive>0</Additive>
                    <IKPriority>0</IKPriority>
                    <IKRotLimits>-1e+010 -1e+010 -1e+010 1e+010 1e+010 1e+010</IKRotLimits>
                    <IKRotLimitOrder>0</IKRotLimitOrder>
                    <KeyFrames count="30">
                        <i>-0.53366 0.805328 0.258172 -0.34987 0.0676874 -0.93435 -0.769933 -0.588952 0.245638 1.62124 1.80613 -1.8814</i>
                        <i>-0.533639 0.805403 0.257986 -0.349771 0.0675556 -0.934396 -0.769993 -0.588866 0.245657 1.62127 1.80639 -1.8814</i>
                        <i>-0.533921 0.805285 0.257769 -0.349523 0.0673894 -0.934501 -0.769911 -0.589046 0.245485 1.6216 1.80667 -1.88148</i>
                        <i>-0.534489 0.804981 0.25754 -0.349151 0.0671985 -0.934654 -0.769685 -0.589483 0.245143 1.62217 1.80694 -1.88163</i>
                        <i>-0.535325 0.804497 0.257317 -0.348679 0.0669923 -0.934845 -0.769318 -0.590167 0.244649 1.62295 1.8072 -1.88184</i>
                        <i>-0.536408 0.803839 0.257119 -0.348134 0.0667802 -0.935063 -0.768811 -0.591087 0.244022 1.62387 1.80746 -1.88209</i>
                        <i>-0.537719 0.803012 0.256961 -0.347538 0.0665713 -0.9353 -0.768163 -0.592233 0.243281 1.62489 1.8077 -1.88236</i>
                        <i>-0.539244 0.80202 0.256864 -0.346918 0.0663749 -0.935544 -0.767375 -0.593597 0.242443 1.62595 1.80792 -1.88265</i>
                        <i>-0.54097 0.800863 0.256845 -0.346295 0.0662 -0.935787 -0.766441 -0.595177 0.241523 1.627 1.80812 -1.88292</i>
                        <i>-0.542887 0.799539 0.256926 -0.345695 0.0660558 -0.936019 -0.765356 -0.59697 0.240536 1.62799 1.8083 -1.88318</i>
                        <i>-0.54499 0.798043 0.257126 -0.34514 0.0659513 -0.936231 -0.76411 -0.598981 0.239494 1.62888 1.80846 -1.88339</i>
                        <i>-0.547277 0.796365 0.257469 -0.344653 0.0658954 -0.936415 -0.762694 -0.601216 0.238406 1.62961 1.8086 -1.88356</i>
                        <i>-0.549752 0.794494 0.257977 -0.344257 0.0658969 -0.93656 -0.761091 -0.603686 0.237283 1.63014 1.80872 -1.88367</i>
                        <i>-0.552115 0.792667 0.258551 -0.343964 0.0659397 -0.936665 -0.759512 -0.606079 0.236243 1.63047 1.80882 -1.88371</i>
                        <i>-0.553915 0.791252 0.259033 -0.343781 0.0659938 -0.936728 -0.758283 -0.607918 0.235463 1.63063 1.80888 -1.88372</i>
                        <i>-0.555006 0.790372 0.259384 -0.343726 0.066053 -0.936744 -0.757509 -0.609056 0.235012 1.63059 1.80892 -1.88368</i>
                        <i>-0.55537 0.790034 0.259637 -0.343831 0.0661348 -0.9367 -0.757195 -0.609486 0.234909 1.63035 1.80889 -1.8836</i>
                        <i>-0.555065 0.790189 0.259816 -0.344092 0.0662495 -0.936596 -0.7573 -0.609272 0.235125 1.62993 1.80875 -1.8835</i>
                        <i>-0.554182 0.790772 0.259926 -0.344482 0.0663913 -0.936442 -0.757769 -0.608499 0.235614 1.62935 1.80854 -1.88336</i>
                        <i>-0.552804 0.791721 0.259971 -0.344977 0.0665542 -0.936248 -0.75855 -0.607246 0.236335 1.62865 1.80825 -1.88319</i>
                        <i>-0.551017 0.792972 0.259953 -0.345551 0.0667326 -0.936024 -0.759588 -0.605592 0.237242 1.62785 1.80793 -1.88301</i>
                        <i>-0.548908 0.794459 0.259875 -0.346178 0.0669202 -0.935779 -0.760829 -0.60362 0.238291 1.62697 1.80757 -1.88281</i>
                        <i>-0.546571 0.796112 0.259742 -0.346832 0.0671097 -0.935523 -0.762212 -0.601417 0.239437 1.62605 1.80719 -1.8826</i>
                        <i>-0.54411 0.797854 0.259562 -0.347485 0.0672928 -0.935268 -0.763674 -0.599083 0.240628 1.62512 1.80683 -1.88238</i>
                        <i>-0.541638 0.799606 0.259343 -0.348111 0.0674605 -0.935023 -0.765145 -0.596724 0.241813 1.62421 1.8065 -1.88217</i>
                        <i>-0.539278 0.801279 0.259099 -0.348683 0.0676022 -0.934799 -0.766551 -0.59446 0.242936 1.62335 1.80622 -1.88196</i>
                        <i>-0.537161 0.802782 0.258842 -0.349173 0.0677071 -0.934609 -0.767813 -0.592416 0.24394 1.62259 1.80602 -1.88177</i>
                        <i>-0.535426 0.804021 0.25859 -0.349552 0.0677637 -0.934463 -0.768851 -0.590727 0.244765 1.62196 1.80592 -1.88161</i>
                        <i>-0.534213 0.804901 0.258361 -0.349794 0.0677606 -0.934373 -0.769584 -0.589528 0.245351 1.6215 1.80595 -1.88149</i>
                        <i>-0.53366 0.805328 0.258172 -0.34987 0.0676874 -0.93435 -0.769933 -0.588952 0.245638 1.62124 1.80613 -1.8814</i>
                    </KeyFrames>
                </p>
            </i>
            <i>
                <p>
                    <Name><![CDATA[spine2]]></Name>
                    <Exclude>0</Exclude>
                    <Additive>0</Additive>
                    <IKPriority>0</IKPriority>
                    <IKRotLimits>-1e+010 -1e+010 -1e+010 1e+010 1e+010 1e+010</IKRotLimits>
                    <IKRotLimitOrder>0</IKRotLimitOrder>
                    <KeyFrames count="30">
                        <i>-0.664047 0.686846 0.295439 -0.390236 0.01867 -0.920525 -0.637775 -0.726563 0.255635 1.52711 1.94748 -1.83587</i>
                        <i>-0.66397 0.686966 0.295332 -0.390204 0.0186062 -0.920541 -0.637875 -0.726451 0.255703 1.52696 1.94802 -1.83581</i>
                        <i>-0.66404 0.686962 0.295184 -0.390128 0.0184565 -0.920576 -0.637849 -0.726459 0.255747 1.527 1.94862 -1.83582</i>
                        <i>-0.664258 0.686826 0.295011 -0.390017 0.0182336 -0.920627 -0.63769 -0.726593 0.255762 1.52718 1.94928 -1.83587</i>
                        <i>-0.664623 0.686551 0.294827 -0.389877 0.0179505 -0.920692 -0.637395 -0.72686 0.25574 1.52746 1.94995 -1.83595</i>
                        <i>-0.665135 0.686132 0.29465 -0.389716 0.0176203 -0.920766 -0.636959 -0.727264 0.255677 1.52782 1.95064 -1.83606</i>
                        <i>-0.665794 0.685559 0.294494 -0.389542 0.0172558 -0.920847 -0.636377 -0.727812 0.255565 1.5282 1.95131 -1.83617</i>
                        <i>-0.6666 0.684826 0.294377 -0.389361 0.01687 -0.920931 -0.635644 -0.728511 0.255399 1.52857 1.95194 -1.83628</i>
                        <i>-0.667556 0.683921 0.294314 -0.38918 0.0164754 -0.921014 -0.63475 -0.72937 0.25517 1.52889 1.95253 -1.83636</i>
                        <i>-0.668668 0.68283 0.294323 -0.389006 0.0160847 -0.921095 -0.633685 -0.7304 0.25487 1.52913 1.95305 -1.83641</i>
                        <i>-0.669942 0.681537 0.294422 -0.388848 0.0157103 -0.921168 -0.632436 -0.731615 0.254489 1.52925 1.95348 -1.83641</i>
                        <i>-0.671388 0.680023 0.294631 -0.38871 0.0153643 -0.921232 -0.630985 -0.73303 0.254016 1.52921 1.95382 -1.83635</i>
                        <i>-0.673017 0.678264 0.294967 -0.3886 0.0150585 -0.921283 -0.629315 -0.734664 0.253439 1.52897 1.95403 -1.83621</i>
                        <i>-0.674595 0.676527 0.295353 -0.388521 0.0148124 -0.921321 -0.627673 -0.736269 0.252852 1.52861 1.95414 -1.83603</i>
                        <i>-0.675765 0.675222 0.295662 -0.388471 0.0146491 -0.921345 -0.626444 -0.737469 0.252405 1.52827 1.95419 -1.83587</i>
                        <i>-0.676438 0.674457 0.295871 -0.388455 0.0145832 -0.921352 -0.625727 -0.73817 0.252132 1.52795 1.95417 -1.83573</i>
                        <i>-0.676663 0.674165 0.296023 -0.388486 0.0146301 -0.921338 -0.625465 -0.738436 0.252004 1.52771 1.95398 -1.83564</i>
                        <i>-0.676497 0.674281 0.296137 -0.388564 0.0147861 -0.921303 -0.625596 -0.738327 0.251998 1.52755 1.95359 -1.83559</i>
                        <i>-0.675994 0.67475 0.296216 -0.38868 0.0150339 -0.92125 -0.626067 -0.737893 0.252099 1.52747 1.95303 -1.83559</i>
                        <i>-0.675203 0.675523 0.296261 -0.388827 0.0153562 -0.921183 -0.626829 -0.737179 0.252293 1.52744 1.95234 -1.83562</i>
                        <i>-0.674173 0.676545 0.296272 -0.388997 0.0157358 -0.921105 -0.627831 -0.736233 0.252565 1.52746 1.95155 -1.83567</i>
                        <i>-0.672957 0.677765 0.29625 -0.389181 0.0161551 -0.921019 -0.629021 -0.735101 0.252902 1.52749 1.95072 -1.83573</i>
                        <i>-0.671609 0.679124 0.296197 -0.389373 0.0165961 -0.920931 -0.630342 -0.733836 0.253286 1.52754 1.94989 -1.8358</i>
                        <i>-0.670188 0.680561 0.296117 -0.389563 0.0170402 -0.920842 -0.631735 -0.732493 0.253701 1.52758 1.94909 -1.83587</i>
                        <i>-0.668758 0.68201 0.296015 -0.389744 0.0174682 -0.920758 -0.633137 -0.731134 0.254127 1.52761 1.94836 -1.83592</i>
                        <i>-0.66739 0.6834 0.295897 -0.389908 0.0178604 -0.920681 -0.634478 -0.729826 0.254543 1.5276 1.94776 -1.83597</i>
                        <i>-0.666157 0.684657 0.295771 -0.390047 0.0181969 -0.920615 -0.635687 -0.728639 0.254926 1.52756 1.94733 -1.83599</i>
                        <i>-0.665136 0.685702 0.295646 -0.390153 0.0184574 -0.920565 -0.63669 -0.727648 0.255252 1.52747 1.94711 -1.83599</i>
                        <i>-0.664407 0.686458 0.295532 -0.390219 0.0186217 -0.920534 -0.637411 -0.726931 0.255496 1.52732 1.94714 -1.83595</i>
                        <i>-0.664047 0.686846 0.295439 -0.390236 0.01867 -0.920525 -0.637775 -0.726563 0.255635 1.52711 1.94748 -1.83587</i>
                    </KeyFrames>
                </p>
            </i>
            <i>
                <p>
                    <Name><![CDATA[head]]></Name>
                    <Exclude>0</Exclude>
                    <Additive>0</Additive>
                    <IKPriority>0</IKPriority>
                    <IKRotLimits>-1e+010 -1e+010 -1e+010 1e+010 1e+010 1e+010</IKRotLimits>
                    <IKRotLimitOrder>0</IKRotLimitOrder>
                    <KeyFrames count="30">
                        <i>-0.248392 0.944108 0.216707 0.132555 0.254743 -0.95788 -0.959547 -0.209204 -0.188422 1.36034 2.14508 -1.76495</i>
                        <i>-0.248592 0.943764 0.217971 0.132223 0.255993 -0.957593 -0.959541 -0.209229 -0.188425 1.36004 2.14581 -1.76483</i>
                        <i>-0.249148 0.942827 0.221365 0.131324 0.259352 -0.956813 -0.95952 -0.209318 -0.188433 1.35984 2.14664 -1.76476</i>
                        <i>-0.249994 0.941432 0.226292 0.130006 0.264233 -0.955656 -0.95948 -0.209489 -0.188448 1.35973 2.14752 -1.76472</i>
                        <i>-0.251062 0.939719 0.232156 0.128414 0.270052 -0.954244 -0.959415 -0.209762 -0.188473 1.35965 2.14843 -1.76469</i>
                        <i>-0.252288 0.937835 0.238363 0.126696 0.276225 -0.952705 -0.959322 -0.210157 -0.188509 1.35959 2.14933 -1.76467</i>
                        <i>-0.253613 0.935942 0.244322 0.125002 0.282173 -0.951185 -0.959195 -0.210692 -0.188557 1.3595 2.1502 -1.76464</i>
                        <i>-0.254979 0.934218 0.249447 0.123483 0.287321 -0.949841 -0.95903 -0.211387 -0.188621 1.35936 2.15101 -1.76459</i>
                        <i>-0.256333 0.932849 0.253153 0.122295 0.291098 -0.948844 -0.958821 -0.212261 -0.188701 1.35914 2.15171 -1.7645</i>
                        <i>-0.257624 0.932029 0.254857 0.121597 0.292936 -0.948368 -0.958564 -0.213333 -0.1888 1.35879 2.15228 -1.76436</i>
                        <i>-0.258888 0.931734 0.254656 0.121368 0.292934 -0.948399 -0.958252 -0.214622 -0.188919 1.35829 2.1527 -1.76416</i>
                        <i>-0.260226 0.93176 0.253191 0.121434 0.291726 -0.948762 -0.957881 -0.216147 -0.189062 1.35761 2.15293 -1.76389</i>
                        <i>-0.261689 0.932024 0.250697 0.121733 0.289548 -0.949391 -0.957444 -0.217927 -0.189229 1.35672 2.15294 -1.76352</i>
                        <i>-0.262998 0.93257 0.247274 0.122305 0.286455 -0.950255 -0.957013 -0.219673 -0.189395 1.35576 2.1528 -1.76313</i>
                        <i>-0.263703 0.933507 0.242952 0.123239 0.282408 -0.951345 -0.956699 -0.220932 -0.189516 1.35498 2.15265 -1.76281</i>
                        <i>-0.263722 0.934799 0.237912 0.124498 0.277567 -0.952605 -0.956531 -0.221603 -0.189581 1.35445 2.15249 -1.7626</i>
                        <i>-0.263176 0.936333 0.232421 0.125981 0.272205 -0.953957 -0.956487 -0.221778 -0.189598 1.3542 2.1522 -1.76249</i>
                        <i>-0.262165 0.938009 0.226734 0.127595 0.266582 -0.955329 -0.956551 -0.221524 -0.189573 1.35426 2.15168 -1.76251</i>
                        <i>-0.260786 0.939735 0.221109 0.129248 0.260959 -0.956658 -0.956705 -0.220905 -0.189514 1.35457 2.15098 -1.76264</i>
                        <i>-0.259144 0.94142 0.215807 0.130854 0.255602 -0.957886 -0.956934 -0.219991 -0.189426 1.35509 2.15016 -1.76284</i>
                        <i>-0.25734 0.942983 0.211088 0.132327 0.250776 -0.958958 -0.957218 -0.218846 -0.189317 1.35575 2.14925 -1.76311</i>
                        <i>-0.255482 0.944347 0.207214 0.133587 0.246751 -0.959827 -0.95754 -0.217538 -0.189193 1.35652 2.1483 -1.76342</i>
                        <i>-0.253676 0.945437 0.204446 0.134557 0.243795 -0.960447 -0.957885 -0.216132 -0.18906 1.35734 2.14736 -1.76374</i>
                        <i>-0.252029 0.946178 0.203047 0.135164 0.242181 -0.96077 -0.958234 -0.214697 -0.188926 1.35816 2.14648 -1.76407</i>
                        <i>-0.250697 0.946408 0.203624 0.135246 0.242519 -0.960673 -0.958572 -0.213298 -0.188797 1.35892 2.14569 -1.76438</i>
                        <i>-0.249728 0.946142 0.206035 0.134836 0.244681 -0.960183 -0.958882 -0.212003 -0.188677 1.3596 2.14507 -1.76465</i>
                        <i>-0.249066 0.945575 0.209412 0.134151 0.247825 -0.959472 -0.95915 -0.210879 -0.188575 1.36012 2.14464 -1.76486</i>
                        <i>-0.248658 0.944906 0.212891 0.133403 0.25111 -0.958722 -0.959361 -0.209993 -0.188494 1.36045 2.14447 -1.765</i>
                        <i>-0.24845 0.944344 0.21561 0.132802 0.253696 -0.958124 -0.959498 -0.209412 -0.188441 1.36054 2.1446 -1.76503</i>
                        <i>-0.248392 0.944108 0.216707 0.132555 0.254743 -0.95788 -0.959547 -0.209204 -0.188422 1.36034 2.14508 -1.76495</i>
                    </KeyFrames>
                </p>
            </i>
            <i>
                <p>
                    <Name><![CDATA[head_prop]]></Name>
                    <Exclude>0</Exclude>
                    <Additive>0</Additive>
                    <IKPriority>0</IKPriority>
                    <IKRotLimits>-1e+010 -1e+010 -1e+010 1e+010 1e+010 1e+010</IKRotLimits>
                    <IKRotLimitOrder>0</IKRotLimitOrder>
                    <KeyFrames count="30">
                        <i>0.959547 0.209204 0.188422 -0.248392 0.944108 0.216707 -0.132555 -0.254743 0.95788 1.27938 2.45278 -1.69433</i>
                        <i>0.959541 0.209229 0.188425 -0.248592 0.943764 0.217971 -0.132223 -0.255993 0.957593 1.27902 2.45339 -1.6938</i>
                        <i>0.95952 0.209318 0.188433 -0.249148 0.942827 0.221365 -0.131324 -0.259352 0.956813 1.27864 2.45391 -1.69262</i>
                        <i>0.95948 0.209489 0.188448 -0.249994 0.941432 0.226292 -0.130006 -0.264233 0.955656 1.27825 2.45434 -1.69097</i>
                        <i>0.959415 0.209762 0.188473 -0.251062 0.939719 0.232156 -0.128414 -0.270052 0.954244 1.27783 2.45469 -1.68903</i>
                        <i>0.959322 0.210157 0.188509 -0.252288 0.937835 0.238363 -0.126696 -0.276225 0.952705 1.27736 2.45498 -1.68699</i>
                        <i>0.959195 0.210692 0.188557 -0.253613 0.935942 0.244322 -0.125002 -0.282173 0.951185 1.27685 2.45524 -1.68502</i>
                        <i>0.95903 0.211387 0.188621 -0.254979 0.934218 0.249447 -0.123483 -0.287321 0.949841 1.27626 2.45548 -1.68329</i>
                        <i>0.958821 0.212261 0.188701 -0.256333 0.932849 0.253153 -0.122295 -0.291098 0.948844 1.27559 2.45573 -1.682</i>
                        <i>0.958564 0.213333 0.1888 -0.257624 0.932029 0.254857 -0.121597 -0.292936 0.948368 1.27483 2.45604 -1.6813</i>
                        <i>0.958252 0.214622 0.188919 -0.258888 0.931734 0.254656 -0.121368 -0.292934 0.948399 1.27392 2.45636 -1.68117</i>
                        <i>0.957881 0.216147 0.189062 -0.260226 0.93176 0.253191 -0.121434 -0.291726 0.948762 1.2728 2.4566 -1.68137</i>
                        <i>0.957444 0.217927 0.189229 -0.261689 0.932024 0.250697 -0.121733 -0.289548 0.949391 1.27143 2.45669 -1.68182</i>
                        <i>0.957013 0.219673 0.189395 -0.262998 0.93257 0.247274 -0.122305 -0.286455 0.950255 1.27005 2.45673 -1.68254</i>
                        <i>0.956699 0.220932 0.189516 -0.263703 0.933507 0.242952 -0.123239 -0.282408 0.951345 1.26904 2.45689 -1.68363</i>
                        <i>0.956531 0.221603 0.189581 -0.263722 0.934799 0.237912 -0.124498 -0.277567 0.952605 1.2685 2.45715 -1.68506</i>
                        <i>0.956487 0.221778 0.189598 -0.263176 0.936333 0.232421 -0.125981 -0.272205 0.953957 1.26843 2.45736 -1.68675</i>
                        <i>0.956551 0.221524 0.189573 -0.262165 0.938009 0.226734 -0.127595 -0.266582 0.955329 1.26882 2.45738 -1.68862</i>
                        <i>0.956705 0.220905 0.189514 -0.260786 0.939735 0.221109 -0.129248 -0.260959 0.956658 1.26958 2.45725 -1.69058</i>
                        <i>0.956934 0.219991 0.189426 -0.259144 0.94142 0.215807 -0.130854 -0.255602 0.957886 1.27063 2.45697 -1.69251</i>
                        <i>0.957218 0.218846 0.189317 -0.25734 0.942983 0.211088 -0.132327 -0.250776 0.958958 1.27188 2.45658 -1.69431</i>
                        <i>0.95754 0.217538 0.189193 -0.255482 0.944347 0.207214 -0.133587 -0.246751 0.959827 1.27326 2.45607 -1.69588</i>
                        <i>0.957885 0.216132 0.18906 -0.253676 0.945437 0.204446 -0.134557 -0.243795 0.960447 1.27466 2.45549 -1.69711</i>
                        <i>0.958234 0.214697 0.188926 -0.252029 0.946178 0.203047 -0.135164 -0.242181 0.96077 1.27602 2.45484 -1.6979</i>
                        <i>0.958572 0.213298 0.188797 -0.250697 0.946408 0.203624 -0.135246 -0.242519 0.960673 1.27722 2.45414 -1.69802</i>
                        <i>0.958882 0.212003 0.188677 -0.249728 0.946142 0.206035 -0.134836 -0.244681 0.960183 1.27821 2.45342 -1.6975</i>
                        <i>0.95915 0.210879 0.188575 -0.249066 0.945575 0.209412 -0.134151 -0.247825 0.959472 1.27895 2.45281 -1.69661</i>
                        <i>0.959361 0.209993 0.188494 -0.248658 0.944906 0.212891 -0.133403 -0.25111 0.958722 1.27941 2.45242 -1.69561</i>
                        <i>0.959498 0.209412 0.188441 -0.24845 0.944344 0.21561 -0.132802 -0.253696 0.958124 1.27957 2.45237 -1.69476</i>
                        <i>0.959547 0.209204 0.188422 -0.248392 0.944108 0.216707 -0.132555 -0.254743 0.95788 1.27938 2.45278 -1.69433</i>
                    </KeyFrames>
                </p>
            </i>
            <i>
                <p>
                    <Name><![CDATA[l_clav]]></Name>
                    <Exclude>0</Exclude>
                    <Additive>0</Additive>
                    <IKPriority>0</IKPriority>
                    <IKRotLimits>-1e+010 -1e+010 -1e+010 1e+010 1e+010 1e+010</IKRotLimits>
                    <IKRotLimitOrder>0</IKRotLimitOrder>
                    <KeyFrames count="30">
                        <i>0.348198 0.259031 0.900922 -0.560627 0.827793 -0.0213286 -0.751302 -0.497655 0.433456 1.48654 1.97163 -1.7225</i>
                        <i>0.355936 0.247542 0.901128 -0.556946 0.830509 -0.00815494 -0.750414 -0.498977 0.433475 1.48624 1.97237 -1.72238</i>
                        <i>0.361588 0.23905 0.901171 -0.554229 0.832363 0.00158208 -0.749723 -0.500027 0.433461 1.48607 1.9732 -1.72232</i>
                        <i>0.365483 0.23312 0.901153 -0.552404 0.833534 0.00841255 -0.749181 -0.500875 0.433419 1.48598 1.9741 -1.72229</i>
                        <i>0.36794 0.229303 0.901133 -0.55137 0.834161 0.0128675 -0.74874 -0.501592 0.433352 1.48596 1.97505 -1.72228</i>
                        <i>0.369266 0.227146 0.901137 -0.551008 0.834356 0.0154784 -0.748353 -0.502249 0.433259 1.48597 1.976 -1.7223</i>
                        <i>0.369765 0.22619 0.901173 -0.551187 0.834213 0.016777 -0.747975 -0.502918 0.433136 1.48599 1.97694 -1.72231</i>
                        <i>0.369734 0.225975 0.901239 -0.551769 0.833818 0.0172943 -0.747561 -0.50367 0.432977 1.48599 1.97782 -1.72231</i>
                        <i>0.368644 0.22729 0.901355 -0.553044 0.832996 0.0161367 -0.747157 -0.504438 0.43278 1.48594 1.97864 -1.72229</i>
                        <i>0.365919 0.230972 0.901529 -0.555308 0.831553 0.0123479 -0.746817 -0.505145 0.432542 1.4858 1.97934 -1.72224</i>
                        <i>0.361785 0.236632 0.90173 -0.55843 0.829527 0.00636463 -0.746503 -0.505856 0.432253 1.48556 1.97992 -1.72215</i>
                        <i>0.356466 0.243875 0.901918 -0.562274 0.82695 -0.0013761 -0.746177 -0.506635 0.431904 1.48518 1.98034 -1.722</i>
                        <i>0.350185 0.252309 0.902059 -0.566703 0.823856 -0.010437 -0.7458 -0.507545 0.431486 1.48463 1.98057 -1.72177</i>
                        <i>0.343261 0.261548 0.902089 -0.571299 0.820486 -0.020499 -0.745513 -0.508326 0.431063 1.48402 1.98066 -1.72152</i>
                        <i>0.336078 0.271228 0.901935 -0.575505 0.817199 -0.031302 -0.74555 -0.508548 0.430736 1.48348 1.98066 -1.72131</i>
                        <i>0.328942 0.280989 0.901578 -0.57911 0.814144 -0.0424504 -0.745942 -0.508149 0.430529 1.48308 1.98059 -1.72114</i>
                        <i>0.322105 0.29047 0.901041 -0.58209 0.811364 -0.053475 -0.746606 -0.507262 0.430424 1.48287 1.98032 -1.72105</i>
                        <i>0.315831 0.299313 0.900368 -0.584413 0.808935 -0.0639175 -0.747471 -0.506 0.430409 1.48288 1.97977 -1.72105</i>
                        <i>0.310381 0.307161 0.89962 -0.586056 0.806946 -0.0733217 -0.748466 -0.50447 0.430474 1.48307 1.979 -1.72113</i>
                        <i>0.306015 0.313657 0.898874 -0.587003 0.805499 -0.0812336 -0.749521 -0.502783 0.430612 1.4834 1.97805 -1.72126</i>
                        <i>0.302987 0.318443 0.898217 -0.587241 0.804701 -0.0872013 -0.750565 -0.501049 0.430817 1.48385 1.977 -1.72143</i>
                        <i>0.301544 0.321156 0.897736 -0.586752 0.804663 -0.0907741 -0.751527 -0.499376 0.43108 1.48436 1.97589 -1.72164</i>
                        <i>0.302137 0.321136 0.897544 -0.585433 0.805579 -0.0911588 -0.752317 -0.497909 0.431399 1.4849 1.97477 -1.72185</i>
                        <i>0.304851 0.318201 0.897672 -0.583295 0.807464 -0.0881367 -0.752883 -0.496739 0.431761 1.48544 1.97371 -1.72206</i>
                        <i>0.309369 0.3127 0.898059 -0.580474 0.810127 -0.0821174 -0.75322 -0.495895 0.432143 1.48593 1.97275 -1.72226</i>
                        <i>0.315377 0.304981 0.898623 -0.577096 0.813361 -0.0735083 -0.753324 -0.495409 0.432519 1.48635 1.97196 -1.72242</i>
                        <i>0.322564 0.295392 0.899275 -0.573287 0.816951 -0.0627163 -0.75319 -0.495313 0.432863 1.48665 1.9714 -1.72254</i>
                        <i>0.330624 0.284292 0.899925 -0.569176 0.820685 -0.0501491 -0.752812 -0.495635 0.43315 1.48681 1.97112 -1.72261</i>
                        <i>0.339264 0.272046 0.900495 -0.564904 0.824361 -0.0362162 -0.752186 -0.496407 0.433356 1.48678 1.97117 -1.7226</i>
                        <i>0.348198 0.259031 0.900922 -0.560627 0.827793 -0.0213286 -0.751302 -0.497655 0.433456 1.48654 1.97163 -1.7225</i>
                    </KeyFrames>
                </p>
            </i>
            <i>
                <p>
                    <Name><![CDATA[l_shoulder]]></Name>
                    <Exclude>0</Exclude>
                    <Additive>0</Additive>
                    <IKPriority>0</IKPriority>
                    <IKRotLimits>-1e+010 -1e+010 -1e+010 1e+010 1e+010 1e+010</IKRotLimits>
                    <IKRotLimitOrder>0</IKRotLimitOrder>
                    <KeyFrames count="30">
                        <i>0.311721 -0.788527 0.530146 -0.325492 0.435571 0.839245 -0.892684 -0.434169 -0.120882 1.55533 2.02281 -1.5445</i>
                        <i>0.309378 -0.787569 0.532936 -0.327177 0.438059 0.837293 -0.892883 -0.433404 -0.122148 1.55657 2.02127 -1.54434</i>
                        <i>0.307238 -0.787092 0.534874 -0.328545 0.439768 0.83586 -0.89312 -0.432538 -0.123482 1.55751 2.02043 -1.54426</i>
                        <i>0.305334 -0.787032 0.536051 -0.329634 0.440772 0.834902 -0.893371 -0.431625 -0.12485 1.55819 2.02016 -1.54424</i>
                        <i>0.303682 -0.787308 0.536585 -0.330488 0.441171 0.834353 -0.893619 -0.430713 -0.12622 1.55866 2.02035 -1.54424</i>
                        <i>0.302283 -0.78783 0.536609 -0.331159 0.441084 0.834133 -0.893845 -0.429847 -0.127565 1.55893 2.02088 -1.54425</i>
                        <i>0.301161 -0.788488 0.536273 -0.331702 0.440638 0.834153 -0.894022 -0.429097 -0.12884 1.55905 2.02163 -1.54426</i>
                        <i>0.300314 -0.789182 0.535728 -0.332176 0.439964 0.834321 -0.894131 -0.428514 -0.130019 1.55904 2.02247 -1.54425</i>
                        <i>0.300012 -0.789974 0.534728 -0.332498 0.4388 0.834805 -0.894113 -0.428248 -0.13102 1.55877 2.02354 -1.54421</i>
                        <i>0.300534 -0.790929 0.53302 -0.332584 0.436872 0.835781 -0.893906 -0.428454 -0.131756 1.5581 2.02498 -1.54412</i>
                        <i>0.301898 -0.791937 0.530748 -0.332487 0.434305 0.837157 -0.893482 -0.429203 -0.132194 1.55704 2.02667 -1.54399</i>
                        <i>0.304126 -0.79288 0.528061 -0.332266 0.431221 0.838837 -0.892808 -0.430569 -0.132301 1.55561 2.02852 -1.5438</i>
                        <i>0.307246 -0.79364 0.525105 -0.331977 0.427742 0.84073 -0.891847 -0.432634 -0.132049 1.55382 2.03042 -1.54355</i>
                        <i>0.310859 -0.794266 0.522024 -0.331591 0.424097 0.842727 -0.890738 -0.435067 -0.131537 1.55184 2.03233 -1.54329</i>
                        <i>0.314338 -0.794905 0.518958 -0.33103 0.420572 0.844712 -0.889725 -0.437316 -0.130936 1.54989 2.03425 -1.5431</i>
                        <i>0.317471 -0.795559 0.516042 -0.330305 0.417338 0.846597 -0.888882 -0.439221 -0.130285 1.54807 2.03611 -1.54301</i>
                        <i>0.320184 -0.796114 0.513502 -0.329385 0.414668 0.848266 -0.88825 -0.440741 -0.129458 1.54651 2.03771 -1.54303</i>
                        <i>0.322419 -0.796502 0.511498 -0.328267 0.412741 0.849639 -0.887855 -0.441848 -0.12839 1.54528 2.03891 -1.54316</i>
                        <i>0.324165 -0.796719 0.510054 -0.327035 0.411545 0.850693 -0.887674 -0.442571 -0.127147 1.54439 2.03968 -1.54338</i>
                        <i>0.325412 -0.796766 0.509187 -0.325769 0.411061 0.851413 -0.887684 -0.442937 -0.125797 1.54387 2.04003 -1.54366</i>
                        <i>0.326146 -0.796642 0.508911 -0.324541 0.411268 0.851782 -0.887864 -0.442967 -0.12441 1.54371 2.03992 -1.54397</i>
                        <i>0.32635 -0.796347 0.509241 -0.323426 0.412147 0.851781 -0.888195 -0.442681 -0.123056 1.54394 2.03934 -1.54426</i>
                        <i>0.325948 -0.79585 0.510275 -0.322526 0.413759 0.85134 -0.88867 -0.44207 -0.121819 1.5446 2.03822 -1.54451</i>
                        <i>0.324944 -0.795153 0.512 -0.321903 0.416061 0.850454 -0.889264 -0.441164 -0.120766 1.54567 2.03658 -1.5447</i>
                        <i>0.323431 -0.79429 0.514291 -0.321579 0.41889 0.849187 -0.889932 -0.440038 -0.119945 1.54705 2.03453 -1.54482</i>
                        <i>0.321504 -0.793293 0.517032 -0.32158 0.422096 0.847598 -0.89063 -0.438773 -0.119401 1.54866 2.03222 -1.54487</i>
                        <i>0.319261 -0.792186 0.520109 -0.321939 0.425527 0.845744 -0.891307 -0.437456 -0.119181 1.55038 2.02976 -1.54487</i>
                        <i>0.316806 -0.790999 0.523407 -0.322688 0.429029 0.843686 -0.891912 -0.436182 -0.119327 1.55213 2.02729 -1.5448</i>
                        <i>0.314251 -0.789765 0.526799 -0.323862 0.432437 0.841494 -0.89239 -0.435051 -0.119881 1.55381 2.02492 -1.54468</i>
                        <i>0.311721 -0.788527 0.530146 -0.325492 0.435571 0.839245 -0.892684 -0.434169 -0.120882 1.55533 2.02281 -1.5445</i>
                    </KeyFrames>
                </p>
            </i>
            <i>
                <p>
                    <Name><![CDATA[l_elbow]]></Name>
                    <Exclude>0</Exclude>
                    <Additive>0</Additive>
                    <IKPriority>0</IKPriority>
                    <IKRotLimits>-1e+010 -1e+010 -1e+010 1e+010 1e+010 1e+010</IKRotLimits>
                    <IKRotLimitOrder>0</IKRotLimitOrder>
                    <KeyFrames count="30">
                        <i>-0.887894 -0.445112 -0.116271 -0.327707 0.43456 0.838907 -0.322881 0.782964 -0.53171 1.65673 1.76632 -1.37205</i>
                        <i>-0.889341 -0.441341 -0.119546 -0.329392 0.43705 0.836952 -0.317134 0.783713 -0.53406 1.6572 1.7651 -1.37099</i>
                        <i>-0.890094 -0.439224 -0.121715 -0.330761 0.43876 0.835516 -0.313574 0.783946 -0.535816 1.65745 1.76441 -1.37028</i>
                        <i>-0.890298 -0.43846 -0.122971 -0.33185 0.439766 0.834554 -0.31184 0.78381 -0.537026 1.65751 1.76416 -1.36987</i>
                        <i>-0.890073 -0.438767 -0.123502 -0.332705 0.440168 0.834002 -0.311571 0.783413 -0.537762 1.65744 1.76426 -1.3697</i>
                        <i>-0.889526 -0.439878 -0.123491 -0.333376 0.440083 0.833779 -0.312415 0.782837 -0.538111 1.65726 1.76462 -1.3697</i>
                        <i>-0.888766 -0.441511 -0.123137 -0.33392 0.439639 0.833796 -0.313995 0.782167 -0.538166 1.65701 1.76515 -1.36982</i>
                        <i>-0.88789 -0.443414 -0.122621 -0.334394 0.438967 0.83396 -0.315963 0.781468 -0.538029 1.65673 1.76577 -1.36999</i>
                        <i>-0.886758 -0.445913 -0.121746 -0.334716 0.437803 0.834442 -0.318787 0.780699 -0.53748 1.65636 1.76658 -1.37027</i>
                        <i>-0.88521 -0.449368 -0.120301 -0.334801 0.435876 0.835416 -0.322973 0.779795 -0.53629 1.65586 1.76771 -1.37074</i>
