<?xml version="1.0" encoding="ISO-8859-1" ?>
<Animl Version="1">
    <ModellingPackage><![CDATA[Maya.2010]]></ModellingPackage>
    <SrcFile><![CDATA[anims\turrets\mortar\red\~src\mortar_m1938\mortar_m1938_idle_crewman_c.mb]]></SrcFile>
    <FramesPerSecond>30</FramesPerSecond>
    <TotalFrames>90</TotalFrames>
    <Skeleton>
        <RefFrame>
            <Name><![CDATA[soldier_ref_frame]]></Name>
            <Exclude>0</Exclude>
            <Additive>0</Additive>
            <IKPriority>0</IKPriority>
            <IKRotLimits>-1e+010 -1e+010 -1e+010 1e+010 1e+010 1e+010</IKRotLimits>
            <IKRotLimitOrder>0</IKRotLimitOrder>
            <KeyFrames count="90">
                <i>1 0 0 0 1 0 0 0 1 -2.84 2.61 -0.27</i>
                <i>1 0 0 0 1 0 0 0 1 -2.84 2.61 -0.27</i>
                <i>1 0 0 0 1 0 0 0 1 -2.84 2.61 -0.27</i>
                <i>1 0 0 0 1 0 0 0 1 -2.84 2.61 -0.27</i>
                <i>1 0 0 0 1 0 0 0 1 -2.84 2.61 -0.27</i>
                <i>1 0 0 0 1 0 0 0 1 -2.84 2.61 -0.27</i>
                <i>1 0 0 0 1 0 0 0 1 -2.84 2.61 -0.27</i>
                <i>1 0 0 0 1 0 0 0 1 -2.84 2.61 -0.27</i>
                <i>1 0 0 0 1 0 0 0 1 -2.84 2.61 -0.27</i>
                <i>1 0 0 0 1 0 0 0 1 -2.84 2.61 -0.27</i>
                <i>1 0 0 0 1 0 0 0 1 -2.84 2.61 -0.27</i>
                <i>1 0 0 0 1 0 0 0 1 -2.84 2.61 -0.27</i>
                <i>1 0 0 0 1 0 0 0 1 -2.84 2.61 -0.27</i>
                <i>1 0 0 0 1 0 0 0 1 -2.84 2.61 -0.27</i>
                <i>1 0 0 0 1 0 0 0 1 -2.84 2.61 -0.27</i>
                <i>1 0 0 0 1 0 0 0 1 -2.84 2.61 -0.27</i>
                <i>1 0 0 0 1 0 0 0 1 -2.84 2.61 -0.27</i>
                <i>1 0 0 0 1 0 0 0 1 -2.84 2.61 -0.27</i>
                <i>1 0 0 0 1 0 0 0 1 -2.84 2.61 -0.27</i>
                <i>1 0 0 0 1 0 0 0 1 -2.84 2.61 -0.27</i>
                <i>1 0 0 0 1 0 0 0 1 -2.84 2.61 -0.27</i>
                <i>1 0 0 0 1 0 0 0 1 -2.84 2.61 -0.27</i>
                <i>1 0 0 0 1 0 0 0 1 -2.84 2.61 -0.27</i>
                <i>1 0 0 0 1 0 0 0 1 -2.84 2.61 -0.27</i>
                <i>1 0 0 0 1 0 0 0 1 -2.84 2.61 -0.27</i>
                <i>1 0 0 0 1 0 0 0 1 -2.84 2.61 -0.27</i>
                <i>1 0 0 0 1 0 0 0 1 -2.84 2.61 -0.27</i>
                <i>1 0 0 0 1 0 0 0 1 -2.84 2.61 -0.27</i>
                <i>1 0 0 0 1 0 0 0 1 -2.84 2.61 -0.27</i>
                <i>1 0 0 0 1 0 0 0 1 -2.84 2.61 -0.27</i>
                <i>1 0 0 0 1 0 0 0 1 -2.84 2.61 -0.27</i>
                <i>1 0 0 0 1 0 0 0 1 -2.84 2.61 -0.27</i>
                <i>1 0 0 0 1 0 0 0 1 -2.84 2.61 -0.27</i>
                <i>1 0 0 0 1 0 0 0 1 -2.84 2.61 -0.27</i>
                <i>1 0 0 0 1 0 0 0 1 -2.84 2.61 -0.27</i>
                <i>1 0 0 0 1 0 0 0 1 -2.84 2.61 -0.27</i>
                <i>1 0 0 0 1 0 0 0 1 -2.84 2.61 -0.27</i>
                <i>1 0 0 0 1 0 0 0 1 -2.84 2.61 -0.27</i>
                <i>1 0 0 0 1 0 0 0 1 -2.84 2.61 -0.27</i>
                <i>1 0 0 0 1 0 0 0 1 -2.84 2.61 -0.27</i>
                <i>1 0 0 0 1 0 0 0 1 -2.84 2.61 -0.27</i>
                <i>1 0 0 0 1 0 0 0 1 -2.84 2.61 -0.27</i>
                <i>1 0 0 0 1 0 0 0 1 -2.84 2.61 -0.27</i>
                <i>1 0 0 0 1 0 0 0 1 -2.84 2.61 -0.27</i>
                <i>1 0 0 0 1 0 0 0 1 -2.84 2.61 -0.27</i>
                <i>1 0 0 0 1 0 0 0 1 -2.84 2.61 -0.27</i>
                <i>1 0 0 0 1 0 0 0 1 -2.84 2.61 -0.27</i>
                <i>1 0 0 0 1 0 0 0 1 -2.84 2.61 -0.27</i>
                <i>1 0 0 0 1 0 0 0 1 -2.84 2.61 -0.27</i>
                <i>1 0 0 0 1 0 0 0 1 -2.84 2.61 -0.27</i>
                <i>1 0 0 0 1 0 0 0 1 -2.84 2.61 -0.27</i>
                <i>1 0 0 0 1 0 0 0 1 -2.84 2.61 -0.27</i>
                <i>1 0 0 0 1 0 0 0 1 -2.84 2.61 -0.27</i>
                <i>1 0 0 0 1 0 0 0 1 -2.84 2.61 -0.27</i>
                <i>1 0 0 0 1 0 0 0 1 -2.84 2.61 -0.27</i>
                <i>1 0 0 0 1 0 0 0 1 -2.84 2.61 -0.27</i>
                <i>1 0 0 0 1 0 0 0 1 -2.84 2.61 -0.27</i>
                <i>1 0 0 0 1 0 0 0 1 -2.84 2.61 -0.27</i>
                <i>1 0 0 0 1 0 0 0 1 -2.84 2.61 -0.27</i>
                <i>1 0 0 0 1 0 0 0 1 -2.84 2.61 -0.27</i>
                <i>1 0 0 0 1 0 0 0 1 -2.84 2.61 -0.27</i>
                <i>1 0 0 0 1 0 0 0 1 -2.84 2.61 -0.27</i>
                <i>1 0 0 0 1 0 0 0 1 -2.84 2.61 -0.27</i>
                <i>1 0 0 0 1 0 0 0 1 -2.84 2.61 -0.27</i>
                <i>1 0 0 0 1 0 0 0 1 -2.84 2.61 -0.27</i>
                <i>1 0 0 0 1 0 0 0 1 -2.84 2.61 -0.27</i>
                <i>1 0 0 0 1 0 0 0 1 -2.84 2.61 -0.27</i>
                <i>1 0 0 0 1 0 0 0 1 -2.84 2.61 -0.27</i>
                <i>1 0 0 0 1 0 0 0 1 -2.84 2.61 -0.27</i>
                <i>1 0 0 0 1 0 0 0 1 -2.84 2.61 -0.27</i>
                <i>1 0 0 0 1 0 0 0 1 -2.84 2.61 -0.27</i>
                <i>1 0 0 0 1 0 0 0 1 -2.84 2.61 -0.27</i>
                <i>1 0 0 0 1 0 0 0 1 -2.84 2.61 -0.27</i>
                <i>1 0 0 0 1 0 0 0 1 -2.84 2.61 -0.27</i>
                <i>1 0 0 0 1 0 0 0 1 -2.84 2.61 -0.27</i>
                <i>1 0 0 0 1 0 0 0 1 -2.84 2.61 -0.27</i>
                <i>1 0 0 0 1 0 0 0 1 -2.84 2.61 -0.27</i>
                <i>1 0 0 0 1 0 0 0 1 -2.84 2.61 -0.27</i>
                <i>1 0 0 0 1 0 0 0 1 -2.84 2.61 -0.27</i>
                <i>1 0 0 0 1 0 0 0 1 -2.84 2.61 -0.27</i>
                <i>1 0 0 0 1 0 0 0 1 -2.84 2.61 -0.27</i>
                <i>1 0 0 0 1 0 0 0 1 -2.84 2.61 -0.27</i>
                <i>1 0 0 0 1 0 0 0 1 -2.84 2.61 -0.27</i>
                <i>1 0 0 0 1 0 0 0 1 -2.84 2.61 -0.27</i>
                <i>1 0 0 0 1 0 0 0 1 -2.84 2.61 -0.27</i>
                <i>1 0 0 0 1 0 0 0 1 -2.84 2.61 -0.27</i>
                <i>1 0 0 0 1 0 0 0 1 -2.84 2.61 -0.27</i>
                <i>1 0 0 0 1 0 0 0 1 -2.84 2.61 -0.27</i>
                <i>1 0 0 0 1 0 0 0 1 -2.84 2.61 -0.27</i>
                <i>1 0 0 0 1 0 0 0 1 -2.84 2.61 -0.27</i>
            </KeyFrames>
        </RefFrame>
        <Bones count="23">
            <i>
                <p>
                    <Name><![CDATA[pelvis]]></Name>
                    <Exclude>0</Exclude>
                    <Additive>0</Additive>
                    <IKPriority>0</IKPriority>
                    <IKRotLimits>-1e+010 -1e+010 -1e+010 1e+010 1e+010 1e+010</IKRotLimits>
                    <IKRotLimitOrder>2</IKRotLimitOrder>
                    <KeyFrames count="90">
                        <i>1 0 0 0 1 0 0 0 1 -2.68 3.32 -0.43</i>
                        <i>1 0 0 0 1 0 0 0 1 -2.68 3.31999 -0.43</i>
                        <i>1 0 0 0 1 0 0 0 1 -2.68 3.31995 -0.43</i>
                        <i>1 0 0 0 1 0 0 0 1 -2.68 3.31988 -0.43</i>
                        <i>1 0 0 0 1 0 0 0 1 -2.68 3.3198 -0.43</i>
                        <i>1 0 0 0 1 0 0 0 1 -2.68 3.31969 -0.43</i>
                        <i>1 0 0 0 1 0 0 0 1 -2.68 3.31957 -0.43</i>
                        <i>1 0 0 0 1 0 0 0 1 -2.68 3.31943 -0.43</i>
                        <i>1 0 0 0 1 0 0 0 1 -2.68 3.31927 -0.43</i>
                        <i>1 0 0 0 1 0 0 0 1 -2.68 3.3191 -0.43</i>
                        <i>1 0 0 0 1 0 0 0 1 -2.68 3.31892 -0.43</i>
                        <i>1 0 0 0 1 0 0 0 1 -2.68 3.31874 -0.43</i>
                        <i>1 0 0 0 1 0 0 0 1 -2.68 3.31854 -0.43</i>
                        <i>1 0 0 0 1 0 0 0 1 -2.68 3.31834 -0.43</i>
                        <i>1 0 0 0 1 0 0 0 1 -2.68 3.31814 -0.43</i>
                        <i>1 0 0 0 1 0 0 0 1 -2.68 3.31794 -0.43</i>
                        <i>1 0 0 0 1 0 0 0 1 -2.68 3.31773 -0.43</i>
                        <i>1 0 0 0 1 0 0 0 1 -2.68 3.31753 -0.43</i>
                        <i>1 0 0 0 1 0 0 0 1 -2.68 3.31734 -0.43</i>
                        <i>1 0 0 0 1 0 0 0 1 -2.68 3.31715 -0.43</i>
                        <i>1 0 0 0 1 0 0 0 1 -2.68 3.31696 -0.43</i>
                        <i>1 0 0 0 1 0 0 0 1 -2.68 3.31679 -0.43</i>
                        <i>1 0 0 0 1 0 0 0 1 -2.68 3.31663 -0.43</i>
                        <i>1 0 0 0 1 0 0 0 1 -2.68 3.31649 -0.43</i>
                        <i>1 0 0 0 1 0 0 0 1 -2.68 3.31636 -0.43</i>
                        <i>1 0 0 0 1 0 0 0 1 -2.68 3.31624 -0.43</i>
                        <i>1 0 0 0 1 0 0 0 1 -2.68 3.31615 -0.43</i>
                        <i>1 0 0 0 1 0 0 0 1 -2.68 3.31608 -0.43</i>
                        <i>1 0 0 0 1 0 0 0 1 -2.68 3.31603 -0.43</i>
                        <i>1 0 0 0 1 0 0 0 1 -2.68 3.31601 -0.43</i>
                        <i>1 0 0 0 1 0 0 0 1 -2.68 3.31602 -0.43</i>
                        <i>1 0 0 0 1 0 0 0 1 -2.68 3.31605 -0.43</i>
                        <i>1 0 0 0 1 0 0 0 1 -2.68 3.31611 -0.43</i>
                        <i>1 0 0 0 1 0 0 0 1 -2.68 3.31621 -0.43</i>
                        <i>1 0 0 0 1 0 0 0 1 -2.68 3.31634 -0.43</i>
                        <i>1 0 0 0 1 0 0 0 1 -2.68 3.31651 -0.43</i>
                        <i>1 0 0 0 1 0 0 0 1 -2.68 3.31672 -0.43</i>
                        <i>1 0 0 0 1 0 0 0 1 -2.68 3.31697 -0.43</i>
                        <i>1 0 0 0 1 0 0 0 1 -2.68 3.31726 -0.43</i>
                        <i>1 0 0 0 1 0 0 0 1 -2.68 3.31759 -0.43</i>
                        <i>1 0 0 0 1 0 0 0 1 -2.68 3.31798 -0.43</i>
                        <i>1 0 0 0 1 0 0 0 1 -2.68 3.31841 -0.43</i>
                        <i>1 0 0 0 1 0 0 0 1 -2.68 3.31888 -0.43</i>
                        <i>1 0 0 0 1 0 0 0 1 -2.68 3.31942 -0.43</i>
                        <i>1 0 0 0 1 0 0 0 1 -2.68 3.32 -0.43</i>
                        <i>1 0 0 0 1 0 0 0 1 -2.68 3.3233 -0.43</i>
                        <i>1 0 0 0 1 0 0 0 1 -2.68 3.33109 -0.43</i>
                        <i>1 0 0 0 1 0 0 0 1 -2.68 3.34024 -0.43</i>
                        <i>1 0 0 0 1 0 0 0 1 -2.68 3.34759 -0.43</i>
                        <i>1 0 0 0 1 0 0 0 1 -2.68 3.35 -0.43</i>
                        <i>1 0 0 0 1 0 0 0 1 -2.68 3.34369 -0.43</i>
                        <i>1 0 0 0 1 0 0 0 1 -2.68 3.33094 -0.43</i>
                        <i>1 0 0 0 1 0 0 0 1 -2.68 3.31773 -0.43</i>
                        <i>1 0 0 0 1 0 0 0 1 -2.68 3.31 -0.43</i>
                        <i>1 0 0 0 1 0 0 0 1 -2.68 3.30866 -0.43</i>
                        <i>1 0 0 0 1 0 0 0 1 -2.68 3.30993 -0.43</i>
                        <i>1 0 0 0 1 0 0 0 1 -2.68 3.31275 -0.43</i>
                        <i>1 0 0 0 1 0 0 0 1 -2.68 3.31607 -0.43</i>
                        <i>1 0 0 0 1 0 0 0 1 -2.68 3.31884 -0.43</i>
                        <i>1 0 0 0 1 0 0 0 1 -2.68 3.32 -0.43</i>
                        <i>1 0 0 0 1 0 0 0 1 -2.68 3.32058 -0.43</i>
                        <i>1 0 0 0 1 0 0 0 1 -2.68 3.32074 -0.43</i>
                        <i>1 0 0 0 1 0 0 0 1 -2.68 3.32062 -0.43</i>
                        <i>1 0 0 0 1 0 0 0 1 -2.68 3.32037 -0.43</i>
                        <i>1 0 0 0 1 0 0 0 1 -2.68 3.32012 -0.43</i>
                        <i>1 0 0 0 1 0 0 0 1 -2.68 3.32 -0.43</i>
                        <i>1 0 0 0 1 0 0 0 1 -2.68 3.32 -0.43</i>
                        <i>1 0 0 0 1 0 0 0 1 -2.68 3.32 -0.43</i>
                        <i>1 0 0 0 1 0 0 0 1 -2.68 3.32 -0.43</i>
                        <i>1 0 0 0 1 0 0 0 1 -2.68 3.32 -0.43</i>
                        <i>1 0 0 0 1 0 0 0 1 -2.68 3.32 -0.43</i>
                        <i>1 0 0 0 1 0 0 0 1 -2.68 3.32 -0.43</i>
                        <i>1 0 0 0 1 0 0 0 1 -2.68 3.32 -0.43</i>
                        <i>1 0 0 0 1 0 0 0 1 -2.68 3.32 -0.43</i>
                        <i>1 0 0 0 1 0 0 0 1 -2.68 3.32 -0.43</i>
                        <i>1 0 0 0 1 0 0 0 1 -2.68 3.32 -0.43</i>
                        <i>1 0 0 0 1 0 0 0 1 -2.68 3.32 -0.43</i>
                        <i>1 0 0 0 1 0 0 0 1 -2.68 3.32 -0.43</i>
                        <i>1 0 0 0 1 0 0 0 1 -2.68 3.32 -0.43</i>
                        <i>1 0 0 0 1 0 0 0 1 -2.68 3.32 -0.43</i>
                        <i>1 0 0 0 1 0 0 0 1 -2.68 3.32138 -0.43</i>
                        <i>1 0 0 0 1 0 0 0 1 -2.68 3.3239 -0.43</i>
                        <i>1 0 0 0 1 0 0 0 1 -2.68 3.32673 -0.43</i>
                        <i>1 0 0 0 1 0 0 0 1 -2.68 3.32904 -0.43</i>
                        <i>1 0 0 0 1 0 0 0 1 -2.68 3.33 -0.43</i>
                        <i>1 0 0 0 1 0 0 0 1 -2.68 3.32928 -0.43</i>
                        <i>1 0 0 0 1 0 0 0 1 -2.68 3.32744 -0.43</i>
                        <i>1 0 0 0 1 0 0 0 1 -2.68 3.32496 -0.43</i>
                        <i>1 0 0 0 1 0 0 0 1 -2.68 3.32232 -0.43</i>
                        <i>1 0 0 0 1 0 0 0 1 -2.68 3.32 -0.43</i>
                    </KeyFrames>
                </p>
            </i>
            <i>
                <p>
                    <Name><![CDATA[spine0]]></Name>
                    <Exclude>0</Exclude>
                    <Additive>0</Additive>
                    <IKPriority>0</IKPriority>
                    <IKRotLimits>-1e+010 -1e+010 -1e+010 1e+010 1e+010 1e+010</IKRotLimits>
                    <IKRotLimitOrder>0</IKRotLimitOrder>
                    <KeyFrames count="90">
                        <i>0.359246 0.92389 -0.131794 0.0752143 0.112099 0.990846 0.930207 -0.36587 -0.0292184 -2.72725 3.45491 -0.446235</i>
                        <i>0.359755 0.923639 -0.132163 0.0753362 0.11243 0.9908 0.930001 -0.366401 -0.0291363 -2.72785 3.45469 -0.446163</i>
                        <i>0.360106 0.923456 -0.132483 0.0754238 0.112727 0.990759 0.929857 -0.366771 -0.0290571 -2.72851 3.45442 -0.446087</i>
                        <i>0.360313 0.923337 -0.132752 0.0754764 0.112987 0.990726 0.929773 -0.366991 -0.0289793 -2.72922 3.45411 -0.44601</i>
                        <i>0.360388 0.923277 -0.132969 0.0754936 0.113212 0.990699 0.929743 -0.367074 -0.0289014 -2.72995 3.45376 -0.445934</i>
                        <i>0.36034 0.923272 -0.133135 0.0754753 0.113398 0.990679 0.929763 -0.367029 -0.0288226 -2.73069 3.45339 -0.445861</i>
                        <i>0.360178 0.923319 -0.133246 0.0754213 0.113544 0.990666 0.92983 -0.366866 -0.0287419 -2.73142 3.45299 -0.445793</i>
                        <i>0.35991 0.923415 -0.133302 0.0753315 0.113649 0.990661 0.929941 -0.366591 -0.028659 -2.73212 3.45259 -0.445732</i>
                        <i>0.359543 0.923558 -0.133302 0.0752057 0.11371 0.990663 0.930093 -0.366211 -0.0285731 -2.73277 3.45218 -0.44568</i>
                        <i>0.359082 0.923745 -0.133245 0.0750436 0.113727 0.990674 0.930284 -0.365733 -0.0284837 -2.73335 3.45179 -0.44564</i>
                        <i>0.358534 0.923975 -0.133128 0.0748446 0.113698 0.990692 0.930512 -0.365161 -0.0283898 -2.73385 3.45141 -0.445613</i>
                        <i>0.357902 0.924246 -0.132951 0.0746077 0.113622 0.990719 0.930774 -0.3645 -0.0282902 -2.73424 3.45107 -0.445602</i>
                        <i>0.357194 0.924554 -0.132712 0.0743317 0.113497 0.990754 0.931068 -0.363756 -0.0281831 -2.73451 3.45076 -0.445608</i>
                        <i>0.356415 0.924898 -0.132411 0.0740148 0.113323 0.990797 0.931391 -0.362936 -0.028066 -2.73464 3.4505 -0.445635</i>
                        <i>0.355574 0.925274 -0.132045 0.0736545 0.113099 0.99085 0.931741 -0.362046 -0.0279355 -2.73461 3.45031 -0.445683</i>
                        <i>0.354678 0.925677 -0.131623 0.0732559 0.11283 0.99091 0.932114 -0.361097 -0.027793 -2.73443 3.45017 -0.445752</i>
                        <i>0.35375 0.926098 -0.131159 0.0728287 0.112528 0.990976 0.9325 -0.36011 -0.0276396 -2.73414 3.45008 -0.445834</i>
                        <i>0.352819 0.926523 -0.130669 0.0723778 0.112207 0.991045 0.932888 -0.359117 -0.0274708 -2.73374 3.45002 -0.445929</i>
                        <i>0.351917 0.926937 -0.130166 0.0719083 0.111879 0.991117 0.933265 -0.358151 -0.0272825 -2.73326 3.45001 -0.446035</i>
                        <i>0.351073 0.927327 -0.129665 0.0714256 0.111554 0.991188 0.93362 -0.357241 -0.0270714 -2.7327 3.45003 -0.446148</i>
                        <i>0.350379 0.927654 -0.129201 0.070935 0.111267 0.991256 0.933918 -0.356481 -0.0268176 -2.73207 3.45008 -0.446267</i>
                        <i>0.349898 0.927891 -0.128799 0.0704429 0.11104 0.991316 0.934135 -0.355933 -0.0265106 -2.7314 3.45016 -0.446389</i>
                        <i>0.349611 0.928047 -0.128458 0.0699571 0.110869 0.99137 0.934279 -0.355581 -0.0261625 -2.73068 3.45025 -0.446513</i>
                        <i>0.349502 0.928127 -0.128172 0.0694854 0.110746 0.991417 0.934355 -0.355408 -0.0257853 -2.72994 3.45037 -0.446636</i>
                        <i>0.349551 0.928141 -0.12794 0.069036 0.110668 0.991457 0.93437 -0.355398 -0.0253911 -2.72918 3.45051 -0.446757</i>
                        <i>0.34974 0.928095 -0.127758 0.0686169 0.110627 0.99149 0.93433 -0.355531 -0.0249921 -2.72842 3.45066 -0.446873</i>
                        <i>0.350049 0.927997 -0.127623 0.068236 0.11062 0.991518 0.934243 -0.355788 -0.0246005 -2.72768 3.45082 -0.446982</i>
                        <i>0.350456 0.927855 -0.127533 0.0679014 0.11064 0.991538 0.934114 -0.356151 -0.0242284 -2.72695 3.45099 -0.447083</i>
                        <i>0.350942 0.927678 -0.127485 0.0676209 0.110681 0.991553 0.933952 -0.356598 -0.0238878 -2.72627 3.45116 -0.447175</i>
                        <i>0.351484 0.927474 -0.127475 0.0674023 0.11074 0.991561 0.933764 -0.35711 -0.0235906 -2.72564 3.45135 -0.447254</i>
                        <i>0.352061 0.927252 -0.127502 0.067253 0.11081 0.991563 0.933558 -0.357666 -0.0233486 -2.72507 3.45153 -0.447319</i>
                        <i>0.352651 0.92702 -0.127562 0.0671806 0.110887 0.99156 0.93334 -0.358244 -0.0231734 -2.72458 3.45172 -0.44737</i>
                        <i>0.353231 0.926786 -0.127654 0.0671921 0.110966 0.99155 0.93312 -0.358824 -0.0230762 -2.72418 3.45191 -0.447403</i>
                        <i>0.35378 0.92656 -0.127776 0.0672946 0.111041 0.991535 0.932905 -0.359384 -0.0230683 -2.72388 3.45211 -0.447417</i>
                        <i>0.354207 0.926374 -0.127937 0.0675274 0.111113 0.991511 0.932726 -0.359839 -0.0231988 -2.72382 3.45226 -0.447398</i>
                        <i>0.354458 0.92625 -0.128142 0.0679122 0.111177 0.991477 0.932603 -0.360139 -0.0234961 -2.72407 3.45236 -0.447335</i>
                        <i>0.354969 0.926001 -0.128527 0.0684335 0.111374 0.991419 0.93237 -0.360719 -0.0238351 -2.72454 3.45242 -0.447237</i>
                        <i>0.356011 0.925512 -0.129167 0.0690723 0.111784 0.991329 0.931926 -0.361846 -0.024131 -2.72517 3.45248 -0.447113</i>
                        <i>0.357368 0.924878 -0.129957 0.0698047 0.112307 0.991219 0.931351 -0.363302 -0.024426 -2.72586 3.45256 -0.446971</i>
                        <i>0.358818 0.924199 -0.13079 0.0706099 0.112843 0.991101 0.930733 -0.36486 -0.0247673 -2.72655 3.45267 -0.446819</i>
                        <i>0.360129 0.92358 -0.131558 0.0714708 0.113291 0.990988 0.930161 -0.366286 -0.0252094 -2.72716 3.45286 -0.446666</i>
                        <i>0.361063 0.92313 -0.132152 0.0723738 0.113545 0.990893 0.929729 -0.367339 -0.0258133 -2.72761 3.45315 -0.446521</i>
                        <i>0.36138 0.922962 -0.132463 0.0733074 0.1135 0.99083 0.929533 -0.367776 -0.0266432 -2.72783 3.45357 -0.446395</i>
                        <i>0.360846 0.923182 -0.13238 0.0742597 0.113052 0.99081 0.929664 -0.36736 -0.027761 -2.72773 3.45414 -0.446296</i>
                        <i>0.359246 0.92389 -0.131794 0.0752143 0.112099 0.990846 0.930207 -0.36587 -0.0292184 -2.72725 3.45491 -0.446235</i>
                        <i>0.351742 0.92711 -0.129399 0.0801128 0.107912 0.990927 0.932662 -0.358918 -0.0363162 -2.72635 3.45857 -0.445772</i>
                        <i>0.334642 0.934198 -0.123649 0.0919276 0.0982255 0.990909 0.937851 -0.342967 -0.0530082 -2.72415 3.46722 -0.444683</i>
                        <i>0.315621 0.941668 -0.116808 0.106398 0.0872023 0.990492 0.942901 -0.325048 -0.072669 -2.72141 3.47736 -0.443404</i>
                        <i>0.30006 0.947456 -0.110869 0.119407 0.0780048 0.989776 0.946418 -0.31023 -0.0897266 -2.71893 3.48554 -0.442314</i>
                        <i>0.29098 0.950714 -0.107114 0.126884 0.0726221 0.989255 0.948278 -0.301444 -0.0994991 -2.71748 3.4884 -0.441712</i>
                        <i>0.291282 0.950662 -0.106757 0.126567 0.0723178 0.989318 0.948227 -0.301683 -0.0992577 -2.71662 3.48231 -0.441853</i>
                        <i>0.290095 0.95114 -0.105727 0.12632 0.0714542 0.989413 0.948624 -0.300379 -0.0994195 -2.71611 3.46969 -0.441935</i>
                        <i>0.287764 0.952015 -0.10421 0.126135 0.070189 0.989527 0.949359 -0.297895 -0.0998843 -2.71591 3.45652 -0.441968</i>
                        <i>0.284643 0.95315 -0.102388 0.126009 0.0686787 0.989649 0.950316 -0.294598 -0.100556 -2.71594 3.44879 -0.441963</i>
                        <i>0.281082 0.954413 -0.100441 0.125939 0.0670715 0.989768 0.951385 -0.290855 -0.101345 -2.71614 3.44739 -0.44193</i>
                        <i>0.277427 0.955681 -0.0985315 0.125919 0.0655038 0.989876 0.952459 -0.287025 -0.102165 -2.71645 3.44858 -0.441879</i>
                        <i>0.274017 0.95684 -0.0968123 0.125936 0.0640988 0.989965 0.953444 -0.28346 -0.102936 -2.71681 3.45132 -0.441822</i>
                        <i>0.271182 0.957786 -0.0954224 0.125974 0.0629675 0.990033 0.954249 -0.2805 -0.10358 -2.71714 3.45456 -0.441768</i>
                        <i>0.269245 0.958425 -0.0944926 0.126012 0.0622131 0.990076 0.954792 -0.27848 -0.104023 -2.71739 3.45727 -0.441728</i>
                        <i>0.268527 0.95866 -0.0941527 0.12603 0.0619378 0.990091 0.954992 -0.277732 -0.104188 -2.71748 3.4584 -0.441712</i>
                        <i>0.279819 0.956004 -0.0880826 0.126475 0.054241 0.990486 0.951686 -0.288297 -0.105732 -2.71914 3.45852 -0.441741</i>
                        <i>0.300229 0.950572 -0.0792129 0.127751 0.042225 0.990907 0.945274 -0.307619 -0.10876 -2.72188 3.45786 -0.441825</i>
                        <i>0.326891 0.942538 -0.0690199 0.130111 0.0274523 0.991119 0.936063 -0.332968 -0.113661 -2.72511 3.45671 -0.44191</i>
                        <i>0.355838 0.932678 -0.0590846 0.13335 0.011903 0.990998 0.924985 -0.360513 -0.120137 -2.72824 3.45537 -0.441956</i>
                        <i>0.381728 0.922855 -0.0512167 0.13664 -0.00154215 0.99062 0.914119 -0.385145 -0.126688 -2.73071 3.45421 -0.441945</i>
                        <i>0.398388 0.915992 -0.0473938 0.13863 -0.00905482 0.990303 0.90668 -0.401095 -0.130591 -2.73195 3.45363 -0.441872</i>
                        <i>0.399915 0.915284 -0.0481957 0.138541 -0.00838597 0.990321 0.906021 -0.402722 -0.130158 -2.73187 3.45366 -0.441844</i>
                        <i>0.403891 0.913422 -0.0503232 0.1383 -0.00659023 0.990368 0.904293 -0.406961 -0.128988 -2.73165 3.45375 -0.441766</i>
                        <i>0.409405 0.91079 -0.0533768 0.137945 -0.00396304 0.990432 0.901864 -0.412851 -0.127262 -2.73131 3.45389 -0.441646</i>
                        <i>0.415526 0.907798 -0.0569337 0.137519 -0.000825952 0.990499 0.899126 -0.419407 -0.125182 -2.73088 3.45407 -0.441492</i>
                        <i>0.421296 0.904903 -0.0605078 0.137058 0.00242545 0.99056 0.896507 -0.425612 -0.123002 -2.73038 3.45428 -0.441311</i>
                        <i>0.425738 0.902613 -0.0635329 0.136594 0.00529948 0.990613 0.894477 -0.43042 -0.121035 -2.72983 3.4545 -0.441112</i>
                        <i>0.427883 0.901467 -0.0653689 0.136145 0.00721518 0.990663 0.893521 -0.432787 -0.119643 -2.72925 3.45473 -0.440904</i>
                        <i>0.427341 0.901702 -0.0656679 0.13572 0.00782911 0.990716 0.893845 -0.432286 -0.119033 -2.72868 3.45495 -0.440695</i>
                        <i>0.424878 0.90293 -0.0647745 0.135322 0.00739962 0.990774 0.895079 -0.429724 -0.119043 -2.72813 3.45517 -0.440493</i>
                        <i>0.421266 0.904741 -0.0630777 0.134959 0.00624011 0.990832 0.896839 -0.425917 -0.119474 -2.72762 3.45536 -0.440308</i>
                        <i>0.41725 0.906743 -0.0609959 0.134642 0.00469891 0.990883 0.898763 -0.421658 -0.120125 -2.72719 3.45552 -0.440148</i>
                        <i>0.413541 0.908574 -0.0589644 0.134387 0.00314211 0.990924 0.900513 -0.417712 -0.120801 -2.72685 3.45565 -0.440022</i>
                        <i>0.410823 0.909905 -0.0574243 0.134216 0.0019404 0.99095 0.901782 -0.414813 -0.121327 -2.72662 3.45573 -0.43994</i>
                        <i>0.409767 0.910419 -0.0568146 0.134154 0.00146 0.990959 0.902271 -0.413685 -0.121538 -2.72654 3.45576 -0.439911</i>
                        <i>0.405261 0.912281 -0.0592181 0.130931 0.00618884 0.991372 0.904777 -0.409517 -0.116938 -2.72636 3.45718 -0.440178</i>
                        <i>0.399379 0.914631 -0.0628204 0.126557 0.0128641 0.991876 0.908009 -0.404085 -0.110615 -2.7262 3.45972 -0.440607</i>
                        <i>0.392579 0.917225 -0.0676694 0.121248 0.0213201 0.992393 0.911691 -0.397798 -0.102842 -2.72609 3.46255 -0.441169</i>
                        <i>0.385322 0.919827 -0.0737865 0.115216 0.0313789 0.992845 0.915561 -0.391067 -0.0938879 -2.72602 3.46483 -0.441831</i>
                        <i>0.37808 0.922209 -0.0811494 0.108671 0.0428401 0.993154 0.919373 -0.38431 -0.0840202 -2.72601 3.46573 -0.442563</i>
                        <i>0.371334 0.924158 -0.0896797 0.101816 0.0554745 0.993255 0.9229 -0.37796 -0.0734944 -2.72607 3.46491 -0.443337</i>
                        <i>0.365574 0.925477 -0.0992379 0.0948505 0.0690216 0.993096 0.925937 -0.372462 -0.0625494 -2.72621 3.46294 -0.44412</i>
                        <i>0.361299 0.925984 -0.109622 0.0879691 0.0831901 0.992643 0.928291 -0.368284 -0.0514015 -2.72645 3.4603 -0.444885</i>
                        <i>0.359017 0.92551 -0.120576 0.0813617 0.0976621 0.991888 0.929778 -0.365915 -0.0402387 -2.72679 3.45746 -0.4456</i>
                        <i>0.359246 0.92389 -0.131794 0.0752143 0.112099 0.990846 0.930207 -0.36587 -0.0292184 -2.72725 3.45491 -0.446235</i>
                    </KeyFrames>
                </p>
            </i>
            <i>
                <p>
                    <Name><![CDATA[spine1]]></Name>
                    <Exclude>0</Exclude>
                    <Additive>0</Additive>
                    <IKPriority>0</IKPriority>
                    <IKRotLimits>-1e+010 -1e+010 -1e+010 1e+010 1e+010 1e+010</IKRotLimits>
                    <IKRotLimitOrder>0</IKRotLimitOrder>
                    <KeyFrames count="90">
                        <i>0.787282 0.54553 -0.287373 0.263041 0.124379 0.956734 0.55767 -0.828811 -0.0455747 -2.65641 3.63753 -0.472273</i>
                        <i>0.789468 0.542261 -0.287563 0.262852 0.124684 0.956746 0.554661 -0.830907 -0.0441006 -2.6568 3.63756 -0.472316</i>
                        <i>0.791625 0.539079 -0.287616 0.262544 0.124942 0.956797 0.551725 -0.832936 -0.0426249 -2.65727 3.63758 -0.47235</i>
                        <i>0.793716 0.536035 -0.287544 0.26213 0.125158 0.956882 0.548911 -0.834866 -0.0411717 -2.6578 3.63758 -0.472375</i>
                        <i>0.795703 0.53318 -0.287358 0.261624 0.125334 0.956998 0.546268 -0.836666 -0.0397639 -2.65838 3.63758 -0.472393</i>
                        <i>0.797556 0.530562 -0.287069 0.261038 0.125475 0.957139 0.543842 -0.838308 -0.0384233 -2.65899 3.63756 -0.472405</i>
                        <i>0.799241 0.528227 -0.286689 0.260385 0.125585 0.957302 0.541676 -0.839765 -0.0371701 -2.65962 3.63753 -0.47241</i>
                        <i>0.800729 0.526218 -0.286229 0.259678 0.125665 0.957484 0.539814 -0.841013 -0.0360234 -2.66024 3.63749 -0.472409</i>
                        <i>0.801993 0.524578 -0.2857 0.258928 0.125721 0.95768 0.538296 -0.842028 -0.035001 -2.66084 3.63743 -0.472403</i>
                        <i>0.803005 0.523348 -0.285115 0.258148 0.125754 0.957886 0.537162 -0.842789 -0.0341197 -2.66141 3.63735 -0.472392</i>
                        <i>0.803738 0.522566 -0.284483 0.257347 0.125769 0.958099 0.536449 -0.843271 -0.0333954 -2.66192 3.63727 -0.472377</i>
                        <i>0.804165 0.522272 -0.283815 0.256538 0.125769 0.958317 0.536197 -0.843454 -0.0328438 -2.66237 3.63718 -0.472359</i>
                        <i>0.804258 0.522505 -0.283121 0.255731 0.125756 0.958534 0.536443 -0.843311 -0.0324802 -2.66272 3.63707 -0.472337</i>
                        <i>0.803987 0.523305 -0.282412 0.254936 0.125734 0.958749 0.537227 -0.842818 -0.0323206 -2.66298 3.63696 -0.472314</i>
                        <i>0.803319 0.524715 -0.281696 0.254164 0.125706 0.958957 0.53859 -0.841946 -0.0323817 -2.66312 3.63684 -0.472288</i>
                        <i>0.802273 0.526698 -0.280975 0.253421 0.125665 0.959159 0.540496 -0.840712 -0.0326591 -2.66315 3.6367 -0.472261</i>
                        <i>0.800921 0.529135 -0.280253 0.252708 0.125607 0.959355 0.54283 -0.839189 -0.0331157 -2.66309 3.63657 -0.472232</i>
                        <i>0.799308 0.531943 -0.279542 0.252032 0.125541 0.959541 0.545516 -0.837422 -0.0337208 -2.66295 3.63643 -0.472204</i>
                        <i>0.79748 0.53504 -0.278852 0.251398 0.125475 0.959716 0.548476 -0.835457 -0.0344439 -2.66273 3.63629 -0.472179</i>
                        <i>0.795483 0.538343 -0.278196 0.250812 0.125418 0.959877 0.551634 -0.833341 -0.0352551 -2.66243 3.63614 -0.472156</i>
                        <i>0.793428 0.541668 -0.277612 0.250286 0.125405 0.960016 0.554823 -0.831186 -0.0360719 -2.66205 3.63598 -0.472145</i>
                        <i>0.791399 0.544875 -0.277124 0.249829 0.125459 0.960128 0.557918 -0.829078 -0.0368373 -2.66157 3.63582 -0.472147</i>
                        <i>0.789409 0.547954 -0.27673 0.249445 0.125569 0.960213 0.560901 -0.82703 -0.0375588 -2.66102 3.63565 -0.472162</i>
                        <i>0.78747 0.550889 -0.276426 0.249135 0.125722 0.960274 0.563758 -0.825054 -0.0382434 -2.66041 3.63549 -0.472187</i>
                        <i>0.785596 0.553668 -0.276208 0.248901 0.125906 0.96031 0.566469 -0.823164 -0.0388971 -2.65976 3.63532 -0.472219</i>
                        <i>0.783801 0.556273 -0.276073 0.248746 0.12611 0.960324 0.569018 -0.821375 -0.0395251 -2.65907 3.63516 -0.472258</i>
                        <i>0.782102 0.558688 -0.276015 0.248671 0.126323 0.960315 0.571384 -0.819701 -0.0401319 -2.65837 3.635 -0.472301</i>
                        <i>0.780515 0.560895 -0.276032 0.248678 0.126534 0.960285 0.573547 -0.81816 -0.0407208 -2.65768 3.63486 -0.472345</i>
                        <i>0.779057 0.562875 -0.276119 0.248769 0.126731 0.960236 0.575486 -0.816769 -0.0412947 -2.657 3.63474 -0.47239</i>
                        <i>0.777748 0.564608 -0.276271 0.248943 0.126905 0.960168 0.577179 -0.815544 -0.0418555 -2.65635 3.63463 -0.472434</i>
                        <i>0.776605 0.566076 -0.276485 0.249203 0.127044 0.960082 0.578605 -0.814505 -0.0424048 -2.65575 3.63455 -0.472474</i>
                        <i>0.775646 0.567256 -0.276756 0.249547 0.127138 0.95998 0.579741 -0.813669 -0.0429435 -2.65521 3.6345 -0.47251</i>
                        <i>0.774891 0.56813 -0.277079 0.249978 0.127176 0.959863 0.580565 -0.813053 -0.0434726 -2.65476 3.63449 -0.47254</i>
                        <i>0.774356 0.568677 -0.27745 0.250494 0.127148 0.959732 0.581055 -0.812674 -0.0439928 -2.6544 3.63451 -0.472561</i>
                        <i>0.774267 0.568616 -0.277824 0.251068 0.126988 0.959603 0.580926 -0.812742 -0.0444391 -2.65427 3.6346 -0.472568</i>
                        <i>0.774738 0.567802 -0.278177 0.251686 0.126657 0.959485 0.58003 -0.813363 -0.0447821 -2.65443 3.63476 -0.472558</i>
                        <i>0.77623 0.565479 -0.278749 0.252378 0.126457 0.95933 0.57773 -0.815011 -0.0445545 -2.65473 3.63497 -0.472564</i>
                        <i>0.778928 0.561291 -0.279684 0.253168 0.126577 0.959106 0.573739 -0.817882 -0.0435067 -2.65505 3.63521 -0.472603</i>
                        <i>0.782272 0.556025 -0.280868 0.254077 0.126877 0.958826 0.568767 -0.821424 -0.042021 -2.65536 3.63546 -0.472659</i>
                        <i>0.785722 0.550462 -0.282192 0.255122 0.127214 0.958504 0.563519 -0.825111 -0.0404799 -2.65565 3.63573 -0.472712</i>
                        <i>0.78877 0.545382 -0.283551 0.256322 0.127445 0.958153 0.558696 -0.828442 -0.0392683 -2.65592 3.63602 -0.472743</i>
                        <i>0.79093 0.541563 -0.28485 0.257695 0.127422 0.957788 0.554999 -0.830947 -0.0387757 -2.65614 3.63634 -0.472733</i>
                        <i>0.791731 0.539788 -0.285992 0.259258 0.126998 0.957422 0.553125 -0.832166 -0.0393962 -2.6563 3.63669 -0.472664</i>
                        <i>0.79069 0.540845 -0.286874 0.261033 0.126029 0.957068 0.553779 -0.831627 -0.0415286 -2.6564 3.63709 -0.472516</i>
                        <i>0.787282 0.54553 -0.287373 0.263041 0.124379 0.956734 0.55767 -0.828811 -0.0455747 -2.65641 3.63753 -0.472273</i>
                        <i>0.772189 0.565925 -0.288881 0.272773 0.115366 0.955136 0.573863 -0.816345 -0.0652848 -2.65756 3.6403 -0.471124</i>
                        <i>0.733019 0.61523 -0.290128 0.296607 0.0947398 0.950289 0.612133 -0.782634 -0.113036 -2.65999 3.6467 -0.468425</i>
                        <i>0.679741 0.675107 -0.286675 0.326307 0.0716907 0.942541 0.656868 -0.734228 -0.171561 -2.66232 3.65397 -0.4653</i>
                        <i>0.626935 0.727601 -0.278477 0.353152 0.0532006 0.934052 0.694432 -0.683935 -0.2236 -2.66387 3.65962 -0.462675</i>
                        <i>0.594201 0.757193 -0.271263 0.368223 0.0437477 0.928708 0.715078 -0.651724 -0.252821 -2.66467 3.66117 -0.461169</i>
                        <i>0.591348 0.759509 -0.271023 0.368034 0.0448593 0.92873 0.717536 -0.648948 -0.252998 -2.66383 3.65478 -0.461214</i>
                        <i>0.589169 0.761379 -0.270521 0.367145 0.0459828 0.929026 0.71978 -0.646674 -0.252445 -2.66357 3.64217 -0.4611</i>
                        <i>0.587584 0.762851 -0.269821 0.365707 0.0470929 0.929538 0.721806 -0.644857 -0.251309 -2.66376 3.62924 -0.460866</i>
                        <i>0.586499 0.763978 -0.268991 0.363877 0.0481709 0.930201 0.72361 -0.643442 -0.249742 -2.6643 3.62191 -0.460552</i>
                        <i>0.585822 0.76481 -0.268099 0.361818 0.0491969 0.93095 0.72519 -0.642374 -0.247901 -2.66507 3.62104 -0.460196</i>
                        <i>0.585458 0.765398 -0.267217 0.359704 0.0501434 0.931718 0.726534 -0.641601 -0.245959 -2.66595 3.62279 -0.459832</i>
                        <i>0.585318 0.765785 -0.266413 0.357719 0.0509728 0.932437 0.727627 -0.641073 -0.2441 -2.66683 3.62607 -0.459494</i>
                        <i>0.585317 0.766015 -0.265755 0.356055 0.0516366 0.933037 0.728443 -0.640746 -0.24252 -2.6676 3.62978 -0.459215</i>
                        <i>0.585374 0.766124 -0.265312 0.354912 0.0520781 0.933448 0.728954 -0.640579 -0.241422 -2.66814 3.63281 -0.459026</i>
                        <i>0.585411 0.766152 -0.265149 0.354488 0.0522379 0.9336 0.729131 -0.640532 -0.241011 -2.66835 3.63407 -0.458955</i>
                        <i>0.623299 0.742884 -0.244176 0.33998 0.023757 0.940132 0.70421 -0.668999 -0.237758 -2.66746 3.63535 -0.458024</i>
                        <i>0.681576 0.700862 -0.210349 0.316573 -0.0232536 0.948283 0.659724 -0.712918 -0.237723 -2.66555 3.63653 -0.4567</i>
                        <i>0.743848 0.645944 -0.171599 0.289258 -0.0796819 0.953929 0.602512 -0.759214 -0.246116 -2.66256 3.63745 -0.455128</i>
                        <i>0.797892 0.587368 -0.135526 0.26272 -0.136493 0.955169 0.542538 -0.797727 -0.26322 -2.65875 3.63792 -0.453499</i>
                        <i>0.836852 0.536591 -0.108394 0.241496 -0.184167 0.952766 0.491283 -0.8235 -0.283705 -2.65492 3.63788 -0.452113</i>
                        <i>0.857679 0.505347 -0.0949242 0.230278 -0.212447 0.949652 0.459737 -0.836355 -0.298582 -2.65214 3.63756 -0.451362</i>
                        <i>0.85838 0.504017 -0.0956591 0.231048 -0.213328 0.949267 0.45804 -0.836934 -0.299568 -2.65181 3.63732 -0.451489</i>
                        <i>0.860156 0.500607 -0.097588 0.233107 -0.215683 0.948231 0.453643 -0.838375 -0.302216 -2.65094 3.6367 -0.451819</i>
                        <i>0.862514 0.495993 -0.1003 0.23607 -0.219072 0.94672 0.447593 -0.840237 -0.306041 -2.64971 3.63584 -0.452283</i>
                        <i>0.864979 0.491042 -0.103387 0.239565 -0.22305 0.944911 0.440931 -0.842096 -0.31057 -2.64831 3.63486 -0.452804</i>
                        <i>0.867109 0.486611 -0.106452 0.243263 -0.227191 0.942978 0.434678 -0.84356 -0.315374 -2.64692 3.63393 -0.453299</i>
                        <i>0.868497 0.483539 -0.109098 0.246882 -0.231099 0.941086 0.429839 -0.844265 -0.320086 -2.64572 3.63319 -0.453665</i>
                        <i>0.868754 0.48266 -0.110931 0.250189 -0.23442 0.939389 0.427401 -0.843852 -0.32441 -2.64491 3.63279 -0.453792</i>
                        <i>0.867672 0.484427 -0.111691 0.253086 -0.237052 0.937952 0.427893 -0.842103 -0.328285 -2.64456 3.63281 -0.453624</i>
                        <i>0.865573 0.488197 -0.111564 0.255624 -0.239159 0.936728 0.430626 -0.839325 -0.331805 -2.64456 3.63312 -0.453236</i>
                        <i>0.862857 0.493152 -0.110809 0.257797 -0.240813 0.935708 0.434762 -0.835949 -0.33492 -2.64479 3.63361 -0.452712</i>
                        <i>0.859941 0.498466 -0.109698 0.259571 -0.242062 0.934895 0.43946 -0.832429 -0.337547 -2.64515 3.63416 -0.452141</i>
                        <i>0.857268 0.503303 -0.10852 0.2609 -0.242937 0.934298 0.443872 -0.829257 -0.339574 -2.64553 3.63467 -0.451617</i>
                        <i>0.855311 0.506823 -0.107583 0.261733 -0.243454 0.933931 0.447146 -0.826959 -0.340881 -2.64583 3.63505 -0.451234</i>
                        <i>0.854551 0.508183 -0.107201 0.26202 -0.243623 0.933806 0.448428 -0.826074 -0.341342 -2.64595 3.63519 -0.451085</i>
                        <i>0.849775 0.514372 -0.115344 0.263847 -0.225595 0.937812 0.456363 -0.827362 -0.32742 -2.64669 3.63692 -0.451823</i>
                        <i>0.843235 0.522452 -0.126483 0.265447 -0.200103 0.943131 0.467431 -0.828856 -0.307417 -2.64772 3.63985 -0.452957</i>
                        <i>0.835341 0.531485 -0.140462 0.266654 -0.168304 0.948983 0.48073 -0.830179 -0.282313 -2.64898 3.64311 -0.454469</i>
                        <i>0.826541 0.540519 -0.157068 0.267332 -0.131399 0.954603 0.495342 -0.831008 -0.253105 -2.65036 3.64583 -0.456331</i>
                        <i>0.817344 0.54861 -0.176002 0.267415 -0.0906469 0.959308 0.510332 -0.83115 -0.220796 -2.65179 3.64717 -0.458511</i>
                        <i>0.808326 0.554848 -0.196858 0.266925 -0.0473563 0.962553 0.524749 -0.830603 -0.186382 -2.65317 3.64676 -0.460966</i>
                        <i>0.800124 0.558384 -0.219111 0.265982 -0.00286786 0.963974 0.537639 -0.829578 -0.150815 -2.65441 3.64513 -0.463641</i>
                        <i>0.79342 0.558446 -0.24212 0.264806 0.0414689 0.963409 0.548053 -0.828503 -0.114978 -2.65542 3.64275 -0.46647</i>
                        <i>0.788914 0.554357 -0.265147 0.263704 0.0843199 0.960911 0.555045 -0.827997 -0.0796647 -2.65612 3.64007 -0.469376</i>
                        <i>0.787282 0.54553 -0.287373 0.263041 0.124379 0.956734 0.55767 -0.828811 -0.0455747 -2.65641 3.63753 -0.472273</i>
                    </KeyFrames>
                </p>
            </i>
            <i>
                <p>
                    <Name><![CDATA[spine2]]></Name>
                    <Exclude>0</Exclude>
                    <Additive>0</Additive>
                    <IKPriority>0</IKPriority>
                    <IKRotLimits>-1e+010 -1e+010 -1e+010 1e+010 1e+010 1e+010</IKRotLimits>
                    <IKRotLimitOrder>0</IKRotLimitOrder>
                    <KeyFrames count="90">
                        <i>0.837161 0.221639 -0.500038 0.506979 0.0286555 0.861482 0.205266 -0.974708 -0.0883768 -2.51325 3.73606 -0.524631</i>
                        <i>0.838281 0.218351 -0.499607 0.506331 0.0281761 0.861879 0.202269 -0.975463 -0.0869385 -2.51301 3.73565 -0.524791</i>
