<?xml version="1.0" encoding="ISO-8859-1" ?>
<Animl Version="1">
    <ModellingPackage><![CDATA[Maya.2010]]></ModellingPackage>
    <SrcFile><![CDATA[anims\turrets\mortar\red\~src\mortar_m1938\mortar_m1938_aim_random_crewman_b.mb]]></SrcFile>
    <FramesPerSecond>30</FramesPerSecond>
    <TotalFrames>90</TotalFrames>
    <Skeleton>
        <RefFrame>
            <Name><![CDATA[soldier_ref_frame]]></Name>
            <Exclude>0</Exclude>
            <Additive>0</Additive>
            <IKPriority>0</IKPriority>
            <IKRotLimits>-1e+010 -1e+010 -1e+010 1e+010 1e+010 1e+010</IKRotLimits>
            <IKRotLimitOrder>0</IKRotLimitOrder>
            <KeyFrames count="90">
                <i>1 0 0 0 1 0 0 0 1 1.58 0.92 -1.75</i>
                <i>1 0 0 0 1 0 0 0 1 1.58 0.92 -1.75</i>
                <i>1 0 0 0 1 0 0 0 1 1.58 0.92 -1.75</i>
                <i>1 0 0 0 1 0 0 0 1 1.58 0.92 -1.75</i>
                <i>1 0 0 0 1 0 0 0 1 1.58 0.92 -1.75</i>
                <i>1 0 0 0 1 0 0 0 1 1.58 0.92 -1.75</i>
                <i>1 0 0 0 1 0 0 0 1 1.58 0.92 -1.75</i>
                <i>1 0 0 0 1 0 0 0 1 1.58 0.92 -1.75</i>
                <i>1 0 0 0 1 0 0 0 1 1.58 0.92 -1.75</i>
                <i>1 0 0 0 1 0 0 0 1 1.58 0.92 -1.75</i>
                <i>1 0 0 0 1 0 0 0 1 1.58 0.92 -1.75</i>
                <i>1 0 0 0 1 0 0 0 1 1.58 0.92 -1.75</i>
                <i>1 0 0 0 1 0 0 0 1 1.58 0.92 -1.75</i>
                <i>1 0 0 0 1 0 0 0 1 1.58 0.92 -1.75</i>
                <i>1 0 0 0 1 0 0 0 1 1.58 0.92 -1.75</i>
                <i>1 0 0 0 1 0 0 0 1 1.58 0.92 -1.75</i>
                <i>1 0 0 0 1 0 0 0 1 1.58 0.92 -1.75</i>
                <i>1 0 0 0 1 0 0 0 1 1.58 0.92 -1.75</i>
                <i>1 0 0 0 1 0 0 0 1 1.58 0.92 -1.75</i>
                <i>1 0 0 0 1 0 0 0 1 1.58 0.92 -1.75</i>
                <i>1 0 0 0 1 0 0 0 1 1.58 0.92 -1.75</i>
                <i>1 0 0 0 1 0 0 0 1 1.58 0.92 -1.75</i>
                <i>1 0 0 0 1 0 0 0 1 1.58 0.92 -1.75</i>
                <i>1 0 0 0 1 0 0 0 1 1.58 0.92 -1.75</i>
                <i>1 0 0 0 1 0 0 0 1 1.58 0.92 -1.75</i>
                <i>1 0 0 0 1 0 0 0 1 1.58 0.92 -1.75</i>
                <i>1 0 0 0 1 0 0 0 1 1.58 0.92 -1.75</i>
                <i>1 0 0 0 1 0 0 0 1 1.58 0.92 -1.75</i>
                <i>1 0 0 0 1 0 0 0 1 1.58 0.92 -1.75</i>
                <i>1 0 0 0 1 0 0 0 1 1.58 0.92 -1.75</i>
                <i>1 0 0 0 1 0 0 0 1 1.58 0.92 -1.75</i>
                <i>1 0 0 0 1 0 0 0 1 1.58 0.92 -1.75</i>
                <i>1 0 0 0 1 0 0 0 1 1.58 0.92 -1.75</i>
                <i>1 0 0 0 1 0 0 0 1 1.58 0.92 -1.75</i>
                <i>1 0 0 0 1 0 0 0 1 1.58 0.92 -1.75</i>
                <i>1 0 0 0 1 0 0 0 1 1.58 0.92 -1.75</i>
                <i>1 0 0 0 1 0 0 0 1 1.58 0.92 -1.75</i>
                <i>1 0 0 0 1 0 0 0 1 1.58 0.92 -1.75</i>
                <i>1 0 0 0 1 0 0 0 1 1.58 0.92 -1.75</i>
                <i>1 0 0 0 1 0 0 0 1 1.58 0.92 -1.75</i>
                <i>1 0 0 0 1 0 0 0 1 1.58 0.92 -1.75</i>
                <i>1 0 0 0 1 0 0 0 1 1.58 0.92 -1.75</i>
                <i>1 0 0 0 1 0 0 0 1 1.58 0.92 -1.75</i>
                <i>1 0 0 0 1 0 0 0 1 1.58 0.92 -1.75</i>
                <i>1 0 0 0 1 0 0 0 1 1.58 0.92 -1.75</i>
                <i>1 0 0 0 1 0 0 0 1 1.58 0.92 -1.75</i>
                <i>1 0 0 0 1 0 0 0 1 1.58 0.92 -1.75</i>
                <i>1 0 0 0 1 0 0 0 1 1.58 0.92 -1.75</i>
                <i>1 0 0 0 1 0 0 0 1 1.58 0.92 -1.75</i>
                <i>1 0 0 0 1 0 0 0 1 1.58 0.92 -1.75</i>
                <i>1 0 0 0 1 0 0 0 1 1.58 0.92 -1.75</i>
                <i>1 0 0 0 1 0 0 0 1 1.58 0.92 -1.75</i>
                <i>1 0 0 0 1 0 0 0 1 1.58 0.92 -1.75</i>
                <i>1 0 0 0 1 0 0 0 1 1.58 0.92 -1.75</i>
                <i>1 0 0 0 1 0 0 0 1 1.58 0.92 -1.75</i>
                <i>1 0 0 0 1 0 0 0 1 1.58 0.92 -1.75</i>
                <i>1 0 0 0 1 0 0 0 1 1.58 0.92 -1.75</i>
                <i>1 0 0 0 1 0 0 0 1 1.58 0.92 -1.75</i>
                <i>1 0 0 0 1 0 0 0 1 1.58 0.92 -1.75</i>
                <i>1 0 0 0 1 0 0 0 1 1.58 0.92 -1.75</i>
                <i>1 0 0 0 1 0 0 0 1 1.58 0.92 -1.75</i>
                <i>1 0 0 0 1 0 0 0 1 1.58 0.92 -1.75</i>
                <i>1 0 0 0 1 0 0 0 1 1.58 0.92 -1.75</i>
                <i>1 0 0 0 1 0 0 0 1 1.58 0.92 -1.75</i>
                <i>1 0 0 0 1 0 0 0 1 1.58 0.92 -1.75</i>
                <i>1 0 0 0 1 0 0 0 1 1.58 0.92 -1.75</i>
                <i>1 0 0 0 1 0 0 0 1 1.58 0.92 -1.75</i>
                <i>1 0 0 0 1 0 0 0 1 1.58 0.92 -1.75</i>
                <i>1 0 0 0 1 0 0 0 1 1.58 0.92 -1.75</i>
                <i>1 0 0 0 1 0 0 0 1 1.58 0.92 -1.75</i>
                <i>1 0 0 0 1 0 0 0 1 1.58 0.92 -1.75</i>
                <i>1 0 0 0 1 0 0 0 1 1.58 0.92 -1.75</i>
                <i>1 0 0 0 1 0 0 0 1 1.58 0.92 -1.75</i>
                <i>1 0 0 0 1 0 0 0 1 1.58 0.92 -1.75</i>
                <i>1 0 0 0 1 0 0 0 1 1.58 0.92 -1.75</i>
                <i>1 0 0 0 1 0 0 0 1 1.58 0.92 -1.75</i>
                <i>1 0 0 0 1 0 0 0 1 1.58 0.92 -1.75</i>
                <i>1 0 0 0 1 0 0 0 1 1.58 0.92 -1.75</i>
                <i>1 0 0 0 1 0 0 0 1 1.58 0.92 -1.75</i>
                <i>1 0 0 0 1 0 0 0 1 1.58 0.92 -1.75</i>
                <i>1 0 0 0 1 0 0 0 1 1.58 0.92 -1.75</i>
                <i>1 0 0 0 1 0 0 0 1 1.58 0.92 -1.75</i>
                <i>1 0 0 0 1 0 0 0 1 1.58 0.92 -1.75</i>
                <i>1 0 0 0 1 0 0 0 1 1.58 0.92 -1.75</i>
                <i>1 0 0 0 1 0 0 0 1 1.58 0.92 -1.75</i>
                <i>1 0 0 0 1 0 0 0 1 1.58 0.92 -1.75</i>
                <i>1 0 0 0 1 0 0 0 1 1.58 0.92 -1.75</i>
                <i>1 0 0 0 1 0 0 0 1 1.58 0.92 -1.75</i>
                <i>1 0 0 0 1 0 0 0 1 1.58 0.92 -1.75</i>
                <i>1 0 0 0 1 0 0 0 1 1.58 0.92 -1.75</i>
            </KeyFrames>
        </RefFrame>
        <Bones count="23">
            <i>
                <p>
                    <Name><![CDATA[pelvis]]></Name>
                    <Exclude>0</Exclude>
                    <Additive>0</Additive>
                    <IKPriority>0</IKPriority>
                    <IKRotLimits>-1e+010 -1e+010 -1e+010 1e+010 1e+010 1e+010</IKRotLimits>
                    <IKRotLimitOrder>2</IKRotLimitOrder>
                    <KeyFrames count="90">
                        <i>1 0 0 0 1 0 0 0 1 1.58187 1.49222 -1.8534</i>
                        <i>1 0 0 0 1 0 0 0 1 1.58172 1.49243 -1.85334</i>
                        <i>1 0 0 0 1 0 0 0 1 1.58145 1.4928 -1.85325</i>
                        <i>1 0 0 0 1 0 0 0 1 1.58113 1.49325 -1.85313</i>
                        <i>1 0 0 0 1 0 0 0 1 1.58081 1.49369 -1.85301</i>
                        <i>1 0 0 0 1 0 0 0 1 1.58055 1.49406 -1.85292</i>
                        <i>1 0 0 0 1 0 0 0 1 1.5804 1.49427 -1.85286</i>
                        <i>1 0 0 0 1 0 0 0 1 1.58041 1.49426 -1.85286</i>
                        <i>1 0 0 0 1 0 0 0 1 1.58064 1.49393 -1.85295</i>
                        <i>1 0 0 0 1 0 0 0 1 1.58115 1.49323 -1.85313</i>
                        <i>1 0 0 0 1 0 0 0 1 1.58212 1.49147 -1.85349</i>
                        <i>1 0 0 0 1 0 0 0 1 1.5836 1.48849 -1.85403</i>
                        <i>1 0 0 0 1 0 0 0 1 1.58546 1.485 -1.85471</i>
                        <i>1 0 0 0 1 0 0 0 1 1.58754 1.48169 -1.85548</i>
                        <i>1 0 0 0 1 0 0 0 1 1.58971 1.47924 -1.85627</i>
                        <i>1 0 0 0 1 0 0 0 1 1.59182 1.47835 -1.85704</i>
                        <i>1 0 0 0 1 0 0 0 1 1.59303 1.48004 -1.85749</i>
                        <i>1 0 0 0 1 0 0 0 1 1.59593 1.48406 -1.85854</i>
                        <i>1 0 0 0 1 0 0 0 1 1.59938 1.48887 -1.85981</i>
                        <i>1 0 0 0 1 0 0 0 1 1.60227 1.49289 -1.86087</i>
                        <i>1 0 0 0 1 0 0 0 1 1.60348 1.49458 -1.86131</i>
                        <i>1 0 0 0 1 0 0 0 1 1.60348 1.49458 -1.86131</i>
                        <i>1 0 0 0 1 0 0 0 1 1.60348 1.49458 -1.86131</i>
                        <i>1 0 0 0 1 0 0 0 1 1.60348 1.49458 -1.86131</i>
                        <i>1 0 0 0 1 0 0 0 1 1.60348 1.49458 -1.86131</i>
                        <i>1 0 0 0 1 0 0 0 1 1.60348 1.49458 -1.86131</i>
                        <i>1 0 0 0 1 0 0 0 1 1.60348 1.49458 -1.86131</i>
                        <i>1 0 0 0 1 0 0 0 1 1.60348 1.49458 -1.86131</i>
                        <i>1 0 0 0 1 0 0 0 1 1.60348 1.49458 -1.86131</i>
                        <i>1 0 0 0 1 0 0 0 1 1.60348 1.49458 -1.86131</i>
                        <i>1 0 0 0 1 0 0 0 1 1.60348 1.49458 -1.86131</i>
                        <i>1 0 0 0 1 0 0 0 1 1.60348 1.49458 -1.86131</i>
                        <i>1 0 0 0 1 0 0 0 1 1.60348 1.49458 -1.86131</i>
                        <i>1 0 0 0 1 0 0 0 1 1.60348 1.49458 -1.86131</i>
                        <i>1 0 0 0 1 0 0 0 1 1.60348 1.49458 -1.86131</i>
                        <i>1 0 0 0 1 0 0 0 1 1.60348 1.49458 -1.86131</i>
                        <i>1 0 0 0 1 0 0 0 1 1.60348 1.49458 -1.86131</i>
                        <i>1 0 0 0 1 0 0 0 1 1.60348 1.49458 -1.86131</i>
                        <i>1 0 0 0 1 0 0 0 1 1.60348 1.49458 -1.86131</i>
                        <i>1 0 0 0 1 0 0 0 1 1.60348 1.49458 -1.86131</i>
                        <i>1 0 0 0 1 0 0 0 1 1.60348 1.49458 -1.86131</i>
                        <i>1 0 0 0 1 0 0 0 1 1.60372 1.48385 -1.8614</i>
                        <i>1 0 0 0 1 0 0 0 1 1.60409 1.46307 -1.86153</i>
                        <i>1 0 0 0 1 0 0 0 1 1.60457 1.4392 -1.86171</i>
                        <i>1 0 0 0 1 0 0 0 1 1.60512 1.41919 -1.86191</i>
                        <i>1 0 0 0 1 0 0 0 1 1.60571 1.41 -1.86213</i>
                        <i>1 0 0 0 1 0 0 0 1 1.60631 1.41555 -1.86234</i>
                        <i>1 0 0 0 1 0 0 0 1 1.60687 1.43119 -1.86255</i>
                        <i>1 0 0 0 1 0 0 0 1 1.60737 1.45106 -1.86273</i>
                        <i>1 0 0 0 1 0 0 0 1 1.60777 1.46929 -1.86288</i>
                        <i>1 0 0 0 1 0 0 0 1 1.60804 1.48 -1.86298</i>
                        <i>1 0 0 0 1 0 0 0 1 1.60804 1.47278 -1.86298</i>
                        <i>1 0 0 0 1 0 0 0 1 1.60804 1.45889 -1.86298</i>
                        <i>1 0 0 0 1 0 0 0 1 1.60804 1.45 -1.86298</i>
                        <i>1 0 0 0 1 0 0 0 1 1.60804 1.44793 -1.86298</i>
                        <i>1 0 0 0 1 0 0 0 1 1.60804 1.44665 -1.86298</i>
                        <i>1 0 0 0 1 0 0 0 1 1.60804 1.446 -1.86298</i>
                        <i>1 0 0 0 1 0 0 0 1 1.60804 1.44582 -1.86298</i>
                        <i>1 0 0 0 1 0 0 0 1 1.60804 1.44596 -1.86298</i>
                        <i>1 0 0 0 1 0 0 0 1 1.60804 1.44627 -1.86298</i>
                        <i>1 0 0 0 1 0 0 0 1 1.60804 1.44659 -1.86298</i>
                        <i>1 0 0 0 1 0 0 0 1 1.60804 1.44676 -1.86298</i>
                        <i>1 0 0 0 1 0 0 0 1 1.60804 1.44664 -1.86298</i>
                        <i>1 0 0 0 1 0 0 0 1 1.60804 1.44606 -1.86298</i>
                        <i>1 0 0 0 1 0 0 0 1 1.60804 1.44488 -1.86298</i>
                        <i>1 0 0 0 1 0 0 0 1 1.60804 1.43703 -1.86298</i>
                        <i>1 0 0 0 1 0 0 0 1 1.60804 1.43 -1.86298</i>
                        <i>1 0 0 0 1 0 0 0 1 1.60804 1.43332 -1.86298</i>
                        <i>1 0 0 0 1 0 0 0 1 1.60804 1.43999 -1.86298</i>
                        <i>1 0 0 0 1 0 0 0 1 1.60804 1.4453 -1.86298</i>
                        <i>1 0 0 0 1 0 0 0 1 1.60804 1.44599 -1.86298</i>
                        <i>1 0 0 0 1 0 0 0 1 1.60804 1.44787 -1.86298</i>
                        <i>1 0 0 0 1 0 0 0 1 1.60804 1.45064 -1.86298</i>
                        <i>1 0 0 0 1 0 0 0 1 1.60804 1.454 -1.86298</i>
                        <i>1 0 0 0 1 0 0 0 1 1.60804 1.45765 -1.86298</i>
                        <i>1 0 0 0 1 0 0 0 1 1.60804 1.46131 -1.86298</i>
                        <i>1 0 0 0 1 0 0 0 1 1.60804 1.46467 -1.86298</i>
                        <i>1 0 0 0 1 0 0 0 1 1.60804 1.46743 -1.86298</i>
                        <i>1 0 0 0 1 0 0 0 1 1.60804 1.46931 -1.86298</i>
                        <i>1 0 0 0 1 0 0 0 1 1.60804 1.47 -1.86298</i>
                        <i>1 0 0 0 1 0 0 0 1 1.60624 1.47252 -1.86232</i>
                        <i>1 0 0 0 1 0 0 0 1 1.60364 1.47531 -1.86137</i>
                        <i>1 0 0 0 1 0 0 0 1 1.60046 1.47825 -1.8602</i>
                        <i>1 0 0 0 1 0 0 0 1 1.59694 1.4812 -1.85892</i>
                        <i>1 0 0 0 1 0 0 0 1 1.59332 1.48404 -1.85759</i>
                        <i>1 0 0 0 1 0 0 0 1 1.58982 1.48665 -1.85631</i>
                        <i>1 0 0 0 1 0 0 0 1 1.5867 1.4889 -1.85517</i>
                        <i>1 0 0 0 1 0 0 0 1 1.58417 1.49066 -1.85424</i>
                        <i>1 0 0 0 1 0 0 0 1 1.58248 1.49181 -1.85362</i>
                        <i>1 0 0 0 1 0 0 0 1 1.58187 1.49222 -1.8534</i>
                    </KeyFrames>
                </p>
            </i>
            <i>
                <p>
                    <Name><![CDATA[spine0]]></Name>
                    <Exclude>0</Exclude>
                    <Additive>0</Additive>
                    <IKPriority>0</IKPriority>
                    <IKRotLimits>-1e+010 -1e+010 -1e+010 1e+010 1e+010 1e+010</IKRotLimits>
                    <IKRotLimitOrder>0</IKRotLimitOrder>
                    <KeyFrames count="90">
                        <i>-0.130072 0.991037 0.0304351 -0.305073 -0.0107958 -0.952268 -0.943404 -0.133148 0.303743 1.64602 1.61647 -1.88719</i>
                        <i>-0.13076 0.990937 0.0307603 -0.304882 -0.0106691 -0.95233 -0.943371 -0.133905 0.303514 1.64608 1.61656 -1.88719</i>
                        <i>-0.131415 0.99084 0.03109 -0.3044 -0.0104858 -0.952487 -0.943436 -0.134634 0.302989 1.64639 1.61659 -1.88725</i>
                        <i>-0.131937 0.990761 0.0313769 -0.303717 -0.0102733 -0.952707 -0.943583 -0.135227 0.302266 1.64689 1.61654 -1.88735</i>
                        <i>-0.132207 0.990719 0.0315684 -0.302925 -0.0100586 -0.952961 -0.9438 -0.135551 0.301443 1.64754 1.61639 -1.88749</i>
                        <i>-0.13207 0.990737 0.0316027 -0.302118 -0.00986765 -0.95322 -0.944078 -0.135439 0.300622 1.64828 1.61613 -1.88766</i>
                        <i>-0.131338 0.99084 0.0314091 -0.30139 -0.00972612 -0.953451 -0.944412 -0.134691 0.299907 1.64905 1.61576 -1.88785</i>
                        <i>-0.129803 0.991058 0.0309099 -0.30084 -0.00965978 -0.953626 -0.9448 -0.133082 0.299403 1.64981 1.61525 -1.88805</i>
                        <i>-0.127256 0.991415 0.0300258 -0.300566 -0.00969613 -0.953712 -0.945233 -0.13039 0.29922 1.65052 1.61462 -1.88828</i>
                        <i>-0.12353 0.991926 0.0286835 -0.300668 -0.00986634 -0.953678 -0.945695 -0.126432 0.299459 1.65112 1.61385 -1.8885</i>
                        <i>-0.118035 0.992652 0.0266311 -0.301195 -0.0102339 -0.953508 -0.946229 -0.120569 0.30019 1.65178 1.61228 -1.8888</i>
                        <i>-0.110757 0.993562 0.0238262 -0.302071 -0.0108143 -0.953224 -0.946829 -0.112773 0.301324 1.65266 1.60969 -1.88923</i>
                        <i>-0.102438 0.994528 0.0205196 -0.303209 -0.0115713 -0.952854 -0.947402 -0.10383 0.302735 1.65367 1.60673 -1.88973</i>
                        <i>-0.0937788 0.995449 0.0169542 -0.30452 -0.0124667 -0.952424 -0.947878 -0.0944802 0.304303 1.65475 1.60403 -1.89027</i>
                        <i>-0.0853972 0.996257 0.0133578 -0.305919 -0.0134589 -0.951962 -0.94822 -0.0853813 0.305923 1.65581 1.60226 -1.89082</i>
                        <i>-0.0778099 0.996919 0.00993941 -0.30732 -0.0144999 -0.951496 -0.94842 -0.0770904 0.307501 1.65679 1.60204 -1.89133</i>
                        <i>-0.0714303 0.997422 0.00689048 -0.308642 -0.0155332 -0.951052 -0.948492 -0.0700606 0.308956 1.65691 1.60437 -1.89152</i>
                        <i>-0.0665826 0.997771 0.00438883 -0.309804 -0.0164921 -0.950657 -0.948466 -0.0646569 0.310212 1.65883 1.60895 -1.89235</i>
                        <i>-0.0635304 0.997976 0.00260612 -0.310731 -0.0172991 -0.950341 -0.948372 -0.0611853 0.311201 1.66149 1.6142 -1.89343</i>
                        <i>-0.0625125 0.998043 0.00171667 -0.311345 -0.0178669 -0.950129 -0.948239 -0.0599294 0.311852 1.66386 1.61852 -1.89436</i>
                        <i>-0.0637826 0.997962 0.00190637 -0.31157 -0.0180985 -0.950051 -0.94808 -0.0611907 0.31209 1.66488 1.62031 -1.89476</i>
                        <i>-0.0628621 0.998021 0.00153054 -0.311581 -0.0181685 -0.950046 -0.948138 -0.0601987 0.312106 1.66488 1.62031 -1.89476</i>
                        <i>-0.0605883 0.998163 0.000630717 -0.311602 -0.0183139 -0.950036 -0.948279 -0.0577576 0.312139 1.66488 1.62031 -1.89476</i>
                        <i>-0.0572998 0.998357 -0.000662119 -0.311632 -0.0185159 -0.950023 -0.948474 -0.0542297 0.312181 1.66488 1.62031 -1.89476</i>
                        <i>-0.0533355 0.998574 -0.00221673 -0.311667 -0.0187556 -0.950006 -0.948693 -0.0499782 0.312223 1.66488 1.62031 -1.89476</i>
                        <i>-0.0490347 0.998789 -0.00390184 -0.311705 -0.0190141 -0.949989 -0.948913 -0.0453662 0.31226 1.66488 1.62031 -1.89476</i>
                        <i>-0.0447358 0.998983 -0.00558637 -0.311743 -0.0192726 -0.949971 -0.949113 -0.0407562 0.312288 1.66488 1.62031 -1.89476</i>
                        <i>-0.0407761 0.999143 -0.00713964 -0.311778 -0.0195121 -0.949955 -0.94928 -0.0365094 0.312306 1.66488 1.62031 -1.89476</i>
                        <i>-0.037492 0.999261 -0.00843124 -0.311808 -0.019714 -0.949941 -0.949405 -0.0329862 0.312317 1.66488 1.62031 -1.89476</i>
                        <i>-0.0352191 0.999336 -0.00933104 -0.311829 -0.0198594 -0.949931 -0.949485 -0.0305461 0.312321 1.66488 1.62031 -1.89476</i>
                        <i>-0.0342935 0.999365 -0.00970882 -0.311839 -0.0199294 -0.949926 -0.949516 -0.0295487 0.312325 1.66488 1.62031 -1.89476</i>
                        <i>-0.0349409 0.999344 -0.00947697 -0.311837 -0.0199113 -0.949927 -0.949493 -0.030236 0.312328 1.66488 1.62031 -1.89476</i>
                        <i>-0.0369415 0.999279 -0.0087203 -0.311823 -0.0198172 -0.949934 -0.949422 -0.0323728 0.31233 1.66488 1.62031 -1.89476</i>
                        <i>-0.0399646 0.999172 -0.00756669 -0.311801 -0.0196652 -0.949944 -0.949307 -0.0356048 0.312328 1.66488 1.62031 -1.89476</i>
                        <i>-0.0436784 0.999027 -0.00614435 -0.311772 -0.0194735 -0.949957 -0.949152 -0.0395769 0.31232 1.66488 1.62031 -1.89476</i>
                        <i>-0.0477492 0.998849 -0.00458223 -0.311741 -0.0192605 -0.949972 -0.948967 -0.0439319 0.312302 1.66488 1.62031 -1.89476</i>
                        <i>-0.0518411 0.998651 -0.00301014 -0.311709 -0.0190446 -0.949987 -0.948762 -0.04831 0.312276 1.66488 1.62031 -1.89476</i>
                        <i>-0.0556159 0.998451 -0.00155872 -0.31168 -0.0188443 -0.95 -0.948558 -0.0523493 0.312245 1.66488 1.62031 -1.89476</i>
                        <i>-0.0587338 0.998274 -0.000359182 -0.311656 -0.0186782 -0.950012 -0.948378 -0.0556859 0.312215 1.66488 1.62031 -1.89476</i>
                        <i>-0.0608542 0.998147 0.000456912 -0.311639 -0.0185649 -0.950019 -0.94825 -0.057955 0.312191 1.66488 1.62031 -1.89476</i>
                        <i>-0.0616364 0.998098 0.00075808 -0.311633 -0.018523 -0.950022 -0.948201 -0.0587922 0.312182 1.66488 1.62031 -1.89476</i>
                        <i>-0.0571255 0.998362 -0.00300809 -0.279476 -0.0188838 -0.959967 -0.958452 -0.0539979 0.280097 1.66555 1.60993 -1.89267</i>
                        <i>-0.0475782 0.99883 -0.00863572 -0.22759 -0.0192583 -0.973566 -0.972594 -0.0443551 0.22824 1.66645 1.5897 -1.88933</i>
                        <i>-0.035457 0.999283 -0.0133034 -0.159969 -0.0188152 -0.986943 -0.986485 -0.0328659 0.160521 1.66734 1.56652 -1.88509</i>
                        <i>-0.0238893 0.999596 -0.0153924 -0.081113 -0.0172841 -0.996555 -0.996419 -0.0225585 0.0814931 1.66801 1.54726 -1.88032</i>
                        <i>-0.0163791 0.999749 -0.0152784 0.00388082 -0.0152168 -0.999877 -0.999858 -0.0164364 -0.00363061 1.66835 1.53883 -1.87537</i>
                        <i>-0.0148835 0.999774 -0.0151594 0.089553 -0.0137673 -0.995887 -0.995871 -0.0161799 -0.0893278 1.66831 1.5451 -1.87059</i>
                        <i>-0.0172553 0.999703 -0.0172194 0.170484 -0.014028 -0.985261 -0.985209 -0.0199366 -0.170191 1.66796 1.56138 -1.86627</i>
                        <i>-0.0206445 0.999543 -0.0220866 0.241653 -0.0164477 -0.970223 -0.970143 -0.0253671 -0.241203 1.66744 1.58178 -1.86265</i>
                        <i>-0.0228222 0.999336 -0.0283914 0.298633 -0.0202877 -0.954152 -0.954095 -0.0302544 -0.297972 1.66691 1.6004 -1.85989</i>
                        <i>-0.0227495 0.999182 -0.033439 0.337522 -0.0238077 -0.941016 -0.941043 -0.0326941 -0.336705 1.66655 1.61133 -1.85812</i>
                        <i>-0.022411 0.999177 -0.0337956 0.337558 -0.0242563 -0.940992 -0.941038 -0.0324966 -0.336737 1.66672 1.60404 -1.85815</i>
                        <i>-0.021491 0.999164 -0.0347633 0.337658 -0.0254743 -0.940924 -0.941023 -0.0319595 -0.336829 1.66718 1.58995 -1.85823</i>
                        <i>-0.0201327 0.999142 -0.0361883 0.337814 -0.027269 -0.940818 -0.940998 -0.0311661 -0.336975 1.66784 1.58076 -1.85834</i>
                        <i>-0.0184794 0.99911 -0.0379171 0.338014 -0.0294478 -0.94068 -0.94096 -0.0301997 -0.337169 1.66865 1.57832 -1.85848</i>
                        <i>-0.0166756 0.999069 -0.0397968 0.338248 -0.0318188 -0.940519 -0.940909 -0.0291449 -0.337402 1.66954 1.57663 -1.85863</i>
                        <i>-0.0148664 0.999021 -0.0416763 0.338498 -0.0341914 -0.940346 -0.94085 -0.0280869 -0.337658 1.67042 1.57556 -1.85878</i>
                        <i>-0.0131974 0.99897 -0.0434064 0.338745 -0.0363765 -0.940175 -0.940786 -0.0271116 -0.337916 1.67124 1.57499 -1.85891</i>
                        <i>-0.0118145 0.998924 -0.0448397 0.338962 -0.0381869 -0.940025 -0.940726 -0.0263049 -0.338146 1.67192 1.5748 -1.85902</i>
                        <i>-0.0108628 0.99889 -0.0458303 0.339121 -0.0394366 -0.939916 -0.94068 -0.0257521 -0.338316 1.67239 1.57487 -1.8591</i>
                        <i>-0.0101633 0.998899 -0.0458037 0.339258 -0.0396446 -0.939857 -0.940638 -0.0250914 -0.338482 1.67263 1.57507 -1.8591</i>
                        <i>-0.0096857 0.998949 -0.044795 0.339378 -0.0388541 -0.939847 -0.9406 -0.0243055 -0.338645 1.67265 1.57523 -1.85903</i>
                        <i>-0.00979554 0.999002 -0.0435706 0.339404 -0.0376643 -0.939886 -0.94059 -0.0239947 -0.338696 1.67246 1.5752 -1.85894</i>
                        <i>-0.0108684 0.999021 -0.0428883 0.339262 -0.0366627 -0.939977 -0.940629 -0.0247664 -0.338531 1.67207 1.57482 -1.8589</i>
                        <i>-0.0133094 0.998965 -0.0434846 0.33889 -0.0364081 -0.940121 -0.940732 -0.0272489 -0.338055 1.67149 1.57393 -1.85895</i>
                        <i>-0.0226645 0.998496 -0.0499253 0.337915 -0.0393479 -0.940354 -0.940904 -0.0381831 -0.336515 1.67049 1.56657 -1.85916</i>
                        <i>-0.0331911 0.997988 -0.0540199 0.336975 -0.0397105 -0.940676 -0.940928 -0.0494254 -0.334979 1.66909 1.56022 -1.85948</i>
                        <i>-0.0346713 0.998227 -0.048381 0.336498 -0.0339234 -0.941073 -0.941046 -0.0489083 -0.334725 1.66757 1.56425 -1.85983</i>
                        <i>-0.0317037 0.998663 -0.0408347 0.336084 -0.0278248 -0.941421 -0.941298 -0.0435704 -0.334752 1.66626 1.57151 -1.86014</i>
                        <i>-0.029335 0.998903 -0.0365006 0.335774 -0.0245467 -0.941623 -0.941486 -0.0398785 -0.334686 1.66549 1.57717 -1.86032</i>
                        <i>-0.029335 0.998903 -0.0365006 0.335774 -0.0245467 -0.941623 -0.941486 -0.0398785 -0.334686 1.66549 1.57786 -1.86032</i>
                        <i>-0.029335 0.998903 -0.0365006 0.335774 -0.0245467 -0.941623 -0.941486 -0.0398785 -0.334686 1.66549 1.57974 -1.86032</i>
                        <i>-0.029335 0.998903 -0.0365006 0.335774 -0.0245467 -0.941623 -0.941486 -0.0398785 -0.334686 1.66549 1.5825 -1.86032</i>
                        <i>-0.029335 0.998903 -0.0365006 0.335774 -0.0245467 -0.941623 -0.941486 -0.0398785 -0.334686 1.66549 1.58586 -1.86032</i>
                        <i>-0.029335 0.998903 -0.0365006 0.335774 -0.0245467 -0.941623 -0.941486 -0.0398785 -0.334686 1.66549 1.58952 -1.86032</i>
                        <i>-0.029335 0.998903 -0.0365006 0.335774 -0.0245467 -0.941623 -0.941486 -0.0398785 -0.334686 1.66549 1.59317 -1.86032</i>
                        <i>-0.029335 0.998903 -0.0365006 0.335774 -0.0245467 -0.941623 -0.941486 -0.0398785 -0.334686 1.66549 1.59653 -1.86032</i>
                        <i>-0.029335 0.998903 -0.0365006 0.335774 -0.0245467 -0.941623 -0.941486 -0.0398785 -0.334686 1.66549 1.5993 -1.86032</i>
                        <i>-0.029335 0.998903 -0.0365006 0.335774 -0.0245467 -0.941623 -0.941486 -0.0398785 -0.334686 1.66549 1.60117 -1.86032</i>
                        <i>-0.029335 0.998903 -0.0365006 0.335774 -0.0245467 -0.941623 -0.941486 -0.0398785 -0.334686 1.66549 1.60186 -1.86032</i>
                        <i>-0.0376739 0.998778 -0.0319841 0.293962 -0.0195138 -0.955618 -0.955074 -0.0454039 -0.292867 1.66474 1.60395 -1.86145</i>
                        <i>-0.0490718 0.998473 -0.0253522 0.232123 -0.013287 -0.972596 -0.971448 -0.0536119 -0.231116 1.66355 1.60609 -1.86331</i>
                        <i>-0.0620401 0.997925 -0.0172269 0.15515 -0.0074077 -0.987863 -0.985941 -0.0639599 -0.154368 1.66192 1.60819 -1.86592</i>
                        <i>-0.0754692 0.997114 -0.00829424 0.0685538 -0.00310996 -0.997643 -0.994789 -0.0758599 -0.0681212 1.65982 1.61018 -1.86921</i>
                        <i>-0.0886251 0.996065 0.000802026 -0.0215472 -0.00111216 -0.999767 -0.995832 -0.0886217 0.021561 1.65728 1.61198 -1.87302</i>
                        <i>-0.100983 0.994842 0.00952787 -0.108697 -0.001513 -0.994074 -0.988932 -0.101421 0.108289 1.6544 1.61352 -1.87703</i>
                        <i>-0.112024 0.993553 0.0174214 -0.186475 -0.0037984 -0.982452 -0.976052 -0.113306 0.185698 1.65142 1.61478 -1.88088</i>
                        <i>-0.121096 0.992351 0.0239796 -0.248815 -0.00695878 -0.968526 -0.960951 -0.123251 0.247754 1.64872 1.6157 -1.88413</i>
                        <i>-0.127404 0.991439 0.0285675 -0.29012 -0.00970813 -0.956941 -0.948472 -0.130206 0.288873 1.64676 1.61628 -1.88637</i>
                        <i>-0.130072 0.991037 0.0304351 -0.305073 -0.0107958 -0.952268 -0.943404 -0.133148 0.303743 1.64602 1.61647 -1.88719</i>
                    </KeyFrames>
                </p>
            </i>
            <i>
                <p>
                    <Name><![CDATA[spine1]]></Name>
                    <Exclude>0</Exclude>
                    <Additive>0</Additive>
                    <IKPriority>0</IKPriority>
                    <IKRotLimits>-1e+010 -1e+010 -1e+010 1e+010 1e+010 1e+010</IKRotLimits>
                    <IKRotLimitOrder>0</IKRotLimitOrder>
                    <KeyFrames count="90">
                        <i>-0.53366 0.805328 0.258172 -0.34987 0.0676874 -0.93435 -0.769933 -0.588952 0.245638 1.62124 1.80613 -1.8814</i>
                        <i>-0.534862 0.804474 0.258348 -0.349984 0.0673602 -0.934331 -0.769048 -0.590155 0.245524 1.6211 1.80673 -1.88133</i>
                        <i>-0.538244 0.801978 0.259085 -0.350285 0.0667291 -0.934263 -0.766547 -0.593615 0.245004 1.62118 1.80759 -1.88129</i>
                        <i>-0.542813 0.798563 0.260096 -0.350659 0.065912 -0.934181 -0.763146 -0.598291 0.244245 1.62145 1.80856 -1.88131</i>
                        <i>-0.5476 0.79496 0.2611 -0.350991 0.0650296 -0.934118 -0.759565 -0.603167 0.243414 1.62191 1.80953 -1.88138</i>
                        <i>-0.551675 0.791896 0.261832 -0.351171 0.0642087 -0.934107 -0.756527 -0.607271 0.242668 1.62253 1.81035 -1.88151</i>
                        <i>-0.554155 0.790094 0.262038 -0.351087 0.0635809 -0.934182 -0.754752 -0.609679 0.242158 1.62333 1.8109 -1.88171</i>
                        <i>-0.554177 0.790264 0.261477 -0.350629 0.0632781 -0.934374 -0.754948 -0.60949 0.242022 1.62432 1.81107 -1.882</i>
                        <i>-0.550872 0.793091 0.259897 -0.349682 0.0634239 -0.934719 -0.757801 -0.605792 0.242391 1.6255 1.81071 -1.88238</i>
                        <i>-0.543304 0.799224 0.257024 -0.348121 0.064121 -0.935254 -0.763959 -0.597603 0.243389 1.62687 1.80972 -1.88289</i>
                        <i>-0.529905 0.809671 0.252258 -0.345769 0.0653339 -0.936042 -0.774367 -0.583236 0.245339 1.62872 1.80741 -1.88362</i>
                        <i>-0.510508 0.824101 0.245437 -0.342636 0.0668335 -0.937088 -0.788658 -0.562486 0.248248 1.63117 1.80371 -1.88462</i>
                        <i>-0.486206 0.841116 0.236911 -0.338874 0.0684105 -0.938341 -0.805461 -0.53651 0.251771 1.63396 1.79935 -1.88579</i>
                        <i>-0.458203 0.859354 0.227071 -0.334648 0.0698811 -0.939749 -0.823444 -0.506585 0.255561 1.63687 1.79508 -1.88705</i>
                        <i>-0.42789 0.877548 0.216377 -0.330141 0.0711083 -0.941249 -0.841378 -0.474186 0.259288 1.63969 1.79166 -1.88831</i>
                        <i>-0.396879 0.894598 0.205383 -0.325551 0.0720173 -0.942778 -0.858198 -0.441031 0.262655 1.64223 1.78983 -1.88949</i>
                        <i>-0.367003 0.909608 0.194735 -0.321086 0.0726044 -0.944263 -0.873048 -0.409074 0.265416 1.64366 1.79065 -1.89026</i>
                        <i>-0.340273 0.921916 0.185161 -0.316959 0.0729363 -0.945631 -0.885297 -0.380461 0.267391 1.64657 1.79393 -1.89156</i>
                        <i>-0.318812 0.93106 0.177446 -0.313379 0.0731407 -0.946807 -0.894513 -0.357461 0.268456 1.64986 1.79813 -1.89297</i>
                        <i>-0.304771 0.936693 0.1724 -0.310549 0.0733864 -0.94772 -0.900374 -0.342376 0.268523 1.65246 1.8017 -1.89407</i>
                        <i>-0.300245 0.938443 0.170815 -0.308669 0.0738532 -0.948298 -0.902539 -0.337447 0.267494 1.65327 1.8031 -1.89443</i>
                        <i>-0.299514 0.938719 0.170583 -0.30869 0.0738298 -0.948293 -0.902775 -0.336684 0.26766 1.65345 1.80295 -1.8945</i>
                        <i>-0.297379 0.939539 0.169802 -0.308754 0.0736571 -0.948285 -0.903458 -0.334427 0.268183 1.65387 1.80279 -1.89466</i>
                        <i>-0.294181 0.94076 0.168606 -0.308851 0.0733736 -0.948276 -0.904471 -0.331039 0.26897 1.65448 1.80261 -1.8949</i>
                        <i>-0.290264 0.942239 0.167129 -0.308969 0.0730179 -0.948265 -0.905696 -0.326885 0.269928 1.65522 1.80241 -1.89518</i>
                        <i>-0.285973 0.943836 0.165506 -0.309096 0.0726281 -0.948253 -0.907017 -0.322332 0.270967 1.65601 1.80221 -1.89549</i>
                        <i>-0.28166 0.945417 0.163875 -0.309222 0.072241 -0.948242 -0.908322 -0.317756 0.271996 1.65681 1.80201 -1.89579</i>
                        <i>-0.277684 0.946851 0.162376 -0.309337 0.0718928 -0.948231 -0.909507 -0.313537 0.272932 1.65753 1.80181 -1.89607</i>
                        <i>-0.274407 0.948015 0.161149 -0.309429 0.0716184 -0.948222 -0.910469 -0.310063 0.273691 1.65814 1.80161 -1.89631</i>
                        <i>-0.272198 0.948788 0.160339 -0.309491 0.0714522 -0.948214 -0.911111 -0.307726 0.274192 1.65856 1.80144 -1.89647</i>
                        <i>-0.271425 0.949052 0.16009 -0.309511 0.071429 -0.948209 -0.911335 -0.306917 0.274354 1.65873 1.80129 -1.89653</i>
                        <i>-0.272333 0.948723 0.160497 -0.309483 0.071572 -0.948208 -0.911074 -0.307899 0.274122 1.65861 1.80118 -1.89649</i>
                        <i>-0.274681 0.947882 0.161465 -0.309414 0.0718574 -0.948209 -0.910392 -0.310414 0.27355 1.65825 1.8011 -1.89635</i>
                        <i>-0.278102 0.946646 0.16285 -0.309313 0.0722502 -0.948212 -0.909387 -0.314071 0.272717 1.65771 1.80104 -1.89614</i>
                        <i>-0.28223 0.945137 0.164507 -0.30919 0.0727148 -0.948216 -0.908156 -0.318478 0.271705 1.65704 1.801 -1.89589</i>
                        <i>-0.286698 0.943478 0.166293 -0.309055 0.0732152 -0.948222 -0.906802 -0.323247 0.270596 1.6563 1.80097 -1.8956</i>
                        <i>-0.291147 0.9418 0.168066 -0.308919 0.0737138 -0.948228 -0.90543 -0.327992 0.269478 1.65556 1.80095 -1.89532</i>
                        <i>-0.295218 0.940241 0.169685 -0.308792 0.074172 -0.948233 -0.904154 -0.332332 0.268442 1.65488 1.80094 -1.89506</i>
                        <i>-0.298558 0.938945 0.171011 -0.308687 0.0745498 -0.948238 -0.903092 -0.335893 0.267583 1.65431 1.80094 -1.89484</i>
                        <i>-0.300819 0.938059 0.171908 -0.308615 0.0748064 -0.948241 -0.902366 -0.338302 0.266996 1.65393 1.80093 -1.89469</i>
                        <i>-0.301651 0.937732 0.172238 -0.308589 0.0749009 -0.948242 -0.902097 -0.339188 0.26678 1.65378 1.80093 -1.89464</i>
                        <i>-0.299879 0.940017 0.162607 -0.26871 0.0803185 -0.959867 -0.915351 -0.331538 0.228506 1.65527 1.79041 -1.89323</i>
                        <i>-0.295054 0.944005 0.14764 -0.20271 0.0891563 -0.975172 -0.93373 -0.317656 0.165054 1.65791 1.77004 -1.8909</i>
                        <i>-0.287057 0.94903 0.130154 -0.115532 0.10058 -0.988198 -0.950921 -0.298706 0.0807713 1.661 1.74663 -1.8875</i>
                        <i>-0.276476 0.954389 0.112702 -0.0131277 0.113512 -0.99345 -0.960931 -0.276145 -0.0188544 1.66377 1.72703 -1.88309</i>
                        <i>-0.264807 0.959408 0.0970269 0.0974866 0.126738 -0.987134 -0.959361 -0.251941 -0.127091 1.66546 1.71808 -1.87811</i>
                        <i>-0.253697 0.96364 0.0838846 0.213059 0.140262 -0.966919 -0.943527 -0.227432 -0.240896 1.66569 1.72365 -1.87329</i>
                        <i>-0.243622 0.967101 0.0732371 0.326959 0.152987 -0.932573 -0.913097 -0.20325 -0.353474 1.66493 1.7392 -1.86933</i>
                        <i>-0.234808 0.96988 0.0647944 0.427698 0.162945 -0.889114 -0.872892 -0.181059 -0.453076 1.66381 1.75895 -1.86656</i>
                        <i>-0.2276 0.971992 0.0585681 0.506133 0.16947 -0.845641 -0.831882 -0.162825 -0.530529 1.6629 1.77708 -1.8649</i>
                        <i>-0.222604 0.973362 0.0549009 0.555568 0.172929 -0.81329 -0.801119 -0.150541 -0.579263 1.66257 1.78776 -1.86401</i>
                        <i>-0.223347 0.973193 0.054872 0.556041 0.173442 -0.812857 -0.800584 -0.151038 -0.579873 1.66279 1.78051 -1.86411</i>
                        <i>-0.225359 0.972734 0.054795 0.557321 0.174841 -0.81168 -0.799129 -0.152381 -0.581527 1.66341 1.76657 -1.86436</i>
                        <i>-0.228313 0.972051 0.054685 0.559204 0.17691 -0.809934 -0.796971 -0.154339 -0.583966 1.66431 1.75759 -1.86473</i>
                        <i>-0.231882 0.971213 0.054557 0.561486 0.179435 -0.807797 -0.794332 -0.156681 -0.586931 1.66541 1.75541 -1.86519</i>
                        <i>-0.235746 0.970289 0.0544256 0.563958 0.182201 -0.805453 -0.791439 -0.159189 -0.590155 1.66661 1.75401 -1.86568</i>
                        <i>-0.239593 0.969353 0.0543052 0.566403 0.184988 -0.803098 -0.788532 -0.161658 -0.593366 1.66781 1.75323 -1.86617</i>
                        <i>-0.243124 0.968479 0.0542099 0.568599 0.187572 -0.800944 -0.785866 -0.163905 -0.59628 1.66893 1.75293 -1.86663</i>
                        <i>-0.246049 0.967743 0.0541539 0.570317 0.189727 -0.799213 -0.783708 -0.165761 -0.598603 1.66985 1.75297 -1.86701</i>
                        <i>-0.248087 0.967223 0.0541513 0.571323 0.191226 -0.798137 -0.782332 -0.16707 -0.600037 1.67049 1.75321 -1.86727</i>
                        <i>-0.249037 0.966976 0.0542006 0.571439 0.191893 -0.797894 -0.781945 -0.167732 -0.600356 1.67085 1.7535 -1.86727</i>
                        <i>-0.248992 0.96698 0.0543339 0.570517 0.191777 -0.798582 -0.782633 -0.167842 -0.599429 1.67096 1.75367 -1.86702</i>
                        <i>-0.248111 0.967191 0.0546171 0.568363 0.190994 -0.800303 -0.784477 -0.167522 -0.597103 1.67075 1.75359 -1.86671</i>
                        <i>-0.246549 0.967562 0.05512 0.564794 0.189671 -0.80314 -0.787542 -0.166882 -0.593236 1.67017 1.75307 -1.86654</i>
                        <i>-0.244471 0.968043 0.0559183 0.559617 0.187952 -0.807157 -0.791873 -0.166034 -0.587682 1.66915 1.75196 -1.86669</i>
                        <i>-0.24281 0.968415 0.0567023 0.545554 0.184651 -0.817481 -0.802131 -0.167558 -0.573158 1.6665 1.74418 -1.86803</i>
                        <i>-0.239484 0.969005 0.0606417 0.520192 0.180799 -0.834693 -0.819785 -0.168351 -0.547367 1.66323 1.73729 -1.86905</i>
                        <i>-0.232353 0.970169 0.0691733 0.4908 0.178352 -0.852823 -0.839719 -0.164206 -0.517599 1.66147 1.74093 -1.86838</i>
                        <i>-0.224552 0.971355 0.0777531 0.464376 0.176816 -0.867808 -0.856698 -0.158761 -0.490779 1.66069 1.74793 -1.86734</i>
                        <i>-0.219623 0.972067 0.0827702 0.448669 0.175977 -0.876201 -0.866292 -0.155298 -0.474786 1.66034 1.75345 -1.86675</i>
                        <i>-0.219623 0.972067 0.0827702 0.448669 0.175977 -0.876201 -0.866292 -0.155298 -0.474786 1.66034 1.75415 -1.86675</i>
                        <i>-0.219623 0.972067 0.0827702 0.448669 0.175977 -0.876201 -0.866292 -0.155298 -0.474786 1.66034 1.75602 -1.86675</i>
                        <i>-0.219623 0.972067 0.0827702 0.448669 0.175977 -0.876201 -0.866292 -0.155298 -0.474786 1.66034 1.75879 -1.86675</i>
                        <i>-0.219623 0.972067 0.0827702 0.448669 0.175977 -0.876201 -0.866292 -0.155298 -0.474786 1.66034 1.76215 -1.86675</i>
                        <i>-0.219623 0.972067 0.0827702 0.448669 0.175977 -0.876201 -0.866292 -0.155298 -0.474786 1.66034 1.7658 -1.86675</i>
                        <i>-0.219623 0.972067 0.0827702 0.448669 0.175977 -0.876201 -0.866292 -0.155298 -0.474786 1.66034 1.76946 -1.86675</i>
                        <i>-0.219623 0.972067 0.0827702 0.448669 0.175977 -0.876201 -0.866292 -0.155298 -0.474786 1.66034 1.77282 -1.86675</i>
                        <i>-0.219623 0.972067 0.0827702 0.448669 0.175977 -0.876201 -0.866292 -0.155298 -0.474786 1.66034 1.77558 -1.86675</i>
                        <i>-0.219623 0.972067 0.0827702 0.448669 0.175977 -0.876201 -0.866292 -0.155298 -0.474786 1.66034 1.77746 -1.86675</i>
                        <i>-0.219623 0.972067 0.0827702 0.448669 0.175977 -0.876201 -0.866292 -0.155298 -0.474786 1.66034 1.77815 -1.86675</i>
                        <i>-0.247667 0.965179 0.0842031 0.398119 0.180621 -0.899376 -0.883268 -0.189223 -0.42899 1.6581 1.78086 -1.8671</i>
                        <i>-0.28741 0.953622 0.089448 0.32243 0.184267 -0.928485 -0.901906 -0.238016 -0.360437 1.65485 1.78398 -1.86782</i>
                        <i>-0.333877 0.937216 0.10076 0.226982 0.183686 -0.95642 -0.91488 -0.296455 -0.27406 1.65083 1.78741 -1.86901</i>
                        <i>-0.382005 0.916432 0.119266 0.118438 0.176537 -0.977142 -0.916539 -0.359148 -0.175978 1.64619 1.79104 -1.87071</i>
                        <i>-0.427206 0.892541 0.144449 0.00477146 0.161985 -0.986782 -0.904142 -0.42087 -0.0734596 1.64109 1.79469 -1.87287</i>
                        <i>-0.465956 0.867509 0.174106 -0.105271 0.141021 -0.984394 -0.878523 -0.477012 0.025614 1.63574 1.79815 -1.87527</i>
                        <i>-0.496188 0.843743 0.204683 -0.203016 0.116462 -0.972225 -0.844146 -0.52396 0.113506 1.6305 1.80121 -1.87763</i>
                        <i>-0.517289 0.823809 0.231843 -0.280654 0.092628 -0.955329 -0.808484 -0.559248 0.18329 1.62589 1.80367 -1.87962</i>
                        <i>-0.529626 0.810224 0.251066 -0.331569 0.0746858 -0.94047 -0.780742 -0.581343 0.229089 1.62258 1.80536 -1.88095</i>
                        <i>-0.53366 0.805328 0.258172 -0.34987 0.0676874 -0.93435 -0.769933 -0.588952 0.245638 1.62124 1.80613 -1.8814</i>
                    </KeyFrames>
                </p>
            </i>
            <i>
                <p>
