<?xml version="1.0" encoding="ISO-8859-1" ?>
<Animl Version="1">
    <ModellingPackage><![CDATA[Maya.2010]]></ModellingPackage>
    <SrcFile><![CDATA[anims\turrets\mortar\red\~src\mortar_2s12sani\mortar_2s12sani_reload_crewman_c.mb]]></SrcFile>
    <FramesPerSecond>30</FramesPerSecond>
    <TotalFrames>160</TotalFrames>
    <Skeleton>
        <RefFrame>
            <Name><![CDATA[soldier_ref_frame]]></Name>
            <Exclude>0</Exclude>
            <Additive>0</Additive>
            <IKPriority>0</IKPriority>
            <IKRotLimits>-1e+010 -1e+010 -1e+010 1e+010 1e+010 1e+010</IKRotLimits>
            <IKRotLimitOrder>0</IKRotLimitOrder>
            <KeyFrames count="160">
                <i>1 0 0 0 1 0 0 0 1 2.38 0.89 1.03</i>
                <i>1 0 0 0 1 0 0 0 1 2.38 0.89 1.03</i>
                <i>1 0 0 0 1 0 0 0 1 2.38 0.89 1.03</i>
                <i>1 0 0 0 1 0 0 0 1 2.38 0.89 1.03</i>
                <i>1 0 0 0 1 0 0 0 1 2.38 0.89 1.03</i>
                <i>1 0 0 0 1 0 0 0 1 2.38 0.89 1.03</i>
                <i>1 0 0 0 1 0 0 0 1 2.38 0.89 1.03</i>
                <i>1 0 0 0 1 0 0 0 1 2.38 0.89 1.03</i>
                <i>1 0 0 0 1 0 0 0 1 2.38 0.89 1.03</i>
                <i>1 0 0 0 1 0 0 0 1 2.38 0.89 1.03</i>
                <i>1 0 0 0 1 0 0 0 1 2.38 0.89 1.03</i>
                <i>1 0 0 0 1 0 0 0 1 2.38 0.89 1.03</i>
                <i>1 0 0 0 1 0 0 0 1 2.38 0.89 1.03</i>
                <i>1 0 0 0 1 0 0 0 1 2.38 0.89 1.03</i>
                <i>1 0 0 0 1 0 0 0 1 2.38 0.89 1.03</i>
                <i>1 0 0 0 1 0 0 0 1 2.38 0.89 1.03</i>
                <i>1 0 0 0 1 0 0 0 1 2.38 0.89 1.03</i>
                <i>1 0 0 0 1 0 0 0 1 2.38 0.89 1.03</i>
                <i>1 0 0 0 1 0 0 0 1 2.38 0.89 1.03</i>
                <i>1 0 0 0 1 0 0 0 1 2.38 0.89 1.03</i>
                <i>1 0 0 0 1 0 0 0 1 2.38 0.89 1.03</i>
                <i>1 0 0 0 1 0 0 0 1 2.38 0.89 1.03</i>
                <i>1 0 0 0 1 0 0 0 1 2.38 0.89 1.03</i>
                <i>1 0 0 0 1 0 0 0 1 2.38 0.89 1.03</i>
                <i>1 0 0 0 1 0 0 0 1 2.38 0.89 1.03</i>
                <i>1 0 0 0 1 0 0 0 1 2.38 0.89 1.03</i>
                <i>1 0 0 0 1 0 0 0 1 2.38 0.89 1.03</i>
                <i>1 0 0 0 1 0 0 0 1 2.38 0.89 1.03</i>
                <i>1 0 0 0 1 0 0 0 1 2.38 0.89 1.03</i>
                <i>1 0 0 0 1 0 0 0 1 2.38 0.89 1.03</i>
                <i>1 0 0 0 1 0 0 0 1 2.38 0.89 1.03</i>
                <i>1 0 0 0 1 0 0 0 1 2.38 0.89 1.03</i>
                <i>1 0 0 0 1 0 0 0 1 2.38 0.89 1.03</i>
                <i>1 0 0 0 1 0 0 0 1 2.38 0.89 1.03</i>
                <i>1 0 0 0 1 0 0 0 1 2.38 0.89 1.03</i>
                <i>1 0 0 0 1 0 0 0 1 2.38 0.89 1.03</i>
                <i>1 0 0 0 1 0 0 0 1 2.38 0.89 1.03</i>
                <i>1 0 0 0 1 0 0 0 1 2.38 0.89 1.03</i>
                <i>1 0 0 0 1 0 0 0 1 2.38 0.89 1.03</i>
                <i>1 0 0 0 1 0 0 0 1 2.38 0.89 1.03</i>
                <i>1 0 0 0 1 0 0 0 1 2.38 0.89 1.03</i>
                <i>1 0 0 0 1 0 0 0 1 2.38 0.89 1.03</i>
                <i>1 0 0 0 1 0 0 0 1 2.38 0.89 1.03</i>
                <i>1 0 0 0 1 0 0 0 1 2.38 0.89 1.03</i>
                <i>1 0 0 0 1 0 0 0 1 2.38 0.89 1.03</i>
                <i>1 0 0 0 1 0 0 0 1 2.38 0.89 1.03</i>
                <i>1 0 0 0 1 0 0 0 1 2.38 0.89 1.03</i>
                <i>1 0 0 0 1 0 0 0 1 2.38 0.89 1.03</i>
                <i>1 0 0 0 1 0 0 0 1 2.38 0.89 1.03</i>
                <i>1 0 0 0 1 0 0 0 1 2.38 0.89 1.03</i>
                <i>1 0 0 0 1 0 0 0 1 2.38 0.89 1.03</i>
                <i>1 0 0 0 1 0 0 0 1 2.38 0.89 1.03</i>
                <i>1 0 0 0 1 0 0 0 1 2.38 0.89 1.03</i>
                <i>1 0 0 0 1 0 0 0 1 2.38 0.89 1.03</i>
                <i>1 0 0 0 1 0 0 0 1 2.38 0.89 1.03</i>
                <i>1 0 0 0 1 0 0 0 1 2.38 0.89 1.03</i>
                <i>1 0 0 0 1 0 0 0 1 2.38 0.89 1.03</i>
                <i>1 0 0 0 1 0 0 0 1 2.38 0.89 1.03</i>
                <i>1 0 0 0 1 0 0 0 1 2.38 0.89 1.03</i>
                <i>1 0 0 0 1 0 0 0 1 2.38 0.89 1.03</i>
                <i>1 0 0 0 1 0 0 0 1 2.38 0.89 1.03</i>
                <i>1 0 0 0 1 0 0 0 1 2.38 0.89 1.03</i>
                <i>1 0 0 0 1 0 0 0 1 2.38 0.89 1.03</i>
                <i>1 0 0 0 1 0 0 0 1 2.38 0.89 1.03</i>
                <i>1 0 0 0 1 0 0 0 1 2.38 0.89 1.03</i>
                <i>1 0 0 0 1 0 0 0 1 2.38 0.89 1.03</i>
                <i>1 0 0 0 1 0 0 0 1 2.38 0.89 1.03</i>
                <i>1 0 0 0 1 0 0 0 1 2.38 0.89 1.03</i>
                <i>1 0 0 0 1 0 0 0 1 2.38 0.89 1.03</i>
                <i>1 0 0 0 1 0 0 0 1 2.38 0.89 1.03</i>
                <i>1 0 0 0 1 0 0 0 1 2.38 0.89 1.03</i>
                <i>1 0 0 0 1 0 0 0 1 2.38 0.89 1.03</i>
                <i>1 0 0 0 1 0 0 0 1 2.38 0.89 1.03</i>
                <i>1 0 0 0 1 0 0 0 1 2.38 0.89 1.03</i>
                <i>1 0 0 0 1 0 0 0 1 2.38 0.89 1.03</i>
                <i>1 0 0 0 1 0 0 0 1 2.38 0.89 1.03</i>
                <i>1 0 0 0 1 0 0 0 1 2.38 0.89 1.03</i>
                <i>1 0 0 0 1 0 0 0 1 2.38 0.89 1.03</i>
                <i>1 0 0 0 1 0 0 0 1 2.38 0.89 1.03</i>
                <i>1 0 0 0 1 0 0 0 1 2.38 0.89 1.03</i>
                <i>1 0 0 0 1 0 0 0 1 2.38 0.89 1.03</i>
                <i>1 0 0 0 1 0 0 0 1 2.38 0.89 1.03</i>
                <i>1 0 0 0 1 0 0 0 1 2.38 0.89 1.03</i>
                <i>1 0 0 0 1 0 0 0 1 2.38 0.89 1.03</i>
                <i>1 0 0 0 1 0 0 0 1 2.38 0.89 1.03</i>
                <i>1 0 0 0 1 0 0 0 1 2.38 0.89 1.03</i>
                <i>1 0 0 0 1 0 0 0 1 2.38 0.89 1.03</i>
                <i>1 0 0 0 1 0 0 0 1 2.38 0.89 1.03</i>
                <i>1 0 0 0 1 0 0 0 1 2.38 0.89 1.03</i>
                <i>1 0 0 0 1 0 0 0 1 2.38 0.89 1.03</i>
                <i>1 0 0 0 1 0 0 0 1 2.38 0.89 1.03</i>
                <i>1 0 0 0 1 0 0 0 1 2.38 0.89 1.03</i>
                <i>1 0 0 0 1 0 0 0 1 2.38 0.89 1.03</i>
                <i>1 0 0 0 1 0 0 0 1 2.38 0.89 1.03</i>
                <i>1 0 0 0 1 0 0 0 1 2.38 0.89 1.03</i>
                <i>1 0 0 0 1 0 0 0 1 2.38 0.89 1.03</i>
                <i>1 0 0 0 1 0 0 0 1 2.38 0.89 1.03</i>
                <i>1 0 0 0 1 0 0 0 1 2.38 0.89 1.03</i>
                <i>1 0 0 0 1 0 0 0 1 2.38 0.89 1.03</i>
                <i>1 0 0 0 1 0 0 0 1 2.38 0.89 1.03</i>
                <i>1 0 0 0 1 0 0 0 1 2.38 0.89 1.03</i>
                <i>1 0 0 0 1 0 0 0 1 2.38 0.89 1.03</i>
                <i>1 0 0 0 1 0 0 0 1 2.38 0.89 1.03</i>
                <i>1 0 0 0 1 0 0 0 1 2.38 0.89 1.03</i>
                <i>1 0 0 0 1 0 0 0 1 2.38 0.89 1.03</i>
                <i>1 0 0 0 1 0 0 0 1 2.38 0.89 1.03</i>
                <i>1 0 0 0 1 0 0 0 1 2.38 0.89 1.03</i>
                <i>1 0 0 0 1 0 0 0 1 2.38 0.89 1.03</i>
                <i>1 0 0 0 1 0 0 0 1 2.38 0.89 1.03</i>
                <i>1 0 0 0 1 0 0 0 1 2.38 0.89 1.03</i>
                <i>1 0 0 0 1 0 0 0 1 2.38 0.89 1.03</i>
                <i>1 0 0 0 1 0 0 0 1 2.38 0.89 1.03</i>
                <i>1 0 0 0 1 0 0 0 1 2.38 0.89 1.03</i>
                <i>1 0 0 0 1 0 0 0 1 2.38 0.89 1.03</i>
                <i>1 0 0 0 1 0 0 0 1 2.38 0.89 1.03</i>
                <i>1 0 0 0 1 0 0 0 1 2.38 0.89 1.03</i>
                <i>1 0 0 0 1 0 0 0 1 2.38 0.89 1.03</i>
                <i>1 0 0 0 1 0 0 0 1 2.38 0.89 1.03</i>
                <i>1 0 0 0 1 0 0 0 1 2.38 0.89 1.03</i>
                <i>1 0 0 0 1 0 0 0 1 2.38 0.89 1.03</i>
                <i>1 0 0 0 1 0 0 0 1 2.38 0.89 1.03</i>
                <i>1 0 0 0 1 0 0 0 1 2.38 0.89 1.03</i>
                <i>1 0 0 0 1 0 0 0 1 2.38 0.89 1.03</i>
                <i>1 0 0 0 1 0 0 0 1 2.38 0.89 1.03</i>
                <i>1 0 0 0 1 0 0 0 1 2.38 0.89 1.03</i>
                <i>1 0 0 0 1 0 0 0 1 2.38 0.89 1.03</i>
                <i>1 0 0 0 1 0 0 0 1 2.38 0.89 1.03</i>
                <i>1 0 0 0 1 0 0 0 1 2.38 0.89 1.03</i>
                <i>1 0 0 0 1 0 0 0 1 2.38 0.89 1.03</i>
                <i>1 0 0 0 1 0 0 0 1 2.38 0.89 1.03</i>
                <i>1 0 0 0 1 0 0 0 1 2.38 0.89 1.03</i>
                <i>1 0 0 0 1 0 0 0 1 2.38 0.89 1.03</i>
                <i>1 0 0 0 1 0 0 0 1 2.38 0.89 1.03</i>
                <i>1 0 0 0 1 0 0 0 1 2.38 0.89 1.03</i>
                <i>1 0 0 0 1 0 0 0 1 2.38 0.89 1.03</i>
                <i>1 0 0 0 1 0 0 0 1 2.38 0.89 1.03</i>
                <i>1 0 0 0 1 0 0 0 1 2.38 0.89 1.03</i>
                <i>1 0 0 0 1 0 0 0 1 2.38 0.89 1.03</i>
                <i>1 0 0 0 1 0 0 0 1 2.38 0.89 1.03</i>
                <i>1 0 0 0 1 0 0 0 1 2.38 0.89 1.03</i>
                <i>1 0 0 0 1 0 0 0 1 2.38 0.89 1.03</i>
                <i>1 0 0 0 1 0 0 0 1 2.38 0.89 1.03</i>
                <i>1 0 0 0 1 0 0 0 1 2.38 0.89 1.03</i>
                <i>1 0 0 0 1 0 0 0 1 2.38 0.89 1.03</i>
                <i>1 0 0 0 1 0 0 0 1 2.38 0.89 1.03</i>
                <i>1 0 0 0 1 0 0 0 1 2.38 0.89 1.03</i>
                <i>1 0 0 0 1 0 0 0 1 2.38 0.89 1.03</i>
                <i>1 0 0 0 1 0 0 0 1 2.38 0.89 1.03</i>
                <i>1 0 0 0 1 0 0 0 1 2.38 0.89 1.03</i>
                <i>1 0 0 0 1 0 0 0 1 2.38 0.89 1.03</i>
                <i>1 0 0 0 1 0 0 0 1 2.38 0.89 1.03</i>
                <i>1 0 0 0 1 0 0 0 1 2.38 0.89 1.03</i>
                <i>1 0 0 0 1 0 0 0 1 2.38 0.89 1.03</i>
                <i>1 0 0 0 1 0 0 0 1 2.38 0.89 1.03</i>
                <i>1 0 0 0 1 0 0 0 1 2.38 0.89 1.03</i>
                <i>1 0 0 0 1 0 0 0 1 2.38 0.89 1.03</i>
                <i>1 0 0 0 1 0 0 0 1 2.38 0.89 1.03</i>
                <i>1 0 0 0 1 0 0 0 1 2.38 0.89 1.03</i>
                <i>1 0 0 0 1 0 0 0 1 2.38 0.89 1.03</i>
                <i>1 0 0 0 1 0 0 0 1 2.38 0.89 1.03</i>
            </KeyFrames>
        </RefFrame>
        <Bones count="23">
            <i>
                <p>
                    <Name><![CDATA[pelvis]]></Name>
                    <Exclude>0</Exclude>
                    <Additive>0</Additive>
                    <IKPriority>0</IKPriority>
                    <IKRotLimits>-1e+010 -1e+010 -1e+010 1e+010 1e+010 1e+010</IKRotLimits>
                    <IKRotLimitOrder>2</IKRotLimitOrder>
                    <KeyFrames count="160">
                        <i>1 0 0 0 1 0 0 0 1 2.23971 2.04055 1.09033</i>
                        <i>1 0 0 0 1 0 0 0 1 2.23705 2.04249 1.09261</i>
                        <i>1 0 0 0 1 0 0 0 1 2.23046 2.04571 1.0982</i>
                        <i>1 0 0 0 1 0 0 0 1 2.22197 2.04637 1.10524</i>
                        <i>1 0 0 0 1 0 0 0 1 2.21364 2.04059 1.11189</i>
                        <i>1 0 0 0 1 0 0 0 1 2.20448 2.01101 1.11871</i>
                        <i>1 0 0 0 1 0 0 0 1 2.19429 1.97885 1.12526</i>
                        <i>1 0 0 0 1 0 0 0 1 2.18354 1.96789 1.13119</i>
                        <i>1 0 0 0 1 0 0 0 1 2.17282 1.9638 1.1365</i>
                        <i>1 0 0 0 1 0 0 0 1 2.16557 1.96338 1.13825</i>
                        <i>1 0 0 0 1 0 0 0 1 2.16289 1.96143 1.13759</i>
                        <i>1 0 0 0 1 0 0 0 1 2.16221 1.95548 1.13739</i>
                        <i>1 0 0 0 1 0 0 0 1 2.16156 1.94636 1.13727</i>
                        <i>1 0 0 0 1 0 0 0 1 2.16155 1.95451 1.13729</i>
                        <i>1 0 0 0 1 0 0 0 1 2.16164 1.96081 1.13745</i>
                        <i>1 0 0 0 1 0 0 0 1 2.16205 1.96351 1.13762</i>
                        <i>1 0 0 0 1 0 0 0 1 2.16307 1.96273 1.13779</i>
                        <i>1 0 0 0 1 0 0 0 1 2.16448 1.95987 1.13799</i>
                        <i>1 0 0 0 1 0 0 0 1 2.16565 1.95509 1.13816</i>
                        <i>1 0 0 0 1 0 0 0 1 2.166 1.94853 1.13824</i>
                        <i>1 0 0 0 1 0 0 0 1 2.16579 1.95577 1.13824</i>
                        <i>1 0 0 0 1 0 0 0 1 2.16457 1.96133 1.13813</i>
                        <i>1 0 0 0 1 0 0 0 1 2.16381 1.96343 1.13806</i>
                        <i>1 0 0 0 1 0 0 0 1 2.16414 1.96231 1.13803</i>
                        <i>1 0 0 0 1 0 0 0 1 2.16491 1.95928 1.13797</i>
                        <i>1 0 0 0 1 0 0 0 1 2.16561 1.95425 1.13791</i>
                        <i>1 0 0 0 1 0 0 0 1 2.16575 1.94713 1.13786</i>
                        <i>1 0 0 0 1 0 0 0 1 2.16569 1.95393 1.13793</i>
                        <i>1 0 0 0 1 0 0 0 1 2.16507 1.95909 1.13804</i>
                        <i>1 0 0 0 1 0 0 0 1 2.16557 1.96338 1.13825</i>
                        <i>1 0 0 0 1 0 0 0 1 2.16863 1.96346 1.13869</i>
                        <i>1 0 0 0 1 0 0 0 1 2.17259 1.95934 1.13922</i>
                        <i>1 0 0 0 1 0 0 0 1 2.17456 1.9567 1.13947</i>
                        <i>1 0 0 0 1 0 0 0 1 2.17294 1.95787 1.13926</i>
                        <i>1 0 0 0 1 0 0 0 1 2.16951 1.96039 1.1388</i>
                        <i>1 0 0 0 1 0 0 0 1 2.16635 1.96273 1.13837</i>
                        <i>1 0 0 0 1 0 0 0 1 2.16557 1.96338 1.13825</i>
                        <i>1 0 0 0 1 0 0 0 1 2.16925 1.95856 1.13873</i>
                        <i>1 0 0 0 1 0 0 0 1 2.17592 1.95162 1.13959</i>
                        <i>1 0 0 0 1 0 0 0 1 2.18234 1.95169 1.14036</i>
                        <i>1 0 0 0 1 0 0 0 1 2.18802 1.96214 1.1409</i>
                        <i>1 0 0 0 1 0 0 0 1 2.19411 1.97768 1.14141</i>
                        <i>1 0 0 0 1 0 0 0 1 2.19987 1.99447 1.14189</i>
                        <i>1 0 0 0 1 0 0 0 1 2.20453 2.00862 1.14232</i>
                        <i>1 0 0 0 1 0 0 0 1 2.20736 2.01629 1.1427</i>
                        <i>1 0 0 0 1 0 0 0 1 2.20872 2.01822 1.14299</i>
                        <i>1 0 0 0 1 0 0 0 1 2.20955 2.01803 1.14315</i>
                        <i>1 0 0 0 1 0 0 0 1 2.20993 2.01621 1.14323</i>
                        <i>1 0 0 0 1 0 0 0 1 2.20996 2.01325 1.14322</i>
                        <i>1 0 0 0 1 0 0 0 1 2.20973 2.00963 1.14316</i>
                        <i>1 0 0 0 1 0 0 0 1 2.20933 2.00585 1.14306</i>
                        <i>1 0 0 0 1 0 0 0 1 2.20886 2.00239 1.14295</i>
                        <i>1 0 0 0 1 0 0 0 1 2.20839 1.99973 1.14283</i>
                        <i>1 0 0 0 1 0 0 0 1 2.20803 1.99836 1.14274</i>
                        <i>1 0 0 0 1 0 0 0 1 2.20787 1.99878 1.14269</i>
                        <i>1 0 0 0 1 0 0 0 1 2.2076 2.00307 1.14284</i>
                        <i>1 0 0 0 1 0 0 0 1 2.20707 2.01148 1.14317</i>
                        <i>1 0 0 0 1 0 0 0 1 2.20655 2.02168 1.14343</i>
                        <i>1 0 0 0 1 0 0 0 1 2.20634 2.03138 1.14336</i>
                        <i>1 0 0 0 1 0 0 0 1 2.20672 2.03824 1.14271</i>
                        <i>1 0 0 0 1 0 0 0 1 2.2078 2.0371 1.14097</i>
                        <i>1 0 0 0 1 0 0 0 1 2.20926 2.02788 1.13829</i>
                        <i>1 0 0 0 1 0 0 0 1 2.2108 2.01592 1.13543</i>
                        <i>1 0 0 0 1 0 0 0 1 2.21207 2.00656 1.13316</i>
                        <i>1 0 0 0 1 0 0 0 1 2.21277 2.00513 1.13226</i>
                        <i>1 0 0 0 1 0 0 0 1 2.16883 2.02028 1.08476</i>
                        <i>1 0 0 0 1 0 0 0 1 2.10169 2.04685 1.01328</i>
                        <i>1 0 0 0 1 0 0 0 1 2.02969 2.07549 0.937733</i>
                        <i>1 0 0 0 1 0 0 0 1 1.97118 2.09686 0.878032</i>
                        <i>1 0 0 0 1 0 0 0 1 1.9445 2.10163 0.854094</i>
                        <i>1 0 0 0 1 0 0 0 1 1.9646 2.08033 0.884005</i>
                        <i>1 0 0 0 1 0 0 0 1 2.01924 2.0392 0.954487</i>
                        <i>1 0 0 0 1 0 0 0 1 2.08602 1.99242 1.03841</i>
                        <i>1 0 0 0 1 0 0 0 1 2.14251 1.95417 1.10866</i>
                        <i>1 0 0 0 1 0 0 0 1 2.16631 1.93863 1.13809</i>
                        <i>1 0 0 0 1 0 0 0 1 2.16653 1.93094 1.13803</i>
                        <i>1 0 0 0 1 0 0 0 1 2.16696 1.91655 1.13792</i>
                        <i>1 0 0 0 1 0 0 0 1 2.16717 1.91014 1.13787</i>
                        <i>1 0 0 0 1 0 0 0 1 2.16696 1.91822 1.13792</i>
                        <i>1 0 0 0 1 0 0 0 1 2.16658 1.93303 1.13802</i>
                        <i>1 0 0 0 1 0 0 0 1 2.16618 1.94784 1.13811</i>
                        <i>1 0 0 0 1 0 0 0 1 2.16596 1.95589 1.13817</i>
                        <i>1 0 0 0 1 0 0 0 1 2.1659 1.95805 1.13819</i>
                        <i>1 0 0 0 1 0 0 0 1 2.16587 1.95974 1.13821</i>
                        <i>1 0 0 0 1 0 0 0 1 2.16585 1.96101 1.13823</i>
                        <i>1 0 0 0 1 0 0 0 1 2.16585 1.9619 1.13825</i>
                        <i>1 0 0 0 1 0 0 0 1 2.16586 1.96247 1.13827</i>
                        <i>1 0 0 0 1 0 0 0 1 2.16588 1.96276 1.1383</i>
                        <i>1 0 0 0 1 0 0 0 1 2.1659 1.96283 1.13832</i>
                        <i>1 0 0 0 1 0 0 0 1 2.16593 1.96273 1.13834</i>
                        <i>1 0 0 0 1 0 0 0 1 2.16596 1.96251 1.13835</i>
                        <i>1 0 0 0 1 0 0 0 1 2.16598 1.96221 1.13837</i>
                        <i>1 0 0 0 1 0 0 0 1 2.16599 1.9619 1.13837</i>
                        <i>1 0 0 0 1 0 0 0 1 2.166 1.96161 1.13838</i>
                        <i>1 0 0 0 1 0 0 0 1 2.16598 1.96141 1.13837</i>
                        <i>1 0 0 0 1 0 0 0 1 2.16595 1.96134 1.13836</i>
                        <i>1 0 0 0 1 0 0 0 1 2.1659 1.96145 1.13835</i>
                        <i>1 0 0 0 1 0 0 0 1 2.16582 1.96179 1.13832</i>
                        <i>1 0 0 0 1 0 0 0 1 2.16571 1.96242 1.13829</i>
                        <i>1 0 0 0 1 0 0 0 1 2.16557 1.96338 1.13825</i>
                        <i>1 0 0 0 1 0 0 0 1 2.16534 1.96851 1.13826</i>
                        <i>1 0 0 0 1 0 0 0 1 2.165 1.97934 1.13835</i>
                        <i>1 0 0 0 1 0 0 0 1 2.16464 1.99247 1.13847</i>
                        <i>1 0 0 0 1 0 0 0 1 2.16432 2.00449 1.13856</i>
                        <i>1 0 0 0 1 0 0 0 1 2.16413 2.012 1.13856</i>
                        <i>1 0 0 0 1 0 0 0 1 2.16409 2.01386 1.13851</i>
                        <i>1 0 0 0 1 0 0 0 1 2.16414 2.01233 1.1385</i>
                        <i>1 0 0 0 1 0 0 0 1 2.16423 2.00913 1.1385</i>
                        <i>1 0 0 0 1 0 0 0 1 2.16431 2.00596 1.13851</i>
                        <i>1 0 0 0 1 0 0 0 1 2.16435 2.00452 1.13851</i>
                        <i>1 0 0 0 1 0 0 0 1 2.16435 2.00452 1.13851</i>
                        <i>1 0 0 0 1 0 0 0 1 2.16435 2.00452 1.13851</i>
                        <i>1 0 0 0 1 0 0 0 1 2.16435 2.00452 1.13851</i>
                        <i>1 0 0 0 1 0 0 0 1 2.16435 2.00452 1.13851</i>
                        <i>1 0 0 0 1 0 0 0 1 2.16435 2.00452 1.13851</i>
                        <i>1 0 0 0 1 0 0 0 1 2.16433 2.00525 1.13852</i>
                        <i>1 0 0 0 1 0 0 0 1 2.16427 2.00715 1.13853</i>
                        <i>1 0 0 0 1 0 0 0 1 2.16419 2.00984 1.13855</i>
                        <i>1 0 0 0 1 0 0 0 1 2.1641 2.01293 1.13856</i>
                        <i>1 0 0 0 1 0 0 0 1 2.16401 2.01601 1.13858</i>
                        <i>1 0 0 0 1 0 0 0 1 2.16393 2.0187 1.1386</i>
                        <i>1 0 0 0 1 0 0 0 1 2.16388 2.02061 1.13861</i>
                        <i>1 0 0 0 1 0 0 0 1 2.16385 2.02133 1.13862</i>
                        <i>1 0 0 0 1 0 0 0 1 2.16412 2.02026 1.13867</i>
                        <i>1 0 0 0 1 0 0 0 1 2.16475 2.01755 1.13879</i>
                        <i>1 0 0 0 1 0 0 0 1 2.16548 2.01391 1.13891</i>
                        <i>1 0 0 0 1 0 0 0 1 2.16607 2.01006 1.139</i>
                        <i>1 0 0 0 1 0 0 0 1 2.16625 2.00673 1.139</i>
                        <i>1 0 0 0 1 0 0 0 1 2.16576 2.00465 1.13886</i>
                        <i>1 0 0 0 1 0 0 0 1 2.16435 2.00452 1.13851</i>
                        <i>1 0 0 0 1 0 0 0 1 2.16107 2.00673 1.13723</i>
                        <i>1 0 0 0 1 0 0 0 1 2.15568 2.01076 1.13458</i>
                        <i>1 0 0 0 1 0 0 0 1 2.14899 2.01604 1.131</i>
                        <i>1 0 0 0 1 0 0 0 1 2.14182 2.022 1.1269</i>
                        <i>1 0 0 0 1 0 0 0 1 2.13498 2.02806 1.1227</i>
                        <i>1 0 0 0 1 0 0 0 1 2.12929 2.03365 1.11884</i>
                        <i>1 0 0 0 1 0 0 0 1 2.12555 2.03821 1.11573</i>
                        <i>1 0 0 0 1 0 0 0 1 2.12459 2.04114 1.11381</i>
                        <i>1 0 0 0 1 0 0 0 1 2.12722 2.04189 1.11348</i>
                        <i>1 0 0 0 1 0 0 0 1 2.13425 2.03988 1.11518</i>
                        <i>1 0 0 0 1 0 0 0 1 2.1566 2.0283 1.12429</i>
                        <i>1 0 0 0 1 0 0 0 1 2.1968 2.00588 1.14172</i>
                        <i>1 0 0 0 1 0 0 0 1 2.2431 1.98033 1.16121</i>
                        <i>1 0 0 0 1 0 0 0 1 2.28372 1.95937 1.1765</i>
                        <i>1 0 0 0 1 0 0 0 1 2.30691 1.95071 1.18133</i>
                        <i>1 0 0 0 1 0 0 0 1 2.30667 1.9601 1.17028</i>
                        <i>1 0 0 0 1 0 0 0 1 2.29085 1.98239 1.14751</i>
                        <i>1 0 0 0 1 0 0 0 1 2.26842 2.00896 1.12117</i>
                        <i>1 0 0 0 1 0 0 0 1 2.24838 2.03122 1.0994</i>
                        <i>1 0 0 0 1 0 0 0 1 2.23971 2.04055 1.09033</i>
                        <i>1 0 0 0 1 0 0 0 1 2.23971 2.04055 1.09033</i>
                        <i>1 0 0 0 1 0 0 0 1 2.23971 2.04055 1.09033</i>
                        <i>1 0 0 0 1 0 0 0 1 2.23971 2.04055 1.09033</i>
                        <i>1 0 0 0 1 0 0 0 1 2.23971 2.04055 1.09033</i>
                        <i>1 0 0 0 1 0 0 0 1 2.23971 2.04055 1.09033</i>
                        <i>1 0 0 0 1 0 0 0 1 2.23971 2.04055 1.09033</i>
                        <i>1 0 0 0 1 0 0 0 1 2.23971 2.04055 1.09033</i>
                        <i>1 0 0 0 1 0 0 0 1 2.23971 2.04055 1.09033</i>
                        <i>1 0 0 0 1 0 0 0 1 2.23971 2.04055 1.09033</i>
                        <i>1 0 0 0 1 0 0 0 1 2.23971 2.04055 1.09033</i>
                    </KeyFrames>
                </p>
            </i>
            <i>
                <p>
                    <Name><![CDATA[spine0]]></Name>
                    <Exclude>0</Exclude>
                    <Additive>0</Additive>
                    <IKPriority>0</IKPriority>
                    <IKRotLimits>-1e+010 -1e+010 -1e+010 1e+010 1e+010 1e+010</IKRotLimits>
                    <IKRotLimitOrder>0</IKRotLimitOrder>
                    <KeyFrames count="160">
                        <i>-0.0287338 0.99958 -0.00388776 -0.715906 -0.0232934 -0.697808 -0.697605 -0.0172674 0.716274 2.27135 2.17749 1.05964</i>
                        <i>-0.0296945 0.999549 -0.00445206 -0.710553 -0.0242412 -0.703226 -0.703017 -0.0177185 0.710952 2.26858 2.17955 1.06233</i>
                        <i>-0.032267 0.999461 -0.00602707 -0.696004 -0.026797 -0.717538 -0.717313 -0.0189579 0.696493 2.26164 2.18309 1.069</i>
                        <i>-0.0359849 0.999316 -0.00846564 -0.674426 -0.0305352 -0.737711 -0.737465 -0.020837 0.675064 2.25259 2.18418 1.07756</i>
                        <i>-0.0403683 0.999117 -0.0116032 -0.648081 -0.0350202 -0.760766 -0.760501 -0.023191 0.648923 2.24351 2.1789 1.08592</i>
                        <i>-0.0449222 0.998875 -0.0152041 -0.619503 -0.039794 -0.783985 -0.783708 -0.0257994 0.620594 2.23346 2.14982 1.09444</i>
                        <i>-0.0491478 0.998612 -0.0189308 -0.591567 -0.0443757 -0.805034 -0.804757 -0.0283668 0.592926 2.22238 2.11809 1.10248</i>
                        <i>-0.0525587 0.998368 -0.0223422 -0.56745 -0.0482683 -0.821992 -0.821729 -0.0305247 0.569061 2.21086 2.10747 1.10957</i>
                        <i>-0.054692 0.998192 -0.0249227 -0.550528 -0.0509687 -0.83326 -0.833023 -0.031852 0.55232 2.19969 2.10357 1.11555</i>
                        <i>-0.0551043 0.998138 -0.0261441 -0.544207 -0.0519764 -0.837339 -0.837139 -0.0319132 0.546058 2.19249 2.10315 1.11741</i>
                        <i>-0.0419253 0.99848 -0.0357752 -0.544419 -0.0528544 -0.837147 -0.837765 -0.015621 0.545807 2.19109 2.10083 1.11592</i>
                        <i>-0.0170984 0.998401 -0.0538876 -0.544924 -0.054493 -0.836713 -0.838311 0.0150582 0.544985 2.19308 2.09403 1.11399</i>
                        <i>-0.000706337 0.997849 -0.0655534 -0.545719 -0.0553163 -0.83614 -0.837968 0.0351832 0.544584 2.19574 2.08375 1.11173</i>
                        <i>-0.0142621 0.998456 -0.0536878 -0.546672 -0.0527442 -0.835684 -0.837225 0.017431 0.54658 2.19897 2.09065 1.10966</i>
                        <i>-0.0304446 0.998653 -0.0420199 -0.547301 -0.0518326 -0.83533 -0.836382 -0.00243371 0.548141 2.20155 2.0959 1.10822</i>
                        <i>-0.0265225 0.998377 -0.050396 -0.547491 -0.0566879 -0.834889 -0.836391 0.00544796 0.548106 2.203 2.09814 1.10771</i>
                        <i>-0.0177534 0.997751 -0.0646332 -0.54699 -0.063804 -0.834704 -0.836951 0.0205348 0.546892 2.20285 2.09787 1.10865</i>
                        <i>-0.00700525 0.996747 -0.0802911 -0.545637 -0.0710967 -0.835001 -0.837993 0.0379604 0.54436 2.20124 2.09627 1.11079</i>
                        <i>0.00164141 0.995773 -0.0918389 -0.543819 -0.0761826 -0.835737 -0.839201 0.0513156 0.541395 2.1987 2.09289 1.11335</i>
                        <i>0.00510969 0.995346 -0.0962318 -0.542263 -0.0780974 -0.836571 -0.840193 0.0564576 0.53934 2.19578 2.08743 1.11555</i>
                        <i>0.00336521 0.99593 -0.0900717 -0.542065 -0.0738741 -0.837083 -0.84033 0.0516417 0.53961 2.19393 2.09519 1.11661</i>
                        <i>-0.0001811 0.997198 -0.0748031 -0.543521 -0.0628875 -0.837037 -0.839396 0.0405054 0.542009 2.19335 2.10054 1.11609</i>
                        <i>-0.00364896 0.998404 -0.0563566 -0.545385 -0.0492244 -0.836739 -0.838178 0.0276828 0.544694 2.19473 2.10196 1.11463</i>
                        <i>-0.00595657 0.999153 -0.0407212 -0.546686 -0.0373515 -0.836504 -0.837317 0.017279 0.546445 2.19774 2.09991 1.11287</i>
                        <i>-0.005563 0.999372 -0.0349863 -0.547184 -0.0323264 -0.836388 -0.836994 0.0144911 0.54702 2.20078 2.09603 1.11134</i>
                        <i>-0.00415756 0.999125 -0.0416213 -0.547121 -0.0371122 -0.83623 -0.837043 0.0192952 0.546796 2.20245 2.09062 1.11065</i>
                        <i>-0.00791262 0.998656 -0.0512256 -0.546575 -0.0472169 -0.836078 -0.837373 0.021383 0.546214 2.20171 2.08384 1.11118</i>
                        <i>-0.0174432 0.998309 -0.0554592 -0.545593 -0.0559854 -0.836178 -0.837869 0.0156725 0.545646 2.19955 2.09143 1.1126</i>
                        <i>-0.0320223 0.998461 -0.0452696 -0.544964 -0.05541 -0.836627 -0.837848 -0.00212045 0.5459 2.19639 2.09749 1.11435</i>
                        <i>-0.0440643 0.998473 -0.0333128 -0.544733 -0.0519654 -0.836998 -0.837451 -0.0187351 0.546192 2.19471 2.10248 1.11597</i>
                        <i>-0.0351193 0.998488 -0.0422798 -0.54422 -0.0545903 -0.837165 -0.838207 -0.00639114 0.545314 2.19677 2.10288 1.11706</i>
                        <i>-0.0103272 0.997885 -0.0641765 -0.543769 -0.0594651 -0.837125 -0.839171 0.0262521 0.543233 2.20099 2.09867 1.11742</i>
                        <i>0.00500404 0.997004 -0.077186 -0.543769 -0.0620647 -0.836937 -0.83922 0.0461594 0.541829 2.20386 2.09575 1.11709</i>
                        <i>-0.0209274 0.998305 -0.0543085 -0.544654 -0.0569361 -0.836726 -0.8384 0.0120688 0.544922 2.2036 2.09649 1.116</i>
                        <i>-0.0434375 0.998489 -0.0336494 -0.545473 -0.0519207 -0.836518 -0.837002 -0.0179814 0.546905 2.20176 2.09847 1.11451</i>
                        <i>-0.0343439 0.998409 -0.0447118 -0.545585 -0.0562135 -0.836168 -0.837352 -0.00432323 0.546648 2.20024 2.10023 1.11302</i>
                        <i>-0.0266323 0.997893 -0.0591643 -0.545533 -0.0641036 -0.835634 -0.837666 0.0100212 0.546091 2.20094 2.10032 1.11195</i>
                        <i>-0.0234999 0.997555 -0.065815 -0.545839 -0.0679574 -0.83513 -0.837561 0.0162989 0.546101 2.20613 2.09491 1.11145</i>
                        <i>-0.0237726 0.997711 -0.063308 -0.546542 -0.065995 -0.834827 -0.837094 0.0147545 0.54686 2.21457 2.08724 1.11117</i>
                        <i>-0.0254996 0.998019 -0.0575123 -0.547272 -0.0620807 -0.834649 -0.836566 0.0101917 0.547771 2.22287 2.0865 1.11073</i>
                        <i>-0.0281954 0.998367 -0.0496904 -0.547884 -0.057013 -0.834609 -0.836079 0.00369239 0.548597 2.23039 2.09612 1.11008</i>
                        <i>-0.0313313 0.998661 -0.0411641 -0.548301 -0.0516072 -0.834687 -0.835694 -0.00358148 0.549184 2.23816 2.11087 1.10951</i>
                        <i>-0.0343278 0.998855 -0.0333177 -0.548519 -0.0466976 -0.834833 -0.835433 -0.0103826 0.549494 2.24529 2.12697 1.10911</i>
                        <i>-0.0365684 0.998951 -0.0275746 -0.548595 -0.0431306 -0.834975 -0.835288 -0.0154064 0.549597 2.25088 2.14066 1.10894</i>
                        <i>-0.0374249 0.998977 -0.0253639 -0.548609 -0.0417541 -0.835036 -0.835241 -0.0173363 0.549611 2.25406 2.14815 1.10909</i>
                        <i>-0.0377237 0.998971 -0.0251686 -0.548578 -0.0417546 -0.835056 -0.835248 -0.0176944 0.549589 2.25524 2.15016 1.10949</i>
                        <i>-0.0386346 0.998951 -0.0245734 -0.548485 -0.0417559 -0.835117 -0.835267 -0.0187863 0.549523 2.25552 2.15025 1.11002</i>
                        <i>-0.0400592 0.998918 -0.0236428 -0.54834 -0.041758 -0.835212 -0.835296 -0.0204937 0.549419 2.25505 2.14887 1.11064</i>
                        <i>-0.0419 0.99887 -0.022441 -0.548154 -0.0417605 -0.835334 -0.835327 -0.0226994 0.549284 2.25398 2.14645 1.11134</i>
                        <i>-0.0440572 0.998808 -0.0210335 -0.547938 -0.0417634 -0.835476 -0.835358 -0.0252837 0.549125 2.25247 2.14344 1.11211</i>
                        <i>-0.0464275 0.998732 -0.0194881 -0.547704 -0.0417663 -0.835629 -0.835383 -0.0281224 0.548948 2.25067 2.14031 1.11291</i>
                        <i>-0.0489026 0.998644 -0.0178758 -0.547461 -0.0417693 -0.835788 -0.835401 -0.0310859 0.548761 2.24873 2.13749 1.11373</i>
                        <i>-0.05137 0.998547 -0.0162698 -0.547221 -0.0417721 -0.835945 -0.83541 -0.0340393 0.548572 2.24682 2.13545 1.11455</i>
                        <i>-0.0537135 0.998447 -0.0147457 -0.546995 -0.0417747 -0.836093 -0.835411 -0.0368436 0.54839 2.24509 2.13465 1.11535</i>
                        <i>-0.0558147 0.998351 -0.0133804 -0.546793 -0.041777 -0.836225 -0.835405 -0.0393574 0.548223 2.2437 2.13554 1.11609</i>
                        <i>-0.0588339 0.998218 -0.0100029 -0.563852 -0.0414983 -0.824832 -0.823777 -0.042888 0.565289 2.24207 2.14039 1.11734</i>
                        <i>-0.0621117 0.998064 -0.00320601 -0.60352 -0.0401164 -0.796338 -0.794925 -0.047527 0.604843 2.24024 2.14942 1.11935</i>
                        <i>-0.0632874 0.997981 0.0052554 -0.648636 -0.0371303 -0.760193 -0.758463 -0.0515195 0.649676 2.23911 2.16008 1.12143</i>
                        <i>-0.0621473 0.997988 0.0125217 -0.684568 -0.0334934 -0.728179 -0.726295 -0.0538263 0.685273 2.23904 2.16995 1.12273</i>
                        <i>-0.0606829 0.998042 0.0151775 -0.699298 -0.0316588 -0.714128 -0.71225 -0.053949 0.69985 2.23988 2.17674 1.12235</i>
                        <i>-0.059875 0.998138 0.0116415 -0.703357 -0.0339108 -0.710028 -0.708311 -0.050701 0.704077 2.24127 2.17516 1.11825</i>
                        <i>-0.0592541 0.998234 0.00424474 -0.712057 -0.039286 -0.701022 -0.699617 -0.0445609 0.713127 2.24276 2.16503 1.11065</i>
                        <i>-0.0590385 0.998246 -0.00436321 -0.721464 -0.045689 -0.690943 -0.68993 -0.0376443 0.722896 2.24406 2.15187 1.10213</i>
                        <i>-0.0591908 0.998181 -0.0114757 -0.72861 -0.0510581 -0.683023 -0.682366 -0.0320674 0.730307 2.24498 2.14136 1.09521</i>
                        <i>-0.0594511 0.998125 -0.0145277 -0.73139 -0.053459 -0.679861 -0.679363 -0.029793 0.733197 2.24542 2.13942 1.09232</i>
                        <i>-0.0327825 0.999459 0.00266136 -0.771664 -0.0236183 -0.635592 -0.635185 -0.0228899 0.772021 2.20311 2.15441 1.04564</i>
                        <i>0.0173973 0.999402 0.0298864 -0.861908 0.0301405 -0.506167 -0.506765 -0.0169534 0.861917 2.1374 2.18061 0.974191</i>
                        <i>0.0410252 0.99842 0.0384037 -0.950176 0.050872 -0.307536 -0.309004 -0.0238736 0.950761 2.06068 2.20948 0.895507</i>
                        <i>0.0122878 0.999438 0.0311798 -0.996229 0.0149147 -0.0854689 -0.0858859 -0.030012 0.995853 1.98916 2.23176 0.831393</i>
                        <i>-0.0436467 0.998704 0.0261939 -0.993222 -0.0462046 0.106658 0.10773 -0.0213611 0.993951 1.94588 2.23675 0.804745</i>
                        <i>-0.0918458 0.995417 0.0266214 -0.950437 -0.0956078 0.295852 0.297042 0.00187082 0.954863 1.94823 2.21432 0.834232</i>
                        <i>-0.118375 0.992468 0.0315281 -0.856414 -0.118113 0.502597 0.502536 0.0324937 0.863946 1.98541 2.17117 0.908259</i>
                        <i>-0.111047 0.993247 0.0336042 -0.728374 -0.104345 0.677188 0.676121 0.0507233 0.735043 2.04057 2.12308 0.998922</i>
                        <i>-0.0848684 0.996018 0.0273051 -0.611894 -0.0737267 0.787496 0.786373 0.0501257 0.615714 2.09236 2.08484 1.07539</i>
                        <i>-0.071616 0.997194 0.0218092 -0.561915 -0.0584014 0.825131 0.824089 0.0468377 0.56452 2.11538 2.06961 1.10732</i>
                        <i>-0.0735862 0.997003 0.0238783 -0.56225 -0.0612497 0.824696 0.823687 0.0472607 0.565072 2.11793 2.06317 1.10889</i>
                        <i>-0.0740381 0.996873 0.0276217 -0.563221 -0.064656 0.823773 0.822982 0.0454334 0.566247 2.1227 2.05092 1.11183</i>
                        <i>-0.0773429 0.996585 0.0289146 -0.56374 -0.0676341 0.823178 0.822323 0.0473667 0.567046 2.12513 2.04551 1.11333</i>
                        <i>-0.084657 0.996082 0.0255522 -0.563092 -0.0689824 0.82351 0.822047 0.0553276 0.566726 2.12309 2.05277 1.11209</i>
                        <i>-0.0899002 0.995705 0.0221218 -0.561892 -0.0690463 0.824324 0.822311 0.0616768 0.565686 2.11903 2.06581 1.10962</i>
                        <i>-0.0904387 0.995687 0.0206878 -0.56082 -0.0680836 0.825134 0.822984 0.0630219 0.564558 2.11509 2.07873 1.10722</i>
                        <i>-0.0857261 0.996091 0.0213181 -0.560564 -0.0659104 0.825484 0.823662 0.0588153 0.564023 2.11328 2.08587 1.10616</i>
                        <i>-0.0763583 0.996786 0.0242139 -0.561387 -0.0630492 0.825148 0.824023 0.0494135 0.564398 2.11485 2.08896 1.10733</i>
                        <i>-0.0664541 0.997417 0.0272594 -0.562666 -0.0600219 0.824503 0.824009 0.0394536 0.565201 2.11845 2.09258 1.1099</i>
                        <i>-0.0617021 0.997682 0.0287103 -0.563688 -0.0585712 0.823909 0.82368 0.0346533 0.565995 2.12212 2.09563 1.1125</i>
                        <i>-0.0697984 0.997156 0.0284429 -0.563932 -0.062961 0.823418 0.822866 0.0414334 0.566722 2.12381 2.09728 1.11371</i>
                        <i>-0.0893913 0.99569 0.0246921 -0.562654 -0.0709395 0.823643 0.821846 0.0597335 0.56657 2.12102 2.09657 1.11177</i>
                        <i>-0.104477 0.994337 0.0194395 -0.560464 -0.0750137 0.824775 0.821563 0.0752752 0.565127 2.11591 2.09426 1.1082</i>
                        <i>-0.0930651 0.995513 0.0171294 -0.56048 -0.0666 0.825486 0.822923 0.0672233 0.564163 2.11322 2.09282 1.10631</i>
                        <i>-0.0733879 0.997091 0.0205808 -0.561848 -0.0583855 0.825177 0.823979 0.0489948 0.564498 2.11473 2.09356 1.10737</i>
                        <i>-0.0647919 0.997539 0.0267947 -0.562668 -0.0586956 0.824596 0.82414 0.0383507 0.565087 2.11814 2.09514 1.10976</i>
                        <i>-0.0573982 0.997825 0.0324064 -0.563543 -0.0591768 0.823965 0.82409 0.0290317 0.565714 2.12179 2.09662 1.11232</i>
                        <i>-0.053534 0.99794 0.0353562 -0.564068 -0.0594381 0.823586 0.823991 0.0241466 0.566088 2.12396 2.09728 1.11383</i>
                        <i>-0.0527554 0.997962 0.0358998 -0.564194 -0.0594489 0.823499 0.823955 0.0231896 0.566181 2.12447 2.09721 1.11419</i>
                        <i>-0.0532559 0.997948 0.0355537 -0.56419 -0.0594469 0.823502 0.823926 0.0237974 0.566198 2.12444 2.097 1.11417</i>
                        <i>-0.0540937 0.997941 0.0344734 -0.56411 -0.0590282 0.823587 0.823926 0.0251041 0.566141 2.12403 2.09676 1.1139</i>
                        <i>-0.0554234 0.997915 0.0330597 -0.563984 -0.0586115 0.823703 0.823924 0.0270073 0.566057 2.12339 2.09662 1.11348</i>
                        <i>-0.0572634 0.997853 0.0317818 -0.563834 -0.0585949 0.823807 0.8239 0.0292543 0.565979 2.1227 2.09669 1.11302</i>
                        <i>-0.0586792 0.997802 0.0307984 -0.563716 -0.0585817 0.823889 0.823882 0.0309836 0.565914 2.1221 2.09709 1.11265</i>
                        <i>-0.0592455 0.99778 0.0304051 -0.563667 -0.0585762 0.823922 0.823874 0.0316754 0.565887 2.12176 2.09796 1.11246</i>
                        <i>-0.0607859 0.997717 0.0294407 -0.563664 -0.0586536 0.823919 0.823765 0.0334881 0.565942 2.12153 2.10309 1.11248</i>
                        <i>-0.0644474 0.997552 0.027148 -0.563654 -0.0588377 0.823913 0.823493 0.0377969 0.566066 2.12119 2.11392 1.11257</i>
                        <i>-0.0687939 0.997332 0.0244267 -0.563643 -0.0590581 0.823904 0.823149 0.0429117 0.566202 2.12083 2.12705 1.11269</i>
                        <i>-0.0724144 0.997128 0.0221619 -0.563634 -0.0592445 0.823898 0.822845 0.0471708 0.566305 2.12051 2.13908 1.11278</i>
                        <i>-0.0739266 0.997038 0.0212169 -0.56363 -0.0593234 0.823895 0.822713 0.0489492 0.566346 2.12032 2.14658 1.11278</i>
                        <i>-0.0739724 0.99705 0.0204973 -0.563658 -0.0587566 0.823916 0.822689 0.0493936 0.566342 2.12028 2.14844 1.11273</i>
                        <i>-0.0740347 0.997079 0.0187963 -0.563727 -0.0573905 0.823965 0.822637 0.050406 0.566329 2.12033 2.14691 1.11271</i>
                        <i>-0.0740233 0.997115 0.0167961 -0.563808 -0.0557361 0.824023 0.822582 0.0515271 0.566307 2.12042 2.14371 1.11271</i>
                        <i>-0.0739431 0.997147 0.0151474 -0.563876 -0.0543322 0.82407 0.822542 0.0523931 0.566285 2.1205 2.14054 1.11272</i>
                        <i>-0.0738906 0.997161 0.0144638 -0.563905 -0.0537393 0.82409 0.822528 0.0527362 0.566275 2.12054 2.13911 1.11273</i>
                        <i>-0.0738906 0.997161 0.0144638 -0.563905 -0.0537393 0.82409 0.822528 0.0527362 0.566275 2.12054 2.13911 1.11273</i>
                        <i>-0.0738906 0.997161 0.0144638 -0.563905 -0.0537393 0.82409 0.822528 0.0527362 0.566275 2.12054 2.13911 1.11273</i>
                        <i>-0.0738906 0.997161 0.0144638 -0.563905 -0.0537393 0.82409 0.822528 0.0527362 0.566275 2.12054 2.13911 1.11273</i>
                        <i>-0.0738906 0.997161 0.0144638 -0.563905 -0.0537393 0.82409 0.822528 0.0527362 0.566275 2.12054 2.13911 1.11273</i>
                        <i>-0.0738906 0.997161 0.0144638 -0.563905 -0.0537393 0.82409 0.822528 0.0527362 0.566275 2.12054 2.13911 1.11273</i>
                        <i>-0.0804474 0.996705 0.010395 -0.56377 -0.0540993 0.824158 0.822004 0.060441 0.566264 2.11933 2.13925 1.11181</i>
                        <i>-0.0941788 0.995552 0.00274308 -0.563379 -0.0555667 0.824328 0.820813 0.0760889 0.566106 2.11666 2.13983 1.10982</i>
                        <i>-0.106484 0.994312 -0.0020383 -0.562752 -0.0585767 0.824547 0.819738 0.0889483 0.565789 2.11402 2.14112 1.10784</i>
                        <i>-0.11183 0.993727 -0.000181674 -0.562108 -0.0631068 0.824652 0.819468 0.0923233 0.56564 2.1128 2.14355 1.10694</i>
                        <i>-0.109953 0.993912 0.00698924 -0.562057 -0.0679747 0.824301 0.819757 0.0867056 0.566109 2.11396 2.14732 1.10779</i>
                        <i>-0.103587 0.9945 0.0154579 -0.562755 -0.0714173 0.823533 0.820107 0.0766086 0.567058 2.1166 2.15144 1.10969</i>
                        <i>-0.093222 0.995451 0.0196578 -0.563948 -0.0690633 0.822917 0.820531 0.0656279 0.567821 2.11928 2.15469 1.11161</i>
                        <i>-0.0839896 0.996321 0.0170524 -0.564777 -0.0616954 0.822934 0.820958 0.0594871 0.567881 2.12051 2.15599 1.11249</i>
