<?xml version="1.0" encoding="ISO-8859-1" ?>
<Animl Version="1">
    <ModellingPackage><![CDATA[Maya.2010]]></ModellingPackage>
    <SrcFile><![CDATA[anims\turrets\mortar\red\~src\mortar_82pm41\mortar_82pm41_reload_crewman_b.mb]]></SrcFile>
    <FramesPerSecond>30</FramesPerSecond>
    <TotalFrames>160</TotalFrames>
    <Skeleton>
        <RefFrame>
            <Name><![CDATA[soldier_ref_frame]]></Name>
            <Exclude>0</Exclude>
            <Additive>0</Additive>
            <IKPriority>0</IKPriority>
            <IKRotLimits>-1e+010 -1e+010 -1e+010 1e+010 1e+010 1e+010</IKRotLimits>
            <IKRotLimitOrder>0</IKRotLimitOrder>
            <KeyFrames count="160">
                <i>1 0 0 0 1 0 0 0 1 -2.11 0.92 -0.96</i>
                <i>1 0 0 0 1 0 0 0 1 -2.11 0.92 -0.96</i>
                <i>1 0 0 0 1 0 0 0 1 -2.11 0.92 -0.96</i>
                <i>1 0 0 0 1 0 0 0 1 -2.11 0.92 -0.96</i>
                <i>1 0 0 0 1 0 0 0 1 -2.11 0.92 -0.96</i>
                <i>1 0 0 0 1 0 0 0 1 -2.11 0.92 -0.96</i>
                <i>1 0 0 0 1 0 0 0 1 -2.11 0.92 -0.96</i>
                <i>1 0 0 0 1 0 0 0 1 -2.11 0.92 -0.96</i>
                <i>1 0 0 0 1 0 0 0 1 -2.11 0.92 -0.96</i>
                <i>1 0 0 0 1 0 0 0 1 -2.11 0.92 -0.96</i>
                <i>1 0 0 0 1 0 0 0 1 -2.11 0.92 -0.96</i>
                <i>1 0 0 0 1 0 0 0 1 -2.11 0.92 -0.96</i>
                <i>1 0 0 0 1 0 0 0 1 -2.11 0.92 -0.96</i>
                <i>1 0 0 0 1 0 0 0 1 -2.11 0.92 -0.96</i>
                <i>1 0 0 0 1 0 0 0 1 -2.11 0.92 -0.96</i>
                <i>1 0 0 0 1 0 0 0 1 -2.11 0.92 -0.96</i>
                <i>1 0 0 0 1 0 0 0 1 -2.11 0.92 -0.96</i>
                <i>1 0 0 0 1 0 0 0 1 -2.11 0.92 -0.96</i>
                <i>1 0 0 0 1 0 0 0 1 -2.11 0.92 -0.96</i>
                <i>1 0 0 0 1 0 0 0 1 -2.11 0.92 -0.96</i>
                <i>1 0 0 0 1 0 0 0 1 -2.11 0.92 -0.96</i>
                <i>1 0 0 0 1 0 0 0 1 -2.11 0.92 -0.96</i>
                <i>1 0 0 0 1 0 0 0 1 -2.11 0.92 -0.96</i>
                <i>1 0 0 0 1 0 0 0 1 -2.11 0.92 -0.96</i>
                <i>1 0 0 0 1 0 0 0 1 -2.11 0.92 -0.96</i>
                <i>1 0 0 0 1 0 0 0 1 -2.11 0.92 -0.96</i>
                <i>1 0 0 0 1 0 0 0 1 -2.11 0.92 -0.96</i>
                <i>1 0 0 0 1 0 0 0 1 -2.11 0.92 -0.96</i>
                <i>1 0 0 0 1 0 0 0 1 -2.11 0.92 -0.96</i>
                <i>1 0 0 0 1 0 0 0 1 -2.11 0.92 -0.96</i>
                <i>1 0 0 0 1 0 0 0 1 -2.11 0.92 -0.96</i>
                <i>1 0 0 0 1 0 0 0 1 -2.11 0.92 -0.96</i>
                <i>1 0 0 0 1 0 0 0 1 -2.11 0.92 -0.96</i>
                <i>1 0 0 0 1 0 0 0 1 -2.11 0.92 -0.96</i>
                <i>1 0 0 0 1 0 0 0 1 -2.11 0.92 -0.96</i>
                <i>1 0 0 0 1 0 0 0 1 -2.11 0.92 -0.96</i>
                <i>1 0 0 0 1 0 0 0 1 -2.11 0.92 -0.96</i>
                <i>1 0 0 0 1 0 0 0 1 -2.11 0.92 -0.96</i>
                <i>1 0 0 0 1 0 0 0 1 -2.11 0.92 -0.96</i>
                <i>1 0 0 0 1 0 0 0 1 -2.11 0.92 -0.96</i>
                <i>1 0 0 0 1 0 0 0 1 -2.11 0.92 -0.96</i>
                <i>1 0 0 0 1 0 0 0 1 -2.11 0.92 -0.96</i>
                <i>1 0 0 0 1 0 0 0 1 -2.11 0.92 -0.96</i>
                <i>1 0 0 0 1 0 0 0 1 -2.11 0.92 -0.96</i>
                <i>1 0 0 0 1 0 0 0 1 -2.11 0.92 -0.96</i>
                <i>1 0 0 0 1 0 0 0 1 -2.11 0.92 -0.96</i>
                <i>1 0 0 0 1 0 0 0 1 -2.11 0.92 -0.96</i>
                <i>1 0 0 0 1 0 0 0 1 -2.11 0.92 -0.96</i>
                <i>1 0 0 0 1 0 0 0 1 -2.11 0.92 -0.96</i>
                <i>1 0 0 0 1 0 0 0 1 -2.11 0.92 -0.96</i>
                <i>1 0 0 0 1 0 0 0 1 -2.11 0.92 -0.96</i>
                <i>1 0 0 0 1 0 0 0 1 -2.11 0.92 -0.96</i>
                <i>1 0 0 0 1 0 0 0 1 -2.11 0.92 -0.96</i>
                <i>1 0 0 0 1 0 0 0 1 -2.11 0.92 -0.96</i>
                <i>1 0 0 0 1 0 0 0 1 -2.11 0.92 -0.96</i>
                <i>1 0 0 0 1 0 0 0 1 -2.11 0.92 -0.96</i>
                <i>1 0 0 0 1 0 0 0 1 -2.11 0.92 -0.96</i>
                <i>1 0 0 0 1 0 0 0 1 -2.11 0.92 -0.96</i>
                <i>1 0 0 0 1 0 0 0 1 -2.11 0.92 -0.96</i>
                <i>1 0 0 0 1 0 0 0 1 -2.11 0.92 -0.96</i>
                <i>1 0 0 0 1 0 0 0 1 -2.11 0.92 -0.96</i>
                <i>1 0 0 0 1 0 0 0 1 -2.11 0.92 -0.96</i>
                <i>1 0 0 0 1 0 0 0 1 -2.11 0.92 -0.96</i>
                <i>1 0 0 0 1 0 0 0 1 -2.11 0.92 -0.96</i>
                <i>1 0 0 0 1 0 0 0 1 -2.11 0.92 -0.96</i>
                <i>1 0 0 0 1 0 0 0 1 -2.11 0.92 -0.96</i>
                <i>1 0 0 0 1 0 0 0 1 -2.11 0.92 -0.96</i>
                <i>1 0 0 0 1 0 0 0 1 -2.11 0.92 -0.96</i>
                <i>1 0 0 0 1 0 0 0 1 -2.11 0.92 -0.96</i>
                <i>1 0 0 0 1 0 0 0 1 -2.11 0.92 -0.96</i>
                <i>1 0 0 0 1 0 0 0 1 -2.11 0.92 -0.96</i>
                <i>1 0 0 0 1 0 0 0 1 -2.11 0.92 -0.96</i>
                <i>1 0 0 0 1 0 0 0 1 -2.11 0.92 -0.96</i>
                <i>1 0 0 0 1 0 0 0 1 -2.11 0.92 -0.96</i>
                <i>1 0 0 0 1 0 0 0 1 -2.11 0.92 -0.96</i>
                <i>1 0 0 0 1 0 0 0 1 -2.11 0.92 -0.96</i>
                <i>1 0 0 0 1 0 0 0 1 -2.11 0.92 -0.96</i>
                <i>1 0 0 0 1 0 0 0 1 -2.11 0.92 -0.96</i>
                <i>1 0 0 0 1 0 0 0 1 -2.11 0.92 -0.96</i>
                <i>1 0 0 0 1 0 0 0 1 -2.11 0.92 -0.96</i>
                <i>1 0 0 0 1 0 0 0 1 -2.11 0.92 -0.96</i>
                <i>1 0 0 0 1 0 0 0 1 -2.11 0.92 -0.96</i>
                <i>1 0 0 0 1 0 0 0 1 -2.11 0.92 -0.96</i>
                <i>1 0 0 0 1 0 0 0 1 -2.11 0.92 -0.96</i>
                <i>1 0 0 0 1 0 0 0 1 -2.11 0.92 -0.96</i>
                <i>1 0 0 0 1 0 0 0 1 -2.11 0.92 -0.96</i>
                <i>1 0 0 0 1 0 0 0 1 -2.11 0.92 -0.96</i>
                <i>1 0 0 0 1 0 0 0 1 -2.11 0.92 -0.96</i>
                <i>1 0 0 0 1 0 0 0 1 -2.11 0.92 -0.96</i>
                <i>1 0 0 0 1 0 0 0 1 -2.11 0.92 -0.96</i>
                <i>1 0 0 0 1 0 0 0 1 -2.11 0.92 -0.96</i>
                <i>1 0 0 0 1 0 0 0 1 -2.11 0.92 -0.96</i>
                <i>1 0 0 0 1 0 0 0 1 -2.11 0.92 -0.96</i>
                <i>1 0 0 0 1 0 0 0 1 -2.11 0.92 -0.96</i>
                <i>1 0 0 0 1 0 0 0 1 -2.11 0.92 -0.96</i>
                <i>1 0 0 0 1 0 0 0 1 -2.11 0.92 -0.96</i>
                <i>1 0 0 0 1 0 0 0 1 -2.11 0.92 -0.96</i>
                <i>1 0 0 0 1 0 0 0 1 -2.11 0.92 -0.96</i>
                <i>1 0 0 0 1 0 0 0 1 -2.11 0.92 -0.96</i>
                <i>1 0 0 0 1 0 0 0 1 -2.11 0.92 -0.96</i>
                <i>1 0 0 0 1 0 0 0 1 -2.11 0.92 -0.96</i>
                <i>1 0 0 0 1 0 0 0 1 -2.11 0.92 -0.96</i>
                <i>1 0 0 0 1 0 0 0 1 -2.11 0.92 -0.96</i>
                <i>1 0 0 0 1 0 0 0 1 -2.11 0.92 -0.96</i>
                <i>1 0 0 0 1 0 0 0 1 -2.11 0.92 -0.96</i>
                <i>1 0 0 0 1 0 0 0 1 -2.11 0.92 -0.96</i>
                <i>1 0 0 0 1 0 0 0 1 -2.11 0.92 -0.96</i>
                <i>1 0 0 0 1 0 0 0 1 -2.11 0.92 -0.96</i>
                <i>1 0 0 0 1 0 0 0 1 -2.11 0.92 -0.96</i>
                <i>1 0 0 0 1 0 0 0 1 -2.11 0.92 -0.96</i>
                <i>1 0 0 0 1 0 0 0 1 -2.11 0.92 -0.96</i>
                <i>1 0 0 0 1 0 0 0 1 -2.11 0.92 -0.96</i>
                <i>1 0 0 0 1 0 0 0 1 -2.11 0.92 -0.96</i>
                <i>1 0 0 0 1 0 0 0 1 -2.11 0.92 -0.96</i>
                <i>1 0 0 0 1 0 0 0 1 -2.11 0.92 -0.96</i>
                <i>1 0 0 0 1 0 0 0 1 -2.11 0.92 -0.96</i>
                <i>1 0 0 0 1 0 0 0 1 -2.11 0.92 -0.96</i>
                <i>1 0 0 0 1 0 0 0 1 -2.11 0.92 -0.96</i>
                <i>1 0 0 0 1 0 0 0 1 -2.11 0.92 -0.96</i>
                <i>1 0 0 0 1 0 0 0 1 -2.11 0.92 -0.96</i>
                <i>1 0 0 0 1 0 0 0 1 -2.11 0.92 -0.96</i>
                <i>1 0 0 0 1 0 0 0 1 -2.11 0.92 -0.96</i>
                <i>1 0 0 0 1 0 0 0 1 -2.11 0.92 -0.96</i>
                <i>1 0 0 0 1 0 0 0 1 -2.11 0.92 -0.96</i>
                <i>1 0 0 0 1 0 0 0 1 -2.11 0.92 -0.96</i>
                <i>1 0 0 0 1 0 0 0 1 -2.11 0.92 -0.96</i>
                <i>1 0 0 0 1 0 0 0 1 -2.11 0.92 -0.96</i>
                <i>1 0 0 0 1 0 0 0 1 -2.11 0.92 -0.96</i>
                <i>1 0 0 0 1 0 0 0 1 -2.11 0.92 -0.96</i>
                <i>1 0 0 0 1 0 0 0 1 -2.11 0.92 -0.96</i>
                <i>1 0 0 0 1 0 0 0 1 -2.11 0.92 -0.96</i>
                <i>1 0 0 0 1 0 0 0 1 -2.11 0.92 -0.96</i>
                <i>1 0 0 0 1 0 0 0 1 -2.11 0.92 -0.96</i>
                <i>1 0 0 0 1 0 0 0 1 -2.11 0.92 -0.96</i>
                <i>1 0 0 0 1 0 0 0 1 -2.11 0.92 -0.96</i>
                <i>1 0 0 0 1 0 0 0 1 -2.11 0.92 -0.96</i>
                <i>1 0 0 0 1 0 0 0 1 -2.11 0.92 -0.96</i>
                <i>1 0 0 0 1 0 0 0 1 -2.11 0.92 -0.96</i>
                <i>1 0 0 0 1 0 0 0 1 -2.11 0.92 -0.96</i>
                <i>1 0 0 0 1 0 0 0 1 -2.11 0.92 -0.96</i>
                <i>1 0 0 0 1 0 0 0 1 -2.11 0.92 -0.96</i>
                <i>1 0 0 0 1 0 0 0 1 -2.11 0.92 -0.96</i>
                <i>1 0 0 0 1 0 0 0 1 -2.11 0.92 -0.96</i>
                <i>1 0 0 0 1 0 0 0 1 -2.11 0.92 -0.96</i>
                <i>1 0 0 0 1 0 0 0 1 -2.11 0.92 -0.96</i>
                <i>1 0 0 0 1 0 0 0 1 -2.11 0.92 -0.96</i>
                <i>1 0 0 0 1 0 0 0 1 -2.11 0.92 -0.96</i>
                <i>1 0 0 0 1 0 0 0 1 -2.11 0.92 -0.96</i>
                <i>1 0 0 0 1 0 0 0 1 -2.11 0.92 -0.96</i>
                <i>1 0 0 0 1 0 0 0 1 -2.11 0.92 -0.96</i>
                <i>1 0 0 0 1 0 0 0 1 -2.11 0.92 -0.96</i>
                <i>1 0 0 0 1 0 0 0 1 -2.11 0.92 -0.96</i>
                <i>1 0 0 0 1 0 0 0 1 -2.11 0.92 -0.96</i>
                <i>1 0 0 0 1 0 0 0 1 -2.11 0.92 -0.96</i>
                <i>1 0 0 0 1 0 0 0 1 -2.11 0.92 -0.96</i>
                <i>1 0 0 0 1 0 0 0 1 -2.11 0.92 -0.96</i>
                <i>1 0 0 0 1 0 0 0 1 -2.11 0.92 -0.96</i>
                <i>1 0 0 0 1 0 0 0 1 -2.11 0.92 -0.96</i>
                <i>1 0 0 0 1 0 0 0 1 -2.11 0.92 -0.96</i>
                <i>1 0 0 0 1 0 0 0 1 -2.11 0.92 -0.96</i>
            </KeyFrames>
        </RefFrame>
        <Bones count="23">
            <i>
                <p>
                    <Name><![CDATA[pelvis]]></Name>
                    <Exclude>0</Exclude>
                    <Additive>0</Additive>
                    <IKPriority>0</IKPriority>
                    <IKRotLimits>-1e+010 -1e+010 -1e+010 1e+010 1e+010 1e+010</IKRotLimits>
                    <IKRotLimitOrder>2</IKRotLimitOrder>
                    <KeyFrames count="160">
                        <i>1 0 0 0 1 0 0 0 1 -2.1601 1.48986 -1.02821</i>
                        <i>1 0 0 0 1 0 0 0 1 -2.17516 1.5687 -1.01832</i>
                        <i>1 0 0 0 1 0 0 0 1 -2.19225 1.65086 -1.00709</i>
                        <i>1 0 0 0 1 0 0 0 1 -2.21036 1.72637 -0.995187</i>
                        <i>1 0 0 0 1 0 0 0 1 -2.22846 1.78529 -0.983289</i>
                        <i>1 0 0 0 1 0 0 0 1 -2.24555 1.82907 -0.972057</i>
                        <i>1 0 0 0 1 0 0 0 1 -2.26061 1.86509 -0.962161</i>
                        <i>1 0 0 0 1 0 0 0 1 -2.27263 1.89224 -0.954265</i>
                        <i>1 0 0 0 1 0 0 0 1 -2.28058 1.90941 -0.949039</i>
                        <i>1 0 0 0 1 0 0 0 1 -2.28346 1.9155 -0.947149</i>
                        <i>1 0 0 0 1 0 0 0 1 -2.28346 1.91004 -0.947149</i>
                        <i>1 0 0 0 1 0 0 0 1 -2.28346 1.89637 -0.947149</i>
                        <i>1 0 0 0 1 0 0 0 1 -2.28346 1.87907 -0.947149</i>
                        <i>1 0 0 0 1 0 0 0 1 -2.28346 1.86276 -0.947149</i>
                        <i>1 0 0 0 1 0 0 0 1 -2.28346 1.85202 -0.947149</i>
                        <i>1 0 0 0 1 0 0 0 1 -2.2846 1.8475 -0.949115</i>
                        <i>1 0 0 0 1 0 0 0 1 -2.28732 1.84633 -0.953803</i>
                        <i>1 0 0 0 1 0 0 0 1 -2.29057 1.84788 -0.959398</i>
                        <i>1 0 0 0 1 0 0 0 1 -2.2933 1.85148 -0.964086</i>
                        <i>1 0 0 0 1 0 0 0 1 -2.29444 1.8565 -0.966052</i>
                        <i>1 0 0 0 1 0 0 0 1 -2.29444 1.86192 -0.966052</i>
                        <i>1 0 0 0 1 0 0 0 1 -2.29444 1.86712 -0.966052</i>
                        <i>1 0 0 0 1 0 0 0 1 -2.29444 1.87201 -0.966052</i>
                        <i>1 0 0 0 1 0 0 0 1 -2.29444 1.8765 -0.966052</i>
                        <i>1 0 0 0 1 0 0 0 1 -2.29444 1.8805 -0.966052</i>
                        <i>1 0 0 0 1 0 0 0 1 -2.29444 1.88392 -0.966052</i>
                        <i>1 0 0 0 1 0 0 0 1 -2.29444 1.88667 -0.966052</i>
                        <i>1 0 0 0 1 0 0 0 1 -2.29444 1.88866 -0.966052</i>
                        <i>1 0 0 0 1 0 0 0 1 -2.29444 1.8898 -0.966052</i>
                        <i>1 0 0 0 1 0 0 0 1 -2.29444 1.89 -0.966052</i>
                        <i>1 0 0 0 1 0 0 0 1 -2.29279 1.89118 -0.96519</i>
                        <i>1 0 0 0 1 0 0 0 1 -2.28906 1.89239 -0.962711</i>
                        <i>1 0 0 0 1 0 0 0 1 -2.28505 1.8892 -0.958772</i>
                        <i>1 0 0 0 1 0 0 0 1 -2.28258 1.87722 -0.953532</i>
                        <i>1 0 0 0 1 0 0 0 1 -2.28346 1.85202 -0.947149</i>
                        <i>1 0 0 0 1 0 0 0 1 -2.29093 1.80347 -0.93832</i>
                        <i>1 0 0 0 1 0 0 0 1 -2.30379 1.7345 -0.926942</i>
                        <i>1 0 0 0 1 0 0 0 1 -2.31716 1.66033 -0.914966</i>
                        <i>1 0 0 0 1 0 0 0 1 -2.32621 1.59619 -0.904344</i>
                        <i>1 0 0 0 1 0 0 0 1 -2.32608 1.55729 -0.897028</i>
                        <i>1 0 0 0 1 0 0 0 1 -2.31257 1.54667 -0.892676</i>
                        <i>1 0 0 0 1 0 0 0 1 -2.28892 1.55418 -0.889986</i>
                        <i>1 0 0 0 1 0 0 0 1 -2.26142 1.57527 -0.889473</i>
                        <i>1 0 0 0 1 0 0 0 1 -2.23635 1.60539 -0.891649</i>
                        <i>1 0 0 0 1 0 0 0 1 -2.22 1.64 -0.897028</i>
                        <i>1 0 0 0 1 0 0 0 1 -2.21872 1.6834 -0.909956</i>
                        <i>1 0 0 0 1 0 0 0 1 -2.22833 1.73863 -0.930091</i>
                        <i>1 0 0 0 1 0 0 0 1 -2.23928 1.79923 -0.950914</i>
                        <i>1 0 0 0 1 0 0 0 1 -2.24205 1.85872 -0.965907</i>
                        <i>1 0 0 0 1 0 0 0 1 -2.22709 1.91066 -0.968551</i>
                        <i>1 0 0 0 1 0 0 0 1 -2.18782 1.95756 -0.955349</i>
                        <i>1 0 0 0 1 0 0 0 1 -2.13061 2.00374 -0.930646</i>
                        <i>1 0 0 0 1 0 0 0 1 -2.06533 2.0454 -0.899688</i>
                        <i>1 0 0 0 1 0 0 0 1 -2.00183 2.07875 -0.867724</i>
                        <i>1 0 0 0 1 0 0 0 1 -1.95 2.1 -0.84</i>
                        <i>1 0 0 0 1 0 0 0 1 -1.90931 2.10404 -0.815693</i>
                        <i>1 0 0 0 1 0 0 0 1 -1.87317 2.09339 -0.791304</i>
                        <i>1 0 0 0 1 0 0 0 1 -1.84238 2.07573 -0.76807</i>
                        <i>1 0 0 0 1 0 0 0 1 -1.81773 2.05871 -0.747223</i>
                        <i>1 0 0 0 1 0 0 0 1 -1.8 2.05 -0.73</i>
                        <i>1 0 0 0 1 0 0 0 1 -1.80104 2.05192 -0.72584</i>
                        <i>1 0 0 0 1 0 0 0 1 -1.80352 2.05696 -0.71592</i>
                        <i>1 0 0 0 1 0 0 0 1 -1.80648 2.06404 -0.70408</i>
                        <i>1 0 0 0 1 0 0 0 1 -1.80896 2.07208 -0.69416</i>
                        <i>1 0 0 0 1 0 0 0 1 -1.81 2.08 -0.69</i>
                        <i>1 0 0 0 1 0 0 0 1 -1.754 2.09206 -0.668641</i>
                        <i>1 0 0 0 1 0 0 0 1 -1.68119 2.10579 -0.642546</i>
                        <i>1 0 0 0 1 0 0 0 1 -1.59686 2.11 -0.613685</i>
                        <i>1 0 0 0 1 0 0 0 1 -1.50629 2.09875 -0.584029</i>
                        <i>1 0 0 0 1 0 0 0 1 -1.41476 2.07929 -0.555549</i>
                        <i>1 0 0 0 1 0 0 0 1 -1.32757 2.06018 -0.530216</i>
                        <i>1 0 0 0 1 0 0 0 1 -1.25 2.05 -0.51</i>
                        <i>1 0 0 0 1 0 0 0 1 -1.18509 2.0572 -0.512339</i>
                        <i>1 0 0 0 1 0 0 0 1 -1.13419 2.07519 -0.528233</i>
                        <i>1 0 0 0 1 0 0 0 1 -1.1 2.09 -0.52</i>
                        <i>1 0 0 0 1 0 0 0 1 -1.08287 2.09935 -0.473159</i>
                        <i>1 0 0 0 1 0 0 0 1 -1.0772 2.10804 -0.407947</i>
                        <i>1 0 0 0 1 0 0 0 1 -1.07682 2.1127 -0.338762</i>
                        <i>1 0 0 0 1 0 0 0 1 -1.07557 2.11 -0.28</i>
                        <i>1 0 0 0 1 0 0 0 1 -1.0727 2.09349 -0.232266</i>
                        <i>1 0 0 0 1 0 0 0 1 -1.07122 2.06681 -0.188958</i>
                        <i>1 0 0 0 1 0 0 0 1 -1.07051 2.04172 -0.153672</i>
                        <i>1 0 0 0 1 0 0 0 1 -1.07 2.03 -0.13</i>
                        <i>1 0 0 0 1 0 0 0 1 -1.07 2.03604 -0.129289</i>
                        <i>1 0 0 0 1 0 0 0 1 -1.07 2.05091 -0.127867</i>
                        <i>1 0 0 0 1 0 0 0 1 -1.07 2.06976 -0.1268</i>
                        <i>1 0 0 0 1 0 0 0 1 -1.07 2.08774 -0.127156</i>
                        <i>1 0 0 0 1 0 0 0 1 -1.07 2.1 -0.13</i>
                        <i>1 0 0 0 1 0 0 0 1 -1.07 2.10375 -0.135417</i>
                        <i>1 0 0 0 1 0 0 0 1 -1.07 2.11 -0.147778</i>
                        <i>1 0 0 0 1 0 0 0 1 -1.07 2.11125 -0.16125</i>
                        <i>1 0 0 0 1 0 0 0 1 -1.07 2.1 -0.17</i>
                        <i>1 0 0 0 1 0 0 0 1 -1.07 2.06848 -0.172844</i>
                        <i>1 0 0 0 1 0 0 0 1 -1.07 2.02224 -0.1732</i>
                        <i>1 0 0 0 1 0 0 0 1 -1.07 1.97376 -0.172133</i>
                        <i>1 0 0 0 1 0 0 0 1 -1.07 1.93552 -0.170711</i>
                        <i>1 0 0 0 1 0 0 0 1 -1.07 1.92 -0.17</i>
                        <i>1 0 0 0 1 0 0 0 1 -1.05692 1.97867 -0.16198</i>
                        <i>1 0 0 0 1 0 0 0 1 -1.03956 2.06952 -0.150807</i>
                        <i>1 0 0 0 1 0 0 0 1 -1.01774 2.18023 -0.13756</i>
                        <i>1 0 0 0 1 0 0 0 1 -0.99128 2.29846 -0.12332</i>
                        <i>1 0 0 0 1 0 0 0 1 -0.96 2.41189 -0.109167</i>
                        <i>1 0 0 0 1 0 0 0 1 -0.905657 2.50817 -0.0930838</i>
                        <i>1 0 0 0 1 0 0 0 1 -0.838258 2.57499 -0.0752417</i>
                        <i>1 0 0 0 1 0 0 0 1 -0.8 2.6 -0.06</i>
                        <i>1 0 0 0 1 0 0 0 1 -0.790821 2.64616 -0.0509772</i>
                        <i>1 0 0 0 1 0 0 0 1 -0.791876 2.66997 -0.0398557</i>
                        <i>1 0 0 0 1 0 0 0 1 -0.797521 2.68169 -0.0282456</i>
                        <i>1 0 0 0 1 0 0 0 1 -0.802111 2.69161 -0.0177569</i>
                        <i>1 0 0 0 1 0 0 0 1 -0.8 2.71 -0.01</i>
                        <i>1 0 0 0 1 0 0 0 1 -0.772462 2.74622 -0.013046</i>
                        <i>1 0 0 0 1 0 0 0 1 -0.748596 2.78241 -0.0190191</i>
                        <i>1 0 0 0 1 0 0 0 1 -0.759784 2.79911 -0.0179343</i>
                        <i>1 0 0 0 1 0 0 0 1 -0.782394 2.81128 -0.0148452</i>
                        <i>1 0 0 0 1 0 0 0 1 -0.8 2.84 -0.01</i>
                        <i>1 0 0 0 1 0 0 0 1 -0.813743 2.86354 -0.0155791</i>
                        <i>1 0 0 0 1 0 0 0 1 -0.836592 2.85661 -0.0397068</i>
                        <i>1 0 0 0 1 0 0 0 1 -0.869858 2.83499 -0.0765471</i>
                        <i>1 0 0 0 1 0 0 0 1 -0.914855 2.81445 -0.120264</i>
                        <i>1 0 0 0 1 0 0 0 1 -0.972896 2.81076 -0.165022</i>
                        <i>1 0 0 0 1 0 0 0 1 -1.19 2.9 -0.27</i>
                        <i>1 0 0 0 1 0 0 0 1 -1.34354 2.98175 -0.365329</i>
                        <i>1 0 0 0 1 0 0 0 1 -1.49828 3.10509 -0.463769</i>
                        <i>1 0 0 0 1 0 0 0 1 -1.64915 3.23355 -0.565324</i>
                        <i>1 0 0 0 1 0 0 0 1 -1.79112 3.33068 -0.669999</i>
                        <i>1 0 0 0 1 0 0 0 1 -1.91913 3.36 -0.7778</i>
                        <i>1 0 0 0 1 0 0 0 1 -2.01775 3.32835 -0.896731</i>
                        <i>1 0 0 0 1 0 0 0 1 -2.08867 3.18098 -1.0216</i>
                        <i>1 0 0 0 1 0 0 0 1 -2.15254 2.98812 -1.13262</i>
                        <i>1 0 0 0 1 0 0 0 1 -2.23 2.82 -1.21</i>
                        <i>1 0 0 0 1 0 0 0 1 -2.25926 2.64737 -1.04449</i>
                        <i>1 0 0 0 1 0 0 0 1 -2.24896 2.40933 -0.82</i>
                        <i>1 0 0 0 1 0 0 0 1 -2.26963 2.12859 -0.809148</i>
                        <i>1 0 0 0 1 0 0 0 1 -2.29141 1.82791 -0.856519</i>
                        <i>1 0 0 0 1 0 0 0 1 -2.29 1.53 -0.89</i>
                        <i>1 0 0 0 1 0 0 0 1 -2.25603 1.58866 -0.884926</i>
                        <i>1 0 0 0 1 0 0 0 1 -2.20503 1.65249 -0.869777</i>
                        <i>1 0 0 0 1 0 0 0 1 -2.15002 1.71098 -0.852166</i>
                        <i>1 0 0 0 1 0 0 0 1 -2.104 1.75365 -0.839703</i>
                        <i>1 0 0 0 1 0 0 0 1 -2.08 1.77 -0.84</i>
                        <i>1 0 0 0 1 0 0 0 1 -2.07523 1.7619 -0.852733</i>
                        <i>1 0 0 0 1 0 0 0 1 -2.07725 1.74047 -0.871368</i>
                        <i>1 0 0 0 1 0 0 0 1 -2.08457 1.70903 -0.894199</i>
                        <i>1 0 0 0 1 0 0 0 1 -2.09572 1.67094 -0.91952</i>
                        <i>1 0 0 0 1 0 0 0 1 -2.10922 1.62954 -0.945625</i>
                        <i>1 0 0 0 1 0 0 0 1 -2.12359 1.58817 -0.970808</i>
                        <i>1 0 0 0 1 0 0 0 1 -2.13734 1.55018 -0.993365</i>
                        <i>1 0 0 0 1 0 0 0 1 -2.149 1.5189 -1.01159</i>
                        <i>1 0 0 0 1 0 0 0 1 -2.15708 1.49768 -1.02377</i>
                        <i>1 0 0 0 1 0 0 0 1 -2.1601 1.48986 -1.02821</i>
                        <i>1 0 0 0 1 0 0 0 1 -2.1601 1.48986 -1.02821</i>
                        <i>1 0 0 0 1 0 0 0 1 -2.1601 1.48986 -1.02821</i>
                        <i>1 0 0 0 1 0 0 0 1 -2.1601 1.48986 -1.02821</i>
                        <i>1 0 0 0 1 0 0 0 1 -2.1601 1.48986 -1.02821</i>
                        <i>1 0 0 0 1 0 0 0 1 -2.1601 1.48986 -1.02821</i>
                        <i>1 0 0 0 1 0 0 0 1 -2.1601 1.48986 -1.02821</i>
                        <i>1 0 0 0 1 0 0 0 1 -2.1601 1.48986 -1.02821</i>
                        <i>1 0 0 0 1 0 0 0 1 -2.1601 1.48986 -1.02821</i>
                        <i>1 0 0 0 1 0 0 0 1 -2.1601 1.48986 -1.02821</i>
                        <i>1 0 0 0 1 0 0 0 1 -2.1601 1.48986 -1.02821</i>
                    </KeyFrames>
                </p>
            </i>
            <i>
                <p>
                    <Name><![CDATA[spine0]]></Name>
                    <Exclude>0</Exclude>
                    <Additive>0</Additive>
                    <IKPriority>0</IKPriority>
                    <IKRotLimits>-1e+010 -1e+010 -1e+010 1e+010 1e+010 1e+010</IKRotLimits>
                    <IKRotLimitOrder>0</IKRotLimitOrder>
                    <KeyFrames count="160">
                        <i>0.134741 0.956755 0.257806 -0.853949 -0.0198494 0.519978 0.502609 -0.290215 0.814346 -2.18248 1.63064 -1.04763</i>
                        <i>0.172564 0.934052 0.31268 -0.86382 -0.00903442 0.503719 0.473324 -0.357023 0.805294 -2.19283 1.71052 -1.03476</i>
                        <i>0.211303 0.903209 0.373583 -0.874095 0.00358037 0.485742 0.437389 -0.429186 0.790247 -2.2048 1.79358 -1.0201</i>
                        <i>0.239536 0.873124 0.424591 -0.884148 0.0154873 0.46695 0.401129 -0.487252 0.775681 -2.21831 1.86965 -1.00537</i>
                        <i>0.248039 0.857843 0.450092 -0.893892 0.0235835 0.447662 0.373409 -0.513371 0.772668 -2.23324 1.92878 -0.992398</i>
                        <i>0.233462 0.866698 0.440829 -0.903336 0.0255495 0.428173 0.359834 -0.498178 0.788884 -2.24898 1.97251 -0.982525</i>
                        <i>0.205154 0.890095 0.406992 -0.911846 0.0227409 0.409903 0.355597 -0.455207 0.816295 -2.26394 2.00828 -0.975578</i>
                        <i>0.173384 0.915547 0.36292 -0.918628 0.0174954 0.394737 0.355051 -0.401829 0.844081 -2.27651 2.03505 -0.971159</i>
                        <i>0.147641 0.934347 0.324343 -0.923047 0.0123875 0.384487 0.355226 -0.35615 0.864275 -2.28515 2.05183 -0.968835</i>
                        <i>0.137028 0.941529 0.307809 -0.924626 0.0100943 0.380742 0.355373 -0.336781 0.871946 -2.28836 2.05774 -0.968159</i>
                        <i>0.137028 0.941529 0.307809 -0.924626 0.0100943 0.380742 0.355373 -0.336781 0.871946 -2.28836 2.05228 -0.968159</i>
                        <i>0.137028 0.941529 0.307809 -0.924626 0.0100943 0.380742 0.355373 -0.336781 0.871946 -2.28836 2.0386 -0.968159</i>
                        <i>0.137028 0.941529 0.307809 -0.924626 0.0100943 0.380742 0.355373 -0.336781 0.871946 -2.28836 2.02131 -0.968159</i>
                        <i>0.137028 0.941529 0.307809 -0.924626 0.0100943 0.380742 0.355373 -0.336781 0.871946 -2.28836 2.00499 -0.968159</i>
                        <i>0.137028 0.941529 0.307809 -0.924626 0.0100943 0.380742 0.355373 -0.336781 0.871946 -2.28836 1.99425 -0.968159</i>
                        <i>0.134232 0.94721 0.291161 -0.914097 0.0049046 0.405466 0.382633 -0.320576 0.8665 -2.2908 1.98971 -0.96994</i>
                        <i>0.121989 0.959453 0.254102 -0.886417 -0.0098604 0.462782 0.446523 -0.281695 0.849273 -2.29667 1.98845 -0.974077</i>
                        <i>0.0981399 0.971489 0.215819 -0.848685 -0.0315529 0.527957 0.519714 -0.234976 0.821391 -2.30376 1.98981 -0.978804</i>
                        <i>0.0715747 0.979237 0.189661 -0.813175 -0.052825 0.579617 0.577601 -0.195714 0.792511 -2.30976 1.9932 -0.982578</i>
                        <i>0.0589177 0.981815 0.180468 -0.797234 -0.0625234 0.600424 0.600789 -0.179251 0.779052 -2.31229 1.9981 -0.98411</i>
                        <i>0.0583398 0.981925 0.180056 -0.797203 -0.0627385 0.600443 0.600886 -0.178571 0.779133 -2.31244 2.00349 -0.984228</i>
                        <i>0.0567721 0.98222 0.178941 -0.79712 -0.0633243 0.600491 0.601146 -0.176729 0.779353 -2.31284 2.0086 -0.984549</i>
                        <i>0.0544648 0.982646 0.177313 -0.797 -0.0641924 0.600558 0.601518 -0.174028 0.779673 -2.31343 2.01335 -0.985021</i>
                        <i>0.0516683 0.983147 0.175361 -0.796859 -0.0652544 0.600631 0.601952 -0.170772 0.780059 -2.31415 2.01766 -0.985595</i>
                        <i>0.048632 0.983674 0.173266 -0.796711 -0.0664199 0.6007 0.602401 -0.167256 0.780473 -2.31492 2.02146 -0.98622</i>
                        <i>0.0456034 0.98418 0.171203 -0.796567 -0.0675954 0.60076 0.602828 -0.163772 0.780882 -2.3157 2.02467 -0.986844</i>
                        <i>0.0428276 0.984627 0.169336 -0.796439 -0.0686843 0.600806 0.6032 -0.160597 0.781254 -2.31641 2.02723 -0.987417</i>
                        <i>0.0405473 0.984984 0.167818 -0.796337 -0.0695873 0.600838 0.603493 -0.158002 0.781557 -2.317 2.02905 -0.987889</i>
                        <i>0.0390029 0.985219 0.166799 -0.796268 -0.0702032 0.600856 0.603685 -0.156252 0.781761 -2.31739 2.03008 -0.988209</i>
                        <i>0.0384345 0.985305 0.166426 -0.796244 -0.0704307 0.600862 0.603754 -0.155609 0.781836 -2.31754 2.03024 -0.988327</i>
                        <i>0.050417 0.983463 0.173952 -0.812501 -0.0608953 0.57977 0.580775 -0.170567 0.795995 -2.31387 2.03172 -0.987587</i>
                        <i>0.0770198 0.977456 0.19659 -0.848564 -0.0392562 0.527634 0.523457 -0.207457 0.826411 -2.30541 2.03354 -0.98515</i>
                        <i>0.103995 0.966964 0.232733 -0.886618 -0.0158971 0.462229 0.450658 -0.254415 0.855675 -2.29599 2.03094 -0.980823</i>
                        <i>0.123154 0.95374 0.274249 -0.914304 0.00159618 0.405025 0.385851 -0.300628 0.872205 -2.28921 2.01932 -0.974912</i>
                        <i>0.137028 0.941529 0.307809 -0.924626 0.0100943 0.380742 0.355373 -0.336781 0.871946 -2.28836 1.99425 -0.968159</i>
                        <i>0.172535 0.913728 0.367877 -0.923806 0.020516 0.38231 0.34178 -0.405809 0.847647 -2.29302 1.94637 -0.954761</i>
                        <i>0.233889 0.850652 0.470836 -0.921461 0.0394504 0.386463 0.310171 -0.524246 0.79307 -2.29931 1.87817 -0.932751</i>
                        <i>0.296607 0.761952 0.575719 -0.917426 0.0599036 0.393371 0.265242 -0.644857 0.716803 -2.30522 1.80356 -0.908823</i>
                        <i>0.341475 0.678387 0.650527 -0.913157 0.0755551 0.400544 0.222573 -0.730809 0.645274 -2.30881 1.73824 -0.889729</i>
                        <i>0.356378 0.645796 0.675235 -0.911437 0.0812449 0.403338 0.205615 -0.759175 0.617556 -2.30803 1.69923 -0.882053</i>
                        <i>0.331329 0.699375 0.633321 -0.914415 0.0725992 0.398215 0.232523 -0.711058 0.663573 -2.30109 1.69003 -0.889398</i>
                        <i>0.269975 0.803417 0.530692 -0.919633 0.05185 0.389342 0.285288 -0.593155 0.752847 -2.28922 1.69702 -0.90709</i>
                        <i>0.187068 0.900873 0.391707 -0.923493 0.0253303 0.382777 0.334912 -0.433344 0.836688 -2.2746 1.71305 -0.92871</i>
                        <i>0.108936 0.959353 0.260336 -0.924672 0.00167184 0.380761 0.364849 -0.282204 0.887269 -2.2595 1.73571 -0.948006</i>
                        <i>0.0681392 0.979167 0.191284 -0.924451 -0.0101311 0.381167 0.375164 -0.202805 0.904501 -2.24708 1.76641 -0.960131</i>
                        <i>0.0522884 0.984359 0.168238 -0.913237 -0.0210307 0.406885 0.404059 -0.174916 0.897853 -2.25109 1.81008 -0.96997</i>
                        <i>0.026151 0.989035 0.145348 -0.883331 -0.0452099 0.466564 0.468019 -0.140592 0.872463 -2.27277 1.86529 -0.98186</i>
                        <i>-0.0082488 0.991563 0.129359 -0.841373 -0.0767917 0.534971 0.540392 -0.104427 0.834908 -2.29691 1.92468 -0.991354</i>
                        <i>-0.0440224 0.991845 0.119607 -0.80086 -0.106608 0.589286 0.597232 -0.0698469 0.799022 -2.30956 1.9822 -0.995768</i>
                        <i>-0.072774 0.991442 0.108381 -0.781704 -0.124188 0.61116 0.619389 -0.0402449 0.784052 -2.29838 2.03305 -0.993719</i>
                        <i>-0.0914205 0.992219 0.084524 -0.779831 -0.124119 0.613561 0.619278 -0.00982238 0.78511 -2.25633 2.08131 -0.981602</i>
                        <i>-0.102531 0.993469 0.0500707 -0.779502 -0.111515 0.616394 0.617952 0.0241694 0.785845 -2.19224 2.13039 -0.959923</i>
                        <i>-0.107277 0.994146 0.0128229 -0.783336 -0.0924574 0.614684 0.612271 0.0558969 0.78867 -2.11833 2.17481 -0.933421</i>
                        <i>-0.110236 0.993689 -0.0207431 -0.789774 -0.0749055 0.608808 0.603412 0.0834948 0.793047 -2.04711 2.20971 -0.906392</i>
                        <i>-0.11752 0.992057 -0.0448494 -0.793388 -0.0666321 0.605058 0.597264 0.10669 0.794917 -1.9913 2.23096 -0.882907</i>
                        <i>-0.139813 0.988864 -0.0509997 -0.792125 -0.0807949 0.604988 0.59413 0.124983 0.794599 -1.95666 2.23359 -0.856563</i>
                        <i>-0.161328 0.985511 -0.0523599 -0.791391 -0.0974876 0.603486 0.589638 0.138796 0.795652 -1.92786 2.22097 -0.829126</i>
                        <i>-0.167151 0.983985 -0.0619226 -0.792982 -0.0968522 0.601498 0.585868 0.149644 0.796471 -1.89682 2.2024 -0.809148</i>
                        <i>-0.166137 0.983489 -0.07175 -0.794492 -0.0904011 0.600508 0.584106 0.156772 0.796393 -1.86946 2.1849 -0.793006</i>
                        <i>-0.161037 0.983974 -0.0765634 -0.793533 -0.0829613 0.602846 0.586833 0.157836 0.794175 -1.84824 2.17652 -0.7786</i>
                        <i>-0.15333 0.985562 -0.0718204 -0.791336 -0.0789329 0.606264 0.591842 0.149792 0.792014 -1.84682 2.17966 -0.773629</i>
                        <i>-0.134838 0.98902 -0.0604889 -0.786086 -0.0696071 0.614185 0.60323 0.130365 0.786841 -1.84332 2.18739 -0.761755</i>
                        <i>-0.112653 0.992525 -0.0469363 -0.779822 -0.0590396 0.623211 0.615781 0.106809 0.780644 -1.83895 2.19727 -0.747562</i>
                        <i>-0.0940744 0.99493 -0.0355682 -0.774608 -0.0507055 0.630406 0.625406 0.0868564 0.775451 -1.83516 2.20731 -0.735663</i>
                        <i>-0.0863094 0.995792 -0.0307995 -0.77244 -0.0473622 0.63332 0.629196 0.0784522 0.773277 -1.83353 2.21597 -0.730674</i>
                        <i>-0.0942509 0.994872 -0.036701 -0.766645 -0.0490124 0.640198 0.635116 0.0884759 0.767333 -1.77996 2.2278 -0.708598</i>
                        <i>-0.110712 0.992725 -0.047329 -0.76322 -0.0544212 0.643843 0.636583 0.107404 0.763692 -1.71173 2.24076 -0.681882</i>
                        <i>-0.13262 0.989376 -0.0595606 -0.760434 -0.0630211 0.646351 0.63573 0.131011 0.760713 -1.63322 2.24373 -0.652303</i>
                        <i>-0.156655 0.985135 -0.0704822 -0.756194 -0.0737319 0.65018 0.635318 0.155152 0.756504 -1.5489 2.23091 -0.621647</i>
                        <i>-0.179233 0.980752 -0.0774702 -0.748064 -0.0847181 0.658196 0.638964 0.175923 0.74885 -1.46332 2.20979 -0.591702</i>
                        <i>-0.19646 0.977376 -0.078353 -0.733304 -0.0934108 0.673454 0.650899 0.189763 0.735065 -1.38112 2.18928 -0.564302</i>
                        <i>-0.204032 0.976334 -0.0717113 -0.708769 -0.0967927 0.698769 0.675291 0.193398 0.711744 -1.30702 2.1783 -0.541375</i>
                        <i>-0.170906 0.984348 -0.0430133 -0.649905 -0.0798115 0.755814 0.740551 0.157127 0.653373 -1.24149 2.18656 -0.540288</i>
                        <i>-0.102706 0.994656 -0.0105075 -0.546702 -0.0476198 0.835972 0.831005 0.0916036 0.548671 -1.18735 2.20664 -0.552488</i>
                        <i>-0.0648852 0.99789 0.00216931 -0.423802 -0.0295246 0.905273 0.903428 0.0578195 0.424824 -1.15239 2.22261 -0.539096</i>
                        <i>-0.0884389 0.996037 0.00941698 -0.276818 -0.0336583 0.960333 0.956844 0.082324 0.278698 -1.13817 2.23184 -0.482345</i>
                        <i>-0.134176 0.990715 0.0219311 -0.104193 -0.0361127 0.993901 0.985465 0.131072 0.108071 -1.13546 2.23951 -0.403901</i>
                        <i>-0.174232 0.98406 0.0356377 0.0522047 -0.0269094 0.998274 0.98332 0.175792 -0.046684 -1.13661 2.24251 -0.32227</i>
                        <i>-0.202042 0.978307 0.0457711 0.152132 -0.0148177 0.988249 0.967489 0.206631 -0.145838 -1.13575 2.23851 -0.256327</i>
                        <i>-0.227674 0.972469 0.0496798 0.172673 -0.00989028 0.98493 0.958305 0.232822 -0.165667 -1.1342 2.22151 -0.209376</i>
                        <i>-0.25073 0.966894 0.0474364 0.139148 -0.0124962 0.990193 0.958004 0.254872 -0.131409 -1.13522 2.19453 -0.172084</i>
                        <i>-0.266689 0.962872 0.0418823 0.0880081 -0.0189448 0.99594 0.959756 0.269293 -0.0796882 -1.13647 2.16922 -0.14427</i>
                        <i>-0.270935 0.96187 0.0374229 0.055501 -0.0232026 0.998189 0.960996 0.272522 -0.0470983 -1.13606 2.15772 -0.125485</i>
                        <i>-0.258416 0.965365 0.0359281 0.0551966 -0.0223756 0.998225 0.964456 0.25994 -0.0475027 -1.13454 2.16453 -0.124851</i>
                        <i>-0.227815 0.973178 0.0320144 0.0545229 -0.0200778 0.998311 0.972177 0.229175 -0.0484864 -1.13085 2.1812 -0.123615</i>
                        <i>-0.189951 0.981432 0.0266274 0.0538578 -0.0166641 0.99841 0.980315 0.191083 -0.0496924 -1.12631 2.20208 -0.122777</i>
                        <i>-0.157029 0.987369 0.0210679 0.0534672 -0.0128019 0.998488 0.986146 0.157918 -0.0507816 -1.12231 2.2217 -0.123333</i>
                        <i>-0.142378 0.989667 0.0169365 0.0533826 -0.00940831 0.99853 0.988372 0.143073 -0.0514915 -1.12033 2.23472 -0.126272</i>
                        <i>-0.146539 0.989071 0.0162865 0.0534084 -0.00852946 0.998536 0.987762 0.147194 -0.0515748 -1.12064 2.23835 -0.131669</i>
                        <i>-0.157654 0.987388 0.0144915 0.0534554 -0.00612028 0.998551 0.986047 0.1582 -0.0518163 -1.12148 2.24428 -0.143976</i>
                        <i>-0.173646 0.984738 0.0117615 0.0534639 -0.00249895 0.998567 0.983356 0.174026 -0.052214 -1.1227 2.24505 -0.157371</i>
                        <i>-0.192433 0.981275 0.00833503 0.053378 0.00198573 0.998572 0.979857 0.192603 -0.0527606 -1.12414 2.23323 -0.16603</i>
                        <i>-0.211965 0.977267 0.00452459 0.0531689 0.00690894 0.998562 0.97583 0.211901 -0.0534246 -1.12565 2.20108 -0.168778</i>
                        <i>-0.230278 0.973125 0.000726206 0.0528521 0.0117617 0.998533 0.971689 0.229979 -0.0541401 -1.12707 2.15423 -0.169042</i>
                        <i>-0.245515 0.969389 -0.00259795 0.0524923 0.0159705 0.998494 0.967971 0.245008 -0.0548065 -1.12827 2.10522 -0.167899</i>
                        <i>-0.255918 0.966686 -0.00495197 0.0521932 0.0189322 0.998458 0.965288 0.255265 -0.0552996 -1.12909 2.06661 -0.166424</i>
                        <i>-0.259774 0.965652 -0.00584155 0.0520709 0.0200477 0.998442 0.964265 0.259065 -0.0554902 -1.1294 2.05095 -0.165693</i>
                        <i>-0.228849 0.973219 -0.0217414 0.0565063 0.035577 0.997768 0.971821 0.22711 -0.0631348 -1.11593 2.10986 -0.161195</i>
                        <i>-0.168091 0.984401 -0.0519623 0.0643107 0.0635509 0.995904 0.983671 0.164061 -0.0739898 -1.09731 2.20119 -0.155719</i>
                        <i>-0.0921684 0.991375 -0.0931671 0.0752573 0.100233 0.992114 0.992895 0.08443 -0.0838465 -1.07376 2.31225 -0.148885</i>
                        <i>-0.0193885 0.990648 -0.135056 0.0883623 0.136251 0.986726 0.9959 0.00719721 -0.0901777 -1.04547 2.43063 -0.140394</i>
                        <i>0.0343065 0.98582 -0.164265 0.101446 0.160078 0.981878 0.994249 -0.0503488 -0.0945158 -1.01265 2.54413 -0.130053</i>
                        <i>0.0672705 0.984744 -0.160479 0.116344 0.152004 0.981508 0.990928 -0.0846973 -0.104344 -0.956326 2.64135 -0.112905</i>
                        <i>0.0869373 0.987311 -0.132885 0.133649 0.120625 0.98366 0.987208 -0.103277 -0.121466 -0.886689 2.70958 -0.0906046</i>
                        <i>0.0934834 0.988879 -0.115665 0.142865 0.101649 0.984509 0.985317 -0.10856 -0.131773 -0.847393 2.73523 -0.0727512</i>
                        <i>0.0993472 0.990427 -0.0958397 0.138458 0.0816197 0.986999 0.985373 -0.111325 -0.129024 -0.83848 2.78121 -0.0646824</i>
                        <i>0.102083 0.99217 -0.0719538 0.1297 0.0584393 0.98983 0.986284 -0.110378 -0.122719 -0.840062 2.80462 -0.0554635</i>
                        <i>0.102208 0.993571 -0.0486874 0.123055 0.0359395 0.991749 0.987122 -0.107356 -0.118591 -0.846096 2.81603 -0.0452756</i>
                        <i>0.102188 0.994277 -0.0311506 0.125016 0.0182302 0.991987 0.986878 -0.105263 -0.122438 -0.850557 2.82605 -0.0343133</i>
                        <i>0.106048 0.9941 -0.0227833 0.141668 0.00757396 0.989885 0.984218 -0.108203 -0.140029 -0.847393 2.84523 -0.0227512</i>
                        <i>0.119741 0.992518 -0.0238657 0.182108 0.00167334 0.983277 0.97596 -0.122084 -0.180545 -0.816597 2.8831 -0.0165187</i>
                        <i>0.141661 0.989575 -0.0259519 0.237657 -0.00854849 0.971312 0.960964 -0.143765 -0.23639 -0.787284 2.92058 -0.00860864</i>
                        <i>0.166559 0.985773 -0.0225936 0.288324 -0.0267784 0.957159 0.942936 -0.165938 -0.288682 -0.792806 2.93675 0.00779028</i>
                        <i>0.187708 0.982102 -0.0155139 0.32048 -0.0463075 0.946123 0.928471 -0.182567 -0.323437 -0.811903 2.9465 0.0243943</i>
                        <i>0.191459 0.981462 -0.00865367 0.328576 -0.0557841 0.942829 0.924868 -0.183357 -0.333165 -0.830202 2.97225 0.0379018</i>
                        <i>0.160679 0.987007 0.000135286 0.316348 -0.0516292 0.947237 0.934937 -0.152158 -0.320533 -0.850208 2.99276 0.0360812</i>
                        <i>0.102482 0.994693 0.00915485 0.290644 -0.0387439 0.956047 0.951327 -0.0953171 -0.293072 -0.883309 2.98211 0.0128654</i>
                        <i>0.0377815 0.999219 0.0115684 0.25343 -0.0207794 0.96713 0.966616 -0.0336078 -0.254017 -0.928093 2.95627 -0.0256046</i>
                        <i>-0.0118198 0.99992 0.00458347 0.208185 -0.00202249 0.978087 0.978018 0.012515 -0.208144 -0.983362 2.93178 -0.0729789</i>
