<?xml version="1.0" encoding="ISO-8859-1" ?>
<Animl Version="1">
    <ModellingPackage><![CDATA[Maya.2010]]></ModellingPackage>
    <SrcFile><![CDATA[anims\turrets\mortar\red\~src\mortar_82pm41\mortar_82pm41_fire_crewman_a.mb]]></SrcFile>
    <FramesPerSecond>30</FramesPerSecond>
    <TotalFrames>40</TotalFrames>
    <Skeleton>
        <RefFrame>
            <Name><![CDATA[soldier_ref_frame]]></Name>
            <Exclude>0</Exclude>
            <Additive>0</Additive>
            <IKPriority>0</IKPriority>
            <IKRotLimits>-1e+010 -1e+010 -1e+010 1e+010 1e+010 1e+010</IKRotLimits>
            <IKRotLimitOrder>0</IKRotLimitOrder>
            <KeyFrames count="40">
                <i>1 0 0 0 1 0 0 0 1 1.05 0.91 -2.35</i>
                <i>1 0 0 0 1 0 0 0 1 1.05 0.91 -2.35</i>
                <i>1 0 0 0 1 0 0 0 1 1.05 0.91 -2.35</i>
                <i>1 0 0 0 1 0 0 0 1 1.05 0.91 -2.35</i>
                <i>1 0 0 0 1 0 0 0 1 1.05 0.91 -2.35</i>
                <i>1 0 0 0 1 0 0 0 1 1.05 0.91 -2.35</i>
                <i>1 0 0 0 1 0 0 0 1 1.05 0.91 -2.35</i>
                <i>1 0 0 0 1 0 0 0 1 1.05 0.91 -2.35</i>
                <i>1 0 0 0 1 0 0 0 1 1.05 0.91 -2.35</i>
                <i>1 0 0 0 1 0 0 0 1 1.05 0.91 -2.35</i>
                <i>1 0 0 0 1 0 0 0 1 1.05 0.91 -2.35</i>
                <i>1 0 0 0 1 0 0 0 1 1.05 0.91 -2.35</i>
                <i>1 0 0 0 1 0 0 0 1 1.05 0.91 -2.35</i>
                <i>1 0 0 0 1 0 0 0 1 1.05 0.91 -2.35</i>
                <i>1 0 0 0 1 0 0 0 1 1.05 0.91 -2.35</i>
                <i>1 0 0 0 1 0 0 0 1 1.05 0.91 -2.35</i>
                <i>1 0 0 0 1 0 0 0 1 1.05 0.91 -2.35</i>
                <i>1 0 0 0 1 0 0 0 1 1.05 0.91 -2.35</i>
                <i>1 0 0 0 1 0 0 0 1 1.05 0.91 -2.35</i>
                <i>1 0 0 0 1 0 0 0 1 1.05 0.91 -2.35</i>
                <i>1 0 0 0 1 0 0 0 1 1.05 0.91 -2.35</i>
                <i>1 0 0 0 1 0 0 0 1 1.05 0.91 -2.35</i>
                <i>1 0 0 0 1 0 0 0 1 1.05 0.91 -2.35</i>
                <i>1 0 0 0 1 0 0 0 1 1.05 0.91 -2.35</i>
                <i>1 0 0 0 1 0 0 0 1 1.05 0.91 -2.35</i>
                <i>1 0 0 0 1 0 0 0 1 1.05 0.91 -2.35</i>
                <i>1 0 0 0 1 0 0 0 1 1.05 0.91 -2.35</i>
                <i>1 0 0 0 1 0 0 0 1 1.05 0.91 -2.35</i>
                <i>1 0 0 0 1 0 0 0 1 1.05 0.91 -2.35</i>
                <i>1 0 0 0 1 0 0 0 1 1.05 0.91 -2.35</i>
                <i>1 0 0 0 1 0 0 0 1 1.05 0.91 -2.35</i>
                <i>1 0 0 0 1 0 0 0 1 1.05 0.91 -2.35</i>
                <i>1 0 0 0 1 0 0 0 1 1.05 0.91 -2.35</i>
                <i>1 0 0 0 1 0 0 0 1 1.05 0.91 -2.35</i>
                <i>1 0 0 0 1 0 0 0 1 1.05 0.91 -2.35</i>
                <i>1 0 0 0 1 0 0 0 1 1.05 0.91 -2.35</i>
                <i>1 0 0 0 1 0 0 0 1 1.05 0.91 -2.35</i>
                <i>1 0 0 0 1 0 0 0 1 1.05 0.91 -2.35</i>
                <i>1 0 0 0 1 0 0 0 1 1.05 0.91 -2.35</i>
                <i>1 0 0 0 1 0 0 0 1 1.05 0.91 -2.35</i>
            </KeyFrames>
        </RefFrame>
        <Bones count="23">
            <i>
                <p>
                    <Name><![CDATA[pelvis]]></Name>
                    <Exclude>0</Exclude>
                    <Additive>0</Additive>
                    <IKPriority>0</IKPriority>
                    <IKRotLimits>-1e+010 -1e+010 -1e+010 1e+010 1e+010 1e+010</IKRotLimits>
                    <IKRotLimitOrder>2</IKRotLimitOrder>
                    <KeyFrames count="40">
                        <i>1 0 0 0 1 0 0 0 1 0.989623 1.59534 -2.27636</i>
                        <i>1 0 0 0 1 0 0 0 1 1.01672 1.59101 -2.27535</i>
                        <i>1 0 0 0 1 0 0 0 1 1.04683 1.57886 -2.27419</i>
                        <i>1 0 0 0 1 0 0 0 1 1.07093 1.55889 -2.27332</i>
                        <i>1 0 0 0 1 0 0 0 1 1.08 1.53115 -2.27313</i>
                        <i>1 0 0 0 1 0 0 0 1 1.06538 1.57893 -2.2741</i>
                        <i>1 0 0 0 1 0 0 0 1 1.03397 1.63553 -2.27589</i>
                        <i>1 0 0 0 1 0 0 0 1 1.0001 1.68465 -2.2777</i>
                        <i>1 0 0 0 1 0 0 0 1 0.978088 1.71 -2.27875</i>
                        <i>1 0 0 0 1 0 0 0 1 0.9734 1.69643 -2.278</i>
                        <i>1 0 0 0 1 0 0 0 1 0.977846 1.65623 -2.27616</i>
                        <i>1 0 0 0 1 0 0 0 1 0.985297 1.61425 -2.27501</i>
                        <i>1 0 0 0 1 0 0 0 1 0.989623 1.59534 -2.27636</i>
                        <i>1 0 0 0 1 0 0 0 1 0.990229 1.60144 -2.28011</i>
                        <i>1 0 0 0 1 0 0 0 1 0.990624 1.61606 -2.28478</i>
                        <i>1 0 0 0 1 0 0 0 1 0.99084 1.63644 -2.29015</i>
                        <i>1 0 0 0 1 0 0 0 1 0.990905 1.6598 -2.29596</i>
                        <i>1 0 0 0 1 0 0 0 1 0.99085 1.68336 -2.30199</i>
                        <i>1 0 0 0 1 0 0 0 1 0.990704 1.70435 -2.30799</i>
                        <i>1 0 0 0 1 0 0 0 1 0.990499 1.72 -2.31372</i>
                        <i>1 0 0 0 1 0 0 0 1 0.990264 1.73179 -2.31894</i>
                        <i>1 0 0 0 1 0 0 0 1 0.990029 1.7417 -2.32342</i>
                        <i>1 0 0 0 1 0 0 0 1 0.989823 1.74772 -2.32692</i>
                        <i>1 0 0 0 1 0 0 0 1 0.989678 1.74783 -2.32919</i>
                        <i>1 0 0 0 1 0 0 0 1 0.989623 1.74 -2.33</i>
                        <i>1 0 0 0 1 0 0 0 1 0.989623 1.71698 -2.32442</i>
                        <i>1 0 0 0 1 0 0 0 1 0.989623 1.6801 -2.31112</i>
                        <i>1 0 0 0 1 0 0 0 1 0.989623 1.64028 -2.29524</i>
                        <i>1 0 0 0 1 0 0 0 1 0.989623 1.60839 -2.28194</i>
                        <i>1 0 0 0 1 0 0 0 1 0.989623 1.59534 -2.27636</i>
                        <i>1 0 0 0 1 0 0 0 1 0.989623 1.59534 -2.27636</i>
                        <i>1 0 0 0 1 0 0 0 1 0.989623 1.59534 -2.27636</i>
                        <i>1 0 0 0 1 0 0 0 1 0.989623 1.59534 -2.27636</i>
                        <i>1 0 0 0 1 0 0 0 1 0.989623 1.59534 -2.27636</i>
                        <i>1 0 0 0 1 0 0 0 1 0.989623 1.59534 -2.27636</i>
                        <i>1 0 0 0 1 0 0 0 1 0.989623 1.59534 -2.27636</i>
                        <i>1 0 0 0 1 0 0 0 1 0.989623 1.59534 -2.27636</i>
                        <i>1 0 0 0 1 0 0 0 1 0.989623 1.59534 -2.27636</i>
                        <i>1 0 0 0 1 0 0 0 1 0.989623 1.59534 -2.27636</i>
                        <i>1 0 0 0 1 0 0 0 1 0.989623 1.59534 -2.27636</i>
                    </KeyFrames>
                </p>
            </i>
            <i>
                <p>
                    <Name><![CDATA[spine0]]></Name>
                    <Exclude>0</Exclude>
                    <Additive>0</Additive>
                    <IKPriority>0</IKPriority>
                    <IKRotLimits>-1e+010 -1e+010 -1e+010 1e+010 1e+010 1e+010</IKRotLimits>
                    <IKRotLimitOrder>0</IKRotLimitOrder>
                    <KeyFrames count="40">
                        <i>-0.412417 0.910352 0.034224 -0.273597 -0.0879392 -0.957816 -0.86894 -0.404383 0.285337 1.00867 1.7339 -2.31007</i>
                        <i>-0.38634 0.921824 0.0313242 -0.263198 -0.077631 -0.961613 -0.884007 -0.379754 0.272614 1.05008 1.72603 -2.31216</i>
                        <i>-0.334493 0.94229 0.0142514 -0.249792 -0.074069 -0.965462 -0.90869 -0.326501 0.260152 1.09548 1.70827 -2.31395</i>
                        <i>-0.274843 0.961447 -0.00897202 -0.238884 -0.0773212 -0.967965 -0.931341 -0.263895 0.250926 1.13165 1.68244 -2.31509</i>
                        <i>-0.221028 0.97467 -0.0341272 -0.235587 -0.0873153 -0.967923 -0.946386 -0.205898 0.248918 1.14602 1.65166 -2.3157</i>
                        <i>-0.167421 0.983767 -0.064596 -0.240914 -0.104358 -0.96492 -0.955997 -0.145985 0.254475 1.12839 1.70121 -2.31623</i>
                        <i>-0.118848 0.988343 -0.0951458 -0.248671 -0.122399 -0.960823 -0.961269 -0.0905318 0.260319 1.08829 1.76236 -2.31663</i>
                        <i>-0.0922774 0.988988 -0.115705 -0.2548 -0.135785 -0.957413 -0.962581 -0.0588661 0.264524 1.04317 1.81634 -2.31643</i>
                        <i>-0.0924384 0.988239 -0.121819 -0.258792 -0.141983 -0.955441 -0.9615 -0.0567937 0.268873 1.01083 1.8452 -2.31543</i>
                        <i>-0.113728 0.986841 -0.11494 -0.261047 -0.141307 -0.954928 -0.958603 -0.0785971 0.273683 1.00055 1.83317 -2.31351</i>
                        <i>-0.146152 0.984099 -0.100944 -0.262362 -0.136944 -0.955203 -0.953837 -0.113121 0.278205 1.00317 1.79342 -2.31126</i>
                        <i>-0.185465 0.979125 -0.0831716 -0.263882 -0.131157 -0.955596 -0.946556 -0.155283 0.282698 1.00905 1.75181 -2.30977</i>
                        <i>-0.221199 0.972909 -0.0672211 -0.265252 -0.126351 -0.955864 -0.938463 -0.193605 0.286015 1.01204 1.7332 -2.31083</i>
                        <i>-0.267941 0.962808 -0.0347661 -0.26855 -0.109293 -0.957046 -0.925251 -0.247095 0.287846 1.01152 1.73954 -2.31432</i>
                        <i>-0.277915 0.959997 -0.0341852 -0.268699 -0.111855 -0.956707 -0.92226 -0.256698 0.289037 1.011 1.75435 -2.31879</i>
                        <i>-0.283678 0.958104 -0.0395296 -0.267956 -0.118783 -0.956081 -0.920721 -0.260627 0.290426 1.01048 1.77488 -2.32399</i>
                        <i>-0.287668 0.956539 -0.0477559 -0.266651 -0.127885 -0.955271 -0.919861 -0.262066 0.291851 1.00997 1.79834 -2.32967</i>
                        <i>-0.292287 0.954698 -0.0558497 -0.265178 -0.137019 -0.954414 -0.91883 -0.264153 0.293214 1.0095 1.82199 -2.3356</i>
                        <i>-0.299931 0.952016 -0.0608826 -0.263957 -0.14415 -0.953702 -0.916716 -0.269974 0.294526 1.00907 1.84303 -2.34154</i>
                        <i>-0.307089 0.949311 -0.0671159 -0.262463 -0.152269 -0.952852 -0.914773 -0.274995 0.29592 1.00869 1.85872 -2.34723</i>
                        <i>-0.306157 0.948701 -0.0789622 -0.260347 -0.163222 -0.951619 -0.91569 -0.270787 0.296963 1.00838 1.87052 -2.35244</i>
                        <i>-0.296723 0.950454 -0.0926959 -0.258337 -0.173339 -0.950377 -0.919357 -0.258052 0.296971 1.00816 1.88043 -2.35692</i>
                        <i>-0.282743 0.953585 -0.103594 -0.257112 -0.179394 -0.949585 -0.924094 -0.241853 0.2959 1.00803 1.88644 -2.36043</i>
                        <i>-0.268876 0.957273 -0.106461 -0.257392 -0.177924 -0.949785 -0.928146 -0.227972 0.294234 1.008 1.88652 -2.36273</i>
                        <i>-0.268127 0.958572 -0.0961683 -0.259341 -0.167957 -0.951069 -0.92782 -0.230067 0.29363 1.00809 1.87866 -2.36357</i>
                        <i>-0.289154 0.95455 -0.0722748 -0.262442 -0.151654 -0.952956 -0.920605 -0.256583 0.294366 1.00825 1.85561 -2.35803</i>
                        <i>-0.324919 0.944911 -0.0396274 -0.266122 -0.131556 -0.95492 -0.907528 -0.299726 0.294207 1.00841 1.81871 -2.34477</i>
                        <i>-0.365204 0.930913 -0.00517341 -0.269708 -0.111124 -0.956509 -0.891002 -0.347925 0.291658 1.00854 1.77886 -2.32892</i>
                        <i>-0.398526 0.916876 0.0227031 -0.272478 -0.0947253 -0.957488 -0.875747 -0.38777 0.287579 1.00863 1.74695 -2.31564</i>
                        <i>-0.412417 0.910352 0.034224 -0.273597 -0.0879392 -0.957816 -0.86894 -0.404383 0.285337 1.00867 1.7339 -2.31007</i>
                        <i>-0.412417 0.910352 0.034224 -0.273597 -0.0879392 -0.957816 -0.86894 -0.404383 0.285337 1.00867 1.7339 -2.31007</i>
                        <i>-0.412417 0.910352 0.034224 -0.273597 -0.0879392 -0.957816 -0.86894 -0.404383 0.285337 1.00867 1.7339 -2.31007</i>
                        <i>-0.412417 0.910352 0.034224 -0.273597 -0.0879392 -0.957816 -0.86894 -0.404383 0.285337 1.00867 1.7339 -2.31007</i>
                        <i>-0.412417 0.910352 0.034224 -0.273597 -0.0879392 -0.957816 -0.86894 -0.404383 0.285337 1.00867 1.7339 -2.31007</i>
                        <i>-0.412417 0.910352 0.034224 -0.273597 -0.0879392 -0.957816 -0.86894 -0.404383 0.285337 1.00867 1.7339 -2.31007</i>
                        <i>-0.412417 0.910352 0.034224 -0.273597 -0.0879392 -0.957816 -0.86894 -0.404383 0.285337 1.00867 1.7339 -2.31007</i>
                        <i>-0.412417 0.910352 0.034224 -0.273597 -0.0879392 -0.957816 -0.86894 -0.404383 0.285337 1.00867 1.7339 -2.31007</i>
                        <i>-0.412417 0.910352 0.034224 -0.273597 -0.0879392 -0.957816 -0.86894 -0.404383 0.285337 1.00867 1.7339 -2.31007</i>
                        <i>-0.412417 0.910352 0.034224 -0.273597 -0.0879392 -0.957816 -0.86894 -0.404383 0.285337 1.00867 1.7339 -2.31007</i>
                        <i>-0.412417 0.910352 0.034224 -0.273597 -0.0879392 -0.957816 -0.86894 -0.404383 0.285337 1.00867 1.7339 -2.31007</i>
                    </KeyFrames>
                </p>
            </i>
            <i>
                <p>
                    <Name><![CDATA[spine1]]></Name>
                    <Exclude>0</Exclude>
                    <Additive>0</Additive>
                    <IKPriority>0</IKPriority>
                    <IKRotLimits>-1e+010 -1e+010 -1e+010 1e+010 1e+010 1e+010</IKRotLimits>
                    <IKRotLimitOrder>0</IKRotLimitOrder>
                    <KeyFrames count="40">
                        <i>-0.783374 0.495792 0.374853 -0.501672 -0.148306 -0.85225 -0.366946 -0.855684 0.364904 0.933637 1.89966 -2.30385</i>
                        <i>-0.781516 0.502622 0.369598 -0.494457 -0.137737 -0.85822 -0.380453 -0.853463 0.356168 0.977346 1.89983 -2.30628</i>
                        <i>-0.751508 0.565074 0.340481 -0.487211 -0.127394 -0.863942 -0.444816 -0.815145 0.371048 1.03055 1.8916 -2.31121</i>
                        <i>-0.704118 0.642545 0.302248 -0.482514 -0.12067 -0.867536 -0.520958 -0.756687 0.395003 1.07734 1.873 -2.31691</i>
                        <i>-0.643618 0.720349 0.258561 -0.481094 -0.118044 -0.868685 -0.595235 -0.683494 0.422531 1.10245 1.84453 -2.3225</i>
                        <i>-0.546491 0.813809 0.197642 -0.48257 -0.113127 -0.868521 -0.684452 -0.570015 0.454542 1.0963 1.89045 -2.32868</i>
                        <i>-0.402846 0.907535 0.118723 -0.48553 -0.101937 -0.868256 -0.775871 -0.407417 0.481701 1.06647 1.94444 -2.33418</i>
                        <i>-0.24946 0.967418 0.0432621 -0.489117 -0.0873153 -0.867837 -0.835784 -0.23765 0.494962 1.02682 1.99188 -2.33697</i>
                        <i>-0.153506 0.988138 0.00433392 -0.493441 -0.072854 -0.866723 -0.856126 -0.135186 0.498772 0.994747 2.01732 -2.33666</i>
                        <i>-0.161866 0.986616 0.0197304 -0.497393 -0.0643019 -0.865139 -0.852291 -0.14985 0.501144 0.980809 2.00456 -2.33347</i>
                        <i>-0.238613 0.968629 0.0694333 -0.500022 -0.0612538 -0.863844 -0.832491 -0.240842 0.498952 0.97766 1.96534 -2.3289</i>
                        <i>-0.332992 0.933896 0.130209 -0.502541 -0.0589263 -0.862543 -0.797853 -0.352656 0.488943 0.976392 1.92439 -2.32444</i>
                        <i>-0.413795 0.891766 0.183106 -0.504497 -0.0572011 -0.861517 -0.757797 -0.448868 0.473563 0.972749 1.90619 -2.32279</i>
                        <i>-0.465294 0.856806 0.222227 -0.507524 -0.0525495 -0.860034 -0.725204 -0.512954 0.4593 0.964181 1.90978 -2.32048</i>
                        <i>-0.476367 0.848872 0.22911 -0.508399 -0.0533317 -0.859469 -0.71736 -0.525902 0.456971 0.962006 1.92369 -2.32483</i>
                        <i>-0.481125 0.846088 0.229464 -0.508404 -0.0560574 -0.859292 -0.714173 -0.530087 0.457126 0.960588 1.94347 -2.33095</i>
                        <i>-0.484342 0.844927 0.226962 -0.50767 -0.0601512 -0.85945 -0.71252 -0.531489 0.458077 0.95948 1.96633 -2.33807</i>
                        <i>-0.490712 0.84168 0.225337 -0.506346 -0.0649987 -0.859877 -0.709095 -0.53605 0.458077 0.958245 1.98948 -2.34541</i>
                        <i>-0.504825 0.832454 0.228412 -0.504708 -0.0699769 -0.860449 -0.700301 -0.549658 0.455472 0.956445 2.01014 -2.35223</i>
                        <i>-0.520754 0.823727 0.224251 -0.500994 -0.0821799 -0.86154 -0.691245 -0.560999 0.455478 0.954778 2.02546 -2.35902</i>
                        <i>-0.522073 0.829413 0.198781 -0.494306 -0.104308 -0.863007 -0.695055 -0.548811 0.46444 0.954665 2.03706 -2.3663</i>
                        <i>-0.507146 0.846943 0.159656 -0.486903 -0.128698 -0.863923 -0.711146 -0.515872 0.477648 0.956152 2.04709 -2.37318</i>
                        <i>-0.485117 0.865863 0.12224 -0.481309 -0.147682 -0.864021 -0.730071 -0.477987 0.488391 0.958518 2.05348 -2.37858</i>
                        <i>-0.466688 0.878435 0.102733 -0.480002 -0.154009 -0.863643 -0.742832 -0.452364 0.493525 0.960927 2.05419 -2.38138</i>
                        <i>-0.481551 0.868569 0.11703 -0.482409 -0.151205 -0.862797 -0.731703 -0.471937 0.491818 0.961027 2.04702 -2.38047</i>
                        <i>-0.546636 0.820414 0.16766 -0.486531 -0.148218 -0.860999 -0.681525 -0.552225 0.480178 0.957155 2.0244 -2.37082</i>
                        <i>-0.634571 0.735258 0.23815 -0.491734 -0.146375 -0.858354 -0.596253 -0.661793 0.454437 0.950442 1.98741 -2.35185</i>
                        <i>-0.713796 0.629589 0.306778 -0.496751 -0.146353 -0.855464 -0.493693 -0.763019 0.417215 0.942753 1.94669 -2.32987</i>
                        <i>-0.765398 0.536008 0.356175 -0.50034 -0.14754 -0.853166 -0.404754 -0.83122 0.381113 0.936326 1.91345 -2.31153</i>
                        <i>-0.783374 0.495792 0.374853 -0.501672 -0.148306 -0.85225 -0.366946 -0.855684 0.364904 0.933637 1.89966 -2.30385</i>
                        <i>-0.783374 0.495792 0.374853 -0.501672 -0.148306 -0.85225 -0.366946 -0.855684 0.364904 0.933637 1.89966 -2.30385</i>
                        <i>-0.783374 0.495792 0.374853 -0.501672 -0.148306 -0.85225 -0.366946 -0.855684 0.364904 0.933637 1.89966 -2.30385</i>
                        <i>-0.783374 0.495792 0.374853 -0.501672 -0.148306 -0.85225 -0.366946 -0.855684 0.364904 0.933637 1.89966 -2.30385</i>
                        <i>-0.783374 0.495792 0.374853 -0.501672 -0.148306 -0.85225 -0.366946 -0.855684 0.364904 0.933637 1.89966 -2.30385</i>
                        <i>-0.783374 0.495792 0.374853 -0.501672 -0.148306 -0.85225 -0.366946 -0.855684 0.364904 0.933637 1.89966 -2.30385</i>
                        <i>-0.783374 0.495792 0.374853 -0.501672 -0.148306 -0.85225 -0.366946 -0.855684 0.364904 0.933637 1.89966 -2.30385</i>
                        <i>-0.783374 0.495792 0.374853 -0.501672 -0.148306 -0.85225 -0.366946 -0.855684 0.364904 0.933637 1.89966 -2.30385</i>
                        <i>-0.783374 0.495792 0.374853 -0.501672 -0.148306 -0.85225 -0.366946 -0.855684 0.364904 0.933637 1.89966 -2.30385</i>
                        <i>-0.783374 0.495792 0.374853 -0.501672 -0.148306 -0.85225 -0.366946 -0.855684 0.364904 0.933637 1.89966 -2.30385</i>
                        <i>-0.783374 0.495792 0.374853 -0.501672 -0.148306 -0.85225 -0.366946 -0.855684 0.364904 0.933637 1.89966 -2.30385</i>
                    </KeyFrames>
                </p>
            </i>
            <i>
                <p>
                    <Name><![CDATA[spine2]]></Name>
                    <Exclude>0</Exclude>
                    <Additive>0</Additive>
                    <IKPriority>0</IKPriority>
                    <IKRotLimits>-1e+010 -1e+010 -1e+010 1e+010 1e+010 1e+010</IKRotLimits>
                    <IKRotLimitOrder>0</IKRotLimitOrder>
                    <KeyFrames count="40">
                        <i>-0.852496 0.209354 0.47898 -0.521942 -0.391308 -0.757927 0.0287534 -0.89613 0.44286 0.802686 1.98224 -2.24083</i>
                        <i>-0.845477 0.250246 0.471746 -0.533822 -0.372525 -0.759118 -0.0142289 -0.893645 0.448548 0.842036 1.98643 -2.24191</i>
                        <i>-0.821435 0.355934 0.445595 -0.558744 -0.345776 -0.75382 -0.114234 -0.868188 0.482909 0.896198 1.9921 -2.24995</i>
                        <i>-0.778645 0.475754 0.409109 -0.585764 -0.317421 -0.745737 -0.224927 -0.820306 0.525838 0.94901 1.98952 -2.26142</i>
                        <i>-0.719672 0.591563 0.363491 -0.611012 -0.290963 -0.73621 -0.329752 -0.751927 0.57085 0.985257 1.9751 -2.27502</i>
                        <i>-0.626142 0.720459 0.298136 -0.639585 -0.25589 -0.72488 -0.445956 -0.644561 0.621018 0.999528 2.03407 -2.29331</i>
                        <i>-0.487789 0.84626 0.214257 -0.667609 -0.203495 -0.716162 -0.562459 -0.492376 0.664233 0.998146 2.09809 -2.3137</i>
                        <i>-0.338526 0.931283 0.134582 -0.684454 -0.145566 -0.714376 -0.645696 -0.33395 0.686698 0.986085 2.1499 -2.32962</i>
                        <i>-0.250827 0.96296 0.0989625 -0.689703 -0.106039 -0.716286 -0.679261 -0.247919 0.690754 0.970191 2.17582 -2.3357</i>
                        <i>-0.27319 0.953152 0.129882 -0.690555 -0.10032 -0.716289 -0.669702 -0.285374 0.68561 0.954992 2.16238 -2.33006</i>
                        <i>-0.363251 0.909671 0.201366 -0.68894 -0.116757 -0.715352 -0.627224 -0.398581 0.669121 0.939341 2.12112 -2.31747</i>
                        <i>-0.466955 0.837594 0.283529 -0.684494 -0.139379 -0.715571 -0.55984 -0.528213 0.638412 0.922413 2.07583 -2.30304</i>
                        <i>-0.549286 0.75775 0.352279 -0.678832 -0.158781 -0.716921 -0.487311 -0.632933 0.601601 0.905079 2.05198 -2.29255</i>
                        <i>-0.555623 0.755059 0.348094 -0.6765 -0.167165 -0.717219 -0.483353 -0.633989 0.603678 0.888531 2.04905 -2.28406</i>
                        <i>-0.560779 0.745012 0.361225 -0.678891 -0.164002 -0.715689 -0.473955 -0.646576 0.597751 0.884744 2.06135 -2.28738</i>
                        <i>-0.560228 0.738364 0.375452 -0.683473 -0.155964 -0.71312 -0.467985 -0.656121 0.592027 0.882751 2.08034 -2.29354</i>
                        <i>-0.558494 0.731562 0.391026 -0.688835 -0.146383 -0.709984 -0.462158 -0.665875 0.58568 0.881282 2.10274 -2.30114</i>
                        <i>-0.560028 0.720987 0.408101 -0.693592 -0.138618 -0.706905 -0.453099 -0.678942 0.577701 0.8791 2.12522 -2.30878</i>
                        <i>-0.569064 0.702906 0.42672 -0.696449 -0.136098 -0.704583 -0.437179 -0.698141 0.566986 0.874982 2.14446 -2.31509</i>
                        <i>-0.582356 0.687284 0.434168 -0.695053 -0.14396 -0.704398 -0.421618 -0.71198 0.561535 0.870689 2.15845 -2.32253</i>
                        <i>-0.586833 0.695141 0.415217 -0.688893 -0.159153 -0.707176 -0.425504 -0.701034 0.572274 0.870409 2.1709 -2.33395</i>
                        <i>-0.581251 0.722047 0.375227 -0.679578 -0.177107 -0.711903 -0.447572 -0.668791 0.593631 0.874392 2.18363 -2.34717</i>
                        <i>-0.57313 0.749679 0.330914 -0.669661 -0.195727 -0.716411 -0.47231 -0.632197 0.614208 0.880378 2.19298 -2.35863</i>
                        <i>-0.571174 0.763908 0.300342 -0.661793 -0.212117 -0.719053 -0.485582 -0.609468 0.626704 0.885763 2.19571 -2.36457</i>
                        <i>-0.60082 0.740384 0.301408 -0.652381 -0.236242 -0.720131 -0.461969 -0.629302 0.624951 0.883259 2.1873 -2.3613</i>
                        <i>-0.673232 0.657755 0.337812 -0.633437 -0.277336 -0.722386 -0.381466 -0.700316 0.603358 0.868288 2.15773 -2.34327</i>
                        <i>-0.754916 0.526709 0.390741 -0.603025 -0.323276 -0.729283 -0.257803 -0.786174 0.561665 0.84632 2.10792 -2.31246</i>
                        <i>-0.814887 0.379358 0.438232 -0.56645 -0.360957 -0.740841 -0.122861 -0.851938 0.509026 0.824536 2.05074 -2.27872</i>
                        <i>-0.844674 0.258819 0.468549 -0.535072 -0.383784 -0.752601 -0.0149656 -0.88641 0.46266 0.808703 2.00255 -2.25179</i>
                        <i>-0.852496 0.209354 0.47898 -0.521942 -0.391308 -0.757927 0.0287534 -0.89613 0.44286 0.802686 1.98224 -2.24083</i>
                        <i>-0.852496 0.209354 0.47898 -0.521942 -0.391308 -0.757927 0.0287534 -0.89613 0.44286 0.802686 1.98224 -2.24083</i>
                        <i>-0.852496 0.209354 0.47898 -0.521942 -0.391308 -0.757927 0.0287534 -0.89613 0.44286 0.802686 1.98224 -2.24083</i>
                        <i>-0.852496 0.209354 0.47898 -0.521942 -0.391308 -0.757927 0.0287534 -0.89613 0.44286 0.802686 1.98224 -2.24083</i>
                        <i>-0.852496 0.209354 0.47898 -0.521942 -0.391308 -0.757927 0.0287534 -0.89613 0.44286 0.802686 1.98224 -2.24083</i>
                        <i>-0.852496 0.209354 0.47898 -0.521942 -0.391308 -0.757927 0.0287534 -0.89613 0.44286 0.802686 1.98224 -2.24083</i>
                        <i>-0.852496 0.209354 0.47898 -0.521942 -0.391308 -0.757927 0.0287534 -0.89613 0.44286 0.802686 1.98224 -2.24083</i>
                        <i>-0.852496 0.209354 0.47898 -0.521942 -0.391308 -0.757927 0.0287534 -0.89613 0.44286 0.802686 1.98224 -2.24083</i>
                        <i>-0.852496 0.209354 0.47898 -0.521942 -0.391308 -0.757927 0.0287534 -0.89613 0.44286 0.802686 1.98224 -2.24083</i>
                        <i>-0.852496 0.209354 0.47898 -0.521942 -0.391308 -0.757927 0.0287534 -0.89613 0.44286 0.802686 1.98224 -2.24083</i>
                        <i>-0.852496 0.209354 0.47898 -0.521942 -0.391308 -0.757927 0.0287534 -0.89613 0.44286 0.802686 1.98224 -2.24083</i>
                    </KeyFrames>
                </p>
            </i>
            <i>
                <p>
                    <Name><![CDATA[head]]></Name>
                    <Exclude>0</Exclude>
                    <Additive>0</Additive>
                    <IKPriority>0</IKPriority>
                    <IKRotLimits>-1e+010 -1e+010 -1e+010 1e+010 1e+010 1e+010</IKRotLimits>
                    <IKRotLimitOrder>0</IKRotLimitOrder>
                    <KeyFrames count="40">
                        <i>-0.178952 0.975091 0.131051 0.281493 0.178377 -0.942838 -0.942729 -0.131833 -0.306402 0.579587 2.04622 -2.12254</i>
                        <i>-0.195865 0.95131 0.238003 0.278527 0.286676 -0.916646 -0.940244 -0.113249 -0.321115 0.61901 2.06322 -2.12315</i>
                        <i>-0.191684 0.894506 0.403876 0.287218 0.444617 -0.848423 -0.93849 -0.0466287 -0.342145 0.678856 2.09954 -2.13639</i>
                        <i>-0.156057 0.88389 0.440891 0.330079 0.467367 -0.820132 -0.930964 0.0175414 -0.36469 0.744173 2.13154 -2.15718</i>
                        <i>-0.088663 0.938693 0.333159 0.384327 0.340816 -0.857984 -0.91893 0.0519707 -0.390983 0.799295 2.14956 -2.18432</i>
                        <i>0.00409499 0.983307 0.181907 0.424612 0.162985 -0.890584 -0.905366 0.0808866 -0.416856 0.843533 2.24116 -2.22314</i>
                        <i>0.124447 0.991881 0.0261603 0.427856 -0.0298557 -0.903353 -0.895238 0.123612 -0.428098 0.882528 2.33209 -2.26846</i>
                        <i>0.23291 0.969533 -0.0758814 0.393008 -0.165209 -0.904572 -0.889549 0.180861 -0.419513 0.908738 2.39854 -2.30567</i>
                        <i>0.284408 0.94975 -0.130721 0.333173 -0.225769 -0.915436 -0.898948 0.216805 -0.380642 0.912169 2.42839 -2.31995</i>
                        <i>0.247412 0.956144 -0.156767 0.267999 -0.223017 -0.937251 -0.931109 0.189874 -0.311423 0.889357 2.41201 -2.30543</i>
                        <i>0.148343 0.979849 -0.133754 0.221897 -0.164781 -0.961046 -0.96372 0.112885 -0.24187 0.850158 2.36124 -2.27363</i>
                        <i>0.0221908 0.999024 -0.0381825 0.202403 -0.0418903 -0.978406 -0.979051 0.0139833 -0.203135 0.805852 2.2994 -2.23682</i>
                        <i>-0.0858361 0.984732 0.151442 0.199133 0.165892 -0.965829 -0.976206 -0.0527459 -0.210333 0.766365 2.2564 -2.20715</i>
                        <i>-0.0663498 0.954768 0.289856 0.25409 0.297087 -0.920422 -0.964902 0.0125798 -0.262309 0.752138 2.25549 -2.20345</i>
                        <i>-0.092529 0.881777 0.462502 0.297934 0.467732 -0.832143 -0.950091 0.0607979 -0.30599 0.747477 2.26523 -2.20303</i>
                        <i>-0.113717 0.817495 0.564597 0.330539 0.567041 -0.754459 -0.936916 0.100827 -0.334697 0.746071 2.28224 -2.20459</i>
                        <i>-0.125518 0.783438 0.608662 0.352835 0.608654 -0.710667 -0.927229 0.125556 -0.352821 0.745469 2.30249 -2.20692</i>
                        <i>-0.138614 0.759382 0.635708 0.373026 0.634663 -0.676797 -0.917408 0.143322 -0.371242 0.743263 2.32193 -2.20883</i>
                        <i>-0.154171 0.745155 0.648826 0.386687 0.649802 -0.654393 -0.909233 0.150005 -0.388322 0.737092 2.33647 -2.20913</i>
                        <i>-0.167967 0.749483 0.640361 0.398786 0.645725 -0.65116 -0.90153 0.145993 -0.407344 0.729557 2.34641 -2.21366</i>
                        <i>-0.165545 0.784789 0.597244 0.424479 0.603334 -0.675134 -0.890176 0.141753 -0.433005 0.72825 2.36053 -2.22935</i>
                        <i>-0.1427 0.840367 0.522895 0.458296 0.524357 -0.717645 -0.877269 0.137233 -0.459962 0.733504 2.37958 -2.25272</i>
                        <i>-0.0917453 0.899099 0.428024 0.489741 0.414999 -0.766766 -0.867027 0.139273 -0.4784 0.740924 2.3953 -2.27577</i>
                        <i>-0.0156236 0.945029 0.326614 0.507268 0.288986 -0.81189 -0.861647 0.152996 -0.483898 0.745634 2.40106 -2.29016</i>
                        <i>0.0424971 0.969844 0.239995 0.493187 0.188541 -0.849246 -0.868885 0.154453 -0.470301 0.733979 2.38674 -2.28755</i>
                        <i>0.0427903 0.982503 0.181265 0.449711 0.143071 -0.881641 -0.892148 0.119243 -0.435721 0.698439 2.3369 -2.26103</i>
                        <i>-0.00730181 0.988963 0.147986 0.393355 0.1389 -0.908834 -0.919358 0.0515748 -0.390027 0.652993 2.2543 -2.21705</i>
                        <i>-0.0818216 0.987699 0.133254 0.3387 0.153301 -0.928322 -0.93733 -0.0308238 -0.347077 0.613338 2.15933 -2.17109</i>
                        <i>-0.149666 0.980127 0.130194 0.29773 0.170241 -0.939348 -0.942845 -0.101826 -0.317293 0.588179 2.0796 -2.13624</i>
                        <i>-0.178952 0.975091 0.131051 0.281493 0.178377 -0.942838 -0.942729 -0.131833 -0.306402 0.579587 2.04622 -2.12254</i>
                        <i>-0.178952 0.975091 0.131051 0.281493 0.178377 -0.942838 -0.942729 -0.131833 -0.306402 0.579587 2.04622 -2.12254</i>
                        <i>-0.178952 0.975091 0.131051 0.281493 0.178377 -0.942838 -0.942729 -0.131833 -0.306402 0.579587 2.04622 -2.12254</i>
                        <i>-0.178952 0.975091 0.131051 0.281493 0.178377 -0.942838 -0.942729 -0.131833 -0.306402 0.579587 2.04622 -2.12254</i>
                        <i>-0.178952 0.975091 0.131051 0.281493 0.178377 -0.942838 -0.942729 -0.131833 -0.306402 0.579587 2.04622 -2.12254</i>
                        <i>-0.178952 0.975091 0.131051 0.281493 0.178377 -0.942838 -0.942729 -0.131833 -0.306402 0.579587 2.04622 -2.12254</i>
                        <i>-0.178952 0.975091 0.131051 0.281493 0.178377 -0.942838 -0.942729 -0.131833 -0.306402 0.579587 2.04622 -2.12254</i>
                        <i>-0.178952 0.975091 0.131051 0.281493 0.178377 -0.942838 -0.942729 -0.131833 -0.306402 0.579587 2.04622 -2.12254</i>
                        <i>-0.178952 0.975091 0.131051 0.281493 0.178377 -0.942838 -0.942729 -0.131833 -0.306402 0.579587 2.04622 -2.12254</i>
                        <i>-0.178952 0.975091 0.131051 0.281493 0.178377 -0.942838 -0.942729 -0.131833 -0.306402 0.579587 2.04622 -2.12254</i>
                        <i>-0.178952 0.975091 0.131051 0.281493 0.178377 -0.942838 -0.942729 -0.131833 -0.306402 0.579587 2.04622 -2.12254</i>
                    </KeyFrames>
                </p>
            </i>
            <i>
                <p>
                    <Name><![CDATA[head_prop]]></Name>
                    <Exclude>0</Exclude>
                    <Additive>0</Additive>
                    <IKPriority>0</IKPriority>
                    <IKRotLimits>-1e+010 -1e+010 -1e+010 1e+010 1e+010 1e+010</IKRotLimits>
                    <IKRotLimitOrder>0</IKRotLimitOrder>
                    <KeyFrames count="40">
                        <i>0.942729 0.131833 0.306402 -0.178952 0.975091 0.131051 -0.281493 -0.178377 0.942838 0.521265 2.36401 -2.07983</i>
                        <i>0.949175 0.00342998 0.31473 -0.0544056 0.986677 0.153326 -0.310011 -0.162656 0.936716 0.576945 2.43909 -2.0546</i>
                        <i>0.941618 -0.168946 0.291226 0.0983021 0.965253 0.242122 -0.322013 -0.199359 0.925507 0.660882 2.52349 -1.99858</i>
                        <i>0.910358 -0.279867 0.304833 0.186443 0.935015 0.30164 -0.369443 -0.217766 0.903377 0.75262 2.57669 -1.99189</i>
                        <i>0.876658 -0.235035 0.419797 0.0579418 0.917778 0.392844 -0.477613 -0.320066 0.818196 0.812423 2.57193 -2.05406</i>
                        <i>0.850293 -0.0953736 0.517596 -0.197911 0.853324 0.482358 -0.487682 -0.512583 0.7067 0.840768 2.61298 -2.12818</i>
                        <i>0.848525 -0.0510266 0.52669 -0.264703 0.820922 0.505983 -0.45819 -0.568756 0.683066 0.884588 2.67134 -2.20278</i>
                        <i>0.845833 -0.260207 0.465681 -0.0052987 0.868823 0.495094 -0.533421 -0.421235 0.733501 0.958256 2.72163 -2.2633</i>
                        <i>0.766906 -0.542167 0.343381 0.367435 0.80963 0.457703 -0.526163 -0.224845 0.820121 1.01348 2.73411 -2.29626</i>
                        <i>0.733944 -0.640809 0.225143 0.547604 0.754378 0.362 -0.401816 -0.142398 0.904581 1.00368 2.71264 -2.29958</i>
                        <i>0.827718 -0.539472 0.154447 0.493007 0.830578 0.259007 -0.268007 -0.138241 0.953447 0.93489 2.66985 -2.27364</i>
                        <i>0.936087 -0.333327 0.112405 0.305647 0.928888 0.209159 -0.17413 -0.161435 0.9714 0.842183 2.61707 -2.22147</i>
                        <i>0.985153 -0.112191 0.129953 0.0728604 0.95861 0.275241 -0.155453 -0.261686 0.952552 0.754962 2.57197 -2.14429</i>
                        <i>0.970907 -0.0578287 0.232371 -0.0219889 0.94477 0.326995 -0.238446 -0.322591 0.916012 0.735216 2.56436 -2.10519</i>
                        <i>0.950091 -0.0607979 0.30599 -0.092529 0.881777 0.462502 -0.297934 -0.467732 0.832143 0.717321 2.55261 -2.0523</i>
                        <i>0.936916 -0.100827 0.334697 -0.113717 0.817495 0.564597 -0.330539 -0.567041 0.754459 0.709009 2.54867 -2.02059</i>
                        <i>0.927229 -0.125556 0.352821 -0.125518 0.783438 0.608662 -0.352835 -0.608654 0.710667 0.704562 2.55782 -2.00855</i>
                        <i>0.917408 -0.143322 0.371242 -0.138614 0.759382 0.635708 -0.373026 -0.634663 0.676797 0.698087 2.56942 -2.00165</i>
                        <i>0.909233 -0.150005 0.388322 -0.154171 0.745155 0.648826 -0.386687 -0.649802 0.654393 0.686846 2.57932 -1.99767</i>
                        <i>0.90153 -0.145993 0.407344 -0.167967 0.749483 0.640361 -0.398786 -0.645725 0.65116 0.674815 2.59067 -2.00496</i>
                        <i>0.890176 -0.141753 0.433005 -0.165545 0.784789 0.597244 -0.424479 -0.603334 0.675134 0.674298 2.6163 -2.03471</i>
                        <i>0.877269 -0.137233 0.459962 -0.1427 0.840367 0.522895 -0.458296 -0.524357 0.717645 0.686996 2.65346 -2.08231</i>
                        <i>0.867027 -0.139273 0.4784 -0.0917453 0.899099 0.428024 -0.489741 -0.414999 0.766766 0.711023 2.68832 -2.13628</i>
                        <i>0.861647 -0.152996 0.483898 -0.0156236 0.945029 0.326614 -0.507268 -0.288986 0.81189 0.740542 2.70906 -2.18372</i>
                        <i>0.868885 -0.154453 0.470301 0.0424971 0.969844 0.239995 -0.493187 -0.188541 0.849246 0.747829 2.70282 -2.20933</i>
                        <i>0.892148 -0.119243 0.435721 0.0427903 0.982503 0.181265 -0.449711 -0.143071 0.881641 0.712385 2.65711 -2.20196</i>
                        <i>0.919358 -0.0515748 0.390027 -0.00730181 0.988963 0.147986 -0.393355 -0.1389 0.908834 0.650613 2.57661 -2.16882</i>
                        <i>0.93733 0.0308238 0.347077 -0.0818216 0.987699 0.133254 -0.3387 -0.153301 0.928322 0.586672 2.48123 -2.12767</i>
                        <i>0.942845 0.101826 0.317293 -0.149666 0.980127 0.130194 -0.29773 -0.170241 0.939348 0.539402 2.39904 -2.09381</i>
                        <i>0.942729 0.131833 0.306402 -0.178952 0.975091 0.131051 -0.281493 -0.178377 0.942838 0.521265 2.36401 -2.07983</i>
                        <i>0.942729 0.131833 0.306402 -0.178952 0.975091 0.131051 -0.281493 -0.178377 0.942838 0.521265 2.36401 -2.07983</i>
                        <i>0.942729 0.131833 0.306402 -0.178952 0.975091 0.131051 -0.281493 -0.178377 0.942838 0.521265 2.36401 -2.07983</i>
                        <i>0.942729 0.131833 0.306402 -0.178952 0.975091 0.131051 -0.281493 -0.178377 0.942838 0.521265 2.36401 -2.07983</i>
                        <i>0.942729 0.131833 0.306402 -0.178952 0.975091 0.131051 -0.281493 -0.178377 0.942838 0.521265 2.36401 -2.07983</i>
                        <i>0.942729 0.131833 0.306402 -0.178952 0.975091 0.131051 -0.281493 -0.178377 0.942838 0.521265 2.36401 -2.07983</i>
                        <i>0.942729 0.131833 0.306402 -0.178952 0.975091 0.131051 -0.281493 -0.178377 0.942838 0.521265 2.36401 -2.07983</i>
                        <i>0.942729 0.131833 0.306402 -0.178952 0.975091 0.131051 -0.281493 -0.178377 0.942838 0.521265 2.36401 -2.07983</i>
                        <i>0.942729 0.131833 0.306402 -0.178952 0.975091 0.131051 -0.281493 -0.178377 0.942838 0.521265 2.36401 -2.07983</i>
                        <i>0.942729 0.131833 0.306402 -0.178952 0.975091 0.131051 -0.281493 -0.178377 0.942838 0.521265 2.36401 -2.07983</i>
                        <i>0.942729 0.131833 0.306402 -0.178952 0.975091 0.131051 -0.281493 -0.178377 0.942838 0.521265 2.36401 -2.07983</i>
                    </KeyFrames>
                </p>
            </i>
            <i>
                <p>
                    <Name><![CDATA[l_clav]]></Name>
                    <Exclude>0</Exclude>
                    <Additive>0</Additive>
                    <IKPriority>0</IKPriority>
                    <IKRotLimits>-1e+010 -1e+010 -1e+010 1e+010 1e+010 1e+010</IKRotLimits>
                    <IKRotLimitOrder>0</IKRotLimitOrder>
                    <KeyFrames count="40">
                        <i>0.189027 0.713857 0.674297 -0.977565 0.201784 0.0604203 -0.0929308 -0.67059 0.735984 0.793153 1.99974 -2.12907</i>
                        <i>0.22162 0.71797 0.659851 -0.966671 0.250711 0.0518764 -0.128186 -0.649355 0.749604 0.829664 2.00492 -2.12948</i>
                        <i>0.295539 0.726963 0.619824 -0.93251 0.360483 0.0218386 -0.20756 -0.584446 0.784437 0.881001 2.01618 -2.13761</i>
                        <i>0.384716 0.727746 0.567785 -0.876638 0.480644 -0.0220686 -0.288963 -0.489252 0.822881 0.932647 2.02091 -2.15002</i>
                        <i>0.475962 0.71736 0.508777 -0.803397 0.590004 -0.0803077 -0.35779 -0.370526 0.857145 0.969976 2.01419 -2.1654</i>
                        <i>0.580212 0.685039 0.440541 -0.699194 0.696348 -0.161949 -0.417711 -0.214059 0.883004 0.989268 2.08218 -2.18708</i>
                        <i>0.684979 0.623896 0.376241 -0.571285 0.780436 -0.254074 -0.452147 -0.0409054 0.891005 0.997966 2.1549 -2.21283</i>
                        <i>0.760458 0.557928 0.332295 -0.461234 0.824262 -0.328413 -0.457129 0.0964786 0.884152 0.998072 2.2121 -2.23445</i>
                        <i>0.788023 0.527604 0.31726 -0.416653 0.836426 -0.356078 -0.453233 0.14841 0.878951 0.990382 2.23901 -2.24358</i>
                        <i>0.765324 0.550751 0.333095 -0.453971 0.828751 -0.327234 -0.456277 0.0992243 0.884288 0.975269 2.22307 -2.23663</i>
                        <i>0.704297 0.597473 0.383394 -0.534831 0.801707 -0.266875 -0.46682 -0.0170915 0.884187 0.954741 2.17678 -2.22022</i>
                        <i>0.62019 0.63355 0.462577 -0.624956 0.755452 -0.196779 -0.474125 -0.16705 0.864465 0.932442 2.1246 -2.20166</i>
                        <i>0.540029 0.639952 0.546653 -0.697837 0.703561 -0.13426 -0.470524 -0.30897 0.826525 0.91132 2.0938 -2.1881</i>
                        <i>0.53323 0.626012 0.569012 -0.670574 0.722838 -0.166842 -0.515749 -0.2926 0.805226 0.892204 2.08955 -2.17784</i>
                        <i>0.516777 0.606674 0.604059 -0.67589 0.722179 -0.147076 -0.525466 -0.332272 0.78325 0.88873 2.09977 -2.18106</i>
