<?xml version="1.0" encoding="ISO-8859-1" ?>
<Animl Version="1">
    <ModellingPackage><![CDATA[Maya.2010]]></ModellingPackage>
    <SrcFile><![CDATA[anims\turrets\mortar\red\~src\mortar_82pm41\mortar_82pm41_aim_random_crewman_b.mb]]></SrcFile>
    <FramesPerSecond>30</FramesPerSecond>
    <TotalFrames>90</TotalFrames>
    <Skeleton>
        <RefFrame>
            <Name><![CDATA[soldier_ref_frame]]></Name>
            <Exclude>0</Exclude>
            <Additive>0</Additive>
            <IKPriority>0</IKPriority>
            <IKRotLimits>-1e+010 -1e+010 -1e+010 1e+010 1e+010 1e+010</IKRotLimits>
            <IKRotLimitOrder>0</IKRotLimitOrder>
            <KeyFrames count="90">
                <i>1 0 0 0 1 0 0 0 1 -2.11 0.92 -0.96</i>
                <i>1 0 0 0 1 0 0 0 1 -2.11 0.92 -0.96</i>
                <i>1 0 0 0 1 0 0 0 1 -2.11 0.92 -0.96</i>
                <i>1 0 0 0 1 0 0 0 1 -2.11 0.92 -0.96</i>
                <i>1 0 0 0 1 0 0 0 1 -2.11 0.92 -0.96</i>
                <i>1 0 0 0 1 0 0 0 1 -2.11 0.92 -0.96</i>
                <i>1 0 0 0 1 0 0 0 1 -2.11 0.92 -0.96</i>
                <i>1 0 0 0 1 0 0 0 1 -2.11 0.92 -0.96</i>
                <i>1 0 0 0 1 0 0 0 1 -2.11 0.92 -0.96</i>
                <i>1 0 0 0 1 0 0 0 1 -2.11 0.92 -0.96</i>
                <i>1 0 0 0 1 0 0 0 1 -2.11 0.92 -0.96</i>
                <i>1 0 0 0 1 0 0 0 1 -2.11 0.92 -0.96</i>
                <i>1 0 0 0 1 0 0 0 1 -2.11 0.92 -0.96</i>
                <i>1 0 0 0 1 0 0 0 1 -2.11 0.92 -0.96</i>
                <i>1 0 0 0 1 0 0 0 1 -2.11 0.92 -0.96</i>
                <i>1 0 0 0 1 0 0 0 1 -2.11 0.92 -0.96</i>
                <i>1 0 0 0 1 0 0 0 1 -2.11 0.92 -0.96</i>
                <i>1 0 0 0 1 0 0 0 1 -2.11 0.92 -0.96</i>
                <i>1 0 0 0 1 0 0 0 1 -2.11 0.92 -0.96</i>
                <i>1 0 0 0 1 0 0 0 1 -2.11 0.92 -0.96</i>
                <i>1 0 0 0 1 0 0 0 1 -2.11 0.92 -0.96</i>
                <i>1 0 0 0 1 0 0 0 1 -2.11 0.92 -0.96</i>
                <i>1 0 0 0 1 0 0 0 1 -2.11 0.92 -0.96</i>
                <i>1 0 0 0 1 0 0 0 1 -2.11 0.92 -0.96</i>
                <i>1 0 0 0 1 0 0 0 1 -2.11 0.92 -0.96</i>
                <i>1 0 0 0 1 0 0 0 1 -2.11 0.92 -0.96</i>
                <i>1 0 0 0 1 0 0 0 1 -2.11 0.92 -0.96</i>
                <i>1 0 0 0 1 0 0 0 1 -2.11 0.92 -0.96</i>
                <i>1 0 0 0 1 0 0 0 1 -2.11 0.92 -0.96</i>
                <i>1 0 0 0 1 0 0 0 1 -2.11 0.92 -0.96</i>
                <i>1 0 0 0 1 0 0 0 1 -2.11 0.92 -0.96</i>
                <i>1 0 0 0 1 0 0 0 1 -2.11 0.92 -0.96</i>
                <i>1 0 0 0 1 0 0 0 1 -2.11 0.92 -0.96</i>
                <i>1 0 0 0 1 0 0 0 1 -2.11 0.92 -0.96</i>
                <i>1 0 0 0 1 0 0 0 1 -2.11 0.92 -0.96</i>
                <i>1 0 0 0 1 0 0 0 1 -2.11 0.92 -0.96</i>
                <i>1 0 0 0 1 0 0 0 1 -2.11 0.92 -0.96</i>
                <i>1 0 0 0 1 0 0 0 1 -2.11 0.92 -0.96</i>
                <i>1 0 0 0 1 0 0 0 1 -2.11 0.92 -0.96</i>
                <i>1 0 0 0 1 0 0 0 1 -2.11 0.92 -0.96</i>
                <i>1 0 0 0 1 0 0 0 1 -2.11 0.92 -0.96</i>
                <i>1 0 0 0 1 0 0 0 1 -2.11 0.92 -0.96</i>
                <i>1 0 0 0 1 0 0 0 1 -2.11 0.92 -0.96</i>
                <i>1 0 0 0 1 0 0 0 1 -2.11 0.92 -0.96</i>
                <i>1 0 0 0 1 0 0 0 1 -2.11 0.92 -0.96</i>
                <i>1 0 0 0 1 0 0 0 1 -2.11 0.92 -0.96</i>
                <i>1 0 0 0 1 0 0 0 1 -2.11 0.92 -0.96</i>
                <i>1 0 0 0 1 0 0 0 1 -2.11 0.92 -0.96</i>
                <i>1 0 0 0 1 0 0 0 1 -2.11 0.92 -0.96</i>
                <i>1 0 0 0 1 0 0 0 1 -2.11 0.92 -0.96</i>
                <i>1 0 0 0 1 0 0 0 1 -2.11 0.92 -0.96</i>
                <i>1 0 0 0 1 0 0 0 1 -2.11 0.92 -0.96</i>
                <i>1 0 0 0 1 0 0 0 1 -2.11 0.92 -0.96</i>
                <i>1 0 0 0 1 0 0 0 1 -2.11 0.92 -0.96</i>
                <i>1 0 0 0 1 0 0 0 1 -2.11 0.92 -0.96</i>
                <i>1 0 0 0 1 0 0 0 1 -2.11 0.92 -0.96</i>
                <i>1 0 0 0 1 0 0 0 1 -2.11 0.92 -0.96</i>
                <i>1 0 0 0 1 0 0 0 1 -2.11 0.92 -0.96</i>
                <i>1 0 0 0 1 0 0 0 1 -2.11 0.92 -0.96</i>
                <i>1 0 0 0 1 0 0 0 1 -2.11 0.92 -0.96</i>
                <i>1 0 0 0 1 0 0 0 1 -2.11 0.92 -0.96</i>
                <i>1 0 0 0 1 0 0 0 1 -2.11 0.92 -0.96</i>
                <i>1 0 0 0 1 0 0 0 1 -2.11 0.92 -0.96</i>
                <i>1 0 0 0 1 0 0 0 1 -2.11 0.92 -0.96</i>
                <i>1 0 0 0 1 0 0 0 1 -2.11 0.92 -0.96</i>
                <i>1 0 0 0 1 0 0 0 1 -2.11 0.92 -0.96</i>
                <i>1 0 0 0 1 0 0 0 1 -2.11 0.92 -0.96</i>
                <i>1 0 0 0 1 0 0 0 1 -2.11 0.92 -0.96</i>
                <i>1 0 0 0 1 0 0 0 1 -2.11 0.92 -0.96</i>
                <i>1 0 0 0 1 0 0 0 1 -2.11 0.92 -0.96</i>
                <i>1 0 0 0 1 0 0 0 1 -2.11 0.92 -0.96</i>
                <i>1 0 0 0 1 0 0 0 1 -2.11 0.92 -0.96</i>
                <i>1 0 0 0 1 0 0 0 1 -2.11 0.92 -0.96</i>
                <i>1 0 0 0 1 0 0 0 1 -2.11 0.92 -0.96</i>
                <i>1 0 0 0 1 0 0 0 1 -2.11 0.92 -0.96</i>
                <i>1 0 0 0 1 0 0 0 1 -2.11 0.92 -0.96</i>
                <i>1 0 0 0 1 0 0 0 1 -2.11 0.92 -0.96</i>
                <i>1 0 0 0 1 0 0 0 1 -2.11 0.92 -0.96</i>
                <i>1 0 0 0 1 0 0 0 1 -2.11 0.92 -0.96</i>
                <i>1 0 0 0 1 0 0 0 1 -2.11 0.92 -0.96</i>
                <i>1 0 0 0 1 0 0 0 1 -2.11 0.92 -0.96</i>
                <i>1 0 0 0 1 0 0 0 1 -2.11 0.92 -0.96</i>
                <i>1 0 0 0 1 0 0 0 1 -2.11 0.92 -0.96</i>
                <i>1 0 0 0 1 0 0 0 1 -2.11 0.92 -0.96</i>
                <i>1 0 0 0 1 0 0 0 1 -2.11 0.92 -0.96</i>
                <i>1 0 0 0 1 0 0 0 1 -2.11 0.92 -0.96</i>
                <i>1 0 0 0 1 0 0 0 1 -2.11 0.92 -0.96</i>
                <i>1 0 0 0 1 0 0 0 1 -2.11 0.92 -0.96</i>
                <i>1 0 0 0 1 0 0 0 1 -2.11 0.92 -0.96</i>
                <i>1 0 0 0 1 0 0 0 1 -2.11 0.92 -0.96</i>
            </KeyFrames>
        </RefFrame>
        <Bones count="23">
            <i>
                <p>
                    <Name><![CDATA[pelvis]]></Name>
                    <Exclude>0</Exclude>
                    <Additive>0</Additive>
                    <IKPriority>0</IKPriority>
                    <IKRotLimits>-1e+010 -1e+010 -1e+010 1e+010 1e+010 1e+010</IKRotLimits>
                    <IKRotLimitOrder>2</IKRotLimitOrder>
                    <KeyFrames count="90">
                        <i>1 0 0 0 1 0 0 0 1 -2.1601 1.48986 -1.02821</i>
                        <i>1 0 0 0 1 0 0 0 1 -2.1601 1.49335 -1.02821</i>
                        <i>1 0 0 0 1 0 0 0 1 -2.1601 1.50086 -1.02821</i>
                        <i>1 0 0 0 1 0 0 0 1 -2.1601 1.50791 -1.02821</i>
                        <i>1 0 0 0 1 0 0 0 1 -2.1601 1.51004 -1.02821</i>
                        <i>1 0 0 0 1 0 0 0 1 -2.1601 1.50509 -1.02821</i>
                        <i>1 0 0 0 1 0 0 0 1 -2.1601 1.49591 -1.02821</i>
                        <i>1 0 0 0 1 0 0 0 1 -2.1601 1.48555 -1.02821</i>
                        <i>1 0 0 0 1 0 0 0 1 -2.1601 1.47709 -1.02821</i>
                        <i>1 0 0 0 1 0 0 0 1 -2.1601 1.47359 -1.02821</i>
                        <i>1 0 0 0 1 0 0 0 1 -2.15951 1.47359 -1.02722</i>
                        <i>1 0 0 0 1 0 0 0 1 -2.1579 1.47359 -1.02452</i>
                        <i>1 0 0 0 1 0 0 0 1 -2.15554 1.47359 -1.02054</i>
                        <i>1 0 0 0 1 0 0 0 1 -2.15267 1.47359 -1.01571</i>
                        <i>1 0 0 0 1 0 0 0 1 -2.14955 1.47359 -1.01046</i>
                        <i>1 0 0 0 1 0 0 0 1 -2.14643 1.47359 -1.0052</i>
                        <i>1 0 0 0 1 0 0 0 1 -2.14356 1.47359 -1.00037</i>
                        <i>1 0 0 0 1 0 0 0 1 -2.1412 1.47359 -0.996396</i>
                        <i>1 0 0 0 1 0 0 0 1 -2.1396 1.47359 -0.993697</i>
                        <i>1 0 0 0 1 0 0 0 1 -2.13901 1.47359 -0.992702</i>
                        <i>1 0 0 0 1 0 0 0 1 -2.13901 1.47359 -0.992702</i>
                        <i>1 0 0 0 1 0 0 0 1 -2.13901 1.47359 -0.992702</i>
                        <i>1 0 0 0 1 0 0 0 1 -2.13901 1.47359 -0.992702</i>
                        <i>1 0 0 0 1 0 0 0 1 -2.13901 1.47359 -0.992702</i>
                        <i>1 0 0 0 1 0 0 0 1 -2.13901 1.47359 -0.992702</i>
                        <i>1 0 0 0 1 0 0 0 1 -2.13901 1.47359 -0.992702</i>
                        <i>1 0 0 0 1 0 0 0 1 -2.13901 1.47359 -0.992702</i>
                        <i>1 0 0 0 1 0 0 0 1 -2.13901 1.47359 -0.992702</i>
                        <i>1 0 0 0 1 0 0 0 1 -2.13901 1.47359 -0.992702</i>
                        <i>1 0 0 0 1 0 0 0 1 -2.13901 1.47359 -0.992702</i>
                        <i>1 0 0 0 1 0 0 0 1 -2.13901 1.47359 -0.992702</i>
                        <i>1 0 0 0 1 0 0 0 1 -2.13901 1.47359 -0.992702</i>
                        <i>1 0 0 0 1 0 0 0 1 -2.13901 1.47359 -0.992702</i>
                        <i>1 0 0 0 1 0 0 0 1 -2.13901 1.47359 -0.992702</i>
                        <i>1 0 0 0 1 0 0 0 1 -2.13901 1.47359 -0.992702</i>
                        <i>1 0 0 0 1 0 0 0 1 -2.13901 1.47359 -0.992702</i>
                        <i>1 0 0 0 1 0 0 0 1 -2.13901 1.47359 -0.992702</i>
                        <i>1 0 0 0 1 0 0 0 1 -2.13901 1.47359 -0.992702</i>
                        <i>1 0 0 0 1 0 0 0 1 -2.13901 1.47359 -0.992702</i>
                        <i>1 0 0 0 1 0 0 0 1 -2.13901 1.47359 -0.992702</i>
                        <i>1 0 0 0 1 0 0 0 1 -2.13901 1.47359 -0.992702</i>
                        <i>1 0 0 0 1 0 0 0 1 -2.13901 1.47359 -0.992702</i>
                        <i>1 0 0 0 1 0 0 0 1 -2.13901 1.47359 -0.992702</i>
                        <i>1 0 0 0 1 0 0 0 1 -2.13901 1.47359 -0.992702</i>
                        <i>1 0 0 0 1 0 0 0 1 -2.13901 1.47359 -0.992702</i>
                        <i>1 0 0 0 1 0 0 0 1 -2.13901 1.47359 -0.992702</i>
                        <i>1 0 0 0 1 0 0 0 1 -2.13986 1.47359 -0.994138</i>
                        <i>1 0 0 0 1 0 0 0 1 -2.14199 1.47359 -0.997718</i>
                        <i>1 0 0 0 1 0 0 0 1 -2.14474 1.47359 -1.00236</i>
                        <i>1 0 0 0 1 0 0 0 1 -2.14748 1.47359 -1.00697</i>
                        <i>1 0 0 0 1 0 0 0 1 -2.14955 1.47359 -1.01046</i>
                        <i>1 0 0 0 1 0 0 0 1 -2.15095 1.47391 -1.01282</i>
                        <i>1 0 0 0 1 0 0 0 1 -2.15214 1.47475 -1.01482</i>
                        <i>1 0 0 0 1 0 0 0 1 -2.15317 1.47597 -1.01655</i>
                        <i>1 0 0 0 1 0 0 0 1 -2.15409 1.47741 -1.01809</i>
                        <i>1 0 0 0 1 0 0 0 1 -2.15495 1.47893 -1.01954</i>
                        <i>1 0 0 0 1 0 0 0 1 -2.15581 1.48038 -1.02099</i>
                        <i>1 0 0 0 1 0 0 0 1 -2.15613 1.48108 -1.02153</i>
                        <i>1 0 0 0 1 0 0 0 1 -2.15692 1.48284 -1.02287</i>
                        <i>1 0 0 0 1 0 0 0 1 -2.15795 1.48512 -1.0246</i>
                        <i>1 0 0 0 1 0 0 0 1 -2.15899 1.4874 -1.02634</i>
                        <i>1 0 0 0 1 0 0 0 1 -2.15978 1.48916 -1.02768</i>
                        <i>1 0 0 0 1 0 0 0 1 -2.1601 1.48986 -1.02821</i>
                        <i>1 0 0 0 1 0 0 0 1 -2.1601 1.48986 -1.02821</i>
                        <i>1 0 0 0 1 0 0 0 1 -2.1601 1.48986 -1.02821</i>
                        <i>1 0 0 0 1 0 0 0 1 -2.1601 1.48986 -1.02821</i>
                        <i>1 0 0 0 1 0 0 0 1 -2.1601 1.48986 -1.02821</i>
                        <i>1 0 0 0 1 0 0 0 1 -2.1601 1.48986 -1.02821</i>
                        <i>1 0 0 0 1 0 0 0 1 -2.1601 1.48986 -1.02821</i>
                        <i>1 0 0 0 1 0 0 0 1 -2.1601 1.48986 -1.02821</i>
                        <i>1 0 0 0 1 0 0 0 1 -2.1601 1.48986 -1.02821</i>
                        <i>1 0 0 0 1 0 0 0 1 -2.1601 1.48986 -1.02821</i>
                        <i>1 0 0 0 1 0 0 0 1 -2.1601 1.48986 -1.02821</i>
                        <i>1 0 0 0 1 0 0 0 1 -2.1601 1.48986 -1.02821</i>
                        <i>1 0 0 0 1 0 0 0 1 -2.1601 1.48986 -1.02821</i>
                        <i>1 0 0 0 1 0 0 0 1 -2.1601 1.48986 -1.02821</i>
                        <i>1 0 0 0 1 0 0 0 1 -2.1601 1.48986 -1.02821</i>
                        <i>1 0 0 0 1 0 0 0 1 -2.1601 1.48986 -1.02821</i>
                        <i>1 0 0 0 1 0 0 0 1 -2.1601 1.48986 -1.02821</i>
                        <i>1 0 0 0 1 0 0 0 1 -2.1601 1.48986 -1.02821</i>
                        <i>1 0 0 0 1 0 0 0 1 -2.1601 1.48986 -1.02821</i>
                        <i>1 0 0 0 1 0 0 0 1 -2.1601 1.48986 -1.02821</i>
                        <i>1 0 0 0 1 0 0 0 1 -2.1601 1.48986 -1.02821</i>
                        <i>1 0 0 0 1 0 0 0 1 -2.1601 1.48986 -1.02821</i>
                        <i>1 0 0 0 1 0 0 0 1 -2.1601 1.48986 -1.02821</i>
                        <i>1 0 0 0 1 0 0 0 1 -2.1601 1.48986 -1.02821</i>
                        <i>1 0 0 0 1 0 0 0 1 -2.1601 1.48986 -1.02821</i>
                        <i>1 0 0 0 1 0 0 0 1 -2.1601 1.48986 -1.02821</i>
                        <i>1 0 0 0 1 0 0 0 1 -2.1601 1.48986 -1.02821</i>
                        <i>1 0 0 0 1 0 0 0 1 -2.1601 1.48986 -1.02821</i>
                    </KeyFrames>
                </p>
            </i>
            <i>
                <p>
                    <Name><![CDATA[spine0]]></Name>
                    <Exclude>0</Exclude>
                    <Additive>0</Additive>
                    <IKPriority>0</IKPriority>
                    <IKRotLimits>-1e+010 -1e+010 -1e+010 1e+010 1e+010 1e+010</IKRotLimits>
                    <IKRotLimitOrder>0</IKRotLimitOrder>
                    <KeyFrames count="90">
                        <i>0.134741 0.956755 0.257806 -0.853949 -0.0198494 0.519978 0.502609 -0.290215 0.814346 -2.18248 1.63064 -1.04763</i>
                        <i>0.134276 0.95714 0.256619 -0.853936 -0.0196214 0.520008 0.502756 -0.288961 0.814701 -2.18248 1.63413 -1.04763</i>
                        <i>0.133117 0.958116 0.253563 -0.8539 -0.0190025 0.52009 0.503125 -0.28575 0.815606 -2.18248 1.64163 -1.04763</i>
                        <i>0.131619 0.959414 0.249401 -0.853847 -0.0180929 0.52021 0.503609 -0.28142 0.816811 -2.18248 1.64868 -1.04763</i>
                        <i>0.130122 0.960784 0.244874 -0.853781 -0.0169915 0.520354 0.504109 -0.276778 0.818088 -2.18248 1.65082 -1.04763</i>
                        <i>0.128939 0.962007 0.240661 -0.853709 -0.0157904 0.520511 0.504536 -0.272569 0.819238 -2.18248 1.64587 -1.04763</i>
                        <i>0.128354 0.9629 0.237381 -0.853634 -0.0145705 0.52067 0.504812 -0.269466 0.820093 -2.18248 1.63669 -1.04763</i>
                        <i>0.12864 0.963297 0.235608 -0.85356 -0.0134 0.520822 0.504863 -0.268104 0.820508 -2.18248 1.62633 -1.04763</i>
                        <i>0.130087 0.963024 0.23593 -0.853493 -0.0123378 0.520958 0.504606 -0.269134 0.820329 -2.18248 1.61787 -1.04763</i>
                        <i>0.133045 0.961856 0.239025 -0.853435 -0.0114412 0.521073 0.503932 -0.273319 0.819359 -2.18248 1.61437 -1.04763</i>
                        <i>0.12886 0.963673 0.233942 -0.85336 -0.0124117 0.521174 0.505145 -0.266795 0.820761 -2.18272 1.61408 -1.04771</i>
                        <i>0.111324 0.970789 0.212544 -0.853184 -0.0163074 0.521356 0.509593 -0.239379 0.826446 -2.18337 1.61323 -1.04794</i>
                        <i>0.0844038 0.980091 0.179716 -0.85278 -0.0222399 0.521796 0.515405 -0.197299 0.833925 -2.1843 1.6118 -1.04823</i>
                        <i>0.0516724 0.988816 0.139903 -0.852042 -0.0294219 0.522647 0.520917 -0.14621 0.840992 -2.18538 1.60979 -1.04853</i>
                        <i>0.0161701 0.99516 0.0969283 -0.850927 -0.0372075 0.523964 0.525035 -0.0909515 0.846207 -2.18649 1.60725 -1.04876</i>
                        <i>-0.0194797 0.998347 0.0540659 -0.849478 -0.0450443 0.525697 0.527264 -0.0356874 0.848952 -2.18751 1.60436 -1.04888</i>
                        <i>-0.0527132 0.998506 0.0144085 -0.847829 -0.0523731 0.527677 0.527643 0.0155995 0.849323 -2.18836 1.60141 -1.04887</i>
                        <i>-0.0806583 0.996566 -0.0187107 -0.84622 -0.0585464 0.529608 0.526694 0.0585505 0.848036 -2.189 1.59876 -1.04879</i>
                        <i>-0.100012 0.994119 -0.0415336 -0.844987 -0.0628206 0.531085 0.525352 0.0882104 0.8463 -2.18939 1.59685 -1.04868</i>
                        <i>-0.107238 0.992974 -0.0500339 -0.844502 -0.0644143 0.531665 0.524707 0.0992687 0.845475 -2.18953 1.59613 -1.04863</i>
                        <i>-0.106715 0.993067 -0.049293 -0.84451 -0.0643615 0.531658 0.524799 0.0983645 0.845524 -2.18953 1.59613 -1.04863</i>
                        <i>-0.105474 0.993286 -0.0475314 -0.844531 -0.0642373 0.53164 0.525017 0.0962157 0.845635 -2.18953 1.59613 -1.04863</i>
                        <i>-0.104001 0.993539 -0.0454388 -0.844555 -0.0640922 0.53162 0.525273 0.0936644 0.845763 -2.18953 1.59613 -1.04863</i>
                        <i>-0.102775 0.993744 -0.0436942 -0.844574 -0.0639731 0.531603 0.525483 0.0915384 0.845866 -2.18953 1.59613 -1.04863</i>
                        <i>-0.102263 0.993829 -0.042965 -0.844582 -0.0639239 0.531596 0.525569 0.0906501 0.845907 -2.18953 1.59613 -1.04863</i>
                        <i>-0.102775 0.993744 -0.0436942 -0.844574 -0.0639731 0.531603 0.525483 0.0915384 0.845866 -2.18953 1.59613 -1.04863</i>
                        <i>-0.104001 0.993539 -0.0454388 -0.844555 -0.0640922 0.53162 0.525273 0.0936644 0.845763 -2.18953 1.59613 -1.04863</i>
                        <i>-0.105474 0.993286 -0.0475314 -0.844531 -0.0642373 0.53164 0.525017 0.0962157 0.845635 -2.18953 1.59613 -1.04863</i>
                        <i>-0.106715 0.993067 -0.049293 -0.84451 -0.0643615 0.531658 0.524799 0.0983645 0.845524 -2.18953 1.59613 -1.04863</i>
                        <i>-0.107238 0.992974 -0.0500339 -0.844502 -0.0644143 0.531665 0.524707 0.0992687 0.845475 -2.18953 1.59613 -1.04863</i>
                        <i>-0.109247 0.992659 -0.0518972 -0.844384 -0.0651272 0.531765 0.524481 0.101915 0.8453 -2.18953 1.59613 -1.04863</i>
                        <i>-0.111856 0.992254 -0.0540407 -0.844207 -0.0661977 0.531914 0.524217 0.10512 0.845072 -2.18953 1.59613 -1.04863</i>
                        <i>-0.109478 0.992436 -0.0555404 -0.844663 -0.0634302 0.531527 0.523984 0.105103 0.845219 -2.18953 1.59613 -1.04863</i>
                        <i>-0.104285 0.992861 -0.0578894 -0.845559 -0.0578681 0.530736 0.523597 0.104297 0.845558 -2.18953 1.59613 -1.04863</i>
                        <i>-0.101181 0.993097 -0.0593366 -0.846086 -0.0545209 0.530252 0.523356 0.103855 0.845761 -2.18953 1.59613 -1.04863</i>
                        <i>-0.101675 0.993064 -0.0590496 -0.845998 -0.0550831 0.530333 0.523402 0.103878 0.84573 -2.18953 1.59613 -1.04863</i>
                        <i>-0.102948 0.992976 -0.0583115 -0.845771 -0.0565308 0.530543 0.52352 0.103937 0.84565 -2.18953 1.59613 -1.04863</i>
                        <i>-0.104686 0.992853 -0.0573074 -0.845458 -0.0585053 0.530827 0.523681 0.104021 0.84554 -2.18953 1.59613 -1.04863</i>
                        <i>-0.106575 0.992714 -0.0562202 -0.845115 -0.0606498 0.531134 0.523854 0.104118 0.845421 -2.18953 1.59613 -1.04863</i>
                        <i>-0.108306 0.992582 -0.0552288 -0.844797 -0.0626116 0.531412 0.524012 0.104212 0.845311 -2.18953 1.59613 -1.04863</i>
                        <i>-0.109569 0.992484 -0.0545076 -0.844563 -0.0640423 0.531613 0.524126 0.104283 0.845232 -2.18953 1.59613 -1.04863</i>
                        <i>-0.110058 0.992445 -0.0542289 -0.844472 -0.0645961 0.531691 0.524171 0.104312 0.845201 -2.18953 1.59613 -1.04863</i>
                        <i>-0.108677 0.992553 -0.0550164 -0.844728 -0.0630326 0.531471 0.524046 0.104233 0.845288 -2.18953 1.59613 -1.04863</i>
                        <i>-0.105631 0.992784 -0.0567629 -0.845287 -0.0595785 0.530981 0.523767 0.104069 0.845481 -2.18953 1.59613 -1.04863</i>
                        <i>-0.102574 0.993002 -0.0585282 -0.845838 -0.0561055 0.530482 0.523485 0.103919 0.845674 -2.18953 1.59613 -1.04863</i>
                        <i>-0.101181 0.993097 -0.0593366 -0.846086 -0.0545209 0.530252 0.523356 0.103855 0.845761 -2.18953 1.59613 -1.04863</i>
                        <i>-0.0914613 0.994743 -0.0460559 -0.846524 -0.0533097 0.529675 0.524435 0.0874321 0.84695 -2.18933 1.59717 -1.0487</i>
                        <i>-0.067336 0.997634 -0.0138499 -0.847624 -0.0498774 0.528249 0.526308 0.0473096 0.848977 -2.18879 1.59966 -1.04883</i>
                        <i>-0.0365388 0.998976 0.0266855 -0.848959 -0.0451169 0.526529 0.527193 -0.00341616 0.849738 -2.18802 1.60266 -1.04889</i>
                        <i>-0.00652918 0.997757 0.066625 -0.850126 -0.0406205 0.52501 0.526538 -0.0532118 0.848485 -2.18718 1.60537 -1.04885</i>
                        <i>0.0161701 0.99516 0.0969283 -0.850927 -0.0372075 0.523964 0.525035 -0.0909515 0.846207 -2.18649 1.60725 -1.04876</i>
                        <i>0.0339111 0.992066 0.121056 -0.851434 -0.0347527 0.523309 0.523365 -0.120818 0.8435 -2.186 1.60875 -1.04867</i>
                        <i>0.0509137 0.98799 0.14589 -0.851821 -0.033298 0.522773 0.521352 -0.150889 0.839895 -2.18558 1.61054 -1.04857</i>
                        <i>0.0650413 0.983701 0.167635 -0.85214 -0.0326631 0.522294 0.519257 -0.176819 0.836126 -2.1852 1.61253 -1.04848</i>
                        <i>0.0752073 0.980189 0.183229 -0.852428 -0.0321472 0.521856 0.517408 -0.195437 0.833123 -2.18486 1.61464 -1.04839</i>
                        <i>0.0803099 0.979109 0.186804 -0.852694 -0.02957 0.521574 0.516201 -0.201174 0.832505 -2.18453 1.61675 -1.0483</i>
                        <i>0.0856049 0.977989 0.190288 -0.852924 -0.0267811 0.521348 0.514969 -0.206931 0.831858 -2.1842 1.61876 -1.0482</i>
                        <i>0.0881796 0.976969 0.194307 -0.853016 -0.026669 0.521203 0.514381 -0.211707 0.831019 -2.18408 1.61966 -1.04816</i>
                        <i>0.0945744 0.974248 0.204687 -0.853255 -0.0265928 0.520815 0.512846 -0.223906 0.828767 -2.18377 1.62191 -1.04807</i>
                        <i>0.102843 0.97031 0.218909 -0.853593 -0.0268984 0.520245 0.510688 -0.240363 0.825484 -2.18335 1.62479 -1.04793</i>
                        <i>0.111127 0.965871 0.233974 -0.85397 -0.0276133 0.519589 0.508317 -0.257547 0.821756 -2.18294 1.62763 -1.04779</i>
                        <i>0.117551 0.962078 0.246144 -0.854291 -0.028408 0.519018 0.506329 -0.27129 0.818555 -2.18261 1.62978 -1.04767</i>
                        <i>0.12014 0.960462 0.251154 -0.854428 -0.0287793 0.518773 0.50549 -0.276918 0.817188 -2.18248 1.63064 -1.04763</i>
                        <i>0.119639 0.960657 0.25065 -0.854436 -0.0289397 0.518751 0.505595 -0.276227 0.817357 -2.18248 1.63064 -1.04763</i>
                        <i>0.118357 0.961151 0.249359 -0.854456 -0.0293507 0.518694 0.505862 -0.274457 0.817788 -2.18248 1.63064 -1.04763</i>
                        <i>0.116625 0.961813 0.247617 -0.854483 -0.0299068 0.518618 0.506219 -0.272068 0.818365 -2.18248 1.63064 -1.04763</i>
                        <i>0.114766 0.962515 0.245751 -0.854512 -0.0305049 0.518535 0.506594 -0.269507 0.81898 -2.18248 1.63064 -1.04763</i>
                        <i>0.113086 0.963142 0.244066 -0.854538 -0.0310466 0.51846 0.506928 -0.267194 0.819531 -2.18248 1.63064 -1.04763</i>
                        <i>0.111873 0.963591 0.242852 -0.854557 -0.0314384 0.518406 0.507166 -0.265527 0.819926 -2.18248 1.63064 -1.04763</i>
                        <i>0.111407 0.963762 0.242385 -0.854564 -0.0315893 0.518385 0.507257 -0.264885 0.820077 -2.18248 1.63064 -1.04763</i>
                        <i>0.111769 0.963629 0.242747 -0.854558 -0.0314723 0.518401 0.507186 -0.265383 0.81996 -2.18248 1.63064 -1.04763</i>
                        <i>0.112728 0.963275 0.243708 -0.854544 -0.0311622 0.518444 0.506999 -0.266702 0.819648 -2.18248 1.63064 -1.04763</i>
                        <i>0.114099 0.962765 0.245082 -0.854522 -0.0307198 0.518505 0.506728 -0.268589 0.819199 -2.18248 1.63064 -1.04763</i>
                        <i>0.115692 0.962167 0.24668 -0.854498 -0.0302069 0.518576 0.506408 -0.270782 0.818674 -2.18248 1.63064 -1.04763</i>
                        <i>0.117306 0.961554 0.248302 -0.854472 -0.0296879 0.518648 0.506079 -0.273008 0.818138 -2.18248 1.63064 -1.04763</i>
                        <i>0.118732 0.961007 0.249737 -0.85445 -0.0292302 0.518711 0.505784 -0.274975 0.817662 -2.18248 1.63064 -1.04763</i>
                        <i>0.119751 0.960613 0.250763 -0.854434 -0.0289038 0.518756 0.505572 -0.276382 0.817319 -2.18248 1.63064 -1.04763</i>
                        <i>0.12014 0.960462 0.251154 -0.854428 -0.0287793 0.518773 0.50549 -0.276918 0.817188 -2.18248 1.63064 -1.04763</i>
                        <i>0.121932 0.959975 0.252153 -0.854378 -0.0277802 0.51891 0.505145 -0.278705 0.816794 -2.18248 1.63064 -1.04763</i>
                        <i>0.124151 0.959438 0.253113 -0.854307 -0.0263984 0.519098 0.504724 -0.280682 0.816377 -2.18248 1.63064 -1.04763</i>
                        <i>0.126587 0.958864 0.254079 -0.854225 -0.0248339 0.51931 0.504258 -0.282778 0.815942 -2.18248 1.63064 -1.04763</i>
                        <i>0.129043 0.958274 0.255067 -0.85414 -0.0232631 0.519522 0.503778 -0.284904 0.815498 -2.18248 1.63064 -1.04763</i>
                        <i>0.131333 0.957698 0.256058 -0.854061 -0.0218336 0.519714 0.50332 -0.286945 0.815066 -2.18248 1.63064 -1.04763</i>
                        <i>0.133286 0.957177 0.256997 -0.853996 -0.020664 0.51987 0.502918 -0.288766 0.814671 -2.18248 1.63064 -1.04763</i>
                        <i>0.134741 0.956755 0.257806 -0.853949 -0.0198494 0.519978 0.502609 -0.290215 0.814346 -2.18248 1.63064 -1.04763</i>
                        <i>0.135478 0.956527 0.258267 -0.853927 -0.0194643 0.520029 0.502448 -0.290994 0.814167 -2.18248 1.63064 -1.04763</i>
                        <i>0.13557 0.956498 0.258325 -0.853924 -0.0194169 0.520035 0.502428 -0.291091 0.814145 -2.18248 1.63064 -1.04763</i>
                        <i>0.135294 0.956584 0.258151 -0.853932 -0.0195597 0.520016 0.502489 -0.290798 0.814212 -2.18248 1.63064 -1.04763</i>
                        <i>0.134926 0.956699 0.25792 -0.853944 -0.0197522 0.519991 0.502569 -0.290409 0.814302 -2.18248 1.63064 -1.04763</i>
                        <i>0.134741 0.956755 0.257806 -0.853949 -0.0198494 0.519978 0.502609 -0.290215 0.814346 -2.18248 1.63064 -1.04763</i>
                    </KeyFrames>
                </p>
            </i>
            <i>
                <p>
                    <Name><![CDATA[spine1]]></Name>
                    <Exclude>0</Exclude>
                    <Additive>0</Additive>
                    <IKPriority>0</IKPriority>
                    <IKRotLimits>-1e+010 -1e+010 -1e+010 1e+010 1e+010 1e+010</IKRotLimits>
                    <IKRotLimitOrder>0</IKRotLimitOrder>
                    <KeyFrames count="90">
                        <i>0.400484 0.733815 0.548751 -0.817612 0.0158163 0.575552 0.413669 -0.679165 0.60631 -2.1579 1.80546 -1.00058</i>
                        <i>0.400224 0.734332 0.54825 -0.81757 0.0158414 0.575611 0.414004 -0.678606 0.606708 -2.15797 1.80911 -1.00077</i>
                        <i>0.399552 0.735677 0.546935 -0.817447 0.0158985 0.575784 0.414896 -0.677146 0.607729 -2.15815 1.81701 -1.00128</i>
                        <i>0.39863 0.737545 0.545088 -0.817242 0.0159528 0.576074 0.416185 -0.675109 0.609112 -2.15839 1.82461 -1.00196</i>
                        <i>0.397628 0.739623 0.543001 -0.81696 0.0159817 0.576473 0.417694 -0.672832 0.610597 -2.15862 1.82734 -1.0027</i>
                        <i>0.39673 0.741576 0.540989 -0.816627 0.0159932 0.576944 0.419196 -0.670678 0.611937 -2.15879 1.82294 -1.0034</i>
                        <i>0.396139 0.743057 0.539388 -0.816291 0.0160317 0.577418 0.420408 -0.669035 0.612902 -2.15887 1.81417 -1.00394</i>
                        <i>0.396067 0.743707 0.538545 -0.81602 0.0161745 0.577797 0.421001 -0.66831 0.613286 -2.1588 1.804 -1.00424</i>
                        <i>0.396718 0.743172 0.538804 -0.815897 0.0165154 0.577961 0.420626 -0.668896 0.612904 -2.15854 1.7954 -1.0042</i>
                        <i>0.398273 0.741123 0.540477 -0.815998 0.0171389 0.5778 0.418958 -0.671151 0.611581 -2.15805 1.79133 -1.00372</i>
                        <i>0.388025 0.754533 0.52926 -0.816984 0.0157994 0.576444 0.426584 -0.656071 0.622572 -2.15918 1.79047 -1.00495</i>
                        <i>0.355481 0.79407 0.493038 -0.819212 0.0107176 0.573391 0.450028 -0.607732 0.654321 -2.16321 1.78938 -1.00942</i>
                        <i>0.303516 0.847959 0.434562 -0.822169 0.0025626 0.569237 0.481576 -0.530056 0.697944 -2.16918 1.78776 -1.01601</i>
                        <i>0.235747 0.903686 0.357455 -0.8253 -0.00804503 0.564637 0.51313 -0.428119 0.743916 -2.17623 1.78541 -1.02371</i>
                        <i>0.157672 0.950509 0.267718 -0.828109 -0.020415 0.560195 0.537935 -0.310026 0.783906 -2.18366 1.78237 -1.03172</i>
                        <i>0.0766632 0.98179 0.173813 -0.830243 -0.0336708 0.556383 0.552104 -0.186961 0.812543 -2.19092 1.77888 -1.03944</i>
                        <i>0.00100351 0.996335 0.0855271 -0.831549 -0.0466746 0.553486 0.55545 -0.0716754 0.828455 -2.19755 1.77529 -1.04638</i>
                        <i>-0.061325 0.99804 0.0124523 -0.832105 -0.0580109 0.551576 0.551218 0.0234638 0.834031 -2.20303 1.77205 -1.05205</i>
                        <i>-0.1033 0.993965 -0.0369084 -0.832187 -0.0660436 0.550548 0.544788 0.0875862 0.833987 -2.20679 1.76969 -1.05592</i>
                        <i>-0.118661 0.99141 -0.0549992 -0.832152 -0.0690749 0.550229 0.541703 0.111058 0.833201 -2.20818 1.76879 -1.05734</i>
                        <i>-0.118384 0.991464 -0.0546377 -0.832259 -0.0690611 0.550068 0.541599 0.110592 0.833331 -2.20809 1.76882 -1.05722</i>
                        <i>-0.117722 0.99159 -0.0537736 -0.832517 -0.0690278 0.549683 0.541348 0.109477 0.833641 -2.20788 1.76892 -1.05691</i>
                        <i>-0.11693 0.991739 -0.0527383 -0.832826 -0.068987 0.549219 0.541044 0.108142 0.834013 -2.20763 1.76902 -1.05655</i>
                        <i>-0.116263 0.991863 -0.0518674 -0.833087 -0.068952 0.548828 0.540786 0.107018 0.834325 -2.20743 1.76912 -1.05625</i>
                        <i>-0.115983 0.991915 -0.0515013 -0.833197 -0.0689371 0.548663 0.540676 0.106546 0.834456 -2.20734 1.76915 -1.05613</i>
                        <i>-0.116263 0.991863 -0.0518674 -0.833087 -0.068952 0.548828 0.540786 0.107018 0.834325 -2.20743 1.76912 -1.05625</i>
                        <i>-0.11693 0.991739 -0.0527383 -0.832826 -0.068987 0.549219 0.541044 0.108142 0.834013 -2.20763 1.76902 -1.05655</i>
                        <i>-0.117722 0.99159 -0.0537736 -0.832517 -0.0690278 0.549683 0.541348 0.109477 0.833641 -2.20788 1.76892 -1.05691</i>
                        <i>-0.118384 0.991464 -0.0546377 -0.832259 -0.0690611 0.550068 0.541599 0.110592 0.833331 -2.20809 1.76882 -1.05722</i>
                        <i>-0.118661 0.99141 -0.0549992 -0.832152 -0.0690749 0.550229 0.541703 0.111058 0.833201 -2.20818 1.76879 -1.05734</i>
                        <i>-0.109333 0.991729 -0.0672232 -0.833944 -0.0547156 0.54913 0.54091 0.116098 0.833029 -2.20806 1.76458 -1.05743</i>
                        <i>-0.0813487 0.992215 -0.0942996 -0.838471 -0.0169775 0.544681 0.53884 0.123377 0.833325 -2.20804 1.76049 -1.05755</i>
                        <i>-0.0403033 0.991564 -0.12319 -0.843285 0.0323762 0.536491 0.535953 0.125507 0.834867 -2.20793 1.76305 -1.05796</i>
                        <i>-0.00405512 0.989262 -0.146099 -0.845889 0.0745291 0.528126 0.533344 0.125725 0.836503 -2.20755 1.76763 -1.05864</i>
                        <i>0.0114 0.987783 -0.155415 -0.846539 0.0922572 0.524271 0.532204 0.125588 0.837249 -2.20726 1.77009 -1.05905</i>
                        <i>0.011172 0.987808 -0.155275 -0.846498 0.0920019 0.524382 0.532274 0.125581 0.837206 -2.20735 1.77009 -1.059</i>
                        <i>0.010583 0.987872 -0.154912 -0.846392 0.0913427 0.524669 0.532455 0.125564 0.837093 -2.20758 1.7701 -1.05887</i>
                        <i>0.00977593 0.987958 -0.154415 -0.846246 0.0904392 0.52506 0.532702 0.12554 0.83694 -2.20789 1.77012 -1.05869</i>
                        <i>0.00889414 0.988051 -0.153872 -0.846087 0.0894518 0.525486 0.532971 0.125516 0.836772 -2.20822 1.77015 -1.05851</i>
                        <i>0.00808251 0.988135 -0.153372 -0.84594 0.0885428 0.525876 0.533217 0.125493 0.836619 -2.20853 1.77017 -1.05834</i>
                        <i>0.0074875 0.988197 -0.153006 -0.845832 0.0878763 0.526162 0.533397 0.125478 0.836506 -2.20876 1.77018 -1.05821</i>
                        <i>0.00725648 0.988221 -0.152864 -0.84579 0.0876175 0.526273 0.533467 0.125472 0.836463 -2.20884 1.77019 -1.05816</i>
                        <i>0.00790771 0.988154 -0.153265 -0.845908 0.088347 0.52596 0.53327 0.125489 0.836586 -2.2086 1.77017 -1.0583</i>
                        <i>0.00933537 0.988004 -0.154144 -0.846167 0.0899459 0.525273 0.532837 0.125528 0.836856 -2.20805 1.77014 -1.0586</i>
                        <i>0.0107563 0.987853 -0.155019 -0.846423 0.0915367 0.524584 0.532402 0.125569 0.837126 -2.20751 1.7701 -1.05891</i>
                        <i>0.0114 0.987783 -0.155415 -0.846539 0.0922572 0.524271 0.532204 0.125588 0.837249 -2.20726 1.77009 -1.05905</i>
                        <i>0.0209666 0.992586 -0.119725 -0.845607 0.0814947 0.527549 0.533394 0.0901797 0.841046 -2.20534 1.77114 -1.05677</i>
                        <i>0.0459962 0.998477 -0.030481 -0.842482 0.0551695 0.535893 0.536758 0.00103063 0.843736 -2.20055 1.77374 -1.05126</i>
                        <i>0.0807681 0.99317 0.0841954 -0.837182 0.0217541 0.546492 0.540928 -0.114626 0.833221 -2.19441 1.77703 -1.04425</i>
                        <i>0.119594 0.973761 0.193615 -0.83141 -0.00835943 0.555596 0.542636 -0.22742 0.808595 -2.18833 1.78016 -1.0372</i>
                        <i>0.157672 0.950509 0.267718 -0.828109 -0.020415 0.560195 0.537935 -0.310026 0.783906 -2.18366 1.78237 -1.03172</i>
                        <i>0.198332 0.926249 0.320511 -0.827006 -0.017362 0.561925 0.526047 -0.376512 0.76257 -2.1801 1.78156 -1.02759</i>
                        <i>0.242594 0.893502 0.377893 -0.825947 -0.0141014 0.563571 0.50888 -0.448838 0.734565 -2.17694 1.77797 -1.02384</i>
                        <i>0.28309 0.857372 0.429852 -0.824973 -0.0109095 0.565067 0.489162 -0.514581 0.70422 -2.17446 1.7746 -1.02083</i>
                        <i>0.311559 0.82879 0.464799 -0.82408 -0.00786846 0.566418 0.473099 -0.559504 0.680538 -2.17258 1.77431 -1.0185</i>
                        <i>0.309421 0.834873 0.455242 -0.823153 -0.00453467 0.567801 0.476106 -0.550424 0.685826 -2.17079 1.78431 -1.01633</i>
                        <i>0.306289 0.840858 0.446257 -0.822345 -0.0024229 0.568983 0.479516 -0.54125 0.690734 -2.16886 1.7943 -1.01409</i>
                        <i>0.313177 0.834101 0.454088 -0.820111 -0.00358002 0.572194 0.478893 -0.5516 0.682934 -2.16825 1.7953 -1.01328</i>
                        <i>0.330071 0.816676 0.473385 -0.814627 -0.00692167 0.579944 0.476903 -0.577055 0.663001 -2.16672 1.79777 -1.01116</i>
                        <i>0.351311 0.792925 0.497846 -0.807751 -0.0121798 0.589398 0.473412 -0.609198 0.636207 -2.16472 1.80092 -1.00825</i>
                        <i>0.371707 0.767987 0.521565 -0.801213 -0.0183992 0.598097 0.468927 -0.640201 0.608482 -2.16268 1.80399 -1.00512</i>
                        <i>0.386802 0.748034 0.539286 -0.796445 -0.0237854 0.604242 0.464821 -0.663234 0.586568 -2.16109 1.80628 -1.00258</i>
                        <i>0.392694 0.739872 0.546243 -0.794608 -0.0260764 0.606563 0.463023 -0.672242 0.577668 -2.16044 1.80718 -1.00153</i>
                        <i>0.39243 0.7402 0.545987 -0.794608 -0.0261357 0.60656 0.463245 -0.671878 0.577913 -2.16053 1.80727 -1.00161</i>
                        <i>0.391747 0.74105 0.545325 -0.794611 -0.026287 0.606549 0.463818 -0.670935 0.578549 -2.16074 1.80751 -1.00181</i>
                        <i>0.390804 0.742219 0.54441 -0.794619 -0.02649 0.606531 0.4646 -0.669634 0.579429 -2.16104 1.80783 -1.00208</i>
                        <i>0.389766 0.743502 0.543403 -0.794632 -0.0267059 0.606504 0.46545 -0.6682 0.580401 -2.16136 1.80818 -1.00237</i>
                        <i>0.388802 0.744689 0.542468 -0.794648 -0.0268995 0.606474 0.466227 -0.66687 0.581307 -2.16164 1.8085 -1.00263</i>
                        <i>0.388092 0.745561 0.541778 -0.794663 -0.0270381 0.606449 0.466793 -0.665889 0.581976 -2.16185 1.80873 -1.00281</i>
                        <i>0.387815 0.745901 0.541509 -0.794669 -0.0270913 0.606438 0.467013 -0.665506 0.582238 -2.16193 1.80882 -1.00289</i>
                        <i>0.38803 0.745637 0.541718 -0.794664 -0.0270501 0.606447 0.466843 -0.665803 0.582035 -2.16187 1.80875 -1.00283</i>
                        <i>0.388594 0.744945 0.542266 -0.794652 -0.0269405 0.606467 0.466393 -0.666582 0.581503 -2.1617 1.80857 -1.00268</i>
                        <i>0.389386 0.74397 0.543035 -0.794638 -0.0267829 0.606493 0.465757 -0.667676 0.580758 -2.16147 1.80831 -1.00247</i>
                        <i>0.390286 0.74286 0.543908 -0.794624 -0.0265986 0.606518 0.465025 -0.668919 0.579913 -2.1612 1.80801 -1.00222</i>
                        <i>0.391178 0.741756 0.544773 -0.794615 -0.0264103 0.606539 0.464291 -0.670149 0.57908 -2.16092 1.8077 -1.00197</i>
                        <i>0.391948 0.7408 0.54552 -0.79461 -0.0262428 0.606553 0.46365 -0.671213 0.578361 -2.16068 1.80744 -1.00175</i>
                        <i>0.392489 0.740126 0.546045 -0.794608 -0.0261224 0.60656 0.463195 -0.67196 0.577858 -2.16051 1.80725 -1.00159</i>
                        <i>0.392694 0.739872 0.546243 -0.794608 -0.0260764 0.606563 0.463023 -0.672242 0.577668 -2.16044 1.80718 -1.00153</i>
                        <i>0.393652 0.739019 0.546707 -0.796504 -0.022704 0.604207 0.458933 -0.673301 0.579695 -2.16013 1.80694 -1.00138</i>
                        <i>0.394839 0.738087 0.54711 -0.799658 -0.0171326 0.600211 0.452381 -0.674488 0.583453 -2.15974 1.80668 -1.00125</i>
                        <i>0.396142 0.737115 0.547479 -0.80357 -0.010161 0.595124 0.444238 -0.675691 0.588298 -2.15932 1.80641 -1.00111</i>
                        <i>0.397455 0.736148 0.547828 -0.807756 -0.00258692 0.589511 0.435385 -0.676816 0.5936 -2.15889 1.80613 -1.00098</i>
                        <i>0.398677 0.735237 0.548163 -0.811766 0.0047945 0.583963 0.426723 -0.677793 0.598752 -2.15849 1.80587 -1.00084</i>
                        <i>0.399716 0.734439 0.548476 -0.815181 0.0111916 0.579098 0.419174 -0.678582 0.603175 -2.15815 1.80564 -1.0007</i>
                        <i>0.400484 0.733815 0.548751 -0.817612 0.0158163 0.575552 0.413669 -0.679165 0.60631 -2.1579 1.80546 -1.00058</i>
                        <i>0.40087 0.733484 0.548912 -0.818769 0.0180407 0.573839 0.410999 -0.679467 0.607786 -2.15777 1.80536 -1.00051</i>
                        <i>0.400918 0.733442 0.548932 -0.818913 0.0183186 0.573625 0.410665 -0.679505 0.60797 -2.15776 1.80535 -1.0005</i>
                        <i>0.400774 0.733567 0.548872 -0.818481 0.0174847 0.574268 0.411667 -0.679392 0.607418 -2.1578 1.80539 -1.00053</i>
                        <i>0.400581 0.733732 0.548791 -0.817902 0.0163725 0.575124 0.413002 -0.679241 0.60668 -2.15787 1.80543 -1.00056</i>
                        <i>0.400484 0.733815 0.548751 -0.817612 0.0158163 0.575552 0.413669 -0.679165 0.60631 -2.1579 1.80546 -1.00058</i>
                    </KeyFrames>
                </p>
            </i>
            <i>
                <p>
                    <Name><![CDATA[spine2]]></Name>
                    <Exclude>0</Exclude>
                    <Additive>0</Additive>
                    <IKPriority>0</IKPriority>
                    <IKRotLimits>-1e+010 -1e+010 -1e+010 1e+010 1e+010 1e+010</IKRotLimits>
