<?xml version="1.0" encoding="ISO-8859-1" ?>
<Animl Version="1">
    <ModellingPackage><![CDATA[Maya.2010]]></ModellingPackage>
    <SrcFile><![CDATA[anims\turrets\mortar\red\~src\mortar_82pm41\mortar_82pm41_aim_low_crewman_b.mb]]></SrcFile>
    <FramesPerSecond>30</FramesPerSecond>
    <TotalFrames>30</TotalFrames>
    <Skeleton>
        <RefFrame>
            <Name><![CDATA[soldier_ref_frame]]></Name>
            <Exclude>0</Exclude>
            <Additive>0</Additive>
            <IKPriority>0</IKPriority>
            <IKRotLimits>-1e+010 -1e+010 -1e+010 1e+010 1e+010 1e+010</IKRotLimits>
            <IKRotLimitOrder>0</IKRotLimitOrder>
            <KeyFrames count="30">
                <i>1 0 0 0 1 0 0 0 1 -2.11 0.92 -0.96</i>
                <i>1 0 0 0 1 0 0 0 1 -2.11 0.92 -0.96</i>
                <i>1 0 0 0 1 0 0 0 1 -2.11 0.92 -0.96</i>
                <i>1 0 0 0 1 0 0 0 1 -2.11 0.92 -0.96</i>
                <i>1 0 0 0 1 0 0 0 1 -2.11 0.92 -0.96</i>
                <i>1 0 0 0 1 0 0 0 1 -2.11 0.92 -0.96</i>
                <i>1 0 0 0 1 0 0 0 1 -2.11 0.92 -0.96</i>
                <i>1 0 0 0 1 0 0 0 1 -2.11 0.92 -0.96</i>
                <i>1 0 0 0 1 0 0 0 1 -2.11 0.92 -0.96</i>
                <i>1 0 0 0 1 0 0 0 1 -2.11 0.92 -0.96</i>
                <i>1 0 0 0 1 0 0 0 1 -2.11 0.92 -0.96</i>
                <i>1 0 0 0 1 0 0 0 1 -2.11 0.92 -0.96</i>
                <i>1 0 0 0 1 0 0 0 1 -2.11 0.92 -0.96</i>
                <i>1 0 0 0 1 0 0 0 1 -2.11 0.92 -0.96</i>
                <i>1 0 0 0 1 0 0 0 1 -2.11 0.92 -0.96</i>
                <i>1 0 0 0 1 0 0 0 1 -2.11 0.92 -0.96</i>
                <i>1 0 0 0 1 0 0 0 1 -2.11 0.92 -0.96</i>
                <i>1 0 0 0 1 0 0 0 1 -2.11 0.92 -0.96</i>
                <i>1 0 0 0 1 0 0 0 1 -2.11 0.92 -0.96</i>
                <i>1 0 0 0 1 0 0 0 1 -2.11 0.92 -0.96</i>
                <i>1 0 0 0 1 0 0 0 1 -2.11 0.92 -0.96</i>
                <i>1 0 0 0 1 0 0 0 1 -2.11 0.92 -0.96</i>
                <i>1 0 0 0 1 0 0 0 1 -2.11 0.92 -0.96</i>
                <i>1 0 0 0 1 0 0 0 1 -2.11 0.92 -0.96</i>
                <i>1 0 0 0 1 0 0 0 1 -2.11 0.92 -0.96</i>
                <i>1 0 0 0 1 0 0 0 1 -2.11 0.92 -0.96</i>
                <i>1 0 0 0 1 0 0 0 1 -2.11 0.92 -0.96</i>
                <i>1 0 0 0 1 0 0 0 1 -2.11 0.92 -0.96</i>
                <i>1 0 0 0 1 0 0 0 1 -2.11 0.92 -0.96</i>
                <i>1 0 0 0 1 0 0 0 1 -2.11 0.92 -0.96</i>
            </KeyFrames>
        </RefFrame>
        <Bones count="23">
            <i>
                <p>
                    <Name><![CDATA[pelvis]]></Name>
                    <Exclude>0</Exclude>
                    <Additive>0</Additive>
                    <IKPriority>0</IKPriority>
                    <IKRotLimits>-1e+010 -1e+010 -1e+010 1e+010 1e+010 1e+010</IKRotLimits>
                    <IKRotLimitOrder>2</IKRotLimitOrder>
                    <KeyFrames count="30">
                        <i>1 0 0 0 1 0 0 0 1 -2.1601 1.48986 -1.02821</i>
                        <i>1 0 0 0 1 0 0 0 1 -2.1601 1.48986 -1.02821</i>
                        <i>1 0 0 0 1 0 0 0 1 -2.1601 1.48986 -1.02821</i>
                        <i>1 0 0 0 1 0 0 0 1 -2.1601 1.48986 -1.02821</i>
                        <i>1 0 0 0 1 0 0 0 1 -2.1601 1.48986 -1.02821</i>
                        <i>1 0 0 0 1 0 0 0 1 -2.1601 1.48986 -1.02821</i>
                        <i>1 0 0 0 1 0 0 0 1 -2.1601 1.48986 -1.02821</i>
                        <i>1 0 0 0 1 0 0 0 1 -2.1601 1.48986 -1.02821</i>
                        <i>1 0 0 0 1 0 0 0 1 -2.1601 1.48986 -1.02821</i>
                        <i>1 0 0 0 1 0 0 0 1 -2.1601 1.48986 -1.02821</i>
                        <i>1 0 0 0 1 0 0 0 1 -2.1601 1.48986 -1.02821</i>
                        <i>1 0 0 0 1 0 0 0 1 -2.1601 1.48986 -1.02821</i>
                        <i>1 0 0 0 1 0 0 0 1 -2.1601 1.48986 -1.02821</i>
                        <i>1 0 0 0 1 0 0 0 1 -2.1601 1.48986 -1.02821</i>
                        <i>1 0 0 0 1 0 0 0 1 -2.1601 1.48986 -1.02821</i>
                        <i>1 0 0 0 1 0 0 0 1 -2.1601 1.48986 -1.02821</i>
                        <i>1 0 0 0 1 0 0 0 1 -2.1601 1.48986 -1.02821</i>
                        <i>1 0 0 0 1 0 0 0 1 -2.1601 1.48986 -1.02821</i>
                        <i>1 0 0 0 1 0 0 0 1 -2.1601 1.48986 -1.02821</i>
                        <i>1 0 0 0 1 0 0 0 1 -2.1601 1.48986 -1.02821</i>
                        <i>1 0 0 0 1 0 0 0 1 -2.1601 1.48986 -1.02821</i>
                        <i>1 0 0 0 1 0 0 0 1 -2.1601 1.48986 -1.02821</i>
                        <i>1 0 0 0 1 0 0 0 1 -2.1601 1.48986 -1.02821</i>
                        <i>1 0 0 0 1 0 0 0 1 -2.1601 1.48986 -1.02821</i>
                        <i>1 0 0 0 1 0 0 0 1 -2.1601 1.48986 -1.02821</i>
                        <i>1 0 0 0 1 0 0 0 1 -2.1601 1.48986 -1.02821</i>
                        <i>1 0 0 0 1 0 0 0 1 -2.1601 1.48986 -1.02821</i>
                        <i>1 0 0 0 1 0 0 0 1 -2.1601 1.48986 -1.02821</i>
                        <i>1 0 0 0 1 0 0 0 1 -2.1601 1.48986 -1.02821</i>
                        <i>1 0 0 0 1 0 0 0 1 -2.1601 1.48986 -1.02821</i>
                    </KeyFrames>
                </p>
            </i>
            <i>
                <p>
                    <Name><![CDATA[spine0]]></Name>
                    <Exclude>0</Exclude>
                    <Additive>0</Additive>
                    <IKPriority>0</IKPriority>
                    <IKRotLimits>-1e+010 -1e+010 -1e+010 1e+010 1e+010 1e+010</IKRotLimits>
                    <IKRotLimitOrder>0</IKRotLimitOrder>
                    <KeyFrames count="30">
                        <i>0.134741 0.956755 0.257806 -0.853949 -0.0198494 0.519978 0.502609 -0.290215 0.814346 -2.18248 1.63064 -1.04763</i>
                        <i>0.136514 0.955964 0.259803 -0.854104 -0.0192826 0.519745 0.501867 -0.292851 0.81386 -2.18303 1.63042 -1.04856</i>
                        <i>0.137366 0.955632 0.260571 -0.854294 -0.0188374 0.519448 0.50131 -0.293959 0.813804 -2.18365 1.63016 -1.04962</i>
                        <i>0.137359 0.955732 0.260211 -0.854507 -0.0185241 0.51911 0.50095 -0.293656 0.814135 -2.1843 1.62987 -1.05075</i>
                        <i>0.13667 0.956167 0.258971 -0.854726 -0.0183306 0.518755 0.500764 -0.292248 0.814756 -2.18495 1.62957 -1.05187</i>
                        <i>0.135363 0.956897 0.256952 -0.854939 -0.0182657 0.518407 0.500756 -0.289852 0.815616 -2.18556 1.62928 -1.05293</i>
                        <i>0.133497 0.957882 0.254246 -0.85513 -0.0183376 0.518089 0.50093 -0.286577 0.816666 -2.1861 1.62901 -1.05386</i>
                        <i>0.131128 0.959078 0.250947 -0.855287 -0.0185533 0.517823 0.501289 -0.282533 0.817854 -2.18652 1.62879 -1.0546</i>
                        <i>0.128437 0.960388 0.247305 -0.855395 -0.0188969 0.517632 0.501801 -0.278027 0.819083 -2.18681 1.62865 -1.05509</i>
                        <i>0.12567 0.961685 0.243657 -0.855441 -0.01934 0.517539 0.502422 -0.273474 0.820234 -2.18691 1.62859 -1.05526</i>
                        <i>0.122944 0.962919 0.240148 -0.855433 -0.0198504 0.517533 0.50311 -0.269058 0.821273 -2.18685 1.62862 -1.05516</i>
                        <i>0.12035 0.964059 0.236868 -0.855389 -0.0203862 0.517585 0.503811 -0.264906 0.822192 -2.18668 1.62871 -1.05486</i>
                        <i>0.11801 0.965055 0.233969 -0.855314 -0.0209185 0.517688 0.504492 -0.26121 0.822956 -2.18641 1.62885 -1.0544</i>
                        <i>0.116043 0.965865 0.231599 -0.855212 -0.02142 0.517835 0.50512 -0.258158 0.823534 -2.18606 1.62903 -1.0538</i>
                        <i>0.114565 0.966447 0.229902 -0.85509 -0.0218644 0.518019 0.505665 -0.255934 0.823894 -2.18565 1.62924 -1.05308</i>
                        <i>0.113636 0.966783 0.22895 -0.854949 -0.0222356 0.518234 0.506111 -0.25463 0.824024 -2.18517 1.62947 -1.05226</i>
                        <i>0.113231 0.966889 0.228702 -0.854796 -0.0225326 0.518475 0.50646 -0.254201 0.823941 -2.18466 1.62971 -1.05138</i>
                        <i>0.113311 0.966785 0.229099 -0.854634 -0.0227575 0.518732 0.506717 -0.254574 0.823669 -2.18412 1.62995 -1.05045</i>
                        <i>0.113827 0.966494 0.230071 -0.854466 -0.0229138 0.519002 0.506884 -0.255664 0.823228 -2.18357 1.63019 -1.0495</i>
                        <i>0.114727 0.966039 0.231531 -0.854303 -0.0229953 0.519266 0.506955 -0.257371 0.822652 -2.18304 1.63041 -1.04859</i>
                        <i>0.115963 0.965442 0.233396 -0.854154 -0.0229967 0.519511 0.506925 -0.2596 0.82197 -2.18257 1.6306 -1.04778</i>
                        <i>0.117508 0.964713 0.235629 -0.854021 -0.0229183 0.519733 0.506793 -0.262305 0.821192 -2.18217 1.63076 -1.04708</i>
                        <i>0.119313 0.96387 0.238156 -0.853907 -0.0227638 0.519927 0.506564 -0.265397 0.82034 -2.18184 1.63089 -1.04652</i>
                        <i>0.121311 0.962942 0.240885 -0.853816 -0.0225394 0.520087 0.506244 -0.268764 0.819441 -2.18159 1.63098 -1.0461</i>
                        <i>0.123453 0.96195 0.243747 -0.85375 -0.0222482 0.520208 0.505837 -0.27232 0.818517 -2.18144 1.63104 -1.04584</i>
                        <i>0.12569 0.960913 0.246673 -0.853713 -0.0218924 0.520283 0.505347 -0.275983 0.817593 -2.1814 1.63105 -1.04577</i>
                        <i>0.127979 0.959854 0.249601 -0.85371 -0.0214738 0.520305 0.504777 -0.279675 0.816689 -2.18147 1.63103 -1.04589</i>
                        <i>0.130277 0.958795 0.252469 -0.853745 -0.0209935 0.520267 0.50413 -0.283323 0.815832 -2.18167 1.63095 -1.04623</i>
                        <i>0.132543 0.957755 0.255221 -0.853823 -0.020452 0.520161 0.503407 -0.286858 0.815043 -2.182 1.63083 -1.0468</i>
                        <i>0.134741 0.956755 0.257806 -0.853949 -0.0198494 0.519978 0.502609 -0.290215 0.814346 -2.18248 1.63064 -1.04763</i>
                    </KeyFrames>
                </p>
            </i>
            <i>
                <p>
                    <Name><![CDATA[spine1]]></Name>
                    <Exclude>0</Exclude>
                    <Additive>0</Additive>
                    <IKPriority>0</IKPriority>
                    <IKRotLimits>-1e+010 -1e+010 -1e+010 1e+010 1e+010 1e+010</IKRotLimits>
                    <IKRotLimitOrder>0</IKRotLimitOrder>
                    <KeyFrames count="30">
                        <i>0.400484 0.733815 0.548751 -0.817612 0.0158163 0.575552 0.413669 -0.679165 0.60631 -2.1579 1.80546 -1.00058</i>
                        <i>0.405372 0.725814 0.555759 -0.817735 0.0161483 0.575368 0.408636 -0.687702 0.600069 -2.15807 1.80549 -1.00105</i>
                        <i>0.409833 0.71819 0.562352 -0.817892 0.0163877 0.575138 0.403842 -0.695654 0.594118 -2.15846 1.80565 -1.00184</i>
                        <i>0.413824 0.711095 0.568413 -0.818066 0.0165411 0.574887 0.399397 -0.702902 0.588567 -2.15904 1.80592 -1.00289</i>
                        <i>0.416748 0.705572 0.57314 -0.818281 0.0165868 0.574578 0.3959 -0.708444 0.584269 -2.15974 1.80624 -1.00409</i>
                        <i>0.418517 0.701886 0.576368 -0.818526 0.0165241 0.574232 0.393522 -0.712098 0.581427 -2.16052 1.80658 -1.00539</i>
                        <i>0.419045 0.700283 0.577931 -0.818785 0.0163525 0.573868 0.392419 -0.713678 0.580233 -2.16135 1.80692 -1.00671</i>
                        <i>0.418238 0.700993 0.577656 -0.819044 0.0160716 0.573506 0.392739 -0.712987 0.580866 -2.16217 1.80725 -1.00798</i>
                        <i>0.416253 0.703797 0.575676 -0.819276 0.0157109 0.573185 0.394362 -0.710227 0.583144 -2.16293 1.80753 -1.0091</i>
                        <i>0.413364 0.708268 0.572265 -0.819445 0.0153158 0.572953 0.39704 -0.705777 0.586718 -2.16355 1.80775 -1.00995</i>
                        <i>0.409756 0.714029 0.567682 -0.819553 0.0149065 0.572809 0.40054 -0.699958 0.591293 -2.16401 1.8079 -1.01053</i>
                        <i>0.405699 0.720537 0.562348 -0.819619 0.0144996 0.572726 0.404516 -0.693265 0.596448 -2.16434 1.808 -1.01089</i>
                        <i>0.401379 0.727452 0.556515 -0.81964 0.0141146 0.572705 0.40876 -0.686014 0.601914 -2.16455 1.80804 -1.01104</i>
                        <i>0.396991 0.734441 0.550449 -0.819617 0.0137703 0.572746 0.413068 -0.678533 0.607427 -2.1646 1.80803 -1.01095</i>
                        <i>0.392742 0.741178 0.544434 -0.819551 0.013485 0.572847 0.41724 -0.671173 0.61273 -2.1645 1.80797 -1.01063</i>
                        <i>0.388763 0.747469 0.538658 -0.819445 0.0132672 0.573004 0.421157 -0.664164 0.617668 -2.16425 1.80785 -1.01009</i>
                        <i>0.385051 0.753323 0.533141 -0.819308 0.0131116 0.573203 0.424817 -0.65752 0.622252 -2.16386 1.80768 -1.00935</i>
                        <i>0.381745 0.75855 0.528084 -0.819142 0.0130218 0.573443 0.428109 -0.651485 0.626331 -2.16336 1.80747 -1.00844</i>
                        <i>0.379019 0.762923 0.523729 -0.818945 0.0130022 0.573725 0.430898 -0.646358 0.62972 -2.16276 1.80724 -1.00742</i>
                        <i>0.377004 0.766258 0.520304 -0.818733 0.0130471 0.574026 0.433064 -0.642401 0.632279 -2.16211 1.80699 -1.00633</i>
                        <i>0.375825 0.768381 0.518022 -0.81852 0.0131514 0.574328 0.43449 -0.639858 0.633877 -2.16145 1.80674 -1.00526</i>
                        <i>0.375536 0.769229 0.516971 -0.818309 0.0133129 0.574624 0.435135 -0.638834 0.634467 -2.16079 1.8065 -1.00422</i>
                        <i>0.376124 0.768821 0.517151 -0.818108 0.0135245 0.574905 0.435005 -0.639322 0.634066 -2.16016 1.80628 -1.00324</i>
                        <i>0.377521 0.767231 0.518492 -0.817926 0.0137757 0.575158 0.434137 -0.641223 0.632739 -2.15957 1.80607 -1.00235</i>
                        <i>0.379691 0.764479 0.520967 -0.81777 0.0140604 0.575374 0.432536 -0.644495 0.630506 -2.15904 1.80588 -1.00159</i>
                        <i>0.382594 0.760579 0.524539 -0.817646 0.014373 0.575542 0.430206 -0.649086 0.627383 -2.15858 1.80572 -1.00098</i>
                        <i>0.386182 0.755546 0.529163 -0.817561 0.0147088 0.575654 0.427149 -0.654931 0.623385 -2.15823 1.8056 -1.00055</i>
                        <i>0.390402 0.749394 0.534784 -0.817523 0.0150636 0.575698 0.423369 -0.661953 0.618528 -2.15799 1.80551 -1.00032</i>
                        <i>0.395192 0.742143 0.541338 -0.817538 0.0154338 0.575667 0.418872 -0.670064 0.61283 -2.15787 1.80547 -1.00033</i>
                        <i>0.400484 0.733815 0.548751 -0.817612 0.0158163 0.575552 0.413669 -0.679165 0.60631 -2.1579 1.80546 -1.00058</i>
                    </KeyFrames>
                </p>
            </i>
            <i>
                <p>
                    <Name><![CDATA[spine2]]></Name>
                    <Exclude>0</Exclude>
                    <Additive>0</Additive>
                    <IKPriority>0</IKPriority>
                    <IKRotLimits>-1e+010 -1e+010 -1e+010 1e+010 1e+010 1e+010</IKRotLimits>
                    <IKRotLimitOrder>0</IKRotLimitOrder>
                    <KeyFrames count="30">
                        <i>0.516739 0.482672 0.707112 -0.796007 -0.0332173 0.604375 0.315204 -0.875171 0.367046 -2.09051 1.92848 -0.90832</i>
                        <i>0.518253 0.477515 0.709502 -0.796184 -0.0335141 0.604126 0.312258 -0.877984 0.362821 -2.0897 1.92743 -0.907401</i>
                        <i>0.520419 0.47035 0.712695 -0.796358 -0.0338884 0.603876 0.308185 -0.881829 0.35693 -2.08915 1.92662 -0.906826</i>
                        <i>0.523217 0.461195 0.71662 -0.796518 -0.03432 0.603639 0.30299 -0.886635 0.349393 -2.08884 1.92605 -0.90655</i>
                        <i>0.525527 0.453305 0.719955 -0.796682 -0.034729 0.6034 0.298528 -0.890678 0.342889 -2.08883 1.92578 -0.906659</i>
                        <i>0.527264 0.44708 0.722573 -0.79684 -0.0350943 0.603171 0.295024 -0.893805 0.337747 -2.08911 1.92582 -0.907132</i>
                        <i>0.528347 0.442906 0.72435 -0.79698 -0.0353965 0.602967 0.292697 -0.895869 0.334286 -2.08968 1.92616 -0.907946</i>
                        <i>0.528692 0.441164 0.725162 -0.797094 -0.0356171 0.602804 0.291763 -0.89672 0.332818 -2.09051 1.92682 -0.909083</i>
                        <i>0.528426 0.44155 0.72512 -0.797168 -0.0357477 0.602699 0.292043 -0.896524 0.3331 -2.09153 1.92771 -0.910435</i>
                        <i>0.527773 0.443439 0.724443 -0.797187 -0.0357832 0.602671 0.293171 -0.89559 0.334619 -2.09262 1.92872 -0.911849</i>
                        <i>0.526787 0.446607 0.723214 -0.797157 -0.0357338 0.602713 0.295019 -0.894017 0.337192 -2.09374 1.92978 -0.913269</i>
                        <i>0.525527 0.450757 0.721554 -0.797096 -0.0356235 0.602801 0.297421 -0.891936 0.340575 -2.09485 1.93086 -0.914654</i>
                        <i>0.524045 0.455683 0.719535 -0.797009 -0.0354594 0.602926 0.300257 -0.889436 0.344601 -2.0959 1.93191 -0.915941</i>
                        <i>0.522393 0.461177 0.717232 -0.796899 -0.0352486 0.603083 0.30341 -0.886608 0.349098 -2.09683 1.93287 -0.917067</i>
                        <i>0.520628 0.467029 0.714724 -0.796773 -0.034998 0.603264 0.306756 -0.883549 0.353895 -2.0976 1.9337 -0.917969</i>
                        <i>0.518758 0.473174 0.712037 -0.796636 -0.0347128 0.603462 0.310259 -0.880285 0.35894 -2.09817 1.93438 -0.918614</i>
                        <i>0.516709 0.479784 0.709098 -0.796495 -0.0343946 0.603666 0.314018 -0.876712 0.364373 -2.09857 1.93491 -0.919028</i>
                        <i>0.514667 0.486302 0.706136 -0.796351 -0.0340585 0.603876 0.317716 -0.873127 0.369738 -2.09878 1.93528 -0.919201</i>
                        <i>0.512894 0.492004 0.703472 -0.796202 -0.0337245 0.60409 0.320939 -0.86994 0.374437 -2.0988 1.93549 -0.91912</i>
                        <i>0.511449 0.496709 0.701214 -0.79606 -0.0334113 0.604295 0.323587 -0.867274 0.378322 -2.09863 1.93553 -0.918806</i>
                        <i>0.510391 0.500241 0.699471 -0.795934 -0.0331372 0.604476 0.325562 -0.865252 0.381246 -2.09828 1.93541 -0.918278</i>
                        <i>0.50977 0.502483 0.698316 -0.795825 -0.0329099 0.604632 0.326799 -0.86396 0.383112 -2.09777 1.93513 -0.917545</i>
                        <i>0.509574 0.50347 0.697748 -0.795737 -0.0327343 0.604757 0.327317 -0.863393 0.383949 -2.09711 1.93469 -0.916636</i>
                        <i>0.509747 0.503346 0.697711 -0.795674 -0.0326131 0.604847 0.327202 -0.863469 0.383875 -2.09633 1.93412 -0.915594</i>
                        <i>0.510261 0.502167 0.698185 -0.795639 -0.0325502 0.604896 0.326485 -0.864158 0.382934 -2.09546 1.93343 -0.914451</i>
                        <i>0.511085 0.499991 0.699143 -0.795636 -0.032549 0.6049 0.325201 -0.865419 0.381175 -2.09452 1.93263 -0.913238</i>
                        <i>0.512185 0.49688 0.700554 -0.795668 -0.0326127 0.604855 0.323388 -0.867206 0.378648 -2.09353 1.93172 -0.911987</i>
                        <i>0.513522 0.492906 0.702381 -0.795738 -0.032744 0.604755 0.321086 -0.869466 0.375409 -2.09252 1.93073 -0.910729</i>
                        <i>0.515055 0.488142 0.704582 -0.79585 -0.0329449 0.604597 0.318341 -0.872142 0.371519 -2.0915 1.92965 -0.909497</i>
                        <i>0.516739 0.482672 0.707112 -0.796007 -0.0332173 0.604375 0.315204 -0.875171 0.367046 -2.09051 1.92848 -0.90832</i>
                    </KeyFrames>
                </p>
            </i>
            <i>
                <p>
                    <Name><![CDATA[head]]></Name>
                    <Exclude>0</Exclude>
                    <Additive>0</Additive>
                    <IKPriority>0</IKPriority>
                    <IKRotLimits>-1e+010 -1e+010 -1e+010 1e+010 1e+010 1e+010</IKRotLimits>
                    <IKRotLimitOrder>0</IKRotLimitOrder>
                    <KeyFrames count="30">
                        <i>0.0947608 0.983774 0.152345 -0.189502 0.168061 -0.96739 -0.977297 0.062801 0.202353 -1.95861 2.06309 -0.723703</i>
                        <i>0.0913821 0.987103 0.131441 -0.191551 0.146953 -0.970419 -0.977219 0.0635012 0.20251 -1.95742 2.06125 -0.722219</i>
                        <i>0.0909635 0.988977 0.116831 -0.193114 0.132608 -0.972174 -0.976951 0.0658707 0.203047 -1.95619 2.05898 -0.72073</i>
                        <i>0.0937852 0.989535 0.109659 -0.194194 0.126211 -0.97281 -0.97647 0.06994 0.203998 -1.95492 2.05625 -0.719212</i>
                        <i>0.0971996 0.98948 0.10715 -0.194853 0.124496 -0.972899 -0.976004 0.073687 0.204904 -1.95405 2.05406 -0.718203</i>
                        <i>0.101128 0.98878 0.109943 -0.194942 0.128062 -0.972419 -0.975587 0.0769058 0.205705 -1.95362 2.05253 -0.717734</i>
                        <i>0.105481 0.987315 0.118669 -0.1943 0.137498 -0.971258 -0.975254 0.0793923 0.206339 -1.95365 2.05177 -0.717834</i>
                        <i>0.109924 0.985032 0.132773 -0.192899 0.152185 -0.969345 -0.975042 0.0809428 0.206741 -1.95418 2.05187 -0.718539</i>
                        <i>0.114272 0.981947 0.150739 -0.190886 0.170608 -0.966672 -0.974938 0.0816892 0.206936 -1.9551 2.05268 -0.71972</i>
                        <i>0.118646 0.977973 0.171732 -0.188369 0.191982 -0.963151 -0.974905 0.0819252 0.206998 -1.95624 2.05391 -0.721177</i>
                        <i>0.122815 0.973196 0.19444 -0.185505 0.214982 -0.958838 -0.974938 0.0816898 0.206936 -1.95755 2.05546 -0.722827</i>
                        <i>0.126557 0.967807 0.217562 -0.182478 0.238297 -0.953896 -0.975031 0.0810216 0.206761 -1.95895 2.05725 -0.724591</i>
                        <i>0.129668 0.962119 0.23982 -0.179487 0.260641 -0.948604 -0.975177 0.0799587 0.206485 -1.96039 2.0592 -0.726386</i>
                        <i>0.131961 0.956559 0.259964 -0.176748 0.280761 -0.943363 -0.97537 0.0785389 0.20612 -1.96178 2.06121 -0.728126</i>
                        <i>0.133265 0.951649 0.276775 -0.174477 0.297432 -0.938665 -0.975601 0.0768002 0.205678 -1.96308 2.06321 -0.729726</i>
                        <i>0.133329 0.948017 0.28894 -0.172904 0.309322 -0.935106 -0.975873 0.0747175 0.205158 -1.96424 2.06517 -0.731149</i>
                        <i>0.131763 0.946376 0.294975 -0.172278 0.314903 -0.933358 -0.976196 0.0721644 0.204532 -1.9653 2.06715 -0.73244</i>
                        <i>0.129154 0.946366 0.296159 -0.172377 0.31554 -0.933124 -0.976527 0.0694658 0.203886 -1.9662 2.069 -0.733518</i>
                        <i>0.126399 0.947136 0.294886 -0.172799 0.313748 -0.93365 -0.976813 0.0670563 0.203321 -1.96683 2.07049 -0.734265</i>
                        <i>0.12358 0.948601 0.291348 -0.173486 0.309729 -0.934864 -0.977052 0.0649861 0.202845 -1.96719 2.07159 -0.73467</i>
                        <i>0.120782 0.950667 0.285735 -0.174389 0.303686 -0.936677 -0.977241 0.063305 0.202466 -1.96727 2.07227 -0.734722</i>
                        <i>0.118088 0.953226 0.278236 -0.175463 0.295818 -0.938991 -0.977378 0.062063 0.202189 -1.96705 2.07253 -0.73441</i>
                        <i>0.115475 0.956221 0.2689 -0.176696 0.286167 -0.941747 -0.977468 0.0612348 0.202006 -1.96656 2.07237 -0.733764</i>
                        <i>0.112846 0.95962 0.257673 -0.178094 0.274664 -0.944903 -0.977522 0.060739 0.201897 -1.96586 2.07186 -0.732845</i>
                        <i>0.110167 0.963349 0.244586 -0.179648 0.261331 -0.948384 -0.977543 0.060541 0.201854 -1.96495 2.07103 -0.731689</i>
                        <i>0.107401 0.967325 0.229669 -0.181352 0.246191 -0.952104 -0.977536 0.0606062 0.201868 -1.96389 2.06992 -0.730333</i>
                        <i>0.104515 0.971456 0.212954 -0.1832 0.229268 -0.955968 -0.977504 0.0608998 0.201932 -1.96269 2.06854 -0.728817</i>
                        <i>0.10147 0.975646 0.194471 -0.185181 0.210587 -0.959876 -0.977452 0.0613867 0.202039 -1.96139 2.06693 -0.72718</i>
                        <i>0.0982315 0.979789 0.174256 -0.187286 0.190175 -0.963721 -0.977381 0.0620322 0.202182 -1.96002 2.0651 -0.725461</i>
                        <i>0.0947608 0.983774 0.152345 -0.189502 0.168061 -0.96739 -0.977297 0.062801 0.202353 -1.95861 2.06309 -0.723703</i>
                    </KeyFrames>
                </p>
            </i>
            <i>
                <p>
                    <Name><![CDATA[head_prop]]></Name>
                    <Exclude>0</Exclude>
                    <Additive>0</Additive>
                    <IKPriority>0</IKPriority>
                    <IKRotLimits>-1e+010 -1e+010 -1e+010 1e+010 1e+010 1e+010</IKRotLimits>
                    <IKRotLimitOrder>0</IKRotLimitOrder>
                    <KeyFrames count="30">
                        <i>0.977297 -0.062801 -0.202353 0.0947608 0.983774 0.152345 0.189502 -0.168061 0.96739 -1.92773 2.38371 -0.674052</i>
                        <i>0.977219 -0.0635012 -0.20251 0.0913821 0.987103 0.131441 0.191551 -0.146953 0.970419 -1.92763 2.38296 -0.679381</i>
                        <i>0.976951 -0.0658707 -0.203047 0.0909635 0.988977 0.116831 0.193114 -0.132608 0.972174 -1.92654 2.3813 -0.682654</i>
                        <i>0.97647 -0.06994 -0.203998 0.0937852 0.989535 0.109659 0.194194 -0.126211 0.97281 -1.92435 2.37874 -0.683473</i>
                        <i>0.976004 -0.073687 -0.204904 0.0971996 0.98948 0.10715 0.194853 -0.124496 0.972899 -1.92237 2.37654 -0.683282</i>
                        <i>0.975587 -0.0769058 -0.205705 0.101128 0.98878 0.109943 0.194942 -0.128062 0.972419 -1.92066 2.37478 -0.681902</i>
                        <i>0.975254 -0.0793923 -0.206339 0.105481 0.987315 0.118669 0.1943 -0.137498 0.971258 -1.91928 2.37354 -0.679159</i>
                        <i>0.975042 -0.0809428 -0.206741 0.109924 0.985032 0.132773 0.192899 -0.152185 0.969345 -1.91835 2.3729 -0.675267</i>
                        <i>0.974938 -0.0816892 -0.206936 0.114272 0.981947 0.150739 0.190886 -0.170608 0.966672 -1.91786 2.3727 -0.670593</i>
                        <i>0.974905 -0.0819252 -0.206998 0.118646 0.977973 0.171732 0.188369 -0.191982 0.963151 -1.91757 2.37264 -0.665207</i>
                        <i>0.974938 -0.0816898 -0.206936 0.122815 0.973196 0.19444 0.185505 -0.214982 0.958838 -1.91752 2.37263 -0.659457</i>
                        <i>0.975031 -0.0810216 -0.206761 0.126557 0.967807 0.217562 0.182478 -0.238297 0.953896 -1.91771 2.37267 -0.653686</i>
                        <i>0.975177 -0.0799587 -0.206485 0.129668 0.962119 0.23982 0.179487 -0.260641 0.948604 -1.91813 2.37276 -0.648226</i>
                        <i>0.97537 -0.0785389 -0.20612 0.131961 0.956559 0.259964 0.176748 -0.280761 0.943363 -1.91878 2.37296 -0.643401</i>
                        <i>0.975601 -0.0768002 -0.205678 0.133265 0.951649 0.276775 0.174477 -0.297432 0.938665 -1.91964 2.37336 -0.639522</i>
                        <i>0.975873 -0.0747175 -0.205158 0.133329 0.948017 0.28894 0.172904 -0.309322 0.935106 -1.92078 2.37413 -0.63698</i>
                        <i>0.976196 -0.0721644 -0.204532 0.131763 0.946376 0.294975 0.172278 -0.314903 0.933358 -1.92236 2.37559 -0.636305</i>
                        <i>0.976527 -0.0694658 -0.203886 0.129154 0.946366 0.296159 0.172377 -0.31554 0.933124 -1.9241 2.37743 -0.636997</i>
                        <i>0.976813 -0.0670563 -0.203321 0.126399 0.947136 0.294886 0.172799 -0.313748 0.93365 -1.92564 2.37917 -0.638159</i>
                        <i>0.977052 -0.0649861 -0.202845 0.12358 0.948601 0.291348 0.173486 -0.309729 0.934864 -1.92691 2.38074 -0.639717</i>
                        <i>0.977241 -0.063305 -0.202466 0.120782 0.950667 0.285735 0.174389 -0.303686 0.936677 -1.9279 2.38211 -0.641598</i>
                        <i>0.977378 -0.062063 -0.202189 0.118088 0.953226 0.278236 0.175463 -0.295818 0.938991 -1.92856 2.38319 -0.64373</i>
                        <i>0.977468 -0.0612348 -0.202006 0.115475 0.956221 0.2689 0.176696 -0.286167 0.941747 -1.92893 2.38401 -0.646128</i>
                        <i>0.977522 -0.060739 -0.201897 0.112846 0.95962 0.257673 0.178094 -0.274664 0.944903 -1.92908 2.38461 -0.648867</i>
                        <i>0.977543 -0.060541 -0.201854 0.110167 0.963349 0.244586 0.179648 -0.261331 0.948384 -1.92905 2.385 -0.651976</i>
                        <i>0.977536 -0.0606062 -0.201868 0.107401 0.967325 0.229669 0.181352 -0.246191 0.952104 -1.92889 2.38518 -0.655482</i>
                        <i>0.977504 -0.0608998 -0.201932 0.104515 0.971456 0.212954 0.1832 -0.229268 0.955968 -1.92863 2.38515 -0.659413</i>
                        <i>0.977452 -0.0613867 -0.202039 0.10147 0.975646 0.194471 0.185181 -0.210587 0.959876 -1.92832 2.3849 -0.6638</i>
                        <i>0.977381 -0.0620322 -0.202182 0.0982315 0.979789 0.174256 0.187286 -0.190175 0.963721 -1.92801 2.38442 -0.66867</i>
                        <i>0.977297 -0.062801 -0.202353 0.0947608 0.983774 0.152345 0.189502 -0.168061 0.96739 -1.92773 2.38371 -0.674052</i>
                    </KeyFrames>
                </p>
            </i>
            <i>
                <p>
                    <Name><![CDATA[l_clav]]></Name>
                    <Exclude>0</Exclude>
                    <Additive>0</Additive>
                    <IKPriority>0</IKPriority>
                    <IKRotLimits>-1e+010 -1e+010 -1e+010 1e+010 1e+010 1e+010</IKRotLimits>
                    <IKRotLimitOrder>0</IKRotLimitOrder>
                    <KeyFrames count="30">
                        <i>0.873614 0.18743 -0.449075 0.258667 0.602808 0.754794 0.412178 -0.775559 0.47814 -1.97583 1.93643 -0.901117</i>
                        <i>0.876414 0.193446 -0.440996 0.250045 0.599836 0.760049 0.411553 -0.776386 0.477334 -1.97477 1.93485 -0.899801</i>
                        <i>0.879963 0.199804 -0.43098 0.241133 0.593805 0.767627 0.409293 -0.779406 0.474347 -1.97401 1.93345 -0.898883</i>
                        <i>0.88406 0.205786 -0.419631 0.232784 0.584683 0.777147 0.405278 -0.784728 0.468991 -1.97354 1.93222 -0.898335</i>
                        <i>0.888003 0.211664 -0.408227 0.223991 0.576215 0.786005 0.401596 -0.789414 0.464269 -1.97341 1.93144 -0.898211</i>
                        <i>0.891527 0.217044 -0.397581 0.21546 0.568877 0.793697 0.398442 -0.793266 0.460406 -1.9736 1.93112 -0.898495</i>
                        <i>0.894392 0.22158 -0.388542 0.207913 0.563164 0.799761 0.396024 -0.796083 0.45762 -1.97411 1.9313 -0.899174</i>
                        <i>0.896373 0.224958 -0.38198 0.202082 0.559576 0.803765 0.39456 -0.797664 0.456129 -1.97494 1.932 -0.900236</i>
                        <i>0.897353 0.226676 -0.378649 0.198997 0.557989 0.805635 0.393901 -0.798289 0.455606 -1.976 1.93309 -0.90159</i>
                        <i>0.897254 0.226105 -0.379224 0.199816 0.557968 0.805447 0.393711 -0.798466 0.45546 -1.97719 1.93441 -0.903101</i>
                        <i>0.89585 0.222648 -0.384552 0.20563 0.559456 0.802948 0.393915 -0.798396 0.455405 -1.97845 1.93588 -0.904697</i>
                        <i>0.893149 0.21648 -0.394235 0.216086 0.56221 0.798265 0.394452 -0.798158 0.455359 -1.97972 1.93741 -0.906307</i>
                        <i>0.889319 0.208222 -0.40713 0.229934 0.565965 0.791716 0.395274 -0.797701 0.455446 -1.98095 1.93895 -0.907856</i>
                        <i>0.884553 0.198498 -0.422095 0.245926 0.570463 0.78364 0.39634 -0.796976 0.45579 -1.98208 1.94042 -0.909267</i>
                        <i>0.879102 0.187951 -0.438012 0.262823 0.575481 0.774432 0.397623 -0.795925 0.456508 -1.98303 1.94176 -0.910463</i>
                        <i>0.873275 0.177287 -0.453828 0.279354 0.580955 0.764495 0.399189 -0.794393 0.457808 -1.98379 1.94293 -0.911398</i>
                        <i>0.86745 0.167275 -0.468562 0.29418 0.587066 0.754196 0.401234 -0.792069 0.460041 -1.98436 1.94396 -0.912089</i>
                        <i>0.862155 0.158574 -0.48119 0.306405 0.593189 0.744475 0.403491 -0.789291 0.462833 -1.98473 1.9448 -0.912528</i>
                        <i>0.857964 0.151898 -0.490739 0.315267 0.598537 0.736451 0.405591 -0.786562 0.465635 -1.98489 1.94539 -0.912701</i>
                        <i>0.855386 0.148121 -0.496362 0.319665 0.603062 0.730842 0.40759 -0.783821 0.468502 -1.98484 1.94573 -0.91261</i>
                        <i>0.854448 0.147233 -0.498238 0.31984 0.606661 0.72778 0.409415 -0.781207 0.47127 -1.98458 1.9458 -0.912257</i>
                        <i>0.85472 0.148405 -0.497423 0.317197 0.609222 0.726798 0.410902 -0.778989 0.473641 -1.98412 1.9456 -0.911645</i>
                        <i>0.855976 0.151282 -0.494388 0.312288 0.610803 0.727596 0.412046 -0.777196 0.475589 -1.98347 1.94514 -0.910799</i>
                        <i>0.857975 0.155502 -0.48959 0.305607 0.611555 0.729797 0.412896 -0.77577 0.477177 -1.98266 1.94445 -0.90976</i>
                        <i>0.860486 0.160678 -0.483473 0.297693 0.61154 0.733074 0.413453 -0.774727 0.478389 -1.98172 1.94355 -0.908555</i>
                        <i>0.863288 0.166423 -0.476484 0.289083 0.610828 0.737103 0.413721 -0.774076 0.47921 -1.98067 1.94246 -0.907216</i>
                        <i>0.866178 0.172349 -0.469075 0.280321 0.609498 0.741574 0.41371 -0.773827 0.47962 -1.97953 1.94119 -0.905771</i>
                        <i>0.86897 0.178072 -0.461715 0.271959 0.607644 0.746195 0.413435 -0.773989 0.479597 -1.97833 1.93975 -0.904251</i>
                        <i>0.871499 0.183221 -0.454884 0.264554 0.605375 0.750688 0.412917 -0.774565 0.479113 -1.97709 1.93816 -0.902689</i>
                        <i>0.873614 0.18743 -0.449075 0.258667 0.602808 0.754794 0.412178 -0.775559 0.47814 -1.97583 1.93643 -0.901117</i>
                    </KeyFrames>
                </p>
            </i>
            <i>
                <p>
                    <Name><![CDATA[l_shoulder]]></Name>
                    <Exclude>0</Exclude>
                    <Additive>0</Additive>
                    <IKPriority>0</IKPriority>
                    <IKRotLimits>-1e+010 -1e+010 -1e+010 1e+010 1e+010 1e+010</IKRotLimits>
                    <IKRotLimitOrder>0</IKRotLimitOrder>
                    <KeyFrames count="30">
                        <i>0.54036 -0.537083 -0.647729 0.84093 0.371355 0.393615 0.0291332 -0.757388 0.652315 -1.80322 1.97346 -0.989844</i>
                        <i>0.535192 -0.533208 -0.655179 0.844196 0.365185 0.392393 0.0300343 -0.763105 0.645576 -1.80161 1.97307 -0.986933</i>
                        <i>0.530354 -0.52937 -0.662187 0.847225 0.359112 0.391469 0.0305677 -0.768639 0.638952 -1.80015 1.97292 -0.984035</i>
                        <i>0.526166 -0.525474 -0.668601 0.849823 0.353426 0.391013 0.0308333 -0.77393 0.63252 -1.79887 1.97288 -0.981245</i>
                        <i>0.522437 -0.522638 -0.673727 0.85212 0.348577 0.390365 0.0308266 -0.778038 0.627461 -1.79796 1.97326 -0.978868</i>
                        <i>0.519425 -0.521038 -0.677287 0.853968 0.344887 0.389604 0.0305887 -0.780752 0.624092 -1.79745 1.97401 -0.977049</i>
                        <i>0.51737 -0.520873 -0.678984 0.855231 0.342653 0.388804 0.0301384 -0.781844 0.622746 -1.7974 1.97508 -0.975941</i>
                        <i>0.516501 -0.522352 -0.678509 0.855779 0.342162 0.38803 0.0294713 -0.781072 0.623745 -1.79783 1.97644 -0.975707</i>
                        <i>0.517044 -0.525229 -0.67587 0.855479 0.343522 0.387489 0.0286563 -0.778542 0.626938 -1.7987 1.97788 -0.976403</i>
                        <i>0.519231 -0.529001 -0.671235 0.854182 0.346767 0.387461 0.0277948 -0.774539 0.631915 -1.79991 1.97908 -0.978027</i>
                        <i>0.523373 -0.533445 -0.664467 0.851678 0.352118 0.388145 0.0269165 -0.769057 0.638613 -1.80145 1.97987 -0.980676</i>
                        <i>0.529297 -0.538214 -0.655874 0.848037 0.359321 0.389515 0.0260268 -0.762374 0.646613 -1.80326 1.98018 -0.9842</i>
                        <i>0.536529 -0.54291 -0.646054 0.843508 0.36783 0.391403 0.0251412 -0.75495 0.6553 -1.80524 1.98009 -0.988296</i>
                        <i>0.544574 -0.547178 -0.635638 0.838361 0.377092 0.393641 0.0243025 -0.747261 0.664086 -1.80731 1.97964 -0.992664</i>
                        <i>0.552901 -0.550736 -0.625292 0.832913 0.386527 0.396047 0.0235749 -0.739789 0.672426 -1.80934 1.97889 -0.997004</i>
                        <i>0.56096 -0.553499 -0.6156 0.827523 0.395587 0.398392 0.0230131 -0.732905 0.679942 -1.81125 1.97796 -1.00107</i>
                        <i>0.568188 -0.555633 -0.606989 0.822588 0.403791 0.400378 0.0226332 -0.726791 0.686485 -1.81297 1.97701 -1.00467</i>
                        <i>0.574132 -0.557123 -0.599989 0.818455 0.410606 0.401913 0.0224442 -0.721815 0.691722 -1.81439 1.97613 -1.0076</i>
                        <i>0.578365 -0.55797 -0.595116 0.81547 0.415488 0.402963 0.0224225 -0.718358 0.695312 -1.81537 1.9754 -1.00966</i>
                        <i>0.580334 -0.558398 -0.592793 0.814068 0.41789 0.403314 0.0225127 -0.71663 0.69709 -1.81583 1.97499 -1.01068</i>
                        <i>0.580089 -0.558475 -0.592961 0.814237 0.417852 0.403012 0.0226978 -0.716593 0.697122 -1.81576 1.97489 -1.0107</i>
                        <i>0.578242 -0.558086 -0.595127 0.815541 0.415957 0.402335 0.0230096 -0.717997 0.695666 -1.81525 1.97492 -1.00993</i>
                        <i>0.575082 -0.557214 -0.598994 0.81776 0.412508 0.40138 0.0234353 -0.720659 0.692893 -1.81435 1.97503 -1.00848</i>
                        <i>0.570898 -0.555876 -0.604216 0.820671 0.407834 0.400212 0.0239517 -0.724344 0.689023 -1.81314 1.97517 -1.00649</i>
                        <i>0.565985 -0.554034 -0.610498 0.82405 0.402246 0.398923 0.0245535 -0.728865 0.684217 -1.81171 1.9753 -1.00408</i>
                        <i>0.560631 -0.551663 -0.617545 0.827681 0.396055 0.397598 0.0252417 -0.734036 0.678642 -1.8101 1.97534 -1.00136</i>
                        <i>0.555119 -0.548753 -0.62507 0.831364 0.389567 0.396323 0.0260238 -0.739667 0.672469 -1.80839 1.97524 -0.99845</i>
                        <i>0.549726 -0.54532 -0.632793 0.834911 0.383087 0.395181 0.026915 -0.745567 0.665887 -1.80664 1.97494 -0.995476</i>
                        <i>0.54472 -0.541407 -0.640437 0.838153 0.376916 0.394252 0.02794 -0.75154 0.659095 -1.8049 1.97436 -0.992564</i>
                        <i>0.54036 -0.537083 -0.647729 0.84093 0.371355 0.393615 0.0291332 -0.757388 0.652315 -1.80322 1.97346 -0.989844</i>
                    </KeyFrames>
                </p>
            </i>
            <i>
                <p>
                    <Name><![CDATA[l_elbow]]></Name>
                    <Exclude>0</Exclude>
                    <Additive>0</Additive>
                    <IKPriority>0</IKPriority>
                    <IKRotLimits>-1e+010 -1e+010 -1e+010 1e+010 1e+010 1e+010</IKRotLimits>
                    <IKRotLimitOrder>0</IKRotLimitOrder>
                    <KeyFrames count="30">
                        <i>-0.184071 -0.491537 0.851181 0.840969 0.369522 0.395252 -0.508812 0.788571 0.345349 -1.62746 1.79876 -1.20054</i>
                        <i>-0.183861 -0.494206 0.84968 0.844238 0.363338 0.394014 -0.503445 0.789776 0.350424 -1.62752 1.79963 -1.20005</i>
                        <i>-0.183503 -0.497589 0.847781 0.847269 0.357251 0.393074 -0.49846 0.790428 0.356034 -1.62764 1.80073 -1.19943</i>
                        <i>-0.183255 -0.501348 0.845617 0.849867 0.351551 0.392603 -0.494108 0.790609 0.361656 -1.62772 1.80196 -1.19873</i>
                        <i>-0.182335 -0.505342 0.843436 0.852165 0.346693 0.391942 -0.490478 0.790211 0.367421 -1.62802 1.80325 -1.19802</i>
                        <i>-0.18087 -0.509244 0.841402 0.854013 0.342995 0.391173 -0.487799 0.789319 0.372863 -1.6285 1.80452 -1.19735</i>
                        <i>-0.178982 -0.512717 0.839695 0.855274 0.340759 0.39037 -0.486283 0.788038 0.377524 -1.62911 1.80565 -1.1968</i>
                        <i>-0.176783 -0.515427 0.838501 0.855821 0.34027 0.389599 -0.486126 0.786481 0.380959 -1.62983 1.80653 -1.19641</i>
                        <i>-0.174658 -0.516962 0.838 0.855519 0.341637 0.389066 -0.487424 0.784878 0.382601 -1.63052 1.80703 -1.19625</i>
                        <i>-0.173129 -0.516896 0.838358 0.854219 0.344892 0.38905 -0.490241 0.783497 0.381832 -1.63102 1.80701 -1.19636</i>
