<?xml version="1.0" encoding="ISO-8859-1" ?>
<Animl Version="1">
    <ModellingPackage><![CDATA[Maya.2010]]></ModellingPackage>
    <SrcFile><![CDATA[anims\turrets\mortar\red\~src\mortar_82pm41\mortar_82pm41_idle_random_crewman_b.mb]]></SrcFile>
    <FramesPerSecond>30</FramesPerSecond>
    <TotalFrames>90</TotalFrames>
    <Skeleton>
        <RefFrame>
            <Name><![CDATA[soldier_ref_frame]]></Name>
            <Exclude>0</Exclude>
            <Additive>0</Additive>
            <IKPriority>0</IKPriority>
            <IKRotLimits>-1e+010 -1e+010 -1e+010 1e+010 1e+010 1e+010</IKRotLimits>
            <IKRotLimitOrder>0</IKRotLimitOrder>
            <KeyFrames count="90">
                <i>1 0 0 0 1 0 0 0 1 -2.11 0.92 -0.96</i>
                <i>1 0 0 0 1 0 0 0 1 -2.11 0.92 -0.96</i>
                <i>1 0 0 0 1 0 0 0 1 -2.11 0.92 -0.96</i>
                <i>1 0 0 0 1 0 0 0 1 -2.11 0.92 -0.96</i>
                <i>1 0 0 0 1 0 0 0 1 -2.11 0.92 -0.96</i>
                <i>1 0 0 0 1 0 0 0 1 -2.11 0.92 -0.96</i>
                <i>1 0 0 0 1 0 0 0 1 -2.11 0.92 -0.96</i>
                <i>1 0 0 0 1 0 0 0 1 -2.11 0.92 -0.96</i>
                <i>1 0 0 0 1 0 0 0 1 -2.11 0.92 -0.96</i>
                <i>1 0 0 0 1 0 0 0 1 -2.11 0.92 -0.96</i>
                <i>1 0 0 0 1 0 0 0 1 -2.11 0.92 -0.96</i>
                <i>1 0 0 0 1 0 0 0 1 -2.11 0.92 -0.96</i>
                <i>1 0 0 0 1 0 0 0 1 -2.11 0.92 -0.96</i>
                <i>1 0 0 0 1 0 0 0 1 -2.11 0.92 -0.96</i>
                <i>1 0 0 0 1 0 0 0 1 -2.11 0.92 -0.96</i>
                <i>1 0 0 0 1 0 0 0 1 -2.11 0.92 -0.96</i>
                <i>1 0 0 0 1 0 0 0 1 -2.11 0.92 -0.96</i>
                <i>1 0 0 0 1 0 0 0 1 -2.11 0.92 -0.96</i>
                <i>1 0 0 0 1 0 0 0 1 -2.11 0.92 -0.96</i>
                <i>1 0 0 0 1 0 0 0 1 -2.11 0.92 -0.96</i>
                <i>1 0 0 0 1 0 0 0 1 -2.11 0.92 -0.96</i>
                <i>1 0 0 0 1 0 0 0 1 -2.11 0.92 -0.96</i>
                <i>1 0 0 0 1 0 0 0 1 -2.11 0.92 -0.96</i>
                <i>1 0 0 0 1 0 0 0 1 -2.11 0.92 -0.96</i>
                <i>1 0 0 0 1 0 0 0 1 -2.11 0.92 -0.96</i>
                <i>1 0 0 0 1 0 0 0 1 -2.11 0.92 -0.96</i>
                <i>1 0 0 0 1 0 0 0 1 -2.11 0.92 -0.96</i>
                <i>1 0 0 0 1 0 0 0 1 -2.11 0.92 -0.96</i>
                <i>1 0 0 0 1 0 0 0 1 -2.11 0.92 -0.96</i>
                <i>1 0 0 0 1 0 0 0 1 -2.11 0.92 -0.96</i>
                <i>1 0 0 0 1 0 0 0 1 -2.11 0.92 -0.96</i>
                <i>1 0 0 0 1 0 0 0 1 -2.11 0.92 -0.96</i>
                <i>1 0 0 0 1 0 0 0 1 -2.11 0.92 -0.96</i>
                <i>1 0 0 0 1 0 0 0 1 -2.11 0.92 -0.96</i>
                <i>1 0 0 0 1 0 0 0 1 -2.11 0.92 -0.96</i>
                <i>1 0 0 0 1 0 0 0 1 -2.11 0.92 -0.96</i>
                <i>1 0 0 0 1 0 0 0 1 -2.11 0.92 -0.96</i>
                <i>1 0 0 0 1 0 0 0 1 -2.11 0.92 -0.96</i>
                <i>1 0 0 0 1 0 0 0 1 -2.11 0.92 -0.96</i>
                <i>1 0 0 0 1 0 0 0 1 -2.11 0.92 -0.96</i>
                <i>1 0 0 0 1 0 0 0 1 -2.11 0.92 -0.96</i>
                <i>1 0 0 0 1 0 0 0 1 -2.11 0.92 -0.96</i>
                <i>1 0 0 0 1 0 0 0 1 -2.11 0.92 -0.96</i>
                <i>1 0 0 0 1 0 0 0 1 -2.11 0.92 -0.96</i>
                <i>1 0 0 0 1 0 0 0 1 -2.11 0.92 -0.96</i>
                <i>1 0 0 0 1 0 0 0 1 -2.11 0.92 -0.96</i>
                <i>1 0 0 0 1 0 0 0 1 -2.11 0.92 -0.96</i>
                <i>1 0 0 0 1 0 0 0 1 -2.11 0.92 -0.96</i>
                <i>1 0 0 0 1 0 0 0 1 -2.11 0.92 -0.96</i>
                <i>1 0 0 0 1 0 0 0 1 -2.11 0.92 -0.96</i>
                <i>1 0 0 0 1 0 0 0 1 -2.11 0.92 -0.96</i>
                <i>1 0 0 0 1 0 0 0 1 -2.11 0.92 -0.96</i>
                <i>1 0 0 0 1 0 0 0 1 -2.11 0.92 -0.96</i>
                <i>1 0 0 0 1 0 0 0 1 -2.11 0.92 -0.96</i>
                <i>1 0 0 0 1 0 0 0 1 -2.11 0.92 -0.96</i>
                <i>1 0 0 0 1 0 0 0 1 -2.11 0.92 -0.96</i>
                <i>1 0 0 0 1 0 0 0 1 -2.11 0.92 -0.96</i>
                <i>1 0 0 0 1 0 0 0 1 -2.11 0.92 -0.96</i>
                <i>1 0 0 0 1 0 0 0 1 -2.11 0.92 -0.96</i>
                <i>1 0 0 0 1 0 0 0 1 -2.11 0.92 -0.96</i>
                <i>1 0 0 0 1 0 0 0 1 -2.11 0.92 -0.96</i>
                <i>1 0 0 0 1 0 0 0 1 -2.11 0.92 -0.96</i>
                <i>1 0 0 0 1 0 0 0 1 -2.11 0.92 -0.96</i>
                <i>1 0 0 0 1 0 0 0 1 -2.11 0.92 -0.96</i>
                <i>1 0 0 0 1 0 0 0 1 -2.11 0.92 -0.96</i>
                <i>1 0 0 0 1 0 0 0 1 -2.11 0.92 -0.96</i>
                <i>1 0 0 0 1 0 0 0 1 -2.11 0.92 -0.96</i>
                <i>1 0 0 0 1 0 0 0 1 -2.11 0.92 -0.96</i>
                <i>1 0 0 0 1 0 0 0 1 -2.11 0.92 -0.96</i>
                <i>1 0 0 0 1 0 0 0 1 -2.11 0.92 -0.96</i>
                <i>1 0 0 0 1 0 0 0 1 -2.11 0.92 -0.96</i>
                <i>1 0 0 0 1 0 0 0 1 -2.11 0.92 -0.96</i>
                <i>1 0 0 0 1 0 0 0 1 -2.11 0.92 -0.96</i>
                <i>1 0 0 0 1 0 0 0 1 -2.11 0.92 -0.96</i>
                <i>1 0 0 0 1 0 0 0 1 -2.11 0.92 -0.96</i>
                <i>1 0 0 0 1 0 0 0 1 -2.11 0.92 -0.96</i>
                <i>1 0 0 0 1 0 0 0 1 -2.11 0.92 -0.96</i>
                <i>1 0 0 0 1 0 0 0 1 -2.11 0.92 -0.96</i>
                <i>1 0 0 0 1 0 0 0 1 -2.11 0.92 -0.96</i>
                <i>1 0 0 0 1 0 0 0 1 -2.11 0.92 -0.96</i>
                <i>1 0 0 0 1 0 0 0 1 -2.11 0.92 -0.96</i>
                <i>1 0 0 0 1 0 0 0 1 -2.11 0.92 -0.96</i>
                <i>1 0 0 0 1 0 0 0 1 -2.11 0.92 -0.96</i>
                <i>1 0 0 0 1 0 0 0 1 -2.11 0.92 -0.96</i>
                <i>1 0 0 0 1 0 0 0 1 -2.11 0.92 -0.96</i>
                <i>1 0 0 0 1 0 0 0 1 -2.11 0.92 -0.96</i>
                <i>1 0 0 0 1 0 0 0 1 -2.11 0.92 -0.96</i>
                <i>1 0 0 0 1 0 0 0 1 -2.11 0.92 -0.96</i>
                <i>1 0 0 0 1 0 0 0 1 -2.11 0.92 -0.96</i>
                <i>1 0 0 0 1 0 0 0 1 -2.11 0.92 -0.96</i>
            </KeyFrames>
        </RefFrame>
        <Bones count="23">
            <i>
                <p>
                    <Name><![CDATA[pelvis]]></Name>
                    <Exclude>0</Exclude>
                    <Additive>0</Additive>
                    <IKPriority>0</IKPriority>
                    <IKRotLimits>-1e+010 -1e+010 -1e+010 1e+010 1e+010 1e+010</IKRotLimits>
                    <IKRotLimitOrder>2</IKRotLimitOrder>
                    <KeyFrames count="90">
                        <i>1 0 0 0 1 0 0 0 1 -2.1601 1.48986 -1.02821</i>
                        <i>1 0 0 0 1 0 0 0 1 -2.1601 1.48986 -1.02821</i>
                        <i>1 0 0 0 1 0 0 0 1 -2.1601 1.48986 -1.02821</i>
                        <i>1 0 0 0 1 0 0 0 1 -2.1601 1.48986 -1.02821</i>
                        <i>1 0 0 0 1 0 0 0 1 -2.1601 1.48986 -1.02821</i>
                        <i>1 0 0 0 1 0 0 0 1 -2.1601 1.48986 -1.02821</i>
                        <i>1 0 0 0 1 0 0 0 1 -2.1601 1.48986 -1.02821</i>
                        <i>1 0 0 0 1 0 0 0 1 -2.1601 1.48986 -1.02821</i>
                        <i>1 0 0 0 1 0 0 0 1 -2.1601 1.48986 -1.02821</i>
                        <i>1 0 0 0 1 0 0 0 1 -2.1601 1.48986 -1.02821</i>
                        <i>1 0 0 0 1 0 0 0 1 -2.1601 1.49534 -1.02821</i>
                        <i>1 0 0 0 1 0 0 0 1 -2.1601 1.5074 -1.02821</i>
                        <i>1 0 0 0 1 0 0 0 1 -2.1601 1.51945 -1.02821</i>
                        <i>1 0 0 0 1 0 0 0 1 -2.1601 1.52493 -1.02821</i>
                        <i>1 0 0 0 1 0 0 0 1 -2.1601 1.52184 -1.02821</i>
                        <i>1 0 0 0 1 0 0 0 1 -2.1601 1.51427 -1.02821</i>
                        <i>1 0 0 0 1 0 0 0 1 -2.1601 1.50473 -1.02821</i>
                        <i>1 0 0 0 1 0 0 0 1 -2.1601 1.49575 -1.02821</i>
                        <i>1 0 0 0 1 0 0 0 1 -2.1601 1.48986 -1.02821</i>
                        <i>1 0 0 0 1 0 0 0 1 -2.1601 1.48762 -1.02821</i>
                        <i>1 0 0 0 1 0 0 0 1 -2.1601 1.48734 -1.02821</i>
                        <i>1 0 0 0 1 0 0 0 1 -2.1601 1.48818 -1.02821</i>
                        <i>1 0 0 0 1 0 0 0 1 -2.1601 1.4893 -1.02821</i>
                        <i>1 0 0 0 1 0 0 0 1 -2.1601 1.48986 -1.02821</i>
                        <i>1 0 0 0 1 0 0 0 1 -2.1601 1.48986 -1.02821</i>
                        <i>1 0 0 0 1 0 0 0 1 -2.1601 1.48986 -1.02821</i>
                        <i>1 0 0 0 1 0 0 0 1 -2.1601 1.48986 -1.02821</i>
                        <i>1 0 0 0 1 0 0 0 1 -2.1601 1.48986 -1.02821</i>
                        <i>1 0 0 0 1 0 0 0 1 -2.1601 1.48986 -1.02821</i>
                        <i>1 0 0 0 1 0 0 0 1 -2.1601 1.48986 -1.02821</i>
                        <i>1 0 0 0 1 0 0 0 1 -2.1601 1.48986 -1.02821</i>
                        <i>1 0 0 0 1 0 0 0 1 -2.1601 1.48986 -1.02821</i>
                        <i>1 0 0 0 1 0 0 0 1 -2.1601 1.48986 -1.02821</i>
                        <i>1 0 0 0 1 0 0 0 1 -2.1601 1.48986 -1.02821</i>
                        <i>1 0 0 0 1 0 0 0 1 -2.1601 1.48915 -1.02821</i>
                        <i>1 0 0 0 1 0 0 0 1 -2.1601 1.48772 -1.02821</i>
                        <i>1 0 0 0 1 0 0 0 1 -2.1601 1.48665 -1.02821</i>
                        <i>1 0 0 0 1 0 0 0 1 -2.1601 1.487 -1.02821</i>
                        <i>1 0 0 0 1 0 0 0 1 -2.1601 1.48986 -1.02821</i>
                        <i>1 0 0 0 1 0 0 0 1 -2.1601 1.49737 -1.02821</i>
                        <i>1 0 0 0 1 0 0 0 1 -2.1601 1.50881 -1.02821</i>
                        <i>1 0 0 0 1 0 0 0 1 -2.1601 1.52096 -1.02821</i>
                        <i>1 0 0 0 1 0 0 0 1 -2.1601 1.53061 -1.02821</i>
                        <i>1 0 0 0 1 0 0 0 1 -2.1601 1.53454 -1.02821</i>
                        <i>1 0 0 0 1 0 0 0 1 -2.1601 1.53037 -1.02821</i>
                        <i>1 0 0 0 1 0 0 0 1 -2.1601 1.52024 -1.02821</i>
                        <i>1 0 0 0 1 0 0 0 1 -2.1601 1.50773 -1.02821</i>
                        <i>1 0 0 0 1 0 0 0 1 -2.1601 1.49642 -1.02821</i>
                        <i>1 0 0 0 1 0 0 0 1 -2.1601 1.48986 -1.02821</i>
                        <i>1 0 0 0 1 0 0 0 1 -2.1601 1.48745 -1.02821</i>
                        <i>1 0 0 0 1 0 0 0 1 -2.1601 1.48605 -1.02821</i>
                        <i>1 0 0 0 1 0 0 0 1 -2.1601 1.48548 -1.02821</i>
                        <i>1 0 0 0 1 0 0 0 1 -2.1601 1.48557 -1.02821</i>
                        <i>1 0 0 0 1 0 0 0 1 -2.1601 1.48614 -1.02821</i>
                        <i>1 0 0 0 1 0 0 0 1 -2.1601 1.487 -1.02821</i>
                        <i>1 0 0 0 1 0 0 0 1 -2.1601 1.48799 -1.02821</i>
                        <i>1 0 0 0 1 0 0 0 1 -2.1601 1.48891 -1.02821</i>
                        <i>1 0 0 0 1 0 0 0 1 -2.1601 1.48959 -1.02821</i>
                        <i>1 0 0 0 1 0 0 0 1 -2.1601 1.48986 -1.02821</i>
                        <i>1 0 0 0 1 0 0 0 1 -2.1601 1.48986 -1.02821</i>
                        <i>1 0 0 0 1 0 0 0 1 -2.1601 1.48986 -1.02821</i>
                        <i>1 0 0 0 1 0 0 0 1 -2.1601 1.48986 -1.02821</i>
                        <i>1 0 0 0 1 0 0 0 1 -2.1601 1.48986 -1.02821</i>
                        <i>1 0 0 0 1 0 0 0 1 -2.1601 1.48986 -1.02821</i>
                        <i>1 0 0 0 1 0 0 0 1 -2.1601 1.48986 -1.02821</i>
                        <i>1 0 0 0 1 0 0 0 1 -2.1601 1.48986 -1.02821</i>
                        <i>1 0 0 0 1 0 0 0 1 -2.1601 1.48986 -1.02821</i>
                        <i>1 0 0 0 1 0 0 0 1 -2.1601 1.48986 -1.02821</i>
                        <i>1 0 0 0 1 0 0 0 1 -2.1601 1.48986 -1.02821</i>
                        <i>1 0 0 0 1 0 0 0 1 -2.1601 1.48986 -1.02821</i>
                        <i>1 0 0 0 1 0 0 0 1 -2.1601 1.48986 -1.02821</i>
                        <i>1 0 0 0 1 0 0 0 1 -2.1601 1.48986 -1.02821</i>
                        <i>1 0 0 0 1 0 0 0 1 -2.1601 1.48986 -1.02821</i>
                        <i>1 0 0 0 1 0 0 0 1 -2.1601 1.48986 -1.02821</i>
                        <i>1 0 0 0 1 0 0 0 1 -2.1601 1.48986 -1.02821</i>
                        <i>1 0 0 0 1 0 0 0 1 -2.1601 1.48986 -1.02821</i>
                        <i>1 0 0 0 1 0 0 0 1 -2.1601 1.48986 -1.02821</i>
                        <i>1 0 0 0 1 0 0 0 1 -2.1601 1.48986 -1.02821</i>
                        <i>1 0 0 0 1 0 0 0 1 -2.1601 1.48986 -1.02821</i>
                        <i>1 0 0 0 1 0 0 0 1 -2.1601 1.48986 -1.02821</i>
                        <i>1 0 0 0 1 0 0 0 1 -2.1601 1.48986 -1.02821</i>
                        <i>1 0 0 0 1 0 0 0 1 -2.1601 1.48986 -1.02821</i>
                        <i>1 0 0 0 1 0 0 0 1 -2.1601 1.48986 -1.02821</i>
                        <i>1 0 0 0 1 0 0 0 1 -2.1601 1.48986 -1.02821</i>
                        <i>1 0 0 0 1 0 0 0 1 -2.1601 1.48986 -1.02821</i>
                        <i>1 0 0 0 1 0 0 0 1 -2.1601 1.48986 -1.02821</i>
                        <i>1 0 0 0 1 0 0 0 1 -2.1601 1.48986 -1.02821</i>
                        <i>1 0 0 0 1 0 0 0 1 -2.1601 1.48986 -1.02821</i>
                        <i>1 0 0 0 1 0 0 0 1 -2.1601 1.48986 -1.02821</i>
                        <i>1 0 0 0 1 0 0 0 1 -2.1601 1.48986 -1.02821</i>
                    </KeyFrames>
                </p>
            </i>
            <i>
                <p>
                    <Name><![CDATA[spine0]]></Name>
                    <Exclude>0</Exclude>
                    <Additive>0</Additive>
                    <IKPriority>0</IKPriority>
                    <IKRotLimits>-1e+010 -1e+010 -1e+010 1e+010 1e+010 1e+010</IKRotLimits>
                    <IKRotLimitOrder>0</IKRotLimitOrder>
                    <KeyFrames count="90">
                        <i>0.0749974 0.983145 0.166736 -0.910811 -0.000533124 0.412824 0.405955 -0.182826 0.895419 -2.18418 1.62735 -1.06305</i>
                        <i>0.0763077 0.982691 0.168805 -0.904446 -0.00304474 0.426577 0.419707 -0.185226 0.888559 -2.18497 1.62736 -1.06246</i>
                        <i>0.0780832 0.982195 0.170866 -0.896961 -0.00559773 0.442075 0.435161 -0.187779 0.880553 -2.18585 1.62737 -1.06177</i>
                        <i>0.0802694 0.98171 0.172633 -0.888729 -0.00793643 0.458365 0.451351 -0.190217 0.871837 -2.18678 1.62737 -1.06103</i>
                        <i>0.0827188 0.981286 0.173882 -0.88019 -0.00988704 0.474518 0.467357 -0.192301 0.862901 -2.1877 1.62736 -1.06028</i>
                        <i>0.0852095 0.980961 0.174511 -0.871853 -0.0113733 0.489636 0.482299 -0.19387 0.854285 -2.18856 1.62735 -1.05957</i>
                        <i>0.0874882 0.98075 0.174571 -0.864284 -0.0124072 0.50285 0.495336 -0.194872 0.846562 -2.18931 1.62734 -1.05893</i>
                        <i>0.0893213 0.98064 0.174262 -0.8581 -0.0130577 0.513317 0.505655 -0.195384 0.84032 -2.1899 1.62733 -1.05841</i>
                        <i>0.0905248 0.980598 0.173874 -0.853934 -0.0134089 0.520208 0.512447 -0.195569 0.836152 -2.19029 1.62731 -1.05807</i>
                        <i>0.0909557 0.98059 0.173698 -0.852413 -0.0135213 0.522694 0.514897 -0.195604 0.834638 -2.19043 1.62731 -1.05795</i>
                        <i>0.0932469 0.98022 0.174565 -0.852389 -0.0120125 0.522771 0.514527 -0.197544 0.834409 -2.1908 1.6327 -1.05797</i>
                        <i>0.09787 0.979435 0.176433 -0.852361 -0.00901751 0.522877 0.513715 -0.201558 0.833949 -2.19179 1.64452 -1.05805</i>
                        <i>0.101421 0.978756 0.178189 -0.852411 -0.00685548 0.522827 0.512942 -0.204916 0.833607 -2.19321 1.65621 -1.05817</i>
                        <i>0.100436 0.978764 0.178698 -0.852597 -0.00790701 0.522508 0.512826 -0.204836 0.833698 -2.19488 1.66124 -1.05831</i>
                        <i>0.0932405 0.979719 0.177359 -0.852882 -0.0133163 0.521934 0.51371 -0.199931 0.834344 -2.19664 1.65766 -1.05846</i>
                        <i>0.0824788 0.981128 0.174887 -0.853149 -0.0211907 0.521236 0.515105 -0.192196 0.835301 -2.1983 1.64959 -1.05861</i>
                        <i>0.0711392 0.982506 0.172109 -0.85332 -0.0294023 0.520557 0.516511 -0.183896 0.8363 -2.1997 1.63962 -1.05874</i>
                        <i>0.0621534 0.983511 0.169835 -0.853386 -0.0358724 0.520044 0.517561 -0.177257 0.837084 -2.20065 1.63034 -1.05883</i>
                        <i>0.0583721 0.983911 0.168856 -0.853392 -0.0385845 0.51984 0.517992 -0.174444 0.837409 -2.20101 1.62433 -1.05887</i>
                        <i>0.0629937 0.983479 0.16971 -0.853139 -0.0351724 0.520497 0.517867 -0.177575 0.836828 -2.19984 1.62247 -1.05873</i>
                        <i>0.0744328 0.982302 0.171879 -0.85263 -0.0267012 0.521832 0.517186 -0.185391 0.835553 -2.19706 1.62305 -1.05843</i>
                        <i>0.0882549 0.980688 0.174535 -0.852182 -0.0163871 0.522988 0.515749 -0.194892 0.834278 -2.19379 1.62481 -1.05812</i>
                        <i>0.0997668 0.97918 0.176785 -0.852005 -0.00770135 0.523478 0.51394 -0.202847 0.833498 -2.19119 1.62659 -1.05792</i>
                        <i>0.104094 0.978567 0.177681 -0.852247 -0.0043279 0.523121 0.512678 -0.205882 0.833531 -2.19043 1.62731 -1.05795</i>
                        <i>0.0978333 0.979414 0.176567 -0.853223 -0.00878215 0.521473 0.512289 -0.201668 0.834799 -2.19242 1.62677 -1.05833</i>
                        <i>0.0843505 0.981107 0.174109 -0.854947 -0.0184899 0.518386 0.511811 -0.19258 0.837235 -2.19633 1.62564 -1.05902</i>
                        <i>0.0688541 0.982808 0.171314 -0.85708 -0.0296074 0.514331 0.510561 -0.182243 0.840307 -2.20079 1.62418 -1.05982</i>
                        <i>0.0562073 0.983996 0.169091 -0.859049 -0.0386431 0.510432 0.508798 -0.173948 0.84313 -2.20453 1.62282 -1.06052</i>
                        <i>0.0508571 0.98443 0.16826 -0.860023 -0.0424806 0.508485 0.507715 -0.170567 0.844472 -2.20632 1.62213 -1.06085</i>
                        <i>0.0555682 0.983982 0.169384 -0.859406 -0.0392226 0.509787 0.508265 -0.173898 0.843461 -2.20551 1.62246 -1.06063</i>
                        <i>0.0673661 0.982806 0.171912 -0.857688 -0.0309855 0.513237 0.509739 -0.182022 0.840853 -2.20293 1.62346 -1.06004</i>
                        <i>0.0819035 0.981165 0.174951 -0.855579 -0.0208113 0.517254 0.511152 -0.192049 0.837759 -2.19958 1.62466 -1.05932</i>
                        <i>0.0945554 0.979559 0.17755 -0.85371 -0.011956 0.520612 0.512093 -0.200802 0.835128 -2.19652 1.62566 -1.05868</i>
                        <i>0.100436 0.978764 0.178698 -0.852597 -0.00790701 0.522508 0.512826 -0.204836 0.833698 -2.19488 1.62617 -1.05831</i>
                        <i>0.0966999 0.979305 0.177793 -0.852342 -0.0107645 0.522874 0.513967 -0.202102 0.833662 -2.19524 1.62538 -1.05825</i>
                        <i>0.08655 0.980668 0.175498 -0.852547 -0.0182326 0.522332 0.515434 -0.194828 0.834488 -2.19687 1.62349 -1.05838</i>
                        <i>0.0741174 0.982185 0.172684 -0.852951 -0.0272836 0.521277 0.516702 -0.185927 0.835733 -2.19892 1.6218 -1.0586</i>
                        <i>0.0634325 0.983366 0.1702 -0.85331 -0.0349972 0.520229 0.517532 -0.178232 0.836896 -2.20057 1.62162 -1.0588</i>
                        <i>0.0583721 0.983911 0.168856 -0.853392 -0.0385845 0.51984 0.517992 -0.174444 0.837409 -2.20101 1.62433 -1.05887</i>
                        <i>0.0603891 0.983789 0.168856 -0.853152 -0.0369424 0.520352 0.518154 -0.175483 0.837091 -2.19975 1.63225 -1.05875</i>
                        <i>0.0669327 0.983226 0.169669 -0.852831 -0.0318863 0.521213 0.51788 -0.179585 0.836391 -2.1973 1.64443 -1.05852</i>
                        <i>0.0757871 0.982355 0.170983 -0.852587 -0.0250775 0.521983 0.517061 -0.185337 0.835643 -2.19443 1.65739 -1.05827</i>
                        <i>0.0846135 0.981377 0.172453 -0.852464 -0.0183116 0.522465 0.515893 -0.191217 0.835039 -2.19188 1.66771 -1.05806</i>
                        <i>0.0909557 0.98059 0.173698 -0.852413 -0.0135213 0.522694 0.514897 -0.195604 0.834638 -2.19043 1.67199 -1.05795</i>
                        <i>0.0949671 0.98001 0.174821 -0.852378 -0.0106648 0.522817 0.51423 -0.198664 0.834326 -2.19041 1.6678 -1.05806</i>
                        <i>0.098256 0.979461 0.176073 -0.852369 -0.00848802 0.522873 0.513628 -0.201455 0.834028 -2.19128 1.65741 -1.05836</i>
                        <i>0.100508 0.979015 0.177277 -0.852426 -0.00715436 0.522798 0.513096 -0.203661 0.833819 -2.19262 1.64453 -1.05864</i>
                        <i>0.101369 0.978754 0.178227 -0.852535 -0.00687139 0.522625 0.512746 -0.204922 0.833725 -2.19396 1.63287 -1.0587</i>
                        <i>0.100436 0.978764 0.178698 -0.852597 -0.00790701 0.522508 0.512826 -0.204836 0.833698 -2.19488 1.62617 -1.05831</i>
                        <i>0.0981167 0.978983 0.178791 -0.852554 -0.00998588 0.522543 0.513346 -0.203699 0.833656 -2.1954 1.62381 -1.05747</i>
                        <i>0.0951675 0.979277 0.178775 -0.852436 -0.0125787 0.522681 0.514098 -0.202136 0.833573 -2.19583 1.62253 -1.05637</i>
                        <i>0.0917035 0.979625 0.178677 -0.852248 -0.015595 0.522906 0.515038 -0.200229 0.833453 -2.19621 1.62212 -1.0551</i>
                        <i>0.0878371 0.980008 0.178519 -0.852002 -0.0189414 0.523195 0.516117 -0.198054 0.833305 -2.19655 1.62239 -1.05371</i>
                        <i>0.0836759 0.980409 0.178314 -0.851719 -0.0225228 0.523515 0.517275 -0.195679 0.833148 -2.19687 1.62312 -1.0523</i>
                        <i>0.0793218 0.980816 0.178069 -0.851422 -0.0262437 0.523824 0.518448 -0.193162 0.833007 -2.1972 1.62413 -1.05095</i>
                        <i>0.0748711 0.981217 0.177783 -0.851144 -0.0300093 0.524074 0.519566 -0.190557 0.83291 -2.19756 1.62521 -1.04972</i>
                        <i>0.0704153 0.981607 0.177454 -0.850919 -0.0337263 0.524213 0.520556 -0.187912 0.832893 -2.19797 1.62617 -1.04871</i>
                        <i>0.0660437 0.981979 0.177075 -0.850787 -0.0373033 0.524185 0.521344 -0.185273 0.832991 -2.19845 1.62683 -1.048</i>
                        <i>0.0618466 0.98233 0.176644 -0.850788 -0.0406497 0.523935 0.521857 -0.18269 0.83324 -2.19902 1.62699 -1.04766</i>
                        <i>0.0575117 0.982666 0.176237 -0.850943 -0.0440682 0.523405 0.522099 -0.18007 0.833659 -2.19969 1.62679 -1.04771</i>
                        <i>0.0527728 0.982993 0.175899 -0.851227 -0.0478191 0.522615 0.522138 -0.17731 0.834226 -2.20041 1.62652 -1.04809</i>
                        <i>0.0477951 0.983305 0.175579 -0.8516 -0.051749 0.521631 0.522008 -0.174454 0.834909 -2.20119 1.6262 -1.04873</i>
                        <i>0.0427437 0.9836 0.175228 -0.852029 -0.0557047 0.520522 0.521746 -0.171548 0.835675 -2.20201 1.62582 -1.04957</i>
                        <i>0.0377798 0.98388 0.174795 -0.852484 -0.0595333 0.519353 0.521387 -0.168631 0.836492 -2.20285 1.62539 -1.05057</i>
                        <i>0.0330585 0.98415 0.174228 -0.852943 -0.0630839 0.518179 0.520957 -0.165737 0.837338 -2.20371 1.62493 -1.05166</i>
                        <i>0.0287265 0.98442 0.173469 -0.853394 -0.0662079 0.517045 0.520475 -0.162891 0.838196 -2.20458 1.62445 -1.05278</i>
                        <i>0.0249219 0.984701 0.172459 -0.853833 -0.0687592 0.515986 0.51995 -0.160111 0.839057 -2.20544 1.62396 -1.05389</i>
                        <i>0.021775 0.985007 0.171133 -0.854264 -0.0705942 0.515024 0.519383 -0.157407 0.839919 -2.20628 1.62347 -1.05492</i>
                        <i>0.019412 0.985352 0.169423 -0.854694 -0.07157 0.514176 0.51877 -0.154786 0.840785 -2.2071 1.623 -1.05581</i>
                        <i>0.0176526 0.985785 0.167081 -0.85496 -0.0717586 0.513707 0.518394 -0.151916 0.84154 -2.20806 1.62248 -1.05666</i>
                        <i>0.016236 0.986318 0.164053 -0.854994 -0.0713694 0.513703 0.518383 -0.148605 0.842137 -2.20926 1.62184 -1.05754</i>
                        <i>0.0151649 0.986913 0.160539 -0.854939 -0.0704618 0.513921 0.518508 -0.145045 0.842681 -2.21061 1.62112 -1.05846</i>
                        <i>0.0144445 0.987536 0.156727 -0.85492 -0.0690914 0.514139 0.518559 -0.141415 0.843266 -2.21202 1.62036 -1.05938</i>
                        <i>0.0140864 0.988158 0.152789 -0.855046 -0.0673114 0.514165 0.51836 -0.137885 0.843973 -2.21339 1.61958 -1.06029</i>
                        <i>0.0141097 0.988752 0.148896 -0.855406 -0.0651725 0.513842 0.517767 -0.134617 0.844865 -2.21463 1.61884 -1.06118</i>
                        <i>0.0145408 0.989293 0.145215 -0.856066 -0.0627257 0.513046 0.516662 -0.131774 0.845988 -2.21566 1.61818 -1.06202</i>
                        <i>0.01541 0.989758 0.14192 -0.857079 -0.060024 0.511676 0.514954 -0.129521 0.847376 -2.21638 1.61766 -1.06281</i>
                        <i>0.0167457 0.990124 0.139193 -0.858486 -0.0571274 0.509645 0.512564 -0.12803 0.849051 -2.2167 1.61732 -1.06353</i>
                        <i>0.0185639 0.990365 0.137234 -0.860326 -0.0541096 0.506864 0.509406 -0.127476 0.851032 -2.21654 1.61721 -1.06416</i>
                        <i>0.0208543 0.990453 0.136261 -0.862649 -0.0510667 0.503219 0.505373 -0.12804 0.853349 -2.2158 1.61739 -1.06469</i>
                        <i>0.02457 0.990395 0.13607 -0.866025 -0.0469073 0.497796 0.499397 -0.130071 0.856554 -2.21409 1.61801 -1.06509</i>
                        <i>0.0303117 0.990169 0.136553 -0.870739 -0.0409253 0.49004 0.49081 -0.133756 0.860938 -2.21125 1.6191 -1.06533</i>
                        <i>0.037483 0.989709 0.138098 -0.876442 -0.0338272 0.480318 0.480047 -0.139038 0.866154 -2.20756 1.62048 -1.06541</i>
                        <i>0.0454145 0.988972 0.140971 -0.882778 -0.0263221 0.469052 0.467589 -0.145748 0.871847 -2.20332 1.62197 -1.0653</i>
                        <i>0.0533814 0.987962 0.145194 -0.889369 -0.0190773 0.456791 0.454062 -0.153515 0.877645 -2.19884 1.62343 -1.06501</i>
                        <i>0.0606867 0.986751 0.150467 -0.895805 -0.0126519 0.444268 0.440285 -0.16175 0.883168 -2.19443 1.62475 -1.06458</i>
                        <i>0.0667671 0.985471 0.156169 -0.901643 -0.00743828 0.432418 0.427297 -0.16968 0.888046 -2.19043 1.62584 -1.06407</i>
                        <i>0.071269 0.984307 0.161432 -0.906413 -0.00364308 0.422376 0.416336 -0.176427 0.89193 -2.18718 1.62666 -1.06358</i>
                        <i>0.0740391 0.983465 0.165272 -0.909632 -0.00132979 0.415413 0.408764 -0.181093 0.894493 -2.18498 1.62717 -1.0632</i>
                        <i>0.0749974 0.983145 0.166736 -0.910811 -0.000533124 0.412824 0.405955 -0.182826 0.895419 -2.18418 1.62735 -1.06305</i>
                    </KeyFrames>
                </p>
            </i>
            <i>
                <p>
                    <Name><![CDATA[spine1]]></Name>
                    <Exclude>0</Exclude>
                    <Additive>0</Additive>
                    <IKPriority>0</IKPriority>
                    <IKRotLimits>-1e+010 -1e+010 -1e+010 1e+010 1e+010 1e+010</IKRotLimits>
                    <IKRotLimitOrder>0</IKRotLimitOrder>
                    <KeyFrames count="90">
                        <i>0.197537 0.90879 0.367533 -0.933894 0.060477 0.352398 0.298028 -0.412849 0.86066 -2.17096 1.80086 -1.03365</i>
                        <i>0.209255 0.904905 0.370621 -0.909766 0.0411973 0.413072 0.358522 -0.423615 0.831873 -2.1715 1.80091 -1.03267</i>
                        <i>0.223361 0.900892 0.372161 -0.877262 0.0193699 0.479621 0.424878 -0.433611 0.794645 -2.17206 1.80094 -1.0316</i>
                        <i>0.238949 0.897216 0.371359 -0.837097 -0.00348441 0.547044 0.49211 -0.441579 0.750224 -2.1726 1.80096 -1.03054</i>
                        <i>0.254842 0.894251 0.367927 -0.791303 -0.0258327 0.610878 0.555783 -0.446819 0.701041 -2.17308 1.80096 -1.02955</i>
                        <i>0.269774 0.892205 0.362204 -0.743191 -0.0462559 0.667479 0.612282 -0.449255 0.6506 -2.17349 1.80093 -1.02872</i>
                        <i>0.282595 0.891074 0.355145 -0.697096 -0.0635565 0.714156 0.658937 -0.449387 0.603203 -2.17384 1.8009 -1.02807</i>
                        <i>0.292426 0.890654 0.348171 -0.657987 -0.0768009 0.749102 0.693931 -0.448149 0.56358 -2.17411 1.80086 -1.02761</i>
                        <i>0.298673 0.890622 0.342908 -0.63102 -0.0852622 0.771067 0.715967 -0.446679 0.536535 -2.17429 1.80083 -1.02733</i>
                        <i>0.300873 0.89066 0.34088 -0.621062 -0.0882584 0.778776 0.723711 -0.446021 0.526601 -2.17436 1.80082 -1.02724</i>
                        <i>0.303508 0.889714 0.341017 -0.621157 -0.0866414 0.778882 0.722528 -0.448222 0.526355 -2.17432 1.80617 -1.02711</i>
                        <i>0.30996 0.887413 0.341208 -0.621401 -0.0825296 0.779134 0.719574 -0.453527 0.525858 -2.17447 1.81796 -1.02684</i>
                        <i>0.318074 0.88456 0.341149 -0.621657 -0.0770872 0.779487 0.715801 -0.460012 0.525374 -2.17524 1.8298 -1.02659</i>
                        <i>0.325803 0.881956 0.340597 -0.621567 -0.0716405 0.780078 0.712395 -0.465856 0.524854 -2.17705 1.83526 -1.02657</i>
                        <i>0.331804 0.88014 0.339499 -0.620854 -0.0672169 0.781039 0.710244 -0.469931 0.524136 -2.18003 1.83244 -1.02686</i>
                        <i>0.336146 0.87902 0.338127 -0.61981 -0.0638439 0.782151 0.709113 -0.472492 0.523364 -2.18355 1.8253 -1.02733</i>
                        <i>0.338991 0.878449 0.336768 -0.618787 -0.0614462 0.783152 0.708652 -0.473869 0.522743 -2.18693 1.81625 -1.02784</i>
                        <i>0.340513 0.878263 0.335715 -0.618048 -0.0599998 0.783847 0.708567 -0.474398 0.522379 -2.18948 1.80767 -1.02826</i>
                        <i>0.34092 0.878272 0.33528 -0.617759 -0.0595375 0.78411 0.708624 -0.47444 0.522263 -2.1905 1.80195 -1.02843</i>
                        <i>0.336954 0.879552 0.335933 -0.618051 -0.0625297 0.783647 0.710264 -0.471676 0.522539 -2.18853 1.79954 -1.02822</i>
                        <i>0.327582 0.882475 0.337532 -0.618897 -0.0695111 0.78239 0.713902 -0.465195 0.523391 -2.18376 1.79884 -1.02771</i>
                        <i>0.31647 0.885781 0.339469 -0.620135 -0.0776161 0.780646 0.717829 -0.457567 0.524741 -2.17812 1.79914 -1.02712</i>
                        <i>0.307649 0.888235 0.341161 -0.621384 -0.083979 0.778993 0.720579 -0.451648 0.526099 -2.17356 1.7998 -1.02667</i>
                        <i>0.305431 0.88865 0.342072 -0.622082 -0.0857611 0.778241 0.72092 -0.450496 0.526619 -2.17206 1.80017 -1.02659</i>
                        <i>0.313097 0.886012 0.341985 -0.621979 -0.0808293 0.778851 0.717713 -0.456563 0.525773 -2.17509 1.80042 -1.02706</i>
                        <i>0.327507 0.881083 0.341221 -0.621599 -0.0710608 0.780106 0.711586 -0.467593 0.524407 -2.18128 1.80093 -1.02795</i>
                        <i>0.343512 0.875396 0.340119 -0.621418 -0.0596729 0.781204 0.704159 -0.479709 0.523489 -2.1884 1.80145 -1.02897</i>
                        <i>0.356605 0.870548 0.339087 -0.621542 -0.0499112 0.78179 0.697509 -0.489547 0.523283 -2.19434 1.80184 -1.02982</i>
                        <i>0.36297 0.868125 0.338544 -0.6217 -0.045005 0.781962 0.694076 -0.494301 0.523378 -2.19706 1.80197 -1.03017</i>
                        <i>0.360843 0.868949 0.338704 -0.621636 -0.0466376 0.781917 0.695242 -0.4927 0.523341 -2.19542 1.80179 -1.02982</i>
                        <i>0.352849 0.87199 0.339309 -0.621505 -0.0526606 0.781638 0.699449 -0.486682 0.523365 -2.19077 1.80139 -1.02897</i>
                        <i>0.342007 0.876016 0.340041 -0.621519 -0.0605323 0.781057 0.704802 -0.478469 0.523758 -2.1849 1.80087 -1.02795</i>
                        <i>0.331716 0.879758 0.340573 -0.621643 -0.0677048 0.780369 0.709595 -0.470575 0.524437 -2.17968 1.80041 -1.02705</i>
                        <i>0.325803 0.881956 0.340597 -0.621567 -0.0716405 0.780078 0.712395 -0.465856 0.524854 -2.17705 1.80019 -1.02657</i>
                        <i>0.326279 0.882074 0.339836 -0.620925 -0.0710768 0.780641 0.712737 -0.465719 0.524511 -2.17806 1.79964 -1.02665</i>
                        <i>0.330692 0.880948 0.338487 -0.619884 -0.0676861 0.781768 0.711608 -0.468348 0.523703 -2.18143 1.79863 -1.02708</i>
                        <i>0.336318 0.879394 0.336981 -0.618843 -0.0633539 0.782955 0.709876 -0.47186 0.5229 -2.18564 1.79806 -1.02765</i>
                        <i>0.340547 0.878233 0.335761 -0.618085 -0.0599938 0.783818 0.708518 -0.474456 0.522392 -2.18917 1.79886 -1.02817</i>
                        <i>0.34092 0.878272 0.33528 -0.617759 -0.0595375 0.78411 0.708624 -0.47444 0.522263 -2.1905 1.80195 -1.02843</i>
                        <i>0.335625 0.880105 0.335816 -0.617928 -0.0633778 0.783676 0.711 -0.470531 0.52257 -2.1889 1.80943 -1.02838</i>
                        <i>0.326194 0.883169 0.33706 -0.618524 -0.0702364 0.78262 0.71486 -0.463766 0.523351 -2.18533 1.82068 -1.02815</i>
                        <i>0.315292 0.88654 0.338584 -0.619426 -0.0780457 0.781166 0.71896 -0.456023 0.524538 -2.18094 1.83252 -1.02782</i>
                        <i>0.305815 0.88932 0.339982 -0.620389 -0.0847394 0.779703 0.722215 -0.449366 0.52581 -2.17688 1.84183 -1.02749</i>
                        <i>0.300873 0.89066 0.34088 -0.621062 -0.0882584 0.778776 0.723711 -0.446021 0.526601 -2.17436 1.8455 -1.02724</i>
                        <i>0.30246 0.889666 0.342071 -0.621337 -0.0881201 0.778573 0.722813 -0.448029 0.526129 -2.17363 1.84115 -1.02717</i>
                        <i>0.308545 0.886911 0.343787 -0.621446 -0.0856721 0.778759 0.720143 -0.453927 0.524733 -2.1739 1.83087 -1.02721</i>
                        <i>0.316269 0.883772 0.344849 -0.621507 -0.0816099 0.779146 0.716731 -0.460746 0.52346 -2.1748 1.81823 -1.02722</i>
                        <i>0.322891 0.881651 0.344142 -0.621567 -0.0766687 0.7796 0.71372 -0.465633 0.52325 -2.17597 1.80681 -1.02706</i>
                        <i>0.325803 0.881956 0.340597 -0.621567 -0.0716405 0.780078 0.712395 -0.465856 0.524854 -2.17705 1.80019 -1.02657</i>
                        <i>0.325358 0.884539 0.334265 -0.621451 -0.066412 0.780633 0.712699 -0.461715 0.52809 -2.17799 1.79773 -1.02574</i>
                        <i>0.323792 0.88811 0.326221 -0.621223 -0.0604967 0.781295 0.713611 -0.455633 0.532126 -2.17897 1.79629 -1.02468</i>
                        <i>0.32135 0.892357 0.316912 -0.620856 -0.0541596 0.782051 0.715033 -0.448069 0.536621 -2.17998 1.79568 -1.02347</i>
                        <i>0.318281 0.896977 0.306804 -0.620341 -0.0476581 0.782883 0.71685 -0.4395 0.541263 -2.18103 1.79572 -1.02217</i>
                        <i>0.31485 0.90168 0.296382 -0.619687 -0.0412398 0.783765 0.718928 -0.430433 0.545775 -2.18211 1.79624 -1.02084</i>
                        <i>0.311336 0.906191 0.286161 -0.618925 -0.0351427 0.784663 0.721111 -0.421406 0.549923 -2.18323 1.79707 -1.01957</i>
                        <i>0.308035 0.910255 0.276677 -0.61811 -0.0295963 0.785535 0.723226 -0.412989 0.553521 -2.18439 1.79803 -1.01843</i>
                        <i>0.305256 0.913638 0.268487 -0.617313 -0.0248234 0.786326 0.725082 -0.405771 0.556423 -2.18559 1.79894 -1.0175</i>
                        <i>0.303319 0.916118 0.262154 -0.616621 -0.021042 0.786979 0.726482 -0.400355 0.558515 -2.18684 1.79963 -1.01686</i>
                        <i>0.302542 0.917485 0.258243 -0.616128 -0.0184675 0.787429 0.727224 -0.397341 0.559701 -2.18815 1.79993 -1.01658</i>
                        <i>0.302899 0.917662 0.257194 -0.615852 -0.0174819 0.787668 0.727309 -0.396977 0.559848 -2.18956 1.8 -1.01667</i>
                        <i>0.304059 0.91686 0.258682 -0.615755 -0.0180468 0.787731 0.726907 -0.398802 0.559073 -2.19111 1.80009 -1.01705</i>
                        <i>0.30587 0.915283 0.262106 -0.615839 -0.0197476 0.787625 0.726076 -0.402326 0.557627 -2.19275 1.80022 -1.01768</i>
                        <i>0.308178 0.913133 0.266861 -0.616094 -0.0221752 0.78736 0.724882 -0.407059 0.555742 -2.19444 1.80037 -1.01851</i>
                        <i>0.310831 0.91061 0.272348 -0.616498 -0.0249285 0.786961 0.723404 -0.412514 0.553641 -2.19615 1.80052 -1.01949</i>
                        <i>0.31368 0.907927 0.277982 -0.617021 -0.0276171 0.786462 0.721727 -0.418218 0.551547 -2.19783 1.80068 -1.02058</i>
                        <i>0.316586 0.905303 0.283196 -0.617625 -0.0298625 0.785906 0.71994 -0.423716 0.549683 -2.19946 1.80082 -1.02175</i>
                        <i>0.319414 0.902967 0.287445 -0.618264 -0.0312987 0.785347 0.718139 -0.428568 0.548275 -2.20099 1.80094 -1.02293</i>
                        <i>0.322041 0.901151 0.2902 -0.618897 -0.0315706 0.784837 0.716419 -0.432354 0.547553 -2.20239 1.80103 -1.02411</i>
                        <i>0.324346 0.900083 0.290946 -0.61948 -0.0303298 0.784426 0.714873 -0.434661 0.547746 -2.20362 1.80107 -1.02524</i>
                        <i>0.32697 0.899691 0.289216 -0.618569 -0.0276228 0.785245 0.714467 -0.435652 0.547489 -2.20489 1.80106 -1.02644</i>
                        <i>0.330348 0.899695 0.285341 -0.615344 -0.0239428 0.787895 0.715697 -0.435862 0.545712 -2.20634 1.801 -1.0278</i>
                        <i>0.334063 0.900003 0.279995 -0.610702 -0.0195956 0.791618 0.717945 -0.435443 0.543087 -2.20789 1.80088 -1.02927</i>
                        <i>0.337745 0.900527 0.273823 -0.605534 -0.014835 0.795681 0.720595 -0.434547 0.540289 -2.20942 1.80073 -1.03081</i>
                        <i>0.341102 0.901185 0.267423 -0.600726 -0.00983967 0.799394 0.723033 -0.433323 0.538009 -2.21085 1.80054 -1.03237</i>
                        <i>0.343919 0.9019 0.261333 -0.597159 -0.00470421 0.802109 0.724652 -0.431918 0.53696 -2.21208 1.80033 -1.03391</i>
                        <i>0.346057 0.902603 0.256031 -0.595701 0.000554555 0.803206 0.724834 -0.430473 0.537874 -2.21302 1.80014 -1.03538</i>
                        <i>0.347418 0.903228 0.251951 -0.5972 0.00597418 0.80207 0.722947 -0.429119 0.541483 -2.21358 1.79997 -1.03673</i>
                        <i>0.347913 0.903718 0.249501 -0.602465 0.0116063 0.798061 0.718326 -0.427971 0.548497 -2.21365 1.79986 -1.03793</i>
                        <i>0.347405 0.904021 0.249111 -0.61225 0.0174594 0.790471 0.710253 -0.427132 0.559553 -2.21316 1.79983 -1.03892</i>
                        <i>0.34564 0.904098 0.251277 -0.627224 0.023424 0.778487 0.697942 -0.426683 0.575168 -2.212 1.79989 -1.03965</i>
                        <i>0.341487 0.903991 0.25727 -0.652526 0.0310207 0.757131 0.676458 -0.426426 0.600471 -2.20961 1.80009 -1.04014</i>
                        <i>0.333834 0.903877 0.267509 -0.689533 0.0406593 0.723112 0.642728 -0.425856 0.636826 -2.20573 1.80042 -1.04039</i>
                        <i>0.322203 0.903932 0.281233 -0.733202 0.0503611 0.678143 0.598832 -0.4247 0.678991 -2.20076 1.80075 -1.04031</i>
                        <i>0.306289 0.904286 0.297411 -0.77886 0.0584233 0.624471 0.547325 -0.42291 0.722206 -2.19512 1.80101 -1.03983</i>
                        <i>0.286356 0.904978 0.314668 -0.822504 0.0637434 0.565176 0.491414 -0.420657 0.762601 -2.18926 1.80116 -1.03894</i>
                        <i>0.263538 0.905929 0.331422 -0.861012 0.0659849 0.504286 0.434979 -0.418256 0.797405 -2.1836 1.80117 -1.03772</i>
                        <i>0.239975 0.906973 0.34614 -0.892253 0.0655821 0.446747 0.382487 -0.416052 0.824987 -2.17858 1.8011 -1.03633</i>
                        <i>0.218715 0.907906 0.35759 -0.915078 0.0635955 0.39823 0.338814 -0.414322 0.844714 -2.17457 1.80099 -1.03501</i>
                        <i>0.203365 0.908553 0.36493 -0.929062 0.0614351 0.364787 0.309009 -0.413228 0.856596 -2.17192 1.8009 -1.03403</i>
                        <i>0.197537 0.90879 0.367533 -0.933894 0.060477 0.352398 0.298028 -0.412849 0.86066 -2.17096 1.80086 -1.03365</i>
                    </KeyFrames>
                </p>
            </i>
            <i>
                <p>
                    <Name><![CDATA[spine2]]></Name>
                    <Exclude>0</Exclude>
                    <Additive>0</Additive>
                    <IKPriority>0</IKPriority>
                    <IKRotLimits>-1e+010 -1e+010 -1e+010 1e+010 1e+010 1e+010</IKRotLimits>
                    <IKRotLimitOrder>0</IKRotLimitOrder>
                    <KeyFrames count="90">
