<?xml version="1.0" encoding="ISO-8859-1" ?>
<Animl Version="1">
    <ModellingPackage><![CDATA[Maya.2010]]></ModellingPackage>
    <SrcFile><![CDATA[anims\turrets\mortar\red\~src\mortar_m1938\mortar_m1938_fire_crewman_a.mb]]></SrcFile>
    <FramesPerSecond>30</FramesPerSecond>
    <TotalFrames>40</TotalFrames>
    <Skeleton>
        <RefFrame>
            <Name><![CDATA[soldier_ref_frame]]></Name>
            <Exclude>0</Exclude>
            <Additive>0</Additive>
            <IKPriority>0</IKPriority>
            <IKRotLimits>-1e+010 -1e+010 -1e+010 1e+010 1e+010 1e+010</IKRotLimits>
            <IKRotLimitOrder>0</IKRotLimitOrder>
            <KeyFrames count="40">
                <i>1 0 0 0 1 0 0 0 1 1.29 0.9 -0.19</i>
                <i>1 0 0 0 1 0 0 0 1 1.29 0.9 -0.19</i>
                <i>1 0 0 0 1 0 0 0 1 1.29 0.9 -0.19</i>
                <i>1 0 0 0 1 0 0 0 1 1.29 0.9 -0.19</i>
                <i>1 0 0 0 1 0 0 0 1 1.29 0.9 -0.19</i>
                <i>1 0 0 0 1 0 0 0 1 1.29 0.9 -0.19</i>
                <i>1 0 0 0 1 0 0 0 1 1.29 0.9 -0.19</i>
                <i>1 0 0 0 1 0 0 0 1 1.29 0.9 -0.19</i>
                <i>1 0 0 0 1 0 0 0 1 1.29 0.9 -0.19</i>
                <i>1 0 0 0 1 0 0 0 1 1.29 0.9 -0.19</i>
                <i>1 0 0 0 1 0 0 0 1 1.29 0.9 -0.19</i>
                <i>1 0 0 0 1 0 0 0 1 1.29 0.9 -0.19</i>
                <i>1 0 0 0 1 0 0 0 1 1.29 0.9 -0.19</i>
                <i>1 0 0 0 1 0 0 0 1 1.29 0.9 -0.19</i>
                <i>1 0 0 0 1 0 0 0 1 1.29 0.9 -0.19</i>
                <i>1 0 0 0 1 0 0 0 1 1.29 0.9 -0.19</i>
                <i>1 0 0 0 1 0 0 0 1 1.29 0.9 -0.19</i>
                <i>1 0 0 0 1 0 0 0 1 1.29 0.9 -0.19</i>
                <i>1 0 0 0 1 0 0 0 1 1.29 0.9 -0.19</i>
                <i>1 0 0 0 1 0 0 0 1 1.29 0.9 -0.19</i>
                <i>1 0 0 0 1 0 0 0 1 1.29 0.9 -0.19</i>
                <i>1 0 0 0 1 0 0 0 1 1.29 0.9 -0.19</i>
                <i>1 0 0 0 1 0 0 0 1 1.29 0.9 -0.19</i>
                <i>1 0 0 0 1 0 0 0 1 1.29 0.9 -0.19</i>
                <i>1 0 0 0 1 0 0 0 1 1.29 0.9 -0.19</i>
                <i>1 0 0 0 1 0 0 0 1 1.29 0.9 -0.19</i>
                <i>1 0 0 0 1 0 0 0 1 1.29 0.9 -0.19</i>
                <i>1 0 0 0 1 0 0 0 1 1.29 0.9 -0.19</i>
                <i>1 0 0 0 1 0 0 0 1 1.29 0.9 -0.19</i>
                <i>1 0 0 0 1 0 0 0 1 1.29 0.9 -0.19</i>
                <i>1 0 0 0 1 0 0 0 1 1.29 0.9 -0.19</i>
                <i>1 0 0 0 1 0 0 0 1 1.29 0.9 -0.19</i>
                <i>1 0 0 0 1 0 0 0 1 1.29 0.9 -0.19</i>
                <i>1 0 0 0 1 0 0 0 1 1.29 0.9 -0.19</i>
                <i>1 0 0 0 1 0 0 0 1 1.29 0.9 -0.19</i>
                <i>1 0 0 0 1 0 0 0 1 1.29 0.9 -0.19</i>
                <i>1 0 0 0 1 0 0 0 1 1.29 0.9 -0.19</i>
                <i>1 0 0 0 1 0 0 0 1 1.29 0.9 -0.19</i>
                <i>1 0 0 0 1 0 0 0 1 1.29 0.9 -0.19</i>
                <i>1 0 0 0 1 0 0 0 1 1.29 0.9 -0.19</i>
            </KeyFrames>
        </RefFrame>
        <Bones count="23">
            <i>
                <p>
                    <Name><![CDATA[pelvis]]></Name>
                    <Exclude>0</Exclude>
                    <Additive>0</Additive>
                    <IKPriority>0</IKPriority>
                    <IKRotLimits>-1e+010 -1e+010 -1e+010 1e+010 1e+010 1e+010</IKRotLimits>
                    <IKRotLimitOrder>2</IKRotLimitOrder>
                    <KeyFrames count="40">
                        <i>1 0 0 0 1 0 0 0 1 1.39178 2.01888 -0.336095</i>
                        <i>1 0 0 0 1 0 0 0 1 1.39244 1.96707 -0.336858</i>
                        <i>1 0 0 0 1 0 0 0 1 1.39319 1.91527 -0.33758</i>
                        <i>1 0 0 0 1 0 0 0 1 1.3935 1.89499 -0.337823</i>
                        <i>1 0 0 0 1 0 0 0 1 1.39307 1.92253 -0.337366</i>
                        <i>1 0 0 0 1 0 0 0 1 1.39221 1.97627 -0.33653</i>
                        <i>1 0 0 0 1 0 0 0 1 1.39135 2.03083 -0.335691</i>
                        <i>1 0 0 0 1 0 0 0 1 1.3909 2.06081 -0.335222</i>
                        <i>1 0 0 0 1 0 0 0 1 1.39096 2.05881 -0.335241</i>
                        <i>1 0 0 0 1 0 0 0 1 1.39126 2.04041 -0.335524</i>
                        <i>1 0 0 0 1 0 0 0 1 1.39166 2.01474 -0.335929</i>
                        <i>1 0 0 0 1 0 0 0 1 1.39203 1.99096 -0.336315</i>
                        <i>1 0 0 0 1 0 0 0 1 1.39222 1.97821 -0.336542</i>
                        <i>1 0 0 0 1 0 0 0 1 1.39221 1.97949 -0.336557</i>
                        <i>1 0 0 0 1 0 0 0 1 1.39211 1.98873 -0.33645</i>
                        <i>1 0 0 0 1 0 0 0 1 1.39196 2.00139 -0.33629</i>
                        <i>1 0 0 0 1 0 0 0 1 1.39183 2.01294 -0.336149</i>
                        <i>1 0 0 0 1 0 0 0 1 1.39178 2.01888 -0.336095</i>
                        <i>1 0 0 0 1 0 0 0 1 1.39183 2.01736 -0.336161</i>
                        <i>1 0 0 0 1 0 0 0 1 1.39197 2.01141 -0.336298</i>
                        <i>1 0 0 0 1 0 0 0 1 1.39213 2.00377 -0.336457</i>
                        <i>1 0 0 0 1 0 0 0 1 1.39226 1.99718 -0.336588</i>
                        <i>1 0 0 0 1 0 0 0 1 1.39232 1.99437 -0.336642</i>
                        <i>1 0 0 0 1 0 0 0 1 1.39229 1.9958 -0.336613</i>
                        <i>1 0 0 0 1 0 0 0 1 1.39221 1.99949 -0.336537</i>
                        <i>1 0 0 0 1 0 0 0 1 1.3921 2.00448 -0.336433</i>
                        <i>1 0 0 0 1 0 0 0 1 1.39199 2.00985 -0.336319</i>
                        <i>1 0 0 0 1 0 0 0 1 1.39188 2.01467 -0.336212</i>
                        <i>1 0 0 0 1 0 0 0 1 1.39181 2.01799 -0.336132</i>
                        <i>1 0 0 0 1 0 0 0 1 1.39178 2.01888 -0.336095</i>
                        <i>1 0 0 0 1 0 0 0 1 1.39178 2.01888 -0.336095</i>
                        <i>1 0 0 0 1 0 0 0 1 1.39178 2.01888 -0.336095</i>
                        <i>1 0 0 0 1 0 0 0 1 1.39178 2.01888 -0.336095</i>
                        <i>1 0 0 0 1 0 0 0 1 1.39178 2.01888 -0.336095</i>
                        <i>1 0 0 0 1 0 0 0 1 1.39178 2.01888 -0.336095</i>
                        <i>1 0 0 0 1 0 0 0 1 1.39178 2.01888 -0.336095</i>
                        <i>1 0 0 0 1 0 0 0 1 1.39178 2.01888 -0.336095</i>
                        <i>1 0 0 0 1 0 0 0 1 1.39178 2.01888 -0.336095</i>
                        <i>1 0 0 0 1 0 0 0 1 1.39178 2.01888 -0.336095</i>
                        <i>1 0 0 0 1 0 0 0 1 1.39178 2.01888 -0.336095</i>
                    </KeyFrames>
                </p>
            </i>
            <i>
                <p>
                    <Name><![CDATA[spine0]]></Name>
                    <Exclude>0</Exclude>
                    <Additive>0</Additive>
                    <IKPriority>0</IKPriority>
                    <IKRotLimits>-1e+010 -1e+010 -1e+010 1e+010 1e+010 1e+010</IKRotLimits>
                    <IKRotLimitOrder>0</IKRotLimitOrder>
                    <KeyFrames count="40">
                        <i>-0.017199 0.999142 -0.0376821 -0.857641 -0.0341152 -0.513116 -0.513961 0.0234926 0.857491 1.4164 2.15004 -0.389836</i>
                        <i>-0.0315317 0.999358 0.0170043 -0.856404 -0.0182417 -0.515983 -0.515342 -0.0308324 0.85643 1.42109 2.09458 -0.397003</i>
                        <i>-0.0460703 0.996253 0.07319 -0.85383 -0.00124168 -0.520551 -0.51851 -0.0864737 0.850688 1.42577 2.03869 -0.403924</i>
                        <i>-0.0504717 0.994539 0.0913471 -0.852721 0.00470204 -0.522345 -0.519922 -0.104257 0.847827 1.42717 2.01718 -0.405874</i>
                        <i>-0.0428841 0.997278 0.0599849 -0.854818 -0.00554709 -0.518899 -0.517153 -0.0735286 0.852729 1.42406 2.04767 -0.401213</i>
                        <i>-0.0304693 0.999531 0.00319309 -0.857184 -0.0244867 -0.514428 -0.514108 -0.0184113 0.857528 1.41847 2.10601 -0.392876</i>
                        <i>-0.0180722 0.998127 -0.0584456 -0.857816 -0.0455084 -0.511938 -0.513639 0.0408838 0.857032 1.41217 2.16496 -0.383349</i>
                        <i>-0.00896796 0.994365 -0.105634 -0.856839 -0.062101 -0.51183 -0.515506 0.0859217 0.852567 1.40712 2.19798 -0.375458</i>
                        <i>-0.00491566 0.991995 -0.126185 -0.855968 -0.069414 -0.512347 -0.517005 0.105492 0.849457 1.40503 2.19719 -0.371981</i>
                        <i>-0.00707798 0.993035 -0.117608 -0.856326 -0.0667535 -0.512103 -0.516387 0.0970863 0.850834 1.40619 2.17832 -0.37366</i>
                        <i>-0.0137287 0.995901 -0.0894017 -0.857241 -0.0577494 -0.511667 -0.514733 0.0696142 0.85452 1.40935 2.15101 -0.378534</i>
                        <i>-0.0224637 0.998504 -0.0498614 -0.857816 -0.0448657 -0.511996 -0.513466 0.0312705 0.85754 1.41345 2.12465 -0.384936</i>
                        <i>-0.0309851 0.999485 -0.00833382 -0.857515 -0.0308657 -0.513532 -0.513525 -0.00876543 0.85803 1.41745 2.10885 -0.391246</i>
                        <i>-0.0361889 0.999088 0.0226762 -0.856558 -0.0193217 -0.515689 -0.514781 -0.0380857 0.856475 1.42046 2.10739 -0.396054</i>
                        <i>-0.0379353 0.998608 0.0366427 -0.855849 -0.0135397 -0.517049 -0.515833 -0.0509751 0.855171 1.42178 2.11523 -0.398206</i>
                        <i>-0.039883 0.998328 0.0418456 -0.856009 -0.012535 -0.516809 -0.51542 -0.0564321 0.855078 1.42081 2.1287 -0.396753</i>
                        <i>-0.0426711 0.998082 0.0448433 -0.856754 -0.0134654 -0.51555 -0.513958 -0.0604187 0.855685 1.41814 2.14264 -0.392569</i>
                        <i>-0.0452749 0.997962 0.0449764 -0.857655 -0.0157453 -0.513984 -0.512228 -0.0618448 0.85662 1.41479 2.15135 -0.387265</i>
                        <i>-0.0463775 0.998084 0.0409588 -0.858351 -0.0188441 -0.512717 -0.510962 -0.0589355 0.85758 1.41186 2.15207 -0.382533</i>
                        <i>-0.0444712 0.998529 0.0310301 -0.85862 -0.0223254 -0.512126 -0.51068 -0.0494179 0.85835 1.4104 2.1472 -0.380102</i>
                        <i>-0.0392661 0.99911 0.0154102 -0.858501 -0.0258405 -0.51216 -0.511306 -0.0333402 0.858752 1.41077 2.13942 -0.380608</i>
                        <i>-0.032454 0.99947 -0.00235594 -0.858235 -0.0290758 -0.512433 -0.51223 -0.0146085 0.858724 1.41221 2.13193 -0.382847</i>
                        <i>-0.0255326 0.999491 -0.0191165 -0.857964 -0.0317237 -0.51273 -0.513075 0.00330992 0.858337 1.41408 2.1278 -0.385817</i>
                        <i>-0.0199655 0.999292 -0.0318792 -0.857758 -0.0335021 -0.512962 -0.513667 0.0171031 0.857819 1.4158 2.12787 -0.388579</i>
                        <i>-0.0171474 0.999137 -0.0378228 -0.857641 -0.0341432 -0.513114 -0.513963 0.0236399 0.857487 1.41683 2.13064 -0.390278</i>
                        <i>-0.0165184 0.999109 -0.0388371 -0.857599 -0.0341272 -0.513186 -0.514054 0.0248297 0.857398 1.41712 2.13531 -0.390797</i>
                        <i>-0.0164518 0.999106 -0.0389313 -0.857593 -0.0341188 -0.513195 -0.514065 0.0249443 0.857388 1.41705 2.14064 -0.39076</i>
                        <i>-0.0167043 0.999119 -0.0385051 -0.857609 -0.0341155 -0.513169 -0.514031 0.0244502 0.857423 1.4168 2.14557 -0.39042</i>
                        <i>-0.0170346 0.999134 -0.0379551 -0.85763 -0.0341149 -0.513134 -0.513985 0.0238104 0.857469 1.41653 2.14906 -0.390028</i>
                        <i>-0.017199 0.999142 -0.0376821 -0.857641 -0.0341152 -0.513116 -0.513961 0.0234926 0.857491 1.4164 2.15004 -0.389836</i>
                        <i>-0.017199 0.999142 -0.0376821 -0.857641 -0.0341152 -0.513116 -0.513961 0.0234926 0.857491 1.4164 2.15004 -0.389836</i>
                        <i>-0.017199 0.999142 -0.0376821 -0.857641 -0.0341152 -0.513116 -0.513961 0.0234926 0.857491 1.4164 2.15004 -0.389836</i>
                        <i>-0.017199 0.999142 -0.0376821 -0.857641 -0.0341152 -0.513116 -0.513961 0.0234926 0.857491 1.4164 2.15004 -0.389836</i>
                        <i>-0.017199 0.999142 -0.0376821 -0.857641 -0.0341152 -0.513116 -0.513961 0.0234926 0.857491 1.4164 2.15004 -0.389836</i>
                        <i>-0.017199 0.999142 -0.0376821 -0.857641 -0.0341152 -0.513116 -0.513961 0.0234926 0.857491 1.4164 2.15004 -0.389836</i>
                        <i>-0.017199 0.999142 -0.0376821 -0.857641 -0.0341152 -0.513116 -0.513961 0.0234926 0.857491 1.4164 2.15004 -0.389836</i>
                        <i>-0.017199 0.999142 -0.0376821 -0.857641 -0.0341152 -0.513116 -0.513961 0.0234926 0.857491 1.4164 2.15004 -0.389836</i>
                        <i>-0.017199 0.999142 -0.0376821 -0.857641 -0.0341152 -0.513116 -0.513961 0.0234926 0.857491 1.4164 2.15004 -0.389836</i>
                        <i>-0.017199 0.999142 -0.0376821 -0.857641 -0.0341152 -0.513116 -0.513961 0.0234926 0.857491 1.4164 2.15004 -0.389836</i>
                        <i>-0.017199 0.999142 -0.0376821 -0.857641 -0.0341152 -0.513116 -0.513961 0.0234926 0.857491 1.4164 2.15004 -0.389836</i>
                    </KeyFrames>
                </p>
            </i>
            <i>
                <p>
                    <Name><![CDATA[spine1]]></Name>
                    <Exclude>0</Exclude>
                    <Additive>0</Additive>
                    <IKPriority>0</IKPriority>
                    <IKRotLimits>-1e+010 -1e+010 -1e+010 1e+010 1e+010 1e+010</IKRotLimits>
                    <IKRotLimitOrder>0</IKRotLimitOrder>
                    <KeyFrames count="40">
                        <i>-0.0690109 0.989493 0.127049 -0.911914 -0.0109269 -0.410236 -0.404538 -0.144168 0.903086 1.41341 2.32394 -0.396408</i>
                        <i>-0.105685 0.973454 0.203022 -0.911475 -0.0132086 -0.411144 -0.397548 -0.228501 0.888675 1.41558 2.26932 -0.394048</i>
                        <i>-0.139156 0.952209 0.271907 -0.910665 -0.0151889 -0.412866 -0.389005 -0.305069 0.869257 1.41765 2.21456 -0.39103</i>
                        <i>-0.147556 0.945676 0.289697 -0.911248 -0.0161124 -0.411543 -0.384518 -0.324711 0.864123 1.41825 2.19344 -0.389714</i>
                        <i>-0.125046 0.961725 0.24382 -0.914287 -0.0162659 -0.404741 -0.385284 -0.273533 0.881326 1.41653 2.22309 -0.390685</i>
                        <i>-0.0834695 0.983992 0.157458 -0.917334 -0.0141488 -0.397867 -0.38927 -0.177651 0.90383 1.41317 2.28004 -0.392333</i>
                        <i>-0.0334159 0.998112 0.0515271 -0.918926 -0.0104096 -0.394293 -0.393013 -0.0605252 0.917539 1.40905 2.33777 -0.393477</i>
                        <i>0.00984487 0.999087 -0.0415789 -0.918937 -0.00735596 -0.394336 -0.394282 0.0420905 0.918025 1.40557 2.37021 -0.393764</i>
                        <i>0.0302858 0.995834 -0.0860064 -0.918456 -0.00622301 -0.395474 -0.394361 0.0909704 0.914442 1.40418 2.3693 -0.393884</i>
                        <i>0.0194038 0.997814 -0.0631702 -0.918644 -0.00714407 -0.395022 -0.39461 0.0656959 0.916497 1.40497 2.3506 -0.394074</i>
                        <i>-0.0133215 0.999893 0.0061188 -0.919166 -0.0098365 -0.393748 -0.393645 -0.0108695 0.919198 1.40698 2.32374 -0.39405</i>
                        <i>-0.0547041 0.994087 0.0937973 -0.919329 -0.0134843 -0.393258 -0.389668 -0.107743 0.914631 1.40956 2.298 -0.393603</i>
                        <i>-0.0911123 0.981115 0.17062 -0.918807 -0.0167467 -0.394351 -0.384047 -0.192697 0.902982 1.41206 2.28291 -0.392712</i>
                        <i>-0.110437 0.971178 0.211229 -0.917775 -0.018085 -0.396688 -0.381435 -0.23767 0.89332 1.41413 2.2822 -0.392105</i>
                        <i>-0.115364 0.968228 0.221868 -0.9167 -0.0177523 -0.399182 -0.382561 -0.249438 0.889623 1.41513 2.2905 -0.391796</i>
                        <i>-0.111953 0.969616 0.217511 -0.915788 -0.0157034 -0.401356 -0.385745 -0.244127 0.88972 1.41385 2.30333 -0.389451</i>
                        <i>-0.0995597 0.975232 0.197509 -0.915008 -0.01174 -0.403266 -0.390959 -0.220871 0.893514 1.41074 2.31573 -0.384802</i>
                        <i>-0.0823425 0.982273 0.168402 -0.914495 -0.00730714 -0.404532 -0.396131 -0.187313 0.898885 1.40701 2.32273 -0.379542</i>
                        <i>-0.0653211 0.988223 0.138375 -0.914218 -0.00369078 -0.405207 -0.399924 -0.152973 0.903692 1.40395 2.3222 -0.375546</i>
                        <i>-0.0544482 0.991578 0.11751 -0.91397 -0.00209884 -0.405777 -0.402112 -0.129495 0.906387 1.40283 2.3169 -0.37482</i>
                        <i>-0.0523927 0.99247 0.110717 -0.913567 -0.00285968 -0.406679 -0.4033 -0.122454 0.906837 1.40408 2.30952 -0.377978</i>
                        <i>-0.0558534 0.992018 0.113054 -0.913049 -0.00493031 -0.407821 -0.404008 -0.126002 0.906036 1.40666 2.3029 -0.383247</i>
                        <i>-0.0620679 0.99079 0.120345 -0.91252 -0.00749036 -0.408964 -0.404296 -0.135201 0.90458 1.40969 2.29987 -0.389111</i>
                        <i>-0.0683664 0.989348 0.12852 -0.912105 -0.00978921 -0.40984 -0.404216 -0.145243 0.903058 1.41234 2.30099 -0.394111</i>
                        <i>-0.072256 0.988374 0.133776 -0.911913 -0.0111416 -0.410232 -0.403972 -0.151634 0.902116 1.41386 2.30442 -0.396869</i>
                        <i>-0.0731219 0.988182 0.134723 -0.911881 -0.0115393 -0.410292 -0.403888 -0.152852 0.901948 1.41425 2.30933 -0.397575</i>
                        <i>-0.0724672 0.988428 0.133259 -0.911878 -0.0115386 -0.410299 -0.404014 -0.15125 0.902162 1.41419 2.31471 -0.397557</i>
                        <i>-0.0710571 0.988878 0.130654 -0.91189 -0.0113177 -0.410279 -0.404237 -0.148295 0.902553 1.4139 2.3196 -0.397141</i>
                        <i>-0.0696503 0.989304 0.128162 -0.911906 -0.0110543 -0.410251 -0.404446 -0.145446 0.902922 1.41357 2.32301 -0.39665</i>
                        <i>-0.0690109 0.989493 0.127049 -0.911914 -0.0109269 -0.410236 -0.404538 -0.144168 0.903086 1.41341 2.32394 -0.396408</i>
                        <i>-0.0690109 0.989493 0.127049 -0.911914 -0.0109269 -0.410236 -0.404538 -0.144168 0.903086 1.41341 2.32394 -0.396408</i>
                        <i>-0.0690109 0.989493 0.127049 -0.911914 -0.0109269 -0.410236 -0.404538 -0.144168 0.903086 1.41341 2.32394 -0.396408</i>
                        <i>-0.0690109 0.989493 0.127049 -0.911914 -0.0109269 -0.410236 -0.404538 -0.144168 0.903086 1.41341 2.32394 -0.396408</i>
                        <i>-0.0690109 0.989493 0.127049 -0.911914 -0.0109269 -0.410236 -0.404538 -0.144168 0.903086 1.41341 2.32394 -0.396408</i>
                        <i>-0.0690109 0.989493 0.127049 -0.911914 -0.0109269 -0.410236 -0.404538 -0.144168 0.903086 1.41341 2.32394 -0.396408</i>
                        <i>-0.0690109 0.989493 0.127049 -0.911914 -0.0109269 -0.410236 -0.404538 -0.144168 0.903086 1.41341 2.32394 -0.396408</i>
                        <i>-0.0690109 0.989493 0.127049 -0.911914 -0.0109269 -0.410236 -0.404538 -0.144168 0.903086 1.41341 2.32394 -0.396408</i>
                        <i>-0.0690109 0.989493 0.127049 -0.911914 -0.0109269 -0.410236 -0.404538 -0.144168 0.903086 1.41341 2.32394 -0.396408</i>
                        <i>-0.0690109 0.989493 0.127049 -0.911914 -0.0109269 -0.410236 -0.404538 -0.144168 0.903086 1.41341 2.32394 -0.396408</i>
                        <i>-0.0690109 0.989493 0.127049 -0.911914 -0.0109269 -0.410236 -0.404538 -0.144168 0.903086 1.41341 2.32394 -0.396408</i>
                    </KeyFrames>
                </p>
            </i>
            <i>
                <p>
                    <Name><![CDATA[spine2]]></Name>
                    <Exclude>0</Exclude>
                    <Additive>0</Additive>
                    <IKPriority>0</IKPriority>
                    <IKRotLimits>-1e+010 -1e+010 -1e+010 1e+010 1e+010 1e+010</IKRotLimits>
                    <IKRotLimitOrder>0</IKRotLimitOrder>
                    <KeyFrames count="40">
                        <i>-0.102712 0.96125 0.255828 -0.953593 -0.0219728 -0.300297 -0.283039 -0.274799 0.918898 1.40244 2.48246 -0.375952</i>
                        <i>-0.0986647 0.974778 0.200185 -0.954201 -0.0355798 -0.297043 -0.282429 -0.220324 0.933644 1.39866 2.42595 -0.361262</i>
                        <i>-0.0943629 0.985262 0.142671 -0.955959 -0.0496689 -0.289268 -0.277918 -0.163684 0.946556 1.39513 2.36921 -0.346719</i>
                        <i>-0.0909184 0.988746 0.118806 -0.958192 -0.0543543 -0.280917 -0.271298 -0.13938 0.95235 1.39426 2.34762 -0.342318</i>
                        <i>-0.0864986 0.986304 0.140437 -0.960248 -0.0449856 -0.275501 -0.26541 -0.158685 0.950987 1.39638 2.37875 -0.351082</i>
                        <i>-0.0787456 0.979885 0.183369 -0.962052 -0.026491 -0.271579 -0.261259 -0.197796 0.944786 1.39989 2.43773 -0.366991</i>
                        <i>-0.0683688 0.970433 0.231484 -0.963427 -0.00396098 -0.267943 -0.259104 -0.241337 0.935212 1.40383 2.4969 -0.385174</i>
                        <i>-0.0585482 0.96095 0.270459 -0.964223 0.0157308 -0.264625 -0.258545 -0.276276 0.925649 1.40726 2.52962 -0.400311</i>
                        <i>-0.0535258 0.956208 0.287754 -0.964436 0.025193 -0.263113 -0.25884 -0.291603 0.920852 1.40914 2.52849 -0.407543</i>
                        <i>-0.0599034 0.954701 0.291476 -0.964499 0.0198804 -0.263337 -0.257203 -0.296903 0.919617 1.40819 2.51008 -0.404081</i>
                        <i>-0.0759387 0.953235 0.292534 -0.964478 0.00422336 -0.26413 -0.253014 -0.3022 0.919053 1.40496 2.48346 -0.392981</i>
                        <i>-0.0932105 0.954399 0.283611 -0.963982 -0.0152405 -0.265532 -0.249101 -0.298146 0.921443 1.40093 2.45688 -0.378512</i>
                        <i>-0.10352 0.96051 0.258272 -0.963154 -0.0320003 -0.267041 -0.24823 -0.2764 0.928431 1.39756 2.44016 -0.365252</i>
                        <i>-0.0993379 0.972306 0.211548 -0.962589 -0.040037 -0.267993 -0.252101 -0.230256 0.939908 1.39645 2.43856 -0.357968</i>
                        <i>-0.0911818 0.980294 0.175239 -0.962067 -0.0412795 -0.269672 -0.257124 -0.193181 0.946873 1.39659 2.44687 -0.355828</i>
                        <i>-0.0876135 0.982302 0.165549 -0.961045 -0.0396177 -0.273539 -0.262139 -0.183065 0.947507 1.39592 2.45942 -0.354311</i>
                        <i>-0.0810618 0.984221 0.157282 -0.959831 -0.0345566 -0.278444 -0.268616 -0.173535 0.947487 1.39495 2.4714 -0.353177</i>
                        <i>-0.0739709 0.985501 0.152696 -0.958555 -0.0280182 -0.283526 -0.275137 -0.16734 0.946729 1.39411 2.47805 -0.352848</i>
                        <i>-0.0692621 0.985483 0.155006 -0.957365 -0.0219796 -0.288044 -0.280456 -0.168348 0.944989 1.39381 2.47732 -0.353778</i>
                        <i>-0.0701675 0.983271 0.168089 -0.956352 -0.0183913 -0.291638 -0.283668 -0.181216 0.941644 1.39443 2.47212 -0.356389</i>
                        <i>-0.0774271 0.978378 0.191787 -0.9555 -0.0178971 -0.294449 -0.28465 -0.206051 0.936225 1.39598 2.46514 -0.360575</i>
                        <i>-0.0877362 0.971688 0.219372 -0.954753 -0.0192052 -0.296778 -0.284163 -0.235485 0.929408 1.39797 2.45917 -0.365384</i>
                        <i>-0.0982372 0.964535 0.244995 -0.954115 -0.0213098 -0.298682 -0.282869 -0.263095 0.92237 1.39995 2.45691 -0.369964</i>
                        <i>-0.106235 0.95885 0.263289 -0.953651 -0.0232796 -0.300012 -0.281537 -0.282958 0.916882 1.40153 2.45876 -0.373527</i>
                        <i>-0.109257 0.95681 0.269401 -0.953475 -0.0242685 -0.300495 -0.280979 -0.289698 0.914946 1.40238 2.46264 -0.375352</i>
                        <i>-0.108413 0.957578 0.267003 -0.953492 -0.0241757 -0.300448 -0.281247 -0.287158 0.915664 1.40261 2.46774 -0.375873</i>
                        <i>-0.106773 0.958726 0.263521 -0.953523 -0.0236254 -0.300392 -0.281768 -0.283347 0.91669 1.40266 2.47322 -0.376082</i>
                        <i>-0.104899 0.959927 0.259877 -0.953557 -0.0228917 -0.300343 -0.282358 -0.279313 0.917746 1.40259 2.47814 -0.37609</i>
                        <i>-0.103355 0.960869 0.256998 -0.953582 -0.0222487 -0.300309 -0.28284 -0.276108 0.918567 1.4025 2.48154 -0.37601</i>
                        <i>-0.102712 0.96125 0.255828 -0.953593 -0.0219728 -0.300297 -0.283039 -0.274799 0.918898 1.40244 2.48246 -0.375952</i>
                        <i>-0.102712 0.96125 0.255828 -0.953593 -0.0219728 -0.300297 -0.283039 -0.274799 0.918898 1.40244 2.48246 -0.375952</i>
                        <i>-0.102712 0.96125 0.255828 -0.953593 -0.0219728 -0.300297 -0.283039 -0.274799 0.918898 1.40244 2.48246 -0.375952</i>
                        <i>-0.102712 0.96125 0.255828 -0.953593 -0.0219728 -0.300297 -0.283039 -0.274799 0.918898 1.40244 2.48246 -0.375952</i>
                        <i>-0.102712 0.96125 0.255828 -0.953593 -0.0219728 -0.300297 -0.283039 -0.274799 0.918898 1.40244 2.48246 -0.375952</i>
                        <i>-0.102712 0.96125 0.255828 -0.953593 -0.0219728 -0.300297 -0.283039 -0.274799 0.918898 1.40244 2.48246 -0.375952</i>
                        <i>-0.102712 0.96125 0.255828 -0.953593 -0.0219728 -0.300297 -0.283039 -0.274799 0.918898 1.40244 2.48246 -0.375952</i>
                        <i>-0.102712 0.96125 0.255828 -0.953593 -0.0219728 -0.300297 -0.283039 -0.274799 0.918898 1.40244 2.48246 -0.375952</i>
                        <i>-0.102712 0.96125 0.255828 -0.953593 -0.0219728 -0.300297 -0.283039 -0.274799 0.918898 1.40244 2.48246 -0.375952</i>
                        <i>-0.102712 0.96125 0.255828 -0.953593 -0.0219728 -0.300297 -0.283039 -0.274799 0.918898 1.40244 2.48246 -0.375952</i>
                        <i>-0.102712 0.96125 0.255828 -0.953593 -0.0219728 -0.300297 -0.283039 -0.274799 0.918898 1.40244 2.48246 -0.375952</i>
                    </KeyFrames>
                </p>
            </i>
            <i>
                <p>
                    <Name><![CDATA[head]]></Name>
                    <Exclude>0</Exclude>
                    <Additive>0</Additive>
                    <IKPriority>0</IKPriority>
                    <IKRotLimits>-1e+010 -1e+010 -1e+010 1e+010 1e+010 1e+010</IKRotLimits>
                    <IKRotLimitOrder>0</IKRotLimitOrder>
                    <KeyFrames count="40">
                        <i>-0.0084423 0.987058 0.160139 0.144629 0.159666 -0.976519 -0.98945 0.0149166 -0.144105 1.38066 2.73532 -0.322709</i>
                        <i>0.0316449 0.997751 0.0590817 0.147294 0.0538106 -0.987628 -0.988586 0.0399558 -0.14526 1.38243 2.68225 -0.334661</i>
                        <i>0.0739801 0.996386 -0.0417422 0.145783 -0.0522125 -0.987938 -0.986547 0.0670024 -0.149119 1.38435 2.62508 -0.346793</i>
                        <i>0.101827 0.98935 -0.104003 0.134143 -0.117248 -0.984001 -0.985716 0.0862468 -0.144654 1.38562 2.60252 -0.352207</i>
                        <i>0.112937 0.982565 -0.147684 0.106646 -0.159764 -0.981378 -0.987862 0.0950844 -0.122829 1.38632 2.63529 -0.348904</i>
                        <i>0.112119 0.975614 -0.188696 0.0719879 -0.197369 -0.977683 -0.991084 0.0960333 -0.0923614 1.38732 2.6946 -0.341153</i>
                        <i>0.100333 0.977738 -0.184286 0.0445393 -0.189449 -0.98088 -0.993957 0.0902065 -0.0625558 1.38888 2.75003 -0.332278</i>
                        <i>0.0856985 0.99213 -0.0912897 0.0323755 -0.0943514 -0.995012 -0.995795 0.0823155 -0.0402065 1.3907 2.77642 -0.32559</i>
                        <i>0.0788468 0.995093 0.059784 0.0322269 0.057395 -0.997831 -0.996366 0.0806025 -0.0275432 1.39196 2.77142 -0.32317</i>
                        <i>0.0788095 0.976807 0.199091 0.038703 0.196564 -0.979727 -0.996138 0.0849172 -0.0223142 1.3901 2.75362 -0.320607</i>
                        <i>0.0772446 0.940607 0.330593 0.0517612 0.327354 -0.943483 -0.995668 0.0899909 -0.0234007 1.38513 2.72969 -0.315598</i>
                        <i>0.0728412 0.896473 0.437069 0.0719547 0.432368 -0.898822 -0.994744 0.0969205 -0.0330112 1.37985 2.70672 -0.312508</i>
                        <i>0.0656193 0.860607 0.505024 0.0976814 0.498144 -0.861575 -0.993052 0.105867 -0.0513775 1.37714 2.69346 -0.3155</i>
                        <i>0.0598226 0.850161 0.523113 0.125683 0.513466 -0.848856 -0.990265 0.116527 -0.0761343 1.3799 2.69458 -0.328366</i>
                        <i>0.00811642 0.856933 0.515364 0.14185 0.509182 -0.848889 -0.989855 0.0799943 -0.117423 1.3836 2.70382 -0.339712</i>
                        <i>-0.103487 0.85654 0.505598 0.138134 0.515778 -0.845513 -0.984992 -0.0176597 -0.171694 1.38372 2.71622 -0.34076</i>
                        <i>-0.215746 0.850995 0.478812 0.132702 0.511364 -0.849056 -0.96739 -0.119641 -0.223253 1.38335 2.72777 -0.339716</i>
                        <i>-0.279095 0.847682 0.451155 0.13705 0.500178 -0.855008 -0.950433 -0.176798 -0.255772 1.38265 2.73386 -0.337164</i>
                        <i>-0.287461 0.860987 0.419604 0.152957 0.47374 -0.86728 -0.9455 -0.185128 -0.267875 1.38179 2.73252 -0.333648</i>
                        <i>-0.271058 0.886937 0.373993 0.174853 0.427444 -0.886971 -0.946548 -0.175027 -0.270946 1.38085 2.72663 -0.329633</i>
                        <i>-0.237369 0.91707 0.320371 0.194433 0.367976 -0.90928 -0.951762 -0.153544 -0.265655 1.37994 2.71889 -0.325587</i>
                        <i>-0.195399 0.944247 0.264985 0.205871 0.303665 -0.930271 -0.958873 -0.127221 -0.253729 1.37915 2.71206 -0.321969</i>
                        <i>-0.154653 0.964363 0.214679 0.208079 0.244213 -0.947134 -0.965808 -0.101807 -0.238432 1.37858 2.70902 -0.319223</i>
                        <i>-0.123528 0.976417 0.177061 0.204559 0.199651 -0.958277 -0.971029 -0.0821547 -0.224397 1.37838 2.7104 -0.317822</i>
                        <i>-0.0973573 0.983547 0.152171 0.196638 0.168893 -0.96582 -0.975631 -0.0641069 -0.209846 1.37874 2.71439 -0.318276</i>
                        <i>-0.0701532 0.987911 0.138241 0.1839 0.149015 -0.971584 -0.980438 -0.0427372 -0.192131 1.37939 2.71989 -0.319728</i>
                        <i>-0.0461039 0.989313 0.138324 0.169646 0.144214 -0.974896 -0.984426 -0.0214803 -0.174482 1.37992 2.72569 -0.320954</i>
                        <i>-0.0265808 0.988896 0.146214 0.156898 0.14858 -0.976374 -0.987257 -0.0030122 -0.159105 1.38032 2.73083 -0.321897</i>
                        <i>-0.0133365 0.98773 0.1556 0.147967 0.15585 -0.976635 -0.988902 0.0099988 -0.14823 1.38058 2.73435 -0.322501</i>
                        <i>-0.0084423 0.987058 0.160139 0.144629 0.159666 -0.976519 -0.98945 0.0149166 -0.144105 1.38066 2.73532 -0.322709</i>
                        <i>-0.0084423 0.987058 0.160139 0.144629 0.159666 -0.976519 -0.98945 0.0149166 -0.144105 1.38066 2.73532 -0.322709</i>
                        <i>-0.0084423 0.987058 0.160139 0.144629 0.159666 -0.976519 -0.98945 0.0149166 -0.144105 1.38066 2.73532 -0.322709</i>
                        <i>-0.0084423 0.987058 0.160139 0.144629 0.159666 -0.976519 -0.98945 0.0149166 -0.144105 1.38066 2.73532 -0.322709</i>
                        <i>-0.0084423 0.987058 0.160139 0.144629 0.159666 -0.976519 -0.98945 0.0149166 -0.144105 1.38066 2.73532 -0.322709</i>
                        <i>-0.0084423 0.987058 0.160139 0.144629 0.159666 -0.976519 -0.98945 0.0149166 -0.144105 1.38066 2.73532 -0.322709</i>
                        <i>-0.0084423 0.987058 0.160139 0.144629 0.159666 -0.976519 -0.98945 0.0149166 -0.144105 1.38066 2.73532 -0.322709</i>
                        <i>-0.0084423 0.987058 0.160139 0.144629 0.159666 -0.976519 -0.98945 0.0149166 -0.144105 1.38066 2.73532 -0.322709</i>
                        <i>-0.0084423 0.987058 0.160139 0.144629 0.159666 -0.976519 -0.98945 0.0149166 -0.144105 1.38066 2.73532 -0.322709</i>
                        <i>-0.0084423 0.987058 0.160139 0.144629 0.159666 -0.976519 -0.98945 0.0149166 -0.144105 1.38066 2.73532 -0.322709</i>
                        <i>-0.0084423 0.987058 0.160139 0.144629 0.159666 -0.976519 -0.98945 0.0149166 -0.144105 1.38066 2.73532 -0.322709</i>
                    </KeyFrames>
                </p>
            </i>
            <i>
                <p>
                    <Name><![CDATA[head_prop]]></Name>
                    <Exclude>0</Exclude>
                    <Additive>0</Additive>
                    <IKPriority>0</IKPriority>
                    <IKRotLimits>-1e+010 -1e+010 -1e+010 1e+010 1e+010 1e+010</IKRotLimits>
                    <IKRotLimitOrder>0</IKRotLimitOrder>
                    <KeyFrames count="40">
                        <i>0.98945 -0.0149166 0.144105 -0.0084423 0.987058 0.160139 -0.144629 -0.159666 0.976519 1.37791 3.05701 -0.270518</i>
                        <i>0.989937 -0.0873835 0.111306 0.0587697 0.969397 0.238361 -0.128728 -0.229421 0.964777 1.40547 3.08922 -0.264942</i>
                        <i>0.980456 -0.177586 0.0846757 0.142197 0.937088 0.318821 -0.135967 -0.300549 0.944025 1.44117 3.12151 -0.276454</i>
                        <i>0.963184 -0.263451 0.0535759 0.222123 0.892104 0.393462 -0.151453 -0.367076 0.917778 1.46689 3.14335 -0.289578</i>
                        <i>0.942862 -0.333002 0.0110068 0.295668 0.85147 0.433104 -0.153596 -0.405102 0.901277 1.47411 3.1568 -0.302431</i>
                        <i>0.923604 -0.382218 -0.0294033 0.354398 0.822102 0.44559 -0.14614 -0.42197 0.894754 1.46896 3.16263 -0.313435</i>
                        <i>0.913676 -0.400218 -0.0708674 0.383946 0.792673 0.473555 -0.133351 -0.459885 0.877908 1.45511 3.15616 -0.303234</i>
                        <i>0.918238 -0.377484 -0.119772 0.377018 0.740644 0.556151 -0.121229 -0.555835 0.822406 1.43976 3.13591 -0.265152</i>
                        <i>0.952692 -0.279649 -0.119053 0.285112 0.686565 0.668834 -0.105302 -0.671137 0.733817 1.42375 3.10387 -0.218434</i>
                        <i>0.990774 -0.133804 -0.0215089 0.103269 0.642631 0.759184 -0.0877598 -0.754401 0.65052 1.40328 3.06857 -0.18011</i>
                        <i>0.992272 -0.0150885 0.123164 -0.0922759 0.573875 0.813727 -0.0829585 -0.818804 0.568048 1.38117 3.02967 -0.142489</i>
                        <i>0.972652 0.022748 0.231151 -0.208642 0.522873 0.826482 -0.102062 -0.852107 0.51332 1.36546 2.99057 -0.115821</i>
                        <i>0.9658 0.000252727 0.259286 -0.217008 0.548076 0.807787 -0.141905 -0.836428 0.529387 1.36168 2.96462 -0.110243</i>
                        <i>0.969818 -0.0358108 0.241184 -0.161431 0.647015 0.745192 -0.182736 -0.761636 0.621706 1.37073 2.96507 -0.131031</i>
                        <i>0.976082 -0.0314155 0.21512 -0.118755 0.751789 0.648623 -0.182102 -0.658655 0.730077 1.36905 2.979 -0.157453</i>
                        <i>0.977966 0.0344993 0.205894 -0.145738 0.818979 0.555008 -0.149475 -0.572785 0.805962 1.34378 2.99332 -0.171097</i>
                        <i>0.96739 0.119641 0.223253 -0.215746 0.850995 0.478812 -0.132702 -0.511364 0.849056 1.31304 3.00512 -0.183667</i>
                        <i>0.953785 0.171996 0.246398 -0.266693 0.862344 0.430392 -0.138454 -0.476214 0.868361 1.29382 3.01119 -0.192219</i>
                        <i>0.951359 0.176569 0.252465 -0.266028 0.884123 0.384131 -0.155385 -0.432609 0.888091 1.29174 3.01479 -0.200393</i>
                        <i>0.953724 0.163326 0.252458 -0.243322 0.912485 0.328886 -0.176648 -0.375095 0.91 1.29712 3.01744 -0.212117</i>
                        <i>0.959056 0.139471 0.246492 -0.206222 0.940446 0.270247 -0.194121 -0.310014 0.930703 1.30764 3.01919 -0.225971</i>
                        <i>0.965371 0.111905 0.23566 -0.163894 0.962961 0.214114 -0.202971 -0.245323 0.947955 1.3205 3.0207 -0.240432</i>
                        <i>0.971058 0.0866279 0.22258 -0.125494 0.977959 0.166875 -0.203218 -0.189978 0.960526 1.33278 3.02371 -0.253766</i>
                        <i>0.975017 0.0684817 0.21131 -0.0985987 0.985866 0.135449 -0.199047 -0.152899 0.967989 1.34203 3.02869 -0.264031</i>
                        <i>0.978423 0.0529087 0.199723 -0.0777683 0.989874 0.118751 -0.191418 -0.131721 0.97263 1.35008 3.03483 -0.271828</i>
                        <i>0.982143 0.034516 0.184942 -0.0563072 0.991895 0.113903 -0.179512 -0.122283 0.976126 1.35869 3.04169 -0.276975</i>
                        <i>0.985313 0.0163168 0.169979 -0.0376374 0.991696 0.122976 -0.166561 -0.127567 0.977744 1.36622 3.04798 -0.277335</i>
                        <i>0.987618 0.000497282 0.15688 -0.0225246 0.990084 0.138662 -0.155255 -0.140479 0.977835 1.37229 3.05304 -0.27497</i>
                        <i>0.988987 -0.0106801 0.147616 -0.0122462 0.988068 0.153533 -0.147495 -0.15365 0.977055 1.3764 3.05624 -0.27199</i>
                        <i>0.98945 -0.0149166 0.144105 -0.0084423 0.987058 0.160139 -0.144629 -0.159666 0.976519 1.37791 3.05701 -0.270518</i>
                        <i>0.98945 -0.0149166 0.144105 -0.0084423 0.987058 0.160139 -0.144629 -0.159666 0.976519 1.37791 3.05701 -0.270518</i>
                        <i>0.98945 -0.0149166 0.144105 -0.0084423 0.987058 0.160139 -0.144629 -0.159666 0.976519 1.37791 3.05701 -0.270518</i>
                        <i>0.98945 -0.0149166 0.144105 -0.0084423 0.987058 0.160139 -0.144629 -0.159666 0.976519 1.37791 3.05701 -0.270518</i>
                        <i>0.98945 -0.0149166 0.144105 -0.0084423 0.987058 0.160139 -0.144629 -0.159666 0.976519 1.37791 3.05701 -0.270518</i>
                        <i>0.98945 -0.0149166 0.144105 -0.0084423 0.987058 0.160139 -0.144629 -0.159666 0.976519 1.37791 3.05701 -0.270518</i>
                        <i>0.98945 -0.0149166 0.144105 -0.0084423 0.987058 0.160139 -0.144629 -0.159666 0.976519 1.37791 3.05701 -0.270518</i>
                        <i>0.98945 -0.0149166 0.144105 -0.0084423 0.987058 0.160139 -0.144629 -0.159666 0.976519 1.37791 3.05701 -0.270518</i>
                        <i>0.98945 -0.0149166 0.144105 -0.0084423 0.987058 0.160139 -0.144629 -0.159666 0.976519 1.37791 3.05701 -0.270518</i>
                        <i>0.98945 -0.0149166 0.144105 -0.0084423 0.987058 0.160139 -0.144629 -0.159666 0.976519 1.37791 3.05701 -0.270518</i>
                        <i>0.98945 -0.0149166 0.144105 -0.0084423 0.987058 0.160139 -0.144629 -0.159666 0.976519 1.37791 3.05701 -0.270518</i>
                    </KeyFrames>
                </p>
            </i>
            <i>
                <p>
                    <Name><![CDATA[l_clav]]></Name>
                    <Exclude>0</Exclude>
                    <Additive>0</Additive>
                    <IKPriority>0</IKPriority>
                    <IKRotLimits>-1e+010 -1e+010 -1e+010 1e+010 1e+010 1e+010</IKRotLimits>
                    <IKRotLimitOrder>0</IKRotLimitOrder>
                    <KeyFrames count="40">
                        <i>0.861616 0.459498 0.215591 -0.459445 0.886596 -0.0534554 -0.215705 -0.0529943 0.975019 1.46712 2.53563 -0.301141</i>
                        <i>0.819027 0.561156 0.119575 -0.529717 0.819632 -0.218182 -0.220442 0.115356 0.968555 1.46093 2.48486 -0.282783</i>
                        <i>0.770719 0.637126 -0.00794515 -0.597236 0.718008 -0.357453 -0.222038 0.280241 0.933897 1.45521 2.43489 -0.265417</i>
                        <i>0.74884 0.659573 -0.0648169 -0.62577 0.671455 -0.396939 -0.218289 0.337804 0.915554 1.45409 2.416 -0.260914</i>
                        <i>0.777958 0.628316 -0.000974551 -0.592692 0.733332 -0.333077 -0.208563 0.259697 0.942899 1.45851 2.44347 -0.272681</i>
                        <i>0.832851 0.543018 0.107199 -0.518108 0.83298 -0.194185 -0.19474 0.106186 0.97509 1.46561 2.49605 -0.293602</i>
                        <i>0.881329 0.430331 0.195124 -0.436254 0.899718 -0.0138015 -0.181496 -0.07296 0.980681 1.47344 2.54888 -0.317972</i>
                        <i>0.902972 0.353895 0.24372 -0.393095 0.909399 0.135902 -0.173544 -0.218521 0.960277 1.48014 2.57733 -0.338935</i>
                        <i>0.899632 0.345501 0.267004 -0.40124 0.895328 0.193376 -0.172244 -0.2811 0.944095 1.48359 2.57458 -0.34915</i>
                        <i>0.885025 0.380257 0.268579 -0.431862 0.886038 0.168615 -0.173854 -0.265218 0.948385 1.48182 2.55651 -0.344102</i>
                        <i>0.863475 0.436538 0.252676 -0.472439 0.875439 0.102016 -0.176669 -0.207463 0.962158 1.4762 2.5313 -0.328401</i>
                        <i>0.844542 0.489435 0.217258 -0.503654 0.863824 0.011837 -0.181879 -0.11942 0.976042 1.46912 2.50715 -0.308384</i>
                        <i>0.841133 0.514051 0.168066 -0.50708 0.857655 -0.0854263 -0.188056 -0.0133678 0.982067 1.46298 2.49392 -0.290473</i>
