<?xml version="1.0" encoding="ISO-8859-1" ?>
<Animl Version="1">
    <ModellingPackage><![CDATA[Maya.2010]]></ModellingPackage>
    <SrcFile><![CDATA[anims\turrets\mortar\red\~src\mortar_m1938\mortar_m1938_idle_crewman_a.mb]]></SrcFile>
    <FramesPerSecond>30</FramesPerSecond>
    <TotalFrames>90</TotalFrames>
    <Skeleton>
        <RefFrame>
            <Name><![CDATA[soldier_ref_frame]]></Name>
            <Exclude>0</Exclude>
            <Additive>0</Additive>
            <IKPriority>0</IKPriority>
            <IKRotLimits>-1e+010 -1e+010 -1e+010 1e+010 1e+010 1e+010</IKRotLimits>
            <IKRotLimitOrder>0</IKRotLimitOrder>
            <KeyFrames count="90">
                <i>1 0 0 0 1 0 0 0 1 1.29 0.9 -0.19</i>
                <i>1 0 0 0 1 0 0 0 1 1.29 0.9 -0.19</i>
                <i>1 0 0 0 1 0 0 0 1 1.29 0.9 -0.19</i>
                <i>1 0 0 0 1 0 0 0 1 1.29 0.9 -0.19</i>
                <i>1 0 0 0 1 0 0 0 1 1.29 0.9 -0.19</i>
                <i>1 0 0 0 1 0 0 0 1 1.29 0.9 -0.19</i>
                <i>1 0 0 0 1 0 0 0 1 1.29 0.9 -0.19</i>
                <i>1 0 0 0 1 0 0 0 1 1.29 0.9 -0.19</i>
                <i>1 0 0 0 1 0 0 0 1 1.29 0.9 -0.19</i>
                <i>1 0 0 0 1 0 0 0 1 1.29 0.9 -0.19</i>
                <i>1 0 0 0 1 0 0 0 1 1.29 0.9 -0.19</i>
                <i>1 0 0 0 1 0 0 0 1 1.29 0.9 -0.19</i>
                <i>1 0 0 0 1 0 0 0 1 1.29 0.9 -0.19</i>
                <i>1 0 0 0 1 0 0 0 1 1.29 0.9 -0.19</i>
                <i>1 0 0 0 1 0 0 0 1 1.29 0.9 -0.19</i>
                <i>1 0 0 0 1 0 0 0 1 1.29 0.9 -0.19</i>
                <i>1 0 0 0 1 0 0 0 1 1.29 0.9 -0.19</i>
                <i>1 0 0 0 1 0 0 0 1 1.29 0.9 -0.19</i>
                <i>1 0 0 0 1 0 0 0 1 1.29 0.9 -0.19</i>
                <i>1 0 0 0 1 0 0 0 1 1.29 0.9 -0.19</i>
                <i>1 0 0 0 1 0 0 0 1 1.29 0.9 -0.19</i>
                <i>1 0 0 0 1 0 0 0 1 1.29 0.9 -0.19</i>
                <i>1 0 0 0 1 0 0 0 1 1.29 0.9 -0.19</i>
                <i>1 0 0 0 1 0 0 0 1 1.29 0.9 -0.19</i>
                <i>1 0 0 0 1 0 0 0 1 1.29 0.9 -0.19</i>
                <i>1 0 0 0 1 0 0 0 1 1.29 0.9 -0.19</i>
                <i>1 0 0 0 1 0 0 0 1 1.29 0.9 -0.19</i>
                <i>1 0 0 0 1 0 0 0 1 1.29 0.9 -0.19</i>
                <i>1 0 0 0 1 0 0 0 1 1.29 0.9 -0.19</i>
                <i>1 0 0 0 1 0 0 0 1 1.29 0.9 -0.19</i>
                <i>1 0 0 0 1 0 0 0 1 1.29 0.9 -0.19</i>
                <i>1 0 0 0 1 0 0 0 1 1.29 0.9 -0.19</i>
                <i>1 0 0 0 1 0 0 0 1 1.29 0.9 -0.19</i>
                <i>1 0 0 0 1 0 0 0 1 1.29 0.9 -0.19</i>
                <i>1 0 0 0 1 0 0 0 1 1.29 0.9 -0.19</i>
                <i>1 0 0 0 1 0 0 0 1 1.29 0.9 -0.19</i>
                <i>1 0 0 0 1 0 0 0 1 1.29 0.9 -0.19</i>
                <i>1 0 0 0 1 0 0 0 1 1.29 0.9 -0.19</i>
                <i>1 0 0 0 1 0 0 0 1 1.29 0.9 -0.19</i>
                <i>1 0 0 0 1 0 0 0 1 1.29 0.9 -0.19</i>
                <i>1 0 0 0 1 0 0 0 1 1.29 0.9 -0.19</i>
                <i>1 0 0 0 1 0 0 0 1 1.29 0.9 -0.19</i>
                <i>1 0 0 0 1 0 0 0 1 1.29 0.9 -0.19</i>
                <i>1 0 0 0 1 0 0 0 1 1.29 0.9 -0.19</i>
                <i>1 0 0 0 1 0 0 0 1 1.29 0.9 -0.19</i>
                <i>1 0 0 0 1 0 0 0 1 1.29 0.9 -0.19</i>
                <i>1 0 0 0 1 0 0 0 1 1.29 0.9 -0.19</i>
                <i>1 0 0 0 1 0 0 0 1 1.29 0.9 -0.19</i>
                <i>1 0 0 0 1 0 0 0 1 1.29 0.9 -0.19</i>
                <i>1 0 0 0 1 0 0 0 1 1.29 0.9 -0.19</i>
                <i>1 0 0 0 1 0 0 0 1 1.29 0.9 -0.19</i>
                <i>1 0 0 0 1 0 0 0 1 1.29 0.9 -0.19</i>
                <i>1 0 0 0 1 0 0 0 1 1.29 0.9 -0.19</i>
                <i>1 0 0 0 1 0 0 0 1 1.29 0.9 -0.19</i>
                <i>1 0 0 0 1 0 0 0 1 1.29 0.9 -0.19</i>
                <i>1 0 0 0 1 0 0 0 1 1.29 0.9 -0.19</i>
                <i>1 0 0 0 1 0 0 0 1 1.29 0.9 -0.19</i>
                <i>1 0 0 0 1 0 0 0 1 1.29 0.9 -0.19</i>
                <i>1 0 0 0 1 0 0 0 1 1.29 0.9 -0.19</i>
                <i>1 0 0 0 1 0 0 0 1 1.29 0.9 -0.19</i>
                <i>1 0 0 0 1 0 0 0 1 1.29 0.9 -0.19</i>
                <i>1 0 0 0 1 0 0 0 1 1.29 0.9 -0.19</i>
                <i>1 0 0 0 1 0 0 0 1 1.29 0.9 -0.19</i>
                <i>1 0 0 0 1 0 0 0 1 1.29 0.9 -0.19</i>
                <i>1 0 0 0 1 0 0 0 1 1.29 0.9 -0.19</i>
                <i>1 0 0 0 1 0 0 0 1 1.29 0.9 -0.19</i>
                <i>1 0 0 0 1 0 0 0 1 1.29 0.9 -0.19</i>
                <i>1 0 0 0 1 0 0 0 1 1.29 0.9 -0.19</i>
                <i>1 0 0 0 1 0 0 0 1 1.29 0.9 -0.19</i>
                <i>1 0 0 0 1 0 0 0 1 1.29 0.9 -0.19</i>
                <i>1 0 0 0 1 0 0 0 1 1.29 0.9 -0.19</i>
                <i>1 0 0 0 1 0 0 0 1 1.29 0.9 -0.19</i>
                <i>1 0 0 0 1 0 0 0 1 1.29 0.9 -0.19</i>
                <i>1 0 0 0 1 0 0 0 1 1.29 0.9 -0.19</i>
                <i>1 0 0 0 1 0 0 0 1 1.29 0.9 -0.19</i>
                <i>1 0 0 0 1 0 0 0 1 1.29 0.9 -0.19</i>
                <i>1 0 0 0 1 0 0 0 1 1.29 0.9 -0.19</i>
                <i>1 0 0 0 1 0 0 0 1 1.29 0.9 -0.19</i>
                <i>1 0 0 0 1 0 0 0 1 1.29 0.9 -0.19</i>
                <i>1 0 0 0 1 0 0 0 1 1.29 0.9 -0.19</i>
                <i>1 0 0 0 1 0 0 0 1 1.29 0.9 -0.19</i>
                <i>1 0 0 0 1 0 0 0 1 1.29 0.9 -0.19</i>
                <i>1 0 0 0 1 0 0 0 1 1.29 0.9 -0.19</i>
                <i>1 0 0 0 1 0 0 0 1 1.29 0.9 -0.19</i>
                <i>1 0 0 0 1 0 0 0 1 1.29 0.9 -0.19</i>
                <i>1 0 0 0 1 0 0 0 1 1.29 0.9 -0.19</i>
                <i>1 0 0 0 1 0 0 0 1 1.29 0.9 -0.19</i>
                <i>1 0 0 0 1 0 0 0 1 1.29 0.9 -0.19</i>
                <i>1 0 0 0 1 0 0 0 1 1.29 0.9 -0.19</i>
                <i>1 0 0 0 1 0 0 0 1 1.29 0.9 -0.19</i>
            </KeyFrames>
        </RefFrame>
        <Bones count="23">
            <i>
                <p>
                    <Name><![CDATA[pelvis]]></Name>
                    <Exclude>0</Exclude>
                    <Additive>0</Additive>
                    <IKPriority>0</IKPriority>
                    <IKRotLimits>-1e+010 -1e+010 -1e+010 1e+010 1e+010 1e+010</IKRotLimits>
                    <IKRotLimitOrder>2</IKRotLimitOrder>
                    <KeyFrames count="90">
                        <i>1 0 0 0 1 0 0 0 1 1.39178 2.01888 -0.336095</i>
                        <i>1 0 0 0 1 0 0 0 1 1.39178 2.01822 -0.336088</i>
                        <i>1 0 0 0 1 0 0 0 1 1.39177 2.01751 -0.336084</i>
                        <i>1 0 0 0 1 0 0 0 1 1.39177 2.01677 -0.336081</i>
                        <i>1 0 0 0 1 0 0 0 1 1.39177 2.01601 -0.336081</i>
                        <i>1 0 0 0 1 0 0 0 1 1.39177 2.01525 -0.336081</i>
                        <i>1 0 0 0 1 0 0 0 1 1.39177 2.01448 -0.336083</i>
                        <i>1 0 0 0 1 0 0 0 1 1.39178 2.01374 -0.336086</i>
                        <i>1 0 0 0 1 0 0 0 1 1.39178 2.01302 -0.336089</i>
                        <i>1 0 0 0 1 0 0 0 1 1.39178 2.01234 -0.336092</i>
                        <i>1 0 0 0 1 0 0 0 1 1.39178 2.01172 -0.336095</i>
                        <i>1 0 0 0 1 0 0 0 1 1.39178 2.01116 -0.336097</i>
                        <i>1 0 0 0 1 0 0 0 1 1.39178 2.01068 -0.336098</i>
                        <i>1 0 0 0 1 0 0 0 1 1.39178 2.0103 -0.336097</i>
                        <i>1 0 0 0 1 0 0 0 1 1.39178 2.01001 -0.336095</i>
                        <i>1 0 0 0 1 0 0 0 1 1.39178 2.00988 -0.336093</i>
                        <i>1 0 0 0 1 0 0 0 1 1.39178 2.00991 -0.336091</i>
                        <i>1 0 0 0 1 0 0 0 1 1.39178 2.01007 -0.336089</i>
                        <i>1 0 0 0 1 0 0 0 1 1.39178 2.01034 -0.336089</i>
                        <i>1 0 0 0 1 0 0 0 1 1.39178 2.01069 -0.336089</i>
                        <i>1 0 0 0 1 0 0 0 1 1.39178 2.01109 -0.336089</i>
                        <i>1 0 0 0 1 0 0 0 1 1.39178 2.01152 -0.336089</i>
                        <i>1 0 0 0 1 0 0 0 1 1.39178 2.01193 -0.33609</i>
                        <i>1 0 0 0 1 0 0 0 1 1.39178 2.01232 -0.336091</i>
                        <i>1 0 0 0 1 0 0 0 1 1.39178 2.01264 -0.336092</i>
                        <i>1 0 0 0 1 0 0 0 1 1.39178 2.01287 -0.336093</i>
                        <i>1 0 0 0 1 0 0 0 1 1.39178 2.01298 -0.336094</i>
                        <i>1 0 0 0 1 0 0 0 1 1.39178 2.01294 -0.336094</i>
                        <i>1 0 0 0 1 0 0 0 1 1.39178 2.01273 -0.336095</i>
                        <i>1 0 0 0 1 0 0 0 1 1.39178 2.01231 -0.336095</i>
                        <i>1 0 0 0 1 0 0 0 1 1.39178 2.00997 -0.336096</i>
                        <i>1 0 0 0 1 0 0 0 1 1.39178 2.00556 -0.336096</i>
                        <i>1 0 0 0 1 0 0 0 1 1.39178 2.00146 -0.336096</i>
                        <i>1 0 0 0 1 0 0 0 1 1.39178 2 -0.336096</i>
                        <i>1 0 0 0 1 0 0 0 1 1.39178 2.0018 -0.336096</i>
                        <i>1 0 0 0 1 0 0 0 1 1.39178 2.00531 -0.336094</i>
                        <i>1 0 0 0 1 0 0 0 1 1.39178 2.00964 -0.336092</i>
                        <i>1 0 0 0 1 0 0 0 1 1.39178 2.01393 -0.336091</i>
                        <i>1 0 0 0 1 0 0 0 1 1.39178 2.0173 -0.336092</i>
                        <i>1 0 0 0 1 0 0 0 1 1.39178 2.01888 -0.336095</i>
                        <i>1 0 0 0 1 0 0 0 1 1.39178 2.01917 -0.3361</i>
                        <i>1 0 0 0 1 0 0 0 1 1.39178 2.01928 -0.336104</i>
                        <i>1 0 0 0 1 0 0 0 1 1.39178 2.01923 -0.336107</i>
                        <i>1 0 0 0 1 0 0 0 1 1.39178 2.01904 -0.33611</i>
                        <i>1 0 0 0 1 0 0 0 1 1.39178 2.01871 -0.336111</i>
                        <i>1 0 0 0 1 0 0 0 1 1.39178 2.01828 -0.336113</i>
                        <i>1 0 0 0 1 0 0 0 1 1.39178 2.01775 -0.336113</i>
                        <i>1 0 0 0 1 0 0 0 1 1.39178 2.01715 -0.336114</i>
                        <i>1 0 0 0 1 0 0 0 1 1.39178 2.01648 -0.336114</i>
                        <i>1 0 0 0 1 0 0 0 1 1.39178 2.01578 -0.336113</i>
                        <i>1 0 0 0 1 0 0 0 1 1.39178 2.01504 -0.336112</i>
                        <i>1 0 0 0 1 0 0 0 1 1.39178 2.0143 -0.336111</i>
                        <i>1 0 0 0 1 0 0 0 1 1.39178 2.01356 -0.336109</i>
                        <i>1 0 0 0 1 0 0 0 1 1.39178 2.01285 -0.336107</i>
                        <i>1 0 0 0 1 0 0 0 1 1.39178 2.01217 -0.336106</i>
                        <i>1 0 0 0 1 0 0 0 1 1.39178 2.01156 -0.336103</i>
                        <i>1 0 0 0 1 0 0 0 1 1.39178 2.01102 -0.336101</i>
                        <i>1 0 0 0 1 0 0 0 1 1.39178 2.01057 -0.336099</i>
                        <i>1 0 0 0 1 0 0 0 1 1.39178 2.01023 -0.336097</i>
                        <i>1 0 0 0 1 0 0 0 1 1.39178 2.01001 -0.336095</i>
                        <i>1 0 0 0 1 0 0 0 1 1.39178 2.00992 -0.336094</i>
                        <i>1 0 0 0 1 0 0 0 1 1.39178 2.00993 -0.336092</i>
                        <i>1 0 0 0 1 0 0 0 1 1.39178 2.01003 -0.336091</i>
                        <i>1 0 0 0 1 0 0 0 1 1.39178 2.01021 -0.336091</i>
                        <i>1 0 0 0 1 0 0 0 1 1.39178 2.01045 -0.336091</i>
                        <i>1 0 0 0 1 0 0 0 1 1.39178 2.01074 -0.336091</i>
                        <i>1 0 0 0 1 0 0 0 1 1.39178 2.01106 -0.336091</i>
                        <i>1 0 0 0 1 0 0 0 1 1.39178 2.01142 -0.336092</i>
                        <i>1 0 0 0 1 0 0 0 1 1.39178 2.01178 -0.336093</i>
                        <i>1 0 0 0 1 0 0 0 1 1.39178 2.01215 -0.336094</i>
                        <i>1 0 0 0 1 0 0 0 1 1.39178 2.0125 -0.336095</i>
                        <i>1 0 0 0 1 0 0 0 1 1.39178 2.01283 -0.336096</i>
                        <i>1 0 0 0 1 0 0 0 1 1.39178 2.01312 -0.336097</i>
                        <i>1 0 0 0 1 0 0 0 1 1.39178 2.01336 -0.336098</i>
                        <i>1 0 0 0 1 0 0 0 1 1.39178 2.01354 -0.3361</i>
                        <i>1 0 0 0 1 0 0 0 1 1.39178 2.01364 -0.336101</i>
                        <i>1 0 0 0 1 0 0 0 1 1.39178 2.01365 -0.336102</i>
                        <i>1 0 0 0 1 0 0 0 1 1.39178 2.01355 -0.336103</i>
                        <i>1 0 0 0 1 0 0 0 1 1.39178 2.01335 -0.336104</i>
                        <i>1 0 0 0 1 0 0 0 1 1.39178 2.01302 -0.336105</i>
                        <i>1 0 0 0 1 0 0 0 1 1.39178 2.01131 -0.336106</i>
                        <i>1 0 0 0 1 0 0 0 1 1.39178 2.00786 -0.336108</i>
                        <i>1 0 0 0 1 0 0 0 1 1.39178 2.00397 -0.336109</i>
                        <i>1 0 0 0 1 0 0 0 1 1.39178 2.00091 -0.336111</i>
                        <i>1 0 0 0 1 0 0 0 1 1.39178 2 -0.33611</i>
                        <i>1 0 0 0 1 0 0 0 1 1.39178 2.00244 -0.33611</i>
                        <i>1 0 0 0 1 0 0 0 1 1.39178 2.00737 -0.336108</i>
                        <i>1 0 0 0 1 0 0 0 1 1.39178 2.01297 -0.336106</i>
                        <i>1 0 0 0 1 0 0 0 1 1.39178 2.01741 -0.336102</i>
                        <i>1 0 0 0 1 0 0 0 1 1.39178 2.01888 -0.336095</i>
                    </KeyFrames>
                </p>
            </i>
            <i>
                <p>
                    <Name><![CDATA[spine0]]></Name>
                    <Exclude>0</Exclude>
                    <Additive>0</Additive>
                    <IKPriority>0</IKPriority>
                    <IKRotLimits>-1e+010 -1e+010 -1e+010 1e+010 1e+010 1e+010</IKRotLimits>
                    <IKRotLimitOrder>0</IKRotLimitOrder>
                    <KeyFrames count="90">
                        <i>-0.017199 0.999142 -0.0376821 -0.857641 -0.0341152 -0.513116 -0.513961 0.0234926 0.857491 1.4164 2.15004 -0.389836</i>
                        <i>-0.0172316 0.999152 -0.0374009 -0.85764 -0.0339987 -0.513126 -0.513962 0.0232345 0.857498 1.41639 2.14938 -0.389824</i>
                        <i>-0.0174519 0.999175 -0.0366632 -0.857639 -0.0338086 -0.51314 -0.513956 0.0224885 0.857522 1.41637 2.14868 -0.389804</i>
                        <i>-0.0178308 0.999208 -0.0355603 -0.857638 -0.033567 -0.513157 -0.513945 0.0213479 0.857558 1.41633 2.14796 -0.389777</i>
                        <i>-0.0183384 0.999247 -0.0341836 -0.857638 -0.0332949 -0.513176 -0.513928 0.0199063 0.857603 1.41629 2.14722 -0.389745</i>
                        <i>-0.0189442 0.999288 -0.0326241 -0.857638 -0.0330133 -0.513194 -0.513905 0.0182577 0.857653 1.41623 2.14648 -0.389708</i>
                        <i>-0.0196168 0.999328 -0.0309736 -0.857639 -0.0327421 -0.513209 -0.513878 0.0164966 0.857704 1.41617 2.14575 -0.389667</i>
                        <i>-0.020324 0.999363 -0.0293239 -0.857641 -0.032501 -0.513221 -0.513847 0.0147186 0.857755 1.4161 2.14503 -0.389622</i>
                        <i>-0.021033 0.999393 -0.0277672 -0.857644 -0.0323093 -0.513228 -0.513813 0.0130197 0.857803 1.41603 2.14435 -0.389574</i>
                        <i>-0.0217098 0.999416 -0.0263963 -0.857649 -0.0321855 -0.513228 -0.513777 0.0114967 0.857847 1.41595 2.1437 -0.389525</i>
                        <i>-0.0223199 0.999431 -0.0253037 -0.857655 -0.0321475 -0.51322 -0.513741 0.0102468 0.857884 1.41587 2.14312 -0.389475</i>
                        <i>-0.0228282 0.999437 -0.024582 -0.857662 -0.0322126 -0.513203 -0.513706 0.00936754 0.857915 1.4158 2.1426 -0.389424</i>
                        <i>-0.0231987 0.999435 -0.0243234 -0.857671 -0.0323973 -0.513177 -0.513675 0.00895645 0.857938 1.41572 2.14215 -0.389373</i>
                        <i>-0.0234997 0.999428 -0.024315 -0.85768 -0.0326511 -0.513146 -0.513647 0.00879569 0.857957 1.41565 2.1418 -0.389324</i>
                        <i>-0.0238192 0.999421 -0.0242931 -0.857689 -0.0329136 -0.513115 -0.513618 0.00861396 0.857976 1.41558 2.14155 -0.389278</i>
                        <i>-0.0241496 0.999414 -0.0242734 -0.857696 -0.0331868 -0.513084 -0.513589 0.00842847 0.857995 1.41553 2.14144 -0.389235</i>
                        <i>-0.0244834 0.999406 -0.0242715 -0.857704 -0.033472 -0.513054 -0.513561 0.00825647 0.858013 1.41548 2.14149 -0.389199</i>
                        <i>-0.0248131 0.999397 -0.024303 -0.85771 -0.0337708 -0.513024 -0.513535 0.00811522 0.85803 1.41544 2.14167 -0.389171</i>
                        <i>-0.0251308 0.999387 -0.0243834 -0.857715 -0.0340845 -0.512995 -0.513511 0.00802204 0.858046 1.41541 2.14196 -0.389152</i>
                        <i>-0.0254288 0.999376 -0.0245282 -0.857719 -0.0344144 -0.512966 -0.51349 0.00799422 0.858058 1.4154 2.14231 -0.389143</i>
                        <i>-0.025699 0.999363 -0.0247529 -0.857721 -0.0347614 -0.512939 -0.513472 0.00804908 0.858068 1.4154 2.14271 -0.389145</i>
                        <i>-0.0259335 0.999349 -0.0250728 -0.857722 -0.0351267 -0.512912 -0.513459 0.00820394 0.858075 1.41542 2.14312 -0.38916</i>
                        <i>-0.0261239 0.999333 -0.0255033 -0.857722 -0.035511 -0.512886 -0.51345 0.00847611 0.858078 1.41546 2.14352 -0.389187</i>
                        <i>-0.0262622 0.999315 -0.0260595 -0.85772 -0.0359151 -0.512861 -0.513446 0.00888289 0.858076 1.41552 2.14388 -0.389229</i>
                        <i>-0.0263398 0.999295 -0.0267565 -0.857717 -0.0363395 -0.512837 -0.513447 0.0094415 0.858069 1.4156 2.14416 -0.389286</i>
                        <i>-0.0263483 0.999271 -0.0276094 -0.857712 -0.0367845 -0.512812 -0.513454 0.0101692 0.858057 1.41571 2.14434 -0.389359</i>
                        <i>-0.0262792 0.999245 -0.0286328 -0.857707 -0.0372505 -0.512787 -0.513467 0.0110829 0.858038 1.41584 2.14439 -0.389449</i>
                        <i>-0.0261236 0.999213 -0.0298414 -0.857701 -0.0377375 -0.512762 -0.513484 0.0121999 0.858012 1.41599 2.14428 -0.389558</i>
                        <i>-0.0258728 0.999177 -0.0312497 -0.857695 -0.0382452 -0.512734 -0.513507 0.0135369 0.857979 1.41618 2.14399 -0.389687</i>
                        <i>-0.0255179 0.999134 -0.0328716 -0.85769 -0.0387734 -0.512703 -0.513533 0.0151105 0.857937 1.4164 2.14347 -0.389836</i>
                        <i>-0.0242603 0.998942 -0.0390672 -0.857681 -0.0408749 -0.512555 -0.51361 0.0210724 0.857765 1.41713 2.14066 -0.390622</i>
                        <i>-0.0219029 0.998486 -0.0504627 -0.857731 -0.0446991 -0.512152 -0.513632 0.0320658 0.857411 1.41857 2.13528 -0.392239</i>
                        <i>-0.0193111 0.997917 -0.0615522 -0.857898 -0.0481548 -0.511559 -0.513457 0.0429267 0.857041 1.42028 2.13 -0.394058</i>
                        <i>-0.0173347 0.997598 -0.067063 -0.858118 -0.0492684 -0.511084 -0.51316 0.0486885 0.856911 1.42181 2.12755 -0.395469</i>
                        <i>-0.0171267 0.99788 -0.0627819 -0.858229 -0.0468872 -0.511122 -0.512982 0.0451273 0.857212 1.42275 2.12894 -0.395875</i>
                        <i>-0.0192794 0.998506 -0.0511277 -0.858174 -0.0427647 -0.511575 -0.512997 0.0340136 0.857716 1.42282 2.13289 -0.39487</i>
                        <i>-0.0227756 0.999015 -0.0380939 -0.858036 -0.0390887 -0.5121 -0.513085 0.0210225 0.858081 1.42222 2.13827 -0.392872</i>
                        <i>-0.0257459 0.999218 -0.0300127 -0.857893 -0.0374968 -0.512458 -0.513182 0.012554 0.858188 1.42134 2.14377 -0.390538</i>
                        <i>-0.027773 0.99925 -0.0269761 -0.85776 -0.0376806 -0.512667 -0.513299 0.00890076 0.858163 1.42052 2.14814 -0.388543</i>
                        <i>-0.0293948 0.999238 -0.025658 -0.857687 -0.0383966 -0.512737 -0.513332 0.00693473 0.858162 1.42015 2.15018 -0.387589</i>
                        <i>-0.0305062 0.999197 -0.0259594 -0.857223 -0.0395106 -0.513428 -0.514042 0.00659029 0.85774 1.4202 2.15053 -0.387412</i>
                        <i>-0.0314649 0.999143 -0.0268926 -0.85595 -0.040829 -0.515444 -0.5161 0.00680027 0.856501 1.42036 2.15066 -0.387277</i>
                        <i>-0.0322481 0.999079 -0.0283207 -0.854023 -0.0422643 -0.518516 -0.519236 0.00746533 0.854599 1.42063 2.15059 -0.387174</i>
                        <i>-0.0328324 0.999007 -0.0301049 -0.851593 -0.0437293 -0.522376 -0.523174 0.00848628 0.852184 1.42096 2.15036 -0.387096</i>
                        <i>-0.0331973 0.998933 -0.0321047 -0.848817 -0.0451379 -0.526756 -0.527643 0.00976417 0.84941 1.42135 2.14997 -0.387034</i>
                        <i>-0.0333271 0.99886 -0.0341785 -0.845853 -0.0464049 -0.531394 -0.532374 0.0112002 0.846435 1.42177 2.14946 -0.386981</i>
                        <i>-0.0332121 0.998793 -0.0361842 -0.842865 -0.0474464 -0.53603 -0.537099 0.0126957 0.843423 1.4222 2.14886 -0.386929</i>
                        <i>-0.0328489 0.998738 -0.0379798 -0.840021 -0.0481793 -0.54041 -0.541558 0.014152 0.840544 1.42261 2.14818 -0.386873</i>
                        <i>-0.0322393 0.998702 -0.0394242 -0.837496 -0.0485212 -0.544285 -0.545492 0.0154703 0.837973 1.42299 2.14745 -0.386806</i>
                        <i>-0.0313887 0.998691 -0.040377 -0.835466 -0.0483902 -0.547408 -0.548645 0.0165512 0.835892 1.42331 2.1467 -0.386724</i>
                        <i>-0.0302945 0.998703 -0.0409108 -0.833745 -0.0478239 -0.550074 -0.551317 0.017445 0.834113 1.42359 2.14593 -0.38662</i>
                        <i>-0.0289917 0.99873 -0.0412164 -0.832052 -0.0469628 -0.552706 -0.55394 0.0182703 0.832356 1.4239 2.14516 -0.386499</i>
                        <i>-0.0275438 0.998766 -0.041332 -0.830419 -0.045879 -0.555247 -0.556458 0.0190293 0.830658 1.42421 2.1444 -0.386366</i>
                        <i>-0.0260141 0.998808 -0.0412959 -0.828883 -0.044644 -0.557638 -0.558817 0.0197231 0.829056 1.42451 2.14366 -0.38623</i>
                        <i>-0.0244658 0.998854 -0.0411465 -0.827479 -0.0433293 -0.559822 -0.560963 0.0203514 0.827591 1.4248 2.14297 -0.386097</i>
                        <i>-0.0229619 0.998898 -0.0409222 -0.826245 -0.0420062 -0.561743 -0.562843 0.0209131 0.826299 1.42506 2.14233 -0.385975</i>
                        <i>-0.0215653 0.99894 -0.0406618 -0.825217 -0.0407458 -0.563344 -0.564403 0.0214062 0.825222 1.42528 2.14177 -0.385872</i>
                        <i>-0.0203384 0.998976 -0.0404042 -0.824435 -0.0396192 -0.564569 -0.565592 0.0218282 0.824397 1.42546 2.14131 -0.385793</i>
                        <i>-0.0193434 0.999005 -0.0401883 -0.823935 -0.0386971 -0.565362 -0.566354 0.0221765 0.823863 1.42558 2.14095 -0.385747</i>
                        <i>-0.0186425 0.999024 -0.0400532 -0.823755 -0.0380508 -0.565667 -0.566639 0.0224486 0.82366 1.42563 2.14073 -0.385741</i>
                        <i>-0.0181023 0.999037 -0.039971 -0.82376 -0.0375594 -0.565694 -0.56665 0.0226862 0.823646 1.42564 2.14062 -0.385762</i>
                        <i>-0.0175532 0.99905 -0.0398871 -0.823788 -0.0370588 -0.565685 -0.566626 0.022929 0.823656 1.42564 2.14062 -0.385791</i>
                        <i>-0.0170032 0.999063 -0.0398007 -0.823845 -0.036555 -0.565636 -0.56656 0.023172 0.823694 1.42565 2.1407 -0.385829</i>
                        <i>-0.0164604 0.999076 -0.0397109 -0.823934 -0.0360537 -0.565538 -0.566447 0.0234102 0.823765 1.42565 2.14086 -0.385875</i>
                        <i>-0.0159327 0.999088 -0.0396171 -0.824059 -0.0355609 -0.565387 -0.566281 0.0236387 0.823874 1.42564 2.14108 -0.385929</i>
                        <i>-0.0154279 0.9991 -0.0395183 -0.824224 -0.0350825 -0.565177 -0.566054 0.0238525 0.824023 1.42562 2.14135 -0.385991</i>
                        <i>-0.0149539 0.999111 -0.0394139 -0.824432 -0.0346242 -0.5649 -0.565763 0.0240466 0.824217 1.4256 2.14166 -0.38606</i>
                        <i>-0.0145186 0.999122 -0.039303 -0.824689 -0.0341919 -0.564551 -0.5654 0.0242163 0.824462 1.42557 2.14199 -0.386136</i>
                        <i>-0.0141299 0.999132 -0.0391848 -0.824998 -0.0337916 -0.564124 -0.564959 0.0243564 0.824759 1.42553 2.14234 -0.386219</i>
                        <i>-0.0137955 0.999142 -0.0390585 -0.825363 -0.0334289 -0.563613 -0.564435 0.0244621 0.825115 1.42548 2.14268 -0.386308</i>
                        <i>-0.0135233 0.999151 -0.0389233 -0.825787 -0.0331097 -0.56301 -0.563821 0.0245286 0.825533 1.42542 2.14301 -0.386404</i>
                        <i>-0.0133209 0.999159 -0.0387783 -0.826274 -0.0328398 -0.56231 -0.563111 0.024551 0.826017 1.42535 2.14332 -0.386506</i>
                        <i>-0.0131962 0.999167 -0.0386225 -0.826829 -0.032625 -0.561507 -0.562299 0.0245244 0.82657 1.42527 2.14359 -0.386613</i>
                        <i>-0.0131569 0.999174 -0.0384549 -0.827454 -0.0324711 -0.560593 -0.561379 0.024444 0.827198 1.42517 2.14381 -0.386726</i>
                        <i>-0.0132106 0.99918 -0.0382745 -0.828155 -0.032384 -0.559563 -0.560344 0.024305 0.827903 1.42506 2.14397 -0.386844</i>
                        <i>-0.013365 0.999185 -0.0380801 -0.828933 -0.0323694 -0.558411 -0.559188 0.0241027 0.82869 1.42493 2.14406 -0.386967</i>
                        <i>-0.0136277 0.99919 -0.0378705 -0.829793 -0.0324332 -0.557128 -0.557905 0.0238323 0.829563 1.42479 2.14405 -0.387094</i>
                        <i>-0.0140063 0.999193 -0.0376443 -0.830738 -0.0325812 -0.555709 -0.556488 0.0234891 0.830524 1.42463 2.14395 -0.387225</i>
                        <i>-0.0145084 0.999195 -0.0374 -0.831771 -0.0328192 -0.554148 -0.554929 0.0230685 0.831578 1.42445 2.14374 -0.387359</i>
                        <i>-0.0151414 0.999196 -0.037136 -0.832895 -0.0331532 -0.552436 -0.553223 0.0225658 0.832727 1.42426 2.1434 -0.387497</i>
                        <i>-0.0153143 0.999177 -0.037554 -0.834597 -0.0334576 -0.549845 -0.550649 0.0229219 0.834422 1.42413 2.1415 -0.388064</i>
                        <i>-0.0147346 0.999132 -0.0389528 -0.837146 -0.0336302 -0.545945 -0.546782 0.0245649 0.836915 1.42404 2.1376 -0.389235</i>
                        <i>-0.0138556 0.999074 -0.0407315 -0.840229 -0.0337162 -0.541182 -0.542054 0.0267254 0.839919 1.42384 2.13318 -0.390632</i>
                        <i>-0.0131058 0.999019 -0.0423011 -0.843569 -0.0337604 -0.535959 -0.536862 0.0286597 0.843183 1.42337 2.12971 -0.39188</i>
                        <i>-0.0128782 0.998989 -0.0430799 -0.846935 -0.0338003 -0.530621 -0.531541 0.0296525 0.846513 1.42248 2.12869 -0.392604</i>
                        <i>-0.0134244 0.999 -0.0426545 -0.850151 -0.0338594 -0.52545 -0.526368 0.0292089 0.849755 1.42112 2.13148 -0.392541</i>
                        <i>-0.0145038 0.999039 -0.0413527 -0.853049 -0.0339384 -0.520725 -0.521629 0.0277234 0.852722 1.41952 2.13704 -0.391893</i>
                        <i>-0.0157462 0.999087 -0.0397092 -0.855427 -0.0340227 -0.516805 -0.517684 0.0258306 0.855182 1.41799 2.14334 -0.390993</i>
                        <i>-0.0167724 0.999126 -0.0382885 -0.857044 -0.0340892 -0.514115 -0.514971 0.0241919 0.856866 1.41685 2.14834 -0.390189</i>
                        <i>-0.017199 0.999142 -0.0376821 -0.857641 -0.0341152 -0.513116 -0.513961 0.0234926 0.857491 1.4164 2.15004 -0.389836</i>
                    </KeyFrames>
                </p>
            </i>
            <i>
                <p>
                    <Name><![CDATA[spine1]]></Name>
                    <Exclude>0</Exclude>
                    <Additive>0</Additive>
                    <IKPriority>0</IKPriority>
                    <IKRotLimits>-1e+010 -1e+010 -1e+010 1e+010 1e+010 1e+010</IKRotLimits>
                    <IKRotLimitOrder>0</IKRotLimitOrder>
                    <KeyFrames count="90">
                        <i>-0.0690109 0.989493 0.127049 -0.911914 -0.0109269 -0.410236 -0.404538 -0.144168 0.903086 1.41341 2.32394 -0.396408</i>
                        <i>-0.0689527 0.989484 0.127148 -0.911537 -0.0106978 -0.411078 -0.405395 -0.144245 0.902689 1.4134 2.32328 -0.396346</i>
                        <i>-0.0688902 0.989458 0.127383 -0.911162 -0.0104086 -0.411917 -0.406248 -0.144444 0.902274 1.41334 2.32256 -0.396197</i>
                        <i>-0.0688203 0.989419 0.127722 -0.910788 -0.0100697 -0.412751 -0.407098 -0.144734 0.901845 1.41324 2.32181 -0.395978</i>
                        <i>-0.0687397 0.989372 0.128132 -0.910415 -0.00969136 -0.413583 -0.407945 -0.145083 0.901405 1.4131 2.32104 -0.395704</i>
                        <i>-0.0686451 0.98932 0.128581 -0.910042 -0.00928383 -0.414411 -0.408792 -0.145461 0.900961 1.41294 2.32026 -0.395394</i>
                        <i>-0.0685327 0.989269 0.129035 -0.90967 -0.00885722 -0.415237 -0.409638 -0.145836 0.900515 1.41276 2.31948 -0.395064</i>
                        <i>-0.0683988 0.989222 0.129463 -0.909299 -0.00842151 -0.416059 -0.410485 -0.146178 0.900075 1.41257 2.31872 -0.39473</i>
                        <i>-0.0682395 0.989185 0.129833 -0.908928 -0.00798662 -0.416877 -0.411331 -0.146457 0.899643 1.41238 2.31799 -0.394411</i>
                        <i>-0.0680507 0.989161 0.130115 -0.908558 -0.00756232 -0.417689 -0.412178 -0.146641 0.899225 1.41219 2.3173 -0.394121</i>
                        <i>-0.067828 0.989155 0.130277 -0.908191 -0.00715824 -0.418495 -0.413024 -0.146702 0.898827 1.412 2.31668 -0.39388</i>
                        <i>-0.0675669 0.989171 0.130287 -0.907825 -0.0067838 -0.419294 -0.41387 -0.146608 0.898453 1.41184 2.31612 -0.393703</i>
                        <i>-0.0672625 0.989215 0.130116 -0.907462 -0.00644817 -0.420085 -0.414715 -0.146331 0.898108 1.4117 2.31565 -0.393607</i>
                        <i>-0.066952 0.98927 0.129856 -0.9071 -0.00614558 -0.420871 -0.415557 -0.14597 0.897778 1.41158 2.31528 -0.393556</i>
                        <i>-0.0666804 0.989319 0.129623 -0.906738 -0.00586821 -0.421654 -0.41639 -0.14565 0.897444 1.41146 2.31501 -0.393505</i>
                        <i>-0.0664541 0.989361 0.129417 -0.906375 -0.00562184 -0.422436 -0.417214 -0.145373 0.897106 1.41134 2.31488 -0.393458</i>
                        <i>-0.0662798 0.989396 0.129238 -0.906013 -0.00541222 -0.423216 -0.418029 -0.145142 0.896764 1.41123 2.31492 -0.393422</i>
                        <i>-0.0661637 0.989424 0.129086 -0.90565 -0.00524499 -0.423994 -0.418833 -0.144959 0.896418 1.41114 2.31509 -0.393399</i>
                        <i>-0.0661122 0.989443 0.128961 -0.905286 -0.00512575 -0.424772 -0.419627 -0.144829 0.896068 1.41106 2.31536 -0.393394</i>
                        <i>-0.0661318 0.989455 0.128863 -0.904921 -0.00505998 -0.42555 -0.42041 -0.144753 0.895713 1.41099 2.31572 -0.39341</i>
                        <i>-0.0662286 0.989458 0.128792 -0.904555 -0.0050531 -0.426328 -0.421182 -0.144734 0.895353 1.41095 2.31612 -0.393451</i>
                        <i>-0.0664088 0.989451 0.128748 -0.904186 -0.00511042 -0.427107 -0.421944 -0.144776 0.894988 1.41093 2.31654 -0.393521</i>
                        <i>-0.0666784 0.989435 0.128732 -0.903816 -0.00523712 -0.42789 -0.422695 -0.144881 0.894616 1.41093 2.31695 -0.393624</i>
                        <i>-0.0670436 0.989409 0.128744 -0.903442 -0.00543826 -0.428676 -0.423435 -0.145053 0.894238 1.41097 2.31733 -0.393762</i>
                        <i>-0.06751 0.989372 0.128783 -0.903065 -0.00571875 -0.429467 -0.424166 -0.145293 0.893853 1.41103 2.31764 -0.393941</i>
                        <i>-0.0680835 0.989324 0.12885 -0.902682 -0.00608335 -0.430264 -0.424887 -0.145604 0.89346 1.41114 2.31786 -0.394164</i>
                        <i>-0.0687697 0.989264 0.128944 -0.902295 -0.00653664 -0.43107 -0.4256 -0.14599 0.893057 1.41128 2.31795 -0.394434</i>
                        <i>-0.0695738 0.989192 0.129066 -0.9019 -0.00708302 -0.431887 -0.426305 -0.146453 0.892645 1.41146 2.3179 -0.394755</i>
                        <i>-0.0705011 0.989107 0.129216 -0.901497 -0.00772663 -0.432716 -0.427004 -0.146995 0.892222 1.41169 2.31767 -0.395131</i>
                        <i>-0.0715567 0.989008 0.129394 -0.901084 -0.00847141 -0.433561 -0.427699 -0.147619 0.891786 1.41197 2.31723 -0.395565</i>
                        <i>-0.0751421 0.988494 0.131278 -0.90086 -0.0108462 -0.433975 -0.427557 -0.150872 0.891309 1.41291 2.31477 -0.397446</i>
                        <i>-0.0821637 0.987343 0.135655 -0.900597 -0.0152628 -0.434388 -0.426819 -0.157861 0.890452 1.41475 2.31011 -0.401094</i>
                        <i>-0.0904249 0.985839 0.141229 -0.89978 -0.020088 -0.435881 -0.426872 -0.166489 0.888854 1.41689 2.30566 -0.404917</i>
                        <i>-0.0979129 0.984306 0.146817 -0.89812 -0.023844 -0.439104 -0.428712 -0.174853 0.886359 1.41876 2.30386 -0.407348</i>
                        <i>-0.10288 0.983178 0.15092 -0.89487 -0.0252365 -0.445614 -0.434309 -0.180899 0.882412 1.41974 2.30541 -0.407006</i>
                        <i>-0.104055 0.983166 0.15019 -0.890337 -0.0247812 -0.454628 -0.443253 -0.181026 0.877927 1.41943 2.30893 -0.403909</i>
                        <i>-0.10227 0.984216 0.144431 -0.886045 -0.024129 -0.46297 -0.452178 -0.17532 0.874527 1.41824 2.31354 -0.399576</i>
                        <i>-0.0987549 0.985957 0.134669 -0.883789 -0.0247036 -0.467234 -0.457346 -0.16516 0.873818 1.41685 2.31825 -0.395795</i>
                        <i>-0.0952575 0.98762 0.124628 -0.883363 -0.0261499 -0.467959 -0.458907 -0.154668 0.874918 1.4157 2.32202 -0.39325</i>
                        <i>-0.0939474 0.988355 0.119704 -0.883314 -0.0272829 -0.467987 -0.459271 -0.149702 0.875591 1.41505 2.32378 -0.392058</i>
                        <i>-0.0943511 0.988501 0.118166 -0.883181 -0.0283322 -0.468177 -0.459445 -0.148535 0.875698 1.41491 2.32407 -0.391933</i>
                        <i>-0.094768 0.98872 0.115982 -0.882567 -0.0295471 -0.469257 -0.460537 -0.146832 0.875412 1.41491 2.32415 -0.391958</i>
                        <i>-0.095162 0.988992 0.113306 -0.881562 -0.0308573 -0.471058 -0.462377 -0.144713 0.874795 1.41503 2.32404 -0.392102</i>
                        <i>-0.0954981 0.989301 0.110293 -0.880252 -0.0321929 -0.473413 -0.464797 -0.142295 0.873908 1.41527 2.32376 -0.392332</i>
                        <i>-0.0957454 0.989627 0.107099 -0.878724 -0.0334854 -0.476153 -0.467628 -0.1397 0.872816 1.4156 2.32333 -0.392616</i>
                        <i>-0.0958787 0.989957 0.103882 -0.877066 -0.0346684 -0.479117 -0.470704 -0.137049 0.871582 1.416 2.32278 -0.392922</i>
                        <i>-0.0958799 0.990276 0.100798 -0.875366 -0.0356781 -0.482142 -0.473858 -0.134463 0.870275 1.41645 2.32214 -0.393217</i>
                        <i>-0.0957378 0.99057 0.0980023 -0.873715 -0.0364533 -0.48507 -0.476924 -0.132066 0.868966 1.41692 2.32143 -0.393471</i>
                        <i>-0.0954474 0.990828 0.0956517 -0.872205 -0.0369348 -0.487745 -0.479738 -0.129982 0.86773 1.41741 2.32068 -0.393654</i>
                        <i>-0.0950081 0.991038 0.0939007 -0.870929 -0.0370653 -0.490009 -0.482137 -0.128336 0.866645 1.41787 2.31991 -0.393736</i>
                        <i>-0.0943979 0.991213 0.0926585 -0.86981 -0.0368431 -0.492009 -0.484272 -0.12704 0.865645 1.41835 2.31913 -0.393725</i>
                        <i>-0.0936273 0.991375 0.0917087 -0.868726 -0.0363498 -0.493957 -0.486363 -0.125918 0.864636 1.41888 2.31835 -0.393656</i>
                        <i>-0.0927464 0.991521 0.0910163 -0.867707 -0.0356536 -0.495795 -0.488346 -0.124959 0.863657 1.41944 2.31758 -0.393543</i>
                        <i>-0.0918058 0.991652 0.0905464 -0.866784 -0.0348227 -0.497467 -0.490161 -0.124154 0.862745 1.42001 2.31684 -0.3934</i>
                        <i>-0.0908557 0.991765 0.090264 -0.865986 -0.033925 -0.498916 -0.491745 -0.123497 0.861937 1.42056 2.31614 -0.393241</i>
                        <i>-0.0899462 0.99186 0.0901344 -0.865345 -0.0330284 -0.500086 -0.493039 -0.122978 0.861272 1.42108 2.31551 -0.39308</i>
                        <i>-0.0891272 0.991935 0.090123 -0.864893 -0.0322007 -0.500922 -0.49398 -0.122593 0.860788 1.42155 2.31496 -0.392931</i>
                        <i>-0.0884481 0.991989 0.0901949 -0.864661 -0.0315094 -0.501366 -0.494508 -0.122333 0.860521 1.42194 2.3145 -0.392807</i>
                        <i>-0.0879581 0.992021 0.0903156 -0.864681 -0.0310223 -0.501363 -0.494561 -0.122193 0.86051 1.42223 2.31415 -0.392724</i>
                        <i>-0.0877059 0.992031 0.0904502 -0.864982 -0.0308069 -0.500856 -0.494079 -0.122166 0.860791 1.4224 2.31393 -0.392695</i>
                        <i>-0.0875874 0.992027 0.0906087 -0.865441 -0.0307362 -0.500068 -0.493296 -0.122216 0.861233 1.4225 2.31383 -0.392701</i>
                        <i>-0.0874681 0.992018 0.0908239 -0.865913 -0.03064 -0.499255 -0.492487 -0.122314 0.861682 1.42261 2.31384 -0.392716</i>
                        <i>-0.0873504 0.992004 0.091096 -0.866401 -0.0305209 -0.498415 -0.491649 -0.122462 0.862139 1.42271 2.31393 -0.392739</i>
                        <i>-0.0872367 0.991983 0.0914253 -0.866906 -0.0303815 -0.497544 -0.490778 -0.122661 0.862607 1.4228 2.3141 -0.39277</i>
                        <i>-0.0871294 0.991957 0.0918118 -0.867431 -0.0302245 -0.496639 -0.48987 -0.122912 0.863087 1.42288 2.31434 -0.392809</i>
                        <i>-0.0870309 0.991925 0.0922558 -0.867975 -0.0300525 -0.495697 -0.488922 -0.123217 0.863582 1.42295 2.31462 -0.392854</i>
                        <i>-0.0869434 0.991885 0.0927574 -0.868542 -0.029868 -0.494714 -0.487929 -0.123576 0.864091 1.42301 2.31495 -0.392905</i>
                        <i>-0.0868692 0.99184 0.0933169 -0.869133 -0.0296736 -0.493688 -0.48689 -0.123991 0.864618 1.42306 2.3153 -0.392963</i>
                        <i>-0.0868104 0.991786 0.0939344 -0.869749 -0.0294719 -0.492614 -0.4858 -0.124463 0.865163 1.42309 2.31566 -0.393026</i>
                        <i>-0.0867691 0.991726 0.0946102 -0.870391 -0.0292652 -0.491491 -0.484655 -0.124994 0.865729 1.4231 2.31603 -0.393095</i>
                        <i>-0.0867475 0.991657 0.0953446 -0.871062 -0.029056 -0.490314 -0.483453 -0.125584 0.866315 1.42308 2.31638 -0.393168</i>
                        <i>-0.0867473 0.991581 0.0961377 -0.871762 -0.0288468 -0.48908 -0.48219 -0.126236 0.866924 1.42305 2.31671 -0.393245</i>
                        <i>-0.0867706 0.991496 0.0969898 -0.872492 -0.0286398 -0.487788 -0.480862 -0.126948 0.867557 1.42299 2.31701 -0.393327</i>
                        <i>-0.0868192 0.991402 0.0979012 -0.873255 -0.0284375 -0.486433 -0.479466 -0.127724 0.868216 1.42289 2.31725 -0.393412</i>
                        <i>-0.0868948 0.991299 0.0988723 -0.874052 -0.028242 -0.485012 -0.477999 -0.128564 0.8689 1.42277 2.31743 -0.393499</i>
                        <i>-0.086999 0.991186 0.0999032 -0.874883 -0.0280557 -0.483522 -0.476458 -0.129469 0.869612 1.42262 2.31755 -0.393589</i>
                        <i>-0.0871334 0.991064 0.100994 -0.875749 -0.0278808 -0.48196 -0.474838 -0.130441 0.870353 1.42243 2.31757 -0.393681</i>
                        <i>-0.0872994 0.990931 0.102146 -0.876653 -0.0277194 -0.480323 -0.473136 -0.131479 0.871123 1.42221 2.31749 -0.393774</i>
                        <i>-0.0874985 0.990788 0.103359 -0.877596 -0.0275737 -0.478608 -0.471349 -0.132585 0.871924 1.42194 2.31731 -0.393867</i>
                        <i>-0.0877319 0.990634 0.104634 -0.878577 -0.0274457 -0.476811 -0.469473 -0.133761 0.872756 1.42164 2.317 -0.39396</i>
                        <i>-0.0886695 0.990159 0.108272 -0.88038 -0.0270631 -0.473496 -0.465906 -0.137305 0.874116 1.42148 2.31525 -0.394607</i>
                        <i>-0.0903267 0.989223 0.115233 -0.883509 -0.0261946 -0.467681 -0.459623 -0.144053 0.876354 1.42149 2.31168 -0.396035</i>
                        <i>-0.0917481 0.988093 0.123512 -0.887551 -0.0249081 -0.460036 -0.451481 -0.15183 0.879268 1.42143 2.30765 -0.397761</i>
                        <i>-0.0920428 0.987082 0.131142 -0.892114 -0.0232398 -0.451213 -0.442336 -0.158525 0.882728 1.42109 2.30453 -0.3993</i>
                        <i>-0.0903829 0.98655 0.136198 -0.896836 -0.0211633 -0.441856 -0.43303 -0.162084 0.886687 1.42024 2.30369 -0.40017</i>
                        <i>-0.0863089 0.986762 0.137298 -0.901398 -0.0186518 -0.43259 -0.424302 -0.161097 0.891075 1.41878 2.30638 -0.400027</i>
                        <i>-0.0807894 0.9875 0.135342 -0.9055 -0.0159635 -0.424045 -0.416584 -0.15681 0.895471 1.41699 2.31167 -0.399138</i>
                        <i>-0.075161 0.988413 0.131876 -0.908837 -0.013482 -0.416932 -0.410323 -0.151191 0.89932 1.41525 2.31764 -0.397936</i>
