<?xml version="1.0" encoding="ISO-8859-1" ?>
<Animl Version="1">
    <ModellingPackage><![CDATA[Maya.2010]]></ModellingPackage>
    <SrcFile><![CDATA[anims\turrets\mortar\red\~src\mortar_2s12sani\mortar_2s12sani_fire_crewman_c.mb]]></SrcFile>
    <FramesPerSecond>30</FramesPerSecond>
    <TotalFrames>40</TotalFrames>
    <Skeleton>
        <RefFrame>
            <Name><![CDATA[soldier_ref_frame]]></Name>
            <Exclude>0</Exclude>
            <Additive>0</Additive>
            <IKPriority>0</IKPriority>
            <IKRotLimits>-1e+010 -1e+010 -1e+010 1e+010 1e+010 1e+010</IKRotLimits>
            <IKRotLimitOrder>0</IKRotLimitOrder>
            <KeyFrames count="40">
                <i>1 0 0 0 1 0 0 0 1 2.38 0.89 1.03</i>
                <i>1 0 0 0 1 0 0 0 1 2.38 0.89 1.03</i>
                <i>1 0 0 0 1 0 0 0 1 2.38 0.89 1.03</i>
                <i>1 0 0 0 1 0 0 0 1 2.38 0.89 1.03</i>
                <i>1 0 0 0 1 0 0 0 1 2.38 0.89 1.03</i>
                <i>1 0 0 0 1 0 0 0 1 2.38 0.89 1.03</i>
                <i>1 0 0 0 1 0 0 0 1 2.38 0.89 1.03</i>
                <i>1 0 0 0 1 0 0 0 1 2.38 0.89 1.03</i>
                <i>1 0 0 0 1 0 0 0 1 2.38 0.89 1.03</i>
                <i>1 0 0 0 1 0 0 0 1 2.38 0.89 1.03</i>
                <i>1 0 0 0 1 0 0 0 1 2.38 0.89 1.03</i>
                <i>1 0 0 0 1 0 0 0 1 2.38 0.89 1.03</i>
                <i>1 0 0 0 1 0 0 0 1 2.38 0.89 1.03</i>
                <i>1 0 0 0 1 0 0 0 1 2.38 0.89 1.03</i>
                <i>1 0 0 0 1 0 0 0 1 2.38 0.89 1.03</i>
                <i>1 0 0 0 1 0 0 0 1 2.38 0.89 1.03</i>
                <i>1 0 0 0 1 0 0 0 1 2.38 0.89 1.03</i>
                <i>1 0 0 0 1 0 0 0 1 2.38 0.89 1.03</i>
                <i>1 0 0 0 1 0 0 0 1 2.38 0.89 1.03</i>
                <i>1 0 0 0 1 0 0 0 1 2.38 0.89 1.03</i>
                <i>1 0 0 0 1 0 0 0 1 2.38 0.89 1.03</i>
                <i>1 0 0 0 1 0 0 0 1 2.38 0.89 1.03</i>
                <i>1 0 0 0 1 0 0 0 1 2.38 0.89 1.03</i>
                <i>1 0 0 0 1 0 0 0 1 2.38 0.89 1.03</i>
                <i>1 0 0 0 1 0 0 0 1 2.38 0.89 1.03</i>
                <i>1 0 0 0 1 0 0 0 1 2.38 0.89 1.03</i>
                <i>1 0 0 0 1 0 0 0 1 2.38 0.89 1.03</i>
                <i>1 0 0 0 1 0 0 0 1 2.38 0.89 1.03</i>
                <i>1 0 0 0 1 0 0 0 1 2.38 0.89 1.03</i>
                <i>1 0 0 0 1 0 0 0 1 2.38 0.89 1.03</i>
                <i>1 0 0 0 1 0 0 0 1 2.38 0.89 1.03</i>
                <i>1 0 0 0 1 0 0 0 1 2.38 0.89 1.03</i>
                <i>1 0 0 0 1 0 0 0 1 2.38 0.89 1.03</i>
                <i>1 0 0 0 1 0 0 0 1 2.38 0.89 1.03</i>
                <i>1 0 0 0 1 0 0 0 1 2.38 0.89 1.03</i>
                <i>1 0 0 0 1 0 0 0 1 2.38 0.89 1.03</i>
                <i>1 0 0 0 1 0 0 0 1 2.38 0.89 1.03</i>
                <i>1 0 0 0 1 0 0 0 1 2.38 0.89 1.03</i>
                <i>1 0 0 0 1 0 0 0 1 2.38 0.89 1.03</i>
                <i>1 0 0 0 1 0 0 0 1 2.38 0.89 1.03</i>
            </KeyFrames>
        </RefFrame>
        <Bones count="23">
            <i>
                <p>
                    <Name><![CDATA[pelvis]]></Name>
                    <Exclude>0</Exclude>
                    <Additive>0</Additive>
                    <IKPriority>0</IKPriority>
                    <IKRotLimits>-1e+010 -1e+010 -1e+010 1e+010 1e+010 1e+010</IKRotLimits>
                    <IKRotLimitOrder>2</IKRotLimitOrder>
                    <KeyFrames count="40">
                        <i>1 0 0 0 1 0 0 0 1 2.23971 2.04055 1.09033</i>
                        <i>1 0 0 0 1 0 0 0 1 2.24143 1.94038 1.11938</i>
                        <i>1 0 0 0 1 0 0 0 1 2.24431 1.83186 1.15226</i>
                        <i>1 0 0 0 1 0 0 0 1 2.24489 1.74005 1.17749</i>
                        <i>1 0 0 0 1 0 0 0 1 2.23971 1.69 1.18361</i>
                        <i>1 0 0 0 1 0 0 0 1 2.22879 1.67623 1.17267</i>
                        <i>1 0 0 0 1 0 0 0 1 2.21508 1.67468 1.1555</i>
                        <i>1 0 0 0 1 0 0 0 1 2.19952 1.68253 1.13369</i>
                        <i>1 0 0 0 1 0 0 0 1 2.18305 1.69698 1.10886</i>
                        <i>1 0 0 0 1 0 0 0 1 2.16661 1.71523 1.08262</i>
                        <i>1 0 0 0 1 0 0 0 1 2.15115 1.73446 1.05658</i>
                        <i>1 0 0 0 1 0 0 0 1 2.1376 1.75187 1.03236</i>
                        <i>1 0 0 0 1 0 0 0 1 2.1269 1.76465 1.01157</i>
                        <i>1 0 0 0 1 0 0 0 1 2.12 1.77 0.995825</i>
                        <i>1 0 0 0 1 0 0 0 1 2.12374 1.75601 0.990038</i>
                        <i>1 0 0 0 1 0 0 0 1 2.13955 1.72609 0.994983</i>
                        <i>1 0 0 0 1 0 0 0 1 2.16027 1.70037 1.00605</i>
                        <i>1 0 0 0 1 0 0 0 1 2.17875 1.69899 1.01864</i>
                        <i>1 0 0 0 1 0 0 0 1 2.1951 1.73372 1.03463</i>
                        <i>1 0 0 0 1 0 0 0 1 2.21246 1.79167 1.05545</i>
                        <i>1 0 0 0 1 0 0 0 1 2.22821 1.85604 1.07578</i>
                        <i>1 0 0 0 1 0 0 0 1 2.23971 1.91 1.09033</i>
                        <i>1 0 0 0 1 0 0 0 1 2.24557 1.95217 1.09706</i>
                        <i>1 0 0 0 1 0 0 0 1 2.24743 1.99049 1.09899</i>
                        <i>1 0 0 0 1 0 0 0 1 2.24717 2.0221 1.09846</i>
                        <i>1 0 0 0 1 0 0 0 1 2.24666 2.04415 1.09777</i>
                        <i>1 0 0 0 1 0 0 0 1 2.24558 2.05277 1.0966</i>
                        <i>1 0 0 0 1 0 0 0 1 2.24318 2.05051 1.09405</i>
                        <i>1 0 0 0 1 0 0 0 1 2.24079 2.04417 1.09149</i>
                        <i>1 0 0 0 1 0 0 0 1 2.23971 2.04055 1.09033</i>
                        <i>1 0 0 0 1 0 0 0 1 2.23971 2.04055 1.09033</i>
                        <i>1 0 0 0 1 0 0 0 1 2.23971 2.04055 1.09033</i>
                        <i>1 0 0 0 1 0 0 0 1 2.23971 2.04055 1.09033</i>
                        <i>1 0 0 0 1 0 0 0 1 2.23971 2.04055 1.09033</i>
                        <i>1 0 0 0 1 0 0 0 1 2.23971 2.04055 1.09033</i>
                        <i>1 0 0 0 1 0 0 0 1 2.23971 2.04055 1.09033</i>
                        <i>1 0 0 0 1 0 0 0 1 2.23971 2.04055 1.09033</i>
                        <i>1 0 0 0 1 0 0 0 1 2.23971 2.04055 1.09033</i>
                        <i>1 0 0 0 1 0 0 0 1 2.23971 2.04055 1.09033</i>
                        <i>1 0 0 0 1 0 0 0 1 2.23971 2.04055 1.09033</i>
                    </KeyFrames>
                </p>
            </i>
            <i>
                <p>
                    <Name><![CDATA[spine0]]></Name>
                    <Exclude>0</Exclude>
                    <Additive>0</Additive>
                    <IKPriority>0</IKPriority>
                    <IKRotLimits>-1e+010 -1e+010 -1e+010 1e+010 1e+010 1e+010</IKRotLimits>
                    <IKRotLimitOrder>0</IKRotLimitOrder>
                    <KeyFrames count="40">
                        <i>-0.0287338 0.99958 -0.00388776 -0.715906 -0.0232934 -0.697808 -0.697605 -0.0172674 0.716274 2.27135 2.17749 1.05964</i>
                        <i>0.0061476 0.999926 -0.0104999 -0.702113 -0.00316046 -0.712058 -0.712039 0.0117496 0.702042 2.27861 2.07726 1.09534</i>
                        <i>0.0401241 0.999193 -0.00182285 -0.684434 0.0261553 -0.728605 -0.72797 0.0304823 0.684931 2.2867 1.96837 1.13594</i>
                        <i>0.0361582 0.997666 0.0579308 -0.667899 0.0672458 -0.741208 -0.743373 -0.0118913 0.668772 2.29152 1.8758 1.16787</i>
                        <i>0.00933081 0.994208 0.107068 -0.661307 0.0864492 -0.745118 -0.750058 -0.063852 0.658283 2.28943 1.82484 1.17726</i>
                        <i>-0.00790474 0.993228 0.115912 -0.665463 0.0812961 -0.74199 -0.746389 -0.0830006 0.660314 2.2813 1.80998 1.16556</i>
                        <i>-0.0261729 0.993203 0.113418 -0.673575 0.0663128 -0.736138 -0.738655 -0.0956627 0.667261 2.27062 1.80698 1.14518</i>
                        <i>-0.0465769 0.993267 0.106072 -0.684026 0.045671 -0.728026 -0.727969 -0.106465 0.677293 2.25787 1.81317 1.11872</i>
                        <i>-0.0699878 0.992499 0.100238 -0.6949 0.0235855 -0.718719 -0.715692 -0.119957 0.688037 2.24359 1.82593 1.08876</i>
                        <i>-0.0952305 0.990304 0.101137 -0.704358 0.00476006 -0.709829 -0.703428 -0.138834 0.697076 2.22837 1.84279 1.05788</i>
                        <i>-0.118944 0.986526 0.112337 -0.710957 -0.00564331 -0.703212 -0.693103 -0.16351 0.702049 2.21286 1.86136 1.02858</i>
                        <i>-0.139497 0.981565 0.130657 -0.714431 -0.00840112 -0.699656 -0.68566 -0.190945 0.702432 2.19767 1.87932 1.0033</i>
                        <i>-0.15684 0.976394 0.148513 -0.715298 -0.0086146 -0.698766 -0.680991 -0.215826 0.699764 2.18379 1.8937 0.983168</i>
                        <i>-0.169488 0.972044 0.162495 -0.714323 -0.00757045 -0.699775 -0.678982 -0.234677 0.695637 2.1728 1.90099 0.968452</i>
                        <i>-0.174372 0.970072 0.16898 -0.712603 -0.0058874 -0.701543 -0.679552 -0.242745 0.692303 2.17233 1.88877 0.963402</i>
                        <i>-0.171259 0.970945 0.167144 -0.711099 -0.00439443 -0.703078 -0.681915 -0.239264 0.691191 2.18424 1.86024 0.968453</i>
                        <i>-0.162771 0.97374 0.159172 -0.710455 -0.00372506 -0.703733 -0.68466 -0.227632 0.692405 2.20141 1.83557 0.979105</i>
                        <i>-0.151203 0.977481 0.147204 -0.71091 -0.00405934 -0.703271 -0.686836 -0.210986 0.695515 2.21676 1.83494 0.990901</i>
                        <i>-0.138515 0.981347 0.133309 -0.712302 -0.00519748 -0.701854 -0.688069 -0.192174 0.699736 2.23048 1.87017 1.00591</i>
                        <i>-0.126382 0.984761 0.119469 -0.714134 -0.00673024 -0.699976 -0.688506 -0.173781 0.704102 2.24584 1.92843 1.02577</i>
                        <i>-0.116316 0.987368 0.107583 -0.715712 -0.00822256 -0.698347 -0.688641 -0.158227 0.707628 2.26031 1.99294 1.04538</i>
                        <i>-0.109815 0.988959 0.0995043 -0.716343 -0.00934589 -0.697686 -0.689053 -0.147896 0.70946 2.27135 2.04694 1.05964</i>
                        <i>-0.102959 0.990511 0.0910384 -0.716273 -0.0103233 -0.697744 -0.690183 -0.137047 0.710539 2.27691 2.08925 1.06668</i>
                        <i>-0.092087 0.992694 0.0779654 -0.716123 -0.0116202 -0.697878 -0.691873 -0.120098 0.711961 2.27805 2.1279 1.06937</i>
                        <i>-0.0791839 0.994925 0.0620746 -0.715913 -0.0134251 -0.698061 -0.693685 -0.0997152 0.713343 2.27692 2.15989 1.06974</i>
                        <i>-0.0659144 0.996807 0.0450571 -0.715676 -0.0157623 -0.698254 -0.695315 -0.0782713 0.71443 2.27568 2.18225 1.0698</i>
                        <i>-0.0534273 0.998166 0.0284545 -0.71548 -0.0183875 -0.698391 -0.696587 -0.0576718 0.71515 2.27429 2.19099 1.06895</i>
                        <i>-0.041771 0.999043 0.0129769 -0.715513 -0.020846 -0.698289 -0.69735 -0.0384533 0.715699 2.27266 2.18842 1.06561</i>
                        <i>-0.0325201 0.999471 0.000952951 -0.715752 -0.0226231 -0.697988 -0.697597 -0.0233807 0.716109 2.27168 2.18146 1.06159</i>
                        <i>-0.0287338 0.99958 -0.00388776 -0.715906 -0.0232934 -0.697808 -0.697605 -0.0172674 0.716274 2.27135 2.17749 1.05964</i>
                        <i>-0.0287338 0.99958 -0.00388776 -0.715906 -0.0232934 -0.697808 -0.697605 -0.0172674 0.716274 2.27135 2.17749 1.05964</i>
                        <i>-0.0287338 0.99958 -0.00388776 -0.715906 -0.0232934 -0.697808 -0.697605 -0.0172674 0.716274 2.27135 2.17749 1.05964</i>
                        <i>-0.0287338 0.99958 -0.00388776 -0.715906 -0.0232934 -0.697808 -0.697605 -0.0172674 0.716274 2.27135 2.17749 1.05964</i>
                        <i>-0.0287338 0.99958 -0.00388776 -0.715906 -0.0232934 -0.697808 -0.697605 -0.0172674 0.716274 2.27135 2.17749 1.05964</i>
                        <i>-0.0287338 0.99958 -0.00388776 -0.715906 -0.0232934 -0.697808 -0.697605 -0.0172674 0.716274 2.27135 2.17749 1.05964</i>
                        <i>-0.0287338 0.99958 -0.00388776 -0.715906 -0.0232934 -0.697808 -0.697605 -0.0172674 0.716274 2.27135 2.17749 1.05964</i>
                        <i>-0.0287338 0.99958 -0.00388776 -0.715906 -0.0232934 -0.697808 -0.697605 -0.0172674 0.716274 2.27135 2.17749 1.05964</i>
                        <i>-0.0287338 0.99958 -0.00388776 -0.715906 -0.0232934 -0.697808 -0.697605 -0.0172674 0.716274 2.27135 2.17749 1.05964</i>
                        <i>-0.0287338 0.99958 -0.00388776 -0.715906 -0.0232934 -0.697808 -0.697605 -0.0172674 0.716274 2.27135 2.17749 1.05964</i>
                        <i>-0.0287338 0.99958 -0.00388776 -0.715906 -0.0232934 -0.697808 -0.697605 -0.0172674 0.716274 2.27135 2.17749 1.05964</i>
                    </KeyFrames>
                </p>
            </i>
            <i>
                <p>
                    <Name><![CDATA[spine1]]></Name>
                    <Exclude>0</Exclude>
                    <Additive>0</Additive>
                    <IKPriority>0</IKPriority>
                    <IKRotLimits>-1e+010 -1e+010 -1e+010 1e+010 1e+010 1e+010</IKRotLimits>
                    <IKRotLimitOrder>0</IKRotLimitOrder>
                    <KeyFrames count="40">
                        <i>-0.0654133 0.996423 0.0535062 -0.901911 -0.0360964 -0.430411 -0.42694 -0.0764124 0.901046 2.26642 2.34896 1.05898</i>
                        <i>-0.0485924 0.99876 -0.0108429 -0.862737 -0.0474399 -0.503423 -0.503313 -0.015108 0.863972 2.2796 2.24251 1.09363</i>
                        <i>-0.0269105 0.996663 -0.0770638 -0.814752 -0.0665346 -0.57598 -0.579185 0.0472879 0.813823 2.29314 2.12988 1.13569</i>
                        <i>-0.0312025 0.995726 -0.086924 -0.771329 -0.0792968 -0.631478 -0.635672 0.0473433 0.770506 2.29754 2.04238 1.17756</i>
                        <i>-0.0785705 0.995754 -0.0479711 -0.741749 -0.0905427 -0.664538 -0.66606 -0.0166307 0.745713 2.29105 1.9967 1.19576</i>
                        <i>-0.158542 0.98734 0.00501914 -0.725313 -0.113015 -0.679079 -0.669915 -0.111303 0.734048 2.27994 1.98259 1.18569</i>
                        <i>-0.254934 0.964729 0.06562 -0.712923 -0.141679 -0.686781 -0.653261 -0.221866 0.723896 2.26604 1.98162 1.16511</i>
                        <i>-0.352022 0.926951 0.12978 -0.703428 -0.17053 -0.690006 -0.617471 -0.334188 0.712074 2.24956 1.99127 1.13771</i>
                        <i>-0.436515 0.878795 0.192807 -0.696557 -0.194467 -0.690645 -0.569441 -0.435778 0.697019 2.23078 2.00836 1.10713</i>
                        <i>-0.499578 0.829212 0.250659 -0.69256 -0.208499 -0.690571 -0.520367 -0.51859 0.678441 2.21051 2.02927 1.07685</i>
                        <i>-0.536633 0.788261 0.301115 -0.691919 -0.206809 -0.691721 -0.482983 -0.579547 0.656393 2.19016 2.05032 1.05001</i>
                        <i>-0.553988 0.759811 0.340272 -0.692685 -0.193944 -0.694675 -0.461828 -0.620543 0.633752 2.17087 2.06856 1.0284</i>
                        <i>-0.560108 0.742286 0.367819 -0.693546 -0.177335 -0.698245 -0.45307 -0.646192 0.614136 2.15371 2.08156 1.01165</i>
                        <i>-0.555287 0.735801 0.387624 -0.695921 -0.155905 -0.700991 -0.455357 -0.659007 0.598631 2.14053 2.08655 0.999384</i>
                        <i>-0.538218 0.74299 0.397854 -0.700084 -0.131293 -0.701887 -0.469259 -0.656299 0.590819 2.13952 2.07168 0.995187</i>
                        <i>-0.509137 0.763092 0.398083 -0.705562 -0.105164 -0.700802 -0.492913 -0.637676 0.591951 2.1525 2.04054 0.999428</i>
                        <i>-0.47054 0.791639 0.389743 -0.711435 -0.0790843 -0.698288 -0.521969 -0.605849 0.600412 2.17173 2.01342 1.00813</i>
                        <i>-0.425509 0.823905 0.374331 -0.71695 -0.0545121 -0.69499 -0.5522 -0.564101 0.613894 2.18962 2.01059 1.01732</i>
                        <i>-0.378101 0.85547 0.353852 -0.721574 -0.0328702 -0.691557 -0.579975 -0.516809 0.629713 2.20598 2.04398 1.0295</i>
                        <i>-0.3334 0.882752 0.331049 -0.725003 -0.015594 -0.688569 -0.602673 -0.469581 0.645197 2.22373 2.10085 1.04667</i>
                        <i>-0.29724 0.903297 0.309361 -0.727121 -0.00415595 -0.686497 -0.618824 -0.428997 0.658041 2.24011 2.1645 1.06406</i>
                        <i>-0.275735 0.915612 0.292618 -0.727899 -6.94881e-005 -0.685684 -0.6278 -0.402064 0.666492 2.25234 2.21823 1.07687</i>
                        <i>-0.256165 0.927784 0.271287 -0.736605 -0.00562674 -0.6763 -0.625934 -0.373076 0.684851 2.25912 2.26048 1.08241</i>
                        <i>-0.224725 0.945298 0.236452 -0.75904 -0.0176572 -0.650805 -0.61103 -0.325729 0.721487 2.26218 2.29892 1.0828</i>
                        <i>-0.186105 0.963346 0.193209 -0.78965 -0.0296378 -0.612842 -0.584652 -0.266621 0.766221 2.26332 2.33069 1.08039</i>
                        <i>-0.145524 0.978326 0.147309 -0.822984 -0.0370646 -0.566854 -0.549108 -0.203724 0.810541 2.2644 2.3529 1.07751</i>
                        <i>-0.108537 0.98853 0.105014 -0.854186 -0.0387025 -0.518526 -0.508514 -0.14598 0.848589 2.26515 2.36163 1.07382</i>
                        <i>-0.0825149 0.993796 0.0745662 -0.879382 -0.0374016 -0.474646 -0.468912 -0.104737 0.877013 2.26551 2.35932 1.06783</i>
                        <i>-0.0691757 0.995899 0.0583117 -0.895926 -0.0363095 -0.442718 -0.438785 -0.0828682 0.894763 2.26611 2.35274 1.06175</i>
                        <i>-0.0654133 0.996423 0.0535062 -0.901911 -0.0360964 -0.430411 -0.42694 -0.0764124 0.901046 2.26642 2.34896 1.05898</i>
                        <i>-0.0654133 0.996423 0.0535062 -0.901911 -0.0360964 -0.430411 -0.42694 -0.0764124 0.901046 2.26642 2.34896 1.05898</i>
                        <i>-0.0654133 0.996423 0.0535062 -0.901911 -0.0360964 -0.430411 -0.42694 -0.0764124 0.901046 2.26642 2.34896 1.05898</i>
                        <i>-0.0654133 0.996423 0.0535062 -0.901911 -0.0360964 -0.430411 -0.42694 -0.0764124 0.901046 2.26642 2.34896 1.05898</i>
                        <i>-0.0654133 0.996423 0.0535062 -0.901911 -0.0360964 -0.430411 -0.42694 -0.0764124 0.901046 2.26642 2.34896 1.05898</i>
                        <i>-0.0654133 0.996423 0.0535062 -0.901911 -0.0360964 -0.430411 -0.42694 -0.0764124 0.901046 2.26642 2.34896 1.05898</i>
                        <i>-0.0654133 0.996423 0.0535062 -0.901911 -0.0360964 -0.430411 -0.42694 -0.0764124 0.901046 2.26642 2.34896 1.05898</i>
                        <i>-0.0654133 0.996423 0.0535062 -0.901911 -0.0360964 -0.430411 -0.42694 -0.0764124 0.901046 2.26642 2.34896 1.05898</i>
                        <i>-0.0654133 0.996423 0.0535062 -0.901911 -0.0360964 -0.430411 -0.42694 -0.0764124 0.901046 2.26642 2.34896 1.05898</i>
                        <i>-0.0654133 0.996423 0.0535062 -0.901911 -0.0360964 -0.430411 -0.42694 -0.0764124 0.901046 2.26642 2.34896 1.05898</i>
                        <i>-0.0654133 0.996423 0.0535062 -0.901911 -0.0360964 -0.430411 -0.42694 -0.0764124 0.901046 2.26642 2.34896 1.05898</i>
                    </KeyFrames>
                </p>
            </i>
            <i>
                <p>
                    <Name><![CDATA[spine2]]></Name>
                    <Exclude>0</Exclude>
                    <Additive>0</Additive>
                    <IKPriority>0</IKPriority>
                    <IKRotLimits>-1e+010 -1e+010 -1e+010 1e+010 1e+010 1e+010</IKRotLimits>
                    <IKRotLimitOrder>0</IKRotLimitOrder>
                    <KeyFrames count="40">
                        <i>-0.0645612 0.974101 0.216699 -0.992318 -0.0397037 -0.117166 -0.105528 -0.222599 0.969182 2.25637 2.5064 1.06763</i>
                        <i>-0.0708072 0.982198 0.173991 -0.965569 -0.0237168 -0.259063 -0.250325 -0.186344 0.95006 2.27246 2.39459 1.09207</i>
                        <i>-0.0705519 0.992218 0.102599 -0.916221 -0.0237901 -0.399965 -0.394412 -0.122222 0.91077 2.28937 2.27836 1.12422</i>
                        <i>-0.0380239 0.999089 -0.0193759 -0.861052 -0.0425977 -0.506729 -0.507093 -0.00258416 0.861888 2.29289 2.19565 1.16424</i>
                        <i>-0.0437833 0.997821 -0.0493671 -0.817582 -0.0641853 -0.572224 -0.574145 0.0153078 0.81861 2.27861 2.15535 1.18823</i>
                        <i>-0.136379 0.990184 0.0306035 -0.785461 -0.0892533 -0.612442 -0.603699 -0.107562 0.789923 2.25461 2.14067 1.1866</i>
                        <i>-0.259794 0.95671 0.1312 -0.756983 -0.117406 -0.642801 -0.599571 -0.266312 0.754714 2.22479 2.13779 1.17584</i>
                        <i>-0.385974 0.89184 0.235894 -0.732833 -0.141101 -0.665617 -0.560339 -0.429782 0.708031 2.19144 2.14415 1.15926</i>
                        <i>-0.491214 0.805918 0.330461 -0.71483 -0.156196 -0.681631 -0.497722 -0.57105 0.65282 2.1569 2.15678 1.13992</i>
                        <i>-0.562871 0.719968 0.405984 -0.704196 -0.160544 -0.691616 -0.432763 -0.675183 0.597364 2.1239 2.17262 1.12049</i>
                        <i>-0.598031 0.657248 0.458675 -0.700972 -0.151452 -0.696923 -0.388584 -0.7383 0.551285 2.09554 2.18882 1.10328</i>
                        <i>-0.609742 0.621022 0.49249 -0.702089 -0.134846 -0.699205 -0.367811 -0.772106 0.518234 2.07256 2.20289 1.08896</i>
                        <i>-0.611653 0.60043 0.515136 -0.70513 -0.118518 -0.699103 -0.358709 -0.790846 0.495873 2.05452 2.2125 1.07694</i>
                        <i>-0.604113 0.595444 0.529616 -0.710347 -0.101149 -0.696545 -0.361184 -0.797004 0.484078 2.04298 2.21533 1.06762</i>
                        <i>-0.586166 0.608486 0.534935 -0.717207 -0.0825898 -0.691949 -0.376861 -0.789255 0.484821 2.04613 2.20016 1.06434</i>
                        <i>-0.557725 0.638055 0.530875 -0.72481 -0.0627187 -0.686088 -0.404466 -0.767432 0.497448 2.06549 2.17055 1.06755</i>
                        <i>-0.520406 0.678429 0.518566 -0.732043 -0.0417847 -0.679975 -0.439647 -0.733476 0.518385 2.09263 2.14615 1.07371</i>
                        <i>-0.476481 0.723647 0.499301 -0.737999 -0.0205485 -0.674489 -0.477832 -0.689865 0.543841 2.11924 2.14658 1.07928</i>
                        <i>-0.429436 0.76802 0.475111 -0.742141 -0.000340632 -0.670244 -0.514599 -0.640426 0.570125 2.14434 2.18321 1.08723</i>
                        <i>-0.384129 0.806707 0.449075 -0.744437 0.0170894 -0.667473 -0.54613 -0.590704 0.593979 2.17 2.24293 1.10005</i>
                        <i>-0.34654 0.836094 0.425272 -0.745335 0.0298444 -0.666022 -0.569549 -0.547773 0.612828 2.19257 2.30882 1.11356</i>
                        <i>-0.323184 0.853691 0.408367 -0.745514 0.0361196 -0.665511 -0.582891 -0.519525 0.624765 2.20838 2.36408 1.12354</i>
                        <i>-0.302205 0.869154 0.391464 -0.761656 0.0267716 -0.647429 -0.573195 -0.493817 0.653905 2.21837 2.40801 1.12561</i>
                        <i>-0.269362 0.890762 0.366043 -0.802611 0.00241508 -0.596498 -0.532221 -0.454464 0.714285 2.22659 2.44877 1.12036</i>
                        <i>-0.227608 0.914494 0.334506 -0.855532 -0.0237486 -0.517205 -0.465037 -0.403901 0.787784 2.234 2.4829 1.11101</i>
                        <i>-0.180868 0.936696 0.299812 -0.907647 -0.0415734 -0.417671 -0.378767 -0.347666 0.857708 2.2416 2.5071 1.10084</i>
                        <i>-0.134589 0.95457 0.26586 -0.949216 -0.047199 -0.311064 -0.284384 -0.294225 0.912446 2.24826 2.51726 1.09049</i>
                        <i>-0.096864 0.966212 0.238854 -0.975787 -0.0449059 -0.214064 -0.196105 -0.253805 0.947167 2.25275 2.51591 1.07974</i>
                        <i>-0.0728874 0.972254 0.222283 -0.988723 -0.0412059 -0.143974 -0.13082 -0.23027 0.964293 2.25546 2.50994 1.07114</i>
                        <i>-0.0645612 0.974101 0.216699 -0.992318 -0.0397037 -0.117166 -0.105528 -0.222599 0.969182 2.25637 2.5064 1.06763</i>
                        <i>-0.0645612 0.974101 0.216699 -0.992318 -0.0397037 -0.117166 -0.105528 -0.222599 0.969182 2.25637 2.5064 1.06763</i>
                        <i>-0.0645612 0.974101 0.216699 -0.992318 -0.0397037 -0.117166 -0.105528 -0.222599 0.969182 2.25637 2.5064 1.06763</i>
                        <i>-0.0645612 0.974101 0.216699 -0.992318 -0.0397037 -0.117166 -0.105528 -0.222599 0.969182 2.25637 2.5064 1.06763</i>
                        <i>-0.0645612 0.974101 0.216699 -0.992318 -0.0397037 -0.117166 -0.105528 -0.222599 0.969182 2.25637 2.5064 1.06763</i>
                        <i>-0.0645612 0.974101 0.216699 -0.992318 -0.0397037 -0.117166 -0.105528 -0.222599 0.969182 2.25637 2.5064 1.06763</i>
                        <i>-0.0645612 0.974101 0.216699 -0.992318 -0.0397037 -0.117166 -0.105528 -0.222599 0.969182 2.25637 2.5064 1.06763</i>
                        <i>-0.0645612 0.974101 0.216699 -0.992318 -0.0397037 -0.117166 -0.105528 -0.222599 0.969182 2.25637 2.5064 1.06763</i>
                        <i>-0.0645612 0.974101 0.216699 -0.992318 -0.0397037 -0.117166 -0.105528 -0.222599 0.969182 2.25637 2.5064 1.06763</i>
                        <i>-0.0645612 0.974101 0.216699 -0.992318 -0.0397037 -0.117166 -0.105528 -0.222599 0.969182 2.25637 2.5064 1.06763</i>
                        <i>-0.0645612 0.974101 0.216699 -0.992318 -0.0397037 -0.117166 -0.105528 -0.222599 0.969182 2.25637 2.5064 1.06763</i>
                    </KeyFrames>
                </p>
            </i>
            <i>
                <p>
                    <Name><![CDATA[head]]></Name>
                    <Exclude>0</Exclude>
                    <Additive>0</Additive>
                    <IKPriority>0</IKPriority>
                    <IKRotLimits>-1e+010 -1e+010 -1e+010 1e+010 1e+010 1e+010</IKRotLimits>
                    <IKRotLimitOrder>0</IKRotLimitOrder>
                    <KeyFrames count="40">
                        <i>-0.0481747 0.942802 0.329853 0.666308 0.276355 -0.692576 -0.744119 0.186419 -0.64151 2.24419 2.75913 1.11707</i>
                        <i>-0.0235221 0.969971 0.242078 0.787228 0.167226 -0.593555 -0.616213 0.176609 -0.767523 2.26034 2.64383 1.13375</i>
                        <i>0.0406919 0.990754 0.129421 0.888541 0.0233604 -0.458202 -0.456989 0.133641 -0.879376 2.27874 2.52672 1.15088</i>
                        <i>0.16399 0.984754 -0.0580218 0.935247 -0.173912 -0.308331 -0.313721 -0.00370149 -0.949508 2.29481 2.44941 1.15665</i>
                        <i>0.21707 0.966712 -0.135455 0.946169 -0.242496 -0.214383 -0.240094 -0.0816274 -0.967312 2.28466 2.41231 1.16871</i>
                        <i>0.0943203 0.993421 -0.0649527 0.966096 -0.107086 -0.234928 -0.240338 -0.040592 -0.96984 2.23917 2.39837 1.18818</i>
                        <i>-0.115495 0.992521 0.0395307 0.950414 0.121988 -0.286064 -0.288747 0.00453165 -0.957395 2.17822 2.3912 1.2045</i>
                        <i>-0.347618 0.923454 0.162462 0.866581 0.38258 -0.320422 -0.35805 0.0294025 -0.93324 2.11073 2.38575 1.21699</i>
                        <i>-0.536678 0.797597 0.275347 0.733123 0.602322 -0.315814 -0.41774 0.0323729 -0.90799 2.04553 2.38022 1.22495</i>
                        <i>-0.647749 0.676905 0.349602 0.617961 0.735209 -0.278554 -0.445585 0.035607 -0.894531 1.9901 2.37619 1.22793</i>
                        <i>-0.696392 0.61197 0.374874 0.571044 0.788898 -0.227041 -0.43468 0.0559595 -0.898845 1.95001 2.37737 1.22604</i>
                        <i>-0.716231 0.593156 0.367667 0.574531 0.800245 -0.171822 -0.396141 0.0881717 -0.913947 1.92298 2.3827 1.22091</i>
                        <i>-0.719481 0.601308 0.347527 0.603569 0.788908 -0.115444 -0.343585 0.126697 -0.930536 1.90431 2.38709 1.21455</i>
                        <i>-0.704236 0.632622 0.322244 0.649546 0.757341 -0.0672668 -0.286603 0.161941 -0.944264 1.89519 2.38849 1.208</i>
                        <i>-0.667818 0.683306 0.295149 0.706218 0.706935 -0.0387183 -0.235107 0.182583 -0.954667 1.90392 2.37628 1.20442</i>
                        <i>-0.609983 0.745898 0.267501 0.766483 0.641039 -0.0396571 -0.201059 0.180845 -0.962741 1.93184 2.35348 1.20439</i>
                        <i>-0.533867 0.810822 0.239904 0.821836 0.564307 -0.0783732 -0.198926 0.155321 -0.967628 1.96984 2.33818 1.20493</i>
                        <i>-0.444357 0.87043 0.211893 0.861943 0.479864 -0.163658 -0.244133 0.109917 -0.963492 2.00876 2.3485 1.20316</i>
                        <i>-0.311837 0.930175 0.19373 0.832406 0.365767 -0.416311 -0.458102 0.0314402 -0.888343 2.0466 2.39455 1.20283</i>
                        <i>-0.162946 0.973385 0.161155 0.608707 0.227727 -0.76001 -0.776482 -0.0257443 -0.629614 2.08419 2.46225 1.20745</i>
                        <i>-0.0713784 0.988585 0.13268 0.271865 0.147265 -0.951001 -0.959684 -0.0318098 -0.279274 2.11648 2.53411 1.21397</i>
                        <i>-0.0236439 0.988494 0.1494 0.0994826 0.151026 -0.983511 -0.994758 -0.00839145 -0.101909 2.13832 2.59299 1.21939</i>
                        <i>0.0166439 0.980889 0.193856 0.12395 0.190363 -0.973857 -0.992149 0.0402373 -0.118413 2.15334 2.64003 1.21728</i>
                        <i>0.0526258 0.969135 0.240847 0.195864 0.226479 -0.95412 -0.979218 0.0973846 -0.1779 2.16886 2.68491 1.20581</i>
                        <i>0.0719629 0.956089 0.284103 0.298729 0.251105 -0.92071 -0.951621 0.151127 -0.267541 2.18531 2.72347 1.18891</i>
                        <i>0.067011 0.945995 0.31718 0.41228 0.263233 -0.8722 -0.908589 0.189214 -0.372376 2.20297 2.75182 1.1706</i>
                        <i>0.0396524 0.941295 0.335249 0.516737 0.267848 -0.813167 -0.855226 0.205479 -0.475781 2.21969 2.76542 1.15232</i>
                        <i>0.000826549 0.94097 0.33849 0.597835 0.270875 -0.754467 -0.801619 0.202985 -0.56232 2.23272 2.76656 1.13503</i>
                        <i>-0.0336977 0.942175 0.333422 0.648606 0.274431 -0.709928 -0.760378 0.192337 -0.620348 2.24118 2.76214 1.12213</i>
                        <i>-0.0481747 0.942802 0.329853 0.666308 0.276355 -0.692576 -0.744119 0.186419 -0.64151 2.24419 2.75913 1.11707</i>
                        <i>-0.0481747 0.942802 0.329853 0.666308 0.276355 -0.692576 -0.744119 0.186419 -0.64151 2.24419 2.75913 1.11707</i>
                        <i>-0.0481747 0.942802 0.329853 0.666308 0.276355 -0.692576 -0.744119 0.186419 -0.64151 2.24419 2.75913 1.11707</i>
                        <i>-0.0481747 0.942802 0.329853 0.666308 0.276355 -0.692576 -0.744119 0.186419 -0.64151 2.24419 2.75913 1.11707</i>
                        <i>-0.0481747 0.942802 0.329853 0.666308 0.276355 -0.692576 -0.744119 0.186419 -0.64151 2.24419 2.75913 1.11707</i>
                        <i>-0.0481747 0.942802 0.329853 0.666308 0.276355 -0.692576 -0.744119 0.186419 -0.64151 2.24419 2.75913 1.11707</i>
                        <i>-0.0481747 0.942802 0.329853 0.666308 0.276355 -0.692576 -0.744119 0.186419 -0.64151 2.24419 2.75913 1.11707</i>
                        <i>-0.0481747 0.942802 0.329853 0.666308 0.276355 -0.692576 -0.744119 0.186419 -0.64151 2.24419 2.75913 1.11707</i>
                        <i>-0.0481747 0.942802 0.329853 0.666308 0.276355 -0.692576 -0.744119 0.186419 -0.64151 2.24419 2.75913 1.11707</i>
                        <i>-0.0481747 0.942802 0.329853 0.666308 0.276355 -0.692576 -0.744119 0.186419 -0.64151 2.24419 2.75913 1.11707</i>
                        <i>-0.0481747 0.942802 0.329853 0.666308 0.276355 -0.692576 -0.744119 0.186419 -0.64151 2.24419 2.75913 1.11707</i>
                    </KeyFrames>
                </p>
            </i>
            <i>
                <p>
                    <Name><![CDATA[head_prop]]></Name>
                    <Exclude>0</Exclude>
                    <Additive>0</Additive>
                    <IKPriority>0</IKPriority>
                    <IKRotLimits>-1e+010 -1e+010 -1e+010 1e+010 1e+010 1e+010</IKRotLimits>
                    <IKRotLimitOrder>0</IKRotLimitOrder>
                    <KeyFrames count="40">
                        <i>0.744119 -0.186419 0.64151 -0.0481747 0.942802 0.329853 -0.666308 -0.276355 0.692576 2.22849 3.0664 1.22458</i>
                        <i>0.579347 -0.462736 0.670993 0.0649026 0.846799 0.527939 -0.812493 -0.262311 0.520623 2.26469 3.14405 1.37829</i>
                        <i>0.355497 -0.562995 0.746095 0.0907171 0.815252 0.571956 -0.930264 -0.135645 0.340893 2.30041 3.17518 1.4204</i>
                        <i>0.194547 -0.232215 0.95301 0.267549 0.947296 0.176206 -0.9437 0.220696 0.246423 2.38303 3.0617 1.24267</i>
                        <i>0.1318 0.191098 0.972682 0.471158 0.851241 -0.231082 -0.872146 0.488744 0.0221561 2.40427 2.8672 1.1255</i>
                        <i>0.101695 0.346674 0.932457 0.385063 0.850536 -0.358212 -0.91727 0.395483 -0.0469964 2.31048 2.75138 1.11716</i>
                        <i>0.139455 0.233107 0.9624 -0.119486 0.968757 -0.217333 -0.982993 -0.0846853 0.162951 2.15174 2.72023 1.1727</i>
                        <i>0.288692 0.043465 0.956435 -0.709005 0.68103 0.183058 -0.643404 -0.730964 0.227425 1.96871 2.67712 1.2639</i>
                        <i>0.41774 -0.0323729 0.90799 -0.8853 0.210211 0.414795 -0.204297 -0.97712 0.0591535 1.82682 2.60662 1.33364</i>
                        <i>0.445585 -0.035607 0.894531 -0.888765 0.102359 0.446787 -0.107472 -0.99411 0.0139634 1.74648 2.55637 1.35645</i>
                        <i>0.43468 -0.0559595 0.898845 -0.866418 0.24632 0.434334 -0.245709 -0.967572 0.058586 1.70423 2.54843 1.35555</i>
                        <i>0.396141 -0.0881717 0.913947 -0.795067 0.464954 0.389469 -0.459284 -0.880933 0.114085 1.68255 2.56534 1.34275</i>
                        <i>0.343585 -0.126697 0.930536 -0.719481 0.601308 0.347527 -0.603569 -0.788908 0.115444 1.66983 2.58306 1.32781</i>
                        <i>0.286603 -0.161941 0.944264 -0.675473 0.664797 0.319032 -0.679408 -0.72926 0.0811462 1.66806 2.59728 1.31275</i>
                        <i>0.235107 -0.182583 0.954667 -0.619583 0.728622 0.291937 -0.748893 -0.660132 0.0581792 1.69023 2.60268 1.30035</i>
                        <i>0.201059 -0.180845 0.962741 -0.552426 0.790687 0.263894 -0.80895 -0.584902 0.0590709 1.73775 2.60025 1.29128</i>
                        <i>0.198926 -0.155321 0.967628 -0.477112 0.847101 0.23406 -0.856033 -0.508228 0.0944052 1.8005 2.6054 1.28264</i>
                        <i>0.244133 -0.109917 0.963492 -0.397098 0.895105 0.202733 -0.88471 -0.432095 0.174876 1.86783 2.63418 1.27146</i>
                        <i>0.458102 -0.0314402 0.888343 -0.281239 0.942909 0.178401 -0.843236 -0.331563 0.423107 1.94749 2.6987 1.2647</i>
                        <i>0.776482 0.0257443 0.629614 -0.151392 0.977522 0.146736 -0.611683 -0.209256 0.762925 2.03204 2.77979 1.25879</i>
                        <i>0.959684 0.0318098 0.279274 -0.0699066 0.989368 0.127533 -0.272248 -0.141915 0.951704 2.09334 2.85635 1.25679</i>
                        <i>0.994758 0.00839145 0.101909 -0.0236439 0.988494 0.1494 -0.0994826 -0.151026 0.983511 2.13062 2.91515 1.26808</i>
                        <i>0.992149 -0.0402373 0.118413 0.0166439 0.980889 0.193856 -0.12395 -0.190363 0.973857 2.15876 2.95971 1.28046</i>
                        <i>0.979218 -0.0973846 0.1779 0.0526258 0.969135 0.240847 -0.195864 -0.226479 0.95412 2.18601 3.00076 1.2843</i>
                        <i>0.951621 -0.151127 0.267541 0.0719629 0.956089 0.284103 -0.298729 -0.251105 0.92071 2.20876 3.03507 1.28151</i>
                        <i>0.908589 -0.189214 0.372376 0.067011 0.945995 0.31718 -0.41228 -0.263233 0.8722 2.22481 3.06013 1.27397</i>
                        <i>0.855226 -0.205479 0.475781 0.0396524 0.941295 0.335249 -0.516737 -0.267848 0.813167 2.23261 3.07219 1.26158</i>
                        <i>0.801619 -0.202985 0.56232 0.000826549 0.94097 0.33849 -0.597835 -0.270875 0.754467 2.23299 3.07324 1.24535</i>
                        <i>0.760378 -0.192337 0.620348 -0.0336977 0.942175 0.333422 -0.648606 -0.274431 0.709928 2.2302 3.0692 1.2308</i>
                        <i>0.744119 -0.186419 0.64151 -0.0481747 0.942802 0.329853 -0.666308 -0.276355 0.692576 2.22849 3.0664 1.22458</i>
                        <i>0.744119 -0.186419 0.64151 -0.0481747 0.942802 0.329853 -0.666308 -0.276355 0.692576 2.22849 3.0664 1.22458</i>
                        <i>0.744119 -0.186419 0.64151 -0.0481747 0.942802 0.329853 -0.666308 -0.276355 0.692576 2.22849 3.0664 1.22458</i>
                        <i>0.744119 -0.186419 0.64151 -0.0481747 0.942802 0.329853 -0.666308 -0.276355 0.692576 2.22849 3.0664 1.22458</i>
                        <i>0.744119 -0.186419 0.64151 -0.0481747 0.942802 0.329853 -0.666308 -0.276355 0.692576 2.22849 3.0664 1.22458</i>
                        <i>0.744119 -0.186419 0.64151 -0.0481747 0.942802 0.329853 -0.666308 -0.276355 0.692576 2.22849 3.0664 1.22458</i>
                        <i>0.744119 -0.186419 0.64151 -0.0481747 0.942802 0.329853 -0.666308 -0.276355 0.692576 2.22849 3.0664 1.22458</i>
                        <i>0.744119 -0.186419 0.64151 -0.0481747 0.942802 0.329853 -0.666308 -0.276355 0.692576 2.22849 3.0664 1.22458</i>
                        <i>0.744119 -0.186419 0.64151 -0.0481747 0.942802 0.329853 -0.666308 -0.276355 0.692576 2.22849 3.0664 1.22458</i>
                        <i>0.744119 -0.186419 0.64151 -0.0481747 0.942802 0.329853 -0.666308 -0.276355 0.692576 2.22849 3.0664 1.22458</i>
                        <i>0.744119 -0.186419 0.64151 -0.0481747 0.942802 0.329853 -0.666308 -0.276355 0.692576 2.22849 3.0664 1.22458</i>
                    </KeyFrames>
                </p>
            </i>
            <i>
                <p>
                    <Name><![CDATA[l_clav]]></Name>
                    <Exclude>0</Exclude>
                    <Additive>0</Additive>
                    <IKPriority>0</IKPriority>
                    <IKRotLimits>-1e+010 -1e+010 -1e+010 1e+010 1e+010 1e+010</IKRotLimits>
                    <IKRotLimitOrder>0</IKRotLimitOrder>
                    <KeyFrames count="40">
                        <i>0.805039 0.587511 -0.0821107 -0.591725 0.805105 -0.040841 0.0421132 0.0814655 0.995786 2.33166 2.55877 1.12116</i>
                        <i>0.837658 0.537977 0.0943955 -0.526898 0.841436 -0.119849 -0.143904 0.0506555 0.988294 2.34069 2.44125 1.15164</i>
                        <i>0.82981 0.487974 0.270732 -0.442786 0.871015 -0.212774 -0.33964 0.0566852 0.938846 2.34879 2.32311 1.18895</i>
                        <i>0.808706 0.448233 0.380895 -0.309889 0.875058 -0.37181 -0.499963 0.182649 0.846568 2.34302 2.2503 1.23311</i>
                        <i>0.757891 0.428837 0.49163 -0.217333 0.876513 -0.429524 -0.615116 0.218685 0.757502 2.31915 2.21761 1.26207</i>
                        <i>0.667035 0.413829 0.619524 -0.243607 0.906986 -0.343558 -0.704073 0.0782446 0.705803 2.28468 2.19972 1.26745</i>
                        <i>0.574507 0.383399 0.723151 -0.323185 0.917976 -0.229936 -0.751993 -0.101612 0.651293 2.24463 2.19141 1.26355</i>
                        <i>0.500225 0.338052 0.797179 -0.431931 0.895339 -0.108644 -0.750473 -0.28998 0.593887 2.20287 2.19075 1.253</i>
                        <i>0.454696 0.293187 0.841007 -0.542181 0.840261 0.000206566 -0.706605 -0.456072 0.541024 2.1625 2.19597 1.23849</i>
                        <i>0.433772 0.262689 0.861879 -0.630254 0.772059 0.0818849 -0.643911 -0.578722 0.500459 2.12614 2.20507 1.22274</i>
                        <i>0.428104 0.25038 0.868353 -0.681121 0.720907 0.127932 -0.59397 -0.646221 0.479163 2.09628 2.21578 1.20844</i>
                        <i>0.430437 0.257272 0.865179 -0.705249 0.694083 0.144476 -0.563337 -0.672354 0.480199 2.07294 2.2255 1.19616</i>
                        <i>0.436132 0.280326 0.855106 -0.719733 0.679051 0.144476 -0.54016 -0.678459 0.497916 2.05539 2.23174 1.18529</i>
                        <i>0.445193 0.316275 0.837719 -0.724993 0.676392 0.12992 -0.525536 -0.66518 0.530422 2.04499 2.2323 1.17673</i>
                        <i>0.459341 0.361762 0.811255 -0.719704 0.686864 0.101212 -0.520607 -0.630354 0.575866 2.04983 2.21631 1.17386</i>
                        <i>0.480085 0.411661 0.774631 -0.70403 0.707606 0.0602874 -0.523316 -0.574307 0.629533 2.07136 2.18733 1.17715</i>
                        <i>0.507226 0.459696 0.728973 -0.680258 0.732888 0.0111647 -0.529123 -0.501553 0.684451 2.10107 2.16464 1.18308</i>
