<?xml version="1.0" encoding="ISO-8859-1" ?>
<Animl Version="1">
    <ModellingPackage><![CDATA[Maya.2010]]></ModellingPackage>
    <SrcFile><![CDATA[anims\turrets\mortar\red\~src\mortar_m1938\mortar_m1938_fire_crewman_b.mb]]></SrcFile>
    <FramesPerSecond>30</FramesPerSecond>
    <TotalFrames>40</TotalFrames>
    <Skeleton>
        <RefFrame>
            <Name><![CDATA[soldier_ref_frame]]></Name>
            <Exclude>0</Exclude>
            <Additive>0</Additive>
            <IKPriority>0</IKPriority>
            <IKRotLimits>-1e+010 -1e+010 -1e+010 1e+010 1e+010 1e+010</IKRotLimits>
            <IKRotLimitOrder>0</IKRotLimitOrder>
            <KeyFrames count="40">
                <i>1 0 0 0 1 0 0 0 1 1.58 0.92 -1.75</i>
                <i>1 0 0 0 1 0 0 0 1 1.58 0.92 -1.75</i>
                <i>1 0 0 0 1 0 0 0 1 1.58 0.92 -1.75</i>
                <i>1 0 0 0 1 0 0 0 1 1.58 0.92 -1.75</i>
                <i>1 0 0 0 1 0 0 0 1 1.58 0.92 -1.75</i>
                <i>1 0 0 0 1 0 0 0 1 1.58 0.92 -1.75</i>
                <i>1 0 0 0 1 0 0 0 1 1.58 0.92 -1.75</i>
                <i>1 0 0 0 1 0 0 0 1 1.58 0.92 -1.75</i>
                <i>1 0 0 0 1 0 0 0 1 1.58 0.92 -1.75</i>
                <i>1 0 0 0 1 0 0 0 1 1.58 0.92 -1.75</i>
                <i>1 0 0 0 1 0 0 0 1 1.58 0.92 -1.75</i>
                <i>1 0 0 0 1 0 0 0 1 1.58 0.92 -1.75</i>
                <i>1 0 0 0 1 0 0 0 1 1.58 0.92 -1.75</i>
                <i>1 0 0 0 1 0 0 0 1 1.58 0.92 -1.75</i>
                <i>1 0 0 0 1 0 0 0 1 1.58 0.92 -1.75</i>
                <i>1 0 0 0 1 0 0 0 1 1.58 0.92 -1.75</i>
                <i>1 0 0 0 1 0 0 0 1 1.58 0.92 -1.75</i>
                <i>1 0 0 0 1 0 0 0 1 1.58 0.92 -1.75</i>
                <i>1 0 0 0 1 0 0 0 1 1.58 0.92 -1.75</i>
                <i>1 0 0 0 1 0 0 0 1 1.58 0.92 -1.75</i>
                <i>1 0 0 0 1 0 0 0 1 1.58 0.92 -1.75</i>
                <i>1 0 0 0 1 0 0 0 1 1.58 0.92 -1.75</i>
                <i>1 0 0 0 1 0 0 0 1 1.58 0.92 -1.75</i>
                <i>1 0 0 0 1 0 0 0 1 1.58 0.92 -1.75</i>
                <i>1 0 0 0 1 0 0 0 1 1.58 0.92 -1.75</i>
                <i>1 0 0 0 1 0 0 0 1 1.58 0.92 -1.75</i>
                <i>1 0 0 0 1 0 0 0 1 1.58 0.92 -1.75</i>
                <i>1 0 0 0 1 0 0 0 1 1.58 0.92 -1.75</i>
                <i>1 0 0 0 1 0 0 0 1 1.58 0.92 -1.75</i>
                <i>1 0 0 0 1 0 0 0 1 1.58 0.92 -1.75</i>
                <i>1 0 0 0 1 0 0 0 1 1.58 0.92 -1.75</i>
                <i>1 0 0 0 1 0 0 0 1 1.58 0.92 -1.75</i>
                <i>1 0 0 0 1 0 0 0 1 1.58 0.92 -1.75</i>
                <i>1 0 0 0 1 0 0 0 1 1.58 0.92 -1.75</i>
                <i>1 0 0 0 1 0 0 0 1 1.58 0.92 -1.75</i>
                <i>1 0 0 0 1 0 0 0 1 1.58 0.92 -1.75</i>
                <i>1 0 0 0 1 0 0 0 1 1.58 0.92 -1.75</i>
                <i>1 0 0 0 1 0 0 0 1 1.58 0.92 -1.75</i>
                <i>1 0 0 0 1 0 0 0 1 1.58 0.92 -1.75</i>
                <i>1 0 0 0 1 0 0 0 1 1.58 0.92 -1.75</i>
            </KeyFrames>
        </RefFrame>
        <Bones count="23">
            <i>
                <p>
                    <Name><![CDATA[pelvis]]></Name>
                    <Exclude>0</Exclude>
                    <Additive>0</Additive>
                    <IKPriority>0</IKPriority>
                    <IKRotLimits>-1e+010 -1e+010 -1e+010 1e+010 1e+010 1e+010</IKRotLimits>
                    <IKRotLimitOrder>2</IKRotLimitOrder>
                    <KeyFrames count="40">
                        <i>1 0 0 0 1 0 0 0 1 1.58187 1.49222 -1.8534</i>
                        <i>1 0 0 0 1 0 0 0 1 1.58429 1.51232 -1.85429</i>
                        <i>1 0 0 0 1 0 0 0 1 1.58672 1.5497 -1.85517</i>
                        <i>1 0 0 0 1 0 0 0 1 1.58749 1.57 -1.85546</i>
                        <i>1 0 0 0 1 0 0 0 1 1.58573 1.5607 -1.85481</i>
                        <i>1 0 0 0 1 0 0 0 1 1.58257 1.53489 -1.85365</i>
                        <i>1 0 0 0 1 0 0 0 1 1.57941 1.49664 -1.8525</i>
                        <i>1 0 0 0 1 0 0 0 1 1.57767 1.45 -1.85186</i>
                        <i>1 0 0 0 1 0 0 0 1 1.57779 1.4634 -1.8519</i>
                        <i>1 0 0 0 1 0 0 0 1 1.5789 1.47387 -1.85231</i>
                        <i>1 0 0 0 1 0 0 0 1 1.58042 1.48153 -1.85287</i>
                        <i>1 0 0 0 1 0 0 0 1 1.58176 1.48648 -1.85336</i>
                        <i>1 0 0 0 1 0 0 0 1 1.58234 1.48884 -1.85357</i>
                        <i>1 0 0 0 1 0 0 0 1 1.58232 1.48982 -1.85356</i>
                        <i>1 0 0 0 1 0 0 0 1 1.58228 1.49059 -1.85355</i>
                        <i>1 0 0 0 1 0 0 0 1 1.58222 1.49118 -1.85353</i>
                        <i>1 0 0 0 1 0 0 0 1 1.58214 1.4916 -1.8535</i>
                        <i>1 0 0 0 1 0 0 0 1 1.58206 1.49189 -1.85347</i>
                        <i>1 0 0 0 1 0 0 0 1 1.58199 1.49207 -1.85344</i>
                        <i>1 0 0 0 1 0 0 0 1 1.58193 1.49217 -1.85342</i>
                        <i>1 0 0 0 1 0 0 0 1 1.58189 1.49221 -1.8534</i>
                        <i>1 0 0 0 1 0 0 0 1 1.58187 1.49222 -1.8534</i>
                        <i>1 0 0 0 1 0 0 0 1 1.58187 1.49222 -1.8534</i>
                        <i>1 0 0 0 1 0 0 0 1 1.58187 1.49222 -1.8534</i>
                        <i>1 0 0 0 1 0 0 0 1 1.58187 1.49222 -1.8534</i>
                        <i>1 0 0 0 1 0 0 0 1 1.58187 1.49222 -1.8534</i>
                        <i>1 0 0 0 1 0 0 0 1 1.58187 1.49222 -1.8534</i>
                        <i>1 0 0 0 1 0 0 0 1 1.58187 1.49222 -1.8534</i>
                        <i>1 0 0 0 1 0 0 0 1 1.58187 1.49222 -1.8534</i>
                        <i>1 0 0 0 1 0 0 0 1 1.58187 1.49222 -1.8534</i>
                        <i>1 0 0 0 1 0 0 0 1 1.58187 1.49222 -1.8534</i>
                        <i>1 0 0 0 1 0 0 0 1 1.58187 1.49222 -1.8534</i>
                        <i>1 0 0 0 1 0 0 0 1 1.58187 1.49222 -1.8534</i>
                        <i>1 0 0 0 1 0 0 0 1 1.58187 1.49222 -1.8534</i>
                        <i>1 0 0 0 1 0 0 0 1 1.58187 1.49222 -1.8534</i>
                        <i>1 0 0 0 1 0 0 0 1 1.58187 1.49222 -1.8534</i>
                        <i>1 0 0 0 1 0 0 0 1 1.58187 1.49222 -1.8534</i>
                        <i>1 0 0 0 1 0 0 0 1 1.58187 1.49222 -1.8534</i>
                        <i>1 0 0 0 1 0 0 0 1 1.58187 1.49222 -1.8534</i>
                        <i>1 0 0 0 1 0 0 0 1 1.58187 1.49222 -1.8534</i>
                    </KeyFrames>
                </p>
            </i>
            <i>
                <p>
                    <Name><![CDATA[spine0]]></Name>
                    <Exclude>0</Exclude>
                    <Additive>0</Additive>
                    <IKPriority>0</IKPriority>
                    <IKRotLimits>-1e+010 -1e+010 -1e+010 1e+010 1e+010 1e+010</IKRotLimits>
                    <IKRotLimitOrder>0</IKRotLimitOrder>
                    <KeyFrames count="40">
                        <i>-0.130072 0.991037 0.0304351 -0.305073 -0.0107958 -0.952268 -0.943404 -0.133148 0.303743 1.64602 1.61647 -1.88719</i>
                        <i>-0.261447 0.961692 0.0824282 -0.310842 -0.0030409 -0.950457 -0.913796 -0.274116 0.29973 1.63196 1.64501 -1.88287</i>
                        <i>-0.428087 0.891233 0.149818 -0.318387 0.00641967 -0.947939 -0.845796 -0.4535 0.281009 1.61118 1.68993 -1.87601</i>
                        <i>-0.524619 0.828957 0.19392 -0.323934 0.0162792 -0.94594 -0.7873 -0.559075 0.259987 1.59999 1.71233 -1.87223</i>
                        <i>-0.525792 0.825945 0.203363 -0.323212 0.027152 -0.945937 -0.786814 -0.563096 0.252679 1.60516 1.70195 -1.87396</i>
                        <i>-0.483503 0.853195 0.195662 -0.316635 0.0379184 -0.947789 -0.816068 -0.520212 0.251818 1.61757 1.67228 -1.87807</i>
                        <i>-0.431232 0.883693 0.182006 -0.306231 0.0463963 -0.950826 -0.848682 -0.465762 0.250606 1.63071 1.62769 -1.88233</i>
                        <i>-0.404003 0.897816 0.175234 -0.297003 0.0524428 -0.953435 -0.8652 -0.437236 0.245467 1.63896 1.5759 -1.88485</i>
                        <i>-0.399763 0.89979 0.174836 -0.293243 0.0551725 -0.954445 -0.868446 -0.432821 0.241801 1.64185 1.5877 -1.88567</i>
                        <i>-0.391542 0.904183 0.170727 -0.29522 0.052293 -0.953997 -0.871516 -0.423932 0.246458 1.64174 1.59889 -1.88574</i>
                        <i>-0.378364 0.911232 0.162781 -0.300459 0.0454332 -0.952712 -0.875537 -0.40938 0.256598 1.63963 1.60857 -1.88527</i>
                        <i>-0.362772 0.919236 0.152973 -0.30669 0.0372384 -0.951081 -0.879964 -0.391941 0.268412 1.63599 1.61608 -1.88433</i>
                        <i>-0.346958 0.92691 0.143035 -0.312281 0.029633 -0.949527 -0.884365 -0.374113 0.279175 1.63139 1.62083 -1.88303</i>
                        <i>-0.332304 0.933583 0.134154 -0.31624 0.0237165 -0.948383 -0.888575 -0.357576 0.287355 1.62723 1.62355 -1.8818</i>
                        <i>-0.319386 0.939085 0.12693 -0.317886 0.0200099 -0.947918 -0.892715 -0.343101 0.292131 1.62534 1.62504 -1.88123</i>
                        <i>-0.309189 0.943191 0.121623 -0.317411 0.0182071 -0.948113 -0.896467 -0.331751 0.29375 1.6259 1.62538 -1.8814</i>
                        <i>-0.30109 0.946336 0.11744 -0.315743 0.0172736 -0.948687 -0.899806 -0.322722 0.293599 1.62792 1.62498 -1.88199</i>
                        <i>-0.293066 0.949365 0.113219 -0.313304 0.0165199 -0.949509 -0.903301 -0.313741 0.292598 1.63089 1.62399 -1.88287</i>
                        <i>-0.282941 0.953058 0.107818 -0.310534 0.015331 -0.950439 -0.907476 -0.302399 0.291619 1.63431 1.62259 -1.88386</i>
                        <i>-0.268282 0.958126 0.100091 -0.307918 0.0131606 -0.951322 -0.912804 -0.286043 0.291494 1.63771 1.621 -1.88484</i>
                        <i>-0.248834 0.964364 0.0899055 -0.305933 0.00981361 -0.952003 -0.91896 -0.264395 0.292589 1.64062 1.61951 -1.88567</i>
                        <i>-0.227004 0.970728 0.0784563 -0.304932 0.00566354 -0.952357 -0.924925 -0.240113 0.29472 1.6426 1.61843 -1.88623</i>
                        <i>-0.204174 0.976662 0.0666687 -0.304673 0.00132356 -0.952456 -0.930316 -0.214779 0.297293 1.64379 1.61776 -1.88657</i>
                        <i>-0.181671 0.981797 0.0554018 -0.304653 -0.00262649 -0.95246 -0.934977 -0.189913 0.299584 1.64467 1.61726 -1.88682</i>
                        <i>-0.162427 0.985647 0.0460209 -0.304728 -0.00574718 -0.952422 -0.938487 -0.168723 0.301288 1.64528 1.61691 -1.88699</i>
                        <i>-0.14819 0.988182 0.0392028 -0.304821 -0.00792934 -0.952377 -0.94081 -0.153083 0.302393 1.64567 1.61668 -1.8871</i>
                        <i>-0.138584 0.989745 0.0346339 -0.304913 -0.00936898 -0.952334 -0.942243 -0.142538 0.303084 1.64589 1.61655 -1.88716</i>
                        <i>-0.132981 0.990604 0.031937 -0.304994 -0.0102411 -0.952299 -0.943024 -0.136379 0.30349 1.64599 1.61649 -1.88718</i>
                        <i>-0.130488 0.990975 0.0306808 -0.305053 -0.0106857 -0.952275 -0.943353 -0.13362 0.303694 1.64602 1.61647 -1.88719</i>
                        <i>-0.130072 0.991037 0.0304351 -0.305073 -0.0107958 -0.952268 -0.943404 -0.133148 0.303743 1.64602 1.61647 -1.88719</i>
                        <i>-0.130072 0.991037 0.0304351 -0.305073 -0.0107958 -0.952268 -0.943404 -0.133148 0.303743 1.64602 1.61647 -1.88719</i>
                        <i>-0.130072 0.991037 0.0304351 -0.305073 -0.0107958 -0.952268 -0.943404 -0.133148 0.303743 1.64602 1.61647 -1.88719</i>
                        <i>-0.130072 0.991037 0.0304351 -0.305073 -0.0107958 -0.952268 -0.943404 -0.133148 0.303743 1.64602 1.61647 -1.88719</i>
                        <i>-0.130072 0.991037 0.0304351 -0.305073 -0.0107958 -0.952268 -0.943404 -0.133148 0.303743 1.64602 1.61647 -1.88719</i>
                        <i>-0.130072 0.991037 0.0304351 -0.305073 -0.0107958 -0.952268 -0.943404 -0.133148 0.303743 1.64602 1.61647 -1.88719</i>
                        <i>-0.130072 0.991037 0.0304351 -0.305073 -0.0107958 -0.952268 -0.943404 -0.133148 0.303743 1.64602 1.61647 -1.88719</i>
                        <i>-0.130072 0.991037 0.0304351 -0.305073 -0.0107958 -0.952268 -0.943404 -0.133148 0.303743 1.64602 1.61647 -1.88719</i>
                        <i>-0.130072 0.991037 0.0304351 -0.305073 -0.0107958 -0.952268 -0.943404 -0.133148 0.303743 1.64602 1.61647 -1.88719</i>
                        <i>-0.130072 0.991037 0.0304351 -0.305073 -0.0107958 -0.952268 -0.943404 -0.133148 0.303743 1.64602 1.61647 -1.88719</i>
                        <i>-0.130072 0.991037 0.0304351 -0.305073 -0.0107958 -0.952268 -0.943404 -0.133148 0.303743 1.64602 1.61647 -1.88719</i>
                    </KeyFrames>
                </p>
            </i>
            <i>
                <p>
                    <Name><![CDATA[spine1]]></Name>
                    <Exclude>0</Exclude>
                    <Additive>0</Additive>
                    <IKPriority>0</IKPriority>
                    <IKRotLimits>-1e+010 -1e+010 -1e+010 1e+010 1e+010 1e+010</IKRotLimits>
                    <IKRotLimitOrder>0</IKRotLimitOrder>
                    <KeyFrames count="40">
                        <i>-0.53366 0.805328 0.258172 -0.34987 0.0676874 -0.93435 -0.769933 -0.588952 0.245638 1.62124 1.80613 -1.8814</i>
                        <i>-0.626382 0.715383 0.309631 -0.37033 0.0764251 -0.925751 -0.68593 -0.69454 0.217057 1.58505 1.81773 -1.86808</i>
                        <i>-0.73149 0.573788 0.368361 -0.396749 0.0811904 -0.91433 -0.554539 -0.81497 0.16826 1.53928 1.83958 -1.85085</i>
                        <i>-0.791699 0.455673 0.406909 -0.418267 0.0811658 -0.90469 -0.44527 -0.886439 0.126334 1.5144 1.84747 -1.8406</i>
                        <i>-0.807282 0.413598 0.420989 -0.428372 0.0800183 -0.900053 -0.405947 -0.906936 0.112576 1.51804 1.83874 -1.84026</i>
                        <i>-0.803483 0.418496 0.423409 -0.431913 0.0796922 -0.898388 -0.409714 -0.904716 0.116722 1.53485 1.81824 -1.8446</i>
                        <i>-0.79303 0.4405 0.42079 -0.432689 0.0789297 -0.898081 -0.428817 -0.894276 0.128006 1.55404 1.7849 -1.84997</i>
                        <i>-0.790497 0.445109 0.420705 -0.43401 0.0775649 -0.897563 -0.432145 -0.892111 0.131867 1.56457 1.7414 -1.85258</i>
                        <i>-0.793123 0.43811 0.423103 -0.435528 0.077652 -0.89682 -0.42576 -0.895561 0.129221 1.56657 1.75739 -1.85274</i>
                        <i>-0.788413 0.446368 0.423273 -0.435855 0.0802096 -0.896436 -0.434091 -0.891247 0.131314 1.56745 1.77074 -1.85333</i>
                        <i>-0.77802 0.466184 0.421139 -0.435258 0.0834091 -0.896434 -0.45303 -0.880747 0.138016 1.56792 1.78155 -1.85441</i>
                        <i>-0.762752 0.494376 0.416895 -0.434036 0.0865337 -0.89673 -0.479397 -0.86493 0.148573 1.5677 1.78939 -1.85553</i>
                        <i>-0.744245 0.526471 0.411007 -0.432385 0.0892376 -0.897262 -0.50906 -0.845497 0.161224 1.56666 1.79402 -1.85634</i>
                        <i>-0.725948 0.556217 0.404503 -0.430369 0.091375 -0.898016 -0.536453 -0.825998 0.173045 1.5657 1.79663 -1.85696</i>
                        <i>-0.713287 0.576206 0.399009 -0.427944 0.0928018 -0.899028 -0.555054 -0.812019 0.18039 1.56639 1.79859 -1.8578</i>
                        <i>-0.709498 0.583459 0.395208 -0.424737 0.0934549 -0.90048 -0.562327 -0.806748 0.18151 1.56865 1.8003 -1.85887</i>
                        <i>-0.711311 0.583558 0.391788 -0.420482 0.0933735 -0.902483 -0.563234 -0.806686 0.178958 1.57169 1.80201 -1.86006</i>
                        <i>-0.714969 0.581892 0.387584 -0.415294 0.0925087 -0.904971 -0.562451 -0.807987 0.175516 1.57552 1.80368 -1.86147</i>
                        <i>-0.716751 0.583684 0.381551 -0.409332 0.0908091 -0.907855 -0.564549 -0.806887 0.173833 1.5802 1.80527 -1.86324</i>
                        <i>-0.713117 0.593718 0.372778 -0.402786 0.0882221 -0.911032 -0.573783 -0.799823 0.176229 1.58584 1.80673 -1.86548</i>
                        <i>-0.702621 0.61322 0.36095 -0.395771 0.0847756 -0.914428 -0.591345 -0.78535 0.18313 1.59213 1.808 -1.86815</i>
                        <i>-0.686191 0.639346 0.346957 -0.388746 0.0808331 -0.917792 -0.614832 -0.764659 0.193076 1.59819 1.80899 -1.87088</i>
                        <i>-0.664817 0.669375 0.331594 -0.38195 0.076885 -0.920979 -0.641976 -0.738935 0.204553 1.60383 1.80965 -1.87352</i>
                        <i>-0.640398 0.700153 0.315716 -0.375331 0.0733487 -0.923984 -0.670088 -0.710215 0.215817 1.60916 1.80995 -1.87599</i>
                        <i>-0.61492 0.729109 0.300456 -0.369031 0.0706568 -0.926728 -0.696914 -0.680741 0.225615 1.61365 1.80969 -1.87803</i>
                        <i>-0.590361 0.754487 0.286747 -0.363171 0.0689651 -0.929166 -0.720819 -0.652682 0.233294 1.61698 1.8089 -1.87951</i>
                        <i>-0.56824 0.775503 0.275135 -0.357982 0.0680827 -0.931243 -0.740914 -0.627662 0.238929 1.61923 1.8079 -1.8805</i>
                        <i>-0.550233 0.791461 0.266144 -0.353769 0.0677531 -0.932876 -0.756367 -0.607453 0.242715 1.62054 1.80696 -1.88108</i>
                        <i>-0.538122 0.801665 0.260304 -0.350921 0.0677017 -0.933954 -0.766341 -0.593927 0.24489 1.62114 1.8063 -1.88135</i>
                        <i>-0.53366 0.805328 0.258172 -0.34987 0.0676874 -0.93435 -0.769933 -0.588952 0.245638 1.62124 1.80613 -1.8814</i>
                        <i>-0.53366 0.805328 0.258172 -0.34987 0.0676874 -0.93435 -0.769933 -0.588952 0.245638 1.62124 1.80613 -1.8814</i>
                        <i>-0.53366 0.805328 0.258172 -0.34987 0.0676874 -0.93435 -0.769933 -0.588952 0.245638 1.62124 1.80613 -1.8814</i>
                        <i>-0.53366 0.805328 0.258172 -0.34987 0.0676874 -0.93435 -0.769933 -0.588952 0.245638 1.62124 1.80613 -1.8814</i>
                        <i>-0.53366 0.805328 0.258172 -0.34987 0.0676874 -0.93435 -0.769933 -0.588952 0.245638 1.62124 1.80613 -1.8814</i>
                        <i>-0.53366 0.805328 0.258172 -0.34987 0.0676874 -0.93435 -0.769933 -0.588952 0.245638 1.62124 1.80613 -1.8814</i>
                        <i>-0.53366 0.805328 0.258172 -0.34987 0.0676874 -0.93435 -0.769933 -0.588952 0.245638 1.62124 1.80613 -1.8814</i>
                        <i>-0.53366 0.805328 0.258172 -0.34987 0.0676874 -0.93435 -0.769933 -0.588952 0.245638 1.62124 1.80613 -1.8814</i>
                        <i>-0.53366 0.805328 0.258172 -0.34987 0.0676874 -0.93435 -0.769933 -0.588952 0.245638 1.62124 1.80613 -1.8814</i>
                        <i>-0.53366 0.805328 0.258172 -0.34987 0.0676874 -0.93435 -0.769933 -0.588952 0.245638 1.62124 1.80613 -1.8814</i>
                        <i>-0.53366 0.805328 0.258172 -0.34987 0.0676874 -0.93435 -0.769933 -0.588952 0.245638 1.62124 1.80613 -1.8814</i>
                    </KeyFrames>
                </p>
            </i>
            <i>
                <p>
                    <Name><![CDATA[spine2]]></Name>
                    <Exclude>0</Exclude>
                    <Additive>0</Additive>
                    <IKPriority>0</IKPriority>
                    <IKRotLimits>-1e+010 -1e+010 -1e+010 1e+010 1e+010 1e+010</IKRotLimits>
                    <IKRotLimitOrder>0</IKRotLimitOrder>
                    <KeyFrames count="40">
                        <i>-0.664047 0.686846 0.295439 -0.390236 0.01867 -0.920525 -0.637775 -0.726563 0.255635 1.52711 1.94748 -1.83587</i>
                        <i>-0.691527 0.648493 0.318194 -0.409237 0.011269 -0.912358 -0.595244 -0.761137 0.257595 1.48156 1.93559 -1.81691</i>
                        <i>-0.740383 0.575946 0.346583 -0.428171 -0.00662005 -0.903674 -0.518173 -0.817461 0.251505 1.42642 1.92804 -1.79397</i>
                        <i>-0.778087 0.508134 0.369297 -0.444287 -0.0295727 -0.895396 -0.44406 -0.86077 0.248768 1.39585 1.91571 -1.77961</i>
                        <i>-0.79169 0.475499 0.383572 -0.459228 -0.0491153 -0.886959 -0.402909 -0.878344 0.257247 1.39525 1.90158 -1.77616</i>
                        <i>-0.790424 0.469733 0.393167 -0.473833 -0.0620817 -0.878424 -0.388216 -0.880623 0.271646 1.40861 1.88382 -1.77799</i>
                        <i>-0.786551 0.468467 0.402339 -0.4865 -0.0688059 -0.870967 -0.380336 -0.880798 0.282029 1.42446 1.85657 -1.78111</i>
                        <i>-0.793515 0.445096 0.414998 -0.494037 -0.0729795 -0.866373 -0.355333 -0.892504 0.277804 1.4307 1.81636 -1.78122</i>
                        <i>-0.804571 0.413437 0.426304 -0.496359 -0.0740698 -0.864952 -0.326027 -0.907515 0.264807 1.42914 1.8328 -1.77932</i>
                        <i>-0.807914 0.401424 0.431433 -0.496449 -0.0691702 -0.865306 -0.317512 -0.913277 0.25517 1.42975 1.84816 -1.77931</i>
                        <i>-0.807731 0.399829 0.433252 -0.494815 -0.0602437 -0.866908 -0.320514 -0.914608 0.246502 1.43219 1.86235 -1.78085</i>
                        <i>-0.804951 0.405881 0.432798 -0.492013 -0.0489138 -0.869213 -0.331627 -0.912616 0.239072 1.43552 1.87455 -1.78321</i>
                        <i>-0.800685 0.416071 0.431032 -0.488494 -0.0369215 -0.871786 -0.34681 -0.908582 0.23281 1.43883 1.88397 -1.78568</i>
                        <i>-0.796753 0.425676 0.428933 -0.484676 -0.0261941 -0.874302 -0.360934 -0.904496 0.227185 1.44197 1.89099 -1.78795</i>
                        <i>-0.795751 0.428939 0.427542 -0.481034 -0.0187499 -0.876501 -0.367949 -0.903139 0.221254 1.4452 1.89605 -1.78995</i>
                        <i>-0.799443 0.422629 0.426937 -0.477076 -0.014737 -0.878739 -0.365089 -0.906183 0.213407 1.44767 1.89933 -1.79143</i>
                        <i>-0.806068 0.410902 0.425926 -0.472121 -0.0124873 -0.881445 -0.356869 -0.911594 0.204061 1.44932 1.9019 -1.79261</i>
                        <i>-0.81321 0.398894 0.423761 -0.466429 -0.0112644 -0.884487 -0.348043 -0.916928 0.195216 1.45106 1.90443 -1.79396</i>
                        <i>-0.818714 0.39164 0.419912 -0.460271 -0.0103862 -0.887718 -0.343304 -0.92006 0.188764 1.45383 1.90758 -1.79593</i>
                        <i>-0.82065 0.393892 0.413984 -0.453912 -0.00925068 -0.890999 -0.347128 -0.91911 0.186384 1.45867 1.91196 -1.79898</i>
                        <i>-0.818223 0.407435 0.405596 -0.447086 -0.00742684 -0.89446 -0.361422 -0.913204 0.188235 1.46576 1.9176 -1.80321</i>
                        <i>-0.811852 0.429851 0.395125 -0.439687 -0.0048482 -0.898138 -0.38415 -0.902887 0.192936 1.4742 1.92379 -1.80817</i>
                        <i>-0.801527 0.45918 0.383025 -0.431955 -0.0016896 -0.901894 -0.413484 -0.888342 0.199699 1.48356 1.93 -1.81352</i>
                        <i>-0.787413 0.493316 0.369621 -0.424014 0.00177218 -0.905654 -0.447429 -0.869848 0.207778 1.49341 1.93575 -1.81891</i>
                        <i>-0.768105 0.533125 0.354673 -0.416069 0.00548746 -0.909316 -0.486725 -0.846019 0.217602 1.50286 1.9403 -1.82389</i>
                        <i>-0.743474 0.576759 0.33852 -0.408385 0.00930202 -0.912763 -0.529593 -0.816861 0.228624 1.51117 1.94339 -1.82812</i>
                        <i>-0.716365 0.618626 0.32268 -0.401394 0.0128842 -0.915815 -0.570704 -0.78558 0.239083 1.51799 1.94534 -1.83148</i>
                        <i>-0.690771 0.653765 0.308913 -0.395626 0.0158769 -0.918274 -0.60524 -0.756531 0.247679 1.52304 1.9465 -1.83393</i>
                        <i>-0.671591 0.677841 0.299159 -0.391691 0.0179207 -0.919922 -0.628922 -0.73499 0.253469 1.52613 1.94713 -1.8354</i>
                        <i>-0.664047 0.686846 0.295439 -0.390236 0.01867 -0.920525 -0.637775 -0.726563 0.255635 1.52711 1.94748 -1.83587</i>
                        <i>-0.664047 0.686846 0.295439 -0.390236 0.01867 -0.920525 -0.637775 -0.726563 0.255635 1.52711 1.94748 -1.83587</i>
                        <i>-0.664047 0.686846 0.295439 -0.390236 0.01867 -0.920525 -0.637775 -0.726563 0.255635 1.52711 1.94748 -1.83587</i>
                        <i>-0.664047 0.686846 0.295439 -0.390236 0.01867 -0.920525 -0.637775 -0.726563 0.255635 1.52711 1.94748 -1.83587</i>
                        <i>-0.664047 0.686846 0.295439 -0.390236 0.01867 -0.920525 -0.637775 -0.726563 0.255635 1.52711 1.94748 -1.83587</i>
                        <i>-0.664047 0.686846 0.295439 -0.390236 0.01867 -0.920525 -0.637775 -0.726563 0.255635 1.52711 1.94748 -1.83587</i>
                        <i>-0.664047 0.686846 0.295439 -0.390236 0.01867 -0.920525 -0.637775 -0.726563 0.255635 1.52711 1.94748 -1.83587</i>
                        <i>-0.664047 0.686846 0.295439 -0.390236 0.01867 -0.920525 -0.637775 -0.726563 0.255635 1.52711 1.94748 -1.83587</i>
                        <i>-0.664047 0.686846 0.295439 -0.390236 0.01867 -0.920525 -0.637775 -0.726563 0.255635 1.52711 1.94748 -1.83587</i>
                        <i>-0.664047 0.686846 0.295439 -0.390236 0.01867 -0.920525 -0.637775 -0.726563 0.255635 1.52711 1.94748 -1.83587</i>
                        <i>-0.664047 0.686846 0.295439 -0.390236 0.01867 -0.920525 -0.637775 -0.726563 0.255635 1.52711 1.94748 -1.83587</i>
                    </KeyFrames>
                </p>
            </i>
            <i>
                <p>
                    <Name><![CDATA[head]]></Name>
                    <Exclude>0</Exclude>
                    <Additive>0</Additive>
                    <IKPriority>0</IKPriority>
                    <IKRotLimits>-1e+010 -1e+010 -1e+010 1e+010 1e+010 1e+010</IKRotLimits>
                    <IKRotLimitOrder>0</IKRotLimitOrder>
                    <KeyFrames count="40">
                        <i>-0.248392 0.944108 0.216707 0.132555 0.254743 -0.95788 -0.959547 -0.209204 -0.188422 1.36034 2.14508 -1.76495</i>
                        <i>-0.191052 0.977045 0.0942453 0.124244 0.119312 -0.985052 -0.973685 -0.176486 -0.144186 1.31773 2.12224 -1.74512</i>
                        <i>-0.186135 0.982261 -0.022738 0.106047 -0.00292253 -0.994357 -0.976784 -0.187496 -0.103622 1.25876 2.09614 -1.72002</i>
                        <i>-0.213102 0.976525 -0.0313968 0.0884251 -0.0127265 -0.996002 -0.97302 -0.215026 -0.0836373 1.22221 2.06825 -1.70253</i>
                        <i>-0.236049 0.964277 0.120211 0.0632935 0.138701 -0.98831 -0.969678 -0.225681 -0.0937727 1.21737 2.04743 -1.69529</i>
                        <i>-0.251374 0.901041 0.353463 0.032901 0.372933 -0.927275 -0.967331 -0.221463 -0.123391 1.2288 2.02858 -1.69322</i>
                        <i>-0.272488 0.773642 0.572039 -0.00561259 0.593249 -0.805 -0.962143 -0.222563 -0.157311 1.24215 2.00074 -1.69159</i>
                        <i>-0.298968 0.64362 0.704536 -0.0580316 0.724675 -0.686643 -0.952497 -0.24617 -0.179304 1.24221 1.95445 -1.68558</i>
                        <i>-0.314124 0.564386 0.763409 -0.102626 0.779214 -0.618299 -0.943819 -0.272568 -0.186849 1.23397 1.96283 -1.67842</i>
                        <i>-0.313236 0.522623 0.792936 -0.121245 0.806115 -0.579205 -0.941904 -0.277567 -0.189139 1.23127 1.97512 -1.67574</i>
                        <i>-0.307752 0.509543 0.803526 -0.123505 0.815975 -0.56474 -0.943417 -0.27304 -0.188187 1.23192 1.98871 -1.67597</i>
                        <i>-0.300564 0.520642 0.79912 -0.11275 0.81259 -0.571825 -0.947074 -0.261972 -0.185533 1.23465 2.00193 -1.67802</i>
                        <i>-0.293055 0.550297 0.781851 -0.0926609 0.797558 -0.596084 -0.951595 -0.247132 -0.182737 1.23809 2.01303 -1.68077</i>
                        <i>-0.286176 0.592572 0.752968 -0.06669 0.77161 -0.63259 -0.955853 -0.231247 -0.181298 1.24143 2.02136 -1.68346</i>
                        <i>-0.27591 0.661315 0.697521 -0.0313923 0.719103 -0.694194 -0.960671 -0.213432 -0.177648 1.24407 2.0262 -1.68552</i>
                        <i>-0.258888 0.753178 0.604731 0.0085953 0.627847 -0.778289 -0.965869 -0.196292 -0.169016 1.24444 2.02715 -1.68651</i>
                        <i>-0.237988 0.841365 0.485248 0.0443728 0.5085 -0.859918 -0.970254 -0.183118 -0.15835 1.24291 2.02626 -1.68701</i>
                        <i>-0.218704 0.907728 0.358049 0.071594 0.38087 -0.921853 -0.973161 -0.175979 -0.148286 1.24116 2.02535 -1.68785</i>
                        <i>-0.207796 0.945906 0.249165 0.0908824 0.272293 -0.957913 -0.973941 -0.176405 -0.142548 1.24085 2.02629 -1.68976</i>
                        <i>-0.21102 0.959514 0.186556 0.104532 0.211911 -0.971682 -0.971876 -0.185544 -0.145017 1.24373 2.03091 -1.69343</i>
                        <i>-0.226217 0.959998 0.165017 0.116023 0.194757 -0.973965 -0.967143 -0.201182 -0.155439 1.25034 2.03978 -1.69919</i>
                        <i>-0.245918 0.956205 0.158735 0.127213 0.194187 -0.972681 -0.960906 -0.219007 -0.169395 1.25975 2.05159 -1.70656</i>
                        <i>-0.267369 0.949678 0.163176 0.13578 0.204782 -0.969344 -0.95398 -0.237017 -0.183699 1.27156 2.06534 -1.71504</i>
                        <i>-0.287564 0.941778 0.174246 0.140072 0.221329 -0.965087 -0.947464 -0.253117 -0.195563 1.28525 2.08004 -1.72413</i>
                        <i>-0.298157 0.936173 0.186231 0.141088 0.236186 -0.961411 -0.944032 -0.260376 -0.202504 1.30064 2.09538 -1.73356</i>
                        <i>-0.295524 0.934979 0.196161 0.140272 0.245574 -0.959175 -0.944981 -0.255943 -0.203725 1.31711 2.11057 -1.74291</i>
                        <i>-0.283877 0.936828 0.204369 0.138074 0.250854 -0.958127 -0.948868 -0.243772 -0.200563 1.33318 2.12416 -1.75147</i>
                        <i>-0.268208 0.940009 0.210827 0.135417 0.25346 -0.957821 -0.953796 -0.228345 -0.195273 1.34706 2.13501 -1.75849</i>
                        <i>-0.254327 0.942885 0.215139 0.133329 0.254513 -0.957834 -0.957884 -0.214919 -0.190443 1.35679 2.14225 -1.76325</i>
                        <i>-0.248392 0.944108 0.216707 0.132555 0.254743 -0.95788 -0.959547 -0.209204 -0.188422 1.36034 2.14508 -1.76495</i>
                        <i>-0.248392 0.944108 0.216707 0.132555 0.254743 -0.95788 -0.959547 -0.209204 -0.188422 1.36034 2.14508 -1.76495</i>
                        <i>-0.248392 0.944108 0.216707 0.132555 0.254743 -0.95788 -0.959547 -0.209204 -0.188422 1.36034 2.14508 -1.76495</i>
                        <i>-0.248392 0.944108 0.216707 0.132555 0.254743 -0.95788 -0.959547 -0.209204 -0.188422 1.36034 2.14508 -1.76495</i>
                        <i>-0.248392 0.944108 0.216707 0.132555 0.254743 -0.95788 -0.959547 -0.209204 -0.188422 1.36034 2.14508 -1.76495</i>
                        <i>-0.248392 0.944108 0.216707 0.132555 0.254743 -0.95788 -0.959547 -0.209204 -0.188422 1.36034 2.14508 -1.76495</i>
                        <i>-0.248392 0.944108 0.216707 0.132555 0.254743 -0.95788 -0.959547 -0.209204 -0.188422 1.36034 2.14508 -1.76495</i>
                        <i>-0.248392 0.944108 0.216707 0.132555 0.254743 -0.95788 -0.959547 -0.209204 -0.188422 1.36034 2.14508 -1.76495</i>
                        <i>-0.248392 0.944108 0.216707 0.132555 0.254743 -0.95788 -0.959547 -0.209204 -0.188422 1.36034 2.14508 -1.76495</i>
                        <i>-0.248392 0.944108 0.216707 0.132555 0.254743 -0.95788 -0.959547 -0.209204 -0.188422 1.36034 2.14508 -1.76495</i>
                        <i>-0.248392 0.944108 0.216707 0.132555 0.254743 -0.95788 -0.959547 -0.209204 -0.188422 1.36034 2.14508 -1.76495</i>
                    </KeyFrames>
                </p>
            </i>
            <i>
                <p>
                    <Name><![CDATA[head_prop]]></Name>
                    <Exclude>0</Exclude>
                    <Additive>0</Additive>
                    <IKPriority>0</IKPriority>
                    <IKRotLimits>-1e+010 -1e+010 -1e+010 1e+010 1e+010 1e+010</IKRotLimits>
                    <IKRotLimitOrder>0</IKRotLimitOrder>
                    <KeyFrames count="40">
                        <i>0.959547 0.209204 0.188422 -0.248392 0.944108 0.216707 -0.132555 -0.254743 0.95788 1.27938 2.45278 -1.69433</i>
                        <i>0.990906 0.0440329 0.127143 -0.0597333 0.990677 0.122442 -0.120566 -0.128923 0.984298 1.25708 2.5406 -1.72161</i>
                        <i>0.991997 -0.080756 0.0970549 0.077825 0.9964 0.0336216 -0.0994207 -0.0257993 0.994711 1.20168 2.61284 -1.76629</i>
                        <i>0.994971 -0.0639932 0.0770514 0.0617774 0.997614 0.0308069 -0.0788391 -0.025892 0.996551 1.14217 2.62477 -1.76912</i>
                        <i>0.979343 0.200138 0.0288576 -0.201959 0.975199 0.0905544 -0.0100184 -0.0945118 0.995473 1.09876 2.54492 -1.69258</i>
                        <i>0.826521 0.555782 0.0892686 -0.562905 0.815919 0.131962 0.000506271 -0.159319 0.987227 1.07265 2.3984 -1.61471</i>
                        <i>0.662861 0.700433 0.264593 -0.747695 0.637914 0.184441 -0.0395989 -0.320094 0.946558 1.06614 2.26035 -1.56708</i>
                        <i>0.705726 0.606352 0.366453 -0.707555 0.576707 0.408381 0.0362866 -0.547491 0.836025 1.07733 2.15916 -1.51126</i>
                        <i>0.850051 0.424907 0.311234 -0.514237 0.541757 0.664875 0.113897 -0.725226 0.679024 1.10091 2.14335 -1.45358</i>
                        <i>0.941904 0.277567 0.189139 -0.313236 0.522623 0.792936 0.121245 -0.806115 0.579205 1.12918 2.14545 -1.41731</i>
                        <i>0.974143 0.208189 0.0877672 -0.189189 0.539298 0.820588 0.123505 -0.815975 0.56474 1.1481 2.15988 -1.41126</i>
                        <i>0.989248 0.145752 0.0120643 -0.0931482 0.564317 0.820287 0.11275 -0.81259 0.571825 1.16288 2.18541 -1.41829</i>
                        <i>0.994426 0.104379 -0.0149237 -0.0503162 0.594144 0.802784 0.0926609 -0.797558 0.596084 1.17229 2.2102 -1.42979</i>
                        <i>0.995589 0.0933917 0.00895716 -0.0659901 0.629202 0.774435 0.06669 -0.77161 0.63259 1.1755 2.22976 -1.44198</i>
                        <i>0.993262 0.0999615 0.0586317 -0.111555 0.687676 0.717396 0.0313923 -0.719103 0.694194 1.17498 2.25218 -1.4617</i>
                        <i>0.986545 0.121753 0.109113 -0.163265 0.768755 0.618353 -0.0085953 -0.627847 0.778289 1.17249 2.27793 -1.49196</i>
                        <i>0.978019 0.153433 0.141197 -0.203738 0.847282 0.490514 -0.0443728 -0.5085 0.859918 1.1699 2.30206 -1.52995</i>
                        <i>0.973161 0.175979 0.148286 -0.218704 0.907728 0.358049 -0.071594 -0.38087 0.921853 1.16988 2.32118 -1.57116</i>
                        <i>0.971319 0.187996 0.145593 -0.219728 0.943671 0.247398 -0.0908824 -0.272293 0.957913 1.17151 2.33419 -1.6081</i>
                        <i>0.967398 0.20496 0.14877 -0.230682 0.955555 0.183578 -0.104532 -0.211911 0.971682 1.17227 2.34305 -1.63189</i>
                        <i>0.961276 0.224769 0.159457 -0.249973 0.95475 0.161137 -0.116023 -0.194757 0.973965 1.17334 2.35193 -1.64455</i>
                        <i>0.954201 0.243748 0.173458 -0.270773 0.950199 0.154285 -0.127213 -0.194187 0.972681 1.17616 2.36241 -1.65397</i>
                        <i>0.947045 0.260531 0.187695 -0.29098 0.943498 0.158563 -0.13578 -0.204782 0.969344 1.18113 2.37398 -1.66108</i>
                        <i>0.940939 0.273679 0.199331 -0.308242 0.936009 0.169922 -0.140072 -0.221329 0.965087 1.18864 2.38614 -1.6667</i>
                        <i>0.938594 0.276945 0.205776 -0.314859 0.931406 0.182609 -0.141088 -0.236186 0.961411 1.20113 2.39979 -1.67236</i>
                        <i>0.941066 0.268055 0.206253 -0.307762 0.931579 0.1935 -0.140272 -0.245574 0.959175 1.21909 2.41478 -1.67861</i>
                        <i>0.946504 0.251457 0.202234 -0.291659 0.934795 0.202715 -0.138074 -0.250854 0.958127 1.23958 2.42917 -1.68462</i>
                        <i>0.952701 0.232155 0.196126 -0.272073 0.939075 0.210034 -0.135417 -0.25346 0.957821 1.25912 2.44122 -1.68966</i>
                        <i>0.957599 0.215971 0.190683 -0.255396 0.942645 0.214927 -0.133329 -0.254513 0.957834 1.27375 2.4495 -1.6931</i>
                        <i>0.959547 0.209204 0.188422 -0.248392 0.944108 0.216707 -0.132555 -0.254743 0.95788 1.27938 2.45278 -1.69433</i>
                        <i>0.959547 0.209204 0.188422 -0.248392 0.944108 0.216707 -0.132555 -0.254743 0.95788 1.27938 2.45278 -1.69433</i>
                        <i>0.959547 0.209204 0.188422 -0.248392 0.944108 0.216707 -0.132555 -0.254743 0.95788 1.27938 2.45278 -1.69433</i>
                        <i>0.959547 0.209204 0.188422 -0.248392 0.944108 0.216707 -0.132555 -0.254743 0.95788 1.27938 2.45278 -1.69433</i>
                        <i>0.959547 0.209204 0.188422 -0.248392 0.944108 0.216707 -0.132555 -0.254743 0.95788 1.27938 2.45278 -1.69433</i>
                        <i>0.959547 0.209204 0.188422 -0.248392 0.944108 0.216707 -0.132555 -0.254743 0.95788 1.27938 2.45278 -1.69433</i>
                        <i>0.959547 0.209204 0.188422 -0.248392 0.944108 0.216707 -0.132555 -0.254743 0.95788 1.27938 2.45278 -1.69433</i>
                        <i>0.959547 0.209204 0.188422 -0.248392 0.944108 0.216707 -0.132555 -0.254743 0.95788 1.27938 2.45278 -1.69433</i>
                        <i>0.959547 0.209204 0.188422 -0.248392 0.944108 0.216707 -0.132555 -0.254743 0.95788 1.27938 2.45278 -1.69433</i>
                        <i>0.959547 0.209204 0.188422 -0.248392 0.944108 0.216707 -0.132555 -0.254743 0.95788 1.27938 2.45278 -1.69433</i>
                        <i>0.959547 0.209204 0.188422 -0.248392 0.944108 0.216707 -0.132555 -0.254743 0.95788 1.27938 2.45278 -1.69433</i>
                    </KeyFrames>
                </p>
            </i>
            <i>
                <p>
                    <Name><![CDATA[l_clav]]></Name>
                    <Exclude>0</Exclude>
                    <Additive>0</Additive>
                    <IKPriority>0</IKPriority>
                    <IKRotLimits>-1e+010 -1e+010 -1e+010 1e+010 1e+010 1e+010</IKRotLimits>
                    <IKRotLimitOrder>0</IKRotLimitOrder>
                    <KeyFrames count="40">
                        <i>0.348198 0.259031 0.900922 -0.560627 0.827793 -0.0213286 -0.751302 -0.497655 0.433456 1.48654 1.97163 -1.7225</i>
                        <i>0.336453 0.422539 0.841582 -0.573202 0.800948 -0.172979 -0.747154 -0.424197 0.511682 1.44415 1.94879 -1.70333</i>
                        <i>0.291587 0.57823 0.761989 -0.613972 0.723989 -0.314448 -0.733495 -0.376151 0.566123 1.39365 1.92857 -1.68079</i>
                        <i>0.266552 0.65486 0.707184 -0.656252 0.660689 -0.36445 -0.705891 -0.366946 0.605861 1.36711 1.90846 -1.6667</i>
                        <i>0.354566 0.61929 0.700545 -0.682857 0.683311 -0.258442 -0.638741 -0.386737 0.665165 1.36815 1.89242 -1.66286</i>
                        <i>0.50944 0.522059 0.684051 -0.66986 0.739586 -0.0655713 -0.540147 -0.424814 0.726481 1.38229 1.87555 -1.66428</i>
                        <i>0.609123 0.459665 0.64628 -0.652512 0.753653 0.0789631 -0.450774 -0.469803 0.759004 1.39861 1.84996 -1.66714</i>
                        <i>0.598071 0.493998 0.631092 -0.69678 0.709574 0.10489 -0.395991 -0.502464 0.768584 1.4052 1.80985 -1.66716</i>
                        <i>0.528491 0.557109 0.640568 -0.761384 0.644789 0.0673881 -0.375489 -0.523332 0.764939 1.40357 1.82546 -1.66506</i>
                        <i>0.467459 0.586698 0.661262 -0.796569 0.603932 0.0272776 -0.383354 -0.539492 0.749659 1.40356 1.84093 -1.66463</i>
                        <i>0.386065 0.47837 0.788743 -0.798866 0.600922 0.0265632 -0.461266 -0.640356 0.614148 1.40521 1.85575 -1.66572</i>
                        <i>0.311559 0.350764 0.883117 -0.789896 0.612212 0.0355075 -0.5282 -0.708633 0.467807 1.4079 1.86892 -1.66774</i>
                        <i>0.308656 0.365072 0.878325 -0.808992 0.586419 0.0405491 -0.500263 -0.723074 0.476342 1.41087 1.87945 -1.67008</i>
                        <i>0.313795 0.414384 0.854294 -0.851917 0.520157 0.0606147 -0.419249 -0.746808 0.516244 1.41393 1.88743 -1.67241</i>
                        <i>0.323296 0.478957 0.816137 -0.894612 0.435827 0.0986129 -0.308464 -0.762007 0.569381 1.41711 1.89296 -1.67457</i>
                        <i>0.332562 0.540841 0.772589 -0.921872 0.359189 0.145376 -0.198881 -0.760575 0.618039 1.41918 1.8961 -1.6762</i>
                        <i>0.341289 0.585569 0.735275 -0.93088 0.319019 0.178017 -0.130325 -0.745209 0.653972 1.41997 1.8983 -1.67745</i>
