<?xml version="1.0" encoding="ISO-8859-1" ?>
<Animl Version="1">
    <ModellingPackage><![CDATA[Maya.2010]]></ModellingPackage>
    <SrcFile><![CDATA[anims\turrets\mortar\red\~src\mortar_m1938\mortar_m1938_idle_random_crewman_c.mb]]></SrcFile>
    <FramesPerSecond>30</FramesPerSecond>
    <TotalFrames>60</TotalFrames>
    <Skeleton>
        <RefFrame>
            <Name><![CDATA[soldier_ref_frame]]></Name>
            <Exclude>0</Exclude>
            <Additive>0</Additive>
            <IKPriority>0</IKPriority>
            <IKRotLimits>-1e+010 -1e+010 -1e+010 1e+010 1e+010 1e+010</IKRotLimits>
            <IKRotLimitOrder>0</IKRotLimitOrder>
            <KeyFrames count="60">
                <i>1 0 0 0 1 0 0 0 1 -2.84 2.61 -0.27</i>
                <i>1 0 0 0 1 0 0 0 1 -2.84 2.61 -0.27</i>
                <i>1 0 0 0 1 0 0 0 1 -2.84 2.61 -0.27</i>
                <i>1 0 0 0 1 0 0 0 1 -2.84 2.61 -0.27</i>
                <i>1 0 0 0 1 0 0 0 1 -2.84 2.61 -0.27</i>
                <i>1 0 0 0 1 0 0 0 1 -2.84 2.61 -0.27</i>
                <i>1 0 0 0 1 0 0 0 1 -2.84 2.61 -0.27</i>
                <i>1 0 0 0 1 0 0 0 1 -2.84 2.61 -0.27</i>
                <i>1 0 0 0 1 0 0 0 1 -2.84 2.61 -0.27</i>
                <i>1 0 0 0 1 0 0 0 1 -2.84 2.61 -0.27</i>
                <i>1 0 0 0 1 0 0 0 1 -2.84 2.61 -0.27</i>
                <i>1 0 0 0 1 0 0 0 1 -2.84 2.61 -0.27</i>
                <i>1 0 0 0 1 0 0 0 1 -2.84 2.61 -0.27</i>
                <i>1 0 0 0 1 0 0 0 1 -2.84 2.61 -0.27</i>
                <i>1 0 0 0 1 0 0 0 1 -2.84 2.61 -0.27</i>
                <i>1 0 0 0 1 0 0 0 1 -2.84 2.61 -0.27</i>
                <i>1 0 0 0 1 0 0 0 1 -2.84 2.61 -0.27</i>
                <i>1 0 0 0 1 0 0 0 1 -2.84 2.61 -0.27</i>
                <i>1 0 0 0 1 0 0 0 1 -2.84 2.61 -0.27</i>
                <i>1 0 0 0 1 0 0 0 1 -2.84 2.61 -0.27</i>
                <i>1 0 0 0 1 0 0 0 1 -2.84 2.61 -0.27</i>
                <i>1 0 0 0 1 0 0 0 1 -2.84 2.61 -0.27</i>
                <i>1 0 0 0 1 0 0 0 1 -2.84 2.61 -0.27</i>
                <i>1 0 0 0 1 0 0 0 1 -2.84 2.61 -0.27</i>
                <i>1 0 0 0 1 0 0 0 1 -2.84 2.61 -0.27</i>
                <i>1 0 0 0 1 0 0 0 1 -2.84 2.61 -0.27</i>
                <i>1 0 0 0 1 0 0 0 1 -2.84 2.61 -0.27</i>
                <i>1 0 0 0 1 0 0 0 1 -2.84 2.61 -0.27</i>
                <i>1 0 0 0 1 0 0 0 1 -2.84 2.61 -0.27</i>
                <i>1 0 0 0 1 0 0 0 1 -2.84 2.61 -0.27</i>
                <i>1 0 0 0 1 0 0 0 1 -2.84 2.61 -0.27</i>
                <i>1 0 0 0 1 0 0 0 1 -2.84 2.61 -0.27</i>
                <i>1 0 0 0 1 0 0 0 1 -2.84 2.61 -0.27</i>
                <i>1 0 0 0 1 0 0 0 1 -2.84 2.61 -0.27</i>
                <i>1 0 0 0 1 0 0 0 1 -2.84 2.61 -0.27</i>
                <i>1 0 0 0 1 0 0 0 1 -2.84 2.61 -0.27</i>
                <i>1 0 0 0 1 0 0 0 1 -2.84 2.61 -0.27</i>
                <i>1 0 0 0 1 0 0 0 1 -2.84 2.61 -0.27</i>
                <i>1 0 0 0 1 0 0 0 1 -2.84 2.61 -0.27</i>
                <i>1 0 0 0 1 0 0 0 1 -2.84 2.61 -0.27</i>
                <i>1 0 0 0 1 0 0 0 1 -2.84 2.61 -0.27</i>
                <i>1 0 0 0 1 0 0 0 1 -2.84 2.61 -0.27</i>
                <i>1 0 0 0 1 0 0 0 1 -2.84 2.61 -0.27</i>
                <i>1 0 0 0 1 0 0 0 1 -2.84 2.61 -0.27</i>
                <i>1 0 0 0 1 0 0 0 1 -2.84 2.61 -0.27</i>
                <i>1 0 0 0 1 0 0 0 1 -2.84 2.61 -0.27</i>
                <i>1 0 0 0 1 0 0 0 1 -2.84 2.61 -0.27</i>
                <i>1 0 0 0 1 0 0 0 1 -2.84 2.61 -0.27</i>
                <i>1 0 0 0 1 0 0 0 1 -2.84 2.61 -0.27</i>
                <i>1 0 0 0 1 0 0 0 1 -2.84 2.61 -0.27</i>
                <i>1 0 0 0 1 0 0 0 1 -2.84 2.61 -0.27</i>
                <i>1 0 0 0 1 0 0 0 1 -2.84 2.61 -0.27</i>
                <i>1 0 0 0 1 0 0 0 1 -2.84 2.61 -0.27</i>
                <i>1 0 0 0 1 0 0 0 1 -2.84 2.61 -0.27</i>
                <i>1 0 0 0 1 0 0 0 1 -2.84 2.61 -0.27</i>
                <i>1 0 0 0 1 0 0 0 1 -2.84 2.61 -0.27</i>
                <i>1 0 0 0 1 0 0 0 1 -2.84 2.61 -0.27</i>
                <i>1 0 0 0 1 0 0 0 1 -2.84 2.61 -0.27</i>
                <i>1 0 0 0 1 0 0 0 1 -2.84 2.61 -0.27</i>
                <i>1 0 0 0 1 0 0 0 1 -2.84 2.61 -0.27</i>
            </KeyFrames>
        </RefFrame>
        <Bones count="23">
            <i>
                <p>
                    <Name><![CDATA[pelvis]]></Name>
                    <Exclude>0</Exclude>
                    <Additive>0</Additive>
                    <IKPriority>0</IKPriority>
                    <IKRotLimits>-1e+010 -1e+010 -1e+010 1e+010 1e+010 1e+010</IKRotLimits>
                    <IKRotLimitOrder>2</IKRotLimitOrder>
                    <KeyFrames count="60">
                        <i>1 0 0 0 1 0 0 0 1 -2.68 3.32 -0.43</i>
                        <i>1 0 0 0 1 0 0 0 1 -2.68 3.32 -0.43</i>
                        <i>1 0 0 0 1 0 0 0 1 -2.68 3.32 -0.43</i>
                        <i>1 0 0 0 1 0 0 0 1 -2.68 3.32 -0.43</i>
                        <i>1 0 0 0 1 0 0 0 1 -2.68 3.32 -0.43</i>
                        <i>1 0 0 0 1 0 0 0 1 -2.68 3.32 -0.43</i>
                        <i>1 0 0 0 1 0 0 0 1 -2.68 3.32 -0.43</i>
                        <i>1 0 0 0 1 0 0 0 1 -2.68 3.32 -0.43</i>
                        <i>1 0 0 0 1 0 0 0 1 -2.68 3.32 -0.43</i>
                        <i>1 0 0 0 1 0 0 0 1 -2.68 3.32 -0.43</i>
                        <i>1 0 0 0 1 0 0 0 1 -2.68 3.32 -0.43</i>
                        <i>1 0 0 0 1 0 0 0 1 -2.68 3.32 -0.43</i>
                        <i>1 0 0 0 1 0 0 0 1 -2.68 3.32 -0.43</i>
                        <i>1 0 0 0 1 0 0 0 1 -2.68 3.32 -0.43</i>
                        <i>1 0 0 0 1 0 0 0 1 -2.68 3.32 -0.43</i>
                        <i>1 0 0 0 1 0 0 0 1 -2.68 3.32 -0.43</i>
                        <i>1 0 0 0 1 0 0 0 1 -2.68 3.32 -0.43</i>
                        <i>1 0 0 0 1 0 0 0 1 -2.68 3.32 -0.43</i>
                        <i>1 0 0 0 1 0 0 0 1 -2.68 3.32 -0.43</i>
                        <i>1 0 0 0 1 0 0 0 1 -2.68 3.32 -0.43</i>
                        <i>1 0 0 0 1 0 0 0 1 -2.68 3.32 -0.43</i>
                        <i>1 0 0 0 1 0 0 0 1 -2.68 3.32 -0.43</i>
                        <i>1 0 0 0 1 0 0 0 1 -2.68 3.32 -0.43</i>
                        <i>1 0 0 0 1 0 0 0 1 -2.68 3.32 -0.43</i>
                        <i>1 0 0 0 1 0 0 0 1 -2.68 3.32 -0.43</i>
                        <i>1 0 0 0 1 0 0 0 1 -2.68 3.32 -0.43</i>
                        <i>1 0 0 0 1 0 0 0 1 -2.68 3.32 -0.43</i>
                        <i>1 0 0 0 1 0 0 0 1 -2.68 3.32 -0.43</i>
                        <i>1 0 0 0 1 0 0 0 1 -2.68 3.32 -0.43</i>
                        <i>1 0 0 0 1 0 0 0 1 -2.68 3.32 -0.43</i>
                        <i>1 0 0 0 1 0 0 0 1 -2.68 3.32 -0.43</i>
                        <i>1 0 0 0 1 0 0 0 1 -2.68 3.32 -0.43</i>
                        <i>1 0 0 0 1 0 0 0 1 -2.68 3.32 -0.43</i>
                        <i>1 0 0 0 1 0 0 0 1 -2.68 3.32 -0.43</i>
                        <i>1 0 0 0 1 0 0 0 1 -2.68 3.32 -0.43</i>
                        <i>1 0 0 0 1 0 0 0 1 -2.68 3.32 -0.43</i>
                        <i>1 0 0 0 1 0 0 0 1 -2.68 3.32 -0.43</i>
                        <i>1 0 0 0 1 0 0 0 1 -2.68 3.32 -0.43</i>
                        <i>1 0 0 0 1 0 0 0 1 -2.68 3.32 -0.43</i>
                        <i>1 0 0 0 1 0 0 0 1 -2.68 3.32 -0.43</i>
                        <i>1 0 0 0 1 0 0 0 1 -2.68 3.32 -0.43</i>
                        <i>1 0 0 0 1 0 0 0 1 -2.68 3.32 -0.43</i>
                        <i>1 0 0 0 1 0 0 0 1 -2.68 3.32 -0.43</i>
                        <i>1 0 0 0 1 0 0 0 1 -2.68 3.32 -0.43</i>
                        <i>1 0 0 0 1 0 0 0 1 -2.68 3.32 -0.43</i>
                        <i>1 0 0 0 1 0 0 0 1 -2.68 3.32 -0.43</i>
                        <i>1 0 0 0 1 0 0 0 1 -2.68 3.32 -0.43</i>
                        <i>1 0 0 0 1 0 0 0 1 -2.68 3.32 -0.43</i>
                        <i>1 0 0 0 1 0 0 0 1 -2.68 3.32 -0.43</i>
                        <i>1 0 0 0 1 0 0 0 1 -2.68 3.32 -0.43</i>
                        <i>1 0 0 0 1 0 0 0 1 -2.68 3.32 -0.43</i>
                        <i>1 0 0 0 1 0 0 0 1 -2.68 3.32 -0.43</i>
                        <i>1 0 0 0 1 0 0 0 1 -2.68 3.32 -0.43</i>
                        <i>1 0 0 0 1 0 0 0 1 -2.68 3.32 -0.43</i>
                        <i>1 0 0 0 1 0 0 0 1 -2.68 3.32 -0.43</i>
                        <i>1 0 0 0 1 0 0 0 1 -2.68 3.32 -0.43</i>
                        <i>1 0 0 0 1 0 0 0 1 -2.68 3.32 -0.43</i>
                        <i>1 0 0 0 1 0 0 0 1 -2.68 3.32 -0.43</i>
                        <i>1 0 0 0 1 0 0 0 1 -2.68 3.32 -0.43</i>
                        <i>1 0 0 0 1 0 0 0 1 -2.68 3.32 -0.43</i>
                    </KeyFrames>
                </p>
            </i>
            <i>
                <p>
                    <Name><![CDATA[spine0]]></Name>
                    <Exclude>0</Exclude>
                    <Additive>0</Additive>
                    <IKPriority>0</IKPriority>
                    <IKRotLimits>-1e+010 -1e+010 -1e+010 1e+010 1e+010 1e+010</IKRotLimits>
                    <IKRotLimitOrder>0</IKRotLimitOrder>
                    <KeyFrames count="60">
                        <i>0.359246 0.92389 -0.131794 0.0752143 0.112099 0.990846 0.930207 -0.36587 -0.0292184 -2.72725 3.45491 -0.446235</i>
                        <i>0.345013 0.929516 -0.130252 0.0720514 0.112134 0.991077 0.935828 -0.35132 -0.0282851 -2.72757 3.45473 -0.446764</i>
                        <i>0.329875 0.935224 -0.128603 0.068605 0.112118 0.991324 0.941529 -0.335835 -0.0271761 -2.72791 3.45454 -0.447329</i>
                        <i>0.314384 0.940775 -0.126906 0.0649871 0.112042 0.991576 0.947069 -0.319983 -0.025914 -2.72826 3.45434 -0.44791</i>
                        <i>0.299076 0.945978 -0.125219 0.0613165 0.111902 0.991826 0.952257 -0.304309 -0.0245368 -2.7286 3.45413 -0.448487</i>
                        <i>0.284456 0.950689 -0.123597 0.0577193 0.111706 0.992064 0.95695 -0.289332 -0.0230977 -2.72894 3.45394 -0.449041</i>
                        <i>0.271007 0.954803 -0.122094 0.0543279 0.111466 0.992282 0.961043 -0.275549 -0.0216643 -2.72924 3.45375 -0.449553</i>
                        <i>0.259188 0.958247 -0.120763 0.0512798 0.111206 0.992473 0.964465 -0.26343 -0.0203154 -2.72951 3.45358 -0.450006</i>
                        <i>0.249438 0.96097 -0.119657 0.0487163 0.110954 0.992631 0.967165 -0.253429 -0.0191386 -2.72974 3.45344 -0.450381</i>
                        <i>0.242186 0.962925 -0.11883 0.0467802 0.110744 0.992747 0.969101 -0.245989 -0.018225 -2.72991 3.45334 -0.450661</i>
                        <i>0.242186 0.962925 -0.11883 0.0467802 0.110744 0.992747 0.969101 -0.245989 -0.018225 -2.72991 3.45334 -0.450661</i>
                        <i>0.242186 0.962925 -0.11883 0.0467802 0.110744 0.992747 0.969101 -0.245989 -0.018225 -2.72991 3.45334 -0.450661</i>
                        <i>0.242186 0.962925 -0.11883 0.0467802 0.110744 0.992747 0.969101 -0.245989 -0.018225 -2.72991 3.45334 -0.450661</i>
                        <i>0.242186 0.962925 -0.11883 0.0467802 0.110744 0.992747 0.969101 -0.245989 -0.018225 -2.72991 3.45334 -0.450661</i>
                        <i>0.242186 0.962925 -0.11883 0.0467802 0.110744 0.992747 0.969101 -0.245989 -0.018225 -2.72991 3.45334 -0.450661</i>
                        <i>0.242186 0.962925 -0.11883 0.0467802 0.110744 0.992747 0.969101 -0.245989 -0.018225 -2.72991 3.45334 -0.450661</i>
                        <i>0.242186 0.962925 -0.11883 0.0467802 0.110744 0.992747 0.969101 -0.245989 -0.018225 -2.72991 3.45334 -0.450661</i>
                        <i>0.242186 0.962925 -0.11883 0.0467802 0.110744 0.992747 0.969101 -0.245989 -0.018225 -2.72991 3.45334 -0.450661</i>
                        <i>0.242186 0.962925 -0.11883 0.0467802 0.110744 0.992747 0.969101 -0.245989 -0.018225 -2.72991 3.45334 -0.450661</i>
                        <i>0.242186 0.962925 -0.11883 0.0467802 0.110744 0.992747 0.969101 -0.245989 -0.018225 -2.72991 3.45334 -0.450661</i>
                        <i>0.243781 0.962163 -0.121712 0.0469364 0.113646 0.992412 0.968694 -0.247644 -0.0174557 -2.72989 3.45335 -0.450633</i>
                        <i>0.24506 0.961269 -0.126126 0.047097 0.118135 0.99188 0.968363 -0.24901 -0.0163227 -2.72987 3.45336 -0.450602</i>
                        <i>0.246367 0.960243 -0.131293 0.0472696 0.123402 0.99123 0.968023 -0.250412 -0.0149882 -2.72985 3.45337 -0.450567</i>
                        <i>0.248036 0.9591 -0.136406 0.047462 0.128606 0.990559 0.967588 -0.252168 -0.013622 -2.72983 3.45339 -0.45053</i>
                        <i>0.250391 0.957877 -0.140628 0.0476828 0.132878 0.989985 0.96697 -0.254589 -0.0124029 -2.72981 3.4534 -0.450491</i>
                        <i>0.253749 0.956625 -0.143107 0.047941 0.13533 0.98964 0.966081 -0.257981 -0.0115217 -2.72978 3.45342 -0.45045</i>
                        <i>0.258356 0.955357 -0.143337 0.0482403 0.135431 0.989612 0.964845 -0.262587 -0.0110974 -2.72975 3.45343 -0.450407</i>
                        <i>0.263947 0.954046 -0.141873 0.0485694 0.133756 0.989823 0.963314 -0.268152 -0.0110329 -2.72973 3.45345 -0.450363</i>
                        <i>0.270074 0.952686 -0.139462 0.048915 0.131081 0.990164 0.961596 -0.274239 -0.011199 -2.7297 3.45347 -0.450318</i>
                        <i>0.276284 0.951285 -0.136834 0.0492642 0.128171 0.990528 0.959813 -0.280408 -0.0114528 -2.72967 3.45348 -0.450273</i>
                        <i>0.282123 0.949875 -0.134697 0.0496058 0.12577 0.990818 0.958095 -0.286214 -0.0116368 -2.72965 3.4535 -0.450228</i>
                        <i>0.287131 0.94851 -0.133736 0.0499294 0.124605 0.990949 0.956589 -0.29121 -0.0115804 -2.72962 3.45352 -0.450183</i>
                        <i>0.291296 0.947225 -0.133831 0.0502346 0.124559 0.99094 0.955313 -0.29538 -0.0113 -2.72959 3.45353 -0.450138</i>
                        <i>0.294963 0.946019 -0.134329 0.0505268 0.124945 0.990876 0.954172 -0.299059 -0.0109454 -2.72957 3.45355 -0.450095</i>
                        <i>0.298206 0.944891 -0.135109 0.0508049 0.125636 0.990775 0.953148 -0.302319 -0.0105398 -2.72954 3.45356 -0.450054</i>
                        <i>0.3011 0.943837 -0.13605 0.0510677 0.126507 0.99065 0.952224 -0.305233 -0.0101084 -2.72952 3.45358 -0.450014</i>
                        <i>0.303717 0.942856 -0.137036 0.0513138 0.127434 0.990519 0.95138 -0.307869 -0.00967771 -2.7295 3.45359 -0.449977</i>
                        <i>0.306127 0.941943 -0.137947 0.0515419 0.128293 0.990396 0.950594 -0.310297 -0.00927574 -2.72948 3.45361 -0.449943</i>
                        <i>0.308399 0.941096 -0.138668 0.0517505 0.128959 0.990299 0.949848 -0.312583 -0.00893144 -2.72946 3.45362 -0.449911</i>
                        <i>0.310604 0.94031 -0.139078 0.0519383 0.129307 0.990243 0.949119 -0.314797 -0.00867488 -2.72944 3.45363 -0.449883</i>
                        <i>0.312655 0.939677 -0.138756 0.0520868 0.128898 0.990289 0.948437 -0.316846 -0.00864407 -2.72943 3.45364 -0.449862</i>
                        <i>0.314301 0.939276 -0.137751 0.0521815 0.127791 0.990427 0.947888 -0.318481 -0.00884788 -2.72942 3.45364 -0.44985</i>
                        <i>0.315357 0.939084 -0.136643 0.052227 0.126597 0.990578 0.947535 -0.319522 -0.00912225 -2.72942 3.45364 -0.449845</i>
                        <i>0.31562 0.939088 -0.136006 0.0522282 0.125922 0.990664 0.947447 -0.319777 -0.00930331 -2.72942 3.45364 -0.449846</i>
                        <i>0.314872 0.939279 -0.136417 0.05219 0.126376 0.990609 0.947698 -0.319035 -0.00922871 -2.72942 3.45364 -0.449851</i>
                        <i>0.312859 0.939614 -0.138723 0.052114 0.128853 0.990293 0.948369 -0.317051 -0.00865433 -2.72943 3.45364 -0.449858</i>
                        <i>0.309985 0.93998 -0.142642 0.052013 0.133041 0.989745 0.949318 -0.314226 -0.00765031 -2.72943 3.45363 -0.449867</i>
                        <i>0.307018 0.940276 -0.147043 0.0519091 0.13773 0.989109 0.950287 -0.311307 -0.00652328 -2.72944 3.45363 -0.449875</i>
                        <i>0.304686 0.940448 -0.150747 0.0518261 0.141668 0.988557 0.951042 -0.309012 -0.0055754 -2.72944 3.45363 -0.449881</i>
                        <i>0.303683 0.940483 -0.152537 0.0517894 0.143567 0.988285 0.951365 -0.308025 -0.00510822 -2.72944 3.45363 -0.449883</i>
                        <i>0.303681 0.940722 -0.151061 0.0513426 0.14216 0.988511 0.951389 -0.307948 -0.0051278 -2.72948 3.4536 -0.44995</i>
                        <i>0.30439 0.941131 -0.147038 0.0506166 0.138164 0.989115 0.951202 -0.308519 -0.00558115 -2.72955 3.45356 -0.450061</i>
                        <i>0.306497 0.941161 -0.142391 0.0505172 0.133297 0.989788 0.95053 -0.31056 -0.00668986 -2.72956 3.45355 -0.450084</i>
                        <i>0.310604 0.94031 -0.139078 0.0519383 0.129307 0.990243 0.949119 -0.314797 -0.00867488 -2.72944 3.45363 -0.449883</i>
                        <i>0.316673 0.938539 -0.13734 0.0548869 0.126418 0.990457 0.946945 -0.321189 -0.0114803 -2.72918 3.45379 -0.449453</i>
                        <i>0.324038 0.936213 -0.136029 0.0585869 0.123652 0.990595 0.944228 -0.32896 -0.0147818 -2.72885 3.45399 -0.448899</i>
                        <i>0.332368 0.933443 -0.134965 0.0627436 0.1209 0.99068 0.941061 -0.337738 -0.0183844 -2.72847 3.45421 -0.448261</i>
                        <i>0.341297 0.930357 -0.133989 0.0670744 0.118079 0.990736 0.937559 -0.347123 -0.0221032 -2.72806 3.45445 -0.447577</i>
                        <i>0.350413 0.927109 -0.132967 0.0713135 0.115145 0.990786 0.933876 -0.356667 -0.0257669 -2.72765 3.45469 -0.446888</i>
                        <i>0.359246 0.92389 -0.131794 0.0752143 0.112099 0.990846 0.930207 -0.36587 -0.0292184 -2.72725 3.45491 -0.446235</i>
                    </KeyFrames>
                </p>
            </i>
            <i>
                <p>
                    <Name><![CDATA[spine1]]></Name>
                    <Exclude>0</Exclude>
                    <Additive>0</Additive>
                    <IKPriority>0</IKPriority>
                    <IKRotLimits>-1e+010 -1e+010 -1e+010 1e+010 1e+010 1e+010</IKRotLimits>
                    <IKRotLimitOrder>0</IKRotLimitOrder>
                    <KeyFrames count="60">
                        <i>0.787282 0.54553 -0.287373 0.263041 0.124379 0.956734 0.55767 -0.828811 -0.0455747 -2.65641 3.63753 -0.472273</i>
                        <i>0.771764 0.569692 -0.282544 0.25814 0.125394 0.957935 0.581157 -0.812236 -0.0502855 -2.65994 3.63739 -0.472348</i>
                        <i>0.754217 0.595288 -0.277109 0.252811 0.126228 0.959246 0.606007 -0.793536 -0.0552923 -2.66365 3.63716 -0.472431</i>
                        <i>0.735109 0.621336 -0.271214 0.247236 0.126807 0.960622 0.631261 -0.773215 -0.0603997 -2.66741 3.63685 -0.472521</i>
                        <i>0.715036 0.646898 -0.26504 0.241606 0.127093 0.962016 0.656011 -0.751911 -0.065418 -2.67109 3.63647 -0.472615</i>
                        <i>0.694723 0.671103 -0.258806 0.23612 0.127089 0.963377 0.679417 -0.73039 -0.0701693 -2.67458 3.63605 -0.472709</i>
                        <i>0.675018 0.693152 -0.252767 0.230983 0.126834 0.964655 0.700712 -0.709544 -0.0744913 -2.67775 3.6356 -0.4728</i>
                        <i>0.656868 0.712328 -0.247209 0.226399 0.126402 0.965798 0.719213 -0.69037 -0.0782408 -2.68051 3.63516 -0.472884</i>
                        <i>0.641296 0.727984 -0.242442 0.222569 0.125894 0.966754 0.734304 -0.673936 -0.081292 -2.68278 3.63478 -0.472955</i>
                        <i>0.629355 0.739522 -0.238786 0.219694 0.125423 0.967473 0.745417 -0.661344 -0.0835332 -2.68445 3.63448 -0.473009</i>
                        <i>0.629355 0.739522 -0.238786 0.219694 0.125423 0.967473 0.745417 -0.661344 -0.0835332 -2.68445 3.63448 -0.473009</i>
                        <i>0.629355 0.739522 -0.238786 0.219694 0.125423 0.967473 0.745417 -0.661344 -0.0835332 -2.68445 3.63448 -0.473009</i>
                        <i>0.629355 0.739522 -0.238786 0.219694 0.125423 0.967473 0.745417 -0.661344 -0.0835332 -2.68445 3.63448 -0.473009</i>
                        <i>0.629355 0.739522 -0.238786 0.219694 0.125423 0.967473 0.745417 -0.661344 -0.0835332 -2.68445 3.63448 -0.473009</i>
                        <i>0.629355 0.739522 -0.238786 0.219694 0.125423 0.967473 0.745417 -0.661344 -0.0835332 -2.68445 3.63448 -0.473009</i>
                        <i>0.629355 0.739522 -0.238786 0.219694 0.125423 0.967473 0.745417 -0.661344 -0.0835332 -2.68445 3.63448 -0.473009</i>
                        <i>0.629355 0.739522 -0.238786 0.219694 0.125423 0.967473 0.745417 -0.661344 -0.0835332 -2.68445 3.63448 -0.473009</i>
                        <i>0.629355 0.739522 -0.238786 0.219694 0.125423 0.967473 0.745417 -0.661344 -0.0835332 -2.68445 3.63448 -0.473009</i>
                        <i>0.629355 0.739522 -0.238786 0.219694 0.125423 0.967473 0.745417 -0.661344 -0.0835332 -2.68445 3.63448 -0.473009</i>
                        <i>0.629355 0.739522 -0.238786 0.219694 0.125423 0.967473 0.745417 -0.661344 -0.0835332 -2.68445 3.63448 -0.473009</i>
                        <i>0.633042 0.735605 -0.241129 0.217371 0.130042 0.967388 0.742972 -0.664811 -0.077577 -2.68411 3.63443 -0.473535</i>
                        <i>0.637094 0.73107 -0.24423 0.213316 0.137251 0.967295 0.740681 -0.668356 -0.0685074 -2.68384 3.63435 -0.474345</i>
                        <i>0.6415 0.72603 -0.247708 0.2085 0.145733 0.967104 0.738245 -0.672044 -0.0578892 -2.68355 3.63426 -0.475295</i>
                        <i>0.64625 0.720597 -0.251199 0.203931 0.154126 0.966777 0.735373 -0.676007 -0.047348 -2.68319 3.63416 -0.476236</i>
                        <i>0.651341 0.714883 -0.254356 0.200653 0.161007 0.966341 0.731774 -0.680455 -0.0385732 -2.68268 3.63408 -0.477012</i>
                        <i>0.656769 0.709 -0.256853 0.199721 0.164905 0.965877 0.727163 -0.685656 -0.0332975 -2.68198 3.63404 -0.477465</i>
                        <i>0.662532 0.703013 -0.258502 0.201761 0.164862 0.96546 0.721348 -0.691804 -0.0326138 -2.68103 3.63403 -0.477498</i>
                        <i>0.668535 0.696931 -0.259516 0.206021 0.161743 0.965088 0.714574 -0.698661 -0.0354517 -2.67988 3.63405 -0.477214</i>
                        <i>0.674635 0.690782 -0.260167 0.211475 0.156809 0.964723 0.70721 -0.705855 -0.0402938 -2.67861 3.63408 -0.476752</i>
                        <i>0.680702 0.684594 -0.26072 0.217126 0.151366 0.964336 0.699643 -0.713035 -0.0456083 -2.67733 3.63412 -0.47625</i>
                        <i>0.686614 0.678388 -0.261439 0.222036 0.146754 0.963931 0.692287 -0.719898 -0.0498636 -2.67611 3.63415 -0.475839</i>
                        <i>0.69226 0.672179 -0.262586 0.225328 0.144342 0.963531 0.685568 -0.726182 -0.0515389 -2.67505 3.63419 -0.475651</i>
                        <i>0.697604 0.666035 -0.264093 0.227372 0.14375 0.96314 0.679448 -0.731938 -0.0511573 -2.67415 3.63423 -0.475662</i>
                        <i>0.702672 0.660048 -0.265684 0.229085 0.143648 0.962749 0.673626 -0.737361 -0.0502696 -2.67334 3.63428 -0.475752</i>
                        <i>0.707446 0.654269 -0.267306 0.230449 0.144003 0.96237 0.668142 -0.742425 -0.0489017 -2.67262 3.63434 -0.475896</i>
                        <i>0.711907 0.64875 -0.268908 0.231443 0.144782 0.962015 0.663041 -0.747102 -0.0470772 -2.67196 3.6344 -0.476072</i>
                        <i>0.716038 0.643545 -0.270443 0.232042 0.145961 0.961692 0.658366 -0.751362 -0.0448155 -2.67137 3.63446 -0.476257</i>
                        <i>0.719822 0.638707 -0.271864 0.232215 0.147516 0.961413 0.654165 -0.755177 -0.0421318 -2.67081 3.63451 -0.47643</i>
                        <i>0.723242 0.63429 -0.273126 0.231932 0.14943 0.961186 0.650484 -0.758516 -0.0390381 -2.6703 3.63456 -0.476566</i>
                        <i>0.72628 0.630349 -0.274185 0.231157 0.151682 0.96102 0.647366 -0.761349 -0.035546 -2.6698 3.6346 -0.476643</i>
                        <i>0.72858 0.627388 -0.274873 0.228177 0.156069 0.961029 0.645838 -0.762907 -0.0294471 -2.66934 3.63463 -0.476581</i>
                        <i>0.729913 0.625712 -0.275159 0.222703 0.162892 0.961181 0.646243 -0.762857 -0.0204514 -2.66899 3.63465 -0.476389</i>
                        <i>0.730449 0.625069 -0.275195 0.21681 0.169872 0.96132 0.64764 -0.761861 -0.0114383 -2.66877 3.63466 -0.476177</i>
                        <i>0.730346 0.625215 -0.275138 0.212539 0.174801 0.961391 0.64917 -0.760626 -0.00521775 -2.66871 3.63467 -0.476056</i>
                        <i>0.729752 0.625905 -0.275144 0.211921 0.175539 0.961392 0.650039 -0.759887 -0.00454217 -2.66887 3.63467 -0.476135</i>
                        <i>0.728825 0.626844 -0.275465 0.216859 0.170273 0.961238 0.649451 -0.760312 -0.0118373 -2.66929 3.63465 -0.476575</i>
                        <i>0.727761 0.627804 -0.276091 0.226107 0.160427 0.960801 0.647487 -0.76166 -0.0251985 -2.66989 3.6346 -0.477321</i>
                        <i>0.726765 0.628646 -0.276796 0.236929 0.148812 0.960062 0.64473 -0.763321 -0.0407927 -2.6705 3.63453 -0.478158</i>
                        <i>0.726039 0.629231 -0.277374 0.246465 0.138451 0.959211 0.641968 -0.764788 -0.0545624 -2.67098 3.63447 -0.478861</i>
                        <i>0.725777 0.629417 -0.277635 0.251782 0.132538 0.958666 0.640198 -0.765681 -0.062283 -2.67119 3.63443 -0.4792</i>
                        <i>0.724616 0.631059 -0.276941 0.249515 0.134355 0.959005 0.642397 -0.764012 -0.0601027 -2.67126 3.63438 -0.478972</i>
                        <i>0.722684 0.633926 -0.275438 0.241806 0.141438 0.959961 0.647502 -0.760351 -0.0510721 -2.67121 3.63433 -0.478297</i>
                        <i>0.722428 0.634774 -0.274151 0.233959 0.148695 0.960808 0.650661 -0.758255 -0.0410899 -2.67081 3.63437 -0.477433</i>
                        <i>0.72628 0.630349 -0.274185 0.231157 0.151682 0.96102 0.647366 -0.761349 -0.035546 -2.6698 3.6346 -0.476643</i>
                        <i>0.734222 0.620435 -0.275642 0.233846 0.150045 0.960626 0.637365 -0.76977 -0.0349198 -2.66817 3.63501 -0.475964</i>
                        <i>0.744102 0.607611 -0.277708 0.238583 0.146588 0.959995 0.624012 -0.78059 -0.0358893 -2.66617 3.63551 -0.475265</i>
                        <i>0.755084 0.592766 -0.280135 0.2446 0.141733 0.959209 0.608291 -0.792805 -0.0379705 -2.66388 3.63605 -0.474542</i>
                        <i>0.766393 0.576826 -0.282689 0.251152 0.135974 0.958349 0.591239 -0.805471 -0.040661 -2.6614 3.63658 -0.473797</i>
                        <i>0.777331 0.560749 -0.285162 0.257524 0.129934 0.957496 0.573967 -0.817727 -0.0434044 -2.65887 3.63709 -0.473036</i>
                        <i>0.787282 0.54553 -0.287373 0.263041 0.124379 0.956734 0.55767 -0.828811 -0.0455747 -2.65641 3.63753 -0.472273</i>
                    </KeyFrames>
                </p>
            </i>
            <i>
                <p>
                    <Name><![CDATA[spine2]]></Name>
                    <Exclude>0</Exclude>
                    <Additive>0</Additive>
                    <IKPriority>0</IKPriority>
                    <IKRotLimits>-1e+010 -1e+010 -1e+010 1e+010 1e+010 1e+010</IKRotLimits>
                    <IKRotLimitOrder>0</IKRotLimitOrder>
                    <KeyFrames count="60">
                        <i>0.837161 0.221639 -0.500038 0.506979 0.0286555 0.861482 0.205266 -0.974708 -0.0883768 -2.51325 3.73606 -0.524631</i>
                        <i>0.829264 0.256302 -0.496619 0.503673 0.0422699 0.862859 0.242145 -0.965672 -0.0940396 -2.5204 3.73974 -0.523534</i>
                        <i>0.819265 0.293458 -0.492633 0.499514 0.0566458 0.864452 0.281586 -0.954292 -0.100178 -2.52812 3.7435 -0.522327</i>
                        <i>0.807248 0.331743 -0.488158 0.494555 0.0712167 0.866224 0.322129 -0.940678 -0.106576 -2.53616 3.74718 -0.521048</i>
                        <i>0.793511 0.369798 -0.483311 0.488935 0.0854479 0.868125 0.362329 -0.925175 -0.113003 -2.54424 3.75065 -0.519741</i>
                        <i>0.778585 0.406291 -0.478261 0.482885 0.0988489 0.870087 0.400784 -0.908381 -0.119229 -2.55207 3.75381 -0.518451</i>
                        <i>0.763223 0.439939 -0.473228 0.476716 0.110982 0.872024 0.436157 -0.891143 -0.125022 -2.55939 3.75658 -0.517228</i>
                        <i>0.748377 0.469531 -0.468479 0.470806 0.121468 0.873835 0.467198 -0.87452 -0.130155 -2.56591 3.7589 -0.516123</i>
                        <i>0.735148 0.493926 -0.464321 0.465583 0.129975 0.875408 0.492737 -0.859734 -0.134413 -2.57135 3.76074 -0.51519</i>
                        <i>0.724717 0.512044 -0.461081 0.461491 0.13621 0.876626 0.511675 -0.84809 -0.13759 -2.57543 3.76206 -0.514483</i>
                        <i>0.724717 0.512044 -0.461081 0.461491 0.13621 0.876626 0.511675 -0.84809 -0.13759 -2.57543 3.76206 -0.514483</i>
                        <i>0.724717 0.512044 -0.461081 0.461491 0.13621 0.876626 0.511675 -0.84809 -0.13759 -2.57543 3.76206 -0.514483</i>
                        <i>0.724717 0.512044 -0.461081 0.461491 0.13621 0.876626 0.511675 -0.84809 -0.13759 -2.57543 3.76206 -0.514483</i>
                        <i>0.724717 0.512044 -0.461081 0.461491 0.13621 0.876626 0.511675 -0.84809 -0.13759 -2.57543 3.76206 -0.514483</i>
                        <i>0.724717 0.512044 -0.461081 0.461491 0.13621 0.876626 0.511675 -0.84809 -0.13759 -2.57543 3.76206 -0.514483</i>
                        <i>0.724717 0.512044 -0.461081 0.461491 0.13621 0.876626 0.511675 -0.84809 -0.13759 -2.57543 3.76206 -0.514483</i>
                        <i>0.724717 0.512044 -0.461081 0.461491 0.13621 0.876626 0.511675 -0.84809 -0.13759 -2.57543 3.76206 -0.514483</i>
                        <i>0.724717 0.512044 -0.461081 0.461491 0.13621 0.876626 0.511675 -0.84809 -0.13759 -2.57543 3.76206 -0.514483</i>
                        <i>0.724717 0.512044 -0.461081 0.461491 0.13621 0.876626 0.511675 -0.84809 -0.13759 -2.57543 3.76206 -0.514483</i>
                        <i>0.724717 0.512044 -0.461081 0.461491 0.13621 0.876626 0.511675 -0.84809 -0.13759 -2.57543 3.76206 -0.514483</i>
                        <i>0.729326 0.508512 -0.457711 0.455084 0.138972 0.879537 0.510865 -0.849766 -0.13006 -2.5744 3.76139 -0.515428</i>
                        <i>0.735512 0.504998 -0.451663 0.444199 0.143935 0.88429 0.511575 -0.851034 -0.118454 -2.57338 3.76058 -0.516783</i>
                        <i>0.742464 0.501212 -0.444447 0.431329 0.149945 0.889647 0.512544 -0.852234 -0.104859 -2.57228 3.75966 -0.518344</i>
                        <i>0.749409 0.496887 -0.437595 0.419025 0.155793 0.894509 0.512645 -0.853716 -0.0914556 -2.57103 3.75869 -0.519904</i>
                        <i>0.755612 0.491786 -0.432663 0.409899 0.160205 0.897952 0.510915 -0.855851 -0.0805297 -2.56956 3.7577 -0.521252</i>
                        <i>0.760369 0.485687 -0.431216 0.406572 0.161819 0.899174 0.506496 -0.859024 -0.074425 -2.5678 3.75675 -0.522176</i>
                        <i>0.76316 0.478618 -0.43418 0.410578 0.159708 0.89773 0.499011 -0.863376 -0.074627 -2.56571 3.75585 -0.52255</i>
                        <i>0.764383 0.470867 -0.440457 0.420051 0.154593 0.894236 0.489158 -0.868553 -0.0796206 -2.56336 3.75497 -0.522508</i>
                        <i>0.764705 0.462607 -0.448577 0.432498 0.147567 0.889477 0.477674 -0.874196 -0.0872317 -2.56087 3.7541 -0.522234</i>
                        <i>0.764811 0.454017 -0.457091 0.445496 0.139827 0.884297 0.4654 -0.879953 -0.0953211 -2.55834 3.75324 -0.521907</i>
                        <i>0.765422 0.44529 -0.464592 0.456738 0.132681 0.879651 0.453343 -0.885501 -0.101824 -2.5559 3.75237 -0.521701</i>
                        <i>0.767286 0.436634 -0.469704 0.464038 0.127535 0.876586 0.442651 -0.890553 -0.104759 -2.55367 3.7515 -0.521787</i>
                        <i>0.770317 0.42805 -0.472635 0.468043 0.123835 0.874986 0.433067 -0.895231 -0.104954 -2.55165 3.75062 -0.522131</i>
                        <i>0.773788 0.419483 -0.474643 0.470911 0.120218 0.873951 0.423668 -0.899768 -0.104516 -2.54978 3.74978 -0.522568</i>
                        <i>0.777507 0.411054 -0.475938 0.472798 0.116942 0.873376 0.414662 -0.904079 -0.103422 -2.54804 3.74898 -0.523062</i>
                        <i>0.781289 0.402887 -0.476727 0.473864 0.114254 0.873155 0.406251 -0.90809 -0.101648 -2.54643 3.74822 -0.523584</i>
                        <i>0.784956 0.395108 -0.477214 0.47427 0.112398 0.873175 0.398637 -0.911732 -0.0991605 -2.54495 3.7475 -0.524099</i>
                        <i>0.788335 0.387845 -0.477603 0.474181 0.111613 0.873324 0.392021 -0.914942 -0.0959205 -2.54358 3.74683 -0.524578</i>
                        <i>0.791256 0.381227 -0.478099 0.473759 0.112132 0.873486 0.386607 -0.917656 -0.0918846 -2.54231 3.74622 -0.524987</i>
                        <i>0.793556 0.375387 -0.478909 0.473166 0.114186 0.873542 0.382601 -0.919808 -0.0870072 -2.54115 3.74567 -0.525295</i>
                        <i>0.79473 0.370915 -0.480444 0.471007 0.122379 0.8736 0.382827 -0.920568 -0.0774448 -2.54019 3.74526 -0.525385</i>
                        <i>0.794778 0.368182 -0.482463 0.466732 0.137337 0.87367 0.38793 -0.919554 -0.0626898 -2.53953 3.74504 -0.525257</i>
                        <i>0.794277 0.366972 -0.484206 0.461762 0.153313 0.873654 0.394842 -0.917511 -0.0476802 -2.53917 3.74497 -0.525053</i>
                        <i>0.793826 0.367022 -0.484907 0.457634 0.164609 0.87377 0.400513 -0.915532 -0.037291 -2.53913 3.74501 -0.524914</i>
                        <i>0.794039 0.36804 -0.483786 0.45602 0.16558 0.874431 0.401931 -0.914948 -0.0363561 -2.53942 3.74511 -0.524984</i>
                        <i>0.795677 0.369988 -0.479591 0.457917 0.15086 0.876101 0.396498 -0.916706 -0.0493881 -2.54007 3.7452 -0.525469</i>
                        <i>0.798463 0.372642 -0.472858 0.462108 0.124088 0.8781 0.385893 -0.919641 -0.0731211 -2.54094 3.74525 -0.526314</i>
                        <i>0.801482 0.375422 -0.465494 0.467033 0.0932182 0.879313 0.373506 -0.922154 -0.100622 -2.54182 3.74525 -0.527265</i>
                        <i>0.803906 0.377702 -0.45943 0.471406 0.0663607 0.879416 0.362645 -0.923546 -0.124703 -2.5425 3.74523 -0.528064</i>
                        <i>0.804985 0.378799 -0.45663 0.474219 0.0517092 0.878887 0.356534 -0.924033 -0.138008 -2.54279 3.7452 -0.528449</i>
                        <i>0.80246 0.381332 -0.458959 0.474483 0.0586226 0.87831 0.361834 -0.922577 -0.133893 -2.54311 3.7454 -0.528075</i>
                        <i>0.797073 0.38499 -0.46525 0.472928 0.0811268 0.877358 0.375518 -0.919348 -0.117408 -2.54347 3.7458 -0.527098</i>
                        <i>0.79274 0.384694 -0.472836 0.471565 0.104488 0.875619 0.386251 -0.917111 -0.0985769 -2.54307 3.74603 -0.526003</i>
                        <i>0.793556 0.375387 -0.478909 0.473166 0.114186 0.873542 0.382601 -0.919808 -0.0870072 -2.54115 3.74567 -0.525295</i>
                        <i>0.799593 0.356847 -0.483023 0.478047 0.10861 0.871594 0.363486 -0.927828 -0.0837456 -2.5377 3.74467 -0.525031</i>
                        <i>0.807485 0.333301 -0.486701 0.484101 0.0970248 0.869616 0.337066 -0.937815 -0.0830052 -2.5334 3.74331 -0.5249</i>
                        <i>0.816057 0.306345 -0.490105 0.490554 0.0812828 0.867611 0.305626 -0.948444 -0.0839476 -2.52853 3.74168 -0.524844</i>
                        <i>0.824315 0.277624 -0.493386 0.496763 0.0632994 0.865575 0.271536 -0.958602 -0.0857349 -2.52335 3.73985 -0.524809</i>
                        <i>0.83151 0.248822 -0.496667 0.502299 0.0450689 0.863518 0.237246 -0.9675 -0.0875078 -2.51817 3.73794 -0.52475</i>
                        <i>0.837161 0.221639 -0.500038 0.506979 0.0286555 0.861482 0.205266 -0.974708 -0.0883768 -2.51325 3.73606 -0.524631</i>
                    </KeyFrames>
                </p>
            </i>
            <i>
                <p>
                    <Name><![CDATA[head]]></Name>
                    <Exclude>0</Exclude>
                    <Additive>0</Additive>
                    <IKPriority>0</IKPriority>
                    <IKRotLimits>-1e+010 -1e+010 -1e+010 1e+010 1e+010 1e+010</IKRotLimits>
                    <IKRotLimitOrder>0</IKRotLimitOrder>
                    <KeyFrames count="60">
                        <i>0.558134 0.597568 -0.575673 -0.466649 0.799731 0.377716 0.686094 0.0578212 0.725211 -2.29832 3.80028 -0.675115</i>
                        <i>0.492192 0.726532 -0.479478 -0.57984 0.684464 0.441922 0.649255 0.0605097 0.75816 -2.30834 3.81365 -0.672754</i>
                        <i>0.394675 0.842569 -0.366482 -0.688128 0.535359 0.489765 0.60886 0.0588883 0.791089 -2.31961 3.82771 -0.670091</i>
                        <i>0.291063 0.920938 -0.259144 -0.770834 0.386185 0.506632 0.566655 0.0522952 0.822294 -2.3318 3.8419 -0.667198</i>
                        <i>0.219182 0.958722 -0.181139 -0.822694 0.281409 0.493947 0.524532 0.0407576 0.850415 -2.34452 3.85571 -0.664167</i>
                        <i>0.203588 0.968927 -0.140473 -0.850846 0.246079 0.464226 0.484368 0.0250099 0.874507 -2.3573 3.86867 -0.661108</i>
                        <i>0.229683 0.96559 -0.121988 -0.864098 0.259989 0.430975 0.447861 0.00642213 0.89408 -2.36963 3.88038 -0.658147</i>
                        <i>0.277028 0.954183 -0.113098 -0.86594 0.298936 0.400981 0.416418 -0.0131471 0.909078 -2.38091 3.89048 -0.655426</i>
                        <i>0.323275 0.940438 -0.105212 -0.861697 0.338499 0.378018 0.391117 -0.0315433 0.9198 -2.39055 3.89866 -0.653096</i>
                        <i>0.346185 0.933608 -0.0923733 -0.860931 0.355264 0.364123 0.372765 -0.0465271 0.926759 -2.39791 3.90467 -0.651311</i>
                        <i>0.346185 0.933608 -0.0923733 -0.860931 0.355264 0.364123 0.372765 -0.0465271 0.926759 -2.39791 3.90467 -0.651311</i>
                        <i>0.346185 0.933608 -0.0923733 -0.860931 0.355264 0.364123 0.372765 -0.0465271 0.926759 -2.39791 3.90467 -0.651311</i>
                        <i>0.346185 0.933608 -0.0923733 -0.860931 0.355264 0.364123 0.372765 -0.0465271 0.926759 -2.39791 3.90467 -0.651311</i>
                        <i>0.346185 0.933608 -0.0923733 -0.860931 0.355264 0.364123 0.372765 -0.0465271 0.926759 -2.39791 3.90467 -0.651311</i>
                        <i>0.346185 0.933608 -0.0923733 -0.860931 0.355264 0.364123 0.372765 -0.0465271 0.926759 -2.39791 3.90467 -0.651311</i>
                        <i>0.346185 0.933608 -0.0923733 -0.860931 0.355264 0.364123 0.372765 -0.0465271 0.926759 -2.39791 3.90467 -0.651311</i>
                        <i>0.346185 0.933608 -0.0923733 -0.860931 0.355264 0.364123 0.372765 -0.0465271 0.926759 -2.39791 3.90467 -0.651311</i>
                        <i>0.346185 0.933608 -0.0923733 -0.860931 0.355264 0.364123 0.372765 -0.0465271 0.926759 -2.39791 3.90467 -0.651311</i>
                        <i>0.346185 0.933608 -0.0923733 -0.860931 0.355264 0.364123 0.372765 -0.0465271 0.926759 -2.39791 3.90467 -0.651311</i>
                        <i>0.346185 0.933608 -0.0923733 -0.860931 0.355264 0.364123 0.372765 -0.0465271 0.926759 -2.39791 3.90467 -0.651311</i>
                        <i>0.435729 0.882701 -0.176009 -0.844924 0.468532 0.258034 0.310232 0.0362814 0.949968 -2.39537 3.90333 -0.651155</i>
                        <i>0.592621 0.762216 -0.260437 -0.781473 0.622426 0.0434121 0.195192 0.177798 0.964514 -2.39225 3.90195 -0.650536</i>
                        <i>0.734117 0.626887 -0.260932 -0.674769 0.716453 -0.177149 0.0758931 0.306116 0.948964 -2.38878 3.90044 -0.649734</i>
                        <i>0.792925 0.564554 -0.229233 -0.60919 0.742259 -0.279176 0.0125401 0.361012 0.932477 -2.38518 3.89873 -0.649041</i>
                        <i>0.79596 0.561109 -0.227167 -0.603363 0.765747 -0.222677 0.0490067 0.314306 0.948056 -2.38166 3.89673 -0.648756</i>
                        <i>0.793988 0.557781 -0.241793 -0.585524 0.808625 -0.0573321 0.163541 0.187096 0.968633 -2.37842 3.8944 -0.649185</i>
                        <i>0.785275 0.560024 -0.264036 -0.534501 0.82842 0.16742 0.312492 0.00965684 0.949871 -2.3756 3.89174 -0.650505</i>
