<?xml version="1.0" encoding="ISO-8859-1" ?>
<Animl Version="1">
    <ModellingPackage><![CDATA[Maya.2010]]></ModellingPackage>
    <SrcFile><![CDATA[anims\turrets\mortar\red\~src\mortar_2s12sani\mortar_2s12sani_aim_random_crewman_c.mb]]></SrcFile>
    <FramesPerSecond>30</FramesPerSecond>
    <TotalFrames>60</TotalFrames>
    <Skeleton>
        <RefFrame>
            <Name><![CDATA[soldier_ref_frame]]></Name>
            <Exclude>0</Exclude>
            <Additive>0</Additive>
            <IKPriority>0</IKPriority>
            <IKRotLimits>-1e+010 -1e+010 -1e+010 1e+010 1e+010 1e+010</IKRotLimits>
            <IKRotLimitOrder>0</IKRotLimitOrder>
            <KeyFrames count="60">
                <i>1 0 0 0 1 0 0 0 1 2.38 0.89 1.03</i>
                <i>1 0 0 0 1 0 0 0 1 2.38 0.89 1.03</i>
                <i>1 0 0 0 1 0 0 0 1 2.38 0.89 1.03</i>
                <i>1 0 0 0 1 0 0 0 1 2.38 0.89 1.03</i>
                <i>1 0 0 0 1 0 0 0 1 2.38 0.89 1.03</i>
                <i>1 0 0 0 1 0 0 0 1 2.38 0.89 1.03</i>
                <i>1 0 0 0 1 0 0 0 1 2.38 0.89 1.03</i>
                <i>1 0 0 0 1 0 0 0 1 2.38 0.89 1.03</i>
                <i>1 0 0 0 1 0 0 0 1 2.38 0.89 1.03</i>
                <i>1 0 0 0 1 0 0 0 1 2.38 0.89 1.03</i>
                <i>1 0 0 0 1 0 0 0 1 2.38 0.89 1.03</i>
                <i>1 0 0 0 1 0 0 0 1 2.38 0.89 1.03</i>
                <i>1 0 0 0 1 0 0 0 1 2.38 0.89 1.03</i>
                <i>1 0 0 0 1 0 0 0 1 2.38 0.89 1.03</i>
                <i>1 0 0 0 1 0 0 0 1 2.38 0.89 1.03</i>
                <i>1 0 0 0 1 0 0 0 1 2.38 0.89 1.03</i>
                <i>1 0 0 0 1 0 0 0 1 2.38 0.89 1.03</i>
                <i>1 0 0 0 1 0 0 0 1 2.38 0.89 1.03</i>
                <i>1 0 0 0 1 0 0 0 1 2.38 0.89 1.03</i>
                <i>1 0 0 0 1 0 0 0 1 2.38 0.89 1.03</i>
                <i>1 0 0 0 1 0 0 0 1 2.38 0.89 1.03</i>
                <i>1 0 0 0 1 0 0 0 1 2.38 0.89 1.03</i>
                <i>1 0 0 0 1 0 0 0 1 2.38 0.89 1.03</i>
                <i>1 0 0 0 1 0 0 0 1 2.38 0.89 1.03</i>
                <i>1 0 0 0 1 0 0 0 1 2.38 0.89 1.03</i>
                <i>1 0 0 0 1 0 0 0 1 2.38 0.89 1.03</i>
                <i>1 0 0 0 1 0 0 0 1 2.38 0.89 1.03</i>
                <i>1 0 0 0 1 0 0 0 1 2.38 0.89 1.03</i>
                <i>1 0 0 0 1 0 0 0 1 2.38 0.89 1.03</i>
                <i>1 0 0 0 1 0 0 0 1 2.38 0.89 1.03</i>
                <i>1 0 0 0 1 0 0 0 1 2.38 0.89 1.03</i>
                <i>1 0 0 0 1 0 0 0 1 2.38 0.89 1.03</i>
                <i>1 0 0 0 1 0 0 0 1 2.38 0.89 1.03</i>
                <i>1 0 0 0 1 0 0 0 1 2.38 0.89 1.03</i>
                <i>1 0 0 0 1 0 0 0 1 2.38 0.89 1.03</i>
                <i>1 0 0 0 1 0 0 0 1 2.38 0.89 1.03</i>
                <i>1 0 0 0 1 0 0 0 1 2.38 0.89 1.03</i>
                <i>1 0 0 0 1 0 0 0 1 2.38 0.89 1.03</i>
                <i>1 0 0 0 1 0 0 0 1 2.38 0.89 1.03</i>
                <i>1 0 0 0 1 0 0 0 1 2.38 0.89 1.03</i>
                <i>1 0 0 0 1 0 0 0 1 2.38 0.89 1.03</i>
                <i>1 0 0 0 1 0 0 0 1 2.38 0.89 1.03</i>
                <i>1 0 0 0 1 0 0 0 1 2.38 0.89 1.03</i>
                <i>1 0 0 0 1 0 0 0 1 2.38 0.89 1.03</i>
                <i>1 0 0 0 1 0 0 0 1 2.38 0.89 1.03</i>
                <i>1 0 0 0 1 0 0 0 1 2.38 0.89 1.03</i>
                <i>1 0 0 0 1 0 0 0 1 2.38 0.89 1.03</i>
                <i>1 0 0 0 1 0 0 0 1 2.38 0.89 1.03</i>
                <i>1 0 0 0 1 0 0 0 1 2.38 0.89 1.03</i>
                <i>1 0 0 0 1 0 0 0 1 2.38 0.89 1.03</i>
                <i>1 0 0 0 1 0 0 0 1 2.38 0.89 1.03</i>
                <i>1 0 0 0 1 0 0 0 1 2.38 0.89 1.03</i>
                <i>1 0 0 0 1 0 0 0 1 2.38 0.89 1.03</i>
                <i>1 0 0 0 1 0 0 0 1 2.38 0.89 1.03</i>
                <i>1 0 0 0 1 0 0 0 1 2.38 0.89 1.03</i>
                <i>1 0 0 0 1 0 0 0 1 2.38 0.89 1.03</i>
                <i>1 0 0 0 1 0 0 0 1 2.38 0.89 1.03</i>
                <i>1 0 0 0 1 0 0 0 1 2.38 0.89 1.03</i>
                <i>1 0 0 0 1 0 0 0 1 2.38 0.89 1.03</i>
                <i>1 0 0 0 1 0 0 0 1 2.38 0.89 1.03</i>
            </KeyFrames>
        </RefFrame>
        <Bones count="23">
            <i>
                <p>
                    <Name><![CDATA[pelvis]]></Name>
                    <Exclude>0</Exclude>
                    <Additive>0</Additive>
                    <IKPriority>0</IKPriority>
                    <IKRotLimits>-1e+010 -1e+010 -1e+010 1e+010 1e+010 1e+010</IKRotLimits>
                    <IKRotLimitOrder>2</IKRotLimitOrder>
                    <KeyFrames count="60">
                        <i>1 0 0 0 1 0 0 0 1 2.23971 2.04055 1.09033</i>
                        <i>1 0 0 0 1 0 0 0 1 2.24507 2.04365 1.0842</i>
                        <i>1 0 0 0 1 0 0 0 1 2.25696 2.04886 1.07062</i>
                        <i>1 0 0 0 1 0 0 0 1 2.26902 2.05 1.05683</i>
                        <i>1 0 0 0 1 0 0 0 1 2.28048 2.0438 1.04373</i>
                        <i>1 0 0 0 1 0 0 0 1 2.29295 2.0339 1.02948</i>
                        <i>1 0 0 0 1 0 0 0 1 2.30371 2.02455 1.01719</i>
                        <i>1 0 0 0 1 0 0 0 1 2.31 2.02 1.01</i>
                        <i>1 0 0 0 1 0 0 0 1 2.31 2.02049 1.01</i>
                        <i>1 0 0 0 1 0 0 0 1 2.31 2.02183 1.01</i>
                        <i>1 0 0 0 1 0 0 0 1 2.31 2.02385 1.01</i>
                        <i>1 0 0 0 1 0 0 0 1 2.31 2.02638 1.01</i>
                        <i>1 0 0 0 1 0 0 0 1 2.31 2.02924 1.01</i>
                        <i>1 0 0 0 1 0 0 0 1 2.31 2.03226 1.01</i>
                        <i>1 0 0 0 1 0 0 0 1 2.31 2.03527 1.01</i>
                        <i>1 0 0 0 1 0 0 0 1 2.31 2.03809 1.01</i>
                        <i>1 0 0 0 1 0 0 0 1 2.31 2.04055 1.01</i>
                        <i>1 0 0 0 1 0 0 0 1 2.31 2.04273 1.01</i>
                        <i>1 0 0 0 1 0 0 0 1 2.31 2.04485 1.01</i>
                        <i>1 0 0 0 1 0 0 0 1 2.31 2.04692 1.01</i>
                        <i>1 0 0 0 1 0 0 0 1 2.31 2.04898 1.01</i>
                        <i>1 0 0 0 1 0 0 0 1 2.31 2.05105 1.01</i>
                        <i>1 0 0 0 1 0 0 0 1 2.31 2.05317 1.01</i>
                        <i>1 0 0 0 1 0 0 0 1 2.31 2.05534 1.01</i>
                        <i>1 0 0 0 1 0 0 0 1 2.31 2.05761 1.01</i>
                        <i>1 0 0 0 1 0 0 0 1 2.31 2.06 1.01</i>
                        <i>1 0 0 0 1 0 0 0 1 2.31 2.06259 1.01</i>
                        <i>1 0 0 0 1 0 0 0 1 2.31 2.06741 1.01</i>
                        <i>1 0 0 0 1 0 0 0 1 2.31 2.07 1.01</i>
                        <i>1 0 0 0 1 0 0 0 1 2.31 2.06371 1.01</i>
                        <i>1 0 0 0 1 0 0 0 1 2.31 2.05402 1.01</i>
                        <i>1 0 0 0 1 0 0 0 1 2.31 2.04348 1.01</i>
                        <i>1 0 0 0 1 0 0 0 1 2.31 2.03463 1.01</i>
                        <i>1 0 0 0 1 0 0 0 1 2.31 2.03 1.01</i>
                        <i>1 0 0 0 1 0 0 0 1 2.31 2.02968 1.01</i>
                        <i>1 0 0 0 1 0 0 0 1 2.31 2.03158 1.01</i>
                        <i>1 0 0 0 1 0 0 0 1 2.31 2.03501 1.01</i>
                        <i>1 0 0 0 1 0 0 0 1 2.31 2.03927 1.01</i>
                        <i>1 0 0 0 1 0 0 0 1 2.31 2.04365 1.01</i>
                        <i>1 0 0 0 1 0 0 0 1 2.31 2.04746 1.01</i>
                        <i>1 0 0 0 1 0 0 0 1 2.31 2.05 1.01</i>
                        <i>1 0 0 0 1 0 0 0 1 2.30991 2.05187 1.0101</i>
                        <i>1 0 0 0 1 0 0 0 1 2.30974 2.0536 1.0103</i>
                        <i>1 0 0 0 1 0 0 0 1 2.3096 2.0544 1.01045</i>
                        <i>1 0 0 0 1 0 0 0 1 2.30965 2.05347 1.0104</i>
                        <i>1 0 0 0 1 0 0 0 1 2.31 2.05 1.01</i>
                        <i>1 0 0 0 1 0 0 0 1 2.31138 2.03741 1.00842</i>
                        <i>1 0 0 0 1 0 0 0 1 2.31338 2.01926 1.00614</i>
                        <i>1 0 0 0 1 0 0 0 1 2.31439 2.01 1.00498</i>
                        <i>1 0 0 0 1 0 0 0 1 2.31501 2.01258 1.00427</i>
                        <i>1 0 0 0 1 0 0 0 1 2.31627 2.01914 1.00283</i>
                        <i>1 0 0 0 1 0 0 0 1 2.31729 2.02792 1.00167</i>
                        <i>1 0 0 0 1 0 0 0 1 2.31717 2.03716 1.0018</i>
                        <i>1 0 0 0 1 0 0 0 1 2.31504 2.04511 1.00424</i>
                        <i>1 0 0 0 1 0 0 0 1 2.31 2.05 1.01</i>
                        <i>1 0 0 0 1 0 0 0 1 2.29834 2.05079 1.02332</i>
                        <i>1 0 0 0 1 0 0 0 1 2.28037 2.04867 1.04386</i>
                        <i>1 0 0 0 1 0 0 0 1 2.26119 2.04521 1.06578</i>
                        <i>1 0 0 0 1 0 0 0 1 2.24593 2.04198 1.08322</i>
                        <i>1 0 0 0 1 0 0 0 1 2.23971 2.04055 1.09033</i>
                    </KeyFrames>
                </p>
            </i>
            <i>
                <p>
                    <Name><![CDATA[spine0]]></Name>
                    <Exclude>0</Exclude>
                    <Additive>0</Additive>
                    <IKPriority>0</IKPriority>
                    <IKRotLimits>-1e+010 -1e+010 -1e+010 1e+010 1e+010 1e+010</IKRotLimits>
                    <IKRotLimitOrder>0</IKRotLimitOrder>
                    <KeyFrames count="60">
                        <i>-0.0287338 0.99958 -0.00388776 -0.715906 -0.0232934 -0.697808 -0.697605 -0.0172674 0.716274 2.27135 2.17749 1.05964</i>
                        <i>-0.0196145 0.999714 -0.0136635 -0.714361 -0.0235746 -0.699381 -0.699503 -0.00395735 0.714619 2.27768 2.1809 1.05596</i>
                        <i>0.00193674 0.999462 -0.032751 -0.709742 -0.0216979 -0.704127 -0.704459 0.0246085 0.709318 2.29143 2.18647 1.04672</i>
                        <i>0.0223691 0.998584 -0.0482723 -0.703397 -0.018592 -0.710554 -0.710445 0.0498491 0.701985 2.30471 2.18757 1.03454</i>
                        <i>0.0315677 0.997763 -0.0589229 -0.696871 -0.0202892 -0.71691 -0.716502 0.0636929 0.694671 2.31605 2.18083 1.01816</i>
                        <i>0.0334969 0.997072 -0.0687377 -0.690123 -0.0266722 -0.7232 -0.722916 0.0716624 0.687209 2.32779 2.16996 0.998334</i>
                        <i>0.03071 0.996529 -0.0773802 -0.683709 -0.0355282 -0.72889 -0.729109 0.0752897 0.680244 2.33769 2.15946 0.980599</i>
                        <i>0.0282648 0.996171 -0.0827301 -0.679383 -0.0415651 -0.732606 -0.73324 0.0769124 0.675606 2.34338 2.15422 0.970407</i>
                        <i>0.0278854 0.996197 -0.0825423 -0.679386 -0.0416837 -0.732596 -0.733251 0.0765069 0.675641 2.34325 2.15477 0.970522</i>
                        <i>0.0268892 0.996267 -0.0820294 -0.679396 -0.0419805 -0.73257 -0.733279 0.0754287 0.675731 2.3429 2.15629 0.970833</i>
                        <i>0.0254898 0.996366 -0.0812667 -0.679409 -0.0423667 -0.732536 -0.733317 0.0738855 0.67586 2.34239 2.15856 0.971293</i>
                        <i>0.0239014 0.996482 -0.0803301 -0.679422 -0.0427531 -0.732501 -0.733358 0.0720858 0.67601 2.34176 2.1614 0.971852</i>
                        <i>0.0223399 0.996601 -0.0792962 -0.679436 -0.04305 -0.732471 -0.733395 0.07024 0.676164 2.34108 2.16459 0.972463</i>
                        <i>0.021022 0.996713 -0.0782422 -0.679452 -0.0431669 -0.732449 -0.733419 0.0685593 0.676311 2.3404 2.16794 0.973075</i>
                        <i>0.0201639 0.996808 -0.0772449 -0.679475 -0.0430134 -0.732436 -0.733421 0.0672547 0.676439 2.33977 2.17124 0.97364</i>
                        <i>0.0199798 0.996879 -0.0763796 -0.679511 -0.0424991 -0.732433 -0.733393 0.0665347 0.676541 2.33925 2.1743 0.974105</i>
                        <i>0.0206792 0.996915 -0.0757193 -0.679564 -0.0415352 -0.73244 -0.733325 0.0666024 0.676608 2.3389 2.17691 0.974422</i>
                        <i>0.0225081 0.996921 -0.0751063 -0.679644 -0.0398375 -0.732459 -0.733197 0.0675318 0.676655 2.3387 2.17918 0.9746</i>
                        <i>0.0253708 0.996908 -0.0743722 -0.679754 -0.0373463 -0.732488 -0.733001 0.0691386 0.676705 2.3386 2.18134 0.974694</i>
                        <i>0.0289549 0.996869 -0.0735736 -0.679879 -0.0343158 -0.732521 -0.732753 0.0712312 0.676757 2.33857 2.18343 0.974722</i>
                        <i>0.0329436 0.996804 -0.0727773 -0.680002 -0.0310107 -0.732554 -0.73247 0.0736217 0.676807 2.33859 2.18548 0.9747</i>
                        <i>0.0370171 0.996713 -0.0720652 -0.680111 -0.0277092 -0.732585 -0.732174 0.0761305 0.67685 2.33865 2.18753 0.974644</i>
                        <i>0.0408565 0.996601 -0.0715365 -0.680198 -0.024702 -0.732612 -0.731889 0.078591 0.676877 2.33873 2.1896 0.974572</i>
                        <i>0.044149 0.996477 -0.0713069 -0.680258 -0.0222877 -0.732634 -0.731642 0.0808522 0.676877 2.33881 2.19175 0.9745</i>
                        <i>0.0465923 0.996352 -0.0715039 -0.68029 -0.0207668 -0.732649 -0.731461 0.0827792 0.67684 2.33888 2.19399 0.974444</i>
                        <i>0.0478981 0.996235 -0.0722594 -0.680294 -0.0204333 -0.732654 -0.731372 0.0842503 0.676754 2.3389 2.19636 0.974422</i>
                        <i>0.0434406 0.996109 -0.0766767 -0.680108 -0.026735 -0.732624 -0.731824 0.083974 0.6763 2.3389 2.19896 0.974422</i>
                        <i>0.0351566 0.995771 -0.0848793 -0.67969 -0.0384404 -0.732492 -0.732657 0.0834435 0.675464 2.3389 2.20377 0.974422</i>
                        <i>0.0306997 0.995533 -0.0892859 -0.679427 -0.0447327 -0.732379 -0.733101 0.083147 0.675018 2.3389 2.20636 0.974422</i>
                        <i>0.0324654 0.99607 -0.0824078 -0.677617 -0.038673 -0.734397 -0.734698 0.0796835 0.673699 2.3369 2.20108 0.976807</i>
                        <i>0.0362699 0.996802 -0.0712108 -0.675403 -0.0280692 -0.736914 -0.736556 0.0748238 0.672225 2.33401 2.1927 0.980199</i>
                        <i>0.0416009 0.997387 -0.0590677 -0.673531 -0.015672 -0.738993 -0.737987 0.0705267 0.671119 2.33103 2.18334 0.983672</i>
                        <i>0.0477397 0.997647 -0.0492081 -0.672447 -0.00432836 -0.740133 -0.738604 0.0684235 0.670658 2.32878 2.17527 0.98629</i>
                        <i>0.0537878 0.997553 -0.0446675 -0.672301 0.00310313 -0.740271 -0.738321 0.0698476 0.670823 2.32812 2.17087 0.987116</i>
                        <i>0.0601528 0.997144 -0.0456722 -0.67287 0.00670914 -0.73973 -0.737311 0.0752283 0.671352 2.3293 2.1702 0.98594</i>
                        <i>0.0675226 0.996474 -0.0498092 -0.673755 0.00872023 -0.738903 -0.735863 0.0834519 0.671968 2.33164 2.17132 0.983508</i>
                        <i>0.0754182 0.995574 -0.0560796 -0.674799 0.00955102 -0.73794 -0.734138 0.0934965 0.672532 2.33465 2.17361 0.980326</i>
                        <i>0.0832657 0.994509 -0.063386 -0.675895 0.00962024 -0.736935 -0.73228 0.104204 0.672985 2.33783 2.17648 0.976897</i>
                        <i>0.0903885 0.993406 -0.0705323 -0.676963 0.00934245 -0.735958 -0.730446 0.11427 0.673343 2.34071 2.17943 0.973715</i>
                        <i>0.0960619 0.992448 -0.0762795 -0.677943 0.00912348 -0.735058 -0.728811 0.122324 0.673699 2.34285 2.18206 0.971262</i>
                        <i>0.0995703 0.991858 -0.0794001 -0.678788 0.00936177 -0.734275 -0.727553 0.127008 0.674193 2.34382 2.18399 0.970009</i>
                        <i>0.0991037 0.991994 -0.0782683 -0.679847 0.010063 -0.733285 -0.726627 0.125882 0.675402 2.34252 2.18642 0.971021</i>
                        <i>0.0948134 0.992773 -0.0735696 -0.68128 0.010824 -0.731943 -0.725856 0.11952 0.677383 2.33911 2.1897 0.974104</i>
                        <i>0.0889478 0.993739 -0.0676074 -0.682711 0.011403 -0.7306 -0.725255 0.111142 0.67945 2.33509 2.19218 0.977824</i>
                        <i>0.0835577 0.994534 -0.062604 -0.683723 0.0115142 -0.729651 -0.724942 0.103772 0.680948 2.33201 2.19244 0.980684</i>
                        <i>0.0803829 0.994922 -0.0605632 -0.683907 0.0108494 -0.729489 -0.725128 0.100058 0.681306 2.33145 2.1893 0.981142</i>
                        <i>0.0783752 0.995075 -0.0606842 -0.683077 0.00926505 -0.730287 -0.726129 0.0986884 0.680439 2.33407 2.17626 0.978386</i>
                        <i>0.0772559 0.995106 -0.0616011 -0.681536 0.00761365 -0.731745 -0.727695 0.098515 0.678789 2.33821 2.15727 0.974034</i>
                        <i>0.0797701 0.994741 -0.0642358 -0.679587 0.00712747 -0.73356 -0.729245 0.10217 0.676582 2.34202 2.14683 0.970196</i>
                        <i>0.0856648 0.993975 -0.0683822 -0.677435 0.00778124 -0.735542 -0.730577 0.109335 0.67402 2.34581 2.14793 0.966505</i>
                        <i>0.0921006 0.993065 -0.0730647 -0.675336 0.00837442 -0.737463 -0.731737 0.117264 0.671424 2.35034 2.15282 0.962049</i>
                        <i>0.0978324 0.992156 -0.0778102 -0.673659 0.00847091 -0.738994 -0.732538 0.124715 0.669204 2.35447 2.15989 0.958102</i>
                        <i>0.10162 0.991426 -0.0821458 -0.672843 0.00767289 -0.739746 -0.732773 0.130444 0.667853 2.35705 2.16755 0.95592</i>
                        <i>0.102198 0.99108 -0.0855346 -0.673345 0.00562862 -0.739307 -0.732231 0.13315 0.667914 2.35695 2.17427 0.956743</i>
                        <i>0.0982479 0.991329 -0.0872559 -0.675564 0.00205703 -0.737298 -0.730726 0.131385 0.669909 2.35304 2.17853 0.961809</i>
                        <i>0.0806599 0.993201 -0.0839377 -0.682785 -0.00629367 -0.730592 -0.726153 0.116241 0.677635 2.34052 2.1802 0.976723</i>
                        <i>0.0475431 0.996415 -0.0699726 -0.694159 -0.017413 -0.719611 -0.71825 0.0827847 0.690843 2.31967 2.18039 1.00142</i>
                        <i>0.0106071 0.998944 -0.0447145 -0.704993 -0.0242413 -0.708799 -0.709134 0.0390417 0.703992 2.29697 2.17949 1.02856</i>
                        <i>-0.0177697 0.999697 -0.0170597 -0.712825 -0.0246314 -0.700909 -0.701117 -0.000294351 0.713046 2.27879 2.17818 1.05057</i>
                        <i>-0.0287338 0.99958 -0.00388776 -0.715906 -0.0232934 -0.697808 -0.697605 -0.0172674 0.716274 2.27135 2.17749 1.05964</i>
                    </KeyFrames>
                </p>
            </i>
            <i>
                <p>
                    <Name><![CDATA[spine1]]></Name>
                    <Exclude>0</Exclude>
                    <Additive>0</Additive>
                    <IKPriority>0</IKPriority>
                    <IKRotLimits>-1e+010 -1e+010 -1e+010 1e+010 1e+010 1e+010</IKRotLimits>
                    <IKRotLimitOrder>0</IKRotLimitOrder>
                    <KeyFrames count="60">
                        <i>-0.0654133 0.996423 0.0535062 -0.901911 -0.0360964 -0.430411 -0.42694 -0.0764124 0.901046 2.26642 2.34896 1.05898</i>
                        <i>-0.0566236 0.998234 0.0179661 -0.890579 -0.0423667 -0.45285 -0.451289 -0.0416423 0.891406 2.27432 2.35219 1.05362</i>
                        <i>-0.0331423 0.998257 -0.0488374 -0.861664 -0.0532974 -0.504674 -0.506397 0.0253554 0.861928 2.29176 2.35758 1.04112</i>
                        <i>-0.00674659 0.995799 -0.0913207 -0.825557 -0.0570791 -0.561424 -0.564278 0.0716028 0.822474 2.30854 2.35855 1.02628</i>
                        <i>0.0126332 0.995473 -0.0941978 -0.786209 -0.0483187 -0.616069 -0.617832 0.0818421 0.78204 2.32145 2.35161 1.00807</i>
                        <i>0.0281742 0.996359 -0.0804615 -0.740944 -0.0332146 -0.670745 -0.670976 0.0785152 0.737311 2.33352 2.3406 0.986571</i>
                        <i>0.0388903 0.997275 -0.0626884 -0.698059 -0.0177743 -0.715819 -0.714983 0.0715986 0.695466 2.34295 2.33012 0.967349</i>
                        <i>0.0459416 0.997534 -0.0530521 -0.670231 -0.0085998 -0.742103 -0.740729 0.0696506 0.668183 2.34822 2.32491 0.956232</i>
                        <i>0.0463018 0.997487 -0.0536251 -0.670947 -0.00871633 -0.741454 -0.740058 0.0703102 0.668858 2.34803 2.32544 0.956381</i>
                        <i>0.0473477 0.997353 -0.0551911 -0.672738 -0.00900302 -0.739826 -0.738364 0.0721582 0.670531 2.34751 2.32691 0.956786</i>
                        <i>0.0490281 0.99714 -0.0575216 -0.675066 -0.00936313 -0.737698 -0.736126 0.0749987 0.672676 2.34675 2.32911 0.957384</i>
                        <i>0.0512924 0.996856 -0.0603871 -0.6774 -0.0097029 -0.735551 -0.733825 0.0786344 0.674772 2.34585 2.33186 0.958113</i>
                        <i>0.0540902 0.996511 -0.0635561 -0.679214 -0.00993789 -0.733873 -0.731944 0.0828636 0.676307 2.3449 2.33496 0.95891</i>
                        <i>0.0573703 0.996116 -0.0667941 -0.679993 -0.00999761 -0.733151 -0.730971 0.0874806 0.676778 2.34399 2.33822 0.959711</i>
                        <i>0.0610792 0.995685 -0.0698648 -0.679217 -0.0098282 -0.733872 -0.731392 0.0922777 0.675686 2.34321 2.34144 0.960453</i>
                        <i>0.06516 0.995235 -0.0725311 -0.67636 -0.00939314 -0.736512 -0.733684 0.0970482 0.672525 2.34266 2.34444 0.961073</i>
                        <i>0.0695502 0.994788 -0.0745573 -0.670871 -0.00867196 -0.741523 -0.738305 0.101591 0.666772 2.34243 2.34702 0.961505</i>
                        <i>0.0746666 0.994308 -0.0759986 -0.661995 -0.00757293 -0.74947 -0.74578 0.106271 0.657661 2.34254 2.34927 0.96179</i>
                        <i>0.0807607 0.993745 -0.0771225 -0.649807 -0.00617867 -0.760074 -0.755797 0.111499 0.645243 2.34292 2.35142 0.96201</i>
                        <i>0.0875162 0.993103 -0.0780158 -0.634991 -0.00472826 -0.772505 -0.767547 0.117146 0.630198 2.3435 2.3535 0.962174</i>
                        <i>0.0946185 0.992393 -0.0787653 -0.618265 -0.00343331 -0.785962 -0.780253 0.123064 0.613237 2.34421 2.35555 0.962287</i>
                        <i>0.101759 0.991631 -0.0794578 -0.600404 -0.00246617 -0.799693 -0.793196 0.129083 0.595128 2.34497 2.3576 0.962351</i>
                        <i>0.108637 0.990843 -0.0801781 -0.582238 -0.00195113 -0.813016 -0.805727 0.135007 0.576695 2.3457 2.35968 0.962367</i>
                        <i>0.114966 0.990061 -0.081008 -0.564662 -0.00195988 -0.82532 -0.817276 0.140626 0.558824 2.34635 2.36183 0.962332</i>
                        <i>0.120473 0.989322 -0.0820256 -0.548619 -0.00251191 -0.836069 -0.827347 0.145725 0.542459 2.34683 2.36406 0.962242</i>
                        <i>0.124898 0.988666 -0.0833027 -0.535097 -0.00358082 -0.844783 -0.835507 0.150087 0.528585 2.34707 2.36643 0.96209</i>
                        <i>0.123019 0.988742 -0.085184 -0.535443 -0.00614185 -0.844549 -0.835564 0.149506 0.528659 2.34631 2.36902 0.961334</i>
                        <i>0.119506 0.988862 -0.0887156 -0.536461 -0.0108741 -0.843855 -0.835421 0.148438 0.529186 2.3449 2.37383 0.959929</i>
                        <i>0.117599 0.988916 -0.0906395 -0.537212 -0.0134132 -0.84334 -0.835209 0.147868 0.529681 2.34414 2.37642 0.959173</i>
                        <i>0.130586 0.986216 -0.101616 -0.535626 -0.0160711 -0.844302 -0.834297 0.164682 0.526145 2.34243 2.37098 0.962754</i>
                        <i>0.149561 0.98187 -0.11646 -0.533317 -0.0190726 -0.845701 -0.832589 0.188594 0.520795 2.34018 2.36249 0.968074</i>
                        <i>0.169315 0.976798 -0.131145 -0.531089 -0.021666 -0.847039 -0.830227 0.213066 0.515098 2.3381 2.35314 0.973621</i>
                        <i>0.184698 0.972522 -0.141729 -0.529632 -0.0229835 -0.847916 -0.827875 0.231672 0.510834 2.3369 2.34517 0.977915</i>
                        <i>0.190814 0.970947 -0.144404 -0.529361 -0.0221028 -0.848109 -0.82666 0.238273 0.509764 2.33728 2.34082 0.979511</i>
                        <i>0.186791 0.972633 -0.138179 -0.530091 -0.0186328 -0.847736 -0.827111 0.231596 0.512104 2.33954 2.3401 0.978162</i>
                        <i>0.176547 0.976182 -0.126092 -0.531263 -0.0133376 -0.847102 -0.828608 0.216541 0.516255 2.34315 2.34116 0.975023</i>
                        <i>0.162495 0.98051 -0.110431 -0.532475 -0.00708386 -0.846416 -0.830702 0.19634 0.520946 2.34751 2.34345 0.970763</i>
                        <i>0.1471 0.984687 -0.0935614 -0.533452 -0.00067641 -0.84583 -0.832941 0.174333 0.525183 2.35205 2.34642 0.966068</i>
                        <i>0.13287 0.988067 -0.0779101 -0.53411 0.00516338 -0.845399 -0.834909 0.15394 0.528422 2.35619 2.34958 0.961635</i>
                        <i>0.12229 0.990304 -0.0658955 -0.534545 0.00977713 -0.845083 -0.836245 0.138569 0.530558 2.35934 2.35243 0.958166</i>
                        <i>0.117792 0.991231 -0.0598913 -0.534973 0.0125309 -0.844776 -0.836617 0.131548 0.531758 2.36094 2.35449 0.956358</i>
                        <i>0.125413 0.989955 -0.0652668 -0.535719 0.0122034 -0.844308 -0.835031 0.140852 0.531869 2.35954 2.3568 0.957577</i>
                        <i>0.14399 0.986253 -0.0810624 -0.536647 0.00899874 -0.843759 -0.83143 0.164995 0.530566 2.35536 2.3598 0.961499</i>
                        <i>0.165094 0.981191 -0.100041 -0.537312 0.00441803 -0.843372 -0.827067 0.192989 0.527935 2.3503 2.36209 0.966266</i>
                        <i>0.180375 0.97687 -0.114849 -0.537555 0.000120342 -0.843229 -0.823711 0.213835 0.525143 2.34628 2.3623 0.969994</i>
                        <i>0.181732 0.976218 -0.118204 -0.53754 -0.00203374 -0.843236 -0.823422 0.216783 0.524387 2.34517 2.35914 0.970807</i>
                        <i>0.165523 0.980178 -0.108871 -0.534189 -0.00368765 -0.845357 -0.829002 0.198084 0.52299 2.34744 2.34602 0.968037</i>
                        <i>0.141751 0.985433 -0.0939575 -0.52578 -0.00547029 -0.850603 -0.838726 0.169975 0.517346 2.35138 2.32698 0.963533</i>
                        <i>0.123137 0.989273 -0.0785899 -0.514489 -0.00408072 -0.857487 -0.848609 0.146022 0.508468 2.35564 2.31664 0.959234</i>
                        <i>0.112558 0.99155 -0.0644948 -0.502551 0.000814399 -0.864547 -0.857189 0.129724 0.498396 2.36046 2.318 0.954807</i>
                        <i>0.103468 0.993341 -0.0506687 -0.492574 0.00691764 -0.870243 -0.864098 0.115001 0.49001 2.36614 2.32324 0.94951</i>
                        <i>0.0948485 0.99477 -0.0379004 -0.487309 0.0131976 -0.87313 -0.868063 0.101284 0.486012 2.37131 2.33072 0.944702</i>
                        <i>0.0856402 0.995961 -0.0269843 -0.489757 0.0184963 -0.871663 -0.867643 0.0878651 0.489362 2.37461 2.33882 0.941724</i>
                        <i>0.074723 0.997032 -0.0185524 -0.502999 0.0216202 -0.864017 -0.861051 0.0738938 0.503121 2.37466 2.34597 0.941918</i>
                        <i>0.060915 0.998061 -0.0128239 -0.529832 0.0214438 -0.847831 -0.845912 0.0584401 0.530111 2.3701 2.35059 0.946656</i>
                        <i>0.0357008 0.999308 -0.010406 -0.6012 0.0131581 -0.798991 -0.798301 0.0347807 0.601254 2.35452 2.35251 0.962152</i>
                        <i>-0.000965429 0.999995 -0.0030523 -0.71106 -0.00283264 -0.703126 -0.703131 0.00149155 0.711059 2.3279 2.35279 0.989305</i>
                        <i>-0.0357578 0.999224 0.0164858 -0.812547 -0.0194658 -0.582571 -0.581798 -0.034227 0.812613 2.2988 2.35169 1.02085</i>
                        <i>-0.0581105 0.99746 0.0411929 -0.87882 -0.0315365 -0.47611 -0.473601 -0.0638682 0.878421 2.27574 2.34992 1.04764</i>
                        <i>-0.0654133 0.996423 0.0535062 -0.901911 -0.0360964 -0.430411 -0.42694 -0.0764124 0.901046 2.26642 2.34896 1.05898</i>
                    </KeyFrames>
                </p>
            </i>
            <i>
                <p>
                    <Name><![CDATA[spine2]]></Name>
                    <Exclude>0</Exclude>
                    <Additive>0</Additive>
                    <IKPriority>0</IKPriority>
                    <IKRotLimits>-1e+010 -1e+010 -1e+010 1e+010 1e+010 1e+010</IKRotLimits>
                    <IKRotLimitOrder>0</IKRotLimitOrder>
                    <KeyFrames count="60">
                        <i>-0.0645612 0.974101 0.216699 -0.992318 -0.0397037 -0.117166 -0.105528 -0.222599 0.969182 2.25637 2.5064 1.06763</i>
                        <i>-0.0637691 0.978064 0.198305 -0.985962 -0.0310198 -0.164063 -0.154313 -0.205983 0.966312 2.26565 2.50976 1.05664</i>
                        <i>-0.0621334 0.985126 0.160208 -0.962122 -0.0164279 -0.272123 -0.265444 -0.171048 0.948832 2.28674 2.51506 1.03357</i>
                        <i>-0.0608578 0.990121 0.126321 -0.920469 -0.00672323 -0.390759 -0.386049 -0.140055 0.911784 2.30763 2.51569 1.01199</i>
                        <i>-0.0590218 0.993098 0.101354 -0.862846 0.000306183 -0.505466 -0.502008 -0.117286 0.856873 2.32355 2.50864 0.993303</i>
                        <i>-0.0525274 0.995446 0.0795553 -0.786752 0.00781263 -0.617219 -0.61503 -0.0950112 0.782759 2.33802 2.49774 0.973928</i>
                        <i>-0.0423644 0.99703 0.0643111 -0.709547 0.0152925 -0.704492 -0.703383 -0.0754772 0.706792 2.3491 2.48749 0.957467</i>
                        <i>-0.0338229 0.997855 0.0560439 -0.65798 0.0199763 -0.75277 -0.752275 -0.0623367 0.655893 2.35547 2.48241 0.947844</i>
                        <i>-0.0334886 0.997877 0.0558608 -0.659398 0.019941 -0.75153 -0.751048 -0.0620021 0.65733 2.35533 2.48291 0.947904</i>
                        <i>-0.0325514 0.997938 0.0553102 -0.662932 0.0198566 -0.748416 -0.747972 -0.0610289 0.660919 2.35498 2.4843 0.948066</i>
                        <i>-0.0311096 0.998035 0.0543901 -0.667502 0.0197582 -0.744346 -0.743958 -0.0594618 0.665576 2.35449 2.48639 0.948302</i>
                        <i>-0.029263 0.99816 0.0531014 -0.672044 0.0196785 -0.74025 -0.739933 -0.0573484 0.670232 2.35394 2.48901 0.948586</i>
                        <i>-0.0271145 0.998307 0.0514499 -0.675517 0.0196398 -0.737083 -0.736845 -0.054741 0.673841 2.35343 2.49196 0.94889</i>
                        <i>-0.0247697 0.99847 0.0494459 -0.6769 0.0196464 -0.735813 -0.735658 -0.0516958 0.675377 2.35303 2.49506 0.949188</i>
                        <i>-0.0223348 0.99864 0.0471003 -0.675167 0.0196789 -0.737403 -0.737327 -0.0482703 0.673809 2.35283 2.49813 0.94945</i>
                        <i>-0.019913 0.998815 0.0444178 -0.669256 0.0196887 -0.742771 -0.742765 -0.0445177 0.668071 2.35292 2.501 0.949651</i>
                        <i>-0.0175992 0.998988 0.0413883 -0.658024 0.0195939 -0.752742 -0.752792 -0.0404822 0.657013 2.35337 2.50347 0.949762</i>
                        <i>-0.0154106 0.999179 0.0374745 -0.639865 0.0189448 -0.768254 -0.768333 -0.0358179 0.639048 2.35428 2.50563 0.949811</i>
                        <i>-0.0132384 0.999389 0.0323368 -0.614786 0.0173695 -0.788503 -0.788583 -0.0303188 0.61418 2.35561 2.50768 0.949843</i>
                        <i>-0.010973 0.999595 0.0262539 -0.584009 0.0149056 -0.81161 -0.811673 -0.0242383 0.583609 2.35724 2.50968 0.94985</i>
                        <i>-0.00849803 0.999773 0.01954 -0.548895 0.0116699 -0.83581 -0.835848 -0.0178281 0.548671 2.35905 2.51163 0.949827</i>
                        <i>-0.00569446 0.999905 0.0125638 -0.510992 0.00789015 -0.859549 -0.859566 -0.0113147 0.510899 2.36092 2.51358 0.949762</i>
                        <i>-0.00244862 0.99998 0.00575755 -0.472048 0.00391985 -0.881564 -0.881569 -0.00487645 0.472029 2.36272 2.51556 0.949645</i>
                        <i>0.00133888 0.999999 -0.000384851 -0.433986 0.000234334 -0.90092 -0.900919 0.00137325 0.433986 2.36435 2.5176 0.94946</i>
                        <i>0.00574426 0.999969 -0.00531833 -0.398865 -0.00258583 -0.917006 -0.916992 0.00738882 0.398838 2.36569 2.51975 0.949191</i>
                        <i>0.0108151 0.999906 -0.0084669 -0.368825 -0.00388139 -0.929491 -0.929436 0.0131754 0.368748 2.36663 2.52203 0.948822</i>
                        <i>0.0189996 0.999819 -0.000336354 -0.367139 0.00666382 -0.930142 -0.929972 0.0177958 0.367199 2.36557 2.52463 0.947771</i>
                        <i>0.0341903 0.999305 0.0148567 -0.364208 0.0263014 -0.930946 -0.93069 0.0264184 0.364854 2.36361 2.52951 0.945808</i>
                        <i>0.0423632 0.998836 0.0230808 -0.362739 0.0369017 -0.93116 -0.930927 0.0310746 0.36388 2.36256 2.53216 0.944746</i>
                        <i>0.0400512 0.99916 0.00865891 -0.364824 0.0226904 -0.9308 -0.930215 0.0341207 0.365426 2.36287 2.52609 0.946618</i>
                        <i>0.0345711 0.999296 -0.0145948 -0.36822 -0.000840215 -0.929738 -0.929096 0.0375161 0.367931 2.36358 2.51672 0.949625</i>
                        <i>0.0265358 0.998856 -0.0397863 -0.371964 -0.0270764 -0.927852 -0.927868 0.0394204 0.37082 2.36459 2.50653 0.952872</i>
                        <i>0.0166898 0.998049 -0.0601569 -0.37519 -0.0495174 -0.925624 -0.926798 0.0380187 0.373632 2.36581 2.49796 0.955495</i>
                        <i>0.00590042 0.997585 -0.0692095 -0.377058 -0.0618826 -0.92412 -0.926171 0.0315487 0.375783 2.36716 2.49343 0.956661</i>
                        <i>-0.00687585 0.997776 -0.0663 -0.377586 -0.0639839 -0.923761 -0.925949 0.0186824 0.377186 2.3688 2.49298 0.956289</i>
                        <i>-0.022341 0.998147 -0.0565968 -0.377541 -0.0608424 -0.923992 -0.925723 0.000724687 0.378201 2.37079 2.49462 0.955046</i>
                        <i>-0.0390843 0.998333 -0.0424666 -0.377121 -0.0540936 -0.924583 -0.925339 -0.0201216 0.378607 2.37297 2.49769 0.953236</i>
                        <i>-0.0556093 0.998104 -0.0263922 -0.376505 -0.045444 -0.925299 -0.924744 -0.0415185 0.378318 2.37512 2.50155 0.951174</i>
                        <i>-0.0703816 0.99746 -0.010935 -0.375867 -0.0366725 -0.925948 -0.923997 -0.0610596 0.377494 2.37706 2.50557 0.949183</i>
                        <i>-0.081919 0.996638 0.00136822 -0.375385 -0.0295831 -0.926397 -0.923242 -0.0764031 0.376546 2.37858 2.5091 0.947592</i>
                        <i>-0.0888331 0.996014 0.00806529 -0.37524 -0.0259643 -0.926564 -0.922661 -0.085336 0.376051 2.37948 2.51151 0.946723</i>
                        <i>-0.0859939 0.996282 0.00528828 -0.37537 -0.0274823 -0.926467 -0.922877 -0.0816556 0.376338 2.37928 2.5135 0.947097</i>
                        <i>-0.0735385 0.997276 -0.00569026 -0.375548 -0.0329775 -0.926216 -0.923881 -0.0659756 0.37695 2.37798 2.51557 0.948544</i>
                        <i>-0.0581001 0.998121 -0.0194525 -0.375741 -0.0399159 -0.925865 -0.924902 -0.0464837 0.377354 2.37621 2.51676 0.95034</i>
                        <i>-0.0464343 0.998458 -0.030414 -0.375899 -0.0456742 -0.925534 -0.925496 -0.0315439 0.377441 2.37457 2.51616 0.951748</i>
                        <i>-0.0451929 0.998431 -0.0330584 -0.375945 -0.0476576 -0.925416 -0.925539 -0.0293941 0.377509 2.37367 2.51283 0.95204</i>
                        <i>-0.0614348 0.99775 -0.0268639 -0.368935 -0.0477087 -0.92823 -0.927423 -0.0471146 0.371035 2.37337 2.50022 0.950748</i>
                        <i>-0.0859579 0.996126 -0.0185502 -0.351373 -0.0477329 -0.935018 -0.932281 -0.0738541 0.354115 2.37356 2.48192 0.948589</i>
                        <i>-0.100757 0.994823 -0.0132702 -0.32833 -0.0458387 -0.94345 -0.939174 -0.0907023 0.331249 2.37489 2.47229 0.946688</i>
                        <i>-0.102096 0.994712 -0.0111421 -0.304898 -0.0419519 -0.95146 -0.946897 -0.0937429 0.307569 2.37808 2.47434 0.944451</i>
                        <i>-0.0995704 0.994995 -0.00841274 -0.286422 -0.0367575 -0.957398 -0.952916 -0.0929189 0.288648 2.38237 2.48032 0.941307</i>
                        <i>-0.0951313 0.995456 -0.00412151 -0.278418 -0.0305818 -0.959973 -0.955737 -0.090176 0.280063 2.38622 2.48853 0.9385</i>
                        <i>-0.0907757 0.995868 0.00243808 -0.28651 -0.0237712 -0.957782 -0.953767 -0.0876419 0.287484 2.38809 2.49732 0.937249</i>
                        <i>-0.0883851 0.996015 0.0119041 -0.316203 -0.0167227 -0.948544 -0.944565 -0.0876013 0.316421 2.38643 2.50507 0.938795</i>
                        <i>-0.0895014 0.995669 0.0251434 -0.372406 -0.0100409 -0.928016 -0.923744 -0.0924223 0.371692 2.3797 2.51015 0.944472</i>
                        <i>-0.0964398 0.993845 0.0545108 -0.516267 -0.00312366 -0.856422 -0.850981 -0.110735 0.51339 2.36013 2.51219 0.960424</i>
                        <i>-0.100156 0.989546 0.103764 -0.728148 -0.00182611 -0.685418 -0.678063 -0.144204 0.720719 2.32775 2.51215 0.988853</i>
                        <i>-0.0910228 0.983247 0.157926 -0.89774 -0.0123791 -0.440352 -0.431019 -0.181859 0.883827 2.29325 2.51034 1.02359</i>
                        <i>-0.0739409 0.976983 0.200092 -0.976349 -0.0300431 -0.214104 -0.203165 -0.211191 0.956098 2.26678 2.50777 1.05433</i>
                        <i>-0.0645612 0.974101 0.216699 -0.992318 -0.0397037 -0.117166 -0.105528 -0.222599 0.969182 2.25637 2.5064 1.06763</i>
                    </KeyFrames>
                </p>
            </i>
            <i>
                <p>
                    <Name><![CDATA[head]]></Name>
                    <Exclude>0</Exclude>
                    <Additive>0</Additive>
                    <IKPriority>0</IKPriority>
                    <IKRotLimits>-1e+010 -1e+010 -1e+010 1e+010 1e+010 1e+010</IKRotLimits>
                    <IKRotLimitOrder>0</IKRotLimitOrder>
                    <KeyFrames count="60">
                        <i>-0.0481747 0.942802 0.329853 0.666308 0.276355 -0.692576 -0.744119 0.186419 -0.64151 2.24419 2.75913 1.11707</i>
                        <i>-0.0332611 0.961992 0.271044 0.44262 0.257327 -0.858994 -0.896092 0.0913983 -0.434356 2.25388 2.76277 1.1039</i>
                        <i>-0.0823066 0.983546 0.160819 0.187569 0.173771 -0.966758 -0.978797 -0.0494058 -0.198786 2.27543 2.76865 1.07579</i>
                        <i>-0.110033 0.976743 0.184024 0.201099 0.203197 -0.958264 -0.973372 -0.0684336 -0.21878 2.29633 2.77005 1.04812</i>
                        <i>-0.135994 0.964907 0.224634 0.252897 0.25304 -0.933817 -0.957888 -0.0701845 -0.278434 2.31268 2.76411 1.02187</i>
                        <i>-0.168691 0.9488 0.26706 0.334109 0.309945 -0.890115 -0.927316 -0.0609272 -0.369288 2.32921 2.75431 0.994205</i>
                        <i>-0.206575 0.930763 0.301673 0.408382 0.362203 -0.837874 -0.889129 -0.0498862 -0.45493 2.34359 2.74479 0.971187</i>
                        <i>-0.233956 0.917219 0.322449 0.446096 0.395952 -0.802633 -0.863865 -0.0439375 -0.501804 2.35258 2.73999 0.958122</i>
                        <i>-0.235721 0.915779 0.325244 0.444863 0.399233 -0.801692 -0.864021 -0.044287 -0.501504 2.35248 2.74047 0.958177</i>
                        <i>-0.240272 0.911978 0.332514 0.44166 0.407746 -0.799175 -0.864411 -0.0451612 -0.500754 2.35221 2.74182 0.958315</i>
                        <i>-0.246484 0.906578 0.342581 0.437228 0.419491 -0.795525 -0.864915 -0.0462985 -0.499779 2.35186 2.74384 0.958494</i>
                        <i>-0.253259 0.900392 0.353771 0.432338 0.432486 -0.791227 -0.865416 -0.0474368 -0.498804 2.35151 2.74638 0.958671</i>
                        <i>-0.259545 0.894331 0.36443 0.427818 0.444791 -0.78685 -0.865799 -0.0483131 -0.498054 2.35124 2.74924 0.958807</i>
                        <i>-0.264344 0.889408 0.372929 0.424559 0.454517 -0.783048 -0.865952 -0.0486638 -0.497754 2.35113 2.75227 0.958861</i>
                        <i>-0.266688 0.886705 0.377666 0.423481 0.459813 -0.780536 -0.865761 -0.0482255 -0.498129 2.35126 2.75528 0.958793</i>
                        <i>-0.265595 0.887296 0.377048 0.425497 0.458827 -0.780019 -0.865108 -0.0467362 -0.499404 2.35172 2.75809 0.958562</i>
                        <i>-0.259998 0.892125 0.369478 0.431437 0.449647 -0.782099 -0.863865 -0.0439375 -0.501804 2.35258 2.76054 0.958122</i>
                        <i>-0.248789 0.902021 0.352793 0.441913 0.429837 -0.787371 -0.861868 -0.0399858 -0.505553 2.35391 2.76269 0.95736</i>
                        <i>-0.232195 0.915893 0.327454 0.456047 0.39987 -0.795063 -0.859131 -0.0352746 -0.510538 2.35566 2.76477 0.956248</i>
                        <i>-0.211076 0.931633 0.295815 0.47232 0.362168 -0.803584 -0.855781 -0.0298978 -0.516474 2.35773 2.76679 0.954862</i>
                        <i>-0.186425 0.947354 0.260321 0.489313 0.319295 -0.811556 -0.85195 -0.023916 -0.523077 2.36004 2.76876 0.953285</i>
                        <i>-0.15942 0.961572 0.223526 0.505822 0.274004 -0.817965 -0.847779 -0.0173357 -0.530066 2.36252 2.77073 0.951614</i>
                        <i>-0.13143 0.973323 0.188065 0.520933 0.229217 -0.822246 -0.843419 -0.0100987 -0.537162 2.36507 2.77272 0.949959</i>
