<?xml version="1.0" encoding="ISO-8859-1" ?>
<Animl Version="1">
    <ModellingPackage><![CDATA[Maya.2010]]></ModellingPackage>
    <SrcFile><![CDATA[anims\turrets\mortar\red\~src\mortar_2s12sani\mortar_2s12sani_aim_random_crewman_b.mb]]></SrcFile>
    <FramesPerSecond>30</FramesPerSecond>
    <TotalFrames>60</TotalFrames>
    <Skeleton>
        <RefFrame>
            <Name><![CDATA[soldier_ref_frame]]></Name>
            <Exclude>0</Exclude>
            <Additive>0</Additive>
            <IKPriority>0</IKPriority>
            <IKRotLimits>-1e+010 -1e+010 -1e+010 1e+010 1e+010 1e+010</IKRotLimits>
            <IKRotLimitOrder>0</IKRotLimitOrder>
            <KeyFrames count="60">
                <i>1 0 0 0 1 0 0 0 1 -1.12 2.66 0.16</i>
                <i>1 0 0 0 1 0 0 0 1 -1.12 2.66 0.16</i>
                <i>1 0 0 0 1 0 0 0 1 -1.12 2.66 0.16</i>
                <i>1 0 0 0 1 0 0 0 1 -1.12 2.66 0.16</i>
                <i>1 0 0 0 1 0 0 0 1 -1.12 2.66 0.16</i>
                <i>1 0 0 0 1 0 0 0 1 -1.12 2.66 0.16</i>
                <i>1 0 0 0 1 0 0 0 1 -1.12 2.66 0.16</i>
                <i>1 0 0 0 1 0 0 0 1 -1.12 2.66 0.16</i>
                <i>1 0 0 0 1 0 0 0 1 -1.12 2.66 0.16</i>
                <i>1 0 0 0 1 0 0 0 1 -1.12 2.66 0.16</i>
                <i>1 0 0 0 1 0 0 0 1 -1.12 2.66 0.16</i>
                <i>1 0 0 0 1 0 0 0 1 -1.12 2.66 0.16</i>
                <i>1 0 0 0 1 0 0 0 1 -1.12 2.66 0.16</i>
                <i>1 0 0 0 1 0 0 0 1 -1.12 2.66 0.16</i>
                <i>1 0 0 0 1 0 0 0 1 -1.12 2.66 0.16</i>
                <i>1 0 0 0 1 0 0 0 1 -1.12 2.66 0.16</i>
                <i>1 0 0 0 1 0 0 0 1 -1.12 2.66 0.16</i>
                <i>1 0 0 0 1 0 0 0 1 -1.12 2.66 0.16</i>
                <i>1 0 0 0 1 0 0 0 1 -1.12 2.66 0.16</i>
                <i>1 0 0 0 1 0 0 0 1 -1.12 2.66 0.16</i>
                <i>1 0 0 0 1 0 0 0 1 -1.12 2.66 0.16</i>
                <i>1 0 0 0 1 0 0 0 1 -1.12 2.66 0.16</i>
                <i>1 0 0 0 1 0 0 0 1 -1.12 2.66 0.16</i>
                <i>1 0 0 0 1 0 0 0 1 -1.12 2.66 0.16</i>
                <i>1 0 0 0 1 0 0 0 1 -1.12 2.66 0.16</i>
                <i>1 0 0 0 1 0 0 0 1 -1.12 2.66 0.16</i>
                <i>1 0 0 0 1 0 0 0 1 -1.12 2.66 0.16</i>
                <i>1 0 0 0 1 0 0 0 1 -1.12 2.66 0.16</i>
                <i>1 0 0 0 1 0 0 0 1 -1.12 2.66 0.16</i>
                <i>1 0 0 0 1 0 0 0 1 -1.12 2.66 0.16</i>
                <i>1 0 0 0 1 0 0 0 1 -1.12 2.66 0.16</i>
                <i>1 0 0 0 1 0 0 0 1 -1.12 2.66 0.16</i>
                <i>1 0 0 0 1 0 0 0 1 -1.12 2.66 0.16</i>
                <i>1 0 0 0 1 0 0 0 1 -1.12 2.66 0.16</i>
                <i>1 0 0 0 1 0 0 0 1 -1.12 2.66 0.16</i>
                <i>1 0 0 0 1 0 0 0 1 -1.12 2.66 0.16</i>
                <i>1 0 0 0 1 0 0 0 1 -1.12 2.66 0.16</i>
                <i>1 0 0 0 1 0 0 0 1 -1.12 2.66 0.16</i>
                <i>1 0 0 0 1 0 0 0 1 -1.12 2.66 0.16</i>
                <i>1 0 0 0 1 0 0 0 1 -1.12 2.66 0.16</i>
                <i>1 0 0 0 1 0 0 0 1 -1.12 2.66 0.16</i>
                <i>1 0 0 0 1 0 0 0 1 -1.12 2.66 0.16</i>
                <i>1 0 0 0 1 0 0 0 1 -1.12 2.66 0.16</i>
                <i>1 0 0 0 1 0 0 0 1 -1.12 2.66 0.16</i>
                <i>1 0 0 0 1 0 0 0 1 -1.12 2.66 0.16</i>
                <i>1 0 0 0 1 0 0 0 1 -1.12 2.66 0.16</i>
                <i>1 0 0 0 1 0 0 0 1 -1.12 2.66 0.16</i>
                <i>1 0 0 0 1 0 0 0 1 -1.12 2.66 0.16</i>
                <i>1 0 0 0 1 0 0 0 1 -1.12 2.66 0.16</i>
                <i>1 0 0 0 1 0 0 0 1 -1.12 2.66 0.16</i>
                <i>1 0 0 0 1 0 0 0 1 -1.12 2.66 0.16</i>
                <i>1 0 0 0 1 0 0 0 1 -1.12 2.66 0.16</i>
                <i>1 0 0 0 1 0 0 0 1 -1.12 2.66 0.16</i>
                <i>1 0 0 0 1 0 0 0 1 -1.12 2.66 0.16</i>
                <i>1 0 0 0 1 0 0 0 1 -1.12 2.66 0.16</i>
                <i>1 0 0 0 1 0 0 0 1 -1.12 2.66 0.16</i>
                <i>1 0 0 0 1 0 0 0 1 -1.12 2.66 0.16</i>
                <i>1 0 0 0 1 0 0 0 1 -1.12 2.66 0.16</i>
                <i>1 0 0 0 1 0 0 0 1 -1.12 2.66 0.16</i>
                <i>1 0 0 0 1 0 0 0 1 -1.12 2.66 0.16</i>
            </KeyFrames>
        </RefFrame>
        <Bones count="23">
            <i>
                <p>
                    <Name><![CDATA[pelvis]]></Name>
                    <Exclude>0</Exclude>
                    <Additive>0</Additive>
                    <IKPriority>0</IKPriority>
                    <IKRotLimits>-1e+010 -1e+010 -1e+010 1e+010 1e+010 1e+010</IKRotLimits>
                    <IKRotLimitOrder>2</IKRotLimitOrder>
                    <KeyFrames count="60">
                        <i>1 0 0 0 1 0 0 0 1 -1.20502 3.66963 0.159531</i>
                        <i>1 0 0 0 1 0 0 0 1 -1.20502 3.66406 0.159531</i>
                        <i>1 0 0 0 1 0 0 0 1 -1.20502 3.65313 0.159531</i>
                        <i>1 0 0 0 1 0 0 0 1 -1.20502 3.64554 0.159531</i>
                        <i>1 0 0 0 1 0 0 0 1 -1.20502 3.65 0.159531</i>
                        <i>1 0 0 0 1 0 0 0 1 -1.20502 3.67208 0.159531</i>
                        <i>1 0 0 0 1 0 0 0 1 -1.20502 3.70579 0.159531</i>
                        <i>1 0 0 0 1 0 0 0 1 -1.20502 3.74246 0.159531</i>
                        <i>1 0 0 0 1 0 0 0 1 -1.20502 3.77342 0.159531</i>
                        <i>1 0 0 0 1 0 0 0 1 -1.20502 3.79 0.159531</i>
                        <i>1 0 0 0 1 0 0 0 1 -1.20502 3.78987 0.159531</i>
                        <i>1 0 0 0 1 0 0 0 1 -1.20502 3.78951 0.159531</i>
                        <i>1 0 0 0 1 0 0 0 1 -1.20502 3.78896 0.159531</i>
                        <i>1 0 0 0 1 0 0 0 1 -1.20502 3.78825 0.159531</i>
                        <i>1 0 0 0 1 0 0 0 1 -1.20502 3.78741 0.159531</i>
                        <i>1 0 0 0 1 0 0 0 1 -1.20502 3.78648 0.159531</i>
                        <i>1 0 0 0 1 0 0 0 1 -1.20502 3.7855 0.159531</i>
                        <i>1 0 0 0 1 0 0 0 1 -1.20502 3.7845 0.159531</i>
                        <i>1 0 0 0 1 0 0 0 1 -1.20502 3.78352 0.159531</i>
                        <i>1 0 0 0 1 0 0 0 1 -1.20502 3.78259 0.159531</i>
                        <i>1 0 0 0 1 0 0 0 1 -1.20502 3.78175 0.159531</i>
                        <i>1 0 0 0 1 0 0 0 1 -1.20502 3.78104 0.159531</i>
                        <i>1 0 0 0 1 0 0 0 1 -1.20502 3.78049 0.159531</i>
                        <i>1 0 0 0 1 0 0 0 1 -1.20502 3.78013 0.159531</i>
                        <i>1 0 0 0 1 0 0 0 1 -1.20502 3.78 0.159531</i>
                        <i>1 0 0 0 1 0 0 0 1 -1.20502 3.7768 0.168149</i>
                        <i>1 0 0 0 1 0 0 0 1 -1.20502 3.7714 0.181214</i>
                        <i>1 0 0 0 1 0 0 0 1 -1.20502 3.7656 0.197592</i>
                        <i>1 0 0 0 1 0 0 0 1 -1.20502 3.7612 0.216153</i>
                        <i>1 0 0 0 1 0 0 0 1 -1.20502 3.76 0.235765</i>
                        <i>1 0 0 0 1 0 0 0 1 -1.20502 3.7636 0.255298</i>
                        <i>1 0 0 0 1 0 0 0 1 -1.20502 3.7708 0.273619</i>
                        <i>1 0 0 0 1 0 0 0 1 -1.20502 3.7792 0.289597</i>
                        <i>1 0 0 0 1 0 0 0 1 -1.20502 3.7864 0.302101</i>
                        <i>1 0 0 0 1 0 0 0 1 -1.20502 3.79 0.31</i>
                        <i>1 0 0 0 1 0 0 0 1 -1.20502 3.78987 0.309745</i>
                        <i>1 0 0 0 1 0 0 0 1 -1.20502 3.78951 0.309028</i>
                        <i>1 0 0 0 1 0 0 0 1 -1.20502 3.78896 0.30792</i>
                        <i>1 0 0 0 1 0 0 0 1 -1.20502 3.78825 0.306492</i>
                        <i>1 0 0 0 1 0 0 0 1 -1.20502 3.78741 0.304815</i>
                        <i>1 0 0 0 1 0 0 0 1 -1.20502 3.78648 0.30296</i>
                        <i>1 0 0 0 1 0 0 0 1 -1.20502 3.7855 0.300999</i>
                        <i>1 0 0 0 1 0 0 0 1 -1.20502 3.7845 0.299001</i>
                        <i>1 0 0 0 1 0 0 0 1 -1.20502 3.78352 0.29704</i>
                        <i>1 0 0 0 1 0 0 0 1 -1.20502 3.78259 0.295185</i>
                        <i>1 0 0 0 1 0 0 0 1 -1.20502 3.78175 0.293508</i>
                        <i>1 0 0 0 1 0 0 0 1 -1.20502 3.78104 0.29208</i>
                        <i>1 0 0 0 1 0 0 0 1 -1.20502 3.78049 0.290972</i>
                        <i>1 0 0 0 1 0 0 0 1 -1.20502 3.78013 0.290255</i>
                        <i>1 0 0 0 1 0 0 0 1 -1.20502 3.78 0.29</i>
                        <i>1 0 0 0 1 0 0 0 1 -1.20502 3.77601 0.281472</i>
                        <i>1 0 0 0 1 0 0 0 1 -1.20502 3.76942 0.268727</i>
                        <i>1 0 0 0 1 0 0 0 1 -1.20502 3.76083 0.252971</i>
                        <i>1 0 0 0 1 0 0 0 1 -1.20502 3.75082 0.235408</i>
                        <i>1 0 0 0 1 0 0 0 1 -1.20502 3.74 0.217242</i>
                        <i>1 0 0 0 1 0 0 0 1 -1.20502 3.72562 0.199678</i>
                        <i>1 0 0 0 1 0 0 0 1 -1.20502 3.70728 0.18392</i>
                        <i>1 0 0 0 1 0 0 0 1 -1.20502 3.6891 0.171173</i>
                        <i>1 0 0 0 1 0 0 0 1 -1.20502 3.67518 0.162642</i>
                        <i>1 0 0 0 1 0 0 0 1 -1.20502 3.66963 0.159531</i>
                    </KeyFrames>
                </p>
            </i>
            <i>
                <p>
                    <Name><![CDATA[spine0]]></Name>
                    <Exclude>0</Exclude>
                    <Additive>0</Additive>
                    <IKPriority>0</IKPriority>
                    <IKRotLimits>-1e+010 -1e+010 -1e+010 1e+010 1e+010 1e+010</IKRotLimits>
                    <IKRotLimitOrder>0</IKRotLimitOrder>
                    <KeyFrames count="60">
                        <i>0.0337355 0.998007 0.0533374 -0.915866 0.00950804 0.401371 0.400064 -0.0623904 0.914361 -1.22115 3.80614 0.117105</i>
                        <i>0.0333967 0.998149 0.0508284 -0.906649 0.00885634 0.421793 0.420562 -0.06017 0.905266 -1.2232 3.79973 0.115263</i>
                        <i>0.0316335 0.998542 0.0437342 -0.879463 0.00701699 0.475916 0.474915 -0.0535175 0.878403 -1.22857 3.78677 0.111756</i>
                        <i>0.0263528 0.999126 0.0324451 -0.833827 0.00406717 0.552011 0.551396 -0.0416007 0.833205 -1.23595 3.77688 0.109626</i>
                        <i>0.0139308 0.999755 0.0171748 -0.77017 -0.000225783 0.637839 0.637686 -0.0221131 0.769979 -1.24314 3.78007 0.111321</i>
                        <i>-0.00778021 0.999968 0.00192603 -0.691819 -0.00677339 0.722039 0.722029 0.00428515 0.69185 -1.24772 3.80281 0.117297</i>
                        <i>-0.0346953 0.999377 -0.00648752 -0.6057 -0.0158638 0.795535 0.794936 0.0315308 0.605873 -1.24926 3.83832 0.125263</i>
                        <i>-0.0610894 0.998112 -0.00638944 -0.521926 -0.0264866 0.85258 0.850801 0.0554184 0.522558 -1.24838 3.87705 0.133021</i>
                        <i>-0.0825116 0.99659 -0.00106558 -0.452169 -0.036484 0.891186 0.888108 0.074015 0.453637 -1.24656 3.90961 0.138962</i>
                        <i>-0.0951723 0.995453 0.00383112 -0.40789 -0.0425072 0.912041 0.908057 0.0852384 0.410081 -1.24574 3.92687 0.142095</i>
                        <i>-0.0949627 0.995474 0.00382067 -0.407866 -0.0424087 0.912056 0.90809 0.085053 0.410047 -1.24582 3.92672 0.142058</i>
                        <i>-0.0943739 0.99553 0.00379107 -0.407801 -0.0421319 0.912098 0.908181 0.0845322 0.409954 -1.24606 3.92627 0.141953</i>
                        <i>-0.0934667 0.995615 0.0037448 -0.407701 -0.0417052 0.912162 0.908319 0.08373 0.409812 -1.24642 3.92559 0.141791</i>
                        <i>-0.0923024 0.995724 0.00368429 -0.407577 -0.0411573 0.912243 0.908494 0.0827006 0.409633 -1.24688 3.92471 0.141584</i>
                        <i>-0.0909419 0.99585 0.00361209 -0.407435 -0.0405165 0.912335 0.908695 0.0814978 0.409428 -1.24743 3.92367 0.14134</i>
                        <i>-0.0894448 0.995986 0.00353098 -0.407284 -0.039811 0.912434 0.908911 0.0801744 0.409209 -1.24803 3.92252 0.141071</i>
                        <i>-0.0878698 0.996126 0.003444 -0.40713 -0.0390686 0.912534 0.909134 0.0787821 0.408986 -1.24866 3.92129 0.140786</i>
                        <i>-0.086274 0.996266 0.00335443 -0.406981 -0.0383163 0.912633 0.909353 0.0773713 0.408767 -1.24931 3.92005 0.140498</i>
                        <i>-0.0847135 0.9964 0.00326571 -0.406841 -0.0375809 0.912726 0.909563 0.0759915 0.40856 -1.24994 3.91882 0.140214</i>
                        <i>-0.0832433 0.996524 0.00318135 -0.406714 -0.0368884 0.91281 0.909755 0.0746914 0.408371 -1.25054 3.91765 0.139947</i>
                        <i>-0.0819181 0.996634 0.00310488 -0.406605 -0.0362647 0.912884 0.909924 0.0735192 0.408207 -1.25107 3.9166 0.139706</i>
                        <i>-0.0807922 0.996726 0.00303972 -0.406516 -0.0357354 0.912945 0.910065 0.0725231 0.408072 -1.25153 3.91569 0.1395</i>
                        <i>-0.0799201 0.996797 0.0029892 -0.406449 -0.0353257 0.912991 0.910172 0.0717513 0.40797 -1.25189 3.91499 0.139341</i>
                        <i>-0.0793564 0.996842 0.00295656 -0.406406 -0.035061 0.91302 0.91024 0.0712523 0.407905 -1.25212 3.91454 0.139238</i>
                        <i>-0.0791561 0.996858 0.00294497 -0.406392 -0.0349671 0.91303 0.910264 0.0710751 0.407882 -1.2522 3.91438 0.139202</i>
                        <i>-0.0679966 0.997682 0.00273643 -0.427808 -0.0316347 0.903316 0.901308 0.0602517 0.428967 -1.25338 3.91058 0.146678</i>
                        <i>-0.0487016 0.998791 0.00666427 -0.459762 -0.0283405 0.88759 0.886706 0.040163 0.460586 -1.25532 3.90417 0.158011</i>
                        <i>-0.0309992 0.999409 0.0148778 -0.499192 -0.0283759 0.866027 0.865937 0.0194193 0.499777 -1.25708 3.89726 0.172078</i>
                        <i>-0.0232968 0.9995 0.0213676 -0.542837 -0.0305951 0.839281 0.839515 0.00795345 0.543278 -1.25775 3.89204 0.187935</i>
                        <i>-0.0238437 0.999485 0.0214936 -0.587689 -0.0314059 0.808477 0.808735 0.00664551 0.588135 -1.25648 3.89074 0.204863</i>
                        <i>-0.0235703 0.999555 0.0182878 -0.631007 -0.0290632 0.775233 0.775419 0.00673271 0.631411 -1.25253 3.89534 0.222393</i>
                        <i>-0.0203665 0.999708 0.0130122 -0.670618 -0.0233127 0.741436 0.741523 0.00637426 0.670897 -1.24662 3.90429 0.23977</i>
                        <i>-0.014637 0.999866 0.00730073 -0.704555 -0.0154944 0.70948 0.709499 0.00524093 0.704687 -1.24025 3.91451 0.255729</i>
                        <i>-0.00836956 0.999961 0.00275225 -0.730854 -0.00799561 0.682487 0.682483 0.00370063 0.730892 -1.23491 3.92309 0.268646</i>
                        <i>-0.00450983 0.99999 0.00064063 -0.747654 -0.00379726 0.664077 0.664073 0.00251591 0.747664 -1.23203 3.92731 0.276651</i>
                        <i>-0.00462013 0.999989 0.000687045 -0.747648 -0.00391053 0.664084 0.664079 0.00255448 0.747658 -1.2321 3.92715 0.276322</i>
                        <i>-0.00493058 0.999987 0.000817648 -0.747629 -0.0042293 0.664103 0.664098 0.00266312 0.747641 -1.23229 3.92671 0.275396</i>
                        <i>-0.00541061 0.999985 0.00101949 -0.747598 -0.00472211 0.664134 0.664129 0.0028312 0.747613 -1.23258 3.92601 0.273965</i>
                        <i>-0.00602962 0.999981 0.00127967 -0.747555 -0.0053575 0.664178 0.664172 0.00304811 0.747574 -1.23295 3.92512 0.272121</i>
                        <i>-0.00675694 0.999976 0.00158539 -0.7475 -0.00610403 0.664233 0.664227 0.00330311 0.747524 -1.23339 3.92407 0.269957</i>
                        <i>-0.00756178 0.99997 0.00192389 -0.747433 -0.00693018 0.664301 0.664294 0.00358531 0.747463 -1.23387 3.9229 0.267564</i>
                        <i>-0.00841321 0.999962 0.0022825 -0.747356 -0.0078044 0.664379 0.664371 0.00388372 0.747393 -1.23438 3.92166 0.265035</i>
                        <i>-0.00928021 0.999953 0.00264849 -0.747269 -0.00869505 0.664465 0.664457 0.00418724 0.747315 -1.2349 3.9204 0.262461</i>
                        <i>-0.0101317 0.999944 0.00300903 -0.747177 -0.0095704 0.664556 0.664548 0.00448482 0.747232 -1.23541 3.91915 0.259934</i>
                        <i>-0.0109367 0.999935 0.00335113 -0.747083 -0.0103986 0.664649 0.66464 0.0047655 0.747148 -1.23589 3.91797 0.257545</i>
                        <i>-0.0116642 0.999925 0.00366156 -0.746993 -0.0111479 0.664738 0.664729 0.00501851 0.747068 -1.23632 3.9169 0.255386</i>
                        <i>-0.0122835 0.999917 0.00392684 -0.746913 -0.0117863 0.664818 0.664809 0.00523327 0.746995 -1.23669 3.91598 0.253549</i>
                        <i>-0.0127637 0.99991 0.00413333 -0.746847 -0.0122818 0.664882 0.664873 0.00539941 0.746937 -1.23697 3.91527 0.252123</i>
                        <i>-0.0130743 0.999905 0.00426726 -0.746804 -0.0126026 0.664925 0.664916 0.00550665 0.746898 -1.23716 3.91481 0.251201</i>
                        <i>-0.0131847 0.999904 0.00431492 -0.746788 -0.0127166 0.664941 0.664931 0.00554471 0.746884 -1.23722 3.91464 0.250874</i>
                        <i>-0.00458314 0.99995 0.00888459 -0.759023 -0.00926302 0.650998 0.651048 -0.00375999 0.759028 -1.23483 3.9116 0.24375</i>
                        <i>0.00868216 0.99981 0.0174822 -0.777514 -0.00424399 0.628852 0.628806 -0.0190524 0.777329 -1.23073 3.90667 0.234117</i>
                        <i>0.0229588 0.999328 0.0285603 -0.799745 0.00121619 0.600339 0.599901 -0.036624 0.799236 -1.22608 3.89978 0.222221</i>
                        <i>0.0350928 0.998573 0.0402453 -0.823603 0.00608676 0.567134 0.56608 -0.0530485 0.822641 -1.22193 3.89106 0.208124</i>
                        <i>0.0428669 0.997819 0.0501925 -0.847394 0.00970034 0.530875 0.529231 -0.0652898 0.845962 -1.2191 3.88087 0.19166</i>
                        <i>0.0449487 0.997435 0.0556967 -0.869597 0.0116238 0.493625 0.491712 -0.0706215 0.867889 -1.21823 3.86629 0.172619</i>
                        <i>0.0426989 0.997461 0.0569976 -0.888632 0.0118421 0.458468 0.456629 -0.0702259 0.886881 -1.21881 3.84705 0.152766</i>
                        <i>0.0387186 0.997684 0.0559166 -0.903242 0.0110101 0.428991 0.427382 -0.0671162 0.901577 -1.21985 3.82753 0.134926</i>
                        <i>0.0351961 0.997909 0.0542146 -0.912562 0.00997563 0.408817 0.407422 -0.063863 0.911005 -1.22077 3.8123 0.12205</i>
                        <i>0.0337355 0.998007 0.0533374 -0.915866 0.00950804 0.401371 0.400064 -0.0623904 0.914361 -1.22115 3.80614 0.117105</i>
                    </KeyFrames>
                </p>
            </i>
            <i>
                <p>
                    <Name><![CDATA[spine1]]></Name>
                    <Exclude>0</Exclude>
                    <Additive>0</Additive>
                    <IKPriority>0</IKPriority>
                    <IKRotLimits>-1e+010 -1e+010 -1e+010 1e+010 1e+010 1e+010</IKRotLimits>
                    <IKRotLimitOrder>0</IKRotLimitOrder>
                    <KeyFrames count="60">
                        <i>0.121881 0.960747 0.249218 -0.8976 -0.000476202 0.44081 0.423625 -0.277425 0.862309 -1.21527 3.98046 0.126403</i>
                        <i>0.135329 0.954986 0.263983 -0.886826 -0.0020663 0.4621 0.441844 -0.296642 0.846627 -1.21734 3.97493 0.124163</i>
                        <i>0.167468 0.943161 0.287056 -0.85485 -0.00612426 0.518839 0.491107 -0.332279 0.805236 -1.22297 3.964 0.119487</i>
                        <i>0.20274 0.935555 0.289195 -0.800688 -0.0116368 0.598969 0.563733 -0.35299 0.746728 -1.23125 3.95601 0.115403</i>
                        <i>0.215601 0.94374 0.250742 -0.724127 -0.0177475 0.689439 0.655101 -0.330212 0.679561 -1.24067 3.95935 0.114364</i>
                        <i>0.178429 0.968316 0.17472 -0.626278 -0.0251921 0.779193 0.758906 -0.248454 0.60194 -1.24912 3.97975 0.117615</i>
                        <i>0.0906747 0.991413 0.0942215 -0.514261 -0.0344075 0.856943 0.852827 -0.126157 0.506725 -1.2553 4.012 0.124128</i>
                        <i>-0.0263792 0.998984 0.036545 -0.40285 -0.0440812 0.914204 0.914886 0.00939381 0.403603 -1.25885 4.04812 0.131927</i>
                        <i>-0.134807 0.990812 0.0108592 -0.309573 -0.0525251 0.949424 0.941271 0.124627 0.31381 -1.26061 4.0794 0.138784</i>
                        <i>-0.194958 0.980783 0.00751766 -0.25191 -0.0574787 0.966042 0.94791 0.186444 0.258275 -1.26193 4.09632 0.14275</i>
                        <i>-0.19391 0.980988 0.00782522 -0.251893 -0.0574971 0.966046 0.948129 0.185354 0.258253 -1.26198 4.09617 0.142711</i>
                        <i>-0.190959 0.98156 0.00869052 -0.251845 -0.0575487 0.966055 0.948741 0.182288 0.25819 -1.26212 4.09574 0.142602</i>
                        <i>-0.186395 0.982424 0.0100273 -0.25177 -0.0576287 0.96607 0.949668 0.177546 0.258086 -1.26232 4.09508 0.142432</i>
                        <i>-0.180508 0.983503 0.0117492 -0.251672 -0.057732 0.966089 0.95083 0.17143 0.257941 -1.26259 4.09424 0.142214</i>
                        <i>-0.173587 0.984722 0.0137695 -0.251555 -0.0578535 0.966112 0.952149 0.164241 0.257755 -1.26291 4.09324 0.141958</i>
                        <i>-0.165924 0.986009 0.0160016 -0.251424 -0.0579885 0.966138 0.953549 0.156282 0.257528 -1.26325 4.09214 0.141675</i>
                        <i>-0.157812 0.987298 0.018359 -0.251284 -0.0581319 0.966166 0.954962 0.14786 0.257266 -1.26362 4.09099 0.141376</i>
                        <i>-0.149547 0.988537 0.0207554 -0.251138 -0.0582787 0.966195 0.956329 0.139279 0.256974 -1.264 4.08981 0.141072</i>
                        <i>-0.141424 0.989679 0.0231051 -0.250992 -0.0584238 0.966225 0.957602 0.130848 0.256664 -1.26437 4.08865 0.140774</i>
                        <i>-0.133739 0.990693 0.0253229 -0.250851 -0.058562 0.966253 0.958743 0.122874 0.256349 -1.26472 4.08756 0.140492</i>
                        <i>-0.12679 0.991553 0.0273243 -0.250723 -0.0586878 0.966278 0.95972 0.115664 0.256046 -1.26504 4.08658 0.140237</i>
                        <i>-0.120872 0.992244 0.0290257 -0.250611 -0.0587956 0.966301 0.960512 0.109525 0.255774 -1.26531 4.08574 0.140021</i>
                        <i>-0.116281 0.992753 0.0303439 -0.250524 -0.0588797 0.966318 0.961102 0.104762 0.255555 -1.26552 4.0851 0.139854</i>
                        <i>-0.11331 0.99307 0.0311958 -0.250467 -0.0589343 0.96633 0.961471 0.101681 0.255409 -1.26566 4.08468 0.139745</i>
                        <i>-0.112254 0.99318 0.0314984 -0.250447 -0.0589538 0.966334 0.9616 0.100587 0.255357 -1.2657 4.08453 0.139707</i>
                        <i>-0.069094 0.99699 0.0351819 -0.299923 -0.0543942 0.952411 0.951458 0.0552541 0.302778 -1.265 4.08107 0.147147</i>
                        <i>0.0042521 0.998665 0.0514708 -0.379252 -0.0460154 0.924148 0.925284 -0.02345 0.37855 -1.26367 4.07541 0.159154</i>
                        <i>0.0723045 0.9941 0.0808539 -0.473474 -0.0371382 0.880024 0.877835 -0.101912 0.467996 -1.26243 4.06947 0.174639</i>
                        <i>0.105195 0.988629 0.107458 -0.568387 -0.0288948 0.822254 0.816009 -0.147575 0.558884 -1.26178 4.06497 0.191627</i>
                        <i>0.100576 0.987925 0.117847 -0.6598 -0.0224269 0.751107 0.74468 -0.153299 0.649577 -1.26062 4.06375 0.208578</i>
                        <i>0.0728926 0.990788 0.114129 -0.745304 -0.0219266 0.666365 0.662729 -0.133634 0.73684 -1.2566 4.06773 0.225543</i>
                        <i>0.0331243 0.994884 0.0954396 -0.817537 -0.0279592 0.575196 0.574922 -0.0970784 0.812429 -1.25011 4.0757 0.242002</i>
                        <i>-0.00599623 0.997736 0.0669862 -0.872632 -0.0379341 0.486903 0.488341 -0.0555347 0.870884 -1.24275 4.08503 0.256978</i>
                        <i>-0.0350821 0.998631 0.0387962 -0.909699 -0.0479828 0.412487 0.413784 -0.020822 0.910137 -1.23633 4.09305 0.269121</i>
                        <i>-0.0481918 0.998568 0.0232055 -0.92995 -0.0533344 0.363797 0.364514 -0.00404793 0.931189 -1.23279 4.09707 0.276768</i>
                        <i>-0.047835 0.998575 0.023672 -0.929945 -0.0531724 0.363835 0.364575 -0.00460961 0.931163 -1.23288 4.09693 0.276446</i>
                        <i>-0.0468314 0.99859 0.0249839 -0.929929 -0.0527169 0.36394 0.364744 -0.00618944 0.931087 -1.23312 4.09651 0.275542</i>
                        <i>-0.0452816 0.998609 0.0270091 -0.929907 -0.052014 0.364099 0.364998 -0.00862893 0.930968 -1.23349 4.09587 0.274145</i>
                        <i>-0.0432862 0.998624 0.0296146 -0.929879 -0.0511098 0.364297 0.36531 -0.011769 0.930812 -1.23397 4.09503 0.272346</i>
                        <i>-0.0409463 0.998627 0.0326677 -0.92985 -0.0500506 0.36452 0.365655 -0.0154503 0.930622 -1.23453 4.09406 0.270233</i>
                        <i>-0.0383625 0.998614 0.0360356 -0.92982 -0.0488821 0.364753 0.366009 -0.0195138 0.930407 -1.23515 4.09298 0.267898</i>
                        <i>-0.0356353 0.998581 0.0395868 -0.929793 -0.0476497 0.364986 0.366354 -0.0238011 0.930171 -1.23581 4.09184 0.265429</i>
                        <i>-0.0328645 0.998526 0.0431907 -0.929769 -0.0463983 0.365208 0.366673 -0.0281551 0.929924 -1.23648 4.09067 0.262917</i>
                        <i>-0.030149 0.998453 0.0467186 -0.92975 -0.0451724 0.36541 0.366956 -0.0324199 0.929673 -1.23713 4.08953 0.260451</i>
                        <i>-0.0275871 0.998366 0.0500433 -0.929735 -0.0440159 0.365589 0.367194 -0.0364415 0.92943 -1.23775 4.08845 0.258121</i>
                        <i>-0.0252759 0.998272 0.0530394 -0.929725 -0.0429724 0.365739 0.367386 -0.0400677 0.929205 -1.23831 4.08747 0.256015</i>
                        <i>-0.0233117 0.998182 0.0555832 -0.929718 -0.0420854 0.365858 0.367532 -0.043148 0.929009 -1.23878 4.08663 0.254223</i>
                        <i>-0.0217902 0.998105 0.0575521 -0.929715 -0.0413981 0.365946 0.367635 -0.045533 0.928855 -1.23915 4.08599 0.252833</i>
                        <i>-0.020807 0.998052 0.0588237 -0.929713 -0.0409538 0.366 0.367696 -0.0470738 0.928754 -1.23939 4.08557 0.251933</i>
                        <i>-0.0204578 0.998032 0.0592751 -0.929713 -0.040796 0.366019 0.367716 -0.0476209 0.928718 -1.23947 4.08542 0.251614</i>
                        <i>-0.0157602 0.998071 0.0600416 -0.928073 -0.0369469 0.370561 0.372065 -0.0498828 0.926865 -1.23561 4.08212 0.24527</i>
                        <i>-0.010968 0.998301 0.0572299 -0.925433 -0.0318128 0.377574 0.378753 -0.0488212 0.924209 -1.22925 4.07663 0.237096</i>
                        <i>-0.00345303 0.998461 0.0553562 -0.921985 -0.0246135 0.386442 0.387209 -0.0497032 0.920651 -1.22218 4.06911 0.227071</i>
                        <i>0.00884604 0.99818 0.0596571 -0.917777 -0.0155811 0.396791 0.396998 -0.0582619 0.915968 -1.21599 4.05987 0.21494</i>
                        <i>0.0270559 0.996743 0.0759725 -0.912959 -0.0063167 0.408004 0.407154 -0.0803987 0.909814 -1.21184 4.0495 0.200155</i>
                        <i>0.0519851 0.992612 0.109636 -0.907993 0.00127599 0.418984 0.415749 -0.121329 0.90135 -1.21061 4.03539 0.182072</i>
                        <i>0.0788108 0.984768 0.154988 -0.903603 0.00490033 0.428343 0.421059 -0.173806 0.890225 -1.21151 4.01736 0.162501</i>
                        <i>0.101432 0.974389 0.20069 -0.900324 0.00408591 0.4352 0.423234 -0.22483 0.877681 -1.21318 3.99953 0.144561</i>
                        <i>0.116421 0.964879 0.23549 -0.898304 0.0011539 0.439372 0.423669 -0.262693 0.866889 -1.21465 3.9859 0.131468</i>
                        <i>0.121881 0.960747 0.249218 -0.8976 -0.000476202 0.44081 0.423625 -0.277425 0.862309 -1.21527 3.98046 0.126403</i>
                    </KeyFrames>
                </p>
            </i>
            <i>
                <p>
                    <Name><![CDATA[spine2]]></Name>
                    <Exclude>0</Exclude>
                    <Additive>0</Additive>
                    <IKPriority>0</IKPriority>
                    <IKRotLimits>-1e+010 -1e+010 -1e+010 1e+010 1e+010 1e+010</IKRotLimits>
                    <IKRotLimitOrder>0</IKRotLimitOrder>
                    <KeyFrames count="60">
                        <i>0.218373 0.880425 0.420909 -0.878056 -0.0109412 0.478433 0.42583 -0.474058 0.770674 -1.19561 4.13485 0.166496</i>
                        <i>0.235864 0.870682 0.431603 -0.865813 -0.0134021 0.500189 0.441289 -0.491664 0.750686 -1.19541 4.12913 0.166847</i>
                        <i>0.278328 0.85214 0.443161 -0.829334 -0.0195271 0.558412 0.484498 -0.52295 0.701274 -1.19553 4.11793 0.166425</i>
                        <i>0.327547 0.842292 0.428086 -0.767086 -0.0274579 0.640956 0.551626 -0.538322 0.637117 -1.19769 4.11021 0.163172</i>
                        <i>0.355816 0.858534 0.369207 -0.677651 -0.0350374 0.734548 0.643571 -0.511558 0.56932 -1.20495 4.11494 0.155777</i>
                        <i>0.332148 0.90397 0.269288 -0.558873 -0.0413745 0.82822 0.759828 -0.42559 0.491462 -1.21993 4.13735 0.146055</i>
                        <i>0.248979 0.954941 0.161548 -0.418293 -0.0444153 0.907225 0.873522 -0.293455 0.388387 -1.2407 4.1706 0.139128</i>
                        <i>0.124296 0.989116 0.0787456 -0.277249 -0.0415793 0.959898 0.952724 -0.141144 0.269063 -1.26296 4.20585 0.137572</i>
                        <i>0.00195866 0.999361 0.035687 -0.160796 -0.034908 0.98637 0.986986 -0.00767031 0.160625 -1.28173 4.235 0.140336</i>
                        <i>-0.0685268 0.997368 0.0236998 -0.0912814 -0.0299242 0.995375 0.993465 0.0660465 0.0930917 -1.29249 4.25027 0.143765</i>
                        <i>-0.067869 0.997407 0.02392 -0.0912485 -0.0300803 0.995374 0.993513 0.0653723 0.0930534 -1.29238 4.25015 0.143774</i>
                        <i>-0.0660174 0.997517 0.0245396 -0.0911562 -0.0305197 0.995369 0.993646 0.0634747 0.0929447 -1.29205 4.24981 0.1438</i>
                        <i>-0.0631541 0.997678 0.0254969 -0.0910142 -0.0311989 0.995361 0.993845 0.0605405 0.0927732 -1.29154 4.2493 0.143841</i>
                        <i>-0.0594613 0.997873 0.0267297 -0.0908322 -0.0320747 0.995349 0.994089 0.0567568 0.0925462 -1.29089 4.24863 0.143893</i>
                        <i>-0.0551214 0.998082 0.0281762 -0.0906199 -0.0331034 0.995335 0.994359 0.052311 0.0922708 -1.29012 4.24784 0.143955</i>
                        <i>-0.050318 0.998289 0.0297742 -0.0903869 -0.0342415 0.995318 0.994635 0.0473912 0.0919553 -1.28927 4.24697 0.144022</i>
                        <i>-0.0452352 0.998481 0.0314617 -0.0901428 -0.0354452 0.995298 0.994901 0.0421865 0.0916092 -1.28837 4.24604 0.144094</i>
                        <i>-0.0400582 0.998646 0.0331769 -0.0898965 -0.0366709 0.995276 0.995145 0.0368864 0.0912438 -1.28745 4.24509 0.144167</i>
                        <i>-0.0349723 0.99878 0.0348585 -0.089657 -0.0378747 0.995252 0.995359 0.0316809 0.0908722 -1.28655 4.24416 0.144239</i>
                        <i>-0.0301629 0.99888 0.0364454 -0.0894326 -0.0390127 0.995229 0.995536 0.0267596 0.0905092 -1.2857 4.24327 0.144307</i>
                        <i>-0.0258153 0.998949 0.0378773 -0.0892316 -0.0400413 0.995206 0.995676 0.0223117 0.0901715 -1.28493 4.24246 0.144369</i>
                        <i>-0.022114 0.998991 0.0390944 -0.0890618 -0.040917 0.995185 0.995781 0.0185257 0.0898767 -1.28428 4.24178 0.144421</i>
                        <i>-0.019243 0.999013 0.0400372 -0.0889309 -0.0415962 0.995169 0.995852 0.0155895 0.0896436 -1.28377 4.24124 0.144462</i>
                        <i>-0.0173859 0.999022 0.0406465 -0.0888466 -0.0420355 0.995158 0.995894 0.0136904 0.0894906 -1.28344 4.24089 0.144488</i>
                        <i>-0.016726 0.999025 0.0408629 -0.0888168 -0.0421916 0.995154 0.995908 0.0130157 0.0894359 -1.28332 4.24077 0.144498</i>
                        <i>0.0221234 0.998368 0.052655 -0.166642 -0.0482486 0.984836 0.985769 -0.0305625 0.165303 -1.27584 4.23807 0.152552</i>
                        <i>0.0872872 0.992826 0.0817112 -0.295446 -0.0525337 0.953914 0.951364 -0.107406 0.288741 -1.26296 4.23313 0.167198</i>
                        <i>0.143292 0.981695 0.125465 -0.44697 -0.0489154 0.893211 0.882998 -0.184069 0.431779 -1.25092 4.2272 0.187448</i>
                        <i>0.162453 0.972691 0.165772 -0.592641 -0.0381391 0.804564 0.788915 -0.228947 0.570261 -1.24502 4.22242 0.208785</i>
                        <i>0.144405 0.971287 0.189071 -0.725251 -0.0260983 0.68799 0.673171 -0.236473 0.700658 -1.24463 4.22116 0.227453</i>
                        <i>0.104498 0.974755 0.197316 -0.840597 -0.0194596 0.541311 0.531485 -0.222429 0.817342 -1.24512 4.22505 0.2438</i>
                        <i>0.0540028 0.980601 0.188428 -0.924681 -0.0221151 0.380099 0.376893 -0.194763 0.905549 -1.24506 4.23278 0.257226</i>
                        <i>0.00561069 0.986003 0.166631 -0.97368 -0.0325814 0.225578 0.22785 -0.163511 0.959869 -1.24393 4.24177 0.267665</i>
                        <i>-0.0309746 0.989425 0.1417 -0.994016 -0.0453503 0.0993749 0.10475 -0.137774 0.984909 -1.24211 4.24945 0.275363</i>
                        <i>-0.0497881 0.990755 0.126197 -0.998415 -0.0526927 0.0197815 0.0262483 -0.125012 0.991808 -1.24066 4.25328 0.280564</i>
                        <i>-0.0495518 0.990774 0.126138 -0.998428 -0.0524505 0.0197618 0.0261954 -0.12496 0.991816 -1.24069 4.25314 0.280316</i>
                        <i>-0.0488871 0.990829 0.12597 -0.998465 -0.051769 0.0197047 0.0260454 -0.124813 0.991838 -1.24077 4.25276 0.279618</i>
                        <i>-0.0478605 0.990912 0.125711 -0.99852 -0.0507161 0.0196125 0.0258098 -0.124586 0.991873 -1.2409 4.25216 0.27854</i>
                        <i>-0.0465385 0.991017 0.125375 -0.998591 -0.0493594 0.0194864 0.0254998 -0.124292 0.991918 -1.24107 4.25138 0.277151</i>
                        <i>-0.0449879 0.991139 0.124979 -0.998672 -0.047767 0.0193279 0.0251265 -0.123944 0.991971 -1.24127 4.25047 0.275519</i>
                        <i>-0.0432753 0.99127 0.124539 -0.998758 -0.0460068 0.0191394 0.024702 -0.123556 0.99203 -1.24149 4.24947 0.273715</i>
                        <i>-0.0414671 0.991407 0.124071 -0.998846 -0.0441467 0.0189251 0.0242397 -0.123143 0.992093 -1.24172 4.24841 0.271808</i>
                        <i>-0.0396294 0.991542 0.123591 -0.998932 -0.0422545 0.018691 0.0237552 -0.122719 0.992157 -1.24195 4.24732 0.269867</i>
                        <i>-0.0378277 0.991671 0.123117 -0.999013 -0.0403979 0.0184457 0.0232656 -0.122298 0.992221 -1.24218 4.24626 0.26796</i>
                        <i>-0.0361273 0.99179 0.122665 -0.999087 -0.038644 0.0181995 0.0227904 -0.121896 0.992281 -1.2424 4.24525 0.266158</i>
                        <i>-0.0345926 0.991896 0.122254 -0.999152 -0.0370599 0.0179651 0.0223503 -0.121529 0.992336 -1.2426 4.24434 0.264528</i>
                        <i>-0.033288 0.991984 0.121902 -0.999204 -0.0357123 0.0177567 0.0219678 -0.121214 0.992383 -1.24277 4.24357 0.263141</i>
                        <i>-0.0322771 0.992051 0.121627 -0.999244 -0.0346676 0.0175895 0.0216662 -0.120967 0.99242 -1.2429 4.24296 0.262065</i>
                        <i>-0.0316237 0.992094 0.121448 -0.999269 -0.0339921 0.0174787 0.0214687 -0.120807 0.992444 -1.24298 4.24257 0.261368</i>
                        <i>-0.0313916 0.992109 0.121385 -0.999278 -0.0337521 0.0174387 0.0213981 -0.12075 0.992452 -1.24301 4.24244 0.261121</i>
                        <i>-0.0214656 0.990809 0.133557 -0.998488 -0.0280066 0.047291 0.0505968 -0.13234 0.989912 -1.23839 4.23891 0.254865</i>
                        <i>-0.00684392 0.988542 0.150791 -0.995363 -0.0212035 0.0938278 0.0959499 -0.149449 0.984103 -1.23124 4.23299 0.246192</i>
                        <i>0.014055 0.984669 0.173865 -0.988372 -0.012648 0.151529 0.151405 -0.173973 0.973042 -1.22296 4.225 0.235812</i>
                        <i>0.0420799 0.97812 0.203742 -0.976512 -0.00286658 0.215446 0.211316 -0.208023 0.955025 -1.2148 4.21537 0.224296</i>
                        <i>0.0768279 0.967341 0.241556 -0.959673 0.00603635 0.281054 0.270417 -0.253408 0.928794 -1.20777 4.20471 0.212018</i>
                        <i>0.116914 0.950462 0.288016 -0.938971 0.0113169 0.343809 0.323518 -0.310635 0.89378 -1.20258 4.1904 0.199206</i>
                        <i>0.156568 0.92839 0.337013 -0.91698 0.00987263 0.398811 0.366925 -0.371475 0.852861 -1.19916 4.17219 0.186878</i>
                        <i>0.189209 0.905452 0.379943 -0.89724 0.00221608 0.441538 0.398949 -0.424443 0.812827 -1.19707 4.15416 0.176428</i>
                        <i>0.210661 0.887535 0.40976 -0.88327 -0.00679509 0.468815 0.418874 -0.46069 0.782502 -1.19596 4.14036 0.1692</i>
                        <i>0.218373 0.880425 0.420909 -0.878056 -0.0109412 0.478433 0.42583 -0.474058 0.770674 -1.19561 4.13485 0.166496</i>
                    </KeyFrames>
                </p>
            </i>
            <i>
                <p>
                    <Name><![CDATA[head]]></Name>
                    <Exclude>0</Exclude>
                    <Additive>0</Additive>
                    <IKPriority>0</IKPriority>
                    <IKRotLimits>-1e+010 -1e+010 -1e+010 1e+010 1e+010 1e+010</IKRotLimits>
                    <IKRotLimitOrder>0</IKRotLimitOrder>
                    <KeyFrames count="60">
                        <i>0.0440822 0.982737 0.179677 -0.0446802 0.181611 -0.982355 -0.998028 0.0352764 0.0519147 -1.14233 4.36817 0.267428</i>
                        <i>0.0273349 0.991025 0.13085 -0.144034 0.133438 -0.980535 -0.989195 0.00795601 0.146389 -1.13787 4.36092 0.270286</i>
                        <i>-0.0559269 0.99793 0.0317397 -0.363876 0.00923113 -0.931402 -0.929767 -0.0636397 0.362606 -1.12763 4.34695 0.272563</i>
                        <i>-0.207846 0.977584 -0.0335983 -0.575976 -0.150077 -0.803572 -0.790602 -0.147668 0.594258 -1.11791 4.33834 0.2654</i>
                        <i>-0.335216 0.941542 -0.0335934 -0.712086 -0.276548 -0.645333 -0.616898 -0.192405 0.763163 -1.11916 4.34717 0.242858</i>
                        <i>-0.391324 0.92017 -0.0123516 -0.79985 -0.346731 -0.489915 -0.455088 -0.181836 0.871683 -1.14175 4.37872 0.207808</i>
                        <i>-0.417654 0.908591 0.00527467 -0.857071 -0.392031 -0.334277 -0.301654 -0.144133 0.94246 -1.18431 4.42119 0.174681</i>
                        <i>-0.431983 0.901759 0.0148742 -0.884586 -0.420426 -0.201866 -0.175781 -0.10036 0.9793 -1.23706 4.46182 0.15412</i>
                        <i>-0.443443 0.896038 0.0217837 -0.892125 -0.438902 -0.107135 -0.0864363 -0.0669422 0.994006 -1.28483 4.49186 0.147727</i>
                        <i>-0.453562 0.890716 0.0300952 -0.890615 -0.451745 -0.0522665 -0.0329592 -0.0505093 0.99818 -1.31229 4.50618 0.148945</i>
                        <i>-0.453483 0.890755 0.0301424 -0.890655 -0.451663 -0.0522803 -0.0329548 -0.0505547 0.998177 -1.31208 4.50608 0.148989</i>
                        <i>-0.45326 0.890864 0.030275 -0.890769 -0.451434 -0.0523195 -0.0329424 -0.0506824 0.998171 -1.31148 4.50578 0.149113</i>
                        <i>-0.452916 0.891032 0.03048 -0.890945 -0.45108 -0.0523802 -0.0329235 -0.0508798 0.998162 -1.31056 4.50532 0.149305</i>
                        <i>-0.452472 0.891248 0.0307441 -0.891171 -0.450623 -0.0524586 -0.0328996 -0.0511343 0.99815 -1.30937 4.50472 0.149552</i>
                        <i>-0.451951 0.891502 0.031054 -0.891437 -0.450087 -0.0525511 -0.0328724 -0.0514332 0.998135 -1.30797 4.50402 0.149843</i>
                        <i>-0.451374 0.891782 0.0313967 -0.89173 -0.449494 -0.0526538 -0.0328431 -0.051764 0.998119 -1.30642 4.50324 0.150163</i>
                        <i>-0.450764 0.892078 0.0317589 -0.89204 -0.448866 -0.052763 -0.0328133 -0.0521139 0.998102 -1.30478 4.5024 0.150502</i>
                        <i>-0.450142 0.892379 0.0321275 -0.892355 -0.448226 -0.0528748 -0.032784 -0.0524703 0.998084 -1.30311 4.50155 0.150848</i>
                        <i>-0.449532 0.892673 0.0324893 -0.892664 -0.447598 -0.0529851 -0.0327563 -0.0528205 0.998067 -1.30147 4.5007 0.151187</i>
                        <i>-0.448954 0.892952 0.0328312 -0.892955 -0.447004 -0.05309 -0.0327311 -0.0531518 0.99805 -1.29992 4.4999 0.151507</i>
                        <i>-0.448432 0.893203 0.0331402 -0.893219 -0.446466 -0.0531852 -0.0327092 -0.0534514 0.998035 -1.29852 4.49917 0.151797</i>
