<?xml version="1.0" encoding="ISO-8859-1" ?>
<Animl Version="1">
    <ModellingPackage><![CDATA[Maya.2010]]></ModellingPackage>
    <SrcFile><![CDATA[anims\turrets\mortar\red\~src\mortar_2s12sani\mortar_2s12sani_aim_down_crewman_c.mb]]></SrcFile>
    <FramesPerSecond>30</FramesPerSecond>
    <TotalFrames>30</TotalFrames>
    <Skeleton>
        <RefFrame>
            <Name><![CDATA[soldier_ref_frame]]></Name>
            <Exclude>0</Exclude>
            <Additive>0</Additive>
            <IKPriority>0</IKPriority>
            <IKRotLimits>-1e+010 -1e+010 -1e+010 1e+010 1e+010 1e+010</IKRotLimits>
            <IKRotLimitOrder>0</IKRotLimitOrder>
            <KeyFrames count="30">
                <i>1 0 0 0 1 0 0 0 1 2.38 0.89 1.03</i>
                <i>1 0 0 0 1 0 0 0 1 2.38 0.89 1.03</i>
                <i>1 0 0 0 1 0 0 0 1 2.38 0.89 1.03</i>
                <i>1 0 0 0 1 0 0 0 1 2.38 0.89 1.03</i>
                <i>1 0 0 0 1 0 0 0 1 2.38 0.89 1.03</i>
                <i>1 0 0 0 1 0 0 0 1 2.38 0.89 1.03</i>
                <i>1 0 0 0 1 0 0 0 1 2.38 0.89 1.03</i>
                <i>1 0 0 0 1 0 0 0 1 2.38 0.89 1.03</i>
                <i>1 0 0 0 1 0 0 0 1 2.38 0.89 1.03</i>
                <i>1 0 0 0 1 0 0 0 1 2.38 0.89 1.03</i>
                <i>1 0 0 0 1 0 0 0 1 2.38 0.89 1.03</i>
                <i>1 0 0 0 1 0 0 0 1 2.38 0.89 1.03</i>
                <i>1 0 0 0 1 0 0 0 1 2.38 0.89 1.03</i>
                <i>1 0 0 0 1 0 0 0 1 2.38 0.89 1.03</i>
                <i>1 0 0 0 1 0 0 0 1 2.38 0.89 1.03</i>
                <i>1 0 0 0 1 0 0 0 1 2.38 0.89 1.03</i>
                <i>1 0 0 0 1 0 0 0 1 2.38 0.89 1.03</i>
                <i>1 0 0 0 1 0 0 0 1 2.38 0.89 1.03</i>
                <i>1 0 0 0 1 0 0 0 1 2.38 0.89 1.03</i>
                <i>1 0 0 0 1 0 0 0 1 2.38 0.89 1.03</i>
                <i>1 0 0 0 1 0 0 0 1 2.38 0.89 1.03</i>
                <i>1 0 0 0 1 0 0 0 1 2.38 0.89 1.03</i>
                <i>1 0 0 0 1 0 0 0 1 2.38 0.89 1.03</i>
                <i>1 0 0 0 1 0 0 0 1 2.38 0.89 1.03</i>
                <i>1 0 0 0 1 0 0 0 1 2.38 0.89 1.03</i>
                <i>1 0 0 0 1 0 0 0 1 2.38 0.89 1.03</i>
                <i>1 0 0 0 1 0 0 0 1 2.38 0.89 1.03</i>
                <i>1 0 0 0 1 0 0 0 1 2.38 0.89 1.03</i>
                <i>1 0 0 0 1 0 0 0 1 2.38 0.89 1.03</i>
                <i>1 0 0 0 1 0 0 0 1 2.38 0.89 1.03</i>
            </KeyFrames>
        </RefFrame>
        <Bones count="23">
            <i>
                <p>
                    <Name><![CDATA[pelvis]]></Name>
                    <Exclude>0</Exclude>
                    <Additive>0</Additive>
                    <IKPriority>0</IKPriority>
                    <IKRotLimits>-1e+010 -1e+010 -1e+010 1e+010 1e+010 1e+010</IKRotLimits>
                    <IKRotLimitOrder>2</IKRotLimitOrder>
                    <KeyFrames count="30">
                        <i>1 0 0 0 1 0 0 0 1 2.23971 2.04055 1.09033</i>
                        <i>1 0 0 0 1 0 0 0 1 2.23971 2.04039 1.09033</i>
                        <i>1 0 0 0 1 0 0 0 1 2.23971 2.03992 1.09033</i>
                        <i>1 0 0 0 1 0 0 0 1 2.23971 2.03921 1.09033</i>
                        <i>1 0 0 0 1 0 0 0 1 2.23971 2.03829 1.09033</i>
                        <i>1 0 0 0 1 0 0 0 1 2.23971 2.03723 1.09033</i>
                        <i>1 0 0 0 1 0 0 0 1 2.23971 2.03607 1.09033</i>
                        <i>1 0 0 0 1 0 0 0 1 2.23971 2.03486 1.09033</i>
                        <i>1 0 0 0 1 0 0 0 1 2.23971 2.03365 1.09033</i>
                        <i>1 0 0 0 1 0 0 0 1 2.23971 2.03249 1.09033</i>
                        <i>1 0 0 0 1 0 0 0 1 2.23971 2.03143 1.09033</i>
                        <i>1 0 0 0 1 0 0 0 1 2.23971 2.03051 1.09033</i>
                        <i>1 0 0 0 1 0 0 0 1 2.23971 2.0298 1.09033</i>
                        <i>1 0 0 0 1 0 0 0 1 2.23971 2.02933 1.09033</i>
                        <i>1 0 0 0 1 0 0 0 1 2.23971 2.02917 1.09033</i>
                        <i>1 0 0 0 1 0 0 0 1 2.23971 2.02931 1.09033</i>
                        <i>1 0 0 0 1 0 0 0 1 2.23971 2.02972 1.09033</i>
                        <i>1 0 0 0 1 0 0 0 1 2.23971 2.03035 1.09033</i>
                        <i>1 0 0 0 1 0 0 0 1 2.23971 2.03117 1.09033</i>
                        <i>1 0 0 0 1 0 0 0 1 2.23971 2.03212 1.09033</i>
                        <i>1 0 0 0 1 0 0 0 1 2.23971 2.03318 1.09033</i>
                        <i>1 0 0 0 1 0 0 0 1 2.23971 2.03429 1.09033</i>
                        <i>1 0 0 0 1 0 0 0 1 2.23971 2.03543 1.09033</i>
                        <i>1 0 0 0 1 0 0 0 1 2.23971 2.03654 1.09033</i>
                        <i>1 0 0 0 1 0 0 0 1 2.23971 2.0376 1.09033</i>
                        <i>1 0 0 0 1 0 0 0 1 2.23971 2.03855 1.09033</i>
                        <i>1 0 0 0 1 0 0 0 1 2.23971 2.03937 1.09033</i>
                        <i>1 0 0 0 1 0 0 0 1 2.23971 2.04 1.09033</i>
                        <i>1 0 0 0 1 0 0 0 1 2.23971 2.04041 1.09033</i>
                        <i>1 0 0 0 1 0 0 0 1 2.23971 2.04055 1.09033</i>
                    </KeyFrames>
                </p>
            </i>
            <i>
                <p>
                    <Name><![CDATA[spine0]]></Name>
                    <Exclude>0</Exclude>
                    <Additive>0</Additive>
                    <IKPriority>0</IKPriority>
                    <IKRotLimits>-1e+010 -1e+010 -1e+010 1e+010 1e+010 1e+010</IKRotLimits>
                    <IKRotLimitOrder>0</IKRotLimitOrder>
                    <KeyFrames count="30">
                        <i>-0.0287338 0.99958 -0.00388776 -0.715906 -0.0232934 -0.697808 -0.697605 -0.0172674 0.716274 2.27135 2.17749 1.05964</i>
                        <i>-0.0302343 0.99954 -0.00226523 -0.715765 -0.0232324 -0.697955 -0.697686 -0.0194808 0.716138 2.27075 2.1776 1.06026</i>
                        <i>-0.0308551 0.999523 -0.00135796 -0.715636 -0.02304 -0.698093 -0.697792 -0.0205679 0.716005 2.27018 2.17739 1.06086</i>
                        <i>-0.0307109 0.999528 -0.00107042 -0.715521 -0.0227324 -0.698221 -0.697916 -0.0206771 0.715881 2.26963 2.17692 1.06143</i>
                        <i>-0.0299166 0.999552 -0.00130746 -0.715422 -0.0223261 -0.698336 -0.698052 -0.0199565 0.715769 2.26912 2.17623 1.06195</i>
                        <i>-0.0285867 0.999589 -0.00197432 -0.715341 -0.0218371 -0.698434 -0.69819 -0.0185536 0.715672 2.26865 2.17536 1.06244</i>
                        <i>-0.0268352 0.999635 -0.00297658 -0.715279 -0.0212816 -0.698515 -0.698324 -0.0166157 0.715589 2.26824 2.17438 1.06287</i>
                        <i>-0.0247763 0.999684 -0.00421995 -0.715236 -0.0206754 -0.698578 -0.698444 -0.0142899 0.715522 2.26788 2.17331 1.06324</i>
                        <i>-0.0225238 0.999731 -0.00561022 -0.715212 -0.0200341 -0.698621 -0.698545 -0.0117231 0.71547 2.26759 2.17222 1.06354</i>
                        <i>-0.0201915 0.999771 -0.00705304 -0.715207 -0.0193731 -0.698644 -0.698621 -0.00906232 0.715434 2.26737 2.17114 1.06376</i>
                        <i>-0.0178331 0.999805 -0.00851613 -0.715221 -0.018708 -0.698648 -0.698671 -0.00636814 0.715415 2.26724 2.17013 1.0639</i>
                        <i>-0.0155548 0.99983 -0.00991277 -0.715253 -0.0180541 -0.698633 -0.698693 -0.00377699 0.715412 2.26719 2.16924 1.06395</i>
                        <i>-0.0133086 0.999847 -0.0113145 -0.715306 -0.0174266 -0.698594 -0.698685 -0.00120402 0.715429 2.26726 2.1685 1.06387</i>
                        <i>-0.0109932 0.999857 -0.0128478 -0.715381 -0.0168413 -0.698532 -0.698649 0.00151202 0.715463 2.26746 2.16795 1.06366</i>
                        <i>-0.00872225 0.999858 -0.0144191 -0.71547 -0.0163139 -0.698453 -0.698589 0.00422433 0.715511 2.26777 2.16766 1.06335</i>
                        <i>-0.00660946 0.999851 -0.0159342 -0.715569 -0.0158597 -0.698362 -0.698511 0.00678622 0.715567 2.26817 2.16765 1.06294</i>
                        <i>-0.00476814 0.999839 -0.0172992 -0.715672 -0.0154943 -0.698265 -0.69842 0.0090511 0.715631 2.26863 2.16786 1.06246</i>
                        <i>-0.0033114 0.999825 -0.0184199 -0.715775 -0.015233 -0.698164 -0.698323 0.0108726 0.715701 2.26913 2.16828 1.06194</i>
                        <i>-0.00235226 0.999813 -0.0192022 -0.715876 -0.0150911 -0.698065 -0.698224 0.0121044 0.715777 2.26965 2.16887 1.0614</i>
                        <i>-0.00195487 0.999806 -0.0196027 -0.71597 -0.0150846 -0.697968 -0.698129 0.0126705 0.71586 2.27018 2.16959 1.06086</i>
                        <i>-0.00213646 0.999805 -0.0196262 -0.716055 -0.0152295 -0.697878 -0.698041 0.0125624 0.715948 2.27068 2.17042 1.06034</i>
                        <i>-0.00293991 0.99981 -0.0192516 -0.716128 -0.015542 -0.697796 -0.697963 0.0117351 0.716038 2.27114 2.17133 1.05986</i>
                        <i>-0.00469167 0.99982 -0.0183672 -0.716184 -0.0161783 -0.697724 -0.697896 0.00988081 0.716131 2.27155 2.17228 1.05944</i>
                        <i>-0.00748529 0.999828 -0.0169531 -0.716219 -0.0171916 -0.697663 -0.697835 0.00691991 0.716225 2.27189 2.17323 1.05909</i>
                        <i>-0.0110136 0.999825 -0.0151256 -0.716235 -0.0184434 -0.697615 -0.697772 0.00315022 0.716313 2.27214 2.17417 1.05883</i>
                        <i>-0.0149667 0.999803 -0.0130017 -0.716229 -0.0197932 -0.697585 -0.697705 -0.00112838 0.716384 2.27229 2.17506 1.05868</i>
                        <i>-0.0190313 0.999762 -0.0106985 -0.716196 -0.0210982 -0.69758 -0.697639 -0.00561361 0.716427 2.2723 2.17586 1.05866</i>
                        <i>-0.0228917 0.999703 -0.00833367 -0.716133 -0.0222138 -0.69761 -0.697588 -0.0100015 0.716429 2.27216 2.17656 1.0588</i>
                        <i>-0.0262313 0.999638 -0.00602453 -0.716036 -0.0229941 -0.697684 -0.69757 -0.0139874 0.71638 2.27186 2.17711 1.05912</i>
                        <i>-0.0287338 0.99958 -0.00388776 -0.715906 -0.0232934 -0.697808 -0.697605 -0.0172674 0.716274 2.27135 2.17749 1.05964</i>
                    </KeyFrames>
                </p>
            </i>
            <i>
                <p>
                    <Name><![CDATA[spine1]]></Name>
                    <Exclude>0</Exclude>
                    <Additive>0</Additive>
                    <IKPriority>0</IKPriority>
                    <IKRotLimits>-1e+010 -1e+010 -1e+010 1e+010 1e+010 1e+010</IKRotLimits>
                    <IKRotLimitOrder>0</IKRotLimitOrder>
                    <KeyFrames count="30">
                        <i>-0.0654133 0.996423 0.0535062 -0.901911 -0.0360964 -0.430411 -0.42694 -0.0764124 0.901046 2.26642 2.34896 1.05898</i>
                        <i>-0.0649998 0.996473 0.0530792 -0.901819 -0.0358876 -0.430621 -0.427197 -0.0758581 0.900971 2.26557 2.34889 1.05988</i>
                        <i>-0.0631288 0.996689 0.0512345 -0.90176 -0.0349699 -0.430821 -0.427603 -0.0733984 0.900982 2.26489 2.34852 1.06063</i>
                        <i>-0.0600548 0.997029 0.0482258 -0.901731 -0.0334674 -0.431 -0.428106 -0.0693703 0.901062 2.26437 2.3479 1.06124</i>
                        <i>-0.0560346 0.997445 0.044309 -0.901729 -0.0315047 -0.431151 -0.428654 -0.0641141 0.901191 2.264 2.34707 1.06173</i>
                        <i>-0.0513276 0.997891 0.039742 -0.90175 -0.0292067 -0.43127 -0.4292 -0.0579734 0.901347 2.26377 2.34609 1.0621</i>
                        <i>-0.0461952 0.998327 0.0347845 -0.901787 -0.0266984 -0.431356 -0.429705 -0.0512948 0.901511 2.26365 2.34501 1.06236</i>
                        <i>-0.040901 0.998722 0.0296979 -0.901834 -0.0241048 -0.431409 -0.430142 -0.0444277 0.901668 2.26365 2.34387 1.06252</i>
                        <i>-0.0357096 0.999056 0.0247446 -0.901887 -0.0215507 -0.431434 -0.430494 -0.0377232 0.901805 2.26374 2.34273 1.06258</i>
                        <i>-0.0308864 0.999319 0.0201871 -0.901939 -0.0191612 -0.431439 -0.430758 -0.0315331 0.901916 2.26392 2.34164 1.06256</i>
                        <i>-0.0264675 0.999521 0.0160535 -0.901991 -0.0169557 -0.431422 -0.430943 -0.0258988 0.902007 2.26419 2.34063 1.06245</i>
                        <i>-0.0226893 0.999663 0.012577 -0.902039 -0.0150461 -0.431393 -0.431059 -0.021133 0.902076 2.26453 2.33977 1.06226</i>
                        <i>-0.0197234 0.999756 0.00992368 -0.902079 -0.0135146 -0.43136 -0.431121 -0.0174598 0.902125 2.26499 2.33908 1.06195</i>
                        <i>-0.0174229 0.999817 0.00793227 -0.902115 -0.0122984 -0.431321 -0.431145 -0.0146707 0.902164 2.26558 2.33862 1.06148</i>
                        <i>-0.0158748 0.999852 0.00668083 -0.902145 -0.0114417 -0.431281 -0.431141 -0.0128736 0.902193 2.26628 2.33843 1.06089</i>
                        <i>-0.0151646 0.999865 0.00624677 -0.90217 -0.0109886 -0.431242 -0.431115 -0.0121752 0.902215 2.26704 2.33853 1.06022</i>
                        <i>-0.0153772 0.999859 0.00670725 -0.902187 -0.0109825 -0.431204 -0.43107 -0.0126819 0.902229 2.26781 2.33886 1.0595</i>
                        <i>-0.0165974 0.999829 0.00813955 -0.902198 -0.0114665 -0.431169 -0.431002 -0.0144998 0.902234 2.26856 2.33941 1.05879</i>
                        <i>-0.0189097 0.999765 0.0106211 -0.9022 -0.0124841 -0.431137 -0.430903 -0.017735 0.902224 2.26925 2.34012 1.05811</i>
                        <i>-0.0222154 0.999655 0.014041 -0.902195 -0.0139944 -0.431101 -0.430756 -0.0222448 0.902194 2.26984 2.34096 1.0575</i>
                        <i>-0.0262396 0.999492 0.0181073 -0.902186 -0.0158758 -0.431055 -0.430548 -0.0276469 0.902144 2.27032 2.34191 1.05697</i>
                        <i>-0.030804 0.999269 0.0226268 -0.902176 -0.0180519 -0.43099 -0.430266 -0.0336895 0.902073 2.27064 2.34293 1.05655</i>
                        <i>-0.0359041 0.998977 0.0275014 -0.902155 -0.0205611 -0.430923 -0.429916 -0.0402824 0.90197 2.27075 2.34396 1.05628</i>
                        <i>-0.0414341 0.99861 0.0325902 -0.902121 -0.0233696 -0.43085 -0.42949 -0.0472522 0.901835 2.27061 2.34499 1.05617</i>
                        <i>-0.047067 0.998182 0.0376377 -0.90209 -0.0262941 -0.430746 -0.428973 -0.0542265 0.901688 2.27025 2.34597 1.05623</i>
                        <i>-0.0524777 0.997722 0.0423919 -0.90207 -0.0291509 -0.430604 -0.428387 -0.0608376 0.901545 2.26972 2.34686 1.05644</i>
                        <i>-0.0573427 0.997266 0.0466036 -0.902058 -0.0317529 -0.430446 -0.42779 -0.0667221 0.901412 2.26903 2.34765 1.05682</i>
                        <i>-0.0613383 0.996863 0.0500255 -0.902039 -0.0339089 -0.430321 -0.427274 -0.0715201 0.901289 2.26823 2.34828 1.05737</i>
                        <i>-0.0641387 0.996564 0.0524102 -0.901996 -0.035423 -0.43029 -0.426955 -0.0748719 0.901168 2.26735 2.34873 1.05809</i>
                        <i>-0.0654133 0.996423 0.0535062 -0.901911 -0.0360964 -0.430411 -0.42694 -0.0764124 0.901046 2.26642 2.34896 1.05898</i>
                    </KeyFrames>
                </p>
            </i>
            <i>
                <p>
                    <Name><![CDATA[spine2]]></Name>
                    <Exclude>0</Exclude>
                    <Additive>0</Additive>
                    <IKPriority>0</IKPriority>
                    <IKRotLimits>-1e+010 -1e+010 -1e+010 1e+010 1e+010 1e+010</IKRotLimits>
                    <IKRotLimitOrder>0</IKRotLimitOrder>
                    <KeyFrames count="30">
                        <i>-0.0645612 0.974101 0.216699 -0.992318 -0.0397037 -0.117166 -0.105528 -0.222599 0.969182 2.25637 2.5064 1.06763</i>
                        <i>-0.0666414 0.973504 0.218743 -0.992214 -0.0415391 -0.117416 -0.105219 -0.224865 0.968692 2.25559 2.50619 1.06845</i>
                        <i>-0.0678544 0.973237 0.219556 -0.992135 -0.0426205 -0.117696 -0.105189 -0.225816 0.968474 2.25522 2.50571 1.0689</i>
                        <i>-0.0683386 0.973257 0.219319 -0.99208 -0.043071 -0.117993 -0.105391 -0.225645 0.968492 2.25519 2.50501 1.06903</i>
                        <i>-0.0682317 0.973513 0.218212 -0.992046 -0.0430147 -0.118296 -0.105777 -0.224548 0.968705 2.25546 2.50412 1.0689</i>
                        <i>-0.0676721 0.973953 0.216416 -0.99203 -0.042576 -0.118594 -0.106291 -0.222716 0.969072 2.25597 2.50311 1.06854</i>
                        <i>-0.0667985 0.974522 0.214113 -0.992025 -0.0418794 -0.118878 -0.106882 -0.220346 0.969548 2.25667 2.50201 1.06802</i>
                        <i>-0.0657506 0.975167 0.211487 -0.992028 -0.0410492 -0.119141 -0.107501 -0.217634 0.970092 2.2575 2.50087 1.06737</i>
                        <i>-0.0646689 0.975835 0.208721 -0.992035 -0.0402092 -0.119376 -0.108099 -0.214778 0.970662 2.25842 2.49973 1.06665</i>
                        <i>-0.0636947 0.976477 0.206001 -0.992039 -0.0394827 -0.11958 -0.108634 -0.211978 0.971218 2.25936 2.49865 1.06591</i>
                        <i>-0.0626617 0.977131 0.203197 -0.992051 -0.0387194 -0.119735 -0.109129 -0.209085 0.971789 2.26032 2.49768 1.06515</i>
                        <i>-0.0616738 0.97776 0.200455 -0.992066 -0.0380077 -0.119838 -0.109554 -0.206256 0.972346 2.26125 2.49686 1.06442</i>
                        <i>-0.0608562 0.978322 0.197944 -0.99208 -0.0374541 -0.119893 -0.10988 -0.203673 0.972853 2.26217 2.49624 1.06369</i>
                        <i>-0.0600525 0.978854 0.195547 -0.992101 -0.0369146 -0.11989 -0.110136 -0.201202 0.973338 2.26313 2.49586 1.06291</i>
                        <i>-0.0593884 0.979314 0.193437 -0.992122 -0.0364939 -0.11984 -0.110302 -0.199031 0.973766 2.26407 2.49577 1.06212</i>
                        <i>-0.0589895 0.979662 0.191788 -0.99214 -0.0362966 -0.119754 -0.110358 -0.197345 0.974103 2.26493 2.49597 1.06138</i>
                        <i>-0.0589816 0.979861 0.190771 -0.992148 -0.036427 -0.119647 -0.110288 -0.19633 0.974316 2.26567 2.49642 1.06075</i>
                        <i>-0.05949 0.979872 0.190557 -0.992141 -0.0369895 -0.119531 -0.110077 -0.19617 0.974372 2.26623 2.49707 1.06026</i>
                        <i>-0.0606393 0.979654 0.191315 -0.992113 -0.0380885 -0.119423 -0.109707 -0.197048 0.974236 2.26655 2.49788 1.05998</i>
                        <i>-0.0623054 0.979227 0.19296 -0.992065 -0.0396092 -0.119323 -0.109202 -0.198863 0.973924 2.26662 2.49882 1.05991</i>
                        <i>-0.0641254 0.978673 0.195161 -0.992012 -0.0412266 -0.119214 -0.108625 -0.201247 0.973499 2.26645 2.49985 1.06002</i>
                        <i>-0.0658663 0.978042 0.197724 -0.991965 -0.0427308 -0.119078 -0.108014 -0.203979 0.972998 2.26605 2.50092 1.06033</i>
                        <i>-0.0667797 0.977458 0.200289 -0.991954 -0.0434015 -0.118924 -0.10755 -0.20662 0.972492 2.26535 2.50199 1.06083</i>
                        <i>-0.0665484 0.976983 0.202671 -0.991997 -0.042939 -0.11874 -0.107304 -0.208951 0.972021 2.26433 2.50301 1.06153</i>
                        <i>-0.0655867 0.976575 0.204936 -0.992078 -0.0417647 -0.118479 -0.107145 -0.211083 0.971578 2.26308 2.50396 1.06238</i>
                        <i>-0.0643115 0.976193 0.20715 -0.99218 -0.0402974 -0.11813 -0.10697 -0.213127 0.971151 2.26169 2.50479 1.06335</i>
                        <i>-0.0631443 0.975795 0.209375 -0.992282 -0.0389512 -0.117725 -0.10672 -0.215192 0.970723 2.26024 2.50549 1.0644</i>
                        <i>-0.062511 0.97534 0.211669 -0.992358 -0.0381349 -0.117348 -0.106382 -0.217387 0.970271 2.25881 2.50601 1.06548</i>
                        <i>-0.0628401 0.97479 0.214092 -0.992381 -0.038252 -0.117117 -0.105975 -0.21982 0.969767 2.25749 2.50632 1.06657</i>
                        <i>-0.0645612 0.974101 0.216699 -0.992318 -0.0397037 -0.117166 -0.105528 -0.222599 0.969182 2.25637 2.5064 1.06763</i>
                    </KeyFrames>
                </p>
            </i>
            <i>
                <p>
                    <Name><![CDATA[head]]></Name>
                    <Exclude>0</Exclude>
                    <Additive>0</Additive>
                    <IKPriority>0</IKPriority>
                    <IKRotLimits>-1e+010 -1e+010 -1e+010 1e+010 1e+010 1e+010</IKRotLimits>
                    <IKRotLimitOrder>0</IKRotLimitOrder>
                    <KeyFrames count="30">
                        <i>-0.0481747 0.942802 0.329853 0.666308 0.276355 -0.692576 -0.744119 0.186419 -0.64151 2.24419 2.75913 1.11707</i>
                        <i>-0.0465743 0.9436 0.327797 0.66559 0.274009 -0.694196 -0.744863 0.185847 -0.640812 2.24259 2.75862 1.11868</i>
                        <i>-0.0432096 0.945302 0.323323 0.665121 0.268701 -0.696716 -0.745484 0.184944 -0.640351 2.24154 2.75789 1.11964</i>
                        <i>-0.0388886 0.947518 0.317329 0.664815 0.261618 -0.699698 -0.745995 0.183755 -0.640098 2.24097 2.757 1.12004</i>
                        <i>-0.034416 0.949877 0.310724 0.664596 0.253954 -0.702722 -0.746409 0.182321 -0.640025 2.24082 2.75598 1.11997</i>
                        <i>-0.0305953 0.952043 0.304431 0.664408 0.246916 -0.705404 -0.746743 0.180684 -0.6401 2.24099 2.75488 1.11951</i>
                        <i>-0.0282296 0.953715 0.299385 0.66421 0.24172 -0.707387 -0.747013 0.178885 -0.640291 2.24143 2.75374 1.11875</i>
                        <i>-0.0281221 0.95461 0.296527 0.663967 0.239589 -0.70834 -0.747233 0.176964 -0.640568 2.24205 2.75259 1.11776</i>
                        <i>-0.0298762 0.954871 0.295514 0.663682 0.24002 -0.708461 -0.747418 0.174961 -0.640901 2.24279 2.75148 1.11664</i>
                        <i>-0.0324946 0.954835 0.295355 0.663375 0.241639 -0.708198 -0.747582 0.172918 -0.641265 2.24357 2.75045 1.11547</i>
                        <i>-0.0355893 0.954613 0.295715 0.663099 0.243939 -0.707668 -0.747686 0.170903 -0.641684 2.24443 2.74956 1.11421</i>
                        <i>-0.0390272 0.954228 0.296522 0.66285 0.246781 -0.706915 -0.747735 0.168961 -0.642141 2.24533 2.74887 1.11292</i>
                        <i>-0.0427144 0.953691 0.297741 0.66262 0.250081 -0.705971 -0.747737 0.167134 -0.642616 2.24626 2.74839 1.11162</i>
                        <i>-0.0463967 0.953071 0.29917 0.662445 0.25352 -0.704907 -0.747672 0.165479 -0.64312 2.2473 2.7482 1.11023</i>
                        <i>-0.0501195 0.952332 0.300918 0.662293 0.257214 -0.703711 -0.747567 0.164026 -0.643614 2.24837 2.74831 1.10884</i>
                        <i>-0.0539284 0.951436 0.303087 0.662133 0.261274 -0.702365 -0.747444 0.162806 -0.644067 2.24937 2.74871 1.10756</i>
                        <i>-0.0578694 0.950341 0.305783 0.661936 0.265812 -0.700845 -0.747323 0.161851 -0.644448 2.25022 2.74934 1.1065</i>
                        <i>-0.0619884 0.949004 0.309109 0.661675 0.270939 -0.699127 -0.747224 0.161192 -0.644728 2.25082 2.75014 1.10574</i>
                        <i>-0.0663306 0.947378 0.313169 0.661318 0.276765 -0.69718 -0.747167 0.16086 -0.644876 2.25108 2.75107 1.1054</i>
                        <i>-0.0707082 0.945508 0.317829 0.660897 0.283062 -0.695048 -0.747138 0.160906 -0.644898 2.25101 2.75207 1.10547</i>
                        <i>-0.0747106 0.943538 0.322729 0.66051 0.289283 -0.692851 -0.747091 0.161402 -0.644829 2.25072 2.75314 1.10586</i>
                        <i>-0.078048 0.941575 0.327634 0.660225 0.295059 -0.690683 -0.747002 0.162406 -0.64468 2.25026 2.75422 1.10651</i>
                        <i>-0.0790587 0.940144 0.331479 0.660479 0.298462 -0.688976 -0.746671 0.164465 -0.644542 2.24981 2.75531 1.10734</i>
                        <i>-0.0768818 0.939576 0.333596 0.661463 0.298417 -0.688051 -0.746027 0.167763 -0.644437 2.24944 2.75637 1.10829</i>
                        <i>-0.0724224 0.939663 0.334347 0.662852 0.295829 -0.687831 -0.745239 0.171809 -0.644283 2.24906 2.75734 1.10938</i>
                        <i>-0.0665889 0.940187 0.334088 0.66433 0.291602 -0.688211 -0.744468 0.176117 -0.644011 2.2486 2.75818 1.1106</i>
                        <i>-0.0603032 0.940938 0.333164 0.665615 0.286636 -0.689054 -0.743855 0.180207 -0.643588 2.24797 2.75882 1.11198</i>
                        <i>-0.0545032 0.941731 0.331922 0.666485 0.281838 -0.690192 -0.743524 0.183603 -0.64301 2.24709 2.75922 1.11351</i>
                        <i>-0.0501406 0.942402 0.330703 0.666763 0.27811 -0.691434 -0.743581 0.185832 -0.642304 2.24585 2.75934 1.11521</i>
                        <i>-0.0481747 0.942802 0.329853 0.666308 0.276355 -0.692576 -0.744119 0.186419 -0.64151 2.24419 2.75913 1.11707</i>
                    </KeyFrames>
                </p>
            </i>
            <i>
                <p>
                    <Name><![CDATA[head_prop]]></Name>
                    <Exclude>0</Exclude>
                    <Additive>0</Additive>
                    <IKPriority>0</IKPriority>
                    <IKRotLimits>-1e+010 -1e+010 -1e+010 1e+010 1e+010 1e+010</IKRotLimits>
                    <IKRotLimitOrder>0</IKRotLimitOrder>
                    <KeyFrames count="30">
                        <i>0.744119 -0.186419 0.64151 -0.0481747 0.942802 0.329853 -0.666308 -0.276355 0.692576 2.22849 3.0664 1.22458</i>
                        <i>0.744863 -0.185847 0.640812 -0.0465743 0.9436 0.327797 -0.66559 -0.274009 0.694196 2.22741 3.06614 1.22551</i>
                        <i>0.745484 -0.184944 0.640351 -0.0432096 0.945302 0.323323 -0.665121 -0.268701 0.696716 2.22746 3.06597 1.22501</i>
                        <i>0.745995 -0.183755 0.640098 -0.0388886 0.947518 0.317329 -0.664815 -0.261618 0.699698 2.2283 3.0658 1.22346</i>
                        <i>0.746409 -0.182321 0.640025 -0.034416 0.949877 0.310724 -0.664596 -0.253954 0.702722 2.2296 3.06555 1.22124</i>
                        <i>0.746743 -0.180684 0.6401 -0.0305953 0.952043 0.304431 -0.664408 -0.246916 0.705404 2.23102 3.06516 1.21873</i>
                        <i>0.747013 -0.178885 0.640291 -0.0282296 0.953715 0.299385 -0.66421 -0.24172 0.707387 2.23223 3.06456 1.21632</i>
                        <i>0.747233 -0.176964 0.640568 -0.0281221 0.95461 0.296527 -0.663967 -0.239589 0.70834 2.23289 3.06371 1.2144</i>
                        <i>0.747418 -0.174961 0.640901 -0.0298762 0.954871 0.295514 -0.663682 -0.24002 0.708461 2.23305 3.06269 1.21295</i>
                        <i>0.747582 -0.172918 0.641265 -0.0324946 0.954835 0.295355 -0.663375 -0.241639 0.708198 2.23298 3.06164 1.21173</i>
                        <i>0.747686 -0.170903 0.641684 -0.0355893 0.954613 0.295715 -0.663099 -0.243939 0.707668 2.23284 3.06068 1.21059</i>
                        <i>0.747735 -0.168961 0.642141 -0.0390272 0.954228 0.296522 -0.66285 -0.246781 0.706915 2.23262 3.05986 1.20956</i>
                        <i>0.747737 -0.167134 0.642616 -0.0427144 0.953691 0.297741 -0.66262 -0.250081 0.705971 2.23234 3.05921 1.20866</i>
                        <i>0.747672 -0.165479 0.64312 -0.0463967 0.953071 0.29917 -0.662445 -0.25352 0.704907 2.23218 3.05881 1.20773</i>
                        <i>0.747567 -0.164026 0.643614 -0.0501195 0.952332 0.300918 -0.662293 -0.257214 0.703711 2.23203 3.05868 1.20691</i>
                        <i>0.747444 -0.162806 0.644067 -0.0539284 0.951436 0.303087 -0.662133 -0.261274 0.702365 2.2318 3.05879 1.20634</i>
                        <i>0.747323 -0.161851 0.644448 -0.0578694 0.950341 0.305783 -0.661936 -0.265812 0.700845 2.23136 3.05906 1.20615</i>
                        <i>0.747224 -0.161192 0.644728 -0.0619884 0.949004 0.309109 -0.661675 -0.270939 0.699127 2.23062 3.05943 1.20648</i>
                        <i>0.747167 -0.16086 0.644876 -0.0663306 0.947378 0.313169 -0.661318 -0.276765 0.69718 2.22946 3.05983 1.20746</i>
                        <i>0.747138 -0.160906 0.644898 -0.0707082 0.945508 0.317829 -0.660897 -0.283062 0.695048 2.22797 3.06022 1.20905</i>
                        <i>0.747091 -0.161402 0.644829 -0.0747106 0.943538 0.322729 -0.66051 -0.289283 0.692851 2.22637 3.06064 1.21104</i>
                        <i>0.747002 -0.162406 0.64468 -0.078048 0.941575 0.327634 -0.660225 -0.295059 0.690683 2.22483 3.06109 1.21329</i>
                        <i>0.746671 -0.164465 0.644542 -0.0790587 0.940144 0.331479 -0.660479 -0.298462 0.688976 2.22404 3.06171 1.21537</i>
                        <i>0.746027 -0.167763 0.644437 -0.0768818 0.939576 0.333596 -0.661463 -0.298417 0.688051 2.22438 3.06259 1.21701</i>
                        <i>0.745239 -0.171809 0.644283 -0.0724224 0.939663 0.334347 -0.662852 -0.295829 0.687831 2.22546 3.06359 1.21834</i>
                        <i>0.744468 -0.176117 0.644011 -0.0665889 0.940187 0.334088 -0.66433 -0.291602 0.688211 2.2269 3.06459 1.21949</i>
                        <i>0.743855 -0.180207 0.643588 -0.0603032 0.940938 0.333164 -0.665615 -0.286636 0.689054 2.22832 3.06548 1.22056</i>
                        <i>0.743524 -0.183603 0.64301 -0.0545032 0.941731 0.331922 -0.666485 -0.281838 0.690192 2.22932 3.06614 1.22169</i>
                        <i>0.743581 -0.185832 0.642304 -0.0501406 0.942402 0.330703 -0.666763 -0.27811 0.691434 2.22951 3.06648 1.22299</i>
                        <i>0.744119 -0.186419 0.64151 -0.0481747 0.942802 0.329853 -0.666308 -0.276355 0.692576 2.22849 3.0664 1.22458</i>
                    </KeyFrames>
                </p>
            </i>
            <i>
                <p>
                    <Name><![CDATA[l_clav]]></Name>
                    <Exclude>0</Exclude>
                    <Additive>0</Additive>
                    <IKPriority>0</IKPriority>
                    <IKRotLimits>-1e+010 -1e+010 -1e+010 1e+010 1e+010 1e+010</IKRotLimits>
                    <IKRotLimitOrder>0</IKRotLimitOrder>
                    <KeyFrames count="30">
                        <i>0.805039 0.587511 -0.0821107 -0.591725 0.805105 -0.040841 0.0421132 0.0814655 0.995786 2.33166 2.55877 1.12116</i>
                        <i>0.80242 0.591444 -0.0794745 -0.595306 0.802625 -0.0374746 0.0416241 0.0773821 0.996132 2.33095 2.55863 1.12192</i>
                        <i>0.799993 0.595011 -0.0772882 -0.598601 0.800287 -0.0348948 0.04109 0.0741803 0.996398 2.33073 2.55826 1.12222</i>
                        <i>0.797749 0.598242 -0.07552 -0.601627 0.798095 -0.0330205 0.0405179 0.0717769 0.996597 2.33092 2.5577 1.12214</i>
                        <i>0.795679 0.601164 -0.0741392 -0.604401 0.796046 -0.0317701 0.0399192 0.0700887 0.996742 2.33146 2.55699 1.12173</i>
                        <i>0.793774 0.603802 -0.073115 -0.606941 0.794139 -0.0310614 0.0393086 0.0690322 0.99684 2.33227 2.55619 1.12107</i>
                        <i>0.792022 0.606182 -0.072415 -0.609264 0.792368 -0.030813 0.0387011 0.0685245 0.996899 2.33329 2.55531 1.12022</i>
                        <i>0.790414 0.608327 -0.0720055 -0.611386 0.790727 -0.0309448 0.0381121 0.0684824 0.996924 2.33445 2.55441 1.11925</i>
                        <i>0.788938 0.610257 -0.0718498 -0.613324 0.789208 -0.0313782 0.0375557 0.0688226 0.996922 2.33567 2.55353 1.11821</i>
                        <i>0.787585 0.611995 -0.0719085 -0.615091 0.787805 -0.0320365 0.0370436 0.0694618 0.996897 2.3369 2.55271 1.11719</i>
                        <i>0.78653 0.613301 -0.0723338 -0.616466 0.786686 -0.0330862 0.0366121 0.0706146 0.996832 2.33811 2.55199 1.11617</i>
                        <i>0.785787 0.614162 -0.073105 -0.617433 0.785867 -0.034484 0.036272 0.0722345 0.996728 2.33926 2.55141 1.11521</i>
                        <i>0.785345 0.614599 -0.0741721 -0.618009 0.785339 -0.0361577 0.0360277 0.0742353 0.99659 2.34033 2.55102 1.11432</i>
                        <i>0.785297 0.614487 -0.0755903 -0.618077 0.78519 -0.0381716 0.0358968 0.0766967 0.996408 2.34139 2.55084 1.11343</i>
                        <i>0.785545 0.613969 -0.0772108 -0.617764 0.785328 -0.0403446 0.0358655 0.0793906 0.996198 2.34238 2.55092 1.11259</i>
                        <i>0.78599 0.613186 -0.0788827 -0.617195 0.785662 -0.0424978 0.0359161 0.0820888 0.995978 2.34324 2.55126 1.11185</i>
                        <i>0.786534 0.612284 -0.0804543 -0.616496 0.786102 -0.044453 0.0360274 0.0845635 0.995767 2.34391 2.55182 1.11127</i>
                        <i>0.787078 0.611409 -0.0817745 -0.615792 0.786563 -0.0460323 0.0361762 0.086587 0.995587 2.34433 2.55255 1.11092</i>
                        <i>0.787525 0.61071 -0.082694 -0.61521 0.786957 -0.0470561 0.0363389 0.0879321 0.995463 2.34444 2.55341 1.11084</i>
                        <i>0.787926 0.610121 -0.0832225 -0.614687 0.787338 -0.0475373 0.0365207 0.0886116 0.995396 2.34425 2.55436 1.11104</i>
                        <i>0.788471 0.609374 -0.0835239 -0.613972 0.787887 -0.0476727 0.0367569 0.0888699 0.995365 2.34377 2.55534 1.11147</i>
                        <i>0.789276 0.60831 -0.0836857 -0.612919 0.788714 -0.0475545 0.0370762 0.0888262 0.995357 2.34305 2.5563 1.1121</i>
                        <i>0.791024 0.605995 -0.0839704 -0.610631 0.790486 -0.0475567 0.0375582 0.0888935 0.995333 2.34202 2.55712 1.11295</i>
                        <i>0.79394 0.602098 -0.0844828 -0.606792 0.793421 -0.04781 0.0382441 0.0892217 0.995277 2.34068 2.55774 1.11398</i>
                        <i>0.797448 0.59736 -0.0850736 -0.602119 0.79696 -0.0480428 0.0391014 0.0895361 0.995216 2.33914 2.55818 1.11514</i>
                        <i>0.800991 0.59253 -0.0855734 -0.597335 0.800554 -0.0480003 0.0400646 0.0895638 0.995175 2.33748 2.55847 1.11639</i>
                        <i>0.804031 0.588367 -0.0857809 -0.59317 0.803677 -0.0474521 0.041021 0.0890357 0.995183 2.33581 2.55865 1.11766</i>
                        <i>0.806056 0.585636 -0.0854581 -0.59036 0.805817 -0.0461941 0.0418107 0.0876862 0.99527 2.33422 2.55874 1.1189</i>
                        <i>0.806563 0.585102 -0.0843331 -0.589637 0.806467 -0.0440455 0.0422407 0.0852514 0.995464 2.33281 2.55877 1.12009</i>
                        <i>0.805039 0.587511 -0.0821107 -0.591725 0.805105 -0.040841 0.0421132 0.0814655 0.995786 2.33166 2.55877 1.12116</i>
                    </KeyFrames>
                </p>
            </i>
            <i>
                <p>
                    <Name><![CDATA[l_shoulder]]></Name>
                    <Exclude>0</Exclude>
                    <Additive>0</Additive>
                    <IKPriority>0</IKPriority>
                    <IKRotLimits>-1e+010 -1e+010 -1e+010 1e+010 1e+010 1e+010</IKRotLimits>
                    <IKRotLimitOrder>0</IKRotLimitOrder>
                    <KeyFrames count="30">
                        <i>0.446252 -0.207046 0.870627 0.199878 0.971352 0.12855 -0.872301 0.116653 0.474851 2.49072 2.67485 1.10494</i>
                        <i>0.446099 -0.201236 0.872066 0.200509 0.972097 0.12175 -0.872234 0.120545 0.474001 2.48949 2.67549 1.10621</i>
                        <i>0.445864 -0.196061 0.873364 0.200574 0.972789 0.115985 -0.872339 0.12346 0.473056 2.48879 2.67582 1.10695</i>
                        <i>0.44559 -0.191515 0.874512 0.200131 0.973437 0.111206 -0.872581 0.125465 0.472082 2.48854 2.6759 1.10722</i>
                        <i>0.445314 -0.187583 0.875504 0.199237 0.974053 0.107359 -0.872926 0.126624 0.471133 2.48867 2.67577 1.10708</i>
                        <i>0.44507 -0.184247 0.876336 0.197943 0.97464 0.104385 -0.873345 0.127006 0.470253 2.4891 2.67548 1.10663</i>
                        <i>0.444887 -0.181482 0.877006 0.196298 0.975201 0.102224 -0.873809 0.126677 0.469479 2.48978 2.67508 1.10591</i>
                        <i>0.444787 -0.179261 0.877514 0.194351 0.975738 0.100815 -0.874295 0.125704 0.468835 2.49062 2.67461 1.10502</i>
                        <i>0.444788 -0.177555 0.87786 0.192148 0.976248 0.100099 -0.874781 0.124157 0.468341 2.49155 2.67411 1.10402</i>
                        <i>0.444903 -0.176335 0.878047 0.189736 0.976728 0.100013 -0.875249 0.122101 0.468007 2.49251 2.67363 1.10298</i>
                        <i>0.445127 -0.175619 0.878078 0.187335 0.977145 0.100466 -0.875653 0.119775 0.467853 2.49351 2.67317 1.10188</i>
                        <i>0.445479 -0.175536 0.877916 0.184916 0.977487 0.101613 -0.875988 0.117074 0.467909 2.49451 2.67276 1.10077</i>
                        <i>0.445942 -0.176032 0.877581 0.182532 0.977751 0.103372 -0.876252 0.114089 0.468152 2.4955 2.67245 1.09967</i>
                        <i>0.446463 -0.17698 0.877125 0.180403 0.977919 0.105491 -0.876428 0.111139 0.468533 2.49655 2.67225 1.0985</i>
                        <i>0.447036 -0.178394 0.876547 0.178445 0.978001 0.108035 -0.876536 0.10812 0.469035 2.49758 2.67222 1.09733</i>
                        <i>0.44765 -0.180288 0.875846 0.176573 0.978001 0.111068 -0.876602 0.104931 0.469636 2.49853 2.67241 1.09626</i>
                        <i>0.448297 -0.182678 0.875019 0.174703 0.977923 0.114656 -0.876646 0.101468 0.470314 2.49931 2.67279 1.09538</i>
                        <i>0.448969 -0.18558 0.874064 0.17275 0.977767 0.118864 -0.876689 0.0976288 0.471046 2.49984 2.67335 1.09476</i>
                        <i>0.449661 -0.189009 0.872972 0.170633 0.977532 0.123756 -0.876749 0.0933094 0.47181 2.50004 2.67408 1.0945</i>
                        <i>0.450336 -0.192874 0.871778 0.168506 0.977203 0.129153 -0.876814 0.0887377 0.47257 2.49992 2.67491 1.0946</i>
                        <i>0.450915 -0.196981 0.87056 0.166757 0.976762 0.134638 -0.876851 0.0844613 0.473285 2.49956 2.67574 1.09497</i>
                        <i>0.451348 -0.201194 0.869371 0.165647 0.976209 0.139921 -0.876839 0.0808557 0.473937 2.49899 2.67649 1.09557</i>
                        <i>0.451338 -0.205342 0.868406 0.166474 0.975455 0.144133 -0.876687 0.0795144 0.474444 2.49831 2.67685 1.09636</i>
                        <i>0.450762 -0.209139 0.867799 0.169841 0.974501 0.146633 -0.876337 0.0812916 0.474789 2.49755 2.6767 1.09729</i>
                        <i>0.449845 -0.212274 0.867513 0.174973 0.973467 0.147469 -0.875799 0.0854538 0.475051 2.4967 2.6762 1.09834</i>
                        <i>0.448799 -0.214437 0.867523 0.181095 0.972464 0.14669 -0.875091 0.0912694 0.475274 2.49574 2.67554 1.09948</i>
                        <i>0.447809 -0.215313 0.867818 0.187428 0.971614 0.14435 -0.874264 0.0980123 0.475453 2.49467 2.6749 1.10071</i>
                        <i>0.447012 -0.214587 0.868408 0.193193 0.971048 0.140504 -0.873417 0.104964 0.475527 2.49348 2.67445 1.10202</i>
                        <i>0.446486 -0.21194 0.869328 0.197606 0.970911 0.135215 -0.872698 0.111413 0.475379 2.49217 2.67437 1.10342</i>
                        <i>0.446252 -0.207046 0.870627 0.199878 0.971352 0.12855 -0.872301 0.116653 0.474851 2.49072 2.67485 1.10494</i>
                    </KeyFrames>
                </p>
            </i>
            <i>
                <p>
                    <Name><![CDATA[l_elbow]]></Name>
                    <Exclude>0</Exclude>
                    <Additive>0</Additive>
                    <IKPriority>0</IKPriority>
                    <IKRotLimits>-1e+010 -1e+010 -1e+010 1e+010 1e+010 1e+010</IKRotLimits>
                    <IKRotLimitOrder>0</IKRotLimitOrder>
                    <KeyFrames count="30">
                        <i>-0.977694 0.185892 0.0977672 0.197709 0.971647 0.129668 -0.0708909 0.146106 -0.986726 2.63588 2.6075 1.38813</i>
                        <i>-0.977585 0.187232 0.0962864 0.198341 0.972402 0.122867 -0.0706245 0.13921 -0.987741 2.6346 2.61003 1.38988</i>
                        <i>-0.977587 0.187891 0.0949781 0.198405 0.9731 0.1171 -0.0704212 0.133319 -0.988568 2.63382 2.61205 1.39103</i>
                        <i>-0.977689 0.18794 0.093824 0.197962 0.973753 0.112318 -0.0702523 0.128386 -0.989233 2.63348 2.6136 1.39167</i>
                        <i>-0.97788 0.187444 0.0928177 0.197067 0.974371 0.108468 -0.0701072 0.12436 -0.989757 2.63352 2.61475 1.39186</i>
                        <i>-0.978149 0.186462 0.091962 0.195772 0.974959 0.105492 -0.0699891 0.12119 -0.990159 2.63387 2.61555 1.39168</i>
                        <i>-0.978482 0.185048 0.0912657 0.194126 0.975519 0.103329 -0.0699106 0.118823 -0.990451 2.63449 2.61605 1.39118</i>
                        <i>-0.978868 0.183257 0.0907414 0.192178 0.976053 0.101919 -0.0698911 0.117204 -0.990645 2.6353 2.6163 1.39046</i>
                        <i>-0.979294 0.181137 0.0904031 0.189974 0.976559 0.101201 -0.0699527 0.11628 -0.99075 2.63623 2.61635 1.38956</i>
