<?xml version="1.0" encoding="ISO-8859-1" ?>
<Animl Version="1">
    <ModellingPackage><![CDATA[Maya.2010]]></ModellingPackage>
    <SrcFile><![CDATA[anims\turrets\mortar\red\~src\mortar_m1938\mortar_m1938_aim_high_crewman_a.mb]]></SrcFile>
    <FramesPerSecond>30</FramesPerSecond>
    <TotalFrames>30</TotalFrames>
    <Skeleton>
        <RefFrame>
            <Name><![CDATA[soldier_ref_frame]]></Name>
            <Exclude>0</Exclude>
            <Additive>0</Additive>
            <IKPriority>0</IKPriority>
            <IKRotLimits>-1e+010 -1e+010 -1e+010 1e+010 1e+010 1e+010</IKRotLimits>
            <IKRotLimitOrder>0</IKRotLimitOrder>
            <KeyFrames count="30">
                <i>1 0 0 0 1 0 0 0 1 1.29 0.9 -0.19</i>
                <i>1 0 0 0 1 0 0 0 1 1.29 0.9 -0.19</i>
                <i>1 0 0 0 1 0 0 0 1 1.29 0.9 -0.19</i>
                <i>1 0 0 0 1 0 0 0 1 1.29 0.9 -0.19</i>
                <i>1 0 0 0 1 0 0 0 1 1.29 0.9 -0.19</i>
                <i>1 0 0 0 1 0 0 0 1 1.29 0.9 -0.19</i>
                <i>1 0 0 0 1 0 0 0 1 1.29 0.9 -0.19</i>
                <i>1 0 0 0 1 0 0 0 1 1.29 0.9 -0.19</i>
                <i>1 0 0 0 1 0 0 0 1 1.29 0.9 -0.19</i>
                <i>1 0 0 0 1 0 0 0 1 1.29 0.9 -0.19</i>
                <i>1 0 0 0 1 0 0 0 1 1.29 0.9 -0.19</i>
                <i>1 0 0 0 1 0 0 0 1 1.29 0.9 -0.19</i>
                <i>1 0 0 0 1 0 0 0 1 1.29 0.9 -0.19</i>
                <i>1 0 0 0 1 0 0 0 1 1.29 0.9 -0.19</i>
                <i>1 0 0 0 1 0 0 0 1 1.29 0.9 -0.19</i>
                <i>1 0 0 0 1 0 0 0 1 1.29 0.9 -0.19</i>
                <i>1 0 0 0 1 0 0 0 1 1.29 0.9 -0.19</i>
                <i>1 0 0 0 1 0 0 0 1 1.29 0.9 -0.19</i>
                <i>1 0 0 0 1 0 0 0 1 1.29 0.9 -0.19</i>
                <i>1 0 0 0 1 0 0 0 1 1.29 0.9 -0.19</i>
                <i>1 0 0 0 1 0 0 0 1 1.29 0.9 -0.19</i>
                <i>1 0 0 0 1 0 0 0 1 1.29 0.9 -0.19</i>
                <i>1 0 0 0 1 0 0 0 1 1.29 0.9 -0.19</i>
                <i>1 0 0 0 1 0 0 0 1 1.29 0.9 -0.19</i>
                <i>1 0 0 0 1 0 0 0 1 1.29 0.9 -0.19</i>
                <i>1 0 0 0 1 0 0 0 1 1.29 0.9 -0.19</i>
                <i>1 0 0 0 1 0 0 0 1 1.29 0.9 -0.19</i>
                <i>1 0 0 0 1 0 0 0 1 1.29 0.9 -0.19</i>
                <i>1 0 0 0 1 0 0 0 1 1.29 0.9 -0.19</i>
                <i>1 0 0 0 1 0 0 0 1 1.29 0.9 -0.19</i>
            </KeyFrames>
        </RefFrame>
        <Bones count="23">
            <i>
                <p>
                    <Name><![CDATA[pelvis]]></Name>
                    <Exclude>0</Exclude>
                    <Additive>0</Additive>
                    <IKPriority>0</IKPriority>
                    <IKRotLimits>-1e+010 -1e+010 -1e+010 1e+010 1e+010 1e+010</IKRotLimits>
                    <IKRotLimitOrder>2</IKRotLimitOrder>
                    <KeyFrames count="30">
                        <i>1 0 0 0 1 0 0 0 1 1.37589 2.01888 -0.276276</i>
                        <i>1 0 0 0 1 0 0 0 1 1.3759 2.01992 -0.276287</i>
                        <i>1 0 0 0 1 0 0 0 1 1.3759 2.02106 -0.276296</i>
                        <i>1 0 0 0 1 0 0 0 1 1.3759 2.02229 -0.276303</i>
                        <i>1 0 0 0 1 0 0 0 1 1.3759 2.02356 -0.276308</i>
                        <i>1 0 0 0 1 0 0 0 1 1.3759 2.02486 -0.276311</i>
                        <i>1 0 0 0 1 0 0 0 1 1.3759 2.02614 -0.276312</i>
                        <i>1 0 0 0 1 0 0 0 1 1.3759 2.02739 -0.276313</i>
                        <i>1 0 0 0 1 0 0 0 1 1.3759 2.02856 -0.276312</i>
                        <i>1 0 0 0 1 0 0 0 1 1.3759 2.02964 -0.276311</i>
                        <i>1 0 0 0 1 0 0 0 1 1.3759 2.03059 -0.27631</i>
                        <i>1 0 0 0 1 0 0 0 1 1.3759 2.03138 -0.276308</i>
                        <i>1 0 0 0 1 0 0 0 1 1.3759 2.03198 -0.276306</i>
                        <i>1 0 0 0 1 0 0 0 1 1.3759 2.03236 -0.276305</i>
                        <i>1 0 0 0 1 0 0 0 1 1.3759 2.03249 -0.276305</i>
                        <i>1 0 0 0 1 0 0 0 1 1.3759 2.03226 -0.276304</i>
                        <i>1 0 0 0 1 0 0 0 1 1.3759 2.03161 -0.276301</i>
                        <i>1 0 0 0 1 0 0 0 1 1.3759 2.03062 -0.276296</i>
                        <i>1 0 0 0 1 0 0 0 1 1.3759 2.02935 -0.27629</i>
                        <i>1 0 0 0 1 0 0 0 1 1.3759 2.0279 -0.276283</i>
                        <i>1 0 0 0 1 0 0 0 1 1.37589 2.02632 -0.276276</i>
                        <i>1 0 0 0 1 0 0 0 1 1.37589 2.02469 -0.276269</i>
                        <i>1 0 0 0 1 0 0 0 1 1.37589 2.02309 -0.276263</i>
                        <i>1 0 0 0 1 0 0 0 1 1.37589 2.0216 -0.276258</i>
                        <i>1 0 0 0 1 0 0 0 1 1.37589 2.02027 -0.276255</i>
                        <i>1 0 0 0 1 0 0 0 1 1.37589 2.0192 -0.276253</i>
                        <i>1 0 0 0 1 0 0 0 1 1.37589 2.01845 -0.276254</i>
                        <i>1 0 0 0 1 0 0 0 1 1.37589 2.0181 -0.276258</i>
                        <i>1 0 0 0 1 0 0 0 1 1.37589 2.01822 -0.276265</i>
                        <i>1 0 0 0 1 0 0 0 1 1.37589 2.01888 -0.276276</i>
                    </KeyFrames>
                </p>
            </i>
            <i>
                <p>
                    <Name><![CDATA[spine0]]></Name>
                    <Exclude>0</Exclude>
                    <Additive>0</Additive>
                    <IKPriority>0</IKPriority>
                    <IKRotLimits>-1e+010 -1e+010 -1e+010 1e+010 1e+010 1e+010</IKRotLimits>
                    <IKRotLimitOrder>0</IKRotLimitOrder>
                    <KeyFrames count="30">
                        <i>-0.0271637 0.998324 -0.0510949 -0.857732 -0.0495277 -0.511706 -0.513379 0.0299259 0.85764 1.40052 2.15004 -0.330016</i>
                        <i>-0.027073 0.998158 -0.0542836 -0.857727 -0.0510847 -0.511561 -0.513392 0.0327111 0.857531 1.40037 2.1512 -0.329794</i>
                        <i>-0.0273891 0.998009 -0.0568165 -0.85771 -0.0526544 -0.511431 -0.513405 0.0347244 0.857444 1.39998 2.15267 -0.329172</i>
                        <i>-0.0280191 0.997881 -0.0587194 -0.857674 -0.0541711 -0.511332 -0.51343 0.0360351 0.857375 1.3994 2.15437 -0.328257</i>
                        <i>-0.0288686 0.997779 -0.0600241 -0.85762 -0.0555704 -0.511273 -0.513473 0.0367181 0.85732 1.39871 2.15619 -0.327157</i>
                        <i>-0.0298398 0.997706 -0.0607713 -0.857552 -0.056789 -0.511252 -0.51353 0.0368589 0.857279 1.39798 2.15806 -0.325979</i>
                        <i>-0.0308305 0.997661 -0.0610112 -0.85748 -0.0577645 -0.511265 -0.513593 0.0365533 0.857255 1.39726 2.15988 -0.324835</i>
                        <i>-0.0317352 0.997645 -0.0608006 -0.857414 -0.0584351 -0.511298 -0.513647 0.0359051 0.85725 1.39664 2.16158 -0.323836</i>
                        <i>-0.0324467 0.997659 -0.0601993 -0.85737 -0.0587385 -0.511338 -0.513677 0.0350218 0.857268 1.39618 2.16309 -0.323097</i>
                        <i>-0.0328575 0.997701 -0.0592645 -0.857359 -0.0586116 -0.511371 -0.51367 0.0340086 0.857314 1.39595 2.16432 -0.32273</i>
                        <i>-0.0330615 0.997783 -0.0577598 -0.857381 -0.0580134 -0.511403 -0.51362 0.0326144 0.857398 1.39591 2.1653 -0.322656</i>
                        <i>-0.0332216 0.997905 -0.0555165 -0.857424 -0.056998 -0.511444 -0.513536 0.0306102 0.857522 1.39594 2.16607 -0.322708</i>
                        <i>-0.0333351 0.998055 -0.0526875 -0.857484 -0.0556418 -0.511493 -0.51343 0.028128 0.857671 1.39604 2.1666 -0.322873</i>
                        <i>-0.0333993 0.998219 -0.049427 -0.857552 -0.0540224 -0.511553 -0.513312 0.0253007 0.857829 1.39621 2.16686 -0.323138</i>
                        <i>-0.0334116 0.998387 -0.0458925 -0.857621 -0.0522184 -0.511624 -0.513195 0.0222642 0.857983 1.39643 2.16684 -0.323489</i>
                        <i>-0.0333689 0.99855 -0.0422467 -0.857686 -0.0503109 -0.511707 -0.513091 0.0191593 0.858121 1.39669 2.16641 -0.323912</i>
                        <i>-0.0332678 0.998699 -0.0386578 -0.85774 -0.0483832 -0.511802 -0.513006 0.0161318 0.858233 1.39699 2.16555 -0.324392</i>
                        <i>-0.0331049 0.998828 -0.0352991 -0.857781 -0.046521 -0.511906 -0.512948 0.0133323 0.858316 1.39732 2.16431 -0.324916</i>
                        <i>-0.0328762 0.998936 -0.032348 -0.857807 -0.0448118 -0.512015 -0.51292 0.0109153 0.858367 1.39767 2.16278 -0.325471</i>
                        <i>-0.0325777 0.999019 -0.029985 -0.857818 -0.0433442 -0.512123 -0.512921 0.00903787 0.858389 1.39803 2.16105 -0.326044</i>
                        <i>-0.0322052 0.999078 -0.0283917 -0.857815 -0.0422079 -0.512222 -0.512948 0.00785859 0.858384 1.39839 2.15919 -0.326622</i>
                        <i>-0.0317544 0.99911 -0.0277499 -0.857803 -0.0414922 -0.5123 -0.512996 0.00753613 0.858358 1.39875 2.15728 -0.327193</i>
                        <i>-0.031219 0.999113 -0.0282588 -0.857786 -0.0412941 -0.512346 -0.513058 0.00824508 0.858314 1.3991 2.15541 -0.327744</i>
                        <i>-0.030615 0.999085 -0.0298636 -0.857768 -0.0415993 -0.512352 -0.513125 0.00993034 0.858256 1.39943 2.15365 -0.328263</i>
                        <i>-0.0299713 0.999027 -0.0323616 -0.857752 -0.0423286 -0.512318 -0.513189 0.0124034 0.858186 1.39972 2.15208 -0.328737</i>
                        <i>-0.0293165 0.998938 -0.0355484 -0.857741 -0.0434016 -0.512247 -0.513246 0.015474 0.858102 1.39999 2.15079 -0.329155</i>
                        <i>-0.0286794 0.998819 -0.0392191 -0.857735 -0.0447379 -0.512142 -0.513292 0.0189516 0.858005 1.4002 2.14986 -0.329504</i>
                        <i>-0.0280888 0.998673 -0.0431688 -0.857732 -0.046257 -0.512011 -0.513329 0.0226455 0.857893 1.40037 2.14937 -0.329772</i>
                        <i>-0.0275738 0.998505 -0.0471945 -0.857732 -0.0478796 -0.511862 -0.513357 0.0263662 0.85777 1.40048 2.1494 -0.329947</i>
                        <i>-0.0271637 0.998324 -0.0510949 -0.857732 -0.0495277 -0.511706 -0.513379 0.0299259 0.85764 1.40052 2.15004 -0.330016</i>
                    </KeyFrames>
                </p>
            </i>
            <i>
                <p>
                    <Name><![CDATA[spine1]]></Name>
                    <Exclude>0</Exclude>
                    <Additive>0</Additive>
                    <IKPriority>0</IKPriority>
                    <IKRotLimits>-1e+010 -1e+010 -1e+010 1e+010 1e+010 1e+010</IKRotLimits>
                    <IKRotLimitOrder>0</IKRotLimitOrder>
                    <KeyFrames count="30">
                        <i>-0.0764366 0.98979 0.120305 -0.951012 -0.036123 -0.307035 -0.299554 -0.137881 0.944064 1.39579 2.32407 -0.338938</i>
                        <i>-0.0755722 0.990187 0.117548 -0.950964 -0.0361114 -0.307187 -0.299928 -0.134999 0.944361 1.39566 2.32522 -0.339272</i>
                        <i>-0.0734924 0.990902 0.112745 -0.950926 -0.0355551 -0.307369 -0.300564 -0.129801 0.944888 1.39521 2.32656 -0.339086</i>
                        <i>-0.0705222 0.991811 0.106481 -0.950903 -0.0345951 -0.307548 -0.301346 -0.122942 0.945556 1.39453 2.32804 -0.338491</i>
                        <i>-0.0669893 0.992794 0.0993555 -0.950899 -0.033369 -0.307698 -0.302165 -0.115089 0.946283 1.3937 2.32961 -0.337601</i>
                        <i>-0.0632299 0.993751 0.0919883 -0.950913 -0.0320124 -0.307798 -0.302929 -0.106935 0.946995 1.3928 2.33119 -0.336536</i>
                        <i>-0.0595907 0.994595 0.0850225 -0.950944 -0.0306597 -0.307841 -0.303571 -0.0991961 0.947631 1.39192 2.33275 -0.335416</i>
                        <i>-0.056428 0.995267 0.0791211 -0.950985 -0.0294455 -0.307833 -0.304046 -0.0926133 0.948145 1.39115 2.33422 -0.334365</i>
                        <i>-0.0541043 0.995718 0.0749579 -0.951028 -0.0285057 -0.307787 -0.304332 -0.0879397 0.948498 1.39057 2.33555 -0.33351</i>
                        <i>-0.0529845 0.995908 0.0732082 -0.951064 -0.0279782 -0.307724 -0.304417 -0.0859303 0.948655 1.39028 2.33668 -0.332975</i>
                        <i>-0.0528213 0.995896 0.0734977 -0.951098 -0.0277413 -0.30764 -0.304339 -0.0861535 0.94866 1.3902 2.33762 -0.332637</i>
                        <i>-0.0530926 0.995777 0.0748976 -0.951139 -0.0275819 -0.307527 -0.304163 -0.0875655 0.948587 1.39021 2.33835 -0.332298</i>
                        <i>-0.0537478 0.995562 0.0772428 -0.951183 -0.0275015 -0.3074 -0.303912 -0.0899941 0.94844 1.39029 2.33885 -0.331972</i>
                        <i>-0.054736 0.995261 0.0803668 -0.951224 -0.027502 -0.307273 -0.303606 -0.0932657 0.948222 1.39045 2.33911 -0.331672</i>
                        <i>-0.0560062 0.994882 0.0841039 -0.95126 -0.0275848 -0.307154 -0.303262 -0.0972072 0.947936 1.39067 2.3391 -0.331413</i>
                        <i>-0.0575073 0.994433 0.0882899 -0.951288 -0.0277508 -0.307053 -0.302893 -0.101647 0.947588 1.39094 2.33871 -0.331207</i>
                        <i>-0.0591882 0.993927 0.0927635 -0.951307 -0.0280004 -0.306971 -0.30251 -0.106416 0.947187 1.39125 2.33789 -0.331069</i>
                        <i>-0.0609986 0.993378 0.0973669 -0.951317 -0.0283338 -0.30691 -0.302118 -0.111348 0.946745 1.39161 2.33672 -0.331015</i>
                        <i>-0.0628888 0.9928 0.101946 -0.951319 -0.0287508 -0.306865 -0.301724 -0.116281 0.946277 1.39199 2.33529 -0.331063</i>
                        <i>-0.0648099 0.992214 0.106349 -0.951314 -0.0292509 -0.306832 -0.301332 -0.121057 0.945803 1.3924 2.33366 -0.331231</i>
                        <i>-0.0667139 0.991642 0.110431 -0.951305 -0.0298338 -0.306805 -0.300946 -0.125522 0.945344 1.39283 2.33193 -0.331538</i>
                        <i>-0.0685537 0.991107 0.114046 -0.951292 -0.0304987 -0.30678 -0.300574 -0.129522 0.944923 1.39326 2.33017 -0.332003</i>
                        <i>-0.0702821 0.990637 0.117045 -0.951275 -0.031246 -0.306755 -0.300226 -0.132901 0.944564 1.3937 2.32845 -0.332647</i>
                        <i>-0.0718615 0.990244 0.119384 -0.951256 -0.0320524 -0.306733 -0.299914 -0.135607 0.944279 1.39412 2.32686 -0.33345</i>
                        <i>-0.0732603 0.989936 0.121078 -0.951231 -0.0328813 -0.306721 -0.299653 -0.137644 0.944067 1.39453 2.32546 -0.334364</i>
                        <i>-0.0744465 0.989717 0.122142 -0.951201 -0.0336962 -0.306726 -0.299456 -0.139016 0.943928 1.3949 2.32434 -0.335342</i>
                        <i>-0.0753886 0.98959 0.122586 -0.951164 -0.0344617 -0.306756 -0.299338 -0.139725 0.943861 1.39522 2.32356 -0.336337</i>
                        <i>-0.0760552 0.98956 0.122422 -0.95112 -0.0351433 -0.306817 -0.299311 -0.139773 0.943862 1.39549 2.32321 -0.3373</i>
                        <i>-0.0764149 0.989626 0.121659 -0.951068 -0.0357078 -0.306911 -0.299383 -0.139159 0.943931 1.39568 2.32335 -0.338183</i>
                        <i>-0.0764366 0.98979 0.120305 -0.951012 -0.036123 -0.307035 -0.299554 -0.137881 0.944064 1.39579 2.32407 -0.338938</i>
                    </KeyFrames>
                </p>
            </i>
            <i>
                <p>
                    <Name><![CDATA[spine2]]></Name>
                    <Exclude>0</Exclude>
                    <Additive>0</Additive>
                    <IKPriority>0</IKPriority>
                    <IKRotLimits>-1e+010 -1e+010 -1e+010 1e+010 1e+010 1e+010</IKRotLimits>
                    <IKRotLimitOrder>0</IKRotLimitOrder>
                    <KeyFrames count="30">
                        <i>-0.0757951 0.956473 0.281806 -0.994805 -0.0532764 -0.0867402 -0.067951 -0.286917 0.955543 1.38372 2.48288 -0.319486</i>
                        <i>-0.0758316 0.954751 0.287575 -0.994805 -0.0527986 -0.0870319 -0.0679103 -0.292681 0.953796 1.38373 2.48411 -0.320261</i>
                        <i>-0.0750638 0.953414 0.292176 -0.994849 -0.051585 -0.0872599 -0.0681229 -0.297221 0.952375 1.38363 2.48548 -0.320857</i>
                        <i>-0.0736822 0.952444 0.295669 -0.994926 -0.0498356 -0.0874038 -0.0685124 -0.300609 0.951283 1.38343 2.48694 -0.321288</i>
                        <i>-0.0718781 0.951821 0.29811 -0.995023 -0.0477492 -0.0874562 -0.0690081 -0.302913 0.950517 1.38318 2.48845 -0.321567</i>
                        <i>-0.0698485 0.951518 0.299558 -0.99513 -0.0455272 -0.0874235 -0.0695469 -0.304206 0.950064 1.3829 2.48995 -0.321707</i>
                        <i>-0.0677988 0.951501 0.300083 -0.995235 -0.0433745 -0.0873253 -0.0700741 -0.304574 0.949908 1.38262 2.49141 -0.321724</i>
                        <i>-0.0659423 0.951731 0.299765 -0.995327 -0.0415001 -0.0871919 -0.070543 -0.304114 0.95002 1.38237 2.49278 -0.321635</i>
                        <i>-0.0644984 0.952167 0.298695 -0.995395 -0.0401162 -0.0870592 -0.0709124 -0.302935 0.950369 1.38217 2.49403 -0.321458</i>
                        <i>-0.0636892 0.952762 0.296966 -0.995431 -0.0394366 -0.0869612 -0.071142 -0.301147 0.95092 1.38206 2.4951 -0.321211</i>
                        <i>-0.0633323 0.95366 0.294144 -0.995443 -0.03931 -0.0868802 -0.0712914 -0.298306 0.951804 1.38201 2.49598 -0.320832</i>
                        <i>-0.0630982 0.954963 0.289938 -0.995447 -0.039425 -0.0867824 -0.0714431 -0.294094 0.953103 1.38198 2.49663 -0.320275</i>
                        <i>-0.0629862 0.95656 0.28465 -0.995444 -0.0397562 -0.0866677 -0.0715862 -0.288812 0.954706 1.38196 2.49706 -0.31958</i>
                        <i>-0.0629949 0.958343 0.278585 -0.995434 -0.0402778 -0.0865345 -0.071709 -0.282765 0.956505 1.38196 2.49724 -0.318787</i>
                        <i>-0.0631232 0.96021 0.272051 -0.99542 -0.040964 -0.086381 -0.0717996 -0.276258 0.958398 1.38198 2.49715 -0.317935</i>
                        <i>-0.0633704 0.962066 0.265357 -0.9954 -0.0417887 -0.0862067 -0.0718477 -0.269599 0.960289 1.38201 2.49669 -0.317064</i>
                        <i>-0.0637361 0.963822 0.258813 -0.995377 -0.0427256 -0.086014 -0.0718443 -0.263099 0.96209 1.38206 2.49581 -0.316213</i>
                        <i>-0.0642204 0.965402 0.252735 -0.995351 -0.0437485 -0.0858086 -0.071783 -0.257071 0.963723 1.38212 2.4946 -0.315422</i>
                        <i>-0.0648236 0.966733 0.247438 -0.99532 -0.0448309 -0.0856002 -0.0716597 -0.251829 0.965115 1.3822 2.49313 -0.314735</i>
                        <i>-0.0655466 0.96775 0.243237 -0.995287 -0.0459463 -0.085403 -0.071473 -0.247688 0.9662 1.3823 2.4915 -0.314192</i>
                        <i>-0.0663904 0.968389 0.240448 -0.995248 -0.0470681 -0.0852353 -0.0712235 -0.244965 0.966912 1.38242 2.48978 -0.313836</i>
                        <i>-0.0673559 0.968585 0.239386 -0.995206 -0.0481698 -0.0851194 -0.0709142 -0.243972 0.967186 1.38255 2.48805 -0.313709</i>
                        <i>-0.0684469 0.968259 0.240396 -0.995157 -0.0492245 -0.0850818 -0.0705478 -0.245055 0.966939 1.3827 2.4864 -0.313856</i>
                        <i>-0.069631 0.967432 0.243368 -0.995104 -0.0502069 -0.0851318 -0.0701404 -0.248104 0.966191 1.38286 2.4849 -0.314265</i>
                        <i>-0.0708558 0.966183 0.247931 -0.995047 -0.0510929 -0.0852649 -0.0697141 -0.252744 0.965018 1.38303 2.48361 -0.314886</i>
                        <i>-0.0720694 0.96459 0.253716 -0.99499 -0.0518588 -0.0854727 -0.0692887 -0.258605 0.963495 1.3832 2.48261 -0.315671</i>
                        <i>-0.0732204 0.962732 0.260357 -0.994934 -0.0524818 -0.0857423 -0.0688828 -0.265316 0.961698 1.38336 2.48197 -0.316572</i>
                        <i>-0.0742585 0.960695 0.267491 -0.994883 -0.0529398 -0.0860572 -0.0685138 -0.272512 0.95971 1.3835 2.48176 -0.317541</i>
                        <i>-0.0751334 0.958573 0.274759 -0.994839 -0.0532116 -0.0863973 -0.0681978 -0.279832 0.957624 1.38363 2.48204 -0.318528</i>
                        <i>-0.0757951 0.956473 0.281806 -0.994805 -0.0532764 -0.0867402 -0.067951 -0.286917 0.955543 1.38372 2.48288 -0.319486</i>
                    </KeyFrames>
                </p>
            </i>
            <i>
                <p>
                    <Name><![CDATA[head]]></Name>
                    <Exclude>0</Exclude>
                    <Additive>0</Additive>
                    <IKPriority>0</IKPriority>
                    <IKRotLimits>-1e+010 -1e+010 -1e+010 1e+010 1e+010 1e+010</IKRotLimits>
                    <IKRotLimitOrder>0</IKRotLimitOrder>
                    <KeyFrames count="30">
                        <i>0.00836103 0.993263 0.11558 0.0700392 0.114718 -0.990926 -0.997509 0.0163803 -0.0686082 1.36814 2.7345 -0.257707</i>
                        <i>0.00792082 0.992756 0.119887 0.0695851 0.119053 -0.990447 -0.997545 0.0161875 -0.0681381 1.36803 2.73522 -0.256293</i>
                        <i>0.00755831 0.992373 0.12304 0.0691171 0.122231 -0.990092 -0.99758 0.0159876 -0.0676661 1.36792 2.73602 -0.254868</i>
                        <i>0.00726683 0.992105 0.125199 0.0686575 0.124411 -0.989853 -0.997614 0.0157889 -0.0672114 1.36781 2.7369 -0.253491</i>
                        <i>0.00704073 0.991939 0.126523 0.0682285 0.125755 -0.989712 -0.997645 0.0156008 -0.0667931 1.36771 2.73784 -0.25222</i>
                        <i>0.00687539 0.991857 0.127173 0.0678516 0.126421 -0.989653 -0.997672 0.0154332 -0.0664299 1.36762 2.73883 -0.251113</i>
                        <i>0.00676719 0.99184 0.127309 0.0675479 0.126567 -0.989655 -0.997693 0.0152966 -0.0661402 1.36755 2.73987 -0.250227</i>
                        <i>0.00671309 0.991869 0.127089 0.0673379 0.126355 -0.989697 -0.997708 0.0152018 -0.0659421 1.36751 2.74094 -0.249621</i>
                        <i>0.00671031 0.991922 0.126673 0.0672425 0.125941 -0.989756 -0.997714 0.0151593 -0.0658543 1.36748 2.74204 -0.249351</i>
                        <i>0.00675553 0.991979 0.12622 0.0672824 0.125486 -0.989811 -0.997711 0.0151791 -0.065895 1.36749 2.74315 -0.249475</i>
                        <i>0.00685245 0.99204 0.125738 0.0674709 0.124996 -0.98986 -0.997698 0.0152666 -0.0660773 1.36754 2.74426 -0.250032</i>
                        <i>0.0070013 0.992117 0.125116 0.0677905 0.12436 -0.989919 -0.997675 0.0154124 -0.0663855 1.36761 2.74532 -0.250974</i>
                        <i>0.00719257 0.992214 0.124333 0.0682157 0.12356 -0.98999 -0.997645 0.0156021 -0.0667959 1.36771 2.74626 -0.252227</i>
                        <i>0.00741701 0.992333 0.12337 0.0687212 0.122576 -0.990077 -0.997608 0.0158216 -0.0672852 1.36783 2.74703 -0.253718</i>
                        <i>0.00766603 0.992475 0.122207 0.069281 0.121389 -0.990184 -0.997568 0.0160574 -0.0678291 1.36796 2.74757 -0.255373</i>
                        <i>0.0079321 0.992642 0.120822 0.069869 0.119981 -0.990314 -0.997525 0.016297 -0.0684033 1.3681 2.74774 -0.257114</i>
                        <i>0.00820903 0.992837 0.119198 0.0704587 0.118332 -0.990471 -0.997481 0.0165294 -0.0689826 1.36824 2.74748 -0.258865</i>
                        <i>0.00849197 0.993059 0.117314 0.0710232 0.116423 -0.990657 -0.997438 0.0167446 -0.0695415 1.36837 2.74683 -0.260548</i>
                        <i>0.00877727 0.993309 0.115149 0.0715351 0.114235 -0.990875 -0.997399 0.0169344 -0.0700538 1.3685 2.74586 -0.262085</i>
                        <i>0.00906222 0.993589 0.112685 0.0719671 0.111749 -0.991127 -0.997366 0.0170914 -0.070493 1.3686 2.74463 -0.263399</i>
                        <i>0.0093445 0.993899 0.109901 0.0722914 0.108947 -0.991415 -0.99734 0.0172092 -0.0708323 1.36868 2.74323 -0.264411</i>
                        <i>0.00962158 0.994236 0.106778 0.0724809 0.105809 -0.991741 -0.997323 0.0172815 -0.0710451 1.36873 2.7417 -0.265042</i>
                        <i>0.0098046 0.994481 0.104454 0.0725169 0.103476 -0.991985 -0.997319 0.0173007 -0.0711022 1.36875 2.74013 -0.265207</i>
                        <i>0.00982779 0.994546 0.103838 0.0724139 0.102862 -0.992056 -0.997326 0.017269 -0.0710081 1.36872 2.73859 -0.26492</i>
                        <i>0.00972241 0.994471 0.104565 0.0721929 0.103599 -0.991996 -0.997343 0.0171934 -0.0707864 1.36867 2.73716 -0.264252</i>
                        <i>0.00951981 0.994292 0.106271 0.0718743 0.105321 -0.991837 -0.997368 0.0170803 -0.0704614 1.36859 2.73592 -0.263274</i>
                        <i>0.00925123 0.994043 0.108591 0.0714788 0.10766 -0.991615 -0.997399 0.0169356 -0.0700571 1.36849 2.73495 -0.262059</i>
                        <i>0.00894777 0.993762 0.111158 0.0710272 0.11025 -0.991363 -0.997434 0.0167658 -0.0695976 1.36838 2.73434 -0.260679</i>
                        <i>0.00864063 0.993488 0.11361 0.0705401 0.112725 -0.991119 -0.997472 0.0165779 -0.0691068 1.36826 2.73416 -0.259204</i>
                        <i>0.00836103 0.993263 0.11558 0.0700392 0.114718 -0.990926 -0.997509 0.0163803 -0.0686082 1.36814 2.7345 -0.257707</i>
                    </KeyFrames>
                </p>
            </i>
            <i>
                <p>
                    <Name><![CDATA[head_prop]]></Name>
                    <Exclude>0</Exclude>
                    <Additive>0</Additive>
                    <IKPriority>0</IKPriority>
                    <IKRotLimits>-1e+010 -1e+010 -1e+010 1e+010 1e+010 1e+010</IKRotLimits>
                    <IKRotLimitOrder>0</IKRotLimitOrder>
                    <KeyFrames count="30">
                        <i>0.997509 -0.0163803 0.0686082 0.00836103 0.993263 0.11558 -0.0700392 -0.114718 0.990926 1.37087 3.05821 -0.220038</i>
                        <i>0.997545 -0.0161875 0.0681381 0.00792082 0.992756 0.119887 -0.0695851 -0.119053 0.990447 1.37061 3.05876 -0.217221</i>
                        <i>0.99758 -0.0159876 0.0676661 0.00755831 0.992373 0.12304 -0.0691171 -0.122231 0.990092 1.37038 3.05944 -0.214768</i>
                        <i>0.997614 -0.0157889 0.0672114 0.00726683 0.992105 0.125199 -0.0686575 -0.124411 0.989853 1.37018 3.06024 -0.212687</i>
                        <i>0.997645 -0.0156008 0.0667931 0.00704073 0.991939 0.126523 -0.0682285 -0.125755 0.989712 1.37 3.06112 -0.210985</i>
                        <i>0.997672 -0.0154332 0.0664299 0.00687539 0.991857 0.127173 -0.0678516 -0.126421 0.989653 1.36986 3.06209 -0.209666</i>
                        <i>0.997693 -0.0152966 0.0661402 0.00676719 0.99184 0.127309 -0.0675479 -0.126567 0.989655 1.36976 3.06312 -0.208736</i>
                        <i>0.997708 -0.0152018 0.0659421 0.00671309 0.991869 0.127089 -0.0673379 -0.126355 0.989697 1.36969 3.0642 -0.208202</i>
                        <i>0.997714 -0.0151593 0.0658543 0.00671031 0.991922 0.126673 -0.0672425 -0.125941 0.989756 1.36967 3.06532 -0.208067</i>
                        <i>0.997711 -0.0151791 0.065895 0.00675553 0.991979 0.12622 -0.0672824 -0.125486 0.989811 1.3697 3.06645 -0.208339</i>
                        <i>0.997698 -0.0152666 0.0660773 0.00685245 0.99204 0.125738 -0.0674709 -0.124996 0.98986 1.36977 3.06758 -0.209053</i>
                        <i>0.997675 -0.0154124 0.0663855 0.0070013 0.992117 0.125116 -0.0677905 -0.12436 0.989919 1.36989 3.06866 -0.210197</i>
                        <i>0.997645 -0.0156021 0.0667959 0.00719257 0.992214 0.124333 -0.0682157 -0.12356 0.98999 1.37005 3.06963 -0.211706</i>
                        <i>0.997608 -0.0158216 0.0672852 0.00741701 0.992333 0.12337 -0.0687212 -0.122576 0.990077 1.37024 3.07044 -0.21351</i>
                        <i>0.997568 -0.0160574 0.0678291 0.00766603 0.992475 0.122207 -0.069281 -0.121389 0.990184 1.37046 3.07103 -0.215544</i>
                        <i>0.997525 -0.016297 0.0684033 0.0079321 0.992642 0.120822 -0.069869 -0.119981 0.990314 1.37068 3.07126 -0.217737</i>
                        <i>0.997481 -0.0165294 0.0689826 0.00820903 0.992837 0.119198 -0.0704587 -0.118332 0.990471 1.37091 3.07105 -0.220017</i>
                        <i>0.997438 -0.0167446 0.0695415 0.00849197 0.993059 0.117314 -0.0710232 -0.116423 0.990657 1.37114 3.07047 -0.222314</i>
                        <i>0.997399 -0.0169344 0.0700538 0.00877727 0.993309 0.115149 -0.0715351 -0.114235 0.990875 1.37136 3.06959 -0.224557</i>
                        <i>0.997366 -0.0170914 0.070493 0.00906222 0.993589 0.112685 -0.0719671 -0.111749 0.991127 1.37156 3.06845 -0.226674</i>
                        <i>0.99734 -0.0172092 0.0708323 0.0093445 0.993899 0.109901 -0.0722914 -0.108947 0.991415 1.37173 3.06715 -0.228593</i>
                        <i>0.997323 -0.0172815 0.0710451 0.00962158 0.994236 0.106778 -0.0724809 -0.105809 0.991741 1.37187 3.06574 -0.230242</i>
                        <i>0.997319 -0.0173007 0.0711022 0.0098046 0.994481 0.104454 -0.0725169 -0.103476 0.991985 1.37194 3.06424 -0.231164</i>
                        <i>0.997326 -0.017269 0.0710081 0.00982779 0.994546 0.103838 -0.0724139 -0.102862 0.992056 1.37193 3.06272 -0.231078</i>
                        <i>0.997343 -0.0171934 0.0707864 0.00972241 0.994471 0.104565 -0.0721929 -0.103599 0.991996 1.37184 3.06127 -0.230173</i>
                        <i>0.997368 -0.0170803 0.0704614 0.00951981 0.994292 0.106271 -0.0718743 -0.105321 0.991837 1.37169 3.05997 -0.228639</i>
                        <i>0.997399 -0.0169356 0.0700571 0.00925123 0.994043 0.108591 -0.0714788 -0.10766 0.991615 1.37151 3.05892 -0.226669</i>
                        <i>0.997434 -0.0167658 0.0695976 0.00894777 0.993762 0.111158 -0.0710272 -0.11025 0.991363 1.3713 3.05822 -0.224451</i>
                        <i>0.997472 -0.0165779 0.0691068 0.00864063 0.993488 0.11361 -0.0705401 -0.112725 0.991119 1.37108 3.05795 -0.222178</i>
                        <i>0.997509 -0.0163803 0.0686082 0.00836103 0.993263 0.11558 -0.0700392 -0.114718 0.990926 1.37087 3.05821 -0.220038</i>
                    </KeyFrames>
                </p>
            </i>
            <i>
                <p>
                    <Name><![CDATA[l_clav]]></Name>
                    <Exclude>0</Exclude>
                    <Additive>0</Additive>
                    <IKPriority>0</IKPriority>
                    <IKRotLimits>-1e+010 -1e+010 -1e+010 1e+010 1e+010 1e+010</IKRotLimits>
                    <IKRotLimitOrder>0</IKRotLimitOrder>
                    <KeyFrames count="30">
                        <i>0.881814 0.470206 0.0362025 -0.471586 0.878649 0.0747179 0.00332355 -0.0829599 0.996547 1.45983 2.53602 -0.261527</i>
                        <i>0.892097 0.450126 0.0393575 -0.451817 0.88773 0.0883018 0.00480809 -0.0965563 0.995316 1.4599 2.53688 -0.262395</i>
                        <i>0.900881 0.43201 0.0422041 -0.434022 0.89513 0.101816 0.00620729 -0.110041 0.993908 1.45998 2.53786 -0.263271</i>
                        <i>0.907851 0.416894 0.0447846 -0.419226 0.900619 0.114605 0.00744426 -0.122819 0.992401 1.46006 2.53893 -0.264117</i>
                        <i>0.912735 0.405815 0.0472183 -0.408466 0.904035 0.126001 0.00844616 -0.134293 0.990906 1.46013 2.54008 -0.2649</i>
                        <i>0.915254 0.399803 0.0496724 -0.402773 0.90524 0.135328 0.00913917 -0.143866 0.989555 1.46019 2.54126 -0.265583</i>
                        <i>0.915083 0.399857 0.0523216 -0.403155 0.904062 0.141911 0.00944193 -0.150954 0.988496 1.46024 2.54246 -0.266129</i>
                        <i>0.91276 0.404787 0.054928 -0.408389 0.901138 0.145492 0.00939578 -0.155232 0.987833 1.46028 2.54365 -0.266504</i>
                        <i>0.909217 0.412407 0.05697 -0.416224 0.897457 0.146044 0.00910142 -0.156498 0.987636 1.46029 2.54481 -0.26667</i>
                        <i>0.904643 0.422188 0.0581248 -0.426085 0.89327 0.143248 0.00855649 -0.154355 0.987978 1.46028 2.54589 -0.266591</i>
                        <i>0.899229 0.433606 0.0580748 -0.437408 0.888773 0.136953 0.00776811 -0.148554 0.988874 1.46025 2.54689 -0.266245</i>
                        <i>0.893159 0.446144 0.056767 -0.44969 0.884013 0.127668 0.00677579 -0.139556 0.990191 1.4602 2.54777 -0.265664</i>
                        <i>0.886628 0.45929 0.0542504 -0.462449 0.879013 0.116087 0.00563099 -0.128014 0.991756 1.46013 2.54849 -0.264894</i>
                        <i>0.879859 0.472531 0.0506179 -0.475214 0.873833 0.102893 0.00438863 -0.114586 0.993404 1.46005 2.54903 -0.263983</i>
                        <i>0.8731 0.485365 0.0460197 -0.487532 0.868582 0.0887536 0.00310601 -0.0999269 0.99499 1.45996 2.54935 -0.26298</i>
                        <i>0.866622 0.497305 0.04067 -0.498962 0.863431 0.0743155 0.0018417 -0.0846963 0.996405 1.45986 2.54933 -0.261928</i>
                        <i>0.860719 0.507886 0.0348467 -0.50908 0.858612 0.0601992 0.000654583 -0.0695544 0.997578 1.45977 2.5489 -0.260874</i>
                        <i>0.8557 0.516665 0.0288845 -0.517471 0.854409 0.0469969 -0.000397504 -0.0551622 0.998477 1.45967 2.54814 -0.259865</i>
                        <i>0.851883 0.52322 0.0231623 -0.523731 0.851153 0.0352749 -0.00125819 -0.042181 0.999109 1.45959 2.5471 -0.258945</i>
                        <i>0.849581 0.527148 0.0180856 -0.527455 0.849198 0.0255801 -0.0018738 -0.0312717 0.999509 1.45952 2.54584 -0.25816</i>
                        <i>0.848298 0.529332 0.0140879 -0.529514 0.848104 0.0182764 -0.00227378 -0.0229636 0.999734 1.45946 2.54441 -0.257555</i>
                        <i>0.847463 0.53073 0.0115571 -0.53085 0.847355 0.0137362 -0.00250275 -0.017776 0.999839 1.45943 2.54289 -0.257175</i>
                        <i>0.847266 0.531058 0.0108609 -0.531163 0.847177 0.0125635 -0.00252918 -0.0164135 0.999862 1.45942 2.54132 -0.257069</i>
                        <i>0.847934 0.529966 0.0119514 -0.530096 0.84781 0.0147035 -0.00234013 -0.018803 0.99982 1.45943 2.53978 -0.257229</i>
                        <i>0.849705 0.527058 0.0145198 -0.527254 0.849478 0.019735 -0.00193277 -0.0244246 0.9997 1.45947 2.53835 -0.257614</i>
                        <i>0.852803 0.521915 0.0182199 -0.522232 0.852368 0.0272568 -0.00130431 -0.0327597 0.999462 1.45952 2.53712 -0.258186</i>
                        <i>0.857425 0.514109 0.0226681 -0.514608 0.856632 0.0368857 -0.000454927 -0.0432919 0.999062 1.45958 2.53619 -0.258903</i>
                        <i>0.863737 0.503196 0.0274467 -0.503943 0.862388 0.0482509 0.00060992 -0.0555076 0.998458 1.45966 2.53564 -0.259726</i>
                        <i>0.87185 0.488719 0.0321114 -0.489769 0.869717 0.0609861 0.00187728 -0.0688979 0.997622 1.45974 2.53556 -0.260615</i>
                        <i>0.881814 0.470206 0.0362025 -0.471586 0.878649 0.0747179 0.00332355 -0.0829599 0.996547 1.45983 2.53602 -0.261527</i>
                    </KeyFrames>
                </p>
            </i>
            <i>
                <p>
                    <Name><![CDATA[l_shoulder]]></Name>
                    <Exclude>0</Exclude>
                    <Additive>0</Additive>
                    <IKPriority>0</IKPriority>
                    <IKRotLimits>-1e+010 -1e+010 -1e+010 1e+010 1e+010 1e+010</IKRotLimits>
                    <IKRotLimitOrder>0</IKRotLimitOrder>
                    <KeyFrames count="30">
                        <i>0.654957 -0.740596 -0.150165 0.131528 -0.0839605 0.987751 -0.744132 -0.666685 0.0424187 1.63405 2.62893 -0.254375</i>
                        <i>0.662352 -0.73346 -0.152729 0.134479 -0.0841524 0.987337 -0.737024 -0.674503 0.0428965 1.63616 2.62582 -0.254619</i>
                        <i>0.670301 -0.725724 -0.154989 0.137341 -0.0839277 0.986962 -0.729269 -0.682848 0.0434146 1.63798 2.62322 -0.254932</i>
                        <i>0.678045 -0.718082 -0.156885 0.140009 -0.0833557 0.986635 -0.721563 -0.690948 0.0440188 1.63943 2.6213 -0.255269</i>
                        <i>0.684911 -0.711203 -0.158391 0.142399 -0.082536 0.986362 -0.714576 -0.698125 0.0447449 1.64047 2.62026 -0.255571</i>
                        <i>0.690307 -0.705715 -0.159507 0.144445 -0.0815982 0.986143 -0.708951 -0.703781 0.0456094 1.64103 2.62025 -0.255769</i>
                        <i>0.693704 -0.702207 -0.160249 0.146085 -0.0806908 0.985976 -0.70529 -0.707386 0.0466062 1.64104 2.62147 -0.255792</i>
                        <i>0.695214 -0.700622 -0.160641 0.147237 -0.0799415 0.985865 -0.703561 -0.70904 0.0475812 1.64062 2.62363 -0.255651</i>
                        <i>0.695199 -0.700628 -0.160681 0.147794 -0.0794387 0.985823 -0.70346 -0.709091 0.0483231 1.63993 2.62629 -0.255413</i>
                        <i>0.693508 -0.702384 -0.160322 0.147634 -0.0792591 0.985861 -0.70516 -0.707371 0.0487287 1.63902 2.62931 -0.255107</i>
                        <i>0.690509 -0.705524 -0.159476 0.146672 -0.0793247 0.986 -0.708297 -0.704232 0.0487059 1.63792 2.63256 -0.254771</i>
                        <i>0.686796 -0.709441 -0.158128 0.144979 -0.079472 0.986238 -0.712245 -0.70027 0.0482729 1.63667 2.63592 -0.254448</i>
                        <i>0.682516 -0.713957 -0.156324 0.142654 -0.0796403 0.986563 -0.716814 -0.695646 0.047493 1.63531 2.63924 -0.254175</i>
                        <i>0.67782 -0.718892 -0.154129 0.139805 -0.0797846 0.98696 -0.721814 -0.690528 0.0464247 1.63389 2.64239 -0.253982</i>
                        <i>0.672862 -0.724061 -0.151629 0.136553 -0.0798792 0.987407 -0.727055 -0.685094 0.0451252 1.63246 2.64525 -0.253887</i>
                        <i>0.66781 -0.729279 -0.148933 0.13304 -0.0799191 0.987883 -0.732345 -0.679533 0.0436527 1.63109 2.64758 -0.253893</i>
                        <i>0.662841 -0.734353 -0.146175 0.129422 -0.0799177 0.988364 -0.73749 -0.674047 0.042069 1.62983 2.64925 -0.253989</i>
                        <i>0.658147 -0.739087 -0.143504 0.125874 -0.0799048 0.988823 -0.742293 -0.668854 0.0404427 1.62874 2.65022 -0.254158</i>
                        <i>0.653934 -0.743281 -0.141084 0.122582 -0.0799217 0.989235 -0.746555 -0.664189 0.0388495 1.6279 2.65047 -0.254368</i>
                        <i>0.65042 -0.746732 -0.139084 0.119743 -0.0800159 0.989575 -0.750077 -0.660294 0.0373722 1.62738 2.64999 -0.254586</i>
                        <i>0.64742 -0.74961 -0.137593 0.11753 -0.0801781 0.989827 -0.753017 -0.657005 0.0361925 1.62707 2.649 -0.254772</i>
                        <i>0.644707 -0.752112 -0.13668 0.116105 -0.0803821 0.989979 -0.755561 -0.654115 0.0355013 1.62687 2.64775 -0.254892</i>
                        <i>0.642458 -0.754067 -0.136494 0.115672 -0.0806504 0.990008 -0.757541 -0.651827 0.0354099 1.62682 2.64624 -0.254923</i>
                        <i>0.640857 -0.755329 -0.137038 0.116217 -0.0809945 0.989916 -0.758812 -0.650321 0.0358762 1.62696 2.64449 -0.254867</i>
                        <i>0.640092 -0.755762 -0.138224 0.117598 -0.0814136 0.989718 -0.759245 -0.649766 0.036764 1.62735 2.64248 -0.254746</i>
                        <i>0.640349 -0.755225 -0.139957 0.119663 -0.0818979 0.989431 -0.758706 -0.650328 0.0379293 1.62801 2.64024 -0.254586</i>
                        <i>0.641806 -0.753581 -0.142132 0.122252 -0.0824279 0.98907 -0.75706 -0.652167 0.0392241 1.62899 2.63777 -0.254424</i>
                        <i>0.644631 -0.750687 -0.144638 0.125202 -0.0829749 0.988655 -0.754172 -0.655427 0.0404997 1.63032 2.63506 -0.254303</i>
                        <i>0.648971 -0.746406 -0.147358 0.128349 -0.083501 0.988208 -0.749908 -0.660232 0.0416107 1.632 2.63212 -0.25427</i>
                        <i>0.654957 -0.740596 -0.150165 0.131528 -0.0839605 0.987751 -0.744132 -0.666685 0.0424187 1.63405 2.62893 -0.254375</i>
                    </KeyFrames>
                </p>
            </i>
            <i>
                <p>
                    <Name><![CDATA[l_elbow]]></Name>
                    <Exclude>0</Exclude>
                    <Additive>0</Additive>
                    <IKPriority>0</IKPriority>
                    <IKRotLimits>-1e+010 -1e+010 -1e+010 1e+010 1e+010 1e+010</IKRotLimits>
                    <IKRotLimitOrder>0</IKRotLimitOrder>
                    <KeyFrames count="30">
                        <i>-0.434209 -0.900568 -0.0209917 0.129642 -0.0855333 0.987865 -0.891435 0.426218 0.15389 1.8471 2.38803 -0.30322</i>
                        <i>-0.448353 -0.893688 -0.0173922 0.13261 -0.0857458 0.987453 -0.883965 0.44042 0.156956 1.85161 2.38724 -0.304298</i>
                        <i>-0.462592 -0.886471 -0.0133267 0.135491 -0.0855432 0.987079 -0.876157 0.454809 0.15968 1.85601 2.38716 -0.305346</i>
                        <i>-0.475861 -0.879473 -0.00911603 0.138178 -0.0849925 0.986754 -0.868598 0.468298 0.161968 1.85999 2.38773 -0.3063</i>
