<?xml version="1.0" encoding="ISO-8859-1" ?>
<Animl Version="1">
    <ModellingPackage><![CDATA[Maya.2010]]></ModellingPackage>
    <SrcFile><![CDATA[anims\turrets\mortar\red\~src\mortar_82pm41\mortar_82pm41_aim_random_crewman_a.mb]]></SrcFile>
    <FramesPerSecond>30</FramesPerSecond>
    <TotalFrames>90</TotalFrames>
    <Skeleton>
        <RefFrame>
            <Name><![CDATA[soldier_ref_frame]]></Name>
            <Exclude>0</Exclude>
            <Additive>0</Additive>
            <IKPriority>0</IKPriority>
            <IKRotLimits>-1e+010 -1e+010 -1e+010 1e+010 1e+010 1e+010</IKRotLimits>
            <IKRotLimitOrder>0</IKRotLimitOrder>
            <KeyFrames count="90">
                <i>1 0 0 0 1 0 0 0 1 1.05 0.91 -2.35</i>
                <i>1 0 0 0 1 0 0 0 1 1.05 0.91 -2.35</i>
                <i>1 0 0 0 1 0 0 0 1 1.05 0.91 -2.35</i>
                <i>1 0 0 0 1 0 0 0 1 1.05 0.91 -2.35</i>
                <i>1 0 0 0 1 0 0 0 1 1.05 0.91 -2.35</i>
                <i>1 0 0 0 1 0 0 0 1 1.05 0.91 -2.35</i>
                <i>1 0 0 0 1 0 0 0 1 1.05 0.91 -2.35</i>
                <i>1 0 0 0 1 0 0 0 1 1.05 0.91 -2.35</i>
                <i>1 0 0 0 1 0 0 0 1 1.05 0.91 -2.35</i>
                <i>1 0 0 0 1 0 0 0 1 1.05 0.91 -2.35</i>
                <i>1 0 0 0 1 0 0 0 1 1.05 0.91 -2.35</i>
                <i>1 0 0 0 1 0 0 0 1 1.05 0.91 -2.35</i>
                <i>1 0 0 0 1 0 0 0 1 1.05 0.91 -2.35</i>
                <i>1 0 0 0 1 0 0 0 1 1.05 0.91 -2.35</i>
                <i>1 0 0 0 1 0 0 0 1 1.05 0.91 -2.35</i>
                <i>1 0 0 0 1 0 0 0 1 1.05 0.91 -2.35</i>
                <i>1 0 0 0 1 0 0 0 1 1.05 0.91 -2.35</i>
                <i>1 0 0 0 1 0 0 0 1 1.05 0.91 -2.35</i>
                <i>1 0 0 0 1 0 0 0 1 1.05 0.91 -2.35</i>
                <i>1 0 0 0 1 0 0 0 1 1.05 0.91 -2.35</i>
                <i>1 0 0 0 1 0 0 0 1 1.05 0.91 -2.35</i>
                <i>1 0 0 0 1 0 0 0 1 1.05 0.91 -2.35</i>
                <i>1 0 0 0 1 0 0 0 1 1.05 0.91 -2.35</i>
                <i>1 0 0 0 1 0 0 0 1 1.05 0.91 -2.35</i>
                <i>1 0 0 0 1 0 0 0 1 1.05 0.91 -2.35</i>
                <i>1 0 0 0 1 0 0 0 1 1.05 0.91 -2.35</i>
                <i>1 0 0 0 1 0 0 0 1 1.05 0.91 -2.35</i>
                <i>1 0 0 0 1 0 0 0 1 1.05 0.91 -2.35</i>
                <i>1 0 0 0 1 0 0 0 1 1.05 0.91 -2.35</i>
                <i>1 0 0 0 1 0 0 0 1 1.05 0.91 -2.35</i>
                <i>1 0 0 0 1 0 0 0 1 1.05 0.91 -2.35</i>
                <i>1 0 0 0 1 0 0 0 1 1.05 0.91 -2.35</i>
                <i>1 0 0 0 1 0 0 0 1 1.05 0.91 -2.35</i>
                <i>1 0 0 0 1 0 0 0 1 1.05 0.91 -2.35</i>
                <i>1 0 0 0 1 0 0 0 1 1.05 0.91 -2.35</i>
                <i>1 0 0 0 1 0 0 0 1 1.05 0.91 -2.35</i>
                <i>1 0 0 0 1 0 0 0 1 1.05 0.91 -2.35</i>
                <i>1 0 0 0 1 0 0 0 1 1.05 0.91 -2.35</i>
                <i>1 0 0 0 1 0 0 0 1 1.05 0.91 -2.35</i>
                <i>1 0 0 0 1 0 0 0 1 1.05 0.91 -2.35</i>
                <i>1 0 0 0 1 0 0 0 1 1.05 0.91 -2.35</i>
                <i>1 0 0 0 1 0 0 0 1 1.05 0.91 -2.35</i>
                <i>1 0 0 0 1 0 0 0 1 1.05 0.91 -2.35</i>
                <i>1 0 0 0 1 0 0 0 1 1.05 0.91 -2.35</i>
                <i>1 0 0 0 1 0 0 0 1 1.05 0.91 -2.35</i>
                <i>1 0 0 0 1 0 0 0 1 1.05 0.91 -2.35</i>
                <i>1 0 0 0 1 0 0 0 1 1.05 0.91 -2.35</i>
                <i>1 0 0 0 1 0 0 0 1 1.05 0.91 -2.35</i>
                <i>1 0 0 0 1 0 0 0 1 1.05 0.91 -2.35</i>
                <i>1 0 0 0 1 0 0 0 1 1.05 0.91 -2.35</i>
                <i>1 0 0 0 1 0 0 0 1 1.05 0.91 -2.35</i>
                <i>1 0 0 0 1 0 0 0 1 1.05 0.91 -2.35</i>
                <i>1 0 0 0 1 0 0 0 1 1.05 0.91 -2.35</i>
                <i>1 0 0 0 1 0 0 0 1 1.05 0.91 -2.35</i>
                <i>1 0 0 0 1 0 0 0 1 1.05 0.91 -2.35</i>
                <i>1 0 0 0 1 0 0 0 1 1.05 0.91 -2.35</i>
                <i>1 0 0 0 1 0 0 0 1 1.05 0.91 -2.35</i>
                <i>1 0 0 0 1 0 0 0 1 1.05 0.91 -2.35</i>
                <i>1 0 0 0 1 0 0 0 1 1.05 0.91 -2.35</i>
                <i>1 0 0 0 1 0 0 0 1 1.05 0.91 -2.35</i>
                <i>1 0 0 0 1 0 0 0 1 1.05 0.91 -2.35</i>
                <i>1 0 0 0 1 0 0 0 1 1.05 0.91 -2.35</i>
                <i>1 0 0 0 1 0 0 0 1 1.05 0.91 -2.35</i>
                <i>1 0 0 0 1 0 0 0 1 1.05 0.91 -2.35</i>
                <i>1 0 0 0 1 0 0 0 1 1.05 0.91 -2.35</i>
                <i>1 0 0 0 1 0 0 0 1 1.05 0.91 -2.35</i>
                <i>1 0 0 0 1 0 0 0 1 1.05 0.91 -2.35</i>
                <i>1 0 0 0 1 0 0 0 1 1.05 0.91 -2.35</i>
                <i>1 0 0 0 1 0 0 0 1 1.05 0.91 -2.35</i>
                <i>1 0 0 0 1 0 0 0 1 1.05 0.91 -2.35</i>
                <i>1 0 0 0 1 0 0 0 1 1.05 0.91 -2.35</i>
                <i>1 0 0 0 1 0 0 0 1 1.05 0.91 -2.35</i>
                <i>1 0 0 0 1 0 0 0 1 1.05 0.91 -2.35</i>
                <i>1 0 0 0 1 0 0 0 1 1.05 0.91 -2.35</i>
                <i>1 0 0 0 1 0 0 0 1 1.05 0.91 -2.35</i>
                <i>1 0 0 0 1 0 0 0 1 1.05 0.91 -2.35</i>
                <i>1 0 0 0 1 0 0 0 1 1.05 0.91 -2.35</i>
                <i>1 0 0 0 1 0 0 0 1 1.05 0.91 -2.35</i>
                <i>1 0 0 0 1 0 0 0 1 1.05 0.91 -2.35</i>
                <i>1 0 0 0 1 0 0 0 1 1.05 0.91 -2.35</i>
                <i>1 0 0 0 1 0 0 0 1 1.05 0.91 -2.35</i>
                <i>1 0 0 0 1 0 0 0 1 1.05 0.91 -2.35</i>
                <i>1 0 0 0 1 0 0 0 1 1.05 0.91 -2.35</i>
                <i>1 0 0 0 1 0 0 0 1 1.05 0.91 -2.35</i>
                <i>1 0 0 0 1 0 0 0 1 1.05 0.91 -2.35</i>
                <i>1 0 0 0 1 0 0 0 1 1.05 0.91 -2.35</i>
                <i>1 0 0 0 1 0 0 0 1 1.05 0.91 -2.35</i>
                <i>1 0 0 0 1 0 0 0 1 1.05 0.91 -2.35</i>
                <i>1 0 0 0 1 0 0 0 1 1.05 0.91 -2.35</i>
                <i>1 0 0 0 1 0 0 0 1 1.05 0.91 -2.35</i>
            </KeyFrames>
        </RefFrame>
        <Bones count="23">
            <i>
                <p>
                    <Name><![CDATA[pelvis]]></Name>
                    <Exclude>0</Exclude>
                    <Additive>0</Additive>
                    <IKPriority>0</IKPriority>
                    <IKRotLimits>-1e+010 -1e+010 -1e+010 1e+010 1e+010 1e+010</IKRotLimits>
                    <IKRotLimitOrder>2</IKRotLimitOrder>
                    <KeyFrames count="90">
                        <i>1 0 0 0 1 0 0 0 1 0.990652 1.59535 -2.27551</i>
                        <i>1 0 0 0 1 0 0 0 1 1.01302 1.66176 -2.30221</i>
                        <i>1 0 0 0 1 0 0 0 1 1.03587 1.73054 -2.33098</i>
                        <i>1 0 0 0 1 0 0 0 1 1.05777 1.79457 -2.35563</i>
                        <i>1 0 0 0 1 0 0 0 1 1.07727 1.84673 -2.37</i>
                        <i>1 0 0 0 1 0 0 0 1 1.09517 1.88759 -2.37195</i>
                        <i>1 0 0 0 1 0 0 0 1 1.11255 1.92242 -2.36604</i>
                        <i>1 0 0 0 1 0 0 0 1 1.12835 1.95115 -2.35616</i>
                        <i>1 0 0 0 1 0 0 0 1 1.14154 1.9737 -2.34619</i>
                        <i>1 0 0 0 1 0 0 0 1 1.15109 1.99 -2.34</i>
                        <i>1 0 0 0 1 0 0 0 1 1.15109 2.00122 -2.34</i>
                        <i>1 0 0 0 1 0 0 0 1 1.15109 2.00907 -2.34</i>
                        <i>1 0 0 0 1 0 0 0 1 1.15109 2.01431 -2.34</i>
                        <i>1 0 0 0 1 0 0 0 1 1.15109 2.0177 -2.34</i>
                        <i>1 0 0 0 1 0 0 0 1 1.15109 2.02 -2.34</i>
                        <i>1 0 0 0 1 0 0 0 1 1.15109 2.02013 -2.34</i>
                        <i>1 0 0 0 1 0 0 0 1 1.15109 2.0176 -2.34</i>
                        <i>1 0 0 0 1 0 0 0 1 1.15109 2.014 -2.34</i>
                        <i>1 0 0 0 1 0 0 0 1 1.15109 2.01093 -2.34</i>
                        <i>1 0 0 0 1 0 0 0 1 1.15109 2.01 -2.34</i>
                        <i>1 0 0 0 1 0 0 0 1 1.15109 2.0111 -2.34</i>
                        <i>1 0 0 0 1 0 0 0 1 1.15109 2.01293 -2.34001</i>
                        <i>1 0 0 0 1 0 0 0 1 1.15109 2.0153 -2.34002</i>
                        <i>1 0 0 0 1 0 0 0 1 1.15109 2.018 -2.34003</i>
                        <i>1 0 0 0 1 0 0 0 1 1.15109 2.02083 -2.34004</i>
                        <i>1 0 0 0 1 0 0 0 1 1.15109 2.0236 -2.34005</i>
                        <i>1 0 0 0 1 0 0 0 1 1.15109 2.0261 -2.34005</i>
                        <i>1 0 0 0 1 0 0 0 1 1.15109 2.02813 -2.34004</i>
                        <i>1 0 0 0 1 0 0 0 1 1.15109 2.0295 -2.34003</i>
                        <i>1 0 0 0 1 0 0 0 1 1.15109 2.03 -2.34</i>
                        <i>1 0 0 0 1 0 0 0 1 1.15014 2.02824 -2.33861</i>
                        <i>1 0 0 0 1 0 0 0 1 1.14766 2.02392 -2.33473</i>
                        <i>1 0 0 0 1 0 0 0 1 1.14427 2.01848 -2.32869</i>
                        <i>1 0 0 0 1 0 0 0 1 1.14055 2.01336 -2.32082</i>
                        <i>1 0 0 0 1 0 0 0 1 1.1371 2.01 -2.31146</i>
                        <i>1 0 0 0 1 0 0 0 1 1.13348 2.0088 -2.29773</i>
                        <i>1 0 0 0 1 0 0 0 1 1.12929 2.0088 -2.27941</i>
                        <i>1 0 0 0 1 0 0 0 1 1.1252 2.0094 -2.2608</i>
                        <i>1 0 0 0 1 0 0 0 1 1.12188 2.01 -2.24623</i>
                        <i>1 0 0 0 1 0 0 0 1 1.12 2.01 -2.24</i>
                        <i>1 0 0 0 1 0 0 0 1 1.12003 2.00985 -2.23946</i>
                        <i>1 0 0 0 1 0 0 0 1 1.12008 2.00944 -2.23899</i>
                        <i>1 0 0 0 1 0 0 0 1 1.12014 2.0088 -2.2386</i>
                        <i>1 0 0 0 1 0 0 0 1 1.12021 2.00799 -2.23829</i>
                        <i>1 0 0 0 1 0 0 0 1 1.12029 2.00704 -2.23805</i>
                        <i>1 0 0 0 1 0 0 0 1 1.12038 2.006 -2.23789</i>
                        <i>1 0 0 0 1 0 0 0 1 1.12046 2.00492 -2.23779</i>
                        <i>1 0 0 0 1 0 0 0 1 1.12055 2.00384 -2.23776</i>
                        <i>1 0 0 0 1 0 0 0 1 1.12063 2.0028 -2.23779</i>
                        <i>1 0 0 0 1 0 0 0 1 1.1207 2.00185 -2.23789</i>
                        <i>1 0 0 0 1 0 0 0 1 1.12077 2.00104 -2.23805</i>
                        <i>1 0 0 0 1 0 0 0 1 1.12083 2.0004 -2.23826</i>
                        <i>1 0 0 0 1 0 0 0 1 1.12087 1.99999 -2.23854</i>
                        <i>1 0 0 0 1 0 0 0 1 1.12089 1.99984 -2.23887</i>
                        <i>1 0 0 0 1 0 0 0 1 1.1209 2 -2.23925</i>
                        <i>1 0 0 0 1 0 0 0 1 1.12089 2.00055 -2.23968</i>
                        <i>1 0 0 0 1 0 0 0 1 1.12086 2.00147 -2.24016</i>
                        <i>1 0 0 0 1 0 0 0 1 1.12082 2.00272 -2.24068</i>
                        <i>1 0 0 0 1 0 0 0 1 1.12077 2.00423 -2.24126</i>
                        <i>1 0 0 0 1 0 0 0 1 1.12071 2.00593 -2.24187</i>
                        <i>1 0 0 0 1 0 0 0 1 1.12064 2.00776 -2.24253</i>
                        <i>1 0 0 0 1 0 0 0 1 1.12056 2.00967 -2.24323</i>
                        <i>1 0 0 0 1 0 0 0 1 1.12048 2.01158 -2.24396</i>
                        <i>1 0 0 0 1 0 0 0 1 1.1204 2.01344 -2.24473</i>
                        <i>1 0 0 0 1 0 0 0 1 1.12032 2.01519 -2.24554</i>
                        <i>1 0 0 0 1 0 0 0 1 1.12024 2.01675 -2.24637</i>
                        <i>1 0 0 0 1 0 0 0 1 1.12017 2.01808 -2.24724</i>
                        <i>1 0 0 0 1 0 0 0 1 1.12011 2.01911 -2.24813</i>
                        <i>1 0 0 0 1 0 0 0 1 1.12005 2.01977 -2.24905</i>
                        <i>1 0 0 0 1 0 0 0 1 1.12 2.02 -2.25</i>
                        <i>1 0 0 0 1 0 0 0 1 1.12176 2.01912 -2.25455</i>
                        <i>1 0 0 0 1 0 0 0 1 1.12491 2.01636 -2.26415</i>
                        <i>1 0 0 0 1 0 0 0 1 1.12888 2.01304 -2.27568</i>
                        <i>1 0 0 0 1 0 0 0 1 1.13313 2.01048 -2.28605</i>
                        <i>1 0 0 0 1 0 0 0 1 1.1371 2.01 -2.29216</i>
                        <i>1 0 0 0 1 0 0 0 1 1.14089 2.01279 -2.29508</i>
                        <i>1 0 0 0 1 0 0 0 1 1.14465 2.01796 -2.29778</i>
                        <i>1 0 0 0 1 0 0 0 1 1.14792 2.02374 -2.30002</i>
                        <i>1 0 0 0 1 0 0 0 1 1.15023 2.02835 -2.30155</i>
                        <i>1 0 0 0 1 0 0 0 1 1.15109 2.03 -2.30211</i>
                        <i>1 0 0 0 1 0 0 0 1 1.14802 2.0214 -2.30097</i>
                        <i>1 0 0 0 1 0 0 0 1 1.13946 1.99817 -2.29914</i>
                        <i>1 0 0 0 1 0 0 0 1 1.1264 1.96288 -2.29678</i>
                        <i>1 0 0 0 1 0 0 0 1 1.10978 1.91813 -2.29403</i>
                        <i>1 0 0 0 1 0 0 0 1 1.09058 1.86648 -2.29102</i>
                        <i>1 0 0 0 1 0 0 0 1 1.06976 1.81053 -2.28788</i>
                        <i>1 0 0 0 1 0 0 0 1 1.04829 1.75286 -2.28474</i>
                        <i>1 0 0 0 1 0 0 0 1 1.02713 1.69605 -2.28171</i>
                        <i>1 0 0 0 1 0 0 0 1 1.00725 1.64268 -2.27888</i>
                        <i>1 0 0 0 1 0 0 0 1 0.989623 1.59534 -2.27636</i>
                    </KeyFrames>
                </p>
            </i>
            <i>
                <p>
                    <Name><![CDATA[spine0]]></Name>
                    <Exclude>0</Exclude>
                    <Additive>0</Additive>
                    <IKPriority>0</IKPriority>
                    <IKRotLimits>-1e+010 -1e+010 -1e+010 1e+010 1e+010 1e+010</IKRotLimits>
                    <IKRotLimitOrder>0</IKRotLimitOrder>
                    <KeyFrames count="90">
                        <i>-0.41294 0.909969 0.0379185 -0.284147 -0.0891655 -0.954625 -0.865298 -0.404977 0.295385 1.01012 1.73392 -2.30889</i>
                        <i>-0.350327 0.936619 -0.00397426 -0.245351 -0.0958628 -0.964683 -0.903921 -0.336979 0.263384 1.04357 1.79847 -2.33495</i>
                        <i>-0.277821 0.95983 -0.0392613 -0.207203 -0.0997826 -0.973196 -0.93802 -0.26224 0.226601 1.07866 1.86428 -2.36226</i>
                        <i>-0.202948 0.977111 -0.0637676 -0.171106 -0.0995092 -0.980215 -0.964124 -0.188022 0.187385 1.11216 1.92461 -2.38438</i>
                        <i>-0.134904 0.987978 -0.0754969 -0.137204 -0.0940852 -0.986064 -0.981313 -0.122666 0.148247 1.14099 1.97321 -2.39523</i>
                        <i>-0.0788495 0.993994 -0.0758861 -0.105188 -0.0839939 -0.990899 -0.991321 -0.0701496 0.111179 1.16451 2.01187 -2.393</i>
                        <i>-0.0371057 0.996965 -0.0684423 -0.0753613 -0.0710861 -0.994619 -0.996466 -0.0317481 0.0777702 1.18107 2.04782 -2.38265</i>
                        <i>-0.0117451 0.998344 -0.0563188 -0.0478683 -0.0568195 -0.997236 -0.998785 -0.00901676 0.0484563 1.19044 2.08033 -2.36856</i>
                        <i>0.00255931 0.999081 -0.0427778 -0.0231319 -0.0427073 -0.99882 -0.999729 0.00354583 0.0230014 1.19559 2.10673 -2.35499</i>
                        <i>0.0162616 0.999406 -0.0303965 -0.00181414 -0.030371 -0.999537 -0.999866 0.0163092 0.00131918 1.1999 2.1252 -2.34594</i>
                        <i>0.0159404 0.999408 -0.0304925 -0.00187442 -0.0304665 -0.999534 -0.999871 0.0159902 0.00138766 1.19927 2.13664 -2.34595</i>
                        <i>0.0151509 0.999414 -0.0306824 -0.00201489 -0.0306554 -0.999528 -0.999883 0.0152055 0.00154926 1.19776 2.14502 -2.34597</i>
                        <i>0.0141632 0.999425 -0.0308193 -0.00217908 -0.0307915 -0.999523 -0.999897 0.0142236 0.00174172 1.19594 2.15088 -2.34599</i>
                        <i>0.0132591 0.999439 -0.0307584 -0.0023198 -0.0307303 -0.999525 -0.999909 0.0133241 0.00191104 1.19441 2.15476 -2.34601</i>
                        <i>0.0127118 0.999458 -0.0303573 -0.00239361 -0.0303292 -0.999537 -0.999916 0.0127786 0.00200677 1.19377 2.15725 -2.34602</i>
                        <i>0.0123345 0.999488 -0.0295214 -0.00388553 -0.0294755 -0.999558 -0.999916 0.0124438 0.00351997 1.19429 2.15722 -2.34608</i>
                        <i>0.0119506 0.999527 -0.0283298 -0.00680825 -0.0282498 -0.999578 -0.999905 0.0121385 0.00646743 1.19559 2.15426 -2.34622</i>
                        <i>0.0118198 0.999568 -0.0269198 -0.00891038 -0.0268154 -0.999601 -0.99989 0.0120549 0.00858958 1.19724 2.15011 -2.34632</i>
                        <i>0.0121733 0.999602 -0.0254653 -0.00796435 -0.0253695 -0.999646 -0.999894 0.0123718 0.00765234 1.19881 2.14651 -2.34627</i>
                        <i>0.0132388 0.999621 -0.0241482 -0.0017718 -0.0241269 -0.999707 -0.999911 0.0132777 0.00145171 1.1999 2.1452 -2.34594</i>
                        <i>0.0153048 0.99961 -0.0233568 0.00855852 -0.0234897 -0.999687 -0.999846 0.0151001 -0.00891469 1.20041 2.14613 -2.34541</i>
                        <i>0.0181055 0.99957 -0.0230552 0.0203201 -0.023422 -0.999519 -0.99963 0.0176283 -0.0207354 1.2006 2.14792 -2.34486</i>
                        <i>0.021086 0.999517 -0.0228198 0.0333021 -0.0235144 -0.999169 -0.999223 0.0203085 -0.0337818 1.20061 2.1503 -2.34429</i>
                        <i>0.0237654 0.999467 -0.0223858 0.0472934 -0.023491 -0.998605 -0.998598 0.0226735 -0.0478265 1.20057 2.15304 -2.34366</i>
                        <i>0.0257393 0.999435 -0.0216353 0.0620821 -0.0231988 -0.997801 -0.997739 0.0243396 -0.0626441 1.20062 2.15587 -2.34297</i>
                        <i>0.0268963 0.999426 -0.0206184 0.0774572 -0.0226475 -0.996738 -0.996633 0.0252115 -0.0780219 1.20066 2.15864 -2.34212</i>
                        <i>0.0278564 0.999425 -0.0193094 0.0931689 -0.0218287 -0.995411 -0.995261 0.0259295 -0.0937234 1.20059 2.16117 -2.34111</i>
                        <i>0.0293395 0.999417 -0.0174796 0.108946 -0.0205802 -0.993835 -0.993615 0.0272543 -0.109486 1.20053 2.16323 -2.34004</i>
                        <i>0.0320633 0.999375 -0.0148532 0.124512 -0.0187389 -0.992041 -0.9917 0.0299588 -0.125035 1.20062 2.16456 -2.33903</i>
                        <i>0.036739 0.999263 -0.0111411 0.139603 -0.0161714 -0.990075 -0.989526 0.0348191 -0.140094 1.20099 2.16492 -2.33818</i>
                        <i>0.0447878 0.998985 -0.00477144 0.155661 -0.0116965 -0.987741 -0.986795 0.043496 -0.156027 1.20071 2.16289 -2.33599</i>
                        <i>0.0546428 0.998497 0.00414157 0.173763 -0.00542455 -0.984773 -0.98327 0.0545304 -0.173798 1.19907 2.15823 -2.33114</i>
                        <i>0.0627523 0.99794 0.0133006 0.193101 0.000934623 -0.981178 -0.97917 0.0641396 -0.192645 1.19664 2.15239 -2.324</i>
                        <i>0.0660826 0.997609 0.0202436 0.212823 0.00572931 -0.977074 -0.974854 0.0688759 -0.211935 1.19396 2.14681 -2.31494</i>
                        <i>0.0647711 0.997622 0.023566 0.232056 0.00791031 -0.97267 -0.970544 0.0684695 -0.230992 1.19157 2.14296 -2.30435</i>
                        <i>0.061692 0.997804 0.0241113 0.249977 0.00794088 -0.968219 -0.966284 0.0657586 -0.248939 1.18898 2.14126 -2.28939</i>
                        <i>0.0580998 0.998053 0.0226764 0.265801 0.00642975 -0.964007 -0.962276 0.0620359 -0.26491 1.18572 2.14079 -2.26992</i>
                        <i>0.0548739 0.998287 0.0202772 0.278791 0.00418185 -0.960343 -0.958783 0.0583509 -0.278084 1.18242 2.14098 -2.25031</i>
                        <i>0.0525575 0.998455 0.018041 0.288266 0.00212784 -0.957548 -0.956107 0.0555269 -0.287709 1.17968 2.14125 -2.23493</i>
                        <i>0.0514969 0.998527 0.0170998 0.293574 0.00122992 -0.955935 -0.954548 0.0542477 -0.293078 1.17812 2.14107 -2.22816</i>
                        <i>0.0516941 0.998475 0.0193799 0.296499 0.00318592 -0.955028 -0.953633 0.0551154 -0.295882 1.17815 2.14088 -2.22715</i>
                        <i>0.0518016 0.998436 0.0210197 0.299045 0.0045737 -0.954228 -0.952832 0.0557164 -0.29834 1.17817 2.14043 -2.22629</i>
                        <i>0.0518313 0.998412 0.0220733 0.301215 0.00544405 -0.953541 -0.952147 0.0560721 -0.300454 1.1782 2.13978 -2.22558</i>
                        <i>0.0517943 0.998402 0.0225949 0.303011 0.00584733 -0.952969 -0.951579 0.0562048 -0.302224 1.17823 2.13896 -2.22502</i>
                        <i>0.051701 0.998406 0.0226389 0.304436 0.00583352 -0.952515 -0.951129 0.0561381 -0.303649 1.17825 2.13802 -2.2246</i>
                        <i>0.0515616 0.998422 0.0222599 0.305494 0.00545221 -0.952178 -0.950797 0.0558961 -0.304731 1.17828 2.13699 -2.22431</i>
                        <i>0.0513859 0.998447 0.0215124 0.306187 0.00475268 -0.95196 -0.950584 0.0555041 -0.305467 1.1783 2.13593 -2.22415</i>
                        <i>0.0511833 0.99848 0.0204513 0.306516 0.00378392 -0.951858 -0.950488 0.0549879 -0.305857 1.17832 2.13488 -2.2241</i>
                        <i>0.0509631 0.998517 0.0191311 0.306486 0.00259468 -0.951872 -0.95051 0.0543738 -0.305899 1.17834 2.13387 -2.22418</i>
                        <i>0.0507347 0.998557 0.0176066 0.306097 0.00123349 -0.952 -0.950648 0.0536887 -0.305592 1.17835 2.13296 -2.22436</i>
                        <i>0.0505074 0.998597 0.0159325 0.305351 -0.000251295 -0.95224 -0.950899 0.0529601 -0.304935 1.17837 2.13218 -2.22464</i>
                        <i>0.0502906 0.998634 0.0141635 0.304251 -0.00181144 -0.95259 -0.951264 0.0522156 -0.303926 1.17837 2.13158 -2.22502</i>
                        <i>0.050094 0.998668 0.0123541 0.302797 -0.00339881 -0.953049 -0.951738 0.0514828 -0.302564 1.17837 2.13121 -2.22549</i>
                        <i>0.0499278 0.998697 0.0105587 0.300991 -0.00496535 -0.953614 -0.952319 0.0507899 -0.300847 1.17837 2.13109 -2.22605</i>
                        <i>0.0498024 0.99872 0.00883173 0.298835 -0.006463 -0.954283 -0.953004 0.0501648 -0.298774 1.17836 2.13129 -2.22668</i>
                        <i>0.0496677 0.998741 0.00699884 0.296326 -0.00804368 -0.955053 -0.953795 0.0495092 -0.296352 1.17834 2.13186 -2.22741</i>
                        <i>0.0494773 0.998763 0.00487329 0.293462 -0.00987343 -0.95592 -0.95469 0.0487265 -0.293587 1.17832 2.13282 -2.22825</i>
                        <i>0.0492477 0.998783 0.00249031 0.290242 -0.0119254 -0.956879 -0.955685 0.0478469 -0.290476 1.17829 2.1341 -2.22919</i>
                        <i>0.0489957 0.998799 -0.000114957 0.286667 -0.0141726 -0.957925 -0.956777 0.0469012 -0.287017 1.17826 2.13564 -2.23023</i>
                        <i>0.0487379 0.998807 -0.00290757 0.282735 -0.0165882 -0.959055 -0.957959 0.0459202 -0.283206 1.17823 2.13737 -2.23136</i>
                        <i>0.0484911 0.998806 -0.00585281 0.278446 -0.0191453 -0.960261 -0.959227 0.0449345 -0.279042 1.1782 2.13923 -2.23257</i>
                        <i>0.0482725 0.998794 -0.00891629 0.273799 -0.0218166 -0.961539 -0.960575 0.0439746 -0.274522 1.17818 2.14115 -2.23386</i>
                        <i>0.0480988 0.99877 -0.0120639 0.268794 -0.0245751 -0.962884 -0.961996 0.0430709 -0.269645 1.17816 2.14308 -2.23523</i>
                        <i>0.0479873 0.998731 -0.0152622 0.263428 -0.0273931 -0.96429 -0.963485 0.0422532 -0.264409 1.17815 2.14495 -2.23667</i>
                        <i>0.0479551 0.998679 -0.0184778 0.257702 -0.0302431 -0.965751 -0.965034 0.0415509 -0.258812 1.17816 2.1467 -2.23816</i>
                        <i>0.0480194 0.998611 -0.0216783 0.251614 -0.0330969 -0.967261 -0.966636 0.0409927 -0.252854 1.17818 2.14826 -2.23971</i>
                        <i>0.0481975 0.998529 -0.0248316 0.245164 -0.0359263 -0.968816 -0.968283 0.0406067 -0.246535 1.17822 2.14958 -2.24131</i>
                        <i>0.0485068 0.998433 -0.0279064 0.23835 -0.0387028 -0.970408 -0.969967 0.0404199 -0.239853 1.17828 2.15058 -2.24296</i>
                        <i>0.0489644 0.998323 -0.0308722 0.23117 -0.0413973 -0.972032 -0.97168 0.0404583 -0.23281 1.17836 2.15121 -2.24464</i>
                        <i>0.0495878 0.998201 -0.0336991 0.223625 -0.0439805 -0.973682 -0.973413 0.0407468 -0.225404 1.17846 2.1514 -2.24635</i>
                        <i>0.0529256 0.997998 -0.0346303 0.215632 -0.0452824 -0.975424 -0.975039 0.0441575 -0.217597 1.18207 2.14968 -2.25096</i>
                        <i>0.0590769 0.997648 -0.0347617 0.203128 -0.0461079 -0.978066 -0.977368 0.0507201 -0.205374 1.18891 2.14514 -2.26027</i>
                        <i>0.0656997 0.997232 -0.0348038 0.187019 -0.0465672 -0.981252 -0.980157 0.057959 -0.189561 1.19704 2.13967 -2.2716</i>
                        <i>0.0706023 0.99688 -0.0353025 0.168339 -0.0467906 -0.984618 -0.983197 0.0635735 -0.171118 1.20453 2.13532 -2.28216</i>
                        <i>0.071826 0.996747 -0.0365449 0.148336 -0.0469068 -0.987824 -0.986325 0.0655306 -0.151222 1.2095 2.13427 -2.289</i>
                        <i>0.0676266 0.996966 -0.0385437 0.128512 -0.0470146 -0.990593 -0.989399 0.0620371 -0.131302 1.21087 2.13847 -2.29319</i>
                        <i>0.0591859 0.997414 -0.0407623 0.110642 -0.0471368 -0.992742 -0.992096 0.0542463 -0.113146 1.20957 2.14634 -2.29734</i>
                        <i>0.0491212 0.997881 -0.0426693 0.0963255 -0.0472547 -0.994228 -0.994137 0.0447275 -0.0984425 1.20685 2.15498 -2.30082</i>
                        <i>0.040544 0.998211 -0.0439476 0.0868809 -0.0473392 -0.995093 -0.995393 0.0365269 -0.0886447 1.2041 2.16173 -2.30316</i>
                        <i>0.0369105 0.998331 -0.0444133 0.0834726 -0.0473684 -0.995384 -0.995826 0.0330329 -0.0850817 1.20284 2.16422 -2.30403</i>
                        <i>0.00668417 0.998619 -0.0521162 0.05715 -0.0524137 -0.996989 -0.998343 0.00368561 -0.0574214 1.19697 2.1566 -2.30553</i>
                        <i>-0.0309156 0.997793 -0.0587591 0.0271039 -0.0579287 -0.997953 -0.999154 -0.0324449 -0.0252532 1.1855 2.13425 -2.30678</i>
                        <i>-0.0744362 0.995228 -0.0630871 -0.00609545 -0.0637155 -0.997949 -0.997207 -0.0738991 0.0108091 1.16939 2.09973 -2.30781</i>
                        <i>-0.122393 0.990414 -0.0640283 -0.0418295 -0.0696037 -0.996697 -0.9916 -0.11931 0.0499475 1.14961 2.05559 -2.30862</i>
                        <i>-0.173259 0.983005 -0.0606886 -0.0794471 -0.0753694 -0.993986 -0.981667 -0.167396 0.0911554 1.12711 2.00443 -2.30925</i>
                        <i>-0.225443 0.972848 -0.0523746 -0.118288 -0.080693 -0.989695 -0.967049 -0.216924 0.133268 1.10289 1.94882 -2.30971</i>
                        <i>-0.277257 0.960018 -0.0386448 -0.157707 -0.085149 -0.983808 -0.947764 -0.266673 0.17501 1.07793 1.89135 -2.31002</i>
                        <i>-0.326918 0.944854 -0.019379 -0.197097 -0.0882213 -0.976407 -0.924271 -0.315386 0.215069 1.05323 1.83463 -2.31017</i>
                        <i>-0.37258 0.927986 0.00515048 -0.235897 -0.0893404 -0.967663 -0.897517 -0.361747 0.252195 1.02981 1.78127 -2.31019</i>
                        <i>-0.412417 0.910352 0.034224 -0.273597 -0.0879392 -0.957816 -0.86894 -0.404383 0.285337 1.00867 1.7339 -2.31007</i>
                    </KeyFrames>
                </p>
            </i>
            <i>
                <p>
                    <Name><![CDATA[spine1]]></Name>
                    <Exclude>0</Exclude>
                    <Additive>0</Additive>
                    <IKPriority>0</IKPriority>
                    <IKRotLimits>-1e+010 -1e+010 -1e+010 1e+010 1e+010 1e+010</IKRotLimits>
                    <IKRotLimitOrder>0</IKRotLimitOrder>
                    <KeyFrames count="90">
                        <i>-0.780494 0.493921 0.383237 -0.513379 -0.156562 -0.84376 -0.35675 -0.855295 0.375764 0.934906 1.89982 -2.302</i>
                        <i>-0.752378 0.589531 0.293906 -0.466862 -0.162452 -0.869281 -0.464722 -0.791242 0.397455 0.979283 1.97056 -2.3357</i>
                        <i>-0.704073 0.678645 0.209098 -0.422918 -0.164185 -0.89117 -0.570457 -0.71588 0.40261 1.02723 2.04225 -2.36955</i>
                        <i>-0.640208 0.755906 0.136893 -0.38277 -0.159387 -0.909991 -0.666048 -0.634982 0.391379 1.07436 2.10706 -2.3963</i>
                        <i>-0.568623 0.818496 0.0820505 -0.345567 -0.147165 -0.926783 -0.746493 -0.555344 0.366527 1.11585 2.15808 -2.40937</i>
                        <i>-0.490294 0.870464 0.0436424 -0.309927 -0.127329 -0.942196 -0.814591 -0.475479 0.332208 1.14993 2.19675 -2.40713</i>
                        <i>-0.391291 0.92009 0.0180542 -0.27478 -0.0980885 -0.956491 -0.878286 -0.379228 0.291203 1.17437 2.22955 -2.39513</i>
                        <i>-0.270493 0.962711 0.00464969 -0.240763 -0.0629695 -0.968539 -0.93213 -0.263103 0.248818 1.18839 2.25728 -2.37854</i>
                        <i>-0.145366 0.989375 0.00256244 -0.209999 -0.0283234 -0.977291 -0.966835 -0.142603 0.211885 1.19604 2.27985 -2.36241</i>
                        <i>-0.0436026 0.999014 0.00833594 -0.183723 0.000183401 -0.982978 -0.98201 -0.0443919 0.183534 1.20269 2.29651 -2.35115</i>
                        <i>-0.0372042 0.999273 0.00829169 -0.184812 0.00127399 -0.982773 -0.982069 -0.0380957 0.18463 1.202 2.30785 -2.35117</i>
                        <i>-0.0220162 0.999724 0.00820567 -0.187032 0.00394417 -0.982346 -0.982107 -0.0231622 0.186893 1.20035 2.31602 -2.35122</i>
                        <i>-0.00407843 0.999958 0.00815356 -0.188811 0.00723693 -0.981987 -0.982005 -0.00554445 0.188774 1.19836 2.32165 -2.35126</i>
                        <i>0.0104827 0.999911 0.00822356 -0.188546 0.010053 -0.982013 -0.982008 0.0087436 0.188635 1.19667 2.32536 -2.35126</i>
                        <i>0.0154793 0.999844 0.00850837 -0.184596 0.0112208 -0.98275 -0.982693 0.0136417 0.184741 1.19593 2.32779 -2.3512</i>
                        <i>0.00713992 0.999932 0.00918984 -0.177829 0.0103133 -0.984007 -0.984035 0.00539152 0.177891 1.19639 2.32779 -2.35112</i>
                        <i>-0.0104154 0.999893 0.0103073 -0.169333 0.00839527 -0.985523 -0.985504 -0.01201 0.169228 1.19763 2.32496 -2.35106</i>
                        <i>-0.0315482 0.999435 0.0115863 -0.15777 0.00646727 -0.987455 -0.986972 -0.0329804 0.157477 1.19925 2.321 -2.35092</i>
                        <i>-0.0506726 0.998638 0.0124311 -0.141773 0.00512833 -0.989886 -0.988601 -0.0519225 0.14132 1.20089 2.3176 -2.35063</i>
                        <i>-0.0622782 0.997986 0.0120815 -0.119941 0.00453356 -0.992771 -0.990826 -0.0632771 0.119417 1.20217 2.31644 -2.35008</i>
                        <i>-0.0647291 0.997856 0.00962852 -0.0904453 0.00374257 -0.995894 -0.993796 -0.0653342 0.0900091 1.20303 2.31739 -2.34941</i>
                        <i>-0.0617207 0.998077 0.00565154 -0.0553808 0.002229 -0.998463 -0.996556 -0.0619388 0.0551368 1.2037 2.31911 -2.34881</i>
                        <i>-0.0557675 0.998442 0.0016639 -0.0192656 0.000590119 -0.999814 -0.998258 -0.0557892 0.0192027 1.20421 2.3214 -2.34819</i>
                        <i>-0.049379 0.998779 -0.00120416 0.0133391 -0.000546046 -0.999911 -0.998691 -0.0493907 -0.0132959 1.20463 2.32404 -2.34749</i>
                        <i>-0.0450348 0.998983 -0.00225963 0.0378783 -0.000552732 -0.999282 -0.998267 -0.045088 -0.0378148 1.20502 2.32684 -2.34667</i>
                        <i>-0.0411645 0.999149 -0.00246755 0.0565215 -0.000137042 -0.998401 -0.997552 -0.0412382 -0.0564678 1.20526 2.3296 -2.34565</i>
                        <i>-0.0351889 0.999378 -0.00245503 0.0741244 0.00016018 -0.997249 -0.996628 -0.0352741 -0.0740839 1.20535 2.33213 -2.34441</i>
                        <i>-0.0281038 0.999604 -0.00128658 0.0902015 0.00125417 -0.995923 -0.995527 -0.0281052 -0.0902011 1.20554 2.33419 -2.34303</i>
                        <i>-0.0209548 0.999779 0.00190273 0.104294 0.00407871 -0.994538 -0.994326 -0.0206418 -0.104357 1.2061 2.33557 -2.34157</i>
                        <i>-0.014828 0.999859 0.00788133 0.115961 0.00954863 -0.993208 -0.993143 -0.0138134 -0.116087 1.20728 2.33603 -2.34009</i>
                        <i>-0.0103924 0.999805 0.0167934 0.128676 0.0179918 -0.991524 -0.991632 -0.00814343 -0.128838 1.20839 2.33421 -2.3368</i>
                        <i>-0.00827701 0.999587 0.0275331 0.146094 0.0284474 -0.988862 -0.989236 -0.00416241 -0.146269 1.20847 2.32982 -2.33042</i>
                        <i>-0.00943062 0.999203 0.0387791 0.168404 0.0398139 -0.984914 -0.985673 -0.00275778 -0.168646 1.20746 2.32427 -2.32171</i>
                        <i>-0.0145936 0.998688 0.0490849 0.196275 0.0509963 -0.979222 -0.98044 -0.00465621 -0.196761 1.20537 2.31897 -2.31145</i>
                        <i>-0.023007 0.998086 0.0574014 0.226903 0.0611313 -0.971997 -0.973646 -0.0093382 -0.227875 1.20278 2.31538 -2.30027</i>
                        <i>-0.0325857 0.997436 0.0637147 0.255845 0.0699489 -0.964184 -0.966169 -0.0151175 -0.257468 1.19966 2.31394 -2.28522</i>
                        <i>-0.0419956 0.996787 0.0682035 0.281427 0.0773012 -0.956464 -0.958663 -0.020973 -0.283769 1.1958 2.31371 -2.26599</i>
                        <i>-0.0501267 0.996198 0.0712527 0.302203 0.0831269 -0.949612 -0.951925 -0.0260681 -0.305221 1.19195 2.31412 -2.24679</i>
                        <i>-0.0560839 0.995726 0.0733824 0.317001 0.0874537 -0.944384 -0.946765 -0.0297024 -0.320551 1.18882 2.31458 -2.23179</i>
                        <i>-0.0591057 0.995419 0.0751551 0.32484 0.0903681 -0.941442 -0.94392 -0.0312312 -0.328693 1.18708 2.3145 -2.22519</i>
                        <i>-0.0590521 0.99527 0.0771376 0.327737 0.0923187 -0.940248 -0.942922 -0.0302428 -0.331638 1.18714 2.3143 -2.22378</i>
                        <i>-0.0589982 0.995158 0.0786127 0.330239 0.0937728 -0.939228 -0.942052 -0.0294517 -0.334173 1.18718 2.31385 -2.22263</i>
                        <i>-0.0589367 0.995081 0.0796226 0.332353 0.0947703 -0.938382 -0.941312 -0.0288423 -0.336304 1.18722 2.31319 -2.22174</i>
                        <i>-0.0588606 0.995039 0.0802093 0.334082 0.0953503 -0.937709 -0.940704 -0.0283976 -0.338037 1.18724 2.31236 -2.22109</i>
                        <i>-0.0587633 0.995028 0.0804146 0.335432 0.0955512 -0.937206 -0.94023 -0.0280997 -0.339379 1.18724 2.31142 -2.22066</i>
                        <i>-0.058638 0.995046 0.0802804 0.336405 0.0954112 -0.936871 -0.93989 -0.0279295 -0.340334 1.18724 2.31039 -2.22044</i>
                        <i>-0.0584786 0.99509 0.0798485 0.337008 0.0949681 -0.9367 -0.939684 -0.0278673 -0.340907 1.18724 2.30932 -2.22041</i>
                        <i>-0.0582787 0.995157 0.0791606 0.337244 0.0942594 -0.936687 -0.939612 -0.0278925 -0.341104 1.18722 2.30827 -2.22055</i>
                        <i>-0.0580322 0.995243 0.0782584 0.337118 0.0933221 -0.936826 -0.939672 -0.0279838 -0.34093 1.1872 2.30726 -2.22085</i>
                        <i>-0.057733 0.995344 0.0771833 0.336635 0.0921935 -0.937111 -0.939864 -0.0281197 -0.34039 1.18718 2.30634 -2.2213</i>
                        <i>-0.0573749 0.995458 0.075977 0.335799 0.0909106 -0.937536 -0.940185 -0.028278 -0.33949 1.18715 2.30556 -2.22187</i>
                        <i>-0.0569517 0.99558 0.0746808 0.334617 0.0895102 -0.938093 -0.940632 -0.0284365 -0.338236 1.18712 2.30495 -2.22256</i>
                        <i>-0.056457 0.995708 0.0733361 0.333095 0.0880295 -0.938775 -0.941201 -0.0285725 -0.336635 1.18708 2.30457 -2.22334</i>
                        <i>-0.0558843 0.995839 0.071984 0.331238 0.0865052 -0.939573 -0.941891 -0.0286635 -0.334694 1.18705 2.30445 -2.22421</i>
                        <i>-0.0552268 0.99597 0.0706657 0.329052 0.0849747 -0.940481 -0.942695 -0.028687 -0.332419 1.18702 2.30463 -2.22515</i>
                        <i>-0.05452 0.99611 0.069232 0.326536 0.0833092 -0.941506 -0.943611 -0.0287242 -0.329807 1.18698 2.30519 -2.22619</i>
                        <i>-0.0538017 0.996266 0.0675295 0.323679 0.0813758 -0.942661 -0.944636 -0.0288589 -0.326849 1.18692 2.30614 -2.2274</i>
                        <i>-0.0530682 0.996434 0.0655921 0.320483 0.0792047 -0.943937 -0.945767 -0.0290719 -0.323543 1.18685 2.3074 -2.22875</i>
                        <i>-0.052316 0.996613 0.063454 0.316944 0.0768263 -0.945327 -0.947 -0.0293443 -0.31989 1.18677 2.30892 -2.23024</i>
                        <i>-0.051541 0.996797 0.061149 0.313063 0.0742708 -0.946824 -0.948333 -0.0296568 -0.315888 1.18669 2.31063 -2.23186</i>
                        <i>-0.0507396 0.996985 0.0587111 0.308837 0.0715688 -0.948418 -0.949761 -0.0299902 -0.311537 1.18662 2.31247 -2.23358</i>
                        <i>-0.0499076 0.997173 0.0561741 0.304266 0.0687507 -0.950103 -0.951279 -0.0303255 -0.306837 1.18656 2.31438 -2.23541</i>
                        <i>-0.049041 0.997359 0.0535718 0.299347 0.0658475 -0.951869 -0.952883 -0.0306441 -0.301785 1.18651 2.31629 -2.23732</i>
                        <i>-0.0481357 0.997541 0.0509378 0.294079 0.0628902 -0.95371 -0.954568 -0.0309278 -0.296383 1.18649 2.31814 -2.23931</i>
                        <i>-0.0471873 0.997717 0.0483057 0.288461 0.0599101 -0.955615 -0.956328 -0.0311586 -0.29063 1.18649 2.31986 -2.24136</i>
                        <i>-0.0461916 0.997886 0.045709 0.282491 0.056939 -0.957579 -0.958157 -0.0313197 -0.284524 1.18652 2.3214 -2.24347</i>
                        <i>-0.045144 0.998047 0.043181 0.276167 0.0540089 -0.959591 -0.960049 -0.0313946 -0.278066 1.18659 2.32269 -2.24561</i>
                        <i>-0.0440401 0.998198 0.040755 0.269487 0.0511522 -0.961645 -0.961996 -0.031368 -0.271254 1.1867 2.32367 -2.24779</i>
                        <i>-0.0428751 0.99834 0.038464 0.262449 0.0484018 -0.963731 -0.963993 -0.0312253 -0.264088 1.18686 2.32428 -2.24999</i>
                        <i>-0.0416445 0.998471 0.0363408 0.255051 0.0457909 -0.965843 -0.96603 -0.0309532 -0.256568 1.18707 2.32444 -2.25219</i>
                        <i>-0.0523321 0.998231 0.0282351 0.235573 0.0398159 -0.971041 -0.970447 -0.0441652 -0.237239 1.19127 2.32305 -2.25697</i>
                        <i>-0.0751094 0.997054 0.0155687 0.201716 0.0304819 -0.97897 -0.97656 -0.0703893 -0.203411 1.19924 2.31929 -2.26634</i>
                        <i>-0.102404 0.99474 0.00222685 0.156183 0.0182891 -0.987559 -0.982405 -0.100782 -0.157234 1.2086 2.31487 -2.27771</i>
                        <i>-0.126907 0.991877 -0.00863299 0.102293 0.00443009 -0.994744 -0.986626 -0.127123 -0.102025 1.21704 2.3115 -2.28839</i>
                        <i>-0.141543 0.989817 -0.0150696 0.0444005 -0.00885976 -0.998975 -0.988936 -0.142067 -0.0426944 1.22226 2.31088 -2.29547</i>
                        <i>-0.13964 0.990064 -0.0165278 -0.0123068 -0.0184254 -0.999754 -0.990126 -0.139402 0.0147574 1.22284 2.31445 -2.29999</i>
                        <i>-0.123724 0.992209 -0.0146512 -0.062959 -0.0225839 -0.997761 -0.990317 -0.122524 0.0652627 1.21996 2.32097 -2.30448</i>
                        <i>-0.100942 0.994826 -0.0114847 -0.103767 -0.0220083 -0.994358 -0.989466 -0.0991813 0.105452 1.21539 2.32813 -2.30822</i>
                        <i>-0.0800059 0.996757 -0.00868118 -0.131213 -0.0191645 -0.991169 -0.988121 -0.0781603 0.13232 1.21109 2.33376 -2.31074</i>
                        <i>-0.0708026 0.997462 -0.00751059 -0.141317 -0.017484 -0.98981 -0.987429 -0.0690197 0.142196 1.20918 2.33581 -2.31166</i>
                        <i>-0.129561 0.991541 -0.00781261 -0.178565 -0.0310811 -0.983437 -0.975361 -0.12602 0.181082 1.19812 2.32826 -2.31449</i>
                        <i>-0.205723 0.978609 -0.00153262 -0.214912 -0.0467064 -0.975516 -0.95472 -0.200357 0.219923 1.18018 2.30601 -2.3169</i>
                        <i>-0.294146 0.955665 0.0135206 -0.250513 -0.0634387 -0.966033 -0.922346 -0.287542 0.258067 1.15655 2.27154 -2.3187</i>
                        <i>-0.389018 0.920412 0.0388129 -0.285589 -0.0804357 -0.954971 -0.875845 -0.382585 0.294151 1.12839 2.22735 -2.31973</i>
                        <i>-0.484114 0.87179 0.074935 -0.320411 -0.096931 -0.942306 -0.81423 -0.480194 0.326257 1.0969 2.17596 -2.31984</i>
                        <i>-0.573282 0.8103 0.121493 -0.355283 -0.11222 -0.927998 -0.738324 -0.575169 0.352219 1.06328 2.11987 -2.31892</i>
                        <i>-0.651069 0.738063 0.177122 -0.39053 -0.125641 -0.911976 -0.650842 -0.662931 0.370037 1.02879 2.06161 -2.31688</i>
                        <i>-0.71333 0.658576 0.239662 -0.426478 -0.136553 -0.894131 -0.556127 -0.740021 0.378276 0.994767 2.00374 -2.31365</i>
                        <i>-0.757639 0.57624 0.306481 -0.463438 -0.14432 -0.874298 -0.459574 -0.804437 0.376394 0.962577 1.94887 -2.30927</i>
