<?xml version="1.0" encoding="ISO-8859-1" ?>
<Animl Version="1">
    <ModellingPackage><![CDATA[Maya.2010]]></ModellingPackage>
    <SrcFile><![CDATA[anims\turrets\mortar\red\~src\mortar_2s12sani\mortar_2s12sani_idle_crewman_c.mb]]></SrcFile>
    <FramesPerSecond>30</FramesPerSecond>
    <TotalFrames>120</TotalFrames>
    <Skeleton>
        <RefFrame>
            <Name><![CDATA[soldier_ref_frame]]></Name>
            <Exclude>0</Exclude>
            <Additive>0</Additive>
            <IKPriority>0</IKPriority>
            <IKRotLimits>-1e+010 -1e+010 -1e+010 1e+010 1e+010 1e+010</IKRotLimits>
            <IKRotLimitOrder>0</IKRotLimitOrder>
            <KeyFrames count="120">
                <i>1 0 0 0 1 0 0 0 1 2.38 0.89 1.03</i>
                <i>1 0 0 0 1 0 0 0 1 2.38 0.89 1.03</i>
                <i>1 0 0 0 1 0 0 0 1 2.38 0.89 1.03</i>
                <i>1 0 0 0 1 0 0 0 1 2.38 0.89 1.03</i>
                <i>1 0 0 0 1 0 0 0 1 2.38 0.89 1.03</i>
                <i>1 0 0 0 1 0 0 0 1 2.38 0.89 1.03</i>
                <i>1 0 0 0 1 0 0 0 1 2.38 0.89 1.03</i>
                <i>1 0 0 0 1 0 0 0 1 2.38 0.89 1.03</i>
                <i>1 0 0 0 1 0 0 0 1 2.38 0.89 1.03</i>
                <i>1 0 0 0 1 0 0 0 1 2.38 0.89 1.03</i>
                <i>1 0 0 0 1 0 0 0 1 2.38 0.89 1.03</i>
                <i>1 0 0 0 1 0 0 0 1 2.38 0.89 1.03</i>
                <i>1 0 0 0 1 0 0 0 1 2.38 0.89 1.03</i>
                <i>1 0 0 0 1 0 0 0 1 2.38 0.89 1.03</i>
                <i>1 0 0 0 1 0 0 0 1 2.38 0.89 1.03</i>
                <i>1 0 0 0 1 0 0 0 1 2.38 0.89 1.03</i>
                <i>1 0 0 0 1 0 0 0 1 2.38 0.89 1.03</i>
                <i>1 0 0 0 1 0 0 0 1 2.38 0.89 1.03</i>
                <i>1 0 0 0 1 0 0 0 1 2.38 0.89 1.03</i>
                <i>1 0 0 0 1 0 0 0 1 2.38 0.89 1.03</i>
                <i>1 0 0 0 1 0 0 0 1 2.38 0.89 1.03</i>
                <i>1 0 0 0 1 0 0 0 1 2.38 0.89 1.03</i>
                <i>1 0 0 0 1 0 0 0 1 2.38 0.89 1.03</i>
                <i>1 0 0 0 1 0 0 0 1 2.38 0.89 1.03</i>
                <i>1 0 0 0 1 0 0 0 1 2.38 0.89 1.03</i>
                <i>1 0 0 0 1 0 0 0 1 2.38 0.89 1.03</i>
                <i>1 0 0 0 1 0 0 0 1 2.38 0.89 1.03</i>
                <i>1 0 0 0 1 0 0 0 1 2.38 0.89 1.03</i>
                <i>1 0 0 0 1 0 0 0 1 2.38 0.89 1.03</i>
                <i>1 0 0 0 1 0 0 0 1 2.38 0.89 1.03</i>
                <i>1 0 0 0 1 0 0 0 1 2.38 0.89 1.03</i>
                <i>1 0 0 0 1 0 0 0 1 2.38 0.89 1.03</i>
                <i>1 0 0 0 1 0 0 0 1 2.38 0.89 1.03</i>
                <i>1 0 0 0 1 0 0 0 1 2.38 0.89 1.03</i>
                <i>1 0 0 0 1 0 0 0 1 2.38 0.89 1.03</i>
                <i>1 0 0 0 1 0 0 0 1 2.38 0.89 1.03</i>
                <i>1 0 0 0 1 0 0 0 1 2.38 0.89 1.03</i>
                <i>1 0 0 0 1 0 0 0 1 2.38 0.89 1.03</i>
                <i>1 0 0 0 1 0 0 0 1 2.38 0.89 1.03</i>
                <i>1 0 0 0 1 0 0 0 1 2.38 0.89 1.03</i>
                <i>1 0 0 0 1 0 0 0 1 2.38 0.89 1.03</i>
                <i>1 0 0 0 1 0 0 0 1 2.38 0.89 1.03</i>
                <i>1 0 0 0 1 0 0 0 1 2.38 0.89 1.03</i>
                <i>1 0 0 0 1 0 0 0 1 2.38 0.89 1.03</i>
                <i>1 0 0 0 1 0 0 0 1 2.38 0.89 1.03</i>
                <i>1 0 0 0 1 0 0 0 1 2.38 0.89 1.03</i>
                <i>1 0 0 0 1 0 0 0 1 2.38 0.89 1.03</i>
                <i>1 0 0 0 1 0 0 0 1 2.38 0.89 1.03</i>
                <i>1 0 0 0 1 0 0 0 1 2.38 0.89 1.03</i>
                <i>1 0 0 0 1 0 0 0 1 2.38 0.89 1.03</i>
                <i>1 0 0 0 1 0 0 0 1 2.38 0.89 1.03</i>
                <i>1 0 0 0 1 0 0 0 1 2.38 0.89 1.03</i>
                <i>1 0 0 0 1 0 0 0 1 2.38 0.89 1.03</i>
                <i>1 0 0 0 1 0 0 0 1 2.38 0.89 1.03</i>
                <i>1 0 0 0 1 0 0 0 1 2.38 0.89 1.03</i>
                <i>1 0 0 0 1 0 0 0 1 2.38 0.89 1.03</i>
                <i>1 0 0 0 1 0 0 0 1 2.38 0.89 1.03</i>
                <i>1 0 0 0 1 0 0 0 1 2.38 0.89 1.03</i>
                <i>1 0 0 0 1 0 0 0 1 2.38 0.89 1.03</i>
                <i>1 0 0 0 1 0 0 0 1 2.38 0.89 1.03</i>
                <i>1 0 0 0 1 0 0 0 1 2.38 0.89 1.03</i>
                <i>1 0 0 0 1 0 0 0 1 2.38 0.89 1.03</i>
                <i>1 0 0 0 1 0 0 0 1 2.38 0.89 1.03</i>
                <i>1 0 0 0 1 0 0 0 1 2.38 0.89 1.03</i>
                <i>1 0 0 0 1 0 0 0 1 2.38 0.89 1.03</i>
                <i>1 0 0 0 1 0 0 0 1 2.38 0.89 1.03</i>
                <i>1 0 0 0 1 0 0 0 1 2.38 0.89 1.03</i>
                <i>1 0 0 0 1 0 0 0 1 2.38 0.89 1.03</i>
                <i>1 0 0 0 1 0 0 0 1 2.38 0.89 1.03</i>
                <i>1 0 0 0 1 0 0 0 1 2.38 0.89 1.03</i>
                <i>1 0 0 0 1 0 0 0 1 2.38 0.89 1.03</i>
                <i>1 0 0 0 1 0 0 0 1 2.38 0.89 1.03</i>
                <i>1 0 0 0 1 0 0 0 1 2.38 0.89 1.03</i>
                <i>1 0 0 0 1 0 0 0 1 2.38 0.89 1.03</i>
                <i>1 0 0 0 1 0 0 0 1 2.38 0.89 1.03</i>
                <i>1 0 0 0 1 0 0 0 1 2.38 0.89 1.03</i>
                <i>1 0 0 0 1 0 0 0 1 2.38 0.89 1.03</i>
                <i>1 0 0 0 1 0 0 0 1 2.38 0.89 1.03</i>
                <i>1 0 0 0 1 0 0 0 1 2.38 0.89 1.03</i>
                <i>1 0 0 0 1 0 0 0 1 2.38 0.89 1.03</i>
                <i>1 0 0 0 1 0 0 0 1 2.38 0.89 1.03</i>
                <i>1 0 0 0 1 0 0 0 1 2.38 0.89 1.03</i>
                <i>1 0 0 0 1 0 0 0 1 2.38 0.89 1.03</i>
                <i>1 0 0 0 1 0 0 0 1 2.38 0.89 1.03</i>
                <i>1 0 0 0 1 0 0 0 1 2.38 0.89 1.03</i>
                <i>1 0 0 0 1 0 0 0 1 2.38 0.89 1.03</i>
                <i>1 0 0 0 1 0 0 0 1 2.38 0.89 1.03</i>
                <i>1 0 0 0 1 0 0 0 1 2.38 0.89 1.03</i>
                <i>1 0 0 0 1 0 0 0 1 2.38 0.89 1.03</i>
                <i>1 0 0 0 1 0 0 0 1 2.38 0.89 1.03</i>
                <i>1 0 0 0 1 0 0 0 1 2.38 0.89 1.03</i>
                <i>1 0 0 0 1 0 0 0 1 2.38 0.89 1.03</i>
                <i>1 0 0 0 1 0 0 0 1 2.38 0.89 1.03</i>
                <i>1 0 0 0 1 0 0 0 1 2.38 0.89 1.03</i>
                <i>1 0 0 0 1 0 0 0 1 2.38 0.89 1.03</i>
                <i>1 0 0 0 1 0 0 0 1 2.38 0.89 1.03</i>
                <i>1 0 0 0 1 0 0 0 1 2.38 0.89 1.03</i>
                <i>1 0 0 0 1 0 0 0 1 2.38 0.89 1.03</i>
                <i>1 0 0 0 1 0 0 0 1 2.38 0.89 1.03</i>
                <i>1 0 0 0 1 0 0 0 1 2.38 0.89 1.03</i>
                <i>1 0 0 0 1 0 0 0 1 2.38 0.89 1.03</i>
                <i>1 0 0 0 1 0 0 0 1 2.38 0.89 1.03</i>
                <i>1 0 0 0 1 0 0 0 1 2.38 0.89 1.03</i>
                <i>1 0 0 0 1 0 0 0 1 2.38 0.89 1.03</i>
                <i>1 0 0 0 1 0 0 0 1 2.38 0.89 1.03</i>
                <i>1 0 0 0 1 0 0 0 1 2.38 0.89 1.03</i>
                <i>1 0 0 0 1 0 0 0 1 2.38 0.89 1.03</i>
                <i>1 0 0 0 1 0 0 0 1 2.38 0.89 1.03</i>
                <i>1 0 0 0 1 0 0 0 1 2.38 0.89 1.03</i>
                <i>1 0 0 0 1 0 0 0 1 2.38 0.89 1.03</i>
                <i>1 0 0 0 1 0 0 0 1 2.38 0.89 1.03</i>
                <i>1 0 0 0 1 0 0 0 1 2.38 0.89 1.03</i>
                <i>1 0 0 0 1 0 0 0 1 2.38 0.89 1.03</i>
                <i>1 0 0 0 1 0 0 0 1 2.38 0.89 1.03</i>
                <i>1 0 0 0 1 0 0 0 1 2.38 0.89 1.03</i>
                <i>1 0 0 0 1 0 0 0 1 2.38 0.89 1.03</i>
                <i>1 0 0 0 1 0 0 0 1 2.38 0.89 1.03</i>
                <i>1 0 0 0 1 0 0 0 1 2.38 0.89 1.03</i>
                <i>1 0 0 0 1 0 0 0 1 2.38 0.89 1.03</i>
                <i>1 0 0 0 1 0 0 0 1 2.38 0.89 1.03</i>
            </KeyFrames>
        </RefFrame>
        <Bones count="23">
            <i>
                <p>
                    <Name><![CDATA[pelvis]]></Name>
                    <Exclude>0</Exclude>
                    <Additive>0</Additive>
                    <IKPriority>0</IKPriority>
                    <IKRotLimits>-1e+010 -1e+010 -1e+010 1e+010 1e+010 1e+010</IKRotLimits>
                    <IKRotLimitOrder>2</IKRotLimitOrder>
                    <KeyFrames count="120">
                        <i>1 0 0 0 1 0 0 0 1 2.34828 2.04055 1.09033</i>
                        <i>1 0 0 0 1 0 0 0 1 2.34834 2.04144 1.09034</i>
                        <i>1 0 0 0 1 0 0 0 1 2.34841 2.04246 1.09034</i>
                        <i>1 0 0 0 1 0 0 0 1 2.34849 2.04355 1.09035</i>
                        <i>1 0 0 0 1 0 0 0 1 2.34856 2.04465 1.09036</i>
                        <i>1 0 0 0 1 0 0 0 1 2.34863 2.04567 1.09036</i>
                        <i>1 0 0 0 1 0 0 0 1 2.3487 2.04656 1.09037</i>
                        <i>1 0 0 0 1 0 0 0 1 2.34874 2.04724 1.09037</i>
                        <i>1 0 0 0 1 0 0 0 1 2.34877 2.04765 1.09037</i>
                        <i>1 0 0 0 1 0 0 0 1 2.34878 2.04773 1.09037</i>
                        <i>1 0 0 0 1 0 0 0 1 2.34877 2.0476 1.09037</i>
                        <i>1 0 0 0 1 0 0 0 1 2.34876 2.04744 1.09037</i>
                        <i>1 0 0 0 1 0 0 0 1 2.34874 2.04726 1.09037</i>
                        <i>1 0 0 0 1 0 0 0 1 2.34873 2.04706 1.09037</i>
                        <i>1 0 0 0 1 0 0 0 1 2.34872 2.04684 1.09037</i>
                        <i>1 0 0 0 1 0 0 0 1 2.3487 2.0466 1.09037</i>
                        <i>1 0 0 0 1 0 0 0 1 2.34868 2.04634 1.09037</i>
                        <i>1 0 0 0 1 0 0 0 1 2.34866 2.04606 1.09036</i>
                        <i>1 0 0 0 1 0 0 0 1 2.34864 2.04576 1.09036</i>
                        <i>1 0 0 0 1 0 0 0 1 2.34862 2.04545 1.09036</i>
                        <i>1 0 0 0 1 0 0 0 1 2.3486 2.04513 1.09036</i>
                        <i>1 0 0 0 1 0 0 0 1 2.34857 2.04479 1.09036</i>
                        <i>1 0 0 0 1 0 0 0 1 2.34855 2.04444 1.09035</i>
                        <i>1 0 0 0 1 0 0 0 1 2.34852 2.04408 1.09035</i>
                        <i>1 0 0 0 1 0 0 0 1 2.3485 2.04371 1.09035</i>
                        <i>1 0 0 0 1 0 0 0 1 2.34847 2.04333 1.09035</i>
                        <i>1 0 0 0 1 0 0 0 1 2.34844 2.04294 1.09034</i>
                        <i>1 0 0 0 1 0 0 0 1 2.34842 2.04255 1.09034</i>
                        <i>1 0 0 0 1 0 0 0 1 2.34839 2.04215 1.09034</i>
                        <i>1 0 0 0 1 0 0 0 1 2.34836 2.04175 1.09034</i>
                        <i>1 0 0 0 1 0 0 0 1 2.34833 2.04135 1.09034</i>
                        <i>1 0 0 0 1 0 0 0 1 2.3483 2.04094 1.09033</i>
                        <i>1 0 0 0 1 0 0 0 1 2.34828 2.04053 1.09033</i>
                        <i>1 0 0 0 1 0 0 0 1 2.34825 2.04013 1.09033</i>
                        <i>1 0 0 0 1 0 0 0 1 2.34822 2.03972 1.09033</i>
                        <i>1 0 0 0 1 0 0 0 1 2.34819 2.03932 1.09032</i>
                        <i>1 0 0 0 1 0 0 0 1 2.34816 2.03893 1.09032</i>
                        <i>1 0 0 0 1 0 0 0 1 2.34814 2.03853 1.09032</i>
                        <i>1 0 0 0 1 0 0 0 1 2.34811 2.03815 1.09032</i>
                        <i>1 0 0 0 1 0 0 0 1 2.34808 2.03777 1.09031</i>
                        <i>1 0 0 0 1 0 0 0 1 2.34806 2.0374 1.09031</i>
                        <i>1 0 0 0 1 0 0 0 1 2.34803 2.03704 1.09031</i>
                        <i>1 0 0 0 1 0 0 0 1 2.34801 2.03669 1.09031</i>
                        <i>1 0 0 0 1 0 0 0 1 2.34799 2.03636 1.09031</i>
                        <i>1 0 0 0 1 0 0 0 1 2.34796 2.03604 1.0903</i>
                        <i>1 0 0 0 1 0 0 0 1 2.34794 2.03573 1.0903</i>
                        <i>1 0 0 0 1 0 0 0 1 2.34792 2.03543 1.0903</i>
                        <i>1 0 0 0 1 0 0 0 1 2.3479 2.03516 1.0903</i>
                        <i>1 0 0 0 1 0 0 0 1 2.34788 2.0349 1.0903</i>
                        <i>1 0 0 0 1 0 0 0 1 2.34787 2.03466 1.09029</i>
                        <i>1 0 0 0 1 0 0 0 1 2.34785 2.03444 1.09029</i>
                        <i>1 0 0 0 1 0 0 0 1 2.34784 2.03424 1.09029</i>
                        <i>1 0 0 0 1 0 0 0 1 2.34783 2.03407 1.09029</i>
                        <i>1 0 0 0 1 0 0 0 1 2.34781 2.03392 1.09029</i>
                        <i>1 0 0 0 1 0 0 0 1 2.34781 2.03379 1.09029</i>
                        <i>1 0 0 0 1 0 0 0 1 2.3478 2.03369 1.09029</i>
                        <i>1 0 0 0 1 0 0 0 1 2.34779 2.03361 1.09029</i>
                        <i>1 0 0 0 1 0 0 0 1 2.34779 2.03357 1.09029</i>
                        <i>1 0 0 0 1 0 0 0 1 2.34779 2.03355 1.09029</i>
                        <i>1 0 0 0 1 0 0 0 1 2.34779 2.03356 1.09029</i>
                        <i>1 0 0 0 1 0 0 0 1 2.34791 2.03531 1.0903</i>
                        <i>1 0 0 0 1 0 0 0 1 2.3482 2.03941 1.09032</i>
                        <i>1 0 0 0 1 0 0 0 1 2.34853 2.04421 1.09035</i>
                        <i>1 0 0 0 1 0 0 0 1 2.3488 2.04806 1.09038</i>
                        <i>1 0 0 0 1 0 0 0 1 2.34889 2.04932 1.09038</i>
                        <i>1 0 0 0 1 0 0 0 1 2.34881 2.04822 1.09038</i>
                        <i>1 0 0 0 1 0 0 0 1 2.34867 2.04622 1.09036</i>
                        <i>1 0 0 0 1 0 0 0 1 2.34849 2.04354 1.09035</i>
                        <i>1 0 0 0 1 0 0 0 1 2.34827 2.04042 1.09033</i>
                        <i>1 0 0 0 1 0 0 0 1 2.34804 2.03707 1.09031</i>
                        <i>1 0 0 0 1 0 0 0 1 2.3478 2.03373 1.09029</i>
                        <i>1 0 0 0 1 0 0 0 1 2.34758 2.03061 1.09027</i>
                        <i>1 0 0 0 1 0 0 0 1 2.3474 2.02793 1.09025</i>
                        <i>1 0 0 0 1 0 0 0 1 2.34726 2.02593 1.09024</i>
                        <i>1 0 0 0 1 0 0 0 1 2.34718 2.02482 1.09024</i>
                        <i>1 0 0 0 1 0 0 0 1 2.34727 2.02602 1.09024</i>
                        <i>1 0 0 0 1 0 0 0 1 2.34753 2.02976 1.09027</i>
                        <i>1 0 0 0 1 0 0 0 1 2.34785 2.03446 1.09029</i>
                        <i>1 0 0 0 1 0 0 0 1 2.34814 2.03858 1.09032</i>
                        <i>1 0 0 0 1 0 0 0 1 2.34828 2.04055 1.09033</i>
                        <i>1 0 0 0 1 0 0 0 1 2.3483 2.04064 1.09033</i>
                        <i>1 0 0 0 1 0 0 0 1 2.3483 2.04024 1.09033</i>
                        <i>1 0 0 0 1 0 0 0 1 2.3483 2.03945 1.09033</i>
                        <i>1 0 0 0 1 0 0 0 1 2.34829 2.03836 1.09033</i>
                        <i>1 0 0 0 1 0 0 0 1 2.34828 2.03708 1.09033</i>
                        <i>1 0 0 0 1 0 0 0 1 2.34827 2.03571 1.09033</i>
                        <i>1 0 0 0 1 0 0 0 1 2.34825 2.03434 1.09033</i>
                        <i>1 0 0 0 1 0 0 0 1 2.34824 2.03308 1.09033</i>
                        <i>1 0 0 0 1 0 0 0 1 2.34824 2.03203 1.09033</i>
                        <i>1 0 0 0 1 0 0 0 1 2.34824 2.03129 1.09033</i>
                        <i>1 0 0 0 1 0 0 0 1 2.34825 2.03095 1.09033</i>
                        <i>1 0 0 0 1 0 0 0 1 2.34828 2.03113 1.09033</i>
                        <i>1 0 0 0 1 0 0 0 1 2.34832 2.03185 1.09033</i>
                        <i>1 0 0 0 1 0 0 0 1 2.34837 2.03304 1.09034</i>
                        <i>1 0 0 0 1 0 0 0 1 2.34843 2.0346 1.09034</i>
                        <i>1 0 0 0 1 0 0 0 1 2.3485 2.03646 1.09035</i>
                        <i>1 0 0 0 1 0 0 0 1 2.34858 2.03852 1.09036</i>
                        <i>1 0 0 0 1 0 0 0 1 2.34865 2.0407 1.09036</i>
                        <i>1 0 0 0 1 0 0 0 1 2.34873 2.04292 1.09037</i>
                        <i>1 0 0 0 1 0 0 0 1 2.34881 2.04508 1.09038</i>
                        <i>1 0 0 0 1 0 0 0 1 2.34888 2.04711 1.09038</i>
                        <i>1 0 0 0 1 0 0 0 1 2.34895 2.0489 1.09039</i>
                        <i>1 0 0 0 1 0 0 0 1 2.349 2.05039 1.09039</i>
                        <i>1 0 0 0 1 0 0 0 1 2.34905 2.05148 1.0904</i>
                        <i>1 0 0 0 1 0 0 0 1 2.34908 2.05209 1.0904</i>
                        <i>1 0 0 0 1 0 0 0 1 2.34909 2.05218 1.0904</i>
                        <i>1 0 0 0 1 0 0 0 1 2.34906 2.05185 1.0904</i>
                        <i>1 0 0 0 1 0 0 0 1 2.34902 2.05115 1.09039</i>
                        <i>1 0 0 0 1 0 0 0 1 2.34895 2.05016 1.09039</i>
                        <i>1 0 0 0 1 0 0 0 1 2.34886 2.04895 1.09038</i>
                        <i>1 0 0 0 1 0 0 0 1 2.34877 2.0476 1.09037</i>
                        <i>1 0 0 0 1 0 0 0 1 2.34867 2.04617 1.09036</i>
                        <i>1 0 0 0 1 0 0 0 1 2.34857 2.04474 1.09036</i>
                        <i>1 0 0 0 1 0 0 0 1 2.34847 2.04337 1.09035</i>
                        <i>1 0 0 0 1 0 0 0 1 2.34839 2.04214 1.09034</i>
                        <i>1 0 0 0 1 0 0 0 1 2.34832 2.04112 1.09033</i>
                        <i>1 0 0 0 1 0 0 0 1 2.34827 2.04038 1.09033</i>
                        <i>1 0 0 0 1 0 0 0 1 2.34824 2.03999 1.09033</i>
                        <i>1 0 0 0 1 0 0 0 1 2.34824 2.04002 1.09033</i>
                        <i>1 0 0 0 1 0 0 0 1 2.34828 2.04055 1.09033</i>
                    </KeyFrames>
                </p>
            </i>
            <i>
                <p>
                    <Name><![CDATA[spine0]]></Name>
                    <Exclude>0</Exclude>
                    <Additive>0</Additive>
                    <IKPriority>0</IKPriority>
                    <IKRotLimits>-1e+010 -1e+010 -1e+010 1e+010 1e+010 1e+010</IKRotLimits>
                    <IKRotLimitOrder>0</IKRotLimitOrder>
                    <KeyFrames count="120">
                        <i>0.0920432 0.995702 0.0102831 0.224072 -0.0106491 -0.974514 -0.970216 0.0920016 -0.22409 2.40438 2.17256 1.10137</i>
                        <i>0.0900723 0.995887 0.00982836 0.224037 -0.0106454 -0.974522 -0.970409 0.0899794 -0.224075 2.40288 2.17413 1.10101</i>
                        <i>0.0890502 0.995981 0.00959331 0.223997 -0.0106408 -0.974532 -0.970513 0.0889311 -0.224044 2.40115 2.17591 1.10059</i>
                        <i>0.0887884 0.996005 0.00953466 0.223955 -0.0106351 -0.974542 -0.970547 0.0886633 -0.224004 2.39931 2.17778 1.10015</i>
                        <i>0.0891061 0.995976 0.00961076 0.223912 -0.0106285 -0.974551 -0.970527 0.0889904 -0.223958 2.39746 2.17962 1.0997</i>
                        <i>0.0898237 0.99591 0.00978002 0.223871 -0.0106212 -0.974561 -0.970471 0.0897282 -0.22391 2.39571 2.18132 1.09928</i>
                        <i>0.0907549 0.995823 0.00999899 0.223836 -0.0106138 -0.974569 -0.970392 0.090685 -0.223864 2.39416 2.18278 1.09891</i>
                        <i>0.0916997 0.995734 0.0102209 0.223807 -0.0106073 -0.974576 -0.97031 0.0916558 -0.223825 2.39292 2.18391 1.09861</i>
                        <i>0.0924446 0.995664 0.0103957 0.223788 -0.0106026 -0.97458 -0.970244 0.0924211 -0.223798 2.3921 2.1846 1.09841</i>
                        <i>0.0927703 0.995632 0.0104719 0.223782 -0.0106009 -0.974582 -0.970214 0.0927556 -0.223788 2.39182 2.18477 1.09835</i>
                        <i>0.0929995 0.995611 0.0105247 0.223783 -0.0106011 -0.974581 -0.970192 0.0929909 -0.223786 2.39185 2.18462 1.09835</i>
                        <i>0.0935809 0.995555 0.0106588 0.223784 -0.0106012 -0.974581 -0.970136 0.0935874 -0.223782 2.39191 2.18445 1.09837</i>
                        <i>0.0944879 0.995467 0.010868 0.223787 -0.0106014 -0.974581 -0.970047 0.0945182 -0.223774 2.39199 2.18424 1.09839</i>
                        <i>0.0956941 0.995348 0.0111463 0.223789 -0.0106017 -0.97458 -0.969928 0.095756 -0.223763 2.3921 2.18399 1.09842</i>
                        <i>0.0971728 0.995201 0.0114874 0.223792 -0.010602 -0.974579 -0.969781 0.0972734 -0.223749 2.39223 2.18372 1.09845</i>
                        <i>0.0988973 0.995027 0.0118853 0.223796 -0.0106024 -0.974578 -0.969605 0.099043 -0.223732 2.39238 2.18342 1.09849</i>
                        <i>0.100841 0.994826 0.0123339 0.223801 -0.0106028 -0.974577 -0.969404 0.101038 -0.223712 2.39256 2.1831 1.09853</i>
                        <i>0.102977 0.994601 0.0128268 0.223805 -0.0106033 -0.974576 -0.969178 0.10323 -0.223689 2.39275 2.18275 1.09858</i>
                        <i>0.105279 0.994353 0.0133582 0.22381 -0.0106039 -0.974575 -0.96893 0.105592 -0.223663 2.39297 2.18237 1.09863</i>
                        <i>0.107721 0.994084 0.0139217 0.223816 -0.0106046 -0.974574 -0.96866 0.108098 -0.223634 2.3932 2.18198 1.09869</i>
                        <i>0.110275 0.993795 0.0145114 0.223822 -0.0106054 -0.974572 -0.968371 0.110719 -0.223603 2.39345 2.18156 1.09875</i>
                        <i>0.112917 0.993489 0.0151212 0.223828 -0.0106063 -0.974571 -0.968065 0.11343 -0.223569 2.39371 2.18112 1.09882</i>
                        <i>0.115618 0.993169 0.015745 0.223835 -0.0106073 -0.974569 -0.967745 0.116202 -0.223533 2.39399 2.18067 1.09889</i>
                        <i>0.118355 0.992836 0.0163769 0.223842 -0.0106084 -0.974568 -0.967412 0.119011 -0.223494 2.39428 2.18019 1.09896</i>
                        <i>0.1211 0.992494 0.0170109 0.22385 -0.0106097 -0.974566 -0.967071 0.121828 -0.223454 2.39459 2.17971 1.09904</i>
                        <i>0.123829 0.992147 0.0176411 0.223857 -0.010611 -0.974564 -0.966723 0.124629 -0.223413 2.39491 2.17921 1.09912</i>
                        <i>0.126516 0.991796 0.0182617 0.223865 -0.0106124 -0.974562 -0.966374 0.127386 -0.223371 2.39523 2.17869 1.0992</i>
                        <i>0.129135 0.991448 0.0188667 0.223873 -0.010614 -0.97456 -0.966025 0.130074 -0.223329 2.39557 2.17817 1.09928</i>
                        <i>0.131662 0.991104 0.0194503 0.223882 -0.0106156 -0.974559 -0.965682 0.132667 -0.223288 2.39592 2.17763 1.09936</i>
                        <i>0.134071 0.99077 0.0200069 0.22389 -0.0106173 -0.974557 -0.965349 0.135139 -0.223247 2.39627 2.17709 1.09945</i>
                        <i>0.136338 0.99045 0.0205306 0.223899 -0.0106191 -0.974555 -0.965029 0.137466 -0.223208 2.39663 2.17654 1.09954</i>
                        <i>0.138438 0.990148 0.0210157 0.223907 -0.010621 -0.974553 -0.964728 0.139621 -0.223172 2.397 2.17599 1.09963</i>
                        <i>0.140346 0.98987 0.0214565 0.223916 -0.0106229 -0.97455 -0.96445 0.141579 -0.223139 2.39737 2.17543 1.09972</i>
                        <i>0.142037 0.98962 0.0218472 0.223925 -0.0106249 -0.974548 -0.964201 0.143314 -0.22311 2.39774 2.17487 1.09981</i>
                        <i>0.143487 0.989404 0.022182 0.223934 -0.0106269 -0.974546 -0.963984 0.144802 -0.223086 2.39812 2.17431 1.09991</i>
                        <i>0.144738 0.989215 0.0224707 0.223943 -0.0106289 -0.974544 -0.963795 0.146085 -0.223066 2.3985 2.17375 1.1</i>
                        <i>0.145844 0.989047 0.0227261 0.223952 -0.010631 -0.974542 -0.963626 0.147221 -0.223049 2.39887 2.1732 1.10009</i>
                        <i>0.1468 0.9889 0.0229467 0.223961 -0.010633 -0.97454 -0.963479 0.148202 -0.223036 2.39925 2.17265 1.10019</i>
                        <i>0.1476 0.988777 0.0231313 0.22397 -0.0106351 -0.974538 -0.963354 0.149023 -0.223026 2.39963 2.1721 1.10028</i>
                        <i>0.148238 0.988678 0.0232783 0.223979 -0.0106371 -0.974536 -0.963254 0.149677 -0.22302 2.4 2.17156 1.10037</i>
                        <i>0.148696 0.988606 0.0233838 0.223988 -0.0106391 -0.974534 -0.963182 0.150147 -0.223017 2.40037 2.17103 1.10046</i>
                        <i>0.148967 0.988564 0.0234459 0.223996 -0.010641 -0.974532 -0.963138 0.150425 -0.22302 2.40073 2.17051 1.10055</i>
                        <i>0.149061 0.98855 0.0234669 0.224005 -0.0106429 -0.97453 -0.963121 0.150521 -0.223026 2.40109 2.17001 1.10064</i>
                        <i>0.148986 0.988561 0.0234492 0.224013 -0.0106448 -0.974528 -0.963131 0.150444 -0.223036 2.40144 2.16951 1.10072</i>
                        <i>0.148754 0.988597 0.0233949 0.224021 -0.0106465 -0.974526 -0.963165 0.150206 -0.22305 2.40179 2.16903 1.10081</i>
                        <i>0.148374 0.988657 0.0233063 0.224029 -0.0106482 -0.974524 -0.963222 0.149815 -0.223068 2.40212 2.16857 1.10089</i>
                        <i>0.147854 0.988737 0.0231857 0.224037 -0.0106498 -0.974522 -0.9633 0.149282 -0.223088 2.40245 2.16813 1.10097</i>
                        <i>0.147206 0.988838 0.0230352 0.224044 -0.0106513 -0.974521 -0.963397 0.148616 -0.223111 2.40277 2.16771 1.10105</i>
                        <i>0.146438 0.988956 0.022857 0.224051 -0.0106527 -0.974519 -0.963513 0.147828 -0.223137 2.40307 2.16731 1.10112</i>
                        <i>0.14556 0.98909 0.0226534 0.224058 -0.010654 -0.974517 -0.963644 0.146926 -0.223165 2.40337 2.16694 1.10119</i>
                        <i>0.144581 0.989239 0.0224265 0.224065 -0.0106551 -0.974516 -0.96379 0.145921 -0.223194 2.40365 2.16659 1.10126</i>
                        <i>0.143511 0.9894 0.0221786 0.224071 -0.0106562 -0.974515 -0.963949 0.144823 -0.223225 2.40391 2.16627 1.10133</i>
                        <i>0.142359 0.989573 0.0219118 0.224077 -0.0106572 -0.974513 -0.964118 0.143641 -0.223258 2.40416 2.16597 1.10139</i>
                        <i>0.141135 0.989754 0.0216283 0.224083 -0.010658 -0.974512 -0.964297 0.142384 -0.223291 2.4044 2.16571 1.10145</i>
                        <i>0.139848 0.989943 0.0213304 0.224088 -0.0106587 -0.974511 -0.964483 0.141064 -0.223325 2.40461 2.16548 1.1015</i>
                        <i>0.138508 0.990138 0.0210202 0.224092 -0.0106594 -0.97451 -0.964675 0.139688 -0.223359 2.40481 2.16529 1.10155</i>
                        <i>0.137125 0.990337 0.0207 0.224096 -0.0106599 -0.974509 -0.964872 0.138268 -0.223393 2.40499 2.16513 1.10159</i>
                        <i>0.135707 0.99054 0.0203718 0.2241 -0.0106603 -0.974508 -0.965071 0.136813 -0.223427 2.40516 2.16501 1.10163</i>
                        <i>0.134265 0.990743 0.0200381 0.224103 -0.0106606 -0.974507 -0.965272 0.135333 -0.22346 2.4053 2.16492 1.10166</i>
                        <i>0.132808 0.990946 0.0197009 0.224106 -0.0106609 -0.974506 -0.965473 0.133837 -0.223493 2.40542 2.16488 1.10169</i>
                        <i>0.125434 0.991939 0.0179961 0.224088 -0.0106568 -0.974511 -0.966463 0.126269 -0.223619 2.40474 2.167 1.10151</i>
                        <i>0.109952 0.993832 0.014419 0.224042 -0.0106479 -0.974521 -0.968357 0.110381 -0.223831 2.40296 2.17201 1.10105</i>
                        <i>0.0919844 0.995707 0.0102715 0.223986 -0.0106389 -0.974534 -0.970242 0.0919426 -0.224003 2.40076 2.17787 1.10048</i>
                        <i>0.0772658 0.996987 0.00687694 0.223937 -0.0106328 -0.974546 -0.971536 0.0768391 -0.224084 2.39884 2.1826 1.09999</i>
                        <i>0.0716039 0.997418 0.00557209 0.223915 -0.0106304 -0.974551 -0.971975 0.0710293 -0.224098 2.39795 2.18424 1.09977</i>
                        <i>0.0748782 0.997176 0.00584986 0.22391 -0.0110963 -0.974547 -0.971729 0.0742821 -0.224108 2.39798 2.18309 1.09979</i>
                        <i>0.0823511 0.996584 0.00627986 0.223891 -0.01236 -0.974536 -0.971129 0.0816601 -0.224144 2.39834 2.1809 1.09989</i>
                        <i>0.0929016 0.995652 0.0068146 0.223847 -0.0142166 -0.974521 -0.970186 0.0920599 -0.224195 2.39892 2.17792 1.10006</i>
                        <i>0.105407 0.994402 0.0074078 0.223763 -0.0164595 -0.974505 -0.968927 0.104377 -0.224246 2.39967 2.17442 1.10027</i>
                        <i>0.118753 0.992891 0.00801331 0.223634 -0.0188825 -0.97449 -0.967412 0.117515 -0.224287 2.4005 2.17064 1.1005</i>
                        <i>0.131836 0.991234 0.00858327 0.223466 -0.0212832 -0.974479 -0.965755 0.13039 -0.224313 2.40134 2.16685 1.10073</i>
                        <i>0.143575 0.989598 0.00906626 0.223276 -0.0234663 -0.974473 -0.964123 0.141935 -0.224323 2.40211 2.1633 1.10094</i>
                        <i>0.152908 0.988196 0.00940619 0.223096 -0.025245 -0.97447 -0.962729 0.151102 -0.224323 2.40274 2.16028 1.10112</i>
                        <i>0.158786 0.987267 0.00954277 0.222961 -0.0264405 -0.974469 -0.961808 0.156859 -0.22432 2.40316 2.15803 1.10124</i>
                        <i>0.160165 0.987045 0.00941408 0.222909 -0.0268765 -0.974469 -0.961592 0.158174 -0.224326 2.40329 2.15683 1.10128</i>
                        <i>0.151689 0.988404 0.00691495 0.222949 -0.0273983 -0.974445 -0.962956 0.149354 -0.224519 2.40262 2.15836 1.10111</i>
                        <i>0.133144 0.991096 0.0013331 0.223066 -0.0286562 -0.974382 -0.965668 0.130031 -0.224895 2.4011 2.16286 1.10071</i>
                        <i>0.111225 0.993781 -0.00529191 0.223246 -0.0301742 -0.974295 -0.968396 0.107185 -0.225214 2.39931 2.16844 1.10024</i>
                        <i>0.0927281 0.995632 -0.010883 0.223426 -0.0314576 -0.974213 -0.9703 0.0879054 -0.225367 2.39787 2.17324 1.09986</i>
                        <i>0.0845327 0.996332 -0.0133301 0.223494 -0.0319959 -0.97418 -0.971033 0.0793708 -0.225379 2.3974 2.17544 1.09973</i>
                        <i>0.0843179 0.99636 -0.0125607 0.223479 -0.0311936 -0.974209 -0.971055 0.0793362 -0.225296 2.39767 2.17544 1.09979</i>
                        <i>0.08505 0.996325 -0.0101683 0.223493 -0.0290214 -0.974273 -0.970988 0.0805894 -0.22514 2.39801 2.17491 1.09987</i>
                        <i>0.08655 0.996226 -0.00653439 0.223537 -0.0258114 -0.974354 -0.970845 0.0828696 -0.224928 2.39842 2.17396 1.09996</i>
                        <i>0.0886403 0.996062 -0.00204269 0.223616 -0.0218981 -0.974431 -0.970638 0.0859171 -0.224677 2.39888 2.17268 1.10008</i>
                        <i>0.091148 0.995833 0.00291797 0.22373 -0.0176224 -0.974492 -0.97038 0.0894758 -0.224404 2.39941 2.17119 1.1002</i>
                        <i>0.0939058 0.995549 0.00795281 0.223875 -0.0133322 -0.974527 -0.970083 0.0932941 -0.22413 2.39998 2.16958 1.10034</i>
                        <i>0.0967514 0.995228 0.0126626 0.22404 -0.00938081 -0.974535 -0.969765 0.0971245 -0.223879 2.4006 2.16796 1.10049</i>
                        <i>0.0995257 0.994896 0.0166463 0.224211 -0.00612385 -0.974521 -0.969445 0.100722 -0.223676 2.40126 2.16642 1.10064</i>
                        <i>0.102071 0.994586 0.0195032 0.224361 -0.00391609 -0.974498 -0.969146 0.103844 -0.223546 2.40194 2.16508 1.1008</i>
                        <i>0.104229 0.994335 0.0208352 0.224458 -0.00310916 -0.974479 -0.968894 0.106245 -0.223511 2.40266 2.16403 1.10097</i>
                        <i>0.106025 0.994133 0.0213979 0.224524 -0.00297108 -0.974464 -0.968683 0.108122 -0.223522 2.40339 2.16339 1.10114</i>
                        <i>0.107599 0.993947 0.0221845 0.22461 -0.00256581 -0.974445 -0.96849 0.109833 -0.223526 2.40414 2.16324 1.10132</i>
                        <i>0.108967 0.993776 0.0231552 0.224715 -0.00193568 -0.974423 -0.968313 0.111383 -0.223528 2.4049 2.16365 1.10149</i>
                        <i>0.110141 0.99362 0.0242697 0.224841 -0.00112304 -0.974395 -0.968151 0.112777 -0.22353 2.40566 2.16451 1.10166</i>
                        <i>0.111134 0.993479 0.0254879 0.224985 -0.000170104 -0.974362 -0.968004 0.114019 -0.223536 2.40641 2.16576 1.10183</i>
                        <i>0.11196 0.993352 0.0267698 0.225144 0.000881261 -0.974325 -0.967872 0.115112 -0.223548 2.40713 2.16731 1.10199</i>
                        <i>0.112632 0.99324 0.0280758 0.225314 0.00198962 -0.974284 -0.967754 0.116062 -0.223567 2.40782 2.16909 1.10214</i>
                        <i>0.113165 0.993142 0.029367 0.225491 0.00311408 -0.97424 -0.967651 0.116872 -0.223592 2.40848 2.17099 1.10228</i>
                        <i>0.113574 0.993058 0.0306048 0.225668 0.0042144 -0.974195 -0.967561 0.11755 -0.223622 2.40908 2.17296 1.10241</i>
                        <i>0.113873 0.992988 0.0317517 0.225838 0.00525098 -0.974151 -0.967487 0.1181 -0.223657 2.40961 2.17489 1.10253</i>
                        <i>0.114079 0.992931 0.0327708 0.225995 0.00618485 -0.974109 -0.967426 0.118531 -0.223692 2.41008 2.17672 1.10263</i>
                        <i>0.114209 0.992888 0.0336257 0.22613 0.00697758 -0.974072 -0.967379 0.118851 -0.223724 2.41047 2.17836 1.10271</i>
                        <i>0.11428 0.992857 0.0342808 0.226235 0.00759106 -0.974043 -0.967346 0.119069 -0.223752 2.41076 2.17973 1.10277</i>
                        <i>0.11431 0.992839 0.0347002 0.226304 0.00798729 -0.974024 -0.967326 0.119193 -0.22377 2.41096 2.18075 1.10281</i>
                        <i>0.114316 0.992833 0.0348482 0.226328 0.00812797 -0.974017 -0.96732 0.119233 -0.223777 2.41104 2.18133 1.10283</i>
                        <i>0.114431 0.992865 0.0335229 0.226185 0.00681943 -0.97406 -0.96734 0.119045 -0.223791 2.41106 2.18142 1.10283</i>
                        <i>0.114712 0.992949 0.0298968 0.22579 0.00324668 -0.974171 -0.967399 0.118499 -0.223825 2.41106 2.18106 1.10283</i>
                        <i>0.115066 0.993056 0.0244939 0.225193 -0.00206157 -0.974312 -0.967496 0.117626 -0.223866 2.41104 2.18035 1.10284</i>
                        <i>0.115397 0.993159 0.0178426 0.224448 -0.00857258 -0.974448 -0.967629 0.116453 -0.223902 2.41098 2.17936 1.10283</i>
                        <i>0.115609 0.99324 0.0104782 0.223616 -0.015747 -0.97455 -0.967797 0.11501 -0.223925 2.41087 2.17817 1.10282</i>
                        <i>0.115608 0.993291 0.00294093 0.222765 -0.0230418 -0.9746 -0.967993 0.113327 -0.223934 2.4107 2.17686 1.10279</i>
                        <i>0.115299 0.993322 -0.00422989 0.221969 -0.0299151 -0.974595 -0.968213 0.111431 -0.223936 2.41045 2.1755 1.10275</i>
                        <i>0.114592 0.993357 -0.0105015 0.221307 -0.0358322 -0.974546 -0.968448 0.109351 -0.223943 2.41012 2.17418 1.10269</i>
                        <i>0.1134 0.993431 -0.0153505 0.220852 -0.0402678 -0.974476 -0.968692 0.107115 -0.223968 2.40969 2.17298 1.1026</i>
                        <i>0.111636 0.993581 -0.0182608 0.220672 -0.0427024 -0.974413 -0.968938 0.10475 -0.224022 2.40915 2.17197 1.10248</i>
                        <i>0.10868 0.993942 -0.016359 0.221074 -0.0402107 -0.974428 -0.969182 0.102285 -0.224105 2.40849 2.17124 1.10234</i>
                        <i>0.104474 0.994484 -0.00927019 0.222018 -0.0324076 -0.974504 -0.969429 0.0997519 -0.224179 2.4077 2.17085 1.10216</i>
                        <i>0.0997745 0.99501 -0.000249492 0.223054 -0.0226111 -0.974544 -0.969687 0.097179 -0.224197 2.40676 2.1709 1.10194</i>
                        <i>0.0953648 0.995415 0.00738324 0.223816 -0.0142142 -0.974528 -0.969955 0.0945881 -0.224145 2.40566 2.17144 1.10168</i>
                        <i>0.0920432 0.995702 0.0102831 0.224072 -0.0106491 -0.974514 -0.970216 0.0920016 -0.22409 2.40438 2.17256 1.10137</i>
                    </KeyFrames>
                </p>
            </i>
            <i>
                <p>
                    <Name><![CDATA[spine1]]></Name>
                    <Exclude>0</Exclude>
                    <Additive>0</Additive>
                    <IKPriority>0</IKPriority>
                    <IKRotLimits>-1e+010 -1e+010 -1e+010 1e+010 1e+010 1e+010</IKRotLimits>
                    <IKRotLimitOrder>0</IKRotLimitOrder>
                    <KeyFrames count="120">
                        <i>0.0219556 0.999757 -0.00206697 0.22433 -0.00694122 -0.974488 -0.974266 0.0209318 -0.224428 2.42017 2.34333 1.10314</i>
                        <i>0.0323862 0.999475 0.000347056 0.224293 -0.00692943 -0.974497 -0.973983 0.0316381 -0.2244 2.41829 2.34464 1.10269</i>
                        <i>0.0474203 0.998868 0.00382371 0.224254 -0.00691581 -0.974506 -0.973376 0.0470689 -0.224328 2.41636 2.3461 1.10223</i>
                        <i>0.0655215 0.997819 0.00800957 0.224215 -0.00690053 -0.974515 -0.972335 0.0656475 -0.224179 2.41445 2.34766 1.10177</i>
                        <i>0.0851247 0.996291 0.0125441 0.224178 -0.00688407 -0.974524 -0.970823 0.0857682 -0.223933 2.41263 2.34921 1.10134</i>
                        <i>0.104648 0.994363 0.0170621 0.224144 -0.00686725 -0.974532 -0.968921 0.105807 -0.223599 2.41097 2.35068 1.10094</i>
                        <i>0.122507 0.992241 0.0211971 0.224115 -0.0068513 -0.974539 -0.966832 0.124138 -0.223215 2.40957 2.35198 1.1006</i>
                        <i>0.137133 0.990247 0.0245852 0.224092 -0.00683778 -0.974544 -0.964872 0.139152 -0.222844 2.40848 2.35299 1.10034</i>
                        <i>0.146979 0.988775 0.0268665 0.224077 -0.00682849 -0.974547 -0.963424 0.149258 -0.222566 2.40778 2.35363 1.10017</i>
                        <i>0.150507 0.988221 0.0276843 0.224073 -0.00682521 -0.974549 -0.962881 0.15288 -0.22246 2.40755 2.35378 1.10012</i>
                        <i>0.150463 0.988228 0.0276739 0.224073 -0.00682556 -0.974548 -0.962887 0.152834 -0.222462 2.40762 2.35363 1.10014</i>
                        <i>0.150603 0.988206 0.0277057 0.224074 -0.00682609 -0.974548 -0.962865 0.152978 -0.222459 2.40778 2.35346 1.10018</i>
                        <i>0.150909 0.988157 0.0277759 0.224075 -0.00682678 -0.974548 -0.962817 0.153292 -0.222451 2.40802 2.35325 1.10023</i>
                        <i>0.151364 0.988085 0.0278802 0.224076 -0.00682764 -0.974548 -0.962746 0.153758 -0.222439 2.40834 2.35301 1.10031</i>
                        <i>0.15195 0.987991 0.0280148 0.224077 -0.00682867 -0.974548 -0.962653 0.15436 -0.222423 2.40872 2.35274 1.1004</i>
                        <i>0.15265 0.987879 0.0281756 0.224078 -0.00682988 -0.974547 -0.962542 0.155078 -0.222404 2.40917 2.35244 1.10051</i>
                        <i>0.153447 0.98775 0.0283585 0.224079 -0.00683126 -0.974547 -0.962415 0.155896 -0.222382 2.40968 2.35212 1.10063</i>
                        <i>0.154323 0.987608 0.0285596 0.224081 -0.00683281 -0.974547 -0.962275 0.156794 -0.222358 2.41024 2.35177 1.10076</i>
                        <i>0.15526 0.987455 0.0287747 0.224083 -0.00683455 -0.974546 -0.962123 0.157756 -0.222333 2.41085 2.3514 1.1009</i>
                        <i>0.156242 0.987293 0.029 0.224085 -0.00683646 -0.974546 -0.961964 0.158763 -0.222306 2.4115 2.351 1.10106</i>
                        <i>0.15725 0.987126 0.0292313 0.224088 -0.00683856 -0.974545 -0.961799 0.159798 -0.222278 2.41219 2.35059 1.10122</i>
                        <i>0.158268 0.986956 0.0294647 0.224091 -0.00684083 -0.974544 -0.961631 0.160842 -0.22225 2.41291 2.35015 1.10139</i>
                        <i>0.159277 0.986787 0.0296962 0.224094 -0.00684329 -0.974543 -0.961464 0.161877 -0.222223 2.41366 2.3497 1.10157</i>
                        <i>0.160261 0.986621 0.0299216 0.224098 -0.00684594 -0.974543 -0.961299 0.162887 -0.222197 2.41443 2.34923 1.10175</i>
                        <i>0.161202 0.986461 0.030137 0.224103 -0.00684876 -0.974541 -0.961141 0.163852 -0.222172 2.41521 2.34874 1.10193</i>
                        <i>0.162083 0.986311 0.0303384 0.224107 -0.00685176 -0.97454 -0.960992 0.164755 -0.22215 2.416 2.34824 1.10212</i>
                        <i>0.162885 0.986173 0.0305217 0.224113 -0.00685494 -0.974539 -0.960855 0.165578 -0.222131 2.41679 2.34773 1.10231</i>
                        <i>0.163593 0.986051 0.0306829 0.224119 -0.00685829 -0.974538 -0.960733 0.166304 -0.222115 2.41758 2.34721 1.10249</i>
                        <i>0.164187 0.985948 0.0308178 0.224126 -0.0068618 -0.974536 -0.96063 0.166913 -0.222103 2.41837 2.34667 1.10268</i>
                        <i>0.16465 0.985867 0.0309226 0.224133 -0.00686548 -0.974534 -0.960549 0.167388 -0.222096 2.41914 2.34613 1.10286</i>
                        <i>0.164966 0.985812 0.0309931 0.224141 -0.00686931 -0.974532 -0.960493 0.167711 -0.222095 2.4199 2.34559 1.10304</i>
                        <i>0.165115 0.985786 0.0310252 0.22415 -0.00687329 -0.97453 -0.960465 0.167864 -0.222099 2.42063 2.34504 1.10322</i>
                        <i>0.165081 0.985792 0.0310148 0.22416 -0.0068774 -0.974528 -0.960469 0.167828 -0.22211 2.42133 2.34448 1.10339</i>
                        <i>0.164846 0.985833 0.030958 0.22417 -0.00688163 -0.974526 -0.960507 0.167586 -0.222129 2.422 2.34393 1.10355</i>
                        <i>0.164392 0.985913 0.0308506 0.224182 -0.00688598 -0.974523 -0.960582 0.167119 -0.222156 2.42263 2.34338 1.1037</i>
                        <i>0.163732 0.986027 0.0306955 0.224194 -0.00689041 -0.97452 -0.960692 0.166441 -0.222189 2.42323 2.34283 1.10384</i>
                        <i>0.162885 0.986174 0.0304972 0.224206 -0.00689489 -0.974517 -0.960833 0.165572 -0.222229 2.4238 2.34229 1.10398</i>
                        <i>0.161842 0.986353 0.0302537 0.224218 -0.00689942 -0.974515 -0.961006 0.164501 -0.222275 2.42435 2.34175 1.10411</i>
