<?xml version="1.0" encoding="ISO-8859-1" ?>
<Animl Version="1">
    <ModellingPackage><![CDATA[Maya.2010]]></ModellingPackage>
    <SrcFile><![CDATA[anims\turrets\mortar\red\~src\mortar_2s12sani\mortar_2s12sani_idle_crewman_a.mb]]></SrcFile>
    <FramesPerSecond>30</FramesPerSecond>
    <TotalFrames>120</TotalFrames>
    <Skeleton>
        <RefFrame>
            <Name><![CDATA[soldier_ref_frame]]></Name>
            <Exclude>0</Exclude>
            <Additive>0</Additive>
            <IKPriority>0</IKPriority>
            <IKRotLimits>-1e+010 -1e+010 -1e+010 1e+010 1e+010 1e+010</IKRotLimits>
            <IKRotLimitOrder>0</IKRotLimitOrder>
            <KeyFrames count="120">
                <i>1 0 0 0 1 0 0 0 1 1.49 0.92 -0.22</i>
                <i>1 0 0 0 1 0 0 0 1 1.49 0.92 -0.22</i>
                <i>1 0 0 0 1 0 0 0 1 1.49 0.92 -0.22</i>
                <i>1 0 0 0 1 0 0 0 1 1.49 0.92 -0.22</i>
                <i>1 0 0 0 1 0 0 0 1 1.49 0.92 -0.22</i>
                <i>1 0 0 0 1 0 0 0 1 1.49 0.92 -0.22</i>
                <i>1 0 0 0 1 0 0 0 1 1.49 0.92 -0.22</i>
                <i>1 0 0 0 1 0 0 0 1 1.49 0.92 -0.22</i>
                <i>1 0 0 0 1 0 0 0 1 1.49 0.92 -0.22</i>
                <i>1 0 0 0 1 0 0 0 1 1.49 0.92 -0.22</i>
                <i>1 0 0 0 1 0 0 0 1 1.49 0.92 -0.22</i>
                <i>1 0 0 0 1 0 0 0 1 1.49 0.92 -0.22</i>
                <i>1 0 0 0 1 0 0 0 1 1.49 0.92 -0.22</i>
                <i>1 0 0 0 1 0 0 0 1 1.49 0.92 -0.22</i>
                <i>1 0 0 0 1 0 0 0 1 1.49 0.92 -0.22</i>
                <i>1 0 0 0 1 0 0 0 1 1.49 0.92 -0.22</i>
                <i>1 0 0 0 1 0 0 0 1 1.49 0.92 -0.22</i>
                <i>1 0 0 0 1 0 0 0 1 1.49 0.92 -0.22</i>
                <i>1 0 0 0 1 0 0 0 1 1.49 0.92 -0.22</i>
                <i>1 0 0 0 1 0 0 0 1 1.49 0.92 -0.22</i>
                <i>1 0 0 0 1 0 0 0 1 1.49 0.92 -0.22</i>
                <i>1 0 0 0 1 0 0 0 1 1.49 0.92 -0.22</i>
                <i>1 0 0 0 1 0 0 0 1 1.49 0.92 -0.22</i>
                <i>1 0 0 0 1 0 0 0 1 1.49 0.92 -0.22</i>
                <i>1 0 0 0 1 0 0 0 1 1.49 0.92 -0.22</i>
                <i>1 0 0 0 1 0 0 0 1 1.49 0.92 -0.22</i>
                <i>1 0 0 0 1 0 0 0 1 1.49 0.92 -0.22</i>
                <i>1 0 0 0 1 0 0 0 1 1.49 0.92 -0.22</i>
                <i>1 0 0 0 1 0 0 0 1 1.49 0.92 -0.22</i>
                <i>1 0 0 0 1 0 0 0 1 1.49 0.92 -0.22</i>
                <i>1 0 0 0 1 0 0 0 1 1.49 0.92 -0.22</i>
                <i>1 0 0 0 1 0 0 0 1 1.49 0.92 -0.22</i>
                <i>1 0 0 0 1 0 0 0 1 1.49 0.92 -0.22</i>
                <i>1 0 0 0 1 0 0 0 1 1.49 0.92 -0.22</i>
                <i>1 0 0 0 1 0 0 0 1 1.49 0.92 -0.22</i>
                <i>1 0 0 0 1 0 0 0 1 1.49 0.92 -0.22</i>
                <i>1 0 0 0 1 0 0 0 1 1.49 0.92 -0.22</i>
                <i>1 0 0 0 1 0 0 0 1 1.49 0.92 -0.22</i>
                <i>1 0 0 0 1 0 0 0 1 1.49 0.92 -0.22</i>
                <i>1 0 0 0 1 0 0 0 1 1.49 0.92 -0.22</i>
                <i>1 0 0 0 1 0 0 0 1 1.49 0.92 -0.22</i>
                <i>1 0 0 0 1 0 0 0 1 1.49 0.92 -0.22</i>
                <i>1 0 0 0 1 0 0 0 1 1.49 0.92 -0.22</i>
                <i>1 0 0 0 1 0 0 0 1 1.49 0.92 -0.22</i>
                <i>1 0 0 0 1 0 0 0 1 1.49 0.92 -0.22</i>
                <i>1 0 0 0 1 0 0 0 1 1.49 0.92 -0.22</i>
                <i>1 0 0 0 1 0 0 0 1 1.49 0.92 -0.22</i>
                <i>1 0 0 0 1 0 0 0 1 1.49 0.92 -0.22</i>
                <i>1 0 0 0 1 0 0 0 1 1.49 0.92 -0.22</i>
                <i>1 0 0 0 1 0 0 0 1 1.49 0.92 -0.22</i>
                <i>1 0 0 0 1 0 0 0 1 1.49 0.92 -0.22</i>
                <i>1 0 0 0 1 0 0 0 1 1.49 0.92 -0.22</i>
                <i>1 0 0 0 1 0 0 0 1 1.49 0.92 -0.22</i>
                <i>1 0 0 0 1 0 0 0 1 1.49 0.92 -0.22</i>
                <i>1 0 0 0 1 0 0 0 1 1.49 0.92 -0.22</i>
                <i>1 0 0 0 1 0 0 0 1 1.49 0.92 -0.22</i>
                <i>1 0 0 0 1 0 0 0 1 1.49 0.92 -0.22</i>
                <i>1 0 0 0 1 0 0 0 1 1.49 0.92 -0.22</i>
                <i>1 0 0 0 1 0 0 0 1 1.49 0.92 -0.22</i>
                <i>1 0 0 0 1 0 0 0 1 1.49 0.92 -0.22</i>
                <i>1 0 0 0 1 0 0 0 1 1.49 0.92 -0.22</i>
                <i>1 0 0 0 1 0 0 0 1 1.49 0.92 -0.22</i>
                <i>1 0 0 0 1 0 0 0 1 1.49 0.92 -0.22</i>
                <i>1 0 0 0 1 0 0 0 1 1.49 0.92 -0.22</i>
                <i>1 0 0 0 1 0 0 0 1 1.49 0.92 -0.22</i>
                <i>1 0 0 0 1 0 0 0 1 1.49 0.92 -0.22</i>
                <i>1 0 0 0 1 0 0 0 1 1.49 0.92 -0.22</i>
                <i>1 0 0 0 1 0 0 0 1 1.49 0.92 -0.22</i>
                <i>1 0 0 0 1 0 0 0 1 1.49 0.92 -0.22</i>
                <i>1 0 0 0 1 0 0 0 1 1.49 0.92 -0.22</i>
                <i>1 0 0 0 1 0 0 0 1 1.49 0.92 -0.22</i>
                <i>1 0 0 0 1 0 0 0 1 1.49 0.92 -0.22</i>
                <i>1 0 0 0 1 0 0 0 1 1.49 0.92 -0.22</i>
                <i>1 0 0 0 1 0 0 0 1 1.49 0.92 -0.22</i>
                <i>1 0 0 0 1 0 0 0 1 1.49 0.92 -0.22</i>
                <i>1 0 0 0 1 0 0 0 1 1.49 0.92 -0.22</i>
                <i>1 0 0 0 1 0 0 0 1 1.49 0.92 -0.22</i>
                <i>1 0 0 0 1 0 0 0 1 1.49 0.92 -0.22</i>
                <i>1 0 0 0 1 0 0 0 1 1.49 0.92 -0.22</i>
                <i>1 0 0 0 1 0 0 0 1 1.49 0.92 -0.22</i>
                <i>1 0 0 0 1 0 0 0 1 1.49 0.92 -0.22</i>
                <i>1 0 0 0 1 0 0 0 1 1.49 0.92 -0.22</i>
                <i>1 0 0 0 1 0 0 0 1 1.49 0.92 -0.22</i>
                <i>1 0 0 0 1 0 0 0 1 1.49 0.92 -0.22</i>
                <i>1 0 0 0 1 0 0 0 1 1.49 0.92 -0.22</i>
                <i>1 0 0 0 1 0 0 0 1 1.49 0.92 -0.22</i>
                <i>1 0 0 0 1 0 0 0 1 1.49 0.92 -0.22</i>
                <i>1 0 0 0 1 0 0 0 1 1.49 0.92 -0.22</i>
                <i>1 0 0 0 1 0 0 0 1 1.49 0.92 -0.22</i>
                <i>1 0 0 0 1 0 0 0 1 1.49 0.92 -0.22</i>
                <i>1 0 0 0 1 0 0 0 1 1.49 0.92 -0.22</i>
                <i>1 0 0 0 1 0 0 0 1 1.49 0.92 -0.22</i>
                <i>1 0 0 0 1 0 0 0 1 1.49 0.92 -0.22</i>
                <i>1 0 0 0 1 0 0 0 1 1.49 0.92 -0.22</i>
                <i>1 0 0 0 1 0 0 0 1 1.49 0.92 -0.22</i>
                <i>1 0 0 0 1 0 0 0 1 1.49 0.92 -0.22</i>
                <i>1 0 0 0 1 0 0 0 1 1.49 0.92 -0.22</i>
                <i>1 0 0 0 1 0 0 0 1 1.49 0.92 -0.22</i>
                <i>1 0 0 0 1 0 0 0 1 1.49 0.92 -0.22</i>
                <i>1 0 0 0 1 0 0 0 1 1.49 0.92 -0.22</i>
                <i>1 0 0 0 1 0 0 0 1 1.49 0.92 -0.22</i>
                <i>1 0 0 0 1 0 0 0 1 1.49 0.92 -0.22</i>
                <i>1 0 0 0 1 0 0 0 1 1.49 0.92 -0.22</i>
                <i>1 0 0 0 1 0 0 0 1 1.49 0.92 -0.22</i>
                <i>1 0 0 0 1 0 0 0 1 1.49 0.92 -0.22</i>
                <i>1 0 0 0 1 0 0 0 1 1.49 0.92 -0.22</i>
                <i>1 0 0 0 1 0 0 0 1 1.49 0.92 -0.22</i>
                <i>1 0 0 0 1 0 0 0 1 1.49 0.92 -0.22</i>
                <i>1 0 0 0 1 0 0 0 1 1.49 0.92 -0.22</i>
                <i>1 0 0 0 1 0 0 0 1 1.49 0.92 -0.22</i>
                <i>1 0 0 0 1 0 0 0 1 1.49 0.92 -0.22</i>
                <i>1 0 0 0 1 0 0 0 1 1.49 0.92 -0.22</i>
                <i>1 0 0 0 1 0 0 0 1 1.49 0.92 -0.22</i>
                <i>1 0 0 0 1 0 0 0 1 1.49 0.92 -0.22</i>
                <i>1 0 0 0 1 0 0 0 1 1.49 0.92 -0.22</i>
                <i>1 0 0 0 1 0 0 0 1 1.49 0.92 -0.22</i>
                <i>1 0 0 0 1 0 0 0 1 1.49 0.92 -0.22</i>
                <i>1 0 0 0 1 0 0 0 1 1.49 0.92 -0.22</i>
                <i>1 0 0 0 1 0 0 0 1 1.49 0.92 -0.22</i>
                <i>1 0 0 0 1 0 0 0 1 1.49 0.92 -0.22</i>
            </KeyFrames>
        </RefFrame>
        <Bones count="23">
            <i>
                <p>
                    <Name><![CDATA[pelvis]]></Name>
                    <Exclude>0</Exclude>
                    <Additive>0</Additive>
                    <IKPriority>0</IKPriority>
                    <IKRotLimits>-1e+010 -1e+010 -1e+010 1e+010 1e+010 1e+010</IKRotLimits>
                    <IKRotLimitOrder>2</IKRotLimitOrder>
                    <KeyFrames count="120">
                        <i>1 0 0 0 1 0 0 0 1 1.62662 1.54509 -0.231861</i>
                        <i>1 0 0 0 1 0 0 0 1 1.62662 1.54773 -0.231861</i>
                        <i>1 0 0 0 1 0 0 0 1 1.62662 1.5506 -0.231861</i>
                        <i>1 0 0 0 1 0 0 0 1 1.62662 1.55363 -0.231861</i>
                        <i>1 0 0 0 1 0 0 0 1 1.62662 1.55677 -0.231861</i>
                        <i>1 0 0 0 1 0 0 0 1 1.62662 1.55996 -0.231861</i>
                        <i>1 0 0 0 1 0 0 0 1 1.62662 1.56312 -0.231861</i>
                        <i>1 0 0 0 1 0 0 0 1 1.62662 1.5662 -0.231861</i>
                        <i>1 0 0 0 1 0 0 0 1 1.62662 1.56913 -0.231861</i>
                        <i>1 0 0 0 1 0 0 0 1 1.62662 1.57186 -0.231861</i>
                        <i>1 0 0 0 1 0 0 0 1 1.62662 1.57431 -0.231861</i>
                        <i>1 0 0 0 1 0 0 0 1 1.62662 1.57642 -0.231861</i>
                        <i>1 0 0 0 1 0 0 0 1 1.62662 1.57814 -0.231861</i>
                        <i>1 0 0 0 1 0 0 0 1 1.62662 1.5794 -0.231861</i>
                        <i>1 0 0 0 1 0 0 0 1 1.62662 1.58014 -0.231861</i>
                        <i>1 0 0 0 1 0 0 0 1 1.62662 1.58033 -0.231861</i>
                        <i>1 0 0 0 1 0 0 0 1 1.62662 1.58003 -0.231861</i>
                        <i>1 0 0 0 1 0 0 0 1 1.62662 1.57929 -0.231861</i>
                        <i>1 0 0 0 1 0 0 0 1 1.62662 1.57819 -0.231861</i>
                        <i>1 0 0 0 1 0 0 0 1 1.62662 1.57677 -0.231861</i>
                        <i>1 0 0 0 1 0 0 0 1 1.62662 1.5751 -0.231861</i>
                        <i>1 0 0 0 1 0 0 0 1 1.62662 1.57323 -0.231861</i>
                        <i>1 0 0 0 1 0 0 0 1 1.62662 1.57122 -0.231861</i>
                        <i>1 0 0 0 1 0 0 0 1 1.62662 1.56913 -0.231861</i>
                        <i>1 0 0 0 1 0 0 0 1 1.62662 1.56703 -0.231861</i>
                        <i>1 0 0 0 1 0 0 0 1 1.62662 1.56496 -0.231861</i>
                        <i>1 0 0 0 1 0 0 0 1 1.62662 1.56299 -0.231861</i>
                        <i>1 0 0 0 1 0 0 0 1 1.62662 1.56117 -0.231861</i>
                        <i>1 0 0 0 1 0 0 0 1 1.62662 1.55958 -0.231861</i>
                        <i>1 0 0 0 1 0 0 0 1 1.62662 1.55825 -0.231861</i>
                        <i>1 0 0 0 1 0 0 0 1 1.62662 1.55706 -0.231861</i>
                        <i>1 0 0 0 1 0 0 0 1 1.62662 1.55584 -0.231861</i>
                        <i>1 0 0 0 1 0 0 0 1 1.62662 1.55461 -0.231861</i>
                        <i>1 0 0 0 1 0 0 0 1 1.62662 1.55338 -0.231861</i>
                        <i>1 0 0 0 1 0 0 0 1 1.62662 1.55218 -0.231861</i>
                        <i>1 0 0 0 1 0 0 0 1 1.62662 1.55101 -0.231861</i>
                        <i>1 0 0 0 1 0 0 0 1 1.62662 1.5499 -0.231861</i>
                        <i>1 0 0 0 1 0 0 0 1 1.62662 1.54886 -0.231861</i>
                        <i>1 0 0 0 1 0 0 0 1 1.62662 1.54791 -0.231861</i>
                        <i>1 0 0 0 1 0 0 0 1 1.62662 1.54707 -0.231861</i>
                        <i>1 0 0 0 1 0 0 0 1 1.62662 1.54636 -0.231861</i>
                        <i>1 0 0 0 1 0 0 0 1 1.62662 1.54578 -0.231861</i>
                        <i>1 0 0 0 1 0 0 0 1 1.62662 1.54537 -0.231861</i>
                        <i>1 0 0 0 1 0 0 0 1 1.62662 1.54513 -0.231861</i>
                        <i>1 0 0 0 1 0 0 0 1 1.62662 1.54509 -0.231861</i>
                        <i>1 0 0 0 1 0 0 0 1 1.62662 1.54533 -0.231861</i>
                        <i>1 0 0 0 1 0 0 0 1 1.62662 1.5459 -0.231861</i>
                        <i>1 0 0 0 1 0 0 0 1 1.62662 1.54675 -0.231861</i>
                        <i>1 0 0 0 1 0 0 0 1 1.62662 1.54783 -0.231861</i>
                        <i>1 0 0 0 1 0 0 0 1 1.62662 1.54908 -0.231861</i>
                        <i>1 0 0 0 1 0 0 0 1 1.62662 1.55046 -0.231861</i>
                        <i>1 0 0 0 1 0 0 0 1 1.62662 1.55191 -0.231861</i>
                        <i>1 0 0 0 1 0 0 0 1 1.62662 1.55339 -0.231861</i>
                        <i>1 0 0 0 1 0 0 0 1 1.62662 1.55483 -0.231861</i>
                        <i>1 0 0 0 1 0 0 0 1 1.62662 1.5562 -0.231861</i>
                        <i>1 0 0 0 1 0 0 0 1 1.62662 1.55743 -0.231861</i>
                        <i>1 0 0 0 1 0 0 0 1 1.62662 1.55848 -0.231861</i>
                        <i>1 0 0 0 1 0 0 0 1 1.62662 1.55929 -0.231861</i>
                        <i>1 0 0 0 1 0 0 0 1 1.62662 1.55981 -0.231861</i>
                        <i>1 0 0 0 1 0 0 0 1 1.62662 1.56 -0.231861</i>
                        <i>1 0 0 0 1 0 0 0 1 1.62662 1.55976 -0.231861</i>
                        <i>1 0 0 0 1 0 0 0 1 1.62662 1.55908 -0.231861</i>
                        <i>1 0 0 0 1 0 0 0 1 1.62662 1.55802 -0.231861</i>
                        <i>1 0 0 0 1 0 0 0 1 1.62662 1.55665 -0.231861</i>
                        <i>1 0 0 0 1 0 0 0 1 1.62662 1.55503 -0.231861</i>
                        <i>1 0 0 0 1 0 0 0 1 1.62662 1.55324 -0.231861</i>
                        <i>1 0 0 0 1 0 0 0 1 1.62662 1.55132 -0.231861</i>
                        <i>1 0 0 0 1 0 0 0 1 1.62662 1.54935 -0.231861</i>
                        <i>1 0 0 0 1 0 0 0 1 1.62662 1.54739 -0.231861</i>
                        <i>1 0 0 0 1 0 0 0 1 1.62662 1.54551 -0.231861</i>
                        <i>1 0 0 0 1 0 0 0 1 1.62662 1.54377 -0.231861</i>
                        <i>1 0 0 0 1 0 0 0 1 1.62662 1.54224 -0.231861</i>
                        <i>1 0 0 0 1 0 0 0 1 1.62662 1.54097 -0.231861</i>
                        <i>1 0 0 0 1 0 0 0 1 1.62662 1.54004 -0.231861</i>
                        <i>1 0 0 0 1 0 0 0 1 1.62662 1.53951 -0.231861</i>
                        <i>1 0 0 0 1 0 0 0 1 1.62662 1.53944 -0.231861</i>
                        <i>1 0 0 0 1 0 0 0 1 1.62662 1.5399 -0.231861</i>
                        <i>1 0 0 0 1 0 0 0 1 1.62662 1.54095 -0.231861</i>
                        <i>1 0 0 0 1 0 0 0 1 1.62662 1.54266 -0.231861</i>
                        <i>1 0 0 0 1 0 0 0 1 1.62662 1.54509 -0.231861</i>
                        <i>1 0 0 0 1 0 0 0 1 1.62662 1.5551 -0.234572</i>
                        <i>1 0 0 0 1 0 0 0 1 1.62662 1.57516 -0.241931</i>
                        <i>1 0 0 0 1 0 0 0 1 1.62662 1.59874 -0.252775</i>
                        <i>1 0 0 0 1 0 0 0 1 1.62662 1.61929 -0.265944</i>
                        <i>1 0 0 0 1 0 0 0 1 1.62662 1.6303 -0.280274</i>
                        <i>1 0 0 0 1 0 0 0 1 1.62662 1.62824 -0.294604</i>
                        <i>1 0 0 0 1 0 0 0 1 1.62662 1.61748 -0.307773</i>
                        <i>1 0 0 0 1 0 0 0 1 1.62662 1.60328 -0.318617</i>
                        <i>1 0 0 0 1 0 0 0 1 1.62662 1.5909 -0.325976</i>
                        <i>1 0 0 0 1 0 0 0 1 1.62662 1.5856 -0.328687</i>
                        <i>1 0 0 0 1 0 0 0 1 1.62662 1.5856 -0.328687</i>
                        <i>1 0 0 0 1 0 0 0 1 1.62662 1.5856 -0.328687</i>
                        <i>1 0 0 0 1 0 0 0 1 1.62662 1.5856 -0.328687</i>
                        <i>1 0 0 0 1 0 0 0 1 1.62662 1.5856 -0.328687</i>
                        <i>1 0 0 0 1 0 0 0 1 1.62662 1.5856 -0.328687</i>
                        <i>1 0 0 0 1 0 0 0 1 1.62662 1.5856 -0.328687</i>
                        <i>1 0 0 0 1 0 0 0 1 1.62662 1.5856 -0.328687</i>
                        <i>1 0 0 0 1 0 0 0 1 1.62662 1.5856 -0.328687</i>
                        <i>1 0 0 0 1 0 0 0 1 1.62662 1.5856 -0.328687</i>
                        <i>1 0 0 0 1 0 0 0 1 1.62662 1.5856 -0.328687</i>
                        <i>1 0 0 0 1 0 0 0 1 1.62662 1.5856 -0.328687</i>
                        <i>1 0 0 0 1 0 0 0 1 1.62662 1.5856 -0.328687</i>
                        <i>1 0 0 0 1 0 0 0 1 1.62662 1.5856 -0.328687</i>
                        <i>1 0 0 0 1 0 0 0 1 1.62662 1.5856 -0.328687</i>
                        <i>1 0 0 0 1 0 0 0 1 1.62662 1.5856 -0.328687</i>
                        <i>1 0 0 0 1 0 0 0 1 1.62663 1.58493 -0.327425</i>
                        <i>1 0 0 0 1 0 0 0 1 1.62664 1.58305 -0.32378</i>
                        <i>1 0 0 0 1 0 0 0 1 1.62669 1.58017 -0.318027</i>
                        <i>1 0 0 0 1 0 0 0 1 1.62676 1.57651 -0.310518</i>
                        <i>1 0 0 0 1 0 0 0 1 1.62684 1.57228 -0.30167</i>
                        <i>1 0 0 0 1 0 0 0 1 1.62692 1.56769 -0.291943</i>
                        <i>1 0 0 0 1 0 0 0 1 1.62699 1.56295 -0.281816</i>
                        <i>1 0 0 0 1 0 0 0 1 1.62704 1.55827 -0.271756</i>
                        <i>1 0 0 0 1 0 0 0 1 1.62704 1.55387 -0.262195</i>
                        <i>1 0 0 0 1 0 0 0 1 1.62701 1.54996 -0.25351</i>
                        <i>1 0 0 0 1 0 0 0 1 1.62694 1.54675 -0.246014</i>
                        <i>1 0 0 0 1 0 0 0 1 1.62684 1.54445 -0.239949</i>
                        <i>1 0 0 0 1 0 0 0 1 1.62674 1.54327 -0.235497</i>
                        <i>1 0 0 0 1 0 0 0 1 1.62666 1.54342 -0.232777</i>
                        <i>1 0 0 0 1 0 0 0 1 1.62662 1.54509 -0.231861</i>
                    </KeyFrames>
                </p>
            </i>
            <i>
                <p>
                    <Name><![CDATA[spine0]]></Name>
                    <Exclude>0</Exclude>
                    <Additive>0</Additive>
                    <IKPriority>0</IKPriority>
                    <IKRotLimits>-1e+010 -1e+010 -1e+010 1e+010 1e+010 1e+010</IKRotLimits>
                    <IKRotLimitOrder>0</IKRotLimitOrder>
                    <KeyFrames count="120">
                        <i>-0.212662 0.968824 0.127104 -0.264385 0.0681756 -0.962004 -0.940678 -0.238186 0.241645 1.67705 1.67934 -0.220462</i>
                        <i>-0.208115 0.970116 0.124752 -0.26372 0.0671665 -0.962258 -0.941881 -0.23316 0.241861 1.67625 1.68225 -0.220191</i>
                        <i>-0.203227 0.971475 0.122205 -0.262948 0.0660747 -0.962545 -0.943163 -0.227749 0.242019 1.67535 1.68542 -0.219882</i>
                        <i>-0.19816 0.972852 0.119547 -0.26209 0.0649333 -0.962856 -0.944479 -0.222132 0.242108 1.67436 1.68879 -0.219546</i>
                        <i>-0.193069 0.974202 0.116854 -0.261171 0.0637737 -0.963184 -0.945788 -0.216479 0.24212 1.67331 1.69226 -0.219195</i>
                        <i>-0.188094 0.975489 0.114202 -0.260215 0.0626261 -0.963518 -0.947053 -0.210949 0.242057 1.67224 1.69577 -0.218837</i>
                        <i>-0.183366 0.976683 0.111659 -0.259251 0.0615193 -0.963849 -0.948244 -0.205684 0.241925 1.67118 1.69925 -0.218483</i>
                        <i>-0.179002 0.97776 0.10929 -0.258307 0.0604814 -0.964168 -0.949334 -0.200819 0.241736 1.67016 1.70263 -0.218144</i>
                        <i>-0.175113 0.9787 0.107156 -0.257415 0.0595399 -0.964465 -0.950302 -0.196474 0.241506 1.66921 1.70583 -0.217829</i>
                        <i>-0.171797 0.979487 0.105317 -0.256608 0.0587222 -0.96473 -0.951124 -0.192763 0.241256 1.66836 1.70879 -0.217549</i>
                        <i>-0.169152 0.980106 0.103829 -0.25592 0.0580561 -0.964953 -0.951784 -0.189796 0.241009 1.66763 1.71143 -0.217313</i>
                        <i>-0.167272 0.980542 0.102752 -0.255386 0.05757 -0.965124 -0.952259 -0.187679 0.240787 1.66708 1.71369 -0.217131</i>
                        <i>-0.166096 0.980813 0.10207 -0.255037 0.0572592 -0.965234 -0.952559 -0.186354 0.240633 1.66671 1.71551 -0.217013</i>
                        <i>-0.165499 0.980949 0.101734 -0.254903 0.0571035 -0.965279 -0.952699 -0.185685 0.240596 1.66658 1.7168 -0.216969</i>
                        <i>-0.165479 0.98095 0.101756 -0.255013 0.0571091 -0.96525 -0.952673 -0.185678 0.240704 1.6667 1.7175 -0.217009</i>
                        <i>-0.165884 0.980852 0.102042 -0.255306 0.0572322 -0.965165 -0.952524 -0.186157 0.240923 1.66702 1.71761 -0.217111</i>
                        <i>-0.166534 0.980696 0.102474 -0.255695 0.0574195 -0.965051 -0.952306 -0.186916 0.241197 1.66743 1.7172 -0.217248</i>
                        <i>-0.167398 0.980491 0.103035 -0.256173 0.057662 -0.96491 -0.952026 -0.187918 0.241523 1.66795 1.71633 -0.217415</i>
                        <i>-0.168445 0.98024 0.103706 -0.25673 0.0579505 -0.964744 -0.951691 -0.189131 0.241895 1.66855 1.71507 -0.217612</i>
                        <i>-0.169645 0.979952 0.104469 -0.257356 0.0582759 -0.964558 -0.951309 -0.190518 0.24231 1.66922 1.71346 -0.217835</i>
                        <i>-0.170968 0.979633 0.105305 -0.258043 0.0586286 -0.964353 -0.950886 -0.192047 0.242764 1.66997 1.71158 -0.218082</i>
                        <i>-0.172381 0.979289 0.106195 -0.258782 0.0589992 -0.964132 -0.95043 -0.193679 0.243253 1.67078 1.70948 -0.21835</i>
                        <i>-0.173852 0.978928 0.10712 -0.259566 0.059378 -0.963898 -0.949948 -0.19538 0.243773 1.67164 1.70721 -0.218637</i>
                        <i>-0.175346 0.978559 0.108059 -0.260385 0.0597552 -0.963654 -0.949449 -0.19711 0.244324 1.67255 1.70485 -0.21894</i>
                        <i>-0.176829 0.978188 0.108992 -0.261232 0.0601209 -0.963402 -0.948941 -0.198829 0.244903 1.6735 1.70245 -0.219256</i>
                        <i>-0.178262 0.977827 0.109897 -0.262101 0.0604652 -0.963144 -0.948433 -0.200496 0.24551 1.67447 1.70007 -0.219584</i>
                        <i>-0.179607 0.977484 0.110754 -0.262983 0.0607783 -0.962884 -0.947935 -0.202067 0.246146 1.67546 1.69778 -0.219921</i>
                        <i>-0.180823 0.97717 0.11154 -0.263874 0.0610504 -0.962623 -0.947456 -0.203497 0.24681 1.67646 1.69563 -0.220263</i>
                        <i>-0.181869 0.976897 0.112233 -0.264766 0.0612722 -0.962364 -0.947007 -0.204739 0.247506 1.67747 1.69368 -0.220608</i>
                        <i>-0.182699 0.976675 0.112811 -0.265655 0.0614345 -0.962109 -0.946598 -0.205745 0.248234 1.67848 1.692 -0.220953</i>
                        <i>-0.18351 0.976459 0.113367 -0.266533 0.061581 -0.961856 -0.946195 -0.206726 0.248958 1.67947 1.69045 -0.221297</i>
                        <i>-0.184503 0.976198 0.113999 -0.267395 0.0617567 -0.961606 -0.945758 -0.207901 0.249636 1.68045 1.68886 -0.221635</i>
                        <i>-0.185645 0.975901 0.114689 -0.268231 0.0619548 -0.96136 -0.945298 -0.209235 0.250266 1.68139 1.68727 -0.221966</i>
                        <i>-0.186902 0.975574 0.115422 -0.269037 0.062169 -0.961121 -0.944821 -0.210689 0.250846 1.68231 1.68568 -0.222286</i>
                        <i>-0.188239 0.975227 0.116179 -0.269804 0.062393 -0.960892 -0.944337 -0.212223 0.251375 1.68318 1.68413 -0.222593</i>
                        <i>-0.189617 0.974869 0.116942 -0.270527 0.0626206 -0.960674 -0.943854 -0.213796 0.251854 1.684 1.68263 -0.222884</i>
                        <i>-0.190997 0.974509 0.117694 -0.271199 0.0628456 -0.960469 -0.943383 -0.215366 0.252283 1.68476 1.6812 -0.223156</i>
                        <i>-0.192341 0.974157 0.118416 -0.271814 0.0630619 -0.960281 -0.942933 -0.216888 0.252661 1.68547 1.67986 -0.223407</i>
                        <i>-0.193606 0.973825 0.119089 -0.272367 0.0632632 -0.960111 -0.942514 -0.218319 0.25299 1.6861 1.67864 -0.223633</i>
                        <i>-0.194751 0.973522 0.119694 -0.272851 0.0634432 -0.959962 -0.942138 -0.219612 0.253271 1.68665 1.67756 -0.223832</i>
                        <i>-0.195733 0.973262 0.12021 -0.273261 0.0635956 -0.959835 -0.941816 -0.22072 0.253507 1.68712 1.67664 -0.224001</i>
                        <i>-0.196512 0.973054 0.120618 -0.273591 0.0637138 -0.959734 -0.941558 -0.221599 0.253698 1.6875 1.6759 -0.224138</i>
                        <i>-0.197044 0.972912 0.120898 -0.273835 0.0637913 -0.959659 -0.941375 -0.222201 0.253848 1.68778 1.67536 -0.224238</i>
                        <i>-0.197291 0.972845 0.121032 -0.273988 0.0638214 -0.959613 -0.941279 -0.222484 0.253957 1.68795 1.67505 -0.224301</i>
                        <i>-0.197212 0.972865 0.120999 -0.274043 0.0637973 -0.959599 -0.94128 -0.222403 0.254026 1.68801 1.67497 -0.224322</i>
                        <i>-0.197268 0.972851 0.121025 -0.274008 0.0638161 -0.959608 -0.941278 -0.222462 0.25398 1.68797 1.67523 -0.224309</i>
                        <i>-0.197887 0.972688 0.121319 -0.273901 0.063967 -0.959628 -0.941179 -0.223128 0.253762 1.68787 1.67585 -0.224271</i>
                        <i>-0.198984 0.972399 0.121845 -0.273734 0.0642336 -0.959658 -0.940997 -0.22431 0.253397 1.68771 1.67677 -0.224212</i>
                        <i>-0.200476 0.972001 0.122565 -0.273517 0.0646002 -0.959695 -0.940743 -0.22592 0.252909 1.6875 1.67795 -0.224136</i>
                        <i>-0.202279 0.971517 0.123444 -0.273263 0.0650509 -0.959737 -0.940431 -0.227867 0.252321 1.68725 1.67931 -0.224047</i>
                        <i>-0.204304 0.970966 0.12444 -0.272982 0.0655679 -0.959782 -0.940075 -0.230057 0.251661 1.68698 1.68081 -0.223949</i>
                        <i>-0.20646 0.970371 0.125513 -0.272687 0.0661312 -0.959827 -0.939689 -0.232392 0.250954 1.68669 1.68239 -0.223845</i>
                        <i>-0.208651 0.969759 0.126615 -0.272387 0.0667178 -0.959872 -0.939292 -0.234766 0.250229 1.6864 1.68399 -0.22374</i>
                        <i>-0.210776 0.969158 0.127696 -0.272095 0.0673014 -0.959914 -0.938902 -0.237072 0.249517 1.68611 1.68556 -0.223636</i>
                        <i>-0.212731 0.968598 0.128701 -0.271821 0.0678531 -0.959953 -0.938541 -0.239196 0.24885 1.68583 1.68705 -0.223538</i>
                        <i>-0.214409 0.968111 0.129575 -0.271576 0.0683413 -0.959988 -0.93823 -0.24102 0.248262 1.68559 1.68838 -0.223449</i>
                        <i>-0.215702 0.967732 0.130258 -0.27137 0.0687326 -0.960018 -0.937993 -0.242426 0.247788 1.68537 1.68952 -0.223374</i>
                        <i>-0.216499 0.967496 0.13069 -0.271214 0.0689927 -0.960043 -0.937854 -0.243294 0.247461 1.68521 1.6904 -0.223315</i>
                        <i>-0.216694 0.967436 0.130811 -0.271118 0.0690876 -0.960064 -0.937837 -0.243505 0.247318 1.6851 1.69097 -0.223277</i>
                        <i>-0.216178 0.967585 0.130565 -0.271092 0.0689848 -0.960078 -0.937964 -0.242943 0.247392 1.68507 1.69117 -0.223264</i>
                        <i>-0.214166 0.968169 0.129547 -0.271199 0.0684736 -0.960085 -0.938394 -0.240751 0.247901 1.68515 1.69089 -0.223295</i>
                        <i>-0.21032 0.969271 0.12759 -0.271476 0.0674733 -0.960077 -0.939184 -0.236561 0.248943 1.6854 1.69011 -0.223384</i>
                        <i>-0.205211 0.970702 0.125008 -0.271901 0.0661551 -0.960048 -0.940191 -0.231002 0.250359 1.68579 1.68888 -0.223524</i>
                        <i>-0.199411 0.972278 0.122108 -0.272453 0.0646859 -0.959992 -0.941278 -0.224702 0.252001 1.68631 1.68729 -0.223708</i>
                        <i>-0.193482 0.973838 0.119184 -0.273108 0.0632171 -0.959904 -0.942325 -0.218275 0.253731 1.68692 1.68541 -0.223928</i>
                        <i>-0.187964 0.975242 0.116504 -0.273841 0.0618786 -0.959782 -0.943229 -0.212308 0.25543 1.68761 1.6833 -0.224179</i>
                        <i>-0.183365 0.976376 0.114313 -0.274626 0.0607772 -0.959628 -0.943906 -0.207356 0.256993 1.68837 1.68104 -0.224453</i>
                        <i>-0.180173 0.977142 0.112832 -0.275435 0.0600016 -0.959445 -0.944285 -0.203944 0.258328 1.68917 1.67871 -0.224742</i>
                        <i>-0.17886 0.977448 0.11227 -0.276237 0.0596313 -0.959238 -0.9443 -0.202582 0.259341 1.68998 1.67637 -0.225041</i>
                        <i>-0.17991 0.977189 0.112849 -0.276997 0.0597516 -0.959011 -0.943878 -0.203795 0.259929 1.6908 1.6741 -0.225342</i>
                        <i>-0.183827 0.976231 0.114809 -0.277678 0.060468 -0.958769 -0.942923 -0.208127 0.259962 1.69161 1.67197 -0.225637</i>
                        <i>-0.190436 0.974571 0.118088 -0.278249 0.0617717 -0.958521 -0.941441 -0.215394 0.25941 1.69237 1.67006 -0.225921</i>
                        <i>-0.199235 0.972268 0.122475 -0.278692 0.0636031 -0.958272 -0.939487 -0.225054 0.258291 1.69308 1.66844 -0.226185</i>
                        <i>-0.209684 0.969389 0.127741 -0.278989 0.0658971 -0.958031 -0.937122 -0.236522 0.256631 1.69372 1.66718 -0.226422</i>
                        <i>-0.221178 0.966037 0.133611 -0.279131 0.0685634 -0.957802 -0.934433 -0.24914 0.254487 1.69426 1.66637 -0.226626</i>
                        <i>-0.233048 0.96237 0.139759 -0.27912 0.0714731 -0.957593 -0.931548 -0.262174 0.25196 1.6947 1.66607 -0.226789</i>
                        <i>-0.244573 0.958605 0.145808 -0.278968 0.074452 -0.95741 -0.928634 -0.274833 0.249211 1.69501 1.66637 -0.226904</i>
                        <i>-0.255013 0.95502 0.151345 -0.278699 0.0772818 -0.957264 -0.925902 -0.286294 0.246456 1.69517 1.66734 -0.226964</i>
                        <i>-0.263627 0.951937 0.155937 -0.278346 0.0797094 -0.957168 -0.923593 -0.29574 0.243954 1.69516 1.66905 -0.226962</i>
                        <i>-0.269696 0.949703 0.159147 -0.277942 0.0814635 -0.957137 -0.921961 -0.30237 0.241992 1.69497 1.67158 -0.226891</i>
                        <i>-0.281727 0.946541 0.157133 -0.28188 0.0748918 -0.956522 -0.917155 -0.31377 0.245712 1.69421 1.682 -0.229497</i>
                        <i>-0.303571 0.941157 0.148551 -0.292665 0.0562673 -0.954558 -0.906748 -0.333252 0.258362 1.69265 1.70287 -0.23674</i>
                        <i>-0.327571 0.934866 0.136829 -0.307401 0.0314875 -0.951059 -0.893422 -0.3536 0.277064 1.69056 1.7275 -0.247424</i>
                        <i>-0.346034 0.929873 0.124883 -0.323614 0.00664386 -0.946166 -0.880644 -0.36782 0.298621 1.68816 1.74921 -0.260359</i>
                        <i>-0.351286 0.92926 0.114343 -0.339646 -0.0126733 -0.940468 -0.87249 -0.369209 0.320071 1.6857 1.76134 -0.274373</i>
                        <i>-0.334289 0.936885 0.102454 -0.354638 -0.0243241 -0.934687 -0.873203 -0.348789 0.340387 1.68338 1.76028 -0.288319</i>
                        <i>-0.300241 0.949876 0.0871258 -0.367942 -0.0310596 -0.92933 -0.880042 -0.31108 0.358825 1.68138 1.75035 -0.301075</i>
                        <i>-0.262003 0.962451 0.0710151 -0.378689 -0.0348468 -0.924868 -0.887665 -0.269211 0.3736 1.67981 1.73676 -0.311538</i>
                        <i>-0.231011 0.971228 0.0578842 -0.3859 -0.0368493 -0.921804 -0.893149 -0.235284 0.383309 1.6788 1.72476 -0.318618</i>
                        <i>-0.217664 0.974637 0.0520183 -0.388537 -0.0376335 -0.920664 -0.895356 -0.220606 0.386874 1.67844 1.7196 -0.321223</i>
                        <i>-0.214522 0.975466 0.049467 -0.388497 -0.0387507 -0.920635 -0.896131 -0.216714 0.387278 1.67843 1.71961 -0.321239</i>
                        <i>-0.20867 0.976974 0.044484 -0.388413 -0.0410445 -0.920571 -0.897548 -0.209373 0.388034 1.67841 1.71962 -0.321286</i>
                        <i>-0.202231 0.978575 0.0386338 -0.388306 -0.0439065 -0.920484 -0.899067 -0.201152 0.388866 1.67838 1.71963 -0.321357</i>
                        <i>-0.197329 0.979765 0.0334811 -0.388198 -0.0467327 -0.92039 -0.900202 -0.194617 0.389564 1.67833 1.71965 -0.32145</i>
                        <i>-0.196072 0.980113 0.0305651 -0.388111 -0.0489416 -0.920312 -0.900514 -0.19231 0.389989 1.67828 1.71968 -0.321559</i>
                        <i>-0.197953 0.979765 0.0295967 -0.388045 -0.0506024 -0.92025 -0.900131 -0.193651 0.39021 1.67823 1.71971 -0.321679</i>
                        <i>-0.200883 0.97918 0.0291991 -0.387983 -0.0521564 -0.920189 -0.899508 -0.196179 0.390383 1.67817 1.71974 -0.321806</i>
                        <i>-0.204576 0.978414 0.0292521 -0.387925 -0.0536014 -0.920131 -0.898701 -0.199584 0.390516 1.67811 1.71977 -0.321935</i>
                        <i>-0.208742 0.977522 0.0296388 -0.38787 -0.0549296 -0.920076 -0.897766 -0.203554 0.390617 1.67805 1.7198 -0.322063</i>
                        <i>-0.213086 0.976565 0.0302466 -0.38782 -0.0561269 -0.920025 -0.896766 -0.207775 0.390692 1.67799 1.71982 -0.322183</i>
                        <i>-0.21731 0.975611 0.0309672 -0.387776 -0.0571728 -0.919979 -0.895771 -0.211929 0.390743 1.67794 1.71985 -0.322292</i>
                        <i>-0.221111 0.974733 0.0316957 -0.38774 -0.0580419 -0.91994 -0.894856 -0.215699 0.390776 1.6779 1.71987 -0.322385</i>
                        <i>-0.224187 0.97401 0.0323299 -0.387711 -0.0587049 -0.91991 -0.894103 -0.218766 0.390795 1.67787 1.71988 -0.322457</i>
                        <i>-0.226233 0.973522 0.0327683 -0.387693 -0.0591314 -0.91989 -0.893595 -0.220814 0.390805 1.67785 1.71989 -0.322503</i>
                        <i>-0.226949 0.973351 0.0329093 -0.387686 -0.0592923 -0.919883 -0.893417 -0.221525 0.390811 1.67784 1.7199 -0.32252</i>
                        <i>-0.226949 0.973305 0.0342308 -0.386218 -0.0576784 -0.920603 -0.894053 -0.22215 0.388998 1.67784 1.71922 -0.321203</i>
                        <i>-0.227031 0.973144 0.0380413 -0.381982 -0.0530478 -0.922646 -0.89585 -0.224 0.383767 1.67787 1.71733 -0.317397</i>
                        <i>-0.227172 0.972862 0.0439565 -0.375275 -0.0458007 -0.925781 -0.898644 -0.226807 0.375496 1.67792 1.71444 -0.311386</i>
                        <i>-0.227339 0.972449 0.0515644 -0.366457 -0.0363714 -0.929724 -0.902234 -0.230259 0.364629 1.67799 1.71076 -0.303534</i>
                        <i>-0.227493 0.971902 0.0604356 -0.355946 -0.0252272 -0.934166 -0.906394 -0.234028 0.351684 1.6781 1.7065 -0.294277</i>
                        <i>-0.227582 0.97123 0.070135 -0.344215 -0.0128641 -0.938803 -0.910891 -0.237796 0.337239 1.67823 1.70186 -0.284096</i>
                        <i>-0.22754 0.970458 0.0802291 -0.331772 0.000199252 -0.94336 -0.915507 -0.24127 0.321926 1.67837 1.69706 -0.273488</i>
                        <i>-0.227294 0.969631 0.0902928 -0.319145 0.0134303 -0.947611 -0.920045 -0.244203 0.306401 1.67851 1.69232 -0.262941</i>
                        <i>-0.226759 0.968813 0.0999128 -0.30686 0.026293 -0.951391 -0.924347 -0.246396 0.291327 1.67861 1.68785 -0.252904</i>
                        <i>-0.225844 0.968081 0.10869 -0.295416 0.0382591 -0.954602 -0.928291 -0.2477 0.277346 1.67865 1.68388 -0.243769</i>
                        <i>-0.224455 0.967527 0.11624 -0.285272 0.0488203 -0.957202 -0.931794 -0.248009 0.26505 1.6786 1.68063 -0.235859</i>
                        <i>-0.222504 0.967243 0.122196 -0.276822 0.0575002 -0.959199 -0.934806 -0.247252 0.25496 1.67844 1.67833 -0.229424</i>
                        <i>-0.219916 0.96732 0.126208 -0.270387 0.0638642 -0.960631 -0.937298 -0.245383 0.247506 1.67814 1.6772 -0.224644</i>
                        <i>-0.216639 0.967831 0.127946 -0.266197 0.0675302 -0.96155 -0.939259 -0.242368 0.243004 1.67768 1.67746 -0.221637</i>
                        <i>-0.212662 0.968824 0.127104 -0.264385 0.0681756 -0.962004 -0.940678 -0.238186 0.241645 1.67705 1.67934 -0.220462</i>
                    </KeyFrames>
                </p>
            </i>
            <i>
                <p>
                    <Name><![CDATA[spine1]]></Name>
                    <Exclude>0</Exclude>
                    <Additive>0</Additive>
                    <IKPriority>0</IKPriority>
                    <IKRotLimits>-1e+010 -1e+010 -1e+010 1e+010 1e+010 1e+010</IKRotLimits>
                    <IKRotLimitOrder>0</IKRotLimitOrder>
                    <KeyFrames count="120">
                        <i>-0.610959 0.763754 0.208347 -0.35655 -0.0304899 -0.933779 -0.706825 -0.644787 0.290944 1.63788 1.85815 -0.197025</i>
                        <i>-0.603098 0.770992 0.20456 -0.355308 -0.0300556 -0.934266 -0.714163 -0.636136 0.292066 1.638 1.86093 -0.197234</i>
                        <i>-0.594195 0.778981 0.200302 -0.353904 -0.029581 -0.934814 -0.722277 -0.626349 0.293262 1.63807 1.86395 -0.197445</i>
                        <i>-0.58446 0.787475 0.195677 -0.352382 -0.0291015 -0.935404 -0.730913 -0.615659 0.294501 1.6381 1.86713 -0.197651</i>
                        <i>-0.574125 0.796228 0.190794 -0.350789 -0.0286477 -0.936016 -0.739816 -0.604319 0.295755 1.63808 1.8704 -0.197846</i>
                        <i>-0.563447 0.804993 0.185775 -0.349172 -0.0282449 -0.936633 -0.748736 -0.592611 0.296996 1.638 1.87369 -0.198025</i>
                        <i>-0.552712 0.813534 0.180751 -0.347583 -0.0279125 -0.937234 -0.757427 -0.580846 0.298199 1.63789 1.87694 -0.198186</i>
                        <i>-0.54223 0.82162 0.175861 -0.346076 -0.0276648 -0.937799 -0.765649 -0.569364 0.299343 1.63773 1.88008 -0.198326</i>
                        <i>-0.532335 0.82903 0.171257 -0.344706 -0.027511 -0.938308 -0.773174 -0.558527 0.300416 1.63756 1.88304 -0.198442</i>
                        <i>-0.52338 0.835556 0.167092 -0.343531 -0.0274563 -0.93874 -0.779782 -0.548719 0.30141 1.63737 1.88577 -0.198534</i>
                        <i>-0.515733 0.840998 0.16353 -0.342613 -0.0275035 -0.939074 -0.785262 -0.540339 0.302321 1.63718 1.88819 -0.198602</i>
                        <i>-0.509765 0.845166 0.160731 -0.342011 -0.0276543 -0.939289 -0.78941 -0.533789 0.303153 1.63701 1.89024 -0.198644</i>
                        <i>-0.505755 0.847932 0.158817 -0.34171 -0.027868 -0.939392 -0.792115 -0.529372 0.303841 1.63689 1.89189 -0.198671</i>
                        <i>-0.503925 0.849195 0.157883 -0.341656 -0.0280884 -0.939405 -0.793304 -0.527331 0.304287 1.63689 1.89308 -0.1987</i>
                        <i>-0.504545 0.848796 0.15805 -0.341851 -0.028297 -0.939328 -0.792825 -0.527963 0.304439 1.63702 1.89376 -0.198738</i>
                        <i>-0.50694 0.847188 0.159009 -0.342247 -0.0285197 -0.939177 -0.791125 -0.530527 0.304405 1.63725 1.89391 -0.198783</i>
                        <i>-0.510206 0.844973 0.160347 -0.342779 -0.028789 -0.938975 -0.788792 -0.534034 0.304327 1.63753 1.89357 -0.198832</i>
                        <i>-0.514246 0.842199 0.162026 -0.343426 -0.0290995 -0.938729 -0.785881 -0.538382 0.304197 1.63787 1.89279 -0.198886</i>
                        <i>-0.518967 0.838914 0.164005 -0.34417 -0.029446 -0.938446 -0.782445 -0.543467 0.30401 1.63826 1.89165 -0.198944</i>
                        <i>-0.52427 0.835167 0.166245 -0.344989 -0.0298232 -0.938133 -0.778539 -0.549188 0.303759 1.63868 1.89019 -0.199009</i>
                        <i>-0.530061 0.831007 0.168706 -0.345864 -0.0302252 -0.937798 -0.774218 -0.55544 0.303437 1.63915 1.88848 -0.19908</i>
                        <i>-0.536245 0.826487 0.171347 -0.346776 -0.0306456 -0.937447 -0.769537 -0.562121 0.303039 1.63966 1.88658 -0.199159</i>
                        <i>-0.54273 0.821658 0.17413 -0.347705 -0.0310772 -0.937089 -0.764555 -0.569132 0.302562 1.64021 1.88456 -0.199246</i>
                        <i>-0.549426 0.816576 0.177017 -0.348635 -0.0315118 -0.936729 -0.759332 -0.576378 0.302 1.64079 1.88246 -0.199343</i>
                        <i>-0.556247 0.811295 0.179972 -0.349546 -0.03194 -0.936375 -0.753928 -0.583764 0.301351 1.6414 1.88036 -0.19945</i>
                        <i>-0.563112 0.805873 0.182958 -0.350421 -0.0323512 -0.936033 -0.748405 -0.591204 0.300612 1.64204 1.87832 -0.199569</i>
                        <i>-0.569942 0.800369 0.185943 -0.351243 -0.0327337 -0.935712 -0.742829 -0.598613 0.29978 1.64271 1.87638 -0.199702</i>
                        <i>-0.576666 0.794843 0.188893 -0.351994 -0.0330744 -0.935418 -0.737263 -0.605913 0.298853 1.64341 1.87463 -0.199849</i>
                        <i>-0.583213 0.789356 0.191779 -0.352659 -0.0333587 -0.935157 -0.731775 -0.613029 0.297829 1.64414 1.87311 -0.200013</i>
                        <i>-0.589521 0.783969 0.194571 -0.353219 -0.0335709 -0.934938 -0.72643 -0.619892 0.296703 1.6449 1.8719 -0.200195</i>
                        <i>-0.595632 0.778652 0.197289 -0.353755 -0.0337724 -0.934728 -0.721165 -0.626546 0.295568 1.64565 1.87082 -0.200378</i>
                        <i>-0.60159 0.773374 0.199953 -0.354351 -0.034032 -0.934493 -0.715908 -0.633036 0.294519 1.64635 1.86969 -0.200542</i>
                        <i>-0.607339 0.768192 0.202536 -0.35499 -0.0343436 -0.934239 -0.710719 -0.639298 0.293559 1.647 1.86852 -0.200689</i>
                        <i>-0.612826 0.763161 0.205013 -0.35566 -0.0347001 -0.933971 -0.705656 -0.645276 0.292691 1.64759 1.86734 -0.20082</i>
