<?xml version="1.0" encoding="ISO-8859-1" ?>
<Animl Version="1">
    <ModellingPackage><![CDATA[Maya.2010]]></ModellingPackage>
    <SrcFile><![CDATA[anims\turrets\mortar\red\~src\mortar_82pm41\mortar_82pm41_reload_crewman_a.mb]]></SrcFile>
    <FramesPerSecond>30</FramesPerSecond>
    <TotalFrames>160</TotalFrames>
    <Skeleton>
        <RefFrame>
            <Name><![CDATA[soldier_ref_frame]]></Name>
            <Exclude>0</Exclude>
            <Additive>0</Additive>
            <IKPriority>0</IKPriority>
            <IKRotLimits>-1e+010 -1e+010 -1e+010 1e+010 1e+010 1e+010</IKRotLimits>
            <IKRotLimitOrder>0</IKRotLimitOrder>
            <KeyFrames count="160">
                <i>1 0 0 0 1 0 0 0 1 1.05 0.91 -2.35</i>
                <i>1 0 0 0 1 0 0 0 1 1.05 0.91 -2.35</i>
                <i>1 0 0 0 1 0 0 0 1 1.05 0.91 -2.35</i>
                <i>1 0 0 0 1 0 0 0 1 1.05 0.91 -2.35</i>
                <i>1 0 0 0 1 0 0 0 1 1.05 0.91 -2.35</i>
                <i>1 0 0 0 1 0 0 0 1 1.05 0.91 -2.35</i>
                <i>1 0 0 0 1 0 0 0 1 1.05 0.91 -2.35</i>
                <i>1 0 0 0 1 0 0 0 1 1.05 0.91 -2.35</i>
                <i>1 0 0 0 1 0 0 0 1 1.05 0.91 -2.35</i>
                <i>1 0 0 0 1 0 0 0 1 1.05 0.91 -2.35</i>
                <i>1 0 0 0 1 0 0 0 1 1.05 0.91 -2.35</i>
                <i>1 0 0 0 1 0 0 0 1 1.05 0.91 -2.35</i>
                <i>1 0 0 0 1 0 0 0 1 1.05 0.91 -2.35</i>
                <i>1 0 0 0 1 0 0 0 1 1.05 0.91 -2.35</i>
                <i>1 0 0 0 1 0 0 0 1 1.05 0.91 -2.35</i>
                <i>1 0 0 0 1 0 0 0 1 1.05 0.91 -2.35</i>
                <i>1 0 0 0 1 0 0 0 1 1.05 0.91 -2.35</i>
                <i>1 0 0 0 1 0 0 0 1 1.05 0.91 -2.35</i>
                <i>1 0 0 0 1 0 0 0 1 1.05 0.91 -2.35</i>
                <i>1 0 0 0 1 0 0 0 1 1.05 0.91 -2.35</i>
                <i>1 0 0 0 1 0 0 0 1 1.05 0.91 -2.35</i>
                <i>1 0 0 0 1 0 0 0 1 1.05 0.91 -2.35</i>
                <i>1 0 0 0 1 0 0 0 1 1.05 0.91 -2.35</i>
                <i>1 0 0 0 1 0 0 0 1 1.05 0.91 -2.35</i>
                <i>1 0 0 0 1 0 0 0 1 1.05 0.91 -2.35</i>
                <i>1 0 0 0 1 0 0 0 1 1.05 0.91 -2.35</i>
                <i>1 0 0 0 1 0 0 0 1 1.05 0.91 -2.35</i>
                <i>1 0 0 0 1 0 0 0 1 1.05 0.91 -2.35</i>
                <i>1 0 0 0 1 0 0 0 1 1.05 0.91 -2.35</i>
                <i>1 0 0 0 1 0 0 0 1 1.05 0.91 -2.35</i>
                <i>1 0 0 0 1 0 0 0 1 1.05 0.91 -2.35</i>
                <i>1 0 0 0 1 0 0 0 1 1.05 0.91 -2.35</i>
                <i>1 0 0 0 1 0 0 0 1 1.05 0.91 -2.35</i>
                <i>1 0 0 0 1 0 0 0 1 1.05 0.91 -2.35</i>
                <i>1 0 0 0 1 0 0 0 1 1.05 0.91 -2.35</i>
                <i>1 0 0 0 1 0 0 0 1 1.05 0.91 -2.35</i>
                <i>1 0 0 0 1 0 0 0 1 1.05 0.91 -2.35</i>
                <i>1 0 0 0 1 0 0 0 1 1.05 0.91 -2.35</i>
                <i>1 0 0 0 1 0 0 0 1 1.05 0.91 -2.35</i>
                <i>1 0 0 0 1 0 0 0 1 1.05 0.91 -2.35</i>
                <i>1 0 0 0 1 0 0 0 1 1.05 0.91 -2.35</i>
                <i>1 0 0 0 1 0 0 0 1 1.05 0.91 -2.35</i>
                <i>1 0 0 0 1 0 0 0 1 1.05 0.91 -2.35</i>
                <i>1 0 0 0 1 0 0 0 1 1.05 0.91 -2.35</i>
                <i>1 0 0 0 1 0 0 0 1 1.05 0.91 -2.35</i>
                <i>1 0 0 0 1 0 0 0 1 1.05 0.91 -2.35</i>
                <i>1 0 0 0 1 0 0 0 1 1.05 0.91 -2.35</i>
                <i>1 0 0 0 1 0 0 0 1 1.05 0.91 -2.35</i>
                <i>1 0 0 0 1 0 0 0 1 1.05 0.91 -2.35</i>
                <i>1 0 0 0 1 0 0 0 1 1.05 0.91 -2.35</i>
                <i>1 0 0 0 1 0 0 0 1 1.05 0.91 -2.35</i>
                <i>1 0 0 0 1 0 0 0 1 1.05 0.91 -2.35</i>
                <i>1 0 0 0 1 0 0 0 1 1.05 0.91 -2.35</i>
                <i>1 0 0 0 1 0 0 0 1 1.05 0.91 -2.35</i>
                <i>1 0 0 0 1 0 0 0 1 1.05 0.91 -2.35</i>
                <i>1 0 0 0 1 0 0 0 1 1.05 0.91 -2.35</i>
                <i>1 0 0 0 1 0 0 0 1 1.05 0.91 -2.35</i>
                <i>1 0 0 0 1 0 0 0 1 1.05 0.91 -2.35</i>
                <i>1 0 0 0 1 0 0 0 1 1.05 0.91 -2.35</i>
                <i>1 0 0 0 1 0 0 0 1 1.05 0.91 -2.35</i>
                <i>1 0 0 0 1 0 0 0 1 1.05 0.91 -2.35</i>
                <i>1 0 0 0 1 0 0 0 1 1.05 0.91 -2.35</i>
                <i>1 0 0 0 1 0 0 0 1 1.05 0.91 -2.35</i>
                <i>1 0 0 0 1 0 0 0 1 1.05 0.91 -2.35</i>
                <i>1 0 0 0 1 0 0 0 1 1.05 0.91 -2.35</i>
                <i>1 0 0 0 1 0 0 0 1 1.05 0.91 -2.35</i>
                <i>1 0 0 0 1 0 0 0 1 1.05 0.91 -2.35</i>
                <i>1 0 0 0 1 0 0 0 1 1.05 0.91 -2.35</i>
                <i>1 0 0 0 1 0 0 0 1 1.05 0.91 -2.35</i>
                <i>1 0 0 0 1 0 0 0 1 1.05 0.91 -2.35</i>
                <i>1 0 0 0 1 0 0 0 1 1.05 0.91 -2.35</i>
                <i>1 0 0 0 1 0 0 0 1 1.05 0.91 -2.35</i>
                <i>1 0 0 0 1 0 0 0 1 1.05 0.91 -2.35</i>
                <i>1 0 0 0 1 0 0 0 1 1.05 0.91 -2.35</i>
                <i>1 0 0 0 1 0 0 0 1 1.05 0.91 -2.35</i>
                <i>1 0 0 0 1 0 0 0 1 1.05 0.91 -2.35</i>
                <i>1 0 0 0 1 0 0 0 1 1.05 0.91 -2.35</i>
                <i>1 0 0 0 1 0 0 0 1 1.05 0.91 -2.35</i>
                <i>1 0 0 0 1 0 0 0 1 1.05 0.91 -2.35</i>
                <i>1 0 0 0 1 0 0 0 1 1.05 0.91 -2.35</i>
                <i>1 0 0 0 1 0 0 0 1 1.05 0.91 -2.35</i>
                <i>1 0 0 0 1 0 0 0 1 1.05 0.91 -2.35</i>
                <i>1 0 0 0 1 0 0 0 1 1.05 0.91 -2.35</i>
                <i>1 0 0 0 1 0 0 0 1 1.05 0.91 -2.35</i>
                <i>1 0 0 0 1 0 0 0 1 1.05 0.91 -2.35</i>
                <i>1 0 0 0 1 0 0 0 1 1.05 0.91 -2.35</i>
                <i>1 0 0 0 1 0 0 0 1 1.05 0.91 -2.35</i>
                <i>1 0 0 0 1 0 0 0 1 1.05 0.91 -2.35</i>
                <i>1 0 0 0 1 0 0 0 1 1.05 0.91 -2.35</i>
                <i>1 0 0 0 1 0 0 0 1 1.05 0.91 -2.35</i>
                <i>1 0 0 0 1 0 0 0 1 1.05 0.91 -2.35</i>
                <i>1 0 0 0 1 0 0 0 1 1.05 0.91 -2.35</i>
                <i>1 0 0 0 1 0 0 0 1 1.05 0.91 -2.35</i>
                <i>1 0 0 0 1 0 0 0 1 1.05 0.91 -2.35</i>
                <i>1 0 0 0 1 0 0 0 1 1.05 0.91 -2.35</i>
                <i>1 0 0 0 1 0 0 0 1 1.05 0.91 -2.35</i>
                <i>1 0 0 0 1 0 0 0 1 1.05 0.91 -2.35</i>
                <i>1 0 0 0 1 0 0 0 1 1.05 0.91 -2.35</i>
                <i>1 0 0 0 1 0 0 0 1 1.05 0.91 -2.35</i>
                <i>1 0 0 0 1 0 0 0 1 1.05 0.91 -2.35</i>
                <i>1 0 0 0 1 0 0 0 1 1.05 0.91 -2.35</i>
                <i>1 0 0 0 1 0 0 0 1 1.05 0.91 -2.35</i>
                <i>1 0 0 0 1 0 0 0 1 1.05 0.91 -2.35</i>
                <i>1 0 0 0 1 0 0 0 1 1.05 0.91 -2.35</i>
                <i>1 0 0 0 1 0 0 0 1 1.05 0.91 -2.35</i>
                <i>1 0 0 0 1 0 0 0 1 1.05 0.91 -2.35</i>
                <i>1 0 0 0 1 0 0 0 1 1.05 0.91 -2.35</i>
                <i>1 0 0 0 1 0 0 0 1 1.05 0.91 -2.35</i>
                <i>1 0 0 0 1 0 0 0 1 1.05 0.91 -2.35</i>
                <i>1 0 0 0 1 0 0 0 1 1.05 0.91 -2.35</i>
                <i>1 0 0 0 1 0 0 0 1 1.05 0.91 -2.35</i>
                <i>1 0 0 0 1 0 0 0 1 1.05 0.91 -2.35</i>
                <i>1 0 0 0 1 0 0 0 1 1.05 0.91 -2.35</i>
                <i>1 0 0 0 1 0 0 0 1 1.05 0.91 -2.35</i>
                <i>1 0 0 0 1 0 0 0 1 1.05 0.91 -2.35</i>
                <i>1 0 0 0 1 0 0 0 1 1.05 0.91 -2.35</i>
                <i>1 0 0 0 1 0 0 0 1 1.05 0.91 -2.35</i>
                <i>1 0 0 0 1 0 0 0 1 1.05 0.91 -2.35</i>
                <i>1 0 0 0 1 0 0 0 1 1.05 0.91 -2.35</i>
                <i>1 0 0 0 1 0 0 0 1 1.05 0.91 -2.35</i>
                <i>1 0 0 0 1 0 0 0 1 1.05 0.91 -2.35</i>
                <i>1 0 0 0 1 0 0 0 1 1.05 0.91 -2.35</i>
                <i>1 0 0 0 1 0 0 0 1 1.05 0.91 -2.35</i>
                <i>1 0 0 0 1 0 0 0 1 1.05 0.91 -2.35</i>
                <i>1 0 0 0 1 0 0 0 1 1.05 0.91 -2.35</i>
                <i>1 0 0 0 1 0 0 0 1 1.05 0.91 -2.35</i>
                <i>1 0 0 0 1 0 0 0 1 1.05 0.91 -2.35</i>
                <i>1 0 0 0 1 0 0 0 1 1.05 0.91 -2.35</i>
                <i>1 0 0 0 1 0 0 0 1 1.05 0.91 -2.35</i>
                <i>1 0 0 0 1 0 0 0 1 1.05 0.91 -2.35</i>
                <i>1 0 0 0 1 0 0 0 1 1.05 0.91 -2.35</i>
                <i>1 0 0 0 1 0 0 0 1 1.05 0.91 -2.35</i>
                <i>1 0 0 0 1 0 0 0 1 1.05 0.91 -2.35</i>
                <i>1 0 0 0 1 0 0 0 1 1.05 0.91 -2.35</i>
                <i>1 0 0 0 1 0 0 0 1 1.05 0.91 -2.35</i>
                <i>1 0 0 0 1 0 0 0 1 1.05 0.91 -2.35</i>
                <i>1 0 0 0 1 0 0 0 1 1.05 0.91 -2.35</i>
                <i>1 0 0 0 1 0 0 0 1 1.05 0.91 -2.35</i>
                <i>1 0 0 0 1 0 0 0 1 1.05 0.91 -2.35</i>
                <i>1 0 0 0 1 0 0 0 1 1.05 0.91 -2.35</i>
                <i>1 0 0 0 1 0 0 0 1 1.05 0.91 -2.35</i>
                <i>1 0 0 0 1 0 0 0 1 1.05 0.91 -2.35</i>
                <i>1 0 0 0 1 0 0 0 1 1.05 0.91 -2.35</i>
                <i>1 0 0 0 1 0 0 0 1 1.05 0.91 -2.35</i>
                <i>1 0 0 0 1 0 0 0 1 1.05 0.91 -2.35</i>
                <i>1 0 0 0 1 0 0 0 1 1.05 0.91 -2.35</i>
                <i>1 0 0 0 1 0 0 0 1 1.05 0.91 -2.35</i>
                <i>1 0 0 0 1 0 0 0 1 1.05 0.91 -2.35</i>
                <i>1 0 0 0 1 0 0 0 1 1.05 0.91 -2.35</i>
                <i>1 0 0 0 1 0 0 0 1 1.05 0.91 -2.35</i>
                <i>1 0 0 0 1 0 0 0 1 1.05 0.91 -2.35</i>
                <i>1 0 0 0 1 0 0 0 1 1.05 0.91 -2.35</i>
                <i>1 0 0 0 1 0 0 0 1 1.05 0.91 -2.35</i>
                <i>1 0 0 0 1 0 0 0 1 1.05 0.91 -2.35</i>
                <i>1 0 0 0 1 0 0 0 1 1.05 0.91 -2.35</i>
                <i>1 0 0 0 1 0 0 0 1 1.05 0.91 -2.35</i>
                <i>1 0 0 0 1 0 0 0 1 1.05 0.91 -2.35</i>
                <i>1 0 0 0 1 0 0 0 1 1.05 0.91 -2.35</i>
                <i>1 0 0 0 1 0 0 0 1 1.05 0.91 -2.35</i>
                <i>1 0 0 0 1 0 0 0 1 1.05 0.91 -2.35</i>
            </KeyFrames>
        </RefFrame>
        <Bones count="23">
            <i>
                <p>
                    <Name><![CDATA[pelvis]]></Name>
                    <Exclude>0</Exclude>
                    <Additive>0</Additive>
                    <IKPriority>0</IKPriority>
                    <IKRotLimits>-1e+010 -1e+010 -1e+010 1e+010 1e+010 1e+010</IKRotLimits>
                    <IKRotLimitOrder>2</IKRotLimitOrder>
                    <KeyFrames count="160">
                        <i>1 0 0 0 1 0 0 0 1 0.989623 1.59534 -2.27636</i>
                        <i>1 0 0 0 1 0 0 0 1 0.985069 1.60428 -2.2773</i>
                        <i>1 0 0 0 1 0 0 0 1 0.9799 1.62844 -2.27838</i>
                        <i>1 0 0 0 1 0 0 0 1 0.974424 1.66386 -2.27951</i>
                        <i>1 0 0 0 1 0 0 0 1 0.968949 1.70655 -2.28064</i>
                        <i>1 0 0 0 1 0 0 0 1 0.96378 1.75254 -2.28172</i>
                        <i>1 0 0 0 1 0 0 0 1 0.959225 1.79786 -2.28266</i>
                        <i>1 0 0 0 1 0 0 0 1 0.955592 1.83852 -2.28341</i>
                        <i>1 0 0 0 1 0 0 0 1 0.953187 1.87056 -2.28391</i>
                        <i>1 0 0 0 1 0 0 0 1 0.952317 1.89 -2.28409</i>
                        <i>1 0 0 0 1 0 0 0 1 0.952317 1.89772 -2.28409</i>
                        <i>1 0 0 0 1 0 0 0 1 0.952317 1.89823 -2.28409</i>
                        <i>1 0 0 0 1 0 0 0 1 0.952317 1.89301 -2.28409</i>
                        <i>1 0 0 0 1 0 0 0 1 0.952317 1.88353 -2.28409</i>
                        <i>1 0 0 0 1 0 0 0 1 0.952317 1.87126 -2.28409</i>
                        <i>1 0 0 0 1 0 0 0 1 0.952317 1.85769 -2.28409</i>
                        <i>1 0 0 0 1 0 0 0 1 0.952317 1.84427 -2.28409</i>
                        <i>1 0 0 0 1 0 0 0 1 0.952317 1.83249 -2.28409</i>
                        <i>1 0 0 0 1 0 0 0 1 0.952317 1.82382 -2.28409</i>
                        <i>1 0 0 0 1 0 0 0 1 0.952317 1.81973 -2.28409</i>
                        <i>1 0 0 0 1 0 0 0 1 0.952317 1.82205 -2.28339</i>
                        <i>1 0 0 0 1 0 0 0 1 0.952317 1.83028 -2.28141</i>
                        <i>1 0 0 0 1 0 0 0 1 0.952317 1.84242 -2.27833</i>
                        <i>1 0 0 0 1 0 0 0 1 0.952317 1.85645 -2.27431</i>
                        <i>1 0 0 0 1 0 0 0 1 0.952317 1.87034 -2.26953</i>
                        <i>1 0 0 0 1 0 0 0 1 0.952317 1.88682 -2.26416</i>
                        <i>1 0 0 0 1 0 0 0 1 0.952317 1.90723 -2.25838</i>
                        <i>1 0 0 0 1 0 0 0 1 0.952317 1.9275 -2.25236</i>
                        <i>1 0 0 0 1 0 0 0 1 0.952317 1.94355 -2.24628</i>
                        <i>1 0 0 0 1 0 0 0 1 0.952317 1.95131 -2.2403</i>
                        <i>1 0 0 0 1 0 0 0 1 0.952304 1.94692 -2.2324</i>
                        <i>1 0 0 0 1 0 0 0 1 0.952278 1.93309 -2.22185</i>
                        <i>1 0 0 0 1 0 0 0 1 0.952259 1.91562 -2.21084</i>
                        <i>1 0 0 0 1 0 0 0 1 0.952266 1.90029 -2.20154</i>
                        <i>1 0 0 0 1 0 0 0 1 0.952317 1.8929 -2.19612</i>
                        <i>1 0 0 0 1 0 0 0 1 0.952392 1.89646 -2.19525</i>
                        <i>1 0 0 0 1 0 0 0 1 0.952447 1.90711 -2.19748</i>
                        <i>1 0 0 0 1 0 0 0 1 0.952464 1.92032 -2.2018</i>
                        <i>1 0 0 0 1 0 0 0 1 0.952426 1.93158 -2.20721</i>
                        <i>1 0 0 0 1 0 0 0 1 0.952317 1.93633 -2.21269</i>
                        <i>1 0 0 0 1 0 0 0 1 0.952216 1.93447 -2.21836</i>
                        <i>1 0 0 0 1 0 0 0 1 0.952196 1.92955 -2.2248</i>
                        <i>1 0 0 0 1 0 0 0 1 0.952232 1.92259 -2.23173</i>
                        <i>1 0 0 0 1 0 0 0 1 0.952296 1.91462 -2.23885</i>
                        <i>1 0 0 0 1 0 0 0 1 0.952363 1.90664 -2.24589</i>
                        <i>1 0 0 0 1 0 0 0 1 0.952406 1.89968 -2.25254</i>
                        <i>1 0 0 0 1 0 0 0 1 0.9524 1.89476 -2.25853</i>
                        <i>1 0 0 0 1 0 0 0 1 0.952317 1.8929 -2.26357</i>
                        <i>1 0 0 0 1 0 0 0 1 0.952228 1.89462 -2.26752</i>
                        <i>1 0 0 0 1 0 0 0 1 0.952205 1.89923 -2.2706</i>
                        <i>1 0 0 0 1 0 0 0 1 0.952226 1.90588 -2.273</i>
                        <i>1 0 0 0 1 0 0 0 1 0.95227 1.91376 -2.27491</i>
                        <i>1 0 0 0 1 0 0 0 1 0.952315 1.92202 -2.27653</i>
                        <i>1 0 0 0 1 0 0 0 1 0.952338 1.92982 -2.27804</i>
                        <i>1 0 0 0 1 0 0 0 1 0.952317 1.93633 -2.27964</i>
                        <i>1 0 0 0 1 0 0 0 1 0.952312 1.94237 -2.28026</i>
                        <i>1 0 0 0 1 0 0 0 1 0.952363 1.94868 -2.27963</i>
                        <i>1 0 0 0 1 0 0 0 1 0.952416 1.95433 -2.27913</i>
                        <i>1 0 0 0 1 0 0 0 1 0.952418 1.95842 -2.28016</i>
                        <i>1 0 0 0 1 0 0 0 1 0.952317 1.96 -2.28409</i>
                        <i>1 0 0 0 1 0 0 0 1 0.95264 1.95832 -2.29074</i>
                        <i>1 0 0 0 1 0 0 0 1 0.953847 1.95404 -2.29875</i>
                        <i>1 0 0 0 1 0 0 0 1 0.955779 1.9484 -2.30779</i>
                        <i>1 0 0 0 1 0 0 0 1 0.95828 1.94261 -2.31752</i>
                        <i>1 0 0 0 1 0 0 0 1 0.961195 1.93791 -2.32761</i>
                        <i>1 0 0 0 1 0 0 0 1 0.964365 1.93552 -2.33772</i>
                        <i>1 0 0 0 1 0 0 0 1 0.967636 1.93667 -2.34751</i>
                        <i>1 0 0 0 1 0 0 0 1 0.970849 1.94422 -2.35665</i>
                        <i>1 0 0 0 1 0 0 0 1 0.973849 1.95785 -2.36481</i>
                        <i>1 0 0 0 1 0 0 0 1 0.976478 1.97403 -2.37164</i>
                        <i>1 0 0 0 1 0 0 0 1 0.978581 1.98925 -2.37682</i>
                        <i>1 0 0 0 1 0 0 0 1 0.98 2 -2.38</i>
                        <i>1 0 0 0 1 0 0 0 1 0.981607 2.00563 -2.38081</i>
                        <i>1 0 0 0 1 0 0 0 1 0.984194 2.00848 -2.37937</i>
                        <i>1 0 0 0 1 0 0 0 1 0.98748 2.00952 -2.37608</i>
                        <i>1 0 0 0 1 0 0 0 1 0.991187 2.00971 -2.37135</i>
                        <i>1 0 0 0 1 0 0 0 1 0.995036 2.01 -2.36559</i>
                        <i>1 0 0 0 1 0 0 0 1 0.998748 2.01065 -2.35919</i>
                        <i>1 0 0 0 1 0 0 0 1 1.00204 2.01125 -2.35257</i>
                        <i>1 0 0 0 1 0 0 0 1 1.00465 2.01176 -2.34612</i>
                        <i>1 0 0 0 1 0 0 0 1 1.00628 2.01215 -2.34026</i>
                        <i>1 0 0 0 1 0 0 0 1 1.00665 2.01238 -2.33539</i>
                        <i>1 0 0 0 1 0 0 0 1 1.0055 2.01242 -2.33191</i>
                        <i>1 0 0 0 1 0 0 0 1 1.00254 2.01224 -2.33022</i>
                        <i>1 0 0 0 1 0 0 0 1 0.997485 2.01179 -2.33074</i>
                        <i>1 0 0 0 1 0 0 0 1 0.990065 2.01106 -2.33386</i>
                        <i>1 0 0 0 1 0 0 0 1 0.98 2.01 -2.34</i>
                        <i>1 0 0 0 1 0 0 0 1 0.965437 2.00119 -2.35077</i>
                        <i>1 0 0 0 1 0 0 0 1 0.945396 1.97879 -2.36682</i>
                        <i>1 0 0 0 1 0 0 0 1 0.920906 1.94513 -2.38712</i>
                        <i>1 0 0 0 1 0 0 0 1 0.892996 1.90255 -2.41064</i>
                        <i>1 0 0 0 1 0 0 0 1 0.862694 1.85336 -2.43633</i>
                        <i>1 0 0 0 1 0 0 0 1 0.831028 1.7999 -2.46317</i>
                        <i>1 0 0 0 1 0 0 0 1 0.799027 1.7445 -2.4901</i>
                        <i>1 0 0 0 1 0 0 0 1 0.76772 1.68949 -2.5161</i>
                        <i>1 0 0 0 1 0 0 0 1 0.738135 1.63721 -2.54012</i>
                        <i>1 0 0 0 1 0 0 0 1 0.711301 1.58998 -2.56114</i>
                        <i>1 0 0 0 1 0 0 0 1 0.688247 1.55013 -2.57811</i>
                        <i>1 0 0 0 1 0 0 0 1 0.67 1.52 -2.59</i>
                        <i>1 0 0 0 1 0 0 0 1 0.67 1.52012 -2.58717</i>
                        <i>1 0 0 0 1 0 0 0 1 0.67 1.52042 -2.57969</i>
                        <i>1 0 0 0 1 0 0 0 1 0.67 1.52078 -2.56902</i>
                        <i>1 0 0 0 1 0 0 0 1 0.67 1.52111 -2.55667</i>
                        <i>1 0 0 0 1 0 0 0 1 0.67 1.5213 -2.5441</i>
                        <i>1 0 0 0 1 0 0 0 1 0.67 1.52125 -2.53281</i>
                        <i>1 0 0 0 1 0 0 0 1 0.67 1.52085 -2.52428</i>
                        <i>1 0 0 0 1 0 0 0 1 0.67 1.52 -2.52</i>
                        <i>1 0 0 0 1 0 0 0 1 0.67 1.51863 -2.51959</i>
                        <i>1 0 0 0 1 0 0 0 1 0.67 1.51682 -2.52139</i>
                        <i>1 0 0 0 1 0 0 0 1 0.67 1.51468 -2.52493</i>
                        <i>1 0 0 0 1 0 0 0 1 0.67 1.51232 -2.52976</i>
                        <i>1 0 0 0 1 0 0 0 1 0.67 1.50986 -2.53542</i>
                        <i>1 0 0 0 1 0 0 0 1 0.67 1.50741 -2.54144</i>
                        <i>1 0 0 0 1 0 0 0 1 0.67 1.50509 -2.54737</i>
                        <i>1 0 0 0 1 0 0 0 1 0.67 1.503 -2.55275</i>
                        <i>1 0 0 0 1 0 0 0 1 0.67 1.50127 -2.55711</i>
                        <i>1 0 0 0 1 0 0 0 1 0.67 1.5 -2.56</i>
                        <i>1 0 0 0 1 0 0 0 1 0.67 1.49919 -2.56162</i>
                        <i>1 0 0 0 1 0 0 0 1 0.67 1.49872 -2.56256</i>
                        <i>1 0 0 0 1 0 0 0 1 0.67 1.49853 -2.56294</i>
                        <i>1 0 0 0 1 0 0 0 1 0.67 1.49856 -2.56288</i>
                        <i>1 0 0 0 1 0 0 0 1 0.67 1.49875 -2.5625</i>
                        <i>1 0 0 0 1 0 0 0 1 0.67 1.49904 -2.56192</i>
                        <i>1 0 0 0 1 0 0 0 1 0.67 1.49937 -2.56126</i>
                        <i>1 0 0 0 1 0 0 0 1 0.67 1.49968 -2.56064</i>
                        <i>1 0 0 0 1 0 0 0 1 0.67 1.49991 -2.56018</i>
                        <i>1 0 0 0 1 0 0 0 1 0.67 1.5 -2.56</i>
                        <i>1 0 0 0 1 0 0 0 1 0.67698 1.49841 -2.55803</i>
                        <i>1 0 0 0 1 0 0 0 1 0.687631 1.49469 -2.55415</i>
                        <i>1 0 0 0 1 0 0 0 1 0.700641 1.49045 -2.54961</i>
                        <i>1 0 0 0 1 0 0 0 1 0.714696 1.48727 -2.54567</i>
                        <i>1 0 0 0 1 0 0 0 1 0.728483 1.48673 -2.54358</i>
                        <i>1 0 0 0 1 0 0 0 1 0.740689 1.49045 -2.5446</i>
                        <i>1 0 0 0 1 0 0 0 1 0.75 1.5 -2.55</i>
                        <i>1 0 0 0 1 0 0 0 1 0.75033 1.52985 -2.57948</i>
                        <i>1 0 0 0 1 0 0 0 1 0.744434 1.57993 -2.62363</i>
                        <i>1 0 0 0 1 0 0 0 1 0.744258 1.63 -2.64</i>
                        <i>1 0 0 0 1 0 0 0 1 0.754886 1.68356 -2.59955</i>
                        <i>1 0 0 0 1 0 0 0 1 0.771234 1.73711 -2.53132</i>
                        <i>1 0 0 0 1 0 0 0 1 0.79 1.76 -2.48</i>
                        <i>1 0 0 0 1 0 0 0 1 0.810878 1.75323 -2.45164</i>
                        <i>1 0 0 0 1 0 0 0 1 0.83492 1.73946 -2.42302</i>
                        <i>1 0 0 0 1 0 0 0 1 0.860864 1.72051 -2.39489</i>
                        <i>1 0 0 0 1 0 0 0 1 0.887446 1.6982 -2.36804</i>
                        <i>1 0 0 0 1 0 0 0 1 0.913404 1.67434 -2.34321</i>
                        <i>1 0 0 0 1 0 0 0 1 0.937475 1.65074 -2.32119</i>
                        <i>1 0 0 0 1 0 0 0 1 0.958395 1.62923 -2.30272</i>
                        <i>1 0 0 0 1 0 0 0 1 0.974902 1.61161 -2.28859</i>
                        <i>1 0 0 0 1 0 0 0 1 0.985732 1.59971 -2.27955</i>
                        <i>1 0 0 0 1 0 0 0 1 0.989623 1.59534 -2.27636</i>
                        <i>1 0 0 0 1 0 0 0 1 0.989623 1.59534 -2.27636</i>
                        <i>1 0 0 0 1 0 0 0 1 0.989623 1.59534 -2.27636</i>
                        <i>1 0 0 0 1 0 0 0 1 0.989623 1.59534 -2.27636</i>
                        <i>1 0 0 0 1 0 0 0 1 0.989623 1.59534 -2.27636</i>
                        <i>1 0 0 0 1 0 0 0 1 0.989623 1.59534 -2.27636</i>
                        <i>1 0 0 0 1 0 0 0 1 0.989623 1.59534 -2.27636</i>
                        <i>1 0 0 0 1 0 0 0 1 0.989623 1.59534 -2.27636</i>
                        <i>1 0 0 0 1 0 0 0 1 0.989623 1.59534 -2.27636</i>
                        <i>1 0 0 0 1 0 0 0 1 0.989623 1.59534 -2.27636</i>
                        <i>1 0 0 0 1 0 0 0 1 0.989623 1.59534 -2.27636</i>
                    </KeyFrames>
                </p>
            </i>
            <i>
                <p>
                    <Name><![CDATA[spine0]]></Name>
                    <Exclude>0</Exclude>
                    <Additive>0</Additive>
                    <IKPriority>0</IKPriority>
                    <IKRotLimits>-1e+010 -1e+010 -1e+010 1e+010 1e+010 1e+010</IKRotLimits>
                    <IKRotLimitOrder>0</IKRotLimitOrder>
                    <KeyFrames count="160">
                        <i>-0.412417 0.910352 0.034224 -0.273597 -0.0879392 -0.957816 -0.86894 -0.404383 0.285337 1.00867 1.7339 -2.31007</i>
                        <i>-0.393771 0.918975 0.0207383 -0.273606 -0.095639 -0.957075 -0.877545 -0.382543 0.289096 1.00352 1.74291 -2.31102</i>
                        <i>-0.372998 0.927814 0.00582338 -0.273669 -0.104019 -0.956183 -0.886554 -0.358248 0.292713 0.997586 1.76718 -2.31208</i>
                        <i>-0.349475 0.936883 -0.0108444 -0.273627 -0.113124 -0.95516 -0.8961 -0.330837 0.295891 0.991257 1.8027 -2.31319</i>
                        <i>-0.322699 0.946044 -0.0294332 -0.273343 -0.12292 -0.95403 -0.906173 -0.299819 0.298261 0.984928 1.8455 -2.31429</i>
                        <i>-0.291573 0.955219 -0.0504075 -0.27267 -0.13351 -0.952799 -0.916862 -0.264066 0.299388 0.978994 1.89159 -2.31534</i>
                        <i>-0.258549 0.963313 -0.0719743 -0.271689 -0.144016 -0.951549 -0.927005 -0.226468 0.298956 0.973848 1.93697 -2.31628</i>
                        <i>-0.227946 0.969378 -0.0913655 -0.270602 -0.15321 -0.950422 -0.935316 -0.191921 0.297239 0.969886 1.97766 -2.31706</i>
                        <i>-0.203957 0.973212 -0.10611 -0.269613 -0.160036 -0.949577 -0.941122 -0.165064 0.295031 0.9675 2.00968 -2.31764</i>
                        <i>-0.191082 0.974971 -0.113666 -0.268934 -0.163369 -0.949202 -0.944014 -0.150807 0.29342 0.967086 2.02904 -2.31795</i>
                        <i>-0.187138 0.975952 -0.111789 -0.268968 -0.160357 -0.949706 -0.944794 -0.147659 0.292508 0.968647 2.0366 -2.31788</i>
                        <i>-0.186401 0.977232 -0.101354 -0.269794 -0.15011 -0.951146 -0.944704 -0.14995 0.291633 0.971662 2.03683 -2.31741</i>
                        <i>-0.1884 0.97847 -0.0842702 -0.271088 -0.134286 -0.953141 -0.943937 -0.156727 0.290551 0.975736 2.03117 -2.31663</i>
                        <i>-0.19282 0.979249 -0.0623812 -0.272514 -0.114516 -0.955313 -0.942633 -0.167204 0.28894 0.980471 2.02103 -2.31565</i>
                        <i>-0.199407 0.979197 -0.0375474 -0.273781 -0.0924626 -0.957337 -0.940894 -0.18062 0.286523 0.985475 2.00789 -2.31458</i>
                        <i>-0.20773 0.978116 -0.0117598 -0.274683 -0.0698663 -0.958993 -0.938828 -0.195981 0.283185 0.990363 1.99327 -2.31352</i>
                        <i>-0.216948 0.9761 0.0127605 -0.275137 -0.0485997 -0.960176 -0.936607 -0.211819 0.279105 0.994769 1.97875 -2.31257</i>
                        <i>-0.225703 0.973619 0.0335383 -0.275201 -0.0306966 -0.960897 -0.934517 -0.226107 0.274869 0.998345 1.96595 -2.3118</i>
                        <i>-0.23222 0.971482 0.0479177 -0.27506 -0.0183365 -0.961252 -0.932961 -0.236403 0.271474 1.00076 1.95652 -2.3113</i>
                        <i>-0.23461 0.970632 0.05321 -0.27495 -0.0137559 -0.96136 -0.932395 -0.240174 0.270103 1.00167 1.95213 -2.31112</i>
                        <i>-0.234593 0.97064 0.0531493 -0.275388 -0.0139242 -0.961232 -0.93227 -0.240135 0.270569 1.00093 1.95476 -2.31024</i>
                        <i>-0.23493 0.970559 0.0531359 -0.276623 -0.0143529 -0.960871 -0.931819 -0.240436 0.271851 0.998814 1.96386 -2.30773</i>
                        <i>-0.235541 0.970412 0.0531092 -0.278428 -0.0150229 -0.96034 -0.931127 -0.240987 0.273728 0.995645 1.97721 -2.30384</i>
                        <i>-0.236353 0.97022 0.0530161 -0.280576 -0.0159094 -0.9597 -0.930276 -0.241703 0.275981 0.99176 1.99261 -2.29882</i>
                        <i>-0.237179 0.970032 0.0527606 -0.282847 -0.0169967 -0.959014 -0.929378 -0.242382 0.278402 0.987501 2.00785 -2.29294</i>
                        <i>-0.237644 0.96995 0.0521681 -0.285029 -0.0182901 -0.958344 -0.928592 -0.242614 0.280811 0.983226 2.02554 -2.28644</i>
                        <i>-0.237161 0.970132 0.0509668 -0.286915 -0.0198238 -0.957751 -0.928135 -0.241764 0.283047 0.979303 2.04693 -2.27962</i>
                        <i>-0.234962 0.970779 0.0487925 -0.288304 -0.0216649 -0.957294 -0.928264 -0.238995 0.28497 0.97611 2.06791 -2.27274</i>
                        <i>-0.23017 0.9721 0.0452145 -0.289003 -0.0239154 -0.957029 -0.929246 -0.233346 0.286445 0.974025 2.08438 -2.26609</i>
                        <i>-0.221879 0.974263 0.0397765 -0.288848 -0.0267105 -0.957002 -0.931309 -0.223828 0.28734 0.973423 2.09225 -2.25995</i>
                        <i>-0.209136 0.97737 0.0317765 -0.287761 -0.0304532 -0.957218 -0.934589 -0.209333 0.287618 0.974503 2.08765 -2.25234</i>
                        <i>-0.192395 0.981085 0.0213589 -0.285996 -0.0352379 -0.957583 -0.938717 -0.190343 0.287366 0.976994 2.0733 -2.24248</i>
                        <i>-0.172958 0.984885 0.00938478 -0.283921 -0.0407315 -0.957982 -0.94312 -0.168355 0.286674 0.980561 2.05501 -2.23243</i>
                        <i>-0.152174 0.988348 -0.0032677 -0.281855 -0.0465651 -0.958326 -0.947312 -0.144911 0.285657 0.984868 2.03855 -2.22427</i>
                        <i>-0.1314 0.991205 -0.0157385 -0.280035 -0.0523432 -0.958562 -0.950954 -0.121547 0.28445 0.98958 2.02977 -2.22007</i>
                        <i>-0.111958 0.99334 -0.0272109 -0.278592 -0.057661 -0.958677 -0.953862 -0.0997506 0.283192 0.99433 2.03175 -2.2204</i>
                        <i>-0.0951079 0.994782 -0.0369242 -0.27755 -0.0621206 -0.958701 -0.955992 -0.0809317 0.28201 0.998738 2.04076 -2.22374</i>
                        <i>-0.0820327 0.99565 -0.044171 -0.276851 -0.0653413 -0.958689 -0.957405 -0.066415 0.281007 1.00247 2.05245 -2.229</i>
                        <i>-0.0738499 0.9961 -0.0482763 -0.276393 -0.0669556 -0.95871 -0.958203 -0.0574574 0.28026 1.0052 2.06247 -2.23509</i>
                        <i>-0.0716526 0.996247 -0.0485595 -0.276078 -0.0665917 -0.958825 -0.958461 -0.0552961 0.279814 1.00663 2.06652 -2.24095</i>
                        <i>-0.0866456 0.995464 -0.0392995 -0.275756 -0.0618712 -0.959234 -0.957314 -0.0722764 0.279866 1.00649 2.06467 -2.24661</i>
                        <i>-0.123236 0.992205 -0.0184915 -0.2755 -0.0521074 -0.959888 -0.953369 -0.113199 0.279774 1.005 2.06043 -2.25269</i>
                        <i>-0.171687 0.985113 0.0087488 -0.275685 -0.0395172 -0.960436 -0.945791 -0.167306 0.278365 1.00254 2.05458 -2.259</i>
                        <i>-0.221132 0.97455 0.0367734 -0.276583 -0.0265106 -0.960624 -0.935202 -0.222596 0.275406 0.999464 2.04792 -2.26534</i>
                        <i>-0.260422 0.963653 0.0596095 -0.278163 -0.0157637 -0.960404 -0.924557 -0.266692 0.272158 0.996169 2.04125 -2.27152</i>
                        <i>-0.272817 0.959549 0.0695521 -0.280017 -0.0100331 -0.959943 -0.920414 -0.281364 0.271427 0.993049 2.03543 -2.27737</i>
                        <i>-0.263614 0.962218 0.068153 -0.281544 -0.00917233 -0.959504 -0.922627 -0.272127 0.273325 0.990515 2.03136 -2.28271</i>
                        <i>-0.254694 0.964953 0.0632281 -0.282294 -0.011655 -0.959257 -0.924901 -0.262166 0.275369 0.988986 2.02996 -2.28736</i>
                        <i>-0.248256 0.967016 0.057005 -0.282201 -0.0159022 -0.959224 -0.926678 -0.25422 0.276841 0.98871 2.03174 -2.29127</i>
                        <i>-0.235192 0.970773 0.0477926 -0.281577 -0.0209902 -0.959309 -0.930268 -0.239079 0.278284 0.989422 2.03611 -2.29454</i>
                        <i>-0.218197 0.975204 0.0369842 -0.280704 -0.0264201 -0.959431 -0.934663 -0.219727 0.279508 0.990773 2.04234 -2.29729</i>
                        <i>-0.200002 0.979451 0.0259804 -0.279814 -0.0316853 -0.959531 -0.938991 -0.199178 0.280401 0.992411 2.04968 -2.29961</i>
                        <i>-0.183364 0.982912 0.016185 -0.279071 -0.0362603 -0.959586 -0.942601 -0.18047 0.280951 0.99399 2.0574 -2.30162</i>
                        <i>-0.171058 0.98522 0.0090007 -0.278575 -0.0396007 -0.959598 -0.945058 -0.166654 0.281232 0.995167 2.06479 -2.30342</i>
                        <i>-0.165861 0.986132 0.00583035 -0.278392 -0.0411505 -0.959585 -0.946038 -0.160781 0.281357 0.995601 2.07114 -2.30514</i>
                        <i>-0.157323 0.987542 0.00332575 -0.274725 -0.0405307 -0.960668 -0.948565 -0.152049 0.277679 0.996079 2.07705 -2.30557</i>
                        <i>-0.137986 0.990433 -0.00128053 -0.265987 -0.0383025 -0.963215 -0.95405 -0.13257 0.268728 0.99728 2.08307 -2.30446</i>
                        <i>-0.115153 0.99333 -0.0058859 -0.25556 -0.035351 -0.966147 -0.959911 -0.109751 0.257927 0.998711 2.08837 -2.30337</i>
                        <i>-0.096128 0.995327 -0.00911942 -0.246823 -0.0327117 -0.968508 -0.964281 -0.0908499 0.248814 0.999869 2.09214 -2.30388</i>
                        <i>-0.088176 0.996052 -0.0103127 -0.243159 -0.0315633 -0.969473 -0.96597 -0.0829766 0.244982 1.00025 2.09359 -2.30759</i>
                        <i>-0.0863351 0.996205 -0.0110122 -0.245452 -0.0319821 -0.968881 -0.965557 -0.0809454 0.247282 1.00057 2.09189 -2.31437</i>
                        <i>-0.0812665 0.996608 -0.0129997 -0.251768 -0.0331463 -0.96722 -0.96437 -0.0753297 0.253607 1.00176 2.08755 -2.32273</i>
                        <i>-0.0736758 0.997152 -0.0161404 -0.26125 -0.0349169 -0.964639 -0.962455 -0.0668539 0.263079 1.00367 2.08182 -2.33231</i>
                        <i>-0.0642711 0.997726 -0.0203037 -0.273044 -0.037151 -0.961284 -0.959852 -0.056239 0.274811 1.00613 2.07592 -2.34272</i>
                        <i>-0.0537356 0.998234 -0.025327 -0.286295 -0.0397003 -0.957319 -0.956634 -0.0441912 0.287922 1.00899 2.07109 -2.35357</i>
                        <i>-0.0427089 0.998607 -0.0309925 -0.300156 -0.0424126 -0.952947 -0.952934 -0.0313968 0.301549 1.01209 2.06857 -2.36449</i>
                        <i>-0.0317797 0.998809 -0.0370186 -0.313792 -0.0451351 -0.948418 -0.94896 -0.0185243 0.314853 1.01529 2.06958 -2.37509</i>
                        <i>-0.0239524 0.998873 -0.0409848 -0.326348 -0.0465632 -0.944102 -0.944946 -0.00923826 0.327095 1.01842 2.077 -2.38498</i>
                        <i>-0.0207239 0.998923 -0.0415107 -0.336997 -0.0460692 -0.940378 -0.941277 -0.0054993 0.337589 1.02136 2.09051 -2.39378</i>
                        <i>-0.0204303 0.998993 -0.0399377 -0.344971 -0.0445365 -0.937556 -0.938391 -0.00537719 0.345534 1.02394 2.1066 -2.40111</i>
                        <i>-0.0214233 0.999056 -0.037794 -0.349511 -0.0429014 -0.93595 -0.936687 -0.0068417 0.3501 1.02603 2.12177 -2.40658</i>
                        <i>-0.0220655 0.999081 -0.0367375 -0.349862 -0.0421395 -0.935853 -0.936541 -0.00779698 0.350471 1.02749 2.13249 -2.4098</i>
                        <i>-0.0217685 0.999091 -0.0366539 -0.346935 -0.0419333 -0.936951 -0.937636 -0.00767947 0.347533 1.02921 2.13811 -2.41044</i>
                        <i>-0.0210835 0.999117 -0.0363433 -0.342249 -0.0413678 -0.938698 -0.939373 -0.00735256 0.342819 1.03201 2.14095 -2.4087</i>
                        <i>-0.0200911 0.999155 -0.0358557 -0.335949 -0.0405243 -0.941008 -0.941666 -0.00686024 0.336479 1.03559 2.14198 -2.40501</i>
                        <i>-0.018872 0.999201 -0.0352404 -0.328179 -0.0394845 -0.94379 -0.944427 -0.00624603 0.328662 1.03966 2.14214 -2.39978</i>
                        <i>-0.0175073 0.99925 -0.0345482 -0.319082 -0.0383305 -0.946952 -0.947565 -0.00555486 0.319514 1.04392 2.14241 -2.39343</i>
                        <i>-0.0160797 0.999298 -0.0338322 -0.308804 -0.0371456 -0.9504 -0.95099 -0.00483461 0.309184 1.04807 2.14303 -2.38638</i>
                        <i>-0.0146733 0.999343 -0.0331493 -0.297489 -0.0360148 -0.954046 -0.954613 -0.00413745 0.297822 1.05182 2.1436 -2.37905</i>
                        <i>-0.0133745 0.99938 -0.0325613 -0.285285 -0.0350245 -0.957803 -0.958349 -0.00352089 0.285577 1.05487 2.14409 -2.37186</i>
                        <i>-0.0122716 0.999408 -0.032135 -0.272343 -0.034263 -0.96159 -0.962122 -0.00304847 0.272602 1.05693 2.14446 -2.36524</i>
                        <i>-0.0114547 0.999424 -0.0319433 -0.258815 -0.0338201 -0.965335 -0.965859 -0.0027902 0.259054 1.0577 2.14468 -2.3596</i>
                        <i>-0.0110159 0.999425 -0.0320649 -0.244858 -0.0337867 -0.96897 -0.969496 -0.00282277 0.245089 1.05689 2.14472 -2.35538</i>
                        <i>-0.0110487 0.999408 -0.0325843 -0.230629 -0.0342547 -0.972439 -0.972979 -0.00322931 0.230871 1.0542 2.14456 -2.35299</i>
                        <i>-0.0116476 0.999368 -0.0335915 -0.21629 -0.0353165 -0.97569 -0.97626 -0.00409892 0.216564 1.04933 2.14415 -2.35285</i>
                        <i>-0.0129076 0.999298 -0.035181 -0.202003 -0.0370644 -0.978683 -0.9793 -0.00552582 0.20234 1.042 2.14348 -2.35541</i>
                        <i>-0.0149244 0.999187 -0.0374509 -0.187936 -0.0395907 -0.981383 -0.982068 -0.00760819 0.188374 1.0319 2.14251 -2.36108</i>
                        <i>-0.0193976 0.999051 -0.0390035 -0.172384 -0.0417686 -0.984144 -0.984839 -0.0123664 0.173031 1.01792 2.13359 -2.37108</i>
                        <i>-0.0279298 0.998855 -0.0388357 -0.154066 -0.042688 -0.987138 -0.987666 -0.0215873 0.155082 0.999659 2.11069 -2.38568</i>
                        <i>-0.0407193 0.998455 -0.0378099 -0.13392 -0.0429535 -0.990061 -0.990155 -0.0352511 0.135462 0.977865 2.07617 -2.40388</i>
                        <i>-0.058181 0.997622 -0.036963 -0.113021 -0.04337 -0.992646 -0.991888 -0.0535756 0.115275 0.953303 2.0324 -2.42472</i>
                        <i>-0.0807645 0.99603 -0.0374432 -0.0925305 -0.0448961 -0.994697 -0.992429 -0.0768716 0.0957892 0.926746 1.98171 -2.44726</i>
                        <i>-0.108674 0.993256 -0.0404032 -0.0736393 -0.048576 -0.996101 -0.991346 -0.105275 0.0784216 0.898994 1.92648 -2.47058</i>
                        <i>-0.141529 0.988827 -0.0468013 -0.0574904 -0.0554075 -0.996807 -0.988263 -0.138386 0.0646898 0.870871 1.86908 -2.49377</i>
                        <i>-0.178079 0.982357 -0.0571146 -0.0450565 -0.0661217 -0.996794 -0.982984 -0.174935 0.0560365 0.843235 1.81194 -2.51595</i>
                        <i>-0.21616 0.97377 -0.0710448 -0.0369527 -0.0808724 -0.996039 -0.975658 -0.212678 0.0534648 0.816977 1.75748 -2.53625</i>
                        <i>-0.252932 0.963533 -0.0873515 -0.0331968 -0.0988774 -0.994546 -0.966914 -0.248653 0.0569955 0.793012 1.70816 -2.55377</i>
                        <i>-0.285354 0.952772 -0.103918 -0.0329786 -0.118123 -0.992451 -0.957855 -0.279773 0.0651279 0.772277 1.66643 -2.56762</i>
                        <i>-0.31064 0.943169 -0.118048 -0.0345749 -0.135322 -0.990198 -0.949899 -0.303513 0.0746463 0.755722 1.63479 -2.57688</i>
                        <i>-0.31111 0.943263 -0.116043 -0.0355955 -0.133582 -0.990398 -0.949707 -0.303992 0.0751347 0.755857 1.63475 -2.5736</i>
                        <i>-0.312403 0.943464 -0.110819 -0.0383324 -0.129083 -0.990893 -0.949176 -0.30531 0.076491 0.756214 1.63463 -2.56493</i>
                        <i>-0.314339 0.943643 -0.103579 -0.0423185 -0.12293 -0.991513 -0.948367 -0.307288 0.0785754 0.756718 1.63439 -2.5526</i>
                        <i>-0.316729 0.943696 -0.095507 -0.047063 -0.116202 -0.99211 -0.947348 -0.309735 0.0812177 0.757293 1.63399 -2.53836</i>
                        <i>-0.319372 0.943561 -0.0877205 -0.0520073 -0.109881 -0.992583 -0.946201 -0.312441 0.084165 0.757867 1.63341 -2.52394</i>
                        <i>-0.322067 0.943224 -0.0812552 -0.0565042 -0.104827 -0.992884 -0.945029 -0.315184 0.0870573 0.758366 1.63267 -2.51106</i>
                        <i>-0.324615 0.942701 -0.0770712 -0.0598256 -0.101785 -0.993006 -0.943952 -0.317734 0.0894385 0.758717 1.63177 -2.50144</i>
                        <i>-0.326831 0.942015 -0.0760888 -0.0612021 -0.101438 -0.992958 -0.943099 -0.319872 0.0908062 0.758847 1.63074 -2.49678</i>
                        <i>-0.327433 0.941672 -0.0777315 -0.0598745 -0.102779 -0.9929 -0.942976 -0.320454 0.0900355 0.758611 1.62969 -2.49703</i>
                        <i>-0.326271 0.94181 -0.0808738 -0.0564421 -0.104813 -0.992889 -0.94359 -0.319386 0.0873552 0.75803 1.62864 -2.50033</i>
                        <i>-0.324857 0.941881 -0.0856071 -0.0521373 -0.108214 -0.99276 -0.944325 -0.318042 0.0842611 0.757279 1.62741 -2.50568</i>
                        <i>-0.324682 0.941355 -0.0918294 -0.0479169 -0.113336 -0.992401 -0.944609 -0.317815 0.0819049 0.756537 1.62588 -2.51209</i>
                        <i>-0.327184 0.939741 -0.0991838 -0.0444381 -0.120146 -0.991761 -0.943915 -0.320081 0.0810702 0.755981 1.62396 -2.51851</i>
                        <i>-0.332949 0.936855 -0.106996 -0.0417901 -0.12802 -0.990891 -0.942018 -0.325445 0.0817753 0.755636 1.62167 -2.52389</i>
                        <i>-0.340662 0.933172 -0.114626 -0.0396712 -0.136077 -0.989904 -0.939348 -0.332676 0.0833762 0.755389 1.61924 -2.52802</i>
                        <i>-0.348867 0.929246 -0.121628 -0.0380862 -0.143732 -0.988883 -0.936398 -0.340356 0.0855349 0.755216 1.61688 -2.53113</i>
                        <i>-0.356055 0.925729 -0.12748 -0.0369818 -0.150273 -0.987953 -0.933733 -0.347051 0.0877406 0.755094 1.61483 -2.53346</i>
                        <i>-0.360678 0.923364 -0.131571 -0.0361879 -0.154815 -0.987281 -0.931988 -0.351329 0.0892528 0.755006 1.61339 -2.53525</i>
                        <i>-0.362964 0.922118 -0.133998 -0.0356087 -0.157426 -0.986889 -0.931123 -0.353433 0.0899753 0.754943 1.61256 -2.53654</i>
                        <i>-0.36429 0.921389 -0.135405 -0.0352733 -0.158942 -0.986658 -0.930617 -0.354653 0.0904016 0.754906 1.61207 -2.53729</i>
