<?xml version="1.0" encoding="ISO-8859-1" ?>
<Animl Version="1">
    <ModellingPackage><![CDATA[Maya.2010]]></ModellingPackage>
    <SrcFile><![CDATA[anims\turrets\mortar\red\~src\mortar_2s12sani\mortar_2s12sani_aim_down_crewman_b.mb]]></SrcFile>
    <FramesPerSecond>30</FramesPerSecond>
    <TotalFrames>30</TotalFrames>
    <Skeleton>
        <RefFrame>
            <Name><![CDATA[soldier_ref_frame]]></Name>
            <Exclude>0</Exclude>
            <Additive>0</Additive>
            <IKPriority>0</IKPriority>
            <IKRotLimits>-1e+010 -1e+010 -1e+010 1e+010 1e+010 1e+010</IKRotLimits>
            <IKRotLimitOrder>0</IKRotLimitOrder>
            <KeyFrames count="30">
                <i>1 0 0 0 1 0 0 0 1 -1.12 2.66 0.16</i>
                <i>1 0 0 0 1 0 0 0 1 -1.12 2.66 0.16</i>
                <i>1 0 0 0 1 0 0 0 1 -1.12 2.66 0.16</i>
                <i>1 0 0 0 1 0 0 0 1 -1.12 2.66 0.16</i>
                <i>1 0 0 0 1 0 0 0 1 -1.12 2.66 0.16</i>
                <i>1 0 0 0 1 0 0 0 1 -1.12 2.66 0.16</i>
                <i>1 0 0 0 1 0 0 0 1 -1.12 2.66 0.16</i>
                <i>1 0 0 0 1 0 0 0 1 -1.12 2.66 0.16</i>
                <i>1 0 0 0 1 0 0 0 1 -1.12 2.66 0.16</i>
                <i>1 0 0 0 1 0 0 0 1 -1.12 2.66 0.16</i>
                <i>1 0 0 0 1 0 0 0 1 -1.12 2.66 0.16</i>
                <i>1 0 0 0 1 0 0 0 1 -1.12 2.66 0.16</i>
                <i>1 0 0 0 1 0 0 0 1 -1.12 2.66 0.16</i>
                <i>1 0 0 0 1 0 0 0 1 -1.12 2.66 0.16</i>
                <i>1 0 0 0 1 0 0 0 1 -1.12 2.66 0.16</i>
                <i>1 0 0 0 1 0 0 0 1 -1.12 2.66 0.16</i>
                <i>1 0 0 0 1 0 0 0 1 -1.12 2.66 0.16</i>
                <i>1 0 0 0 1 0 0 0 1 -1.12 2.66 0.16</i>
                <i>1 0 0 0 1 0 0 0 1 -1.12 2.66 0.16</i>
                <i>1 0 0 0 1 0 0 0 1 -1.12 2.66 0.16</i>
                <i>1 0 0 0 1 0 0 0 1 -1.12 2.66 0.16</i>
                <i>1 0 0 0 1 0 0 0 1 -1.12 2.66 0.16</i>
                <i>1 0 0 0 1 0 0 0 1 -1.12 2.66 0.16</i>
                <i>1 0 0 0 1 0 0 0 1 -1.12 2.66 0.16</i>
                <i>1 0 0 0 1 0 0 0 1 -1.12 2.66 0.16</i>
                <i>1 0 0 0 1 0 0 0 1 -1.12 2.66 0.16</i>
                <i>1 0 0 0 1 0 0 0 1 -1.12 2.66 0.16</i>
                <i>1 0 0 0 1 0 0 0 1 -1.12 2.66 0.16</i>
                <i>1 0 0 0 1 0 0 0 1 -1.12 2.66 0.16</i>
                <i>1 0 0 0 1 0 0 0 1 -1.12 2.66 0.16</i>
            </KeyFrames>
        </RefFrame>
        <Bones count="23">
            <i>
                <p>
                    <Name><![CDATA[pelvis]]></Name>
                    <Exclude>0</Exclude>
                    <Additive>0</Additive>
                    <IKPriority>0</IKPriority>
                    <IKRotLimits>-1e+010 -1e+010 -1e+010 1e+010 1e+010 1e+010</IKRotLimits>
                    <IKRotLimitOrder>2</IKRotLimitOrder>
                    <KeyFrames count="30">
                        <i>1 0 0 0 1 0 0 0 1 -1.20502 3.66963 0.159531</i>
                        <i>1 0 0 0 1 0 0 0 1 -1.20502 3.66936 0.159531</i>
                        <i>1 0 0 0 1 0 0 0 1 -1.20502 3.66861 0.159531</i>
                        <i>1 0 0 0 1 0 0 0 1 -1.20502 3.66747 0.159531</i>
                        <i>1 0 0 0 1 0 0 0 1 -1.20502 3.66604 0.159531</i>
                        <i>1 0 0 0 1 0 0 0 1 -1.20502 3.66442 0.159531</i>
                        <i>1 0 0 0 1 0 0 0 1 -1.20502 3.66271 0.159531</i>
                        <i>1 0 0 0 1 0 0 0 1 -1.20502 3.66099 0.159531</i>
                        <i>1 0 0 0 1 0 0 0 1 -1.20502 3.65937 0.159531</i>
                        <i>1 0 0 0 1 0 0 0 1 -1.20502 3.65795 0.159531</i>
                        <i>1 0 0 0 1 0 0 0 1 -1.20502 3.65681 0.159531</i>
                        <i>1 0 0 0 1 0 0 0 1 -1.20502 3.65606 0.159531</i>
                        <i>1 0 0 0 1 0 0 0 1 -1.20502 3.65578 0.159531</i>
                        <i>1 0 0 0 1 0 0 0 1 -1.20502 3.65592 0.159531</i>
                        <i>1 0 0 0 1 0 0 0 1 -1.20502 3.65631 0.159531</i>
                        <i>1 0 0 0 1 0 0 0 1 -1.20502 3.65693 0.159531</i>
                        <i>1 0 0 0 1 0 0 0 1 -1.20502 3.65772 0.159531</i>
                        <i>1 0 0 0 1 0 0 0 1 -1.20502 3.65867 0.159531</i>
                        <i>1 0 0 0 1 0 0 0 1 -1.20502 3.65974 0.159531</i>
                        <i>1 0 0 0 1 0 0 0 1 -1.20502 3.66089 0.159531</i>
                        <i>1 0 0 0 1 0 0 0 1 -1.20502 3.6621 0.159531</i>
                        <i>1 0 0 0 1 0 0 0 1 -1.20502 3.66332 0.159531</i>
                        <i>1 0 0 0 1 0 0 0 1 -1.20502 3.66452 0.159531</i>
                        <i>1 0 0 0 1 0 0 0 1 -1.20502 3.66567 0.159531</i>
                        <i>1 0 0 0 1 0 0 0 1 -1.20502 3.66674 0.159531</i>
                        <i>1 0 0 0 1 0 0 0 1 -1.20502 3.66769 0.159531</i>
                        <i>1 0 0 0 1 0 0 0 1 -1.20502 3.66849 0.159531</i>
                        <i>1 0 0 0 1 0 0 0 1 -1.20502 3.6691 0.159531</i>
                        <i>1 0 0 0 1 0 0 0 1 -1.20502 3.66949 0.159531</i>
                        <i>1 0 0 0 1 0 0 0 1 -1.20502 3.66963 0.159531</i>
                    </KeyFrames>
                </p>
            </i>
            <i>
                <p>
                    <Name><![CDATA[spine0]]></Name>
                    <Exclude>0</Exclude>
                    <Additive>0</Additive>
                    <IKPriority>0</IKPriority>
                    <IKRotLimits>-1e+010 -1e+010 -1e+010 1e+010 1e+010 1e+010</IKRotLimits>
                    <IKRotLimitOrder>0</IKRotLimitOrder>
                    <KeyFrames count="30">
                        <i>0.0337355 0.998007 0.0533374 -0.915866 0.00950804 0.401371 0.400064 -0.0623904 0.914361 -1.22115 3.80614 0.117105</i>
                        <i>0.0365022 0.997545 0.0597618 -0.915942 0.00948084 0.401198 0.399647 -0.069383 0.91404 -1.21967 3.80703 0.120441</i>
                        <i>0.0375164 0.99735 0.0623293 -0.916009 0.00939327 0.401048 0.3994 -0.0721401 0.913934 -1.21841 3.80718 0.123269</i>
                        <i>0.0370786 0.997406 0.0617004 -0.916068 0.00925392 0.400916 0.399304 -0.0713871 0.914035 -1.21738 3.80673 0.125612</i>
                        <i>0.035484 0.997655 0.0585252 -0.916121 0.00907205 0.4008 0.399329 -0.0678381 0.914294 -1.21654 3.80582 0.127496</i>
                        <i>0.0330252 0.998024 0.053448 -0.916167 0.00885749 0.4007 0.399435 -0.0622004 0.914649 -1.2159 3.80458 0.12895</i>
                        <i>0.0299941 0.998439 0.0471116 -0.916206 0.00862058 0.400615 0.399584 -0.0551801 0.915034 -1.21543 3.80312 0.130005</i>
                        <i>0.0266839 0.998837 0.0401612 -0.916238 0.00837209 0.400548 0.399746 -0.0474854 0.915395 -1.21512 3.80157 0.130693</i>
                        <i>0.02339 0.999173 0.0332458 -0.916262 0.00812316 0.400498 0.399897 -0.0398295 0.915694 -1.21497 3.80004 0.13105</i>
                        <i>0.0204103 0.999426 0.0270206 -0.916277 0.00788515 0.400467 0.400024 -0.032932 0.915913 -1.21494 3.79862 0.131108</i>
                        <i>0.0177637 0.999611 0.0215027 -0.916284 0.00766865 0.400457 0.400136 -0.0268161 0.916063 -1.21504 3.79743 0.130876</i>
                        <i>0.0153 0.99975 0.0163251 -0.91628 0.00748329 0.400469 0.400247 -0.0210855 0.916165 -1.21527 3.79656 0.130359</i>
                        <i>0.0131017 0.999846 0.0116522 -0.916265 0.00733901 0.400504 0.400357 -0.0159237 0.916221 -1.21561 3.7961 0.129592</i>
                        <i>0.0112522 0.999907 0.0076513 -0.916241 0.00724557 0.400561 0.400468 -0.0115176 0.916238 -1.21605 3.79599 0.128608</i>
                        <i>0.00983651 0.999942 0.00449305 -0.916209 0.00721263 0.400637 0.400581 -0.00805744 0.916226 -1.21657 3.79608 0.127439</i>
                        <i>0.0089019 0.999958 0.00227954 -0.916168 0.00724247 0.400728 0.400695 -0.00565569 0.916194 -1.21715 3.79633 0.126119</i>
                        <i>0.00843306 0.999964 0.00099907 -0.916123 0.00732552 0.400831 0.40081 -0.0042955 0.916151 -1.21779 3.79672 0.124681</i>
                        <i>0.0084224 0.999964 0.000653714 -0.916074 0.0074537 0.400941 0.400922 -0.00397573 0.916104 -1.21846 3.79721 0.123159</i>
                        <i>0.00886174 0.99996 0.00124431 -0.916023 0.00761883 0.401053 0.401027 -0.00469384 0.916054 -1.21916 3.79779 0.121586</i>
                        <i>0.00974211 0.999949 0.00277014 -0.915973 0.00781264 0.401163 0.401121 -0.00644555 0.916002 -1.21987 3.79842 0.119993</i>
                        <i>0.0110536 0.999925 0.00522888 -0.915925 0.00802672 0.401269 0.401197 -0.00922475 0.915945 -1.22057 3.79908 0.118413</i>
                        <i>0.012728 0.999883 0.00848551 -0.91588 0.00825251 0.401368 0.401251 -0.0128803 0.915878 -1.22126 3.79975 0.116877</i>
                        <i>0.0146571 0.999817 0.0123139 -0.915838 0.00848155 0.401458 0.40128 -0.0171617 0.915795 -1.22191 3.80041 0.115416</i>
                        <i>0.0167507 0.999723 0.0165293 -0.915801 0.00870558 0.401538 0.401283 -0.0218636 0.915693 -1.22252 3.80103 0.114036</i>
                        <i>0.0189979 0.999596 0.0211277 -0.915771 0.00891643 0.401603 0.401252 -0.0269777 0.91557 -1.22305 3.80162 0.112857</i>
                        <i>0.0214371 0.999426 0.0262176 -0.915751 0.00910623 0.401642 0.401173 -0.0326188 0.915421 -1.22339 3.80226 0.112082</i>
                        <i>0.0240971 0.999201 0.0318856 -0.915747 0.00926745 0.401648 0.401031 -0.0388777 0.915239 -1.22347 3.80298 0.111912</i>
                        <i>0.0270043 0.998905 0.0382137 -0.915762 0.00939282 0.401611 0.400812 -0.0458399 0.915013 -1.22318 3.80386 0.11255</i>
                        <i>0.0301959 0.998517 0.045308 -0.9158 0.0094753 0.401522 0.400497 -0.0536174 0.914728 -1.22244 3.80491 0.114207</i>
                        <i>0.0337355 0.998007 0.0533374 -0.915866 0.00950804 0.401371 0.400064 -0.0623904 0.914361 -1.22115 3.80614 0.117105</i>
                    </KeyFrames>
                </p>
            </i>
            <i>
                <p>
                    <Name><![CDATA[spine1]]></Name>
                    <Exclude>0</Exclude>
                    <Additive>0</Additive>
                    <IKPriority>0</IKPriority>
                    <IKRotLimits>-1e+010 -1e+010 -1e+010 1e+010 1e+010 1e+010</IKRotLimits>
                    <IKRotLimitOrder>0</IKRotLimitOrder>
                    <KeyFrames count="30">
                        <i>0.121881 0.960747 0.249218 -0.8976 -0.000476202 0.44081 0.423625 -0.277425 0.862309 -1.21527 3.98046 0.126403</i>
                        <i>0.117811 0.963593 0.240019 -0.897674 -1.12817e-005 0.44066 0.42462 -0.267373 0.864991 -1.21334 3.98023 0.130805</i>
                        <i>0.111802 0.967596 0.226405 -0.897704 0.000632126 0.440598 0.426178 -0.252504 0.868685 -1.21194 3.97948 0.13403</i>
                        <i>0.104325 0.972236 0.20946 -0.8977 0.00140216 0.440606 0.428079 -0.233998 0.872922 -1.211 3.97833 0.136224</i>
                        <i>0.0958687 0.977032 0.190307 -0.89767 0.00224876 0.440663 0.430115 -0.213079 0.877268 -1.21045 3.97691 0.137533</i>
                        <i>0.0869373 0.981585 0.170099 -0.897624 0.00312312 0.440751 0.432103 -0.191003 0.881365 -1.21024 3.97533 0.138097</i>
                        <i>0.0780434 0.9856 0.150005 -0.897572 0.00397707 0.440851 0.433906 -0.169046 0.884957 -1.2103 3.97369 0.138057</i>
                        <i>0.0697027 0.988903 0.131195 -0.897521 0.00476267 0.440946 0.435429 -0.148485 0.887893 -1.21057 3.97208 0.137554</i>
                        <i>0.0624286 0.991422 0.11483 -0.897479 0.00543203 0.441024 0.436617 -0.13059 0.890119 -1.21097 3.97058 0.136729</i>
                        <i>0.0567294 0.99316 0.102058 -0.897451 0.00593713 0.441074 0.437451 -0.116614 0.891649 -1.21145 3.96928 0.135726</i>
                        <i>0.0525647 0.994299 0.0927689 -0.897436 0.0062891 0.441099 0.438001 -0.10644 0.892651 -1.21201 3.96828 0.134554</i>
                        <i>0.0494948 0.99507 0.0859388 -0.897429 0.00654182 0.44111 0.438373 -0.0989567 0.893329 -1.21265 3.96764 0.133155</i>
                        <i>0.047546 0.995529 0.0816157 -0.897427 0.00669736 0.441112 0.438593 -0.0942172 0.893733 -1.21337 3.96745 0.13159</i>
                        <i>0.0467418 0.995711 0.079841 -0.897428 0.00675779 0.441109 0.438678 -0.0922698 0.893895 -1.21412 3.96763 0.12992</i>
                        <i>0.0471032 0.995629 0.0806518 -0.897429 0.00672498 0.441108 0.438637 -0.0931569 0.893823 -1.21487 3.96802 0.128209</i>
                        <i>0.0486287 0.995275 0.0840444 -0.897427 0.00659888 0.441113 0.438474 -0.0968745 0.893508 -1.21562 3.96858 0.126507</i>
                        <i>0.0512822 0.994625 0.0899511 -0.897423 0.00637648 0.441125 0.43818 -0.103346 0.892927 -1.21634 3.96929 0.124848</i>
                        <i>0.0550308 0.993633 0.0983108 -0.897416 0.00605494 0.441144 0.43774 -0.112502 0.892035 -1.21701 3.97011 0.123264</i>
                        <i>0.0598408 0.992232 0.10906 -0.897407 0.00563126 0.441169 0.437128 -0.124271 0.890773 -1.21763 3.97104 0.121791</i>
                        <i>0.0656773 0.990338 0.122135 -0.897395 0.00510231 0.441198 0.436312 -0.13858 0.88906 -1.21818 3.97203 0.120462</i>
                        <i>0.0725046 0.987849 0.137467 -0.897385 0.00446479 0.441227 0.435252 -0.155352 0.886804 -1.21866 3.97308 0.119309</i>
                        <i>0.0800834 0.984738 0.154522 -0.897374 0.00373817 0.441254 0.433942 -0.174002 0.883978 -1.21904 3.97416 0.118341</i>
                        <i>0.0880426 0.981073 0.172464 -0.897365 0.0029573 0.441279 0.432417 -0.193615 0.880641 -1.21935 3.97524 0.117551</i>
                        <i>0.0962079 0.976883 0.190905 -0.897357 0.00213614 0.4413 0.43069 -0.213766 0.876818 -1.21959 3.97629 0.116913</i>
                        <i>0.104169 0.97237 0.208914 -0.897354 0.00131696 0.441309 0.42884 -0.23344 0.872698 -1.21972 3.97728 0.116546</i>
                        <i>0.111367 0.967921 0.225226 -0.897362 0.000563251 0.441294 0.427011 -0.251255 0.868638 -1.21963 3.9782 0.116672</i>
                        <i>0.117274 0.964001 0.238638 -0.897388 -5.9821e-005 0.441243 0.425373 -0.265897 0.865076 -1.21923 3.97902 0.117503</i>
                        <i>0.12137 0.961136 0.247965 -0.897436 -0.000485545 0.441145 0.424121 -0.276074 0.862499 -1.21844 3.9797 0.119252</i>
                        <i>0.123111 0.959875 0.25196 -0.897508 -0.000646563 0.440997 0.423465 -0.280427 0.861416 -1.21715 3.9802 0.122138</i>
                        <i>0.121881 0.960747 0.249218 -0.8976 -0.000476202 0.44081 0.423625 -0.277425 0.862309 -1.21527 3.98046 0.126403</i>
                    </KeyFrames>
                </p>
            </i>
            <i>
                <p>
                    <Name><![CDATA[spine2]]></Name>
                    <Exclude>0</Exclude>
                    <Additive>0</Additive>
                    <IKPriority>0</IKPriority>
                    <IKRotLimits>-1e+010 -1e+010 -1e+010 1e+010 1e+010 1e+010</IKRotLimits>
                    <IKRotLimitOrder>0</IKRotLimitOrder>
                    <KeyFrames count="30">
                        <i>0.218373 0.880425 0.420909 -0.878056 -0.0109412 0.478433 0.42583 -0.474058 0.770674 -1.19561 4.13485 0.166496</i>
                        <i>0.218981 0.879767 0.421969 -0.878071 -0.0109029 0.478406 0.425487 -0.475281 0.77011 -1.19445 4.13419 0.16918</i>
                        <i>0.218119 0.88125 0.419312 -0.878015 -0.0103689 0.478521 0.426045 -0.472537 0.771489 -1.1941 4.13332 0.170038</i>
                        <i>0.216078 0.884418 0.413662 -0.877901 -0.00943635 0.47875 0.427318 -0.466601 0.774392 -1.19443 4.13229 0.169393</i>
                        <i>0.213148 0.88878 0.405755 -0.877745 -0.0082029 0.479057 0.429105 -0.45826 0.778374 -1.19527 4.13116 0.167566</i>
                        <i>0.209629 0.893848 0.396347 -0.877566 -0.00676709 0.479408 0.4312 -0.448319 0.782992 -1.19651 4.12996 0.164873</i>
                        <i>0.205831 0.899151 0.386214 -0.877379 -0.00522895 0.479769 0.433404 -0.437608 0.78782 -1.19799 4.12873 0.161629</i>
                        <i>0.202071 0.904255 0.376152 -0.877201 -0.00369005 0.480109 0.435529 -0.426977 0.792468 -1.19957 4.12753 0.158149</i>
                        <i>0.198676 0.908767 0.366974 -0.877045 -0.00225324 0.480403 0.437401 -0.417297 0.796582 -1.20112 4.12642 0.15475</i>
                        <i>0.195976 0.912332 0.359505 -0.876923 -0.00102262 0.480629 0.438861 -0.40945 0.799845 -1.20249 4.12547 0.151747</i>
                        <i>0.193858 0.915116 0.353529 -0.876833 6.93833e-006 0.480794 0.43998 -0.403191 0.802405 -1.20369 4.12479 0.14913</i>
                        <i>0.191875 0.917629 0.348052 -0.876766 0.000921385 0.480917 0.440983 -0.397436 0.804723 -1.20481 4.12447 0.146676</i>
                        <i>0.190023 0.919875 0.343106 -0.87672 0.00169897 0.480999 0.441876 -0.392209 0.806795 -1.20582 4.12459 0.144451</i>
                        <i>0.188293 0.921854 0.338719 -0.876695 0.00231828 0.481042 0.442665 -0.38753 0.808621 -1.20668 4.12505 0.142526</i>
                        <i>0.186676 0.923573 0.33491 -0.876688 0.00275823 0.481052 0.443363 -0.383412 0.8102 -1.20737 4.12569 0.140968</i>
                        <i>0.185235 0.924973 0.331832 -0.876697 0.0029983 0.481033 0.443948 -0.38002 0.811477 -1.20786 4.12647 0.139832</i>
                        <i>0.184154 0.925896 0.329854 -0.876721 0.00301881 0.480991 0.444352 -0.377766 0.812308 -1.20814 4.12736 0.13914</i>
                        <i>0.183597 0.926199 0.329313 -0.876757 0.00280072 0.480926 0.444511 -0.377024 0.812565 -1.2082 4.12832 0.138919</i>
                        <i>0.183723 0.925738 0.330539 -0.876805 0.00232569 0.48084 0.444363 -0.378159 0.812119 -1.20803 4.12932 0.139197</i>
                        <i>0.18469 0.924356 0.333851 -0.876868 0.00157616 0.480729 0.443839 -0.381529 0.810829 -1.20763 4.13034 0.139999</i>
                        <i>0.186648 0.92188 0.339559 -0.876948 0.000535459 0.480586 0.44286 -0.387476 0.80854 -1.20698 4.13133 0.141351</i>
                        <i>0.189487 0.918385 0.347366 -0.877045 -0.000750211 0.480407 0.44146 -0.395686 0.805323 -1.20612 4.13227 0.14318</i>
                        <i>0.192925 0.914127 0.356583 -0.877157 -0.00219369 0.480199 0.439745 -0.405422 0.801409 -1.20511 4.13314 0.145345</i>
                        <i>0.196892 0.909143 0.367005 -0.877284 -0.00375802 0.479958 0.437729 -0.416467 0.796837 -1.204 4.13389 0.147758</i>
                        <i>0.201183 0.903635 0.378112 -0.877423 -0.00537036 0.479687 0.435492 -0.428269 0.79179 -1.2028 4.13451 0.150382</i>
                        <i>0.20552 0.897929 0.38921 -0.87757 -0.00693583 0.479398 0.433165 -0.440085 0.786571 -1.20151 4.13498 0.153215</i>
                        <i>0.209653 0.892366 0.399662 -0.877718 -0.00836441 0.479105 0.43088 -0.451236 0.781491 -1.20014 4.13526 0.156248</i>
                        <i>0.213341 0.88731 0.40886 -0.877857 -0.00956865 0.478828 0.428781 -0.461075 0.77689 -1.1987 4.13535 0.159474</i>
                        <i>0.216341 0.883171 0.41618 -0.877975 -0.0104596 0.478592 0.427031 -0.468935 0.773139 -1.19719 4.13523 0.162889</i>
                        <i>0.218373 0.880425 0.420909 -0.878056 -0.0109412 0.478433 0.42583 -0.474058 0.770674 -1.19561 4.13485 0.166496</i>
                    </KeyFrames>
                </p>
            </i>
            <i>
                <p>
                    <Name><![CDATA[head]]></Name>
                    <Exclude>0</Exclude>
                    <Additive>0</Additive>
                    <IKPriority>0</IKPriority>
                    <IKRotLimits>-1e+010 -1e+010 -1e+010 1e+010 1e+010 1e+010</IKRotLimits>
                    <IKRotLimitOrder>0</IKRotLimitOrder>
                    <KeyFrames count="30">
                        <i>0.0440822 0.982737 0.179677 -0.0446802 0.181611 -0.982355 -0.998028 0.0352764 0.0519147 -1.14233 4.36817 0.267428</i>
                        <i>0.0500626 0.976841 0.208027 -0.0426388 0.210189 -0.976731 -0.997835 0.0400277 0.0521739 -1.14062 4.36609 0.271367</i>
                        <i>0.0545412 0.971516 0.230612 -0.0409005 0.232936 -0.971632 -0.997673 0.0435618 0.05244 -1.14006 4.36435 0.272591</i>
                        <i>0.0577432 0.967003 0.248134 -0.0395196 0.250567 -0.967292 -0.997549 0.0460484 0.0526842 -1.14043 4.36295 0.271591</i>
                        <i>0.0598841 0.963405 0.261277 -0.038504 0.263781 -0.963814 -0.997462 0.047657 0.0528912 -1.14155 4.36183 0.268848</i>
                        <i>0.0611699 0.960716 0.270707 -0.0378267 0.273252 -0.961199 -0.99741 0.0485564 0.0530555 -1.14319 4.36094 0.26484</i>
                        <i>0.0617986 0.958859 0.277075 -0.0374378 0.279637 -0.959375 -0.997386 0.048915 0.0531788 -1.14517 4.36023 0.260041</i>
                        <i>0.0619628 0.9577 0.281018 -0.0372722 0.283583 -0.958223 -0.997382 0.0489 0.0532671 -1.14728 4.35966 0.254926</i>
                        <i>0.0618514 0.957075 0.283164 -0.0372566 0.285724 -0.957588 -0.99739 0.0486784 0.0533297 -1.14932 4.35922 0.249974</i>
                        <i>0.0616535 0.956798 0.284142 -0.0373137 0.286694 -0.957295 -0.9974 0.0484182 0.0533773 -1.15108 4.3589 0.245668</i>
                        <i>0.0612047 0.95694 0.28376 -0.037488 0.286296 -0.957408 -0.997421 0.0479603 0.0533964 -1.1526 4.35883 0.241928</i>
                        <i>0.0600405 0.958146 0.279912 -0.0379922 0.282409 -0.958542 -0.997473 0.0469169 0.053358 -1.15409 4.35921 0.238291</i>
                        <i>0.0580907 0.960649 0.271624 -0.0388756 0.274054 -0.960928 -0.997554 0.0452614 0.0532658 -1.15552 4.36012 0.234827</i>
                        <i>0.0553373 0.964191 0.25937 -0.0400802 0.261704 -0.964316 -0.997663 0.042967 0.053127 -1.15687 4.36144 0.231607</i>
                        <i>0.05176 0.968489 0.24362 -0.0415372 0.245823 -0.968424 -0.997795 0.0400064 0.052952 -1.15811 4.36299 0.2287</i>
                        <i>0.047471 0.973182 0.225085 -0.0431364 0.227126 -0.972909 -0.997941 0.0364756 0.0527615 -1.1592 4.3647 0.226207</i>
                        <i>0.0428004 0.97785 0.204883 -0.0447252 0.20674 -0.977373 -0.998082 0.0326685 0.0525832 -1.16006 4.36647 0.224277</i>
                        <i>0.0380625 0.98217 0.184102 -0.046185 0.185768 -0.981508 -0.998207 0.0288559 0.0524323 -1.16064 4.36822 0.223053</i>
                        <i>0.033581 0.985913 0.163854 -0.0474293 0.165334 -0.985097 -0.99831 0.025309 0.0523132 -1.16087 4.36986 0.222681</i>
                        <i>0.0296867 0.988947 0.145263 -0.0484044 0.146579 -0.988014 -0.998387 0.0222995 0.0522209 -1.16068 4.3713 0.223306</i>
                        <i>0.0267153 0.991224 0.129466 -0.049084 0.130657 -0.990212 -0.998437 0.0200991 0.0521437 -1.16 4.37247 0.225071</i>
                        <i>0.0247304 0.992827 0.116973 -0.0495036 0.118082 -0.991769 -0.998468 0.0187363 0.0520688 -1.15889 4.37333 0.227865</i>
                        <i>0.0236087 0.993885 0.107868 -0.049721 0.108932 -0.992805 -0.998484 0.0180755 0.0519887 -1.15745 4.37392 0.231408</i>
                        <i>0.0234052 0.994443 0.102645 -0.049752 0.103705 -0.993363 -0.998487 0.0181431 0.0519027 -1.15574 4.3742 0.235584</i>
                        <i>0.0241722 0.994512 0.101795 -0.0496004 0.102893 -0.993455 -0.998477 0.0189649 0.0518153 -1.1538 4.37415 0.240276</i>
                        <i>0.0259586 0.994048 0.105802 -0.0492525 0.106981 -0.99304 -0.998449 0.0205669 0.0517364 -1.15168 4.37375 0.24537</i>
                        <i>0.0288091 0.992931 0.115142 -0.0486712 0.116446 -0.992004 -0.998399 0.0229747 0.051682 -1.14942 4.37297 0.250748</i>
                        <i>0.0327624 0.990936 0.130278 -0.0477903 0.131752 -0.99013 -0.99832 0.026213 0.0516737 -1.14708 4.37179 0.256294</i>
                        <i>0.0378481 0.987709 0.151654 -0.0465078 0.15334 -0.987079 -0.998201 0.030306 0.0517398 -1.1447 4.37019 0.261892</i>
                        <i>0.0440822 0.982737 0.179677 -0.0446802 0.181611 -0.982355 -0.998028 0.0352764 0.0519147 -1.14233 4.36817 0.267428</i>
                    </KeyFrames>
                </p>
            </i>
            <i>
                <p>
                    <Name><![CDATA[head_prop]]></Name>
                    <Exclude>0</Exclude>
                    <Additive>0</Additive>
                    <IKPriority>0</IKPriority>
                    <IKRotLimits>-1e+010 -1e+010 -1e+010 1e+010 1e+010 1e+010</IKRotLimits>
                    <IKRotLimitOrder>0</IKRotLimitOrder>
                    <KeyFrames count="30">
                        <i>0.998028 -0.0352764 -0.0519147 0.0440822 0.982737 0.179677 0.0446802 -0.181611 0.982355 -1.12796 4.68845 0.325986</i>
                        <i>0.997835 -0.0400277 -0.0521739 0.0500626 0.976841 0.208027 0.0426388 -0.210189 0.976731 -1.1243 4.68445 0.339165</i>
                        <i>0.997673 -0.0435618 -0.05244 0.0545412 0.971516 0.230612 0.0409005 -0.232936 0.971632 -1.12228 4.68098 0.34775</i>
                        <i>0.997549 -0.0460484 -0.0526842 0.0577432 0.967003 0.248134 0.0395196 -0.250567 0.967292 -1.12161 4.6781 0.35246</i>
                        <i>0.997462 -0.047657 -0.0528912 0.0598841 0.963405 0.261277 0.038504 -0.263781 0.963814 -1.12203 4.67581 0.354</i>
                        <i>0.99741 -0.0485564 -0.0530555 0.0611699 0.960716 0.270707 0.0378267 -0.273252 0.961199 -1.12325 4.67404 0.353066</i>
                        <i>0.997386 -0.048915 -0.0531788 0.0617986 0.958859 0.277075 0.0374378 -0.279637 0.959375 -1.12503 4.67273 0.350342</i>
                        <i>0.997382 -0.0489 -0.0532671 0.0619628 0.9577 0.281018 0.0372722 -0.283583 0.958223 -1.12708 4.67179 0.346512</i>
                        <i>0.99739 -0.0486784 -0.0533297 0.0618514 0.957075 0.283164 0.0372566 -0.285724 0.957588 -1.12916 4.67114 0.34226</i>
                        <i>0.9974 -0.0484182 -0.0533773 0.0616535 0.956798 0.284142 0.0373137 -0.286694 0.957295 -1.13099 4.67073 0.338273</i>
                        <i>0.997421 -0.0479603 -0.0533964 0.0612047 0.95694 0.28376 0.037488 -0.286296 0.957408 -1.13265 4.6707 0.334408</i>
                        <i>0.997473 -0.0469169 -0.053358 0.0600405 0.958146 0.279912 0.0379922 -0.282409 0.958542 -1.13452 4.67148 0.329517</i>
                        <i>0.997554 -0.0452614 -0.0532658 0.0580907 0.960649 0.271624 0.0388756 -0.274054 0.960928 -1.13659 4.6732 0.323352</i>
                        <i>0.997663 -0.042967 -0.053127 0.0553373 0.964191 0.25937 0.0400802 -0.261704 0.964316 -1.13884 4.67568 0.316138</i>
                        <i>0.997795 -0.0400064 -0.052952 0.05176 0.968489 0.24362 0.0415372 -0.245823 0.968424 -1.14124 4.67863 0.308097</i>
                        <i>0.997941 -0.0364756 -0.0527615 0.047471 0.973182 0.225085 0.0431364 -0.227126 0.972909 -1.14373 4.68187 0.299564</i>
                        <i>0.998082 -0.0326685 -0.0525832 0.0428004 0.97785 0.204883 0.0447252 -0.20674 0.977373 -1.14611 4.68516 0.29105</i>
                        <i>0.998207 -0.0288559 -0.0524323 0.0380625 0.98217 0.184102 0.046185 -0.185768 0.981508 -1.14824 4.68831 0.283054</i>
                        <i>0.99831 -0.025309 -0.0523132 0.033581 0.985913 0.163854 0.0474293 -0.165334 0.985097 -1.14992 4.69117 0.276083</i>
                        <i>0.998387 -0.0222995 -0.0522209 0.0296867 0.988947 0.145263 0.0484044 -0.146579 0.988014 -1.151 4.69361 0.270648</i>
                        <i>0.998437 -0.0200991 -0.0521437 0.0267153 0.991224 0.129466 0.049084 -0.130657 0.990212 -1.15129 4.69552 0.267265</i>
                        <i>0.998468 -0.0187363 -0.0520688 0.0247304 0.992827 0.116973 0.0495036 -0.118082 0.991769 -1.15083 4.6969 0.265988</i>
                        <i>0.998484 -0.0180755 -0.0519887 0.0236087 0.993885 0.107868 0.049721 -0.108932 0.992805 -1.14975 4.69783 0.266563</i>
                        <i>0.998487 -0.0181431 -0.0519027 0.0234052 0.994443 0.102645 0.049752 -0.103705 0.993363 -1.14811 4.6983 0.269037</i>
                        <i>0.998477 -0.0189649 -0.0518153 0.0241722 0.994512 0.101795 0.0496004 -0.102893 0.993455 -1.14592 4.69828 0.273452</i>
                        <i>0.998449 -0.0205669 -0.0517364 0.0259586 0.994048 0.105802 0.0492525 -0.106981 0.99304 -1.14322 4.69772 0.279852</i>
                        <i>0.998399 -0.0229747 -0.051682 0.0288091 0.992931 0.115142 0.0486712 -0.116446 0.992004 -1.14003 4.69658 0.288273</i>
                        <i>0.99832 -0.026213 -0.0516737 0.0327624 0.990936 0.130278 0.0477903 -0.131752 0.99013 -1.1364 4.69475 0.298753</i>
                        <i>0.998201 -0.030306 -0.0517398 0.0378481 0.987709 0.151654 0.0465078 -0.15334 0.987079 -1.13237 4.6921 0.311318</i>
                        <i>0.998028 -0.0352764 -0.0519147 0.0440822 0.982737 0.179677 0.0446802 -0.181611 0.982355 -1.12796 4.68845 0.325986</i>
                    </KeyFrames>
                </p>
            </i>
            <i>
                <p>
                    <Name><![CDATA[l_clav]]></Name>
                    <Exclude>0</Exclude>
                    <Additive>0</Additive>
                    <IKPriority>0</IKPriority>
                    <IKRotLimits>-1e+010 -1e+010 -1e+010 1e+010 1e+010 1e+010</IKRotLimits>
                    <IKRotLimitOrder>0</IKRotLimitOrder>
                    <KeyFrames count="30">
                        <i>0.832695 0.122194 -0.540082 0.0586714 0.950388 0.305485 0.550615 -0.286063 0.784214 -1.09277 4.17494 0.177859</i>
                        <i>0.833767 0.128993 -0.536837 0.0591238 0.945874 0.319104 0.548942 -0.297798 0.781012 -1.09208 4.17369 0.179492</i>
                        <i>0.835095 0.143032 -0.531185 0.0505633 0.941561 0.333025 0.547777 -0.304966 0.779061 -1.09228 4.17253 0.179123</i>
                        <i>0.836362 0.162161 -0.523644 0.0352714 0.937346 0.34661 0.547042 -0.308361 0.77824 -1.09318 4.17148 0.17714</i>
                        <i>0.837222 0.184274 -0.514881 0.0155393 0.933121 0.359228 0.546642 -0.308754 0.778366 -1.09464 4.17051 0.173921</i>
                        <i>0.837449 0.207291 -0.505677 -0.0063285 0.928891 0.370298 0.546479 -0.306906 0.779211 -1.09647 4.16961 0.16984</i>
                        <i>0.837008 0.229157 -0.496895 -0.0280213 0.924843 0.379316 0.546473 -0.303566 0.780522 -1.09853 4.16877 0.165272</i>
                        <i>0.836081 0.247832 -0.489436 -0.0472355 0.921353 0.385847 0.546568 -0.299481 0.782032 -1.10063 4.16799 0.160594</i>
                        <i>0.835034 0.26129 -0.484196 -0.0616855 0.918951 0.389518 0.546729 -0.295393 0.783473 -1.10261 4.16729 0.156183</i>
                        <i>0.834319 0.267503 -0.48203 -0.0691013 0.918231 0.38997 0.546934 -0.29205 0.784583 -1.10431 4.16672 0.152422</i>
                        <i>0.833974 0.267657 -0.482542 -0.0707952 0.919154 0.387484 0.547243 -0.28899 0.7855 -1.10573 4.16638 0.149291</i>
                        <i>0.833696 0.264583 -0.484713 -0.070004 0.921303 0.382492 0.547768 -0.28495 0.786609 -1.10699 4.16642 0.146505</i>
                        <i>0.833445 0.25874 -0.488286 -0.0671979 0.924508 0.375192 0.548502 -0.27989 0.787913 -1.10806 4.1669 0.144128</i>
                        <i>0.833171 0.250579 -0.492987 -0.0628479 0.928581 0.36577 0.549433 -0.273766 0.789415 -1.10891 4.16773 0.142227</i>
                        <i>0.832825 0.240551 -0.498535 -0.0574262 0.933325 0.354411 0.550549 -0.266534 0.79111 -1.1095 4.16873 0.140868</i>
                        <i>0.8324 0.22912 -0.504593 -0.0512792 0.938468 0.341537 0.551798 -0.25842 0.79293 -1.10982 4.16986 0.1401</i>
                        <i>0.831942 0.216786 -0.510761 -0.0445453 0.943641 0.327959 0.553072 -0.250091 0.794711 -1.10986 4.17107 0.139941</i>
                        <i>0.831489 0.204072 -0.516701 -0.0373813 0.948531 0.314469 0.554282 -0.242163 0.796322 -1.10961 4.17231 0.140412</i>
                        <i>0.831079 0.191529 -0.522133 -0.0299375 0.952875 0.301883 0.555347 -0.235257 0.797649 -1.10907 4.17352 0.141536</i>
                        <i>0.83075 0.179728 -0.526832 -0.0223589 0.956451 0.291034 0.556196 -0.229997 0.798591 -1.10823 4.17466 0.143333</i>
                        <i>0.83054 0.169252 -0.53062 -0.0147869 0.959073 0.282772 0.556763 -0.227007 0.799051 -1.10708 4.17566 0.145823</i>
                        <i>0.830447 0.159785 -0.533692 -0.00689484 0.96086 0.276949 0.557055 -0.226312 0.799045 -1.10568 4.17649 0.148896</i>
                        <i>0.830429 0.150788 -0.536331 0.0015898 0.962032 0.272934 0.557123 -0.227505 0.798659 -1.10411 4.17715 0.152353</i>
                        <i>0.830473 0.142519 -0.53852 0.0104448 0.962565 0.270849 0.556961 -0.230558 0.797896 -1.10242 4.1776 0.156082</i>
                        <i>0.830577 0.135234 -0.540235 0.0194461 0.962434 0.270818 0.556564 -0.23544 0.796746 -1.10067 4.17783 0.15997</i>
                        <i>0.83075 0.129186 -0.541447 0.0283681 0.961607 0.272959 0.555922 -0.242121 0.795191 -1.09891 4.17781 0.163903</i>
                        <i>0.831012 0.124623 -0.542114 0.0369831 0.960046 0.277389 0.555023 -0.250563 0.793201 -1.09719 4.17752 0.167771</i>
                        <i>0.831395 0.121784 -0.542173 0.0450611 0.9577 0.284219 0.553852 -0.260729 0.790739 -1.09556 4.17695 0.17146</i>
                        <i>0.831939 0.120901 -0.541536 0.0523693 0.954508 0.293552 0.552391 -0.272577 0.78776 -1.09407 4.17609 0.174859</i>
                        <i>0.832695 0.122194 -0.540082 0.0586714 0.950388 0.305485 0.550615 -0.286063 0.784214 -1.09277 4.17494 0.177859</i>
                    </KeyFrames>
                </p>
            </i>
            <i>
                <p>
                    <Name><![CDATA[l_shoulder]]></Name>
                    <Exclude>0</Exclude>
                    <Additive>0</Additive>
                    <IKPriority>0</IKPriority>
                    <IKRotLimits>-1e+010 -1e+010 -1e+010 1e+010 1e+010 1e+010</IKRotLimits>
                    <IKRotLimitOrder>0</IKRotLimitOrder>
                    <KeyFrames count="30">
                        <i>0.169887 -0.542436 -0.82274 0.930188 0.363947 -0.047878 0.325405 -0.757169 0.566398 -0.928247 4.19909 0.0711505</i>
                        <i>0.167384 -0.534805 -0.828231 0.932122 0.359491 -0.0437499 0.321139 -0.764689 0.558677 -0.927346 4.19918 0.0734242</i>
                        <i>0.166006 -0.53219 -0.83019 0.933457 0.356256 -0.0417212 0.317963 -0.768021 0.555917 -0.927279 4.20079 0.0741726</i>
                        <i>0.16563 -0.533399 -0.829489 0.934234 0.354265 -0.0412634 0.315869 -0.768103 0.556997 -0.927936 4.20352 0.0736793</i>
                        <i>0.166152 -0.537181 -0.82694 0.934496 0.353503 -0.0418734 0.31482 -0.765814 0.560729 -0.929221 4.20692 0.0721912</i>
                        <i>0.167423 -0.542264 -0.823359 0.934286 0.353908 -0.0431044 0.314767 -0.762036 0.565882 -0.931012 4.21057 0.0699287</i>
                        <i>0.169213 -0.547387 -0.819594 0.933662 0.35537 -0.0445793 0.315661 -0.757681 0.571208 -0.933151 4.21405 0.0670961</i>
                        <i>0.171211 -0.551333 -0.816528 0.932688 0.35774 -0.0459849 0.317458 -0.753693 0.575471 -0.935436 4.21696 0.0638916</i>
                        <i>0.173043 -0.552951 -0.815047 0.931439 0.360843 -0.0470513 0.320121 -0.751025 0.577481 -0.937629 4.21892 0.0605163</i>
                        <i>0.174329 -0.551153 -0.81599 0.929992 0.364497 -0.0475123 0.323612 -0.750581 0.57611 -0.939469 4.21958 0.0571835</i>
                        <i>0.175262 -0.547195 -0.81845 0.928355 0.368627 -0.0476583 0.327781 -0.751459 0.572598 -0.940955 4.21927 0.0539515</i>
                        <i>0.176363 -0.543544 -0.820644 0.926476 0.373266 -0.0481218 0.332475 -0.751819 0.569411 -0.942269 4.21869 0.0507362</i>
                        <i>0.177687 -0.540678 -0.822249 0.924398 0.378273 -0.0489759 0.337515 -0.751383 0.567016 -0.943388 4.21802 0.0476534</i>
                        <i>0.179269 -0.539005 -0.823004 0.922171 0.383499 -0.0502928 0.34273 -0.749935 0.565804 -0.944289 4.21723 0.0448233</i>
                        <i>0.18095 -0.539189 -0.822516 0.919986 0.388454 -0.0522523 0.347683 -0.747248 0.566337 -0.944951 4.21626 0.0423683</i>
                        <i>0.182532 -0.541338 -0.820753 0.918018 0.392725 -0.0548632 0.352029 -0.743452 0.568643 -0.945355 4.21513 0.0404033</i>
                        <i>0.183921 -0.544844 -0.818118 0.916358 0.396161 -0.0578265 0.355613 -0.739054 0.572135 -0.945484 4.2139 0.0390254</i>
                        <i>0.18505 -0.549183 -0.814956 0.915082 0.398649 -0.0608564 0.358303 -0.73449 0.576318 -0.945326 4.21263 0.0383231</i>
                        <i>0.185857 -0.553869 -0.811595 0.914264 0.400085 -0.0636674 0.35997 -0.730179 0.580741 -0.944866 4.21137 0.0383736</i>
                        <i>0.186272 -0.558442 -0.808359 0.913974 0.400371 -0.0659812 0.360491 -0.726529 0.58498 -0.944089 4.21017 0.0392421</i>
                        <i>0.186217 -0.562466 -0.805578 0.914281 0.399413 -0.067531 0.359742 -0.723949 0.588629 -0.942983 4.2091 0.0409838</i>
                        <i>0.185702 -0.565605 -0.803496 0.915105 0.397399 -0.0682442 0.357908 -0.72261 0.591385 -0.941598 4.20806 0.0434497</i>
                        <i>0.184822 -0.567747 -0.802187 0.916288 0.394669 -0.0682162 0.355328 -0.722426 0.593163 -0.940032 4.20694 0.0463853</i>
                        <i>0.183606 -0.568781 -0.801734 0.917772 0.391337 -0.0674497 0.352112 -0.723425 0.593863 -0.938338 4.20576 0.049682</i>
                        <i>0.182072 -0.568572 -0.802232 0.919505 0.387506 -0.0659526 0.348369 -0.725648 0.593359 -0.936569 4.20455 0.0532309</i>
                        <i>0.18023 -0.566959 -0.803788 0.921434 0.383272 -0.0637361 0.344205 -0.72915 0.591492 -0.934774 4.20333 0.0569252</i>
                        <i>0.178086 -0.563765 -0.806507 0.923511 0.378721 -0.0608123 0.339725 -0.733988 0.588088 -0.933001 4.20214 0.0606607</i>
                        <i>0.175637 -0.558765 -0.810515 0.925691 0.373932 -0.0571916 0.335034 -0.740241 0.58292 -0.931294 4.20101 0.0643378</i>
                        <i>0.172896 -0.551735 -0.815902 0.927931 0.368983 -0.0528805 0.33023 -0.747958 0.575767 -0.929696 4.19998 0.0678631</i>
                        <i>0.169887 -0.542436 -0.82274 0.930188 0.363947 -0.047878 0.325405 -0.757169 0.566398 -0.928247 4.19909 0.0711505</i>
                    </KeyFrames>
                </p>
            </i>
            <i>
                <p>
                    <Name><![CDATA[l_elbow]]></Name>
                    <Exclude>0</Exclude>
                    <Additive>0</Additive>
                    <IKPriority>0</IKPriority>
                    <IKRotLimits>-1e+010 -1e+010 -1e+010 1e+010 1e+010 1e+010</IKRotLimits>
                    <IKRotLimitOrder>0</IKRotLimitOrder>
                    <KeyFrames count="30">
                        <i>0.365097 -0.923561 0.117218 0.930969 0.362135 -0.0464105 0.000413969 0.126071 0.992021 -0.872986 4.02265 -0.196468</i>
                        <i>0.36015 -0.926884 0.105728 0.932893 0.35766 -0.0423008 0.00139314 0.113868 0.993495 -0.8729 4.02522 -0.19598</i>
                        <i>0.356685 -0.929171 0.0970435 0.93422 0.354416 -0.0402785 0.00303192 0.105027 0.994465 -0.873281 4.02768 -0.195869</i>
                        <i>0.354634 -0.930547 0.0911984 0.934992 0.352426 -0.0398179 0.00491175 0.0993907 0.995036 -0.874061 4.03001 -0.196134</i>
                        <i>0.353924 -0.931102 0.0882467 0.935251 0.35167 -0.0404187 0.00660026 0.096838 0.995278 -0.875175 4.03218 -0.196793</i>
                        <i>0.354455 -0.930893 0.0883138 0.935042 0.352084 -0.0416372 0.00766594 0.0973357 0.995222 -0.876553 4.03418 -0.197891</i>
                        <i>0.356092 -0.929949 0.0916137 0.934419 0.353558 -0.0430992 0.0076893 0.100953 0.994861 -0.87811 4.03599 -0.199499</i>
