<?xml version="1.0" encoding="ISO-8859-1" ?>
<Animl Version="1">
    <ModellingPackage><![CDATA[Maya.2010]]></ModellingPackage>
    <SrcFile><![CDATA[anims\turrets\mortar\red\~src\mortar_m1938\mortar_m1938_idle_crewman_b.mb]]></SrcFile>
    <FramesPerSecond>30</FramesPerSecond>
    <TotalFrames>90</TotalFrames>
    <Skeleton>
        <RefFrame>
            <Name><![CDATA[soldier_ref_frame]]></Name>
            <Exclude>0</Exclude>
            <Additive>0</Additive>
            <IKPriority>0</IKPriority>
            <IKRotLimits>-1e+010 -1e+010 -1e+010 1e+010 1e+010 1e+010</IKRotLimits>
            <IKRotLimitOrder>0</IKRotLimitOrder>
            <KeyFrames count="90">
                <i>1 0 0 0 1 0 0 0 1 1.58 0.92 -1.75</i>
                <i>1 0 0 0 1 0 0 0 1 1.58 0.92 -1.75</i>
                <i>1 0 0 0 1 0 0 0 1 1.58 0.92 -1.75</i>
                <i>1 0 0 0 1 0 0 0 1 1.58 0.92 -1.75</i>
                <i>1 0 0 0 1 0 0 0 1 1.58 0.92 -1.75</i>
                <i>1 0 0 0 1 0 0 0 1 1.58 0.92 -1.75</i>
                <i>1 0 0 0 1 0 0 0 1 1.58 0.92 -1.75</i>
                <i>1 0 0 0 1 0 0 0 1 1.58 0.92 -1.75</i>
                <i>1 0 0 0 1 0 0 0 1 1.58 0.92 -1.75</i>
                <i>1 0 0 0 1 0 0 0 1 1.58 0.92 -1.75</i>
                <i>1 0 0 0 1 0 0 0 1 1.58 0.92 -1.75</i>
                <i>1 0 0 0 1 0 0 0 1 1.58 0.92 -1.75</i>
                <i>1 0 0 0 1 0 0 0 1 1.58 0.92 -1.75</i>
                <i>1 0 0 0 1 0 0 0 1 1.58 0.92 -1.75</i>
                <i>1 0 0 0 1 0 0 0 1 1.58 0.92 -1.75</i>
                <i>1 0 0 0 1 0 0 0 1 1.58 0.92 -1.75</i>
                <i>1 0 0 0 1 0 0 0 1 1.58 0.92 -1.75</i>
                <i>1 0 0 0 1 0 0 0 1 1.58 0.92 -1.75</i>
                <i>1 0 0 0 1 0 0 0 1 1.58 0.92 -1.75</i>
                <i>1 0 0 0 1 0 0 0 1 1.58 0.92 -1.75</i>
                <i>1 0 0 0 1 0 0 0 1 1.58 0.92 -1.75</i>
                <i>1 0 0 0 1 0 0 0 1 1.58 0.92 -1.75</i>
                <i>1 0 0 0 1 0 0 0 1 1.58 0.92 -1.75</i>
                <i>1 0 0 0 1 0 0 0 1 1.58 0.92 -1.75</i>
                <i>1 0 0 0 1 0 0 0 1 1.58 0.92 -1.75</i>
                <i>1 0 0 0 1 0 0 0 1 1.58 0.92 -1.75</i>
                <i>1 0 0 0 1 0 0 0 1 1.58 0.92 -1.75</i>
                <i>1 0 0 0 1 0 0 0 1 1.58 0.92 -1.75</i>
                <i>1 0 0 0 1 0 0 0 1 1.58 0.92 -1.75</i>
                <i>1 0 0 0 1 0 0 0 1 1.58 0.92 -1.75</i>
                <i>1 0 0 0 1 0 0 0 1 1.58 0.92 -1.75</i>
                <i>1 0 0 0 1 0 0 0 1 1.58 0.92 -1.75</i>
                <i>1 0 0 0 1 0 0 0 1 1.58 0.92 -1.75</i>
                <i>1 0 0 0 1 0 0 0 1 1.58 0.92 -1.75</i>
                <i>1 0 0 0 1 0 0 0 1 1.58 0.92 -1.75</i>
                <i>1 0 0 0 1 0 0 0 1 1.58 0.92 -1.75</i>
                <i>1 0 0 0 1 0 0 0 1 1.58 0.92 -1.75</i>
                <i>1 0 0 0 1 0 0 0 1 1.58 0.92 -1.75</i>
                <i>1 0 0 0 1 0 0 0 1 1.58 0.92 -1.75</i>
                <i>1 0 0 0 1 0 0 0 1 1.58 0.92 -1.75</i>
                <i>1 0 0 0 1 0 0 0 1 1.58 0.92 -1.75</i>
                <i>1 0 0 0 1 0 0 0 1 1.58 0.92 -1.75</i>
                <i>1 0 0 0 1 0 0 0 1 1.58 0.92 -1.75</i>
                <i>1 0 0 0 1 0 0 0 1 1.58 0.92 -1.75</i>
                <i>1 0 0 0 1 0 0 0 1 1.58 0.92 -1.75</i>
                <i>1 0 0 0 1 0 0 0 1 1.58 0.92 -1.75</i>
                <i>1 0 0 0 1 0 0 0 1 1.58 0.92 -1.75</i>
                <i>1 0 0 0 1 0 0 0 1 1.58 0.92 -1.75</i>
                <i>1 0 0 0 1 0 0 0 1 1.58 0.92 -1.75</i>
                <i>1 0 0 0 1 0 0 0 1 1.58 0.92 -1.75</i>
                <i>1 0 0 0 1 0 0 0 1 1.58 0.92 -1.75</i>
                <i>1 0 0 0 1 0 0 0 1 1.58 0.92 -1.75</i>
                <i>1 0 0 0 1 0 0 0 1 1.58 0.92 -1.75</i>
                <i>1 0 0 0 1 0 0 0 1 1.58 0.92 -1.75</i>
                <i>1 0 0 0 1 0 0 0 1 1.58 0.92 -1.75</i>
                <i>1 0 0 0 1 0 0 0 1 1.58 0.92 -1.75</i>
                <i>1 0 0 0 1 0 0 0 1 1.58 0.92 -1.75</i>
                <i>1 0 0 0 1 0 0 0 1 1.58 0.92 -1.75</i>
                <i>1 0 0 0 1 0 0 0 1 1.58 0.92 -1.75</i>
                <i>1 0 0 0 1 0 0 0 1 1.58 0.92 -1.75</i>
                <i>1 0 0 0 1 0 0 0 1 1.58 0.92 -1.75</i>
                <i>1 0 0 0 1 0 0 0 1 1.58 0.92 -1.75</i>
                <i>1 0 0 0 1 0 0 0 1 1.58 0.92 -1.75</i>
                <i>1 0 0 0 1 0 0 0 1 1.58 0.92 -1.75</i>
                <i>1 0 0 0 1 0 0 0 1 1.58 0.92 -1.75</i>
                <i>1 0 0 0 1 0 0 0 1 1.58 0.92 -1.75</i>
                <i>1 0 0 0 1 0 0 0 1 1.58 0.92 -1.75</i>
                <i>1 0 0 0 1 0 0 0 1 1.58 0.92 -1.75</i>
                <i>1 0 0 0 1 0 0 0 1 1.58 0.92 -1.75</i>
                <i>1 0 0 0 1 0 0 0 1 1.58 0.92 -1.75</i>
                <i>1 0 0 0 1 0 0 0 1 1.58 0.92 -1.75</i>
                <i>1 0 0 0 1 0 0 0 1 1.58 0.92 -1.75</i>
                <i>1 0 0 0 1 0 0 0 1 1.58 0.92 -1.75</i>
                <i>1 0 0 0 1 0 0 0 1 1.58 0.92 -1.75</i>
                <i>1 0 0 0 1 0 0 0 1 1.58 0.92 -1.75</i>
                <i>1 0 0 0 1 0 0 0 1 1.58 0.92 -1.75</i>
                <i>1 0 0 0 1 0 0 0 1 1.58 0.92 -1.75</i>
                <i>1 0 0 0 1 0 0 0 1 1.58 0.92 -1.75</i>
                <i>1 0 0 0 1 0 0 0 1 1.58 0.92 -1.75</i>
                <i>1 0 0 0 1 0 0 0 1 1.58 0.92 -1.75</i>
                <i>1 0 0 0 1 0 0 0 1 1.58 0.92 -1.75</i>
                <i>1 0 0 0 1 0 0 0 1 1.58 0.92 -1.75</i>
                <i>1 0 0 0 1 0 0 0 1 1.58 0.92 -1.75</i>
                <i>1 0 0 0 1 0 0 0 1 1.58 0.92 -1.75</i>
                <i>1 0 0 0 1 0 0 0 1 1.58 0.92 -1.75</i>
                <i>1 0 0 0 1 0 0 0 1 1.58 0.92 -1.75</i>
                <i>1 0 0 0 1 0 0 0 1 1.58 0.92 -1.75</i>
                <i>1 0 0 0 1 0 0 0 1 1.58 0.92 -1.75</i>
                <i>1 0 0 0 1 0 0 0 1 1.58 0.92 -1.75</i>
                <i>1 0 0 0 1 0 0 0 1 1.58 0.92 -1.75</i>
            </KeyFrames>
        </RefFrame>
        <Bones count="23">
            <i>
                <p>
                    <Name><![CDATA[pelvis]]></Name>
                    <Exclude>0</Exclude>
                    <Additive>0</Additive>
                    <IKPriority>0</IKPriority>
                    <IKRotLimits>-1e+010 -1e+010 -1e+010 1e+010 1e+010 1e+010</IKRotLimits>
                    <IKRotLimitOrder>2</IKRotLimitOrder>
                    <KeyFrames count="90">
                        <i>1 0 0 0 1 0 0 0 1 1.3 1.55 -1.78</i>
                        <i>1 0 0 0 1 0 0 0 1 1.29946 1.55 -1.78004</i>
                        <i>1 0 0 0 1 0 0 0 1 1.2989 1.55 -1.78017</i>
                        <i>1 0 0 0 1 0 0 0 1 1.29831 1.55 -1.78035</i>
                        <i>1 0 0 0 1 0 0 0 1 1.29772 1.55 -1.78059</i>
                        <i>1 0 0 0 1 0 0 0 1 1.29711 1.55 -1.78086</i>
                        <i>1 0 0 0 1 0 0 0 1 1.2965 1.55 -1.78114</i>
                        <i>1 0 0 0 1 0 0 0 1 1.29588 1.55 -1.78144</i>
                        <i>1 0 0 0 1 0 0 0 1 1.29527 1.55 -1.78172</i>
                        <i>1 0 0 0 1 0 0 0 1 1.29466 1.55 -1.78198</i>
                        <i>1 0 0 0 1 0 0 0 1 1.29407 1.55 -1.7822</i>
                        <i>1 0 0 0 1 0 0 0 1 1.29349 1.55 -1.78237</i>
                        <i>1 0 0 0 1 0 0 0 1 1.29294 1.55 -1.78246</i>
                        <i>1 0 0 0 1 0 0 0 1 1.29241 1.55 -1.78248</i>
                        <i>1 0 0 0 1 0 0 0 1 1.29191 1.55 -1.7824</i>
                        <i>1 0 0 0 1 0 0 0 1 1.29144 1.55 -1.7822</i>
                        <i>1 0 0 0 1 0 0 0 1 1.29101 1.55 -1.78188</i>
                        <i>1 0 0 0 1 0 0 0 1 1.29063 1.55 -1.78141</i>
                        <i>1 0 0 0 1 0 0 0 1 1.29029 1.55 -1.78079</i>
                        <i>1 0 0 0 1 0 0 0 1 1.29 1.55 -1.78</i>
                        <i>1 0 0 0 1 0 0 0 1 1.28983 1.55 -1.77885</i>
                        <i>1 0 0 0 1 0 0 0 1 1.28982 1.55 -1.77722</i>
                        <i>1 0 0 0 1 0 0 0 1 1.28994 1.55 -1.77519</i>
                        <i>1 0 0 0 1 0 0 0 1 1.29017 1.55 -1.77284</i>
                        <i>1 0 0 0 1 0 0 0 1 1.29047 1.55 -1.77026</i>
                        <i>1 0 0 0 1 0 0 0 1 1.29082 1.55 -1.76753</i>
                        <i>1 0 0 0 1 0 0 0 1 1.29118 1.55 -1.76474</i>
                        <i>1 0 0 0 1 0 0 0 1 1.29152 1.55 -1.76197</i>
                        <i>1 0 0 0 1 0 0 0 1 1.29183 1.55 -1.75929</i>
                        <i>1 0 0 0 1 0 0 0 1 1.29207 1.55 -1.7568</i>
                        <i>1 0 0 0 1 0 0 0 1 1.2922 1.55 -1.75457</i>
                        <i>1 0 0 0 1 0 0 0 1 1.29221 1.55 -1.7527</i>
                        <i>1 0 0 0 1 0 0 0 1 1.29206 1.55 -1.75125</i>
                        <i>1 0 0 0 1 0 0 0 1 1.29173 1.55 -1.75033</i>
                        <i>1 0 0 0 1 0 0 0 1 1.29118 1.55 -1.75</i>
                        <i>1 0 0 0 1 0 0 0 1 1.2903 1.55 -1.75038</i>
                        <i>1 0 0 0 1 0 0 0 1 1.28903 1.55 -1.75146</i>
                        <i>1 0 0 0 1 0 0 0 1 1.28745 1.55 -1.75312</i>
                        <i>1 0 0 0 1 0 0 0 1 1.28563 1.55 -1.75526</i>
                        <i>1 0 0 0 1 0 0 0 1 1.28364 1.55 -1.75778</i>
                        <i>1 0 0 0 1 0 0 0 1 1.28155 1.55 -1.76056</i>
                        <i>1 0 0 0 1 0 0 0 1 1.27943 1.55 -1.7635</i>
                        <i>1 0 0 0 1 0 0 0 1 1.27736 1.55 -1.7665</i>
                        <i>1 0 0 0 1 0 0 0 1 1.2754 1.55 -1.76944</i>
                        <i>1 0 0 0 1 0 0 0 1 1.27362 1.55 -1.77222</i>
                        <i>1 0 0 0 1 0 0 0 1 1.2721 1.55 -1.77474</i>
                        <i>1 0 0 0 1 0 0 0 1 1.27091 1.55 -1.77688</i>
                        <i>1 0 0 0 1 0 0 0 1 1.27011 1.55 -1.77854</i>
                        <i>1 0 0 0 1 0 0 0 1 1.26979 1.55 -1.77962</i>
                        <i>1 0 0 0 1 0 0 0 1 1.27 1.55 -1.78</i>
                        <i>1 0 0 0 1 0 0 0 1 1.27067 1.55 -1.77982</i>
                        <i>1 0 0 0 1 0 0 0 1 1.27165 1.55 -1.7793</i>
                        <i>1 0 0 0 1 0 0 0 1 1.2729 1.55 -1.77848</i>
                        <i>1 0 0 0 1 0 0 0 1 1.2744 1.55 -1.77739</i>
                        <i>1 0 0 0 1 0 0 0 1 1.27612 1.55 -1.77606</i>
                        <i>1 0 0 0 1 0 0 0 1 1.27802 1.55 -1.77452</i>
                        <i>1 0 0 0 1 0 0 0 1 1.28009 1.55 -1.77282</i>
                        <i>1 0 0 0 1 0 0 0 1 1.28228 1.55 -1.77098</i>
                        <i>1 0 0 0 1 0 0 0 1 1.28457 1.55 -1.76905</i>
                        <i>1 0 0 0 1 0 0 0 1 1.28693 1.55 -1.76704</i>
                        <i>1 0 0 0 1 0 0 0 1 1.28934 1.55 -1.765</i>
                        <i>1 0 0 0 1 0 0 0 1 1.29175 1.55 -1.76296</i>
                        <i>1 0 0 0 1 0 0 0 1 1.29414 1.55 -1.76095</i>
                        <i>1 0 0 0 1 0 0 0 1 1.29649 1.55 -1.75902</i>
                        <i>1 0 0 0 1 0 0 0 1 1.29876 1.55 -1.75718</i>
                        <i>1 0 0 0 1 0 0 0 1 1.30092 1.55 -1.75548</i>
                        <i>1 0 0 0 1 0 0 0 1 1.30295 1.55 -1.75394</i>
                        <i>1 0 0 0 1 0 0 0 1 1.30481 1.55 -1.75261</i>
                        <i>1 0 0 0 1 0 0 0 1 1.30647 1.55 -1.75152</i>
                        <i>1 0 0 0 1 0 0 0 1 1.30791 1.55 -1.7507</i>
                        <i>1 0 0 0 1 0 0 0 1 1.3091 1.55 -1.75018</i>
                        <i>1 0 0 0 1 0 0 0 1 1.31 1.55 -1.75</i>
                        <i>1 0 0 0 1 0 0 0 1 1.31058 1.55 -1.75027</i>
                        <i>1 0 0 0 1 0 0 0 1 1.31084 1.55 -1.75103</i>
                        <i>1 0 0 0 1 0 0 0 1 1.31082 1.55 -1.75222</i>
                        <i>1 0 0 0 1 0 0 0 1 1.31055 1.55 -1.75379</i>
                        <i>1 0 0 0 1 0 0 0 1 1.31007 1.55 -1.75566</i>
                        <i>1 0 0 0 1 0 0 0 1 1.30941 1.55 -1.75778</i>
                        <i>1 0 0 0 1 0 0 0 1 1.3086 1.55 -1.76008</i>
                        <i>1 0 0 0 1 0 0 0 1 1.30768 1.55 -1.76251</i>
                        <i>1 0 0 0 1 0 0 0 1 1.30669 1.55 -1.765</i>
                        <i>1 0 0 0 1 0 0 0 1 1.30565 1.55 -1.76749</i>
                        <i>1 0 0 0 1 0 0 0 1 1.30461 1.55 -1.76992</i>
                        <i>1 0 0 0 1 0 0 0 1 1.30359 1.55 -1.77222</i>
                        <i>1 0 0 0 1 0 0 0 1 1.30264 1.55 -1.77434</i>
                        <i>1 0 0 0 1 0 0 0 1 1.30178 1.55 -1.77621</i>
                        <i>1 0 0 0 1 0 0 0 1 1.30105 1.55 -1.77778</i>
                        <i>1 0 0 0 1 0 0 0 1 1.30049 1.55 -1.77897</i>
                        <i>1 0 0 0 1 0 0 0 1 1.30013 1.55 -1.77973</i>
                        <i>1 0 0 0 1 0 0 0 1 1.3 1.55 -1.78</i>
                    </KeyFrames>
                </p>
            </i>
            <i>
                <p>
                    <Name><![CDATA[spine0]]></Name>
                    <Exclude>0</Exclude>
                    <Additive>0</Additive>
                    <IKPriority>0</IKPriority>
                    <IKRotLimits>-1e+010 -1e+010 -1e+010 1e+010 1e+010 1e+010</IKRotLimits>
                    <IKRotLimitOrder>0</IKRotLimitOrder>
                    <KeyFrames count="90">
                        <i>-0.326699 0.93039 0.16626 -0.215767 0.0978471 -0.97153 -0.92017 -0.353271 0.16878 1.35227 1.68174 -1.80468</i>
                        <i>-0.326249 0.930881 0.164384 -0.215198 0.0961924 -0.971821 -0.920462 -0.352431 0.168941 1.35225 1.68151 -1.80483</i>
                        <i>-0.325545 0.931497 0.162276 -0.214636 0.0943422 -0.972127 -0.920843 -0.351302 0.16922 1.35223 1.68127 -1.80508</i>
                        <i>-0.324612 0.932215 0.160008 -0.214088 0.0923635 -0.972438 -0.9213 -0.349921 0.169593 1.35222 1.681 -1.80541</i>
                        <i>-0.323476 0.933011 0.157652 -0.213559 0.0903247 -0.972746 -0.921822 -0.348327 0.170035 1.35221 1.68073 -1.80581</i>
                        <i>-0.32216 0.933864 0.155279 -0.213054 0.0882953 -0.973043 -0.9224 -0.346558 0.170518 1.3522 1.68045 -1.80625</i>
                        <i>-0.320689 0.934752 0.152963 -0.212574 0.086346 -0.973323 -0.923023 -0.34465 0.171014 1.35218 1.68016 -1.80672</i>
                        <i>-0.319087 0.935655 0.150776 -0.212121 0.0845481 -0.973579 -0.923682 -0.342639 0.171494 1.35214 1.67987 -1.8072</i>
                        <i>-0.317377 0.936553 0.148793 -0.211694 0.0829732 -0.973808 -0.924369 -0.340563 0.171929 1.35208 1.67959 -1.80768</i>
                        <i>-0.315583 0.937429 0.147085 -0.21129 0.0816932 -0.974003 -0.925075 -0.338456 0.172289 1.352 1.67932 -1.80814</i>
                        <i>-0.313727 0.938264 0.145725 -0.210908 0.0807798 -0.974162 -0.925793 -0.336356 0.172544 1.35189 1.67907 -1.80856</i>
                        <i>-0.311807 0.939079 0.144591 -0.21057 0.0800963 -0.974292 -0.926519 -0.334238 0.172767 1.35175 1.67883 -1.80892</i>
                        <i>-0.30985 0.93988 0.143588 -0.210299 0.0795319 -0.974397 -0.927236 -0.332113 0.173013 1.35157 1.67862 -1.80921</i>
                        <i>-0.307929 0.940627 0.14283 -0.21009 0.0791929 -0.974469 -0.927923 -0.330075 0.17323 1.35134 1.67844 -1.80941</i>
                        <i>-0.306116 0.94128 0.142427 -0.20994 0.079179 -0.974503 -0.928557 -0.328212 0.173374 1.35107 1.6783 -1.8095</i>
                        <i>-0.304484 0.941801 0.142483 -0.209846 0.0795852 -0.97449 -0.929115 -0.326616 0.1734 1.35075 1.6782 -1.80947</i>
                        <i>-0.303061 0.942166 0.1431 -0.209759 0.0805291 -0.974431 -0.929599 -0.325329 0.173222 1.3504 1.67813 -1.80931</i>
                        <i>-0.301892 0.942344 0.14439 -0.209618 0.0821372 -0.974327 -0.930011 -0.324409 0.172736 1.35006 1.67807 -1.809</i>
                        <i>-0.301072 0.942285 0.146472 -0.209402 0.0845212 -0.97417 -0.930326 -0.323967 0.17187 1.34974 1.67803 -1.80853</i>
                        <i>-0.300647 0.941925 0.149626 -0.209064 0.0879814 -0.973936 -0.93054 -0.324092 0.170471 1.34944 1.67801 -1.80789</i>
                        <i>-0.300544 0.941273 0.153878 -0.20859 0.0925635 -0.973613 -0.930679 -0.324711 0.168521 1.34923 1.67799 -1.80688</i>
                        <i>-0.300683 0.940382 0.158967 -0.208013 0.0980046 -0.973204 -0.930763 -0.325693 0.166143 1.34916 1.67799 -1.80539</i>
                        <i>-0.301042 0.939292 0.164636 -0.207366 0.104034 -0.972716 -0.930792 -0.326968 0.163458 1.34919 1.678 -1.8035</i>
                        <i>-0.301595 0.938046 0.170616 -0.206686 0.110369 -0.972162 -0.930764 -0.328463 0.160594 1.34932 1.67802 -1.80129</i>
                        <i>-0.302318 0.9367 0.176625 -0.206013 0.116709 -0.971565 -0.930679 -0.330108 0.157689 1.3495 1.67804 -1.79884</i>
                        <i>-0.303182 0.935318 0.182374 -0.205389 0.122745 -0.970953 -0.930535 -0.331833 0.15489 1.34971 1.67808 -1.79624</i>
                        <i>-0.304162 0.933973 0.187562 -0.204858 0.128156 -0.970366 -0.930333 -0.333572 0.152351 1.34992 1.67812 -1.79356</i>
                        <i>-0.30523 0.932745 0.191888 -0.204463 0.132613 -0.96985 -0.93007 -0.335261 0.150234 1.35012 1.67816 -1.7909</i>
                        <i>-0.306359 0.931719 0.195048 -0.204248 0.135789 -0.969456 -0.929746 -0.33684 0.148702 1.35026 1.67821 -1.78834</i>
                        <i>-0.307522 0.93098 0.196739 -0.204254 0.137353 -0.969234 -0.92936 -0.338245 0.147918 1.35033 1.67826 -1.78595</i>
                        <i>-0.30882 0.930604 0.196487 -0.20455 0.136768 -0.969254 -0.928865 -0.339516 0.148118 1.3503 1.67832 -1.78383</i>
                        <i>-0.310346 0.930551 0.194319 -0.205119 0.134047 -0.969514 -0.92823 -0.340743 0.149273 1.35014 1.67837 -1.78205</i>
                        <i>-0.312059 0.930729 0.190689 -0.205871 0.129698 -0.969946 -0.927489 -0.341938 0.151137 1.34983 1.67842 -1.78069</i>
                        <i>-0.313916 0.931042 0.186056 -0.20672 0.124238 -0.97048 -0.926673 -0.343111 0.153465 1.34934 1.67848 -1.77985</i>
                        <i>-0.315876 0.931399 0.180884 -0.20758 0.118186 -0.971052 -0.925815 -0.34428 0.156007 1.34863 1.67853 -1.7796</i>
                        <i>-0.317889 0.931717 0.17564 -0.208371 0.112067 -0.971608 -0.924948 -0.345462 0.158518 1.34761 1.67857 -1.78005</i>
                        <i>-0.319882 0.931938 0.170784 -0.20902 0.1064 -0.972106 -0.924114 -0.346656 0.160758 1.34622 1.67862 -1.78119</i>
                        <i>-0.321778 0.932012 0.166771 -0.209456 0.101704 -0.972514 -0.923356 -0.347865 0.16249 1.34452 1.67865 -1.78291</i>
                        <i>-0.323504 0.931897 0.164053 -0.209616 0.0984885 -0.972811 -0.922717 -0.349096 0.163479 1.34261 1.67869 -1.7851</i>
                        <i>-0.324986 0.931552 0.163078 -0.209435 0.097264 -0.972973 -0.922237 -0.350357 0.163491 1.34054 1.67871 -1.78766</i>
                        <i>-0.326157 0.931016 0.163801 -0.208917 0.0980007 -0.973011 -0.921941 -0.351575 0.162541 1.3384 1.67872 -1.79047</i>
                        <i>-0.327008 0.930379 0.165713 -0.208125 0.100146 -0.972962 -0.921819 -0.352655 0.160887 1.33625 1.67873 -1.79344</i>
                        <i>-0.327557 0.929674 0.168562 -0.207088 0.103424 -0.97284 -0.921858 -0.353567 0.158647 1.33417 1.67873 -1.79645</i>
                        <i>-0.327817 0.928936 0.172087 -0.205657 0.107617 -0.972689 -0.922085 -0.354255 0.155764 1.33225 1.67871 -1.79939</i>
                        <i>-0.327803 0.928202 0.17603 -0.203721 0.112493 -0.972545 -0.92252 -0.354665 0.152219 1.33055 1.67869 -1.80212</i>
                        <i>-0.32754 0.927506 0.180137 -0.20136 0.11775 -0.972414 -0.923131 -0.354777 0.148195 1.32914 1.67866 -1.80456</i>
                        <i>-0.32707 0.926882 0.18416 -0.198655 0.123086 -0.97231 -0.923884 -0.354597 0.143872 1.3281 1.67862 -1.80659</i>
                        <i>-0.326438 0.926363 0.187855 -0.19569 0.128202 -0.97225 -0.92474 -0.354141 0.13943 1.32748 1.67857 -1.80812</i>
                        <i>-0.325691 0.925987 0.190981 -0.192551 0.1328 -0.972259 -0.925662 -0.35343 0.135048 1.32735 1.67852 -1.80904</i>
                        <i>-0.324874 0.925792 0.193301 -0.189326 0.136588 -0.972368 -0.926613 -0.352494 0.130902 1.32778 1.67846 -1.80924</i>
                        <i>-0.324032 0.92582 0.194578 -0.186103 0.139276 -0.972609 -0.927561 -0.351368 0.127168 1.32868 1.67841 -1.80886</i>
                        <i>-0.323208 0.926108 0.194579 -0.182974 0.140577 -0.973015 -0.92847 -0.350089 0.124018 1.32989 1.67835 -1.80813</i>
                        <i>-0.322266 0.926655 0.193536 -0.179951 0.140749 -0.973554 -0.929388 -0.34857 0.121394 1.33138 1.67829 -1.80709</i>
                        <i>-0.321062 0.927415 0.191886 -0.177014 0.140278 -0.97416 -0.930368 -0.346733 0.119128 1.33312 1.67823 -1.80577</i>
                        <i>-0.319627 0.928359 0.189706 -0.174202 0.139224 -0.974818 -0.931393 -0.344625 0.117222 1.33508 1.67817 -1.80422</i>
                        <i>-0.318001 0.929451 0.187074 -0.171551 0.137651 -0.975511 -0.932441 -0.342306 0.115675 1.33721 1.67811 -1.80246</i>
                        <i>-0.316253 0.930646 0.184071 -0.1691 0.135622 -0.976223 -0.933482 -0.33986 0.114481 1.33949 1.67806 -1.80054</i>
                        <i>-0.314455 0.9319 0.180777 -0.166884 0.133201 -0.976938 -0.934488 -0.337372 0.113634 1.34187 1.67802 -1.79849</i>
                        <i>-0.312678 0.933171 0.177268 -0.164941 0.130448 -0.977639 -0.935429 -0.334925 0.11313 1.34434 1.67798 -1.79636</i>
                        <i>-0.310995 0.934419 0.173616 -0.163306 0.12742 -0.978312 -0.936276 -0.332603 0.112969 1.34684 1.67795 -1.79418</i>
                        <i>-0.309479 0.935606 0.169893 -0.162016 0.124171 -0.978944 -0.937002 -0.330488 0.113155 1.34936 1.67792 -1.79199</i>
                        <i>-0.308205 0.936696 0.166163 -0.161108 0.12075 -0.979522 -0.937579 -0.328664 0.113694 1.35185 1.67791 -1.78982</i>
                        <i>-0.30714 0.937691 0.162484 -0.160618 0.11721 -0.980032 -0.938012 -0.327105 0.11461 1.35429 1.67792 -1.78772</i>
                        <i>-0.306252 0.938593 0.158913 -0.160582 0.113606 -0.980463 -0.938309 -0.325787 0.115929 1.35663 1.67793 -1.78572</i>
                        <i>-0.305618 0.939368 0.155517 -0.161076 0.109971 -0.980796 -0.938431 -0.3248 0.1177 1.35885 1.67796 -1.78387</i>
                        <i>-0.305316 0.939983 0.152362 -0.162107 0.106361 -0.981024 -0.938351 -0.324221 0.119904 1.36091 1.678 -1.78221</i>
                        <i>-0.305415 0.940408 0.149516 -0.163607 0.102859 -0.981149 -0.938059 -0.324119 0.122442 1.36278 1.67805 -1.78076</i>
                        <i>-0.305987 0.940611 0.147049 -0.165505 0.0995498 -0.981172 -0.937539 -0.324563 0.125215 1.36445 1.67812 -1.77955</i>
                        <i>-0.307104 0.94056 0.145033 -0.167734 0.0965169 -0.981096 -0.936778 -0.325626 0.128123 1.36589 1.67819 -1.7786</i>
                        <i>-0.30884 0.940219 0.14355 -0.170227 0.0938494 -0.980926 -0.935757 -0.327386 0.131066 1.36707 1.67827 -1.77795</i>
                        <i>-0.311873 0.939203 0.14364 -0.172791 0.0925934 -0.980597 -0.93428 -0.330641 0.133408 1.36797 1.67837 -1.77762</i>
                        <i>-0.316427 0.937323 0.145942 -0.175291 0.0934229 -0.980074 -0.93228 -0.335705 0.134743 1.36856 1.67847 -1.77762</i>
                        <i>-0.321879 0.934837 0.149914 -0.17774 0.0958608 -0.979397 -0.929948 -0.341893 0.135302 1.36881 1.67858 -1.77808</i>
                        <i>-0.327571 0.932043 0.154895 -0.180162 0.0993151 -0.97861 -0.927491 -0.348471 0.135386 1.36873 1.67869 -1.77901</i>
                        <i>-0.33282 0.929307 0.160063 -0.182602 0.103014 -0.977775 -0.925142 -0.35465 0.135408 1.36837 1.67881 -1.78036</i>
                        <i>-0.336919 0.927063 0.164439 -0.185118 0.106016 -0.976981 -0.923156 -0.359604 0.135897 1.36775 1.67894 -1.78206</i>
                        <i>-0.339154 0.925796 0.166963 -0.187779 0.107287 -0.976334 -0.921799 -0.36248 0.137458 1.36691 1.67907 -1.78403</i>
                        <i>-0.339909 0.925336 0.167974 -0.190476 0.107171 -0.975824 -0.920967 -0.363686 0.139826 1.36591 1.67921 -1.7862</i>
                        <i>-0.340085 0.925167 0.168549 -0.193015 0.106745 -0.975372 -0.920373 -0.364242 0.142269 1.36477 1.67936 -1.78852</i>
                        <i>-0.339765 0.925247 0.168753 -0.195326 0.106097 -0.974983 -0.920004 -0.364226 0.144677 1.36354 1.6795 -1.7909</i>
                        <i>-0.339002 0.925537 0.168697 -0.19769 0.105231 -0.9746 -0.919781 -0.363741 0.147296 1.36219 1.67969 -1.79322</i>
                        <i>-0.337866 0.925991 0.168486 -0.200333 0.104158 -0.974176 -0.919627 -0.362894 0.150315 1.36074 1.67993 -1.7954</i>
                        <i>-0.336459 0.926561 0.16817 -0.203107 0.102977 -0.973726 -0.919534 -0.361775 0.153544 1.35924 1.68022 -1.7974</i>
                        <i>-0.334879 0.9272 0.167799 -0.205873 0.101781 -0.973271 -0.919496 -0.360473 0.156801 1.35775 1.68052 -1.79921</i>
                        <i>-0.333221 0.927866 0.167416 -0.208499 0.100651 -0.97283 -0.919506 -0.359073 0.15992 1.35632 1.68082 -1.80079</i>
                        <i>-0.331575 0.92852 0.167056 -0.210869 0.0996528 -0.972422 -0.919561 -0.357658 0.162754 1.35502 1.68111 -1.80214</i>
                        <i>-0.330025 0.929128 0.166745 -0.212876 0.0988372 -0.972067 -0.919656 -0.356302 0.165171 1.35391 1.68136 -1.80322</i>
                        <i>-0.328648 0.92966 0.166501 -0.214424 0.098244 -0.971787 -0.91979 -0.355078 0.167054 1.35304 1.68156 -1.80402</i>
                        <i>-0.327516 0.930089 0.166336 -0.215418 0.0979042 -0.971602 -0.919961 -0.354047 0.168293 1.35248 1.68169 -1.80451</i>
                        <i>-0.326699 0.93039 0.16626 -0.215767 0.0978471 -0.97153 -0.92017 -0.353271 0.16878 1.35227 1.68174 -1.80468</i>
                    </KeyFrames>
                </p>
            </i>
            <i>
                <p>
                    <Name><![CDATA[spine1]]></Name>
                    <Exclude>0</Exclude>
                    <Additive>0</Additive>
                    <IKPriority>0</IKPriority>
                    <IKRotLimits>-1e+010 -1e+010 -1e+010 1e+010 1e+010 1e+010</IKRotLimits>
                    <IKRotLimitOrder>0</IKRotLimitOrder>
                    <KeyFrames count="90">
                        <i>-0.740133 0.532375 0.410828 -0.264798 0.330841 -0.905774 -0.61813 -0.77918 -0.103895 1.28699 1.86818 -1.77141</i>
                        <i>-0.741915 0.5304 0.410169 -0.264121 0.331088 -0.905881 -0.616281 -0.780421 -0.10555 1.28692 1.86843 -1.77187</i>
                        <i>-0.743367 0.528868 0.409518 -0.263623 0.331034 -0.906046 -0.614743 -0.781483 -0.106658 1.28692 1.8687 -1.77247</i>
                        <i>-0.744502 0.527754 0.408891 -0.263232 0.330797 -0.906246 -0.613535 -0.782336 -0.107357 1.28696 1.86898 -1.77319</i>
                        <i>-0.745338 0.527029 0.408304 -0.262877 0.330492 -0.90646 -0.612672 -0.782953 -0.107785 1.28704 1.86926 -1.77399</i>
                        <i>-0.745888 0.526663 0.407771 -0.262488 0.33024 -0.906665 -0.612169 -0.783306 -0.108079 1.28716 1.86954 -1.77485</i>
                        <i>-0.746168 0.526625 0.407308 -0.261998 0.330155 -0.906838 -0.612038 -0.783367 -0.108377 1.28731 1.86981 -1.77573</i>
                        <i>-0.746193 0.526882 0.40693 -0.261338 0.330356 -0.906955 -0.612289 -0.78311 -0.108815 1.28748 1.87007 -1.7766</i>
                        <i>-0.745979 0.5274 0.406651 -0.260441 0.330957 -0.906994 -0.612932 -0.782507 -0.10953 1.28765 1.87031 -1.77743</i>
                        <i>-0.745541 0.528144 0.406487 -0.25924 0.332072 -0.906931 -0.613973 -0.781532 -0.110657 1.28783 1.87054 -1.77818</i>
                        <i>-0.744895 0.52908 0.406454 -0.257666 0.333813 -0.90674 -0.615418 -0.780156 -0.112329 1.28801 1.87073 -1.77883</i>
                        <i>-0.744044 0.530206 0.406546 -0.255422 0.336538 -0.906367 -0.61738 -0.778218 -0.114973 1.28818 1.87091 -1.77939</i>
                        <i>-0.743 0.531511 0.406752 -0.252449 0.340288 -0.9058 -0.619856 -0.775693 -0.118655 1.28833 1.87108 -1.77985</i>
                        <i>-0.741791 0.532945 0.407082 -0.249045 0.344691 -0.905077 -0.622674 -0.77276 -0.122961 1.28844 1.87123 -1.78018</i>
                        <i>-0.740447 0.53446 0.407543 -0.245519 0.349371 -0.904245 -0.625667 -0.769605 -0.127471 1.2885 1.87135 -1.78034</i>
                        <i>-0.738993 0.536011 0.408144 -0.242186 0.35396 -0.903359 -0.628677 -0.766424 -0.131759 1.28849 1.87142 -1.78029</i>
                        <i>-0.737452 0.537576 0.408872 -0.239301 0.358138 -0.902481 -0.631585 -0.76338 -0.135468 1.28843 1.87143 -1.77999</i>
                        <i>-0.735878 0.539092 0.40971 -0.237105 0.361616 -0.901674 -0.634243 -0.760666 -0.138284 1.28834 1.87138 -1.77942</i>
                        <i>-0.734351 0.540455 0.410655 -0.235895 0.364082 -0.900998 -0.636461 -0.75852 -0.139873 1.28822 1.87124 -1.77854</i>
                        <i>-0.732936 0.541554 0.411734 -0.235629 0.365676 -0.900422 -0.638188 -0.756968 -0.140411 1.28804 1.87101 -1.77727</i>
                        <i>-0.731605 0.542426 0.41295 -0.235949 0.366832 -0.899868 -0.639595 -0.755783 -0.140392 1.28791 1.87068 -1.77542</i>
                        <i>-0.730303 0.543181 0.414261 -0.236661 0.367692 -0.89933 -0.640819 -0.754823 -0.139977 1.28788 1.87029 -1.77293</i>
                        <i>-0.729032 0.543846 0.415625 -0.237595 0.368391 -0.898797 -0.64192 -0.754002 -0.139353 1.28791 1.86985 -1.76991</i>
                        <i>-0.727797 0.544443 0.417004 -0.238601 0.369048 -0.898261 -0.642947 -0.753249 -0.138688 1.288 1.86938 -1.76652</i>
                        <i>-0.726611 0.544984 0.418364 -0.239549 0.36976 -0.897716 -0.643935 -0.752509 -0.138122 1.2881 1.8689 -1.76289</i>
                        <i>-0.72549 0.545472 0.419673 -0.240337 0.370599 -0.897159 -0.644905 -0.751742 -0.137769 1.28821 1.86844 -1.75916</i>
                        <i>-0.724453 0.545903 0.420901 -0.240885 0.371615 -0.896592 -0.645865 -0.750927 -0.137718 1.28829 1.868 -1.75547</i>
                        <i>-0.723526 0.54627 0.422018 -0.241136 0.372834 -0.896018 -0.64681 -0.750056 -0.13803 1.28832 1.86762 -1.75197</i>
                        <i>-0.722736 0.54656 0.422995 -0.241044 0.374265 -0.895446 -0.647727 -0.749132 -0.13875 1.28828 1.86732 -1.74879</i>
                        <i>-0.722112 0.546761 0.4238 -0.240568 0.375913 -0.894883 -0.6486 -0.748159 -0.139918 1.28815 1.86711 -1.74609</i>
                        <i>-0.721702 0.546848 0.424387 -0.239516 0.377939 -0.894312 -0.649445 -0.747074 -0.14178 1.28788 1.86701 -1.74403</i>
                        <i>-0.721543 0.546771 0.424755 -0.237869 0.380376 -0.893718 -0.650226 -0.745892 -0.144398 1.28743 1.86701 -1.7427</i>
                        <i>-0.721641 0.546495 0.424945 -0.235828 0.38306 -0.893113 -0.650861 -0.74472 -0.147552 1.28677 1.86708 -1.74208</i>
                        <i>-0.722 0.545983 0.424993 -0.233587 0.385835 -0.892507 -0.651271 -0.743662 -0.151038 1.2859 1.86721 -1.74218</i>
                        <i>-0.722626 0.545197 0.424938 -0.231336 0.388555 -0.891913 -0.65138 -0.742823 -0.154656 1.28479 1.86738 -1.74297</i>
                        <i>-0.723515 0.544108 0.42482 -0.229266 0.391071 -0.891347 -0.651124 -0.7423 -0.158201 1.28333 1.86755 -1.74447</i>
                        <i>-0.724629 0.542734 0.42468 -0.227562 0.393234 -0.890833 -0.650484 -0.742164 -0.161443 1.28151 1.86771 -1.74658</i>
                        <i>-0.725922 0.541094 0.424564 -0.226413 0.394886 -0.890394 -0.649441 -0.742484 -0.164146 1.2794 1.86785 -1.7491</i>
                        <i>-0.727355 0.539203 0.424517 -0.226014 0.395867 -0.89006 -0.647975 -0.743337 -0.166069 1.27711 1.86793 -1.75183</i>
                        <i>-0.728889 0.537073 0.424585 -0.22656 0.396006 -0.88986 -0.646058 -0.744803 -0.166965 1.27473 1.86794 -1.75457</i>
                        <i>-0.730482 0.534768 0.424757 -0.228153 0.395132 -0.889841 -0.643694 -0.746923 -0.166628 1.27233 1.86789 -1.75723</i>
                        <i>-0.732094 0.532388 0.424972 -0.230619 0.393313 -0.890011 -0.640978 -0.749579 -0.165164 1.27 1.86779 -1.75981</i>
                        <i>-0.73369 0.530002 0.425202 -0.233735 0.390724 -0.890338 -0.638018 -0.752617 -0.16279 1.2678 1.86768 -1.76223</i>
                        <i>-0.735261 0.527684 0.425372 -0.237198 0.387576 -0.890798 -0.634924 -0.755867 -0.159804 1.26581 1.86755 -1.76445</i>
                        <i>-0.736791 0.525507 0.425419 -0.240726 0.384083 -0.891365 -0.631814 -0.759159 -0.156486 1.26411 1.86741 -1.76638</i>
                        <i>-0.738234 0.523541 0.425342 -0.244135 0.38044 -0.892 -0.628815 -0.762345 -0.153039 1.26274 1.86727 -1.76797</i>
                        <i>-0.739564 0.521827 0.425138 -0.247247 0.376852 -0.892666 -0.626031 -0.765297 -0.149686 1.26177 1.86715 -1.76918</i>
                        <i>-0.740761 0.520395 0.424808 -0.249887 0.373534 -0.893325 -0.623562 -0.767895 -0.146659 1.26126 1.86705 -1.76994</i>
                        <i>-0.74181 0.519272 0.424353 -0.251885 0.370704 -0.893942 -0.621508 -0.770023 -0.144194 1.26127 1.86697 -1.77021</i>
                        <i>-0.742692 0.518483 0.423773 -0.253071 0.368584 -0.894484 -0.619971 -0.771571 -0.142531 1.26184 1.86694 -1.76993</i>
                        <i>-0.743392 0.518053 0.423071 -0.253274 0.367396 -0.894915 -0.619048 -0.772426 -0.14191 1.26289 1.86695 -1.76927</i>
                        <i>-0.743894 0.518005 0.422246 -0.252319 0.367362 -0.895198 -0.618835 -0.772474 -0.142576 1.26425 1.86701 -1.76853</i>
                        <i>-0.744149 0.518382 0.421334 -0.250393 0.36829 -0.895358 -0.619311 -0.771779 -0.144263 1.26591 1.86713 -1.76769</i>
                        <i>-0.744103 0.519219 0.420383 -0.24785 0.369794 -0.895445 -0.620387 -0.770496 -0.146477 1.26788 1.8673 -1.76669</i>
                        <i>-0.743735 0.520529 0.419414 -0.244759 0.371804 -0.895464 -0.622054 -0.768643 -0.149119 1.2701 1.86751 -1.76556</i>
                        <i>-0.743036 0.522304 0.418445 -0.241192 0.374242 -0.895416 -0.624279 -0.766252 -0.152099 1.27254 1.86774 -1.76433</i>
                        <i>-0.742037 0.524481 0.417494 -0.237238 0.377028 -0.895303 -0.626976 -0.763393 -0.155342 1.27515 1.86799 -1.76301</i>
                        <i>-0.740771 0.526993 0.416576 -0.232988 0.380078 -0.89513 -0.630059 -0.760144 -0.158768 1.27789 1.86825 -1.76163</i>
                        <i>-0.739274 0.529773 0.415709 -0.228541 0.383304 -0.894901 -0.633437 -0.756584 -0.162291 1.2807 1.86851 -1.7602</i>
                        <i>-0.737579 0.532753 0.414911 -0.224004 0.386612 -0.894625 -0.637023 -0.752798 -0.165819 1.28355 1.86875 -1.75876</i>
                        <i>-0.735724 0.535864 0.414199 -0.219489 0.389912 -0.894312 -0.64073 -0.748878 -0.169252 1.28638 1.86897 -1.75733</i>
                        <i>-0.733744 0.539038 0.413592 -0.215115 0.39311 -0.893974 -0.644473 -0.744918 -0.172487 1.28914 1.86915 -1.75593</i>
                        <i>-0.731658 0.542235 0.413107 -0.211015 0.396093 -0.893635 -0.648189 -0.741006 -0.175385 1.29181 1.86931 -1.75459</i>
                        <i>-0.729486 0.545416 0.412762 -0.207317 0.398761 -0.893314 -0.651821 -0.737232 -0.177816 1.29435 1.86944 -1.75333</i>
                        <i>-0.727251 0.548508 0.412608 -0.20417 0.401053 -0.893012 -0.655302 -0.733686 -0.179678 1.29672 1.86954 -1.75218</i>
                        <i>-0.724998 0.551437 0.412668 -0.201681 0.402922 -0.892737 -0.658561 -0.73046 -0.180903 1.29888 1.8696 -1.75118</i>
                        <i>-0.722798 0.55413 0.41292 -0.19991 0.404308 -0.892508 -0.661513 -0.72765 -0.181457 1.30077 1.86961 -1.75033</i>
                        <i>-0.72072 0.556517 0.413342 -0.198918 0.405161 -0.892343 -0.664074 -0.725351 -0.181307 1.30238 1.86956 -1.74965</i>
                        <i>-0.718836 0.558526 0.413913 -0.198757 0.405429 -0.892257 -0.666161 -0.723655 -0.180426 1.30364 1.86944 -1.74915</i>
                        <i>-0.717215 0.560088 0.414614 -0.199477 0.405071 -0.892259 -0.667691 -0.722648 -0.178798 1.30454 1.86924 -1.74883</i>
                        <i>-0.716085 0.56087 0.415508 -0.202649 0.402585 -0.89267 -0.667949 -0.72343 -0.174625 1.30492 1.86883 -1.74852</i>
                        <i>-0.715547 0.560733 0.416617 -0.208933 0.397304 -0.893586 -0.666587 -0.726449 -0.167134 1.30472 1.86814 -1.74813</i>
                        <i>-0.715486 0.559896 0.417848 -0.217008 0.390401 -0.894704 -0.664069 -0.730824 -0.157824 1.30402 1.8673 -1.74785</i>
                        <i>-0.715798 0.55856 0.419099 -0.22566 0.382942 -0.895786 -0.660841 -0.735776 -0.148065 1.30295 1.86641 -1.74785</i>
                        <i>-0.716404 0.556904 0.420265 -0.233853 0.375852 -0.896687 -0.657326 -0.740671 -0.139029 1.30167 1.86558 -1.74823</i>
                        <i>-0.717224 0.555105 0.421247 -0.240733 0.369912 -0.897336 -0.65394 -0.744999 -0.131677 1.30033 1.86496 -1.7491</i>
                        <i>-0.718153 0.553372 0.421943 -0.245556 0.36582 -0.897707 -0.651121 -0.748302 -0.126831 1.2991 1.86468 -1.75059</i>
                        <i>-0.719232 0.551648 0.422362 -0.248873 0.363014 -0.897933 -0.648666 -0.750936 -0.123801 1.29797 1.86467 -1.75257</i>
                        <i>-0.720557 0.549765 0.422559 -0.251734 0.36042 -0.89818 -0.646087 -0.753562 -0.121309 1.2968 1.86477 -1.75477</i>
                        <i>-0.722108 0.547761 0.422514 -0.254137 0.358006 -0.898469 -0.643408 -0.756168 -0.119312 1.29562 1.86496 -1.75711</i>
                        <i>-0.723852 0.545796 0.422071 -0.25621 0.35536 -0.89893 -0.64062 -0.758832 -0.11739 1.29442 1.86522 -1.75944</i>
                        <i>-0.725736 0.543995 0.42116 -0.258062 0.35222 -0.899636 -0.637739 -0.761584 -0.115234 1.2932 1.86554 -1.76166</i>
                        <i>-0.727708 0.542343 0.419887 -0.259661 0.348778 -0.900516 -0.634836 -0.764342 -0.112984 1.292 1.8659 -1.76374</i>
                        <i>-0.729718 0.540818 0.418363 -0.260992 0.345225 -0.9015 -0.631977 -0.76703 -0.110767 1.29084 1.86628 -1.76563</i>
                        <i>-0.731717 0.539396 0.416704 -0.262057 0.341738 -0.90252 -0.629219 -0.769589 -0.108703 1.28976 1.86666 -1.7673</i>
                        <i>-0.733662 0.538042 0.415031 -0.262877 0.338487 -0.903506 -0.626607 -0.77197 -0.106896 1.28881 1.86703 -1.76873</i>
                        <i>-0.735511 0.536714 0.413474 -0.263496 0.33563 -0.904391 -0.624174 -0.774138 -0.105437 1.28801 1.86739 -1.76988</i>
                        <i>-0.737229 0.535363 0.412164 -0.263974 0.333312 -0.905108 -0.621941 -0.776073 -0.104405 1.28742 1.8677 -1.77072</i>
                        <i>-0.738781 0.533935 0.411237 -0.264383 0.331672 -0.905591 -0.619923 -0.777757 -0.10387 1.28706 1.86797 -1.77124</i>
                        <i>-0.740133 0.532375 0.410828 -0.264798 0.330841 -0.905774 -0.61813 -0.77918 -0.103895 1.28699 1.86818 -1.77141</i>
                    </KeyFrames>
                </p>
            </i>
            <i>
                <p>
                    <Name><![CDATA[spine2]]></Name>
                    <Exclude>0</Exclude>
                    <Additive>0</Additive>
                    <IKPriority>0</IKPriority>
                    <IKRotLimits>-1e+010 -1e+010 -1e+010 1e+010 1e+010 1e+010</IKRotLimits>
                    <IKRotLimitOrder>0</IKRotLimitOrder>
                    <KeyFrames count="90">
                        <i>-0.855626 0.340228 0.390062 -0.309427 0.267886 -0.91241 -0.41492 -0.901378 -0.123934 1.15044 1.96568 -1.6959</i>
                        <i>-0.857062 0.334139 0.392168 -0.311915 0.269317 -0.911141 -0.410065 -0.903227 -0.126598 1.14976 1.96576 -1.69633</i>
                        <i>-0.85808 0.328566 0.394643 -0.314924 0.270323 -0.909807 -0.405612 -0.90497 -0.128486 1.1492 1.96594 -1.6969</i>
