<?xml version="1.0" encoding="ISO-8859-1" ?>
<Animl Version="1">
    <ModellingPackage><![CDATA[Maya.2010]]></ModellingPackage>
    <SrcFile><![CDATA[anims\turrets\mortar\red\~src\mortar_82pm41\mortar_82pm41_fire_crewman_b.mb]]></SrcFile>
    <FramesPerSecond>30</FramesPerSecond>
    <TotalFrames>40</TotalFrames>
    <Skeleton>
        <RefFrame>
            <Name><![CDATA[soldier_ref_frame]]></Name>
            <Exclude>0</Exclude>
            <Additive>0</Additive>
            <IKPriority>0</IKPriority>
            <IKRotLimits>-1e+010 -1e+010 -1e+010 1e+010 1e+010 1e+010</IKRotLimits>
            <IKRotLimitOrder>0</IKRotLimitOrder>
            <KeyFrames count="40">
                <i>1 0 0 0 1 0 0 0 1 -2.11 0.92 -0.96</i>
                <i>1 0 0 0 1 0 0 0 1 -2.11 0.92 -0.96</i>
                <i>1 0 0 0 1 0 0 0 1 -2.11 0.92 -0.96</i>
                <i>1 0 0 0 1 0 0 0 1 -2.11 0.92 -0.96</i>
                <i>1 0 0 0 1 0 0 0 1 -2.11 0.92 -0.96</i>
                <i>1 0 0 0 1 0 0 0 1 -2.11 0.92 -0.96</i>
                <i>1 0 0 0 1 0 0 0 1 -2.11 0.92 -0.96</i>
                <i>1 0 0 0 1 0 0 0 1 -2.11 0.92 -0.96</i>
                <i>1 0 0 0 1 0 0 0 1 -2.11 0.92 -0.96</i>
                <i>1 0 0 0 1 0 0 0 1 -2.11 0.92 -0.96</i>
                <i>1 0 0 0 1 0 0 0 1 -2.11 0.92 -0.96</i>
                <i>1 0 0 0 1 0 0 0 1 -2.11 0.92 -0.96</i>
                <i>1 0 0 0 1 0 0 0 1 -2.11 0.92 -0.96</i>
                <i>1 0 0 0 1 0 0 0 1 -2.11 0.92 -0.96</i>
                <i>1 0 0 0 1 0 0 0 1 -2.11 0.92 -0.96</i>
                <i>1 0 0 0 1 0 0 0 1 -2.11 0.92 -0.96</i>
                <i>1 0 0 0 1 0 0 0 1 -2.11 0.92 -0.96</i>
                <i>1 0 0 0 1 0 0 0 1 -2.11 0.92 -0.96</i>
                <i>1 0 0 0 1 0 0 0 1 -2.11 0.92 -0.96</i>
                <i>1 0 0 0 1 0 0 0 1 -2.11 0.92 -0.96</i>
                <i>1 0 0 0 1 0 0 0 1 -2.11 0.92 -0.96</i>
                <i>1 0 0 0 1 0 0 0 1 -2.11 0.92 -0.96</i>
                <i>1 0 0 0 1 0 0 0 1 -2.11 0.92 -0.96</i>
                <i>1 0 0 0 1 0 0 0 1 -2.11 0.92 -0.96</i>
                <i>1 0 0 0 1 0 0 0 1 -2.11 0.92 -0.96</i>
                <i>1 0 0 0 1 0 0 0 1 -2.11 0.92 -0.96</i>
                <i>1 0 0 0 1 0 0 0 1 -2.11 0.92 -0.96</i>
                <i>1 0 0 0 1 0 0 0 1 -2.11 0.92 -0.96</i>
                <i>1 0 0 0 1 0 0 0 1 -2.11 0.92 -0.96</i>
                <i>1 0 0 0 1 0 0 0 1 -2.11 0.92 -0.96</i>
                <i>1 0 0 0 1 0 0 0 1 -2.11 0.92 -0.96</i>
                <i>1 0 0 0 1 0 0 0 1 -2.11 0.92 -0.96</i>
                <i>1 0 0 0 1 0 0 0 1 -2.11 0.92 -0.96</i>
                <i>1 0 0 0 1 0 0 0 1 -2.11 0.92 -0.96</i>
                <i>1 0 0 0 1 0 0 0 1 -2.11 0.92 -0.96</i>
                <i>1 0 0 0 1 0 0 0 1 -2.11 0.92 -0.96</i>
                <i>1 0 0 0 1 0 0 0 1 -2.11 0.92 -0.96</i>
                <i>1 0 0 0 1 0 0 0 1 -2.11 0.92 -0.96</i>
                <i>1 0 0 0 1 0 0 0 1 -2.11 0.92 -0.96</i>
                <i>1 0 0 0 1 0 0 0 1 -2.11 0.92 -0.96</i>
            </KeyFrames>
        </RefFrame>
        <Bones count="23">
            <i>
                <p>
                    <Name><![CDATA[pelvis]]></Name>
                    <Exclude>0</Exclude>
                    <Additive>0</Additive>
                    <IKPriority>0</IKPriority>
                    <IKRotLimits>-1e+010 -1e+010 -1e+010 1e+010 1e+010 1e+010</IKRotLimits>
                    <IKRotLimitOrder>2</IKRotLimitOrder>
                    <KeyFrames count="40">
                        <i>1 0 0 0 1 0 0 0 1 -2.1601 1.48986 -1.02821</i>
                        <i>1 0 0 0 1 0 0 0 1 -2.15665 1.51133 -1.02374</i>
                        <i>1 0 0 0 1 0 0 0 1 -2.15321 1.5328 -1.01926</i>
                        <i>1 0 0 0 1 0 0 0 1 -2.15238 1.53796 -1.01819</i>
                        <i>1 0 0 0 1 0 0 0 1 -2.15661 1.51158 -1.02369</i>
                        <i>1 0 0 0 1 0 0 0 1 -2.16346 1.4689 -1.03258</i>
                        <i>1 0 0 0 1 0 0 0 1 -2.16821 1.4393 -1.03876</i>
                        <i>1 0 0 0 1 0 0 0 1 -2.16863 1.43673 -1.03929</i>
                        <i>1 0 0 0 1 0 0 0 1 -2.16694 1.44724 -1.0371</i>
                        <i>1 0 0 0 1 0 0 0 1 -2.16516 1.45833 -1.03479</i>
                        <i>1 0 0 0 1 0 0 0 1 -2.16372 1.46732 -1.03291</i>
                        <i>1 0 0 0 1 0 0 0 1 -2.16205 1.47771 -1.03075</i>
                        <i>1 0 0 0 1 0 0 0 1 -2.16067 1.48629 -1.02896</i>
                        <i>1 0 0 0 1 0 0 0 1 -2.1601 1.48986 -1.02821</i>
                        <i>1 0 0 0 1 0 0 0 1 -2.1601 1.48986 -1.02821</i>
                        <i>1 0 0 0 1 0 0 0 1 -2.1601 1.48986 -1.02821</i>
                        <i>1 0 0 0 1 0 0 0 1 -2.1601 1.48986 -1.02821</i>
                        <i>1 0 0 0 1 0 0 0 1 -2.1601 1.48986 -1.02821</i>
                        <i>1 0 0 0 1 0 0 0 1 -2.1601 1.48986 -1.02821</i>
                        <i>1 0 0 0 1 0 0 0 1 -2.1601 1.48986 -1.02821</i>
                        <i>1 0 0 0 1 0 0 0 1 -2.1601 1.48986 -1.02821</i>
                        <i>1 0 0 0 1 0 0 0 1 -2.1601 1.48986 -1.02821</i>
                        <i>1 0 0 0 1 0 0 0 1 -2.1601 1.48986 -1.02821</i>
                        <i>1 0 0 0 1 0 0 0 1 -2.1601 1.48986 -1.02821</i>
                        <i>1 0 0 0 1 0 0 0 1 -2.1601 1.48986 -1.02821</i>
                        <i>1 0 0 0 1 0 0 0 1 -2.1601 1.48986 -1.02821</i>
                        <i>1 0 0 0 1 0 0 0 1 -2.1601 1.48986 -1.02821</i>
                        <i>1 0 0 0 1 0 0 0 1 -2.1601 1.48986 -1.02821</i>
                        <i>1 0 0 0 1 0 0 0 1 -2.1601 1.48986 -1.02821</i>
                        <i>1 0 0 0 1 0 0 0 1 -2.1601 1.48986 -1.02821</i>
                        <i>1 0 0 0 1 0 0 0 1 -2.1601 1.48986 -1.02821</i>
                        <i>1 0 0 0 1 0 0 0 1 -2.1601 1.48986 -1.02821</i>
                        <i>1 0 0 0 1 0 0 0 1 -2.1601 1.48986 -1.02821</i>
                        <i>1 0 0 0 1 0 0 0 1 -2.1601 1.48986 -1.02821</i>
                        <i>1 0 0 0 1 0 0 0 1 -2.1601 1.48986 -1.02821</i>
                        <i>1 0 0 0 1 0 0 0 1 -2.1601 1.48986 -1.02821</i>
                        <i>1 0 0 0 1 0 0 0 1 -2.1601 1.48986 -1.02821</i>
                        <i>1 0 0 0 1 0 0 0 1 -2.1601 1.48986 -1.02821</i>
                        <i>1 0 0 0 1 0 0 0 1 -2.1601 1.48986 -1.02821</i>
                        <i>1 0 0 0 1 0 0 0 1 -2.1601 1.48986 -1.02821</i>
                    </KeyFrames>
                </p>
            </i>
            <i>
                <p>
                    <Name><![CDATA[spine0]]></Name>
                    <Exclude>0</Exclude>
                    <Additive>0</Additive>
                    <IKPriority>0</IKPriority>
                    <IKRotLimits>-1e+010 -1e+010 -1e+010 1e+010 1e+010 1e+010</IKRotLimits>
                    <IKRotLimitOrder>0</IKRotLimitOrder>
                    <KeyFrames count="40">
                        <i>0.134741 0.956755 0.257806 -0.853949 -0.0198494 0.519978 0.502609 -0.290215 0.814346 -2.18248 1.63064 -1.04763</i>
                        <i>0.113466 0.965228 0.235499 -0.858157 -0.0242383 0.512815 0.500691 -0.260282 0.825567 -2.18652 1.64952 -1.05035</i>
                        <i>0.0985217 0.970171 0.221501 -0.863957 -0.0270677 0.502837 0.493833 -0.240907 0.835519 -2.19033 1.66764 -1.05297</i>
                        <i>0.0894804 0.97208 0.216921 -0.868632 -0.0303955 0.494524 0.48731 -0.232674 0.84166 -2.19339 1.67136 -1.05308</i>
                        <i>0.091495 0.96891 0.229872 -0.868714 -0.0351822 0.494063 0.48679 -0.244897 0.838487 -2.19669 1.64714 -1.0504</i>
                        <i>0.112804 0.956217 0.270044 -0.864384 -0.0395931 0.501272 0.490017 -0.289967 0.822072 -2.19978 1.60748 -1.04571</i>
                        <i>0.131153 0.942912 0.306131 -0.85821 -0.0465909 0.511181 0.496261 -0.329767 0.803105 -2.20052 1.57948 -1.03862</i>
                        <i>0.129937 0.941027 0.312387 -0.854553 -0.0534961 0.516601 0.502847 -0.334077 0.797206 -2.19957 1.57705 -1.03227</i>
                        <i>0.119652 0.945549 0.302688 -0.854151 -0.0573674 0.516851 0.506072 -0.320384 0.800778 -2.19935 1.58719 -1.02943</i>
                        <i>0.102654 0.953573 0.283127 -0.85468 -0.0610655 0.515552 0.508905 -0.294906 0.808731 -2.19984 1.5978 -1.02829</i>
                        <i>0.0857695 0.961087 0.262593 -0.855962 -0.0638005 0.513088 0.509876 -0.268777 0.817182 -2.20117 1.60617 -1.02897</i>
                        <i>0.066798 0.968831 0.238547 -0.857853 -0.0663274 0.509597 0.509536 -0.238678 0.826684 -2.20249 1.61577 -1.03032</i>
                        <i>0.0508751 0.974707 0.217618 -0.860045 -0.0680067 0.505665 0.507675 -0.212887 0.834833 -2.20404 1.62341 -1.03257</i>
                        <i>0.0437503 0.977346 0.207078 -0.862238 -0.0677548 0.501952 0.504611 -0.200511 0.83974 -2.20607 1.62596 -1.03596</i>
                        <i>0.0393286 0.979121 0.199438 -0.864158 -0.0668811 0.498757 0.501682 -0.191961 0.843485 -2.20809 1.62499 -1.03976</i>
                        <i>0.0359959 0.98056 0.192888 -0.865462 -0.06592 0.496619 0.49968 -0.184813 0.846265 -2.20932 1.62425 -1.04279</i>
                        <i>0.0359786 0.981047 0.190399 -0.865847 -0.0645336 0.49613 0.499014 -0.182706 0.847115 -2.20953 1.62396 -1.04465</i>
                        <i>0.0424233 0.979783 0.195515 -0.865424 -0.0617484 0.497221 0.499242 -0.190297 0.845308 -2.20876 1.62412 -1.04565</i>
                        <i>0.0502693 0.978187 0.201553 -0.864505 -0.0584349 0.499216 0.500105 -0.199338 0.84271 -2.20732 1.62453 -1.0464</i>
                        <i>0.0551264 0.977591 0.203165 -0.863214 -0.0556015 0.501766 0.501819 -0.203036 0.840806 -2.20531 1.62514 -1.04694</i>
                        <i>0.057426 0.977927 0.2009 -0.861721 -0.0530603 0.504601 0.504123 -0.202097 0.839653 -2.20287 1.62589 -1.04731</i>
                        <i>0.0574338 0.979102 0.195091 -0.860184 -0.0506562 0.507461 0.506739 -0.19696 0.839299 -2.20011 1.62669 -1.04755</i>
                        <i>0.0573021 0.980381 0.188597 -0.858739 -0.0479487 0.510165 0.5092 -0.191189 0.839144 -2.19715 1.6275 -1.04769</i>
                        <i>0.0606177 0.980619 0.186314 -0.857469 -0.0443903 0.512618 0.510953 -0.190832 0.838159 -2.19412 1.62827 -1.04775</i>
                        <i>0.0700745 0.978868 0.192113 -0.856402 -0.039723 0.514779 0.511532 -0.200599 0.835521 -2.19117 1.62896 -1.04777</i>
                        <i>0.0847947 0.975023 0.205278 -0.855537 -0.0343601 0.516601 0.510751 -0.219428 0.831255 -2.18843 1.62955 -1.04775</i>
                        <i>0.101756 0.969667 0.222243 -0.854862 -0.0290237 0.518042 0.508779 -0.242701 0.825978 -2.18604 1.63001 -1.04772</i>
                        <i>0.117884 0.963765 0.239291 -0.85437 -0.0243814 0.519093 0.506118 -0.265635 0.820538 -2.18416 1.63036 -1.04768</i>
                        <i>0.129977 0.958827 0.2525 -0.85406 -0.0210967 0.519747 0.503675 -0.283205 0.816154 -2.18293 1.63057 -1.04764</i>
                        <i>0.134741 0.956755 0.257806 -0.853949 -0.0198494 0.519978 0.502609 -0.290215 0.814346 -2.18248 1.63064 -1.04763</i>
                        <i>0.134741 0.956755 0.257806 -0.853949 -0.0198494 0.519978 0.502609 -0.290215 0.814346 -2.18248 1.63064 -1.04763</i>
                        <i>0.134741 0.956755 0.257806 -0.853949 -0.0198494 0.519978 0.502609 -0.290215 0.814346 -2.18248 1.63064 -1.04763</i>
                        <i>0.134741 0.956755 0.257806 -0.853949 -0.0198494 0.519978 0.502609 -0.290215 0.814346 -2.18248 1.63064 -1.04763</i>
                        <i>0.134741 0.956755 0.257806 -0.853949 -0.0198494 0.519978 0.502609 -0.290215 0.814346 -2.18248 1.63064 -1.04763</i>
                        <i>0.134741 0.956755 0.257806 -0.853949 -0.0198494 0.519978 0.502609 -0.290215 0.814346 -2.18248 1.63064 -1.04763</i>
                        <i>0.134741 0.956755 0.257806 -0.853949 -0.0198494 0.519978 0.502609 -0.290215 0.814346 -2.18248 1.63064 -1.04763</i>
                        <i>0.134741 0.956755 0.257806 -0.853949 -0.0198494 0.519978 0.502609 -0.290215 0.814346 -2.18248 1.63064 -1.04763</i>
                        <i>0.134741 0.956755 0.257806 -0.853949 -0.0198494 0.519978 0.502609 -0.290215 0.814346 -2.18248 1.63064 -1.04763</i>
                        <i>0.134741 0.956755 0.257806 -0.853949 -0.0198494 0.519978 0.502609 -0.290215 0.814346 -2.18248 1.63064 -1.04763</i>
                        <i>0.134741 0.956755 0.257806 -0.853949 -0.0198494 0.519978 0.502609 -0.290215 0.814346 -2.18248 1.63064 -1.04763</i>
                    </KeyFrames>
                </p>
            </i>
            <i>
                <p>
                    <Name><![CDATA[spine1]]></Name>
                    <Exclude>0</Exclude>
                    <Additive>0</Additive>
                    <IKPriority>0</IKPriority>
                    <IKRotLimits>-1e+010 -1e+010 -1e+010 1e+010 1e+010 1e+010</IKRotLimits>
                    <IKRotLimitOrder>0</IKRotLimitOrder>
                    <KeyFrames count="40">
                        <i>0.400484 0.733815 0.548751 -0.817612 0.0158163 0.575552 0.413669 -0.679165 0.60631 -2.1579 1.80546 -1.00058</i>
                        <i>0.428441 0.700717 0.570468 -0.815859 0.028655 0.57754 0.388346 -0.712864 0.583963 -2.1649 1.83394 -1.00545</i>
                        <i>0.451718 0.671007 0.587963 -0.815355 0.0429824 0.577364 0.362143 -0.740204 0.566525 -2.1707 1.86185 -1.00878</i>
                        <i>0.461552 0.668982 0.582609 -0.813498 0.0572366 0.578744 0.353823 -0.741072 0.570633 -2.17532 1.86881 -1.00919</i>
                        <i>0.464088 0.69249 0.552341 -0.806382 0.0722406 0.586967 0.366567 -0.717802 0.591937 -2.1789 1.83639 -1.00563</i>
                        <i>0.462291 0.729804 0.50366 -0.79707 0.0931257 0.596663 0.388543 -0.677284 0.624756 -2.17917 1.78254 -0.996334</i>
                        <i>0.449641 0.775905 0.442487 -0.787971 0.111284 0.605572 0.420624 -0.620957 0.661428 -2.17765 1.74397 -0.985229</i>
                        <i>0.439062 0.803802 0.401406 -0.780511 0.119955 0.613525 0.445002 -0.582678 0.680044 -2.17724 1.73876 -0.978591</i>
                        <i>0.435622 0.813335 0.385643 -0.777443 0.124037 0.616601 0.453669 -0.56842 0.686355 -2.17867 1.75065 -0.977114</i>
                        <i>0.426855 0.825734 0.368724 -0.776406 0.125573 0.617597 0.463669 -0.549904 0.694706 -2.18189 1.7647 -0.97875</i>
                        <i>0.41819 0.835792 0.355764 -0.777494 0.126826 0.61597 0.469702 -0.534197 0.702861 -2.18597 1.77674 -0.982393</i>
                        <i>0.410453 0.843098 0.34744 -0.77928 0.126442 0.613788 0.473552 -0.522684 0.708907 -2.19048 1.79043 -0.987358</i>
                        <i>0.407804 0.844169 0.347959 -0.781497 0.125626 0.61113 0.472184 -0.52115 0.710946 -2.19477 1.80181 -0.992803</i>
                        <i>0.410836 0.839183 0.35635 -0.785004 0.126823 0.60637 0.463662 -0.528854 0.710866 -2.19802 1.80661 -0.997758</i>
                        <i>0.412298 0.835229 0.363873 -0.788972 0.127622 0.601029 0.455559 -0.534889 0.71159 -2.20082 1.80715 -1.00273</i>
                        <i>0.411617 0.832965 0.369785 -0.792382 0.126649 0.596733 0.450225 -0.538637 0.712158 -2.20264 1.80748 -1.00683</i>
                        <i>0.410443 0.830965 0.375545 -0.794864 0.124186 0.593943 0.446908 -0.542287 0.711475 -2.20284 1.80745 -1.00912</i>
                        <i>0.411612 0.825655 0.385836 -0.796938 0.120705 0.591879 0.442115 -0.551112 0.707679 -2.20089 1.80686 -1.00926</i>
                        <i>0.409023 0.823008 0.394154 -0.799577 0.115087 0.589433 0.439746 -0.556248 0.705132 -2.19804 1.80598 -1.00909</i>
                        <i>0.397166 0.829305 0.393081 -0.803018 0.106662 0.586332 0.444322 -0.548522 0.708309 -2.19521 1.805 -1.00963</i>
                        <i>0.37869 0.841258 0.385848 -0.806651 0.0956031 0.583244 0.453771 -0.532113 0.714806 -2.19243 1.80419 -1.01074</i>
                        <i>0.356357 0.855506 0.375659 -0.809933 0.0823809 0.580708 0.465852 -0.511197 0.72226 -2.18975 1.80379 -1.01231</i>
                        <i>0.335379 0.866991 0.368576 -0.812516 0.0681879 0.578938 0.476801 -0.493637 0.727312 -2.18687 1.80379 -1.01382</i>
                        <i>0.322511 0.870215 0.372441 -0.814349 0.0545116 0.57781 0.482517 -0.489647 0.726239 -2.18328 1.80402 -1.0144</i>
                        <i>0.323827 0.860106 0.394148 -0.815453 0.0424821 0.577262 0.479763 -0.508343 0.715133 -2.17863 1.80442 -1.01337</i>
                        <i>0.33774 0.837042 0.430457 -0.816143 0.0326159 0.576929 0.468874 -0.546166 0.694161 -2.17321 1.80487 -1.01089</i>
                        <i>0.357959 0.805606 0.472085 -0.816698 0.0250459 0.576522 0.452626 -0.591922 0.666902 -2.16769 1.80523 -1.00761</i>
                        <i>0.378534 0.772121 0.510433 -0.817173 0.0198039 0.576052 0.434673 -0.635167 0.638452 -2.16278 1.80542 -1.00427</i>
                        <i>0.394242 0.744982 0.538122 -0.817501 0.0167874 0.575682 0.419839 -0.666873 0.615642 -2.15925 1.80546 -1.00164</i>
                        <i>0.400484 0.733815 0.548751 -0.817612 0.0158163 0.575552 0.413669 -0.679165 0.60631 -2.1579 1.80546 -1.00058</i>
                        <i>0.400484 0.733815 0.548751 -0.817612 0.0158163 0.575552 0.413669 -0.679165 0.60631 -2.1579 1.80546 -1.00058</i>
                        <i>0.400484 0.733815 0.548751 -0.817612 0.0158163 0.575552 0.413669 -0.679165 0.60631 -2.1579 1.80546 -1.00058</i>
                        <i>0.400484 0.733815 0.548751 -0.817612 0.0158163 0.575552 0.413669 -0.679165 0.60631 -2.1579 1.80546 -1.00058</i>
                        <i>0.400484 0.733815 0.548751 -0.817612 0.0158163 0.575552 0.413669 -0.679165 0.60631 -2.1579 1.80546 -1.00058</i>
                        <i>0.400484 0.733815 0.548751 -0.817612 0.0158163 0.575552 0.413669 -0.679165 0.60631 -2.1579 1.80546 -1.00058</i>
                        <i>0.400484 0.733815 0.548751 -0.817612 0.0158163 0.575552 0.413669 -0.679165 0.60631 -2.1579 1.80546 -1.00058</i>
                        <i>0.400484 0.733815 0.548751 -0.817612 0.0158163 0.575552 0.413669 -0.679165 0.60631 -2.1579 1.80546 -1.00058</i>
                        <i>0.400484 0.733815 0.548751 -0.817612 0.0158163 0.575552 0.413669 -0.679165 0.60631 -2.1579 1.80546 -1.00058</i>
                        <i>0.400484 0.733815 0.548751 -0.817612 0.0158163 0.575552 0.413669 -0.679165 0.60631 -2.1579 1.80546 -1.00058</i>
                        <i>0.400484 0.733815 0.548751 -0.817612 0.0158163 0.575552 0.413669 -0.679165 0.60631 -2.1579 1.80546 -1.00058</i>
                    </KeyFrames>
                </p>
            </i>
            <i>
                <p>
                    <Name><![CDATA[spine2]]></Name>
                    <Exclude>0</Exclude>
                    <Additive>0</Additive>
                    <IKPriority>0</IKPriority>
                    <IKRotLimits>-1e+010 -1e+010 -1e+010 1e+010 1e+010 1e+010</IKRotLimits>
                    <IKRotLimitOrder>0</IKRotLimitOrder>
                    <KeyFrames count="40">
                        <i>0.516739 0.482672 0.707112 -0.796007 -0.0332173 0.604375 0.315204 -0.875171 0.367046 -2.09051 1.92848 -0.90832</i>
                        <i>0.559479 0.360408 0.746384 -0.79201 -0.0330032 0.609616 0.244344 -0.932211 0.266982 -2.08949 1.95662 -0.905127</i>
                        <i>0.590211 0.241608 0.770244 -0.787922 -0.0351152 0.614772 0.175581 -0.969738 0.169643 -2.08739 1.98476 -0.900407</i>
                        <i>0.601537 0.212083 0.770178 -0.783023 -0.0344008 0.621041 0.158207 -0.976646 0.145373 -2.08893 1.99311 -0.900206</i>
                        <i>0.589797 0.321878 0.740631 -0.777201 -0.022824 0.628839 0.219314 -0.946506 0.236702 -2.09539 1.96026 -0.906298</i>
                        <i>0.549544 0.4984 0.670521 -0.77368 0.000691518 0.633576 0.315311 -0.866947 0.385982 -2.10123 1.90513 -0.911483</i>
                        <i>0.506436 0.626644 0.592317 -0.772272 0.0240678 0.634836 0.38356 -0.778934 0.496129 -2.10543 1.86837 -0.914222</i>
                        <i>0.496483 0.661155 0.562475 -0.769306 0.0349869 0.637922 0.402086 -0.749433 0.526001 -2.10777 1.86578 -0.915147</i>
                        <i>0.502471 0.657479 0.561466 -0.766337 0.0380033 0.641313 0.400313 -0.752514 0.522946 -2.10932 1.87995 -0.915789</i>
                        <i>0.509446 0.649796 0.564118 -0.763433 0.0388273 0.644719 0.397033 -0.759116 0.515856 -2.11307 1.89758 -0.919368</i>
                        <i>0.512771 0.646559 0.564824 -0.761709 0.0391142 0.646738 0.396062 -0.76186 0.512547 -2.11758 1.9131 -0.924274</i>
                        <i>0.520801 0.632491 0.573343 -0.759675 0.0369921 0.64925 0.389435 -0.773684 0.499753 -2.12228 1.93012 -0.92968</i>
                        <i>0.531269 0.610971 0.586914 -0.757975 0.0333139 0.651432 0.378453 -0.790952 0.480799 -2.12595 1.94376 -0.934139</i>
                        <i>0.532192 0.605974 0.591242 -0.75882 0.0317137 0.650528 0.375453 -0.794852 0.476703 -2.12801 1.94908 -0.937073</i>
                        <i>0.527998 0.610302 0.59055 -0.760755 0.0308369 0.648306 0.377452 -0.791569 0.480572 -2.1301 1.94986 -0.940349</i>
                        <i>0.523976 0.613741 0.590568 -0.762647 0.0293507 0.646149 0.379235 -0.788962 0.483447 -2.13173 1.95039 -0.943155</i>
                        <i>0.519721 0.617325 0.590593 -0.764585 0.0276531 0.643929 0.381182 -0.786222 0.486369 -2.13207 1.95015 -0.944395</i>
                        <i>0.513197 0.623999 0.589283 -0.767282 0.025902 0.640786 0.384586 -0.780996 0.492076 -2.13012 1.94826 -0.94295</i>
                        <i>0.501891 0.638137 0.583854 -0.770854 0.0238564 0.636565 0.392287 -0.769553 0.503884 -2.12811 1.94616 -0.941726</i>
                        <i>0.483715 0.663301 0.57101 -0.775061 0.0215662 0.631519 0.406572 -0.748042 0.52453 -2.12787 1.94512 -0.943007</i>
                        <i>0.462518 0.691099 0.555391 -0.77929 0.0181431 0.626401 0.422829 -0.722532 0.546958 -2.1288 1.9451 -0.945935</i>
                        <i>0.442861 0.713784 0.542574 -0.783002 0.0130915 0.621881 0.436786 -0.700243 0.564692 -2.13034 1.94597 -0.949729</i>
                        <i>0.429451 0.725079 0.538361 -0.785962 0.00647507 0.618241 0.444787 -0.688635 0.572665 -2.13128 1.94706 -0.952783</i>
                        <i>0.425744 0.720935 0.546805 -0.788271 -0.00119608 0.615327 0.444265 -0.693002 0.567783 -2.13 1.94736 -0.952937</i>
                        <i>0.435213 0.695597 0.571607 -0.790041 -0.00941377 0.612981 0.431769 -0.71837 0.545454 -2.12513 1.94611 -0.948323</i>
                        <i>0.454605 0.651247 0.607628 -0.791597 -0.0173113 0.610798 0.408299 -0.758668 0.507655 -2.11724 1.94315 -0.939628</i>
                        <i>0.477159 0.596446 0.645423 -0.793132 -0.0240383 0.608575 0.378497 -0.802293 0.46159 -2.10809 1.93891 -0.929093</i>
                        <i>0.497374 0.541786 0.67756 -0.794555 -0.0290631 0.606496 0.348283 -0.840014 0.416024 -2.09944 1.93416 -0.918939</i>
                        <i>0.511452 0.499557 0.699185 -0.795608 -0.0321531 0.604959 0.324692 -0.865684 0.381007 -2.09302 1.93016 -0.91132</i>
                        <i>0.516739 0.482672 0.707112 -0.796007 -0.0332173 0.604375 0.315204 -0.875171 0.367046 -2.09051 1.92848 -0.90832</i>
                        <i>0.516739 0.482672 0.707112 -0.796007 -0.0332173 0.604375 0.315204 -0.875171 0.367046 -2.09051 1.92848 -0.90832</i>
                        <i>0.516739 0.482672 0.707112 -0.796007 -0.0332173 0.604375 0.315204 -0.875171 0.367046 -2.09051 1.92848 -0.90832</i>
                        <i>0.516739 0.482672 0.707112 -0.796007 -0.0332173 0.604375 0.315204 -0.875171 0.367046 -2.09051 1.92848 -0.90832</i>
                        <i>0.516739 0.482672 0.707112 -0.796007 -0.0332173 0.604375 0.315204 -0.875171 0.367046 -2.09051 1.92848 -0.90832</i>
                        <i>0.516739 0.482672 0.707112 -0.796007 -0.0332173 0.604375 0.315204 -0.875171 0.367046 -2.09051 1.92848 -0.90832</i>
                        <i>0.516739 0.482672 0.707112 -0.796007 -0.0332173 0.604375 0.315204 -0.875171 0.367046 -2.09051 1.92848 -0.90832</i>
                        <i>0.516739 0.482672 0.707112 -0.796007 -0.0332173 0.604375 0.315204 -0.875171 0.367046 -2.09051 1.92848 -0.90832</i>
                        <i>0.516739 0.482672 0.707112 -0.796007 -0.0332173 0.604375 0.315204 -0.875171 0.367046 -2.09051 1.92848 -0.90832</i>
                        <i>0.516739 0.482672 0.707112 -0.796007 -0.0332173 0.604375 0.315204 -0.875171 0.367046 -2.09051 1.92848 -0.90832</i>
                        <i>0.516739 0.482672 0.707112 -0.796007 -0.0332173 0.604375 0.315204 -0.875171 0.367046 -2.09051 1.92848 -0.90832</i>
                    </KeyFrames>
                </p>
            </i>
            <i>
                <p>
                    <Name><![CDATA[head]]></Name>
                    <Exclude>0</Exclude>
                    <Additive>0</Additive>
                    <IKPriority>0</IKPriority>
                    <IKRotLimits>-1e+010 -1e+010 -1e+010 1e+010 1e+010 1e+010</IKRotLimits>
                    <IKRotLimitOrder>0</IKRotLimitOrder>
                    <KeyFrames count="40">
                        <i>0.0947608 0.983774 0.152345 -0.189502 0.168061 -0.96739 -0.977297 0.062801 0.202353 -1.95861 2.06309 -0.723703</i>
                        <i>0.284934 0.741526 0.607413 -0.0850802 0.650745 -0.754515 -0.954764 0.163308 0.248509 -1.9419 2.05528 -0.703451</i>
                        <i>0.379873 0.36156 0.851452 0.0989149 0.899296 -0.426008 -0.919735 0.24605 0.305855 -1.92773 2.04546 -0.686796</i>
                        <i>0.390311 0.199976 0.898703 0.170259 0.943613 -0.283914 -0.904803 0.263827 0.334255 -1.92578 2.0433 -0.684736</i>
                        <i>0.361173 0.302273 0.882148 0.0941449 0.929351 -0.356993 -0.927734 0.211986 0.307198 -1.94017 2.04654 -0.701782</i>
                        <i>0.289694 0.522755 0.801751 -0.0454117 0.844235 -0.534046 -0.956042 0.118301 0.268309 -1.96618 2.04477 -0.733562</i>
                        <i>0.220437 0.662547 0.715848 -0.131148 0.74737 -0.651336 -0.966544 0.0496965 0.251639 -1.98877 2.04055 -0.761965</i>
                        <i>0.204601 0.690222 0.694069 -0.147179 0.722701 -0.675309 -0.967717 0.0360163 0.249452 -1.99512 2.04424 -0.770074</i>
                        <i>0.208631 0.68766 0.695412 -0.145284 0.724961 -0.673293 -0.967143 0.0394373 0.251155 -1.99446 2.0567 -0.769116</i>
                        <i>0.215457 0.677322 0.70343 -0.139229 0.734297 -0.664397 -0.966537 0.0452107 0.252512 -1.99488 2.07164 -0.769496</i>
                        <i>0.2162 0.668429 0.71166 -0.134904 0.742359 -0.65628 -0.966984 0.0458821 0.250672 -1.99712 2.08621 -0.772197</i>
                        <i>0.220155 0.65918 0.719036 -0.126093 0.750168 -0.649113 -0.967281 0.0522402 0.248271 -1.99787 2.09919 -0.773107</i>
                        <i>0.220078 0.676109 0.703166 -0.124065 0.734386 -0.667297 -0.967561 0.0596194 0.245504 -1.99704 2.10693 -0.772111</i>
                        <i>0.196735 0.741038 0.641995 -0.143872 0.669524 -0.728724 -0.969843 0.0510007 0.238334 -1.99824 2.11213 -0.773652</i>
                        <i>0.159187 0.821476 0.547573 -0.168974 0.569132 -0.804696 -0.972681 0.0355719 0.229406 -2.00125 2.11551 -0.777474</i>
                        <i>0.119145 0.891587 0.436894 -0.187207 0.452309 -0.871992 -0.975068 0.0221044 0.220802 -2.00374 2.11796 -0.780657</i>
                        <i>0.0784235 0.945351 0.316482 -0.197702 0.325903 -0.9245 -0.97712 0.00993324 0.212457 -2.00518 2.11935 -0.782503</i>
                        <i>0.0349782 0.981264 0.189468 -0.201212 0.192617 -0.960423 -0.978923 -0.0045295 0.20418 -2.00543 2.12022 -0.78277</i>
                        <i>-0.00870867 0.997772 0.0661378 -0.197419 0.0631231 -0.978285 -0.98028 -0.0215764 0.19643 -2.00712 2.12281 -0.78487</i>
                        <i>-0.0495906 0.997897 -0.0417429 -0.187606 -0.0503572 -0.980953 -0.980992 -0.0408148 0.189709 -2.01246 2.12883 -0.791639</i>
                        <i>-0.0617598 0.993837 -0.0920485 -0.17854 -0.101738 -0.978659 -0.981992 -0.0440074 0.183723 -2.01946 2.13593 -0.800578</i>
                        <i>-0.0393282 0.996198 -0.0777345 -0.174062 -0.0834353 -0.981194 -0.983949 -0.0250579 0.176682 -2.02602 2.142 -0.809002</i>
                        <i>-0.00292107 0.999473 -0.0323361 -0.170001 -0.0323619 -0.984912 -0.98544 0.00262017 0.170006 -2.02968 2.14504 -0.813722</i>
                        <i>0.0245303 0.999684 0.00546766 -0.167753 0.00950798 -0.985783 -0.985524 0.0232643 0.167934 -2.0282 2.14346 -0.811838</i>
                        <i>0.0410671 0.998666 0.0313075 -0.171117 0.0379006 -0.984521 -0.984394 0.0350742 0.172445 -2.0195 2.1353 -0.800682</i>
                        <i>0.0576762 0.996358 0.0628094 -0.177128 0.0721287 -0.981541 -0.982496 0.0454863 0.180643 -2.00516 2.12092 -0.782348</i>
                        <i>0.0725794 0.992801 0.0952788 -0.182984 0.107164 -0.977258 -0.980433 0.0534943 0.189445 -1.98879 2.10269 -0.761571</i>
                        <i>0.0843617 0.988684 0.124041 -0.187019 0.137984 -0.972617 -0.978727 0.0588535 0.196544 -1.97372 2.08397 -0.742582</i>
                        <i>0.0920223 0.985211 0.144537 -0.18898 0.159794 -0.968892 -0.97766 0.0618451 0.20089 -1.96281 2.06912 -0.728935</i>
                        <i>0.0947608 0.983774 0.152345 -0.189502 0.168061 -0.96739 -0.977297 0.062801 0.202353 -1.95861 2.06309 -0.723703</i>
                        <i>0.0947608 0.983774 0.152345 -0.189502 0.168061 -0.96739 -0.977297 0.062801 0.202353 -1.95861 2.06309 -0.723703</i>
                        <i>0.0947608 0.983774 0.152345 -0.189502 0.168061 -0.96739 -0.977297 0.062801 0.202353 -1.95861 2.06309 -0.723703</i>
                        <i>0.0947608 0.983774 0.152345 -0.189502 0.168061 -0.96739 -0.977297 0.062801 0.202353 -1.95861 2.06309 -0.723703</i>
                        <i>0.0947608 0.983774 0.152345 -0.189502 0.168061 -0.96739 -0.977297 0.062801 0.202353 -1.95861 2.06309 -0.723703</i>
                        <i>0.0947608 0.983774 0.152345 -0.189502 0.168061 -0.96739 -0.977297 0.062801 0.202353 -1.95861 2.06309 -0.723703</i>
                        <i>0.0947608 0.983774 0.152345 -0.189502 0.168061 -0.96739 -0.977297 0.062801 0.202353 -1.95861 2.06309 -0.723703</i>
                        <i>0.0947608 0.983774 0.152345 -0.189502 0.168061 -0.96739 -0.977297 0.062801 0.202353 -1.95861 2.06309 -0.723703</i>
                        <i>0.0947608 0.983774 0.152345 -0.189502 0.168061 -0.96739 -0.977297 0.062801 0.202353 -1.95861 2.06309 -0.723703</i>
                        <i>0.0947608 0.983774 0.152345 -0.189502 0.168061 -0.96739 -0.977297 0.062801 0.202353 -1.95861 2.06309 -0.723703</i>
                        <i>0.0947608 0.983774 0.152345 -0.189502 0.168061 -0.96739 -0.977297 0.062801 0.202353 -1.95861 2.06309 -0.723703</i>
                    </KeyFrames>
                </p>
            </i>
            <i>
                <p>
                    <Name><![CDATA[head_prop]]></Name>
                    <Exclude>0</Exclude>
                    <Additive>0</Additive>
                    <IKPriority>0</IKPriority>
                    <IKRotLimits>-1e+010 -1e+010 -1e+010 1e+010 1e+010 1e+010</IKRotLimits>
                    <IKRotLimitOrder>0</IKRotLimitOrder>
                    <KeyFrames count="40">
                        <i>0.977297 -0.062801 -0.202353 0.0947608 0.983774 0.152345 0.189502 -0.168061 0.96739 -1.92773 2.38371 -0.674052</i>
                        <i>0.954764 -0.163308 -0.248509 0.284934 0.741526 0.607413 0.0850802 -0.650745 0.754515 -1.84903 2.29695 -0.505489</i>
                        <i>0.919735 -0.24605 -0.305855 0.379873 0.36156 0.851452 -0.0989149 -0.899296 0.426008 -1.80393 2.16329 -0.4093</i>
                        <i>0.904803 -0.263827 -0.334255 0.390311 0.199976 0.898703 -0.170259 -0.943613 0.283914 -1.79857 2.10847 -0.39184</i>
                        <i>0.927734 -0.211986 -0.307198 0.361173 0.302273 0.882148 -0.0941449 -0.929351 0.356993 -1.82246 2.14505 -0.414282</i>
                        <i>0.956042 -0.118301 -0.268309 0.289694 0.522755 0.801751 0.0454117 -0.844235 0.534046 -1.87177 2.21514 -0.472264</i>
                        <i>0.966544 -0.0496965 -0.251639 0.220437 0.662547 0.715848 0.131148 -0.74737 0.651336 -1.91692 2.25648 -0.528664</i>
                        <i>0.967717 -0.0360163 -0.249452 0.204601 0.690222 0.694069 0.147179 -0.722701 0.675309 -1.92844 2.26919 -0.543871</i>
                        <i>0.967143 -0.0394373 -0.251155 0.208631 0.68766 0.695412 0.145284 -0.724961 0.673293 -1.92646 2.28081 -0.542475</i>
                        <i>0.966537 -0.0452107 -0.252512 0.215457 0.677322 0.70343 0.139229 -0.734297 0.664397 -1.92466 2.29238 -0.540242</i>
                        <i>0.966984 -0.0458821 -0.250672 0.2162 0.668429 0.71166 0.134904 -0.742359 0.65628 -1.92666 2.30405 -0.54026</i>
                        <i>0.967281 -0.0522402 -0.248271 0.220155 0.65918 0.719036 0.126093 -0.750168 0.649113 -1.92612 2.31402 -0.538767</i>
                        <i>0.967561 -0.0596194 -0.245504 0.220078 0.676109 0.703166 0.124065 -0.734386 0.667297 -1.92531 2.32728 -0.542943</i>
                        <i>0.969843 -0.0510007 -0.238334 0.196735 0.741038 0.641995 0.143872 -0.669524 0.728724 -1.93413 2.35364 -0.56442</i>
                        <i>0.972681 -0.0355719 -0.229406 0.159187 0.821476 0.547573 0.168974 -0.569132 0.804696 -1.94937 2.38323 -0.599015</i>
                        <i>0.975068 -0.0221044 -0.220802 0.119145 0.891587 0.436894 0.187207 -0.452309 0.871992 -1.96491 2.40853 -0.638269</i>
                        <i>0.97712 -0.00993324 -0.212457 0.0784235 0.945351 0.316482 0.197702 -0.325903 0.9245 -1.97963 2.42745 -0.679358</i>
                        <i>0.978923 0.0045295 -0.20418 0.0349782 0.981264 0.189468 0.201212 -0.192617 0.960423 -1.99403 2.44003 -0.721021</i>
                        <i>0.98028 0.0215764 -0.19643 -0.00870867 0.997772 0.0661378 0.197419 -0.0631231 0.978285 -2.00996 2.44799 -0.763315</i>
                        <i>0.980992 0.0408148 -0.189709 -0.0495906 0.997897 -0.0417429 0.187606 0.0503572 0.980953 -2.02862 2.45406 -0.805244</i>
                        <i>0.981992 0.0440074 -0.183723 -0.0617598 0.993837 -0.0920485 0.17854 0.101738 0.978659 -2.03959 2.45983 -0.830578</i>
                        <i>0.983949 0.0250579 -0.176682 -0.0393282 0.996198 -0.0777345 0.174062 0.0834353 0.981194 -2.03884 2.46667 -0.834337</i>
                        <i>0.98544 -0.00262017 -0.170006 -0.00292107 0.999473 -0.0323361 0.170001 0.0323619 0.984912 -2.03063 2.47078 -0.82426</i>
                        <i>0.985524 -0.0232643 -0.167934 0.0245303 0.999684 0.00546766 0.167753 -0.00950798 0.985783 -2.02021 2.46927 -0.810056</i>
                        <i>0.984394 -0.0350742 -0.172445 0.0410671 0.998666 0.0313075 0.171117 -0.0379006 0.984521 -2.00612 2.46078 -0.790479</i>
                        <i>0.982496 -0.0454863 -0.180643 0.0576762 0.996358 0.0628094 0.177128 -0.0721287 0.981541 -1.98636 2.44564 -0.761878</i>
                        <i>0.980433 -0.0534943 -0.189445 0.0725794 0.992801 0.0952788 0.182984 -0.107164 0.977258 -1.96514 2.42626 -0.730519</i>
                        <i>0.978727 -0.0588535 -0.196544 0.0843617 0.988684 0.124041 0.187019 -0.137984 0.972617 -1.94623 2.40619 -0.702156</i>
                        <i>0.97766 -0.0618451 -0.20089 0.0920223 0.985211 0.144537 0.18898 -0.159794 0.968892 -1.93282 2.39021 -0.681829</i>
                        <i>0.977297 -0.062801 -0.202353 0.0947608 0.983774 0.152345 0.189502 -0.168061 0.96739 -1.92773 2.38371 -0.674052</i>
                        <i>0.977297 -0.062801 -0.202353 0.0947608 0.983774 0.152345 0.189502 -0.168061 0.96739 -1.92773 2.38371 -0.674052</i>
                        <i>0.977297 -0.062801 -0.202353 0.0947608 0.983774 0.152345 0.189502 -0.168061 0.96739 -1.92773 2.38371 -0.674052</i>
                        <i>0.977297 -0.062801 -0.202353 0.0947608 0.983774 0.152345 0.189502 -0.168061 0.96739 -1.92773 2.38371 -0.674052</i>
                        <i>0.977297 -0.062801 -0.202353 0.0947608 0.983774 0.152345 0.189502 -0.168061 0.96739 -1.92773 2.38371 -0.674052</i>
                        <i>0.977297 -0.062801 -0.202353 0.0947608 0.983774 0.152345 0.189502 -0.168061 0.96739 -1.92773 2.38371 -0.674052</i>
                        <i>0.977297 -0.062801 -0.202353 0.0947608 0.983774 0.152345 0.189502 -0.168061 0.96739 -1.92773 2.38371 -0.674052</i>
                        <i>0.977297 -0.062801 -0.202353 0.0947608 0.983774 0.152345 0.189502 -0.168061 0.96739 -1.92773 2.38371 -0.674052</i>
                        <i>0.977297 -0.062801 -0.202353 0.0947608 0.983774 0.152345 0.189502 -0.168061 0.96739 -1.92773 2.38371 -0.674052</i>
                        <i>0.977297 -0.062801 -0.202353 0.0947608 0.983774 0.152345 0.189502 -0.168061 0.96739 -1.92773 2.38371 -0.674052</i>
                        <i>0.977297 -0.062801 -0.202353 0.0947608 0.983774 0.152345 0.189502 -0.168061 0.96739 -1.92773 2.38371 -0.674052</i>
                    </KeyFrames>
                </p>
            </i>
            <i>
                <p>
                    <Name><![CDATA[l_clav]]></Name>
                    <Exclude>0</Exclude>
                    <Additive>0</Additive>
                    <IKPriority>0</IKPriority>
                    <IKRotLimits>-1e+010 -1e+010 -1e+010 1e+010 1e+010 1e+010</IKRotLimits>
                    <IKRotLimitOrder>0</IKRotLimitOrder>
                    <KeyFrames count="40">
                        <i>0.873614 0.18743 -0.449075 0.258667 0.602808 0.754794 0.412178 -0.775559 0.47814 -1.97583 1.93643 -0.901117</i>
                        <i>0.927914 0.28298 -0.242688 0.109028 0.416535 0.902558 0.356494 -0.863956 0.355656 -1.97317 1.95962 -0.89758</i>
                        <i>0.960255 0.267262 -0.080506 0.0108112 0.252595 0.967512 0.278915 -0.929928 0.239666 -1.96951 1.98441 -0.892569</i>
                        <i>0.966341 0.249982 -0.0607727 0.00461816 0.219333 0.975639 0.257222 -0.943081 0.210797 -1.96986 1.9927 -0.892848</i>
                        <i>0.932382 0.350209 -0.0895355 -0.0472834 0.363729 0.930304 0.358368 -0.863165 0.355694 -1.97556 1.96267 -0.9006</i>
                        <i>0.859061 0.482072 -0.172108 -0.148711 0.556775 0.817244 0.489795 -0.676468 0.549993 -1.98102 1.91386 -0.908078</i>
                        <i>0.796761 0.55143 -0.247178 -0.235429 0.659973 0.713448 0.556548 -0.510255 0.655664 -1.98592 1.88388 -0.914475</i>
                        <i>0.780897 0.565111 -0.266175 -0.259167 0.68081 0.685077 0.56836 -0.465991 0.6781 -1.98897 1.88369 -0.9184</i>
                        <i>0.782315 0.563558 -0.265302 -0.25857 0.681317 0.684798 0.566679 -0.467129 0.678724 -1.99026 1.89841 -0.919914</i>
                        <i>0.787687 0.557814 -0.261519 -0.2514 0.678572 0.690172 0.562447 -0.477894 0.674737 -1.99366 1.91696 -0.924054</i>
                        <i>0.789735 0.553745 -0.263979 -0.247424 0.681292 0.688928 0.561337 -0.478756 0.67505 -1.99767 1.93378 -0.928975</i>
                        <i>0.797875 0.543746 -0.260261 -0.233693 0.67697 0.697925 0.555683 -0.496036 0.667207 -2.00188 1.95141 -0.934223</i>
                        <i>0.808214 0.53074 -0.255157 -0.215282 0.669581 0.710855 0.548127 -0.519593 0.655424 -2.005 1.96488 -0.938156</i>
                        <i>0.806523 0.527625 -0.266705 -0.212432 0.679632 0.702121 0.551718 -0.50962 0.660223 -2.00639 1.97035 -0.939919</i>
                        <i>0.800201 0.527593 -0.285172 -0.215368 0.696576 0.684397 0.559727 -0.486238 0.671028 -2.00801 1.97165 -0.942012</i>
                        <i>0.795648 0.525053 -0.302098 -0.215034 0.711042 0.669462 0.566307 -0.467695 0.678644 -2.00945 1.97258 -0.943896</i>
