<?xml version="1.0" encoding="ISO-8859-1" ?>
<Animl Version="1">
    <ModellingPackage><![CDATA[Maya.2010]]></ModellingPackage>
    <SrcFile><![CDATA[anims\turrets\mortar\red\~src\mortar_82pm41\mortar_82pm41_aim_low_crewman_a.mb]]></SrcFile>
    <FramesPerSecond>30</FramesPerSecond>
    <TotalFrames>30</TotalFrames>
    <Skeleton>
        <RefFrame>
            <Name><![CDATA[soldier_ref_frame]]></Name>
            <Exclude>0</Exclude>
            <Additive>0</Additive>
            <IKPriority>0</IKPriority>
            <IKRotLimits>-1e+010 -1e+010 -1e+010 1e+010 1e+010 1e+010</IKRotLimits>
            <IKRotLimitOrder>0</IKRotLimitOrder>
            <KeyFrames count="30">
                <i>1 0 0 0 1 0 0 0 1 1.05 0.91 -2.35</i>
                <i>1 0 0 0 1 0 0 0 1 1.05 0.91 -2.35</i>
                <i>1 0 0 0 1 0 0 0 1 1.05 0.91 -2.35</i>
                <i>1 0 0 0 1 0 0 0 1 1.05 0.91 -2.35</i>
                <i>1 0 0 0 1 0 0 0 1 1.05 0.91 -2.35</i>
                <i>1 0 0 0 1 0 0 0 1 1.05 0.91 -2.35</i>
                <i>1 0 0 0 1 0 0 0 1 1.05 0.91 -2.35</i>
                <i>1 0 0 0 1 0 0 0 1 1.05 0.91 -2.35</i>
                <i>1 0 0 0 1 0 0 0 1 1.05 0.91 -2.35</i>
                <i>1 0 0 0 1 0 0 0 1 1.05 0.91 -2.35</i>
                <i>1 0 0 0 1 0 0 0 1 1.05 0.91 -2.35</i>
                <i>1 0 0 0 1 0 0 0 1 1.05 0.91 -2.35</i>
                <i>1 0 0 0 1 0 0 0 1 1.05 0.91 -2.35</i>
                <i>1 0 0 0 1 0 0 0 1 1.05 0.91 -2.35</i>
                <i>1 0 0 0 1 0 0 0 1 1.05 0.91 -2.35</i>
                <i>1 0 0 0 1 0 0 0 1 1.05 0.91 -2.35</i>
                <i>1 0 0 0 1 0 0 0 1 1.05 0.91 -2.35</i>
                <i>1 0 0 0 1 0 0 0 1 1.05 0.91 -2.35</i>
                <i>1 0 0 0 1 0 0 0 1 1.05 0.91 -2.35</i>
                <i>1 0 0 0 1 0 0 0 1 1.05 0.91 -2.35</i>
                <i>1 0 0 0 1 0 0 0 1 1.05 0.91 -2.35</i>
                <i>1 0 0 0 1 0 0 0 1 1.05 0.91 -2.35</i>
                <i>1 0 0 0 1 0 0 0 1 1.05 0.91 -2.35</i>
                <i>1 0 0 0 1 0 0 0 1 1.05 0.91 -2.35</i>
                <i>1 0 0 0 1 0 0 0 1 1.05 0.91 -2.35</i>
                <i>1 0 0 0 1 0 0 0 1 1.05 0.91 -2.35</i>
                <i>1 0 0 0 1 0 0 0 1 1.05 0.91 -2.35</i>
                <i>1 0 0 0 1 0 0 0 1 1.05 0.91 -2.35</i>
                <i>1 0 0 0 1 0 0 0 1 1.05 0.91 -2.35</i>
                <i>1 0 0 0 1 0 0 0 1 1.05 0.91 -2.35</i>
            </KeyFrames>
        </RefFrame>
        <Bones count="23">
            <i>
                <p>
                    <Name><![CDATA[pelvis]]></Name>
                    <Exclude>0</Exclude>
                    <Additive>0</Additive>
                    <IKPriority>0</IKPriority>
                    <IKRotLimits>-1e+010 -1e+010 -1e+010 1e+010 1e+010 1e+010</IKRotLimits>
                    <IKRotLimitOrder>2</IKRotLimitOrder>
                    <KeyFrames count="30">
                        <i>1 0 0 0 1 0 0 0 1 0.989623 1.59534 -2.27636</i>
                        <i>1 0 0 0 1 0 0 0 1 0.989475 1.59595 -2.27639</i>
                        <i>1 0 0 0 1 0 0 0 1 0.989061 1.59765 -2.27648</i>
                        <i>1 0 0 0 1 0 0 0 1 0.988424 1.60027 -2.27661</i>
                        <i>1 0 0 0 1 0 0 0 1 0.98761 1.60362 -2.27678</i>
                        <i>1 0 0 0 1 0 0 0 1 0.986663 1.60752 -2.27697</i>
                        <i>1 0 0 0 1 0 0 0 1 0.985627 1.61179 -2.27719</i>
                        <i>1 0 0 0 1 0 0 0 1 0.984547 1.61624 -2.27741</i>
                        <i>1 0 0 0 1 0 0 0 1 0.983467 1.62069 -2.27764</i>
                        <i>1 0 0 0 1 0 0 0 1 0.982431 1.62495 -2.27785</i>
                        <i>1 0 0 0 1 0 0 0 1 0.981484 1.62885 -2.27805</i>
                        <i>1 0 0 0 1 0 0 0 1 0.98067 1.63221 -2.27822</i>
                        <i>1 0 0 0 1 0 0 0 1 0.980033 1.63483 -2.27835</i>
                        <i>1 0 0 0 1 0 0 0 1 0.979619 1.63654 -2.27843</i>
                        <i>1 0 0 0 1 0 0 0 1 0.979471 1.63714 -2.27846</i>
                        <i>1 0 0 0 1 0 0 0 1 0.9796 1.63662 -2.27844</i>
                        <i>1 0 0 0 1 0 0 0 1 0.979964 1.63512 -2.27836</i>
                        <i>1 0 0 0 1 0 0 0 1 0.980527 1.63282 -2.27825</i>
                        <i>1 0 0 0 1 0 0 0 1 0.981252 1.62985 -2.2781</i>
                        <i>1 0 0 0 1 0 0 0 1 0.982103 1.62636 -2.27792</i>
                        <i>1 0 0 0 1 0 0 0 1 0.983045 1.6225 -2.27772</i>
                        <i>1 0 0 0 1 0 0 0 1 0.98404 1.61841 -2.27752</i>
                        <i>1 0 0 0 1 0 0 0 1 0.985054 1.61425 -2.27731</i>
                        <i>1 0 0 0 1 0 0 0 1 0.98605 1.61015 -2.2771</i>
                        <i>1 0 0 0 1 0 0 0 1 0.986991 1.60628 -2.27691</i>
                        <i>1 0 0 0 1 0 0 0 1 0.987842 1.60277 -2.27673</i>
                        <i>1 0 0 0 1 0 0 0 1 0.988567 1.59978 -2.27658</i>
                        <i>1 0 0 0 1 0 0 0 1 0.98913 1.59744 -2.27646</i>
                        <i>1 0 0 0 1 0 0 0 1 0.989494 1.59591 -2.27639</i>
                        <i>1 0 0 0 1 0 0 0 1 0.989623 1.59534 -2.27636</i>
                    </KeyFrames>
                </p>
            </i>
            <i>
                <p>
                    <Name><![CDATA[spine0]]></Name>
                    <Exclude>0</Exclude>
                    <Additive>0</Additive>
                    <IKPriority>0</IKPriority>
                    <IKRotLimits>-1e+010 -1e+010 -1e+010 1e+010 1e+010 1e+010</IKRotLimits>
                    <IKRotLimitOrder>0</IKRotLimitOrder>
                    <KeyFrames count="30">
                        <i>-0.412417 0.910352 0.034224 -0.273597 -0.0879392 -0.957816 -0.86894 -0.404383 0.285337 1.00867 1.7339 -2.31007</i>
                        <i>-0.416077 0.908558 0.0374525 -0.272581 -0.0853248 -0.958342 -0.867513 -0.408953 0.283157 1.01035 1.73414 -2.31051</i>
                        <i>-0.419266 0.906961 0.0404622 -0.271276 -0.0826227 -0.958949 -0.866386 -0.413031 0.280677 1.01206 1.73538 -2.31107</i>
                        <i>-0.422044 0.905545 0.0432111 -0.269793 -0.0799511 -0.959594 -0.8655 -0.416649 0.278052 1.01366 1.73749 -2.3117</i>
                        <i>-0.424423 0.904313 0.045635 -0.26826 -0.0774463 -0.960228 -0.864813 -0.419785 0.275461 1.01502 1.7403 -2.31234</i>
                        <i>-0.42637 0.903293 0.0476516 -0.266824 -0.0752603 -0.960802 -0.864299 -0.422372 0.273109 1.016 1.74369 -2.31295</i>
                        <i>-0.427821 0.902525 0.0491669 -0.265647 -0.0735573 -0.96126 -0.863945 -0.424308 0.271223 1.01648 1.74753 -2.31348</i>
                        <i>-0.428703 0.902056 0.0500848 -0.264899 -0.0725053 -0.961547 -0.863738 -0.425485 0.270037 1.01635 1.75171 -2.3139</i>
                        <i>-0.428952 0.901925 0.0503163 -0.264746 -0.0722666 -0.961607 -0.86366 -0.425805 0.26978 1.01546 1.75611 -2.31416</i>
                        <i>-0.42833 0.902254 0.0497157 -0.265166 -0.072906 -0.961443 -0.863841 -0.424997 0.270475 1.01389 1.76053 -2.31427</i>
                        <i>-0.426693 0.903108 0.0482567 -0.265965 -0.0743046 -0.961115 -0.864405 -0.422935 0.2719 1.01191 1.76472 -2.31425</i>
                        <i>-0.424224 0.904384 0.0460844 -0.26704 -0.0763099 -0.960659 -0.865288 -0.419841 0.273879 1.00964 1.76847 -2.31411</i>
                        <i>-0.421176 0.90594 0.0433921 -0.268291 -0.0787431 -0.960114 -0.866389 -0.416019 0.276221 1.00724 1.77156 -2.31386</i>
                        <i>-0.417791 0.907646 0.0403683 -0.269626 -0.0814339 -0.959516 -0.867613 -0.411761 0.278747 1.00484 1.77375 -2.31352</i>
                        <i>-0.414286 0.909387 0.0371902 -0.270963 -0.0842264 -0.958898 -0.868877 -0.407335 0.281304 1.00259 1.77485 -2.31309</i>
                        <i>-0.410845 0.91107 0.0340184 -0.272234 -0.0869818 -0.958292 -0.870112 -0.40297 0.283761 1.0006 1.77478 -2.31259</i>
                        <i>-0.407614 0.912628 0.0309941 -0.273386 -0.0895786 -0.957724 -0.87127 -0.398855 0.286013 0.998925 1.77369 -2.31205</i>
                        <i>-0.4047 0.914013 0.0282387 -0.274372 -0.0919107 -0.957221 -0.872318 -0.395135 0.287976 0.997638 1.77173 -2.31151</i>
                        <i>-0.402178 0.915196 0.0258563 -0.275156 -0.093884 -0.956805 -0.873236 -0.39192 0.28958 0.996804 1.76903 -2.311</i>
                        <i>-0.400103 0.916157 0.023939 -0.275704 -0.0954121 -0.956496 -0.874016 -0.389297 0.290763 0.996489 1.76573 -2.31055</i>
                        <i>-0.398572 0.916859 0.0225769 -0.276023 -0.0964432 -0.9563 -0.874615 -0.387386 0.291514 0.996695 1.76198 -2.31018</i>
                        <i>-0.397771 0.917224 0.0218713 -0.276173 -0.0969666 -0.956204 -0.874933 -0.38639 0.291883 0.997329 1.75795 -2.30989</i>
                        <i>-0.397575 0.917313 0.0217237 -0.276175 -0.097053 -0.956195 -0.875021 -0.386158 0.291924 0.998314 1.75379 -2.30967</i>
                        <i>-0.397786 0.917215 0.0219852 -0.276039 -0.0967937 -0.95626 -0.874968 -0.386455 0.29169 0.999576 1.74966 -2.30953</i>
                        <i>-0.398583 0.91685 0.0227561 -0.275797 -0.0961598 -0.956394 -0.874681 -0.387479 0.291192 1.00104 1.74571 -2.30945</i>
                        <i>-0.400071 0.916167 0.0240851 -0.275472 -0.095145 -0.956589 -0.874104 -0.389339 0.290443 1.00262 1.74208 -2.30945</i>
                        <i>-0.402225 0.915174 0.0259343 -0.275076 -0.0937829 -0.956837 -0.87324 -0.391998 0.289464 1.00425 1.73894 -2.30951</i>
                        <i>-0.40502 0.913871 0.0282669 -0.274623 -0.0921057 -0.95713 -0.87209 -0.395419 0.288275 1.00586 1.73642 -2.30964</i>
                        <i>-0.408428 0.912262 0.0310441 -0.274125 -0.0901463 -0.95746 -0.870656 -0.399563 0.286893 1.00735 1.73469 -2.30982</i>
                        <i>-0.412417 0.910352 0.034224 -0.273597 -0.0879392 -0.957816 -0.86894 -0.404383 0.285337 1.00867 1.7339 -2.31007</i>
                    </KeyFrames>
                </p>
            </i>
            <i>
                <p>
                    <Name><![CDATA[spine1]]></Name>
                    <Exclude>0</Exclude>
                    <Additive>0</Additive>
                    <IKPriority>0</IKPriority>
                    <IKRotLimits>-1e+010 -1e+010 -1e+010 1e+010 1e+010 1e+010</IKRotLimits>
                    <IKRotLimitOrder>0</IKRotLimitOrder>
                    <KeyFrames count="30">
                        <i>-0.783374 0.495792 0.374853 -0.501672 -0.148306 -0.85225 -0.366946 -0.855684 0.364904 0.933637 1.89966 -2.30385</i>
                        <i>-0.791296 0.479206 0.379754 -0.500128 -0.149977 -0.852865 -0.351744 -0.864794 0.35834 0.934241 1.9005 -2.30368</i>
                        <i>-0.798711 0.463423 0.383797 -0.498301 -0.151894 -0.853595 -0.337279 -0.873022 0.352244 0.93489 1.9025 -2.30364</i>
                        <i>-0.805346 0.449061 0.386991 -0.496369 -0.153921 -0.854357 -0.324092 -0.880144 0.346859 0.935475 1.90543 -2.30371</i>
                        <i>-0.811 0.436639 0.389391 -0.494498 -0.155913 -0.855081 -0.312651 -0.886023 0.342362 0.935901 1.90907 -2.30385</i>
                        <i>-0.815525 0.426587 0.391078 -0.492843 -0.157712 -0.855706 -0.303355 -0.89059 0.338858 0.936085 1.91321 -2.30403</i>
                        <i>-0.818803 0.419259 0.392152 -0.491546 -0.159151 -0.856185 -0.296553 -0.893808 0.336398 0.935952 1.91766 -2.30424</i>
                        <i>-0.820718 0.414971 0.392711 -0.490746 -0.160051 -0.856476 -0.292559 -0.895646 0.335002 0.935431 1.92221 -2.30447</i>
                        <i>-0.821122 0.414051 0.392837 -0.49058 -0.160237 -0.856537 -0.291703 -0.896039 0.334699 0.934449 1.92668 -2.30468</i>
                        <i>-0.819935 0.416831 0.392376 -0.491018 -0.159728 -0.856381 -0.294293 -0.89484 0.335638 0.933124 1.9309 -2.30491</i>
                        <i>-0.817255 0.423239 0.391105 -0.491882 -0.158727 -0.856071 -0.300244 -0.892006 0.337905 0.931691 1.93473 -2.30519</i>
                        <i>-0.81318 0.432896 0.389023 -0.493092 -0.15734 -0.855631 -0.309191 -0.887606 0.341404 0.930231 1.93798 -2.3055</i>
                        <i>-0.807858 0.44521 0.386205 -0.494571 -0.15567 -0.855083 -0.320571 -0.881791 0.345947 0.92881 1.94046 -2.3058</i>
                        <i>-0.80145 0.459559 0.382731 -0.496241 -0.153817 -0.85445 -0.333799 -0.874726 0.351329 0.927498 1.94197 -2.30606</i>
                        <i>-0.794161 0.475276 0.378709 -0.498023 -0.151877 -0.85376 -0.348255 -0.866629 0.357314 0.926372 1.94233 -2.30626</i>
                        <i>-0.786257 0.491645 0.37428 -0.499832 -0.149942 -0.853045 -0.363275 -0.857789 0.363633 0.925487 1.9415 -2.30638</i>
                        <i>-0.778084 0.507897 0.369631 -0.501579 -0.148099 -0.852341 -0.37816 -0.848592 0.369983 0.924851 1.93969 -2.30643</i>
                        <i>-0.770075 0.523225 0.364993 -0.50317 -0.146432 -0.851691 -0.392179 -0.83952 0.376035 0.924492 1.93707 -2.30642</i>
                        <i>-0.762744 0.536802 0.360646 -0.504508 -0.145028 -0.851139 -0.40459 -0.83115 0.38144 0.924444 1.93382 -2.30636</i>
                        <i>-0.756668 0.547794 0.356898 -0.505494 -0.14397 -0.850734 -0.414644 -0.824133 0.385844 0.924746 1.93012 -2.30626</i>
                        <i>-0.752314 0.555575 0.354062 -0.506089 -0.143293 -0.850494 -0.421778 -0.819026 0.388972 0.925379 1.92614 -2.30615</i>
                        <i>-0.749924 0.559833 0.352421 -0.506355 -0.142957 -0.850393 -0.425697 -0.81618 0.390681 0.926227 1.92201 -2.30599</i>
                        <i>-0.749358 0.560923 0.351894 -0.506332 -0.142923 -0.850412 -0.426722 -0.815438 0.391113 0.927248 1.91787 -2.3058</i>
                        <i>-0.750312 0.559405 0.352275 -0.50606 -0.143154 -0.850535 -0.425364 -0.816439 0.390503 0.928414 1.91385 -2.3056</i>
                        <i>-0.752917 0.554936 0.353782 -0.505599 -0.143621 -0.850731 -0.42129 -0.819402 0.38871 0.929624 1.91009 -2.30539</i>
                        <i>-0.757112 0.547465 0.356461 -0.504993 -0.144295 -0.850977 -0.414444 -0.824294 0.385713 0.930787 1.9067 -2.30514</i>
                        <i>-0.762574 0.537403 0.360109 -0.504271 -0.145137 -0.851262 -0.405206 -0.830743 0.381674 0.931837 1.90383 -2.30485</i>
                        <i>-0.76898 0.525161 0.364522 -0.503459 -0.146111 -0.851576 -0.393954 -0.838366 0.376753 0.932706 1.90161 -2.30454</i>
                        <i>-0.776011 0.511152 0.369499 -0.502584 -0.147179 -0.851908 -0.381072 -0.846795 0.37111 0.933328 1.90017 -2.30421</i>
                        <i>-0.783374 0.495792 0.374853 -0.501672 -0.148306 -0.85225 -0.366946 -0.855684 0.364904 0.933637 1.89966 -2.30385</i>
                    </KeyFrames>
                </p>
            </i>
            <i>
                <p>
                    <Name><![CDATA[spine2]]></Name>
                    <Exclude>0</Exclude>
                    <Additive>0</Additive>
                    <IKPriority>0</IKPriority>
                    <IKRotLimits>-1e+010 -1e+010 -1e+010 1e+010 1e+010 1e+010</IKRotLimits>
                    <IKRotLimitOrder>0</IKRotLimitOrder>
                    <KeyFrames count="30">
                        <i>-0.852496 0.209354 0.47898 -0.521942 -0.391308 -0.757927 0.0287534 -0.89613 0.44286 0.802686 1.98224 -2.24083</i>
                        <i>-0.854574 0.195319 0.4812 -0.517727 -0.393149 -0.759864 0.0407671 -0.89849 0.437097 0.801234 1.98072 -2.23948</i>
                        <i>-0.856441 0.182939 0.482744 -0.513694 -0.394833 -0.761725 0.0512541 -0.900355 0.432126 0.799797 1.98053 -2.23835</i>
                        <i>-0.858072 0.172383 0.483733 -0.510001 -0.396313 -0.763436 0.0601066 -0.901787 0.42798 0.798374 1.9815 -2.23745</i>
                        <i>-0.859444 0.163759 0.484292 -0.506785 -0.397555 -0.764931 0.067268 -0.902847 0.424667 0.796972 1.98347 -2.23675</i>
                        <i>-0.86054 0.157129 0.484542 -0.504165 -0.398535 -0.766151 0.0727229 -0.903593 0.422174 0.795606 1.98627 -2.23627</i>
                        <i>-0.861337 0.152518 0.484599 -0.502244 -0.399237 -0.767047 0.0764815 -0.904073 0.420479 0.794294 1.98975 -2.236</i>
                        <i>-0.861806 0.149944 0.48457 -0.501118 -0.39964 -0.767573 0.0785607 -0.904325 0.419552 0.793059 1.99374 -2.23594</i>
                        <i>-0.861902 0.149441 0.484553 -0.500888 -0.399719 -0.767682 0.0789621 -0.904374 0.419372 0.791923 1.99809 -2.23609</i>
                        <i>-0.861622 0.151371 0.484452 -0.501619 -0.39946 -0.76734 0.0773662 -0.904167 0.420114 0.791018 2.0027 -2.23651</i>
                        <i>-0.861007 0.156067 0.484057 -0.503263 -0.398881 -0.766564 0.0734461 -0.903624 0.421982 0.790483 2.00743 -2.23722</i>
                        <i>-0.860063 0.163348 0.483332 -0.505725 -0.397993 -0.765404 0.0673351 -0.902729 0.424908 0.790332 2.01204 -2.23818</i>
                        <i>-0.858799 0.172773 0.482301 -0.508858 -0.39682 -0.763936 0.059399 -0.901489 0.428706 0.790558 2.01625 -2.23932</i>
                        <i>-0.857226 0.183887 0.480987 -0.512506 -0.395392 -0.762236 0.0500129 -0.899917 0.433183 0.791153 2.01978 -2.24057</i>
                        <i>-0.855369 0.19621 0.479422 -0.516505 -0.393746 -0.760386 0.0395754 -0.898034 0.438142 0.792112 2.02233 -2.24186</i>
                        <i>-0.853276 0.209223 0.477646 -0.520679 -0.391941 -0.75847 0.0285196 -0.895884 0.443372 0.793399 2.02377 -2.24314</i>
                        <i>-0.851028 0.222363 0.475717 -0.524835 -0.390051 -0.756577 0.0173191 -0.893541 0.448648 0.794923 2.02421 -2.24435</i>
                        <i>-0.848739 0.235023 0.473715 -0.528772 -0.388176 -0.754798 0.00649036 -0.891114 0.453734 0.796601 2.02369 -2.24544</i>
                        <i>-0.846564 0.246553 0.471742 -0.532276 -0.386436 -0.753226 -0.00341203 -0.888752 0.458377 0.798349 2.02231 -2.24638</i>
                        <i>-0.844689 0.256276 0.469918 -0.535127 -0.384967 -0.751957 -0.0118055 -0.886636 0.462318 0.800084 2.02014 -2.24712</i>
                        <i>-0.843283 0.263566 0.468408 -0.537163 -0.383885 -0.751058 -0.0181386 -0.884966 0.465302 0.8017 2.01726 -2.2476</i>
                        <i>-0.842463 0.267907 0.467421 -0.538308 -0.383256 -0.75056 -0.0219381 -0.883935 0.467095 0.803063 2.01374 -2.24776</i>
                        <i>-0.842215 0.269485 0.466959 -0.538635 -0.383061 -0.750424 -0.0233544 -0.883539 0.467774 0.804176 2.00978 -2.24766</i>
                        <i>-0.842465 0.268716 0.466952 -0.538271 -0.383245 -0.750591 -0.0227384 -0.883694 0.467513 0.805083 2.00559 -2.24735</i>
                        <i>-0.843278 0.265001 0.467607 -0.537121 -0.383858 -0.751102 -0.0195479 -0.884549 0.466037 0.805673 2.00122 -2.2468</i>
                        <i>-0.844629 0.258173 0.468987 -0.535179 -0.384887 -0.751961 -0.0136288 -0.88612 0.463256 0.805875 1.99679 -2.24598</i>
                        <i>-0.846371 0.248715 0.470954 -0.532567 -0.38624 -0.753121 -0.00541168 -0.888234 0.459359 0.805683 1.99248 -2.24493</i>
                        <i>-0.848354 0.237109 0.473365 -0.529408 -0.38782 -0.754535 0.00467327 -0.890716 0.454536 0.805091 1.98849 -2.2437</i>
                        <i>-0.850438 0.223833 0.476082 -0.525826 -0.389538 -0.756153 0.0162004 -0.893398 0.448974 0.804094 1.98501 -2.24232</i>
                        <i>-0.852496 0.209354 0.47898 -0.521942 -0.391308 -0.757927 0.0287534 -0.89613 0.44286 0.802686 1.98224 -2.24083</i>
                    </KeyFrames>
                </p>
            </i>
            <i>
                <p>
                    <Name><![CDATA[head]]></Name>
                    <Exclude>0</Exclude>
                    <Additive>0</Additive>
                    <IKPriority>0</IKPriority>
                    <IKRotLimits>-1e+010 -1e+010 -1e+010 1e+010 1e+010 1e+010</IKRotLimits>
                    <IKRotLimitOrder>0</IKRotLimitOrder>
                    <KeyFrames count="30">
                        <i>-0.178952 0.975091 0.131051 0.281493 0.178377 -0.942838 -0.942729 -0.131833 -0.306402 0.579587 2.04622 -2.12254</i>
                        <i>-0.183637 0.976063 0.116527 0.281338 0.165772 -0.945182 -0.941874 -0.140787 -0.305046 0.577222 2.0413 -2.12022</i>
                        <i>-0.188342 0.976392 0.105764 0.281027 0.156768 -0.946809 -0.941037 -0.148601 -0.303919 0.574894 2.03814 -2.11825</i>
                        <i>-0.193135 0.976144 0.0992013 0.280374 0.151795 -0.947812 -0.94026 -0.155242 -0.303003 0.572641 2.03658 -2.11664</i>
                        <i>-0.198089 0.975345 0.0972729 0.279201 0.151275 -0.948242 -0.939578 -0.160678 -0.302283 0.570505 2.03648 -2.11538</i>
                        <i>-0.203274 0.97396 0.100403 0.277336 0.155619 -0.948086 -0.939023 -0.164876 -0.301748 0.568529 2.0377 -2.11447</i>
                        <i>-0.208752 0.971874 0.109008 0.274618 0.165232 -0.94725 -0.93862 -0.167805 -0.301387 0.566763 2.04007 -2.1139</i>
                        <i>-0.214776 0.968734 0.124197 0.270734 0.181234 -0.94544 -0.938389 -0.169434 -0.301194 0.565255 2.04345 -2.11368</i>
                        <i>-0.221077 0.96437 0.145313 0.265772 0.202935 -0.942434 -0.938344 -0.16973 -0.301167 0.564061 2.04768 -2.1138</i>
                        <i>-0.226681 0.959029 0.169938 0.26036 0.227796 -0.938255 -0.938525 -0.16844 -0.30133 0.563313 2.05276 -2.11434</i>
                        <i>-0.23069 0.95315 0.195673 0.255237 0.253332 -0.933101 -0.938955 -0.165314 -0.30172 0.563114 2.05867 -2.11535</i>
                        <i>-0.232728 0.947228 0.220446 0.251005 0.277492 -0.927359 -0.939593 -0.16049 -0.302339 0.563463 2.0651 -2.11678</i>
                        <i>-0.232698 0.94186 0.242388 0.24813 0.298477 -0.921598 -0.940363 -0.154311 -0.303158 0.564339 2.07165 -2.11855</i>
                        <i>-0.230504 0.937781 0.259681 0.247021 0.314518 -0.916547 -0.941195 -0.147121 -0.304149 0.565715 2.07789 -2.12054</i>
                        <i>-0.22602 0.935799 0.270546 0.248001 0.32386 -0.913022 -0.942025 -0.139265 -0.305278 0.567562 2.08343 -2.12267</i>
                        <i>-0.219704 0.935844 0.275547 0.250719 0.327125 -0.911114 -0.942799 -0.13109 -0.306505 0.569808 2.08799 -2.12485</i>
                        <i>-0.212403 0.937172 0.276757 0.254419 0.326488 -0.910317 -0.943481 -0.122942 -0.307781 0.572319 2.09153 -2.12698</i>
                        <i>-0.204533 0.939534 0.274667 0.258731 0.322509 -0.91052 -0.944047 -0.115166 -0.30905 0.574959 2.09399 -2.12899</i>
                        <i>-0.19651 0.942665 0.269755 0.263296 0.315747 -0.911581 -0.944489 -0.108109 -0.310247 0.577582 2.0953 -2.13076</i>
                        <i>-0.188762 0.946292 0.26249 0.267778 0.306765 -0.91334 -0.944809 -0.102115 -0.311302 0.580036 2.09541 -2.13222</i>
                        <i>-0.181736 0.950153 0.253339 0.271872 0.296136 -0.915636 -0.945017 -0.0975284 -0.312139 0.582164 2.09426 -2.13324</i>
                        <i>-0.175898 0.954004 0.242768 0.275314 0.284447 -0.91831 -0.945125 -0.0946919 -0.312684 0.58381 2.0918 -2.13374</i>
                        <i>-0.171217 0.957789 0.230922 0.278132 0.271838 -0.921274 -0.94516 -0.0935112 -0.312935 0.584992 2.08825 -2.13376</i>
                        <i>-0.167515 0.961498 0.217855 0.28044 0.258322 -0.924458 -0.945141 -0.0937657 -0.312916 0.585783 2.08394 -2.13341</i>
                        <i>-0.165449 0.96486 0.204134 0.281968 0.244625 -0.927714 -0.945051 -0.0959303 -0.312532 0.58606 2.07874 -2.13258</i>
                        <i>-0.165326 0.967743 0.190108 0.282661 0.231168 -0.930948 -0.944865 -0.100174 -0.311761 0.585763 2.0727 -2.13125</i>
                        <i>-0.166889 0.97018 0.17578 0.282751 0.217885 -0.934119 -0.944564 -0.106192 -0.310681 0.584928 2.06612 -2.12949</i>
                        <i>-0.169869 0.9722 0.161156 0.282455 0.204704 -0.937185 -0.944121 -0.113679 -0.309375 0.583596 2.05931 -2.1274</i>
                        <i>-0.173987 0.973828 0.146243 0.281974 0.191557 -0.940104 -0.943514 -0.122329 -0.307923 0.581804 2.05258 -2.12506</i>
                        <i>-0.178952 0.975091 0.131051 0.281493 0.178377 -0.942838 -0.942729 -0.131833 -0.306402 0.579587 2.04622 -2.12254</i>
                    </KeyFrames>
                </p>
            </i>
            <i>
                <p>
                    <Name><![CDATA[head_prop]]></Name>
                    <Exclude>0</Exclude>
                    <Additive>0</Additive>
                    <IKPriority>0</IKPriority>
                    <IKRotLimits>-1e+010 -1e+010 -1e+010 1e+010 1e+010 1e+010</IKRotLimits>
                    <IKRotLimitOrder>0</IKRotLimitOrder>
                    <KeyFrames count="30">
                        <i>0.942729 0.131833 0.306402 -0.178952 0.975091 0.131051 -0.281493 -0.178377 0.942838 0.521265 2.36401 -2.07983</i>
                        <i>0.941874 0.140787 0.305046 -0.183637 0.976063 0.116527 -0.281338 -0.165772 0.945182 0.517373 2.35941 -2.08224</i>
                        <i>0.941037 0.148601 0.303919 -0.188342 0.976392 0.105764 -0.281027 -0.156768 0.946809 0.513512 2.35635 -2.08378</i>
                        <i>0.94026 0.155242 0.303003 -0.193135 0.976144 0.0992013 -0.280374 -0.151795 0.947812 0.509696 2.35472 -2.08431</i>
                        <i>0.939578 0.160678 0.302283 -0.198089 0.975345 0.0972729 -0.279201 -0.151275 0.948242 0.505946 2.35436 -2.08368</i>
                        <i>0.939023 0.164876 0.301748 -0.203274 0.97396 0.100403 -0.277336 -0.155619 0.948086 0.50228 2.35512 -2.08175</i>
                        <i>0.93862 0.167805 0.301387 -0.208752 0.971874 0.109008 -0.274618 -0.165232 0.94725 0.498728 2.35681 -2.07837</i>
                        <i>0.938389 0.169434 0.301194 -0.214776 0.968734 0.124197 -0.270734 -0.181234 0.94544 0.495257 2.35917 -2.0732</i>
                        <i>0.938344 0.16973 0.301167 -0.221077 0.96437 0.145313 -0.265772 -0.202935 0.942434 0.49201 2.36198 -2.06644</i>
                        <i>0.938525 0.16844 0.30133 -0.226681 0.959029 0.169938 -0.26036 -0.227796 0.938255 0.489436 2.36532 -2.05895</i>
                        <i>0.938955 0.165314 0.30172 -0.23069 0.95315 0.195673 -0.255237 -0.253332 0.933101 0.48793 2.36931 -2.05158</i>
                        <i>0.939593 0.16049 0.302339 -0.232728 0.947228 0.220446 -0.251005 -0.277492 0.927359 0.487615 2.37381 -2.04494</i>
                        <i>0.940363 0.154311 0.303158 -0.232698 0.94186 0.242388 -0.24813 -0.298477 0.921598 0.488501 2.37861 -2.03955</i>
                        <i>0.941195 0.147121 0.304149 -0.230504 0.937781 0.259681 -0.247021 -0.314518 0.916547 0.490592 2.38352 -2.03591</i>
                        <i>0.942025 0.139265 0.305278 -0.22602 0.935799 0.270546 -0.248001 -0.32386 0.913022 0.4939 2.38841 -2.0345</i>
                        <i>0.942799 0.13109 0.306505 -0.219704 0.935844 0.275547 -0.250719 -0.327125 0.911114 0.498205 2.39299 -2.03505</i>
                        <i>0.943481 0.122942 0.307781 -0.212403 0.937172 0.276757 -0.254419 -0.326488 0.910317 0.503095 2.39696 -2.03679</i>
                        <i>0.944047 0.115166 0.30905 -0.204533 0.939534 0.274667 -0.258731 -0.322509 0.91052 0.5083 2.40019 -2.03947</i>
                        <i>0.944489 0.108109 0.310247 -0.19651 0.942665 0.269755 -0.263296 -0.315747 0.911581 0.513537 2.40252 -2.04285</i>
                        <i>0.944809 0.102115 0.311302 -0.188762 0.946292 0.26249 -0.267778 -0.306765 0.91334 0.518516 2.40381 -2.04667</i>
                        <i>0.945017 0.0975284 0.312139 -0.181736 0.950153 0.253339 -0.271872 -0.296136 0.915636 0.522935 2.40392 -2.05068</i>
                        <i>0.945125 0.0946919 0.312684 -0.175898 0.954004 0.242768 -0.275314 -0.284447 0.91831 0.526484 2.40271 -2.05462</i>
                        <i>0.94516 0.0935112 0.312935 -0.171217 0.957789 0.230922 -0.278132 -0.271838 0.921274 0.529191 2.40041 -2.0585</i>
                        <i>0.945141 0.0937657 0.312916 -0.167515 0.961498 0.217855 -0.28044 -0.258322 0.924458 0.531189 2.3973 -2.06241</i>
                        <i>0.945051 0.0959303 0.312532 -0.165449 0.96486 0.204134 -0.281968 -0.244625 0.927714 0.532139 2.39319 -2.06605</i>
                        <i>0.944865 0.100174 0.311761 -0.165326 0.967743 0.190108 -0.282661 -0.231168 0.930948 0.531881 2.38809 -2.06929</i>
                        <i>0.944564 0.106192 0.310681 -0.166889 0.97018 0.17578 -0.282751 -0.217885 0.934119 0.530537 2.38231 -2.0722</i>
                        <i>0.944121 0.113679 0.309375 -0.169869 0.9722 0.161156 -0.282455 -0.204704 0.937185 0.528234 2.37616 -2.07488</i>
                        <i>0.943514 0.122329 0.307923 -0.173987 0.973828 0.146243 -0.281974 -0.191557 0.940104 0.5251 2.36996 -2.0774</i>
                        <i>0.942729 0.131833 0.306402 -0.178952 0.975091 0.131051 -0.281493 -0.178377 0.942838 0.521265 2.36401 -2.07983</i>
                    </KeyFrames>
                </p>
            </i>
            <i>
                <p>
                    <Name><![CDATA[l_clav]]></Name>
                    <Exclude>0</Exclude>
                    <Additive>0</Additive>
                    <IKPriority>0</IKPriority>
                    <IKRotLimits>-1e+010 -1e+010 -1e+010 1e+010 1e+010 1e+010</IKRotLimits>
                    <IKRotLimitOrder>0</IKRotLimitOrder>
                    <KeyFrames count="30">
                        <i>0.189027 0.713857 0.674297 -0.977565 0.201784 0.0604203 -0.0929308 -0.67059 0.735984 0.793153 1.99974 -2.12907</i>
                        <i>0.163805 0.717026 0.677527 -0.982673 0.178982 0.0481641 -0.0867299 -0.673676 0.73392 0.791296 1.99734 -2.12754</i>
                        <i>0.135706 0.723342 0.677023 -0.987489 0.154141 0.033251 -0.0803049 -0.673065 0.735211 0.789386 1.99639 -2.12626</i>
                        <i>0.107506 0.731115 0.673731 -0.991426 0.129464 0.0177083 -0.0742772 -0.669858 0.738764 0.787469 1.99671 -2.12522</i>
                        <i>0.0820482 0.738905 0.668796 -0.994237 0.107145 0.00359608 -0.0690013 -0.665237 0.743437 0.785596 1.99816 -2.12442</i>
                        <i>0.0621818 0.745509 0.663588 -0.995976 0.0893403 -0.00704125 -0.0645345 -0.66048 0.748065 0.783816 2.00058 -2.12385</i>
                        <i>0.0507174 0.749867 0.659641 -0.996866 0.0781554 -0.0122002 -0.0607031 -0.656955 0.751482 0.782181 2.00379 -2.12352</i>
                        <i>0.0504372 0.750899 0.658488 -0.997084 0.0756672 -0.00991399 -0.0572703 -0.656068 0.752526 0.780745 2.00763 -2.12343</i>
                        <i>0.0609531 0.74733 0.661651 -0.996637 0.0819454 -0.000743847 -0.0547752 -0.659381 0.749811 0.779565 2.01195 -2.12357</i>
                        <i>0.0792677 0.739305 0.668689 -0.995371 0.0952681 0.0126645 -0.0543418 -0.666597 0.743435 0.77876 2.01667 -2.12401</i>
                        <i>0.104103 0.727568 0.678091 -0.992949 0.114905 0.0291526 -0.0567054 -0.676344 0.7344 0.77842 2.02168 -2.12476</i>
                        <i>0.133782 0.712683 0.688611 -0.989058 0.139623 0.0476494 -0.0621867 -0.687451 0.723563 0.778546 2.02673 -2.1258</i>
                        <i>0.166397 0.695254 0.699238 -0.98352 0.167874 0.0671303 -0.0707113 -0.698885 0.71173 0.779121 2.03151 -2.12703</i>
                        <i>0.200012 0.676104 0.709139 -0.976362 0.198053 0.0865557 -0.0819262 -0.709688 0.699736 0.78013 2.03572 -2.12841</i>
                        <i>0.232725 0.656331 0.717683 -0.967876 0.228504 0.104886 -0.0951537 -0.719038 0.688426 0.781552 2.03903 -2.12986</i>
                        <i>0.262732 0.63732 0.724428 -0.958647 0.257551 0.121095 -0.1094 -0.726286 0.678631 0.783331 2.04129 -2.13131</i>
                        <i>0.288379 0.620716 0.729074 -0.949529 0.283526 0.13419 -0.123418 -0.730975 0.671151 0.78535 2.04255 -2.13271</i>
                        <i>0.308174 0.608352 0.731394 -0.941588 0.304797 0.143218 -0.1358 -0.732808 0.666747 0.787497 2.04283 -2.134</i>
                        <i>0.320753 0.60214 0.731125 -0.93598 0.31977 0.14727 -0.145115 -0.731556 0.666159 0.789652 2.04218 -2.13511</i>
                        <i>0.326333 0.602102 0.728684 -0.93312 0.328322 0.1466 -0.150975 -0.72779 0.668976 0.791694 2.04063 -2.13599</i>
                        <i>0.326436 0.606553 0.724936 -0.932619 0.331494 0.142595 -0.153821 -0.722638 0.673895 0.793497 2.03821 -2.13657</i>
                        <i>0.321635 0.614735 0.720175 -0.934319 0.329448 0.13606 -0.153619 -0.716635 0.680321 0.794939 2.03497 -2.13679</i>
                        <i>0.312691 0.625838 0.714528 -0.937793 0.322908 0.127569 -0.150889 -0.709969 0.687878 0.796034 2.0311 -2.13669</i>
                        <i>0.300407 0.639019 0.708103 -0.942522 0.312761 0.11761 -0.146312 -0.702734 0.696245 0.796845 2.02686 -2.13636</i>
                        <i>0.285123 0.653337 0.701324 -0.948242 0.298986 0.106978 -0.139793 -0.695527 0.70477 0.797279 2.02225 -2.13574</i>
                        <i>0.267348 0.667889 0.694586 -0.95458 0.281969 0.096289 -0.131541 -0.68878 0.712936 0.797285 2.01738 -2.13481</i>
                        <i>0.247923 0.681876 0.688172 -0.96104 0.262721 0.0859097 -0.122217 -0.682659 0.720444 0.796869 2.01247 -2.13364</i>
                        <i>0.227746 0.694587 0.682407 -0.967213 0.242261 0.0762115 -0.112385 -0.67739 0.726988 0.796038 2.00775 -2.13226</i>
                        <i>0.207776 0.705416 0.677656 -0.972791 0.22161 0.067579 -0.102504 -0.673259 0.732267 0.794797 2.00343 -2.13072</i>
                        <i>0.189027 0.713857 0.674297 -0.977565 0.201784 0.0604203 -0.0929308 -0.67059 0.735984 0.793153 1.99974 -2.12907</i>
                    </KeyFrames>
                </p>
            </i>
            <i>
                <p>
                    <Name><![CDATA[l_shoulder]]></Name>
                    <Exclude>0</Exclude>
                    <Additive>0</Additive>
                    <IKPriority>0</IKPriority>
                    <IKRotLimits>-1e+010 -1e+010 -1e+010 1e+010 1e+010 1e+010</IKRotLimits>
                    <IKRotLimitOrder>0</IKRotLimitOrder>
                    <KeyFrames count="30">
                        <i>0.598747 -0.715035 0.360869 -0.319902 0.199564 0.926195 -0.734279 -0.669999 -0.109253 0.830501 2.14078 -1.99584</i>
                        <i>0.614849 -0.702357 0.358685 -0.322875 0.190769 0.927016 -0.719522 -0.685786 -0.10948 0.823661 2.13901 -1.99368</i>
                        <i>0.628067 -0.688814 0.362032 -0.333002 0.182576 0.925081 -0.703307 -0.701571 -0.114706 0.816198 2.1393 -1.99249</i>
                        <i>0.637787 -0.675467 0.370096 -0.348933 0.174976 0.920668 -0.686639 -0.716329 -0.124095 0.80871 2.14117 -1.9921</i>
                        <i>0.643377 -0.663485 0.381908 -0.369307 0.16799 0.913998 -0.670581 -0.729086 -0.136949 0.801807 2.14416 -1.99228</i>
                        <i>0.644274 -0.654102 0.396309 -0.392691 0.161736 0.905337 -0.656281 -0.738912 -0.152658 0.796101 2.14787 -1.99274</i>
                        <i>0.640051 -0.648543 0.411978 -0.417553 0.156499 0.895074 -0.644969 -0.744916 -0.170634 0.792202 2.15194 -1.99319</i>
                        <i>0.630424 -0.647925 0.427504 -0.442281 0.15278 0.883768 -0.637929 -0.746225 -0.190249 0.790711 2.15599 -1.99333</i>
                        <i>0.616249 -0.6524 0.441148 -0.465016 0.150654 0.872389 -0.635607 -0.74275 -0.210537 0.791608 2.15961 -1.99285</i>
                        <i>0.599107 -0.661219 0.451509 -0.483854 0.150307 0.862144 -0.637931 -0.734981 -0.229884 0.794422 2.16274 -1.99189</i>
                        <i>0.580443 -0.673443 0.457778 -0.497055 0.152272 0.854254 -0.644998 -0.723386 -0.246353 0.798989 2.16543 -1.99079</i>
                        <i>0.561941 -0.688115 0.459041 -0.502788 0.156519 0.850121 -0.65683 -0.708519 -0.258021 0.804978 2.16754 -1.98974</i>
                        <i>0.544091 -0.703879 0.456639 -0.502536 0.162435 0.84916 -0.67188 -0.691498 -0.265345 0.811998 2.16888 -1.98888</i>
                        <i>0.526714 -0.719399 0.45281 -0.49925 0.169328 0.849751 -0.687984 -0.673641 -0.269973 0.819648 2.1693 -1.9883</i>
                        <i>0.51065 -0.733868 0.447967 -0.493221 0.176732 0.851762 -0.704251 -0.655899 -0.27171 0.827533 2.16871 -1.98806</i>
                        <i>0.496551 -0.746827 0.442365 -0.484731 0.18418 0.855052 -0.720051 -0.639005 -0.270555 0.835241 2.16721 -1.98818</i>
                        <i>0.484816 -0.758144 0.436085 -0.474074 0.191209 0.859472 -0.734988 -0.623423 -0.266716 0.842328 2.16519 -1.98866</i>
                        <i>0.475793 -0.767745 0.429172 -0.46156 0.19742 0.864863 -0.748721 -0.609584 -0.26043 0.848385 2.16303 -1.98949</i>
                        <i>0.469759 -0.775582 0.421663 -0.447531 0.202498 0.87104 -0.760949 -0.597886 -0.251972 0.853026 2.16115 -1.99066</i>
                        <i>0.467047 -0.781429 0.413806 -0.43241 0.206366 0.877744 -0.77129 -0.588882 -0.241515 0.85617 2.15959 -1.99202</i>
                        <i>0.467944 -0.784998 0.405963 -0.416695 0.209112 0.884668 -0.779354 -0.583138 -0.229252 0.857994 2.15805 -1.99334</i>
                        <i>0.472545 -0.78618 0.398273 -0.400868 0.210717 0.891574 -0.784861 -0.580963 -0.215581 0.858487 2.15642 -1.9945</i>
                        <i>0.48036 -0.785117 0.390954 -0.385401 0.211461 0.898193 -0.787858 -0.58213 -0.201008 0.857815 2.15475 -1.99552</i>
                        <i>0.49072 -0.782022 0.384234 -0.370738 0.211672 0.904294 -0.788509 -0.586205 -0.186054 0.856198 2.15311 -1.99645</i>
                        <i>0.503917 -0.776572 0.378158 -0.357234 0.211234 0.909815 -0.786417 -0.593562 -0.170974 0.853613 2.15134 -1.99717</i>
                        <i>0.519901 -0.768597 0.372776 -0.345248 0.210098 0.914693 -0.781349 -0.60425 -0.156126 0.850107 2.14934 -1.99758</i>
                        <i>0.538072 -0.758222 0.368209 -0.335171 0.20835 0.918831 -0.773395 -0.61781 -0.142027 0.845853 2.1472 -1.99767</i>
                        <i>0.557762 -0.745638 0.364589 -0.327364 0.206025 0.922164 -0.762715 -0.633701 -0.129182 0.841035 2.14498 -1.99743</i>
                        <i>0.578248 -0.731116 0.362076 -0.322164 0.203112 0.924638 -0.749559 -0.651318 -0.11809 0.835849 2.1428 -1.99683</i>
                        <i>0.598747 -0.715035 0.360869 -0.319902 0.199564 0.926195 -0.734279 -0.669999 -0.109253 0.830501 2.14078 -1.99584</i>
                    </KeyFrames>
                </p>
            </i>
            <i>
                <p>
                    <Name><![CDATA[l_elbow]]></Name>
                    <Exclude>0</Exclude>
                    <Additive>0</Additive>
                    <IKPriority>0</IKPriority>
                    <IKRotLimits>-1e+010 -1e+010 -1e+010 1e+010 1e+010 1e+010</IKRotLimits>
                    <IKRotLimitOrder>0</IKRotLimitOrder>
                    <KeyFrames count="30">
                        <i>-0.679479 -0.729301 -0.0801841 -0.32175 0.19797 0.925897 -0.659383 0.654926 -0.369169 1.02526 1.9082 -1.87846</i>
                        <i>-0.675091 -0.732585 -0.0870131 -0.324688 0.189135 0.926718 -0.662442 0.653871 -0.365545 1.02366 1.91055 -1.877</i>
                        <i>-0.666827 -0.738891 -0.0968567 -0.334776 0.180903 0.92477 -0.665783 0.649087 -0.367994 1.02049 1.91525 -1.87473</i>
                        <i>-0.655788 -0.747 -0.109236 -0.350666 0.173265 0.920333 -0.668562 0.641849 -0.375573 1.01617 1.92145 -1.87172</i>
                        <i>-0.643102 -0.755735 -0.123631 -0.371001 0.166246 0.91363 -0.66991 0.633424 -0.387292 1.01108 1.92834 -1.86805</i>
                        <i>-0.629971 -0.763992 -0.139475 -0.39435 0.159968 0.90493 -0.669048 0.625082 -0.402055 1.00567 1.93511 -1.86383</i>
                        <i>-0.6177 -0.770759 -0.156134 -0.419183 0.154715 0.894622 -0.665382 0.618056 -0.418657 1.0004 1.94099 -1.85919</i>
                        <i>-0.607689 -0.775127 -0.172893 -0.443894 0.150993 0.883266 -0.658538 0.613497 -0.435831 0.995773 1.94524 -1.85427</i>
