<?xml version="1.0" encoding="ISO-8859-1" ?>
<Animl Version="1">
    <ModellingPackage><![CDATA[Maya.2010]]></ModellingPackage>
    <SrcFile><![CDATA[anims\turrets\mortar\red\~src\mortar_m1938\mortar_m1938_reload_high_crewman_a.mb]]></SrcFile>
    <FramesPerSecond>30</FramesPerSecond>
    <TotalFrames>160</TotalFrames>
    <Skeleton>
        <RefFrame>
            <Name><![CDATA[soldier_ref_frame]]></Name>
            <Exclude>0</Exclude>
            <Additive>0</Additive>
            <IKPriority>0</IKPriority>
            <IKRotLimits>-1e+010 -1e+010 -1e+010 1e+010 1e+010 1e+010</IKRotLimits>
            <IKRotLimitOrder>0</IKRotLimitOrder>
            <KeyFrames count="160">
                <i>1 0 0 0 1 0 0 0 1 1.29 0.9 -0.19</i>
                <i>1 0 0 0 1 0 0 0 1 1.29 0.9 -0.19</i>
                <i>1 0 0 0 1 0 0 0 1 1.29 0.9 -0.19</i>
                <i>1 0 0 0 1 0 0 0 1 1.29 0.9 -0.19</i>
                <i>1 0 0 0 1 0 0 0 1 1.29 0.9 -0.19</i>
                <i>1 0 0 0 1 0 0 0 1 1.29 0.9 -0.19</i>
                <i>1 0 0 0 1 0 0 0 1 1.29 0.9 -0.19</i>
                <i>1 0 0 0 1 0 0 0 1 1.29 0.9 -0.19</i>
                <i>1 0 0 0 1 0 0 0 1 1.29 0.9 -0.19</i>
                <i>1 0 0 0 1 0 0 0 1 1.29 0.9 -0.19</i>
                <i>1 0 0 0 1 0 0 0 1 1.29 0.9 -0.19</i>
                <i>1 0 0 0 1 0 0 0 1 1.29 0.9 -0.19</i>
                <i>1 0 0 0 1 0 0 0 1 1.29 0.9 -0.19</i>
                <i>1 0 0 0 1 0 0 0 1 1.29 0.9 -0.19</i>
                <i>1 0 0 0 1 0 0 0 1 1.29 0.9 -0.19</i>
                <i>1 0 0 0 1 0 0 0 1 1.29 0.9 -0.19</i>
                <i>1 0 0 0 1 0 0 0 1 1.29 0.9 -0.19</i>
                <i>1 0 0 0 1 0 0 0 1 1.29 0.9 -0.19</i>
                <i>1 0 0 0 1 0 0 0 1 1.29 0.9 -0.19</i>
                <i>1 0 0 0 1 0 0 0 1 1.29 0.9 -0.19</i>
                <i>1 0 0 0 1 0 0 0 1 1.29 0.9 -0.19</i>
                <i>1 0 0 0 1 0 0 0 1 1.29 0.9 -0.19</i>
                <i>1 0 0 0 1 0 0 0 1 1.29 0.9 -0.19</i>
                <i>1 0 0 0 1 0 0 0 1 1.29 0.9 -0.19</i>
                <i>1 0 0 0 1 0 0 0 1 1.29 0.9 -0.19</i>
                <i>1 0 0 0 1 0 0 0 1 1.29 0.9 -0.19</i>
                <i>1 0 0 0 1 0 0 0 1 1.29 0.9 -0.19</i>
                <i>1 0 0 0 1 0 0 0 1 1.29 0.9 -0.19</i>
                <i>1 0 0 0 1 0 0 0 1 1.29 0.9 -0.19</i>
                <i>1 0 0 0 1 0 0 0 1 1.29 0.9 -0.19</i>
                <i>1 0 0 0 1 0 0 0 1 1.29 0.9 -0.19</i>
                <i>1 0 0 0 1 0 0 0 1 1.29 0.9 -0.19</i>
                <i>1 0 0 0 1 0 0 0 1 1.29 0.9 -0.19</i>
                <i>1 0 0 0 1 0 0 0 1 1.29 0.9 -0.19</i>
                <i>1 0 0 0 1 0 0 0 1 1.29 0.9 -0.19</i>
                <i>1 0 0 0 1 0 0 0 1 1.29 0.9 -0.19</i>
                <i>1 0 0 0 1 0 0 0 1 1.29 0.9 -0.19</i>
                <i>1 0 0 0 1 0 0 0 1 1.29 0.9 -0.19</i>
                <i>1 0 0 0 1 0 0 0 1 1.29 0.9 -0.19</i>
                <i>1 0 0 0 1 0 0 0 1 1.29 0.9 -0.19</i>
                <i>1 0 0 0 1 0 0 0 1 1.29 0.9 -0.19</i>
                <i>1 0 0 0 1 0 0 0 1 1.29 0.9 -0.19</i>
                <i>1 0 0 0 1 0 0 0 1 1.29 0.9 -0.19</i>
                <i>1 0 0 0 1 0 0 0 1 1.29 0.9 -0.19</i>
                <i>1 0 0 0 1 0 0 0 1 1.29 0.9 -0.19</i>
                <i>1 0 0 0 1 0 0 0 1 1.29 0.9 -0.19</i>
                <i>1 0 0 0 1 0 0 0 1 1.29 0.9 -0.19</i>
                <i>1 0 0 0 1 0 0 0 1 1.29 0.9 -0.19</i>
                <i>1 0 0 0 1 0 0 0 1 1.29 0.9 -0.19</i>
                <i>1 0 0 0 1 0 0 0 1 1.29 0.9 -0.19</i>
                <i>1 0 0 0 1 0 0 0 1 1.29 0.9 -0.19</i>
                <i>1 0 0 0 1 0 0 0 1 1.29 0.9 -0.19</i>
                <i>1 0 0 0 1 0 0 0 1 1.29 0.9 -0.19</i>
                <i>1 0 0 0 1 0 0 0 1 1.29 0.9 -0.19</i>
                <i>1 0 0 0 1 0 0 0 1 1.29 0.9 -0.19</i>
                <i>1 0 0 0 1 0 0 0 1 1.29 0.9 -0.19</i>
                <i>1 0 0 0 1 0 0 0 1 1.29 0.9 -0.19</i>
                <i>1 0 0 0 1 0 0 0 1 1.29 0.9 -0.19</i>
                <i>1 0 0 0 1 0 0 0 1 1.29 0.9 -0.19</i>
                <i>1 0 0 0 1 0 0 0 1 1.29 0.9 -0.19</i>
                <i>1 0 0 0 1 0 0 0 1 1.29 0.9 -0.19</i>
                <i>1 0 0 0 1 0 0 0 1 1.29 0.9 -0.19</i>
                <i>1 0 0 0 1 0 0 0 1 1.29 0.9 -0.19</i>
                <i>1 0 0 0 1 0 0 0 1 1.29 0.9 -0.19</i>
                <i>1 0 0 0 1 0 0 0 1 1.29 0.9 -0.19</i>
                <i>1 0 0 0 1 0 0 0 1 1.29 0.9 -0.19</i>
                <i>1 0 0 0 1 0 0 0 1 1.29 0.9 -0.19</i>
                <i>1 0 0 0 1 0 0 0 1 1.29 0.9 -0.19</i>
                <i>1 0 0 0 1 0 0 0 1 1.29 0.9 -0.19</i>
                <i>1 0 0 0 1 0 0 0 1 1.29 0.9 -0.19</i>
                <i>1 0 0 0 1 0 0 0 1 1.29 0.9 -0.19</i>
                <i>1 0 0 0 1 0 0 0 1 1.29 0.9 -0.19</i>
                <i>1 0 0 0 1 0 0 0 1 1.29 0.9 -0.19</i>
                <i>1 0 0 0 1 0 0 0 1 1.29 0.9 -0.19</i>
                <i>1 0 0 0 1 0 0 0 1 1.29 0.9 -0.19</i>
                <i>1 0 0 0 1 0 0 0 1 1.29 0.9 -0.19</i>
                <i>1 0 0 0 1 0 0 0 1 1.29 0.9 -0.19</i>
                <i>1 0 0 0 1 0 0 0 1 1.29 0.9 -0.19</i>
                <i>1 0 0 0 1 0 0 0 1 1.29 0.9 -0.19</i>
                <i>1 0 0 0 1 0 0 0 1 1.29 0.9 -0.19</i>
                <i>1 0 0 0 1 0 0 0 1 1.29 0.9 -0.19</i>
                <i>1 0 0 0 1 0 0 0 1 1.29 0.9 -0.19</i>
                <i>1 0 0 0 1 0 0 0 1 1.29 0.9 -0.19</i>
                <i>1 0 0 0 1 0 0 0 1 1.29 0.9 -0.19</i>
                <i>1 0 0 0 1 0 0 0 1 1.29 0.9 -0.19</i>
                <i>1 0 0 0 1 0 0 0 1 1.29 0.9 -0.19</i>
                <i>1 0 0 0 1 0 0 0 1 1.29 0.9 -0.19</i>
                <i>1 0 0 0 1 0 0 0 1 1.29 0.9 -0.19</i>
                <i>1 0 0 0 1 0 0 0 1 1.29 0.9 -0.19</i>
                <i>1 0 0 0 1 0 0 0 1 1.29 0.9 -0.19</i>
                <i>1 0 0 0 1 0 0 0 1 1.29 0.9 -0.19</i>
                <i>1 0 0 0 1 0 0 0 1 1.29 0.9 -0.19</i>
                <i>1 0 0 0 1 0 0 0 1 1.29 0.9 -0.19</i>
                <i>1 0 0 0 1 0 0 0 1 1.29 0.9 -0.19</i>
                <i>1 0 0 0 1 0 0 0 1 1.29 0.9 -0.19</i>
                <i>1 0 0 0 1 0 0 0 1 1.29 0.9 -0.19</i>
                <i>1 0 0 0 1 0 0 0 1 1.29 0.9 -0.19</i>
                <i>1 0 0 0 1 0 0 0 1 1.29 0.9 -0.19</i>
                <i>1 0 0 0 1 0 0 0 1 1.29 0.9 -0.19</i>
                <i>1 0 0 0 1 0 0 0 1 1.29 0.9 -0.19</i>
                <i>1 0 0 0 1 0 0 0 1 1.29 0.9 -0.19</i>
                <i>1 0 0 0 1 0 0 0 1 1.29 0.9 -0.19</i>
                <i>1 0 0 0 1 0 0 0 1 1.29 0.9 -0.19</i>
                <i>1 0 0 0 1 0 0 0 1 1.29 0.9 -0.19</i>
                <i>1 0 0 0 1 0 0 0 1 1.29 0.9 -0.19</i>
                <i>1 0 0 0 1 0 0 0 1 1.29 0.9 -0.19</i>
                <i>1 0 0 0 1 0 0 0 1 1.29 0.9 -0.19</i>
                <i>1 0 0 0 1 0 0 0 1 1.29 0.9 -0.19</i>
                <i>1 0 0 0 1 0 0 0 1 1.29 0.9 -0.19</i>
                <i>1 0 0 0 1 0 0 0 1 1.29 0.9 -0.19</i>
                <i>1 0 0 0 1 0 0 0 1 1.29 0.9 -0.19</i>
                <i>1 0 0 0 1 0 0 0 1 1.29 0.9 -0.19</i>
                <i>1 0 0 0 1 0 0 0 1 1.29 0.9 -0.19</i>
                <i>1 0 0 0 1 0 0 0 1 1.29 0.9 -0.19</i>
                <i>1 0 0 0 1 0 0 0 1 1.29 0.9 -0.19</i>
                <i>1 0 0 0 1 0 0 0 1 1.29 0.9 -0.19</i>
                <i>1 0 0 0 1 0 0 0 1 1.29 0.9 -0.19</i>
                <i>1 0 0 0 1 0 0 0 1 1.29 0.9 -0.19</i>
                <i>1 0 0 0 1 0 0 0 1 1.29 0.9 -0.19</i>
                <i>1 0 0 0 1 0 0 0 1 1.29 0.9 -0.19</i>
                <i>1 0 0 0 1 0 0 0 1 1.29 0.9 -0.19</i>
                <i>1 0 0 0 1 0 0 0 1 1.29 0.9 -0.19</i>
                <i>1 0 0 0 1 0 0 0 1 1.29 0.9 -0.19</i>
                <i>1 0 0 0 1 0 0 0 1 1.29 0.9 -0.19</i>
                <i>1 0 0 0 1 0 0 0 1 1.29 0.9 -0.19</i>
                <i>1 0 0 0 1 0 0 0 1 1.29 0.9 -0.19</i>
                <i>1 0 0 0 1 0 0 0 1 1.29 0.9 -0.19</i>
                <i>1 0 0 0 1 0 0 0 1 1.29 0.9 -0.19</i>
                <i>1 0 0 0 1 0 0 0 1 1.29 0.9 -0.19</i>
                <i>1 0 0 0 1 0 0 0 1 1.29 0.9 -0.19</i>
                <i>1 0 0 0 1 0 0 0 1 1.29 0.9 -0.19</i>
                <i>1 0 0 0 1 0 0 0 1 1.29 0.9 -0.19</i>
                <i>1 0 0 0 1 0 0 0 1 1.29 0.9 -0.19</i>
                <i>1 0 0 0 1 0 0 0 1 1.29 0.9 -0.19</i>
                <i>1 0 0 0 1 0 0 0 1 1.29 0.9 -0.19</i>
                <i>1 0 0 0 1 0 0 0 1 1.29 0.9 -0.19</i>
                <i>1 0 0 0 1 0 0 0 1 1.29 0.9 -0.19</i>
                <i>1 0 0 0 1 0 0 0 1 1.29 0.9 -0.19</i>
                <i>1 0 0 0 1 0 0 0 1 1.29 0.9 -0.19</i>
                <i>1 0 0 0 1 0 0 0 1 1.29 0.9 -0.19</i>
                <i>1 0 0 0 1 0 0 0 1 1.29 0.9 -0.19</i>
                <i>1 0 0 0 1 0 0 0 1 1.29 0.9 -0.19</i>
                <i>1 0 0 0 1 0 0 0 1 1.29 0.9 -0.19</i>
                <i>1 0 0 0 1 0 0 0 1 1.29 0.9 -0.19</i>
                <i>1 0 0 0 1 0 0 0 1 1.29 0.9 -0.19</i>
                <i>1 0 0 0 1 0 0 0 1 1.29 0.9 -0.19</i>
                <i>1 0 0 0 1 0 0 0 1 1.29 0.9 -0.19</i>
                <i>1 0 0 0 1 0 0 0 1 1.29 0.9 -0.19</i>
                <i>1 0 0 0 1 0 0 0 1 1.29 0.9 -0.19</i>
                <i>1 0 0 0 1 0 0 0 1 1.29 0.9 -0.19</i>
                <i>1 0 0 0 1 0 0 0 1 1.29 0.9 -0.19</i>
                <i>1 0 0 0 1 0 0 0 1 1.29 0.9 -0.19</i>
                <i>1 0 0 0 1 0 0 0 1 1.29 0.9 -0.19</i>
                <i>1 0 0 0 1 0 0 0 1 1.29 0.9 -0.19</i>
                <i>1 0 0 0 1 0 0 0 1 1.29 0.9 -0.19</i>
                <i>1 0 0 0 1 0 0 0 1 1.29 0.9 -0.19</i>
                <i>1 0 0 0 1 0 0 0 1 1.29 0.9 -0.19</i>
                <i>1 0 0 0 1 0 0 0 1 1.29 0.9 -0.19</i>
                <i>1 0 0 0 1 0 0 0 1 1.29 0.9 -0.19</i>
                <i>1 0 0 0 1 0 0 0 1 1.29 0.9 -0.19</i>
            </KeyFrames>
        </RefFrame>
        <Bones count="23">
            <i>
                <p>
                    <Name><![CDATA[pelvis]]></Name>
                    <Exclude>0</Exclude>
                    <Additive>0</Additive>
                    <IKPriority>0</IKPriority>
                    <IKRotLimits>-1e+010 -1e+010 -1e+010 1e+010 1e+010 1e+010</IKRotLimits>
                    <IKRotLimitOrder>2</IKRotLimitOrder>
                    <KeyFrames count="160">
                        <i>1 0 0 0 1 0 0 0 1 1.37589 2.01888 -0.276276</i>
                        <i>1 0 0 0 1 0 0 0 1 1.37578 2.02115 -0.247293</i>
                        <i>1 0 0 0 1 0 0 0 1 1.37566 2.02391 -0.21761</i>
                        <i>1 0 0 0 1 0 0 0 1 1.37556 2.0257 -0.189328</i>
                        <i>1 0 0 0 1 0 0 0 1 1.37551 2.02505 -0.164551</i>
                        <i>1 0 0 0 1 0 0 0 1 1.37556 2.02142 -0.140998</i>
                        <i>1 0 0 0 1 0 0 0 1 1.37565 2.01591 -0.117112</i>
                        <i>1 0 0 0 1 0 0 0 1 1.37577 2.00947 -0.0960837</i>
                        <i>1 0 0 0 1 0 0 0 1 1.37586 2.00308 -0.0811032</i>
                        <i>1 0 0 0 1 0 0 0 1 1.3759 1.9977 -0.0753606</i>
                        <i>1 0 0 0 1 0 0 0 1 1.37589 1.99303 -0.075322</i>
                        <i>1 0 0 0 1 0 0 0 1 1.37589 1.98847 -0.0753172</i>
                        <i>1 0 0 0 1 0 0 0 1 1.37589 1.98456 -0.0753317</i>
                        <i>1 0 0 0 1 0 0 0 1 1.37589 1.98182 -0.0753509</i>
                        <i>1 0 0 0 1 0 0 0 1 1.3759 1.98079 -0.0753606</i>
                        <i>1 0 0 0 1 0 0 0 1 1.3759 1.98087 -0.0752267</i>
                        <i>1 0 0 0 1 0 0 0 1 1.3759 1.98107 -0.0748844</i>
                        <i>1 0 0 0 1 0 0 0 1 1.37591 1.98135 -0.0744232</i>
                        <i>1 0 0 0 1 0 0 0 1 1.37592 1.98165 -0.0739321</i>
                        <i>1 0 0 0 1 0 0 0 1 1.37593 1.98191 -0.0735006</i>
                        <i>1 0 0 0 1 0 0 0 1 1.37593 1.98208 -0.0732179</i>
                        <i>1 0 0 0 1 0 0 0 1 1.37593 1.98211 -0.0731733</i>
                        <i>1 0 0 0 1 0 0 0 1 1.37593 1.98194 -0.073456</i>
                        <i>1 0 0 0 1 0 0 0 1 1.37592 1.98151 -0.0741553</i>
                        <i>1 0 0 0 1 0 0 0 1 1.3759 1.98079 -0.0753606</i>
                        <i>1 0 0 0 1 0 0 0 1 1.37578 1.97401 -0.0820565</i>
                        <i>1 0 0 0 1 0 0 0 1 1.37558 1.97 -0.0932164</i>
                        <i>1 0 0 0 1 0 0 0 1 1.37521 1.97911 -0.0993605</i>
                        <i>1 0 0 0 1 0 0 0 1 1.37474 1.99677 -0.111457</i>
                        <i>1 0 0 0 1 0 0 0 1 1.37511 2.00845 -0.12</i>
                        <i>1 0 0 0 1 0 0 0 1 1.37552 2.00877 -0.12056</i>
                        <i>1 0 0 0 1 0 0 0 1 1.37665 2.00965 -0.12208</i>
                        <i>1 0 0 0 1 0 0 0 1 1.37832 2.01095 -0.12432</i>
                        <i>1 0 0 0 1 0 0 0 1 1.38035 2.01252 -0.12704</i>
                        <i>1 0 0 0 1 0 0 0 1 1.38255 2.01423 -0.13</i>
                        <i>1 0 0 0 1 0 0 0 1 1.38476 2.01593 -0.13296</i>
                        <i>1 0 0 0 1 0 0 0 1 1.38678 2.01751 -0.13568</i>
                        <i>1 0 0 0 1 0 0 0 1 1.38845 2.0188 -0.13792</i>
                        <i>1 0 0 0 1 0 0 0 1 1.38958 2.01968 -0.13944</i>
                        <i>1 0 0 0 1 0 0 0 1 1.39 2.02 -0.14</i>
                        <i>1 0 0 0 1 0 0 0 1 1.39064 2.02049 -0.135627</i>
                        <i>1 0 0 0 1 0 0 0 1 1.39071 2.02055 -0.12688</i>
                        <i>1 0 0 0 1 0 0 0 1 1.39048 2.02037 -0.11632</i>
                        <i>1 0 0 0 1 0 0 0 1 1.39016 2.02012 -0.106507</i>
                        <i>1 0 0 0 1 0 0 0 1 1.39 2.02 -0.1</i>
                        <i>1 0 0 0 1 0 0 0 1 1.39 2.02 -0.1</i>
                        <i>1 0 0 0 1 0 0 0 1 1.39 2.02 -0.1</i>
                        <i>1 0 0 0 1 0 0 0 1 1.39 2.02 -0.1</i>
                        <i>1 0 0 0 1 0 0 0 1 1.39 2.02 -0.1</i>
                        <i>1 0 0 0 1 0 0 0 1 1.39 2.02 -0.1</i>
                        <i>1 0 0 0 1 0 0 0 1 1.36407 2.01975 -0.111337</i>
                        <i>1 0 0 0 1 0 0 0 1 1.32502 2.01908 -0.12841</i>
                        <i>1 0 0 0 1 0 0 0 1 1.28293 2.01875 -0.146815</i>
                        <i>1 0 0 0 1 0 0 0 1 1.2479 2.0195 -0.162147</i>
                        <i>1 0 0 0 1 0 0 0 1 1.23 2.02208 -0.17</i>
                        <i>1 0 0 0 1 0 0 0 1 1.23119 2.02836 -0.164997</i>
                        <i>1 0 0 0 1 0 0 0 1 1.24438 2.03785 -0.149276</i>
                        <i>1 0 0 0 1 0 0 0 1 1.26616 2.04777 -0.12971</i>
                        <i>1 0 0 0 1 0 0 0 1 1.29308 2.05534 -0.113168</i>
                        <i>1 0 0 0 1 0 0 0 1 1.32171 2.05778 -0.106523</i>
                        <i>1 0 0 0 1 0 0 0 1 1.35726 2.05216 -0.113765</i>
                        <i>1 0 0 0 1 0 0 0 1 1.402 2.04034 -0.130313</i>
                        <i>1 0 0 0 1 0 0 0 1 1.44815 2.02671 -0.150181</i>
                        <i>1 0 0 0 1 0 0 0 1 1.48791 2.01564 -0.167384</i>
                        <i>1 0 0 0 1 0 0 0 1 1.51349 2.01152 -0.175936</i>
                        <i>1 0 0 0 1 0 0 0 1 1.52756 2.01361 -0.176831</i>
                        <i>1 0 0 0 1 0 0 0 1 1.53832 2.0179 -0.175388</i>
                        <i>1 0 0 0 1 0 0 0 1 1.54622 2.02388 -0.172108</i>
                        <i>1 0 0 0 1 0 0 0 1 1.55172 2.03104 -0.167496</i>
                        <i>1 0 0 0 1 0 0 0 1 1.55528 2.03886 -0.162055</i>
                        <i>1 0 0 0 1 0 0 0 1 1.55735 2.04683 -0.156286</i>
                        <i>1 0 0 0 1 0 0 0 1 1.5584 2.05444 -0.150693</i>
                        <i>1 0 0 0 1 0 0 0 1 1.55889 2.06119 -0.145779</i>
                        <i>1 0 0 0 1 0 0 0 1 1.55927 2.06654 -0.142047</i>
                        <i>1 0 0 0 1 0 0 0 1 1.56 2.07 -0.14</i>
                        <i>1 0 0 0 1 0 0 0 1 1.56082 2.07204 -0.139265</i>
                        <i>1 0 0 0 1 0 0 0 1 1.5612 2.07351 -0.139082</i>
                        <i>1 0 0 0 1 0 0 0 1 1.56116 2.07448 -0.13937</i>
                        <i>1 0 0 0 1 0 0 0 1 1.56073 2.07502 -0.140046</i>
                        <i>1 0 0 0 1 0 0 0 1 1.55995 2.07518 -0.141031</i>
                        <i>1 0 0 0 1 0 0 0 1 1.55886 2.07503 -0.142244</i>
                        <i>1 0 0 0 1 0 0 0 1 1.55747 2.07463 -0.143602</i>
                        <i>1 0 0 0 1 0 0 0 1 1.55584 2.07405 -0.145025</i>
                        <i>1 0 0 0 1 0 0 0 1 1.55398 2.07334 -0.146433</i>
                        <i>1 0 0 0 1 0 0 0 1 1.55193 2.07257 -0.147743</i>
                        <i>1 0 0 0 1 0 0 0 1 1.54972 2.0718 -0.148875</i>
                        <i>1 0 0 0 1 0 0 0 1 1.5474 2.0711 -0.149748</i>
                        <i>1 0 0 0 1 0 0 0 1 1.54498 2.07052 -0.15028</i>
                        <i>1 0 0 0 1 0 0 0 1 1.5425 2.07013 -0.150391</i>
                        <i>1 0 0 0 1 0 0 0 1 1.54 2.07 -0.15</i>
                        <i>1 0 0 0 1 0 0 0 1 1.53499 2.07494 -0.148102</i>
                        <i>1 0 0 0 1 0 0 0 1 1.52677 2.08698 -0.144202</i>
                        <i>1 0 0 0 1 0 0 0 1 1.51807 2.10197 -0.138983</i>
                        <i>1 0 0 0 1 0 0 0 1 1.51158 2.11578 -0.133128</i>
                        <i>1 0 0 0 1 0 0 0 1 1.51002 2.12427 -0.127321</i>
                        <i>1 0 0 0 1 0 0 0 1 1.51703 2.12567 -0.119246</i>
                        <i>1 0 0 0 1 0 0 0 1 1.53075 2.12237 -0.109067</i>
                        <i>1 0 0 0 1 0 0 0 1 1.54568 2.11645 -0.101185</i>
                        <i>1 0 0 0 1 0 0 0 1 1.55633 2.11 -0.1</i>
                        <i>1 0 0 0 1 0 0 0 1 1.56194 2.10219 -0.108254</i>
                        <i>1 0 0 0 1 0 0 0 1 1.56573 2.0922 -0.122805</i>
                        <i>1 0 0 0 1 0 0 0 1 1.56807 2.08211 -0.139229</i>
                        <i>1 0 0 0 1 0 0 0 1 1.56936 2.07402 -0.153102</i>
                        <i>1 0 0 0 1 0 0 0 1 1.57 2.07 -0.16</i>
                        <i>1 0 0 0 1 0 0 0 1 1.57041 2.06881 -0.161789</i>
                        <i>1 0 0 0 1 0 0 0 1 1.57075 2.0678 -0.163298</i>
                        <i>1 0 0 0 1 0 0 0 1 1.57104 2.06697 -0.164544</i>
                        <i>1 0 0 0 1 0 0 0 1 1.57126 2.0663 -0.165543</i>
                        <i>1 0 0 0 1 0 0 0 1 1.57144 2.06579 -0.166313</i>
                        <i>1 0 0 0 1 0 0 0 1 1.57157 2.06542 -0.166872</i>
                        <i>1 0 0 0 1 0 0 0 1 1.57165 2.06518 -0.167235</i>
                        <i>1 0 0 0 1 0 0 0 1 1.57169 2.06505 -0.167421</i>
                        <i>1 0 0 0 1 0 0 0 1 1.5717 2.06504 -0.167447</i>
                        <i>1 0 0 0 1 0 0 0 1 1.57167 2.06511 -0.16733</i>
                        <i>1 0 0 0 1 0 0 0 1 1.57161 2.06528 -0.167086</i>
                        <i>1 0 0 0 1 0 0 0 1 1.57153 2.06551 -0.166734</i>
                        <i>1 0 0 0 1 0 0 0 1 1.57143 2.06581 -0.16629</i>
                        <i>1 0 0 0 1 0 0 0 1 1.57132 2.06615 -0.165772</i>
                        <i>1 0 0 0 1 0 0 0 1 1.57118 2.06654 -0.165197</i>
                        <i>1 0 0 0 1 0 0 0 1 1.57104 2.06695 -0.164581</i>
                        <i>1 0 0 0 1 0 0 0 1 1.5709 2.06737 -0.163943</i>
                        <i>1 0 0 0 1 0 0 0 1 1.57075 2.0678 -0.163298</i>
                        <i>1 0 0 0 1 0 0 0 1 1.57061 2.06822 -0.162666</i>
                        <i>1 0 0 0 1 0 0 0 1 1.57047 2.06863 -0.162061</i>
                        <i>1 0 0 0 1 0 0 0 1 1.57034 2.069 -0.161503</i>
                        <i>1 0 0 0 1 0 0 0 1 1.57023 2.06933 -0.161008</i>
                        <i>1 0 0 0 1 0 0 0 1 1.57013 2.0696 -0.160593</i>
                        <i>1 0 0 0 1 0 0 0 1 1.57006 2.06982 -0.160275</i>
                        <i>1 0 0 0 1 0 0 0 1 1.57002 2.06995 -0.160072</i>
                        <i>1 0 0 0 1 0 0 0 1 1.57 2.07 -0.16</i>
                        <i>1 0 0 0 1 0 0 0 1 1.57014 2.06986 -0.160866</i>
                        <i>1 0 0 0 1 0 0 0 1 1.57023 2.06941 -0.163148</i>
                        <i>1 0 0 0 1 0 0 0 1 1.56982 2.0686 -0.166377</i>
                        <i>1 0 0 0 1 0 0 0 1 1.56843 2.06737 -0.170082</i>
                        <i>1 0 0 0 1 0 0 0 1 1.5656 2.06568 -0.173792</i>
                        <i>1 0 0 0 1 0 0 0 1 1.56086 2.06346 -0.177036</i>
                        <i>1 0 0 0 1 0 0 0 1 1.55375 2.06068 -0.179343</i>
                        <i>1 0 0 0 1 0 0 0 1 1.54379 2.05727 -0.180242</i>
                        <i>1 0 0 0 1 0 0 0 1 1.53053 2.05318 -0.179264</i>
                        <i>1 0 0 0 1 0 0 0 1 1.51349 2.04837 -0.175936</i>
                        <i>1 0 0 0 1 0 0 0 1 1.48744 2.04018 -0.16011</i>
                        <i>1 0 0 0 1 0 0 0 1 1.42646 2.02228 -0.12697</i>
                        <i>1 0 0 0 1 0 0 0 1 1.35633 2.00464 -0.0980213</i>
                        <i>1 0 0 0 1 0 0 0 1 1.30281 1.99725 -0.094773</i>
                        <i>1 0 0 0 1 0 0 0 1 1.28828 2.01163 -0.139528</i>
                        <i>1 0 0 0 1 0 0 0 1 1.26361 2.03903 -0.228407</i>
                        <i>1 0 0 0 1 0 0 0 1 1.2572 2.05581 -0.29333</i>
                        <i>1 0 0 0 1 0 0 0 1 1.28797 2.04637 -0.28887</i>
                        <i>1 0 0 0 1 0 0 0 1 1.34512 2.02872 -0.280621</i>
                        <i>1 0 0 0 1 0 0 0 1 1.37589 2.01888 -0.276276</i>
                        <i>1 0 0 0 1 0 0 0 1 1.37589 2.01888 -0.276276</i>
                        <i>1 0 0 0 1 0 0 0 1 1.37589 2.01888 -0.276276</i>
                        <i>1 0 0 0 1 0 0 0 1 1.37589 2.01888 -0.276276</i>
                        <i>1 0 0 0 1 0 0 0 1 1.37589 2.01888 -0.276276</i>
                        <i>1 0 0 0 1 0 0 0 1 1.37589 2.01888 -0.276276</i>
                        <i>1 0 0 0 1 0 0 0 1 1.37589 2.01888 -0.276276</i>
                        <i>1 0 0 0 1 0 0 0 1 1.37589 2.01888 -0.276276</i>
                        <i>1 0 0 0 1 0 0 0 1 1.37589 2.01888 -0.276276</i>
                        <i>1 0 0 0 1 0 0 0 1 1.37589 2.01888 -0.276276</i>
                        <i>1 0 0 0 1 0 0 0 1 1.37589 2.01888 -0.276276</i>
                    </KeyFrames>
                </p>
            </i>
            <i>
                <p>
                    <Name><![CDATA[spine0]]></Name>
                    <Exclude>0</Exclude>
                    <Additive>0</Additive>
                    <IKPriority>0</IKPriority>
                    <IKRotLimits>-1e+010 -1e+010 -1e+010 1e+010 1e+010 1e+010</IKRotLimits>
                    <IKRotLimitOrder>0</IKRotLimitOrder>
                    <KeyFrames count="160">
                        <i>-0.0271637 0.998324 -0.0510949 -0.857732 -0.0495277 -0.511706 -0.513379 0.0299259 0.85764 1.40052 2.15004 -0.330016</i>
                        <i>-0.025075 0.998382 -0.0510314 -0.857732 -0.0477067 -0.511879 -0.513485 0.0309359 0.857541 1.4004 2.15231 -0.301034</i>
                        <i>-0.0235384 0.998413 -0.0511695 -0.85773 -0.0464619 -0.511996 -0.513561 0.031838 0.857462 1.40028 2.15507 -0.271351</i>
                        <i>-0.0224523 0.998426 -0.0514002 -0.857728 -0.0456505 -0.512072 -0.513613 0.0325902 0.857403 1.40018 2.15685 -0.243069</i>
                        <i>-0.0217131 0.99843 -0.0516353 -0.857727 -0.0451383 -0.51212 -0.513647 0.0331692 0.85736 1.40014 2.1562 -0.218292</i>
                        <i>-0.0212131 0.998432 -0.0518072 -0.857726 -0.0447985 -0.512152 -0.513669 0.033572 0.857331 1.40018 2.15258 -0.194739</i>
                        <i>-0.0208376 0.998437 -0.051868 -0.857725 -0.0445082 -0.512179 -0.513687 0.0338159 0.857311 1.40027 2.14706 -0.170853</i>
                        <i>-0.0204637 0.998449 -0.0517854 -0.857723 -0.0441458 -0.512212 -0.513704 0.0339358 0.857296 1.40039 2.14062 -0.149824</i>
                        <i>-0.0199599 0.998472 -0.0515381 -0.857721 -0.0435878 -0.512264 -0.513728 0.0339806 0.85728 1.40048 2.13423 -0.134844</i>
                        <i>-0.0191888 0.998509 -0.051109 -0.857717 -0.0427077 -0.512345 -0.513764 0.0340057 0.857257 1.40052 2.12886 -0.129101</i>
                        <i>-0.0183849 0.998548 -0.050634 -0.857908 -0.041763 -0.512104 -0.513475 0.0340244 0.85743 1.40049 2.12419 -0.129074</i>
                        <i>-0.017836 0.998577 -0.0502595 -0.8584 -0.0410682 -0.511334 -0.512671 0.0340227 0.857911 1.40043 2.11963 -0.1291</i>
                        <i>-0.0174845 0.998597 -0.0499776 -0.859057 -0.040579 -0.510268 -0.511581 0.0340118 0.858562 1.40036 2.11571 -0.129154</i>
                        <i>-0.0172752 0.998611 -0.0497756 -0.859743 -0.0402508 -0.509138 -0.510435 0.0339988 0.859244 1.40029 2.11297 -0.129215</i>
                        <i>-0.0171545 0.99862 -0.0496382 -0.860322 -0.0400386 -0.508176 -0.509462 0.0339873 0.859822 1.40023 2.11193 -0.129259</i>
                        <i>-0.01707 0.998626 -0.0495488 -0.86066 -0.039898 -0.507615 -0.508894 0.0339797 0.860158 1.40019 2.11201 -0.129146</i>
                        <i>-0.0169693 0.99863 -0.04949 -0.860622 -0.0397841 -0.507688 -0.508961 0.0339771 0.860119 1.4002 2.11222 -0.128801</i>
                        <i>-0.0168008 0.998636 -0.0494438 -0.860073 -0.0396525 -0.508627 -0.509894 0.03398 0.859566 1.40027 2.1125 -0.128307</i>
                        <i>-0.0165124 0.998643 -0.0493913 -0.858875 -0.039458 -0.510663 -0.511919 0.0339887 0.858361 1.40041 2.1128 -0.127744</i>
                        <i>-0.0160526 0.998654 -0.0493116 -0.856882 -0.0391552 -0.514024 -0.515263 0.0340028 0.856357 1.40064 2.11307 -0.127192</i>
                        <i>-0.0153707 0.998672 -0.0491802 -0.853941 -0.0386981 -0.51893 -0.520143 0.0340207 0.853401 1.40096 2.11325 -0.126733</i>
                        <i>-0.0144171 0.998696 -0.0489671 -0.849884 -0.0380393 -0.525594 -0.526772 0.0340389 0.849325 1.40139 2.1133 -0.126444</i>
                        <i>-0.0131456 0.99873 -0.0486341 -0.844529 -0.0371303 -0.534221 -0.535348 0.0340503 0.843945 1.40194 2.11315 -0.126406</i>
                        <i>-0.0115147 0.998775 -0.0481317 -0.837669 -0.0359211 -0.544996 -0.546057 0.034043 0.837056 1.40263 2.11275 -0.126694</i>
                        <i>-0.00949146 0.998831 -0.0473965 -0.82907 -0.0343607 -0.558088 -0.559064 0.033998 0.828427 1.40345 2.11205 -0.127385</i>
                        <i>-0.00624545 0.998919 -0.04607 -0.813722 -0.0318547 -0.580381 -0.581221 0.0338635 0.813041 1.40478 2.10532 -0.133165</i>
                        <i>0.00113322 0.99912 -0.0419276 -0.77396 -0.0256737 -0.632714 -0.633233 0.0331673 0.77325 1.40798 2.10141 -0.141964</i>
                        <i>0.0089172 0.99934 -0.0352255 -0.720194 -0.01802 -0.693539 -0.693716 0.0315536 0.719558 1.41159 2.11063 -0.14494</i>
                        <i>0.0143353 0.999505 -0.0279956 -0.667408 -0.0112839 -0.744607 -0.744555 0.0293587 0.666916 1.41448 2.12835 -0.153945</i>
                        <i>0.0166734 0.999585 -0.0234901 -0.635171 -0.0075549 -0.772335 -0.772192 0.0277977 0.634781 1.41669 2.14005 -0.160609</i>
                        <i>0.0164311 0.999589 -0.0234809 -0.635179 -0.00770137 -0.772327 -0.77219 0.0276047 0.634791 1.41711 2.14037 -0.161169</i>
                        <i>0.0157726 0.9996 -0.0234557 -0.6352 -0.00809938 -0.772305 -0.772187 0.0270803 0.634818 1.41824 2.14125 -0.162689</i>
                        <i>0.0148001 0.999616 -0.0234181 -0.635231 -0.00868708 -0.772273 -0.77218 0.0263056 0.634858 1.41991 2.14254 -0.164929</i>
                        <i>0.0136156 0.999634 -0.023372 -0.635268 -0.00940254 -0.772234 -0.772172 0.025362 0.634908 1.42193 2.14411 -0.167649</i>
                        <i>0.0123225 0.999652 -0.0233212 -0.635309 -0.0101834 -0.772191 -0.77216 0.0243315 0.634962 1.42414 2.14582 -0.170609</i>
                        <i>0.0110251 0.999668 -0.0232696 -0.635349 -0.0109664 -0.772147 -0.772147 0.0232974 0.635017 1.42634 2.14753 -0.173569</i>
                        <i>0.00982935 0.999682 -0.0232217 -0.635385 -0.0116879 -0.772107 -0.772133 0.022344 0.635068 1.42837 2.1491 -0.176289</i>
                        <i>0.00884209 0.999692 -0.0231818 -0.635415 -0.0122834 -0.772073 -0.77212 0.0215568 0.635111 1.43004 2.1504 -0.178529</i>
                        <i>0.00817091 0.999699 -0.0231545 -0.635436 -0.0126881 -0.77205 -0.772111 0.0210215 0.63514 1.43117 2.15127 -0.180049</i>
                        <i>0.00792338 0.999701 -0.0231444 -0.635443 -0.0128374 -0.772041 -0.772107 0.0208241 0.635151 1.43159 2.1516 -0.180609</i>
                        <i>0.00789419 0.999695 -0.0233947 -0.635454 -0.0130489 -0.772029 -0.772099 0.0209608 0.635157 1.43222 2.15209 -0.176236</i>
                        <i>0.00855474 0.99968 -0.0238208 -0.635449 -0.0129585 -0.772034 -0.772095 0.0217415 0.635135 1.4323 2.15215 -0.167489</i>
                        <i>0.0091755 0.99966 -0.0244258 -0.635453 -0.0130313 -0.77203 -0.772085 0.0226052 0.635117 1.43206 2.15197 -0.156929</i>
                        <i>0.00903952 0.999642 -0.0251762 -0.635486 -0.0136962 -0.771991 -0.77206 0.0229776 0.635134 1.43174 2.15172 -0.147116</i>
                        <i>0.00744016 0.999634 -0.0260092 -0.635566 -0.0153532 -0.771894 -0.77201 0.0222736 0.63522 1.43159 2.1516 -0.140609</i>
                        <i>0.00613344 0.999636 -0.0262812 -0.635616 -0.0163921 -0.771831 -0.771981 0.0214388 0.635284 1.43159 2.1516 -0.140609</i>
                        <i>0.0026181 0.999632 -0.0270152 -0.635747 -0.0191891 -0.771659 -0.771893 0.0191951 0.635462 1.43159 2.1516 -0.140609</i>
                        <i>-0.00250045 0.999602 -0.0280835 -0.635928 -0.0232629 -0.771398 -0.771745 0.0159302 0.635733 1.43159 2.1516 -0.140609</i>
                        <i>-0.00861072 0.999532 -0.0293584 -0.63613 -0.0281281 -0.771069 -0.771534 0.0120363 0.636074 1.43159 2.1516 -0.140609</i>
                        <i>-0.0150903 0.999414 -0.0307176 -0.636328 -0.0332959 -0.770699 -0.771271 0.00791639 0.636458 1.43159 2.1516 -0.140609</i>
                        <i>-0.0251753 0.999059 -0.0353036 -0.637585 -0.0432464 -0.769165 -0.769969 0.0031451 0.638074 1.40506 2.15127 -0.152809</i>
                        <i>-0.0364403 0.998528 -0.0401682 -0.643069 -0.0541974 -0.763888 -0.764941 -0.0020054 0.644097 1.36488 2.15045 -0.171401</i>
                        <i>-0.0461079 0.997957 -0.0442152 -0.643687 -0.0635294 -0.762647 -0.763898 -0.00670326 0.645302 1.32187 2.14995 -0.191152</i>
                        <i>-0.0517615 0.997536 -0.0473597 -0.63045 -0.0694188 -0.773119 -0.774502 -0.0101599 0.63249 1.28684 2.15059 -0.206804</i>
                        <i>-0.0514433 0.997434 -0.0497873 -0.593503 -0.0706288 -0.801727 -0.803186 -0.0116945 0.595614 1.27055 2.15322 -0.21304</i>
                        <i>-0.0451906 0.997756 -0.0494055 -0.528258 -0.0658432 -0.846527 -0.84788 -0.0121562 0.530048 1.27487 2.15972 -0.204125</i>
                        <i>-0.0354769 0.998371 -0.0446831 -0.439808 -0.0557459 -0.89636 -0.897391 -0.012148 0.44107 1.29183 2.16948 -0.182738</i>
                        <i>-0.0240515 0.999046 -0.0364549 -0.332473 -0.0423832 -0.94216 -0.942806 -0.0105401 0.333175 1.31733 2.17959 -0.156194</i>
                        <i>-0.0126887 0.999585 -0.0258468 -0.212647 -0.0279551 -0.976729 -0.977047 -0.00689717 0.212913 1.34744 2.18721 -0.131918</i>
                        <i>-0.00286231 0.999894 -0.0142974 -0.0885836 -0.0144948 -0.995963 -0.996065 -0.00158424 0.0886156 1.37839 2.18955 -0.117405</i>
                        <i>0.00458039 0.999984 -0.00334949 0.0304981 -0.00348766 -0.999529 -0.999524 0.00447608 -0.0305135 1.41533 2.18373 -0.11726</i>
                        <i>0.0095664 0.999938 0.00574638 0.135549 0.00439684 -0.990761 -0.990724 0.0102569 -0.135499 1.46068 2.17167 -0.127438</i>
                        <i>0.0126595 0.999843 0.012394 0.218571 0.00932825 -0.975776 -0.975739 0.0150618 -0.218419 1.5069 2.1578 -0.142374</i>
                        <i>0.014722 0.999752 0.0166992 0.272837 0.0120507 -0.961985 -0.961948 0.0187185 -0.272592 1.54652 2.14657 -0.156404</i>
                        <i>0.0165837 0.999681 0.0190423 0.29233 0.013365 -0.956224 -0.956174 0.0214244 -0.292015 1.57201 2.14238 -0.163829</i>
                        <i>0.0185781 0.999621 0.0203083 0.292306 0.0139941 -0.956222 -0.956144 0.023701 -0.291935 1.58591 2.14456 -0.16478</i>
                        <i>0.0206019 0.99956 0.0213383 0.292136 0.0143929 -0.956268 -0.956155 0.0259347 -0.291711 1.59619 2.14907 -0.16349</i>
                        <i>0.0226579 0.999498 0.0221609 0.291854 0.0145882 -0.956352 -0.956195 0.0281367 -0.291377 1.60338 2.15538 -0.160437</i>
                        <i>0.0247426 0.999434 0.0228003 0.291494 0.0146035 -0.956461 -0.956253 0.0303115 -0.290968 1.60802 2.16293 -0.1561</i>
                        <i>0.0268564 0.999368 0.0232799 0.291095 0.0144606 -0.956585 -0.956317 0.0324671 -0.290522 1.61064 2.17117 -0.150958</i>
                        <i>0.0290093 0.9993 0.0236244 0.29069 0.014179 -0.956712 -0.956377 0.0346209 -0.290076 1.61177 2.17956 -0.145491</i>
                        <i>0.031224 0.999228 0.0238619 0.290317 0.0137776 -0.956831 -0.956421 0.0368036 -0.289662 1.61196 2.18755 -0.140175</i>
                        <i>0.0335364 0.999149 0.0240236 0.290007 0.0132745 -0.956932 -0.956437 0.0390591 -0.289315 1.61173 2.1946 -0.135489</i>
                        <i>0.035993 0.99906 0.0241445 0.289792 0.0126878 -0.957006 -0.956413 0.0414423 -0.289063 1.61162 2.20016 -0.131912</i>
                        <i>0.0386482 0.998958 0.0242623 0.2897 0.0120362 -0.957042 -0.956337 0.0440167 -0.288933 1.61217 2.20369 -0.129922</i>
                        <i>0.0413491 0.998848 0.0243544 0.289709 0.0113422 -0.957047 -0.956221 0.0466287 -0.288907 1.61308 2.20569 -0.129161</i>
                        <i>0.0438281 0.998742 0.0243658 0.289774 0.0106321 -0.957036 -0.956091 0.0490056 -0.288943 1.61368 2.20707 -0.128905</i>
                        <i>0.0459723 0.998647 0.0242895 0.289884 0.00993213 -0.95701 -0.955957 0.0510371 -0.289035 1.61399 2.2079 -0.129079</i>
                        <i>0.04767 0.998572 0.02412 0.290029 0.00926973 -0.956973 -0.95583 0.0526144 -0.289173 1.61403 2.20824 -0.12961</i>
                        <i>0.0488089 0.998523 0.0238525 0.290202 0.00867342 -0.956926 -0.95572 0.0536285 -0.289351 1.61378 2.20817 -0.130425</i>
                        <i>0.0486776 0.998546 0.0231709 0.29039 0.00804788 -0.956875 -0.955669 0.053307 -0.289576 1.61328 2.20776 -0.131448</i>
                        <i>0.046875 0.998662 0.021853 0.290577 0.00729842 -0.956824 -0.955703 0.0512011 -0.289846 1.61252 2.20709 -0.132607</i>
                        <i>0.0437507 0.998842 0.0200338 0.290756 0.00645455 -0.956775 -0.955796 0.0476845 -0.290137 1.61152 2.20622 -0.133828</i>
                        <i>0.0396537 0.999054 0.0178476 0.290918 0.00554463 -0.956732 -0.955926 0.0431302 -0.290423 1.61028 2.20523 -0.135036</i>
                        <i>0.0349356 0.99927 0.0154286 0.291057 0.00459551 -0.956695 -0.956068 0.0379133 -0.290684 1.60882 2.20419 -0.136159</i>
                        <i>0.0299526 0.999468 0.0129113 0.291168 0.00363255 -0.956665 -0.956203 0.0324139 -0.290904 1.60715 2.20318 -0.137122</i>
                        <i>0.0250674 0.999631 0.0104318 0.291246 0.0026798 -0.956645 -0.95632 0.0270188 -0.291071 1.60527 2.20227 -0.13785</i>
                        <i>0.0206496 0.999754 0.0081275 0.291286 0.00176052 -0.956634 -0.956413 0.0221216 -0.291178 1.6032 2.20152 -0.138271</i>
                        <i>0.0170736 0.999835 0.00613692 0.291288 0.000897605 -0.956635 -0.956483 0.0181208 -0.291225 1.60095 2.20103 -0.13831</i>
                        <i>0.0147143 0.999881 0.00459898 0.291248 0.000114114 -0.956648 -0.956534 0.0154158 -0.291212 1.59853 2.20086 -0.137893</i>
                        <i>0.0134239 0.999902 0.00396464 0.293008 -0.000142695 -0.95611 -0.956016 0.0139964 -0.292982 1.59348 2.2058 -0.135829</i>
                        <i>0.0127622 0.999909 0.00442423 0.298072 0.000419119 -0.954543 -0.954458 0.0135008 -0.298039 1.58515 2.21785 -0.131472</i>
                        <i>0.012671 0.999904 0.00568136 0.305924 0.00153273 -0.952055 -0.951972 0.0138016 -0.305875 1.57627 2.23285 -0.125566</i>
                        <i>0.0131001 0.999887 0.00741457 0.316043 0.00289465 -0.948741 -0.948655 0.0147719 -0.315969 1.56956 2.24667 -0.118864</i>
                        <i>0.0140014 0.999859 0.00931285 0.327899 0.00420742 -0.944704 -0.944609 0.0162809 -0.327793 1.56776 2.25516 -0.112113</i>
                        <i>0.015324 0.999821 0.0111038 0.340958 0.00521439 -0.940064 -0.939954 0.0181915 -0.340817 1.57449 2.25656 -0.103062</i>
                        <i>0.0170073 0.999776 0.0125744 0.354683 0.0057257 -0.934969 -0.934832 0.0203612 -0.354507 1.58794 2.25326 -0.0919274</i>
                        <i>0.0189745 0.999728 0.0135836 0.368547 0.0056358 -0.929592 -0.929415 0.0226447 -0.36834 1.60261 2.24734 -0.0831541</i>
                        <i>0.0211263 0.999678 0.0140684 0.382033 0.00493179 -0.924136 -0.923907 0.0248982 -0.381806 1.61301 2.24088 -0.0811753</i>
                        <i>0.0233369 0.999629 0.014041 0.394646 0.00369275 -0.918826 -0.918537 0.0269837 -0.394413 1.61841 2.23306 -0.0887528</i>
                        <i>0.0254521 0.999584 0.0135799 0.405917 0.00208025 -0.913908 -0.913555 0.0287732 -0.405695 1.62202 2.22306 -0.102754</i>
                        <i>0.027292 0.999545 0.0128153 0.415402 0.000320282 -0.909638 -0.909228 0.0301493 -0.415205 1.62422 2.21297 -0.118757</i>
                        <i>0.0286579 0.999518 0.0119071 0.422678 -0.00132254 -0.906279 -0.905827 0.0310049 -0.422512 1.62541 2.20487 -0.132332</i>
                        <i>0.0293436 0.999509 0.0110191 0.427331 -0.00257845 -0.904092 -0.903619 0.0312381 -0.427196 1.62599 2.20085 -0.139052</i>
                        <i>0.0300392 0.999492 0.0106357 0.4303 -0.00332693 -0.90268 -0.902186 0.0316923 -0.430181 1.62636 2.19966 -0.140733</i>
                        <i>0.0313757 0.999447 0.0109746 0.432818 -0.00368869 -0.901474 -0.900935 0.0330344 -0.432695 1.62668 2.19865 -0.142154</i>
                        <i>0.033065 0.999384 0.0117788 0.434909 -0.00377621 -0.900466 -0.899867 0.0348966 -0.434766 1.62694 2.19782 -0.143329</i>
                        <i>0.0348221 0.999312 0.0127863 0.436595 -0.00370254 -0.899651 -0.898984 0.0369101 -0.436423 1.62715 2.19715 -0.144273</i>
                        <i>0.0363646 0.999244 0.0137321 0.437898 -0.00358122 -0.899018 -0.898289 0.0387057 -0.437697 1.62731 2.19664 -0.145002</i>
                        <i>0.0374122 0.999197 0.0143498 0.438838 -0.00352659 -0.898559 -0.897787 0.0399143 -0.438617 1.62742 2.19626 -0.145531</i>
                        <i>0.037686 0.999186 0.0143713 0.439437 -0.00365434 -0.898266 -0.897483 0.0401673 -0.439217 1.6275 2.19602 -0.145875</i>
                        <i>0.036279 0.999258 0.0129436 0.439694 -0.00432976 -0.898137 -0.897415 0.0382748 -0.439525 1.62754 2.1959 -0.146052</i>
                        <i>0.0334652 0.999387 0.0103093 0.439646 -0.00545686 -0.898155 -0.897548 0.0345893 -0.439559 1.62754 2.19588 -0.146076</i>
                        <i>0.0307395 0.999497 0.00784876 0.439368 -0.00645878 -0.898284 -0.897781 0.0310613 -0.439345 1.62752 2.19596 -0.145965</i>
                        <i>0.029602 0.999538 0.00694948 0.438936 -0.00675247 -0.898493 -0.89803 0.0296476 -0.438933 1.62747 2.19612 -0.145734</i>
                        <i>0.0308966 0.999487 0.0083839 0.438406 -0.00601325 -0.898757 -0.898246 0.0314441 -0.438367 1.62739 2.19636 -0.145401</i>
                        <i>0.0336794 0.999369 0.0112549 0.437775 -0.00462788 -0.899073 -0.898454 0.0352073 -0.437654 1.6273 2.19665 -0.14498</i>
                        <i>0.0367697 0.999219 0.0144476 0.43703 -0.00307709 -0.899442 -0.898695 0.0393862 -0.436802 1.62719 2.197 -0.14449</i>
                        <i>0.0389889 0.999097 0.0168571 0.436162 -0.00183804 -0.899866 -0.899023 0.0424372 -0.43584 1.62707 2.19738 -0.143946</i>
                        <i>0.0391618 0.999082 0.0173908 0.435163 -0.0013853 -0.90035 -0.899499 0.0428272 -0.434818 1.62694 2.19779 -0.143364</i>
