<?xml version="1.0" encoding="ISO-8859-1" ?>
<Animl Version="1">
    <ModellingPackage><![CDATA[Maya.2010]]></ModellingPackage>
    <SrcFile><![CDATA[anims\turrets\mortar\red\~src\mortar_82pm41\mortar_82pm41_idle_random_crewman_a.mb]]></SrcFile>
    <FramesPerSecond>30</FramesPerSecond>
    <TotalFrames>90</TotalFrames>
    <Skeleton>
        <RefFrame>
            <Name><![CDATA[soldier_ref_frame]]></Name>
            <Exclude>0</Exclude>
            <Additive>0</Additive>
            <IKPriority>0</IKPriority>
            <IKRotLimits>-1e+010 -1e+010 -1e+010 1e+010 1e+010 1e+010</IKRotLimits>
            <IKRotLimitOrder>0</IKRotLimitOrder>
            <KeyFrames count="90">
                <i>1 0 0 0 1 0 0 0 1 1.05 0.91 -2.35</i>
                <i>1 0 0 0 1 0 0 0 1 1.05 0.91 -2.35</i>
                <i>1 0 0 0 1 0 0 0 1 1.05 0.91 -2.35</i>
                <i>1 0 0 0 1 0 0 0 1 1.05 0.91 -2.35</i>
                <i>1 0 0 0 1 0 0 0 1 1.05 0.91 -2.35</i>
                <i>1 0 0 0 1 0 0 0 1 1.05 0.91 -2.35</i>
                <i>1 0 0 0 1 0 0 0 1 1.05 0.91 -2.35</i>
                <i>1 0 0 0 1 0 0 0 1 1.05 0.91 -2.35</i>
                <i>1 0 0 0 1 0 0 0 1 1.05 0.91 -2.35</i>
                <i>1 0 0 0 1 0 0 0 1 1.05 0.91 -2.35</i>
                <i>1 0 0 0 1 0 0 0 1 1.05 0.91 -2.35</i>
                <i>1 0 0 0 1 0 0 0 1 1.05 0.91 -2.35</i>
                <i>1 0 0 0 1 0 0 0 1 1.05 0.91 -2.35</i>
                <i>1 0 0 0 1 0 0 0 1 1.05 0.91 -2.35</i>
                <i>1 0 0 0 1 0 0 0 1 1.05 0.91 -2.35</i>
                <i>1 0 0 0 1 0 0 0 1 1.05 0.91 -2.35</i>
                <i>1 0 0 0 1 0 0 0 1 1.05 0.91 -2.35</i>
                <i>1 0 0 0 1 0 0 0 1 1.05 0.91 -2.35</i>
                <i>1 0 0 0 1 0 0 0 1 1.05 0.91 -2.35</i>
                <i>1 0 0 0 1 0 0 0 1 1.05 0.91 -2.35</i>
                <i>1 0 0 0 1 0 0 0 1 1.05 0.91 -2.35</i>
                <i>1 0 0 0 1 0 0 0 1 1.05 0.91 -2.35</i>
                <i>1 0 0 0 1 0 0 0 1 1.05 0.91 -2.35</i>
                <i>1 0 0 0 1 0 0 0 1 1.05 0.91 -2.35</i>
                <i>1 0 0 0 1 0 0 0 1 1.05 0.91 -2.35</i>
                <i>1 0 0 0 1 0 0 0 1 1.05 0.91 -2.35</i>
                <i>1 0 0 0 1 0 0 0 1 1.05 0.91 -2.35</i>
                <i>1 0 0 0 1 0 0 0 1 1.05 0.91 -2.35</i>
                <i>1 0 0 0 1 0 0 0 1 1.05 0.91 -2.35</i>
                <i>1 0 0 0 1 0 0 0 1 1.05 0.91 -2.35</i>
                <i>1 0 0 0 1 0 0 0 1 1.05 0.91 -2.35</i>
                <i>1 0 0 0 1 0 0 0 1 1.05 0.91 -2.35</i>
                <i>1 0 0 0 1 0 0 0 1 1.05 0.91 -2.35</i>
                <i>1 0 0 0 1 0 0 0 1 1.05 0.91 -2.35</i>
                <i>1 0 0 0 1 0 0 0 1 1.05 0.91 -2.35</i>
                <i>1 0 0 0 1 0 0 0 1 1.05 0.91 -2.35</i>
                <i>1 0 0 0 1 0 0 0 1 1.05 0.91 -2.35</i>
                <i>1 0 0 0 1 0 0 0 1 1.05 0.91 -2.35</i>
                <i>1 0 0 0 1 0 0 0 1 1.05 0.91 -2.35</i>
                <i>1 0 0 0 1 0 0 0 1 1.05 0.91 -2.35</i>
                <i>1 0 0 0 1 0 0 0 1 1.05 0.91 -2.35</i>
                <i>1 0 0 0 1 0 0 0 1 1.05 0.91 -2.35</i>
                <i>1 0 0 0 1 0 0 0 1 1.05 0.91 -2.35</i>
                <i>1 0 0 0 1 0 0 0 1 1.05 0.91 -2.35</i>
                <i>1 0 0 0 1 0 0 0 1 1.05 0.91 -2.35</i>
                <i>1 0 0 0 1 0 0 0 1 1.05 0.91 -2.35</i>
                <i>1 0 0 0 1 0 0 0 1 1.05 0.91 -2.35</i>
                <i>1 0 0 0 1 0 0 0 1 1.05 0.91 -2.35</i>
                <i>1 0 0 0 1 0 0 0 1 1.05 0.91 -2.35</i>
                <i>1 0 0 0 1 0 0 0 1 1.05 0.91 -2.35</i>
                <i>1 0 0 0 1 0 0 0 1 1.05 0.91 -2.35</i>
                <i>1 0 0 0 1 0 0 0 1 1.05 0.91 -2.35</i>
                <i>1 0 0 0 1 0 0 0 1 1.05 0.91 -2.35</i>
                <i>1 0 0 0 1 0 0 0 1 1.05 0.91 -2.35</i>
                <i>1 0 0 0 1 0 0 0 1 1.05 0.91 -2.35</i>
                <i>1 0 0 0 1 0 0 0 1 1.05 0.91 -2.35</i>
                <i>1 0 0 0 1 0 0 0 1 1.05 0.91 -2.35</i>
                <i>1 0 0 0 1 0 0 0 1 1.05 0.91 -2.35</i>
                <i>1 0 0 0 1 0 0 0 1 1.05 0.91 -2.35</i>
                <i>1 0 0 0 1 0 0 0 1 1.05 0.91 -2.35</i>
                <i>1 0 0 0 1 0 0 0 1 1.05 0.91 -2.35</i>
                <i>1 0 0 0 1 0 0 0 1 1.05 0.91 -2.35</i>
                <i>1 0 0 0 1 0 0 0 1 1.05 0.91 -2.35</i>
                <i>1 0 0 0 1 0 0 0 1 1.05 0.91 -2.35</i>
                <i>1 0 0 0 1 0 0 0 1 1.05 0.91 -2.35</i>
                <i>1 0 0 0 1 0 0 0 1 1.05 0.91 -2.35</i>
                <i>1 0 0 0 1 0 0 0 1 1.05 0.91 -2.35</i>
                <i>1 0 0 0 1 0 0 0 1 1.05 0.91 -2.35</i>
                <i>1 0 0 0 1 0 0 0 1 1.05 0.91 -2.35</i>
                <i>1 0 0 0 1 0 0 0 1 1.05 0.91 -2.35</i>
                <i>1 0 0 0 1 0 0 0 1 1.05 0.91 -2.35</i>
                <i>1 0 0 0 1 0 0 0 1 1.05 0.91 -2.35</i>
                <i>1 0 0 0 1 0 0 0 1 1.05 0.91 -2.35</i>
                <i>1 0 0 0 1 0 0 0 1 1.05 0.91 -2.35</i>
                <i>1 0 0 0 1 0 0 0 1 1.05 0.91 -2.35</i>
                <i>1 0 0 0 1 0 0 0 1 1.05 0.91 -2.35</i>
                <i>1 0 0 0 1 0 0 0 1 1.05 0.91 -2.35</i>
                <i>1 0 0 0 1 0 0 0 1 1.05 0.91 -2.35</i>
                <i>1 0 0 0 1 0 0 0 1 1.05 0.91 -2.35</i>
                <i>1 0 0 0 1 0 0 0 1 1.05 0.91 -2.35</i>
                <i>1 0 0 0 1 0 0 0 1 1.05 0.91 -2.35</i>
                <i>1 0 0 0 1 0 0 0 1 1.05 0.91 -2.35</i>
                <i>1 0 0 0 1 0 0 0 1 1.05 0.91 -2.35</i>
                <i>1 0 0 0 1 0 0 0 1 1.05 0.91 -2.35</i>
                <i>1 0 0 0 1 0 0 0 1 1.05 0.91 -2.35</i>
                <i>1 0 0 0 1 0 0 0 1 1.05 0.91 -2.35</i>
                <i>1 0 0 0 1 0 0 0 1 1.05 0.91 -2.35</i>
                <i>1 0 0 0 1 0 0 0 1 1.05 0.91 -2.35</i>
                <i>1 0 0 0 1 0 0 0 1 1.05 0.91 -2.35</i>
                <i>1 0 0 0 1 0 0 0 1 1.05 0.91 -2.35</i>
            </KeyFrames>
        </RefFrame>
        <Bones count="23">
            <i>
                <p>
                    <Name><![CDATA[pelvis]]></Name>
                    <Exclude>0</Exclude>
                    <Additive>0</Additive>
                    <IKPriority>0</IKPriority>
                    <IKRotLimits>-1e+010 -1e+010 -1e+010 1e+010 1e+010 1e+010</IKRotLimits>
                    <IKRotLimitOrder>2</IKRotLimitOrder>
                    <KeyFrames count="90">
                        <i>1 0 0 0 1 0 0 0 1 0.693859 1.82254 -2.17089</i>
                        <i>1 0 0 0 1 0 0 0 1 0.693859 1.82266 -2.17089</i>
                        <i>1 0 0 0 1 0 0 0 1 0.693859 1.82303 -2.17089</i>
                        <i>1 0 0 0 1 0 0 0 1 0.693859 1.82361 -2.17089</i>
                        <i>1 0 0 0 1 0 0 0 1 0.693859 1.82437 -2.17089</i>
                        <i>1 0 0 0 1 0 0 0 1 0.693859 1.82528 -2.17089</i>
                        <i>1 0 0 0 1 0 0 0 1 0.693859 1.82633 -2.17089</i>
                        <i>1 0 0 0 1 0 0 0 1 0.693859 1.82748 -2.17089</i>
                        <i>1 0 0 0 1 0 0 0 1 0.693859 1.8287 -2.17089</i>
                        <i>1 0 0 0 1 0 0 0 1 0.693859 1.82997 -2.17089</i>
                        <i>1 0 0 0 1 0 0 0 1 0.693859 1.83126 -2.17089</i>
                        <i>1 0 0 0 1 0 0 0 1 0.693859 1.83255 -2.17089</i>
                        <i>1 0 0 0 1 0 0 0 1 0.693859 1.8338 -2.17089</i>
                        <i>1 0 0 0 1 0 0 0 1 0.693859 1.83499 -2.17089</i>
                        <i>1 0 0 0 1 0 0 0 1 0.693859 1.8361 -2.17089</i>
                        <i>1 0 0 0 1 0 0 0 1 0.693859 1.83709 -2.17089</i>
                        <i>1 0 0 0 1 0 0 0 1 0.693859 1.83793 -2.17089</i>
                        <i>1 0 0 0 1 0 0 0 1 0.693859 1.83861 -2.17089</i>
                        <i>1 0 0 0 1 0 0 0 1 0.693859 1.8391 -2.17089</i>
                        <i>1 0 0 0 1 0 0 0 1 0.693859 1.83936 -2.17089</i>
                        <i>1 0 0 0 1 0 0 0 1 0.693859 1.83936 -2.17089</i>
                        <i>1 0 0 0 1 0 0 0 1 0.693859 1.83912 -2.17089</i>
                        <i>1 0 0 0 1 0 0 0 1 0.693859 1.83866 -2.17089</i>
                        <i>1 0 0 0 1 0 0 0 1 0.693859 1.83801 -2.17089</i>
                        <i>1 0 0 0 1 0 0 0 1 0.693859 1.83721 -2.17089</i>
                        <i>1 0 0 0 1 0 0 0 1 0.693859 1.83629 -2.17089</i>
                        <i>1 0 0 0 1 0 0 0 1 0.693859 1.83528 -2.17089</i>
                        <i>1 0 0 0 1 0 0 0 1 0.693859 1.8342 -2.17089</i>
                        <i>1 0 0 0 1 0 0 0 1 0.693859 1.8331 -2.17089</i>
                        <i>1 0 0 0 1 0 0 0 1 0.693859 1.832 -2.17089</i>
                        <i>1 0 0 0 1 0 0 0 1 0.693859 1.83093 -2.17089</i>
                        <i>1 0 0 0 1 0 0 0 1 0.693859 1.82993 -2.17089</i>
                        <i>1 0 0 0 1 0 0 0 1 0.693859 1.82902 -2.17089</i>
                        <i>1 0 0 0 1 0 0 0 1 0.693859 1.82824 -2.17089</i>
                        <i>1 0 0 0 1 0 0 0 1 0.693859 1.82762 -2.17089</i>
                        <i>1 0 0 0 1 0 0 0 1 0.693859 1.82718 -2.17089</i>
                        <i>1 0 0 0 1 0 0 0 1 0.693859 1.82697 -2.17089</i>
                        <i>1 0 0 0 1 0 0 0 1 0.693859 1.82701 -2.17089</i>
                        <i>1 0 0 0 1 0 0 0 1 0.693859 1.82733 -2.17089</i>
                        <i>1 0 0 0 1 0 0 0 1 0.693859 1.82797 -2.17089</i>
                        <i>1 0 0 0 1 0 0 0 1 0.693859 1.82946 -2.17089</i>
                        <i>1 0 0 0 1 0 0 0 1 0.693859 1.83213 -2.17089</i>
                        <i>1 0 0 0 1 0 0 0 1 0.693859 1.83571 -2.17089</i>
                        <i>1 0 0 0 1 0 0 0 1 0.693859 1.83993 -2.17089</i>
                        <i>1 0 0 0 1 0 0 0 1 0.693859 1.84452 -2.17089</i>
                        <i>1 0 0 0 1 0 0 0 1 0.693859 1.8492 -2.17089</i>
                        <i>1 0 0 0 1 0 0 0 1 0.693859 1.85372 -2.17089</i>
                        <i>1 0 0 0 1 0 0 0 1 0.693859 1.85778 -2.17089</i>
                        <i>1 0 0 0 1 0 0 0 1 0.693859 1.86113 -2.17089</i>
                        <i>1 0 0 0 1 0 0 0 1 0.693859 1.86349 -2.17089</i>
                        <i>1 0 0 0 1 0 0 0 1 0.693859 1.86505 -2.17089</i>
                        <i>1 0 0 0 1 0 0 0 1 0.693859 1.8662 -2.17089</i>
                        <i>1 0 0 0 1 0 0 0 1 0.693859 1.86696 -2.17089</i>
                        <i>1 0 0 0 1 0 0 0 1 0.693859 1.86736 -2.17089</i>
                        <i>1 0 0 0 1 0 0 0 1 0.693859 1.86742 -2.17089</i>
                        <i>1 0 0 0 1 0 0 0 1 0.693859 1.86716 -2.17089</i>
                        <i>1 0 0 0 1 0 0 0 1 0.693859 1.86662 -2.17089</i>
                        <i>1 0 0 0 1 0 0 0 1 0.693859 1.86581 -2.17089</i>
                        <i>1 0 0 0 1 0 0 0 1 0.693859 1.86476 -2.17089</i>
                        <i>1 0 0 0 1 0 0 0 1 0.693859 1.86349 -2.17089</i>
                        <i>1 0 0 0 1 0 0 0 1 0.693859 1.86203 -2.17089</i>
                        <i>1 0 0 0 1 0 0 0 1 0.693859 1.86038 -2.17089</i>
                        <i>1 0 0 0 1 0 0 0 1 0.693859 1.85857 -2.17089</i>
                        <i>1 0 0 0 1 0 0 0 1 0.693859 1.85661 -2.17089</i>
                        <i>1 0 0 0 1 0 0 0 1 0.693859 1.85453 -2.17089</i>
                        <i>1 0 0 0 1 0 0 0 1 0.693859 1.85235 -2.17089</i>
                        <i>1 0 0 0 1 0 0 0 1 0.693859 1.85009 -2.17089</i>
                        <i>1 0 0 0 1 0 0 0 1 0.693859 1.84776 -2.17089</i>
                        <i>1 0 0 0 1 0 0 0 1 0.693859 1.8454 -2.17089</i>
                        <i>1 0 0 0 1 0 0 0 1 0.693859 1.84301 -2.17089</i>
                        <i>1 0 0 0 1 0 0 0 1 0.693859 1.84063 -2.17089</i>
                        <i>1 0 0 0 1 0 0 0 1 0.693859 1.83826 -2.17089</i>
                        <i>1 0 0 0 1 0 0 0 1 0.693859 1.83594 -2.17089</i>
                        <i>1 0 0 0 1 0 0 0 1 0.693859 1.83368 -2.17089</i>
                        <i>1 0 0 0 1 0 0 0 1 0.693859 1.8315 -2.17089</i>
                        <i>1 0 0 0 1 0 0 0 1 0.693859 1.82942 -2.17089</i>
                        <i>1 0 0 0 1 0 0 0 1 0.693859 1.82746 -2.17089</i>
                        <i>1 0 0 0 1 0 0 0 1 0.693859 1.82565 -2.17089</i>
                        <i>1 0 0 0 1 0 0 0 1 0.693859 1.824 -2.17089</i>
                        <i>1 0 0 0 1 0 0 0 1 0.693859 1.82254 -2.17089</i>
                        <i>1 0 0 0 1 0 0 0 1 0.693859 1.82143 -2.17089</i>
                        <i>1 0 0 0 1 0 0 0 1 0.693859 1.82079 -2.17089</i>
                        <i>1 0 0 0 1 0 0 0 1 0.693859 1.82053 -2.17089</i>
                        <i>1 0 0 0 1 0 0 0 1 0.693859 1.82057 -2.17089</i>
                        <i>1 0 0 0 1 0 0 0 1 0.693859 1.82083 -2.17089</i>
                        <i>1 0 0 0 1 0 0 0 1 0.693859 1.82123 -2.17089</i>
                        <i>1 0 0 0 1 0 0 0 1 0.693859 1.82168 -2.17089</i>
                        <i>1 0 0 0 1 0 0 0 1 0.693859 1.8221 -2.17089</i>
                        <i>1 0 0 0 1 0 0 0 1 0.693859 1.82241 -2.17089</i>
                        <i>1 0 0 0 1 0 0 0 1 0.693859 1.82254 -2.17089</i>
                    </KeyFrames>
                </p>
            </i>
            <i>
                <p>
                    <Name><![CDATA[spine0]]></Name>
                    <Exclude>0</Exclude>
                    <Additive>0</Additive>
                    <IKPriority>0</IKPriority>
                    <IKRotLimits>-1e+010 -1e+010 -1e+010 1e+010 1e+010 1e+010</IKRotLimits>
                    <IKRotLimitOrder>0</IKRotLimitOrder>
                    <KeyFrames count="90">
                        <i>-0.175698 0.974356 0.140573 -0.339654 0.0740272 -0.937633 -0.923994 -0.212486 0.317938 0.706564 1.96547 -2.18118</i>
                        <i>-0.176133 0.974196 0.141136 -0.339688 0.0744172 -0.93759 -0.923899 -0.213083 0.317815 0.706616 1.96559 -2.1812</i>
                        <i>-0.177308 0.973761 0.14266 -0.33977 0.0754764 -0.937475 -0.923644 -0.214693 0.317472 0.706767 1.96594 -2.18125</i>
                        <i>-0.179025 0.973116 0.144898 -0.339871 0.07704 -0.937311 -0.923275 -0.217049 0.316942 0.707008 1.96649 -2.18132</i>
                        <i>-0.181087 0.972328 0.147602 -0.339962 0.0789428 -0.93712 -0.92284 -0.219879 0.316259 0.70733 1.96721 -2.18143</i>
                        <i>-0.183294 0.971466 0.150522 -0.340011 0.0810175 -0.936925 -0.922386 -0.222911 0.315459 0.707724 1.96808 -2.18156</i>
                        <i>-0.185441 0.970608 0.153402 -0.339991 0.0830932 -0.93675 -0.921964 -0.225867 0.314589 0.70818 1.96907 -2.18171</i>
                        <i>-0.18732 0.969835 0.155983 -0.339877 0.0849954 -0.936621 -0.921626 -0.228463 0.313703 0.708691 1.97015 -2.18187</i>
                        <i>-0.188722 0.969236 0.158006 -0.339645 0.0865465 -0.936563 -0.921426 -0.230416 0.312863 0.709246 1.9713 -2.18206</i>
                        <i>-0.189435 0.9689 0.159208 -0.339277 0.0875669 -0.936602 -0.921415 -0.23144 0.312137 0.709836 1.97249 -2.18225</i>
                        <i>-0.189398 0.968856 0.15952 -0.338779 0.088006 -0.936741 -0.921606 -0.231459 0.31156 0.710454 1.97369 -2.18245</i>
                        <i>-0.188745 0.969048 0.159126 -0.338187 0.0879859 -0.936957 -0.921957 -0.230661 0.311113 0.711089 1.97489 -2.18266</i>
                        <i>-0.187564 0.969438 0.158144 -0.337528 0.0875859 -0.937232 -0.922439 -0.229169 0.310785 0.711734 1.97604 -2.18287</i>
                        <i>-0.185936 0.969988 0.156691 -0.336828 0.086885 -0.937549 -0.923025 -0.227102 0.310564 0.712378 1.97713 -2.18308</i>
                        <i>-0.183941 0.970658 0.154882 -0.336109 0.0859605 -0.937892 -0.923686 -0.224574 0.310435 0.713013 1.97814 -2.18328</i>
                        <i>-0.181717 0.971395 0.152874 -0.335397 0.0849148 -0.938242 -0.924385 -0.221768 0.310373 0.71363 1.97902 -2.18348</i>
                        <i>-0.179445 0.972132 0.150861 -0.334719 0.0838685 -0.938578 -0.925075 -0.218919 0.310341 0.714221 1.97977 -2.18367</i>
                        <i>-0.177266 0.972818 0.149001 -0.334094 0.0829252 -0.938885 -0.92572 -0.216212 0.310313 0.714776 1.98035 -2.18385</i>
                        <i>-0.175319 0.973407 0.147453 -0.333544 0.0821884 -0.939145 -0.926289 -0.213832 0.310265 0.715287 1.98074 -2.18402</i>
                        <i>-0.173745 0.973852 0.146375 -0.333087 0.0817625 -0.939345 -0.92675 -0.211962 0.310171 0.715744 1.98092 -2.18417</i>
                        <i>-0.172578 0.97414 0.145835 -0.332704 0.0817052 -0.939485 -0.927106 -0.210654 0.31 0.716173 1.98085 -2.18431</i>
                        <i>-0.171713 0.974309 0.145727 -0.332359 0.0819577 -0.939585 -0.92739 -0.209773 0.309747 0.716603 1.98052 -2.18445</i>
                        <i>-0.17109 0.974384 0.145956 -0.332042 0.082451 -0.939654 -0.927619 -0.209229 0.30943 0.717032 1.97998 -2.18458</i>
                        <i>-0.170647 0.974391 0.146428 -0.331743 0.0831158 -0.939701 -0.927807 -0.208933 0.309065 0.717461 1.97925 -2.18472</i>
                        <i>-0.170319 0.974356 0.147045 -0.331454 0.0838812 -0.939735 -0.927971 -0.208793 0.308668 0.717888 1.97836 -2.18486</i>
                        <i>-0.170038 0.974305 0.147706 -0.331166 0.084674 -0.939766 -0.928125 -0.208712 0.308259 0.718311 1.97736 -2.185</i>
                        <i>-0.169735 0.974266 0.148309 -0.330872 0.085419 -0.939802 -0.928285 -0.208589 0.307859 0.718729 1.97626 -2.18513</i>
                        <i>-0.169336 0.974269 0.148748 -0.330566 0.0860388 -0.939853 -0.928467 -0.208322 0.307491 0.719142 1.9751 -2.18527</i>
                        <i>-0.168764 0.974342 0.148915 -0.330241 0.0864547 -0.939929 -0.928687 -0.207804 0.307177 0.719548 1.9739 -2.1854</i>
                        <i>-0.167944 0.974517 0.148701 -0.329893 0.0865875 -0.940039 -0.928959 -0.206929 0.306944 0.719946 1.97272 -2.18553</i>
                        <i>-0.166928 0.974772 0.148171 -0.329529 0.0864813 -0.940176 -0.929271 -0.205769 0.30678 0.720336 1.97156 -2.18565</i>
                        <i>-0.165822 0.975067 0.147471 -0.329162 0.086239 -0.940327 -0.929599 -0.204469 0.306655 0.720715 1.97048 -2.18577</i>
                        <i>-0.164627 0.975399 0.146611 -0.328796 0.0858697 -0.940489 -0.929942 -0.203035 0.30657 0.721083 1.96948 -2.18589</i>
                        <i>-0.163346 0.975766 0.145601 -0.328431 0.0853825 -0.940661 -0.930296 -0.201473 0.306525 0.721439 1.96862 -2.18601</i>
                        <i>-0.161983 0.976163 0.144454 -0.328072 0.084787 -0.94084 -0.930661 -0.199791 0.306518 0.721781 1.96792 -2.18612</i>
                        <i>-0.16054 0.976589 0.14318 -0.32772 0.0840926 -0.941025 -0.931035 -0.197995 0.306547 0.722108 1.96741 -2.18622</i>
                        <i>-0.15902 0.97704 0.141791 -0.327377 0.0833089 -0.941214 -0.931417 -0.196091 0.306613 0.722421 1.96712 -2.18632</i>
                        <i>-0.157426 0.977514 0.140298 -0.327046 0.082445 -0.941405 -0.931803 -0.194086 0.306713 0.722716 1.96709 -2.18642</i>
                        <i>-0.155761 0.978007 0.13871 -0.326728 0.0815103 -0.941597 -0.932195 -0.191985 0.306847 0.722994 1.96735 -2.18651</i>
                        <i>-0.154025 0.978517 0.137039 -0.326426 0.0805136 -0.941788 -0.932589 -0.189792 0.307012 0.723252 1.96792 -2.18659</i>
                        <i>-0.151272 0.97935 0.134129 -0.326135 0.0786451 -0.942046 -0.933141 -0.186249 0.307503 0.723423 1.96936 -2.18665</i>
                        <i>-0.147227 0.980566 0.129668 -0.325874 0.0756894 -0.942378 -0.933879 -0.180999 0.308398 0.723461 1.97202 -2.18666</i>
                        <i>-0.142885 0.981826 0.124905 -0.325675 0.0725318 -0.942695 -0.934623 -0.175375 0.309393 0.723401 1.97562 -2.18664</i>
                        <i>-0.139194 0.982839 0.121049 -0.325572 0.0700232 -0.942921 -0.935215 -0.170659 0.310238 0.72328 1.97987 -2.1866</i>
                        <i>-0.137078 0.983353 0.119278 -0.325604 0.0689932 -0.942986 -0.935517 -0.1681 0.310726 0.723133 1.98449 -2.18655</i>
                        <i>-0.137777 0.983022 0.121183 -0.325841 0.0705549 -0.942788 -0.935332 -0.169381 0.310588 0.722995 1.98921 -2.18651</i>
                        <i>-0.140918 0.98194 0.126241 -0.326227 0.0743359 -0.942364 -0.934729 -0.173979 0.30986 0.722902 1.99375 -2.18648</i>
                        <i>-0.144927 0.980547 0.132381 -0.326607 0.0788853 -0.941862 -0.933983 -0.179738 0.308821 0.722891 1.99782 -2.18647</i>
                        <i>-0.148046 0.979398 0.13734 -0.326814 0.0826199 -0.94147 -0.933421 -0.184266 0.30785 0.722995 2.00114 -2.18651</i>
                        <i>-0.148389 0.979152 0.138719 -0.326684 0.0838636 -0.941406 -0.933412 -0.185011 0.307429 0.723252 2.00344 -2.18659</i>
                        <i>-0.144322 0.980325 0.134663 -0.326038 0.0813781 -0.941848 -0.934275 -0.179835 0.307879 0.723774 2.00487 -2.18676</i>
                        <i>-0.13696 0.982442 0.12669 -0.324979 0.0762531 -0.942642 -0.935751 -0.170276 0.308829 0.724585 2.00581 -2.18702</i>
                        <i>-0.128502 0.984729 0.117455 -0.323762 0.0702905 -0.943524 -0.937372 -0.159272 0.309785 0.72559 2.00631 -2.18734</i>
                        <i>-0.120997 0.9866 0.109455 -0.322595 0.0651973 -0.944289 -0.938772 -0.149566 0.310383 0.726693 2.00641 -2.18769</i>
                        <i>-0.116288 0.987653 0.104965 -0.321622 0.0625424 -0.9448 -0.9397 -0.143628 0.310378 0.7278 2.00616 -2.18805</i>
                        <i>-0.115098 0.987808 0.104818 -0.320886 0.0628893 -0.945028 -0.940098 -0.142406 0.309735 0.728815 2.00561 -2.18837</i>
                        <i>-0.116344 0.987377 0.107479 -0.320351 0.0651247 -0.945058 -0.940127 -0.144382 0.308731 0.729646 2.00482 -2.18864</i>
                        <i>-0.119069 0.986597 0.111577 -0.320032 0.0682433 -0.944946 -0.939895 -0.148222 0.307617 0.7302 2.00384 -2.18881</i>
                        <i>-0.122264 0.985732 0.11569 -0.319977 0.0711914 -0.944747 -0.939503 -0.152527 0.306707 0.730383 2.00274 -2.18887</i>
                        <i>-0.124853 0.985095 0.118322 -0.320255 0.0728594 -0.944526 -0.939068 -0.15582 0.306385 0.730103 2.00156 -2.18878</i>
                        <i>-0.126273 0.98484 0.118935 -0.320763 0.0729178 -0.944348 -0.938704 -0.157395 0.306693 0.729482 2.00028 -2.18859</i>
                        <i>-0.127041 0.984798 0.118461 -0.321357 0.0721225 -0.944208 -0.938398 -0.158021 0.307309 0.728713 1.99886 -2.18834</i>
                        <i>-0.127681 0.98482 0.117592 -0.322031 0.0709752 -0.944065 -0.93808 -0.158407 0.30808 0.727812 1.99731 -2.18805</i>
                        <i>-0.128706 0.984755 0.117012 -0.32279 0.0699666 -0.943881 -0.937679 -0.159254 0.308864 0.726792 1.99564 -2.18773</i>
                        <i>-0.130613 0.98446 0.117383 -0.323654 0.0695724 -0.943614 -0.937117 -0.161239 0.309537 0.725669 1.99386 -2.18737</i>
                        <i>-0.133564 0.983876 0.118947 -0.324638 0.0699646 -0.943247 -0.936361 -0.164598 0.310059 0.724456 1.992 -2.18698</i>
                        <i>-0.137179 0.983099 0.121238 -0.325725 0.0708184 -0.942809 -0.93546 -0.168823 0.310505 0.723168 1.99006 -2.18656</i>
                        <i>-0.141127 0.982213 0.123856 -0.326892 0.0718576 -0.942326 -0.934465 -0.173475 0.310936 0.721821 1.98806 -2.18613</i>
                        <i>-0.145077 0.981313 0.126399 -0.328105 0.0728063 -0.941831 -0.933434 -0.17811 0.311412 0.720428 1.98601 -2.18568</i>
                        <i>-0.148691 0.980505 0.128458 -0.329322 0.0733894 -0.941361 -0.932437 -0.182276 0.311989 0.719007 1.98393 -2.18522</i>
                        <i>-0.151987 0.979785 0.130084 -0.330524 0.0736527 -0.940919 -0.93148 -0.186003 0.312648 0.71757 1.98184 -2.18476</i>
                        <i>-0.155197 0.979078 0.131604 -0.331721 0.0738339 -0.940484 -0.930524 -0.189616 0.313322 0.716135 1.97976 -2.18429</i>
                        <i>-0.158304 0.978389 0.133022 -0.3329 0.0739474 -0.940058 -0.929579 -0.193098 0.313999 0.714716 1.97769 -2.18383</i>
                        <i>-0.161292 0.97772 0.134346 -0.334049 0.0740075 -0.939646 -0.928653 -0.196435 0.314669 0.713329 1.97566 -2.18338</i>
                        <i>-0.164142 0.977075 0.135581 -0.335155 0.0740285 -0.93925 -0.927755 -0.199611 0.315321 0.711991 1.9737 -2.18295</i>
                        <i>-0.166837 0.976458 0.136731 -0.336208 0.0740242 -0.938874 -0.926893 -0.202609 0.315943 0.710715 1.97181 -2.18253</i>
                        <i>-0.169359 0.975873 0.137802 -0.337195 0.0740084 -0.938521 -0.926076 -0.205413 0.316525 0.709519 1.97002 -2.18214</i>
                        <i>-0.171688 0.975325 0.138796 -0.338105 0.0739948 -0.938195 -0.925315 -0.208005 0.317059 0.708418 1.96836 -2.18179</i>
                        <i>-0.173808 0.974818 0.139718 -0.338929 0.0739966 -0.937898 -0.924618 -0.210368 0.317533 0.707428 1.96683 -2.18146</i>
                        <i>-0.175698 0.974356 0.140573 -0.339654 0.0740272 -0.937633 -0.923994 -0.212486 0.317938 0.706564 1.96547 -2.18118</i>
                        <i>-0.177132 0.974 0.141238 -0.3402 0.0740669 -0.937432 -0.923519 -0.214098 0.318235 0.70592 1.96443 -2.18097</i>
                        <i>-0.177964 0.973792 0.141626 -0.340518 0.0740896 -0.937315 -0.923242 -0.215035 0.318408 0.705546 1.96383 -2.18085</i>
                        <i>-0.178301 0.973708 0.141782 -0.340646 0.0740988 -0.937267 -0.92313 -0.215413 0.318478 0.705394 1.96359 -2.1808</i>
                        <i>-0.178248 0.973721 0.141758 -0.340626 0.0740973 -0.937275 -0.923148 -0.215354 0.318467 0.705418 1.96362 -2.1808</i>
                        <i>-0.177911 0.973805 0.141601 -0.340497 0.0740882 -0.937322 -0.92326 -0.214975 0.318397 0.705569 1.96387 -2.18085</i>
                        <i>-0.177397 0.973934 0.141362 -0.340301 0.0740742 -0.937394 -0.923431 -0.214397 0.31829 0.7058 1.96424 -2.18093</i>
                        <i>-0.176813 0.974079 0.14109 -0.340079 0.0740581 -0.937476 -0.923625 -0.21374 0.318169 0.706063 1.96466 -2.18102</i>
                        <i>-0.176264 0.974216 0.140835 -0.33987 0.0740429 -0.937553 -0.923807 -0.213123 0.318055 0.706309 1.96506 -2.1811</i>
                        <i>-0.175857 0.974317 0.140646 -0.339715 0.0740316 -0.93761 -0.923942 -0.212665 0.317971 0.706492 1.96535 -2.18116</i>
                        <i>-0.175698 0.974356 0.140573 -0.339654 0.0740272 -0.937633 -0.923994 -0.212486 0.317938 0.706564 1.96547 -2.18118</i>
                    </KeyFrames>
                </p>
            </i>
            <i>
                <p>
                    <Name><![CDATA[spine1]]></Name>
                    <Exclude>0</Exclude>
                    <Additive>0</Additive>
                    <IKPriority>0</IKPriority>
                    <IKRotLimits>-1e+010 -1e+010 -1e+010 1e+010 1e+010 1e+010</IKRotLimits>
                    <IKRotLimitOrder>0</IKRotLimitOrder>
                    <KeyFrames count="90">
                        <i>-0.263507 0.882849 0.388768 -0.610596 0.159357 -0.775743 -0.746817 -0.441794 0.497073 0.675499 2.13792 -2.15631</i>
                        <i>-0.264394 0.882304 0.389404 -0.610507 0.159449 -0.775794 -0.746577 -0.442849 0.496496 0.675475 2.13801 -2.15623</i>
                        <i>-0.266879 0.880779 0.391158 -0.610258 0.159689 -0.775941 -0.745896 -0.44579 0.494885 0.675421 2.13826 -2.15601</i>
                        <i>-0.270691 0.878435 0.393799 -0.609873 0.160023 -0.776175 -0.744836 -0.450271 0.492418 0.675361 2.13869 -2.1557</i>
                        <i>-0.275561 0.875432 0.397094 -0.60938 0.160396 -0.776485 -0.743453 -0.455951 0.489272 0.675318 2.13927 -2.15532</i>
                        <i>-0.28122 0.871931 0.400813 -0.608807 0.160754 -0.77686 -0.741801 -0.462486 0.485631 0.675317 2.14 -2.15493</i>
                        <i>-0.287401 0.868098 0.404731 -0.608189 0.161038 -0.777285 -0.739937 -0.469545 0.481685 0.675385 2.14089 -2.15456</i>
                        <i>-0.293843 0.864105 0.40863 -0.607564 0.161186 -0.777744 -0.737918 -0.476803 0.477635 0.675547 2.14192 -2.15426</i>
                        <i>-0.30029 0.860135 0.412303 -0.606969 0.161132 -0.778219 -0.735809 -0.483946 0.473689 0.67583 2.14309 -2.15406</i>
                        <i>-0.30649 0.85638 0.415544 -0.606445 0.160808 -0.778695 -0.733682 -0.490667 0.470061 0.67626 2.1444 -2.15401</i>
                        <i>-0.312257 0.852978 0.418239 -0.605996 0.160206 -0.779168 -0.731618 -0.496752 0.466876 0.67684 2.14583 -2.15412</i>
                        <i>-0.317485 0.849992 0.420377 -0.605587 0.159394 -0.779652 -0.729704 -0.502103 0.464139 0.677541 2.14733 -2.15435</i>
                        <i>-0.322048 0.847506 0.421923 -0.605193 0.158423 -0.780156 -0.728029 -0.506593 0.461885 0.67834 2.14884 -2.15469</i>
                        <i>-0.325823 0.845604 0.42284 -0.60479 0.157344 -0.780687 -0.726683 -0.510095 0.460147 0.679218 2.15034 -2.15511</i>
                        <i>-0.328687 0.844369 0.423091 -0.604357 0.156207 -0.781251 -0.725753 -0.512484 0.458957 0.680153 2.15177 -2.15559</i>
                        <i>-0.330705 0.843739 0.422775 -0.603888 0.155064 -0.78184 -0.725226 -0.513868 0.458244 0.681116 2.15308 -2.15611</i>
                        <i>-0.332081 0.843544 0.422086 -0.603392 0.153971 -0.782439 -0.725011 -0.514516 0.457857 0.682065 2.15423 -2.15662</i>
                        <i>-0.332895 0.843699 0.421132 -0.60287 0.15298 -0.783036 -0.725072 -0.514556 0.457714 0.68297 2.15517 -2.1571</i>
                        <i>-0.333231 0.844119 0.420023 -0.602326 0.15214 -0.783618 -0.72537 -0.514117 0.457737 0.683797 2.15585 -2.15751</i>
                        <i>-0.333171 0.844718 0.418867 -0.601764 0.151499 -0.784174 -0.725863 -0.513323 0.457845 0.684515 2.15624 -2.15783</i>
                        <i>-0.332909 0.845371 0.417755 -0.601159 0.151048 -0.784725 -0.726484 -0.512379 0.457917 0.685141 2.15629 -2.15806</i>
                        <i>-0.332598 0.84601 0.416708 -0.600494 0.150726 -0.785295 -0.727176 -0.511418 0.457893 0.68572 2.15604 -2.15821</i>
                        <i>-0.332261 0.84663 0.415717 -0.599786 0.150501 -0.785879 -0.727914 -0.510459 0.457791 0.68626 2.15552 -2.15831</i>
                        <i>-0.331921 0.847224 0.414776 -0.599049 0.150342 -0.786472 -0.728676 -0.509518 0.457627 0.686769 2.15479 -2.15836</i>
                        <i>-0.331601 0.847788 0.413879 -0.598298 0.150219 -0.787067 -0.729438 -0.508615 0.457417 0.687257 2.15389 -2.15839</i>
                        <i>-0.331326 0.848314 0.413021 -0.597551 0.150103 -0.787656 -0.730175 -0.507773 0.457178 0.687733 2.15286 -2.15841</i>
                        <i>-0.331121 0.848792 0.412201 -0.596828 0.149963 -0.788231 -0.730859 -0.507013 0.456927 0.688207 2.15174 -2.15844</i>
                        <i>-0.331013 0.849215 0.411418 -0.596149 0.149769 -0.788781 -0.731462 -0.506363 0.456683 0.68869 2.15059 -2.15849</i>
                        <i>-0.331027 0.84957 0.410671 -0.595536 0.149491 -0.789297 -0.731955 -0.505848 0.456464 0.689193 2.14945 -2.15859</i>
                        <i>-0.331192 0.849849 0.409963 -0.595012 0.149099 -0.789766 -0.732306 -0.505497 0.45629 0.689728 2.14836 -2.15874</i>
                        <i>-0.331534 0.850022 0.409327 -0.59457 0.148614 -0.79019 -0.73251 -0.505349 0.456127 0.690285 2.14734 -2.15895</i>
                        <i>-0.332029 0.850092 0.408779 -0.594187 0.148083 -0.790577 -0.732597 -0.505386 0.455946 0.690846 2.14642 -2.15918</i>
                        <i>-0.332624 0.850094 0.408291 -0.593857 0.147512 -0.790933 -0.732595 -0.50555 0.455768 0.69141 2.14561 -2.15944</i>
                        <i>-0.333269 0.850062 0.407831 -0.593572 0.146908 -0.791259 -0.732533 -0.50578 0.455613 0.691975 2.14495 -2.15972</i>
                        <i>-0.333912 0.85003 0.407372 -0.593326 0.146278 -0.79156 -0.732439 -0.506016 0.455501 0.692541 2.14446 -2.16001</i>
                        <i>-0.334502 0.850032 0.406882 -0.593113 0.145627 -0.791839 -0.732342 -0.506199 0.455453 0.693106 2.14417 -2.16033</i>
                        <i>-0.334987 0.850104 0.406333 -0.592927 0.144964 -0.792101 -0.732272 -0.506269 0.455488 0.69367 2.14412 -2.16066</i>
                        <i>-0.335317 0.850279 0.405695 -0.592761 0.144293 -0.792347 -0.732255 -0.506168 0.455628 0.694231 2.14432 -2.161</i>
                        <i>-0.33544 0.85059 0.404939 -0.592611 0.143619 -0.792581 -0.732319 -0.505835 0.455894 0.694788 2.14481 -2.16136</i>
                        <i>-0.335307 0.851073 0.404034 -0.592473 0.14295 -0.792806 -0.732493 -0.505213 0.456306 0.69534 2.14562 -2.16172</i>
                        <i>-0.333703 0.852618 0.402101 -0.592484 0.142073 -0.792955 -0.733216 -0.50285 0.457752 0.695989 2.14736 -2.16229</i>
                        <i>-0.329961 0.855656 0.398721 -0.592677 0.140977 -0.793007 -0.734752 -0.497974 0.460611 0.69674 2.15039 -2.16309</i>
                        <i>-0.324855 0.859525 0.39457 -0.592913 0.139948 -0.793013 -0.736834 -0.49156 0.464161 0.697457 2.15431 -2.16393</i>
                        <i>-0.319188 0.86356 0.390364 -0.593094 0.139249 -0.793 -0.739161 -0.484638 0.467725 0.698009 2.15874 -2.16459</i>
                        <i>-0.313788 0.867112 0.386852 -0.593144 0.139135 -0.792983 -0.74143 -0.478287 0.470663 0.69827 2.16328 -2.16489</i>
                        <i>-0.309614 0.869454 0.384954 -0.592916 0.139968 -0.793006 -0.743363 -0.473771 0.472177 0.69806 2.16753 -2.16455</i>
                        <i>-0.306807 0.870638 0.384523 -0.592318 0.141579 -0.793167 -0.745002 -0.47111 0.472258 0.697476 2.17131 -2.16367</i>
                        <i>-0.305004 0.871173 0.384746 -0.591411 0.143393 -0.793518 -0.746462 -0.469569 0.471486 0.696816 2.17458 -2.16263</i>
                        <i>-0.3039 0.871497 0.384887 -0.590447 0.14476 -0.793988 -0.747674 -0.468549 0.47058 0.696413 2.17732 -2.16182</i>
                        <i>-0.303245 0.871993 0.384279 -0.589836 0.144964 -0.794405 -0.748422 -0.467561 0.470373 0.696622 2.17948 -2.16167</i>
                        <i>-0.302851 0.873019 0.382255 -0.589776 0.143385 -0.794736 -0.748629 -0.466131 0.471462 0.697836 2.1814 -2.16253</i>
                        <i>-0.30287 0.874369 0.379142 -0.589899 0.140466 -0.795166 -0.748525 -0.464487 0.473246 0.699893 2.18332 -2.16415</i>
                        <i>-0.303574 0.875572 0.375788 -0.589817 0.13706 -0.79582 -0.748304 -0.463237 0.47482 0.702328 2.18502 -2.16605</i>
                        <i>-0.305306 0.876113 0.373115 -0.589354 0.133917 -0.796698 -0.747964 -0.463133 0.475455 0.704698 2.18627 -2.16776</i>
                        <i>-0.308488 0.875417 0.37213 -0.588568 0.131668 -0.797653 -0.747276 -0.465091 0.474625 0.706592 2.18685 -2.16887</i>
                        <i>-0.313075 0.873328 0.373205 -0.587658 0.130564 -0.798506 -0.746085 -0.469309 0.472342 0.707787 2.18667 -2.16918</i>
                        <i>-0.318077 0.870533 0.375498 -0.586806 0.13031 -0.799174 -0.744638 -0.474543 0.469385 0.708377 2.18591 -2.16895</i>
                        <i>-0.322549 0.867699 0.378233 -0.586117 0.13068 -0.799618 -0.743256 -0.479605 0.466423 0.708436 2.18475 -2.16838</i>
                        <i>-0.325584 0.865488 0.380691 -0.585726 0.131447 -0.799779 -0.74224 -0.483376 0.464141 0.708051 2.18334 -2.1677</i>
                        <i>-0.326306 0.86455 0.382201 -0.585827 0.13236 -0.799554 -0.741843 -0.484803 0.463287 0.707319 2.18186 -2.16715</i>
                        <i>-0.325078 0.864801 0.38268 -0.58639 0.133144 -0.799011 -0.741937 -0.484141 0.463828 0.706458 2.18037 -2.16686</i>
                        <i>-0.323016 0.865579 0.382667 -0.587184 0.133806 -0.798317 -0.74221 -0.482565 0.465033 0.705566 2.1788 -2.16672</i>
                        <i>-0.320375 0.866663 0.382433 -0.588144 0.134495 -0.797495 -0.742595 -0.480423 0.466634 0.704565 2.17711 -2.1666</i>
                        <i>-0.317416 0.867829 0.382257 -0.589209 0.135357 -0.796562 -0.743021 -0.478071 0.468368 0.703381 2.17525 -2.16641</i>
                        <i>-0.314412 0.868843 0.382437 -0.590326 0.136544 -0.795532 -0.743411 -0.475887 0.46997 0.701943 2.17315 -2.16601</i>
                        <i>-0.311494 0.869604 0.383094 -0.591469 0.138104 -0.794413 -0.743732 -0.474042 0.471325 0.700239 2.17082 -2.16538</i>
                        <i>-0.308547 0.870242 0.384028 -0.59265 0.139911 -0.793216 -0.744019 -0.472339 0.47258 0.698351 2.16833 -2.1646</i>
                        <i>-0.305477 0.870867 0.385065 -0.593882 0.141852 -0.791948 -0.744304 -0.470605 0.47386 0.696348 2.16572 -2.16375</i>
                        <i>-0.30219 0.871588 0.386024 -0.595183 0.143805 -0.790618 -0.744606 -0.468672 0.475298 0.694305 2.16307 -2.16289</i>
                        <i>-0.298595 0.872516 0.386725 -0.596582 0.145645 -0.789226 -0.744937 -0.466372 0.477038 0.692291 2.16043 -2.16212</i>
                        <i>-0.294757 0.873614 0.387191 -0.598063 0.147364 -0.787784 -0.745278 -0.46377 0.47904 0.690318 2.15783 -2.16141</i>
                        <i>-0.290839 0.874758 0.38757 -0.599582 0.149035 -0.786314 -0.745596 -0.461071 0.481144 0.688362 2.15525 -2.16072</i>
                        <i>-0.286896 0.875926 0.387871 -0.60112 0.150646 -0.784832 -0.745886 -0.458322 0.483317 0.686442 2.15271 -2.16005</i>
                        <i>-0.282984 0.877095 0.388104 -0.602657 0.152185 -0.783354 -0.74614 -0.45557 0.485522 0.684574 2.15023 -2.15941</i>
                        <i>-0.279161 0.878242 0.388279 -0.604173 0.153641 -0.781901 -0.746354 -0.452864 0.487719 0.682777 2.14783 -2.1588</i>
                        <i>-0.275488 0.879344 0.388408 -0.605644 0.155005 -0.780493 -0.746527 -0.450253 0.489868 0.681069 2.14555 -2.15822</i>
                        <i>-0.272024 0.880378 0.388507 -0.607047 0.156267 -0.77915 -0.746657 -0.447789 0.491923 0.679469 2.14339 -2.15768</i>
                        <i>-0.268831 0.881322 0.388589 -0.608357 0.157418 -0.777895 -0.746747 -0.445523 0.49384 0.677995 2.14138 -2.15718</i>
                        <i>-0.265972 0.882153 0.388671 -0.609549 0.158451 -0.776752 -0.746799 -0.443508 0.495572 0.676665 2.13955 -2.15672</i>
                        <i>-0.263507 0.882849 0.388768 -0.610596 0.159357 -0.775743 -0.746817 -0.441794 0.497073 0.675499 2.13792 -2.15631</i>
                        <i>-0.261685 0.883353 0.388856 -0.611382 0.160035 -0.774985 -0.746816 -0.440541 0.498187 0.674625 2.13668 -2.156</i>
                        <i>-0.260625 0.883645 0.388904 -0.61184 0.160428 -0.774541 -0.746811 -0.439812 0.498838 0.674118 2.13597 -2.15582</i>
                        <i>-0.260196 0.883763 0.388923 -0.612026 0.160586 -0.774362 -0.746808 -0.439516 0.499102 0.673913 2.13568 -2.15575</i>
                        <i>-0.260263 0.883745 0.38892 -0.611997 0.160561 -0.77439 -0.746808 -0.439563 0.499061 0.673945 2.13572 -2.15576</i>
                        <i>-0.260692 0.883626 0.388901 -0.611811 0.160403 -0.77457 -0.746811 -0.439858 0.498796 0.67415 2.13601 -2.15583</i>
                        <i>-0.261347 0.883446 0.388871 -0.611528 0.160161 -0.774843 -0.746814 -0.440308 0.498394 0.674463 2.13645 -2.15594</i>
                        <i>-0.26209 0.883241 0.388837 -0.611207 0.159885 -0.775154 -0.746817 -0.44082 0.497938 0.674819 2.13696 -2.15607</i>
                        <i>-0.262788 0.883048 0.388803 -0.610906 0.159625 -0.775444 -0.746818 -0.4413 0.497512 0.675154 2.13743 -2.15619</i>
                        <i>-0.263305 0.882905 0.388778 -0.610683 0.159432 -0.775659 -0.746818 -0.441655 0.497196 0.675402 2.13778 -2.15628</i>
                        <i>-0.263507 0.882849 0.388768 -0.610596 0.159357 -0.775743 -0.746817 -0.441794 0.497073 0.675499 2.13792 -2.15631</i>
                    </KeyFrames>
                </p>
            </i>
            <i>
                <p>
                    <Name><![CDATA[spine2]]></Name>
                    <Exclude>0</Exclude>
                    <Additive>0</Additive>
                    <IKPriority>0</IKPriority>
                    <IKRotLimits>-1e+010 -1e+010 -1e+010 1e+010 1e+010 1e+010</IKRotLimits>
