<?xml version="1.0" encoding="ISO-8859-1" ?>
<Animl Version="1">
    <ModellingPackage><![CDATA[Maya.2010]]></ModellingPackage>
    <SrcFile><![CDATA[anims\turrets\mortar\red\~src\mortar_2s12sani\mortar_2s12sani_reload_crewman_a.mb]]></SrcFile>
    <FramesPerSecond>30</FramesPerSecond>
    <TotalFrames>160</TotalFrames>
    <Skeleton>
        <RefFrame>
            <Name><![CDATA[soldier_ref_frame]]></Name>
            <Exclude>0</Exclude>
            <Additive>0</Additive>
            <IKPriority>0</IKPriority>
            <IKRotLimits>-1e+010 -1e+010 -1e+010 1e+010 1e+010 1e+010</IKRotLimits>
            <IKRotLimitOrder>0</IKRotLimitOrder>
            <KeyFrames count="160">
                <i>1 0 0 0 1 0 0 0 1 1.49 0.92 -0.22</i>
                <i>1 0 0 0 1 0 0 0 1 1.49 0.92 -0.22</i>
                <i>1 0 0 0 1 0 0 0 1 1.49 0.92 -0.22</i>
                <i>1 0 0 0 1 0 0 0 1 1.49 0.92 -0.22</i>
                <i>1 0 0 0 1 0 0 0 1 1.49 0.92 -0.22</i>
                <i>1 0 0 0 1 0 0 0 1 1.49 0.92 -0.22</i>
                <i>1 0 0 0 1 0 0 0 1 1.49 0.92 -0.22</i>
                <i>1 0 0 0 1 0 0 0 1 1.49 0.92 -0.22</i>
                <i>1 0 0 0 1 0 0 0 1 1.49 0.92 -0.22</i>
                <i>1 0 0 0 1 0 0 0 1 1.49 0.92 -0.22</i>
                <i>1 0 0 0 1 0 0 0 1 1.49 0.92 -0.22</i>
                <i>1 0 0 0 1 0 0 0 1 1.49 0.92 -0.22</i>
                <i>1 0 0 0 1 0 0 0 1 1.49 0.92 -0.22</i>
                <i>1 0 0 0 1 0 0 0 1 1.49 0.92 -0.22</i>
                <i>1 0 0 0 1 0 0 0 1 1.49 0.92 -0.22</i>
                <i>1 0 0 0 1 0 0 0 1 1.49 0.92 -0.22</i>
                <i>1 0 0 0 1 0 0 0 1 1.49 0.92 -0.22</i>
                <i>1 0 0 0 1 0 0 0 1 1.49 0.92 -0.22</i>
                <i>1 0 0 0 1 0 0 0 1 1.49 0.92 -0.22</i>
                <i>1 0 0 0 1 0 0 0 1 1.49 0.92 -0.22</i>
                <i>1 0 0 0 1 0 0 0 1 1.49 0.92 -0.22</i>
                <i>1 0 0 0 1 0 0 0 1 1.49 0.92 -0.22</i>
                <i>1 0 0 0 1 0 0 0 1 1.49 0.92 -0.22</i>
                <i>1 0 0 0 1 0 0 0 1 1.49 0.92 -0.22</i>
                <i>1 0 0 0 1 0 0 0 1 1.49 0.92 -0.22</i>
                <i>1 0 0 0 1 0 0 0 1 1.49 0.92 -0.22</i>
                <i>1 0 0 0 1 0 0 0 1 1.49 0.92 -0.22</i>
                <i>1 0 0 0 1 0 0 0 1 1.49 0.92 -0.22</i>
                <i>1 0 0 0 1 0 0 0 1 1.49 0.92 -0.22</i>
                <i>1 0 0 0 1 0 0 0 1 1.49 0.92 -0.22</i>
                <i>1 0 0 0 1 0 0 0 1 1.49 0.92 -0.22</i>
                <i>1 0 0 0 1 0 0 0 1 1.49 0.92 -0.22</i>
                <i>1 0 0 0 1 0 0 0 1 1.49 0.92 -0.22</i>
                <i>1 0 0 0 1 0 0 0 1 1.49 0.92 -0.22</i>
                <i>1 0 0 0 1 0 0 0 1 1.49 0.92 -0.22</i>
                <i>1 0 0 0 1 0 0 0 1 1.49 0.92 -0.22</i>
                <i>1 0 0 0 1 0 0 0 1 1.49 0.92 -0.22</i>
                <i>1 0 0 0 1 0 0 0 1 1.49 0.92 -0.22</i>
                <i>1 0 0 0 1 0 0 0 1 1.49 0.92 -0.22</i>
                <i>1 0 0 0 1 0 0 0 1 1.49 0.92 -0.22</i>
                <i>1 0 0 0 1 0 0 0 1 1.49 0.92 -0.22</i>
                <i>1 0 0 0 1 0 0 0 1 1.49 0.92 -0.22</i>
                <i>1 0 0 0 1 0 0 0 1 1.49 0.92 -0.22</i>
                <i>1 0 0 0 1 0 0 0 1 1.49 0.92 -0.22</i>
                <i>1 0 0 0 1 0 0 0 1 1.49 0.92 -0.22</i>
                <i>1 0 0 0 1 0 0 0 1 1.49 0.92 -0.22</i>
                <i>1 0 0 0 1 0 0 0 1 1.49 0.92 -0.22</i>
                <i>1 0 0 0 1 0 0 0 1 1.49 0.92 -0.22</i>
                <i>1 0 0 0 1 0 0 0 1 1.49 0.92 -0.22</i>
                <i>1 0 0 0 1 0 0 0 1 1.49 0.92 -0.22</i>
                <i>1 0 0 0 1 0 0 0 1 1.49 0.92 -0.22</i>
                <i>1 0 0 0 1 0 0 0 1 1.49 0.92 -0.22</i>
                <i>1 0 0 0 1 0 0 0 1 1.49 0.92 -0.22</i>
                <i>1 0 0 0 1 0 0 0 1 1.49 0.92 -0.22</i>
                <i>1 0 0 0 1 0 0 0 1 1.49 0.92 -0.22</i>
                <i>1 0 0 0 1 0 0 0 1 1.49 0.92 -0.22</i>
                <i>1 0 0 0 1 0 0 0 1 1.49 0.92 -0.22</i>
                <i>1 0 0 0 1 0 0 0 1 1.49 0.92 -0.22</i>
                <i>1 0 0 0 1 0 0 0 1 1.49 0.92 -0.22</i>
                <i>1 0 0 0 1 0 0 0 1 1.49 0.92 -0.22</i>
                <i>1 0 0 0 1 0 0 0 1 1.49 0.92 -0.22</i>
                <i>1 0 0 0 1 0 0 0 1 1.49 0.92 -0.22</i>
                <i>1 0 0 0 1 0 0 0 1 1.49 0.92 -0.22</i>
                <i>1 0 0 0 1 0 0 0 1 1.49 0.92 -0.22</i>
                <i>1 0 0 0 1 0 0 0 1 1.49 0.92 -0.22</i>
                <i>1 0 0 0 1 0 0 0 1 1.49 0.92 -0.22</i>
                <i>1 0 0 0 1 0 0 0 1 1.49 0.92 -0.22</i>
                <i>1 0 0 0 1 0 0 0 1 1.49 0.92 -0.22</i>
                <i>1 0 0 0 1 0 0 0 1 1.49 0.92 -0.22</i>
                <i>1 0 0 0 1 0 0 0 1 1.49 0.92 -0.22</i>
                <i>1 0 0 0 1 0 0 0 1 1.49 0.92 -0.22</i>
                <i>1 0 0 0 1 0 0 0 1 1.49 0.92 -0.22</i>
                <i>1 0 0 0 1 0 0 0 1 1.49 0.92 -0.22</i>
                <i>1 0 0 0 1 0 0 0 1 1.49 0.92 -0.22</i>
                <i>1 0 0 0 1 0 0 0 1 1.49 0.92 -0.22</i>
                <i>1 0 0 0 1 0 0 0 1 1.49 0.92 -0.22</i>
                <i>1 0 0 0 1 0 0 0 1 1.49 0.92 -0.22</i>
                <i>1 0 0 0 1 0 0 0 1 1.49 0.92 -0.22</i>
                <i>1 0 0 0 1 0 0 0 1 1.49 0.92 -0.22</i>
                <i>1 0 0 0 1 0 0 0 1 1.49 0.92 -0.22</i>
                <i>1 0 0 0 1 0 0 0 1 1.49 0.92 -0.22</i>
                <i>1 0 0 0 1 0 0 0 1 1.49 0.92 -0.22</i>
                <i>1 0 0 0 1 0 0 0 1 1.49 0.92 -0.22</i>
                <i>1 0 0 0 1 0 0 0 1 1.49 0.92 -0.22</i>
                <i>1 0 0 0 1 0 0 0 1 1.49 0.92 -0.22</i>
                <i>1 0 0 0 1 0 0 0 1 1.49 0.92 -0.22</i>
                <i>1 0 0 0 1 0 0 0 1 1.49 0.92 -0.22</i>
                <i>1 0 0 0 1 0 0 0 1 1.49 0.92 -0.22</i>
                <i>1 0 0 0 1 0 0 0 1 1.49 0.92 -0.22</i>
                <i>1 0 0 0 1 0 0 0 1 1.49 0.92 -0.22</i>
                <i>1 0 0 0 1 0 0 0 1 1.49 0.92 -0.22</i>
                <i>1 0 0 0 1 0 0 0 1 1.49 0.92 -0.22</i>
                <i>1 0 0 0 1 0 0 0 1 1.49 0.92 -0.22</i>
                <i>1 0 0 0 1 0 0 0 1 1.49 0.92 -0.22</i>
                <i>1 0 0 0 1 0 0 0 1 1.49 0.92 -0.22</i>
                <i>1 0 0 0 1 0 0 0 1 1.49 0.92 -0.22</i>
                <i>1 0 0 0 1 0 0 0 1 1.49 0.92 -0.22</i>
                <i>1 0 0 0 1 0 0 0 1 1.49 0.92 -0.22</i>
                <i>1 0 0 0 1 0 0 0 1 1.49 0.92 -0.22</i>
                <i>1 0 0 0 1 0 0 0 1 1.49 0.92 -0.22</i>
                <i>1 0 0 0 1 0 0 0 1 1.49 0.92 -0.22</i>
                <i>1 0 0 0 1 0 0 0 1 1.49 0.92 -0.22</i>
                <i>1 0 0 0 1 0 0 0 1 1.49 0.92 -0.22</i>
                <i>1 0 0 0 1 0 0 0 1 1.49 0.92 -0.22</i>
                <i>1 0 0 0 1 0 0 0 1 1.49 0.92 -0.22</i>
                <i>1 0 0 0 1 0 0 0 1 1.49 0.92 -0.22</i>
                <i>1 0 0 0 1 0 0 0 1 1.49 0.92 -0.22</i>
                <i>1 0 0 0 1 0 0 0 1 1.49 0.92 -0.22</i>
                <i>1 0 0 0 1 0 0 0 1 1.49 0.92 -0.22</i>
                <i>1 0 0 0 1 0 0 0 1 1.49 0.92 -0.22</i>
                <i>1 0 0 0 1 0 0 0 1 1.49 0.92 -0.22</i>
                <i>1 0 0 0 1 0 0 0 1 1.49 0.92 -0.22</i>
                <i>1 0 0 0 1 0 0 0 1 1.49 0.92 -0.22</i>
                <i>1 0 0 0 1 0 0 0 1 1.49 0.92 -0.22</i>
                <i>1 0 0 0 1 0 0 0 1 1.49 0.92 -0.22</i>
                <i>1 0 0 0 1 0 0 0 1 1.49 0.92 -0.22</i>
                <i>1 0 0 0 1 0 0 0 1 1.49 0.92 -0.22</i>
                <i>1 0 0 0 1 0 0 0 1 1.49 0.92 -0.22</i>
                <i>1 0 0 0 1 0 0 0 1 1.49 0.92 -0.22</i>
                <i>1 0 0 0 1 0 0 0 1 1.49 0.92 -0.22</i>
                <i>1 0 0 0 1 0 0 0 1 1.49 0.92 -0.22</i>
                <i>1 0 0 0 1 0 0 0 1 1.49 0.92 -0.22</i>
                <i>1 0 0 0 1 0 0 0 1 1.49 0.92 -0.22</i>
                <i>1 0 0 0 1 0 0 0 1 1.49 0.92 -0.22</i>
                <i>1 0 0 0 1 0 0 0 1 1.49 0.92 -0.22</i>
                <i>1 0 0 0 1 0 0 0 1 1.49 0.92 -0.22</i>
                <i>1 0 0 0 1 0 0 0 1 1.49 0.92 -0.22</i>
                <i>1 0 0 0 1 0 0 0 1 1.49 0.92 -0.22</i>
                <i>1 0 0 0 1 0 0 0 1 1.49 0.92 -0.22</i>
                <i>1 0 0 0 1 0 0 0 1 1.49 0.92 -0.22</i>
                <i>1 0 0 0 1 0 0 0 1 1.49 0.92 -0.22</i>
                <i>1 0 0 0 1 0 0 0 1 1.49 0.92 -0.22</i>
                <i>1 0 0 0 1 0 0 0 1 1.49 0.92 -0.22</i>
                <i>1 0 0 0 1 0 0 0 1 1.49 0.92 -0.22</i>
                <i>1 0 0 0 1 0 0 0 1 1.49 0.92 -0.22</i>
                <i>1 0 0 0 1 0 0 0 1 1.49 0.92 -0.22</i>
                <i>1 0 0 0 1 0 0 0 1 1.49 0.92 -0.22</i>
                <i>1 0 0 0 1 0 0 0 1 1.49 0.92 -0.22</i>
                <i>1 0 0 0 1 0 0 0 1 1.49 0.92 -0.22</i>
                <i>1 0 0 0 1 0 0 0 1 1.49 0.92 -0.22</i>
                <i>1 0 0 0 1 0 0 0 1 1.49 0.92 -0.22</i>
                <i>1 0 0 0 1 0 0 0 1 1.49 0.92 -0.22</i>
                <i>1 0 0 0 1 0 0 0 1 1.49 0.92 -0.22</i>
                <i>1 0 0 0 1 0 0 0 1 1.49 0.92 -0.22</i>
                <i>1 0 0 0 1 0 0 0 1 1.49 0.92 -0.22</i>
                <i>1 0 0 0 1 0 0 0 1 1.49 0.92 -0.22</i>
                <i>1 0 0 0 1 0 0 0 1 1.49 0.92 -0.22</i>
                <i>1 0 0 0 1 0 0 0 1 1.49 0.92 -0.22</i>
                <i>1 0 0 0 1 0 0 0 1 1.49 0.92 -0.22</i>
                <i>1 0 0 0 1 0 0 0 1 1.49 0.92 -0.22</i>
                <i>1 0 0 0 1 0 0 0 1 1.49 0.92 -0.22</i>
                <i>1 0 0 0 1 0 0 0 1 1.49 0.92 -0.22</i>
                <i>1 0 0 0 1 0 0 0 1 1.49 0.92 -0.22</i>
                <i>1 0 0 0 1 0 0 0 1 1.49 0.92 -0.22</i>
                <i>1 0 0 0 1 0 0 0 1 1.49 0.92 -0.22</i>
                <i>1 0 0 0 1 0 0 0 1 1.49 0.92 -0.22</i>
                <i>1 0 0 0 1 0 0 0 1 1.49 0.92 -0.22</i>
                <i>1 0 0 0 1 0 0 0 1 1.49 0.92 -0.22</i>
                <i>1 0 0 0 1 0 0 0 1 1.49 0.92 -0.22</i>
                <i>1 0 0 0 1 0 0 0 1 1.49 0.92 -0.22</i>
            </KeyFrames>
        </RefFrame>
        <Bones count="23">
            <i>
                <p>
                    <Name><![CDATA[pelvis]]></Name>
                    <Exclude>0</Exclude>
                    <Additive>0</Additive>
                    <IKPriority>0</IKPriority>
                    <IKRotLimits>-1e+010 -1e+010 -1e+010 1e+010 1e+010 1e+010</IKRotLimits>
                    <IKRotLimitOrder>2</IKRotLimitOrder>
                    <KeyFrames count="160">
                        <i>1 0 0 0 1 0 0 0 1 1.62662 1.57349 -0.231861</i>
                        <i>1 0 0 0 1 0 0 0 1 1.62927 1.573 -0.233383</i>
                        <i>1 0 0 0 1 0 0 0 1 1.63519 1.5697 -0.236738</i>
                        <i>1 0 0 0 1 0 0 0 1 1.64136 1.56082 -0.240107</i>
                        <i>1 0 0 0 1 0 0 0 1 1.64476 1.54361 -0.241672</i>
                        <i>1 0 0 0 1 0 0 0 1 1.64504 1.62248 -0.241066</i>
                        <i>1 0 0 0 1 0 0 0 1 1.64404 1.70475 -0.239414</i>
                        <i>1 0 0 0 1 0 0 0 1 1.64199 1.78121 -0.237134</i>
                        <i>1 0 0 0 1 0 0 0 1 1.63911 1.84269 -0.234646</i>
                        <i>1 0 0 0 1 0 0 0 1 1.63566 1.88 -0.232369</i>
                        <i>1 0 0 0 1 0 0 0 1 1.63179 1.90063 -0.230175</i>
                        <i>1 0 0 0 1 0 0 0 1 1.62756 1.91839 -0.227728</i>
                        <i>1 0 0 0 1 0 0 0 1 1.62305 1.93355 -0.225128</i>
                        <i>1 0 0 0 1 0 0 0 1 1.61833 1.94635 -0.222478</i>
                        <i>1 0 0 0 1 0 0 0 1 1.61347 1.95707 -0.219877</i>
                        <i>1 0 0 0 1 0 0 0 1 1.60855 1.96596 -0.217429</i>
                        <i>1 0 0 0 1 0 0 0 1 1.60364 1.97329 -0.215233</i>
                        <i>1 0 0 0 1 0 0 0 1 1.59882 1.97931 -0.213392</i>
                        <i>1 0 0 0 1 0 0 0 1 1.59414 1.98429 -0.212008</i>
                        <i>1 0 0 0 1 0 0 0 1 1.5897 1.98849 -0.21118</i>
                        <i>1 0 0 0 1 0 0 0 1 1.58534 1.99196 -0.210718</i>
                        <i>1 0 0 0 1 0 0 0 1 1.58089 1.9946 -0.210358</i>
                        <i>1 0 0 0 1 0 0 0 1 1.57638 1.99652 -0.210096</i>
                        <i>1 0 0 0 1 0 0 0 1 1.57181 1.99778 -0.20993</i>
                        <i>1 0 0 0 1 0 0 0 1 1.56721 1.99847 -0.209853</i>
                        <i>1 0 0 0 1 0 0 0 1 1.56259 1.99868 -0.209864</i>
                        <i>1 0 0 0 1 0 0 0 1 1.55797 1.99849 -0.209957</i>
                        <i>1 0 0 0 1 0 0 0 1 1.55337 1.99798 -0.21013</i>
                        <i>1 0 0 0 1 0 0 0 1 1.54882 1.99722 -0.210377</i>
                        <i>1 0 0 0 1 0 0 0 1 1.54431 1.99632 -0.210695</i>
                        <i>1 0 0 0 1 0 0 0 1 1.53989 1.99534 -0.21108</i>
                        <i>1 0 0 0 1 0 0 0 1 1.53556 1.99437 -0.211529</i>
                        <i>1 0 0 0 1 0 0 0 1 1.53134 1.9935 -0.212037</i>
                        <i>1 0 0 0 1 0 0 0 1 1.52725 1.9928 -0.2126</i>
                        <i>1 0 0 0 1 0 0 0 1 1.5233 1.99237 -0.213214</i>
                        <i>1 0 0 0 1 0 0 0 1 1.51953 1.99227 -0.213876</i>
                        <i>1 0 0 0 1 0 0 0 1 1.51593 1.9926 -0.214582</i>
                        <i>1 0 0 0 1 0 0 0 1 1.51254 1.99343 -0.215327</i>
                        <i>1 0 0 0 1 0 0 0 1 1.50937 1.99486 -0.216108</i>
                        <i>1 0 0 0 1 0 0 0 1 1.50644 1.99695 -0.216921</i>
                        <i>1 0 0 0 1 0 0 0 1 1.50502 2.0026 -0.219026</i>
                        <i>1 0 0 0 1 0 0 0 1 1.50606 2.01307 -0.22284</i>
                        <i>1 0 0 0 1 0 0 0 1 1.50913 2.02602 -0.227097</i>
                        <i>1 0 0 0 1 0 0 0 1 1.51379 2.03911 -0.230526</i>
                        <i>1 0 0 0 1 0 0 0 1 1.51959 2.05 -0.231861</i>
                        <i>1 0 0 0 1 0 0 0 1 1.54133 2.05175 -0.226975</i>
                        <i>1 0 0 0 1 0 0 0 1 1.55 2.06 -0.215971</i>
                        <i>1 0 0 0 1 0 0 0 1 1.52119 2.09681 -0.203473</i>
                        <i>1 0 0 0 1 0 0 0 1 1.47677 2.14119 -0.189007</i>
                        <i>1 0 0 0 1 0 0 0 1 1.42 2.16 -0.17</i>
                        <i>1 0 0 0 1 0 0 0 1 1.35025 2.14345 -0.146967</i>
                        <i>1 0 0 0 1 0 0 0 1 1.27039 2.11076 -0.12222</i>
                        <i>1 0 0 0 1 0 0 0 1 1.18892 2.07235 -0.095878</i>
                        <i>1 0 0 0 1 0 0 0 1 1.11435 2.03862 -0.0680588</i>
                        <i>1 0 0 0 1 0 0 0 1 1.05518 2.02 -0.0388812</i>
                        <i>1 0 0 0 1 0 0 0 1 1.01144 2.02123 -0.00242485</i>
                        <i>1 0 0 0 1 0 0 0 1 0.977436 2.03536 0.0413895</i>
                        <i>1 0 0 0 1 0 0 0 1 0.953167 2.05529 0.0836809</i>
                        <i>1 0 0 0 1 0 0 0 1 0.938615 2.0739 0.115569</i>
                        <i>1 0 0 0 1 0 0 0 1 0.933768 2.08409 0.128171</i>
                        <i>1 0 0 0 1 0 0 0 1 0.933768 2.08674 0.128171</i>
                        <i>1 0 0 0 1 0 0 0 1 0.933768 2.08768 0.128171</i>
                        <i>1 0 0 0 1 0 0 0 1 0.933768 2.08726 0.128171</i>
                        <i>1 0 0 0 1 0 0 0 1 0.933768 2.0858 0.128171</i>
                        <i>1 0 0 0 1 0 0 0 1 0.933768 2.08364 0.128171</i>
                        <i>1 0 0 0 1 0 0 0 1 0.933768 2.08113 0.128171</i>
                        <i>1 0 0 0 1 0 0 0 1 0.933768 2.07858 0.128171</i>
                        <i>1 0 0 0 1 0 0 0 1 0.933768 2.07635 0.128171</i>
                        <i>1 0 0 0 1 0 0 0 1 0.933768 2.07477 0.128171</i>
                        <i>1 0 0 0 1 0 0 0 1 0.933768 2.07416 0.128171</i>
                        <i>1 0 0 0 1 0 0 0 1 0.933768 2.07442 0.128171</i>
                        <i>1 0 0 0 1 0 0 0 1 0.933768 2.0751 0.128171</i>
                        <i>1 0 0 0 1 0 0 0 1 0.933768 2.07613 0.128171</i>
                        <i>1 0 0 0 1 0 0 0 1 0.933768 2.07738 0.128171</i>
                        <i>1 0 0 0 1 0 0 0 1 0.933768 2.07876 0.128171</i>
                        <i>1 0 0 0 1 0 0 0 1 0.933768 2.08018 0.128171</i>
                        <i>1 0 0 0 1 0 0 0 1 0.933768 2.08152 0.128171</i>
                        <i>1 0 0 0 1 0 0 0 1 0.933768 2.08269 0.128171</i>
                        <i>1 0 0 0 1 0 0 0 1 0.933768 2.08358 0.128171</i>
                        <i>1 0 0 0 1 0 0 0 1 0.933768 2.08409 0.128171</i>
                        <i>1 0 0 0 1 0 0 0 1 0.933768 2.08419 0.128171</i>
                        <i>1 0 0 0 1 0 0 0 1 0.933768 2.08397 0.128171</i>
                        <i>1 0 0 0 1 0 0 0 1 0.933768 2.08349 0.128171</i>
                        <i>1 0 0 0 1 0 0 0 1 0.933768 2.08285 0.128171</i>
                        <i>1 0 0 0 1 0 0 0 1 0.933768 2.08212 0.128171</i>
                        <i>1 0 0 0 1 0 0 0 1 0.933768 2.08138 0.128171</i>
                        <i>1 0 0 0 1 0 0 0 1 0.933768 2.08072 0.128171</i>
                        <i>1 0 0 0 1 0 0 0 1 0.933768 2.08022 0.128171</i>
                        <i>1 0 0 0 1 0 0 0 1 0.933768 2.07995 0.128171</i>
                        <i>1 0 0 0 1 0 0 0 1 0.933768 2.08 0.128171</i>
                        <i>1 0 0 0 1 0 0 0 1 0.933768 2.08032 0.128171</i>
                        <i>1 0 0 0 1 0 0 0 1 0.933768 2.08081 0.128171</i>
                        <i>1 0 0 0 1 0 0 0 1 0.933768 2.08143 0.128171</i>
                        <i>1 0 0 0 1 0 0 0 1 0.933768 2.08216 0.128171</i>
                        <i>1 0 0 0 1 0 0 0 1 0.933768 2.08297 0.128171</i>
                        <i>1 0 0 0 1 0 0 0 1 0.933768 2.08383 0.128171</i>
                        <i>1 0 0 0 1 0 0 0 1 0.933768 2.08473 0.128171</i>
                        <i>1 0 0 0 1 0 0 0 1 0.933768 2.08564 0.128171</i>
                        <i>1 0 0 0 1 0 0 0 1 0.933768 2.08653 0.128171</i>
                        <i>1 0 0 0 1 0 0 0 1 0.933768 2.08737 0.128171</i>
                        <i>1 0 0 0 1 0 0 0 1 0.933768 2.08814 0.128171</i>
                        <i>1 0 0 0 1 0 0 0 1 0.933768 2.08881 0.128171</i>
                        <i>1 0 0 0 1 0 0 0 1 0.933768 2.08936 0.128171</i>
                        <i>1 0 0 0 1 0 0 0 1 0.933768 2.08977 0.128171</i>
                        <i>1 0 0 0 1 0 0 0 1 0.933768 2.09 0.128171</i>
                        <i>1 0 0 0 1 0 0 0 1 0.933768 2.09001 0.128171</i>
                        <i>1 0 0 0 1 0 0 0 1 0.933768 2.08981 0.128171</i>
                        <i>1 0 0 0 1 0 0 0 1 0.933768 2.08942 0.128171</i>
                        <i>1 0 0 0 1 0 0 0 1 0.933768 2.08889 0.128171</i>
                        <i>1 0 0 0 1 0 0 0 1 0.933768 2.08825 0.128171</i>
                        <i>1 0 0 0 1 0 0 0 1 0.933768 2.08754 0.128171</i>
                        <i>1 0 0 0 1 0 0 0 1 0.933768 2.0868 0.128171</i>
                        <i>1 0 0 0 1 0 0 0 1 0.933768 2.08606 0.128171</i>
                        <i>1 0 0 0 1 0 0 0 1 0.933768 2.08536 0.128171</i>
                        <i>1 0 0 0 1 0 0 0 1 0.933768 2.08474 0.128171</i>
                        <i>1 0 0 0 1 0 0 0 1 0.933768 2.08423 0.128171</i>
                        <i>1 0 0 0 1 0 0 0 1 0.933768 2.08388 0.128171</i>
                        <i>1 0 0 0 1 0 0 0 1 0.933768 2.08371 0.128171</i>
                        <i>1 0 0 0 1 0 0 0 1 0.933768 2.08377 0.128171</i>
                        <i>1 0 0 0 1 0 0 0 1 0.933768 2.08409 0.128171</i>
                        <i>1 0 0 0 1 0 0 0 1 0.933768 2.08653 0.128171</i>
                        <i>1 0 0 0 1 0 0 0 1 0.933768 2.09144 0.128171</i>
                        <i>1 0 0 0 1 0 0 0 1 0.933768 2.09667 0.128171</i>
                        <i>1 0 0 0 1 0 0 0 1 0.933768 2.10003 0.128171</i>
                        <i>1 0 0 0 1 0 0 0 1 0.933768 2.09936 0.128171</i>
                        <i>1 0 0 0 1 0 0 0 1 0.931833 2.09205 0.129023</i>
                        <i>1 0 0 0 1 0 0 0 1 0.926874 2.07953 0.131162</i>
                        <i>1 0 0 0 1 0 0 0 1 0.920153 2.06574 0.133967</i>
                        <i>1 0 0 0 1 0 0 0 1 0.912936 2.05459 0.136816</i>
                        <i>1 0 0 0 1 0 0 0 1 0.906486 2.05 0.139087</i>
                        <i>1 0 0 0 1 0 0 0 1 0.902067 2.0572 0.140158</i>
                        <i>1 0 0 0 1 0 0 0 1 0.900946 2.07431 0.139407</i>
                        <i>1 0 0 0 1 0 0 0 1 0.904384 2.09183 0.136211</i>
                        <i>1 0 0 0 1 0 0 0 1 0.913647 2.10023 0.12995</i>
                        <i>1 0 0 0 1 0 0 0 1 0.93 2.09 0.12</i>
                        <i>1 0 0 0 1 0 0 0 1 0.963947 2.05653 0.100077</i>
                        <i>1 0 0 0 1 0 0 0 1 1.0198 2.00616 0.0677591</i>
                        <i>1 0 0 0 1 0 0 0 1 1.08953 1.9458 0.0282178</i>
                        <i>1 0 0 0 1 0 0 0 1 1.16512 1.88238 -0.0133743</i>
                        <i>1 0 0 0 1 0 0 0 1 1.23855 1.82278 -0.0518451</i>
                        <i>1 0 0 0 1 0 0 0 1 1.32349 1.76154 -0.0930858</i>
                        <i>1 0 0 0 1 0 0 0 1 1.4253 1.69403 -0.140545</i>
                        <i>1 0 0 0 1 0 0 0 1 1.52346 1.62849 -0.185385</i>
                        <i>1 0 0 0 1 0 0 0 1 1.59741 1.57317 -0.218769</i>
                        <i>1 0 0 0 1 0 0 0 1 1.62662 1.53627 -0.231861</i>
                        <i>1 0 0 0 1 0 0 0 1 1.62662 1.52419 -0.231861</i>
                        <i>1 0 0 0 1 0 0 0 1 1.62662 1.53143 -0.231861</i>
                        <i>1 0 0 0 1 0 0 0 1 1.62662 1.54843 -0.231861</i>
                        <i>1 0 0 0 1 0 0 0 1 1.62662 1.56563 -0.231861</i>
                        <i>1 0 0 0 1 0 0 0 1 1.62662 1.57349 -0.231861</i>
                        <i>1 0 0 0 1 0 0 0 1 1.62662 1.57349 -0.231861</i>
                        <i>1 0 0 0 1 0 0 0 1 1.62662 1.57349 -0.231861</i>
                        <i>1 0 0 0 1 0 0 0 1 1.62662 1.57349 -0.231861</i>
                        <i>1 0 0 0 1 0 0 0 1 1.62662 1.57349 -0.231861</i>
                        <i>1 0 0 0 1 0 0 0 1 1.62662 1.57349 -0.231861</i>
                        <i>1 0 0 0 1 0 0 0 1 1.62662 1.57349 -0.231861</i>
                        <i>1 0 0 0 1 0 0 0 1 1.62662 1.57349 -0.231861</i>
                        <i>1 0 0 0 1 0 0 0 1 1.62662 1.57349 -0.231861</i>
                        <i>1 0 0 0 1 0 0 0 1 1.62662 1.57349 -0.231861</i>
                        <i>1 0 0 0 1 0 0 0 1 1.62662 1.57349 -0.231861</i>
                    </KeyFrames>
                </p>
            </i>
            <i>
                <p>
                    <Name><![CDATA[spine0]]></Name>
                    <Exclude>0</Exclude>
                    <Additive>0</Additive>
                    <IKPriority>0</IKPriority>
                    <IKRotLimits>-1e+010 -1e+010 -1e+010 1e+010 1e+010 1e+010</IKRotLimits>
                    <IKRotLimitOrder>0</IKRotLimitOrder>
                    <KeyFrames count="160">
                        <i>-0.255075 0.957438 0.13509 -0.384488 0.0277577 -0.922712 -0.88719 -0.287301 0.361043 1.6701 1.71002 -0.244702</i>
                        <i>-0.255108 0.957351 0.135641 -0.384525 0.0282638 -0.922682 -0.887164 -0.287541 0.360915 1.67337 1.70931 -0.246498</i>
                        <i>-0.254008 0.957541 0.136363 -0.3846 0.029366 -0.922616 -0.887447 -0.286797 0.360811 1.68093 1.70539 -0.25058</i>
                        <i>-0.24994 0.958685 0.135841 -0.384669 0.0304339 -0.922553 -0.888572 -0.282837 0.361169 1.68944 1.69559 -0.254989</i>
                        <i>-0.240891 0.961458 0.132552 -0.384736 0.0307882 -0.922513 -0.891039 -0.273222 0.362491 1.69556 1.67724 -0.257766</i>
                        <i>-0.227359 0.965543 0.126625 -0.384836 0.0303599 -0.922486 -0.894544 -0.258465 0.364673 1.69864 1.75486 -0.258406</i>
                        <i>-0.212503 0.96977 0.119954 -0.384954 0.0297475 -0.922456 -0.898139 -0.242201 0.366996 1.7002 1.8359 -0.2579</i>
                        <i>-0.198147 0.97357 0.113573 -0.385062 0.0292364 -0.922427 -0.901368 -0.226509 0.369092 1.70018 1.91134 -0.256534</i>
                        <i>-0.186177 0.976498 0.108579 -0.385107 0.0291418 -0.922412 -0.903898 -0.213546 0.370631 1.69854 1.97218 -0.254602</i>
                        <i>-0.178532 0.978194 0.106127 -0.385031 0.0298033 -0.922422 -0.905471 -0.205544 0.371314 1.69523 2.00941 -0.252393</i>
                        <i>-0.167877 0.980571 0.101474 -0.385037 0.029538 -0.922428 -0.907504 -0.193926 0.372597 1.69076 2.03035 -0.249943</i>
                        <i>-0.148404 0.984735 0.0909615 -0.385249 0.0271462 -0.922414 -0.910802 -0.171932 0.375339 1.68576 2.04851 -0.247169</i>
                        <i>-0.124335 0.98922 0.0773534 -0.385518 0.0236723 -0.922397 -0.914285 -0.144507 0.378419 1.68033 2.06413 -0.244183</i>
                        <i>-0.0995965 0.993017 0.0632262 -0.385732 0.0200418 -0.922393 -0.917219 -0.116256 0.381043 1.67456 2.07745 -0.241097</i>
                        <i>-0.0776609 0.99568 0.0508848 -0.385822 0.0170472 -0.922416 -0.919299 -0.0912681 0.382832 1.66856 2.08872 -0.238023</i>
                        <i>-0.0615801 0.997201 0.0423955 -0.38576 0.0153965 -0.922471 -0.920542 -0.0731604 0.383733 1.66241 2.09819 -0.235073</i>
                        <i>-0.0541614 0.997743 0.0397023 -0.385551 0.0157811 -0.922551 -0.921095 -0.0652739 0.383826 1.65622 2.1061 -0.232358</i>
                        <i>-0.0520067 0.997832 0.0403305 -0.385304 0.017209 -0.922629 -0.921323 -0.0635224 0.383574 1.65009 2.1127 -0.229993</i>
                        <i>-0.0496363 0.997955 0.0402713 -0.385111 0.0180796 -0.922693 -0.921534 -0.061308 0.383426 1.64412 2.11823 -0.228089</i>
                        <i>-0.0466919 0.998141 0.0391613 -0.384967 0.0181951 -0.922751 -0.921749 -0.0581608 0.383402 1.6384 2.12296 -0.226758</i>
                        <i>-0.0432936 0.998413 0.0360106 -0.384871 0.0165952 -0.922821 -0.921954 -0.0538117 0.383542 1.63283 2.12691 -0.225821</i>
                        <i>-0.0398076 0.998742 0.0305047 -0.384784 0.0128521 -0.922917 -0.922148 -0.0484768 0.383788 1.62726 2.13 -0.225026</i>
                        <i>-0.036244 0.999071 0.0233019 -0.384656 0.00757388 -0.923029 -0.922348 -0.0424175 0.384025 1.62173 2.13229 -0.22438</i>
                        <i>-0.0326154 0.999354 0.0150685 -0.38447 0.0013715 -0.923136 -0.922561 -0.0359019 0.384177 1.61629 2.13388 -0.223891</i>
                        <i>-0.0289418 0.99956 0.00647534 -0.384237 -0.00514461 -0.92322 -0.922781 -0.0292077 0.384217 1.61098 2.13483 -0.223567</i>
                        <i>-0.0252535 0.999679 -0.00181193 -0.383997 -0.0113738 -0.923264 -0.922989 -0.0226199 0.384161 1.60586 2.13521 -0.223416</i>
                        <i>-0.0215937 0.999725 -0.00914517 -0.383804 -0.0167358 -0.923263 -0.923162 -0.0164267 0.38406 1.60096 2.13511 -0.223444</i>
                        <i>-0.0180174 0.999727 -0.0149021 -0.383721 -0.0206772 -0.923217 -0.923273 -0.0109157 0.383989 1.59635 2.1346 -0.22366</i>
                        <i>-0.0145878 0.999723 -0.0184843 -0.383799 -0.0226687 -0.923138 -0.923301 -0.00637234 0.384023 1.59205 2.13375 -0.22407</i>
                        <i>-0.0113694 0.999749 -0.0193006 -0.384062 -0.0221874 -0.923041 -0.923237 -0.00308181 0.384218 1.58812 2.13263 -0.224683</i>
                        <i>-0.00564942 0.999885 -0.0140936 -0.384448 -0.0151823 -0.923022 -0.923129 0.000203703 0.384489 1.58433 2.13142 -0.225385</i>
                        <i>0.00362238 0.99999 -0.00247518 -0.384751 -0.000890939 -0.92302 -0.923013 0.00429586 0.384744 1.58044 2.13028 -0.226067</i>
                        <i>0.0138452 0.999835 0.011751 -0.384853 0.0161753 -0.922836 -0.922874 0.00825444 0.385014 1.5765 2.1293 -0.226737</i>
                        <i>0.0223712 0.999447 0.0245827 -0.384791 0.0313024 -0.922473 -0.922733 0.0111776 0.385278 1.57256 2.12854 -0.227403</i>
                        <i>0.0266024 0.999135 0.0319702 -0.384712 0.039751 -0.922181 -0.922653 0.0122329 0.385436 1.56867 2.12808 -0.228072</i>
                        <i>0.0186207 0.999172 0.0361833 -0.38472 0.0405635 -0.922142 -0.922846 0.00325052 0.385156 1.56487 2.12798 -0.228753</i>
                        <i>-0.00248899 0.999107 0.0421695 -0.384773 0.0379662 -0.92223 -0.923008 -0.0185211 0.384335 1.56121 2.12833 -0.229453</i>
                        <i>-0.0287746 0.998345 0.0497967 -0.384824 0.0349136 -0.92233 -0.922541 -0.0457026 0.383182 1.55774 2.1292 -0.23018</i>
                        <i>-0.0526133 0.99692 0.0581507 -0.384848 0.0334916 -0.922372 -0.921479 -0.0709082 0.381901 1.5545 2.13065 -0.230941</i>
                        <i>-0.0669793 0.995611 0.0653699 -0.384841 0.0346685 -0.922332 -0.920549 -0.0869342 0.38083 1.55154 2.13276 -0.231744</i>
                        <i>-0.0680395 0.995268 0.0693776 -0.384606 0.0379983 -0.922298 -0.92057 -0.0894357 0.380201 1.55261 2.13743 -0.234917</i>
                        <i>-0.0600348 0.995702 0.0705232 -0.383814 0.042193 -0.922446 -0.921457 -0.0824466 0.379631 1.55952 2.14536 -0.241253</i>
                        <i>-0.0483688 0.99637 0.0700464 -0.382482 0.0463068 -0.922802 -0.922696 -0.0714263 0.378854 1.56943 2.15488 -0.248463</i>
                        <i>-0.0380476 0.996888 0.0690478 -0.381073 0.0494014 -0.923224 -0.923762 -0.0614388 0.378007 1.57966 2.16478 -0.254314</i>
                        <i>-0.0336227 0.997084 0.0685035 -0.380409 0.0506156 -0.923432 -0.924207 -0.0571076 0.377598 1.58775 2.17424 -0.256648</i>
                        <i>-0.0250193 0.995981 0.0859997 -0.46352 0.0646629 -0.883724 -0.885733 -0.0619727 0.460039 1.60677 2.17658 -0.255832</i>
                        <i>-0.0175991 0.994505 0.103198 -0.542844 0.0771729 -0.836281 -0.839649 -0.0707381 0.538503 1.61146 2.18604 -0.248096</i>
                        <i>-0.0239866 0.995025 0.0966907 -0.517311 0.0704089 -0.852896 -0.855461 -0.0704773 0.513049 1.582 2.22365 -0.233656</i>
                        <i>-0.0344934 0.99603 0.0820583 -0.455396 0.0574233 -0.888435 -0.889621 -0.0680142 0.451607 1.53806 2.26855 -0.215801</i>
                        <i>-0.0416879 0.996555 0.071698 -0.381484 0.0504476 -0.922998 -0.923435 -0.0658294 0.378066 1.48274 2.2875 -0.192428</i>
                        <i>-0.0413072 0.996911 0.066807 -0.297793 0.0515412 -0.953238 -0.953736 -0.0592702 0.294744 1.41474 2.271 -0.163409</i>
                        <i>-0.0343797 0.997556 0.0608355 -0.197867 0.0528725 -0.978802 -0.979626 -0.0456883 0.195566 1.33556 2.2387 -0.131191</i>
                        <i>-0.0216393 0.998185 0.0562075 -0.0976948 0.0538405 -0.993759 -0.994981 -0.0269954 0.0963523 1.25338 2.20095 -0.0974089</i>
                        <i>-0.00523398 0.998525 0.0540425 -0.0144826 0.0539618 -0.998438 -0.999881 -0.00600848 0.0141788 1.17683 2.16812 -0.0636338</i>
                        <i>0.0118832 0.998509 0.0532817 0.0347189 0.0528413 -0.997999 -0.999326 0.0137093 -0.0340392 1.1149 2.15066 -0.0311832</i>
                        <i>0.0286235 0.998263 0.0514939 0.0353409 0.0504722 -0.9981 -0.998965 0.0303889 -0.0338348 1.06827 2.15317 0.00517548</i>
                        <i>0.0445663 0.997874 0.0475544 -0.00180628 0.0476821 -0.998861 -0.999005 0.0444296 0.00392745 1.03169 2.1685 0.0466216</i>
                        <i>0.0578749 0.997449 0.0417846 -0.0551169 0.0449834 -0.997466 -0.996801 0.0554252 0.0575797 1.00521 2.18939 0.0857759</i>
                        <i>0.0668869 0.997108 0.0360827 -0.102856 0.0428617 -0.993772 -0.992445 0.062759 0.105425 0.989026 2.20864 0.114996</i>
                        <i>0.070186 0.996973 0.0334622 -0.123504 0.0419715 -0.991456 -0.989859 0.0654536 0.126075 0.983536 2.21906 0.126475</i>
                        <i>0.0705038 0.996951 0.0334216 -0.123492 0.0419707 -0.991458 -0.989838 0.0657743 0.126074 0.98372 2.22164 0.12645</i>
                        <i>0.0713663 0.996894 0.0333116 -0.123459 0.0419683 -0.991462 -0.98978 0.0666443 0.126071 0.984217 2.2224 0.126382</i>
                        <i>0.0726361 0.996807 0.0331498 -0.123411 0.041965 -0.991468 -0.989694 0.0679253 0.126065 0.984949 2.22169 0.126281</i>
                        <i>0.0741759 0.996701 0.032954 -0.123353 0.0419613 -0.991475 -0.989587 0.0694786 0.126058 0.985835 2.21989 0.126159</i>
                        <i>0.0758484 0.996582 0.0327417 -0.123289 0.0419575 -0.991483 -0.989468 0.0711657 0.12605 0.986797 2.21736 0.126027</i>
                        <i>0.0775169 0.99646 0.0325303 -0.123226 0.0419541 -0.991491 -0.989347 0.0728488 0.126042 0.987756 2.21445 0.125894</i>
                        <i>0.0790463 0.996346 0.0323369 -0.123167 0.0419512 -0.991499 -0.989233 0.0743914 0.126033 0.988635 2.21155 0.125772</i>
                        <i>0.0803026 0.996251 0.0321783 -0.123119 0.041949 -0.991505 -0.989138 0.0756586 0.126026 0.989357 2.20902 0.125672</i>
                        <i>0.0811533 0.996186 0.032071 -0.123087 0.0419476 -0.991509 -0.989072 0.0765167 0.126021 0.989846 2.20722 0.125604</i>
                        <i>0.0814664 0.996161 0.0320315 -0.123075 0.0419471 -0.991511 -0.989048 0.0768325 0.126019 0.990026 2.20654 0.125579</i>
                        <i>0.0811533 0.996186 0.032071 -0.123087 0.0419476 -0.991509 -0.989072 0.0765167 0.126021 0.989846 2.20687 0.125604</i>
                        <i>0.0803026 0.996251 0.0321783 -0.123119 0.041949 -0.991505 -0.989138 0.0756586 0.126026 0.989357 2.20777 0.125672</i>
                        <i>0.0790462 0.996346 0.0323369 -0.123167 0.0419512 -0.991499 -0.989233 0.0743914 0.126033 0.988635 2.20909 0.125772</i>
                        <i>0.0775169 0.99646 0.0325303 -0.123226 0.0419541 -0.991491 -0.989347 0.0728488 0.126042 0.987756 2.21071 0.125894</i>
                        <i>0.0758484 0.996582 0.0327417 -0.123289 0.0419575 -0.991483 -0.989468 0.0711657 0.12605 0.986797 2.21248 0.126027</i>
                        <i>0.0741759 0.996701 0.032954 -0.123353 0.0419613 -0.991475 -0.989587 0.0694786 0.126058 0.985835 2.21427 0.126159</i>
                        <i>0.0726361 0.996807 0.0331498 -0.123411 0.041965 -0.991468 -0.989694 0.0679253 0.126065 0.984949 2.21596 0.126281</i>
                        <i>0.0713663 0.996894 0.0333116 -0.123459 0.0419683 -0.991462 -0.98978 0.0666443 0.126071 0.984217 2.2174 0.126382</i>
                        <i>0.0705038 0.996951 0.0334216 -0.123492 0.0419707 -0.991458 -0.989838 0.0657743 0.126074 0.98372 2.21848 0.12645</i>
                        <i>0.070186 0.996973 0.0334622 -0.123504 0.0419715 -0.991456 -0.989859 0.0654536 0.126075 0.983536 2.21906 0.126475</i>
                        <i>0.0706927 0.996939 0.0333975 -0.123484 0.0419701 -0.991459 -0.989825 0.0659649 0.126073 0.983829 2.21905 0.126435</i>
                        <i>0.0720673 0.996846 0.0332222 -0.123432 0.0419665 -0.991465 -0.989733 0.0673516 0.126068 0.984621 2.21853 0.126326</i>
                        <i>0.0740898 0.996707 0.0329649 -0.123356 0.0419615 -0.991475 -0.989593 0.0693918 0.126058 0.985786 2.2176 0.126166</i>
                        <i>0.0765391 0.996532 0.0326541 -0.123263 0.041956 -0.991487 -0.989418 0.0718625 0.126047 0.987194 2.2164 0.125972</i>
                        <i>0.0791944 0.996335 0.0323181 -0.123162 0.0419509 -0.9915 -0.989222 0.0745409 0.126033 0.98872 2.21505 0.125761</i>
                        <i>0.0818369 0.996132 0.0319849 -0.12306 0.0419465 -0.991512 -0.989019 0.0772063 0.126017 0.990239 2.21367 0.12555</i>
                        <i>0.084252 0.995941 0.0316812 -0.122967 0.0419432 -0.991524 -0.988828 0.0796421 0.126002 0.991628 2.2124 0.125356</i>
                        <i>0.08623 0.995779 0.0314331 -0.122891 0.0419409 -0.991534 -0.988667 0.0816372 0.125988 0.992767 2.21139 0.125197</i>
                        <i>0.0875663 0.995668 0.0312659 -0.122838 0.0419395 -0.99154 -0.988556 0.0829848 0.125979 0.993538 2.21077 0.12509</i>
                        <i>0.0880573 0.995627 0.0312045 -0.122819 0.0419391 -0.991543 -0.988515 0.08348 0.125975 0.993821 2.21069 0.12505</i>
                        <i>0.0880355 0.995628 0.0312072 -0.12282 0.0419391 -0.991542 -0.988517 0.0834581 0.125975 0.993808 2.21102 0.125052</i>
                        <i>0.0879706 0.995634 0.0312153 -0.122823 0.0419392 -0.991542 -0.988522 0.0833926 0.125976 0.993771 2.21152 0.125057</i>
                        <i>0.087863 0.995643 0.0312288 -0.122827 0.0419393 -0.991542 -0.988531 0.0832841 0.125977 0.993709 2.21217 0.125066</i>
                        <i>0.0877131 0.995656 0.0312475 -0.122833 0.0419394 -0.991541 -0.988544 0.0831329 0.125978 0.993622 2.21294 0.125078</i>
                        <i>0.0875213 0.995672 0.0312715 -0.12284 0.0419396 -0.99154 -0.98856 0.0829395 0.125979 0.993512 2.2138 0.125093</i>
                        <i>0.087288 0.995691 0.0313007 -0.122849 0.0419398 -0.991539 -0.988579 0.0827042 0.125981 0.993377 2.21473 0.125112</i>
                        <i>0.0870136 0.995714 0.031335 -0.12286 0.0419401 -0.991537 -0.988602 0.0824275 0.125983 0.993219 2.2157 0.125134</i>
                        <i>0.0866985 0.99574 0.0313744 -0.122872 0.0419404 -0.991536 -0.988628 0.0821097 0.125985 0.993037 2.21669 0.12516</i>
                        <i>0.0863431 0.99577 0.0314189 -0.122886 0.0419407 -0.991534 -0.988658 0.0817512 0.125988 0.992832 2.21767 0.125188</i>
                        <i>0.0859477 0.995803 0.0314685 -0.122902 0.0419412 -0.991532 -0.98869 0.0813524 0.12599 0.992604 2.21861 0.12522</i>
                        <i>0.0855126 0.995838 0.031523 -0.122918 0.0419416 -0.99153 -0.988726 0.0809136 0.125993 0.992354 2.2195 0.125255</i>
                        <i>0.0850382 0.995877 0.0315825 -0.122937 0.0419422 -0.991528 -0.988764 0.0804351 0.125997 0.992081 2.22029 0.125293</i>
                        <i>0.0845249 0.995919 0.0316469 -0.122957 0.0419428 -0.991525 -0.988806 0.0799174 0.126 0.991785 2.22098 0.125334</i>
                        <i>0.0839729 0.995963 0.0317162 -0.122978 0.0419435 -0.991523 -0.98885 0.0793607 0.126004 0.991468 2.22152 0.125379</i>
                        <i>0.0833827 0.99601 0.0317904 -0.123001 0.0419443 -0.99152 -0.988897 0.0787654 0.126008 0.991128 2.2219 0.125426</i>
                        <i>0.0827545 0.99606 0.0318694 -0.123025 0.0419452 -0.991517 -0.988947 0.0781318 0.126012 0.990767 2.22207 0.125476</i>
                        <i>0.0820888 0.996113 0.0319532 -0.123051 0.0419461 -0.991513 -0.988999 0.0774603 0.126016 0.990384 2.22204 0.12553</i>
                        <i>0.0813858 0.996167 0.0320417 -0.123078 0.0419472 -0.99151 -0.989054 0.0767512 0.12602 0.98998 2.22182 0.125586</i>
                        <i>0.0806458 0.996225 0.032135 -0.123106 0.0419484 -0.991507 -0.989111 0.0760049 0.126024 0.989555 2.22147 0.125645</i>
                        <i>0.0798694 0.996284 0.0322329 -0.123136 0.0419497 -0.991503 -0.989171 0.0752217 0.126029 0.989108 2.22102 0.125707</i>
                        <i>0.0790568 0.996346 0.0323355 -0.123167 0.0419511 -0.991499 -0.989232 0.0744021 0.126033 0.988641 2.22051 0.125772</i>
                        <i>0.0782085 0.996409 0.0324428 -0.123199 0.0419527 -0.991495 -0.989295 0.0735464 0.126038 0.988154 2.21996 0.125839</i>
                        <i>0.0773247 0.996474 0.0325546 -0.123233 0.0419544 -0.991491 -0.989361 0.0726549 0.126043 0.987646 2.21943 0.125909</i>
                        <i>0.0764061 0.996541 0.032671 -0.123268 0.0419563 -0.991486 -0.989428 0.0717283 0.126047 0.987118 2.21894 0.125982</i>
                        <i>0.0754529 0.99661 0.0327918 -0.123304 0.0419584 -0.991482 -0.989496 0.0707668 0.126052 0.98657 2.21854 0.126058</i>
                        <i>0.0744656 0.99668 0.0329172 -0.123342 0.0419606 -0.991477 -0.989566 0.0697709 0.126057 0.986002 2.21826 0.126136</i>
                        <i>0.0734448 0.996752 0.0330469 -0.12338 0.041963 -0.991472 -0.989638 0.0687411 0.126061 0.985414 2.21813 0.126217</i>
                        <i>0.0723909 0.996824 0.033181 -0.12342 0.0419656 -0.991467 -0.989711 0.0676779 0.126066 0.984807 2.2182 0.126301</i>
                        <i>0.0713044 0.996898 0.0333195 -0.123461 0.0419685 -0.991462 -0.989784 0.0665819 0.126071 0.984181 2.2185 0.126387</i>
