<?xml version="1.0" encoding="ISO-8859-1" ?>
<Animl Version="1">
    <ModellingPackage><![CDATA[Maya.2010]]></ModellingPackage>
    <SrcFile><![CDATA[anims\turrets\mortar\red\~src\mortar_2s12sani\mortar_2s12sani_fire_crewman_b.mb]]></SrcFile>
    <FramesPerSecond>30</FramesPerSecond>
    <TotalFrames>40</TotalFrames>
    <Skeleton>
        <RefFrame>
            <Name><![CDATA[soldier_ref_frame]]></Name>
            <Exclude>0</Exclude>
            <Additive>0</Additive>
            <IKPriority>0</IKPriority>
            <IKRotLimits>-1e+010 -1e+010 -1e+010 1e+010 1e+010 1e+010</IKRotLimits>
            <IKRotLimitOrder>0</IKRotLimitOrder>
            <KeyFrames count="40">
                <i>1 0 0 0 1 0 0 0 1 -1.12 2.66 0.16</i>
                <i>1 0 0 0 1 0 0 0 1 -1.12 2.66 0.16</i>
                <i>1 0 0 0 1 0 0 0 1 -1.12 2.66 0.16</i>
                <i>1 0 0 0 1 0 0 0 1 -1.12 2.66 0.16</i>
                <i>1 0 0 0 1 0 0 0 1 -1.12 2.66 0.16</i>
                <i>1 0 0 0 1 0 0 0 1 -1.12 2.66 0.16</i>
                <i>1 0 0 0 1 0 0 0 1 -1.12 2.66 0.16</i>
                <i>1 0 0 0 1 0 0 0 1 -1.12 2.66 0.16</i>
                <i>1 0 0 0 1 0 0 0 1 -1.12 2.66 0.16</i>
                <i>1 0 0 0 1 0 0 0 1 -1.12 2.66 0.16</i>
                <i>1 0 0 0 1 0 0 0 1 -1.12 2.66 0.16</i>
                <i>1 0 0 0 1 0 0 0 1 -1.12 2.66 0.16</i>
                <i>1 0 0 0 1 0 0 0 1 -1.12 2.66 0.16</i>
                <i>1 0 0 0 1 0 0 0 1 -1.12 2.66 0.16</i>
                <i>1 0 0 0 1 0 0 0 1 -1.12 2.66 0.16</i>
                <i>1 0 0 0 1 0 0 0 1 -1.12 2.66 0.16</i>
                <i>1 0 0 0 1 0 0 0 1 -1.12 2.66 0.16</i>
                <i>1 0 0 0 1 0 0 0 1 -1.12 2.66 0.16</i>
                <i>1 0 0 0 1 0 0 0 1 -1.12 2.66 0.16</i>
                <i>1 0 0 0 1 0 0 0 1 -1.12 2.66 0.16</i>
                <i>1 0 0 0 1 0 0 0 1 -1.12 2.66 0.16</i>
                <i>1 0 0 0 1 0 0 0 1 -1.12 2.66 0.16</i>
                <i>1 0 0 0 1 0 0 0 1 -1.12 2.66 0.16</i>
                <i>1 0 0 0 1 0 0 0 1 -1.12 2.66 0.16</i>
                <i>1 0 0 0 1 0 0 0 1 -1.12 2.66 0.16</i>
                <i>1 0 0 0 1 0 0 0 1 -1.12 2.66 0.16</i>
                <i>1 0 0 0 1 0 0 0 1 -1.12 2.66 0.16</i>
                <i>1 0 0 0 1 0 0 0 1 -1.12 2.66 0.16</i>
                <i>1 0 0 0 1 0 0 0 1 -1.12 2.66 0.16</i>
                <i>1 0 0 0 1 0 0 0 1 -1.12 2.66 0.16</i>
                <i>1 0 0 0 1 0 0 0 1 -1.12 2.66 0.16</i>
                <i>1 0 0 0 1 0 0 0 1 -1.12 2.66 0.16</i>
                <i>1 0 0 0 1 0 0 0 1 -1.12 2.66 0.16</i>
                <i>1 0 0 0 1 0 0 0 1 -1.12 2.66 0.16</i>
                <i>1 0 0 0 1 0 0 0 1 -1.12 2.66 0.16</i>
                <i>1 0 0 0 1 0 0 0 1 -1.12 2.66 0.16</i>
                <i>1 0 0 0 1 0 0 0 1 -1.12 2.66 0.16</i>
                <i>1 0 0 0 1 0 0 0 1 -1.12 2.66 0.16</i>
                <i>1 0 0 0 1 0 0 0 1 -1.12 2.66 0.16</i>
                <i>1 0 0 0 1 0 0 0 1 -1.12 2.66 0.16</i>
            </KeyFrames>
        </RefFrame>
        <Bones count="23">
            <i>
                <p>
                    <Name><![CDATA[pelvis]]></Name>
                    <Exclude>0</Exclude>
                    <Additive>0</Additive>
                    <IKPriority>0</IKPriority>
                    <IKRotLimits>-1e+010 -1e+010 -1e+010 1e+010 1e+010 1e+010</IKRotLimits>
                    <IKRotLimitOrder>2</IKRotLimitOrder>
                    <KeyFrames count="40">
                        <i>1 0 0 0 1 0 0 0 1 -1.20502 3.66963 0.159531</i>
                        <i>1 0 0 0 1 0 0 0 1 -1.20502 3.61519 0.159531</i>
                        <i>1 0 0 0 1 0 0 0 1 -1.20502 3.49375 0.159531</i>
                        <i>1 0 0 0 1 0 0 0 1 -1.20502 3.65407 0.159531</i>
                        <i>1 0 0 0 1 0 0 0 1 -1.20502 3.79428 0.159531</i>
                        <i>1 0 0 0 1 0 0 0 1 -1.20502 3.91319 0.159531</i>
                        <i>1 0 0 0 1 0 0 0 1 -1.20502 4.00959 0.159531</i>
                        <i>1 0 0 0 1 0 0 0 1 -1.20502 4.08228 0.159531</i>
                        <i>1 0 0 0 1 0 0 0 1 -1.20502 4.13007 0.159531</i>
                        <i>1 0 0 0 1 0 0 0 1 -1.20502 4.15175 0.159531</i>
                        <i>1 0 0 0 1 0 0 0 1 -1.20502 4.14612 0.159531</i>
                        <i>1 0 0 0 1 0 0 0 1 -1.20502 4.11197 0.159531</i>
                        <i>1 0 0 0 1 0 0 0 1 -1.20502 4.04811 0.159531</i>
                        <i>1 0 0 0 1 0 0 0 1 -1.20502 3.95916 0.159531</i>
                        <i>1 0 0 0 1 0 0 0 1 -1.20502 3.83333 0.159531</i>
                        <i>1 0 0 0 1 0 0 0 1 -1.20502 3.64485 0.159531</i>
                        <i>1 0 0 0 1 0 0 0 1 -1.20502 3.36791 0.159531</i>
                        <i>1 0 0 0 1 0 0 0 1 -1.20551 3.45398 0.158796</i>
                        <i>1 0 0 0 1 0 0 0 1 -1.20664 3.51434 0.157086</i>
                        <i>1 0 0 0 1 0 0 0 1 -1.20793 3.55288 0.155142</i>
                        <i>1 0 0 0 1 0 0 0 1 -1.20889 3.57347 0.153704</i>
                        <i>1 0 0 0 1 0 0 0 1 -1.20901 3.58 0.153514</i>
                        <i>1 0 0 0 1 0 0 0 1 -1.2076 3.58765 0.155652</i>
                        <i>1 0 0 0 1 0 0 0 1 -1.20502 3.60844 0.159547</i>
                        <i>1 0 0 0 1 0 0 0 1 -1.20242 3.64155 0.16346</i>
                        <i>1 0 0 0 1 0 0 0 1 -1.20097 3.6861 0.165652</i>
                        <i>1 0 0 0 1 0 0 0 1 -1.20132 3.71162 0.165119</i>
                        <i>1 0 0 0 1 0 0 0 1 -1.20275 3.70278 0.162967</i>
                        <i>1 0 0 0 1 0 0 0 1 -1.2043 3.68148 0.160628</i>
                        <i>1 0 0 0 1 0 0 0 1 -1.20502 3.66963 0.159531</i>
                        <i>1 0 0 0 1 0 0 0 1 -1.20502 3.66963 0.159531</i>
                        <i>1 0 0 0 1 0 0 0 1 -1.20502 3.66963 0.159531</i>
                        <i>1 0 0 0 1 0 0 0 1 -1.20502 3.66963 0.159531</i>
                        <i>1 0 0 0 1 0 0 0 1 -1.20502 3.66963 0.159531</i>
                        <i>1 0 0 0 1 0 0 0 1 -1.20502 3.66963 0.159531</i>
                        <i>1 0 0 0 1 0 0 0 1 -1.20502 3.66963 0.159531</i>
                        <i>1 0 0 0 1 0 0 0 1 -1.20502 3.66963 0.159531</i>
                        <i>1 0 0 0 1 0 0 0 1 -1.20502 3.66963 0.159531</i>
                        <i>1 0 0 0 1 0 0 0 1 -1.20502 3.66963 0.159531</i>
                        <i>1 0 0 0 1 0 0 0 1 -1.20502 3.66963 0.159531</i>
                    </KeyFrames>
                </p>
            </i>
            <i>
                <p>
                    <Name><![CDATA[spine0]]></Name>
                    <Exclude>0</Exclude>
                    <Additive>0</Additive>
                    <IKPriority>0</IKPriority>
                    <IKRotLimits>-1e+010 -1e+010 -1e+010 1e+010 1e+010 1e+010</IKRotLimits>
                    <IKRotLimitOrder>0</IKRotLimitOrder>
                    <KeyFrames count="40">
                        <i>0.0337355 0.998007 0.0533374 -0.915866 0.00950804 0.401371 0.400064 -0.0623904 0.914361 -1.22115 3.80614 0.117105</i>
                        <i>-0.0275611 0.999323 -0.0243527 -0.903085 -0.0144471 0.429219 0.428577 0.0338223 0.902872 -1.21753 3.75548 0.130208</i>
                        <i>-0.0927084 0.987576 -0.126879 -0.891395 -0.0255436 0.452507 0.443644 0.15505 0.882689 -1.21856 3.63346 0.12799</i>
                        <i>-0.0388808 0.998719 -0.0323988 -0.895227 -0.0204112 0.445143 0.443911 0.0463118 0.894873 -1.22486 3.78829 0.111716</i>
                        <i>0.0546898 0.988447 0.141353 -0.899668 -0.0126285 0.436393 0.433137 -0.151037 0.888583 -1.2308 3.91605 0.087389</i>
                        <i>0.118165 0.954988 0.272095 -0.887202 -0.0215364 0.460879 0.445994 -0.295863 0.844722 -1.23069 4.02503 0.0727597</i>
                        <i>0.149526 0.936107 0.318348 -0.837577 -0.0511854 0.543916 0.525459 -0.347971 0.776408 -1.22393 4.11942 0.0685561</i>
                        <i>0.164579 0.932296 0.322083 -0.771067 -0.0820308 0.631448 0.615117 -0.35227 0.705363 -1.21588 4.19301 0.0683253</i>
                        <i>0.155592 0.945922 0.284645 -0.765816 -0.0665039 0.639612 0.623953 -0.317504 0.714055 -1.20891 4.24542 0.0736492</i>
                        <i>0.117844 0.972239 0.202148 -0.828629 -0.015909 0.559573 0.547254 -0.233448 0.80375 -1.20602 4.27685 0.0884947</i>
                        <i>0.0746043 0.987849 0.136338 -0.881122 0.00127866 0.472888 0.466968 -0.155409 0.870511 -1.2113 4.28198 0.112634</i>
                        <i>0.0411527 0.99235 0.116399 -0.895899 -0.0149272 0.444006 0.442347 -0.122553 0.888431 -1.22325 4.25303 0.137913</i>
                        <i>0.0297614 0.994224 0.103118 -0.883713 -0.0220356 0.467511 0.467082 -0.105041 0.877952 -1.23128 4.18939 0.152652</i>
                        <i>0.0484695 0.995178 0.0852781 -0.866638 -0.000545637 0.498938 0.496578 -0.0980885 0.862432 -1.2248 4.10159 0.155134</i>
                        <i>0.0805238 0.994616 0.065227 -0.859713 0.0361896 0.509493 0.504389 -0.0971028 0.857999 -1.20734 3.97699 0.152131</i>
                        <i>0.101219 0.994293 0.0337087 -0.863762 0.0710178 0.498871 0.49363 -0.0796114 0.86602 -1.19044 3.78731 0.145809</i>
                        <i>0.102644 0.994207 0.0318859 -0.865677 0.0734929 0.495178 0.489966 -0.0784298 0.868206 -1.18638 3.50892 0.137953</i>
                        <i>0.0824098 0.992572 0.0894971 -0.854927 0.0242589 0.518181 0.51216 -0.119217 0.850576 -1.21244 3.59265 0.121137</i>
                        <i>0.070451 0.976774 0.202357 -0.874443 -0.0371383 0.483704 0.479985 -0.211027 0.851517 -1.24702 3.6404 0.100738</i>
                        <i>0.119752 0.935299 0.33298 -0.915088 -0.0260994 0.402408 0.385062 -0.352895 0.852755 -1.25528 3.67452 0.0946554</i>
                        <i>0.175252 0.89426 0.411807 -0.924954 0.00626452 0.380028 0.337264 -0.447504 0.828247 -1.24495 3.70475 0.107196</i>
                        <i>0.201435 0.877211 0.435804 -0.924139 0.022739 0.38138 0.324641 -0.479566 0.815245 -1.23293 3.71791 0.12025</i>
                        <i>0.193924 0.894955 0.401808 -0.919904 0.0235881 0.391433 0.340836 -0.445533 0.827847 -1.22304 3.72782 0.127233</i>
                        <i>0.168262 0.92661 0.336276 -0.91642 0.0213762 0.399647 0.363128 -0.375416 0.852761 -1.21532 3.74848 0.128239</i>
                        <i>0.13936 0.954321 0.264293 -0.91526 0.0222553 0.40225 0.377993 -0.297954 0.876553 -1.20975 3.78021 0.125851</i>
                        <i>0.120065 0.970192 0.210503 -0.91536 0.0261032 0.401789 0.384318 -0.240927 0.891209 -1.20684 3.82337 0.122982</i>
                        <i>0.0971821 0.983688 0.151371 -0.915685 0.0287782 0.400865 0.38997 -0.177565 0.903545 -1.20827 3.84833 0.120841</i>
                        <i>0.0637199 0.994222 0.0863808 -0.916144 0.0239511 0.400134 0.395753 -0.104634 0.912377 -1.21324 3.83934 0.118954</i>
                        <i>0.0407772 0.997517 0.0574239 -0.916079 0.0143788 0.400739 0.398918 -0.0689459 0.914391 -1.21863 3.81801 0.117614</i>
                        <i>0.0337355 0.998007 0.0533374 -0.915866 0.00950804 0.401371 0.400064 -0.0623904 0.914361 -1.22115 3.80614 0.117105</i>
                        <i>0.0337355 0.998007 0.0533374 -0.915866 0.00950804 0.401371 0.400064 -0.0623904 0.914361 -1.22115 3.80614 0.117105</i>
                        <i>0.0337355 0.998007 0.0533374 -0.915866 0.00950804 0.401371 0.400064 -0.0623904 0.914361 -1.22115 3.80614 0.117105</i>
                        <i>0.0337355 0.998007 0.0533374 -0.915866 0.00950804 0.401371 0.400064 -0.0623904 0.914361 -1.22115 3.80614 0.117105</i>
                        <i>0.0337355 0.998007 0.0533374 -0.915866 0.00950804 0.401371 0.400064 -0.0623904 0.914361 -1.22115 3.80614 0.117105</i>
                        <i>0.0337355 0.998007 0.0533374 -0.915866 0.00950804 0.401371 0.400064 -0.0623904 0.914361 -1.22115 3.80614 0.117105</i>
                        <i>0.0337355 0.998007 0.0533374 -0.915866 0.00950804 0.401371 0.400064 -0.0623904 0.914361 -1.22115 3.80614 0.117105</i>
                        <i>0.0337355 0.998007 0.0533374 -0.915866 0.00950804 0.401371 0.400064 -0.0623904 0.914361 -1.22115 3.80614 0.117105</i>
                        <i>0.0337355 0.998007 0.0533374 -0.915866 0.00950804 0.401371 0.400064 -0.0623904 0.914361 -1.22115 3.80614 0.117105</i>
                        <i>0.0337355 0.998007 0.0533374 -0.915866 0.00950804 0.401371 0.400064 -0.0623904 0.914361 -1.22115 3.80614 0.117105</i>
                        <i>0.0337355 0.998007 0.0533374 -0.915866 0.00950804 0.401371 0.400064 -0.0623904 0.914361 -1.22115 3.80614 0.117105</i>
                    </KeyFrames>
                </p>
            </i>
            <i>
                <p>
                    <Name><![CDATA[spine1]]></Name>
                    <Exclude>0</Exclude>
                    <Additive>0</Additive>
                    <IKPriority>0</IKPriority>
                    <IKRotLimits>-1e+010 -1e+010 -1e+010 1e+010 1e+010 1e+010</IKRotLimits>
                    <IKRotLimitOrder>0</IKRotLimitOrder>
                    <KeyFrames count="40">
                        <i>0.121881 0.960747 0.249218 -0.8976 -0.000476202 0.44081 0.423625 -0.277425 0.862309 -1.21527 3.98046 0.126403</i>
                        <i>-0.0347608 0.999391 0.00315511 -0.886156 -0.0322816 0.462261 0.462081 0.0132726 0.886738 -1.22218 3.92437 0.126106</i>
                        <i>-0.158628 0.9725 -0.170533 -0.875001 -0.0584522 0.48058 0.457396 0.22545 0.86021 -1.23419 3.8 0.106609</i>
                        <i>-0.0137036 0.990906 0.133857 -0.875766 -0.0764978 0.476636 0.482542 -0.110696 0.86885 -1.23143 3.95716 0.106251</i>
                        <i>0.182939 0.802596 0.567779 -0.874692 -0.130785 0.466701 0.448829 -0.58201 0.678098 -1.22084 4.0966 0.113147</i>
                        <i>0.24864 0.609944 0.752427 -0.866396 -0.207261 0.454314 0.433055 -0.76486 0.47692 -1.20719 4.21566 0.126915</i>
                        <i>0.233278 0.542175 0.807235 -0.840187 -0.305551 0.448022 0.489558 -0.782742 0.38425 -1.19277 4.31527 0.134957</i>
                        <i>0.200322 0.527339 0.825703 -0.813282 -0.380435 0.440275 0.5463 -0.759726 0.352666 -1.18067 4.39347 0.13736</i>
                        <i>0.167509 0.564583 0.8082 -0.820897 -0.374104 0.431478 0.545956 -0.735725 0.400799 -1.17578 4.44787 0.134361</i>
                        <i>0.147856 0.663201 0.733692 -0.867282 -0.269613 0.418487 0.475353 -0.698193 0.535318 -1.18195 4.47638 0.129807</i>
                        <i>0.157123 0.805923 0.57079 -0.90066 -0.120156 0.417581 0.405122 -0.579699 0.706983 -1.19715 4.4701 0.138495</i>
                        <i>0.193268 0.921878 0.335839 -0.89465 0.0250593 0.446065 0.402801 -0.386668 0.829601 -1.21602 4.42776 0.158383</i>
                        <i>0.203457 0.972321 0.114879 -0.877162 0.128892 0.462572 0.434961 -0.194881 0.879107 -1.22625 4.35734 0.170085</i>
                        <i>0.13662 0.989934 -0.0369553 -0.883458 0.138632 0.447529 0.448148 -0.028493 0.893505 -1.21679 4.26564 0.169227</i>
                        <i>0.0126152 0.991001 -0.133255 -0.901913 0.0688171 0.426401 0.431734 0.114805 0.894665 -1.19418 4.13922 0.162814</i>
                        <i>-0.0991162 0.981141 -0.165949 -0.913585 -0.0236276 0.405962 0.394385 0.191846 0.898697 -1.17384 3.95015 0.151371</i>
                        <i>-0.14001 0.984215 -0.108254 -0.912616 -0.0858617 0.399699 0.384095 0.154756 0.910232 -1.16951 3.6721 0.143226</i>
                        <i>0.0183827 0.99043 0.136787 -0.903865 -0.0420238 0.425749 0.427423 -0.131464 0.894442 -1.1988 3.75661 0.135954</i>
                        <i>0.255457 0.864643 0.43259 -0.91646 0.0740357 0.393216 0.307965 -0.496901 0.811324 -1.23429 3.8174 0.137354</i>
                        <i>0.363379 0.712072 0.600758 -0.92101 0.177429 0.346784 0.140343 -0.679318 0.720299 -1.23185 3.85806 0.159852</i>
                        <i>0.405807 0.591784 0.6965 -0.909996 0.190737 0.368139 0.0850106 -0.783206 0.615924 -1.21013 3.88278 0.189009</i>
                        <i>0.408485 0.519177 0.75073 -0.909321 0.16009 0.384065 0.0792131 -0.83954 0.537493 -1.1928 3.89296 0.20704</i>
                        <i>0.374789 0.542317 0.751948 -0.918729 0.108443 0.379705 0.124377 -0.833146 0.538886 -1.18478 3.90472 0.206491</i>
                        <i>0.315982 0.632992 0.706737 -0.927763 0.0502827 0.369767 0.198523 -0.772524 0.603155 -1.18292 3.92719 0.192968</i>
                        <i>0.248186 0.732325 0.634116 -0.930108 -0.00280721 0.367276 0.270746 -0.680949 0.680445 -1.18367 3.9591 0.1753</i>
                        <i>0.200395 0.798331 0.5679 -0.927317 -0.0324673 0.372865 0.316108 -0.601344 0.7338 -1.1848 4.00167 0.161597</i>
                        <i>0.16569 0.873387 0.457975 -0.920052 -0.0302868 0.390623 0.355036 -0.486084 0.798544 -1.19078 4.02563 0.148075</i>
                        <i>0.12417 0.943351 0.307687 -0.90972 -0.0155915 0.414929 0.396221 -0.331431 0.856249 -1.202 4.01504 0.13419</i>
                        <i>0.114191 0.961956 0.248194 -0.901326 -0.00475385 0.433115 0.417818 -0.273162 0.866494 -1.21149 3.99279 0.127655</i>
                        <i>0.121881 0.960747 0.249218 -0.8976 -0.000476202 0.44081 0.423625 -0.277425 0.862309 -1.21527 3.98046 0.126403</i>
                        <i>0.121881 0.960747 0.249218 -0.8976 -0.000476202 0.44081 0.423625 -0.277425 0.862309 -1.21527 3.98046 0.126403</i>
                        <i>0.121881 0.960747 0.249218 -0.8976 -0.000476202 0.44081 0.423625 -0.277425 0.862309 -1.21527 3.98046 0.126403</i>
                        <i>0.121881 0.960747 0.249218 -0.8976 -0.000476202 0.44081 0.423625 -0.277425 0.862309 -1.21527 3.98046 0.126403</i>
                        <i>0.121881 0.960747 0.249218 -0.8976 -0.000476202 0.44081 0.423625 -0.277425 0.862309 -1.21527 3.98046 0.126403</i>
                        <i>0.121881 0.960747 0.249218 -0.8976 -0.000476202 0.44081 0.423625 -0.277425 0.862309 -1.21527 3.98046 0.126403</i>
                        <i>0.121881 0.960747 0.249218 -0.8976 -0.000476202 0.44081 0.423625 -0.277425 0.862309 -1.21527 3.98046 0.126403</i>
                        <i>0.121881 0.960747 0.249218 -0.8976 -0.000476202 0.44081 0.423625 -0.277425 0.862309 -1.21527 3.98046 0.126403</i>
                        <i>0.121881 0.960747 0.249218 -0.8976 -0.000476202 0.44081 0.423625 -0.277425 0.862309 -1.21527 3.98046 0.126403</i>
                        <i>0.121881 0.960747 0.249218 -0.8976 -0.000476202 0.44081 0.423625 -0.277425 0.862309 -1.21527 3.98046 0.126403</i>
                        <i>0.121881 0.960747 0.249218 -0.8976 -0.000476202 0.44081 0.423625 -0.277425 0.862309 -1.21527 3.98046 0.126403</i>
                    </KeyFrames>
                </p>
            </i>
            <i>
                <p>
                    <Name><![CDATA[spine2]]></Name>
                    <Exclude>0</Exclude>
                    <Additive>0</Additive>
                    <IKPriority>0</IKPriority>
                    <IKRotLimits>-1e+010 -1e+010 -1e+010 1e+010 1e+010 1e+010</IKRotLimits>
                    <IKRotLimitOrder>0</IKRotLimitOrder>
                    <KeyFrames count="40">
                        <i>0.218373 0.880425 0.420909 -0.878056 -0.0109412 0.478433 0.42583 -0.474058 0.770674 -1.19561 4.13485 0.166496</i>
                        <i>0.130431 0.949871 0.284137 -0.86674 -0.0299106 0.497863 0.481404 -0.311209 0.819389 -1.22758 4.08 0.126546</i>
                        <i>0.0588324 0.98149 0.182254 -0.856262 -0.0442389 0.514644 0.51318 -0.186335 0.83781 -1.25884 3.95119 0.0800476</i>
                        <i>0.118764 0.935595 0.332501 -0.85797 -0.0718582 0.508649 0.499782 -0.345685 0.794179 -1.23354 4.11138 0.127047</i>
                        <i>0.226705 0.771857 0.594005 -0.868191 -0.11626 0.482419 0.441418 -0.625077 0.643762 -1.18996 4.23114 0.208596</i>
                        <i>0.299797 0.569893 0.765078 -0.885494 -0.132192 0.445449 0.354995 -0.811016 0.465006 -1.16131 4.32702 0.265079</i>
                        <i>0.310666 0.460897 0.8313 -0.899608 -0.139816 0.413712 0.306908 -0.87637 0.37119 -1.1476 4.41888 0.290307</i>
                        <i>0.305005 0.396242 0.866005 -0.91116 -0.143129 0.386397 0.277057 -0.906922 0.317384 -1.14074 4.497 0.300719</i>
                        <i>0.294829 0.385569 0.874307 -0.916957 -0.143248 0.372383 0.268822 -0.911491 0.311317 -1.14251 4.55828 0.29359</i>
                        <i>0.299413 0.396393 0.867885 -0.920056 -0.120947 0.372652 0.252685 -0.910079 0.328491 -1.15384 4.60095 0.268495</i>
                        <i>0.32206 0.4817 0.81501 -0.91358 -0.0676488 0.400994 0.248293 -0.873721 0.418285 -1.16953 4.6109 0.238664</i>
                        <i>0.335884 0.678049 0.653783 -0.898149 0.0214648 0.439167 0.283743 -0.734703 0.616199 -1.18467 4.57703 0.212863</i>
                        <i>0.29973 0.858356 0.416396 -0.899581 0.10895 0.422946 0.317672 -0.501352 0.804817 -1.19463 4.50861 0.187934</i>
                        <i>0.199886 0.962934 0.181119 -0.921822 0.122161 0.36786 0.332099 -0.24049 0.912072 -1.19613 4.4161 0.163557</i>
                        <i>0.07745 0.996994 0.00203961 -0.939587 0.072306 0.334585 0.333432 -0.02783 0.942363 -1.19242 4.28839 0.142712</i>
                        <i>-0.0065942 0.998252 -0.0587338 -0.943041 0.0133284 0.33241 0.332611 0.0575804 0.941305 -1.18895 4.09849 0.126257</i>
                        <i>-0.0431005 0.998649 -0.0290256 -0.94154 -0.030885 0.335482 0.334132 0.0417883 0.941599 -1.19084 3.82119 0.126797</i>
                        <i>0.0401115 0.992665 0.11405 -0.945055 0.000627935 0.326912 0.324442 -0.120896 0.938148 -1.19613 3.90738 0.156739</i>
                        <i>0.201551 0.920034 0.336027 -0.944337 0.0914576 0.31601 0.260008 -0.381015 0.887256 -1.19177 3.9614 0.20965</i>
                        <i>0.306026 0.789687 0.531736 -0.932996 0.137663 0.332516 0.189383 -0.597866 0.778903 -1.16637 3.9862 0.268564</i>
                        <i>0.376837 0.605716 0.700787 -0.919871 0.155878 0.359915 0.108769 -0.780263 0.615921 -1.13595 3.99064 0.316744</i>
                        <i>0.400417 0.420331 0.814241 -0.915625 0.148604 0.373562 0.0360203 -0.895119 0.444369 -1.11795 3.98767 0.344942</i>
                        <i>0.386063 0.350845 0.853149 -0.922173 0.123234 0.366619 0.0234893 -0.928289 0.371116 -1.11673 4.00274 0.343286</i>
                        <i>0.353083 0.427557 0.832182 -0.931887 0.0816397 0.353442 0.0831773 -0.900294 0.427261 -1.12689 4.03901 0.318454</i>
                        <i>0.306839 0.562637 0.767652 -0.935925 0.031848 0.350757 0.172901 -0.82609 0.536358 -1.14086 4.08502 0.284759</i>
                        <i>0.27041 0.661775 0.699237 -0.932569 -0.000365746 0.360991 0.239151 -0.749702 0.617052 -1.15089 4.13637 0.257721</i>
                        <i>0.244087 0.768272 0.59176 -0.920454 -0.00854419 0.390758 0.305264 -0.640067 0.705073 -1.16325 4.1703 0.224126</i>
                        <i>0.20683 0.871683 0.444287 -0.901282 -0.00693259 0.433177 0.380673 -0.490022 0.784198 -1.18175 4.16839 0.184296</i>
                        <i>0.204506 0.891394 0.404467 -0.885033 -0.00815277 0.465457 0.418203 -0.453155 0.787246 -1.19301 4.14787 0.16772</i>
                        <i>0.218373 0.880425 0.420909 -0.878056 -0.0109412 0.478433 0.42583 -0.474058 0.770674 -1.19561 4.13485 0.166496</i>
                        <i>0.218373 0.880425 0.420909 -0.878056 -0.0109412 0.478433 0.42583 -0.474058 0.770674 -1.19561 4.13485 0.166496</i>
                        <i>0.218373 0.880425 0.420909 -0.878056 -0.0109412 0.478433 0.42583 -0.474058 0.770674 -1.19561 4.13485 0.166496</i>
                        <i>0.218373 0.880425 0.420909 -0.878056 -0.0109412 0.478433 0.42583 -0.474058 0.770674 -1.19561 4.13485 0.166496</i>
                        <i>0.218373 0.880425 0.420909 -0.878056 -0.0109412 0.478433 0.42583 -0.474058 0.770674 -1.19561 4.13485 0.166496</i>
                        <i>0.218373 0.880425 0.420909 -0.878056 -0.0109412 0.478433 0.42583 -0.474058 0.770674 -1.19561 4.13485 0.166496</i>
                        <i>0.218373 0.880425 0.420909 -0.878056 -0.0109412 0.478433 0.42583 -0.474058 0.770674 -1.19561 4.13485 0.166496</i>
                        <i>0.218373 0.880425 0.420909 -0.878056 -0.0109412 0.478433 0.42583 -0.474058 0.770674 -1.19561 4.13485 0.166496</i>
                        <i>0.218373 0.880425 0.420909 -0.878056 -0.0109412 0.478433 0.42583 -0.474058 0.770674 -1.19561 4.13485 0.166496</i>
                        <i>0.218373 0.880425 0.420909 -0.878056 -0.0109412 0.478433 0.42583 -0.474058 0.770674 -1.19561 4.13485 0.166496</i>
                        <i>0.218373 0.880425 0.420909 -0.878056 -0.0109412 0.478433 0.42583 -0.474058 0.770674 -1.19561 4.13485 0.166496</i>
                    </KeyFrames>
                </p>
            </i>
            <i>
                <p>
                    <Name><![CDATA[head]]></Name>
                    <Exclude>0</Exclude>
                    <Additive>0</Additive>
                    <IKPriority>0</IKPriority>
                    <IKRotLimits>-1e+010 -1e+010 -1e+010 1e+010 1e+010 1e+010</IKRotLimits>
                    <IKRotLimitOrder>0</IKRotLimitOrder>
                    <KeyFrames count="40">
                        <i>0.0440822 0.982737 0.179677 -0.0446802 0.181611 -0.982355 -0.998028 0.0352764 0.0519147 -1.14233 4.36817 0.267428</i>
                        <i>-0.00166099 0.997804 0.0662132 -0.154668 0.0651602 -0.985815 -0.987965 -0.0118785 0.15422 -1.19004 4.32014 0.20387</i>
                        <i>-0.053174 0.996993 -0.0563607 -0.236075 -0.0673914 -0.969395 -0.970279 -0.0382412 0.238949 -1.2334 4.19564 0.139187</i>
                        <i>-0.12078 0.973804 -0.19266 -0.252425 -0.21783 -0.942779 -0.960049 -0.0652365 0.272121 -1.20276 4.35274 0.205632</i>
                        <i>-0.126095 0.972678 -0.19493 -0.267316 -0.222545 -0.937558 -0.955323 -0.0661139 0.288074 -1.13865 4.4489 0.34075</i>
                        <i>-0.0317209 0.9993 0.0198393 -0.302643 0.00931448 -0.953058 -0.952576 -0.0362361 0.302136 -1.0856 4.49925 0.451391</i>
                        <i>0.0695478 0.95549 0.286709 -0.311214 0.293843 -0.903771 -0.947791 -0.0263728 0.317798 -1.06271 4.56213 0.502208</i>
                        <i>0.179265 0.805045 0.565479 -0.280242 0.592763 -0.755047 -0.943042 -0.0231176 0.331869 -1.05158 4.62079 0.528078</i>
                        <i>0.255958 0.621506 0.740416 -0.232006 0.78304 -0.577081 -0.938434 -0.0240728 0.344618 -1.05213 4.67631 0.526097</i>
                        <i>0.32225 0.403097 0.856544 -0.143262 0.915156 -0.376783 -0.935752 -0.00129186 0.352658 -1.06026 4.71495 0.500805</i>
                        <i>0.340549 0.2352 0.910334 -0.04331 0.971103 -0.234698 -0.939229 0.0404997 0.340895 -1.07551 4.73916 0.454865</i>
                        <i>0.305189 0.283368 0.909155 -0.020473 0.956434 -0.291231 -0.952072 0.0702674 0.297694 -1.09892 4.75088 0.385686</i>
                        <i>0.241963 0.477501 0.844658 -0.0488197 0.875414 -0.480903 -0.969056 0.075125 0.235129 -1.1257 4.72584 0.301258</i>
                        <i>0.142392 0.768991 0.623199 -0.096743 0.637412 -0.764425 -0.985071 0.048558 0.165157 -1.15141 4.65856 0.2151</i>
                        <i>0.0297847 0.96552 0.258619 -0.099172 0.260311 -0.960418 -0.994624 0.00295807 0.103506 -1.17117 4.53814 0.146053</i>
                        <i>-0.0306126 0.999316 -0.0207259 -0.0617805 -0.0225878 -0.997834 -0.99762 -0.0292659 0.0624298 -1.18104 4.34833 0.112149</i>
                        <i>-0.0602719 0.993253 -0.0990793 -0.0408662 -0.101632 -0.993982 -0.997345 -0.0558602 0.0467161 -1.18989 4.07155 0.11551</i>
                        <i>-0.0663293 0.981564 0.179254 -0.0589937 0.175478 -0.982714 -0.996052 -0.0757577 0.0462668 -1.18712 4.1594 0.165769</i>
                        <i>-0.0189671 0.765695 0.642924 -0.0646528 0.640755 -0.765019 -0.997728 -0.056077 0.037351 -1.15755 4.21138 0.261809</i>
                        <i>0.0396759 0.472646 0.880359 0.0181201 0.880567 -0.473574 -0.999048 0.0347417 0.0263729 -1.1037 4.21744 0.377745</i>
                        <i>0.14489 0.525806 0.838173 0.0352674 0.84383 -0.535451 -0.988819 0.107142 0.103719 -1.0472 4.17901 0.484998</i>
                        <i>0.161795 0.77244 0.614132 -0.12231 0.63323 -0.764238 -0.979215 0.0485356 0.19693 -1.01626 4.12323 0.556912</i>
                        <i>0.0555556 0.926858 0.371279 -0.2079 0.374441 -0.903643 -0.976571 -0.0269863 0.213496 -1.0155 4.11301 0.570761</i>
                        <i>0.0402016 0.957878 0.284349 -0.18925 0.286728 -0.939133 -0.981106 -0.0160585 0.192806 -1.03345 4.1668 0.537307</i>
                        <i>0.0646619 0.957161 0.282244 -0.128917 0.288478 -0.948768 -0.989545 0.024963 0.142048 -1.05977 4.2474 0.480451</i>
                        <i>0.0698241 0.952773 0.295547 -0.0654103 0.300006 -0.951692 -0.995413 0.0471192 0.0832688 -1.07969 4.3233 0.430925</i>
                        <i>0.0477296 0.974332 0.219999 -0.0485071 0.222251 -0.973782 -0.997682 0.0358067 0.05787 -1.10008 4.38189 0.366569</i>
                        <i>0.0149049 0.992599 0.12052 -0.0492549 0.121116 -0.991416 -0.998675 0.00884079 0.0506956 -1.13002 4.40226 0.288035</i>
                        <i>0.0239971 0.990217 0.137455 -0.0470638 0.138461 -0.989249 -0.998604 0.0172699 0.0499261 -1.14291 4.38462 0.263257</i>
                        <i>0.0440822 0.982737 0.179677 -0.0446802 0.181611 -0.982355 -0.998028 0.0352764 0.0519147 -1.14233 4.36817 0.267428</i>
                        <i>0.0440822 0.982737 0.179677 -0.0446802 0.181611 -0.982355 -0.998028 0.0352764 0.0519147 -1.14233 4.36817 0.267428</i>
                        <i>0.0440822 0.982737 0.179677 -0.0446802 0.181611 -0.982355 -0.998028 0.0352764 0.0519147 -1.14233 4.36817 0.267428</i>
                        <i>0.0440822 0.982737 0.179677 -0.0446802 0.181611 -0.982355 -0.998028 0.0352764 0.0519147 -1.14233 4.36817 0.267428</i>
                        <i>0.0440822 0.982737 0.179677 -0.0446802 0.181611 -0.982355 -0.998028 0.0352764 0.0519147 -1.14233 4.36817 0.267428</i>
                        <i>0.0440822 0.982737 0.179677 -0.0446802 0.181611 -0.982355 -0.998028 0.0352764 0.0519147 -1.14233 4.36817 0.267428</i>
                        <i>0.0440822 0.982737 0.179677 -0.0446802 0.181611 -0.982355 -0.998028 0.0352764 0.0519147 -1.14233 4.36817 0.267428</i>
                        <i>0.0440822 0.982737 0.179677 -0.0446802 0.181611 -0.982355 -0.998028 0.0352764 0.0519147 -1.14233 4.36817 0.267428</i>
                        <i>0.0440822 0.982737 0.179677 -0.0446802 0.181611 -0.982355 -0.998028 0.0352764 0.0519147 -1.14233 4.36817 0.267428</i>
                        <i>0.0440822 0.982737 0.179677 -0.0446802 0.181611 -0.982355 -0.998028 0.0352764 0.0519147 -1.14233 4.36817 0.267428</i>
                        <i>0.0440822 0.982737 0.179677 -0.0446802 0.181611 -0.982355 -0.998028 0.0352764 0.0519147 -1.14233 4.36817 0.267428</i>
                    </KeyFrames>
                </p>
            </i>
            <i>
                <p>
                    <Name><![CDATA[head_prop]]></Name>
                    <Exclude>0</Exclude>
                    <Additive>0</Additive>
                    <IKPriority>0</IKPriority>
                    <IKRotLimits>-1e+010 -1e+010 -1e+010 1e+010 1e+010 1e+010</IKRotLimits>
                    <IKRotLimitOrder>0</IKRotLimitOrder>
                    <KeyFrames count="40">
                        <i>0.998028 -0.0352764 -0.0519147 0.0440822 0.982737 0.179677 0.0446802 -0.181611 0.982355 -1.12796 4.68845 0.325986</i>
                        <i>0.98014 -0.115226 -0.161394 0.124108 0.9912 0.0460443 0.154668 -0.0651602 0.985815 -1.19063 4.67058 0.227124</i>
                        <i>0.963723 -0.144074 -0.224678 0.124524 0.987269 -0.0989591 0.236075 0.0673914 0.969395 -1.2528 4.55939 0.118624</i>
                        <i>0.967368 -0.0347448 -0.25098 -0.0219143 0.975368 -0.219492 0.252425 0.21783 0.942779 -1.24587 4.70032 0.136867</i>
                        <i>0.952805 0.0842426 -0.291659 -0.14389 0.971276 -0.189523 0.267316 0.222545 0.937558 -1.18192 4.78262 0.273872</i>
                        <i>0.936115 0.190864 -0.295397 -0.179153 0.981572 0.0664829 0.302643 -0.00931448 0.953058 -1.09596 4.82568 0.457872</i>
                        <i>0.9292 0.293557 -0.224527 -0.199333 0.90966 0.364398 0.311214 -0.293843 0.903771 -1.04108 4.85925 0.591366</i>
                        <i>0.942164 0.320474 -0.0980976 -0.183825 0.738869 0.64829 0.280242 -0.592763 0.755047 -0.997921 4.86177 0.697348</i>
                        <i>0.961344 0.27503 -0.0133055 -0.148296 0.55786 0.816579 0.232006 -0.78304 0.577081 -0.976599 4.85971 0.744595</i>
                        <i>0.987359 0.158245 0.0089386 -0.0678042 0.370739 0.926259 0.143262 -0.915156 0.376783 -0.963823 4.8352 0.756215</i>
                        <i>0.999059 0.0415728 -0.0123469 0.00223308 0.235012 0.97199 0.04331 -0.971103 0.234698 -0.970209 4.81107 0.733006</i>
                        <i>0.998801 0.00661288 -0.0484964 0.0444577 0.291875 0.955423 0.020473 -0.956434 0.291231 -0.99998 4.84048 0.672984</i>
                        <i>0.996083 0.00713291 -0.0881346 0.0737239 0.483322 0.872333 0.0488197 -0.875414 0.480903 -1.04237 4.88287 0.578645</i>
                        <i>0.992698 0.00619438 -0.120467 0.0720521 0.770498 0.633357 0.096743 -0.637412 0.764425 -1.0976 4.92182 0.427807</i>
                        <i>0.993668 -0.025316 -0.109467 0.0528094 0.965193 0.256152 0.099172 -0.260311 0.960418 -1.15437 4.88103 0.237256</i>
                        <i>0.995571 -0.0723741 -0.0600021 0.0708621 0.997122 -0.026959 0.0617805 0.0225878 0.997834 -1.1852 4.71392 0.104131</i>
                        <i>0.994751 -0.0975371 -0.030925 0.0938073 0.990029 -0.105084 0.0408662 0.101632 0.993982 -1.20508 4.44223 0.078233</i>
                        <i>0.99637 -0.0469334 -0.0710216 0.0636928 0.964535 0.256157 0.0564805 -0.25975 0.964023 -1.20612 4.52256 0.237183</i>
                        <i>0.997265 0.035835 -0.0646432 0.0313037 0.587506 0.808614 0.0669549 -0.808426 0.584777 -1.1619 4.47737 0.504872</i>
                        <i>0.999785 -0.0156986 -0.0135664 0.0158959 0.159321 0.987099 -0.0133347 -0.987102 0.159537 -1.09113 4.36522 0.69643</i>
                        <i>0.991669 -0.0888586 -0.0932508 0.1126 0.246461 0.962589 -0.0625515 -0.96507 0.254414 -0.999283 4.34473 0.78488</i>
                        <i>0.980536 -0.0318833 -0.193732 0.174365 0.594985 0.784595 0.0902521 -0.803104 0.588964 -0.960838 4.37612 0.777517</i>
                        <i>0.975957 0.0384015 -0.214554 0.0803315 0.851693 0.517847 0.202621 -0.522632 0.828131 -0.995851 4.41916 0.70448</i>
                        <i>0.980774 0.0218978 -0.193915 0.0514599 0.929492 0.365235 0.18824 -0.368192 0.910495 -1.01977 4.48143 0.636289</i>
                        <i>0.989538 -0.0232942 -0.142377 0.0663533 0.94979 0.305771 0.128105 -0.312019 0.9414 -1.03862 4.55999 0.574227</i>
                        <i>0.995413 -0.0471192 -0.0832688 0.0698241 0.952773 0.295547 0.0654103 -0.300006 0.951692 -1.05694 4.63382 0.527246</i>
                        <i>0.997682 -0.0358067 -0.05787 0.0477296 0.974332 0.219999 0.0485071 -0.222251 0.973782 -1.08453 4.69943 0.438269</i>
                        <i>0.998675 -0.00884079 -0.0506956 0.0149049 0.992599 0.12052 0.0492549 -0.121116 0.991416 -1.12517 4.72576 0.327313</i>
                        <i>0.998604 -0.0172699 -0.0499261 0.0239971 0.990217 0.137455 0.0470638 -0.138461 0.989249 -1.13509 4.70734 0.308055</i>
                        <i>0.998028 -0.0352764 -0.0519147 0.0440822 0.982737 0.179677 0.0446802 -0.181611 0.982355 -1.12796 4.68845 0.325986</i>
                        <i>0.998028 -0.0352764 -0.0519147 0.0440822 0.982737 0.179677 0.0446802 -0.181611 0.982355 -1.12796 4.68845 0.325986</i>
                        <i>0.998028 -0.0352764 -0.0519147 0.0440822 0.982737 0.179677 0.0446802 -0.181611 0.982355 -1.12796 4.68845 0.325986</i>
                        <i>0.998028 -0.0352764 -0.0519147 0.0440822 0.982737 0.179677 0.0446802 -0.181611 0.982355 -1.12796 4.68845 0.325986</i>
                        <i>0.998028 -0.0352764 -0.0519147 0.0440822 0.982737 0.179677 0.0446802 -0.181611 0.982355 -1.12796 4.68845 0.325986</i>
                        <i>0.998028 -0.0352764 -0.0519147 0.0440822 0.982737 0.179677 0.0446802 -0.181611 0.982355 -1.12796 4.68845 0.325986</i>
                        <i>0.998028 -0.0352764 -0.0519147 0.0440822 0.982737 0.179677 0.0446802 -0.181611 0.982355 -1.12796 4.68845 0.325986</i>
                        <i>0.998028 -0.0352764 -0.0519147 0.0440822 0.982737 0.179677 0.0446802 -0.181611 0.982355 -1.12796 4.68845 0.325986</i>
                        <i>0.998028 -0.0352764 -0.0519147 0.0440822 0.982737 0.179677 0.0446802 -0.181611 0.982355 -1.12796 4.68845 0.325986</i>
                        <i>0.998028 -0.0352764 -0.0519147 0.0440822 0.982737 0.179677 0.0446802 -0.181611 0.982355 -1.12796 4.68845 0.325986</i>
                        <i>0.998028 -0.0352764 -0.0519147 0.0440822 0.982737 0.179677 0.0446802 -0.181611 0.982355 -1.12796 4.68845 0.325986</i>
                    </KeyFrames>
                </p>
            </i>
            <i>
                <p>
                    <Name><![CDATA[l_clav]]></Name>
                    <Exclude>0</Exclude>
                    <Additive>0</Additive>
                    <IKPriority>0</IKPriority>
                    <IKRotLimits>-1e+010 -1e+010 -1e+010 1e+010 1e+010 1e+010</IKRotLimits>
                    <IKRotLimitOrder>0</IKRotLimitOrder>
                    <KeyFrames count="40">
                        <i>0.832695 0.122194 -0.540082 0.0586714 0.950388 0.305485 0.550615 -0.286063 0.784214 -1.09277 4.17494 0.177859</i>
                        <i>0.731191 0.462258 -0.501675 -0.259301 0.868543 0.422369 0.63097 -0.178747 0.754935 -1.13507 4.12616 0.11923</i>
                        <i>0.606725 0.634165 -0.479291 -0.431035 0.769073 0.471947 0.667903 -0.0797508 0.739963 -1.17451 4.00042 0.0602315</i>
                        <i>0.596403 0.643059 -0.480395 -0.448333 0.763299 0.465158 0.665809 -0.062045 0.743538 -1.13937 4.15839 0.128028</i>
                        <i>0.635233 0.668756 -0.386321 -0.413849 0.717078 0.560828 0.652079 -0.196378 0.732276 -1.08373 4.26395 0.237844</i>
                        <i>0.722971 0.656125 -0.216364 -0.326028 0.600119 0.730454 0.609113 -0.457556 0.647783 -1.0525 4.34112 0.304034</i>
                        <i>0.77615 0.618551 -0.122413 -0.277354 0.509251 0.814701 0.566274 -0.598379 0.566813 -1.04134 4.42599 0.332431</i>
                        <i>0.811972 0.580082 -0.0648567 -0.244258 0.438596 0.864853 0.530132 -0.686395 0.497817 -1.03802 4.50204 0.344965</i>
                        <i>0.828164 0.558569 -0.0463068 -0.22654 0.409157 0.883895 0.512663 -0.72152 0.465387 -1.04272 4.56503 0.338098</i>
                        <i>0.847898 0.529406 -0.028255 -0.21023 0.384675 0.898793 0.486695 -0.756145 0.437462 -1.05537 4.61027 0.308885</i>
                        <i>0.85093 0.523526 -0.0428812 -0.222962 0.433899 0.872937 0.475612 -0.733247 0.485944 -1.06854 4.62404 0.269086</i>
                        <i>0.814304 0.563172 -0.140522 -0.284046 0.597763 0.749665 0.506189 -0.57054 0.646728 -1.07801 4.59828 0.230472</i>
                        <i>0.766108 0.5791 -0.278786 -0.366227 0.74979 0.551084 0.528163 -0.320091 0.786502 -1.08586 4.53907 0.194749</i>
                        <i>0.721976 0.55069 -0.418916 -0.448132 0.833459 0.323303 0.527189 -0.0456871 0.848519 -1.09279 4.4542 0.163954</i>
                        <i>0.69354 0.499993 -0.518661 -0.507662 0.850009 0.140583 0.511158 0.165804 0.843343 -1.09911 4.33181 0.13898</i>
