<?xml version="1.0" encoding="ISO-8859-1" ?>
<Animl Version="1">
    <ModellingPackage><![CDATA[Maya.2010]]></ModellingPackage>
    <SrcFile><![CDATA[anims\turrets\mortar\red\~src\mortar_2s12sani\mortar_2s12sani_fire_crewman_a.mb]]></SrcFile>
    <FramesPerSecond>30</FramesPerSecond>
    <TotalFrames>40</TotalFrames>
    <Skeleton>
        <RefFrame>
            <Name><![CDATA[soldier_ref_frame]]></Name>
            <Exclude>0</Exclude>
            <Additive>0</Additive>
            <IKPriority>0</IKPriority>
            <IKRotLimits>-1e+010 -1e+010 -1e+010 1e+010 1e+010 1e+010</IKRotLimits>
            <IKRotLimitOrder>0</IKRotLimitOrder>
            <KeyFrames count="40">
                <i>1 0 0 0 1 0 0 0 1 1.49 0.92 -0.22</i>
                <i>1 0 0 0 1 0 0 0 1 1.49 0.92 -0.22</i>
                <i>1 0 0 0 1 0 0 0 1 1.49 0.92 -0.22</i>
                <i>1 0 0 0 1 0 0 0 1 1.49 0.92 -0.22</i>
                <i>1 0 0 0 1 0 0 0 1 1.49 0.92 -0.22</i>
                <i>1 0 0 0 1 0 0 0 1 1.49 0.92 -0.22</i>
                <i>1 0 0 0 1 0 0 0 1 1.49 0.92 -0.22</i>
                <i>1 0 0 0 1 0 0 0 1 1.49 0.92 -0.22</i>
                <i>1 0 0 0 1 0 0 0 1 1.49 0.92 -0.22</i>
                <i>1 0 0 0 1 0 0 0 1 1.49 0.92 -0.22</i>
                <i>1 0 0 0 1 0 0 0 1 1.49 0.92 -0.22</i>
                <i>1 0 0 0 1 0 0 0 1 1.49 0.92 -0.22</i>
                <i>1 0 0 0 1 0 0 0 1 1.49 0.92 -0.22</i>
                <i>1 0 0 0 1 0 0 0 1 1.49 0.92 -0.22</i>
                <i>1 0 0 0 1 0 0 0 1 1.49 0.92 -0.22</i>
                <i>1 0 0 0 1 0 0 0 1 1.49 0.92 -0.22</i>
                <i>1 0 0 0 1 0 0 0 1 1.49 0.92 -0.22</i>
                <i>1 0 0 0 1 0 0 0 1 1.49 0.92 -0.22</i>
                <i>1 0 0 0 1 0 0 0 1 1.49 0.92 -0.22</i>
                <i>1 0 0 0 1 0 0 0 1 1.49 0.92 -0.22</i>
                <i>1 0 0 0 1 0 0 0 1 1.49 0.92 -0.22</i>
                <i>1 0 0 0 1 0 0 0 1 1.49 0.92 -0.22</i>
                <i>1 0 0 0 1 0 0 0 1 1.49 0.92 -0.22</i>
                <i>1 0 0 0 1 0 0 0 1 1.49 0.92 -0.22</i>
                <i>1 0 0 0 1 0 0 0 1 1.49 0.92 -0.22</i>
                <i>1 0 0 0 1 0 0 0 1 1.49 0.92 -0.22</i>
                <i>1 0 0 0 1 0 0 0 1 1.49 0.92 -0.22</i>
                <i>1 0 0 0 1 0 0 0 1 1.49 0.92 -0.22</i>
                <i>1 0 0 0 1 0 0 0 1 1.49 0.92 -0.22</i>
                <i>1 0 0 0 1 0 0 0 1 1.49 0.92 -0.22</i>
                <i>1 0 0 0 1 0 0 0 1 1.49 0.92 -0.22</i>
                <i>1 0 0 0 1 0 0 0 1 1.49 0.92 -0.22</i>
                <i>1 0 0 0 1 0 0 0 1 1.49 0.92 -0.22</i>
                <i>1 0 0 0 1 0 0 0 1 1.49 0.92 -0.22</i>
                <i>1 0 0 0 1 0 0 0 1 1.49 0.92 -0.22</i>
                <i>1 0 0 0 1 0 0 0 1 1.49 0.92 -0.22</i>
                <i>1 0 0 0 1 0 0 0 1 1.49 0.92 -0.22</i>
                <i>1 0 0 0 1 0 0 0 1 1.49 0.92 -0.22</i>
                <i>1 0 0 0 1 0 0 0 1 1.49 0.92 -0.22</i>
                <i>1 0 0 0 1 0 0 0 1 1.49 0.92 -0.22</i>
            </KeyFrames>
        </RefFrame>
        <Bones count="23">
            <i>
                <p>
                    <Name><![CDATA[pelvis]]></Name>
                    <Exclude>0</Exclude>
                    <Additive>0</Additive>
                    <IKPriority>0</IKPriority>
                    <IKRotLimits>-1e+010 -1e+010 -1e+010 1e+010 1e+010 1e+010</IKRotLimits>
                    <IKRotLimitOrder>2</IKRotLimitOrder>
                    <KeyFrames count="40">
                        <i>1 0 0 0 1 0 0 0 1 1.62662 1.57349 -0.231861</i>
                        <i>1 0 0 0 1 0 0 0 1 1.66921 1.56424 -0.277539</i>
                        <i>1 0 0 0 1 0 0 0 1 1.7118 1.54261 -0.323216</i>
                        <i>1 0 0 0 1 0 0 0 1 1.73177 1.51752 -0.349476</i>
                        <i>1 0 0 0 1 0 0 0 1 1.72551 1.58775 -0.354481</i>
                        <i>1 0 0 0 1 0 0 0 1 1.70814 1.65014 -0.351457</i>
                        <i>1 0 0 0 1 0 0 0 1 1.68511 1.6823 -0.343579</i>
                        <i>1 0 0 0 1 0 0 0 1 1.66189 1.67271 -0.334021</i>
                        <i>1 0 0 0 1 0 0 0 1 1.64395 1.63288 -0.325958</i>
                        <i>1 0 0 0 1 0 0 0 1 1.63675 1.57497 -0.322565</i>
                        <i>1 0 0 0 1 0 0 0 1 1.63675 1.59354 -0.322565</i>
                        <i>1 0 0 0 1 0 0 0 1 1.63675 1.60461 -0.322565</i>
                        <i>1 0 0 0 1 0 0 0 1 1.63675 1.60879 -0.322565</i>
                        <i>1 0 0 0 1 0 0 0 1 1.63675 1.60668 -0.322565</i>
                        <i>1 0 0 0 1 0 0 0 1 1.63675 1.59709 -0.322565</i>
                        <i>1 0 0 0 1 0 0 0 1 1.63675 1.58089 -0.322565</i>
                        <i>1 0 0 0 1 0 0 0 1 1.63675 1.5618 -0.322565</i>
                        <i>1 0 0 0 1 0 0 0 1 1.63675 1.54355 -0.322565</i>
                        <i>1 0 0 0 1 0 0 0 1 1.63675 1.52986 -0.322565</i>
                        <i>1 0 0 0 1 0 0 0 1 1.63675 1.52444 -0.322565</i>
                        <i>1 0 0 0 1 0 0 0 1 1.63647 1.5409 -0.320025</i>
                        <i>1 0 0 0 1 0 0 0 1 1.6357 1.58052 -0.313132</i>
                        <i>1 0 0 0 1 0 0 0 1 1.63456 1.62852 -0.302973</i>
                        <i>1 0 0 0 1 0 0 0 1 1.63319 1.67012 -0.290637</i>
                        <i>1 0 0 0 1 0 0 0 1 1.63169 1.69054 -0.277213</i>
                        <i>1 0 0 0 1 0 0 0 1 1.63019 1.68152 -0.263789</i>
                        <i>1 0 0 0 1 0 0 0 1 1.62881 1.65292 -0.251453</i>
                        <i>1 0 0 0 1 0 0 0 1 1.62768 1.61712 -0.241294</i>
                        <i>1 0 0 0 1 0 0 0 1 1.62691 1.58651 -0.234401</i>
                        <i>1 0 0 0 1 0 0 0 1 1.62662 1.57349 -0.231861</i>
                        <i>1 0 0 0 1 0 0 0 1 1.62662 1.57349 -0.231861</i>
                        <i>1 0 0 0 1 0 0 0 1 1.62662 1.57349 -0.231861</i>
                        <i>1 0 0 0 1 0 0 0 1 1.62662 1.57349 -0.231861</i>
                        <i>1 0 0 0 1 0 0 0 1 1.62662 1.57349 -0.231861</i>
                        <i>1 0 0 0 1 0 0 0 1 1.62662 1.57349 -0.231861</i>
                        <i>1 0 0 0 1 0 0 0 1 1.62662 1.57349 -0.231861</i>
                        <i>1 0 0 0 1 0 0 0 1 1.62662 1.57349 -0.231861</i>
                        <i>1 0 0 0 1 0 0 0 1 1.62662 1.57349 -0.231861</i>
                        <i>1 0 0 0 1 0 0 0 1 1.62662 1.57349 -0.231861</i>
                        <i>1 0 0 0 1 0 0 0 1 1.62662 1.57349 -0.231861</i>
                    </KeyFrames>
                </p>
            </i>
            <i>
                <p>
                    <Name><![CDATA[spine0]]></Name>
                    <Exclude>0</Exclude>
                    <Additive>0</Additive>
                    <IKPriority>0</IKPriority>
                    <IKRotLimits>-1e+010 -1e+010 -1e+010 1e+010 1e+010 1e+010</IKRotLimits>
                    <IKRotLimitOrder>0</IKRotLimitOrder>
                    <KeyFrames count="40">
                        <i>-0.255075 0.957438 0.13509 -0.384488 0.0277577 -0.922712 -0.88719 -0.287301 0.361043 1.6701 1.71002 -0.244702</i>
                        <i>-0.193775 0.971558 0.136114 -0.319379 0.0687129 -0.945133 -0.927604 -0.226615 0.29698 1.72991 1.69417 -0.288934</i>
                        <i>-0.153827 0.974085 0.16582 -0.246271 0.124726 -0.961142 -0.956916 -0.188686 0.220703 1.7893 1.66354 -0.331336</i>
                        <i>-0.138983 0.972595 0.186395 -0.209431 0.155097 -0.965445 -0.967896 -0.173218 0.182135 1.81465 1.63498 -0.35495</i>
                        <i>-0.150522 0.971287 0.184241 -0.20258 0.152105 -0.967381 -0.967628 -0.182936 0.173869 1.80137 1.70996 -0.357107</i>
                        <i>-0.173615 0.969001 0.175767 -0.1874 0.14271 -0.971862 -0.966819 -0.201669 0.156815 1.77114 1.77946 -0.349474</i>
                        <i>-0.179892 0.970177 0.162468 -0.175815 0.130792 -0.975696 -0.967847 -0.204084 0.147043 1.73154 1.81832 -0.337362</i>
                        <i>-0.188635 0.970851 0.147869 -0.172775 0.115415 -0.978176 -0.966729 -0.210066 0.145968 1.69124 1.81326 -0.324996</i>
                        <i>-0.226507 0.963067 0.145593 -0.173748 0.107129 -0.978946 -0.958387 -0.247034 0.143066 1.65958 1.7755 -0.31539</i>
                        <i>-0.266499 0.950989 0.156837 -0.177351 0.11156 -0.977804 -0.947378 -0.288399 0.138928 1.64581 1.71811 -0.311323</i>
                        <i>-0.299453 0.938404 0.17241 -0.189304 0.118674 -0.974721 -0.935143 -0.324521 0.142106 1.65363 1.73611 -0.313336</i>
                        <i>-0.345253 0.91935 0.188671 -0.211675 0.119572 -0.969998 -0.914327 -0.374831 0.153321 1.67312 1.74376 -0.319224</i>
                        <i>-0.400021 0.893735 0.203029 -0.237252 0.112995 -0.964854 -0.885265 -0.434131 0.16684 1.69285 1.74119 -0.327004</i>
                        <i>-0.423863 0.880511 0.21223 -0.26075 0.105771 -0.959595 -0.867381 -0.462075 0.184761 1.70318 1.73388 -0.332807</i>
                        <i>-0.404122 0.890633 0.208467 -0.284989 0.0939658 -0.953914 -0.869176 -0.444909 0.215846 1.70407 1.72355 -0.335619</i>
                        <i>-0.365027 0.911214 0.190904 -0.313934 0.0725711 -0.946667 -0.876471 -0.405491 0.259571 1.70159 1.70843 -0.337509</i>
                        <i>-0.311703 0.935871 0.164275 -0.341757 0.0508944 -0.938409 -0.886591 -0.348648 0.303977 1.69701 1.69147 -0.338392</i>
                        <i>-0.253801 0.95705 0.140148 -0.363993 0.0397399 -0.930553 -0.896155 -0.287188 0.338273 1.69154 1.67563 -0.338326</i>
                        <i>-0.207292 0.97046 0.123437 -0.378937 0.0366745 -0.924695 -0.901907 -0.238457 0.360141 1.68637 1.66406 -0.337552</i>
                        <i>-0.185894 0.976175 0.111917 -0.384582 0.0325284 -0.922518 -0.904179 -0.214532 0.369372 1.68269 1.66006 -0.336465</i>
                        <i>-0.20076 0.973677 0.107932 -0.384038 0.0231338 -0.923027 -0.901227 -0.226757 0.369285 1.67932 1.67757 -0.333477</i>
                        <i>-0.240014 0.963955 0.114825 -0.383001 0.0146588 -0.923632 -0.892022 -0.265663 0.365677 1.67485 1.71824 -0.32712</i>
                        <i>-0.282354 0.950622 0.128819 -0.382439 0.0116074 -0.923908 -0.879782 -0.310134 0.360277 1.6701 1.76711 -0.317985</i>
                        <i>-0.308062 0.940515 0.143278 -0.382805 0.0153306 -0.923702 -0.870952 -0.339405 0.355311 1.66591 1.80929 -0.30663</i>
                        <i>-0.322193 0.93227 0.164509 -0.384138 0.0300772 -0.922786 -0.865234 -0.360509 0.34843 1.66315 1.82996 -0.293588</i>
                        <i>-0.337966 0.92129 0.192365 -0.385212 0.0510796 -0.921413 -0.858715 -0.385507 0.337628 1.66275 1.82075 -0.279714</i>
                        <i>-0.341655 0.917993 0.201398 -0.384772 0.0588835 -0.921132 -0.857451 -0.392201 0.3331 1.66435 1.79151 -0.266468</i>
                        <i>-0.316015 0.93176 0.178768 -0.384003 0.0466866 -0.922151 -0.867569 -0.360061 0.343045 1.66684 1.75484 -0.255286</i>
                        <i>-0.276179 0.949522 0.148775 -0.384157 0.0328334 -0.922684 -0.880993 -0.311979 0.355698 1.66911 1.72341 -0.247575</i>
                        <i>-0.255075 0.957438 0.13509 -0.384488 0.0277577 -0.922712 -0.88719 -0.287301 0.361043 1.6701 1.71002 -0.244702</i>
                        <i>-0.255075 0.957438 0.13509 -0.384488 0.0277577 -0.922712 -0.88719 -0.287301 0.361043 1.6701 1.71002 -0.244702</i>
                        <i>-0.255075 0.957438 0.13509 -0.384488 0.0277577 -0.922712 -0.88719 -0.287301 0.361043 1.6701 1.71002 -0.244702</i>
                        <i>-0.255075 0.957438 0.13509 -0.384488 0.0277577 -0.922712 -0.88719 -0.287301 0.361043 1.6701 1.71002 -0.244702</i>
                        <i>-0.255075 0.957438 0.13509 -0.384488 0.0277577 -0.922712 -0.88719 -0.287301 0.361043 1.6701 1.71002 -0.244702</i>
                        <i>-0.255075 0.957438 0.13509 -0.384488 0.0277577 -0.922712 -0.88719 -0.287301 0.361043 1.6701 1.71002 -0.244702</i>
                        <i>-0.255075 0.957438 0.13509 -0.384488 0.0277577 -0.922712 -0.88719 -0.287301 0.361043 1.6701 1.71002 -0.244702</i>
                        <i>-0.255075 0.957438 0.13509 -0.384488 0.0277577 -0.922712 -0.88719 -0.287301 0.361043 1.6701 1.71002 -0.244702</i>
                        <i>-0.255075 0.957438 0.13509 -0.384488 0.0277577 -0.922712 -0.88719 -0.287301 0.361043 1.6701 1.71002 -0.244702</i>
                        <i>-0.255075 0.957438 0.13509 -0.384488 0.0277577 -0.922712 -0.88719 -0.287301 0.361043 1.6701 1.71002 -0.244702</i>
                        <i>-0.255075 0.957438 0.13509 -0.384488 0.0277577 -0.922712 -0.88719 -0.287301 0.361043 1.6701 1.71002 -0.244702</i>
                    </KeyFrames>
                </p>
            </i>
            <i>
                <p>
                    <Name><![CDATA[spine1]]></Name>
                    <Exclude>0</Exclude>
                    <Additive>0</Additive>
                    <IKPriority>0</IKPriority>
                    <IKRotLimits>-1e+010 -1e+010 -1e+010 1e+010 1e+010 1e+010</IKRotLimits>
                    <IKRotLimitOrder>0</IKRotLimitOrder>
                    <KeyFrames count="40">
                        <i>-0.563188 0.740153 0.367413 -0.508672 0.0398707 -0.860037 -0.651208 -0.671255 0.35404 1.6235 1.8852 -0.220013</i>
                        <i>-0.584593 0.734787 0.344004 -0.398613 0.109179 -0.910598 -0.706653 -0.669454 0.22907 1.69268 1.88143 -0.262742</i>
                        <i>-0.626705 0.70454 0.332963 -0.284667 0.190765 -0.939454 -0.7254 -0.683544 0.0810065 1.75815 1.862 -0.2976</i>
                        <i>-0.641775 0.693699 0.326967 -0.226812 0.235588 -0.945016 -0.732586 -0.680647 0.00614456 1.786 1.837 -0.31628</i>
                        <i>-0.64737 0.688741 0.326417 -0.232207 0.229683 -0.945159 -0.725942 -0.687664 0.0112403 1.77081 1.90845 -0.319499</i>
                        <i>-0.656434 0.680362 0.325887 -0.25359 0.20784 -0.944719 -0.710483 -0.702788 0.0360996 1.73697 1.97107 -0.314748</i>
                        <i>-0.616443 0.717974 0.323281 -0.272756 0.190439 -0.943047 -0.738649 -0.669512 0.0784367 1.69779 2.00091 -0.306803</i>
                        <i>-0.515151 0.800097 0.307351 -0.297124 0.169651 -0.939647 -0.803951 -0.575381 0.150332 1.65784 1.98536 -0.298789</i>
                        <i>-0.413227 0.864874 0.28502 -0.329889 0.149556 -0.932098 -0.848773 -0.479193 0.223512 1.62134 1.93801 -0.29082</i>
                        <i>-0.368466 0.887695 0.2761 -0.347091 0.144156 -0.926686 -0.862416 -0.437284 0.254995 1.60168 1.87543 -0.28537</i>
                        <i>-0.461315 0.837173 0.293818 -0.32983 0.14561 -0.932743 -0.823651 -0.527198 0.208953 1.60343 1.89332 -0.284447</i>
                        <i>-0.622996 0.715035 0.317177 -0.294737 0.161018 -0.941915 -0.724573 -0.680292 0.110434 1.61231 1.90577 -0.285984</i>
                        <i>-0.730557 0.595432 0.334286 -0.26582 0.202947 -0.942418 -0.628988 -0.77735 0.0100131 1.61768 1.90939 -0.288822</i>
                        <i>-0.763084 0.544357 0.348394 -0.262149 0.232027 -0.936719 -0.590746 -0.806126 -0.0343532 1.62042 1.90613 -0.291334</i>
                        <i>-0.762369 0.546802 0.346123 -0.298267 0.17776 -0.937784 -0.574309 -0.818174 0.027574 1.62474 1.89876 -0.294658</i>
                        <i>-0.754803 0.565538 0.332324 -0.354954 0.0738976 -0.931958 -0.551616 -0.821405 0.144962 1.63032 1.88673 -0.300205</i>
                        <i>-0.725713 0.60462 0.328291 -0.410606 0.00224404 -0.91181 -0.552036 -0.796511 0.246632 1.63686 1.87248 -0.306669</i>
                        <i>-0.667657 0.659388 0.345603 -0.451488 0.010484 -0.892216 -0.59194 -0.75173 0.290706 1.64322 1.85828 -0.311624</i>
                        <i>-0.60244 0.708822 0.36693 -0.475339 0.050685 -0.878342 -0.641186 -0.703564 0.306396 1.64737 1.84712 -0.314309</i>
                        <i>-0.565977 0.735437 0.372561 -0.48977 0.0635739 -0.869531 -0.663171 -0.674604 0.324213 1.64796 1.84288 -0.315542</i>
                        <i>-0.575156 0.723268 0.382203 -0.518178 0.0394148 -0.854364 -0.632999 -0.689442 0.352112 1.64193 1.85933 -0.313365</i>
                        <i>-0.604356 0.680568 0.414224 -0.560936 0.00573828 -0.827839 -0.565778 -0.732662 0.378287 1.63028 1.89758 -0.305793</i>
                        <i>-0.631009 0.631345 0.450812 -0.599476 -0.0279863 -0.799903 -0.492398 -0.774997 0.396136 1.61793 1.94303 -0.29418</i>
                        <i>-0.638821 0.606397 0.473487 -0.620101 -0.0415472 -0.783421 -0.455392 -0.794076 0.402569 1.60943 1.98196 -0.280356</i>
                        <i>-0.63093 0.611273 0.477779 -0.621279 -0.0292207 -0.783044 -0.464692 -0.790881 0.398207 1.60485 1.99882 -0.263816</i>
                        <i>-0.620763 0.629892 0.466786 -0.607118 -0.00950806 -0.794555 -0.496045 -0.776625 0.388321 1.60229 1.98568 -0.245294</i>
                        <i>-0.60798 0.659834 0.441564 -0.581907 0.00803041 -0.813216 -0.540133 -0.751369 0.37908 1.60331 1.95563 -0.23048</i>
                        <i>-0.590602 0.695852 0.40863 -0.551287 0.02187 -0.834029 -0.589298 -0.717852 0.370698 1.60997 1.92266 -0.22311</i>
                        <i>-0.572258 0.726831 0.379787 -0.522241 0.0340746 -0.852117 -0.632286 -0.685971 0.360081 1.61892 1.89618 -0.22053</i>
                        <i>-0.563188 0.740153 0.367413 -0.508672 0.0398707 -0.860037 -0.651208 -0.671255 0.35404 1.6235 1.8852 -0.220013</i>
                        <i>-0.563188 0.740153 0.367413 -0.508672 0.0398707 -0.860037 -0.651208 -0.671255 0.35404 1.6235 1.8852 -0.220013</i>
                        <i>-0.563188 0.740153 0.367413 -0.508672 0.0398707 -0.860037 -0.651208 -0.671255 0.35404 1.6235 1.8852 -0.220013</i>
                        <i>-0.563188 0.740153 0.367413 -0.508672 0.0398707 -0.860037 -0.651208 -0.671255 0.35404 1.6235 1.8852 -0.220013</i>
                        <i>-0.563188 0.740153 0.367413 -0.508672 0.0398707 -0.860037 -0.651208 -0.671255 0.35404 1.6235 1.8852 -0.220013</i>
                        <i>-0.563188 0.740153 0.367413 -0.508672 0.0398707 -0.860037 -0.651208 -0.671255 0.35404 1.6235 1.8852 -0.220013</i>
                        <i>-0.563188 0.740153 0.367413 -0.508672 0.0398707 -0.860037 -0.651208 -0.671255 0.35404 1.6235 1.8852 -0.220013</i>
                        <i>-0.563188 0.740153 0.367413 -0.508672 0.0398707 -0.860037 -0.651208 -0.671255 0.35404 1.6235 1.8852 -0.220013</i>
                        <i>-0.563188 0.740153 0.367413 -0.508672 0.0398707 -0.860037 -0.651208 -0.671255 0.35404 1.6235 1.8852 -0.220013</i>
                        <i>-0.563188 0.740153 0.367413 -0.508672 0.0398707 -0.860037 -0.651208 -0.671255 0.35404 1.6235 1.8852 -0.220013</i>
                        <i>-0.563188 0.740153 0.367413 -0.508672 0.0398707 -0.860037 -0.651208 -0.671255 0.35404 1.6235 1.8852 -0.220013</i>
                    </KeyFrames>
                </p>
            </i>
            <i>
                <p>
                    <Name><![CDATA[spine2]]></Name>
                    <Exclude>0</Exclude>
                    <Additive>0</Additive>
                    <IKPriority>0</IKPriority>
                    <IKRotLimits>-1e+010 -1e+010 -1e+010 1e+010 1e+010 1e+010</IKRotLimits>
                    <IKRotLimitOrder>0</IKRotLimitOrder>
                    <KeyFrames count="40">
                        <i>-0.58472 0.625994 0.515979 -0.641332 0.0327972 -0.766562 -0.496786 -0.779138 0.382293 1.5287 2.00947 -0.158026</i>
                        <i>-0.662205 0.588164 0.464272 -0.501311 0.112762 -0.857888 -0.556931 -0.800842 0.220181 1.58889 2.01124 -0.201657</i>
                        <i>-0.749994 0.527735 0.398755 -0.3548 0.187813 -0.915884 -0.558235 -0.828385 0.0463817 1.64043 1.99341 -0.235211</i>
                        <i>-0.787442 0.501539 0.358321 -0.278626 0.228917 -0.932719 -0.54982 -0.8343 -0.0405168 1.66306 1.96886 -0.253894</i>
                        <i>-0.805988 0.467017 0.3637 -0.292851 0.21936 -0.930655 -0.514413 -0.856607 -0.0400355 1.64885 2.03726 -0.258213</i>
                        <i>-0.832928 0.398753 0.383701 -0.340465 0.177349 -0.92338 -0.43625 -0.899746 -0.0119576 1.61739 2.09423 -0.255492</i>
                        <i>-0.830943 0.37881 0.407475 -0.382081 0.143828 -0.912868 -0.40441 -0.91423 0.0252229 1.59096 2.12476 -0.2508</i>
                        <i>-0.755364 0.498801 0.424997 -0.422872 0.124415 -0.897608 -0.500604 -0.85774 0.11695 1.5738 2.11563 -0.248568</i>
                        <i>-0.605912 0.682614 0.408545 -0.469372 0.107887 -0.876385 -0.642309 -0.722772 0.25503 1.55724 2.07227 -0.246426</i>
                        <i>-0.491818 0.786224 0.374122 -0.491176 0.10426 -0.864798 -0.718931 -0.609083 0.334897 1.54567 2.01065 -0.243177</i>
                        <i>-0.517869 0.776081 0.359874 -0.452125 0.108818 -0.885292 -0.726219 -0.621174 0.294532 1.53238 2.02239 -0.239026</i>
                        <i>-0.607919 0.709565 0.356304 -0.372248 0.141672 -0.917257 -0.701332 -0.690251 0.17801 1.5113 2.0215 -0.234522</i>
                        <i>-0.67739 0.640103 0.362505 -0.305672 0.203304 -0.930179 -0.669109 -0.740902 0.057946 1.49115 2.01207 -0.23103</i>
                        <i>-0.705701 0.602467 0.372853 -0.290118 0.23439 -0.927843 -0.646388 -0.762952 0.00937735 1.48302 2.00357 -0.228802</i>
                        <i>-0.72852 0.580165 0.364236 -0.327918 0.171477 -0.929013 -0.601439 -0.796244 0.0653223 1.4867 1.99715 -0.23213</i>
                        <i>-0.758026 0.5489 0.352286 -0.389963 0.051532 -0.919388 -0.522806 -0.834298 0.174988 1.49443 1.98795 -0.240378</i>
                        <i>-0.765762 0.522519 0.374944 -0.460142 -0.0378342 -0.887039 -0.449309 -0.851788 0.269405 1.50774 1.97948 -0.248163</i>
                        <i>-0.742165 0.505929 0.439575 -0.526486 -0.0342416 -0.849494 -0.414732 -0.861895 0.291778 1.52599 1.97352 -0.250831</i>
                        <i>-0.709942 0.486713 0.509012 -0.57655 0.0133992 -0.816952 -0.404442 -0.873459 0.271102 1.54279 1.96965 -0.250521</i>
                        <i>-0.696061 0.46248 0.549191 -0.608551 0.0258824 -0.793092 -0.381003 -0.886252 0.263427 1.5504 1.96915 -0.251229</i>
                        <i>-0.695755 0.422134 0.581144 -0.651238 -0.0294173 -0.758303 -0.30301 -0.906056 0.295377 1.54315 1.9831 -0.24757</i>
                        <i>-0.687061 0.37235 0.623942 -0.701546 -0.116393 -0.703055 -0.18916 -0.920765 0.34119 1.52692 2.01359 -0.234702</i>
                        <i>-0.674042 0.340941 0.655306 -0.733318 -0.202015 -0.64918 -0.088951 -0.918123 0.386185 1.51065 2.05003 -0.217205</i>
                        <i>-0.663684 0.352213 0.659901 -0.745667 -0.24171 -0.620932 -0.0591951 -0.904169 0.423053 1.50173 2.08392 -0.200149</i>
                        <i>-0.64927 0.432473 0.625633 -0.749234 -0.222269 -0.623895 -0.130759 -0.873821 0.468336 1.49992 2.10026 -0.18398</i>
                        <i>-0.616785 0.547759 0.565275 -0.744313 -0.172237 -0.645238 -0.256074 -0.818715 0.513938 1.50022 2.08909 -0.168202</i>
                        <i>-0.575655 0.634773 0.515446 -0.726056 -0.106848 -0.679283 -0.376116 -0.765276 0.522388 1.50344 2.06387 -0.157658</i>
                        <i>-0.560939 0.656527 0.504302 -0.693479 -0.039938 -0.719369 -0.452144 -0.753245 0.47769 1.51218 2.03767 -0.155226</i>
                        <i>-0.57328 0.640226 0.511331 -0.658124 0.0119455 -0.752814 -0.48808 -0.768093 0.4145 1.52315 2.01754 -0.156803</i>
                        <i>-0.58472 0.625994 0.515979 -0.641332 0.0327972 -0.766562 -0.496786 -0.779138 0.382293 1.5287 2.00947 -0.158026</i>
                        <i>-0.58472 0.625994 0.515979 -0.641332 0.0327972 -0.766562 -0.496786 -0.779138 0.382293 1.5287 2.00947 -0.158026</i>
                        <i>-0.58472 0.625994 0.515979 -0.641332 0.0327972 -0.766562 -0.496786 -0.779138 0.382293 1.5287 2.00947 -0.158026</i>
                        <i>-0.58472 0.625994 0.515979 -0.641332 0.0327972 -0.766562 -0.496786 -0.779138 0.382293 1.5287 2.00947 -0.158026</i>
                        <i>-0.58472 0.625994 0.515979 -0.641332 0.0327972 -0.766562 -0.496786 -0.779138 0.382293 1.5287 2.00947 -0.158026</i>
                        <i>-0.58472 0.625994 0.515979 -0.641332 0.0327972 -0.766562 -0.496786 -0.779138 0.382293 1.5287 2.00947 -0.158026</i>
                        <i>-0.58472 0.625994 0.515979 -0.641332 0.0327972 -0.766562 -0.496786 -0.779138 0.382293 1.5287 2.00947 -0.158026</i>
                        <i>-0.58472 0.625994 0.515979 -0.641332 0.0327972 -0.766562 -0.496786 -0.779138 0.382293 1.5287 2.00947 -0.158026</i>
                        <i>-0.58472 0.625994 0.515979 -0.641332 0.0327972 -0.766562 -0.496786 -0.779138 0.382293 1.5287 2.00947 -0.158026</i>
                        <i>-0.58472 0.625994 0.515979 -0.641332 0.0327972 -0.766562 -0.496786 -0.779138 0.382293 1.5287 2.00947 -0.158026</i>
                        <i>-0.58472 0.625994 0.515979 -0.641332 0.0327972 -0.766562 -0.496786 -0.779138 0.382293 1.5287 2.00947 -0.158026</i>
                    </KeyFrames>
                </p>
            </i>
            <i>
                <p>
                    <Name><![CDATA[head]]></Name>
                    <Exclude>0</Exclude>
                    <Additive>0</Additive>
                    <IKPriority>0</IKPriority>
                    <IKRotLimits>-1e+010 -1e+010 -1e+010 1e+010 1e+010 1e+010</IKRotLimits>
                    <IKRotLimitOrder>0</IKRotLimitOrder>
                    <KeyFrames count="40">
                        <i>-0.0375942 0.987775 0.151286 0.0552984 0.153218 -0.986644 -0.997762 -0.0287262 -0.0603825 1.39253 2.18892 -0.0233248</i>
                        <i>-0.250546 0.836769 0.486872 0.364722 0.547442 -0.753183 -0.896775 -0.0111344 -0.442347 1.42544 2.18291 -0.0747089</i>
                        <i>-0.663363 0.503688 0.553397 0.384603 0.863881 -0.325254 -0.641895 -0.00292404 -0.766787 1.44404 2.15028 -0.122736</i>
                        <i>-0.837792 0.304846 0.452961 0.274979 0.952303 -0.13231 -0.471691 0.0137068 -0.881658 1.45202 2.11824 -0.152628</i>
                        <i>-0.852229 0.250135 0.459497 0.21791 0.9682 -0.122898 -0.475626 -0.0046083 -0.879635 1.43241 2.1747 -0.155611</i>
                        <i>-0.859683 0.146708 0.489308 0.0969117 0.987316 -0.125757 -0.501551 -0.0606911 -0.862996 1.39452 2.20819 -0.147952</i>
                        <i>-0.850286 0.0967763 0.517347 0.028366 0.989948 -0.138561 -0.525555 -0.103142 -0.844484 1.37167 2.22764 -0.139319</i>
                        <i>-0.801633 0.231652 0.551109 0.129659 0.967299 -0.217994 -0.583586 -0.103295 -0.805455 1.37962 2.2473 -0.136359</i>
                        <i>-0.681258 0.473586 0.558214 0.313262 0.877797 -0.362407 -0.66163 -0.0720251 -0.746363 1.40729 2.2508 -0.143013</i>
                        <i>-0.571191 0.62668 0.530107 0.427953 0.778472 -0.459171 -0.700427 -0.0354136 -0.712845 1.4289 2.21574 -0.151959</i>
                        <i>-0.534798 0.694392 0.481467 0.506975 0.719532 -0.474606 -0.675994 -0.00972696 -0.736843 1.41576 2.23053 -0.152429</i>
                        <i>-0.504339 0.756085 0.417106 0.609597 0.653864 -0.448167 -0.611583 0.028238 -0.790676 1.37927 2.22366 -0.147477</i>
                        <i>-0.472081 0.795676 0.379524 0.689492 0.601521 -0.403452 -0.549309 0.0712165 -0.832579 1.34286 2.20456 -0.13964</i>
                        <i>-0.461474 0.805754 0.371218 0.71167 0.586058 -0.387378 -0.529687 0.0854192 -0.843881 1.32523 2.18889 -0.133192</i>
                        <i>-0.546204 0.747586 0.377857 0.63274 0.663823 -0.398721 -0.548909 0.0213021 -0.835611 1.31857 2.17684 -0.139358</i>
                        <i>-0.666131 0.623268 0.409642 0.47136 0.777453 -0.416397 -0.578004 -0.0842861 -0.811669 1.31235 2.15813 -0.151515</i>
                        <i>-0.704115 0.541848 0.458937 0.351451 0.827525 -0.437817 -0.617012 -0.14698 -0.773106 1.31811 2.13942 -0.152197</i>
                        <i>-0.647946 0.58728 0.485045 0.37843 0.800857 -0.464133 -0.661028 -0.117178 -0.741156 1.33904 2.12413 -0.13458</i>
                        <i>-0.542916 0.690441 0.478052 0.4701 0.721574 -0.508269 -0.695879 -0.0512152 -0.71633 1.36225 2.1095 -0.112992</i>
                        <i>-0.456933 0.774866 0.436799 0.524103 0.6313 -0.571643 -0.718699 -0.0322748 -0.694572 1.37231 2.09826 -0.101618</i>
                        <i>-0.390726 0.826057 0.406157 0.484254 0.559701 -0.672483 -0.782835 -0.0660736 -0.618711 1.36505 2.09983 -0.089151</i>
                        <i>-0.307295 0.874411 0.375466 0.360827 0.472159 -0.804282 -0.880553 -0.111673 -0.460603 1.35195 2.11756 -0.0656755</i>
                        <i>-0.243386 0.920289 0.306318 0.211516 0.358574 -0.909223 -0.946586 -0.156501 -0.281928 1.34002 2.1476 -0.0417061</i>
                        <i>-0.203841 0.954532 0.217526 0.120729 0.245004 -0.961976 -0.971531 -0.169829 -0.165181 1.33453 2.1869 -0.0261488</i>
                        <i>-0.135638 0.985317 0.103692 0.106206 0.118516 -0.987256 -0.985049 -0.122897 -0.120722 1.33903 2.22826 -0.0238528</i>
                        <i>-0.0284802 0.999528 -0.0115439 0.0959781 -0.00876072 -0.995345 -0.994976 -0.0294556 -0.0956832 1.35366 2.2509 -0.0298993</i>
                        <i>0.0553818 0.996898 -0.0559184 0.0714681 -0.0598186 -0.995648 -0.995904 0.0511444 -0.0745594 1.37341 2.24932 -0.0349921</i>
                        <i>0.0546127 0.99849 0.00584439 0.0554283 0.00281251 -0.998459 -0.996968 0.0548525 -0.055191 1.3869 2.22794 -0.0319087</i>
                        <i>-0.000767747 0.994673 0.103082 0.0541314 0.102972 -0.99321 -0.998534 0.00481754 -0.0539221 1.39193 2.20186 -0.026045</i>
                        <i>-0.0375942 0.987775 0.151286 0.0552984 0.153218 -0.986644 -0.997762 -0.0287262 -0.0603825 1.39253 2.18892 -0.0233248</i>
                        <i>-0.0375942 0.987775 0.151286 0.0552984 0.153218 -0.986644 -0.997762 -0.0287262 -0.0603825 1.39253 2.18892 -0.0233248</i>
                        <i>-0.0375942 0.987775 0.151286 0.0552984 0.153218 -0.986644 -0.997762 -0.0287262 -0.0603825 1.39253 2.18892 -0.0233248</i>
                        <i>-0.0375942 0.987775 0.151286 0.0552984 0.153218 -0.986644 -0.997762 -0.0287262 -0.0603825 1.39253 2.18892 -0.0233248</i>
                        <i>-0.0375942 0.987775 0.151286 0.0552984 0.153218 -0.986644 -0.997762 -0.0287262 -0.0603825 1.39253 2.18892 -0.0233248</i>
                        <i>-0.0375942 0.987775 0.151286 0.0552984 0.153218 -0.986644 -0.997762 -0.0287262 -0.0603825 1.39253 2.18892 -0.0233248</i>
                        <i>-0.0375942 0.987775 0.151286 0.0552984 0.153218 -0.986644 -0.997762 -0.0287262 -0.0603825 1.39253 2.18892 -0.0233248</i>
                        <i>-0.0375942 0.987775 0.151286 0.0552984 0.153218 -0.986644 -0.997762 -0.0287262 -0.0603825 1.39253 2.18892 -0.0233248</i>
                        <i>-0.0375942 0.987775 0.151286 0.0552984 0.153218 -0.986644 -0.997762 -0.0287262 -0.0603825 1.39253 2.18892 -0.0233248</i>
                        <i>-0.0375942 0.987775 0.151286 0.0552984 0.153218 -0.986644 -0.997762 -0.0287262 -0.0603825 1.39253 2.18892 -0.0233248</i>
                        <i>-0.0375942 0.987775 0.151286 0.0552984 0.153218 -0.986644 -0.997762 -0.0287262 -0.0603825 1.39253 2.18892 -0.0233248</i>
                    </KeyFrames>
                </p>
            </i>
            <i>
                <p>
                    <Name><![CDATA[head_prop]]></Name>
                    <Exclude>0</Exclude>
                    <Additive>0</Additive>
                    <IKPriority>0</IKPriority>
                    <IKRotLimits>-1e+010 -1e+010 -1e+010 1e+010 1e+010 1e+010</IKRotLimits>
                    <IKRotLimitOrder>0</IKRotLimitOrder>
                    <KeyFrames count="40">
                        <i>0.997762 0.0287262 0.0603825 -0.0375942 0.987775 0.151286 -0.0552984 -0.153218 0.986644 1.38028 2.51084 0.0259808</i>
                        <i>0.896775 0.0111344 0.442347 -0.250546 0.836769 0.486872 -0.364722 -0.547442 0.753183 1.34379 2.45562 0.0839669</i>
                        <i>0.641895 0.00292404 0.766787 -0.663363 0.503688 0.553397 -0.384603 -0.863881 0.325254 1.22784 2.31444 0.0576208</i>
                        <i>0.471691 -0.0137068 0.881658 -0.837792 0.304846 0.452961 -0.274979 -0.952303 0.13231 1.17897 2.2176 -0.00500363</i>
                        <i>0.475626 0.0046083 0.879635 -0.852229 0.250135 0.459497 -0.21791 -0.9682 0.122898 1.15466 2.25622 -0.00585671</i>
                        <i>0.501551 0.0606911 0.862996 -0.859683 0.146708 0.489308 -0.0969117 -0.987316 0.125757 1.11434 2.25601 0.0115182</i>
                        <i>0.525555 0.103142 0.844484 -0.850286 0.0967763 0.517347 -0.028366 -0.989948 0.138561 1.09456 2.25918 0.029289</i>
                        <i>0.583586 0.103295 0.805455 -0.801633 0.231652 0.551109 -0.129659 -0.967299 0.217994 1.11836 2.3228 0.0432522</i>
                        <i>0.66163 0.0720251 0.746363 -0.681258 0.473586 0.558214 -0.313262 -0.877797 0.362407 1.18526 2.40515 0.0389142</i>
                        <i>0.700427 0.0354136 0.712845 -0.571191 0.62668 0.530107 -0.427953 -0.778472 0.459171 1.24274 2.41998 0.0208077</i>
                        <i>0.675994 0.00972696 0.736843 -0.534798 0.694392 0.481467 -0.506975 -0.719532 0.474606 1.24147 2.45684 0.00448531</i>
                        <i>0.611583 -0.028238 0.790676 -0.504339 0.756085 0.417106 -0.609597 -0.653864 0.448167 1.21491 2.47007 -0.0115386</i>
                        <i>0.549309 -0.0712165 0.832579 -0.472081 0.795676 0.379524 -0.689492 -0.601521 0.403452 1.189 2.46388 -0.0159493</i>
                        <i>0.529687 -0.0854192 0.843881 -0.461474 0.805754 0.371218 -0.71167 -0.586058 0.387378 1.17483 2.45149 -0.0122086</i>
                        <i>0.548909 -0.0213021 0.835611 -0.546204 0.747586 0.377857 -0.63274 -0.663823 0.398721 1.14055 2.42049 -0.0162115</i>
                        <i>0.578004 0.0842861 0.811669 -0.666131 0.623268 0.409642 -0.47136 -0.777453 0.416397 1.09525 2.36126 -0.0180091</i>
                        <i>0.617012 0.14698 0.773106 -0.704115 0.541848 0.458937 -0.351451 -0.827525 0.437817 1.08863 2.31602 -0.00262486</i>
                        <i>0.661028 0.117178 0.741156 -0.647946 0.58728 0.485045 -0.37843 -0.800857 0.464133 1.12787 2.31553 0.0235008</i>
                        <i>0.695879 0.0512152 0.71633 -0.542916 0.690441 0.478052 -0.4701 -0.721574 0.508269 1.18531 2.33452 0.0428095</i>
                        <i>0.718699 0.0322748 0.694572 -0.456933 0.774866 0.436799 -0.524103 -0.6313 0.571643 1.22339 2.3508 0.0407392</i>
                        <i>0.782835 0.0660736 0.618711 -0.390726 0.826057 0.406157 -0.484254 -0.559701 0.672483 1.2377 2.36905 0.0432192</i>
                        <i>0.880553 0.111673 0.460603 -0.307295 0.874411 0.375466 -0.360827 -0.472159 0.804282 1.2518 2.40253 0.0566924</i>
                        <i>0.946586 0.156501 0.281928 -0.243386 0.920289 0.306318 -0.211516 -0.358574 0.909223 1.26069 2.44753 0.0581258</i>
                        <i>0.971531 0.169829 0.165181 -0.203841 0.954532 0.217526 -0.120729 -0.245004 0.961976 1.26809 2.498 0.0447447</i>
                        <i>0.985049 0.122897 0.120722 -0.135638 0.985317 0.103692 -0.106206 -0.118516 0.987256 1.29482 2.54938 0.00994139</i>
                        <i>0.994976 0.0294556 0.0956832 -0.0284802 0.999528 -0.0115439 -0.0959781 0.00876072 0.995345 1.34438 2.57665 -0.0336615</i>
                        <i>0.995904 -0.0511444 0.0745594 0.0553818 0.996898 -0.0559184 -0.0714681 0.0598186 0.995648 1.39146 2.57421 -0.0532164</i>
                        <i>0.996968 -0.0548525 0.055191 0.0546127 0.99849 0.00584439 -0.0554283 -0.00281251 0.998459 1.4047 2.55335 -0.030004</i>
                        <i>0.998534 -0.00481754 0.0539221 -0.000767747 0.994673 0.103082 -0.0541314 -0.102972 0.99321 1.39168 2.52603 0.00755028</i>
                        <i>0.997762 0.0287262 0.0603825 -0.0375942 0.987775 0.151286 -0.0552984 -0.153218 0.986644 1.38028 2.51084 0.0259808</i>
                        <i>0.997762 0.0287262 0.0603825 -0.0375942 0.987775 0.151286 -0.0552984 -0.153218 0.986644 1.38028 2.51084 0.0259808</i>
                        <i>0.997762 0.0287262 0.0603825 -0.0375942 0.987775 0.151286 -0.0552984 -0.153218 0.986644 1.38028 2.51084 0.0259808</i>
                        <i>0.997762 0.0287262 0.0603825 -0.0375942 0.987775 0.151286 -0.0552984 -0.153218 0.986644 1.38028 2.51084 0.0259808</i>
                        <i>0.997762 0.0287262 0.0603825 -0.0375942 0.987775 0.151286 -0.0552984 -0.153218 0.986644 1.38028 2.51084 0.0259808</i>
                        <i>0.997762 0.0287262 0.0603825 -0.0375942 0.987775 0.151286 -0.0552984 -0.153218 0.986644 1.38028 2.51084 0.0259808</i>
                        <i>0.997762 0.0287262 0.0603825 -0.0375942 0.987775 0.151286 -0.0552984 -0.153218 0.986644 1.38028 2.51084 0.0259808</i>
                        <i>0.997762 0.0287262 0.0603825 -0.0375942 0.987775 0.151286 -0.0552984 -0.153218 0.986644 1.38028 2.51084 0.0259808</i>
                        <i>0.997762 0.0287262 0.0603825 -0.0375942 0.987775 0.151286 -0.0552984 -0.153218 0.986644 1.38028 2.51084 0.0259808</i>
                        <i>0.997762 0.0287262 0.0603825 -0.0375942 0.987775 0.151286 -0.0552984 -0.153218 0.986644 1.38028 2.51084 0.0259808</i>
                        <i>0.997762 0.0287262 0.0603825 -0.0375942 0.987775 0.151286 -0.0552984 -0.153218 0.986644 1.38028 2.51084 0.0259808</i>
                    </KeyFrames>
                </p>
            </i>
            <i>
                <p>
                    <Name><![CDATA[l_clav]]></Name>
                    <Exclude>0</Exclude>
                    <Additive>0</Additive>
                    <IKPriority>0</IKPriority>
                    <IKRotLimits>-1e+010 -1e+010 -1e+010 1e+010 1e+010 1e+010</IKRotLimits>
                    <IKRotLimitOrder>0</IKRotLimitOrder>
                    <KeyFrames count="40">
                        <i>0.642289 0.152869 0.751063 -0.516119 0.810706 0.276363 -0.566645 -0.565143 0.599606 1.52194 2.01452 -0.0488833</i>
                        <i>0.52793 0.253795 0.81048 -0.61381 0.773565 0.157587 -0.586965 -0.580676 0.56417 1.56103 2.01214 -0.0910956</i>
                        <i>0.383143 0.319695 0.866601 -0.693372 0.719403 0.0411623 -0.610276 -0.616648 0.497301 1.59151 1.98887 -0.126292</i>
                        <i>0.220448 0.279318 0.93455 -0.719235 0.693744 -0.0376878 -0.658866 -0.663853 0.35383 1.60438 1.9615 -0.147116</i>
                        <i>0.20797 0.281909 0.93663 -0.75861 0.650965 -0.0274865 -0.617462 -0.704821 0.34924 1.59368 2.02707 -0.152365</i>
                        <i>0.205236 0.304568 0.930116 -0.830416 0.557143 0.000799139 -0.517964 -0.772548 0.367264 1.57205 2.08057 -0.150753</i>
                        <i>0.216846 0.328758 0.919182 -0.863484 0.503827 0.0235057 -0.455381 -0.798797 0.393131 1.55672 2.1114 -0.146882</i>
                        <i>0.307266 0.368339 0.877447 -0.798341 0.6016 0.0270226 -0.517919 -0.708805 0.478911 1.54962 2.11 -0.143999</i>
                        <i>0.456183 0.399423 0.79521 -0.644955 0.764096 -0.0138078 -0.613132 -0.506576 0.606177 1.5425 2.07897 -0.140601</i>
                        <i>0.551206 0.394606 0.735159 -0.517748 0.852705 -0.0695049 -0.654301 -0.342315 0.674322 1.53559 2.02548 -0.13669</i>
                        <i>0.544814 0.376359 0.749354 -0.470323 0.876979 -0.0985123 -0.694243 -0.298767 0.654801 1.5119 2.03531 -0.131003</i>
                        <i>0.486326 0.340403 0.804744 -0.444756 0.889195 -0.107349 -0.752117 -0.305708 0.583835 1.4698 2.02591 -0.124797</i>
                        <i>0.421046 0.295818 0.857445 -0.440749 0.892941 -0.0916353 -0.792755 -0.339336 0.50635 1.4326 2.00603 -0.121094</i>
                        <i>0.39183 0.277442 0.877209 -0.460165 0.884721 -0.0742727 -0.796691 -0.374559 0.47433 1.41935 1.99205 -0.11872</i>
