<?xml version="1.0" encoding="ISO-8859-1" ?>
<Animl Version="1">
    <ModellingPackage><![CDATA[Maya.2010]]></ModellingPackage>
    <SrcFile><![CDATA[anims\turrets\mortar\red\~src\mortar_m1938\mortar_m1938_aim_random_crewman_a.mb]]></SrcFile>
    <FramesPerSecond>30</FramesPerSecond>
    <TotalFrames>90</TotalFrames>
    <Skeleton>
        <RefFrame>
            <Name><![CDATA[soldier_ref_frame]]></Name>
            <Exclude>0</Exclude>
            <Additive>0</Additive>
            <IKPriority>0</IKPriority>
            <IKRotLimits>-1e+010 -1e+010 -1e+010 1e+010 1e+010 1e+010</IKRotLimits>
            <IKRotLimitOrder>0</IKRotLimitOrder>
            <KeyFrames count="90">
                <i>1 0 0 0 1 0 0 0 1 1.29 0.9 -0.19</i>
                <i>1 0 0 0 1 0 0 0 1 1.29 0.9 -0.19</i>
                <i>1 0 0 0 1 0 0 0 1 1.29 0.9 -0.19</i>
                <i>1 0 0 0 1 0 0 0 1 1.29 0.9 -0.19</i>
                <i>1 0 0 0 1 0 0 0 1 1.29 0.9 -0.19</i>
                <i>1 0 0 0 1 0 0 0 1 1.29 0.9 -0.19</i>
                <i>1 0 0 0 1 0 0 0 1 1.29 0.9 -0.19</i>
                <i>1 0 0 0 1 0 0 0 1 1.29 0.9 -0.19</i>
                <i>1 0 0 0 1 0 0 0 1 1.29 0.9 -0.19</i>
                <i>1 0 0 0 1 0 0 0 1 1.29 0.9 -0.19</i>
                <i>1 0 0 0 1 0 0 0 1 1.29 0.9 -0.19</i>
                <i>1 0 0 0 1 0 0 0 1 1.29 0.9 -0.19</i>
                <i>1 0 0 0 1 0 0 0 1 1.29 0.9 -0.19</i>
                <i>1 0 0 0 1 0 0 0 1 1.29 0.9 -0.19</i>
                <i>1 0 0 0 1 0 0 0 1 1.29 0.9 -0.19</i>
                <i>1 0 0 0 1 0 0 0 1 1.29 0.9 -0.19</i>
                <i>1 0 0 0 1 0 0 0 1 1.29 0.9 -0.19</i>
                <i>1 0 0 0 1 0 0 0 1 1.29 0.9 -0.19</i>
                <i>1 0 0 0 1 0 0 0 1 1.29 0.9 -0.19</i>
                <i>1 0 0 0 1 0 0 0 1 1.29 0.9 -0.19</i>
                <i>1 0 0 0 1 0 0 0 1 1.29 0.9 -0.19</i>
                <i>1 0 0 0 1 0 0 0 1 1.29 0.9 -0.19</i>
                <i>1 0 0 0 1 0 0 0 1 1.29 0.9 -0.19</i>
                <i>1 0 0 0 1 0 0 0 1 1.29 0.9 -0.19</i>
                <i>1 0 0 0 1 0 0 0 1 1.29 0.9 -0.19</i>
                <i>1 0 0 0 1 0 0 0 1 1.29 0.9 -0.19</i>
                <i>1 0 0 0 1 0 0 0 1 1.29 0.9 -0.19</i>
                <i>1 0 0 0 1 0 0 0 1 1.29 0.9 -0.19</i>
                <i>1 0 0 0 1 0 0 0 1 1.29 0.9 -0.19</i>
                <i>1 0 0 0 1 0 0 0 1 1.29 0.9 -0.19</i>
                <i>1 0 0 0 1 0 0 0 1 1.29 0.9 -0.19</i>
                <i>1 0 0 0 1 0 0 0 1 1.29 0.9 -0.19</i>
                <i>1 0 0 0 1 0 0 0 1 1.29 0.9 -0.19</i>
                <i>1 0 0 0 1 0 0 0 1 1.29 0.9 -0.19</i>
                <i>1 0 0 0 1 0 0 0 1 1.29 0.9 -0.19</i>
                <i>1 0 0 0 1 0 0 0 1 1.29 0.9 -0.19</i>
                <i>1 0 0 0 1 0 0 0 1 1.29 0.9 -0.19</i>
                <i>1 0 0 0 1 0 0 0 1 1.29 0.9 -0.19</i>
                <i>1 0 0 0 1 0 0 0 1 1.29 0.9 -0.19</i>
                <i>1 0 0 0 1 0 0 0 1 1.29 0.9 -0.19</i>
                <i>1 0 0 0 1 0 0 0 1 1.29 0.9 -0.19</i>
                <i>1 0 0 0 1 0 0 0 1 1.29 0.9 -0.19</i>
                <i>1 0 0 0 1 0 0 0 1 1.29 0.9 -0.19</i>
                <i>1 0 0 0 1 0 0 0 1 1.29 0.9 -0.19</i>
                <i>1 0 0 0 1 0 0 0 1 1.29 0.9 -0.19</i>
                <i>1 0 0 0 1 0 0 0 1 1.29 0.9 -0.19</i>
                <i>1 0 0 0 1 0 0 0 1 1.29 0.9 -0.19</i>
                <i>1 0 0 0 1 0 0 0 1 1.29 0.9 -0.19</i>
                <i>1 0 0 0 1 0 0 0 1 1.29 0.9 -0.19</i>
                <i>1 0 0 0 1 0 0 0 1 1.29 0.9 -0.19</i>
                <i>1 0 0 0 1 0 0 0 1 1.29 0.9 -0.19</i>
                <i>1 0 0 0 1 0 0 0 1 1.29 0.9 -0.19</i>
                <i>1 0 0 0 1 0 0 0 1 1.29 0.9 -0.19</i>
                <i>1 0 0 0 1 0 0 0 1 1.29 0.9 -0.19</i>
                <i>1 0 0 0 1 0 0 0 1 1.29 0.9 -0.19</i>
                <i>1 0 0 0 1 0 0 0 1 1.29 0.9 -0.19</i>
                <i>1 0 0 0 1 0 0 0 1 1.29 0.9 -0.19</i>
                <i>1 0 0 0 1 0 0 0 1 1.29 0.9 -0.19</i>
                <i>1 0 0 0 1 0 0 0 1 1.29 0.9 -0.19</i>
                <i>1 0 0 0 1 0 0 0 1 1.29 0.9 -0.19</i>
                <i>1 0 0 0 1 0 0 0 1 1.29 0.9 -0.19</i>
                <i>1 0 0 0 1 0 0 0 1 1.29 0.9 -0.19</i>
                <i>1 0 0 0 1 0 0 0 1 1.29 0.9 -0.19</i>
                <i>1 0 0 0 1 0 0 0 1 1.29 0.9 -0.19</i>
                <i>1 0 0 0 1 0 0 0 1 1.29 0.9 -0.19</i>
                <i>1 0 0 0 1 0 0 0 1 1.29 0.9 -0.19</i>
                <i>1 0 0 0 1 0 0 0 1 1.29 0.9 -0.19</i>
                <i>1 0 0 0 1 0 0 0 1 1.29 0.9 -0.19</i>
                <i>1 0 0 0 1 0 0 0 1 1.29 0.9 -0.19</i>
                <i>1 0 0 0 1 0 0 0 1 1.29 0.9 -0.19</i>
                <i>1 0 0 0 1 0 0 0 1 1.29 0.9 -0.19</i>
                <i>1 0 0 0 1 0 0 0 1 1.29 0.9 -0.19</i>
                <i>1 0 0 0 1 0 0 0 1 1.29 0.9 -0.19</i>
                <i>1 0 0 0 1 0 0 0 1 1.29 0.9 -0.19</i>
                <i>1 0 0 0 1 0 0 0 1 1.29 0.9 -0.19</i>
                <i>1 0 0 0 1 0 0 0 1 1.29 0.9 -0.19</i>
                <i>1 0 0 0 1 0 0 0 1 1.29 0.9 -0.19</i>
                <i>1 0 0 0 1 0 0 0 1 1.29 0.9 -0.19</i>
                <i>1 0 0 0 1 0 0 0 1 1.29 0.9 -0.19</i>
                <i>1 0 0 0 1 0 0 0 1 1.29 0.9 -0.19</i>
                <i>1 0 0 0 1 0 0 0 1 1.29 0.9 -0.19</i>
                <i>1 0 0 0 1 0 0 0 1 1.29 0.9 -0.19</i>
                <i>1 0 0 0 1 0 0 0 1 1.29 0.9 -0.19</i>
                <i>1 0 0 0 1 0 0 0 1 1.29 0.9 -0.19</i>
                <i>1 0 0 0 1 0 0 0 1 1.29 0.9 -0.19</i>
                <i>1 0 0 0 1 0 0 0 1 1.29 0.9 -0.19</i>
                <i>1 0 0 0 1 0 0 0 1 1.29 0.9 -0.19</i>
                <i>1 0 0 0 1 0 0 0 1 1.29 0.9 -0.19</i>
                <i>1 0 0 0 1 0 0 0 1 1.29 0.9 -0.19</i>
                <i>1 0 0 0 1 0 0 0 1 1.29 0.9 -0.19</i>
            </KeyFrames>
        </RefFrame>
        <Bones count="23">
            <i>
                <p>
                    <Name><![CDATA[pelvis]]></Name>
                    <Exclude>0</Exclude>
                    <Additive>0</Additive>
                    <IKPriority>0</IKPriority>
                    <IKRotLimits>-1e+010 -1e+010 -1e+010 1e+010 1e+010 1e+010</IKRotLimits>
                    <IKRotLimitOrder>2</IKRotLimitOrder>
                    <KeyFrames count="90">
                        <i>1 0 0 0 1 0 0 0 1 1.37589 2.01888 -0.276276</i>
                        <i>1 0 0 0 1 0 0 0 1 1.3759 2.01997 -0.276292</i>
                        <i>1 0 0 0 1 0 0 0 1 1.37591 2.0209 -0.276309</i>
                        <i>1 0 0 0 1 0 0 0 1 1.37592 2.02175 -0.276324</i>
                        <i>1 0 0 0 1 0 0 0 1 1.37593 2.0226 -0.276337</i>
                        <i>1 0 0 0 1 0 0 0 1 1.37594 2.02353 -0.276345</i>
                        <i>1 0 0 0 1 0 0 0 1 1.37594 2.02462 -0.276349</i>
                        <i>1 0 0 0 1 0 0 0 1 1.37593 2.02595 -0.276345</i>
                        <i>1 0 0 0 1 0 0 0 1 1.37592 2.0276 -0.276333</i>
                        <i>1 0 0 0 1 0 0 0 1 1.3759 2.02964 -0.276311</i>
                        <i>1 0 0 0 1 0 0 0 1 1.37585 2.03291 -0.276259</i>
                        <i>1 0 0 0 1 0 0 0 1 1.37576 2.0376 -0.276172</i>
                        <i>1 0 0 0 1 0 0 0 1 1.37566 2.04283 -0.276068</i>
                        <i>1 0 0 0 1 0 0 0 1 1.37556 2.04772 -0.27597</i>
                        <i>1 0 0 0 1 0 0 0 1 1.37549 2.05138 -0.275897</i>
                        <i>1 0 0 0 1 0 0 0 1 1.37546 2.05295 -0.275871</i>
                        <i>1 0 0 0 1 0 0 0 1 1.37547 2.05281 -0.275873</i>
                        <i>1 0 0 0 1 0 0 0 1 1.37547 2.05201 -0.275876</i>
                        <i>1 0 0 0 1 0 0 0 1 1.37548 2.05067 -0.275879</i>
                        <i>1 0 0 0 1 0 0 0 1 1.37548 2.0489 -0.275882</i>
                        <i>1 0 0 0 1 0 0 0 1 1.37549 2.04684 -0.275885</i>
                        <i>1 0 0 0 1 0 0 0 1 1.3755 2.04459 -0.275889</i>
                        <i>1 0 0 0 1 0 0 0 1 1.37551 2.04227 -0.275894</i>
                        <i>1 0 0 0 1 0 0 0 1 1.37552 2.04001 -0.275899</i>
                        <i>1 0 0 0 1 0 0 0 1 1.37554 2.03792 -0.275904</i>
                        <i>1 0 0 0 1 0 0 0 1 1.37554 2.03611 -0.275911</i>
                        <i>1 0 0 0 1 0 0 0 1 1.37555 2.03472 -0.275919</i>
                        <i>1 0 0 0 1 0 0 0 1 1.37556 2.03385 -0.275928</i>
                        <i>1 0 0 0 1 0 0 0 1 1.37557 2.03363 -0.275939</i>
                        <i>1 0 0 0 1 0 0 0 1 1.37557 2.03417 -0.275951</i>
                        <i>1 0 0 0 1 0 0 0 1 1.37557 2.0352 -0.275962</i>
                        <i>1 0 0 0 1 0 0 0 1 1.37557 2.03632 -0.275971</i>
                        <i>1 0 0 0 1 0 0 0 1 1.37557 2.03751 -0.275978</i>
                        <i>1 0 0 0 1 0 0 0 1 1.37557 2.03876 -0.275982</i>
                        <i>1 0 0 0 1 0 0 0 1 1.37557 2.04002 -0.275984</i>
                        <i>1 0 0 0 1 0 0 0 1 1.37557 2.04128 -0.275985</i>
                        <i>1 0 0 0 1 0 0 0 1 1.37557 2.04251 -0.275985</i>
                        <i>1 0 0 0 1 0 0 0 1 1.37557 2.04368 -0.275983</i>
                        <i>1 0 0 0 1 0 0 0 1 1.37557 2.04478 -0.275981</i>
                        <i>1 0 0 0 1 0 0 0 1 1.37557 2.04578 -0.275978</i>
                        <i>1 0 0 0 1 0 0 0 1 1.37556 2.04665 -0.275975</i>
                        <i>1 0 0 0 1 0 0 0 1 1.37556 2.04736 -0.275973</i>
                        <i>1 0 0 0 1 0 0 0 1 1.37556 2.0479 -0.27597</i>
                        <i>1 0 0 0 1 0 0 0 1 1.37556 2.04824 -0.275969</i>
                        <i>1 0 0 0 1 0 0 0 1 1.37556 2.04835 -0.275968</i>
                        <i>1 0 0 0 1 0 0 0 1 1.37556 2.0481 -0.275967</i>
                        <i>1 0 0 0 1 0 0 0 1 1.37556 2.04742 -0.275965</i>
                        <i>1 0 0 0 1 0 0 0 1 1.37556 2.04638 -0.275961</i>
                        <i>1 0 0 0 1 0 0 0 1 1.37556 2.04505 -0.275956</i>
                        <i>1 0 0 0 1 0 0 0 1 1.37556 2.04351 -0.275951</i>
                        <i>1 0 0 0 1 0 0 0 1 1.37556 2.04185 -0.275946</i>
                        <i>1 0 0 0 1 0 0 0 1 1.37557 2.04013 -0.275941</i>
                        <i>1 0 0 0 1 0 0 0 1 1.37557 2.03844 -0.275937</i>
                        <i>1 0 0 0 1 0 0 0 1 1.37557 2.03685 -0.275934</i>
                        <i>1 0 0 0 1 0 0 0 1 1.37557 2.03544 -0.275933</i>
                        <i>1 0 0 0 1 0 0 0 1 1.37557 2.03429 -0.275933</i>
                        <i>1 0 0 0 1 0 0 0 1 1.37557 2.03348 -0.275935</i>
                        <i>1 0 0 0 1 0 0 0 1 1.37557 2.03307 -0.27594</i>
                        <i>1 0 0 0 1 0 0 0 1 1.37558 2.03316 -0.275948</i>
                        <i>1 0 0 0 1 0 0 0 1 1.37558 2.03381 -0.275959</i>
                        <i>1 0 0 0 1 0 0 0 1 1.37558 2.03467 -0.275975</i>
                        <i>1 0 0 0 1 0 0 0 1 1.3756 2.03532 -0.275996</i>
                        <i>1 0 0 0 1 0 0 0 1 1.37561 2.03578 -0.276022</i>
                        <i>1 0 0 0 1 0 0 0 1 1.37564 2.03606 -0.276052</i>
                        <i>1 0 0 0 1 0 0 0 1 1.37567 2.03618 -0.276084</i>
                        <i>1 0 0 0 1 0 0 0 1 1.3757 2.03616 -0.276118</i>
                        <i>1 0 0 0 1 0 0 0 1 1.37573 2.03602 -0.276152</i>
                        <i>1 0 0 0 1 0 0 0 1 1.37576 2.03577 -0.276185</i>
                        <i>1 0 0 0 1 0 0 0 1 1.37579 2.03543 -0.276216</i>
                        <i>1 0 0 0 1 0 0 0 1 1.37582 2.03502 -0.276244</i>
                        <i>1 0 0 0 1 0 0 0 1 1.37585 2.03456 -0.276268</i>
                        <i>1 0 0 0 1 0 0 0 1 1.37587 2.03405 -0.276288</i>
                        <i>1 0 0 0 1 0 0 0 1 1.37589 2.03353 -0.276301</i>
                        <i>1 0 0 0 1 0 0 0 1 1.3759 2.033 -0.276307</i>
                        <i>1 0 0 0 1 0 0 0 1 1.3759 2.03249 -0.276305</i>
                        <i>1 0 0 0 1 0 0 0 1 1.3759 2.03226 -0.276304</i>
                        <i>1 0 0 0 1 0 0 0 1 1.3759 2.03161 -0.276301</i>
                        <i>1 0 0 0 1 0 0 0 1 1.3759 2.03062 -0.276296</i>
                        <i>1 0 0 0 1 0 0 0 1 1.3759 2.02935 -0.27629</i>
                        <i>1 0 0 0 1 0 0 0 1 1.3759 2.0279 -0.276283</i>
                        <i>1 0 0 0 1 0 0 0 1 1.37589 2.02632 -0.276276</i>
                        <i>1 0 0 0 1 0 0 0 1 1.37589 2.02469 -0.276269</i>
                        <i>1 0 0 0 1 0 0 0 1 1.37589 2.02309 -0.276263</i>
                        <i>1 0 0 0 1 0 0 0 1 1.37589 2.0216 -0.276258</i>
                        <i>1 0 0 0 1 0 0 0 1 1.37589 2.02027 -0.276255</i>
                        <i>1 0 0 0 1 0 0 0 1 1.37589 2.0192 -0.276253</i>
                        <i>1 0 0 0 1 0 0 0 1 1.37589 2.01845 -0.276254</i>
                        <i>1 0 0 0 1 0 0 0 1 1.37589 2.0181 -0.276258</i>
                        <i>1 0 0 0 1 0 0 0 1 1.37589 2.01822 -0.276265</i>
                        <i>1 0 0 0 1 0 0 0 1 1.37589 2.01888 -0.276276</i>
                    </KeyFrames>
                </p>
            </i>
            <i>
                <p>
                    <Name><![CDATA[spine0]]></Name>
                    <Exclude>0</Exclude>
                    <Additive>0</Additive>
                    <IKPriority>0</IKPriority>
                    <IKRotLimits>-1e+010 -1e+010 -1e+010 1e+010 1e+010 1e+010</IKRotLimits>
                    <IKRotLimitOrder>0</IKRotLimitOrder>
                    <KeyFrames count="90">
                        <i>-0.0271637 0.998324 -0.0510949 -0.857732 -0.0495277 -0.511706 -0.513379 0.0299259 0.85764 1.40052 2.15004 -0.330016</i>
                        <i>-0.0271006 0.9982 -0.0534997 -0.857606 -0.0507141 -0.511801 -0.513593 0.0320115 0.857437 1.40039 2.15125 -0.329792</i>
                        <i>-0.0274897 0.998165 -0.0539552 -0.85729 -0.0513005 -0.512272 -0.5141 0.0321731 0.857127 1.40003 2.15251 -0.329162</i>
                        <i>-0.0282397 0.998201 -0.052891 -0.856878 -0.0514208 -0.512948 -0.514745 0.0308356 0.856789 1.39951 2.15383 -0.328236</i>
                        <i>-0.0292652 0.998283 -0.0507326 -0.856468 -0.0512116 -0.513654 -0.51537 0.0284187 0.856496 1.39887 2.15523 -0.327125</i>
                        <i>-0.0304719 0.998387 -0.0479077 -0.856154 -0.0508056 -0.514217 -0.515821 0.0253472 0.856321 1.39817 2.15673 -0.325939</i>
                        <i>-0.0317502 0.998489 -0.0448481 -0.856031 -0.0503281 -0.514468 -0.515948 0.022057 0.856336 1.39747 2.15836 -0.324793</i>
                        <i>-0.0329755 0.998574 -0.0419905 -0.85619 -0.0498979 -0.514245 -0.515607 0.0189944 0.856615 1.39682 2.16014 -0.323799</i>
                        <i>-0.0340166 0.998629 -0.039775 -0.856718 -0.0496308 -0.513391 -0.514661 0.0166122 0.857233 1.3963 2.16212 -0.323073</i>
                        <i>-0.0347508 0.998649 -0.038643 -0.8577 -0.0496484 -0.511748 -0.512975 0.0153604 0.858266 1.39595 2.16432 -0.32273</i>
                        <i>-0.0365562 0.998578 -0.0388063 -0.859657 -0.0512237 -0.508298 -0.509563 0.0147786 0.860307 1.39537 2.16783 -0.322228</i>
                        <i>-0.0405153 0.998394 -0.0395944 -0.862652 -0.0549471 -0.502805 -0.504173 0.0137849 0.863493 1.3943 2.17299 -0.321155</i>
                        <i>-0.0458674 0.99814 -0.0401683 -0.866098 -0.0597719 -0.496289 -0.497766 0.0120262 0.867228 1.39301 2.17877 -0.319825</i>
                        <i>-0.0511754 0.997886 -0.0400586 -0.869502 -0.0642509 -0.489732 -0.49127 0.00976885 0.870952 1.39179 2.18416 -0.31857</i>
                        <i>-0.0544001 0.997743 -0.0393573 -0.872497 -0.0666652 -0.48405 -0.485582 0.00800677 0.874155 1.39091 2.18816 -0.317734</i>
                        <i>-0.055265 0.997707 -0.0390817 -0.874621 -0.067254 -0.48012 -0.481647 0.00764785 0.876332 1.39061 2.18977 -0.317673</i>
                        <i>-0.0552649 0.997686 -0.0395996 -0.876095 -0.067478 -0.477393 -0.47896 0.00831 0.877797 1.39078 2.18943 -0.318256</i>
                        <i>-0.0548756 0.997681 -0.0402529 -0.87754 -0.0674215 -0.47474 -0.476353 0.00927184 0.879205 1.39108 2.18833 -0.319084</i>
                        <i>-0.0541575 0.997689 -0.0410222 -0.878938 -0.0671263 -0.472188 -0.47385 0.0104835 0.880543 1.39151 2.18662 -0.320111</i>
                        <i>-0.0531742 0.997706 -0.041885 -0.880275 -0.0666367 -0.46976 -0.471474 0.0118912 0.8818 1.39202 2.18441 -0.321291</i>
                        <i>-0.0519918 0.997729 -0.0428164 -0.881535 -0.0659984 -0.467483 -0.469247 0.0134389 0.882965 1.39259 2.18183 -0.322575</i>
                        <i>-0.0506766 0.997755 -0.0437905 -0.882703 -0.0652581 -0.465379 -0.467191 0.0150702 0.884028 1.3932 2.17904 -0.323917</i>
                        <i>-0.0492947 0.99778 -0.044782 -0.883765 -0.0644632 -0.463469 -0.465327 0.0167302 0.884981 1.39383 2.17615 -0.325271</i>
                        <i>-0.0479107 0.997803 -0.0457672 -0.884712 -0.063661 -0.461771 -0.46367 0.018367 0.885817 1.39444 2.17331 -0.32659</i>
                        <i>-0.0465865 0.997821 -0.046725 -0.885532 -0.0628985 -0.460301 -0.462237 0.0199327 0.886532 1.39502 2.17066 -0.327829</i>
                        <i>-0.0453817 0.997833 -0.0476377 -0.886218 -0.062222 -0.459071 -0.461041 0.0213839 0.887121 1.39555 2.16834 -0.328943</i>
                        <i>-0.0443529 0.997838 -0.0484906 -0.886762 -0.0616769 -0.458092 -0.460093 0.0226819 0.887581 1.396 2.1665 -0.329888</i>
                        <i>-0.0435538 0.997835 -0.0492719 -0.887159 -0.0613075 -0.457373 -0.459403 0.0237917 0.887909 1.39634 2.16528 -0.330621</i>
                        <i>-0.0430364 0.997823 -0.0499711 -0.887402 -0.0611566 -0.456923 -0.458984 0.0246801 0.888102 1.39657 2.16482 -0.331098</i>
                        <i>-0.0428519 0.9978 -0.0505769 -0.887482 -0.0612662 -0.456753 -0.458847 0.0253133 0.888155 1.39665 2.16528 -0.331275</i>
                        <i>-0.0429825 0.997773 -0.0510001 -0.886827 -0.061612 -0.457977 -0.460099 0.0255433 0.8875 1.39663 2.16641 -0.331056</i>
                        <i>-0.0433586 0.997741 -0.0513133 -0.884967 -0.0621916 -0.461481 -0.46363 0.0254014 0.885665 1.39656 2.16781 -0.330433</i>
                        <i>-0.0439554 0.997692 -0.0517458 -0.882039 -0.0630779 -0.466936 -0.469122 0.0251175 0.882776 1.39647 2.1694 -0.329497</i>
                        <i>-0.0447421 0.997617 -0.0525272 -0.878166 -0.0643427 -0.474009 -0.476259 0.0249195 0.878952 1.39637 2.17113 -0.328339</i>
                        <i>-0.0456731 0.997502 -0.0538878 -0.873474 -0.0660531 -0.48237 -0.484724 0.0250383 0.874309 1.39628 2.17291 -0.32705</i>
                        <i>-0.0461811 0.997417 -0.0550099 -0.868128 -0.0673163 -0.491755 -0.494188 0.0250459 0.868994 1.39622 2.17468 -0.32572</i>
                        <i>-0.0457822 0.997423 -0.0552343 -0.862316 -0.0673726 -0.501868 -0.504296 0.0246528 0.863179 1.39621 2.17638 -0.32444</i>
                        <i>-0.044553 0.997491 -0.0550187 -0.856205 -0.0665015 -0.512339 -0.514712 0.0242811 0.857019 1.39629 2.17795 -0.3233</i>
                        <i>-0.0425651 0.99759 -0.0547992 -0.849963 -0.0649854 -0.522819 -0.52512 0.0243235 0.85068 1.3965 2.17934 -0.322385</i>
                        <i>-0.0398653 0.99769 -0.0550007 -0.84377 -0.0630974 -0.532984 -0.535223 0.0251603 0.844336 1.39687 2.18048 -0.321782</i>
                        <i>-0.0368197 0.997873 -0.0537962 -0.837825 -0.060167 -0.542613 -0.544696 0.025093 0.838258 1.39716 2.18152 -0.321132</i>
                        <i>-0.034108 0.998117 -0.0509785 -0.832308 -0.0566052 -0.551415 -0.553262 0.0236222 0.832672 1.39714 2.18257 -0.32013</i>
                        <i>-0.031861 0.998391 -0.0469 -0.827454 -0.052668 -0.559057 -0.560628 0.0209954 0.827801 1.39688 2.18353 -0.318935</i>
                        <i>-0.0301519 0.998664 -0.041956 -0.823498 -0.0486099 -0.565233 -0.566518 0.0175078 0.823863 1.39647 2.18432 -0.317703</i>
                        <i>-0.0289739 0.99891 -0.0365846 -0.820664 -0.0446674 -0.569662 -0.570675 0.0135183 0.821064 1.396 2.18484 -0.316585</i>
                        <i>-0.0281954 0.999113 -0.0312619 -0.818801 -0.0410237 -0.57261 -0.573385 0.00945231 0.819231 1.39559 2.18491 -0.315716</i>
                        <i>-0.0275917 0.999268 -0.0264824 -0.817548 -0.0378025 -0.574618 -0.575199 0.00579592 0.817993 1.39538 2.18439 -0.315224</i>
                        <i>-0.0268956 0.99938 -0.022736 -0.816811 -0.0350826 -0.575838 -0.576279 0.00308346 0.817247 1.39549 2.18333 -0.315249</i>
                        <i>-0.0259734 0.999458 -0.0202277 -0.816501 -0.0328845 -0.576407 -0.57676 0.00154464 0.816912 1.39592 2.18178 -0.315777</i>
                        <i>-0.0248321 0.999513 -0.0188919 -0.81655 -0.0311818 -0.576432 -0.57674 0.00111218 0.816927 1.39655 2.17989 -0.316647</i>
                        <i>-0.0233914 0.999548 -0.0188652 -0.81689 -0.0299883 -0.576013 -0.576319 0.00193702 0.817223 1.39734 2.17776 -0.317783</i>
                        <i>-0.0216051 0.99956 -0.0203066 -0.817457 -0.0293553 -0.575241 -0.575584 0.00417162 0.817732 1.39824 2.17548 -0.31911</i>
                        <i>-0.0196267 0.999553 -0.0225602 -0.818197 -0.0290256 -0.574205 -0.574603 0.00718897 0.818401 1.3992 2.17315 -0.320555</i>
                        <i>-0.0176916 0.999535 -0.0248291 -0.819049 -0.0287308 -0.573003 -0.57345 0.0101989 0.819177 1.40016 2.17088 -0.322043</i>
                        <i>-0.015877 0.999509 -0.0270017 -0.819947 -0.02847 -0.57173 -0.572219 0.0130626 0.819997 1.4011 2.16879 -0.323501</i>
                        <i>-0.0142553 0.999479 -0.0289696 -0.820826 -0.0282424 -0.57048 -0.571001 0.0156466 0.8208 1.40195 2.16698 -0.324856</i>
                        <i>-0.0128939 0.999448 -0.0306277 -0.821619 -0.0280471 -0.569347 -0.569891 0.0178232 0.821527 1.40269 2.16558 -0.326037</i>
                        <i>-0.011856 0.999422 -0.0318748 -0.822264 -0.0278833 -0.568423 -0.568983 0.0194702 0.822119 1.40326 2.1647 -0.326973</i>
                        <i>-0.0112027 0.999405 -0.0326121 -0.822697 -0.0277502 -0.567803 -0.56837 0.0204689 0.822518 1.40364 2.16446 -0.327591</i>
                        <i>-0.0109954 0.999403 -0.0327406 -0.822854 -0.027647 -0.56758 -0.568147 0.0206999 0.822667 1.40377 2.165 -0.327822</i>
                        <i>-0.011271 0.999416 -0.0322485 -0.82299 -0.0275893 -0.567386 -0.567944 0.0201452 0.82282 1.40364 2.16596 -0.327662</i>
                        <i>-0.0119606 0.999439 -0.0312797 -0.823386 -0.0275934 -0.566811 -0.567356 0.0189758 0.823254 1.40326 2.16688 -0.327206</i>
                        <i>-0.012971 0.999467 -0.0299645 -0.824017 -0.0276597 -0.56589 -0.566417 0.0173511 0.823936 1.4027 2.16773 -0.326523</i>
                        <i>-0.0142085 0.999495 -0.0284333 -0.824857 -0.0277891 -0.564658 -0.565163 0.0154305 0.824835 1.402 2.16849 -0.325686</i>
                        <i>-0.0155782 0.999519 -0.0268192 -0.82588 -0.0279824 -0.563151 -0.56363 0.0133766 0.825919 1.40124 2.16912 -0.324764</i>
                        <i>-0.0169838 0.999537 -0.0252599 -0.827061 -0.0282407 -0.561403 -0.561856 0.0113567 0.827157 1.40045 2.1696 -0.323832</i>
                        <i>-0.0183281 0.999546 -0.0238983 -0.828373 -0.0285654 -0.559449 -0.559878 0.00954305 0.82852 1.39969 2.16992 -0.322964</i>
                        <i>-0.0195139 0.999548 -0.0228818 -0.829791 -0.0289581 -0.557323 -0.557733 0.00811152 0.829981 1.39903 2.17006 -0.322237</i>
                        <i>-0.0204447 0.999541 -0.0223611 -0.831291 -0.0294207 -0.555059 -0.555462 0.00724056 0.831511 1.39851 2.17 -0.321727</i>
                        <i>-0.021026 0.999526 -0.0224891 -0.83285 -0.0299551 -0.552688 -0.5531 0.00710921 0.833085 1.39819 2.16973 -0.321515</i>
                        <i>-0.0220588 0.999472 -0.0238671 -0.83444 -0.031555 -0.550194 -0.550657 0.00777907 0.834696 1.39803 2.16929 -0.321542</i>
                        <i>-0.0234754 0.999333 -0.0279673 -0.836039 -0.0349633 -0.547556 -0.548168 0.0105276 0.836302 1.39794 2.16877 -0.321689</i>
                        <i>-0.0247445 0.999126 -0.0337033 -0.837645 -0.0391233 -0.544812 -0.545654 0.0147503 0.837881 1.39792 2.16817 -0.321942</i>
                        <i>-0.0253121 0.998879 -0.0400035 -0.839271 -0.0429742 -0.542012 -0.543124 0.0198543 0.839418 1.39795 2.16753 -0.322287</i>
                        <i>-0.0246055 0.998647 -0.0458182 -0.840936 -0.0454594 -0.539221 -0.540575 0.0252623 0.840917 1.39802 2.16686 -0.322709</i>
                        <i>-0.0224735 0.99839 -0.0520745 -0.84262 -0.046948 -0.536458 -0.538039 0.031823 0.842319 1.39814 2.16643 -0.323204</i>
                        <i>-0.0195928 0.998019 -0.0597791 -0.844281 -0.048542 -0.533697 -0.535542 0.0400137 0.84356 1.39829 2.16556 -0.323756</i>
                        <i>-0.0165904 0.997547 -0.0680059 -0.845905 -0.0502655 -0.530959 -0.533075 0.0487177 0.844664 1.39848 2.16432 -0.324351</i>
                        <i>-0.0140115 0.997023 -0.0758165 -0.847479 -0.0520809 -0.528268 -0.530644 0.0568511 0.845686 1.39868 2.1628 -0.324977</i>
                        <i>-0.0122871 0.996534 -0.082271 -0.848992 -0.0538644 -0.525653 -0.528263 0.0633887 0.846711 1.3989 2.16106 -0.325618</i>
                        <i>-0.0117415 0.99619 -0.0864113 -0.850434 -0.0554031 -0.523157 -0.525951 0.0673444 0.847844 1.39913 2.1592 -0.326263</i>
                        <i>-0.0124608 0.996081 -0.0875673 -0.851794 -0.0564427 -0.520827 -0.523728 0.0680994 0.849159 1.39936 2.15729 -0.326898</i>
                        <i>-0.014225 0.996258 -0.0852519 -0.853064 -0.0565693 -0.518731 -0.521613 0.0653463 0.850676 1.39958 2.15541 -0.32751</i>
                        <i>-0.0165705 0.996654 -0.0800362 -0.854223 -0.0557131 -0.516913 -0.519643 0.0598033 0.852288 1.39979 2.15365 -0.328084</i>
                        <i>-0.0191608 0.997147 -0.0730104 -0.855247 -0.05417 -0.515382 -0.517866 0.0525668 0.853845 1.39999 2.15209 -0.328609</i>
                        <i>-0.0217232 0.99763 -0.0652934 -0.856114 -0.0522911 -0.514135 -0.516331 0.0447299 0.85522 1.40016 2.1508 -0.32907</i>
                        <i>-0.0240229 0.998025 -0.0580447 -0.856806 -0.050469 -0.513163 -0.515079 0.0374054 0.856326 1.40031 2.14986 -0.329455</i>
                        <i>-0.0258426 0.998289 -0.0524583 -0.857313 -0.0491213 -0.512446 -0.514146 0.0317302 0.857115 1.40042 2.14937 -0.329749</i>
                        <i>-0.0269661 0.998398 -0.0497434 -0.857625 -0.0486718 -0.511967 -0.513568 0.0288554 0.857564 1.40049 2.1494 -0.329941</i>
                        <i>-0.0271637 0.998324 -0.0510949 -0.857732 -0.0495277 -0.511706 -0.513379 0.0299259 0.85764 1.40052 2.15004 -0.330016</i>
                    </KeyFrames>
                </p>
            </i>
            <i>
                <p>
                    <Name><![CDATA[spine1]]></Name>
                    <Exclude>0</Exclude>
                    <Additive>0</Additive>
                    <IKPriority>0</IKPriority>
                    <IKRotLimits>-1e+010 -1e+010 -1e+010 1e+010 1e+010 1e+010</IKRotLimits>
                    <IKRotLimitOrder>0</IKRotLimitOrder>
                    <KeyFrames count="90">
                        <i>-0.0764366 0.98979 0.120305 -0.951012 -0.036123 -0.307035 -0.299554 -0.137881 0.944064 1.39579 2.32407 -0.338938</i>
                        <i>-0.0756604 0.990144 0.117857 -0.950703 -0.0359844 -0.308007 -0.30073 -0.135351 0.944056 1.39567 2.32526 -0.339133</i>
                        <i>-0.0738019 0.990748 0.113896 -0.950016 -0.0351049 -0.310221 -0.303352 -0.131098 0.943817 1.39525 2.32635 -0.338572</i>
                        <i>-0.071125 0.991508 0.108875 -0.949148 -0.0337141 -0.313021 -0.306692 -0.125602 0.943485 1.39461 2.3274 -0.337445</i>
                        <i>-0.0679013 0.992335 0.103253 -0.948296 -0.0320322 -0.315766 -0.310038 -0.119356 0.943202 1.3938 2.32847 -0.335939</i>
                        <i>-0.0644138 0.993149 0.0974964 -0.947666 -0.0302632 -0.317826 -0.312698 -0.112866 0.943123 1.3929 2.32962 -0.334244</i>
                        <i>-0.0609581 0.993884 0.0920831 -0.947463 -0.0285943 -0.318584 -0.314002 -0.106666 0.943411 1.39198 2.33091 -0.33255</i>
                        <i>-0.0578406 0.994484 0.087504 -0.947892 -0.0272005 -0.317428 -0.313296 -0.101305 0.944237 1.39114 2.33241 -0.331048</i>
                        <i>-0.0553744 0.994904 0.0842594 -0.949144 -0.0262561 -0.313745 -0.309934 -0.0973478 0.945761 1.39044 2.33417 -0.32993</i>
                        <i>-0.0538736 0.995104 0.0828556 -0.951383 -0.0259519 -0.306915 -0.303262 -0.0953621 0.948124 1.38997 2.33628 -0.329388</i>
                        <i>-0.0517029 0.995442 0.0801377 -0.958103 -0.0268064 -0.285166 -0.281718 -0.091524 0.955122 1.38908 2.33967 -0.328909</i>
                        <i>-0.0479167 0.996108 0.073981 -0.969164 -0.0284415 -0.24477 -0.241713 -0.0834282 0.966755 1.38733 2.3446 -0.327963</i>
                        <i>-0.0437585 0.99683 0.0664423 -0.979867 -0.0298559 -0.197408 -0.194798 -0.0737429 0.978067 1.38514 2.35013 -0.326722</i>
                        <i>-0.0401264 0.997422 0.0594927 -0.987402 -0.0304617 -0.155274 -0.153062 -0.0649738 0.986078 1.38302 2.35528 -0.325439</i>
                        <i>-0.0375782 0.997782 0.0549352 -0.990935 -0.030112 -0.130924 -0.12898 -0.0593571 0.989869 1.38159 2.35911 -0.324476</i>
                        <i>-0.0370585 0.997825 0.0545191 -0.992135 -0.0302104 -0.121469 -0.119558 -0.0585918 0.991097 1.38114 2.3607 -0.324367</i>
                        <i>-0.0384305 0.997602 0.057557 -0.992918 -0.0316432 -0.114514 -0.112418 -0.0615502 0.991753 1.3813 2.36046 -0.325044</i>
                        <i>-0.0404879 0.997255 0.0619874 -0.993525 -0.0335899 -0.108539 -0.106159 -0.0659805 0.992158 1.38167 2.35952 -0.325991</i>
                        <i>-0.0430823 0.996786 0.0675379 -0.993983 -0.0359507 -0.103467 -0.100707 -0.0715891 0.992337 1.3822 2.358 -0.32716</i>
                        <i>-0.0460718 0.996198 0.0739344 -0.994316 -0.0386207 -0.0992222 -0.0959897 -0.0780855 0.992315 1.38287 2.35603 -0.328498</i>
                        <i>-0.0493204 0.995501 0.0809032 -0.994542 -0.0414928 -0.0957323 -0.0919446 -0.0851832 0.992114 1.38364 2.35372 -0.329955</i>
                        <i>-0.0526987 0.99471 0.0881731 -0.994679 -0.0444593 -0.0929329 -0.0885211 -0.0926014 0.991761 1.38446 2.35122 -0.33148</i>
                        <i>-0.0560834 0.99385 0.0954776 -0.994743 -0.0474137 -0.090769 -0.0856839 -0.100066 0.991284 1.38531 2.34864 -0.33302</i>
                        <i>-0.0593572 0.992955 0.102557 -0.994746 -0.0502518 -0.0891956 -0.0834135 -0.107312 0.99072 1.38615 2.34611 -0.334525</i>
                        <i>-0.0624083 0.992063 0.109159 -0.994701 -0.052872 -0.0881771 -0.0817058 -0.114083 0.990106 1.38695 2.34377 -0.335945</i>
                        <i>-0.0651294 0.991224 0.115039 -0.994619 -0.0551758 -0.0876861 -0.0805691 -0.120131 0.989483 1.38767 2.34173 -0.337233</i>
                        <i>-0.0674162 0.990487 0.119961 -0.994511 -0.0570683 -0.0877013 -0.0800211 -0.125215 0.988897 1.38828 2.34014 -0.33834</i>
                        <i>-0.0691659 0.989907 0.123692 -0.994386 -0.0584573 -0.0882049 -0.0800839 -0.129098 0.988393 1.38876 2.33912 -0.33922</i>
                        <i>-0.0702749 0.989538 0.126003 -0.994252 -0.0592541 -0.0891782 -0.080779 -0.131546 0.988013 1.38907 2.3388 -0.339826</i>
                        <i>-0.0706358 0.989428 0.12666 -0.994116 -0.0593727 -0.0905979 -0.0821199 -0.132314 0.9878 1.38918 2.33932 -0.340113</i>
                        <i>-0.0700961 0.98963 0.125374 -0.993931 -0.0586072 -0.0930912 -0.0847781 -0.131138 0.987732 1.38914 2.3404 -0.339965</i>
                        <i>-0.0687269 0.99012 0.122229 -0.993626 -0.0569616 -0.0972766 -0.089353 -0.128135 0.987723 1.38901 2.34167 -0.33939</i>
                        <i>-0.0667362 0.990822 0.117546 -0.993167 -0.0546621 -0.103107 -0.095735 -0.123624 0.9877 1.38883 2.34307 -0.338518</i>
                        <i>-0.0643255 0.991664 0.111648 -0.992514 -0.0519358 -0.110536 -0.103816 -0.117922 0.987581 1.3886 2.34457 -0.337484</i>
                        <i>-0.0617038 0.992571 0.104856 -0.99162 -0.0490174 -0.119529 -0.113502 -0.111353 0.987278 1.38836 2.34612 -0.336418</i>
                        <i>-0.0588358 0.993446 0.0979927 -0.990281 -0.0456907 -0.131363 -0.126025 -0.104769 0.986479 1.38822 2.34766 -0.33527</i>
                        <i>-0.0557532 0.994213 0.0918301 -0.988239 -0.0418325 -0.147087 -0.142395 -0.0989506 0.984852 1.38829 2.34914 -0.334016</i>
                        <i>-0.0528143 0.994842 0.0866034 -0.985338 -0.0378271 -0.166367 -0.162233 -0.0941201 0.982253 1.38859 2.35051 -0.332825</i>
                        <i>-0.0504139 0.995312 0.0825344 -0.981409 -0.0340468 -0.188885 -0.185189 -0.0905224 0.978525 1.38914 2.35175 -0.331863</i>
                        <i>-0.0489665 0.995605 0.079827 -0.976277 -0.030832 -0.214319 -0.210916 -0.0884277 0.973496 1.38999 2.35283 -0.331289</i>
                        <i>-0.047349 0.995903 0.0770427 -0.969816 -0.0273647 -0.242297 -0.239196 -0.0861898 0.967138 1.39081 2.35375 -0.330422</i>
                        <i>-0.0445292 0.996383 0.0723754 -0.962021 -0.0232369 -0.271985 -0.26932 -0.0817379 0.959576 1.39127 2.35456 -0.328918</i>
                        <i>-0.0409538 0.996935 0.0666528 -0.953056 -0.0189468 -0.302201 -0.300012 -0.0759001 0.950911 1.39141 2.35522 -0.327003</i>
                        <i>-0.0371193 0.997467 0.0606692 -0.943234 -0.0149203 -0.331793 -0.330048 -0.0695412 0.941399 1.3913 2.35567 -0.324902</i>
                        <i>-0.033558 0.997911 0.055196 -0.933015 -0.0114827 -0.359653 -0.358268 -0.063568 0.931452 1.39103 2.35587 -0.322848</i>
                        <i>-0.030834 0.998223 0.0509837 -0.922748 -0.00882347 -0.385303 -0.384169 -0.0589255 0.92138 1.39077 2.35568 -0.321057</i>
                        <i>-0.0294978 0.998374 0.0487822 -0.912701 -0.00700317 -0.408569 -0.407563 -0.0565754 0.911423 1.39067 2.35499 -0.319741</i>
                        <i>-0.0300501 0.998329 0.0493498 -0.903361 -0.00599306 -0.428838 -0.427826 -0.0574673 0.902032 1.3909 2.35386 -0.319125</i>
                        <i>-0.0323605 0.99809 0.0526201 -0.895274 -0.00554089 -0.445481 -0.444338 -0.0615254 0.893744 1.39148 2.35238 -0.319226</i>
                        <i>-0.0357173 0.997691 0.0577739 -0.88901 -0.0053131 -0.457857 -0.456493 -0.067715 0.887147 1.3923 2.35063 -0.31987</i>
                        <i>-0.0399022 0.997139 0.0642004 -0.884531 -0.00536384 -0.46645 -0.464771 -0.0753996 0.882215 1.39334 2.34873 -0.321007</i>
                        <i>-0.044741 0.996459 0.0711943 -0.881559 -0.00585622 -0.472038 -0.469949 -0.0838814 0.878699 1.39454 2.34676 -0.322589</i>
                        <i>-0.0499479 0.995655 0.0785928 -0.879687 -0.00659567 -0.475508 -0.472923 -0.0928876 0.876194 1.39583 2.34479 -0.32443</i>
                        <i>-0.0552748 0.994735 0.0863011 -0.878348 -0.00734024 -0.477966 -0.474815 -0.102222 0.874129 1.39712 2.34292 -0.326319</i>
                        <i>-0.0604518 0.993743 0.0939205 -0.877469 -0.00805398 -0.479565 -0.475808 -0.111403 0.872466 1.39836 2.34122 -0.328164</i>
                        <i>-0.0652245 0.99274 0.101064 -0.876973 -0.00870609 -0.480461 -0.476093 -0.119968 0.871174 1.39949 2.3398 -0.329872</i>
                        <i>-0.0693543 0.991799 0.107355 -0.876777 -0.00926695 -0.480808 -0.47587 -0.127473 0.870229 1.40046 2.33874 -0.331353</i>
                        <i>-0.0726159 0.991003 0.11243 -0.876797 -0.00970472 -0.480763 -0.475346 -0.133489 0.869613 1.40121 2.33814 -0.332515</i>
                        <i>-0.0747907 0.990438 0.115927 -0.876948 -0.00998246 -0.480481 -0.47473 -0.137597 0.869309 1.4017 2.3381 -0.333268</i>
                        <i>-0.0756592 0.990188 0.117486 -0.877146 -0.0100557 -0.480119 -0.474227 -0.139377 0.8693 1.40187 2.33872 -0.333524</i>
                        <i>-0.0751154 0.990285 0.117023 -0.877576 -0.00992308 -0.479334 -0.473516 -0.138702 0.869796 1.40169 2.33962 -0.333277</i>
                        <i>-0.0733752 0.990661 0.114923 -0.878454 -0.00964487 -0.477729 -0.472159 -0.136008 0.870958 1.40119 2.34039 -0.332647</i>
                        <i>-0.070693 0.991245 0.111516 -0.879733 -0.00925978 -0.475378 -0.470184 -0.13171 0.872685 1.40046 2.34101 -0.331728</i>
                        <i>-0.0673254 0.991963 0.10713 -0.881365 -0.00880565 -0.472355 -0.467615 -0.126222 0.874874 1.39955 2.34149 -0.330615</i>
                        <i>-0.0635341 0.992743 0.1021 -0.883301 -0.0083224 -0.468733 -0.464481 -0.119966 0.87742 1.39855 2.34182 -0.329405</i>
                        <i>-0.0595864 0.993521 0.0967736 -0.885492 -0.00785437 -0.464588 -0.460818 -0.113375 0.880223 1.39752 2.34201 -0.328194</i>
                        <i>-0.0557551 0.994242 0.0915111 -0.887888 -0.00745211 -0.459999 -0.456669 -0.106899 0.883191 1.39654 2.34205 -0.327083</i>
                        <i>-0.0523155 0.994861 0.0866875 -0.890438 -0.00717361 -0.455048 -0.452088 -0.100996 0.886237 1.39568 2.34196 -0.326174</i>
                        <i>-0.0495434 0.995343 0.0826888 -0.893092 -0.00708489 -0.449818 -0.447138 -0.0961342 0.889284 1.395 2.34173 -0.32557</i>
                        <i>-0.0477102 0.99566 0.0799078 -0.895802 -0.00725985 -0.444395 -0.441886 -0.0927837 0.89226 1.39458 2.34137 -0.325377</i>
                        <i>-0.046521 0.995936 0.0771127 -0.898586 -0.0080044 -0.438724 -0.436324 -0.0897022 0.895307 1.39424 2.34089 -0.32564</i>
                        <i>-0.0452276 0.996338 0.0725625 -0.901472 -0.00940554 -0.432735 -0.430468 -0.0849846 0.898596 1.39391 2.34035 -0.326492</i>
                        <i>-0.0437818 0.996792 0.0669965 -0.904386 -0.0110522 -0.426573 -0.424464 -0.0792668 0.901968 1.39367 2.33978 -0.327732</i>
                        <i>-0.0421195 0.997239 0.0611598 -0.907278 -0.0125406 -0.420344 -0.418416 -0.0731936 0.905301 1.3936 2.33918 -0.329163</i>
                        <i>-0.0401607 0.997634 0.0558044 -0.910141 -0.0134764 -0.41408 -0.412348 -0.0674196 0.908528 1.39379 2.33856 -0.330589</i>
                        <i>-0.0380267 0.997985 0.0507979 -0.913467 -0.0141066 -0.406669 -0.405133 -0.0618665 0.912162 1.39427 2.33822 -0.332168</i>
                        <i>-0.0361661 0.998288 0.0459645 -0.917535 -0.0149442 -0.397373 -0.396006 -0.0565455 0.916505 1.39492 2.33747 -0.334057</i>
                        <i>-0.0349612 0.998506 0.0420019 -0.922051 -0.0160162 -0.386737 -0.385487 -0.0522487 0.921233 1.39562 2.33639 -0.336087</i>
                        <i>-0.0347556 0.99861 0.039627 -0.926728 -0.0173599 -0.375332 -0.374122 -0.0497683 0.926043 1.39626 2.33505 -0.338081</i>
                        <i>-0.0358419 0.998573 0.039577 -0.931296 -0.0190098 -0.363766 -0.362495 -0.049896 0.930649 1.39678 2.33352 -0.339864</i>
                        <i>-0.0384924 0.998347 0.0426708 -0.935506 -0.0209951 -0.352687 -0.351208 -0.0534946 0.934768 1.3971 2.33189 -0.341252</i>
                        <i>-0.0425828 0.997889 0.0490367 -0.939137 -0.0232325 -0.342756 -0.340894 -0.0606477 0.938144 1.3972 2.33021 -0.342111</i>
                        <i>-0.0477049 0.997155 0.0583614 -0.942153 -0.0255129 -0.334211 -0.331771 -0.0709288 0.94069 1.39711 2.32856 -0.342338</i>
                        <i>-0.0533622 0.996134 0.0697795 -0.944674 -0.0277105 -0.326837 -0.32364 -0.0833596 0.942501 1.39692 2.32699 -0.342017</i>
                        <i>-0.0591154 0.994864 0.0821641 -0.946734 -0.0297747 -0.320636 -0.316542 -0.0967421 0.943632 1.39666 2.32559 -0.341326</i>
                        <i>-0.0645703 0.993438 0.0943981 -0.948362 -0.0316512 -0.315606 -0.310547 -0.109902 0.944183 1.39639 2.32445 -0.340449</i>
                        <i>-0.0693671 0.992009 0.105388 -0.949583 -0.0332818 -0.311743 -0.305744 -0.121699 0.944304 1.39613 2.32364 -0.339575</i>
                        <i>-0.0731668 0.990775 0.114068 -0.950421 -0.0346075 -0.309035 -0.302236 -0.131024 0.944185 1.39592 2.32325 -0.3389</i>
