<?xml version="1.0" encoding="ISO-8859-1" ?>
<Animl Version="1">
    <ModellingPackage><![CDATA[Maya.2010]]></ModellingPackage>
    <SrcFile><![CDATA[anims\turrets\mortar\red\~src\mortar_2s12sani\mortar_2s12sani_idle_crewman_b.mb]]></SrcFile>
    <FramesPerSecond>30</FramesPerSecond>
    <TotalFrames>120</TotalFrames>
    <Skeleton>
        <RefFrame>
            <Name><![CDATA[soldier_ref_frame]]></Name>
            <Exclude>0</Exclude>
            <Additive>0</Additive>
            <IKPriority>0</IKPriority>
            <IKRotLimits>-1e+010 -1e+010 -1e+010 1e+010 1e+010 1e+010</IKRotLimits>
            <IKRotLimitOrder>0</IKRotLimitOrder>
            <KeyFrames count="120">
                <i>1 0 0 0 1 0 0 0 1 -1.12 2.66 0.16</i>
                <i>1 0 0 0 1 0 0 0 1 -1.12 2.66 0.16</i>
                <i>1 0 0 0 1 0 0 0 1 -1.12 2.66 0.16</i>
                <i>1 0 0 0 1 0 0 0 1 -1.12 2.66 0.16</i>
                <i>1 0 0 0 1 0 0 0 1 -1.12 2.66 0.16</i>
                <i>1 0 0 0 1 0 0 0 1 -1.12 2.66 0.16</i>
                <i>1 0 0 0 1 0 0 0 1 -1.12 2.66 0.16</i>
                <i>1 0 0 0 1 0 0 0 1 -1.12 2.66 0.16</i>
                <i>1 0 0 0 1 0 0 0 1 -1.12 2.66 0.16</i>
                <i>1 0 0 0 1 0 0 0 1 -1.12 2.66 0.16</i>
                <i>1 0 0 0 1 0 0 0 1 -1.12 2.66 0.16</i>
                <i>1 0 0 0 1 0 0 0 1 -1.12 2.66 0.16</i>
                <i>1 0 0 0 1 0 0 0 1 -1.12 2.66 0.16</i>
                <i>1 0 0 0 1 0 0 0 1 -1.12 2.66 0.16</i>
                <i>1 0 0 0 1 0 0 0 1 -1.12 2.66 0.16</i>
                <i>1 0 0 0 1 0 0 0 1 -1.12 2.66 0.16</i>
                <i>1 0 0 0 1 0 0 0 1 -1.12 2.66 0.16</i>
                <i>1 0 0 0 1 0 0 0 1 -1.12 2.66 0.16</i>
                <i>1 0 0 0 1 0 0 0 1 -1.12 2.66 0.16</i>
                <i>1 0 0 0 1 0 0 0 1 -1.12 2.66 0.16</i>
                <i>1 0 0 0 1 0 0 0 1 -1.12 2.66 0.16</i>
                <i>1 0 0 0 1 0 0 0 1 -1.12 2.66 0.16</i>
                <i>1 0 0 0 1 0 0 0 1 -1.12 2.66 0.16</i>
                <i>1 0 0 0 1 0 0 0 1 -1.12 2.66 0.16</i>
                <i>1 0 0 0 1 0 0 0 1 -1.12 2.66 0.16</i>
                <i>1 0 0 0 1 0 0 0 1 -1.12 2.66 0.16</i>
                <i>1 0 0 0 1 0 0 0 1 -1.12 2.66 0.16</i>
                <i>1 0 0 0 1 0 0 0 1 -1.12 2.66 0.16</i>
                <i>1 0 0 0 1 0 0 0 1 -1.12 2.66 0.16</i>
                <i>1 0 0 0 1 0 0 0 1 -1.12 2.66 0.16</i>
                <i>1 0 0 0 1 0 0 0 1 -1.12 2.66 0.16</i>
                <i>1 0 0 0 1 0 0 0 1 -1.12 2.66 0.16</i>
                <i>1 0 0 0 1 0 0 0 1 -1.12 2.66 0.16</i>
                <i>1 0 0 0 1 0 0 0 1 -1.12 2.66 0.16</i>
                <i>1 0 0 0 1 0 0 0 1 -1.12 2.66 0.16</i>
                <i>1 0 0 0 1 0 0 0 1 -1.12 2.66 0.16</i>
                <i>1 0 0 0 1 0 0 0 1 -1.12 2.66 0.16</i>
                <i>1 0 0 0 1 0 0 0 1 -1.12 2.66 0.16</i>
                <i>1 0 0 0 1 0 0 0 1 -1.12 2.66 0.16</i>
                <i>1 0 0 0 1 0 0 0 1 -1.12 2.66 0.16</i>
                <i>1 0 0 0 1 0 0 0 1 -1.12 2.66 0.16</i>
                <i>1 0 0 0 1 0 0 0 1 -1.12 2.66 0.16</i>
                <i>1 0 0 0 1 0 0 0 1 -1.12 2.66 0.16</i>
                <i>1 0 0 0 1 0 0 0 1 -1.12 2.66 0.16</i>
                <i>1 0 0 0 1 0 0 0 1 -1.12 2.66 0.16</i>
                <i>1 0 0 0 1 0 0 0 1 -1.12 2.66 0.16</i>
                <i>1 0 0 0 1 0 0 0 1 -1.12 2.66 0.16</i>
                <i>1 0 0 0 1 0 0 0 1 -1.12 2.66 0.16</i>
                <i>1 0 0 0 1 0 0 0 1 -1.12 2.66 0.16</i>
                <i>1 0 0 0 1 0 0 0 1 -1.12 2.66 0.16</i>
                <i>1 0 0 0 1 0 0 0 1 -1.12 2.66 0.16</i>
                <i>1 0 0 0 1 0 0 0 1 -1.12 2.66 0.16</i>
                <i>1 0 0 0 1 0 0 0 1 -1.12 2.66 0.16</i>
                <i>1 0 0 0 1 0 0 0 1 -1.12 2.66 0.16</i>
                <i>1 0 0 0 1 0 0 0 1 -1.12 2.66 0.16</i>
                <i>1 0 0 0 1 0 0 0 1 -1.12 2.66 0.16</i>
                <i>1 0 0 0 1 0 0 0 1 -1.12 2.66 0.16</i>
                <i>1 0 0 0 1 0 0 0 1 -1.12 2.66 0.16</i>
                <i>1 0 0 0 1 0 0 0 1 -1.12 2.66 0.16</i>
                <i>1 0 0 0 1 0 0 0 1 -1.12 2.66 0.16</i>
                <i>1 0 0 0 1 0 0 0 1 -1.12 2.66 0.16</i>
                <i>1 0 0 0 1 0 0 0 1 -1.12 2.66 0.16</i>
                <i>1 0 0 0 1 0 0 0 1 -1.12 2.66 0.16</i>
                <i>1 0 0 0 1 0 0 0 1 -1.12 2.66 0.16</i>
                <i>1 0 0 0 1 0 0 0 1 -1.12 2.66 0.16</i>
                <i>1 0 0 0 1 0 0 0 1 -1.12 2.66 0.16</i>
                <i>1 0 0 0 1 0 0 0 1 -1.12 2.66 0.16</i>
                <i>1 0 0 0 1 0 0 0 1 -1.12 2.66 0.16</i>
                <i>1 0 0 0 1 0 0 0 1 -1.12 2.66 0.16</i>
                <i>1 0 0 0 1 0 0 0 1 -1.12 2.66 0.16</i>
                <i>1 0 0 0 1 0 0 0 1 -1.12 2.66 0.16</i>
                <i>1 0 0 0 1 0 0 0 1 -1.12 2.66 0.16</i>
                <i>1 0 0 0 1 0 0 0 1 -1.12 2.66 0.16</i>
                <i>1 0 0 0 1 0 0 0 1 -1.12 2.66 0.16</i>
                <i>1 0 0 0 1 0 0 0 1 -1.12 2.66 0.16</i>
                <i>1 0 0 0 1 0 0 0 1 -1.12 2.66 0.16</i>
                <i>1 0 0 0 1 0 0 0 1 -1.12 2.66 0.16</i>
                <i>1 0 0 0 1 0 0 0 1 -1.12 2.66 0.16</i>
                <i>1 0 0 0 1 0 0 0 1 -1.12 2.66 0.16</i>
                <i>1 0 0 0 1 0 0 0 1 -1.12 2.66 0.16</i>
                <i>1 0 0 0 1 0 0 0 1 -1.12 2.66 0.16</i>
                <i>1 0 0 0 1 0 0 0 1 -1.12 2.66 0.16</i>
                <i>1 0 0 0 1 0 0 0 1 -1.12 2.66 0.16</i>
                <i>1 0 0 0 1 0 0 0 1 -1.12 2.66 0.16</i>
                <i>1 0 0 0 1 0 0 0 1 -1.12 2.66 0.16</i>
                <i>1 0 0 0 1 0 0 0 1 -1.12 2.66 0.16</i>
                <i>1 0 0 0 1 0 0 0 1 -1.12 2.66 0.16</i>
                <i>1 0 0 0 1 0 0 0 1 -1.12 2.66 0.16</i>
                <i>1 0 0 0 1 0 0 0 1 -1.12 2.66 0.16</i>
                <i>1 0 0 0 1 0 0 0 1 -1.12 2.66 0.16</i>
                <i>1 0 0 0 1 0 0 0 1 -1.12 2.66 0.16</i>
                <i>1 0 0 0 1 0 0 0 1 -1.12 2.66 0.16</i>
                <i>1 0 0 0 1 0 0 0 1 -1.12 2.66 0.16</i>
                <i>1 0 0 0 1 0 0 0 1 -1.12 2.66 0.16</i>
                <i>1 0 0 0 1 0 0 0 1 -1.12 2.66 0.16</i>
                <i>1 0 0 0 1 0 0 0 1 -1.12 2.66 0.16</i>
                <i>1 0 0 0 1 0 0 0 1 -1.12 2.66 0.16</i>
                <i>1 0 0 0 1 0 0 0 1 -1.12 2.66 0.16</i>
                <i>1 0 0 0 1 0 0 0 1 -1.12 2.66 0.16</i>
                <i>1 0 0 0 1 0 0 0 1 -1.12 2.66 0.16</i>
                <i>1 0 0 0 1 0 0 0 1 -1.12 2.66 0.16</i>
                <i>1 0 0 0 1 0 0 0 1 -1.12 2.66 0.16</i>
                <i>1 0 0 0 1 0 0 0 1 -1.12 2.66 0.16</i>
                <i>1 0 0 0 1 0 0 0 1 -1.12 2.66 0.16</i>
                <i>1 0 0 0 1 0 0 0 1 -1.12 2.66 0.16</i>
                <i>1 0 0 0 1 0 0 0 1 -1.12 2.66 0.16</i>
                <i>1 0 0 0 1 0 0 0 1 -1.12 2.66 0.16</i>
                <i>1 0 0 0 1 0 0 0 1 -1.12 2.66 0.16</i>
                <i>1 0 0 0 1 0 0 0 1 -1.12 2.66 0.16</i>
                <i>1 0 0 0 1 0 0 0 1 -1.12 2.66 0.16</i>
                <i>1 0 0 0 1 0 0 0 1 -1.12 2.66 0.16</i>
                <i>1 0 0 0 1 0 0 0 1 -1.12 2.66 0.16</i>
                <i>1 0 0 0 1 0 0 0 1 -1.12 2.66 0.16</i>
                <i>1 0 0 0 1 0 0 0 1 -1.12 2.66 0.16</i>
                <i>1 0 0 0 1 0 0 0 1 -1.12 2.66 0.16</i>
                <i>1 0 0 0 1 0 0 0 1 -1.12 2.66 0.16</i>
                <i>1 0 0 0 1 0 0 0 1 -1.12 2.66 0.16</i>
                <i>1 0 0 0 1 0 0 0 1 -1.12 2.66 0.16</i>
                <i>1 0 0 0 1 0 0 0 1 -1.12 2.66 0.16</i>
                <i>1 0 0 0 1 0 0 0 1 -1.12 2.66 0.16</i>
            </KeyFrames>
        </RefFrame>
        <Bones count="23">
            <i>
                <p>
                    <Name><![CDATA[pelvis]]></Name>
                    <Exclude>0</Exclude>
                    <Additive>0</Additive>
                    <IKPriority>0</IKPriority>
                    <IKRotLimits>-1e+010 -1e+010 -1e+010 1e+010 1e+010 1e+010</IKRotLimits>
                    <IKRotLimitOrder>2</IKRotLimitOrder>
                    <KeyFrames count="120">
                        <i>1 0 0 0 1 0 0 0 1 -1.1186 3.76497 0.159531</i>
                        <i>1 0 0 0 1 0 0 0 1 -1.1186 3.76777 0.162146</i>
                        <i>1 0 0 0 1 0 0 0 1 -1.1186 3.77102 0.164812</i>
                        <i>1 0 0 0 1 0 0 0 1 -1.1186 3.77338 0.167376</i>
                        <i>1 0 0 0 1 0 0 0 1 -1.1186 3.77355 0.169684</i>
                        <i>1 0 0 0 1 0 0 0 1 -1.1186 3.77062 0.17204</i>
                        <i>1 0 0 0 1 0 0 0 1 -1.1186 3.76557 0.174558</i>
                        <i>1 0 0 0 1 0 0 0 1 -1.1186 3.75988 0.176798</i>
                        <i>1 0 0 0 1 0 0 0 1 -1.1186 3.75508 0.17832</i>
                        <i>1 0 0 0 1 0 0 0 1 -1.1186 3.75265 0.178683</i>
                        <i>1 0 0 0 1 0 0 0 1 -1.1186 3.75324 0.177239</i>
                        <i>1 0 0 0 1 0 0 0 1 -1.1186 3.75585 0.174281</i>
                        <i>1 0 0 0 1 0 0 0 1 -1.1186 3.75952 0.170783</i>
                        <i>1 0 0 0 1 0 0 0 1 -1.1186 3.76327 0.167718</i>
                        <i>1 0 0 0 1 0 0 0 1 -1.1186 3.76613 0.166059</i>
                        <i>1 0 0 0 1 0 0 0 1 -1.1186 3.76845 0.16611</i>
                        <i>1 0 0 0 1 0 0 0 1 -1.1186 3.77089 0.167221</i>
                        <i>1 0 0 0 1 0 0 0 1 -1.1186 3.77291 0.168937</i>
                        <i>1 0 0 0 1 0 0 0 1 -1.1186 3.77398 0.170806</i>
                        <i>1 0 0 0 1 0 0 0 1 -1.1186 3.77355 0.172371</i>
                        <i>1 0 0 0 1 0 0 0 1 -1.1186 3.77064 0.173936</i>
                        <i>1 0 0 0 1 0 0 0 1 -1.1186 3.76558 0.175805</i>
                        <i>1 0 0 0 1 0 0 0 1 -1.1186 3.75989 0.177522</i>
                        <i>1 0 0 0 1 0 0 0 1 -1.1186 3.75508 0.178632</i>
                        <i>1 0 0 0 1 0 0 0 1 -1.1186 3.75265 0.178683</i>
                        <i>1 0 0 0 1 0 0 0 1 -1.1186 3.75356 0.176994</i>
                        <i>1 0 0 0 1 0 0 0 1 -1.1186 3.75682 0.173869</i>
                        <i>1 0 0 0 1 0 0 0 1 -1.1186 3.76096 0.170325</i>
                        <i>1 0 0 0 1 0 0 0 1 -1.1186 3.76455 0.167383</i>
                        <i>1 0 0 0 1 0 0 0 1 -1.1186 3.76613 0.166059</i>
                        <i>1 0 0 0 1 0 0 0 1 -1.1186 3.76845 0.16611</i>
                        <i>1 0 0 0 1 0 0 0 1 -1.1186 3.77089 0.167221</i>
                        <i>1 0 0 0 1 0 0 0 1 -1.1186 3.77291 0.168937</i>
                        <i>1 0 0 0 1 0 0 0 1 -1.1186 3.77398 0.170806</i>
                        <i>1 0 0 0 1 0 0 0 1 -1.1186 3.77355 0.172371</i>
                        <i>1 0 0 0 1 0 0 0 1 -1.1186 3.77064 0.173936</i>
                        <i>1 0 0 0 1 0 0 0 1 -1.1186 3.76558 0.175805</i>
                        <i>1 0 0 0 1 0 0 0 1 -1.1186 3.75989 0.177522</i>
                        <i>1 0 0 0 1 0 0 0 1 -1.1186 3.75508 0.178632</i>
                        <i>1 0 0 0 1 0 0 0 1 -1.1186 3.75265 0.178683</i>
                        <i>1 0 0 0 1 0 0 0 1 -1.1186 3.75356 0.176994</i>
                        <i>1 0 0 0 1 0 0 0 1 -1.1186 3.75682 0.173869</i>
                        <i>1 0 0 0 1 0 0 0 1 -1.1186 3.76096 0.170325</i>
                        <i>1 0 0 0 1 0 0 0 1 -1.1186 3.76455 0.167383</i>
                        <i>1 0 0 0 1 0 0 0 1 -1.1186 3.76613 0.166059</i>
                        <i>1 0 0 0 1 0 0 0 1 -1.1186 3.77159 0.165151</i>
                        <i>1 0 0 0 1 0 0 0 1 -1.1186 3.77882 0.164458</i>
                        <i>1 0 0 0 1 0 0 0 1 -1.1186 3.78592 0.163953</i>
                        <i>1 0 0 0 1 0 0 0 1 -1.1186 3.79103 0.163607</i>
                        <i>1 0 0 0 1 0 0 0 1 -1.1186 3.79226 0.163392</i>
                        <i>1 0 0 0 1 0 0 0 1 -1.1186 3.78747 0.16328</i>
                        <i>1 0 0 0 1 0 0 0 1 -1.1186 3.77792 0.163242</i>
                        <i>1 0 0 0 1 0 0 0 1 -1.1186 3.76682 0.16325</i>
                        <i>1 0 0 0 1 0 0 0 1 -1.1186 3.75736 0.163276</i>
                        <i>1 0 0 0 1 0 0 0 1 -1.1186 3.75274 0.163291</i>
                        <i>1 0 0 0 1 0 0 0 1 -1.1186 3.75495 0.163291</i>
                        <i>1 0 0 0 1 0 0 0 1 -1.1186 3.76185 0.163291</i>
                        <i>1 0 0 0 1 0 0 0 1 -1.1186 3.77047 0.163291</i>
                        <i>1 0 0 0 1 0 0 0 1 -1.1186 3.77783 0.163291</i>
                        <i>1 0 0 0 1 0 0 0 1 -1.1186 3.78094 0.163291</i>
                        <i>1 0 0 0 1 0 0 0 1 -1.1186 3.78074 0.163291</i>
                        <i>1 0 0 0 1 0 0 0 1 -1.1186 3.78018 0.163291</i>
                        <i>1 0 0 0 1 0 0 0 1 -1.1186 3.77929 0.163291</i>
                        <i>1 0 0 0 1 0 0 0 1 -1.1186 3.77812 0.163291</i>
                        <i>1 0 0 0 1 0 0 0 1 -1.1186 3.7767 0.163291</i>
                        <i>1 0 0 0 1 0 0 0 1 -1.1186 3.77507 0.163291</i>
                        <i>1 0 0 0 1 0 0 0 1 -1.1186 3.77328 0.163291</i>
                        <i>1 0 0 0 1 0 0 0 1 -1.1186 3.77135 0.163291</i>
                        <i>1 0 0 0 1 0 0 0 1 -1.1186 3.76934 0.163291</i>
                        <i>1 0 0 0 1 0 0 0 1 -1.1186 3.76728 0.163291</i>
                        <i>1 0 0 0 1 0 0 0 1 -1.1186 3.76522 0.163291</i>
                        <i>1 0 0 0 1 0 0 0 1 -1.1186 3.76318 0.163291</i>
                        <i>1 0 0 0 1 0 0 0 1 -1.1186 3.76121 0.163291</i>
                        <i>1 0 0 0 1 0 0 0 1 -1.1186 3.75935 0.163291</i>
                        <i>1 0 0 0 1 0 0 0 1 -1.1186 3.75764 0.163291</i>
                        <i>1 0 0 0 1 0 0 0 1 -1.1186 3.75613 0.163291</i>
                        <i>1 0 0 0 1 0 0 0 1 -1.1186 3.75484 0.163291</i>
                        <i>1 0 0 0 1 0 0 0 1 -1.1186 3.75381 0.163291</i>
                        <i>1 0 0 0 1 0 0 0 1 -1.1186 3.7531 0.163291</i>
                        <i>1 0 0 0 1 0 0 0 1 -1.1186 3.75274 0.163291</i>
                        <i>1 0 0 0 1 0 0 0 1 -1.1186 3.75271 0.163291</i>
                        <i>1 0 0 0 1 0 0 0 1 -1.1186 3.75297 0.163291</i>
                        <i>1 0 0 0 1 0 0 0 1 -1.1186 3.75348 0.163291</i>
                        <i>1 0 0 0 1 0 0 0 1 -1.1186 3.75423 0.163291</i>
                        <i>1 0 0 0 1 0 0 0 1 -1.1186 3.75517 0.163291</i>
                        <i>1 0 0 0 1 0 0 0 1 -1.1186 3.75629 0.163291</i>
                        <i>1 0 0 0 1 0 0 0 1 -1.1186 3.75755 0.163291</i>
                        <i>1 0 0 0 1 0 0 0 1 -1.1186 3.75892 0.163291</i>
                        <i>1 0 0 0 1 0 0 0 1 -1.1186 3.76039 0.163291</i>
                        <i>1 0 0 0 1 0 0 0 1 -1.1186 3.76191 0.163291</i>
                        <i>1 0 0 0 1 0 0 0 1 -1.1186 3.76347 0.163291</i>
                        <i>1 0 0 0 1 0 0 0 1 -1.1186 3.76503 0.163291</i>
                        <i>1 0 0 0 1 0 0 0 1 -1.1186 3.76657 0.163291</i>
                        <i>1 0 0 0 1 0 0 0 1 -1.1186 3.76805 0.163291</i>
                        <i>1 0 0 0 1 0 0 0 1 -1.1186 3.76946 0.163291</i>
                        <i>1 0 0 0 1 0 0 0 1 -1.1186 3.77075 0.163291</i>
                        <i>1 0 0 0 1 0 0 0 1 -1.1186 3.77191 0.163291</i>
                        <i>1 0 0 0 1 0 0 0 1 -1.1186 3.77291 0.163291</i>
                        <i>1 0 0 0 1 0 0 0 1 -1.1186 3.77371 0.163291</i>
                        <i>1 0 0 0 1 0 0 0 1 -1.1186 3.77429 0.163291</i>
                        <i>1 0 0 0 1 0 0 0 1 -1.1186 3.77463 0.163291</i>
                        <i>1 0 0 0 1 0 0 0 1 -1.1186 3.77469 0.163291</i>
                        <i>1 0 0 0 1 0 0 0 1 -1.1186 3.77444 0.163291</i>
                        <i>1 0 0 0 1 0 0 0 1 -1.1186 3.77386 0.163291</i>
                        <i>1 0 0 0 1 0 0 0 1 -1.1186 3.77292 0.163291</i>
                        <i>1 0 0 0 1 0 0 0 1 -1.1186 3.7667 0.163186</i>
                        <i>1 0 0 0 1 0 0 0 1 -1.1186 3.75345 0.1629</i>
                        <i>1 0 0 0 1 0 0 0 1 -1.1186 3.7379 0.162479</i>
                        <i>1 0 0 0 1 0 0 0 1 -1.1186 3.72479 0.161967</i>
                        <i>1 0 0 0 1 0 0 0 1 -1.1186 3.71884 0.161411</i>
                        <i>1 0 0 0 1 0 0 0 1 -1.1186 3.72313 0.160854</i>
                        <i>1 0 0 0 1 0 0 0 1 -1.1186 3.7345 0.160343</i>
                        <i>1 0 0 0 1 0 0 0 1 -1.1186 3.74835 0.159922</i>
                        <i>1 0 0 0 1 0 0 0 1 -1.1186 3.76004 0.159636</i>
                        <i>1 0 0 0 1 0 0 0 1 -1.1186 3.76497 0.159531</i>
                        <i>1 0 0 0 1 0 0 0 1 -1.1186 3.76463 0.159125</i>
                        <i>1 0 0 0 1 0 0 0 1 -1.1186 3.76394 0.158312</i>
                        <i>1 0 0 0 1 0 0 0 1 -1.1186 3.76342 0.157703</i>
                        <i>1 0 0 0 1 0 0 0 1 -1.1186 3.7636 0.157906</i>
                        <i>1 0 0 0 1 0 0 0 1 -1.1186 3.76497 0.159531</i>
                    </KeyFrames>
                </p>
            </i>
            <i>
                <p>
                    <Name><![CDATA[spine0]]></Name>
                    <Exclude>0</Exclude>
                    <Additive>0</Additive>
                    <IKPriority>0</IKPriority>
                    <IKRotLimits>-1e+010 -1e+010 -1e+010 1e+010 1e+010 1e+010</IKRotLimits>
                    <IKRotLimitOrder>0</IKRotLimitOrder>
                    <KeyFrames count="120">
                        <i>0.0150379 0.999882 0.00326202 -0.722443 0.00860974 0.691377 0.691267 -0.0127535 0.722487 -1.14627 3.90214 0.126127</i>
                        <i>0.00974709 0.999951 0.00159119 -0.722566 0.00594325 0.691277 0.691233 -0.00788768 0.722588 -1.14589 3.90511 0.129134</i>
                        <i>0.00142968 0.999998 0.00136518 -0.72287 9.01553e-005 0.690984 0.690983 -0.00197473 0.722869 -1.14505 3.90873 0.132663</i>
                        <i>-0.00623861 0.999979 0.00178063 -0.723219 -0.0057417 0.690595 0.69059 0.00302057 0.72324 -1.14421 3.91145 0.136093</i>
                        <i>-0.00960447 0.999952 0.00208083 -0.723393 -0.00838478 0.690386 0.69037 0.00512553 0.723439 -1.14382 3.91178 0.138794</i>
                        <i>-0.00809497 0.999967 7.45377e-005 -0.723112 -0.00590524 0.690706 0.690683 0.00553734 0.723136 -1.14475 3.90846 0.140194</i>
                        <i>-0.00447665 0.999979 -0.00477285 -0.722554 6.49185e-005 0.691315 0.6913 0.00654342 0.722538 -1.14697 3.90241 0.140428</i>
                        <i>-0.000140225 0.999943 -0.0106502 -0.722101 0.00726645 0.69175 0.691788 0.00778754 0.722059 -1.14963 3.89544 0.139931</i>
                        <i>0.00343705 0.999871 -0.015681 -0.721903 0.0133321 0.691866 0.691986 0.00894221 0.721856 -1.15191 3.88943 0.139112</i>
                        <i>0.0047079 0.999826 -0.0180312 -0.721865 0.0158762 0.691852 0.692018 0.00975893 0.721814 -1.15301 3.88639 0.138353</i>
                        <i>0.00874103 0.99986 -0.0142768 -0.721896 0.0161893 0.691812 0.691947 0.00425923 0.721936 -1.15247 3.88728 0.137465</i>
                        <i>0.0188546 0.999811 -0.00474303 -0.721974 0.0168966 0.691713 0.691663 -0.00961763 0.722157 -1.15083 3.89079 0.136191</i>
                        <i>0.0308618 0.999501 0.00672386 -0.72205 0.0176423 0.691616 0.691152 -0.0261995 0.722234 -1.14877 3.8955 0.134801</i>
                        <i>0.0406083 0.999043 0.0162333 -0.722102 0.0181146 0.69155 0.690594 -0.0398048 0.722147 -1.14701 3.90009 0.133545</i>
                        <i>0.0439989 0.998835 0.0198358 -0.722129 0.018077 0.691523 0.690358 -0.0447502 0.722082 -1.14627 3.90329 0.132655</i>
                        <i>0.0347583 0.999316 0.0126504 -0.72219 0.0163656 0.691501 0.690821 -0.0331714 0.722265 -1.14627 3.90562 0.132706</i>
                        <i>0.0146352 0.999887 -0.00339449 -0.722308 0.0129197 0.691451 0.691417 -0.00766762 0.722415 -1.14627 3.90806 0.133817</i>
                        <i>-0.00846899 0.999721 -0.0220706 -0.722427 0.00914367 0.691387 0.691396 0.0217997 0.722147 -1.14627 3.91008 0.135533</i>
                        <i>-0.0267493 0.998951 -0.0371593 -0.722507 0.00636958 0.691334 0.690845 0.0453406 0.721579 -1.14627 3.91115 0.137402</i>
                        <i>-0.032409 0.998575 -0.0424061 -0.72252 0.00590863 0.691324 0.69059 0.0530445 0.721299 -1.14627 3.91072 0.138967</i>
                        <i>-0.0251386 0.999058 -0.0353834 -0.722446 0.00630864 0.691398 0.69097 0.0429434 0.721607 -1.14679 3.90756 0.139993</i>
                        <i>-0.012309 0.999704 -0.0209942 -0.722307 0.00562926 0.691549 0.691463 0.0236766 0.722024 -1.14804 3.90192 0.14058</i>
                        <i>0.00244704 0.99999 -0.00386436 -0.722126 0.00444028 0.691747 0.691757 0.00109782 0.722129 -1.14952 3.8955 0.140776</i>
                        <i>0.0154747 0.999815 0.0113912 -0.721952 0.00329058 0.691935 0.69177 -0.0189314 0.72187 -1.15075 3.89005 0.140618</i>
                        <i>0.022917 0.999539 0.0199168 -0.721872 0.00276159 0.692021 0.691647 -0.0302364 0.721603 -1.15127 3.88735 0.140139</i>
                        <i>0.0272318 0.999351 0.0235685 -0.72193 0.00335318 0.691958 0.69143 -0.0358581 0.721553 -1.15091 3.88845 0.138817</i>
                        <i>0.0324279 0.999111 0.0269394 -0.722062 0.00478218 0.691812 0.691068 -0.0418859 0.721575 -1.14999 3.89218 0.136632</i>
                        <i>0.0368758 0.998895 0.0291276 -0.722209 0.00649322 0.691645 0.690692 -0.0465412 0.72165 -1.14876 3.89695 0.134361</i>
                        <i>0.0389835 0.998812 0.0292516 -0.722336 0.0079413 0.691496 0.690442 -0.0480865 0.721788 -1.14743 3.90118 0.132779</i>
                        <i>0.0371383 0.99896 0.0264334 -0.722444 0.00856382 0.691376 0.690431 -0.0447732 0.722011 -1.14627 3.90329 0.132655</i>
                        <i>0.0256393 0.99953 0.0168085 -0.722683 0.00691524 0.691145 0.690703 -0.0298677 0.722521 -1.14529 3.90614 0.134098</i>
                        <i>0.00651532 0.999977 0.00161862 -0.723057 0.00359292 0.690779 0.690758 -0.005671 0.723064 -1.14444 3.90916 0.137037</i>
                        <i>-0.0140609 0.999792 -0.0147409 -0.723408 5.67332e-006 0.69042 0.690277 0.0203716 0.723258 -1.14375 3.9117 0.140596</i>
                        <i>-0.0299417 0.999167 -0.0277132 -0.723633 -0.00254179 0.690181 0.689536 0.0407194 0.723106 -1.1433 3.91312 0.143889</i>
                        <i>-0.0348663 0.998867 -0.0323939 -0.723673 -0.00287881 0.690138 0.689262 0.0475051 0.722953 -1.14314 3.91284 0.146027</i>
                        <i>-0.0280164 0.999211 -0.0281598 -0.72354 -0.000833449 0.690282 0.689713 0.039714 0.722993 -1.14322 3.90981 0.147102</i>
                        <i>-0.0128388 0.999774 -0.0169577 -0.723297 0.00242418 0.690533 0.690418 0.0211311 0.723102 -1.14352 3.90446 0.147709</i>
                        <i>0.00507495 0.999982 -0.00330764 -0.722976 0.00595425 0.690848 0.690855 -0.00111467 0.722993 -1.14408 3.89831 0.147704</i>
                        <i>0.0202199 0.99976 0.00843662 -0.72264 0.00878272 0.691168 0.690928 -0.020072 0.722645 -1.14498 3.89291 0.146944</i>
                        <i>0.0271114 0.999535 0.0139767 -0.722403 0.00992646 0.691401 0.690941 -0.0288417 0.722336 -1.14627 3.88982 0.145279</i>
                        <i>0.0282563 0.999517 0.0129202 -0.722191 0.0114764 0.691598 0.691116 -0.0288729 0.722167 -1.14825 3.8898 0.14155</i>
                        <i>0.0296951 0.999518 0.00902071 -0.721979 0.0152065 0.691748 0.691278 -0.0270543 0.722083 -1.1508 3.89176 0.135799</i>
                        <i>0.0311657 0.999506 0.00410786 -0.721906 0.019667 0.691711 0.691289 -0.0245232 0.722163 -1.15333 3.89451 0.129661</i>
                        <i>0.032327 0.999477 -6.6946e-005 -0.721962 0.0233974 0.691537 0.691177 -0.0223069 0.722341 -1.15526 3.89697 0.124742</i>
                        <i>0.0327759 0.999461 -0.00184118 -0.722014 0.0249511 0.691429 0.691102 -0.0213329 0.722442 -1.15603 3.89807 0.122634</i>
                        <i>0.0335522 0.99942 -0.00582671 -0.718765 0.0281802 0.694682 0.694443 -0.0191201 0.719294 -1.15525 3.90407 0.122672</i>
                        <i>0.0346858 0.999316 -0.0128315 -0.709758 0.0336703 0.703641 0.703591 -0.0152991 0.71044 -1.15357 3.91238 0.124023</i>
                        <i>0.0356698 0.999153 -0.0205013 -0.696263 0.0395622 0.716696 0.7169 -0.01129 0.697085 -1.15149 3.92072 0.125964</i>
                        <i>0.0358362 0.998995 -0.0269398 -0.679669 0.0441262 0.73219 0.732643 -0.00792879 0.680567 -1.14959 3.92687 0.127796</i>
                        <i>0.0348201 0.998932 -0.0303733 -0.661426 0.0458176 0.748609 0.749201 -0.00597695 0.662315 -1.14851 3.92868 0.128886</i>
                        <i>0.0345801 0.999008 -0.0280497 -0.642883 0.0437243 0.764715 0.765183 -0.00841129 0.643757 -1.14864 3.92392 0.128997</i>
                        <i>0.0359742 0.999133 -0.0209416 -0.625342 0.0388513 0.779383 0.779521 -0.014942 0.626197 -1.14957 3.91406 0.128542</i>
                        <i>0.0370586 0.999234 -0.0125966 -0.610343 0.0326132 0.791466 0.79127 -0.0216424 0.611084 -1.15086 3.90248 0.127883</i>
                        <i>0.0356252 0.999344 -0.00653582 -0.599779 0.0266116 0.799723 0.799373 -0.0245703 0.600333 -1.15199 3.89259 0.127325</i>
                        <i>0.0293156 0.999549 -0.00650318 -0.595803 0.0226974 0.80281 0.802595 -0.0196602 0.5962 -1.15242 3.88781 0.127123</i>
                        <i>0.019347 0.999755 -0.0107172 -0.595885 0.0201375 0.802817 0.802836 -0.00914585 0.596129 -1.15224 3.8901 0.127255</i>
                        <i>0.00951307 0.99985 -0.0144525 -0.596037 0.0172748 0.802771 0.802901 0.000977391 0.596112 -1.15187 3.89716 0.127517</i>
                        <i>0.00132732 0.99985 -0.0172567 -0.596253 0.0146449 0.802663 0.802795 0.00922395 0.596183 -1.15134 3.90601 0.127888</i>
                        <i>-0.00379374 0.999818 -0.018691 -0.596522 0.0127387 0.802495 0.802587 0.0141941 0.596366 -1.15069 3.91364 0.128347</i>
                        <i>-0.00455577 0.999821 -0.0183527 -0.596821 0.0120073 0.802284 0.802361 0.0146083 0.59666 -1.14995 3.91706 0.128874</i>
                        <i>-0.00209289 0.999855 -0.0168761 -0.597127 0.0122876 0.802053 0.802144 0.0117558 0.597015 -1.14914 3.91719 0.129449</i>
                        <i>0.00161445 0.999885 -0.0150628 -0.597427 0.0130436 0.801817 0.801922 0.0077044 0.597379 -1.14829 3.91697 0.130051</i>
                        <i>0.00661373 0.999897 -0.0127371 -0.597705 0.0141645 0.801591 0.801689 0.00231152 0.597737 -1.14744 3.91641 0.130659</i>
                        <i>0.0124681 0.999871 -0.0100815 -0.597948 0.0155364 0.801384 0.801438 -0.00396347 0.598065 -1.14661 3.91554 0.131251</i>
                        <i>0.0187267 0.999798 -0.0072858 -0.598148 0.0170422 0.801204 0.801167 -0.0106459 0.598347 -1.14583 3.91441 0.131805</i>
                        <i>0.0249219 0.999679 -0.00454782 -0.598301 0.0185598 0.801056 0.800884 -0.0172429 0.598572 -1.14513 3.91303 0.132301</i>
                        <i>0.0305719 0.99953 -0.00207229 -0.598408 0.0199636 0.800943 0.800608 -0.0232463 0.598737 -1.14455 3.91144 0.132716</i>
                        <i>0.0351867 0.999381 -6.75106e-005 -0.598472 0.0211254 0.800865 0.800371 -0.0281394 0.598845 -1.14411 3.90966 0.133027</i>
                        <i>0.0382751 0.999266 0.00125776 -0.5985 0.0219165 0.800823 0.800208 -0.0314043 0.5989 -1.14385 3.90774 0.133214</i>
                        <i>0.0393489 0.999224 0.00169669 -0.598497 0.0222087 0.800817 0.800158 -0.0325267 0.598906 -1.1438 3.9057 0.133254</i>
                        <i>0.039198 0.99923 0.00157977 -0.598458 0.0222103 0.800846 0.800195 -0.032337 0.598868 -1.14392 3.90359 0.133165</i>
                        <i>0.0389418 0.999241 0.00137947 -0.598381 0.0222141 0.800904 0.800265 -0.0320141 0.598791 -1.14417 3.90147 0.132987</i>
                        <i>0.038591 0.999254 0.0011044 -0.598269 0.0222198 0.800987 0.800365 -0.0315716 0.59868 -1.14453 3.89938 0.13273</i>
                        <i>0.038156 0.999272 0.000763293 -0.598127 0.0222269 0.801093 0.800492 -0.0310231 0.598539 -1.14499 3.89736 0.132404</i>
                        <i>0.0376476 0.999291 0.000365008 -0.597959 0.022235 0.801218 0.800642 -0.0303822 0.598372 -1.14553 3.89546 0.132019</i>
                        <i>0.0370766 0.999312 -8.14696e-005 -0.59777 0.0222438 0.801359 0.80081 -0.0296629 0.598183 -1.14614 3.89372 0.131584</i>
                        <i>0.0364541 0.999335 -0.000567076 -0.597563 0.0222529 0.801513 0.800993 -0.0288796 0.597977 -1.1468 3.89219 0.13111</i>
                        <i>0.0357915 0.999359 -0.00108271 -0.597343 0.0222621 0.801677 0.801187 -0.0280465 0.597756 -1.14751 3.8909 0.130607</i>
                        <i>0.0351004 0.999382 -0.00161933 -0.597113 0.0222711 0.801848 0.801388 -0.0271782 0.597526 -1.14825 3.8899 0.130083</i>
                        <i>0.0343922 0.999406 -0.002168 -0.59688 0.02228 0.802021 0.801593 -0.0262892 0.597291 -1.149 3.88924 0.12955</i>
                        <i>0.0336784 0.999429 -0.00272005 -0.596645 0.0222888 0.802196 0.801798 -0.0253938 0.597055 -1.14975 3.88891 0.129017</i>
                        <i>0.0329703 0.999451 -0.00326711 -0.596414 0.0222976 0.802367 0.802 -0.0245057 0.596821 -1.15049 3.88887 0.128493</i>
                        <i>0.0322788 0.999472 -0.00380127 -0.59619 0.0223067 0.802533 0.802194 -0.0236385 0.596595 -1.1512 3.88908 0.127988</i>
                        <i>0.0316144 0.999491 -0.004315 -0.595978 0.0223165 0.80269 0.802378 -0.0228049 0.596381 -1.15188 3.88954 0.12751</i>
                        <i>0.0309872 0.999508 -0.00480127 -0.595783 0.0223272 0.802835 0.802548 -0.0220171 0.596182 -1.1525 3.89021 0.12707</i>
                        <i>0.0304068 0.999524 -0.00525345 -0.595607 0.0223395 0.802965 0.8027 -0.0212866 0.596003 -1.15306 3.89108 0.126676</i>
                        <i>0.0298823 0.999537 -0.00566529 -0.595456 0.0223536 0.803077 0.802832 -0.0206243 0.595848 -1.15354 3.89212 0.126337</i>
                        <i>0.0294226 0.999549 -0.00603068 -0.595333 0.02237 0.803168 0.80294 -0.020041 0.595723 -1.15393 3.89332 0.126062</i>
                        <i>0.0290366 0.999558 -0.0063436 -0.595243 0.0223891 0.803234 0.803021 -0.0195472 0.59563 -1.15421 3.89465 0.125861</i>
                        <i>0.0287331 0.999565 -0.00659778 -0.59519 0.0224112 0.803272 0.803071 -0.0191536 0.595575 -1.15438 3.8961 0.125742</i>
                        <i>0.0285151 0.99957 -0.00679249 -0.595188 0.0224377 0.803273 0.80308 -0.0188626 0.595572 -1.15439 3.89765 0.125738</i>
                        <i>0.028374 0.999573 -0.00693427 -0.595243 0.0224688 0.803231 0.803045 -0.0186633 0.595627 -1.15421 3.89929 0.12586</i>
                        <i>0.0283028 0.999575 -0.00702649 -0.595347 0.0225029 0.803154 0.80297 -0.0185483 0.59573 -1.15388 3.90098 0.126092</i>
                        <i>0.0282948 0.999575 -0.00707206 -0.59549 0.022538 0.803046 0.802864 -0.0185107 0.595875 -1.15343 3.90267 0.126414</i>
                        <i>0.0283431 0.999573 -0.00707411 -0.595665 0.0225726 0.802916 0.802733 -0.0185434 0.596051 -1.15287 3.90433 0.126809</i>
                        <i>0.0284404 0.999571 -0.00703655 -0.595863 0.022605 0.802768 0.802583 -0.0186382 0.59625 -1.15223 3.90591 0.127256</i>
                        <i>0.028578 0.999567 -0.00696434 -0.596075 0.0226341 0.80261 0.80242 -0.0187857 0.596464 -1.15155 3.90736 0.127739</i>
                        <i>0.0287467 0.999563 -0.00686364 -0.596293 0.0226591 0.802447 0.802252 -0.018975 0.596684 -1.15085 3.90866 0.128237</i>
                        <i>0.0289363 0.999559 -0.00674164 -0.59651 0.0226795 0.802285 0.802084 -0.0191937 0.596903 -1.15015 3.90975 0.128733</i>
                        <i>0.0291359 0.999554 -0.00660646 -0.596716 0.0226952 0.802132 0.801924 -0.0194287 0.597111 -1.14948 3.91061 0.129206</i>
                        <i>0.0293349 0.999549 -0.00646681 -0.596903 0.0227067 0.801992 0.801777 -0.0196663 0.597299 -1.14887 3.91118 0.129637</i>
                        <i>0.0295224 0.999544 -0.00633168 -0.597063 0.0227143 0.801873 0.801651 -0.0198928 0.597461 -1.14835 3.91145 0.130006</i>
                        <i>0.0296881 0.99954 -0.00621011 -0.597188 0.0227189 0.80178 0.801552 -0.0200947 0.597587 -1.14795 3.91136 0.130295</i>
                        <i>0.0298216 0.999537 -0.00611092 -0.597269 0.0227213 0.801719 0.801487 -0.0202587 0.597669 -1.14769 3.91088 0.130482</i>
                        <i>0.0299131 0.999534 -0.00604256 -0.597297 0.0227219 0.801698 0.801462 -0.020372 0.597699 -1.14759 3.90997 0.130549</i>
                        <i>0.0332744 0.99944 -0.00353753 -0.601067 0.022839 0.798872 0.798505 -0.0244557 0.601491 -1.1474 3.90382 0.130534</i>
                        <i>0.0411647 0.999149 0.00267849 -0.611224 0.0230615 0.791122 0.790387 -0.0342035 0.611653 -1.14689 3.89073 0.130499</i>
                        <i>0.0504535 0.998668 0.0108113 -0.625984 0.0231867 0.779491 0.778202 -0.0460957 0.62632 -1.14616 3.87542 0.130463</i>
                        <i>0.0581021 0.998132 0.0188933 -0.643579 0.0229822 0.765035 0.763171 -0.0566094 0.643712 -1.14532 3.86259 0.130441</i>
                        <i>0.0613107 0.997814 0.024658 -0.66232 0.0221896 0.748892 0.746708 -0.0622466 0.662233 -1.14445 3.85693 0.130444</i>
                        <i>0.0603142 0.997793 0.0277577 -0.680639 0.0207704 0.732324 0.730132 -0.0630625 0.68039 -1.14363 3.8615 0.130472</i>
                        <i>0.0573853 0.99792 0.0293816 -0.697093 0.0189838 0.716729 0.71468 -0.0616114 0.696733 -1.14293 3.87312 0.130517</i>
                        <i>0.0530169 0.998162 0.0293725 -0.710378 0.0170264 0.703614 0.701821 -0.0581691 0.709975 -1.14238 3.88716 0.130567</i>
                        <i>0.0476874 0.998479 0.027677 -0.719277 0.0151001 0.694559 0.693085 -0.0530291 0.718903 -1.14203 3.89899 0.130607</i>
                        <i>0.0418144 0.998829 0.0243447 -0.722588 0.0134045 0.691149 0.690013 -0.0464912 0.722302 -1.1419 3.90396 0.130623</i>
                        <i>0.0351606 0.999191 0.0195133 -0.722647 0.0119325 0.691115 0.690323 -0.0384012 0.722482 -1.14236 3.90344 0.129747</i>
                        <i>0.0280262 0.99951 0.0139462 -0.72263 0.0106188 0.691154 0.690667 -0.0294484 0.722573 -1.14344 3.90232 0.127815</i>
                        <i>0.0215494 0.99973 0.00869284 -0.72256 0.00956451 0.691242 0.690972 -0.021177 0.722571 -1.14474 3.90127 0.125875</i>
                        <i>0.0168507 0.999847 0.00479003 -0.722481 0.00886412 0.691334 0.691186 -0.0151101 0.722519 -1.14581 3.90097 0.124967</i>
                        <i>0.0150379 0.999882 0.00326202 -0.722443 0.00860974 0.691377 0.691267 -0.0127535 0.722487 -1.14627 3.90214 0.126127</i>
                    </KeyFrames>
                </p>
            </i>
            <i>
                <p>
                    <Name><![CDATA[spine1]]></Name>
                    <Exclude>0</Exclude>
                    <Additive>0</Additive>
                    <IKPriority>0</IKPriority>
                    <IKRotLimits>-1e+010 -1e+010 -1e+010 1e+010 1e+010 1e+010</IKRotLimits>
                    <IKRotLimitOrder>0</IKRotLimitOrder>
                    <KeyFrames count="120">
                        <i>0.0666979 0.996451 0.0513546 -0.632563 0.00242483 0.774505 0.771632 -0.0841429 0.630479 -1.14369 4.07363 0.126686</i>
                        <i>0.0520657 0.997931 0.0377125 -0.632301 0.00371247 0.774714 0.772971 -0.0641816 0.631186 -1.14421 4.07656 0.129407</i>
                        <i>0.0323123 0.999262 0.0207464 -0.632045 0.00434923 0.77492 0.774258 -0.0381521 0.631719 -1.1448 4.08007 0.132898</i>
                        <i>0.014915 0.999869 0.00626302 -0.631983 0.004573 0.774969 0.774839 -0.0155168 0.631968 -1.14527 4.08271 0.136399</i>
                        <i>0.00743422 0.999972 0.000128864 -0.632014 0.00459879 0.774944 0.774922 -0.00584254 0.63203 -1.14547 4.083 0.139152</i>
                        <i>0.0120992 0.999893 0.0081751 -0.6318 0.00130766 0.77513 0.775037 -0.0145435 0.631749 -1.14614 4.0798 0.140207</i>
                        <i>0.0232172 0.999357 0.0273339 -0.631358 -0.00654227 0.775464 0.775144 -0.0352616 0.6308 -1.14774 4.07412 0.139607</i>
                        <i>0.0364583 0.998077 0.0501292 -0.630948 -0.0159106 0.775662 0.774968 -0.0599082 0.629155 -1.14966 4.06772 0.138092</i>
                        <i>0.04767 0.996455 0.0693124 -0.63069 -0.0237829 0.77567 0.774569 -0.0806909 0.627321 -1.15133 4.0623 0.136395</i>
                        <i>0.0530267 0.99554 0.0780213 -0.630568 -0.0272022 0.775657 0.774321 -0.0903283 0.626313 -1.1522 4.05958 0.135222</i>
                        <i>0.0591168 0.995082 0.0794781 -0.630908 -0.024456 0.775472 0.773602 -0.0959867 0.62636 -1.15096 4.06033 0.134987</i>
                        <i>0.0718984 0.994104 0.0811676 -0.631689 -0.017593 0.775022 0.77188 -0.106996 0.6267 -1.14758 4.06333 0.135368</i>
                        <i>0.0867263 0.992787 0.0827838 -0.632405 -0.00934413 0.774582 0.769768 -0.11953 0.627033 -1.14347 4.06733 0.135955</i>
                        <i>0.0989522 0.991538 0.0840254 -0.632812 -0.00246367 0.774301 0.767956 -0.129791 0.627214 -1.14005 4.07125 0.136327</i>
                        <i>0.10397 0.990977 0.0845807 -0.63293 0.000325721 0.774209 0.767196 -0.134028 0.627254 -1.13874 4.07416 0.136051</i>
                        <i>0.0902152 0.993742 0.0658667 -0.632244 0.00604583 0.774746 0.769499 -0.111538 0.628832 -1.14032 4.07661 0.134872</i>
                        <i>0.0578097 0.998099 0.021384 -0.6309 0.0199244 0.775609 0.773708 -0.0583288 0.630852 -1.14376 4.07925 0.133237</i>
                        <i>0.0199241 0.999325 -0.0308488 -0.629776 0.0365085 0.775918 0.776521 0.0039684 0.630079 -1.14772 4.08141 0.131752</i>
                        <i>-0.00999559 0.997301 -0.0727363 -0.629201 0.0502619 0.775616 0.777179 0.0535185 0.627 -1.15085 4.08251 0.131027</i>
                        <i>-0.0185931 0.996071 -0.0865804 -0.629015 0.0556576 0.775398 0.777171 0.0688774 0.625509 -1.15183 4.0821 0.131689</i>
                        <i>-0.00431271 0.998202 -0.0597813 -0.629462 0.0437422 0.775799 0.777019 0.0409759 0.628142 -1.15111 4.07906 0.133919</i>
                        <i>0.0208123 0.999776 -0.00394673 -0.630381 0.0161864 0.776117 0.776007 -0.0136648 0.630576 -1.15015 4.07375 0.13697</i>
                        <i>0.0495244 0.996865 0.0617058 -0.631038 -0.0166577 0.775573 0.774169 -0.0773485 0.628235 -1.1491 4.06787 0.140106</i>
                        <i>0.0747244 0.990213 0.117876 -0.631212 -0.0445438 0.77433 0.772002 -0.132266 0.621706 -1.14808 4.063 0.142582</i>
                        <i>0.0898667 0.985174 0.146137 -0.631212 -0.0571597 0.773501 0.770386 -0.161756 0.616717 -1.1473 4.0606 0.143583</i>
                        <i>0.0969644 0.983753 0.151091 -0.631692 -0.0564838 0.773159 0.769132 -0.170412 0.615952 -1.1462 4.06158 0.142893</i>
                        <i>0.101051 0.98358 0.149528 -0.632593 -0.0524784 0.772705 0.767864 -0.172673 0.616903 -1.14439 4.06487 0.141282</i>
                        <i>0.100421 0.98478 0.141858 -0.63331 -0.0466969 0.772488 0.767355 -0.167414 0.618982 -1.14241 4.06899 0.139374</i>
                        <i>0.0933007 0.987318 0.128449 -0.633565 -0.0406456 0.772621 0.768043 -0.153467 0.621738 -1.14074 4.07253 0.137797</i>
                        <i>0.0778145 0.990911 0.10973 -0.633496 -0.0358429 0.772916 0.769823 -0.129658 0.624949 -1.13991 4.07415 0.137178</i>
                        <i>0.0493996 0.996281 0.0705993 -0.632989 -0.0234479 0.773805 0.772583 -0.0829142 0.629477 -1.14091 4.07678 0.136971</i>
                        <i>0.0119289 0.999893 0.00844673 -0.632033 0.000993849 0.774941 0.774849 -0.0145828 0.631977 -1.14332 4.07976 0.137317</i>
                        <i>-0.0250074 0.998012 -0.0578537 -0.630981 0.0291299 0.775251 0.775395 0.0558916 0.628998 -1.14615 4.0824 0.138082</i>
