<?xml version="1.0" encoding="ISO-8859-1" ?>
<Animl Version="1">
    <ModellingPackage><![CDATA[Maya.2010]]></ModellingPackage>
    <SrcFile><![CDATA[anims\turrets\mortar\red\~src\mortar_m1938\mortar_m1938_fire_crewman_c.mb]]></SrcFile>
    <FramesPerSecond>30</FramesPerSecond>
    <TotalFrames>40</TotalFrames>
    <Skeleton>
        <RefFrame>
            <Name><![CDATA[soldier_ref_frame]]></Name>
            <Exclude>0</Exclude>
            <Additive>0</Additive>
            <IKPriority>0</IKPriority>
            <IKRotLimits>-1e+010 -1e+010 -1e+010 1e+010 1e+010 1e+010</IKRotLimits>
            <IKRotLimitOrder>0</IKRotLimitOrder>
            <KeyFrames count="40">
                <i>1 0 0 0 1 0 0 0 1 -2.84 2.61 -0.27</i>
                <i>1 0 0 0 1 0 0 0 1 -2.84 2.61 -0.27</i>
                <i>1 0 0 0 1 0 0 0 1 -2.84 2.61 -0.27</i>
                <i>1 0 0 0 1 0 0 0 1 -2.84 2.61 -0.27</i>
                <i>1 0 0 0 1 0 0 0 1 -2.84 2.61 -0.27</i>
                <i>1 0 0 0 1 0 0 0 1 -2.84 2.61 -0.27</i>
                <i>1 0 0 0 1 0 0 0 1 -2.84 2.61 -0.27</i>
                <i>1 0 0 0 1 0 0 0 1 -2.84 2.61 -0.27</i>
                <i>1 0 0 0 1 0 0 0 1 -2.84 2.61 -0.27</i>
                <i>1 0 0 0 1 0 0 0 1 -2.84 2.61 -0.27</i>
                <i>1 0 0 0 1 0 0 0 1 -2.84 2.61 -0.27</i>
                <i>1 0 0 0 1 0 0 0 1 -2.84 2.61 -0.27</i>
                <i>1 0 0 0 1 0 0 0 1 -2.84 2.61 -0.27</i>
                <i>1 0 0 0 1 0 0 0 1 -2.84 2.61 -0.27</i>
                <i>1 0 0 0 1 0 0 0 1 -2.84 2.61 -0.27</i>
                <i>1 0 0 0 1 0 0 0 1 -2.84 2.61 -0.27</i>
                <i>1 0 0 0 1 0 0 0 1 -2.84 2.61 -0.27</i>
                <i>1 0 0 0 1 0 0 0 1 -2.84 2.61 -0.27</i>
                <i>1 0 0 0 1 0 0 0 1 -2.84 2.61 -0.27</i>
                <i>1 0 0 0 1 0 0 0 1 -2.84 2.61 -0.27</i>
                <i>1 0 0 0 1 0 0 0 1 -2.84 2.61 -0.27</i>
                <i>1 0 0 0 1 0 0 0 1 -2.84 2.61 -0.27</i>
                <i>1 0 0 0 1 0 0 0 1 -2.84 2.61 -0.27</i>
                <i>1 0 0 0 1 0 0 0 1 -2.84 2.61 -0.27</i>
                <i>1 0 0 0 1 0 0 0 1 -2.84 2.61 -0.27</i>
                <i>1 0 0 0 1 0 0 0 1 -2.84 2.61 -0.27</i>
                <i>1 0 0 0 1 0 0 0 1 -2.84 2.61 -0.27</i>
                <i>1 0 0 0 1 0 0 0 1 -2.84 2.61 -0.27</i>
                <i>1 0 0 0 1 0 0 0 1 -2.84 2.61 -0.27</i>
                <i>1 0 0 0 1 0 0 0 1 -2.84 2.61 -0.27</i>
                <i>1 0 0 0 1 0 0 0 1 -2.84 2.61 -0.27</i>
                <i>1 0 0 0 1 0 0 0 1 -2.84 2.61 -0.27</i>
                <i>1 0 0 0 1 0 0 0 1 -2.84 2.61 -0.27</i>
                <i>1 0 0 0 1 0 0 0 1 -2.84 2.61 -0.27</i>
                <i>1 0 0 0 1 0 0 0 1 -2.84 2.61 -0.27</i>
                <i>1 0 0 0 1 0 0 0 1 -2.84 2.61 -0.27</i>
                <i>1 0 0 0 1 0 0 0 1 -2.84 2.61 -0.27</i>
                <i>1 0 0 0 1 0 0 0 1 -2.84 2.61 -0.27</i>
                <i>1 0 0 0 1 0 0 0 1 -2.84 2.61 -0.27</i>
                <i>1 0 0 0 1 0 0 0 1 -2.84 2.61 -0.27</i>
            </KeyFrames>
        </RefFrame>
        <Bones count="23">
            <i>
                <p>
                    <Name><![CDATA[pelvis]]></Name>
                    <Exclude>0</Exclude>
                    <Additive>0</Additive>
                    <IKPriority>0</IKPriority>
                    <IKRotLimits>-1e+010 -1e+010 -1e+010 1e+010 1e+010 1e+010</IKRotLimits>
                    <IKRotLimitOrder>2</IKRotLimitOrder>
                    <KeyFrames count="40">
                        <i>1 0 0 0 1 0 0 0 1 -2.81662 3.29315 -0.330877</i>
                        <i>1 0 0 0 1 0 0 0 1 -2.81662 3.2907 -0.330877</i>
                        <i>1 0 0 0 1 0 0 0 1 -2.81662 3.27766 -0.330877</i>
                        <i>1 0 0 0 1 0 0 0 1 -2.81662 3.24549 -0.330877</i>
                        <i>1 0 0 0 1 0 0 0 1 -2.81662 3.18564 -0.330877</i>
                        <i>1 0 0 0 1 0 0 0 1 -2.81662 3.25145 -0.330877</i>
                        <i>1 0 0 0 1 0 0 0 1 -2.81662 3.30159 -0.330877</i>
                        <i>1 0 0 0 1 0 0 0 1 -2.81662 3.33503 -0.330877</i>
                        <i>1 0 0 0 1 0 0 0 1 -2.81662 3.35075 -0.330877</i>
                        <i>1 0 0 0 1 0 0 0 1 -2.81662 3.34957 -0.330877</i>
                        <i>1 0 0 0 1 0 0 0 1 -2.81662 3.33512 -0.330877</i>
                        <i>1 0 0 0 1 0 0 0 1 -2.81662 3.31062 -0.330877</i>
                        <i>1 0 0 0 1 0 0 0 1 -2.81662 3.27929 -0.330877</i>
                        <i>1 0 0 0 1 0 0 0 1 -2.81662 3.24435 -0.330877</i>
                        <i>1 0 0 0 1 0 0 0 1 -2.81662 3.26276 -0.330877</i>
                        <i>1 0 0 0 1 0 0 0 1 -2.81662 3.27568 -0.330877</i>
                        <i>1 0 0 0 1 0 0 0 1 -2.81662 3.28415 -0.330877</i>
                        <i>1 0 0 0 1 0 0 0 1 -2.81662 3.28919 -0.330877</i>
                        <i>1 0 0 0 1 0 0 0 1 -2.81662 3.29185 -0.330877</i>
                        <i>1 0 0 0 1 0 0 0 1 -2.81662 3.29315 -0.330877</i>
                        <i>1 0 0 0 1 0 0 0 1 -2.81662 3.29296 -0.330877</i>
                        <i>1 0 0 0 1 0 0 0 1 -2.81662 3.29113 -0.330877</i>
                        <i>1 0 0 0 1 0 0 0 1 -2.81662 3.28861 -0.330877</i>
                        <i>1 0 0 0 1 0 0 0 1 -2.81662 3.28639 -0.330877</i>
                        <i>1 0 0 0 1 0 0 0 1 -2.81662 3.28543 -0.330877</i>
                        <i>1 0 0 0 1 0 0 0 1 -2.81662 3.28635 -0.330877</i>
                        <i>1 0 0 0 1 0 0 0 1 -2.81662 3.2885 -0.330877</i>
                        <i>1 0 0 0 1 0 0 0 1 -2.81662 3.29096 -0.330877</i>
                        <i>1 0 0 0 1 0 0 0 1 -2.81662 3.29282 -0.330877</i>
                        <i>1 0 0 0 1 0 0 0 1 -2.81662 3.29315 -0.330877</i>
                        <i>1 0 0 0 1 0 0 0 1 -2.81662 3.29315 -0.330877</i>
                        <i>1 0 0 0 1 0 0 0 1 -2.81662 3.29315 -0.330877</i>
                        <i>1 0 0 0 1 0 0 0 1 -2.81662 3.29315 -0.330877</i>
                        <i>1 0 0 0 1 0 0 0 1 -2.81662 3.29315 -0.330877</i>
                        <i>1 0 0 0 1 0 0 0 1 -2.81662 3.29315 -0.330877</i>
                        <i>1 0 0 0 1 0 0 0 1 -2.81662 3.29315 -0.330877</i>
                        <i>1 0 0 0 1 0 0 0 1 -2.81662 3.29315 -0.330877</i>
                        <i>1 0 0 0 1 0 0 0 1 -2.81662 3.29315 -0.330877</i>
                        <i>1 0 0 0 1 0 0 0 1 -2.81662 3.29315 -0.330877</i>
                        <i>1 0 0 0 1 0 0 0 1 -2.81662 3.29315 -0.330877</i>
                    </KeyFrames>
                </p>
            </i>
            <i>
                <p>
                    <Name><![CDATA[spine0]]></Name>
                    <Exclude>0</Exclude>
                    <Additive>0</Additive>
                    <IKPriority>0</IKPriority>
                    <IKRotLimits>-1e+010 -1e+010 -1e+010 1e+010 1e+010 1e+010</IKRotLimits>
                    <IKRotLimitOrder>0</IKRotLimitOrder>
                    <KeyFrames count="40">
                        <i>0.332242 0.9236 0.191256 -0.289148 -0.093274 0.95273 0.89778 -0.371838 0.236067 -2.85769 3.43065 -0.320648</i>
                        <i>0.280555 0.943909 0.17414 -0.28613 -0.0909309 0.953866 0.916198 -0.317439 0.24457 -2.8518 3.42965 -0.318582</i>
                        <i>0.228441 0.960659 0.157955 -0.28231 -0.089909 0.955101 0.931727 -0.262776 0.250664 -2.84434 3.41805 -0.316033</i>
                        <i>0.196341 0.969447 0.147047 -0.278629 -0.0886221 0.956301 0.940115 -0.228733 0.252716 -2.83755 3.38679 -0.313779</i>
                        <i>0.197844 0.96966 0.143585 -0.275921 -0.0854685 0.957373 0.940599 -0.229028 0.25064 -2.83375 3.32729 -0.312544</i>
                        <i>0.232787 0.961359 0.146969 -0.275469 -0.0797522 0.957996 0.932699 -0.263494 0.246259 -2.83526 3.39298 -0.313033</i>
                        <i>0.282954 0.946932 0.152501 -0.280088 -0.0704903 0.957383 0.917326 -0.313609 0.245279 -2.8456 3.44176 -0.316457</i>
                        <i>0.342202 0.926273 0.157847 -0.290772 -0.0553522 0.95519 0.893504 -0.372765 0.250393 -2.86283 3.47101 -0.322491</i>
                        <i>0.401099 0.901614 0.1619 -0.307285 -0.0340684 0.951007 0.862957 -0.431198 0.263388 -2.88107 3.47936 -0.329369</i>
                        <i>0.433335 0.88689 0.160144 -0.326779 -0.010979 0.945037 0.839902 -0.461849 0.28506 -2.89521 3.47 -0.335109</i>
                        <i>0.432691 0.888661 0.151858 -0.339127 0.00436643 0.94073 0.835327 -0.458545 0.303258 -2.90145 3.45111 -0.337782</i>
                        <i>0.414367 0.899166 0.140713 -0.33822 0.00859939 0.941028 0.84493 -0.437523 0.30768 -2.90015 3.42758 -0.337215</i>
                        <i>0.386684 0.913209 0.12855 -0.329652 0.00669026 0.944079 0.861281 -0.407437 0.303628 -2.89464 3.4001 -0.334869</i>
                        <i>0.357848 0.926361 0.117473 -0.317342 0.0023313 0.948308 0.878202 -0.376629 0.294808 -2.88613 3.37031 -0.331376</i>
                        <i>0.335376 0.935751 0.109058 -0.304313 -0.0019511 0.95257 0.891581 -0.352657 0.284107 -2.87599 3.39375 -0.327397</i>
                        <i>0.322199 0.940993 0.10354 -0.292504 -0.00506431 0.956251 0.900349 -0.338389 0.273612 -2.86589 3.41065 -0.323608</i>
                        <i>0.3178 0.942829 0.100385 -0.283435 -0.00656621 0.958969 0.904803 -0.333213 0.265144 -2.85774 3.42163 -0.320664</i>
                        <i>0.317281 0.943251 0.0980272 -0.27871 -0.00605532 0.960356 0.906451 -0.332024 0.260972 -2.85353 3.42775 -0.319182</i>
                        <i>0.31502 0.944316 0.0950294 -0.278946 -0.00358295 0.9603 0.907167 -0.329021 0.262284 -2.85397 3.4303 -0.319339</i>
                        <i>0.311808 0.945694 0.0918591 -0.282832 8.55367e-005 0.95917 0.907073 -0.325058 0.267499 -2.85767 3.43065 -0.320642</i>
                        <i>0.308971 0.94689 0.0890847 -0.289279 0.00433403 0.957235 0.90601 -0.321528 0.275255 -2.86337 3.42877 -0.322686</i>
                        <i>0.307361 0.947348 0.089787 -0.297063 0.00588336 0.95484 0.904037 -0.320153 0.283231 -2.86981 3.42467 -0.325059</i>
                        <i>0.307385 0.946707 0.09623 -0.304315 0.00198163 0.952569 0.901614 -0.322089 0.288706 -2.87582 3.41968 -0.327331</i>
                        <i>0.309166 0.944897 0.107641 -0.309049 -0.00721893 0.951019 0.899391 -0.327289 0.289788 -2.8803 3.41538 -0.329064</i>
                        <i>0.312227 0.942029 0.122863 -0.309836 -0.0212822 0.950552 0.898062 -0.334856 0.28523 -2.88222 3.41346 -0.329822</i>
                        <i>0.316045 0.938277 0.14054 -0.30569 -0.0395244 0.95131 0.898148 -0.343618 0.274331 -2.87998 3.4155 -0.32894</i>
                        <i>0.320483 0.933862 0.158719 -0.29919 -0.0591858 0.952356 0.898764 -0.352701 0.260434 -2.87406 3.42033 -0.32666</i>
                        <i>0.325502 0.929208 0.174987 -0.293628 -0.0765806 0.952847 0.898794 -0.361534 0.247914 -2.86671 3.42564 -0.323911</i>
                        <i>0.330142 0.925276 0.186739 -0.290269 -0.0887293 0.952823 0.898193 -0.368771 0.239286 -2.86039 3.42955 -0.32161</i>
                        <i>0.332242 0.9236 0.191256 -0.289148 -0.093274 0.95273 0.89778 -0.371838 0.236067 -2.85769 3.43065 -0.320648</i>
                        <i>0.332242 0.9236 0.191256 -0.289148 -0.093274 0.95273 0.89778 -0.371838 0.236067 -2.85769 3.43065 -0.320648</i>
                        <i>0.332242 0.9236 0.191256 -0.289148 -0.093274 0.95273 0.89778 -0.371838 0.236067 -2.85769 3.43065 -0.320648</i>
                        <i>0.332242 0.9236 0.191256 -0.289148 -0.093274 0.95273 0.89778 -0.371838 0.236067 -2.85769 3.43065 -0.320648</i>
                        <i>0.332242 0.9236 0.191256 -0.289148 -0.093274 0.95273 0.89778 -0.371838 0.236067 -2.85769 3.43065 -0.320648</i>
                        <i>0.332242 0.9236 0.191256 -0.289148 -0.093274 0.95273 0.89778 -0.371838 0.236067 -2.85769 3.43065 -0.320648</i>
                        <i>0.332242 0.9236 0.191256 -0.289148 -0.093274 0.95273 0.89778 -0.371838 0.236067 -2.85769 3.43065 -0.320648</i>
                        <i>0.332242 0.9236 0.191256 -0.289148 -0.093274 0.95273 0.89778 -0.371838 0.236067 -2.85769 3.43065 -0.320648</i>
                        <i>0.332242 0.9236 0.191256 -0.289148 -0.093274 0.95273 0.89778 -0.371838 0.236067 -2.85769 3.43065 -0.320648</i>
                        <i>0.332242 0.9236 0.191256 -0.289148 -0.093274 0.95273 0.89778 -0.371838 0.236067 -2.85769 3.43065 -0.320648</i>
                        <i>0.332242 0.9236 0.191256 -0.289148 -0.093274 0.95273 0.89778 -0.371838 0.236067 -2.85769 3.43065 -0.320648</i>
                    </KeyFrames>
                </p>
            </i>
            <i>
                <p>
                    <Name><![CDATA[spine1]]></Name>
                    <Exclude>0</Exclude>
                    <Additive>0</Additive>
                    <IKPriority>0</IKPriority>
                    <IKRotLimits>-1e+010 -1e+010 -1e+010 1e+010 1e+010 1e+010</IKRotLimits>
                    <IKRotLimitOrder>0</IKRotLimitOrder>
                    <KeyFrames count="40">
                        <i>0.798756 0.586099 0.135934 -0.228481 0.0864789 0.9697 0.556584 -0.805611 0.202988 -2.79222 3.61311 -0.282913</i>
                        <i>0.716685 0.687997 0.114119 -0.231272 0.0800878 0.969587 0.657934 -0.721281 0.216512 -2.79787 3.61155 -0.285064</i>
                        <i>0.600667 0.794844 0.0861489 -0.23289 0.0708719 0.969917 0.764828 -0.602661 0.227682 -2.80168 3.59784 -0.2865</i>
                        <i>0.492875 0.868022 0.0601081 -0.230839 0.0638417 0.970895 0.838921 -0.492405 0.231839 -2.80177 3.56378 -0.286952</i>
                        <i>0.453436 0.889964 0.0485731 -0.226045 0.0621118 0.972135 0.862148 -0.451781 0.229336 -2.79818 3.50191 -0.286702</i>
                        <i>0.515479 0.854659 0.0619709 -0.222716 0.0637923 0.972794 0.827453 -0.515257 0.22323 -2.79328 3.56658 -0.286509</i>
                        <i>0.647983 0.755422 0.0972439 -0.225822 0.0686137 0.971749 0.727408 -0.651637 0.215052 -2.79315 3.61757 -0.28817</i>
                        <i>0.777384 0.613941 0.136932 -0.234018 0.0802124 0.968918 0.583875 -0.785266 0.206029 -2.79593 3.65251 -0.291608</i>
                        <i>0.854845 0.491422 0.166566 -0.24415 0.0976905 0.964804 0.457854 -0.865425 0.203491 -2.79767 3.66738 -0.295683</i>
                        <i>0.884178 0.429912 0.182767 -0.254191 0.11451 0.960351 0.391938 -0.89558 0.210527 -2.80063 3.6642 -0.300147</i>
                        <i>0.888965 0.41774 0.187709 -0.259614 0.122008 0.957974 0.377282 -0.900338 0.216912 -2.80483 3.65024 -0.303876</i>
                        <i>0.88579 0.425549 0.185161 -0.257407 0.118524 0.959007 0.386159 -0.89714 0.214526 -2.80756 3.62922 -0.305781</i>
                        <i>0.875944 0.44862 0.177377 -0.250602 0.108971 0.961938 0.412216 -0.887054 0.207878 -2.80927 3.60244 -0.306495</i>
                        <i>0.858946 0.484716 0.165114 -0.240559 0.0973129 0.965744 0.452044 -0.869241 0.200189 -2.80879 3.57124 -0.30599</i>
                        <i>0.835532 0.528639 0.149755 -0.228892 0.0871156 0.969546 0.499494 -0.844364 0.193789 -2.80542 3.59135 -0.304447</i>
                        <i>0.809184 0.572138 0.133715 -0.217193 0.0798113 0.972861 0.545939 -0.816265 0.188846 -2.79987 3.60409 -0.302388</i>
                        <i>0.787278 0.604696 0.120566 -0.207033 0.0750567 0.975451 0.580801 -0.792912 0.184282 -2.7939 3.61156 -0.300497</i>
                        <i>0.775739 0.620857 0.112986 -0.200755 0.0730537 0.976914 0.59827 -0.780512 0.181311 -2.7904 3.61594 -0.299675</i>
                        <i>0.774472 0.622774 0.111108 -0.199613 0.0739159 0.977083 0.60029 -0.778902 0.181559 -2.79122 3.61892 -0.300407</i>
                        <i>0.780837 0.614332 0.113538 -0.202484 0.076937 0.976259 0.591011 -0.785288 0.184468 -2.79504 3.62117 -0.302191</i>
                        <i>0.791388 0.599656 0.118817 -0.208215 0.0816665 0.974668 0.574762 -0.79608 0.189487 -2.80051 3.62202 -0.304566</i>
                        <i>0.803041 0.582436 0.12607 -0.216774 0.0884425 0.972207 0.555099 -0.808051 0.19728 -2.8064 3.6208 -0.306539</i>
                        <i>0.813486 0.565947 0.133958 -0.227024 0.0969499 0.969052 0.535445 -0.818721 0.207351 -2.8116 3.61818 -0.307228</i>
                        <i>0.821291 0.552908 0.140621 -0.236249 0.105249 0.965976 0.519296 -0.826568 0.217063 -2.81515 3.61522 -0.306378</i>
                        <i>0.825739 0.545148 0.144805 -0.242254 0.110919 0.963852 0.50938 -0.830969 0.223655 -2.8163 3.61312 -0.303863</i>
                        <i>0.825438 0.545477 0.145281 -0.243011 0.111081 0.963642 0.509507 -0.830732 0.224247 -2.81381 3.61266 -0.299485</i>
                        <i>0.820301 0.553773 0.142975 -0.239516 0.105614 0.965131 0.519363 -0.825943 0.219272 -2.80811 3.61315 -0.293958</i>
                        <i>0.81179 0.566971 0.139789 -0.23451 0.0972971 0.967232 0.534792 -0.817971 0.211945 -2.80105 3.61363 -0.288568</i>
                        <i>0.802942 0.580079 0.137083 -0.230249 0.0897205 0.968987 0.54979 -0.809604 0.205603 -2.79488 3.61363 -0.284512</i>
                        <i>0.798756 0.586099 0.135934 -0.228481 0.0864789 0.9697 0.556584 -0.805611 0.202988 -2.79222 3.61311 -0.282913</i>
                        <i>0.798756 0.586099 0.135934 -0.228481 0.0864789 0.9697 0.556584 -0.805611 0.202988 -2.79222 3.61311 -0.282913</i>
                        <i>0.798756 0.586099 0.135934 -0.228481 0.0864789 0.9697 0.556584 -0.805611 0.202988 -2.79222 3.61311 -0.282913</i>
                        <i>0.798756 0.586099 0.135934 -0.228481 0.0864789 0.9697 0.556584 -0.805611 0.202988 -2.79222 3.61311 -0.282913</i>
                        <i>0.798756 0.586099 0.135934 -0.228481 0.0864789 0.9697 0.556584 -0.805611 0.202988 -2.79222 3.61311 -0.282913</i>
                        <i>0.798756 0.586099 0.135934 -0.228481 0.0864789 0.9697 0.556584 -0.805611 0.202988 -2.79222 3.61311 -0.282913</i>
                        <i>0.798756 0.586099 0.135934 -0.228481 0.0864789 0.9697 0.556584 -0.805611 0.202988 -2.79222 3.61311 -0.282913</i>
                        <i>0.798756 0.586099 0.135934 -0.228481 0.0864789 0.9697 0.556584 -0.805611 0.202988 -2.79222 3.61311 -0.282913</i>
                        <i>0.798756 0.586099 0.135934 -0.228481 0.0864789 0.9697 0.556584 -0.805611 0.202988 -2.79222 3.61311 -0.282913</i>
                        <i>0.798756 0.586099 0.135934 -0.228481 0.0864789 0.9697 0.556584 -0.805611 0.202988 -2.79222 3.61311 -0.282913</i>
                        <i>0.798756 0.586099 0.135934 -0.228481 0.0864789 0.9697 0.556584 -0.805611 0.202988 -2.79222 3.61311 -0.282913</i>
                    </KeyFrames>
                </p>
            </i>
            <i>
                <p>
                    <Name><![CDATA[spine2]]></Name>
                    <Exclude>0</Exclude>
                    <Additive>0</Additive>
                    <IKPriority>0</IKPriority>
                    <IKRotLimits>-1e+010 -1e+010 -1e+010 1e+010 1e+010 1e+010</IKRotLimits>
                    <IKRotLimitOrder>0</IKRotLimitOrder>
                    <KeyFrames count="40">
                        <i>0.952336 0.29622 0.0728725 -0.106678 0.0995912 0.989293 0.285791 -0.949913 0.126444 -2.64701 3.71902 -0.258136</i>
                        <i>0.920483 0.384493 0.0698305 -0.120952 0.110397 0.9865 0.371594 -0.916503 0.148124 -2.67071 3.73304 -0.26477</i>
                        <i>0.869102 0.490286 0.0654298 -0.139506 0.116058 0.983396 0.474552 -0.8638 0.169264 -2.69812 3.7344 -0.27162</i>
                        <i>0.806494 0.588133 0.060553 -0.156823 0.114044 0.98102 0.570065 -0.800683 0.184208 -2.71884 3.70945 -0.276827</i>
                        <i>0.763733 0.642628 0.0611632 -0.167844 0.106194 0.980077 0.62333 -0.758784 0.188965 -2.72292 3.64929 -0.278637</i>
                        <i>0.777237 0.624288 0.0785284 -0.173037 0.0920819 0.980602 0.604947 -0.775748 0.179594 -2.70752 3.70845 -0.276195</i>
                        <i>0.831564 0.543877 0.112691 -0.179755 0.0715543 0.981106 0.525537 -0.836109 0.157267 -2.68237 3.7463 -0.271525</i>
                        <i>0.887655 0.434991 0.151165 -0.191246 0.0495976 0.980288 0.418919 -0.899068 0.127216 -2.65573 3.76262 -0.266868</i>
                        <i>0.9237 0.336156 0.183788 -0.206167 0.0318043 0.978 0.322915 -0.941269 0.0986817 -2.63368 3.76085 -0.263651</i>
                        <i>0.939761 0.271907 0.207161 -0.220958 0.0207899 0.975062 0.26082 -0.962099 0.0796177 -2.62256 3.74983 -0.263234</i>
                        <i>0.945799 0.236684 0.222364 -0.232293 0.0145536 0.972537 0.226948 -0.971478 0.0687448 -2.62163 3.73528 -0.265078</i>
                        <i>0.950303 0.207408 0.232178 -0.239354 0.00984009 0.970883 0.199084 -0.978205 0.0589949 -2.62485 3.71593 -0.267486</i>
                        <i>0.953181 0.186477 0.238061 -0.243256 0.00514966 0.969948 0.179647 -0.982446 0.0502702 -2.63073 3.69284 -0.270258</i>
                        <i>0.954408 0.176333 0.240859 -0.244749 0.000323069 0.969586 0.170892 -0.984331 0.0434657 -2.63737 3.66698 -0.272979</i>
                        <i>0.953729 0.178733 0.241774 -0.245024 -0.00400567 0.969509 0.174251 -0.98389 0.0399734 -2.64305 3.69317 -0.275308</i>
                        <i>0.951855 0.187986 0.242142 -0.245124 -0.00757882 0.969462 0.184081 -0.982142 0.038866 -2.64676 3.71152 -0.277067</i>
                        <i>0.950655 0.192724 0.24313 -0.245698 -0.0108369 0.969286 0.189439 -0.981193 0.0370497 -2.64791 3.72295 -0.278131</i>
                        <i>0.950254 0.192256 0.245063 -0.247133 -0.0135177 0.968887 0.189588 -0.981252 0.0346677 -2.64792 3.72926 -0.278921</i>
                        <i>0.949888 0.190996 0.247453 -0.249191 -0.0152539 0.968334 0.188722 -0.981472 0.0331048 -2.6488 3.73273 -0.279976</i>
                        <i>0.949472 0.190121 0.249712 -0.251367 -0.0157611 0.967764 0.187928 -0.981634 0.0328254 -2.65022 3.73435 -0.28113</i>
                        <i>0.948811 0.191226 0.251378 -0.25327 -0.0148947 0.967281 0.188714 -0.981433 0.0342995 -2.65182 3.73389 -0.282232</i>
                        <i>0.948673 0.19673 0.247623 -0.250807 -0.00896703 0.967996 0.192654 -0.980417 0.0408346 -2.65335 3.73094 -0.282489</i>
                        <i>0.949613 0.20723 0.235142 -0.241124 0.00372807 0.970487 0.200238 -0.978285 0.0535084 -2.65459 3.72652 -0.281331</i>
                        <i>0.951154 0.221032 0.215527 -0.225446 0.0203662 0.974043 0.210905 -0.975054 0.0692021 -2.65527 3.72193 -0.278939</i>
                        <i>0.952856 0.236307 0.190325 -0.204908 0.038536 0.978022 0.22378 -0.970914 0.0851407 -2.65522 3.71854 -0.275532</i>
                        <i>0.954303 0.251803 0.160937 -0.180532 0.0565994 0.981939 0.238147 -0.966122 0.0994714 -2.65418 3.71727 -0.271297</i>
                        <i>0.954909 0.266879 0.130092 -0.154669 0.0731448 0.985255 0.253428 -0.96095 0.111125 -2.65225 3.71755 -0.266703</i>
                        <i>0.954344 0.280805 0.101865 -0.130941 0.0867613 0.987586 0.268481 -0.955835 0.119569 -2.64993 3.71845 -0.262464</i>
                        <i>0.953069 0.291714 0.0810139 -0.11347 0.0960906 0.988884 0.280687 -0.951667 0.124682 -2.64789 3.71915 -0.259347</i>
                        <i>0.952336 0.29622 0.0728725 -0.106678 0.0995912 0.989293 0.285791 -0.949913 0.126444 -2.64701 3.71902 -0.258136</i>
                        <i>0.952336 0.29622 0.0728725 -0.106678 0.0995912 0.989293 0.285791 -0.949913 0.126444 -2.64701 3.71902 -0.258136</i>
                        <i>0.952336 0.29622 0.0728725 -0.106678 0.0995912 0.989293 0.285791 -0.949913 0.126444 -2.64701 3.71902 -0.258136</i>
                        <i>0.952336 0.29622 0.0728725 -0.106678 0.0995912 0.989293 0.285791 -0.949913 0.126444 -2.64701 3.71902 -0.258136</i>
                        <i>0.952336 0.29622 0.0728725 -0.106678 0.0995912 0.989293 0.285791 -0.949913 0.126444 -2.64701 3.71902 -0.258136</i>
                        <i>0.952336 0.29622 0.0728725 -0.106678 0.0995912 0.989293 0.285791 -0.949913 0.126444 -2.64701 3.71902 -0.258136</i>
                        <i>0.952336 0.29622 0.0728725 -0.106678 0.0995912 0.989293 0.285791 -0.949913 0.126444 -2.64701 3.71902 -0.258136</i>
                        <i>0.952336 0.29622 0.0728725 -0.106678 0.0995912 0.989293 0.285791 -0.949913 0.126444 -2.64701 3.71902 -0.258136</i>
                        <i>0.952336 0.29622 0.0728725 -0.106678 0.0995912 0.989293 0.285791 -0.949913 0.126444 -2.64701 3.71902 -0.258136</i>
                        <i>0.952336 0.29622 0.0728725 -0.106678 0.0995912 0.989293 0.285791 -0.949913 0.126444 -2.64701 3.71902 -0.258136</i>
                        <i>0.952336 0.29622 0.0728725 -0.106678 0.0995912 0.989293 0.285791 -0.949913 0.126444 -2.64701 3.71902 -0.258136</i>
                    </KeyFrames>
                </p>
            </i>
            <i>
                <p>
                    <Name><![CDATA[head]]></Name>
                    <Exclude>0</Exclude>
                    <Additive>0</Additive>
                    <IKPriority>0</IKPriority>
                    <IKRotLimits>-1e+010 -1e+010 -1e+010 1e+010 1e+010 1e+010</IKRotLimits>
                    <IKRotLimitOrder>0</IKRotLimitOrder>
                    <KeyFrames count="40">
                        <i>0.248015 0.966888 0.0601291 -0.542776 0.190102 -0.81808 -0.802423 0.17026 0.571952 -2.38948 3.80641 -0.243782</i>
                        <i>0.283359 0.944838 0.164282 -0.502557 0.292194 -0.81367 -0.816789 0.148 0.557631 -2.42334 3.8407 -0.249478</i>
                        <i>0.298474 0.914695 0.272481 -0.464098 0.388565 -0.796009 -0.833982 0.11113 0.540485 -2.46576 3.86522 -0.255216</i>
                        <i>0.257387 0.907719 0.331356 -0.461261 0.416733 -0.783308 -0.849111 0.0487719 0.525958 -2.50379 3.86204 -0.259591</i>
                        <i>0.18038 0.926791 0.329425 -0.48455 0.375188 -0.790219 -0.855964 -0.0170829 0.516753 -2.52047 3.81571 -0.260052</i>
                        <i>0.13355 0.942369 0.306765 -0.492644 0.331712 -0.80453 -0.859922 -0.043681 0.508553 -2.50412 3.87402 -0.253002</i>
                        <i>0.119716 0.952829 0.278899 -0.483605 0.301305 -0.821791 -0.867061 -0.0364957 0.496864 -2.46653 3.89903 -0.239924</i>
                        <i>0.137825 0.956539 0.256978 -0.461577 0.291588 -0.837809 -0.876328 -0.00314392 0.481704 -2.42296 3.89488 -0.22506</i>
                        <i>0.184728 0.949366 0.254125 -0.42915 0.310541 -0.848171 -0.884141 0.0476239 0.464786 -2.38636 3.87008 -0.212131</i>
                        <i>0.232145 0.936676 0.262195 -0.394727 0.337085 -0.85473 -0.888988 0.0949257 0.447984 -2.36635 3.84078 -0.204005</i>
                        <i>0.26224 0.927515 0.266359 -0.366587 0.351077 -0.861603 -0.892661 0.128303 0.432081 -2.36068 3.8143 -0.200147</i>
                        <i>0.291878 0.916694 0.27291 -0.339423 0.366038 -0.866492 -0.894203 0.160278 0.417986 -2.36067 3.78395 -0.198114</i>
                        <i>0.31743 0.905443 0.281799 -0.314857 0.380944 -0.869337 -0.894485 0.187227 0.406009 -2.36483 3.75174 -0.197514</i>
                        <i>0.33551 0.895484 0.292474 -0.294387 0.394586 -0.870424 -0.894857 0.205936 0.396006 -2.37162 3.71963 -0.197927</i>
                        <i>0.342947 0.888793 0.304029 -0.279402 0.405524 -0.870336 -0.89684 0.213533 0.387404 -2.37939 3.74341 -0.198862</i>
                        <i>0.342363 0.887461 0.308544 -0.264257 0.406085 -0.874793 -0.90164 0.217962 0.373546 -2.38617 3.76165 -0.199744</i>
                        <i>0.343504 0.888501 0.304253 -0.244295 0.397348 -0.884553 -0.906821 0.22952 0.353547 -2.38984 3.77201 -0.19999</i>
                        <i>0.346383 0.889652 0.297555 -0.225772 0.386928 -0.894044 -0.91052 0.242502 0.334883 -2.39116 3.77673 -0.199826</i>
                        <i>0.346441 0.890719 0.294275 -0.216398 0.381125 -0.898841 -0.912771 0.247715 0.324787 -2.39216 3.77954 -0.199855</i>
                        <i>0.343984 0.889147 0.301814 -0.221485 0.389192 -0.894133 -0.91248 0.240721 0.330809 -2.39288 3.78153 -0.200099</i>
                        <i>0.341507 0.881084 0.327208 -0.246667 0.419955 -0.873381 -0.906934 0.217554 0.360751 -2.39334 3.78262 -0.200591</i>
                        <i>0.36484 0.842202 0.396972 -0.326689 0.515049 -0.792464 -0.871875 0.159436 0.463048 -2.39325 3.78299 -0.202416</i>
                        <i>0.461875 0.752524 0.469446 -0.432771 0.653211 -0.62131 -0.774197 0.083805 0.627372 -2.39251 3.78367 -0.206326</i>
                        <i>0.600389 0.6486 0.467816 -0.485132 0.760446 -0.431704 -0.635752 0.0322375 0.77122 -2.39148 3.78517 -0.211857</i>
                        <i>0.672587 0.612976 0.414592 -0.5057 0.78974 -0.347245 -0.540272 0.0238935 0.841151 -2.39048 3.78802 -0.21848</i>
                        <i>0.623468 0.690229 0.367248 -0.557119 0.721758 -0.410711 -0.548549 0.0514643 0.834533 -2.38974 3.79247 -0.225568</i>
                        <i>0.499574 0.810955 0.304595 -0.603474 0.578056 -0.549245 -0.621486 0.0905733 0.778172 -2.38937 3.7976 -0.232406</i>
                        <i>0.364782 0.908022 0.205984 -0.601932 0.398763 -0.691857 -0.71036 0.128389 0.692029 -2.38932 3.80231 -0.238231</i>
                        <i>0.275228 0.955793 0.103488 -0.565843 0.248076 -0.786308 -0.77722 0.157856 0.609106 -2.38942 3.80558 -0.242273</i>
                        <i>0.248015 0.966888 0.0601291 -0.542776 0.190102 -0.81808 -0.802423 0.17026 0.571952 -2.38948 3.80641 -0.243782</i>
                        <i>0.248015 0.966888 0.0601291 -0.542776 0.190102 -0.81808 -0.802423 0.17026 0.571952 -2.38948 3.80641 -0.243782</i>
                        <i>0.248015 0.966888 0.0601291 -0.542776 0.190102 -0.81808 -0.802423 0.17026 0.571952 -2.38948 3.80641 -0.243782</i>
                        <i>0.248015 0.966888 0.0601291 -0.542776 0.190102 -0.81808 -0.802423 0.17026 0.571952 -2.38948 3.80641 -0.243782</i>
                        <i>0.248015 0.966888 0.0601291 -0.542776 0.190102 -0.81808 -0.802423 0.17026 0.571952 -2.38948 3.80641 -0.243782</i>
                        <i>0.248015 0.966888 0.0601291 -0.542776 0.190102 -0.81808 -0.802423 0.17026 0.571952 -2.38948 3.80641 -0.243782</i>
                        <i>0.248015 0.966888 0.0601291 -0.542776 0.190102 -0.81808 -0.802423 0.17026 0.571952 -2.38948 3.80641 -0.243782</i>
                        <i>0.248015 0.966888 0.0601291 -0.542776 0.190102 -0.81808 -0.802423 0.17026 0.571952 -2.38948 3.80641 -0.243782</i>
                        <i>0.248015 0.966888 0.0601291 -0.542776 0.190102 -0.81808 -0.802423 0.17026 0.571952 -2.38948 3.80641 -0.243782</i>
                        <i>0.248015 0.966888 0.0601291 -0.542776 0.190102 -0.81808 -0.802423 0.17026 0.571952 -2.38948 3.80641 -0.243782</i>
                        <i>0.248015 0.966888 0.0601291 -0.542776 0.190102 -0.81808 -0.802423 0.17026 0.571952 -2.38948 3.80641 -0.243782</i>
                    </KeyFrames>
                </p>
            </i>
            <i>
                <p>
                    <Name><![CDATA[head_prop]]></Name>
                    <Exclude>0</Exclude>
                    <Additive>0</Additive>
                    <IKPriority>0</IKPriority>
                    <IKRotLimits>-1e+010 -1e+010 -1e+010 1e+010 1e+010 1e+010</IKRotLimits>
                    <IKRotLimitOrder>0</IKRotLimitOrder>
                    <KeyFrames count="40">
                        <i>0.802423 -0.17026 -0.571952 0.248015 0.966888 0.0601291 0.542776 -0.190102 0.81808 -2.30865 4.12153 -0.224186</i>
                        <i>0.859701 -0.0324183 -0.509769 0.215081 0.928175 0.303697 0.463309 -0.37073 0.804925 -2.32463 4.21094 -0.185912</i>
                        <i>0.906176 0.10614 -0.409364 0.143331 0.833617 0.533422 0.39787 -0.542048 0.740191 -2.35369 4.2848 -0.132966</i>
                        <i>0.915163 0.230961 -0.330355 0.0313741 0.776266 0.629625 0.401862 -0.586574 0.703163 -2.41085 4.3065 -0.103469</i>
                        <i>0.888678 0.330198 -0.318152 -0.111824 0.828969 0.548002 0.444687 -0.451421 0.77361 -2.47447 4.2388 -0.122531</i>
                        <i>0.867838 0.355695 -0.346899 -0.224178 0.903414 0.365496 0.443398 -0.239424 0.863756 -2.48807 4.24151 -0.154817</i>
                        <i>0.874994 0.288669 -0.38866 -0.223546 0.95299 0.204543 0.429434 -0.0920904 0.898391 -2.4565 4.2221 -0.170664</i>
                        <i>0.890176 0.0755049 -0.449316 -0.0155984 0.990645 0.135569 0.455349 -0.113671 0.883027 -2.39391 4.20556 -0.160525</i>
                        <i>0.840478 -0.213139 -0.498165 0.306558 0.945141 0.112831 0.446788 -0.247548 0.85971 -2.32259 4.17871 -0.136135</i>
                        <i>0.769744 -0.386623 -0.507954 0.501682 0.858427 0.106859 0.394727 -0.337085 0.85473 -2.275 4.14562 -0.115854</i>
                        <i>0.778405 -0.391513 -0.490718 0.509608 0.850566 0.129757 0.366587 -0.351077 0.861603 -2.26004 4.11441 -0.108898</i>
                        <i>0.827177 -0.322435 -0.460232 0.44785 0.872956 0.193336 0.339423 -0.366038 0.866492 -2.25609 4.08066 -0.105818</i>
                        <i>0.874689 -0.239134 -0.421584 0.368488 0.893139 0.257915 0.314857 -0.380944 0.869337 -2.25836 4.04601 -0.104477</i>
                        <i>0.894857 -0.205936 -0.396006 0.33551 0.895484 0.292474 0.294387 -0.394586 0.870424 -2.26228 4.01148 -0.102607</i>
                        <i>0.89684 -0.213533 -0.387404 0.342947 0.888793 0.304029 0.279402 -0.405524 0.870336 -2.26762 4.03308 -0.0997763</i>
                        <i>0.90164 -0.217962 -0.373546 0.342363 0.887461 0.308544 0.264257 -0.406085 0.874793 -2.27459 4.05088 -0.0991868</i>
                        <i>0.906821 -0.22952 -0.353547 0.343504 0.888501 0.304253 0.244295 -0.397348 0.884553 -2.27789 4.06159 -0.100831</i>
                        <i>0.91052 -0.242502 -0.334883 0.346383 0.889652 0.297555 0.225772 -0.386928 0.894044 -2.27827 4.06668 -0.10285</i>
                        <i>0.912771 -0.247715 -0.324787 0.346441 0.890719 0.294275 0.216398 -0.381125 0.898841 -2.27925 4.06984 -0.103948</i>
                        <i>0.91248 -0.240721 -0.330809 0.343984 0.889147 0.301814 0.221485 -0.389192 0.894133 -2.28077 4.07131 -0.101735</i>
                        <i>0.906934 -0.217554 -0.360751 0.341507 0.881084 0.327208 0.246667 -0.419955 0.873381 -2.28204 4.06977 -0.093951</i>
                        <i>0.871875 -0.159436 -0.463048 0.36484 0.842202 0.396972 0.326689 -0.515049 0.792464 -2.27435 4.05748 -0.0730394</i>
                        <i>0.774197 -0.083805 -0.627372 0.461875 0.752524 0.469446 0.432771 -0.653211 0.62131 -2.24198 4.02893 -0.0533293</i>
                        <i>0.635752 -0.0322375 -0.77122 0.600389 0.6486 0.467816 0.485132 -0.760446 0.431704 -2.19581 3.99655 -0.0593913</i>
                        <i>0.540272 -0.0238935 -0.841151 0.672587 0.612976 0.414592 0.5057 -0.78974 0.347245 -2.17127 3.9878 -0.0833607</i>
                        <i>0.548549 -0.0514643 -0.834533 0.623468 0.690229 0.367248 0.557119 -0.721758 0.410711 -2.18655 4.01742 -0.105879</i>
                        <i>0.621486 -0.0905733 -0.778172 0.499574 0.810955 0.304595 0.603474 -0.578056 0.549245 -2.22656 4.06189 -0.133136</i>
                        <i>0.71036 -0.128389 -0.692029 0.364782 0.908022 0.205984 0.601932 -0.398763 0.691857 -2.27043 4.09824 -0.171099</i>
                        <i>0.77722 -0.157856 -0.609106 0.275228 0.955793 0.103488 0.565843 -0.248076 0.786308 -2.29972 4.11708 -0.208546</i>
                        <i>0.802423 -0.17026 -0.571952 0.248015 0.966888 0.0601291 0.542776 -0.190102 0.81808 -2.30865 4.12153 -0.224186</i>
                        <i>0.802423 -0.17026 -0.571952 0.248015 0.966888 0.0601291 0.542776 -0.190102 0.81808 -2.30865 4.12153 -0.224186</i>
                        <i>0.802423 -0.17026 -0.571952 0.248015 0.966888 0.0601291 0.542776 -0.190102 0.81808 -2.30865 4.12153 -0.224186</i>
                        <i>0.802423 -0.17026 -0.571952 0.248015 0.966888 0.0601291 0.542776 -0.190102 0.81808 -2.30865 4.12153 -0.224186</i>
                        <i>0.802423 -0.17026 -0.571952 0.248015 0.966888 0.0601291 0.542776 -0.190102 0.81808 -2.30865 4.12153 -0.224186</i>
                        <i>0.802423 -0.17026 -0.571952 0.248015 0.966888 0.0601291 0.542776 -0.190102 0.81808 -2.30865 4.12153 -0.224186</i>
                        <i>0.802423 -0.17026 -0.571952 0.248015 0.966888 0.0601291 0.542776 -0.190102 0.81808 -2.30865 4.12153 -0.224186</i>
                        <i>0.802423 -0.17026 -0.571952 0.248015 0.966888 0.0601291 0.542776 -0.190102 0.81808 -2.30865 4.12153 -0.224186</i>
                        <i>0.802423 -0.17026 -0.571952 0.248015 0.966888 0.0601291 0.542776 -0.190102 0.81808 -2.30865 4.12153 -0.224186</i>
                        <i>0.802423 -0.17026 -0.571952 0.248015 0.966888 0.0601291 0.542776 -0.190102 0.81808 -2.30865 4.12153 -0.224186</i>
                        <i>0.802423 -0.17026 -0.571952 0.248015 0.966888 0.0601291 0.542776 -0.190102 0.81808 -2.30865 4.12153 -0.224186</i>
                    </KeyFrames>
                </p>
            </i>
            <i>
                <p>
                    <Name><![CDATA[l_clav]]></Name>
                    <Exclude>0</Exclude>
                    <Additive>0</Additive>
                    <IKPriority>0</IKPriority>
                    <IKRotLimits>-1e+010 -1e+010 -1e+010 1e+010 1e+010 1e+010</IKRotLimits>
                    <IKRotLimitOrder>0</IKRotLimitOrder>
                    <KeyFrames count="40">
                        <i>0.172622 0.131418 -0.976182 0.854353 0.473231 0.214787 0.490186 -0.871081 -0.0305875 -2.56072 3.70197 -0.330858</i>
                        <i>0.280938 0.19663 -0.939367 0.776553 0.528577 0.342888 0.56395 -0.825799 -0.0041961 -2.58507 3.72342 -0.33836</i>
                        <i>0.373807 0.287377 -0.881863 0.671266 0.5723 0.471036 0.640055 -0.768041 0.0210228 -2.615 3.73402 -0.346469</i>
                        <i>0.430784 0.392693 -0.812537 0.552451 0.597193 0.581513 0.713598 -0.699394 0.0403178 -2.63879 3.71757 -0.352954</i>
                        <i>0.455447 0.487533 -0.744902 0.448925 0.596781 0.66507 0.768787 -0.63731 0.0529365 -2.64354 3.66211 -0.35532</i>
                        <i>0.474535 0.575312 -0.666208 0.381959 0.547301 0.744694 0.793047 -0.607847 0.0399682 -2.62396 3.72018 -0.351931</i>
                        <i>0.49498 0.652837 -0.57341 0.342379 0.459993 0.819258 0.798606 -0.60184 0.00416979 -2.59015 3.75215 -0.34461</i>
                        <i>0.525219 0.686813 -0.502427 0.334945 0.37591 0.864004 0.782277 -0.622077 -0.0326098 -2.55439 3.76035 -0.336605</i>
                        <i>0.56632 0.65802 -0.496279 0.377948 0.32776 0.865869 0.732419 -0.677926 -0.0630804 -2.52672 3.75149 -0.330666</i>
                        <i>0.493501 0.433369 -0.754088 0.638885 0.407678 0.652399 0.590154 -0.803735 -0.0756832 -2.5132 3.7372 -0.328593</i>
                        <i>0.306902 0.220035 -0.925957 0.813459 0.444404 0.375219 0.49406 -0.868384 -0.0426006 -2.51097 3.72243 -0.329704</i>
                        <i>0.351505 0.272385 -0.895684 0.787672 0.431042 0.4402 0.505981 -0.860238 -0.0630364 -2.51352 3.70343 -0.332162</i>
                        <i>0.466404 0.383234 -0.797244 0.684222 0.414919 0.599735 0.56063 -0.825212 -0.0686975 -2.51915 3.68125 -0.335464</i>
                        <i>0.569719 0.480111 -0.667018 0.542106 0.390467 0.744081 0.61769 -0.785512 -0.0378142 -2.5263 3.65677 -0.339122</i>
                        <i>0.615197 0.520716 -0.591935 0.46117 0.371277 0.805901 0.639417 -0.768771 -0.0117306 -2.53333 3.6847 -0.34263</i>
                        <i>0.623865 0.520103 -0.58334 0.458269 0.361171 0.812124 0.633073 -0.773982 -0.0130251 -2.53888 3.70486 -0.345582</i>
