<?xml version="1.0" encoding="ISO-8859-1" ?>
<Animl Version="1">
    <ModellingPackage><![CDATA[Maya.2010]]></ModellingPackage>
    <SrcFile><![CDATA[anims\turrets\mortar\red\~src\mortar_82pm41\mortar_82pm41_idle_crewman_b.mb]]></SrcFile>
    <FramesPerSecond>30</FramesPerSecond>
    <TotalFrames>120</TotalFrames>
    <Skeleton>
        <RefFrame>
            <Name><![CDATA[soldier_ref_frame]]></Name>
            <Exclude>0</Exclude>
            <Additive>0</Additive>
            <IKPriority>0</IKPriority>
            <IKRotLimits>-1e+010 -1e+010 -1e+010 1e+010 1e+010 1e+010</IKRotLimits>
            <IKRotLimitOrder>0</IKRotLimitOrder>
            <KeyFrames count="120">
                <i>1 0 0 0 1 0 0 0 1 -2.11 0.92 -0.96</i>
                <i>1 0 0 0 1 0 0 0 1 -2.11 0.92 -0.96</i>
                <i>1 0 0 0 1 0 0 0 1 -2.11 0.92 -0.96</i>
                <i>1 0 0 0 1 0 0 0 1 -2.11 0.92 -0.96</i>
                <i>1 0 0 0 1 0 0 0 1 -2.11 0.92 -0.96</i>
                <i>1 0 0 0 1 0 0 0 1 -2.11 0.92 -0.96</i>
                <i>1 0 0 0 1 0 0 0 1 -2.11 0.92 -0.96</i>
                <i>1 0 0 0 1 0 0 0 1 -2.11 0.92 -0.96</i>
                <i>1 0 0 0 1 0 0 0 1 -2.11 0.92 -0.96</i>
                <i>1 0 0 0 1 0 0 0 1 -2.11 0.92 -0.96</i>
                <i>1 0 0 0 1 0 0 0 1 -2.11 0.92 -0.96</i>
                <i>1 0 0 0 1 0 0 0 1 -2.11 0.92 -0.96</i>
                <i>1 0 0 0 1 0 0 0 1 -2.11 0.92 -0.96</i>
                <i>1 0 0 0 1 0 0 0 1 -2.11 0.92 -0.96</i>
                <i>1 0 0 0 1 0 0 0 1 -2.11 0.92 -0.96</i>
                <i>1 0 0 0 1 0 0 0 1 -2.11 0.92 -0.96</i>
                <i>1 0 0 0 1 0 0 0 1 -2.11 0.92 -0.96</i>
                <i>1 0 0 0 1 0 0 0 1 -2.11 0.92 -0.96</i>
                <i>1 0 0 0 1 0 0 0 1 -2.11 0.92 -0.96</i>
                <i>1 0 0 0 1 0 0 0 1 -2.11 0.92 -0.96</i>
                <i>1 0 0 0 1 0 0 0 1 -2.11 0.92 -0.96</i>
                <i>1 0 0 0 1 0 0 0 1 -2.11 0.92 -0.96</i>
                <i>1 0 0 0 1 0 0 0 1 -2.11 0.92 -0.96</i>
                <i>1 0 0 0 1 0 0 0 1 -2.11 0.92 -0.96</i>
                <i>1 0 0 0 1 0 0 0 1 -2.11 0.92 -0.96</i>
                <i>1 0 0 0 1 0 0 0 1 -2.11 0.92 -0.96</i>
                <i>1 0 0 0 1 0 0 0 1 -2.11 0.92 -0.96</i>
                <i>1 0 0 0 1 0 0 0 1 -2.11 0.92 -0.96</i>
                <i>1 0 0 0 1 0 0 0 1 -2.11 0.92 -0.96</i>
                <i>1 0 0 0 1 0 0 0 1 -2.11 0.92 -0.96</i>
                <i>1 0 0 0 1 0 0 0 1 -2.11 0.92 -0.96</i>
                <i>1 0 0 0 1 0 0 0 1 -2.11 0.92 -0.96</i>
                <i>1 0 0 0 1 0 0 0 1 -2.11 0.92 -0.96</i>
                <i>1 0 0 0 1 0 0 0 1 -2.11 0.92 -0.96</i>
                <i>1 0 0 0 1 0 0 0 1 -2.11 0.92 -0.96</i>
                <i>1 0 0 0 1 0 0 0 1 -2.11 0.92 -0.96</i>
                <i>1 0 0 0 1 0 0 0 1 -2.11 0.92 -0.96</i>
                <i>1 0 0 0 1 0 0 0 1 -2.11 0.92 -0.96</i>
                <i>1 0 0 0 1 0 0 0 1 -2.11 0.92 -0.96</i>
                <i>1 0 0 0 1 0 0 0 1 -2.11 0.92 -0.96</i>
                <i>1 0 0 0 1 0 0 0 1 -2.11 0.92 -0.96</i>
                <i>1 0 0 0 1 0 0 0 1 -2.11 0.92 -0.96</i>
                <i>1 0 0 0 1 0 0 0 1 -2.11 0.92 -0.96</i>
                <i>1 0 0 0 1 0 0 0 1 -2.11 0.92 -0.96</i>
                <i>1 0 0 0 1 0 0 0 1 -2.11 0.92 -0.96</i>
                <i>1 0 0 0 1 0 0 0 1 -2.11 0.92 -0.96</i>
                <i>1 0 0 0 1 0 0 0 1 -2.11 0.92 -0.96</i>
                <i>1 0 0 0 1 0 0 0 1 -2.11 0.92 -0.96</i>
                <i>1 0 0 0 1 0 0 0 1 -2.11 0.92 -0.96</i>
                <i>1 0 0 0 1 0 0 0 1 -2.11 0.92 -0.96</i>
                <i>1 0 0 0 1 0 0 0 1 -2.11 0.92 -0.96</i>
                <i>1 0 0 0 1 0 0 0 1 -2.11 0.92 -0.96</i>
                <i>1 0 0 0 1 0 0 0 1 -2.11 0.92 -0.96</i>
                <i>1 0 0 0 1 0 0 0 1 -2.11 0.92 -0.96</i>
                <i>1 0 0 0 1 0 0 0 1 -2.11 0.92 -0.96</i>
                <i>1 0 0 0 1 0 0 0 1 -2.11 0.92 -0.96</i>
                <i>1 0 0 0 1 0 0 0 1 -2.11 0.92 -0.96</i>
                <i>1 0 0 0 1 0 0 0 1 -2.11 0.92 -0.96</i>
                <i>1 0 0 0 1 0 0 0 1 -2.11 0.92 -0.96</i>
                <i>1 0 0 0 1 0 0 0 1 -2.11 0.92 -0.96</i>
                <i>1 0 0 0 1 0 0 0 1 -2.11 0.92 -0.96</i>
                <i>1 0 0 0 1 0 0 0 1 -2.11 0.92 -0.96</i>
                <i>1 0 0 0 1 0 0 0 1 -2.11 0.92 -0.96</i>
                <i>1 0 0 0 1 0 0 0 1 -2.11 0.92 -0.96</i>
                <i>1 0 0 0 1 0 0 0 1 -2.11 0.92 -0.96</i>
                <i>1 0 0 0 1 0 0 0 1 -2.11 0.92 -0.96</i>
                <i>1 0 0 0 1 0 0 0 1 -2.11 0.92 -0.96</i>
                <i>1 0 0 0 1 0 0 0 1 -2.11 0.92 -0.96</i>
                <i>1 0 0 0 1 0 0 0 1 -2.11 0.92 -0.96</i>
                <i>1 0 0 0 1 0 0 0 1 -2.11 0.92 -0.96</i>
                <i>1 0 0 0 1 0 0 0 1 -2.11 0.92 -0.96</i>
                <i>1 0 0 0 1 0 0 0 1 -2.11 0.92 -0.96</i>
                <i>1 0 0 0 1 0 0 0 1 -2.11 0.92 -0.96</i>
                <i>1 0 0 0 1 0 0 0 1 -2.11 0.92 -0.96</i>
                <i>1 0 0 0 1 0 0 0 1 -2.11 0.92 -0.96</i>
                <i>1 0 0 0 1 0 0 0 1 -2.11 0.92 -0.96</i>
                <i>1 0 0 0 1 0 0 0 1 -2.11 0.92 -0.96</i>
                <i>1 0 0 0 1 0 0 0 1 -2.11 0.92 -0.96</i>
                <i>1 0 0 0 1 0 0 0 1 -2.11 0.92 -0.96</i>
                <i>1 0 0 0 1 0 0 0 1 -2.11 0.92 -0.96</i>
                <i>1 0 0 0 1 0 0 0 1 -2.11 0.92 -0.96</i>
                <i>1 0 0 0 1 0 0 0 1 -2.11 0.92 -0.96</i>
                <i>1 0 0 0 1 0 0 0 1 -2.11 0.92 -0.96</i>
                <i>1 0 0 0 1 0 0 0 1 -2.11 0.92 -0.96</i>
                <i>1 0 0 0 1 0 0 0 1 -2.11 0.92 -0.96</i>
                <i>1 0 0 0 1 0 0 0 1 -2.11 0.92 -0.96</i>
                <i>1 0 0 0 1 0 0 0 1 -2.11 0.92 -0.96</i>
                <i>1 0 0 0 1 0 0 0 1 -2.11 0.92 -0.96</i>
                <i>1 0 0 0 1 0 0 0 1 -2.11 0.92 -0.96</i>
                <i>1 0 0 0 1 0 0 0 1 -2.11 0.92 -0.96</i>
                <i>1 0 0 0 1 0 0 0 1 -2.11 0.92 -0.96</i>
                <i>1 0 0 0 1 0 0 0 1 -2.11 0.92 -0.96</i>
                <i>1 0 0 0 1 0 0 0 1 -2.11 0.92 -0.96</i>
                <i>1 0 0 0 1 0 0 0 1 -2.11 0.92 -0.96</i>
                <i>1 0 0 0 1 0 0 0 1 -2.11 0.92 -0.96</i>
                <i>1 0 0 0 1 0 0 0 1 -2.11 0.92 -0.96</i>
                <i>1 0 0 0 1 0 0 0 1 -2.11 0.92 -0.96</i>
                <i>1 0 0 0 1 0 0 0 1 -2.11 0.92 -0.96</i>
                <i>1 0 0 0 1 0 0 0 1 -2.11 0.92 -0.96</i>
                <i>1 0 0 0 1 0 0 0 1 -2.11 0.92 -0.96</i>
                <i>1 0 0 0 1 0 0 0 1 -2.11 0.92 -0.96</i>
                <i>1 0 0 0 1 0 0 0 1 -2.11 0.92 -0.96</i>
                <i>1 0 0 0 1 0 0 0 1 -2.11 0.92 -0.96</i>
                <i>1 0 0 0 1 0 0 0 1 -2.11 0.92 -0.96</i>
                <i>1 0 0 0 1 0 0 0 1 -2.11 0.92 -0.96</i>
                <i>1 0 0 0 1 0 0 0 1 -2.11 0.92 -0.96</i>
                <i>1 0 0 0 1 0 0 0 1 -2.11 0.92 -0.96</i>
                <i>1 0 0 0 1 0 0 0 1 -2.11 0.92 -0.96</i>
                <i>1 0 0 0 1 0 0 0 1 -2.11 0.92 -0.96</i>
                <i>1 0 0 0 1 0 0 0 1 -2.11 0.92 -0.96</i>
                <i>1 0 0 0 1 0 0 0 1 -2.11 0.92 -0.96</i>
                <i>1 0 0 0 1 0 0 0 1 -2.11 0.92 -0.96</i>
                <i>1 0 0 0 1 0 0 0 1 -2.11 0.92 -0.96</i>
                <i>1 0 0 0 1 0 0 0 1 -2.11 0.92 -0.96</i>
                <i>1 0 0 0 1 0 0 0 1 -2.11 0.92 -0.96</i>
                <i>1 0 0 0 1 0 0 0 1 -2.11 0.92 -0.96</i>
                <i>1 0 0 0 1 0 0 0 1 -2.11 0.92 -0.96</i>
                <i>1 0 0 0 1 0 0 0 1 -2.11 0.92 -0.96</i>
                <i>1 0 0 0 1 0 0 0 1 -2.11 0.92 -0.96</i>
                <i>1 0 0 0 1 0 0 0 1 -2.11 0.92 -0.96</i>
            </KeyFrames>
        </RefFrame>
        <Bones count="23">
            <i>
                <p>
                    <Name><![CDATA[pelvis]]></Name>
                    <Exclude>0</Exclude>
                    <Additive>0</Additive>
                    <IKPriority>0</IKPriority>
                    <IKRotLimits>-1e+010 -1e+010 -1e+010 1e+010 1e+010 1e+010</IKRotLimits>
                    <IKRotLimitOrder>2</IKRotLimitOrder>
                    <KeyFrames count="120">
                        <i>1 0 0 0 1 0 0 0 1 -2.1601 1.48986 -1.02821</i>
                        <i>1 0 0 0 1 0 0 0 1 -2.1601 1.48986 -1.02821</i>
                        <i>1 0 0 0 1 0 0 0 1 -2.1601 1.48986 -1.02821</i>
                        <i>1 0 0 0 1 0 0 0 1 -2.1601 1.48986 -1.02821</i>
                        <i>1 0 0 0 1 0 0 0 1 -2.1601 1.48986 -1.02821</i>
                        <i>1 0 0 0 1 0 0 0 1 -2.1601 1.48986 -1.02821</i>
                        <i>1 0 0 0 1 0 0 0 1 -2.1601 1.48986 -1.02821</i>
                        <i>1 0 0 0 1 0 0 0 1 -2.1601 1.48986 -1.02821</i>
                        <i>1 0 0 0 1 0 0 0 1 -2.1601 1.48986 -1.02821</i>
                        <i>1 0 0 0 1 0 0 0 1 -2.1601 1.48986 -1.02821</i>
                        <i>1 0 0 0 1 0 0 0 1 -2.1601 1.48986 -1.02821</i>
                        <i>1 0 0 0 1 0 0 0 1 -2.1601 1.48986 -1.02821</i>
                        <i>1 0 0 0 1 0 0 0 1 -2.1601 1.48986 -1.02821</i>
                        <i>1 0 0 0 1 0 0 0 1 -2.1601 1.48986 -1.02821</i>
                        <i>1 0 0 0 1 0 0 0 1 -2.1601 1.48986 -1.02821</i>
                        <i>1 0 0 0 1 0 0 0 1 -2.1601 1.48986 -1.02821</i>
                        <i>1 0 0 0 1 0 0 0 1 -2.1601 1.48986 -1.02821</i>
                        <i>1 0 0 0 1 0 0 0 1 -2.1601 1.48986 -1.02821</i>
                        <i>1 0 0 0 1 0 0 0 1 -2.1601 1.48986 -1.02821</i>
                        <i>1 0 0 0 1 0 0 0 1 -2.1601 1.48986 -1.02821</i>
                        <i>1 0 0 0 1 0 0 0 1 -2.1601 1.48986 -1.02821</i>
                        <i>1 0 0 0 1 0 0 0 1 -2.1601 1.48986 -1.02821</i>
                        <i>1 0 0 0 1 0 0 0 1 -2.1601 1.48986 -1.02821</i>
                        <i>1 0 0 0 1 0 0 0 1 -2.1601 1.48986 -1.02821</i>
                        <i>1 0 0 0 1 0 0 0 1 -2.1601 1.48986 -1.02821</i>
                        <i>1 0 0 0 1 0 0 0 1 -2.1601 1.48986 -1.02821</i>
                        <i>1 0 0 0 1 0 0 0 1 -2.1601 1.48986 -1.02821</i>
                        <i>1 0 0 0 1 0 0 0 1 -2.1601 1.48986 -1.02821</i>
                        <i>1 0 0 0 1 0 0 0 1 -2.1601 1.48986 -1.02821</i>
                        <i>1 0 0 0 1 0 0 0 1 -2.1601 1.48986 -1.02821</i>
                        <i>1 0 0 0 1 0 0 0 1 -2.1601 1.48986 -1.02821</i>
                        <i>1 0 0 0 1 0 0 0 1 -2.1601 1.48986 -1.02821</i>
                        <i>1 0 0 0 1 0 0 0 1 -2.1601 1.48986 -1.02821</i>
                        <i>1 0 0 0 1 0 0 0 1 -2.1601 1.48986 -1.02821</i>
                        <i>1 0 0 0 1 0 0 0 1 -2.1601 1.48986 -1.02821</i>
                        <i>1 0 0 0 1 0 0 0 1 -2.1601 1.48986 -1.02821</i>
                        <i>1 0 0 0 1 0 0 0 1 -2.1601 1.48986 -1.02821</i>
                        <i>1 0 0 0 1 0 0 0 1 -2.1601 1.48986 -1.02821</i>
                        <i>1 0 0 0 1 0 0 0 1 -2.1601 1.48986 -1.02821</i>
                        <i>1 0 0 0 1 0 0 0 1 -2.1601 1.48986 -1.02821</i>
                        <i>1 0 0 0 1 0 0 0 1 -2.1601 1.48986 -1.02821</i>
                        <i>1 0 0 0 1 0 0 0 1 -2.1601 1.48986 -1.02821</i>
                        <i>1 0 0 0 1 0 0 0 1 -2.1601 1.48986 -1.02821</i>
                        <i>1 0 0 0 1 0 0 0 1 -2.1601 1.48986 -1.02821</i>
                        <i>1 0 0 0 1 0 0 0 1 -2.1601 1.48986 -1.02821</i>
                        <i>1 0 0 0 1 0 0 0 1 -2.1601 1.48986 -1.02821</i>
                        <i>1 0 0 0 1 0 0 0 1 -2.1601 1.48986 -1.02821</i>
                        <i>1 0 0 0 1 0 0 0 1 -2.1601 1.48986 -1.02821</i>
                        <i>1 0 0 0 1 0 0 0 1 -2.1601 1.48986 -1.02821</i>
                        <i>1 0 0 0 1 0 0 0 1 -2.1601 1.48986 -1.02821</i>
                        <i>1 0 0 0 1 0 0 0 1 -2.1601 1.48986 -1.02821</i>
                        <i>1 0 0 0 1 0 0 0 1 -2.1601 1.48986 -1.02821</i>
                        <i>1 0 0 0 1 0 0 0 1 -2.1601 1.48986 -1.02821</i>
                        <i>1 0 0 0 1 0 0 0 1 -2.1601 1.48986 -1.02821</i>
                        <i>1 0 0 0 1 0 0 0 1 -2.1601 1.48986 -1.02821</i>
                        <i>1 0 0 0 1 0 0 0 1 -2.1601 1.48986 -1.02821</i>
                        <i>1 0 0 0 1 0 0 0 1 -2.1601 1.48986 -1.02821</i>
                        <i>1 0 0 0 1 0 0 0 1 -2.1601 1.48986 -1.02821</i>
                        <i>1 0 0 0 1 0 0 0 1 -2.1601 1.48986 -1.02821</i>
                        <i>1 0 0 0 1 0 0 0 1 -2.1601 1.48986 -1.02821</i>
                        <i>1 0 0 0 1 0 0 0 1 -2.1601 1.48986 -1.02821</i>
                        <i>1 0 0 0 1 0 0 0 1 -2.1601 1.48986 -1.02821</i>
                        <i>1 0 0 0 1 0 0 0 1 -2.1601 1.48986 -1.02821</i>
                        <i>1 0 0 0 1 0 0 0 1 -2.1601 1.48986 -1.02821</i>
                        <i>1 0 0 0 1 0 0 0 1 -2.1601 1.48986 -1.02821</i>
                        <i>1 0 0 0 1 0 0 0 1 -2.1601 1.48986 -1.02821</i>
                        <i>1 0 0 0 1 0 0 0 1 -2.1601 1.48986 -1.02821</i>
                        <i>1 0 0 0 1 0 0 0 1 -2.1601 1.48986 -1.02821</i>
                        <i>1 0 0 0 1 0 0 0 1 -2.1601 1.48986 -1.02821</i>
                        <i>1 0 0 0 1 0 0 0 1 -2.1601 1.48986 -1.02821</i>
                        <i>1 0 0 0 1 0 0 0 1 -2.1601 1.48986 -1.02821</i>
                        <i>1 0 0 0 1 0 0 0 1 -2.1601 1.48986 -1.02821</i>
                        <i>1 0 0 0 1 0 0 0 1 -2.1601 1.48986 -1.02821</i>
                        <i>1 0 0 0 1 0 0 0 1 -2.1601 1.48986 -1.02821</i>
                        <i>1 0 0 0 1 0 0 0 1 -2.1601 1.48986 -1.02821</i>
                        <i>1 0 0 0 1 0 0 0 1 -2.1601 1.48986 -1.02821</i>
                        <i>1 0 0 0 1 0 0 0 1 -2.1601 1.48986 -1.02821</i>
                        <i>1 0 0 0 1 0 0 0 1 -2.1601 1.48986 -1.02821</i>
                        <i>1 0 0 0 1 0 0 0 1 -2.1601 1.48986 -1.02821</i>
                        <i>1 0 0 0 1 0 0 0 1 -2.1601 1.48986 -1.02821</i>
                        <i>1 0 0 0 1 0 0 0 1 -2.1601 1.48986 -1.02821</i>
                        <i>1 0 0 0 1 0 0 0 1 -2.1601 1.48986 -1.02821</i>
                        <i>1 0 0 0 1 0 0 0 1 -2.1601 1.48986 -1.02821</i>
                        <i>1 0 0 0 1 0 0 0 1 -2.1601 1.48986 -1.02821</i>
                        <i>1 0 0 0 1 0 0 0 1 -2.1601 1.48986 -1.02821</i>
                        <i>1 0 0 0 1 0 0 0 1 -2.1601 1.48986 -1.02821</i>
                        <i>1 0 0 0 1 0 0 0 1 -2.1601 1.48986 -1.02821</i>
                        <i>1 0 0 0 1 0 0 0 1 -2.1601 1.48986 -1.02821</i>
                        <i>1 0 0 0 1 0 0 0 1 -2.1601 1.48986 -1.02821</i>
                        <i>1 0 0 0 1 0 0 0 1 -2.1601 1.48986 -1.02821</i>
                        <i>1 0 0 0 1 0 0 0 1 -2.1601 1.48986 -1.02821</i>
                        <i>1 0 0 0 1 0 0 0 1 -2.1601 1.48986 -1.02821</i>
                        <i>1 0 0 0 1 0 0 0 1 -2.1601 1.48986 -1.02821</i>
                        <i>1 0 0 0 1 0 0 0 1 -2.1601 1.48986 -1.02821</i>
                        <i>1 0 0 0 1 0 0 0 1 -2.1601 1.48986 -1.02821</i>
                        <i>1 0 0 0 1 0 0 0 1 -2.1601 1.48986 -1.02821</i>
                        <i>1 0 0 0 1 0 0 0 1 -2.1601 1.48986 -1.02821</i>
                        <i>1 0 0 0 1 0 0 0 1 -2.1601 1.48986 -1.02821</i>
                        <i>1 0 0 0 1 0 0 0 1 -2.1601 1.48986 -1.02821</i>
                        <i>1 0 0 0 1 0 0 0 1 -2.1601 1.48986 -1.02821</i>
                        <i>1 0 0 0 1 0 0 0 1 -2.1601 1.48986 -1.02821</i>
                        <i>1 0 0 0 1 0 0 0 1 -2.1601 1.48986 -1.02821</i>
                        <i>1 0 0 0 1 0 0 0 1 -2.1601 1.48986 -1.02821</i>
                        <i>1 0 0 0 1 0 0 0 1 -2.1601 1.48986 -1.02821</i>
                        <i>1 0 0 0 1 0 0 0 1 -2.1601 1.48986 -1.02821</i>
                        <i>1 0 0 0 1 0 0 0 1 -2.1601 1.48986 -1.02821</i>
                        <i>1 0 0 0 1 0 0 0 1 -2.1601 1.48986 -1.02821</i>
                        <i>1 0 0 0 1 0 0 0 1 -2.1601 1.48986 -1.02821</i>
                        <i>1 0 0 0 1 0 0 0 1 -2.1601 1.48986 -1.02821</i>
                        <i>1 0 0 0 1 0 0 0 1 -2.1601 1.48986 -1.02821</i>
                        <i>1 0 0 0 1 0 0 0 1 -2.1601 1.48986 -1.02821</i>
                        <i>1 0 0 0 1 0 0 0 1 -2.1601 1.48986 -1.02821</i>
                        <i>1 0 0 0 1 0 0 0 1 -2.1601 1.48986 -1.02821</i>
                        <i>1 0 0 0 1 0 0 0 1 -2.1601 1.48986 -1.02821</i>
                        <i>1 0 0 0 1 0 0 0 1 -2.1601 1.48986 -1.02821</i>
                        <i>1 0 0 0 1 0 0 0 1 -2.1601 1.48986 -1.02821</i>
                        <i>1 0 0 0 1 0 0 0 1 -2.1601 1.48986 -1.02821</i>
                        <i>1 0 0 0 1 0 0 0 1 -2.1601 1.48986 -1.02821</i>
                        <i>1 0 0 0 1 0 0 0 1 -2.1601 1.48986 -1.02821</i>
                        <i>1 0 0 0 1 0 0 0 1 -2.1601 1.48986 -1.02821</i>
                    </KeyFrames>
                </p>
            </i>
            <i>
                <p>
                    <Name><![CDATA[spine0]]></Name>
                    <Exclude>0</Exclude>
                    <Additive>0</Additive>
                    <IKPriority>0</IKPriority>
                    <IKRotLimits>-1e+010 -1e+010 -1e+010 1e+010 1e+010 1e+010</IKRotLimits>
                    <IKRotLimitOrder>0</IKRotLimitOrder>
                    <KeyFrames count="120">
                        <i>0.0749974 0.983145 0.166736 -0.910811 -0.000533124 0.412824 0.405955 -0.182826 0.895419 -2.18418 1.62735 -1.06305</i>
                        <i>0.0751415 0.983053 0.167214 -0.910812 -0.000599738 0.412821 0.405925 -0.18332 0.895331 -2.18418 1.62735 -1.06305</i>
                        <i>0.0755277 0.982805 0.168496 -0.910815 -0.00077879 0.412813 0.405846 -0.184647 0.895095 -2.18418 1.62735 -1.06305</i>
                        <i>0.0760865 0.982441 0.170353 -0.91082 -0.0010394 0.412803 0.405731 -0.18657 0.894748 -2.18418 1.62735 -1.06305</i>
                        <i>0.0767485 0.982005 0.172559 -0.910825 -0.00135045 0.412789 0.405594 -0.188852 0.894331 -2.18418 1.62735 -1.06305</i>
                        <i>0.0774443 0.981539 0.174884 -0.910831 -0.00168014 0.412776 0.405449 -0.191257 0.893886 -2.18418 1.62735 -1.06305</i>
                        <i>0.0781049 0.981089 0.177097 -0.910837 -0.00199575 0.412762 0.40531 -0.193545 0.893456 -2.18418 1.62735 -1.06305</i>
                        <i>0.0786614 0.980706 0.178965 -0.910841 -0.00226366 0.412751 0.405192 -0.195476 0.893089 -2.18418 1.62735 -1.06305</i>
                        <i>0.0790454 0.980438 0.180257 -0.910844 -0.0024496 0.412743 0.405111 -0.196811 0.892833 -2.18418 1.62735 -1.06305</i>
                        <i>0.0791886 0.980338 0.180739 -0.910845 -0.00251917 0.41274 0.40508 -0.19731 0.892737 -2.18418 1.62735 -1.06305</i>
                        <i>0.0769315 0.981454 0.175583 -0.909016 -0.00330307 0.416748 0.409599 -0.191668 0.891903 -2.18519 1.62701 -1.06367</i>
                        <i>0.0725514 0.983403 0.166299 -0.906381 -0.00456745 0.422436 0.416184 -0.181379 0.891006 -2.18684 1.62641 -1.06476</i>
                        <i>0.0671539 0.985439 0.156203 -0.903175 -0.0064889 0.429224 0.423988 -0.169903 0.889588 -2.18874 1.62572 -1.06589</i>
                        <i>0.0621104 0.986992 0.148284 -0.899581 -0.00899355 0.43666 0.432314 -0.160515 0.887321 -2.1905 1.62512 -1.06664</i>
                        <i>0.0590861 0.987658 0.145054 -0.895755 -0.0116788 0.444395 0.440604 -0.15619 0.884009 -2.19171 1.62485 -1.06663</i>
                        <i>0.0594212 0.987208 0.147949 -0.891666 -0.0141397 0.452473 0.448777 -0.158807 0.87942 -2.19214 1.62506 -1.0655</i>
                        <i>0.0624218 0.985961 0.15487 -0.887498 -0.0161497 0.460529 0.456564 -0.166194 0.87403 -2.192 1.62561 -1.06356</i>
                        <i>0.0666496 0.984396 0.162855 -0.883754 -0.0175263 0.467623 0.46318 -0.175091 0.868796 -2.19155 1.62626 -1.06141</i>
                        <i>0.0702616 0.98313 0.168874 -0.880965 -0.0182588 0.47283 0.467937 -0.181994 0.86482 -2.19106 1.62679 -1.05964</i>
                        <i>0.0711332 0.982907 0.169806 -0.87967 -0.0184378 0.475227 0.470234 -0.183178 0.863322 -2.19084 1.62703 -1.05883</i>
                        <i>0.070386 0.983207 0.168373 -0.879818 -0.0183513 0.474956 0.47007 -0.181568 0.863752 -2.19084 1.62702 -1.05888</i>
                        <i>0.0683383 0.984018 0.164431 -0.88024 -0.0181058 0.474183 0.469582 -0.177144 0.864935 -2.19084 1.62699 -1.059</i>
                        <i>0.0652855 0.985196 0.158514 -0.880905 -0.0177228 0.472961 0.468768 -0.170513 0.866707 -2.19084 1.62694 -1.05919</i>
                        <i>0.061526 0.986594 0.151153 -0.881781 -0.0172236 0.471344 0.467629 -0.162284 0.8689 -2.19084 1.62689 -1.05945</i>
                        <i>0.0573561 0.988077 0.14288 -0.882836 -0.0166285 0.469388 0.466167 -0.153062 0.871355 -2.19085 1.62681 -1.05976</i>
                        <i>0.0530664 0.989529 0.134225 -0.884036 -0.0159572 0.467146 0.464397 -0.143449 0.873932 -2.19085 1.62673 -1.06011</i>
                        <i>0.048938 0.990858 0.125716 -0.885351 -0.0152292 0.464675 0.462341 -0.134043 0.876512 -2.19085 1.62664 -1.0605</i>
                        <i>0.0452412 0.991996 0.117884 -0.886748 -0.0144639 0.462027 0.460035 -0.125436 0.878996 -2.19085 1.62654 -1.06092</i>
                        <i>0.0422349 0.992893 0.111261 -0.888196 -0.0136819 0.459261 0.457519 -0.118218 0.881306 -2.19084 1.62644 -1.06135</i>
                        <i>0.0401682 0.993513 0.106385 -0.889666 -0.0129049 0.45643 0.454842 -0.112981 0.883376 -2.19083 1.62633 -1.06179</i>
                        <i>0.0392918 0.99382 0.103816 -0.891126 -0.0121511 0.453593 0.452051 -0.110335 0.885142 -2.19082 1.62622 -1.06224</i>
                        <i>0.0395228 0.993848 0.10346 -0.892549 -0.0114345 0.450806 0.449215 -0.11016 0.886606 -2.19081 1.62612 -1.06267</i>
                        <i>0.0406098 0.993654 0.104889 -0.893905 -0.0107706 0.448127 0.446413 -0.111959 0.887795 -2.1908 1.62601 -1.06309</i>
                        <i>0.0423076 0.993287 0.107663 -0.895167 -0.0101723 0.445614 0.443718 -0.11523 0.888727 -2.19079 1.62592 -1.06348</i>
                        <i>0.0443757 0.992792 0.111328 -0.896308 -0.00964979 0.443327 0.441206 -0.119457 0.88942 -2.19077 1.62583 -1.06383</i>
                        <i>0.0465778 0.992225 0.115411 -0.897301 -0.00921084 0.441324 0.438955 -0.124114 0.889895 -2.19076 1.62575 -1.06415</i>
                        <i>0.0486824 0.991648 0.119432 -0.898119 -0.00886134 0.439663 0.437049 -0.128668 0.890187 -2.19075 1.62568 -1.0644</i>
                        <i>0.0504626 0.991135 0.122905 -0.898737 -0.00860595 0.438404 0.435575 -0.132583 0.890335 -2.19074 1.62563 -1.0646</i>
                        <i>0.0516946 0.990766 0.125343 -0.899127 -0.00844905 0.437606 0.434624 -0.135322 0.890388 -2.19073 1.6256 -1.06472</i>
                        <i>0.0521553 0.990625 0.126263 -0.899263 -0.00839545 0.437327 0.434287 -0.136352 0.890395 -2.19073 1.62559 -1.06476</i>
                        <i>0.0514525 0.991074 0.122982 -0.902803 -0.00648925 0.430006 0.426966 -0.133153 0.894411 -2.19057 1.62526 -1.06611</i>
                        <i>0.0497814 0.992074 0.115374 -0.908009 -0.00315778 0.41894 0.415984 -0.125616 0.900654 -2.19038 1.62465 -1.06837</i>
                        <i>0.0492781 0.993043 0.106948 -0.914186 0.0017163 0.405292 0.402289 -0.117742 0.90791 -2.18995 1.62397 -1.07088</i>
                        <i>0.0513359 0.993514 0.101458 -0.920683 0.00772193 0.390234 0.38692 -0.113444 0.915109 -2.18913 1.62345 -1.07303</i>
                        <i>0.0562346 0.993115 0.102764 -0.926917 0.0136807 0.375017 0.371029 -0.116343 0.921305 -2.1878 1.62335 -1.07416</i>
                        <i>0.0628719 0.991636 0.112716 -0.932418 0.0180918 0.360929 0.355871 -0.127791 0.925757 -2.18589 1.6239 -1.07366</i>
                        <i>0.0692054 0.989346 0.128084 -0.93703 0.0204081 0.348652 0.342324 -0.144147 0.928459 -2.18369 1.6249 -1.07184</i>
                        <i>0.073966 0.986673 0.144931 -0.940703 0.0207841 0.338594 0.331069 -0.161382 0.929704 -2.1816 1.62599 -1.06947</i>
                        <i>0.0767868 0.984267 0.159133 -0.943321 0.0200326 0.331278 0.322878 -0.175551 0.930017 -2.17997 1.62686 -1.06735</i>
                        <i>0.0779078 0.98296 0.166495 -0.944681 0.0194159 0.327414 0.318603 -0.182793 0.930096 -2.17916 1.62727 -1.06632</i>
                        <i>0.0777842 0.982993 0.166354 -0.944644 0.0193212 0.327529 0.318744 -0.182622 0.930081 -2.17917 1.62727 -1.06631</i>
                        <i>0.077438 0.983092 0.165934 -0.944534 0.0190618 0.327861 0.319154 -0.182119 0.930039 -2.17919 1.62727 -1.0663</i>
                        <i>0.0769065 0.98325 0.165241 -0.944355 0.0186752 0.328396 0.31981 -0.181302 0.929974 -2.17922 1.62727 -1.06628</i>
                        <i>0.0762268 0.983464 0.164282 -0.944113 0.0181991 0.32912 0.320688 -0.180188 0.929888 -2.17926 1.62727 -1.06626</i>
                        <i>0.075436 0.983728 0.163062 -0.943809 0.0176714 0.330018 0.321766 -0.178795 0.929784 -2.17932 1.62727 -1.06622</i>
                        <i>0.0745712 0.984037 0.161588 -0.943449 0.0171301 0.331074 0.323021 -0.177138 0.929666 -2.17938 1.62728 -1.06619</i>
                        <i>0.0736694 0.984386 0.159865 -0.943037 0.0166132 0.332274 0.32443 -0.175237 0.929536 -2.17945 1.62728 -1.06614</i>
                        <i>0.0727673 0.98477 0.1579 -0.942575 0.0161587 0.333603 0.325971 -0.173108 0.929396 -2.17953 1.62728 -1.0661</i>
                        <i>0.0719016 0.985184 0.155698 -0.942069 0.0158044 0.335046 0.327622 -0.170768 0.929248 -2.17962 1.62728 -1.06604</i>
                        <i>0.0711084 0.985624 0.153262 -0.941523 0.015588 0.336589 0.329361 -0.168234 0.929096 -2.17971 1.62728 -1.06599</i>
                        <i>0.0704236 0.986084 0.150597 -0.94094 0.0155464 0.338216 0.331168 -0.165521 0.928941 -2.1798 1.62729 -1.06593</i>
                        <i>0.0698821 0.986559 0.147706 -0.940326 0.015716 0.339913 0.333023 -0.162645 0.928785 -2.1799 1.62729 -1.06587</i>
                        <i>0.0695184 0.987046 0.144591 -0.939683 0.0161325 0.341665 0.334907 -0.159622 0.928632 -2.18 1.62729 -1.06581</i>
                        <i>0.0693655 0.98754 0.141254 -0.939017 0.0168302 0.343457 0.336801 -0.156465 0.928485 -2.18011 1.62729 -1.06575</i>
                        <i>0.0694557 0.988036 0.137697 -0.938332 0.0178424 0.345275 0.338687 -0.153187 0.928345 -2.18021 1.6273 -1.06568</i>
                        <i>0.0698282 0.988576 0.133569 -0.937626 0.019331 0.347107 0.34056 -0.149475 0.928265 -2.18032 1.6273 -1.06562</i>
                        <i>0.0704625 0.989187 0.128624 -0.936902 0.0213654 0.348939 0.342417 -0.145096 0.928277 -2.18042 1.6273 -1.06555</i>
                        <i>0.0713 0.989839 0.123027 -0.936166 0.0238389 0.35075 0.344253 -0.140182 0.928353 -2.18052 1.6273 -1.06549</i>
                        <i>0.0722842 0.990505 0.116941 -0.935424 0.0266454 0.352521 0.346058 -0.134871 0.928468 -2.18062 1.6273 -1.06543</i>
                        <i>0.0733624 0.991162 0.110527 -0.934686 0.0296808 0.354232 0.347821 -0.129296 0.928603 -2.18071 1.62731 -1.06537</i>
                        <i>0.0744859 0.991789 0.103952 -0.933961 0.032844 0.355863 0.349527 -0.123594 0.928739 -2.1808 1.62731 -1.06532</i>
                        <i>0.0756114 0.992371 0.0973768 -0.933258 0.0360378 0.357395 0.35116 -0.117901 0.928863 -2.18089 1.62731 -1.06526</i>
                        <i>0.0767007 0.992896 0.0909666 -0.932588 0.0391686 0.358811 0.352699 -0.112355 0.928967 -2.18097 1.62731 -1.06521</i>
                        <i>0.077721 0.993355 0.0848842 -0.931964 0.0421471 0.360093 0.354122 -0.107096 0.929047 -2.18104 1.62731 -1.06517</i>
                        <i>0.0786445 0.993744 0.0792927 -0.931399 0.0448878 0.361222 0.355403 -0.102261 0.929102 -2.1811 1.62731 -1.06513</i>
                        <i>0.079447 0.994062 0.0743547 -0.930905 0.0473085 0.362184 0.356516 -0.0979916 0.929136 -2.18115 1.62731 -1.0651</i>
                        <i>0.0801075 0.994309 0.0702324 -0.930498 0.049329 0.36296 0.35743 -0.094427 0.929154 -2.1812 1.62731 -1.06507</i>
                        <i>0.0806063 0.994486 0.0670876 -0.93019 0.0508709 0.363536 0.358118 -0.0917075 0.929161 -2.18123 1.62731 -1.06505</i>
                        <i>0.0809229 0.994593 0.065082 -0.929996 0.0518555 0.363893 0.358551 -0.0899733 0.929164 -2.18125 1.62731 -1.06504</i>
                        <i>0.0810344 0.99463 0.0643775 -0.929929 0.0522021 0.364016 0.358701 -0.0893643 0.929165 -2.18126 1.62731 -1.06503</i>
                        <i>0.0791219 0.994903 0.0625091 -0.929055 0.0508629 0.366427 0.36138 -0.0870668 0.928345 -2.18176 1.62703 -1.06579</i>
                        <i>0.0756273 0.995237 0.0615092 -0.927919 0.0476617 0.369722 0.36503 -0.0850366 0.927104 -2.18271 1.62643 -1.0674</i>
                        <i>0.0713243 0.995465 0.0629472 -0.926436 0.0427277 0.374019 0.369634 -0.0849933 0.925282 -2.18384 1.6257 -1.06923</i>
                        <i>0.0671363 0.995406 0.0682638 -0.924524 0.0363377 0.379386 0.375163 -0.0885822 0.922717 -2.1849 1.62507 -1.07064</i>
                        <i>0.0641007 0.994836 0.0786912 -0.922142 0.0289025 0.38577 0.381503 -0.0972926 0.919233 -2.1856 1.62481 -1.07106</i>
                        <i>0.0633267 0.99339 0.0957414 -0.919387 0.0207512 0.392806 0.388222 -0.112899 0.914624 -2.18579 1.62505 -1.07017</i>
                        <i>0.0650709 0.990961 0.117315 -0.916566 0.01287 0.399676 0.394553 -0.133535 0.909119 -2.18556 1.62562 -1.06842</i>
                        <i>0.0685979 0.987894 0.139137 -0.914001 0.00633271 0.405663 0.399871 -0.154999 0.903371 -2.18509 1.62632 -1.0663</i>
                        <i>0.0725082 0.984935 0.15699 -0.911991 0.00175508 0.410206 0.403751 -0.172917 0.898379 -2.18457 1.62695 -1.06434</i>
                        <i>0.0749974 0.983145 0.166736 -0.910811 -0.000533124 0.412824 0.405955 -0.182826 0.895419 -2.18418 1.62735 -1.06305</i>
                        <i>0.0760642 0.982397 0.170619 -0.910167 -0.00147158 0.414239 0.407198 -0.1868 0.894033 -2.18393 1.62759 -1.06226</i>
                        <i>0.0769406 0.981794 0.17367 -0.909592 -0.00221516 0.415497 0.408317 -0.189937 0.892861 -2.18367 1.62783 -1.06148</i>
                        <i>0.0776291 0.981329 0.175975 -0.909083 -0.00279322 0.416607 0.40932 -0.192317 0.891892 -2.18339 1.62806 -1.06071</i>
                        <i>0.0781385 0.980993 0.177618 -0.908638 -0.00323012 0.417573 0.41021 -0.194019 0.891114 -2.18312 1.62828 -1.05996</i>
                        <i>0.0784825 0.980772 0.17868 -0.908255 -0.00354604 0.418402 0.410991 -0.195124 0.890513 -2.18285 1.62849 -1.05924</i>
                        <i>0.0786791 0.980654 0.179242 -0.907932 -0.00375776 0.419101 0.411666 -0.195714 0.890071 -2.18258 1.62868 -1.05855</i>
                        <i>0.0787491 0.980622 0.179383 -0.907667 -0.00387945 0.419674 0.412238 -0.195869 0.889773 -2.18232 1.62886 -1.0579</i>
                        <i>0.0787155 0.980662 0.17918 -0.907456 -0.00392342 0.420128 0.412706 -0.195668 0.8896 -2.18207 1.62903 -1.0573</i>
                        <i>0.0786024 0.980757 0.17871 -0.907299 -0.00390064 0.420467 0.413073 -0.195193 0.889534 -2.18184 1.62918 -1.05676</i>
                        <i>0.0784348 0.980891 0.178047 -0.907193 -0.00382148 0.420697 0.413338 -0.194521 0.889558 -2.18163 1.62931 -1.05628</i>
                        <i>0.0782374 0.981048 0.177267 -0.907136 -0.0036961 0.420822 0.413502 -0.193729 0.889655 -2.18145 1.62942 -1.05588</i>
                        <i>0.0780345 0.981213 0.176443 -0.907125 -0.00353497 0.420847 0.413564 -0.192897 0.889807 -2.1813 1.6295 -1.05555</i>
                        <i>0.0778497 0.98137 0.175649 -0.907158 -0.0033492 0.420776 0.413525 -0.192099 0.889997 -2.18118 1.62957 -1.05531</i>
                        <i>0.0777056 0.981505 0.174959 -0.907235 -0.00315085 0.420613 0.413384 -0.191412 0.89021 -2.1811 1.62961 -1.05517</i>
                        <i>0.0776233 0.981602 0.174447 -0.907352 -0.00295325 0.420361 0.413142 -0.190914 0.89043 -2.18107 1.62962 -1.05513</i>
                        <i>0.0775588 0.981686 0.174005 -0.90751 -0.00275105 0.420022 0.412808 -0.190488 0.890676 -2.18108 1.6296 -1.05521</i>
                        <i>0.0774575 0.981786 0.173486 -0.907704 -0.00253298 0.419603 0.4124 -0.189976 0.890975 -2.18114 1.62955 -1.05541</i>
                        <i>0.0773237 0.981899 0.172905 -0.90793 -0.00230448 0.419117 0.411928 -0.189393 0.891317 -2.18126 1.62947 -1.05573</i>
                        <i>0.0771623 0.982022 0.172277 -0.90818 -0.00207093 0.418575 0.411407 -0.188757 0.891692 -2.18141 1.62937 -1.05614</i>
                        <i>0.0769781 0.982151 0.171619 -0.908448 -0.00183764 0.417993 0.410848 -0.188083 0.892092 -2.1816 1.62924 -1.05664</i>
                        <i>0.0767761 0.982284 0.170947 -0.90873 -0.00160974 0.417382 0.410263 -0.187389 0.892508 -2.18182 1.62909 -1.05721</i>
                        <i>0.0765614 0.982418 0.170276 -0.909018 -0.00139214 0.416755 0.409665 -0.186691 0.892928 -2.18206 1.62892 -1.05783</i>
                        <i>0.0763391 0.982548 0.169622 -0.909306 -0.00118957 0.416127 0.409066 -0.186005 0.893346 -2.18232 1.62874 -1.05849</i>
                        <i>0.0761142 0.982673 0.169001 -0.909588 -0.00100644 0.41551 0.40848 -0.185348 0.893751 -2.1826 1.62854 -1.05918</i>
                        <i>0.0758921 0.982788 0.168427 -0.909858 -0.000846951 0.414918 0.407919 -0.184734 0.894134 -2.18287 1.62834 -1.05987</i>
                        <i>0.0756777 0.982893 0.167914 -0.91011 -0.000715006 0.414365 0.407397 -0.184179 0.894486 -2.18315 1.62813 -1.06057</i>
                        <i>0.0754761 0.982983 0.167476 -0.910338 -0.000614287 0.413866 0.406926 -0.183697 0.8948 -2.18343 1.62792 -1.06125</i>
                        <i>0.0752923 0.983057 0.167125 -0.910534 -0.000548243 0.413433 0.40652 -0.183302 0.895066 -2.1837 1.62772 -1.0619</i>
                        <i>0.0751311 0.983111 0.166875 -0.910694 -0.000520143 0.413081 0.406191 -0.183007 0.895275 -2.18395 1.62753 -1.0625</i>
                        <i>0.0749974 0.983145 0.166736 -0.910811 -0.000533124 0.412824 0.405955 -0.182826 0.895419 -2.18418 1.62735 -1.06305</i>
                    </KeyFrames>
                </p>
            </i>
            <i>
                <p>
                    <Name><![CDATA[spine1]]></Name>
                    <Exclude>0</Exclude>
                    <Additive>0</Additive>
                    <IKPriority>0</IKPriority>
                    <IKRotLimits>-1e+010 -1e+010 -1e+010 1e+010 1e+010 1e+010</IKRotLimits>
                    <IKRotLimitOrder>0</IKRotLimitOrder>
                    <KeyFrames count="120">
                        <i>0.197537 0.90879 0.367533 -0.933894 0.060477 0.352398 0.298028 -0.412849 0.86066 -2.17096 1.80086 -1.03365</i>
                        <i>0.197589 0.908709 0.367704 -0.933918 0.0605028 0.352329 0.297917 -0.413022 0.860615 -2.17093 1.80083 -1.03357</i>
                        <i>0.197729 0.908493 0.368162 -0.933983 0.060572 0.352146 0.297622 -0.413486 0.860494 -2.17087 1.80076 -1.03335</i>
                        <i>0.197931 0.908181 0.368822 -0.934076 0.0606717 0.351881 0.297195 -0.414156 0.86032 -2.17077 1.80065 -1.03303</i>
                        <i>0.198168 0.907812 0.369603 -0.934187 0.0607895 0.351568 0.29669 -0.414948 0.860113 -2.17066 1.80053 -1.03265</i>
                        <i>0.198416 0.907425 0.370421 -0.934302 0.0609129 0.35124 0.296161 -0.415777 0.859894 -2.17054 1.8004 -1.03224</i>
                        <i>0.19865 0.907057 0.371195 -0.934411 0.0610296 0.35093 0.29566 -0.416561 0.859687 -2.17043 1.80028 -1.03186</i>
                        <i>0.198847 0.906747 0.371847 -0.934502 0.0611275 0.35067 0.295239 -0.417221 0.859512 -2.17033 1.80018 -1.03154</i>
                        <i>0.198981 0.906533 0.372295 -0.934565 0.0611949 0.35049 0.294948 -0.417675 0.859391 -2.17027 1.8001 -1.03132</i>
                        <i>0.199032 0.906454 0.372463 -0.934588 0.0612201 0.350423 0.29484 -0.417844 0.859346 -2.17024 1.80008 -1.03123</i>
                        <i>0.20399 0.903011 0.378099 -0.930977 0.05949 0.360197 0.302769 -0.425478 0.852818 -2.17161 1.80042 -1.03268</i>
                        <i>0.211973 0.897107 0.387642 -0.925566 0.0569711 0.374276 0.313681 -0.438125 0.842408 -2.17397 1.80109 -1.03526</i>
                        <i>0.2212 0.890451 0.397703 -0.918758 0.0535198 0.391176 0.327038 -0.451921 0.829948 -2.17675 1.8019 -1.038</i>
                        <i>0.229893 0.884884 0.405129 -0.911066 0.0493025 0.409303 0.342212 -0.463195 0.817522 -2.17935 1.80261 -1.04003</i>
                        <i>0.236244 0.882327 0.407047 -0.903126 0.0448093 0.427032 0.358542 -0.468499 0.807438 -2.18107 1.80295 -1.04052</i>
                        <i>0.239178 0.884139 0.401362 -0.895426 0.0409833 0.44332 0.375508 -0.465422 0.801484 -2.18147 1.80276 -1.03891</i>
                        <i>0.239267 0.889291 0.38976 -0.888254 0.038366 0.457747 0.392117 -0.45573 0.799096 -2.18085 1.80218 -1.03587</i>
                        <i>0.237241 0.896085 0.375165 -0.882069 0.0368918 0.469673 0.407026 -0.442348 0.799161 -2.17971 1.80149 -1.03246</i>
                        <i>0.234147 0.902832 0.360652 -0.877359 0.036415 0.478451 0.418827 -0.428449 0.800634 -2.17863 1.80092 -1.02976</i>
                        <i>0.231316 0.907948 0.349462 -0.874615 0.0367587 0.483422 0.426076 -0.417468 0.802608 -2.17828 1.8007 -1.02886</i>
                        <i>0.230661 0.908775 0.347741 -0.874682 0.0370822 0.483277 0.426295 -0.415636 0.803442 -2.17842 1.80075 -1.02915</i>
                        <i>0.228848 0.91105 0.342953 -0.874885 0.038006 0.482837 0.426855 -0.410541 0.805761 -2.17878 1.8009 -1.02997</i>
                        <i>0.226112 0.914447 0.33565 -0.875231 0.0394622 0.482092 0.427602 -0.402778 0.809275 -2.17932 1.80112 -1.0312</i>
                        <i>0.222687 0.918632 0.326382 -0.875728 0.041382 0.481028 0.428382 -0.39294 0.813687 -2.17998 1.80137 -1.03275</i>
                        <i>0.218815 0.923282 0.315707 -0.87638 0.0436928 0.479634 0.429044 -0.381631 0.818706 -2.18071 1.80163 -1.03451</i>
                        <i>0.214736 0.92809 0.304201 -0.87719 0.0463159 0.477905 0.429449 -0.369465 0.824056 -2.18147 1.80187 -1.03638</i>
                        <i>0.210695 0.93278 0.292453 -0.878155 0.0491665 0.475842 0.429477 -0.357076 0.829485 -2.1822 1.80207 -1.03827</i>
                        <i>0.206933 0.937111 0.281074 -0.879271 0.0521537 0.473457 0.429023 -0.345114 0.834767 -2.18285 1.80221 -1.04007</i>
                        <i>0.203688 0.940871 0.27069 -0.880527 0.0551827 0.470772 0.427998 -0.334241 0.839703 -2.18338 1.80227 -1.04168</i>
                        <i>0.20119 0.943881 0.261938 -0.88191 0.0581565 0.467816 0.42633 -0.325125 0.844119 -2.18374 1.80225 -1.04299</i>
                        <i>0.199629 0.946011 0.255365 -0.883407 0.0609994 0.464619 0.423958 -0.318343 0.84789 -2.18389 1.80213 -1.04389</i>
                        <i>0.198929 0.947357 0.250883 -0.884971 0.0636726 0.461273 0.421016 -0.313784 0.851049 -2.18384 1.80193 -1.0444</i>
                        <i>0.198908 0.948077 0.248164 -0.886537 0.0661381 0.457905 0.417717 -0.311088 0.853661 -2.18364 1.80167 -1.04458</i>
                        <i>0.19939 0.948312 0.246876 -0.88805 0.0683636 0.454635 0.414259 -0.309889 0.85578 -2.18333 1.80138 -1.04449</i>
                        <i>0.200206 0.948189 0.246688 -0.889457 0.0703198 0.451577 0.410833 -0.309826 0.857452 -2.18295 1.80109 -1.04421</i>
