<?xml version="1.0" encoding="ISO-8859-1" ?>
<Animl Version="1">
    <ModellingPackage><![CDATA[Maya.2010]]></ModellingPackage>
    <SrcFile><![CDATA[anims\turrets\mortar\red\~src\mortar_m1938\mortar_m1938_idle_random_crewman_a.mb]]></SrcFile>
    <FramesPerSecond>30</FramesPerSecond>
    <TotalFrames>60</TotalFrames>
    <Skeleton>
        <RefFrame>
            <Name><![CDATA[soldier_ref_frame]]></Name>
            <Exclude>0</Exclude>
            <Additive>0</Additive>
            <IKPriority>0</IKPriority>
            <IKRotLimits>-1e+010 -1e+010 -1e+010 1e+010 1e+010 1e+010</IKRotLimits>
            <IKRotLimitOrder>0</IKRotLimitOrder>
            <KeyFrames count="60">
                <i>1 0 0 0 1 0 0 0 1 1.29 0.9 -0.19</i>
                <i>1 0 0 0 1 0 0 0 1 1.29 0.9 -0.19</i>
                <i>1 0 0 0 1 0 0 0 1 1.29 0.9 -0.19</i>
                <i>1 0 0 0 1 0 0 0 1 1.29 0.9 -0.19</i>
                <i>1 0 0 0 1 0 0 0 1 1.29 0.9 -0.19</i>
                <i>1 0 0 0 1 0 0 0 1 1.29 0.9 -0.19</i>
                <i>1 0 0 0 1 0 0 0 1 1.29 0.9 -0.19</i>
                <i>1 0 0 0 1 0 0 0 1 1.29 0.9 -0.19</i>
                <i>1 0 0 0 1 0 0 0 1 1.29 0.9 -0.19</i>
                <i>1 0 0 0 1 0 0 0 1 1.29 0.9 -0.19</i>
                <i>1 0 0 0 1 0 0 0 1 1.29 0.9 -0.19</i>
                <i>1 0 0 0 1 0 0 0 1 1.29 0.9 -0.19</i>
                <i>1 0 0 0 1 0 0 0 1 1.29 0.9 -0.19</i>
                <i>1 0 0 0 1 0 0 0 1 1.29 0.9 -0.19</i>
                <i>1 0 0 0 1 0 0 0 1 1.29 0.9 -0.19</i>
                <i>1 0 0 0 1 0 0 0 1 1.29 0.9 -0.19</i>
                <i>1 0 0 0 1 0 0 0 1 1.29 0.9 -0.19</i>
                <i>1 0 0 0 1 0 0 0 1 1.29 0.9 -0.19</i>
                <i>1 0 0 0 1 0 0 0 1 1.29 0.9 -0.19</i>
                <i>1 0 0 0 1 0 0 0 1 1.29 0.9 -0.19</i>
                <i>1 0 0 0 1 0 0 0 1 1.29 0.9 -0.19</i>
                <i>1 0 0 0 1 0 0 0 1 1.29 0.9 -0.19</i>
                <i>1 0 0 0 1 0 0 0 1 1.29 0.9 -0.19</i>
                <i>1 0 0 0 1 0 0 0 1 1.29 0.9 -0.19</i>
                <i>1 0 0 0 1 0 0 0 1 1.29 0.9 -0.19</i>
                <i>1 0 0 0 1 0 0 0 1 1.29 0.9 -0.19</i>
                <i>1 0 0 0 1 0 0 0 1 1.29 0.9 -0.19</i>
                <i>1 0 0 0 1 0 0 0 1 1.29 0.9 -0.19</i>
                <i>1 0 0 0 1 0 0 0 1 1.29 0.9 -0.19</i>
                <i>1 0 0 0 1 0 0 0 1 1.29 0.9 -0.19</i>
                <i>1 0 0 0 1 0 0 0 1 1.29 0.9 -0.19</i>
                <i>1 0 0 0 1 0 0 0 1 1.29 0.9 -0.19</i>
                <i>1 0 0 0 1 0 0 0 1 1.29 0.9 -0.19</i>
                <i>1 0 0 0 1 0 0 0 1 1.29 0.9 -0.19</i>
                <i>1 0 0 0 1 0 0 0 1 1.29 0.9 -0.19</i>
                <i>1 0 0 0 1 0 0 0 1 1.29 0.9 -0.19</i>
                <i>1 0 0 0 1 0 0 0 1 1.29 0.9 -0.19</i>
                <i>1 0 0 0 1 0 0 0 1 1.29 0.9 -0.19</i>
                <i>1 0 0 0 1 0 0 0 1 1.29 0.9 -0.19</i>
                <i>1 0 0 0 1 0 0 0 1 1.29 0.9 -0.19</i>
                <i>1 0 0 0 1 0 0 0 1 1.29 0.9 -0.19</i>
                <i>1 0 0 0 1 0 0 0 1 1.29 0.9 -0.19</i>
                <i>1 0 0 0 1 0 0 0 1 1.29 0.9 -0.19</i>
                <i>1 0 0 0 1 0 0 0 1 1.29 0.9 -0.19</i>
                <i>1 0 0 0 1 0 0 0 1 1.29 0.9 -0.19</i>
                <i>1 0 0 0 1 0 0 0 1 1.29 0.9 -0.19</i>
                <i>1 0 0 0 1 0 0 0 1 1.29 0.9 -0.19</i>
                <i>1 0 0 0 1 0 0 0 1 1.29 0.9 -0.19</i>
                <i>1 0 0 0 1 0 0 0 1 1.29 0.9 -0.19</i>
                <i>1 0 0 0 1 0 0 0 1 1.29 0.9 -0.19</i>
                <i>1 0 0 0 1 0 0 0 1 1.29 0.9 -0.19</i>
                <i>1 0 0 0 1 0 0 0 1 1.29 0.9 -0.19</i>
                <i>1 0 0 0 1 0 0 0 1 1.29 0.9 -0.19</i>
                <i>1 0 0 0 1 0 0 0 1 1.29 0.9 -0.19</i>
                <i>1 0 0 0 1 0 0 0 1 1.29 0.9 -0.19</i>
                <i>1 0 0 0 1 0 0 0 1 1.29 0.9 -0.19</i>
                <i>1 0 0 0 1 0 0 0 1 1.29 0.9 -0.19</i>
                <i>1 0 0 0 1 0 0 0 1 1.29 0.9 -0.19</i>
                <i>1 0 0 0 1 0 0 0 1 1.29 0.9 -0.19</i>
                <i>1 0 0 0 1 0 0 0 1 1.29 0.9 -0.19</i>
            </KeyFrames>
        </RefFrame>
        <Bones count="23">
            <i>
                <p>
                    <Name><![CDATA[pelvis]]></Name>
                    <Exclude>0</Exclude>
                    <Additive>0</Additive>
                    <IKPriority>0</IKPriority>
                    <IKRotLimits>-1e+010 -1e+010 -1e+010 1e+010 1e+010 1e+010</IKRotLimits>
                    <IKRotLimitOrder>2</IKRotLimitOrder>
                    <KeyFrames count="60">
                        <i>1 0 0 0 1 0 0 0 1 1.39178 2.01888 -0.336095</i>
                        <i>1 0 0 0 1 0 0 0 1 1.36298 2.02627 -0.357818</i>
                        <i>1 0 0 0 1 0 0 0 1 1.33175 2.03401 -0.380375</i>
                        <i>1 0 0 0 1 0 0 0 1 1.30538 2.04105 -0.401264</i>
                        <i>1 0 0 0 1 0 0 0 1 1.29116 2.04636 -0.417984</i>
                        <i>1 0 0 0 1 0 0 0 1 1.29167 2.04957 -0.430705</i>
                        <i>1 0 0 0 1 0 0 0 1 1.30151 2.05145 -0.44128</i>
                        <i>1 0 0 0 1 0 0 0 1 1.31602 2.05266 -0.449727</i>
                        <i>1 0 0 0 1 0 0 0 1 1.33051 2.05386 -0.456062</i>
                        <i>1 0 0 0 1 0 0 0 1 1.3403 2.0557 -0.460304</i>
                        <i>1 0 0 0 1 0 0 0 1 1.341 2.05697 -0.459557</i>
                        <i>1 0 0 0 1 0 0 0 1 1.34277 2.0601 -0.45765</i>
                        <i>1 0 0 0 1 0 0 0 1 1.34517 2.06403 -0.455087</i>
                        <i>1 0 0 0 1 0 0 0 1 1.34773 2.06773 -0.452368</i>
                        <i>1 0 0 0 1 0 0 0 1 1.35 2.07015 -0.449997</i>
                        <i>1 0 0 0 1 0 0 0 1 1.3523 2.07105 -0.447658</i>
                        <i>1 0 0 0 1 0 0 0 1 1.35494 2.07113 -0.445016</i>
                        <i>1 0 0 0 1 0 0 0 1 1.35742 2.07074 -0.442544</i>
                        <i>1 0 0 0 1 0 0 0 1 1.35927 2.07024 -0.440715</i>
                        <i>1 0 0 0 1 0 0 0 1 1.36 2.07 -0.44</i>
                        <i>1 0 0 0 1 0 0 0 1 1.36001 2.06971 -0.440006</i>
                        <i>1 0 0 0 1 0 0 0 1 1.36002 2.06892 -0.440023</i>
                        <i>1 0 0 0 1 0 0 0 1 1.36005 2.06775 -0.440048</i>
                        <i>1 0 0 0 1 0 0 0 1 1.36008 2.06633 -0.440078</i>
                        <i>1 0 0 0 1 0 0 0 1 1.36011 2.06478 -0.440111</i>
                        <i>1 0 0 0 1 0 0 0 1 1.36014 2.06324 -0.440144</i>
                        <i>1 0 0 0 1 0 0 0 1 1.36017 2.06182 -0.440174</i>
                        <i>1 0 0 0 1 0 0 0 1 1.3602 2.06065 -0.440198</i>
                        <i>1 0 0 0 1 0 0 0 1 1.36022 2.05986 -0.440215</i>
                        <i>1 0 0 0 1 0 0 0 1 1.36022 2.05957 -0.440222</i>
                        <i>1 0 0 0 1 0 0 0 1 1.36022 2.05986 -0.440215</i>
                        <i>1 0 0 0 1 0 0 0 1 1.3602 2.06065 -0.440198</i>
                        <i>1 0 0 0 1 0 0 0 1 1.36017 2.06182 -0.440174</i>
                        <i>1 0 0 0 1 0 0 0 1 1.36014 2.06324 -0.440144</i>
                        <i>1 0 0 0 1 0 0 0 1 1.36011 2.06478 -0.440111</i>
                        <i>1 0 0 0 1 0 0 0 1 1.36008 2.06633 -0.440078</i>
                        <i>1 0 0 0 1 0 0 0 1 1.36005 2.06775 -0.440048</i>
                        <i>1 0 0 0 1 0 0 0 1 1.36002 2.06892 -0.440023</i>
                        <i>1 0 0 0 1 0 0 0 1 1.36001 2.06971 -0.440006</i>
                        <i>1 0 0 0 1 0 0 0 1 1.36 2.07 -0.44</i>
                        <i>1 0 0 0 1 0 0 0 1 1.36 2.06999 -0.44</i>
                        <i>1 0 0 0 1 0 0 0 1 1.36 2.06997 -0.440001</i>
                        <i>1 0 0 0 1 0 0 0 1 1.36 2.06993 -0.440001</i>
                        <i>1 0 0 0 1 0 0 0 1 1.36 2.06989 -0.440002</i>
                        <i>1 0 0 0 1 0 0 0 1 1.36 2.06985 -0.440003</i>
                        <i>1 0 0 0 1 0 0 0 1 1.36 2.0698 -0.440004</i>
                        <i>1 0 0 0 1 0 0 0 1 1.36001 2.06976 -0.440005</i>
                        <i>1 0 0 0 1 0 0 0 1 1.36001 2.06973 -0.440006</i>
                        <i>1 0 0 0 1 0 0 0 1 1.36001 2.06971 -0.440006</i>
                        <i>1 0 0 0 1 0 0 0 1 1.36001 2.0697 -0.440006</i>
                        <i>1 0 0 0 1 0 0 0 1 1.35474 2.07112 -0.438707</i>
                        <i>1 0 0 0 1 0 0 0 1 1.34238 2.07418 -0.434967</i>
                        <i>1 0 0 0 1 0 0 0 1 1.32808 2.07713 -0.429029</i>
                        <i>1 0 0 0 1 0 0 0 1 1.31699 2.07816 -0.421134</i>
                        <i>1 0 0 0 1 0 0 0 1 1.31426 2.07552 -0.411521</i>
                        <i>1 0 0 0 1 0 0 0 1 1.32436 2.06647 -0.397028</i>
                        <i>1 0 0 0 1 0 0 0 1 1.34384 2.05222 -0.377493</i>
                        <i>1 0 0 0 1 0 0 0 1 1.36602 2.03683 -0.357663</i>
                        <i>1 0 0 0 1 0 0 0 1 1.38422 2.02436 -0.342282</i>
                        <i>1 0 0 0 1 0 0 0 1 1.39178 2.01888 -0.336095</i>
                    </KeyFrames>
                </p>
            </i>
            <i>
                <p>
                    <Name><![CDATA[spine0]]></Name>
                    <Exclude>0</Exclude>
                    <Additive>0</Additive>
                    <IKPriority>0</IKPriority>
                    <IKRotLimits>-1e+010 -1e+010 -1e+010 1e+010 1e+010 1e+010</IKRotLimits>
                    <IKRotLimitOrder>0</IKRotLimitOrder>
                    <KeyFrames count="60">
                        <i>-0.017199 0.999142 -0.0376821 -0.857641 -0.0341152 -0.513116 -0.513961 0.0234926 0.857491 1.4164 2.15004 -0.389836</i>
                        <i>-0.012204 0.999198 -0.0381306 -0.881702 -0.0287402 -0.470931 -0.471649 0.0278726 0.881346 1.38863 2.15745 -0.411024</i>
                        <i>-0.00801037 0.999199 -0.0392077 -0.904372 -0.0239688 -0.426072 -0.42667 0.0320453 0.903839 1.3587 2.16513 -0.433079</i>
                        <i>-0.00633447 0.999112 -0.0416504 -0.925145 -0.0216649 -0.378996 -0.379562 0.0361319 0.924461 1.33281 2.17201 -0.454108</i>
                        <i>-0.00891245 0.998912 -0.045781 -0.943635 -0.0235503 -0.330149 -0.330868 0.0402581 0.942818 1.31706 2.17717 -0.471953</i>
                        <i>-0.0164979 0.998546 -0.0513122 -0.959239 -0.0302866 -0.28097 -0.282115 0.0445853 0.958344 1.31344 2.18027 -0.486729</i>
                        <i>-0.0274412 0.998002 -0.0569038 -0.971373 -0.04006 -0.234155 -0.235967 0.0488494 0.970532 1.3175 2.18199 -0.499596</i>
                        <i>-0.0396421 0.997329 -0.0613508 -0.980071 -0.0507701 -0.19205 -0.194651 0.0525149 0.979466 1.3257 2.18295 -0.509951</i>
                        <i>-0.0507634 0.996661 -0.063954 -0.985789 -0.0602715 -0.156805 -0.160136 0.0550852 0.985557 1.33455 2.18391 -0.517432</i>
                        <i>-0.0584006 0.996212 -0.064432 -0.98924 -0.0664229 -0.130356 -0.134142 0.0561259 0.989371 1.34063 2.18573 -0.521858</i>
                        <i>-0.0587304 0.996234 -0.0637903 -0.989225 -0.0666633 -0.130344 -0.134106 0.0554478 0.989415 1.34128 2.18712 -0.520851</i>
                        <i>-0.0595927 0.996293 -0.0620319 -0.989186 -0.0672817 -0.130321 -0.134012 0.0535949 0.989529 1.34294 2.19058 -0.518239</i>
                        <i>-0.0607757 0.996383 -0.0593984 -0.989132 -0.0681017 -0.130308 -0.133882 0.0508333 0.989693 1.34517 2.19499 -0.514633</i>
                        <i>-0.0620708 0.996492 -0.0561389 -0.989071 -0.0689505 -0.130322 -0.133735 0.0474362 0.989881 1.34753 2.19926 -0.510643</i>
                        <i>-0.0633024 0.996611 -0.0525239 -0.989013 -0.0696906 -0.130368 -0.133587 0.0436943 0.990073 1.34958 2.20229 -0.506882</i>
                        <i>-0.0643474 0.996731 -0.0488486 -0.988965 -0.0702388 -0.130442 -0.133447 0.039916 0.990252 1.35166 2.20378 -0.503147</i>
                        <i>-0.065142 0.996841 -0.0454275 -0.98893 -0.0705734 -0.130529 -0.133322 0.0364217 0.990403 1.35409 2.20439 -0.499216</i>
                        <i>-0.0656768 0.996932 -0.042585 -0.988908 -0.0707274 -0.13061 -0.133221 0.0335346 0.990519 1.35642 2.20442 -0.495679</i>
                        <i>-0.0659781 0.996993 -0.0406459 -0.988897 -0.0707695 -0.130669 -0.133153 0.0315733 0.990592 1.35815 2.20421 -0.493125</i>
                        <i>-0.0660765 0.997015 -0.0399298 -0.988894 -0.0707724 -0.130692 -0.133127 0.0308507 0.990619 1.35884 2.20407 -0.492143</i>
                        <i>-0.0667202 0.996996 -0.0393348 -0.98866 -0.0713751 -0.132124 -0.134535 0.0300734 0.990452 1.35899 2.20361 -0.492585</i>
                        <i>-0.0680202 0.996961 -0.0379727 -0.988045 -0.0725922 -0.136009 -0.138352 0.0282674 0.98998 1.35943 2.20235 -0.49378</i>
                        <i>-0.0690687 0.996941 -0.0365685 -0.987165 -0.0735904 -0.141735 -0.143992 0.0263097 0.989229 1.36009 2.20048 -0.495528</i>
                        <i>-0.0691789 0.99695 -0.0361309 -0.986121 -0.0738172 -0.148717 -0.150931 0.0253413 0.988219 1.36092 2.19817 -0.497631</i>
                        <i>-0.0679009 0.996974 -0.0378543 -0.984992 -0.0730229 -0.156392 -0.158683 0.026667 0.986969 1.36185 2.19562 -0.499893</i>
                        <i>-0.0646835 0.997026 -0.0418961 -0.98388 -0.0707325 -0.164249 -0.166724 0.0305966 0.985529 1.36283 2.19304 -0.502128</i>
                        <i>-0.0600368 0.997123 -0.046275 -0.982856 -0.0671468 -0.171715 -0.174328 0.0351724 0.984059 1.36375 2.19062 -0.504155</i>
                        <i>-0.0552417 0.997249 -0.049415 -0.981984 -0.06322 -0.178076 -0.18071 0.0386875 0.982775 1.36453 2.18861 -0.505805</i>
                        <i>-0.051595 0.99737 -0.0509058 -0.981365 -0.0600827 -0.182516 -0.185095 0.0405403 0.981884 1.36507 2.18723 -0.506915</i>
                        <i>-0.0501679 0.997424 -0.0512635 -0.981131 -0.0588146 -0.184182 -0.186722 0.0410562 0.981554 1.36527 2.18672 -0.507322</i>
                        <i>-0.0501626 0.997453 -0.0507134 -0.981554 -0.0586154 -0.181979 -0.184488 0.0406494 0.981994 1.36507 2.1871 -0.507172</i>
                        <i>-0.0501325 0.99753 -0.0491967 -0.982677 -0.0580659 -0.175995 -0.178417 0.0395214 0.983161 1.36453 2.18812 -0.506762</i>
                        <i>-0.050044 0.997645 -0.0468994 -0.984268 -0.057231 -0.167156 -0.169447 0.0377964 0.984814 1.36374 2.18961 -0.50615</i>
                        <i>-0.0498589 0.997786 -0.0440116 -0.986096 -0.0561732 -0.156395 -0.158521 0.035602 0.986714 1.3628 2.19143 -0.505394</i>
                        <i>-0.0495509 0.99794 -0.0407488 -0.987955 -0.0549616 -0.14465 -0.146591 0.0330905 0.988644 1.36179 2.19339 -0.504556</i>
                        <i>-0.0491204 0.998094 -0.0373641 -0.989679 -0.0536803 -0.132869 -0.134621 0.0304519 0.990429 1.36081 2.19535 -0.503703</i>
                        <i>-0.0486069 0.998234 -0.0341499 -0.991142 -0.0524357 -0.122014 -0.123589 0.0279167 0.991941 1.35992 2.19715 -0.502906</i>
                        <i>-0.0480926 0.998348 -0.0314309 -0.992261 -0.0513586 -0.113053 -0.11448 0.0257506 0.993092 1.3592 2.19862 -0.50224</i>
                        <i>-0.0476938 0.998425 -0.02955 -0.992975 -0.0505992 -0.106962 -0.108288 0.024241 0.993824 1.35872 2.19962 -0.501784</i>
                        <i>-0.0475364 0.998453 -0.0288499 -0.993229 -0.0503134 -0.104715 -0.106005 0.0236768 0.994084 1.35855 2.19999 -0.501615</i>
                        <i>-0.0481362 0.998415 -0.0291688 -0.992931 -0.051003 -0.107178 -0.108495 0.0238035 0.993812 1.35867 2.20011 -0.501349</i>
                        <i>-0.0497475 0.99831 -0.0300354 -0.992088 -0.0528635 -0.113872 -0.115267 0.024133 0.993041 1.359 2.20043 -0.500627</i>
                        <i>-0.0520786 0.998152 -0.0313158 -0.990754 -0.0555756 -0.123765 -0.125276 0.0245808 0.991817 1.35946 2.20089 -0.499556</i>
                        <i>-0.0548423 0.997954 -0.0328756 -0.988986 -0.0588238 -0.135819 -0.137475 0.0250648 0.990188 1.36 2.20144 -0.498248</i>
                        <i>-0.0577706 0.997731 -0.0345793 -0.986875 -0.0623055 -0.148984 -0.150801 0.0255185 0.988235 1.36055 2.20202 -0.496815</i>
                        <i>-0.060621 0.997501 -0.0362901 -0.984567 -0.0657357 -0.162193 -0.164174 0.0258977 0.986091 1.36106 2.20258 -0.495372</i>
                        <i>-0.0631756 0.997284 -0.0378695 -0.982271 -0.0688457 -0.174367 -0.1765 0.0261824 0.983952 1.36149 2.20308 -0.494039</i>
                        <i>-0.0652355 0.997101 -0.0391761 -0.980253 -0.0713789 -0.184414 -0.186675 0.0263722 0.982068 1.36183 2.20349 -0.492937</i>
                        <i>-0.0666118 0.996974 -0.0400663 -0.978818 -0.0730843 -0.191242 -0.193591 0.0264787 0.980725 1.36204 2.20375 -0.492187</i>
                        <i>-0.0671146 0.996927 -0.040395 -0.978276 -0.07371 -0.193759 -0.196141 0.0265134 0.980217 1.36212 2.20385 -0.49191</i>
                        <i>-0.064213 0.997086 -0.0411835 -0.976641 -0.0712693 -0.202716 -0.205061 0.0272044 0.978371 1.35822 2.20512 -0.490937</i>
                        <i>-0.0563827 0.997452 -0.0437047 -0.972182 -0.0648163 -0.225079 -0.227338 0.0297984 0.97336 1.34923 2.20776 -0.487938</i>
                        <i>-0.0452671 0.99786 -0.0471912 -0.96502 -0.0558912 -0.256148 -0.258238 0.0339453 0.965485 1.33928 2.21011 -0.482762</i>
                        <i>-0.0336567 0.998201 -0.0496163 -0.955 -0.0467587 -0.292896 -0.294689 0.0375256 0.954856 1.33259 2.21051 -0.47532</i>
                        <i>-0.0244881 0.99847 -0.0495766 -0.942004 -0.03965 -0.333251 -0.334707 0.0385407 0.941534 1.33339 2.20742 -0.465665</i>
                        <i>-0.0250074 0.99828 -0.0530194 -0.926013 -0.0431148 -0.375021 -0.376662 0.0397184 0.925499 1.34223 2.19732 -0.454091</i>
                        <i>-0.0222252 0.998518 -0.0496724 -0.907602 -0.0409868 -0.417825 -0.419242 0.0357966 0.907169 1.36321 2.18306 -0.434075</i>
                        <i>-0.019614 0.998796 -0.0449746 -0.887805 -0.0380865 -0.458642 -0.459802 0.0309328 0.887483 1.38749 2.16778 -0.413222</i>
                        <i>-0.0178915 0.999026 -0.0403234 -0.868805 -0.0354937 -0.49388 -0.494831 0.0261969 0.868594 1.4077 2.15544 -0.396719</i>
                        <i>-0.017199 0.999142 -0.0376821 -0.857641 -0.0341152 -0.513116 -0.513961 0.0234926 0.857491 1.4164 2.15004 -0.389836</i>
                    </KeyFrames>
                </p>
            </i>
            <i>
                <p>
                    <Name><![CDATA[spine1]]></Name>
                    <Exclude>0</Exclude>
                    <Additive>0</Additive>
                    <IKPriority>0</IKPriority>
                    <IKRotLimits>-1e+010 -1e+010 -1e+010 1e+010 1e+010 1e+010</IKRotLimits>
                    <IKRotLimitOrder>0</IKRotLimitOrder>
                    <KeyFrames count="60">
                        <i>-0.0690109 0.989493 0.127049 -0.911914 -0.0109269 -0.410236 -0.404538 -0.144168 0.903086 1.41341 2.32394 -0.396408</i>
                        <i>-0.0833178 0.988597 0.125436 -0.933021 -0.0331732 -0.35829 -0.350043 -0.146886 0.925146 1.38651 2.33158 -0.417684</i>
                        <i>-0.100731 0.987097 0.124469 -0.951426 -0.0589883 -0.302172 -0.290931 -0.148861 0.945092 1.35731 2.3396 -0.439942</i>
                        <i>-0.114812 0.9852 0.127278 -0.966473 -0.081158 -0.243605 -0.22967 -0.150979 0.961487 1.33171 2.34692 -0.461419</i>
                        <i>-0.1188 0.983627 0.135515 -0.978543 -0.0928449 -0.183937 -0.168343 -0.154459 0.973552 1.3155 2.35249 -0.480011</i>
                        <i>-0.109174 0.982839 0.148691 -0.988045 -0.0909156 -0.124506 -0.108851 -0.160506 0.981014 1.31055 2.35592 -0.495781</i>
                        <i>-0.0901423 0.982504 0.162973 -0.994509 -0.0800648 -0.0673931 -0.0531656 -0.168153 0.984326 1.31267 2.35794 -0.509657</i>
                        <i>-0.0670013 0.982312 0.174854 -0.997748 -0.0653877 -0.0149798 -0.0032816 -0.175463 0.984481 1.3187 2.3592 -0.520824</i>
                        <i>-0.0455859 0.982226 0.182083 -0.998196 -0.0519179 0.0301593 0.0390766 -0.180379 0.982821 1.32557 2.36039 -0.52879</i>
                        <i>-0.0319144 0.982526 0.18337 -0.996856 -0.044601 0.0654825 0.0725168 -0.180704 0.980861 1.33029 2.36223 -0.533308</i>
                        <i>-0.0320112 0.982949 0.18107 -0.996709 -0.0448934 0.0674995 0.0744774 -0.178314 0.981151 1.33089 2.3635 -0.532178</i>
                        <i>-0.0322595 0.984074 0.174807 -0.99629 -0.0456229 0.0729754 0.0797884 -0.171804 0.981895 1.33242 2.36659 -0.52923</i>
                        <i>-0.0325862 0.985668 0.165521 -0.995624 -0.0465255 0.081048 0.0875873 -0.162155 0.98287 1.33447 2.37049 -0.525123</i>
                        <i>-0.0329184 0.987498 0.154158 -0.994738 -0.0473427 0.0908527 0.0970151 -0.150356 0.98386 1.33664 2.37415 -0.52052</i>
                        <i>-0.033197 0.989355 0.141685 -0.99368 -0.0478811 0.101522 0.107226 -0.13742 0.984692 1.33851 2.37655 -0.516086</i>
                        <i>-0.0333867 0.991069 0.129103 -0.992525 -0.04805 0.112188 0.117389 -0.124392 0.985265 1.34045 2.37744 -0.511674</i>
                        <i>-0.0334806 0.992515 0.117446 -0.991377 -0.0478765 0.121982 0.126692 -0.112349 0.985559 1.34278 2.37753 -0.50712</i>
                        <i>-0.0334989 0.99361 0.107778 -0.990371 -0.0474954 0.13004 0.134328 -0.102384 0.985633 1.34504 2.37716 -0.503068</i>
                        <i>-0.0334807 0.994304 0.101184 -0.989656 -0.0471135 0.135504 0.139499 -0.0956009 0.985596 1.34674 2.37668 -0.500165</i>
                        <i>-0.0334676 0.99455 0.098748 -0.989386 -0.0469477 0.137515 0.141402 -0.0930976 0.985565 1.34741 2.37644 -0.499054</i>
                        <i>-0.0331443 0.994089 0.103387 -0.987809 -0.0483254 0.147982 0.152104 -0.0972221 0.983571 1.34745 2.3761 -0.499399</i>
                        <i>-0.0324885 0.992787 0.115402 -0.983771 -0.05215 0.171683 0.176463 -0.107952 0.97837 1.34764 2.37518 -0.500373</i>
                        <i>-0.032076 0.99075 0.131858 -0.978662 -0.0579225 0.197145 0.202959 -0.12272 0.971467 1.34808 2.37381 -0.5019</i>
                        <i>-0.0328412 0.988182 0.149723 -0.974886 -0.0646875 0.213104 0.220271 -0.138964 0.965489 1.34885 2.37213 -0.503954</i>
                        <i>-0.0360526 0.985467 0.165996 -0.975478 -0.0707914 0.208403 0.217125 -0.154412 0.963853 1.34996 2.37028 -0.506547</i>
                        <i>-0.0431909 0.982795 0.17958 -0.982284 -0.0745816 0.171916 0.182352 -0.168973 0.968605 1.35145 2.3684 -0.509523</i>
                        <i>-0.0533088 0.980125 0.191086 -0.99087 -0.0756497 0.111594 0.123832 -0.183392 0.975209 1.35315 2.36667 -0.512355</i>
                        <i>-0.06392 0.977683 0.200124 -0.996198 -0.0744059 0.0453139 0.059193 -0.196466 0.978722 1.35475 2.36525 -0.514591</i>
                        <i>-0.0723518 0.975852 0.206101 -0.997356 -0.0722031 -0.00825294 0.00682749 -0.206153 0.978496 1.35592 2.36429 -0.515988</i>
                        <i>-0.0757875 0.975131 0.20827 -0.997015 -0.0710253 -0.0302607 -0.0147157 -0.209942 0.977603 1.35637 2.36393 -0.516466</i>
                        <i>-0.0734197 0.97529 0.208374 -0.997258 -0.0698609 -0.0243975 -0.0092374 -0.209594 0.977745 1.35617 2.36427 -0.516216</i>
                        <i>-0.066959 0.975705 0.208605 -0.99774 -0.0666592 -0.0084751 0.00563625 -0.208701 0.977963 1.35564 2.36518 -0.51553</i>
                        <i>-0.0573488 0.976274 0.208806 -0.997974 -0.0618325 0.015004 0.0275591 -0.207523 0.977842 1.35487 2.36653 -0.514501</i>
                        <i>-0.045539 0.976893 0.208821 -0.997493 -0.0558029 0.0435233 0.0541704 -0.206316 0.976985 1.35397 2.36816 -0.513223</i>
                        <i>-0.0325169 0.977473 0.208542 -0.996011 -0.0490381 0.0745473 0.0830945 -0.205286 0.975168 1.35303 2.36994 -0.511798</i>
                        <i>-0.0193223 0.97795 0.207946 -0.993525 -0.0420701 0.105533 0.111955 -0.20456 0.972431 1.35213 2.37172 -0.510337</i>
                        <i>-0.00705072 0.978293 0.207108 -0.990352 -0.0354954 0.13395 0.138394 -0.204166 0.969104 1.35134 2.37335 -0.508964</i>
                        <i>0.00315723 0.978504 0.206204 -0.987097 -0.0299627 0.157296 0.160093 -0.20404 0.965783 1.35073 2.3747 -0.507813</i>
                        <i>0.0101349 0.978609 0.205478 -0.984557 -0.0261498 0.173103 0.174773 -0.204059 0.963231 1.35032 2.37561 -0.507022</i>
                        <i>0.0127157 0.97864 0.205187 -0.983553 -0.0247334 0.178918 0.180171 -0.204088 0.96223 1.35017 2.37595 -0.506728</i>
                        <i>0.0102782 0.979146 0.202899 -0.984474 -0.0256488 0.173646 0.175229 -0.201533 0.96368 1.3502 2.37595 -0.506515</i>
                        <i>0.00371557 0.980477 0.196599 -0.986826 -0.0282043 0.159311 0.161745 -0.194601 0.967455 1.35026 2.37595 -0.505934</i>
                        <i>-0.00580931 0.982327 0.187085 -0.989894 -0.0321587 0.138118 0.141693 -0.184392 0.972586 1.35033 2.37594 -0.505072</i>
                        <i>-0.0171308 0.984389 0.17517 -0.992977 -0.0372614 0.112287 0.117061 -0.172016 0.978114 1.35041 2.37594 -0.504017</i>
                        <i>-0.0291314 0.986399 0.161765 -0.995523 -0.0431881 0.0840707 0.0899136 -0.158591 0.983242 1.35048 2.37593 -0.502859</i>
                        <i>-0.0407823 0.988159 0.147917 -0.997216 -0.0495032 0.0557623 0.0624244 -0.145231 0.987426 1.35053 2.37593 -0.501692</i>
                        <i>-0.051166 0.989549 0.134816 -0.998009 -0.0556476 0.0296838 0.0368757 -0.133029 0.990426 1.35055 2.37592 -0.500613</i>
                        <i>-0.0594764 0.990527 0.123766 -0.998107 -0.0609526 0.00817143 0.0156379 -0.123046 0.992278 1.35055 2.37592 -0.49972</i>
                        <i>-0.064988 0.991105 0.116137 -0.997885 -0.064678 -0.00644003 0.00112879 -0.11631 0.993212 1.35054 2.37592 -0.499113</i>
                        <i>-0.0669921 0.9913 0.113301 -0.997745 -0.0660761 -0.0118253 -0.00423595 -0.113838 0.99349 1.35054 2.37592 -0.498889</i>
                        <i>-0.0709464 0.990948 0.113967 -0.997367 -0.0687551 -0.0230498 -0.0150054 -0.115302 0.993217 1.34714 2.37731 -0.498056</i>
                        <i>-0.0790435 0.990382 0.113555 -0.995925 -0.0734921 -0.0522747 -0.0434265 -0.117224 0.992156 1.33948 2.38027 -0.495505</i>
                        <i>-0.0866639 0.990095 0.110463 -0.992637 -0.0763996 -0.0939949 -0.0846245 -0.117796 0.989425 1.33144 2.383 -0.490949</i>
                        <i>-0.0917076 0.990049 0.106737 -0.986853 -0.0760357 -0.14262 -0.133085 -0.118413 0.984005 1.32676 2.38377 -0.483944</i>
                        <i>-0.0925534 0.990225 0.104347 -0.978412 -0.0709968 -0.194088 -0.184783 -0.120058 0.975419 1.32914 2.38091 -0.474292</i>
                        <i>-0.0701995 0.990135 0.121262 -0.9683 -0.0384236 -0.246818 -0.239724 -0.134745 0.961445 1.33788 2.3713 -0.463347</i>
                        <i>-0.0646226 0.990213 0.123705 -0.954044 -0.0249556 -0.298625 -0.292615 -0.137318 0.946319 1.35935 2.35705 -0.442746</i>
                        <i>-0.0645943 0.990032 0.125155 -0.937715 -0.0173185 -0.346973 -0.341347 -0.139772 0.929487 1.38408 2.34173 -0.421069</i>
                        <i>-0.0669164 0.98972 0.126402 -0.921533 -0.0127412 -0.388091 -0.382491 -0.142453 0.912912 1.40459 2.32936 -0.403753</i>
                        <i>-0.0690109 0.989493 0.127049 -0.911914 -0.0109269 -0.410236 -0.404538 -0.144168 0.903086 1.41341 2.32394 -0.396408</i>
                    </KeyFrames>
                </p>
            </i>
            <i>
                <p>
                    <Name><![CDATA[spine2]]></Name>
                    <Exclude>0</Exclude>
                    <Additive>0</Additive>
                    <IKPriority>0</IKPriority>
                    <IKRotLimits>-1e+010 -1e+010 -1e+010 1e+010 1e+010 1e+010</IKRotLimits>
                    <IKRotLimitOrder>0</IKRotLimitOrder>
                    <KeyFrames count="60">
                        <i>-0.102712 0.96125 0.255828 -0.953593 -0.0219728 -0.300297 -0.283039 -0.274799 0.918898 1.40244 2.48246 -0.375952</i>
                        <i>-0.106652 0.95578 0.274062 -0.969717 -0.039078 -0.241086 -0.219715 -0.291475 0.931003 1.37325 2.49015 -0.39746</i>
                        <i>-0.110334 0.949338 0.294251 -0.982498 -0.0594734 -0.176525 -0.150081 -0.308577 0.939285 1.34123 2.49823 -0.419832</i>
                        <i>-0.108923 0.942062 0.317261 -0.991007 -0.0779572 -0.108752 -0.0777185 -0.326253 0.942082 1.31334 2.50564 -0.440803</i>
                        <i>-0.0978015 0.934227 0.343009 -0.995188 -0.0897285 -0.0393696 -0.00600241 -0.345209 0.938507 1.29645 2.51135 -0.458009</i>
                        <i>-0.0749861 0.926023 0.369944 -0.995238 -0.0926654 0.0302243 0.0622694 -0.365916 0.928562 1.29302 2.515 -0.471596</i>
                        <i>-0.0442777 0.917898 0.394339 -0.991153 -0.0897973 0.0977302 0.125117 -0.386523 0.913754 1.29821 2.51732 -0.483101</i>
                        <i>-0.0106614 0.910633 0.413078 -0.983468 -0.0842285 0.160299 0.180767 -0.40454 0.896477 1.30799 2.51891 -0.492274</i>
                        <i>0.0203052 0.905233 0.424429 -0.973472 -0.0788676 0.214783 0.227902 -0.417531 0.879618 1.31834 2.52039 -0.499007</i>
                        <i>0.0430005 0.902854 0.427791 -0.96311 -0.0763935 0.258038 0.265651 -0.423105 0.866263 1.3253 2.52239 -0.503301</i>
                        <i>0.0435512 0.904505 0.424233 -0.962046 -0.0765319 0.261936 0.269389 -0.41954 0.866843 1.32589 2.5236 -0.502571</i>
                        <i>0.0449862 0.90893 0.414514 -0.959083 -0.0768083 0.272509 0.27953 -0.409812 0.868284 1.3274 2.52655 -0.500709</i>
                        <i>0.0469403 0.9153 0.400027 -0.954512 -0.0769491 0.288072 0.294454 -0.395353 0.870053 1.32942 2.53023 -0.498203</i>
                        <i>0.0490535 0.922782 0.382186 -0.948639 -0.0766896 0.306923 0.312533 -0.377613 0.871626 1.33156 2.53364 -0.495541</i>
                        <i>0.0510258 0.930595 0.362477 -0.94185 -0.0758661 0.327357 0.332136 -0.358103 0.87261 1.33342 2.53576 -0.493218</i>
                        <i>0.0526532 0.938047 0.342483 -0.934652 -0.0744753 0.347678 0.351645 -0.338409 0.872826 1.33536 2.53638 -0.490915</i>
                        <i>0.0538419 0.944565 0.323879 -0.927681 -0.0726957 0.366229 0.369471 -0.320175 0.872341 1.3377 2.53622 -0.488299</i>
                        <i>0.0545987 0.949686 0.308407 -0.921689 -0.0708693 0.381401 0.384068 -0.305079 0.871446 1.33997 2.53565 -0.485843</i>
                        <i>0.0549975 0.953032 0.297835 -0.917496 -0.0694448 0.391637 0.393925 -0.294801 0.870583 1.34169 2.53504 -0.484023</i>
                        <i>0.055121 0.954237 0.293927 -0.915925 -0.0688824 0.395394 0.397546 -0.291009 0.870213 1.34237 2.53475 -0.483311</i>
                        <i>0.0599483 0.953328 0.295927 -0.906562 -0.0720849 0.415871 0.417793 -0.293207 0.859929 1.34247 2.53445 -0.482905</i>
                        <i>0.0707009 0.95097 0.301095 -0.883237 -0.080596 0.461948 0.463566 -0.298598 0.834234 1.34278 2.53363 -0.481927</i>
                        <i>0.0817548 0.947728 0.308429 -0.854504 -0.0926257 0.511119 0.51297 -0.30534 0.802265 1.34331 2.53238 -0.480763</i>
                        <i>0.0875231 0.944136 0.317721 -0.832961 -0.10557 0.543168 0.546366 -0.312189 0.777189 1.34397 2.53085 -0.479864</i>
                        <i>0.0824916 0.940632 0.329252 -0.833726 -0.115862 0.539887 0.545982 -0.319042 0.774671 1.34455 2.52917 -0.479726</i>
                        <i>0.0603146 0.937082 0.34386 -0.867967 -0.120887 0.481684 0.492945 -0.327512 0.806065 1.34483 2.52747 -0.480377</i>
                        <i>0.02478 0.933242 0.358392 -0.917834 -0.12084 0.378126 0.396191 -0.338314 0.853567 1.3448 2.52588 -0.481208</i>
                        <i>-0.0138365 0.929551 0.368434 -0.958937 -0.116727 0.258486 0.283282 -0.349728 0.892996 1.34457 2.52456 -0.481856</i>
                        <i>-0.0447158 0.926733 0.37305 -0.981052 -0.111203 0.158656 0.188516 -0.358887 0.914145 1.34428 2.52364 -0.482195</i>
                        <i>-0.05729 0.925618 0.374098 -0.987195 -0.108399 0.117028 0.148875 -0.362604 0.919975 1.34414 2.5233 -0.482289</i>
                        <i>-0.0527319 0.925665 0.37465 -0.986126 -0.107403 0.12657 0.1574 -0.362778 0.918486 1.34433 2.52362 -0.482031</i>
                        <i>-0.0402961 0.925754 0.375973 -0.982759 -0.104675 0.15241 0.180449 -0.363349 0.914011 1.34488 2.5245 -0.481333</i>
                        <i>-0.0218098 0.925773 0.37745 -0.976558 -0.100596 0.190304 0.214148 -0.364451 0.906265 1.34571 2.52578 -0.480309</i>
                        <i>0.000868983 0.925611 0.378475 -0.967054 -0.0955699 0.23595 0.254568 -0.36621 0.895033 1.34677 2.52734 -0.479074</i>
                        <i>0.0257976 0.925196 0.378612 -0.954273 -0.0900421 0.285053 0.297821 -0.368653 0.880567 1.34798 2.52902 -0.477742</i>
                        <i>0.0509392 0.924522 0.37771 -0.938978 -0.0844901 0.33344 0.340186 -0.371646 0.863801 1.34925 2.53069 -0.476427</i>
                        <i>0.0741876 0.923665 0.37595 -0.922737 -0.0794 0.377164 0.378224 -0.374884 0.84641 1.35048 2.53222 -0.475234</i>
                        <i>0.0934091 0.922785 0.373821 -0.907814 -0.0752386 0.412569 0.408838 -0.377898 0.830689 1.35154 2.53347 -0.474265</i>
                        <i>0.106479 0.922095 0.372025 -0.896903 -0.0724398 0.436255 0.429218 -0.380122 0.819317 1.35227 2.53432 -0.473615</i>
                        <i>0.111298 0.921822 0.37129 -0.892725 -0.0714149 0.444908 0.436642 -0.380977 0.814985 1.35255 2.53463 -0.473377</i>
                        <i>0.107516 0.922589 0.3705 -0.896304 -0.0713095 0.437669 0.430208 -0.379137 0.819253 1.35217 2.53461 -0.473556</i>
                        <i>0.0972463 0.924641 0.368215 -0.905723 -0.0711446 0.417857 0.412564 -0.374136 0.83055 1.35116 2.53456 -0.474051</i>
                        <i>0.0821049 0.927587 0.364474 -0.918799 -0.0712256 0.388247 0.386093 -0.366755 0.846418 1.34968 2.53447 -0.474806</i>
                        <i>0.0637238 0.931033 0.359328 -0.933362 -0.071844 0.351674 0.353236 -0.357793 0.864412 1.34793 2.53434 -0.47576</i>
                        <i>0.043752 0.934609 0.352976 -0.947532 -0.0731653 0.311175 0.316653 -0.34807 0.882371 1.34606 2.53417 -0.476844</i>
                        <i>0.0238418 0.937991 0.345837 -0.959914 -0.0751607 0.270029 0.279279 -0.338412 0.898599 1.34423 2.53398 -0.477974</i>
                        <i>0.00562664 0.940919 0.338585 -0.969683 -0.0775855 0.231723 0.244302 -0.329624 0.911957 1.3426 2.53379 -0.479053</i>
                        <i>-0.00929844 0.943193 0.332114 -0.976551 -0.0800043 0.199868 0.215085 -0.322468 0.92182 1.34128 2.53361 -0.479969</i>
                        <i>-0.0193797 0.944663 0.327469 -0.980599 -0.0818609 0.178115 0.195066 -0.317664 0.927922 1.3404 2.53348 -0.480604</i>
                        <i>-0.0230834 0.945189 0.325705 -0.981964 -0.0825885 0.170076 0.187654 -0.315905 0.930049 1.34008 2.53344 -0.480841</i>
                        <i>-0.0288079 0.945474 0.324421 -0.98405 -0.0838221 0.156905 0.175543 -0.314727 0.932809 1.33604 2.53486 -0.479889</i>
                        <i>-0.0418836 0.946785 0.319131 -0.988983 -0.0846778 0.121422 0.141984 -0.310529 0.9399 1.32707 2.53796 -0.47737</i>
                        <i>-0.0571284 0.949307 0.309117 -0.994177 -0.0824291 0.0694065 0.0913683 -0.303352 0.948488 1.31778 2.54093 -0.473264</i>
                        <i>-0.0713845 0.952256 0.296837 -0.996953 -0.0774999 0.00886954 0.0314509 -0.2953 0.954887 1.31225 2.54196 -0.466815</i>
                        <i>-0.082557 0.95503 0.284784 -0.996098 -0.0701264 -0.0535913 -0.0312104 -0.288097 0.957092 1.31448 2.53929 -0.457521</i>
                        <i>-0.0770485 0.955423 0.28501 -0.992382 -0.0459257 -0.114323 -0.0961371 -0.291647 0.951683 1.32674 2.53013 -0.443799</i>
                        <i>-0.0822881 0.957555 0.276255 -0.984198 -0.0344693 -0.173685 -0.156791 -0.286182 0.94526 1.34909 2.51586 -0.422807</i>
                        <i>-0.0901487 0.959364 0.267382 -0.973076 -0.0276641 -0.228818 -0.212123 -0.28081 0.936029 1.37383 2.50044 -0.400906</i>
                        <i>-0.0980101 0.960678 0.259791 -0.961039 -0.0235701 -0.275406 -0.258453 -0.276662 0.925559 1.39396 2.48795 -0.383397</i>
                        <i>-0.102712 0.96125 0.255828 -0.953593 -0.0219728 -0.300297 -0.283039 -0.274799 0.918898 1.40244 2.48246 -0.375952</i>
                    </KeyFrames>
                </p>
            </i>
            <i>
                <p>
                    <Name><![CDATA[head]]></Name>
                    <Exclude>0</Exclude>
                    <Additive>0</Additive>
                    <IKPriority>0</IKPriority>
                    <IKRotLimits>-1e+010 -1e+010 -1e+010 1e+010 1e+010 1e+010</IKRotLimits>
                    <IKRotLimitOrder>0</IKRotLimitOrder>
                    <KeyFrames count="60">
                        <i>-0.0084423 0.987058 0.160139 -0.738278 0.10186 -0.666762 -0.674444 -0.123856 0.727863 1.38066 2.73532 -0.322709</i>
                        <i>-0.0604924 0.980712 0.185864 -0.591596 0.114751 -0.798026 -0.803962 -0.158231 0.573244 1.35113 2.74177 -0.337965</i>
                        <i>-0.0909936 0.980058 0.176655 -0.407099 0.125283 -0.904751 -0.90884 -0.154243 0.387581 1.31912 2.74832 -0.353447</i>
                        <i>-0.0827434 0.983768 0.159228 -0.237513 0.135705 -0.961858 -0.967854 -0.117406 0.222429 1.29237 2.75398 -0.366998</i>
                        <i>-0.0501768 0.983918 0.171428 -0.142653 0.162823 -0.976288 -0.9885 -0.0734416 0.132189 1.27845 2.75777 -0.376515</i>
                        <i>-0.00971821 0.972586 0.232341 -0.134831 0.228956 -0.964054 -0.990821 -0.0406957 0.12891 1.28005 2.75942 -0.382585</i>
                        <i>0.0393499 0.946377 0.32066 -0.172435 0.322526 -0.930722 -0.984235 -0.0186693 0.17588 1.29168 2.75982 -0.387453</i>
                        <i>0.0982191 0.906916 0.409703 -0.227559 0.421253 -0.877931 -0.968798 -0.00700211 0.247752 1.30844 2.75975 -0.391468</i>
                        <i>0.15914 0.864497 0.47678 -0.277624 0.502634 -0.818709 -0.947417 -0.00207676 0.319994 1.32532 2.76 -0.394907</i>
                        <i>0.203914 0.836962 0.507851 -0.308947 0.547258 -0.777856 -0.928962 0.00171673 0.370171 1.33731 2.76136 -0.397983</i>
                        <i>0.204873 0.839118 0.503893 -0.312487 0.543946 -0.778765 -0.927566 0.0020875 0.373653 1.33801 2.7629 -0.398237</i>
                        <i>0.207364 0.844895 0.493106 -0.322107 0.534923 -0.781092 -0.923714 0.003137 0.383071 1.33981 2.76673 -0.399049</i>
                        <i>0.210741 0.853213 0.477092 -0.336317 0.521541 -0.784146 -0.917867 0.00479758 0.39686 1.3422 2.77167 -0.400501</i>
                        <i>0.214369 0.862995 0.457477 -0.35361 0.505164 -0.787254 -0.910498 0.00699468 0.413455 1.34471 2.77653 -0.402669</i>
                        <i>0.217727 0.873241 0.435942 -0.37246 0.487194 -0.789883 -0.902147 0.00960777 0.431323 1.34684 2.78016 -0.405627</i>
                        <i>0.220468 0.883064 0.414237 -0.391323 0.469088 -0.791722 -0.893454 0.0124488 0.448982 1.34894 2.78219 -0.408624</i>
                        <i>0.222441 0.891714 0.394164 -0.408649 0.452341 -0.792713 -0.88517 0.015257 0.465017 1.35132 2.78324 -0.41089</i>
                        <i>0.223674 0.898565 0.377558 -0.422901 0.438482 -0.793025 -0.878137 0.0177094 0.478081 1.35355 2.78361 -0.41246</i>
                        <i>0.224309 0.903073 0.366256 -0.432559 0.429046 -0.792977 -0.873257 0.0194445 0.486871 1.35521 2.78361 -0.413373</i>
                        <i>0.224502 0.904705 0.362087 -0.436114 0.425563 -0.792907 -0.871438 0.020098 0.490094 1.35586 2.78354 -0.413668</i>
                        <i>0.232857 0.903762 0.359155 -0.441451 0.427295 -0.789012 -0.866544 0.0251772 0.498465 1.35721 2.78316 -0.41293</i>
