<?xml version="1.0" encoding="ISO-8859-1" ?>
<Animl Version="1">
    <ModellingPackage><![CDATA[Maya.2010]]></ModellingPackage>
    <SrcFile><![CDATA[anims\turrets\mortar\red\~src\mortar_m1938\mortar_m1938_reload_high_crewman_b.mb]]></SrcFile>
    <FramesPerSecond>30</FramesPerSecond>
    <TotalFrames>160</TotalFrames>
    <Skeleton>
        <RefFrame>
            <Name><![CDATA[soldier_ref_frame]]></Name>
            <Exclude>0</Exclude>
            <Additive>0</Additive>
            <IKPriority>0</IKPriority>
            <IKRotLimits>-1e+010 -1e+010 -1e+010 1e+010 1e+010 1e+010</IKRotLimits>
            <IKRotLimitOrder>0</IKRotLimitOrder>
            <KeyFrames count="160">
                <i>1 0 0 0 1 0 0 0 1 1.58 0.92 -1.75</i>
                <i>1 0 0 0 1 0 0 0 1 1.58 0.92 -1.75</i>
                <i>1 0 0 0 1 0 0 0 1 1.58 0.92 -1.75</i>
                <i>1 0 0 0 1 0 0 0 1 1.58 0.92 -1.75</i>
                <i>1 0 0 0 1 0 0 0 1 1.58 0.92 -1.75</i>
                <i>1 0 0 0 1 0 0 0 1 1.58 0.92 -1.75</i>
                <i>1 0 0 0 1 0 0 0 1 1.58 0.92 -1.75</i>
                <i>1 0 0 0 1 0 0 0 1 1.58 0.92 -1.75</i>
                <i>1 0 0 0 1 0 0 0 1 1.58 0.92 -1.75</i>
                <i>1 0 0 0 1 0 0 0 1 1.58 0.92 -1.75</i>
                <i>1 0 0 0 1 0 0 0 1 1.58 0.92 -1.75</i>
                <i>1 0 0 0 1 0 0 0 1 1.58 0.92 -1.75</i>
                <i>1 0 0 0 1 0 0 0 1 1.58 0.92 -1.75</i>
                <i>1 0 0 0 1 0 0 0 1 1.58 0.92 -1.75</i>
                <i>1 0 0 0 1 0 0 0 1 1.58 0.92 -1.75</i>
                <i>1 0 0 0 1 0 0 0 1 1.58 0.92 -1.75</i>
                <i>1 0 0 0 1 0 0 0 1 1.58 0.92 -1.75</i>
                <i>1 0 0 0 1 0 0 0 1 1.58 0.92 -1.75</i>
                <i>1 0 0 0 1 0 0 0 1 1.58 0.92 -1.75</i>
                <i>1 0 0 0 1 0 0 0 1 1.58 0.92 -1.75</i>
                <i>1 0 0 0 1 0 0 0 1 1.58 0.92 -1.75</i>
                <i>1 0 0 0 1 0 0 0 1 1.58 0.92 -1.75</i>
                <i>1 0 0 0 1 0 0 0 1 1.58 0.92 -1.75</i>
                <i>1 0 0 0 1 0 0 0 1 1.58 0.92 -1.75</i>
                <i>1 0 0 0 1 0 0 0 1 1.58 0.92 -1.75</i>
                <i>1 0 0 0 1 0 0 0 1 1.58 0.92 -1.75</i>
                <i>1 0 0 0 1 0 0 0 1 1.58 0.92 -1.75</i>
                <i>1 0 0 0 1 0 0 0 1 1.58 0.92 -1.75</i>
                <i>1 0 0 0 1 0 0 0 1 1.58 0.92 -1.75</i>
                <i>1 0 0 0 1 0 0 0 1 1.58 0.92 -1.75</i>
                <i>1 0 0 0 1 0 0 0 1 1.58 0.92 -1.75</i>
                <i>1 0 0 0 1 0 0 0 1 1.58 0.92 -1.75</i>
                <i>1 0 0 0 1 0 0 0 1 1.58 0.92 -1.75</i>
                <i>1 0 0 0 1 0 0 0 1 1.58 0.92 -1.75</i>
                <i>1 0 0 0 1 0 0 0 1 1.58 0.92 -1.75</i>
                <i>1 0 0 0 1 0 0 0 1 1.58 0.92 -1.75</i>
                <i>1 0 0 0 1 0 0 0 1 1.58 0.92 -1.75</i>
                <i>1 0 0 0 1 0 0 0 1 1.58 0.92 -1.75</i>
                <i>1 0 0 0 1 0 0 0 1 1.58 0.92 -1.75</i>
                <i>1 0 0 0 1 0 0 0 1 1.58 0.92 -1.75</i>
                <i>1 0 0 0 1 0 0 0 1 1.58 0.92 -1.75</i>
                <i>1 0 0 0 1 0 0 0 1 1.58 0.92 -1.75</i>
                <i>1 0 0 0 1 0 0 0 1 1.58 0.92 -1.75</i>
                <i>1 0 0 0 1 0 0 0 1 1.58 0.92 -1.75</i>
                <i>1 0 0 0 1 0 0 0 1 1.58 0.92 -1.75</i>
                <i>1 0 0 0 1 0 0 0 1 1.58 0.92 -1.75</i>
                <i>1 0 0 0 1 0 0 0 1 1.58 0.92 -1.75</i>
                <i>1 0 0 0 1 0 0 0 1 1.58 0.92 -1.75</i>
                <i>1 0 0 0 1 0 0 0 1 1.58 0.92 -1.75</i>
                <i>1 0 0 0 1 0 0 0 1 1.58 0.92 -1.75</i>
                <i>1 0 0 0 1 0 0 0 1 1.58 0.92 -1.75</i>
                <i>1 0 0 0 1 0 0 0 1 1.58 0.92 -1.75</i>
                <i>1 0 0 0 1 0 0 0 1 1.58 0.92 -1.75</i>
                <i>1 0 0 0 1 0 0 0 1 1.58 0.92 -1.75</i>
                <i>1 0 0 0 1 0 0 0 1 1.58 0.92 -1.75</i>
                <i>1 0 0 0 1 0 0 0 1 1.58 0.92 -1.75</i>
                <i>1 0 0 0 1 0 0 0 1 1.58 0.92 -1.75</i>
                <i>1 0 0 0 1 0 0 0 1 1.58 0.92 -1.75</i>
                <i>1 0 0 0 1 0 0 0 1 1.58 0.92 -1.75</i>
                <i>1 0 0 0 1 0 0 0 1 1.58 0.92 -1.75</i>
                <i>1 0 0 0 1 0 0 0 1 1.58 0.92 -1.75</i>
                <i>1 0 0 0 1 0 0 0 1 1.58 0.92 -1.75</i>
                <i>1 0 0 0 1 0 0 0 1 1.58 0.92 -1.75</i>
                <i>1 0 0 0 1 0 0 0 1 1.58 0.92 -1.75</i>
                <i>1 0 0 0 1 0 0 0 1 1.58 0.92 -1.75</i>
                <i>1 0 0 0 1 0 0 0 1 1.58 0.92 -1.75</i>
                <i>1 0 0 0 1 0 0 0 1 1.58 0.92 -1.75</i>
                <i>1 0 0 0 1 0 0 0 1 1.58 0.92 -1.75</i>
                <i>1 0 0 0 1 0 0 0 1 1.58 0.92 -1.75</i>
                <i>1 0 0 0 1 0 0 0 1 1.58 0.92 -1.75</i>
                <i>1 0 0 0 1 0 0 0 1 1.58 0.92 -1.75</i>
                <i>1 0 0 0 1 0 0 0 1 1.58 0.92 -1.75</i>
                <i>1 0 0 0 1 0 0 0 1 1.58 0.92 -1.75</i>
                <i>1 0 0 0 1 0 0 0 1 1.58 0.92 -1.75</i>
                <i>1 0 0 0 1 0 0 0 1 1.58 0.92 -1.75</i>
                <i>1 0 0 0 1 0 0 0 1 1.58 0.92 -1.75</i>
                <i>1 0 0 0 1 0 0 0 1 1.58 0.92 -1.75</i>
                <i>1 0 0 0 1 0 0 0 1 1.58 0.92 -1.75</i>
                <i>1 0 0 0 1 0 0 0 1 1.58 0.92 -1.75</i>
                <i>1 0 0 0 1 0 0 0 1 1.58 0.92 -1.75</i>
                <i>1 0 0 0 1 0 0 0 1 1.58 0.92 -1.75</i>
                <i>1 0 0 0 1 0 0 0 1 1.58 0.92 -1.75</i>
                <i>1 0 0 0 1 0 0 0 1 1.58 0.92 -1.75</i>
                <i>1 0 0 0 1 0 0 0 1 1.58 0.92 -1.75</i>
                <i>1 0 0 0 1 0 0 0 1 1.58 0.92 -1.75</i>
                <i>1 0 0 0 1 0 0 0 1 1.58 0.92 -1.75</i>
                <i>1 0 0 0 1 0 0 0 1 1.58 0.92 -1.75</i>
                <i>1 0 0 0 1 0 0 0 1 1.58 0.92 -1.75</i>
                <i>1 0 0 0 1 0 0 0 1 1.58 0.92 -1.75</i>
                <i>1 0 0 0 1 0 0 0 1 1.58 0.92 -1.75</i>
                <i>1 0 0 0 1 0 0 0 1 1.58 0.92 -1.75</i>
                <i>1 0 0 0 1 0 0 0 1 1.58 0.92 -1.75</i>
                <i>1 0 0 0 1 0 0 0 1 1.58 0.92 -1.75</i>
                <i>1 0 0 0 1 0 0 0 1 1.58 0.92 -1.75</i>
                <i>1 0 0 0 1 0 0 0 1 1.58 0.92 -1.75</i>
                <i>1 0 0 0 1 0 0 0 1 1.58 0.92 -1.75</i>
                <i>1 0 0 0 1 0 0 0 1 1.58 0.92 -1.75</i>
                <i>1 0 0 0 1 0 0 0 1 1.58 0.92 -1.75</i>
                <i>1 0 0 0 1 0 0 0 1 1.58 0.92 -1.75</i>
                <i>1 0 0 0 1 0 0 0 1 1.58 0.92 -1.75</i>
                <i>1 0 0 0 1 0 0 0 1 1.58 0.92 -1.75</i>
                <i>1 0 0 0 1 0 0 0 1 1.58 0.92 -1.75</i>
                <i>1 0 0 0 1 0 0 0 1 1.58 0.92 -1.75</i>
                <i>1 0 0 0 1 0 0 0 1 1.58 0.92 -1.75</i>
                <i>1 0 0 0 1 0 0 0 1 1.58 0.92 -1.75</i>
                <i>1 0 0 0 1 0 0 0 1 1.58 0.92 -1.75</i>
                <i>1 0 0 0 1 0 0 0 1 1.58 0.92 -1.75</i>
                <i>1 0 0 0 1 0 0 0 1 1.58 0.92 -1.75</i>
                <i>1 0 0 0 1 0 0 0 1 1.58 0.92 -1.75</i>
                <i>1 0 0 0 1 0 0 0 1 1.58 0.92 -1.75</i>
                <i>1 0 0 0 1 0 0 0 1 1.58 0.92 -1.75</i>
                <i>1 0 0 0 1 0 0 0 1 1.58 0.92 -1.75</i>
                <i>1 0 0 0 1 0 0 0 1 1.58 0.92 -1.75</i>
                <i>1 0 0 0 1 0 0 0 1 1.58 0.92 -1.75</i>
                <i>1 0 0 0 1 0 0 0 1 1.58 0.92 -1.75</i>
                <i>1 0 0 0 1 0 0 0 1 1.58 0.92 -1.75</i>
                <i>1 0 0 0 1 0 0 0 1 1.58 0.92 -1.75</i>
                <i>1 0 0 0 1 0 0 0 1 1.58 0.92 -1.75</i>
                <i>1 0 0 0 1 0 0 0 1 1.58 0.92 -1.75</i>
                <i>1 0 0 0 1 0 0 0 1 1.58 0.92 -1.75</i>
                <i>1 0 0 0 1 0 0 0 1 1.58 0.92 -1.75</i>
                <i>1 0 0 0 1 0 0 0 1 1.58 0.92 -1.75</i>
                <i>1 0 0 0 1 0 0 0 1 1.58 0.92 -1.75</i>
                <i>1 0 0 0 1 0 0 0 1 1.58 0.92 -1.75</i>
                <i>1 0 0 0 1 0 0 0 1 1.58 0.92 -1.75</i>
                <i>1 0 0 0 1 0 0 0 1 1.58 0.92 -1.75</i>
                <i>1 0 0 0 1 0 0 0 1 1.58 0.92 -1.75</i>
                <i>1 0 0 0 1 0 0 0 1 1.58 0.92 -1.75</i>
                <i>1 0 0 0 1 0 0 0 1 1.58 0.92 -1.75</i>
                <i>1 0 0 0 1 0 0 0 1 1.58 0.92 -1.75</i>
                <i>1 0 0 0 1 0 0 0 1 1.58 0.92 -1.75</i>
                <i>1 0 0 0 1 0 0 0 1 1.58 0.92 -1.75</i>
                <i>1 0 0 0 1 0 0 0 1 1.58 0.92 -1.75</i>
                <i>1 0 0 0 1 0 0 0 1 1.58 0.92 -1.75</i>
                <i>1 0 0 0 1 0 0 0 1 1.58 0.92 -1.75</i>
                <i>1 0 0 0 1 0 0 0 1 1.58 0.92 -1.75</i>
                <i>1 0 0 0 1 0 0 0 1 1.58 0.92 -1.75</i>
                <i>1 0 0 0 1 0 0 0 1 1.58 0.92 -1.75</i>
                <i>1 0 0 0 1 0 0 0 1 1.58 0.92 -1.75</i>
                <i>1 0 0 0 1 0 0 0 1 1.58 0.92 -1.75</i>
                <i>1 0 0 0 1 0 0 0 1 1.58 0.92 -1.75</i>
                <i>1 0 0 0 1 0 0 0 1 1.58 0.92 -1.75</i>
                <i>1 0 0 0 1 0 0 0 1 1.58 0.92 -1.75</i>
                <i>1 0 0 0 1 0 0 0 1 1.58 0.92 -1.75</i>
                <i>1 0 0 0 1 0 0 0 1 1.58 0.92 -1.75</i>
                <i>1 0 0 0 1 0 0 0 1 1.58 0.92 -1.75</i>
                <i>1 0 0 0 1 0 0 0 1 1.58 0.92 -1.75</i>
                <i>1 0 0 0 1 0 0 0 1 1.58 0.92 -1.75</i>
                <i>1 0 0 0 1 0 0 0 1 1.58 0.92 -1.75</i>
                <i>1 0 0 0 1 0 0 0 1 1.58 0.92 -1.75</i>
                <i>1 0 0 0 1 0 0 0 1 1.58 0.92 -1.75</i>
                <i>1 0 0 0 1 0 0 0 1 1.58 0.92 -1.75</i>
                <i>1 0 0 0 1 0 0 0 1 1.58 0.92 -1.75</i>
                <i>1 0 0 0 1 0 0 0 1 1.58 0.92 -1.75</i>
                <i>1 0 0 0 1 0 0 0 1 1.58 0.92 -1.75</i>
                <i>1 0 0 0 1 0 0 0 1 1.58 0.92 -1.75</i>
                <i>1 0 0 0 1 0 0 0 1 1.58 0.92 -1.75</i>
                <i>1 0 0 0 1 0 0 0 1 1.58 0.92 -1.75</i>
                <i>1 0 0 0 1 0 0 0 1 1.58 0.92 -1.75</i>
                <i>1 0 0 0 1 0 0 0 1 1.58 0.92 -1.75</i>
            </KeyFrames>
        </RefFrame>
        <Bones count="23">
            <i>
                <p>
                    <Name><![CDATA[pelvis]]></Name>
                    <Exclude>0</Exclude>
                    <Additive>0</Additive>
                    <IKPriority>0</IKPriority>
                    <IKRotLimits>-1e+010 -1e+010 -1e+010 1e+010 1e+010 1e+010</IKRotLimits>
                    <IKRotLimitOrder>2</IKRotLimitOrder>
                    <KeyFrames count="160">
                        <i>1 0 0 0 1 0 0 0 1 1.58187 1.49222 -1.8534</i>
                        <i>1 0 0 0 1 0 0 0 1 1.58552 1.49442 -1.8534</i>
                        <i>1 0 0 0 1 0 0 0 1 1.58966 1.49651 -1.8534</i>
                        <i>1 0 0 0 1 0 0 0 1 1.59405 1.49854 -1.8534</i>
                        <i>1 0 0 0 1 0 0 0 1 1.59843 1.50057 -1.8534</i>
                        <i>1 0 0 0 1 0 0 0 1 1.60258 1.50266 -1.8534</i>
                        <i>1 0 0 0 1 0 0 0 1 1.60623 1.50487 -1.8534</i>
                        <i>1 0 0 0 1 0 0 0 1 1.60914 1.50725 -1.8534</i>
                        <i>1 0 0 0 1 0 0 0 1 1.61106 1.50987 -1.8534</i>
                        <i>1 0 0 0 1 0 0 0 1 1.61176 1.51278 -1.8534</i>
                        <i>1 0 0 0 1 0 0 0 1 1.61176 1.51715 -1.8534</i>
                        <i>1 0 0 0 1 0 0 0 1 1.61176 1.52311 -1.8534</i>
                        <i>1 0 0 0 1 0 0 0 1 1.61176 1.52913 -1.8534</i>
                        <i>1 0 0 0 1 0 0 0 1 1.61176 1.5337 -1.8534</i>
                        <i>1 0 0 0 1 0 0 0 1 1.61176 1.5353 -1.8534</i>
                        <i>1 0 0 0 1 0 0 0 1 1.61176 1.53438 -1.8534</i>
                        <i>1 0 0 0 1 0 0 0 1 1.61176 1.53253 -1.8534</i>
                        <i>1 0 0 0 1 0 0 0 1 1.61176 1.52995 -1.8534</i>
                        <i>1 0 0 0 1 0 0 0 1 1.61176 1.52682 -1.8534</i>
                        <i>1 0 0 0 1 0 0 0 1 1.61176 1.52331 -1.8534</i>
                        <i>1 0 0 0 1 0 0 0 1 1.61176 1.51963 -1.8534</i>
                        <i>1 0 0 0 1 0 0 0 1 1.61176 1.51596 -1.8534</i>
                        <i>1 0 0 0 1 0 0 0 1 1.61176 1.51247 -1.8534</i>
                        <i>1 0 0 0 1 0 0 0 1 1.61176 1.50936 -1.8534</i>
                        <i>1 0 0 0 1 0 0 0 1 1.61176 1.50681 -1.8534</i>
                        <i>1 0 0 0 1 0 0 0 1 1.61176 1.50473 -1.8534</i>
                        <i>1 0 0 0 1 0 0 0 1 1.61176 1.50285 -1.8534</i>
                        <i>1 0 0 0 1 0 0 0 1 1.61176 1.50116 -1.8534</i>
                        <i>1 0 0 0 1 0 0 0 1 1.61176 1.4996 -1.8534</i>
                        <i>1 0 0 0 1 0 0 0 1 1.61176 1.49815 -1.8534</i>
                        <i>1 0 0 0 1 0 0 0 1 1.61176 1.49677 -1.8534</i>
                        <i>1 0 0 0 1 0 0 0 1 1.61176 1.49542 -1.8534</i>
                        <i>1 0 0 0 1 0 0 0 1 1.61176 1.49407 -1.8534</i>
                        <i>1 0 0 0 1 0 0 0 1 1.61176 1.49267 -1.8534</i>
                        <i>1 0 0 0 1 0 0 0 1 1.61176 1.4912 -1.8534</i>
                        <i>1 0 0 0 1 0 0 0 1 1.61176 1.48965 -1.8534</i>
                        <i>1 0 0 0 1 0 0 0 1 1.61176 1.48806 -1.8534</i>
                        <i>1 0 0 0 1 0 0 0 1 1.61176 1.48644 -1.8534</i>
                        <i>1 0 0 0 1 0 0 0 1 1.61176 1.4848 -1.8534</i>
                        <i>1 0 0 0 1 0 0 0 1 1.61176 1.48315 -1.8534</i>
                        <i>1 0 0 0 1 0 0 0 1 1.61176 1.48151 -1.8534</i>
                        <i>1 0 0 0 1 0 0 0 1 1.61176 1.47988 -1.8534</i>
                        <i>1 0 0 0 1 0 0 0 1 1.61176 1.47828 -1.8534</i>
                        <i>1 0 0 0 1 0 0 0 1 1.61176 1.47671 -1.8534</i>
                        <i>1 0 0 0 1 0 0 0 1 1.61176 1.4752 -1.8534</i>
                        <i>1 0 0 0 1 0 0 0 1 1.61176 1.47374 -1.8534</i>
                        <i>1 0 0 0 1 0 0 0 1 1.61176 1.47235 -1.8534</i>
                        <i>1 0 0 0 1 0 0 0 1 1.61176 1.47104 -1.8534</i>
                        <i>1 0 0 0 1 0 0 0 1 1.61176 1.46983 -1.8534</i>
                        <i>1 0 0 0 1 0 0 0 1 1.61176 1.46872 -1.8534</i>
                        <i>1 0 0 0 1 0 0 0 1 1.61291 1.46739 -1.85382</i>
                        <i>1 0 0 0 1 0 0 0 1 1.61585 1.46566 -1.85489</i>
                        <i>1 0 0 0 1 0 0 0 1 1.61981 1.46376 -1.85635</i>
                        <i>1 0 0 0 1 0 0 0 1 1.62404 1.46191 -1.85789</i>
                        <i>1 0 0 0 1 0 0 0 1 1.62777 1.46035 -1.85926</i>
                        <i>1 0 0 0 1 0 0 0 1 1.63025 1.45931 -1.86017</i>
                        <i>1 0 0 0 1 0 0 0 1 1.6307 1.45901 -1.86033</i>
                        <i>1 0 0 0 1 0 0 0 1 1.62836 1.45968 -1.85948</i>
                        <i>1 0 0 0 1 0 0 0 1 1.62248 1.46154 -1.85732</i>
                        <i>1 0 0 0 1 0 0 0 1 1.6123 1.46484 -1.85359</i>
                        <i>1 0 0 0 1 0 0 0 1 1.59488 1.47351 -1.85026</i>
                        <i>1 0 0 0 1 0 0 0 1 1.56923 1.48855 -1.84921</i>
                        <i>1 0 0 0 1 0 0 0 1 1.53746 1.50577 -1.84998</i>
                        <i>1 0 0 0 1 0 0 0 1 1.50165 1.52099 -1.85215</i>
                        <i>1 0 0 0 1 0 0 0 1 1.46392 1.53 -1.85528</i>
                        <i>1 0 0 0 1 0 0 0 1 1.42637 1.53097 -1.85893</i>
                        <i>1 0 0 0 1 0 0 0 1 1.3911 1.52669 -1.86267</i>
                        <i>1 0 0 0 1 0 0 0 1 1.36021 1.51992 -1.86605</i>
                        <i>1 0 0 0 1 0 0 0 1 1.33581 1.51344 -1.86864</i>
                        <i>1 0 0 0 1 0 0 0 1 1.32 1.51 -1.87</i>
                        <i>1 0 0 0 1 0 0 0 1 1.31001 1.50916 -1.87056</i>
                        <i>1 0 0 0 1 0 0 0 1 1.30158 1.50861 -1.87102</i>
                        <i>1 0 0 0 1 0 0 0 1 1.29461 1.50831 -1.87141</i>
                        <i>1 0 0 0 1 0 0 0 1 1.28897 1.50822 -1.87172</i>
                        <i>1 0 0 0 1 0 0 0 1 1.28456 1.50831 -1.87196</i>
                        <i>1 0 0 0 1 0 0 0 1 1.28127 1.50853 -1.87213</i>
                        <i>1 0 0 0 1 0 0 0 1 1.27896 1.50886 -1.87225</i>
                        <i>1 0 0 0 1 0 0 0 1 1.27754 1.50925 -1.87232</i>
                        <i>1 0 0 0 1 0 0 0 1 1.27689 1.50966 -1.87235</i>
                        <i>1 0 0 0 1 0 0 0 1 1.2769 1.51006 -1.87234</i>
                        <i>1 0 0 0 1 0 0 0 1 1.27744 1.51041 -1.8723</i>
                        <i>1 0 0 0 1 0 0 0 1 1.27841 1.51067 -1.87224</i>
                        <i>1 0 0 0 1 0 0 0 1 1.2797 1.51081 -1.87216</i>
                        <i>1 0 0 0 1 0 0 0 1 1.28118 1.51079 -1.87207</i>
                        <i>1 0 0 0 1 0 0 0 1 1.28275 1.51056 -1.87197</i>
                        <i>1 0 0 0 1 0 0 0 1 1.28429 1.51009 -1.87188</i>
                        <i>1 0 0 0 1 0 0 0 1 1.28568 1.50935 -1.8718</i>
                        <i>1 0 0 0 1 0 0 0 1 1.28682 1.5083 -1.87173</i>
                        <i>1 0 0 0 1 0 0 0 1 1.28759 1.5069 -1.87169</i>
                        <i>1 0 0 0 1 0 0 0 1 1.28787 1.5051 -1.87167</i>
                        <i>1 0 0 0 1 0 0 0 1 1.28746 1.49865 -1.87169</i>
                        <i>1 0 0 0 1 0 0 0 1 1.2864 1.48635 -1.87174</i>
                        <i>1 0 0 0 1 0 0 0 1 1.28492 1.47276 -1.87182</i>
                        <i>1 0 0 0 1 0 0 0 1 1.28326 1.46245 -1.87191</i>
                        <i>1 0 0 0 1 0 0 0 1 1.28165 1.46 -1.87199</i>
                        <i>1 0 0 0 1 0 0 0 1 1.28032 1.4644 -1.87206</i>
                        <i>1 0 0 0 1 0 0 0 1 1.27952 1.47127 -1.8721</i>
                        <i>1 0 0 0 1 0 0 0 1 1.27947 1.48006 -1.87211</i>
                        <i>1 0 0 0 1 0 0 0 1 1.28041 1.49023 -1.87206</i>
                        <i>1 0 0 0 1 0 0 0 1 1.28257 1.50124 -1.87194</i>
                        <i>1 0 0 0 1 0 0 0 1 1.2862 1.51255 -1.87176</i>
                        <i>1 0 0 0 1 0 0 0 1 1.29152 1.52363 -1.87148</i>
                        <i>1 0 0 0 1 0 0 0 1 1.29877 1.53392 -1.8711</i>
                        <i>1 0 0 0 1 0 0 0 1 1.30818 1.54289 -1.87061</i>
                        <i>1 0 0 0 1 0 0 0 1 1.32 1.55 -1.87</i>
                        <i>1 0 0 0 1 0 0 0 1 1.33887 1.55528 -1.86902</i>
                        <i>1 0 0 0 1 0 0 0 1 1.36746 1.55864 -1.86753</i>
                        <i>1 0 0 0 1 0 0 0 1 1.40302 1.55936 -1.86569</i>
                        <i>1 0 0 0 1 0 0 0 1 1.44278 1.55672 -1.86362</i>
                        <i>1 0 0 0 1 0 0 0 1 1.48398 1.55 -1.86148</i>
                        <i>1 0 0 0 1 0 0 0 1 1.52388 1.53616 -1.85941</i>
                        <i>1 0 0 0 1 0 0 0 1 1.55971 1.51568 -1.85755</i>
                        <i>1 0 0 0 1 0 0 0 1 1.58871 1.49312 -1.85604</i>
                        <i>1 0 0 0 1 0 0 0 1 1.60814 1.47304 -1.85504</i>
                        <i>1 0 0 0 1 0 0 0 1 1.61523 1.46 -1.85467</i>
                        <i>1 0 0 0 1 0 0 0 1 1.61523 1.45562 -1.85467</i>
                        <i>1 0 0 0 1 0 0 0 1 1.61523 1.45687 -1.85467</i>
                        <i>1 0 0 0 1 0 0 0 1 1.61523 1.46131 -1.85467</i>
                        <i>1 0 0 0 1 0 0 0 1 1.61523 1.4665 -1.85467</i>
                        <i>1 0 0 0 1 0 0 0 1 1.61523 1.47 -1.85467</i>
                        <i>1 0 0 0 1 0 0 0 1 1.61523 1.4718 -1.85467</i>
                        <i>1 0 0 0 1 0 0 0 1 1.61523 1.47351 -1.85467</i>
                        <i>1 0 0 0 1 0 0 0 1 1.61523 1.47518 -1.85467</i>
                        <i>1 0 0 0 1 0 0 0 1 1.61523 1.47682 -1.85467</i>
                        <i>1 0 0 0 1 0 0 0 1 1.61523 1.47847 -1.85467</i>
                        <i>1 0 0 0 1 0 0 0 1 1.61523 1.48014 -1.85467</i>
                        <i>1 0 0 0 1 0 0 0 1 1.61523 1.48187 -1.85467</i>
                        <i>1 0 0 0 1 0 0 0 1 1.61523 1.48368 -1.85467</i>
                        <i>1 0 0 0 1 0 0 0 1 1.61523 1.48561 -1.85467</i>
                        <i>1 0 0 0 1 0 0 0 1 1.61523 1.48767 -1.85467</i>
                        <i>1 0 0 0 1 0 0 0 1 1.61526 1.49008 -1.85468</i>
                        <i>1 0 0 0 1 0 0 0 1 1.61534 1.49294 -1.85471</i>
                        <i>1 0 0 0 1 0 0 0 1 1.61542 1.49609 -1.85474</i>
                        <i>1 0 0 0 1 0 0 0 1 1.61544 1.49937 -1.85475</i>
                        <i>1 0 0 0 1 0 0 0 1 1.61536 1.50261 -1.85472</i>
                        <i>1 0 0 0 1 0 0 0 1 1.61513 1.50566 -1.85463</i>
                        <i>1 0 0 0 1 0 0 0 1 1.6147 1.50837 -1.85448</i>
                        <i>1 0 0 0 1 0 0 0 1 1.61403 1.51056 -1.85423</i>
                        <i>1 0 0 0 1 0 0 0 1 1.61307 1.51208 -1.85388</i>
                        <i>1 0 0 0 1 0 0 0 1 1.61176 1.51278 -1.8534</i>
                        <i>1 0 0 0 1 0 0 0 1 1.60972 1.51239 -1.85296</i>
                        <i>1 0 0 0 1 0 0 0 1 1.60674 1.51093 -1.8527</i>
                        <i>1 0 0 0 1 0 0 0 1 1.60311 1.50867 -1.8526</i>
                        <i>1 0 0 0 1 0 0 0 1 1.59909 1.50587 -1.85261</i>
                        <i>1 0 0 0 1 0 0 0 1 1.59495 1.50278 -1.85272</i>
                        <i>1 0 0 0 1 0 0 0 1 1.59096 1.49967 -1.85287</i>
                        <i>1 0 0 0 1 0 0 0 1 1.58739 1.4968 -1.85305</i>
                        <i>1 0 0 0 1 0 0 0 1 1.5845 1.49443 -1.85322</i>
                        <i>1 0 0 0 1 0 0 0 1 1.58257 1.49281 -1.85335</i>
                        <i>1 0 0 0 1 0 0 0 1 1.58187 1.49222 -1.8534</i>
                        <i>1 0 0 0 1 0 0 0 1 1.58187 1.49222 -1.8534</i>
                        <i>1 0 0 0 1 0 0 0 1 1.58187 1.49222 -1.8534</i>
                        <i>1 0 0 0 1 0 0 0 1 1.58187 1.49222 -1.8534</i>
                        <i>1 0 0 0 1 0 0 0 1 1.58187 1.49222 -1.8534</i>
                        <i>1 0 0 0 1 0 0 0 1 1.58187 1.49222 -1.8534</i>
                        <i>1 0 0 0 1 0 0 0 1 1.58187 1.49222 -1.8534</i>
                        <i>1 0 0 0 1 0 0 0 1 1.58187 1.49222 -1.8534</i>
                        <i>1 0 0 0 1 0 0 0 1 1.58187 1.49222 -1.8534</i>
                        <i>1 0 0 0 1 0 0 0 1 1.58187 1.49222 -1.8534</i>
                        <i>1 0 0 0 1 0 0 0 1 1.58187 1.49222 -1.8534</i>
                    </KeyFrames>
                </p>
            </i>
            <i>
                <p>
                    <Name><![CDATA[spine0]]></Name>
                    <Exclude>0</Exclude>
                    <Additive>0</Additive>
                    <IKPriority>0</IKPriority>
                    <IKRotLimits>-1e+010 -1e+010 -1e+010 1e+010 1e+010 1e+010</IKRotLimits>
                    <IKRotLimitOrder>0</IKRotLimitOrder>
                    <KeyFrames count="160">
                        <i>-0.130072 0.991037 0.0304351 -0.305073 -0.0107958 -0.952268 -0.943404 -0.133148 0.303743 1.64602 1.61647 -1.88719</i>
                        <i>-0.129593 0.991099 0.0304562 -0.304277 -0.0105153 -0.952526 -0.943727 -0.132708 0.302931 1.65078 1.61801 -1.8875</i>
                        <i>-0.130975 0.990891 0.0313085 -0.303259 -0.0099777 -0.952856 -0.943864 -0.134295 0.301804 1.65626 1.61928 -1.88787</i>
                        <i>-0.133508 0.990509 0.0326661 -0.302111 -0.0092839 -0.953228 -0.943878 -0.137132 0.300483 1.6621 1.6204 -1.88827</i>
                        <i>-0.136442 0.990058 0.0341876 -0.300929 -0.00854267 -0.953608 -0.943836 -0.1404 0.299102 1.66794 1.62149 -1.88867</i>
                        <i>-0.13898 0.989658 0.0355121 -0.299824 -0.00787378 -0.953962 -0.943817 -0.143229 0.297818 1.6734 1.62271 -1.88903</i>
                        <i>-0.140281 0.989447 0.0362626 -0.29892 -0.00740743 -0.954249 -0.943911 -0.144703 0.296805 1.67812 1.62419 -1.88932</i>
                        <i>-0.139484 0.989568 0.0360544 -0.298348 -0.00727933 -0.954429 -0.94421 -0.143884 0.296251 1.68176 1.62607 -1.88951</i>
                        <i>-0.135746 0.990142 0.0345103 -0.298236 -0.00762071 -0.954462 -0.94479 -0.139856 0.296331 1.68394 1.62851 -1.88958</i>
                        <i>-0.128294 0.991243 0.0312813 -0.298699 -0.00854392 -0.954309 -0.945685 -0.131775 0.297179 1.68432 1.63164 -1.8895</i>
                        <i>-0.112294 0.993386 0.023955 -0.299877 -0.0108954 -0.953916 -0.947346 -0.114302 0.299117 1.68347 1.6366 -1.88927</i>
                        <i>-0.0894982 0.995902 0.0130139 -0.30158 -0.0146443 -0.953328 -0.949231 -0.0892459 0.301655 1.68225 1.64338 -1.88894</i>
                        <i>-0.0686259 0.99764 0.00230903 -0.303448 -0.0186687 -0.952665 -0.950374 -0.0660782 0.304012 1.68071 1.65041 -1.88852</i>
                        <i>-0.0571137 0.998356 -0.00482046 -0.305223 -0.0220579 -0.952025 -0.950567 -0.0529024 0.305981 1.67891 1.65613 -1.88802</i>
                        <i>-0.0611873 0.998111 -0.00554635 -0.306755 -0.0240923 -0.951484 -0.94982 -0.0565174 0.30765 1.6769 1.65896 -1.88747</i>
                        <i>-0.0756808 0.99713 -0.00192456 -0.308139 -0.0252229 -0.951007 -0.948326 -0.0713799 0.309164 1.67474 1.65932 -1.88687</i>
                        <i>-0.0900765 0.995933 0.0016496 -0.309521 -0.02642 -0.950526 -0.946617 -0.0861307 0.310642 1.67249 1.65875 -1.88623</i>
                        <i>-0.102253 0.994749 0.0042743 -0.310885 -0.0278746 -0.950039 -0.944931 -0.0984733 0.312103 1.67022 1.6574 -1.88559</i>
                        <i>-0.110305 0.993885 0.00508735 -0.312208 -0.0297897 -0.949547 -0.943588 -0.106328 0.313585 1.66798 1.65542 -1.88495</i>
                        <i>-0.114375 0.993429 0.00415349 -0.313435 -0.0321182 -0.949066 -0.942697 -0.109851 0.315049 1.66585 1.65298 -1.88433</i>
                        <i>-0.115461 0.99331 0.00199424 -0.314511 -0.0346537 -0.948621 -0.942206 -0.110156 0.316408 1.6639 1.65023 -1.88377</i>
                        <i>-0.114621 0.993409 -0.000775778 -0.315397 -0.0371315 -0.948233 -0.942012 -0.108443 0.317574 1.66219 1.64734 -1.88327</i>
                        <i>-0.112929 0.993597 -0.00349525 -0.316071 -0.0392582 -0.947923 -0.94199 -0.105943 0.318481 1.66079 1.64447 -1.88286</i>
                        <i>-0.111397 0.993761 -0.00551819 -0.316527 -0.0407439 -0.947708 -0.94202 -0.103825 0.319091 1.65978 1.6418 -1.88256</i>
                        <i>-0.110958 0.993806 -0.00624281 -0.316759 -0.0413186 -0.947606 -0.941994 -0.103167 0.319382 1.65923 1.63949 -1.8824</i>
                        <i>-0.110314 0.993876 -0.00650923 -0.316778 -0.0413665 -0.947597 -0.942063 -0.102471 0.319402 1.65918 1.63742 -1.88238</i>
                        <i>-0.107817 0.994143 -0.00744601 -0.31662 -0.0414357 -0.947647 -0.942405 -0.0998146 0.319233 1.6596 1.63537 -1.88251</i>
                        <i>-0.103864 0.994552 -0.00890389 -0.31631 -0.0415181 -0.947747 -0.942953 -0.0956206 0.318899 1.66042 1.63332 -1.88275</i>
                        <i>-0.0988555 0.995044 -0.0107328 -0.315875 -0.0416057 -0.947888 -0.943637 -0.0903137 0.318422 1.66157 1.63126 -1.88309</i>
                        <i>-0.0931908 0.995566 -0.0127821 -0.315341 -0.04169 -0.948062 -0.944391 -0.0843199 0.317828 1.66298 1.62918 -1.8835</i>
                        <i>-0.0872722 0.996073 -0.0149007 -0.314734 -0.0417613 -0.948261 -0.945159 -0.078067 0.317143 1.66457 1.62705 -1.88396</i>
                        <i>-0.0815042 0.996529 -0.016937 -0.314078 -0.0418081 -0.948476 -0.945892 -0.0719852 0.316395 1.66627 1.62488 -1.88445</i>
                        <i>-0.0762939 0.996909 -0.0187383 -0.313396 -0.0418165 -0.948701 -0.946553 -0.0665076 0.315618 1.66801 1.62266 -1.88496</i>
                        <i>-0.0720522 0.997197 -0.0201508 -0.312712 -0.0417704 -0.948929 -0.947111 -0.062071 0.314845 1.66973 1.62038 -1.88545</i>
                        <i>-0.0691943 0.997382 -0.0210192 -0.312047 -0.0416514 -0.949153 -0.947544 -0.059117 0.314112 1.67136 1.61803 -1.88591</i>
                        <i>-0.0671928 0.997507 -0.0215644 -0.311431 -0.0415018 -0.949362 -0.94789 -0.0570745 0.313443 1.67283 1.61568 -1.88633</i>
                        <i>-0.0652974 0.997621 -0.0220983 -0.310901 -0.0413828 -0.949541 -0.948197 -0.0551322 0.312863 1.67408 1.61338 -1.88668</i>
                        <i>-0.0635928 0.99772 -0.0226005 -0.310486 -0.0413021 -0.94968 -0.948448 -0.0533757 0.312405 1.67505 1.6112 -1.88695</i>
                        <i>-0.0621671 0.9978 -0.0230484 -0.310219 -0.0412669 -0.949769 -0.94863 -0.0518944 0.312101 1.67568 1.60919 -1.88713</i>
                        <i>-0.0611178 0.997856 -0.0234158 -0.310128 -0.0412831 -0.949798 -0.948728 -0.0507877 0.311986 1.67591 1.60741 -1.88719</i>
                        <i>-0.0605321 0.997879 -0.0239379 -0.310188 -0.0416 -0.949765 -0.948746 -0.050066 0.312048 1.6757 1.60584 -1.88731</i>
                        <i>-0.0603723 0.997868 -0.024809 -0.310351 -0.0423875 -0.949676 -0.948703 -0.0496347 0.312248 1.67516 1.6044 -1.88764</i>
                        <i>-0.0605586 0.997828 -0.0259349 -0.310619 -0.0435314 -0.949537 -0.948603 -0.0494468 0.312581 1.67435 1.60307 -1.88812</i>
                        <i>-0.0610071 0.997766 -0.0272217 -0.310992 -0.044916 -0.949351 -0.948452 -0.0494514 0.313038 1.67337 1.60183 -1.88871</i>
                        <i>-0.0616267 0.99769 -0.0285762 -0.311458 -0.0464238 -0.949125 -0.94826 -0.0495912 0.313599 1.6723 1.60065 -1.88936</i>
                        <i>-0.0623178 0.997608 -0.0299071 -0.311985 -0.047935 -0.948877 -0.948041 -0.0498013 0.314226 1.67123 1.59951 -1.89</i>
                        <i>-0.0629725 0.99753 -0.0311255 -0.312525 -0.0493288 -0.948628 -0.94782 -0.05001 0.31486 1.67024 1.59841 -1.8906</i>
                        <i>-0.0634773 0.997465 -0.0321454 -0.31301 -0.0504839 -0.948407 -0.947626 -0.0501405 0.315421 1.66942 1.59734 -1.89109</i>
                        <i>-0.0637152 0.997426 -0.0328832 -0.313359 -0.0512792 -0.948249 -0.947495 -0.0501137 0.31582 1.66887 1.59627 -1.89142</i>
                        <i>-0.0635697 0.997423 -0.0332556 -0.313495 -0.0515942 -0.948187 -0.94746 -0.0498505 0.315967 1.66867 1.59522 -1.89154</i>
                        <i>-0.0632305 0.99745 -0.0331075 -0.313366 -0.0513392 -0.948244 -0.947525 -0.0495831 0.315813 1.67002 1.59383 -1.89184</i>
                        <i>-0.0629298 0.997491 -0.0324404 -0.313022 -0.0505918 -0.948397 -0.947659 -0.0495279 0.315421 1.67351 1.59195 -1.89258</i>
                        <i>-0.062624 0.997543 -0.0314029 -0.312545 -0.0494836 -0.948613 -0.947837 -0.0495911 0.314876 1.67829 1.58982 -1.89354</i>
                        <i>-0.0622711 0.997604 -0.0301438 -0.312013 -0.048147 -0.948857 -0.948035 -0.0496811 0.314264 1.68351 1.58769 -1.8945</i>
                        <i>-0.0618227 0.997671 -0.0288146 -0.311498 -0.0467143 -0.949098 -0.948234 -0.0497001 0.31366 1.68832 1.5858 -1.89522</i>
                        <i>-0.0612169 0.997744 -0.0275707 -0.31105 -0.045317 -0.949312 -0.94842 -0.0495381 0.313123 1.69186 1.58442 -1.89548</i>
                        <i>-0.0603744 0.997822 -0.026572 -0.310703 -0.0440842 -0.949484 -0.948588 -0.0490686 0.312688 1.69329 1.5838 -1.89505</i>
                        <i>-0.0591978 0.997908 -0.0259823 -0.310469 -0.0431422 -0.949604 -0.948738 -0.0481477 0.312373 1.69176 1.58419 -1.89372</i>
                        <i>-0.0575756 0.998003 -0.0259687 -0.31035 -0.0426153 -0.949667 -0.948877 -0.0466183 0.312184 1.68643 1.58587 -1.89124</i>
                        <i>-0.0553927 0.998108 -0.0266996 -0.310344 -0.0426272 -0.949668 -0.949009 -0.0443186 0.312118 1.67644 1.5891 -1.88739</i>
                        <i>-0.0547125 0.998127 -0.0273625 -0.308564 -0.0429635 -0.950233 -0.949629 -0.0435466 0.310337 1.65731 1.59869 -1.88384</i>
                        <i>-0.0594227 0.997889 -0.0262116 -0.303658 -0.0430835 -0.951807 -0.950926 -0.0485995 0.305577 1.62742 1.61588 -1.88233</i>
                        <i>-0.0718451 0.997168 -0.0222381 -0.296469 -0.0426378 -0.95409 -0.952336 -0.0619538 0.298693 1.59021 1.63553 -1.88277</i>
                        <i>-0.0936655 0.995494 -0.014756 -0.287494 -0.0412339 -0.956895 -0.953192 -0.0853857 0.29006 1.54927 1.65269 -1.88505</i>
                        <i>-0.126507 0.991961 -0.00310541 -0.27651 -0.0382701 -0.960249 -0.952648 -0.12062 0.279128 1.50828 1.66264 -1.88898</i>
                        <i>-0.179024 0.983711 0.0161975 -0.262476 -0.0318879 -0.964412 -0.948186 -0.176905 0.263909 1.4708 1.66317 -1.89422</i>
                        <i>-0.251809 0.96681 0.0432525 -0.245609 -0.0206125 -0.96915 -0.936092 -0.254664 0.242647 1.43829 1.6574 -1.89987</i>
                        <i>-0.332226 0.940371 0.0729871 -0.227749 -0.00488763 -0.973708 -0.91529 -0.340114 0.215793 1.41128 1.64866 -1.90496</i>
                        <i>-0.400687 0.910963 0.097961 -0.212576 0.011569 -0.977076 -0.891214 -0.412325 0.189014 1.39029 1.64041 -1.90872</i>
                        <i>-0.433182 0.894612 0.109648 -0.206076 0.0201244 -0.978329 -0.877432 -0.44639 0.175641 1.37586 1.63623 -1.9105</i>
                        <i>-0.437656 0.89227 0.110955 -0.206657 0.0202764 -0.978203 -0.875071 -0.451047 0.17552 1.36548 1.63558 -1.91101</i>
                        <i>-0.438201 0.892069 0.110423 -0.208069 0.0188447 -0.977933 -0.874464 -0.451506 0.177354 1.3562 1.63544 -1.91137</i>
                        <i>-0.435403 0.893698 0.108295 -0.210137 0.0160773 -0.97754 -0.875367 -0.448381 0.180799 1.34797 1.63572 -1.91159</i>
                        <i>-0.429876 0.896782 0.104829 -0.21267 0.0122672 -0.977047 -0.877484 -0.442303 0.185445 1.34074 1.63635 -1.9117</i>
                        <i>-0.422238 0.900919 0.100299 -0.215484 0.00771923 -0.976477 -0.880501 -0.433919 0.190874 1.33447 1.63725 -1.9117</i>
                        <i>-0.413111 0.905713 0.0949902 -0.218411 0.00272557 -0.975853 -0.884102 -0.423882 0.196692 1.32912 1.63833 -1.91161</i>
                        <i>-0.403096 0.910801 0.0891894 -0.22131 -0.00245009 -0.9752 -0.887995 -0.412837 0.202557 1.32462 1.63953 -1.91145</i>
                        <i>-0.392768 0.915868 0.083182 -0.224067 -0.00757958 -0.974544 -0.891923 -0.401408 0.208193 1.32095 1.64077 -1.91123</i>
                        <i>-0.382661 0.920654 0.0772433 -0.226595 -0.0124707 -0.973909 -0.89567 -0.39018 0.213388 1.31805 1.64199 -1.91096</i>
                        <i>-0.373262 0.924956 0.0716325 -0.228826 -0.0169637 -0.97332 -0.899063 -0.379695 0.217986 1.3159 1.64313 -1.91067</i>
                        <i>-0.365009 0.92862 0.0665896 -0.230708 -0.0209257 -0.972798 -0.901966 -0.370443 0.221878 1.31444 1.64412 -1.91037</i>
                        <i>-0.358297 0.931524 0.0623349 -0.232199 -0.0242438 -0.972366 -0.904272 -0.36287 0.224985 1.31365 1.64492 -1.91009</i>
                        <i>-0.353494 0.93357 0.0590712 -0.233259 -0.0268173 -0.972045 -0.905888 -0.357391 0.227243 1.31348 1.64548 -1.90984</i>
                        <i>-0.350959 0.934655 0.0569899 -0.233847 -0.0285505 -0.971854 -0.906721 -0.354407 0.228587 1.3139 1.64574 -1.90964</i>
                        <i>-0.351066 0.934658 0.0562787 -0.233913 -0.0293438 -0.971815 -0.906663 -0.354335 0.228931 1.31487 1.64567 -1.90952</i>
                        <i>-0.354166 0.933438 0.0570998 -0.233629 -0.0291919 -0.971888 -0.90553 -0.35755 0.228417 1.31616 1.64526 -1.90945</i>
                        <i>-0.360022 0.931057 0.059313 -0.233221 -0.0282599 -0.972013 -0.903323 -0.363779 0.227316 1.3175 1.64451 -1.90942</i>
                        <i>-0.368171 0.927644 0.0626591 -0.232709 -0.0266922 -0.97218 -0.900165 -0.37251 0.225699 1.31876 1.64341 -1.90944</i>
                        <i>-0.378151 0.923325 0.0668796 -0.23211 -0.0246288 -0.972378 -0.896173 -0.383229 0.223626 1.31979 1.64191 -1.90949</i>
                        <i>-0.389463 0.918246 0.0717122 -0.231439 -0.0222054 -0.972596 -0.89149 -0.395387 0.221167 1.32048 1.63999 -1.90959</i>
                        <i>-0.401998 0.912402 0.0769491 -0.23051 -0.0195119 -0.972874 -0.886151 -0.408831 0.218162 1.32056 1.63339 -1.90971</i>
                        <i>-0.415471 0.905871 0.0823538 -0.229183 -0.0166346 -0.973241 -0.880261 -0.423228 0.214521 1.31999 1.62095 -1.90983</i>
                        <i>-0.429049 0.89902 0.0876317 -0.227549 -0.0136876 -0.97367 -0.87415 -0.437693 0.210444 1.31903 1.60722 -1.90994</i>
                        <i>-0.441871 0.892296 0.0925126 -0.2257 -0.0107705 -0.974137 -0.868222 -0.451323 0.206151 1.3179 1.59678 -1.91003</i>
                        <i>-0.453065 0.886211 0.0967575 -0.223732 -0.00797054 -0.974618 -0.862946 -0.463213 0.201885 1.31686 1.59418 -1.91009</i>
                        <i>-0.462282 0.881038 0.100343 -0.221743 -0.00529448 -0.975091 -0.85856 -0.473017 0.197812 1.31615 1.59843 -1.91013</i>
                        <i>-0.469727 0.876731 0.10344 -0.219835 -0.00268414 -0.975533 -0.855002 -0.480974 0.193997 1.316 1.60513 -1.91012</i>
                        <i>-0.475381 0.873357 0.106118 -0.218104 -0.000136258 -0.975926 -0.852317 -0.487081 0.190547 1.31666 1.61374 -1.91008</i>
                        <i>-0.479224 0.870969 0.108431 -0.216648 0.00233371 -0.976247 -0.850534 -0.491333 0.187575 1.31837 1.6237 -1.90999</i>
                        <i>-0.48124 0.869607 0.110415 -0.215563 0.00469233 -0.976479 -0.849671 -0.493722 0.185197 1.32137 1.63448 -1.90985</i>
                        <i>-0.481402 0.869304 0.112087 -0.214943 0.00689061 -0.976602 -0.849736 -0.49423 0.183534 1.32591 1.64553 -1.90966</i>
                        <i>-0.479678 0.87008 0.113445 -0.214884 0.00886785 -0.976599 -0.850725 -0.492831 0.182712 1.33222 1.6563 -1.9094</i>
                        <i>-0.476027 0.871948 0.114475 -0.21548 0.0105567 -0.976451 -0.852623 -0.489485 0.182862 1.34054 1.66624 -1.90909</i>
                        <i>-0.470399 0.87491 0.115145 -0.216826 0.0118898 -0.976138 -0.855401 -0.48414 0.18411 1.35111 1.67481 -1.9087</i>
                        <i>-0.462738 0.87895 0.115417 -0.219018 0.0128077 -0.975637 -0.859014 -0.476742 0.186579 1.36419 1.68145 -1.90826</i>
                        <i>-0.448267 0.886464 0.115061 -0.222922 0.0137918 -0.974739 -0.865657 -0.462593 0.19143 1.38506 1.68601 -1.90739</i>
                        <i>-0.424037 0.898489 0.113623 -0.229343 0.0148383 -0.973233 -0.876125 -0.438745 0.19977 1.41659 1.68831 -1.90585</i>
                        <i>-0.3928 0.91293 0.110758 -0.238252 0.0153024 -0.971083 -0.888225 -0.407829 0.211496 1.45536 1.68783 -1.90381</i>
                        <i>-0.357452 0.927858 0.10634 -0.249483 0.014859 -0.968265 -0.899992 -0.372638 0.226173 1.49798 1.68409 -1.90139</i>
                        <i>-0.321057 0.941699 0.10062 -0.262629 0.0135496 -0.964802 -0.909917 -0.336182 0.242967 1.54107 1.67671 -1.89866</i>
                        <i>-0.285327 0.953882 0.0932578 -0.27766 0.0108621 -0.960618 -0.917329 -0.299985 0.261756 1.5808 1.66325 -1.89554</i>
                        <i>-0.251242 0.964275 0.0839708 -0.292724 0.00699594 -0.956172 -0.9226 -0.264811 0.280508 1.61452 1.64411 -1.89216</i>
                        <i>-0.22126 0.972458 0.073279 -0.305283 0.00229696 -0.952259 -0.9262 -0.233068 0.296366 1.6406 1.6232 -1.88898</i>
                        <i>-0.197199 0.978414 0.0617933 -0.313721 -0.00326265 -0.949509 -0.928812 -0.206628 0.307593 1.65741 1.60446 -1.88659</i>
                        <i>-0.179038 0.982565 0.0501235 -0.316962 -0.00937481 -0.948392 -0.931386 -0.185685 0.313114 1.66337 1.59198 -1.88565</i>
                        <i>-0.15974 0.986511 0.035773 -0.317287 -0.0169935 -0.948177 -0.934779 -0.162812 0.315721 1.66342 1.58759 -1.88564</i>
                        <i>-0.134875 0.990707 0.0175792 -0.317589 -0.0264179 -0.94786 -0.938587 -0.133426 0.318201 1.66356 1.58879 -1.88562</i>
                        <i>-0.107651 0.994186 -0.00213471 -0.317835 -0.0364497 -0.947445 -0.942015 -0.101315 0.319911 1.66377 1.59316 -1.88558</i>
                        <i>-0.0810795 0.996482 -0.0212155 -0.318003 -0.0460359 -0.946971 -0.944616 -0.0700334 0.320617 1.66404 1.59826 -1.88553</i>
                        <i>-0.0579739 0.997607 -0.0376812 -0.318078 -0.0542357 -0.946512 -0.94629 -0.0428874 0.320461 1.66435 1.60166 -1.88547</i>
