<?xml version="1.0" encoding="ISO-8859-1" ?>
<Animl Version="1">
    <ModellingPackage><![CDATA[Maya.2010]]></ModellingPackage>
    <SrcFile><![CDATA[anims\turrets\mortar\red\~src\mortar_m1938\mortar_m1938_idle_random_crewman_b.mb]]></SrcFile>
    <FramesPerSecond>30</FramesPerSecond>
    <TotalFrames>60</TotalFrames>
    <Skeleton>
        <RefFrame>
            <Name><![CDATA[soldier_ref_frame]]></Name>
            <Exclude>0</Exclude>
            <Additive>0</Additive>
            <IKPriority>0</IKPriority>
            <IKRotLimits>-1e+010 -1e+010 -1e+010 1e+010 1e+010 1e+010</IKRotLimits>
            <IKRotLimitOrder>0</IKRotLimitOrder>
            <KeyFrames count="60">
                <i>1 0 0 0 1 0 0 0 1 1.58 0.92 -1.75</i>
                <i>1 0 0 0 1 0 0 0 1 1.58 0.92 -1.75</i>
                <i>1 0 0 0 1 0 0 0 1 1.58 0.92 -1.75</i>
                <i>1 0 0 0 1 0 0 0 1 1.58 0.92 -1.75</i>
                <i>1 0 0 0 1 0 0 0 1 1.58 0.92 -1.75</i>
                <i>1 0 0 0 1 0 0 0 1 1.58 0.92 -1.75</i>
                <i>1 0 0 0 1 0 0 0 1 1.58 0.92 -1.75</i>
                <i>1 0 0 0 1 0 0 0 1 1.58 0.92 -1.75</i>
                <i>1 0 0 0 1 0 0 0 1 1.58 0.92 -1.75</i>
                <i>1 0 0 0 1 0 0 0 1 1.58 0.92 -1.75</i>
                <i>1 0 0 0 1 0 0 0 1 1.58 0.92 -1.75</i>
                <i>1 0 0 0 1 0 0 0 1 1.58 0.92 -1.75</i>
                <i>1 0 0 0 1 0 0 0 1 1.58 0.92 -1.75</i>
                <i>1 0 0 0 1 0 0 0 1 1.58 0.92 -1.75</i>
                <i>1 0 0 0 1 0 0 0 1 1.58 0.92 -1.75</i>
                <i>1 0 0 0 1 0 0 0 1 1.58 0.92 -1.75</i>
                <i>1 0 0 0 1 0 0 0 1 1.58 0.92 -1.75</i>
                <i>1 0 0 0 1 0 0 0 1 1.58 0.92 -1.75</i>
                <i>1 0 0 0 1 0 0 0 1 1.58 0.92 -1.75</i>
                <i>1 0 0 0 1 0 0 0 1 1.58 0.92 -1.75</i>
                <i>1 0 0 0 1 0 0 0 1 1.58 0.92 -1.75</i>
                <i>1 0 0 0 1 0 0 0 1 1.58 0.92 -1.75</i>
                <i>1 0 0 0 1 0 0 0 1 1.58 0.92 -1.75</i>
                <i>1 0 0 0 1 0 0 0 1 1.58 0.92 -1.75</i>
                <i>1 0 0 0 1 0 0 0 1 1.58 0.92 -1.75</i>
                <i>1 0 0 0 1 0 0 0 1 1.58 0.92 -1.75</i>
                <i>1 0 0 0 1 0 0 0 1 1.58 0.92 -1.75</i>
                <i>1 0 0 0 1 0 0 0 1 1.58 0.92 -1.75</i>
                <i>1 0 0 0 1 0 0 0 1 1.58 0.92 -1.75</i>
                <i>1 0 0 0 1 0 0 0 1 1.58 0.92 -1.75</i>
                <i>1 0 0 0 1 0 0 0 1 1.58 0.92 -1.75</i>
                <i>1 0 0 0 1 0 0 0 1 1.58 0.92 -1.75</i>
                <i>1 0 0 0 1 0 0 0 1 1.58 0.92 -1.75</i>
                <i>1 0 0 0 1 0 0 0 1 1.58 0.92 -1.75</i>
                <i>1 0 0 0 1 0 0 0 1 1.58 0.92 -1.75</i>
                <i>1 0 0 0 1 0 0 0 1 1.58 0.92 -1.75</i>
                <i>1 0 0 0 1 0 0 0 1 1.58 0.92 -1.75</i>
                <i>1 0 0 0 1 0 0 0 1 1.58 0.92 -1.75</i>
                <i>1 0 0 0 1 0 0 0 1 1.58 0.92 -1.75</i>
                <i>1 0 0 0 1 0 0 0 1 1.58 0.92 -1.75</i>
                <i>1 0 0 0 1 0 0 0 1 1.58 0.92 -1.75</i>
                <i>1 0 0 0 1 0 0 0 1 1.58 0.92 -1.75</i>
                <i>1 0 0 0 1 0 0 0 1 1.58 0.92 -1.75</i>
                <i>1 0 0 0 1 0 0 0 1 1.58 0.92 -1.75</i>
                <i>1 0 0 0 1 0 0 0 1 1.58 0.92 -1.75</i>
                <i>1 0 0 0 1 0 0 0 1 1.58 0.92 -1.75</i>
                <i>1 0 0 0 1 0 0 0 1 1.58 0.92 -1.75</i>
                <i>1 0 0 0 1 0 0 0 1 1.58 0.92 -1.75</i>
                <i>1 0 0 0 1 0 0 0 1 1.58 0.92 -1.75</i>
                <i>1 0 0 0 1 0 0 0 1 1.58 0.92 -1.75</i>
                <i>1 0 0 0 1 0 0 0 1 1.58 0.92 -1.75</i>
                <i>1 0 0 0 1 0 0 0 1 1.58 0.92 -1.75</i>
                <i>1 0 0 0 1 0 0 0 1 1.58 0.92 -1.75</i>
                <i>1 0 0 0 1 0 0 0 1 1.58 0.92 -1.75</i>
                <i>1 0 0 0 1 0 0 0 1 1.58 0.92 -1.75</i>
                <i>1 0 0 0 1 0 0 0 1 1.58 0.92 -1.75</i>
                <i>1 0 0 0 1 0 0 0 1 1.58 0.92 -1.75</i>
                <i>1 0 0 0 1 0 0 0 1 1.58 0.92 -1.75</i>
                <i>1 0 0 0 1 0 0 0 1 1.58 0.92 -1.75</i>
                <i>1 0 0 0 1 0 0 0 1 1.58 0.92 -1.75</i>
            </KeyFrames>
        </RefFrame>
        <Bones count="23">
            <i>
                <p>
                    <Name><![CDATA[pelvis]]></Name>
                    <Exclude>0</Exclude>
                    <Additive>0</Additive>
                    <IKPriority>0</IKPriority>
                    <IKRotLimits>-1e+010 -1e+010 -1e+010 1e+010 1e+010 1e+010</IKRotLimits>
                    <IKRotLimitOrder>2</IKRotLimitOrder>
                    <KeyFrames count="60">
                        <i>1 0 0 0 1 0 0 0 1 1.3 1.55 -1.78</i>
                        <i>1 0 0 0 1 0 0 0 1 1.3362 1.56902 -1.78869</i>
                        <i>1 0 0 0 1 0 0 0 1 1.37292 1.59071 -1.79743</i>
                        <i>1 0 0 0 1 0 0 0 1 1.4086 1.60705 -1.80606</i>
                        <i>1 0 0 0 1 0 0 0 1 1.44172 1.61 -1.81441</i>
                        <i>1 0 0 0 1 0 0 0 1 1.4754 1.5946 -1.82327</i>
                        <i>1 0 0 0 1 0 0 0 1 1.51078 1.5668 -1.83276</i>
                        <i>1 0 0 0 1 0 0 0 1 1.54333 1.53492 -1.84172</i>
                        <i>1 0 0 0 1 0 0 0 1 1.56854 1.50728 -1.84899</i>
                        <i>1 0 0 0 1 0 0 0 1 1.58187 1.49222 -1.8534</i>
                        <i>1 0 0 0 1 0 0 0 1 1.58057 1.49306 -1.8534</i>
                        <i>1 0 0 0 1 0 0 0 1 1.57703 1.49535 -1.8534</i>
                        <i>1 0 0 0 1 0 0 0 1 1.57176 1.4987 -1.8534</i>
                        <i>1 0 0 0 1 0 0 0 1 1.56527 1.50273 -1.8534</i>
                        <i>1 0 0 0 1 0 0 0 1 1.5581 1.50706 -1.8534</i>
                        <i>1 0 0 0 1 0 0 0 1 1.55075 1.51132 -1.8534</i>
                        <i>1 0 0 0 1 0 0 0 1 1.54375 1.51512 -1.8534</i>
                        <i>1 0 0 0 1 0 0 0 1 1.53761 1.51809 -1.8534</i>
                        <i>1 0 0 0 1 0 0 0 1 1.53285 1.51984 -1.8534</i>
                        <i>1 0 0 0 1 0 0 0 1 1.53 1.52 -1.8534</i>
                        <i>1 0 0 0 1 0 0 0 1 1.53 1.51738 -1.8534</i>
                        <i>1 0 0 0 1 0 0 0 1 1.53 1.51074 -1.8534</i>
                        <i>1 0 0 0 1 0 0 0 1 1.53 1.50187 -1.8534</i>
                        <i>1 0 0 0 1 0 0 0 1 1.53 1.49259 -1.8534</i>
                        <i>1 0 0 0 1 0 0 0 1 1.53 1.4847 -1.8534</i>
                        <i>1 0 0 0 1 0 0 0 1 1.53 1.48 -1.8534</i>
                        <i>1 0 0 0 1 0 0 0 1 1.53 1.4777 -1.8534</i>
                        <i>1 0 0 0 1 0 0 0 1 1.53 1.47577 -1.8534</i>
                        <i>1 0 0 0 1 0 0 0 1 1.53 1.47419 -1.8534</i>
                        <i>1 0 0 0 1 0 0 0 1 1.53 1.47292 -1.8534</i>
                        <i>1 0 0 0 1 0 0 0 1 1.53 1.47192 -1.8534</i>
                        <i>1 0 0 0 1 0 0 0 1 1.53 1.47117 -1.8534</i>
                        <i>1 0 0 0 1 0 0 0 1 1.53 1.47062 -1.8534</i>
                        <i>1 0 0 0 1 0 0 0 1 1.53 1.47026 -1.8534</i>
                        <i>1 0 0 0 1 0 0 0 1 1.53 1.47005 -1.8534</i>
                        <i>1 0 0 0 1 0 0 0 1 1.53 1.46994 -1.8534</i>
                        <i>1 0 0 0 1 0 0 0 1 1.53 1.46992 -1.8534</i>
                        <i>1 0 0 0 1 0 0 0 1 1.53 1.46994 -1.8534</i>
                        <i>1 0 0 0 1 0 0 0 1 1.53 1.46998 -1.8534</i>
                        <i>1 0 0 0 1 0 0 0 1 1.53 1.47 -1.8534</i>
                        <i>1 0 0 0 1 0 0 0 1 1.53285 1.47103 -1.8534</i>
                        <i>1 0 0 0 1 0 0 0 1 1.53761 1.47296 -1.8534</i>
                        <i>1 0 0 0 1 0 0 0 1 1.54375 1.47555 -1.8534</i>
                        <i>1 0 0 0 1 0 0 0 1 1.55075 1.47855 -1.8534</i>
                        <i>1 0 0 0 1 0 0 0 1 1.5581 1.48175 -1.8534</i>
                        <i>1 0 0 0 1 0 0 0 1 1.56527 1.48489 -1.8534</i>
                        <i>1 0 0 0 1 0 0 0 1 1.57176 1.48774 -1.8534</i>
                        <i>1 0 0 0 1 0 0 0 1 1.57703 1.49007 -1.8534</i>
                        <i>1 0 0 0 1 0 0 0 1 1.58057 1.49164 -1.8534</i>
                        <i>1 0 0 0 1 0 0 0 1 1.58187 1.49222 -1.8534</i>
                        <i>1 0 0 0 1 0 0 0 1 1.57651 1.49626 -1.852</i>
                        <i>1 0 0 0 1 0 0 0 1 1.56158 1.50626 -1.84811</i>
                        <i>1 0 0 0 1 0 0 0 1 1.53874 1.51902 -1.84217</i>
                        <i>1 0 0 0 1 0 0 0 1 1.50971 1.53133 -1.83461</i>
                        <i>1 0 0 0 1 0 0 0 1 1.47617 1.54 -1.82587</i>
                        <i>1 0 0 0 1 0 0 0 1 1.43981 1.54442 -1.81641</i>
                        <i>1 0 0 0 1 0 0 0 1 1.40232 1.54672 -1.80664</i>
                        <i>1 0 0 0 1 0 0 0 1 1.36539 1.54781 -1.79703</i>
                        <i>1 0 0 0 1 0 0 0 1 1.33072 1.5486 -1.788</i>
                        <i>1 0 0 0 1 0 0 0 1 1.3 1.55 -1.78</i>
                    </KeyFrames>
                </p>
            </i>
            <i>
                <p>
                    <Name><![CDATA[spine0]]></Name>
                    <Exclude>0</Exclude>
                    <Additive>0</Additive>
                    <IKPriority>0</IKPriority>
                    <IKRotLimits>-1e+010 -1e+010 -1e+010 1e+010 1e+010 1e+010</IKRotLimits>
                    <IKRotLimitOrder>0</IKRotLimitOrder>
                    <KeyFrames count="60">
                        <i>-0.326699 0.93039 0.16626 -0.215767 0.0978471 -0.97153 -0.92017 -0.353271 0.16878 1.35227 1.68174 -1.80468</i>
                        <i>-0.333834 0.931523 0.14429 -0.222356 0.0709325 -0.972382 -0.916031 -0.356698 0.18345 1.3868 1.70103 -1.81527</i>
                        <i>-0.346586 0.929809 0.123832 -0.232133 0.042889 -0.971738 -0.908841 -0.365536 0.200975 1.42105 1.72325 -1.82596</i>
                        <i>-0.353764 0.929311 0.105984 -0.242995 0.0181061 -0.969858 -0.903219 -0.368854 0.219413 1.45485 1.73989 -1.83625</i>
                        <i>-0.344525 0.934352 0.0910396 -0.253042 0.000960415 -0.967455 -0.904031 -0.356349 0.236099 1.48809 1.74255 -1.84568</i>
                        <i>-0.311424 0.947098 0.0775844 -0.263479 -0.00761607 -0.964635 -0.913013 -0.320853 0.251912 1.52478 1.72588 -1.85528</i>
                        <i>-0.262075 0.962914 0.064143 -0.275641 -0.010992 -0.961198 -0.924845 -0.269586 0.268299 1.56498 1.69596 -1.86557</i>
                        <i>-0.208544 0.976672 0.0512004 -0.287844 -0.0112607 -0.957611 -0.934695 -0.214442 0.283478 1.60256 1.66166 -1.87526</i>
                        <i>-0.163269 0.985761 0.0402278 -0.29828 -0.0104543 -0.954421 -0.940411 -0.167826 0.295739 1.63153 1.63208 -1.88295</i>
                        <i>-0.138718 0.989767 0.0334303 -0.305038 -0.0105877 -0.952281 -0.942183 -0.142296 0.303385 1.64602 1.61647 -1.88719</i>
                        <i>-0.140133 0.989554 0.0338484 -0.305227 -0.0106527 -0.95222 -0.941912 -0.143769 0.303532 1.64403 1.61774 -1.88696</i>
                        <i>-0.144064 0.98895 0.0349789 -0.305748 -0.0108656 -0.95205 -0.94115 -0.147851 0.303935 1.63857 1.62115 -1.88633</i>
                        <i>-0.150093 0.987992 0.0366514 -0.306517 -0.0112565 -0.951799 -0.939957 -0.154092 0.304526 1.63039 1.62612 -1.88537</i>
                        <i>-0.157803 0.986712 0.0387115 -0.307443 -0.0118389 -0.951493 -0.938391 -0.16205 0.305225 1.62024 1.63207 -1.88416</i>
                        <i>-0.166704 0.985154 0.0410137 -0.308435 -0.0125935 -0.951162 -0.936524 -0.171212 0.305955 1.60888 1.63842 -1.88277</i>
                        <i>-0.176191 0.983398 0.043411 -0.309419 -0.0134639 -0.950831 -0.934461 -0.18096 0.306654 1.59709 1.64462 -1.8813</i>
                        <i>-0.185538 0.981572 0.0457448 -0.310342 -0.0143638 -0.950517 -0.932343 -0.190554 0.307288 1.58566 1.65018 -1.87983</i>
                        <i>-0.193911 0.979852 0.047837 -0.31118 -0.015191 -0.95023 -0.930358 -0.199146 0.307856 1.5754 1.65461 -1.87847</i>
                        <i>-0.200408 0.978462 0.049482 -0.311933 -0.0158486 -0.949972 -0.928727 -0.205817 0.308391 1.56712 1.6575 -1.87732</i>
                        <i>-0.204107 0.977648 0.0504351 -0.312614 -0.0162701 -0.949741 -0.927692 -0.209616 0.308947 1.56165 1.65843 -1.87647</i>
                        <i>-0.203351 0.977824 0.0500947 -0.312867 -0.0164131 -0.949655 -0.927773 -0.208786 0.309267 1.56113 1.65595 -1.87632</i>
                        <i>-0.201502 0.978245 0.0493251 -0.313522 -0.0167078 -0.949434 -0.927955 -0.206778 0.310068 1.5598 1.64967 -1.87592</i>
                        <i>-0.199206 0.978756 0.0485204 -0.314422 -0.0169424 -0.949132 -0.928147 -0.204329 0.311117 1.55799 1.64126 -1.87538</i>
                        <i>-0.197108 0.979205 0.0480236 -0.315417 -0.0169592 -0.948801 -0.928257 -0.202164 0.312201 1.55603 1.63245 -1.87479</i>
                        <i>-0.19584 0.979457 0.0480712 -0.316355 -0.0167028 -0.948494 -0.928206 -0.20096 0.313127 1.55426 1.62496 -1.87425</i>
                        <i>-0.196009 0.979388 0.048782 -0.317062 -0.0162232 -0.948266 -0.927929 -0.201336 0.313707 1.55301 1.62053 -1.87387</i>
                        <i>-0.198213 0.978873 0.0501901 -0.317345 -0.0156432 -0.948181 -0.927364 -0.203869 0.313741 1.55262 1.6183 -1.87376</i>
                        <i>-0.201957 0.978014 0.0519857 -0.317244 -0.0151077 -0.948224 -0.92659 -0.207992 0.31332 1.55296 1.61631 -1.87386</i>
                        <i>-0.206195 0.97703 0.053813 -0.316958 -0.0146597 -0.948326 -0.925754 -0.212597 0.3127 1.55362 1.61459 -1.87406</i>
                        <i>-0.209324 0.976285 0.0552445 -0.316531 -0.0141962 -0.948476 -0.925198 -0.216025 0.311996 1.55455 1.61311 -1.87434</i>
                        <i>-0.209767 0.976155 0.0558462 -0.316004 -0.0136332 -0.94866 -0.925278 -0.216645 0.311329 1.55567 1.61186 -1.87468</i>
                        <i>-0.207846 0.976589 0.0554506 -0.315374 -0.0132435 -0.948875 -0.925926 -0.214707 0.310743 1.55694 1.61081 -1.87506</i>
                        <i>-0.205101 0.977228 0.0544015 -0.31466 -0.0132048 -0.949113 -0.926781 -0.211782 0.310203 1.55828 1.60994 -1.87547</i>
                        <i>-0.201894 0.977979 0.052881 -0.313908 -0.01347 -0.949358 -0.927739 -0.20827 0.309715 1.55963 1.60923 -1.87587</i>
                        <i>-0.198559 0.978757 0.0510792 -0.313166 -0.013974 -0.949596 -0.92871 -0.204547 0.309288 1.56095 1.60867 -1.87626</i>
                        <i>-0.195384 0.979492 0.0491905 -0.312476 -0.014631 -0.949813 -0.929615 -0.200949 0.308927 1.56215 1.60823 -1.87662</i>
                        <i>-0.192608 0.98013 0.0474077 -0.31188 -0.0153382 -0.949998 -0.930394 -0.197763 0.308637 1.56319 1.60791 -1.87693</i>
                        <i>-0.190425 0.980627 0.0459167 -0.311413 -0.0159832 -0.95014 -0.930999 -0.19523 0.308424 1.56401 1.60769 -1.87717</i>
                        <i>-0.188997 0.980951 0.044895 -0.31111 -0.0164514 -0.950232 -0.931392 -0.193558 0.308293 1.56454 1.60757 -1.87733</i>
                        <i>-0.188481 0.981067 0.0445154 -0.311001 -0.0166313 -0.950264 -0.931533 -0.192951 0.308248 1.56473 1.60753 -1.87738</i>
                        <i>-0.184967 0.981782 0.0434941 -0.310512 -0.0163952 -0.950428 -0.9324 -0.189304 0.307887 1.5698 1.60786 -1.87811</i>
                        <i>-0.17954 0.982846 0.0421798 -0.309967 -0.0158263 -0.950615 -0.933641 -0.183748 0.307492 1.57765 1.60872 -1.87913</i>
                        <i>-0.172894 0.984098 0.0407205 -0.309349 -0.0150048 -0.95083 -0.9351 -0.17699 0.307024 1.58748 1.60992 -1.88036</i>
                        <i>-0.165709 0.985394 0.0392231 -0.308645 -0.0140464 -0.951074 -0.936632 -0.169708 0.306464 1.5985 1.61128 -1.88171</i>
                        <i>-0.158604 0.98662 0.0377684 -0.307869 -0.0130738 -0.951339 -0.938116 -0.162514 0.305823 1.6099 1.61264 -1.88306</i>
                        <i>-0.152097 0.987694 0.036422 -0.307063 -0.012194 -0.951611 -0.939457 -0.155921 0.305139 1.62092 1.61389 -1.88435</i>
                        <i>-0.146589 0.988569 0.0352445 -0.306295 -0.0114827 -0.951867 -0.940582 -0.150329 0.304477 1.63079 1.61495 -1.88548</i>
                        <i>-0.142374 0.989218 0.0343003 -0.305646 -0.0109778 -0.952082 -0.94144 -0.146036 0.303913 1.63875 1.61576 -1.88638</i>
                        <i>-0.139677 0.989625 0.033665 -0.305201 -0.0106837 -0.952228 -0.941989 -0.143279 0.303527 1.64408 1.61629 -1.88698</i>
                        <i>-0.138718 0.989767 0.0334303 -0.305038 -0.0105877 -0.952281 -0.942183 -0.142296 0.303385 1.64602 1.61647 -1.88719</i>
                        <i>-0.143382 0.989019 0.0358149 -0.304412 -0.00963952 -0.952492 -0.941687 -0.147472 0.302451 1.63851 1.62166 -1.88557</i>
                        <i>-0.156796 0.986698 0.0429126 -0.302754 -0.00666158 -0.953045 -0.940082 -0.162426 0.299771 1.61828 1.6343 -1.88107</i>
                        <i>-0.176376 0.982846 0.0539025 -0.300257 -0.00156991 -0.953857 -0.93741 -0.184423 0.295383 1.58879 1.65003 -1.87422</i>
                        <i>-0.19911 0.977623 0.0678862 -0.296224 0.0059911 -0.9551 -0.934134 -0.210279 0.288402 1.55363 1.66479 -1.86555</i>
                        <i>-0.221812 0.97146 0.0840519 -0.288925 0.0168485 -0.957203 -0.931301 -0.236604 0.276942 1.51652 1.67486 -1.85555</i>
                        <i>-0.243158 0.964659 0.101527 -0.277495 0.0311127 -0.960223 -0.929446 -0.261659 0.260122 1.47995 1.67961 -1.84483</i>
                        <i>-0.264225 0.957049 0.119344 -0.263211 0.0474891 -0.963569 -0.92785 -0.286011 0.239358 1.44443 1.68154 -1.83395</i>
                        <i>-0.285446 0.948594 0.136711 -0.247232 0.0649355 -0.966778 -0.925957 -0.309763 0.215987 1.41077 1.68178 -1.82332</i>
                        <i>-0.306603 0.939512 0.152685 -0.230902 0.082205 -0.969498 -0.923406 -0.332506 0.191731 1.37978 1.68144 -1.8134</i>
                        <i>-0.326699 0.93039 0.16626 -0.215767 0.0978471 -0.97153 -0.92017 -0.353271 0.16878 1.35227 1.68174 -1.80468</i>
                    </KeyFrames>
                </p>
            </i>
            <i>
                <p>
                    <Name><![CDATA[spine1]]></Name>
                    <Exclude>0</Exclude>
                    <Additive>0</Additive>
                    <IKPriority>0</IKPriority>
                    <IKRotLimits>-1e+010 -1e+010 -1e+010 1e+010 1e+010 1e+010</IKRotLimits>
                    <IKRotLimitOrder>0</IKRotLimitOrder>
                    <KeyFrames count="60">
                        <i>-0.740133 0.532375 0.410828 -0.264798 0.330841 -0.905774 -0.61813 -0.77918 -0.103895 1.28699 1.86818 -1.77141</i>
                        <i>-0.738705 0.548085 0.392323 -0.273233 0.288591 -0.917638 -0.616164 -0.785059 -0.0634285 1.32053 1.88645 -1.78659</i>
                        <i>-0.740584 0.557899 0.374546 -0.286265 0.242337 -0.926998 -0.607937 -0.793739 -0.0197635 1.35272 1.907 -1.80152</i>
                        <i>-0.737939 0.572397 0.357503 -0.29897 0.197646 -0.93357 -0.605032 -0.7958 0.0252794 1.38563 1.92214 -1.8155</i>
                        <i>-0.722506 0.602062 0.339861 -0.307662 0.160233 -0.937907 -0.619135 -0.782206 0.0694621 1.42121 1.92431 -1.828</i>
                        <i>-0.686952 0.652156 0.320609 -0.313404 0.132177 -0.940376 -0.655649 -0.746473 0.113589 1.46485 1.90854 -1.84035</i>
                        <i>-0.634651 0.712409 0.299484 -0.320055 0.110433 -0.940941 -0.703408 -0.693021 0.157923 1.51498 1.88008 -1.85334</i>
                        <i>-0.574152 0.770538 0.276804 -0.32798 0.0933163 -0.940065 -0.750186 -0.630526 0.199143 1.56312 1.84686 -1.86558</i>
                        <i>-0.516957 0.817312 0.254474 -0.336203 0.0795316 -0.938425 -0.787225 -0.570681 0.233668 1.60091 1.81753 -1.87542</i>
                        <i>-0.476645 0.84691 0.235695 -0.342749 0.0678588 -0.936973 -0.809526 -0.527388 0.257934 1.62019 1.80134 -1.88098</i>
                        <i>-0.473677 0.848805 0.234862 -0.343098 0.067758 -0.936853 -0.811119 -0.524346 0.259128 1.61798 1.80232 -1.88068</i>
                        <i>-0.465427 0.854023 0.232428 -0.344018 0.0674023 -0.936541 -0.815493 -0.515851 0.262429 1.61188 1.80493 -1.87986</i>
                        <i>-0.452806 0.861848 0.228441 -0.345319 0.066698 -0.936112 -0.822022 -0.502763 0.267411 1.60273 1.80871 -1.87862</i>
                        <i>-0.436699 0.871541 0.22296 -0.3468 0.0655901 -0.935643 -0.830075 -0.485917 0.273607 1.59135 1.81319 -1.87707</i>
                        <i>-0.418027 0.882345 0.216149 -0.348255 0.0641056 -0.935205 -0.83903 -0.466216 0.280484 1.57857 1.81792 -1.87532</i>
                        <i>-0.397801 0.893507 0.208325 -0.34949 0.0623695 -0.934862 -0.848299 -0.444697 0.287462 1.56528 1.82247 -1.87347</i>
                        <i>-0.377142 0.904307 0.199983 -0.350327 0.0605928 -0.934665 -0.857342 -0.422561 0.293951 1.55239 1.82645 -1.87164</i>
                        <i>-0.357296 0.914092 0.19177 -0.350614 0.0590375 -0.934657 -0.865684 -0.401186 0.2994 1.54083 1.82948 -1.86995</i>
                        <i>-0.339638 0.9223 0.184416 -0.350222 0.0579604 -0.934872 -0.872921 -0.382105 0.303324 1.53157 1.83124 -1.86854</i>
                        <i>-0.325675 0.928453 0.178637 -0.349025 0.0575351 -0.935345 -0.878702 -0.366967 0.305316 1.52557 1.83137 -1.86756</i>
                        <i>-0.323086 0.929582 0.177461 -0.347969 0.0576939 -0.935729 -0.880076 -0.364072 0.304826 1.52522 1.82879 -1.86747</i>
                        <i>-0.316411 0.932456 0.174384 -0.345076 0.0580966 -0.936775 -0.883633 -0.356582 0.303386 1.52428 1.82225 -1.86723</i>
                        <i>-0.307285 0.936294 0.170089 -0.340763 0.0586207 -0.93832 -0.888514 -0.346292 0.301041 1.52297 1.81349 -1.86685</i>
                        <i>-0.297434 0.940327 0.165286 -0.335434 0.0591636 -0.940204 -0.893878 -0.335091 0.29782 1.52146 1.8043 -1.86637</i>
                        <i>-0.288717 0.943829 0.160717 -0.329464 0.0596702 -0.942281 -0.898942 -0.325003 0.29373 1.51999 1.79644 -1.86584</i>
                        <i>-0.283107 0.946128 0.157138 -0.323198 0.0601447 -0.944418 -0.902991 -0.318158 0.288759 1.51877 1.79171 -1.86536</i>
                        <i>-0.282603 0.946584 0.155289 -0.316953 0.0606489 -0.9465 -0.90536 -0.316703 0.282883 1.51802 1.78927 -1.865</i>
                        <i>-0.286292 0.94552 0.155011 -0.311526 0.0611352 -0.948269 -0.906084 -0.319772 0.277051 1.5177 1.78714 -1.86479</i>
                        <i>-0.291632 0.943776 0.155686 -0.308013 0.0614355 -0.949396 -0.905582 -0.324827 0.272779 1.5176 1.78534 -1.86466</i>
                        <i>-0.297593 0.941665 0.157182 -0.307383 0.0613654 -0.949605 -0.903855 -0.330911 0.27119 1.51795 1.78391 -1.86468</i>
                        <i>-0.303203 0.939512 0.159327 -0.31025 0.0607626 -0.948711 -0.901007 -0.337083 0.27306 1.51894 1.78289 -1.8649</i>
                        <i>-0.308316 0.937406 0.161902 -0.315047 0.0599698 -0.947179 -0.897601 -0.343037 0.276838 1.52048 1.78224 -1.86534</i>
                        <i>-0.31328 0.935249 0.164818 -0.320465 0.0592619 -0.945405 -0.893957 -0.348994 0.281149 1.52223 1.78184 -1.8659</i>
                        <i>-0.318001 0.933104 0.167903 -0.326164 0.0586158 -0.943494 -0.89022 -0.354796 0.285705 1.52407 1.78164 -1.86656</i>
                        <i>-0.322379 0.93104 0.170988 -0.331809 0.0580285 -0.94156 -0.886552 -0.360275 0.29022 1.5259 1.78159 -1.86725</i>
                        <i>-0.326296 0.929133 0.173907 -0.337079 0.0575115 -0.939718 -0.883125 -0.365246 0.294425 1.52759 1.78165 -1.86792</i>
                        <i>-0.329616 0.927472 0.17649 -0.341667 0.0570839 -0.938086 -0.880123 -0.369509 0.298071 1.52906 1.78177 -1.86853</i>
                        <i>-0.33219 0.926156 0.178562 -0.345286 0.0567649 -0.936779 -0.87774 -0.372844 0.300932 1.53021 1.78191 -1.86902</i>
                        <i>-0.333855 0.92529 0.179942 -0.347658 0.0565692 -0.935913 -0.876171 -0.375017 0.302799 1.53097 1.78202 -1.86936</i>
                        <i>-0.334446 0.924979 0.180443 -0.348511 0.0565038 -0.9356 -0.875606 -0.375794 0.303468 1.53124 1.78207 -1.86948</i>
                        <i>-0.34645 0.919524 0.185602 -0.349736 0.0569786 -0.935114 -0.870435 -0.388882 0.30185 1.53682 1.78313 -1.87035</i>
                        <i>-0.362409 0.91193 0.192467 -0.350171 0.058149 -0.934879 -0.863736 -0.406205 0.298257 1.54549 1.78501 -1.87158</i>
                        <i>-0.38083 0.902685 0.200323 -0.349941 0.0598285 -0.934859 -0.855868 -0.426123 0.293102 1.55634 1.78745 -1.87304</i>
                        <i>-0.400333 0.892351 0.20843 -0.349173 0.0617479 -0.935022 -0.847238 -0.447098 0.286865 1.56847 1.79018 -1.8746</i>
                        <i>-0.419659 0.881577 0.216121 -0.348013 0.0636332 -0.935328 -0.838316 -0.467732 0.280096 1.58098 1.79297 -1.87618</i>
                        <i>-0.437663 0.871077 0.222881 -0.346631 0.0652621 -0.935728 -0.829637 -0.486792 0.27338 1.59301 1.79561 -1.87767</i>
                        <i>-0.453307 0.861605 0.228364 -0.345218 0.0664994 -0.936164 -0.821789 -0.503205 0.267297 1.60374 1.79791 -1.87899</i>
                        <i>-0.465633 0.853923 0.232381 -0.343971 0.0673078 -0.936565 -0.815396 -0.516028 0.262384 1.61236 1.79972 -1.88003</i>
                        <i>-0.473725 0.848782 0.234847 -0.343085 0.0677329 -0.936859 -0.811096 -0.524386 0.259118 1.6181 1.80091 -1.88072</i>
                        <i>-0.476645 0.84691 0.235695 -0.342749 0.0678588 -0.936973 -0.809526 -0.527388 0.257934 1.62019 1.80134 -1.88098</i>
                        <i>-0.47576 0.845575 0.242191 -0.341774 0.0759949 -0.936705 -0.810459 -0.528421 0.25284 1.61189 1.80588 -1.87893</i>
                        <i>-0.47583 0.840269 0.259873 -0.339503 0.0970951 -0.93558 -0.811371 -0.533405 0.239073 1.58936 1.81685 -1.87316</i>
                        <i>-0.480704 0.829141 0.285393 -0.337016 0.125774 -0.93306 -0.809533 -0.544707 0.218974 1.55646 1.83061 -1.86434</i>
                        <i>-0.49516 0.80973 0.314888 -0.334007 0.157166 -0.929375 -0.802032 -0.565364 0.192633 1.51724 1.84379 -1.85314</i>
                        <i>-0.524259 0.779052 0.343848 -0.3283 0.187665 -0.925744 -0.78573 -0.598214 0.157378 1.47585 1.85332 -1.84014</i>
                        <i>-0.567249 0.736343 0.368819 -0.318398 0.216932 -0.922802 -0.759507 -0.64089 0.111396 1.43486 1.85881 -1.826</i>
                        <i>-0.615855 0.685541 0.388275 -0.305675 0.246309 -0.919725 -0.726144 -0.685103 0.0578626 1.39462 1.86233 -1.81144</i>
                        <i>-0.663716 0.631324 0.401136 -0.291432 0.275642 -0.916018 -0.688874 -0.72488 0.0010405 1.3559 1.86458 -1.79701</i>
                        <i>-0.706105 0.578749 0.408003 -0.277231 0.304248 -0.91136 -0.651582 -0.756626 -0.0543843 1.31962 1.86626 -1.7834</i>
                        <i>-0.740133 0.532375 0.410828 -0.264798 0.330841 -0.905774 -0.61813 -0.77918 -0.103895 1.28699 1.86818 -1.77141</i>
                    </KeyFrames>
                </p>
            </i>
            <i>
                <p>
                    <Name><![CDATA[spine2]]></Name>
                    <Exclude>0</Exclude>
                    <Additive>0</Additive>
                    <IKPriority>0</IKPriority>
                    <IKRotLimits>-1e+010 -1e+010 -1e+010 1e+010 1e+010 1e+010</IKRotLimits>
                    <IKRotLimitOrder>0</IKRotLimitOrder>
                    <KeyFrames count="60">
                        <i>-0.855626 0.340228 0.390062 -0.309427 0.267886 -0.91241 -0.41492 -0.901378 -0.123934 1.15044 1.96568 -1.6959</i>
                        <i>-0.847445 0.370229 0.380483 -0.314696 0.226877 -0.92168 -0.427555 -0.900809 -0.0757565 1.18517 1.98618 -1.71495</i>
                        <i>-0.84101 0.393967 0.370799 -0.324577 0.180918 -0.928396 -0.432842 -0.901143 -0.0242815 1.21799 2.00782 -1.73358</i>
                        <i>-0.830713 0.424176 0.360542 -0.334809 0.136752 -0.93231 -0.444768 -0.895195 0.028416 1.25242 2.02483 -1.75111</i>
                        <i>-0.809516 0.472958 0.347843 -0.342393 0.100965 -0.934116 -0.476918 -0.875281 0.0802045 1.29184 2.03149 -1.76725</i>
                        <i>-0.76972 0.545476 0.331642 -0.348762 0.0758069 -0.93414 -0.534692 -0.834691 0.131891 1.34286 2.02374 -1.7835</i>
                        <i>-0.712514 0.628617 0.311712 -0.357132 0.057494 -0.932283 -0.60397 -0.775587 0.183534 1.40322 2.00495 -1.80065</i>
                        <i>-0.645232 0.70752 0.288256 -0.367104 0.0437666 -0.92915 -0.670007 -0.705337 0.231494 1.46282 1.98088 -1.81726</i>
                        <i>-0.579776 0.770978 0.263537 -0.37706 0.0328428 -0.925606 -0.722278 -0.636014 0.271664 1.51128 1.95864 -1.83132</i>
                        <i>-0.531214 0.812074 0.241552 -0.384404 0.0230542 -0.922877 -0.755013 -0.583099 0.299917 1.53813 1.94658 -1.8404</i>
                        <i>-0.527374 0.814878 0.240521 -0.384754 0.023347 -0.922724 -0.757523 -0.579162 0.301215 1.53653 1.94768 -1.8403</i>
                        <i>-0.516731 0.822545 0.237505 -0.385615 0.0240749 -0.922346 -0.764389 -0.56819 0.304746 1.53215 1.95067 -1.84005</i>
                        <i>-0.500476 0.833937 0.232537 -0.386686 0.0249925 -0.921873 -0.774595 -0.551294 0.309963 1.52559 1.95501 -1.83971</i>
                        <i>-0.479759 0.847886 0.225657 -0.387669 0.0258771 -0.921435 -0.787111 -0.529547 0.316284 1.51746 1.96018 -1.83935</i>
                        <i>-0.455816 0.863207 0.217039 -0.388288 0.0265735 -0.921155 -0.800915 -0.50415 0.32306 1.50836 1.96568 -1.83902</i>
                        <i>-0.430073 0.878726 0.20707 -0.388301 0.0270185 -0.921137 -0.815021 -0.476562 0.32959 1.49897 1.97103 -1.83873</i>
                        <i>-0.404216 0.893329 0.196398 -0.387505 0.027244 -0.921465 -0.828522 -0.448576 0.335157 1.48997 1.97579 -1.83853</i>
                        <i>-0.380206 0.906026 0.185907 -0.385735 0.0273559 -0.922204 -0.840626 -0.422338 0.339085 1.48206 1.97955 -1.83839</i>
                        <i>-0.360254 0.915981 0.176625 -0.382844 0.0274846 -0.923404 -0.850675 -0.40028 0.340776 1.47599 1.98192 -1.83835</i>
                        <i>-0.34676 0.922499 0.169565 -0.37868 0.0277034 -0.925113 -0.858114 -0.385003 0.339725 1.47247 1.98251 -1.83842</i>
                        <i>-0.348137 0.922063 0.169115 -0.375928 0.0279419 -0.926227 -0.858766 -0.386029 0.336902 1.47258 1.98001 -1.83855</i>
                        <i>-0.351572 0.921029 0.16764 -0.368492 0.0284664 -0.929195 -0.860587 -0.388453 0.329384 1.47284 1.97364 -1.83887</i>
                        <i>-0.35601 0.919812 0.164932 -0.357592 0.0289684 -0.933428 -0.863357 -0.391288 0.318605 1.47313 1.96514 -1.83926</i>
                        <i>-0.360379 0.918831 0.160861 -0.344423 0.0291922 -0.938361 -0.866891 -0.393569 0.305946 1.47335 1.9562 -1.83964</i>
                        <i>-0.363596 0.918493 0.155465 -0.330154 0.0289996 -0.943482 -0.871089 -0.394373 0.2927 1.4734 1.94857 -1.83992</i>
                        <i>-0.364576 0.91918 0.148972 -0.315944 0.0283871 -0.948353 -0.875936 -0.392814 0.28006 1.47316 1.94395 -1.84006</i>
                        <i>-0.362231 0.921246 0.141755 -0.302953 0.0274609 -0.95261 -0.881481 -0.38801 0.269147 1.47252 1.94148 -1.84003</i>
                        <i>-0.357197 0.924254 0.134774 -0.292654 0.0262799 -0.955857 -0.886997 -0.380872 0.2611 1.4716 1.93919 -1.83986</i>
                        <i>-0.350986 0.927444 0.129057 -0.286721 0.024758 -0.957694 -0.891403 -0.37314 0.257228 1.47062 1.93719 -1.83962</i>
                        <i>-0.346204 0.929692 0.125759 -0.286868 0.0227218 -0.957701 -0.893224 -0.367636 0.258833 1.46995 1.93558 -1.83937</i>
                        <i>-0.345477 0.929943 0.125906 -0.294048 0.0201367 -0.955579 -0.891169 -0.367152 0.266491 1.46997 1.93443 -1.83921</i>
                        <i>-0.348338 0.928391 0.129422 -0.305033 0.0182864 -0.952166 -0.88635 -0.371154 0.27682 1.47059 1.93371 -1.83917</i>
                        <i>-0.352242 0.926085 0.135248 -0.317278 0.0177944 -0.948166 -0.880489 -0.376895 0.287558 1.47143 1.93326 -1.8392</i>
                        <i>-0.356682 0.923269 0.142664 -0.330059 0.0183241 -0.943782 -0.873979 -0.383718 0.298197 1.4724 1.93303 -1.83929</i>
                        <i>-0.361195 0.920193 0.150938 -0.342666 0.0195611 -0.939254 -0.867247 -0.390975 0.308254 1.47339 1.93297 -1.83941</i>
                        <i>-0.365399 0.917113 0.159331 -0.354411 0.0212067 -0.93485 -0.860742 -0.398062 0.317286 1.47434 1.93303 -1.83954</i>
                        <i>-0.368999 0.914284 0.167106 -0.364632 0.0229737 -0.930868 -0.854917 -0.404422 0.3249 1.47516 1.93316 -1.83967</i>
                        <i>-0.371779 0.911957 0.173538 -0.372695 0.0245828 -0.927628 -0.850223 -0.409549 0.330743 1.47581 1.93331 -1.83978</i>
                        <i>-0.373569 0.91038 0.177915 -0.377986 0.0257568 -0.925453 -0.847097 -0.41297 0.334489 1.47624 1.93343 -1.83985</i>
                        <i>-0.374209 0.9098 0.179532 -0.379888 0.0262134 -0.924661 -0.845963 -0.414218 0.335813 1.47639 1.93348 -1.83987</i>
                        <i>-0.386922 0.903044 0.186558 -0.383664 0.0263145 -0.923098 -0.838507 -0.428742 0.336283 1.47981 1.93414 -1.8398</i>
                        <i>-0.404512 0.893479 0.195104 -0.386241 0.0264707 -0.922018 -0.828968 -0.448324 0.33439 1.48557 1.93545 -1.83975</i>
                        <i>-0.42509 0.881777 0.204372 -0.387774 0.026609 -0.92137 -0.817881 -0.470915 0.330619 1.49302 1.93718 -1.83972</i>
                        <i>-0.446928 0.868709 0.213541 -0.388407 0.0265954 -0.921104 -0.805851 -0.494608 0.325527 1.50147 1.93911 -1.83972</i>
                        <i>-0.468494 0.855141 0.221918 -0.388298 0.0263187 -0.921158 -0.79356 -0.517727 0.319719 1.51027 1.94105 -1.83977</i>
                        <i>-0.488464 0.841996 0.229011 -0.387636 0.0257442 -0.921453 -0.781755 -0.538869 0.313813 1.51878 1.94284 -1.83987</i>
                        <i>-0.5057 0.830213 0.23455 -0.386646 0.0249367 -0.921891 -0.771215 -0.556889 0.308388 1.5264 1.94437 -1.84003</i>
                        <i>-0.519203 0.82071 0.238459 -0.385589 0.024059 -0.922357 -0.762725 -0.570838 0.303965 1.53254 1.94555 -1.8402</i>
                        <i>-0.528033 0.814376 0.240776 -0.384746 0.0233452 -0.922727 -0.757068 -0.579868 0.301001 1.53664 1.94631 -1.84035</i>
                        <i>-0.531214 0.812074 0.241552 -0.384404 0.0230542 -0.922877 -0.755013 -0.583099 0.299917 1.53813 1.94658 -1.8404</i>
                        <i>-0.536207 0.806481 0.249139 -0.382798 0.0307221 -0.923321 -0.752295 -0.590462 0.292245 1.53021 1.95049 -1.83736</i>
                        <i>-0.549682 0.79095 0.26879 -0.378428 0.0510846 -0.92422 -0.744742 -0.609745 0.271238 1.50823 1.95959 -1.82888</i>
                        <i>-0.57216 0.764728 0.296351 -0.372281 0.0798014 -0.924683 -0.73078 -0.639392 0.239035 1.47507 1.97051 -1.81606</i>
                        <i>-0.604384 0.726501 0.326982 -0.365031 0.112289 -0.924199 -0.708147 -0.677929 0.19733 1.43371 1.97993 -1.80009</i>
                        <i>-0.646662 0.674976 0.355295 -0.356595 0.144244 -0.923057 -0.674291 -0.723603 0.147416 1.38713 1.98469 -1.78204</i>
                        <i>-0.69569 0.611365 0.377158 -0.346929 0.173794 -0.921648 -0.629011 -0.772029 0.0911932 1.3378 1.98431 -1.76301</i>
                        <i>-0.744786 0.540723 0.39104 -0.336811 0.201268 -0.91981 -0.576066 -0.816768 0.0322193 1.28748 1.98104 -1.74404</i>
                        <i>-0.789356 0.468611 0.396638 -0.326734 0.226314 -0.91762 -0.519772 -0.853924 -0.0255314 1.23811 1.976 -1.72602</i>
                        <i>-0.826669 0.400325 0.395421 -0.317336 0.248632 -0.915139 -0.464667 -0.881999 -0.0784987 1.19172 1.97042 -1.70974</i>
                        <i>-0.855626 0.340228 0.390062 -0.309427 0.267886 -0.91241 -0.41492 -0.901378 -0.123934 1.15044 1.96568 -1.6959</i>
                    </KeyFrames>
                </p>
            </i>
            <i>
                <p>
                    <Name><![CDATA[head]]></Name>
                    <Exclude>0</Exclude>
                    <Additive>0</Additive>
                    <IKPriority>0</IKPriority>
                    <IKRotLimits>-1e+010 -1e+010 -1e+010 1e+010 1e+010 1e+010</IKRotLimits>
                    <IKRotLimitOrder>0</IKRotLimitOrder>
                    <KeyFrames count="60">
                        <i>-0.317782 0.63882 0.70066 0.784054 0.592583 -0.184676 -0.533173 0.490668 -0.689181 0.921998 2.07179 -1.59498</i>
                        <i>-0.258076 0.804383 0.53513 0.833514 0.465453 -0.297671 -0.488519 0.369216 -0.790587 0.960556 2.1013 -1.61727</i>
                        <i>-0.178295 0.929592 0.322598 0.877675 0.298465 -0.374973 -0.444856 0.21628 -0.869095 0.996743 2.13017 -1.63931</i>
                        <i>-0.0869457 0.98945 0.115883 0.909795 0.126254 -0.395389 -0.405848 0.0710525 -0.911174 1.03579 2.15604 -1.66053</i>
                        <i>-0.00257001 0.999632 -0.0269882 0.923974 -0.00794791 -0.382374 -0.382447 -0.0259191 -0.923614 1.08329 2.17633 -1.68115</i>
                        <i>0.060059 0.994326 -0.0878004 0.924141 -0.0886348 -0.371627 -0.377301 -0.0588205 -0.924221 1.14803 2.18801 -1.70296</i>
                        <i>0.104526 0.989698 -0.0978337 0.919575 -0.133645 -0.369487 -0.378756 -0.0513444 -0.924071 1.22706 2.19071 -1.72679</i>
                        <i>0.137813 0.987048 -0.0821214 0.915864 -0.158563 -0.368852 -0.377096 -0.0243793 -0.925853 1.30788 2.18626 -1.75102</i>
                        <i>0.165596 0.984119 -0.0639338 0.914022 -0.177498 -0.364771 -0.370326 0.00196765 -0.9289 1.3765 2.17912 -1.77287</i>
                        <i>0.192398 0.979211 -0.0642579 0.911002 -0.202569 -0.359223 -0.364772 0.0105747 -0.931037 1.41817 2.17633 -1.7887</i>
                        <i>0.199011 0.977714 -0.0668587 0.909423 -0.20967 -0.35915 -0.365164 0.0106722 -0.930882 1.41772 2.178 -1.78896</i>
                        <i>0.216613 0.973457 -0.0738933 0.904998 -0.228613 -0.358769 -0.366139 0.0108405 -0.930497 1.41649 2.18249 -1.78971</i>
                        <i>0.241796 0.966666 -0.0842154 0.898089 -0.255811 -0.357767 -0.367384 0.0108735 -0.930006 1.41467 2.18902 -1.79098</i>
                        <i>0.271175 0.957668 -0.096618 0.889157 -0.287678 -0.355866 -0.368596 0.0105933 -0.929529 1.41244 2.19677 -1.79277</i>
                        <i>0.301474 0.947132 -0.109793 0.87897 -0.320691 -0.352943 -0.369493 0.00989794 -0.929181 1.41 2.20498 -1.79502</i>
                        <i>0.329583 0.936166 -0.122343 0.868681 -0.351448 -0.349109 -0.369821 0.00878397 -0.929061 1.40753 2.21295 -1.79761</i>
                        <i>0.352588 0.926305 -0.132823 0.859802 -0.376704 -0.344725 -0.369355 0.00734433 -0.929259 1.40525 2.22006 -1.80036</i>
                        <i>0.367712 0.91937 -0.139808 0.854075 -0.393352 -0.340339 -0.367891 0.00573983 -0.929851 1.40334 2.22574 -1.80302</i>
                        <i>0.372205 0.917232 -0.141946 0.85327 -0.398332 -0.336543 -0.36523 0.00414485 -0.930908 1.40202 2.22951 -1.80536</i>
                        <i>0.363142 0.921456 -0.138007 0.858893 -0.388473 -0.333754 -0.361151 0.00266699 -0.932503 1.40145 2.23091 -1.80716</i>
                        <i>0.31144 0.943015 -0.117164 0.880652 -0.332745 -0.337244 -0.357012 0.0018509 -0.934098 1.40079 2.22816 -1.80726</i>
                        <i>0.19204 0.978809 -0.0710966 0.918325 -0.204778 -0.33874 -0.34612 -0.000238403 -0.93819 1.39909 2.22115 -1.8076</i>
                        <i>0.0645419 0.99758 -0.0258671 0.941505 -0.0694647 -0.329763 -0.330762 -0.0030704 -0.943709 1.39682 2.21179 -1.80824</i>
                        <i>-0.00331245 0.99998 -0.00543625 0.949655 0.0014426 -0.313295 -0.31328 -0.00620033 -0.94964 1.39445 2.20198 -1.80923</i>
                        <i>0.0275471 0.999454 -0.0182705 0.954758 -0.0317205 -0.295688 -0.296106 -0.00929854 -0.95511 1.39246 2.19365 -1.81059</i>
