<?xml version="1.0" encoding="ISO-8859-1" ?>
<Animl Version="1">
    <ModellingPackage><![CDATA[Maya.2010]]></ModellingPackage>
    <SrcFile><![CDATA[anims\turrets\mortar\red\~src\mortar_82pm41\mortar_82pm41_idle_crewman_a.mb]]></SrcFile>
    <FramesPerSecond>30</FramesPerSecond>
    <TotalFrames>120</TotalFrames>
    <Skeleton>
        <RefFrame>
            <Name><![CDATA[soldier_ref_frame]]></Name>
            <Exclude>0</Exclude>
            <Additive>0</Additive>
            <IKPriority>0</IKPriority>
            <IKRotLimits>-1e+010 -1e+010 -1e+010 1e+010 1e+010 1e+010</IKRotLimits>
            <IKRotLimitOrder>0</IKRotLimitOrder>
            <KeyFrames count="120">
                <i>1 0 0 0 1 0 0 0 1 1.05 0.91 -2.35</i>
                <i>1 0 0 0 1 0 0 0 1 1.05 0.91 -2.35</i>
                <i>1 0 0 0 1 0 0 0 1 1.05 0.91 -2.35</i>
                <i>1 0 0 0 1 0 0 0 1 1.05 0.91 -2.35</i>
                <i>1 0 0 0 1 0 0 0 1 1.05 0.91 -2.35</i>
                <i>1 0 0 0 1 0 0 0 1 1.05 0.91 -2.35</i>
                <i>1 0 0 0 1 0 0 0 1 1.05 0.91 -2.35</i>
                <i>1 0 0 0 1 0 0 0 1 1.05 0.91 -2.35</i>
                <i>1 0 0 0 1 0 0 0 1 1.05 0.91 -2.35</i>
                <i>1 0 0 0 1 0 0 0 1 1.05 0.91 -2.35</i>
                <i>1 0 0 0 1 0 0 0 1 1.05 0.91 -2.35</i>
                <i>1 0 0 0 1 0 0 0 1 1.05 0.91 -2.35</i>
                <i>1 0 0 0 1 0 0 0 1 1.05 0.91 -2.35</i>
                <i>1 0 0 0 1 0 0 0 1 1.05 0.91 -2.35</i>
                <i>1 0 0 0 1 0 0 0 1 1.05 0.91 -2.35</i>
                <i>1 0 0 0 1 0 0 0 1 1.05 0.91 -2.35</i>
                <i>1 0 0 0 1 0 0 0 1 1.05 0.91 -2.35</i>
                <i>1 0 0 0 1 0 0 0 1 1.05 0.91 -2.35</i>
                <i>1 0 0 0 1 0 0 0 1 1.05 0.91 -2.35</i>
                <i>1 0 0 0 1 0 0 0 1 1.05 0.91 -2.35</i>
                <i>1 0 0 0 1 0 0 0 1 1.05 0.91 -2.35</i>
                <i>1 0 0 0 1 0 0 0 1 1.05 0.91 -2.35</i>
                <i>1 0 0 0 1 0 0 0 1 1.05 0.91 -2.35</i>
                <i>1 0 0 0 1 0 0 0 1 1.05 0.91 -2.35</i>
                <i>1 0 0 0 1 0 0 0 1 1.05 0.91 -2.35</i>
                <i>1 0 0 0 1 0 0 0 1 1.05 0.91 -2.35</i>
                <i>1 0 0 0 1 0 0 0 1 1.05 0.91 -2.35</i>
                <i>1 0 0 0 1 0 0 0 1 1.05 0.91 -2.35</i>
                <i>1 0 0 0 1 0 0 0 1 1.05 0.91 -2.35</i>
                <i>1 0 0 0 1 0 0 0 1 1.05 0.91 -2.35</i>
                <i>1 0 0 0 1 0 0 0 1 1.05 0.91 -2.35</i>
                <i>1 0 0 0 1 0 0 0 1 1.05 0.91 -2.35</i>
                <i>1 0 0 0 1 0 0 0 1 1.05 0.91 -2.35</i>
                <i>1 0 0 0 1 0 0 0 1 1.05 0.91 -2.35</i>
                <i>1 0 0 0 1 0 0 0 1 1.05 0.91 -2.35</i>
                <i>1 0 0 0 1 0 0 0 1 1.05 0.91 -2.35</i>
                <i>1 0 0 0 1 0 0 0 1 1.05 0.91 -2.35</i>
                <i>1 0 0 0 1 0 0 0 1 1.05 0.91 -2.35</i>
                <i>1 0 0 0 1 0 0 0 1 1.05 0.91 -2.35</i>
                <i>1 0 0 0 1 0 0 0 1 1.05 0.91 -2.35</i>
                <i>1 0 0 0 1 0 0 0 1 1.05 0.91 -2.35</i>
                <i>1 0 0 0 1 0 0 0 1 1.05 0.91 -2.35</i>
                <i>1 0 0 0 1 0 0 0 1 1.05 0.91 -2.35</i>
                <i>1 0 0 0 1 0 0 0 1 1.05 0.91 -2.35</i>
                <i>1 0 0 0 1 0 0 0 1 1.05 0.91 -2.35</i>
                <i>1 0 0 0 1 0 0 0 1 1.05 0.91 -2.35</i>
                <i>1 0 0 0 1 0 0 0 1 1.05 0.91 -2.35</i>
                <i>1 0 0 0 1 0 0 0 1 1.05 0.91 -2.35</i>
                <i>1 0 0 0 1 0 0 0 1 1.05 0.91 -2.35</i>
                <i>1 0 0 0 1 0 0 0 1 1.05 0.91 -2.35</i>
                <i>1 0 0 0 1 0 0 0 1 1.05 0.91 -2.35</i>
                <i>1 0 0 0 1 0 0 0 1 1.05 0.91 -2.35</i>
                <i>1 0 0 0 1 0 0 0 1 1.05 0.91 -2.35</i>
                <i>1 0 0 0 1 0 0 0 1 1.05 0.91 -2.35</i>
                <i>1 0 0 0 1 0 0 0 1 1.05 0.91 -2.35</i>
                <i>1 0 0 0 1 0 0 0 1 1.05 0.91 -2.35</i>
                <i>1 0 0 0 1 0 0 0 1 1.05 0.91 -2.35</i>
                <i>1 0 0 0 1 0 0 0 1 1.05 0.91 -2.35</i>
                <i>1 0 0 0 1 0 0 0 1 1.05 0.91 -2.35</i>
                <i>1 0 0 0 1 0 0 0 1 1.05 0.91 -2.35</i>
                <i>1 0 0 0 1 0 0 0 1 1.05 0.91 -2.35</i>
                <i>1 0 0 0 1 0 0 0 1 1.05 0.91 -2.35</i>
                <i>1 0 0 0 1 0 0 0 1 1.05 0.91 -2.35</i>
                <i>1 0 0 0 1 0 0 0 1 1.05 0.91 -2.35</i>
                <i>1 0 0 0 1 0 0 0 1 1.05 0.91 -2.35</i>
                <i>1 0 0 0 1 0 0 0 1 1.05 0.91 -2.35</i>
                <i>1 0 0 0 1 0 0 0 1 1.05 0.91 -2.35</i>
                <i>1 0 0 0 1 0 0 0 1 1.05 0.91 -2.35</i>
                <i>1 0 0 0 1 0 0 0 1 1.05 0.91 -2.35</i>
                <i>1 0 0 0 1 0 0 0 1 1.05 0.91 -2.35</i>
                <i>1 0 0 0 1 0 0 0 1 1.05 0.91 -2.35</i>
                <i>1 0 0 0 1 0 0 0 1 1.05 0.91 -2.35</i>
                <i>1 0 0 0 1 0 0 0 1 1.05 0.91 -2.35</i>
                <i>1 0 0 0 1 0 0 0 1 1.05 0.91 -2.35</i>
                <i>1 0 0 0 1 0 0 0 1 1.05 0.91 -2.35</i>
                <i>1 0 0 0 1 0 0 0 1 1.05 0.91 -2.35</i>
                <i>1 0 0 0 1 0 0 0 1 1.05 0.91 -2.35</i>
                <i>1 0 0 0 1 0 0 0 1 1.05 0.91 -2.35</i>
                <i>1 0 0 0 1 0 0 0 1 1.05 0.91 -2.35</i>
                <i>1 0 0 0 1 0 0 0 1 1.05 0.91 -2.35</i>
                <i>1 0 0 0 1 0 0 0 1 1.05 0.91 -2.35</i>
                <i>1 0 0 0 1 0 0 0 1 1.05 0.91 -2.35</i>
                <i>1 0 0 0 1 0 0 0 1 1.05 0.91 -2.35</i>
                <i>1 0 0 0 1 0 0 0 1 1.05 0.91 -2.35</i>
                <i>1 0 0 0 1 0 0 0 1 1.05 0.91 -2.35</i>
                <i>1 0 0 0 1 0 0 0 1 1.05 0.91 -2.35</i>
                <i>1 0 0 0 1 0 0 0 1 1.05 0.91 -2.35</i>
                <i>1 0 0 0 1 0 0 0 1 1.05 0.91 -2.35</i>
                <i>1 0 0 0 1 0 0 0 1 1.05 0.91 -2.35</i>
                <i>1 0 0 0 1 0 0 0 1 1.05 0.91 -2.35</i>
                <i>1 0 0 0 1 0 0 0 1 1.05 0.91 -2.35</i>
                <i>1 0 0 0 1 0 0 0 1 1.05 0.91 -2.35</i>
                <i>1 0 0 0 1 0 0 0 1 1.05 0.91 -2.35</i>
                <i>1 0 0 0 1 0 0 0 1 1.05 0.91 -2.35</i>
                <i>1 0 0 0 1 0 0 0 1 1.05 0.91 -2.35</i>
                <i>1 0 0 0 1 0 0 0 1 1.05 0.91 -2.35</i>
                <i>1 0 0 0 1 0 0 0 1 1.05 0.91 -2.35</i>
                <i>1 0 0 0 1 0 0 0 1 1.05 0.91 -2.35</i>
                <i>1 0 0 0 1 0 0 0 1 1.05 0.91 -2.35</i>
                <i>1 0 0 0 1 0 0 0 1 1.05 0.91 -2.35</i>
                <i>1 0 0 0 1 0 0 0 1 1.05 0.91 -2.35</i>
                <i>1 0 0 0 1 0 0 0 1 1.05 0.91 -2.35</i>
                <i>1 0 0 0 1 0 0 0 1 1.05 0.91 -2.35</i>
                <i>1 0 0 0 1 0 0 0 1 1.05 0.91 -2.35</i>
                <i>1 0 0 0 1 0 0 0 1 1.05 0.91 -2.35</i>
                <i>1 0 0 0 1 0 0 0 1 1.05 0.91 -2.35</i>
                <i>1 0 0 0 1 0 0 0 1 1.05 0.91 -2.35</i>
                <i>1 0 0 0 1 0 0 0 1 1.05 0.91 -2.35</i>
                <i>1 0 0 0 1 0 0 0 1 1.05 0.91 -2.35</i>
                <i>1 0 0 0 1 0 0 0 1 1.05 0.91 -2.35</i>
                <i>1 0 0 0 1 0 0 0 1 1.05 0.91 -2.35</i>
                <i>1 0 0 0 1 0 0 0 1 1.05 0.91 -2.35</i>
                <i>1 0 0 0 1 0 0 0 1 1.05 0.91 -2.35</i>
                <i>1 0 0 0 1 0 0 0 1 1.05 0.91 -2.35</i>
                <i>1 0 0 0 1 0 0 0 1 1.05 0.91 -2.35</i>
                <i>1 0 0 0 1 0 0 0 1 1.05 0.91 -2.35</i>
                <i>1 0 0 0 1 0 0 0 1 1.05 0.91 -2.35</i>
                <i>1 0 0 0 1 0 0 0 1 1.05 0.91 -2.35</i>
                <i>1 0 0 0 1 0 0 0 1 1.05 0.91 -2.35</i>
                <i>1 0 0 0 1 0 0 0 1 1.05 0.91 -2.35</i>
            </KeyFrames>
        </RefFrame>
        <Bones count="23">
            <i>
                <p>
                    <Name><![CDATA[pelvis]]></Name>
                    <Exclude>0</Exclude>
                    <Additive>0</Additive>
                    <IKPriority>0</IKPriority>
                    <IKRotLimits>-1e+010 -1e+010 -1e+010 1e+010 1e+010 1e+010</IKRotLimits>
                    <IKRotLimitOrder>2</IKRotLimitOrder>
                    <KeyFrames count="120">
                        <i>1 0 0 0 1 0 0 0 1 0.693859 1.82254 -2.17089</i>
                        <i>1 0 0 0 1 0 0 0 1 0.693859 1.82262 -2.17089</i>
                        <i>1 0 0 0 1 0 0 0 1 0.693859 1.82285 -2.17089</i>
                        <i>1 0 0 0 1 0 0 0 1 0.693859 1.82322 -2.17089</i>
                        <i>1 0 0 0 1 0 0 0 1 0.693859 1.82371 -2.17089</i>
                        <i>1 0 0 0 1 0 0 0 1 0.693859 1.82432 -2.17089</i>
                        <i>1 0 0 0 1 0 0 0 1 0.693859 1.82503 -2.17089</i>
                        <i>1 0 0 0 1 0 0 0 1 0.693859 1.82582 -2.17089</i>
                        <i>1 0 0 0 1 0 0 0 1 0.693859 1.82668 -2.17089</i>
                        <i>1 0 0 0 1 0 0 0 1 0.693859 1.8276 -2.17089</i>
                        <i>1 0 0 0 1 0 0 0 1 0.693859 1.82856 -2.17089</i>
                        <i>1 0 0 0 1 0 0 0 1 0.693859 1.82956 -2.17089</i>
                        <i>1 0 0 0 1 0 0 0 1 0.693859 1.83058 -2.17089</i>
                        <i>1 0 0 0 1 0 0 0 1 0.693859 1.8316 -2.17089</i>
                        <i>1 0 0 0 1 0 0 0 1 0.693859 1.83261 -2.17089</i>
                        <i>1 0 0 0 1 0 0 0 1 0.693859 1.8336 -2.17089</i>
                        <i>1 0 0 0 1 0 0 0 1 0.693859 1.83456 -2.17089</i>
                        <i>1 0 0 0 1 0 0 0 1 0.693859 1.83546 -2.17089</i>
                        <i>1 0 0 0 1 0 0 0 1 0.693859 1.83631 -2.17089</i>
                        <i>1 0 0 0 1 0 0 0 1 0.693859 1.83708 -2.17089</i>
                        <i>1 0 0 0 1 0 0 0 1 0.693859 1.83777 -2.17089</i>
                        <i>1 0 0 0 1 0 0 0 1 0.693859 1.83835 -2.17089</i>
                        <i>1 0 0 0 1 0 0 0 1 0.693859 1.83882 -2.17089</i>
                        <i>1 0 0 0 1 0 0 0 1 0.693859 1.83916 -2.17089</i>
                        <i>1 0 0 0 1 0 0 0 1 0.693859 1.83936 -2.17089</i>
                        <i>1 0 0 0 1 0 0 0 1 0.693859 1.83938 -2.17089</i>
                        <i>1 0 0 0 1 0 0 0 1 0.693859 1.83924 -2.17089</i>
                        <i>1 0 0 0 1 0 0 0 1 0.693859 1.83893 -2.17089</i>
                        <i>1 0 0 0 1 0 0 0 1 0.693859 1.83849 -2.17089</i>
                        <i>1 0 0 0 1 0 0 0 1 0.693859 1.83792 -2.17089</i>
                        <i>1 0 0 0 1 0 0 0 1 0.693859 1.83726 -2.17089</i>
                        <i>1 0 0 0 1 0 0 0 1 0.693859 1.83651 -2.17089</i>
                        <i>1 0 0 0 1 0 0 0 1 0.693859 1.8357 -2.17089</i>
                        <i>1 0 0 0 1 0 0 0 1 0.693859 1.83485 -2.17089</i>
                        <i>1 0 0 0 1 0 0 0 1 0.693859 1.83397 -2.17089</i>
                        <i>1 0 0 0 1 0 0 0 1 0.693859 1.83309 -2.17089</i>
                        <i>1 0 0 0 1 0 0 0 1 0.693859 1.83222 -2.17089</i>
                        <i>1 0 0 0 1 0 0 0 1 0.693859 1.83138 -2.17089</i>
                        <i>1 0 0 0 1 0 0 0 1 0.693859 1.83059 -2.17089</i>
                        <i>1 0 0 0 1 0 0 0 1 0.693859 1.82987 -2.17089</i>
                        <i>1 0 0 0 1 0 0 0 1 0.693859 1.82923 -2.17089</i>
                        <i>1 0 0 0 1 0 0 0 1 0.693859 1.82871 -2.17089</i>
                        <i>1 0 0 0 1 0 0 0 1 0.693859 1.82831 -2.17089</i>
                        <i>1 0 0 0 1 0 0 0 1 0.693859 1.82806 -2.17089</i>
                        <i>1 0 0 0 1 0 0 0 1 0.693859 1.82797 -2.17089</i>
                        <i>1 0 0 0 1 0 0 0 1 0.693859 1.82806 -2.17089</i>
                        <i>1 0 0 0 1 0 0 0 1 0.693859 1.82831 -2.17089</i>
                        <i>1 0 0 0 1 0 0 0 1 0.693859 1.82871 -2.17089</i>
                        <i>1 0 0 0 1 0 0 0 1 0.693859 1.82923 -2.17089</i>
                        <i>1 0 0 0 1 0 0 0 1 0.693859 1.82986 -2.17089</i>
                        <i>1 0 0 0 1 0 0 0 1 0.693859 1.83058 -2.17089</i>
                        <i>1 0 0 0 1 0 0 0 1 0.693859 1.83137 -2.17089</i>
                        <i>1 0 0 0 1 0 0 0 1 0.693859 1.83221 -2.17089</i>
                        <i>1 0 0 0 1 0 0 0 1 0.693859 1.83308 -2.17089</i>
                        <i>1 0 0 0 1 0 0 0 1 0.693859 1.83397 -2.17089</i>
                        <i>1 0 0 0 1 0 0 0 1 0.693859 1.83484 -2.17089</i>
                        <i>1 0 0 0 1 0 0 0 1 0.693859 1.8357 -2.17089</i>
                        <i>1 0 0 0 1 0 0 0 1 0.693859 1.83651 -2.17089</i>
                        <i>1 0 0 0 1 0 0 0 1 0.693859 1.83725 -2.17089</i>
                        <i>1 0 0 0 1 0 0 0 1 0.693859 1.83792 -2.17089</i>
                        <i>1 0 0 0 1 0 0 0 1 0.693859 1.83848 -2.17089</i>
                        <i>1 0 0 0 1 0 0 0 1 0.693859 1.83893 -2.17089</i>
                        <i>1 0 0 0 1 0 0 0 1 0.693859 1.83923 -2.17089</i>
                        <i>1 0 0 0 1 0 0 0 1 0.693859 1.83938 -2.17089</i>
                        <i>1 0 0 0 1 0 0 0 1 0.693859 1.83936 -2.17089</i>
                        <i>1 0 0 0 1 0 0 0 1 0.693859 1.83942 -2.17089</i>
                        <i>1 0 0 0 1 0 0 0 1 0.693859 1.83933 -2.17089</i>
                        <i>1 0 0 0 1 0 0 0 1 0.693859 1.83911 -2.17089</i>
                        <i>1 0 0 0 1 0 0 0 1 0.693859 1.83876 -2.17089</i>
                        <i>1 0 0 0 1 0 0 0 1 0.693859 1.8383 -2.17089</i>
                        <i>1 0 0 0 1 0 0 0 1 0.693859 1.83773 -2.17089</i>
                        <i>1 0 0 0 1 0 0 0 1 0.693859 1.83708 -2.17089</i>
                        <i>1 0 0 0 1 0 0 0 1 0.693859 1.83634 -2.17089</i>
                        <i>1 0 0 0 1 0 0 0 1 0.693859 1.83553 -2.17089</i>
                        <i>1 0 0 0 1 0 0 0 1 0.693859 1.83467 -2.17089</i>
                        <i>1 0 0 0 1 0 0 0 1 0.693859 1.83376 -2.17089</i>
                        <i>1 0 0 0 1 0 0 0 1 0.693859 1.83282 -2.17089</i>
                        <i>1 0 0 0 1 0 0 0 1 0.693859 1.83185 -2.17089</i>
                        <i>1 0 0 0 1 0 0 0 1 0.693859 1.83087 -2.17089</i>
                        <i>1 0 0 0 1 0 0 0 1 0.693859 1.82989 -2.17089</i>
                        <i>1 0 0 0 1 0 0 0 1 0.693859 1.82892 -2.17089</i>
                        <i>1 0 0 0 1 0 0 0 1 0.693859 1.82797 -2.17089</i>
                        <i>1 0 0 0 1 0 0 0 1 0.693859 1.82706 -2.17089</i>
                        <i>1 0 0 0 1 0 0 0 1 0.693859 1.82619 -2.17089</i>
                        <i>1 0 0 0 1 0 0 0 1 0.693859 1.82538 -2.17089</i>
                        <i>1 0 0 0 1 0 0 0 1 0.693859 1.82463 -2.17089</i>
                        <i>1 0 0 0 1 0 0 0 1 0.693859 1.82396 -2.17089</i>
                        <i>1 0 0 0 1 0 0 0 1 0.693859 1.82338 -2.17089</i>
                        <i>1 0 0 0 1 0 0 0 1 0.693859 1.8229 -2.17089</i>
                        <i>1 0 0 0 1 0 0 0 1 0.693859 1.82254 -2.17089</i>
                        <i>1 0 0 0 1 0 0 0 1 0.693859 1.82225 -2.17089</i>
                        <i>1 0 0 0 1 0 0 0 1 0.693859 1.822 -2.17089</i>
                        <i>1 0 0 0 1 0 0 0 1 0.693859 1.82179 -2.17089</i>
                        <i>1 0 0 0 1 0 0 0 1 0.693859 1.82162 -2.17089</i>
                        <i>1 0 0 0 1 0 0 0 1 0.693859 1.82147 -2.17089</i>
                        <i>1 0 0 0 1 0 0 0 1 0.693859 1.82136 -2.17089</i>
                        <i>1 0 0 0 1 0 0 0 1 0.693859 1.82128 -2.17089</i>
                        <i>1 0 0 0 1 0 0 0 1 0.693859 1.82122 -2.17089</i>
                        <i>1 0 0 0 1 0 0 0 1 0.693859 1.82119 -2.17089</i>
                        <i>1 0 0 0 1 0 0 0 1 0.693859 1.82118 -2.17089</i>
                        <i>1 0 0 0 1 0 0 0 1 0.693859 1.82119 -2.17089</i>
                        <i>1 0 0 0 1 0 0 0 1 0.693859 1.82122 -2.17089</i>
                        <i>1 0 0 0 1 0 0 0 1 0.693859 1.82126 -2.17089</i>
                        <i>1 0 0 0 1 0 0 0 1 0.693859 1.82132 -2.17089</i>
                        <i>1 0 0 0 1 0 0 0 1 0.693859 1.82139 -2.17089</i>
                        <i>1 0 0 0 1 0 0 0 1 0.693859 1.82147 -2.17089</i>
                        <i>1 0 0 0 1 0 0 0 1 0.693859 1.82156 -2.17089</i>
                        <i>1 0 0 0 1 0 0 0 1 0.693859 1.82166 -2.17089</i>
                        <i>1 0 0 0 1 0 0 0 1 0.693859 1.82176 -2.17089</i>
                        <i>1 0 0 0 1 0 0 0 1 0.693859 1.82186 -2.17089</i>
                        <i>1 0 0 0 1 0 0 0 1 0.693859 1.82196 -2.17089</i>
                        <i>1 0 0 0 1 0 0 0 1 0.693859 1.82206 -2.17089</i>
                        <i>1 0 0 0 1 0 0 0 1 0.693859 1.82215 -2.17089</i>
                        <i>1 0 0 0 1 0 0 0 1 0.693859 1.82224 -2.17089</i>
                        <i>1 0 0 0 1 0 0 0 1 0.693859 1.82232 -2.17089</i>
                        <i>1 0 0 0 1 0 0 0 1 0.693859 1.8224 -2.17089</i>
                        <i>1 0 0 0 1 0 0 0 1 0.693859 1.82245 -2.17089</i>
                        <i>1 0 0 0 1 0 0 0 1 0.693859 1.8225 -2.17089</i>
                        <i>1 0 0 0 1 0 0 0 1 0.693859 1.82253 -2.17089</i>
                        <i>1 0 0 0 1 0 0 0 1 0.693859 1.82254 -2.17089</i>
                    </KeyFrames>
                </p>
            </i>
            <i>
                <p>
                    <Name><![CDATA[spine0]]></Name>
                    <Exclude>0</Exclude>
                    <Additive>0</Additive>
                    <IKPriority>0</IKPriority>
                    <IKRotLimits>-1e+010 -1e+010 -1e+010 1e+010 1e+010 1e+010</IKRotLimits>
                    <IKRotLimitOrder>0</IKRotLimitOrder>
                    <KeyFrames count="120">
                        <i>-0.175698 0.974356 0.140573 -0.339654 0.0740272 -0.937633 -0.923994 -0.212486 0.317938 0.706564 1.96547 -2.18118</i>
                        <i>-0.176166 0.974207 0.141018 -0.339685 0.0742938 -0.9376 -0.923894 -0.213075 0.317836 0.70659 1.96554 -2.18119</i>
                        <i>-0.176945 0.973946 0.141845 -0.339726 0.0748227 -0.937544 -0.92373 -0.214082 0.317635 0.706667 1.96577 -2.18121</i>
                        <i>-0.17798 0.97359 0.142988 -0.339768 0.075571 -0.937468 -0.923516 -0.215433 0.317344 0.706792 1.96612 -2.18125</i>
                        <i>-0.17922 0.973157 0.144383 -0.339804 0.0764958 -0.93738 -0.923262 -0.217059 0.316973 0.706963 1.9666 -2.18131</i>
                        <i>-0.18061 0.972663 0.145965 -0.339827 0.0775549 -0.937285 -0.922983 -0.218886 0.316531 0.707176 1.96718 -2.18138</i>
                        <i>-0.182099 0.972128 0.14767 -0.33983 0.0787054 -0.937188 -0.922689 -0.220843 0.316026 0.707429 1.96785 -2.18146</i>
                        <i>-0.183632 0.971571 0.149431 -0.339805 0.0799042 -0.937096 -0.922395 -0.222858 0.315471 0.70772 1.96861 -2.18156</i>
                        <i>-0.185155 0.97101 0.151184 -0.339744 0.0811075 -0.937014 -0.922113 -0.224856 0.314878 0.708045 1.96943 -2.18166</i>
                        <i>-0.186613 0.970469 0.15286 -0.339642 0.0822703 -0.93695 -0.921856 -0.226765 0.314259 0.708402 1.97031 -2.18178</i>
                        <i>-0.187953 0.969967 0.154393 -0.339493 0.0833471 -0.936909 -0.921639 -0.22851 0.313631 0.708788 1.97122 -2.18191</i>
                        <i>-0.189117 0.96953 0.155714 -0.339289 0.0842912 -0.936898 -0.921476 -0.230016 0.31301 0.709201 1.97217 -2.18204</i>
                        <i>-0.190052 0.969179 0.156754 -0.339028 0.0850549 -0.936924 -0.92138 -0.231208 0.312414 0.709637 1.97312 -2.18218</i>
                        <i>-0.190701 0.96894 0.157443 -0.338704 0.0855896 -0.936992 -0.921365 -0.232012 0.311861 0.710095 1.97408 -2.18233</i>
                        <i>-0.191012 0.968835 0.157711 -0.338313 0.0858463 -0.93711 -0.921444 -0.232355 0.311372 0.710571 1.97502 -2.18249</i>
                        <i>-0.190826 0.96893 0.157355 -0.337839 0.085682 -0.937296 -0.921656 -0.232021 0.310992 0.711062 1.97594 -2.18265</i>
                        <i>-0.190098 0.969242 0.15631 -0.33728 0.0850492 -0.937555 -0.922011 -0.230948 0.310738 0.711566 1.97682 -2.18281</i>
                        <i>-0.188934 0.969725 0.154717 -0.336658 0.0840426 -0.937869 -0.922478 -0.229282 0.310587 0.712081 1.97765 -2.18298</i>
                        <i>-0.18744 0.970332 0.152716 -0.335995 0.0827577 -0.938221 -0.923024 -0.227172 0.310514 0.712603 1.97842 -2.18315</i>
                        <i>-0.185721 0.971017 0.150446 -0.335309 0.0812901 -0.938595 -0.923621 -0.224762 0.310493 0.71313 1.9791 -2.18332</i>
                        <i>-0.183859 0.971742 0.148032 -0.334618 0.0797286 -0.938975 -0.924244 -0.222173 0.310504 0.713659 1.9797 -2.18349</i>
                        <i>-0.181957 0.972465 0.145611 -0.33394 0.0781693 -0.939348 -0.924865 -0.219546 0.310521 0.714188 1.98019 -2.18366</i>
                        <i>-0.180137 0.973142 0.14334 -0.33329 0.0767186 -0.939698 -0.925456 -0.217048 0.310519 0.714713 1.98057 -2.18383</i>
                        <i>-0.178519 0.973727 0.141371 -0.332685 0.0754831 -0.940012 -0.925987 -0.214842 0.31047 0.715233 1.98082 -2.184</i>
                        <i>-0.177225 0.974182 0.139862 -0.332139 0.0745712 -0.940278 -0.926431 -0.213094 0.310348 0.715744 1.98092 -2.18417</i>
                        <i>-0.176291 0.974493 0.138872 -0.331648 0.0740297 -0.940494 -0.926785 -0.211857 0.310137 0.716255 1.98085 -2.18433</i>
                        <i>-0.175635 0.974693 0.138293 -0.331191 0.0737873 -0.940674 -0.927073 -0.211017 0.30985 0.716774 1.98061 -2.1845</i>
                        <i>-0.175201 0.974808 0.138038 -0.330762 0.0737784 -0.940826 -0.927309 -0.210491 0.309503 0.717297 1.9802 -2.18467</i>
                        <i>-0.174931 0.97486 0.138015 -0.330352 0.0739359 -0.940957 -0.927506 -0.210196 0.309113 0.717821 1.97965 -2.18484</i>
                        <i>-0.174768 0.974872 0.138131 -0.329955 0.0741908 -0.941077 -0.927678 -0.210048 0.308698 0.718342 1.97898 -2.18501</i>
                        <i>-0.174653 0.97487 0.138292 -0.329565 0.0744711 -0.941191 -0.927838 -0.209958 0.308276 0.718855 1.97821 -2.18517</i>
                        <i>-0.174524 0.974878 0.138397 -0.329176 0.0747018 -0.941309 -0.928 -0.209838 0.30787 0.719358 1.97736 -2.18534</i>
                        <i>-0.174317 0.974923 0.138344 -0.328785 0.074805 -0.941438 -0.928178 -0.209594 0.3075 0.719847 1.97644 -2.18549</i>
                        <i>-0.173968 0.97503 0.138026 -0.328386 0.0747 -0.941585 -0.928384 -0.209132 0.307191 0.720317 1.97549 -2.18565</i>
                        <i>-0.173413 0.975226 0.137338 -0.327978 0.0743046 -0.941758 -0.928632 -0.208358 0.306968 0.720766 1.97451 -2.18579</i>
                        <i>-0.172658 0.975512 0.136256 -0.327564 0.0735936 -0.941959 -0.928919 -0.207269 0.306836 0.721189 1.97353 -2.18593</i>
                        <i>-0.171797 0.975854 0.134891 -0.327155 0.0726408 -0.942175 -0.929223 -0.205993 0.306776 0.721583 1.97256 -2.18605</i>
                        <i>-0.170903 0.976224 0.133339 -0.326761 0.071514 -0.942397 -0.929526 -0.204628 0.30677 0.721944 1.97164 -2.18617</i>
                        <i>-0.170048 0.976596 0.131697 -0.326393 0.0702822 -0.942618 -0.929813 -0.203275 0.306803 0.72227 1.97077 -2.18627</i>
                        <i>-0.169304 0.976944 0.130063 -0.326058 0.0690152 -0.942827 -0.930066 -0.202033 0.306856 0.722555 1.96998 -2.18637</i>
                        <i>-0.168742 0.977244 0.128535 -0.325764 0.0677831 -0.943018 -0.930271 -0.200999 0.306913 0.722796 1.96929 -2.18644</i>
                        <i>-0.16843 0.977471 0.127209 -0.32552 0.0666559 -0.943183 -0.930413 -0.200269 0.306959 0.72299 1.96872 -2.18651</i>
                        <i>-0.168435 0.977603 0.126182 -0.325331 0.0657035 -0.943315 -0.930478 -0.199938 0.306978 0.723133 1.96829 -2.18655</i>
                        <i>-0.168824 0.977618 0.125548 -0.325205 0.0649955 -0.943407 -0.930452 -0.200098 0.306953 0.723222 1.96802 -2.18658</i>
                        <i>-0.169661 0.977491 0.125404 -0.325149 0.064602 -0.943454 -0.930319 -0.200842 0.30687 0.723252 1.96792 -2.18659</i>
                        <i>-0.171339 0.977171 0.125617 -0.32515 0.0642734 -0.943476 -0.930011 -0.202498 0.306714 0.723216 1.96802 -2.18658</i>
                        <i>-0.174031 0.976648 0.125983 -0.325186 0.0637615 -0.943498 -0.929498 -0.205166 0.306496 0.723109 1.96829 -2.18654</i>
                        <i>-0.177475 0.975963 0.126491 -0.32526 0.063138 -0.943514 -0.928821 -0.208592 0.306236 0.722939 1.96873 -2.18649</i>
                        <i>-0.181409 0.975156 0.127125 -0.325371 0.0624722 -0.94352 -0.928022 -0.212526 0.305955 0.72271 1.96931 -2.18642</i>
                        <i>-0.185575 0.974275 0.127869 -0.325521 0.0618283 -0.943511 -0.927145 -0.216716 0.305673 0.722429 1.97001 -2.18633</i>
                        <i>-0.189719 0.973367 0.1287 -0.325709 0.0612646 -0.943483 -0.92624 -0.220915 0.305412 0.722101 1.97081 -2.18622</i>
                        <i>-0.193592 0.972486 0.129589 -0.325938 0.0608332 -0.943432 -0.925358 -0.224879 0.305193 0.721731 1.97168 -2.1861</i>
                        <i>-0.19695 0.971689 0.130506 -0.326207 0.0605818 -0.943355 -0.924554 -0.228365 0.30504 0.721325 1.97262 -2.18597</i>
                        <i>-0.199551 0.971035 0.131418 -0.326519 0.0605566 -0.943249 -0.923886 -0.231136 0.304978 0.72089 1.97359 -2.18583</i>
                        <i>-0.201152 0.970585 0.132297 -0.326878 0.0608066 -0.943108 -0.923411 -0.232953 0.305032 0.72043 1.97458 -2.18568</i>
                        <i>-0.202032 0.9703 0.133041 -0.327262 0.06115 -0.942953 -0.923083 -0.234046 0.305188 0.719951 1.97556 -2.18553</i>
                        <i>-0.202224 0.970272 0.132955 -0.327594 0.0609202 -0.942852 -0.922923 -0.234223 0.305536 0.719459 1.97652 -2.18537</i>
                        <i>-0.201823 0.970457 0.132215 -0.327881 0.0602576 -0.942796 -0.922909 -0.233629 0.306033 0.71896 1.97743 -2.18521</i>
                        <i>-0.200925 0.970808 0.130996 -0.328128 0.0593011 -0.94277 -0.923017 -0.23241 0.306635 0.718459 1.97828 -2.18505</i>
                        <i>-0.199623 0.971282 0.129469 -0.328347 0.0581844 -0.942764 -0.923222 -0.230708 0.307302 0.717963 1.97905 -2.18489</i>
                        <i>-0.198017 0.971831 0.127804 -0.328546 0.0570383 -0.942764 -0.923497 -0.228673 0.307997 0.717476 1.97971 -2.18473</i>
                        <i>-0.196273 0.972392 0.126218 -0.328743 0.0560165 -0.942757 -0.923799 -0.226531 0.308672 0.717005 1.98025 -2.18458</i>
                        <i>-0.194527 0.972913 0.124899 -0.328952 0.0552521 -0.942729 -0.924094 -0.224472 0.309293 0.716555 1.98064 -2.18443</i>
                        <i>-0.192912 0.973346 0.124026 -0.32919 0.0548734 -0.942668 -0.924348 -0.222681 0.30983 0.716133 1.98087 -2.18429</i>
                        <i>-0.191565 0.973643 0.123782 -0.329475 0.0550058 -0.942561 -0.924527 -0.221344 0.310254 0.715744 1.98092 -2.18417</i>
                        <i>-0.190586 0.973776 0.124243 -0.32983 0.0556853 -0.942396 -0.924602 -0.220587 0.310568 0.715366 1.98105 -2.18405</i>
                        <i>-0.18994 0.97377 0.125281 -0.330261 0.0567966 -0.942179 -0.924581 -0.220333 0.310811 0.714974 1.98104 -2.18392</i>
                        <i>-0.189561 0.973651 0.126767 -0.330755 0.0582408 -0.941918 -0.924482 -0.22048 0.311 0.714571 1.98088 -2.18379</i>
                        <i>-0.189379 0.973449 0.128576 -0.331299 0.0599198 -0.941621 -0.924325 -0.220921 0.311155 0.714158 1.98061 -2.18365</i>
                        <i>-0.189323 0.973194 0.130577 -0.331878 0.0617352 -0.9413 -0.924129 -0.221546 0.311294 0.713738 1.98022 -2.18352</i>
                        <i>-0.189315 0.972917 0.132638 -0.332478 0.0635872 -0.940965 -0.923915 -0.222238 0.311435 0.713311 1.97972 -2.18338</i>
                        <i>-0.189271 0.972653 0.134622 -0.333081 0.065375 -0.940629 -0.923706 -0.222874 0.311598 0.71288 1.97914 -2.18324</i>
                        <i>-0.189105 0.972439 0.136391 -0.333669 0.0669971 -0.940307 -0.923528 -0.223326 0.311803 0.712447 1.97847 -2.1831</i>
                        <i>-0.188724 0.972314 0.137803 -0.334224 0.0683523 -0.940012 -0.923405 -0.22346 0.312071 0.712014 1.97773 -2.18296</i>
                        <i>-0.188034 0.972317 0.138718 -0.334726 0.0693418 -0.939761 -0.923364 -0.22314 0.312421 0.711582 1.97694 -2.18282</i>
                        <i>-0.1871 0.972425 0.139221 -0.335179 0.0700242 -0.939548 -0.92339 -0.222454 0.312835 0.711153 1.97609 -2.18268</i>
                        <i>-0.186066 0.972582 0.139513 -0.335605 0.0705418 -0.939358 -0.923444 -0.221604 0.313278 0.71073 1.97521 -2.18254</i>
                        <i>-0.184958 0.972776 0.13963 -0.336005 0.0709227 -0.939186 -0.923521 -0.220627 0.31374 0.710314 1.9743 -2.1824</i>
                        <i>-0.183802 0.972998 0.139612 -0.336381 0.0711948 -0.939031 -0.923615 -0.219558 0.314212 0.709907 1.97338 -2.18227</i>
                        <i>-0.182624 0.973237 0.139495 -0.336735 0.0713851 -0.93889 -0.92372 -0.218436 0.314686 0.709511 1.97246 -2.18214</i>
                        <i>-0.181451 0.973482 0.139317 -0.33707 0.0715197 -0.938759 -0.923829 -0.217298 0.315154 0.709127 1.97154 -2.18202</i>
                        <i>-0.180312 0.973722 0.139113 -0.337388 0.0716236 -0.938637 -0.923936 -0.216183 0.315608 0.708758 1.97064 -2.1819</i>
                        <i>-0.179235 0.973949 0.138919 -0.337692 0.0717206 -0.93852 -0.924034 -0.215127 0.31604 0.708406 1.96977 -2.18178</i>
                        <i>-0.178246 0.974152 0.138769 -0.337986 0.0718338 -0.938406 -0.924118 -0.214169 0.316445 0.708072 1.96894 -2.18167</i>
                        <i>-0.177374 0.974321 0.138695 -0.33827 0.0719849 -0.938292 -0.924182 -0.213345 0.316815 0.707759 1.96817 -2.18157</i>
                        <i>-0.176645 0.974449 0.13873 -0.338548 0.0721949 -0.938175 -0.924219 -0.212691 0.317145 0.707468 1.96745 -2.18148</i>
                        <i>-0.176087 0.974525 0.138905 -0.338823 0.0724842 -0.938054 -0.924225 -0.212243 0.317428 0.707201 1.96682 -2.18139</i>
                        <i>-0.175725 0.974541 0.139249 -0.339098 0.0728728 -0.937924 -0.924193 -0.212036 0.317659 0.70696 1.96626 -2.18131</i>
                        <i>-0.175586 0.974488 0.139795 -0.339374 0.0733804 -0.937785 -0.924118 -0.212105 0.317831 0.706747 1.96581 -2.18124</i>
                        <i>-0.175698 0.974356 0.140573 -0.339654 0.0740272 -0.937633 -0.923994 -0.212486 0.317938 0.706564 1.96547 -2.18118</i>
                        <i>-0.176168 0.974109 0.141692 -0.339955 0.0748795 -0.937456 -0.923794 -0.213318 0.317962 0.706407 1.9652 -2.18113</i>
                        <i>-0.177044 0.97373 0.143196 -0.340286 0.0759603 -0.937249 -0.923505 -0.214661 0.317898 0.706272 1.96497 -2.18108</i>
                        <i>-0.178263 0.973238 0.145015 -0.340638 0.0772255 -0.937018 -0.92314 -0.216434 0.317755 0.706157 1.96477 -2.18105</i>
                        <i>-0.179764 0.972652 0.147082 -0.341003 0.0786319 -0.936768 -0.922714 -0.218553 0.317542 0.70606 1.9646 -2.18102</i>
                        <i>-0.181483 0.97199 0.149327 -0.341374 0.0801368 -0.936505 -0.922241 -0.220937 0.317268 0.705982 1.96447 -2.18099</i>
                        <i>-0.183357 0.971274 0.151683 -0.341742 0.0816973 -0.936236 -0.921734 -0.223501 0.316945 0.70592 1.96436 -2.18097</i>
                        <i>-0.185319 0.970524 0.15408 -0.342099 0.0832706 -0.935967 -0.921209 -0.226163 0.316583 0.705874 1.96428 -2.18095</i>
                        <i>-0.187306 0.969763 0.156448 -0.342436 0.0848134 -0.935705 -0.920681 -0.228837 0.316196 0.705843 1.96423 -2.18094</i>
                        <i>-0.189251 0.969016 0.158718 -0.342747 0.0862819 -0.935457 -0.920168 -0.231436 0.315798 0.705825 1.9642 -2.18094</i>
                        <i>-0.191086 0.96831 0.160817 -0.343021 0.0876318 -0.935231 -0.919686 -0.233874 0.315406 0.705819 1.96419 -2.18094</i>
                        <i>-0.192745 0.96767 0.162676 -0.343253 0.0888183 -0.935034 -0.919253 -0.236062 0.315036 0.705824 1.9642 -2.18094</i>
                        <i>-0.19416 0.967127 0.16422 -0.343433 0.0897961 -0.934875 -0.918889 -0.237913 0.314708 0.70584 1.96422 -2.18094</i>
                        <i>-0.195261 0.966707 0.165378 -0.343553 0.0905195 -0.934761 -0.91861 -0.239339 0.31444 0.705864 1.96427 -2.18095</i>
                        <i>-0.195983 0.966442 0.166076 -0.343606 0.0909422 -0.9347 -0.918437 -0.24025 0.314252 0.705896 1.96432 -2.18096</i>
                        <i>-0.196257 0.966358 0.166242 -0.343583 0.0910181 -0.934701 -0.918387 -0.240559 0.314161 0.705935 1.96439 -2.18097</i>
                        <i>-0.195994 0.966489 0.165789 -0.343477 0.0906944 -0.934772 -0.918482 -0.240154 0.314191 0.70598 1.96446 -2.18099</i>
                        <i>-0.195209 0.966827 0.164741 -0.343291 0.0899896 -0.934908 -0.918719 -0.239056 0.314336 0.706029 1.96455 -2.181</i>
                        <i>-0.193985 0.967335 0.163195 -0.34304 0.0889646 -0.935098 -0.919072 -0.237377 0.314577 0.706081 1.96464 -2.18102</i>
                        <i>-0.192408 0.967977 0.161246 -0.342735 0.0876808 -0.935331 -0.919517 -0.23523 0.31489 0.706136 1.96473 -2.18104</i>
                        <i>-0.190563 0.968715 0.15899 -0.342392 0.0861997 -0.935595 -0.920029 -0.232727 0.315253 0.706191 1.96483 -2.18106</i>
                        <i>-0.188535 0.969513 0.156524 -0.342022 0.084583 -0.935878 -0.920584 -0.229981 0.315647 0.706247 1.96492 -2.18108</i>
                        <i>-0.186409 0.970336 0.153944 -0.341638 0.0828923 -0.936169 -0.92116 -0.227104 0.316052 0.706302 1.96502 -2.18109</i>
                        <i>-0.184267 0.971154 0.151346 -0.341255 0.081189 -0.936458 -0.921732 -0.224206 0.316451 0.706354 1.96511 -2.18111</i>
                        <i>-0.182193 0.971935 0.148824 -0.340884 0.0795345 -0.936735 -0.922282 -0.221398 0.316827 0.706403 1.96519 -2.18113</i>
                        <i>-0.180268 0.97265 0.146474 -0.34054 0.0779898 -0.93699 -0.922787 -0.218789 0.317167 0.706447 1.96527 -2.18114</i>
                        <i>-0.178573 0.973275 0.14439 -0.340234 0.0766155 -0.937215 -0.92323 -0.216487 0.317459 0.706486 1.96533 -2.18115</i>
                        <i>-0.177189 0.973782 0.142665 -0.339979 0.0754721 -0.9374 -0.92359 -0.214599 0.317693 0.706519 1.96539 -2.18116</i>
                        <i>-0.176195 0.974148 0.141392 -0.33979 0.0746197 -0.937537 -0.92385 -0.213232 0.317858 0.706543 1.96543 -2.18117</i>
                        <i>-0.175671 0.974348 0.140663 -0.339677 0.0741181 -0.937617 -0.923991 -0.212493 0.317943 0.706558 1.96546 -2.18118</i>
                        <i>-0.175698 0.974356 0.140573 -0.339654 0.0740272 -0.937633 -0.923994 -0.212486 0.317938 0.706564 1.96547 -2.18118</i>
                    </KeyFrames>
                </p>
            </i>
            <i>
                <p>
                    <Name><![CDATA[spine1]]></Name>
                    <Exclude>0</Exclude>
                    <Additive>0</Additive>
                    <IKPriority>0</IKPriority>
                    <IKRotLimits>-1e+010 -1e+010 -1e+010 1e+010 1e+010 1e+010</IKRotLimits>
                    <IKRotLimitOrder>0</IKRotLimitOrder>
                    <KeyFrames count="120">
                        <i>-0.263507 0.882849 0.388768 -0.610596 0.159357 -0.775743 -0.746817 -0.441794 0.497073 0.675499 2.13792 -2.15631</i>
                        <i>-0.264793 0.882062 0.38968 -0.610631 0.159385 -0.77571 -0.746334 -0.443353 0.496411 0.67544 2.13798 -2.15624</i>
                        <i>-0.266737 0.880882 0.391021 -0.610624 0.159433 -0.775706 -0.745647 -0.445676 0.495361 0.675378 2.13817 -2.15612</i>
                        <i>-0.269263 0.879353 0.392729 -0.610581 0.159486 -0.775729 -0.744774 -0.448667 0.493973 0.675318 2.13847 -2.15595</i>
                        <i>-0.272294 0.877518 0.394738 -0.610508 0.159531 -0.775777 -0.743731 -0.452231 0.492293 0.675268 2.13888 -2.15576</i>
                        <i>-0.275755 0.87542 0.396986 -0.610412 0.159554 -0.775848 -0.742534 -0.456269 0.490369 0.675233 2.13938 -2.15555</i>
                        <i>-0.279569 0.873106 0.39941 -0.610299 0.159542 -0.775939 -0.7412 -0.460688 0.488252 0.67522 2.13998 -2.15533</i>
                        <i>-0.28366 0.870619 0.401945 -0.610176 0.15948 -0.776049 -0.739745 -0.465391 0.485992 0.675234 2.14066 -2.15511</i>
                        <i>-0.287954 0.868007 0.404532 -0.610051 0.159354 -0.776173 -0.738187 -0.470287 0.483643 0.675283 2.14142 -2.1549</i>
                        <i>-0.292375 0.86532 0.407109 -0.609933 0.159146 -0.776308 -0.736545 -0.475283 0.481257 0.675373 2.14225 -2.15471</i>
                        <i>-0.296853 0.862607 0.409618 -0.60983 0.158843 -0.776451 -0.734837 -0.480289 0.478891 0.67551 2.14314 -2.15455</i>
                        <i>-0.301314 0.859921 0.412002 -0.609751 0.158426 -0.776599 -0.733085 -0.485218 0.476601 0.675701 2.14408 -2.15444</i>
                        <i>-0.305688 0.857315 0.414205 -0.609703 0.15788 -0.776747 -0.731312 -0.489984 0.474446 0.675953 2.14507 -2.15438</i>
                        <i>-0.309907 0.854845 0.416171 -0.609695 0.157188 -0.776893 -0.729541 -0.494502 0.472481 0.676272 2.14611 -2.15439</i>
                        <i>-0.313901 0.852567 0.417846 -0.609734 0.156334 -0.777035 -0.727799 -0.498687 0.470766 0.676666 2.14718 -2.15448</i>
                        <i>-0.317562 0.850584 0.41912 -0.609841 0.155263 -0.777166 -0.726119 -0.502395 0.469415 0.677157 2.14829 -2.15467</i>
                        <i>-0.320824 0.848953 0.419941 -0.610017 0.153962 -0.777287 -0.724535 -0.505543 0.468482 0.67775 2.14944 -2.15499</i>
                        <i>-0.323684 0.847668 0.420342 -0.610234 0.152483 -0.777408 -0.723079 -0.508142 0.46792 0.678427 2.15059 -2.1554</i>
                        <i>-0.326139 0.846718 0.42036 -0.610467 0.150875 -0.777539 -0.721778 -0.510201 0.467687 0.679167 2.15172 -2.15589</i>
                        <i>-0.328186 0.846092 0.420027 -0.610694 0.149189 -0.777686 -0.720658 -0.511733 0.467741 0.679952 2.1528 -2.15642</i>
                        <i>-0.329778 0.84581 0.419348 -0.610895 0.147471 -0.777856 -0.719759 -0.512697 0.468068 0.680766 2.15378 -2.15699</i>
                        <i>-0.33093 0.845843 0.418371 -0.611061 0.145765 -0.778047 -0.71909 -0.513129 0.468624 0.681591 2.15466 -2.15756</i>
                        <i>-0.33173 0.846109 0.417199 -0.611189 0.144115 -0.778254 -0.718612 -0.513158 0.469325 0.682402 2.15538 -2.1581</i>
                        <i>-0.332268 0.84652 0.415934 -0.611283 0.142562 -0.778466 -0.718284 -0.512913 0.470095 0.683178 2.15592 -2.1586</i>
                        <i>-0.33263 0.846994 0.41468 -0.611346 0.141145 -0.778675 -0.718062 -0.512523 0.470857 0.683896 2.15626 -2.15901</i>
                        <i>-0.33292 0.847456 0.413501 -0.611377 0.139864 -0.778881 -0.717902 -0.51211 0.471551 0.684557 2.15635 -2.15934</i>
                        <i>-0.333181 0.847897 0.412386 -0.611383 0.138677 -0.779089 -0.717775 -0.511703 0.472185 0.685181 2.15621 -2.1596</i>
                        <i>-0.333411 0.848326 0.411316 -0.611378 0.137558 -0.779291 -0.717672 -0.511294 0.472785 0.685775 2.15588 -2.15981</i>
                        <i>-0.33361 0.848752 0.410273 -0.611376 0.136482 -0.779482 -0.717582 -0.510874 0.473375 0.686342 2.15537 -2.15998</i>
                        <i>-0.333777 0.849184 0.409243 -0.611388 0.135426 -0.779657 -0.717494 -0.510438 0.473979 0.686888 2.15472 -2.16013</i>
                        <i>-0.333914 0.849628 0.408208 -0.611425 0.134367 -0.779811 -0.717399 -0.509978 0.474617 0.68742 2.15396 -2.16026</i>
                        <i>-0.334022 0.85009 0.407155 -0.611499 0.133282 -0.779939 -0.717285 -0.509492 0.47531 0.687943 2.15313 -2.1604</i>
                        <i>-0.334107 0.850575 0.406073 -0.611621 0.132151 -0.780035 -0.717141 -0.508978 0.476077 0.688463 2.15225 -2.16056</i>
                        <i>-0.334172 0.851085 0.404948 -0.611802 0.130952 -0.780096 -0.716957 -0.508434 0.476936 0.688989 2.15136 -2.16077</i>
