<?xml version="1.0" encoding="ISO-8859-1" ?>
<Animl Version="1">
    <ModellingPackage><![CDATA[Maya.2010]]></ModellingPackage>
    <SrcFile><![CDATA[anims\turrets\mortar\red\~src\mortar_m1938\mortar_m1938_aim_low_crewman_c.mb]]></SrcFile>
    <FramesPerSecond>30</FramesPerSecond>
    <TotalFrames>30</TotalFrames>
    <Skeleton>
        <RefFrame>
            <Name><![CDATA[soldier_ref_frame]]></Name>
            <Exclude>0</Exclude>
            <Additive>0</Additive>
            <IKPriority>0</IKPriority>
            <IKRotLimits>-1e+010 -1e+010 -1e+010 1e+010 1e+010 1e+010</IKRotLimits>
            <IKRotLimitOrder>0</IKRotLimitOrder>
            <KeyFrames count="30">
                <i>1 0 0 0 1 0 0 0 1 -2.84 2.61 -0.27</i>
                <i>1 0 0 0 1 0 0 0 1 -2.84 2.61 -0.27</i>
                <i>1 0 0 0 1 0 0 0 1 -2.84 2.61 -0.27</i>
                <i>1 0 0 0 1 0 0 0 1 -2.84 2.61 -0.27</i>
                <i>1 0 0 0 1 0 0 0 1 -2.84 2.61 -0.27</i>
                <i>1 0 0 0 1 0 0 0 1 -2.84 2.61 -0.27</i>
                <i>1 0 0 0 1 0 0 0 1 -2.84 2.61 -0.27</i>
                <i>1 0 0 0 1 0 0 0 1 -2.84 2.61 -0.27</i>
                <i>1 0 0 0 1 0 0 0 1 -2.84 2.61 -0.27</i>
                <i>1 0 0 0 1 0 0 0 1 -2.84 2.61 -0.27</i>
                <i>1 0 0 0 1 0 0 0 1 -2.84 2.61 -0.27</i>
                <i>1 0 0 0 1 0 0 0 1 -2.84 2.61 -0.27</i>
                <i>1 0 0 0 1 0 0 0 1 -2.84 2.61 -0.27</i>
                <i>1 0 0 0 1 0 0 0 1 -2.84 2.61 -0.27</i>
                <i>1 0 0 0 1 0 0 0 1 -2.84 2.61 -0.27</i>
                <i>1 0 0 0 1 0 0 0 1 -2.84 2.61 -0.27</i>
                <i>1 0 0 0 1 0 0 0 1 -2.84 2.61 -0.27</i>
                <i>1 0 0 0 1 0 0 0 1 -2.84 2.61 -0.27</i>
                <i>1 0 0 0 1 0 0 0 1 -2.84 2.61 -0.27</i>
                <i>1 0 0 0 1 0 0 0 1 -2.84 2.61 -0.27</i>
                <i>1 0 0 0 1 0 0 0 1 -2.84 2.61 -0.27</i>
                <i>1 0 0 0 1 0 0 0 1 -2.84 2.61 -0.27</i>
                <i>1 0 0 0 1 0 0 0 1 -2.84 2.61 -0.27</i>
                <i>1 0 0 0 1 0 0 0 1 -2.84 2.61 -0.27</i>
                <i>1 0 0 0 1 0 0 0 1 -2.84 2.61 -0.27</i>
                <i>1 0 0 0 1 0 0 0 1 -2.84 2.61 -0.27</i>
                <i>1 0 0 0 1 0 0 0 1 -2.84 2.61 -0.27</i>
                <i>1 0 0 0 1 0 0 0 1 -2.84 2.61 -0.27</i>
                <i>1 0 0 0 1 0 0 0 1 -2.84 2.61 -0.27</i>
                <i>1 0 0 0 1 0 0 0 1 -2.84 2.61 -0.27</i>
            </KeyFrames>
        </RefFrame>
        <Bones count="23">
            <i>
                <p>
                    <Name><![CDATA[pelvis]]></Name>
                    <Exclude>0</Exclude>
                    <Additive>0</Additive>
                    <IKPriority>0</IKPriority>
                    <IKRotLimits>-1e+010 -1e+010 -1e+010 1e+010 1e+010 1e+010</IKRotLimits>
                    <IKRotLimitOrder>2</IKRotLimitOrder>
                    <KeyFrames count="30">
                        <i>1 0 0 0 1 0 0 0 1 -2.81662 3.29315 -0.330877</i>
                        <i>1 0 0 0 1 0 0 0 1 -2.81662 3.29237 -0.330877</i>
                        <i>1 0 0 0 1 0 0 0 1 -2.81662 3.2915 -0.330877</i>
                        <i>1 0 0 0 1 0 0 0 1 -2.81662 3.29058 -0.330877</i>
                        <i>1 0 0 0 1 0 0 0 1 -2.81662 3.28961 -0.330877</i>
                        <i>1 0 0 0 1 0 0 0 1 -2.81662 3.28863 -0.330877</i>
                        <i>1 0 0 0 1 0 0 0 1 -2.81662 3.28766 -0.330877</i>
                        <i>1 0 0 0 1 0 0 0 1 -2.81662 3.28672 -0.330877</i>
                        <i>1 0 0 0 1 0 0 0 1 -2.81662 3.28583 -0.330877</i>
                        <i>1 0 0 0 1 0 0 0 1 -2.81662 3.28502 -0.330877</i>
                        <i>1 0 0 0 1 0 0 0 1 -2.81662 3.2843 -0.330877</i>
                        <i>1 0 0 0 1 0 0 0 1 -2.81662 3.28371 -0.330877</i>
                        <i>1 0 0 0 1 0 0 0 1 -2.81662 3.28325 -0.330877</i>
                        <i>1 0 0 0 1 0 0 0 1 -2.81662 3.28297 -0.330877</i>
                        <i>1 0 0 0 1 0 0 0 1 -2.81662 3.28286 -0.330877</i>
                        <i>1 0 0 0 1 0 0 0 1 -2.81662 3.28304 -0.330877</i>
                        <i>1 0 0 0 1 0 0 0 1 -2.81662 3.28353 -0.330877</i>
                        <i>1 0 0 0 1 0 0 0 1 -2.81662 3.28429 -0.330877</i>
                        <i>1 0 0 0 1 0 0 0 1 -2.81662 3.28524 -0.330877</i>
                        <i>1 0 0 0 1 0 0 0 1 -2.81662 3.28635 -0.330877</i>
                        <i>1 0 0 0 1 0 0 0 1 -2.81662 3.28754 -0.330877</i>
                        <i>1 0 0 0 1 0 0 0 1 -2.81662 3.28877 -0.330877</i>
                        <i>1 0 0 0 1 0 0 0 1 -2.81662 3.28998 -0.330877</i>
                        <i>1 0 0 0 1 0 0 0 1 -2.81662 3.29112 -0.330877</i>
                        <i>1 0 0 0 1 0 0 0 1 -2.81662 3.29212 -0.330877</i>
                        <i>1 0 0 0 1 0 0 0 1 -2.81662 3.29293 -0.330877</i>
                        <i>1 0 0 0 1 0 0 0 1 -2.81662 3.29349 -0.330877</i>
                        <i>1 0 0 0 1 0 0 0 1 -2.81662 3.29375 -0.330877</i>
                        <i>1 0 0 0 1 0 0 0 1 -2.81662 3.29366 -0.330877</i>
                        <i>1 0 0 0 1 0 0 0 1 -2.81662 3.29315 -0.330877</i>
                    </KeyFrames>
                </p>
            </i>
            <i>
                <p>
                    <Name><![CDATA[spine0]]></Name>
                    <Exclude>0</Exclude>
                    <Additive>0</Additive>
                    <IKPriority>0</IKPriority>
                    <IKRotLimits>-1e+010 -1e+010 -1e+010 1e+010 1e+010 1e+010</IKRotLimits>
                    <IKRotLimitOrder>0</IKRotLimitOrder>
                    <KeyFrames count="30">
                        <i>0.332242 0.9236 0.191256 -0.289148 -0.093274 0.95273 0.89778 -0.371838 0.236067 -2.85769 3.43065 -0.320648</i>
                        <i>0.331679 0.923901 0.19078 -0.289529 -0.0927781 0.952662 0.897865 -0.371214 0.236724 -2.85855 3.42963 -0.320952</i>
                        <i>0.33062 0.924395 0.190221 -0.289961 -0.0923123 0.952576 0.898116 -0.370098 0.237518 -2.85949 3.42849 -0.321288</i>
                        <i>0.329187 0.925031 0.189613 -0.290431 -0.0918841 0.952474 0.898491 -0.368612 0.238411 -2.86049 3.42727 -0.321648</i>
                        <i>0.327505 0.925755 0.188991 -0.290928 -0.0915002 0.952359 0.898944 -0.366886 0.239361 -2.86153 3.426 -0.322023</i>
                        <i>0.325705 0.926513 0.188389 -0.291439 -0.0911664 0.952235 0.899433 -0.365052 0.240329 -2.86259 3.42469 -0.322405</i>
                        <i>0.323921 0.927249 0.187842 -0.291952 -0.0908879 0.952105 0.899911 -0.363247 0.241272 -2.86364 3.42339 -0.322784</i>
                        <i>0.322288 0.92791 0.187386 -0.292452 -0.0906685 0.951972 0.900334 -0.361611 0.242148 -2.86464 3.42211 -0.323152</i>
                        <i>0.320948 0.928441 0.187057 -0.292928 -0.0905115 0.951841 0.900659 -0.360285 0.242916 -2.8656 3.4209 -0.3235</i>
                        <i>0.319905 0.928844 0.186839 -0.293364 -0.0904019 0.951717 0.900887 -0.359271 0.243569 -2.86646 3.41979 -0.323819</i>
                        <i>0.319153 0.929129 0.18671 -0.293749 -0.0903247 0.951605 0.901029 -0.358553 0.244103 -2.86723 3.4188 -0.324099</i>
                        <i>0.318686 0.929298 0.186668 -0.29407 -0.090284 0.95151 0.90109 -0.358126 0.244506 -2.86786 3.41798 -0.324334</i>
                        <i>0.318563 0.929328 0.186729 -0.294313 -0.0902837 0.951435 0.901054 -0.358048 0.244752 -2.86834 3.41735 -0.324512</i>
                        <i>0.318742 0.929235 0.186884 -0.294467 -0.0903315 0.951383 0.90094 -0.358277 0.244836 -2.86864 3.41695 -0.324625</i>
                        <i>0.319054 0.929086 0.187093 -0.294518 -0.0904383 0.951357 0.900813 -0.358636 0.244778 -2.86875 3.41681 -0.324665</i>
                        <i>0.319517 0.928871 0.187367 -0.294443 -0.0906204 0.951363 0.900673 -0.359146 0.244545 -2.86861 3.41703 -0.324613</i>
                        <i>0.320142 0.928587 0.187709 -0.29424 -0.0908772 0.951401 0.900517 -0.359815 0.244134 -2.86822 3.41767 -0.324469</i>
                        <i>0.320923 0.928238 0.188105 -0.293931 -0.0911903 0.951467 0.90034 -0.360638 0.243573 -2.86762 3.41864 -0.324245</i>
                        <i>0.321855 0.927826 0.188545 -0.293537 -0.0915408 0.951555 0.900136 -0.361608 0.242889 -2.86684 3.41988 -0.323956</i>
                        <i>0.322933 0.927355 0.189016 -0.293081 -0.09191 0.95166 0.899899 -0.362719 0.242109 -2.86592 3.42131 -0.323618</i>
                        <i>0.324149 0.926831 0.189505 -0.292581 -0.0922793 0.951778 0.899624 -0.363963 0.241261 -2.8649 3.42285 -0.323244</i>
                        <i>0.325495 0.926257 0.190001 -0.292058 -0.0926299 0.951904 0.899308 -0.365331 0.24037 -2.86382 3.42444 -0.32285</i>
                        <i>0.326864 0.925681 0.190458 -0.29153 -0.0929396 0.952036 0.898983 -0.366711 0.239485 -2.86271 3.426 -0.322449</i>
                        <i>0.328141 0.92515 0.190841 -0.291014 -0.0931945 0.952169 0.898685 -0.367983 0.238651 -2.86162 3.42747 -0.322055</i>
                        <i>0.329299 0.924676 0.191143 -0.290528 -0.0933886 0.952298 0.898418 -0.369124 0.237892 -2.86059 3.42879 -0.321684</i>
                        <i>0.330312 0.92427 0.191359 -0.290089 -0.0935163 0.952419 0.898188 -0.370107 0.237231 -2.85966 3.42987 -0.321348</i>
                        <i>0.331149 0.923945 0.191485 -0.289714 -0.0935725 0.952528 0.898001 -0.370905 0.236693 -2.85886 3.43066 -0.321063</i>
                        <i>0.331776 0.923714 0.191513 -0.28942 -0.0935532 0.952619 0.897865 -0.371484 0.236303 -2.85824 3.4311 -0.320842</i>
                        <i>0.332154 0.923594 0.191439 -0.289225 -0.0934547 0.952688 0.897788 -0.371808 0.236085 -2.85783 3.43112 -0.320699</i>
                        <i>0.332242 0.9236 0.191256 -0.289148 -0.093274 0.95273 0.89778 -0.371838 0.236067 -2.85769 3.43065 -0.320648</i>
                    </KeyFrames>
                </p>
            </i>
            <i>
                <p>
                    <Name><![CDATA[spine1]]></Name>
                    <Exclude>0</Exclude>
                    <Additive>0</Additive>
                    <IKPriority>0</IKPriority>
                    <IKRotLimits>-1e+010 -1e+010 -1e+010 1e+010 1e+010 1e+010</IKRotLimits>
                    <IKRotLimitOrder>0</IKRotLimitOrder>
                    <KeyFrames count="30">
                        <i>0.798756 0.586099 0.135934 -0.228481 0.0864789 0.9697 0.556584 -0.805611 0.202988 -2.79222 3.61311 -0.282913</i>
                        <i>0.801738 0.581746 0.137066 -0.229237 0.0875157 0.969428 0.551966 -0.808648 0.203522 -2.79299 3.61269 -0.283201</i>
                        <i>0.803932 0.578492 0.137986 -0.230036 0.0885137 0.969148 0.548431 -0.810871 0.204233 -2.79397 3.61216 -0.283544</i>
                        <i>0.805452 0.576198 0.138719 -0.230855 0.0894527 0.968867 0.54585 -0.8124 0.205068 -2.79509 3.61154 -0.28393</i>
                        <i>0.806409 0.57472 0.13929 -0.23167 0.0903135 0.968593 0.54409 -0.813352 0.205975 -2.79632 3.61083 -0.284343</i>
                        <i>0.806908 0.573914 0.139722 -0.232453 0.0910782 0.968334 0.543015 -0.813835 0.2069 -2.7976 3.61006 -0.284768</i>
                        <i>0.807052 0.573634 0.140036 -0.23318 0.0917311 0.968097 0.542488 -0.813959 0.207792 -2.79889 3.60924 -0.285189</i>
                        <i>0.806943 0.573735 0.140253 -0.233823 0.092258 0.967892 0.542374 -0.813828 0.208599 -2.80013 3.60839 -0.285591</i>
                        <i>0.80668 0.57407 0.140395 -0.234355 0.0926468 0.967726 0.542536 -0.813548 0.209273 -2.80127 3.60751 -0.285959</i>
                        <i>0.806317 0.57456 0.140477 -0.234789 0.0929226 0.967595 0.542887 -0.813171 0.209825 -2.80228 3.60667 -0.286284</i>
                        <i>0.805908 0.575123 0.140517 -0.235141 0.0931149 0.967491 0.543342 -0.81275 0.210277 -2.80315 3.60589 -0.286561</i>
                        <i>0.805375 0.575876 0.140489 -0.235407 0.093215 0.967416 0.544017 -0.812205 0.210639 -2.80384 3.60521 -0.286782</i>
                        <i>0.804732 0.576799 0.140388 -0.235576 0.0932171 0.967375 0.544894 -0.81155 0.210895 -2.80432 3.60465 -0.286936</i>
                        <i>0.803962 0.577917 0.140203 -0.23563 0.0931085 0.967372 0.546006 -0.810767 0.21103 -2.80459 3.60423 -0.287017</i>
                        <i>0.802915 0.579448 0.139886 -0.235567 0.0928696 0.967411 0.547573 -0.809701 0.211065 -2.80466 3.60399 -0.28703</i>
                        <i>0.80159 0.581391 0.139421 -0.235347 0.0924714 0.967502 0.549605 -0.808352 0.210953 -2.80448 3.604 -0.286957</i>
                        <i>0.800044 0.58366 0.138823 -0.234964 0.0919201 0.967648 0.552016 -0.806779 0.210679 -2.80406 3.60432 -0.286796</i>
                        <i>0.798396 0.586073 0.138139 -0.234445 0.0912581 0.967836 0.554617 -0.805102 0.210262 -2.80341 3.60488 -0.286561</i>
                        <i>0.796766 0.588456 0.137418 -0.233818 0.0905254 0.968057 0.557219 -0.803446 0.209719 -2.80258 3.60564 -0.286263</i>
                        <i>0.795277 0.590631 0.136707 -0.233111 0.0897594 0.968299 0.559636 -0.801934 0.209066 -2.80159 3.60655 -0.285915</i>
                        <i>0.794058 0.59242 0.136057 -0.232352 0.0889957 0.968552 0.56168 -0.800699 0.208318 -2.80047 3.60756 -0.28553</i>
                        <i>0.793238 0.593639 0.135518 -0.23157 0.0882677 0.968806 0.563159 -0.799876 0.207486 -2.79926 3.60862 -0.285121</i>
                        <i>0.792851 0.594248 0.135117 -0.230812 0.0876161 0.969045 0.564014 -0.799496 0.206626 -2.79802 3.6097 -0.284705</i>
                        <i>0.792819 0.594352 0.134844 -0.230123 0.0870642 0.969259 0.564341 -0.799478 0.2058 -2.79679 3.61074 -0.284302</i>
                        <i>0.793115 0.593989 0.134701 -0.229521 0.0866209 0.969441 0.56417 -0.799796 0.205034 -2.79562 3.61169 -0.283926</i>
                        <i>0.793717 0.593189 0.134689 -0.229027 0.0862969 0.969587 0.563525 -0.800425 0.204352 -2.79456 3.61248 -0.28359</i>
                        <i>0.794601 0.591976 0.134806 -0.228659 0.0861052 0.969691 0.562427 -0.801342 0.20378 -2.79364 3.61308 -0.283307</i>
                        <i>0.795749 0.590376 0.135053 -0.228434 0.0860605 0.969748 0.560893 -0.802527 0.203344 -2.79291 3.61342 -0.283091</i>
                        <i>0.797141 0.588409 0.13543 -0.228369 0.0861793 0.969753 0.55894 -0.803958 0.203071 -2.79242 3.61345 -0.282955</i>
                        <i>0.798756 0.586099 0.135934 -0.228481 0.0864789 0.9697 0.556584 -0.805611 0.202988 -2.79222 3.61311 -0.282913</i>
                    </KeyFrames>
                </p>
            </i>
            <i>
                <p>
                    <Name><![CDATA[spine2]]></Name>
                    <Exclude>0</Exclude>
                    <Additive>0</Additive>
                    <IKPriority>0</IKPriority>
                    <IKRotLimits>-1e+010 -1e+010 -1e+010 1e+010 1e+010 1e+010</IKRotLimits>
                    <IKRotLimitOrder>0</IKRotLimitOrder>
                    <KeyFrames count="30">
                        <i>0.952336 0.29622 0.0728725 -0.106678 0.0995912 0.989293 0.285791 -0.949913 0.126444 -2.64701 3.71902 -0.258136</i>
                        <i>0.954764 0.287911 0.0743884 -0.106835 0.098659 0.98937 0.277511 -0.952562 0.124955 -2.64681 3.71811 -0.258142</i>
                        <i>0.956353 0.282265 0.0755946 -0.107123 0.0979694 0.989407 0.271869 -0.954321 0.12393 -2.64698 3.71727 -0.258247</i>
                        <i>0.957223 0.27905 0.07652 -0.107513 0.097488 0.989412 0.268636 -0.955315 0.123319 -2.64746 3.71648 -0.258432</i>
                        <i>0.957466 0.278029 0.0771879 -0.107981 0.0971806 0.989392 0.267578 -0.955644 0.123069 -2.64817 3.71574 -0.258679</i>
                        <i>0.957161 0.278959 0.0776171 -0.108501 0.0970135 0.989351 0.268459 -0.95539 0.123125 -2.64905 3.71503 -0.25897</i>
                        <i>0.956372 0.281596 0.0778237 -0.10905 0.0969538 0.989297 0.271037 -0.954622 0.123432 -2.65004 3.71434 -0.259285</i>
                        <i>0.955156 0.285695 0.0778219 -0.109603 0.0969696 0.989234 0.275073 -0.953402 0.123934 -2.65107 3.71366 -0.259606</i>
                        <i>0.953565 0.291013 0.0776248 -0.110135 0.0970303 0.989169 0.280329 -0.951786 0.124575 -2.65207 3.71298 -0.259915</i>
                        <i>0.951746 0.296995 0.0772931 -0.110636 0.0971292 0.989103 0.286252 -0.949926 0.125301 -2.653 3.71233 -0.260198</i>
                        <i>0.949861 0.30307 0.0768928 -0.111098 0.0972628 0.989039 0.292269 -0.947992 0.126057 -2.65382 3.71174 -0.260446</i>
                        <i>0.947873 0.309352 0.0764037 -0.11153 0.0974808 0.988968 0.298491 -0.945938 0.126902 -2.65452 3.71126 -0.260657</i>
                        <i>0.945806 0.315756 0.0758265 -0.11193 0.0977949 0.988892 0.304833 -0.943787 0.127837 -2.65507 3.7109 -0.26082</i>
                        <i>0.943711 0.322117 0.075164 -0.112273 0.0981943 0.988814 0.311133 -0.941593 0.128832 -2.65548 3.7107 -0.260935</i>
                        <i>0.941576 0.328482 0.0743911 -0.112551 0.0987047 0.988731 0.317438 -0.939338 0.129909 -2.6558 3.7107 -0.261017</i>
                        <i>0.939481 0.334623 0.0735071 -0.112726 0.0993087 0.988651 0.323526 -0.937105 0.131019 -2.656 3.71098 -0.261054</i>
                        <i>0.937517 0.340293 0.0725404 -0.11278 0.0999759 0.988577 0.329154 -0.93499 0.132107 -2.65607 3.71157 -0.261042</i>
                        <i>0.93579 0.34522 0.0715506 -0.112716 0.100661 0.988515 0.334053 -0.933108 0.133109 -2.656 3.71239 -0.26098</i>
                        <i>0.93441 0.349133 0.070599 -0.112539 0.101316 0.988469 0.337954 -0.93158 0.133962 -2.65577 3.71337 -0.26087</i>
                        <i>0.93349 0.351755 0.0697483 -0.112249 0.101892 0.988442 0.340583 -0.93053 0.1346 -2.65539 3.71445 -0.260712</i>
                        <i>0.933145 0.352803 0.0690621 -0.111847 0.102339 0.988442 0.341658 -0.930084 0.134957 -2.65483 3.71554 -0.260506</i>
                        <i>0.933488 0.351986 0.0686037 -0.111333 0.102603 0.988472 0.34089 -0.930365 0.134966 -2.6541 3.71659 -0.260253</i>
                        <i>0.934581 0.34911 0.0684237 -0.110727 0.102674 0.988533 0.338081 -0.93144 0.134613 -2.65322 3.71756 -0.259963</i>
                        <i>0.936321 0.344398 0.0685105 -0.11007 0.102585 0.988616 0.333449 -0.933202 0.133961 -2.65226 3.71843 -0.259655</i>
                        <i>0.938561 0.338179 0.0688321 -0.109389 0.10235 0.988716 0.327318 -0.935499 0.133055 -2.65126 3.71916 -0.259342</i>
                        <i>0.941155 0.330782 0.069356 -0.108713 0.101984 0.988828 0.320014 -0.93818 0.131943 -2.65025 3.71969 -0.259037</i>
                        <i>0.943959 0.322542 0.0700508 -0.108072 0.101504 0.988948 0.311867 -0.941097 0.130673 -2.64928 3.71999 -0.258751</i>
                        <i>0.946839 0.3138 0.0708867 -0.107498 0.10093 0.989069 0.303215 -0.944109 0.129298 -2.64839 3.72001 -0.258497</i>
                        <i>0.949669 0.304906 0.0718357 -0.107023 0.100285 0.989186 0.294405 -0.947088 0.12787 -2.64762 3.7197 -0.258288</i>
                        <i>0.952336 0.29622 0.0728725 -0.106678 0.0995912 0.989293 0.285791 -0.949913 0.126444 -2.64701 3.71902 -0.258136</i>
                    </KeyFrames>
                </p>
            </i>
            <i>
                <p>
                    <Name><![CDATA[head]]></Name>
                    <Exclude>0</Exclude>
                    <Additive>0</Additive>
                    <IKPriority>0</IKPriority>
                    <IKRotLimits>-1e+010 -1e+010 -1e+010 1e+010 1e+010 1e+010</IKRotLimits>
                    <IKRotLimitOrder>0</IKRotLimitOrder>
                    <KeyFrames count="30">
                        <i>0.33737 0.920002 0.199446 -0.492239 0.353 -0.795671 -0.802423 0.17026 0.571952 -2.38948 3.80641 -0.243782</i>
                        <i>0.345681 0.917171 0.198247 -0.488958 0.356383 -0.796185 -0.80089 0.178291 0.571653 -2.38817 3.80304 -0.243364</i>
                        <i>0.353137 0.913852 0.200421 -0.485395 0.362098 -0.795787 -0.799803 0.183739 0.57145 -2.38753 3.80055 -0.243147</i>
                        <i>0.359572 0.910237 0.205368 -0.481685 0.36956 -0.79461 -0.799179 0.186797 0.571331 -2.38746 3.79886 -0.243105</i>
                        <i>0.364827 0.906507 0.212477 -0.47801 0.378194 -0.792764 -0.799004 0.187655 0.571295 -2.38787 3.7979 -0.243211</i>
                        <i>0.368757 0.902838 0.221136 -0.474587 0.387427 -0.790359 -0.79924 0.186502 0.571342 -2.38867 3.79759 -0.243441</i>
                        <i>0.371228 0.899418 0.230734 -0.471653 0.396697 -0.787512 -0.799833 0.18352 0.571478 -2.38978 3.79785 -0.243769</i>
                        <i>0.372112 0.896445 0.240663 -0.469455 0.405442 -0.784365 -0.800715 0.178891 0.57171 -2.39112 3.79859 -0.244174</i>
                        <i>0.371288 0.894138 0.250325 -0.468235 0.413108 -0.781088 -0.801811 0.172797 0.572049 -2.39261 3.79973 -0.24463</i>
                        <i>0.369155 0.892491 0.259198 -0.467912 0.419455 -0.777892 -0.802984 0.165881 0.572451 -2.39414 3.80112 -0.245103</i>
                        <i>0.366141 0.891499 0.266775 -0.468342 0.424268 -0.775017 -0.804112 0.158824 0.572869 -2.39561 3.80259 -0.245557</i>
                        <i>0.361752 0.891596 0.272384 -0.469855 0.426715 -0.772755 -0.805215 0.151565 0.573286 -2.39702 3.80424 -0.245996</i>
                        <i>0.355729 0.893069 0.275473 -0.472623 0.426186 -0.771357 -0.806278 0.144199 0.573692 -2.39833 3.80603 -0.246408</i>
                        <i>0.348346 0.895755 0.276184 -0.476419 0.422933 -0.770813 -0.807267 0.13693 0.574082 -2.39954 3.80794 -0.246787</i>
                        <i>0.339845 0.899421 0.274859 -0.480983 0.417359 -0.771017 -0.808183 0.129824 0.574444 -2.4007 3.81002 -0.247152</i>
                        <i>0.330745 0.903699 0.271913 -0.485935 0.410079 -0.771818 -0.808996 0.123143 0.57477 -2.40176 3.81226 -0.247486</i>
                        <i>0.321575 0.908239 0.267754 -0.490918 0.401719 -0.77306 -0.809685 0.117152 0.575053 -2.40268 3.8146 -0.247774</i>
                        <i>0.312883 0.912712 0.262793 -0.495602 0.39292 -0.774592 -0.810236 0.112116 0.57528 -2.40339 3.81689 -0.247999</i>
                        <i>0.305233 0.916818 0.257443 -0.499693 0.384337 -0.776268 -0.810641 0.1083 0.57544 -2.40383 3.819 -0.248143</i>
                        <i>0.299203 0.920279 0.25212 -0.502923 0.376639 -0.777954 -0.810892 0.105969 0.575521 -2.40396 3.82076 -0.24819</i>
                        <i>0.295149 0.923002 0.246888 -0.505178 0.370081 -0.779638 -0.810977 0.105386 0.575509 -2.4037 3.82202 -0.248123</i>
                        <i>0.293309 0.924979 0.241627 -0.506421 0.364697 -0.781367 -0.810869 0.106817 0.575397 -2.40301 3.82265 -0.247924</i>
                        <i>0.29402 0.926095 0.236434 -0.506528 0.360748 -0.783128 -0.810544 0.110495 0.575161 -2.40188 3.82254 -0.247592</i>
                        <i>0.297043 0.926429 0.231289 -0.505636 0.358085 -0.784925 -0.809998 0.116209 0.574803 -2.40041 3.82175 -0.247151</i>
                        <i>0.301911 0.926122 0.226157 -0.503985 0.356417 -0.786744 -0.809227 0.123547 0.574359 -2.39868 3.82034 -0.246631</i>
                        <i>0.308154 0.925311 0.221001 -0.501807 0.355457 -0.788568 -0.808227 0.132101 0.573863 -2.3968 3.81838 -0.246058</i>
                        <i>0.315297 0.924134 0.215786 -0.499326 0.354916 -0.790384 -0.807007 0.141458 0.573349 -2.39485 3.81594 -0.245461</i>
                        <i>0.322864 0.922745 0.210478 -0.496762 0.354511 -0.79218 -0.805597 0.151209 0.572843 -2.39293 3.81308 -0.244866</i>
                        <i>0.33038 0.921307 0.205042 -0.49433 0.353963 -0.793945 -0.804045 0.160945 0.572372 -2.39111 3.80988 -0.244298</i>
                        <i>0.33737 0.920002 0.199446 -0.492239 0.353 -0.795671 -0.802423 0.17026 0.571952 -2.38948 3.80641 -0.243782</i>
                    </KeyFrames>
                </p>
            </i>
            <i>
                <p>
                    <Name><![CDATA[head_prop]]></Name>
                    <Exclude>0</Exclude>
                    <Additive>0</Additive>
                    <IKPriority>0</IKPriority>
                    <IKRotLimits>-1e+010 -1e+010 -1e+010 1e+010 1e+010 1e+010</IKRotLimits>
                    <IKRotLimitOrder>0</IKRotLimitOrder>
                    <KeyFrames count="30">
                        <i>0.802423 -0.17026 -0.571952 0.33737 0.920002 0.199446 0.492239 -0.353 0.795671 -2.27953 4.10625 -0.178781</i>
                        <i>0.80089 -0.178291 -0.571653 0.345681 0.917171 0.198247 0.488958 -0.356383 0.796185 -2.27551 4.10195 -0.178753</i>
                        <i>0.799803 -0.183739 -0.57145 0.353137 0.913852 0.200421 0.485395 -0.362098 0.795787 -2.27244 4.09838 -0.177828</i>
                        <i>0.799179 -0.186797 -0.571331 0.359572 0.910237 0.205368 0.481685 -0.36956 0.79461 -2.27027 4.09552 -0.176174</i>
                        <i>0.799004 -0.187655 -0.571295 0.364827 0.906507 0.212477 0.47801 -0.378194 0.792764 -2.26897 4.09334 -0.173963</i>
                        <i>0.79924 -0.186502 -0.571342 0.368757 0.902838 0.221136 0.474587 -0.387427 0.790359 -2.26849 4.09184 -0.17137</i>
                        <i>0.799833 -0.18352 -0.571478 0.371228 0.899418 0.230734 0.471653 -0.396697 0.787512 -2.26879 4.09098 -0.168571</i>
                        <i>0.800715 -0.178891 -0.57171 0.372112 0.896445 0.240663 0.469455 -0.405442 0.784365 -2.26984 4.09075 -0.165739</i>
                        <i>0.801811 -0.172797 -0.572049 0.371288 0.894138 0.250325 0.468235 -0.413108 0.781088 -2.2716 4.09114 -0.163046</i>
                        <i>0.802984 -0.165881 -0.572451 0.369155 0.892491 0.259198 0.467912 -0.419455 0.777892 -2.27383 4.09199 -0.160628</i>
                        <i>0.804112 -0.158824 -0.572869 0.366141 0.891499 0.266775 0.468342 -0.424268 0.775017 -2.27628 4.09314 -0.158613</i>
                        <i>0.805215 -0.151565 -0.573286 0.361752 0.891596 0.272384 0.469855 -0.426715 0.772755 -2.27912 4.09481 -0.157224</i>
                        <i>0.806278 -0.144199 -0.573692 0.355729 0.893069 0.275473 0.472623 -0.426186 0.771357 -2.2824 4.09709 -0.156629</i>
                        <i>0.807267 -0.13693 -0.574082 0.348346 0.895755 0.276184 0.476419 -0.422933 0.770813 -2.28601 4.09987 -0.156776</i>
                        <i>0.808183 -0.129824 -0.574444 0.339845 0.899421 0.274859 0.480983 -0.417359 0.771017 -2.28994 4.10315 -0.157572</i>
                        <i>0.808996 -0.123143 -0.57477 0.330745 0.903699 0.271913 0.485935 -0.410079 0.771818 -2.29397 4.10678 -0.158867</i>
                        <i>0.809685 -0.117152 -0.575053 0.321575 0.908239 0.267754 0.490918 -0.401719 0.77306 -2.29788 4.1106 -0.160511</i>
                        <i>0.810236 -0.112116 -0.57528 0.312883 0.912712 0.262793 0.495602 -0.39292 0.774592 -2.30142 4.11436 -0.162352</i>
                        <i>0.810641 -0.1083 -0.57544 0.305233 0.916818 0.257443 0.499693 -0.384337 0.776268 -2.30436 4.1178 -0.16424</i>
                        <i>0.810892 -0.105969 -0.575521 0.299203 0.920279 0.25212 0.502923 -0.376639 0.777954 -2.30645 4.12068 -0.166022</i>
                        <i>0.810977 -0.105386 -0.575509 0.295149 0.923002 0.246888 0.505178 -0.370081 0.779638 -2.30751 4.12284 -0.16766</i>
                        <i>0.810869 -0.106817 -0.575397 0.293309 0.924979 0.241627 0.506421 -0.364697 0.781367 -2.30742 4.12411 -0.169176</i>
                        <i>0.810544 -0.110495 -0.575161 0.29402 0.926095 0.236434 0.506528 -0.360748 0.783128 -2.30606 4.12436 -0.170536</i>
                        <i>0.809998 -0.116209 -0.574803 0.297043 0.926429 0.231289 0.505636 -0.358085 0.784925 -2.3036 4.12368 -0.171772</i>
                        <i>0.809227 -0.123547 -0.574359 0.301911 0.926122 0.226157 0.503985 -0.356417 0.786744 -2.30029 4.12217 -0.172924</i>
                        <i>0.808227 -0.132101 -0.573863 0.308154 0.925311 0.221001 0.501807 -0.355457 0.788568 -2.29637 4.11995 -0.174032</i>
                        <i>0.807007 -0.141458 -0.573349 0.315297 0.924134 0.215786 0.499326 -0.354916 0.790384 -2.29209 4.11712 -0.175135</i>
                        <i>0.805597 -0.151209 -0.572843 0.322864 0.922745 0.210478 0.496762 -0.354511 0.79218 -2.2877 4.11381 -0.176269</i>
                        <i>0.804045 -0.160945 -0.572372 0.33038 0.921307 0.205042 0.49433 -0.353963 0.793945 -2.28344 4.11014 -0.177473</i>
                        <i>0.802423 -0.17026 -0.571952 0.33737 0.920002 0.199446 0.492239 -0.353 0.795671 -2.27953 4.10625 -0.178781</i>
                    </KeyFrames>
                </p>
            </i>
            <i>
                <p>
                    <Name><![CDATA[l_clav]]></Name>
                    <Exclude>0</Exclude>
                    <Additive>0</Additive>
                    <IKPriority>0</IKPriority>
                    <IKRotLimits>-1e+010 -1e+010 -1e+010 1e+010 1e+010 1e+010</IKRotLimits>
                    <IKRotLimitOrder>0</IKRotLimitOrder>
                    <KeyFrames count="30">
                        <i>0.172622 0.131418 -0.976182 0.854353 0.473231 0.214787 0.490186 -0.871081 -0.0305875 -2.56072 3.70197 -0.330858</i>
                        <i>0.177409 0.132647 -0.975157 0.858832 0.462978 0.219223 0.480556 -0.876388 -0.0317847 -2.56052 3.70072 -0.33077</i>
                        <i>0.185744 0.136077 -0.97313 0.860401 0.455789 0.227962 0.474562 -0.879625 -0.0324204 -2.56062 3.69967 -0.330775</i>
                        <i>0.19645 0.141076 -0.970312 0.859505 0.45146 0.239655 0.471866 -0.881069 -0.0325661 -2.56096 3.69879 -0.330856</i>
                        <i>0.208308 0.147088 -0.96694 0.856577 0.44977 0.25295 0.472106 -0.88095 -0.0323015 -2.56148 3.69806 -0.330996</i>
                        <i>0.220092 0.153585 -0.963313 0.852072 0.450499 0.266501 0.474902 -0.879467 -0.0317143 -2.56212 3.69744 -0.33118</i>
                        <i>0.230598 0.160029 -0.9598 0.846496 0.453448 0.27898 0.479864 -0.876799 -0.0308998 -2.56284 3.69692 -0.33139</i>
                        <i>0.23866 0.16584 -0.956838 0.840396 0.458443 0.289075 0.486596 -0.873113 -0.0299589 -2.56357 3.69646 -0.331609</i>
                        <i>0.243161 0.170371 -0.954907 0.834352 0.465343 0.295487 0.494701 -0.868579 -0.0289961 -2.56424 3.69604 -0.331822</i>
                        <i>0.243201 0.172787 -0.954462 0.829204 0.473508 0.297004 0.503263 -0.863675 -0.0281183 -2.56484 3.69567 -0.332018</i>
                        <i>0.240228 0.173515 -0.955083 0.824954 0.48206 0.295075 0.511607 -0.858784 -0.0273379 -2.56534 3.69536 -0.332187</i>
                        <i>0.236246 0.173619 -0.956056 0.82081 0.490937 0.29198 0.520057 -0.85372 -0.0265267 -2.56573 3.69516 -0.332327</i>
                        <i>0.231412 0.17311 -0.95733 0.816774 0.500021 0.287853 0.528515 -0.848535 -0.0256808 -2.56598 3.69509 -0.332431</i>
                        <i>0.225911 0.172008 -0.958842 0.812936 0.509047 0.282854 0.536749 -0.843377 -0.024832 -2.56612 3.69516 -0.332501</i>
                        <i>0.219887 0.170339 -0.960539 0.809286 0.517943 0.277113 0.544707 -0.838284 -0.0239639 -2.56621 3.69544 -0.332557</i>
                        <i>0.213535 0.168148 -0.962356 0.805978 0.526368 0.270807 0.552088 -0.833465 -0.0231252 -2.56624 3.69599 -0.332597</i>
                        <i>0.207047 0.165496 -0.964231 0.80318 0.533989 0.264116 0.558599 -0.829136 -0.0223627 -2.56621 3.69682 -0.332616</i>
                        <i>0.200606 0.162463 -0.966107 0.801073 0.540478 0.257226 0.56395 -0.825523 -0.0217218 -2.56612 3.69784 -0.332611</i>
                        <i>0.194387 0.15914 -0.96793 0.799847 0.545512 0.250321 0.567854 -0.822855 -0.0212471 -2.56594 3.69897 -0.332579</i>
                        <i>0.18856 0.155633 -0.969651 0.799697 0.548769 0.243591 0.570026 -0.821359 -0.0209834 -2.56568 3.70013 -0.332516</i>
                        <i>0.183285 0.152058 -0.971229 0.800817 0.549924 0.237223 0.570174 -0.821256 -0.0209771 -2.56532 3.70124 -0.332418</i>
                        <i>0.178716 0.148532 -0.972625 0.803391 0.548647 0.231406 0.567999 -0.822754 -0.0212773 -2.56485 3.70221 -0.332281</i>
                        <i>0.17501 0.145142 -0.97381 0.807544 0.544662 0.226308 0.563244 -0.826001 -0.0218869 -2.5643 3.703 -0.332112</i>
                        <i>0.17219 0.141961 -0.974781 0.813045 0.538213 0.222002 0.556155 -0.830767 -0.0227457 -2.56372 3.70361 -0.331924</i>
                        <i>0.170217 0.139084 -0.975542 0.819525 0.529743 0.21852 0.547179 -0.836677 -0.0238114 -2.56312 3.70402 -0.331725</i>
                        <i>0.169067 0.136585 -0.976095 0.82662 0.519699 0.215899 0.536764 -0.843361 -0.0250402 -2.56254 3.70419 -0.331524</i>
                        <i>0.168728 0.134526 -0.976439 0.833975 0.508543 0.214173 0.525373 -0.850463 -0.0263855 -2.56198 3.7041 -0.331329</i>
                        <i>0.1692 0.132952 -0.976573 0.841254 0.496749 0.213383 0.513482 -0.85765 -0.0277963 -2.56148 3.70372 -0.331148</i>
                        <i>0.170493 0.131904 -0.97649 0.848143 0.48481 0.213572 0.501583 -0.864616 -0.0292172 -2.56105 3.70302 -0.330988</i>
                        <i>0.172622 0.131418 -0.976182 0.854353 0.473231 0.214787 0.490186 -0.871081 -0.0305875 -2.56072 3.70197 -0.330858</i>
                    </KeyFrames>
                </p>
            </i>
            <i>
                <p>
                    <Name><![CDATA[l_shoulder]]></Name>
                    <Exclude>0</Exclude>
                    <Additive>0</Additive>
                    <IKPriority>0</IKPriority>
                    <IKRotLimits>-1e+010 -1e+010 -1e+010 1e+010 1e+010 1e+010</IKRotLimits>
                    <IKRotLimitOrder>0</IKRotLimitOrder>
                    <KeyFrames count="30">
                        <i>-0.299672 -0.522427 -0.79829 0.517106 0.61423 -0.596089 0.801747 -0.591431 0.0860826 -2.52662 3.72794 -0.52373</i>
                        <i>-0.301473 -0.517217 -0.801 0.520344 0.61471 -0.592768 0.798972 -0.595499 0.0838124 -2.52547 3.72693 -0.52344</i>
                        <i>-0.304764 -0.513503 -0.802143 0.522401 0.614092 -0.591598 0.796377 -0.599338 0.0811016 -2.52392 3.72655 -0.523044</i>
                        <i>-0.309088 -0.511132 -0.802003 0.523331 0.612727 -0.592191 0.794097 -0.602752 0.0781051 -2.52214 3.72667 -0.522569</i>
                        <i>-0.313941 -0.50997 -0.800857 0.523204 0.610948 -0.594139 0.792274 -0.605536 0.0750167 -2.52032 3.72712 -0.522043</i>
                        <i>-0.318815 -0.509905 -0.798971 0.522099 0.609063 -0.597039 0.791056 -0.607486 0.0720425 -2.51864 3.72779 -0.521509</i>
                        <i>-0.323222 -0.510841 -0.796599 0.520103 0.607352 -0.600514 0.790583 -0.608412 0.0693801 -2.51728 3.72854 -0.521025</i>
                        <i>-0.326717 -0.512685 -0.793983 0.517307 0.606069 -0.604214 0.79098 -0.60814 0.0672026 -2.51641 3.72923 -0.52066</i>
                        <i>-0.328901 -0.515338 -0.79136 0.513801 0.605449 -0.607815 0.792359 -0.606513 0.0656486 -2.5162 3.7297 -0.520491</i>
                        <i>-0.329298 -0.518563 -0.789085 0.509888 0.605713 -0.610841 0.794718 -0.603493 0.0649486 -2.51679 3.72981 -0.520599</i>
                        <i>-0.328505 -0.521949 -0.787181 0.505933 0.606537 -0.613307 0.797569 -0.599735 0.0648208 -2.51787 3.72964 -0.520891</i>
                        <i>-0.327443 -0.525446 -0.785295 0.501981 0.607382 -0.615713 0.800497 -0.595814 0.0648804 -2.51905 3.72946 -0.521223</i>
                        <i>-0.326232 -0.528962 -0.783436 0.4981 0.608195 -0.618058 0.80341 -0.59186 0.0650635 -2.52026 3.72929 -0.521579</i>
                        <i>-0.324862 -0.532438 -0.781648 0.494405 0.608948 -0.620279 0.806243 -0.587956 0.0654158 -2.52148 3.72915 -0.521947</i>
                        <i>-0.323157 -0.536018 -0.779907 0.490943 0.609595 -0.622389 0.809039 -0.584019 0.066159 -2.52276 3.7291 -0.522339</i>
                        <i>-0.321114 -0.539644 -0.778248 0.487917 0.610042 -0.624328 0.811679 -0.580201 0.0674086 -2.52405 3.72921 -0.522738</i>
                        <i>-0.318776 -0.5432 -0.776734 0.485484 0.610252 -0.626017 0.814056 -0.576651 0.069181 -2.52531 3.72952 -0.523127</i>
                        <i>-0.316266 -0.546459 -0.775473 0.483714 0.610299 -0.62734 0.816086 -0.573514 0.0713137 -2.52648 3.72994 -0.523493</i>
                        <i>-0.313703 -0.549211 -0.77457 0.482677 0.61025 -0.628186 0.817688 -0.570931 0.0736542 -2.52754 3.73042 -0.523821</i>
                        <i>-0.311202 -0.551253 -0.774128 0.48244 0.610172 -0.628443 0.818783 -0.569043 0.0760599 -2.52842 3.73088 -0.524098</i>
                        <i>-0.30887 -0.552391 -0.77425 0.483071 0.610124 -0.628005 0.819294 -0.56799 0.0783957 -2.5291 3.73128 -0.524311</i>
                        <i>-0.306806 -0.552436 -0.775039 0.484641 0.610159 -0.626761 0.819142 -0.567909 0.0805323 -2.52954 3.73155 -0.52445</i>
                        <i>-0.304996 -0.551306 -0.776556 0.487213 0.610298 -0.624628 0.818292 -0.568857 0.0824645 -2.52972 3.73167 -0.524515</i>
                        <i>-0.303372 -0.549153 -0.778715 0.490654 0.610531 -0.621699 0.816838 -0.570686 0.0842258 -2.5297 3.73166 -0.524519</i>
                        <i>-0.301958 -0.546125 -0.781389 0.494744 0.610858 -0.618127 0.814892 -0.573236 0.0857385 -2.52949 3.7315 -0.524471</i>
                        <i>-0.300788 -0.542359 -0.784457 0.499262 0.611281 -0.614063 0.812566 -0.576352 0.086913 -2.52913 3.73118 -0.524379</i>
                        <i>-0.299909 -0.537984 -0.7878 0.503984 0.611809 -0.609663 0.809972 -0.579882 0.0876484 -2.52865 3.73068 -0.524252</i>
                        <i>-0.299379 -0.533123 -0.791298 0.508686 0.612459 -0.605089 0.807224 -0.583673 0.0878345 -2.52805 3.72999 -0.524097</i>
                        <i>-0.299273 -0.527897 -0.794834 0.513138 0.613254 -0.600507 0.804441 -0.587575 0.0873533 -2.52737 3.72908 -0.523921</i>
                        <i>-0.299672 -0.522427 -0.79829 0.517106 0.61423 -0.596089 0.801747 -0.591431 0.0860826 -2.52662 3.72794 -0.52373</i>
                    </KeyFrames>
                </p>
            </i>
            <i>
                <p>
                    <Name><![CDATA[l_elbow]]></Name>
                    <Exclude>0</Exclude>
                    <Additive>0</Additive>
                    <IKPriority>0</IKPriority>
                    <IKRotLimits>-1e+010 -1e+010 -1e+010 1e+010 1e+010 1e+010</IKRotLimits>
                    <IKRotLimitOrder>0</IKRotLimitOrder>
                    <KeyFrames count="30">
                        <i>0.842092 -0.486055 0.233735 0.519093 0.612808 -0.595825 0.146369 0.62307 0.768349 -2.62409 3.55801 -0.783395</i>
                        <i>0.840366 -0.488159 0.235553 0.522325 0.613277 -0.59251 0.144779 0.620961 0.770355 -2.62353 3.55869 -0.783987</i>
                        <i>0.83889 -0.490726 0.235481 0.524376 0.61265 -0.591347 0.145922 0.619555 0.77127 -2.62305 3.55952 -0.783963</i>
                        <i>0.837748 -0.493437 0.233877 0.525301 0.611276 -0.591947 0.149125 0.618758 0.771298 -2.62268 3.56041 -0.783442</i>
                        <i>0.837 -0.496 0.231115 0.525169 0.60949 -0.593902 0.153714 0.61847 0.770627 -2.62244 3.56124 -0.782543</i>
                        <i>0.836707 -0.498121 0.227589 0.524061 0.6076 -0.59681 0.159 0.618626 0.769429 -2.62234 3.56193 -0.781396</i>
                        <i>0.836935 -0.499485 0.223728 0.522064 0.605887 -0.600291 0.164283 0.619205 0.767852 -2.62242 3.56237 -0.78014</i>
                        <i>0.837766 -0.499753 0.21999 0.51927 0.604605 -0.603996 0.168843 0.620241 0.766024 -2.62269 3.56246 -0.778924</i>
                        <i>0.839295 -0.498558 0.216848 0.515768 0.60399 -0.607602 0.17195 0.621801 0.764066 -2.62318 3.56207 -0.777903</i>
