<?xml version="1.0" encoding="ISO-8859-1" ?>
<Animl Version="1">
    <ModellingPackage><![CDATA[Maya.2010]]></ModellingPackage>
    <SrcFile><![CDATA[anims\vehicles\red\~src\land\tank_t80\tank_t80_fire_crewman_b.mb]]></SrcFile>
    <FramesPerSecond>30</FramesPerSecond>
    <TotalFrames>60</TotalFrames>
    <Skeleton>
        <RefFrame>
            <Name><![CDATA[soldier_ref_frame]]></Name>
            <Exclude>0</Exclude>
            <Additive>0</Additive>
            <IKPriority>0</IKPriority>
            <IKRotLimits>-1e+010 -1e+010 -1e+010 1e+010 1e+010 1e+010</IKRotLimits>
            <IKRotLimitOrder>0</IKRotLimitOrder>
            <KeyFrames count="60">
                <i>1 0 0 0 1 0 0 0 1 0 0 0</i>
                <i>1 0 0 0 1 0 0 0 1 0 0 0</i>
                <i>1 0 0 0 1 0 0 0 1 0 0 0</i>
                <i>1 0 0 0 1 0 0 0 1 0 0 0</i>
                <i>1 0 0 0 1 0 0 0 1 0 0 0</i>
                <i>1 0 0 0 1 0 0 0 1 0 0 0</i>
                <i>1 0 0 0 1 0 0 0 1 0 0 0</i>
                <i>1 0 0 0 1 0 0 0 1 0 0 0</i>
                <i>1 0 0 0 1 0 0 0 1 0 0 0</i>
                <i>1 0 0 0 1 0 0 0 1 0 0 0</i>
                <i>1 0 0 0 1 0 0 0 1 0 0 0</i>
                <i>1 0 0 0 1 0 0 0 1 0 0 0</i>
                <i>1 0 0 0 1 0 0 0 1 0 0 0</i>
                <i>1 0 0 0 1 0 0 0 1 0 0 0</i>
                <i>1 0 0 0 1 0 0 0 1 0 0 0</i>
                <i>1 0 0 0 1 0 0 0 1 0 0 0</i>
                <i>1 0 0 0 1 0 0 0 1 0 0 0</i>
                <i>1 0 0 0 1 0 0 0 1 0 0 0</i>
                <i>1 0 0 0 1 0 0 0 1 0 0 0</i>
                <i>1 0 0 0 1 0 0 0 1 0 0 0</i>
                <i>1 0 0 0 1 0 0 0 1 0 0 0</i>
                <i>1 0 0 0 1 0 0 0 1 0 0 0</i>
                <i>1 0 0 0 1 0 0 0 1 0 0 0</i>
                <i>1 0 0 0 1 0 0 0 1 0 0 0</i>
                <i>1 0 0 0 1 0 0 0 1 0 0 0</i>
                <i>1 0 0 0 1 0 0 0 1 0 0 0</i>
                <i>1 0 0 0 1 0 0 0 1 0 0 0</i>
                <i>1 0 0 0 1 0 0 0 1 0 0 0</i>
                <i>1 0 0 0 1 0 0 0 1 0 0 0</i>
                <i>1 0 0 0 1 0 0 0 1 0 0 0</i>
                <i>1 0 0 0 1 0 0 0 1 0 0 0</i>
                <i>1 0 0 0 1 0 0 0 1 0 0 0</i>
                <i>1 0 0 0 1 0 0 0 1 0 0 0</i>
                <i>1 0 0 0 1 0 0 0 1 0 0 0</i>
                <i>1 0 0 0 1 0 0 0 1 0 0 0</i>
                <i>1 0 0 0 1 0 0 0 1 0 0 0</i>
                <i>1 0 0 0 1 0 0 0 1 0 0 0</i>
                <i>1 0 0 0 1 0 0 0 1 0 0 0</i>
                <i>1 0 0 0 1 0 0 0 1 0 0 0</i>
                <i>1 0 0 0 1 0 0 0 1 0 0 0</i>
                <i>1 0 0 0 1 0 0 0 1 0 0 0</i>
                <i>1 0 0 0 1 0 0 0 1 0 0 0</i>
                <i>1 0 0 0 1 0 0 0 1 0 0 0</i>
                <i>1 0 0 0 1 0 0 0 1 0 0 0</i>
                <i>1 0 0 0 1 0 0 0 1 0 0 0</i>
                <i>1 0 0 0 1 0 0 0 1 0 0 0</i>
                <i>1 0 0 0 1 0 0 0 1 0 0 0</i>
                <i>1 0 0 0 1 0 0 0 1 0 0 0</i>
                <i>1 0 0 0 1 0 0 0 1 0 0 0</i>
                <i>1 0 0 0 1 0 0 0 1 0 0 0</i>
                <i>1 0 0 0 1 0 0 0 1 0 0 0</i>
                <i>1 0 0 0 1 0 0 0 1 0 0 0</i>
                <i>1 0 0 0 1 0 0 0 1 0 0 0</i>
                <i>1 0 0 0 1 0 0 0 1 0 0 0</i>
                <i>1 0 0 0 1 0 0 0 1 0 0 0</i>
                <i>1 0 0 0 1 0 0 0 1 0 0 0</i>
                <i>1 0 0 0 1 0 0 0 1 0 0 0</i>
                <i>1 0 0 0 1 0 0 0 1 0 0 0</i>
                <i>1 0 0 0 1 0 0 0 1 0 0 0</i>
                <i>1 0 0 0 1 0 0 0 1 0 0 0</i>
            </KeyFrames>
        </RefFrame>
        <Bones count="23">
            <i>
                <p>
                    <Name><![CDATA[pelvis]]></Name>
                    <Exclude>0</Exclude>
                    <Additive>0</Additive>
                    <IKPriority>0</IKPriority>
                    <IKRotLimits>-1e+010 -1e+010 -1e+010 1e+010 1e+010 1e+010</IKRotLimits>
                    <IKRotLimitOrder>2</IKRotLimitOrder>
                    <KeyFrames count="60">
                        <i>1 0 0 0 1 0 0 0 1 0.65 0.62 -0.69</i>
                        <i>1 0 0 0 1 0 0 0 1 0.65 0.679865 -0.69</i>
                        <i>1 0 0 0 1 0 0 0 1 0.65 0.734361 -0.69</i>
                        <i>1 0 0 0 1 0 0 0 1 0.65 0.780554 -0.69</i>
                        <i>1 0 0 0 1 0 0 0 1 0.65 0.815514 -0.69</i>
                        <i>1 0 0 0 1 0 0 0 1 0.65 0.836306 -0.69</i>
                        <i>1 0 0 0 1 0 0 0 1 0.65 0.84 -0.69</i>
                        <i>1 0 0 0 1 0 0 0 1 0.65 0.826794 -0.69</i>
                        <i>1 0 0 0 1 0 0 0 1 0.65 0.799074 -0.69</i>
                        <i>1 0 0 0 1 0 0 0 1 0.65 0.757188 -0.69</i>
                        <i>1 0 0 0 1 0 0 0 1 0.65 0.701482 -0.69</i>
                        <i>1 0 0 0 1 0 0 0 1 0.65 0.632304 -0.69</i>
                        <i>1 0 0 0 1 0 0 0 1 0.65 0.55 -0.69</i>
                        <i>1 0 0 0 1 0 0 0 1 0.65 0.591975 -0.69</i>
                        <i>1 0 0 0 1 0 0 0 1 0.65 0.626728 -0.69</i>
                        <i>1 0 0 0 1 0 0 0 1 0.65 0.65477 -0.69</i>
                        <i>1 0 0 0 1 0 0 0 1 0.65 0.676609 -0.69</i>
                        <i>1 0 0 0 1 0 0 0 1 0.65 0.692754 -0.69</i>
                        <i>1 0 0 0 1 0 0 0 1 0.65 0.703714 -0.69</i>
                        <i>1 0 0 0 1 0 0 0 1 0.65 0.71 -0.69</i>
                        <i>1 0 0 0 1 0 0 0 1 0.65 0.711085 -0.69</i>
                        <i>1 0 0 0 1 0 0 0 1 0.65 0.706871 -0.69</i>
                        <i>1 0 0 0 1 0 0 0 1 0.65 0.698503 -0.69</i>
                        <i>1 0 0 0 1 0 0 0 1 0.65 0.687129 -0.69</i>
                        <i>1 0 0 0 1 0 0 0 1 0.65 0.673897 -0.69</i>
                        <i>1 0 0 0 1 0 0 0 1 0.65 0.659953 -0.69</i>
                        <i>1 0 0 0 1 0 0 0 1 0.65 0.646444 -0.69</i>
                        <i>1 0 0 0 1 0 0 0 1 0.65 0.634518 -0.69</i>
                        <i>1 0 0 0 1 0 0 0 1 0.65 0.625321 -0.69</i>
                        <i>1 0 0 0 1 0 0 0 1 0.65 0.62 -0.69</i>
                        <i>1 0 0 0 1 0 0 0 1 0.65 0.617293 -0.69</i>
                        <i>1 0 0 0 1 0 0 0 1 0.65 0.61514 -0.69</i>
                        <i>1 0 0 0 1 0 0 0 1 0.65 0.613497 -0.69</i>
                        <i>1 0 0 0 1 0 0 0 1 0.65 0.61232 -0.69</i>
                        <i>1 0 0 0 1 0 0 0 1 0.65 0.611562 -0.69</i>
                        <i>1 0 0 0 1 0 0 0 1 0.65 0.61118 -0.69</i>
                        <i>1 0 0 0 1 0 0 0 1 0.65 0.611127 -0.69</i>
                        <i>1 0 0 0 1 0 0 0 1 0.65 0.61136 -0.69</i>
                        <i>1 0 0 0 1 0 0 0 1 0.65 0.611832 -0.69</i>
                        <i>1 0 0 0 1 0 0 0 1 0.65 0.6125 -0.69</i>
                        <i>1 0 0 0 1 0 0 0 1 0.65 0.613317 -0.69</i>
                        <i>1 0 0 0 1 0 0 0 1 0.65 0.61424 -0.69</i>
                        <i>1 0 0 0 1 0 0 0 1 0.65 0.615223 -0.69</i>
                        <i>1 0 0 0 1 0 0 0 1 0.65 0.61622 -0.69</i>
                        <i>1 0 0 0 1 0 0 0 1 0.65 0.617188 -0.69</i>
                        <i>1 0 0 0 1 0 0 0 1 0.65 0.61808 -0.69</i>
                        <i>1 0 0 0 1 0 0 0 1 0.65 0.618852 -0.69</i>
                        <i>1 0 0 0 1 0 0 0 1 0.65 0.61946 -0.69</i>
                        <i>1 0 0 0 1 0 0 0 1 0.65 0.619857 -0.69</i>
                        <i>1 0 0 0 1 0 0 0 1 0.65 0.62 -0.69</i>
                        <i>1 0 0 0 1 0 0 0 1 0.65 0.62 -0.69</i>
                        <i>1 0 0 0 1 0 0 0 1 0.65 0.62 -0.69</i>
                        <i>1 0 0 0 1 0 0 0 1 0.65 0.62 -0.69</i>
                        <i>1 0 0 0 1 0 0 0 1 0.65 0.62 -0.69</i>
                        <i>1 0 0 0 1 0 0 0 1 0.65 0.62 -0.69</i>
                        <i>1 0 0 0 1 0 0 0 1 0.65 0.62 -0.69</i>
                        <i>1 0 0 0 1 0 0 0 1 0.65 0.62 -0.69</i>
                        <i>1 0 0 0 1 0 0 0 1 0.65 0.62 -0.69</i>
                        <i>1 0 0 0 1 0 0 0 1 0.65 0.62 -0.69</i>
                        <i>1 0 0 0 1 0 0 0 1 0.65 0.62 -0.69</i>
                    </KeyFrames>
                </p>
            </i>
            <i>
                <p>
                    <Name><![CDATA[spine0]]></Name>
                    <Exclude>0</Exclude>
                    <Additive>0</Additive>
                    <IKPriority>0</IKPriority>
                    <IKRotLimits>-1e+010 -1e+010 -1e+010 1e+010 1e+010 1e+010</IKRotLimits>
                    <IKRotLimitOrder>0</IKRotLimitOrder>
                    <KeyFrames count="60">
                        <i>0 0.999669 0.0257105 -1 0 -1.73472e-018 -5.20417e-018 -0.0257105 0.999669 0.65 0.755654 -0.737898</i>
                        <i>1.11022e-016 0.999004 0.0446126 -1 1.11022e-016 3.46945e-018 -3.46945e-018 -0.0446126 0.999004 0.65 0.815519 -0.737898</i>
                        <i>1.11022e-016 0.996154 0.0876189 -1 1.11022e-016 0 -1.38778e-017 -0.0876189 0.996154 0.65 0.870014 -0.737898</i>
                        <i>0 0.991078 0.133285 -1 0 1.38778e-017 -1.38778e-017 -0.133285 0.991078 0.65 0.916208 -0.737898</i>
                        <i>1.11022e-016 0.987291 0.158921 -1 1.11022e-016 0 -2.77556e-017 -0.158921 0.987291 0.65 0.951167 -0.737898</i>
                        <i>1.11022e-016 0.987929 0.154907 -1 1.11022e-016 0 -1.38778e-017 -0.154907 0.987929 0.65 0.97196 -0.737898</i>
                        <i>1.11022e-016 0.991507 0.130052 -1 1.11022e-016 1.38778e-017 -1.38778e-017 -0.130052 0.991507 0.65 0.975654 -0.737898</i>
                        <i>0 0.995894 0.0905258 -1 0 6.93889e-018 -6.93889e-018 -0.0905258 0.995894 0.65 0.962448 -0.737898</i>
                        <i>1.11022e-016 0.999025 0.0441541 -1 1.11022e-016 3.46945e-018 -3.46945e-018 -0.0441541 0.999025 0.65 0.934728 -0.737898</i>
                        <i>0 1 1.85075e-005 -1 0 1.69407e-021 -1.69407e-021 -1.85075e-005 1 0.65 0.892842 -0.737898</i>
                        <i>0 0.99944 -0.0334743 -1 0 3.46945e-018 1.04083e-017 0.0334743 0.99944 0.65 0.837136 -0.737898</i>
                        <i>1.11022e-016 0.998847 -0.0480163 -1 1.11022e-016 3.46945e-018 1.04083e-017 0.0480163 0.998847 0.65 0.767958 -0.737898</i>
                        <i>2.22045e-016 0.999127 -0.0417746 -1 2.22045e-016 3.46945e-018 1.04083e-017 0.0417746 0.999127 0.65 0.685654 -0.737898</i>
                        <i>2.22045e-016 0.999815 -0.0192246 -1 2.22045e-016 1.73472e-018 5.20417e-018 0.0192246 0.999815 0.65 0.727628 -0.737898</i>
                        <i>1.11022e-016 0.999954 0.00962739 -1 1.11022e-016 0 0 -0.00962739 0.999954 0.65 0.762382 -0.737898</i>
                        <i>0 0.999395 0.0347841 -1 0 0 -6.93889e-018 -0.0347841 0.999395 0.65 0.790424 -0.737898</i>
                        <i>0 0.998607 0.0527555 -1 0 3.46945e-018 -3.46945e-018 -0.0527555 0.998607 0.65 0.812262 -0.737898</i>
                        <i>2.22045e-016 0.997836 0.0657557 -1 2.22045e-016 0 -1.38778e-017 -0.0657557 0.997836 0.65 0.828407 -0.737898</i>
                        <i>2.22045e-016 0.99738 0.0723436 -1 2.22045e-016 0 -6.93889e-018 -0.0723436 0.99738 0.65 0.839368 -0.737898</i>
                        <i>0 0.997478 0.0709734 -1 0 0 0 -0.0709734 0.997478 0.65 0.845654 -0.737898</i>
                        <i>0 0.998014 0.0629983 -1 0 6.93889e-018 -6.93889e-018 -0.0629983 0.998014 0.65 0.846739 -0.737898</i>
                        <i>1.11022e-016 0.998618 0.0525492 -1 1.11022e-016 0 -6.93889e-018 -0.0525492 0.998618 0.65 0.842524 -0.737898</i>
                        <i>1.11022e-016 0.999112 0.0421372 -1 1.11022e-016 0 -6.93889e-018 -0.0421372 0.999112 0.65 0.834157 -0.737898</i>
                        <i>0 0.999451 0.0331387 -1 0 0 -6.93889e-018 -0.0331387 0.999451 0.65 0.822783 -0.737898</i>
                        <i>2.22045e-016 0.999672 0.0256054 -1 2.22045e-016 3.46945e-018 0 -0.0256054 0.999672 0.65 0.809551 -0.737898</i>
                        <i>1.11022e-016 0.999798 0.0200739 -1 1.11022e-016 0 -3.46945e-018 -0.0200739 0.999798 0.65 0.795607 -0.737898</i>
                        <i>0 0.999855 0.0170413 -1 0 1.73472e-018 -1.73472e-018 -0.0170413 0.999855 0.65 0.782098 -0.737898</i>
                        <i>2.22045e-016 0.999856 0.0169601 -1 2.22045e-016 1.73472e-018 -1.73472e-018 -0.0169601 0.999856 0.65 0.770171 -0.737898</i>
                        <i>0 0.999817 0.0191454 -1 0 1.73472e-018 -1.73472e-018 -0.0191454 0.999817 0.65 0.760974 -0.737898</i>
                        <i>0 0.999763 0.0217794 -1 0 0 -3.46945e-018 -0.0217794 0.999763 0.65 0.755654 -0.737898</i>
                        <i>0 0.999716 0.0238132 -1 0 0 -3.46945e-018 -0.0238132 0.999716 0.65 0.752946 -0.737898</i>
                        <i>0 0.999682 0.0252129 -1 0 -1.73472e-018 -5.20417e-018 -0.0252129 0.999682 0.65 0.750794 -0.737898</i>
                        <i>0 0.999656 0.0262357 -1 0 0 -5.20417e-018 -0.0262357 0.999656 0.65 0.749151 -0.737898</i>
                        <i>2.22045e-016 0.999632 0.0271266 -1 2.22045e-016 3.46945e-018 0 -0.0271266 0.999632 0.65 0.747974 -0.737898</i>
                        <i>2.22045e-016 0.999605 0.0281128 -1 2.22045e-016 0 -3.46945e-018 -0.0281128 0.999605 0.65 0.747216 -0.737898</i>
                        <i>0 0.999585 0.0287951 -1 0 0 -5.20417e-018 -0.0287951 0.999585 0.65 0.746834 -0.737898</i>
                        <i>1.11022e-016 0.999581 0.0289345 -1 1.11022e-016 0 -5.20417e-018 -0.0289345 0.999581 0.65 0.746781 -0.737898</i>
                        <i>2.22045e-016 0.999581 0.0289566 -1 2.22045e-016 5.20417e-018 1.73472e-018 -0.0289566 0.999581 0.65 0.747014 -0.737898</i>
                        <i>2.22045e-016 0.999583 0.0288767 -1 2.22045e-016 0 -5.20417e-018 -0.0288767 0.999583 0.65 0.747486 -0.737898</i>
                        <i>0 0.999588 0.0287102 -1 0 0 -5.20417e-018 -0.0287102 0.999588 0.65 0.748154 -0.737898</i>
                        <i>1.11022e-016 0.999595 0.0284728 -1 1.11022e-016 0 -5.20417e-018 -0.0284728 0.999595 0.65 0.748971 -0.737898</i>
                        <i>2.22045e-016 0.999603 0.02818 -1 2.22045e-016 0 -3.46945e-018 -0.02818 0.999603 0.65 0.749894 -0.737898</i>
                        <i>1.11022e-016 0.999612 0.0278474 -1 1.11022e-016 0 -5.20417e-018 -0.0278474 0.999612 0.65 0.750876 -0.737898</i>
                        <i>0 0.999622 0.0274906 -1 0 0 -5.20417e-018 -0.0274906 0.999622 0.65 0.751874 -0.737898</i>
                        <i>1.11022e-016 0.999632 0.0271252 -1 1.11022e-016 5.20417e-018 1.73472e-018 -0.0271252 0.999632 0.65 0.752841 -0.737898</i>
                        <i>0 0.999642 0.0267666 -1 0 -1.73472e-018 -5.20417e-018 -0.0267666 0.999642 0.65 0.753734 -0.737898</i>
                        <i>1.11022e-016 0.999651 0.0264304 -1 1.11022e-016 0 -3.46945e-018 -0.0264304 0.999651 0.65 0.754506 -0.737898</i>
                        <i>2.22045e-016 0.999659 0.026132 -1 2.22045e-016 0 -3.46945e-018 -0.026132 0.999659 0.65 0.755114 -0.737898</i>
                        <i>2.22045e-016 0.999665 0.0258869 -1 2.22045e-016 -1.73472e-018 -5.20417e-018 -0.0258869 0.999665 0.65 0.755511 -0.737898</i>
                        <i>0 0.999669 0.0257105 -1 0 -1.73472e-018 -5.20417e-018 -0.0257105 0.999669 0.65 0.755654 -0.737898</i>
                        <i>2.22045e-016 0.999672 0.0255997 -1 2.22045e-016 -1.73472e-018 -5.20417e-018 -0.0255997 0.999672 0.65 0.755654 -0.737898</i>
                        <i>1.11022e-016 0.999674 0.0255353 -1 1.11022e-016 3.46945e-018 0 -0.0255353 0.999674 0.65 0.755654 -0.737898</i>
                        <i>0 0.999675 0.0255093 -1 0 -1.73472e-018 -5.20417e-018 -0.0255093 0.999675 0.65 0.755654 -0.737898</i>
                        <i>0 0.999674 0.0255134 -1 0 3.46945e-018 0 -0.0255134 0.999674 0.65 0.755654 -0.737898</i>
                        <i>2.22045e-016 0.999674 0.0255394 -1 2.22045e-016 0 -5.20417e-018 -0.0255394 0.999674 0.65 0.755654 -0.737898</i>
                        <i>0 0.999673 0.0255791 -1 0 0 -5.20417e-018 -0.0255791 0.999673 0.65 0.755654 -0.737898</i>
                        <i>1.11022e-016 0.999672 0.0256243 -1 1.11022e-016 0 -3.46945e-018 -0.0256243 0.999672 0.65 0.755654 -0.737898</i>
                        <i>2.22045e-016 0.999671 0.0256667 -1 2.22045e-016 0 -3.46945e-018 -0.0256667 0.999671 0.65 0.755654 -0.737898</i>
                        <i>2.22045e-016 0.99967 0.0256982 -1 2.22045e-016 0 -3.46945e-018 -0.0256982 0.99967 0.65 0.755654 -0.737898</i>
                        <i>0 0.999669 0.0257105 -1 0 -1.73472e-018 -5.20417e-018 -0.0257105 0.999669 0.65 0.755654 -0.737898</i>
                    </KeyFrames>
                </p>
            </i>
            <i>
                <p>
                    <Name><![CDATA[spine1]]></Name>
                    <Exclude>0</Exclude>
                    <Additive>0</Additive>
                    <IKPriority>0</IKPriority>
                    <IKRotLimits>-1e+010 -1e+010 -1e+010 1e+010 1e+010 1e+010</IKRotLimits>
                    <IKRotLimitOrder>0</IKRotLimitOrder>
                    <KeyFrames count="60">
                        <i>-9.32458e-019 0.978885 0.20441 -1 0 -1.73472e-018 -5.11995e-018 -0.20441 0.978885 0.65 0.927691 -0.733477</i>
                        <i>1.08446e-016 0.973336 0.229385 -1 1.11022e-016 3.46945e-018 -2.40296e-017 -0.229385 0.973336 0.65 0.987108 -0.730237</i>
                        <i>1.05936e-016 0.957965 0.286886 -1 1.11022e-016 0 -3.60017e-017 -0.286886 0.957965 0.65 1.04043 -0.722906</i>
                        <i>-3.10003e-018 0.936261 0.351305 -1 0 1.38778e-017 -1.35271e-017 -0.351305 0.936261 0.65 1.08511 -0.715177</i>
                        <i>1.00641e-016 0.916819 0.399304 -1 1.11022e-016 0 -5.44768e-017 -0.399304 0.916819 0.65 1.11908 -0.710861</i>
                        <i>1.03242e-016 0.910278 0.413997 -1 1.11022e-016 0 -4.31231e-017 -0.413997 0.910278 0.65 1.14012 -0.711523</i>
                        <i>1.03126e-016 0.919329 0.393489 -1 1.11022e-016 1.38778e-017 -4.34012e-017 -0.393489 0.919329 0.65 1.14494 -0.715688</i>
                        <i>-1.78195e-018 0.939247 0.343242 -1 0 6.93889e-018 -6.70618e-018 -0.343242 0.939247 0.65 1.13315 -0.722381</i>
                        <i>1.07302e-016 0.962595 0.270945 -1 1.11022e-016 3.46945e-018 -2.87108e-017 -0.270945 0.962595 0.65 1.1066 -0.730305</i>
                        <i>-3.22725e-022 0.981683 0.190522 -1 0 1.69407e-021 -1.66304e-021 -0.190522 0.981683 0.65 1.06532 -0.737901</i>
                        <i>1.56697e-018 0.993088 0.117372 -1 0 3.46945e-018 1.02897e-017 -0.117372 0.993088 0.65 1.00962 -0.743682</i>
                        <i>1.11483e-016 0.997761 0.0668813 -1 1.11022e-016 3.46945e-018 -2.39606e-018 -0.0668813 0.997761 0.65 0.940036 -0.746175</i>
                        <i>2.22063e-016 0.998746 0.0500691 -1 2.22045e-016 3.46945e-018 -1.00076e-017 -0.0500691 0.998746 0.65 0.857303 -0.745077</i>
                        <i>2.21646e-016 0.997652 0.0684803 -1 2.22045e-016 1.73472e-018 -1.42774e-017 -0.0684803 0.997652 0.65 0.898981 -0.741192</i>
                        <i>1.10465e-016 0.993967 0.109683 -1 1.11022e-016 0 -1.11142e-017 -0.109683 0.993967 0.65 0.933487 -0.736248</i>
                        <i>-8.84012e-019 0.98682 0.161823 -1 0 0 -6.88235e-018 -0.161823 0.98682 0.65 0.96135 -0.731946</i>
                        <i>-5.69054e-019 0.976431 0.215831 -1 0 3.46945e-018 -3.42246e-018 -0.215831 0.976431 0.65 0.983162 -0.728867</i>
                        <i>2.14719e-016 0.964232 0.265061 -1 2.22045e-016 0 -5.82439e-017 -0.265061 0.964232 0.65 0.999422 -0.726628</i>
                        <i>2.14388e-016 0.953445 0.301568 -1 2.22045e-016 0 -5.82204e-017 -0.301568 0.953445 0.65 1.01066 -0.725475</i>
                        <i>0 0.948202 0.317669 -1 0 0 0 -0.317669 0.948202 0.65 1.01735 -0.725685</i>
                        <i>-1.75929e-018 0.94943 0.313977 -1 0 6.93889e-018 -6.71216e-018 -0.313977 0.94943 0.65 1.01886 -0.727039</i>
                        <i>1.05821e-016 0.954286 0.298896 -1 1.11022e-016 0 -3.42924e-017 -0.298896 0.954286 0.65 1.01498 -0.72883</i>
                        <i>1.06257e-016 0.961019 0.276481 -1 1.11022e-016 0 -3.29158e-017 -0.276481 0.961019 0.65 1.00677 -0.730626</i>
                        <i>-1.51303e-018 0.968175 0.250273 -1 0 0 -6.77193e-018 -0.250273 0.968175 0.65 0.995372 -0.732183</i>
                        <i>2.17641e-016 0.974772 0.223202 -1 2.22045e-016 3.46945e-018 -4.40025e-017 -0.223202 0.974772 0.65 0.982014 -0.733487</i>
                        <i>1.08614e-016 0.980105 0.19848 -1 1.11022e-016 0 -2.32605e-017 -0.19848 0.980105 0.65 0.967896 -0.734444</i>
                        <i>-2.82009e-019 0.983784 0.179358 -1 0 1.73472e-018 -1.71165e-018 -0.179358 0.983784 0.65 0.954212 -0.734968</i>
                        <i>2.19188e-016 0.985597 0.169111 -1 2.22045e-016 1.73472e-018 -3.55477e-017 -0.169111 0.985597 0.65 0.942142 -0.734984</i>
                        <i>-2.58165e-019 0.985834 0.167727 -1 0 1.73472e-018 -1.71541e-018 -0.167727 0.985834 0.65 0.932844 -0.734609</i>
                        <i>-5.20985e-019 0.985156 0.17166 -1 0 0 -3.43011e-018 -0.17166 0.985156 0.65 0.927471 -0.734157</i>
                        <i>-5.39479e-019 0.983854 0.178974 -1 0 0 -3.42725e-018 -0.178974 0.983854 0.65 0.924765 -0.733807</i>
                        <i>-8.50052e-019 0.982138 0.188163 -1 0 -1.73472e-018 -5.13428e-018 -0.188163 0.982138 0.65 0.922658 -0.733566</i>
                        <i>-8.95464e-019 0.980232 0.197852 -1 0 0 -5.12655e-018 -0.197852 0.980232 0.65 0.921082 -0.733389</i>
                        <i>2.18416e-016 0.97841 0.206672 -1 2.22045e-016 3.46945e-018 -3.99803e-017 -0.206672 0.97841 0.65 0.919968 -0.733234</i>
                        <i>2.17537e-016 0.976994 0.213266 -1 2.22045e-016 0 -4.46463e-017 -0.213266 0.976994 0.65 0.919242 -0.733064</i>
                        <i>-9.80503e-019 0.976259 0.216608 -1 0 0 -5.11097e-018 -0.216608 0.976259 0.65 0.918866 -0.732946</i>
                        <i>1.08027e-016 0.976011 0.217721 -1 1.11022e-016 0 -2.61365e-017 -0.217721 0.976011 0.65 0.91882 -0.732922</i>
                        <i>2.18336e-016 0.975904 0.218199 -1 2.22045e-016 5.20417e-018 -4.04517e-017 -0.218199 0.975904 0.65 0.919057 -0.732918</i>
                        <i>2.17018e-016 0.975921 0.218124 -1 2.22045e-016 0 -4.72651e-017 -0.218124 0.975921 0.65 0.919533 -0.732931</i>
                        <i>-9.86019e-019 0.976043 0.217579 -1 0 0 -5.10991e-018 -0.217579 0.976043 0.65 0.920202 -0.73296</i>
                        <i>1.08044e-016 0.97625 0.216646 -1 1.11022e-016 0 -2.60674e-017 -0.216646 0.97625 0.65 0.92102 -0.733001</i>
                        <i>2.17442e-016 0.976524 0.215408 -1 2.22045e-016 0 -4.51086e-017 -0.215408 0.976524 0.65 0.921943 -0.733051</i>
                        <i>1.081e-016 0.976845 0.213947 -1 1.11022e-016 0 -2.58363e-017 -0.213947 0.976845 0.65 0.922924 -0.733109</i>
                        <i>-9.64863e-019 0.977195 0.212346 -1 0 0 -5.11394e-018 -0.212346 0.977195 0.65 0.92392 -0.73317</i>
                        <i>1.09444e-016 0.977554 0.210686 -1 1.11022e-016 5.20417e-018 -1.87333e-017 -0.210686 0.977554 0.65 0.924885 -0.733233</i>
                        <i>-9.51329e-019 0.977905 0.209051 -1 0 -1.73472e-018 -5.11648e-018 -0.209051 0.977905 0.65 0.925776 -0.733295</i>
                        <i>1.08546e-016 0.97823 0.207524 -1 1.11022e-016 0 -2.3573e-017 -0.207524 0.97823 0.65 0.926546 -0.733353</i>
                        <i>2.17769e-016 0.978513 0.206186 -1 2.22045e-016 0 -4.35014e-017 -0.206186 0.978513 0.65 0.927152 -0.733404</i>
                        <i>2.17494e-016 0.978737 0.20512 -1 2.22045e-016 -1.73472e-018 -4.50242e-017 -0.20512 0.978737 0.65 0.927549 -0.733447</i>
                        <i>-9.32458e-019 0.978885 0.20441 -1 0 -1.73472e-018 -5.11995e-018 -0.20441 0.978885 0.65 0.927691 -0.733477</i>
                        <i>2.17533e-016 0.978971 0.204001 -1 2.22045e-016 -1.73472e-018 -4.48381e-017 -0.204001 0.978971 0.65 0.927692 -0.733496</i>
                        <i>1.09235e-016 0.97902 0.203764 -1 1.11022e-016 3.46945e-018 -1.98395e-017 -0.203764 0.97902 0.65 0.927692 -0.733507</i>
                        <i>-9.29607e-019 0.97904 0.203668 -1 0 -1.73472e-018 -5.12047e-018 -0.203668 0.97904 0.65 0.927692 -0.733512</i>
                        <i>0 0.979037 0.203683 -1 0 3.46945e-018 0 -0.203683 0.979037 0.65 0.927692 -0.733511</i>
                        <i>2.1754e-016 0.979017 0.203779 -1 2.22045e-016 0 -4.48018e-017 -0.203779 0.979017 0.65 0.927692 -0.733506</i>
                        <i>-9.30596e-019 0.978986 0.203926 -1 0 0 -5.12029e-018 -0.203926 0.978986 0.65 0.927692 -0.7335</i>
                        <i>1.0861e-016 0.978952 0.204092 -1 1.11022e-016 0 -2.32798e-017 -0.204092 0.978952 0.65 0.927692 -0.733492</i>
                        <i>2.17835e-016 0.978919 0.204249 -1 2.22045e-016 0 -4.31718e-017 -0.204249 0.978919 0.65 0.927691 -0.733484</i>
                        <i>2.17831e-016 0.978895 0.204365 -1 2.22045e-016 0 -4.31907e-017 -0.204365 0.978895 0.65 0.927691 -0.733479</i>
                        <i>-9.32458e-019 0.978885 0.20441 -1 0 -1.73472e-018 -5.11995e-018 -0.20441 0.978885 0.65 0.927691 -0.733477</i>
                    </KeyFrames>
                </p>
            </i>
            <i>
                <p>
                    <Name><![CDATA[spine2]]></Name>
                    <Exclude>0</Exclude>
                    <Additive>0</Additive>
                    <IKPriority>0</IKPriority>
                    <IKRotLimits>-1e+010 -1e+010 -1e+010 1e+010 1e+010 1e+010</IKRotLimits>
                    <IKRotLimitOrder>0</IKRotLimitOrder>
                    <KeyFrames count="60">
                        <i>-1.90258e-018 0.92107 0.389397 -1 0 -1.73472e-018 -4.84392e-018 -0.389397 0.92107 0.65 1.08274 -0.701077</i>
                        <i>1.02889e-016 0.921163 0.389177 -1 1.11022e-016 3.46945e-018 -4.18548e-017 -0.389177 0.921163 0.65 1.14097 -0.693956</i>
                        <i>1.01201e-016 0.919508 0.393071 -1 1.11022e-016 0 -4.77167e-017 -0.393071 0.919508 0.65 1.19124 -0.677729</i>
                        <i>-3.92312e-018 0.912974 0.408017 -1 0 1.38778e-017 -1.33117e-017 -0.408017 0.912974 0.65 1.23191 -0.660082</i>
                        <i>9.80181e-017 0.897402 0.441213 -1 1.11022e-016 0 -5.90659e-017 -0.441213 0.897402 0.65 1.26252 -0.648377</i>
                        <i>9.98737e-017 0.878149 0.478387 -1 1.11022e-016 0 -5.04361e-017 -0.478387 0.878149 0.65 1.28263 -0.646687</i>
                        <i>9.74868e-017 0.868309 0.496023 -1 1.11022e-016 1.38778e-017 -5.49078e-017 -0.496023 0.868309 0.65 1.28931 -0.653867</i>
                        <i>-2.86638e-018 0.869556 0.493834 -1 0 6.93889e-018 -6.31919e-018 -0.493834 0.869556 0.65 1.28124 -0.668229</i>
                        <i>9.86458e-017 0.882072 0.471115 -1 1.11022e-016 3.46945e-018 -5.10588e-017 -0.471115 0.882072 0.65 1.25896 -0.687385</i>
                        <i>-7.30048e-022 0.902371 0.430961 -1 0 1.69407e-021 -1.52869e-021 -0.430961 0.902371 0.65 1.22114 -0.707628</i>
                        <i>4.24272e-018 0.926282 0.376831 -1 0 3.46945e-018 9.50436e-018 -0.376831 0.926282 0.65 1.1674 -0.725009</i>
                        <i>1.07372e-016 0.949646 0.313323 -1 1.11022e-016 3.46945e-018 -3.00919e-017 -0.313323 0.949646 0.65 1.09831 -0.73555</i>
                        <i>2.1495e-016 0.965689 0.259702 -1 2.22045e-016 3.46945e-018 -5.66431e-017 -0.259702 0.965689 0.65 1.01532 -0.737149</i>
                        <i>2.16125e-016 0.972095 0.234586 -1 2.22045e-016 1.73472e-018 -5.1194e-017 -0.234586 0.972095 0.65 1.05645 -0.730384</i>
                        <i>1.08017e-016 0.970663 0.240445 -1 1.11022e-016 0 -2.5656e-017 -0.240445 0.970663 0.65 1.09011 -0.718968</i>
                        <i>-1.70473e-018 0.96022 0.279246 -1 0 0 -6.72623e-018 -0.279246 0.96022 0.65 1.11674 -0.706465</i>
                        <i>-1.00823e-018 0.940181 0.340676 -1 0 3.46945e-018 -3.31972e-018 -0.340676 0.940181 0.65 1.13698 -0.694861</i>
                        <i>2.03737e-016 0.914399 0.404815 -1 2.22045e-016 0 -8.93734e-017 -0.404815 0.914399 0.65 1.1515 -0.684806</i>
                        <i>2.01343e-016 0.888168 0.459519 -1 2.22045e-016 0 -9.38766e-017 -0.459519 0.888168 0.65 1.16131 -0.677794</i>
                        <i>0 0.86936 0.494179 -1 0 0 0 -0.494179 0.86936 0.65 1.16749 -0.675343</i>
                        <i>-3.1367e-018 0.861745 0.507342 -1 0 6.93889e-018 -6.18946e-018 -0.507342 0.861745 0.65 1.16948 -0.677181</i>
                        <i>9.54458e-017 0.86304 0.505135 -1 1.11022e-016 0 -5.71332e-017 -0.505135 0.86304 0.65 1.16658 -0.681298</i>
                        <i>9.59259e-017 0.872426 0.488747 -1 1.11022e-016 0 -5.63234e-017 -0.488747 0.872426 0.65 1.15951 -0.686634</i>
                        <i>-2.99354e-018 0.887361 0.461074 -1 0 0 -6.25995e-018 -0.461074 0.887361 0.65 1.1492 -0.692376</i>
                        <i>2.03097e-016 0.904018 0.427494 -1 2.22045e-016 3.46945e-018 -8.97518e-017 -0.427494 0.904018 0.65 1.13677 -0.698017</i>
                        <i>1.0165e-016 0.919579 0.392905 -1 1.11022e-016 0 -4.47801e-017 -0.392905 0.919579 0.65 1.12334 -0.702938</i>
                        <i>-6.01362e-019 0.931947 0.362596 -1 0 1.73472e-018 -1.62715e-018 -0.362596 0.931947 0.65 1.11009 -0.706528</i>
                        <i>2.09338e-016 0.939656 0.342122 -1 2.22045e-016 1.73472e-018 -7.40566e-017 -0.342122 0.939656 0.65 1.09819 -0.708192</i>
                        <i>-5.47007e-019 0.942772 0.333439 -1 0 1.73472e-018 -1.64622e-018 -0.333439 0.942772 0.65 1.08885 -0.708052</i>
                        <i>-1.08834e-018 0.942467 0.334298 -1 0 0 -3.29433e-018 -0.334298 0.942467 0.65 1.08333 -0.706985</i>
                        <i>-1.11404e-018 0.93913 0.343561 -1 0 0 -3.28572e-018 -0.343561 0.93913 0.65 1.08042 -0.705476</i>
                        <i>-1.74129e-018 0.933626 0.358248 -1 0 -1.73472e-018 -4.90421e-018 -0.358248 0.933626 0.65 1.07808 -0.703772</i>
                        <i>-1.82374e-018 0.92707 0.374889 -1 0 0 -4.87415e-018 -0.374889 0.92707 0.65 1.07625 -0.702048</i>
                        <i>2.06728e-016 0.920776 0.390093 -1 2.22045e-016 3.46945e-018 -8.10399e-017 -0.390093 0.920776 0.65 1.0749 -0.700483</i>
                        <i>2.04573e-016 0.916269 0.400564 -1 2.22045e-016 0 -8.6405e-017 -0.400564 0.916269 0.65 1.07398 -0.699261</i>
                        <i>-1.97174e-018 0.914153 0.405369 -1 0 0 -4.81618e-018 -0.405369 0.914153 0.65 1.07349 -0.698612</i>
                        <i>1.00686e-016 0.913337 0.407204 -1 1.11022e-016 0 -4.70682e-017 -0.407204 0.913337 0.65 1.07341 -0.69841</i>
                        <i>2.05914e-016 0.912941 0.408092 -1 2.22045e-016 5.20417e-018 -8.31033e-017 -0.408092 0.912941 0.65 1.07364 -0.698329</i>
                        <i>2.03253e-016 0.912911 0.408159 -1 2.22045e-016 0 -8.95484e-017 -0.408159 0.912911 0.65 1.07412 -0.698354</i>
                        <i>-1.98351e-018 0.913194 0.407524 -1 0 0 -4.81135e-018 -0.407524 0.913194 0.65 1.07481 -0.698469</i>
                        <i>1.0071e-016 0.913735 0.406311 -1 1.11022e-016 0 -4.70164e-017 -0.406311 0.913735 0.65 1.07566 -0.698658</i>
                        <i>2.04192e-016 0.914476 0.40464 -1 2.22045e-016 0 -8.73013e-017 -0.40464 0.914476 0.65 1.07663 -0.698905</i>
                        <i>1.00869e-016 0.915362 0.402632 -1 1.11022e-016 0 -4.66739e-017 -0.402632 0.915362 0.65 1.07766 -0.699194</i>
                        <i>-1.95191e-018 0.916337 0.400408 -1 0 0 -4.82426e-018 -0.400408 0.916337 0.65 1.07871 -0.69951</i>
                        <i>1.03654e-016 0.917346 0.39809 -1 1.11022e-016 5.20417e-018 -3.98085e-017 -0.39809 0.917346 0.65 1.07973 -0.699836</i>
                        <i>-1.93116e-018 0.918336 0.395801 -1 0 -1.73472e-018 -4.8326e-018 -0.395801 0.918336 0.65 1.08067 -0.700158</i>
                        <i>1.01896e-016 0.919255 0.393664 -1 1.11022e-016 0 -4.42171e-017 -0.393664 0.919255 0.65 1.08149 -0.700458</i>
                        <i>2.0522e-016 0.92005 0.391802 -1 2.22045e-016 0 -8.48556e-017 -0.391802 0.92005 0.65 1.08214 -0.700722</i>
                        <i>2.04699e-016 0.920672 0.390338 -1 2.22045e-016 -1.73472e-018 -8.61936e-017 -0.390338 0.920672 0.65 1.08257 -0.700934</i>
                        <i>-1.90258e-018 0.92107 0.389397 -1 0 -1.73472e-018 -4.84392e-018 -0.389397 0.92107 0.65 1.08274 -0.701077</i>
                        <i>2.0481e-016 0.921288 0.38888 -1 2.22045e-016 -1.73472e-018 -8.59284e-017 -0.38888 0.921288 0.65 1.08275 -0.701161</i>
                        <i>1.03366e-016 0.921415 0.38858 -1 1.11022e-016 3.46945e-018 -4.05148e-017 -0.38858 0.921415 0.65 1.08276 -0.701209</i>
                        <i>-1.89862e-018 0.921466 0.388459 -1 0 -1.73472e-018 -4.84548e-018 -0.388459 0.921466 0.65 1.08276 -0.701229</i>
                        <i>0 0.921458 0.388478 -1 0 3.46945e-018 0 -0.388478 0.921458 0.65 1.08276 -0.701226</i>
                        <i>2.04831e-016 0.921407 0.3886 -1 2.22045e-016 0 -8.58783e-017 -0.3886 0.921407 0.65 1.08276 -0.701206</i>
                        <i>-1.89999e-018 0.921329 0.388785 -1 0 0 -4.84494e-018 -0.388785 0.921329 0.65 1.08275 -0.701176</i>
                        <i>1.02084e-016 0.92124 0.388995 -1 1.11022e-016 0 -4.37819e-017 -0.388995 0.92124 0.65 1.08275 -0.701142</i>
                        <i>2.05421e-016 0.921156 0.389193 -1 2.22045e-016 0 -8.43695e-017 -0.389193 0.921156 0.65 1.08274 -0.70111</i>
                        <i>2.0541e-016 0.921094 0.38934 -1 2.22045e-016 0 -8.43957e-017 -0.38934 0.921094 0.65 1.08274 -0.701086</i>
                        <i>-1.90258e-018 0.92107 0.389397 -1 0 -1.73472e-018 -4.84392e-018 -0.389397 0.92107 0.65 1.08274 -0.701077</i>
                    </KeyFrames>
                </p>
            </i>
            <i>
                <p>
                    <Name><![CDATA[head]]></Name>
                    <Exclude>0</Exclude>
                    <Additive>0</Additive>
                    <IKPriority>0</IKPriority>
                    <IKRotLimits>-1e+010 -1e+010 -1e+010 1e+010 1e+010 1e+010</IKRotLimits>
                    <IKRotLimitOrder>0</IKRotLimitOrder>
                    <KeyFrames count="60">
                        <i>-2.82736e-017 0.992145 0.125095 -2.16866e-016 0.125095 -0.992145 -1 -6.08987e-017 2.13592e-016 0.65 1.32417 -0.610131</i>
                        <i>8.32345e-017 0.998605 0.0528121 4.38074e-018 0.0528121 -0.998605 -1 1.3659e-016 1.42713e-017 0.65 1.38289 -0.60533</i>
                        <i>5.61633e-017 0.995186 -0.0980077 -2.28926e-016 -0.0980077 -0.995186 -1 2.37431e-017 2.04172e-016 0.65 1.43362 -0.59308</i>
                        <i>-5.06077e-017 0.974245 -0.225491 -9.80397e-017 -0.225491 -0.974245 -1 5.38129e-018 1.37888e-016 0.65 1.47344 -0.576489</i>
                        <i>2.14049e-018 0.972544 -0.23272 -1.70442e-017 -0.23272 -0.972544 -1 1.2222e-017 7.51394e-017 0.65 1.5009 -0.558198</i>
                        <i>1.10927e-016 0.995014 -0.0997331 -1.46238e-017 -0.0997331 -0.995014 -1 1.11022e-016 0 0.65 1.51669 -0.545302</i>
                        <i>5.59534e-017 0.995686 0.0927888 -1.01317e-016 0.0927888 -0.995686 -1 1.04154e-016 1.37814e-016 0.65 1.52065 -0.544527</i>
                        <i>-1.52801e-017 0.95705 0.289923 -1.04227e-016 0.289923 -0.95705 -1 -4.27591e-017 1.10332e-016 0.65 1.51182 -0.555033</i>
                        <i>1.14352e-016 0.898961 0.438029 -6.36626e-017 0.438029 -0.898961 -1 7.70798e-017 1.11206e-016 0.65 1.49108 -0.575419</i>
                        <i>4.16325e-017 0.86575 0.500476 -2.22043e-016 0.500476 -0.86575 -1 -6.43853e-017 2.1532e-016 0.65 1.45677 -0.601993</i>
                        <i>3.30292e-017 0.878616 0.477529 -8.97343e-018 0.477529 -0.878616 -1 1.28547e-017 8.69903e-018 0.65 1.40797 -0.63076</i>
                        <i>1.25211e-016 0.919261 0.393648 -1.82851e-016 0.393648 -0.919261 -1 4.80401e-017 2.16507e-016 0.65 1.34448 -0.657479</i>
                        <i>2.34775e-016 0.961142 0.276054 -1.61762e-016 0.276054 -0.961142 -1 1.82806e-016 2.22851e-016 0.65 1.26573 -0.674902</i>
                        <i>2.19334e-016 0.986848 0.161651 -1.87063e-016 0.161651 -0.986848 -1 1.83447e-016 2.20839e-016 0.65 1.30881 -0.677902</i>
                        <i>9.68887e-017 0.996997 0.0774454 -2.14512e-016 0.0774454 -0.996997 -1 7.11035e-017 2.18867e-016 0.65 1.34255 -0.668319</i>
                        <i>-1.39845e-017 0.998742 0.050151 -1.04084e-016 0.050151 -0.998742 -1 -1.76769e-017 1.10481e-016 0.65 1.36723 -0.647926</i>
                        <i>-2.77872e-017 0.998085 0.0618555 3.4693e-018 0.0618555 -0.998085 -1 2.60953e-017 1.29251e-017 0.65 1.38333 -0.621093</i>
                        <i>1.66364e-016 0.997038 0.0769143 -9.46614e-017 0.0769143 -0.997038 -1 1.77101e-016 1.01519e-016 0.65 1.39222 -0.594272</i>
                        <i>1.94081e-016 0.995535 0.0943971 1.18509e-017 0.0943971 -0.995535 -1 2.46696e-016 1.27542e-017 0.65 1.39602 -0.572269</i>
                        <i>-5.55112e-017 0.993552 0.113374 -0 0.113374 -0.993552 -1 0 0 0.65 1.3976 -0.559591</i>
                        <i>-2.83032e-017 0.989928 0.141571 -1.04105e-016 0.141571 -0.989928 -1 -3.2408e-017 1.16693e-016 0.65 1.39743 -0.556655</i>
                        <i>8.12782e-017 0.98208 0.188467 2.20394e-017 0.188467 -0.98208 -1 1.34976e-016 1.40203e-017 0.65 1.39448 -0.560179</i>
                        <i>7.95845e-017 0.970071 0.242821 -8.18296e-017 0.242821 -0.970071 -1 8.09752e-017 1.10424e-016 0.65 1.38941 -0.569038</i>
                        <i>-1.57108e-017 0.955192 0.295988 6.69239e-018 0.295988 -0.955192 -1 1.23146e-017 6.39869e-018 0.65 1.38256 -0.581707</i>
                        <i>2.10376e-016 0.938949 0.344057 -1.51012e-016 0.344057 -0.938949 -1 1.39668e-016 2.10134e-016 0.65 1.37405 -0.596108</i>
                        <i>1.21258e-016 0.924193 0.381926 -6.74559e-017 0.381926 -0.924193 -1 8.65437e-017 1.10273e-016 0.65 1.36432 -0.610267</i>
                        <i>2.3611e-017 0.91439 0.404835 -3.31469e-016 0.404835 -0.91439 -1 -1.04602e-016 3.18425e-016 0.65 1.354 -0.622133</i>
                        <i>2.24357e-016 0.91294 0.408093 8.87593e-017 0.408093 -0.91294 -1 2.41605e-016 8.85656e-018 0.65 1.34395 -0.629604</i>
                        <i>2.02339e-017 0.935264 0.353951 -2.20411e-016 0.353951 -0.935264 -1 -5.76839e-017 2.16856e-016 0.65 1.3354 -0.632191</i>
                        <i>-7.70878e-019 0.969933 0.243373 -1.0764e-016 0.243373 -0.969933 -1 -2.40352e-017 1.09274e-016 0.65 1.32985 -0.631201</i>
                        <i>-2.8139e-017 0.990962 0.134142 -2.18596e-016 0.134142 -0.990962 -1 -5.02197e-017 2.18065e-016 0.65 1.32619 -0.627316</i>
                        <i>-2.80759e-017 0.996234 0.0867036 5.1943e-018 0.0867036 -0.996234 -1 2.59133e-017 8.20866e-018 0.65 1.32255 -0.621618</i>
                        <i>-2.81008e-017 0.995714 0.0924819 -1.0583e-016 0.0924819 -0.995714 -1 -1.58897e-017 1.13331e-016 0.65 1.31916 -0.615294</i>
                        <i>2.21454e-016 0.994994 0.0999332 -2.05856e-016 0.0999332 -0.994994 -1 1.35427e-016 2.07923e-016 0.65 1.31629 -0.609517</i>
                        <i>1.93376e-016 0.994542 0.104338 -9.06128e-017 0.104338 -0.994542 -1 2.03005e-016 1.12844e-016 0.65 1.31428 -0.605437</i>
                        <i>-2.81502e-017 0.994524 0.104512 -2.16855e-016 0.104512 -0.994524 -1 -9.001e-017 2.02983e-016 0.65 1.31328 -0.603505</i>
                        <i>8.25645e-017 0.994602 0.103764 1.35098e-017 0.103764 -0.994602 -1 1.36373e-016 1.13022e-017 0.65 1.313 -0.602797</i>
                        <i>1.93792e-016 0.994582 0.103955 -2.07096e-016 0.103955 -0.994582 -1 1.56769e-016 2.19245e-016 0.65 1.31313 -0.602466</i>
