<?xml version="1.0" encoding="ISO-8859-1" ?>
<Animl Version="1">
    <ModellingPackage><![CDATA[Maya.2010]]></ModellingPackage>
    <SrcFile><![CDATA[anims\vehicles\red\~src\land\tank_t80\tank_t80_idle_random_crewman_a.mb]]></SrcFile>
    <FramesPerSecond>30</FramesPerSecond>
    <TotalFrames>60</TotalFrames>
    <Skeleton>
        <RefFrame>
            <Name><![CDATA[soldier_ref_frame]]></Name>
            <Exclude>0</Exclude>
            <Additive>0</Additive>
            <IKPriority>0</IKPriority>
            <IKRotLimits>-1e+010 -1e+010 -1e+010 1e+010 1e+010 1e+010</IKRotLimits>
            <IKRotLimitOrder>0</IKRotLimitOrder>
            <KeyFrames count="60">
                <i>1 0 0 0 1 0 0 0 1 0 0 0</i>
                <i>1 0 0 0 1 0 0 0 1 0 0 0</i>
                <i>1 0 0 0 1 0 0 0 1 0 0 0</i>
                <i>1 0 0 0 1 0 0 0 1 0 0 0</i>
                <i>1 0 0 0 1 0 0 0 1 0 0 0</i>
                <i>1 0 0 0 1 0 0 0 1 0 0 0</i>
                <i>1 0 0 0 1 0 0 0 1 0 0 0</i>
                <i>1 0 0 0 1 0 0 0 1 0 0 0</i>
                <i>1 0 0 0 1 0 0 0 1 0 0 0</i>
                <i>1 0 0 0 1 0 0 0 1 0 0 0</i>
                <i>1 0 0 0 1 0 0 0 1 0 0 0</i>
                <i>1 0 0 0 1 0 0 0 1 0 0 0</i>
                <i>1 0 0 0 1 0 0 0 1 0 0 0</i>
                <i>1 0 0 0 1 0 0 0 1 0 0 0</i>
                <i>1 0 0 0 1 0 0 0 1 0 0 0</i>
                <i>1 0 0 0 1 0 0 0 1 0 0 0</i>
                <i>1 0 0 0 1 0 0 0 1 0 0 0</i>
                <i>1 0 0 0 1 0 0 0 1 0 0 0</i>
                <i>1 0 0 0 1 0 0 0 1 0 0 0</i>
                <i>1 0 0 0 1 0 0 0 1 0 0 0</i>
                <i>1 0 0 0 1 0 0 0 1 0 0 0</i>
                <i>1 0 0 0 1 0 0 0 1 0 0 0</i>
                <i>1 0 0 0 1 0 0 0 1 0 0 0</i>
                <i>1 0 0 0 1 0 0 0 1 0 0 0</i>
                <i>1 0 0 0 1 0 0 0 1 0 0 0</i>
                <i>1 0 0 0 1 0 0 0 1 0 0 0</i>
                <i>1 0 0 0 1 0 0 0 1 0 0 0</i>
                <i>1 0 0 0 1 0 0 0 1 0 0 0</i>
                <i>1 0 0 0 1 0 0 0 1 0 0 0</i>
                <i>1 0 0 0 1 0 0 0 1 0 0 0</i>
                <i>1 0 0 0 1 0 0 0 1 0 0 0</i>
                <i>1 0 0 0 1 0 0 0 1 0 0 0</i>
                <i>1 0 0 0 1 0 0 0 1 0 0 0</i>
                <i>1 0 0 0 1 0 0 0 1 0 0 0</i>
                <i>1 0 0 0 1 0 0 0 1 0 0 0</i>
                <i>1 0 0 0 1 0 0 0 1 0 0 0</i>
                <i>1 0 0 0 1 0 0 0 1 0 0 0</i>
                <i>1 0 0 0 1 0 0 0 1 0 0 0</i>
                <i>1 0 0 0 1 0 0 0 1 0 0 0</i>
                <i>1 0 0 0 1 0 0 0 1 0 0 0</i>
                <i>1 0 0 0 1 0 0 0 1 0 0 0</i>
                <i>1 0 0 0 1 0 0 0 1 0 0 0</i>
                <i>1 0 0 0 1 0 0 0 1 0 0 0</i>
                <i>1 0 0 0 1 0 0 0 1 0 0 0</i>
                <i>1 0 0 0 1 0 0 0 1 0 0 0</i>
                <i>1 0 0 0 1 0 0 0 1 0 0 0</i>
                <i>1 0 0 0 1 0 0 0 1 0 0 0</i>
                <i>1 0 0 0 1 0 0 0 1 0 0 0</i>
                <i>1 0 0 0 1 0 0 0 1 0 0 0</i>
                <i>1 0 0 0 1 0 0 0 1 0 0 0</i>
                <i>1 0 0 0 1 0 0 0 1 0 0 0</i>
                <i>1 0 0 0 1 0 0 0 1 0 0 0</i>
                <i>1 0 0 0 1 0 0 0 1 0 0 0</i>
                <i>1 0 0 0 1 0 0 0 1 0 0 0</i>
                <i>1 0 0 0 1 0 0 0 1 0 0 0</i>
                <i>1 0 0 0 1 0 0 0 1 0 0 0</i>
                <i>1 0 0 0 1 0 0 0 1 0 0 0</i>
                <i>1 0 0 0 1 0 0 0 1 0 0 0</i>
                <i>1 0 0 0 1 0 0 0 1 0 0 0</i>
                <i>1 0 0 0 1 0 0 0 1 0 0 0</i>
            </KeyFrames>
        </RefFrame>
        <Bones count="23">
            <i>
                <p>
                    <Name><![CDATA[pelvis]]></Name>
                    <Exclude>0</Exclude>
                    <Additive>0</Additive>
                    <IKPriority>0</IKPriority>
                    <IKRotLimits>-1e+010 -1e+010 -1e+010 1e+010 1e+010 1e+010</IKRotLimits>
                    <IKRotLimitOrder>2</IKRotLimitOrder>
                    <KeyFrames count="60">
                        <i>1 0 0 0 1 0 0 0 1 -0.56 0.750668 -0.44</i>
                        <i>1 0 0 0 1 0 0 0 1 -0.562178 0.750723 -0.437822</i>
                        <i>1 0 0 0 1 0 0 0 1 -0.568053 0.750862 -0.431947</i>
                        <i>1 0 0 0 1 0 0 0 1 -0.576643 0.751042 -0.423357</i>
                        <i>1 0 0 0 1 0 0 0 1 -0.58696 0.751222 -0.41304</i>
                        <i>1 0 0 0 1 0 0 0 1 -0.598022 0.751361 -0.401978</i>
                        <i>1 0 0 0 1 0 0 0 1 -0.608841 0.751416 -0.391159</i>
                        <i>1 0 0 0 1 0 0 0 1 -0.618434 0.751347 -0.381566</i>
                        <i>1 0 0 0 1 0 0 0 1 -0.625815 0.751111 -0.374185</i>
                        <i>1 0 0 0 1 0 0 0 1 -0.63 0.750668 -0.37</i>
                        <i>1 0 0 0 1 0 0 0 1 -0.63 0.750369 -0.37</i>
                        <i>1 0 0 0 1 0 0 0 1 -0.63 0.749558 -0.37</i>
                        <i>1 0 0 0 1 0 0 0 1 -0.63 0.748363 -0.37</i>
                        <i>1 0 0 0 1 0 0 0 1 -0.63 0.746913 -0.37</i>
                        <i>1 0 0 0 1 0 0 0 1 -0.63 0.745334 -0.37</i>
                        <i>1 0 0 0 1 0 0 0 1 -0.63 0.743755 -0.37</i>
                        <i>1 0 0 0 1 0 0 0 1 -0.63 0.742304 -0.37</i>
                        <i>1 0 0 0 1 0 0 0 1 -0.63 0.741109 -0.37</i>
                        <i>1 0 0 0 1 0 0 0 1 -0.63 0.740299 -0.37</i>
                        <i>1 0 0 0 1 0 0 0 1 -0.63 0.74 -0.37</i>
                        <i>1 0 0 0 1 0 0 0 1 -0.63 0.740165 -0.37</i>
                        <i>1 0 0 0 1 0 0 0 1 -0.63 0.740626 -0.37</i>
                        <i>1 0 0 0 1 0 0 0 1 -0.63 0.741333 -0.37</i>
                        <i>1 0 0 0 1 0 0 0 1 -0.63 0.742239 -0.37</i>
                        <i>1 0 0 0 1 0 0 0 1 -0.63 0.743292 -0.37</i>
                        <i>1 0 0 0 1 0 0 0 1 -0.63 0.744445 -0.37</i>
                        <i>1 0 0 0 1 0 0 0 1 -0.63 0.745647 -0.37</i>
                        <i>1 0 0 0 1 0 0 0 1 -0.63 0.746848 -0.37</i>
                        <i>1 0 0 0 1 0 0 0 1 -0.63 0.748001 -0.37</i>
                        <i>1 0 0 0 1 0 0 0 1 -0.63 0.749054 -0.37</i>
                        <i>1 0 0 0 1 0 0 0 1 -0.63 0.74996 -0.37</i>
                        <i>1 0 0 0 1 0 0 0 1 -0.63 0.750668 -0.37</i>
                        <i>1 0 0 0 1 0 0 0 1 -0.630116 0.751434 -0.37</i>
                        <i>1 0 0 0 1 0 0 0 1 -0.63037 0.75233 -0.37</i>
                        <i>1 0 0 0 1 0 0 0 1 -0.630625 0.753029 -0.37</i>
                        <i>1 0 0 0 1 0 0 0 1 -0.630741 0.753203 -0.37</i>
                        <i>1 0 0 0 1 0 0 0 1 -0.630579 0.752525 -0.37</i>
                        <i>1 0 0 0 1 0 0 0 1 -0.63 0.750668 -0.37</i>
                        <i>1 0 0 0 1 0 0 0 1 -0.629259 0.748396 -0.37</i>
                        <i>1 0 0 0 1 0 0 0 1 -0.627407 0.742717 -0.37</i>
                        <i>1 0 0 0 1 0 0 0 1 -0.625 0.735334 -0.37</i>
                        <i>1 0 0 0 1 0 0 0 1 -0.622593 0.727951 -0.37</i>
                        <i>1 0 0 0 1 0 0 0 1 -0.620741 0.722272 -0.37</i>
                        <i>1 0 0 0 1 0 0 0 1 -0.62 0.72 -0.37</i>
                        <i>1 0 0 0 1 0 0 0 1 -0.620741 0.722272 -0.37</i>
                        <i>1 0 0 0 1 0 0 0 1 -0.622593 0.727951 -0.37</i>
                        <i>1 0 0 0 1 0 0 0 1 -0.625 0.735334 -0.37</i>
                        <i>1 0 0 0 1 0 0 0 1 -0.627407 0.742717 -0.37</i>
                        <i>1 0 0 0 1 0 0 0 1 -0.629259 0.748396 -0.37</i>
                        <i>1 0 0 0 1 0 0 0 1 -0.63 0.750668 -0.37</i>
                        <i>1 0 0 0 1 0 0 0 1 -0.625002 0.75222 -0.374537</i>
                        <i>1 0 0 0 1 0 0 0 1 -0.61792 0.753121 -0.381353</i>
                        <i>1 0 0 0 1 0 0 0 1 -0.609367 0.753485 -0.389797</i>
                        <i>1 0 0 0 1 0 0 0 1 -0.59996 0.753428 -0.399222</i>
                        <i>1 0 0 0 1 0 0 0 1 -0.590312 0.753064 -0.408977</i>
                        <i>1 0 0 0 1 0 0 0 1 -0.58104 0.752508 -0.418415</i>
                        <i>1 0 0 0 1 0 0 0 1 -0.572757 0.751875 -0.426885</i>
                        <i>1 0 0 0 1 0 0 0 1 -0.56608 0.751281 -0.433738</i>
                        <i>1 0 0 0 1 0 0 0 1 -0.561623 0.75084 -0.438326</i>
                        <i>1 0 0 0 1 0 0 0 1 -0.56 0.750668 -0.44</i>
                    </KeyFrames>
                </p>
            </i>
            <i>
                <p>
                    <Name><![CDATA[spine0]]></Name>
                    <Exclude>0</Exclude>
                    <Additive>0</Additive>
                    <IKPriority>0</IKPriority>
                    <IKRotLimits>-1e+010 -1e+010 -1e+010 1e+010 1e+010 1e+010</IKRotLimits>
                    <IKRotLimitOrder>0</IKRotLimitOrder>
                    <KeyFrames count="60">
                        <i>2.22045e-016 1 0.000892209 -1 2.22045e-016 5.42101e-020 -5.42101e-020 -0.000892209 1 -0.56 0.880526 -0.501911</i>
                        <i>-0.00196856 0.999971 0.00735635 -0.999993 -0.00194497 -0.00321169 -0.00319728 -0.00736262 0.999968 -0.561968 0.880825 -0.49922</i>
                        <i>-0.00776887 0.999665 0.0247033 -0.999901 -0.00747592 -0.0119292 -0.0117405 -0.0247935 0.999624 -0.567297 0.88161 -0.491951</i>
                        <i>-0.0175225 0.998608 0.0497482 -0.999559 -0.0163025 -0.0248252 -0.0239796 -0.0501613 0.998453 -0.575132 0.882708 -0.481304</i>
                        <i>-0.0312236 0.99637 0.0792003 -0.998781 -0.028072 -0.0405992 -0.0382285 -0.0803715 0.996032 -0.584618 0.883949 -0.468485</i>
                        <i>-0.0482837 0.99278 0.109799 -0.997433 -0.0421049 -0.057913 -0.0528718 -0.112314 0.992265 -0.594878 0.885173 -0.454709</i>
                        <i>-0.0672994 0.988069 0.138529 -0.995515 -0.0572475 -0.0753129 -0.0664839 -0.142976 0.987491 -0.605006 0.886238 -0.441203</i>
                        <i>-0.086048 0.982895 0.162826 -0.99324 -0.0718506 -0.091169 -0.0779105 -0.16957 0.982434 -0.614063 0.887021 -0.429206</i>
                        <i>-0.101687 0.978274 0.180663 -0.991069 -0.0838726 -0.103667 -0.0862624 -0.189592 0.978066 -0.621081 0.887413 -0.419962</i>
                        <i>-0.11111 0.975397 0.190406 -0.989651 -0.0910895 -0.110876 -0.0908039 -0.200755 0.975424 -0.625079 0.887315 -0.414716</i>
                        <i>-0.110781 0.975407 0.190548 -0.989683 -0.0907433 -0.110872 -0.0908541 -0.200865 0.975397 -0.625079 0.887016 -0.414716</i>
                        <i>-0.109967 0.975423 0.19094 -0.989763 -0.089882 -0.110862 -0.0909753 -0.201176 0.975321 -0.625079 0.886205 -0.414716</i>
                        <i>-0.108925 0.975425 0.191526 -0.989865 -0.0887716 -0.110849 -0.0911231 -0.201659 0.975208 -0.625079 0.88501 -0.414716</i>
                        <i>-0.107907 0.975398 0.192235 -0.989964 -0.0876738 -0.110837 -0.0912559 -0.202265 0.97507 -0.625079 0.88356 -0.414716</i>
                        <i>-0.107154 0.975336 0.192969 -0.990038 -0.0868426 -0.110827 -0.0913355 -0.202923 0.974926 -0.625079 0.881981 -0.414716</i>
                        <i>-0.106902 0.975236 0.193617 -0.990066 -0.0865261 -0.110823 -0.0913258 -0.20354 0.974798 -0.625079 0.880402 -0.414716</i>
                        <i>-0.107319 0.975096 0.194088 -0.990033 -0.0869033 -0.110828 -0.0912007 -0.204048 0.974704 -0.625079 0.878951 -0.414716</i>
                        <i>-0.108252 0.974926 0.194423 -0.989951 -0.0878162 -0.110838 -0.0909857 -0.204467 0.974636 -0.625079 0.877756 -0.414716</i>
                        <i>-0.109452 0.974738 0.194695 -0.989843 -0.0890063 -0.110852 -0.0907225 -0.204851 0.97458 -0.625079 0.876946 -0.414716</i>
                        <i>-0.110662 0.974548 0.194963 -0.989733 -0.0902068 -0.110866 -0.0904569 -0.20523 0.974525 -0.625079 0.876647 -0.414716</i>
                        <i>-0.111611 0.974381 0.195255 -0.989646 -0.0911415 -0.110876 -0.0902399 -0.205609 0.974465 -0.625079 0.876812 -0.414716</i>
                        <i>-0.112023 0.974268 0.195583 -0.98961 -0.0915279 -0.110881 -0.0901262 -0.205972 0.974399 -0.625079 0.877272 -0.414716</i>
                        <i>-0.111578 0.974241 0.195971 -0.989656 -0.0910404 -0.110875 -0.0901779 -0.206315 0.974321 -0.625079 0.87798 -0.414716</i>
                        <i>-0.110447 0.974286 0.19639 -0.989766 -0.0898546 -0.110862 -0.0903644 -0.206625 0.974238 -0.625079 0.878886 -0.414716</i>
                        <i>-0.109083 0.974365 0.196757 -0.989895 -0.0884387 -0.110845 -0.0906031 -0.20686 0.974166 -0.625079 0.879939 -0.414716</i>
                        <i>-0.107925 0.974457 0.19694 -0.990002 -0.0872472 -0.110832 -0.0908182 -0.206933 0.974131 -0.625079 0.881092 -0.414716</i>
                        <i>-0.107387 0.974552 0.196764 -0.990049 -0.0867185 -0.110825 -0.0909421 -0.206707 0.974167 -0.625079 0.882294 -0.414716</i>
                        <i>-0.107658 0.974652 0.196122 -0.990019 -0.0870543 -0.110829 -0.0909468 -0.206096 0.974296 -0.625079 0.883495 -0.414716</i>
                        <i>-0.108461 0.97477 0.19509 -0.989938 -0.0879654 -0.11084 -0.0908823 -0.205149 0.974502 -0.625079 0.884648 -0.414716</i>
                        <i>-0.109505 0.974919 0.193757 -0.98983 -0.0891491 -0.110854 -0.0908001 -0.203925 0.974767 -0.625079 0.885701 -0.414716</i>
                        <i>-0.110492 0.975119 0.192185 -0.989725 -0.0902961 -0.110867 -0.0907546 -0.202461 0.975076 -0.625079 0.886607 -0.414716</i>
                        <i>-0.11111 0.975397 0.190406 -0.989651 -0.0910895 -0.110876 -0.0908039 -0.200755 0.975424 -0.625079 0.887315 -0.414716</i>
                        <i>-0.110946 0.976307 0.185785 -0.989626 -0.09136 -0.110879 -0.0912783 -0.19616 0.976314 -0.625194 0.888081 -0.414716</i>
                        <i>-0.110389 0.978029 0.176843 -0.989599 -0.0916455 -0.110882 -0.0922389 -0.187244 0.977973 -0.625449 0.888977 -0.414716</i>
                        <i>-0.110275 0.980046 0.165378 -0.989506 -0.0926272 -0.110893 -0.0933616 -0.175871 0.979976 -0.625704 0.889676 -0.414716</i>
                        <i>-0.111157 0.981892 0.1534 -0.989311 -0.0946684 -0.110915 -0.0943847 -0.164089 0.98192 -0.625819 0.88985 -0.414716</i>
                        <i>-0.113182 0.983208 0.143151 -0.989013 -0.097697 -0.110948 -0.0950992 -0.154135 0.983463 -0.625657 0.889172 -0.414716</i>
                        <i>-0.11618 0.983735 0.136993 -0.988645 -0.101304 -0.110985 -0.0953017 -0.148332 0.984335 -0.625079 0.887315 -0.414716</i>
                        <i>-0.118394 0.983477 0.136954 -0.988412 -0.10353 -0.111007 -0.0949939 -0.14851 0.984338 -0.624338 0.885043 -0.414716</i>
                        <i>-0.124017 0.982804 0.13681 -0.987797 -0.109187 -0.111061 -0.0942134 -0.148914 0.984352 -0.622486 0.879364 -0.414716</i>
                        <i>-0.13151 0.981869 0.13652 -0.986926 -0.116736 -0.111128 -0.093176 -0.149349 0.984385 -0.620079 0.871981 -0.414716</i>
                        <i>-0.139323 0.980858 0.136037 -0.985954 -0.124625 -0.11119 -0.0921085 -0.149617 0.984444 -0.617671 0.864598 -0.414716</i>
                        <i>-0.145897 0.980003 0.135306 -0.985083 -0.131295 -0.111238 -0.0912487 -0.149517 0.98454 -0.615819 0.858919 -0.414716</i>
                        <i>-0.149683 0.979575 0.134265 -0.984552 -0.135193 -0.111264 -0.0908393 -0.148845 0.984679 -0.615079 0.856647 -0.414716</i>
                        <i>-0.150166 0.979737 0.132537 -0.984463 -0.135839 -0.111268 -0.0910092 -0.147187 0.984913 -0.615819 0.858919 -0.414716</i>
                        <i>-0.148445 0.980323 0.130115 -0.98467 -0.134336 -0.111258 -0.0915898 -0.144636 0.985237 -0.617671 0.864598 -0.414716</i>
                        <i>-0.145413 0.981124 0.127478 -0.985049 -0.131542 -0.11124 -0.0923712 -0.141748 0.985584 -0.620079 0.871981 -0.414716</i>
                        <i>-0.142012 0.98193 0.125085 -0.985472 -0.128357 -0.111218 -0.0931525 -0.139062 0.985893 -0.622486 0.879364 -0.414716</i>
                        <i>-0.139229 0.982547 0.123356 -0.985813 -0.125731 -0.111199 -0.0937483 -0.137088 0.986113 -0.624338 0.885043 -0.414716</i>
                        <i>-0.138077 0.982793 0.122691 -0.985952 -0.12464 -0.111191 -0.0939851 -0.13632 0.986197 -0.625079 0.887315 -0.414716</i>
                        <i>-0.126941 0.985112 0.115932 -0.987975 -0.11517 -0.103156 -0.0882685 -0.127633 0.987886 -0.620284 0.888493 -0.420403</i>
                        <i>-0.111513 0.988131 0.105647 -0.990582 -0.102027 -0.0913113 -0.0794486 -0.114835 0.990202 -0.613538 0.888814 -0.428939</i>
                        <i>-0.0933768 0.991336 0.092373 -0.993282 -0.0863861 -0.0769905 -0.0683437 -0.0989416 0.992743 -0.605452 0.888431 -0.439501</i>
                        <i>-0.0740575 0.994292 0.0768057 -0.995692 -0.0694134 -0.0614701 -0.0557879 -0.0810271 0.995149 -0.596632 0.887502 -0.451271</i>
                        <i>-0.0549576 0.996692 0.0598669 -0.997578 -0.0522481 -0.0459213 -0.0426415 -0.0622456 0.99715 -0.587665 0.886195 -0.46343</i>
                        <i>-0.0373096 0.99839 0.0427156 -0.998859 -0.0359844 -0.031383 -0.0297954 -0.0438377 0.998594 -0.579121 0.884688 -0.475168</i>
                        <i>-0.0221577 0.999397 0.0267153 -0.999589 -0.0216605 -0.0187583 -0.0181683 -0.02712 0.999467 -0.57155 0.883168 -0.485679</i>
                        <i>-0.0103771 0.999857 0.0133722 -0.999908 -0.0102595 -0.00883645 -0.00869799 -0.0134626 0.999872 -0.565487 0.881834 -0.494168</i>
                        <i>-0.00273577 0.999987 0.00425311 -0.999994 -0.00272583 -0.00234058 -0.00232895 -0.00425949 0.999988 -0.561461 0.880886 -0.499843</i>
                        <i>2.22045e-016 1 0.000892209 -1 2.22045e-016 5.42101e-020 -5.42101e-020 -0.000892209 1 -0.56 0.880526 -0.501911</i>
                    </KeyFrames>
                </p>
            </i>
            <i>
                <p>
                    <Name><![CDATA[spine1]]></Name>
                    <Exclude>0</Exclude>
                    <Additive>0</Additive>
                    <IKPriority>0</IKPriority>
                    <IKRotLimits>-1e+010 -1e+010 -1e+010 1e+010 1e+010 1e+010</IKRotLimits>
                    <IKRotLimitOrder>0</IKRotLimitOrder>
                    <KeyFrames count="60">
                        <i>2.10359e-016 0.947167 0.32074 -1 2.22045e-016 5.42101e-020 -7.10823e-017 -0.32074 0.947167 -0.56 1.05872 -0.501792</i>
                        <i>-0.00650695 0.943966 0.329978 -0.999975 -0.00520813 -0.00481997 -0.00283132 -0.330002 0.943976 -0.562319 1.0591 -0.49795</i>
                        <i>-0.0249038 0.934774 0.35437 -0.999641 -0.0197828 -0.0180673 -0.00987836 -0.354693 0.934931 -0.568683 1.06008 -0.487583</i>
                        <i>-0.0539281 0.919881 0.388472 -0.998372 -0.0424284 -0.0381268 -0.0185899 -0.389895 0.920671 -0.578266 1.06135 -0.47245</i>
                        <i>-0.0919621 0.89972 0.426669 -0.995411 -0.0716805 -0.0633926 -0.0264518 -0.43054 0.902184 -0.590216 1.06264 -0.45433</i>
                        <i>-0.136281 0.875394 0.463802 -0.990166 -0.10543 -0.0919535 -0.031597 -0.471773 0.881154 -0.603558 1.0637 -0.435016</i>
                        <i>-0.182818 0.848955 0.495835 -0.982585 -0.140724 -0.121343 -0.0332388 -0.509384 0.859897 -0.617136 1.06439 -0.41628</i>
                        <i>-0.226395 0.823406 0.520335 -0.973517 -0.173858 -0.148449 -0.0317692 -0.540164 0.84096 -0.629609 1.06466 -0.399835</i>
                        <i>-0.261225 0.802449 0.536505 -0.964858 -0.200676 -0.169642 -0.0284655 -0.561966 0.826671 -0.639487 1.06454 -0.387309</i>
                        <i>-0.281467 0.790071 0.544578 -0.959247 -0.21693 -0.181068 -0.0249211 -0.57335 0.818932 -0.645211 1.06411 -0.380265</i>
                        <i>-0.281288 0.790015 0.544751 -0.959215 -0.214908 -0.183635 -0.0280024 -0.574187 0.818245 -0.645152 1.06382 -0.380238</i>
                        <i>-0.280851 0.78984 0.54523 -0.959087 -0.209839 -0.190051 -0.0356992 -0.576299 0.816459 -0.645006 1.06302 -0.380164</i>
                        <i>-0.280299 0.789537 0.545952 -0.958825 -0.203215 -0.198391 -0.0456907 -0.579081 0.813988 -0.644819 1.06185 -0.380054</i>
                        <i>-0.279778 0.789101 0.546849 -0.95845 -0.196549 -0.206741 -0.0556567 -0.581969 0.811304 -0.644637 1.06042 -0.379922</i>
                        <i>-0.279426 0.788538 0.54784 -0.95808 -0.191378 -0.213207 -0.0632775 -0.58445 0.808959 -0.644503 1.05885 -0.379784</i>
                        <i>-0.279382 0.787861 0.548836 -0.957893 -0.189268 -0.215914 -0.066233 -0.586048 0.807564 -0.64446 1.05727 -0.379663</i>
                        <i>-0.279743 0.787085 0.549764 -0.958016 -0.191362 -0.21351 -0.0628467 -0.586411 0.807572 -0.644538 1.05582 -0.379573</i>
                        <i>-0.280411 0.786249 0.55062 -0.958326 -0.196683 -0.20719 -0.0546047 -0.585772 0.808635 -0.644709 1.05461 -0.37951</i>
                        <i>-0.281232 0.785396 0.551418 -0.958634 -0.20362 -0.198898 -0.0439333 -0.584544 0.810171 -0.644928 1.05377 -0.379458</i>
                        <i>-0.282049 0.784577 0.552166 -0.958823 -0.210558 -0.190587 -0.0332671 -0.583184 0.811658 -0.645148 1.05345 -0.379407</i>
                        <i>-0.2827 0.783855 0.552858 -0.958881 -0.215889 -0.184225 -0.0250492 -0.582206 0.812656 -0.645322 1.05359 -0.379352</i>
                        <i>-0.283023 0.783297 0.553483 -0.958867 -0.21801 -0.181785 -0.0217268 -0.582166 0.812779 -0.645397 1.05405 -0.379291</i>
                        <i>-0.282828 0.782976 0.554037 -0.958814 -0.21504 -0.185563 -0.0261508 -0.5837 0.811548 -0.645318 1.05476 -0.379218</i>
                        <i>-0.282209 0.782891 0.554473 -0.958647 -0.207954 -0.194298 -0.036809 -0.586376 0.809202 -0.645115 1.05569 -0.379138</i>
                        <i>-0.281418 0.783005 0.554714 -0.958303 -0.199445 -0.204641 -0.0496002 -0.589173 0.806483 -0.644869 1.05677 -0.37907</i>
                        <i>-0.280705 0.783299 0.554659 -0.95789 -0.19225 -0.213275 -0.0604248 -0.59117 0.80428 -0.644659 1.05794 -0.379036</i>
                        <i>-0.280315 0.783772 0.554189 -0.957692 -0.189141 -0.216915 -0.0651923 -0.591547 0.803631 -0.64456 1.05915 -0.37907</i>
                        <i>-0.280358 0.784441 0.553219 -0.957892 -0.191419 -0.214013 -0.0619835 -0.589925 0.805076 -0.644607 1.06035 -0.379191</i>
                        <i>-0.280669 0.785354 0.551764 -0.958312 -0.197254 -0.206708 -0.0535015 -0.586779 0.807978 -0.644749 1.06149 -0.379384</i>
                        <i>-0.281073 0.786559 0.549839 -0.95874 -0.20471 -0.197258 -0.0425971 -0.582597 0.811644 -0.644933 1.06253 -0.379635</i>
                        <i>-0.281398 0.788109 0.547448 -0.959053 -0.211884 -0.18794 -0.0321216 -0.577918 0.815462 -0.645106 1.06341 -0.37993</i>
                        <i>-0.281467 0.790071 0.544578 -0.959247 -0.21693 -0.181068 -0.0249211 -0.57335 0.818932 -0.645211 1.06411 -0.380265</i>
                        <i>-0.280765 0.795747 0.536617 -0.959583 -0.221502 -0.173601 -0.0192805 -0.563669 0.825776 -0.645279 1.06488 -0.381132</i>
                        <i>-0.27973 0.806555 0.520788 -0.960002 -0.22811 -0.162365 -0.0121594 -0.545376 0.838103 -0.645397 1.06577 -0.382806</i>
                        <i>-0.279521 0.819703 0.499955 -0.960129 -0.236223 -0.149499 -0.00444389 -0.52181 0.85305 -0.645588 1.06644 -0.384942</i>
                        <i>-0.2807 0.832518 0.477621 -0.959791 -0.244974 -0.13707 0.00289128 -0.496892 0.867808 -0.645817 1.06655 -0.387163</i>
                        <i>-0.282953 0.842655 0.458116 -0.959093 -0.252986 -0.127039 0.00884657 -0.475322 0.879767 -0.64598 1.06576 -0.389055</i>
                        <i>-0.285238 0.848171 0.44637 -0.958375 -0.258468 -0.12129 0.0124973 -0.462386 0.886591 -0.645914 1.06378 -0.39019</i>
                        <i>-0.285988 0.847926 0.446355 -0.958145 -0.259359 -0.121206 0.0129929 -0.462336 0.886609 -0.645567 1.06143 -0.390201</i>
                        <i>-0.287877 0.847326 0.44628 -0.957563 -0.261573 -0.121051 0.0141659 -0.462189 0.886668 -0.644715 1.05557 -0.390236</i>
                        <i>-0.290365 0.846573 0.446096 -0.95679 -0.264418 -0.12098 0.0155373 -0.461949 0.88677 -0.643642 1.04794 -0.390298</i>
                        <i>-0.292928 0.845858 0.445778 -0.955991 -0.267184 -0.121219 0.0165707 -0.461668 0.886898 -0.642627 1.04033 -0.390391</i>
                        <i>-0.295055 0.84535 0.445338 -0.955335 -0.269133 -0.122075 0.0166586 -0.461466 0.887001 -0.641951 1.03448 -0.390523</i>
                        <i>-0.296239 0.845208 0.444822 -0.954994 -0.269507 -0.123908 0.0151549 -0.461508 0.887006 -0.641893 1.03216 -0.390706</i>
                        <i>-0.296285 0.845557 0.444126 -0.955037 -0.26761 -0.127628 0.0109359 -0.461971 0.886828 -0.642731 1.03454 -0.391006</i>
                        <i>-0.295549 0.846294 0.443213 -0.955318 -0.263894 -0.133143 0.00428327 -0.462759 0.886474 -0.644292 1.04044 -0.391426</i>
                        <i>-0.29435 0.847224 0.442233 -0.955692 -0.25933 -0.139286 -0.00332221 -0.463637 0.886019 -0.646176 1.0481 -0.391882</i>
                        <i>-0.29303 0.848148 0.441337 -0.956046 -0.254891 -0.144936 -0.0104344 -0.464409 0.885559 -0.647993 1.05577 -0.392295</i>
                        <i>-0.291957 0.848859 0.440681 -0.956303 -0.251534 -0.149046 -0.0156731 -0.464939 0.885204 -0.649359 1.06166 -0.392593</i>
                        <i>-0.291514 0.849144 0.440425 -0.956403 -0.250207 -0.150634 -0.0177123 -0.465136 0.885062 -0.649899 1.06402 -0.392708</i>
                        <i>-0.271406 0.858114 0.435865 -0.962251 -0.232372 -0.141693 -0.0203063 -0.457868 0.888788 -0.643089 1.06551 -0.399621</i>
                        <i>-0.241709 0.870775 0.428168 -0.970115 -0.207159 -0.126344 -0.0213189 -0.445911 0.894824 -0.633551 1.0662 -0.410022</i>
                        <i>-0.205339 0.885334 0.417157 -0.978469 -0.176626 -0.106782 -0.0208573 -0.430101 0.90254 -0.622191 1.06618 -0.422987</i>
                        <i>-0.165262 0.900164 0.40298 -0.986066 -0.142923 -0.0851268 -0.019033 -0.411433 0.911241 -0.60989 1.06554 -0.437564</i>
                        <i>-0.124412 0.91395 0.386287 -0.992101 -0.108291 -0.0633117 -0.0160325 -0.391112 0.920203 -0.597491 1.06443 -0.452769</i>
                        <i>-0.0856037 0.925767 0.368276 -0.996255 -0.0750172 -0.0429968 -0.012178 -0.370577 0.928722 -0.585784 1.06302 -0.467581</i>
                        <i>-0.0514498 0.935098 0.350633 -0.998644 -0.0453747 -0.0255259 -0.00795937 -0.351471 0.936165 -0.575503 1.0615 -0.480955</i>
                        <i>-0.0243329 0.941766 0.335388 -0.999696 -0.0215722 -0.011955 -0.00402375 -0.335577 0.942004 -0.567337 1.06012 -0.491826</i>
                        <i>-0.00645996 0.945788 0.32472 -0.999979 -0.00574631 -0.00315664 -0.00111957 -0.324733 0.945805 -0.561949 1.05911 -0.499126</i>
                        <i>2.10359e-016 0.947167 0.32074 -1 2.22045e-016 5.42101e-020 -7.10823e-017 -0.32074 0.947167 -0.56 1.05872 -0.501792</i>
                    </KeyFrames>
                </p>
            </i>
            <i>
                <p>
                    <Name><![CDATA[spine2]]></Name>
                    <Exclude>0</Exclude>
                    <Additive>0</Additive>
                    <IKPriority>0</IKPriority>
                    <IKRotLimits>-1e+010 -1e+010 -1e+010 1e+010 1e+010 1e+010</IKRotLimits>
                    <IKRotLimitOrder>0</IKRotLimitOrder>
                    <KeyFrames count="60">
                        <i>1.8791e-016 0.845926 0.5333 -1 2.22045e-016 5.42101e-020 -1.18295e-016 -0.5333 0.845926 -0.56 1.21388 -0.449093</i>
                        <i>-0.00796052 0.840779 0.54132 -0.999964 -0.00507617 -0.00682091 -0.00298704 -0.541355 0.840789 -0.563388 1.21381 -0.443709</i>
                        <i>-0.0301134 0.826434 0.562227 -0.999493 -0.0190545 -0.0255249 -0.0103817 -0.56271 0.826589 -0.572779 1.21348 -0.429262</i>
                        <i>-0.0641757 0.804301 0.590747 -0.997749 -0.0401652 -0.0537055 -0.0194679 -0.592864 0.805067 -0.587152 1.21259 -0.408399</i>
                        <i>-0.107501 0.775961 0.621552 -0.99382 -0.0664845 -0.0888867 -0.0276491 -0.627267 0.778314 -0.605404 1.2109 -0.383821</i>
                        <i>-0.156502 0.743593 0.650059 -0.987124 -0.0957325 -0.128143 -0.0330546 -0.661744 0.749001 -0.626121 1.20832 -0.358179</i>
                        <i>-0.206552 0.710111 0.673111 -0.977813 -0.125281 -0.167886 -0.0348894 -0.692854 0.720233 -0.647479 1.20499 -0.333931</i>
                        <i>-0.252282 0.679085 0.689345 -0.967076 -0.152318 -0.203873 -0.0334477 -0.718082 0.695154 -0.667267 1.20133 -0.313221</i>
                        <i>-0.288029 0.65448 0.699068 -0.957158 -0.17404 -0.231428 -0.0297992 -0.735776 0.676569 -0.683012 1.19796 -0.297848</i>
                        <i>-0.308221 0.640343 0.703534 -0.950979 -0.187752 -0.245739 -0.0252669 -0.744788 0.666822 -0.692153 1.19559 -0.289368</i>
                        <i>-0.309045 0.640066 0.703425 -0.95055 -0.183959 -0.250228 -0.0307607 -0.745972 0.665267 -0.692069 1.19529 -0.28931</i>
                        <i>-0.311108 0.639359 0.703159 -0.949333 -0.174432 -0.261422 -0.044489 -0.748862 0.661231 -0.691863 1.19447 -0.289151</i>
                        <i>-0.313797 0.638404 0.702831 -0.947443 -0.161948 -0.275907 -0.0623181 -0.752471 0.65567 -0.691601 1.19326 -0.288912</i>
                        <i>-0.316505 0.637356 0.702568 -0.945201 -0.149341 -0.290332 -0.0801223 -0.755959 0.649697 -0.691349 1.19177 -0.288621</i>
                        <i>-0.318641 0.636324 0.702538 -0.943223 -0.139513 -0.301441 -0.0938005 -0.758702 0.64465 -0.691172 1.19012 -0.288309</i>
                        <i>-0.319622 0.635386 0.702941 -0.94233 -0.135419 -0.306066 -0.0992788 -0.760228 0.642026 -0.69113 1.18845 -0.288011</i>
                        <i>-0.319027 0.63461 0.703911 -0.94311 -0.139208 -0.301934 -0.0936201 -0.760191 0.642919 -0.691269 1.18687 -0.287757</i>
                        <i>-0.317214 0.634003 0.705276 -0.945022 -0.149036 -0.29107 -0.0794278 -0.758833 0.646424 -0.691546 1.18554 -0.28754</i>
                        <i>-0.314772 0.633554 0.706773 -0.947208 -0.161857 -0.276764 -0.0609492 -0.756579 0.651056 -0.691894 1.18458 -0.287346</i>
                        <i>-0.312302 0.633217 0.708169 -0.949034 -0.174643 -0.262365 -0.0424572 -0.754013 0.655485 -0.692241 1.18412 -0.287163</i>
                        <i>-0.310421 0.632898 0.709281 -0.950179 -0.184411 -0.2513 -0.0282482 -0.751953 0.658612 -0.692516 1.18416 -0.286986</i>
                        <i>-0.309754 0.632468 0.709955 -0.950547 -0.188218 -0.24705 -0.022625 -0.751371 0.659492 -0.692645 1.18452 -0.286814</i>
                        <i>-0.311026 0.631791 0.710002 -0.949909 -0.182604 -0.253632 -0.0305926 -0.753323 0.656939 -0.692543 1.1852 -0.286642</i>
                        <i>-0.313827 0.631019 0.709456 -0.948191 -0.169363 -0.268792 -0.0494571 -0.757054 0.651478 -0.692252 1.18612 -0.286484</i>
                        <i>-0.31708 0.630442 0.708522 -0.945664 -0.153479 -0.286641 -0.071967 -0.760912 0.644852 -0.691892 1.18722 -0.286373</i>
                        <i>-0.319735 0.630268 0.707483 -0.943136 -0.140068 -0.301455 -0.0909017 -0.763638 0.639213 -0.691576 1.18844 -0.28635</i>
                        <i>-0.320772 0.630621 0.706699 -0.941958 -0.134337 -0.307682 -0.0990951 -0.764376 0.63711 -0.691415 1.18972 -0.286468</i>
                        <i>-0.319714 0.631555 0.706344 -0.942921 -0.138754 -0.302734 -0.0931852 -0.762815 0.639867 -0.691459 1.19102 -0.286761</i>
                        <i>-0.317223 0.63304 0.706137 -0.945148 -0.149895 -0.290218 -0.0778732 -0.759468 0.645867 -0.691635 1.19229 -0.287212</i>
                        <i>-0.313997 0.635053 0.705771 -0.947644 -0.16413 -0.273921 -0.058116 -0.75483 0.653341 -0.691862 1.1935 -0.287804</i>
                        <i>-0.31075 0.637529 0.704976 -0.949695 -0.177897 -0.257744 -0.038906 -0.749606 0.66074 -0.692062 1.19461 -0.288524</i>
                        <i>-0.308221 0.640343 0.703534 -0.950979 -0.187752 -0.245739 -0.0252669 -0.744788 0.666822 -0.692153 1.19559 -0.289368</i>
                        <i>-0.305638 0.647387 0.698195 -0.952066 -0.198194 -0.232999 -0.0124624 -0.735941 0.676931 -0.692053 1.19719 -0.291642</i>
                        <i>-0.302382 0.660695 0.687056 -0.95317 -0.213873 -0.213836 0.00566225 -0.719542 0.694426 -0.691908 1.19967 -0.2961</i>
                        <i>-0.299342 0.67729 0.672066 -0.953788 -0.231698 -0.191323 0.0261348 -0.698279 0.715348 -0.69195 1.20225 -0.301879</i>
                        <i>-0.296824 0.69419 0.65574 -0.953831 -0.248495 -0.16869 0.0458453 -0.675537 0.735899 -0.69226 1.20419 -0.307981</i>
                        <i>-0.294274 0.708523 0.641403 -0.953733 -0.260969 -0.149292 0.0616093 -0.65566 0.752539 -0.692698 1.20483 -0.313248</i>
                        <i>-0.290409 0.717579 0.633043 -0.954318 -0.265776 -0.136527 0.0702784 -0.643773 0.761982 -0.692948 1.2036 -0.316413</i>
                        <i>-0.28663 0.718803 0.633377 -0.955492 -0.262679 -0.134292 0.0698451 -0.643679 0.762102 -0.692716 1.20118 -0.31644</i>
                        <i>-0.277019 0.721769 0.634279 -0.95841 -0.254709 -0.128739 0.0686372 -0.643563 0.76231 -0.692158 1.19516 -0.316516</i>
                        <i>-0.264168 0.725413 0.635603 -0.962162 -0.243843 -0.121594 0.0667817 -0.643674 0.76238 -0.691475 1.18736 -0.316639</i>
                        <i>-0.250701 0.728763 0.637223 -0.965928 -0.232022 -0.11467 0.0642825 -0.644259 0.762101 -0.69087 1.17959 -0.316806</i>
                        <i>-0.239295 0.730998 0.639046 -0.96903 -0.221137 -0.109904 0.060977 -0.645554 0.761276 -0.690543 1.17365 -0.317017</i>
                        <i>-0.232667 0.731418 0.64101 -0.970908 -0.213039 -0.109324 0.0565985 -0.647798 0.759707 -0.690689 1.17133 -0.317274</i>
                        <i>-0.231747 0.729407 0.643629 -0.971512 -0.207267 -0.114915 0.0495836 -0.651924 0.756661 -0.69156 1.17381 -0.317658</i>
                        <i>-0.234635 0.725457 0.647038 -0.971268 -0.202223 -0.125478 0.0398173 -0.657888 0.752062 -0.693039 1.17993 -0.318179</i>
                        <i>-0.239792 0.720558 0.650612 -0.970384 -0.198074 -0.13828 0.0292307 -0.664502 0.746714 -0.694771 1.18785 -0.318738</i>
                        <i>-0.245598 0.715721 0.653777 -0.969172 -0.194975 -0.150631 0.0196604 -0.670617 0.741543 -0.696414 1.19577 -0.319243</i>
                        <i>-0.250354 0.712012 0.65602 -0.96807 -0.193048 -0.159916 0.0127816 -0.675109 0.737607 -0.697637 1.20186 -0.319606</i>
                        <i>-0.252324 0.710529 0.656872 -0.96759 -0.192387 -0.163578 0.0101467 -0.676857 0.736045 -0.698117 1.2043 -0.319745</i>
                        <i>-0.237332 0.720202 0.651907 -0.971423 -0.178194 -0.156792 0.00324427 -0.670489 0.741912 -0.687959 1.20719 -0.327455</i>
                        <i>-0.212997 0.735276 0.64343 -0.97705 -0.158674 -0.142113 -0.00239631 -0.658932 0.752198 -0.673475 1.20984 -0.339197</i>
                        <i>-0.182059 0.753659 0.631548 -0.983266 -0.135317 -0.121968 -0.00646312 -0.643186 0.765683 -0.656068 1.21205 -0.354063</i>
                        <i>-0.147272 0.773376 0.616604 -0.989058 -0.109648 -0.0987043 -0.00872632 -0.624393 0.781061 -0.637121 1.21368 -0.371065</i>
                        <i>-0.111356 0.792706 0.599348 -0.993738 -0.0832652 -0.0745051 -0.00915583 -0.603891 0.797014 -0.617966 1.21465 -0.3891</i>
                        <i>-0.076919 0.810262 0.580999 -0.997005 -0.0578409 -0.0513297 -0.007985 -0.583207 0.812284 -0.599856 1.21502 -0.406946</i>
                        <i>-0.0463906 0.825014 0.563205 -0.998907 -0.0350873 -0.0308811 -0.00571599 -0.564022 0.82574 -0.583953 1.21489 -0.423275</i>
                        <i>-0.0220076 0.836236 0.547927 -0.999753 -0.0167253 -0.0146295 -0.00306947 -0.548114 0.836398 -0.571331 1.21449 -0.43669</i>
                        <i>-0.00585821 0.843389 0.537272 -0.999982 -0.00446389 -0.00389619 -0.000887683 -0.537285 0.8434 -0.563009 1.21407 -0.445765</i>
                        <i>1.8791e-016 0.845926 0.5333 -1 2.22045e-016 5.42101e-020 -1.18295e-016 -0.5333 0.845926 -0.56 1.21388 -0.449093</i>
                    </KeyFrames>
                </p>
            </i>
            <i>
                <p>
                    <Name><![CDATA[head]]></Name>
                    <Exclude>0</Exclude>
                    <Additive>0</Additive>
                    <IKPriority>0</IKPriority>
                    <IKRotLimits>-1e+010 -1e+010 -1e+010 1e+010 1e+010 1e+010</IKRotLimits>
                    <IKRotLimitOrder>0</IKRotLimitOrder>
                    <KeyFrames count="60">
                        <i>1.92438e-016 0.991582 0.129481 -8.24145e-017 0.129481 -0.991582 -1 1.86316e-016 1.08773e-016 -0.56 1.44136 -0.31979</i>
                        <i>-0.00692611 0.991025 0.133495 0.0251401 0.133629 -0.990713 -0.99966 -0.00350571 -0.02584 -0.56536 1.44013 -0.312326</i>
                        <i>-0.0252404 0.989223 0.144223 0.092862 0.145965 -0.984922 -0.995359 -0.011467 -0.0955455 -0.580247 1.43654 -0.292441</i>
                        <i>-0.0510839 0.985826 0.159806 0.190889 0.166703 -0.967353 -0.980282 -0.018911 -0.196699 -0.603087 1.43061 -0.264111</i>
                        <i>-0.0808911 0.98056 0.178769 0.305482 0.195115 -0.931993 -0.948756 -0.0207793 -0.315327 -0.632143 1.42241 -0.231386</i>
                        <i>-0.1118 0.973416 0.199906 0.422118 0.228636 -0.877236 -0.899621 -0.013691 -0.436458 -0.665122 1.41233 -0.198093</i>
                        <i>-0.141622 0.964749 0.221816 0.527508 0.263158 -0.807764 -0.837663 0.0026127 -0.546181 -0.699052 1.40118 -0.167531</i>
                        <i>-0.168374 0.955439 0.24246 0.611803 0.294153 -0.734283 -0.772883 0.0247037 -0.634068 -0.73037 1.39023 -0.14225</i>
                        <i>-0.189708 0.947034 0.25911 0.669504 0.317807 -0.671389 -0.718175 0.0461076 -0.694333 -0.755154 1.38105 -0.124041</i>
                        <i>-0.202694 0.94165 0.268719 0.69816 0.331386 -0.63463 -0.686649 0.0589735 -0.724593 -0.76941 1.37533 -0.114216</i>
                        <i>-0.204882 0.940066 0.272578 0.701876 0.335206 -0.628495 -0.682197 0.0625491 -0.728488 -0.769538 1.37497 -0.11418</i>
                        <i>-0.210793 0.935908 0.282209 0.711189 0.344895 -0.612583 -0.670654 0.0715758 -0.738309 -0.769862 1.37399 -0.114073</i>
                        <i>-0.219464 0.930064 0.294647 0.723301 0.357784 -0.590615 -0.65473 0.0835002 -0.751237 -0.770291 1.37256 -0.1139</i>
                        <i>-0.229693 0.923517 0.307177 0.735571 0.371398 -0.566568 -0.63732 0.0958143 -0.76462 -0.770735 1.37083 -0.113659</i>
                        <i>-0.239912 0.917385 0.317565 0.745678 0.3836 -0.544808 -0.621616 0.106095 -0.776104 -0.77111 1.36895 -0.113342</i>
                        <i>-0.24825 0.912883 0.324062 0.751651 0.392555 -0.530021 -0.611059 0.112004 -0.783621 -0.77133 1.36706 -0.112932</i>
                        <i>-0.252493 0.911314 0.325199 0.752463 0.396226 -0.526122 -0.608314 0.111858 -0.785775 -0.771334 1.3653 -0.112427</i>
                        <i>-0.248045 0.914883 0.318533 0.751143 0.389277 -0.533149 -0.611766 0.107019 -0.783766 -0.771169 1.36383 -0.111864</i>
                        <i>-0.235045 0.923029 0.304583 0.749841 0.371581 -0.547417 -0.61846 0.099721 -0.779463 -0.770913 1.36276 -0.111295</i>
                        <i>-0.217323 0.933101 0.286519 0.749358 0.347588 -0.5636 -0.625486 0.0922219 -0.774766 -0.770647 1.36223 -0.110766</i>
                        <i>-0.198417 0.942742 0.268082 0.750773 0.322021 -0.576751 -0.630056 0.0868319 -0.77168 -0.770455 1.36219 -0.110315</i>
                        <i>-0.18157 0.950099 0.25366 0.755528 0.29989 -0.582446 -0.629452 0.0858923 -0.772278 -0.770424 1.36246 -0.109973</i>
