<?xml version="1.0" encoding="ISO-8859-1" ?>
<Animl Version="1">
    <ModellingPackage><![CDATA[Maya.2010]]></ModellingPackage>
    <SrcFile><![CDATA[anims\vehicles\red\~src\land\tank_t55\tank_t55_idle_random_crewman_a.mb]]></SrcFile>
    <FramesPerSecond>30</FramesPerSecond>
    <TotalFrames>91</TotalFrames>
    <Skeleton>
        <RefFrame>
            <Name><![CDATA[soldier_ref_frame]]></Name>
            <Exclude>0</Exclude>
            <Additive>0</Additive>
            <IKPriority>0</IKPriority>
            <IKRotLimits>-1e+010 -1e+010 -1e+010 1e+010 1e+010 1e+010</IKRotLimits>
            <IKRotLimitOrder>0</IKRotLimitOrder>
            <KeyFrames count="91">
                <i>1 0 0 0 1 0 0 0 1 0 0 0</i>
                <i>1 0 0 0 1 0 0 0 1 0 0 0</i>
                <i>1 0 0 0 1 0 0 0 1 0 0 0</i>
                <i>1 0 0 0 1 0 0 0 1 0 0 0</i>
                <i>1 0 0 0 1 0 0 0 1 0 0 0</i>
                <i>1 0 0 0 1 0 0 0 1 0 0 0</i>
                <i>1 0 0 0 1 0 0 0 1 0 0 0</i>
                <i>1 0 0 0 1 0 0 0 1 0 0 0</i>
                <i>1 0 0 0 1 0 0 0 1 0 0 0</i>
                <i>1 0 0 0 1 0 0 0 1 0 0 0</i>
                <i>1 0 0 0 1 0 0 0 1 0 0 0</i>
                <i>1 0 0 0 1 0 0 0 1 0 0 0</i>
                <i>1 0 0 0 1 0 0 0 1 0 0 0</i>
                <i>1 0 0 0 1 0 0 0 1 0 0 0</i>
                <i>1 0 0 0 1 0 0 0 1 0 0 0</i>
                <i>1 0 0 0 1 0 0 0 1 0 0 0</i>
                <i>1 0 0 0 1 0 0 0 1 0 0 0</i>
                <i>1 0 0 0 1 0 0 0 1 0 0 0</i>
                <i>1 0 0 0 1 0 0 0 1 0 0 0</i>
                <i>1 0 0 0 1 0 0 0 1 0 0 0</i>
                <i>1 0 0 0 1 0 0 0 1 0 0 0</i>
                <i>1 0 0 0 1 0 0 0 1 0 0 0</i>
                <i>1 0 0 0 1 0 0 0 1 0 0 0</i>
                <i>1 0 0 0 1 0 0 0 1 0 0 0</i>
                <i>1 0 0 0 1 0 0 0 1 0 0 0</i>
                <i>1 0 0 0 1 0 0 0 1 0 0 0</i>
                <i>1 0 0 0 1 0 0 0 1 0 0 0</i>
                <i>1 0 0 0 1 0 0 0 1 0 0 0</i>
                <i>1 0 0 0 1 0 0 0 1 0 0 0</i>
                <i>1 0 0 0 1 0 0 0 1 0 0 0</i>
                <i>1 0 0 0 1 0 0 0 1 0 0 0</i>
                <i>1 0 0 0 1 0 0 0 1 0 0 0</i>
                <i>1 0 0 0 1 0 0 0 1 0 0 0</i>
                <i>1 0 0 0 1 0 0 0 1 0 0 0</i>
                <i>1 0 0 0 1 0 0 0 1 0 0 0</i>
                <i>1 0 0 0 1 0 0 0 1 0 0 0</i>
                <i>1 0 0 0 1 0 0 0 1 0 0 0</i>
                <i>1 0 0 0 1 0 0 0 1 0 0 0</i>
                <i>1 0 0 0 1 0 0 0 1 0 0 0</i>
                <i>1 0 0 0 1 0 0 0 1 0 0 0</i>
                <i>1 0 0 0 1 0 0 0 1 0 0 0</i>
                <i>1 0 0 0 1 0 0 0 1 0 0 0</i>
                <i>1 0 0 0 1 0 0 0 1 0 0 0</i>
                <i>1 0 0 0 1 0 0 0 1 0 0 0</i>
                <i>1 0 0 0 1 0 0 0 1 0 0 0</i>
                <i>1 0 0 0 1 0 0 0 1 0 0 0</i>
                <i>1 0 0 0 1 0 0 0 1 0 0 0</i>
                <i>1 0 0 0 1 0 0 0 1 0 0 0</i>
                <i>1 0 0 0 1 0 0 0 1 0 0 0</i>
                <i>1 0 0 0 1 0 0 0 1 0 0 0</i>
                <i>1 0 0 0 1 0 0 0 1 0 0 0</i>
                <i>1 0 0 0 1 0 0 0 1 0 0 0</i>
                <i>1 0 0 0 1 0 0 0 1 0 0 0</i>
                <i>1 0 0 0 1 0 0 0 1 0 0 0</i>
                <i>1 0 0 0 1 0 0 0 1 0 0 0</i>
                <i>1 0 0 0 1 0 0 0 1 0 0 0</i>
                <i>1 0 0 0 1 0 0 0 1 0 0 0</i>
                <i>1 0 0 0 1 0 0 0 1 0 0 0</i>
                <i>1 0 0 0 1 0 0 0 1 0 0 0</i>
                <i>1 0 0 0 1 0 0 0 1 0 0 0</i>
                <i>1 0 0 0 1 0 0 0 1 0 0 0</i>
                <i>1 0 0 0 1 0 0 0 1 0 0 0</i>
                <i>1 0 0 0 1 0 0 0 1 0 0 0</i>
                <i>1 0 0 0 1 0 0 0 1 0 0 0</i>
                <i>1 0 0 0 1 0 0 0 1 0 0 0</i>
                <i>1 0 0 0 1 0 0 0 1 0 0 0</i>
                <i>1 0 0 0 1 0 0 0 1 0 0 0</i>
                <i>1 0 0 0 1 0 0 0 1 0 0 0</i>
                <i>1 0 0 0 1 0 0 0 1 0 0 0</i>
                <i>1 0 0 0 1 0 0 0 1 0 0 0</i>
                <i>1 0 0 0 1 0 0 0 1 0 0 0</i>
                <i>1 0 0 0 1 0 0 0 1 0 0 0</i>
                <i>1 0 0 0 1 0 0 0 1 0 0 0</i>
                <i>1 0 0 0 1 0 0 0 1 0 0 0</i>
                <i>1 0 0 0 1 0 0 0 1 0 0 0</i>
                <i>1 0 0 0 1 0 0 0 1 0 0 0</i>
                <i>1 0 0 0 1 0 0 0 1 0 0 0</i>
                <i>1 0 0 0 1 0 0 0 1 0 0 0</i>
                <i>1 0 0 0 1 0 0 0 1 0 0 0</i>
                <i>1 0 0 0 1 0 0 0 1 0 0 0</i>
                <i>1 0 0 0 1 0 0 0 1 0 0 0</i>
                <i>1 0 0 0 1 0 0 0 1 0 0 0</i>
                <i>1 0 0 0 1 0 0 0 1 0 0 0</i>
                <i>1 0 0 0 1 0 0 0 1 0 0 0</i>
                <i>1 0 0 0 1 0 0 0 1 0 0 0</i>
                <i>1 0 0 0 1 0 0 0 1 0 0 0</i>
                <i>1 0 0 0 1 0 0 0 1 0 0 0</i>
                <i>1 0 0 0 1 0 0 0 1 0 0 0</i>
                <i>1 0 0 0 1 0 0 0 1 0 0 0</i>
                <i>1 0 0 0 1 0 0 0 1 0 0 0</i>
                <i>1 0 0 0 1 0 0 0 1 0 0 0</i>
            </KeyFrames>
        </RefFrame>
        <Bones count="23">
            <i>
                <p>
                    <Name><![CDATA[pelvis]]></Name>
                    <Exclude>0</Exclude>
                    <Additive>0</Additive>
                    <IKPriority>0</IKPriority>
                    <IKRotLimits>-1e+010 -1e+010 -1e+010 1e+010 1e+010 1e+010</IKRotLimits>
                    <IKRotLimitOrder>2</IKRotLimitOrder>
                    <KeyFrames count="91">
                        <i>1 0 0 0 1 0 0 0 1 -0.54 1.20067 -0.61</i>
                        <i>1 0 0 0 1 0 0 0 1 -0.54 1.19717 -0.61</i>
                        <i>1 0 0 0 1 0 0 0 1 -0.54 1.18894 -0.61</i>
                        <i>1 0 0 0 1 0 0 0 1 -0.54 1.1794 -0.61</i>
                        <i>1 0 0 0 1 0 0 0 1 -0.54 1.17195 -0.61</i>
                        <i>1 0 0 0 1 0 0 0 1 -0.54 1.17 -0.61</i>
                        <i>1 0 0 0 1 0 0 0 1 -0.54 1.17619 -0.61</i>
                        <i>1 0 0 0 1 0 0 0 1 -0.54 1.18826 -0.61</i>
                        <i>1 0 0 0 1 0 0 0 1 -0.54 1.20222 -0.61</i>
                        <i>1 0 0 0 1 0 0 0 1 -0.54 1.21413 -0.61</i>
                        <i>1 0 0 0 1 0 0 0 1 -0.54 1.22 -0.61</i>
                        <i>1 0 0 0 1 0 0 0 1 -0.54 1.21975 -0.61</i>
                        <i>1 0 0 0 1 0 0 0 1 -0.54 1.21906 -0.61</i>
                        <i>1 0 0 0 1 0 0 0 1 -0.54 1.21799 -0.61</i>
                        <i>1 0 0 0 1 0 0 0 1 -0.54 1.21661 -0.61</i>
                        <i>1 0 0 0 1 0 0 0 1 -0.54 1.21499 -0.61</i>
                        <i>1 0 0 0 1 0 0 0 1 -0.54 1.21319 -0.61</i>
                        <i>1 0 0 0 1 0 0 0 1 -0.54 1.2113 -0.61</i>
                        <i>1 0 0 0 1 0 0 0 1 -0.54 1.20937 -0.61</i>
                        <i>1 0 0 0 1 0 0 0 1 -0.54 1.20747 -0.61</i>
                        <i>1 0 0 0 1 0 0 0 1 -0.54 1.20568 -0.61</i>
                        <i>1 0 0 0 1 0 0 0 1 -0.54 1.20406 -0.61</i>
                        <i>1 0 0 0 1 0 0 0 1 -0.54 1.20268 -0.61</i>
                        <i>1 0 0 0 1 0 0 0 1 -0.54 1.20161 -0.61</i>
                        <i>1 0 0 0 1 0 0 0 1 -0.54 1.20091 -0.61</i>
                        <i>1 0 0 0 1 0 0 0 1 -0.54 1.20067 -0.61</i>
                        <i>1 0 0 0 1 0 0 0 1 -0.546267 1.20749 -0.61</i>
                        <i>1 0 0 0 1 0 0 0 1 -0.5578 1.22109 -0.61</i>
                        <i>1 0 0 0 1 0 0 0 1 -0.5712 1.23723 -0.61</i>
                        <i>1 0 0 0 1 0 0 0 1 -0.583067 1.25162 -0.61</i>
                        <i>1 0 0 0 1 0 0 0 1 -0.59 1.26 -0.61</i>
                        <i>1 0 0 0 1 0 0 0 1 -0.59 1.26 -0.61</i>
                        <i>1 0 0 0 1 0 0 0 1 -0.59 1.26 -0.61</i>
                        <i>1 0 0 0 1 0 0 0 1 -0.59 1.26 -0.61</i>
                        <i>1 0 0 0 1 0 0 0 1 -0.59 1.26 -0.61</i>
                        <i>1 0 0 0 1 0 0 0 1 -0.59 1.26 -0.61</i>
                        <i>1 0 0 0 1 0 0 0 1 -0.59 1.26 -0.61</i>
                        <i>1 0 0 0 1 0 0 0 1 -0.59 1.26 -0.61</i>
                        <i>1 0 0 0 1 0 0 0 1 -0.59 1.26 -0.61</i>
                        <i>1 0 0 0 1 0 0 0 1 -0.59 1.26 -0.61</i>
                        <i>1 0 0 0 1 0 0 0 1 -0.59 1.26 -0.61</i>
                        <i>1 0 0 0 1 0 0 0 1 -0.585925 1.25707 -0.61</i>
                        <i>1 0 0 0 1 0 0 0 1 -0.5808 1.252 -0.61</i>
                        <i>1 0 0 0 1 0 0 0 1 -0.574775 1.2464 -0.61</i>
                        <i>1 0 0 0 1 0 0 0 1 -0.568 1.24187 -0.61</i>
                        <i>1 0 0 0 1 0 0 0 1 -0.560625 1.24 -0.61</i>
                        <i>1 0 0 0 1 0 0 0 1 -0.5528 1.24128 -0.61</i>
                        <i>1 0 0 0 1 0 0 0 1 -0.544675 1.24464 -0.61</i>
                        <i>1 0 0 0 1 0 0 0 1 -0.5364 1.24936 -0.61</i>
                        <i>1 0 0 0 1 0 0 0 1 -0.528125 1.25472 -0.61</i>
                        <i>1 0 0 0 1 0 0 0 1 -0.52 1.26 -0.61</i>
                        <i>1 0 0 0 1 0 0 0 1 -0.517885 1.26344 -0.61</i>
                        <i>1 0 0 0 1 0 0 0 1 -0.51208 1.27152 -0.61</i>
                        <i>1 0 0 0 1 0 0 0 1 -0.503395 1.28088 -0.61</i>
                        <i>1 0 0 0 1 0 0 0 1 -0.49264 1.28816 -0.61</i>
                        <i>1 0 0 0 1 0 0 0 1 -0.480625 1.29 -0.61</i>
                        <i>1 0 0 0 1 0 0 0 1 -0.46816 1.28384 -0.61</i>
                        <i>1 0 0 0 1 0 0 0 1 -0.456055 1.27192 -0.61</i>
                        <i>1 0 0 0 1 0 0 0 1 -0.44512 1.25808 -0.61</i>
                        <i>1 0 0 0 1 0 0 0 1 -0.436165 1.24616 -0.61</i>
                        <i>1 0 0 0 1 0 0 0 1 -0.43 1.24 -0.61</i>
                        <i>1 0 0 0 1 0 0 0 1 -0.43 1.24056 -0.61</i>
                        <i>1 0 0 0 1 0 0 0 1 -0.43 1.24208 -0.61</i>
                        <i>1 0 0 0 1 0 0 0 1 -0.43 1.24432 -0.61</i>
                        <i>1 0 0 0 1 0 0 0 1 -0.43 1.24704 -0.61</i>
                        <i>1 0 0 0 1 0 0 0 1 -0.43 1.25 -0.61</i>
                        <i>1 0 0 0 1 0 0 0 1 -0.43 1.25296 -0.61</i>
                        <i>1 0 0 0 1 0 0 0 1 -0.43 1.25568 -0.61</i>
                        <i>1 0 0 0 1 0 0 0 1 -0.43 1.25792 -0.61</i>
                        <i>1 0 0 0 1 0 0 0 1 -0.43 1.25944 -0.61</i>
                        <i>1 0 0 0 1 0 0 0 1 -0.43 1.26 -0.61</i>
                        <i>1 0 0 0 1 0 0 0 1 -0.42592 1.26901 -0.61</i>
                        <i>1 0 0 0 1 0 0 0 1 -0.41896 1.28304 -0.61</i>
                        <i>1 0 0 0 1 0 0 0 1 -0.41104 1.29856 -0.61</i>
                        <i>1 0 0 0 1 0 0 0 1 -0.40408 1.31205 -0.61</i>
                        <i>1 0 0 0 1 0 0 0 1 -0.4 1.32 -0.61</i>
                        <i>1 0 0 0 1 0 0 0 1 -0.4 1.32 -0.61</i>
                        <i>1 0 0 0 1 0 0 0 1 -0.4 1.32 -0.61</i>
                        <i>1 0 0 0 1 0 0 0 1 -0.4 1.32 -0.61</i>
                        <i>1 0 0 0 1 0 0 0 1 -0.4 1.32 -0.61</i>
                        <i>1 0 0 0 1 0 0 0 1 -0.4 1.32 -0.61</i>
                        <i>1 0 0 0 1 0 0 0 1 -0.4 1.32 -0.61</i>
                        <i>1 0 0 0 1 0 0 0 1 -0.4 1.32 -0.61</i>
                        <i>1 0 0 0 1 0 0 0 1 -0.4 1.32 -0.61</i>
                        <i>1 0 0 0 1 0 0 0 1 -0.4 1.32 -0.61</i>
                        <i>1 0 0 0 1 0 0 0 1 -0.4 1.32 -0.61</i>
                        <i>1 0 0 0 1 0 0 0 1 -0.416053 1.3025 -0.61</i>
                        <i>1 0 0 0 1 0 0 0 1 -0.44256 1.27227 -0.61</i>
                        <i>1 0 0 0 1 0 0 0 1 -0.47504 1.23885 -0.61</i>
                        <i>1 0 0 0 1 0 0 0 1 -0.509013 1.21181 -0.61</i>
                        <i>1 0 0 0 1 0 0 0 1 -0.54 1.20067 -0.61</i>
                    </KeyFrames>
                </p>
            </i>
            <i>
                <p>
                    <Name><![CDATA[spine0]]></Name>
                    <Exclude>0</Exclude>
                    <Additive>0</Additive>
                    <IKPriority>0</IKPriority>
                    <IKRotLimits>-1e+010 -1e+010 -1e+010 1e+010 1e+010 1e+010</IKRotLimits>
                    <IKRotLimitOrder>0</IKRotLimitOrder>
                    <KeyFrames count="91">
                        <i>-0.00551075 0.998516 0.0541832 -0.999985 -0.00551885 -1.15616e-012 0.000299029 -0.0541824 0.998531 -0.54 1.33632 -0.657898</i>
                        <i>-0.00939028 0.998659 0.0509094 -0.999892 -0.00880245 -0.0117585 -0.0112946 -0.0510143 0.998634 -0.54049 1.33262 -0.658456</i>
                        <i>-0.0132163 0.998863 0.0458023 -0.999626 -0.0121015 -0.0245323 -0.0239501 -0.0461094 0.998649 -0.540981 1.32396 -0.65966</i>
                        <i>-0.0166743 0.99903 0.0407651 -0.999163 -0.0151261 -0.0379971 -0.0373436 -0.0413646 0.998446 -0.54143 1.31378 -0.661351</i>
                        <i>-0.0198986 0.999099 0.0374953 -0.998496 -0.0179425 -0.0518019 -0.0510824 -0.0384697 0.997953 -0.541803 1.30553 -0.663375</i>
                        <i>-0.0234085 0.999027 0.0373849 -0.997631 -0.0209233 -0.0655378 -0.0646918 -0.0388305 0.99715 -0.542078 1.30267 -0.665584</i>
                        <i>-0.0278822 0.998764 0.0411376 -0.996594 -0.0245793 -0.0787196 -0.0776112 -0.0431924 0.996048 -0.54225 1.3079 -0.667834</i>
                        <i>-0.0334476 0.99831 0.0475139 -0.995444 -0.0290288 -0.0908248 -0.089292 -0.0503353 0.994733 -0.542326 1.31899 -0.669992</i>
                        <i>-0.039624 0.997715 0.0547157 -0.994272 -0.0339293 -0.101347 -0.0992592 -0.0584181 0.993345 -0.542326 1.33205 -0.671932</i>
                        <i>-0.0454399 0.997108 0.0609216 -0.993202 -0.038551 -0.109838 -0.107172 -0.0654985 0.992081 -0.54228 1.34318 -0.673535</i>
                        <i>-0.0495707 0.996695 0.0643597 -0.992375 -0.0418703 -0.115923 -0.112845 -0.0696154 0.991171 -0.542222 1.34848 -0.674686</i>
                        <i>-0.0492834 0.996762 0.0635316 -0.992378 -0.0416749 -0.115971 -0.112947 -0.0687628 0.991219 -0.542209 1.34819 -0.674777</i>
                        <i>-0.0485264 0.996937 0.0613274 -0.992384 -0.0411627 -0.116101 -0.113221 -0.0664943 0.991342 -0.54217 1.34737 -0.675032</i>
                        <i>-0.0474573 0.997178 0.0581668 -0.992391 -0.0404457 -0.116297 -0.113616 -0.0632434 0.99151 -0.542111 1.3461 -0.675426</i>
                        <i>-0.0462325 0.997445 0.05447 -0.992395 -0.0396342 -0.116541 -0.114084 -0.0594437 0.991691 -0.542035 1.34446 -0.675934</i>
                        <i>-0.0450055 0.997701 0.0506602 -0.992394 -0.0388347 -0.116814 -0.114578 -0.0555321 0.991861 -0.541945 1.34253 -0.676528</i>
                        <i>-0.0439267 0.997921 0.0471642 -0.992388 -0.0381489 -0.117096 -0.115053 -0.0519488 0.992 -0.541845 1.34039 -0.677183</i>
                        <i>-0.0431437 0.998081 0.0444141 -0.992374 -0.0376744 -0.117364 -0.115466 -0.049139 0.992095 -0.54174 1.33813 -0.677874</i>
                        <i>-0.0428045 0.998164 0.0428471 -0.992353 -0.0375075 -0.117594 -0.115771 -0.0475531 0.992137 -0.541633 1.33582 -0.678576</i>
                        <i>-0.04309 0.998146 0.0429853 -0.992325 -0.0377676 -0.117753 -0.115911 -0.0477293 0.992112 -0.541528 1.33355 -0.679263</i>
                        <i>-0.0439423 0.998034 0.0446886 -0.99229 -0.0384132 -0.117833 -0.115885 -0.0495219 0.992027 -0.541428 1.3314 -0.679911</i>
                        <i>-0.0451516 0.997855 0.0473962 -0.992254 -0.0393006 -0.117848 -0.115732 -0.0523501 0.9919 -0.541338 1.32946 -0.680495</i>
                        <i>-0.0465006 0.997639 0.0505337 -0.992218 -0.0402802 -0.117814 -0.115501 -0.0556189 0.991749 -0.541262 1.3278 -0.680991</i>
                        <i>-0.047761 0.997424 0.0535137 -0.992188 -0.0411924 -0.117755 -0.115248 -0.0587197 0.9916 -0.541202 1.32651 -0.681375</i>
                        <i>-0.0486948 0.997257 0.0557399 -0.992166 -0.0418677 -0.117698 -0.115042 -0.0610345 0.991484 -0.541164 1.32567 -0.681623</i>
                        <i>-0.0490596 0.99719 0.0566141 -0.992158 -0.0421313 -0.117673 -0.114957 -0.0619431 0.991437 -0.54115 1.32538 -0.681711</i>
                        <i>-0.0637158 0.994831 0.0790655 -0.991874 -0.0543854 -0.115015 -0.110121 -0.0857512 0.990212 -0.548277 1.33333 -0.679687</i>
                        <i>-0.0902588 0.988634 0.12023 -0.990856 -0.0769869 -0.110801 -0.100285 -0.129131 0.986543 -0.561465 1.3491 -0.675552</i>
                        <i>-0.120736 0.978308 0.168336 -0.988831 -0.103599 -0.107143 -0.0873789 -0.179392 0.97989 -0.576855 1.36768 -0.670378</i>
                        <i>-0.147401 0.966177 0.211603 -0.986256 -0.127432 -0.105168 -0.0746464 -0.224197 0.971681 -0.59056 1.38421 -0.66531</i>
                        <i>-0.162997 0.957368 0.23849 -0.984378 -0.141492 -0.104786 -0.0665745 -0.251844 0.965475 -0.59868 1.39402 -0.661578</i>
                        <i>-0.163669 0.956507 0.241468 -0.9843 -0.141939 -0.104918 -0.0660811 -0.254849 0.96472 -0.598757 1.39421 -0.661051</i>
                        <i>-0.165289 0.954325 0.248884 -0.984107 -0.142986 -0.105296 -0.0648999 -0.262332 0.962793 -0.598966 1.39474 -0.659618</i>
                        <i>-0.167262 0.951432 0.25846 -0.983867 -0.144197 -0.105895 -0.0634831 -0.272002 0.9602 -0.599272 1.39548 -0.657496</i>
                        <i>-0.169025 0.948486 0.267964 -0.983642 -0.145155 -0.106667 -0.0622754 -0.28161 0.957506 -0.59964 1.39633 -0.654904</i>
                        <i>-0.170069 0.946212 0.275245 -0.983499 -0.145493 -0.107523 -0.061693 -0.28899 0.955342 -0.600037 1.39721 -0.652064</i>
                        <i>-0.17036 0.944805 0.27986 -0.983446 -0.14523 -0.10836 -0.061735 -0.293687 0.953906 -0.60043 1.39802 -0.649206</i>
                        <i>-0.170308 0.94388 0.282993 -0.983437 -0.144735 -0.109102 -0.0620208 -0.296887 0.952897 -0.600786 1.39872 -0.646564</i>
                        <i>-0.170085 0.943331 0.284952 -0.983453 -0.144185 -0.109688 -0.0623864 -0.298893 0.952245 -0.601077 1.39925 -0.644379</i>
                        <i>-0.169843 0.943065 0.285975 -0.983475 -0.143743 -0.11007 -0.0626957 -0.299944 0.951894 -0.601273 1.3996 -0.642891</i>
                        <i>-0.16973 0.942997 0.286268 -0.983486 -0.143562 -0.110206 -0.0628265 -0.300246 0.951791 -0.601345 1.39972 -0.642341</i>
                        <i>-0.162458 0.946034 0.280405 -0.984977 -0.138623 -0.102977 -0.0585495 -0.292922 0.954342 -0.596765 1.39618 -0.644999</i>
                        <i>-0.152419 0.950711 0.270031 -0.986872 -0.131641 -0.0935658 -0.053407 -0.280747 0.958295 -0.590729 1.38959 -0.650815</i>
                        <i>-0.143004 0.955317 0.258688 -0.988617 -0.12553 -0.0829413 -0.0467622 -0.267604 0.962393 -0.583733 1.38188 -0.657552</i>
                        <i>-0.137527 0.958716 0.248898 -0.989779 -0.123446 -0.0713991 -0.037726 -0.256173 0.965894 -0.576225 1.37533 -0.663057</i>
                        <i>-0.136063 0.960529 0.242634 -0.990346 -0.125323 -0.0592368 -0.0264909 -0.248352 0.968308 -0.568561 1.37258 -0.665285</i>
                        <i>-0.135645 0.960821 0.24171 -0.990647 -0.127897 -0.0475383 -0.0147617 -0.245898 0.969183 -0.560903 1.37479 -0.662974</i>
                        <i>-0.134569 0.960134 0.245017 -0.990898 -0.129522 -0.0366734 -0.0034763 -0.247722 0.968825 -0.553104 1.38017 -0.657516</i>
                        <i>-0.131296 0.959124 0.250684 -0.991317 -0.12887 -0.0261432 0.00723115 -0.25194 0.967716 -0.545062 1.38701 -0.650916</i>
                        <i>-0.124524 0.958735 0.255578 -0.992058 -0.124913 -0.0147763 0.0177584 -0.255388 0.966675 -0.536824 1.39391 -0.645294</i>
                        <i>-0.113218 0.960222 0.255254 -0.993156 -0.116788 -0.00117833 0.0286792 -0.253641 0.966873 -0.528588 1.3998 -0.642856</i>
                        <i>-0.107872 0.961217 0.253821 -0.993648 -0.112473 0.00363982 0.0320466 -0.251816 0.967244 -0.526474 1.40308 -0.643506</i>
                        <i>-0.0927757 0.964021 0.249112 -0.994834 -0.100101 0.0168731 0.0412025 -0.24626 0.968328 -0.520704 1.41073 -0.645238</i>
                        <i>-0.0694027 0.968139 0.240605 -0.996081 -0.0805076 0.0366235 0.0548271 -0.23712 0.969932 -0.51216 1.41944 -0.647694</i>
                        <i>-0.0393242 0.972925 0.22775 -0.996652 -0.0545404 0.0609051 0.0716777 -0.224593 0.971813 -0.501722 1.4259 -0.650508</i>
                        <i>-0.00424771 0.97773 0.209824 -0.995881 -0.0231402 0.087667 0.0905701 -0.208588 0.973801 -0.490241 1.42684 -0.653341</i>
                        <i>0.0332203 0.981909 0.186418 -0.993313 0.0118026 0.114845 0.110567 -0.188987 0.975735 -0.478513 1.41978 -0.655913</i>
                        <i>0.0694851 0.98461 0.160357 -0.988963 0.0469031 0.140542 0.130857 -0.168353 0.977002 -0.467283 1.40706 -0.658021</i>
                        <i>0.101645 0.985555 0.135462 -0.98343 0.0789989 0.163171 0.150113 -0.149803 0.977254 -0.457248 1.39259 -0.659546</i>
                        <i>0.127373 0.985116 0.115422 -0.977769 0.105169 0.181402 0.166563 -0.135962 0.976612 -0.449078 1.38027 -0.660439</i>
                        <i>0.144776 0.984 0.103844 -0.973288 0.122723 0.194037 0.178189 -0.129162 0.975482 -0.443436 1.37396 -0.660699</i>
                        <i>0.144863 0.98389 0.104759 -0.973238 0.1226 0.194365 0.178391 -0.130112 0.975319 -0.443378 1.37464 -0.660402</i>
                        <i>0.145099 0.983588 0.107247 -0.973102 0.122263 0.195252 0.178936 -0.132693 0.974872 -0.443221 1.37647 -0.659595</i>
                        <i>0.145447 0.983129 0.110919 -0.972904 0.121759 0.196552 0.17973 -0.136502 0.974199 -0.442988 1.37917 -0.658402</i>
                        <i>0.14587 0.982551 0.115389 -0.972664 0.121136 0.198117 0.180683 -0.141134 0.973363 -0.442703 1.38243 -0.656949</i>
                        <i>0.14633 0.981898 0.120266 -0.972405 0.120442 0.199805 0.181703 -0.146185 0.972427 -0.442391 1.38596 -0.65536</i>
                        <i>0.146789 0.981218 0.125158 -0.972148 0.119734 0.201476 0.182706 -0.151246 0.971464 -0.442078 1.38947 -0.653766</i>
                        <i>0.147212 0.980569 0.129664 -0.971913 0.11907 0.202997 0.183613 -0.155906 0.970556 -0.441788 1.39268 -0.652295</i>
                        <i>0.14756 0.980018 0.133385 -0.971721 0.118513 0.204239 0.18435 -0.15975 0.969791 -0.441549 1.39531 -0.65108</i>
                        <i>0.147797 0.979634 0.135914 -0.971591 0.118131 0.205077 0.184844 -0.162362 0.969263 -0.441386 1.39708 -0.650253</i>
                        <i>0.147884 0.979491 0.136846 -0.971543 0.117989 0.205384 0.185025 -0.163325 0.969067 -0.441326 1.39774 -0.649949</i>
                        <i>0.165965 0.976962 0.134166 -0.970904 0.138066 0.195659 0.172628 -0.162735 0.971451 -0.43609 1.40642 -0.65137</i>
                        <i>0.196928 0.972053 0.127801 -0.968808 0.172935 0.177493 0.150432 -0.158768 0.975788 -0.427261 1.41956 -0.654602</i>
                        <i>0.233 0.964982 0.1205 -0.964514 0.213487 0.15536 0.124195 -0.152423 0.980481 -0.417161 1.43388 -0.658447</i>
                        <i>0.265756 0.957232 0.11437 -0.958778 0.25006 0.134963 0.100591 -0.145523 0.984228 -0.408195 1.44625 -0.661677</i>
                        <i>0.286271 0.951717 0.110833 -0.954173 0.272643 0.123366 0.0871917 -0.14107 0.986153 -0.402834 1.45369 -0.663047</i>
                        <i>0.287079 0.951497 0.110632 -0.953883 0.273385 0.123969 0.0877105 -0.141119 0.9861 -0.402778 1.45384 -0.662682</i>
                        <i>0.289279 0.950891 0.110107 -0.953086 0.2754 0.125623 0.0891303 -0.141282 0.985949 -0.402627 1.45423 -0.661691</i>
                        <i>0.292542 0.949976 0.109384 -0.951889 0.278379 0.128113 0.0912536 -0.1416 0.985709 -0.402405 1.45479 -0.660224</i>
                        <i>0.296538 0.948828 0.108586 -0.950395 0.282011 0.131219 0.0938819 -0.142111 0.985389 -0.402134 1.45545 -0.658436</i>
                        <i>0.300928 0.947533 0.107814 -0.948721 0.285978 0.134705 0.096805 -0.142822 0.985003 -0.401839 1.45613 -0.656479</i>
                        <i>0.30536 0.94619 0.107141 -0.946993 0.289959 0.138303 0.0997945 -0.143694 0.984578 -0.401544 1.45679 -0.654513</i>
                        <i>0.309471 0.944914 0.106608 -0.945358 0.293628 0.14171 0.102601 -0.144637 0.984151 -0.401273 1.45737 -0.652698</i>
                        <i>0.312882 0.943833 0.106227 -0.943975 0.296656 0.144589 0.104955 -0.145515 0.983773 -0.401049 1.45783 -0.651197</i>
                        <i>0.315211 0.943083 0.105999 -0.943018 0.298714 0.146581 0.106575 -0.146163 0.983503 -0.400897 1.45813 -0.650176</i>
                        <i>0.316072 0.942804 0.105921 -0.942662 0.299473 0.147323 0.107176 -0.146412 0.983401 -0.400841 1.45824 -0.649799</i>
                        <i>0.28606 0.953168 0.0981846 -0.953264 0.272686 0.13012 0.0972525 -0.130818 0.986625 -0.415753 1.44044 -0.650849</i>
                        <i>0.220426 0.971856 0.083112 -0.972176 0.211972 0.0997062 0.0792827 -0.102777 0.99154 -0.440013 1.40946 -0.653211</i>
                        <i>0.141818 0.987562 0.0678823 -0.988436 0.137557 0.0638177 0.0536863 -0.0761478 0.99565 -0.470669 1.37521 -0.655655</i>
                        <i>0.0626298 0.996403 0.0570781 -0.997715 0.0610553 0.0289252 0.0253362 -0.0587592 0.997951 -0.504896 1.34759 -0.657336</i>
                        <i>-0.00551075 0.998516 0.0541832 -0.999985 -0.00551885 -1.15616e-012 0.000299029 -0.0541824 0.998531 -0.54 1.33632 -0.657898</i>
                    </KeyFrames>
                </p>
            </i>
            <i>
                <p>
                    <Name><![CDATA[spine1]]></Name>
                    <Exclude>0</Exclude>
                    <Additive>0</Additive>
                    <IKPriority>0</IKPriority>
                    <IKRotLimits>-1e+010 -1e+010 -1e+010 1e+010 1e+010 1e+010</IKRotLimits>
                    <IKRotLimitOrder>0</IKRotLimitOrder>
                    <KeyFrames count="91">
                        <i>0.0873144 0.935538 0.342264 -0.99439 0.0612618 0.0862255 0.0596995 -0.347873 0.935639 -0.540966 1.51129 -0.648426</i>
                        <i>0.0625217 0.933993 0.351778 -0.997756 0.0500376 0.0444789 0.0239409 -0.353769 0.935026 -0.542136 1.50773 -0.649553</i>
                        <i>0.0349073 0.931212 0.362802 -0.999286 0.0377855 -0.000837967 -0.014489 -0.362514 0.931866 -0.543305 1.4996 -0.651632</i>
                        <i>0.00549992 0.927033 0.374939 -0.998547 0.0251932 -0.0476424 -0.053612 -0.374132 0.925824 -0.544374 1.49025 -0.654182</i>
                        <i>-0.0247771 0.921381 0.387871 -0.995469 0.012888 -0.0942055 -0.091798 -0.388448 0.916887 -0.545335 1.48298 -0.656753</i>
                        <i>-0.0551199 0.914263 0.401355 -0.990255 0.00143149 -0.139257 -0.127892 -0.405119 0.905274 -0.546256 1.48111 -0.65895</i>
                        <i>-0.084765 0.905874 0.414979 -0.983272 -0.00866215 -0.181937 -0.161218 -0.42346 0.891454 -0.547251 1.48718 -0.660498</i>
                        <i>-0.112649 0.89697 0.427498 -0.975064 -0.0169987 -0.221271 -0.191207 -0.441764 0.876518 -0.548351 1.49897 -0.661479</i>
                        <i>-0.137444 0.888548 0.437712 -0.966413 -0.0234172 -0.255924 -0.21715 -0.458186 0.861923 -0.54949 1.51259 -0.662089</i>
                        <i>-0.157718 0.881654 0.44476 -0.958329 -0.0280204 -0.28429 -0.238183 -0.471064 0.849334 -0.550521 1.52416 -0.662538</i>
                        <i>-0.172041 0.87732 0.448008 -0.951968 -0.0311273 -0.304612 -0.253297 -0.478895 0.840536 -0.551235 1.52984 -0.663039</i>
                        <i>-0.171245 0.878278 0.446434 -0.952012 -0.0308408 -0.304503 -0.25367 -0.477155 0.841412 -0.55117 1.52957 -0.663279</i>
                        <i>-0.169157 0.88075 0.44234 -0.952127 -0.0300767 -0.304221 -0.254639 -0.472625 0.843673 -0.550996 1.52882 -0.663933</i>
                        <i>-0.166227 0.884132 0.436668 -0.952285 -0.0289812 -0.30383 -0.255971 -0.466337 0.846764 -0.550745 1.52767 -0.664899</i>
                        <i>-0.162903 0.887835 0.430362 -0.952462 -0.0276962 -0.303395 -0.257445 -0.459328 0.850141 -0.55045 1.52618 -0.666075</i>
                        <i>-0.159628 0.891304 0.424378 -0.952632 -0.0263532 -0.302981 -0.258864 -0.452641 0.853291 -0.550142 1.52443 -0.667357</i>
                        <i>-0.156836 0.894021 0.419677 -0.952772 -0.0250708 -0.30265 -0.260054 -0.447323 0.85573 -0.549854 1.5225 -0.668643</i>
                        <i>-0.154951 0.895497 0.417222 -0.95286 -0.0239563 -0.302462 -0.260859 -0.444422 0.856996 -0.549615 1.52048 -0.669828</i>
                        <i>-0.15439 0.895247 0.417968 -0.952878 -0.0231113 -0.302473 -0.261128 -0.444971 0.856629 -0.549457 1.51847 -0.670805</i>
                        <i>-0.155649 0.892637 0.423052 -0.952802 -0.0226592 -0.302745 -0.260655 -0.450207 0.854033 -0.549419 1.51655 -0.671454</i>
                        <i>-0.158509 0.887914 0.431836 -0.952648 -0.0225882 -0.303234 -0.259491 -0.459454 0.849451 -0.549494 1.51479 -0.671774</i>
                        <i>-0.16231 0.881899 0.442618 -0.952452 -0.0228024 -0.303835 -0.257859 -0.470887 0.843667 -0.549645 1.51323 -0.671843</i>
                        <i>-0.166397 0.875463 0.453737 -0.952245 -0.0231987 -0.304452 -0.25601 -0.482728 0.837515 -0.549834 1.51192 -0.671743</i>
                        <i>-0.17012 0.869564 0.463591 -0.95206 -0.0236573 -0.304994 -0.254245 -0.493252 0.831902 -0.550023 1.51092 -0.671562</i>
                        <i>-0.172829 0.865239 0.470629 -0.951927 -0.0240408 -0.305379 -0.252911 -0.500783 0.8278 -0.550168 1.51028 -0.671388</i>
                        <i>-0.173877 0.863561 0.473317 -0.951876 -0.0242012 -0.305525 -0.252385 -0.503663 0.826211 -0.550225 1.51005 -0.67131</i>
                        <i>-0.195658 0.846431 0.495251 -0.951298 -0.0411398 -0.305516 -0.238223 -0.530908 0.813257 -0.560085 1.51785 -0.665106</i>
                        <i>-0.233757 0.813643 0.532299 -0.949197 -0.0723458 -0.306253 -0.210671 -0.576846 0.789219 -0.578226 1.53279 -0.653301</i>
                        <i>-0.276202 0.771547 0.573087 -0.944848 -0.108788 -0.308913 -0.175996 -0.626802 0.759042 -0.599302 1.54965 -0.639156</i>
                        <i>-0.312398 0.730308 0.607501 -0.939144 -0.141244 -0.313144 -0.142885 -0.668356 0.729989 -0.617964 1.5639 -0.626045</i>
                        <i>-0.333548 0.703808 0.627217 -0.934782 -0.160686 -0.316801 -0.122182 -0.691979 0.711503 -0.628937 1.57179 -0.617381</i>
                        <i>-0.334811 0.699641 0.631193 -0.934608 -0.161237 -0.317033 -0.120037 -0.696064 0.707874 -0.629123 1.57173 -0.616325</i>
                        <i>-0.33794 0.689535 0.640576 -0.934131 -0.162665 -0.317709 -0.114872 -0.705749 0.699088 -0.629579 1.57154 -0.613594</i>
                        <i>-0.341972 0.677145 0.65156 -0.933411 -0.164622 -0.318815 -0.108623 -0.717199 0.688351 -0.630154 1.5712 -0.609844</i>
                        <i>-0.346027 0.666424 0.660412 -0.932519 -0.166782 -0.320299 -0.103311 -0.726679 0.679164 -0.630706 1.57071 -0.605717</i>
                        <i>-0.349306 0.661689 0.66344 -0.931544 -0.168874 -0.322036 -0.10105 -0.730513 0.675381 -0.631114 1.57016 -0.601826</i>
                        <i>-0.351589 0.663538 0.660381 -0.930568 -0.170766 -0.323855 -0.102119 -0.728393 0.677507 -0.631362 1.56961 -0.598444</i>
                        <i>-0.35322 0.66836 0.654623 -0.929658 -0.172413 -0.325591 -0.104746 -0.723581 0.682246 -0.631522 1.5691 -0.595538</i>
                        <i>-0.354257 0.674232 0.648007 -0.928898 -0.173724 -0.327062 -0.107941 -0.717796 0.687836 -0.631617 1.56867 -0.593255</i>
                        <i>-0.35479 0.679185 0.64252 -0.928376 -0.174596 -0.328077 -0.110644 -0.712898 0.692484 -0.631664 1.56837 -0.591759</i>
                        <i>-0.35494 0.681263 0.640233 -0.928183 -0.174914 -0.328454 -0.111778 -0.710835 0.694421 -0.631676 1.56826 -0.591222</i>
                        <i>-0.334647 0.678166 0.654296 -0.93664 -0.163098 -0.310007 -0.103522 -0.716582 0.689777 -0.626009 1.56651 -0.594568</i>
                        <i>-0.304039 0.66799 0.679228 -0.948111 -0.142583 -0.284175 -0.0929795 -0.730383 0.676679 -0.618616 1.56358 -0.601469</i>
                        <i>-0.273241 0.655776 0.703773 -0.958465 -0.123419 -0.257124 -0.081757 -0.744799 0.662262 -0.610419 1.5602 -0.60936</i>
                        <i>-0.251938 0.646646 0.719984 -0.965426 -0.116486 -0.233203 -0.0669323 -0.753844 0.653636 -0.602326 1.55735 -0.615918</i>
                        <i>-0.240912 0.64589 0.724422 -0.969342 -0.122939 -0.212751 -0.0483543 -0.753467 0.655705 -0.594577 1.55628 -0.619004</i>
                        <i>-0.233987 0.656378 0.717229 -0.971747 -0.134408 -0.194016 -0.0309462 -0.742362 0.669283 -0.586669 1.55734 -0.617166</i>
                        <i>-0.228641 0.675479 0.701036 -0.973379 -0.146759 -0.176057 -0.0160389 -0.722627 0.691052 -0.578258 1.55967 -0.611807</i>
                        <i>-0.221499 0.699312 0.679633 -0.975152 -0.15588 -0.157418 -0.00414278 -0.697613 0.716463 -0.569131 1.56285 -0.605031</i>
                        <i>-0.208507 0.722905 0.658736 -0.978004 -0.158083 -0.136081 0.00576167 -0.67262 0.739965 -0.559267 1.56672 -0.599283</i>
                        <i>-0.185271 0.740328 0.646212 -0.982563 -0.15001 -0.109846 0.0156162 -0.655295 0.755211 -0.548812 1.57132 -0.597306</i>
                        <i>-0.174552 0.739563 0.65006 -0.984469 -0.143661 -0.100907 0.0187611 -0.657577 0.753154 -0.545757 1.5749 -0.59818</i>
                        <i>-0.143729 0.739055 0.658133 -0.989268 -0.124962 -0.0757184 0.0262818 -0.661953 0.749084 -0.537318 1.58336 -0.600676</i>
                        <i>-0.0947535 0.740857 0.664946 -0.994874 -0.0941712 -0.0368458 0.0353213 -0.665029 0.745982 -0.524619 1.59322 -0.604555</i>
                        <i>-0.0297349 0.746558 0.664655 -0.998617 -0.0510347 0.0126482 0.0433631 -0.66336 0.747043 -0.508804 1.60104 -0.609564</i>
                        <i>0.0488066 0.757473 0.65104 -0.99761 0.00505597 0.0689054 0.0489023 -0.652847 0.755909 -0.491013 1.60342 -0.615503</i>
                        <i>0.135483 0.77348 0.619172 -0.989334 0.0718689 0.126699 0.0535 -0.629733 0.774967 -0.472498 1.59779 -0.622179</i>
                        <i>0.221157 0.788765 0.573533 -0.973331 0.141762 0.18036 0.0609567 -0.598125 0.799081 -0.454643 1.5863 -0.628895</i>
                        <i>0.29779 0.798562 0.523087 -0.951901 0.206978 0.225931 0.0721528 -0.565207 0.821788 -0.43868 1.57275 -0.634853</i>
                        <i>0.358707 0.801648 0.478215 -0.929583 0.260198 0.261099 0.0848788 -0.538198 0.838533 -0.425725 1.56099 -0.639337</i>
                        <i>0.39882 0.799085 0.449895 -0.912116 0.294946 0.284695 0.0948011 -0.523898 0.846489 -0.416825 1.55493 -0.641675</i>
                        <i>0.398894 0.798816 0.450307 -0.912049 0.294665 0.2852 0.0951333 -0.524466 0.8461 -0.416765 1.55549 -0.64122</i>
                        <i>0.399093 0.79809 0.451418 -0.911867 0.293897 0.28657 0.0960384 -0.526001 0.845044 -0.416605 1.55699 -0.639984</i>
                        <i>0.399378 0.797027 0.45304 -0.9116 0.292753 0.288585 0.0973815 -0.528246 0.843489 -0.416368 1.5592 -0.638161</i>
                        <i>0.399711 0.795751 0.454984 -0.911276 0.291342 0.291025 0.0990274 -0.530942 0.841602 -0.41608 1.56185 -0.635945</i>
                        <i>0.400059 0.794381 0.457069 -0.910925 0.28978 0.293671 0.100837 -0.533841 0.839551 -0.415766 1.56471 -0.63353</i>
                        <i>0.400391 0.79303 0.45912 -0.910575 0.288191 0.296309 0.102668 -0.536702 0.837502 -0.415452 1.56754 -0.631113</i>
                        <i>0.400681 0.791807 0.460974 -0.910254 0.286707 0.298725 0.104367 -0.539297 0.835623 -0.415163 1.57011 -0.62889</i>
                        <i>0.400909 0.790812 0.462481 -0.90999 0.285468 0.300708 0.10578 -0.541409 0.834078 -0.414924 1.57221 -0.627057</i>
                        <i>0.401059 0.790144 0.463491 -0.909812 0.284619 0.302051 0.106746 -0.54283 0.833031 -0.414762 1.57363 -0.625813</i>
                        <i>0.401113 0.7899 0.463861 -0.909746 0.284304 0.302545 0.107103 -0.543351 0.832646 -0.414703 1.57415 -0.625354</i>
                        <i>0.428469 0.774735 0.464974 -0.899899 0.319639 0.296668 0.081215 -0.545543 0.834139 -0.406064 1.58324 -0.627145</i>
                        <i>0.472979 0.747235 0.466831 -0.880369 0.37963 0.284308 0.0352215 -0.545455 0.837399 -0.391263 1.59731 -0.631301</i>
                        <i>0.520509 0.713647 0.468805 -0.85367 0.446389 0.268297 -0.0177999 -0.539856 0.841569 -0.374041 1.61252 -0.636222</i>
                        <i>0.559799 0.682702 0.469619 -0.826185 0.503341 0.253111 -0.0635792 -0.529684 0.845809 -0.35849 1.62533 -0.640375</i>
                        <i>0.582624 0.664937 0.467341 -0.807984 0.536006 0.244661 -0.0878133 -0.520149 0.849549 -0.349027 1.63262 -0.642311</i>
                        <i>0.583365 0.665847 0.465116 -0.807638 0.536224 0.245324 -0.0860581 -0.518759 0.850578 -0.348869 1.63256 -0.642002</i>
                        <i>0.585365 0.668315 0.459024 -0.806688 0.536826 0.247129 -0.0812561 -0.51495 0.853361 -0.348441 1.63239 -0.641158</i>
                        <i>0.588287 0.671941 0.449904 -0.805252 0.537743 0.249804 -0.074079 -0.509243 0.857429 -0.347806 1.63213 -0.639898</i>
                        <i>0.591789 0.676322 0.438604 -0.803451 0.538904 0.253079 -0.0652022 -0.502166 0.86231 -0.34703 1.6318 -0.638341</i>
                        <i>0.595535 0.681056 0.426029 -0.801421 0.540224 0.256676 -0.0553401 -0.494288 0.867535 -0.346178 1.63143 -0.636616</i>
                        <i>0.599205 0.685744 0.413168 -0.799315 0.541604 0.26031 -0.0452672 -0.48623 0.872657 -0.345318 1.63105 -0.634858</i>
                        <i>0.602503 0.690005 0.401103 -0.797312 0.542923 0.263682 -0.0358257 -0.478673 0.877262 -0.344521 1.63069 -0.633217</i>
                        <i>0.60516 0.693474 0.390993 -0.795614 0.544044 0.266484 -0.0279178 -0.472345 0.880971 -0.343859 1.63038 -0.631846</i>
                        <i>0.606931 0.695805 0.384045 -0.794437 0.544824 0.268398 -0.0224838 -0.467998 0.883443 -0.343407 1.63017 -0.630906</i>
                        <i>0.607576 0.696659 0.381467 -0.793998 0.545114 0.269106 -0.0204681 -0.466387 0.884344 -0.34324 1.63009 -0.630558</i>
                        <i>0.582947 0.724006 0.368765 -0.812317 0.509427 0.283945 0.0177185 -0.465079 0.885092 -0.363827 1.61349 -0.633084</i>
                        <i>0.474098 0.802485 0.362282 -0.879578 0.413127 0.235943 0.0396727 -0.430515 0.901711 -0.400567 1.5834 -0.638382</i>
                        <i>0.329844 0.875868 0.352219 -0.942407 0.28359 0.177331 0.0554326 -0.390425 0.918964 -0.445602 1.54978 -0.643687</i>
                        <i>0.185861 0.921077 0.342159 -0.980664 0.152176 0.123048 0.0612682 -0.358412 0.931551 -0.493902 1.52252 -0.64734</i>
                        <i>0.0873144 0.935538 0.342264 -0.99439 0.0612618 0.0862255 0.0596995 -0.347873 0.935639 -0.540966 1.51129 -0.648426</i>
                    </KeyFrames>
                </p>
            </i>
            <i>
                <p>
                    <Name><![CDATA[spine2]]></Name>
                    <Exclude>0</Exclude>
                    <Additive>0</Additive>
                    <IKPriority>0</IKPriority>
                    <IKRotLimits>-1e+010 -1e+010 -1e+010 1e+010 1e+010 1e+010</IKRotLimits>
                    <IKRotLimitOrder>0</IKRotLimitOrder>
                    <KeyFrames count="91">
                        <i>0.203086 0.783298 0.587538 -0.974217 0.101417 0.201535 0.0982751 -0.613318 0.783698 -0.526801 1.66203 -0.593178</i>
                        <i>0.145972 0.77996 0.608568 -0.98822 0.0863702 0.126341 0.0459784 -0.619841 0.783379 -0.531996 1.6583 -0.592733</i>
                        <i>0.0823599 0.771954 0.63032 -0.996552 0.070197 0.0442425 -0.0100934 -0.63179 0.775074 -0.537639 1.65014 -0.592859</i>
