<?xml version="1.0" encoding="ISO-8859-1" ?>
<Animl Version="1">
    <ModellingPackage><![CDATA[Maya.2010]]></ModellingPackage>
    <SrcFile><![CDATA[anims\vehicles\red\~src\land\tank_t55\tank_t55_fire_crewman_a.mb]]></SrcFile>
    <FramesPerSecond>30</FramesPerSecond>
    <TotalFrames>61</TotalFrames>
    <Skeleton>
        <RefFrame>
            <Name><![CDATA[soldier_ref_frame]]></Name>
            <Exclude>0</Exclude>
            <Additive>0</Additive>
            <IKPriority>0</IKPriority>
            <IKRotLimits>-1e+010 -1e+010 -1e+010 1e+010 1e+010 1e+010</IKRotLimits>
            <IKRotLimitOrder>0</IKRotLimitOrder>
            <KeyFrames count="61">
                <i>1 0 0 0 1 0 0 0 1 0 0 0</i>
                <i>1 0 0 0 1 0 0 0 1 0 0 0</i>
                <i>1 0 0 0 1 0 0 0 1 0 0 0</i>
                <i>1 0 0 0 1 0 0 0 1 0 0 0</i>
                <i>1 0 0 0 1 0 0 0 1 0 0 0</i>
                <i>1 0 0 0 1 0 0 0 1 0 0 0</i>
                <i>1 0 0 0 1 0 0 0 1 0 0 0</i>
                <i>1 0 0 0 1 0 0 0 1 0 0 0</i>
                <i>1 0 0 0 1 0 0 0 1 0 0 0</i>
                <i>1 0 0 0 1 0 0 0 1 0 0 0</i>
                <i>1 0 0 0 1 0 0 0 1 0 0 0</i>
                <i>1 0 0 0 1 0 0 0 1 0 0 0</i>
                <i>1 0 0 0 1 0 0 0 1 0 0 0</i>
                <i>1 0 0 0 1 0 0 0 1 0 0 0</i>
                <i>1 0 0 0 1 0 0 0 1 0 0 0</i>
                <i>1 0 0 0 1 0 0 0 1 0 0 0</i>
                <i>1 0 0 0 1 0 0 0 1 0 0 0</i>
                <i>1 0 0 0 1 0 0 0 1 0 0 0</i>
                <i>1 0 0 0 1 0 0 0 1 0 0 0</i>
                <i>1 0 0 0 1 0 0 0 1 0 0 0</i>
                <i>1 0 0 0 1 0 0 0 1 0 0 0</i>
                <i>1 0 0 0 1 0 0 0 1 0 0 0</i>
                <i>1 0 0 0 1 0 0 0 1 0 0 0</i>
                <i>1 0 0 0 1 0 0 0 1 0 0 0</i>
                <i>1 0 0 0 1 0 0 0 1 0 0 0</i>
                <i>1 0 0 0 1 0 0 0 1 0 0 0</i>
                <i>1 0 0 0 1 0 0 0 1 0 0 0</i>
                <i>1 0 0 0 1 0 0 0 1 0 0 0</i>
                <i>1 0 0 0 1 0 0 0 1 0 0 0</i>
                <i>1 0 0 0 1 0 0 0 1 0 0 0</i>
                <i>1 0 0 0 1 0 0 0 1 0 0 0</i>
                <i>1 0 0 0 1 0 0 0 1 0 0 0</i>
                <i>1 0 0 0 1 0 0 0 1 0 0 0</i>
                <i>1 0 0 0 1 0 0 0 1 0 0 0</i>
                <i>1 0 0 0 1 0 0 0 1 0 0 0</i>
                <i>1 0 0 0 1 0 0 0 1 0 0 0</i>
                <i>1 0 0 0 1 0 0 0 1 0 0 0</i>
                <i>1 0 0 0 1 0 0 0 1 0 0 0</i>
                <i>1 0 0 0 1 0 0 0 1 0 0 0</i>
                <i>1 0 0 0 1 0 0 0 1 0 0 0</i>
                <i>1 0 0 0 1 0 0 0 1 0 0 0</i>
                <i>1 0 0 0 1 0 0 0 1 0 0 0</i>
                <i>1 0 0 0 1 0 0 0 1 0 0 0</i>
                <i>1 0 0 0 1 0 0 0 1 0 0 0</i>
                <i>1 0 0 0 1 0 0 0 1 0 0 0</i>
                <i>1 0 0 0 1 0 0 0 1 0 0 0</i>
                <i>1 0 0 0 1 0 0 0 1 0 0 0</i>
                <i>1 0 0 0 1 0 0 0 1 0 0 0</i>
                <i>1 0 0 0 1 0 0 0 1 0 0 0</i>
                <i>1 0 0 0 1 0 0 0 1 0 0 0</i>
                <i>1 0 0 0 1 0 0 0 1 0 0 0</i>
                <i>1 0 0 0 1 0 0 0 1 0 0 0</i>
                <i>1 0 0 0 1 0 0 0 1 0 0 0</i>
                <i>1 0 0 0 1 0 0 0 1 0 0 0</i>
                <i>1 0 0 0 1 0 0 0 1 0 0 0</i>
                <i>1 0 0 0 1 0 0 0 1 0 0 0</i>
                <i>1 0 0 0 1 0 0 0 1 0 0 0</i>
                <i>1 0 0 0 1 0 0 0 1 0 0 0</i>
                <i>1 0 0 0 1 0 0 0 1 0 0 0</i>
                <i>1 0 0 0 1 0 0 0 1 0 0 0</i>
                <i>1 0 0 0 1 0 0 0 1 0 0 0</i>
            </KeyFrames>
        </RefFrame>
        <Bones count="23">
            <i>
                <p>
                    <Name><![CDATA[pelvis]]></Name>
                    <Exclude>0</Exclude>
                    <Additive>0</Additive>
                    <IKPriority>0</IKPriority>
                    <IKRotLimits>-1e+010 -1e+010 -1e+010 1e+010 1e+010 1e+010</IKRotLimits>
                    <IKRotLimitOrder>2</IKRotLimitOrder>
                    <KeyFrames count="61">
                        <i>1 0 0 0 1 0 0 0 1 -0.54 1.20067 -0.61</i>
                        <i>1 0 0 0 1 0 0 0 1 -0.54 1.2207 -0.61</i>
                        <i>1 0 0 0 1 0 0 0 1 -0.54 1.26875 -0.61</i>
                        <i>1 0 0 0 1 0 0 0 1 -0.54 1.32671 -0.61</i>
                        <i>1 0 0 0 1 0 0 0 1 -0.54 1.37649 -0.61</i>
                        <i>1 0 0 0 1 0 0 0 1 -0.54 1.4 -0.61</i>
                        <i>1 0 0 0 1 0 0 0 1 -0.54 1.39317 -0.61</i>
                        <i>1 0 0 0 1 0 0 0 1 -0.54 1.36311 -0.61</i>
                        <i>1 0 0 0 1 0 0 0 1 -0.54 1.30846 -0.61</i>
                        <i>1 0 0 0 1 0 0 0 1 -0.54 1.22787 -0.61</i>
                        <i>1 0 0 0 1 0 0 0 1 -0.54 1.12 -0.61</i>
                        <i>1 0 0 0 1 0 0 0 1 -0.54 1.15579 -0.61</i>
                        <i>1 0 0 0 1 0 0 0 1 -0.54 1.18589 -0.61</i>
                        <i>1 0 0 0 1 0 0 0 1 -0.54 1.21036 -0.61</i>
                        <i>1 0 0 0 1 0 0 0 1 -0.54 1.22924 -0.61</i>
                        <i>1 0 0 0 1 0 0 0 1 -0.54 1.2426 -0.61</i>
                        <i>1 0 0 0 1 0 0 0 1 -0.54 1.25048 -0.61</i>
                        <i>1 0 0 0 1 0 0 0 1 -0.54 1.25293 -0.61</i>
                        <i>1 0 0 0 1 0 0 0 1 -0.54 1.25 -0.61</i>
                        <i>1 0 0 0 1 0 0 0 1 -0.54 1.24444 -0.61</i>
                        <i>1 0 0 0 1 0 0 0 1 -0.54 1.239 -0.61</i>
                        <i>1 0 0 0 1 0 0 0 1 -0.54 1.23371 -0.61</i>
                        <i>1 0 0 0 1 0 0 0 1 -0.54 1.22863 -0.61</i>
                        <i>1 0 0 0 1 0 0 0 1 -0.54 1.22379 -0.61</i>
                        <i>1 0 0 0 1 0 0 0 1 -0.54 1.21925 -0.61</i>
                        <i>1 0 0 0 1 0 0 0 1 -0.54 1.21504 -0.61</i>
                        <i>1 0 0 0 1 0 0 0 1 -0.54 1.21122 -0.61</i>
                        <i>1 0 0 0 1 0 0 0 1 -0.54 1.20783 -0.61</i>
                        <i>1 0 0 0 1 0 0 0 1 -0.54 1.20491 -0.61</i>
                        <i>1 0 0 0 1 0 0 0 1 -0.54 1.20251 -0.61</i>
                        <i>1 0 0 0 1 0 0 0 1 -0.54 1.20067 -0.61</i>
                        <i>1 0 0 0 1 0 0 0 1 -0.54 1.19928 -0.61</i>
                        <i>1 0 0 0 1 0 0 0 1 -0.54 1.19817 -0.61</i>
                        <i>1 0 0 0 1 0 0 0 1 -0.54 1.19733 -0.61</i>
                        <i>1 0 0 0 1 0 0 0 1 -0.54 1.19672 -0.61</i>
                        <i>1 0 0 0 1 0 0 0 1 -0.54 1.19633 -0.61</i>
                        <i>1 0 0 0 1 0 0 0 1 -0.54 1.19614 -0.61</i>
                        <i>1 0 0 0 1 0 0 0 1 -0.54 1.19611 -0.61</i>
                        <i>1 0 0 0 1 0 0 0 1 -0.54 1.19623 -0.61</i>
                        <i>1 0 0 0 1 0 0 0 1 -0.54 1.19647 -0.61</i>
                        <i>1 0 0 0 1 0 0 0 1 -0.54 1.19681 -0.61</i>
                        <i>1 0 0 0 1 0 0 0 1 -0.54 1.19723 -0.61</i>
                        <i>1 0 0 0 1 0 0 0 1 -0.54 1.19771 -0.61</i>
                        <i>1 0 0 0 1 0 0 0 1 -0.54 1.19821 -0.61</i>
                        <i>1 0 0 0 1 0 0 0 1 -0.54 1.19873 -0.61</i>
                        <i>1 0 0 0 1 0 0 0 1 -0.54 1.19922 -0.61</i>
                        <i>1 0 0 0 1 0 0 0 1 -0.54 1.19968 -0.61</i>
                        <i>1 0 0 0 1 0 0 0 1 -0.54 1.20008 -0.61</i>
                        <i>1 0 0 0 1 0 0 0 1 -0.54 1.20039 -0.61</i>
                        <i>1 0 0 0 1 0 0 0 1 -0.54 1.20059 -0.61</i>
                        <i>1 0 0 0 1 0 0 0 1 -0.54 1.20067 -0.61</i>
                        <i>1 0 0 0 1 0 0 0 1 -0.54 1.20067 -0.61</i>
                        <i>1 0 0 0 1 0 0 0 1 -0.54 1.20067 -0.61</i>
                        <i>1 0 0 0 1 0 0 0 1 -0.54 1.20067 -0.61</i>
                        <i>1 0 0 0 1 0 0 0 1 -0.54 1.20067 -0.61</i>
                        <i>1 0 0 0 1 0 0 0 1 -0.54 1.20067 -0.61</i>
                        <i>1 0 0 0 1 0 0 0 1 -0.54 1.20067 -0.61</i>
                        <i>1 0 0 0 1 0 0 0 1 -0.54 1.20067 -0.61</i>
                        <i>1 0 0 0 1 0 0 0 1 -0.54 1.20067 -0.61</i>
                        <i>1 0 0 0 1 0 0 0 1 -0.54 1.20067 -0.61</i>
                        <i>1 0 0 0 1 0 0 0 1 -0.54 1.20067 -0.61</i>
                    </KeyFrames>
                </p>
            </i>
            <i>
                <p>
                    <Name><![CDATA[spine0]]></Name>
                    <Exclude>0</Exclude>
                    <Additive>0</Additive>
                    <IKPriority>0</IKPriority>
                    <IKRotLimits>-1e+010 -1e+010 -1e+010 1e+010 1e+010 1e+010</IKRotLimits>
                    <IKRotLimitOrder>0</IKRotLimitOrder>
                    <KeyFrames count="61">
                        <i>-0.00551075 0.998516 0.0541832 -0.999985 -0.00551885 -1.15616e-012 0.000299029 -0.0541824 0.998531 -0.54 1.33632 -0.657898</i>
                        <i>-0.00678935 0.997147 0.0751832 -0.999977 -0.00680436 -5.64086e-005 0.000455326 -0.0751819 0.99717 -0.54 1.35675 -0.656772</i>
                        <i>-0.00993703 0.991958 0.126174 -0.99995 -0.00998066 -0.000286456 0.000975149 -0.126171 0.992008 -0.54 1.40572 -0.653986</i>
                        <i>-0.0136028 0.982033 0.188218 -0.999906 -0.013707 -0.000747916 0.00184542 -0.188211 0.982127 -0.54 1.46477 -0.650436</i>
                        <i>-0.0159882 0.97055 0.240368 -0.999869 -0.0161543 -0.00127954 0.00264111 -0.240357 0.970681 -0.54 1.5155 -0.647037</i>
                        <i>-0.0154126 0.965191 0.26109 -0.999878 -0.0155629 -0.0014922 0.00262305 -0.261081 0.965313 -0.54 1.53961 -0.644732</i>
                        <i>-0.0105979 0.970386 0.241327 -0.999943 -0.0106615 -0.00104229 0.00156147 -0.241324 0.970443 -0.54 1.53284 -0.644472</i>
                        <i>-0.00217549 0.981274 0.192604 -0.999998 -0.00218313 -0.000172565 0.000251145 -0.192604 0.981277 -0.54 1.50211 -0.64706</i>
                        <i>0.00807239 0.991753 0.127909 -0.999967 0.00809321 0.000357005 -0.000681131 -0.127907 0.991786 -0.54 1.44609 -0.651873</i>
                        <i>0.0176309 0.997955 0.0614402 -0.999844 0.0176629 2.29719e-005 -0.00106228 -0.061431 0.998111 -0.54 1.36359 -0.657722</i>
                        <i>0.0241669 0.999688 0.00637933 -0.999707 0.0241738 -0.000997147 -0.00115105 -0.00635336 0.999979 -0.54 1.25356 -0.663448</i>
                        <i>0.0262208 0.999331 -0.0254789 -0.999655 0.026179 -0.00197382 -0.00130549 0.0255219 0.999673 -0.54 1.28745 -0.667961</i>
                        <i>0.0267859 0.999203 -0.0295843 -0.99964 0.0267242 -0.0024803 -0.0016877 0.0296401 0.999559 -0.54 1.31653 -0.670229</i>
                        <i>0.0292148 0.999491 -0.0128098 -0.99957 0.0291821 -0.00273316 -0.00235795 0.0128841 0.999914 -0.54 1.34095 -0.670339</i>
                        <i>0.0327651 0.999312 0.0173632 -0.999457 0.0328185 -0.00280427 -0.00337218 -0.0172619 0.999845 -0.54 1.36033 -0.669273</i>
                        <i>0.0364902 0.997905 0.0534256 -0.999324 0.0366811 -0.00259521 -0.00454948 -0.0532948 0.998568 -0.54 1.37454 -0.667352</i>
                        <i>0.0393576 0.995424 0.0870705 -0.99921 0.0396882 -0.0020691 -0.00551531 -0.0869203 0.9962 -0.54 1.38345 -0.664896</i>
                        <i>0.0402946 0.993157 0.109617 -0.999171 0.0406829 -0.00130743 -0.005758 -0.109473 0.993973 -0.54 1.38697 -0.662231</i>
                        <i>0.0389411 0.992222 0.118231 -0.999228 0.0392782 -0.000521433 -0.00516126 -0.118119 0.992986 -0.54 1.38501 -0.659694</i>
                        <i>0.0360746 0.992368 0.11792 -0.99934 0.0363197 7.05923e-005 -0.00421276 -0.117845 0.993023 -0.54 1.38019 -0.657634</i>
                        <i>0.0323594 0.993177 0.112033 -0.999471 0.0325241 0.000357938 -0.00328826 -0.111985 0.993704 -0.54 1.37517 -0.656402</i>
                        <i>0.028037 0.994373 0.102162 -0.999604 0.0281414 0.000419178 -0.00245816 -0.102133 0.994768 -0.54 1.37006 -0.655872</i>
                        <i>0.0233441 0.995642 0.0902847 -0.999726 0.0234047 0.000387588 -0.00172718 -0.090269 0.995916 -0.54 1.36506 -0.655645</i>
                        <i>0.018533 0.996795 0.0778243 -0.999828 0.0185656 0.000304816 -0.00114102 -0.0778166 0.996967 -0.54 1.36021 -0.655665</i>
                        <i>0.0138422 0.997715 0.0661281 -0.999904 0.0138589 0.000206333 -0.000710603 -0.0661246 0.997811 -0.54 1.3556 -0.655873</i>
                        <i>0.00949175 0.998359 0.0564804 -0.999955 0.00950027 0.000117693 -0.000419079 -0.056479 0.998404 -0.54 1.35128 -0.656214</i>
                        <i>0.00552881 0.998791 0.0488572 -0.999985 0.00553289 5.16661e-005 -0.000218718 -0.0488567 0.998806 -0.54 1.34732 -0.656629</i>
                        <i>0.00192391 0.99909 0.0426033 -0.999998 0.00192516 1.18502e-005 -7.01786e-005 -0.0426032 0.999092 -0.54 1.34377 -0.657062</i>
                        <i>-0.00122943 0.999276 0.0380389 -0.999999 -0.00123016 -4.00954e-006 4.27875e-005 -0.0380389 0.999276 -0.54 1.34072 -0.657456</i>
                        <i>-0.00387082 0.99937 0.0352929 -0.999992 -0.00387309 -4.13644e-006 0.000132559 -0.0352927 0.999377 -0.54 1.33821 -0.657753</i>
                        <i>-0.00580263 0.999359 0.0353123 -0.999983 -0.00580625 7.99895e-012 0.000205032 -0.0353117 0.999376 -0.54 1.33632 -0.657898</i>
                        <i>-0.00694077 0.999247 0.0381845 -0.999976 -0.00694592 2.29954e-006 0.000267524 -0.0381836 0.999271 -0.54 1.33491 -0.657943</i>
                        <i>-0.00742342 0.999064 0.0426097 -0.999972 -0.00743035 4.41559e-006 0.000321017 -0.0426085 0.999092 -0.54 1.3338 -0.657979</i>
                        <i>-0.00752261 0.998848 0.0473927 -0.999972 -0.00753135 5.9882e-006 0.000362913 -0.0473913 0.998876 -0.54 1.33294 -0.658006</i>
                        <i>-0.00755222 0.998651 0.051376 -0.999971 -0.00756257 7.10188e-006 0.000395627 -0.0513745 0.998679 -0.54 1.33233 -0.658025</i>
                        <i>-0.00771519 0.998541 0.0534488 -0.99997 -0.00772666 7.97165e-006 0.000420941 -0.0534472 0.998571 -0.54 1.33194 -0.658038</i>
                        <i>-0.00794556 0.998503 0.0541115 -0.999968 -0.00795768 8.58218e-006 0.000439171 -0.0541097 0.998535 -0.54 1.33174 -0.658044</i>
                        <i>-0.00805345 0.998475 0.0546136 -0.999967 -0.00806596 8.75074e-006 0.000449249 -0.0546118 0.998508 -0.54 1.33171 -0.658045</i>
                        <i>-0.00805517 0.998456 0.0549692 -0.999967 -0.00806784 8.52341e-006 0.000451993 -0.0549674 0.998488 -0.54 1.33183 -0.658041</i>
                        <i>-0.00796645 0.998444 0.0551957 -0.999968 -0.00797905 7.96862e-006 0.000448366 -0.0551939 0.998476 -0.54 1.33208 -0.658033</i>
                        <i>-0.00780297 0.998439 0.0553106 -0.999969 -0.00781533 7.16722e-006 0.000439427 -0.0553089 0.998469 -0.54 1.33242 -0.658022</i>
                        <i>-0.00758038 0.998439 0.0553316 -0.999971 -0.00759236 6.2038e-006 0.000426291 -0.0553299 0.998468 -0.54 1.33285 -0.658009</i>
                        <i>-0.00731438 0.998444 0.0552761 -0.999973 -0.00732586 5.15969e-006 0.000410097 -0.0552746 0.998471 -0.54 1.33333 -0.657993</i>
                        <i>-0.00702063 0.998453 0.0551619 -0.999975 -0.00703156 4.10767e-006 0.000391975 -0.0551605 0.998477 -0.54 1.33384 -0.657977</i>
                        <i>-0.00671486 0.998463 0.0550063 -0.999977 -0.00672522 3.10842e-006 0.000373033 -0.0550051 0.998486 -0.54 1.33436 -0.657961</i>
                        <i>-0.00641281 0.998475 0.0548271 -0.999979 -0.00642259 2.20874e-006 0.000354337 -0.0548259 0.998496 -0.54 1.33486 -0.657945</i>
                        <i>-0.00613022 0.998487 0.0546415 -0.999981 -0.00613947 1.44137e-006 0.000336909 -0.0546405 0.998506 -0.54 1.33532 -0.65793</i>
                        <i>-0.00588292 0.998498 0.054467 -0.999983 -0.00589171 8.26679e-007 0.000321729 -0.0544661 0.998516 -0.54 1.33572 -0.657917</i>
                        <i>-0.00568669 0.998507 0.0543209 -0.999984 -0.00569512 3.76043e-007 0.00030974 -0.05432 0.998524 -0.54 1.33604 -0.657907</i>
                        <i>-0.00555737 0.998514 0.0542205 -0.999985 -0.00556556 9.69755e-008 0.000301864 -0.0542197 0.998529 -0.54 1.33625 -0.6579</i>
                        <i>-0.00551075 0.998516 0.0541832 -0.999985 -0.00551885 -1.15616e-012 0.000299029 -0.0541824 0.998531 -0.54 1.33632 -0.657898</i>
                        <i>-0.00551075 0.998516 0.0541832 -0.999985 -0.00551885 -1.15616e-012 0.000299029 -0.0541824 0.998531 -0.54 1.33632 -0.657898</i>
                        <i>-0.00551075 0.998516 0.0541832 -0.999985 -0.00551885 -1.15616e-012 0.000299029 -0.0541824 0.998531 -0.54 1.33632 -0.657898</i>
                        <i>-0.00551075 0.998516 0.0541832 -0.999985 -0.00551885 -1.15616e-012 0.000299029 -0.0541824 0.998531 -0.54 1.33632 -0.657898</i>
                        <i>-0.00551075 0.998516 0.0541832 -0.999985 -0.00551885 -1.15616e-012 0.000299029 -0.0541824 0.998531 -0.54 1.33632 -0.657898</i>
                        <i>-0.00551075 0.998516 0.0541832 -0.999985 -0.00551885 -1.15616e-012 0.000299029 -0.0541824 0.998531 -0.54 1.33632 -0.657898</i>
                        <i>-0.00551075 0.998516 0.0541832 -0.999985 -0.00551885 -1.15616e-012 0.000299029 -0.0541824 0.998531 -0.54 1.33632 -0.657898</i>
                        <i>-0.00551075 0.998516 0.0541832 -0.999985 -0.00551885 -1.15616e-012 0.000299029 -0.0541824 0.998531 -0.54 1.33632 -0.657898</i>
                        <i>-0.00551075 0.998516 0.0541832 -0.999985 -0.00551885 -1.15616e-012 0.000299029 -0.0541824 0.998531 -0.54 1.33632 -0.657898</i>
                        <i>-0.00551075 0.998516 0.0541832 -0.999985 -0.00551885 -1.15616e-012 0.000299029 -0.0541824 0.998531 -0.54 1.33632 -0.657898</i>
                        <i>-0.00551075 0.998516 0.0541832 -0.999985 -0.00551885 -1.15616e-012 0.000299029 -0.0541824 0.998531 -0.54 1.33632 -0.657898</i>
                    </KeyFrames>
                </p>
            </i>
            <i>
                <p>
                    <Name><![CDATA[spine1]]></Name>
                    <Exclude>0</Exclude>
                    <Additive>0</Additive>
                    <IKPriority>0</IKPriority>
                    <IKRotLimits>-1e+010 -1e+010 -1e+010 1e+010 1e+010 1e+010</IKRotLimits>
                    <IKRotLimitOrder>0</IKRotLimitOrder>
                    <KeyFrames count="61">
                        <i>0.0873144 0.935538 0.342264 -0.99439 0.0612618 0.0862255 0.0596995 -0.347873 0.935639 -0.540966 1.51129 -0.648426</i>
                        <i>0.0902358 0.927278 0.363336 -0.994199 0.0624323 0.0875782 0.0585255 -0.369131 0.927533 -0.541185 1.53086 -0.643663</i>
                        <i>0.0970698 0.905909 0.412196 -0.993645 0.0644959 0.0922508 0.0569858 -0.418532 0.906413 -0.541721 1.57748 -0.63215</i>
                        <i>0.105017 0.877596 0.467757 -0.992816 0.065404 0.10019 0.0573335 -0.474919 0.87816 -0.542332 1.63314 -0.618167</i>
                        <i>0.111728 0.852282 0.511011 -0.992001 0.0652579 0.108053 0.0587442 -0.518996 0.852756 -0.542717 1.68044 -0.606178</i>
                        <i>0.115357 0.843287 0.524938 -0.991667 0.0672555 0.10988 0.0573555 -0.533239 0.844018 -0.542604 1.70268 -0.600604</i>
                        <i>0.115262 0.856029 0.503913 -0.992051 0.0734107 0.102207 0.0504997 -0.511688 0.857686 -0.541789 1.69661 -0.603726</i>
                        <i>0.111916 0.88019 0.461238 -0.992852 0.0796746 0.0888638 0.0414681 -0.467886 0.882815 -0.540369 1.66869 -0.614354</i>
                        <i>0.106153 0.90704 0.407444 -0.993741 0.0824398 0.0753793 0.0347825 -0.412895 0.910114 -0.538614 1.61639 -0.629911</i>
                        <i>0.0992121 0.930363 0.352962 -0.994528 0.0810497 0.0659099 0.0327126 -0.35757 0.933313 -0.536929 1.53742 -0.647036</i>
                        <i>0.092448 0.946494 0.309196 -0.995126 0.0771258 0.0614443 0.0343097 -0.31337 0.949011 -0.535733 1.43008 -0.662353</i>
                        <i>0.087314 0.953641 0.288003 -0.99552 0.0730018 0.0600874 0.0362771 -0.29196 0.955742 -0.535325 1.46561 -0.672545</i>
                        <i>0.0857464 0.953115 0.290207 -0.995643 0.0712633 0.060132 0.0366316 -0.294098 0.955073 -0.535212 1.49514 -0.675562</i>
                        <i>0.088171 0.94743 0.307575 -0.99547 0.0727828 0.0611719 0.0355699 -0.311576 0.949555 -0.534794 1.51904 -0.672662</i>
                        <i>0.0931632 0.937216 0.336074 -0.995099 0.0764145 0.0627531 0.0331323 -0.340274 0.939743 -0.534197 1.53732 -0.666232</i>
                        <i>0.0993015 0.924551 0.367892 -0.9946 0.081017 0.0648586 0.0301596 -0.372346 0.927604 -0.533584 1.54999 -0.657985</i>
                        <i>0.105243 0.912299 0.39577 -0.994058 0.0853832 0.0675195 0.0278058 -0.400524 0.915864 -0.533131 1.55717 -0.649719</i>
                        <i>0.109683 0.904179 0.412832 -0.993589 0.0882806 0.0706293 0.0274164 -0.417932 0.908065 -0.533012 1.5592 -0.643233</i>
                        <i>0.111513 0.903364 0.414123 -0.993316 0.0888256 0.0737113 0.0298035 -0.419574 0.907232 -0.53328 1.55622 -0.639299</i>
                        <i>0.111099 0.907722 0.404596 -0.99323 0.0875153 0.0763911 0.0339335 -0.410344 0.911299 -0.533796 1.55086 -0.637357</i>
                        <i>0.10948 0.912942 0.39313 -0.993255 0.0852818 0.0785597 0.0381936 -0.399079 0.916121 -0.534441 1.5458 -0.637157</i>
                        <i>0.106893 0.9186 0.380458 -0.993371 0.0823969 0.0801514 0.0422785 -0.386504 0.921318 -0.53518 1.54103 -0.63831</i>
                        <i>0.103652 0.924777 0.366121 -0.993542 0.0791854 0.0812667 0.0461621 -0.37218 0.927012 -0.53598 1.53652 -0.640101</i>
                        <i>0.0999996 0.93095 0.351188 -0.993747 0.0758293 0.0819533 0.049664 -0.357188 0.932711 -0.536802 1.53224 -0.64224</i>
                        <i>0.0961989 0.936655 0.336783 -0.993965 0.0724764 0.0823465 0.0527215 -0.342672 0.937974 -0.537606 1.52818 -0.644444</i>
                        <i>0.092527 0.941498 0.324069 -0.994168 0.0692483 0.0826685 0.055391 -0.329828 0.942415 -0.538355 1.52431 -0.646436</i>
                        <i>0.0891604 0.945374 0.313558 -0.994344 0.0662424 0.0830221 0.0577161 -0.319186 0.945933 -0.53904 1.52071 -0.64816</i>
                        <i>0.0862087 0.94832 0.305379 -0.994491 0.0635635 0.0833561 0.0596373 -0.310883 0.948575 -0.539665 1.51749 -0.649669</i>
                        <i>0.0838529 0.950205 0.300131 -0.994601 0.0613296 0.0837117 0.0611364 -0.30553 0.950218 -0.540214 1.51472 -0.650848</i>
                        <i>0.0821594 0.951109 0.297728 -0.994673 0.0595929 0.0841115 0.0622567 -0.303053 0.950938 -0.540675 1.51244 -0.651617</i>
                        <i>0.0814943 0.950488 0.299886 -0.994691 0.0585913 0.0846033 0.0628437 -0.305188 0.950216 -0.541013 1.51074 -0.651753</i>
                        <i>0.0819675 0.948054 0.307366 -0.994654 0.0583822 0.0851749 0.0628057 -0.312705 0.947772 -0.541213 1.50951 -0.651291</i>
                        <i>0.0831619 0.944435 0.318003 -0.994585 0.0587028 0.0857558 0.0623232 -0.323413 0.944203 -0.541299 1.50856 -0.650546</i>
                        <i>0.0846074 0.940463 0.329198 -0.994506 0.0592676 0.0862811 0.0616333 -0.33469 0.940311 -0.541317 1.50786 -0.649728</i>
                        <i>0.0858219 0.937076 0.338412 -0.99444 0.0597666 0.0866958 0.0610148 -0.343971 0.936996 -0.541324 1.50737 -0.649043</i>
                        <i>0.086381 0.935291 0.343175 -0.994407 0.0599318 0.086965 0.0607705 -0.348767 0.935237 -0.541353 1.50705 -0.648688</i>
                        <i>0.0864732 0.934733 0.344668 -0.994398 0.0598702 0.0871158 0.0607947 -0.35027 0.934674 -0.541394 1.50689 -0.648576</i>
                        <i>0.0865661 0.934331 0.345733 -0.99439 0.0598617 0.0872056 0.0607828 -0.351342 0.934272 -0.541413 1.50688 -0.648488</i>
                        <i>0.0866573 0.934072 0.346409 -0.994385 0.0598981 0.0872424 0.0607415 -0.352024 0.934018 -0.541413 1.50702 -0.648421</i>
                        <i>0.0867459 0.933939 0.346747 -0.994381 0.0599723 0.0872338 0.0606759 -0.352366 0.933893 -0.541398 1.50726 -0.648373</i>
                        <i>0.0868311 0.933913 0.346795 -0.994379 0.0600773 0.087187 0.0605906 -0.352416 0.93388 -0.541369 1.5076 -0.648342</i>
                        <i>0.086912 0.933976 0.346604 -0.994378 0.060206 0.0871092 0.0604903 -0.352227 0.933958 -0.54133 1.50801 -0.648326</i>
                        <i>0.0869879 0.934111 0.346223 -0.994378 0.0603513 0.0870074 0.0603795 -0.351845 0.934109 -0.541283 1.50846 -0.648321</i>
                        <i>0.0870578 0.934297 0.345701 -0.994379 0.0605063 0.0868888 0.0602629 -0.351322 0.934313 -0.541231 1.50895 -0.648326</i>
                        <i>0.0871211 0.934518 0.345088 -0.99438 0.0606638 0.0867607 0.0601452 -0.350707 0.934552 -0.541177 1.50944 -0.648339</i>
                        <i>0.0871768 0.934755 0.344432 -0.994382 0.0608166 0.0866307 0.0600312 -0.35005 0.934806 -0.541124 1.50992 -0.648355</i>
                        <i>0.0872242 0.934989 0.343785 -0.994385 0.0609578 0.0865063 0.0599261 -0.3494 0.935055 -0.541075 1.51035 -0.648375</i>
                        <i>0.0872625 0.935202 0.343194 -0.994387 0.06108 0.0863956 0.059835 -0.348807 0.935283 -0.541031 1.51073 -0.648394</i>
                        <i>0.0872908 0.935377 0.342711 -0.994389 0.0611762 0.0863065 0.0597633 -0.348321 0.935468 -0.540997 1.51103 -0.64841</i>
                        <i>0.0873084 0.935495 0.342384 -0.99439 0.0612392 0.0862471 0.0597164 -0.347993 0.935593 -0.540974 1.51122 -0.648422</i>
                        <i>0.0873144 0.935538 0.342264 -0.99439 0.0612618 0.0862255 0.0596995 -0.347873 0.935639 -0.540966 1.51129 -0.648426</i>
                        <i>0.0873144 0.935538 0.342264 -0.99439 0.0612618 0.0862255 0.0596995 -0.347873 0.935639 -0.540966 1.51129 -0.648426</i>
                        <i>0.0873144 0.935538 0.342264 -0.99439 0.0612618 0.0862255 0.0596995 -0.347873 0.935639 -0.540966 1.51129 -0.648426</i>
                        <i>0.0873144 0.935538 0.342264 -0.99439 0.0612618 0.0862255 0.0596995 -0.347873 0.935639 -0.540966 1.51129 -0.648426</i>
                        <i>0.0873144 0.935538 0.342264 -0.99439 0.0612618 0.0862255 0.0596995 -0.347873 0.935639 -0.540966 1.51129 -0.648426</i>
                        <i>0.0873144 0.935538 0.342264 -0.99439 0.0612618 0.0862255 0.0596995 -0.347873 0.935639 -0.540966 1.51129 -0.648426</i>
                        <i>0.0873144 0.935538 0.342264 -0.99439 0.0612618 0.0862255 0.0596995 -0.347873 0.935639 -0.540966 1.51129 -0.648426</i>
                        <i>0.0873144 0.935538 0.342264 -0.99439 0.0612618 0.0862255 0.0596995 -0.347873 0.935639 -0.540966 1.51129 -0.648426</i>
                        <i>0.0873144 0.935538 0.342264 -0.99439 0.0612618 0.0862255 0.0596995 -0.347873 0.935639 -0.540966 1.51129 -0.648426</i>
                        <i>0.0873144 0.935538 0.342264 -0.99439 0.0612618 0.0862255 0.0596995 -0.347873 0.935639 -0.540966 1.51129 -0.648426</i>
                        <i>0.0873144 0.935538 0.342264 -0.99439 0.0612618 0.0862255 0.0596995 -0.347873 0.935639 -0.540966 1.51129 -0.648426</i>
                    </KeyFrames>
                </p>
            </i>
            <i>
                <p>
                    <Name><![CDATA[spine2]]></Name>
                    <Exclude>0</Exclude>
                    <Additive>0</Additive>
                    <IKPriority>0</IKPriority>
                    <IKRotLimits>-1e+010 -1e+010 -1e+010 1e+010 1e+010 1e+010</IKRotLimits>
                    <IKRotLimitOrder>0</IKRotLimitOrder>
                    <KeyFrames count="61">
                        <i>0.203086 0.783298 0.587538 -0.974217 0.101417 0.201535 0.0982751 -0.613318 0.783698 -0.526801 1.66203 -0.593178</i>
                        <i>0.211226 0.782754 0.585388 -0.972624 0.108963 0.205253 0.0968776 -0.612718 0.784342 -0.526603 1.67973 -0.585237</i>
                        <i>0.230893 0.781282 0.579903 -0.968251 0.125813 0.216012 0.0958071 -0.611367 0.785526 -0.526173 1.7217 -0.566453</i>
                        <i>0.254422 0.779233 0.57277 -0.962073 0.143668 0.231894 0.0984104 -0.610046 0.786231 -0.525683 1.77148 -0.54438</i>
                        <i>0.273162 0.77724 0.566816 -0.956481 0.1566 0.246214 0.102604 -0.609405 0.786192 -0.525162 1.81364 -0.526294</i>
                        <i>0.278229 0.77599 0.566064 -0.955167 0.161426 0.248187 0.101214 -0.609739 0.786114 -0.524588 1.8337 -0.519035</i>
                        <i>0.264406 0.776738 0.571637 -0.960239 0.156957 0.230878 0.0896088 -0.609953 0.787354 -0.523813 1.82949 -0.525508</i>
                        <i>0.235497 0.780544 0.579045 -0.969052 0.143209 0.201069 0.0740189 -0.608476 0.790113 -0.52282 1.8061 -0.542331</i>
                        <i>0.198211 0.786151 0.585388 -0.978166 0.120584 0.169266 0.0624799 -0.606157 0.792887 -0.521779 1.75962 -0.565523</i>
                        <i>0.160766 0.792289 0.588585 -0.985215 0.0930479 0.14385 0.0592042 -0.603009 0.795535 -0.520968 1.68643 -0.590416</i>
                        <i>0.13121 0.798374 0.587693 -0.989361 0.0678783 0.128676 0.0628402 -0.598324 0.798786 -0.520651 1.58374 -0.61203</i>
                        <i>0.116346 0.804502 0.582444 -0.990883 0.0539156 0.123462 0.0679229 -0.591498 0.80344 -0.520939 1.6219 -0.625189</i>
                        <i>0.112314 0.812965 0.571378 -0.991081 0.050146 0.123466 0.0717209 -0.580149 0.811347 -0.521044 1.65176 -0.62771</i>
                        <i>0.111277 0.822221 0.558184 -0.990963 0.0494732 0.124679 0.0748984 -0.567014 0.820296 -0.520275 1.67423 -0.622126</i>
                        <i>0.112667 0.829582 0.5469 -0.990618 0.0509345 0.126816 0.0773481 -0.556057 0.827537 -0.518951 1.68991 -0.611373</i>
                        <i>0.116025 0.834171 0.539164 -0.99007 0.0537534 0.129893 0.0793712 -0.548881 0.832124 -0.517458 1.69942 -0.598401</i>
                        <i>0.120941 0.835008 0.536782 -0.989339 0.0571969 0.133931 0.0811313 -0.547257 0.833023 -0.516171 1.70354 -0.58612</i>
                        <i>0.12706 0.830939 0.54166 -0.988459 0.0606552 0.138819 0.0824957 -0.553047 0.829056 -0.51545 1.70335 -0.577332</i>
                        <i>0.1332 0.826513 0.546931 -0.987502 0.0637676 0.144132 0.0842503 -0.559294 0.824677 -0.515511 1.69955 -0.573526</i>
                        <i>0.138792 0.824783 0.548151 -0.98651 0.0666304 0.149528 0.0868047 -0.561509 0.822905 -0.516149 1.6944 -0.573319</i>
                        <i>0.144527 0.821493 0.551598 -0.985489 0.0693507 0.154929 0.0890191 -0.565985 0.819595 -0.517065 1.69002 -0.575</i>
                        <i>0.150297 0.817333 0.556217 -0.984459 0.0720369 0.160159 0.0908351 -0.571644 0.815458 -0.518197 1.68627 -0.578106</i>
                        <i>0.156069 0.813427 0.560338 -0.98342 0.0749242 0.165142 0.0923483 -0.576821 0.811633 -0.51948 1.68298 -0.582066</i>
                        <i>0.161685 0.810432 0.56308 -0.982386 0.0780175 0.169796 0.0936781 -0.580615 0.808771 -0.520844 1.67999 -0.586445</i>
                        <i>0.166985 0.809007 0.563581 -0.981367 0.0812744 0.174105 0.0950475 -0.582153 0.807505 -0.522215 1.67717 -0.590809</i>
                        <i>0.171814 0.809794 0.560993 -0.980364 0.0846052 0.178126 0.0967826 -0.580582 0.80843 -0.523518 1.67438 -0.594717</i>
                        <i>0.176267 0.81183 0.556652 -0.979378 0.0879175 0.181904 0.0987361 -0.577236 0.810586 -0.524714 1.67165 -0.598029</i>
                        <i>0.180578 0.81334 0.553056 -0.978421 0.0911355 0.185437 0.10042 -0.574607 0.812245 -0.525788 1.66915 -0.600762</i>
                        <i>0.184806 0.813728 0.551084 -0.977497 0.0941556 0.188773 0.101722 -0.573569 0.812817 -0.526693 1.66689 -0.602709</i>
                        <i>0.188899 0.812949 0.550846 -0.976617 0.0968896 0.191916 0.102646 -0.574219 0.812242 -0.527408 1.66494 -0.603802</i>
                        <i>0.192997 0.809965 0.553813 -0.975784 0.0992162 0.194942 0.102949 -0.578024 0.809499 -0.527838 1.66331 -0.603537</i>
                        <i>0.197043 0.804268 0.560649 -0.975021 0.100964 0.197839 0.10251 -0.585627 0.804072 -0.527947 1.66185 -0.601816</i>
                        <i>0.200613 0.797084 0.569571 -0.974385 0.102035 0.200404 0.101623 -0.595186 0.797137 -0.527825 1.66049 -0.599299</i>
                        <i>0.203581 0.789726 0.578695 -0.97388 0.102635 0.202542 0.100559 -0.604813 0.789993 -0.527597 1.65931 -0.59662</i>
                        <i>0.205917 0.783615 0.586127 -0.973484 0.103054 0.204227 0.0996325 -0.61264 0.784057 -0.527395 1.6584 -0.5944</i>
                        <i>0.207404 0.780348 0.58995 -0.973209 0.103416 0.205352 0.0992357 -0.616735 0.78089 -0.527327 1.65787 -0.593246</i>
                        <i>0.208213 0.779236 0.591134 -0.973038 0.103716 0.20601 0.0992199 -0.618089 0.779821 -0.527349 1.65765 -0.59288</i>
                        <i>0.208685 0.778501 0.591935 -0.972941 0.10388 0.206386 0.0991813 -0.618987 0.779113 -0.527351 1.6576 -0.592611</i>
                        <i>0.20886 0.778108 0.59239 -0.972909 0.103925 0.206514 0.0991263 -0.619474 0.778734 -0.527336 1.6577 -0.592431</i>
                        <i>0.208782 0.778011 0.592544 -0.972932 0.103869 0.206431 0.0990584 -0.619604 0.778638 -0.527306 1.65793 -0.592328</i>
                        <i>0.208491 0.778165 0.592445 -0.973003 0.103729 0.20617 0.0989805 -0.619435 0.778783 -0.527264 1.65825 -0.592292</i>
                        <i>0.208029 0.778523 0.592137 -0.97311 0.103521 0.205766 0.0988951 -0.61902 0.779124 -0.527214 1.65866 -0.592312</i>
                        <i>0.207439 0.779039 0.591666 -0.973245 0.103263 0.205256 0.0988048 -0.618414 0.779616 -0.527156 1.65912 -0.592377</i>
                        <i>0.206761 0.779665 0.591077 -0.973399 0.102972 0.204673 0.0987122 -0.617673 0.780216 -0.527096 1.65961 -0.592475</i>
                        <i>0.206038 0.780356 0.590417 -0.973562 0.102663 0.204053 0.0986202 -0.61685 0.780878 -0.527034 1.66012 -0.592595</i>
                        <i>0.205311 0.781066 0.589732 -0.973724 0.102355 0.203432 0.0985317 -0.616003 0.781558 -0.526974 1.6606 -0.592728</i>
                        <i>0.204622 0.781749 0.589066 -0.973878 0.102064 0.202843 0.0984503 -0.615184 0.782212 -0.526919 1.66106 -0.59286</i>
                        <i>0.204013 0.782358 0.588468 -0.974012 0.101807 0.202324 0.0983799 -0.614451 0.782797 -0.526872 1.66145 -0.592983</i>
                        <i>0.203526 0.78285 0.587982 -0.97412 0.101602 0.201909 0.0983244 -0.613859 0.783269 -0.526834 1.66176 -0.593084</i>
                        <i>0.203203 0.783178 0.587657 -0.974191 0.101467 0.201634 0.0982881 -0.613463 0.783583 -0.52681 1.66196 -0.593152</i>
                        <i>0.203086 0.783298 0.587538 -0.974217 0.101417 0.201535 0.0982751 -0.613318 0.783698 -0.526801 1.66203 -0.593178</i>
                        <i>0.203086 0.783298 0.587538 -0.974217 0.101417 0.201535 0.0982751 -0.613318 0.783698 -0.526801 1.66203 -0.593178</i>
                        <i>0.203086 0.783298 0.587538 -0.974217 0.101417 0.201535 0.0982751 -0.613318 0.783698 -0.526801 1.66203 -0.593178</i>
                        <i>0.203086 0.783298 0.587538 -0.974217 0.101417 0.201535 0.0982751 -0.613318 0.783698 -0.526801 1.66203 -0.593178</i>
                        <i>0.203086 0.783298 0.587538 -0.974217 0.101417 0.201535 0.0982751 -0.613318 0.783698 -0.526801 1.66203 -0.593178</i>
                        <i>0.203086 0.783298 0.587538 -0.974217 0.101417 0.201535 0.0982751 -0.613318 0.783698 -0.526801 1.66203 -0.593178</i>
                        <i>0.203086 0.783298 0.587538 -0.974217 0.101417 0.201535 0.0982751 -0.613318 0.783698 -0.526801 1.66203 -0.593178</i>
                        <i>0.203086 0.783298 0.587538 -0.974217 0.101417 0.201535 0.0982751 -0.613318 0.783698 -0.526801 1.66203 -0.593178</i>
                        <i>0.203086 0.783298 0.587538 -0.974217 0.101417 0.201535 0.0982751 -0.613318 0.783698 -0.526801 1.66203 -0.593178</i>
                        <i>0.203086 0.783298 0.587538 -0.974217 0.101417 0.201535 0.0982751 -0.613318 0.783698 -0.526801 1.66203 -0.593178</i>
                        <i>0.203086 0.783298 0.587538 -0.974217 0.101417 0.201535 0.0982751 -0.613318 0.783698 -0.526801 1.66203 -0.593178</i>
                    </KeyFrames>
                </p>
            </i>
            <i>
                <p>
                    <Name><![CDATA[head]]></Name>
                    <Exclude>0</Exclude>
                    <Additive>0</Additive>
                    <IKPriority>0</IKPriority>
                    <IKRotLimits>-1e+010 -1e+010 -1e+010 1e+010 1e+010 1e+010</IKRotLimits>
                    <IKRotLimitOrder>0</IKRotLimitOrder>
                    <KeyFrames count="61">
                        <i>0.0207034 0.979575 0.200013 -0.00826706 0.200217 -0.979717 -0.999752 0.0186299 0.0122434 -0.470311 1.86893 -0.44713</i>
                        <i>0.032095 0.9843 0.173563 -0.0158563 0.174132 -0.984595 -0.999359 0.0288485 0.0211962 -0.467768 1.88708 -0.441644</i>
                        <i>0.0580571 0.991795 0.113891 -0.0380657 0.1162 -0.992496 -0.997587 0.0532861 0.0444996 -0.461802 1.92985 -0.428842</i>
                        <i>0.0867023 0.994925 0.051053 -0.0710064 0.0572872 -0.995829 -0.993701 0.0827156 0.0756129 -0.454979 1.98014 -0.414069</i>
                        <i>0.111034 0.993691 0.0158059 -0.101731 0.0271851 -0.99444 -0.988596 0.108809 0.104108 -0.449763 2.02226 -0.401932</i>
                        <i>0.12972 0.990783 0.0390046 -0.110768 0.0535708 -0.992401 -0.985344 0.124414 0.116696 -0.448282 2.04187 -0.396223</i>
                        <i>0.139055 0.981122 0.134404 -0.0872282 0.14733 -0.985233 -0.986435 0.125278 0.106068 -0.451608 2.03724 -0.398957</i>
                        <i>0.131126 0.95281 0.273786 -0.0462735 0.281752 -0.958371 -0.990285 0.112998 0.081035 -0.458815 2.01423 -0.409573</i>
                        <i>0.103995 0.897923 0.42769 -0.00923911 0.430876 -0.902364 -0.994535 0.0898901 0.0531051 -0.468503 1.96862 -0.426019</i>
                        <i>0.0682501 0.820058 0.568197 0.00907124 0.568991 -0.822294 -0.997627 0.0612759 0.0313948 -0.478717 1.89648 -0.445217</i>
                        <i>0.0404879 0.737383 0.67426 0.00887504 0.674522 -0.738202 -0.999141 0.0358723 0.0207656 -0.48721 1.7951 -0.463411</i>
                        <i>0.032913 0.678054 0.734275 0.00283166 0.734607 -0.678487 -0.999454 0.0244102 0.0222581 -0.491795 1.83523 -0.47642</i>
                        <i>0.0368541 0.667483 0.743713 -0.00270686 0.744282 -0.66786 -0.999317 0.0226003 0.0292366 -0.493023 1.86827 -0.48273</i>
                        <i>0.0397111 0.715033 0.697962 -0.0113698 0.698791 -0.715236 -0.999146 0.0204671 0.0358796 -0.492834 1.89419 -0.483089</i>
                        <i>0.041425 0.799261 0.599554 -0.0228553 0.600671 -0.79917 -0.99888 0.0194027 0.0431501 -0.491573 1.91277 -0.478696</i>
                        <i>0.041002 0.883937 0.465805 -0.0359013 0.4672 -0.883423 -0.998514 0.019499 0.0508906 -0.489651 1.92413 -0.471265</i>
                        <i>0.038859 0.944572 0.325997 -0.0488025 0.327648 -0.943539 -0.998052 0.0207555 0.0588295 -0.487445 1.92869 -0.46238</i>
                        <i>0.037239 0.975151 0.218389 -0.0597476 0.220322 -0.973596 -0.997519 0.0232075 0.0664675 -0.485277 1.92724 -0.453498</i>
                        <i>0.0377746 0.985526 0.165264 -0.0682895 0.167542 -0.983497 -0.99695 0.0258654 0.0736299 -0.483655 1.92169 -0.448021</i>
                        <i>0.0406247 0.986513 0.158564 -0.0748384 0.161253 -0.984071 -0.996368 0.028111 0.0803799 -0.482592 1.91529 -0.446559</i>
                        <i>0.0459706 0.98228 0.181695 -0.0793375 0.184903 -0.979549 -0.995787 0.0306152 0.0864317 -0.481608 1.90936 -0.446041</i>
