<?xml version="1.0" encoding="ISO-8859-1" ?>
<Animl Version="1">
    <ModellingPackage><![CDATA[Maya.2010]]></ModellingPackage>
    <SrcFile><![CDATA[anims\vehicles\red\~src\land\tank_t80\tank_t80_fire_crewman_a.mb]]></SrcFile>
    <FramesPerSecond>30</FramesPerSecond>
    <TotalFrames>60</TotalFrames>
    <Skeleton>
        <RefFrame>
            <Name><![CDATA[soldier_ref_frame]]></Name>
            <Exclude>0</Exclude>
            <Additive>0</Additive>
            <IKPriority>0</IKPriority>
            <IKRotLimits>-1e+010 -1e+010 -1e+010 1e+010 1e+010 1e+010</IKRotLimits>
            <IKRotLimitOrder>0</IKRotLimitOrder>
            <KeyFrames count="60">
                <i>1 0 0 0 1 0 0 0 1 0 0 0</i>
                <i>1 0 0 0 1 0 0 0 1 0 0 0</i>
                <i>1 0 0 0 1 0 0 0 1 0 0 0</i>
                <i>1 0 0 0 1 0 0 0 1 0 0 0</i>
                <i>1 0 0 0 1 0 0 0 1 0 0 0</i>
                <i>1 0 0 0 1 0 0 0 1 0 0 0</i>
                <i>1 0 0 0 1 0 0 0 1 0 0 0</i>
                <i>1 0 0 0 1 0 0 0 1 0 0 0</i>
                <i>1 0 0 0 1 0 0 0 1 0 0 0</i>
                <i>1 0 0 0 1 0 0 0 1 0 0 0</i>
                <i>1 0 0 0 1 0 0 0 1 0 0 0</i>
                <i>1 0 0 0 1 0 0 0 1 0 0 0</i>
                <i>1 0 0 0 1 0 0 0 1 0 0 0</i>
                <i>1 0 0 0 1 0 0 0 1 0 0 0</i>
                <i>1 0 0 0 1 0 0 0 1 0 0 0</i>
                <i>1 0 0 0 1 0 0 0 1 0 0 0</i>
                <i>1 0 0 0 1 0 0 0 1 0 0 0</i>
                <i>1 0 0 0 1 0 0 0 1 0 0 0</i>
                <i>1 0 0 0 1 0 0 0 1 0 0 0</i>
                <i>1 0 0 0 1 0 0 0 1 0 0 0</i>
                <i>1 0 0 0 1 0 0 0 1 0 0 0</i>
                <i>1 0 0 0 1 0 0 0 1 0 0 0</i>
                <i>1 0 0 0 1 0 0 0 1 0 0 0</i>
                <i>1 0 0 0 1 0 0 0 1 0 0 0</i>
                <i>1 0 0 0 1 0 0 0 1 0 0 0</i>
                <i>1 0 0 0 1 0 0 0 1 0 0 0</i>
                <i>1 0 0 0 1 0 0 0 1 0 0 0</i>
                <i>1 0 0 0 1 0 0 0 1 0 0 0</i>
                <i>1 0 0 0 1 0 0 0 1 0 0 0</i>
                <i>1 0 0 0 1 0 0 0 1 0 0 0</i>
                <i>1 0 0 0 1 0 0 0 1 0 0 0</i>
                <i>1 0 0 0 1 0 0 0 1 0 0 0</i>
                <i>1 0 0 0 1 0 0 0 1 0 0 0</i>
                <i>1 0 0 0 1 0 0 0 1 0 0 0</i>
                <i>1 0 0 0 1 0 0 0 1 0 0 0</i>
                <i>1 0 0 0 1 0 0 0 1 0 0 0</i>
                <i>1 0 0 0 1 0 0 0 1 0 0 0</i>
                <i>1 0 0 0 1 0 0 0 1 0 0 0</i>
                <i>1 0 0 0 1 0 0 0 1 0 0 0</i>
                <i>1 0 0 0 1 0 0 0 1 0 0 0</i>
                <i>1 0 0 0 1 0 0 0 1 0 0 0</i>
                <i>1 0 0 0 1 0 0 0 1 0 0 0</i>
                <i>1 0 0 0 1 0 0 0 1 0 0 0</i>
                <i>1 0 0 0 1 0 0 0 1 0 0 0</i>
                <i>1 0 0 0 1 0 0 0 1 0 0 0</i>
                <i>1 0 0 0 1 0 0 0 1 0 0 0</i>
                <i>1 0 0 0 1 0 0 0 1 0 0 0</i>
                <i>1 0 0 0 1 0 0 0 1 0 0 0</i>
                <i>1 0 0 0 1 0 0 0 1 0 0 0</i>
                <i>1 0 0 0 1 0 0 0 1 0 0 0</i>
                <i>1 0 0 0 1 0 0 0 1 0 0 0</i>
                <i>1 0 0 0 1 0 0 0 1 0 0 0</i>
                <i>1 0 0 0 1 0 0 0 1 0 0 0</i>
                <i>1 0 0 0 1 0 0 0 1 0 0 0</i>
                <i>1 0 0 0 1 0 0 0 1 0 0 0</i>
                <i>1 0 0 0 1 0 0 0 1 0 0 0</i>
                <i>1 0 0 0 1 0 0 0 1 0 0 0</i>
                <i>1 0 0 0 1 0 0 0 1 0 0 0</i>
                <i>1 0 0 0 1 0 0 0 1 0 0 0</i>
                <i>1 0 0 0 1 0 0 0 1 0 0 0</i>
            </KeyFrames>
        </RefFrame>
        <Bones count="23">
            <i>
                <p>
                    <Name><![CDATA[pelvis]]></Name>
                    <Exclude>0</Exclude>
                    <Additive>0</Additive>
                    <IKPriority>0</IKPriority>
                    <IKRotLimits>-1e+010 -1e+010 -1e+010 1e+010 1e+010 1e+010</IKRotLimits>
                    <IKRotLimitOrder>2</IKRotLimitOrder>
                    <KeyFrames count="60">
                        <i>1 0 0 0 1 0 0 0 1 -0.56 0.750668 -0.44</i>
                        <i>1 0 0 0 1 0 0 0 1 -0.56 0.747113 -0.4452</i>
                        <i>1 0 0 0 1 0 0 0 1 -0.56 0.731978 -0.4576</i>
                        <i>1 0 0 0 1 0 0 0 1 -0.56 0.698552 -0.4724</i>
                        <i>1 0 0 0 1 0 0 0 1 -0.56 0.640129 -0.4848</i>
                        <i>1 0 0 0 1 0 0 0 1 -0.56 0.55 -0.49</i>
                        <i>1 0 0 0 1 0 0 0 1 -0.56 0.617808 -0.486693</i>
                        <i>1 0 0 0 1 0 0 0 1 -0.56 0.672439 -0.478307</i>
                        <i>1 0 0 0 1 0 0 0 1 -0.56 0.714932 -0.467143</i>
                        <i>1 0 0 0 1 0 0 0 1 -0.56 0.74633 -0.455503</i>
                        <i>1 0 0 0 1 0 0 0 1 -0.56 0.767672 -0.445688</i>
                        <i>1 0 0 0 1 0 0 0 1 -0.56 0.78 -0.44</i>
                        <i>1 0 0 0 1 0 0 0 1 -0.56 0.781965 -0.438242</i>
                        <i>1 0 0 0 1 0 0 0 1 -0.56 0.773593 -0.438348</i>
                        <i>1 0 0 0 1 0 0 0 1 -0.56 0.757986 -0.439816</i>
                        <i>1 0 0 0 1 0 0 0 1 -0.56 0.738245 -0.442143</i>
                        <i>1 0 0 0 1 0 0 0 1 -0.56 0.717475 -0.444827</i>
                        <i>1 0 0 0 1 0 0 0 1 -0.56 0.698775 -0.447366</i>
                        <i>1 0 0 0 1 0 0 0 1 -0.56 0.68525 -0.449258</i>
                        <i>1 0 0 0 1 0 0 0 1 -0.56 0.68 -0.45</i>
                        <i>1 0 0 0 1 0 0 0 1 -0.56 0.681704 -0.44975</i>
                        <i>1 0 0 0 1 0 0 0 1 -0.56 0.686496 -0.449067</i>
                        <i>1 0 0 0 1 0 0 0 1 -0.56 0.693666 -0.44805</i>
                        <i>1 0 0 0 1 0 0 0 1 -0.56 0.702502 -0.4468</i>
                        <i>1 0 0 0 1 0 0 0 1 -0.56 0.712292 -0.445417</i>
                        <i>1 0 0 0 1 0 0 0 1 -0.56 0.722326 -0.444</i>
                        <i>1 0 0 0 1 0 0 0 1 -0.56 0.731892 -0.44265</i>
                        <i>1 0 0 0 1 0 0 0 1 -0.56 0.740278 -0.441467</i>
                        <i>1 0 0 0 1 0 0 0 1 -0.56 0.746774 -0.44055</i>
                        <i>1 0 0 0 1 0 0 0 1 -0.56 0.750668 -0.44</i>
                        <i>1 0 0 0 1 0 0 0 1 -0.56 0.752794 -0.439699</i>
                        <i>1 0 0 0 1 0 0 0 1 -0.56 0.754484 -0.43946</i>
                        <i>1 0 0 0 1 0 0 0 1 -0.56 0.755773 -0.439277</i>
                        <i>1 0 0 0 1 0 0 0 1 -0.56 0.756698 -0.439147</i>
                        <i>1 0 0 0 1 0 0 0 1 -0.56 0.757293 -0.439062</i>
                        <i>1 0 0 0 1 0 0 0 1 -0.56 0.757593 -0.43902</i>
                        <i>1 0 0 0 1 0 0 0 1 -0.56 0.757634 -0.439014</i>
                        <i>1 0 0 0 1 0 0 0 1 -0.56 0.757452 -0.43904</i>
                        <i>1 0 0 0 1 0 0 0 1 -0.56 0.757081 -0.439092</i>
                        <i>1 0 0 0 1 0 0 0 1 -0.56 0.756557 -0.439167</i>
                        <i>1 0 0 0 1 0 0 0 1 -0.56 0.755915 -0.439258</i>
                        <i>1 0 0 0 1 0 0 0 1 -0.56 0.75519 -0.43936</i>
                        <i>1 0 0 0 1 0 0 0 1 -0.56 0.754419 -0.439469</i>
                        <i>1 0 0 0 1 0 0 0 1 -0.56 0.753636 -0.43958</i>
                        <i>1 0 0 0 1 0 0 0 1 -0.56 0.752876 -0.439687</i>
                        <i>1 0 0 0 1 0 0 0 1 -0.56 0.752175 -0.439787</i>
                        <i>1 0 0 0 1 0 0 0 1 -0.56 0.751569 -0.439873</i>
                        <i>1 0 0 0 1 0 0 0 1 -0.56 0.751092 -0.43994</i>
                        <i>1 0 0 0 1 0 0 0 1 -0.56 0.75078 -0.439984</i>
                        <i>1 0 0 0 1 0 0 0 1 -0.56 0.750668 -0.44</i>
                        <i>1 0 0 0 1 0 0 0 1 -0.56 0.750668 -0.44</i>
                        <i>1 0 0 0 1 0 0 0 1 -0.56 0.750668 -0.44</i>
                        <i>1 0 0 0 1 0 0 0 1 -0.56 0.750668 -0.44</i>
                        <i>1 0 0 0 1 0 0 0 1 -0.56 0.750668 -0.44</i>
                        <i>1 0 0 0 1 0 0 0 1 -0.56 0.750668 -0.44</i>
                        <i>1 0 0 0 1 0 0 0 1 -0.56 0.750668 -0.44</i>
                        <i>1 0 0 0 1 0 0 0 1 -0.56 0.750668 -0.44</i>
                        <i>1 0 0 0 1 0 0 0 1 -0.56 0.750668 -0.44</i>
                        <i>1 0 0 0 1 0 0 0 1 -0.56 0.750668 -0.44</i>
                        <i>1 0 0 0 1 0 0 0 1 -0.56 0.750668 -0.44</i>
                    </KeyFrames>
                </p>
            </i>
            <i>
                <p>
                    <Name><![CDATA[spine0]]></Name>
                    <Exclude>0</Exclude>
                    <Additive>0</Additive>
                    <IKPriority>0</IKPriority>
                    <IKRotLimits>-1e+010 -1e+010 -1e+010 1e+010 1e+010 1e+010</IKRotLimits>
                    <IKRotLimitOrder>0</IKRotLimitOrder>
                    <KeyFrames count="60">
                        <i>2.22045e-016 1 0.000892209 -1 2.22045e-016 5.42101e-020 -5.42101e-020 -0.000892209 1 -0.56 0.880526 -0.501911</i>
                        <i>0.000483584 0.999992 0.00402092 -0.999999 0.000479954 0.000903749 0.000901812 -0.00402135 0.999992 -0.559995 0.876181 -0.508742</i>
                        <i>0.0018396 0.999914 0.0129488 -0.999993 0.00179595 0.00338177 0.00335822 -0.0129549 0.99991 -0.559999 0.859167 -0.524824</i>
                        <i>0.00394551 0.999653 0.0260547 -0.999968 0.00376212 0.00708417 0.00698369 -0.0260818 0.999635 -0.560034 0.823579 -0.543565</i>
                        <i>0.00665451 0.999177 0.0400078 -0.999913 0.0061925 0.011661 0.0114037 -0.0400819 0.999131 -0.560094 0.763697 -0.558469</i>
                        <i>0.00975095 0.998634 0.0513261 -0.99982 0.00890101 0.0167623 0.0162826 -0.0514803 0.998541 -0.560123 0.673903 -0.563104</i>
                        <i>0.0130597 0.997958 0.0625247 -0.999689 0.0117016 0.022038 0.0212614 -0.062793 0.9978 -0.560024 0.744407 -0.555022</i>
                        <i>0.0164601 0.996898 0.0769655 -0.999528 0.0144083 0.0271383 0.0259452 -0.0773758 0.996664 -0.559754 0.803054 -0.538604</i>
                        <i>0.0197162 0.995487 0.0928281 -0.999355 0.0168356 0.0317134 0.0300074 -0.0933935 0.995177 -0.559336 0.849609 -0.517717</i>
                        <i>0.0225211 0.993912 0.107846 -0.999196 0.0187982 0.0354137 0.0331708 -0.108557 0.993537 -0.558857 0.884237 -0.496447</i>
                        <i>0.024504 0.992557 0.119287 -0.99908 0.0201113 0.0378901 0.0352091 -0.120106 0.992137 -0.558449 0.907601 -0.479058</i>
                        <i>0.0252626 0.991949 0.124092 -0.999035 0.0205901 0.0387932 0.0359258 -0.124952 0.991512 -0.55826 0.920715 -0.469871</i>
                        <i>0.0249638 0.992329 0.121078 -0.99905 0.0204352 0.038501 0.0357314 -0.121924 0.991896 -0.558304 0.922527 -0.46883</i>
                        <i>0.0241304 0.99332 0.112839 -0.99909 0.019992 0.037665 0.0351576 -0.113645 0.992899 -0.558477 0.913415 -0.472166</i>
                        <i>0.0229449 0.994426 0.102912 -0.999153 0.0192926 0.0363461 0.0341581 -0.103659 0.994026 -0.558736 0.896516 -0.478597</i>
                        <i>0.0215146 0.99545 0.0928293 -0.999232 0.0183693 0.034605 0.0327424 -0.0935026 0.995081 -0.559034 0.874986 -0.486834</i>
                        <i>0.0199045 0.996345 0.0830653 -0.999323 0.0172543 0.0325027 0.0309507 -0.083656 0.996014 -0.559328 0.852074 -0.495608</i>
                        <i>0.0181736 0.997086 0.0740856 -0.999419 0.0159796 0.0300999 0.0288283 -0.0745896 0.996798 -0.55958 0.831154 -0.503686</i>
                        <i>0.0163662 0.99768 0.066084 -0.999517 0.0145776 0.0274574 0.0264304 -0.0665015 0.997436 -0.559763 0.815713 -0.509883</i>
                        <i>0.0145181 0.998146 0.0591072 -0.999611 0.0130806 0.0246363 0.0238175 -0.0594418 0.997948 -0.559862 0.809308 -0.513053</i>
                        <i>0.0126509 0.998531 0.0526905 -0.999698 0.0115207 0.0216973 0.0210584 -0.0529491 0.998375 -0.5599 0.810622 -0.513596</i>
                        <i>0.0107988 0.99884 0.0469206 -0.999776 0.00993043 0.0187014 0.0182138 -0.047112 0.998724 -0.559913 0.815439 -0.512862</i>
                        <i>0.00900051 0.999064 0.0423193 -0.999842 0.00834209 0.0157096 0.0153418 -0.042454 0.998981 -0.559912 0.822962 -0.511128</i>
                        <i>0.00726923 0.999252 0.0379789 -0.999895 0.00678807 0.0127827 0.0125153 -0.0380679 0.999197 -0.559909 0.832381 -0.508667</i>
                        <i>0.00562818 0.999438 0.0330595 -0.999936 0.00530081 0.00998176 0.00980091 -0.0331136 0.999404 -0.55991 0.842889 -0.505755</i>
                        <i>0.00411529 0.999608 0.0276838 -0.999965 0.00391271 0.00736775 0.00725655 -0.0277131 0.99959 -0.559918 0.853682 -0.502668</i>
                        <i>0.00276592 0.999753 0.0220626 -0.999984 0.00265619 0.00500162 0.00494179 -0.022076 0.999744 -0.559934 0.863964 -0.499685</i>
                        <i>0.00161169 0.999864 0.0163884 -0.999994 0.00156364 0.00294432 0.0029183 -0.0163931 0.999861 -0.559956 0.872951 -0.497092</i>
                        <i>0.000680982 0.999941 0.0107983 -0.999999 0.00066745 0.0012568 0.00124952 -0.0107991 0.999941 -0.55998 0.879861 -0.495176</i>
                        <i>0 0.999986 0.00535078 -1 0 4.33681e-019 -4.33681e-019 -0.00535078 0.999986 -0.56 0.883919 -0.494224</i>
                        <i>-0.000490067 1 0.000705142 -0.999999 -0.000489417 -0.000921568 -0.000921223 -0.000705593 0.999999 -0.560015 0.886036 -0.493944</i>
                        <i>-0.000874958 0.999997 -0.00214709 -0.999998 -0.000878511 -0.00165423 -0.00165611 0.00214564 0.999996 -0.560027 0.887672 -0.493838</i>
                        <i>-0.00116718 0.999992 -0.00371849 -0.999997 -0.00117541 -0.0022133 -0.00221765 0.00371589 0.999991 -0.560036 0.888867 -0.493888</i>
                        <i>-0.00137548 0.999987 -0.00488572 -0.999996 -0.00138826 -0.00261409 -0.00262084 0.0048821 0.999985 -0.560041 0.889659 -0.494078</i>
                        <i>-0.00150884 0.999983 -0.00568708 -0.999995 -0.00152519 -0.00287192 -0.00288055 0.00568271 0.99998 -0.560044 0.89009 -0.494389</i>
                        <i>-0.00157581 0.99998 -0.00615927 -0.999994 -0.00159433 -0.00300212 -0.00301188 0.00615451 0.999977 -0.560044 0.890199 -0.494804</i>
                        <i>-0.00158465 0.999979 -0.00633814 -0.999994 -0.00160382 -0.00301999 -0.00303009 0.00633332 0.999975 -0.560042 0.890025 -0.495307</i>
                        <i>-0.00154336 0.999979 -0.00625922 -0.999994 -0.00156179 -0.00294085 -0.00295056 0.00625464 0.999976 -0.560039 0.889609 -0.495878</i>
                        <i>-0.0014598 0.999981 -0.00595822 -0.999995 -0.00147638 -0.00278002 -0.00278877 0.00595413 0.999978 -0.560035 0.888991 -0.496502</i>
                        <i>-0.00134174 0.999984 -0.00547151 -0.999996 -0.00135572 -0.00255282 -0.0025602 0.00546806 0.999982 -0.56003 0.888211 -0.49716</i>
                        <i>-0.00119694 0.999988 -0.00483634 -0.999997 -0.00120795 -0.00227456 -0.00228038 0.0048336 0.999986 -0.560025 0.88731 -0.497836</i>
                        <i>-0.00103317 0.999991 -0.00409101 -0.999998 -0.0010412 -0.00196057 -0.00196481 0.00408898 0.99999 -0.560021 0.886328 -0.498512</i>
                        <i>-0.000858268 0.999994 -0.00327503 -0.999998 -0.000863597 -0.00162615 -0.00162897 0.00327363 0.999993 -0.560016 0.885307 -0.499172</i>
                        <i>-0.000680159 0.999997 -0.00242904 -0.999999 -0.000683286 -0.00128662 -0.00128828 0.00242817 0.999996 -0.560012 0.884288 -0.499798</i>
                        <i>-0.00050687 0.999999 -0.00159481 -0.999999 -0.000508397 -0.000957308 -0.000958118 0.00159432 0.999998 -0.560008 0.883311 -0.500374</i>
                        <i>-0.000346534 1 -0.000814959 -1 -0.000347066 -0.000653523 -0.000653805 0.000814732 0.999999 -0.560005 0.882419 -0.500882</i>
                        <i>-0.000207374 1 -0.000132759 -1 -0.000207426 -0.000390581 -0.000390609 0.000132677 1 -0.560003 0.881653 -0.501307</i>
                        <i>-9.76872e-005 1 0.000408135 -1 -9.76122e-005 -0.000183803 -0.000183763 -0.000408153 1 -0.560001 0.881055 -0.501631</i>
                        <i>-2.57958e-005 1 0.000764144 -1 -2.57588e-005 -4.85036e-005 -4.84839e-005 -0.000764145 1 -0.56 0.880665 -0.501838</i>
                        <i>2.22045e-016 1 0.000892209 -1 2.22045e-016 5.42101e-020 -5.42101e-020 -0.000892209 1 -0.56 0.880526 -0.501911</i>
                        <i>2.22045e-016 1 0.000892209 -1 2.22045e-016 5.42101e-020 -5.42101e-020 -0.000892209 1 -0.56 0.880526 -0.501911</i>
                        <i>2.22045e-016 1 0.000892209 -1 2.22045e-016 5.42101e-020 -5.42101e-020 -0.000892209 1 -0.56 0.880526 -0.501911</i>
                        <i>2.22045e-016 1 0.000892209 -1 2.22045e-016 5.42101e-020 -5.42101e-020 -0.000892209 1 -0.56 0.880526 -0.501911</i>
                        <i>2.22045e-016 1 0.000892209 -1 2.22045e-016 5.42101e-020 -5.42101e-020 -0.000892209 1 -0.56 0.880526 -0.501911</i>
                        <i>2.22045e-016 1 0.000892209 -1 2.22045e-016 5.42101e-020 -5.42101e-020 -0.000892209 1 -0.56 0.880526 -0.501911</i>
                        <i>2.22045e-016 1 0.000892209 -1 2.22045e-016 5.42101e-020 -5.42101e-020 -0.000892209 1 -0.56 0.880526 -0.501911</i>
                        <i>2.22045e-016 1 0.000892209 -1 2.22045e-016 5.42101e-020 -5.42101e-020 -0.000892209 1 -0.56 0.880526 -0.501911</i>
                        <i>2.22045e-016 1 0.000892209 -1 2.22045e-016 5.42101e-020 -5.42101e-020 -0.000892209 1 -0.56 0.880526 -0.501911</i>
                        <i>2.22045e-016 1 0.000892209 -1 2.22045e-016 5.42101e-020 -5.42101e-020 -0.000892209 1 -0.56 0.880526 -0.501911</i>
                        <i>2.22045e-016 1 0.000892209 -1 2.22045e-016 5.42101e-020 -5.42101e-020 -0.000892209 1 -0.56 0.880526 -0.501911</i>
                    </KeyFrames>
                </p>
            </i>
            <i>
                <p>
                    <Name><![CDATA[spine1]]></Name>
                    <Exclude>0</Exclude>
                    <Additive>0</Additive>
                    <IKPriority>0</IKPriority>
                    <IKRotLimits>-1e+010 -1e+010 -1e+010 1e+010 1e+010 1e+010</IKRotLimits>
                    <IKRotLimitOrder>0</IKRotLimitOrder>
                    <KeyFrames count="60">
                        <i>2.10359e-016 0.947167 0.32074 -1 2.22045e-016 5.42101e-020 -7.10823e-017 -0.32074 0.947167 -0.56 1.05872 -0.501792</i>
                        <i>0.000745177 0.946841 0.3217 -0.999999 0.000479954 0.000903749 0.000701306 -0.3217 0.946841 -0.559909 1.05453 -0.508067</i>
                        <i>0.00279285 0.94629 0.323307 -0.999993 0.00179595 0.00338177 0.00261949 -0.323314 0.946288 -0.55967 1.03783 -0.522554</i>
                        <i>0.00585612 0.945947 0.324267 -0.999968 0.00376212 0.00708417 0.00548132 -0.324298 0.945939 -0.559328 1.00252 -0.538947</i>
                        <i>0.00964583 0.945696 0.324909 -0.999913 0.0061925 0.011661 0.00901578 -0.324993 0.945673 -0.558902 0.942692 -0.551349</i>
                        <i>0.0138858 0.945142 0.326363 -0.99982 0.00890101 0.0167623 0.0129378 -0.326537 0.945096 -0.558379 0.852525 -0.553968</i>
                        <i>0.0182386 0.945419 0.325346 -0.999689 0.0117016 0.022038 0.0170281 -0.325647 0.945338 -0.557703 0.921859 -0.543943</i>
                        <i>0.022331 0.947316 0.319521 -0.999528 0.0144083 0.0271383 0.0211048 -0.319976 0.947191 -0.556857 0.978595 -0.525079</i>
                        <i>0.0258892 0.949872 0.311567 -0.999355 0.0168356 0.0317134 0.0248782 -0.312187 0.949695 -0.555904 1.02292 -0.501571</i>
                        <i>0.0287376 0.951712 0.305644 -0.999196 0.0187982 0.0354137 0.0279581 -0.306416 0.951487 -0.554978 1.05542 -0.477877</i>
                        <i>0.0308057 0.951056 0.307479 -0.99908 0.0201113 0.0378901 0.0298518 -0.308363 0.9508 -0.554262 1.07719 -0.458673</i>
                        <i>0.0320561 0.945643 0.323622 -0.999035 0.0205901 0.0387932 0.0300211 -0.324553 0.945391 -0.553955 1.08974 -0.44872</i>
                        <i>0.0325716 0.936977 0.347869 -0.99905 0.0204352 0.038501 0.0289658 -0.348792 0.936752 -0.554034 1.09223 -0.44812</i>
                        <i>0.0325098 0.928698 0.369408 -0.99909 0.019992 0.037665 0.0275942 -0.370297 0.928504 -0.554317 1.08468 -0.452716</i>
                        <i>0.0319845 0.919833 0.391004 -0.999153 0.0192926 0.0363461 0.0258889 -0.391835 0.919671 -0.554737 1.06985 -0.460676</i>
                        <i>0.0309557 0.911574 0.409968 -0.999232 0.0183693 0.034605 0.0240142 -0.410725 0.911443 -0.55524 1.05057 -0.47049</i>
                        <i>0.029406 0.90544 0.423455 -0.999323 0.0172543 0.0325027 0.0221228 -0.424124 0.905334 -0.555778 1.02983 -0.480831</i>
                        <i>0.0273641 0.902731 0.429333 -0.999419 0.0159796 0.0300999 0.0203115 -0.429908 0.902644 -0.556308 1.01072 -0.490396</i>
                        <i>0.0248922 0.904391 0.425978 -0.999517 0.0145776 0.0274574 0.0186225 -0.426455 0.904317 -0.556799 0.996452 -0.497971</i>
                        <i>0.0220723 0.910958 0.411907 -0.999611 0.0130806 0.0246363 0.0170547 -0.412291 0.910893 -0.55723 0.990335 -0.502393</i>
                        <i>0.0190773 0.920532 0.390201 -0.999698 0.0115207 0.0216973 0.0154777 -0.390497 0.920474 -0.557613 0.99121 -0.504124</i>
                        <i>0.016124 0.929524 0.36841 -0.999776 0.00993043 0.0187014 0.0137249 -0.368629 0.929475 -0.557969 0.995289 -0.504465</i>
                        <i>0.0133221 0.936416 0.350638 -0.999842 0.00834209 0.0157096 0.0117856 -0.350792 0.936379 -0.558301 1.00194 -0.503593</i>
                        <i>0.0106981 0.941492 0.336866 -0.999895 0.00678807 0.0127827 0.00974812 -0.336967 0.941466 -0.558614 1.01044 -0.501941</i>
                        <i>0.00826657 0.945293 0.326117 -0.999936 0.00530081 0.00998176 0.00770701 -0.326178 0.945277 -0.558913 1.02004 -0.499931</i>
                        <i>0.00605116 0.948156 0.317749 -0.999965 0.00391271 0.00736775 0.00574252 -0.317782 0.948146 -0.559193 1.02995 -0.497815</i>
                        <i>0.0040807 0.950347 0.311166 -0.999984 0.00265619 0.00500162 0.00392676 -0.311182 0.950342 -0.559449 1.03943 -0.495837</i>
                        <i>0.00238916 0.952087 0.305817 -0.999994 0.00156364 0.00294432 0.00232506 -0.305823 0.952086 -0.559675 1.04777 -0.494247</i>
                        <i>0.00101501 0.953558 0.301209 -0.999999 0.00066745 0.0012568 0.000997392 -0.30121 0.953557 -0.559861 1.05427 -0.49331</i>
                        <i>-1.26542e-019 0.954908 0.296901 -1 0 4.33681e-019 -4.14809e-019 -0.296901 0.954908 -0.56 1.05824 -0.493309</i>
                        <i>-0.000738192 0.956019 0.293304 -0.999999 -0.000489417 -0.000921568 -0.000737489 -0.293305 0.956019 -0.560101 1.06047 -0.493839</i>
                        <i>-0.00132226 0.956637 0.291281 -0.999998 -0.000878511 -0.00165423 -0.0013266 -0.291282 0.956636 -0.56018 1.0622 -0.494231</i>
                        <i>-0.00176775 0.956864 0.29053 -0.999997 -0.00117541 -0.0022133 -0.00177633 -0.290533 0.956863 -0.560239 1.06351 -0.494557</i>
                        <i>-0.00208784 0.956865 0.290525 -0.999996 -0.00138826 -0.00261409 -0.00209801 -0.290529 0.956864 -0.560281 1.06446 -0.494952</i>
                        <i>-0.00229535 0.956666 0.291177 -0.999995 -0.00152519 -0.00287192 -0.00230337 -0.291182 0.956665 -0.560308 1.06508 -0.495405</i>
                        <i>-0.00240247 0.956294 0.292397 -0.999994 -0.00159433 -0.00300212 -0.00240473 -0.292403 0.956292 -0.56032 1.06542 -0.495906</i>
                        <i>-0.00242106 0.955774 0.294094 -0.999994 -0.00160382 -0.00301999 -0.00241475 -0.294099 0.955772 -0.56032 1.0655 -0.496443</i>
                        <i>-0.00236274 0.95513 0.296176 -0.999994 -0.00156179 -0.00294085 -0.00234633 -0.296181 0.955129 -0.56031 1.06535 -0.497004</i>
                        <i>-0.00223904 0.95439 0.298556 -0.999995 -0.00147638 -0.00278002 -0.00221244 -0.29856 0.954388 -0.560292 1.06502 -0.497579</i>
                        <i>-0.00206156 0.953577 0.301144 -0.999996 -0.00135572 -0.00255282 -0.00202604 -0.301148 0.953575 -0.560267 1.06453 -0.498154</i>
                        <i>-0.00184198 0.952716 0.303855 -0.999997 -0.00120795 -0.00227456 -0.00179997 -0.303858 0.952715 -0.560237 1.06391 -0.498721</i>
                        <i>-0.00159217 0.951835 0.306606 -0.999998 -0.0010412 -0.00196057 -0.0015469 -0.306609 0.951834 -0.560203 1.06321 -0.499269</i>
                        <i>-0.00132424 0.950958 0.309316 -0.999998 -0.000863597 -0.00162615 -0.00127927 -0.309318 0.950958 -0.560168 1.06245 -0.499787</i>
                        <i>-0.0010505 0.950113 0.311906 -0.999999 -0.000683286 -0.00128662 -0.00100932 -0.311907 0.950112 -0.560132 1.06168 -0.500265</i>
                        <i>-0.000783515 0.949324 0.314299 -0.999999 -0.000508397 -0.000957308 -0.000749007 -0.3143 0.949323 -0.560098 1.06093 -0.500694</i>
                        <i>-0.000536022 0.948618 0.316422 -1 -0.000347066 -0.000653523 -0.000510124 -0.316422 0.948618 -0.560067 1.06023 -0.501066</i>
                        <i>-0.000320928 0.948024 0.3182 -1 -0.000207426 -0.000390581 -0.000304277 -0.3182 0.948024 -0.56004 1.05962 -0.50137</i>
                        <i>-0.00015123 0.947566 0.319561 -1 -9.76122e-005 -0.000183803 -0.000142972 -0.319561 0.947566 -0.560019 1.05915 -0.501599</i>
                        <i>-3.99427e-005 0.947271 0.320433 -1 -2.57588e-005 -4.85036e-005 -3.76921e-005 -0.320433 0.947271 -0.560005 1.05883 -0.501742</i>
                        <i>2.10359e-016 0.947167 0.32074 -1 2.22045e-016 5.42101e-020 -7.10823e-017 -0.32074 0.947167 -0.56 1.05872 -0.501792</i>
                        <i>2.10359e-016 0.947167 0.32074 -1 2.22045e-016 5.42101e-020 -7.10823e-017 -0.32074 0.947167 -0.56 1.05872 -0.501792</i>
                        <i>2.10359e-016 0.947167 0.32074 -1 2.22045e-016 5.42101e-020 -7.10823e-017 -0.32074 0.947167 -0.56 1.05872 -0.501792</i>
                        <i>2.10359e-016 0.947167 0.32074 -1 2.22045e-016 5.42101e-020 -7.10823e-017 -0.32074 0.947167 -0.56 1.05872 -0.501792</i>
                        <i>2.10359e-016 0.947167 0.32074 -1 2.22045e-016 5.42101e-020 -7.10823e-017 -0.32074 0.947167 -0.56 1.05872 -0.501792</i>
                        <i>2.10359e-016 0.947167 0.32074 -1 2.22045e-016 5.42101e-020 -7.10823e-017 -0.32074 0.947167 -0.56 1.05872 -0.501792</i>
                        <i>2.10359e-016 0.947167 0.32074 -1 2.22045e-016 5.42101e-020 -7.10823e-017 -0.32074 0.947167 -0.56 1.05872 -0.501792</i>
                        <i>2.10359e-016 0.947167 0.32074 -1 2.22045e-016 5.42101e-020 -7.10823e-017 -0.32074 0.947167 -0.56 1.05872 -0.501792</i>
                        <i>2.10359e-016 0.947167 0.32074 -1 2.22045e-016 5.42101e-020 -7.10823e-017 -0.32074 0.947167 -0.56 1.05872 -0.501792</i>
                        <i>2.10359e-016 0.947167 0.32074 -1 2.22045e-016 5.42101e-020 -7.10823e-017 -0.32074 0.947167 -0.56 1.05872 -0.501792</i>
                        <i>2.10359e-016 0.947167 0.32074 -1 2.22045e-016 5.42101e-020 -7.10823e-017 -0.32074 0.947167 -0.56 1.05872 -0.501792</i>
                    </KeyFrames>
                </p>
            </i>
            <i>
                <p>
                    <Name><![CDATA[spine2]]></Name>
                    <Exclude>0</Exclude>
                    <Additive>0</Additive>
                    <IKPriority>0</IKPriority>
                    <IKRotLimits>-1e+010 -1e+010 -1e+010 1e+010 1e+010 1e+010</IKRotLimits>
                    <IKRotLimitOrder>0</IKRotLimitOrder>
                    <KeyFrames count="60">
                        <i>1.8791e-016 0.845926 0.5333 -1 2.22045e-016 5.42101e-020 -1.18295e-016 -0.5333 0.845926 -0.56 1.21388 -0.449093</i>
                        <i>0.000874148 0.859798 0.510633 -0.999999 0.000479954 0.000903749 0.000531962 -0.510634 0.859798 -0.559787 1.20977 -0.455163</i>
                        <i>0.00314044 0.889978 0.455993 -0.999993 0.00179595 0.00338177 0.00219076 -0.456 0.889977 -0.559211 1.19327 -0.469285</i>
                        <i>0.00622809 0.920722 0.390169 -0.999968 0.00376212 0.00708417 0.00505469 -0.390201 0.920716 -0.558363 1.1582 -0.485418</i>
                        <i>0.00975279 0.941748 0.336177 -0.999913 0.0061925 0.011661 0.00889997 -0.336262 0.941727 -0.557312 1.09847 -0.49767</i>
                        <i>0.0137787 0.947802 0.318562 -0.99982 0.00890101 0.0167623 0.0130518 -0.318736 0.947754 -0.556093 1.00798 -0.500136</i>
                        <i>0.0184232 0.94181 0.335639 -0.999689 0.0117016 0.022038 0.0168281 -0.335941 0.941733 -0.554718 1.07646 -0.490607</i>
                        <i>0.0233651 0.930009 0.366795 -0.999528 0.0144083 0.0271383 0.019954 -0.367255 0.929906 -0.553237 1.13203 -0.473226</i>
                        <i>0.0283313 0.912342 0.408447 -0.999355 0.0168356 0.0317134 0.022057 -0.409082 0.912231 -0.551755 1.17507 -0.451602</i>
                        <i>0.0329364 0.888518 0.457659 -0.999196 0.0187982 0.0354137 0.0228626 -0.458457 0.888422 -0.550422 1.20626 -0.429405</i>
                        <i>0.0366884 0.858309 0.51182 -0.99908 0.0201113 0.0378901 0.022228 -0.512739 0.858257 -0.549418 1.22674 -0.410316</i>
                        <i>0.0390004 0.822076 0.568041 -0.999035 0.0205901 0.0387932 0.0201949 -0.569006 0.822085 -0.548928 1.23802 -0.397971</i>
                        <i>0.0397975 0.787925 0.614484 -0.99905 0.0204352 0.038501 0.0177788 -0.615433 0.787989 -0.548909 1.23966 -0.393365</i>
                        <i>0.039537 0.765178 0.642603 -0.99909 0.019992 0.037665 0.0159736 -0.643508 0.765273 -0.549159 1.23196 -0.394081</i>
                        <i>0.0384465 0.752509 0.657459 -0.999153 0.0192926 0.0363461 0.0146667 -0.6583 0.752613 -0.549608 1.21727 -0.397918</i>
                        <i>0.0366417 0.750825 0.659484 -0.999232 0.0183693 0.034605 0.0138681 -0.660246 0.750922 -0.550216 1.19837 -0.403883</i>
                        <i>0.0342607 0.758584 0.650674 -0.999323 0.0172543 0.0325027 0.0134291 -0.651347 0.758661 -0.550951 1.17828 -0.411224</i>
                        <i>0.0314234 0.773924 0.632498 -0.999419 0.0159796 0.0300999 0.0131879 -0.633077 0.773977 -0.551774 1.1601 -0.41914</i>
                        <i>0.0282459 0.794759 0.606268 -0.999517 0.0145776 0.0274574 0.0129841 -0.60675 0.794787 -0.55265 1.14699 -0.426837</i>
                        <i>0.0248432 0.819104 0.573107 -0.999611 0.0130806 0.0246363 0.0126831 -0.573496 0.81911 -0.553546 1.14215 -0.433521</i>
                        <i>0.0213756 0.843215 0.537151 -0.999698 0.0115207 0.0216973 0.0121071 -0.537453 0.843207 -0.554438 1.14421 -0.439058</i>
                        <i>0.0180357 0.862103 0.506411 -0.999776 0.00993043 0.0187014 0.0110937 -0.506635 0.862089 -0.555297 1.14913 -0.443301</i>
                        <i>0.0149359 0.873373 0.486822 -0.999842 0.00834209 0.0157096 0.00965919 -0.48698 0.87336 -0.556104 1.15616 -0.445675</i>
                        <i>0.012085 0.877565 0.479304 -0.999895 0.00678807 0.0127827 0.00796408 -0.479409 0.877556 -0.55686 1.16469 -0.446599</i>
                        <i>0.00946017 0.875792 0.482596 -0.999936 0.00530081 0.00998176 0.0061838 -0.48266 0.875786 -0.557564 1.1741 -0.446647</i>
                        <i>0.00704028 0.869596 0.493713 -0.999965 0.00391271 0.00736775 0.00447522 -0.493748 0.869594 -0.558211 1.18369 -0.446175</i>
                        <i>0.00483367 0.860504 0.509421 -0.999984 0.00265619 0.00500162 0.0029508 -0.509437 0.860503 -0.55879 1.19282 -0.445511</i>
                        <i>0.00287944 0.850207 0.526441 -0.999994 0.00156364 0.00294432 0.00168012 -0.526447 0.850207 -0.55929 1.20086 -0.44498</i>
                        <i>0.0012417 0.840687 0.541521 -0.999999 0.00066745 0.0012568 0.000695139 -0.541522 0.840687 -0.559698 1.20722 -0.444908</i>
                        <i>-2.37223e-019 0.834194 0.55147 -1 0 4.33681e-019 -3.63049e-019 -0.55147 0.834194 -0.56 1.21132 -0.445626</i>
                        <i>-0.000919584 0.830735 0.556668 -0.999999 -0.000489417 -0.000921568 -0.000493136 -0.556669 0.830735 -0.560219 1.21381 -0.446703</i>
                        <i>-0.0016531 0.829198 0.558952 -0.999998 -0.000878511 -0.00165423 -0.000880639 -0.558954 0.829198 -0.560392 1.21573 -0.447391</i>
                        <i>-0.0022121 0.829045 0.559178 -0.999997 -0.00117541 -0.0022133 -0.00117766 -0.559181 0.829045 -0.560523 1.21717 -0.447806</i>
                        <i>-0.00261217 0.829249 0.558873 -0.999996 -0.00138826 -0.00261409 -0.00139187 -0.558878 0.829249 -0.560617 1.21826 -0.448158</i>
                        <i>-0.00286839 0.829768 0.558102 -0.999995 -0.00152519 -0.00287192 -0.00153182 -0.558107 0.829768 -0.560677 1.21903 -0.448451</i>
                        <i>-0.00299616 0.830556 0.556927 -0.999994 -0.00159433 -0.00300212 -0.0016055 -0.556933 0.830556 -0.560707 1.2195 -0.448691</i>
                        <i>-0.00301104 0.831569 0.555413 -0.999994 -0.00160382 -0.00301999 -0.00162055 -0.555419 0.831569 -0.560711 1.21972 -0.448882</i>
                        <i>-0.00292874 0.832762 0.553624 -0.999994 -0.00156179 -0.00294085 -0.00158438 -0.553629 0.832762 -0.560692 1.2197 -0.44903</i>
                        <i>-0.00276497 0.83409 0.551621 -0.999995 -0.00147638 -0.00278002 -0.00150439 -0.551626 0.83409 -0.560655 1.21949 -0.449138</i>
                        <i>-0.00253543 0.835511 0.549468 -0.999996 -0.00135572 -0.00255282 -0.00138798 -0.549473 0.835511 -0.560601 1.21912 -0.449212</i>
                        <i>-0.00225574 0.836981 0.547228 -0.999997 -0.00120795 -0.00227456 -0.00124274 -0.547231 0.836981 -0.560536 1.21861 -0.449255</i>
                        <i>-0.00194144 0.838459 0.544962 -0.999998 -0.0010412 -0.00196057 -0.00107644 -0.544964 0.838459 -0.560462 1.218 -0.449273</i>
                        <i>-0.0016079 0.839905 0.542731 -0.999998 -0.000863597 -0.00162615 -0.000897108 -0.542733 0.839905 -0.560384 1.21733 -0.449271</i>
                        <i>-0.00127038 0.84128 0.540599 -0.999999 -0.000683286 -0.00128662 -0.000713025 -0.5406 0.84128 -0.560304 1.21664 -0.449254</i>
                        <i>-0.000943979 0.842545 0.538625 -0.999999 -0.000508397 -0.000957308 -0.00053274 -0.538626 0.842545 -0.560226 1.21595 -0.449225</i>
                        <i>-0.000643666 0.843663 0.536873 -1 -0.000347066 -0.000653523 -0.000365023 -0.536873 0.843663 -0.560155 1.2153 -0.449191</i>
                        <i>-0.00038431 0.844597 0.535402 -1 -0.000207426 -0.000390581 -0.000218828 -0.535402 0.844597 -0.560092 1.21473 -0.449156</i>
                        <i>-0.000180714 0.845311 0.534275 -1 -9.76122e-005 -0.000183803 -0.000103219 -0.534275 0.845311 -0.560044 1.21428 -0.449124</i>
                        <i>-4.76652e-005 0.845766 0.533554 -1 -2.57588e-005 -4.85036e-005 -2.7279e-005 -0.533554 0.845766 -0.560012 1.21399 -0.449102</i>
                        <i>1.8791e-016 0.845926 0.5333 -1 2.22045e-016 5.42101e-020 -1.18295e-016 -0.5333 0.845926 -0.56 1.21388 -0.449093</i>
                        <i>1.8791e-016 0.845926 0.5333 -1 2.22045e-016 5.42101e-020 -1.18295e-016 -0.5333 0.845926 -0.56 1.21388 -0.449093</i>
                        <i>1.8791e-016 0.845926 0.5333 -1 2.22045e-016 5.42101e-020 -1.18295e-016 -0.5333 0.845926 -0.56 1.21388 -0.449093</i>
                        <i>1.8791e-016 0.845926 0.5333 -1 2.22045e-016 5.42101e-020 -1.18295e-016 -0.5333 0.845926 -0.56 1.21388 -0.449093</i>
                        <i>1.8791e-016 0.845926 0.5333 -1 2.22045e-016 5.42101e-020 -1.18295e-016 -0.5333 0.845926 -0.56 1.21388 -0.449093</i>
                        <i>1.8791e-016 0.845926 0.5333 -1 2.22045e-016 5.42101e-020 -1.18295e-016 -0.5333 0.845926 -0.56 1.21388 -0.449093</i>
                        <i>1.8791e-016 0.845926 0.5333 -1 2.22045e-016 5.42101e-020 -1.18295e-016 -0.5333 0.845926 -0.56 1.21388 -0.449093</i>
                        <i>1.8791e-016 0.845926 0.5333 -1 2.22045e-016 5.42101e-020 -1.18295e-016 -0.5333 0.845926 -0.56 1.21388 -0.449093</i>
                        <i>1.8791e-016 0.845926 0.5333 -1 2.22045e-016 5.42101e-020 -1.18295e-016 -0.5333 0.845926 -0.56 1.21388 -0.449093</i>
                        <i>1.8791e-016 0.845926 0.5333 -1 2.22045e-016 5.42101e-020 -1.18295e-016 -0.5333 0.845926 -0.56 1.21388 -0.449093</i>
                        <i>1.8791e-016 0.845926 0.5333 -1 2.22045e-016 5.42101e-020 -1.18295e-016 -0.5333 0.845926 -0.56 1.21388 -0.449093</i>
                    </KeyFrames>
                </p>
            </i>
            <i>
                <p>
                    <Name><![CDATA[head]]></Name>
                    <Exclude>0</Exclude>
                    <Additive>0</Additive>
                    <IKPriority>0</IKPriority>
                    <IKRotLimits>-1e+010 -1e+010 -1e+010 1e+010 1e+010 1e+010</IKRotLimits>
                    <IKRotLimitOrder>0</IKRotLimitOrder>
                    <KeyFrames count="60">
                        <i>1.92438e-016 0.991582 0.129481 -8.24145e-017 0.129481 -0.991582 -1 1.86316e-016 1.08773e-016 -0.56 1.44136 -0.31979</i>
                        <i>0.000600735 0.990322 0.138784 -0.000828393 0.138784 -0.990322 -0.999999 0.000479954 0.000903749 -0.559566 1.44159 -0.33376</i>
                        <i>0.00231564 0.987023 0.16056 -0.00304952 0.160567 -0.98702 -0.999993 0.00179595 0.00338177 -0.558433 1.43404 -0.367138</i>
                        <i>0.00501186 0.982607 0.185627 -0.00626261 0.185656 -0.982595 -0.999968 0.00376212 0.00708417 -0.556869 1.40707 -0.406684</i>
                        <i>0.00845111 0.978744 0.204914 -0.0101442 0.204995 -0.978711 -0.999913 0.0061925 0.011661 -0.555048 1.35186 -0.438151</i>
                        <i>0.0122165 0.977736 0.209485 -0.0145245 0.209652 -0.977668 -0.99982 0.00890101 0.0167623 -0.552935 1.26229 -0.446843</i>
                        <i>0.0154358 0.983955 0.177747 -0.0196045 0.178032 -0.983829 -0.999689 0.0117016 0.022038 -0.550441 1.3291 -0.430743</i>
                        <i>0.0173114 0.993784 0.109974 -0.0253851 0.110392 -0.993564 -0.999528 0.0144083 0.0271383 -0.54769 1.38109 -0.401146</i>
                        <i>0.0178097 0.99937 0.0306895 -0.0311767 0.0312345 -0.999026 -0.999355 0.0168356 0.0317134 -0.544864 1.41826 -0.36354</i>
                        <i>0.0175701 0.999244 -0.0346759 -0.0360388 -0.0340258 -0.998771 -0.999196 0.0187982 0.0354137 -0.542246 1.44123 -0.323437</i>
                        <i>0.0177842 0.997992 -0.0607846 -0.0390365 -0.0600547 -0.997432 -0.99908 0.0201113 0.0378901 -0.540184 1.45162 -0.286199</i>
                        <i>0.0197225 0.99955 -0.0226152 -0.0392414 -0.0218283 -0.998991 -0.999035 0.0205901 0.0387932 -0.539037 1.45204 -0.256835</i>
                        <i>0.0230104 0.997442 0.0676754 -0.0370196 0.0684971 -0.996964 -0.99905 0.0204352 0.038501 -0.538767 1.44472 -0.239054</i>
                        <i>0.0261771 0.984811 0.171646 -0.0336614 0.172475 -0.984438 -0.99909 0.019992 0.037665 -0.539044 1.43203 -0.231959</i>
                        <i>0.0286994 0.959708 0.279531 -0.0294888 0.280337 -0.959449 -0.999153 0.0192926 0.0363461 -0.539738 1.41582 -0.231985</i>
                        <i>0.0300959 0.925397 0.377802 -0.0250834 0.378553 -0.92524 -0.999232 0.0183693 0.034605 -0.540788 1.39881 -0.238032</i>
                        <i>0.0302413 0.888322 0.458225 -0.0209665 0.458897 -0.888242 -0.999323 0.0172543 0.0325027 -0.542129 1.38319 -0.248771</i>
                        <i>0.0291809 0.857487 0.513677 -0.0176019 0.514257 -0.857456 -0.999419 0.0159796 0.0300999 -0.543697 1.37115 -0.262989</i>
                        <i>0.0270699 0.842408 0.53816 -0.0152853 0.538643 -0.842395 -0.999517 0.0145776 0.0274574 -0.545421 1.36496 -0.27942</i>
                        <i>0.0240728 0.850726 0.525057 -0.0140907 0.525446 -0.85071 -0.999611 0.0130806 0.0246363 -0.547232 1.36703 -0.2967</i>
