<?xml version="1.0" encoding="ISO-8859-1" ?>
<Animl Version="1">
    <ModellingPackage><![CDATA[Maya.2010]]></ModellingPackage>
    <SrcFile><![CDATA[anims\vehicles\red\~src\land\tank_t80\tank_t80_idle_crewman_b.mb]]></SrcFile>
    <FramesPerSecond>30</FramesPerSecond>
    <TotalFrames>60</TotalFrames>
    <Skeleton>
        <RefFrame>
            <Name><![CDATA[soldier_ref_frame]]></Name>
            <Exclude>0</Exclude>
            <Additive>0</Additive>
            <IKPriority>0</IKPriority>
            <IKRotLimits>-1e+010 -1e+010 -1e+010 1e+010 1e+010 1e+010</IKRotLimits>
            <IKRotLimitOrder>0</IKRotLimitOrder>
            <KeyFrames count="60">
                <i>1 0 0 0 1 0 0 0 1 0 0 0</i>
                <i>1 0 0 0 1 0 0 0 1 0 0 0</i>
                <i>1 0 0 0 1 0 0 0 1 0 0 0</i>
                <i>1 0 0 0 1 0 0 0 1 0 0 0</i>
                <i>1 0 0 0 1 0 0 0 1 0 0 0</i>
                <i>1 0 0 0 1 0 0 0 1 0 0 0</i>
                <i>1 0 0 0 1 0 0 0 1 0 0 0</i>
                <i>1 0 0 0 1 0 0 0 1 0 0 0</i>
                <i>1 0 0 0 1 0 0 0 1 0 0 0</i>
                <i>1 0 0 0 1 0 0 0 1 0 0 0</i>
                <i>1 0 0 0 1 0 0 0 1 0 0 0</i>
                <i>1 0 0 0 1 0 0 0 1 0 0 0</i>
                <i>1 0 0 0 1 0 0 0 1 0 0 0</i>
                <i>1 0 0 0 1 0 0 0 1 0 0 0</i>
                <i>1 0 0 0 1 0 0 0 1 0 0 0</i>
                <i>1 0 0 0 1 0 0 0 1 0 0 0</i>
                <i>1 0 0 0 1 0 0 0 1 0 0 0</i>
                <i>1 0 0 0 1 0 0 0 1 0 0 0</i>
                <i>1 0 0 0 1 0 0 0 1 0 0 0</i>
                <i>1 0 0 0 1 0 0 0 1 0 0 0</i>
                <i>1 0 0 0 1 0 0 0 1 0 0 0</i>
                <i>1 0 0 0 1 0 0 0 1 0 0 0</i>
                <i>1 0 0 0 1 0 0 0 1 0 0 0</i>
                <i>1 0 0 0 1 0 0 0 1 0 0 0</i>
                <i>1 0 0 0 1 0 0 0 1 0 0 0</i>
                <i>1 0 0 0 1 0 0 0 1 0 0 0</i>
                <i>1 0 0 0 1 0 0 0 1 0 0 0</i>
                <i>1 0 0 0 1 0 0 0 1 0 0 0</i>
                <i>1 0 0 0 1 0 0 0 1 0 0 0</i>
                <i>1 0 0 0 1 0 0 0 1 0 0 0</i>
                <i>1 0 0 0 1 0 0 0 1 0 0 0</i>
                <i>1 0 0 0 1 0 0 0 1 0 0 0</i>
                <i>1 0 0 0 1 0 0 0 1 0 0 0</i>
                <i>1 0 0 0 1 0 0 0 1 0 0 0</i>
                <i>1 0 0 0 1 0 0 0 1 0 0 0</i>
                <i>1 0 0 0 1 0 0 0 1 0 0 0</i>
                <i>1 0 0 0 1 0 0 0 1 0 0 0</i>
                <i>1 0 0 0 1 0 0 0 1 0 0 0</i>
                <i>1 0 0 0 1 0 0 0 1 0 0 0</i>
                <i>1 0 0 0 1 0 0 0 1 0 0 0</i>
                <i>1 0 0 0 1 0 0 0 1 0 0 0</i>
                <i>1 0 0 0 1 0 0 0 1 0 0 0</i>
                <i>1 0 0 0 1 0 0 0 1 0 0 0</i>
                <i>1 0 0 0 1 0 0 0 1 0 0 0</i>
                <i>1 0 0 0 1 0 0 0 1 0 0 0</i>
                <i>1 0 0 0 1 0 0 0 1 0 0 0</i>
                <i>1 0 0 0 1 0 0 0 1 0 0 0</i>
                <i>1 0 0 0 1 0 0 0 1 0 0 0</i>
                <i>1 0 0 0 1 0 0 0 1 0 0 0</i>
                <i>1 0 0 0 1 0 0 0 1 0 0 0</i>
                <i>1 0 0 0 1 0 0 0 1 0 0 0</i>
                <i>1 0 0 0 1 0 0 0 1 0 0 0</i>
                <i>1 0 0 0 1 0 0 0 1 0 0 0</i>
                <i>1 0 0 0 1 0 0 0 1 0 0 0</i>
                <i>1 0 0 0 1 0 0 0 1 0 0 0</i>
                <i>1 0 0 0 1 0 0 0 1 0 0 0</i>
                <i>1 0 0 0 1 0 0 0 1 0 0 0</i>
                <i>1 0 0 0 1 0 0 0 1 0 0 0</i>
                <i>1 0 0 0 1 0 0 0 1 0 0 0</i>
                <i>1 0 0 0 1 0 0 0 1 0 0 0</i>
            </KeyFrames>
        </RefFrame>
        <Bones count="23">
            <i>
                <p>
                    <Name><![CDATA[pelvis]]></Name>
                    <Exclude>0</Exclude>
                    <Additive>0</Additive>
                    <IKPriority>0</IKPriority>
                    <IKRotLimits>-1e+010 -1e+010 -1e+010 1e+010 1e+010 1e+010</IKRotLimits>
                    <IKRotLimitOrder>2</IKRotLimitOrder>
                    <KeyFrames count="60">
                        <i>1 0 0 0 1 0 0 0 1 0.65 0.62 -0.69</i>
                        <i>1 0 0 0 1 0 0 0 1 0.65 0.621166 -0.69</i>
                        <i>1 0 0 0 1 0 0 0 1 0.65 0.624431 -0.69</i>
                        <i>1 0 0 0 1 0 0 0 1 0.65 0.629446 -0.69</i>
                        <i>1 0 0 0 1 0 0 0 1 0.65 0.63586 -0.69</i>
                        <i>1 0 0 0 1 0 0 0 1 0.65 0.643324 -0.69</i>
                        <i>1 0 0 0 1 0 0 0 1 0.65 0.651487 -0.69</i>
                        <i>1 0 0 0 1 0 0 0 1 0.65 0.66 -0.69</i>
                        <i>1 0 0 0 1 0 0 0 1 0.65 0.668513 -0.69</i>
                        <i>1 0 0 0 1 0 0 0 1 0.65 0.676676 -0.69</i>
                        <i>1 0 0 0 1 0 0 0 1 0.65 0.68414 -0.69</i>
                        <i>1 0 0 0 1 0 0 0 1 0.65 0.690554 -0.69</i>
                        <i>1 0 0 0 1 0 0 0 1 0.65 0.695569 -0.69</i>
                        <i>1 0 0 0 1 0 0 0 1 0.65 0.698834 -0.69</i>
                        <i>1 0 0 0 1 0 0 0 1 0.65 0.7 -0.69</i>
                        <i>1 0 0 0 1 0 0 0 1 0.65 0.698981 -0.69</i>
                        <i>1 0 0 0 1 0 0 0 1 0.65 0.696113 -0.69</i>
                        <i>1 0 0 0 1 0 0 0 1 0.65 0.69168 -0.69</i>
                        <i>1 0 0 0 1 0 0 0 1 0.65 0.685967 -0.69</i>
                        <i>1 0 0 0 1 0 0 0 1 0.65 0.679259 -0.69</i>
                        <i>1 0 0 0 1 0 0 0 1 0.65 0.67184 -0.69</i>
                        <i>1 0 0 0 1 0 0 0 1 0.65 0.663994 -0.69</i>
                        <i>1 0 0 0 1 0 0 0 1 0.65 0.656006 -0.69</i>
                        <i>1 0 0 0 1 0 0 0 1 0.65 0.64816 -0.69</i>
                        <i>1 0 0 0 1 0 0 0 1 0.65 0.640741 -0.69</i>
                        <i>1 0 0 0 1 0 0 0 1 0.65 0.634033 -0.69</i>
                        <i>1 0 0 0 1 0 0 0 1 0.65 0.62832 -0.69</i>
                        <i>1 0 0 0 1 0 0 0 1 0.65 0.623887 -0.69</i>
                        <i>1 0 0 0 1 0 0 0 1 0.65 0.621019 -0.69</i>
                        <i>1 0 0 0 1 0 0 0 1 0.65 0.62 -0.69</i>
                        <i>1 0 0 0 1 0 0 0 1 0.65 0.621019 -0.69</i>
                        <i>1 0 0 0 1 0 0 0 1 0.65 0.623887 -0.69</i>
                        <i>1 0 0 0 1 0 0 0 1 0.65 0.62832 -0.69</i>
                        <i>1 0 0 0 1 0 0 0 1 0.65 0.634033 -0.69</i>
                        <i>1 0 0 0 1 0 0 0 1 0.65 0.640741 -0.69</i>
                        <i>1 0 0 0 1 0 0 0 1 0.65 0.64816 -0.69</i>
                        <i>1 0 0 0 1 0 0 0 1 0.65 0.656006 -0.69</i>
                        <i>1 0 0 0 1 0 0 0 1 0.65 0.663994 -0.69</i>
                        <i>1 0 0 0 1 0 0 0 1 0.65 0.67184 -0.69</i>
                        <i>1 0 0 0 1 0 0 0 1 0.65 0.679259 -0.69</i>
                        <i>1 0 0 0 1 0 0 0 1 0.65 0.685967 -0.69</i>
                        <i>1 0 0 0 1 0 0 0 1 0.65 0.69168 -0.69</i>
                        <i>1 0 0 0 1 0 0 0 1 0.65 0.696113 -0.69</i>
                        <i>1 0 0 0 1 0 0 0 1 0.65 0.698981 -0.69</i>
                        <i>1 0 0 0 1 0 0 0 1 0.65 0.7 -0.69</i>
                        <i>1 0 0 0 1 0 0 0 1 0.65 0.698981 -0.69</i>
                        <i>1 0 0 0 1 0 0 0 1 0.65 0.696113 -0.69</i>
                        <i>1 0 0 0 1 0 0 0 1 0.65 0.69168 -0.69</i>
                        <i>1 0 0 0 1 0 0 0 1 0.65 0.685967 -0.69</i>
                        <i>1 0 0 0 1 0 0 0 1 0.65 0.679259 -0.69</i>
                        <i>1 0 0 0 1 0 0 0 1 0.65 0.67184 -0.69</i>
                        <i>1 0 0 0 1 0 0 0 1 0.65 0.663994 -0.69</i>
                        <i>1 0 0 0 1 0 0 0 1 0.65 0.656006 -0.69</i>
                        <i>1 0 0 0 1 0 0 0 1 0.65 0.64816 -0.69</i>
                        <i>1 0 0 0 1 0 0 0 1 0.65 0.640741 -0.69</i>
                        <i>1 0 0 0 1 0 0 0 1 0.65 0.634033 -0.69</i>
                        <i>1 0 0 0 1 0 0 0 1 0.65 0.62832 -0.69</i>
                        <i>1 0 0 0 1 0 0 0 1 0.65 0.623887 -0.69</i>
                        <i>1 0 0 0 1 0 0 0 1 0.65 0.621019 -0.69</i>
                        <i>1 0 0 0 1 0 0 0 1 0.65 0.62 -0.69</i>
                    </KeyFrames>
                </p>
            </i>
            <i>
                <p>
                    <Name><![CDATA[spine0]]></Name>
                    <Exclude>0</Exclude>
                    <Additive>0</Additive>
                    <IKPriority>0</IKPriority>
                    <IKRotLimits>-1e+010 -1e+010 -1e+010 1e+010 1e+010 1e+010</IKRotLimits>
                    <IKRotLimitOrder>0</IKRotLimitOrder>
                    <KeyFrames count="60">
                        <i>0 0.999669 0.0257105 -1 0 -1.73472e-018 -5.20417e-018 -0.0257105 0.999669 0.65 0.755654 -0.737898</i>
                        <i>0 0.999802 0.0198778 -1 0 1.73472e-018 -1.73472e-018 -0.0198778 0.999802 0.65 0.75682 -0.737898</i>
                        <i>1.11022e-016 0.999883 0.0153288 -1 1.11022e-016 8.67362e-019 -8.67362e-019 -0.0153288 0.999883 0.65 0.760085 -0.737898</i>
                        <i>2.22045e-016 0.999929 0.0119184 -1 2.22045e-016 -1.73472e-018 -3.46945e-018 -0.0119184 0.999929 0.65 0.7651 -0.737898</i>
                        <i>1.11022e-016 0.999955 0.00950178 -1 1.11022e-016 0 0 -0.00950178 0.999955 0.65 0.771514 -0.737898</i>
                        <i>0 0.999969 0.00793321 -1 0 8.67362e-019 -8.67362e-019 -0.00793321 0.999969 0.65 0.778977 -0.737898</i>
                        <i>1.11022e-016 0.999975 0.0070662 -1 1.11022e-016 8.67362e-019 -8.67362e-019 -0.0070662 0.999975 0.65 0.787141 -0.737898</i>
                        <i>0 0.999977 0.00675317 -1 0 4.33681e-019 -4.33681e-019 -0.00675317 0.999977 0.65 0.795654 -0.737898</i>
                        <i>2.22045e-016 0.999977 0.0068457 -1 2.22045e-016 8.67362e-019 -8.67362e-019 -0.0068457 0.999977 0.65 0.804167 -0.737898</i>
                        <i>2.22045e-016 0.999974 0.00719488 -1 2.22045e-016 4.33681e-019 -4.33681e-019 -0.00719488 0.999974 0.65 0.81233 -0.737898</i>
                        <i>1.11022e-016 0.999971 0.00765188 -1 1.11022e-016 4.33681e-019 -4.33681e-019 -0.00765188 0.999971 0.65 0.819794 -0.737898</i>
                        <i>2.22045e-016 0.999967 0.00806868 -1 2.22045e-016 8.67362e-019 -8.67362e-019 -0.00806868 0.999967 0.65 0.826208 -0.737898</i>
                        <i>2.22045e-016 0.99996 0.00889509 -1 2.22045e-016 8.67362e-019 -8.67362e-019 -0.00889509 0.99996 0.65 0.831222 -0.737898</i>
                        <i>2.22045e-016 0.999944 0.0105632 -1 2.22045e-016 8.67362e-019 -8.67362e-019 -0.0105632 0.999944 0.65 0.834487 -0.737898</i>
                        <i>1.11022e-016 0.999917 0.0129011 -1 1.11022e-016 -1.73472e-018 -3.46945e-018 -0.0129011 0.999917 0.65 0.835654 -0.737898</i>
                        <i>2.22045e-016 0.999876 0.0157371 -1 2.22045e-016 1.73472e-018 -1.73472e-018 -0.0157371 0.999876 0.65 0.834634 -0.737898</i>
                        <i>0 0.999821 0.0188983 -1 0 1.73472e-018 -1.73472e-018 -0.0188983 0.999821 0.65 0.831766 -0.737898</i>
                        <i>0 0.999753 0.0222094 -1 0 -1.73472e-018 -5.20417e-018 -0.0222094 0.999753 0.65 0.827334 -0.737898</i>
                        <i>0 0.999675 0.0254923 -1 0 0 -5.20417e-018 -0.0254923 0.999675 0.65 0.821621 -0.737898</i>
                        <i>2.22045e-016 0.999592 0.0285655 -1 2.22045e-016 0 -5.20417e-018 -0.0285655 0.999592 0.65 0.814913 -0.737898</i>
                        <i>0 0.999512 0.0312449 -1 0 0 -3.46945e-018 -0.0312449 0.999512 0.65 0.807494 -0.737898</i>
                        <i>0 0.999444 0.0333437 -1 0 3.46945e-018 0 -0.0333437 0.999444 0.65 0.799648 -0.737898</i>
                        <i>2.22045e-016 0.999399 0.0346734 -1 2.22045e-016 0 -6.93889e-018 -0.0346734 0.999399 0.65 0.79166 -0.737898</i>
                        <i>2.22045e-016 0.999386 0.0350455 -1 2.22045e-016 0 -3.46945e-018 -0.0350455 0.999386 0.65 0.783814 -0.737898</i>
                        <i>0 0.999413 0.034272 -1 0 0 -3.46945e-018 -0.034272 0.999413 0.65 0.776394 -0.737898</i>
                        <i>2.22045e-016 0.999475 0.0324007 -1 2.22045e-016 0 -3.46945e-018 -0.0324007 0.999475 0.65 0.769686 -0.737898</i>
                        <i>1.11022e-016 0.999553 0.0298827 -1 1.11022e-016 0 -5.20417e-018 -0.0298827 0.999553 0.65 0.763974 -0.737898</i>
                        <i>2.22045e-016 0.999638 0.0269205 -1 2.22045e-016 0 -5.20417e-018 -0.0269205 0.999638 0.65 0.759541 -0.737898</i>
                        <i>0 0.99972 0.0236476 -1 0 -1.73472e-018 -5.20417e-018 -0.0236476 0.99972 0.65 0.756673 -0.737898</i>
                        <i>0 0.999796 0.0201978 -1 0 1.73472e-018 -1.73472e-018 -0.0201978 0.999796 0.65 0.755654 -0.737898</i>
                        <i>2.22045e-016 0.99986 0.0167045 -1 2.22045e-016 1.73472e-018 -1.73472e-018 -0.0167045 0.99986 0.65 0.756673 -0.737898</i>
                        <i>2.22045e-016 0.999912 0.0133003 -1 2.22045e-016 8.67362e-019 -8.67362e-019 -0.0133003 0.999912 0.65 0.759541 -0.737898</i>
                        <i>1.11022e-016 0.999949 0.0101168 -1 1.11022e-016 8.67362e-019 -8.67362e-019 -0.0101168 0.999949 0.65 0.763974 -0.737898</i>
                        <i>1.11022e-016 0.999973 0.00728378 -1 1.11022e-016 4.33681e-019 -4.33681e-019 -0.00728378 0.999973 0.65 0.769686 -0.737898</i>
                        <i>0 0.999988 0.00492944 -1 0 4.33681e-019 -4.33681e-019 -0.00492944 0.999988 0.65 0.776394 -0.737898</i>
                        <i>2.22045e-016 0.999995 0.00317981 -1 2.22045e-016 2.1684e-019 -2.1684e-019 -0.00317981 0.999995 0.65 0.783814 -0.737898</i>
                        <i>1.11022e-016 0.999998 0.00215888 -1 1.11022e-016 2.60209e-018 2.38524e-018 -0.00215888 0.999998 0.65 0.79166 -0.737898</i>
                        <i>2.22045e-016 0.999998 0.00198843 -1 2.22045e-016 2.1684e-019 -2.1684e-019 -0.00198843 0.999998 0.65 0.799648 -0.737898</i>
                        <i>0 0.999996 0.002648 -1 0 2.1684e-019 -2.1684e-019 -0.002648 0.999996 0.65 0.807494 -0.737898</i>
                        <i>1.11022e-016 0.999992 0.00395298 -1 1.11022e-016 3.03577e-018 2.1684e-018 -0.00395298 0.999992 0.65 0.814913 -0.737898</i>
                        <i>0 0.99998 0.00636698 -1 0 4.33681e-019 -4.33681e-019 -0.00636698 0.99998 0.65 0.821621 -0.737898</i>
                        <i>2.22045e-016 0.999948 0.0102269 -1 2.22045e-016 0 0 -0.0102269 0.999948 0.65 0.827334 -0.737898</i>
                        <i>2.22045e-016 0.999884 0.0152238 -1 2.22045e-016 8.67362e-019 -8.67362e-019 -0.0152238 0.999884 0.65 0.831766 -0.737898</i>
                        <i>1.11022e-016 0.999778 0.0210523 -1 1.11022e-016 0 0 -0.0210523 0.999778 0.65 0.834634 -0.737898</i>
                        <i>1.11022e-016 0.999624 0.0274052 -1 1.11022e-016 0 -5.20417e-018 -0.0274052 0.999624 0.65 0.835654 -0.737898</i>
                        <i>2.22045e-016 0.999423 0.0339694 -1 2.22045e-016 0 -6.93889e-018 -0.0339694 0.999423 0.65 0.834634 -0.737898</i>
                        <i>2.22045e-016 0.999183 0.0404228 -1 2.22045e-016 0 -6.93889e-018 -0.0404228 0.999183 0.65 0.831766 -0.737898</i>
                        <i>0 0.998921 0.0464341 -1 0 0 -1.04083e-017 -0.0464341 0.998921 0.65 0.827334 -0.737898</i>
                        <i>2.22045e-016 0.998665 0.0516632 -1 2.22045e-016 0 -6.93889e-018 -0.0516632 0.998665 0.65 0.821621 -0.737898</i>
                        <i>2.22045e-016 0.998444 0.0557629 -1 2.22045e-016 0 -1.04083e-017 -0.0557629 0.998444 0.65 0.814913 -0.737898</i>
                        <i>0 0.998294 0.0583818 -1 0 -3.46945e-018 -1.38778e-017 -0.0583818 0.998294 0.65 0.807494 -0.737898</i>
                        <i>1.11022e-016 0.998238 0.0593353 -1 1.11022e-016 6.93889e-018 -6.93889e-018 -0.0593353 0.998238 0.65 0.799648 -0.737898</i>
                        <i>2.22045e-016 0.998265 0.0588857 -1 2.22045e-016 3.46945e-018 -3.46945e-018 -0.0588857 0.998265 0.65 0.79166 -0.737898</i>
                        <i>1.11022e-016 0.998355 0.057341 -1 1.11022e-016 3.46945e-018 -3.46945e-018 -0.057341 0.998355 0.65 0.783814 -0.737898</i>
                        <i>2.22045e-016 0.998502 0.0547086 -1 2.22045e-016 0 -6.93889e-018 -0.0547086 0.998502 0.65 0.776394 -0.737898</i>
                        <i>2.22045e-016 0.998699 0.0509989 -1 2.22045e-016 3.46945e-018 -3.46945e-018 -0.0509989 0.998699 0.65 0.769686 -0.737898</i>
                        <i>0 0.998931 0.0462253 -1 0 -6.93889e-018 -1.38778e-017 -0.0462253 0.998931 0.65 0.763974 -0.737898</i>
                        <i>1.11022e-016 0.999183 0.0404047 -1 1.11022e-016 0 -6.93889e-018 -0.0404047 0.999183 0.65 0.759541 -0.737898</i>
                        <i>1.11022e-016 0.999437 0.0335577 -1 1.11022e-016 0 -6.93889e-018 -0.0335577 0.999437 0.65 0.756673 -0.737898</i>
                        <i>0 0.999669 0.0257105 -1 0 -1.73472e-018 -5.20417e-018 -0.0257105 0.999669 0.65 0.755654 -0.737898</i>
                    </KeyFrames>
                </p>
            </i>
            <i>
                <p>
                    <Name><![CDATA[spine1]]></Name>
                    <Exclude>0</Exclude>
                    <Additive>0</Additive>
                    <IKPriority>0</IKPriority>
                    <IKRotLimits>-1e+010 -1e+010 -1e+010 1e+010 1e+010 1e+010</IKRotLimits>
                    <IKRotLimitOrder>0</IKRotLimitOrder>
                    <KeyFrames count="60">
                        <i>-9.32458e-019 0.978885 0.20441 -1 0 -1.73472e-018 -5.11995e-018 -0.20441 0.978885 0.65 0.927691 -0.733477</i>
                        <i>-3.06493e-019 0.980562 0.196211 -1 0 1.73472e-018 -1.70743e-018 -0.196211 0.980562 0.65 0.929021 -0.734479</i>
                        <i>1.0914e-016 0.981609 0.190903 -1 1.11022e-016 8.67362e-019 -2.03753e-017 -0.190903 0.981609 0.65 0.93246 -0.735261</i>
                        <i>2.17953e-016 0.982159 0.188054 -1 2.22045e-016 -1.73472e-018 -4.25693e-017 -0.188054 0.982159 0.65 0.937652 -0.735848</i>
                        <i>1.09252e-016 0.982317 0.187227 -1 1.11022e-016 0 -1.97492e-017 -0.187227 0.982317 0.65 0.944244 -0.736264</i>
                        <i>-1.56287e-019 0.982172 0.187984 -1 0 8.67362e-019 -8.53165e-019 -0.187984 0.982172 0.65 0.951879 -0.736535</i>
                        <i>1.0899e-016 0.981807 0.189883 -1 1.11022e-016 8.67362e-019 -2.11632e-017 -0.189883 0.981807 0.65 0.960202 -0.736685</i>
                        <i>-8.06005e-020 0.9813 0.192483 -1 0 4.33681e-019 -4.26125e-019 -0.192483 0.9813 0.65 0.968857 -0.736739</i>
                        <i>2.17895e-016 0.980735 0.195344 -1 2.22045e-016 8.67362e-019 -4.27352e-017 -0.195344 0.980735 0.65 0.977487 -0.736723</i>
                        <i>2.17875e-016 0.980197 0.198026 -1 2.22045e-016 4.33681e-019 -4.28292e-017 -0.198026 0.980197 0.65 0.985736 -0.736662</i>
                        <i>1.0886e-016 0.979778 0.200089 -1 1.11022e-016 4.33681e-019 -2.18069e-017 -0.200089 0.979778 0.65 0.993247 -0.736583</i>
                        <i>2.17694e-016 0.979572 0.201095 -1 2.22045e-016 8.67362e-019 -4.37467e-017 -0.201095 0.979572 0.65 0.999663 -0.73651</i>
                        <i>2.177e-016 0.979432 0.201777 -1 2.22045e-016 8.67362e-019 -4.37182e-017 -0.201777 0.979432 0.65 1.00463 -0.736367</i>
                        <i>2.17716e-016 0.979167 0.203055 -1 2.22045e-016 8.67362e-019 -4.36393e-017 -0.203055 0.979167 0.65 1.00779 -0.736078</i>
                        <i>1.08287e-016 0.978809 0.204776 -1 1.11022e-016 -1.73472e-018 -2.47356e-017 -0.204776 0.978809 0.65 1.00881 -0.735674</i>
                        <i>2.17609e-016 0.978387 0.206783 -1 2.22045e-016 1.73472e-018 -4.41931e-017 -0.206783 0.978387 0.65 1.00761 -0.735185</i>
                        <i>-3.30297e-019 0.977932 0.208922 -1 0 1.73472e-018 -1.70299e-018 -0.208922 0.977932 0.65 1.00453 -0.73464</i>
                        <i>-9.85035e-019 0.977478 0.211039 -1 0 -1.73472e-018 -5.1101e-018 -0.211039 0.977478 0.65 0.999861 -0.734072</i>
                        <i>-9.78411e-019 0.977056 0.212982 -1 0 0 -5.11137e-018 -0.212982 0.977056 0.65 0.993902 -0.73351</i>
                        <i>2.17173e-016 0.976703 0.214596 -1 2.22045e-016 0 -4.65482e-017 -0.214596 0.976703 0.65 0.986947 -0.732985</i>
                        <i>-6.42249e-019 0.976453 0.21573 -1 0 0 -3.40948e-018 -0.21573 0.976453 0.65 0.979292 -0.73253</i>
                        <i>0 0.976343 0.216229 -1 0 3.46945e-018 0 -0.216229 0.976343 0.65 0.971237 -0.732174</i>
                        <i>2.17075e-016 0.976407 0.21594 -1 2.22045e-016 0 -4.72252e-017 -0.21594 0.976407 0.65 0.963079 -0.731951</i>
                        <i>2.17778e-016 0.976678 0.214707 -1 2.22045e-016 0 -4.34576e-017 -0.214707 0.976678 0.65 0.955118 -0.73189</i>
                        <i>-6.20195e-019 0.977188 0.212374 -1 0 0 -3.41356e-018 -0.212374 0.977188 0.65 0.947652 -0.732024</i>
                        <i>2.17915e-016 0.977915 0.209005 -1 2.22045e-016 0 -4.27631e-017 -0.209005 0.977915 0.65 0.940971 -0.732345</i>
                        <i>1.08374e-016 0.978693 0.205327 -1 1.11022e-016 0 -2.46617e-017 -0.205327 0.978693 0.65 0.935349 -0.732774</i>
                        <i>2.17698e-016 0.979458 0.201648 -1 2.22045e-016 0 -4.40275e-017 -0.201648 0.979458 0.65 0.931061 -0.733279</i>
                        <i>-9.10054e-019 0.980181 0.198105 -1 0 -1.73472e-018 -5.12398e-018 -0.198105 0.980181 0.65 0.928376 -0.733838</i>
                        <i>-3.03549e-019 0.980836 0.194834 -1 0 1.73472e-018 -1.70796e-018 -0.194834 0.980836 0.65 0.927567 -0.734428</i>
                        <i>2.18292e-016 0.9814 0.191973 -1 2.22045e-016 1.73472e-018 -4.06883e-017 -0.191973 0.9814 0.65 0.928814 -0.735026</i>
                        <i>2.18402e-016 0.981851 0.189656 -1 2.22045e-016 8.67362e-019 -4.00625e-017 -0.189656 0.981851 0.65 0.931916 -0.73561</i>
                        <i>1.09093e-016 0.982165 0.188018 -1 1.11022e-016 8.67362e-019 -2.06235e-017 -0.188018 0.982165 0.65 0.93658 -0.736158</i>
                        <i>1.0913e-016 0.982323 0.187193 -1 1.11022e-016 4.33681e-019 -2.04143e-017 -0.187193 0.982323 0.65 0.942517 -0.736647</i>
                        <i>-7.91336e-020 0.9823 0.187314 -1 0 4.33681e-019 -4.264e-019 -0.187314 0.9823 0.65 0.949435 -0.737054</i>
                        <i>2.18155e-016 0.98207 0.188515 -1 2.22045e-016 2.1684e-019 -4.13783e-017 -0.188515 0.98207 0.65 0.957047 -0.737358</i>
                        <i>1.09476e-016 0.981604 0.19093 -1 1.11022e-016 2.60209e-018 -1.86198e-017 -0.19093 0.981604 0.65 0.965063 -0.737535</i>
                        <i>2.17839e-016 0.980864 0.194693 -1 2.22045e-016 2.1684e-019 -4.30102e-017 -0.194693 0.980864 0.65 0.973195 -0.737565</i>
                        <i>-4.26859e-020 0.979908 0.199449 -1 0 2.1684e-019 -2.12597e-019 -0.199449 0.979908 0.65 0.981149 -0.737451</i>
                        <i>1.09204e-016 0.978912 0.204284 -1 1.11022e-016 3.03577e-018 -2.01259e-017 -0.204284 0.978912 0.65 0.988625 -0.737225</i>
                        <i>-8.81827e-020 0.977795 0.209565 -1 0 4.33681e-019 -4.24621e-019 -0.209565 0.977795 0.65 0.995323 -0.736805</i>
                        <i>2.17287e-016 0.976418 0.21589 -1 2.22045e-016 0 -4.57173e-017 -0.21589 0.976418 0.65 1.00096 -0.736135</i>
                        <i>2.17007e-016 0.974843 0.222893 -1 2.22045e-016 8.67362e-019 -4.70395e-017 -0.222893 0.974843 0.65 1.00526 -0.735269</i>
                        <i>1.08554e-016 0.973141 0.230211 -1 1.11022e-016 0 -2.32784e-017 -0.230211 0.973141 0.65 1.00794 -0.73426</i>
                        <i>1.07431e-016 0.971392 0.237482 -1 1.11022e-016 0 -2.84876e-017 -0.237482 0.971392 0.65 1.00874 -0.733163</i>
                        <i>2.15567e-016 0.969688 0.244348 -1 2.22045e-016 0 -5.3693e-017 -0.244348 0.969688 0.65 1.00747 -0.732032</i>
                        <i>2.15575e-016 0.968128 0.250456 -1 2.22045e-016 0 -5.36599e-017 -0.250456 0.968128 0.65 1.00433 -0.730924</i>
                        <i>-2.18879e-018 0.966819 0.255461 -1 0 0 -1.01756e-017 -0.255461 0.966819 0.65 0.999627 -0.729895</i>
                        <i>2.15703e-016 0.965872 0.25902 -1 2.22045e-016 0 -5.31432e-017 -0.25902 0.965872 0.65 0.993658 -0.729003</i>
                        <i>2.15106e-016 0.965394 0.260795 -1 2.22045e-016 0 -5.60486e-017 -0.260795 0.965394 0.65 0.986724 -0.728306</i>
                        <i>-2.82604e-018 0.965488 0.260449 -1 0 -3.46945e-018 -1.3587e-017 -0.260449 0.965488 0.65 0.979123 -0.727863</i>
                        <i>1.07377e-016 0.966076 0.25826 -1 1.11022e-016 6.93889e-018 -2.9056e-017 -0.25826 0.966076 0.65 0.971152 -0.727706</i>
                        <i>2.16987e-016 0.966979 0.254858 -1 2.22045e-016 3.46945e-018 -4.72492e-017 -0.254858 0.966979 0.65 0.96309 -0.727787</i>
                        <i>1.08227e-016 0.968138 0.250418 -1 1.11022e-016 3.46945e-018 -2.49961e-017 -0.250418 0.968138 0.65 0.95521 -0.728055</i>
                        <i>2.16602e-016 0.969527 0.244986 -1 2.22045e-016 0 -4.93491e-017 -0.244986 0.969527 0.65 0.947798 -0.728508</i>
                        <i>2.17398e-016 0.971117 0.238604 -1 2.22045e-016 3.46945e-018 -4.5322e-017 -0.238604 0.971117 0.65 0.941137 -0.729144</i>
                        <i>-2.58261e-018 0.972879 0.231316 -1 0 -6.93889e-018 -1.36354e-017 -0.231316 0.972879 0.65 0.935512 -0.729961</i>
                        <i>1.07861e-016 0.974782 0.223161 -1 1.11022e-016 0 -2.72038e-017 -0.223161 0.974782 0.65 0.931207 -0.730958</i>
                        <i>1.07925e-016 0.976794 0.214179 -1 1.11022e-016 0 -2.695e-017 -0.214179 0.976794 0.65 0.928506 -0.732131</i>
                        <i>-9.32458e-019 0.978885 0.20441 -1 0 -1.73472e-018 -5.11995e-018 -0.20441 0.978885 0.65 0.927691 -0.733477</i>
                    </KeyFrames>
                </p>
            </i>
            <i>
                <p>
                    <Name><![CDATA[spine2]]></Name>
                    <Exclude>0</Exclude>
                    <Additive>0</Additive>
                    <IKPriority>0</IKPriority>
                    <IKRotLimits>-1e+010 -1e+010 -1e+010 1e+010 1e+010 1e+010</IKRotLimits>
                    <IKRotLimitOrder>0</IKRotLimitOrder>
                    <KeyFrames count="60">
                        <i>-1.90258e-018 0.92107 0.389397 -1 0 -1.73472e-018 -4.84392e-018 -0.389397 0.92107 0.65 1.08274 -0.701077</i>
                        <i>-6.42464e-019 0.921345 0.388746 -1 0 1.73472e-018 -1.61137e-018 -0.388746 0.921345 0.65 1.08446 -0.70335</i>
                        <i>1.02531e-016 0.920583 0.390547 -1 1.11022e-016 8.67362e-019 -4.25913e-017 -0.390547 0.920583 0.65 1.08821 -0.704943</i>
                        <i>2.03755e-016 0.918987 0.394287 -1 2.22045e-016 -1.73472e-018 -8.83156e-017 -0.394287 0.918987 0.65 1.09364 -0.70595</i>
                        <i>1.02197e-016 0.916756 0.399447 -1 1.11022e-016 0 -4.33785e-017 -0.399447 0.916756 0.65 1.10042 -0.706466</i>
                        <i>-3.45423e-019 0.914091 0.40551 -1 0 8.67362e-019 -7.95613e-019 -0.40551 0.914091 0.65 1.10818 -0.706584</i>
                        <i>1.01133e-016 0.911202 0.41196 -1 1.11022e-016 8.67362e-019 -4.58136e-017 -0.41196 0.911202 0.65 1.11658 -0.706402</i>
                        <i>-1.7874e-019 0.908314 0.418289 -1 0 4.33681e-019 -3.95134e-019 -0.418289 0.908314 0.65 1.12528 -0.706015</i>
                        <i>2.01375e-016 0.905664 0.423997 -1 2.22045e-016 8.67362e-019 -9.35554e-017 -0.423997 0.905664 0.65 1.13392 -0.70552</i>
                        <i>2.01114e-016 0.9035 0.428588 -1 2.22045e-016 4.33681e-019 -9.41128e-017 -0.428588 0.9035 0.65 1.14216 -0.705015</i>
                        <i>1.0033e-016 0.902079 0.43157 -1 1.11022e-016 4.33681e-019 -4.75388e-017 -0.43157 0.902079 0.65 1.14965 -0.704596</i>
                        <i>2.00607e-016 0.901655 0.432455 -1 2.22045e-016 8.67362e-019 -9.51908e-017 -0.432455 0.901655 0.65 1.15603 -0.704363</i>
                        <i>2.00789e-016 0.902125 0.431475 -1 2.22045e-016 8.67362e-019 -9.48069e-017 -0.431475 0.902125 0.65 1.16093 -0.704121</i>
                        <i>2.01172e-016 0.903154 0.429317 -1 2.22045e-016 8.67362e-019 -9.39912e-017 -0.429317 0.903154 0.65 1.16396 -0.703648</i>
                        <i>9.95998e-017 0.904644 0.426168 -1 1.11022e-016 -1.73472e-018 -4.91719e-017 -0.426168 0.904644 0.65 1.1648 -0.702998</i>
                        <i>2.02026e-016 0.906498 0.422211 -1 2.22045e-016 1.73472e-018 -9.21542e-017 -0.422211 0.906498 0.65 1.16337 -0.702225</i>
                        <i>-6.94557e-019 0.908617 0.417631 -1 0 1.73472e-018 -1.58961e-018 -0.417631 0.908617 0.65 1.16004 -0.701382</i>
                        <i>-2.0415e-018 0.910906 0.412615 -1 0 -1.73472e-018 -4.78703e-018 -0.412615 0.910906 0.65 1.1551 -0.700523</i>
                        <i>-1.99807e-018 0.913272 0.407349 -1 0 0 -4.80532e-018 -0.407349 0.913272 0.65 1.14887 -0.699701</i>
                        <i>2.03822e-016 0.915629 0.402024 -1 2.22045e-016 0 -8.82461e-017 -0.402024 0.915629 0.65 1.14165 -0.69897</i>
                        <i>-1.27661e-018 0.917891 0.396832 -1 0 0 -3.22604e-018 -0.396832 0.917891 0.65 1.13376 -0.698382</i>
                        <i>0 0.91998 0.391966 -1 0 3.46945e-018 0 -0.391966 0.91998 0.65 1.12551 -0.69799</i>
                        <i>2.0508e-016 0.921818 0.387624 -1 2.22045e-016 0 -8.54067e-017 -0.387624 0.921818 0.65 1.11722 -0.697846</i>
                        <i>2.06664e-016 0.923332 0.384003 -1 2.22045e-016 0 -8.12765e-017 -0.384003 0.923332 0.65 1.1092 -0.698004</i>
                        <i>-1.21221e-018 0.924451 0.381302 -1 0 0 -3.25079e-018 -0.381302 0.924451 0.65 1.10177 -0.698517</i>
                        <i>2.06841e-016 0.925175 0.379541 -1 2.22045e-016 0 -8.08255e-017 -0.379541 0.925175 0.65 1.09522 -0.699365</i>
                        <i>1.02124e-016 0.925404 0.378981 -1 1.11022e-016 0 -4.38591e-017 -0.378981 0.925404 0.65 1.08979 -0.700359</i>
                        <i>2.05766e-016 0.925113 0.379692 -1 2.22045e-016 0 -8.3614e-017 -0.379692 0.925113 0.65 1.08574 -0.701419</i>
                        <i>-1.87152e-018 0.924334 0.381585 -1 0 -1.73472e-018 -4.85601e-018 -0.381585 0.924334 0.65 1.08332 -0.702504</i>
                        <i>-6.34637e-019 0.923097 0.384566 -1 0 1.73472e-018 -1.61447e-018 -0.384566 0.923097 0.65 1.0828 -0.703572</i>
                        <i>2.05364e-016 0.92143 0.388545 -1 2.22045e-016 1.73472e-018 -8.4454e-017 -0.388545 0.92143 0.65 1.08433 -0.704582</i>
                        <i>2.04951e-016 0.919356 0.393426 -1 2.22045e-016 8.67362e-019 -8.54373e-017 -0.393426 0.919356 0.65 1.0877 -0.705491</i>
                        <i>1.01901e-016 0.9169 0.399116 -1 1.11022e-016 8.67362e-019 -4.40774e-017 -0.399116 0.9169 0.65 1.09262 -0.706257</i>
                        <i>1.01636e-016 0.914087 0.405518 -1 1.11022e-016 4.33681e-019 -4.46789e-017 -0.405518 0.914087 0.65 1.09878 -0.706836</i>
                        <i>-1.7696e-019 0.91094 0.412538 -1 0 4.33681e-019 -3.95934e-019 -0.412538 0.91094 0.65 1.10588 -0.707185</i>
                        <i>2.01708e-016 0.907487 0.42008 -1 2.22045e-016 2.1684e-019 -9.28324e-017 -0.42008 0.907487 0.65 1.11362 -0.707261</i>
                        <i>1.01456e-016 0.903755 0.428049 -1 1.11022e-016 2.60209e-018 -4.51484e-017 -0.428049 0.903755 0.65 1.12171 -0.707021</i>
                        <i>1.99889e-016 0.899777 0.436351 -1 2.22045e-016 2.1684e-019 -9.66872e-017 -0.436351 0.899777 0.65 1.12985 -0.706423</i>
                        <i>-9.58258e-020 0.895882 0.444292 -1 0 2.1684e-019 -1.94518e-019 -0.444292 0.895882 0.65 1.13774 -0.705528</i>
                        <i>1.00284e-016 0.892773 0.450506 -1 1.11022e-016 3.03577e-018 -4.76843e-017 -0.450506 0.892773 0.65 1.14511 -0.704518</i>
                        <i>-1.94616e-019 0.89078 0.454434 -1 0 4.33681e-019 -3.87561e-019 -0.454434 0.89078 0.65 1.15162 -0.703256</i>
                        <i>1.98598e-016 0.889784 0.456383 -1 2.22045e-016 0 -9.93114e-017 -0.456383 0.889784 0.65 1.15697 -0.701589</i>
                        <i>1.9869e-016 0.889701 0.456543 -1 2.22045e-016 8.67362e-019 -9.91313e-017 -0.456543 0.889701 0.65 1.1609 -0.699631</i>
                        <i>9.99004e-017 0.89044 0.455102 -1 1.11022e-016 0 -4.8434e-017 -0.455102 0.89044 0.65 1.16316 -0.697491</i>
                        <i>9.81337e-017 0.891896 0.45224 -1 1.11022e-016 0 -5.21805e-017 -0.45224 0.891896 0.65 1.1635 -0.695281</i>
                        <i>1.98869e-016 0.893964 0.448138 -1 2.22045e-016 0 -9.90114e-017 -0.448138 0.893964 0.65 1.16176 -0.693108</i>
                        <i>2.00064e-016 0.896533 0.442976 -1 2.22045e-016 0 -9.65732e-017 -0.442976 0.896533 0.65 1.15818 -0.691084</i>
                        <i>-4.10817e-018 0.899491 0.436938 -1 0 0 -9.56329e-018 -0.436938 0.899491 0.65 1.15307 -0.689315</i>
                        <i>2.02456e-016 0.902729 0.43021 -1 2.22045e-016 0 -9.14523e-017 -0.43021 0.902729 0.65 1.14676 -0.687911</i>
                        <i>2.02258e-016 0.906139 0.42298 -1 2.22045e-016 0 -9.22168e-017 -0.42298 0.906139 0.65 1.13959 -0.686981</i>
                        <i>-5.01858e-018 0.90962 0.415441 -1 0 -3.46945e-018 -1.29386e-017 -0.415441 0.90962 0.65 1.13187 -0.686633</i>
                        <i>1.01392e-016 0.912728 0.408569 -1 1.11022e-016 6.93889e-018 -4.57581e-017 -0.408569 0.912728 0.65 1.12389 -0.68685</i>
                        <i>2.06932e-016 0.915242 0.402904 -1 2.22045e-016 3.46945e-018 -8.05926e-017 -0.402904 0.915242 0.65 1.1159 -0.687489</i>
                        <i>1.0302e-016 0.917381 0.398011 -1 1.11022e-016 3.46945e-018 -4.1532e-017 -0.398011 0.917381 0.65 1.10817 -0.68847</i>
                        <i>2.06186e-016 0.919122 0.393972 -1 2.22045e-016 0 -8.27008e-017 -0.393972 0.919122 0.65 1.10096 -0.689785</i>
                        <i>2.07349e-016 0.920446 0.39087 -1 2.22045e-016 3.46945e-018 -7.95129e-017 -0.39087 0.920446 0.65 1.09457 -0.691426</i>
                        <i>-4.79865e-018 0.921329 0.388784 -1 0 -6.93889e-018 -1.30217e-017 -0.388784 0.921329 0.65 1.08927 -0.693384</i>
                        <i>1.0156e-016 0.921747 0.387793 -1 1.11022e-016 0 -4.53831e-017 -0.387793 0.921747 0.65 1.08534 -0.695651</i>
                        <i>1.01238e-016 0.921671 0.387973 -1 1.11022e-016 0 -4.60976e-017 -0.387973 0.921671 0.65 1.08307 -0.698218</i>
                        <i>-1.90258e-018 0.92107 0.389397 -1 0 -1.73472e-018 -4.84392e-018 -0.389397 0.92107 0.65 1.08274 -0.701077</i>
                    </KeyFrames>
                </p>
            </i>
            <i>
                <p>
                    <Name><![CDATA[head]]></Name>
                    <Exclude>0</Exclude>
                    <Additive>0</Additive>
                    <IKPriority>0</IKPriority>
                    <IKRotLimits>-1e+010 -1e+010 -1e+010 1e+010 1e+010 1e+010</IKRotLimits>
                    <IKRotLimitOrder>0</IKRotLimitOrder>
                    <KeyFrames count="60">
                        <i>-2.82736e-017 0.992145 0.125095 -2.16866e-016 0.125095 -0.992145 -1 -6.08987e-017 2.13592e-016 0.65 1.32417 -0.610131</i>
                        <i>-1.41109e-017 0.98806 0.154067 -2.20326e-016 0.154067 -0.98806 -1 -7.35328e-017 2.11709e-016 0.65 1.32583 -0.611871</i>
                        <i>8.14884e-017 0.982583 0.185825 -9.12116e-017 0.185825 -0.982583 -1 9.32141e-017 1.13912e-016 0.65 1.3293 -0.612374</i>
                        <i>2.02674e-016 0.975956 0.217967 -1.72838e-016 0.217967 -0.975956 -1 1.47249e-016 2.07793e-016 0.65 1.33428 -0.611867</i>
                        <i>1.07807e-016 0.968722 0.248148 -1.95518e-016 0.248148 -0.968722 -1 2.23271e-017 2.03561e-016 0.65 1.34047 -0.610575</i>
                        <i>-2.31111e-019 0.961704 0.274091 -2.21209e-016 0.274091 -0.961704 -1 -6.46702e-017 2.15091e-016 0.65 1.34757 -0.608728</i>
                        <i>1.06108e-016 0.95593 0.293595 -1.89369e-016 0.293595 -0.95593 -1 1.95488e-017 2.03195e-016 0.65 1.35526 -0.606551</i>
                        <i>-1.29264e-019 0.952512 0.304501 -1.10608e-016 0.304501 -0.952512 -1 -2.75314e-017 1.09984e-016 0.65 1.36326 -0.604272</i>
                        <i>1.97562e-016 0.951333 0.308165 6.78056e-017 0.308165 -0.951333 -1 2.34613e-016 6.7515e-018 0.65 1.37126 -0.602116</i>
                        <i>2.11653e-016 0.951602 0.307333 6.71332e-017 0.307333 -0.951602 -1 2.22045e-016 4.33681e-019 0.65 1.37899 -0.600308</i>
                        <i>1.05967e-016 0.953333 0.301921 -2.99943e-016 0.301921 -0.953333 -1 -7.68181e-018 3.12865e-016 0.65 1.38614 -0.599073</i>
                        <i>2.12649e-016 0.956472 0.291824 -1.58131e-016 0.291824 -0.956472 -1 1.38533e-016 2.07077e-016 0.65 1.39243 -0.598634</i>
                        <i>2.13644e-016 0.960787 0.277287 -5.05168e-017 0.277287 -0.960787 -1 1.9918e-016 1.12999e-016 0.65 1.39747 -0.598785</i>
                        <i>2.00961e-016 0.965835 0.259158 -2.76951e-016 0.259158 -0.965835 -1 9.1587e-017 3.07636e-016 0.65 1.4008 -0.599157</i>
                        <i>9.34973e-017 0.971209 0.238231 -1.93609e-016 0.238231 -0.971209 -1 2.89485e-017 2.05051e-016 0.65 1.40206 -0.599726</i>
                        <i>2.03337e-016 0.976544 0.215318 -6.49307e-017 0.215318 -0.976544 -1 1.8775e-016 1.08236e-016 0.65 1.40115 -0.600473</i>
                        <i>-1.41773e-017 0.981541 0.191251 1.70867e-018 0.191251 -0.981541 -1 1.26096e-017 7.53052e-018 0.65 1.3984 -0.601376</i>
                        <i>-2.85099e-017 0.985976 0.166885 -2.16895e-016 0.166885 -0.985976 -1 -6.63362e-017 2.11979e-016 0.65 1.39406 -0.602411</i>
                        <i>-2.83687e-017 0.98971 0.14309 -2.16877e-016 0.14309 -0.98971 -1 -6.51013e-017 2.14093e-016 0.65 1.38844 -0.603554</i>
                        <i>1.9286e-016 0.992683 0.120748 -8.53363e-017 0.120748 -0.992683 -1 2.02825e-016 1.12814e-016 0.65 1.3818 -0.604779</i>
                        <i>-2.79971e-017 0.994912 0.100748 -2.18584e-016 0.100748 -0.994912 -1 -6.26377e-017 2.14827e-016 0.65 1.37446 -0.606059</i>
                        <i>-2.77556e-017 0.996468 0.0839767 -1.11022e-016 0.0839767 -0.996468 -1 -1.79824e-017 1.16487e-016 0.65 1.36669 -0.607366</i>
                        <i>1.93885e-016 0.997453 0.0713207 -9.59407e-017 0.0713207 -0.997453 -1 2.04595e-016 1.13101e-016 0.65 1.35881 -0.608669</i>
                        <i>1.94099e-016 0.997972 0.0636595 -3.23238e-016 0.0636595 -0.997972 -1 1.19774e-016 3.1819e-016 0.65 1.35111 -0.609941</i>
                        <i>-2.78557e-017 0.998007 0.063105 -2.18577e-016 0.063105 -0.998007 -1 -5.90074e-017 2.15853e-016 0.65 1.3439 -0.611151</i>
                        <i>1.93997e-016 0.997526 0.0702995 1.18918e-017 0.0702995 -0.997526 -1 2.47723e-016 1.05344e-017 0.65 1.33747 -0.612279</i>
                        <i>1.10577e-016 0.996462 0.0840469 -2.10827e-016 0.0840469 -0.996462 -1 2.68716e-017 2.05481e-016 0.65 1.33207 -0.613114</i>
                        <i>1.93244e-016 0.994668 0.103126 -3.10933e-016 0.103126 -0.994668 -1 1.21259e-016 3.18663e-016 0.65 1.32792 -0.613583</i>
                        <i>-5.34364e-019 0.992008 0.126174 5.17666e-018 0.126174 -0.992008 -1 0 -1.73472e-018 0.65 1.32529 -0.613692</i>
                        <i>-1.41065e-017 0.988408 0.151823 -1.09303e-016 0.151823 -0.988408 -1 -2.98849e-017 1.09556e-016 0.65 1.32445 -0.613444</i>
                        <i>1.91065e-016 0.983902 0.178712 -7.32835e-017 0.178712 -0.983902 -1 2.04482e-016 1.14818e-016 0.65 1.32555 -0.612843</i>
                        <i>2.03849e-016 0.978659 0.205493 -6.74369e-017 0.205493 -0.978659 -1 1.91124e-016 1.08396e-016 0.65 1.32839 -0.611891</i>
                        <i>9.4208e-017 0.972991 0.230844 -8.56417e-017 0.230844 -0.972991 -1 7.94361e-017 1.08203e-016 0.65 1.33267 -0.61059</i>
                        <i>9.36139e-017 0.967341 0.253477 -1.94266e-016 0.253477 -0.967341 -1 3.36646e-017 2.09029e-016 0.65 1.33809 -0.608943</i>
