<?xml version="1.0" encoding="ISO-8859-1" ?>
<Animl Version="1">
    <ModellingPackage><![CDATA[Maya.2010]]></ModellingPackage>
    <SrcFile><![CDATA[anims\vehicles\red\~src\land\tank_t80\tank_t80_idle_crewman_a.mb]]></SrcFile>
    <FramesPerSecond>30</FramesPerSecond>
    <TotalFrames>60</TotalFrames>
    <Skeleton>
        <RefFrame>
            <Name><![CDATA[soldier_ref_frame]]></Name>
            <Exclude>0</Exclude>
            <Additive>0</Additive>
            <IKPriority>0</IKPriority>
            <IKRotLimits>-1e+010 -1e+010 -1e+010 1e+010 1e+010 1e+010</IKRotLimits>
            <IKRotLimitOrder>0</IKRotLimitOrder>
            <KeyFrames count="60">
                <i>1 0 0 0 1 0 0 0 1 0 0 0</i>
                <i>1 0 0 0 1 0 0 0 1 0 0 0</i>
                <i>1 0 0 0 1 0 0 0 1 0 0 0</i>
                <i>1 0 0 0 1 0 0 0 1 0 0 0</i>
                <i>1 0 0 0 1 0 0 0 1 0 0 0</i>
                <i>1 0 0 0 1 0 0 0 1 0 0 0</i>
                <i>1 0 0 0 1 0 0 0 1 0 0 0</i>
                <i>1 0 0 0 1 0 0 0 1 0 0 0</i>
                <i>1 0 0 0 1 0 0 0 1 0 0 0</i>
                <i>1 0 0 0 1 0 0 0 1 0 0 0</i>
                <i>1 0 0 0 1 0 0 0 1 0 0 0</i>
                <i>1 0 0 0 1 0 0 0 1 0 0 0</i>
                <i>1 0 0 0 1 0 0 0 1 0 0 0</i>
                <i>1 0 0 0 1 0 0 0 1 0 0 0</i>
                <i>1 0 0 0 1 0 0 0 1 0 0 0</i>
                <i>1 0 0 0 1 0 0 0 1 0 0 0</i>
                <i>1 0 0 0 1 0 0 0 1 0 0 0</i>
                <i>1 0 0 0 1 0 0 0 1 0 0 0</i>
                <i>1 0 0 0 1 0 0 0 1 0 0 0</i>
                <i>1 0 0 0 1 0 0 0 1 0 0 0</i>
                <i>1 0 0 0 1 0 0 0 1 0 0 0</i>
                <i>1 0 0 0 1 0 0 0 1 0 0 0</i>
                <i>1 0 0 0 1 0 0 0 1 0 0 0</i>
                <i>1 0 0 0 1 0 0 0 1 0 0 0</i>
                <i>1 0 0 0 1 0 0 0 1 0 0 0</i>
                <i>1 0 0 0 1 0 0 0 1 0 0 0</i>
                <i>1 0 0 0 1 0 0 0 1 0 0 0</i>
                <i>1 0 0 0 1 0 0 0 1 0 0 0</i>
                <i>1 0 0 0 1 0 0 0 1 0 0 0</i>
                <i>1 0 0 0 1 0 0 0 1 0 0 0</i>
                <i>1 0 0 0 1 0 0 0 1 0 0 0</i>
                <i>1 0 0 0 1 0 0 0 1 0 0 0</i>
                <i>1 0 0 0 1 0 0 0 1 0 0 0</i>
                <i>1 0 0 0 1 0 0 0 1 0 0 0</i>
                <i>1 0 0 0 1 0 0 0 1 0 0 0</i>
                <i>1 0 0 0 1 0 0 0 1 0 0 0</i>
                <i>1 0 0 0 1 0 0 0 1 0 0 0</i>
                <i>1 0 0 0 1 0 0 0 1 0 0 0</i>
                <i>1 0 0 0 1 0 0 0 1 0 0 0</i>
                <i>1 0 0 0 1 0 0 0 1 0 0 0</i>
                <i>1 0 0 0 1 0 0 0 1 0 0 0</i>
                <i>1 0 0 0 1 0 0 0 1 0 0 0</i>
                <i>1 0 0 0 1 0 0 0 1 0 0 0</i>
                <i>1 0 0 0 1 0 0 0 1 0 0 0</i>
                <i>1 0 0 0 1 0 0 0 1 0 0 0</i>
                <i>1 0 0 0 1 0 0 0 1 0 0 0</i>
                <i>1 0 0 0 1 0 0 0 1 0 0 0</i>
                <i>1 0 0 0 1 0 0 0 1 0 0 0</i>
                <i>1 0 0 0 1 0 0 0 1 0 0 0</i>
                <i>1 0 0 0 1 0 0 0 1 0 0 0</i>
                <i>1 0 0 0 1 0 0 0 1 0 0 0</i>
                <i>1 0 0 0 1 0 0 0 1 0 0 0</i>
                <i>1 0 0 0 1 0 0 0 1 0 0 0</i>
                <i>1 0 0 0 1 0 0 0 1 0 0 0</i>
                <i>1 0 0 0 1 0 0 0 1 0 0 0</i>
                <i>1 0 0 0 1 0 0 0 1 0 0 0</i>
                <i>1 0 0 0 1 0 0 0 1 0 0 0</i>
                <i>1 0 0 0 1 0 0 0 1 0 0 0</i>
                <i>1 0 0 0 1 0 0 0 1 0 0 0</i>
                <i>1 0 0 0 1 0 0 0 1 0 0 0</i>
            </KeyFrames>
        </RefFrame>
        <Bones count="23">
            <i>
                <p>
                    <Name><![CDATA[pelvis]]></Name>
                    <Exclude>0</Exclude>
                    <Additive>0</Additive>
                    <IKPriority>0</IKPriority>
                    <IKRotLimits>-1e+010 -1e+010 -1e+010 1e+010 1e+010 1e+010</IKRotLimits>
                    <IKRotLimitOrder>2</IKRotLimitOrder>
                    <KeyFrames count="60">
                        <i>1 0 0 0 1 0 0 0 1 -0.56 0.750668 -0.44</i>
                        <i>1 0 0 0 1 0 0 0 1 -0.56 0.744846 -0.44</i>
                        <i>1 0 0 0 1 0 0 0 1 -0.56 0.73838 -0.44</i>
                        <i>1 0 0 0 1 0 0 0 1 -0.56 0.731465 -0.44</i>
                        <i>1 0 0 0 1 0 0 0 1 -0.56 0.724292 -0.44</i>
                        <i>1 0 0 0 1 0 0 0 1 -0.56 0.717055 -0.44</i>
                        <i>1 0 0 0 1 0 0 0 1 -0.56 0.709946 -0.44</i>
                        <i>1 0 0 0 1 0 0 0 1 -0.56 0.703159 -0.44</i>
                        <i>1 0 0 0 1 0 0 0 1 -0.56 0.696887 -0.44</i>
                        <i>1 0 0 0 1 0 0 0 1 -0.56 0.691322 -0.44</i>
                        <i>1 0 0 0 1 0 0 0 1 -0.56 0.686658 -0.44</i>
                        <i>1 0 0 0 1 0 0 0 1 -0.56 0.683088 -0.44</i>
                        <i>1 0 0 0 1 0 0 0 1 -0.56 0.680804 -0.44</i>
                        <i>1 0 0 0 1 0 0 0 1 -0.56 0.68 -0.44</i>
                        <i>1 0 0 0 1 0 0 0 1 -0.56 0.680737 -0.44</i>
                        <i>1 0 0 0 1 0 0 0 1 -0.56 0.682825 -0.44</i>
                        <i>1 0 0 0 1 0 0 0 1 -0.56 0.686079 -0.44</i>
                        <i>1 0 0 0 1 0 0 0 1 -0.56 0.690316 -0.44</i>
                        <i>1 0 0 0 1 0 0 0 1 -0.56 0.695351 -0.44</i>
                        <i>1 0 0 0 1 0 0 0 1 -0.56 0.700999 -0.44</i>
                        <i>1 0 0 0 1 0 0 0 1 -0.56 0.707076 -0.44</i>
                        <i>1 0 0 0 1 0 0 0 1 -0.56 0.713398 -0.44</i>
                        <i>1 0 0 0 1 0 0 0 1 -0.56 0.719781 -0.44</i>
                        <i>1 0 0 0 1 0 0 0 1 -0.56 0.72604 -0.44</i>
                        <i>1 0 0 0 1 0 0 0 1 -0.56 0.73199 -0.44</i>
                        <i>1 0 0 0 1 0 0 0 1 -0.56 0.737449 -0.44</i>
                        <i>1 0 0 0 1 0 0 0 1 -0.56 0.74223 -0.44</i>
                        <i>1 0 0 0 1 0 0 0 1 -0.56 0.746149 -0.44</i>
                        <i>1 0 0 0 1 0 0 0 1 -0.56 0.749023 -0.44</i>
                        <i>1 0 0 0 1 0 0 0 1 -0.56 0.750668 -0.44</i>
                        <i>1 0 0 0 1 0 0 0 1 -0.56 0.750993 -0.44</i>
                        <i>1 0 0 0 1 0 0 0 1 -0.56 0.750145 -0.44</i>
                        <i>1 0 0 0 1 0 0 0 1 -0.56 0.748296 -0.44</i>
                        <i>1 0 0 0 1 0 0 0 1 -0.56 0.745616 -0.44</i>
                        <i>1 0 0 0 1 0 0 0 1 -0.56 0.742275 -0.44</i>
                        <i>1 0 0 0 1 0 0 0 1 -0.56 0.738443 -0.44</i>
                        <i>1 0 0 0 1 0 0 0 1 -0.56 0.734291 -0.44</i>
                        <i>1 0 0 0 1 0 0 0 1 -0.56 0.729989 -0.44</i>
                        <i>1 0 0 0 1 0 0 0 1 -0.56 0.725709 -0.44</i>
                        <i>1 0 0 0 1 0 0 0 1 -0.56 0.721619 -0.44</i>
                        <i>1 0 0 0 1 0 0 0 1 -0.56 0.71789 -0.44</i>
                        <i>1 0 0 0 1 0 0 0 1 -0.56 0.714694 -0.44</i>
                        <i>1 0 0 0 1 0 0 0 1 -0.56 0.7122 -0.44</i>
                        <i>1 0 0 0 1 0 0 0 1 -0.56 0.710578 -0.44</i>
                        <i>1 0 0 0 1 0 0 0 1 -0.56 0.71 -0.44</i>
                        <i>1 0 0 0 1 0 0 0 1 -0.56 0.710856 -0.44</i>
                        <i>1 0 0 0 1 0 0 0 1 -0.56 0.713232 -0.44</i>
                        <i>1 0 0 0 1 0 0 0 1 -0.56 0.716839 -0.44</i>
                        <i>1 0 0 0 1 0 0 0 1 -0.56 0.721386 -0.44</i>
                        <i>1 0 0 0 1 0 0 0 1 -0.56 0.726583 -0.44</i>
                        <i>1 0 0 0 1 0 0 0 1 -0.56 0.732143 -0.44</i>
                        <i>1 0 0 0 1 0 0 0 1 -0.56 0.737774 -0.44</i>
                        <i>1 0 0 0 1 0 0 0 1 -0.56 0.743188 -0.44</i>
                        <i>1 0 0 0 1 0 0 0 1 -0.56 0.748094 -0.44</i>
                        <i>1 0 0 0 1 0 0 0 1 -0.56 0.752204 -0.44</i>
                        <i>1 0 0 0 1 0 0 0 1 -0.56 0.755228 -0.44</i>
                        <i>1 0 0 0 1 0 0 0 1 -0.56 0.756875 -0.44</i>
                        <i>1 0 0 0 1 0 0 0 1 -0.56 0.756858 -0.44</i>
                        <i>1 0 0 0 1 0 0 0 1 -0.56 0.754885 -0.44</i>
                        <i>1 0 0 0 1 0 0 0 1 -0.56 0.750668 -0.44</i>
                    </KeyFrames>
                </p>
            </i>
            <i>
                <p>
                    <Name><![CDATA[spine0]]></Name>
                    <Exclude>0</Exclude>
                    <Additive>0</Additive>
                    <IKPriority>0</IKPriority>
                    <IKRotLimits>-1e+010 -1e+010 -1e+010 1e+010 1e+010 1e+010</IKRotLimits>
                    <IKRotLimitOrder>0</IKRotLimitOrder>
                    <KeyFrames count="60">
                        <i>2.22045e-016 1 0.000892209 -1 2.22045e-016 5.42101e-020 -5.42101e-020 -0.000892209 1 -0.56 0.880526 -0.501911</i>
                        <i>0 0.999891 -0.0147988 -1 0 8.67362e-019 3.46945e-018 0.0147988 0.999891 -0.56 0.874704 -0.501911</i>
                        <i>0 0.999496 -0.0317439 -1 0 3.46945e-018 6.93889e-018 0.0317439 0.999496 -0.56 0.868239 -0.501911</i>
                        <i>1.11022e-016 0.998812 -0.0487267 -1 1.11022e-016 3.46945e-018 1.38778e-017 0.0487267 0.998812 -0.56 0.861323 -0.501911</i>
                        <i>1.11022e-016 0.997912 -0.0645907 -1 1.11022e-016 0 1.38778e-017 0.0645907 0.997912 -0.56 0.85415 -0.501911</i>
                        <i>2.22045e-016 0.996935 -0.0782392 -1 2.22045e-016 0 1.38778e-017 0.0782392 0.996935 -0.56 0.846913 -0.501911</i>
                        <i>2.22045e-016 0.996065 -0.0886211 -1 2.22045e-016 6.93889e-018 2.08167e-017 0.0886211 0.996065 -0.56 0.839805 -0.501911</i>
                        <i>1.11022e-016 0.995506 -0.0947001 -1 1.11022e-016 6.93889e-018 2.08167e-017 0.0947001 0.995506 -0.56 0.833018 -0.501911</i>
                        <i>0 0.995377 -0.0960453 -1 0 6.93889e-018 2.08167e-017 0.0960453 0.995377 -0.56 0.826745 -0.501911</i>
                        <i>2.22045e-016 0.99563 -0.0933834 -1 2.22045e-016 -6.93889e-018 6.93889e-018 0.0933834 0.99563 -0.56 0.821181 -0.501911</i>
                        <i>2.22045e-016 0.996172 -0.0874175 -1 2.22045e-016 6.93889e-018 2.08167e-017 0.0874175 0.996172 -0.56 0.816517 -0.501911</i>
                        <i>0 0.996901 -0.0786683 -1 0 0 1.38778e-017 0.0786683 0.996901 -0.56 0.812946 -0.501911</i>
                        <i>1.11022e-016 0.997689 -0.0679489 -1 1.11022e-016 6.93889e-018 1.38778e-017 0.0679489 0.997689 -0.56 0.810663 -0.501911</i>
                        <i>0 0.998426 -0.0560861 -1 0 0 1.04083e-017 0.0560861 0.998426 -0.56 0.809858 -0.501911</i>
                        <i>1.11022e-016 0.999035 -0.0439245 -1 1.11022e-016 0 6.93889e-018 0.0439245 0.999035 -0.56 0.810595 -0.501911</i>
                        <i>1.11022e-016 0.999477 -0.032327 -1 1.11022e-016 0 3.46945e-018 0.032327 0.999477 -0.56 0.812683 -0.501911</i>
                        <i>2.22045e-016 0.999754 -0.0221726 -1 2.22045e-016 0 3.46945e-018 0.0221726 0.999754 -0.56 0.815938 -0.501911</i>
                        <i>1.11022e-016 0.999897 -0.014349 -1 1.11022e-016 1.73472e-018 3.46945e-018 0.014349 0.999897 -0.56 0.820174 -0.501911</i>
                        <i>1.11022e-016 0.999959 -0.00907001 -1 1.11022e-016 8.67362e-019 1.73472e-018 0.00907001 0.999959 -0.56 0.825209 -0.501911</i>
                        <i>0 0.99998 -0.00627629 -1 0 8.67362e-019 1.73472e-018 0.00627629 0.99998 -0.56 0.830857 -0.501911</i>
                        <i>1.11022e-016 0.999983 -0.00582801 -1 1.11022e-016 8.67362e-019 1.73472e-018 0.00582801 0.999983 -0.56 0.836935 -0.501911</i>
                        <i>2.22045e-016 0.999975 -0.00702174 -1 2.22045e-016 4.33681e-019 1.73472e-018 0.00702174 0.999975 -0.56 0.843257 -0.501911</i>
                        <i>2.22045e-016 0.999955 -0.00949476 -1 2.22045e-016 8.67362e-019 1.73472e-018 0.00949476 0.999955 -0.56 0.849639 -0.501911</i>
                        <i>2.22045e-016 0.999914 -0.0131211 -1 2.22045e-016 0 1.73472e-018 0.0131211 0.999914 -0.56 0.855898 -0.501911</i>
                        <i>2.22045e-016 0.999842 -0.0177733 -1 2.22045e-016 1.73472e-018 5.20417e-018 0.0177733 0.999842 -0.56 0.861849 -0.501911</i>
                        <i>2.22045e-016 0.999728 -0.023323 -1 2.22045e-016 1.73472e-018 5.20417e-018 0.023323 0.999728 -0.56 0.867307 -0.501911</i>
                        <i>0 0.999561 -0.0296407 -1 0 3.46945e-018 6.93889e-018 0.0296407 0.999561 -0.56 0.872088 -0.501911</i>
                        <i>1.11022e-016 0.99933 -0.0365962 -1 1.11022e-016 3.46945e-018 6.93889e-018 0.0365962 0.99933 -0.56 0.876008 -0.501911</i>
                        <i>1.11022e-016 0.999034 -0.0439382 -1 1.11022e-016 0 6.93889e-018 0.0439382 0.999034 -0.56 0.878882 -0.501911</i>
                        <i>0 0.998681 -0.0513422 -1 0 0 6.93889e-018 0.0513422 0.998681 -0.56 0.880526 -0.501911</i>
                        <i>0 0.998283 -0.0585717 -1 0 -3.46945e-018 3.46945e-018 0.0585717 0.998283 -0.56 0.880851 -0.501911</i>
                        <i>2.22045e-016 0.997859 -0.0653952 -1 2.22045e-016 0 6.93889e-018 0.0653952 0.997859 -0.56 0.880004 -0.501911</i>
                        <i>2.22045e-016 0.997434 -0.0715853 -1 2.22045e-016 0 1.38778e-017 0.0715853 0.997434 -0.56 0.878155 -0.501911</i>
                        <i>2.22045e-016 0.997037 -0.0769182 -1 2.22045e-016 6.93889e-018 2.08167e-017 0.0769182 0.997037 -0.56 0.875474 -0.501911</i>
                        <i>2.22045e-016 0.9967 -0.0811713 -1 2.22045e-016 0 1.38778e-017 0.0811713 0.9967 -0.56 0.872133 -0.501911</i>
                        <i>0 0.996455 -0.0841219 -1 0 0 1.38778e-017 0.0841219 0.996455 -0.56 0.868301 -0.501911</i>
                        <i>2.22045e-016 0.996334 -0.0855438 -1 2.22045e-016 -6.93889e-018 6.93889e-018 0.0855438 0.996334 -0.56 0.86415 -0.501911</i>
                        <i>1.11022e-016 0.996363 -0.085205 -1 2.22045e-016 0 6.93889e-018 0.085205 0.996363 -0.56 0.859848 -0.501911</i>
                        <i>2.22045e-016 0.996585 -0.0825779 -1 2.22045e-016 6.93889e-018 1.38778e-017 0.0825779 0.996585 -0.56 0.855567 -0.501911</i>
                        <i>1.11022e-016 0.996992 -0.0775027 -1 1.11022e-016 -6.93889e-018 6.93889e-018 0.0775027 0.996992 -0.56 0.851477 -0.501911</i>
                        <i>1.11022e-016 0.997554 -0.0698999 -1 1.11022e-016 0 1.38778e-017 0.0698999 0.997554 -0.56 0.847749 -0.501911</i>
                        <i>2.22045e-016 0.998207 -0.059864 -1 2.22045e-016 0 1.04083e-017 0.059864 0.998207 -0.56 0.844552 -0.501911</i>
                        <i>1.11022e-016 0.998848 -0.0479784 -1 1.11022e-016 3.46945e-018 1.04083e-017 0.0479784 0.998848 -0.56 0.842058 -0.501911</i>
                        <i>0 0.999393 -0.0348463 -1 0 0 3.46945e-018 0.0348463 0.999393 -0.56 0.840437 -0.501911</i>
                        <i>1.11022e-016 0.999777 -0.0210943 -1 -4.44813e-010 -2.10822e-008 -2.10869e-008 0.0210943 0.999777 -0.56 0.839858 -0.501911</i>
                        <i>2.22045e-016 0.999973 -0.00737166 -1 2.22045e-016 8.67362e-019 1.73472e-018 0.00737166 0.999973 -0.56 0.840715 -0.501911</i>
                        <i>2.22045e-016 0.999984 0.00565148 -1 2.22045e-016 3.03577e-018 1.73472e-018 -0.00565148 0.999984 -0.56 0.843091 -0.501911</i>
                        <i>1.11022e-016 0.999851 0.0172895 -1 1.11022e-016 1.73472e-018 -1.73472e-018 -0.0172895 0.999851 -0.56 0.846697 -0.501911</i>
                        <i>0 0.999625 0.0273734 -1 0 0 -3.46945e-018 -0.0273734 0.999625 -0.56 0.851244 -0.501911</i>
                        <i>0 0.999352 0.0359884 -1 0 0 -3.46945e-018 -0.0359884 0.999352 -0.56 0.856442 -0.501911</i>
                        <i>2.22045e-016 0.999083 0.0428222 -1 2.22045e-016 3.46945e-018 -3.46945e-018 -0.0428222 0.999083 -0.56 0.862001 -0.501911</i>
                        <i>0 0.998868 0.0475623 -1 0 -3.46945e-018 -1.04083e-017 -0.0475623 0.998868 -0.56 0.867633 -0.501911</i>
                        <i>1.11022e-016 0.998757 0.0498481 -1 1.11022e-016 3.46945e-018 -3.46945e-018 -0.0498481 0.998757 -0.56 0.873046 -0.501911</i>
                        <i>2.22045e-016 0.99877 0.0495894 -1 2.22045e-016 -3.46945e-018 -1.04083e-017 -0.0495894 0.99877 -0.56 0.877953 -0.501911</i>
                        <i>2.22045e-016 0.9989 0.0468872 -1 2.22045e-016 3.46945e-018 -3.46945e-018 -0.0468872 0.9989 -0.56 0.882063 -0.501911</i>
                        <i>0 0.999124 0.0418521 -1 0 3.46945e-018 -3.46945e-018 -0.0418521 0.999124 -0.56 0.885086 -0.501911</i>
                        <i>0 0.999401 0.0346034 -1 0 0 -6.93889e-018 -0.0346034 0.999401 -0.56 0.886734 -0.501911</i>
                        <i>1.11022e-016 0.999681 0.025269 -1 1.11022e-016 5.20417e-018 0 -0.025269 0.999681 -0.56 0.886716 -0.501911</i>
                        <i>1.11022e-016 0.999902 0.0139843 -1 1.11022e-016 8.67362e-019 -8.67362e-019 -0.0139843 0.999902 -0.56 0.884743 -0.501911</i>
                        <i>2.22045e-016 1 0.000892209 -1 2.22045e-016 5.42101e-020 -5.42101e-020 -0.000892209 1 -0.56 0.880526 -0.501911</i>
                    </KeyFrames>
                </p>
            </i>
            <i>
                <p>
                    <Name><![CDATA[spine1]]></Name>
                    <Exclude>0</Exclude>
                    <Additive>0</Additive>
                    <IKPriority>0</IKPriority>
                    <IKRotLimits>-1e+010 -1e+010 -1e+010 1e+010 1e+010 1e+010</IKRotLimits>
                    <IKRotLimitOrder>0</IKRotLimitOrder>
                    <KeyFrames count="60">
                        <i>2.10359e-016 0.947167 0.32074 -1 2.22045e-016 5.42101e-020 -7.10823e-017 -0.32074 0.947167 -0.56 1.05872 -0.501792</i>
                        <i>1.07155e-018 0.955576 0.294744 -1 0 8.67362e-019 3.29983e-018 -0.294744 0.955576 -0.56 1.05283 -0.504587</i>
                        <i>2.06521e-018 0.963649 0.267172 -1 0 3.46945e-018 6.62444e-018 -0.267172 0.963649 -0.56 1.04627 -0.507605</i>
                        <i>1.10344e-016 0.970895 0.239507 -1 1.11022e-016 3.46945e-018 -1.85155e-017 -0.239507 0.970895 -0.56 1.03923 -0.51063</i>
                        <i>1.10541e-016 0.976985 0.21331 -1 1.11022e-016 0 -1.72999e-017 -0.21331 0.976985 -0.56 1.03189 -0.513456</i>
                        <i>2.17716e-016 0.981745 0.190201 -1 2.22045e-016 0 -4.57831e-017 -0.190201 0.981745 -0.56 1.02447 -0.515886</i>
                        <i>2.1988e-016 0.985126 0.171832 -1 2.22045e-016 6.93889e-018 -3.72801e-017 -0.171832 0.985126 -0.56 1.01717 -0.517731</i>
                        <i>1.1268e-016 0.98714 0.159856 -1 1.11022e-016 6.93889e-018 -7.90495e-018 -0.159856 0.98714 -0.56 1.01019 -0.518804</i>
                        <i>5.19757e-018 0.987832 0.155525 -1 0 6.93889e-018 2.01574e-017 -0.155525 0.987832 -0.56 1.00377 -0.519031</i>
                        <i>2.16737e-016 0.987388 0.158322 -1 2.22045e-016 -6.93889e-018 -4.87558e-017 -0.158322 0.987388 -0.56 0.99813 -0.518545</i>
                        <i>2.20091e-016 0.985898 0.167346 -1 2.22045e-016 6.93889e-018 -3.60129e-017 -0.167346 0.985898 -0.56 0.99345 -0.517475</i>
                        <i>3.59153e-018 0.983297 0.182007 -1 0 0 1.3405e-017 -0.182007 0.983297 -0.56 0.989917 -0.515913</i>
                        <i>1.10699e-016 0.979639 0.200766 -1 1.11022e-016 6.93889e-018 -1.62537e-017 -0.200766 0.979639 -0.56 0.987703 -0.514005</i>
                        <i>2.87714e-018 0.975026 0.222091 -1 0 0 1.00028e-017 -0.222091 0.975026 -0.56 0.986983 -0.511897</i>
                        <i>1.08348e-016 0.969658 0.244466 -1 1.11022e-016 0 -2.51963e-017 -0.244466 0.969658 -0.56 0.987806 -0.509738</i>
                        <i>1.0703e-016 0.96386 0.266409 -1 1.11022e-016 0 -2.97087e-017 -0.266409 0.96386 -0.56 0.989977 -0.507681</i>
                        <i>2.12343e-016 0.958089 0.286471 -1 2.22045e-016 0 -6.50096e-017 -0.286471 0.958089 -0.56 0.993317 -0.505881</i>
                        <i>1.064e-016 0.952912 0.303246 -1 1.11022e-016 1.73472e-018 -3.1891e-017 -0.303246 0.952912 -0.56 0.99765 -0.504494</i>
                        <i>1.05586e-016 0.948869 0.315669 -1 1.11022e-016 8.67362e-019 -3.43594e-017 -0.315669 0.948869 -0.56 1.00277 -0.503558</i>
                        <i>5.70275e-019 0.946465 0.322807 -1 0 8.67362e-019 1.63831e-018 -0.322807 0.946465 -0.56 1.00848 -0.503063</i>
                        <i>1.05364e-016 0.945783 0.3248 -1 1.11022e-016 8.67362e-019 -3.50341e-017 -0.3248 0.945783 -0.56 1.01458 -0.502983</i>
                        <i>2.10181e-016 0.946288 0.323326 -1 2.22045e-016 4.33681e-019 -7.16287e-017 -0.323326 0.946288 -0.56 1.02092 -0.503196</i>
                        <i>2.10297e-016 0.947602 0.319454 -1 2.22045e-016 8.67362e-019 -7.12892e-017 -0.319454 0.947602 -0.56 1.02733 -0.503636</i>
                        <i>2.10487e-016 0.949598 0.313471 -1 2.22045e-016 0 -7.07252e-017 -0.313471 0.949598 -0.56 1.03362 -0.504281</i>
                        <i>2.11857e-016 0.952142 0.305657 -1 2.22045e-016 1.73472e-018 -6.66904e-017 -0.305657 0.952142 -0.56 1.0396 -0.505109</i>
                        <i>2.12139e-016 0.955097 0.296294 -1 2.22045e-016 1.73472e-018 -6.57855e-017 -0.296294 0.955097 -0.56 1.04509 -0.506097</i>
                        <i>2.17842e-018 0.95833 0.285663 -1 0 3.46945e-018 6.58808e-018 -0.285663 0.95833 -0.56 1.0499 -0.507222</i>
                        <i>1.07731e-016 0.961716 0.274049 -1 1.11022e-016 3.46945e-018 -2.77134e-017 -0.274049 0.961716 -0.56 1.05386 -0.508463</i>
                        <i>1.07878e-016 0.965121 0.261805 -1 1.11022e-016 0 -2.71355e-017 -0.261805 0.965121 -0.56 1.05676 -0.509774</i>
                        <i>2.07282e-018 0.968418 0.249333 -1 0 0 6.62206e-018 -0.249333 0.968418 -0.56 1.05843 -0.511097</i>
                        <i>1.01826e-018 0.97151 0.236998 -1 0 -3.46945e-018 3.31666e-018 -0.236998 0.97151 -0.56 1.05876 -0.51239</i>
                        <i>2.14611e-016 0.974319 0.225174 -1 2.22045e-016 0 -5.73953e-017 -0.225174 0.974319 -0.56 1.05791 -0.513611</i>
                        <i>2.16863e-016 0.976782 0.214236 -1 2.22045e-016 0 -4.9666e-017 -0.214236 0.976782 -0.56 1.05604 -0.514719</i>
                        <i>2.19024e-016 0.978853 0.204564 -1 2.22045e-016 6.93889e-018 -4.20174e-017 -0.204564 0.978853 -0.56 1.05334 -0.515674</i>
                        <i>2.17276e-016 0.980496 0.19654 -1 2.22045e-016 0 -4.7828e-017 -0.19654 0.980496 -0.56 1.04996 -0.516435</i>
                        <i>3.78099e-018 0.981679 0.190544 -1 0 0 1.33528e-017 -0.190544 0.981679 -0.56 1.04608 -0.516961</i>
                        <i>2.15655e-016 0.982369 0.186954 -1 2.22045e-016 -6.93889e-018 -5.3339e-017 -0.186954 0.982369 -0.56 1.04188 -0.517213</i>
                        <i>1.08792e-016 0.982523 0.186144 -1 2.22045e-016 0 -2.32025e-017 -0.186144 0.982523 -0.56 1.03753 -0.517147</i>
                        <i>2.17583e-016 0.982022 0.188764 -1 2.22045e-016 6.93889e-018 -4.64117e-017 -0.188764 0.982022 -0.56 1.03319 -0.51667</i>
                        <i>1.08763e-016 0.980807 0.19498 -1 1.11022e-016 -6.93889e-018 -2.3341e-017 -0.19498 0.980807 -0.56 1.02903 -0.515753</i>
                        <i>1.10589e-016 0.978691 0.205341 -1 1.11022e-016 0 -1.69871e-017 -0.205341 0.978691 -0.56 1.02524 -0.514387</i>
                        <i>2.16186e-016 0.975504 0.21998 -1 2.22045e-016 0 -5.17265e-017 -0.21998 0.975504 -0.56 1.02202 -0.512592</i>
                        <i>1.09401e-016 0.971285 0.237917 -1 1.11022e-016 3.46945e-018 -2.15784e-017 -0.237917 0.971285 -0.56 1.01951 -0.510472</i>
                        <i>1.01199e-018 0.966097 0.258179 -1 0 0 3.31857e-018 -0.258179 0.966097 -0.56 1.01789 -0.508135</i>
                        <i>-6.32603e-009 0.960056 0.279809 -1 -6.56845e-009 -7.13293e-011 1.76943e-009 -0.279809 0.960056 -0.56 1.01731 -0.505691</i>
                        <i>2.11722e-016 0.953347 0.301876 -1 2.22045e-016 8.67362e-019 -6.69388e-017 -0.301876 0.953347 -0.56 1.01818 -0.503255</i>
                        <i>2.11061e-016 0.946234 0.323484 -1 2.22045e-016 3.03577e-018 -6.89948e-017 -0.323484 0.946234 -0.56 1.02059 -0.500944</i>
                        <i>1.04332e-016 0.939053 0.343771 -1 1.11022e-016 1.73472e-018 -3.79971e-017 -0.343771 0.939053 -0.56 1.02424 -0.498877</i>
                        <i>-1.1674e-018 0.932127 0.362131 -1 0 0 -3.26715e-018 -0.362131 0.932127 -0.56 1.02886 -0.497084</i>
                        <i>-1.19526e-018 0.925776 0.378072 -1 0 0 -3.25706e-018 -0.378072 0.925776 -0.56 1.03413 -0.49555</i>
                        <i>2.06684e-016 0.920414 0.390944 -1 2.22045e-016 3.46945e-018 -8.12242e-017 -0.390944 0.920414 -0.56 1.03976 -0.494331</i>
                        <i>-3.70608e-018 0.916467 0.40011 -1 0 -3.46945e-018 -9.72618e-018 -0.40011 0.916467 -0.56 1.04547 -0.493483</i>
                        <i>1.02396e-016 0.914471 0.404652 -1 1.11022e-016 3.46945e-018 -4.30474e-017 -0.404652 0.914471 -0.56 1.05095 -0.493072</i>
                        <i>2.03554e-016 0.914604 0.404352 -1 2.22045e-016 -3.46945e-018 -8.93194e-017 -0.404352 0.914604 -0.56 1.05593 -0.493115</i>
                        <i>2.06247e-016 0.916692 0.399595 -1 2.22045e-016 3.46945e-018 -8.23285e-017 -0.399595 0.916692 -0.56 1.06011 -0.493594</i>
                        <i>-1.22079e-018 0.920503 0.390737 -1 0 3.46945e-018 -3.24757e-018 -0.390737 0.920503 -0.56 1.06321 -0.494491</i>
                        <i>-2.39979e-018 0.925762 0.378108 -1 0 0 -6.5107e-018 -0.378108 0.925762 -0.56 1.06491 -0.495783</i>
                        <i>1.04474e-016 0.932168 0.362026 -1 1.11022e-016 5.20417e-018 -3.7565e-017 -0.362026 0.932168 -0.56 1.06493 -0.497447</i>
                        <i>1.04531e-016 0.939408 0.3428 -1 1.11022e-016 8.67362e-019 -3.74151e-017 -0.3428 0.939408 -0.56 1.06296 -0.499459</i>
                        <i>2.10359e-016 0.947167 0.32074 -1 2.22045e-016 5.42101e-020 -7.10823e-017 -0.32074 0.947167 -0.56 1.05872 -0.501792</i>
                    </KeyFrames>
                </p>
            </i>
            <i>
                <p>
                    <Name><![CDATA[spine2]]></Name>
                    <Exclude>0</Exclude>
                    <Additive>0</Additive>
                    <IKPriority>0</IKPriority>
                    <IKRotLimits>-1e+010 -1e+010 -1e+010 1e+010 1e+010 1e+010</IKRotLimits>
                    <IKRotLimitOrder>0</IKRotLimitOrder>
                    <KeyFrames count="60">
                        <i>1.8791e-016 0.845926 0.5333 -1 2.22045e-016 5.42101e-020 -1.18295e-016 -0.5333 0.845926 -0.56 1.21388 -0.449093</i>
                        <i>1.85418e-018 0.853029 0.521863 -1 0 8.67362e-019 2.93242e-018 -0.521863 0.853029 -0.56 1.20934 -0.456161</i>
                        <i>3.73596e-018 0.85935 0.511387 -1 0 3.46945e-018 5.84729e-018 -0.511387 0.85935 -0.56 1.2041 -0.463701</i>
                        <i>1.00746e-016 0.865003 0.501767 -1 1.11022e-016 3.46945e-018 -4.86698e-017 -0.501767 0.865003 -0.56 1.19826 -0.471259</i>
                        <i>1.00468e-016 0.870082 0.492906 -1 1.11022e-016 0 -4.92409e-017 -0.492906 0.870082 -0.56 1.19194 -0.478376</i>
                        <i>1.92855e-016 0.874668 0.484722 -1 2.22045e-016 0 -1.1092e-016 -0.484722 0.874668 -0.56 1.1853 -0.484595</i>
                        <i>1.96497e-016 0.878829 0.477137 -1 2.22045e-016 6.93889e-018 -1.0548e-016 -0.477137 0.878829 -0.56 1.17852 -0.489457</i>
                        <i>1.0409e-016 0.882625 0.470078 -1 1.11022e-016 6.93889e-018 -4.38703e-017 -0.470078 0.882625 -0.56 1.1718 -0.492507</i>
                        <i>1.1399e-017 0.885471 0.464695 -1 0 6.93889e-018 1.74183e-017 -0.464695 0.885471 -0.56 1.16538 -0.493463</i>
                        <i>1.90228e-016 0.886778 0.462195 -1 9.82774e-009 -1.88557e-008 -2.12632e-008 -0.462195 0.886778 -0.56 1.15956 -0.492539</i>
                        <i>1.98292e-016 0.886392 0.462936 -1 2.22045e-016 6.93889e-018 -1.02066e-016 -0.462936 0.886392 -0.56 1.15453 -0.490012</i>
                        <i>7.43146e-018 0.884049 0.467395 -1 0 0 1.17203e-017 -0.467395 0.884049 -0.56 1.15048 -0.486071</i>
                        <i>1.01301e-016 0.880046 0.474888 -1 1.11022e-016 6.93889e-018 -4.75032e-017 -0.474888 0.880046 -0.56 1.14759 -0.481113</i>
                        <i>5.54787e-018 0.874665 0.484728 -1 0 0 8.80651e-018 -0.484728 0.874665 -0.56 1.14607 -0.475535</i>
                        <i>9.75798e-017 0.868187 0.496236 -1 1.11022e-016 0 -5.34067e-017 -0.496236 0.868187 -0.56 1.14598 -0.46973</i>
                        <i>9.55651e-017 0.86091 0.508757 -1 1.11022e-016 0 -5.66154e-017 -0.508757 0.86091 -0.56 1.14719 -0.464092</i>
                        <i>1.88698e-016 0.853153 0.521661 -1 2.22045e-016 0 -1.17085e-016 -0.521661 0.853153 -0.56 1.14961 -0.459009</i>
                        <i>9.48776e-017 0.84526 0.534356 -1 1.11022e-016 1.73472e-018 -5.77602e-017 -0.534356 0.84526 -0.56 1.15315 -0.454866</i>
                        <i>9.34812e-017 0.838346 0.545139 -1 1.11022e-016 8.67362e-019 -5.99186e-017 -0.545139 0.838346 -0.56 1.15767 -0.451878</i>
                        <i>9.66485e-019 0.833899 0.551918 -1 0 8.67362e-019 1.44055e-018 -0.551918 0.833899 -0.56 1.16301 -0.450203</i>
                        <i>9.29904e-017 0.832088 0.554644 -1 1.11022e-016 8.67362e-019 -6.06774e-017 -0.554644 0.832088 -0.56 1.16903 -0.44979</i>
                        <i>1.84834e-016 0.831953 0.554845 -1 2.22045e-016 4.33681e-019 -1.23058e-016 -0.554845 0.831953 -0.56 1.17548 -0.450236</i>
                        <i>1.84701e-016 0.832727 0.553684 -1 2.22045e-016 8.67362e-019 -1.23257e-016 -0.553684 0.832727 -0.56 1.18212 -0.451299</i>
                        <i>1.84589e-016 0.834229 0.551419 -1 2.22045e-016 0 -1.23425e-016 -0.551419 0.834229 -0.56 1.18877 -0.452911</i>
                        <i>1.86429e-016 0.83628 0.548303 -1 2.22045e-016 1.73472e-018 -1.20728e-016 -0.548303 0.83628 -0.56 1.19521 -0.455003</i>
                        <i>1.86293e-016 0.838701 0.544593 -1 2.22045e-016 1.73472e-018 -1.20937e-016 -0.544593 0.838701 -0.56 1.20123 -0.457507</i>
                        <i>3.92218e-018 0.841315 0.540545 -1 0 3.46945e-018 5.72405e-018 -0.540545 0.841315 -0.56 1.20664 -0.460353</i>
                        <i>9.5389e-017 0.843949 0.536423 -1 1.11022e-016 3.46945e-018 -5.7228e-017 -0.536423 0.843949 -0.56 1.21122 -0.463473</i>
                        <i>9.5249e-017 0.846571 0.532275 -1 1.11022e-016 0 -5.74607e-017 -0.532275 0.846571 -0.56 1.21476 -0.466766</i>
                        <i>3.96155e-018 0.849236 0.528014 -1 0 0 5.69688e-018 -0.528014 0.849236 -0.56 1.21705 -0.470111</i>
                        <i>1.98694e-018 0.851904 0.523699 -1 0 -3.46945e-018 2.84414e-018 -0.523699 0.851904 -0.56 1.21797 -0.473406</i>
                        <i>1.85781e-016 0.854537 0.519391 -1 2.22045e-016 0 -1.21808e-016 -0.519391 0.854537 -0.56 1.21765 -0.47655</i>
                        <i>1.89619e-016 0.857096 0.515156 -1 2.22045e-016 0 -1.16366e-016 -0.515156 0.857096 -0.56 1.21625 -0.479439</i>
                        <i>1.93547e-016 0.859545 0.51106 -1 2.22045e-016 6.93889e-018 -1.10801e-016 -0.51106 0.859545 -0.56 1.21393 -0.481972</i>
                        <i>1.89582e-016 0.861845 0.507171 -1 2.22045e-016 0 -1.16427e-016 -0.507171 0.861845 -0.56 1.21085 -0.484045</i>
                        <i>7.97213e-018 0.863961 0.503559 -1 0 0 1.13595e-017 -0.503559 0.863961 -0.56 1.20717 -0.485555</i>
                        <i>1.86024e-016 0.865857 0.500292 -1 2.22045e-016 -6.93889e-018 -1.21437e-016 -0.500292 0.865857 -0.56 1.20307 -0.486401</i>
                        <i>9.52079e-017 0.867499 0.497439 -1 2.22045e-016 0 -5.75287e-017 -0.497439 0.867499 -0.56 1.19869 -0.486478</i>
                        <i>1.9107e-016 0.869026 0.494766 -1 2.22045e-016 6.93889e-018 -1.13967e-016 -0.494766 0.869026 -0.56 1.19418 -0.48559</i>
                        <i>9.59866e-017 0.87045 0.492257 -1 1.11022e-016 -6.93889e-018 -5.62199e-017 -0.492257 0.87045 -0.56 1.18968 -0.483682</i>
                        <i>1.00309e-016 0.871114 0.49108 -1 1.11022e-016 0 -4.95645e-017 -0.49108 0.871114 -0.56 1.1854 -0.480652</i>
                        <i>1.92071e-016 0.870561 0.49206 -1 2.22045e-016 0 -1.11897e-016 -0.49206 0.870561 -0.56 1.18151 -0.476492</i>
                        <i>9.92949e-017 0.868855 0.495067 -1 1.11022e-016 3.46945e-018 -5.07426e-017 -0.495067 0.868855 -0.56 1.1782 -0.471469</i>
                        <i>1.83826e-018 0.866044 0.499968 -1 0 0 2.94242e-018 -0.499968 0.866044 -0.56 1.17563 -0.465846</i>
                        <i>-5.69922e-009 0.862166 0.506627 -1 -6.56845e-009 -7.13293e-011 3.26625e-009 -0.506627 0.862166 -0.56 1.174 -0.459887</i>
                        <i>1.90403e-016 0.857244 0.51491 -1 2.22045e-016 8.67362e-019 -1.14253e-016 -0.51491 0.857244 -0.56 1.17374 -0.453856</i>
                        <i>1.90583e-016 0.851296 0.524686 -1 2.22045e-016 3.03577e-018 -1.13952e-016 -0.524686 0.851296 -0.56 1.17499 -0.448012</i>
                        <i>9.38496e-017 0.844327 0.535828 -1 1.11022e-016 1.73472e-018 -5.93398e-017 -0.535828 0.844327 -0.56 1.17753 -0.44261</i>
                        <i>-1.81888e-018 0.836891 0.54737 -1 0 0 -2.95444e-018 -0.54737 0.836891 -0.56 1.1811 -0.437782</i>
                        <i>-1.83104e-018 0.829848 0.557989 -1 0 0 -2.94692e-018 -0.557989 0.829848 -0.56 1.18542 -0.433602</i>
                        <i>1.86275e-016 0.823684 0.567049 -1 2.22045e-016 3.46945e-018 -1.20902e-016 -0.567049 0.823684 -0.56 1.19027 -0.430235</i>
                        <i>-5.56153e-018 0.818903 0.573932 -1 0 -3.46945e-018 -8.79789e-018 -0.573932 0.818903 -0.56 1.19541 -0.427846</i>
                        <i>9.185e-017 0.816289 0.577644 -1 1.11022e-016 3.46945e-018 -6.24625e-017 -0.577644 0.816289 -0.56 1.20064 -0.426657</i>
                        <i>1.81761e-016 0.816085 0.577933 -1 2.22045e-016 -3.46945e-018 -1.27965e-016 -0.577933 0.816085 -0.56 1.2057 -0.426721</i>
                        <i>1.85552e-016 0.817957 0.575279 -1 2.22045e-016 3.46945e-018 -1.2201e-016 -0.575279 0.817957 -0.56 1.21027 -0.427961</i>
                        <i>-1.85702e-018 0.821552 0.570134 -1 0 3.46945e-018 -2.93062e-018 -0.570134 0.821552 -0.56 1.21402 -0.430298</i>
                        <i>-3.70532e-018 0.826505 0.56293 -1 0 0 -5.86676e-018 -0.56293 0.826505 -0.56 1.2166 -0.433656</i>
                        <i>9.39457e-017 0.832452 0.554097 -1 1.11022e-016 5.20417e-018 -5.91621e-017 -0.554097 0.832452 -0.56 1.21766 -0.437961</i>
                        <i>9.3526e-017 0.839039 0.544071 -1 1.11022e-016 8.67362e-019 -5.98298e-017 -0.544071 0.839039 -0.56 1.21687 -0.443133</i>
                        <i>1.8791e-016 0.845926 0.5333 -1 2.22045e-016 5.42101e-020 -1.18295e-016 -0.5333 0.845926 -0.56 1.21388 -0.449093</i>
                    </KeyFrames>
                </p>
            </i>
            <i>
                <p>
                    <Name><![CDATA[head]]></Name>
                    <Exclude>0</Exclude>
                    <Additive>0</Additive>
                    <IKPriority>0</IKPriority>
                    <IKRotLimits>-1e+010 -1e+010 -1e+010 1e+010 1e+010 1e+010</IKRotLimits>
                    <IKRotLimitOrder>0</IKRotLimitOrder>
                    <KeyFrames count="60">
                        <i>1.92438e-016 0.991582 0.129481 -8.24145e-017 0.129481 -0.991582 -1 1.86316e-016 1.08773e-016 -0.56 1.44136 -0.31979</i>
                        <i>-5.49485e-017 0.989055 0.147549 -2.25468e-016 0.147549 -0.989055 -1 -6.85243e-017 2.19247e-016 -0.56 1.43793 -0.328638</i>
                        <i>-5.41052e-017 0.985195 0.171438 -1.17817e-016 0.171438 -0.985195 -1 -1.13551e-016 1.94284e-016 -0.56 1.43353 -0.337499</i>
                        <i>8.32712e-017 0.980137 0.19832 -9.71801e-017 0.19832 -0.980137 -1 7.93237e-017 1.13431e-016 -0.56 1.42833 -0.346084</i>
                        <i>8.25623e-017 0.974266 0.225402 -9.23538e-017 0.225402 -0.974266 -1 8.04484e-017 1.10279e-016 -0.56 1.42253 -0.354095</i>
                        <i>1.86749e-016 0.968259 0.249947 -1.63019e-016 0.249947 -0.968259 -1 1.38692e-016 2.07669e-016 -0.56 1.41639 -0.361232</i>
                        <i>2.01184e-016 0.963059 0.26929 -1.63007e-016 0.26929 -0.963059 -1 1.28295e-016 2.087e-016 -0.56 1.41016 -0.367189</i>
                        <i>9.69572e-017 0.959761 0.280817 2.17919e-017 0.280817 -0.959761 -1 1.23271e-016 1.34625e-017 -0.56 1.40412 -0.371665</i>
                        <i>-6.07198e-018 0.958763 0.284208 -1.92978e-017 0.284208 -0.958763 -1 1.22884e-017 1.33878e-017 -0.56 1.39839 -0.374093</i>
                        <i>4.14781e-009 0.959903 0.280332 2.08547e-008 0.280332 -0.959903 -1 9.82774e-009 -1.88557e-008 -0.56 1.39304 -0.374248</i>
                        <i>2.01143e-016 0.962542 0.271132 -5.18328e-017 0.271132 -0.962542 -1 1.8295e-016 1.11773e-016 -0.56 1.38819 -0.372224</i>
                        <i>-9.2266e-018 0.96561 0.259997 -2.3512e-016 0.259997 -0.96561 -1 -9.15139e-017 2.02785e-016 -0.56 1.38392 -0.368008</i>
                        <i>8.20365e-017 0.968878 0.247539 2.15465e-017 0.247539 -0.968878 -1 1.35448e-016 2.01197e-017 -0.56 1.38047 -0.362092</i>
                        <i>-2.47524e-017 0.972146 0.234378 -2.3201e-016 0.234378 -0.972146 -1 -8.33545e-017 2.07669e-016 -0.56 1.37806 -0.354974</i>
                        <i>8.11653e-017 0.975241 0.221143 2.25908e-017 0.221143 -0.975241 -1 1.35119e-016 1.37733e-017 -0.56 1.37682 -0.347143</i>
                        <i>8.08551e-017 0.978029 0.20847 -3.09792e-016 0.20847 -0.978029 -1 -3.45326e-017 3.00862e-016 -0.56 1.37665 -0.339087</i>
                        <i>1.89673e-016 0.980403 0.197002 -1.76871e-016 0.197002 -0.980403 -1 1.29892e-016 2.03917e-016 -0.56 1.37749 -0.331281</i>
                        <i>5.39337e-017 0.982286 0.187389 1.89687e-017 0.187389 -0.982286 -1 1.11022e-016 1.73472e-018 -0.56 1.37932 -0.324194</i>
                        <i>8.16342e-017 0.98403 0.178005 -2.02996e-016 0.178005 -0.98403 -1 1.3246e-017 2.02148e-016 -0.56 1.38228 -0.318542</i>
                        <i>-2.74563e-017 0.986073 0.166315 -1.70872e-018 0.166315 -0.986073 -1 2.31453e-017 1.61862e-017 -0.56 1.38658 -0.315134</i>
                        <i>8.21389e-017 0.988272 0.152702 -3.17187e-016 0.152702 -0.988272 -1 -5.06163e-017 2.93403e-016 -0.56 1.39213 -0.313953</i>
                        <i>1.36641e-016 0.990234 0.139415 -1.91261e-016 0.139415 -0.990234 -1 7.57528e-017 1.69764e-016 -0.56 1.39849 -0.314205</i>
                        <i>1.64651e-016 0.991709 0.128504 -1.9314e-016 0.128504 -0.991709 -1 9.9102e-017 1.8577e-016 -0.56 1.40523 -0.315342</i>
                        <i>1.37009e-016 0.992659 0.120945 -8.29964e-017 0.120945 -0.992659 -1 1.60825e-016 9.2618e-017 -0.56 1.41211 -0.31723</i>
                        <i>1.65195e-016 0.993047 0.117714 -8.61259e-017 0.117714 -0.993047 -1 2.07594e-016 1.25017e-016 -0.56 1.41887 -0.319736</i>
                        <i>1.37249e-016 0.992829 0.11954 -1.95518e-016 0.11954 -0.992829 -1 1.01121e-016 1.87964e-016 -0.56 1.42528 -0.322727</i>
                        <i>-2.66761e-017 0.992001 0.126227 -2.28899e-016 0.126227 -0.992001 -1 -9.6674e-017 2.05282e-016 -0.56 1.43108 -0.32607</i>
                        <i>8.27867e-017 0.990522 0.137352 -2.09615e-016 0.137352 -0.990522 -1 1.53368e-017 2.05753e-016 -0.56 1.43603 -0.32963</i>
                        <i>5.47279e-017 0.988372 0.152054 -2.07163e-016 0.152054 -0.988372 -1 3.98277e-017 2.17524e-016 -0.56 1.43992 -0.333321</i>
                        <i>-5.39876e-017 0.985584 0.169189 -2.28814e-016 0.169189 -0.985584 -1 -1.75864e-016 2.82852e-016 -0.56 1.44255 -0.337084</i>
                        <i>-2.69052e-017 0.982187 0.187906 -3.36361e-018 0.187906 -0.982187 -1 2.36451e-017 1.10661e-017 -0.56 1.44383 -0.340827</i>
