<?xml version="1.0" encoding="ISO-8859-1" ?>
<Animl Version="1">
    <ModellingPackage><![CDATA[Maya.2010]]></ModellingPackage>
    <SrcFile><![CDATA[anims\vehicles\red\~src\land\tank_t80\tank_t80_idle_random_crewman_b.mb]]></SrcFile>
    <FramesPerSecond>30</FramesPerSecond>
    <TotalFrames>60</TotalFrames>
    <Skeleton>
        <RefFrame>
            <Name><![CDATA[soldier_ref_frame]]></Name>
            <Exclude>0</Exclude>
            <Additive>0</Additive>
            <IKPriority>0</IKPriority>
            <IKRotLimits>-1e+010 -1e+010 -1e+010 1e+010 1e+010 1e+010</IKRotLimits>
            <IKRotLimitOrder>0</IKRotLimitOrder>
            <KeyFrames count="60">
                <i>1 0 0 0 1 0 0 0 1 0 0 0</i>
                <i>1 0 0 0 1 0 0 0 1 0 0 0</i>
                <i>1 0 0 0 1 0 0 0 1 0 0 0</i>
                <i>1 0 0 0 1 0 0 0 1 0 0 0</i>
                <i>1 0 0 0 1 0 0 0 1 0 0 0</i>
                <i>1 0 0 0 1 0 0 0 1 0 0 0</i>
                <i>1 0 0 0 1 0 0 0 1 0 0 0</i>
                <i>1 0 0 0 1 0 0 0 1 0 0 0</i>
                <i>1 0 0 0 1 0 0 0 1 0 0 0</i>
                <i>1 0 0 0 1 0 0 0 1 0 0 0</i>
                <i>1 0 0 0 1 0 0 0 1 0 0 0</i>
                <i>1 0 0 0 1 0 0 0 1 0 0 0</i>
                <i>1 0 0 0 1 0 0 0 1 0 0 0</i>
                <i>1 0 0 0 1 0 0 0 1 0 0 0</i>
                <i>1 0 0 0 1 0 0 0 1 0 0 0</i>
                <i>1 0 0 0 1 0 0 0 1 0 0 0</i>
                <i>1 0 0 0 1 0 0 0 1 0 0 0</i>
                <i>1 0 0 0 1 0 0 0 1 0 0 0</i>
                <i>1 0 0 0 1 0 0 0 1 0 0 0</i>
                <i>1 0 0 0 1 0 0 0 1 0 0 0</i>
                <i>1 0 0 0 1 0 0 0 1 0 0 0</i>
                <i>1 0 0 0 1 0 0 0 1 0 0 0</i>
                <i>1 0 0 0 1 0 0 0 1 0 0 0</i>
                <i>1 0 0 0 1 0 0 0 1 0 0 0</i>
                <i>1 0 0 0 1 0 0 0 1 0 0 0</i>
                <i>1 0 0 0 1 0 0 0 1 0 0 0</i>
                <i>1 0 0 0 1 0 0 0 1 0 0 0</i>
                <i>1 0 0 0 1 0 0 0 1 0 0 0</i>
                <i>1 0 0 0 1 0 0 0 1 0 0 0</i>
                <i>1 0 0 0 1 0 0 0 1 0 0 0</i>
                <i>1 0 0 0 1 0 0 0 1 0 0 0</i>
                <i>1 0 0 0 1 0 0 0 1 0 0 0</i>
                <i>1 0 0 0 1 0 0 0 1 0 0 0</i>
                <i>1 0 0 0 1 0 0 0 1 0 0 0</i>
                <i>1 0 0 0 1 0 0 0 1 0 0 0</i>
                <i>1 0 0 0 1 0 0 0 1 0 0 0</i>
                <i>1 0 0 0 1 0 0 0 1 0 0 0</i>
                <i>1 0 0 0 1 0 0 0 1 0 0 0</i>
                <i>1 0 0 0 1 0 0 0 1 0 0 0</i>
                <i>1 0 0 0 1 0 0 0 1 0 0 0</i>
                <i>1 0 0 0 1 0 0 0 1 0 0 0</i>
                <i>1 0 0 0 1 0 0 0 1 0 0 0</i>
                <i>1 0 0 0 1 0 0 0 1 0 0 0</i>
                <i>1 0 0 0 1 0 0 0 1 0 0 0</i>
                <i>1 0 0 0 1 0 0 0 1 0 0 0</i>
                <i>1 0 0 0 1 0 0 0 1 0 0 0</i>
                <i>1 0 0 0 1 0 0 0 1 0 0 0</i>
                <i>1 0 0 0 1 0 0 0 1 0 0 0</i>
                <i>1 0 0 0 1 0 0 0 1 0 0 0</i>
                <i>1 0 0 0 1 0 0 0 1 0 0 0</i>
                <i>1 0 0 0 1 0 0 0 1 0 0 0</i>
                <i>1 0 0 0 1 0 0 0 1 0 0 0</i>
                <i>1 0 0 0 1 0 0 0 1 0 0 0</i>
                <i>1 0 0 0 1 0 0 0 1 0 0 0</i>
                <i>1 0 0 0 1 0 0 0 1 0 0 0</i>
                <i>1 0 0 0 1 0 0 0 1 0 0 0</i>
                <i>1 0 0 0 1 0 0 0 1 0 0 0</i>
                <i>1 0 0 0 1 0 0 0 1 0 0 0</i>
                <i>1 0 0 0 1 0 0 0 1 0 0 0</i>
                <i>1 0 0 0 1 0 0 0 1 0 0 0</i>
            </KeyFrames>
        </RefFrame>
        <Bones count="23">
            <i>
                <p>
                    <Name><![CDATA[pelvis]]></Name>
                    <Exclude>0</Exclude>
                    <Additive>0</Additive>
                    <IKPriority>0</IKPriority>
                    <IKRotLimits>-1e+010 -1e+010 -1e+010 1e+010 1e+010 1e+010</IKRotLimits>
                    <IKRotLimitOrder>2</IKRotLimitOrder>
                    <KeyFrames count="60">
                        <i>1 0 0 0 1 0 0 0 1 0.65 0.62 -0.69</i>
                        <i>1 0 0 0 1 0 0 0 1 0.65 0.62 -0.69</i>
                        <i>1 0 0 0 1 0 0 0 1 0.65 0.62 -0.69</i>
                        <i>1 0 0 0 1 0 0 0 1 0.65 0.62 -0.69</i>
                        <i>1 0 0 0 1 0 0 0 1 0.65 0.62 -0.69</i>
                        <i>1 0 0 0 1 0 0 0 1 0.65 0.62 -0.69</i>
                        <i>1 0 0 0 1 0 0 0 1 0.65 0.62 -0.69</i>
                        <i>1 0 0 0 1 0 0 0 1 0.65 0.62 -0.69</i>
                        <i>1 0 0 0 1 0 0 0 1 0.65 0.62 -0.69</i>
                        <i>1 0 0 0 1 0 0 0 1 0.65 0.62 -0.69</i>
                        <i>1 0 0 0 1 0 0 0 1 0.65 0.62 -0.69</i>
                        <i>1 0 0 0 1 0 0 0 1 0.65 0.62 -0.69</i>
                        <i>1 0 0 0 1 0 0 0 1 0.65 0.62 -0.69</i>
                        <i>1 0 0 0 1 0 0 0 1 0.65 0.62 -0.69</i>
                        <i>1 0 0 0 1 0 0 0 1 0.65 0.62 -0.69</i>
                        <i>1 0 0 0 1 0 0 0 1 0.65 0.62 -0.69</i>
                        <i>1 0 0 0 1 0 0 0 1 0.65 0.62 -0.69</i>
                        <i>1 0 0 0 1 0 0 0 1 0.65 0.62 -0.69</i>
                        <i>1 0 0 0 1 0 0 0 1 0.65 0.62 -0.69</i>
                        <i>1 0 0 0 1 0 0 0 1 0.65 0.62 -0.69</i>
                        <i>1 0 0 0 1 0 0 0 1 0.65 0.62 -0.69</i>
                        <i>1 0 0 0 1 0 0 0 1 0.65 0.62 -0.69</i>
                        <i>1 0 0 0 1 0 0 0 1 0.65 0.62 -0.69</i>
                        <i>1 0 0 0 1 0 0 0 1 0.65 0.62 -0.69</i>
                        <i>1 0 0 0 1 0 0 0 1 0.65 0.62 -0.69</i>
                        <i>1 0 0 0 1 0 0 0 1 0.65 0.62 -0.69</i>
                        <i>1 0 0 0 1 0 0 0 1 0.65 0.62 -0.69</i>
                        <i>1 0 0 0 1 0 0 0 1 0.65 0.62 -0.69</i>
                        <i>1 0 0 0 1 0 0 0 1 0.65 0.62 -0.69</i>
                        <i>1 0 0 0 1 0 0 0 1 0.65 0.62 -0.69</i>
                        <i>1 0 0 0 1 0 0 0 1 0.65 0.62 -0.69</i>
                        <i>1 0 0 0 1 0 0 0 1 0.65 0.62 -0.69</i>
                        <i>1 0 0 0 1 0 0 0 1 0.65 0.62 -0.69</i>
                        <i>1 0 0 0 1 0 0 0 1 0.65 0.62 -0.69</i>
                        <i>1 0 0 0 1 0 0 0 1 0.65 0.62 -0.69</i>
                        <i>1 0 0 0 1 0 0 0 1 0.65 0.62 -0.69</i>
                        <i>1 0 0 0 1 0 0 0 1 0.65 0.62 -0.69</i>
                        <i>1 0 0 0 1 0 0 0 1 0.65 0.62 -0.69</i>
                        <i>1 0 0 0 1 0 0 0 1 0.65 0.62 -0.69</i>
                        <i>1 0 0 0 1 0 0 0 1 0.65 0.62 -0.69</i>
                        <i>1 0 0 0 1 0 0 0 1 0.65 0.62 -0.69</i>
                        <i>1 0 0 0 1 0 0 0 1 0.65 0.62 -0.69</i>
                        <i>1 0 0 0 1 0 0 0 1 0.65 0.62 -0.69</i>
                        <i>1 0 0 0 1 0 0 0 1 0.65 0.62 -0.69</i>
                        <i>1 0 0 0 1 0 0 0 1 0.65 0.62 -0.69</i>
                        <i>1 0 0 0 1 0 0 0 1 0.65 0.62 -0.69</i>
                        <i>1 0 0 0 1 0 0 0 1 0.65 0.62 -0.69</i>
                        <i>1 0 0 0 1 0 0 0 1 0.65 0.62 -0.69</i>
                        <i>1 0 0 0 1 0 0 0 1 0.65 0.62 -0.69</i>
                        <i>1 0 0 0 1 0 0 0 1 0.65 0.62 -0.69</i>
                        <i>1 0 0 0 1 0 0 0 1 0.65 0.62 -0.69</i>
                        <i>1 0 0 0 1 0 0 0 1 0.65 0.62 -0.69</i>
                        <i>1 0 0 0 1 0 0 0 1 0.65 0.62 -0.69</i>
                        <i>1 0 0 0 1 0 0 0 1 0.65 0.62 -0.69</i>
                        <i>1 0 0 0 1 0 0 0 1 0.65 0.62 -0.69</i>
                        <i>1 0 0 0 1 0 0 0 1 0.65 0.62 -0.69</i>
                        <i>1 0 0 0 1 0 0 0 1 0.65 0.62 -0.69</i>
                        <i>1 0 0 0 1 0 0 0 1 0.65 0.62 -0.69</i>
                        <i>1 0 0 0 1 0 0 0 1 0.65 0.62 -0.69</i>
                        <i>1 0 0 0 1 0 0 0 1 0.65 0.62 -0.69</i>
                    </KeyFrames>
                </p>
            </i>
            <i>
                <p>
                    <Name><![CDATA[spine0]]></Name>
                    <Exclude>0</Exclude>
                    <Additive>0</Additive>
                    <IKPriority>0</IKPriority>
                    <IKRotLimits>-1e+010 -1e+010 -1e+010 1e+010 1e+010 1e+010</IKRotLimits>
                    <IKRotLimitOrder>0</IKRotLimitOrder>
                    <KeyFrames count="60">
                        <i>0 0.999669 0.0257105 -1 0 -1.73472e-018 -5.20417e-018 -0.0257105 0.999669 0.65 0.755654 -0.737898</i>
                        <i>0.00562241 0.999614 0.0272016 -0.999957 0.00542037 0.00749542 0.00734509 -0.0272426 0.999602 0.650151 0.755715 -0.737725</i>
                        <i>0.0208547 0.999299 0.0310762 -0.999417 0.0199962 0.0276847 0.0270439 -0.0316354 0.999134 0.650572 0.755881 -0.737246</i>
                        <i>0.0432966 0.9984 0.0363722 -0.997518 0.0411776 0.0571159 0.0555268 -0.0387548 0.997705 0.651226 0.756129 -0.736513</i>
                        <i>0.0704874 0.996621 0.0421561 -0.993517 0.0663637 0.0922991 0.0891896 -0.0483888 0.994839 0.652072 0.756432 -0.735587</i>
                        <i>0.0998074 0.993866 0.0476334 -0.987189 0.0929206 0.129704 0.124482 -0.0599686 0.990408 0.653054 0.756758 -0.734543</i>
                        <i>0.128453 0.99034 0.0522172 -0.979045 0.118246 0.165796 0.15802 -0.0724201 0.984777 0.654084 0.757073 -0.73348</i>
                        <i>0.153468 0.986591 0.0555483 -0.97036 0.139847 0.197088 0.186677 -0.0841485 0.978811 0.655047 0.757343 -0.732515</i>
                        <i>0.171805 0.983454 0.0574513 -0.963008 0.155372 0.220172 0.207603 -0.0931527 0.973768 0.655801 0.757539 -0.731778</i>
                        <i>0.180405 0.981892 0.0578148 -0.959105 0.162575 0.231704 0.218109 -0.0972511 0.971067 0.656193 0.757636 -0.731401</i>
                        <i>0.179706 0.982019 0.0578373 -0.959225 0.161889 0.231686 0.218157 -0.0971143 0.97107 0.656193 0.757636 -0.731401</i>
                        <i>0.177871 0.98235 0.0578778 -0.959539 0.160093 0.231637 0.218283 -0.0967375 0.971079 0.656193 0.757636 -0.731401</i>
                        <i>0.175295 0.982812 0.057896 -0.959972 0.15758 0.231567 0.218464 -0.0961711 0.971095 0.656193 0.757636 -0.731401</i>
                        <i>0.172373 0.983332 0.0578505 -0.960452 0.154744 0.231486 0.218676 -0.0954645 0.971117 0.656193 0.757636 -0.731401</i>
                        <i>0.169498 0.98384 0.0576978 -0.960913 0.151977 0.231406 0.218898 -0.0946655 0.971145 0.656193 0.757636 -0.731401</i>
                        <i>0.167064 0.984274 0.0573933 -0.961291 0.149673 0.231338 0.219109 -0.0938198 0.971179 0.656193 0.757636 -0.731401</i>
                        <i>0.16546 0.984574 0.0568915 -0.961527 0.148222 0.231294 0.219293 -0.0929725 0.971219 0.656193 0.757636 -0.731401</i>
                        <i>0.165077 0.984681 0.0561475 -0.96156 0.148013 0.231288 0.219434 -0.0921695 0.971264 0.656193 0.757636 -0.731401</i>
                        <i>0.166509 0.984502 0.0550499 -0.961295 0.149648 0.231337 0.219513 -0.0914388 0.971315 0.656193 0.757636 -0.731401</i>
                        <i>0.169662 0.984037 0.0537291 -0.960742 0.153009 0.231436 0.219521 -0.0908857 0.971365 0.656193 0.757636 -0.731401</i>
                        <i>0.173893 0.983365 0.0524855 -0.960002 0.157402 0.231562 0.219449 -0.0906531 0.971403 0.656193 0.757636 -0.731401</i>
                        <i>0.178516 0.982588 0.051502 -0.959185 0.16212 0.231692 0.219308 -0.0907607 0.971425 0.656193 0.757636 -0.731401</i>
                        <i>0.18283 0.981825 0.0509173 -0.958416 0.166449 0.231807 0.219119 -0.0911811 0.971428 0.656193 0.757636 -0.731401</i>
                        <i>0.186131 0.981207 0.050863 -0.957829 0.169676 0.23189 0.218902 -0.09188 0.971411 0.656193 0.757636 -0.731401</i>
                        <i>0.187719 0.980874 0.0514655 -0.957569 0.17109 0.231925 0.218684 -0.0928185 0.971371 0.656193 0.757636 -0.731401</i>
                        <i>0.187083 0.980925 0.0527883 -0.957737 0.17018 0.231902 0.218495 -0.0939422 0.971306 0.656193 0.757636 -0.731401</i>
                        <i>0.184628 0.981291 0.0545999 -0.958245 0.167393 0.231831 0.218354 -0.0951228 0.971222 0.656193 0.757636 -0.731401</i>
                        <i>0.181029 0.981848 0.0565863 -0.95895 0.163452 0.231728 0.218272 -0.0962129 0.971133 0.656193 0.757636 -0.731401</i>
                        <i>0.17696 0.982482 0.0584302 -0.959713 0.159085 0.231609 0.218256 -0.0970618 0.971053 0.656193 0.757636 -0.731401</i>
                        <i>0.173096 0.983087 0.059809 -0.960406 0.155019 0.231494 0.218307 -0.0975118 0.970996 0.656193 0.757636 -0.731401</i>
                        <i>0.17011 0.983572 0.0603977 -0.960913 0.151982 0.231406 0.218425 -0.0974015 0.970981 0.656193 0.757636 -0.731401</i>
                        <i>0.168713 0.983837 0.0599977 -0.961122 0.150708 0.231368 0.218587 -0.0967 0.971014 0.656193 0.757636 -0.731401</i>
                        <i>0.168905 0.983881 0.0587226 -0.961045 0.151175 0.231382 0.218775 -0.0955168 0.971089 0.656193 0.757636 -0.731401</i>
                        <i>0.170044 0.983792 0.0569097 -0.960796 0.152682 0.231427 0.218986 -0.0940313 0.971186 0.656193 0.757636 -0.731401</i>
                        <i>0.171897 0.983592 0.0547573 -0.960416 0.154959 0.231493 0.219209 -0.0923826 0.971294 0.656193 0.757636 -0.731401</i>
                        <i>0.17423 0.983306 0.0524638 -0.959945 0.157735 0.231571 0.21943 -0.090709 0.971402 0.656193 0.757636 -0.731401</i>
                        <i>0.17681 0.982963 0.0502263 -0.959426 0.160739 0.231655 0.219634 -0.0891473 0.971501 0.656193 0.757636 -0.731401</i>
                        <i>0.179402 0.982592 0.0482409 -0.958906 0.1637 0.231734 0.219803 -0.0878321 0.971582 0.656193 0.757636 -0.731401</i>
                        <i>0.181771 0.982231 0.0467023 -0.958434 0.166345 0.231804 0.219917 -0.0868963 0.971641 0.656193 0.757636 -0.731401</i>
                        <i>0.183683 0.981918 0.0458043 -0.958062 0.168404 0.231857 0.219951 -0.0864715 0.971671 0.656193 0.757636 -0.731401</i>
                        <i>0.184899 0.981693 0.0457222 -0.957842 0.169606 0.231888 0.219888 -0.0866703 0.971667 0.656193 0.757636 -0.731401</i>
                        <i>0.185357 0.981575 0.0464076 -0.957788 0.169901 0.231895 0.219738 -0.087432 0.971633 0.656193 0.757636 -0.731401</i>
                        <i>0.185269 0.981531 0.0476608 -0.957854 0.16954 0.231886 0.219523 -0.0886135 0.971575 0.656193 0.757636 -0.731401</i>
                        <i>0.184767 0.981544 0.0493095 -0.95801 0.168689 0.231865 0.219267 -0.09008 0.971498 0.656193 0.757636 -0.731401</i>
                        <i>0.183982 0.981596 0.0511813 -0.958223 0.167513 0.231834 0.218994 -0.0916966 0.971408 0.656193 0.757636 -0.731401</i>
                        <i>0.183045 0.981669 0.0531034 -0.958464 0.166179 0.2318 0.218726 -0.0933275 0.971313 0.656193 0.757636 -0.731401</i>
                        <i>0.182087 0.981748 0.0549023 -0.958702 0.164852 0.231765 0.218484 -0.0948364 0.971221 0.656193 0.757636 -0.731401</i>
                        <i>0.18124 0.98182 0.0564037 -0.958907 0.163698 0.231734 0.218288 -0.0960855 0.971143 0.656193 0.757636 -0.731401</i>
                        <i>0.180636 0.981872 0.0574329 -0.959051 0.162884 0.231713 0.218157 -0.0969367 0.971087 0.656193 0.757636 -0.731401</i>
                        <i>0.180405 0.981892 0.0578148 -0.959105 0.162575 0.231704 0.218109 -0.0972511 0.971067 0.656193 0.757636 -0.731401</i>
                        <i>0.172021 0.983391 0.057879 -0.962689 0.155359 0.221572 0.2089 -0.0938345 0.973425 0.655849 0.757551 -0.731732</i>
                        <i>0.155956 0.986146 0.0565082 -0.969093 0.141687 0.201951 0.191147 -0.0862571 0.977764 0.655204 0.757385 -0.732361</i>
                        <i>0.134365 0.989469 0.0538191 -0.976796 0.123112 0.175251 0.16678 -0.0761179 0.983052 0.654369 0.757155 -0.733192</i>
                        <i>0.109413 0.99274 0.0499683 -0.984397 0.101249 0.143917 0.137812 -0.0649349 0.988327 0.65345 0.756882 -0.73413</i>
                        <i>0.083211 0.995506 0.0452187 -0.990832 0.0778035 0.110447 0.106432 -0.0539946 0.992853 0.652538 0.75659 -0.735087</i>
                        <i>0.0577787 0.997529 0.0399672 -0.995507 0.0545612 0.0773825 0.0750107 -0.0442587 0.9962 0.651705 0.756303 -0.735986</i>
                        <i>0.0350104 0.998783 0.0347403 -0.998325 0.0333499 0.0472778 0.0460617 -0.0363373 0.998277 0.651002 0.756046 -0.736762</i>
                        <i>0.0166758 0.999406 0.0301664 -0.999615 0.0159949 0.0226737 0.0221778 -0.0305328 0.999288 0.650465 0.755839 -0.737366</i>
                        <i>0.00445306 0.999627 0.0269299 -0.999972 0.0042907 0.00608361 0.0059658 -0.0269562 0.999619 0.650122 0.755703 -0.737758</i>
                        <i>0 0.999669 0.0257105 -1 0 -1.73472e-018 -5.20417e-018 -0.0257105 0.999669 0.65 0.755654 -0.737898</i>
                    </KeyFrames>
                </p>
            </i>
            <i>
                <p>
                    <Name><![CDATA[spine1]]></Name>
                    <Exclude>0</Exclude>
                    <Additive>0</Additive>
                    <IKPriority>0</IKPriority>
                    <IKRotLimits>-1e+010 -1e+010 -1e+010 1e+010 1e+010 1e+010</IKRotLimits>
                    <IKRotLimitOrder>0</IKRotLimitOrder>
                    <KeyFrames count="60">
                        <i>-9.32458e-019 0.978885 0.20441 -1 0 -1.73472e-018 -5.11995e-018 -0.20441 0.978885 0.65 0.927691 -0.733477</i>
                        <i>0.00947518 0.977789 0.209378 -0.999929 0.00775198 0.00904921 0.00722512 -0.209449 0.977793 0.651119 0.927796 -0.733046</i>
                        <i>0.0353744 0.97433 0.22233 -0.999029 0.0286282 0.033494 0.0262693 -0.223299 0.974396 0.654165 0.928062 -0.731896</i>
                        <i>0.074067 0.967931 0.240047 -0.995849 0.0590188 0.069292 0.0529026 -0.244183 0.968285 0.658696 0.928402 -0.730243</i>
                        <i>0.121659 0.958094 0.259336 -0.989104 0.0952013 0.112293 0.082898 -0.270172 0.959237 0.664258 0.92873 -0.728307</i>
                        <i>0.173668 0.944909 0.277465 -0.978361 0.133367 0.158184 0.112464 -0.298933 0.947624 0.670347 0.928978 -0.7263</i>
                        <i>0.225025 0.929408 0.292512 -0.964445 0.169759 0.202552 0.138597 -0.327692 0.934564 0.676397 0.929117 -0.724422</i>
                        <i>0.270305 0.913678 0.303526 -0.949513 0.200841 0.241016 0.15925 -0.35335 0.921837 0.681771 0.929163 -0.722857</i>
                        <i>0.304026 0.900673 0.310413 -0.93678 0.22339 0.269332 0.173237 -0.372673 0.911649 0.685781 0.929176 -0.721769</i>
                        <i>0.320848 0.893739 0.313507 -0.929907 0.234417 0.283411 0.179804 -0.382464 0.906307 0.687717 0.929239 -0.721316</i>
                        <i>0.320441 0.894081 0.31295 -0.930004 0.234149 0.283314 0.180028 -0.381829 0.90653 0.687595 0.929262 -0.721312</i>
                        <i>0.319359 0.895 0.311424 -0.930259 0.233449 0.283055 0.180632 -0.380101 0.907136 0.687275 0.929322 -0.721305</i>
                        <i>0.317816 0.896338 0.309147 -0.930616 0.232472 0.282683 0.181512 -0.377539 0.90803 0.686825 0.929406 -0.721302</i>
                        <i>0.316024 0.897934 0.30634 -0.931021 0.231377 0.282249 0.182561 -0.374406 0.909116 0.686315 0.929501 -0.72131</i>
                        <i>0.3142 0.89963 0.303224 -0.931419 0.230321 0.2818 0.183677 -0.37097 0.910299 0.685814 0.929596 -0.721336</i>
                        <i>0.312564 0.90127 0.300028 -0.931756 0.229466 0.281381 0.184754 -0.367503 0.911487 0.685389 0.929676 -0.721389</i>
                        <i>0.311338 0.902701 0.296983 -0.931981 0.228977 0.281037 0.18569 -0.36428 0.912589 0.685109 0.929728 -0.721477</i>
                        <i>0.310748 0.903776 0.294322 -0.932039 0.229018 0.28081 0.186384 -0.361581 0.913521 0.68504 0.929739 -0.721607</i>
                        <i>0.3111 0.904327 0.292249 -0.931852 0.229836 0.28076 0.18673 -0.359678 0.914201 0.685287 0.929689 -0.7218</i>
                        <i>0.312408 0.904262 0.291053 -0.931432 0.231387 0.280884 0.186646 -0.358846 0.914545 0.685834 0.929581 -0.722032</i>
                        <i>0.314439 0.903566 0.291028 -0.930859 0.233391 0.281123 0.18609 -0.359302 0.91448 0.686569 0.929441 -0.72225</i>
                        <i>0.316864 0.902374 0.292092 -0.930226 0.235551 0.281418 0.185142 -0.360883 0.914049 0.687374 0.929291 -0.722423</i>
                        <i>0.319327 0.900871 0.294045 -0.929625 0.23757 0.281706 0.183925 -0.363308 0.913334 0.688127 0.929154 -0.722525</i>
                        <i>0.321476 0.899236 0.296694 -0.929153 0.239154 0.281922 0.182559 -0.366305 0.91241 0.688705 0.929052 -0.722534</i>
                        <i>0.322966 0.897653 0.299853 -0.928909 0.240014 0.281994 0.181164 -0.369611 0.911355 0.688984 0.929004 -0.722429</i>
                        <i>0.323532 0.896289 0.303303 -0.928966 0.239943 0.281869 0.17986 -0.372952 0.910251 0.688876 0.929026 -0.722197</i>
                        <i>0.323271 0.895234 0.306679 -0.929271 0.239102 0.281579 0.178751 -0.376014 0.909209 0.68845 0.929107 -0.72188</i>
                        <i>0.322387 0.894556 0.309574 -0.929735 0.237757 0.281185 0.177932 -0.378472 0.90835 0.687825 0.929225 -0.721531</i>
                        <i>0.321083 0.894326 0.311587 -0.930269 0.236172 0.280752 0.177496 -0.380005 0.907795 0.687118 0.929361 -0.721208</i>
                        <i>0.319567 0.894609 0.312331 -0.930785 0.234612 0.280351 0.177527 -0.380304 0.907663 0.686447 0.929492 -0.720965</i>
                        <i>0.318055 0.895459 0.311439 -0.931193 0.233347 0.28005 0.1781 -0.379082 0.908062 0.685928 0.929594 -0.720862</i>
                        <i>0.316878 0.896728 0.308978 -0.931398 0.232677 0.279927 0.179126 -0.376484 0.908941 0.685684 0.92964 -0.720931</i>
                        <i>0.316115 0.898254 0.305304 -0.931397 0.232618 0.279979 0.180473 -0.372865 0.910165 0.685715 0.929631 -0.721155</i>
                        <i>0.315577 0.899944 0.300854 -0.931275 0.232912 0.28014 0.182038 -0.368583 0.911597 0.685909 0.929588 -0.721474</i>
                        <i>0.315241 0.901667 0.296006 -0.931062 0.233472 0.280383 0.183703 -0.363989 0.913108 0.686227 0.929519 -0.721852</i>
                        <i>0.31509 0.903301 0.291145 -0.930786 0.234209 0.280683 0.185353 -0.359434 0.914577 0.686629 0.929433 -0.722254</i>
                        <i>0.315105 0.904731 0.286654 -0.930477 0.235034 0.281018 0.186872 -0.355275 0.915892 0.687073 0.92934 -0.722646</i>
                        <i>0.315273 0.905845 0.282926 -0.930163 0.235856 0.281368 0.188146 -0.351875 0.916943 0.687521 0.929249 -0.722994</i>
                        <i>0.315583 0.906537 0.280354 -0.929873 0.236584 0.281716 0.189059 -0.349598 0.917626 0.687932 0.929168 -0.723264</i>
                        <i>0.316025 0.906697 0.279335 -0.929634 0.237127 0.282048 0.189494 -0.348814 0.917835 0.688264 0.929105 -0.723421</i>
                        <i>0.316574 0.906237 0.280206 -0.929476 0.237392 0.282345 0.189352 -0.349828 0.917478 0.688477 0.929068 -0.723435</i>
                        <i>0.317164 0.905234 0.282769 -0.929408 0.237359 0.282597 0.188698 -0.352438 0.916614 0.688559 0.929057 -0.723315</i>
                        <i>0.317796 0.903809 0.286593 -0.929404 0.237118 0.282812 0.187652 -0.356237 0.915359 0.688547 0.929066 -0.723096</i>
                        <i>0.31844 0.90209 0.291256 -0.929449 0.236729 0.282992 0.186336 -0.360823 0.91383 0.688462 0.929087 -0.722807</i>
                        <i>0.319062 0.900213 0.296339 -0.929527 0.236248 0.283136 0.184873 -0.365793 0.91215 0.688329 0.929117 -0.722479</i>
                        <i>0.319634 0.89832 0.301423 -0.929625 0.235732 0.283246 0.183391 -0.370746 0.910448 0.688169 0.929151 -0.722142</i>
                        <i>0.320126 0.896563 0.306094 -0.929726 0.235237 0.283325 0.182014 -0.375283 0.908864 0.688006 0.929184 -0.721827</i>
                        <i>0.32051 0.895104 0.309938 -0.929817 0.234817 0.283376 0.180872 -0.379011 0.907544 0.68786 0.929212 -0.721564</i>
                        <i>0.320759 0.894108 0.312546 -0.929882 0.234526 0.283403 0.180092 -0.381535 0.906641 0.687757 0.929232 -0.721383</i>
                        <i>0.320848 0.893739 0.313507 -0.929907 0.234417 0.283411 0.179804 -0.382464 0.906307 0.687717 0.929239 -0.721316</i>
                        <i>0.305826 0.899762 0.311287 -0.936053 0.224399 0.271017 0.173999 -0.374265 0.910851 0.685873 0.929211 -0.721647</i>
                        <i>0.276978 0.910908 0.305827 -0.947077 0.205056 0.246976 0.16226 -0.358049 0.919496 0.682374 0.929211 -0.722531</i>
                        <i>0.238129 0.924739 0.296904 -0.960335 0.178519 0.214212 0.145087 -0.336137 0.930571 0.677727 0.929184 -0.723849</i>
                        <i>0.193223 0.939 0.284508 -0.973392 0.147054 0.175735 0.123177 -0.310894 0.942429 0.672427 0.929083 -0.725474</i>
                        <i>0.146211 0.951938 0.26914 -0.984413 0.113127 0.134661 0.0977416 -0.284634 0.95364 0.666939 0.92889 -0.72727</i>
                        <i>0.10089 0.962472 0.251931 -0.992387 0.0793772 0.0941651 0.0706337 -0.259513 0.963153 0.661685 0.928617 -0.729089</i>
                        <i>0.0607177 0.970192 0.234607 -0.997171 0.0485236 0.0574096 0.0443144 -0.237429 0.970394 0.65704 0.928302 -0.730776</i>
                        <i>0.0287378 0.975226 0.219334 -0.999352 0.0232686 0.0274787 0.0216944 -0.219982 0.975263 0.653338 0.928001 -0.732174</i>
                        <i>0.00763876 0.977994 0.208493 -0.999953 0.00624074 0.00736234 0.00589917 -0.208539 0.977996 0.650889 0.927777 -0.733126</i>
                        <i>-9.32458e-019 0.978885 0.20441 -1 0 -1.73472e-018 -5.11995e-018 -0.20441 0.978885 0.65 0.927691 -0.733477</i>
                    </KeyFrames>
                </p>
            </i>
            <i>
                <p>
                    <Name><![CDATA[spine2]]></Name>
                    <Exclude>0</Exclude>
                    <Additive>0</Additive>
                    <IKPriority>0</IKPriority>
                    <IKRotLimits>-1e+010 -1e+010 -1e+010 1e+010 1e+010 1e+010</IKRotLimits>
                    <IKRotLimitOrder>0</IKRotLimitOrder>
                    <KeyFrames count="60">
                        <i>-1.90258e-018 0.92107 0.389397 -1 0 -1.73472e-018 -4.84392e-018 -0.389397 0.92107 0.65 1.08274 -0.701077</i>
                        <i>0.0107902 0.917573 0.397421 -0.999919 0.00720099 0.0105225 0.00679331 -0.397503 0.917576 0.652622 1.08271 -0.699848</i>
                        <i>0.0404249 0.907337 0.418455 -0.998889 0.0265428 0.0389449 0.0242292 -0.419564 0.907402 0.659781 1.08256 -0.696613</i>
                        <i>0.0849921 0.890246 0.44748 -0.995258 0.0545273 0.0805541 0.0473131 -0.452204 0.890659 0.670471 1.08209 -0.692094</i>
                        <i>0.140145 0.866303 0.479456 -0.987576 0.0875352 0.130505 0.071088 -0.491789 0.867808 0.683634 1.08113 -0.687013</i>
                        <i>0.200672 0.836433 0.51001 -0.975374 0.121949 0.183777 0.0915217 -0.53433 0.840307 0.698068 1.0796 -0.682018</i>
                        <i>0.260591 0.802988 0.536006 -0.959594 0.154371 0.235265 0.106171 -0.575656 0.81077 0.712403 1.07762 -0.677621</i>
                        <i>0.313601 0.769875 0.55583 -0.942631 0.181848 0.279959 0.114457 -0.611738 0.782736 0.725127 1.0755 -0.674174</i>
                        <i>0.353568 0.742253 0.569255 -0.928011 0.201954 0.313065 0.11741 -0.638965 0.760223 0.734646 1.07371 -0.671876</i>
                        <i>0.374753 0.725849 0.576804 -0.919728 0.212622 0.329989 0.116881 -0.654167 0.747264 0.739356 1.07285 -0.670856</i>
                        <i>0.375823 0.726202 0.575663 -0.91928 0.213753 0.330504 0.116963 -0.653407 0.747917 0.739168 1.07293 -0.670941</i>
                        <i>0.378616 0.727172 0.5726 -0.918103 0.216732 0.331833 0.117199 -0.651343 0.749677 0.738675 1.07314 -0.671178</i>
                        <i>0.3825 0.728625 0.568155 -0.916444 0.220935 0.333643 0.117575 -0.6483 0.752252 0.737979 1.07345 -0.67154</i>
                        <i>0.386844 0.730431 0.562869 -0.914554 0.225738 0.335608 0.118077 -0.644602 0.755345 0.737183 1.07381 -0.671997</i>
                        <i>0.391025 0.73248 0.55729 -0.912695 0.230513 0.33742 0.118691 -0.640575 0.758667 0.73639 1.07418 -0.672522</i>
                        <i>0.394427 0.734682 0.551968 -0.911137 0.234621 0.338796 0.119404 -0.636549 0.761937 0.735704 1.07453 -0.673087</i>
                        <i>0.39644 0.736968 0.547462 -0.910157 0.237421 0.339478 0.120205 -0.632859 0.76488 0.735227 1.07482 -0.673664</i>
                        <i>0.396455 0.739276 0.54433 -0.910034 0.238262 0.339218 0.121082 -0.629843 0.767227 0.735062 1.075 -0.674225</i>
                        <i>0.393498 0.741635 0.543266 -0.911182 0.23615 0.337609 0.12209 -0.627863 0.768689 0.73536 1.07502 -0.674756</i>
                        <i>0.387828 0.743715 0.544498 -0.91348 0.231258 0.334773 0.123056 -0.627223 0.769057 0.73611 1.07488 -0.675188</i>
                        <i>0.380675 0.744969 0.547821 -0.916404 0.224706 0.331228 0.123656 -0.628115 0.768232 0.737165 1.07461 -0.675417</i>
                        <i>0.373203 0.74522 0.5526 -0.919458 0.217639 0.327461 0.123764 -0.630301 0.766422 0.738355 1.07426 -0.675423</i>
                        <i>0.366563 0.744448 0.558059 -0.922184 0.211211 0.323985 0.123321 -0.633393 0.76394 0.739502 1.07387 -0.675212</i>
                        <i>0.361921 0.742672 0.563429 -0.924155 0.206569 0.32135 0.122271 -0.636999 0.761106 0.740426 1.07351 -0.674795</i>
                        <i>0.360451 0.739937 0.56795 -0.924955 0.204841 0.320155 0.120555 -0.640728 0.758244 0.740948 1.07321 -0.674178</i>
                        <i>0.362979 0.736354 0.570989 -0.924273 0.20681 0.320858 0.118179 -0.644214 0.75566 0.740933 1.07302 -0.673388</i>
                        <i>0.368651 0.732353 0.572499 -0.922371 0.211701 0.323133 0.115448 -0.64718 0.753545 0.740469 1.07294 -0.672524</i>
                        <i>0.376127 0.728458 0.572606 -0.919682 0.218308 0.326384 0.112753 -0.649377 0.752061 0.739707 1.07297 -0.671704</i>
                        <i>0.384073 0.725222 0.571438 -0.916668 0.225448 0.329989 0.110486 -0.650559 0.751376 0.738798 1.07309 -0.671049</i>
                        <i>0.391169 0.723239 0.569133 -0.913836 0.231967 0.333309 0.109042 -0.650474 0.75166 0.73789 1.07329 -0.670679</i>
                        <i>0.396106 0.723131 0.565847 -0.911735 0.236729 0.335705 0.108807 -0.648877 0.753073 0.737133 1.07354 -0.670713</i>
                        <i>0.397655 0.725117 0.562206 -0.910926 0.238588 0.336586 0.109929 -0.645973 0.755403 0.736701 1.07379 -0.671179</i>
                        <i>0.395937 0.728856 0.558572 -0.911397 0.237584 0.33602 0.112203 -0.642123 0.758346 0.736605 1.07402 -0.671998</i>
                        <i>0.392227 0.733671 0.554874 -0.912625 0.234821 0.334626 0.115209 -0.637641 0.76167 0.736705 1.07423 -0.67304</i>
                        <i>0.387065 0.739074 0.551317 -0.914385 0.230723 0.332667 0.118664 -0.63288 0.765103 0.736961 1.07441 -0.674207</i>
                        <i>0.380995 0.744589 0.548115 -0.916455 0.225723 0.330393 0.122285 -0.628201 0.768381 0.737329 1.07456 -0.675401</i>
                        <i>0.374572 0.749757 0.545491 -0.918625 0.220271 0.328037 0.125792 -0.623975 0.771253 0.737768 1.07467 -0.676524</i>
                        <i>0.368359 0.75414 0.543677 -0.920703 0.214832 0.325811 0.128908 -0.62058 0.773475 0.738236 1.07474 -0.677479</i>
                        <i>0.362929 0.75732 0.542908 -0.922512 0.209885 0.323914 0.131358 -0.618397 0.77481 0.738692 1.07476 -0.678167</i>
                        <i>0.358854 0.75889 0.543424 -0.923888 0.205917 0.322534 0.132868 -0.617806 0.775024 0.739093 1.07471 -0.67849</i>
                        <i>0.356699 0.7585 0.545384 -0.924676 0.203416 0.321864 0.133194 -0.619112 0.773925 0.739395 1.0746 -0.678364</i>
                        <i>0.356508 0.756324 0.548522 -0.924861 0.202476 0.321925 0.132417 -0.622075 0.771679 0.739574 1.07444 -0.677829</i>
                        <i>0.357754 0.752805 0.552537 -0.924609 0.202678 0.322522 0.130809 -0.626264 0.768559 0.739668 1.07423 -0.676991</i>
                        <i>0.36005 0.748348 0.557081 -0.924025 0.203737 0.323525 0.128611 -0.631242 0.764848 0.739692 1.07399 -0.675948</i>
                        <i>0.363014 0.743366 0.561807 -0.923216 0.205368 0.324803 0.12607 -0.636577 0.760839 0.739664 1.07373 -0.674797</i>
                        <i>0.366266 0.738282 0.566382 -0.922287 0.207293 0.326214 0.123431 -0.641848 0.756833 0.739601 1.07347 -0.673638</i>
                        <i>0.369433 0.733534 0.57048 -0.921354 0.209241 0.327606 0.120942 -0.646643 0.753144 0.739521 1.07323 -0.672566</i>
                        <i>0.372145 0.729572 0.573788 -0.920533 0.210949 0.328814 0.118854 -0.650558 0.750099 0.739441 1.07304 -0.671681</i>
                        <i>0.37404 0.726856 0.575999 -0.91995 0.212161 0.329667 0.117416 -0.653198 0.748028 0.73938 1.0729 -0.671078</i>
                        <i>0.374753 0.725849 0.576804 -0.919728 0.212622 0.329989 0.116881 -0.654167 0.747264 0.739356 1.07285 -0.670856</i>
                        <i>0.357827 0.739569 0.570085 -0.926435 0.204706 0.315934 0.116955 -0.641197 0.758412 0.735036 1.07363 -0.671604</i>
                        <i>0.32477 0.763067 0.558796 -0.938821 0.188489 0.288247 0.114625 -0.618224 0.777599 0.726821 1.07517 -0.673455</i>
                        <i>0.279791 0.792103 0.542485 -0.953916 0.165537 0.250284 0.10845 -0.587512 0.801915 0.71586 1.07705 -0.676308</i>
                        <i>0.227357 0.822686 0.521054 -0.96893 0.137604 0.205521 0.0973801 -0.551591 0.828411 0.7033 1.07891 -0.680022</i>
                        <i>0.172128 0.851539 0.49523 -0.981713 0.106788 0.157595 0.0813142 -0.5133 0.854348 0.690251 1.08047 -0.684367</i>
                        <i>0.118711 0.876376 0.466769 -0.991031 0.0755208 0.11025 0.0613698 -0.47567 0.877481 0.677741 1.08159 -0.689007</i>
                        <i>0.0713478 0.895947 0.438394 -0.996655 0.046472 0.0672286 0.0398602 -0.441724 0.896265 0.666688 1.08228 -0.69351</i>
                        <i>0.033713 0.90986 0.413543 -0.999231 0.0223986 0.0321792 0.0200158 -0.41431 0.909916 0.657899 1.08261 -0.697374</i>
                        <i>0.00894929 0.918213 0.395987 -0.999945 0.00602779 0.00862149 0.00552944 -0.396042 0.918216 0.6521 1.08272 -0.70007</i>
                        <i>-1.90258e-018 0.92107 0.389397 -1 0 -1.73472e-018 -4.84392e-018 -0.389397 0.92107 0.65 1.08274 -0.701077</i>
                    </KeyFrames>
                </p>
            </i>
            <i>
                <p>
                    <Name><![CDATA[head]]></Name>
                    <Exclude>0</Exclude>
                    <Additive>0</Additive>
                    <IKPriority>0</IKPriority>
                    <IKRotLimits>-1e+010 -1e+010 -1e+010 1e+010 1e+010 1e+010</IKRotLimits>
                    <IKRotLimitOrder>0</IKRotLimitOrder>
                    <KeyFrames count="60">
                        <i>-5.18047e-019 0.992145 0.125095 -2.16866e-016 0.125095 -0.992145 -1 -8.64636e-017 2.02784e-016 0.65 1.32417 -0.610131</i>
                        <i>0.00546789 0.991147 0.13266 -0.0716309 0.13271 -0.988563 -0.997416 -0.00409723 0.0717224 0.655219 1.32331 -0.606663</i>
                        <i>0.0202097 0.987758 0.15468 -0.232372 0.155115 -0.960178 -0.972417 -0.0165383 0.232662 0.669548 1.32068 -0.597524</i>
                        <i>0.0432759 0.980958 0.189335 -0.39799 0.190753 -0.897339 -0.916368 -0.0365203 0.398667 0.691109 1.31604 -0.584768</i>
                        <i>0.0756072 0.969839 0.231725 -0.493987 0.238299 -0.836176 -0.866175 -0.0512483 0.497105 0.717856 1.30917 -0.570468</i>
                        <i>0.116088 0.95454 0.27455 -0.506451 0.294672 -0.810355 -0.854419 -0.0449733 0.517635 0.747356 1.30019 -0.556472</i>
                        <i>0.159244 0.936204 0.313311 -0.474254 0.350887 -0.807441 -0.865866 -0.0200084 0.499875 0.776761 1.28978 -0.544208</i>
                        <i>0.198708 0.916936 0.346039 -0.416054 0.398608 -0.817319 -0.887364 0.018437 0.460702 0.802957 1.27921 -0.534563</i>
                        <i>0.227073 0.900115 0.371794 -0.352313 0.431834 -0.830298 -0.907917 0.05755 0.41518 0.822757 1.2703 -0.527922</i>
                        <i>0.236333 0.890014 0.389899 -0.305742 0.448999 -0.839597 -0.922317 0.079216 0.378228 0.833046 1.2651 -0.524393</i>
                        <i>0.23127 0.890603 0.391586 -0.302219 0.448351 -0.841216 -0.924758 0.0762035 0.372847 0.83324 1.26525 -0.524806</i>
                        <i>0.218121 0.892088 0.39573 -0.293023 0.446649 -0.845365 -0.930893 0.068434 0.358826 0.833743 1.26566 -0.525923</i>
                        <i>0.199936 0.894019 0.400944 -0.280209 0.444288 -0.850936 -0.938887 0.0577849 0.339341 0.834432 1.26626 -0.527558</i>
                        <i>0.179845 0.896055 0.405884 -0.265856 0.441532 -0.856954 -0.947089 0.046212 0.317628 0.835188 1.267 -0.529524</i>
                        <i>0.161102 0.898074 0.409278 -0.25207 0.438383 -0.862717 -0.954205 0.0358184 0.297002 0.835894 1.2678 -0.531634</i>
                        <i>0.14708 0.90018 0.409932 -0.240973 0.434562 -0.867806 -0.959323 0.0288541 0.280834 0.836433 1.26863 -0.533696</i>
                        <i>0.141199 0.902592 0.406683 -0.234697 0.429607 -0.871983 -0.961759 0.0276758 0.272496 0.836691 1.26944 -0.535516</i>
                        <i>0.140742 0.905471 0.400392 -0.232541 0.423337 -0.87562 -0.962349 0.030129 0.27014 0.836558 1.2702 -0.5369</i>
                        <i>0.139096 0.908657 0.393693 -0.231913 0.416392 -0.87911 -0.96274 0.0309782 0.268648 0.835838 1.27088 -0.537625</i>
                        <i>0.136402 0.911744 0.38745 -0.232304 0.409638 -0.882174 -0.963031 0.0303237 0.267677 0.834608 1.27138 -0.537571</i>
                        <i>0.134563 0.9143 0.382032 -0.233376 0.403935 -0.884518 -0.963031 0.0298662 0.267731 0.833144 1.27156 -0.536726</i>
                        <i>0.135365 0.916135 0.377324 -0.235015 0.399649 -0.88603 -0.96252 0.0312607 0.269404 0.831685 1.2714 -0.535271</i>
                        <i>0.140547 0.917113 0.373029 -0.237209 0.396987 -0.886642 -0.961238 0.0361291 0.273343 0.830461 1.27093 -0.533449</i>
                        <i>0.151839 0.917023 0.3688 -0.239975 0.396164 -0.886265 -0.958831 0.0460668 0.280216 0.829705 1.27019 -0.531498</i>
                        <i>0.170945 0.915499 0.364198 -0.243304 0.397415 -0.884797 -0.954767 0.0626407 0.29068 0.829654 1.26923 -0.529653</i>
                        <i>0.202969 0.911946 0.356592 -0.248713 0.400243 -0.882013 -0.947072 0.0903325 0.30805 0.830468 1.26811 -0.528121</i>
                        <i>0.247908 0.905565 0.34423 -0.257034 0.40407 -0.877873 -0.934064 0.129153 0.332933 0.831939 1.26695 -0.526995</i>
                        <i>0.299781 0.895831 0.328052 -0.267052 0.408919 -0.872621 -0.915868 0.173988 0.36182 0.833752 1.26589 -0.526332</i>
                        <i>0.352792 0.883062 0.309418 -0.277471 0.414538 -0.8667 -0.893615 0.21991 0.39127 0.835594 1.26506 -0.526188</i>
                        <i>0.401544 0.868636 0.290231 -0.287043 0.4203 -0.860787 -0.869695 0.262335 0.418104 0.837157 1.26462 -0.526613</i>
                        <i>0.441182 0.854913 0.272913 -0.294689 0.425257 -0.855754 -0.847654 0.297119 0.439549 0.838139 1.26474 -0.527647</i>
                        <i>0.467467 0.844679 0.260755 -0.299385 0.428809 -0.852345 -0.831771 0.320377 0.453338 0.838285 1.26546 -0.529117</i>
                        <i>0.483516 0.837477 0.254646 -0.300775 0.432156 -0.850162 -0.822038 0.334476 0.460846 0.837646 1.26665 -0.530851</i>
