<?xml version="1.0" encoding="ISO-8859-1" ?>
<Animl Version="1">
    <ModellingPackage><![CDATA[Maya.2010]]></ModellingPackage>
    <SrcFile><![CDATA[anims\vehicles\red\~src\land\tank_t55\tank_t55_idle_crewman_a.mb]]></SrcFile>
    <FramesPerSecond>30</FramesPerSecond>
    <TotalFrames>61</TotalFrames>
    <Skeleton>
        <RefFrame>
            <Name><![CDATA[soldier_ref_frame]]></Name>
            <Exclude>0</Exclude>
            <Additive>0</Additive>
            <IKPriority>0</IKPriority>
            <IKRotLimits>-1e+010 -1e+010 -1e+010 1e+010 1e+010 1e+010</IKRotLimits>
            <IKRotLimitOrder>0</IKRotLimitOrder>
            <KeyFrames count="61">
                <i>1 0 0 0 1 0 0 0 1 0 0 0</i>
                <i>1 0 0 0 1 0 0 0 1 0 0 0</i>
                <i>1 0 0 0 1 0 0 0 1 0 0 0</i>
                <i>1 0 0 0 1 0 0 0 1 0 0 0</i>
                <i>1 0 0 0 1 0 0 0 1 0 0 0</i>
                <i>1 0 0 0 1 0 0 0 1 0 0 0</i>
                <i>1 0 0 0 1 0 0 0 1 0 0 0</i>
                <i>1 0 0 0 1 0 0 0 1 0 0 0</i>
                <i>1 0 0 0 1 0 0 0 1 0 0 0</i>
                <i>1 0 0 0 1 0 0 0 1 0 0 0</i>
                <i>1 0 0 0 1 0 0 0 1 0 0 0</i>
                <i>1 0 0 0 1 0 0 0 1 0 0 0</i>
                <i>1 0 0 0 1 0 0 0 1 0 0 0</i>
                <i>1 0 0 0 1 0 0 0 1 0 0 0</i>
                <i>1 0 0 0 1 0 0 0 1 0 0 0</i>
                <i>1 0 0 0 1 0 0 0 1 0 0 0</i>
                <i>1 0 0 0 1 0 0 0 1 0 0 0</i>
                <i>1 0 0 0 1 0 0 0 1 0 0 0</i>
                <i>1 0 0 0 1 0 0 0 1 0 0 0</i>
                <i>1 0 0 0 1 0 0 0 1 0 0 0</i>
                <i>1 0 0 0 1 0 0 0 1 0 0 0</i>
                <i>1 0 0 0 1 0 0 0 1 0 0 0</i>
                <i>1 0 0 0 1 0 0 0 1 0 0 0</i>
                <i>1 0 0 0 1 0 0 0 1 0 0 0</i>
                <i>1 0 0 0 1 0 0 0 1 0 0 0</i>
                <i>1 0 0 0 1 0 0 0 1 0 0 0</i>
                <i>1 0 0 0 1 0 0 0 1 0 0 0</i>
                <i>1 0 0 0 1 0 0 0 1 0 0 0</i>
                <i>1 0 0 0 1 0 0 0 1 0 0 0</i>
                <i>1 0 0 0 1 0 0 0 1 0 0 0</i>
                <i>1 0 0 0 1 0 0 0 1 0 0 0</i>
                <i>1 0 0 0 1 0 0 0 1 0 0 0</i>
                <i>1 0 0 0 1 0 0 0 1 0 0 0</i>
                <i>1 0 0 0 1 0 0 0 1 0 0 0</i>
                <i>1 0 0 0 1 0 0 0 1 0 0 0</i>
                <i>1 0 0 0 1 0 0 0 1 0 0 0</i>
                <i>1 0 0 0 1 0 0 0 1 0 0 0</i>
                <i>1 0 0 0 1 0 0 0 1 0 0 0</i>
                <i>1 0 0 0 1 0 0 0 1 0 0 0</i>
                <i>1 0 0 0 1 0 0 0 1 0 0 0</i>
                <i>1 0 0 0 1 0 0 0 1 0 0 0</i>
                <i>1 0 0 0 1 0 0 0 1 0 0 0</i>
                <i>1 0 0 0 1 0 0 0 1 0 0 0</i>
                <i>1 0 0 0 1 0 0 0 1 0 0 0</i>
                <i>1 0 0 0 1 0 0 0 1 0 0 0</i>
                <i>1 0 0 0 1 0 0 0 1 0 0 0</i>
                <i>1 0 0 0 1 0 0 0 1 0 0 0</i>
                <i>1 0 0 0 1 0 0 0 1 0 0 0</i>
                <i>1 0 0 0 1 0 0 0 1 0 0 0</i>
                <i>1 0 0 0 1 0 0 0 1 0 0 0</i>
                <i>1 0 0 0 1 0 0 0 1 0 0 0</i>
                <i>1 0 0 0 1 0 0 0 1 0 0 0</i>
                <i>1 0 0 0 1 0 0 0 1 0 0 0</i>
                <i>1 0 0 0 1 0 0 0 1 0 0 0</i>
                <i>1 0 0 0 1 0 0 0 1 0 0 0</i>
                <i>1 0 0 0 1 0 0 0 1 0 0 0</i>
                <i>1 0 0 0 1 0 0 0 1 0 0 0</i>
                <i>1 0 0 0 1 0 0 0 1 0 0 0</i>
                <i>1 0 0 0 1 0 0 0 1 0 0 0</i>
                <i>1 0 0 0 1 0 0 0 1 0 0 0</i>
                <i>1 0 0 0 1 0 0 0 1 0 0 0</i>
            </KeyFrames>
        </RefFrame>
        <Bones count="23">
            <i>
                <p>
                    <Name><![CDATA[pelvis]]></Name>
                    <Exclude>0</Exclude>
                    <Additive>0</Additive>
                    <IKPriority>0</IKPriority>
                    <IKRotLimits>-1e+010 -1e+010 -1e+010 1e+010 1e+010 1e+010</IKRotLimits>
                    <IKRotLimitOrder>2</IKRotLimitOrder>
                    <KeyFrames count="61">
                        <i>1 0 0 0 1 0 0 0 1 -0.54 1.20067 -0.61</i>
                        <i>1 0 0 0 1 0 0 0 1 -0.54 1.2004 -0.61</i>
                        <i>1 0 0 0 1 0 0 0 1 -0.54 1.19966 -0.61</i>
                        <i>1 0 0 0 1 0 0 0 1 -0.54 1.19852 -0.61</i>
                        <i>1 0 0 0 1 0 0 0 1 -0.54 1.19704 -0.61</i>
                        <i>1 0 0 0 1 0 0 0 1 -0.54 1.19531 -0.61</i>
                        <i>1 0 0 0 1 0 0 0 1 -0.54 1.19339 -0.61</i>
                        <i>1 0 0 0 1 0 0 0 1 -0.54 1.19137 -0.61</i>
                        <i>1 0 0 0 1 0 0 0 1 -0.54 1.1893 -0.61</i>
                        <i>1 0 0 0 1 0 0 0 1 -0.54 1.18727 -0.61</i>
                        <i>1 0 0 0 1 0 0 0 1 -0.54 1.18536 -0.61</i>
                        <i>1 0 0 0 1 0 0 0 1 -0.54 1.18363 -0.61</i>
                        <i>1 0 0 0 1 0 0 0 1 -0.54 1.18215 -0.61</i>
                        <i>1 0 0 0 1 0 0 0 1 -0.54 1.181 -0.61</i>
                        <i>1 0 0 0 1 0 0 0 1 -0.54 1.18026 -0.61</i>
                        <i>1 0 0 0 1 0 0 0 1 -0.54 1.18 -0.61</i>
                        <i>1 0 0 0 1 0 0 0 1 -0.54 1.18026 -0.61</i>
                        <i>1 0 0 0 1 0 0 0 1 -0.54 1.181 -0.61</i>
                        <i>1 0 0 0 1 0 0 0 1 -0.54 1.18215 -0.61</i>
                        <i>1 0 0 0 1 0 0 0 1 -0.54 1.18363 -0.61</i>
                        <i>1 0 0 0 1 0 0 0 1 -0.54 1.18536 -0.61</i>
                        <i>1 0 0 0 1 0 0 0 1 -0.54 1.18727 -0.61</i>
                        <i>1 0 0 0 1 0 0 0 1 -0.54 1.1893 -0.61</i>
                        <i>1 0 0 0 1 0 0 0 1 -0.54 1.19137 -0.61</i>
                        <i>1 0 0 0 1 0 0 0 1 -0.54 1.19339 -0.61</i>
                        <i>1 0 0 0 1 0 0 0 1 -0.54 1.19531 -0.61</i>
                        <i>1 0 0 0 1 0 0 0 1 -0.54 1.19704 -0.61</i>
                        <i>1 0 0 0 1 0 0 0 1 -0.54 1.19852 -0.61</i>
                        <i>1 0 0 0 1 0 0 0 1 -0.54 1.19966 -0.61</i>
                        <i>1 0 0 0 1 0 0 0 1 -0.54 1.2004 -0.61</i>
                        <i>1 0 0 0 1 0 0 0 1 -0.54 1.20067 -0.61</i>
                        <i>1 0 0 0 1 0 0 0 1 -0.54 1.2004 -0.61</i>
                        <i>1 0 0 0 1 0 0 0 1 -0.54 1.19966 -0.61</i>
                        <i>1 0 0 0 1 0 0 0 1 -0.54 1.19852 -0.61</i>
                        <i>1 0 0 0 1 0 0 0 1 -0.54 1.19704 -0.61</i>
                        <i>1 0 0 0 1 0 0 0 1 -0.54 1.19531 -0.61</i>
                        <i>1 0 0 0 1 0 0 0 1 -0.54 1.19339 -0.61</i>
                        <i>1 0 0 0 1 0 0 0 1 -0.54 1.19137 -0.61</i>
                        <i>1 0 0 0 1 0 0 0 1 -0.54 1.1893 -0.61</i>
                        <i>1 0 0 0 1 0 0 0 1 -0.54 1.18727 -0.61</i>
                        <i>1 0 0 0 1 0 0 0 1 -0.54 1.18536 -0.61</i>
                        <i>1 0 0 0 1 0 0 0 1 -0.54 1.18363 -0.61</i>
                        <i>1 0 0 0 1 0 0 0 1 -0.54 1.18215 -0.61</i>
                        <i>1 0 0 0 1 0 0 0 1 -0.54 1.181 -0.61</i>
                        <i>1 0 0 0 1 0 0 0 1 -0.54 1.18026 -0.61</i>
                        <i>1 0 0 0 1 0 0 0 1 -0.54 1.18 -0.61</i>
                        <i>1 0 0 0 1 0 0 0 1 -0.54 1.18026 -0.61</i>
                        <i>1 0 0 0 1 0 0 0 1 -0.54 1.181 -0.61</i>
                        <i>1 0 0 0 1 0 0 0 1 -0.54 1.18215 -0.61</i>
                        <i>1 0 0 0 1 0 0 0 1 -0.54 1.18363 -0.61</i>
                        <i>1 0 0 0 1 0 0 0 1 -0.54 1.18536 -0.61</i>
                        <i>1 0 0 0 1 0 0 0 1 -0.54 1.18727 -0.61</i>
                        <i>1 0 0 0 1 0 0 0 1 -0.54 1.1893 -0.61</i>
                        <i>1 0 0 0 1 0 0 0 1 -0.54 1.19137 -0.61</i>
                        <i>1 0 0 0 1 0 0 0 1 -0.54 1.19339 -0.61</i>
                        <i>1 0 0 0 1 0 0 0 1 -0.54 1.19531 -0.61</i>
                        <i>1 0 0 0 1 0 0 0 1 -0.54 1.19704 -0.61</i>
                        <i>1 0 0 0 1 0 0 0 1 -0.54 1.19852 -0.61</i>
                        <i>1 0 0 0 1 0 0 0 1 -0.54 1.19966 -0.61</i>
                        <i>1 0 0 0 1 0 0 0 1 -0.54 1.2004 -0.61</i>
                        <i>1 0 0 0 1 0 0 0 1 -0.54 1.20067 -0.61</i>
                    </KeyFrames>
                </p>
            </i>
            <i>
                <p>
                    <Name><![CDATA[spine0]]></Name>
                    <Exclude>0</Exclude>
                    <Additive>0</Additive>
                    <IKPriority>0</IKPriority>
                    <IKRotLimits>-1e+010 -1e+010 -1e+010 1e+010 1e+010 1e+010</IKRotLimits>
                    <IKRotLimitOrder>0</IKRotLimitOrder>
                    <KeyFrames count="61">
                        <i>-0.00551075 0.998516 0.0541832 -0.999985 -0.00551885 -1.15616e-012 0.000299029 -0.0541824 0.998531 -0.54 1.33632 -0.657898</i>
                        <i>-0.00521363 0.998446 0.0554837 -0.999986 -0.00522216 8.84566e-006 0.000298577 -0.0554829 0.99846 -0.54 1.33598 -0.658128</i>
                        <i>-0.00507091 0.998473 0.0550046 -0.999987 -0.00508042 3.2926e-005 0.000312322 -0.0550037 0.998486 -0.54 1.335 -0.658776</i>
                        <i>-0.00506889 0.998584 0.0529542 -0.999987 -0.00507977 7.07107e-005 0.000339605 -0.0529532 0.998597 -0.54 1.33349 -0.659781</i>
                        <i>-0.00519453 0.998759 0.0495398 -0.999986 -0.005207 0.000122735 0.000380536 -0.0495385 0.998772 -0.54 1.33153 -0.661081</i>
                        <i>-0.00543568 0.998974 0.0449644 -0.999985 -0.00544977 0.000190722 0.000435571 -0.0449626 0.998989 -0.54 1.3292 -0.662613</i>
                        <i>-0.00578129 0.999206 0.039425 -0.999983 -0.00579671 0.000276846 0.000505161 -0.0394228 0.999223 -0.54 1.32661 -0.664315</i>
                        <i>-0.00622134 0.999432 0.0331115 -0.99998 -0.00623744 0.000383132 0.000589446 -0.0331085 0.999452 -0.54 1.32383 -0.666125</i>
                        <i>-0.00674685 0.999634 0.0262053 -0.999977 -0.00676256 0.00051096 0.000687988 -0.0262013 0.999656 -0.54 1.32096 -0.667982</i>
                        <i>-0.0073497 0.999795 0.0188797 -0.999973 -0.00736348 0.000660651 0.000799536 -0.0188744 0.999822 -0.54 1.31811 -0.669829</i>
                        <i>-0.00802241 0.999904 0.0113008 -0.999967 -0.00803232 0.000831119 0.00092181 -0.0112938 0.999936 -0.54 1.31536 -0.671605</i>
                        <i>-0.00878577 0.999955 0.00346226 -0.999961 -0.00878936 0.00102279 0.00105318 -0.00345313 0.999994 -0.54 1.31283 -0.673257</i>
                        <i>-0.00962569 0.999944 -0.00443564 -0.999953 -0.00962032 0.00123094 0.0011882 0.00444728 0.999989 -0.54 1.31063 -0.674727</i>
                        <i>-0.0104809 0.999874 -0.0119145 -0.999944 -0.0104644 0.00144169 0.00131683 0.0119289 0.999928 -0.54 1.30885 -0.675964</i>
                        <i>-0.0112876 0.999765 -0.0184867 -0.999935 -0.0112593 0.00163662 0.00142809 0.018504 0.999828 -0.54 1.30762 -0.676913</i>
                        <i>-0.0119801 0.999648 -0.0236561 -0.999927 -0.011941 0.00179413 0.00151102 0.0236759 0.999719 -0.54 1.30703 -0.677522</i>
                        <i>-0.012506 0.999557 -0.0270213 -0.999921 -0.0124593 0.00189359 0.00155609 0.0270428 0.999633 -0.54 1.30718 -0.677737</i>
                        <i>-0.0128478 0.999515 -0.0283645 -0.999916 -0.0127986 0.0019179 0.00155394 0.0283868 0.999596 -0.54 1.30806 -0.677473</i>
                        <i>-0.0129867 0.999535 -0.0275986 -0.999915 -0.0129403 0.00186191 0.00150391 0.0276204 0.999617 -0.54 1.3096 -0.676729</i>
                        <i>-0.0129019 0.999611 -0.0247435 -0.999916 -0.0128629 0.00173282 0.00141388 0.0247638 0.999692 -0.54 1.31167 -0.67558</i>
                        <i>-0.0125747 0.999724 -0.0198301 -0.99992 -0.0125465 0.00154295 0.00129373 0.0198479 0.999802 -0.54 1.31415 -0.674098</i>
                        <i>-0.0120432 0.99984 -0.0132198 -0.999927 -0.0120268 0.00131464 0.00115544 0.0132347 0.999912 -0.54 1.31692 -0.672355</i>
                        <i>-0.0113802 0.99992 -0.00547842 -0.999935 -0.0113745 0.00107296 0.00101056 0.00549027 0.999984 -0.54 1.31986 -0.670426</i>
                        <i>-0.0106213 0.999939 0.00304225 -0.999943 -0.0106239 0.000835651 0.000867921 -0.0030332 0.999995 -0.54 1.32285 -0.668388</i>
                        <i>-0.00980148 0.99988 0.0119854 -0.999952 -0.00980958 0.000616997 0.000734495 -0.0119787 0.999928 -0.54 1.32577 -0.666319</i>
                        <i>-0.00895574 0.99974 0.0209898 -0.99996 -0.00896668 0.000427252 0.000615349 -0.0209851 0.99978 -0.54 1.32853 -0.6643</i>
                        <i>-0.0081183 0.999526 0.0296917 -0.999967 -0.00812997 0.000272427 0.000513691 -0.0296885 0.999559 -0.54 1.33102 -0.662414</i>
                        <i>-0.00732275 0.999261 0.0377256 -0.999973 -0.0073338 0.000154556 0.000431114 -0.0377235 0.999288 -0.54 1.33313 -0.660746</i>
                        <i>-0.00660186 0.998977 0.0447266 -0.999978 -0.00661172 7.23555e-005 0.000368001 -0.0447251 0.998999 -0.54 1.33478 -0.65938</i>
                        <i>-0.00598752 0.998715 0.0503319 -0.999982 -0.00599624 2.22907e-005 0.000324064 -0.0503309 0.998733 -0.54 1.33588 -0.658402</i>
                        <i>-0.00551075 0.998516 0.0541832 -0.999985 -0.00551885 -1.15616e-012 0.000299029 -0.0541824 0.998531 -0.54 1.33632 -0.657898</i>
                        <i>-0.00518223 0.998403 0.0562619 -0.999987 -0.00519032 -2.32369e-006 0.000289697 -0.0562611 0.998416 -0.54 1.33608 -0.657837</i>
                        <i>-0.00498609 0.998368 0.0568821 -0.999988 -0.0049946 7.55758e-006 0.000291649 -0.0568813 0.998381 -0.54 1.33524 -0.658103</i>
                        <i>-0.00491307 0.998408 0.0561904 -0.999988 -0.00492238 2.73401e-005 0.000303887 -0.0561896 0.99842 -0.54 1.3339 -0.658651</i>
                        <i>-0.00495442 0.998511 0.0543328 -0.999988 -0.00496481 5.63383e-005 0.000326007 -0.0543319 0.998523 -0.54 1.33214 -0.659434</i>
                        <i>-0.00510194 0.998662 0.0514529 -0.999987 -0.00511359 9.49365e-005 0.000357919 -0.0514518 0.998675 -0.54 1.33005 -0.660408</i>
                        <i>-0.00534806 0.998848 0.0476914 -0.999986 -0.00536103 0.000144112 0.000399621 -0.04769 0.998862 -0.54 1.32771 -0.661526</i>
                        <i>-0.00568587 0.999051 0.0431853 -0.999984 -0.00570004 0.000205023 0.000450986 -0.0431835 0.999067 -0.54 1.32521 -0.662743</i>
                        <i>-0.00610901 0.999256 0.0380677 -0.999981 -0.00612406 0.000278652 0.000511574 -0.0380653 0.999275 -0.54 1.32264 -0.664015</i>
                        <i>-0.00661163 0.999451 0.032468 -0.999978 -0.00662699 0.000365495 0.000580459 -0.0324648 0.999473 -0.54 1.32009 -0.665296</i>
                        <i>-0.00718821 0.999623 0.0265122 -0.999974 -0.00720307 0.000465281 0.000656075 -0.0265081 0.999648 -0.54 1.31764 -0.666543</i>
                        <i>-0.00780277 0.999759 0.0205065 -0.999969 -0.0078162 0.000574483 0.000734627 -0.0205014 0.99979 -0.54 1.3154 -0.667713</i>
                        <i>-0.00840297 0.999854 0.0148512 -0.999964 -0.00841408 0.000686034 0.000810893 -0.0148449 0.999889 -0.54 1.31346 -0.668763</i>
                        <i>-0.00895827 0.999912 0.00981314 -0.999959 -0.00896648 0.000792338 0.000880257 -0.00980565 0.999952 -0.54 1.31192 -0.669653</i>
                        <i>-0.00943752 0.999939 0.00566105 -0.999955 -0.00944268 0.000884422 0.000937824 -0.00565245 0.999984 -0.54 1.31086 -0.67034</i>
                        <i>-0.00980898 0.999948 0.00266542 -0.999951 -0.00981155 0.000952555 0.000978657 -0.00265595 0.999996 -0.54 1.31039 -0.670782</i>
                        <i>-0.0100531 0.999949 0.00101487 -0.999949 -0.0100541 0.000988316 0.00099847 -0.00100489 0.999999 -0.54 1.31058 -0.670939</i>
                        <i>-0.0101745 0.999948 0.000761634 -0.999948 -0.0101752 0.000985554 0.000993252 -0.000751566 0.999999 -0.54 1.31141 -0.670753</i>
                        <i>-0.0101745 0.999946 0.00187041 -0.999948 -0.0101763 0.000944595 0.000963578 -0.0018607 0.999998 -0.54 1.3128 -0.670231</i>
                        <i>-0.0100531 0.999941 0.00423711 -0.999949 -0.0100568 0.000871238 0.000913798 -0.00422813 0.999991 -0.54 1.31464 -0.669427</i>
                        <i>-0.0098105 0.999922 0.00775477 -0.999952 -0.00981678 0.000772794 0.00084886 -0.00774681 0.99997 -0.54 1.31683 -0.668396</i>
                        <i>-0.00947872 0.999881 0.0121322 -0.999955 -0.00948742 0.000659659 0.000774685 -0.0121254 0.999926 -0.54 1.31928 -0.667192</i>
                        <i>-0.00909595 0.999813 0.0170395 -0.999958 -0.0091065 0.000541743 0.000696813 -0.0170339 0.999855 -0.54 1.32187 -0.665869</i>
                        <i>-0.00867292 0.999714 0.0223055 -0.999962 -0.00868458 0.000425822 0.000619414 -0.022301 0.999751 -0.54 1.32451 -0.664484</i>
                        <i>-0.00822058 0.999581 0.0277551 -0.999966 -0.00823257 0.000317652 0.000546015 -0.0277515 0.999615 -0.54 1.3271 -0.663093</i>
                        <i>-0.00775002 0.999418 0.0332096 -0.99997 -0.00776167 0.000221789 0.000479422 -0.0332069 0.999448 -0.54 1.32954 -0.661753</i>
                        <i>-0.00727244 0.999233 0.0384876 -0.999973 -0.00728328 0.0001415 0.000421707 -0.0384855 0.999259 -0.54 1.33174 -0.660524</i>
                        <i>-0.00679895 0.999034 0.0434059 -0.999977 -0.00680879 7.87792e-005 0.000374245 -0.0434044 0.999058 -0.54 1.33361 -0.659464</i>
                        <i>-0.00634054 0.998838 0.0477815 -0.99998 -0.00634944 3.44636e-005 0.000337809 -0.0477803 0.998858 -0.54 1.33506 -0.658634</i>
                        <i>-0.00590781 0.998659 0.051433 -0.999982 -0.00591607 8.45026e-006 0.00031272 -0.051432 0.998676 -0.54 1.33599 -0.658092</i>
                        <i>-0.00551075 0.998516 0.0541832 -0.999985 -0.00551885 -1.15616e-012 0.000299029 -0.0541824 0.998531 -0.54 1.33632 -0.657898</i>
                    </KeyFrames>
                </p>
            </i>
            <i>
                <p>
                    <Name><![CDATA[spine1]]></Name>
                    <Exclude>0</Exclude>
                    <Additive>0</Additive>
                    <IKPriority>0</IKPriority>
                    <IKRotLimits>-1e+010 -1e+010 -1e+010 1e+010 1e+010 1e+010</IKRotLimits>
                    <IKRotLimitOrder>0</IKRotLimitOrder>
                    <KeyFrames count="61">
                        <i>0.0873144 0.935538 0.342264 -0.99439 0.0612618 0.0862255 0.0596995 -0.347873 0.935639 -0.540966 1.51129 -0.648426</i>
                        <i>0.0883382 0.932687 0.349703 -0.994356 0.0618638 0.0861875 0.058752 -0.355343 0.932888 -0.540914 1.51105 -0.648422</i>
                        <i>0.0889913 0.929828 0.357072 -0.994362 0.0621812 0.0858978 0.057667 -0.362703 0.930119 -0.54089 1.51034 -0.649142</i>
                        <i>0.0892896 0.927058 0.364129 -0.994402 0.0622371 0.0853882 0.0564975 -0.369715 0.927426 -0.540892 1.50923 -0.65049</i>
                        <i>0.0892507 0.92448 0.370637 -0.994473 0.0620527 0.0846947 0.0552995 -0.376147 0.924908 -0.540917 1.50778 -0.652369</i>
                        <i>0.0888932 0.922198 0.376363 -0.994569 0.0616465 0.0838558 0.0541302 -0.381773 0.922669 -0.540962 1.50608 -0.654686</i>
                        <i>0.0882366 0.920319 0.381086 -0.994686 0.0610344 0.0829121 0.0530462 -0.386377 0.920814 -0.541027 1.50417 -0.657347</i>
                        <i>0.0873006 0.918948 0.384595 -0.994819 0.0602298 0.0819048 0.0521022 -0.389753 0.919445 -0.54111 1.50213 -0.66026</i>
                        <i>0.0861045 0.918181 0.38669 -0.994962 0.059244 0.0808761 0.0513499 -0.391705 0.918657 -0.541208 1.50001 -0.663335</i>
                        <i>0.0846668 0.918108 0.387181 -0.995112 0.0580866 0.0798674 0.0508368 -0.392051 0.918538 -0.541322 1.4979 -0.666484</i>
                        <i>0.0830045 0.918803 0.38589 -0.995263 0.0567664 0.0789194 0.0506058 -0.390613 0.919163 -0.541448 1.49585 -0.66962</i>
                        <i>0.0810518 0.920539 0.382149 -0.995417 0.0552348 0.0780703 0.0507589 -0.386725 0.920797 -0.541591 1.49395 -0.672688</i>
                        <i>0.0788424 0.923293 0.375919 -0.995566 0.053517 0.0773598 0.0513077 -0.380351 0.923418 -0.541748 1.49226 -0.675595</i>
                        <i>0.0765391 0.926688 0.367956 -0.995702 0.0517362 0.0768213 0.0521528 -0.372254 0.926665 -0.541908 1.49087 -0.678197</i>
                        <i>0.0743035 0.930372 0.359008 -0.995816 0.0500192 0.0764778 0.0531956 -0.363188 0.930196 -0.542058 1.48987 -0.680349</i>
                        <i>0.0722975 0.934025 0.349814 -0.995902 0.0484946 0.0763434 0.0543425 -0.3539 0.933703 -0.542185 1.48938 -0.681904</i>
                        <i>0.0706572 0.937424 0.340945 -0.995955 0.0472757 0.076417 0.0555168 -0.344965 0.936972 -0.542281 1.48946 -0.682731</i>
                        <i>0.0694601 0.940557 0.332457 -0.995973 0.046448 0.0766819 0.0566817 -0.336444 0.939996 -0.54234 1.4901 -0.682704</i>
                        <i>0.0687774 0.943292 0.324761 -0.995958 0.0460703 0.077108 0.0577736 -0.328751 0.942648 -0.54236 1.49124 -0.681807</i>
                        <i>0.0686799 0.945397 0.318601 -0.99591 0.0461773 0.0776617 0.0587091 -0.322632 0.944702 -0.542338 1.4928 -0.680123</i>
                        <i>0.0692415 0.946649 0.31474 -0.995829 0.0467991 0.0783196 0.0594116 -0.31885 0.945941 -0.542271 1.4947 -0.677734</i>
                        <i>0.0703751 0.947145 0.31299 -0.99572 0.047855 0.0790702 0.0599129 -0.317215 0.946459 -0.542167 1.49683 -0.674785</i>
                        <i>0.0718896 0.947175 0.312556 -0.995588 0.0491968 0.0799038 0.0603061 -0.316922 0.946533 -0.54204 1.49909 -0.671455</i>
                        <i>0.0737019 0.946787 0.31331 -0.995437 0.0507495 0.0808041 0.060604 -0.317836 0.946207 -0.541896 1.50138 -0.667888</i>
                        <i>0.0757268 0.946023 0.315129 -0.995273 0.0524376 0.0817495 0.0608122 -0.31983 0.945521 -0.541743 1.50361 -0.664226</i>
                        <i>0.0778768 0.94492 0.317901 -0.995099 0.0541858 0.082711 0.0609296 -0.322784 0.944509 -0.541587 1.50569 -0.660615</i>
                        <i>0.0800624 0.943514 0.321515 -0.994925 0.0559194 0.083652 0.060948 -0.32658 0.943202 -0.541434 1.50753 -0.657202</i>
                        <i>0.0821923 0.941837 0.325865 -0.994757 0.0575648 0.084528 0.0608532 -0.331104 0.94163 -0.541289 1.50908 -0.654131</i>
                        <i>0.0841735 0.939923 0.330846 -0.994605 0.05905 0.0852872 0.0606269 -0.33624 0.939823 -0.54116 1.51027 -0.651548</i>
                        <i>0.0859123 0.93781 0.336351 -0.994479 0.0603049 0.0858728 0.0602487 -0.341872 0.937813 -0.54105 1.51102 -0.649599</i>
                        <i>0.0873144 0.935538 0.342264 -0.99439 0.0612618 0.0862255 0.0596995 -0.347873 0.935639 -0.540966 1.51129 -0.648426</i>
                        <i>0.0883491 0.933228 0.348251 -0.99434 0.0619163 0.086337 0.0590097 -0.353908 0.933417 -0.540908 1.51104 -0.648001</i>
                        <i>0.0890541 0.931019 0.35394 -0.994322 0.0623196 0.0862515 0.0582444 -0.359611 0.931283 -0.540874 1.51032 -0.648152</i>
                        <i>0.0894399 0.928985 0.359149 -0.994334 0.0624871 0.085991 0.0574421 -0.364806 0.92931 -0.540863 1.5092 -0.64881</i>
                        <i>0.0895179 0.927204 0.363703 -0.994373 0.0624332 0.0855805 0.0566434 -0.369318 0.927575 -0.540871 1.50775 -0.649905</i>
                        <i>0.0893005 0.925755 0.367427 -0.994435 0.0621707 0.0850474 0.0558899 -0.372978 0.926156 -0.540899 1.50605 -0.651369</i>
                        <i>0.0888003 0.924717 0.370151 -0.994518 0.0617107 0.0844207 0.055223 -0.375619 0.925128 -0.540945 1.50415 -0.653133</i>
                        <i>0.0880301 0.924165 0.371711 -0.994616 0.0610633 0.0837304 0.0546829 -0.37708 0.924565 -0.541007 1.50214 -0.655129</i>
                        <i>0.0870026 0.924168 0.371946 -0.994727 0.0602375 0.0830072 0.0543075 -0.377207 0.924535 -0.541085 1.50007 -0.657292</i>
                        <i>0.0857298 0.924786 0.370703 -0.994847 0.0592417 0.0822819 0.0541321 -0.375846 0.9251 -0.541177 1.49801 -0.659555</i>
                        <i>0.0842226 0.926072 0.367828 -0.994972 0.058084 0.0815846 0.0541883 -0.37285 0.926308 -0.541283 1.49604 -0.661854</i>
                        <i>0.0825822 0.927836 0.363731 -0.995097 0.0568354 0.0809481 0.0544338 -0.368632 0.92798 -0.541396 1.49422 -0.66409</i>
                        <i>0.0809552 0.929782 0.359099 -0.995211 0.0555995 0.0804013 0.05479 -0.363888 0.92983 -0.541506 1.49265 -0.666149</i>
                        <i>0.0794189 0.931791 0.354202 -0.99531 0.0544352 0.0799664 0.0552309 -0.358891 0.931744 -0.541608 1.49139 -0.66794</i>
                        <i>0.0780507 0.933752 0.349308 -0.99539 0.0534022 0.0796619 0.0557306 -0.353915 0.933616 -0.541696 1.49054 -0.669372</i>
                        <i>0.0769274 0.935561 0.344684 -0.995448 0.0525604 0.0795042 0.0562643 -0.349231 0.935346 -0.541764 1.49019 -0.670354</i>
                        <i>0.0761036 0.937175 0.340456 -0.99548 0.0519572 0.079501 0.0568172 -0.344968 0.936893 -0.541808 1.49038 -0.670807</i>
                        <i>0.0755915 0.938672 0.336423 -0.995485 0.0516204 0.0796488 0.0573979 -0.340925 0.938337 -0.541828 1.49108 -0.670666</i>
                        <i>0.0754014 0.940022 0.332675 -0.995466 0.0515606 0.0799323 0.0579853 -0.337193 0.939648 -0.541826 1.49223 -0.669944</i>
                        <i>0.075541 0.941123 0.329516 -0.995423 0.0517737 0.0803294 0.0585395 -0.334076 0.940726 -0.541801 1.49375 -0.668715</i>
                        <i>0.076019 0.941873 0.327255 -0.995358 0.0522544 0.0808211 0.0590227 -0.33188 0.941473 -0.541753 1.49554 -0.667054</i>
                        <i>0.076751 0.942373 0.325643 -0.995276 0.0529351 0.0813892 0.059461 -0.330351 0.941983 -0.54169 1.49754 -0.66507</i>
                        <i>0.0776325 0.942759 0.324313 -0.995181 0.0537362 0.0820138 0.0598919 -0.329117 0.942388 -0.541617 1.49965 -0.662878</i>
                        <i>0.0786417 0.942985 0.32341 -0.995078 0.0546316 0.0826747 0.0602926 -0.32832 0.94264 -0.541538 1.50178 -0.660564</i>
                        <i>0.0797563 0.943003 0.323085 -0.994968 0.0555945 0.0833502 0.0606377 -0.328107 0.942692 -0.541454 1.50387 -0.658217</i>
                        <i>0.0809533 0.942761 0.323495 -0.994856 0.0565975 0.0840166 0.0608985 -0.328633 0.942492 -0.541367 1.50584 -0.655925</i>
                        <i>0.082209 0.942202 0.324802 -0.994744 0.057613 0.0846479 0.0610426 -0.330054 0.941986 -0.54128 1.50761 -0.653777</i>
                        <i>0.0834988 0.941269 0.32717 -0.994637 0.0586134 0.0852158 0.0610345 -0.332531 0.941115 -0.541194 1.50911 -0.651865</i>
                        <i>0.0847973 0.939896 0.330764 -0.994539 0.0595716 0.0856898 0.0608353 -0.336224 0.939815 -0.541112 1.51027 -0.650276</i>
                        <i>0.0860782 0.938012 0.335745 -0.994456 0.0604623 0.0860376 0.0604044 -0.341289 0.938015 -0.541035 1.51102 -0.6491</i>
                        <i>0.0873144 0.935538 0.342264 -0.99439 0.0612618 0.0862255 0.0596995 -0.347873 0.935639 -0.540966 1.51129 -0.648426</i>
                    </KeyFrames>
                </p>
            </i>
            <i>
                <p>
                    <Name><![CDATA[spine2]]></Name>
                    <Exclude>0</Exclude>
                    <Additive>0</Additive>
                    <IKPriority>0</IKPriority>
                    <IKRotLimits>-1e+010 -1e+010 -1e+010 1e+010 1e+010 1e+010</IKRotLimits>
                    <IKRotLimitOrder>0</IKRotLimitOrder>
                    <KeyFrames count="61">
                        <i>0.203086 0.783298 0.587538 -0.974217 0.101417 0.201535 0.0982751 -0.613318 0.783698 -0.526801 1.66203 -0.593178</i>
                        <i>0.204088 0.77674 0.595838 -0.974154 0.100949 0.202071 0.0968077 -0.621679 0.777267 -0.526576 1.66142 -0.591938</i>
                        <i>0.204764 0.770079 0.604194 -0.974169 0.100286 0.20233 0.0952182 -0.630017 0.770722 -0.526427 1.66045 -0.591383</i>
                        <i>0.20512 0.763558 0.612294 -0.974253 0.0994767 0.202325 0.0935776 -0.638031 0.764304 -0.52635 1.65921 -0.591458</i>
                        <i>0.205163 0.757429 0.619846 -0.974398 0.0985673 0.20207 0.0919573 -0.645434 0.75826 -0.526342 1.65775 -0.592111</i>
                        <i>0.204904 0.751947 0.62657 -0.974596 0.0976019 0.201586 0.0904275 -0.651958 0.752844 -0.526399 1.65615 -0.593291</i>
                        <i>0.204359 0.747364 0.632206 -0.974836 0.0966209 0.200893 0.0890563 -0.657352 0.748303 -0.526519 1.65447 -0.594947</i>
                        <i>0.203543 0.743925 0.63651 -0.975111 0.095661 0.200017 0.0879085 -0.66138 0.744881 -0.526699 1.65278 -0.597031</i>
                        <i>0.202473 0.741863 0.639253 -0.975412 0.0947545 0.198982 0.0870453 -0.663823 0.742807 -0.526938 1.65113 -0.599499</i>
                        <i>0.201165 0.741392 0.640211 -0.975729 0.09393 0.197815 0.0865238 -0.664466 0.742293 -0.527233 1.6496 -0.602303</i>
                        <i>0.199634 0.742709 0.639163 -0.976054 0.0932122 0.196544 0.0863972 -0.663095 0.743533 -0.527583 1.64823 -0.605402</i>
                        <i>0.197817 0.746447 0.635363 -0.976388 0.0926427 0.195153 0.0868097 -0.658965 0.747148 -0.528005 1.64713 -0.608866</i>
                        <i>0.195739 0.752612 0.628698 -0.97672 0.0922335 0.193679 0.0877786 -0.651972 0.753145 -0.528492 1.64633 -0.612624</i>
                        <i>0.193538 0.760454 0.619881 -0.977032 0.0919693 0.192222 0.0891663 -0.642846 0.760788 -0.529008 1.64585 -0.616414</i>
                        <i>0.191355 0.76925 0.609621 -0.977308 0.0918434 0.190876 0.0908416 -0.632313 0.769369 -0.529513 1.64571 -0.619972</i>
                        <i>0.18933 0.778321 0.598641 -0.97753 0.0918585 0.189731 0.0926816 -0.621111 0.778223 -0.529969 1.64593 -0.623029</i>
                        <i>0.187602 0.787095 0.587611 -0.977682 0.0920308 0.188863 0.094575 -0.609928 0.786793 -0.530342 1.64655 -0.625359</i>
                        <i>0.186301 0.795196 0.577023 -0.977749 0.0924138 0.188326 0.0964313 -0.599269 0.794719 -0.530616 1.64752 -0.62683</i>
                        <i>0.185521 0.802176 0.567535 -0.977727 0.0930082 0.188147 0.0981416 -0.5898 0.801564 -0.530775 1.64878 -0.627348</i>
                        <i>0.185329 0.807514 0.559977 -0.977618 0.0937646 0.188338 0.0995797 -0.582348 0.806818 -0.530802 1.65025 -0.626854</i>
                        <i>0.185798 0.810691 0.555211 -0.977423 0.0946269 0.188919 0.100617 -0.577777 0.809969 -0.53068 1.65184 -0.625292</i>
                        <i>0.186842 0.811942 0.553028 -0.977155 0.0955606 0.189834 0.101287 -0.575863 0.811248 -0.530429 1.6535 -0.622831</i>
                        <i>0.188272 0.811964 0.552511 -0.976835 0.096547 0.190978 0.101724 -0.575667 0.811332 -0.530097 1.65517 -0.619782</i>
                        <i>0.190002 0.810898 0.553484 -0.976477 0.097545 0.192298 0.101944 -0.577001 0.810356 -0.529702 1.6568 -0.616302</i>
                        <i>0.191948 0.808871 0.555773 -0.976094 0.0985123 0.19374 0.10196 -0.579675 0.808444 -0.529264 1.6583 -0.612552</i>
                        <i>0.194019 0.806005 0.559207 -0.975703 0.0994065 0.195246 0.101781 -0.583502 0.805708 -0.528802 1.65964 -0.608689</i>
                        <i>0.196127 0.802417 0.563615 -0.97532 0.100186 0.196758 0.101415 -0.588295 0.802262 -0.528337 1.66074 -0.604873</i>
                        <i>0.19818 0.798224 0.568826 -0.974961 0.100812 0.198211 0.100872 -0.593865 0.798217 -0.527886 1.66157 -0.601259</i>
                        <i>0.200086 0.793551 0.574668 -0.974645 0.101247 0.199538 0.10016 -0.600022 0.793689 -0.527468 1.66208 -0.598003</i>
                        <i>0.201752 0.788527 0.580965 -0.974391 0.101459 0.20067 0.0992898 -0.606573 0.788803 -0.527101 1.66225 -0.595259</i>
                        <i>0.203086 0.783298 0.587538 -0.974217 0.101417 0.201535 0.0982751 -0.613318 0.783698 -0.526801 1.66203 -0.593178</i>
                        <i>0.204073 0.778045 0.594139 -0.974123 0.101158 0.202119 0.0971554 -0.620011 0.778555 -0.526577 1.66141 -0.591785</i>
                        <i>0.204765 0.772967 0.600495 -0.974093 0.100758 0.202463 0.0959926 -0.626395 0.773573 -0.52642 1.66043 -0.59098</i>
                        <i>0.205168 0.768247 0.606386 -0.974121 0.100251 0.202578 0.0948391 -0.632255 0.768933 -0.526329 1.65915 -0.590725</i>
                        <i>0.205286 0.764071 0.611598 -0.974202 0.0996715 0.202476 0.0937474 -0.637386 0.764821 -0.526302 1.65766 -0.590982</i>
                        <i>0.20513 0.760628 0.615928 -0.974328 0.0990508 0.202171 0.0927689 -0.641588 0.761419 -0.526335 1.65602 -0.591716</i>
                        <i>0.204707 0.758099 0.619177 -0.974495 0.0984184 0.201679 0.0919539 -0.64467 0.758911 -0.526429 1.6543 -0.592893</i>
                        <i>0.204027 0.756664 0.621155 -0.974694 0.0978017 0.201015 0.0913505 -0.646448 0.75747 -0.52658 1.65257 -0.594477</i>
                        <i>0.203101 0.756488 0.621672 -0.97492 0.0972255 0.200197 0.0910045 -0.64674 0.757262 -0.526789 1.65089 -0.596436</i>
                        <i>0.201936 0.757727 0.620542 -0.975166 0.0967124 0.199244 0.0909587 -0.645366 0.758439 -0.527052 1.64932 -0.598738</i>
                        <i>0.20054 0.760519 0.617572 -0.975426 0.096283 0.198174 0.0912535 -0.642138 0.761139 -0.527371 1.64793 -0.601351</i>
                        <i>0.199001 0.764481 0.613162 -0.975688 0.0959326 0.197052 0.0918203 -0.637468 0.764986 -0.527723 1.64674 -0.60412</i>
                        <i>0.197452 0.768982 0.608013 -0.975935 0.0956476 0.195965 0.0925387 -0.632075 0.769362 -0.528074 1.64579 -0.60682</i>
                        <i>0.195961 0.773781 0.60238 -0.976156 0.095436 0.194964 0.0933705 -0.626222 0.774033 -0.528409 1.64511 -0.609322</i>
                        <i>0.194597 0.778649 0.596521 -0.976342 0.0953077 0.194095 0.0942792 -0.620179 0.778775 -0.528708 1.64475 -0.611494</i>
                        <i>0.193429 0.783368 0.590695 -0.976482 0.0952753 0.193407 0.0952304 -0.614213 0.783373 -0.528953 1.64479 -0.613203</i>
                        <i>0.19252 0.787772 0.585108 -0.976567 0.0953579 0.192936 0.0961947 -0.608541 0.78767 -0.529133 1.64526 -0.614355</i>
                        <i>0.191921 0.791801 0.579843 -0.97659 0.0955948 0.192701 0.0971508 -0.603252 0.791611 -0.529246 1.64611 -0.61492</i>
                        <i>0.191658 0.795304 0.575116 -0.976551 0.0959831 0.192705 0.0980576 -0.598564 0.795051 -0.529291 1.64728 -0.614893</i>
                        <i>0.191733 0.798072 0.571244 -0.976455 0.0964884 0.192938 0.0988596 -0.594787 0.797781 -0.529266 1.6487 -0.614289</i>
                        <i>0.192155 0.799891 0.568552 -0.976307 0.097074 0.193392 0.0995005 -0.592243 0.799592 -0.529167 1.65029 -0.613125</i>
                        <i>0.192836 0.801011 0.566741 -0.97612 0.097722 0.194013 0.100023 -0.59062 0.800727 -0.529014 1.65199 -0.611545</i>
                        <i>0.193674 0.801771 0.565379 -0.975906 0.0984182 0.194735 0.10049 -0.589472 0.801514 -0.52883 1.65376 -0.609718</i>
                        <i>0.194645 0.802085 0.564599 -0.975673 0.0991284 0.195538 0.10087 -0.588925 0.801868 -0.52862 1.65552 -0.607703</i>
                        <i>0.195725 0.801862 0.564544 -0.97543 0.0998172 0.1964 0.101134 -0.589113 0.801697 -0.528389 1.65721 -0.605556</i>
                        <i>0.196889 0.801002 0.565358 -0.975184 0.100448 0.197298 0.101247 -0.590174 0.800902 -0.52814 1.65875 -0.603336</i>
                        <i>0.198114 0.799403 0.567191 -0.974943 0.100983 0.198212 0.101175 -0.592248 0.799379 -0.52788 1.66009 -0.601101</i>
                        <i>0.199375 0.796952 0.57019 -0.974717 0.101384 0.199118 0.100879 -0.595473 0.797017 -0.527611 1.66115 -0.598911</i>
                        <i>0.200643 0.793534 0.574496 -0.974514 0.101615 0.199992 0.100323 -0.599982 0.793698 -0.527339 1.66187 -0.596822</i>
                        <i>0.201891 0.789025 0.580241 -0.974344 0.101637 0.200807 0.0994673 -0.605896 0.789301 -0.527067 1.66219 -0.594892</i>
                        <i>0.203086 0.783298 0.587538 -0.974217 0.101417 0.201535 0.0982751 -0.613318 0.783698 -0.526801 1.66203 -0.593178</i>
                    </KeyFrames>
                </p>
            </i>
            <i>
                <p>
                    <Name><![CDATA[head]]></Name>
                    <Exclude>0</Exclude>
                    <Additive>0</Additive>
                    <IKPriority>0</IKPriority>
                    <IKRotLimits>-1e+010 -1e+010 -1e+010 1e+010 1e+010 1e+010</IKRotLimits>
                    <IKRotLimitOrder>0</IKRotLimitOrder>
                    <KeyFrames count="61">
                        <i>0.0207034 0.979575 0.200013 -0.00826706 0.200217 -0.979717 -0.999752 0.0186299 0.0122434 -0.470311 1.86893 -0.44713</i>
                        <i>0.0222298 0.981468 0.190332 -0.00791058 0.190546 -0.981646 -0.999722 0.0203161 0.0119998 -0.469793 1.86672 -0.443699</i>
                        <i>0.0238187 0.982981 0.182158 -0.00742113 0.182379 -0.9832 -0.999689 0.0220667 0.0116388 -0.469381 1.8642 -0.440901</i>
                        <i>0.0254138 0.984172 0.175382 -0.00683217 0.175605 -0.984437 -0.999654 0.0238201 0.0111868 -0.469076 1.86151 -0.438762</i>
                        <i>0.0269552 0.985094 0.169892 -0.00617373 0.170114 -0.985405 -0.999618 0.0255129 0.0106672 -0.468882 1.85876 -0.437307</i>
                        <i>0.0283798 0.985789 0.165574 -0.00547324 0.165792 -0.986146 -0.999582 0.0270803 0.0101006 -0.4688 1.85607 -0.436558</i>
                        <i>0.029622 0.986294 0.162315 -0.00475667 0.162523 -0.986693 -0.99955 0.0284557 0.00950571 -0.468832 1.85356 -0.43654</i>
                        <i>0.0306147 0.986643 0.159997 -0.00404953 0.160193 -0.987077 -0.999523 0.0295711 0.00889969 -0.468981 1.85134 -0.437279</i>
                        <i>0.03129 0.986862 0.158505 -0.00337843 0.158686 -0.987323 -0.999505 0.0303578 0.00829934 -0.46925 1.84953 -0.438799</i>
                        <i>0.0315796 0.986979 0.157721 -0.00277234 0.157885 -0.987454 -0.999497 0.0307461 0.00772218 -0.46964 1.84824 -0.441131</i>
                        <i>0.0314161 0.987015 0.157528 -0.00226408 0.157675 -0.987488 -0.999504 0.0306664 0.00718825 -0.470157 1.84757 -0.444307</i>
                        <i>0.0306192 0.986949 0.158097 -0.00190563 0.158228 -0.987401 -0.999529 0.0299322 0.0067256 -0.470844 1.84777 -0.448617</i>
                        <i>0.0291566 0.986736 0.159692 -0.00172926 0.15981 -0.987146 -0.999573 0.0285057 0.00636583 -0.471696 1.84887 -0.454041</i>
                        <i>0.0271886 0.986361 0.162333 -0.00174672 0.16244 -0.986717 -0.999629 0.0265439 0.00613939 -0.472648 1.85069 -0.460139</i>
                        <i>0.0248809 0.985806 0.166038 -0.00196989 0.166137 -0.986101 -0.999688 0.024208 0.00607557 -0.473631 1.85304 -0.466465</i>
                        <i>0.0224031 0.985047 0.170825 -0.00240457 0.17092 -0.985282 -0.999746 0.0216626 0.00619777 -0.474573 1.85576 -0.472557</i>
                        <i>0.0199263 0.984064 0.176693 -0.00303468 0.176787 -0.984244 -0.999797 0.0190761 0.00650902 -0.47541 1.85872 -0.478</i>
                        <i>0.0176219 0.98284 0.183619 -0.00380243 0.183712 -0.982973 -0.999838 0.0166236 0.00697455 -0.476094 1.86175 -0.482494</i>
                        <i>0.015656 0.981351 0.191583 -0.0046325 0.191676 -0.981447 -0.999867 0.0144781 0.00754699 -0.47658 1.86464 -0.485741</i>
                        <i>0.0141867 0.979578 0.200565 -0.00543565 0.200658 -0.979646 -0.999885 0.0128077 0.00817132 -0.47682 1.86721 -0.48744</i>
                        <i>0.013363 0.977493 0.210544 -0.00611168 0.210639 -0.977545 -0.999892 0.0117761 0.00878889 -0.476768 1.86928 -0.487291</i>
