<?xml version="1.0" encoding="ISO-8859-1" ?>
<Animl Version="1">
    <ModellingPackage>
        <![CDATA[Maya.2010]]>
</ModellingPackage>
    <SrcFile>
        <![CDATA[anims\turrets\machinegun\blue\~src\mgun_m2browning\mgun_m2browning_idle_sweep.mb]]>
</SrcFile>
    <FramesPerSecond>30</FramesPerSecond>
    <TotalFrames>97</TotalFrames>
    <Skeleton>
        <RefFrame>
            <Name>
                <![CDATA[m2browning_ref_frame]]>
</Name>
            <Exclude>0</Exclude>
            <Additive>0</Additive>
            <IKPriority>0</IKPriority>
            <IKRotLimits>-1e+010 -1e+010 -1e+010 1e+010 1e+010 1e+010</IKRotLimits>
            <IKRotLimitOrder>0</IKRotLimitOrder>
            <KeyFrames count="97">
                <i>1 0 0 0 1 0 0 0 1 0 0.87 0</i>
                <i>1 0 0 0 1 0 0 0 1 0 0.87 0</i>
                <i>1 0 0 0 1 0 0 0 1 0 0.87 0</i>
                <i>1 0 0 0 1 0 0 0 1 0 0.87 0</i>
                <i>1 0 0 0 1 0 0 0 1 0 0.87 0</i>
                <i>1 0 0 0 1 0 0 0 1 0 0.87 0</i>
                <i>1 0 0 0 1 0 0 0 1 0 0.87 0</i>
                <i>1 0 0 0 1 0 0 0 1 0 0.87 0</i>
                <i>1 0 0 0 1 0 0 0 1 0 0.87 0</i>
                <i>1 0 0 0 1 0 0 0 1 0 0.87 0</i>
                <i>1 0 0 0 1 0 0 0 1 0 0.87 0</i>
                <i>1 0 0 0 1 0 0 0 1 0 0.87 0</i>
                <i>1 0 0 0 1 0 0 0 1 0 0.87 0</i>
                <i>1 0 0 0 1 0 0 0 1 0 0.87 0</i>
                <i>1 0 0 0 1 0 0 0 1 0 0.87 0</i>
                <i>1 0 0 0 1 0 0 0 1 0 0.87 0</i>
                <i>1 0 0 0 1 0 0 0 1 0 0.87 0</i>
                <i>1 0 0 0 1 0 0 0 1 0 0.87 0</i>
                <i>1 0 0 0 1 0 0 0 1 0 0.87 0</i>
                <i>1 0 0 0 1 0 0 0 1 0 0.87 0</i>
                <i>1 0 0 0 1 0 0 0 1 0 0.87 0</i>
                <i>1 0 0 0 1 0 0 0 1 0 0.87 0</i>
                <i>1 0 0 0 1 0 0 0 1 0 0.87 0</i>
                <i>1 0 0 0 1 0 0 0 1 0 0.87 0</i>
                <i>1 0 0 0 1 0 0 0 1 0 0.87 0</i>
                <i>1 0 0 0 1 0 0 0 1 0 0.87 0</i>
                <i>1 0 0 0 1 0 0 0 1 0 0.87 0</i>
                <i>1 0 0 0 1 0 0 0 1 0 0.87 0</i>
                <i>1 0 0 0 1 0 0 0 1 0 0.87 0</i>
                <i>1 0 0 0 1 0 0 0 1 0 0.87 0</i>
                <i>1 0 0 0 1 0 0 0 1 0 0.87 0</i>
                <i>1 0 0 0 1 0 0 0 1 0 0.87 0</i>
                <i>1 0 0 0 1 0 0 0 1 0 0.87 0</i>
                <i>1 0 0 0 1 0 0 0 1 0 0.87 0</i>
                <i>1 0 0 0 1 0 0 0 1 0 0.87 0</i>
                <i>1 0 0 0 1 0 0 0 1 0 0.87 0</i>
                <i>1 0 0 0 1 0 0 0 1 0 0.87 0</i>
                <i>1 0 0 0 1 0 0 0 1 0 0.87 0</i>
                <i>1 0 0 0 1 0 0 0 1 0 0.87 0</i>
                <i>1 0 0 0 1 0 0 0 1 0 0.87 0</i>
                <i>1 0 0 0 1 0 0 0 1 0 0.87 0</i>
                <i>1 0 0 0 1 0 0 0 1 0 0.87 0</i>
                <i>1 0 0 0 1 0 0 0 1 0 0.87 0</i>
                <i>1 0 0 0 1 0 0 0 1 0 0.87 0</i>
                <i>1 0 0 0 1 0 0 0 1 0 0.87 0</i>
                <i>1 0 0 0 1 0 0 0 1 0 0.87 0</i>
                <i>1 0 0 0 1 0 0 0 1 0 0.87 0</i>
                <i>1 0 0 0 1 0 0 0 1 0 0.87 0</i>
                <i>1 0 0 0 1 0 0 0 1 0 0.87 0</i>
                <i>1 0 0 0 1 0 0 0 1 0 0.87 0</i>
                <i>1 0 0 0 1 0 0 0 1 0 0.87 0</i>
                <i>1 0 0 0 1 0 0 0 1 0 0.87 0</i>
                <i>1 0 0 0 1 0 0 0 1 0 0.87 0</i>
                <i>1 0 0 0 1 0 0 0 1 0 0.87 0</i>
                <i>1 0 0 0 1 0 0 0 1 0 0.87 0</i>
                <i>1 0 0 0 1 0 0 0 1 0 0.87 0</i>
                <i>1 0 0 0 1 0 0 0 1 0 0.87 0</i>
                <i>1 0 0 0 1 0 0 0 1 0 0.87 0</i>
                <i>1 0 0 0 1 0 0 0 1 0 0.87 0</i>
                <i>1 0 0 0 1 0 0 0 1 0 0.87 0</i>
                <i>1 0 0 0 1 0 0 0 1 0 0.87 0</i>
                <i>1 0 0 0 1 0 0 0 1 0 0.87 0</i>
                <i>1 0 0 0 1 0 0 0 1 0 0.87 0</i>
                <i>1 0 0 0 1 0 0 0 1 0 0.87 0</i>
                <i>1 0 0 0 1 0 0 0 1 0 0.87 0</i>
                <i>1 0 0 0 1 0 0 0 1 0 0.87 0</i>
                <i>1 0 0 0 1 0 0 0 1 0 0.87 0</i>
                <i>1 0 0 0 1 0 0 0 1 0 0.87 0</i>
                <i>1 0 0 0 1 0 0 0 1 0 0.87 0</i>
                <i>1 0 0 0 1 0 0 0 1 0 0.87 0</i>
                <i>1 0 0 0 1 0 0 0 1 0 0.87 0</i>
                <i>1 0 0 0 1 0 0 0 1 0 0.87 0</i>
                <i>1 0 0 0 1 0 0 0 1 0 0.87 0</i>
                <i>1 0 0 0 1 0 0 0 1 0 0.87 0</i>
                <i>1 0 0 0 1 0 0 0 1 0 0.87 0</i>
                <i>1 0 0 0 1 0 0 0 1 0 0.87 0</i>
                <i>1 0 0 0 1 0 0 0 1 0 0.87 0</i>
                <i>1 0 0 0 1 0 0 0 1 0 0.87 0</i>
                <i>1 0 0 0 1 0 0 0 1 0 0.87 0</i>
                <i>1 0 0 0 1 0 0 0 1 0 0.87 0</i>
                <i>1 0 0 0 1 0 0 0 1 0 0.87 0</i>
                <i>1 0 0 0 1 0 0 0 1 0 0.87 0</i>
                <i>1 0 0 0 1 0 0 0 1 0 0.87 0</i>
                <i>1 0 0 0 1 0 0 0 1 0 0.87 0</i>
                <i>1 0 0 0 1 0 0 0 1 0 0.87 0</i>
                <i>1 0 0 0 1 0 0 0 1 0 0.87 0</i>
                <i>1 0 0 0 1 0 0 0 1 0 0.87 0</i>
                <i>1 0 0 0 1 0 0 0 1 0 0.87 0</i>
                <i>1 0 0 0 1 0 0 0 1 0 0.87 0</i>
                <i>1 0 0 0 1 0 0 0 1 0 0.87 0</i>
                <i>1 0 0 0 1 0 0 0 1 0 0.87 0</i>
                <i>1 0 0 0 1 0 0 0 1 0 0.87 0</i>
                <i>1 0 0 0 1 0 0 0 1 0 0.87 0</i>
                <i>1 0 0 0 1 0 0 0 1 0 0.87 0</i>
                <i>1 0 0 0 1 0 0 0 1 0 0.87 0</i>
                <i>1 0 0 0 1 0 0 0 1 0 0.87 0</i>
                <i>1 0 0 0 1 0 0 0 1 0 0.87 0</i>
            </KeyFrames>
        </RefFrame>
        <Bones count="13">
            <i>
                <p>
                    <Name>
                        <![CDATA[m2browning_root]]>
</Name>
                    <Exclude>0</Exclude>
                    <Additive>0</Additive>
                    <IKPriority>0</IKPriority>
                    <IKRotLimits>-1e+010 -1e+010 -1e+010 1e+010 1e+010 1e+010</IKRotLimits>
                    <IKRotLimitOrder>0</IKRotLimitOrder>
                    <KeyFrames count="97">
                        <i>1 0 0 0 1 0 0 0 1 0 0.87 0</i>
                        <i>1 0 0 0 1 0 0 0 1 0 0.87 0</i>
                        <i>1 0 0 0 1 0 0 0 1 0 0.87 0</i>
                        <i>1 0 0 0 1 0 0 0 1 0 0.87 0</i>
                        <i>1 0 0 0 1 0 0 0 1 0 0.87 0</i>
                        <i>1 0 0 0 1 0 0 0 1 0 0.87 0</i>
                        <i>1 0 0 0 1 0 0 0 1 0 0.87 0</i>
                        <i>1 0 0 0 1 0 0 0 1 0 0.87 0</i>
                        <i>1 0 0 0 1 0 0 0 1 0 0.87 0</i>
                        <i>1 0 0 0 1 0 0 0 1 0 0.87 0</i>
                        <i>1 0 0 0 1 0 0 0 1 0 0.87 0</i>
                        <i>1 0 0 0 1 0 0 0 1 0 0.87 0</i>
                        <i>1 0 0 0 1 0 0 0 1 0 0.87 0</i>
                        <i>1 0 0 0 1 0 0 0 1 0 0.87 0</i>
                        <i>1 0 0 0 1 0 0 0 1 0 0.87 0</i>
                        <i>1 0 0 0 1 0 0 0 1 0 0.87 0</i>
                        <i>1 0 0 0 1 0 0 0 1 0 0.87 0</i>
                        <i>1 0 0 0 1 0 0 0 1 0 0.87 0</i>
                        <i>1 0 0 0 1 0 0 0 1 0 0.87 0</i>
                        <i>1 0 0 0 1 0 0 0 1 0 0.87 0</i>
                        <i>1 0 0 0 1 0 0 0 1 0 0.87 0</i>
                        <i>1 0 0 0 1 0 0 0 1 0 0.87 0</i>
                        <i>1 0 0 0 1 0 0 0 1 0 0.87 0</i>
                        <i>1 0 0 0 1 0 0 0 1 0 0.87 0</i>
                        <i>1 0 0 0 1 0 0 0 1 0 0.87 0</i>
                        <i>1 0 0 0 1 0 0 0 1 0 0.87 0</i>
                        <i>1 0 0 0 1 0 0 0 1 0 0.87 0</i>
                        <i>1 0 0 0 1 0 0 0 1 0 0.87 0</i>
                        <i>1 0 0 0 1 0 0 0 1 0 0.87 0</i>
                        <i>1 0 0 0 1 0 0 0 1 0 0.87 0</i>
                        <i>1 0 0 0 1 0 0 0 1 0 0.87 0</i>
                        <i>1 0 0 0 1 0 0 0 1 0 0.87 0</i>
                        <i>1 0 0 0 1 0 0 0 1 0 0.87 0</i>
                        <i>1 0 0 0 1 0 0 0 1 0 0.87 0</i>
                        <i>1 0 0 0 1 0 0 0 1 0 0.87 0</i>
                        <i>1 0 0 0 1 0 0 0 1 0 0.87 0</i>
                        <i>1 0 0 0 1 0 0 0 1 0 0.87 0</i>
                        <i>1 0 0 0 1 0 0 0 1 0 0.87 0</i>
                        <i>1 0 0 0 1 0 0 0 1 0 0.87 0</i>
                        <i>1 0 0 0 1 0 0 0 1 0 0.87 0</i>
                        <i>1 0 0 0 1 0 0 0 1 0 0.87 0</i>
                        <i>1 0 0 0 1 0 0 0 1 0 0.87 0</i>
                        <i>1 0 0 0 1 0 0 0 1 0 0.87 0</i>
                        <i>1 0 0 0 1 0 0 0 1 0 0.87 0</i>
                        <i>1 0 0 0 1 0 0 0 1 0 0.87 0</i>
                        <i>1 0 0 0 1 0 0 0 1 0 0.87 0</i>
                        <i>1 0 0 0 1 0 0 0 1 0 0.87 0</i>
                        <i>1 0 0 0 1 0 0 0 1 0 0.87 0</i>
                        <i>1 0 0 0 1 0 0 0 1 0 0.87 0</i>
                        <i>1 0 0 0 1 0 0 0 1 0 0.87 0</i>
                        <i>1 0 0 0 1 0 0 0 1 0 0.87 0</i>
                        <i>1 0 0 0 1 0 0 0 1 0 0.87 0</i>
                        <i>1 0 0 0 1 0 0 0 1 0 0.87 0</i>
                        <i>1 0 0 0 1 0 0 0 1 0 0.87 0</i>
                        <i>1 0 0 0 1 0 0 0 1 0 0.87 0</i>
                        <i>1 0 0 0 1 0 0 0 1 0 0.87 0</i>
                        <i>1 0 0 0 1 0 0 0 1 0 0.87 0</i>
                        <i>1 0 0 0 1 0 0 0 1 0 0.87 0</i>
                        <i>1 0 0 0 1 0 0 0 1 0 0.87 0</i>
                        <i>1 0 0 0 1 0 0 0 1 0 0.87 0</i>
                        <i>1 0 0 0 1 0 0 0 1 0 0.87 0</i>
                        <i>1 0 0 0 1 0 0 0 1 0 0.87 0</i>
                        <i>1 0 0 0 1 0 0 0 1 0 0.87 0</i>
                        <i>1 0 0 0 1 0 0 0 1 0 0.87 0</i>
                        <i>1 0 0 0 1 0 0 0 1 0 0.87 0</i>
                        <i>1 0 0 0 1 0 0 0 1 0 0.87 0</i>
                        <i>1 0 0 0 1 0 0 0 1 0 0.87 0</i>
                        <i>1 0 0 0 1 0 0 0 1 0 0.87 0</i>
                        <i>1 0 0 0 1 0 0 0 1 0 0.87 0</i>
                        <i>1 0 0 0 1 0 0 0 1 0 0.87 0</i>
                        <i>1 0 0 0 1 0 0 0 1 0 0.87 0</i>
                        <i>1 0 0 0 1 0 0 0 1 0 0.87 0</i>
                        <i>1 0 0 0 1 0 0 0 1 0 0.87 0</i>
                        <i>1 0 0 0 1 0 0 0 1 0 0.87 0</i>
                        <i>1 0 0 0 1 0 0 0 1 0 0.87 0</i>
                        <i>1 0 0 0 1 0 0 0 1 0 0.87 0</i>
                        <i>1 0 0 0 1 0 0 0 1 0 0.87 0</i>
                        <i>1 0 0 0 1 0 0 0 1 0 0.87 0</i>
                        <i>1 0 0 0 1 0 0 0 1 0 0.87 0</i>
                        <i>1 0 0 0 1 0 0 0 1 0 0.87 0</i>
                        <i>1 0 0 0 1 0 0 0 1 0 0.87 0</i>
                        <i>1 0 0 0 1 0 0 0 1 0 0.87 0</i>
                        <i>1 0 0 0 1 0 0 0 1 0 0.87 0</i>
                        <i>1 0 0 0 1 0 0 0 1 0 0.87 0</i>
                        <i>1 0 0 0 1 0 0 0 1 0 0.87 0</i>
                        <i>1 0 0 0 1 0 0 0 1 0 0.87 0</i>
                        <i>1 0 0 0 1 0 0 0 1 0 0.87 0</i>
                        <i>1 0 0 0 1 0 0 0 1 0 0.87 0</i>
                        <i>1 0 0 0 1 0 0 0 1 0 0.87 0</i>
                        <i>1 0 0 0 1 0 0 0 1 0 0.87 0</i>
                        <i>1 0 0 0 1 0 0 0 1 0 0.87 0</i>
                        <i>1 0 0 0 1 0 0 0 1 0 0.87 0</i>
                        <i>1 0 0 0 1 0 0 0 1 0 0.87 0</i>
                        <i>1 0 0 0 1 0 0 0 1 0 0.87 0</i>
                        <i>1 0 0 0 1 0 0 0 1 0 0.87 0</i>
                        <i>1 0 0 0 1 0 0 0 1 0 0.87 0</i>
                        <i>1 0 0 0 1 0 0 0 1 0 0.87 0</i>
                    </KeyFrames>
                </p>
            </i>
            <i>
                <p>
                    <Name>
                        <![CDATA[body]]>
</Name>
                    <Exclude>0</Exclude>
                    <Additive>0</Additive>
                    <IKPriority>0</IKPriority>
                    <IKRotLimits>-1e+010 -1e+010 -1e+010 1e+010 1e+010 1e+010</IKRotLimits>
                    <IKRotLimitOrder>0</IKRotLimitOrder>
                    <KeyFrames count="97">
                        <i>1 0 0 0 1 0 0 0 1 0.000203182 1.79119 0.563191</i>
                        <i>1 0 0 0 1 0 0 0 1 0.000203182 1.79119 0.563191</i>
                        <i>1 0 0 0 1 0 0 0 1 0.000203182 1.79119 0.563191</i>
                        <i>1 0 0 0 1 0 0 0 1 0.000203182 1.79119 0.563191</i>
                        <i>1 0 0 0 1 0 0 0 1 0.000203182 1.79119 0.563191</i>
                        <i>1 0 0 0 1 0 0 0 1 0.000203182 1.79119 0.563191</i>
                        <i>1 0 0 0 1 0 0 0 1 0.000203182 1.79119 0.563191</i>
                        <i>1 0 0 0 1 0 0 0 1 0.000203182 1.79119 0.563191</i>
                        <i>1 0 0 0 1 0 0 0 1 0.000203182 1.79119 0.563191</i>
                        <i>1 0 0 0 1 0 0 0 1 0.000203182 1.79119 0.563191</i>
                        <i>1 0 0 0 1 0 0 0 1 0.000203182 1.79119 0.563191</i>
                        <i>1 0 0 0 1 0 0 0 1 0.000203182 1.79119 0.563191</i>
                        <i>1 0 0 0 1 0 0 0 1 0.000203182 1.79119 0.563191</i>
                        <i>1 0 0 0 1 0 0 0 1 0.000203182 1.79119 0.563191</i>
                        <i>1 0 0 0 1 0 0 0 1 0.000203182 1.79119 0.563191</i>
                        <i>1 0 0 0 1 0 0 0 1 0.000203182 1.79119 0.563191</i>
                        <i>1 0 0 0 1 0 0 0 1 0.000203182 1.79119 0.563191</i>
                        <i>1 0 0 0 1 0 0 0 1 0.000203182 1.79119 0.563191</i>
                        <i>1 0 0 0 1 0 0 0 1 0.000203182 1.79119 0.563191</i>
                        <i>1 0 0 0 1 0 0 0 1 0.000203182 1.79119 0.563191</i>
                        <i>1 0 0 0 1 0 0 0 1 0.000203182 1.79119 0.563191</i>
                        <i>1 0 0 0 1 0 0 0 1 0.000203182 1.79119 0.563191</i>
                        <i>1 0 0 0 1 0 0 0 1 0.000203182 1.79119 0.563191</i>
                        <i>1 0 0 0 1 0 0 0 1 0.000203182 1.79119 0.563191</i>
                        <i>1 0 0 0 1 0 0 0 1 0.000203182 1.79119 0.563191</i>
                        <i>1 0 0 0 1 0 0 0 1 0.000203182 1.79119 0.563191</i>
                        <i>1 0 0 0 1 0 0 0 1 0.000203182 1.79119 0.563191</i>
                        <i>1 0 0 0 1 0 0 0 1 0.000203182 1.79119 0.563191</i>
                        <i>1 0 0 0 1 0 0 0 1 0.000203182 1.79119 0.563191</i>
                        <i>1 0 0 0 1 0 0 0 1 0.000203182 1.79119 0.563191</i>
                        <i>1 0 0 0 1 0 0 0 1 0.000203182 1.79119 0.563191</i>
                        <i>1 0 0 0 1 0 0 0 1 0.000203182 1.79119 0.563191</i>
                        <i>1 0 0 0 1 0 0 0 1 0.000203182 1.79119 0.563191</i>
                        <i>1 0 0 0 1 0 0 0 1 0.000203182 1.79119 0.563191</i>
                        <i>1 0 0 0 1 0 0 0 1 0.000203182 1.79119 0.563191</i>
                        <i>1 0 0 0 1 0 0 0 1 0.000203182 1.79119 0.563191</i>
                        <i>1 0 0 0 1 0 0 0 1 0.000203182 1.79119 0.563191</i>
                        <i>1 0 0 0 1 0 0 0 1 0.000203182 1.79119 0.563191</i>
                        <i>1 0 0 0 1 0 0 0 1 0.000203182 1.79119 0.563191</i>
                        <i>1 0 0 0 1 0 0 0 1 0.000203182 1.79119 0.563191</i>
                        <i>1 0 0 0 1 0 0 0 1 0.000203182 1.79119 0.563191</i>
                        <i>1 0 0 0 1 0 0 0 1 0.000203182 1.79119 0.563191</i>
                        <i>1 0 0 0 1 0 0 0 1 0.000203182 1.79119 0.563191</i>
                        <i>1 0 0 0 1 0 0 0 1 0.000203182 1.79119 0.563191</i>
                        <i>1 0 0 0 1 0 0 0 1 0.000203182 1.79119 0.563191</i>
                        <i>1 0 0 0 1 0 0 0 1 0.000203182 1.79119 0.563191</i>
                        <i>1 0 0 0 1 0 0 0 1 0.000203182 1.79119 0.563191</i>
                        <i>1 0 0 0 1 0 0 0 1 0.000203182 1.79119 0.563191</i>
                        <i>1 0 0 0 1 0 0 0 1 0.000203182 1.79119 0.563191</i>
                        <i>1 0 0 0 1 0 0 0 1 0.000203182 1.79119 0.563191</i>
                        <i>1 0 0 0 1 0 0 0 1 0.000203182 1.79119 0.563191</i>
                        <i>1 0 0 0 1 0 0 0 1 0.000203182 1.79119 0.563191</i>
                        <i>1 0 0 0 1 0 0 0 1 0.000203182 1.79119 0.563191</i>
                        <i>1 0 0 0 1 0 0 0 1 0.000203182 1.79119 0.563191</i>
                        <i>1 0 0 0 1 0 0 0 1 0.000203182 1.79119 0.563191</i>
                        <i>1 0 0 0 1 0 0 0 1 0.000203182 1.79119 0.563191</i>
                        <i>1 0 0 0 1 0 0 0 1 0.000203182 1.79119 0.563191</i>
                        <i>1 0 0 0 1 0 0 0 1 0.000203182 1.79119 0.563191</i>
                        <i>1 0 0 0 1 0 0 0 1 0.000203182 1.79119 0.563191</i>
                        <i>1 0 0 0 1 0 0 0 1 0.000203182 1.79119 0.563191</i>
                        <i>1 0 0 0 1 0 0 0 1 0.000203182 1.79119 0.563191</i>
                        <i>1 0 0 0 1 0 0 0 1 0.000203182 1.79119 0.563191</i>
                        <i>1 0 0 0 1 0 0 0 1 0.000203182 1.79119 0.563191</i>
                        <i>1 0 0 0 1 0 0 0 1 0.000203182 1.79119 0.563191</i>
                        <i>1 0 0 0 1 0 0 0 1 0.000203182 1.79119 0.563191</i>
                        <i>1 0 0 0 1 0 0 0 1 0.000203182 1.79119 0.563191</i>
                        <i>1 0 0 0 1 0 0 0 1 0.000203182 1.79119 0.563191</i>
                        <i>1 0 0 0 1 0 0 0 1 0.000203182 1.79119 0.563191</i>
                        <i>1 0 0 0 1 0 0 0 1 0.000203182 1.79119 0.563191</i>
                        <i>1 0 0 0 1 0 0 0 1 0.000203182 1.79119 0.563191</i>
                        <i>1 0 0 0 1 0 0 0 1 0.000203182 1.79119 0.563191</i>
                        <i>1 0 0 0 1 0 0 0 1 0.000203182 1.79119 0.563191</i>
                        <i>1 0 0 0 1 0 0 0 1 0.000203182 1.79119 0.563191</i>
                        <i>1 0 0 0 1 0 0 0 1 0.000203182 1.79119 0.563191</i>
                        <i>1 0 0 0 1 0 0 0 1 0.000203182 1.79119 0.563191</i>
                        <i>1 0 0 0 1 0 0 0 1 0.000203182 1.79119 0.563191</i>
                        <i>1 0 0 0 1 0 0 0 1 0.000203182 1.79119 0.563191</i>
                        <i>1 0 0 0 1 0 0 0 1 0.000203182 1.79119 0.563191</i>
                        <i>1 0 0 0 1 0 0 0 1 0.000203182 1.79119 0.563191</i>
                        <i>1 0 0 0 1 0 0 0 1 0.000203182 1.79119 0.563191</i>
                        <i>1 0 0 0 1 0 0 0 1 0.000203182 1.79119 0.563191</i>
                        <i>1 0 0 0 1 0 0 0 1 0.000203182 1.79119 0.563191</i>
                        <i>1 0 0 0 1 0 0 0 1 0.000203182 1.79119 0.563191</i>
                        <i>1 0 0 0 1 0 0 0 1 0.000203182 1.79119 0.563191</i>
                        <i>1 0 0 0 1 0 0 0 1 0.000203182 1.79119 0.563191</i>
                        <i>1 0 0 0 1 0 0 0 1 0.000203182 1.79119 0.563191</i>
                        <i>1 0 0 0 1 0 0 0 1 0.000203182 1.79119 0.563191</i>
                        <i>1 0 0 0 1 0 0 0 1 0.000203182 1.79119 0.563191</i>
                        <i>1 0 0 0 1 0 0 0 1 0.000203182 1.79119 0.563191</i>
                        <i>1 0 0 0 1 0 0 0 1 0.000203182 1.79119 0.563191</i>
                        <i>1 0 0 0 1 0 0 0 1 0.000203182 1.79119 0.563191</i>
                        <i>1 0 0 0 1 0 0 0 1 0.000203182 1.79119 0.563191</i>
                        <i>1 0 0 0 1 0 0 0 1 0.000203182 1.79119 0.563191</i>
                        <i>1 0 0 0 1 0 0 0 1 0.000203182 1.79119 0.563191</i>
                        <i>1 0 0 0 1 0 0 0 1 0.000203182 1.79119 0.563191</i>
                        <i>1 0 0 0 1 0 0 0 1 0.000203182 1.79119 0.563191</i>
                        <i>1 0 0 0 1 0 0 0 1 0.000203182 1.79119 0.563191</i>
                    </KeyFrames>
                </p>
            </i>
            <i>
                <p>
                    <Name>
                        <![CDATA[yaw]]>
</Name>
                    <Exclude>0</Exclude>
                    <Additive>0</Additive>
                    <IKPriority>0</IKPriority>
                    <IKRotLimits>-1e+010 -1e+010 -1e+010 1e+010 1e+010 1e+010</IKRotLimits>
                    <IKRotLimitOrder>0</IKRotLimitOrder>
                    <KeyFrames count="97">
                        <i>1 0 0 0 1 0 0 0 1 0.000203182 1.90851 0.563191</i>
                        <i>0.999945 0 -0.0104669 0 1 0 0.0104669 0 0.999945 0.000203182 1.90851 0.563191</i>
                        <i>0.999761 0 -0.0218628 0 1 0 0.0218628 0 0.999761 0.000203182 1.90851 0.563191</i>
                        <i>0.99942 0 -0.034053 0 1 0 0.034053 0 0.99942 0.000203182 1.90851 0.563191</i>
                        <i>0.9989 0 -0.046902 0 1 0 0.046902 0 0.9989 0.000203182 1.90851 0.563191</i>
                        <i>0.998182 0 -0.0602739 0 1 0 0.0602739 0 0.998182 0.000203182 1.90851 0.563191</i>
                        <i>0.997256 0 -0.0740328 0 1 0 0.0740328 0 0.997256 0.000203182 1.90851 0.563191</i>
                        <i>0.996117 0 -0.0880423 0 1 0 0.0880423 0 0.996117 0.000203182 1.90851 0.563191</i>
                        <i>0.994767 0 -0.102167 0 1 0 0.102167 0 0.994767 0.000203182 1.90851 0.563191</i>
                        <i>0.993218 0 -0.116271 0 1 0 0.116271 0 0.993218 0.000203182 1.90851 0.563191</i>
                        <i>0.991485 0 -0.130219 0 1 0 0.130219 0 0.991485 0.000203182 1.90851 0.563191</i>
                        <i>0.989595 0 -0.143879 0 1 0 0.143879 0 0.989595 0.000203182 1.90851 0.563191</i>
                        <i>0.98758 0 -0.157118 0 1 0 0.157118 0 0.98758 0.000203182 1.90851 0.563191</i>
                        <i>0.985478 0 -0.169804 0 1 0 0.169804 0 0.985478 0.000203182 1.90851 0.563191</i>
                        <i>0.983334 0 -0.181809 0 1 0 0.181809 0 0.983334 0.000203182 1.90851 0.563191</i>
                        <i>0.981198 0 -0.193005 0 1 0 0.193005 0 0.981198 0.000203182 1.90851 0.563191</i>
                        <i>0.979124 0 -0.203264 0 1 0 0.203264 0 0.979124 0.000203182 1.90851 0.563191</i>
                        <i>0.977169 0 -0.212462 0 1 0 0.212462 0 0.977169 0.000203182 1.90851 0.563191</i>
                        <i>0.975393 0 -0.220475 0 1 0 0.220475 0 0.975393 0.000203182 1.90851 0.563191</i>
                        <i>0.973853 0 -0.227179 0 1 0 0.227179 0 0.973853 0.000203182 1.90851 0.563191</i>
                        <i>0.972608 0 -0.23245 0 1 0 0.23245 0 0.972608 0.000203182 1.90851 0.563191</i>
                        <i>0.971713 0 -0.236165 0 1 0 0.236165 0 0.971713 0.000203182 1.90851 0.563191</i>
                        <i>0.971217 0 -0.238198 0 1 0 0.238198 0 0.971217 0.000203182 1.90851 0.563191</i>
                        <i>0.971161 0 -0.238423 0 1 0 0.238423 0 0.971161 0.000203182 1.90851 0.563191</i>
                        <i>0.97158 0 -0.236712 0 1 0 0.236712 0 0.97158 0.000203182 1.90851 0.563191</i>
                        <i>0.972329 0 -0.233616 0 1 0 0.233616 0 0.972329 0.000203182 1.90851 0.563191</i>
                        <i>0.97324 0 -0.229793 0 1 0 0.229793 0 0.97324 0.000203182 1.90851 0.563191</i>
                        <i>0.974296 0 -0.225273 0 1 0 0.225273 0 0.974296 0.000203182 1.90851 0.563191</i>
                        <i>0.975481 0 -0.220084 0 1 0 0.220084 0 0.975481 0.000203182 1.90851 0.563191</i>
                        <i>0.976778 0 -0.214256 0 1 0 0.214256 0 0.976778 0.000203182 1.90851 0.563191</i>
                        <i>0.978168 0 -0.207817 0 1 0 0.207817 0 0.978168 0.000203182 1.90851 0.563191</i>
                        <i>0.979633 0 -0.200796 0 1 0 0.200796 0 0.979633 0.000203182 1.90851 0.563191</i>
                        <i>0.981155 0 -0.193223 0 1 0 0.193223 0 0.981155 0.000203182 1.90851 0.563191</i>
                        <i>0.982715 0 -0.185126 0 1 0 0.185126 0 0.982715 0.000203182 1.90851 0.563191</i>
                        <i>0.984294 0 -0.176535 0 1 0 0.176535 0 0.984294 0.000203182 1.90851 0.563191</i>
                        <i>0.985875 0 -0.16748 0 1 0 0.16748 0 0.985875 0.000203182 1.90851 0.563191</i>
                        <i>0.987441 0 -0.157991 0 1 0 0.157991 0 0.987441 0.000203182 1.90851 0.563191</i>
                        <i>0.988973 0 -0.148098 0 1 0 0.148098 0 0.988973 0.000203182 1.90851 0.563191</i>
                        <i>0.990456 0 -0.137832 0 1 0 0.137832 0 0.990456 0.000203182 1.90851 0.563191</i>
                        <i>0.991874 0 -0.127225 0 1 0 0.127225 0 0.991874 0.000203182 1.90851 0.563191</i>
                        <i>0.993213 0 -0.116308 0 1 0 0.116308 0 0.993213 0.000203182 1.90851 0.563191</i>
                        <i>0.99446 0 -0.105111 0 1 0 0.105111 0 0.99446 0.000203182 1.90851 0.563191</i>
                        <i>0.995603 0 -0.0936692 0 1 0 0.0936692 0 0.995603 0.000203182 1.90851 0.563191</i>
                        <i>0.996631 0 -0.0820131 0 1 0 0.0820131 0 0.996631 0.000203182 1.90851 0.563191</i>
                        <i>0.997535 0 -0.070176 0 1 0 0.070176 0 0.997535 0.000203182 1.90851 0.563191</i>
                        <i>0.998305 0 -0.0581909 0 1 0 0.0581909 0 0.998305 0.000203182 1.90851 0.563191</i>
                        <i>0.998937 0 -0.0460912 0 1 0 0.0460912 0 0.998937 0.000203182 1.90851 0.563191</i>
                        <i>0.999425 0 -0.0339102 0 1 0 0.0339102 0 0.999425 0.000203182 1.90851 0.563191</i>
                        <i>0.999765 0 -0.0216816 0 1 0 0.0216816 0 0.999765 0.000203182 1.90851 0.563191</i>
                        <i>0.999955 0 -0.00943893 0 1 0 0.00943893 0 0.999955 0.000203182 1.90851 0.563191</i>
                        <i>0.999996 0 0.002784 0 1 0 -0.002784 0 0.999996 0.000203182 1.90851 0.563191</i>
                        <i>0.999888 0 0.0149535 0 1 0 -0.0149535 0 0.999888 0.000203182 1.90851 0.563191</i>
                        <i>0.999634 0 0.027036 0 1 0 -0.027036 0 0.999634 0.000203182 1.90851 0.563191</i>
                        <i>0.999239 0 0.0389977 0 1 0 -0.0389977 0 0.999239 0.000203182 1.90851 0.563191</i>
                        <i>0.998709 0 0.0508054 0 1 0 -0.0508054 0 0.998709 0.000203182 1.90851 0.563191</i>
                        <i>0.99805 0 0.0624259 0 1 0 -0.0624259 0 0.99805 0.000203182 1.90851 0.563191</i>
                        <i>0.997271 0 0.0738259 0 1 0 -0.0738259 0 0.997271 0.000203182 1.90851 0.563191</i>
                        <i>0.996383 0 0.0849729 0 1 0 -0.0849729 0 0.996383 0.000203182 1.90851 0.563191</i>
                        <i>0.995397 0 0.0958344 0 1 0 -0.0958344 0 0.995397 0.000203182 1.90851 0.563191</i>
                        <i>0.994326 0 0.106378 0 1 0 -0.106378 0 0.994326 0.000203182 1.90851 0.563191</i>
                        <i>0.993182 0 0.116572 0 1 0 -0.116572 0 0.993182 0.000203182 1.90851 0.563191</i>
                        <i>0.991981 0 0.126385 0 1 0 -0.126385 0 0.991981 0.000203182 1.90851 0.563191</i>
                        <i>0.990738 0 0.135786 0 1 0 -0.135786 0 0.990738 0.000203182 1.90851 0.563191</i>
                        <i>0.989469 0 0.144743 0 1 0 -0.144743 0 0.989469 0.000203182 1.90851 0.563191</i>
                        <i>0.988191 0 0.153226 0 1 0 -0.153226 0 0.988191 0.000203182 1.90851 0.563191</i>
                        <i>0.986921 0 0.161206 0 1 0 -0.161206 0 0.986921 0.000203182 1.90851 0.563191</i>
                        <i>0.985676 0 0.168651 0 1 0 -0.168651 0 0.985676 0.000203182 1.90851 0.563191</i>
                        <i>0.984474 0 0.175532 0 1 0 -0.175532 0 0.984474 0.000203182 1.90851 0.563191</i>
                        <i>0.983332 0 0.181819 0 1 0 -0.181819 0 0.983332 0.000203182 1.90851 0.563191</i>
                        <i>0.982268 0 0.187484 0 1 0 -0.187484 0 0.982268 0.000203182 1.90851 0.563191</i>
                        <i>0.981298 0 0.192495 0 1 0 -0.192495 0 0.981298 0.000203182 1.90851 0.563191</i>
                        <i>0.980439 0 0.196824 0 1 0 -0.196824 0 0.980439 0.000203182 1.90851 0.563191</i>
                        <i>0.979706 0 0.200442 0 1 0 -0.200442 0 0.979706 0.000203182 1.90851 0.563191</i>
                        <i>0.979206 0 0.20287 0 1 0 -0.20287 0 0.979206 0.000203182 1.90851 0.563191</i>
                        <i>0.979031 0 0.20371 0 1 0 -0.20371 0 0.979031 0.000203182 1.90851 0.563191</i>
                        <i>0.979167 0 0.203054 0 1 0 -0.203054 0 0.979167 0.000203182 1.90851 0.563191</i>
                        <i>0.979593 0 0.200991 0 1 0 -0.200991 0 0.979593 0.000203182 1.90851 0.563191</i>
                        <i>0.980281 0 0.19761 0 1 0 -0.19761 0 0.980281 0.000203182 1.90851 0.563191</i>
                        <i>0.981199 0 0.192997 0 1 0 -0.192997 0 0.981199 0.000203182 1.90851 0.563191</i>
                        <i>0.982314 0 0.187239 0 1 0 -0.187239 0 0.982314 0.000203182 1.90851 0.563191</i>
                        <i>0.983589 0 0.180423 0 1 0 -0.180423 0 0.983589 0.000203182 1.90851 0.563191</i>
                        <i>0.984986 0 0.172637 0 1 0 -0.172637 0 0.984986 0.000203182 1.90851 0.563191</i>
                        <i>0.986466 0 0.163965 0 1 0 -0.163965 0 0.986466 0.000203182 1.90851 0.563191</i>
                        <i>0.987993 0 0.154498 0 1 0 -0.154498 0 0.987993 0.000203182 1.90851 0.563191</i>
                        <i>0.989531 0 0.144321 0 1 0 -0.144321 0 0.989531 0.000203182 1.90851 0.563191</i>
                        <i>0.991046 0 0.133525 0 1 0 -0.133525 0 0.991046 0.000203182 1.90851 0.563191</i>
                        <i>0.992506 0 0.122198 0 1 0 -0.122198 0 0.992506 0.000203182 1.90851 0.563191</i>
                        <i>0.993884 0 0.110432 0 1 0 -0.110432 0 0.993884 0.000203182 1.90851 0.563191</i>
                        <i>0.995155 0 0.0983169 0 1 0 -0.0983169 0 0.995155 0.000203182 1.90851 0.563191</i>
                        <i>0.9963 0 0.0859458 0 1 0 -0.0859458 0 0.9963 0.000203182 1.90851 0.563191</i>
                        <i>0.997302 0 0.0734109 0 1 0 -0.0734109 0 0.997302 0.000203182 1.90851 0.563191</i>
                        <i>0.99815 0 0.0608054 0 1 0 -0.0608054 0 0.99815 0.000203182 1.90851 0.563191</i>
                        <i>0.998837 0 0.0482229 0 1 0 -0.0482229 0 0.998837 0.000203182 1.90851 0.563191</i>
                        <i>0.999361 0 0.0357572 0 1 0 -0.0357572 0 0.999361 0.000203182 1.90851 0.563191</i>
                        <i>0.999724 0 0.0235022 0 1 0 -0.0235022 0 0.999724 0.000203182 1.90851 0.563191</i>
                        <i>0.999933 0 0.0115519 0 1 0 -0.0115519 0 0.999933 0.000203182 1.90851 0.563191</i>
                        <i>1 0 0 0 1 0 0 0 1 0.000203182 1.90851 0.563191</i>
                    </KeyFrames>
                </p>
            </i>
            <i>
                <p>
                    <Name>
                        <![CDATA[pitch]]>
</Name>
                    <Exclude>0</Exclude>
                    <Additive>0</Additive>
                    <IKPriority>0</IKPriority>
                    <IKRotLimits>-1e+010 -1e+010 -1e+010 1e+010 1e+010 1e+010</IKRotLimits>
                    <IKRotLimitOrder>0</IKRotLimitOrder>
                    <KeyFrames count="97">
                        <i>1 0 0 0 1 0 0 0 1 0.000203182 2.04914 0.563191</i>
                        <i>0.999945 0 -0.0104669 2.09337e-005 0.999998 0.00199989 0.0104668 -0.002 0.999943 0.000203182 2.04914 0.563191</i>
                        <i>0.999761 0 -0.0218628 9.25286e-005 0.999991 0.00423123 0.0218626 -0.00423224 0.999752 0.000203182 2.04914 0.563191</i>
                        <i>0.99942 0 -0.034053 0.000225407 0.999978 0.00661546 0.0340522 -0.0066193 0.999398 0.000203182 2.04914 0.563191</i>
                        <i>0.9989 0 -0.046902 0.000426045 0.999959 0.00907374 0.0469 -0.00908374 0.998858 0.000203182 2.04914 0.563191</i>
                        <i>0.998182 0 -0.0602739 0.00069605 0.999933 0.0115271 0.0602699 -0.0115481 0.998115 0.000203182 2.04914 0.563191</i>
                        <i>0.997256 0 -0.0740328 0.00103165 0.999903 0.0138968 0.0740256 -0.013935 0.997159 0.000203182 2.04914 0.563191</i>
                        <i>0.996117 0 -0.0880423 0.00142338 0.999869 0.0161042 0.0880308 -0.016167 0.995987 0.000203182 2.04914 0.563191</i>
                        <i>0.994767 0 -0.102167 0.00185603 0.999835 0.0180717 0.10215 -0.0181667 0.994603 0.000203182 2.04914 0.563191</i>
                        <i>0.993218 0 -0.116271 0.00230875 0.999803 0.0197221 0.116248 -0.0198567 0.993022 0.000203182 2.04914 0.563191</i>
                        <i>0.991485 0 -0.130219 0.0027554 0.999776 0.0209795 0.13019 -0.0211597 0.991263 0.000203182 2.04914 0.563191</i>
                        <i>0.989595 0 -0.143879 0.00316508 0.999758 0.0217693 0.143844 -0.0219982 0.989356 0.000203182 2.04914 0.563191</i>
                        <i>0.98758 0 -0.157118 0.00350292 0.999751 0.022018 0.157079 -0.0222949 0.987334 0.000203182 2.04914 0.563191</i>
                        <i>0.985478 0 -0.169804 0.00373707 0.999758 0.0216885 0.169763 -0.0220081 0.985239 0.000203182 2.04914 0.563191</i>
                        <i>0.983334 0 -0.181809 0.00385074 0.999776 0.0208271 0.181768 -0.0211801 0.983113 0.000203182 2.04914 0.563191</i>
                        <i>0.981198 0 -0.193005 0.00383302 0.999803 0.0194863 0.192967 -0.0198597 0.981004 0.000203182 2.04914 0.563191</i>
                        <i>0.979124 0 -0.203264 0.00367821 0.999836 0.0177179 0.203231 -0.0180957 0.978964 0.000203182 2.04914 0.563191</i>
                        <i>0.977169 0 -0.212462 0.00338596 0.999873 0.0155729 0.212435 -0.0159368 0.977045 0.000203182 2.04914 0.563191</i>
                        <i>0.975393 0 -0.220475 0.00296134 0.99991 0.0131011 0.220455 -0.0134316 0.975305 0.000203182 2.04914 0.563191</i>
                        <i>0.973853 0 -0.227179 0.0024147 0.999943 0.0103512 0.227166 -0.0106291 0.973798 0.000203182 2.04914 0.563191</i>
                        <i>0.972608 0 -0.23245 0.00176148 0.999971 0.00737033 0.232443 -0.0075779 0.97258 0.000203182 2.04914 0.563191</i>
                        <i>0.971713 0 -0.236165 0.00102185 0.999991 0.00420447 0.236162 -0.00432687 0.971704 0.000203182 2.04914 0.563191</i>
                        <i>0.971217 0 -0.238198 0.000220283 1 0.000898171 0.238198 -0.000924789 0.971216 0.000203182 2.04914 0.563191</i>
                        <i>0.971161 0 -0.238423 -0.000615015 0.999997 -0.00250512 0.238423 0.00257951 0.971158 0.000203182 2.04914 0.563191</i>
                        <i>0.97158 0 -0.236712 -0.00145275 0.999981 -0.00596279 0.236708 0.00613721 0.971562 0.000203182 2.04914 0.563191</i>
                        <i>0.972329 0 -0.233616 -0.00226595 0.999953 -0.00943108 0.233605 0.00969947 0.972283 0.000203182 2.04914 0.563191</i>
                        <i>0.97324 0 -0.229793 -0.00303728 0.999913 -0.0128638 0.229773 0.0132175 0.973154 0.000203182 2.04914 0.563191</i>
                        <i>0.974296 0 -0.225273 -0.00374908 0.999861 -0.0162146 0.225242 0.0166424 0.974161 0.000203182 2.04914 0.563191</i>
                        <i>0.975481 0 -0.220084 -0.00438528 0.999801 -0.0194369 0.22004 0.0199255 0.975287 0.000203182 2.04914 0.563191</i>
                        <i>0.976778 0 -0.214256 -0.00493172 0.999735 -0.0224834 0.214199 0.0230179 0.976519 0.000203182 2.04914 0.563191</i>
                        <i>0.978168 0 -0.207817 -0.0053764 0.999665 -0.0253061 0.207747 0.0258709 0.97784 0.000203182 2.04914 0.563191</i>
                        <i>0.979633 0 -0.200796 -0.00570978 0.999596 -0.0278566 0.200715 0.0284357 0.979237 0.000203182 2.04914 0.563191</i>
                        <i>0.981155 0 -0.193223 -0.00592492 0.99953 -0.0300859 0.193132 0.0306637 0.980694 0.000203182 2.04914 0.563191</i>
                        <i>0.982715 0 -0.185126 -0.00601772 0.999472 -0.0319442 0.185028 0.0325061 0.982195 0.000203182 2.04914 0.563191</i>
                        <i>0.984294 0 -0.176535 -0.00598705 0.999425 -0.0333816 0.176433 0.0339142 0.983728 0.000203182 2.04914 0.563191</i>
                        <i>0.985875 0 -0.16748 -0.0058349 0.999393 -0.0343473 0.167378 0.0348394 0.985277 0.000203182 2.04914 0.563191</i>
                        <i>0.987441 0 -0.157991 -0.00556648 0.999379 -0.0347904 0.157893 0.0352329 0.986827 0.000203182 2.04914 0.563191</i>
                        <i>0.988973 0 -0.148098 -0.0051941 0.999385 -0.0346853 0.148007 0.035072 0.988364 0.000203182 2.04914 0.563191</i>
                        <i>0.990456 0 -0.137832 -0.00474106 0.999408 -0.0340689 0.137751 0.0343972 0.989869 0.000203182 2.04914 0.563191</i>
                        <i>0.991874 0 -0.127225 -0.00423084 0.999447 -0.0329845 0.127155 0.0332548 0.991325 0.000203182 2.04914 0.563191</i>
                        <i>0.993213 0 -0.116308 -0.00368587 0.999498 -0.0314757 0.116249 0.0316907 0.992714 0.000203182 2.04914 0.563191</i>
                        <i>0.99446 0 -0.105111 -0.00312721 0.999557 -0.0295865 0.105065 0.0297513 0.99402 0.000203182 2.04914 0.563191</i>
                        <i>0.995603 0 -0.0936692 -0.00257429 0.999622 -0.0273619 0.0936338 0.0274828 0.995227 0.000203182 2.04914 0.563191</i>
                        <i>0.996631 0 -0.0820131 -0.00204468 0.999689 -0.0248472 0.0819876 0.0249312 0.996321 0.000203182 2.04914 0.563191</i>
                        <i>0.997535 0 -0.070176 -0.00155388 0.999755 -0.0220881 0.0701588 0.0221427 0.99729 0.000203182 2.04914 0.563191</i>
                        <i>0.998305 0 -0.0581909 -0.00111515 0.999816 -0.0191311 0.0581803 0.0191636 0.998122 0.000203182 2.04914 0.563191</i>
                        <i>0.998937 0 -0.0460912 -0.00073931 0.999871 -0.0160231 0.0460853 0.0160401 0.998809 0.000203182 2.04914 0.563191</i>
                        <i>0.999425 0 -0.0339102 -0.000434678 0.999918 -0.0128111 0.0339074 0.0128185 0.999343 0.000203182 2.04914 0.563191</i>
                        <i>0.999765 0 -0.0216816 -0.00020695 0.999954 -0.00954274 0.0216806 0.00954499 0.999719 0.000203182 2.04914 0.563191</i>
                        <i>0.999955 0 -0.00943893 -5.91429e-005 0.99998 -0.00626557 0.00943874 0.00626585 0.999936 0.000203182 2.04914 0.563191</i>
                        <i>0.999996 0 0.002784 8.42816e-006 0.999995 -0.00302735 -0.00278399 0.00302736 0.999992 0.000203182 2.04914 0.563191</i>
                        <i>0.999888 0 0.0149535 -1.85739e-006 1 0.000124197 -0.0149535 -0.000124211 0.999888 0.000203182 2.04914 0.563191</i>
                        <i>0.999634 0 0.027036 -8.49621e-005 0.999995 0.00314141 -0.0270358 -0.00314256 0.999629 0.000203182 2.04914 0.563191</i>
                        <i>0.999239 0 0.0389977 -0.000233262 0.999982 0.00597689 -0.038997 -0.00598144 0.999221 0.000203182 2.04914 0.563191</i>
                        <i>0.998709 0 0.0508054 -0.000436651 0.999963 0.00858348 -0.0508035 -0.00859458 0.998672 0.000203182 2.04914 0.563191</i>
                        <i>0.99805 0 0.0624259 -0.000682674 0.99994 0.0109144 -0.0624221 -0.0109358 0.99799 0.000203182 2.04914 0.563191</i>
                        <i>0.997271 0 0.0738259 -0.00095669 0.999916 0.0129234 -0.0738197 -0.0129587 0.997187 0.000203182 2.04914 0.563191</i>
                        <i>0.996383 0 0.0849729 -0.00124207 0.999893 0.0145644 -0.0849639 -0.0146173 0.996277 0.000203182 2.04914 0.563191</i>
                        <i>0.995397 0 0.0958344 -0.00152043 0.999874 0.0157921 -0.0958223 -0.0158651 0.995272 0.000203182 2.04914 0.563191</i>
                        <i>0.994326 0 0.106378 -0.00177185 0.999861 0.0165617 -0.106363 -0.0166562 0.994188 0.000203182 2.04914 0.563191</i>
                        <i>0.993182 0 0.116572 -0.00197521 0.999856 0.0168286 -0.116555 -0.0169441 0.99304 0.000203182 2.04914 0.563191</i>
                        <i>0.991981 0 0.126385 -0.00211117 0.99986 0.0165703 -0.126367 -0.0167043 0.991843 0.000203182 2.04914 0.563191</i>
                        <i>0.990738 0 0.135786 -0.00216885 0.999872 0.0158246 -0.135768 -0.0159726 0.990612 0.000203182 2.04914 0.563191</i>
