<?xml version="1.0" encoding="ISO-8859-1" ?>
<Animl Version="1">
    <ModellingPackage><![CDATA[Maya.2010]]></ModellingPackage>
    <SrcFile><![CDATA[anims\turrets\machinegun\blue\~src\mgun_m2browning\mgun_m2browning_reload_low.mb]]></SrcFile>
    <FramesPerSecond>30</FramesPerSecond>
    <TotalFrames>107</TotalFrames>
    <Skeleton>
        <RefFrame>
            <Name><![CDATA[m2browning_ref_frame]]></Name>
            <Exclude>0</Exclude>
            <Additive>0</Additive>
            <IKPriority>0</IKPriority>
            <IKRotLimits>-1e+010 -1e+010 -1e+010 1e+010 1e+010 1e+010</IKRotLimits>
            <IKRotLimitOrder>0</IKRotLimitOrder>
            <KeyFrames count="107">
                <i>1 0 0 0 1 0 0 0 1 0 0.87 0</i>
                <i>1 0 0 0 1 0 0 0 1 0 0.87 0</i>
                <i>1 0 0 0 1 0 0 0 1 0 0.87 0</i>
                <i>1 0 0 0 1 0 0 0 1 0 0.87 0</i>
                <i>1 0 0 0 1 0 0 0 1 0 0.87 0</i>
                <i>1 0 0 0 1 0 0 0 1 0 0.87 0</i>
                <i>1 0 0 0 1 0 0 0 1 0 0.87 0</i>
                <i>1 0 0 0 1 0 0 0 1 0 0.87 0</i>
                <i>1 0 0 0 1 0 0 0 1 0 0.87 0</i>
                <i>1 0 0 0 1 0 0 0 1 0 0.87 0</i>
                <i>1 0 0 0 1 0 0 0 1 0 0.87 0</i>
                <i>1 0 0 0 1 0 0 0 1 0 0.87 0</i>
                <i>1 0 0 0 1 0 0 0 1 0 0.87 0</i>
                <i>1 0 0 0 1 0 0 0 1 0 0.87 0</i>
                <i>1 0 0 0 1 0 0 0 1 0 0.87 0</i>
                <i>1 0 0 0 1 0 0 0 1 0 0.87 0</i>
                <i>1 0 0 0 1 0 0 0 1 0 0.87 0</i>
                <i>1 0 0 0 1 0 0 0 1 0 0.87 0</i>
                <i>1 0 0 0 1 0 0 0 1 0 0.87 0</i>
                <i>1 0 0 0 1 0 0 0 1 0 0.87 0</i>
                <i>1 0 0 0 1 0 0 0 1 0 0.87 0</i>
                <i>1 0 0 0 1 0 0 0 1 0 0.87 0</i>
                <i>1 0 0 0 1 0 0 0 1 0 0.87 0</i>
                <i>1 0 0 0 1 0 0 0 1 0 0.87 0</i>
                <i>1 0 0 0 1 0 0 0 1 0 0.87 0</i>
                <i>1 0 0 0 1 0 0 0 1 0 0.87 0</i>
                <i>1 0 0 0 1 0 0 0 1 0 0.87 0</i>
                <i>1 0 0 0 1 0 0 0 1 0 0.87 0</i>
                <i>1 0 0 0 1 0 0 0 1 0 0.87 0</i>
                <i>1 0 0 0 1 0 0 0 1 0 0.87 0</i>
                <i>1 0 0 0 1 0 0 0 1 0 0.87 0</i>
                <i>1 0 0 0 1 0 0 0 1 0 0.87 0</i>
                <i>1 0 0 0 1 0 0 0 1 0 0.87 0</i>
                <i>1 0 0 0 1 0 0 0 1 0 0.87 0</i>
                <i>1 0 0 0 1 0 0 0 1 0 0.87 0</i>
                <i>1 0 0 0 1 0 0 0 1 0 0.87 0</i>
                <i>1 0 0 0 1 0 0 0 1 0 0.87 0</i>
                <i>1 0 0 0 1 0 0 0 1 0 0.87 0</i>
                <i>1 0 0 0 1 0 0 0 1 0 0.87 0</i>
                <i>1 0 0 0 1 0 0 0 1 0 0.87 0</i>
                <i>1 0 0 0 1 0 0 0 1 0 0.87 0</i>
                <i>1 0 0 0 1 0 0 0 1 0 0.87 0</i>
                <i>1 0 0 0 1 0 0 0 1 0 0.87 0</i>
                <i>1 0 0 0 1 0 0 0 1 0 0.87 0</i>
                <i>1 0 0 0 1 0 0 0 1 0 0.87 0</i>
                <i>1 0 0 0 1 0 0 0 1 0 0.87 0</i>
                <i>1 0 0 0 1 0 0 0 1 0 0.87 0</i>
                <i>1 0 0 0 1 0 0 0 1 0 0.87 0</i>
                <i>1 0 0 0 1 0 0 0 1 0 0.87 0</i>
                <i>1 0 0 0 1 0 0 0 1 0 0.87 0</i>
                <i>1 0 0 0 1 0 0 0 1 0 0.87 0</i>
                <i>1 0 0 0 1 0 0 0 1 0 0.87 0</i>
                <i>1 0 0 0 1 0 0 0 1 0 0.87 0</i>
                <i>1 0 0 0 1 0 0 0 1 0 0.87 0</i>
                <i>1 0 0 0 1 0 0 0 1 0 0.87 0</i>
                <i>1 0 0 0 1 0 0 0 1 0 0.87 0</i>
                <i>1 0 0 0 1 0 0 0 1 0 0.87 0</i>
                <i>1 0 0 0 1 0 0 0 1 0 0.87 0</i>
                <i>1 0 0 0 1 0 0 0 1 0 0.87 0</i>
                <i>1 0 0 0 1 0 0 0 1 0 0.87 0</i>
                <i>1 0 0 0 1 0 0 0 1 0 0.87 0</i>
                <i>1 0 0 0 1 0 0 0 1 0 0.87 0</i>
                <i>1 0 0 0 1 0 0 0 1 0 0.87 0</i>
                <i>1 0 0 0 1 0 0 0 1 0 0.87 0</i>
                <i>1 0 0 0 1 0 0 0 1 0 0.87 0</i>
                <i>1 0 0 0 1 0 0 0 1 0 0.87 0</i>
                <i>1 0 0 0 1 0 0 0 1 0 0.87 0</i>
                <i>1 0 0 0 1 0 0 0 1 0 0.87 0</i>
                <i>1 0 0 0 1 0 0 0 1 0 0.87 0</i>
                <i>1 0 0 0 1 0 0 0 1 0 0.87 0</i>
                <i>1 0 0 0 1 0 0 0 1 0 0.87 0</i>
                <i>1 0 0 0 1 0 0 0 1 0 0.87 0</i>
                <i>1 0 0 0 1 0 0 0 1 0 0.87 0</i>
                <i>1 0 0 0 1 0 0 0 1 0 0.87 0</i>
                <i>1 0 0 0 1 0 0 0 1 0 0.87 0</i>
                <i>1 0 0 0 1 0 0 0 1 0 0.87 0</i>
                <i>1 0 0 0 1 0 0 0 1 0 0.87 0</i>
                <i>1 0 0 0 1 0 0 0 1 0 0.87 0</i>
                <i>1 0 0 0 1 0 0 0 1 0 0.87 0</i>
                <i>1 0 0 0 1 0 0 0 1 0 0.87 0</i>
                <i>1 0 0 0 1 0 0 0 1 0 0.87 0</i>
                <i>1 0 0 0 1 0 0 0 1 0 0.87 0</i>
                <i>1 0 0 0 1 0 0 0 1 0 0.87 0</i>
                <i>1 0 0 0 1 0 0 0 1 0 0.87 0</i>
                <i>1 0 0 0 1 0 0 0 1 0 0.87 0</i>
                <i>1 0 0 0 1 0 0 0 1 0 0.87 0</i>
                <i>1 0 0 0 1 0 0 0 1 0 0.87 0</i>
                <i>1 0 0 0 1 0 0 0 1 0 0.87 0</i>
                <i>1 0 0 0 1 0 0 0 1 0 0.87 0</i>
                <i>1 0 0 0 1 0 0 0 1 0 0.87 0</i>
                <i>1 0 0 0 1 0 0 0 1 0 0.87 0</i>
                <i>1 0 0 0 1 0 0 0 1 0 0.87 0</i>
                <i>1 0 0 0 1 0 0 0 1 0 0.87 0</i>
                <i>1 0 0 0 1 0 0 0 1 0 0.87 0</i>
                <i>1 0 0 0 1 0 0 0 1 0 0.87 0</i>
                <i>1 0 0 0 1 0 0 0 1 0 0.87 0</i>
                <i>1 0 0 0 1 0 0 0 1 0 0.87 0</i>
                <i>1 0 0 0 1 0 0 0 1 0 0.87 0</i>
                <i>1 0 0 0 1 0 0 0 1 0 0.87 0</i>
                <i>1 0 0 0 1 0 0 0 1 0 0.87 0</i>
                <i>1 0 0 0 1 0 0 0 1 0 0.87 0</i>
                <i>1 0 0 0 1 0 0 0 1 0 0.87 0</i>
                <i>1 0 0 0 1 0 0 0 1 0 0.87 0</i>
                <i>1 0 0 0 1 0 0 0 1 0 0.87 0</i>
                <i>1 0 0 0 1 0 0 0 1 0 0.87 0</i>
                <i>1 0 0 0 1 0 0 0 1 0 0.87 0</i>
                <i>1 0 0 0 1 0 0 0 1 0 0.87 0</i>
            </KeyFrames>
        </RefFrame>
        <Bones count="13">
            <i>
                <p>
                    <Name><![CDATA[m2browning_root]]></Name>
                    <Exclude>0</Exclude>
                    <Additive>0</Additive>
                    <IKPriority>0</IKPriority>
                    <IKRotLimits>-1e+010 -1e+010 -1e+010 1e+010 1e+010 1e+010</IKRotLimits>
                    <IKRotLimitOrder>0</IKRotLimitOrder>
                    <KeyFrames count="107">
                        <i>1 0 0 0 1 0 0 0 1 0 0.87 0</i>
                        <i>1 0 0 0 1 0 0 0 1 0 0.87 0</i>
                        <i>1 0 0 0 1 0 0 0 1 0 0.87 0</i>
                        <i>1 0 0 0 1 0 0 0 1 0 0.87 0</i>
                        <i>1 0 0 0 1 0 0 0 1 0 0.87 0</i>
                        <i>1 0 0 0 1 0 0 0 1 0 0.87 0</i>
                        <i>1 0 0 0 1 0 0 0 1 0 0.87 0</i>
                        <i>1 0 0 0 1 0 0 0 1 0 0.87 0</i>
                        <i>1 0 0 0 1 0 0 0 1 0 0.87 0</i>
                        <i>1 0 0 0 1 0 0 0 1 0 0.87 0</i>
                        <i>1 0 0 0 1 0 0 0 1 0 0.87 0</i>
                        <i>1 0 0 0 1 0 0 0 1 0 0.87 0</i>
                        <i>1 0 0 0 1 0 0 0 1 0 0.87 0</i>
                        <i>1 0 0 0 1 0 0 0 1 0 0.87 0</i>
                        <i>1 0 0 0 1 0 0 0 1 0 0.87 0</i>
                        <i>1 0 0 0 1 0 0 0 1 0 0.87 0</i>
                        <i>1 0 0 0 1 0 0 0 1 0 0.87 0</i>
                        <i>1 0 0 0 1 0 0 0 1 0 0.87 0</i>
                        <i>1 0 0 0 1 0 0 0 1 0 0.87 0</i>
                        <i>1 0 0 0 1 0 0 0 1 0 0.87 0</i>
                        <i>1 0 0 0 1 0 0 0 1 0 0.87 0</i>
                        <i>1 0 0 0 1 0 0 0 1 0 0.87 0</i>
                        <i>1 0 0 0 1 0 0 0 1 0 0.87 0</i>
                        <i>1 0 0 0 1 0 0 0 1 0 0.87 0</i>
                        <i>1 0 0 0 1 0 0 0 1 0 0.87 0</i>
                        <i>1 0 0 0 1 0 0 0 1 0 0.87 0</i>
                        <i>1 0 0 0 1 0 0 0 1 0 0.87 0</i>
                        <i>1 0 0 0 1 0 0 0 1 0 0.87 0</i>
                        <i>1 0 0 0 1 0 0 0 1 0 0.87 0</i>
                        <i>1 0 0 0 1 0 0 0 1 0 0.87 0</i>
                        <i>1 0 0 0 1 0 0 0 1 0 0.87 0</i>
                        <i>1 0 0 0 1 0 0 0 1 0 0.87 0</i>
                        <i>1 0 0 0 1 0 0 0 1 0 0.87 0</i>
                        <i>1 0 0 0 1 0 0 0 1 0 0.87 0</i>
                        <i>1 0 0 0 1 0 0 0 1 0 0.87 0</i>
                        <i>1 0 0 0 1 0 0 0 1 0 0.87 0</i>
                        <i>1 0 0 0 1 0 0 0 1 0 0.87 0</i>
                        <i>1 0 0 0 1 0 0 0 1 0 0.87 0</i>
                        <i>1 0 0 0 1 0 0 0 1 0 0.87 0</i>
                        <i>1 0 0 0 1 0 0 0 1 0 0.87 0</i>
                        <i>1 0 0 0 1 0 0 0 1 0 0.87 0</i>
                        <i>1 0 0 0 1 0 0 0 1 0 0.87 0</i>
                        <i>1 0 0 0 1 0 0 0 1 0 0.87 0</i>
                        <i>1 0 0 0 1 0 0 0 1 0 0.87 0</i>
                        <i>1 0 0 0 1 0 0 0 1 0 0.87 0</i>
                        <i>1 0 0 0 1 0 0 0 1 0 0.87 0</i>
                        <i>1 0 0 0 1 0 0 0 1 0 0.87 0</i>
                        <i>1 0 0 0 1 0 0 0 1 0 0.87 0</i>
                        <i>1 0 0 0 1 0 0 0 1 0 0.87 0</i>
                        <i>1 0 0 0 1 0 0 0 1 0 0.87 0</i>
                        <i>1 0 0 0 1 0 0 0 1 0 0.87 0</i>
                        <i>1 0 0 0 1 0 0 0 1 0 0.87 0</i>
                        <i>1 0 0 0 1 0 0 0 1 0 0.87 0</i>
                        <i>1 0 0 0 1 0 0 0 1 0 0.87 0</i>
                        <i>1 0 0 0 1 0 0 0 1 0 0.87 0</i>
                        <i>1 0 0 0 1 0 0 0 1 0 0.87 0</i>
                        <i>1 0 0 0 1 0 0 0 1 0 0.87 0</i>
                        <i>1 0 0 0 1 0 0 0 1 0 0.87 0</i>
                        <i>1 0 0 0 1 0 0 0 1 0 0.87 0</i>
                        <i>1 0 0 0 1 0 0 0 1 0 0.87 0</i>
                        <i>1 0 0 0 1 0 0 0 1 0 0.87 0</i>
                        <i>1 0 0 0 1 0 0 0 1 0 0.87 0</i>
                        <i>1 0 0 0 1 0 0 0 1 0 0.87 0</i>
                        <i>1 0 0 0 1 0 0 0 1 0 0.87 0</i>
                        <i>1 0 0 0 1 0 0 0 1 0 0.87 0</i>
                        <i>1 0 0 0 1 0 0 0 1 0 0.87 0</i>
                        <i>1 0 0 0 1 0 0 0 1 0 0.87 0</i>
                        <i>1 0 0 0 1 0 0 0 1 0 0.87 0</i>
                        <i>1 0 0 0 1 0 0 0 1 0 0.87 0</i>
                        <i>1 0 0 0 1 0 0 0 1 0 0.87 0</i>
                        <i>1 0 0 0 1 0 0 0 1 0 0.87 0</i>
                        <i>1 0 0 0 1 0 0 0 1 0 0.87 0</i>
                        <i>1 0 0 0 1 0 0 0 1 0 0.87 0</i>
                        <i>1 0 0 0 1 0 0 0 1 0 0.87 0</i>
                        <i>1 0 0 0 1 0 0 0 1 0 0.87 0</i>
                        <i>1 0 0 0 1 0 0 0 1 0 0.87 0</i>
                        <i>1 0 0 0 1 0 0 0 1 0 0.87 0</i>
                        <i>1 0 0 0 1 0 0 0 1 0 0.87 0</i>
                        <i>1 0 0 0 1 0 0 0 1 0 0.87 0</i>
                        <i>1 0 0 0 1 0 0 0 1 0 0.87 0</i>
                        <i>1 0 0 0 1 0 0 0 1 0 0.87 0</i>
                        <i>1 0 0 0 1 0 0 0 1 0 0.87 0</i>
                        <i>1 0 0 0 1 0 0 0 1 0 0.87 0</i>
                        <i>1 0 0 0 1 0 0 0 1 0 0.87 0</i>
                        <i>1 0 0 0 1 0 0 0 1 0 0.87 0</i>
                        <i>1 0 0 0 1 0 0 0 1 0 0.87 0</i>
                        <i>1 0 0 0 1 0 0 0 1 0 0.87 0</i>
                        <i>1 0 0 0 1 0 0 0 1 0 0.87 0</i>
                        <i>1 0 0 0 1 0 0 0 1 0 0.87 0</i>
                        <i>1 0 0 0 1 0 0 0 1 0 0.87 0</i>
                        <i>1 0 0 0 1 0 0 0 1 0 0.87 0</i>
                        <i>1 0 0 0 1 0 0 0 1 0 0.87 0</i>
                        <i>1 0 0 0 1 0 0 0 1 0 0.87 0</i>
                        <i>1 0 0 0 1 0 0 0 1 0 0.87 0</i>
                        <i>1 0 0 0 1 0 0 0 1 0 0.87 0</i>
                        <i>1 0 0 0 1 0 0 0 1 0 0.87 0</i>
                        <i>1 0 0 0 1 0 0 0 1 0 0.87 0</i>
                        <i>1 0 0 0 1 0 0 0 1 0 0.87 0</i>
                        <i>1 0 0 0 1 0 0 0 1 0 0.87 0</i>
                        <i>1 0 0 0 1 0 0 0 1 0 0.87 0</i>
                        <i>1 0 0 0 1 0 0 0 1 0 0.87 0</i>
                        <i>1 0 0 0 1 0 0 0 1 0 0.87 0</i>
                        <i>1 0 0 0 1 0 0 0 1 0 0.87 0</i>
                        <i>1 0 0 0 1 0 0 0 1 0 0.87 0</i>
                        <i>1 0 0 0 1 0 0 0 1 0 0.87 0</i>
                        <i>1 0 0 0 1 0 0 0 1 0 0.87 0</i>
                        <i>1 0 0 0 1 0 0 0 1 0 0.87 0</i>
                    </KeyFrames>
                </p>
            </i>
            <i>
                <p>
                    <Name><![CDATA[body]]></Name>
                    <Exclude>0</Exclude>
                    <Additive>0</Additive>
                    <IKPriority>0</IKPriority>
                    <IKRotLimits>-1e+010 -1e+010 -1e+010 1e+010 1e+010 1e+010</IKRotLimits>
                    <IKRotLimitOrder>0</IKRotLimitOrder>
                    <KeyFrames count="107">
                        <i>1 0 0 0 1 0 0 0 1 0.000203182 1.79119 0.563191</i>
                        <i>1 0 0 0 0.999786 -0.0207002 0 0.0207002 0.999786 0.000203182 1.67996 0.563191</i>
                        <i>1 0 0 0 0.999361 -0.0357498 0 0.0357498 0.999361 0.000203182 1.78037 0.563191</i>
                        <i>1 0 0 0 0.998709 -0.0507914 0 0.0507914 0.998709 0.000203182 1.8743 0.563191</i>
                        <i>1 0 0 0 0.998613 -0.0526578 0 0.0526578 0.998613 0.000203182 1.85179 0.563191</i>
                        <i>1 0 0 0 0.998424 -0.0561236 0 0.0561236 0.998424 0.000203182 1.79265 0.563191</i>
                        <i>1 0 0 0 0.998317 -0.0579895 0 0.0579895 0.998317 0.000203182 1.75374 0.563191</i>
                        <i>1 0 0 0 0.999322 -0.0368104 0 0.0368104 0.999322 0.000203182 1.75886 0.563191</i>
                        <i>1 0 0 0 0.999997 0.00255898 0 -0.00255898 0.999997 0.000203182 1.78421 0.563191</i>
                        <i>1 0 0 0 0.999718 0.0237601 0 -0.0237601 0.999718 0.000203182 1.81531 0.563191</i>
                        <i>1 0 0 0 0.999773 0.0212895 0 -0.0212895 0.999773 0.000203182 1.83741 0.563191</i>
                        <i>1 0 0 0 0.999881 0.0153974 0 -0.0153974 0.999881 0.000203182 1.84567 0.563191</i>
                        <i>1 0 0 0 0.999965 0.00836425 0 -0.00836425 0.999965 0.000203182 1.84048 0.563191</i>
                        <i>1 0 0 0 0.999997 0.00247128 0 -0.00247128 0.999997 0.000203182 1.8222 0.563191</i>
                        <i>1 0 0 0 1 0 0 0 1 0.000203182 1.79119 0.563191</i>
                        <i>1 0 0 0 1 0 0 0 1 0.000203182 1.76533 0.563191</i>
                        <i>1 0 0 0 1 0 0 0 1 0.000203182 1.75809 0.563191</i>
                        <i>1 0 0 0 1 0 0 0 1 0.000203182 1.76326 0.563191</i>
                        <i>1 0 0 0 1 0 0 0 1 0.000203182 1.77464 0.563191</i>
                        <i>1 0 0 0 1 0 0 0 1 0.000203182 1.78602 0.563191</i>
                        <i>1 0 0 0 1 0 0 0 1 0.000203182 1.79119 0.563191</i>
                        <i>1 0 0 0 1 0 0 0 1 0.000203182 1.79119 0.563191</i>
                        <i>1 0 0 0 1 0 0 0 1 0.000203182 1.79119 0.563191</i>
                        <i>1 0 0 0 1 0 0 0 1 0.000203182 1.79119 0.563191</i>
                        <i>1 0 0 0 1 0 0 0 1 0.000203182 1.79119 0.563191</i>
                        <i>1 0 0 0 1 0 0 0 1 0.000203182 1.79119 0.563191</i>
                        <i>1 0 0 0 1 0 0 0 1 0.000203182 1.79119 0.563191</i>
                        <i>1 0 0 0 1 0 0 0 1 0.000203182 1.79119 0.563191</i>
                        <i>1 0 0 0 1 0 0 0 1 0.000203182 1.79119 0.563191</i>
                        <i>1 0 0 0 1 0 0 0 1 0.000203182 1.79119 0.563191</i>
                        <i>1 0 0 0 1 0 0 0 1 0.000203182 1.79119 0.563191</i>
                        <i>1 0 0 0 1 0 0 0 1 0.000203182 1.79119 0.563191</i>
                        <i>1 0 0 0 1 0 0 0 1 0.000203182 1.79119 0.563191</i>
                        <i>1 0 0 0 1 0 0 0 1 0.000203182 1.79119 0.563191</i>
                        <i>1 0 0 0 1 0 0 0 1 0.000203182 1.79119 0.563191</i>
                        <i>1 0 0 0 1 0 0 0 1 0.000203182 1.79119 0.563191</i>
                        <i>1 0 0 0 1 0 0 0 1 0.000203182 1.79119 0.563191</i>
                        <i>1 0 0 0 1 0 0 0 1 0.000203182 1.79119 0.563191</i>
                        <i>1 0 0 0 1 0 0 0 1 0.000203182 1.79119 0.563191</i>
                        <i>1 0 0 0 1 0 0 0 1 0.000203182 1.79119 0.563191</i>
                        <i>1 0 0 0 1 0 0 0 1 0.000203182 1.79119 0.563191</i>
                        <i>1 0 0 0 1 0 0 0 1 0.000203182 1.79119 0.563191</i>
                        <i>1 0 0 0 1 0 0 0 1 0.000203182 1.79119 0.563191</i>
                        <i>1 0 0 0 1 0 0 0 1 0.000203182 1.79119 0.563191</i>
                        <i>1 0 0 0 1 0 0 0 1 0.000203182 1.79119 0.563191</i>
                        <i>1 0 0 0 1 0 0 0 1 0.000203182 1.7641 0.563191</i>
                        <i>1 0 0 0 1 0 0 0 1 0.000203182 1.70652 0.563191</i>
                        <i>1 0 0 0 1 0 0 0 1 0.000203182 1.65402 0.563191</i>
                        <i>1 0 0 0 1 0 0 0 1 0.000203182 1.64215 0.563191</i>
                        <i>1 0 0 0 1 0 0 0 1 0.000203182 1.76767 0.563191</i>
                        <i>1 0 0 0 1 0 0 0 1 0.000203182 1.91301 0.563191</i>
                        <i>1 0 0 0 1 0 0 0 1 0.000203182 1.91993 0.563191</i>
                        <i>1 0 0 0 1 0 0 0 1 0.000203182 1.88193 0.563191</i>
                        <i>1 0 0 0 1 0 0 0 1 0.000203182 1.84397 0.563191</i>
                        <i>1 0 0 0 1 0 0 0 1 0.000203182 1.79823 0.563191</i>
                        <i>1 0 0 0 1 0 0 0 1 0.000203182 1.75727 0.563191</i>
                        <i>1 0 0 0 1 0 0 0 1 0.000203182 1.73366 0.563191</i>
                        <i>1 0 0 0 1 0 0 0 1 0.000203182 1.74593 0.561918</i>
                        <i>1 0 0 0 1 0 0 0 1 0.000203182 1.7816 0.555627</i>
                        <i>1 0 0 0 1 0 0 0 1 0.000203182 1.80661 0.540611</i>
                        <i>0.999988 0.00279685 -0.00396591 -0.00281984 0.999979 -0.005804 0.0039496 0.00581511 0.999975 0.000203182 1.79308 0.495214</i>
                        <i>0.999953 0.00559354 -0.00793177 -0.00568541 0.999916 -0.0116075 0.00786618 0.0116521 0.999901 0.000203182 1.77537 0.460124</i>
                        <i>0.999966 0.0047196 -0.00669245 -0.00478503 0.999941 -0.00979401 0.00664583 0.0098257 0.99993 0.000203182 1.77994 0.471188</i>
                        <i>0.999988 0.00279685 -0.00396592 -0.00281985 0.999979 -0.00580401 0.00394961 0.00581513 0.999975 0.000203182 1.79015 0.496336</i>
                        <i>0.999999 0.000874019 -0.00123935 -0.000876266 0.999998 -0.00181377 0.00123776 0.00181485 0.999998 0.000203182 1.80079 0.5235</i>
                        <i>1 0 0 0 1 0 0 0 1 0.000203182 1.80661 0.540611</i>
                        <i>0.999999 0.000725117 -0.00102821 -0.000726663 0.999999 -0.00150476 0.00102711 0.00150551 0.999998 0.000203182 1.80229 0.53796</i>
                        <i>0.999994 0.00207175 -0.00293773 -0.00208437 0.999989 -0.00429929 0.00292879 0.00430539 0.999986 0.000203182 1.79252 0.52459</i>
                        <i>0.999988 0.00279685 -0.00396592 -0.00281985 0.999979 -0.00580401 0.00394961 0.00581513 0.999975 0.000203182 1.78708 0.516563</i>
                        <i>0.999992 0.00235985 -0.00334625 -0.00237623 0.999985 -0.00489716 0.00333465 0.00490507 0.999982 0.000203182 1.79041 0.520321</i>
                        <i>0.999997 0.00139844 -0.00198297 -0.00140419 0.999995 -0.00290204 0.0019789 0.00290482 0.999994 0.000203182 1.79759 0.528587</i>
                        <i>1 0.000437017 -0.000619683 -0.000437579 0.999999 -0.000906898 0.000619287 0.000907168 0.999999 0.000203182 1.80439 0.536854</i>
                        <i>1 0 0 0 1 0 0 0 1 0.000203182 1.80661 0.540611</i>
                        <i>1 0 0 0 1 0 0 0 1 0.000203182 1.80087 0.540611</i>
                        <i>1 0 0 0 1 0 0 0 1 0.000203182 1.79017 0.540611</i>
                        <i>1 0 0 0 1 0 0 0 1 0.000203182 1.77984 0.540611</i>
                        <i>1 0 0 0 1 0 0 0 1 0.000203182 1.77521 0.540611</i>
                        <i>1 0 0 0 1 0 0 0 1 0.000203182 1.77641 0.540611</i>
                        <i>1 0 0 0 1 0 0 0 1 0.000203182 1.77961 0.540611</i>
                        <i>1 0 0 0 1 0 0 0 1 0.000203182 1.7842 0.540611</i>
                        <i>1 0 0 0 1 0 0 0 1 0.000203182 1.78956 0.540611</i>
                        <i>1 0 0 0 1 0 0 0 1 0.000203182 1.7951 0.540611</i>
                        <i>1 0 0 0 1 0 0 0 1 0.000203182 1.80019 0.540611</i>
                        <i>1 0 0 0 1 0 0 0 1 0.000203182 1.80423 0.540611</i>
                        <i>1 0 0 0 1 0 0 0 1 0.000203182 1.80661 0.540611</i>
                        <i>1 0 0 0 1 0 0 0 1 0.000203182 1.80499 0.540611</i>
                        <i>1 0 0 0 1 0 0 0 1 0.000203182 1.79966 0.540611</i>
                        <i>1 0 0 0 1 0 0 0 1 0.000203182 1.794 0.540611</i>
                        <i>1 0 0 0 1 0 0 0 1 0.000203182 1.79137 0.540611</i>
                        <i>1 0 0 0 1 0 0 0 1 0.000203182 1.79202 0.540611</i>
                        <i>1 0 0 0 1 0 0 0 1 0.000203182 1.79375 0.540611</i>
                        <i>1 0 0 0 1 0 0 0 1 0.000203182 1.7962 0.540611</i>
                        <i>1 0 0 0 1 0 0 0 1 0.000203182 1.799 0.540611</i>
                        <i>1 0 0 0 1 0 0 0 1 0.000203182 1.8018 0.540611</i>
                        <i>1 0 0 0 1 0 0 0 1 0.000203182 1.80424 0.540611</i>
                        <i>1 0 0 0 1 0 0 0 1 0.000203182 1.80596 0.540611</i>
                        <i>1 0 0 0 1 0 0 0 1 0.000203182 1.80661 0.540611</i>
                        <i>1 0 0 0 1 0 0 0 1 0.000203182 1.80631 0.54104</i>
                        <i>1 0 0 0 1 0 0 0 1 0.000203182 1.80549 0.542237</i>
                        <i>1 0 0 0 1 0 0 0 1 0.000203182 1.80424 0.544066</i>
                        <i>1 0 0 0 1 0 0 0 1 0.000203182 1.80265 0.546392</i>
                        <i>1 0 0 0 1 0 0 0 1 0.000203182 1.80082 0.549079</i>
                        <i>1 0 0 0 1 0 0 0 1 0.000203182 1.79883 0.551992</i>
                        <i>1 0 0 0 1 0 0 0 1 0.000203182 1.79678 0.554995</i>
                        <i>1 0 0 0 1 0 0 0 1 0.000203182 1.79477 0.557953</i>
                        <i>1 0 0 0 1 0 0 0 1 0.000203182 1.79287 0.56073</i>
                        <i>1 0 0 0 1 0 0 0 1 0.000203182 1.79119 0.563191</i>
                    </KeyFrames>
                </p>
            </i>
            <i>
                <p>
                    <Name><![CDATA[yaw]]></Name>
                    <Exclude>0</Exclude>
                    <Additive>0</Additive>
                    <IKPriority>0</IKPriority>
                    <IKRotLimits>-1e+010 -1e+010 -1e+010 1e+010 1e+010 1e+010</IKRotLimits>
                    <IKRotLimitOrder>0</IKRotLimitOrder>
                    <KeyFrames count="107">
                        <i>1 0 0 0 1 0 0 0 1 0.000203182 1.90851 0.563191</i>
                        <i>0.999476 0.000670192 0.0323692 0 0.999786 -0.0207002 -0.0323761 0.0206894 0.999262 0.000203182 1.79726 0.560763</i>
                        <i>0.997693 0.00242687 0.0678414 0 0.999361 -0.0357498 -0.0678848 0.0356674 0.997055 0.000203182 1.89761 0.558997</i>
                        <i>0.994649 0.00524714 0.103174 0 0.998709 -0.0507914 -0.103308 0.0505196 0.993366 0.000203182 1.99147 0.557233</i>
                        <i>0.990783 0.00713284 0.135268 0 0.998613 -0.0526578 -0.135456 0.0521725 0.989409 0.000203182 1.96894 0.557014</i>
                        <i>0.986921 0.00904726 0.160948 0 0.998424 -0.0561236 -0.161202 0.0553896 0.985366 0.000203182 1.90978 0.556607</i>
                        <i>0.984125 0.0102919 0.177179 0 0.998317 -0.0579895 -0.177478 0.057069 0.982469 0.000203182 1.87086 0.556388</i>
                        <i>0.982347 0.00688613 0.186943 0 0.999322 -0.0368104 -0.18707 0.0361606 0.981681 0.000203182 1.8761 0.558873</i>
                        <i>0.980937 -0.000497278 0.194326 0 0.999997 0.00255898 -0.194327 -0.0025102 0.980934 0.000203182 1.90153 0.563492</i>
                        <i>0.980091 -0.00471752 0.198492 0 0.999718 0.0237601 -0.198548 -0.0232871 0.979815 0.000203182 1.93259 0.565979</i>
                        <i>0.979993 -0.00423726 0.198986 0 0.999773 0.0212895 -0.199031 -0.0208635 0.979771 0.000203182 1.9547 0.565689</i>
                        <i>0.98079 -0.00300354 0.195045 0 0.999881 0.0153974 -0.195068 -0.0151016 0.980673 0.000203182 1.96298 0.564998</i>
                        <i>0.982562 -0.00155522 0.18593 0 0.999965 0.00836425 -0.185937 -0.00821839 0.982527 0.000203182 1.9578 0.564173</i>
                        <i>0.985289 -0.000422334 0.170896 0 0.999997 0.00247128 -0.170897 -0.00243493 0.985286 0.000203182 1.93952 0.563481</i>
                        <i>0.988809 0 0.149188 0 1 0 -0.149188 0 0.988809 0.000203182 1.90851 0.563191</i>
                        <i>0.99422 0 0.107359 0 1 0 -0.107359 0 0.99422 0.000203182 1.88265 0.563191</i>
                        <i>0.999136 0 0.0415503 0 1 0 -0.0415503 0 0.999136 0.000203182 1.87541 0.563191</i>
                        <i>0.999415 0 -0.0342142 0 1 0 0.0342142 0 0.999415 0.000203182 1.88058 0.563191</i>
                        <i>0.994415 0 -0.105542 0 1 0 0.105542 0 0.994415 0.000203182 1.89196 0.563191</i>
                        <i>0.987394 0 -0.158281 0 1 0 0.158281 0 0.987394 0.000203182 1.90334 0.563191</i>
                        <i>0.983878 0 -0.17884 0 1 0 0.17884 0 0.983878 0.000203182 1.90851 0.563191</i>
                        <i>0.983847 0 -0.179011 0 1 0 0.179011 0 0.983847 0.000203182 1.90851 0.563191</i>
                        <i>0.983757 0 -0.179505 0 1 0 0.179505 0 0.983757 0.000203182 1.90851 0.563191</i>
                        <i>0.983613 0 -0.180292 0 1 0 0.180292 0 0.983613 0.000203182 1.90851 0.563191</i>
                        <i>0.98342 0 -0.181343 0 1 0 0.181343 0 0.98342 0.000203182 1.90851 0.563191</i>
                        <i>0.983182 0 -0.182628 0 1 0 0.182628 0 0.983182 0.000203182 1.90851 0.563191</i>
                        <i>0.982904 0 -0.184119 0 1 0 0.184119 0 0.982904 0.000203182 1.90851 0.563191</i>
                        <i>0.98259 0 -0.185785 0 1 0 0.185785 0 0.98259 0.000203182 1.90851 0.563191</i>
                        <i>0.982246 0 -0.187596 0 1 0 0.187596 0 0.982246 0.000203182 1.90851 0.563191</i>
                        <i>0.981876 0 -0.189524 0 1 0 0.189524 0 0.981876 0.000203182 1.90851 0.563191</i>
                        <i>0.981485 0 -0.19154 0 1 0 0.19154 0 0.981485 0.000203182 1.90851 0.563191</i>
                        <i>0.981078 0 -0.193613 0 1 0 0.193613 0 0.981078 0.000203182 1.90851 0.563191</i>
                        <i>0.980661 0 -0.195714 0 1 0 0.195714 0 0.980661 0.000203182 1.90851 0.563191</i>
                        <i>0.980239 0 -0.197815 0 1 0 0.197815 0 0.980239 0.000203182 1.90851 0.563191</i>
                        <i>0.979819 0 -0.199885 0 1 0 0.199885 0 0.979819 0.000203182 1.90851 0.563191</i>
                        <i>0.979407 0 -0.201896 0 1 0 0.201896 0 0.979407 0.000203182 1.90851 0.563191</i>
                        <i>0.979009 0 -0.203819 0 1 0 0.203819 0 0.979009 0.000203182 1.90851 0.563191</i>
                        <i>0.978631 0 -0.205624 0 1 0 0.205624 0 0.978631 0.000203182 1.90851 0.563191</i>
                        <i>0.978281 0 -0.207282 0 1 0 0.207282 0 0.978281 0.000203182 1.90851 0.563191</i>
                        <i>0.977966 0 -0.208765 0 1 0 0.208765 0 0.977966 0.000203182 1.90851 0.563191</i>
                        <i>0.977692 0 -0.210043 0 1 0 0.210043 0 0.977692 0.000203182 1.90851 0.563191</i>
                        <i>0.977467 0 -0.211088 0 1 0 0.211088 0 0.977467 0.000203182 1.90851 0.563191</i>
                        <i>0.977298 0 -0.21187 0 1 0 0.21187 0 0.977298 0.000203182 1.90851 0.563191</i>
                        <i>0.977191 0 -0.212361 0 1 0 0.212361 0 0.977191 0.000203182 1.90851 0.563191</i>
                        <i>0.977154 0 -0.212531 0 1 0 0.212531 0 0.977154 0.000203182 1.90851 0.563191</i>
                        <i>0.976966 -0.0178213 -0.212648 0.0174628 0.999841 -0.00356424 0.212678 -0.000231299 0.977122 0.000203182 1.88142 0.563191</i>
                        <i>0.975445 -0.0563706 -0.212907 0.0552085 0.99841 -0.0114047 0.213211 -0.000629644 0.977006 0.000203182 1.82384 0.563191</i>
                        <i>0.972554 -0.0932695 -0.213166 0.0912657 0.995641 -0.0192435 0.214031 -0.000739379 0.976826 0.000203182 1.77134 0.563191</i>
                        <i>0.971188 -0.106322 -0.213283 0.103847 0.994332 -0.0228059 0.214499 -2.94903e-017 0.976724 0.000203182 1.75947 0.563191</i>
                        <i>0.976534 -0.0329124 -0.212832 0.0320693 0.999458 -0.00741309 0.212961 0.000413756 0.977061 0.000203182 1.88499 0.563191</i>
                        <i>0.976465 0.0375695 -0.212381 -0.0367112 0.999294 0.00798468 0.212531 -1.73472e-018 0.977154 0.000203182 2.03033 0.563191</i>
                        <i>0.976635 0.0327012 -0.2124 -0.0319542 0.999465 0.00694961 0.212514 -1.60766e-007 0.977158 0.000203182 2.03725 0.563191</i>
                        <i>0.976782 0.0278321 -0.21242 -0.0271964 0.999613 0.00591455 0.212502 -1.77873e-007 0.977161 0.000203182 1.99925 0.563191</i>
                        <i>0.976893 0.0234842 -0.212437 -0.0229478 0.999724 0.00499039 0.212496 -1.1272e-007 0.977162 0.000203182 1.96129 0.563191</i>
                        <i>0.977067 0.0139173 -0.212475 -0.0135995 0.999903 0.00295726 0.212496 1.16283e-007 0.977162 0.000203182 1.91555 0.563191</i>
                        <i>0.977148 0.00434924 -0.212513 -0.00424993 0.999991 0.000924133 0.212515 1.51285e-007 0.977158 0.000203182 1.87459 0.563191</i>
                        <i>0.977154 0 -0.212531 0 1 0 0.212531 0 0.977154 0.000203182 1.85098 0.563191</i>
                        <i>0.977154 0 -0.212531 0 1 0 0.212531 0 0.977154 0.000203182 1.86325 0.561918</i>
                        <i>0.977154 0 -0.212531 0 1 0 0.212531 0 0.977154 0.000203182 1.89892 0.555627</i>
                        <i>0.977154 0 -0.212531 0 1 0 0.212531 0 0.977154 0.000203182 1.92393 0.540611</i>
                        <i>0.976303 0.00149706 -0.216401 -0.00281984 0.999979 -0.005804 0.216388 0.00627668 0.976287 -0.000127642 1.91039 0.494533</i>
                        <i>0.975437 0.00298933 -0.22026 -0.00568541 0.999916 -0.0116075 0.220207 0.0125747 0.975372 -0.000463832 1.89268 0.458762</i>
                        <i>0.97849 0.002662 -0.206276 -0.00478503 0.999941 -0.00979401 0.206237 0.0105704 0.978445 -0.000358199 1.89725 0.470039</i>
                        <i>0.985721 0.00180235 -0.168378 -0.00281985 0.999979 -0.00580401 0.168364 0.00619594 0.985705 -0.000127643 1.90747 0.495655</i>
                        <i>0.993636 0.000666398 -0.112635 -0.000876266 0.999998 -0.00181377 0.112634 0.00190092 0.993635 0.000100378 1.91811 0.523287</i>
                        <i>0.99897 0 -0.0453771 0 1 0 0.0453771 0 0.99897 0.000203182 1.92393 0.540611</i>
                        <i>0.999624 0.000767641 0.027413 -0.000726663 0.999999 -0.00150476 -0.0274141 0.00148428 0.999623 0.00011793 1.91961 0.537783</i>
                        <i>0.994812 0.00251082 0.101699 -0.00208437 0.999989 -0.00429929 -0.101708 0.00406501 0.994806 -4.13569e-005 1.90984 0.524085</i>
                        <i>0.984775 0.0037857 0.173795 -0.00281985 0.999979 -0.00580401 -0.173813 0.00522557 0.984765 -0.000127643 1.9044 0.515882</i>
                        <i>0.970963 0.00347869 0.239203 -0.00237623 0.999985 -0.00489716 -0.239216 0.00418656 0.970957 -7.55972e-005 1.90773 0.519746</i>
                        <i>0.956364 0.00219082 0.292169 -0.00140419 0.999995 -0.00290204 -0.292174 0.00236515 0.956362 3.84421e-005 1.91491 0.528247</i>
                        <i>0.944829 0.000710503 0.327563 -0.000437579 0.999999 -0.000906898 -0.327563 0.000713529 0.944829 0.000151845 1.92172 0.536747</i>
                        <i>0.940253 0 0.340476 0 1 0 -0.340476 0 0.940253 0.000203182 1.92393 0.540611</i>
                        <i>0.940253 0 0.340476 0 1 0 -0.340476 0 0.940253 0.000203182 1.91819 0.540611</i>
                        <i>0.940253 0 0.340476 0 1 0 -0.340476 0 0.940253 0.000203182 1.90749 0.540611</i>
                        <i>0.940253 0 0.340476 0 1 0 -0.340476 0 0.940253 0.000203182 1.89716 0.540611</i>
                        <i>0.940253 0 0.340476 0 1 0 -0.340476 0 0.940253 0.000203182 1.89253 0.540611</i>
                        <i>0.940253 0 0.340476 0 1 0 -0.340476 0 0.940253 0.000203182 1.89373 0.540611</i>
                        <i>0.940253 0 0.340476 0 1 0 -0.340476 0 0.940253 0.000203182 1.89693 0.540611</i>
                        <i>0.940253 0 0.340476 0 1 0 -0.340476 0 0.940253 0.000203182 1.90152 0.540611</i>
                        <i>0.940253 0 0.340476 0 1 0 -0.340476 0 0.940253 0.000203182 1.90688 0.540611</i>
                        <i>0.940253 0 0.340476 0 1 0 -0.340476 0 0.940253 0.000203182 1.91242 0.540611</i>
                        <i>0.940253 0 0.340476 0 1 0 -0.340476 0 0.940253 0.000203182 1.91751 0.540611</i>
                        <i>0.940253 0 0.340476 0 1 0 -0.340476 0 0.940253 0.000203182 1.92155 0.540611</i>
                        <i>0.940253 0 0.340476 0 1 0 -0.340476 0 0.940253 0.000203182 1.92393 0.540611</i>
                        <i>0.940253 0 0.340476 0 1 0 -0.340476 0 0.940253 0.000203182 1.92231 0.540611</i>
                        <i>0.940253 0 0.340476 0 1 0 -0.340476 0 0.940253 0.000203182 1.91698 0.540611</i>
                        <i>0.940253 0 0.340476 0 1 0 -0.340476 0 0.940253 0.000203182 1.91132 0.540611</i>
                        <i>0.940253 0 0.340476 0 1 0 -0.340476 0 0.940253 0.000203182 1.90869 0.540611</i>
                        <i>0.940253 0 0.340476 0 1 0 -0.340476 0 0.940253 0.000203182 1.90934 0.540611</i>
                        <i>0.940253 0 0.340476 0 1 0 -0.340476 0 0.940253 0.000203182 1.91107 0.540611</i>
                        <i>0.940253 0 0.340476 0 1 0 -0.340476 0 0.940253 0.000203182 1.91352 0.540611</i>
                        <i>0.940253 0 0.340476 0 1 0 -0.340476 0 0.940253 0.000203182 1.91632 0.540611</i>
                        <i>0.940253 0 0.340476 0 1 0 -0.340476 0 0.940253 0.000203182 1.91912 0.540611</i>
                        <i>0.940253 0 0.340476 0 1 0 -0.340476 0 0.940253 0.000203182 1.92156 0.540611</i>
                        <i>0.940253 0 0.340476 0 1 0 -0.340476 0 0.940253 0.000203182 1.92328 0.540611</i>
                        <i>0.940253 0 0.340476 0 1 0 -0.340476 0 0.940253 0.000203182 1.92393 0.540611</i>
                        <i>0.94248 0 0.334262 0 1 0 -0.334262 0 0.94248 0.000203182 1.92363 0.54104</i>
                        <i>0.948475 0 0.316852 0 1 0 -0.316852 0 0.948475 0.000203182 1.92281 0.542237</i>
                        <i>0.957015 0 0.290038 0 1 0 -0.290038 0 0.957015 0.000203182 1.92156 0.544066</i>
                        <i>0.966779 0 0.255614 0 1 0 -0.255614 0 0.966779 0.000203182 1.91997 0.546392</i>
                        <i>0.976518 0 0.215437 0 1 0 -0.215437 0 0.976518 0.000203182 1.91814 0.549079</i>
                        <i>0.985189 0 0.17147 0 1 0 -0.17147 0 0.985189 0.000203182 1.91615 0.551992</i>
                        <i>0.992058 0 0.12578 0 1 0 -0.12578 0 0.992058 0.000203182 1.9141 0.554995</i>
                        <i>0.996753 0 0.0805147 0 1 0 -0.0805147 0 0.996753 0.000203182 1.91209 0.557953</i>
                        <i>0.999283 0 0.03786 0 1 0 -0.03786 0 0.999283 0.000203182 1.91019 0.56073</i>
                        <i>1 0 0 0 1 0 0 0 1 0.000203182 1.90851 0.563191</i>
                    </KeyFrames>
                </p>
            </i>
            <i>
                <p>
                    <Name><![CDATA[pitch]]></Name>
                    <Exclude>0</Exclude>
                    <Additive>0</Additive>
                    <IKPriority>0</IKPriority>
                    <IKRotLimits>-1e+010 -1e+010 -1e+010 1e+010 1e+010 1e+010</IKRotLimits>
                    <IKRotLimitOrder>0</IKRotLimitOrder>
                    <KeyFrames count="107">
                        <i>1 0 0 0 0.965926 0.258819 0 -0.258819 0.965926 0.000203182 2.04914 0.563191</i>
                        <i>0.999476 0.000670192 0.0323692 -0.00641548 0.98406 0.177719 -0.0317341 -0.177833 0.983549 0.000203182 1.93786 0.557852</i>
                        <i>0.997693 0.00242687 0.0678414 -0.0101986 0.993377 0.114447 -0.0671143 -0.114875 0.99111 0.000203182 2.03815 0.55397</i>
                        <i>0.994649 0.00524714 0.103174 -0.0100919 0.998868 0.0464913 -0.102814 -0.0472838 0.993576 0.000203182 2.13192 0.55009</i>
                        <i>0.990783 0.00713284 0.135268 -0.0066714 0.99997 -0.00386425 -0.135292 0.00292621 0.990802 0.000203182 2.10938 0.549608</i>
                        <i>0.986921 0.00904726 0.160948 -0.00221873 0.999092 -0.0425561 -0.161187 0.0416424 0.986045 0.000203182 2.05019 0.548714</i>
                        <i>0.984125 0.0102919 0.177179 0 0.998317 -0.0579895 -0.177478 0.057069 0.982469 0.000203182 2.01126 0.548233</i>
                        <i>0.982347 0.00688613 0.186943 0 0.999322 -0.0368104 -0.18707 0.0361606 0.981681 0.000203182 2.01663 0.553696</i>
                        <i>0.980937 -0.000497278 0.194326 0 0.999997 0.00255898 -0.194327 -0.0025102 0.980934 0.000203182 2.04216 0.563852</i>
                        <i>0.980091 -0.00471752 0.198492 0 0.999718 0.0237601 -0.198548 -0.0232871 0.979815 0.000203182 2.07318 0.56932</i>
                        <i>0.979993 -0.00423726 0.198986 0 0.999773 0.0212895 -0.199031 -0.0208635 0.979771 0.000203182 2.0953 0.568683</i>
                        <i>0.98079 -0.00300354 0.195045 0 0.999881 0.0153974 -0.195068 -0.0151016 0.980673 0.000203182 2.10359 0.567163</i>
                        <i>0.982562 -0.00155522 0.18593 0 0.999965 0.00836425 -0.185937 -0.00821839 0.982527 0.000203182 2.09842 0.565349</i>
                        <i>0.985289 -0.000422334 0.170896 0 0.999997 0.00247128 -0.170897 -0.00243493 0.985286 0.000203182 2.08015 0.563829</i>
                        <i>0.988809 0 0.149188 0 1 0 -0.149188 0 0.988809 0.000203182 2.04914 0.563191</i>
                        <i>0.99422 0 0.107359 0 1 0 -0.107359 0 0.99422 0.000203182 2.02328 0.563191</i>
                        <i>0.999136 0 0.0415503 0 1 0 -0.0415503 0 0.999136 0.000203182 2.01604 0.563191</i>
                        <i>0.999415 0 -0.0342142 0 1 0 0.0342142 0 0.999415 0.000203182 2.02121 0.563191</i>
                        <i>0.994415 0 -0.105542 0 1 0 0.105542 0 0.994415 0.000203182 2.03259 0.563191</i>
                        <i>0.987394 0 -0.158281 0 1 0 0.158281 0 0.987394 0.000203182 2.04397 0.563191</i>
                        <i>0.983878 0 -0.17884 0 1 0 0.17884 0 0.983878 0.000203182 2.04914 0.563191</i>
                        <i>0.983847 0 -0.179011 0 1 0 0.179011 0 0.983847 0.000203182 2.04914 0.563191</i>
                        <i>0.983757 0 -0.179505 0 1 0 0.179505 0 0.983757 0.000203182 2.04914 0.563191</i>
                        <i>0.983613 0 -0.180292 0 1 0 0.180292 0 0.983613 0.000203182 2.04914 0.563191</i>
                        <i>0.98342 0 -0.181343 0 1 0 0.181343 0 0.98342 0.000203182 2.04914 0.563191</i>
                        <i>0.983182 0 -0.182628 0 1 0 0.182628 0 0.983182 0.000203182 2.04914 0.563191</i>
                        <i>0.982904 0 -0.184119 0 1 0 0.184119 0 0.982904 0.000203182 2.04914 0.563191</i>
