<?xml version="1.0" encoding="ISO-8859-1" ?>
<Animl Version="1">
    <ModellingPackage><![CDATA[Maya.2010]]></ModellingPackage>
    <SrcFile><![CDATA[anims\preplaced\shared\~src\goalbox\goalbox_anotonov_death_sim02_baked.mb]]></SrcFile>
    <FramesPerSecond>30</FramesPerSecond>
    <TotalFrames>102</TotalFrames>
    <Skeleton>
        <RefFrame>
            <Name><![CDATA[goalbox_ref_frame]]></Name>
            <Exclude>0</Exclude>
            <Additive>0</Additive>
            <IKPriority>0</IKPriority>
            <IKRotLimits>-1e+010 -1e+010 -1e+010 1e+010 1e+010 1e+010</IKRotLimits>
            <IKRotLimitOrder>0</IKRotLimitOrder>
            <KeyFrames count="102">
                <i>1 0 0 0 1 0 0 0 1 0 0 0</i>
                <i>1 0 0 0 1 0 0 0 1 0 0 0</i>
                <i>1 0 0 0 1 0 0 0 1 0 0 0</i>
                <i>1 0 0 0 1 0 0 0 1 0 0 0</i>
                <i>1 0 0 0 1 0 0 0 1 0 0 0</i>
                <i>1 0 0 0 1 0 0 0 1 0 0 0</i>
                <i>1 0 0 0 1 0 0 0 1 0 0 0</i>
                <i>1 0 0 0 1 0 0 0 1 0 0 0</i>
                <i>1 0 0 0 1 0 0 0 1 0 0 0</i>
                <i>1 0 0 0 1 0 0 0 1 0 0 0</i>
                <i>1 0 0 0 1 0 0 0 1 0 0 0</i>
                <i>1 0 0 0 1 0 0 0 1 0 0 0</i>
                <i>1 0 0 0 1 0 0 0 1 0 0 0</i>
                <i>1 0 0 0 1 0 0 0 1 0 0 0</i>
                <i>1 0 0 0 1 0 0 0 1 0 0 0</i>
                <i>1 0 0 0 1 0 0 0 1 0 0 0</i>
                <i>1 0 0 0 1 0 0 0 1 0 0 0</i>
                <i>1 0 0 0 1 0 0 0 1 0 0 0</i>
                <i>1 0 0 0 1 0 0 0 1 0 0 0</i>
                <i>1 0 0 0 1 0 0 0 1 0 0 0</i>
                <i>1 0 0 0 1 0 0 0 1 0 0 0</i>
                <i>1 0 0 0 1 0 0 0 1 0 0 0</i>
                <i>1 0 0 0 1 0 0 0 1 0 0 0</i>
                <i>1 0 0 0 1 0 0 0 1 0 0 0</i>
                <i>1 0 0 0 1 0 0 0 1 0 0 0</i>
                <i>1 0 0 0 1 0 0 0 1 0 0 0</i>
                <i>1 0 0 0 1 0 0 0 1 0 0 0</i>
                <i>1 0 0 0 1 0 0 0 1 0 0 0</i>
                <i>1 0 0 0 1 0 0 0 1 0 0 0</i>
                <i>1 0 0 0 1 0 0 0 1 0 0 0</i>
                <i>1 0 0 0 1 0 0 0 1 0 0 0</i>
                <i>1 0 0 0 1 0 0 0 1 0 0 0</i>
                <i>1 0 0 0 1 0 0 0 1 0 0 0</i>
                <i>1 0 0 0 1 0 0 0 1 0 0 0</i>
                <i>1 0 0 0 1 0 0 0 1 0 0 0</i>
                <i>1 0 0 0 1 0 0 0 1 0 0 0</i>
                <i>1 0 0 0 1 0 0 0 1 0 0 0</i>
                <i>1 0 0 0 1 0 0 0 1 0 0 0</i>
                <i>1 0 0 0 1 0 0 0 1 0 0 0</i>
                <i>1 0 0 0 1 0 0 0 1 0 0 0</i>
                <i>1 0 0 0 1 0 0 0 1 0 0 0</i>
                <i>1 0 0 0 1 0 0 0 1 0 0 0</i>
                <i>1 0 0 0 1 0 0 0 1 0 0 0</i>
                <i>1 0 0 0 1 0 0 0 1 0 0 0</i>
                <i>1 0 0 0 1 0 0 0 1 0 0 0</i>
                <i>1 0 0 0 1 0 0 0 1 0 0 0</i>
                <i>1 0 0 0 1 0 0 0 1 0 0 0</i>
                <i>1 0 0 0 1 0 0 0 1 0 0 0</i>
                <i>1 0 0 0 1 0 0 0 1 0 0 0</i>
                <i>1 0 0 0 1 0 0 0 1 0 0 0</i>
                <i>1 0 0 0 1 0 0 0 1 0 0 0</i>
                <i>1 0 0 0 1 0 0 0 1 0 0 0</i>
                <i>1 0 0 0 1 0 0 0 1 0 0 0</i>
                <i>1 0 0 0 1 0 0 0 1 0 0 0</i>
                <i>1 0 0 0 1 0 0 0 1 0 0 0</i>
                <i>1 0 0 0 1 0 0 0 1 0 0 0</i>
                <i>1 0 0 0 1 0 0 0 1 0 0 0</i>
                <i>1 0 0 0 1 0 0 0 1 0 0 0</i>
                <i>1 0 0 0 1 0 0 0 1 0 0 0</i>
                <i>1 0 0 0 1 0 0 0 1 0 0 0</i>
                <i>1 0 0 0 1 0 0 0 1 0 0 0</i>
                <i>1 0 0 0 1 0 0 0 1 0 0 0</i>
                <i>1 0 0 0 1 0 0 0 1 0 0 0</i>
                <i>1 0 0 0 1 0 0 0 1 0 0 0</i>
                <i>1 0 0 0 1 0 0 0 1 0 0 0</i>
                <i>1 0 0 0 1 0 0 0 1 0 0 0</i>
                <i>1 0 0 0 1 0 0 0 1 0 0 0</i>
                <i>1 0 0 0 1 0 0 0 1 0 0 0</i>
                <i>1 0 0 0 1 0 0 0 1 0 0 0</i>
                <i>1 0 0 0 1 0 0 0 1 0 0 0</i>
                <i>1 0 0 0 1 0 0 0 1 0 0 0</i>
                <i>1 0 0 0 1 0 0 0 1 0 0 0</i>
                <i>1 0 0 0 1 0 0 0 1 0 0 0</i>
                <i>1 0 0 0 1 0 0 0 1 0 0 0</i>
                <i>1 0 0 0 1 0 0 0 1 0 0 0</i>
                <i>1 0 0 0 1 0 0 0 1 0 0 0</i>
                <i>1 0 0 0 1 0 0 0 1 0 0 0</i>
                <i>1 0 0 0 1 0 0 0 1 0 0 0</i>
                <i>1 0 0 0 1 0 0 0 1 0 0 0</i>
                <i>1 0 0 0 1 0 0 0 1 0 0 0</i>
                <i>1 0 0 0 1 0 0 0 1 0 0 0</i>
                <i>1 0 0 0 1 0 0 0 1 0 0 0</i>
                <i>1 0 0 0 1 0 0 0 1 0 0 0</i>
                <i>1 0 0 0 1 0 0 0 1 0 0 0</i>
                <i>1 0 0 0 1 0 0 0 1 0 0 0</i>
                <i>1 0 0 0 1 0 0 0 1 0 0 0</i>
                <i>1 0 0 0 1 0 0 0 1 0 0 0</i>
                <i>1 0 0 0 1 0 0 0 1 0 0 0</i>
                <i>1 0 0 0 1 0 0 0 1 0 0 0</i>
                <i>1 0 0 0 1 0 0 0 1 0 0 0</i>
                <i>1 0 0 0 1 0 0 0 1 0 0 0</i>
                <i>1 0 0 0 1 0 0 0 1 0 0 0</i>
                <i>1 0 0 0 1 0 0 0 1 0 0 0</i>
                <i>1 0 0 0 1 0 0 0 1 0 0 0</i>
                <i>1 0 0 0 1 0 0 0 1 0 0 0</i>
                <i>1 0 0 0 1 0 0 0 1 0 0 0</i>
                <i>1 0 0 0 1 0 0 0 1 0 0 0</i>
                <i>1 0 0 0 1 0 0 0 1 0 0 0</i>
                <i>1 0 0 0 1 0 0 0 1 0 0 0</i>
                <i>1 0 0 0 1 0 0 0 1 0 0 0</i>
                <i>1 0 0 0 1 0 0 0 1 0 0 0</i>
                <i>1 0 0 0 1 0 0 0 1 0 0 0</i>
            </KeyFrames>
        </RefFrame>
        <Bones count="15">
            <i>
                <p>
                    <Name><![CDATA[goalbox_root]]></Name>
                    <Exclude>0</Exclude>
                    <Additive>0</Additive>
                    <IKPriority>0</IKPriority>
                    <IKRotLimits>-1e+010 -1e+010 -1e+010 1e+010 1e+010 1e+010</IKRotLimits>
                    <IKRotLimitOrder>0</IKRotLimitOrder>
                    <KeyFrames count="102">
                        <i>1 0 0 0 1 0 0 0 1 0 0 0</i>
                        <i>1 0 0 0 1 0 0 0 1 0 0 0</i>
                        <i>1 0 0 0 1 0 0 0 1 0 0 0</i>
                        <i>1 0 0 0 1 0 0 0 1 0 0 0</i>
                        <i>1 0 0 0 1 0 0 0 1 0 0 0</i>
                        <i>1 0 0 0 1 0 0 0 1 0 0 0</i>
                        <i>1 0 0 0 1 0 0 0 1 0 0 0</i>
                        <i>1 0 0 0 1 0 0 0 1 0 0 0</i>
                        <i>1 0 0 0 1 0 0 0 1 0 0 0</i>
                        <i>1 0 0 0 1 0 0 0 1 0 0 0</i>
                        <i>1 0 0 0 1 0 0 0 1 0 0 0</i>
                        <i>1 0 0 0 1 0 0 0 1 0 0 0</i>
                        <i>1 0 0 0 1 0 0 0 1 0 0 0</i>
                        <i>1 0 0 0 1 0 0 0 1 0 0 0</i>
                        <i>1 0 0 0 1 0 0 0 1 0 0 0</i>
                        <i>1 0 0 0 1 0 0 0 1 0 0 0</i>
                        <i>1 0 0 0 1 0 0 0 1 0 0 0</i>
                        <i>1 0 0 0 1 0 0 0 1 0 0 0</i>
                        <i>1 0 0 0 1 0 0 0 1 0 0 0</i>
                        <i>1 0 0 0 1 0 0 0 1 0 0 0</i>
                        <i>1 0 0 0 1 0 0 0 1 0 0 0</i>
                        <i>1 0 0 0 1 0 0 0 1 0 0 0</i>
                        <i>1 0 0 0 1 0 0 0 1 0 0 0</i>
                        <i>1 0 0 0 1 0 0 0 1 0 0 0</i>
                        <i>1 0 0 0 1 0 0 0 1 0 0 0</i>
                        <i>1 0 0 0 1 0 0 0 1 0 0 0</i>
                        <i>1 0 0 0 1 0 0 0 1 0 0 0</i>
                        <i>1 0 0 0 1 0 0 0 1 0 0 0</i>
                        <i>1 0 0 0 1 0 0 0 1 0 0 0</i>
                        <i>1 0 0 0 1 0 0 0 1 0 0 0</i>
                        <i>1 0 0 0 1 0 0 0 1 0 0 0</i>
                        <i>1 0 0 0 1 0 0 0 1 0 0 0</i>
                        <i>1 0 0 0 1 0 0 0 1 0 0 0</i>
                        <i>1 0 0 0 1 0 0 0 1 0 0 0</i>
                        <i>1 0 0 0 1 0 0 0 1 0 0 0</i>
                        <i>1 0 0 0 1 0 0 0 1 0 0 0</i>
                        <i>1 0 0 0 1 0 0 0 1 0 0 0</i>
                        <i>1 0 0 0 1 0 0 0 1 0 0 0</i>
                        <i>1 0 0 0 1 0 0 0 1 0 0 0</i>
                        <i>1 0 0 0 1 0 0 0 1 0 0 0</i>
                        <i>1 0 0 0 1 0 0 0 1 0 0 0</i>
                        <i>1 0 0 0 1 0 0 0 1 0 0 0</i>
                        <i>1 0 0 0 1 0 0 0 1 0 0 0</i>
                        <i>1 0 0 0 1 0 0 0 1 0 0 0</i>
                        <i>1 0 0 0 1 0 0 0 1 0 0 0</i>
                        <i>1 0 0 0 1 0 0 0 1 0 0 0</i>
                        <i>1 0 0 0 1 0 0 0 1 0 0 0</i>
                        <i>1 0 0 0 1 0 0 0 1 0 0 0</i>
                        <i>1 0 0 0 1 0 0 0 1 0 0 0</i>
                        <i>1 0 0 0 1 0 0 0 1 0 0 0</i>
                        <i>1 0 0 0 1 0 0 0 1 0 0 0</i>
                        <i>1 0 0 0 1 0 0 0 1 0 0 0</i>
                        <i>1 0 0 0 1 0 0 0 1 0 0 0</i>
                        <i>1 0 0 0 1 0 0 0 1 0 0 0</i>
                        <i>1 0 0 0 1 0 0 0 1 0 0 0</i>
                        <i>1 0 0 0 1 0 0 0 1 0 0 0</i>
                        <i>1 0 0 0 1 0 0 0 1 0 0 0</i>
                        <i>1 0 0 0 1 0 0 0 1 0 0 0</i>
                        <i>1 0 0 0 1 0 0 0 1 0 0 0</i>
                        <i>1 0 0 0 1 0 0 0 1 0 0 0</i>
                        <i>1 0 0 0 1 0 0 0 1 0 0 0</i>
                        <i>1 0 0 0 1 0 0 0 1 0 0 0</i>
                        <i>1 0 0 0 1 0 0 0 1 0 0 0</i>
                        <i>1 0 0 0 1 0 0 0 1 0 0 0</i>
                        <i>1 0 0 0 1 0 0 0 1 0 0 0</i>
                        <i>1 0 0 0 1 0 0 0 1 0 0 0</i>
                        <i>1 0 0 0 1 0 0 0 1 0 0 0</i>
                        <i>1 0 0 0 1 0 0 0 1 0 0 0</i>
                        <i>1 0 0 0 1 0 0 0 1 0 0 0</i>
                        <i>1 0 0 0 1 0 0 0 1 0 0 0</i>
                        <i>1 0 0 0 1 0 0 0 1 0 0 0</i>
                        <i>1 0 0 0 1 0 0 0 1 0 0 0</i>
                        <i>1 0 0 0 1 0 0 0 1 0 0 0</i>
                        <i>1 0 0 0 1 0 0 0 1 0 0 0</i>
                        <i>1 0 0 0 1 0 0 0 1 0 0 0</i>
                        <i>1 0 0 0 1 0 0 0 1 0 0 0</i>
                        <i>1 0 0 0 1 0 0 0 1 0 0 0</i>
                        <i>1 0 0 0 1 0 0 0 1 0 0 0</i>
                        <i>1 0 0 0 1 0 0 0 1 0 0 0</i>
                        <i>1 0 0 0 1 0 0 0 1 0 0 0</i>
                        <i>1 0 0 0 1 0 0 0 1 0 0 0</i>
                        <i>1 0 0 0 1 0 0 0 1 0 0 0</i>
                        <i>1 0 0 0 1 0 0 0 1 0 0 0</i>
                        <i>1 0 0 0 1 0 0 0 1 0 0 0</i>
                        <i>1 0 0 0 1 0 0 0 1 0 0 0</i>
                        <i>1 0 0 0 1 0 0 0 1 0 0 0</i>
                        <i>1 0 0 0 1 0 0 0 1 0 0 0</i>
                        <i>1 0 0 0 1 0 0 0 1 0 0 0</i>
                        <i>1 0 0 0 1 0 0 0 1 0 0 0</i>
                        <i>1 0 0 0 1 0 0 0 1 0 0 0</i>
                        <i>1 0 0 0 1 0 0 0 1 0 0 0</i>
                        <i>1 0 0 0 1 0 0 0 1 0 0 0</i>
                        <i>1 0 0 0 1 0 0 0 1 0 0 0</i>
                        <i>1 0 0 0 1 0 0 0 1 0 0 0</i>
                        <i>1 0 0 0 1 0 0 0 1 0 0 0</i>
                        <i>1 0 0 0 1 0 0 0 1 0 0 0</i>
                        <i>1 0 0 0 1 0 0 0 1 0 0 0</i>
                        <i>1 0 0 0 1 0 0 0 1 0 0 0</i>
                        <i>1 0 0 0 1 0 0 0 1 0 0 0</i>
                        <i>1 0 0 0 1 0 0 0 1 0 0 0</i>
                        <i>1 0 0 0 1 0 0 0 1 0 0 0</i>
                        <i>1 0 0 0 1 0 0 0 1 0 0 0</i>
                    </KeyFrames>
                </p>
            </i>
            <i>
                <p>
                    <Name><![CDATA[lid]]></Name>
                    <Exclude>0</Exclude>
                    <Additive>0</Additive>
                    <IKPriority>0</IKPriority>
                    <IKRotLimits>-1e+010 -1e+010 -1e+010 1e+010 1e+010 1e+010</IKRotLimits>
                    <IKRotLimitOrder>0</IKRotLimitOrder>
                    <KeyFrames count="102">
                        <i>1 0 0 0 1 0 0 0 1 -0.0103577 24.0065 0.12386</i>
                        <i>0.999984 -0.00558191 -0.000701374 0.00558856 0.999936 0.00986967 0.000646237 -0.00987343 0.999951 0.0160159 24.1368 0.0544976</i>
                        <i>0.999943 -0.0105618 -0.00139645 0.0105867 0.999759 0.0192553 0.00119274 -0.019269 0.999814 0.0445375 24.2583 -0.0759689</i>
                        <i>0.999929 -0.0117192 -0.0020291 0.0117677 0.999598 0.0257826 0.00172613 -0.0258047 0.999665 0.0712612 24.3441 -0.594885</i>
                        <i>0.999954 -0.00921077 -0.00257952 0.00928353 0.999513 0.0297793 0.00230397 -0.0298019 0.999553 0.0546904 24.4007 -1.48688</i>
                        <i>0.999974 -0.00645556 -0.00330306 0.0065578 0.999468 0.0319398 0.00309512 -0.0319606 0.999484 0.0521132 24.4262 -2.39975</i>
                        <i>0.999979 -0.00458089 -0.00447583 0.00472169 0.999478 0.0319721 0.00432703 -0.0319926 0.999479 0.0777002 24.4104 -3.23696</i>
                        <i>0.99998 -0.00287506 -0.0056703 0.00304787 0.999524 0.0307069 0.00557932 -0.0307236 0.999512 0.102492 24.3719 -4.03281</i>
                        <i>0.999979 -0.00140104 -0.00637565 0.00158894 0.999562 0.0295633 0.00633144 -0.0295728 0.999543 0.120973 24.3354 -4.73184</i>
                        <i>0.999976 -0.000124766 -0.00695628 0.000320749 0.999603 0.0281795 0.00695 -0.0281811 0.999579 0.13928 24.2944 -5.41261</i>
                        <i>0.999972 0.000607122 -0.00744264 -0.000405814 0.999635 0.0270197 0.00745632 -0.0270159 0.999607 0.149709 24.2629 -6.07533</i>
                        <i>0.999969 0.000561395 -0.00780186 -0.000357968 0.999661 0.0260512 0.00781383 -0.0260476 0.99963 0.148625 24.2455 -6.72306</i>
                        <i>0.999968 0.000131628 -0.00800108 7.2945e-005 0.999673 0.0255626 0.00800183 -0.0255623 0.999641 0.140979 24.2381 -7.35142</i>
                        <i>0.999969 -0.000376773 -0.00788318 0.000580936 0.999664 0.0259123 0.00787077 -0.0259161 0.999633 0.131076 24.2458 -7.95442</i>
                        <i>0.999974 -0.00104883 -0.007167 0.0012383 0.999649 0.026483 0.0071367 -0.0264912 0.999624 0.117288 24.267 -8.54867</i>
                        <i>0.999981 -0.00121765 -0.0060632 0.00138251 0.999627 0.0272602 0.00602775 -0.0272681 0.99961 0.0969225 24.2624 -9.14215</i>
                        <i>0.999989 -0.000479891 -0.00465459 0.000611374 0.9996 0.028288 0.00463915 -0.0282905 0.999589 0.0751568 24.2265 -9.79461</i>
                        <i>0.999996 0.000262853 -0.00277407 -0.000180597 0.999561 0.0296106 0.00278063 -0.02961 0.999558 0.0373803 24.1636 -10.2494</i>
                        <i>1 0.000396869 6.9106e-005 -0.000398837 0.99951 0.031291 -5.66537e-005 -0.031291 0.99951 -0.0473358 24.0573 -10.3516</i>
                        <i>0.999994 6.56834e-005 0.00354311 -0.000183772 0.999444 0.0333391 -0.00353895 -0.0333396 0.999438 -0.161474 23.9193 -10.414</i>
                        <i>0.999983 -0.0017269 0.00552292 0.00152892 0.999363 0.035651 -0.00558097 -0.0356419 0.999349 -0.218004 23.8297 -10.4572</i>
                        <i>0.999976 -0.00429974 0.00544368 0.00408917 0.999265 0.0381193 -0.00560358 -0.0380961 0.999258 -0.228953 23.8105 -10.4849</i>
                        <i>0.999962 -0.0072252 0.00493388 0.00701883 0.999149 0.0406362 -0.00522328 -0.0406 0.999162 -0.223534 23.7975 -10.5006</i>
                        <i>0.999932 -0.0105104 0.00506761 0.0102804 0.999002 0.0434646 -0.00551938 -0.0434096 0.999042 -0.212353 23.7458 -10.4995</i>
                        <i>0.999886 -0.0141626 0.00530492 0.0138998 0.998814 0.0466625 -0.00595949 -0.0465834 0.998897 -0.204345 23.6745 -10.4814</i>
                        <i>0.999816 -0.0183587 0.00558046 0.0180621 0.998624 0.0492253 -0.0064765 -0.0491154 0.998772 -0.209098 23.5876 -10.4705</i>
                        <i>0.999687 -0.0243215 0.0058494 0.0239922 0.998412 0.0509652 -0.00707966 -0.0508089 0.998683 -0.230951 23.4754 -10.4724</i>
                        <i>0.999513 -0.0306152 0.0060669 0.0302532 0.998149 0.0527522 -0.00767069 -0.052543 0.998589 -0.254114 23.3726 -10.4682</i>
                        <i>0.999328 -0.0361206 0.00617843 0.0357237 0.997825 0.0553982 -0.008166 -0.0551403 0.998445 -0.268027 23.3034 -10.44</i>
                        <i>0.999125 -0.0413585 0.00618639 0.0409291 0.997463 0.0582376 -0.00857931 -0.0579334 0.998284 -0.278037 23.2568 -10.4045</i>
                        <i>0.998906 -0.046354 0.00615155 0.0459028 0.997143 0.0599929 -0.00891489 -0.0596449 0.99818 -0.286027 23.2347 -10.3924</i>
                        <i>0.99866 -0.0513866 0.00609323 0.0509226 0.996851 0.0607891 -0.00919779 -0.0603974 0.998132 -0.293021 23.2261 -10.4019</i>
                        <i>0.998467 -0.0550326 0.00588431 0.0545766 0.99667 0.0605816 -0.00919868 -0.0601676 0.998146 -0.29275 23.2268 -10.4351</i>
                        <i>0.998389 -0.0564819 0.0053448 0.0560699 0.996685 0.0589534 -0.00865688 -0.0585587 0.998246 -0.278524 23.2346 -10.4662</i>
                        <i>0.998407 -0.0562255 0.00470019 0.0558713 0.996839 0.0564854 -0.00786125 -0.0561328 0.998392 -0.257824 23.244 -10.4615</i>
                        <i>0.998512 -0.0543593 0.00438271 0.0540429 0.997068 0.05417 -0.0073145 -0.0538525 0.998522 -0.243247 23.2493 -10.4284</i>
                        <i>0.998698 -0.050818 0.00434534 0.0505268 0.997388 0.0516153 -0.00695698 -0.0513286 0.998658 -0.233192 23.2455 -10.4066</i>
                        <i>0.998933 -0.0459605 0.00444477 0.0456778 0.997677 0.0505476 -0.00675763 -0.0502906 0.998712 -0.22499 23.2312 -10.3865</i>
                        <i>0.999215 -0.0393491 0.00458418 0.0390581 0.997883 0.0519971 -0.00662051 -0.0517772 0.998637 -0.206663 23.2113 -10.3715</i>
                        <i>0.999476 -0.031992 0.00489252 0.0316752 0.997985 0.0549804 -0.0066416 -0.0547966 0.998475 -0.199997 23.1917 -10.3778</i>
                        <i>0.999652 -0.025795 0.00556884 0.0254237 0.997948 0.0587694 -0.00707337 -0.0586073 0.998256 -0.234783 23.1778 -10.3991</i>
                        <i>0.999771 -0.0203586 0.00658673 0.0198989 0.997777 0.0636078 -0.00786705 -0.0634621 0.997953 -0.273449 23.176 -10.3974</i>
                        <i>0.999849 -0.0155422 0.00772092 0.014979 0.997552 0.0683032 -0.00876361 -0.0681773 0.997635 -0.311025 23.1945 -10.3984</i>
                        <i>0.9999 -0.0110319 0.00886378 0.0103591 0.997303 0.0726621 -0.00964147 -0.072563 0.997317 -0.356135 23.2375 -10.4075</i>
                        <i>0.999922 -0.00751158 0.0100284 0.00671734 0.997008 0.0770101 -0.0105769 -0.0769367 0.99698 -0.394658 23.2994 -10.4181</i>
                        <i>0.999918 -0.00621154 0.0112071 0.00528073 0.996679 0.0812534 -0.0116746 -0.0811875 0.99663 -0.420312 23.374 -10.4334</i>
                        <i>0.9999 -0.00681758 0.0123919 0.00573619 0.996339 0.0852981 -0.0129281 -0.0852185 0.996278 -0.470885 23.455 -10.4567</i>
                        <i>0.999883 -0.007105 0.0135751 0.0058691 0.996014 0.0890054 -0.0141534 -0.0889153 0.995939 -0.521428 23.5363 -10.4922</i>
                        <i>0.999872 -0.00616382 0.0147489 0.00479139 0.995808 0.0913429 -0.0152501 -0.0912605 0.99571 -0.567268 23.6137 -10.5647</i>
                        <i>0.999858 -0.00564449 0.0159054 0.00412873 0.995585 0.0937692 -0.0163645 -0.0936901 0.995467 -0.611132 23.6772 -10.6415</i>
                        <i>0.999828 -0.00739312 0.0170234 0.00568778 0.995157 0.0981305 -0.0176665 -0.0980168 0.995028 -0.649343 23.7232 -10.6808</i>
                        <i>0.99978 -0.0106521 0.0180859 0.00871896 0.994561 0.103792 -0.0190931 -0.103612 0.994435 -0.683514 23.7667 -10.6984</i>
                        <i>0.999739 -0.0124671 0.0191344 0.0102814 0.99384 0.11035 -0.0203923 -0.110125 0.993709 -0.719081 23.8052 -10.7054</i>
                        <i>0.999718 -0.012448 0.020213 0.00999544 0.993058 0.117198 -0.0215316 -0.116963 0.992903 -0.758402 23.8354 -10.7282</i>
                        <i>0.999707 -0.0113502 0.0213659 0.00860982 0.992215 0.124241 -0.0226097 -0.124021 0.992022 -0.794698 23.8528 -10.7695</i>
                        <i>0.999699 -0.00936215 0.0226681 0.00629999 0.991287 0.131571 -0.0237024 -0.131389 0.991048 -0.821748 23.8522 -10.8218</i>
                        <i>0.999687 -0.00644588 0.0241862 0.00301533 0.990249 0.139279 -0.0248481 -0.139163 0.989958 -0.843108 23.8282 -10.8777</i>
                        <i>0.99966 -0.00291509 0.0258945 -0.000935402 0.989068 0.147456 -0.0260413 -0.14743 0.98873 -0.864688 23.7618 -10.9296</i>
                        <i>0.999614 0.00116549 0.0277692 -0.0054891 0.98772 0.156137 -0.0272462 -0.156229 0.987345 -0.888202 23.5248 -10.9714</i>
                        <i>0.999543 0.00551814 0.0297225 -0.0103576 0.986201 0.165225 -0.0284006 -0.165458 0.985808 -0.912469 23.2151 -11.0001</i>
                        <i>0.999451 0.00977719 0.0316535 -0.0151611 0.984522 0.174607 -0.0294564 -0.174991 0.984129 -0.936419 22.9198 -11.0308</i>
                        <i>0.999348 0.0135771 0.0334612 -0.0195175 0.982701 0.184168 -0.0303819 -0.184701 0.982325 -0.958936 22.601 -11.0873</i>
                        <i>0.99925 0.016467 0.0350382 -0.0229685 0.980707 0.19413 -0.0311655 -0.194789 0.98035 -0.978803 22.2782 -11.1652</i>
                        <i>0.999189 0.0176253 0.0362136 -0.0247148 0.978286 0.205782 -0.0318003 -0.20651 0.977928 -0.993339 21.9667 -11.2568</i>
                        <i>0.999171 0.017318 0.0368308 -0.0248659 0.976169 0.215582 -0.0322197 -0.21632 0.975791 -0.998381 21.7051 -11.3413</i>
                        <i>0.999197 0.015892 0.0367833 -0.0236226 0.975124 0.220399 -0.0323656 -0.221091 0.974716 -0.986682 21.5897 -11.4187</i>
                        <i>0.99926 0.0130497 0.0361684 -0.0207992 0.974596 0.223001 -0.0323395 -0.223588 0.974147 -0.967054 21.5855 -11.4765</i>
                        <i>0.999347 0.00835275 0.0351441 -0.0161343 0.973674 0.227375 -0.0323197 -0.227793 0.973173 -0.959136 21.5344 -11.4729</i>
                        <i>0.999426 0.0020983 0.0338043 -0.00992567 0.972404 0.233094 -0.0323824 -0.233296 0.971866 -0.96104 21.4515 -11.4349</i>
                        <i>0.99947 -0.00489926 0.0321915 -0.0029336 0.971048 0.238866 -0.0324297 -0.238834 0.970519 -0.963502 21.3701 -11.3923</i>
                        <i>0.999469 -0.0119189 0.030321 0.00417351 0.96985 0.243668 -0.0323111 -0.243412 0.969385 -0.958197 21.3101 -11.3696</i>
                        <i>0.999421 -0.0192514 0.0280499 0.0117229 0.968874 0.247277 -0.0319372 -0.246805 0.968539 -0.943497 21.2712 -11.3725</i>
                        <i>0.999311 -0.0269739 0.0254914 0.0197277 0.967846 0.250769 -0.031436 -0.250094 0.967711 -0.926884 21.264 -11.377</i>
                        <i>0.999128 -0.0350941 0.0226112 0.0281809 0.966552 0.254917 -0.030801 -0.254058 0.966698 -0.911763 21.2834 -11.3658</i>
                        <i>0.998862 -0.0435086 0.0195509 0.0369679 0.965137 0.259121 -0.0301433 -0.258103 0.965647 -0.896412 21.3104 -11.3535</i>
                        <i>0.99851 -0.0519248 0.0167704 0.0457084 0.963804 0.262666 -0.0298023 -0.261508 0.964741 -0.882385 21.3458 -11.3573</i>
                        <i>0.998094 -0.0600502 0.0141962 0.0541275 0.962498 0.265835 -0.0296272 -0.26456 0.963914 -0.868736 21.3842 -11.3715</i>
                        <i>0.997642 -0.0675928 0.0119187 0.0619113 0.96119 0.268849 -0.0296284 -0.267477 0.963108 -0.855435 21.4207 -11.3915</i>
                        <i>0.997221 -0.0738267 0.00999078 0.0683414 0.959914 0.271835 -0.029659 -0.270397 0.962292 -0.840663 21.4519 -11.4222</i>
                        <i>0.996869 -0.0786263 0.00839139 0.0732992 0.958669 0.27492 -0.0296605 -0.273444 0.961431 -0.82486 21.4739 -11.4622</i>
                        <i>0.996559 -0.0825794 0.00716099 0.077334 0.957387 0.278262 -0.0298345 -0.27675 0.960479 -0.810856 21.4727 -11.5006</i>
                        <i>0.996256 -0.086223 0.00630002 0.0809548 0.95599 0.28201 -0.0303385 -0.280444 0.959391 -0.798033 21.4155 -11.5266</i>
                        <i>0.995962 -0.0895927 0.00572827 0.0842205 0.954526 0.285983 -0.0310898 -0.284346 0.958218 -0.786932 21.3231 -11.5371</i>
                        <i>0.995681 -0.0926766 0.0054543 0.0871214 0.953063 0.289965 -0.0320713 -0.288238 0.957022 -0.77902 21.1756 -11.5298</i>
                        <i>0.995418 -0.0954631 0.00542675 0.089666 0.95167 0.293743 -0.0332061 -0.291911 0.955869 -0.775336 21.0291 -11.5022</i>
                        <i>0.995206 -0.0976479 0.00551717 0.0916085 0.95044 0.297105 -0.0342554 -0.295175 0.954829 -0.778459 20.9663 -11.4579</i>
                        <i>0.995112 -0.0985926 0.00566067 0.0923686 0.949508 0.299838 -0.0349367 -0.29785 0.953973 -0.791125 20.9332 -11.42</i>
                        <i>0.995053 -0.0991726 0.00584767 0.0927961 0.948865 0.301734 -0.0354724 -0.299699 0.953374 -0.802335 20.9173 -11.3957</i>
                        <i>0.99501 -0.0995929 0.00607029 0.0930919 0.948512 0.302752 -0.0359096 -0.300676 0.95305 -0.80926 20.9142 -11.3866</i>
                        <i>0.994999 -0.0996887 0.00632063 0.0930961 0.948413 0.303062 -0.0362064 -0.300958 0.95295 -0.814559 20.9189 -11.3894</i>
                        <i>0.995015 -0.0995096 0.00662652 0.0928421 0.948511 0.302832 -0.03642 -0.300707 0.953021 -0.819025 20.9261 -11.4008</i>
                        <i>0.995059 -0.0990382 0.00705446 0.0922872 0.948758 0.302229 -0.0366251 -0.300084 0.953209 -0.823124 20.9304 -11.4175</i>
                        <i>0.99514 -0.0981753 0.00754932 0.0913472 0.949106 0.301419 -0.0367571 -0.299265 0.953462 -0.826374 20.9267 -11.4362</i>
                        <i>0.995242 -0.0970996 0.00810954 0.0901863 0.949486 0.300572 -0.0368853 -0.29841 0.953725 -0.829413 20.9172 -11.4538</i>
                        <i>0.995351 -0.0959202 0.0087272 0.0889047 0.949834 0.299852 -0.0370513 -0.297682 0.953946 -0.832659 20.9033 -11.4669</i>
                        <i>0.995467 -0.0946481 0.00937252 0.0875216 0.950148 0.299263 -0.03723 -0.297086 0.954125 -0.835973 20.8858 -11.4762</i>
                        <i>0.995588 -0.0932942 0.0100626 0.0860529 0.950512 0.298533 -0.037416 -0.296349 0.954346 -0.839297 20.8674 -11.4884</i>
                        <i>0.995713 -0.0918514 0.010861 0.0844721 0.950919 0.297688 -0.037671 -0.295495 0.954601 -0.843139 20.8486 -11.5036</i>
                        <i>0.995863 -0.0901078 0.0117366 0.0825845 0.951371 0.296771 -0.0379073 -0.294574 0.954876 -0.846936 20.8302 -11.5214</i>
                        <i>0.99603 -0.0881109 0.0126489 0.0804458 0.951849 0.295823 -0.0381051 -0.293631 0.955159 -0.850254 20.8124 -11.5415</i>
                        <i>0.996218 -0.0858175 0.0135744 0.0780197 0.952342 0.294885 -0.0382338 -0.292711 0.955436 -0.852474 20.7957 -11.5634</i>
                        <i>0.996419 -0.0833036 0.0144896 0.0753841 0.952829 0.293998 -0.0382972 -0.291853 0.955696 -0.853901 20.7804 -11.587</i>
                    </KeyFrames>
                </p>
            </i>
            <i>
                <p>
                    <Name><![CDATA[arch1]]></Name>
                    <Exclude>0</Exclude>
                    <Additive>0</Additive>
                    <IKPriority>0</IKPriority>
                    <IKRotLimits>-1e+010 -1e+010 -1e+010 1e+010 1e+010 1e+010</IKRotLimits>
                    <IKRotLimitOrder>0</IKRotLimitOrder>
                    <KeyFrames count="102">
                        <i>1 0 0 0 1 0 0 0 1 -4.18233 27.2372 31.6678</i>
                        <i>0.999996 8.11535e-005 -0.00295078 -7.39871e-005 0.999997 0.00242865 0.00295097 -0.00242842 0.999993 -4.19275 27.2234 31.5356</i>
                        <i>0.99985 0.000609386 -0.0173225 -0.000359523 0.999896 0.0144237 0.0173295 -0.0144153 0.999746 -4.24448 27.2252 30.8885</i>
                        <i>0.999238 0.0024889 -0.0389538 -0.00137074 0.999587 0.0287052 0.0390092 -0.0286299 0.998829 -4.31278 27.1977 30.2232</i>
                        <i>0.997995 0.00539966 -0.0630605 -0.00277159 0.999127 0.0416887 0.0632305 -0.0414304 0.997139 -4.38151 27.1391 29.6622</i>
                        <i>0.996204 0.0101748 -0.0864573 -0.00533762 0.998417 0.0559964 0.0868902 -0.0553223 0.994681 -4.46622 27.1283 29.092</i>
                        <i>0.993722 0.0156605 -0.110779 -0.00776248 0.99742 0.0713707 0.111611 -0.0700627 0.991279 -4.56681 27.0774 28.4869</i>
                        <i>0.990909 0.0207758 -0.13292 -0.00944964 0.996312 0.08528 0.134201 -0.0832487 0.987451 -4.66237 26.9731 27.9308</i>
                        <i>0.987407 0.02648 -0.15597 -0.0109216 0.99495 0.0997769 0.157824 -0.096817 0.98271 -4.76217 26.806 27.35</i>
                        <i>0.983378 0.0324883 -0.178638 -0.0120999 0.9934 0.114058 0.181164 -0.110001 0.977282 -4.86179 26.5785 26.7779</i>
                        <i>0.979042 0.0384935 -0.199987 -0.0129437 0.991751 0.127526 0.203246 -0.122265 0.971464 -4.95598 26.3084 26.2363</i>
                        <i>0.973807 0.0452953 -0.222818 -0.0135572 0.98978 0.141956 0.22697 -0.135217 0.964469 -5.05759 25.9553 25.6544</i>
                        <i>0.968316 0.0535425 -0.243921 -0.0156115 0.987813 0.154858 0.24924 -0.146143 0.957351 -5.16899 25.6443 25.1197</i>
                        <i>0.961955 0.0659889 -0.26512 -0.0217251 0.985795 0.16654 0.272344 -0.154444 0.949724 -5.3206 25.467 24.5925</i>
                        <i>0.954441 0.0803774 -0.287371 -0.029119 0.983531 0.17838 0.296976 -0.161885 0.941062 -5.49076 25.2684 24.0393</i>
                        <i>0.94679 0.094275 -0.307734 -0.0362912 0.981312 0.188971 0.319798 -0.167748 0.932518 -5.64995 25.0561 23.5305</i>
                        <i>0.937906 0.109623 -0.329113 -0.0443052 0.978839 0.199777 0.344049 -0.17279 0.922916 -5.82143 24.8048 22.993</i>
                        <i>0.929144 0.125222 -0.347865 -0.0530017 0.976291 0.209871 0.365898 -0.176563 0.913753 -5.985 24.5275 22.5308</i>
                        <i>0.925275 0.139827 -0.352582 -0.0640396 0.973815 0.218138 0.373851 -0.179258 0.910001 -6.11862 24.2605 22.514</i>
                        <i>0.921749 0.155532 -0.355229 -0.0764337 0.970942 0.226783 0.380179 -0.181885 0.906853 -6.26175 23.9193 22.5745</i>
                        <i>0.918257 0.170086 -0.357595 -0.0879044 0.968078 0.234728 0.386104 -0.184106 0.903896 -6.39475 23.5428 22.6314</i>
                        <i>0.914517 0.185031 -0.359753 -0.0993496 0.964761 0.243649 0.392159 -0.18708 0.900674 -6.5343 23.1437 22.67</i>
                        <i>0.910081 0.20267 -0.361494 -0.112058 0.960115 0.25617 0.398993 -0.192627 0.896493 -6.71579 22.8212 22.6499</i>
                        <i>0.90538 0.220024 -0.363148 -0.124675 0.955324 0.267977 0.405886 -0.197346 0.892363 -6.89395 22.4707 22.6396</i>
                        <i>0.899615 0.238225 -0.365982 -0.138581 0.950513 0.278065 0.414113 -0.199433 0.888109 -7.04281 22.137 22.7061</i>
                        <i>0.893421 0.255989 -0.369146 -0.152293 0.945683 0.287212 0.422619 -0.200382 0.883878 -7.17373 21.7736 22.7992</i>
                        <i>0.887148 0.273027 -0.372054 -0.165436 0.940782 0.295905 0.430811 -0.20096 0.879782 -7.30124 21.3729 22.8889</i>
                        <i>0.879727 0.292154 -0.375135 -0.180362 0.935039 0.30524 0.439943 -0.200868 0.875273 -7.46444 20.9089 22.9928</i>
                        <i>0.872508 0.309916 -0.377732 -0.194056 0.929305 0.31422 0.44841 -0.200858 0.870968 -7.62133 20.4353 23.0838</i>
                        <i>0.865063 0.327762 -0.379786 -0.207212 0.922908 0.324505 0.456868 -0.202021 0.86629 -7.79119 19.9574 23.1543</i>
                        <i>0.856761 0.346143 -0.38229 -0.220978 0.916188 0.334319 0.465971 -0.201954 0.861444 -7.96013 19.4356 23.2516</i>
                        <i>0.848114 0.362522 -0.386367 -0.234191 0.910656 0.340381 0.475244 -0.198198 0.85724 -8.08428 19.0301 23.4253</i>
                        <i>0.838503 0.379785 -0.390737 -0.248259 0.904603 0.346497 0.485057 -0.193535 0.852798 -8.21352 18.5509 23.6181</i>
                        <i>0.828879 0.396321 -0.394829 -0.261808 0.898523 0.352297 0.494385 -0.188642 0.848527 -8.33833 18.0285 23.8058</i>
                        <i>0.819246 0.412128 -0.398732 -0.274875 0.89247 0.357688 0.503269 -0.183433 0.844436 -8.45805 17.4789 23.9921</i>
                        <i>0.808647 0.428811 -0.402754 -0.28875 0.885781 0.363339 0.512555 -0.177517 0.840104 -8.58549 16.8319 24.1914</i>
                        <i>0.798504 0.444152 -0.40635 -0.301584 0.879343 0.368516 0.520998 -0.171713 0.836108 -8.70381 16.1716 24.3768</i>
                        <i>0.788078 0.459401 -0.409737 -0.314455 0.872657 0.373615 0.529198 -0.165593 0.832183 -8.82156 15.454 24.5581</i>
                        <i>0.782987 0.47128 -0.405989 -0.327286 0.867153 0.375406 0.528976 -0.161064 0.833213 -8.85929 14.9023 24.369</i>
                        <i>0.7795 0.481356 -0.400845 -0.339006 0.862281 0.376227 0.52674 -0.157379 0.83533 -8.87504 14.3934 24.1086</i>
                        <i>0.775662 0.491948 -0.395392 -0.351323 0.856977 0.377044 0.524328 -0.153548 0.837558 -8.89197 13.7959 23.8355</i>
                        <i>0.771867 0.502113 -0.390005 -0.363204 0.851712 0.377716 0.521828 -0.149895 0.839778 -8.90753 13.1576 23.5681</i>
                        <i>0.768875 0.51109 -0.38421 -0.374318 0.846953 0.377567 0.518379 -0.146485 0.842512 -8.9218 12.5283 23.2799</i>
                        <i>0.768243 0.517111 -0.377358 -0.383104 0.843648 0.376151 0.512869 -0.144408 0.846234 -9.065 12.0271 22.9989</i>
                        <i>0.76804 0.522014 -0.370966 -0.390398 0.84084 0.374937 0.507646 -0.143142 0.849592 -9.233 11.5865 22.7514</i>
                        <i>0.767899 0.526795 -0.364443 -0.397293 0.83796 0.37414 0.502484 -0.142512 0.85276 -9.42523 11.1448 22.5031</i>
                        <i>0.76737 0.527305 -0.36482 -0.403928 0.83941 0.36364 0.497982 -0.131685 0.857131 -9.52336 11.225 22.3477</i>
                        <i>0.766867 0.527538 -0.365539 -0.409978 0.840849 0.353399 0.493795 -0.121147 0.861098 -9.60854 11.2745 22.2095</i>
                        <i>0.766333 0.527784 -0.366304 -0.416398 0.842244 0.342401 0.489231 -0.109865 0.865207 -9.69943 11.2669 22.0618</i>
                        <i>0.765824 0.528009 -0.367042 -0.422503 0.843446 0.331798 0.484773 -0.0990224 0.869017 -9.78617 11.1987 21.9205</i>
                        <i>0.765334 0.528219 -0.367762 -0.428373 0.844484 0.32147 0.480376 -0.0884931 0.872587 -9.86992 11.0781 21.7836</i>
                        <i>0.764811 0.528434 -0.36854 -0.43462 0.84546 0.310327 0.475573 -0.0771667 0.876285 -9.95942 10.8859 21.6369</i>
                        <i>0.764138 0.528736 -0.369502 -0.440522 0.846189 0.299839 0.471205 -0.0663446 0.879525 -10.0326 10.6572 21.5068</i>
                        <i>0.762019 0.529757 -0.372403 -0.447566 0.846489 0.288342 0.467986 -0.053047 0.882142 -10.0588 10.4244 21.3974</i>
                        <i>0.759262 0.531243 -0.375902 -0.454817 0.846292 0.277365 0.465471 -0.0396262 0.884176 -10.1352 10.2759 21.3069</i>
                        <i>0.756263 0.53313 -0.379261 -0.462044 0.845604 0.267337 0.46323 -0.0269414 0.885829 -10.2073 10.132 21.2381</i>
                        <i>0.753884 0.53543 -0.380754 -0.469231 0.844425 0.258396 0.459871 -0.0161387 0.887839 -10.3033 9.97325 21.1915</i>
                        <i>0.752997 0.537771 -0.379206 -0.474516 0.843022 0.253275 0.455884 -0.0107761 0.889974 -10.456 9.88771 21.1592</i>
                        <i>0.75215 0.540054 -0.377641 -0.479591 0.841611 0.24836 0.451955 -0.00569054 0.892023 -10.6109 9.761 21.1275</i>
                        <i>0.751207 0.542533 -0.375959 -0.48499 0.840034 0.243162 0.447742 -0.000328295 0.894163 -10.7917 9.5868 21.0908</i>
                        <i>0.750221 0.545016 -0.374333 -0.490085 0.838413 0.238495 0.44383 0.00453074 0.8961 -10.9716 9.42228 21.0591</i>
                        <i>0.746876 0.549519 -0.374439 -0.497983 0.835385 0.23269 0.440669 0.0126735 0.89758 -11.0289 9.33746 21.0506</i>
                        <i>0.742861 0.555743 -0.373239 -0.507629 0.831096 0.22714 0.436428 0.0207334 0.8995 -11.0892 9.24473 21.0955</i>
                        <i>0.738978 0.562802 -0.370359 -0.517242 0.826168 0.2234 0.431709 0.0264775 0.901624 -11.1326 9.18654 21.1324</i>
                        <i>0.734291 0.570862 -0.367332 -0.527838 0.820404 0.219829 0.426852 0.0324732 0.903738 -11.1709 9.11697 21.1741</i>
                        <i>0.729241 0.578839 -0.364903 -0.538201 0.814533 0.21651 0.42255 0.0385026 0.905522 -11.2046 9.03711 21.2101</i>
                        <i>0.723722 0.586959 -0.362913 -0.548672 0.808378 0.213269 0.418551 0.0447735 0.907089 -11.236 8.94937 21.2418</i>
                        <i>0.71739 0.59566 -0.361305 -0.559534 0.80161 0.210578 0.415058 0.0510953 0.908359 -11.2874 8.88244 21.2627</i>
                        <i>0.710541 0.604593 -0.359999 -0.570505 0.794461 0.208221 0.411894 0.0574313 0.90942 -11.3386 8.80776 21.2791</i>
                        <i>0.703152 0.613624 -0.359225 -0.581376 0.787023 0.20639 0.409364 0.0637217 0.910143 -11.3896 8.73034 21.2891</i>
                        <i>0.694894 0.623173 -0.358855 -0.592667 0.778924 0.204995 0.407268 0.0702319 0.910604 -11.4428 8.64755 21.294</i>
                        <i>0.687356 0.631609 -0.358625 -0.602504 0.771575 0.204111 0.405624 0.0757766 0.910893 -11.522 8.61614 21.2692</i>
                        <i>0.679072 0.640522 -0.358597 -0.612828 0.763589 0.203406 0.404107 0.0816314 0.911062 -11.6093 8.58484 21.2181</i>
                        <i>0.670691 0.64923 -0.358711 -0.622694 0.755597 0.203286 0.403021 0.0870249 0.911044 -11.6979 8.55743 21.182</i>
                        <i>0.662548 0.657917 -0.358015 -0.632269 0.747516 0.203609 0.40158 0.0914613 0.911246 -11.7869 8.54045 21.1738</i>
                        <i>0.655645 0.666901 -0.35408 -0.641752 0.739264 0.204064 0.397849 0.0934385 0.91268 -11.867 8.54495 21.2061</i>
                        <i>0.649443 0.675209 -0.349739 -0.650344 0.731545 0.20468 0.394052 0.094523 0.914215 -11.9371 8.55139 21.2379</i>
                        <i>0.643137 0.683797 -0.344668 -0.659069 0.723462 0.205501 0.389875 0.0949953 0.915955 -12.0061 8.55944 21.2715</i>
                        <i>0.636715 0.692459 -0.339256 -0.667737 0.715171 0.206537 0.385645 0.0950282 0.917741 -12.0733 8.56668 21.3015</i>
                        <i>0.63036 0.700624 -0.334325 -0.675815 0.707182 0.207769 0.381997 0.0949723 0.919271 -12.1347 8.56845 21.3171</i>
                        <i>0.623161 0.70938 -0.329319 -0.684385 0.698409 0.209385 0.378533 0.0949 0.92071 -12.1984 8.56398 21.3182</i>
                        <i>0.61592 0.717726 -0.324826 -0.692468 0.689837 0.211217 0.375673 0.0948385 0.921887 -12.2569 8.55365 21.3039</i>
                        <i>0.608435 0.725938 -0.320656 -0.700345 0.681195 0.213286 0.373261 0.0947991 0.92287 -12.3121 8.53782 21.2761</i>
                        <i>0.599995 0.734729 -0.316512 -0.70868 0.671704 0.215838 0.371185 0.094804 0.923707 -12.3684 8.51428 21.2297</i>
                        <i>0.593087 0.742181 -0.312115 -0.715921 0.663496 0.217325 0.368381 0.0945564 0.924854 -12.4159 8.50725 21.2098</i>
                        <i>0.589153 0.747585 -0.306619 -0.719944 0.657954 0.220856 0.36685 0.0906307 0.925855 -12.4147 8.5425 21.2117</i>
                        <i>0.586502 0.752177 -0.300407 -0.722696 0.653452 0.225192 0.365686 0.0850275 0.926846 -12.4202 8.54252 21.2154</i>
                        <i>0.584537 0.75592 -0.29479 -0.724346 0.649881 0.230167 0.365567 0.0789887 0.927427 -12.4221 8.52792 21.2116</i>
                        <i>0.582212 0.759709 -0.289605 -0.726048 0.646123 0.235328 0.365902 0.0732565 0.927766 -12.4207 8.52948 21.2152</i>
