<?xml version="1.0" encoding="ISO-8859-1" ?>
<Animl Version="1">
    <ModellingPackage><![CDATA[Maya.2010]]></ModellingPackage>
    <SrcFile><![CDATA[anims\vehicles\blue\~src\land\apc_m113\apc_m113_deploy_crewman_right.mb]]></SrcFile>
    <FramesPerSecond>30</FramesPerSecond>
    <TotalFrames>67</TotalFrames>
    <Skeleton>
        <RefFrame>
            <Name><![CDATA[soldier_ref_frame]]></Name>
            <Exclude>0</Exclude>
            <Additive>0</Additive>
            <IKPriority>0</IKPriority>
            <IKRotLimits>-1e+010 -1e+010 -1e+010 1e+010 1e+010 1e+010</IKRotLimits>
            <IKRotLimitOrder>0</IKRotLimitOrder>
            <KeyFrames count="67">
                <i>1 0 0 0 1 0 0 0 1 0.67 0 -1.71</i>
                <i>0.999994 0 0.00348528 0 1 0 -0.00348528 0 0.999994 0.669351 0 -1.75955</i>
                <i>0.999915 0 0.0130114 0 1 0 -0.0130114 0 0.999915 0.669395 0 -1.80011</i>
                <i>0.999631 0 0.0271819 0 1 0 -0.0271819 0 0.999631 0.669785 0 -1.83616</i>
                <i>0.999005 0 0.0445968 0 1 0 -0.0445968 0 0.999005 0.670176 0 -1.87221</i>
                <i>0.997959 0 0.0638534 0 1 0 -0.0638534 0 0.997959 0.67022 0 -1.91277</i>
                <i>0.996504 0 0.0835493 0 1 0 -0.0835493 0 0.996504 0.669571 0 -1.96232</i>
                <i>0.994755 0 0.102288 0 1 0 -0.102288 0 0.994755 0.667882 0 -2.02538</i>
                <i>0.992932 0 0.118684 0 1 0 -0.118684 0 0.992932 0.664808 0 -2.10644</i>
                <i>0.991334 0 0.131363 0 1 0 -0.131363 0 0.991334 0.66 0 -2.21</i>
                <i>0.990298 0 0.13896 0 1 0 -0.13896 0 0.990298 0.652511 0 -2.34558</i>
                <i>0.990136 0 0.140111 0 1 0 -0.140111 0 0.990136 0.642189 0 -2.51357</i>
                <i>0.991057 0 0.133436 0 1 0 -0.133436 0 0.991057 0.629889 0 -2.70477</i>
                <i>0.993069 0 0.11753 0 1 0 -0.11753 0 0.993069 0.616463 0 -2.90996</i>
                <i>0.995855 0 0.0909562 0 1 0 -0.0909562 0 0.995855 0.602763 0 -3.11996</i>
                <i>0.998634 0 0.0522554 0 1 0 -0.0522554 0 0.998634 0.589642 0 -3.32556</i>
                <i>1 0 0 0 1 0 0 0 1 0.577953 0 -3.51757</i>
                <i>0.997883 0 -0.0650398 0 1 0 0.0650398 0 0.997883 0.568547 0 -3.68678</i>
                <i>0.990114 0 -0.140264 0 1 0 0.140264 0 0.990114 0.562279 0 -3.82399</i>
                <i>0.974581 0 -0.224034 0 1 0 0.224034 0 0.974581 0.56 0 -3.92</i>
                <i>0.949304 0 -0.314359 0 1 0 0.314359 0 0.949304 0.56424 0 -3.98288</i>
                <i>0.912582 0 -0.408894 0 1 0 0.408894 0 0.912582 0.57712 0 -4.02943</i>
                <i>0.863132 0 -0.504978 0 1 0 0.504978 0 0.863132 0.59888 0 -4.06352</i>
                <i>0.80021 0 -0.59972 0 1 0 0.59972 0 0.80021 0.62976 0 -4.08905</i>
                <i>0.723699 0 -0.690116 0 1 0 0.690116 0 0.723699 0.67 0 -4.1099</i>
                <i>0.634159 0 -0.773203 0 1 0 0.773203 0 0.634159 0.717367 0 -4.12996</i>
                <i>0.532829 0 -0.846223 0 1 0 0.846223 0 0.532829 0.771702 0 -4.15311</i>
                <i>0.421577 0 -0.906793 0 1 0 0.906793 0 0.421577 0.836353 0 -4.18325</i>
                <i>0.302795 0 -0.953056 0 1 0 0.953056 0 0.302795 0.914669 0 -4.22425</i>
                <i>0.179264 0 -0.983801 0 1 0 0.983801 0 0.179264 1.01 0 -4.28</i>
                <i>0.0539748 0 -0.998542 0 1 0 0.998542 0 0.0539748 1.10732 0 -4.35271</i>
                <i>-0.0700546 0 -0.997543 0 1 0 0.997543 0 -0.0700546 1.18873 0 -4.42863</i>
                <i>-0.189963 0 -0.981791 0 1 0 0.981791 0 -0.189963 1.25327 0 -4.48774</i>
                <i>-0.303213 0 -0.952923 0 1 0 0.952923 0 -0.303213 1.3 0 -4.51</i>
                <i>-0.407714 0 -0.91311 0 1 0 0.91311 0 -0.407714 1.31562 0 -4.52682</i>
                <i>-0.501913 0 -0.864918 0 1 0 0.864918 0 -0.501913 1.305 0 -4.57718</i>
                <i>-0.584828 0 -0.811157 0 1 0 0.811157 0 -0.584828 1.29437 0 -4.65245</i>
                <i>-0.656032 0 -0.754733 0 1 0 0.754733 0 -0.656032 1.31 0 -4.74399</i>
                <i>-0.715597 0 -0.698513 0 1 0 0.698513 0 -0.715597 1.35281 0 -4.84315</i>
                <i>-0.763993 0 -0.645224 0 1 0 0.645224 0 -0.763993 1.41082 0 -4.9413</i>
                <i>-0.801964 0 -0.597372 0 1 0 0.597372 0 -0.801964 1.49092 0 -5.02979</i>
                <i>-0.830383 0 -0.557193 0 1 0 0.557193 0 -0.830383 1.6 0 -5.1</i>
                <i>-0.850091 0 -0.526636 0 1 0 0.526636 0 -0.850091 1.73742 0 -5.1382</i>
                <i>-0.861741 0 -0.507348 0 1 0 0.507348 0 -0.861741 1.86427 0 -5.14873</i>
                <i>-0.865636 0 -0.500674 0 1 0 0.500674 0 -0.865636 1.93 0 -5.15</i>
                <i>-0.865636 0 -0.500674 0 1 0 0.500674 0 -0.865636 1.93 0 -5.15</i>
                <i>-0.865636 0 -0.500674 0 1 0 0.500674 0 -0.865636 1.93 0 -5.15</i>
                <i>-0.865636 0 -0.500674 0 1 0 0.500674 0 -0.865636 1.93 0 -5.15</i>
                <i>-0.865636 0 -0.500674 0 1 0 0.500674 0 -0.865636 1.93 0 -5.15</i>
                <i>-0.865636 0 -0.500674 0 1 0 0.500674 0 -0.865636 1.93 0 -5.15</i>
                <i>-0.865636 0 -0.500674 0 1 0 0.500674 0 -0.865636 1.93 0 -5.15</i>
                <i>-0.865636 0 -0.500674 0 1 0 0.500674 0 -0.865636 1.93 0 -5.15</i>
                <i>-0.865636 0 -0.500674 0 1 0 0.500674 0 -0.865636 1.93 0 -5.15</i>
                <i>-0.865636 0 -0.500674 0 1 0 0.500674 0 -0.865636 1.93 0 -5.15</i>
                <i>-0.865636 0 -0.500674 0 1 0 0.500674 0 -0.865636 1.93 0 -5.15</i>
                <i>-0.865636 0 -0.500674 0 1 0 0.500674 0 -0.865636 1.93 0 -5.15</i>
                <i>-0.865636 0 -0.500674 0 1 0 0.500674 0 -0.865636 1.93 0 -5.15</i>
                <i>-0.865636 0 -0.500674 0 1 0 0.500674 0 -0.865636 1.93 0 -5.15</i>
                <i>-0.865636 0 -0.500674 0 1 0 0.500674 0 -0.865636 1.93 0 -5.15</i>
                <i>-0.865636 0 -0.500674 0 1 0 0.500674 0 -0.865636 1.93 0 -5.15</i>
                <i>-0.865636 0 -0.500674 0 1 0 0.500674 0 -0.865636 1.93 0 -5.15</i>
                <i>-0.865636 0 -0.500674 0 1 0 0.500674 0 -0.865636 1.93 0 -5.15</i>
                <i>-0.865636 0 -0.500674 0 1 0 0.500674 0 -0.865636 1.93 0 -5.15</i>
                <i>-0.865636 0 -0.500674 0 1 0 0.500674 0 -0.865636 1.93 0 -5.15</i>
                <i>-0.865636 0 -0.500674 0 1 0 0.500674 0 -0.865636 1.93 0 -5.15</i>
                <i>-0.865636 0 -0.500674 0 1 0 0.500674 0 -0.865636 1.93 0 -5.15</i>
                <i>-0.865636 0 -0.500674 0 1 0 0.500674 0 -0.865636 1.93 0 -5.15</i>
            </KeyFrames>
        </RefFrame>
        <Bones count="23">
            <i>
                <p>
                    <Name><![CDATA[pelvis]]></Name>
                    <Exclude>0</Exclude>
                    <Additive>0</Additive>
                    <IKPriority>0</IKPriority>
                    <IKRotLimits>-1e+010 -1e+010 -1e+010 1e+010 1e+010 1e+010</IKRotLimits>
                    <IKRotLimitOrder>2</IKRotLimitOrder>
                    <KeyFrames count="67">
                        <i>1 0 0 0 1 0 0 0 1 0.67 1.66 -1.71</i>
                        <i>1 0 0 0 1 0 0 0 1 0.669351 1.66995 -1.75955</i>
                        <i>1 0 0 0 1 0 0 0 1 0.669395 1.68153 -1.80011</i>
                        <i>1 0 0 0 1 0 0 0 1 0.669785 1.68984 -1.83616</i>
                        <i>1 0 0 0 1 0 0 0 1 0.670176 1.69 -1.87221</i>
                        <i>1 0 0 0 1 0 0 0 1 0.67022 1.67828 -1.91277</i>
                        <i>1 0 0 0 1 0 0 0 1 0.669571 1.65832 -1.96232</i>
                        <i>1 0 0 0 1 0 0 0 1 0.667882 1.63621 -2.02538</i>
                        <i>1 0 0 0 1 0 0 0 1 0.664808 1.61807 -2.10644</i>
                        <i>1 0 0 0 1 0 0 0 1 0.66 1.61 -2.21</i>
                        <i>1 0 0 0 1 0 0 0 1 0.652511 1.62048 -2.34558</i>
                        <i>1 0 0 0 1 0 0 0 1 0.642189 1.64544 -2.51357</i>
                        <i>1 0 0 0 1 0 0 0 1 0.629889 1.67216 -2.70477</i>
                        <i>1 0 0 0 1 0 0 0 1 0.616463 1.68792 -2.90996</i>
                        <i>1 0 0 0 1 0 0 0 1 0.602763 1.68 -3.11996</i>
                        <i>1 0 0 0 1 0 0 0 1 0.589642 1.6398 -3.32556</i>
                        <i>1 0 0 0 1 0 0 0 1 0.577953 1.57579 -3.51757</i>
                        <i>1 0 0 0 1 0 0 0 1 0.568547 1.50089 -3.68678</i>
                        <i>1 0 0 0 1 0 0 0 1 0.562279 1.42799 -3.82399</i>
                        <i>1 0 0 0 1 0 0 0 1 0.56 1.37 -3.92</i>
                        <i>1 0 0 0 1 0 0 0 1 0.56424 1.33177 -3.98288</i>
                        <i>1 0 0 0 1 0 0 0 1 0.57712 1.30759 -4.02943</i>
                        <i>1 0 0 0 1 0 0 0 1 0.59888 1.29453 -4.06352</i>
                        <i>1 0 0 0 1 0 0 0 1 0.62976 1.28964 -4.08905</i>
                        <i>1 0 0 0 1 0 0 0 1 0.67 1.29 -4.1099</i>
                        <i>1 0 0 0 1 0 0 0 1 0.717367 1.30168 -4.12996</i>
                        <i>1 0 0 0 1 0 0 0 1 0.771702 1.32664 -4.15311</i>
                        <i>1 0 0 0 1 0 0 0 1 0.836353 1.35576 -4.18325</i>
                        <i>1 0 0 0 1 0 0 0 1 0.914669 1.37992 -4.22425</i>
                        <i>1 0 0 0 1 0 0 0 1 1.01 1.39 -4.28</i>
                        <i>1 0 0 0 1 0 0 0 1 1.10732 1.34743 -4.35271</i>
                        <i>1 0 0 0 1 0 0 0 1 1.18873 1.24981 -4.42863</i>
                        <i>1 0 0 0 1 0 0 0 1 1.25327 1.14228 -4.48774</i>
                        <i>1 0 0 0 1 0 0 0 1 1.3 1.07 -4.51</i>
                        <i>1 0 0 0 1 0 0 0 1 1.31562 1.04113 -4.52682</i>
                        <i>1 0 0 0 1 0 0 0 1 1.305 1.0306 -4.57718</i>
                        <i>1 0 0 0 1 0 0 0 1 1.29437 1.03374 -4.65245</i>
                        <i>1 0 0 0 1 0 0 0 1 1.31 1.04584 -4.74399</i>
                        <i>1 0 0 0 1 0 0 0 1 1.35281 1.06221 -4.84315</i>
                        <i>1 0 0 0 1 0 0 0 1 1.41082 1.07816 -4.9413</i>
                        <i>1 0 0 0 1 0 0 0 1 1.49092 1.08898 -5.02979</i>
                        <i>1 0 0 0 1 0 0 0 1 1.6 1.09 -5.1</i>
                        <i>1 0 0 0 1 0 0 0 1 1.73742 1.06684 -5.1382</i>
                        <i>1 0 0 0 1 0 0 0 1 1.86427 1.02953 -5.14873</i>
                        <i>1 0 0 0 1 0 0 0 1 1.93 1.01 -5.15</i>
                        <i>1 0 0 0 1 0 0 0 1 1.93 1.01386 -5.15</i>
                        <i>1 0 0 0 1 0 0 0 1 1.93 1.02396 -5.15</i>
                        <i>1 0 0 0 1 0 0 0 1 1.93 1.03806 -5.15</i>
                        <i>1 0 0 0 1 0 0 0 1 1.93 1.05394 -5.15</i>
                        <i>1 0 0 0 1 0 0 0 1 1.93 1.06938 -5.15</i>
                        <i>1 0 0 0 1 0 0 0 1 1.93 1.08214 -5.15</i>
                        <i>1 0 0 0 1 0 0 0 1 1.93 1.09 -5.15</i>
                        <i>1 0 0 0 1 0 0 0 1 1.93 1.09314 -5.15</i>
                        <i>1 0 0 0 1 0 0 0 1 1.93 1.09369 -5.15</i>
                        <i>1 0 0 0 1 0 0 0 1 1.93 1.0923 -5.15</i>
                        <i>1 0 0 0 1 0 0 0 1 1.93 1.08967 -5.15</i>
                        <i>1 0 0 0 1 0 0 0 1 1.93 1.08645 -5.15</i>
                        <i>1 0 0 0 1 0 0 0 1 1.93 1.08331 -5.15</i>
                        <i>1 0 0 0 1 0 0 0 1 1.93 1.08094 -5.15</i>
                        <i>1 0 0 0 1 0 0 0 1 1.93 1.08 -5.15</i>
                        <i>1 0 0 0 1 0 0 0 1 1.93 1.08 -5.15</i>
                        <i>1 0 0 0 1 0 0 0 1 1.93 1.08 -5.15</i>
                        <i>1 0 0 0 1 0 0 0 1 1.93 1.08 -5.15</i>
                        <i>1 0 0 0 1 0 0 0 1 1.93 1.08 -5.15</i>
                        <i>1 0 0 0 1 0 0 0 1 1.93 1.08 -5.15</i>
                        <i>1 0 0 0 1 0 0 0 1 1.93 1.08 -5.15</i>
                        <i>1 0 0 0 1 0 0 0 1 1.93 1.08 -5.15</i>
                    </KeyFrames>
                </p>
            </i>
            <i>
                <p>
                    <Name><![CDATA[spine0]]></Name>
                    <Exclude>0</Exclude>
                    <Additive>0</Additive>
                    <IKPriority>0</IKPriority>
                    <IKRotLimits>-1e+010 -1e+010 -1e+010 1e+010 1e+010 1e+010</IKRotLimits>
                    <IKRotLimitOrder>0</IKRotLimitOrder>
                    <KeyFrames count="67">
                        <i>-0.141229 0.963557 -0.227186 0.682897 -0.0713241 -0.727024 -0.716733 -0.257821 -0.647937 0.698583 1.79598 -1.67273</i>
                        <i>-0.148266 0.96259 -0.226799 0.66727 -0.0718907 -0.741338 -0.729909 -0.261252 -0.631649 0.697964 1.80586 -1.72206</i>
                        <i>-0.157282 0.961793 -0.224093 0.64426 -0.0720475 -0.761405 -0.748459 -0.264129 -0.608313 0.698309 1.81728 -1.76226</i>
                        <i>-0.167241 0.961053 -0.220019 0.617005 -0.0720364 -0.783656 -0.768984 -0.266812 -0.580926 0.699149 1.82538 -1.79791</i>
                        <i>-0.177146 0.960259 -0.215689 0.589008 -0.0721344 -0.804901 -0.788472 -0.269628 -0.552822 0.700001 1.82532 -1.83356</i>
                        <i>-0.186077 0.9593 -0.21241 0.564179 -0.0726734 -0.822448 -0.804411 -0.272876 -0.527694 0.700363 1.81345 -1.87379</i>
                        <i>-0.193162 0.958068 -0.211649 0.546715 -0.074023 -0.834041 -0.814734 -0.276816 -0.509491 0.699723 1.79343 -1.92318</i>
                        <i>-0.197478 0.95646 -0.214913 0.540889 -0.0765301 -0.837605 -0.817582 -0.281653 -0.502226 0.697569 1.77144 -1.98627</i>
                        <i>-0.197885 0.954391 -0.223561 0.550743 -0.0804162 -0.830792 -0.810878 -0.287526 -0.509711 0.693414 1.75362 -2.06764</i>
                        <i>-0.192802 0.95181 -0.238507 0.579654 -0.0856428 -0.810349 -0.791725 -0.294489 -0.535208 0.686827 1.7461 -2.17187</i>
                        <i>-0.176869 0.948237 -0.26375 0.633796 -0.0952903 -0.767608 -0.753007 -0.30293 -0.584135 0.676665 1.7574 -2.30863</i>
                        <i>-0.145989 0.944178 -0.295323 0.708746 -0.108448 -0.697078 -0.690193 -0.311075 -0.65335 0.66307 1.78333 -2.47826</i>
                        <i>-0.102441 0.941322 -0.321588 0.790601 -0.119156 -0.600626 -0.603701 -0.315776 -0.732004 0.647541 1.81094 -2.67123</i>
                        <i>-0.0528787 0.941299 -0.333405 0.866625 -0.122626 -0.483657 -0.496151 -0.314513 -0.809269 0.631368 1.82737 -2.8779</i>
                        <i>-0.00728439 0.945053 -0.326836 0.927547 -0.115739 -0.355334 -0.373637 -0.305744 -0.875738 0.615562 1.81984 -3.08869</i>
                        <i>0.0252332 0.953757 -0.299517 0.969016 -0.0969751 -0.227163 -0.245704 -0.284505 -0.926653 0.600895 1.77975 -3.29421</i>
                        <i>0.0421305 0.965046 -0.258673 0.991223 -0.0728447 -0.110324 -0.12531 -0.251755 -0.959644 0.588039 1.71563 -3.48534</i>
                        <i>0.0465985 0.975001 -0.217258 0.998573 -0.0511478 -0.0153604 -0.0260887 -0.216232 -0.975993 0.577723 1.64049 -3.65327</i>
                        <i>0.0446455 0.981577 -0.185776 0.998186 -0.0363117 0.0480241 0.0403935 -0.187583 -0.981418 0.570814 1.56736 -3.78935</i>
                        <i>0.0427609 0.98393 -0.173357 0.996997 -0.0308122 0.0710413 0.0645582 -0.175874 -0.982293 0.568289 1.50926 -3.88489</i>
                        <i>0.044239 0.98114 -0.188169 0.997083 -0.0316354 0.0694648 0.0622019 -0.190693 -0.979677 0.573358 1.47089 -3.94739</i>
                        <i>0.0474334 0.973233 -0.224875 0.997293 -0.0334792 0.0654674 0.0561864 -0.227371 -0.972186 0.588226 1.44633 -3.99301</i>
                        <i>0.0507695 0.961026 -0.271757 0.997552 -0.0356926 0.0601407 0.048097 -0.274145 -0.960485 0.612388 1.43276 -4.02601</i>
                        <i>0.0535175 0.94752 -0.315186 0.997783 -0.0382409 0.0544594 0.0395484 -0.317402 -0.947466 0.645343 1.4274 -4.05062</i>
                        <i>0.0554697 0.939205 -0.338847 0.997938 -0.0411788 0.0492257 0.0322797 -0.340879 -0.939553 0.686601 1.42752 -4.07107</i>
                        <i>0.0571451 0.941481 -0.332188 0.998031 -0.0452587 0.0434163 0.0258412 -0.334015 -0.942213 0.733519 1.43936 -4.09149</i>
                        <i>0.0593541 0.951206 -0.302795 0.998047 -0.0506356 0.0365705 0.0194538 -0.304374 -0.952354 0.786417 1.46473 -4.11554</i>
                        <i>0.0616075 0.962384 -0.264615 0.997998 -0.0555901 0.0301763 0.0143313 -0.265944 -0.963882 0.849253 1.49431 -4.14674</i>
                        <i>0.063194 0.970533 -0.232533 0.99794 -0.0588645 0.0255184 0.0110785 -0.233667 -0.972254 0.926004 1.51884 -4.18863</i>
                        <i>0.0637755 0.973605 -0.219148 0.997915 -0.0600281 0.0237231 0.00994189 -0.220203 -0.975403 1.02067 1.52907 -4.24477</i>
                        <i>0.0496161 0.981308 -0.18594 0.998659 -0.0459898 0.023768 0.0147724 -0.18687 -0.982274 1.11555 1.48653 -4.31695</i>
                        <i>0.0166007 0.993424 -0.113282 0.999291 -0.0126537 0.0354725 0.0338058 -0.113791 -0.992929 1.19083 1.38884 -4.39174</i>
                        <i>-0.0209988 0.998937 -0.0410462 0.997114 0.0239209 0.0720463 0.0729516 -0.0394149 -0.996556 1.24775 1.281 -4.44999</i>
                        <i>-0.0451063 0.998969 -0.00507949 0.989888 0.0453797 0.1344 0.134492 0.00103416 -0.990914 1.28841 1.20835 -4.47231</i>
                        <i>-0.0314332 0.999174 -0.0257419 0.971781 0.0365751 0.23303 0.233779 -0.0176906 -0.972129 1.30064 1.18004 -4.49254</i>
                        <i>0.0239698 0.996371 -0.0816772 0.933773 0.00686673 0.3578 0.357062 -0.0848443 -0.930219 1.28845 1.1709 -4.54998</i>
                        <i>0.0997123 0.984969 -0.141042 0.880831 -0.0214468 0.472945 0.462812 -0.171393 -0.86973 1.27712 1.17514 -4.63236</i>
                        <i>0.15656 0.971309 -0.179019 0.835617 -0.033637 0.548281 0.526529 -0.23543 -0.816909 1.29 1.18733 -4.72734</i>
                        <i>0.174222 0.965496 -0.193555 0.810653 -0.0290433 0.584806 0.559007 -0.258792 -0.787742 1.32745 1.20279 -4.82608</i>
                        <i>0.16206 0.968253 -0.190322 0.798803 -0.0154874 0.601394 0.579354 -0.249492 -0.775953 1.38025 1.21741 -4.92206</i>
                        <i>0.12157 0.979303 -0.161824 0.801349 -0.000630571 0.598197 0.585714 -0.2024 -0.78484 1.45618 1.22623 -5.00427</i>
                        <i>0.0672009 0.991362 -0.112629 0.813028 0.0110227 0.582121 0.578334 -0.13069 -0.805264 1.56239 1.22407 -5.06385</i>
                        <i>0.0128833 0.99838 -0.0554203 0.825922 0.0206171 0.563408 0.563638 -0.0530313 -0.824318 1.6985 1.19678 -5.09029</i>
                        <i>-0.0286218 0.999581 -0.00429947 0.835549 0.0262854 0.548786 0.548669 0.0121148 -0.835952 1.82541 1.15546 -5.09105</i>
                        <i>-0.046325 0.998598 0.0256198 0.84046 0.0251017 0.541292 0.53989 0.0466078 -0.840444 1.89209 1.13387 -5.08743</i>
                        <i>-0.0363632 0.999163 0.0187192 0.841797 0.0205305 0.539404 0.538568 0.0353722 -0.841839 1.89337 1.13941 -5.09007</i>
                        <i>-0.0122437 0.999925 -3.25881e-005 0.844065 0.0103527 0.53614 0.536101 0.00653685 -0.844129 1.8965 1.15327 -5.0966</i>
                        <i>0.0172176 0.999484 -0.0271094 0.845228 -6.54431e-005 0.534406 0.534129 -0.0321148 -0.844793 1.90041 1.17139 -5.10479</i>
                        <i>0.0441514 0.997463 -0.055837 0.845063 -0.00747841 0.534614 0.532841 -0.0707898 -0.843249 1.90395 1.19027 -5.11216</i>
                        <i>0.0627949 0.995111 -0.0762237 0.844567 -0.0122913 0.535309 0.531755 -0.0979907 -0.84121 1.90586 1.20705 -5.11596</i>
                        <i>0.0732427 0.993609 -0.0858926 0.844353 -0.0159448 0.53555 0.530758 -0.111749 -0.840124 1.9063 1.22001 -5.11646</i>
                        <i>0.0785915 0.992753 -0.0909161 0.844332 -0.0177984 0.535525 0.530026 -0.118851 -0.839611 1.90631 1.22775 -5.11594</i>
                        <i>0.0800546 0.99236 -0.0938738 0.844482 -0.0174878 0.535298 0.529567 -0.122128 -0.83943 1.90599 1.2305 -5.11462</i>
                        <i>0.079194 0.992235 -0.0959096 0.844687 -0.0157016 0.53503 0.529369 -0.123385 -0.839372 1.90542 1.23045 -5.11275</i>
                        <i>0.0770398 0.992256 -0.0974314 0.844838 -0.0130751 0.534862 0.529446 -0.123519 -0.839303 1.9047 1.22832 -5.11055</i>
                        <i>0.0744285 0.99233 -0.0987042 0.844871 -0.0101662 0.534874 0.529768 -0.123202 -0.839147 1.9039 1.22485 -5.10827</i>
                        <i>0.0719545 0.9924 -0.0998198 0.84478 -0.00743245 0.535062 0.530254 -0.122826 -0.838895 1.90313 1.22079 -5.10611</i>
                        <i>0.0699714 0.992449 -0.10074 0.844614 -0.00520714 0.53535 0.530783 -0.122545 -0.838601 1.90247 1.21692 -5.10431</i>
                        <i>0.0686612 0.992477 -0.101364 0.844454 -0.00371708 0.535616 0.53121 -0.122373 -0.838356 1.90201 1.21402 -5.10307</i>
                        <i>0.0681719 0.992488 -0.101589 0.844384 -0.00316275 0.535729 0.531383 -0.122302 -0.838257 1.90184 1.21288 -5.10261</i>
                        <i>0.0681719 0.992488 -0.101589 0.844384 -0.00316275 0.535729 0.531383 -0.122302 -0.838257 1.90184 1.21288 -5.10261</i>
                        <i>0.0681719 0.992488 -0.101589 0.844384 -0.00316275 0.535729 0.531383 -0.122302 -0.838257 1.90184 1.21288 -5.10261</i>
                        <i>0.0681719 0.992488 -0.101589 0.844384 -0.00316275 0.535729 0.531383 -0.122302 -0.838257 1.90184 1.21288 -5.10261</i>
                        <i>0.0681719 0.992488 -0.101589 0.844384 -0.00316275 0.535729 0.531383 -0.122302 -0.838257 1.90184 1.21288 -5.10261</i>
                        <i>0.0681719 0.992488 -0.101589 0.844384 -0.00316275 0.535729 0.531383 -0.122302 -0.838257 1.90184 1.21288 -5.10261</i>
                        <i>0.0681719 0.992488 -0.101589 0.844384 -0.00316275 0.535729 0.531383 -0.122302 -0.838257 1.90184 1.21288 -5.10261</i>
                        <i>0.0681719 0.992488 -0.101589 0.844384 -0.00316275 0.535729 0.531383 -0.122302 -0.838257 1.90184 1.21288 -5.10261</i>
                    </KeyFrames>
                </p>
            </i>
            <i>
                <p>
                    <Name><![CDATA[spine1]]></Name>
                    <Exclude>0</Exclude>
                    <Additive>0</Additive>
                    <IKPriority>0</IKPriority>
                    <IKRotLimits>-1e+010 -1e+010 -1e+010 1e+010 1e+010 1e+010</IKRotLimits>
                    <IKRotLimitOrder>0</IKRotLimitOrder>
                    <KeyFrames count="67">
                        <i>-0.317397 0.680705 -0.660227 0.797504 -0.185089 -0.574221 -0.513076 -0.70879 -0.484118 0.672566 1.9739 -1.71462</i>
                        <i>-0.326194 0.671331 -0.665516 0.78967 -0.193487 -0.582223 -0.519633 -0.715456 -0.467016 0.670574 1.9841 -1.764</i>
                        <i>-0.340196 0.661297 -0.668545 0.776235 -0.203806 -0.596592 -0.530778 -0.721907 -0.443988 0.669149 1.99601 -1.80385</i>
                        <i>-0.3569 0.650974 -0.669966 0.759722 -0.215043 -0.613661 -0.543549 -0.728003 -0.41781 0.66802 2.00469 -1.8389</i>
                        <i>-0.373687 0.640683 -0.670733 0.742892 -0.226262 -0.630014 -0.555401 -0.73371 -0.391407 0.6669 2.00519 -1.8739</i>
                        <i>-0.387867 0.630667 -0.672174 0.728787 -0.236631 -0.642554 -0.564295 -0.739097 -0.367841 0.665472 1.99377 -1.91366</i>
                        <i>-0.396689 0.62111 -0.675914 0.72062 -0.245415 -0.648443 -0.568634 -0.744307 -0.350232 0.663406 1.97401 -1.96301</i>
                        <i>-0.397302 0.612192 -0.683646 0.721552 -0.251905 -0.644908 -0.567021 -0.74951 -0.341646 0.660384 1.95199 -2.02678</i>
                        <i>-0.386659 0.60418 -0.69675 0.734361 -0.255303 -0.628915 -0.55786 -0.754842 -0.344971 0.656154 1.93376 -2.10978</i>
                        <i>-0.361393 0.597575 -0.715751 0.760979 -0.254552 -0.596753 -0.5388 -0.760334 -0.362749 0.650595 1.9254 -2.21674</i>
                        <i>-0.308634 0.591249 -0.745097 0.806747 -0.252261 -0.534344 -0.503889 -0.766022 -0.399132 0.643571 1.93525 -2.35803</i>
                        <i>-0.223266 0.587577 -0.777757 0.865055 -0.248307 -0.435917 -0.449257 -0.770128 -0.452848 0.635946 1.95918 -2.5332</i>
                        <i>-0.117016 0.592685 -0.796889 0.919964 -0.237591 -0.311797 -0.374131 -0.769594 -0.517446 0.628695 1.98458 -2.73048</i>
                        <i>-0.00762259 0.611868 -0.790923 0.960392 -0.215844 -0.176235 -0.278548 -0.76094 -0.585988 0.621764 1.99894 -2.93861</i>
                        <i>0.0831332 0.648138 -0.756971 0.982694 -0.179494 -0.0457648 -0.165534 -0.740067 -0.651844 0.614271 1.9898 -3.14742</i>
                        <i>0.136772 0.7082 -0.692637 0.989709 -0.12739 0.0651808 -0.0420738 -0.694424 -0.718335 0.605378 1.94888 -3.34728</i>
                        <i>0.150331 0.7811 -0.606039 0.985481 -0.0694648 0.154923 0.078912 -0.62053 -0.780202 0.595418 1.8846 -3.53061</i>
                        <i>0.134689 0.84468 -0.518049 0.974506 -0.0182422 0.22362 0.179437 -0.534961 -0.825602 0.585807 1.80964 -3.69095</i>
                        <i>0.109713 0.88614 -0.450243 0.963224 0.0169956 0.268163 0.245282 -0.463106 -0.851686 0.578519 1.73677 -3.8214</i>
                        <i>0.0972024 0.900779 -0.42326 0.958358 0.0300239 0.283986 0.268516 -0.433238 -0.860351 0.575657 1.67882 -3.91475</i>
                        <i>0.0969734 0.881719 -0.4617 0.959731 0.040044 0.278051 0.263651 -0.470072 -0.842331 0.581003 1.64045 -3.9799</i>
                        <i>0.0960356 0.828908 -0.55108 0.962666 0.0634224 0.263159 0.253085 -0.555778 -0.79187 0.596488 1.61585 -4.03217</i>
                        <i>0.0948356 0.752115 -0.652172 0.965603 0.0898305 0.24401 0.242109 -0.652881 -0.717726 0.621328 1.60202 -4.07385</i>
                        <i>0.0956549 0.673814 -0.732684 0.967897 0.108912 0.226524 0.232433 -0.730831 -0.641764 0.654867 1.59606 -4.10668</i>
                        <i>0.101362 0.627126 -0.772295 0.969691 0.111198 0.217566 0.222319 -0.77094 -0.596847 0.696528 1.59565 -4.13168</i>
                        <i>0.114676 0.635006 -0.763948 0.970993 0.0907742 0.221208 0.209815 -0.767155 -0.606177 0.743723 1.6075 -4.15077</i>
                        <i>0.129299 0.688884 -0.713247 0.970491 0.0597297 0.233622 0.203541 -0.722407 -0.660832 0.796928 1.6332 -4.16913</i>
                        <i>0.139982 0.760686 -0.633847 0.968156 0.0290365 0.24866 0.207557 -0.648471 -0.732397 0.860051 1.663 -4.1931</i>
                        <i>0.145829 0.818071 -0.556322 0.965448 0.00508114 0.260544 0.215971 -0.575095 -0.789064 0.936989 1.68756 -4.22904</i>
                        <i>0.147411 0.840673 -0.521094 0.964166 -0.00464399 0.265258 0.220575 -0.541523 -0.811233 1.03172 1.69777 -4.28273</i>
                        <i>0.13414 0.88019 -0.455271 0.962786 -0.00698191 0.270175 0.234626 -0.474569 -0.848372 1.12407 1.65505 -4.34888</i>
                        <i>0.0987218 0.950966 -0.293117 0.957591 -0.0106588 0.287935 0.270692 -0.309112 -0.911688 1.19363 1.5566 -4.41089</i>
                        <i>0.0475664 0.993275 -0.105556 0.946855 -0.011181 0.321466 0.318124 -0.115238 -0.941019 1.24425 1.4478 -4.45687</i>
                        <i>-0.00217977 0.999915 0.0128383 0.928961 -0.00272762 0.370168 0.370171 0.0127331 -0.928876 1.2809 1.37492 -4.47318</i>
                        <i>-0.0034196 0.999767 0.0213138 0.894446 -0.0064729 0.44713 0.447163 0.0205931 -0.894215 1.29539 1.34706 -4.49687</i>
                        <i>0.0705306 0.996774 -0.0383024 0.838275 -0.0384156 0.543893 0.540667 -0.0704691 -0.83828 1.29247 1.33781 -4.56369</i>
                        <i>0.20259 0.970821 -0.128314 0.771694 -0.0776046 0.631241 0.602864 -0.226903 -0.764898 1.29388 1.34052 -4.65606</i>
                        <i>0.338967 0.917143 -0.209641 0.719698 -0.10927 0.685635 0.605918 -0.383286 -0.697105 1.31644 1.35135 -4.75759</i>
                        <i>0.429331 0.862278 -0.26861 0.694439 -0.125023 0.708607 0.577434 -0.49076 -0.652476 1.35721 1.36766 -4.85914</i>
                        <i>0.460974 0.835159 -0.30002 0.687261 -0.122099 0.716076 0.561406 -0.536284 -0.630256 1.40832 1.38513 -4.95502</i>
                        <i>0.429365 0.849712 -0.305998 0.70014 -0.0991497 0.707088 0.570481 -0.51784 -0.637489 1.47756 1.39859 -5.03273</i>
                        <i>0.359913 0.883798 -0.298938 0.724174 -0.0626141 0.686769 0.588248 -0.46366 -0.662559 1.57439 1.40151 -5.08397</i>
                        <i>0.27603 0.918834 -0.282048 0.747932 -0.0210369 0.663442 0.60366 -0.394083 -0.693032 1.7008 1.37811 -5.1003</i>
                        <i>0.203067 0.943469 -0.261975 0.76639 0.0133775 0.642236 0.609434 -0.331192 -0.720348 1.82012 1.3389 -5.09178</i>
                        <i>0.165879 0.954219 -0.248899 0.780996 0.0269858 0.623952 0.602104 -0.29789 -0.740765 1.8835 1.31798 -5.08264</i>
                        <i>0.173075 0.95267 -0.249929 0.792886 0.0157663 0.609166 0.584275 -0.303597 -0.75263 1.88665 1.32278 -5.08658</i>
                        <i>0.188754 0.948295 -0.255166 0.819279 -0.00880335 0.573328 0.541438 -0.31727 -0.778579 1.89425 1.33474 -5.09655</i>
                        <i>0.204111 0.941712 -0.267428 0.848091 -0.0336556 0.528781 0.488959 -0.334733 -0.805526 1.90347 1.35027 -5.10961</i>
                        <i>0.214976 0.933617 -0.286609 0.871957 -0.0513106 0.486885 0.439858 -0.35458 -0.825105 1.91173 1.36656 -5.122</i>
                        <i>0.224652 0.924062 -0.30926 0.886152 -0.0617318 0.459265 0.405298 -0.377226 -0.832727 1.91687 1.38173 -5.12932</i>
                        <i>0.235612 0.915016 -0.327464 0.890292 -0.0681046 0.450269 0.389701 -0.397627 -0.830678 1.91913 1.39419 -5.1315</i>
                        <i>0.246149 0.908082 -0.338819 0.887503 -0.0706728 0.45535 0.38955 -0.412787 -0.823321 1.92008 1.40184 -5.13186</i>
                        <i>0.257148 0.901564 -0.347933 0.879237 -0.0688642 0.471381 0.40102 -0.42713 -0.810397 1.92004 1.40486 -5.13109</i>
                        <i>0.268205 0.895552 -0.355039 0.866617 -0.0633224 0.494939 0.420762 -0.440428 -0.793084 1.91936 1.40528 -5.12963</i>
                        <i>0.278603 0.890295 -0.360215 0.850654 -0.0546396 0.52288 0.445835 -0.452094 -0.772556 1.9183 1.40375 -5.12775</i>
                        <i>0.287698 0.885977 -0.363696 0.832628 -0.0437336 0.552104 0.473246 -0.461662 -0.750271 1.91709 1.40093 -5.12575</i>
                        <i>0.295024 0.88269 -0.365814 0.814262 -0.0319415 0.579618 0.499938 -0.468869 -0.728164 1.91592 1.39749 -5.12385</i>
                        <i>0.300327 0.880431 -0.366939 0.797787 -0.0210009 0.602573 0.522818 -0.473708 -0.708704 1.91494 1.39415 -5.12226</i>
                        <i>0.303525 0.879135 -0.367416 0.785857 -0.0129268 0.618273 0.538796 -0.476398 -0.694798 1.91427 1.39161 -5.12117</i>
                        <i>0.304603 0.878716 -0.367526 0.781286 -0.00979893 0.624097 0.544802 -0.477244 -0.689513 1.91402 1.39061 -5.12076</i>
                        <i>0.304603 0.878716 -0.367526 0.781286 -0.00979893 0.624097 0.544802 -0.477244 -0.689513 1.91402 1.39061 -5.12076</i>
                        <i>0.304603 0.878716 -0.367526 0.781286 -0.00979893 0.624097 0.544802 -0.477244 -0.689513 1.91402 1.39061 -5.12076</i>
                        <i>0.304603 0.878716 -0.367526 0.781286 -0.00979893 0.624097 0.544802 -0.477244 -0.689513 1.91402 1.39061 -5.12076</i>
                        <i>0.304603 0.878716 -0.367526 0.781286 -0.00979893 0.624097 0.544802 -0.477244 -0.689513 1.91402 1.39061 -5.12076</i>
                        <i>0.304603 0.878716 -0.367526 0.781286 -0.00979893 0.624097 0.544802 -0.477244 -0.689513 1.91402 1.39061 -5.12076</i>
                        <i>0.304603 0.878716 -0.367526 0.781286 -0.00979893 0.624097 0.544802 -0.477244 -0.689513 1.91402 1.39061 -5.12076</i>
                        <i>0.304603 0.878716 -0.367526 0.781286 -0.00979893 0.624097 0.544802 -0.477244 -0.689513 1.91402 1.39061 -5.12076</i>
                    </KeyFrames>
                </p>
            </i>
            <i>
                <p>
                    <Name><![CDATA[spine2]]></Name>
                    <Exclude>0</Exclude>
                    <Additive>0</Additive>
                    <IKPriority>0</IKPriority>
                    <IKRotLimits>-1e+010 -1e+010 -1e+010 1e+010 1e+010 1e+010</IKRotLimits>
                    <IKRotLimitOrder>0</IKRotLimitOrder>
                    <KeyFrames count="67">
                        <i>-0.385842 0.485889 -0.784244 0.881926 -0.0552597 -0.468137 -0.2708 -0.872272 -0.407197 0.618686 2.0891 -1.82686</i>
                        <i>-0.395114 0.471497 -0.7884 0.878973 -0.0554084 -0.473641 -0.267005 -0.880125 -0.392541 0.615044 2.09802 -1.87746</i>
                        <i>-0.411146 0.455876 -0.78939 0.871739 -0.0565537 -0.486696 -0.266516 -0.888245 -0.374153 0.611022 2.10861 -1.91823</i>
                        <i>-0.430564 0.439693 -0.788216 0.862141 -0.0580563 -0.503331 -0.267072 -0.89627 -0.354081 0.606791 2.11595 -1.95398</i>
                        <i>-0.449923 0.423559 -0.786236 0.852283 -0.0593666 -0.519701 -0.2668 -0.903921 -0.334282 0.602531 2.11511 -1.98957</i>
                        <i>-0.465767 0.408002 -0.785236 0.844526 -0.0600498 -0.532137 -0.264266 -0.911004 -0.316599 0.598421 2.10233 -2.02999</i>
                        <i>-0.474636 0.393491 -0.787328 0.841398 -0.0597644 -0.537101 -0.258398 -0.917384 -0.302716 0.594643 2.08119 -2.0803</i>
                        <i>-0.472994 0.380499 -0.794667 0.845355 -0.0581905 -0.531026 -0.248297 -0.922949 -0.294133 0.591413 2.05778 -2.14559</i>
                        <i>-0.457074 0.369604 -0.808997 0.858383 -0.0549099 -0.510063 -0.232943 -0.927565 -0.292164 0.589043 2.03816 -2.23086</i>
                        <i>-0.422676 0.361642 -0.830999 0.88142 -0.0492561 -0.469758 -0.210816 -0.931015 -0.297939 0.588012 2.02843 -2.34086</i>
                        <i>-0.353846 0.355997 -0.864904 0.918801 -0.0406378 -0.392623 -0.174921 -0.933603 -0.312711 0.590389 2.03675 -2.48668</i>
                        <i>-0.245003 0.35515 -0.902132 0.961769 -0.0284081 -0.272383 -0.122365 -0.934378 -0.334612 0.597795 2.05936 -2.66654</i>
                        <i>-0.110799 0.365031 -0.924379 0.992235 -0.0122581 -0.123774 -0.0565124 -0.930915 -0.360838 0.608981 2.08468 -2.86578</i>
                        <i>0.0284188 0.390965 -0.919967 0.999404 0.00692487 0.0338157 0.0195914 -0.920379 -0.390535 0.62067 2.10111 -3.07129</i>
                        <i>0.148901 0.436494 -0.8873 0.983511 0.0277643 0.178705 0.102639 -0.899279 -0.425162 0.628246 2.09667 -3.2727</i>
                        <i>0.230802 0.511035 -0.827994 0.9545 0.0462402 0.294605 0.18884 -0.858315 -0.47711 0.627936 2.06411 -3.4603</i>
                        <i>0.269938 0.605487 -0.748678 0.922559 0.0600077 0.381162 0.275715 -0.79359 -0.542399 0.619889 2.0102 -3.62823</i>
                        <i>0.274089 0.694292 -0.665457 0.89461 0.0698544 0.441354 0.352914 -0.716295 -0.601974 0.607558 1.94432 -3.77363</i>
                        <i>0.260837 0.757114 -0.598951 0.875562 0.0758056 0.477122 0.40664 -0.64887 -0.643127 0.596186 1.87741 -3.89289</i>
                        <i>0.252069 0.780595 -0.571955 0.868783 0.0777852 0.489045 0.426236 -0.620178 -0.658561 0.591308 1.82158 -3.98185</i>
                        <i>0.255185 0.752905 -0.606642 0.872259 0.0914507 0.480417 0.417186 -0.651745 -0.633391 0.596661 1.78056 -4.05329</i>
                        <i>0.262296 0.680296 -0.684396 0.880033 0.122342 0.458884 0.395907 -0.722655 -0.566593 0.612118 1.74854 -4.12046</i>
                        <i>0.271036 0.581879 -0.766783 0.888307 0.155616 0.432082 0.370743 -0.798249 -0.474709 0.636937 1.72364 -4.17948</i>
                        <i>0.281247 0.486269 -0.827311 0.894437 0.179516 0.409581 0.347681 -0.855171 -0.384449 0.670779 1.70608 -4.22659</i>
                        <i>0.293428 0.427578 -0.855031 0.897082 0.185935 0.40084 0.33037 -0.88465 -0.329014 0.713468 1.69855 -4.25876</i>
                        <i>0.307973 0.428503 -0.849433 0.895513 0.170922 0.410903 0.321261 -0.887226 -0.331091 0.762806 1.71146 -4.27619</i>
                        <i>0.315002 0.489877 -0.812892 0.890016 0.144986 0.432262 0.329614 -0.859651 -0.390328 0.818238 1.74513 -4.28527</i>
                        <i>0.31104 0.584281 -0.74958 0.881919 0.116514 0.456774 0.354221 -0.803144 -0.479048 0.882873 1.78543 -4.29527</i>
                        <i>0.301822 0.6665 -0.681675 0.874072 0.0920373 0.476998 0.380658 -0.739802 -0.55479 0.96057 1.81822 -4.31799</i>
                        <i>0.296274 0.700695 -0.649036 0.870523 0.0814735 0.485337 0.392953 -0.708794 -0.585833 1.05548 1.83165 -4.36577</i>
                        <i>0.280445 0.754773 -0.593016 0.865913 0.0676467 0.4956 0.414181 -0.652489 -0.634596 1.14553 1.79404 -4.42079</i>
                        <i>0.235962 0.864254 -0.444282 0.853721 0.0340308 0.519618 0.464202 -0.501902 -0.729802 1.20923 1.7044 -4.45638</i>
                        <i>0.167472 0.953115 -0.252041 0.836535 -0.00209917 0.547909 0.521692 -0.3026 -0.797666 1.2518 1.60057 -4.47299</i>
                        <i>0.0953716 0.989802 -0.105812 0.814127 -0.0163924 0.580456 0.572802 -0.141504 -0.807388 1.28078 1.52858 -4.47108</i>
                        <i>0.0720585 0.995617 -0.0596169 0.772604 -0.0179162 0.634635 0.630785 -0.0917911 -0.770509 1.29506 1.50111 -4.49344</i>
                        <i>0.125289 0.98816 -0.0885618 0.710875 -0.0271451 0.702795 0.692069 -0.151008 -0.705859 1.30352 1.4917 -4.56946</i>
                        <i>0.245305 0.955461 -0.164072 0.647817 -0.0356481 0.760961 0.72122 -0.292956 -0.627709 1.32534 1.49069 -4.67577</i>
                        <i>0.382315 0.890653 -0.246113 0.607995 -0.0419005 0.792834 0.695828 -0.452748 -0.557532 1.36925 1.49394 -4.79006</i>
                        <i>0.484432 0.81608 -0.315181 0.595667 -0.0438359 0.802035 0.640708 -0.576274 -0.507347 1.42478 1.50311 -4.90126</i>
                        <i>0.535888 0.763894 -0.35957 0.595752 -0.0403538 0.802154 0.59825 -0.644079 -0.476716 1.48189 1.51812 -5.00277</i>
                        <i>0.531551 0.758807 -0.376385 0.607496 -0.0318724 0.793683 0.590256 -0.650536 -0.477914 1.54721 1.53603 -5.08224</i>
                        <i>0.493735 0.782938 -0.378462 0.627841 -0.0198094 0.77809 0.601699 -0.621784 -0.501341 1.63383 1.54688 -5.13319</i>
                        <i>0.439862 0.817472 -0.371834 0.652677 -0.0065854 0.757608 0.616874 -0.575931 -0.536442 1.74712 1.53147 -5.14747</i>
                        <i>0.389347 0.846156 -0.363907 0.679112 0.00320003 0.734028 0.622267 -0.532926 -0.573389 1.85462 1.49803 -5.13608</i>
                        <i>0.362848 0.857248 -0.365333 0.706204 0.00281391 0.708002 0.607961 -0.514897 -0.604371 1.91186 1.47969 -5.12496</i>
                        <i>0.363506 0.85103 -0.378962 0.729902 -0.00740196 0.683512 0.578883 -0.525066 -0.623859 1.91607 1.48348 -5.12888</i>
                        <i>0.360979 0.835761 -0.413761 0.783971 -0.0316715 0.61999 0.505059 -0.54818 -0.666645 1.92589 1.49293 -5.13927</i>
                        <i>0.349309 0.816412 -0.459842 0.843621 -0.0604431 0.533526 0.407783 -0.574297 -0.709856 1.93714 1.50523 -5.15376</i>
                        <i>0.33009 0.79706 -0.505703 0.890811 -0.0858224 0.446195 0.312244 -0.59777 -0.73836 1.94668 1.51828 -5.16872</i>
                        <i>0.315028 0.780717 -0.539665 0.916527 -0.102603 0.386588 0.246444 -0.616404 -0.747871 1.9531 1.53089 -5.17938</i>
                        <i>0.312295 0.770474 -0.555736 0.923841 -0.110016 0.366625 0.221335 -0.627907 -0.746153 1.95706 1.54167 -5.18442</i>
                        <i>0.320528 0.764909 -0.558726 0.91968 -0.110055 0.376931 0.226827 -0.634666 -0.738748 1.95973 1.54826 -5.18664</i>
                        <i>0.338482 0.760784 -0.553748 0.905686 -0.103757 0.411057 0.25527 -0.640658 -0.724151 1.96157 1.55048 -5.18744</i>
                        <i>0.361611 0.759099 -0.541301 0.882757 -0.0919719 0.460739 0.299962 -0.644446 -0.703358 1.96282 1.55032 -5.18727</i>
