<?xml version="1.0" encoding="ISO-8859-1" ?>
<Animl Version="1">
    <ModellingPackage><![CDATA[Maya.2010]]></ModellingPackage>
    <SrcFile><![CDATA[anims\vehicles\red\~src\land\apc_bmp\apc_bmp_deploy_crewmen_left.mb]]></SrcFile>
    <FramesPerSecond>30</FramesPerSecond>
    <TotalFrames>67</TotalFrames>
    <Skeleton>
        <RefFrame>
            <Name><![CDATA[soldier_ref_frame]]></Name>
            <Exclude>0</Exclude>
            <Additive>0</Additive>
            <IKPriority>0</IKPriority>
            <IKRotLimits>-1e+010 -1e+010 -1e+010 1e+010 1e+010 1e+010</IKRotLimits>
            <IKRotLimitOrder>0</IKRotLimitOrder>
            <KeyFrames count="67">
                <i>1 0 0 0 1 0 0 0 1 -0.737701 0 -3.73236</i>
                <i>0.999985 0 0.00546269 0 1 0 -0.00546269 0 0.999985 -0.738274 0 -3.86074</i>
                <i>0.999797 0 0.0201687 0 1 0 -0.0201687 0 0.999797 -0.740895 0 -3.99305</i>
                <i>0.999135 0 0.0415887 0 1 0 -0.0415887 0 0.999135 -0.73942 0 -4.11752</i>
                <i>0.997741 0 0.0671828 0 1 0 -0.0671828 0 0.997741 -0.727701 0 -4.22236</i>
                <i>0.995534 0 0.0944062 0 1 0 -0.0944062 0 0.995534 -0.700572 0 -4.29963</i>
                <i>0.992686 0 0.120725 0 1 0 -0.120725 0 0.992686 -0.662581 0 -4.35804</i>
                <i>0.989631 0 0.143633 0 1 0 -0.143633 0 0.989631 -0.622154 0 -4.41081</i>
                <i>0.98701 0 0.160661 0 1 0 -0.160661 0 0.98701 -0.587719 0 -4.47118</i>
                <i>0.985554 0 0.169364 0 1 0 -0.169364 0 0.985554 -0.567701 0 -4.55236</i>
                <i>0.985907 0 0.167293 0 1 0 -0.167293 0 0.985907 -0.564501 0 -4.65768</i>
                <i>0.988389 0 0.151945 0 1 0 -0.151945 0 0.988389 -0.572501 0 -4.77833</i>
                <i>0.992686 0 0.120725 0 1 0 -0.120725 0 0.992686 -0.588101 0 -4.90932</i>
                <i>0.997479 0 0.0709556 0 1 0 -0.0709556 0 0.997479 -0.607701 0 -5.04565</i>
                <i>1 0 0 0 1 0 0 0 1 -0.627701 0 -5.18236</i>
                <i>0.99609 0 -0.088339 0 1 0 0.088339 0 0.99609 -0.652528 0 -5.3356</i>
                <i>0.982297 0 -0.187329 0 1 0 0.187329 0 0.982297 -0.684581 0 -5.50871</i>
                <i>0.955636 0 -0.294551 0 1 0 0.294551 0 0.955636 -0.717221 0 -5.67743</i>
                <i>0.913453 0 -0.406944 0 1 0 0.406944 0 0.913453 -0.743808 0 -5.81748</i>
                <i>0.85366 0 -0.520831 0 1 0 0.520831 0 0.85366 -0.757701 0 -5.90462</i>
                <i>0.774949 0 -0.632024 0 1 0 0.632024 0 0.774949 -0.756301 0 -5.90649</i>
                <i>0.676983 0 -0.735998 0 1 0 0.735998 0 0.676983 -0.752501 0 -5.91155</i>
                <i>0.560522 0 -0.828139 0 1 0 0.828139 0 0.560522 -0.746901 0 -5.91901</i>
                <i>0.42747 0 -0.904029 0 1 0 0.904029 0 0.42747 -0.740101 0 -5.92807</i>
                <i>0.280836 0 -0.959756 0 1 0 0.959756 0 0.280836 -0.732701 0 -5.93793</i>
                <i>0.124586 0 -0.992209 0 1 0 0.992209 0 0.124586 -0.725301 0 -5.94779</i>
                <i>-0.036582 0 -0.999331 0 1 0 0.999331 0 -0.036582 -0.718501 0 -5.95685</i>
                <i>-0.197552 0 -0.980292 0 1 0 0.980292 0 -0.197552 -0.712901 0 -5.96431</i>
                <i>-0.353135 0 -0.935573 0 1 0 0.935573 0 -0.353135 -0.709101 0 -5.96938</i>
                <i>-0.498433 0 -0.866928 0 1 0 0.866928 0 -0.498433 -0.707701 0 -5.97124</i>
                <i>-0.629177 0 -0.777262 0 1 0 0.777262 0 -0.629177 -0.694181 0 -5.97099</i>
                <i>-0.742002 0 -0.670398 0 1 0 0.670398 0 -0.742002 -0.661941 0 -5.9704</i>
                <i>-0.834642 0 -0.550792 0 1 0 0.550792 0 -0.834642 -0.623461 0 -5.96969</i>
                <i>-0.906032 0 -0.423209 0 1 0 0.423209 0 -0.906032 -0.591221 0 -5.9691</i>
                <i>-0.956295 0 -0.292402 0 1 0 0.292402 0 -0.956295 -0.577701 0 -5.96885</i>
                <i>-0.986655 0 -0.162823 0 1 0 0.162823 0 -0.986655 -0.56926 0 -5.96775</i>
                <i>-0.999263 0 -0.0383959 0 1 0 0.0383959 0 -0.999263 -0.561331 0 -5.96148</i>
                <i>-0.996981 0 0.0776444 0 1 0 -0.0776444 0 -0.996981 -0.565932 0 -5.96121</i>
                <i>-0.983146 0 0.18282 0 1 0 -0.18282 0 -0.983146 -0.595079 0 -5.97809</i>
                <i>-0.961329 0 0.275404 0 1 0 -0.275404 0 -0.961329 -0.660791 0 -6.0233</i>
                <i>-0.935116 0 0.354343 0 1 0 -0.354343 0 -0.935116 -0.784131 0 -6.10495</i>
                <i>-0.907929 0 0.419123 0 1 0 -0.419123 0 -0.907929 -0.957086 0 -6.21467</i>
                <i>-0.88288 0 0.469599 0 1 0 -0.469599 0 -0.88288 -1.14806 0 -6.3389</i>
                <i>-0.862654 0 0.505795 0 1 0 -0.505795 0 -0.862654 -1.32547 0 -6.46405</i>
                <i>-0.849426 0 0.527709 0 1 0 -0.527709 0 -0.849426 -1.4577 0 -6.57655</i>
                <i>-0.844776 0 0.535121 0 1 0 -0.535121 0 -0.844776 -1.54134 0 -6.66283</i>
                <i>-0.844776 0 0.535121 0 1 0 -0.535121 0 -0.844776 -1.59745 0 -6.70878</i>
                <i>-0.844776 0 0.535121 0 1 0 -0.535121 0 -0.844776 -1.63117 0 -6.72062</i>
                <i>-0.844776 0 0.535121 0 1 0 -0.535121 0 -0.844776 -1.64763 0 -6.7153</i>
                <i>-0.844776 0 0.535121 0 1 0 -0.535121 0 -0.844776 -1.65198 0 -6.70976</i>
                <i>-0.844776 0 0.535121 0 1 0 -0.535121 0 -0.844776 -1.65198 0 -6.70941</i>
                <i>-0.844776 0 0.535121 0 1 0 -0.535121 0 -0.844776 -1.65198 0 -6.70846</i>
                <i>-0.844776 0 0.535121 0 1 0 -0.535121 0 -0.844776 -1.65198 0 -6.70707</i>
                <i>-0.844776 0 0.535121 0 1 0 -0.535121 0 -0.844776 -1.65198 0 -6.70538</i>
                <i>-0.844776 0 0.535121 0 1 0 -0.535121 0 -0.844776 -1.65198 0 -6.70353</i>
                <i>-0.844776 0 0.535121 0 1 0 -0.535121 0 -0.844776 -1.65198 0 -6.70169</i>
                <i>-0.844776 0 0.535121 0 1 0 -0.535121 0 -0.844776 -1.65198 0 -6.7</i>
                <i>-0.844776 0 0.535121 0 1 0 -0.535121 0 -0.844776 -1.65198 0 -6.6986</i>
                <i>-0.844776 0 0.535121 0 1 0 -0.535121 0 -0.844776 -1.65198 0 -6.69766</i>
                <i>-0.844776 0 0.535121 0 1 0 -0.535121 0 -0.844776 -1.65198 0 -6.69731</i>
                <i>-0.844776 0 0.535121 0 1 0 -0.535121 0 -0.844776 -1.65198 0 -6.69731</i>
                <i>-0.844776 0 0.535121 0 1 0 -0.535121 0 -0.844776 -1.65198 0 -6.69731</i>
                <i>-0.844776 0 0.535121 0 1 0 -0.535121 0 -0.844776 -1.65198 0 -6.69731</i>
                <i>-0.844776 0 0.535121 0 1 0 -0.535121 0 -0.844776 -1.65198 0 -6.69731</i>
                <i>-0.844776 0 0.535121 0 1 0 -0.535121 0 -0.844776 -1.65198 0 -6.69731</i>
                <i>-0.844776 0 0.535121 0 1 0 -0.535121 0 -0.844776 -1.65198 0 -6.69731</i>
                <i>-0.844776 0 0.535121 0 1 0 -0.535121 0 -0.844776 -1.65198 0 -6.69731</i>
            </KeyFrames>
        </RefFrame>
        <Bones count="23">
            <i>
                <p>
                    <Name><![CDATA[pelvis]]></Name>
                    <Exclude>0</Exclude>
                    <Additive>0</Additive>
                    <IKPriority>0</IKPriority>
                    <IKRotLimits>-1e+010 -1e+010 -1e+010 1e+010 1e+010 1e+010</IKRotLimits>
                    <IKRotLimitOrder>2</IKRotLimitOrder>
                    <KeyFrames count="67">
                        <i>1 0 0 0 1 0 0 0 1 -0.737701 1.47018 -3.73236</i>
                        <i>1 0 0 0 1 0 0 0 1 -0.738274 1.47758 -3.86074</i>
                        <i>1 0 0 0 1 0 0 0 1 -0.740895 1.48657 -3.99305</i>
                        <i>1 0 0 0 1 0 0 0 1 -0.73942 1.49237 -4.11752</i>
                        <i>1 0 0 0 1 0 0 0 1 -0.727701 1.49018 -4.22236</i>
                        <i>1 0 0 0 1 0 0 0 1 -0.700572 1.4768 -4.29963</i>
                        <i>1 0 0 0 1 0 0 0 1 -0.662581 1.45578 -4.35804</i>
                        <i>1 0 0 0 1 0 0 0 1 -0.622154 1.43245 -4.41081</i>
                        <i>1 0 0 0 1 0 0 0 1 -0.587719 1.41214 -4.47118</i>
                        <i>1 0 0 0 1 0 0 0 1 -0.567701 1.40018 -4.55236</i>
                        <i>1 0 0 0 1 0 0 0 1 -0.564501 1.40499 -4.65768</i>
                        <i>1 0 0 0 1 0 0 0 1 -0.572501 1.423 -4.77833</i>
                        <i>1 0 0 0 1 0 0 0 1 -0.588101 1.44161 -4.90932</i>
                        <i>1 0 0 0 1 0 0 0 1 -0.607701 1.44821 -5.04565</i>
                        <i>1 0 0 0 1 0 0 0 1 -0.627701 1.43018 -5.18236</i>
                        <i>1 0 0 0 1 0 0 0 1 -0.652528 1.37829 -5.3356</i>
                        <i>1 0 0 0 1 0 0 0 1 -0.684581 1.30107 -5.50871</i>
                        <i>1 0 0 0 1 0 0 0 1 -0.717221 1.21259 -5.67743</i>
                        <i>1 0 0 0 1 0 0 0 1 -0.743808 1.12691 -5.81748</i>
                        <i>1 0 0 0 1 0 0 0 1 -0.757701 1.05808 -5.90462</i>
                        <i>1 0 0 0 1 0 0 0 1 -0.756301 1.02018 -5.90649</i>
                        <i>1 0 0 0 1 0 0 0 1 -0.752501 1.02511 -5.91155</i>
                        <i>1 0 0 0 1 0 0 0 1 -0.746901 1.03832 -5.91901</i>
                        <i>1 0 0 0 1 0 0 0 1 -0.740101 1.05744 -5.92807</i>
                        <i>1 0 0 0 1 0 0 0 1 -0.732701 1.08011 -5.93793</i>
                        <i>1 0 0 0 1 0 0 0 1 -0.725301 1.10396 -5.94779</i>
                        <i>1 0 0 0 1 0 0 0 1 -0.718501 1.12663 -5.95685</i>
                        <i>1 0 0 0 1 0 0 0 1 -0.712901 1.14575 -5.96431</i>
                        <i>1 0 0 0 1 0 0 0 1 -0.709101 1.15895 -5.96938</i>
                        <i>1 0 0 0 1 0 0 0 1 -0.707701 1.16388 -5.97124</i>
                        <i>1 0 0 0 1 0 0 0 1 -0.694181 1.15206 -5.97099</i>
                        <i>1 0 0 0 1 0 0 0 1 -0.661941 1.12386 -5.9704</i>
                        <i>1 0 0 0 1 0 0 0 1 -0.623461 1.0902 -5.96969</i>
                        <i>1 0 0 0 1 0 0 0 1 -0.591221 1.06201 -5.9691</i>
                        <i>1 0 0 0 1 0 0 0 1 -0.577701 1.05018 -5.96885</i>
                        <i>1 0 0 0 1 0 0 0 1 -0.56926 1.04042 -5.96775</i>
                        <i>1 0 0 0 1 0 0 0 1 -0.561331 1.03525 -5.96148</i>
                        <i>1 0 0 0 1 0 0 0 1 -0.565932 1.03407 -5.96121</i>
                        <i>1 0 0 0 1 0 0 0 1 -0.595079 1.03629 -5.97809</i>
                        <i>1 0 0 0 1 0 0 0 1 -0.660791 1.04128 -6.0233</i>
                        <i>1 0 0 0 1 0 0 0 1 -0.784131 1.05582 -6.10495</i>
                        <i>1 0 0 0 1 0 0 0 1 -0.957086 1.0803 -6.21467</i>
                        <i>1 0 0 0 1 0 0 0 1 -1.14806 1.1046 -6.3389</i>
                        <i>1 0 0 0 1 0 0 0 1 -1.32547 1.11856 -6.46405</i>
                        <i>1 0 0 0 1 0 0 0 1 -1.4577 1.11204 -6.57655</i>
                        <i>1 0 0 0 1 0 0 0 1 -1.54134 1.07087 -6.66283</i>
                        <i>1 0 0 0 1 0 0 0 1 -1.59745 1.00179 -6.70878</i>
                        <i>1 0 0 0 1 0 0 0 1 -1.63117 0.926097 -6.72062</i>
                        <i>1 0 0 0 1 0 0 0 1 -1.64763 0.865072 -6.7153</i>
                        <i>1 0 0 0 1 0 0 0 1 -1.65198 0.84 -6.70976</i>
                        <i>1 0 0 0 1 0 0 0 1 -1.65198 0.846534 -6.70941</i>
                        <i>1 0 0 0 1 0 0 0 1 -1.65198 0.864267 -6.70846</i>
                        <i>1 0 0 0 1 0 0 0 1 -1.65198 0.890402 -6.70707</i>
                        <i>1 0 0 0 1 0 0 0 1 -1.65198 0.922136 -6.70538</i>
                        <i>1 0 0 0 1 0 0 0 1 -1.65198 0.95667 -6.70353</i>
                        <i>1 0 0 0 1 0 0 0 1 -1.65198 0.991205 -6.70169</i>
                        <i>1 0 0 0 1 0 0 0 1 -1.65198 1.02294 -6.7</i>
                        <i>1 0 0 0 1 0 0 0 1 -1.65198 1.04907 -6.6986</i>
                        <i>1 0 0 0 1 0 0 0 1 -1.65198 1.06681 -6.69766</i>
                        <i>1 0 0 0 1 0 0 0 1 -1.65198 1.07334 -6.69731</i>
                        <i>1 0 0 0 1 0 0 0 1 -1.65198 1.07334 -6.69731</i>
                        <i>1 0 0 0 1 0 0 0 1 -1.65198 1.07334 -6.69731</i>
                        <i>1 0 0 0 1 0 0 0 1 -1.65198 1.07334 -6.69731</i>
                        <i>1 0 0 0 1 0 0 0 1 -1.65198 1.07334 -6.69731</i>
                        <i>1 0 0 0 1 0 0 0 1 -1.65198 1.07334 -6.69731</i>
                        <i>1 0 0 0 1 0 0 0 1 -1.65198 1.07334 -6.69731</i>
                        <i>1 0 0 0 1 0 0 0 1 -1.65198 1.07334 -6.69731</i>
                    </KeyFrames>
                </p>
            </i>
            <i>
                <p>
                    <Name><![CDATA[spine0]]></Name>
                    <Exclude>0</Exclude>
                    <Additive>0</Additive>
                    <IKPriority>0</IKPriority>
                    <IKRotLimits>-1e+010 -1e+010 -1e+010 1e+010 1e+010 1e+010</IKRotLimits>
                    <IKRotLimitOrder>0</IKRotLimitOrder>
                    <KeyFrames count="67">
                        <i>0.134519 0.93541 -0.326977 0.943067 -0.0195587 0.332026 0.304185 -0.353025 -0.884785 -0.742707 1.61154 -3.70611</i>
                        <i>0.158786 0.897014 -0.412497 0.950863 -0.0264613 0.308481 0.265796 -0.44121 -0.857138 -0.74265 1.6202 -3.84244</i>
                        <i>0.187055 0.844019 -0.502636 0.956514 -0.0399122 0.288945 0.223813 -0.534826 -0.814781 -0.74502 1.63006 -3.9836</i>
                        <i>0.209847 0.791677 -0.57377 0.960491 -0.057193 0.27237 0.182813 -0.608257 -0.7724 -0.744053 1.63614 -4.11564</i>
                        <i>0.215699 0.764039 -0.608045 0.964612 -0.0700191 0.254205 0.151648 -0.641359 -0.752104 -0.734025 1.63389 -4.22459</i>
                        <i>0.201384 0.771966 -0.602921 0.970375 -0.0733535 0.230198 0.133479 -0.631418 -0.763869 -0.709836 1.62036 -4.30142</i>
                        <i>0.175049 0.800893 -0.57265 0.977114 -0.0699204 0.200897 0.120857 -0.594711 -0.794803 -0.675249 1.59907 -4.3563</i>
                        <i>0.142446 0.837539 -0.527482 0.983945 -0.0619293 0.167382 0.107523 -0.542856 -0.832914 -0.637818 1.57529 -4.40406</i>
                        <i>0.109418 0.870789 -0.479327 0.990033 -0.0524594 0.130697 0.0886644 -0.488851 -0.86785 -0.605113 1.55447 -4.45955</i>
                        <i>0.0798794 0.893887 -0.441119 0.994871 -0.0439419 0.0911105 0.0620589 -0.446134 -0.892812 -0.584824 1.54226 -4.53766</i>
                        <i>0.0535485 0.912692 -0.405123 0.997812 -0.0331466 0.0572138 0.0387901 -0.407301 -0.91247 -0.578067 1.54727 -4.64132</i>
                        <i>0.0329744 0.931767 -0.361556 0.999212 -0.022733 0.0325441 0.0221043 -0.362344 -0.931782 -0.579313 1.5656 -4.76057</i>
                        <i>0.0207564 0.947294 -0.319692 0.999784 -0.0193246 0.00765052 0.00106938 -0.319782 -0.947491 -0.58657 1.5843 -4.89101</i>
                        <i>0.0152453 0.957311 -0.288656 0.999288 -0.0245538 -0.0286542 -0.0345186 -0.288014 -0.957004 -0.59796 1.59062 -5.02777</i>
                        <i>0.0110186 0.961565 -0.274356 0.99544 -0.0365455 -0.0881067 -0.0947468 -0.272134 -0.957583 -0.611568 1.57213 -5.16546</i>
                        <i>0.00229213 0.963528 -0.267598 0.982999 -0.0513011 -0.176298 -0.183596 -0.262644 -0.947265 -0.632205 1.51983 -5.31983</i>
                        <i>-0.00944266 0.964889 -0.262487 0.957873 -0.0666224 -0.279359 -0.287038 -0.254067 -0.923612 -0.66136 1.44227 -5.49395</i>
                        <i>-0.0220047 0.96476 -0.262208 0.921315 -0.0822683 -0.380013 -0.388193 -0.249939 -0.887038 -0.691936 1.35349 -5.66314</i>
                        <i>-0.0338125 0.962553 -0.268978 0.881039 -0.098351 -0.462707 -0.471834 -0.252625 -0.844721 -0.716784 1.26744 -5.80276</i>
                        <i>-0.0434195 0.957287 -0.285861 0.849603 -0.115161 -0.514697 -0.525633 -0.265216 -0.808313 -0.728789 1.19805 -5.88819</i>
                        <i>-0.0451038 0.95167 -0.303791 0.849297 -0.123586 -0.513246 -0.525986 -0.281158 -0.802676 -0.72639 1.15963 -5.88764</i>
                        <i>-0.0502338 0.935627 -0.349397 0.847318 -0.145271 -0.510831 -0.528705 -0.321712 -0.785476 -0.720314 1.16314 -5.88689</i>
                        <i>-0.0588832 0.909835 -0.410772 0.841969 -0.1758 -0.510081 -0.536304 -0.375892 -0.755701 -0.712222 1.17429 -5.8873</i>
                        <i>-0.0694179 0.878898 -0.471932 0.833365 -0.208945 -0.511708 -0.548347 -0.428813 -0.717938 -0.703709 1.19136 -5.89017</i>
                        <i>-0.0776664 0.856414 -0.510415 0.826161 -0.231283 -0.513776 -0.558055 -0.461588 -0.689573 -0.69632 1.21304 -5.89668</i>
                        <i>-0.0797975 0.857597 -0.508094 0.827163 -0.227479 -0.513863 -0.556268 -0.461282 -0.69122 -0.691149 1.23764 -5.90707</i>
                        <i>-0.0775303 0.876183 -0.475702 0.833972 -0.204468 -0.512527 -0.546333 -0.436458 -0.71486 -0.688003 1.26211 -5.9193</i>
                        <i>-0.0740933 0.898622 -0.432421 0.841168 -0.176599 -0.511125 -0.535673 -0.40161 -0.742808 -0.68645 1.28318 -5.93102</i>
                        <i>-0.0715465 0.915501 -0.395902 0.845957 -0.154587 -0.510353 -0.52843 -0.37143 -0.763414 -0.685958 1.29783 -5.93984</i>
                        <i>-0.0706057 0.921994 -0.380713 0.847643 -0.145744 -0.510156 -0.525847 -0.358729 -0.771231 -0.685928 1.30332 -5.94332</i>
                        <i>-0.0712168 0.922126 -0.380278 0.836046 -0.152749 -0.526967 -0.544017 -0.355459 -0.760062 -0.67007 1.29093 -5.9422</i>
                        <i>-0.0729339 0.922563 -0.37889 0.806794 -0.16876 -0.566219 -0.586314 -0.346983 -0.73201 -0.63215 1.26122 -5.93972</i>
                        <i>-0.0754647 0.923327 -0.376526 0.769017 -0.186481 -0.611423 -0.634759 -0.335696 -0.695981 -0.586729 1.22543 -5.9371</i>
                        <i>-0.0779817 0.92419 -0.373887 0.735058 -0.200056 -0.647817 -0.673505 -0.325347 -0.663733 -0.54857 1.19516 -5.93521</i>
                        <i>-0.0791414 0.924617 -0.372587 0.720213 -0.20538 -0.662656 -0.689224 -0.320785 -0.649666 -0.532547 1.18238 -5.9345</i>
                        <i>-0.108125 0.91101 -0.397956 0.735135 -0.19621 -0.648905 -0.669242 -0.362714 -0.6485 -0.526527 1.17347 -5.93356</i>
                        <i>-0.153591 0.8852 -0.439124 0.768865 -0.172086 -0.615819 -0.62069 -0.432211 -0.654169 -0.524501 1.17025 -5.92808</i>
                        <i>-0.197637 0.855621 -0.478385 0.807501 -0.134579 -0.574309 -0.555771 -0.499801 -0.664317 -0.536918 1.17119 -5.92875</i>
                        <i>-0.223813 0.836732 -0.499787 0.838991 -0.0955543 -0.535689 -0.495985 -0.539211 -0.680624 -0.573735 1.17494 -5.94622</i>
                        <i>-0.217501 0.844984 -0.488565 0.856332 -0.0750072 -0.51095 -0.46839 -0.529506 -0.707272 -0.644617 1.18051 -5.99088</i>
                        <i>-0.158185 0.889393 -0.428903 0.862498 -0.0870083 -0.498524 -0.480702 -0.448787 -0.753336 -0.770561 1.19478 -6.07028</i>
                        <i>-0.0545997 0.9416 -0.332278 0.865631 -0.121232 -0.485783 -0.497696 -0.314154 -0.808459 -0.945197 1.21847 -6.1764</i>
                        <i>0.0623793 0.97226 -0.225433 0.866837 -0.164729 -0.470594 -0.494675 -0.166058 -0.853066 -1.13712 1.24157 -6.2963</i>
                        <i>0.162518 0.977875 -0.131713 0.864334 -0.205476 -0.459027 -0.475935 -0.0392439 -0.878604 -1.31447 1.2541 -6.41711</i>
                        <i>0.215234 0.973963 -0.0712038 0.857102 -0.223347 -0.464211 -0.468027 0.0388851 -0.882858 -1.44495 1.24607 -6.52586</i>
                        <i>0.200105 0.978519 -0.0495921 0.840749 -0.197481 -0.504125 -0.503089 0.0591833 -0.862206 -1.52296 1.20286 -6.60864</i>
                        <i>0.139587 0.988792 -0.0529697 0.813075 -0.144985 -0.563816 -0.565176 0.0356329 -0.8242 -1.56943 1.13086 -6.65174</i>
                        <i>0.0623224 0.995371 -0.0731611 0.783655 -0.0941972 -0.614013 -0.618062 -0.0190663 -0.785898 -1.59222 1.05177 -6.66244</i>
                        <i>-0.00688326 0.995132 -0.0983091 0.764085 -0.0581861 -0.642486 -0.645079 -0.0795389 -0.759965 -1.59982 0.98771 -6.65725</i>
                        <i>-0.0376112 0.993126 -0.110843 0.75785 -0.0439517 -0.650947 -0.651344 -0.108486 -0.750987 -1.60056 0.961295 -6.65197</i>
                        <i>-0.0456262 0.990318 -0.131105 0.751642 -0.0524123 -0.657485 -0.657991 -0.128542 -0.741974 -1.60327 0.970795 -6.65572</i>
                        <i>-0.0634021 0.982091 -0.177418 0.739079 -0.0732558 -0.669623 -0.670628 -0.173581 -0.721199 -1.60986 0.994456 -6.66405</i>
                        <i>-0.0809714 0.970219 -0.228296 0.728502 -0.0987126 -0.677895 -0.680242 -0.221204 -0.698813 -1.61745 1.02568 -6.67235</i>
                        <i>-0.0870921 0.960849 -0.263029 0.724656 -0.120072 -0.678569 -0.683585 -0.249703 -0.685828 -1.62192 1.0597 -6.67591</i>
                        <i>-0.081252 0.957331 -0.277336 0.726527 -0.1336 -0.674025 -0.682318 -0.256258 -0.684671 -1.62204 1.09425 -6.67401</i>
                        <i>-0.0743283 0.956411 -0.282407 0.730923 -0.140401 -0.667861 -0.6784 -0.256059 -0.688627 -1.62032 1.12787 -6.66979</i>
                        <i>-0.0731122 0.956724 -0.281663 0.736995 -0.138447 -0.661566 -0.671932 -0.255953 -0.694979 -1.61768 1.15804 -6.66441</i>
                        <i>-0.0777742 0.95756 -0.277543 0.743852 -0.129621 -0.655654 -0.663804 -0.257444 -0.702202 -1.61496 1.18235 -6.65906</i>
                        <i>-0.0840725 0.958328 -0.273018 0.749743 -0.11964 -0.650824 -0.656367 -0.25941 -0.708441 -1.61289 1.19851 -6.65496</i>
                        <i>-0.0872503 0.958649 -0.270887 0.752278 -0.114853 -0.648758 -0.653043 -0.260387 -0.711149 -1.61207 1.20437 -6.65332</i>
                        <i>-0.0872503 0.958649 -0.270887 0.752278 -0.114853 -0.648758 -0.653043 -0.260387 -0.711149 -1.61207 1.20437 -6.65332</i>
                        <i>-0.0872503 0.958649 -0.270887 0.752278 -0.114853 -0.648758 -0.653043 -0.260387 -0.711149 -1.61207 1.20437 -6.65332</i>
                        <i>-0.0872503 0.958649 -0.270887 0.752278 -0.114853 -0.648758 -0.653043 -0.260387 -0.711149 -1.61207 1.20437 -6.65332</i>
                        <i>-0.0872503 0.958649 -0.270887 0.752278 -0.114853 -0.648758 -0.653043 -0.260387 -0.711149 -1.61207 1.20437 -6.65332</i>
                        <i>-0.0872503 0.958649 -0.270887 0.752278 -0.114853 -0.648758 -0.653043 -0.260387 -0.711149 -1.61207 1.20437 -6.65332</i>
                        <i>-0.0872503 0.958649 -0.270887 0.752278 -0.114853 -0.648758 -0.653043 -0.260387 -0.711149 -1.61207 1.20437 -6.65332</i>
                        <i>-0.0872503 0.958649 -0.270887 0.752278 -0.114853 -0.648758 -0.653043 -0.260387 -0.711149 -1.61207 1.20437 -6.65332</i>
                    </KeyFrames>
                </p>
            </i>
            <i>
                <p>
                    <Name><![CDATA[spine1]]></Name>
                    <Exclude>0</Exclude>
                    <Additive>0</Additive>
                    <IKPriority>0</IKPriority>
                    <IKRotLimits>-1e+010 -1e+010 -1e+010 1e+010 1e+010 1e+010</IKRotLimits>
                    <IKRotLimitOrder>0</IKRotLimitOrder>
                    <KeyFrames count="67">
                        <i>0.287818 0.663394 -0.690702 0.913462 0.0264669 0.406063 0.28766 -0.747802 -0.598367 -0.718452 1.78034 -3.76506</i>
                        <i>0.324176 0.586774 -0.742028 0.911261 0.0169104 0.411482 0.253995 -0.809574 -0.529222 -0.714194 1.78105 -3.91636</i>
                        <i>0.364208 0.500076 -0.785669 0.905554 0.00689991 0.424174 0.21754 -0.865954 -0.450333 -0.711691 1.78051 -4.07315</i>
                        <i>0.400653 0.424575 -0.811919 0.898169 -0.00691902 0.439596 0.181024 -0.905366 -0.384113 -0.706783 1.7768 -4.21754</i>
                        <i>0.427369 0.382177 -0.819327 0.89148 -0.0273839 0.452232 0.150396 -0.923683 -0.352406 -0.695693 1.76971 -4.33263</i>
                        <i>0.444531 0.375064 -0.813461 0.886898 -0.0568404 0.458455 0.125712 -0.925255 -0.357911 -0.673873 1.75826 -4.40907</i>
                        <i>0.453645 0.387951 -0.802309 0.885152 -0.0915915 0.456198 0.103498 -0.917118 -0.384946 -0.643718 1.7434 -4.45943</i>
                        <i>0.450922 0.416213 -0.78958 0.888452 -0.124489 0.441765 0.0855738 -0.900705 -0.42592 -0.611869 1.72795 -4.50012</i>
                        <i>0.43339 0.455178 -0.777809 0.898248 -0.148302 0.413711 0.0729615 -0.877963 -0.473135 -0.584952 1.71501 -4.54783</i>
                        <i>0.398805 0.499275 -0.769207 0.914631 -0.155848 0.373045 0.0663728 -0.852312 -0.518805 -0.56999 1.70837 -4.61954</i>
                        <i>0.335345 0.558904 -0.7584 0.939227 -0.135571 0.315393 0.0734577 -0.818076 -0.5704 -0.568093 1.71737 -4.71672</i>
                        <i>0.243729 0.636495 -0.731759 0.965978 -0.0920232 0.241698 0.0865004 -0.765772 -0.637269 -0.573179 1.73902 -4.82777</i>
                        <i>0.142542 0.713726 -0.685768 0.985938 -0.0413334 0.161916 0.0872186 -0.699205 -0.709581 -0.582729 1.75962 -4.95009</i>
                        <i>0.0506824 0.775653 -0.629121 0.996546 0.00221257 0.0830102 0.0657791 -0.631156 -0.772862 -0.595164 1.76608 -5.0806</i>
                        <i>-0.0179423 0.815819 -0.578029 0.999633 0.0263689 0.00618753 0.0202899 -0.577706 -0.815993 -0.609567 1.74636 -5.21511</i>
                        <i>-0.0643581 0.849016 -0.524433 0.996865 0.0304565 -0.0730279 -0.0460294 -0.527489 -0.848314 -0.631786 1.69229 -5.36768</i>
                        <i>-0.09386 0.882515 -0.460822 0.987812 0.0248231 -0.153659 -0.124167 -0.469628 -0.874089 -0.663021 1.61292 -5.54034</i>
                        <i>-0.108581 0.907221 -0.406399 0.972985 0.0132006 -0.230492 -0.203743 -0.420447 -0.884145 -0.695786 1.52272 -5.70911</i>
                        <i>-0.116416 0.917038 -0.381429 0.955067 -0.00203305 -0.296383 -0.27257 -0.398794 -0.875596 -0.72269 1.43584 -5.8498</i>
                        <i>-0.128062 0.905691 -0.404134 0.939541 -0.0196993 -0.341868 -0.317588 -0.423481 -0.848411 -0.736398 1.36609 -5.93835</i>
                        <i>-0.138206 0.878077 -0.458126 0.940006 -0.0293805 -0.33989 -0.31191 -0.477616 -0.821337 -0.734342 1.32776 -5.94128</i>
                        <i>-0.160395 0.798981 -0.579572 0.940802 -0.0538838 -0.334648 -0.298607 -0.598938 -0.743039 -0.729307 1.33114 -5.94958</i>
                        <i>-0.182606 0.681795 -0.708386 0.941028 -0.087522 -0.326813 -0.284819 -0.726289 -0.625606 -0.722973 1.34102 -5.96251</i>
                        <i>-0.19658 0.560561 -0.804443 0.940173 -0.12508 -0.316907 -0.278265 -0.818613 -0.502436 -0.716607 1.35533 -5.97813</i>
                        <i>-0.198868 0.478299 -0.855384 0.938613 -0.158089 -0.306616 -0.281881 -0.86385 -0.417499 -0.71091 1.3746 -5.99287</i>
                        <i>-0.189949 0.458279 -0.868274 0.937766 -0.17718 -0.298668 -0.290714 -0.870969 -0.396104 -0.706203 1.40013 -6.00324</i>
                        <i>-0.174159 0.483628 -0.857772 0.9382 -0.183074 -0.29371 -0.299082 -0.855913 -0.421856 -0.702628 1.42812 -6.00933</i>
                        <i>-0.155384 0.533494 -0.831408 0.939357 -0.180672 -0.291491 -0.305721 -0.826282 -0.473068 -0.700384 1.4529 -6.01259</i>
                        <i>-0.138825 0.58291 -0.80059 0.940456 -0.175684 -0.290993 -0.310274 -0.793316 -0.523812 -0.699357 1.47 -6.0142</i>
                        <i>-0.131592 0.60514 -0.785168 0.940922 -0.173049 -0.291067 -0.312009 -0.777084 -0.546618 -0.699123 1.47633 -6.01467</i>
                        <i>-0.146452 0.600485 -0.78611 0.93378 -0.178378 -0.31022 -0.326507 -0.779486 -0.534597 -0.683431 1.4647 -6.01377</i>
                        <i>-0.182191 0.590688 -0.786063 0.915131 -0.190539 -0.355288 -0.35964 -0.784081 -0.505842 -0.645963 1.43684 -6.01175</i>
                        <i>-0.225082 0.581426 -0.781845 0.889984 -0.203914 -0.407856 -0.396567 -0.787631 -0.471563 -0.601185 1.40335 -6.00955</i>
                        <i>-0.260892 0.57571 -0.774915 0.866599 -0.214034 -0.450772 -0.425372 -0.789143 -0.443071 -0.563652 1.37508 -6.00789</i>
                        <i>-0.275806 0.573865 -0.77111 0.856189 -0.217955 -0.46844 -0.436888 -0.789414 -0.431224 -0.547916 1.36317 -6.00724</i>
                        <i>-0.306402 0.532868 -0.788778 0.859949 -0.200364 -0.469407 -0.408174 -0.822135 -0.396847 -0.547737 1.35311 -6.0119</i>
                        <i>-0.340283 0.465577 -0.816974 0.873729 -0.164592 -0.45772 -0.347571 -0.869568 -0.35078 -0.554972 1.34654 -6.01538</i>
                        <i>-0.362841 0.398611 -0.842292 0.889266 -0.12201 -0.440817 -0.278482 -0.908968 -0.310201 -0.576443 1.34282 -6.02455</i>
                        <i>-0.36692 0.361947 -0.856951 0.901222 -0.0900311 -0.423902 -0.230582 -0.927841 -0.29316 -0.618555 1.34293 -6.04638</i>
                        <i>-0.347704 0.386034 -0.854447 0.907478 -0.0905955 -0.410214 -0.235766 -0.918025 -0.318817 -0.687817 1.34873 -6.08798</i>
                        <i>-0.275293 0.501757 -0.820032 0.906903 -0.147469 -0.39469 -0.318968 -0.852345 -0.414448 -0.801236 1.36769 -6.15353</i>
                        <i>-0.123184 0.670229 -0.73186 0.892939 -0.246917 -0.37642 -0.432996 -0.699876 -0.568057 -0.955408 1.39544 -6.23876</i>
                        <i>0.0851402 0.805773 -0.586072 0.860529 -0.355962 -0.364391 -0.502236 -0.473308 -0.723698 -1.1257 1.41911 -6.3374</i>
                        <i>0.276473 0.861323 -0.426246 0.818516 -0.443462 -0.365203 -0.503582 -0.24792 -0.827612 -1.28521 1.43007 -6.44077</i>
                        <i>0.372686 0.869753 -0.323473 0.789573 -0.480356 -0.38188 -0.487523 -0.113084 -0.865756 -1.40635 1.42063 -6.53858</i>
                        <i>0.332225 0.889514 -0.313674 0.790882 -0.443927 -0.421229 -0.513937 -0.108136 -0.850985 -1.48709 1.37813 -6.61748</i>
                        <i>0.185577 0.914783 -0.358794 0.80852 -0.349664 -0.473318 -0.55844 -0.202255 -0.80451 -1.54425 1.30908 -6.66124</i>
                        <i>-0.00412483 0.910351 -0.413817 0.824812 -0.230876 -0.516122 -0.565392 -0.34345 -0.749916 -1.58073 1.23462 -6.67582</i>
                        <i>-0.158665 0.878336 -0.450946 0.832896 -0.126194 -0.538851 -0.530198 -0.461088 -0.711539 -1.60105 1.17506 -6.67568</i>
                        <i>-0.21974 0.858257 -0.463799 0.834695 -0.0806845 -0.54477 -0.504974 -0.506838 -0.698653 -1.60765 1.15059 -6.673</i>
                        <i>-0.224389 0.845442 -0.484642 0.831993 -0.0927325 -0.546981 -0.507383 -0.525955 -0.682594 -1.61183 1.15828 -6.68046</i>
                        <i>-0.23346 0.812468 -0.53422 0.827628 -0.122362 -0.547777 -0.510419 -0.57002 -0.643855 -1.62162 1.17757 -6.69706</i>
                        <i>-0.24173 0.768403 -0.592556 0.826409 -0.157012 -0.540736 -0.508542 -0.620406 -0.597061 -1.63226 1.20375 -6.7142</i>
                        <i>-0.25015 0.727364 -0.639036 0.828699 -0.180465 -0.529802 -0.500682 -0.662099 -0.557622 -1.63776 1.23494 -6.72383</i>
                        <i>-0.260649 0.698707 -0.666236 0.831808 -0.187764 -0.52234 -0.490058 -0.690329 -0.532249 -1.63689 1.26979 -6.7248</i>
                        <i>-0.271777 0.678774 -0.682205 0.834616 -0.186679 -0.518234 -0.479117 -0.710223 -0.515781 -1.63403 1.305 -6.72203</i>
                        <i>-0.284076 0.663962 -0.691705 0.836552 -0.180865 -0.517174 -0.468489 -0.725563 -0.50406 -1.63131 1.33732 -6.71712</i>
                        <i>-0.295071 0.654184 -0.696402 0.837841 -0.173209 -0.517708 -0.4593 -0.736235 -0.496993 -1.62962 1.36375 -6.71156</i>
                        <i>-0.302454 0.649092 -0.697998 0.838828 -0.166498 -0.518311 -0.452647 -0.742265 -0.494119 -1.62887 1.38155 -6.70701</i>
                        <i>-0.305119 0.647659 -0.698169 0.839267 -0.16358 -0.518529 -0.450037 -0.744163 -0.493648 -1.6287 1.38806 -6.70513</i>
                        <i>-0.305119 0.647659 -0.698169 0.839267 -0.16358 -0.518529 -0.450037 -0.744163 -0.493648 -1.6287 1.38806 -6.70513</i>
                        <i>-0.305119 0.647659 -0.698169 0.839267 -0.16358 -0.518529 -0.450037 -0.744163 -0.493648 -1.6287 1.38806 -6.70513</i>
                        <i>-0.305119 0.647659 -0.698169 0.839267 -0.16358 -0.518529 -0.450037 -0.744163 -0.493648 -1.6287 1.38806 -6.70513</i>
                        <i>-0.305119 0.647659 -0.698169 0.839267 -0.16358 -0.518529 -0.450037 -0.744163 -0.493648 -1.6287 1.38806 -6.70513</i>
                        <i>-0.305119 0.647659 -0.698169 0.839267 -0.16358 -0.518529 -0.450037 -0.744163 -0.493648 -1.6287 1.38806 -6.70513</i>
                        <i>-0.305119 0.647659 -0.698169 0.839267 -0.16358 -0.518529 -0.450037 -0.744163 -0.493648 -1.6287 1.38806 -6.70513</i>
                        <i>-0.305119 0.647659 -0.698169 0.839267 -0.16358 -0.518529 -0.450037 -0.744163 -0.493648 -1.6287 1.38806 -6.70513</i>
                    </KeyFrames>
                </p>
            </i>
            <i>
                <p>
                    <Name><![CDATA[spine2]]></Name>
                    <Exclude>0</Exclude>
                    <Additive>0</Additive>
                    <IKPriority>0</IKPriority>
                    <IKRotLimits>-1e+010 -1e+010 -1e+010 1e+010 1e+010 1e+010</IKRotLimits>
                    <IKRotLimitOrder>0</IKRotLimitOrder>
                    <KeyFrames count="67">
                        <i>0.380817 0.45476 -0.805091 0.881955 0.0828804 0.463989 0.27773 -0.886749 -0.369516 -0.670578 1.89013 -3.87968</i>
                        <i>0.398957 0.429173 -0.810335 0.870362 0.10092 0.48196 0.288623 -0.897566 -0.333274 -0.660619 1.87752 -4.03867</i>
                        <i>0.418936 0.405039 -0.812672 0.854625 0.126485 0.503604 0.30677 -0.905508 -0.293168 -0.651864 1.8622 -4.20184</i>
                        <i>0.439206 0.382171 -0.813046 0.8384 0.150792 0.523782 0.322775 -0.911706 -0.254183 -0.641186 1.84591 -4.35007</i>
                        <i>0.460491 0.359194 -0.811744 0.825895 0.161793 0.540112 0.325339 -0.919132 -0.222152 -0.625685 1.83193 -4.46644</i>
                        <i>0.485103 0.328621 -0.81036 0.819596 0.152207 0.552355 0.304858 -0.932117 -0.195501 -0.600706 1.81959 -4.54256</i>
                        <i>0.507913 0.289679 -0.81124 0.819175 0.128836 0.558886 0.266415 -0.948413 -0.171861 -0.56841 1.80736 -4.59224</i>
                        <i>0.519962 0.251264 -0.816398 0.825026 0.0998805 0.556198 0.221295 -0.962752 -0.155365 -0.536165 1.79732 -4.63233</i>
                        <i>0.515594 0.223269 -0.827232 0.837383 0.0732362 0.541688 0.181525 -0.972002 -0.149201 -0.511349 1.79175 -4.6796</i>
                        <i>0.492215 0.215752 -0.843312 0.855972 0.0561341 0.513966 0.158228 -0.974833 -0.157048 -0.5017 1.79324 -4.75093</i>
                        <i>0.443609 0.23528 -0.864786 0.8834 0.0478343 0.466171 0.151047 -0.97075 -0.186626 -0.510465 1.81272 -4.84669</i>
                        <i>0.368519 0.282299 -0.885721 0.917447 0.043241 0.395501 0.149949 -0.958352 -0.243059 -0.531301 1.84758 -4.95307</i>
                        <i>0.274193 0.356014 -0.893349 0.950092 0.043459 0.308928 0.148807 -0.93347 -0.32633 -0.558317 1.88078 -5.06691</i>
                        <i>0.172115 0.452107 -0.8752 0.974948 0.0488986 0.216991 0.140899 -0.890622 -0.432365 -0.586489 1.8966 -5.18678</i>
                        <i>0.0788912 0.552857 -0.829533 0.989771 0.0557851 0.131309 0.118871 -0.831407 -0.5428 -0.612439 1.88216 -5.31157</i>
                        <i>0.00354419 0.656748 -0.754102 0.996632 0.0594604 0.0564682 0.0819246 -0.751762 -0.654325 -0.642262 1.83199 -5.45416</i>
                        <i>-0.0510652 0.762254 -0.64526 0.998178 0.0597448 -0.00841753 0.0321346 -0.644515 -0.763916 -0.678155 1.75648 -5.61545</i>
                        <i>-0.081779 0.845027 -0.528434 0.996348 0.0562621 -0.0642227 -0.0245391 -0.531756 -0.846542 -0.713155 1.66916 -5.77484</i>
                        <i>-0.0952835 0.89319 -0.439468 0.992477 0.0511454 -0.111235 -0.0768772 -0.446761 -0.891344 -0.741262 1.58351 -5.91137</i>
                        <i>-0.105718 0.903684 -0.414946 0.987843 0.0476125 -0.147985 -0.113975 -0.425546 -0.897731 -0.756912 1.5124 -6.00381</i>
                        <i>-0.114023 0.878245 -0.46442 0.98751 0.0490306 -0.14973 -0.108729 -0.475692 -0.872866 -0.756638 1.47046 -6.01594</i>
                        <i>-0.131857 0.806526 -0.576307 0.986696 0.0510081 -0.154368 -0.0951055 -0.588994 -0.802522 -0.755636 1.46297 -6.04551</i>
                        <i>-0.149036 0.702245 -0.696161 0.985786 0.0503008 -0.160299 -0.0775519 -0.710156 -0.69976 -0.753588 1.45565 -6.08208</i>
                        <i>-0.159695 0.593258 -0.789014 0.985232 0.0457703 -0.164994 -0.0617706 -0.80371 -0.591806 -0.75017 1.4511 -6.11627</i>
                        <i>-0.162832 0.509855 -0.844709 0.985277 0.0388176 -0.166499 -0.0521008 -0.859384 -0.508669 -0.745248 1.45709 -6.14134</i>
                        <i>-0.160365 0.460643 -0.872978 0.985832 0.0306746 -0.16491 -0.0491863 -0.887055 -0.459035 -0.739151 1.47947 -6.15457</i>
                        <i>-0.15474 0.433848 -0.887599 0.986674 0.0221263 -0.161197 -0.0502959 -0.900714 -0.43149 -0.732842 1.51187 -6.15884</i>
                        <i>-0.147276 0.425886 -0.89271 0.987636 0.0143056 -0.156112 -0.0537151 -0.904664 -0.422727 -0.727253 1.54507 -6.15708</i>
                        <i>-0.140277 0.429241 -0.89223 0.988449 0.00850495 -0.151313 -0.0573615 -0.90315 -0.425476 -0.723253 1.57037 -6.15277</i>
                        <i>-0.137134 0.432939 -0.890931 0.988791 0.00621338 -0.149177 -0.059049 -0.901402 -0.428938 -0.721719 1.58032 -6.15029</i>
                        <i>-0.153491 0.430491 -0.889448 0.985546 0.00138781 -0.169402 -0.0716918 -0.902594 -0.424482 -0.708706 1.56831 -6.15013</i>
                        <i>-0.192428 0.425986 -0.884029 0.976067 -0.00991883 -0.217242 -0.101311 -0.904676 -0.413882 -0.677772 1.53976 -6.1495</i>
                        <i>-0.238535 0.423032 -0.874154 0.961604 -0.0229097 -0.273484 -0.135719 -0.905825 -0.401325 -0.641009 1.50585 -6.14824</i>
                        <i>-0.276618 0.42254 -0.8631 0.946918 -0.0332375 -0.319752 -0.163796 -0.905735 -0.390917 -0.610321 1.47758 -6.14678</i>
                        <i>-0.292389 0.422858 -0.857729 0.940081 -0.0373885 -0.338894 -0.175373 -0.905424 -0.386589 -0.597478 1.46577 -6.14604</i>
                        <i>-0.320361 0.382667 -0.866565 0.933596 -0.0274697 -0.357272 -0.16052 -0.923478 -0.348457 -0.603266 1.44911 -6.15506</i>
                        <i>-0.347726 0.315261 -0.883004 0.929627 -0.00660297 -0.368444 -0.121986 -0.948982 -0.290779 -0.61724 1.43114 -6.16506</i>
                        <i>-0.365769 0.248125 -0.897021 0.927313 0.0149316 -0.37399 -0.0794024 -0.968613 -0.235551 -0.643297 1.41565 -6.1799</i>
                        <i>-0.372785 0.210725 -0.903674 0.926263 0.0263649 -0.375955 -0.0553977 -0.97719 -0.205015 -0.686211 1.40905 -6.20454</i>
                        <i>-0.369605 0.233017 -0.899497 0.926265 0.0156636 -0.376547 -0.0736526 -0.972346 -0.221625 -0.751414 1.41874 -6.24436</i>
                        <i>-0.340147 0.346851 -0.874068 0.926754 -0.0339682 -0.374129 -0.159458 -0.937305 -0.309892 -0.850467 1.45684 -6.30016</i>
                        <i>-0.257595 0.527658 -0.809458 0.921511 -0.117811 -0.370051 -0.290623 -0.841248 -0.455895 -0.97677 1.51093 -6.36537</i>
                        <i>-0.120011 0.708571 -0.69536 0.903608 -0.212151 -0.372135 -0.411205 -0.672993 -0.61481 -1.11146 1.5543 -6.43599</i>
                        <i>0.0297778 0.830234 -0.556619 0.877234 -0.288641 -0.383598 -0.479139 -0.476862 -0.736904 -1.23945 1.57264 -6.51149</i>
                        <i>0.122091 0.881555 -0.456021 0.857979 -0.324723 -0.398028 -0.498964 -0.342661 -0.796002 -1.34488 1.56409 -6.59208</i>
                        <i>0.115802 0.892827 -0.435258 0.858373 -0.310448 -0.408434 -0.499786 -0.326316 -0.802329 -1.43232 1.52475 -6.66933</i>
                        <i>0.0377882 0.884455 -0.465093 0.873129 -0.255593 -0.415113 -0.486023 -0.3904 -0.781901 -1.51348 1.46074 -6.72091</i>
