<?xml version="1.0" encoding="ISO-8859-1" ?>
<Animl Version="1">
    <ModellingPackage><![CDATA[Maya.2010]]></ModellingPackage>
    <SrcFile><![CDATA[anims\vehicles\blue\~src\land\apc_m113\apc_m113_deploy_crewman_right.mb]]></SrcFile>
    <FramesPerSecond>30</FramesPerSecond>
    <TotalFrames>67</TotalFrames>
    <Skeleton>
        <RefFrame>
            <Name><![CDATA[soldier_ref_frame]]></Name>
            <Exclude>0</Exclude>
            <Additive>0</Additive>
            <IKPriority>0</IKPriority>
            <IKRotLimits>-1e+010 -1e+010 -1e+010 1e+010 1e+010 1e+010</IKRotLimits>
            <IKRotLimitOrder>0</IKRotLimitOrder>
            <KeyFrames count="67">
                <i>1 0 0 0 1 0 0 0 1 0.651389 0 -3.51939</i>
                <i>0.999994 0 0.00348528 0 1 0 -0.00348528 0 0.999994 0.65074 0 -3.56894</i>
                <i>0.999915 0 0.0130114 0 1 0 -0.0130114 0 0.999915 0.650784 0 -3.6095</i>
                <i>0.999631 0 0.0271819 0 1 0 -0.0271819 0 0.999631 0.651175 0 -3.64555</i>
                <i>0.999005 0 0.0445968 0 1 0 -0.0445968 0 0.999005 0.651566 0 -3.6816</i>
                <i>0.997959 0 0.0638534 0 1 0 -0.0638534 0 0.997959 0.65161 0 -3.72215</i>
                <i>0.996504 0 0.0835493 0 1 0 -0.0835493 0 0.996504 0.650961 0 -3.77171</i>
                <i>0.994755 0 0.102288 0 1 0 -0.102288 0 0.994755 0.649272 0 -3.83476</i>
                <i>0.992932 0 0.118684 0 1 0 -0.118684 0 0.992932 0.646197 0 -3.91582</i>
                <i>0.991334 0 0.131363 0 1 0 -0.131363 0 0.991334 0.641389 0 -4.01939</i>
                <i>0.990298 0 0.13896 0 1 0 -0.13896 0 0.990298 0.6339 0 -4.15497</i>
                <i>0.990136 0 0.140111 0 1 0 -0.140111 0 0.990136 0.623579 0 -4.32296</i>
                <i>0.991057 0 0.133436 0 1 0 -0.133436 0 0.991057 0.611279 0 -4.51415</i>
                <i>0.993069 0 0.11753 0 1 0 -0.11753 0 0.993069 0.597853 0 -4.71935</i>
                <i>0.995855 0 0.0909562 0 1 0 -0.0909562 0 0.995855 0.584153 0 -4.92935</i>
                <i>0.998634 0 0.0522554 0 1 0 -0.0522554 0 0.998634 0.571031 0 -5.13495</i>
                <i>1 0 0 0 1 0 0 0 1 0.559342 0 -5.32696</i>
                <i>0.997883 0 -0.0650398 0 1 0 0.0650398 0 0.997883 0.549937 0 -5.49616</i>
                <i>0.990114 0 -0.140264 0 1 0 0.140264 0 0.990114 0.543668 0 -5.63338</i>
                <i>0.974581 0 -0.224034 0 1 0 0.224034 0 0.974581 0.541389 0 -5.72939</i>
                <i>0.949304 0 -0.314359 0 1 0 0.314359 0 0.949304 0.545825 0 -5.80056</i>
                <i>0.912582 0 -0.408894 0 1 0 0.408894 0 0.912582 0.559097 0 -5.86907</i>
                <i>0.863132 0 -0.504978 0 1 0 0.504978 0 0.863132 0.581151 0 -5.93447</i>
                <i>0.80021 0 -0.59972 0 1 0 0.59972 0 0.80021 0.611933 0 -5.99631</i>
                <i>0.723699 0 -0.690116 0 1 0 0.690116 0 0.723699 0.651389 0 -6.05414</i>
                <i>0.634159 0 -0.773203 0 1 0 0.773203 0 0.634159 0.69836 0 -6.10751</i>
                <i>0.532829 0 -0.846223 0 1 0 0.846223 0 0.532829 0.750796 0 -6.15595</i>
                <i>0.421577 0 -0.906793 0 1 0 0.906793 0 0.421577 0.807308 0 -6.19903</i>
                <i>0.302795 0 -0.953056 0 1 0 0.953056 0 0.302795 0.866509 0 -6.23628</i>
                <i>0.179264 0 -0.983801 0 1 0 0.983801 0 0.179264 0.92701 0 -6.26726</i>
                <i>0.0539748 0 -0.998542 0 1 0 0.998542 0 0.0539748 0.987423 0 -6.29151</i>
                <i>-0.0700546 0 -0.997543 0 1 0 0.997543 0 -0.0700546 1.04636 0 -6.30858</i>
                <i>-0.189963 0 -0.981791 0 1 0 0.981791 0 -0.189963 1.10243 0 -6.31803</i>
                <i>-0.303213 0 -0.952923 0 1 0 0.952923 0 -0.303213 1.15425 0 -6.31939</i>
                <i>-0.407714 0 -0.91311 0 1 0 0.91311 0 -0.407714 1.19336 0 -6.33621</i>
                <i>-0.501913 0 -0.864918 0 1 0 0.864918 0 -0.501913 1.22074 0 -6.38657</i>
                <i>-0.584828 0 -0.811157 0 1 0 0.811157 0 -0.584828 1.24916 0 -6.46184</i>
                <i>-0.656032 0 -0.754733 0 1 0 0.754733 0 -0.656032 1.29139 0 -6.55337</i>
                <i>-0.715597 0 -0.698513 0 1 0 0.698513 0 -0.715597 1.34314 0 -6.65253</i>
                <i>-0.763993 0 -0.645224 0 1 0 0.645224 0 -0.763993 1.40015 0 -6.75068</i>
                <i>-0.801964 0 -0.597372 0 1 0 0.597372 0 -0.801964 1.47529 0 -6.83918</i>
                <i>-0.830383 0 -0.557193 0 1 0 0.557193 0 -0.830383 1.58139 0 -6.90939</i>
                <i>-0.850091 0 -0.526636 0 1 0 0.526636 0 -0.850091 1.71881 0 -6.94759</i>
                <i>-0.861741 0 -0.507348 0 1 0 0.507348 0 -0.861741 1.84566 0 -6.95812</i>
                <i>-0.865636 0 -0.500674 0 1 0 0.500674 0 -0.865636 1.91139 0 -6.95939</i>
                <i>-0.865636 0 -0.500674 0 1 0 0.500674 0 -0.865636 1.91139 0 -6.95939</i>
                <i>-0.865636 0 -0.500674 0 1 0 0.500674 0 -0.865636 1.91139 0 -6.95939</i>
                <i>-0.865636 0 -0.500674 0 1 0 0.500674 0 -0.865636 1.91139 0 -6.95939</i>
                <i>-0.865636 0 -0.500674 0 1 0 0.500674 0 -0.865636 1.91139 0 -6.95939</i>
                <i>-0.865636 0 -0.500674 0 1 0 0.500674 0 -0.865636 1.91139 0 -6.95939</i>
                <i>-0.865636 0 -0.500674 0 1 0 0.500674 0 -0.865636 1.91139 0 -6.95939</i>
                <i>-0.865636 0 -0.500674 0 1 0 0.500674 0 -0.865636 1.91139 0 -6.95939</i>
                <i>-0.865636 0 -0.500674 0 1 0 0.500674 0 -0.865636 1.91139 0 -6.95939</i>
                <i>-0.865636 0 -0.500674 0 1 0 0.500674 0 -0.865636 1.91139 0 -6.95939</i>
                <i>-0.865636 0 -0.500674 0 1 0 0.500674 0 -0.865636 1.91139 0 -6.95939</i>
                <i>-0.865636 0 -0.500674 0 1 0 0.500674 0 -0.865636 1.91139 0 -6.95939</i>
                <i>-0.865636 0 -0.500674 0 1 0 0.500674 0 -0.865636 1.91139 0 -6.95939</i>
                <i>-0.865636 0 -0.500674 0 1 0 0.500674 0 -0.865636 1.91139 0 -6.95939</i>
                <i>-0.865636 0 -0.500674 0 1 0 0.500674 0 -0.865636 1.91139 0 -6.95939</i>
                <i>-0.865636 0 -0.500674 0 1 0 0.500674 0 -0.865636 1.91139 0 -6.95939</i>
                <i>-0.865636 0 -0.500674 0 1 0 0.500674 0 -0.865636 1.91139 0 -6.95939</i>
                <i>-0.865636 0 -0.500674 0 1 0 0.500674 0 -0.865636 1.91139 0 -6.95939</i>
                <i>-0.865636 0 -0.500674 0 1 0 0.500674 0 -0.865636 1.91139 0 -6.95939</i>
                <i>-0.865636 0 -0.500674 0 1 0 0.500674 0 -0.865636 1.91139 0 -6.95939</i>
                <i>-0.865636 0 -0.500674 0 1 0 0.500674 0 -0.865636 1.91139 0 -6.95939</i>
                <i>-0.865636 0 -0.500674 0 1 0 0.500674 0 -0.865636 1.91139 0 -6.95939</i>
                <i>-0.865636 0 -0.500674 0 1 0 0.500674 0 -0.865636 1.91139 0 -6.95939</i>
            </KeyFrames>
        </RefFrame>
        <Bones count="23">
            <i>
                <p>
                    <Name><![CDATA[pelvis]]></Name>
                    <Exclude>0</Exclude>
                    <Additive>0</Additive>
                    <IKPriority>0</IKPriority>
                    <IKRotLimits>-1e+010 -1e+010 -1e+010 1e+010 1e+010 1e+010</IKRotLimits>
                    <IKRotLimitOrder>2</IKRotLimitOrder>
                    <KeyFrames count="67">
                        <i>1 0 0 0 1 0 0 0 1 0.651389 1.43363 -3.51939</i>
                        <i>1 0 0 0 1 0 0 0 1 0.65074 1.42993 -3.56894</i>
                        <i>1 0 0 0 1 0 0 0 1 0.650784 1.42534 -3.6095</i>
                        <i>1 0 0 0 1 0 0 0 1 0.651175 1.42255 -3.64555</i>
                        <i>1 0 0 0 1 0 0 0 1 0.651566 1.42424 -3.6816</i>
                        <i>1 0 0 0 1 0 0 0 1 0.65161 1.42874 -3.72215</i>
                        <i>1 0 0 0 1 0 0 0 1 0.650961 1.43406 -3.77171</i>
                        <i>1 0 0 0 1 0 0 0 1 0.649272 1.44241 -3.83476</i>
                        <i>1 0 0 0 1 0 0 0 1 0.646197 1.45603 -3.91582</i>
                        <i>1 0 0 0 1 0 0 0 1 0.641389 1.47712 -4.01939</i>
                        <i>1 0 0 0 1 0 0 0 1 0.6339 1.5163 -4.15497</i>
                        <i>1 0 0 0 1 0 0 0 1 0.623579 1.57209 -4.32296</i>
                        <i>1 0 0 0 1 0 0 0 1 0.611279 1.62858 -4.51415</i>
                        <i>1 0 0 0 1 0 0 0 1 0.597853 1.66985 -4.71935</i>
                        <i>1 0 0 0 1 0 0 0 1 0.584153 1.68 -4.92935</i>
                        <i>1 0 0 0 1 0 0 0 1 0.571031 1.6483 -5.13495</i>
                        <i>1 0 0 0 1 0 0 0 1 0.559342 1.58536 -5.32696</i>
                        <i>1 0 0 0 1 0 0 0 1 0.549937 1.50726 -5.49616</i>
                        <i>1 0 0 0 1 0 0 0 1 0.543668 1.43011 -5.63338</i>
                        <i>1 0 0 0 1 0 0 0 1 0.541389 1.37 -5.72939</i>
                        <i>1 0 0 0 1 0 0 0 1 0.545825 1.32277 -5.80056</i>
                        <i>1 0 0 0 1 0 0 0 1 0.559097 1.27506 -5.86907</i>
                        <i>1 0 0 0 1 0 0 0 1 0.581151 1.22921 -5.93447</i>
                        <i>1 0 0 0 1 0 0 0 1 0.611933 1.18751 -5.99631</i>
                        <i>1 0 0 0 1 0 0 0 1 0.651389 1.15227 -6.05414</i>
                        <i>1 0 0 0 1 0 0 0 1 0.69836 1.12581 -6.10751</i>
                        <i>1 0 0 0 1 0 0 0 1 0.750796 1.11869 -6.15595</i>
                        <i>1 0 0 0 1 0 0 0 1 0.807308 1.13073 -6.19903</i>
                        <i>1 0 0 0 1 0 0 0 1 0.866509 1.14809 -6.23628</i>
                        <i>1 0 0 0 1 0 0 0 1 0.92701 1.15695 -6.26726</i>
                        <i>1 0 0 0 1 0 0 0 1 0.987423 1.15079 -6.29151</i>
                        <i>1 0 0 0 1 0 0 0 1 1.04636 1.13328 -6.30858</i>
                        <i>1 0 0 0 1 0 0 0 1 1.10243 1.10587 -6.31803</i>
                        <i>1 0 0 0 1 0 0 0 1 1.15425 1.07 -6.31939</i>
                        <i>1 0 0 0 1 0 0 0 1 1.19336 1.04113 -6.33621</i>
                        <i>1 0 0 0 1 0 0 0 1 1.22074 1.0306 -6.38657</i>
                        <i>1 0 0 0 1 0 0 0 1 1.24916 1.03374 -6.46184</i>
                        <i>1 0 0 0 1 0 0 0 1 1.29139 1.04584 -6.55337</i>
                        <i>1 0 0 0 1 0 0 0 1 1.34314 1.06221 -6.65253</i>
                        <i>1 0 0 0 1 0 0 0 1 1.40015 1.07816 -6.75068</i>
                        <i>1 0 0 0 1 0 0 0 1 1.47529 1.08898 -6.83918</i>
                        <i>1 0 0 0 1 0 0 0 1 1.58139 1.09 -6.90939</i>
                        <i>1 0 0 0 1 0 0 0 1 1.71881 1.06684 -6.94759</i>
                        <i>1 0 0 0 1 0 0 0 1 1.84566 1.02953 -6.95812</i>
                        <i>1 0 0 0 1 0 0 0 1 1.91139 1.01 -6.95939</i>
                        <i>1 0 0 0 1 0 0 0 1 1.91139 1.01386 -6.95939</i>
                        <i>1 0 0 0 1 0 0 0 1 1.91139 1.02396 -6.95939</i>
                        <i>1 0 0 0 1 0 0 0 1 1.91139 1.03806 -6.95939</i>
                        <i>1 0 0 0 1 0 0 0 1 1.91139 1.05394 -6.95939</i>
                        <i>1 0 0 0 1 0 0 0 1 1.91139 1.06938 -6.95939</i>
                        <i>1 0 0 0 1 0 0 0 1 1.91139 1.08214 -6.95939</i>
                        <i>1 0 0 0 1 0 0 0 1 1.91139 1.09 -6.95939</i>
                        <i>1 0 0 0 1 0 0 0 1 1.91139 1.09314 -6.95939</i>
                        <i>1 0 0 0 1 0 0 0 1 1.91139 1.09369 -6.95939</i>
                        <i>1 0 0 0 1 0 0 0 1 1.91139 1.0923 -6.95939</i>
                        <i>1 0 0 0 1 0 0 0 1 1.91139 1.08967 -6.95939</i>
                        <i>1 0 0 0 1 0 0 0 1 1.91139 1.08645 -6.95939</i>
                        <i>1 0 0 0 1 0 0 0 1 1.91139 1.08331 -6.95939</i>
                        <i>1 0 0 0 1 0 0 0 1 1.91139 1.08094 -6.95939</i>
                        <i>1 0 0 0 1 0 0 0 1 1.91139 1.08 -6.95939</i>
                        <i>1 0 0 0 1 0 0 0 1 1.91139 1.08 -6.95939</i>
                        <i>1 0 0 0 1 0 0 0 1 1.91139 1.08 -6.95939</i>
                        <i>1 0 0 0 1 0 0 0 1 1.91139 1.08 -6.95939</i>
                        <i>1 0 0 0 1 0 0 0 1 1.91139 1.08 -6.95939</i>
                        <i>1 0 0 0 1 0 0 0 1 1.91139 1.08 -6.95939</i>
                        <i>1 0 0 0 1 0 0 0 1 1.91139 1.08 -6.95939</i>
                        <i>1 0 0 0 1 0 0 0 1 1.91139 1.08 -6.95939</i>
                    </KeyFrames>
                </p>
            </i>
            <i>
                <p>
                    <Name><![CDATA[spine0]]></Name>
                    <Exclude>0</Exclude>
                    <Additive>0</Additive>
                    <IKPriority>0</IKPriority>
                    <IKRotLimits>-1e+010 -1e+010 -1e+010 1e+010 1e+010 1e+010</IKRotLimits>
                    <IKRotLimitOrder>0</IKRotLimitOrder>
                    <KeyFrames count="67">
                        <i>-0.141229 0.963557 -0.227186 0.682897 -0.0713241 -0.727024 -0.716733 -0.257821 -0.647937 0.679972 1.5696 -3.48212</i>
                        <i>-0.148266 0.96259 -0.226799 0.66727 -0.0718907 -0.741338 -0.729909 -0.261252 -0.631649 0.679353 1.56584 -3.53145</i>
                        <i>-0.157282 0.961793 -0.224093 0.64426 -0.0720475 -0.761405 -0.748459 -0.264129 -0.608313 0.679698 1.56109 -3.57165</i>
                        <i>-0.167241 0.961053 -0.220019 0.617005 -0.0720364 -0.783656 -0.768984 -0.266812 -0.580926 0.680538 1.55809 -3.60729</i>
                        <i>-0.177146 0.960259 -0.215689 0.589008 -0.0721344 -0.804901 -0.788472 -0.269628 -0.552822 0.68139 1.55956 -3.64295</i>
                        <i>-0.186077 0.9593 -0.21241 0.564179 -0.0726734 -0.822448 -0.804411 -0.272876 -0.527694 0.681753 1.5639 -3.68318</i>
                        <i>-0.193162 0.958068 -0.211649 0.546715 -0.074023 -0.834041 -0.814734 -0.276816 -0.509491 0.681113 1.56917 -3.73256</i>
                        <i>-0.197478 0.95646 -0.214913 0.540889 -0.0765301 -0.837605 -0.817582 -0.281653 -0.502226 0.678959 1.57764 -3.79566</i>
                        <i>-0.197885 0.954391 -0.223561 0.550743 -0.0804162 -0.830792 -0.810878 -0.287526 -0.509711 0.674803 1.59157 -3.87703</i>
                        <i>-0.192802 0.95181 -0.238507 0.579654 -0.0856428 -0.810349 -0.791725 -0.294489 -0.535208 0.668217 1.61322 -3.98126</i>
                        <i>-0.176869 0.948237 -0.26375 0.633796 -0.0952903 -0.767608 -0.753007 -0.30293 -0.584135 0.658054 1.65322 -4.11802</i>
                        <i>-0.145989 0.944178 -0.295323 0.708746 -0.108448 -0.697078 -0.690193 -0.311075 -0.65335 0.644459 1.70998 -4.28765</i>
                        <i>-0.102441 0.941322 -0.321588 0.790601 -0.119156 -0.600626 -0.603701 -0.315776 -0.732004 0.62893 1.76736 -4.48062</i>
                        <i>-0.0528787 0.941299 -0.333405 0.866625 -0.122626 -0.483657 -0.496151 -0.314513 -0.809269 0.612758 1.8093 -4.68729</i>
                        <i>-0.00728439 0.945053 -0.326836 0.927547 -0.115739 -0.355334 -0.373637 -0.305744 -0.875738 0.596952 1.81984 -4.89808</i>
                        <i>0.0252332 0.953757 -0.299517 0.969016 -0.0969751 -0.227163 -0.245704 -0.284505 -0.926653 0.582284 1.78825 -5.10359</i>
                        <i>0.0421305 0.965046 -0.258673 0.991223 -0.0728447 -0.110324 -0.12531 -0.251755 -0.959644 0.569428 1.7252 -5.29473</i>
                        <i>0.0465985 0.975001 -0.217258 0.998573 -0.0511478 -0.0153604 -0.0260887 -0.216232 -0.975993 0.559113 1.64687 -5.46266</i>
                        <i>0.0446455 0.981577 -0.185776 0.998186 -0.0363117 0.0480241 0.0403935 -0.187583 -0.981418 0.552203 1.56948 -5.59873</i>
                        <i>0.0427609 0.98393 -0.173357 0.996997 -0.0308122 0.0710413 0.0645582 -0.175874 -0.982293 0.549678 1.50926 -5.69427</i>
                        <i>0.044239 0.98114 -0.188169 0.997083 -0.0316354 0.0694648 0.0622019 -0.190693 -0.979677 0.554943 1.46188 -5.76506</i>
                        <i>0.0474334 0.973233 -0.224875 0.997293 -0.0334792 0.0654674 0.0561864 -0.227371 -0.972186 0.570203 1.4138 -5.83266</i>
                        <i>0.0507695 0.961026 -0.271757 0.997552 -0.0356926 0.0601407 0.048097 -0.274145 -0.960485 0.594658 1.36744 -5.89696</i>
                        <i>0.0535175 0.94752 -0.315186 0.997783 -0.0382409 0.0544594 0.0395484 -0.317402 -0.947466 0.627515 1.32526 -5.95788</i>
                        <i>0.0554697 0.939205 -0.338847 0.997938 -0.0411788 0.0492257 0.0322797 -0.340879 -0.939553 0.66799 1.28979 -6.01531</i>
                        <i>0.0571451 0.941481 -0.332188 0.998031 -0.0452587 0.0434163 0.0258412 -0.334015 -0.942213 0.714513 1.26349 -6.06904</i>
                        <i>0.0593541 0.951206 -0.302795 0.998047 -0.0506356 0.0365705 0.0194538 -0.304374 -0.952354 0.765512 1.25678 -6.11838</i>
                        <i>0.0616075 0.962384 -0.264615 0.997998 -0.0555901 0.0301763 0.0143313 -0.265944 -0.963882 0.820209 1.26928 -6.16252</i>
                        <i>0.063194 0.970533 -0.232533 0.99794 -0.0588645 0.0255184 0.0110785 -0.233667 -0.972254 0.877845 1.28701 -6.20067</i>
                        <i>0.0637755 0.973605 -0.219148 0.997915 -0.0600281 0.0237231 0.00994189 -0.220203 -0.975403 0.937679 1.29602 -6.23202</i>
                        <i>0.0583689 0.979556 -0.192518 0.998204 -0.0546575 0.0245382 0.013514 -0.193604 -0.980987 0.995656 1.2899 -6.25575</i>
                        <i>0.0460766 0.989803 -0.134785 0.998431 -0.0413353 0.037768 0.0318115 -0.136314 -0.990155 1.04846 1.27232 -6.2717</i>
                        <i>0.0335171 0.996343 -0.0785916 0.996747 -0.027557 0.0757305 0.0732879 -0.0808743 -0.994026 1.09691 1.24458 -6.28028</i>
                        <i>0.0311555 0.998077 -0.0535826 0.990018 -0.023443 0.138974 0.137451 -0.0573776 -0.988845 1.14266 1.20835 -6.28169</i>
                        <i>0.0551719 0.995724 -0.0740876 0.97042 -0.0360075 0.238723 0.235034 -0.0850669 -0.968257 1.17838 1.18004 -6.30192</i>
                        <i>0.104712 0.987452 -0.118208 0.929688 -0.0549851 0.364222 0.353152 -0.148035 -0.92378 1.20419 1.1709 -6.35937</i>
                        <i>0.162417 0.973224 -0.162653 0.875681 -0.0661957 0.478331 0.454756 -0.220122 -0.862985 1.23191 1.17514 -6.44175</i>
                        <i>0.195165 0.962341 -0.189234 0.832099 -0.0603374 0.551335 0.519155 -0.265063 -0.812539 1.27139 1.18733 -6.53673</i>
                        <i>0.189652 0.962008 -0.1964 0.809447 -0.0399744 0.585831 0.555723 -0.270079 -0.786275 1.31778 1.20279 -6.63547</i>
                        <i>0.16206 0.968253 -0.190322 0.798803 -0.0154874 0.601394 0.579354 -0.249492 -0.775953 1.36959 1.21741 -6.73145</i>
                        <i>0.115698 0.979961 -0.162146 0.801486 0.00431937 0.597998 0.586715 -0.199144 -0.784925 1.44055 1.22623 -6.81366</i>
                        <i>0.0605881 0.99174 -0.113049 0.812881 0.016703 0.582191 0.579271 -0.127169 -0.805154 1.54378 1.22407 -6.87323</i>
                        <i>0.00849862 0.99841 -0.0557286 0.825629 0.0244355 0.563684 0.564149 -0.0508017 -0.824109 1.67988 1.19678 -6.89968</i>
                        <i>-0.0300689 0.999538 -0.00440635 0.835405 0.0275513 0.548944 0.548812 0.0128251 -0.835847 1.8068 1.15546 -6.90044</i>
                        <i>-0.046325 0.998598 0.0256198 0.84046 0.0251017 0.541292 0.53989 0.0466078 -0.840444 1.87348 1.13387 -6.89682</i>
                        <i>-0.0363632 0.999163 0.0187192 0.841797 0.0205305 0.539404 0.538568 0.0353722 -0.841839 1.87476 1.13941 -6.89946</i>
                        <i>-0.0122437 0.999925 -3.25881e-005 0.844065 0.0103527 0.53614 0.536101 0.00653685 -0.844129 1.87789 1.15327 -6.90599</i>
                        <i>0.0172176 0.999484 -0.0271094 0.845228 -6.54431e-005 0.534406 0.534129 -0.0321148 -0.844793 1.8818 1.17139 -6.91418</i>
                        <i>0.0441514 0.997463 -0.055837 0.845063 -0.00747841 0.534614 0.532841 -0.0707898 -0.843249 1.88534 1.19027 -6.92155</i>
                        <i>0.0627949 0.995111 -0.0762237 0.844567 -0.0122913 0.535309 0.531755 -0.0979907 -0.84121 1.88725 1.20705 -6.92534</i>
                        <i>0.0732427 0.993609 -0.0858926 0.844353 -0.0159448 0.53555 0.530758 -0.111749 -0.840124 1.88769 1.22001 -6.92585</i>
                        <i>0.0785915 0.992753 -0.0909161 0.844332 -0.0177984 0.535525 0.530026 -0.118851 -0.839611 1.8877 1.22775 -6.92533</i>
                        <i>0.0800546 0.99236 -0.0938738 0.844482 -0.0174878 0.535298 0.529567 -0.122128 -0.83943 1.88738 1.2305 -6.92401</i>
                        <i>0.079194 0.992235 -0.0959096 0.844687 -0.0157016 0.53503 0.529369 -0.123385 -0.839372 1.88681 1.23045 -6.92214</i>
                        <i>0.0770398 0.992256 -0.0974314 0.844838 -0.0130751 0.534862 0.529446 -0.123519 -0.839303 1.88608 1.22832 -6.91994</i>
                        <i>0.0744285 0.99233 -0.0987042 0.844871 -0.0101662 0.534874 0.529768 -0.123202 -0.839147 1.88529 1.22485 -6.91765</i>
                        <i>0.0719545 0.9924 -0.0998198 0.84478 -0.00743245 0.535062 0.530254 -0.122826 -0.838895 1.88452 1.22079 -6.9155</i>
                        <i>0.0699714 0.992449 -0.10074 0.844614 -0.00520714 0.53535 0.530783 -0.122545 -0.838601 1.88386 1.21692 -6.91369</i>
                        <i>0.0686612 0.992477 -0.101364 0.844454 -0.00371708 0.535616 0.53121 -0.122373 -0.838356 1.8834 1.21402 -6.91246</i>
                        <i>0.0681719 0.992488 -0.101589 0.844384 -0.00316275 0.535729 0.531383 -0.122302 -0.838257 1.88323 1.21288 -6.91199</i>
                        <i>0.0681719 0.992488 -0.101589 0.844384 -0.00316275 0.535729 0.531383 -0.122302 -0.838257 1.88323 1.21288 -6.91199</i>
                        <i>0.0681719 0.992488 -0.101589 0.844384 -0.00316275 0.535729 0.531383 -0.122302 -0.838257 1.88323 1.21288 -6.91199</i>
                        <i>0.0681719 0.992488 -0.101589 0.844384 -0.00316275 0.535729 0.531383 -0.122302 -0.838257 1.88323 1.21288 -6.91199</i>
                        <i>0.0681719 0.992488 -0.101589 0.844384 -0.00316275 0.535729 0.531383 -0.122302 -0.838257 1.88323 1.21288 -6.91199</i>
                        <i>0.0681719 0.992488 -0.101589 0.844384 -0.00316275 0.535729 0.531383 -0.122302 -0.838257 1.88323 1.21288 -6.91199</i>
                        <i>0.0681719 0.992488 -0.101589 0.844384 -0.00316275 0.535729 0.531383 -0.122302 -0.838257 1.88323 1.21288 -6.91199</i>
                        <i>0.0681719 0.992488 -0.101589 0.844384 -0.00316275 0.535729 0.531383 -0.122302 -0.838257 1.88323 1.21288 -6.91199</i>
                    </KeyFrames>
                </p>
            </i>
            <i>
                <p>
                    <Name><![CDATA[spine1]]></Name>
                    <Exclude>0</Exclude>
                    <Additive>0</Additive>
                    <IKPriority>0</IKPriority>
                    <IKRotLimits>-1e+010 -1e+010 -1e+010 1e+010 1e+010 1e+010</IKRotLimits>
                    <IKRotLimitOrder>0</IKRotLimitOrder>
                    <KeyFrames count="67">
                        <i>-0.317397 0.680705 -0.660227 0.797504 -0.185089 -0.574221 -0.513076 -0.70879 -0.484118 0.653955 1.74752 -3.52401</i>
                        <i>-0.326194 0.671331 -0.665516 0.78967 -0.193487 -0.582223 -0.519633 -0.715456 -0.467016 0.651963 1.74409 -3.57339</i>
                        <i>-0.340196 0.661297 -0.668545 0.776235 -0.203806 -0.596592 -0.530778 -0.721907 -0.443988 0.650539 1.73983 -3.61324</i>
                        <i>-0.3569 0.650974 -0.669966 0.759722 -0.215043 -0.613661 -0.543549 -0.728003 -0.41781 0.64941 1.7374 -3.64828</i>
                        <i>-0.373687 0.640683 -0.670733 0.742892 -0.226262 -0.630014 -0.555401 -0.73371 -0.391407 0.648289 1.73943 -3.68329</i>
                        <i>-0.387867 0.630667 -0.672174 0.728787 -0.236631 -0.642554 -0.564295 -0.739097 -0.367841 0.646861 1.74423 -3.72305</i>
                        <i>-0.396689 0.62111 -0.675914 0.72062 -0.245415 -0.648443 -0.568634 -0.744307 -0.350232 0.644795 1.74975 -3.7724</i>
                        <i>-0.397302 0.612192 -0.683646 0.721552 -0.251905 -0.644908 -0.567021 -0.74951 -0.341646 0.641773 1.75818 -3.83617</i>
                        <i>-0.386659 0.60418 -0.69675 0.734361 -0.255303 -0.628915 -0.55786 -0.754842 -0.344971 0.637543 1.77172 -3.91917</i>
                        <i>-0.361393 0.597575 -0.715751 0.760979 -0.254552 -0.596753 -0.5388 -0.760334 -0.362749 0.631985 1.79252 -4.02612</i>
                        <i>-0.308634 0.591249 -0.745097 0.806747 -0.252261 -0.534344 -0.503889 -0.766022 -0.399132 0.624961 1.83107 -4.16742</i>
                        <i>-0.223266 0.587577 -0.777757 0.865055 -0.248307 -0.435917 -0.449257 -0.770128 -0.452848 0.617336 1.88583 -4.34259</i>
                        <i>-0.117016 0.592685 -0.796889 0.919964 -0.237591 -0.311797 -0.374131 -0.769594 -0.517446 0.610084 1.94099 -4.53987</i>
                        <i>-0.00762259 0.611868 -0.790923 0.960392 -0.215844 -0.176235 -0.278548 -0.76094 -0.585988 0.603153 1.98087 -4.748</i>
                        <i>0.0831332 0.648138 -0.756971 0.982694 -0.179494 -0.0457648 -0.165534 -0.740067 -0.651844 0.595661 1.9898 -4.95681</i>
                        <i>0.136772 0.7082 -0.692637 0.989709 -0.12739 0.0651808 -0.0420738 -0.694424 -0.718335 0.586767 1.95738 -5.15667</i>
                        <i>0.150331 0.7811 -0.606039 0.985481 -0.0694648 0.154923 0.078912 -0.62053 -0.780202 0.576807 1.89416 -5.33999</i>
                        <i>0.134689 0.84468 -0.518049 0.974506 -0.0182422 0.22362 0.179437 -0.534961 -0.825602 0.567197 1.81601 -5.50034</i>
                        <i>0.109713 0.88614 -0.450243 0.963224 0.0169956 0.268163 0.245282 -0.463106 -0.851686 0.559908 1.7389 -5.63079</i>
                        <i>0.0972024 0.900779 -0.42326 0.958358 0.0300239 0.283986 0.268516 -0.433238 -0.860351 0.557046 1.67882 -5.72414</i>
                        <i>0.0969734 0.881719 -0.4617 0.959731 0.040044 0.278051 0.263651 -0.470072 -0.842331 0.562588 1.63144 -5.79757</i>
                        <i>0.0960356 0.828908 -0.55108 0.962666 0.0634224 0.263159 0.253085 -0.555778 -0.79187 0.578465 1.58332 -5.87181</i>
                        <i>0.0948356 0.752115 -0.652172 0.965603 0.0898305 0.24401 0.242109 -0.652881 -0.717726 0.603598 1.5367 -5.9448</i>
                        <i>0.0956549 0.673814 -0.732684 0.967897 0.108912 0.226524 0.232433 -0.730831 -0.641764 0.63704 1.49393 -6.01395</i>
                        <i>0.101362 0.627126 -0.772295 0.969691 0.111198 0.217566 0.222319 -0.77094 -0.596847 0.677917 1.45792 -6.07592</i>
                        <i>0.114676 0.635006 -0.763948 0.970993 0.0907742 0.221208 0.209815 -0.767155 -0.606177 0.724716 1.43163 -6.12832</i>
                        <i>0.129299 0.688884 -0.713247 0.970491 0.0597297 0.233622 0.203541 -0.722407 -0.660832 0.776023 1.42525 -6.17197</i>
                        <i>0.139982 0.760686 -0.633847 0.968156 0.0290365 0.24866 0.207557 -0.648471 -0.732397 0.831007 1.43797 -6.20888</i>
                        <i>0.145829 0.818071 -0.556322 0.965448 0.00508114 0.260544 0.215971 -0.575095 -0.789064 0.88883 1.45573 -6.24108</i>
                        <i>0.147411 0.840673 -0.521094 0.964166 -0.00464399 0.265258 0.220575 -0.541523 -0.811233 0.94873 1.46472 -6.26998</i>
                        <i>0.154927 0.869302 -0.469374 0.961651 -0.0238524 0.273238 0.226331 -0.493705 -0.83966 1.00569 1.4582 -6.28883</i>
                        <i>0.171834 0.923035 -0.344209 0.952965 -0.0671976 0.295537 0.24966 -0.378803 -0.891167 1.05625 1.43962 -6.2945</i>
                        <i>0.18675 0.96168 -0.20074 0.937245 -0.113163 0.329797 0.294442 -0.249732 -0.922463 1.10251 1.41089 -6.29343</i>
                        <i>0.193676 0.97469 -0.111668 0.916132 -0.13896 0.376023 0.350988 -0.175129 -0.919857 1.14785 1.37433 -6.29064</i>
                        <i>0.21767 0.970728 -0.101526 0.879225 -0.149855 0.452224 0.423772 -0.1877 -0.886107 1.18758 1.34599 -6.3143</i>
                        <i>0.273662 0.953154 -0.128868 0.819573 -0.160962 0.549901 0.503397 -0.256104 -0.825229 1.22173 1.3362 -6.37918</i>
                        <i>0.354795 0.917784 -0.178308 0.752566 -0.167179 0.636943 0.554766 -0.360173 -0.750007 1.25926 1.33897 -6.46915</i>
                        <i>0.426715 0.874723 -0.229728 0.706141 -0.163544 0.688925 0.565048 -0.456195 -0.687464 1.30448 1.35045 -6.56882</i>
                        <i>0.46193 0.843995 -0.272569 0.688982 -0.147951 0.709516 0.558501 -0.515542 -0.649841 1.35024 1.36743 -6.66909</i>
                        <i>0.460974 0.835159 -0.30002 0.687261 -0.122099 0.716076 0.561406 -0.536284 -0.630256 1.39765 1.38513 -6.76441</i>
                        <i>0.417363 0.855072 -0.30767 0.701586 -0.0880081 0.70713 0.577569 -0.510987 -0.636637 1.46088 1.39855 -6.84214</i>
                        <i>0.346065 0.888722 -0.300687 0.72496 -0.0498651 0.686983 0.595543 -0.455727 -0.661545 1.55459 1.40142 -6.89341</i>
                        <i>0.266613 0.921292 -0.283086 0.74785 -0.0124687 0.663751 0.607979 -0.388671 -0.692312 1.68139 1.37802 -6.90974</i>
                        <i>0.19991 0.944058 -0.262278 0.766201 0.0162229 0.642396 0.610715 -0.329379 -0.720095 1.80124 1.33887 -6.90119</i>
                        <i>0.165879 0.954219 -0.248899 0.780996 0.0269858 0.623952 0.602104 -0.29789 -0.740765 1.86489 1.31798 -6.89203</i>
                        <i>0.173075 0.95267 -0.249929 0.792886 0.0157663 0.609166 0.584275 -0.303597 -0.75263 1.86804 1.32278 -6.89596</i>
                        <i>0.188754 0.948295 -0.255166 0.819279 -0.00880335 0.573328 0.541438 -0.31727 -0.778579 1.87564 1.33474 -6.90594</i>
                        <i>0.204111 0.941712 -0.267428 0.848091 -0.0336556 0.528781 0.488959 -0.334733 -0.805526 1.88486 1.35027 -6.919</i>
                        <i>0.214976 0.933617 -0.286609 0.871957 -0.0513106 0.486885 0.439858 -0.35458 -0.825105 1.89312 1.36656 -6.93139</i>
                        <i>0.224652 0.924062 -0.30926 0.886152 -0.0617318 0.459265 0.405298 -0.377226 -0.832727 1.89826 1.38173 -6.9387</i>
                        <i>0.235612 0.915016 -0.327464 0.890292 -0.0681046 0.450269 0.389701 -0.397627 -0.830678 1.90052 1.39419 -6.94088</i>
                        <i>0.246149 0.908082 -0.338819 0.887503 -0.0706728 0.45535 0.38955 -0.412787 -0.823321 1.90147 1.40184 -6.94125</i>
                        <i>0.257148 0.901564 -0.347933 0.879237 -0.0688642 0.471381 0.40102 -0.42713 -0.810397 1.90143 1.40486 -6.94048</i>
                        <i>0.268205 0.895552 -0.355039 0.866617 -0.0633224 0.494939 0.420762 -0.440428 -0.793084 1.90075 1.40528 -6.93901</i>
                        <i>0.278603 0.890295 -0.360215 0.850654 -0.0546396 0.52288 0.445835 -0.452094 -0.772556 1.89969 1.40375 -6.93714</i>
                        <i>0.287698 0.885977 -0.363696 0.832628 -0.0437336 0.552104 0.473246 -0.461662 -0.750271 1.89848 1.40093 -6.93514</i>
                        <i>0.295024 0.88269 -0.365814 0.814262 -0.0319415 0.579618 0.499938 -0.468869 -0.728164 1.89731 1.39749 -6.93324</i>
                        <i>0.300327 0.880431 -0.366939 0.797787 -0.0210009 0.602573 0.522818 -0.473708 -0.708704 1.89633 1.39415 -6.93165</i>
                        <i>0.303525 0.879135 -0.367416 0.785857 -0.0129268 0.618273 0.538796 -0.476398 -0.694798 1.89566 1.39161 -6.93055</i>
                        <i>0.304603 0.878716 -0.367526 0.781286 -0.00979893 0.624097 0.544802 -0.477244 -0.689513 1.89541 1.39061 -6.93015</i>
                        <i>0.304603 0.878716 -0.367526 0.781286 -0.00979893 0.624097 0.544802 -0.477244 -0.689513 1.89541 1.39061 -6.93015</i>
                        <i>0.304603 0.878716 -0.367526 0.781286 -0.00979893 0.624097 0.544802 -0.477244 -0.689513 1.89541 1.39061 -6.93015</i>
                        <i>0.304603 0.878716 -0.367526 0.781286 -0.00979893 0.624097 0.544802 -0.477244 -0.689513 1.89541 1.39061 -6.93015</i>
                        <i>0.304603 0.878716 -0.367526 0.781286 -0.00979893 0.624097 0.544802 -0.477244 -0.689513 1.89541 1.39061 -6.93015</i>
                        <i>0.304603 0.878716 -0.367526 0.781286 -0.00979893 0.624097 0.544802 -0.477244 -0.689513 1.89541 1.39061 -6.93015</i>
                        <i>0.304603 0.878716 -0.367526 0.781286 -0.00979893 0.624097 0.544802 -0.477244 -0.689513 1.89541 1.39061 -6.93015</i>
                        <i>0.304603 0.878716 -0.367526 0.781286 -0.00979893 0.624097 0.544802 -0.477244 -0.689513 1.89541 1.39061 -6.93015</i>
                    </KeyFrames>
                </p>
            </i>
            <i>
                <p>
                    <Name><![CDATA[spine2]]></Name>
                    <Exclude>0</Exclude>
                    <Additive>0</Additive>
                    <IKPriority>0</IKPriority>
                    <IKRotLimits>-1e+010 -1e+010 -1e+010 1e+010 1e+010 1e+010</IKRotLimits>
                    <IKRotLimitOrder>0</IKRotLimitOrder>
                    <KeyFrames count="67">
                        <i>-0.385842 0.485889 -0.784244 0.881926 -0.0552597 -0.468137 -0.2708 -0.872272 -0.407197 0.600076 1.86272 -3.63625</i>
                        <i>-0.395114 0.471497 -0.7884 0.878973 -0.0554084 -0.473641 -0.267005 -0.880125 -0.392541 0.596433 1.858 -3.68685</i>
                        <i>-0.411146 0.455876 -0.78939 0.871739 -0.0565537 -0.486696 -0.266516 -0.888245 -0.374153 0.592412 1.85243 -3.72762</i>
                        <i>-0.430564 0.439693 -0.788216 0.862141 -0.0580563 -0.503331 -0.267072 -0.89627 -0.354081 0.58818 1.84866 -3.76337</i>
                        <i>-0.449923 0.423559 -0.786236 0.852283 -0.0593666 -0.519701 -0.2668 -0.903921 -0.334282 0.58392 1.84935 -3.79896</i>
                        <i>-0.465767 0.408002 -0.785236 0.844526 -0.0600498 -0.532137 -0.264266 -0.911004 -0.316599 0.57981 1.85278 -3.83938</i>
                        <i>-0.474636 0.393491 -0.787328 0.841398 -0.0597644 -0.537101 -0.258398 -0.917384 -0.302716 0.576032 1.85693 -3.88969</i>
                        <i>-0.472994 0.380499 -0.794667 0.845355 -0.0581905 -0.531026 -0.248297 -0.922949 -0.294133 0.572802 1.86398 -3.95498</i>
                        <i>-0.457074 0.369604 -0.808997 0.858383 -0.0549099 -0.510063 -0.232943 -0.927565 -0.292164 0.570432 1.87611 -4.04025</i>
                        <i>-0.422676 0.361642 -0.830999 0.88142 -0.0492561 -0.469758 -0.210816 -0.931015 -0.297939 0.569401 1.89556 -4.15025</i>
                        <i>-0.353846 0.355997 -0.864904 0.918801 -0.0406378 -0.392623 -0.174921 -0.933603 -0.312711 0.571778 1.93257 -4.29607</i>
                        <i>-0.245003 0.35515 -0.902132 0.961769 -0.0284081 -0.272383 -0.122365 -0.934378 -0.334612 0.579185 1.98601 -4.47592</i>
                        <i>-0.110799 0.365031 -0.924379 0.992235 -0.0122581 -0.123774 -0.0565124 -0.930915 -0.360838 0.59037 2.0411 -4.67517</i>
                        <i>0.0284188 0.390965 -0.919967 0.999404 0.00692487 0.0338157 0.0195914 -0.920379 -0.390535 0.602059 2.08304 -4.88068</i>
                        <i>0.148901 0.436494 -0.8873 0.983511 0.0277643 0.178705 0.102639 -0.899279 -0.425162 0.609636 2.09667 -5.08209</i>
                        <i>0.230802 0.511035 -0.827994 0.9545 0.0462402 0.294605 0.18884 -0.858315 -0.47711 0.609325 2.07261 -5.26969</i>
                        <i>0.269938 0.605487 -0.748678 0.922559 0.0600077 0.381162 0.275715 -0.79359 -0.542399 0.601278 2.01976 -5.43762</i>
                        <i>0.274089 0.694292 -0.665457 0.89461 0.0698544 0.441354 0.352914 -0.716295 -0.601974 0.588948 1.95069 -5.58302</i>
                        <i>0.260837 0.757114 -0.598951 0.875562 0.0758056 0.477122 0.40664 -0.64887 -0.643127 0.577576 1.87954 -5.70228</i>
                        <i>0.252069 0.780595 -0.571955 0.868783 0.0777852 0.489045 0.426236 -0.620178 -0.658561 0.572697 1.82158 -5.79123</i>
                        <i>0.255185 0.752905 -0.606642 0.872259 0.0914507 0.480417 0.417186 -0.651745 -0.633391 0.578246 1.77156 -5.87097</i>
                        <i>0.262296 0.680296 -0.684396 0.880033 0.122342 0.458884 0.395907 -0.722655 -0.566593 0.594095 1.71601 -5.9601</i>
                        <i>0.271036 0.581879 -0.766783 0.888307 0.155616 0.432082 0.370743 -0.798249 -0.474709 0.619208 1.65832 -6.05043</i>
                        <i>0.281247 0.486269 -0.827311 0.894437 0.179516 0.409581 0.347681 -0.855171 -0.384449 0.652952 1.60394 -6.13386</i>
                        <i>0.293428 0.427578 -0.855031 0.897082 0.185935 0.40084 0.33037 -0.88465 -0.329014 0.694857 1.56082 -6.203</i>
                        <i>0.307973 0.428503 -0.849433 0.895513 0.170922 0.410903 0.321261 -0.887226 -0.331091 0.743799 1.53559 -6.25374</i>
                        <i>0.315002 0.489877 -0.812892 0.890016 0.144986 0.432262 0.329614 -0.859651 -0.390328 0.797333 1.53718 -6.28811</i>
                        <i>0.31104 0.584281 -0.74958 0.881919 0.116514 0.456774 0.354221 -0.803144 -0.479048 0.853829 1.5604 -6.31105</i>
                        <i>0.301822 0.6665 -0.681675 0.874072 0.0920373 0.476998 0.380658 -0.739802 -0.55479 0.912411 1.5864 -6.33002</i>
                        <i>0.296274 0.700695 -0.649036 0.870523 0.0814735 0.485337 0.392953 -0.708794 -0.585833 0.972492 1.5986 -6.35303</i>
                        <i>0.298347 0.73953 -0.603394 0.865257 0.0572925 0.498044 0.402888 -0.670681 -0.62279 1.03044 1.59552 -6.363</i>
                        <i>0.300859 0.820466 -0.486127 0.850833 -0.00067264 0.525436 0.430775 -0.571695 -0.698282 1.08323 1.58315 -6.34797</i>
                        <i>0.29557 0.893611 -0.337784 0.829982 -0.0651218 0.553975 0.473041 -0.444093 -0.760929 1.13145 1.55865 -6.32417</i>
                        <i>0.280741 0.933269 -0.224037 0.805111 -0.101924 0.584301 0.522475 -0.344412 -0.78 1.17773 1.52359 -6.30761</i>
                        <i>0.28389 0.942171 -0.178105 0.762852 -0.109394 0.637252 0.580916 -0.316777 -0.749793 1.22118 1.49499 -6.32974</i>
                        <i>0.320291 0.930815 -0.176059 0.700138 -0.107401 0.705884 0.638138 -0.349354 -0.686099 1.26407 1.48314 -6.39891</i>
                        <i>0.390349 0.895945 -0.211921 0.63719 -0.0967579 0.764609 0.664543 -0.433498 -0.608657 1.31437 1.4812 -6.49665</i>
                        <i>0.464141 0.845291 -0.264682 0.60065 -0.0807442 0.795424 0.650993 -0.52817 -0.545201 1.37116 1.4869 -6.60455</i>
                        <i>0.513766 0.796634 -0.318462 0.592897 -0.0613905 0.802935 0.620095 -0.601336 -0.503862 1.42309 1.50028 -6.71192</i>
                        <i>0.535888 0.763894 -0.35957 0.595752 -0.0403538 0.802154 0.59825 -0.644079 -0.476716 1.47123 1.51812 -6.81216</i>
                        <i>0.521322 0.765029 -0.378093 0.608154 -0.0222531 0.793507 0.598642 -0.643611 -0.476856 1.52853 1.53673 -6.89188</i>
                        <i>0.481928 0.78937 -0.380317 0.628311 -0.00880099 0.777912 0.610713 -0.613855 -0.500211 1.61169 1.54747 -6.94288</i>
                        <i>0.431718 0.821288 -0.37297 0.652779 0.000884944 0.757548 0.622495 -0.570514 -0.535737 1.72612 1.53172 -6.95706</i>
                        <i>0.386571 0.847283 -0.364243 0.679089 0.00572505 0.734034 0.62402 -0.53111 -0.573168 1.83521 1.49808 -6.94553</i>
                        <i>0.362848 0.857248 -0.365333 0.706204 0.00281391 0.708002 0.607961 -0.514897 -0.604371 1.89325 1.47969 -6.93434</i>
                        <i>0.363506 0.85103 -0.378962 0.729902 -0.00740196 0.683512 0.578883 -0.525066 -0.623859 1.89746 1.48348 -6.93826</i>
                        <i>0.360979 0.835761 -0.413761 0.783971 -0.0316715 0.61999 0.505059 -0.54818 -0.666645 1.90728 1.49293 -6.94865</i>
                        <i>0.349309 0.816412 -0.459842 0.843621 -0.0604431 0.533526 0.407783 -0.574297 -0.709856 1.91853 1.50523 -6.96314</i>
                        <i>0.33009 0.79706 -0.505703 0.890811 -0.0858224 0.446195 0.312244 -0.59777 -0.73836 1.92807 1.51828 -6.9781</i>
                        <i>0.315028 0.780717 -0.539665 0.916527 -0.102603 0.386588 0.246444 -0.616404 -0.747871 1.93449 1.53089 -6.98876</i>
                        <i>0.312295 0.770474 -0.555736 0.923841 -0.110016 0.366625 0.221335 -0.627907 -0.746153 1.93845 1.54167 -6.99381</i>
