<?xml version="1.0" encoding="ISO-8859-1" ?>
<Animl Version="1">
    <ModellingPackage><![CDATA[Maya.2010]]></ModellingPackage>
    <SrcFile><![CDATA[anims\vehicles\blue\~src\land\apc_m113\apc_m113_deploy_crewman_left.mb]]></SrcFile>
    <FramesPerSecond>30</FramesPerSecond>
    <TotalFrames>67</TotalFrames>
    <Skeleton>
        <RefFrame>
            <Name><![CDATA[soldier_ref_frame]]></Name>
            <Exclude>0</Exclude>
            <Additive>0</Additive>
            <IKPriority>0</IKPriority>
            <IKRotLimits>-1e+010 -1e+010 -1e+010 1e+010 1e+010 1e+010</IKRotLimits>
            <IKRotLimitOrder>0</IKRotLimitOrder>
            <KeyFrames count="67">
                <i>1 0 0 0 1 0 0 0 1 -0.54 0 -1.7</i>
                <i>0.999985 0 0.00546269 0 1 0 -0.00546269 0 0.999985 -0.540573 0 -1.82839</i>
                <i>0.999797 0 0.0201687 0 1 0 -0.0201687 0 0.999797 -0.543194 0 -1.96069</i>
                <i>0.999135 0 0.0415887 0 1 0 -0.0415887 0 0.999135 -0.541719 0 -2.08516</i>
                <i>0.997741 0 0.0671828 0 1 0 -0.0671828 0 0.997741 -0.53 0 -2.19</i>
                <i>0.995534 0 0.0944062 0 1 0 -0.0944062 0 0.995534 -0.502871 0 -2.26727</i>
                <i>0.992686 0 0.120725 0 1 0 -0.120725 0 0.992686 -0.46488 0 -2.32568</i>
                <i>0.989631 0 0.143633 0 1 0 -0.143633 0 0.989631 -0.424453 0 -2.37845</i>
                <i>0.98701 0 0.160661 0 1 0 -0.160661 0 0.98701 -0.390018 0 -2.43882</i>
                <i>0.985554 0 0.169364 0 1 0 -0.169364 0 0.985554 -0.37 0 -2.52</i>
                <i>0.985907 0 0.167293 0 1 0 -0.167293 0 0.985907 -0.3668 0 -2.63288</i>
                <i>0.988389 0 0.151945 0 1 0 -0.151945 0 0.988389 -0.3748 0 -2.76864</i>
                <i>0.992686 0 0.120725 0 1 0 -0.120725 0 0.992686 -0.3904 0 -2.91096</i>
                <i>0.997479 0 0.0709556 0 1 0 -0.0709556 0 0.997479 -0.41 0 -3.04352</i>
                <i>1 0 0 0 1 0 0 0 1 -0.43 0 -3.15</i>
                <i>0.99609 0 -0.088339 0 1 0 0.088339 0 0.99609 -0.454827 0 -3.22912</i>
                <i>0.982297 0 -0.187329 0 1 0 0.187329 0 0.982297 -0.48688 0 -3.29176</i>
                <i>0.955636 0 -0.294551 0 1 0 0.294551 0 0.955636 -0.51952 0 -3.33984</i>
                <i>0.913453 0 -0.406944 0 1 0 0.406944 0 0.913453 -0.546107 0 -3.37528</i>
                <i>0.85366 0 -0.520831 0 1 0 0.520831 0 0.85366 -0.56 0 -3.4</i>
                <i>0.774949 0 -0.632024 0 1 0 0.632024 0 0.774949 -0.5586 0 -3.4014</i>
                <i>0.676983 0 -0.735998 0 1 0 0.735998 0 0.676983 -0.5548 0 -3.4052</i>
                <i>0.560522 0 -0.828139 0 1 0 0.828139 0 0.560522 -0.5492 0 -3.4108</i>
                <i>0.42747 0 -0.904029 0 1 0 0.904029 0 0.42747 -0.5424 0 -3.4176</i>
                <i>0.280836 0 -0.959756 0 1 0 0.959756 0 0.280836 -0.535 0 -3.425</i>
                <i>0.124586 0 -0.992209 0 1 0 0.992209 0 0.124586 -0.5276 0 -3.4324</i>
                <i>-0.036582 0 -0.999331 0 1 0 0.999331 0 -0.036582 -0.5208 0 -3.4392</i>
                <i>-0.197552 0 -0.980292 0 1 0 0.980292 0 -0.197552 -0.5152 0 -3.4448</i>
                <i>-0.353135 0 -0.935573 0 1 0 0.935573 0 -0.353135 -0.5114 0 -3.4486</i>
                <i>-0.498433 0 -0.866928 0 1 0 0.866928 0 -0.498433 -0.51 0 -3.45</i>
                <i>-0.629177 0 -0.777262 0 1 0 0.777262 0 -0.629177 -0.49648 0 -3.45</i>
                <i>-0.742002 0 -0.670398 0 1 0 0.670398 0 -0.742002 -0.46424 0 -3.45</i>
                <i>-0.834642 0 -0.550792 0 1 0 0.550792 0 -0.834642 -0.42576 0 -3.45</i>
                <i>-0.906032 0 -0.423209 0 1 0 0.423209 0 -0.906032 -0.39352 0 -3.45</i>
                <i>-0.956295 0 -0.292402 0 1 0 0.292402 0 -0.956295 -0.38 0 -3.45</i>
                <i>-0.986655 0 -0.162823 0 1 0 0.162823 0 -0.986655 -0.3996 0 -3.47384</i>
                <i>-0.999263 0 -0.0383959 0 1 0 0.0383959 0 -0.999263 -0.4344 0 -3.50712</i>
                <i>-0.996981 0 0.0776444 0 1 0 -0.0776444 0 -0.996981 -0.4844 0 -3.54648</i>
                <i>-0.983146 0 0.18282 0 1 0 -0.18282 0 -0.983146 -0.5496 0 -3.58856</i>
                <i>-0.961329 0 0.275404 0 1 0 -0.275404 0 -0.961329 -0.63 0 -3.63</i>
                <i>-0.935116 0 0.354343 0 1 0 -0.354343 0 -0.935116 -0.7368 0 -3.67672</i>
                <i>-0.907929 0 0.419123 0 1 0 -0.419123 0 -0.907929 -0.87 0 -3.73096</i>
                <i>-0.88288 0 0.469599 0 1 0 -0.469599 0 -0.88288 -1.0128 0 -3.78384</i>
                <i>-0.862654 0 0.505795 0 1 0 -0.505795 0 -0.862654 -1.1484 0 -3.82648</i>
                <i>-0.849426 0 0.527709 0 1 0 -0.527709 0 -0.849426 -1.26 0 -3.85</i>
                <i>-0.844776 0 0.535121 0 1 0 -0.535121 0 -0.844776 -1.3524 0 -3.8456</i>
                <i>-0.844776 0 0.535121 0 1 0 -0.535121 0 -0.844776 -1.4368 0 -3.8192</i>
                <i>-0.844776 0 0.535121 0 1 0 -0.535121 0 -0.844776 -1.506 0 -3.784</i>
                <i>-0.844776 0 0.535121 0 1 0 -0.535121 0 -0.844776 -1.5528 0 -3.7532</i>
                <i>-0.844776 0 0.535121 0 1 0 -0.535121 0 -0.844776 -1.57 0 -3.74</i>
                <i>-0.844776 0 0.535121 0 1 0 -0.535121 0 -0.844776 -1.57 0 -3.74</i>
                <i>-0.844776 0 0.535121 0 1 0 -0.535121 0 -0.844776 -1.57 0 -3.74</i>
                <i>-0.844776 0 0.535121 0 1 0 -0.535121 0 -0.844776 -1.57 0 -3.74</i>
                <i>-0.844776 0 0.535121 0 1 0 -0.535121 0 -0.844776 -1.57 0 -3.74</i>
                <i>-0.844776 0 0.535121 0 1 0 -0.535121 0 -0.844776 -1.57 0 -3.74</i>
                <i>-0.844776 0 0.535121 0 1 0 -0.535121 0 -0.844776 -1.57 0 -3.74</i>
                <i>-0.844776 0 0.535121 0 1 0 -0.535121 0 -0.844776 -1.57 0 -3.74</i>
                <i>-0.844776 0 0.535121 0 1 0 -0.535121 0 -0.844776 -1.57 0 -3.74</i>
                <i>-0.844776 0 0.535121 0 1 0 -0.535121 0 -0.844776 -1.57 0 -3.74</i>
                <i>-0.844776 0 0.535121 0 1 0 -0.535121 0 -0.844776 -1.57 0 -3.74</i>
                <i>-0.844776 0 0.535121 0 1 0 -0.535121 0 -0.844776 -1.57 0 -3.74</i>
                <i>-0.844776 0 0.535121 0 1 0 -0.535121 0 -0.844776 -1.57 0 -3.74</i>
                <i>-0.844776 0 0.535121 0 1 0 -0.535121 0 -0.844776 -1.57 0 -3.74</i>
                <i>-0.844776 0 0.535121 0 1 0 -0.535121 0 -0.844776 -1.57 0 -3.74</i>
                <i>-0.844776 0 0.535121 0 1 0 -0.535121 0 -0.844776 -1.57 0 -3.74</i>
                <i>-0.844776 0 0.535121 0 1 0 -0.535121 0 -0.844776 -1.57 0 -3.74</i>
                <i>-0.844776 0 0.535121 0 1 0 -0.535121 0 -0.844776 -1.57 0 -3.74</i>
            </KeyFrames>
        </RefFrame>
        <Bones count="23">
            <i>
                <p>
                    <Name><![CDATA[pelvis]]></Name>
                    <Exclude>0</Exclude>
                    <Additive>0</Additive>
                    <IKPriority>0</IKPriority>
                    <IKRotLimits>-1e+010 -1e+010 -1e+010 1e+010 1e+010 1e+010</IKRotLimits>
                    <IKRotLimitOrder>2</IKRotLimitOrder>
                    <KeyFrames count="67">
                        <i>1 0 0 0 1 0 0 0 1 -0.54 1.71 -1.7</i>
                        <i>1 0 0 0 1 0 0 0 1 -0.540573 1.7174 -1.82839</i>
                        <i>1 0 0 0 1 0 0 0 1 -0.543194 1.72639 -1.96069</i>
                        <i>1 0 0 0 1 0 0 0 1 -0.541719 1.73219 -2.08516</i>
                        <i>1 0 0 0 1 0 0 0 1 -0.53 1.73 -2.19</i>
                        <i>1 0 0 0 1 0 0 0 1 -0.502871 1.71662 -2.26727</i>
                        <i>1 0 0 0 1 0 0 0 1 -0.46488 1.6956 -2.32568</i>
                        <i>1 0 0 0 1 0 0 0 1 -0.424453 1.67227 -2.37845</i>
                        <i>1 0 0 0 1 0 0 0 1 -0.390018 1.65196 -2.43882</i>
                        <i>1 0 0 0 1 0 0 0 1 -0.37 1.64 -2.52</i>
                        <i>1 0 0 0 1 0 0 0 1 -0.3668 1.64536 -2.63288</i>
                        <i>1 0 0 0 1 0 0 0 1 -0.3748 1.66448 -2.76864</i>
                        <i>1 0 0 0 1 0 0 0 1 -0.3904 1.68392 -2.91096</i>
                        <i>1 0 0 0 1 0 0 0 1 -0.41 1.69024 -3.04352</i>
                        <i>1 0 0 0 1 0 0 0 1 -0.43 1.67 -3.15</i>
                        <i>1 0 0 0 1 0 0 0 1 -0.454827 1.60539 -3.22912</i>
                        <i>1 0 0 0 1 0 0 0 1 -0.48688 1.50536 -3.29176</i>
                        <i>1 0 0 0 1 0 0 0 1 -0.51952 1.39664 -3.33984</i>
                        <i>1 0 0 0 1 0 0 0 1 -0.546107 1.30595 -3.37528</i>
                        <i>1 0 0 0 1 0 0 0 1 -0.56 1.26 -3.4</i>
                        <i>1 0 0 0 1 0 0 0 1 -0.5586 1.26532 -3.4014</i>
                        <i>1 0 0 0 1 0 0 0 1 -0.5548 1.27976 -3.4052</i>
                        <i>1 0 0 0 1 0 0 0 1 -0.5492 1.30104 -3.4108</i>
                        <i>1 0 0 0 1 0 0 0 1 -0.5424 1.32688 -3.4176</i>
                        <i>1 0 0 0 1 0 0 0 1 -0.535 1.355 -3.425</i>
                        <i>1 0 0 0 1 0 0 0 1 -0.5276 1.38312 -3.4324</i>
                        <i>1 0 0 0 1 0 0 0 1 -0.5208 1.40896 -3.4392</i>
                        <i>1 0 0 0 1 0 0 0 1 -0.5152 1.43024 -3.4448</i>
                        <i>1 0 0 0 1 0 0 0 1 -0.5114 1.44468 -3.4486</i>
                        <i>1 0 0 0 1 0 0 0 1 -0.51 1.45 -3.45</i>
                        <i>1 0 0 0 1 0 0 0 1 -0.49648 1.43336 -3.45</i>
                        <i>1 0 0 0 1 0 0 0 1 -0.46424 1.39368 -3.45</i>
                        <i>1 0 0 0 1 0 0 0 1 -0.42576 1.34632 -3.45</i>
                        <i>1 0 0 0 1 0 0 0 1 -0.39352 1.30664 -3.45</i>
                        <i>1 0 0 0 1 0 0 0 1 -0.38 1.29 -3.45</i>
                        <i>1 0 0 0 1 0 0 0 1 -0.3996 1.30224 -3.47384</i>
                        <i>1 0 0 0 1 0 0 0 1 -0.4344 1.33552 -3.50712</i>
                        <i>1 0 0 0 1 0 0 0 1 -0.4844 1.37568 -3.54648</i>
                        <i>1 0 0 0 1 0 0 0 1 -0.5496 1.40856 -3.58856</i>
                        <i>1 0 0 0 1 0 0 0 1 -0.63 1.42 -3.63</i>
                        <i>1 0 0 0 1 0 0 0 1 -0.7368 1.40904 -3.67672</i>
                        <i>1 0 0 0 1 0 0 0 1 -0.87 1.38512 -3.73096</i>
                        <i>1 0 0 0 1 0 0 0 1 -1.0128 1.34968 -3.78384</i>
                        <i>1 0 0 0 1 0 0 0 1 -1.1484 1.30416 -3.82648</i>
                        <i>1 0 0 0 1 0 0 0 1 -1.26 1.25 -3.85</i>
                        <i>1 0 0 0 1 0 0 0 1 -1.3524 1.17024 -3.8456</i>
                        <i>1 0 0 0 1 0 0 0 1 -1.4368 1.06392 -3.8192</i>
                        <i>1 0 0 0 1 0 0 0 1 -1.506 0.95648 -3.784</i>
                        <i>1 0 0 0 1 0 0 0 1 -1.5528 0.87336 -3.7532</i>
                        <i>1 0 0 0 1 0 0 0 1 -1.57 0.84 -3.74</i>
                        <i>1 0 0 0 1 0 0 0 1 -1.57 0.8442 -3.74</i>
                        <i>1 0 0 0 1 0 0 0 1 -1.57 0.8556 -3.74</i>
                        <i>1 0 0 0 1 0 0 0 1 -1.57 0.8724 -3.74</i>
                        <i>1 0 0 0 1 0 0 0 1 -1.57 0.8928 -3.74</i>
                        <i>1 0 0 0 1 0 0 0 1 -1.57 0.915 -3.74</i>
                        <i>1 0 0 0 1 0 0 0 1 -1.57 0.9372 -3.74</i>
                        <i>1 0 0 0 1 0 0 0 1 -1.57 0.9576 -3.74</i>
                        <i>1 0 0 0 1 0 0 0 1 -1.57 0.9744 -3.74</i>
                        <i>1 0 0 0 1 0 0 0 1 -1.57 0.9858 -3.74</i>
                        <i>1 0 0 0 1 0 0 0 1 -1.57 0.99 -3.74</i>
                        <i>1 0 0 0 1 0 0 0 1 -1.57 0.99 -3.74</i>
                        <i>1 0 0 0 1 0 0 0 1 -1.57 0.99 -3.74</i>
                        <i>1 0 0 0 1 0 0 0 1 -1.57 0.99 -3.74</i>
                        <i>1 0 0 0 1 0 0 0 1 -1.57 0.99 -3.74</i>
                        <i>1 0 0 0 1 0 0 0 1 -1.57 0.99 -3.74</i>
                        <i>1 0 0 0 1 0 0 0 1 -1.57 0.99 -3.74</i>
                        <i>1 0 0 0 1 0 0 0 1 -1.57 0.99 -3.74</i>
                    </KeyFrames>
                </p>
            </i>
            <i>
                <p>
                    <Name><![CDATA[spine0]]></Name>
                    <Exclude>0</Exclude>
                    <Additive>0</Additive>
                    <IKPriority>0</IKPriority>
                    <IKRotLimits>-1e+010 -1e+010 -1e+010 1e+010 1e+010 1e+010</IKRotLimits>
                    <IKRotLimitOrder>0</IKRotLimitOrder>
                    <KeyFrames count="67">
                        <i>0.134519 0.93541 -0.326977 0.943067 -0.0195587 0.332026 0.304185 -0.353025 -0.884785 -0.545006 1.85136 -1.67375</i>
                        <i>0.158786 0.897014 -0.412497 0.950863 -0.0264613 0.308481 0.265796 -0.44121 -0.857138 -0.544949 1.86002 -1.81008</i>
                        <i>0.187055 0.844019 -0.502636 0.956514 -0.0399122 0.288945 0.223813 -0.534826 -0.814781 -0.547319 1.86988 -1.95124</i>
                        <i>0.209847 0.791677 -0.57377 0.960491 -0.057193 0.27237 0.182813 -0.608257 -0.7724 -0.546352 1.87596 -2.08328</i>
                        <i>0.215699 0.764039 -0.608045 0.964612 -0.0700191 0.254205 0.151648 -0.641359 -0.752104 -0.536324 1.87371 -2.19223</i>
                        <i>0.201384 0.771966 -0.602921 0.970375 -0.0733535 0.230198 0.133479 -0.631418 -0.763869 -0.512135 1.86017 -2.26906</i>
                        <i>0.175049 0.800893 -0.57265 0.977114 -0.0699204 0.200897 0.120857 -0.594711 -0.794803 -0.477548 1.83889 -2.32394</i>
                        <i>0.142446 0.837539 -0.527482 0.983945 -0.0619293 0.167382 0.107523 -0.542856 -0.832914 -0.440117 1.81511 -2.3717</i>
                        <i>0.109418 0.870789 -0.479327 0.990033 -0.0524594 0.130697 0.0886644 -0.488851 -0.86785 -0.407412 1.79429 -2.42719</i>
                        <i>0.0798794 0.893887 -0.441119 0.994871 -0.0439419 0.0911105 0.0620589 -0.446134 -0.892812 -0.387123 1.78208 -2.50531</i>
                        <i>0.0535485 0.912692 -0.405123 0.997812 -0.0331466 0.0572138 0.0387901 -0.407301 -0.91247 -0.380366 1.78764 -2.61651</i>
                        <i>0.0329744 0.931767 -0.361556 0.999212 -0.022733 0.0325441 0.0221043 -0.362344 -0.931782 -0.381612 1.80708 -2.75088</i>
                        <i>0.0207564 0.947294 -0.319692 0.999784 -0.0193246 0.00765052 0.00106938 -0.319782 -0.947491 -0.388869 1.8266 -2.89265</i>
                        <i>0.0152453 0.957311 -0.288656 0.999288 -0.0245538 -0.0286542 -0.0345186 -0.288014 -0.957004 -0.400259 1.83265 -3.02564</i>
                        <i>0.0110186 0.961565 -0.274356 0.99544 -0.0365455 -0.0881067 -0.0947468 -0.272134 -0.957583 -0.413867 1.81195 -3.1331</i>
                        <i>0.00229213 0.963528 -0.267598 0.982999 -0.0513011 -0.176298 -0.183596 -0.262644 -0.947265 -0.434504 1.74693 -3.21334</i>
                        <i>-0.00944266 0.964889 -0.262487 0.957873 -0.0666224 -0.279359 -0.287038 -0.254067 -0.923612 -0.463659 1.64657 -3.277</i>
                        <i>-0.0220047 0.96476 -0.262208 0.921315 -0.0822683 -0.380013 -0.388193 -0.249939 -0.887038 -0.494235 1.53754 -3.32555</i>
                        <i>-0.0338125 0.962553 -0.268978 0.881039 -0.098351 -0.462707 -0.471834 -0.252625 -0.844721 -0.519083 1.44648 -3.36056</i>
                        <i>-0.0434195 0.957287 -0.285861 0.849603 -0.115161 -0.514697 -0.525633 -0.265216 -0.808313 -0.531088 1.39997 -3.38357</i>
                        <i>-0.0451038 0.95167 -0.303791 0.849297 -0.123586 -0.513246 -0.525986 -0.281158 -0.802676 -0.528689 1.40477 -3.38256</i>
                        <i>-0.0502338 0.935627 -0.349397 0.847318 -0.145271 -0.510831 -0.528705 -0.321712 -0.785476 -0.522613 1.41779 -3.38054</i>
                        <i>-0.0588832 0.909835 -0.410772 0.841969 -0.1758 -0.510081 -0.536304 -0.375892 -0.755701 -0.514521 1.43701 -3.37908</i>
                        <i>-0.0694179 0.878898 -0.471932 0.833365 -0.208945 -0.511708 -0.548347 -0.428813 -0.717938 -0.506008 1.4608 -3.3797</i>
                        <i>-0.0776664 0.856414 -0.510415 0.826161 -0.231283 -0.513776 -0.558055 -0.461588 -0.689573 -0.498619 1.48793 -3.38375</i>
                        <i>-0.0797975 0.857597 -0.508094 0.827163 -0.227479 -0.513863 -0.556268 -0.461282 -0.69122 -0.493448 1.51681 -3.39168</i>
                        <i>-0.0775303 0.876183 -0.475702 0.833972 -0.204468 -0.512527 -0.546333 -0.436458 -0.71486 -0.490302 1.54444 -3.40165</i>
                        <i>-0.0740933 0.898622 -0.432421 0.841168 -0.176599 -0.511125 -0.535673 -0.40161 -0.742808 -0.488749 1.56767 -3.4115</i>
                        <i>-0.0715465 0.915501 -0.395902 0.845957 -0.154587 -0.510353 -0.52843 -0.37143 -0.763414 -0.488257 1.58356 -3.41906</i>
                        <i>-0.0706057 0.921994 -0.380713 0.847643 -0.145744 -0.510156 -0.525847 -0.358729 -0.771231 -0.488227 1.58944 -3.42208</i>
                        <i>-0.0712168 0.922126 -0.380278 0.836046 -0.152749 -0.526967 -0.544017 -0.355459 -0.760062 -0.472369 1.57223 -3.42121</i>
                        <i>-0.0729339 0.922563 -0.37889 0.806794 -0.16876 -0.566219 -0.586314 -0.346983 -0.73201 -0.434449 1.53104 -3.41932</i>
                        <i>-0.0754647 0.923327 -0.376526 0.769017 -0.186481 -0.611423 -0.634759 -0.335696 -0.695981 -0.389028 1.48154 -3.41741</i>
                        <i>-0.0779817 0.92419 -0.373887 0.735058 -0.200056 -0.647817 -0.673505 -0.325347 -0.663733 -0.350868 1.43979 -3.41611</i>
                        <i>-0.0791414 0.924617 -0.372587 0.720213 -0.20538 -0.662656 -0.689224 -0.320785 -0.649666 -0.334846 1.4222 -3.41565</i>
                        <i>-0.108125 0.91101 -0.397956 0.735135 -0.19621 -0.648905 -0.669242 -0.362714 -0.6485 -0.356867 1.43529 -3.43965</i>
                        <i>-0.153591 0.8852 -0.439124 0.768865 -0.172086 -0.615819 -0.62069 -0.432211 -0.654169 -0.39757 1.47052 -3.47372</i>
                        <i>-0.197637 0.855621 -0.478385 0.807501 -0.134579 -0.574309 -0.555771 -0.499801 -0.664317 -0.455386 1.5128 -3.51403</i>
                        <i>-0.223813 0.836732 -0.499787 0.838991 -0.0955543 -0.535689 -0.495985 -0.539211 -0.680624 -0.528256 1.54721 -3.55669</i>
                        <i>-0.217501 0.844984 -0.488565 0.856332 -0.0750072 -0.51095 -0.46839 -0.529506 -0.707272 -0.613826 1.55923 -3.59758</i>
                        <i>-0.158185 0.889393 -0.428903 0.862498 -0.0870083 -0.498524 -0.480702 -0.448787 -0.753336 -0.72323 1.548 -3.64205</i>
                        <i>-0.0545997 0.9416 -0.332278 0.865631 -0.121232 -0.485783 -0.497696 -0.314154 -0.808459 -0.858111 1.52329 -3.69269</i>
                        <i>0.0623793 0.97226 -0.225433 0.866837 -0.164729 -0.470594 -0.494675 -0.166058 -0.853066 -1.00186 1.48665 -3.74124</i>
                        <i>0.162518 0.977875 -0.131713 0.864334 -0.205476 -0.459027 -0.475935 -0.0392439 -0.878604 -1.13741 1.4397 -3.77954</i>
                        <i>0.215234 0.973963 -0.0712038 0.857102 -0.223347 -0.464211 -0.468027 0.0388851 -0.882858 -1.24725 1.38403 -3.79931</i>
                        <i>0.200105 0.978519 -0.0495921 0.840749 -0.197481 -0.504125 -0.503089 0.0591833 -0.862206 -1.33402 1.30223 -3.79141</i>
                        <i>0.139587 0.988792 -0.0529697 0.813075 -0.144985 -0.563816 -0.565176 0.0356329 -0.8242 -1.40878 1.19299 -3.76216</i>
                        <i>0.0623224 0.995371 -0.0731611 0.783655 -0.0941972 -0.614013 -0.618062 -0.0190663 -0.785898 -1.46705 1.08216 -3.72582</i>
                        <i>-0.00688326 0.995132 -0.0983091 0.764085 -0.0581861 -0.642486 -0.645079 -0.0795389 -0.759965 -1.50499 0.995998 -3.69515</i>
                        <i>-0.0376112 0.993126 -0.110843 0.75785 -0.0439517 -0.650947 -0.651344 -0.108486 -0.750987 -1.51858 0.961295 -3.68221</i>
                        <i>-0.0456262 0.990318 -0.131105 0.751642 -0.0524123 -0.657485 -0.657991 -0.128542 -0.741974 -1.52129 0.968462 -3.68631</i>
                        <i>-0.0634021 0.982091 -0.177418 0.739079 -0.0732558 -0.669623 -0.670628 -0.173581 -0.721199 -1.52788 0.985789 -3.69558</i>
                        <i>-0.0809714 0.970219 -0.228296 0.728502 -0.0987126 -0.677895 -0.680242 -0.221204 -0.698813 -1.53548 1.00767 -3.70528</i>
                        <i>-0.0870921 0.960849 -0.263029 0.724656 -0.120072 -0.678569 -0.683585 -0.249703 -0.685828 -1.53994 1.03037 -3.71054</i>
                        <i>-0.081252 0.957331 -0.277336 0.726527 -0.1336 -0.674025 -0.682318 -0.256258 -0.684671 -1.54006 1.05258 -3.71047</i>
                        <i>-0.0743283 0.956411 -0.282407 0.730923 -0.140401 -0.667861 -0.6784 -0.256059 -0.688627 -1.53834 1.07386 -3.7081</i>
                        <i>-0.0731122 0.956724 -0.281663 0.736995 -0.138447 -0.661566 -0.671932 -0.255953 -0.694979 -1.5357 1.09271 -3.70442</i>
                        <i>-0.0777742 0.95756 -0.277543 0.743852 -0.129621 -0.655654 -0.663804 -0.257444 -0.702202 -1.53298 1.10768 -3.70046</i>
                        <i>-0.0840725 0.958328 -0.273018 0.749743 -0.11964 -0.650824 -0.656367 -0.25941 -0.708441 -1.53091 1.1175 -3.6973</i>
                        <i>-0.0872503 0.958649 -0.270887 0.752278 -0.114853 -0.648758 -0.653043 -0.260387 -0.711149 -1.53009 1.12103 -3.69601</i>
                        <i>-0.0872503 0.958649 -0.270887 0.752278 -0.114853 -0.648758 -0.653043 -0.260387 -0.711149 -1.53009 1.12103 -3.69601</i>
                        <i>-0.0872503 0.958649 -0.270887 0.752278 -0.114853 -0.648758 -0.653043 -0.260387 -0.711149 -1.53009 1.12103 -3.69601</i>
                        <i>-0.0872503 0.958649 -0.270887 0.752278 -0.114853 -0.648758 -0.653043 -0.260387 -0.711149 -1.53009 1.12103 -3.69601</i>
                        <i>-0.0872503 0.958649 -0.270887 0.752278 -0.114853 -0.648758 -0.653043 -0.260387 -0.711149 -1.53009 1.12103 -3.69601</i>
                        <i>-0.0872503 0.958649 -0.270887 0.752278 -0.114853 -0.648758 -0.653043 -0.260387 -0.711149 -1.53009 1.12103 -3.69601</i>
                        <i>-0.0872503 0.958649 -0.270887 0.752278 -0.114853 -0.648758 -0.653043 -0.260387 -0.711149 -1.53009 1.12103 -3.69601</i>
                        <i>-0.0872503 0.958649 -0.270887 0.752278 -0.114853 -0.648758 -0.653043 -0.260387 -0.711149 -1.53009 1.12103 -3.69601</i>
                    </KeyFrames>
                </p>
            </i>
            <i>
                <p>
                    <Name><![CDATA[spine1]]></Name>
                    <Exclude>0</Exclude>
                    <Additive>0</Additive>
                    <IKPriority>0</IKPriority>
                    <IKRotLimits>-1e+010 -1e+010 -1e+010 1e+010 1e+010 1e+010</IKRotLimits>
                    <IKRotLimitOrder>0</IKRotLimitOrder>
                    <KeyFrames count="67">
                        <i>0.287818 0.663394 -0.690702 0.913462 0.0264669 0.406063 0.28766 -0.747802 -0.598367 -0.520751 2.02016 -1.7327</i>
                        <i>0.324176 0.586774 -0.742028 0.911261 0.0169104 0.411482 0.253995 -0.809574 -0.529222 -0.516493 2.02087 -1.884</i>
                        <i>0.364208 0.500076 -0.785669 0.905554 0.00689991 0.424174 0.21754 -0.865954 -0.450333 -0.51399 2.02033 -2.04079</i>
                        <i>0.400653 0.424575 -0.811919 0.898169 -0.00691902 0.439596 0.181024 -0.905366 -0.384113 -0.509082 2.01662 -2.18518</i>
                        <i>0.427369 0.382177 -0.819327 0.89148 -0.0273839 0.452232 0.150396 -0.923683 -0.352406 -0.497992 2.00953 -2.30027</i>
                        <i>0.444531 0.375064 -0.813461 0.886898 -0.0568404 0.458455 0.125712 -0.925255 -0.357911 -0.476172 1.99808 -2.37671</i>
                        <i>0.453645 0.387951 -0.802309 0.885152 -0.0915915 0.456198 0.103498 -0.917118 -0.384946 -0.446017 1.98322 -2.42707</i>
                        <i>0.450922 0.416213 -0.78958 0.888452 -0.124489 0.441765 0.0855738 -0.900705 -0.42592 -0.414168 1.96776 -2.46776</i>
                        <i>0.43339 0.455178 -0.777809 0.898248 -0.148302 0.413711 0.0729615 -0.877963 -0.473135 -0.387251 1.95482 -2.51547</i>
                        <i>0.398805 0.499275 -0.769207 0.914631 -0.155848 0.373045 0.0663728 -0.852312 -0.518805 -0.372289 1.94819 -2.58718</i>
                        <i>0.335345 0.558904 -0.7584 0.939227 -0.135571 0.315393 0.0734577 -0.818076 -0.5704 -0.370392 1.95774 -2.69191</i>
                        <i>0.243729 0.636495 -0.731759 0.965978 -0.0920232 0.241698 0.0865004 -0.765772 -0.637269 -0.375478 1.9805 -2.81808</i>
                        <i>0.142542 0.713726 -0.685768 0.985938 -0.0413334 0.161916 0.0872186 -0.699205 -0.709581 -0.385028 2.00192 -2.95173</i>
                        <i>0.0506824 0.775653 -0.629121 0.996546 0.00221257 0.0830102 0.0657791 -0.631156 -0.772862 -0.397463 2.00811 -3.07847</i>
                        <i>-0.0179423 0.815819 -0.578029 0.999633 0.0263689 0.00618753 0.0202899 -0.577706 -0.815993 -0.411866 1.98618 -3.18275</i>
                        <i>-0.0643581 0.849016 -0.524433 0.996865 0.0304565 -0.0730279 -0.0460294 -0.527489 -0.848314 -0.434085 1.91939 -3.2612</i>
                        <i>-0.09386 0.882515 -0.460822 0.987812 0.0248231 -0.153659 -0.124167 -0.469628 -0.874089 -0.46532 1.81722 -3.32339</i>
                        <i>-0.108581 0.907221 -0.406399 0.972985 0.0132006 -0.230492 -0.203743 -0.420447 -0.884145 -0.498085 1.70677 -3.37152</i>
                        <i>-0.116416 0.917038 -0.381429 0.955067 -0.00203305 -0.296383 -0.27257 -0.398794 -0.875596 -0.524989 1.61488 -3.4076</i>
                        <i>-0.128062 0.905691 -0.404134 0.939541 -0.0196993 -0.341868 -0.317588 -0.423481 -0.848411 -0.538697 1.56801 -3.43373</i>
                        <i>-0.138206 0.878077 -0.458126 0.940006 -0.0293805 -0.33989 -0.31191 -0.477616 -0.821337 -0.536641 1.5729 -3.4362</i>
                        <i>-0.160395 0.798981 -0.579572 0.940802 -0.0538838 -0.334648 -0.298607 -0.598938 -0.743039 -0.531606 1.58579 -3.44323</i>
                        <i>-0.182606 0.681795 -0.708386 0.941028 -0.087522 -0.326813 -0.284819 -0.726289 -0.625606 -0.525272 1.60375 -3.4543</i>
                        <i>-0.19658 0.560561 -0.804443 0.940173 -0.12508 -0.316907 -0.278265 -0.818613 -0.502436 -0.518906 1.62478 -3.46766</i>
                        <i>-0.198868 0.478299 -0.855384 0.938613 -0.158089 -0.306616 -0.281881 -0.86385 -0.417499 -0.513209 1.6495 -3.47994</i>
                        <i>-0.189949 0.458279 -0.868274 0.937766 -0.17718 -0.298668 -0.290714 -0.870969 -0.396104 -0.508502 1.67929 -3.48784</i>
                        <i>-0.174159 0.483628 -0.857772 0.9382 -0.183074 -0.29371 -0.299082 -0.855913 -0.421856 -0.504927 1.71045 -3.49167</i>
                        <i>-0.155384 0.533494 -0.831408 0.939357 -0.180672 -0.291491 -0.305721 -0.826282 -0.473068 -0.502683 1.73739 -3.49308</i>
                        <i>-0.138825 0.58291 -0.80059 0.940456 -0.175684 -0.290993 -0.310274 -0.793316 -0.523812 -0.501656 1.75573 -3.49342</i>
                        <i>-0.131592 0.60514 -0.785168 0.940922 -0.173049 -0.291067 -0.312009 -0.777084 -0.546618 -0.501422 1.76245 -3.49343</i>
                        <i>-0.146452 0.600485 -0.78611 0.93378 -0.178378 -0.31022 -0.326507 -0.779486 -0.534597 -0.48573 1.746 -3.49278</i>
                        <i>-0.182191 0.590688 -0.786063 0.915131 -0.190539 -0.355288 -0.35964 -0.784081 -0.505842 -0.448262 1.70666 -3.49135</i>
                        <i>-0.225082 0.581426 -0.781845 0.889984 -0.203914 -0.407856 -0.396567 -0.787631 -0.471563 -0.403484 1.65946 -3.48986</i>
                        <i>-0.260892 0.57571 -0.774915 0.866599 -0.214034 -0.450772 -0.425372 -0.789143 -0.443071 -0.365951 1.61971 -3.48879</i>
                        <i>-0.275806 0.573865 -0.77111 0.856189 -0.217955 -0.46844 -0.436888 -0.789414 -0.431224 -0.350215 1.60299 -3.48839</i>
                        <i>-0.306402 0.532868 -0.788778 0.859949 -0.200364 -0.469407 -0.408174 -0.822135 -0.396847 -0.378077 1.61493 -3.518</i>
                        <i>-0.340283 0.465577 -0.816974 0.873729 -0.164592 -0.45772 -0.347571 -0.869568 -0.35078 -0.428041 1.64681 -3.56102</i>
                        <i>-0.362841 0.398611 -0.842292 0.889266 -0.12201 -0.440817 -0.278482 -0.908968 -0.310201 -0.494912 1.68443 -3.60982</i>
                        <i>-0.36692 0.361947 -0.856951 0.901222 -0.0900311 -0.423902 -0.230582 -0.927841 -0.29316 -0.573076 1.7152 -3.65685</i>
                        <i>-0.347704 0.386034 -0.854447 0.907478 -0.0905955 -0.410214 -0.235766 -0.918025 -0.318817 -0.657026 1.72745 -3.69468</i>
                        <i>-0.275293 0.501757 -0.820032 0.906903 -0.147469 -0.39469 -0.318968 -0.852345 -0.414448 -0.753905 1.72091 -3.7253</i>
                        <i>-0.123184 0.670229 -0.73186 0.892939 -0.246917 -0.37642 -0.432996 -0.699876 -0.568057 -0.868321 1.70026 -3.75505</i>
                        <i>0.0851402 0.805773 -0.586072 0.860529 -0.355962 -0.364391 -0.502236 -0.473308 -0.723698 -0.990433 1.6642 -3.78235</i>
                        <i>0.276473 0.861323 -0.426246 0.818516 -0.443462 -0.365203 -0.503582 -0.24792 -0.827612 -1.10814 1.61567 -3.8032</i>
                        <i>0.372686 0.869753 -0.323473 0.789573 -0.480356 -0.38188 -0.487523 -0.113084 -0.865756 -1.20865 1.55858 -3.81203</i>
                        <i>0.332225 0.889514 -0.313674 0.790882 -0.443927 -0.421229 -0.513937 -0.108136 -0.850985 -1.29815 1.4775 -3.80025</i>
                        <i>0.185577 0.914783 -0.358794 0.80852 -0.349664 -0.473318 -0.55844 -0.202255 -0.80451 -1.38359 1.37121 -3.77167</i>
                        <i>-0.00412483 0.910351 -0.413817 0.824812 -0.230876 -0.516122 -0.565392 -0.34345 -0.749916 -1.45556 1.265 -3.7392</i>
                        <i>-0.158665 0.878336 -0.450946 0.832896 -0.126194 -0.538851 -0.530198 -0.461088 -0.711539 -1.50622 1.18335 -3.71358</i>
                        <i>-0.21974 0.858257 -0.463799 0.834695 -0.0806845 -0.54477 -0.504974 -0.506838 -0.698653 -1.52568 1.15059 -3.70324</i>
                        <i>-0.224389 0.845442 -0.484642 0.831993 -0.0927325 -0.546981 -0.507383 -0.525955 -0.682594 -1.52986 1.15595 -3.71105</i>
                        <i>-0.23346 0.812468 -0.53422 0.827628 -0.122362 -0.547777 -0.510419 -0.57002 -0.643855 -1.53964 1.1689 -3.72859</i>
                        <i>-0.24173 0.768403 -0.592556 0.826409 -0.157012 -0.540736 -0.508542 -0.620406 -0.597061 -1.55029 1.18575 -3.74713</i>
                        <i>-0.25015 0.727364 -0.639036 0.828699 -0.180465 -0.529802 -0.500682 -0.662099 -0.557622 -1.55578 1.20561 -3.75846</i>
                        <i>-0.260649 0.698707 -0.666236 0.831808 -0.187764 -0.52234 -0.490058 -0.690329 -0.532249 -1.55491 1.22812 -3.76127</i>
                        <i>-0.271777 0.678774 -0.682205 0.834616 -0.186679 -0.518234 -0.479117 -0.710223 -0.515781 -1.55205 1.251 -3.76034</i>
                        <i>-0.284076 0.663962 -0.691705 0.836552 -0.180865 -0.517174 -0.468489 -0.725563 -0.50406 -1.54933 1.27198 -3.75712</i>
                        <i>-0.295071 0.654184 -0.696402 0.837841 -0.173209 -0.517708 -0.4593 -0.736235 -0.496993 -1.54764 1.28908 -3.75296</i>
                        <i>-0.302454 0.649092 -0.697998 0.838828 -0.166498 -0.518311 -0.452647 -0.742265 -0.494119 -1.54689 1.30054 -3.74936</i>
                        <i>-0.305119 0.647659 -0.698169 0.839267 -0.16358 -0.518529 -0.450037 -0.744163 -0.493648 -1.54673 1.30472 -3.74782</i>
                        <i>-0.305119 0.647659 -0.698169 0.839267 -0.16358 -0.518529 -0.450037 -0.744163 -0.493648 -1.54673 1.30472 -3.74782</i>
                        <i>-0.305119 0.647659 -0.698169 0.839267 -0.16358 -0.518529 -0.450037 -0.744163 -0.493648 -1.54673 1.30472 -3.74782</i>
                        <i>-0.305119 0.647659 -0.698169 0.839267 -0.16358 -0.518529 -0.450037 -0.744163 -0.493648 -1.54673 1.30472 -3.74782</i>
                        <i>-0.305119 0.647659 -0.698169 0.839267 -0.16358 -0.518529 -0.450037 -0.744163 -0.493648 -1.54673 1.30472 -3.74782</i>
                        <i>-0.305119 0.647659 -0.698169 0.839267 -0.16358 -0.518529 -0.450037 -0.744163 -0.493648 -1.54673 1.30472 -3.74782</i>
                        <i>-0.305119 0.647659 -0.698169 0.839267 -0.16358 -0.518529 -0.450037 -0.744163 -0.493648 -1.54673 1.30472 -3.74782</i>
                        <i>-0.305119 0.647659 -0.698169 0.839267 -0.16358 -0.518529 -0.450037 -0.744163 -0.493648 -1.54673 1.30472 -3.74782</i>
                    </KeyFrames>
                </p>
            </i>
            <i>
                <p>
                    <Name><![CDATA[spine2]]></Name>
                    <Exclude>0</Exclude>
                    <Additive>0</Additive>
                    <IKPriority>0</IKPriority>
                    <IKRotLimits>-1e+010 -1e+010 -1e+010 1e+010 1e+010 1e+010</IKRotLimits>
                    <IKRotLimitOrder>0</IKRotLimitOrder>
                    <KeyFrames count="67">
                        <i>0.380817 0.45476 -0.805091 0.881955 0.0828804 0.463989 0.27773 -0.886749 -0.369516 -0.472877 2.12995 -1.84732</i>
                        <i>0.398957 0.429173 -0.810335 0.870362 0.10092 0.48196 0.288623 -0.897566 -0.333274 -0.462918 2.11734 -2.00631</i>
                        <i>0.418936 0.405039 -0.812672 0.854625 0.126485 0.503604 0.30677 -0.905508 -0.293168 -0.454163 2.10202 -2.16948</i>
                        <i>0.439206 0.382171 -0.813046 0.8384 0.150792 0.523782 0.322775 -0.911706 -0.254183 -0.443485 2.08573 -2.31771</i>
                        <i>0.460491 0.359194 -0.811744 0.825895 0.161793 0.540112 0.325339 -0.919132 -0.222152 -0.427984 2.07175 -2.43408</i>
                        <i>0.485103 0.328621 -0.81036 0.819596 0.152207 0.552355 0.304858 -0.932117 -0.195501 -0.403005 2.05941 -2.51021</i>
                        <i>0.507913 0.289679 -0.81124 0.819175 0.128836 0.558886 0.266415 -0.948413 -0.171861 -0.370708 2.04717 -2.55988</i>
                        <i>0.519962 0.251264 -0.816398 0.825026 0.0998805 0.556198 0.221295 -0.962752 -0.155365 -0.338464 2.03714 -2.59998</i>
                        <i>0.515594 0.223269 -0.827232 0.837383 0.0732362 0.541688 0.181525 -0.972002 -0.149201 -0.313648 2.03156 -2.64724</i>
                        <i>0.492215 0.215752 -0.843312 0.855972 0.0561341 0.513966 0.158228 -0.974833 -0.157048 -0.303999 2.03306 -2.71857</i>
                        <i>0.443609 0.23528 -0.864786 0.8834 0.0478343 0.466171 0.151047 -0.97075 -0.186626 -0.312764 2.05309 -2.82189</i>
                        <i>0.368519 0.282299 -0.885721 0.917447 0.043241 0.395501 0.149949 -0.958352 -0.243059 -0.3336 2.08906 -2.94338</i>
                        <i>0.274193 0.356014 -0.893349 0.950092 0.043459 0.308928 0.148807 -0.93347 -0.32633 -0.360616 2.12309 -3.06855</i>
                        <i>0.172115 0.452107 -0.8752 0.974948 0.0488986 0.216991 0.140899 -0.890622 -0.432365 -0.388788 2.13863 -3.18464</i>
                        <i>0.0788912 0.552857 -0.829533 0.989771 0.0557851 0.131309 0.118871 -0.831407 -0.5428 -0.414738 2.12197 -3.27921</i>
                        <i>0.00354419 0.656748 -0.754102 0.996632 0.0594604 0.0564682 0.0819246 -0.751762 -0.654325 -0.44456 2.05909 -3.34767</i>
                        <i>-0.0510652 0.762254 -0.64526 0.998178 0.0597448 -0.00841753 0.0321346 -0.644515 -0.763916 -0.480454 1.96077 -3.3985</i>
                        <i>-0.081779 0.845027 -0.528434 0.996348 0.0562621 -0.0642227 -0.0245391 -0.531756 -0.846542 -0.515454 1.85321 -3.43725</i>
                        <i>-0.0952835 0.89319 -0.439468 0.992477 0.0511454 -0.111235 -0.0768772 -0.446761 -0.891344 -0.543561 1.76255 -3.46916</i>
                        <i>-0.105718 0.903684 -0.414946 0.987843 0.0476125 -0.147985 -0.113975 -0.425546 -0.897731 -0.559211 1.71432 -3.49919</i>
                        <i>-0.114023 0.878245 -0.46442 0.98751 0.0490306 -0.14973 -0.108729 -0.475692 -0.872866 -0.558937 1.7156 -3.51085</i>
                        <i>-0.131857 0.806526 -0.576307 0.986696 0.0510081 -0.154368 -0.0951055 -0.588994 -0.802522 -0.557935 1.71762 -3.53916</i>
                        <i>-0.149036 0.702245 -0.696161 0.985786 0.0503008 -0.160299 -0.0775519 -0.710156 -0.69976 -0.555887 1.71837 -3.57387</i>
                        <i>-0.159695 0.593258 -0.789014 0.985232 0.0457703 -0.164994 -0.0617706 -0.80371 -0.591806 -0.552469 1.72054 -3.6058</i>
                        <i>-0.162832 0.509855 -0.844709 0.985277 0.0388176 -0.166499 -0.0521008 -0.859384 -0.508669 -0.547547 1.73198 -3.6284</i>
                        <i>-0.160365 0.460643 -0.872978 0.985832 0.0306746 -0.16491 -0.0491863 -0.887055 -0.459035 -0.54145 1.75863 -3.63918</i>
                        <i>-0.15474 0.433848 -0.887599 0.986674 0.0221263 -0.161197 -0.0502959 -0.900714 -0.43149 -0.535141 1.7942 -3.64119</i>
                        <i>-0.147276 0.425886 -0.89271 0.987636 0.0143056 -0.156112 -0.0537151 -0.904664 -0.422727 -0.529552 1.82957 -3.63757</i>
                        <i>-0.140277 0.429241 -0.89223 0.988449 0.00850495 -0.151313 -0.0573615 -0.90315 -0.425476 -0.525552 1.85609 -3.63199</i>
                        <i>-0.137134 0.432939 -0.890931 0.988791 0.00621338 -0.149177 -0.059049 -0.901402 -0.428938 -0.524018 1.86644 -3.62905</i>
                        <i>-0.153491 0.430491 -0.889448 0.985546 0.00138781 -0.169402 -0.0716918 -0.902594 -0.424482 -0.511005 1.84961 -3.62914</i>
                        <i>-0.192428 0.425986 -0.884029 0.976067 -0.00991883 -0.217242 -0.101311 -0.904676 -0.413882 -0.480071 1.80958 -3.62909</i>
                        <i>-0.238535 0.423032 -0.874154 0.961604 -0.0229097 -0.273484 -0.135719 -0.905825 -0.401325 -0.443308 1.76196 -3.62855</i>
                        <i>-0.276618 0.42254 -0.8631 0.946918 -0.0332375 -0.319752 -0.163796 -0.905735 -0.390917 -0.41262 1.72222 -3.62768</i>
                        <i>-0.292389 0.422858 -0.857729 0.940081 -0.0373885 -0.338894 -0.175373 -0.905424 -0.386589 -0.399777 1.70559 -3.6272</i>
                        <i>-0.320361 0.382667 -0.866565 0.933596 -0.0274697 -0.357272 -0.16052 -0.923478 -0.348457 -0.433606 1.71093 -3.66115</i>
                        <i>-0.347726 0.315261 -0.883004 0.929627 -0.00660297 -0.368444 -0.121986 -0.948982 -0.290779 -0.490309 1.73141 -3.7107</i>
                        <i>-0.365769 0.248125 -0.897021 0.927313 0.0149316 -0.37399 -0.0794024 -0.968613 -0.235551 -0.561765 1.75726 -3.76518</i>
                        <i>-0.372785 0.210725 -0.903674 0.926263 0.0263649 -0.375955 -0.0553977 -0.97719 -0.205015 -0.640732 1.78133 -3.815</i>
                        <i>-0.369605 0.233017 -0.899497 0.926265 0.0156636 -0.376547 -0.0736526 -0.972346 -0.221625 -0.720623 1.79746 -3.85105</i>
                        <i>-0.340147 0.346851 -0.874068 0.926754 -0.0339682 -0.374129 -0.159458 -0.937305 -0.309892 -0.803137 1.81006 -3.87192</i>
                        <i>-0.257595 0.527658 -0.809458 0.921511 -0.117811 -0.370051 -0.290623 -0.841248 -0.455895 -0.889684 1.81574 -3.88165</i>
                        <i>-0.120011 0.708571 -0.69536 0.903608 -0.212151 -0.372135 -0.411205 -0.672993 -0.61481 -0.976193 1.79938 -3.88094</i>
                        <i>0.0297778 0.830234 -0.556619 0.877234 -0.288641 -0.383598 -0.479139 -0.476862 -0.736904 -1.06238 1.75824 -3.87392</i>
                        <i>0.122091 0.881555 -0.456021 0.857979 -0.324723 -0.398028 -0.498964 -0.342661 -0.796002 -1.14718 1.70205 -3.86553</i>
                        <i>0.115802 0.892827 -0.435258 0.858373 -0.310448 -0.408434 -0.499786 -0.326316 -0.802329 -1.24338 1.62413 -3.8521</i>
                        <i>0.0377882 0.884455 -0.465093 0.873129 -0.255593 -0.415113 -0.486023 -0.3904 -0.781901 -1.35283 1.52287 -3.83134</i>
                        <i>-0.0676922 0.858131 -0.508949 0.89015 -0.178448 -0.419272 -0.450611 -0.481423 -0.751786 -1.4563 1.41869 -3.80934</i>
                        <i>-0.154263 0.825635 -0.542707 0.900304 -0.108809 -0.421442 -0.407009 -0.553614 -0.726537 -1.53375 1.33521 -3.79192</i>
                        <i>-0.188742 0.809603 -0.555805 0.903141 -0.0791511 -0.421986 -0.385634 -0.581617 -0.716246 -1.56425 1.30075 -3.78483</i>
                        <i>-0.205907 0.786383 -0.582412 0.903291 -0.0761803 -0.422211 -0.376388 -0.613024 -0.694647 -1.56897 1.30287 -3.7957</i>
