<?xml version="1.0" encoding="ISO-8859-1" ?>
<Animl Version="1">
    <ModellingPackage><![CDATA[Maya.2010]]></ModellingPackage>
    <SrcFile><![CDATA[anims\vehicles\red\~src\land\apc_btr60\apc_btr60_deploy_left.mb]]></SrcFile>
    <FramesPerSecond>30</FramesPerSecond>
    <TotalFrames>55</TotalFrames>
    <Skeleton>
        <RefFrame>
            <Name><![CDATA[soldier_ref_frame]]></Name>
            <Exclude>0</Exclude>
            <Additive>0</Additive>
            <IKPriority>0</IKPriority>
            <IKRotLimits>-1e+010 -1e+010 -1e+010 1e+010 1e+010 1e+010</IKRotLimits>
            <IKRotLimitOrder>0</IKRotLimitOrder>
            <KeyFrames count="55">
                <i>1 0 0 0 1 0 0 0 1 0.8 0 -1</i>
                <i>1 0 0 0 1 0 0 0 1 0.871212 0 -1.00089</i>
                <i>1 0 0 0 1 0 0 0 1 0.942424 0 -1.00178</i>
                <i>1 0 0 0 1 0 0 0 1 1.01364 0 -1.00266</i>
                <i>1 0 0 0 1 0 0 0 1 1.08485 0 -1.00355</i>
                <i>1 0 0 0 1 0 0 0 1 1.15606 0 -1.00444</i>
                <i>1 0 0 0 1 0 0 0 1 1.22727 0 -1.00533</i>
                <i>1 0 0 0 1 0 0 0 1 1.29848 0 -1.00621</i>
                <i>1 0 0 0 1 0 0 0 1 1.3697 0 -1.0071</i>
                <i>1 0 0 0 1 0 0 0 1 1.44091 0 -1.00799</i>
                <i>1 0 0 0 1 0 0 0 1 1.51212 0 -1.00888</i>
                <i>1 0 0 0 1 0 0 0 1 1.58333 0 -1.00976</i>
                <i>1 0 0 0 1 0 0 0 1 1.65455 0 -1.01065</i>
                <i>1 0 0 0 1 0 0 0 1 1.72576 0 -1.01154</i>
                <i>1 0 0 0 1 0 0 0 1 1.79697 0 -1.01243</i>
                <i>1 0 0 0 1 0 0 0 1 1.86818 0 -1.01332</i>
                <i>1 0 0 0 1 0 0 0 1 1.93939 0 -1.0142</i>
                <i>1 0 0 0 1 0 0 0 1 2.01061 0 -1.01509</i>
                <i>1 0 0 0 1 0 0 0 1 2.08182 0 -1.01598</i>
                <i>1 0 0 0 1 0 0 0 1 2.15303 0 -1.01687</i>
                <i>1 0 0 0 1 0 0 0 1 2.22424 0 -1.01775</i>
                <i>1 0 0 0 1 0 0 0 1 2.29545 0 -1.01864</i>
                <i>1 0 0 0 1 0 0 0 1 2.36667 0 -1.01953</i>
                <i>1 0 0 0 1 0 0 0 1 2.43788 0 -1.02042</i>
                <i>1 0 0 0 1 0 0 0 1 2.50909 0 -1.0213</i>
                <i>1 0 0 0 1 0 0 0 1 2.5803 0 -1.02219</i>
                <i>1 0 0 0 1 0 0 0 1 2.65152 0 -1.02308</i>
                <i>1 0 0 0 1 0 0 0 1 2.72273 0 -1.02397</i>
                <i>1 0 0 0 1 0 0 0 1 2.79394 0 -1.02486</i>
                <i>1 0 0 0 1 0 0 0 1 2.86515 0 -1.02574</i>
                <i>1 0 0 0 1 0 0 0 1 2.93636 0 -1.02663</i>
                <i>1 0 0 0 1 0 0 0 1 3.00758 0 -1.02752</i>
                <i>1 0 0 0 1 0 0 0 1 3.07879 0 -1.02841</i>
                <i>1 0 0 0 1 0 0 0 1 3.15 0 -1.02929</i>
                <i>1 0 0 0 1 0 0 0 1 3.15 0 -1.02929</i>
                <i>1 0 0 0 1 0 0 0 1 3.15 0 -1.02929</i>
                <i>1 0 0 0 1 0 0 0 1 3.15 0 -1.02929</i>
                <i>1 0 0 0 1 0 0 0 1 3.15 0 -1.02929</i>
                <i>1 0 0 0 1 0 0 0 1 3.15 0 -1.02929</i>
                <i>1 0 0 0 1 0 0 0 1 3.15 0 -1.02929</i>
                <i>1 0 0 0 1 0 0 0 1 3.15 0 -1.02929</i>
                <i>1 0 0 0 1 0 0 0 1 3.15 0 -1.02929</i>
                <i>1 0 0 0 1 0 0 0 1 3.15 0 -1.02929</i>
                <i>1 0 0 0 1 0 0 0 1 3.15 0 -1.02929</i>
                <i>1 0 0 0 1 0 0 0 1 3.15 0 -1.02929</i>
                <i>1 0 0 0 1 0 0 0 1 3.15 0 -1.02929</i>
                <i>1 0 0 0 1 0 0 0 1 3.15 0 -1.02929</i>
                <i>1 0 0 0 1 0 0 0 1 3.15 0 -1.02929</i>
                <i>1 0 0 0 1 0 0 0 1 3.15 0 -1.02929</i>
                <i>1 0 0 0 1 0 0 0 1 3.15 0 -1.02929</i>
                <i>1 0 0 0 1 0 0 0 1 3.15 0 -1.02929</i>
                <i>1 0 0 0 1 0 0 0 1 3.15 0 -1.02929</i>
                <i>1 0 0 0 1 0 0 0 1 3.15 0 -1.02929</i>
                <i>1 0 0 0 1 0 0 0 1 3.15 0 -1.02929</i>
                <i>1 0 0 0 1 0 0 0 1 3.15 0 -1.02929</i>
            </KeyFrames>
        </RefFrame>
        <Bones count="23">
            <i>
                <p>
                    <Name><![CDATA[pelvis]]></Name>
                    <Exclude>0</Exclude>
                    <Additive>0</Additive>
                    <IKPriority>0</IKPriority>
                    <IKRotLimits>-1e+010 -1e+010 -1e+010 1e+010 1e+010 1e+010</IKRotLimits>
                    <IKRotLimitOrder>2</IKRotLimitOrder>
                    <KeyFrames count="55">
                        <i>1 0 0 0 1 0 0 0 1 0.181413 1.48887 -1</i>
                        <i>1 0 0 0 1 0 0 0 1 0.308977 1.54795 -1.04562</i>
                        <i>1 0 0 0 1 0 0 0 1 0.442572 1.60846 -1.09691</i>
                        <i>1 0 0 0 1 0 0 0 1 0.573153 1.66825 -1.14536</i>
                        <i>1 0 0 0 1 0 0 0 1 0.691669 1.72519 -1.18247</i>
                        <i>1 0 0 0 1 0 0 0 1 0.789075 1.77713 -1.19973</i>
                        <i>1 0 0 0 1 0 0 0 1 0.869412 1.82473 -1.20068</i>
                        <i>1 0 0 0 1 0 0 0 1 0.943471 1.87036 -1.19533</i>
                        <i>1 0 0 0 1 0 0 0 1 1.01233 1.91448 -1.18485</i>
                        <i>1 0 0 0 1 0 0 0 1 1.07705 1.95756 -1.17043</i>
                        <i>1 0 0 0 1 0 0 0 1 1.13873 2.00006 -1.15326</i>
                        <i>1 0 0 0 1 0 0 0 1 1.19842 2.04243 -1.13452</i>
                        <i>1 0 0 0 1 0 0 0 1 1.25722 2.08514 -1.11538</i>
                        <i>1 0 0 0 1 0 0 0 1 1.31619 2.12864 -1.09704</i>
                        <i>1 0 0 0 1 0 0 0 1 1.3764 2.17341 -1.08067</i>
                        <i>1 0 0 0 1 0 0 0 1 1.43894 2.2199 -1.06747</i>
                        <i>1 0 0 0 1 0 0 0 1 1.50149 2.27258 -1.05648</i>
                        <i>1 0 0 0 1 0 0 0 1 1.56164 2.33346 -1.04595</i>
                        <i>1 0 0 0 1 0 0 0 1 1.62035 2.3993 -1.03586</i>
                        <i>1 0 0 0 1 0 0 0 1 1.67855 2.46686 -1.02618</i>
                        <i>1 0 0 0 1 0 0 0 1 1.7372 2.53291 -1.01688</i>
                        <i>1 0 0 0 1 0 0 0 1 1.79724 2.59421 -1.00794</i>
                        <i>1 0 0 0 1 0 0 0 1 1.85962 2.64752 -0.99931</i>
                        <i>1 0 0 0 1 0 0 0 1 1.92529 2.68961 -0.990978</i>
                        <i>1 0 0 0 1 0 0 0 1 1.99518 2.71724 -0.982913</i>
                        <i>1 0 0 0 1 0 0 0 1 2.07025 2.72717 -0.975085</i>
                        <i>1 0 0 0 1 0 0 0 1 2.15295 2.67305 -0.967356</i>
                        <i>1 0 0 0 1 0 0 0 1 2.24378 2.52752 -0.959636</i>
                        <i>1 0 0 0 1 0 0 0 1 2.34072 2.31578 -0.951964</i>
                        <i>1 0 0 0 1 0 0 0 1 2.44173 2.06303 -0.944379</i>
                        <i>1 0 0 0 1 0 0 0 1 2.54481 1.79451 -0.936924</i>
                        <i>1 0 0 0 1 0 0 0 1 2.64792 1.53541 -0.929636</i>
                        <i>1 0 0 0 1 0 0 0 1 2.74906 1.31094 -0.922557</i>
                        <i>1 0 0 0 1 0 0 0 1 2.8462 1.14633 -0.915727</i>
                        <i>1 0 0 0 1 0 0 0 1 2.93731 1.04476 -0.909185</i>
                        <i>1 0 0 0 1 0 0 0 1 3.02038 0.985544 -0.902973</i>
                        <i>1 0 0 0 1 0 0 0 1 3.09338 0.958022 -0.897129</i>
                        <i>1 0 0 0 1 0 0 0 1 3.1543 0.951549 -0.891695</i>
                        <i>1 0 0 0 1 0 0 0 1 3.1958 0.955474 -0.88671</i>
                        <i>1 0 0 0 1 0 0 0 1 3.21528 0.959149 -0.882215</i>
                        <i>1 0 0 0 1 0 0 0 1 3.21782 0.971281 -0.879799</i>
                        <i>1 0 0 0 1 0 0 0 1 3.2085 1.00213 -0.880313</i>
                        <i>1 0 0 0 1 0 0 0 1 3.19241 1.04338 -0.882692</i>
                        <i>1 0 0 0 1 0 0 0 1 3.17462 1.08671 -0.885866</i>
                        <i>1 0 0 0 1 0 0 0 1 3.16023 1.1238 -0.888771</i>
                        <i>1 0 0 0 1 0 0 0 1 3.1543 1.14633 -0.890337</i>
                        <i>1 0 0 0 1 0 0 0 1 3.1543 1.15619 -0.890765</i>
                        <i>1 0 0 0 1 0 0 0 1 3.1543 1.16142 -0.890992</i>
                        <i>1 0 0 0 1 0 0 0 1 3.1543 1.16296 -0.891059</i>
                        <i>1 0 0 0 1 0 0 0 1 3.1543 1.16173 -0.891005</i>
                        <i>1 0 0 0 1 0 0 0 1 3.1543 1.15865 -0.890871</i>
                        <i>1 0 0 0 1 0 0 0 1 3.1543 1.15464 -0.890698</i>
                        <i>1 0 0 0 1 0 0 0 1 3.1543 1.15064 -0.890524</i>
                        <i>1 0 0 0 1 0 0 0 1 3.1543 1.14756 -0.89039</i>
                        <i>1 0 0 0 1 0 0 0 1 3.1543 1.14633 -0.890337</i>
                    </KeyFrames>
                </p>
            </i>
            <i>
                <p>
                    <Name><![CDATA[spine0]]></Name>
                    <Exclude>0</Exclude>
                    <Additive>0</Additive>
                    <IKPriority>0</IKPriority>
                    <IKRotLimits>-1e+010 -1e+010 -1e+010 1e+010 1e+010 1e+010</IKRotLimits>
                    <IKRotLimitOrder>0</IKRotLimitOrder>
                    <KeyFrames count="55">
                        <i>0.598514 0.798595 0.0634601 -0.13831 0.0249817 0.990074 0.789083 -0.60135 0.125406 0.222263 1.62678 -0.997057</i>
                        <i>0.641486 0.764552 0.0629024 -0.136491 0.0330628 0.990089 0.754895 -0.643714 0.125564 0.357662 1.68329 -1.04267</i>
                        <i>0.68606 0.724914 0.0618136 -0.133748 0.0421518 0.990119 0.715145 -0.687548 0.125874 0.499888 1.74037 -1.09396</i>
                        <i>0.726527 0.684423 0.0610201 -0.130689 0.0504525 0.990139 0.674595 -0.727337 0.126102 0.638397 1.79643 -1.14242</i>
                        <i>0.758317 0.648999 0.0612824 -0.128286 0.0564001 0.990132 0.639139 -0.758696 0.126027 0.762801 1.8502 -1.17953</i>
                        <i>0.777823 0.625271 0.0634601 -0.127798 0.0584929 0.990074 0.615353 -0.778212 0.125406 0.862841 1.90061 -1.19679</i>
                        <i>0.790449 0.608873 0.0668201 -0.126822 0.0559581 0.990346 0.599256 -0.791292 0.121451 0.943487 1.94802 -1.19773</i>
                        <i>0.803167 0.591612 0.0701276 -0.123197 0.0497662 0.991134 0.582877 -0.804685 0.112856 1.01726 1.99382 -1.19235</i>
                        <i>0.81516 0.574522 0.0737534 -0.11861 0.0409314 0.992097 0.566962 -0.817465 0.10151 1.08526 2.03845 -1.18188</i>
                        <i>0.825672 0.558706 0.0781848 -0.114643 0.0304719 0.992939 0.552379 -0.828806 0.0892116 1.14856 2.08236 -1.1675</i>
                        <i>0.833963 0.545377 0.0840844 -0.112793 0.0193127 0.993431 0.54017 -0.837968 0.0776205 1.20823 2.12598 -1.1504</i>
                        <i>0.839235 0.535889 0.0922331 -0.114454 0.00826699 0.993394 0.531586 -0.844248 0.0682727 1.26537 2.16973 -1.13172</i>
                        <i>0.840556 0.53177 0.10338 -0.120887 -0.00189713 0.992664 0.528065 -0.846887 0.0626895 1.32102 2.21404 -1.11259</i>
                        <i>0.836755 0.534708 0.11802 -0.133193 -0.0103084 0.991037 0.531132 -0.844974 0.0625937 1.37628 2.25932 -1.09419</i>
                        <i>0.826336 0.546481 0.136114 -0.152338 -0.0157829 0.988202 0.542182 -0.837323 0.0702081 1.43221 2.30597 -1.07772</i>
                        <i>0.807413 0.568793 0.156712 -0.179232 -0.0165926 0.983667 0.562103 -0.822313 0.088549 1.48989 2.3544 -1.06452</i>
                        <i>0.779858 0.600604 0.176344 -0.211415 -0.0124373 0.977317 0.589174 -0.79945 0.117277 1.5469 2.40906 -1.0541</i>
                        <i>0.745074 0.638983 0.19122 -0.245373 -0.00399343 0.969421 0.620207 -0.76921 0.153814 1.6008 2.47188 -1.04513</i>
                        <i>0.703415 0.682381 0.198906 -0.280435 0.00930047 0.959828 0.653119 -0.730937 0.197906 1.65271 2.53946 -1.03784</i>
                        <i>0.655547 0.72894 0.197243 -0.315982 0.0275501 0.948365 0.685867 -0.684023 0.248392 1.70374 2.60837 -1.03232</i>
                        <i>0.602401 0.776509 0.184788 -0.351566 0.050279 0.934812 0.716599 -0.628097 0.303283 1.75501 2.67519 -1.02854</i>
                        <i>0.545044 0.822763 0.161207 -0.387037 0.0763518 0.918898 0.743727 -0.563233 0.360055 1.80766 2.73651 -1.02633</i>
                        <i>0.484526 0.865429 0.127544 -0.422649 0.103943 0.900313 0.765899 -0.490132 0.416136 1.86277 2.78897 -1.02536</i>
                        <i>0.421742 0.902602 0.0862744 -0.459115 0.130529 0.878735 0.781887 -0.41021 0.469448 1.92143 2.82929 -1.0252</i>
                        <i>0.357345 0.933065 0.0411564 -0.497534 0.152882 0.853866 0.79042 -0.325601 0.518863 1.98468 2.85431 -1.02531</i>
                        <i>0.291655 0.956519 -0.00304658 -0.539179 0.167032 0.825461 0.790078 -0.239107 0.564451 2.05356 2.861 -1.02516</i>
                        <i>0.21005 0.976893 -0.0394806 -0.587909 0.15847 0.793253 0.78118 -0.143412 0.607611 2.12864 2.80309 -1.02389</i>
                        <i>0.106132 0.992252 -0.0645863 -0.64231 0.117996 0.757308 0.759061 -0.0388904 0.649856 2.20985 2.65308 -1.0211</i>
                        <i>-0.00658858 0.996872 -0.0787555 -0.694046 0.05214 0.71804 0.719901 0.0593908 0.691531 2.29692 2.43644 -1.01692</i>
                        <i>-0.113537 0.990029 -0.0833835 -0.736394 -0.0275158 0.675993 0.666958 0.138153 0.732176 2.38934 2.17897 -1.01154</i>
                        <i>-0.200059 0.976443 -0.0808451 -0.767961 -0.105032 0.631826 0.608451 0.188489 0.770882 2.48639 1.90679 -1.0053</i>
                        <i>-0.252023 0.964854 -0.074446 -0.793701 -0.162078 0.586319 0.553646 0.206853 0.806652 2.58733 1.64614 -0.998641</i>
                        <i>-0.240129 0.969327 -0.0523675 -0.832704 -0.177956 0.524344 0.498942 0.169517 0.849895 2.69443 1.42528 -0.990666</i>
                        <i>-0.180871 0.983488 -0.00600763 -0.882054 -0.159509 0.443325 0.435047 0.0854839 0.896341 2.80464 1.26802 -0.980214</i>
                        <i>-0.120798 0.991539 0.0475208 -0.921723 -0.129808 0.365481 0.368557 0.00034807 0.929605 2.90951 1.17281 -0.968571</i>
                        <i>-0.092978 0.992052 0.0847803 -0.941434 -0.115313 0.316867 0.324125 -0.0503534 0.944673 3.00054 1.11677 -0.958503</i>
                        <i>-0.0893491 0.990544 0.10411 -0.948002 -0.116635 0.296123 0.305466 -0.072238 0.949459 3.07601 1.09042 -0.950655</i>
                        <i>-0.0809345 0.989651 0.118494 -0.952773 -0.111729 0.282383 0.292699 -0.0900432 0.951955 3.13847 1.08482 -0.943503</i>
                        <i>-0.0657254 0.989601 0.127947 -0.956462 -0.0990209 0.274546 0.28436 -0.104332 0.953024 3.18077 1.08939 -0.937085</i>
                        <i>-0.0465302 0.989906 0.13387 -0.959011 -0.0817691 0.271314 0.279522 -0.115758 0.953136 3.20051 1.09352 -0.931422</i>
                        <i>-0.0254674 0.990208 0.137258 -0.960509 -0.0622939 0.271185 0.27708 -0.124931 0.95269 3.20294 1.10598 -0.928068</i>
                        <i>-0.0049547 0.990262 0.139127 -0.961163 -0.0431073 0.272595 0.275938 -0.132373 0.952017 3.19329 1.13706 -0.927837</i>
                        <i>0.0125521 0.989995 0.140545 -0.961358 -0.0267097 0.274001 0.275013 -0.138554 0.951405 3.17681 1.17847 -0.929616</i>
                        <i>0.0245667 0.989467 0.142656 -0.961627 -0.0156159 0.273914 0.273257 -0.143911 0.951115 3.15872 1.22194 -0.932295</i>
                        <i>0.0165511 0.988546 0.150011 -0.96229 -0.0249937 0.270876 0.271523 -0.148837 0.950854 3.14425 1.25917 -0.93476</i>
                        <i>0.0028927 0.987292 0.158893 -0.963919 -0.0395416 0.263243 0.26618 -0.153921 0.951555 3.13864 1.28188 -0.935894</i>
                        <i>3.61174e-006 0.986525 0.163612 -0.966926 -0.0417267 0.25162 0.255056 -0.158201 0.953897 3.13924 1.29191 -0.93601</i>
                        <i>-0.00289396 0.986075 0.166277 -0.970383 -0.0429344 0.237725 0.241553 -0.160665 0.956995 3.13991 1.29725 -0.936156</i>
                        <i>-0.00575728 0.985892 0.167285 -0.974084 -0.0433556 0.221992 0.226113 -0.161671 0.960591 3.14065 1.29884 -0.936323</i>
                        <i>-0.00854598 0.985914 0.167033 -0.977839 -0.0431826 0.204856 0.209183 -0.161581 0.964435 3.14144 1.2976 -0.936502</i>
                        <i>-0.0112359 0.986074 0.165926 -0.981482 -0.0426087 0.186755 0.191224 -0.160755 0.968293 3.14228 1.29449 -0.936682</i>
                        <i>-0.0138287 0.986302 0.164369 -0.984876 -0.0418289 0.168136 0.172708 -0.159558 0.971964 3.14314 1.29044 -0.936855</i>
                        <i>-0.0163581 0.986529 0.162767 -0.987917 -0.0410395 0.149454 0.154121 -0.158356 0.97528 3.14402 1.28639 -0.937013</i>
                        <i>-0.018891 0.986688 0.161525 -0.990534 -0.0404382 0.131173 0.135959 -0.157518 0.978112 3.14488 1.28328 -0.937148</i>
                        <i>-0.0215262 0.986713 0.161043 -0.992694 -0.0402239 0.113761 0.118727 -0.157418 0.980369 3.1457 1.28205 -0.937255</i>
                    </KeyFrames>
                </p>
            </i>
            <i>
                <p>
                    <Name><![CDATA[spine1]]></Name>
                    <Exclude>0</Exclude>
                    <Additive>0</Additive>
                    <IKPriority>0</IKPriority>
                    <IKRotLimits>-1e+010 -1e+010 -1e+010 1e+010 1e+010 1e+010</IKRotLimits>
                    <IKRotLimitOrder>0</IKRotLimitOrder>
                    <KeyFrames count="55">
                        <i>0.732259 0.677157 0.072493 -0.13481 0.0397873 0.990072 0.66755 -0.734762 0.120422 0.325195 1.76413 -0.986143</i>
                        <i>0.7657 0.63927 0.0709747 -0.131236 0.0472517 0.990224 0.629667 -0.767529 0.120076 0.467962 1.81476 -1.03186</i>
                        <i>0.797599 0.599343 0.0679983 -0.125826 0.0550686 0.990523 0.589918 -0.798596 0.119336 0.617806 1.86497 -1.08334</i>
                        <i>0.827212 0.558021 0.0658191 -0.120724 0.0621029 0.990742 0.548768 -0.827499 0.118739 0.763235 1.91404 -1.13193</i>
                        <i>0.853937 0.516105 0.0665404 -0.118201 0.0678478 0.990669 0.506774 -0.853834 0.118942 0.893113 1.96173 -1.169</i>
                        <i>0.877284 0.474465 0.072493 -0.120736 0.0719685 0.990072 0.464538 -0.877327 0.120422 0.996611 2.00815 -1.18587</i>
                        <i>0.900556 0.426828 0.082566 -0.125694 0.073824 0.989319 0.416174 -0.901314 0.120132 1.07965 2.05291 -1.18621</i>
                        <i>0.924886 0.368468 0.0938985 -0.129667 0.0734878 0.988831 0.357452 -0.926731 0.115746 1.15596 2.096 -1.18024</i>
                        <i>0.946995 0.302989 0.106759 -0.134266 0.0713951 0.98837 0.291843 -0.950316 0.108292 1.22649 2.13801 -1.1691</i>
                        <i>0.964467 0.234608 0.121502 -0.140969 0.0680076 0.987675 0.223453 -0.969708 0.0986634 1.29219 2.17957 -1.1539</i>
                        <i>0.975982 0.168055 0.138627 -0.151086 0.0637051 0.986466 0.156949 -0.983717 0.0875657 1.35396 2.2213 -1.13571</i>
                        <i>0.981367 0.108335 0.158692 -0.165672 0.0587378 0.98443 0.0973271 -0.992378 0.0755914 1.4127 2.26384 -1.11552</i>
                        <i>0.981403 0.0604482 0.182192 -0.185437 0.0532604 0.981212 0.0496089 -0.996749 0.0634793 1.46925 2.30785 -1.09436</i>
                        <i>0.977379 0.0292057 0.209469 -0.210678 0.0474656 0.976402 0.0185739 -0.998446 0.0525449 1.5244 2.35401 -1.0733</i>
                        <i>0.970414 0.0192312 0.240678 -0.241293 0.0418188 0.969551 0.00858076 -0.99894 0.0452219 1.57889 2.40302 -1.05356</i>
                        <i>0.960615 0.0351419 0.275653 -0.276894 0.0373785 0.960173 0.0234388 -0.998683 0.045637 1.63341 2.45556 -1.03667</i>
                        <i>0.947027 0.0734712 0.312636 -0.315738 0.0349859 0.948201 0.0587277 -0.996683 0.0563302 1.68557 2.51591 -1.02274</i>
                        <i>0.928557 0.126681 0.348905 -0.355689 0.0348599 0.933954 0.106152 -0.991331 0.0774285 1.73326 2.58553 -1.01114</i>
                        <i>0.903812 0.193204 0.381832 -0.395699 0.0376009 0.91761 0.162928 -0.980438 0.110435 1.77767 2.66073 -1.0025</i>
                        <i>0.871681 0.271013 0.408319 -0.434838 0.0434418 0.89946 0.226027 -0.961595 0.155714 1.82006 2.73777 -0.997317</i>
                        <i>0.831473 0.357455 0.425298 -0.472441 0.0521397 0.879819 0.29232 -0.932474 0.212229 1.86175 2.81283 -0.9958</i>
                        <i>0.782941 0.449193 0.430382 -0.508238 0.0629076 0.858916 0.358745 -0.891217 0.27755 1.90407 2.8821 -0.997821</i>
                        <i>0.726176 0.542346 0.422527 -0.542437 0.0743717 0.836798 0.42241 -0.836857 0.348195 1.94831 2.94181 -1.00285</i>
                        <i>0.66146 0.63282 0.402504 -0.57574 0.08453 0.813251 0.480618 -0.769671 0.420253 1.99573 2.98837 -1.01001</i>
                        <i>0.589123 0.71676 0.373081 -0.609234 0.0906928 0.787787 0.530819 -0.691397 0.490104 2.04751 3.01841 -1.01809</i>
                        <i>0.509424 0.790983 0.33887 -0.644141 0.0893991 0.759665 0.570587 -0.605272 0.555046 2.10472 3.02887 -1.02571</i>
                        <i>0.409574 0.858972 0.307272 -0.682803 0.0652664 0.727682 0.605003 -0.507846 0.61324 2.16542 2.97419 -1.03082</i>
                        <i>0.28286 0.916459 0.283008 -0.722559 0.00955444 0.691243 0.630792 -0.400015 0.664898 2.22839 2.82656 -1.03241</i>
                        <i>0.142624 0.953123 0.266862 -0.75624 -0.0690095 0.650645 0.638561 -0.294609 0.710947 2.29576 2.61044 -1.03067</i>
                        <i>0.00595416 0.966003 0.258462 -0.779306 -0.157479 0.606533 0.626616 -0.205032 0.751874 2.36954 2.35153 -1.02609</i>
                        <i>-0.109302 0.960363 0.256428 -0.793136 -0.23976 0.559867 0.599157 -0.142188 0.787905 2.45154 2.07679 -1.01939</i>
                        <i>-0.186953 0.947743 0.258517 -0.805525 -0.298523 0.511873 0.562298 -0.112545 0.81924 2.54348 1.81399 -1.0116</i>
                        <i>-0.202942 0.938967 0.27777 -0.838969 -0.313014 0.445144 0.504921 -0.142702 0.851287 2.65267 1.59382 -0.999784</i>
                        <i>-0.175161 0.930305 0.322259 -0.88771 -0.290789 0.35695 0.425782 -0.223548 0.876776 2.77318 1.43902 -0.981272</i>
                        <i>-0.142667 0.916334 0.374136 -0.927359 -0.255858 0.273023 0.345906 -0.308007 0.886273 2.88849 1.34524 -0.960321</i>
                        <i>-0.126887 0.902238 0.412147 -0.946365 -0.234585 0.222179 0.297142 -0.36185 0.883612 2.98437 1.2893 -0.943773</i>
                        <i>-0.118098 0.892516 0.435278 -0.953154 -0.224817 0.20237 0.278477 -0.390988 0.877257 3.06047 1.26264 -0.932568</i>
                        <i>-0.0946166 0.886203 0.453534 -0.961063 -0.200125 0.190546 0.259626 -0.417846 0.870632 3.1244 1.2568 -0.922925</i>
                        <i>-0.0569668 0.882772 0.466334 -0.969539 -0.160367 0.185137 0.238219 -0.441583 0.865018 3.16935 1.26129 -0.914873</i>
                        <i>-0.013267 0.879682 0.475378 -0.976224 -0.114264 0.1842 0.216356 -0.461632 0.860283 3.19242 1.26549 -0.908179</i>
                        <i>0.033195 0.875831 0.481475 -0.980325 -0.0652567 0.186294 0.194581 -0.478186 0.856432 3.19851 1.27807 -0.904228</i>
                        <i>0.0769789 0.870648 0.485846 -0.981673 -0.0190183 0.18962 0.174332 -0.491539 0.853228 3.19242 1.30926 -0.903658</i>
                        <i>0.112674 0.86439 0.490036 -0.981122 0.0187714 0.192478 0.157178 -0.502472 0.850186 3.17899 1.35073 -0.905177</i>
                        <i>0.135022 0.857846 0.495853 -0.980218 0.0425559 0.193292 0.144714 -0.512142 0.846622 3.16299 1.39419 -0.907476</i>
                        <i>0.111748 0.851214 0.512784 -0.981863 0.0150471 0.188994 0.153158 -0.524603 0.837457 3.14713 1.43132 -0.908651</i>
                        <i>0.0759713 0.843898 0.531098 -0.983542 -0.024147 0.17906 0.163933 -0.535961 0.828174 3.13914 1.45389 -0.908229</i>
                        <i>0.0651203 0.839399 0.5396 -0.985504 -0.0307933 0.166835 0.156657 -0.542643 0.825226 3.13924 1.46382 -0.907517</i>
                        <i>0.0549668 0.836863 0.544645 -0.987711 -0.0343551 0.152469 0.146307 -0.546333 0.824691 3.13941 1.46909 -0.907196</i>
                        <i>0.0454269 0.835951 0.54692 -0.990019 -0.0354438 0.136405 0.133413 -0.547658 0.825998 3.13964 1.47065 -0.907187</i>
                        <i>0.0364219 0.836275 0.5471 -0.992282 -0.0346732 0.119059 0.118536 -0.547213 0.828557 3.13995 1.46941 -0.907411</i>
                        <i>0.0278507 0.83742 0.545849 -0.994367 -0.0326591 0.10084 0.102272 -0.545583 0.831793 3.14032 1.46632 -0.907785</i>
                        <i>0.0195711 0.83897 0.543826 -0.996167 -0.0300187 0.0821602 0.0852549 -0.543349 0.835167 3.14073 1.4623 -0.908232</i>
                        <i>0.0113881 0.84051 0.541676 -0.99761 -0.0273698 0.0634431 0.0681501 -0.541103 0.83819 3.14117 1.45828 -0.90867</i>
                        <i>0.0030511 0.841639 0.540031 -0.99866 -0.025331 0.0451206 0.0516548 -0.539445 0.840435 3.14159 1.45519 -0.909023</i>
                        <i>-0.00574227 0.84196 0.53951 -0.999317 -0.0245211 0.0276314 0.0364939 -0.538983 0.841526 3.14195 1.45395 -0.909214</i>
                    </KeyFrames>
                </p>
            </i>
            <i>
                <p>
                    <Name><![CDATA[spine2]]></Name>
                    <Exclude>0</Exclude>
                    <Additive>0</Additive>
                    <IKPriority>0</IKPriority>
                    <IKRotLimits>-1e+010 -1e+010 -1e+010 1e+010 1e+010 1e+010</IKRotLimits>
                    <IKRotLimitOrder>0</IKRotLimitOrder>
                    <KeyFrames count="55">
                        <i>0.854991 0.51075 0.0901346 -0.133575 0.0489227 0.98983 0.501147 -0.858336 0.110052 0.441119 1.8713 -0.974659</i>
                        <i>0.879617 0.467391 0.0884301 -0.129024 0.0554957 0.990087 0.45785 -0.882307 0.10912 0.589157 1.91591 -1.02062</i>
                        <i>0.902149 0.422955 0.0850722 -0.122249 0.0615068 0.990592 0.413743 -0.904061 0.107194 0.744004 1.95978 -1.07258</i>
                        <i>0.922362 0.377392 0.0825995 -0.11618 0.0670573 0.990962 0.368442 -0.923622 0.105697 0.894085 2.00229 -1.12152</i>
                        <i>0.940053 0.33067 0.0834193 -0.113608 0.0730107 0.990839 0.32155 -0.940918 0.106201 1.0282 2.04335 -1.15847</i>
                        <i>0.954927 0.282825 0.0901346 -0.117275 0.0805125 0.98983 0.272692 -0.955786 0.110052 1.13549 2.08323 -1.17439</i>
                        <i>0.968653 0.226979 0.100952 -0.123892 0.0891705 0.988281 0.215317 -0.969809 0.114496 1.22243 2.12055 -1.17311</i>
                        <i>0.980811 0.159363 0.112307 -0.128913 0.0979753 0.986804 0.146256 -0.982346 0.116639 1.30292 2.15449 -1.16529</i>
                        <i>0.988539 0.0852167 0.124615 -0.133417 0.106876 0.98528 0.0706441 -0.990614 0.117021 1.37741 2.18622 -1.15205</i>
                        <i>0.99033 0.0101137 0.138363 -0.138599 0.115789 0.983557 -0.00607341 -0.993222 0.116071 1.44646 2.217 -1.13441</i>
                        <i>0.986196 -0.0604231 0.154166 -0.145796 0.124502 0.981449 -0.0784962 -0.990378 0.113974 1.51073 2.24817 -1.11337</i>
                        <i>0.977479 -0.1213 0.17269 -0.156451 0.132647 0.978738 -0.141628 -0.983713 0.110683 1.57102 2.28116 -1.08984</i>
                        <i>0.966387 -0.168053 0.194563 -0.172025 0.139728 0.975133 -0.19106 -0.975825 0.106122 1.62824 2.31745 -1.06475</i>
                        <i>0.955361 -0.196778 0.220373 -0.19389 0.145211 0.970217 -0.222918 -0.969635 0.100576 1.68331 2.35854 -1.03913</i>
                        <i>0.946364 -0.203787 0.250733 -0.223217 0.148696 0.963361 -0.233603 -0.967657 0.0952317 1.73709 2.40592 -1.01421</i>
                        <i>0.940103 -0.185078 0.286275 -0.260837 0.150144 0.953636 -0.219479 -0.971186 0.0928758 1.79023 2.46104 -0.991547</i>
                        <i>0.934345 -0.143774 0.32608 -0.304884 0.151255 0.940302 -0.184512 -0.977983 0.09749 1.84022 2.52765 -0.971565</i>
                        <i>0.925892 -0.0867094 0.367703 -0.352242 0.153693 0.923203 -0.136564 -0.984307 0.111761 1.88487 2.60596 -0.954047</i>
                        <i>0.912569 -0.0150021 0.408647 -0.401428 0.157573 0.902234 -0.077927 -0.987393 0.137774 1.92515 2.69202 -0.940068</i>
                        <i>0.892469 0.0698027 0.445675 -0.450969 0.162619 0.8776 -0.0112165 -0.984217 0.176612 1.96216 2.78172 -0.93062</i>
                        <i>0.864141 0.165472 0.475267 -0.499574 0.168137 0.849797 0.060708 -0.971776 0.22796 1.99712 2.87081 -0.926422</i>
                        <i>0.826647 0.268932 0.494297 -0.54632 0.173027 0.81951 0.134865 -0.94749 0.289955 2.03134 2.95492 -0.927719</i>
                        <i>0.779489 0.376306 0.50079 -0.590782 0.175831 0.787439 0.208264 -0.909658 0.359373 2.06614 3.02964 -0.934146</i>
                        <i>0.722467 0.483184 0.494544 -0.633074 0.174747 0.754109 0.277953 -0.857902 0.432141 2.10286 3.0907 -0.944667</i>
                        <i>0.655538 0.585051 0.477478 -0.673773 0.167595 0.719682 0.341027 -0.793491 0.504056 2.14273 3.13413 -0.957633</i>
                        <i>0.578708 0.677749 0.453599 -0.713675 0.151699 0.683854 0.394671 -0.719474 0.571482 2.18691 3.15637 -0.970887</i>
                        <i>0.48043 0.764435 0.429915 -0.755463 0.111711 0.645598 0.445491 -0.634949 0.631171 2.23137 3.11242 -0.981191</i>
                        <i>0.35388 0.840021 0.411258 -0.795889 0.0395076 0.604152 0.491252 -0.541113 0.682545 2.27385 2.97381 -0.986766</i>
                        <i>0.211383 0.892345 0.398795 -0.827014 -0.0541669 0.559566 0.520928 -0.448092 0.726531 2.31864 2.76336 -0.987702</i>
                        <i>0.0703103 0.917043 0.392542 -0.844781 -0.154528 0.512315 0.530474 -0.367633 0.763835 2.37048 2.50632 -0.984528</i>
                        <i>-0.0505616 0.91877 0.391541 -0.851888 -0.2443 0.463254 0.521277 -0.310126 0.795042 2.43402 2.23052 -0.978206</i>
                        <i>-0.134212 0.909248 0.394025 -0.857587 -0.305803 0.413557 0.49652 -0.282406 0.820801 2.51354 1.96558 -0.970122</i>
                        <i>-0.159006 0.896549 0.41342 -0.883858 -0.315849 0.345013 0.4399 -0.310546 0.842644 2.62017 1.74393 -0.955249</i>
                        <i>-0.138029 0.879194 0.456032 -0.925363 -0.278612 0.257059 0.353061 -0.386513 0.85203 2.74512 1.58774 -0.929633</i>
                        <i>-0.103777 0.856814 0.505074 -0.958774 -0.221249 0.178331 0.264543 -0.465745 0.844451 2.86562 1.49175 -0.900383</i>
                        <i>-0.0765197 0.836987 0.541847 -0.974569 -0.177579 0.136676 0.210617 -0.517609 0.82929 2.96402 1.43355 -0.877758</i>
                        <i>-0.0511071 0.823139 0.565536 -0.98069 -0.148401 0.127374 0.188773 -0.548105 0.814828 3.04153 1.40529 -0.862877</i>
                        <i>-0.0146479 0.810196 0.585976 -0.986134 -0.108589 0.125489 0.165301 -0.576013 0.800553 3.10922 1.39835 -0.850359</i>
                        <i>0.0279755 0.797555 0.602597 -0.989973 -0.0613948 0.127217 0.138459 -0.600113 0.787841 3.16019 1.40223 -0.840294</i>
                        <i>0.0683808 0.784253 0.616661 -0.991408 -0.0156708 0.129866 0.111511 -0.620243 0.776443 3.19024 1.40593 -0.832153</i>
                        <i>0.10636 0.770583 0.628402 -0.990689 0.0281102 0.133209 0.0849837 -0.63672 0.766398 3.20374 1.41794 -0.827199</i>
                        <i>0.138397 0.756922 0.638683 -0.988511 0.0660076 0.135974 0.0607639 -0.650163 0.757361 3.20466 1.44837 -0.825885</i>
                        <i>0.16118 0.74386 0.648609 -0.98608 0.0941917 0.137018 0.040829 -0.661665 0.748687 3.19693 1.48892 -0.826685</i>
                        <i>0.171616 0.73192 0.659425 -0.984789 0.108988 0.135322 0.0271749 -0.672618 0.739491 3.18452 1.5314 -0.828013</i>
                        <i>0.143495 0.720196 0.678768 -0.988856 0.0768611 0.127496 0.0396514 -0.689499 0.7232 3.16495 1.56751 -0.826451</i>
                        <i>0.106701 0.708343 0.697757 -0.992718 0.0364397 0.114814 0.055902 -0.704927 0.707073 3.15124 1.58894 -0.823066</i>
                        <i>0.0926619 0.700866 0.707248 -0.994393 0.0287939 0.101749 0.050948 -0.712711 0.699605 3.1496 1.59817 -0.82098</i>
                        <i>0.0794823 0.696699 0.712947 -0.995913 0.0247242 0.0868678 0.0428936 -0.716938 0.695816 3.14814 1.60305 -0.819844</i>
                        <i>0.0670367 0.695255 0.71563 -0.997229 0.023507 0.0705778 0.0322473 -0.718378 0.694905 3.14685 1.60446 -0.81947</i>
                        <i>0.0552174 0.695879 0.716034 -0.998283 0.0244293 0.0532415 0.0195574 -0.717744 0.696033 3.14571 1.60328 -0.819668</i>
                        <i>0.0438994 0.697877 0.714871 -0.999021 0.0267831 0.0352023 0.00542036 -0.715717 0.69837 3.1447 1.60036 -0.820249</i>
                        <i>0.0329147 0.700551 0.712843 -0.999413 0.0298601 0.0168015 -0.00951524 -0.712977 0.701123 3.14379 1.59658 -0.821026</i>
                        <i>0.0220363 0.703211 0.710639 -0.999456 0.0329489 -0.00161216 -0.0245485 -0.710217 0.703555 3.14291 1.5928 -0.821817</i>
                        <i>0.0109733 0.705182 0.708941 -0.999182 0.0353344 -0.0196812 -0.0389288 -0.708145 0.704993 3.14199 1.58988 -0.822439</i>
                        <i>-0.000623778 0.705798 0.708413 -0.998654 0.036299 -0.0370444 -0.0518605 -0.707482 0.704826 3.14094 1.5887 -0.822717</i>
                    </KeyFrames>
                </p>
            </i>
            <i>
                <p>
                    <Name><![CDATA[head]]></Name>
                    <Exclude>0</Exclude>
                    <Additive>0</Additive>
                    <IKPriority>0</IKPriority>
                    <IKRotLimits>-1e+010 -1e+010 -1e+010 1e+010 1e+010 1e+010</IKRotLimits>
                    <IKRotLimitOrder>0</IKRotLimitOrder>
                    <KeyFrames count="55">
                        <i>0.802481 0.518059 -0.296038 -0.523253 0.849451 0.0681145 0.286757 0.100242 0.952744 0.656848 2.01088 -0.95228</i>
                        <i>0.74149 0.630409 -0.229733 -0.626508 0.77307 0.0992507 0.240168 0.070336 0.96818 0.811691 2.04442 -0.998641</i>
                        <i>0.65402 0.740047 -0.156802 -0.732971 0.671205 0.11062 0.18711 0.0425839 0.981416 0.972851 2.07679 -1.05139</i>
                        <i>0.555908 0.826185 -0.0915731 -0.820533 0.563033 0.0985933 0.133015 0.0203299 0.990905 1.12861 2.10753 -1.10092</i>
                        <i>0.472879 0.879956 -0.045429 -0.877087 0.475016 0.0712583 0.0842836 0.00614869 0.996423 1.26767 2.13677 -1.13767</i>
                        <i>0.434261 0.900523 -0.0217889 -0.899521 0.434806 0.0425017 0.0477477 0.00114268 0.998859 1.37909 2.16497 -1.15201</i>
                        <i>0.437357 0.899229 -0.0103122 -0.898996 0.437478 0.0204512 0.0229017 0.000326188 0.999738 1.46991 2.18897 -1.14819</i>
                        <i>0.458208 0.888844 -0.0011397 -0.888838 0.458209 0.00353087 0.00366061 -0.000604848 0.999993 1.55411 2.20676 -1.13772</i>
                        <i>0.492508 0.870281 0.00689018 -0.87023 0.492554 -0.00948087 -0.0116448 -0.00132666 0.999931 1.63141 2.2207 -1.12157</i>
                        <i>0.535683 0.844292 0.0146388 -0.844059 0.53588 -0.0199116 -0.0246558 -0.00168971 0.999695 1.70193 2.23331 -1.10066</i>
                        <i>0.583174 0.812023 0.022927 -0.811504 0.583623 -0.029087 -0.037 -0.00164253 0.999314 1.76625 2.24728 -1.07577</i>
                        <i>0.6307 0.77534 0.0326217 -0.774399 0.631542 -0.038225 -0.0502394 -0.00115368 0.998737 1.82537 2.26531 -1.04764</i>
                        <i>0.674474 0.736953 0.0445546 -0.735361 0.675944 -0.048411 -0.065793 -0.00011181 0.997833 1.88063 2.29005 -1.01705</i>
                        <i>0.711338 0.700343 0.0593232 -0.697705 0.713805 -0.0607471 -0.084889 0.00182164 0.996389 1.93348 2.32408 -0.984853</i>
                        <i>0.738744 0.669569 0.0770421 -0.665181 0.74273 -0.0767159 -0.108588 0.00542643 0.994072 1.98518 2.36995 -0.952154</i>
                        <i>0.754582 0.648986 0.0970759 -0.641553 0.760703 -0.0987009 -0.137901 0.0121986 0.990371 2.03652 2.43021 -0.920401</i>
                        <i>0.764726 0.633614 0.117162 -0.621322 0.773279 -0.126486 -0.170743 0.0239316 0.985025 2.08448 2.50781 -0.890314</i>
                        <i>0.775711 0.616287 0.135876 -0.597092 0.786424 -0.158172 -0.204336 0.0415657 0.978018 2.12616 2.60116 -0.862369</i>
                        <i>0.786609 0.598138 0.153221 -0.569429 0.798689 -0.194544 -0.23874 0.0657822 0.968853 2.162 2.70597 -0.838332</i>
                        <i>0.79653 0.580355 0.169495 -0.538915 0.808603 -0.236078 -0.274063 0.0966995 0.956838 2.19264 2.81768 -0.820067</i>
                        <i>0.80456 0.564209 0.185344 -0.506221 0.814744 -0.282723 -0.310522 0.133643 0.941124 2.21898 2.93139 -0.809207</i>
                        <i>0.80969 0.5511 0.20172 -0.472161 0.815881 -0.333768 -0.348519 0.175004 0.920819 2.24214 3.04186 -0.806776</i>
                        <i>0.810755 0.542562 0.219781 -0.437718 0.811178 -0.387805 -0.38869 0.218213 0.895155 2.26339 3.14365 -0.812861</i>
                        <i>0.806368 0.540194 0.240753 -0.404007 0.800431 -0.442818 -0.431914 0.259808 0.863684 2.28408 3.23134 -0.826398</i>
                        <i>0.794857 0.545481 0.265807 -0.372228 0.784267 -0.496358 -0.479218 0.295593 0.826423 2.30551 3.29981 -0.845152</i>
                        <i>0.774184 0.559486 0.295998 -0.34364 0.764242 -0.545753 -0.531555 0.320797 0.783925 2.3289 3.34448 -0.865858</i>
                        <i>0.732981 0.592942 0.333405 -0.330359 0.738724 -0.587495 -0.594644 0.320479 0.737354 2.34716 3.32122 -0.883397</i>
                        <i>0.663774 0.646085 0.376801 -0.337255 0.708214 -0.620236 -0.66758 0.284618 0.687989 2.35632 3.20027 -0.894731</i>
                        <i>0.57203 0.703713 0.42139 -0.355813 0.675783 -0.645534 -0.739039 0.219328 0.636959 2.36404 3.00153 -0.899669</i>
                        <i>0.45324 0.776903 0.43703 -0.394933 0.614552 -0.682901 -0.799125 0.136921 0.585364 2.37961 2.7494 -0.89875</i>
                        <i>0.312688 0.859062 0.405264 -0.436621 0.508905 -0.741874 -0.843557 0.0550279 0.534213 2.41245 2.47306 -0.893201</i>
                        <i>0.182662 0.922035 0.3413 -0.448651 0.38706 -0.805541 -0.874841 -0.00598253 0.484373 2.47118 2.20527 -0.884883</i>
                        <i>0.112789 0.9508 0.288544 -0.407788 0.309108 -0.859163 -0.906084 -0.0207604 0.422589 2.57283 1.98095 -0.865319</i>
                        <i>0.11574 0.951563 0.284839 -0.33092 0.307323 -0.892213 -0.936534 0.00900584 0.350461 2.70559 1.8218 -0.828866</i>
                        <i>0.125387 0.941251 0.313569 -0.260734 0.336217 -0.904973 -0.957233 0.0317136 0.287573 2.83791 1.72159 -0.78684</i>
                        <i>0.0857794 0.941174 0.326853 -0.232641 0.337915 -0.911971 -0.968772 0.00218899 0.247942 2.94582 1.6592 -0.75449</i>
                        <i>0.014493 0.946575 0.322159 -0.235299 0.316373 -0.91899 -0.971815 -0.0624845 0.227313 3.03148 1.62776 -0.733332</i>
                        <i>-0.0526264 0.948301 0.312977 -0.234793 0.292876 -0.926874 -0.97062 -0.122263 0.207242 3.10947 1.61759 -0.715266</i>
                        <i>-0.101481 0.949356 0.297363 -0.229077 0.268575 -0.935624 -0.968104 -0.163067 0.190221 3.17142 1.61815 -0.700441</i>
                        <i>-0.119225 0.953662 0.27625 -0.222754 0.245449 -0.94347 -0.967557 -0.174021 0.183168 3.21115 1.61836 -0.688002</i>
                        <i>-0.0955596 0.963166 0.251355 -0.221918 0.225542 -0.948622 -0.970371 -0.14643 0.192191 3.23327 1.62682 -0.679239</i>
                        <i>-0.0464374 0.973191 0.225263 -0.228154 0.209212 -0.950882 -0.972517 -0.0955512 0.212322 3.24108 1.65376 -0.67446</i>
                        <i>0.0124955 0.979805 0.199564 -0.239925 0.196687 -0.950658 -0.970711 -0.0360014 0.237537 3.2379 1.69102 -0.67194</i>
                        <i>0.0658759 0.982171 0.176072 -0.253403 0.187137 -0.949087 -0.965115 0.0179049 0.261213 3.2271 1.73052 -0.669855</i>
