<?xml version="1.0" encoding="ISO-8859-1" ?>
<Animl Version="1">
    <ModellingPackage><![CDATA[Maya.2010]]></ModellingPackage>
    <SrcFile><![CDATA[anims\vehicles\red\~src\land\apc_btr60\apc_btr60_deploy_right.mb]]></SrcFile>
    <FramesPerSecond>30</FramesPerSecond>
    <TotalFrames>65</TotalFrames>
    <Skeleton>
        <RefFrame>
            <Name><![CDATA[soldier_ref_frame]]></Name>
            <Exclude>0</Exclude>
            <Additive>0</Additive>
            <IKPriority>0</IKPriority>
            <IKRotLimits>-1e+010 -1e+010 -1e+010 1e+010 1e+010 1e+010</IKRotLimits>
            <IKRotLimitOrder>0</IKRotLimitOrder>
            <KeyFrames count="65">
                <i>1 0 0 0 1 0 0 0 1 -0.8 0 -1</i>
                <i>1 0 0 0 1 0 0 0 1 -0.867041 0 -1.00084</i>
                <i>1 0 0 0 1 0 0 0 1 -0.937406 0 -1.00171</i>
                <i>1 0 0 0 1 0 0 0 1 -1.01079 0 -1.00263</i>
                <i>1 0 0 0 1 0 0 0 1 -1.0869 0 -1.00358</i>
                <i>1 0 0 0 1 0 0 0 1 -1.16542 0 -1.00456</i>
                <i>1 0 0 0 1 0 0 0 1 -1.24606 0 -1.00556</i>
                <i>1 0 0 0 1 0 0 0 1 -1.32852 0 -1.00659</i>
                <i>1 0 0 0 1 0 0 0 1 -1.41248 0 -1.00763</i>
                <i>1 0 0 0 1 0 0 0 1 -1.49766 0 -1.0087</i>
                <i>1 0 0 0 1 0 0 0 1 -1.58374 0 -1.00977</i>
                <i>1 0 0 0 1 0 0 0 1 -1.67042 0 -1.01085</i>
                <i>1 0 0 0 1 0 0 0 1 -1.75741 0 -1.01193</i>
                <i>1 0 0 0 1 0 0 0 1 -1.84439 0 -1.01302</i>
                <i>1 0 0 0 1 0 0 0 1 -1.93108 0 -1.0141</i>
                <i>1 0 0 0 1 0 0 0 1 -2.01716 0 -1.01517</i>
                <i>1 0 0 0 1 0 0 0 1 -2.10233 0 -1.01623</i>
                <i>1 0 0 0 1 0 0 0 1 -2.1863 0 -1.01728</i>
                <i>1 0 0 0 1 0 0 0 1 -2.26875 0 -1.01831</i>
                <i>1 0 0 0 1 0 0 0 1 -2.34939 0 -1.01931</i>
                <i>1 0 0 0 1 0 0 0 1 -2.42792 0 -1.02029</i>
                <i>1 0 0 0 1 0 0 0 1 -2.50402 0 -1.02124</i>
                <i>1 0 0 0 1 0 0 0 1 -2.57741 0 -1.02216</i>
                <i>1 0 0 0 1 0 0 0 1 -2.64777 0 -1.02303</i>
                <i>1 0 0 0 1 0 0 0 1 -2.71481 0 -1.02387</i>
                <i>1 0 0 0 1 0 0 0 1 -2.77823 0 -1.02466</i>
                <i>1 0 0 0 1 0 0 0 1 -2.83771 0 -1.0254</i>
                <i>1 0 0 0 1 0 0 0 1 -2.89297 0 -1.02609</i>
                <i>1 0 0 0 1 0 0 0 1 -2.94369 0 -1.02672</i>
                <i>1 0 0 0 1 0 0 0 1 -2.98958 0 -1.02729</i>
                <i>1 0 0 0 1 0 0 0 1 -3.03032 0 -1.0278</i>
                <i>1 0 0 0 1 0 0 0 1 -3.06563 0 -1.02824</i>
                <i>1 0 0 0 1 0 0 0 1 -3.0952 0 -1.02861</i>
                <i>1 0 0 0 1 0 0 0 1 -3.11872 0 -1.0289</i>
                <i>1 0 0 0 1 0 0 0 1 -3.1359 0 -1.02912</i>
                <i>1 0 0 0 1 0 0 0 1 -3.14642 0 -1.02925</i>
                <i>1 0 0 0 1 0 0 0 1 -3.15 0 -1.02929</i>
                <i>1 0 0 0 1 0 0 0 1 -3.15 0 -1.02929</i>
                <i>1 0 0 0 1 0 0 0 1 -3.15 0 -1.02929</i>
                <i>1 0 0 0 1 0 0 0 1 -3.15 0 -1.02929</i>
                <i>1 0 0 0 1 0 0 0 1 -3.15 0 -1.02929</i>
                <i>1 0 0 0 1 0 0 0 1 -3.15 0 -1.02929</i>
                <i>1 0 0 0 1 0 0 0 1 -3.15 0 -1.02929</i>
                <i>1 0 0 0 1 0 0 0 1 -3.15 0 -1.02929</i>
                <i>1 0 0 0 1 0 0 0 1 -3.15 0 -1.02929</i>
                <i>1 0 0 0 1 0 0 0 1 -3.15 0 -1.02929</i>
                <i>1 0 0 0 1 0 0 0 1 -3.15 0 -1.02929</i>
                <i>1 0 0 0 1 0 0 0 1 -3.15 0 -1.02929</i>
                <i>1 0 0 0 1 0 0 0 1 -3.15 0 -1.02929</i>
                <i>1 0 0 0 1 0 0 0 1 -3.15 0 -1.02929</i>
                <i>1 0 0 0 1 0 0 0 1 -3.15 0 -1.02929</i>
                <i>1 0 0 0 1 0 0 0 1 -3.15 0 -1.02929</i>
                <i>1 0 0 0 1 0 0 0 1 -3.15 0 -1.02929</i>
                <i>1 0 0 0 1 0 0 0 1 -3.15 0 -1.02929</i>
                <i>1 0 0 0 1 0 0 0 1 -3.15 0 -1.02929</i>
                <i>1 0 0 0 1 0 0 0 1 -3.15 0 -1.02929</i>
                <i>1 0 0 0 1 0 0 0 1 -3.15 0 -1.02929</i>
                <i>1 0 0 0 1 0 0 0 1 -3.15 0 -1.02929</i>
                <i>1 0 0 0 1 0 0 0 1 -3.15 0 -1.02929</i>
                <i>1 0 0 0 1 0 0 0 1 -3.15 0 -1.02929</i>
                <i>1 0 0 0 1 0 0 0 1 -3.15 0 -1.02929</i>
                <i>1 0 0 0 1 0 0 0 1 -3.15 0 -1.02929</i>
                <i>1 0 0 0 1 0 0 0 1 -3.15 0 -1.02929</i>
                <i>1 0 0 0 1 0 0 0 1 -3.15 0 -1.02929</i>
                <i>1 0 0 0 1 0 0 0 1 -3.15 0 -1.02929</i>
            </KeyFrames>
        </RefFrame>
        <Bones count="23">
            <i>
                <p>
                    <Name><![CDATA[pelvis]]></Name>
                    <Exclude>0</Exclude>
                    <Additive>0</Additive>
                    <IKPriority>0</IKPriority>
                    <IKRotLimits>-1e+010 -1e+010 -1e+010 1e+010 1e+010 1e+010</IKRotLimits>
                    <IKRotLimitOrder>2</IKRotLimitOrder>
                    <KeyFrames count="65">
                        <i>1 0 0 0 1 0 0 0 1 -0.181413 1.48887 -1</i>
                        <i>1 0 0 0 1 0 0 0 1 -0.181413 1.48887 -1</i>
                        <i>1 0 0 0 1 0 0 0 1 -0.181413 1.48887 -1</i>
                        <i>1 0 0 0 1 0 0 0 1 -0.181413 1.48887 -1</i>
                        <i>1 0 0 0 1 0 0 0 1 -0.181413 1.48887 -1</i>
                        <i>1 0 0 0 1 0 0 0 1 -0.181413 1.48887 -1</i>
                        <i>1 0 0 0 1 0 0 0 1 -0.181413 1.48887 -1</i>
                        <i>1 0 0 0 1 0 0 0 1 -0.181413 1.48887 -1</i>
                        <i>1 0 0 0 1 0 0 0 1 -0.28584 1.53724 -1.00557</i>
                        <i>1 0 0 0 1 0 0 0 1 -0.394048 1.586 -1.01256</i>
                        <i>1 0 0 0 1 0 0 0 1 -0.502255 1.63477 -1.01956</i>
                        <i>1 0 0 0 1 0 0 0 1 -0.606683 1.68314 -1.02513</i>
                        <i>1 0 0 0 1 0 0 0 1 -0.703549 1.73072 -1.02783</i>
                        <i>1 0 0 0 1 0 0 0 1 -0.789075 1.77713 -1.02624</i>
                        <i>1 0 0 0 1 0 0 0 1 -0.864591 1.82151 -1.0202</i>
                        <i>1 0 0 0 1 0 0 0 1 -0.934712 1.86379 -1.01112</i>
                        <i>1 0 0 0 1 0 0 0 1 -1.00058 1.90474 -0.99984</i>
                        <i>1 0 0 0 1 0 0 0 1 -1.06335 1.94516 -0.987244</i>
                        <i>1 0 0 0 1 0 0 0 1 -1.12416 1.98581 -0.974196</i>
                        <i>1 0 0 0 1 0 0 0 1 -1.18416 2.02748 -0.961563</i>
                        <i>1 0 0 0 1 0 0 0 1 -1.24449 2.07094 -0.950213</i>
                        <i>1 0 0 0 1 0 0 0 1 -1.3063 2.11698 -0.941013</i>
                        <i>1 0 0 0 1 0 0 0 1 -1.37073 2.16637 -0.93483</i>
                        <i>1 0 0 0 1 0 0 0 1 -1.43894 2.2199 -0.932532</i>
                        <i>1 0 0 0 1 0 0 0 1 -1.50935 2.28402 -0.934371</i>
                        <i>1 0 0 0 1 0 0 0 1 -1.5799 2.36152 -0.939586</i>
                        <i>1 0 0 0 1 0 0 0 1 -1.65101 2.44766 -0.947527</i>
                        <i>1 0 0 0 1 0 0 0 1 -1.72308 2.53769 -0.957546</i>
                        <i>1 0 0 0 1 0 0 0 1 -1.79651 2.62688 -0.968993</i>
                        <i>1 0 0 0 1 0 0 0 1 -1.87173 2.71049 -0.981218</i>
                        <i>1 0 0 0 1 0 0 0 1 -1.94913 2.78376 -0.993572</i>
                        <i>1 0 0 0 1 0 0 0 1 -2.02912 2.84198 -1.00541</i>
                        <i>1 0 0 0 1 0 0 0 1 -2.11212 2.88038 -1.01607</i>
                        <i>1 0 0 0 1 0 0 0 1 -2.19852 2.89423 -1.02492</i>
                        <i>1 0 0 0 1 0 0 0 1 -2.29629 2.82869 -1.03264</i>
                        <i>1 0 0 0 1 0 0 0 1 -2.40821 2.65263 -1.04036</i>
                        <i>1 0 0 0 1 0 0 0 1 -2.52696 2.39694 -1.04804</i>
                        <i>1 0 0 0 1 0 0 0 1 -2.64521 2.0925 -1.05562</i>
                        <i>1 0 0 0 1 0 0 0 1 -2.75563 1.77019 -1.06308</i>
                        <i>1 0 0 0 1 0 0 0 1 -2.85088 1.46089 -1.07036</i>
                        <i>1 0 0 0 1 0 0 0 1 -2.92601 1.19547 -1.07744</i>
                        <i>1 0 0 0 1 0 0 0 1 -2.98265 1.00481 -1.08427</i>
                        <i>1 0 0 0 1 0 0 0 1 -3.0234 0.895893 -1.09081</i>
                        <i>1 0 0 0 1 0 0 0 1 -3.05085 0.844412 -1.09703</i>
                        <i>1 0 0 0 1 0 0 0 1 -3.07086 0.834352 -1.10287</i>
                        <i>1 0 0 0 1 0 0 0 1 -3.08777 0.849695 -1.1083</i>
                        <i>1 0 0 0 1 0 0 0 1 -3.10195 0.874421 -1.11329</i>
                        <i>1 0 0 0 1 0 0 0 1 -3.11374 0.892512 -1.11779</i>
                        <i>1 0 0 0 1 0 0 0 1 -3.12351 0.907196 -1.12019</i>
                        <i>1 0 0 0 1 0 0 0 1 -3.1316 0.930797 -1.11966</i>
                        <i>1 0 0 0 1 0 0 0 1 -3.13837 0.960941 -1.11726</i>
                        <i>1 0 0 0 1 0 0 0 1 -3.14417 0.995256 -1.11408</i>
                        <i>1 0 0 0 1 0 0 0 1 -3.14936 1.03137 -1.11119</i>
                        <i>1 0 0 0 1 0 0 0 1 -3.1543 1.0669 -1.10966</i>
                        <i>1 0 0 0 1 0 0 0 1 -3.15837 1.09949 -1.10927</i>
                        <i>1 0 0 0 1 0 0 0 1 -3.16089 1.12676 -1.10902</i>
                        <i>1 0 0 0 1 0 0 0 1 -3.16212 1.14633 -1.10891</i>
                        <i>1 0 0 0 1 0 0 0 1 -3.16228 1.15776 -1.10889</i>
                        <i>1 0 0 0 1 0 0 0 1 -3.16163 1.16312 -1.10895</i>
                        <i>1 0 0 0 1 0 0 0 1 -3.16041 1.16382 -1.10907</i>
                        <i>1 0 0 0 1 0 0 0 1 -3.15886 1.16126 -1.10922</i>
                        <i>1 0 0 0 1 0 0 0 1 -3.15723 1.15682 -1.10938</i>
                        <i>1 0 0 0 1 0 0 0 1 -3.15576 1.15192 -1.10952</i>
                        <i>1 0 0 0 1 0 0 0 1 -3.15471 1.14796 -1.10962</i>
                        <i>1 0 0 0 1 0 0 0 1 -3.1543 1.14633 -1.10966</i>
                    </KeyFrames>
                </p>
            </i>
            <i>
                <p>
                    <Name><![CDATA[spine0]]></Name>
                    <Exclude>0</Exclude>
                    <Additive>0</Additive>
                    <IKPriority>0</IKPriority>
                    <IKRotLimits>-1e+010 -1e+010 -1e+010 1e+010 1e+010 1e+010</IKRotLimits>
                    <IKRotLimitOrder>0</IKRotLimitOrder>
                    <KeyFrames count="65">
                        <i>-0.598514 0.798595 -0.0634601 0.13831 0.0249817 -0.990074 -0.789083 -0.60135 -0.125406 -0.222263 1.62678 -1.00294</i>
                        <i>-0.598514 0.798595 -0.0634601 0.13831 0.0249817 -0.990074 -0.789083 -0.60135 -0.125406 -0.222263 1.62678 -1.00294</i>
                        <i>-0.598514 0.798595 -0.0634601 0.13831 0.0249817 -0.990074 -0.789083 -0.60135 -0.125406 -0.222263 1.62678 -1.00294</i>
                        <i>-0.598514 0.798595 -0.0634601 0.13831 0.0249817 -0.990074 -0.789083 -0.60135 -0.125406 -0.222263 1.62678 -1.00294</i>
                        <i>-0.598514 0.798595 -0.0634601 0.13831 0.0249817 -0.990074 -0.789083 -0.60135 -0.125406 -0.222263 1.62678 -1.00294</i>
                        <i>-0.598514 0.798595 -0.0634601 0.13831 0.0249817 -0.990074 -0.789083 -0.60135 -0.125406 -0.222263 1.62678 -1.00294</i>
                        <i>-0.598514 0.798595 -0.0634601 0.13831 0.0249817 -0.990074 -0.789083 -0.60135 -0.125406 -0.222263 1.62678 -1.00294</i>
                        <i>-0.598514 0.798595 -0.0634601 0.13831 0.0249817 -0.990074 -0.789083 -0.60135 -0.125406 -0.222263 1.62678 -1.00294</i>
                        <i>-0.633823 0.770908 -0.0630056 0.136858 0.0316022 -0.990086 -0.761275 -0.636162 -0.125535 -0.333112 1.67308 -1.00851</i>
                        <i>-0.670725 0.739108 -0.0620263 0.134699 0.0391462 -0.990113 -0.729372 -0.672449 -0.125814 -0.448463 1.71915 -1.01551</i>
                        <i>-0.706035 0.705538 -0.0610752 0.132147 0.0465288 -0.990137 -0.695738 -0.707143 -0.126086 -0.56366 1.76483 -1.0225</i>
                        <i>-0.737057 0.673103 -0.0606523 0.129692 0.0527933 -0.990148 -0.66327 -0.737662 -0.126208 -0.67412 1.81018 -1.02807</i>
                        <i>-0.761593 0.645155 -0.0612461 0.127978 0.0570796 -0.990133 -0.635293 -0.761917 -0.126037 -0.775333 1.85536 -1.03077</i>
                        <i>-0.777823 0.625271 -0.0634601 0.127798 0.0584929 -0.990074 -0.615353 -0.778212 -0.125406 -0.862841 1.90061 -1.02918</i>
                        <i>-0.78957 0.609481 -0.0714969 0.135752 0.0598547 -0.988933 -0.598457 -0.790538 -0.129998 -0.93868 1.94479 -1.02337</i>
                        <i>-0.800901 0.592291 -0.0880348 0.155141 0.0632494 -0.985865 -0.578351 -0.803238 -0.142545 -1.00861 1.98716 -1.01487</i>
                        <i>-0.810518 0.57502 -0.11141 0.181903 0.0663162 -0.981078 -0.556751 -0.815447 -0.158348 -1.07373 2.02853 -1.00446</i>
                        <i>-0.81742 0.55897 -0.139202 0.211777 0.0668823 -0.975027 -0.5357 -0.826486 -0.173048 -1.13517 2.06968 -0.992878</i>
                        <i>-0.82118 0.545399 -0.167937 0.24019 0.0633774 -0.968655 -0.51766 -0.835777 -0.183044 -1.19405 2.11138 -0.980791</i>
                        <i>-0.822073 0.535618 -0.193157 0.262245 0.0550612 -0.963429 -0.505394 -0.842664 -0.185728 -1.25152 2.15438 -0.968825</i>
                        <i>-0.820926 0.531125 -0.209729 0.272761 0.0420494 -0.961162 -0.501678 -0.84625 -0.17939 -1.30874 2.19944 -0.957582</i>
                        <i>-0.818568 0.533737 -0.2123 0.266291 0.0251292 -0.963565 -0.508955 -0.845277 -0.162699 -1.36684 2.24731 -0.947711</i>
                        <i>-0.814858 0.545565 -0.19587 0.237101 0.00535468 -0.97147 -0.528951 -0.838051 -0.133717 -1.4269 2.29871 -0.939994</i>
                        <i>-0.807413 0.568793 -0.156712 0.179232 -0.0165926 -0.983667 -0.562103 -0.822313 -0.088549 -1.48989 2.3544 -0.935476</i>
                        <i>-0.790713 0.603763 -0.101208 0.0959205 -0.0410921 -0.99454 -0.604625 -0.796104 -0.0254212 -1.55373 2.42086 -0.935135</i>
                        <i>-0.760676 0.647745 -0.0424032 -0.00379274 -0.0697568 -0.997557 -0.649121 -0.758657 0.0555191 -1.61616 2.50074 -0.939412</i>
                        <i>-0.716072 0.697942 0.0108312 -0.116408 -0.104104 -0.98773 -0.688251 -0.708547 0.155792 -1.67803 2.58896 -0.948771</i>
                        <i>-0.65826 0.751152 0.0496514 -0.237419 -0.144563 -0.96059 -0.714371 -0.644106 0.273498 -1.74052 2.68038 -0.963389</i>
                        <i>-0.591365 0.80362 0.0669463 -0.361543 -0.19001 -0.912789 -0.720815 -0.563995 0.402908 -1.805 2.76982 -0.982949</i>
                        <i>-0.521579 0.851153 0.0591191 -0.483222 -0.237586 -0.842644 -0.703173 -0.468073 0.535215 -1.87291 2.8521 -1.0065</i>
                        <i>-0.4557 0.889715 0.0273025 -0.597268 -0.282883 -0.750498 -0.660006 -0.358309 0.660308 -1.94552 2.92221 -1.0325</i>
                        <i>-0.399376 0.916511 -0.0225107 -0.699459 -0.320484 -0.638786 -0.592668 -0.23937 0.769055 -2.02372 2.97541 -1.05889</i>
                        <i>-0.355562 0.931176 -0.0805429 -0.786907 -0.344742 -0.511791 -0.504334 -0.118594 0.855326 -2.10798 3.00742 -1.08345</i>
                        <i>-0.323535 0.936512 -0.135164 -0.858112 -0.350593 -0.375137 -0.398708 -0.00538463 0.917062 -2.19829 3.01441 -1.104</i>
                        <i>-0.285346 0.942699 -0.172908 -0.917431 -0.320857 -0.23531 -0.277305 0.0914865 0.956416 -2.30017 2.94313 -1.11973</i>
                        <i>-0.228326 0.95521 -0.188259 -0.963345 -0.249632 -0.0982369 -0.140832 0.158928 0.977194 -2.41472 2.7639 -1.13132</i>
                        <i>-0.157585 0.970187 -0.18413 -0.987504 -0.154467 0.0312494 0.00187566 0.186753 0.982405 -2.53468 2.50792 -1.13926</i>
                        <i>-0.0814453 0.982766 -0.165946 -0.987175 -0.056606 0.149268 0.137302 0.175975 0.974772 -2.6529 2.20549 -1.14434</i>
                        <i>-0.0128521 0.990022 -0.140327 -0.967188 0.0233034 0.25299 0.253736 0.138974 0.957238 -2.76293 1.88641 -1.14756</i>
                        <i>0.031155 0.992995 -0.113974 -0.937718 0.068511 0.340574 0.345996 0.0962647 0.933284 -2.85931 1.58043 -1.14996</i>
                        <i>0.0617859 0.994574 -0.0836963 -0.934662 0.0870724 0.344712 0.350129 0.0569294 0.93497 -2.93213 1.31824 -1.15218</i>
                        <i>0.0880199 0.995242 -0.0417822 -0.964279 0.0956517 0.247018 0.249839 0.0185472 0.96811 -2.98146 1.13082 -1.15367</i>
                        <i>0.0929792 0.99564 0.00753627 -0.988761 0.0914415 0.118284 0.117079 -0.0184495 0.992951 -3.01651 1.02498 -1.15395</i>
                        <i>0.0792461 0.995895 0.0437471 -0.996387 0.077788 0.0340853 0.0305424 -0.0462901 0.998461 -3.04374 0.975699 -1.15542</i>
                        <i>0.0613059 0.996124 0.0630798 -0.998111 0.0614435 -0.000241904 -0.00411681 -0.0629458 0.998008 -3.06651 0.966815 -1.15882</i>
                        <i>0.0451912 0.995741 0.0803553 -0.998417 0.0477166 -0.0297887 -0.0334962 -0.0788819 0.996321 -3.08455 0.983032 -1.16222</i>
                        <i>0.0293019 0.995041 0.0950492 -0.997859 0.0346823 -0.0554566 -0.0584782 -0.0932207 0.993927 -3.0983 1.00841 -1.16554</i>
                        <i>0.00977322 0.994172 0.107366 -0.996783 0.0182278 -0.0780484 -0.0795505 -0.106258 0.991151 -3.10929 1.02699 -1.16869</i>
                        <i>-0.0117429 0.993025 0.117316 -0.99519 -0.000195245 -0.0979622 -0.097256 -0.117902 0.988251 -3.11796 1.04204 -1.17002</i>
                        <i>-0.0336812 0.991563 0.125172 -0.993127 -0.0191591 -0.115459 -0.112087 -0.1282 0.985394 -3.12478 1.06589 -1.16864</i>
                        <i>-0.0545551 0.989834 0.131349 -0.990714 -0.0372524 -0.130757 -0.124535 -0.137262 0.982675 -3.13023 1.09621 -1.16555</i>
                        <i>-0.0729182 0.98798 0.136305 -0.988141 -0.0530499 -0.144097 -0.135134 -0.145196 0.980131 -3.13479 1.13066 -1.16177</i>
                        <i>-0.0873296 0.986222 0.140495 -0.985647 -0.0650883 -0.155768 -0.144477 -0.152082 0.977751 -3.13895 1.16689 -1.15833</i>
                        <i>-0.0963445 0.984823 0.144366 -0.983487 -0.0718657 -0.166096 -0.1532 -0.157985 0.975485 -3.14322 1.20257 -1.15623</i>
                        <i>-0.100405 0.983933 0.14763 -0.981925 -0.0740663 -0.174176 -0.160443 -0.16245 0.973585 -3.14693 1.2353 -1.15533</i>
                        <i>-0.101215 0.983513 0.149859 -0.981052 -0.073657 -0.179198 -0.165206 -0.165157 0.972332 -3.14924 1.26265 -1.15477</i>
                        <i>-0.099262 0.983497 0.151261 -0.980794 -0.0710527 -0.181643 -0.167898 -0.166386 0.971662 -3.15035 1.28226 -1.1545</i>
                        <i>-0.0950563 0.983798 0.152004 -0.981037 -0.0666705 -0.181991 -0.168908 -0.166421 0.97148 -3.1505 1.2937 -1.15446</i>
                        <i>-0.0891206 0.984318 0.152233 -0.981644 -0.0609273 -0.180729 -0.16862 -0.165545 0.97168 -3.14991 1.29904 -1.15461</i>
                        <i>-0.0819824 0.984962 0.152083 -0.982472 -0.0542381 -0.178343 -0.167413 -0.164038 0.972144 -3.14879 1.2997 -1.15488</i>
                        <i>-0.0741678 0.985641 0.151697 -0.983389 -0.0470157 -0.175318 -0.165668 -0.16218 0.972755 -3.14738 1.29708 -1.15522</i>
                        <i>-0.0661985 0.98628 0.151229 -0.984274 -0.0396698 -0.172137 -0.163776 -0.160246 0.973396 -3.14589 1.29259 -1.15558</i>
                        <i>-0.0585902 0.986819 0.150848 -0.985029 -0.0326073 -0.169279 -0.162129 -0.158508 0.973956 -3.14456 1.28764 -1.15591</i>
                        <i>-0.0518531 0.987212 0.150741 -0.98557 -0.0262331 -0.167222 -0.161129 -0.157237 0.974328 -3.14359 1.28364 -1.15614</i>
                        <i>-0.0464951 0.987424 0.151101 -0.985829 -0.0209506 -0.166439 -0.16118 -0.156699 0.974406 -3.14322 1.28199 -1.15623</i>
                    </KeyFrames>
                </p>
            </i>
            <i>
                <p>
                    <Name><![CDATA[spine1]]></Name>
                    <Exclude>0</Exclude>
                    <Additive>0</Additive>
                    <IKPriority>0</IKPriority>
                    <IKRotLimits>-1e+010 -1e+010 -1e+010 1e+010 1e+010 1e+010</IKRotLimits>
                    <IKRotLimitOrder>0</IKRotLimitOrder>
                    <KeyFrames count="65">
                        <i>-0.732259 0.677157 -0.072493 0.13481 0.0397873 -0.990072 -0.66755 -0.734762 -0.120422 -0.325195 1.76413 -1.01386</i>
                        <i>-0.732259 0.677157 -0.072493 0.13481 0.0397873 -0.990072 -0.66755 -0.734762 -0.120422 -0.325195 1.76413 -1.01386</i>
                        <i>-0.732259 0.677157 -0.072493 0.13481 0.0397873 -0.990072 -0.66755 -0.734762 -0.120422 -0.325195 1.76413 -1.01386</i>
                        <i>-0.732259 0.677157 -0.072493 0.13481 0.0397873 -0.990072 -0.66755 -0.734762 -0.120422 -0.325195 1.76413 -1.01386</i>
                        <i>-0.732259 0.677157 -0.072493 0.13481 0.0397873 -0.990072 -0.66755 -0.734762 -0.120422 -0.325195 1.76413 -1.01386</i>
                        <i>-0.732259 0.677157 -0.072493 0.13481 0.0397873 -0.990072 -0.66755 -0.734762 -0.120422 -0.325195 1.76413 -1.01386</i>
                        <i>-0.732259 0.677157 -0.072493 0.13481 0.0397873 -0.990072 -0.66755 -0.734762 -0.120422 -0.325195 1.76413 -1.01386</i>
                        <i>-0.732259 0.677157 -0.072493 0.13481 0.0397873 -0.990072 -0.66755 -0.734762 -0.120422 -0.325195 1.76413 -1.01386</i>
                        <i>-0.759783 0.64626 -0.0712559 0.131921 0.0459164 -0.990196 -0.636653 -0.761734 -0.120142 -0.442099 1.80564 -1.01934</i>
                        <i>-0.785886 0.614557 -0.068581 0.127414 0.0524048 -0.990464 -0.605103 -0.78713 -0.119487 -0.563754 1.84619 -1.02617</i>
                        <i>-0.810659 0.58179 -0.0659708 0.122624 0.0585212 -0.990726 -0.572534 -0.811231 -0.118782 -0.684979 1.88607 -1.033</i>
                        <i>-0.834158 0.547704 -0.064806 0.118936 0.0639008 -0.990844 -0.538548 -0.834228 -0.118445 -0.800751 1.92583 -1.03849</i>
                        <i>-0.856393 0.512033 -0.0664405 0.117777 0.0684365 -0.990679 -0.502713 -0.856235 -0.118914 -0.906207 1.96623 -1.0413</i>
                        <i>-0.877284 0.474465 -0.072493 0.120736 0.0719685 -0.990072 -0.464538 -0.877327 -0.120422 -0.996611 2.00815 -1.04009</i>
                        <i>-0.899057 0.428784 -0.0885503 0.13425 0.0774703 -0.987915 -0.416742 -0.900079 -0.127214 -1.07469 2.04978 -1.03568</i>
                        <i>-0.92093 0.371472 -0.117887 0.16072 0.0864247 -0.983209 -0.355046 -0.924413 -0.139294 -1.1469 2.08944 -1.03007</i>
                        <i>-0.93858 0.306594 -0.158331 0.195962 0.0959234 -0.975909 -0.28402 -0.946995 -0.150112 -1.21414 2.12816 -1.02376</i>
                        <i>-0.949035 0.238643 -0.205871 0.235595 0.103274 -0.966348 -0.209351 -0.9656 -0.154234 -1.27733 2.16692 -1.01709</i>
                        <i>-0.951573 0.172345 -0.254571 0.274911 0.106408 -0.955563 -0.137598 -0.979272 -0.148635 -1.33751 2.20669 -1.01013</i>
                        <i>-0.948116 0.112493 -0.297356 0.308853 0.104082 -0.945398 -0.0754013 -0.988186 -0.133426 -1.39581 2.24843 -1.00273</i>
                        <i>-0.94283 0.0639005 -0.327089 0.332043 0.0958529 -0.938382 -0.0286106 -0.993342 -0.111591 -1.45348 2.29312 -0.994559</i>
                        <i>-0.94088 0.0314374 -0.337278 0.338735 0.0818537 -0.937314 -0.00185922 -0.996148 -0.0876635 -1.51173 2.34182 -0.985287</i>
                        <i>-0.946511 0.0201089 -0.322045 0.32267 0.0623904 -0.944453 0.00110053 -0.997849 -0.0655418 -1.57154 2.3956 -0.974761</i>
                        <i>-0.960615 0.0351419 -0.275653 0.276894 0.0373785 -0.960173 -0.0234388 -0.998683 -0.045637 -1.63341 2.45556 -0.963334</i>
                        <i>-0.976133 0.0748018 -0.203886 0.204915 0.00626455 -0.97876 -0.0719358 -0.997179 -0.0214431 -1.69434 2.52828 -0.953135</i>
                        <i>-0.984034 0.131978 -0.119411 0.116132 -0.032298 -0.992709 -0.134872 -0.990726 0.0164555 -1.7514 2.61596 -0.946954</i>
                        <i>-0.97855 0.204001 -0.0286889 0.0125881 -0.0797893 -0.996732 -0.205623 -0.975714 0.0755099 -1.80527 2.71302 -0.946852</i>
                        <i>-0.955811 0.287881 0.0595835 -0.102525 -0.136464 -0.985326 -0.275525 -0.947894 0.159948 -1.85736 2.81376 -0.954584</i>
                        <i>-0.915026 0.37988 0.135718 -0.224787 -0.2008 -0.953494 -0.334961 -0.902979 0.269129 -1.90982 2.91232 -0.971093</i>
                        <i>-0.858845 0.475204 0.191222 -0.348838 -0.269235 -0.897677 -0.375096 -0.837672 0.397 -1.96522 3.00279 -0.996057</i>
                        <i>-0.792602 0.568201 0.2212 -0.469018 -0.336332 -0.816641 -0.38962 -0.751018 0.533075 -2.02602 3.07944 -1.02769</i>
                        <i>-0.722594 0.653278 0.226021 -0.580214 -0.39543 -0.71203 -0.375778 -0.645649 0.664777 -2.09414 3.13706 -1.06289</i>
                        <i>-0.653989 0.726319 0.211566 -0.678612 -0.439644 -0.588387 -0.334343 -0.52837 0.78041 -2.17055 3.17131 -1.09765</i>
                        <i>-0.588991 0.785988 0.187918 -0.762154 -0.462929 -0.452568 -0.268721 -0.409781 0.871705 -2.25511 3.17891 -1.12776</i>
                        <i>-0.513838 0.841067 0.169046 -0.837119 -0.448472 -0.313217 -0.187624 -0.302454 0.934515 -2.35019 3.10838 -1.15007</i>
                        <i>-0.417495 0.894012 0.162605 -0.90365 -0.389681 -0.177668 -0.0954738 -0.221113 0.970564 -2.45467 2.93103 -1.16428</i>
                        <i>-0.306354 0.936959 0.168093 -0.951913 -0.302121 -0.0508474 0.00314254 -0.175587 0.984459 -2.56221 2.67737 -1.17144</i>
                        <i>-0.191496 0.964429 0.182224 -0.976479 -0.205949 0.0638306 0.099089 -0.165714 0.981183 -2.66711 2.37686 -1.1733</i>
                        <i>-0.088191 0.975759 0.200291 -0.978817 -0.122188 0.164276 0.184767 -0.18156 0.965866 -2.76518 2.05879 -1.17201</i>
                        <i>-0.014086 0.975995 0.217336 -0.965913 -0.0694707 0.249371 0.258483 -0.206415 0.943705 -2.8539 1.75311 -1.16979</i>
                        <i>0.0287832 0.971891 0.233667 -0.968319 -0.0308988 0.247795 0.24805 -0.233397 0.940211 -2.9214 1.49094 -1.16673</i>
                        <i>0.051122 0.96453 0.258976 -0.989987 0.0147796 0.140379 0.131572 -0.263559 0.955628 -2.96621 1.30335 -1.16093</i>
                        <i>0.0547436 0.953529 0.296287 -0.998425 0.0559224 0.00450174 -0.0122765 -0.296067 0.955088 -3.00042 1.19735 -1.15266</i>
                        <i>0.0545682 0.942399 0.330011 -0.992989 0.0859257 -0.0811811 -0.104861 -0.323267 0.94048 -3.03003 1.148 -1.14786</i>
                        <i>0.0557752 0.93373 0.353606 -0.988165 0.102309 -0.114289 -0.142892 -0.343047 0.928386 -3.0559 1.13915 -1.14792</i>
                        <i>0.0423496 0.925282 0.376908 -0.984552 0.102799 -0.141739 -0.169894 -0.365083 0.915342 -3.07673 1.15535 -1.14832</i>
                        <i>0.0123148 0.916869 0.398997 -0.982641 0.084965 -0.164915 -0.185107 -0.39004 0.902 -3.09323 1.1807 -1.14909</i>
                        <i>-0.0306278 0.906853 0.420333 -0.981419 0.0524076 -0.184579 -0.189415 -0.418176 0.888398 -3.10759 1.19929 -1.15009</i>
                        <i>-0.0813381 0.894563 0.439478 -0.979403 0.0100216 -0.201666 -0.184807 -0.446829 0.875323 -3.12 1.21434 -1.14968</i>
                        <i>-0.134703 0.879887 0.455691 -0.975549 -0.0371628 -0.216617 -0.173664 -0.473728 0.863378 -3.13063 1.2382 -1.1469</i>
                        <i>-0.185884 0.863537 0.468776 -0.969635 -0.0840497 -0.22966 -0.15892 -0.497232 0.852939 -3.13972 1.2685 -1.1427</i>
                        <i>-0.230509 0.847055 0.47892 -0.962355 -0.125608 -0.24103 -0.144009 -0.516451 0.844121 -3.1475 1.3029 -1.13803</i>
                        <i>-0.264742 0.83258 0.486542 -0.955148 -0.156982 -0.251094 -0.132677 -0.531195 0.836797 -3.1542 1.33905 -1.13382</i>
                        <i>-0.285137 0.822474 0.492172 -0.949802 -0.173488 -0.260344 -0.12874 -0.541699 0.830655 -3.16005 1.37462 -1.13103</i>
                        <i>-0.293672 0.816915 0.496394 -0.946957 -0.177733 -0.267736 -0.130492 -0.54869 0.825779 -3.16448 1.40725 -1.12955</i>
                        <i>-0.295302 0.814327 0.499668 -0.946006 -0.176048 -0.272175 -0.133674 -0.553063 0.822346 -3.16692 1.43454 -1.1286</i>
                        <i>-0.291109 0.814246 0.502254 -0.946667 -0.169373 -0.274107 -0.138122 -0.555262 0.820126 -3.1677 1.45414 -1.12809</i>
                        <i>-0.282149 0.816136 0.504296 -0.94856 -0.15863 -0.273989 -0.143616 -0.555661 0.818911 -3.16711 1.46559 -1.12792</i>
                        <i>-0.269472 0.819434 0.505878 -0.95127 -0.144731 -0.272284 -0.149903 -0.554599 0.818504 -3.16547 1.47097 -1.12804</i>
                        <i>-0.254139 0.823585 0.507071 -0.954387 -0.128599 -0.26946 -0.156714 -0.552422 0.818701 -3.1631 1.47168 -1.12834</i>
                        <i>-0.237233 0.828068 0.507961 -0.957546 -0.111163 -0.265987 -0.163789 -0.549497 0.819284 -3.16032 1.46911 -1.12876</i>
                        <i>-0.219862 0.832412 0.508676 -0.960448 -0.0933675 -0.26234 -0.170881 -0.546236 0.820016 -3.15744 1.46467 -1.12922</i>
                        <i>-0.20316 0.836209 0.509393 -0.962873 -0.076167 -0.258986 -0.177768 -0.543096 0.820637 -3.15477 1.45975 -1.12961</i>
                        <i>-0.188284 0.839111 0.510335 -0.964676 -0.0605237 -0.256393 -0.184255 -0.540583 0.820866 -3.15263 1.45577 -1.12987</i>
                        <i>-0.176405 0.840821 0.511762 -0.965773 -0.0474029 -0.25502 -0.190167 -0.539233 0.820405 -3.15132 1.45413 -1.12991</i>
                    </KeyFrames>
                </p>
            </i>
            <i>
                <p>
                    <Name><![CDATA[spine2]]></Name>
                    <Exclude>0</Exclude>
                    <Additive>0</Additive>
                    <IKPriority>0</IKPriority>
                    <IKRotLimits>-1e+010 -1e+010 -1e+010 1e+010 1e+010 1e+010</IKRotLimits>
                    <IKRotLimitOrder>0</IKRotLimitOrder>
                    <KeyFrames count="65">
                        <i>-0.854991 0.51075 -0.0901346 0.133575 0.0489227 -0.98983 -0.501147 -0.858336 -0.110052 -0.441119 1.8713 -1.02534</i>
                        <i>-0.854991 0.51075 -0.0901346 0.133575 0.0489227 -0.98983 -0.501147 -0.858336 -0.110052 -0.441119 1.8713 -1.02534</i>
                        <i>-0.854991 0.51075 -0.0901346 0.133575 0.0489227 -0.98983 -0.501147 -0.858336 -0.110052 -0.441119 1.8713 -1.02534</i>
                        <i>-0.854991 0.51075 -0.0901346 0.133575 0.0489227 -0.98983 -0.501147 -0.858336 -0.110052 -0.441119 1.8713 -1.02534</i>
                        <i>-0.854991 0.51075 -0.0901346 0.133575 0.0489227 -0.98983 -0.501147 -0.858336 -0.110052 -0.441119 1.8713 -1.02534</i>
                        <i>-0.854991 0.51075 -0.0901346 0.133575 0.0489227 -0.98983 -0.501147 -0.858336 -0.110052 -0.441119 1.8713 -1.02534</i>
                        <i>-0.854991 0.51075 -0.0901346 0.133575 0.0489227 -0.98983 -0.501147 -0.858336 -0.110052 -0.441119 1.8713 -1.02534</i>
                        <i>-0.854991 0.51075 -0.0901346 0.133575 0.0489227 -0.98983 -0.501147 -0.858336 -0.110052 -0.441119 1.8713 -1.02534</i>
                        <i>-0.875318 0.475335 -0.0887462 0.129882 0.0543315 -0.99004 -0.465779 -0.878126 -0.109295 -0.562361 1.90791 -1.03063</i>
                        <i>-0.893898 0.439995 -0.0857313 0.124154 0.0592395 -0.990493 -0.430734 -0.896044 -0.107581 -0.688108 1.94342 -1.03702</i>
                        <i>-0.911034 0.403939 -0.0827721 0.118273 0.0636949 -0.990936 -0.395005 -0.912566 -0.105803 -0.813214 1.97808 -1.04344</i>
                        <i>-0.92692 0.366313 -0.0814458 0.114034 0.0681846 -0.991134 -0.357512 -0.92799 -0.104974 -0.932684 2.01244 -1.04874</i>
                        <i>-0.941613 0.326229 -0.0833059 0.113133 0.0735165 -0.990856 -0.317122 -0.942428 -0.106131 -1.04168 2.04721 -1.05181</i>
                        <i>-0.954927 0.282825 -0.0901346 0.117275 0.0805125 -0.98983 -0.272692 -0.955786 -0.110052 -1.13549 2.08323 -1.05158</i>
                        <i>-0.967324 0.229283 -0.108228 0.132323 0.0924199 -0.986889 -0.216274 -0.968962 -0.119739 -1.21721 2.11772 -1.04974</i>
                        <i>-0.976561 0.162917 -0.140669 0.159667 0.110027 -0.98102 -0.144347 -0.980486 -0.133461 -1.29321 2.14841 -1.04883</i>
                        <i>-0.978858 0.0894908 -0.183923 0.194562 0.129973 -0.972241 -0.0631016 -0.987471 -0.144636 -1.36369 2.17694 -1.04903</i>
                        <i>-0.972423 0.0148773 -0.232751 0.232332 0.14907 -0.961145 0.020397 -0.988715 -0.148416 -1.4291 2.20499 -1.05007</i>
                        <i>-0.958241 -0.0554101 -0.280541 0.268347 0.164745 -0.949131 0.098809 -0.984779 -0.142996 -1.49032 2.23424 -1.05108</i>
                        <i>-0.940105 -0.116489 -0.320363 0.298043 0.175239 -0.938329 0.165445 -0.97761 -0.130025 -1.54873 2.26642 -1.05078</i>
                        <i>-0.923782 -0.164069 -0.34599 0.316913 0.179572 -0.9313 0.214928 -0.969967 -0.113889 -1.60618 2.30329 -1.04764</i>
                        <i>-0.915563 -0.194166 -0.3522 0.320377 0.177255 -0.930558 0.243113 -0.964821 -0.100082 -1.66467 2.34671 -1.04023</i>
                        <i>-0.920464 -0.202703 -0.334153 0.303535 0.167819 -0.937925 0.246198 -0.964753 -0.0929441 -1.72582 2.39863 -1.02738</i>
                        <i>-0.940103 -0.185078 -0.286275 0.260837 0.150144 -0.953636 0.219479 -0.971186 -0.0928758 -1.79023 2.46104 -1.00845</i>
                        <i>-0.966613 -0.14274 -0.212801 0.195791 0.124316 -0.972734 0.165302 -0.981922 -0.0922181 -1.85376 2.54023 -0.986547</i>
                        <i>-0.988867 -0.0820184 -0.12416 0.116712 0.0901028 -0.98907 0.0923092 -0.992549 -0.0795271 -1.91212 2.63725 -0.966561</i>
                        <i>-0.999671 -0.00489334 -0.0251623 0.0249149 0.0453315 -0.998661 0.00602745 -0.99896 -0.0451947 -1.96503 2.74606 -0.951627</i>
                        <i>-0.993325 0.0864193 0.0763979 -0.077636 -0.0110526 -0.996921 -0.0853088 -0.996197 0.017688 -2.01329 2.86046 -0.944942</i>
                        <i>-0.967049 0.188909 0.170671 -0.188087 -0.0783351 -0.979024 -0.171577 -0.978865 0.111285 -2.05895 2.97396 -0.949038</i>
                        <i>-0.921733 0.298267 0.247882 -0.302667 -0.153591 -0.940639 -0.24249 -0.942044 0.231846 -2.105 3.07985 -0.964979</i>
                        <i>-0.861537 0.40885 0.300991 -0.416978 -0.23162 -0.878909 -0.289626 -0.88272 0.370031 -2.15482 3.17149 -0.991769</i>
                        <i>-0.792381 0.514403 0.327904 -0.526568 -0.305376 -0.793392 -0.307989 -0.801333 0.512843 -2.21137 3.24276 -1.02622</i>
                        <i>-0.719809 0.609457 0.332321 -0.627645 -0.366893 -0.686623 -0.296541 -0.702817 0.646615 -2.27646 3.28865 -1.06337</i>
                        <i>-0.646941 0.690793 0.322912 -0.717661 -0.408445 -0.564035 -0.257739 -0.596639 0.759995 -2.35033 3.30568 -1.09735</i>
                        <i>-0.562195 0.765465 0.31305 -0.80167 -0.411443 -0.433636 -0.203131 -0.494751 0.844961 -2.43311 3.24382 -1.12273</i>
                        <i>-0.455571 0.834115 0.310978 -0.879339 -0.36726 -0.303124 -0.13863 -0.41155 0.900782 -2.52194 3.07477 -1.13802</i>
                        <i>-0.333784 0.887621 0.317361 -0.940323 -0.289881 -0.178221 -0.0661955 -0.357909 0.931407 -2.61152 2.82778 -1.14434</i>
                        <i>-0.208799 0.920577 0.330061 -0.977929 -0.199162 -0.0631597 0.00759249 -0.335964 0.941844 -2.69791 2.53146 -1.14397</i>
                        <i>-0.0965153 0.933467 0.345433 -0.992344 -0.117115 0.0392167 0.077063 -0.339004 0.937624 -2.77939 2.21501 -1.13983</i>
                        <i>-0.0144471 0.93305 0.359455 -0.9898 -0.0643004 0.127125 0.141727 -0.353952 0.924463 -2.85624 1.90918 -1.13493</i>
                        <i>0.0245945 0.926768 0.374828 -0.991567 -0.0251075 0.127141 0.127241 -0.374794 0.918335 -2.9169 1.64614 -1.1293</i>
                        <i>0.0280856 0.91581 0.400628 -0.999557 0.0217816 0.0202815 0.00984772 -0.40102 0.916017 -2.95816 1.45713 -1.11955</i>
                        <i>0.00938016 0.899652 0.436507 -0.991476 0.0650991 -0.112865 -0.129955 -0.431727 0.892593 -2.99182 1.34917 -1.10541</i>
                        <i>-0.00532018 0.882881 0.469566 -0.976076 0.0974859 -0.194353 -0.217366 -0.459366 0.86124 -3.02148 1.29795 -1.09529</i>
                        <i>-0.0100799 0.868696 0.495243 -0.967652 0.116382 -0.223839 -0.252085 -0.481479 0.839423 -3.04716 1.2877 -1.0916</i>
                        <i>-0.0267901 0.853684 0.520101 -0.961114 0.121055 -0.248204 -0.274848 -0.506526 0.817245 -3.07012 1.30259 -1.08829</i>
                        <i>-0.0567591 0.83715 0.544021 -0.957193 0.109279 -0.268028 -0.28383 -0.535946 0.795112 -3.0914 1.32667 -1.0855</i>
                        <i>-0.0964117 0.817245 0.568169 -0.955362 0.0841758 -0.283191 -0.279262 -0.57011 0.772649 -3.1126 1.34377 -1.08305</i>
                        <i>-0.141086 0.79447 0.590688 -0.954156 0.0499689 -0.295109 -0.263971 -0.605244 0.750998 -3.1331 1.35702 -1.07951</i>
                        <i>-0.186335 0.769813 0.610465 -0.952392 0.0110802 -0.304676 -0.241307 -0.638174 0.731098 -3.15227 1.37872 -1.07403</i>
                        <i>-0.22829 0.744823 0.626994 -0.949504 -0.0279545 -0.312508 -0.215236 -0.666676 0.713594 -3.16957 1.40661 -1.06762</i>
                        <i>-0.263863 0.721479 0.640191 -0.945627 -0.0626346 -0.319165 -0.190173 -0.689597 0.698777 -3.18454 1.43856 -1.0612</i>
                        <i>-0.290725 0.701942 0.650197 -0.941453 -0.0886111 -0.325292 -0.170721 -0.7067 0.686607 -3.19677 1.47255 -1.05567</i>
                        <i>-0.30702 0.688321 0.657232 -0.93791 -0.101688 -0.331638 -0.161441 -0.718244 0.676803 -3.20593 1.5066 -1.05191</i>
                        <i>-0.314214 0.68037 0.662092 -0.935715 -0.104168 -0.337025 -0.160333 -0.725428 0.669364 -3.21174 1.53837 -1.04973</i>
                        <i>-0.315615 0.676174 0.665714 -0.934918 -0.101654 -0.339993 -0.162222 -0.729695 0.664251 -3.21446 1.56526 -1.04825</i>
                        <i>-0.312146 0.675136 0.668399 -0.935293 -0.0949234 -0.340906 -0.166711 -0.731561 0.661079 -3.21455 1.58483 -1.04733</i>
                        <i>-0.304682 0.67662 0.670339 -0.936549 -0.084746 -0.340139 -0.173336 -0.731439 0.659508 -3.21251 1.59656 -1.04686</i>
                        <i>-0.294085 0.679979 0.671672 -0.93837 -0.0718927 -0.338074 -0.181595 -0.729699 0.659214 -3.20883 1.60243 -1.04674</i>
                        <i>-0.281224 0.684566 0.672519 -0.940449 -0.0571414 -0.335098 -0.190968 -0.726707 0.659869 -3.20399 1.60375 -1.04689</i>
                        <i>-0.266993 0.689756 0.673016 -0.942517 -0.0412815 -0.331599 -0.200939 -0.722864 0.661129 -3.19848 1.60186 -1.0472</i>
                        <i>-0.252321 0.694951 0.673333 -0.944357 -0.0251141 -0.327963 -0.211008 -0.718618 0.662619 -3.1928 1.59806 -1.04757</i>
                        <i>-0.238174 0.699589 0.673683 -0.945814 -0.00945024 -0.32457 -0.220699 -0.714483 0.663932 -3.18745 1.59371 -1.04788</i>
                        <i>-0.225554 0.703144 0.674324 -0.946797 0.00489191 -0.321794 -0.229567 -0.71103 0.664632 -3.18291 1.59016 -1.04801</i>
                        <i>-0.215487 0.705126 0.675546 -0.947264 0.017091 -0.319999 -0.237185 -0.708876 0.664257 -3.1797 1.58877 -1.04783</i>
                    </KeyFrames>
                </p>
            </i>
            <i>
                <p>
                    <Name><![CDATA[head]]></Name>
                    <Exclude>0</Exclude>
                    <Additive>0</Additive>
                    <IKPriority>0</IKPriority>
                    <IKRotLimits>-1e+010 -1e+010 -1e+010 1e+010 1e+010 1e+010</IKRotLimits>
                    <IKRotLimitOrder>0</IKRotLimitOrder>
                    <KeyFrames count="65">
