<?xml version="1.0" encoding="ISO-8859-1" ?>
<Animl Version="1">
    <ModellingPackage><![CDATA[Maya.2010]]></ModellingPackage>
    <SrcFile><![CDATA[anims\characters\shared\base_soldier\~src\infantry\burning_run.mb]]></SrcFile>
    <FramesPerSecond>30</FramesPerSecond>
    <TotalFrames>35</TotalFrames>
    <Skeleton>
        <RefFrame>
            <Name><![CDATA[soldier_ref_frame]]></Name>
            <Exclude>0</Exclude>
            <Additive>0</Additive>
            <IKPriority>0</IKPriority>
            <IKRotLimits>-1e+010 -1e+010 -1e+010 1e+010 1e+010 1e+010</IKRotLimits>
            <IKRotLimitOrder>0</IKRotLimitOrder>
            <KeyFrames count="35">
                <i>1 0 0 0 1 0 0 0 1 0 0 0</i>
                <i>1 0 0 0 1 0 0 0 1 -0.00509446 0 0.20693</i>
                <i>1 0 0 0 1 0 0 0 1 -0.0110833 0 0.413923</i>
                <i>1 0 0 0 1 0 0 0 1 -0.0175193 0 0.620972</i>
                <i>1 0 0 0 1 0 0 0 1 -0.0239554 0 0.828069</i>
                <i>1 0 0 0 1 0 0 0 1 -0.0299442 0 1.03521</i>
                <i>1 0 0 0 1 0 0 0 1 -0.0350387 0 1.24238</i>
                <i>1 0 0 0 1 0 0 0 1 -0.0387916 0 1.44958</i>
                <i>1 0 0 0 1 0 0 0 1 -0.0407557 0 1.65679</i>
                <i>1 0 0 0 1 0 0 0 1 -0.0404839 0 1.86402</i>
                <i>1 0 0 0 1 0 0 0 1 -0.0369952 0 2.07126</i>
                <i>1 0 0 0 1 0 0 0 1 -0.0302465 0 2.27849</i>
                <i>1 0 0 0 1 0 0 0 1 -0.021197 0 2.48571</i>
                <i>1 0 0 0 1 0 0 0 1 -0.010806 0 2.69292</i>
                <i>1 0 0 0 1 0 0 0 1 -3.25654e-005 0 2.9001</i>
                <i>1 0 0 0 1 0 0 0 1 0.0101639 0 3.10725</i>
                <i>1 0 0 0 1 0 0 0 1 0.0188243 0 3.31436</i>
                <i>1 0 0 0 1 0 0 0 1 0.0249892 0 3.52142</i>
                <i>1 0 0 0 1 0 0 0 1 0.0276995 0 3.72844</i>
                <i>1 0 0 0 1 0 0 0 1 0.0264657 0 3.93539</i>
                <i>1 0 0 0 1 0 0 0 1 0.0220023 0 4.14227</i>
                <i>1 0 0 0 1 0 0 0 1 0.015156 0 4.34908</i>
                <i>1 0 0 0 1 0 0 0 1 0.00677357 0 4.55581</i>
                <i>1 0 0 0 1 0 0 0 1 -0.0022983 0 4.76245</i>
                <i>1 0 0 0 1 0 0 0 1 -0.0112128 0 4.96899</i>
                <i>1 0 0 0 1 0 0 0 1 -0.0191234 0 5.17543</i>
                <i>1 0 0 0 1 0 0 0 1 -0.0251831 0 5.38176</i>
                <i>1 0 0 0 1 0 0 0 1 -0.0285453 0 5.58797</i>
                <i>1 0 0 0 1 0 0 0 1 -0.0287353 0 5.79405</i>
                <i>1 0 0 0 1 0 0 0 1 -0.0263172 0 6</i>
                <i>1 0 0 0 1 0 0 0 1 -0.0220022 0 6.20376</i>
                <i>1 0 0 0 1 0 0 0 1 -0.0165016 0 6.40424</i>
                <i>1 0 0 0 1 0 0 0 1 -0.0105269 0 6.60282</i>
                <i>1 0 0 0 1 0 0 0 1 -0.00478922 0 6.80094</i>
                <i>1 0 0 0 1 0 0 0 1 0 0 7</i>
            </KeyFrames>
        </RefFrame>
        <Bones count="23">
            <i>
                <p>
                    <Name><![CDATA[pelvis]]></Name>
                    <Exclude>0</Exclude>
                    <Additive>0</Additive>
                    <IKPriority>0</IKPriority>
                    <IKRotLimits>-1e+010 -1e+010 -1e+010 1e+010 1e+010 1e+010</IKRotLimits>
                    <IKRotLimitOrder>2</IKRotLimitOrder>
                    <KeyFrames count="35">
                        <i>1 0 0 0 1 0 0 0 1 -3.25221e-019 1.06842 0.0716718</i>
                        <i>1 0 0 0 1 0 0 0 1 -0.00945557 1.06925 0.28252</i>
                        <i>1 0 0 0 1 0 0 0 1 -0.020247 1.07817 0.494294</i>
                        <i>1 0 0 0 1 0 0 0 1 -0.0316455 1.11155 0.705911</i>
                        <i>1 0 0 0 1 0 0 0 1 -0.0429958 1.15664 0.916253</i>
                        <i>1 0 0 0 1 0 0 0 1 -0.0537143 1.19767 1.12417</i>
                        <i>1 0 0 0 1 0 0 0 1 -0.0632935 1.21929 1.32809</i>
                        <i>1 0 0 0 1 0 0 0 1 -0.071065 1.21106 1.52865</i>
                        <i>1 0 0 0 1 0 0 0 1 -0.0761352 1.18129 1.72795</i>
                        <i>1 0 0 0 1 0 0 0 1 -0.0775106 1.14119 1.92811</i>
                        <i>1 0 0 0 1 0 0 0 1 -0.0735773 1.10193 2.13121</i>
                        <i>1 0 0 0 1 0 0 0 1 -0.0643672 1.13877 2.3373</i>
                        <i>1 0 0 0 1 0 0 0 1 -0.0514089 1.17806 2.54475</i>
                        <i>1 0 0 0 1 0 0 0 1 -0.0361409 1.20794 2.75338</i>
                        <i>1 0 0 0 1 0 0 0 1 -0.0199877 1.21659 2.9629</i>
                        <i>1 0 0 0 1 0 0 0 1 -0.00433144 1.18632 3.17297</i>
                        <i>1 0 0 0 1 0 0 0 1 0.00950554 1.12707 3.38315</i>
                        <i>1 0 0 0 1 0 0 0 1 0.0202616 1.06842 3.59294</i>
                        <i>1 0 0 0 1 0 0 0 1 0.0220311 1.06925 3.80376</i>
                        <i>1 0 0 0 1 0 0 0 1 0.0203938 1.07817 4.0153</i>
                        <i>1 0 0 0 1 0 0 0 1 0.0165171 1.11155 4.22647</i>
                        <i>1 0 0 0 1 0 0 0 1 0.0114094 1.15664 4.43615</i>
                        <i>1 0 0 0 1 0 0 0 1 0.00564828 1.19767 4.64315</i>
                        <i>1 0 0 0 1 0 0 0 1 -0.000451364 1.21929 4.84591</i>
                        <i>1 0 0 0 1 0 0 0 1 -0.00672704 1.21106 5.04514</i>
                        <i>1 0 0 0 1 0 0 0 1 -0.0127365 1.18129 5.24313</i>
                        <i>1 0 0 0 1 0 0 0 1 -0.0176179 1.14119 5.44215</i>
                        <i>1 0 0 0 1 0 0 0 1 -0.0201617 1.10193 5.64447</i>
                        <i>1 0 0 0 1 0 0 0 1 -0.0197591 1.13877 5.85005</i>
                        <i>1 0 0 0 1 0 0 0 1 -0.0174268 1.17806 6.05714</i>
                        <i>1 0 0 0 1 0 0 0 1 -0.0139804 1.20794 6.26327</i>
                        <i>1 0 0 0 1 0 0 0 1 -0.010021 1.21659 6.46685</i>
                        <i>1 0 0 0 1 0 0 0 1 -0.0060991 1.18632 6.66881</i>
                        <i>1 0 0 0 1 0 0 0 1 -0.00265384 1.12707 6.87009</i>
                        <i>1 0 0 0 1 0 0 0 1 -3.25221e-019 1.06842 7.07167</i>
                    </KeyFrames>
                </p>
            </i>
            <i>
                <p>
                    <Name><![CDATA[spine0]]></Name>
                    <Exclude>0</Exclude>
                    <Additive>0</Additive>
                    <IKPriority>0</IKPriority>
                    <IKRotLimits>-1e+010 -1e+010 -1e+010 1e+010 1e+010 1e+010</IKRotLimits>
                    <IKRotLimitOrder>0</IKRotLimitOrder>
                    <KeyFrames count="35">
                        <i>-0.0247633 0.870479 -0.491582 -0.991374 0.0419225 0.124175 0.1287 0.490417 0.861932 -0.0131893 1.18543 -0.0314228</i>
                        <i>-0.027801 0.864957 -0.501076 -0.982725 0.0681034 0.172084 0.18297 0.497204 0.848122 -0.0176671 1.18628 0.178383</i>
                        <i>-0.0327594 0.859081 -0.510791 -0.972964 0.0894923 0.212914 0.228623 0.503956 0.832923 -0.0234671 1.19505 0.389092</i>
                        <i>-0.0428172 0.856291 -0.514716 -0.963724 0.100449 0.247278 0.263445 0.506632 0.820927 -0.0334464 1.228 0.599714</i>
                        <i>-0.0621213 0.855045 -0.514819 -0.953396 0.101756 0.284046 0.295258 0.508471 0.808876 -0.0511139 1.27227 0.809417</i>
                        <i>-0.0865085 0.852825 -0.514981 -0.946995 0.0901334 0.308344 0.30938 0.514359 0.799824 -0.0712914 1.31199 1.01708</i>
                        <i>-0.107013 0.846593 -0.521371 -0.949784 0.0680355 0.305422 0.29404 0.527874 0.7968 -0.0846779 1.33271 1.22052</i>
                        <i>-0.119303 0.83893 -0.531002 -0.961981 0.03467 0.270908 0.245683 0.543133 0.802899 -0.0851019 1.32487 1.4197</i>
                        <i>-0.126026 0.836395 -0.533443 -0.97687 -0.0109921 0.213551 0.172749 0.548018 0.818434 -0.0771879 1.29546 1.61746</i>
                        <i>-0.127909 0.842439 -0.523389 -0.988122 -0.0629237 0.140201 0.0851775 0.535105 0.84048 -0.0679106 1.2551 1.81678</i>
                        <i>-0.119849 0.852948 -0.508051 -0.992764 -0.106816 0.0548615 -0.00747418 0.51095 0.859578 -0.0597529 1.21611 2.02057</i>
                        <i>-0.10258 0.8649 -0.491351 -0.990118 -0.136263 -0.0331489 -0.0956236 0.483095 0.870331 -0.0494797 1.25363 2.22795</i>
                        <i>-0.0836198 0.873555 -0.479489 -0.982259 -0.153306 -0.108 -0.167852 0.461952 0.870877 -0.0349808 1.29273 2.43523</i>
                        <i>-0.0703638 0.875559 -0.477959 -0.97487 -0.161887 -0.153039 -0.21137 0.45518 0.864947 -0.0147553 1.31994 2.63976</i>
                        <i>-0.0566966 0.87485 -0.481064 -0.979234 -0.142667 -0.14404 -0.194645 0.462907 0.864772 0.00514264 1.32465 2.84344</i>
                        <i>-0.0377801 0.874316 -0.483885 -0.991873 -0.0916834 -0.0882178 -0.121494 0.476619 0.870674 0.0173729 1.29291 3.05071</i>
                        <i>-0.0147566 0.873378 -0.48682 -0.999536 -0.0258544 -0.0160858 -0.0266354 0.486357 0.873354 0.0174353 1.23848 3.26751</i>
                        <i>0.00771677 0.870479 -0.492145 -0.997406 0.0419225 0.058511 0.0715646 0.490417 0.868545 0.0125999 1.18543 3.48866</i>
                        <i>0.0150513 0.864957 -0.50162 -0.993824 0.0681034 0.0876124 0.109943 0.497204 0.86064 0.0210571 1.18628 3.6986</i>
                        <i>0.0175751 0.859081 -0.511538 -0.989173 0.0894923 0.116309 0.145697 0.503956 0.851352 0.0255972 1.19505 3.90946</i>
                        <i>0.0092027 0.856291 -0.516412 -0.983717 0.100449 0.14903 0.179486 0.506632 0.843273 0.0234407 1.228 4.11978</i>
                        <i>-0.0145758 0.855045 -0.518348 -0.975454 0.101756 0.195282 0.21972 0.508471 0.832574 0.0113346 1.27227 4.32825</i>
                        <i>-0.0481493 0.852825 -0.519972 -0.967222 0.0901334 0.237396 0.249324 0.514359 0.820532 -0.00541164 1.31199 4.53444</i>
                        <i>-0.0811395 0.846593 -0.526019 -0.963706 0.0680355 0.258152 0.254338 0.527874 0.810346 -0.0174756 1.33271 4.73702</i>
                        <i>-0.108603 0.83893 -0.533293 -0.967233 0.03467 0.251514 0.229492 0.543133 0.807675 -0.0189708 1.32487 4.93577</i>
                        <i>-0.132182 0.836395 -0.531951 -0.974337 -0.0109921 0.224826 0.182196 0.548018 0.816383 -0.0148347 1.29546 5.13274</i>
                        <i>-0.150479 0.842439 -0.517352 -0.981114 -0.0629237 0.182908 0.121535 0.535105 0.835997 -0.0119801 1.2551 5.33082</i>
                        <i>-0.157111 0.852948 -0.497791 -0.985984 -0.106816 0.128165 0.0561461 0.51095 0.857775 -0.0130629 1.21611 5.5336</i>
                        <i>-0.151338 0.8649 -0.478587 -0.988451 -0.136263 0.0663126 -0.00786007 0.483095 0.875533 -0.0138708 1.25363 5.74041</i>
                        <i>-0.138316 0.873555 -0.466659 -0.988161 -0.153306 0.00590892 -0.0663798 0.461952 0.884417 -0.0113773 1.29273 5.94717</i>
                        <i>-0.126015 0.875559 -0.466386 -0.986097 -0.161887 -0.0374768 -0.108315 0.45518 0.883787 -0.00368977 1.31994 6.14866</i>
                        <i>-0.109414 0.87485 -0.471875 -0.989147 -0.142667 -0.035148 -0.0980699 0.462907 0.880965 0.00402806 1.32465 6.34605</i>
                        <i>-0.0845929 0.874316 -0.477929 -0.995752 -0.0916834 0.00852281 -0.0363665 0.476619 0.878357 0.00560505 1.29291 6.54565</i>
                        <i>-0.0542449 0.873378 -0.484013 -0.997541 -0.0258544 0.0651446 0.0443819 0.486357 0.872632 -0.00249544 1.23848 6.75472</i>
                        <i>-0.0247633 0.870479 -0.491582 -0.991374 0.0419225 0.124175 0.1287 0.490417 0.861932 -0.0131893 1.18543 6.96858</i>
                    </KeyFrames>
                </p>
            </i>
            <i>
                <p>
                    <Name><![CDATA[spine1]]></Name>
                    <Exclude>0</Exclude>
                    <Additive>0</Additive>
                    <IKPriority>0</IKPriority>
                    <IKRotLimits>-1e+010 -1e+010 -1e+010 1e+010 1e+010 1e+010</IKRotLimits>
                    <IKRotLimitOrder>0</IKRotLimitOrder>
                    <KeyFrames count="35">
                        <i>-0.101589 0.812679 -0.573789 -0.965505 -0.219542 -0.140003 -0.239748 0.539773 0.806948 -0.0206338 1.32514 -0.12578</i>
                        <i>-0.13765 0.801307 -0.582203 -0.959925 -0.252798 -0.120981 -0.244122 0.542218 0.803992 -0.0269109 1.32686 0.0807344</i>
                        <i>-0.170487 0.78799 -0.591613 -0.94409 -0.302569 -0.130941 -0.282184 0.536213 0.795518 -0.0347779 1.337 0.287807</i>
                        <i>-0.195496 0.782553 -0.591094 -0.925176 -0.347096 -0.153534 -0.325315 0.516851 0.791855 -0.0476601 1.37147 0.496267</i>
                        <i>-0.209689 0.781763 -0.587263 -0.907819 -0.378748 -0.180041 -0.363174 0.495375 0.789118 -0.0700677 1.41654 0.705246</i>
                        <i>-0.221886 0.778584 -0.587004 -0.897256 -0.398698 -0.189661 -0.381704 0.48461 0.787055 -0.0955945 1.4557 0.912911</i>
                        <i>-0.244449 0.759912 -0.602311 -0.886616 -0.426678 -0.178488 -0.392628 0.490388 0.778051 -0.112725 1.47377 1.1159</i>
                        <i>-0.28852 0.727344 -0.622677 -0.86488 -0.476986 -0.156417 -0.410777 0.493412 0.766685 -0.1143 1.46204 1.3147</i>
                        <i>-0.339344 0.703276 -0.624699 -0.83849 -0.527157 -0.137986 -0.426357 0.476979 0.768577 -0.105782 1.42958 1.51387</i>
                        <i>-0.370286 0.704887 -0.604997 -0.821661 -0.552349 -0.140653 -0.433314 0.445021 0.783706 -0.094617 1.38801 1.71722</i>
                        <i>-0.358386 0.726994 -0.585696 -0.82641 -0.538893 -0.163221 -0.434288 0.425529 0.793926 -0.0826783 1.3493 1.92582</i>
                        <i>-0.322112 0.761938 -0.561867 -0.860585 -0.482987 -0.161607 -0.394509 0.431479 0.811288 -0.0671877 1.38818 2.13783</i>
                        <i>-0.288074 0.794275 -0.53492 -0.894243 -0.42295 -0.146434 -0.342554 0.436165 0.832116 -0.0476608 1.42868 2.34834</i>
                        <i>-0.281868 0.813582 -0.508562 -0.899804 -0.408133 -0.154206 -0.333021 0.41414 0.847104 -0.0241898 1.45713 2.55325</i>
                        <i>-0.280591 0.828766 -0.484164 -0.901095 -0.401196 -0.164528 -0.3306 0.390113 0.859369 -0.00207824 1.46276 2.75552</i>
                        <i>-0.248241 0.841651 -0.479583 -0.913818 -0.367736 -0.172356 -0.321423 0.395466 0.860403 0.0124025 1.43124 2.96119</i>
                        <i>-0.159995 0.836149 -0.524649 -0.935721 -0.297735 -0.189156 -0.314369 0.460661 0.830038 0.0150939 1.37677 3.17636</i>
                        <i>-0.063519 0.812679 -0.57924 -0.954167 -0.219542 -0.203386 -0.292455 0.539773 0.789376 0.0126971 1.32514 3.39456</i>
                        <i>-0.0874754 0.801307 -0.591824 -0.946103 -0.252798 -0.202439 -0.311827 0.542218 0.780233 0.0218554 1.32686 3.60122</i>
                        <i>-0.111547 0.78799 -0.605499 -0.926662 -0.302569 -0.223047 -0.358964 0.536213 0.763951 0.0262168 1.337 3.80839</i>
                        <i>-0.135014 0.782553 -0.607768 -0.905027 -0.347096 -0.245867 -0.403358 0.516851 0.755094 0.021683 1.37147 4.01628</i>
                        <i>-0.154866 0.781763 -0.604039 -0.887446 -0.378748 -0.262658 -0.434115 0.495375 0.752428 0.00383171 1.41654 4.22355</i>
                        <i>-0.177824 0.778584 -0.601819 -0.880755 -0.398698 -0.25556 -0.438919 0.48461 0.75664 -0.0204783 1.4557 4.42937</i>
                        <i>-0.214411 0.759912 -0.613647 -0.876721 -0.426678 -0.222048 -0.430566 0.490388 0.757715 -0.0393456 1.47377 4.63153</i>
                        <i>-0.275943 0.727344 -0.628352 -0.861561 -0.476986 -0.173773 -0.426108 0.493412 0.758272 -0.0456516 1.46204 4.83036</i>
                        <i>-0.346541 0.703276 -0.620735 -0.840029 -0.527157 -0.128287 -0.417446 0.476979 0.773453 -0.0448553 1.42958 5.02941</i>
                        <i>-0.396167 0.704887 -0.588375 -0.826986 -0.552349 -0.104898 -0.39893 0.445021 0.801755 -0.0438509 1.38801 5.2322</i>
                        <i>-0.400739 0.726994 -0.557574 -0.836222 -0.538893 -0.101628 -0.374355 0.425529 0.823883 -0.0444348 1.3493 5.44031</i>
                        <i>-0.376835 0.761938 -0.526732 -0.872453 -0.482987 -0.0744886 -0.31116 0.431479 0.846762 -0.0425688 1.38818 5.65187</i>
                        <i>-0.347796 0.794275 -0.498161 -0.90516 -0.42295 -0.0424121 -0.244384 0.436165 0.866047 -0.0363366 1.42868 5.8616</i>
                        <i>-0.33965 0.813582 -0.471935 -0.911688 -0.408133 -0.0474534 -0.23122 0.41414 0.880355 -0.0256178 1.45713 6.06312</i>
                        <i>-0.332284 0.828766 -0.45026 -0.913745 -0.401196 -0.0641293 -0.23379 0.390113 0.890592 -0.0150955 1.46276 6.25876</i>
                        <i>-0.293641 0.841651 -0.453209 -0.926237 -0.367736 -0.0827974 -0.236348 0.395466 0.887551 -0.010011 1.43124 6.4564</i>
                        <i>-0.202075 0.836149 -0.509922 -0.947992 -0.297735 -0.112537 -0.245919 0.460661 0.852828 -0.0138791 1.37677 6.66352</i>
                        <i>-0.101589 0.812679 -0.573789 -0.965505 -0.219542 -0.140003 -0.239748 0.539773 0.806948 -0.0206338 1.32514 6.87422</i>
                    </KeyFrames>
                </p>
            </i>
            <i>
                <p>
                    <Name><![CDATA[spine2]]></Name>
                    <Exclude>0</Exclude>
                    <Additive>0</Additive>
                    <IKPriority>0</IKPriority>
                    <IKRotLimits>-1e+010 -1e+010 -1e+010 1e+010 1e+010 1e+010</IKRotLimits>
                    <IKRotLimitOrder>0</IKRotLimitOrder>
                    <KeyFrames count="35">
                        <i>-0.194909 0.929802 -0.312215 -0.960642 -0.245207 -0.130539 -0.197932 0.274483 0.941 -0.0319667 1.45224 -0.219791</i>
                        <i>-0.201757 0.924057 -0.324674 -0.959128 -0.253555 -0.12563 -0.198412 0.286057 0.937446 -0.0444477 1.45556 -0.0172215</i>
                        <i>-0.207112 0.916811 -0.341411 -0.949708 -0.272193 -0.154808 -0.234859 0.292178 0.927078 -0.0576537 1.46777 0.185319</i>
                        <i>-0.218345 0.911742 -0.347925 -0.935815 -0.296722 -0.19028 -0.276724 0.284047 0.918009 -0.074297 1.50509 0.391734</i>
                        <i>-0.245822 0.905072 -0.347011 -0.918667 -0.331744 -0.214469 -0.309229 0.266067 0.913009 -0.0978376 1.55234 0.600551</i>
                        <i>-0.282153 0.894546 -0.346665 -0.904882 -0.36819 -0.213599 -0.318713 0.253423 0.913345 -0.124353 1.59129 0.80848</i>
                        <i>-0.309353 0.878386 -0.364333 -0.894585 -0.398752 -0.201779 -0.322518 0.263506 0.909146 -0.145229 1.60415 1.01007</i>
                        <i>-0.318736 0.861883 -0.394417 -0.884593 -0.41995 -0.202823 -0.340446 0.284251 0.896269 -0.155457 1.58337 1.20777</i>
                        <i>-0.316135 0.854889 -0.411368 -0.876294 -0.429283 -0.21869 -0.363549 0.291344 0.884845 -0.157124 1.54302 1.40993</i>
                        <i>-0.305737 0.862241 -0.403813 -0.872221 -0.423708 -0.244342 -0.38178 0.27751 0.881608 -0.152183 1.49796 1.62019</i>
                        <i>-0.284232 0.878693 -0.383549 -0.876036 -0.400578 -0.268511 -0.38958 0.259683 0.883624 -0.138699 1.45957 1.83455</i>
                        <i>-0.2571 0.900578 -0.350513 -0.900669 -0.354767 -0.25087 -0.350278 0.251197 0.902333 -0.11848 1.50147 2.05128</i>
                        <i>-0.233073 0.917977 -0.320927 -0.924942 -0.311164 -0.218311 -0.300266 0.245957 0.9216 -0.0951439 1.54587 2.26592</i>
                        <i>-0.222017 0.923388 -0.31315 -0.928154 -0.298541 -0.222268 -0.298728 0.241304 0.923328 -0.0722102 1.57907 2.47419</i>
                        <i>-0.218363 0.923879 -0.314268 -0.927249 -0.296812 -0.22828 -0.304182 0.241557 0.921479 -0.0506503 1.59034 2.67965</i>
                        <i>-0.211535 0.925213 -0.315014 -0.931862 -0.288127 -0.22049 -0.294764 0.246908 0.92312 -0.0298589 1.56309 2.88584</i>
                        <i>-0.193885 0.92775 -0.318887 -0.940358 -0.268375 -0.209049 -0.279526 0.259336 0.924451 -0.00946883 1.50747 3.09302</i>
                        <i>-0.17389 0.929802 -0.324391 -0.949939 -0.245207 -0.193621 -0.259572 0.274483 0.925895 0.00759014 1.45224 3.3</i>
                        <i>-0.173321 0.924057 -0.340703 -0.944912 -0.253555 -0.207003 -0.27767 0.286057 0.917099 0.01274 1.45556 3.50213</i>
                        <i>-0.172573 0.916811 -0.360105 -0.929908 -0.272193 -0.247351 -0.324792 0.292178 0.899523 0.0135192 1.46777 3.70415</i>
                        <i>-0.18222 0.911742 -0.368134 -0.911913 -0.296722 -0.283497 -0.36771 0.284047 0.885498 0.00570181 1.50509 3.9096</i>
                        <i>-0.212912 0.905072 -0.368122 -0.895086 -0.331744 -0.297937 -0.391776 0.266067 0.88075 -0.0142052 1.55234 4.11674</i>
                        <i>-0.255717 0.894546 -0.3666 -0.886588 -0.36819 -0.279998 -0.385449 0.253423 0.887246 -0.0414275 1.59129 4.32309</i>
                        <i>-0.290987 0.878386 -0.379163 -0.883531 -0.398752 -0.245704 -0.367015 0.263506 0.892112 -0.0665841 1.60415 4.52422</i>
                        <i>-0.310742 0.861883 -0.400745 -0.880336 -0.41995 -0.220566 -0.358395 0.284251 0.889244 -0.0846506 1.58337 4.72263</i>
                        <i>-0.320868 0.854889 -0.407687 -0.878763 -0.429283 -0.208548 -0.353299 0.291344 0.888988 -0.097395 1.54302 4.92606</i>
                        <i>-0.322956 0.862241 -0.390179 -0.881994 -0.423708 -0.206298 -0.3432 0.27751 0.89733 -0.105569 1.49796 5.13777</i>
                        <i>-0.311832 0.878693 -0.361467 -0.893502 -0.400578 -0.202958 -0.323134 0.259683 0.910027 -0.107054 1.45957 5.35344</i>
                        <i>-0.290955 0.900578 -0.322962 -0.921287 -0.354767 -0.159281 -0.258022 0.251197 0.932912 -0.102282 1.50147 5.5709</i>
                        <i>-0.268502 0.917977 -0.291932 -0.943937 -0.311164 -0.110273 -0.192067 0.245957 0.950061 -0.0930009 1.54587 5.7852</i>
                        <i>-0.257261 0.923388 -0.284905 -0.947836 -0.298541 -0.111714 -0.188212 0.241304 0.952024 -0.0825912 1.57907 5.99025</i>
                        <i>-0.251695 0.923879 -0.288264 -0.946771 -0.296812 -0.124608 -0.200683 0.241557 0.949409 -0.0717402 1.59034 6.18871</i>
                        <i>-0.241127 0.925213 -0.292982 -0.94887 -0.288127 -0.128952 -0.203724 0.246908 0.947382 -0.0593902 1.56309 6.38551</i>
                        <i>-0.219143 0.92775 -0.302087 -0.95423 -0.268375 -0.131987 -0.203523 0.259336 0.944099 -0.0451284 1.50747 6.58246</i>
                        <i>-0.194909 0.929802 -0.312215 -0.960642 -0.245207 -0.130539 -0.197932 0.274483 0.941 -0.0319667 1.45224 6.78021</i>
                    </KeyFrames>
                </p>
            </i>
            <i>
                <p>
                    <Name><![CDATA[head]]></Name>
                    <Exclude>0</Exclude>
                    <Additive>0</Additive>
                    <IKPriority>0</IKPriority>
                    <IKRotLimits>-1e+010 -1e+010 -1e+010 1e+010 1e+010 1e+010</IKRotLimits>
                    <IKRotLimitOrder>0</IKRotLimitOrder>
                    <KeyFrames count="35">
                        <i>-0.245706 0.629706 -0.736953 0.871703 0.47607 0.116155 0.423984 -0.613864 -0.66589 -0.078072 1.6868 -0.312809</i>
                        <i>-0.15256 0.653032 -0.741805 0.889433 0.417948 0.18501 0.430853 -0.63156 -0.64459 -0.0935099 1.68839 -0.11329</i>
                        <i>-0.0293413 0.675123 -0.737122 0.884766 0.360681 0.295126 0.465112 -0.64352 -0.607908 -0.10915 1.69849 0.0852397</i>
                        <i>0.0681328 0.697789 -0.713056 0.861164 0.319737 0.395176 0.50374 -0.640983 -0.579126 -0.129176 1.73452 0.290265</i>
                        <i>0.0928106 0.713951 -0.694018 0.835509 0.323289 0.444306 0.541581 -0.621095 -0.566508 -0.159203 1.78033 0.499443</i>
                        <i>0.0133846 0.702401 -0.711656 0.824446 0.394962 0.405332 0.565782 -0.592147 -0.573805 -0.194088 1.81689 0.707462</i>
                        <i>-0.118827 0.643439 -0.756218 0.806434 0.506863 0.304554 0.579261 -0.573651 -0.579121 -0.221786 1.82546 0.904594</i>
                        <i>-0.224588 0.563414 -0.795063 0.772581 0.600196 0.207086 0.593868 -0.567741 -0.570079 -0.235822 1.79974 1.09494</i>
                        <i>-0.257213 0.524327 -0.81174 0.750108 0.637915 0.174364 0.609245 -0.564044 -0.557382 -0.238972 1.75691 1.29332</i>
                        <i>-0.238905 0.538197 -0.80825 0.747389 0.633317 0.200796 0.619947 -0.556106 -0.553545 -0.233019 1.71359 1.50601</i>
                        <i>-0.217333 0.56493 -0.796003 0.755647 0.613585 0.229152 0.617871 -0.551694 -0.56024 -0.214366 1.67972 1.72555</i>
                        <i>-0.216836 0.595979 -0.77317 0.78859 0.573784 0.221127 0.57542 -0.561766 -0.5944 -0.186836 1.7278 1.9504</i>
                        <i>-0.197091 0.63373 -0.748025 0.827473 0.516721 0.219744 0.525779 -0.57566 -0.626236 -0.156981 1.7773 2.17255</i>
                        <i>-0.121032 0.670142 -0.732299 0.844608 0.457114 0.27872 0.521526 -0.584771 -0.621332 -0.131406 1.81251 2.38356</i>
                        <i>-0.0277757 0.700419 -0.713191 0.850627 0.391301 0.351165 0.525035 -0.596906 -0.606664 -0.109003 1.82456 2.58975</i>
                        <i>0.0591985 0.72105 -0.69035 0.855935 0.319205 0.406797 0.513684 -0.614976 -0.598275 -0.0854206 1.79812 2.79596</i>
                        <i>0.129391 0.726053 -0.675355 0.860894 0.255717 0.439852 0.492055 -0.638323 -0.591968 -0.0575932 1.74269 3.00052</i>
                        <i>0.169811 0.720222 -0.67264 0.868371 0.213356 0.447673 0.465936 -0.660121 -0.58919 -0.032279 1.6868 3.20415</i>
                        <i>0.18086 0.711953 -0.678537 0.858049 0.222958 0.462646 0.480668 -0.665892 -0.570566 -0.027947 1.68839 3.40223</i>
                        <i>0.167345 0.701765 -0.692475 0.837531 0.269364 0.475378 0.520131 -0.659522 -0.542673 -0.0278966 1.69849 3.59949</i>
                        <i>0.0972379 0.687469 -0.719675 0.820843 0.353515 0.448602 0.562816 -0.634361 -0.529929 -0.0386861 1.73452 3.80312</i>
                        <i>-0.0278302 0.655487 -0.754694 0.799933 0.467351 0.376417 0.599443 -0.593229 -0.537352 -0.0660248 1.78033 4.01043</i>
                        <i>-0.174317 0.599437 -0.78121 0.769966 0.577521 0.271334 0.613813 -0.554207 -0.562217 -0.103493 1.81689 4.21719</i>
                        <i>-0.287109 0.531068 -0.797205 0.736131 0.65485 0.171123 0.612927 -0.537716 -0.578949 -0.13784 1.82546 4.4151</i>
                        <i>-0.342107 0.478342 -0.808797 0.710972 0.694557 0.110048 0.614396 -0.537383 -0.5777 -0.162732 1.79974 4.60821</i>
                        <i>-0.365761 0.457016 -0.810774 0.697821 0.711088 0.0860207 0.615845 -0.534312 -0.579004 -0.180585 1.75691 4.81041</i>
                        <i>-0.373296 0.471016 -0.799246 0.698512 0.709663 0.0919758 0.610518 -0.523948 -0.593924 -0.19128 1.71359 5.02719</i>
                        <i>-0.371762 0.503138 -0.780157 0.715433 0.690808 0.104596 0.591565 -0.519265 -0.616778 -0.190579 1.67972 5.25033</i>
                        <i>-0.392467 0.538456 -0.745677 0.752024 0.654633 0.0769054 0.529555 -0.530584 -0.661855 -0.18041 1.7278 5.47738</i>
                        <i>-0.416707 0.564461 -0.712558 0.782372 0.621825 0.0350514 0.462871 -0.542879 -0.700737 -0.165186 1.7773 5.69958</i>
                        <i>-0.415993 0.571566 -0.707292 0.789548 0.612909 0.0309228 0.45118 -0.545577 -0.706245 -0.152023 1.81251 5.9072</i>
                        <i>-0.404132 0.573059 -0.712938 0.793316 0.60758 0.0386766 0.455331 -0.549955 -0.700159 -0.139654 1.82456 6.10579</i>
                        <i>-0.37975 0.582445 -0.718713 0.808094 0.587033 0.0487554 0.450305 -0.562272 -0.693596 -0.123418 1.79812 6.30145</i>
                        <i>-0.327138 0.602163 -0.728272 0.836645 0.542854 0.073033 0.439323 -0.585414 -0.681385 -0.100607 1.74269 6.49416</i>
                        <i>-0.245706 0.629706 -0.736953 0.871703 0.47607 0.116155 0.423984 -0.613864 -0.66589 -0.078072 1.6868 6.68719</i>
                    </KeyFrames>
                </p>
            </i>
            <i>
                <p>
                    <Name><![CDATA[head_prop]]></Name>
                    <Exclude>0</Exclude>
                    <Additive>0</Additive>
                    <IKPriority>0</IKPriority>
                    <IKRotLimits>-1e+010 -1e+010 -1e+010 1e+010 1e+010 1e+010</IKRotLimits>
                    <IKRotLimitOrder>0</IKRotLimitOrder>
                    <KeyFrames count="35">
                        <i>-0.423984 0.613864 0.66589 -0.245706 0.629706 -0.736953 -0.871703 -0.47607 -0.116155 -0.15815 1.89202 -0.552988</i>
                        <i>-0.430853 0.63156 0.64459 -0.15256 0.653032 -0.741805 -0.889433 -0.417948 -0.18501 -0.143231 1.90122 -0.355051</i>
                        <i>-0.465112 0.64352 0.607908 -0.0293413 0.675123 -0.737122 -0.884766 -0.360681 -0.295126 -0.118712 1.91852 -0.154995</i>
                        <i>-0.50374 0.640983 0.579126 0.0681328 0.697789 -0.713056 -0.861164 -0.319737 -0.395176 -0.106971 1.96194 0.0578738</i>
                        <i>-0.541581 0.621095 0.566508 0.0928106 0.713951 -0.694018 -0.835509 -0.323289 -0.444306 -0.128955 2.01301 0.273256</i>
                        <i>-0.565782 0.592147 0.573805 0.0133846 0.702401 -0.711656 -0.824446 -0.394962 -0.405332 -0.189726 2.04581 0.475527</i>
                        <i>-0.579261 0.573651 0.579121 -0.118827 0.643439 -0.756218 -0.806434 -0.506863 -0.304554 -0.260513 2.03516 0.658136</i>
                        <i>-0.593868 0.567741 0.570079 -0.224588 0.563414 -0.795063 -0.772581 -0.600196 -0.207086 -0.309018 1.98336 0.835823</i>
                        <i>-0.609245 0.564044 0.557382 -0.257213 0.524327 -0.81174 -0.750108 -0.637915 -0.174364 -0.3228 1.9278 1.02877</i>
                        <i>-0.619947 0.556106 0.553545 -0.238905 0.538197 -0.80825 -0.747389 -0.633317 -0.200796 -0.310881 1.88899 1.24259</i>
                        <i>-0.617871 0.551694 0.56024 -0.217333 0.56493 -0.796003 -0.755647 -0.613585 -0.229152 -0.285197 1.86384 1.46612</i>
                        <i>-0.57542 0.561766 0.5944 -0.216836 0.595979 -0.77317 -0.78859 -0.573784 -0.221127 -0.257505 1.92204 1.69842</i>
                        <i>-0.525779 0.57566 0.626236 -0.197091 0.63373 -0.748025 -0.827473 -0.516721 -0.219744 -0.221215 1.98384 1.92876</i>
                        <i>-0.521526 0.584771 0.621332 -0.121032 0.670142 -0.732299 -0.844608 -0.457114 -0.27872 -0.170851 2.03092 2.1449</i>
                        <i>-0.525035 0.596906 0.606664 -0.0277757 0.700419 -0.713191 -0.850627 -0.391301 -0.351165 -0.118056 2.05283 2.35731</i>
                        <i>-0.513684 0.614976 0.598275 0.0591985 0.72105 -0.69035 -0.855935 -0.319205 -0.406797 -0.0661272 2.03311 2.57097</i>
                        <i>-0.492055 0.638323 0.591968 0.129391 0.726053 -0.675355 -0.860894 -0.255717 -0.439852 -0.0154234 1.97932 2.78041</i>
                        <i>-0.465936 0.660121 0.58919 0.169811 0.720222 -0.67264 -0.868371 -0.213356 -0.447673 0.0230641 1.92152 2.98493</i>
                        <i>-0.480668 0.665892 0.570566 0.18086 0.711953 -0.678537 -0.858049 -0.222958 -0.462646 0.030997 1.92042 3.18108</i>
                        <i>-0.520131 0.659522 0.542673 0.167345 0.701765 -0.692475 -0.837531 -0.269364 -0.475378 0.0266426 1.9272 3.37381</i>
                        <i>-0.562816 0.634361 0.529929 0.0972379 0.687469 -0.719675 -0.820843 -0.353515 -0.448602 -0.00699541 1.95858 3.56857</i>
                        <i>-0.599443 0.593229 0.537352 -0.0278302 0.655487 -0.754694 -0.799933 -0.467351 -0.376417 -0.0750949 1.99396 3.76447</i>
                        <i>-0.613813 0.554207 0.562217 -0.174317 0.599437 -0.78121 -0.769966 -0.577521 -0.271334 -0.160305 2.01225 3.96259</i>
                        <i>-0.612927 0.537716 0.578949 -0.287109 0.531068 -0.797205 -0.736131 -0.65485 -0.171123 -0.231411 1.99854 4.15528</i>
                        <i>-0.614396 0.537383 0.5777 -0.342107 0.478342 -0.808797 -0.710972 -0.694557 -0.110048 -0.274228 1.95563 4.34461</i>
                        <i>-0.615845 0.534312 0.579004 -0.365761 0.457016 -0.810774 -0.697821 -0.711088 -0.0860207 -0.29979 1.90586 4.54617</i>
                        <i>-0.610518 0.523948 0.593924 -0.373296 0.471016 -0.799246 -0.698512 -0.709663 -0.0919758 -0.31294 1.86709 4.76671</i>
                        <i>-0.591565 0.519265 0.616778 -0.371762 0.503138 -0.780157 -0.715433 -0.690808 -0.104596 -0.31174 1.8437 4.99607</i>
                        <i>-0.529555 0.530584 0.661855 -0.392467 0.538456 -0.745677 -0.752024 -0.654633 -0.0769054 -0.308319 1.90329 5.23436</i>
                        <i>-0.462871 0.542879 0.700737 -0.416707 0.564461 -0.712558 -0.782372 -0.621825 -0.0350514 -0.300995 1.96126 5.46735</i>
                        <i>-0.45118 0.545577 0.706245 -0.415993 0.571566 -0.707292 -0.789548 -0.612909 -0.0309228 -0.287598 1.99879 5.67669</i>
                        <i>-0.455331 0.549955 0.700159 -0.404132 0.573059 -0.712938 -0.793316 -0.60758 -0.0386766 -0.271364 2.01132 5.87344</i>
                        <i>-0.450305 0.562272 0.693596 -0.37975 0.582445 -0.718713 -0.808094 -0.587033 -0.0487554 -0.247182 1.98794 6.06722</i>
                        <i>-0.439323 0.585414 0.681385 -0.327138 0.602163 -0.728272 -0.836645 -0.542854 -0.073033 -0.207224 1.93894 6.25681</i>
                        <i>-0.423984 0.613864 0.66589 -0.245706 0.629706 -0.736953 -0.871703 -0.47607 -0.116155 -0.15815 1.89202 6.44701</i>
                    </KeyFrames>
                </p>
            </i>
            <i>
                <p>
                    <Name><![CDATA[l_clav]]></Name>
                    <Exclude>0</Exclude>
                    <Additive>0</Additive>
                    <IKPriority>0</IKPriority>
                    <IKRotLimits>-1e+010 -1e+010 -1e+010 1e+010 1e+010 1e+010</IKRotLimits>
                    <IKRotLimitOrder>0</IKRotLimitOrder>
                    <KeyFrames count="35">
                        <i>0.828252 0.19894 -0.523852 -0.504451 0.671757 -0.542468 0.243982 0.713558 0.65674 0.0348484 1.53608 -0.201682</i>
                        <i>0.826085 0.197374 -0.527851 -0.509861 0.66075 -0.550863 0.240052 0.724191 0.646469 0.0206085 1.54 -0.000278511</i>
                        <i>0.839724 0.206795 -0.502095 -0.502714 0.645619 -0.574852 0.205285 0.735127 0.6461 0.0037236 1.55338 0.203632</i>
                        <i>0.852054 0.22978 -0.470324 -0.497838 0.633352 -0.592472 0.161742 0.738963 0.654043 -0.0169969 1.59219 0.412621</i>
                        <i>0.853183 0.26654 -0.44837 -0.508303 0.617785 -0.599975 0.117078 0.739796 0.662566 -0.0444184 1.64159 0.623495</i>
                        <i>0.8414 0.30047 -0.449182 -0.533189 0.597014 -0.599402 0.0880661 0.743836 0.662535 -0.0737259 1.68284 0.831385</i>
                        <i>0.830612 0.315091 -0.459132 -0.552576 0.568374 -0.609599 0.0688789 0.760045 0.64621 -0.097111 1.69763 1.03081</i>
                        <i>0.831899 0.315961 -0.456194 -0.552988 0.540673 -0.633938 0.0463527 0.779642 0.624508 -0.110892 1.67783 1.22664</i>
                        <i>0.839859 0.317623 -0.440172 -0.542199 0.529181 -0.652678 0.0256254 0.786818 0.616652 -0.116212 1.63747 1.42926</i>
                        <i>0.849624 0.323004 -0.416902 -0.527205 0.541049 -0.655226 0.013924 0.776489 0.629977 -0.113401 1.59165 1.64253</i>
                        <i>0.861307 0.318868 -0.395568 -0.507742 0.568799 -0.647043 0.0186772 0.758149 0.651814 -0.098971 1.55183 1.86024</i>
                        <i>0.861829 0.292522 -0.414346 -0.502048 0.608144 -0.614906 0.0721082 0.737965 0.670976 -0.0730572 1.59132 2.07784</i>
                        <i>0.85504 0.265095 -0.445681 -0.501406 0.64189 -0.580145 0.132285 0.719515 0.681762 -0.0438004 1.63343 2.29215</i>
                        <i>0.858675 0.259114 -0.442196 -0.493144 0.652702 -0.575142 0.139595 0.711927 0.68824 -0.0200622 1.6663 2.50204</i>
                        <i>0.861941 0.257711 -0.436626 -0.488296 0.653759 -0.578071 0.136473 0.711466 0.689341 0.0013205 1.67811 2.70889</i>
                        <i>0.861126 0.247998 -0.4438 -0.486136 0.657132 -0.576064 0.148772 0.711811 0.686434 0.0243408 1.65087 2.91464</i>
                        <i>0.861844 0.225659 -0.454205 -0.477154 0.664301 -0.575351 0.171896 0.712589 0.680198 0.0500475 1.59376 3.11904</i>
                        <i>0.861003 0.19894 -0.468077 -0.46757 0.671757 -0.574562 0.200131 0.713558 0.671403 0.0730652 1.53608 3.32248</i>
                        <i>0.868108 0.197374 -0.455446 -0.461004 0.66075 -0.592355 0.184021 0.724191 0.664593 0.0761134 1.54 3.52456</i>
                        <i>0.884984 0.206795 -0.417179 -0.443814 0.645619 -0.621454 0.140825 0.735127 0.663141 0.0728008 1.55338 3.7284</i>
                        <i>0.895063 0.22978 -0.382183 -0.435683 0.633352 -0.639567 0.0950961 0.738963 0.667001 0.0606089 1.59219 3.93615</i>
                        <i>0.890757 0.26654 -0.368115 -0.45105 0.617785 -0.644124 0.0557307 0.739796 0.670519 0.0368809 1.64159 4.1445</i>
                        <i>0.872342 0.30047 -0.385665 -0.487355 0.597014 -0.637227 0.0387799 0.743836 0.667236 0.00736525 1.68284 4.34968</i>
                        <i>0.852269 0.315091 -0.417559 -0.521802 0.568374 -0.63614 0.0368875 0.760045 0.648822 -0.0195487 1.69763 4.54731</i>
                        <i>0.840902 0.315961 -0.439378 -0.540132 0.540673 -0.644927 0.0337882 0.779642 0.625313 -0.0404748 1.67783 4.74239</i>
                        <i>0.834716 0.317623 -0.449849 -0.549705 0.529181 -0.646368 0.0327502 0.786818 0.616315 -0.0562622 1.63747 4.94492</i>
                        <i>0.830751 0.323004 -0.453344 -0.555115 0.541049 -0.631754 0.0412229 0.776489 0.628781 -0.0658556 1.59165 5.1584</i>
                        <i>0.829678 0.318868 -0.458211 -0.554225 0.568799 -0.607702 0.0668534 0.758149 0.648645 -0.065535 1.55183 5.37611</i>
                        <i>0.815931 0.292522 -0.498686 -0.561183 0.608144 -0.561458 0.139034 0.737965 0.660362 -0.054425 1.59132 5.59277</i>
                        <i>0.797986 0.265095 -0.541241 -0.564918 0.64189 -0.518502 0.209965 0.719515 0.661977 -0.0389774 1.63343 5.80534</i>
                        <i>0.800794 0.259114 -0.53999 -0.557283 0.652702 -0.51324 0.219465 0.711927 0.66708 -0.0275335 1.6663 6.01178</i>
                        <i>0.80852 0.257711 -0.529037 -0.54908 0.653759 -0.520683 0.211677 0.711466 0.670081 -0.0168613 1.67811 6.21204</i>
                        <i>0.813958 0.247998 -0.525328 -0.539781 0.657132 -0.526131 0.21473 0.711811 0.668742 -0.00264932 1.65087 6.40892</i>
                        <i>0.822109 0.225659 -0.5227 -0.522305 0.664301 -0.534698 0.22657 0.712589 0.66399 0.0163039 1.59376 6.60355</i>
                        <i>0.828252 0.19894 -0.523852 -0.504451 0.671757 -0.542468 0.243982 0.713558 0.65674 0.0348484 1.53608 6.79832</i>
                    </KeyFrames>
                </p>
            </i>
            <i>
                <p>
                    <Name><![CDATA[l_shoulder]]></Name>
                    <Exclude>0</Exclude>
                    <Additive>0</Additive>
                    <IKPriority>0</IKPriority>
                    <IKRotLimits>-1e+010 -1e+010 -1e+010 1e+010 1e+010 1e+010</IKRotLimits>
                    <IKRotLimitOrder>0</IKRotLimitOrder>
                    <KeyFrames count="35">
                        <i>0.848268 -0.526888 -0.0532069 0.498837 0.761271 0.414281 -0.177775 -0.377962 0.908593 0.227985 1.59516 -0.317606</i>
                        <i>0.844891 -0.533402 -0.0405149 0.500649 0.761783 0.411142 -0.188441 -0.367654 0.91067 0.213162 1.5988 -0.11731</i>
                        <i>0.846568 -0.532278 0.00167697 0.480197 0.765088 0.429012 -0.229636 -0.362382 0.903297 0.199027 1.61444 0.0924589</i>
                        <i>0.853593 -0.519509 0.0385903 0.448218 0.770167 0.453809 -0.265479 -0.370072 0.890263 0.180625 1.65857 0.308847</i>
