<?xml version="1.0" encoding="ISO-8859-1" ?>
<Animl Version="1">
    <ModellingPackage>
        <![CDATA[Maya.2010]]>
</ModellingPackage>
    <SrcFile>
        <![CDATA[anims\characters\red\~src\paratrooper\paratrooper_chute_idle.mb]]>
</SrcFile>
    <FramesPerSecond>30</FramesPerSecond>
    <TotalFrames>60</TotalFrames>
    <Skeleton>
        <RefFrame>
            <Name>
                <![CDATA[soldier_ref_frame]]>
</Name>
            <Exclude>0</Exclude>
            <Additive>0</Additive>
            <IKPriority>0</IKPriority>
            <IKRotLimits>-1e+010 -1e+010 -1e+010 1e+010 1e+010 1e+010</IKRotLimits>
            <IKRotLimitOrder>0</IKRotLimitOrder>
            <KeyFrames count="60">
                <i>1 0 0 0 1 0 0 0 1 0 0 0</i>
                <i>1 0 0 0 1 0 0 0 1 0 0 0</i>
                <i>1 0 0 0 1 0 0 0 1 0 0 0</i>
                <i>1 0 0 0 1 0 0 0 1 0 0 0</i>
                <i>1 0 0 0 1 0 0 0 1 0 0 0</i>
                <i>1 0 0 0 1 0 0 0 1 0 0 0</i>
                <i>1 0 0 0 1 0 0 0 1 0 0 0</i>
                <i>1 0 0 0 1 0 0 0 1 0 0 0</i>
                <i>1 0 0 0 1 0 0 0 1 0 0 0</i>
                <i>1 0 0 0 1 0 0 0 1 0 0 0</i>
                <i>1 0 0 0 1 0 0 0 1 0 0 0</i>
                <i>1 0 0 0 1 0 0 0 1 0 0 0</i>
                <i>1 0 0 0 1 0 0 0 1 0 0 0</i>
                <i>1 0 0 0 1 0 0 0 1 0 0 0</i>
                <i>1 0 0 0 1 0 0 0 1 0 0 0</i>
                <i>1 0 0 0 1 0 0 0 1 0 0 0</i>
                <i>1 0 0 0 1 0 0 0 1 0 0 0</i>
                <i>1 0 0 0 1 0 0 0 1 0 0 0</i>
                <i>1 0 0 0 1 0 0 0 1 0 0 0</i>
                <i>1 0 0 0 1 0 0 0 1 0 0 0</i>
                <i>1 0 0 0 1 0 0 0 1 0 0 0</i>
                <i>1 0 0 0 1 0 0 0 1 0 0 0</i>
                <i>1 0 0 0 1 0 0 0 1 0 0 0</i>
                <i>1 0 0 0 1 0 0 0 1 0 0 0</i>
                <i>1 0 0 0 1 0 0 0 1 0 0 0</i>
                <i>1 0 0 0 1 0 0 0 1 0 0 0</i>
                <i>1 0 0 0 1 0 0 0 1 0 0 0</i>
                <i>1 0 0 0 1 0 0 0 1 0 0 0</i>
                <i>1 0 0 0 1 0 0 0 1 0 0 0</i>
                <i>1 0 0 0 1 0 0 0 1 0 0 0</i>
                <i>1 0 0 0 1 0 0 0 1 0 0 0</i>
                <i>1 0 0 0 1 0 0 0 1 0 0 0</i>
                <i>1 0 0 0 1 0 0 0 1 0 0 0</i>
                <i>1 0 0 0 1 0 0 0 1 0 0 0</i>
                <i>1 0 0 0 1 0 0 0 1 0 0 0</i>
                <i>1 0 0 0 1 0 0 0 1 0 0 0</i>
                <i>1 0 0 0 1 0 0 0 1 0 0 0</i>
                <i>1 0 0 0 1 0 0 0 1 0 0 0</i>
                <i>1 0 0 0 1 0 0 0 1 0 0 0</i>
                <i>1 0 0 0 1 0 0 0 1 0 0 0</i>
                <i>1 0 0 0 1 0 0 0 1 0 0 0</i>
                <i>1 0 0 0 1 0 0 0 1 0 0 0</i>
                <i>1 0 0 0 1 0 0 0 1 0 0 0</i>
                <i>1 0 0 0 1 0 0 0 1 0 0 0</i>
                <i>1 0 0 0 1 0 0 0 1 0 0 0</i>
                <i>1 0 0 0 1 0 0 0 1 0 0 0</i>
                <i>1 0 0 0 1 0 0 0 1 0 0 0</i>
                <i>1 0 0 0 1 0 0 0 1 0 0 0</i>
                <i>1 0 0 0 1 0 0 0 1 0 0 0</i>
                <i>1 0 0 0 1 0 0 0 1 0 0 0</i>
                <i>1 0 0 0 1 0 0 0 1 0 0 0</i>
                <i>1 0 0 0 1 0 0 0 1 0 0 0</i>
                <i>1 0 0 0 1 0 0 0 1 0 0 0</i>
                <i>1 0 0 0 1 0 0 0 1 0 0 0</i>
                <i>1 0 0 0 1 0 0 0 1 0 0 0</i>
                <i>1 0 0 0 1 0 0 0 1 0 0 0</i>
                <i>1 0 0 0 1 0 0 0 1 0 0 0</i>
                <i>1 0 0 0 1 0 0 0 1 0 0 0</i>
                <i>1 0 0 0 1 0 0 0 1 0 0 0</i>
                <i>1 0 0 0 1 0 0 0 1 0 0 0</i>
            </KeyFrames>
        </RefFrame>
        <Bones count="23">
            <i>
                <p>
                    <Name>
                        <![CDATA[pelvis]]>
</Name>
                    <Exclude>0</Exclude>
                    <Additive>0</Additive>
                    <IKPriority>0</IKPriority>
                    <IKRotLimits>-1e+010 -1e+010 -1e+010 1e+010 1e+010 1e+010</IKRotLimits>
                    <IKRotLimitOrder>2</IKRotLimitOrder>
                    <KeyFrames count="60">
                        <i>1 0 0 0 1 0 0 0 1 -7.36717e-018 1.1793 1.50077e-017</i>
                        <i>1 0 0 0 1 0 0 0 1 -1.23482e-006 1.1793 -0.00208849</i>
                        <i>1 0 0 0 1 0 0 0 1 -1.00377e-006 1.1793 -0.00442666</i>
                        <i>1 0 0 0 1 0 0 0 1 4.64209e-007 1.1793 -0.00694924</i>
                        <i>1 0 0 0 1 0 0 0 1 2.98026e-006 1.1793 -0.00959098</i>
                        <i>1 0 0 0 1 0 0 0 1 6.3859e-006 1.1793 -0.0122866</i>
                        <i>1 0 0 0 1 0 0 0 1 1.0544e-005 1.1793 -0.0149709</i>
                        <i>1 0 0 0 1 0 0 0 1 1.53304e-005 1.1793 -0.0175785</i>
                        <i>1 0 0 0 1 0 0 0 1 2.06261e-005 1.1793 -0.0200443</i>
                        <i>1 0 0 0 1 0 0 0 1 2.63108e-005 1.1793 -0.0223029</i>
                        <i>1 0 0 0 1 0 0 0 1 3.22558e-005 1.17931 -0.0242891</i>
                        <i>1 0 0 0 1 0 0 0 1 3.83189e-005 1.17931 -0.0259376</i>
                        <i>1 0 0 0 1 0 0 0 1 4.43393e-005 1.17931 -0.0271832</i>
                        <i>1 0 0 0 1 0 0 0 1 5.01328e-005 1.17931 -0.0279607</i>
                        <i>1 0 0 0 1 0 0 0 1 5.54886e-005 1.17931 -0.0282047</i>
                        <i>1 0 0 0 1 0 0 0 1 6.01659e-005 1.17931 -0.0278501</i>
                        <i>1 0 0 0 1 0 0 0 1 6.46278e-005 1.17931 -0.0270487</i>
                        <i>1 0 0 0 1 0 0 0 1 6.94583e-005 1.17931 -0.0260075</i>
                        <i>1 0 0 0 1 0 0 0 1 7.45698e-005 1.17931 -0.0247438</i>
                        <i>1 0 0 0 1 0 0 0 1 7.9871e-005 1.17931 -0.0232748</i>
                        <i>1 0 0 0 1 0 0 0 1 8.52694e-005 1.17931 -0.0216179</i>
                        <i>1 0 0 0 1 0 0 0 1 9.0673e-005 1.1793 -0.0197902</i>
                        <i>1 0 0 0 1 0 0 0 1 9.59923e-005 1.1793 -0.0178091</i>
                        <i>1 0 0 0 1 0 0 0 1 0.000101142 1.1793 -0.0156917</i>
                        <i>1 0 0 0 1 0 0 0 1 0.000106042 1.1793 -0.0134554</i>
                        <i>1 0 0 0 1 0 0 0 1 0.00011062 1.1793 -0.0111174</i>
                        <i>1 0 0 0 1 0 0 0 1 0.00011481 1.1793 -0.00869498</i>
                        <i>1 0 0 0 1 0 0 0 1 0.000118557 1.1793 -0.00620541</i>
                        <i>1 0 0 0 1 0 0 0 1 0.000121814 1.1793 -0.00366595</i>
                        <i>1 0 0 0 1 0 0 0 1 0.000124545 1.1793 -0.00109385</i>
                        <i>1 0 0 0 1 0 0 0 1 0.000126724 1.1793 0.0014936</i>
                        <i>1 0 0 0 1 0 0 0 1 0.000128336 1.1793 0.00407916</i>
                        <i>1 0 0 0 1 0 0 0 1 0.000129377 1.1793 0.00664554</i>
                        <i>1 0 0 0 1 0 0 0 1 0.000129854 1.1793 0.00917549</i>
                        <i>1 0 0 0 1 0 0 0 1 0.000129784 1.1793 0.0116517</i>
                        <i>1 0 0 0 1 0 0 0 1 0.000129193 1.1793 0.014057</i>
                        <i>1 0 0 0 1 0 0 0 1 0.000128118 1.1793 0.0163741</i>
                        <i>1 0 0 0 1 0 0 0 1 0.000126601 1.1793 0.0185857</i>
                        <i>1 0 0 0 1 0 0 0 1 0.000124695 1.1793 0.0206745</i>
                        <i>1 0 0 0 1 0 0 0 1 0.000122455 1.1793 0.0226234</i>
                        <i>1 0 0 0 1 0 0 0 1 0.000119945 1.1793 0.0244149</i>
                        <i>1 0 0 0 1 0 0 0 1 0.000117226 1.1793 0.026032</i>
                        <i>1 0 0 0 1 0 0 0 1 0.000114366 1.1793 0.0274573</i>
                        <i>1 0 0 0 1 0 0 0 1 0.000111427 1.17931 0.0286735</i>
                        <i>1 0 0 0 1 0 0 0 1 0.000108472 1.17931 0.0296634</i>
                        <i>1 0 0 0 1 0 0 0 1 0.000105556 1.17931 0.0304098</i>
                        <i>1 0 0 0 1 0 0 0 1 0.000101909 1.17931 0.0306823</i>
                        <i>1 0 0 0 1 0 0 0 1 9.69145e-005 1.17931 0.0303106</i>
                        <i>1 0 0 0 1 0 0 0 1 9.08084e-005 1.17931 0.0293676</i>
                        <i>1 0 0 0 1 0 0 0 1 8.3782e-005 1.17931 0.027926</i>
                        <i>1 0 0 0 1 0 0 0 1 7.59999e-005 1.1793 0.0260588</i>
                        <i>1 0 0 0 1 0 0 0 1 6.7616e-005 1.1793 0.0238388</i>
                        <i>1 0 0 0 1 0 0 0 1 5.87879e-005 1.1793 0.0213388</i>
                        <i>1 0 0 0 1 0 0 0 1 4.96889e-005 1.1793 0.0186316</i>
                        <i>1 0 0 0 1 0 0 0 1 4.05179e-005 1.1793 0.0157901</i>
                        <i>1 0 0 0 1 0 0 0 1 3.15078e-005 1.1793 0.0128872</i>
                        <i>1 0 0 0 1 0 0 0 1 2.29315e-005 1.1793 0.00999558</i>
                        <i>1 0 0 0 1 0 0 0 1 1.5106e-005 1.1793 0.00718821</i>
                        <i>1 0 0 0 1 0 0 0 1 8.39474e-006 1.1793 0.00453792</i>
                        <i>1 0 0 0 1 0 0 0 1 3.20783e-006 1.1793 0.00211757</i>
                    </KeyFrames>
                </p>
            </i>
            <i>
                <p>
                    <Name>
                        <![CDATA[spine0]]>
</Name>
                    <Exclude>0</Exclude>
                    <Additive>0</Additive>
                    <IKPriority>0</IKPriority>
                    <IKRotLimits>-1e+010 -1e+010 -1e+010 1e+010 1e+010 1e+010</IKRotLimits>
                    <IKRotLimitOrder>0</IKRotLimitOrder>
                    <KeyFrames count="60">
                        <i>0.0126647 0.998292 -0.0570315 -0.999905 0.0129593 0.00479876 0.00552965 0.0569653 0.998361 0.00737527 1.30874 -0.0623418</i>
                        <i>0.0124294 0.99841 -0.0549768 -0.999866 0.0129959 0.0099593 0.0106579 0.0548457 0.998438 0.00706139 1.30887 -0.0641924</i>
                        <i>0.0121587 0.998542 -0.0525975 -0.999811 0.01294 0.0145404 0.0151998 0.0524108 0.99851 0.00677631 1.30902 -0.0662459</i>
                        <i>0.0118621 0.99868 -0.049969 -0.999746 0.0128035 0.0185621 0.0191774 0.0497361 0.998578 0.00651991 1.30919 -0.0684471</i>
                        <i>0.0115472 0.99882 -0.0471666 -0.999678 0.0125981 0.0220445 0.0226127 0.0468968 0.998644 0.00629184 1.30937 -0.0707409</i>
                        <i>0.0112204 0.998957 -0.0442653 -0.999611 0.0123358 0.0250076 0.0255276 0.0439675 0.998707 0.00609161 1.30955 -0.0730723</i>
                        <i>0.0108868 0.999086 -0.0413405 -0.99955 0.0120286 0.0274717 0.0279438 0.0410228 0.998767 0.00591861 1.30973 -0.075386</i>
                        <i>0.0105511 0.999204 -0.0384671 -0.999498 0.0116882 0.0294568 0.0298829 0.0381369 0.998826 0.00577216 1.30991 -0.077627</i>
                        <i>0.0102176 0.99931 -0.0357201 -0.999456 0.0113266 0.030983 0.0313662 0.035384 0.998881 0.00565158 1.31007 -0.0797399</i>
                        <i>0.00989094 0.999401 -0.0331745 -0.999426 0.0109557 0.0320705 0.0324147 0.0328382 0.998935 0.00555619 1.31023 -0.0816697</i>
                        <i>0.00957581 0.999476 -0.0309052 -0.999408 0.0105875 0.0327393 0.0330494 0.0305734 0.998986 0.00548537 1.31037 -0.0833612</i>
                        <i>0.00927774 0.999537 -0.0289872 -0.999403 0.0102338 0.0330095 0.0332909 0.0286637 0.999035 0.00543855 1.31048 -0.0847592</i>
                        <i>0.0090031 0.999581 -0.0274955 -0.999409 0.00990656 0.0329013 0.0331599 0.0271831 0.99908 0.0054153 1.31057 -0.0858085</i>
                        <i>0.00875931 0.99961 -0.026505 -0.999428 0.00961773 0.0324346 0.0326769 0.0262057 0.999122 0.00541529 1.31063 -0.0864539</i>
                        <i>0.0085551 0.999623 -0.0260907 -0.999456 0.00937921 0.0316295 0.0318623 0.0258059 0.999159 0.00543834 1.31066 -0.08664</i>
                        <i>0.00840055 0.999618 -0.0263275 -0.999492 0.00920295 0.030506 0.0307367 0.0260579 0.999188 0.00548442 1.31064 -0.0863117</i>
                        <i>0.00827426 0.9996 -0.0270407 -0.999537 0.00905988 0.0290611 0.0292945 0.0267877 0.999212 0.00555143 1.3106 -0.0855977</i>
                        <i>0.00814901 0.999575 -0.027994 -0.999588 0.00891353 0.0272948 0.0275328 0.0277601 0.999235 0.00563652 1.31055 -0.0846739</i>
                        <i>0.00802749 0.999542 -0.0291707 -0.999643 0.00876467 0.0252318 0.0254759 0.0289577 0.999256 0.00573858 1.31048 -0.0835553</i>
                        <i>0.00791256 0.999502 -0.0305536 -0.999701 0.00861405 0.0228965 0.0231483 0.0303633 0.999271 0.00585657 1.31039 -0.0822569</i>
                        <i>0.00780712 0.999453 -0.0321259 -0.999758 0.00846244 0.0203136 0.0205744 0.0319595 0.999277 0.00598941 1.3103 -0.0807937</i>
                        <i>0.00771405 0.999396 -0.0338704 -0.999812 0.00831061 0.0175077 0.0177786 0.033729 0.999273 0.00613606 1.3102 -0.0791808</i>
                        <i>0.00763613 0.999331 -0.0357702 -0.999862 0.00815932 0.0145035 0.0147856 0.0356545 0.999255 0.00629541 1.31008 -0.0774331</i>
                        <i>0.00757593 0.999256 -0.0378083 -0.999904 0.00800935 0.0113254 0.0116198 0.0377188 0.999221 0.00646638 1.30996 -0.0755656</i>
                        <i>0.00753576 0.999173 -0.0399674 -0.999937 0.00786146 0.00799832 0.0083059 0.0399047 0.999169 0.00664783 1.30983 -0.0735934</i>
                        <i>0.00751761 0.99908 -0.0422307 -0.99996 0.00771642 0.00454675 0.00486843 0.0421949 0.999098 0.00683859 1.30969 -0.0715315</i>
                        <i>0.00752311 0.998977 -0.044581 -0.999971 0.00757502 0.000995414 0.0013321 0.0445722 0.999005 0.00703746 1.30955 -0.069395</i>
                        <i>0.00755347 0.998866 -0.0470012 -0.999969 0.00743801 -0.00263102 -0.00227844 0.0470196 0.998891 0.00724318 1.3094 -0.067199</i>
                        <i>0.00760945 0.998746 -0.0494743 -0.999953 0.00730618 -0.00630786 -0.00593848 0.04952 0.998755 0.00745444 1.30924 -0.0649586</i>
                        <i>0.00769133 0.998618 -0.0519832 -0.999924 0.00718029 -0.0100104 -0.00962334 0.0520562 0.998598 0.0076699 1.30909 -0.0626891</i>
                        <i>0.00779891 0.998483 -0.0545108 -0.999881 0.00706113 -0.013714 -0.0133083 0.0546113 0.998419 0.00788814 1.30893 -0.0604054</i>
                        <i>0.00793148 0.99834 -0.0570402 -0.999825 0.00694947 -0.0173939 -0.0169687 0.0571682 0.99822 0.00810771 1.30877 -0.058123</i>
                        <i>0.00808783 0.998192 -0.0595544 -0.999756 0.00684607 -0.0210255 -0.0205798 0.0597099 0.998004 0.00832709 1.30861 -0.055857</i>
                        <i>0.00826626 0.99804 -0.0620365 -0.999675 0.0067517 -0.0245841 -0.024117 0.0622196 0.997771 0.00854472 1.30846 -0.0536228</i>
                        <i>0.0084646 0.997884 -0.0644697 -0.999584 0.00666715 -0.0280449 -0.0275558 0.0646803 0.997526 0.00875899 1.3083 -0.0514356</i>
                        <i>0.00868022 0.997726 -0.0668371 -0.999486 0.00659317 -0.0313835 -0.0308715 0.0670751 0.99727 0.00896824 1.30815 -0.0493109</i>
                        <i>0.00891007 0.997568 -0.069122 -0.999381 0.00653053 -0.0345751 -0.0340396 0.0693873 0.997009 0.00917077 1.308 -0.0472639</i>
                        <i>0.00915071 0.997412 -0.0713077 -0.999272 0.00648 -0.0375951 -0.0370358 0.0715998 0.996746 0.00936484 1.30786 -0.0453102</i>
                        <i>0.00939841 0.99726 -0.0733777 -0.999162 0.00644234 -0.040419 -0.0398355 0.0736961 0.996485 0.00954868 1.30773 -0.0434652</i>
                        <i>0.00964914 0.997113 -0.0753153 -0.999053 0.00641831 -0.0430221 -0.0424145 0.0756591 0.996231 0.0097205 1.3076 -0.0417443</i>
                        <i>0.00989866 0.996974 -0.0771041 -0.998949 0.00640869 -0.0453799 -0.0447484 0.0774722 0.99599 0.00987847 1.30749 -0.040163</i>
                        <i>0.0101426 0.996845 -0.0787275 -0.998852 0.00641422 -0.0474678 -0.046813 0.0791185 0.995765 0.0100208 1.30738 -0.0387368</i>
                        <i>0.0103767 0.996727 -0.0801691 -0.998765 0.00643568 -0.0492613 -0.0485841 0.0805813 0.995563 0.0101456 1.30728 -0.0374813</i>
                        <i>0.0105964 0.996624 -0.0814125 -0.998691 0.00647384 -0.0507358 -0.0500375 0.0818436 0.995388 0.0102511 1.3072 -0.0364118</i>
                        <i>0.0107976 0.996537 -0.0824412 -0.998633 0.00652945 -0.0518668 -0.0511489 0.0828885 0.995245 0.0103354 1.30713 -0.0355439</i>
                        <i>0.0109763 0.996469 -0.0832388 -0.998592 0.0066033 -0.0526297 -0.0518943 0.0836993 0.995139 0.0103969 1.30708 -0.0348931</i>
                        <i>0.0111522 0.996436 -0.083611 -0.998586 0.00675126 -0.052735 -0.0519826 0.0840808 0.995102 0.0104214 1.30705 -0.0346675</i>
                        <i>0.0113415 0.99645 -0.0834156 -0.998625 0.00701668 -0.0519586 -0.0511888 0.0838902 0.995159 0.0103983 1.30706 -0.035021</i>
                        <i>0.0115374 0.996507 -0.082714 -0.998703 0.00738159 -0.0503742 -0.0495877 0.0831879 0.995299 0.0103309 1.30711 -0.035888</i>
                        <i>0.011735 0.996599 -0.081567 -0.998814 0.00782799 -0.0480558 -0.0472538 0.0820342 0.995509 0.0102229 1.30718 -0.0372025</i>
                        <i>0.0119309 0.996721 -0.0800357 -0.998949 0.00833791 -0.0450768 -0.0442616 0.0804893 0.995772 0.0100779 1.30728 -0.0388985</i>
                        <i>0.0121218 0.996866 -0.0781806 -0.999098 0.00889334 -0.0415111 -0.0406857 0.0786133 0.996075 0.00989968 1.30739 -0.04091</i>
                        <i>0.0123045 0.997027 -0.0760628 -0.999254 0.00947627 -0.0374323 -0.0366002 0.0764667 0.9964 0.00969208 1.30753 -0.0431709</i>
                        <i>0.012475 0.997199 -0.0737432 -0.999407 0.0100686 -0.0329143 -0.0320796 0.0741101 0.996734 0.00945872 1.30768 -0.0456153</i>
                        <i>0.0126282 0.997376 -0.0712831 -0.99955 0.0106524 -0.0280308 -0.0271979 0.0716051 0.997062 0.00920312 1.30783 -0.0481772</i>
                        <i>0.0127573 0.997553 -0.068744 -0.999676 0.0112094 -0.0228559 -0.0220293 0.0690133 0.997373 0.00892865 1.30799 -0.0507908</i>
                        <i>0.0128536 0.997724 -0.0661876 -0.999779 0.0117216 -0.0174635 -0.0166479 0.0663975 0.997654 0.00863844 1.30816 -0.0533906</i>
                        <i>0.0129064 0.997887 -0.0636759 -0.999855 0.0121707 -0.0119277 -0.0111275 0.0638206 0.997899 0.00833543 1.30832 -0.0559108</i>
                        <i>0.0129029 0.998038 -0.0612711 -0.999901 0.0125388 -0.00632258 -0.0055419 0.0613466 0.998101 0.0080223 1.30847 -0.0582862</i>
                        <i>0.012828 0.998173 -0.0590355 -0.999918 0.0128077 -0.000722391 3.50367e-005 0.0590399 0.998256 0.00770151 1.30861 -0.0604516</i>
                    </KeyFrames>
                </p>
            </i>
            <i>
                <p>
                    <Name>
                        <![CDATA[spine1]]>
</Name>
                    <Exclude>0</Exclude>
                    <Additive>0</Additive>
                    <IKPriority>0</IKPriority>
                    <IKRotLimits>-1e+010 -1e+010 -1e+010 1e+010 1e+010 1e+010</IKRotLimits>
                    <IKRotLimitOrder>0</IKRotLimitOrder>
                    <KeyFrames count="60">
                        <i>-0.0362687 0.988247 0.148504 -0.999311 -0.0370385 0.00242083 0.00789274 -0.148314 0.988909 0.0096942 1.49156 -0.072857</i>
                        <i>-0.0354488 0.987931 0.150785 -0.999287 -0.0369967 0.00747224 0.0129606 -0.150413 0.988538 0.00933687 1.49171 -0.0743314</i>
                        <i>-0.0347825 0.987559 0.153354 -0.999242 -0.0370464 0.0119288 0.0174616 -0.152823 0.988099 0.00900189 1.49189 -0.0759491</i>
                        <i>-0.0342565 0.987141 0.156138 -0.999184 -0.0371757 0.0158143 0.0214155 -0.155469 0.987609 0.00869088 1.49208 -0.0776689</i>
                        <i>-0.0338589 0.986687 0.159065 -0.999118 -0.037373 0.0191525 0.0248422 -0.158276 0.987082 0.00840491 1.49228 -0.0794495</i>
                        <i>-0.0335794 0.986209 0.162061 -0.99905 -0.0376264 0.0219672 0.027762 -0.16117 0.986536 0.00814462 1.49249 -0.0812496</i>
                        <i>-0.0334087 0.985718 0.165056 -0.998986 -0.0379244 0.0242823 0.0301951 -0.164077 0.985985 0.00791036 1.49269 -0.0830277</i>
                        <i>-0.033338 0.985227 0.167976 -0.998927 -0.0382552 0.0261216 0.0321616 -0.166925 0.985445 0.0077023 1.49289 -0.0847424</i>
                        <i>-0.0333588 0.98475 0.170749 -0.998876 -0.0386072 0.0275089 0.0336815 -0.169639 0.984931 0.00752055 1.49308 -0.0863523</i>
                        <i>-0.0334624 0.9843 0.173302 -0.998835 -0.0389688 0.028468 0.0347745 -0.172148 0.984457 0.00736526 1.49325 -0.087816</i>
                        <i>-0.0336399 0.983893 0.175565 -0.998805 -0.0393285 0.0290228 0.03546 -0.174378 0.98404 0.00723667 1.4934 -0.0890919</i>
                        <i>-0.0338817 0.983544 0.177463 -0.998786 -0.0396748 0.029197 0.0357574 -0.176258 0.983694 0.00713525 1.49353 -0.0901386</i>
                        <i>-0.0341773 0.983269 0.178925 -0.998778 -0.0399962 0.0290144 0.0356853 -0.177715 0.983435 0.00706172 1.49363 -0.0909147</i>
                        <i>-0.0345152 0.983083 0.179879 -0.998782 -0.040281 0.0284988 0.0352624 -0.178676 0.983276 0.0070171 1.49369 -0.0913787</i>
                        <i>-0.0348828 0.983002 0.180252 -0.998796 -0.0405177 0.0276739 0.0345069 -0.179069 0.983231 0.00700281 1.49372 -0.091489</i>
                        <i>-0.0352657 0.98304 0.17997 -0.998818 -0.0406948 0.0265634 0.0334368 -0.178821 0.983313 0.00702066 1.49371 -0.091204</i>
                        <i>-0.0356861 0.983164 0.179206 -0.998849 -0.0408406 0.0251557 0.0320511 -0.178102 0.98349 0.00706465 1.49366 -0.0906206</i>
                        <i>-0.0361711 0.983331 0.178191 -0.998885 -0.0409906 0.023439 0.0303524 -0.177144 0.983717 0.00712692 1.4936 -0.0898714</i>
                        <i>-0.036713 0.983536 0.176942 -0.998923 -0.0411439 0.021437 0.0283641 -0.175964 0.983988 0.00720688 1.49352 -0.0889683</i>
                        <i>-0.0373039 0.983777 0.175476 -0.998963 -0.0412997 0.0191734 0.0261094 -0.174579 0.984297 0.00730398 1.49343 -0.0879232</i>
                        <i>-0.0379358 0.984048 0.173812 -0.999001 -0.041457 0.0166719 0.0236117 -0.173006 0.984638 0.0074177 1.49333 -0.086748</i>
                        <i>-0.0386008 0.984346 0.171966 -0.999036 -0.0416151 0.0139564 0.0208943 -0.171262 0.985004 0.00754749 1.49322 -0.0854545</i>
                        <i>-0.0392911 0.984668 0.169955 -0.999066 -0.041773 0.0110505 0.0179807 -0.169363 0.98539 0.00769279 1.49309 -0.0840547</i>
                        <i>-0.039999 0.98501 0.167798 -0.999089 -0.0419298 0.00797811 0.0148942 -0.167326 0.985789 0.00785296 1.49295 -0.0825604</i>
                        <i>-0.0407172 0.985367 0.165511 -0.999103 -0.0420847 0.00476289 0.0116587 -0.165168 0.986197 0.00802729 1.49281 -0.0809836</i>
                        <i>-0.0414385 0.985737 0.163112 -0.999107 -0.0422369 0.00142866 0.00829762 -0.162907 0.986607 0.00821497 1.49265 -0.0793362</i>
                        <i>-0.0421563 0.986116 0.160618 -0.999099 -0.0423855 -0.00200077 0.00483489 -0.160558 0.987015 0.00841509 1.49249 -0.0776301</i>
                        <i>-0.0428644 0.986501 0.158048 -0.99908 -0.0425296 -0.00550161 0.00129438 -0.158139 0.987416 0.00862663 1.49232 -0.0758774</i>
                        <i>-0.0435568 0.986888 0.15542 -0.999048 -0.0426683 -0.00905005 -0.00229989 -0.155666 0.987807 0.0088484 1.49214 -0.0740899</i>
                        <i>-0.0442284 0.987275 0.152751 -0.999004 -0.0428009 -0.0126223 -0.00592381 -0.153157 0.988184 0.00907912 1.49197 -0.0722798</i>
                        <i>-0.0448741 0.987658 0.150058 -0.998947 -0.0429265 -0.0161945 -0.00955314 -0.150627 0.988544 0.00931732 1.49178 -0.070459</i>
                        <i>-0.0454897 0.988036 0.147362 -0.998878 -0.0430443 -0.0197429 -0.0131636 -0.148095 0.988886 0.00956143 1.4916 -0.0686398</i>
                        <i>-0.0460713 0.988406 0.144679 -0.998798 -0.0431534 -0.0232437 -0.0167308 -0.145576 0.989206 0.0098097 1.49141 -0.0668342</i>
                        <i>-0.0466157 0.988764 0.142028 -0.998708 -0.0432532 -0.026673 -0.0202302 -0.143087 0.989503 0.0100603 1.49123 -0.0650545</i>
                        <i>-0.0471201 0.989111 0.139426 -0.99861 -0.0433427 -0.0300072 -0.0236373 -0.140646 0.989778 0.0103111 1.49104 -0.0633129</i>
                        <i>-0.0475819 0.989442 0.136894 -0.998504 -0.0434213 -0.0332224 -0.0269276 -0.13827 0.990029 0.0105601 1.49086 -0.0616217</i>
                        <i>-0.0479994 0.989758 0.134447 -0.998394 -0.043488 -0.0362949 -0.0300763 -0.135974 0.990256 0.0108049 1.49069 -0.0599932</i>
                        <i>-0.048371 0.990055 0.132106 -0.998282 -0.0435423 -0.039201 -0.0330589 -0.133776 0.99046 0.0110433 1.49052 -0.0584397</i>
                        <i>-0.0486955 0.990332 0.129889 -0.99817 -0.0435833 -0.0419169 -0.0358507 -0.131692 0.990642 0.0112727 1.49035 -0.0569738</i>
                        <i>-0.0489721 0.990588 0.127813 -0.998061 -0.0436102 -0.044419 -0.038427 -0.129741 0.990803 0.0114906 1.4902 -0.0556077</i>
                        <i>-0.0491999 0.990822 0.125898 -0.997957 -0.0436223 -0.0466836 -0.0407632 -0.127937 0.990944 0.0116944 1.49006 -0.054354</i>
                        <i>-0.0493784 0.991033 0.124161 -0.997861 -0.043619 -0.0486869 -0.0428345 -0.126299 0.991067 0.0118816 1.48993 -0.0532251</i>
                        <i>-0.0495072 0.991218 0.122621 -0.997777 -0.0435993 -0.0504053 -0.0446165 -0.124844 0.991173 0.0120494 1.48981 -0.0522335</i>
                        <i>-0.0495858 0.991377 0.121296 -0.997706 -0.0435627 -0.0518152 -0.0460844 -0.123587 0.991263 0.0121952 1.48971 -0.0513918</i>
                        <i>-0.0496133 0.991509 0.120205 -0.997652 -0.0435083 -0.0528928 -0.0472138 -0.122547 0.991339 0.0123165 1.48963 -0.0507123</i>
                        <i>-0.0495889 0.991611 0.119365 -0.997617 -0.0434353 -0.0536146 -0.0479801 -0.12174 0.991402 0.0124107 1.48956 -0.0502075</i>
                        <i>-0.0494346 0.991664 0.118989 -0.997618 -0.0432879 -0.053701 -0.0481026 -0.12136 0.991442 0.0124675 1.48953 -0.05005</i>
                        <i>-0.0490893 0.991652 0.11923 -0.997671 -0.0430225 -0.0529355 -0.0473641 -0.121551 0.991454 0.0124789 1.48954 -0.0503678</i>
                        <i>-0.0485745 0.991582 0.120024 -0.997767 -0.0426572 -0.0513889 -0.0458364 -0.122252 0.99144 0.0124473 1.48959 -0.0511063</i>
                        <i>-0.0479098 0.991459 0.121303 -0.9979 -0.0422099 -0.0491315 -0.0435916 -0.123402 0.991399 0.0123753 1.48968 -0.0522107</i>
                        <i>-0.0471136 0.991287 0.123002 -0.99806 -0.0416987 -0.0462338 -0.040702 -0.124942 0.991329 0.0122659 1.4898 -0.0536263</i>
                        <i>-0.0462037 0.991073 0.125055 -0.998238 -0.0411414 -0.0427665 -0.0372398 -0.126811 0.991228 0.0121225 1.48995 -0.0552982</i>
                        <i>-0.0451979 0.990822 0.127395 -0.998424 -0.040556 -0.0387999 -0.0332772 -0.128948 0.991093 0.011948 1.49011 -0.0571713</i>
                        <i>-0.044115 0.990538 0.129956 -0.998609 -0.0399606 -0.0344047 -0.028886 -0.131293 0.990923 0.0117456 1.49029 -0.0591909</i>
                        <i>-0.0429747 0.990228 0.132671 -0.998784 -0.0393734 -0.0296515 -0.024138 -0.133784 0.990717 0.0115177 1.49048 -0.0613023</i>
                        <i>-0.0417986 0.989899 0.135475 -0.998943 -0.0388123 -0.0246111 -0.0191044 -0.13636 0.990475 0.0112665 1.49067 -0.0634509</i>
                        <i>-0.0406099 0.989558 0.1383 -0.999079 -0.0382957 -0.0193541 -0.0138557 -0.138959 0.990201 0.0109935 1.49087 -0.0655825</i>
                        <i>-0.0394339 0.989212 0.141081 -0.999186 -0.0378417 -0.0139515 -0.00846229 -0.141517 0.9899 0.0106998 1.49106 -0.0676428</i>
                        <i>-0.0382982 0.988872 0.143752 -0.999262 -0.0374687 -0.00847422 -0.00299371 -0.143971 0.989577 0.0103856 1.49124 -0.0695778</i>
                        <i>-0.0372325 0.988547 0.146248 -0.999304 -0.0371949 -0.00299312 0.00248085 -0.146258 0.989243 0.0100507 1.49141 -0.0713338</i>
                    </KeyFrames>
                </p>
            </i>
            <i>
                <p>
                    <Name>
                        <![CDATA[spine2]]>
</Name>
                    <Exclude>0</Exclude>
                    <Additive>0</Additive>
                    <IKPriority>0</IKPriority>
                    <IKRotLimits>-1e+010 -1e+010 -1e+010 1e+010 1e+010 1e+010</IKRotLimits>
                    <IKRotLimitOrder>0</IKRotLimitOrder>
                    <KeyFrames count="60">
                        <i>-0.0258277 0.93662 0.349392 -0.999651 -0.0261334 -0.00383974 0.00553444 -0.349369 0.936969 0.00357747 1.65808 -0.0476447</i>
                        <i>-0.0239796 0.935878 0.351507 -0.999659 -0.0260783 0.00123666 0.0103241 -0.351358 0.936184 0.00335927 1.65818 -0.0487346</i>
                        <i>-0.0223991 0.935017 0.353894 -0.999643 -0.0261128 0.00572164 0.014591 -0.35364 0.935268 0.00313742 1.6583 -0.0499194</i>
                        <i>-0.0210688 0.934063 0.356486 -0.99961 -0.0262256 0.00963809 0.0183516 -0.356144 0.934251 0.00291581 1.65842 -0.0511702</i>
                        <i>-0.019973 0.933042 0.359214 -0.999567 -0.0264054 0.013009 0.0216231 -0.358798 0.933165 0.00269748 1.65854 -0.0524576</i>
                        <i>-0.0190975 0.931978 0.36201 -0.999519 -0.0266409 0.0158573 0.024423 -0.361534 0.932039 0.00248483 1.65867 -0.0537527</i>
                        <i>-0.0184288 0.9309 0.364808 -0.999472 -0.026921 0.018206 0.026769 -0.36428 0.930905 0.00227979 1.65879 -0.0550263</i>
                        <i>-0.0179542 0.929835 0.367539 -0.999427 -0.0272343 0.0200782 0.0286791 -0.366968 0.929792 0.00208401 1.65891 -0.056249</i>
                        <i>-0.0176612 0.92881 0.370135 -0.999389 -0.0275698 0.0214967 0.0301709 -0.369529 0.928729 0.00189905 1.65901 -0.0573916</i>
                        <i>-0.0175374 0.927855 0.372528 -0.999357 -0.0279163 0.0224847 0.0312621 -0.371894 0.927749 0.00172649 1.65911 -0.0584249</i>
                        <i>-0.0175698 0.927 0.374651 -0.999334 -0.0282626 0.023065 0.0319698 -0.373996 0.926879 0.00156812 1.65919 -0.0593197</i>
                        <i>-0.0177451 0.926273 0.376435 -0.99932 -0.0285976 0.0232606 0.0323108 -0.375767 0.926151 0.00142601 1.65926 -0.0600465</i>
                        <i>-0.0180493 0.925706 0.377814 -0.999315 -0.0289102 0.0230945 0.0323014 -0.377138 0.925593 0.00130264 1.65931 -0.0605762</i>
                        <i>-0.0184672 0.925328 0.378719 -0.999319 -0.0291893 0.0225895 0.0319573 -0.378043 0.925236 0.00120098 1.65934 -0.0608795</i>
                        <i>-0.0189826 0.925169 0.37908 -0.99933 -0.0294238 0.0217687 0.0312937 -0.378413 0.925108 0.00112461 1.65936 -0.060927</i>
                        <i>-0.019578 0.925259 0.378831 -0.999348 -0.0296025 0.0206549 0.0303255 -0.378179 0.925235 0.00107773 1.65935 -0.0606895</i>
                        <i>-0.0202751 0.92553 0.378131 -0.999372 -0.0297527 0.0192384 0.0290561 -0.377503 0.925552 0.00105061 1.65933 -0.0602349</i>
                        <i>-0.0210999 0.925892 0.377198 -0.999399 -0.0299085 0.01751 0.0274938 -0.376602 0.925967 0.00103082 1.65929 -0.0596567</i>
                        <i>-0.0220402 0.926338 0.376048 -0.999428 -0.0300689 0.0154937 0.0256598 -0.375492 0.926471 0.00101908 1.65925 -0.0589641</i>
                        <i>-0.0230834 0.92686 0.374697 -0.999456 -0.0302331 0.0132134 0.0235753 -0.374188 0.927053 0.00101618 1.6592 -0.0581658</i>
                        <i>-0.0242169 0.927451 0.373159 -0.999481 -0.0304001 0.0106931 0.0212614 -0.372706 0.927706 0.00102293 1.65915 -0.057271</i>
                        <i>-0.0254282 0.928105 0.37145 -0.999501 -0.0305688 0.00795675 0.0187395 -0.371062 0.928419 0.00104014 1.65908 -0.0562887</i>
                        <i>-0.0267047 0.928813 0.369585 -0.999515 -0.0307383 0.00502829 0.0160308 -0.369272 0.929183 0.00106856 1.65901 -0.0552276</i>
                        <i>-0.0280342 0.929569 0.367582 -0.99952 -0.0309077 0.00193171 0.0131568 -0.367351 0.929989 0.00110884 1.65893 -0.054097</i>
                        <i>-0.0294046 0.930365 0.365454 -0.999516 -0.031076 -0.00130899 0.010139 -0.365315 0.930829 0.00116153 1.65884 -0.0529056</i>
                        <i>-0.0308041 0.931195 0.363218 -0.999501 -0.0312421 -0.00466981 0.0069992 -0.36318 0.931693 0.00122702 1.65875 -0.0516624</i>
                        <i>-0.0322212 0.932052 0.36089 -0.999474 -0.0314053 -0.00812674 0.00375931 -0.360962 0.932573 0.00130552 1.65865 -0.0503765</i>
                        <i>-0.0336449 0.932928 0.358486 -0.999434 -0.0315645 -0.0116558 0.000441417 -0.358676 0.933462 0.00139706 1.65855 -0.0490568</i>
                        <i>-0.0350645 0.933819 0.356024 -0.999381 -0.0317187 -0.0152329 -0.00293217 -0.356337 0.934353 0.00150147 1.65844 -0.0477123</i>
                        <i>-0.0364699 0.934716 0.353519 -0.999315 -0.0318671 -0.0188341 -0.00633897 -0.353963 0.935238 0.00161833 1.65833 -0.046352</i>
                        <i>-0.0378512 0.935615 0.350988 -0.999236 -0.0320086 -0.0224354 -0.00975627 -0.351569 0.936111 0.00174703 1.65821 -0.0449849</i>
                        <i>-0.0391993 0.936508 0.348448 -0.999145 -0.0321425 -0.0260128 -0.0131612 -0.34917 0.936967 0.00188671 1.65809 -0.0436201</i>
                        <i>-0.0405053 0.93739 0.345917 -0.999043 -0.0322677 -0.0295422 -0.0165307 -0.346783 0.9378 0.00203629 1.65797 -0.0422667</i>
                        <i>-0.041761 0.938256 0.343412 -0.998931 -0.0323833 -0.0329998 -0.0198414 -0.344423 0.938605 0.00219445 1.65784 -0.0409338</i>
                        <i>-0.0429584 0.939099 0.34095 -0.998811 -0.0324885 -0.0363615 -0.0230701 -0.342107 0.939378 0.00235966 1.65772 -0.0396306</i>
                        <i>-0.0440903 0.939915 0.33855 -0.998684 -0.0325823 -0.0396034 -0.0261931 -0.33985 0.940115 0.00253018 1.65759 -0.0383662</i>
                        <i>-0.0451496 0.940698 0.336228 -0.998554 -0.0326639 -0.0427015 -0.0291867 -0.33767 0.940812 0.00270407 1.65747 -0.0371499</i>
                        <i>-0.0461297 0.941443 0.334003 -0.998422 -0.0327324 -0.045632 -0.0320272 -0.335581 0.941467 0.00287924 1.65735 -0.035991</i>
                        <i>-0.0470243 0.942144 0.331893 -0.998291 -0.0327869 -0.048371 -0.0346908 -0.3336 0.942076 0.00305343 1.65724 -0.0348987</i>
                        <i>-0.0478275 0.942798 0.329915 -0.998164 -0.0328265 -0.0508947 -0.0371534 -0.331744 0.942638 0.00322427 1.65713 -0.0338824</i>
                        <i>-0.0485334 0.9434 0.328088 -0.998044 -0.0328505 -0.053179 -0.0393912 -0.330028 0.943149 0.00338928 1.65702 -0.0329515</i>
                        <i>-0.0491364 0.943943 0.32643 -0.997935 -0.0328578 -0.0552003 -0.0413801 -0.328468 0.943608 0.00354594 1.65693 -0.0321154</i>
                        <i>-0.0496309 0.944425 0.324959 -0.997837 -0.0328477 -0.0569346 -0.0430963 -0.327082 0.944013 0.00369169 1.65684 -0.0313833</i>
                        <i>-0.0500113 0.94484 0.323693 -0.997756 -0.0328193 -0.0583581 -0.0445157 -0.325885 0.944361 0.00382402 1.65677 -0.0307648</i>
                        <i>-0.0502718 0.945183 0.32265 -0.997693 -0.0327717 -0.059447 -0.0456145 -0.324894 0.94465 0.00394046 1.65671 -0.0302693</i>
                        <i>-0.0504064 0.945449 0.321847 -0.997652 -0.0327041 -0.0601775 -0.046369 -0.324124 0.944877 0.00403865 1.65666 -0.029906</i>
                        <i>-0.0502807 0.945578 0.321487 -0.997651 -0.0325591 -0.0602679 -0.0465206 -0.323763 0.944994 0.00412138 1.65664 -0.0298119</i>
                        <i>-0.0497899 0.945525 0.32172 -0.997706 -0.0322924 -0.0595002 -0.0458698 -0.323944 0.944964 0.00419122 1.65665 -0.030089</i>
                        <i>-0.0489701 0.945308 0.322481 -0.997809 -0.0319223 -0.0579457 -0.0444823 -0.324612 0.944801 0.00424664 1.65669 -0.0306938</i>
                        <i>-0.0478554 0.944947 0.323706 -0.997953 -0.0314673 -0.0556756 -0.0424243 -0.325708 0.944518 0.00428704 1.65676 -0.0315826</i>
                        <i>-0.0464787 0.944457 0.325331 -0.998128 -0.0309458 -0.0527609 -0.0397628 -0.327174 0.944127 0.00431241 1.65685 -0.0327118</i>
                        <i>-0.0448724 0.943858 0.327291 -0.998323 -0.030376 -0.0492728 -0.0365647 -0.328953 0.943638 0.00432294 1.65696 -0.0340376</i>
                        <i>-0.0430689 0.943165 0.329521 -0.99853 -0.0297765 -0.0452824 -0.0328968 -0.330987 0.943062 0.00431876 1.65708 -0.0355164</i>
                        <i>-0.0411015 0.942399 0.331956 -0.998739 -0.0291656 -0.040861 -0.0288256 -0.333217 0.94241 0.00429964 1.65721 -0.0371044</i>
                        <i>-0.0390045 0.941577 0.334532 -0.998941 -0.028562 -0.0360798 -0.024417 -0.335585 0.941694 0.00426481 1.65734 -0.0387582</i>
                        <i>-0.0368135 0.940719 0.337184 -0.999127 -0.0279841 -0.0310102 -0.019736 -0.338032 0.940928 0.00421276 1.65748 -0.0404344</i>
                        <i>-0.034566 0.939844 0.33985 -0.999292 -0.0274506 -0.0257237 -0.0148471 -0.340499 0.940128 0.00414113 1.65762 -0.0420898</i>
                        <i>-0.0323013 0.938975 0.342466 -0.99943 -0.0269801 -0.0202917 -0.00981368 -0.342926 0.939311 0.00404659 1.65775 -0.0436814</i>
                        <i>-0.0300608 0.938133 0.344969 -0.999537 -0.0265913 -0.014786 -0.00469806 -0.345254 0.938498 0.00392484 1.65787 -0.0451663</i>
                        <i>-0.0278878 0.93734 0.347298 -0.999611 -0.0263028 -0.00927811 0.000438174 -0.347422 0.937709 0.00377056 1.65798 -0.0465016</i>
                    </KeyFrames>
                </p>
            </i>
            <i>
                <p>
                    <Name>
                        <![CDATA[head]]>
</Name>
                    <Exclude>0</Exclude>
                    <Additive>0</Additive>
                    <IKPriority>0</IKPriority>
                    <IKRotLimits>-1e+010 -1e+010 -1e+010 1e+010 1e+010 1e+010</IKRotLimits>
                    <IKRotLimitOrder>0</IKRotLimitOrder>
                    <KeyFrames count="60">
                        <i>0.0159705 0.907279 0.420225 -0.0344559 0.420528 -0.906625 -0.999279 3.42593e-009 0.0379772 2.05801e-009 1.91052 0.0364631</i>
                        <i>0.0063303 0.907102 0.420862 -0.0169108 0.420908 -0.906946 -0.999837 -0.00137587 0.0180043 0.000228202 1.91044 0.0359261</i>
                        <i>-0.00413477 0.906924 0.421274 0.00233784 0.421285 -0.906925 -0.999989 -0.00276506 -0.00386216 0.000386439 1.91034 0.0353696</i>
                        <i>-0.014416 0.906822 0.421267 0.0211632 0.421493 -0.906585 -0.999672 -0.00415401 -0.0252675 0.000483102 1.91023 0.0348044</i>
                        <i>-0.0235773 0.906842 0.420811 0.0375929 0.421434 -0.90608 -0.999015 -0.00554343 -0.0440271 0.000525245 1.91011 0.0342413</i>
                        <i>-0.0307657 0.907004 0.419997 0.049795 0.421065 -0.905663 -0.998285 -0.00694957 -0.0581186 0.000518918 1.90998 0.0336909</i>
                        <i>-0.0351948 0.907319 0.418968 0.0560151 0.42036 -0.905627 -0.99781 -0.00840483 -0.065618 0.000469456 1.90984 0.0331641</i>
                        <i>-0.037879 0.907731 0.417839 0.058411 0.419435 -0.905904 -0.997574 -0.00990837 -0.0689092 0.000381758 1.9097 0.0326717</i>
                        <i>-0.0403433 0.908172 0.416649 0.0603256 0.418442 -0.906238 -0.997363 -0.0114259 -0.0716674 0.000260537 1.90956 0.0322246</i>
                        <i>-0.0425934 0.908631 0.415421 0.0617777 0.417398 -0.906622 -0.997181 -0.0129523 -0.0739115 0.000110554 1.90943 0.0318336</i>
                        <i>-0.0446355 0.909103 0.414173 0.0627855 0.416319 -0.907048 -0.997028 -0.0144825 -0.0756611 -6.31662e-005 1.9093 0.0315096</i>
                        <i>-0.0464759 0.909579 0.412924 0.0633675 0.415223 -0.90751 -0.996908 -0.0160114 -0.0769356 -0.00025516 1.90919 0.0312635</i>
                        <i>-0.0481209 0.910051 0.411693 0.0635418 0.414125 -0.908 -0.996818 -0.0175341 -0.0777543 -0.000459344 1.90911 0.0311062</i>
