<?xml version="1.0" encoding="ISO-8859-1" ?>
<Animl Version="1">
    <ModellingPackage>
        <![CDATA[Maya.2010]]>
</ModellingPackage>
    <SrcFile>
        <![CDATA[anims\characters\shared\parachute\~src\parachute_land.mb]]>
</SrcFile>
    <FramesPerSecond>30</FramesPerSecond>
    <TotalFrames>51</TotalFrames>
    <Skeleton>
        <RefFrame>
            <Name>
                <![CDATA[soldier_ref_frame]]>
</Name>
            <Exclude>0</Exclude>
            <Additive>0</Additive>
            <IKPriority>0</IKPriority>
            <IKRotLimits>-1e+010 -1e+010 -1e+010 1e+010 1e+010 1e+010</IKRotLimits>
            <IKRotLimitOrder>0</IKRotLimitOrder>
            <KeyFrames count="51">
                <i>1 0 0 0 1 0 0 0 1 0 0 0</i>
                <i>1 0 0 0 1 0 0 0 1 3.55271e-017 0 0.17173</i>
                <i>1 0 0 0 1 0 0 0 1 3.55271e-017 0 0.327056</i>
                <i>1 0 0 0 1 0 0 0 1 3.55271e-017 0 0.509747</i>
                <i>1 0 0 0 1 0 0 0 1 0 0 0.762901</i>
                <i>1 0 0 0 1 0 0 0 1 -0.00987793 0 1.11771</i>
                <i>1 0 0 0 1 0 0 0 1 -0.031262 0 1.54355</i>
                <i>1 0 0 0 1 0 0 0 1 -0.0529907 0 1.99052</i>
                <i>1 0 0 0 1 0 0 0 1 -0.0655983 0 2.40931</i>
                <i>1 0 0 0 1 0 0 0 1 -0.0595836 0 2.75159</i>
                <i>1 0 0 0 1 0 0 0 1 -0.0282674 0 3.01099</i>
                <i>1 0 0 0 1 0 0 0 1 0.0227516 0 3.22303</i>
                <i>1 0 0 0 1 0 0 0 1 0.0819664 0 3.40436</i>
                <i>1 0 0 0 1 0 0 0 1 0.137629 0 3.58439</i>
                <i>1 0 0 0 1 0 0 0 1 0.184045 0 3.80341</i>
                <i>1 0 0 0 1 0 0 0 1 0.219948 0 4.09406</i>
                <i>1 0 0 0 1 0 0 0 1 0.240394 0 4.51486</i>
                <i>1 0 0 0 1 0 0 0 1 0.248432 0 5.01324</i>
                <i>1 0 0 0 1 0 0 0 1 0.236834 0 5.47328</i>
                <i>1 0 0 0 1 0 0 0 1 0.229908 0 5.82884</i>
                <i>1 0 0 0 1 0 0 0 1 0.243295 0 6.00922</i>
                <i>1 0 0 0 1 0 0 0 1 0.258458 0 6.07062</i>
                <i>1 0 0 0 1 0 0 0 1 0.271764 0 6.1473</i>
                <i>1 0 0 0 1 0 0 0 1 0.28222 0 6.28831</i>
                <i>1 0 0 0 1 0 0 0 1 0.293316 0 6.44358</i>
                <i>1 0 0 0 1 0 0 0 1 0.301744 0 6.59604</i>
                <i>1 0 0 0 1 0 0 0 1 0.303494 0 6.72817</i>
                <i>1 0 0 0 1 0 0 0 1 0.288178 0 6.82622</i>
                <i>1 0 0 0 1 0 0 0 1 0.259947 0 6.89517</i>
                <i>1 0 0 0 1 0 0 0 1 0.236082 0 6.94816</i>
                <i>1 0 0 0 1 0 0 0 1 0.219021 0 6.9829</i>
                <i>1 0 0 0 1 0 0 0 1 0.20395 0 6.99489</i>
                <i>1 0 0 0 1 0 0 0 1 0.197461 0 6.99621</i>
                <i>1 0 0 0 1 0 0 0 1 0.197461 0 6.99621</i>
                <i>1 0 0 0 1 0 0 0 1 0.197461 0 6.99621</i>
                <i>1 0 0 0 1 0 0 0 1 0.197461 0 6.99621</i>
                <i>1 0 0 0 1 0 0 0 1 0.197461 0 6.99621</i>
                <i>1 0 0 0 1 0 0 0 1 0.197461 0 6.99621</i>
                <i>1 0 0 0 1 0 0 0 1 0.197461 0 6.99621</i>
                <i>1 0 0 0 1 0 0 0 1 0.196697 0 6.99621</i>
                <i>1 0 0 0 1 0 0 0 1 0.194877 0 6.99621</i>
                <i>1 0 0 0 1 0 0 0 1 0.192704 0 6.99621</i>
                <i>1 0 0 0 1 0 0 0 1 0.190296 0 6.99621</i>
                <i>1 0 0 0 1 0 0 0 1 0.187535 0 6.99621</i>
                <i>1 0 0 0 1 0 0 0 1 0.184775 0 6.99621</i>
                <i>1 0 0 0 1 0 0 0 1 0.184775 0 6.99621</i>
                <i>1 0 0 0 1 0 0 0 1 0.184775 0 6.99621</i>
                <i>1 0 0 0 1 0 0 0 1 0.184775 0 6.99621</i>
                <i>1 0 0 0 1 0 0 0 1 0.184775 0 6.99621</i>
                <i>1 0 0 0 1 0 0 0 1 0.184775 0 6.99621</i>
                <i>1 0 0 0 1 0 0 0 1 0.184775 0 6.99621</i>
            </KeyFrames>
        </RefFrame>
        <Bones count="23">
            <i>
                <p>
                    <Name>
                        <![CDATA[pelvis]]>
</Name>
                    <Exclude>0</Exclude>
                    <Additive>0</Additive>
                    <IKPriority>0</IKPriority>
                    <IKRotLimits>-1e+010 -1e+010 -1e+010 1e+010 1e+010 1e+010</IKRotLimits>
                    <IKRotLimitOrder>2</IKRotLimitOrder>
                    <KeyFrames count="51">
                        <i>1 0 0 0 1 0 0 0 1 -0.161979 1.31558 -0.221279</i>
                        <i>1 0 0 0 1 0 0 0 1 -0.161979 1.21239 -0.049549</i>
                        <i>1 0 0 0 1 0 0 0 1 -0.161979 1.10684 0.105777</i>
                        <i>1 0 0 0 1 0 0 0 1 -0.161979 1.00791 0.288468</i>
                        <i>1 0 0 0 1 0 0 0 1 -0.161979 0.925113 0.541622</i>
                        <i>1 0 0 0 1 0 0 0 1 -0.171857 0.861504 0.896431</i>
                        <i>1 0 0 0 1 0 0 0 1 -0.193241 0.810136 1.32227</i>
                        <i>1 0 0 0 1 0 0 0 1 -0.21497 0.766286 1.76924</i>
                        <i>1 0 0 0 1 0 0 0 1 -0.227577 0.724426 2.18804</i>
                        <i>1 0 0 0 1 0 0 0 1 -0.221563 0.678813 2.53031</i>
                        <i>1 0 0 0 1 0 0 0 1 -0.190247 0.609715 2.78971</i>
                        <i>1 0 0 0 1 0 0 0 1 -0.139228 0.510967 3.00175</i>
                        <i>1 0 0 0 1 0 0 0 1 -0.0800128 0.407402 3.18308</i>
                        <i>1 0 0 0 1 0 0 0 1 -0.0243501 0.329743 3.36312</i>
                        <i>1 0 0 0 1 0 0 0 1 0.0220658 0.297594 3.58213</i>
                        <i>1 0 0 0 1 0 0 0 1 0.0579684 0.315453 3.87278</i>
                        <i>1 0 0 0 1 0 0 0 1 0.0784152 0.431534 4.29358</i>
                        <i>1 0 0 0 1 0 0 0 1 0.0864528 0.609769 4.79196</i>
                        <i>1 0 0 0 1 0 0 0 1 0.0748548 0.786668 5.252</i>
                        <i>1 0 0 0 1 0 0 0 1 0.0679291 0.939761 5.60756</i>
                        <i>1 0 0 0 1 0 0 0 1 0.0813162 1.07666 5.78794</i>
                        <i>1 0 0 0 1 0 0 0 1 0.0964787 1.19706 5.84934</i>
                        <i>1 0 0 0 1 0 0 0 1 0.109785 1.26544 5.92602</i>
                        <i>1 0 0 0 1 0 0 0 1 0.120241 1.27141 6.06703</i>
                        <i>1 0 0 0 1 0 0 0 1 0.131337 1.24151 6.2223</i>
                        <i>1 0 0 0 1 0 0 0 1 0.139765 1.19546 6.37476</i>
                        <i>1 0 0 0 1 0 0 0 1 0.141515 1.1529 6.50689</i>
                        <i>1 0 0 0 1 0 0 0 1 0.126199 1.10909 6.60494</i>
                        <i>1 0 0 0 1 0 0 0 1 0.0979682 1.05928 6.67389</i>
                        <i>1 0 0 0 1 0 0 0 1 0.0741028 1.02472 6.72688</i>
                        <i>1 0 0 0 1 0 0 0 1 0.0570417 1.02197 6.76162</i>
                        <i>1 0 0 0 1 0 0 0 1 0.0419706 1.03807 6.77362</i>
                        <i>1 0 0 0 1 0 0 0 1 0.0354818 1.05068 6.77494</i>
                        <i>1 0 0 0 1 0 0 0 1 0.0354818 1.05365 6.77494</i>
                        <i>1 0 0 0 1 0 0 0 1 0.0354818 1.05571 6.77494</i>
                        <i>1 0 0 0 1 0 0 0 1 0.0354818 1.05695 6.77494</i>
                        <i>1 0 0 0 1 0 0 0 1 0.0354818 1.05742 6.77494</i>
                        <i>1 0 0 0 1 0 0 0 1 0.0354818 1.05719 6.77494</i>
                        <i>1 0 0 0 1 0 0 0 1 0.0354818 1.05634 6.77494</i>
                        <i>1 0 0 0 1 0 0 0 1 0.0347183 1.05191 6.77494</i>
                        <i>1 0 0 0 1 0 0 0 1 0.0328976 1.04471 6.77494</i>
                        <i>1 0 0 0 1 0 0 0 1 0.0307245 1.04041 6.77494</i>
                        <i>1 0 0 0 1 0 0 0 1 0.0283165 1.04189 6.77494</i>
                        <i>1 0 0 0 1 0 0 0 1 0.0255562 1.04629 6.77494</i>
                        <i>1 0 0 0 1 0 0 0 1 0.0227958 1.05068 6.77494</i>
                        <i>1 0 0 0 1 0 0 0 1 0.0227958 1.05068 6.77494</i>
                        <i>1 0 0 0 1 0 0 0 1 0.0227958 1.05068 6.77494</i>
                        <i>1 0 0 0 1 0 0 0 1 0.0227958 1.05068 6.77494</i>
                        <i>1 0 0 0 1 0 0 0 1 0.0227958 1.05068 6.77494</i>
                        <i>1 0 0 0 1 0 0 0 1 0.0227958 1.05068 6.77494</i>
                        <i>1 0 0 0 1 0 0 0 1 0.0227958 1.05068 6.77494</i>
                    </KeyFrames>
                </p>
            </i>
            <i>
                <p>
                    <Name>
                        <![CDATA[spine0]]>
</Name>
                    <Exclude>0</Exclude>
                    <Additive>0</Additive>
                    <IKPriority>0</IKPriority>
                    <IKRotLimits>-1e+010 -1e+010 -1e+010 1e+010 1e+010 1e+010</IKRotLimits>
                    <IKRotLimitOrder>0</IKRotLimitOrder>
                    <KeyFrames count="51">
                        <i>-0.0590938 0.981976 -0.179528 -0.998135 -0.0553669 0.0257041 0.0153009 0.180712 0.983417 -0.201977 1.41298 -0.319306</i>
                        <i>-0.0553211 0.985904 0.157899 -0.997199 -0.062528 0.0410418 0.0503364 -0.155186 0.986602 -0.20327 1.33423 -0.113938</i>
                        <i>-0.053965 0.866655 0.495981 -0.994346 -0.0921327 0.0527991 0.0914546 -0.490327 0.866727 -0.204135 1.2422 0.0813613</i>
                        <i>-0.0532098 0.635038 0.770646 -0.990383 -0.132258 0.0406031 0.127708 -0.761075 0.635968 -0.204393 1.14439 0.304928</i>
                        <i>-0.0521679 0.369272 0.927856 -0.988214 -0.152984 0.00532357 0.143913 -0.916643 0.372901 -0.204383 1.05201 0.594482</i>
                        <i>-0.0326765 0.120058 0.992229 -0.981564 -0.190911 -0.00922543 0.18832 -0.974238 0.124083 -0.216758 0.969005 0.980834</i>
                        <i>0.0514706 -0.136672 0.989278 -0.9608 -0.276995 0.0117213 0.272423 -0.951102 -0.145571 -0.238051 0.888109 1.43456</i>
                        <i>0.198586 -0.378609 0.904002 -0.92681 -0.372503 0.0475872 0.318727 -0.847288 -0.424872 -0.249327 0.807682 1.90267</i>
                        <i>0.35832 -0.596112 0.718511 -0.893923 -0.441045 0.0798839 0.269276 -0.670917 -0.690913 -0.240434 0.724805 2.33132</i>
                        <i>0.447762 -0.791184 0.416579 -0.88677 -0.452674 0.0934116 0.114669 -0.411235 -0.904288 -0.2096 0.633114 2.6662</i>
                        <i>0.422394 -0.90558 -0.0388359 -0.900072 -0.424113 0.0999977 -0.107027 -0.00728329 -0.994229 -0.158243 0.514521 2.89272</i>
                        <i>0.284299 -0.773801 -0.566045 -0.906446 -0.409264 0.104209 -0.312299 0.483462 -0.817761 -0.0972359 0.379566 3.04258</i>
                        <i>0.0838965 -0.357119 -0.930284 -0.910457 -0.406911 0.0740974 -0.405005 0.840767 -0.35928 -0.0430441 0.27345 3.14585</i>
                        <i>-0.0826901 0.177025 -0.980727 -0.925825 -0.377825 0.00986229 -0.368797 0.908796 0.195136 -0.00390917 0.232972 3.25865</i>
                        <i>-0.160391 0.609832 -0.776131 -0.953335 -0.299476 -0.038297 -0.255787 0.73377 0.629408 0.0225854 0.262294 3.44267</i>
                        <i>-0.160902 0.846178 -0.508028 -0.979177 -0.20142 -0.0253648 -0.12379 0.493368 0.860967 0.0413071 0.341098 3.7322</i>
                        <i>-0.099113 0.908433 -0.406111 -0.995076 -0.0906417 0.0400951 -0.000386928 0.408086 0.912944 0.0505398 0.49643 4.16825</i>
                        <i>-0.00083888 0.91438 -0.404857 -0.994168 0.0428969 0.0989437 0.107839 0.402579 0.909011 0.0553539 0.692729 4.67862</i>
                        <i>0.0895163 0.910171 -0.404445 -0.980416 0.152045 0.125168 0.175418 0.38532 0.905956 0.0442136 0.874327 5.14212</i>
                        <i>0.11054 0.891559 -0.439207 -0.975379 0.182167 0.124303 0.190833 0.414653 0.889745 0.0366491 1.02195 5.49371</i>
                        <i>0.100892 0.888008 -0.448622 -0.981831 0.16171 0.0992835 0.160711 0.430455 0.88819 0.0536748 1.15106 5.66795</i>
                        <i>0.112268 0.91615 -0.384792 -0.986425 0.149455 0.0680351 0.11984 0.371931 0.920492 0.0774088 1.26784 5.72555</i>
                        <i>0.110784 0.942777 -0.31448 -0.987905 0.139007 0.0687124 0.108496 0.303064 0.946774 0.0947 1.3367 5.80196</i>
                        <i>0.0724329 0.94054 -0.33187 -0.986306 0.116979 0.116257 0.148166 0.318905 0.936134 0.100973 1.34615 5.94563</i>
                        <i>0.0147374 0.91794 -0.396446 -0.979101 0.0936806 0.180513 0.20284 0.3855 0.900136 0.104458 1.32146 6.10576</i>
                        <i>-0.0358765 0.894246 -0.446136 -0.965411 0.0843516 0.246711 0.258252 0.439556 0.860288 0.10506 1.28243 6.26555</i>
                        <i>-0.0654645 0.898519 -0.434025 -0.945635 0.0830014 0.314461 0.318574 0.431015 0.844237 0.102312 1.24932 6.40759</i>
                        <i>-0.0737965 0.954912 -0.28757 -0.909958 0.0535198 0.411233 0.408082 0.292024 0.86498 0.0891131 1.22146 6.52311</i>
                        <i>-0.0772265 0.996994 -0.00626114 -0.864341 -0.0638186 0.498841 0.496942 0.0439355 0.866671 0.0704463 1.18695 6.61356</i>
                        <i>-0.0708818 0.974132 0.214574 -0.839682 -0.174389 0.514318 0.538433 -0.143719 0.830322 0.0534472 1.15809 6.67704</i>
                        <i>-0.043919 0.951223 0.305361 -0.83617 -0.202266 0.509812 0.546709 -0.232943 0.804268 0.0363862 1.15615 6.71401</i>
                        <i>-0.0133002 0.934007 0.357007 -0.838587 -0.204882 0.504773 0.544606 -0.292668 0.785971 0.021315 1.17365 6.73018</i>
                        <i>0.00139445 0.926043 0.377416 -0.84029 -0.203526 0.502484 0.542135 -0.31784 0.777861 0.0148262 1.18697 6.73376</i>
                        <i>0.00141529 0.924339 0.38157 -0.839862 -0.206017 0.502184 0.542798 -0.321177 0.776026 0.0148262 1.18994 6.73376</i>
                        <i>0.00142417 0.92438 0.38147 -0.839874 -0.205949 0.502192 0.54278 -0.321102 0.77607 0.0148262 1.192 6.73376</i>
                        <i>0.00142482 0.925488 0.378775 -0.840154 -0.20432 0.502388 0.542346 -0.318946 0.777261 0.0148262 1.19323 6.73376</i>
                        <i>0.00142082 0.926982 0.375102 -0.840531 -0.202109 0.502653 0.541762 -0.315999 0.77887 0.0148262 1.1937 6.73376</i>
                        <i>0.00141542 0.928219 0.372031 -0.840841 -0.200269 0.502871 0.54128 -0.31353 0.780202 0.0148262 1.19348 6.73376</i>
                        <i>0.00141159 0.928579 0.371132 -0.840931 -0.199733 0.502934 0.541141 -0.312806 0.780589 0.0148262 1.19263 6.73376</i>
                        <i>0.00118263 0.927237 0.374473 -0.844531 -0.199607 0.496916 0.535506 -0.316842 0.782844 0.0143761 1.18819 6.73358</i>
                        <i>0.000734715 0.924848 0.380336 -0.851152 -0.199068 0.485709 0.52492 -0.32408 0.78704 0.0131416 1.18097 6.73324</i>
                        <i>0.000476728 0.923268 0.384156 -0.854597 -0.199113 0.479602 0.519292 -0.328528 0.788927 0.0112865 1.17666 6.73306</i>
                        <i>4.57971e-005 0.923579 0.383409 -0.860937 -0.195008 0.46985 0.508711 -0.330113 0.795134 0.00936003 1.17813 6.73279</i>
                        <i>-0.000370295 0.92492 0.380161 -0.872604 -0.18598 0.451634 0.488428 -0.331563 0.807158 0.00750359 1.1825 6.7323</i>
                        <i>0.000579209 0.926578 0.376102 -0.879059 -0.178821 0.441903 0.476713 -0.330872 0.814413 0.00523511 1.18688 6.73205</i>
                        <i>0.000579209 0.926578 0.376102 -0.879059 -0.178821 0.441903 0.476713 -0.330872 0.814413 0.00523511 1.18688 6.73205</i>
                        <i>0.000579209 0.926578 0.376102 -0.879059 -0.178821 0.441903 0.476713 -0.330872 0.814413 0.00523511 1.18688 6.73205</i>
                        <i>0.000579209 0.926578 0.376102 -0.879059 -0.178821 0.441903 0.476713 -0.330872 0.814413 0.00523511 1.18688 6.73205</i>
                        <i>0.000579209 0.926578 0.376102 -0.879059 -0.178821 0.441903 0.476713 -0.330872 0.814413 0.00523511 1.18688 6.73205</i>
                        <i>0.000579209 0.926578 0.376102 -0.879059 -0.178821 0.441903 0.476713 -0.330872 0.814413 0.00523511 1.18688 6.73205</i>
                        <i>0.000579209 0.926578 0.376102 -0.879059 -0.178821 0.441903 0.476713 -0.330872 0.814413 0.00523511 1.18688 6.73205</i>
                    </KeyFrames>
                </p>
            </i>
            <i>
                <p>
                    <Name>
                        <![CDATA[spine1]]>
</Name>
                    <Exclude>0</Exclude>
                    <Additive>0</Additive>
                    <IKPriority>0</IKPriority>
                    <IKRotLimits>-1e+010 -1e+010 -1e+010 1e+010 1e+010 1e+010</IKRotLimits>
                    <IKRotLimitOrder>0</IKRotLimitOrder>
                    <KeyFrames count="51">
                        <i>0.226956 0.947515 0.225182 -0.971063 0.237812 -0.0219473 -0.0743464 -0.213685 0.974069 -0.213784 1.60911 -0.355337</i>
                        <i>0.242377 0.764418 0.597426 -0.969531 0.213406 0.120283 -0.0355475 -0.608377 0.792852 -0.213943 1.52433 -0.0836236</i>
                        <i>0.259777 0.397531 0.880048 -0.965657 0.102431 0.238778 0.00477683 -0.911854 0.410488 -0.214045 1.40129 0.17232</i>
                        <i>0.272904 -0.0500733 0.960737 -0.961331 -0.0525718 0.270333 0.0369712 -0.997361 -0.062484 -0.213732 1.25583 0.440138</i>
                        <i>0.277535 -0.383425 0.880886 -0.959311 -0.160168 0.232528 0.0519322 -0.909578 -0.412276 -0.213367 1.11561 0.754259</i>
                        <i>0.32099 -0.581685 0.747401 -0.944568 -0.254098 0.207909 0.0689756 -0.772707 -0.631004 -0.222386 0.989683 1.1517</i>
                        <i>0.432799 -0.71664 0.546911 -0.89893 -0.388767 0.201953 0.067894 -0.57904 -0.812467 -0.229189 0.864578 1.60491</i>
                        <i>0.556247 -0.781747 0.28189 -0.83101 -0.521854 0.192589 -0.00345063 -0.341381 -0.939919 -0.215131 0.742489 2.05834</i>
                        <i>0.619338 -0.78415 -0.0391007 -0.770698 -0.616706 0.160307 -0.149819 -0.0691495 -0.986292 -0.178731 0.622156 2.45505</i>
                        <i>0.565674 -0.723751 -0.395218 -0.76001 -0.64355 0.0907142 -0.319997 0.249055 -0.914097 -0.132494 0.496872 2.73794</i>
                        <i>0.3853 -0.523806 -0.759718 -0.804874 -0.593445 0.000963099 -0.451355 0.611106 -0.650252 -0.0838252 0.354981 2.8859</i>
                        <i>0.134517 -0.11158 -0.984609 -0.863472 -0.500666 -0.0612296 -0.486129 0.858419 -0.163694 -0.0442704 0.235438 2.93725</i>
                        <i>-0.0785282 0.395175 -0.915243 -0.912323 -0.39858 -0.0938172 -0.401872 0.82763 0.391827 -0.0262702 0.202198 2.96067</i>
                        <i>-0.177907 0.793067 -0.582575 -0.95093 -0.290849 -0.105541 -0.253143 0.535211 0.805896 -0.0212748 0.27012 3.05158</i>
                        <i>-0.162264 0.973098 -0.163555 -0.981301 -0.176527 -0.0767256 -0.103533 0.148047 0.983546 -0.0123235 0.395091 3.27321</i>
                        <i>-0.0763515 0.984689 0.156712 -0.996849 -0.0787766 0.00931323 0.0215159 -0.155507 0.9876 0.00641743 0.524626 3.6217</i>
                        <i>0.0473597 0.990261 0.130917 -0.991552 0.0307621 0.126012 0.120758 -0.135779 0.983352 0.0293506 0.690538 4.08119</i>
                        <i>0.142375 0.982292 -0.121789 -0.966524 0.164503 0.196901 0.213449 0.0896784 0.97283 0.0551136 0.908276 4.58275</i>
                        <i>0.189573 0.942203 -0.276254 -0.946595 0.250115 0.203472 0.260807 0.222928 0.939299 0.0689479 1.12672 5.02927</i>
                        <i>0.185202 0.918873 -0.348386 -0.945929 0.262766 0.190191 0.266306 0.294325 0.917853 0.0700605 1.29234 5.35963</i>
                        <i>0.164526 0.93267 -0.321025 -0.958708 0.227746 0.170327 0.231972 0.279746 0.931628 0.0824949 1.40542 5.53867</i>
                        <i>0.157583 0.971244 -0.178476 -0.972942 0.183627 0.140229 0.16897 0.15155 0.9739 0.104937 1.49276 5.6306</i>
                        <i>0.137288 0.989786 -0.038414 -0.980028 0.141363 0.139863 0.143865 0.0184453 0.989425 0.118618 1.54041 5.73372</i>
                        <i>0.104021 0.993386 -0.0486229 -0.97782 0.111082 0.177565 0.181792 0.0290739 0.982907 0.115831 1.53941 5.87722</i>
                        <i>0.0657675 0.987904 -0.140431 -0.96864 0.0970021 0.228751 0.239606 0.120983 0.963303 0.107396 1.50673 6.02555</i>
                        <i>0.035011 0.971269 -0.235396 -0.951852 0.104186 0.28831 0.304551 0.213968 0.928152 0.0977992 1.46218 6.17567</i>
                        <i>0.0142197 0.968266 -0.249518 -0.924958 0.107525 0.364543 0.379804 0.22561 0.897134 0.0894634 1.42497 6.32258</i>
                        <i>-0.0110237 0.996942 -0.0773629 -0.865875 0.0291798 0.499408 0.500138 0.072492 0.862906 0.0758037 1.39339 6.47128</i>
                        <i>-0.0677089 0.963793 0.257913 -0.764919 -0.216115 0.606789 0.640557 -0.156197 0.751857 0.0569464 1.36111 6.61245</i>
                        <i>-0.0779046 0.866715 0.492682 -0.698973 -0.399866 0.592912 0.710892 -0.298181 0.636962 0.0402186 1.33925 6.71687</i>
                        <i>-0.0314742 0.812266 0.582438 -0.691299 -0.43856 0.574257 0.721883 -0.384564 0.575321 0.027841 1.3397 6.77282</i>
                        <i>0.00799047 0.786373 0.6177 -0.69279 -0.441095 0.570506 0.721095 -0.432495 0.541267 0.0186754 1.35402 6.799</i>
                        <i>0.0254277 0.777426 0.62846 -0.693726 -0.438929 0.571039 0.71979 -0.450499 0.52816 0.0150252 1.36525 6.8063</i>
                        <i>0.0251221 0.775041 0.631412 -0.692738 -0.441882 0.56996 0.720752 -0.451721 0.525799 0.0150271 1.36888 6.80751</i>
                        <i>0.0248733 0.776327 0.629839 -0.693172 -0.440588 0.570434 0.720343 -0.450775 0.527169 0.0150272 1.37177 6.80782</i>
                        <i>0.024688 0.779695 0.625672 -0.694416 -0.436852 0.571793 0.71915 -0.448593 0.530648 0.0150261 1.37383 6.80754</i>
                        <i>0.0245718 0.783605 0.620773 -0.695873 -0.432419 0.573389 0.717745 -0.446068 0.534664 0.0150246 1.37498 6.80698</i>
                        <i>0.0245329 0.786578 0.617004 -0.696985 -0.428994 0.57461 0.716666 -0.444139 0.537708 0.0150234 1.37512 6.80643</i>
                        <i>0.0245815 0.787164 0.616254 -0.697216 -0.428276 0.574864 0.716439 -0.443793 0.538296 0.015023 1.37418 6.80619</i>
                        <i>0.0243518 0.781851 0.62299 -0.701646 -0.430533 0.567744 0.712109 -0.450944 0.538098 0.0145323 1.368 6.80607</i>
                        <i>0.0238145 0.77245 0.634629 -0.709952 -0.433868 0.554731 0.703847 -0.463767 0.53807 0.013219 1.35783 6.80586</i>
                        <i>0.0235729 0.766303 0.642047 -0.713989 -0.436624 0.547338 0.699759 -0.471317 0.536839 0.0113198 1.35168 6.80578</i>
                        <i>0.0224503 0.767419 0.640752 -0.722833 -0.430304 0.540695 0.690658 -0.475296 0.545056 0.00931156 1.35357 6.80552</i>
                        <i>0.0203461 0.772048 0.635239 -0.741299 -0.414687 0.52774 0.670866 -0.48164 0.563881 0.00737352 1.35954 6.80496</i>
                        <i>0.0195698 0.776875 0.62935 -0.755947 -0.40047 0.51785 0.65434 -0.485889 0.579439 0.0052849 1.36553 6.80444</i>
                        <i>0.0195698 0.776875 0.62935 -0.755947 -0.40047 0.51785 0.65434 -0.485889 0.579439 0.0052849 1.36553 6.80444</i>
                        <i>0.0195698 0.776875 0.62935 -0.755947 -0.40047 0.51785 0.65434 -0.485889 0.579439 0.0052849 1.36553 6.80444</i>
                        <i>0.0195698 0.776875 0.62935 -0.755947 -0.40047 0.51785 0.65434 -0.485889 0.579439 0.0052849 1.36553 6.80444</i>
                        <i>0.0195698 0.776875 0.62935 -0.755947 -0.40047 0.51785 0.65434 -0.485889 0.579439 0.0052849 1.36553 6.80444</i>
                        <i>0.0195698 0.776875 0.62935 -0.755947 -0.40047 0.51785 0.65434 -0.485889 0.579439 0.0052849 1.36553 6.80444</i>
                        <i>0.0195698 0.776875 0.62935 -0.755947 -0.40047 0.51785 0.65434 -0.485889 0.579439 0.0052849 1.36553 6.80444</i>
                    </KeyFrames>
                </p>
            </i>
            <i>
                <p>
                    <Name>
                        <![CDATA[spine2]]>
</Name>
                    <Exclude>0</Exclude>
                    <Additive>0</Additive>
                    <IKPriority>0</IKPriority>
                    <IKRotLimits>-1e+010 -1e+010 -1e+010 1e+010 1e+010 1e+010</IKRotLimits>
                    <IKRotLimitOrder>0</IKRotLimitOrder>
                    <KeyFrames count="51">
                        <i>0.245327 0.869436 0.428831 -0.968112 0.242871 0.061429 -0.0507421 -0.430227 0.901294 -0.172133 1.78301 -0.313508</i>
                        <i>0.249654 0.600262 0.759841 -0.968072 0.136418 0.210302 0.0225798 -0.788084 0.615154 -0.170984 1.65947 0.0225469</i>
                        <i>0.260012 0.189389 0.94685 -0.960165 -0.0532346 0.274316 0.102358 -0.980458 0.168003 -0.170205 1.46791 0.320734</i>
                        <i>0.272324 -0.225502 0.935408 -0.947975 -0.229453 0.220668 0.164871 -0.946837 -0.276256 -0.169698 1.24743 0.594747</i>
                        <i>0.278373 -0.515635 0.810326 -0.941501 -0.313351 0.12404 0.189957 -0.797453 -0.5727 -0.169422 1.05476 0.893215</i>
                        <i>0.323944 -0.691595 0.645568 -0.925253 -0.373971 0.0636547 0.1974 -0.617934 -0.761046 -0.171574 0.897583 1.2695</i>
                        <i>0.434517 -0.796636 0.420197 -0.884192 -0.466118 0.0306292 0.171461 -0.384844 -0.906916 -0.160724 0.751243 1.69099</i>
                        <i>0.546189 -0.826036 0.139075 -0.834614 -0.550799 0.00630714 0.0713925 -0.119519 -0.990262 -0.127201 0.618965 2.10252</i>
                        <i>0.586945 -0.788121 -0.185367 -0.804461 -0.59353 -0.0237438 -0.0913079 0.163057 -0.982382 -0.0808922 0.498354 2.44853</i>
                        <i>0.508504 -0.68097 -0.526976 -0.823732 -0.56296 -0.0673891 -0.250776 0.468355 -0.847204 -0.0431888 0.382719 2.67521</i>
                        <i>0.312 -0.416082 -0.854126 -0.880737 -0.46382 -0.0957732 -0.356311 0.782142 -0.511171 -0.0216646 0.270634 2.76289</i>
                        <i>0.0581371 0.0673248 -0.996036 -0.930593 -0.357543 -0.0784846 -0.36141 0.931467 0.0418655 -0.0214736 0.216867 2.76897</i>
                        <i>-0.137542 0.597875 -0.789701 -0.960342 -0.27572 -0.041483 -0.242538 0.752677 0.612088 -0.0408329 0.275015 2.79368</i>
                        <i>-0.198626 0.927995 -0.315235 -0.977497 -0.210894 -0.00492601 -0.0710525 0.307162 0.949001 -0.0558983 0.424278 2.93937</i>
                        <i>-0.139804 0.973 0.183646 -0.987516 -0.150602 0.0461564 0.0725676 -0.174901 0.981908 -0.0448406 0.590127 3.24137</i>
                        <i>-0.023594 0.855993 0.516449 -0.985429 -0.106954 0.132252 0.168443 -0.505803 0.846044 -0.00868558 0.720772 3.65381</i>
                        <i>0.0946663 0.858947 0.503238 -0.967109 -0.0405333 0.251111 0.236089 -0.510458 0.826859 0.0388797 0.884952 4.10765</i>
                        <i>0.14888 0.973317 0.174612 -0.936398 0.0820187 0.34122 0.317793 -0.214307 0.923623 0.0863658 1.12153 4.55724</i>
                        <i>0.134968 0.981622 -0.134917 -0.916086 0.17551 0.36053 0.377583 0.0749352 0.922939 0.117913 1.36784 4.96008</i>
                        <i>0.097202 0.960932 -0.259156 -0.91445 0.18901 0.357851 0.392853 0.202201 0.897096 0.122451 1.54982 5.26393</i>
                        <i>0.063486 0.970721 -0.231667 -0.929814 0.141856 0.339591 0.362512 0.193848 0.911597 0.126419 1.65213 5.45544</i>
                        <i>0.0325341 0.989582 -0.14025 -0.951473 0.0736282 0.298793 0.306006 0.123723 0.943956 0.140837 1.71254 5.59129</i>
                        <i>-0.00370421 0.997489 -0.0707256 -0.959687 0.0163314 0.280595 0.281045 0.0689139 0.957217 0.146089 1.73725 5.72675</i>
                        <i>-0.0302412 0.997907 -0.0571615 -0.955483 -0.0120691 0.294798 0.293491 0.0635319 0.953848 0.135656 1.72727 5.86854</i>
                        <i>-0.0406898 0.998011 -0.0481557 -0.946024 -0.0229714 0.323282 0.321532 0.0587107 0.945077 0.119774 1.6903 5.99991</i>
                        <i>-0.0362431 0.998975 -0.0271262 -0.9281 -0.0235817 0.371583 0.370562 0.0386432 0.928003 0.104463 1.642 6.13252</i>
                        <i>-0.023046 0.999152 0.0341088 -0.89567 -0.0357916 0.443276 0.444121 -0.0203345 0.895736 0.0922196 1.59931 6.27798</i>
                        <i>0.00433208 0.983236 0.182284 -0.811817 -0.102979 0.574759 0.583896 -0.150471 0.797762 0.074131 1.55858 6.45855</i>
                        <i>0.0498099 0.93494 0.351291 -0.682864 -0.224794 0.695101 0.728846 -0.274507 0.62724 0.0462251 1.51603 6.65388</i>
                        <i>0.093497 0.880196 0.46531 -0.618925 -0.314695 0.719652 0.779865 -0.355277 0.515352 0.0271949 1.48754 6.80122</i>
                        <i>0.123823 0.849435 0.512961 -0.62059 -0.337079 0.707987 0.774297 -0.406003 0.485412 0.0226481 1.48383 6.87631</i>
                        <i>0.138652 0.845256 0.51606 -0.619937 -0.332289 0.710818 0.772304 -0.418481 0.477933 0.0205021 1.49365 6.90881</i>
                        <i>0.142804 0.847253 0.511634 -0.618173 -0.327356 0.714634 0.772962 -0.418331 0.477001 0.0199347 1.50286 6.91766</i>
                        <i>0.142349 0.845963 0.51389 -0.617832 -0.32968 0.713859 0.773318 -0.419115 0.475734 0.0199188 1.50682 6.92001</i>
                        <i>0.141897 0.846163 0.513686 -0.617822 -0.329748 0.713836 0.773409 -0.418658 0.475988 0.0199031 1.51056 6.92056</i>
                        <i>0.141501 0.847262 0.511982 -0.618019 -0.32841 0.714283 0.773324 -0.417486 0.477153 0.0198895 1.5137 6.91993</i>
                        <i>0.141209 0.848671 0.509723 -0.618295 -0.32651 0.714914 0.773157 -0.416111 0.478623 0.0198795 1.51585 6.91873</i>
                        <i>0.141072 0.849809 0.507862 -0.618529 -0.324889 0.71545 0.772995 -0.415057 0.479799 0.0198748 1.51663 6.91759</i>
                        <i>0.141141 0.850098 0.507359 -0.618601 -0.32439 0.715614 0.772925 -0.414855 0.480086 0.0198772 1.51566 6.91711</i>
                        <i>0.140854 0.848124 0.51073 -0.626474 -0.323101 0.70932 0.766609 -0.41987 0.485818 0.019293 1.50738 6.91727</i>
                        <i>0.14017 0.844747 0.516483 -0.640997 -0.320147 0.697588 0.754636 -0.428845 0.496606 0.017798 1.49364 6.91756</i>
                        <i>0.13994 0.842712 0.519859 -0.648707 -0.318625 0.691128 0.748062 -0.433952 0.502085 0.0158036 1.48523 6.91777</i>
                        <i>0.137972 0.842541 0.520661 -0.657911 -0.314986 0.684059 0.740349 -0.43693 0.510858 0.0136108 1.4876 6.91753</i>
                        <i>0.133127 0.842705 0.521657 -0.677605 -0.30672 0.668412 0.723277 -0.442461 0.530188 0.0113409 1.49538 6.91687</i>
                        <i>0.127763 0.842586 0.523188 -0.696043 -0.299615 0.6525 0.706542 -0.447526 0.548196 0.00914401 1.50322 6.91616</i>
                        <i>0.127763 0.842586 0.523188 -0.696043 -0.299615 0.6525 0.706542 -0.447526 0.548196 0.00914401 1.50322 6.91616</i>
                        <i>0.127763 0.842586 0.523188 -0.696043 -0.299615 0.6525 0.706542 -0.447526 0.548196 0.00914401 1.50322 6.91616</i>
                        <i>0.127763 0.842586 0.523188 -0.696043 -0.299615 0.6525 0.706542 -0.447526 0.548196 0.00914401 1.50322 6.91616</i>
                        <i>0.127763 0.842586 0.523188 -0.696043 -0.299615 0.6525 0.706542 -0.447526 0.548196 0.00914401 1.50322 6.91616</i>
                        <i>0.127763 0.842586 0.523188 -0.696043 -0.299615 0.6525 0.706542 -0.447526 0.548196 0.00914401 1.50322 6.91616</i>
                        <i>0.127763 0.842586 0.523188 -0.696043 -0.299615 0.6525 0.706542 -0.447526 0.548196 0.00914401 1.50322 6.91616</i>
                    </KeyFrames>
                </p>
            </i>
            <i>
                <p>
                    <Name>
                        <![CDATA[head]]>
</Name>
                    <Exclude>0</Exclude>
                    <Additive>0</Additive>
                    <IKPriority>0</IKPriority>
                    <IKRotLimits>-1e+010 -1e+010 -1e+010 1e+010 1e+010 1e+010</IKRotLimits>
                    <IKRotLimitOrder>0</IKRotLimitOrder>
                    <KeyFrames count="51">
                        <i>0.245273 0.709593 0.660545 0.0515473 0.670848 -0.739801 -0.968083 0.215503 0.127963 -0.112368 2.02847 -0.206431</i>
                        <i>0.198479 0.686234 0.699777 -0.119821 0.725616 -0.677587 -0.972753 0.050639 0.226245 -0.11287 1.83175 0.219388</i>
                        <i>0.0671491 0.664729 0.744061 -0.247308 0.733561 -0.63303 -0.966607 -0.141505 0.213651 -0.111807 1.53228 0.564868</i>
                        <i>-0.0775479 0.581804 0.809624 -0.283042 0.765809 -0.577429 -0.955967 -0.273936 0.105288 -0.109684 1.2078 0.834826</i>
                        <i>-0.150732 0.40074 0.903708 -0.267018 0.86367 -0.427522 -0.95183 -0.305748 -0.0231782 -0.108481 0.942765 1.10427</i>
                        <i>-0.125711 0.0163671 0.991932 -0.318501 0.946268 -0.0559783 -0.93955 -0.322969 -0.113743 -0.0995202 0.738522 1.4436</i>
                        <i>0.0466364 -0.519937 0.852931 -0.405822 0.770357 0.491791 -0.912761 -0.369074 -0.175075 -0.0608202 0.561353 1.81249</i>
                        <i>0.306327 -0.883119 0.355336 -0.327016 0.252937 0.91054 -0.893993 -0.395124 -0.211313 0.00233754 0.416219 2.15651</i>
                        <i>0.419471 -0.860025 -0.290521 -0.0757458 -0.352083 0.932899 -0.904603 -0.369318 -0.212832 0.06203 0.299111 2.42251</i>
                        <i>0.302104 -0.578319 -0.757813 0.115194 -0.766985 0.63124 -0.946289 -0.277996 -0.16509 0.0835688 0.203826 2.56237</i>
                        <i>0.0683452 -0.173236 -0.982506 0.164659 -0.969344 0.18237 -0.98398 -0.174243 -0.0377252 0.0596938 0.150993 2.56007</i>
                        <i>-0.175638 0.327619 -0.928341 0.116592 -0.929441 -0.350066 -0.977526 -0.169722 0.125047 -0.00273732 0.218623 2.51377</i>
                        <i>-0.324687 0.746011 -0.581417 0.00294128 -0.613922 -0.789361 -0.945817 -0.258006 0.197138 -0.0752859 0.424785 2.57764</i>
                        <i>-0.341148 0.935967 -0.0870803 -0.111882 -0.132409 -0.984861 -0.933328 -0.326241 0.149889 -0.109972 0.676982 2.84746</i>
                        <i>-0.256355 0.894434 0.36643 -0.186068 0.326343 -0.926757 -0.948505 -0.305759 0.0827655 -0.0841257 0.863282 3.29187</i>
                        <i>-0.126245 0.732613 0.668835 -0.228085 0.634728 -0.738307 -0.965422 -0.245759 0.0869667 -0.0161937 0.961141 3.8009</i>
                        <i>0.000554466 0.696689 0.717373 -0.258595 0.693072 -0.672889 -0.965986 -0.185136 0.180544 0.0567886 1.11513 4.24285</i>
                        <i>0.0716842 0.83331 0.548138 -0.317918 0.539978 -0.779328 -0.945405 -0.118397 0.303632 0.105701 1.36905 4.59755</i>
                        <i>0.0640915 0.950586 0.303773 -0.406156 0.302895 -0.862144 -0.911554 -0.0681232 0.405499 0.125431 1.61008 4.91667</i>
                        <i>0.0155354 0.982678 0.184667 -0.462511 0.170805 -0.870006 -0.886478 -0.0718945 0.457153 0.11962 1.78635 5.19144</i>
                        <i>-0.0303023 0.980825 0.192523 -0.441168 0.159711 -0.883098 -0.896913 -0.111695 0.427869 0.114644 1.90256 5.3942</i>
                        <i>-0.0779405 0.977924 0.193882 -0.376372 0.15122 -0.914044 -0.923184 -0.144213 0.356277 0.120463 1.98362 5.55278</i>
                        <i>-0.112178 0.974766 0.192994 -0.339147 0.145 -0.929492 -0.934021 -0.169722 0.314323 0.118299 2.02228 5.70175</i>
                        <i>-0.131115 0.974153 0.183942 -0.330193 0.132038 -0.934633 -0.934763 -0.183281 0.304346 0.105603 2.01956 5.85155</i>
                        <i>-0.13827 0.976908 0.162888 -0.31676 0.112209 -0.941845 -0.938373 -0.181826 0.29393 0.0946724 1.98869 5.99848</i>
                        <i>-0.132124 0.980498 0.145488 -0.324918 0.0958256 -0.940875 -0.936468 -0.171584 0.30592 0.0901477 1.94061 6.15268</i>
                        <i>-0.1219 0.981047 0.150621 -0.373715 0.0952179 -0.922643 -0.919498 -0.16876 0.355025 0.0917371 1.88805 6.32412</i>
                        <i>-0.110188 0.975683 0.189477 -0.446732 0.121678 -0.886355 -0.887856 -0.182311 0.422462 0.093968 1.81635 6.53563</i>
                        <i>-0.0574917 0.973836 0.219858 -0.497521 0.162981 -0.852003 -0.865544 -0.158367 0.475134 0.0910168 1.73811 6.7516</i>
                        <i>0.00475718 0.970782 0.239917 -0.511763 0.208484 -0.833447 -0.859113 -0.118816 0.497802 0.087901 1.69339 6.91467</i>
                        <i>0.0217469 0.968761 0.247041 -0.508781 0.223434 -0.831396 -0.860621 -0.10761 0.497746 0.0893917 1.68765 6.99927</i>
                        <i>0.0122705 0.974565 0.223768 -0.506924 0.198958 -0.838716 -0.861903 -0.103142 0.496472 0.0884437 1.69818 7.03045</i>
                        <i>0.00333149 0.978193 0.207672 -0.507028 0.180652 -0.842785 -0.861923 -0.102488 0.496573 0.0876089 1.70839 7.03715</i>
                        <i>0.00333148 0.978193 0.207672 -0.507028 0.180652 -0.842785 -0.861923 -0.102488 0.496573 0.0876089 1.71278 7.04022</i>
                        <i>0.00333145 0.978193 0.207672 -0.507028 0.180652 -0.842785 -0.861923 -0.102488 0.496573 0.0876089 1.71714 7.04107</i>
                        <i>0.00333147 0.978193 0.207672 -0.507028 0.180652 -0.842785 -0.861923 -0.102488 0.496573 0.0876089 1.72094 7.04046</i>
                        <i>0.00333148 0.978193 0.207672 -0.507028 0.180652 -0.842785 -0.861923 -0.102488 0.496573 0.0876089 1.72366 7.03911</i>
                        <i>0.00333149 0.978193 0.207672 -0.507028 0.180652 -0.842785 -0.861923 -0.102488 0.496573 0.0876089 1.72477 7.03777</i>
                        <i>0.00333147 0.978193 0.207672 -0.507028 0.180652 -0.842785 -0.861923 -0.102488 0.496573 0.0876089 1.72374 7.03715</i>
                        <i>0.0136248 0.973716 0.227359 -0.372032 0.215992 -0.90274 -0.92812 -0.0722852 0.365197 0.0865254 1.71397 7.03762</i>
                        <i>0.0105505 0.964431 0.264123 -0.0725004 0.264181 -0.961744 -0.997313 -0.00900216 0.0727089 0.0841028 1.6977 7.03847</i>
                        <i>-0.00920109 0.9623 0.271834 0.178279 0.269069 -0.946477 -0.983937 0.0397536 -0.174034 0.0816019 1.68774 7.03891</i>
                        <i>-0.0122813 0.968086 0.250318 0.301087 0.242299 -0.9223 -0.953518 0.0640404 -0.294454 0.0787641 1.6903 7.03945</i>
                        <i>-0.00744214 0.973986 0.226485 0.389559 0.211422 -0.896406 -0.920971 0.0815583 -0.380999 0.0749763 1.69902 7.04069</i>
                        <i>-0.00367389 0.978363 0.206863 0.473412 0.183916 -0.861426 -0.880833 0.0947669 -0.463845 0.0709936 1.70773 7.04205</i>
                        <i>-0.00367389 0.978363 0.206863 0.473412 0.183916 -0.861426 -0.880833 0.0947669 -0.463845 0.0709936 1.70773 7.04205</i>
                        <i>-0.00367389 0.978363 0.206863 0.473412 0.183916 -0.861426 -0.880833 0.0947669 -0.463845 0.0709936 1.70773 7.04205</i>
                        <i>-0.00367389 0.978363 0.206863 0.473412 0.183916 -0.861426 -0.880833 0.0947669 -0.463845 0.0709936 1.70773 7.04205</i>
                        <i>-0.00367389 0.978363 0.206863 0.473412 0.183916 -0.861426 -0.880833 0.0947669 -0.463845 0.0709936 1.70773 7.04205</i>
                        <i>-0.00367389 0.978363 0.206863 0.473412 0.183916 -0.861426 -0.880833 0.0947669 -0.463845 0.0709936 1.70773 7.04205</i>
                        <i>-0.00367389 0.978363 0.206863 0.473412 0.183916 -0.861426 -0.880833 0.0947669 -0.463845 0.0709936 1.70773 7.04205</i>
                    </KeyFrames>
                </p>
            </i>
            <i>
                <p>
                    <Name>
                        <![CDATA[head_prop]]>
</Name>
                    <Exclude>0</Exclude>
                    <Additive>0</Additive>
                    <IKPriority>0</IKPriority>
                    <IKRotLimits>-1e+010 -1e+010 -1e+010 1e+010 1e+010 1e+010</IKRotLimits>
                    <IKRotLimitOrder>0</IKRotLimitOrder>
                    <KeyFrames count="51">
                        <i>0.968083 -0.215503 -0.127963 0.245273 0.709593 0.660545 -0.0515473 -0.670848 0.739801 -0.0324312 2.25974 0.00884678</i>
