<?xml version="1.0" encoding="ISO-8859-1" ?>
<Animl Version="1">
    <ModellingPackage><![CDATA[Maya.2010]]></ModellingPackage>
    <SrcFile><![CDATA[anims\characters\shared\base_soldier\~src\infantry\climb.mb]]></SrcFile>
    <FramesPerSecond>30</FramesPerSecond>
    <TotalFrames>37</TotalFrames>
    <Skeleton>
        <RefFrame>
            <Name><![CDATA[soldier_ref_frame]]></Name>
            <Exclude>0</Exclude>
            <Additive>0</Additive>
            <IKPriority>0</IKPriority>
            <IKRotLimits>-1e+010 -1e+010 -1e+010 1e+010 1e+010 1e+010</IKRotLimits>
            <IKRotLimitOrder>0</IKRotLimitOrder>
            <KeyFrames count="37">
                <i>1 0 0 0 1 0 0 0 1 0.220827 2.19468e-006 0.284609</i>
                <i>1 0 0 0 1 0 0 0 1 0.237799 0.0444023 0.283741</i>
                <i>1 0 0 0 1 0 0 0 1 0.254771 0.0894142 0.282879</i>
                <i>1 0 0 0 1 0 0 0 1 0.27059 0.13473 0.28202</i>
                <i>1 0 0 0 1 0 0 0 1 0.284858 0.180044 0.281164</i>
                <i>1 0 0 0 1 0 0 0 1 0.297972 0.225053 0.280308</i>
                <i>1 0 0 0 1 0 0 0 1 0.309971 0.269453 0.279452</i>
                <i>1 0 0 0 1 0 0 0 1 0.320856 0.312937 0.278595</i>
                <i>1 0 0 0 1 0 0 0 1 0.330627 0.355201 0.277735</i>
                <i>1 0 0 0 1 0 0 0 1 0.339322 0.39594 0.27687</i>
                <i>1 0 0 0 1 0 0 0 1 0.346942 0.434362 0.276001</i>
                <i>1 0 0 0 1 0 0 0 1 0.353486 0.470374 0.275125</i>
                <i>1 0 0 0 1 0 0 0 1 0.358994 0.504725 0.274241</i>
                <i>1 0 0 0 1 0 0 0 1 0.363516 0.538161 0.273348</i>
                <i>1 0 0 0 1 0 0 0 1 0.367001 0.571428 0.272445</i>
                <i>1 0 0 0 1 0 0 0 1 0.369339 0.605273 0.271529</i>
                <i>1 0 0 0 1 0 0 0 1 0.371 0.640444 0.270067</i>
                <i>1 0 0 0 1 0 0 0 1 0.371513 0.677687 0.268435</i>
                <i>1 0 0 0 1 0 0 0 1 0.369358 0.717748 0.268002</i>
                <i>1 0 0 0 1 0 0 0 1 0.363807 0.761013 0.268656</i>
                <i>1 0 0 0 1 0 0 0 1 0.355587 0.806921 0.269371</i>
                <i>1 0 0 0 1 0 0 0 1 0.345365 0.8548 0.270143</i>
                <i>1 0 0 0 1 0 0 0 1 0.332907 0.903977 0.270965</i>
                <i>1 0 0 0 1 0 0 0 1 0.318446 0.953782 0.271831</i>
                <i>1 0 0 0 1 0 0 0 1 0.303346 1.00354 0.272737</i>
                <i>1 0 0 0 1 0 0 0 1 0.287608 1.05259 0.273676</i>
                <i>1 0 0 0 1 0 0 0 1 0.271232 1.10024 0.274643</i>
                <i>1 0 0 0 1 0 0 0 1 0.255581 1.14583 0.275632</i>
                <i>1 0 0 0 1 0 0 0 1 0.240654 1.18869 0.276638</i>
                <i>1 0 0 0 1 0 0 0 1 0.226455 1.22824 0.277655</i>
                <i>1 0 0 0 1 0 0 0 1 0.214343 1.26483 0.278677</i>
                <i>1 0 0 0 1 0 0 0 1 0.203574 1.29913 0.279699</i>
                <i>1 0 0 0 1 0 0 0 1 0.194895 1.33183 0.280716</i>
                <i>1 0 0 0 1 0 0 0 1 0.191913 1.36362 0.28172</i>
                <i>1 0 0 0 1 0 0 0 1 0.197729 1.39517 0.282708</i>
                <i>1 0 0 0 1 0 0 0 1 0.209241 1.42717 0.283672</i>
                <i>1 0 0 0 1 0 0 0 1 0.220753 1.46031 0.28461</i>
            </KeyFrames>
        </RefFrame>
        <Bones count="23">
            <i>
                <p>
                    <Name><![CDATA[pelvis]]></Name>
                    <Exclude>0</Exclude>
                    <Additive>0</Additive>
                    <IKPriority>0</IKPriority>
                    <IKRotLimits>-1e+010 -1e+010 -1e+010 1e+010 1e+010 1e+010</IKRotLimits>
                    <IKRotLimitOrder>2</IKRotLimitOrder>
                    <KeyFrames count="37">
                        <i>1 0 0 0 1 0 0 0 1 0.220827 1.19132 0.284609</i>
                        <i>1 0 0 0 1 0 0 0 1 0.237799 1.23572 0.283741</i>
                        <i>1 0 0 0 1 0 0 0 1 0.254771 1.28073 0.282879</i>
                        <i>1 0 0 0 1 0 0 0 1 0.27059 1.32605 0.28202</i>
                        <i>1 0 0 0 1 0 0 0 1 0.284858 1.37136 0.281164</i>
                        <i>1 0 0 0 1 0 0 0 1 0.297972 1.41637 0.280308</i>
                        <i>1 0 0 0 1 0 0 0 1 0.309971 1.46077 0.279452</i>
                        <i>1 0 0 0 1 0 0 0 1 0.320856 1.50426 0.278595</i>
                        <i>1 0 0 0 1 0 0 0 1 0.330627 1.54652 0.277735</i>
                        <i>1 0 0 0 1 0 0 0 1 0.339322 1.58726 0.27687</i>
                        <i>1 0 0 0 1 0 0 0 1 0.346942 1.62568 0.276001</i>
                        <i>1 0 0 0 1 0 0 0 1 0.353486 1.66169 0.275125</i>
                        <i>1 0 0 0 1 0 0 0 1 0.358994 1.69605 0.274241</i>
                        <i>1 0 0 0 1 0 0 0 1 0.363516 1.72948 0.273348</i>
                        <i>1 0 0 0 1 0 0 0 1 0.367001 1.76275 0.272445</i>
                        <i>1 0 0 0 1 0 0 0 1 0.369339 1.79659 0.271529</i>
                        <i>1 0 0 0 1 0 0 0 1 0.371 1.83176 0.270067</i>
                        <i>1 0 0 0 1 0 0 0 1 0.371513 1.86901 0.268435</i>
                        <i>1 0 0 0 1 0 0 0 1 0.369358 1.90907 0.268002</i>
                        <i>1 0 0 0 1 0 0 0 1 0.363807 1.95233 0.268656</i>
                        <i>1 0 0 0 1 0 0 0 1 0.355587 1.99824 0.269371</i>
                        <i>1 0 0 0 1 0 0 0 1 0.345365 2.04612 0.270143</i>
                        <i>1 0 0 0 1 0 0 0 1 0.332907 2.0953 0.270965</i>
                        <i>1 0 0 0 1 0 0 0 1 0.318446 2.1451 0.271831</i>
                        <i>1 0 0 0 1 0 0 0 1 0.303346 2.19486 0.272737</i>
                        <i>1 0 0 0 1 0 0 0 1 0.287608 2.24391 0.273676</i>
                        <i>1 0 0 0 1 0 0 0 1 0.271232 2.29156 0.274643</i>
                        <i>1 0 0 0 1 0 0 0 1 0.255581 2.33715 0.275632</i>
                        <i>1 0 0 0 1 0 0 0 1 0.240654 2.38001 0.276638</i>
                        <i>1 0 0 0 1 0 0 0 1 0.226455 2.41956 0.277655</i>
                        <i>1 0 0 0 1 0 0 0 1 0.214343 2.45615 0.278677</i>
                        <i>1 0 0 0 1 0 0 0 1 0.203574 2.49045 0.279699</i>
                        <i>1 0 0 0 1 0 0 0 1 0.194895 2.52315 0.280716</i>
                        <i>1 0 0 0 1 0 0 0 1 0.191913 2.55494 0.28172</i>
                        <i>1 0 0 0 1 0 0 0 1 0.197729 2.58649 0.282708</i>
                        <i>1 0 0 0 1 0 0 0 1 0.209241 2.61849 0.283672</i>
                        <i>1 0 0 0 1 0 0 0 1 0.220753 2.65163 0.28461</i>
                    </KeyFrames>
                </p>
            </i>
            <i>
                <p>
                    <Name><![CDATA[spine0]]></Name>
                    <Exclude>0</Exclude>
                    <Additive>0</Additive>
                    <IKPriority>0</IKPriority>
                    <IKRotLimits>-1e+010 -1e+010 -1e+010 1e+010 1e+010 1e+010</IKRotLimits>
                    <IKRotLimitOrder>0</IKRotLimitOrder>
                    <KeyFrames count="37">
                        <i>-0.0207134 0.962629 -0.270029 -0.999785 -0.0197552 0.00626596 0.000697321 0.2701 0.962832 0.203828 1.28859 0.179988</i>
                        <i>-0.0173929 0.962516 -0.270666 -0.999846 -0.0161535 0.006806 0.00217867 0.270743 0.962649 0.222646 1.33323 0.179054</i>
                        <i>-0.0135913 0.962415 -0.271242 -0.999901 -0.0121158 0.00711372 0.00356003 0.271312 0.962485 0.241467 1.37845 0.178135</i>
                        <i>-0.00957472 0.962314 -0.271772 -0.999941 -0.0077954 0.00762596 0.00522 0.271829 0.962331 0.259351 1.42397 0.17723</i>
                        <i>-0.00547459 0.962218 -0.272226 -0.999958 -0.00326321 0.00857537 0.00736304 0.272262 0.962195 0.276024 1.4695 0.176341</i>
                        <i>-0.00124479 0.962143 -0.272541 -0.999951 0.00147 0.00975663 0.00978791 0.27254 0.962095 0.291761 1.51469 0.175471</i>
                        <i>0.00311034 0.962101 -0.272677 -0.99992 0.00633633 0.010951 0.0122638 0.272621 0.962043 0.306439 1.55923 0.174622</i>
                        <i>0.00748957 0.962093 -0.272619 -0.999862 0.0112415 0.0122033 0.0148054 0.27249 0.962045 0.320055 1.6028 0.173791</i>
                        <i>0.0117842 0.962125 -0.272356 -0.999779 0.0160843 0.0135613 0.0174283 0.272136 0.962101 0.33261 1.6451 0.172979</i>
                        <i>0.0159532 0.96219 -0.27191 -0.999674 0.0207663 0.0148327 0.0199184 0.271585 0.962208 0.343978 1.68582 0.172179</i>
                        <i>0.0198959 0.962287 -0.271307 -0.999553 0.0251961 0.0160662 0.0222962 0.270866 0.962359 0.354157 1.72417 0.171389</i>
                        <i>0.0235242 0.962413 -0.270571 -0.999421 0.0292939 0.0173049 0.0245805 0.270007 0.962545 0.363147 1.76007 0.170605</i>
                        <i>0.0268559 0.962546 -0.269784 -0.999286 0.0330211 0.0183391 0.0265607 0.269099 0.962746 0.370823 1.79429 0.169814</i>
                        <i>0.0298555 0.96268 -0.268991 -0.999155 0.0363496 0.0191932 0.0282547 0.268191 0.962951 0.377239 1.82757 0.169012</i>
                        <i>0.0324946 0.962806 -0.268234 -0.999031 0.0392571 0.0198847 0.0296751 0.267328 0.963149 0.382342 1.86069 0.168194</i>
                        <i>0.0348662 0.962893 -0.267621 -0.998923 0.0417772 0.0201717 0.0306036 0.266629 0.963313 0.385847 1.89442 0.167345</i>
                        <i>0.0365786 0.962943 -0.267214 -0.998847 0.0435517 0.0202139 0.0311025 0.266166 0.963425 0.388228 1.92951 0.165924</i>
                        <i>0.0371735 0.962963 -0.267059 -0.998818 0.0441749 0.0202548 0.0313019 0.26599 0.963467 0.389012 1.96672 0.164308</i>
                        <i>0.0366418 0.962935 -0.267233 -0.998845 0.0436086 0.0201799 0.0310856 0.266185 0.963421 0.386493 2.00683 0.163858</i>
                        <i>0.0349499 0.962848 -0.267772 -0.998928 0.0417917 0.0198926 0.0303442 0.26679 0.963277 0.379808 2.05022 0.164457</i>
                        <i>0.0319467 0.962729 -0.268575 -0.999063 0.0386111 0.0195672 0.0292079 0.267698 0.96306 0.369817 2.09632 0.165092</i>
                        <i>0.0274718 0.962611 -0.269492 -0.999233 0.0339716 0.0194837 0.0279103 0.26875 0.962806 0.357394 2.1444 0.165776</i>
                        <i>0.0217033 0.962495 -0.270431 -0.999416 0.0280267 0.0195425 0.0263888 0.269849 0.962541 0.342276 2.19377 0.166511</i>
                        <i>0.0149377 0.962387 -0.27127 -0.999586 0.0210426 0.0196101 0.0245807 0.270865 0.962303 0.324724 2.24374 0.167299</i>
                        <i>0.00752896 0.962308 -0.271857 -0.999715 0.013406 0.0197675 0.022667 0.271631 0.962135 0.3064 2.29359 0.168148</i>
                        <i>-9.34863e-005 0.962259 -0.272136 -0.999788 0.00551817 0.0198554 0.0206078 0.27208 0.962054 0.287301 2.34265 0.169058</i>
                        <i>-0.00745981 0.962247 -0.272074 -0.999804 -0.0021931 0.0196566 0.0183178 0.272168 0.962075 0.267429 2.39023 0.170026</i>
                        <i>-0.0140781 0.962276 -0.27171 -0.999774 -0.00922254 0.019139 0.0159111 0.271918 0.962189 0.248452 2.43567 0.171041</i>
                        <i>-0.0195289 0.962348 -0.271117 -0.99972 -0.0151749 0.0181467 0.0133493 0.271395 0.962375 0.23037 2.4783 0.172095</i>
                        <i>-0.0234425 0.96247 -0.270375 -0.999669 -0.0197001 0.0165471 0.0105997 0.270673 0.962613 0.213178 2.51756 0.173178</i>
                        <i>-0.0258835 0.962611 -0.269649 -0.999634 -0.0227953 0.0145783 0.00788645 0.269928 0.962848 0.198542 2.55384 0.174265</i>
                        <i>-0.0271636 0.962754 -0.26901 -0.999617 -0.0247235 0.0124549 0.00534013 0.269245 0.963057 0.185711 2.58785 0.175342</i>
                        <i>-0.0274496 0.962886 -0.268509 -0.999619 -0.0256219 0.0103094 0.0030471 0.268689 0.963222 0.175421 2.62029 0.176401</i>
                        <i>-0.0270595 0.962956 -0.268298 -0.999633 -0.0257265 0.00848344 0.00126683 0.268429 0.963299 0.171555 2.6519 0.177411</i>
                        <i>-0.0262815 0.962913 -0.268529 -0.999655 -0.0252212 0.00739814 0.000351149 0.26863 0.963243 0.177546 2.68343 0.178343</i>
                        <i>-0.0249254 0.962799 -0.269065 -0.999689 -0.0240106 0.00669084 -1.8487e-005 0.269149 0.963099 0.189959 2.71551 0.179214</i>
                        <i>-0.0226103 0.962698 -0.269631 -0.999744 -0.0219306 0.00553355 -0.000586021 0.269687 0.962948 0.202372 2.74873 0.180061</i>
                    </KeyFrames>
                </p>
            </i>
            <i>
                <p>
                    <Name><![CDATA[spine1]]></Name>
                    <Exclude>0</Exclude>
                    <Additive>0</Additive>
                    <IKPriority>0</IKPriority>
                    <IKRotLimits>-1e+010 -1e+010 -1e+010 1e+010 1e+010 1e+010</IKRotLimits>
                    <IKRotLimitOrder>0</IKRotLimitOrder>
                    <KeyFrames count="37">
                        <i>0.211597 0.971427 0.107498 -0.974208 0.218457 -0.0565228 -0.0783916 -0.0927656 0.992597 0.200007 1.46616 0.130097</i>
                        <i>0.188101 0.976203 0.107912 -0.979549 0.194458 -0.0516699 -0.0714247 -0.095986 0.992817 0.219444 1.51039 0.129156</i>
                        <i>0.163243 0.980625 0.108286 -0.984497 0.169052 -0.0467636 -0.0641635 -0.0989736 0.993019 0.23897 1.55524 0.128232</i>
                        <i>0.135142 0.984859 0.108581 -0.989266 0.140264 -0.0409751 -0.0555847 -0.101878 0.993243 0.257595 1.60039 0.127331</i>
                        <i>0.102771 0.988739 0.108778 -0.993682 0.107007 -0.0338327 -0.0450918 -0.104614 0.99349 0.275022 1.64556 0.126459</i>
                        <i>0.0674785 0.991762 0.10888 -0.997165 0.0706797 -0.0258105 -0.0332935 -0.10683 0.99372 0.291533 1.69045 0.125615</i>
                        <i>0.0309614 0.993572 0.108889 -0.9993 0.0330586 -0.0175066 -0.0209938 -0.108271 0.9939 0.307006 1.73478 0.124798</i>
                        <i>-0.00651959 0.994042 0.108806 -0.999944 -0.00557775 -0.00895828 -0.00829801 -0.108858 0.994023 0.32142 1.77826 0.124006</i>
                        <i>-0.0446922 0.993077 0.108635 -0.99899 -0.0449355 -0.000208712 0.00467431 -0.108535 0.994082 0.334758 1.82058 0.123237</i>
                        <i>-0.0817923 0.990738 0.108385 -0.996503 -0.0831585 0.00813813 0.0170759 -0.10734 0.994076 0.346888 1.86143 0.122485</i>
                        <i>-0.117556 0.987169 0.108061 -0.992648 -0.119966 0.0160572 0.0288148 -0.105379 0.994015 0.357791 1.90001 0.121744</i>
                        <i>-0.15174 0.982538 0.107674 -0.987618 -0.155103 0.0235322 0.0398218 -0.10277 0.993908 0.367451 1.93622 0.121011</i>
                        <i>-0.182668 0.977309 0.107238 -0.981934 -0.186828 0.0300265 0.0493802 -0.0998158 0.99378 0.375746 1.97078 0.120272</i>
                        <i>-0.210211 0.971808 0.106769 -0.975962 -0.215018 0.0355787 0.057533 -0.0967237 0.993647 0.382722 2.00442 0.11952</i>
                        <i>-0.234213 0.966358 0.106287 -0.970055 -0.239533 0.0402221 0.0643282 -0.093684 0.993522 0.388321 2.03788 0.118751</i>
                        <i>-0.253065 0.961645 0.105819 -0.964972 -0.258725 0.0434783 0.0691887 -0.0911094 0.993434 0.392271 2.07186 0.117946</i>
                        <i>-0.265362 0.958363 0.105462 -0.961448 -0.271213 0.0454017 0.0721138 -0.089348 0.993386 0.394973 2.10711 0.116558</i>
                        <i>-0.269878 0.957117 0.105328 -0.960108 -0.275797 0.0461271 0.0731981 -0.0886773 0.993367 0.395869 2.14438 0.114954</i>
                        <i>-0.265242 0.958399 0.105446 -0.96149 -0.271081 0.0452966 0.0719967 -0.0893711 0.993393 0.393248 2.1844 0.114494</i>
                        <i>-0.250272 0.962376 0.10581 -0.965782 -0.255838 0.0425664 0.0680351 -0.0915362 0.993475 0.386243 2.22754 0.115065</i>
                        <i>-0.225684 0.968377 0.106365 -0.972257 -0.230781 0.0381689 0.0615089 -0.0948002 0.993594 0.375687 2.27326 0.115654</i>
                        <i>-0.193016 0.975342 0.107021 -0.979768 -0.197466 0.0325738 0.0529036 -0.0985688 0.993723 0.362431 2.32093 0.116279</i>
                        <i>-0.152676 0.982397 0.107643 -0.987384 -0.156258 0.0256209 0.0419899 -0.102373 0.993859 0.346246 2.3699 0.116952</i>
                        <i>-0.105818 0.988492 0.108103 -0.993969 -0.108293 0.0172785 0.0287865 -0.105623 0.993989 0.327451 2.4195 0.117687</i>
                        <i>-0.0559866 0.992538 0.108324 -0.998327 -0.0572193 0.00830271 0.014439 -0.107678 0.994081 0.307772 2.46911 0.118495</i>
                        <i>-0.00448496 0.994112 0.108268 -0.99999 -0.00437867 -0.00121946 -0.000738212 -0.108272 0.994121 0.287282 2.51807 0.119381</i>
                        <i>0.0473187 0.99303 0.107946 -0.998745 0.0488108 -0.0112205 -0.0164113 -0.10728 0.994093 0.266067 2.56572 0.12034</i>
                        <i>0.0956502 0.989599 0.107449 -0.994924 0.0984332 -0.0208906 -0.0312498 -0.104905 0.993991 0.24588 2.61138 0.121356</i>
                        <i>0.13928 0.98447 0.106867 -0.989231 0.143226 -0.0301458 -0.0449838 -0.101518 0.993816 0.226795 2.65438 0.122414</i>
                        <i>0.177111 0.978433 0.106308 -0.982512 0.18208 -0.0389418 -0.0574586 -0.0975521 0.99357 0.208876 2.69414 0.123498</i>
                        <i>0.20692 0.97261 0.105892 -0.976005 0.212711 -0.046562 -0.0678113 -0.093717 0.993287 0.193779 2.73095 0.124574</i>
                        <i>0.229735 0.967504 0.105627 -0.970265 0.236175 -0.052987 -0.0762117 -0.0903132 0.992993 0.180699 2.76546 0.125633</i>
                        <i>0.245749 0.963573 0.105516 -0.965797 0.252688 -0.0581869 -0.0827301 -0.0876081 0.992714 0.170345 2.79833 0.126666</i>
                        <i>0.252757 0.961746 0.105632 -0.963649 0.260007 -0.0614604 -0.0865743 -0.0862576 0.992504 0.166544 2.83021 0.127645</i>
                        <i>0.248172 0.962896 0.106029 -0.964826 0.255489 -0.0619387 -0.0867299 -0.0869285 0.992432 0.17268 2.8617 0.128541</i>
                        <i>0.234785 0.966182 0.106622 -0.968388 0.241999 -0.0605095 -0.0842655 -0.0890446 0.992457 0.185349 2.89355 0.129372</i>
                        <i>0.21847 0.969931 0.10726 -0.972432 0.225571 -0.0591144 -0.0815316 -0.0913883 0.992472 0.198195 2.92655 0.130174</i>
                    </KeyFrames>
                </p>
            </i>
            <i>
                <p>
                    <Name><![CDATA[spine2]]></Name>
                    <Exclude>0</Exclude>
                    <Additive>0</Additive>
                    <IKPriority>0</IKPriority>
                    <IKRotLimits>-1e+010 -1e+010 -1e+010 1e+010 1e+010 1e+010</IKRotLimits>
                    <IKRotLimitOrder>0</IKRotLimitOrder>
                    <KeyFrames count="37">
                        <i>0.301779 0.914351 0.269985 -0.949345 0.31422 -0.0030187 -0.0875947 -0.255398 0.96286 0.23588 1.6309 0.148584</i>
                        <i>0.26579 0.925017 0.271476 -0.96055 0.278023 -0.00689592 -0.0818554 -0.258933 0.962421 0.251261 1.67557 0.147669</i>
                        <i>0.225981 0.935137 0.272857 -0.971198 0.238004 -0.0113426 -0.075548 -0.262435 0.961988 0.266524 1.72084 0.146767</i>
                        <i>0.181407 0.94443 0.274125 -0.981049 0.193096 -0.0160384 -0.0680795 -0.26602 0.96156 0.280355 1.76638 0.145874</i>
                        <i>0.13169 0.952316 0.275231 -0.989528 0.142838 -0.0207677 -0.059091 -0.269614 0.961154 0.292289 1.81186 0.144995</i>
                        <i>0.0781677 0.957955 0.276064 -0.995737 0.0886184 -0.0255664 -0.0489557 -0.272889 0.960799 0.302843 1.85699 0.144135</i>
                        <i>0.022539 0.960739 0.276538 -0.999016 0.0322123 -0.0304867 -0.0381977 -0.275579 0.960519 0.312174 1.90144 0.143296</i>
                        <i>-0.0344277 0.960361 0.276625 -0.999044 -0.0256066 -0.0354384 -0.0269503 -0.27758 0.960324 0.320299 1.9449 0.142478</i>
                        <i>-0.0919198 0.956663 0.276308 -0.995648 -0.0840168 -0.0403317 -0.0153694 -0.278813 0.960223 0.327234 1.98707 0.141683</i>
                        <i>-0.148077 0.949796 0.27561 -0.988968 -0.141062 -0.0452177 -0.00406934 -0.279265 0.960205 0.333131 2.02764 0.140902</i>
                        <i>-0.20214 0.940078 0.274578 -0.979333 -0.195975 -0.0500058 0.00680101 -0.279011 0.960264 0.338007 2.06582 0.140132</i>
                        <i>-0.253425 0.927954 0.273269 -0.967204 -0.248063 -0.0546068 0.0171154 -0.278146 0.960386 0.341879 2.10153 0.139367</i>
                        <i>-0.300386 0.914272 0.271802 -0.953453 -0.295699 -0.0590686 0.0263666 -0.276893 0.960539 0.34491 2.13552 0.138592</i>
                        <i>-0.342628 0.899758 0.270262 -0.938837 -0.338495 -0.0633017 0.0345261 -0.275421 0.960704 0.347175 2.16854 0.1378</i>
                        <i>-0.37981 0.885169 0.268738 -0.924129 -0.376121 -0.067216 0.0415804 -0.273878 0.960865 0.348646 2.20138 0.136985</i>
                        <i>-0.410767 0.871652 0.267384 -0.91052 -0.407349 -0.0708521 0.0471605 -0.272562 0.960982 0.349345 2.23478 0.136129</i>
                        <i>-0.431747 0.861754 0.26641 -0.900563 -0.428465 -0.0735094 0.0508004 -0.271657 0.961053 0.349924 2.26962 0.134697</i>
                        <i>-0.439295 0.858045 0.266044 -0.896829 -0.436067 -0.0744515 0.0521305 -0.271302 0.961081 0.350039 2.30673 0.133077</i>
                        <i>-0.432575 0.86133 0.26644 -0.900158 -0.429291 -0.0736543 0.0509396 -0.271699 0.961033 0.348226 2.34689 0.132628</i>
                        <i>-0.410516 0.871692 0.267636 -0.910644 -0.407028 -0.0711089 0.0469502 -0.272912 0.960892 0.343819 2.39047 0.133232</i>
                        <i>-0.372817 0.887924 0.26944 -0.927034 -0.368995 -0.0667131 0.0401859 -0.274652 0.960703 0.337506 2.43688 0.133874</i>
                        <i>-0.319883 0.90771 0.271544 -0.946953 -0.315652 -0.060373 0.0309123 -0.276452 0.96053 0.329844 2.48537 0.134566</i>
                        <i>-0.253143 0.927924 0.273634 -0.967237 -0.248392 -0.0524799 0.0192714 -0.277954 0.960401 0.320522 2.53516 0.135299</i>
                        <i>-0.17527 0.945233 0.275346 -0.984504 -0.169863 -0.0435595 0.00559733 -0.278714 0.960358 0.30965 2.58545 0.13607</i>
                        <i>-0.0910995 0.956734 0.276337 -0.9958 -0.0849816 -0.0340605 -0.00910332 -0.278279 0.960457 0.298355 2.63552 0.136889</i>
                        <i>-0.0043916 0.961012 0.276473 -0.999697 0.00248096 -0.0245034 -0.0242339 -0.276496 0.960709 0.286506 2.68466 0.137755</i>
                        <i>0.0808344 0.957832 0.275723 -0.995956 0.0884995 -0.0154507 -0.0392006 -0.27336 0.961113 0.273981 2.73219 0.138668</i>
                        <i>0.158901 0.948437 0.274259 -0.985875 0.167316 -0.00741033 -0.0529163 -0.269208 0.961627 0.261922 2.7775 0.139627</i>
                        <i>0.226281 0.935211 0.272355 -0.971896 0.235409 -0.000864708 -0.0649234 -0.264505 0.962197 0.250213 2.81998 0.140629</i>
                        <i>0.279968 0.921165 0.27032 -0.957083 0.28979 0.00373077 -0.0748994 -0.259763 0.962763 0.238741 2.85917 0.141673</i>
                        <i>0.318971 0.908924 0.268542 -0.944161 0.329421 0.00648117 -0.0825727 -0.255614 0.963246 0.228772 2.89546 0.142736</i>
                        <i>0.34619 0.899329 0.267133 -0.933993 0.357205 0.00784024 -0.0883703 -0.252215 0.963628 0.219658 2.92955 0.143804</i>
                        <i>0.362283 0.893253 0.266178 -0.927474 0.373803 0.00791959 -0.0924237 -0.249742 0.963891 0.212117 2.96214 0.144867</i>
                        <i>0.366236 0.891717 0.265916 -0.925715 0.378159 0.00684081 -0.0944585 -0.248668 0.963972 0.209567 2.99393 0.145894</i>
                        <i>0.356636 0.895408 0.266563 -0.929497 0.368798 0.0047538 -0.0940514 -0.249465 0.963806 0.214916 3.0256 0.146855</i>
                        <i>0.335261 0.903246 0.267857 -0.937652 0.347572 0.0015506 -0.0916991 -0.251677 0.963457 0.225258 3.05782 0.147762</i>
                        <i>0.305797 0.913218 0.269297 -0.947974 0.318333 -0.00304298 -0.088505 -0.254356 0.963052 0.235284 3.09125 0.148649</i>
                    </KeyFrames>
                </p>
            </i>
            <i>
                <p>
                    <Name><![CDATA[head]]></Name>
                    <Exclude>0</Exclude>
                    <Additive>0</Additive>
                    <IKPriority>0</IKPriority>
                    <IKRotLimits>-1e+010 -1e+010 -1e+010 1e+010 1e+010 1e+010</IKRotLimits>
                    <IKRotLimitOrder>0</IKRotLimitOrder>
                    <KeyFrames count="37">
                        <i>-0.0147213 0.664873 -0.746811 -0.0131036 -0.746956 -0.664744 -0.999806 3.6452e-008 0.0197084 0.317177 1.8768 0.20258</i>
                        <i>-0.0108319 0.66727 -0.744737 -0.00970416 -0.744816 -0.6672 -0.999894 -2.0826e-009 0.0145431 0.32258 1.92433 0.201927</i>
                        <i>-0.00784698 0.669835 -0.742468 -0.00707897 -0.74251 -0.669798 -0.999944 1.60086e-008 0.0105682 0.32674 1.97232 0.201272</i>
                        <i>-0.00677173 0.672429 -0.740131 -0.00615204 -0.740162 -0.672401 -0.999958 -2.76602e-008 0.00914898 0.328222 2.02029 0.200591</i>
                        <i>-0.00791188 0.674894 -0.737872 -0.00723618 -0.737915 -0.674855 -0.999943 -1.45349e-008 0.0107219 0.326563 2.06777 0.199878</i>
                        <i>-0.010658 0.677071 -0.735841 -0.00980572 -0.735918 -0.677 -0.999895 1.2187e-008 0.0144826 0.322602 2.11426 0.199132</i>
                        <i>-0.0146193 0.678819 -0.73416 -0.0135146 -0.734306 -0.678685 -0.999802 -1.35449e-009 0.019909 0.316881 2.15931 0.198346</i>
                        <i>-0.0196322 0.680021 -0.73293 -0.0182085 -0.733192 -0.679777 -0.999641 -7.42237e-010 0.0267763 0.309631 2.20253 0.197517</i>
                        <i>-0.0255358 0.680573 -0.732235 -0.0237197 -0.73268 -0.68016 -0.999393 -4.17782e-009 0.0348526 0.301088 2.24359 0.196647</i>
                        <i>-0.0319506 0.680391 -0.732152 -0.0296636 -0.732849 -0.679745 -0.999049 -7.04529e-009 0.0435978 0.291814 2.28221 0.195729</i>
                        <i>-0.0387432 0.679252 -0.732882 -0.035858 -0.733905 -0.678304 -0.998606 1.03136e-008 0.0527905 0.282038 2.31767 0.194765</i>
                        <i>-0.0457858 0.677171 -0.7344 -0.0421361 -0.735826 -0.675859 -0.998062 -6.66637e-010 0.0622237 0.271971 2.35001 0.193761</i>
                        <i>-0.0527219 0.674455 -0.736431 -0.0481617 -0.738316 -0.672734 -0.997447 2.44112e-008 0.0714083 0.262129 2.38017 0.192709</i>
                        <i>-0.0593933 0.671406 -0.738706 -0.0538086 -0.74109 -0.669246 -0.996783 -1.70885e-008 0.0801432 0.252725 2.40909 0.191615</i>
                        <i>-0.0657133 0.668325 -0.740961 -0.0590396 -0.74387 -0.665712 -0.99609 -1.03397e-008 0.0883398 0.243857 2.43776 0.19049</i>
                        <i>-0.0714457 0.665521 -0.742951 -0.0637058 -0.746379 -0.662465 -0.995408 -6.94517e-009 0.0957231 0.235822 2.4672 0.189327</i>
                        <i>-0.0752365 0.663595 -0.744299 -0.0667386 -0.748092 -0.66023 -0.99493 -1.85488e-008 0.100571 0.230435 2.49907 0.187658</i>
                        <i>-0.0765857 0.662854 -0.744822 -0.0678 -0.748749 -0.659377 -0.994755 3.19836e-008 0.102285 0.228411 2.53508 0.18595</i>
                        <i>-0.0765069 0.663142 -0.744573 -0.0677828 -0.748494 -0.659669 -0.994762 9.6437e-009 0.102215 0.228449 2.57618 0.185584</i>
                        <i>-0.07527 0.664627 -0.743374 -0.0669542 -0.747175 -0.661246 -0.994913 -4.57823e-009 0.100739 0.230131 2.62271 0.186437</i>
                        <i>-0.0722349 0.667382 -0.741204 -0.0647338 -0.744715 -0.664235 -0.995285 1.01555e-008 0.0969966 0.234271 2.67377 0.187467</i>
                        <i>-0.067082 0.671014 -0.738404 -0.0607097 -0.741445 -0.668262 -0.995899 -2.17181e-008 0.0904746 0.241399 2.728 0.188628</i>
                        <i>-0.0604017 0.675063 -0.735283 -0.0552686 -0.73776 -0.672797 -0.996643 -6.70414e-009 0.0818717 0.250731 2.78363 0.18982</i>
                        <i>-0.0527346 0.679047 -0.732198 -0.0487802 -0.734095 -0.677293 -0.997416 -2.9792e-010 0.0718363 0.261547 2.83887 0.190949</i>
                        <i>-0.0442164 0.682507 -0.72954 -0.04129 -0.730879 -0.681257 -0.998168 -1.00441e-009 0.0604976 0.273696 2.89219 0.191955</i>
                        <i>-0.0357211 0.685117 -0.727557 -0.0335969 -0.728433 -0.684293 -0.998797 2.18673e-009 0.0490383 0.285917 2.94248 0.192809</i>
                        <i>-0.0281433 0.686653 -0.726441 -0.0265819 -0.726986 -0.686138 -0.99925 8.81234e-009 0.0387123 0.296894 2.98906 0.19352</i>
                        <i>-0.0216827 0.686998 -0.726336 -0.0204993 -0.726659 -0.686692 -0.999555 1.03049e-008 0.0298389 0.306303 3.03167 0.194133</i>
                        <i>-0.0171167 0.686157 -0.727252 -0.016145 -0.727453 -0.685968 -0.999723 -4.81626e-009 0.0235296 0.312986 3.07046 0.194724</i>
                        <i>-0.0151334 0.684239 -0.729101 -0.0141992 -0.729258 -0.684092 -0.999785 1.35077e-008 0.0207518 0.315934 3.10587 0.19538</i>
                        <i>-0.0149451 0.681566 -0.731605 -0.0139201 -0.731757 -0.681423 -0.999791 3.77135e-009 0.0204236 0.316296 3.13899 0.196147</i>
                        <i>-0.0164325 0.678429 -0.734482 -0.0151746 -0.734666 -0.67826 -0.99975 -1.13893e-008 0.0223673 0.314266 3.1707 0.197019</i>
                        <i>-0.019004 0.675133 -0.737451 -0.0173923 -0.737696 -0.674909 -0.999668 1.00257e-008 0.0257614 0.310714 3.20194 0.197995</i>
                        <i>-0.0203944 0.671934 -0.74033 -0.0185033 -0.740611 -0.67168 -0.999621 -5.05601e-010 0.0275373 0.308873 3.23359 0.19906</i>
                        <i>-0.018716 0.66905 -0.742982 -0.0168483 -0.743217 -0.668838 -0.999683 2.54152e-008 0.0251824 0.311379 3.26639 0.200191</i>
                        <i>-0.0157361 0.666654 -0.745201 -0.0140743 -0.745367 -0.666506 -0.999777 -2.35745e-008 0.0211118 0.315681 3.30081 0.201371</i>
                        <i>-0.0147213 0.664873 -0.746811 -0.0131036 -0.746956 -0.664744 -0.999806 2.53863e-009 0.0197084 0.317177 3.33711 0.20258</i>
                    </KeyFrames>
                </p>
            </i>
            <i>
                <p>
                    <Name><![CDATA[head_prop]]></Name>
                    <Exclude>0</Exclude>
                    <Additive>0</Additive>
                    <IKPriority>0</IKPriority>
                    <IKRotLimits>-1e+010 -1e+010 -1e+010 1e+010 1e+010 1e+010</IKRotLimits>
                    <IKRotLimitOrder>0</IKRotLimitOrder>
                    <KeyFrames count="37">
                        <i>0.999806 -3.6452e-008 -0.0197084 -0.0147213 0.664873 -0.746811 0.0131036 0.746956 0.664744 0.312379 2.09349 -0.0408128</i>
                        <i>0.999894 2.0826e-009 -0.0145431 -0.0108319 0.66727 -0.744737 0.00970416 0.744816 0.6672 0.31905 2.1418 -0.040789</i>
                        <i>0.999944 -1.60086e-008 -0.0105682 -0.00784698 0.669835 -0.742468 0.00707897 0.74251 0.669798 0.324182 2.19062 -0.0407055</i>
                        <i>0.999958 2.76602e-008 -0.00914898 -0.00677173 0.672429 -0.740131 0.00615204 0.740162 0.672401 0.326015 2.23944 -0.0406242</i>
                        <i>0.999943 1.45349e-008 -0.0107219 -0.00791188 0.674894 -0.737872 0.00723618 0.737915 0.674855 0.323985 2.28773 -0.0406007</i>
                        <i>0.999895 -1.2187e-008 -0.0144826 -0.010658 0.677071 -0.735841 0.00980572 0.735918 0.677 0.319129 2.33492 -0.0406854</i>
                        <i>0.999802 1.35449e-009 -0.019909 -0.0146193 0.678819 -0.73416 0.0135146 0.734306 0.678685 0.312117 2.38054 -0.0409239</i>
                        <i>0.999641 7.42238e-010 -0.0267763 -0.0196322 0.680021 -0.73293 0.0182085 0.733192 0.679777 0.303232 2.42415 -0.0413514</i>
                        <i>0.999393 4.17782e-009 -0.0348526 -0.0255358 0.680573 -0.732235 0.0237197 0.73268 0.68016 0.292766 2.46539 -0.0419951</i>
                        <i>0.999049 7.04529e-009 -0.0435978 -0.0319506 0.680391 -0.732152 0.0296636 0.732849 0.679745 0.281401 2.50395 -0.042886</i>
                        <i>0.998606 -1.03136e-008 -0.0527905 -0.0387432 0.679252 -0.732882 0.035858 0.733905 0.678304 0.269411 2.53905 -0.0440878</i>
                        <i>0.998062 6.66637e-010 -0.0622237 -0.0457858 0.677171 -0.7344 0.0421361 0.735826 0.675859 0.257049 2.57071 -0.0455867</i>
                        <i>0.997447 -2.44112e-008 -0.0714083 -0.0527219 0.674455 -0.736431 0.0481617 0.738316 0.672734 0.244946 2.59998 -0.047301</i>
                        <i>0.996783 1.70885e-008 -0.0801432 -0.0593933 0.671406 -0.738706 0.0538086 0.74109 0.669246 0.233368 2.62791 -0.0491359</i>
                        <i>0.99609 1.03397e-008 -0.0883398 -0.0657133 0.668325 -0.740961 0.0590396 0.74387 0.665712 0.22244 2.65557 -0.0509959</i>
                        <i>0.995408 6.94517e-009 -0.0957231 -0.0714457 0.665521 -0.742951 0.0637058 0.746379 0.662465 0.212537 2.6841 -0.0528076</i>
                        <i>0.99493 1.85488e-008 -0.100571 -0.0752365 0.663595 -0.744299 0.0667386 0.748092 0.66023 0.205915 2.71535 -0.0549159</i>
                        <i>0.994755 -3.19836e-008 -0.102285 -0.0765857 0.662854 -0.744822 0.0678 0.748749 0.659377 0.203451 2.75111 -0.0567939</i>
                        <i>0.994762 -9.6437e-009 -0.102215 -0.0765069 0.663142 -0.744573 0.0677828 0.748494 0.659669 0.203515 2.7923 -0.0570794</i>
                        <i>0.994913 4.57823e-009 -0.100739 -0.07527 0.664627 -0.743374 0.0669542 0.747175 0.661246 0.205599 2.83932 -0.0558349</i>
                        <i>0.995285 -1.01555e-008 -0.0969966 -0.0722349 0.667382 -0.741204 0.0647338 0.744715 0.664235 0.210729 2.89128 -0.0540982</i>
                        <i>0.995899 2.17181e-008 -0.0904746 -0.067082 0.671014 -0.738404 0.0607097 0.741445 0.668262 0.219536 2.94669 -0.0520244</i>
                        <i>0.996643 6.70414e-009 -0.0818717 -0.0604017 0.675063 -0.735283 0.0552686 0.73776 0.672797 0.231045 3.00364 -0.049815</i>
                        <i>0.997416 2.9792e-010 -0.0718363 -0.0527346 0.679047 -0.732198 0.0487802 0.734095 0.677293 0.24436 3.06018 -0.0476813</i>
                        <i>0.998168 1.00441e-009 -0.0604976 -0.0442164 0.682507 -0.72954 0.04129 0.730879 0.681257 0.259285 3.11463 -0.0458089</i>
                        <i>0.998797 -2.18673e-009 -0.0490383 -0.0357211 0.685117 -0.727557 0.0335969 0.728433 0.684293 0.274276 3.16577 -0.0443079</i>
                        <i>0.99925 -8.81234e-009 -0.0387123 -0.0281433 0.686653 -0.726441 0.0265819 0.726986 0.686138 0.287721 3.21284 -0.0432336</i>
                        <i>0.999555 -1.03049e-008 -0.0298389 -0.0216827 0.686998 -0.726336 0.0204993 0.726659 0.686692 0.299237 3.25557 -0.042586</i>
                        <i>0.999723 4.81626e-009 -0.0235296 -0.0171167 0.686157 -0.727252 0.016145 0.727453 0.685968 0.307408 3.29409 -0.0422941</i>
                        <i>0.999785 -1.35077e-008 -0.0207518 -0.0151334 0.684239 -0.729101 0.0141992 0.729258 0.684092 0.311002 3.32887 -0.0422406</i>
                        <i>0.999791 -3.77135e-009 -0.0204236 -0.0149451 0.681566 -0.731605 0.0139201 0.731757 0.681423 0.311425 3.36112 -0.0422893</i>
                        <i>0.99975 1.13893e-008 -0.0223673 -0.0164325 0.678429 -0.734482 0.0151746 0.734666 0.67826 0.30891 3.39181 -0.042355</i>
                        <i>0.999668 -1.00257e-008 -0.0257614 -0.019004 0.675133 -0.737451 0.0173923 0.737696 0.674909 0.30452 3.42197 -0.042347</i>
                        <i>0.999621 5.05601e-010 -0.0275373 -0.0203944 0.671934 -0.74033 0.0185033 0.740611 0.67168 0.302226 3.45258 -0.0422198</i>
                        <i>0.999683 -2.54152e-008 -0.0251824 -0.018716 0.66905 -0.742982 0.0168483 0.743217 0.668838 0.305279 3.48444 -0.0419529</i>
                        <i>0.999777 2.35745e-008 -0.0211118 -0.0157361 0.666654 -0.745201 0.0140743 0.745367 0.666506 0.310552 3.51807 -0.0414965</i>
                        <i>0.999806 -2.53863e-009 -0.0197084 -0.0147213 0.664873 -0.746811 0.0131036 0.746956 0.664744 0.312379 3.5538 -0.0408128</i>
                    </KeyFrames>
                </p>
            </i>
            <i>
                <p>
                    <Name><![CDATA[l_clav]]></Name>
                    <Exclude>0</Exclude>
                    <Additive>0</Additive>
                    <IKPriority>0</IKPriority>
                    <IKRotLimits>-1e+010 -1e+010 -1e+010 1e+010 1e+010 1e+010</IKRotLimits>
                    <IKRotLimitOrder>0</IKRotLimitOrder>
                    <KeyFrames count="37">
                        <i>0.989919 -0.0886434 -0.110465 0.0914035 0.99561 0.0201679 0.108192 -0.0300614 0.993675 0.33546 1.65891 0.203967</i>
                        <i>0.993138 -0.0481977 -0.106551 0.0506092 0.998517 0.0200436 0.105427 -0.0252986 0.994105 0.349736 1.70736 0.203491</i>
                        <i>0.99477 -0.00322414 -0.102091 0.0052681 0.999791 0.0197576 0.102006 -0.0201921 0.994579 0.363682 1.7568 0.203068</i>
                        <i>0.994177 0.0460798 -0.0974117 -0.0444056 0.998827 0.0192873 0.0981863 -0.0148493 0.995057 0.375796 1.80688 0.202668</i>
                        <i>0.990737 0.0992 -0.0927292 -0.0978838 0.995023 0.0186469 0.0941175 -0.00939755 0.995517 0.38548 1.85721 0.202272</i>
                        <i>0.983995 0.154942 -0.0880108 -0.153964 0.987915 0.0178367 0.0897109 -0.00400082 0.99596 0.393294 1.90736 0.20188</i>
                        <i>0.973715 0.212027 -0.0832091 -0.21136 0.977263 0.0168423 0.0848882 0.00118747 0.99639 0.399496 1.95687 0.201491</i>
                        <i>0.959795 0.269526 -0.0784139 -0.269138 0.962974 0.0156785 0.0797363 0.00605605 0.996798 0.404112 2.00536 0.201095</i>
                        <i>0.94231 0.326526 -0.073711 -0.326379 0.94513 0.0143735 0.0743598 0.0105135 0.997176 0.407185 2.05243 0.200685</i>
                        <i>0.921658 0.38181 -0.0690547 -0.381866 0.924127 0.0129096 0.0687443 0.0144715 0.997529 0.409029 2.09767 0.200259</i>
                        <i>0.898314 0.434588 -0.0645307 -0.434809 0.900451 0.0113196 0.0630261 0.01789 0.997851 0.409722 2.14023 0.19981</i>
                        <i>0.872904 0.484161 -0.0602205 -0.48451 0.874733 0.00964926 0.0573487 0.0207546 0.998138 0.409349 2.17998 0.199328</i>
                        <i>0.846379 0.52962 -0.0560835 -0.530063 0.847922 0.00787794 0.0517268 0.0230601 0.998395 0.408268 2.21763 0.198814</i>
                        <i>0.819631 0.570508 -0.0522006 -0.571017 0.820916 0.00605606 0.0463074 0.0248437 0.998618 0.406629 2.25391 0.198259</i>
                        <i>0.793617 0.60647 -0.0486493 -0.607019 0.794676 0.00424669 0.0412359 0.0261608 0.998807 0.40449 2.28957 0.197658</i>
                        <i>0.769569 0.636948 -0.0453964 -0.637518 0.770432 0.00243224 0.0365241 0.0270693 0.998966 0.402077 2.32537 0.197008</i>
                        <i>0.752019 0.657734 -0.043048 -0.658311 0.752745 0.0010239 0.0330776 0.0275689 0.999073 0.400478 2.36183 0.195731</i>
                        <i>0.745541 0.665121 -0.0422192 -0.665698 0.746221 0.000513806 0.0318466 0.0277222 0.999108 0.39979 2.39953 0.194164</i>
                        <i>0.750947 0.658966 -0.0429211 -0.659543 0.751666 0.000953723 0.0328908 0.027592 0.999078 0.398715 2.43922 0.193677</i>
                        <i>0.768272 0.638528 -0.0451761 -0.639098 0.769122 0.00231001 0.0362209 0.0270973 0.998976 0.396674 2.48122 0.194153</i>
                        <i>0.796412 0.602757 -0.0491062 -0.603301 0.7975 0.00453513 0.0418958 0.026014 0.998783 0.394214 2.52484 0.194555</i>
                        <i>0.83283 0.550805 -0.0548493 -0.551276 0.834289 0.00749767 0.0498899 0.0239929 0.998466 0.391581 2.56919 0.194862</i>
                        <i>0.872916 0.483898 -0.0621273 -0.484221 0.87488 0.0107566 0.059559 0.0206938 0.99801 0.388069 2.61356 0.195077</i>
                        <i>0.911762 0.40462 -0.0705122 -0.404695 0.914347 0.0138605 0.0700808 0.0158985 0.997415 0.38332 2.6573 0.195219</i>
                        <i>0.945106 0.31692 -0.0796061 -0.316636 0.948404 0.016502 0.0807285 0.00960996 0.99669 0.377863 2.69996 0.195311</i>
