<?xml version="1.0" encoding="ISO-8859-1" ?>
<Animl Version="1">
    <ModellingPackage><![CDATA[Maya.2010]]></ModellingPackage>
    <SrcFile><![CDATA[anims\characters\shared\base_soldier\~src\infantry\cough_stumble.mb]]></SrcFile>
    <FramesPerSecond>30</FramesPerSecond>
    <TotalFrames>136</TotalFrames>
    <Skeleton>
        <RefFrame>
            <Name><![CDATA[soldier_ref_frame]]></Name>
            <Exclude>0</Exclude>
            <Additive>0</Additive>
            <IKPriority>0</IKPriority>
            <IKRotLimits>-1e+010 -1e+010 -1e+010 1e+010 1e+010 1e+010</IKRotLimits>
            <IKRotLimitOrder>0</IKRotLimitOrder>
            <KeyFrames count="136">
                <i>1 0 0 0 1 0 0 0 1 -0.04668 0 0.6382</i>
                <i>1 0 0 0 1 0 0 0 1 -0.041767 0 0.676117</i>
                <i>1 0 0 0 1 0 0 0 1 -0.0368541 0 0.714034</i>
                <i>1 0 0 0 1 0 0 0 1 -0.0326256 0 0.749682</i>
                <i>1 0 0 0 1 0 0 0 1 -0.0290203 0 0.783199</i>
                <i>1 0 0 0 1 0 0 0 1 -0.0255274 0 0.816257</i>
                <i>1 0 0 0 1 0 0 0 1 -0.0221568 0 0.848887</i>
                <i>1 0 0 0 1 0 0 0 1 -0.0189186 0 0.881122</i>
                <i>1 0 0 0 1 0 0 0 1 -0.0158229 0 0.912994</i>
                <i>1 0 0 0 1 0 0 0 1 -0.0128798 0 0.944535</i>
                <i>1 0 0 0 1 0 0 0 1 -0.0100994 0 0.975778</i>
                <i>1 0 0 0 1 0 0 0 1 -0.007617 0 1.00569</i>
                <i>1 0 0 0 1 0 0 0 1 -0.0054943 0 1.03408</i>
                <i>1 0 0 0 1 0 0 0 1 -0.00363045 0 1.06223</i>
                <i>1 0 0 0 1 0 0 0 1 -0.0019246 0 1.09142</i>
                <i>1 0 0 0 1 0 0 0 1 -0.000275932 0 1.12294</i>
                <i>1 0 0 0 1 0 0 0 1 0.000921308 0 1.15748</i>
                <i>1 0 0 0 1 0 0 0 1 0.0015999 0 1.19418</i>
                <i>1 0 0 0 1 0 0 0 1 0.00235122 0 1.23201</i>
                <i>1 0 0 0 1 0 0 0 1 0.00376664 0 1.26991</i>
                <i>1 0 0 0 1 0 0 0 1 0.00643754 0 1.30683</i>
                <i>1 0 0 0 1 0 0 0 1 0.01026 0 1.34352</i>
                <i>1 0 0 0 1 0 0 0 1 0.0147137 0 1.38088</i>
                <i>1 0 0 0 1 0 0 0 1 0.0197655 0 1.41804</i>
                <i>1 0 0 0 1 0 0 0 1 0.0253822 0 1.45416</i>
                <i>1 0 0 0 1 0 0 0 1 0.0315306 0 1.48838</i>
                <i>1 0 0 0 1 0 0 0 1 0.0381775 0 1.51985</i>
                <i>1 0 0 0 1 0 0 0 1 0.0448683 0 1.54656</i>
                <i>1 0 0 0 1 0 0 0 1 0.0517478 0 1.56879</i>
                <i>1 0 0 0 1 0 0 0 1 0.0596815 0 1.58915</i>
                <i>1 0 0 0 1 0 0 0 1 0.0695347 0 1.61027</i>
                <i>1 0 0 0 1 0 0 0 1 0.0821732 0 1.63474</i>
                <i>1 0 0 0 1 0 0 0 1 0.102979 0 1.66717</i>
                <i>1 0 0 0 1 0 0 0 1 0.129918 0 1.70409</i>
                <i>1 0 0 0 1 0 0 0 1 0.152733 0 1.736</i>
                <i>1 0 0 0 1 0 0 0 1 0.169826 0 1.76159</i>
                <i>1 0 0 0 1 0 0 0 1 0.186407 0 1.78606</i>
                <i>1 0 0 0 1 0 0 0 1 0.202436 0 1.80966</i>
                <i>1 0 0 0 1 0 0 0 1 0.21787 0 1.83263</i>
                <i>1 0 0 0 1 0 0 0 1 0.232671 0 1.85523</i>
                <i>1 0 0 0 1 0 0 0 1 0.246796 0 1.87772</i>
                <i>1 0 0 0 1 0 0 0 1 0.260206 0 1.90033</i>
                <i>1 0 0 0 1 0 0 0 1 0.272858 0 1.92334</i>
                <i>1 0 0 0 1 0 0 0 1 0.282848 0 1.94697</i>
                <i>1 0 0 0 1 0 0 0 1 0.289488 0 1.97074</i>
                <i>1 0 0 0 1 0 0 0 1 0.294562 0 1.99381</i>
                <i>1 0 0 0 1 0 0 0 1 0.299857 0 2.01533</i>
                <i>1 0 0 0 1 0 0 0 1 0.305072 0 2.03477</i>
                <i>1 0 0 0 1 0 0 0 1 0.309381 0 2.05276</i>
                <i>1 0 0 0 1 0 0 0 1 0.313783 0 2.07025</i>
                <i>1 0 0 0 1 0 0 0 1 0.319277 0 2.08819</i>
                <i>1 0 0 0 1 0 0 0 1 0.326861 0 2.1075</i>
                <i>1 0 0 0 1 0 0 0 1 0.335847 0 2.12863</i>
                <i>1 0 0 0 1 0 0 0 1 0.34526 0 2.15094</i>
                <i>1 0 0 0 1 0 0 0 1 0.355662 0 2.17378</i>
                <i>1 0 0 0 1 0 0 0 1 0.367616 0 2.19647</i>
                <i>1 0 0 0 1 0 0 0 1 0.381687 0 2.21836</i>
                <i>1 0 0 0 1 0 0 0 1 0.398438 0 2.23878</i>
                <i>1 0 0 0 1 0 0 0 1 0.418503 0 2.2584</i>
                <i>1 0 0 0 1 0 0 0 1 0.441468 0 2.27802</i>
                <i>1 0 0 0 1 0 0 0 1 0.466325 0 2.2972</i>
                <i>1 0 0 0 1 0 0 0 1 0.492063 0 2.31549</i>
                <i>1 0 0 0 1 0 0 0 1 0.517676 0 2.33245</i>
                <i>1 0 0 0 1 0 0 0 1 0.542152 0 2.34762</i>
                <i>1 0 0 0 1 0 0 0 1 0.564485 0 2.36055</i>
                <i>1 0 0 0 1 0 0 0 1 0.583413 0 2.36951</i>
                <i>1 0 0 0 1 0 0 0 1 0.599563 0 2.37415</i>
                <i>1 0 0 0 1 0 0 0 1 0.614752 0 2.37614</i>
                <i>1 0 0 0 1 0 0 0 1 0.6308 0 2.37714</i>
                <i>1 0 0 0 1 0 0 0 1 0.649524 0 2.37881</i>
                <i>1 0 0 0 1 0 0 0 1 0.670916 0 2.38108</i>
                <i>1 0 0 0 1 0 0 0 1 0.693542 0 2.38287</i>
                <i>1 0 0 0 1 0 0 0 1 0.717073 0 2.38433</i>
                <i>1 0 0 0 1 0 0 0 1 0.741184 0 2.38557</i>
                <i>1 0 0 0 1 0 0 0 1 0.76555 0 2.38674</i>
                <i>1 0 0 0 1 0 0 0 1 0.789844 0 2.38797</i>
                <i>1 0 0 0 1 0 0 0 1 0.81374 0 2.38938</i>
                <i>1 0 0 0 1 0 0 0 1 0.836912 0 2.39112</i>
                <i>1 0 0 0 1 0 0 0 1 0.859035 0 2.3933</i>
                <i>1 0 0 0 1 0 0 0 1 0.879781 0 2.39608</i>
                <i>1 0 0 0 1 0 0 0 1 0.898826 0 2.39957</i>
                <i>1 0 0 0 1 0 0 0 1 0.915843 0 2.40391</i>
                <i>1 0 0 0 1 0 0 0 1 0.931524 0 2.41006</i>
                <i>1 0 0 0 1 0 0 0 1 0.94642 0 2.41853</i>
                <i>1 0 0 0 1 0 0 0 1 0.959989 0 2.42882</i>
                <i>1 0 0 0 1 0 0 0 1 0.971692 0 2.4404</i>
                <i>1 0 0 0 1 0 0 0 1 0.980989 0 2.45276</i>
                <i>1 0 0 0 1 0 0 0 1 0.987339 0 2.46539</i>
                <i>1 0 0 0 1 0 0 0 1 0.990201 0 2.47812</i>
                <i>1 0 0 0 1 0 0 0 1 0.989036 0 2.49111</i>
                <i>1 0 0 0 1 0 0 0 1 0.983304 0 2.50434</i>
                <i>1 0 0 0 1 0 0 0 1 0.971782 0 2.51778</i>
                <i>1 0 0 0 1 0 0 0 1 0.9544 0 2.53142</i>
                <i>1 0 0 0 1 0 0 0 1 0.932344 0 2.54524</i>
                <i>1 0 0 0 1 0 0 0 1 0.906801 0 2.5592</i>
                <i>1 0 0 0 1 0 0 0 1 0.878957 0 2.57329</i>
                <i>1 0 0 0 1 0 0 0 1 0.85 0 2.58749</i>
                <i>1 0 0 0 1 0 0 0 1 0.821115 0 2.60178</i>
                <i>1 0 0 0 1 0 0 0 1 0.79349 0 2.61613</i>
                <i>1 0 0 0 1 0 0 0 1 0.768312 0 2.63051</i>
                <i>1 0 0 0 1 0 0 0 1 0.744583 0 2.64478</i>
                <i>1 0 0 0 1 0 0 0 1 0.720805 0 2.65923</i>
                <i>1 0 0 0 1 0 0 0 1 0.697406 0 2.6745</i>
                <i>1 0 0 0 1 0 0 0 1 0.674815 0 2.69127</i>
                <i>1 0 0 0 1 0 0 0 1 0.653463 0 2.71019</i>
                <i>1 0 0 0 1 0 0 0 1 0.633531 0 2.731</i>
                <i>1 0 0 0 1 0 0 0 1 0.614638 0 2.7529</i>
                <i>1 0 0 0 1 0 0 0 1 0.596368 0 2.77573</i>
                <i>1 0 0 0 1 0 0 0 1 0.578308 0 2.79932</i>
                <i>1 0 0 0 1 0 0 0 1 0.560042 0 2.8235</i>
                <i>1 0 0 0 1 0 0 0 1 0.541158 0 2.84812</i>
                <i>1 0 0 0 1 0 0 0 1 0.521239 0 2.873</i>
                <i>1 0 0 0 1 0 0 0 1 0.497955 0 2.90009</i>
                <i>1 0 0 0 1 0 0 0 1 0.472051 0 2.92982</i>
                <i>1 0 0 0 1 0 0 0 1 0.447721 0 2.95979</i>
                <i>1 0 0 0 1 0 0 0 1 0.427615 0 2.98905</i>
                <i>1 0 0 0 1 0 0 0 1 0.409084 0 3.01855</i>
                <i>1 0 0 0 1 0 0 0 1 0.388374 0 3.04869</i>
                <i>1 0 0 0 1 0 0 0 1 0.364394 0 3.08027</i>
                <i>1 0 0 0 1 0 0 0 1 0.338979 0 3.11273</i>
                <i>1 0 0 0 1 0 0 0 1 0.312756 0 3.1445</i>
                <i>1 0 0 0 1 0 0 0 1 0.286356 0 3.17399</i>
                <i>1 0 0 0 1 0 0 0 1 0.260039 0 3.19962</i>
                <i>1 0 0 0 1 0 0 0 1 0.233437 0 3.22262</i>
                <i>1 0 0 0 1 0 0 0 1 0.206241 0 3.24562</i>
                <i>1 0 0 0 1 0 0 0 1 0.178138 0 3.27125</i>
                <i>1 0 0 0 1 0 0 0 1 0.144231 0 3.30159</i>
                <i>1 0 0 0 1 0 0 0 1 0.108898 0 3.33505</i>
                <i>1 0 0 0 1 0 0 0 1 0.0857441 0 3.36874</i>
                <i>1 0 0 0 1 0 0 0 1 0.0752925 0 3.40163</i>
                <i>1 0 0 0 1 0 0 0 1 0.0683563 0 3.43459</i>
                <i>1 0 0 0 1 0 0 0 1 0.0639767 0 3.4676</i>
                <i>1 0 0 0 1 0 0 0 1 0.061195 0 3.50065</i>
                <i>1 0 0 0 1 0 0 0 1 0.0590524 0 3.5337</i>
                <i>1 0 0 0 1 0 0 0 1 0.0565903 0 3.56675</i>
                <i>1 0 0 0 1 0 0 0 1 0.0528498 0 3.59977</i>
            </KeyFrames>
        </RefFrame>
        <Bones count="23">
            <i>
                <p>
                    <Name><![CDATA[pelvis]]></Name>
                    <Exclude>0</Exclude>
                    <Additive>0</Additive>
                    <IKPriority>0</IKPriority>
                    <IKRotLimits>-1e+010 -1e+010 -1e+010 1e+010 1e+010 1e+010</IKRotLimits>
                    <IKRotLimitOrder>2</IKRotLimitOrder>
                    <KeyFrames count="136">
                        <i>1 0 0 0 1 0 0 0 1 -0.04668 1.1467 0.6382</i>
                        <i>1 0 0 0 1 0 0 0 1 -0.041767 1.14271 0.676117</i>
                        <i>1 0 0 0 1 0 0 0 1 -0.0368541 1.13872 0.714034</i>
                        <i>1 0 0 0 1 0 0 0 1 -0.0326256 1.13546 0.749682</i>
                        <i>1 0 0 0 1 0 0 0 1 -0.0290203 1.13248 0.783199</i>
                        <i>1 0 0 0 1 0 0 0 1 -0.0255274 1.12913 0.816257</i>
                        <i>1 0 0 0 1 0 0 0 1 -0.0221568 1.12579 0.848887</i>
                        <i>1 0 0 0 1 0 0 0 1 -0.0189186 1.12283 0.881122</i>
                        <i>1 0 0 0 1 0 0 0 1 -0.0158229 1.12065 0.912994</i>
                        <i>1 0 0 0 1 0 0 0 1 -0.0128798 1.11963 0.944535</i>
                        <i>1 0 0 0 1 0 0 0 1 -0.0100994 1.12015 0.975778</i>
                        <i>1 0 0 0 1 0 0 0 1 -0.007617 1.12441 1.00569</i>
                        <i>1 0 0 0 1 0 0 0 1 -0.0054943 1.13252 1.03408</i>
                        <i>1 0 0 0 1 0 0 0 1 -0.00363045 1.14173 1.06223</i>
                        <i>1 0 0 0 1 0 0 0 1 -0.0019246 1.14931 1.09142</i>
                        <i>1 0 0 0 1 0 0 0 1 -0.000275932 1.15248 1.12294</i>
                        <i>1 0 0 0 1 0 0 0 1 0.000921308 1.14987 1.15748</i>
                        <i>1 0 0 0 1 0 0 0 1 0.0015999 1.14329 1.19418</i>
                        <i>1 0 0 0 1 0 0 0 1 0.00235122 1.13486 1.23201</i>
                        <i>1 0 0 0 1 0 0 0 1 0.00376664 1.12666 1.26991</i>
                        <i>1 0 0 0 1 0 0 0 1 0.00643754 1.12082 1.30683</i>
                        <i>1 0 0 0 1 0 0 0 1 0.01026 1.11697 1.34352</i>
                        <i>1 0 0 0 1 0 0 0 1 0.0147137 1.11353 1.38088</i>
                        <i>1 0 0 0 1 0 0 0 1 0.0197655 1.11075 1.41804</i>
                        <i>1 0 0 0 1 0 0 0 1 0.0253822 1.10886 1.45416</i>
                        <i>1 0 0 0 1 0 0 0 1 0.0315306 1.10811 1.48838</i>
                        <i>1 0 0 0 1 0 0 0 1 0.0381775 1.10874 1.51985</i>
                        <i>1 0 0 0 1 0 0 0 1 0.0448683 1.11221 1.54656</i>
                        <i>1 0 0 0 1 0 0 0 1 0.0517478 1.11856 1.56879</i>
                        <i>1 0 0 0 1 0 0 0 1 0.0596815 1.12592 1.58915</i>
                        <i>1 0 0 0 1 0 0 0 1 0.0695347 1.13243 1.61027</i>
                        <i>1 0 0 0 1 0 0 0 1 0.0821732 1.1362 1.63474</i>
                        <i>1 0 0 0 1 0 0 0 1 0.102979 1.13412 1.66717</i>
                        <i>1 0 0 0 1 0 0 0 1 0.129918 1.12791 1.70409</i>
                        <i>1 0 0 0 1 0 0 0 1 0.152733 1.12296 1.736</i>
                        <i>1 0 0 0 1 0 0 0 1 0.169826 1.12035 1.76159</i>
                        <i>1 0 0 0 1 0 0 0 1 0.186407 1.11766 1.78606</i>
                        <i>1 0 0 0 1 0 0 0 1 0.202436 1.11504 1.80966</i>
                        <i>1 0 0 0 1 0 0 0 1 0.21787 1.11266 1.83263</i>
                        <i>1 0 0 0 1 0 0 0 1 0.232671 1.11065 1.85523</i>
                        <i>1 0 0 0 1 0 0 0 1 0.246796 1.10919 1.87772</i>
                        <i>1 0 0 0 1 0 0 0 1 0.260206 1.10841 1.90033</i>
                        <i>1 0 0 0 1 0 0 0 1 0.272858 1.10848 1.92334</i>
                        <i>1 0 0 0 1 0 0 0 1 0.282848 1.11239 1.94697</i>
                        <i>1 0 0 0 1 0 0 0 1 0.289488 1.12011 1.97074</i>
                        <i>1 0 0 0 1 0 0 0 1 0.294562 1.12727 1.99381</i>
                        <i>1 0 0 0 1 0 0 0 1 0.299857 1.12948 2.01533</i>
                        <i>1 0 0 0 1 0 0 0 1 0.305072 1.12459 2.03477</i>
                        <i>1 0 0 0 1 0 0 0 1 0.309381 1.11544 2.05276</i>
                        <i>1 0 0 0 1 0 0 0 1 0.313783 1.10507 2.07025</i>
                        <i>1 0 0 0 1 0 0 0 1 0.319277 1.09654 2.08819</i>
                        <i>1 0 0 0 1 0 0 0 1 0.326861 1.09292 2.1075</i>
                        <i>1 0 0 0 1 0 0 0 1 0.335847 1.09528 2.12863</i>
                        <i>1 0 0 0 1 0 0 0 1 0.34526 1.10145 2.15094</i>
                        <i>1 0 0 0 1 0 0 0 1 0.355662 1.1096 2.17378</i>
                        <i>1 0 0 0 1 0 0 0 1 0.367616 1.11793 2.19647</i>
                        <i>1 0 0 0 1 0 0 0 1 0.381687 1.12462 2.21836</i>
                        <i>1 0 0 0 1 0 0 0 1 0.398438 1.12785 2.23878</i>
                        <i>1 0 0 0 1 0 0 0 1 0.418503 1.12713 2.2584</i>
                        <i>1 0 0 0 1 0 0 0 1 0.441468 1.12386 2.27802</i>
                        <i>1 0 0 0 1 0 0 0 1 0.466325 1.11905 2.2972</i>
                        <i>1 0 0 0 1 0 0 0 1 0.492063 1.11371 2.31549</i>
                        <i>1 0 0 0 1 0 0 0 1 0.517676 1.10884 2.33245</i>
                        <i>1 0 0 0 1 0 0 0 1 0.542152 1.10546 2.34762</i>
                        <i>1 0 0 0 1 0 0 0 1 0.564485 1.10457 2.36055</i>
                        <i>1 0 0 0 1 0 0 0 1 0.583413 1.10871 2.36951</i>
                        <i>1 0 0 0 1 0 0 0 1 0.599563 1.1174 2.37415</i>
                        <i>1 0 0 0 1 0 0 0 1 0.614752 1.12719 2.37614</i>
                        <i>1 0 0 0 1 0 0 0 1 0.6308 1.13461 2.37714</i>
                        <i>1 0 0 0 1 0 0 0 1 0.649524 1.13619 2.37881</i>
                        <i>1 0 0 0 1 0 0 0 1 0.670916 1.12677 2.38108</i>
                        <i>1 0 0 0 1 0 0 0 1 0.693542 1.10906 2.38287</i>
                        <i>1 0 0 0 1 0 0 0 1 0.717073 1.0914 2.38433</i>
                        <i>1 0 0 0 1 0 0 0 1 0.741184 1.08213 2.38557</i>
                        <i>1 0 0 0 1 0 0 0 1 0.76555 1.08287 2.38674</i>
                        <i>1 0 0 0 1 0 0 0 1 0.789844 1.08823 2.38797</i>
                        <i>1 0 0 0 1 0 0 0 1 0.81374 1.09608 2.38938</i>
                        <i>1 0 0 0 1 0 0 0 1 0.836912 1.1043 2.39112</i>
                        <i>1 0 0 0 1 0 0 0 1 0.859035 1.11075 2.3933</i>
                        <i>1 0 0 0 1 0 0 0 1 0.879781 1.11331 2.39608</i>
                        <i>1 0 0 0 1 0 0 0 1 0.898826 1.11179 2.39957</i>
                        <i>1 0 0 0 1 0 0 0 1 0.915843 1.10798 2.40391</i>
                        <i>1 0 0 0 1 0 0 0 1 0.931524 1.10264 2.41006</i>
                        <i>1 0 0 0 1 0 0 0 1 0.94642 1.09657 2.41853</i>
                        <i>1 0 0 0 1 0 0 0 1 0.959989 1.09056 2.42882</i>
                        <i>1 0 0 0 1 0 0 0 1 0.971692 1.08539 2.4404</i>
                        <i>1 0 0 0 1 0 0 0 1 0.980989 1.08184 2.45276</i>
                        <i>1 0 0 0 1 0 0 0 1 0.987339 1.08071 2.46539</i>
                        <i>1 0 0 0 1 0 0 0 1 0.990201 1.08169 2.47812</i>
                        <i>1 0 0 0 1 0 0 0 1 0.989036 1.08381 2.49111</i>
                        <i>1 0 0 0 1 0 0 0 1 0.983304 1.08685 2.50434</i>
                        <i>1 0 0 0 1 0 0 0 1 0.971782 1.0906 2.51778</i>
                        <i>1 0 0 0 1 0 0 0 1 0.9544 1.09485 2.53142</i>
                        <i>1 0 0 0 1 0 0 0 1 0.932344 1.09936 2.54524</i>
                        <i>1 0 0 0 1 0 0 0 1 0.906801 1.10393 2.5592</i>
                        <i>1 0 0 0 1 0 0 0 1 0.878957 1.10834 2.57329</i>
                        <i>1 0 0 0 1 0 0 0 1 0.85 1.11237 2.58749</i>
                        <i>1 0 0 0 1 0 0 0 1 0.821115 1.11581 2.60178</i>
                        <i>1 0 0 0 1 0 0 0 1 0.79349 1.11844 2.61613</i>
                        <i>1 0 0 0 1 0 0 0 1 0.768312 1.12003 2.63051</i>
                        <i>1 0 0 0 1 0 0 0 1 0.744583 1.11834 2.64478</i>
                        <i>1 0 0 0 1 0 0 0 1 0.720805 1.11286 2.65923</i>
                        <i>1 0 0 0 1 0 0 0 1 0.697406 1.10601 2.6745</i>
                        <i>1 0 0 0 1 0 0 0 1 0.674815 1.1002 2.69127</i>
                        <i>1 0 0 0 1 0 0 0 1 0.653463 1.09786 2.71019</i>
                        <i>1 0 0 0 1 0 0 0 1 0.633531 1.09948 2.731</i>
                        <i>1 0 0 0 1 0 0 0 1 0.614638 1.10331 2.7529</i>
                        <i>1 0 0 0 1 0 0 0 1 0.596368 1.1084 2.77573</i>
                        <i>1 0 0 0 1 0 0 0 1 0.578308 1.1138 2.79932</i>
                        <i>1 0 0 0 1 0 0 0 1 0.560042 1.11857 2.8235</i>
                        <i>1 0 0 0 1 0 0 0 1 0.541158 1.12177 2.84812</i>
                        <i>1 0 0 0 1 0 0 0 1 0.521239 1.12245 2.873</i>
                        <i>1 0 0 0 1 0 0 0 1 0.497955 1.11431 2.90009</i>
                        <i>1 0 0 0 1 0 0 0 1 0.472051 1.09931 2.92982</i>
                        <i>1 0 0 0 1 0 0 0 1 0.447721 1.08891 2.95979</i>
                        <i>1 0 0 0 1 0 0 0 1 0.427615 1.08871 2.98905</i>
                        <i>1 0 0 0 1 0 0 0 1 0.409084 1.09311 3.01855</i>
                        <i>1 0 0 0 1 0 0 0 1 0.388374 1.0967 3.04869</i>
                        <i>1 0 0 0 1 0 0 0 1 0.364394 1.09752 3.08027</i>
                        <i>1 0 0 0 1 0 0 0 1 0.338979 1.09764 3.11273</i>
                        <i>1 0 0 0 1 0 0 0 1 0.312756 1.09779 3.1445</i>
                        <i>1 0 0 0 1 0 0 0 1 0.286356 1.09865 3.17399</i>
                        <i>1 0 0 0 1 0 0 0 1 0.260039 1.1021 3.19962</i>
                        <i>1 0 0 0 1 0 0 0 1 0.233437 1.1072 3.22262</i>
                        <i>1 0 0 0 1 0 0 0 1 0.206241 1.11046 3.24562</i>
                        <i>1 0 0 0 1 0 0 0 1 0.178138 1.10842 3.27125</i>
                        <i>1 0 0 0 1 0 0 0 1 0.144231 1.09179 3.30159</i>
                        <i>1 0 0 0 1 0 0 0 1 0.108898 1.06778 3.33505</i>
                        <i>1 0 0 0 1 0 0 0 1 0.0857441 1.05761 3.36874</i>
                        <i>1 0 0 0 1 0 0 0 1 0.0752925 1.0638 3.40163</i>
                        <i>1 0 0 0 1 0 0 0 1 0.0683563 1.07399 3.43459</i>
                        <i>1 0 0 0 1 0 0 0 1 0.0639767 1.08708 3.4676</i>
                        <i>1 0 0 0 1 0 0 0 1 0.061195 1.10198 3.50065</i>
                        <i>1 0 0 0 1 0 0 0 1 0.0590524 1.11761 3.5337</i>
                        <i>1 0 0 0 1 0 0 0 1 0.0565903 1.13288 3.56675</i>
                        <i>1 0 0 0 1 0 0 0 1 0.0528498 1.1467 3.59977</i>
                    </KeyFrames>
                </p>
            </i>
            <i>
                <p>
                    <Name><![CDATA[spine0]]></Name>
                    <Exclude>0</Exclude>
                    <Additive>0</Additive>
                    <IKPriority>0</IKPriority>
                    <IKRotLimits>-1e+010 -1e+010 -1e+010 1e+010 1e+010 1e+010</IKRotLimits>
                    <IKRotLimitOrder>0</IKRotLimitOrder>
                    <KeyFrames count="136">
                        <i>-0.138797 0.982539 0.123908 -0.929777 -0.0862109 -0.357886 -0.340954 -0.164881 0.925508 -0.0282483 1.28419 0.61204</i>
                        <i>-0.131236 0.983701 0.122919 -0.924287 -0.0765841 -0.373937 -0.358428 -0.162686 0.919273 -0.024364 1.28023 0.649355</i>
                        <i>-0.123831 0.984745 0.12224 -0.918403 -0.0670867 -0.389918 -0.375769 -0.16055 0.9127 -0.0205999 1.27627 0.686572</i>
                        <i>-0.117704 0.985348 0.123433 -0.918095 -0.0606031 -0.391701 -0.378481 -0.159428 0.911776 -0.0182857 1.27305 0.721278</i>
                        <i>-0.116306 0.985415 0.124217 -0.922657 -0.0608991 -0.380782 -0.367663 -0.158897 0.916283 -0.0173584 1.2701 0.753561</i>
                        <i>-0.115623 0.985516 0.124058 -0.927971 -0.0626288 -0.367351 -0.354261 -0.157596 0.921772 -0.0167864 1.26671 0.785208</i>
                        <i>-0.115323 0.985607 0.123612 -0.934001 -0.0652294 -0.351266 -0.338147 -0.155963 0.92808 -0.0164867 1.26327 0.816411</i>
                        <i>-0.115036 0.985649 0.123545 -0.94069 -0.0681296 -0.332357 -0.319171 -0.15445 0.935027 -0.0163687 1.26017 0.847365</i>
                        <i>-0.114335 0.985607 0.124529 -0.94796 -0.0707452 -0.310432 -0.297154 -0.153541 0.942404 -0.0163302 1.25781 0.878267</i>
                        <i>-0.112713 0.985446 0.127248 -0.955703 -0.072475 -0.28527 -0.271895 -0.153765 0.949963 -0.0162529 1.2566 0.909309</i>
                        <i>-0.109562 0.985123 0.1324 -0.963772 -0.0726967 -0.25663 -0.243187 -0.15572 0.957398 -0.0159965 1.25696 0.940684</i>
                        <i>-0.113823 0.983912 0.137698 -0.971719 -0.0813902 -0.221669 -0.206896 -0.159035 0.965351 -0.0155532 1.26117 0.971967</i>
                        <i>-0.114785 0.982077 0.149494 -0.980152 -0.0874796 -0.177902 -0.161636 -0.166948 0.972626 -0.0148371 1.26934 1.003</i>
                        <i>-0.113115 0.979984 0.163821 -0.987332 -0.0924001 -0.12899 -0.111271 -0.176336 0.978021 -0.0136871 1.27865 1.03434</i>
                        <i>-0.110307 0.978085 0.176583 -0.992101 -0.0976791 -0.0787025 -0.0597292 -0.18387 0.981134 -0.0121688 1.28631 1.06644</i>
                        <i>-0.108811 0.976943 0.183693 -0.994003 -0.10491 -0.0308559 -0.0108732 -0.185949 0.982499 -0.0105296 1.28952 1.09979</i>
                        <i>-0.111629 0.975563 0.189249 -0.992972 -0.117035 0.0175991 0.0393178 -0.185954 0.981771 -0.00969075 1.28688 1.13501</i>
                        <i>-0.116316 0.974503 0.191872 -0.98887 -0.13167 0.0692741 0.0927717 -0.181679 0.978972 -0.00970769 1.28024 1.17171</i>
                        <i>-0.121869 0.973879 0.191594 -0.982043 -0.14632 0.11909 0.144013 -0.17364 0.974222 -0.00966028 1.27172 1.20883</i>
                        <i>-0.127204 0.973789 0.188556 -0.973951 -0.158605 0.162061 0.187719 -0.163029 0.968598 -0.00860026 1.26346 1.24538</i>
                        <i>-0.131019 0.974358 0.182925 -0.966925 -0.166322 0.193371 0.218837 -0.151539 0.963922 -0.00552024 1.2576 1.28037</i>
                        <i>-0.131435 0.9755 0.176423 -0.961843 -0.168569 0.215504 0.239964 -0.141367 0.960434 -0.000525054 1.25375 1.31431</i>
                        <i>-0.130757 0.977454 0.16579 -0.957857 -0.167691 0.233214 0.255758 -0.128309 0.958188 0.00543137 1.25024 1.34811</i>
                        <i>-0.129709 0.979623 0.153343 -0.95528 -0.164907 0.245451 0.265736 -0.114648 0.957204 0.0121908 1.2473 1.38139</i>
                        <i>-0.128802 0.98155 0.141316 -0.954405 -0.161394 0.251122 0.269296 -0.102527 0.957584 0.0196428 1.24518 1.41378</i>
                        <i>-0.128479 0.982903 0.131887 -0.955458 -0.158313 0.249071 0.265692 -0.0940123 0.959463 0.0276972 1.24419 1.4449</i>
                        <i>-0.129294 0.983412 0.127219 -0.95851 -0.156816 0.23805 0.254051 -0.0911626 0.962885 0.0362479 1.24465 1.47434</i>
                        <i>-0.126155 0.984372 0.12287 -0.965144 -0.150424 0.214174 0.229309 -0.0915678 0.969037 0.0448958 1.24814 1.50053</i>
                        <i>-0.12445 0.98444 0.12406 -0.973625 -0.145255 0.17594 0.191223 -0.0988924 0.976552 0.0538025 1.25467 1.52354</i>
                        <i>-0.123918 0.983973 0.128224 -0.981922 -0.140228 0.127144 0.143087 -0.11015 0.983561 0.063551 1.2623 1.54555</i>
                        <i>-0.123958 0.983378 0.132674 -0.988345 -0.134263 0.0717396 0.0883604 -0.122235 0.98856 0.0748719 1.26906 1.5686</i>
                        <i>-0.123304 0.98319 0.13466 -0.991896 -0.126293 0.0138505 0.0306244 -0.131861 0.990795 0.0887702 1.27303 1.59469</i>
                        <i>-0.118623 0.983447 0.136971 -0.992041 -0.111516 -0.0584733 -0.0422309 -0.142817 0.988848 0.111936 1.27107 1.62838</i>
                        <i>-0.113301 0.984149 0.136428 -0.985133 -0.0934291 -0.144169 -0.129138 -0.150734 0.980103 0.141751 1.26493 1.66648</i>
                        <i>-0.115439 0.984044 0.135394 -0.971964 -0.0837952 -0.21969 -0.20484 -0.156959 0.966129 0.165469 1.26005 1.69936</i>
                        <i>-0.115726 0.985767 0.121944 -0.9561 -0.0772758 -0.282669 -0.269223 -0.149303 0.951435 0.181469 1.25754 1.72573</i>
                        <i>-0.111318 0.989052 0.0968721 -0.93573 -0.0714866 -0.345397 -0.33469 -0.129095 0.933444 0.196633 1.25493 1.75083</i>
                        <i>-0.104584 0.991885 0.0723 -0.911354 -0.0664825 -0.406219 -0.398116 -0.108375 0.910911 0.211062 1.25237 1.77493</i>
                        <i>-0.101158 0.993155 0.0583934 -0.883785 -0.0627567 -0.463666 -0.456827 -0.0985108 0.884084 0.224852 1.25002 1.79835</i>
                        <i>-0.103651 0.993061 0.0555488 -0.854197 -0.0602689 -0.516445 -0.509514 -0.10098 0.854517 0.238091 1.24804 1.8214</i>
                        <i>-0.109252 0.992357 0.0573705 -0.824107 -0.0581546 -0.563442 -0.555799 -0.108836 0.824162 0.250856 1.2466 1.84447</i>
                        <i>-0.116766 0.991229 0.0618912 -0.795185 -0.0559729 -0.603778 -0.595019 -0.119716 0.794746 0.263114 1.24585 1.86783</i>
                        <i>-0.124553 0.989914 0.0675023 -0.769203 -0.053361 -0.636772 -0.626748 -0.131235 0.768092 0.274767 1.24594 1.8917</i>
                        <i>-0.140354 0.987845 0.0668028 -0.754447 -0.063011 -0.65333 -0.641179 -0.142096 0.754121 0.283513 1.24987 1.91622</i>
                        <i>-0.160902 0.984285 0.0727583 -0.755596 -0.0754194 -0.650682 -0.634969 -0.159672 0.755857 0.288575 1.25758 1.94091</i>
                        <i>-0.189498 0.977871 0.0886466 -0.763418 -0.0899574 -0.63961 -0.617482 -0.188879 0.763571 0.292165 1.26471 1.96503</i>
                        <i>-0.220399 0.969292 0.109076 -0.769008 -0.10388 -0.630743 -0.600043 -0.222895 0.768288 0.296457 1.26692 1.98787</i>
                        <i>-0.253397 0.958904 0.127642 -0.770161 -0.120134 -0.626434 -0.585356 -0.257041 0.768952 0.301044 1.26206 2.00902</i>
                        <i>-0.266151 0.955206 0.129402 -0.772832 -0.131222 -0.620896 -0.576103 -0.265258 0.773138 0.304835 1.25292 2.02896</i>
                        <i>-0.277559 0.951651 0.131608 -0.776109 -0.141372 -0.614548 -0.56623 -0.272715 0.777824 0.308921 1.24256 2.04842</i>
                        <i>-0.287152 0.948573 0.133239 -0.779891 -0.150759 -0.607487 -0.556159 -0.278354 0.783075 0.314386 1.23405 2.0681</i>
                        <i>-0.294504 0.946315 0.133249 -0.784099 -0.159568 -0.599772 -0.546311 -0.281115 0.788998 0.322298 1.23044 2.08872</i>
                        <i>-0.286512 0.948397 0.135844 -0.79257 -0.154962 -0.589763 -0.538279 -0.27664 0.796069 0.331935 1.23284 2.11065</i>
                        <i>-0.276775 0.951044 0.137521 -0.80187 -0.14972 -0.578436 -0.529528 -0.27037 0.804052 0.342152 1.23905 2.1334</i>
                        <i>-0.265933 0.954002 0.138416 -0.811421 -0.144002 -0.566445 -0.520458 -0.26295 0.812392 0.353366 1.24724 2.15634</i>
                        <i>-0.254626 0.957041 0.138704 -0.820686 -0.137989 -0.554467 -0.511508 -0.255014 0.820565 0.365973 1.25561 2.17883</i>
                        <i>-0.243475 0.959952 0.138608 -0.82918 -0.131873 -0.543203 -0.50317 -0.247187 0.828081 0.380439 1.26232 2.20027</i>
                        <i>-0.233074 0.96256 0.138398 -0.836465 -0.125852 -0.533373 -0.495986 -0.240081 0.834481 0.397299 1.26556 2.2201</i>
                        <i>-0.222661 0.964566 0.141546 -0.843289 -0.11771 -0.524413 -0.489169 -0.23613 0.839617 0.417325 1.26484 2.23911</i>
                        <i>-0.212044 0.966432 0.145074 -0.849741 -0.109011 -0.515807 -0.482678 -0.232649 0.844332 0.440255 1.26158 2.25812</i>
                        <i>-0.201521 0.968122 0.148761 -0.855686 -0.100101 -0.507721 -0.476644 -0.22961 0.848581 0.465074 1.25676 2.27667</i>
                        <i>-0.1914 0.969612 0.152376 -0.861006 -0.0913345 -0.500326 -0.471205 -0.22696 0.852324 0.49077 1.25141 2.29425</i>
                        <i>-0.181995 0.970897 0.155682 -0.865598 -0.0830767 -0.4938 -0.466495 -0.224627 0.855526 0.516328 1.24654 2.31038</i>
                        <i>-0.173622 0.971984 0.158439 -0.869372 -0.0756925 -0.488327 -0.462654 -0.222527 0.858157 0.540735 1.24314 2.32456</i>
                        <i>-0.166593 0.97289 0.160413 -0.872244 -0.0695384 -0.484102 -0.459823 -0.220568 0.860182 0.562976 1.24222 2.3363</i>
                        <i>-0.165691 0.973433 0.158035 -0.874517 -0.0709639 -0.479775 -0.455814 -0.217699 0.863042 0.581697 1.24628 2.34309</i>
                        <i>-0.167588 0.973683 0.154453 -0.87665 -0.0755126 -0.475165 -0.450997 -0.215033 0.866234 0.597594 1.25483 2.3446</i>
                        <i>-0.170015 0.973845 0.150735 -0.876993 -0.0797645 -0.473836 -0.44942 -0.212753 0.867616 0.61276 1.26444 2.34357</i>
                        <i>-0.171281 0.974085 0.147723 -0.873907 -0.0809781 -0.4793 -0.454917 -0.211191 0.86513 0.629234 1.27174 2.34274</i>
                        <i>-0.170203 0.974515 0.146118 -0.865567 -0.0769781 -0.494842 -0.470984 -0.210699 0.85661 0.648986 1.27341 2.34483</i>
                        <i>-0.171845 0.974951 0.141211 -0.851263 -0.0748171 -0.519379 -0.495803 -0.209461 0.842796 0.671791 1.2642 2.3494</i>
                        <i>-0.170577 0.976348 0.132847 -0.83349 -0.0710615 -0.547946 -0.525546 -0.204193 0.825897 0.695854 1.2467 2.35416</i>
                        <i>-0.167094 0.97821 0.123224 -0.812529 -0.0658333 -0.579191 -0.558458 -0.196902 0.805825 0.720679 1.2292 2.35907</i>
                        <i>-0.162616 0.980025 0.114482 -0.788779 -0.0594146 -0.611799 -0.592777 -0.189789 0.782685 0.745801 1.22002 2.36404</i>
                        <i>-0.158873 0.981334 0.108363 -0.76277 -0.0523144 -0.644551 -0.626851 -0.185058 0.756843 0.77079 1.22075 2.36901</i>
                        <i>-0.157904 0.981757 0.105925 -0.735169 -0.0452673 -0.67637 -0.659236 -0.184675 0.728905 0.795266 1.22603 2.37391</i>
                        <i>-0.161844 0.980939 0.10754 -0.706769 -0.039171 -0.706359 -0.688683 -0.190326 0.699637 0.818892 1.23375 2.37867</i>
                        <i>-0.174121 0.978096 0.11406 -0.678424 -0.0351985 -0.733827 -0.713739 -0.205155 0.669693 0.841377 1.24179 2.38326</i>
                        <i>-0.194443 0.9731 0.123568 -0.65119 -0.0338456 -0.75816 -0.733583 -0.227885 0.640254 0.862464 1.24807 2.38767</i>
                        <i>-0.218756 0.96669 0.132875 -0.626378 -0.0347044 -0.778747 -0.748195 -0.253585 0.613105 0.881919 1.25047 2.39193</i>
                        <i>-0.242096 0.960159 0.139586 -0.605429 -0.0370738 -0.795035 -0.758185 -0.276984 0.590284 0.8993 1.24887 2.39581</i>
                        <i>-0.258862 0.955425 0.141963 -0.589885 -0.0399883 -0.806497 -0.76487 -0.292513 0.573942 0.914337 1.24503 2.39932</i>
                        <i>-0.263159 0.953401 0.147557 -0.589179 -0.0377085 -0.807122 -0.763947 -0.299339 0.571648 0.928419 1.23976 2.40352</i>
                        <i>-0.25905 0.953616 0.153329 -0.605058 -0.0364832 -0.795345 -0.75286 -0.298807 0.586444 0.94235 1.23382 2.40923</i>
                        <i>-0.249542 0.955277 0.158664 -0.631435 -0.0362947 -0.774579 -0.734179 -0.293476 0.612253 0.95523 1.22792 2.41629</i>
                        <i>-0.237795 0.957568 0.162843 -0.662246 -0.0371911 -0.748363 -0.710552 -0.285799 0.642989 0.966235 1.22281 2.42454</i>
                        <i>-0.226869 0.959713 0.165777 -0.691908 -0.0390309 -0.72093 -0.685415 -0.278259 0.672888 0.974693 1.21924 2.43379</i>
                        <i>-0.219542 0.960982 0.168271 -0.715554 -0.0413679 -0.697332 -0.663162 -0.273501 0.696716 0.980104 1.21803 2.44394</i>
                        <i>-0.217154 0.962325 0.163632 -0.73376 -0.0503693 -0.677539 -0.64377 -0.267197 0.717054 0.982297 1.21894 2.45504</i>
                        <i>-0.215836 0.963464 0.158591 -0.75208 -0.0604526 -0.656294 -0.622728 -0.260925 0.73765 0.980764 1.221 2.46683</i>
                        <i>-0.215538 0.964439 0.152972 -0.77012 -0.0715708 -0.633872 -0.600382 -0.254431 0.75816 0.974637 1.22398 2.47889</i>
                        <i>-0.216119 0.965284 0.146696 -0.787547 -0.0835357 -0.610567 -0.577116 -0.247485 0.77826 0.962728 1.22766 2.49116</i>
                        <i>-0.21742 0.966027 0.139715 -0.804076 -0.0961161 -0.586706 -0.553345 -0.239903 0.797656 0.945002 1.23183 2.50359</i>
                        <i>-0.219269 0.966692 0.132013 -0.819476 -0.109041 -0.562644 -0.529509 -0.231552 0.816091 0.922683 1.23626 2.51615</i>
                        <i>-0.221471 0.967301 0.123607 -0.833577 -0.122008 -0.538761 -0.506064 -0.222356 0.833341 0.896992 1.24075 2.52878</i>
                        <i>-0.223808 0.967879 0.11454 -0.846263 -0.134686 -0.51546 -0.483477 -0.212295 0.849224 0.869156 1.24507 2.54147</i>
                        <i>-0.226038 0.968456 0.10488 -0.857477 -0.146728 -0.493158 -0.462213 -0.201404 0.863594 0.840399 1.24902 2.5542</i>
                        <i>-0.22789 0.969069 0.0947123 -0.867211 -0.157778 -0.472282 -0.442731 -0.189764 0.876344 0.811952 1.25238 2.56696</i>
                        <i>-0.229069 0.969767 0.0841396 -0.875501 -0.167476 -0.453267 -0.425472 -0.177494 0.887395 0.785046 1.25494 2.57974</i>
                        <i>-0.229251 0.970606 0.0732726 -0.882407 -0.175464 -0.436544 -0.410856 -0.164734 0.896694 0.760913 1.25648 2.59255</i>
                        <i>-0.230803 0.970956 0.0630431 -0.8863 -0.183059 -0.425397 -0.401501 -0.154058 0.902808 0.739499 1.25477 2.60502</i>
                        <i>-0.225138 0.97299 0.0510332 -0.88767 -0.183238 -0.422452 -0.40169 -0.14041 0.904948 0.719663 1.2493 2.61756</i>
                        <i>-0.216217 0.975538 0.0397012 -0.886023 -0.178971 -0.427706 -0.410138 -0.127654 0.903045 0.701022 1.24243 2.63133</i>
                        <i>-0.208155 0.977591 0.0314299 -0.88056 -0.173313 -0.441109 -0.425777 -0.119495 0.896903 0.683163 1.23659 2.64751</i>
                        <i>-0.205411 0.978263 0.0284242 -0.870279 -0.169297 -0.462551 -0.447684 -0.11975 0.886137 0.665615 1.23429 2.66719</i>
                        <i>-0.197247 0.980018 0.0256618 -0.85612 -0.159439 -0.491568 -0.477653 -0.11893 0.870461 0.648376 1.23606 2.69001</i>
                        <i>-0.191695 0.981125 0.02541 -0.837141 -0.14994 -0.526035 -0.512297 -0.12211 0.850083 0.631515 1.24008 2.71461</i>
                        <i>-0.188247 0.981755 0.0268441 -0.813704 -0.140602 -0.564018 -0.549953 -0.128018 0.825326 0.614615 1.24538 2.74058</i>
                        <i>-0.186306 0.982059 0.0291406 -0.786368 -0.13127 -0.60365 -0.588995 -0.135379 0.796717 0.59719 1.25098 2.7674</i>
                        <i>-0.185131 0.982207 0.0315542 -0.755944 -0.121821 -0.643201 -0.627913 -0.14293 0.765047 0.578889 1.25592 2.79457</i>
                        <i>-0.183807 0.982392 0.0334817 -0.72352 -0.112157 -0.681131 -0.665383 -0.149421 0.731395 0.559561 1.25925 2.82175</i>
                        <i>-0.181256 0.982831 0.0344921 -0.690438 -0.102199 -0.716136 -0.700316 -0.153618 0.697108 0.539093 1.26002 2.84864</i>
                        <i>-0.170402 0.984335 0.0452549 -0.657767 -0.0794323 -0.749021 -0.733693 -0.157402 0.660999 0.515933 1.25191 2.87779</i>
                        <i>-0.159003 0.985633 0.0569766 -0.620601 -0.0548988 -0.782202 -0.767836 -0.159732 0.620414 0.49033 1.23691 2.90963</i>
                        <i>-0.15545 0.985791 0.0636435 -0.576086 -0.0381296 -0.816499 -0.802471 -0.163589 0.573828 0.465013 1.22656 2.94077</i>
                        <i>-0.161087 0.98483 0.0645114 -0.509983 -0.0270986 -0.859758 -0.844967 -0.171396 0.506611 0.442011 1.2265 2.96995</i>
                        <i>-0.174193 0.982818 0.0610408 -0.435226 -0.0212374 -0.900071 -0.883309 -0.183353 0.431448 0.419637 1.231 2.99858</i>
                        <i>-0.186663 0.980199 0.0660889 -0.397952 -0.0139353 -0.917301 -0.898216 -0.197526 0.392673 0.395082 1.23461 3.02787</i>
                        <i>-0.203537 0.9763 0.0735637 -0.410083 -0.0167828 -0.911894 -0.889047 -0.215771 0.40378 0.36714 1.23537 3.05938</i>
                        <i>-0.219604 0.971655 0.0875299 -0.447694 -0.0206535 -0.893948 -0.866801 -0.235501 0.43954 0.337579 1.23534 3.09248</i>
                        <i>-0.231007 0.967388 0.103903 -0.499194 -0.0261814 -0.866094 -0.835129 -0.251942 0.488963 0.307802 1.23528 3.12513</i>
                        <i>-0.23478 0.964838 0.118178 -0.553389 -0.0327179 -0.83228 -0.799149 -0.260801 0.541612 0.279096 1.23598 3.15512</i>
                        <i>-0.239443 0.962912 0.124367 -0.610042 -0.0495566 -0.790818 -0.755325 -0.265225 0.599283 0.251687 1.23934 3.18055</i>
                        <i>-0.238969 0.962479 0.128562 -0.672704 -0.0686157 -0.736723 -0.700259 -0.262538 0.663861 0.224685 1.2444 3.20258</i>
                        <i>-0.234641 0.963453 0.129239 -0.731948 -0.0876201 -0.675703 -0.639684 -0.253143 0.725757 0.197742 1.24768 3.22383</i>
                        <i>-0.22732 0.965597 0.126285 -0.780843 -0.103244 -0.616137 -0.581902 -0.238669 0.777449 0.170653 1.24568 3.24722</i>
                        <i>-0.223202 0.968116 0.113722 -0.818648 -0.122842 -0.561004 -0.529147 -0.218315 0.819964 0.13987 1.22917 3.27414</i>
                        <i>-0.213287 0.972002 0.0985912 -0.849644 -0.134722 -0.509858 -0.482301 -0.192513 0.85459 0.109028 1.20519 3.30353</i>
                        <i>-0.211243 0.973061 0.0923529 -0.869316 -0.143842 -0.472863 -0.44684 -0.180173 0.876283 0.0893731 1.19498 3.33505</i>
                        <i>-0.198602 0.975686 0.0927045 -0.883087 -0.137117 -0.448727 -0.425106 -0.170984 0.888847 0.081178 1.20121 3.36799</i>
                        <i>-0.187555 0.977603 0.0954729 -0.893841 -0.129563 -0.429258 -0.407274 -0.165847 0.898122 0.0763809 1.21145 3.40163</i>
                        <i>-0.177533 0.979012 0.100088 -0.902478 -0.121404 -0.413273 -0.392448 -0.163697 0.90509 0.0740803 1.22459 3.43578</i>
                        <i>-0.16806 0.980071 0.105912 -0.909763 -0.112832 -0.3995 -0.379588 -0.163495 0.910595 0.0733543 1.23954 3.47025</i>
                        <i>-0.158711 0.98092 0.112277 -0.916361 -0.104014 -0.386604 -0.367549 -0.164245 0.915386 0.0732709 1.25519 3.50485</i>
                        <i>-0.149084 0.981698 0.118505 -0.922861 -0.0950978 -0.373207 -0.355107 -0.165003 0.920148 0.0728934 1.27044 3.53937</i>
                        <i>-0.138797 0.982539 0.123908 -0.929777 -0.0862109 -0.357886 -0.340954 -0.164881 0.925508 0.0712815 1.28419 3.57361</i>
                    </KeyFrames>
                </p>
            </i>
            <i>
                <p>
                    <Name><![CDATA[spine1]]></Name>
                    <Exclude>0</Exclude>
                    <Additive>0</Additive>
                    <IKPriority>0</IKPriority>
                    <IKRotLimits>-1e+010 -1e+010 -1e+010 1e+010 1e+010 1e+010</IKRotLimits>
                    <IKRotLimitOrder>0</IKRotLimitOrder>
                    <KeyFrames count="136">
                        <i>-0.312972 0.917132 0.246813 -0.884542 -0.186829 -0.42741 -0.34588 -0.352084 0.869715 -0.0492285 1.45836 0.64085</i>
