<?xml version="1.0" encoding="ISO-8859-1" ?>
<Animl Version="1">
    <ModellingPackage>
        <![CDATA[Maya.2010]]>
</ModellingPackage>
    <SrcFile>
        <![CDATA[anims\characters\shared\base_soldier\~src\infantry\context_crawl2stand.mb]]>
</SrcFile>
    <FramesPerSecond>30</FramesPerSecond>
    <TotalFrames>30</TotalFrames>
    <Skeleton>
        <RefFrame>
            <Name>
                <![CDATA[soldier_ref_frame]]>
</Name>
            <Exclude>0</Exclude>
            <Additive>0</Additive>
            <IKPriority>0</IKPriority>
            <IKRotLimits>-1e+010 -1e+010 -1e+010 1e+010 1e+010 1e+010</IKRotLimits>
            <IKRotLimitOrder>0</IKRotLimitOrder>
            <KeyFrames count="30">
                <i>1 0 0 0 1 0 0 0 1 0 0 0</i>
                <i>1 0 0 0 1 0 0 0 1 0 0 0</i>
                <i>1 0 0 0 1 0 0 0 1 0 0 0</i>
                <i>1 0 0 0 1 0 0 0 1 0 0 0</i>
                <i>1 0 0 0 1 0 0 0 1 0 0 0</i>
                <i>1 0 0 0 1 0 0 0 1 0 0 0</i>
                <i>1 0 0 0 1 0 0 0 1 0 0 0</i>
                <i>1 0 0 0 1 0 0 0 1 0 0 0</i>
                <i>1 0 0 0 1 0 0 0 1 0 0 0</i>
                <i>1 0 0 0 1 0 0 0 1 0 0 0</i>
                <i>1 0 0 0 1 0 0 0 1 0 0 0</i>
                <i>1 0 0 0 1 0 0 0 1 0 0 0</i>
                <i>1 0 0 0 1 0 0 0 1 0 0 0</i>
                <i>1 0 0 0 1 0 0 0 1 0 0 0</i>
                <i>1 0 0 0 1 0 0 0 1 0 0 0</i>
                <i>1 0 0 0 1 0 0 0 1 0 0 0</i>
                <i>1 0 0 0 1 0 0 0 1 0 0 0</i>
                <i>1 0 0 0 1 0 0 0 1 0 0 0</i>
                <i>1 0 0 0 1 0 0 0 1 0 0 0</i>
                <i>1 0 0 0 1 0 0 0 1 0 0 0</i>
                <i>1 0 0 0 1 0 0 0 1 0 0 0</i>
                <i>1 0 0 0 1 0 0 0 1 0 0 0</i>
                <i>1 0 0 0 1 0 0 0 1 0 0 0</i>
                <i>1 0 0 0 1 0 0 0 1 0 0 0</i>
                <i>1 0 0 0 1 0 0 0 1 0 0 0</i>
                <i>1 0 0 0 1 0 0 0 1 0 0 0</i>
                <i>1 0 0 0 1 0 0 0 1 0 0 0</i>
                <i>1 0 0 0 1 0 0 0 1 0 0 0</i>
                <i>1 0 0 0 1 0 0 0 1 0 0 0</i>
                <i>1 0 0 0 1 0 0 0 1 0 0 0</i>
            </KeyFrames>
        </RefFrame>
        <Bones count="23">
            <i>
                <p>
                    <Name>
                        <![CDATA[pelvis]]>
</Name>
                    <Exclude>0</Exclude>
                    <Additive>0</Additive>
                    <IKPriority>0</IKPriority>
                    <IKRotLimits>-1e+010 -1e+010 -1e+010 1e+010 1e+010 1e+010</IKRotLimits>
                    <IKRotLimitOrder>2</IKRotLimitOrder>
                    <KeyFrames count="30">
                        <i>1 0 0 0 1 0 0 0 1 0.298808 0.298303 -0.0351159</i>
                        <i>1 0 0 0 1 0 0 0 1 0.286376 0.323876 -0.0794457</i>
                        <i>1 0 0 0 1 0 0 0 1 0.274266 0.348044 -0.12989</i>
                        <i>1 0 0 0 1 0 0 0 1 0.262236 0.372914 -0.177277</i>
                        <i>1 0 0 0 1 0 0 0 1 0.250045 0.400596 -0.212435</i>
                        <i>1 0 0 0 1 0 0 0 1 0.237452 0.433197 -0.226193</i>
                        <i>1 0 0 0 1 0 0 0 1 0.224215 0.474217 -0.226193</i>
                        <i>1 0 0 0 1 0 0 0 1 0.210092 0.522521 -0.226193</i>
                        <i>1 0 0 0 1 0 0 0 1 0.194356 0.573265 -0.226193</i>
                        <i>1 0 0 0 1 0 0 0 1 0.176742 0.621606 -0.226193</i>
                        <i>1 0 0 0 1 0 0 0 1 0.157706 0.662699 -0.226193</i>
                        <i>1 0 0 0 1 0 0 0 1 0.137701 0.691703 -0.226193</i>
                        <i>1 0 0 0 1 0 0 0 1 0.115689 0.708435 -0.232794</i>
                        <i>1 0 0 0 1 0 0 0 1 0.091467 0.717242 -0.248868</i>
                        <i>1 0 0 0 1 0 0 0 1 0.0667477 0.720075 -0.268817</i>
                        <i>1 0 0 0 1 0 0 0 1 0.0432423 0.718885 -0.287044</i>
                        <i>1 0 0 0 1 0 0 0 1 0.0226626 0.71562 -0.297952</i>
                        <i>1 0 0 0 1 0 0 0 1 0.00672015 0.712231 -0.295946</i>
                        <i>1 0 0 0 1 0 0 0 1 -0.0041673 0.710668 -0.277633</i>
                        <i>1 0 0 0 1 0 0 0 1 -0.0112856 0.718321 -0.246815</i>
                        <i>1 0 0 0 1 0 0 0 1 -0.0154783 0.739307 -0.208678</i>
                        <i>1 0 0 0 1 0 0 0 1 -0.0175887 0.770662 -0.16841</i>
                        <i>1 0 0 0 1 0 0 0 1 -0.0184605 0.809424 -0.1312</i>
                        <i>1 0 0 0 1 0 0 0 1 -0.018937 0.85263 -0.102234</i>
                        <i>1 0 0 0 1 0 0 0 1 -0.0179231 0.897318 -0.0799865</i>
                        <i>1 0 0 0 1 0 0 0 1 -0.0145252 0.940524 -0.060001</i>
                        <i>1 0 0 0 1 0 0 0 1 -0.0098885 0.979286 -0.0430728</i>
                        <i>1 0 0 0 1 0 0 0 1 -0.00515848 1.01064 -0.0299968</i>
                        <i>1 0 0 0 1 0 0 0 1 -0.00148052 1.03163 -0.0215682</i>
                        <i>1 0 0 0 1 0 0 0 1 -5.12602e-029 1.03928 -0.018582</i>
                    </KeyFrames>
                </p>
            </i>
            <i>
                <p>
                    <Name>
                        <![CDATA[spine0]]>
</Name>
                    <Exclude>0</Exclude>
                    <Additive>0</Additive>
                    <IKPriority>0</IKPriority>
                    <IKRotLimits>-1e+010 -1e+010 -1e+010 1e+010 1e+010 1e+010</IKRotLimits>
                    <IKRotLimitOrder>0</IKRotLimitOrder>
                    <KeyFrames count="30">
                        <i>-0.232063 -0.101819 0.967357 -0.823512 0.549833 -0.139683 -0.517662 -0.829046 -0.211445 0.286988 0.26523 0.129196</i>
                        <i>-0.196984 -0.0827841 0.976905 -0.842586 0.523731 -0.125518 -0.501245 -0.847852 -0.172919 0.296013 0.303304 0.0844286</i>
                        <i>-0.168786 -0.0675895 0.983333 -0.868777 0.481417 -0.116033 -0.465551 -0.873882 -0.139977 0.3047 0.341737 0.0298373</i>
                        <i>-0.138038 -0.0487736 0.989225 -0.899137 0.425005 -0.104512 -0.415328 -0.903876 -0.102521 0.310895 0.381669 -0.0250836</i>
                        <i>-0.0959456 -0.0164682 0.99525 -0.928313 0.362302 -0.0834976 -0.359206 -0.931915 -0.0500489 0.313214 0.424082 -0.0700898</i>
                        <i>-0.0359705 0.0417448 0.998481 -0.95074 0.306398 -0.0470606 -0.307897 -0.950988 0.0286672 0.31107 0.470019 -0.0945398</i>
                        <i>0.033681 0.10545 0.993854 -0.968213 0.250047 0.00628148 -0.247848 -0.962474 0.11052 0.306462 0.525838 -0.10816</i>
                        <i>0.0955665 0.156177 0.983095 -0.982084 0.175931 0.0675195 -0.162412 -0.971935 0.170192 0.298561 0.59258 -0.127575</i>
                        <i>0.138418 0.206287 0.968652 -0.988881 0.0824755 0.123744 -0.0543633 -0.97501 0.215409 0.283391 0.662793 -0.151316</i>
                        <i>0.157256 0.262063 0.952152 -0.985117 -0.02612 0.16989 0.069392 -0.964697 0.254055 0.259767 0.72859 -0.176628</i>
                        <i>0.156981 0.327275 0.931798 -0.969606 -0.128217 0.208385 0.187671 -0.93619 0.297201 0.229977 0.782767 -0.200134</i>
                        <i>0.148777 0.407306 0.901092 -0.953094 -0.183827 0.240455 0.263584 -0.8946 0.360852 0.19826 0.819735 -0.218614</i>
                        <i>0.139298 0.504303 0.852218 -0.948313 -0.179864 0.261441 0.285128 -0.844588 0.453182 0.167236 0.840269 -0.235978</i>
                        <i>0.130169 0.607067 0.783917 -0.952571 -0.142779 0.268742 0.275071 -0.781719 0.559689 0.137927 0.850548 -0.255695</i>
                        <i>0.123741 0.701572 0.701773 -0.960352 -0.0933779 0.262687 0.249824 -0.706454 0.662201 0.111488 0.853624 -0.274093</i>
                        <i>0.119394 0.776411 0.618814 -0.967757 -0.0482246 0.247225 0.22179 -0.628379 0.74562 0.0881197 0.851966 -0.287655</i>
                        <i>0.115533 0.828356 0.54816 -0.973644 -0.0148104 0.227592 0.196645 -0.560007 0.804812 0.0677791 0.848017 -0.293346</i>
                        <i>0.108267 0.861108 0.496761 -0.978136 0.00302075 0.207945 0.177562 -0.508414 0.842607 0.0506577 0.844464 -0.288524</i>
                        <i>0.100196 0.881741 0.460971 -0.981679 0.012139 0.190157 0.162074 -0.471578 0.866802 0.0374021 0.843289 -0.269721</i>
                        <i>0.0958686 0.895723 0.434154 -0.984574 0.0211962 0.17368 0.146366 -0.444108 0.883937 0.0277655 0.851358 -0.238628</i>
                        <i>0.0930488 0.905572 0.413861 -0.987003 0.0291957 0.158026 0.131021 -0.423186 0.896519 0.0208592 0.872772 -0.200337</i>
                        <i>0.0896642 0.913585 0.39664 -0.989147 0.0351421 0.142663 0.116396 -0.405127 0.906821 0.0158088 0.904549 -0.159932</i>
                        <i>0.083659 0.92207 0.377874 -0.991182 0.0378939 0.126975 0.102761 -0.385164 0.917109 0.0117512 0.943701 -0.122498</i>
                        <i>0.0753239 0.929412 0.361274 -0.993144 0.0374432 0.110739 0.0893953 -0.367139 0.925861 0.00783053 0.987241 -0.0931308</i>
                        <i>0.0656728 0.933598 0.352254 -0.994976 0.0345333 0.0939739 0.0755694 -0.356655 0.931175 0.00513355 1.03218 -0.0702316</i>
                        <i>0.054168 0.935929 0.347999 -0.996645 0.0292605 0.0764385 0.0613584 -0.350972 0.934373 0.00454538 1.07552 -0.0492993</i>
                        <i>0.0409603 0.937491 0.34559 -0.998065 0.022197 0.0580789 0.0467774 -0.3473 0.936587 0.0049079 1.11429 -0.0311139</i>
                        <i>0.0267926 0.939232 0.342235 -0.999136 0.0142813 0.0390258 0.0317667 -0.342985 0.938804 0.00505566 1.14549 -0.016486</i>
                        <i>0.0127463 0.941915 0.335611 -0.999787 0.00656472 0.0195471 0.0162085 -0.335788 0.941798 0.00381415 1.16615 -0.00625545</i>
                        <i>2.22045e-016 0.946066 0.323974 -1 2.22045e-016 0 -2.77556e-017 -0.323974 0.946066 -4.46043e-014 1.17327 -0.00128684</i>
                    </KeyFrames>
                </p>
            </i>
            <i>
                <p>
                    <Name>
                        <![CDATA[spine1]]>
</Name>
                    <Exclude>0</Exclude>
                    <Additive>0</Additive>
                    <IKPriority>0</IKPriority>
                    <IKRotLimits>-1e+010 -1e+010 -1e+010 1e+010 1e+010 1e+010</IKRotLimits>
                    <IKRotLimitOrder>0</IKRotLimitOrder>
                    <KeyFrames count="30">
                        <i>-0.384886 -0.0166983 0.922813 -0.903946 0.208745 -0.373239 -0.1864 -0.977827 -0.0954374 0.240428 0.231676 0.385089</i>
                        <i>-0.353356 -0.0664476 0.933126 -0.92276 0.188743 -0.33599 -0.153795 -0.979776 -0.128008 0.256991 0.274594 0.344963</i>
                        <i>-0.320034 -0.12297 0.939392 -0.939443 0.16948 -0.297865 -0.122579 -0.977832 -0.169763 0.271053 0.317173 0.296668</i>
                        <i>-0.275515 -0.168214 0.946465 -0.955389 0.156904 -0.250227 -0.106412 -0.973183 -0.203939 0.283228 0.362489 0.248562</i>
                        <i>-0.216666 -0.186234 0.958318 -0.96967 0.154797 -0.18915 -0.113119 -0.970235 -0.214124 0.294886 0.414053 0.208505</i>
                        <i>-0.144795 -0.161382 0.976212 -0.979024 0.166297 -0.117721 -0.143343 -0.97278 -0.182076 0.307367 0.475832 0.183518</i>
                        <i>-0.079443 -0.144169 0.986359 -0.973669 0.223324 -0.0457794 -0.213677 -0.964024 -0.158114 0.319676 0.548622 0.165325</i>
                        <i>-0.0409683 -0.170975 0.984423 -0.943931 0.329654 0.0179713 -0.327592 -0.928491 -0.174894 0.326157 0.629218 0.141929</i>
                        <i>-0.0337672 -0.204994 0.978181 -0.89352 0.444674 0.062344 -0.447752 -0.871919 -0.198181 0.320148 0.713401 0.114559</i>
                        <i>-0.0524888 -0.223329 0.973329 -0.841447 0.534779 0.0773275 -0.537785 -0.814945 -0.215989 0.29914 0.794597 0.0851083</i>
                        <i>-0.0824986 -0.216984 0.972683 -0.80948 0.583907 0.0616003 -0.581323 -0.782285 -0.223816 0.266833 0.865958 0.0551862</i>
                        <i>-0.107699 -0.179068 0.977924 -0.807737 0.589238 0.0189392 -0.579622 -0.787866 -0.208101 0.231061 0.922527 0.0253777</i>
                        <i>-0.122797 -0.109222 0.986403 -0.832305 0.552693 -0.0424149 -0.540545 -0.826197 -0.158774 0.196409 0.964452 -0.0110627</i>
                        <i>-0.133177 -0.0220729 0.990847 -0.888577 0.445464 -0.109508 -0.43897 -0.895028 -0.0789391 0.163947 0.99412 -0.0567965</i>
                        <i>-0.139668 0.0772125 0.987183 -0.952782 0.26099 -0.155214 -0.269629 -0.962249 0.0371148 0.135233 1.01119 -0.104523</i>
                        <i>-0.143133 0.185016 0.972256 -0.986585 0.0512488 -0.154995 -0.0785035 -0.981398 0.175199 0.110176 1.01672 -0.145781</i>
                        <i>-0.146925 0.288775 0.946056 -0.985947 -0.119633 -0.116604 0.0795074 -0.949893 0.302294 0.0883975 1.01464 -0.173639</i>
                        <i>-0.15571 0.366588 0.917261 -0.975926 -0.200654 -0.0854759 0.152718 -0.908488 0.389007 0.069353 1.01062 -0.184015</i>
                        <i>-0.163132 0.416355 0.894448 -0.973193 -0.216879 -0.0765389 0.16212 -0.882956 0.440574 0.0541723 1.00761 -0.17569</i>
                        <i>-0.160256 0.455929 0.875469 -0.973789 -0.218059 -0.0646926 0.161409 -0.86289 0.478924 0.0434271 1.01243 -0.152802</i>
                        <i>-0.148522 0.49092 0.858452 -0.977083 -0.206696 -0.050844 0.152478 -0.84633 0.510368 0.0357944 1.03034 -0.120821</i>
                        <i>-0.129927 0.527586 0.839507 -0.982072 -0.185102 -0.0356644 0.136578 -0.82909 0.542178 0.0300425 1.05944 -0.0853847</i>
                        <i>-0.107484 0.572373 0.812919 -0.987519 -0.156146 -0.0206273 0.115127 -0.804989 0.582012 0.0249747 1.0977 -0.0523316</i>
                        <i>-0.0842049 0.628696 0.773079 -0.992342 -0.12327 -0.00783964 0.0903688 -0.767819 0.634261 0.0197844 1.14195 -0.0261538</i>
                        <i>-0.0616602 0.691282 0.719949 -0.995948 -0.0899194 0.00104077 0.0654569 -0.716968 0.694026 0.0156741 1.18838 -0.00453276</i>
                        <i>-0.0414439 0.75336 0.656301 -0.998213 -0.059517 0.00528402 0.0430419 -0.65491 0.75448 0.0133695 1.23392 0.0163639</i>
                        <i>-0.0247865 0.809645 0.586396 -0.999386 -0.0346042 0.00553531 0.0247734 -0.585898 0.810006 0.0116807 1.27535 0.0350703</i>
                        <i>-0.0123821 0.856905 0.515326 -0.999859 -0.0164628 0.00335088 0.0113551 -0.515212 0.856988 0.00953571 1.30935 0.0500658</i>
                        <i>-0.00430209 0.893858 0.44833 -0.999986 -0.00516373 0.000699495 0.00294031 -0.448321 0.893868 0.005952 1.33246 0.0598352</i>
                        <i>2.19507e-016 0.920621 0.390457 -1 2.22045e-016 0 -4.34817e-017 -0.390457 0.920621 -2.11291e-012 1.34111 0.0629371</i>
                    </KeyFrames>
                </p>
            </i>
            <i>
                <p>
                    <Name>
                        <![CDATA[spine2]]>
</Name>
                    <Exclude>0</Exclude>
                    <Additive>0</Additive>
                    <IKPriority>0</IKPriority>
                    <IKRotLimits>-1e+010 -1e+010 -1e+010 1e+010 1e+010 1e+010</IKRotLimits>
                    <IKRotLimitOrder>0</IKRotLimitOrder>
                    <KeyFrames count="30">
                        <i>-0.42579 0.0984828 0.899446 -0.881373 0.179699 -0.43691 -0.204658 -0.978779 0.0102858 0.147641 0.24439 0.589381</i>
                        <i>-0.303705 0.0389932 0.951968 -0.933478 0.187854 -0.3055 -0.190744 -0.981423 -0.020653 0.168734 0.273681 0.557789</i>
                        <i>-0.167067 -0.0211776 0.985718 -0.969074 0.187691 -0.160214 -0.181617 -0.982 -0.0518796 0.187894 0.29975 0.519642</i>
                        <i>-0.0277261 -0.0704529 0.99713 -0.982886 0.183657 -0.0143537 -0.182118 -0.980462 -0.0743392 0.20897 0.33019 0.482152</i>
                        <i>0.100193 -0.0971154 0.990217 -0.97565 0.185572 0.116919 -0.195111 -0.97782 -0.0761576 0.234985 0.373661 0.451386</i>
                        <i>0.201458 -0.0900605 0.975348 -0.954558 0.205218 0.216113 -0.219622 -0.974564 -0.0446251 0.267116 0.439503 0.431607</i>
                        <i>0.257378 -0.100473 0.961073 -0.925741 0.259526 0.275047 -0.277058 -0.960496 -0.0262158 0.298535 0.513583 0.414768</i>
                        <i>0.257335 -0.159306 0.9531 -0.890257 0.344485 0.297946 -0.375794 -0.925177 -0.053175 0.31813 0.581913 0.392459</i>
                        <i>0.199298 -0.22682 0.953327 -0.853125 0.438487 0.282677 -0.482139 -0.869645 -0.106116 0.317638 0.650979 0.36587</i>
                        <i>0.0974126 -0.275405 0.95638 -0.822111 0.519336 0.233288 -0.560931 -0.808976 -0.175824 0.29539 0.721814 0.336689</i>
                        <i>-0.0172629 -0.293797 0.955712 -0.805697 0.57011 0.160706 -0.592076 -0.76724 -0.246553 0.258575 0.791381 0.306515</i>
                        <i>-0.110028 -0.27602 0.954833 -0.809927 0.581736 0.074836 -0.576117 -0.765112 -0.287564 0.218511 0.856857 0.276493</i>
                        <i>-0.162273 -0.228366 0.959956 -0.835005 0.550146 -0.0102757 -0.525769 -0.803236 -0.279961 0.18053 0.917584 0.238182</i>
                        <i>-0.179584 -0.172421 0.968515 -0.890984 0.445847 -0.0858357 -0.41701 -0.878346 -0.233691 0.143927 0.971224 0.186219</i>
                        <i>-0.169174 -0.109399 0.979496 -0.955013 0.263808 -0.135481 -0.243577 -0.958351 -0.149107 0.110204 1.01411 0.12699</i>
                        <i>-0.141546 -0.0331563 0.989376 -0.988627 0.0560259 -0.139561 -0.0508034 -0.997879 -0.0407095 0.0804405 1.04384 0.0693778</i>
                        <i>-0.114855 0.0490679 0.99217 -0.987463 -0.114507 -0.108648 0.108279 -0.99221 0.0616045 0.0549423 1.06107 0.0232322</i>
                        <i>-0.106238 0.11552 0.987607 -0.977187 -0.195824 -0.0822115 0.1839 -0.973811 0.133688 0.0333918 1.06888 -0.00241536</i>
                        <i>-0.107073 0.165857 0.98032 -0.974985 -0.210678 -0.0708469 0.194782 -0.963383 0.184266 0.0176386 1.07135 -0.0057714</i>
                        <i>-0.100489 0.216266 0.971149 -0.976283 -0.209564 -0.0543516 0.191764 -0.953578 0.232196 0.00855191 1.07887 0.00643241</i>
                        <i>-0.0880596 0.266074 0.959922 -0.980066 -0.195431 -0.0357373 0.17809 -0.943934 0.27798 0.00416551 1.09855 0.0290817</i>
                        <i>-0.0715056 0.314727 0.946485 -0.985066 -0.171292 -0.0174617 0.15663 -0.933598 0.322276 0.00264773 1.13033 0.0564966</i>
                        <i>-0.0526448 0.361718 0.9308 -0.99011 -0.140282 -0.0014842 0.130038 -0.921673 0.365526 0.00222884 1.17393 0.0824437</i>
                        <i>-0.0351357 0.422699 0.905589 -0.994344 -0.105664 0.0107411 0.100228 -0.900089 0.424021 0.00165981 1.227 0.101176</i>
                        <i>-0.0200079 0.505271 0.862729 -0.997324 -0.0707754 0.0183215 0.0703173 -0.860053 0.505336 0.00200002 1.28464 0.114</i>
                        <i>-0.00637142 0.596468 0.802612 -0.999022 -0.0389211 0.020994 0.0437608 -0.801693 0.596132 0.00381334 1.34249 0.12464</i>
                        <i>0.00492014 0.684142 0.729333 -0.999729 -0.0132407 0.0191646 0.0227682 -0.729229 0.683891 0.00571459 1.39612 0.131849</i>
                        <i>0.0116356 0.758752 0.651276 -0.999898 0.00340996 0.0138913 0.00831924 -0.651371 0.758714 0.00643826 1.44102 0.134664</i>
                        <i>0.0108984 0.814436 0.580151 -0.99994 0.00853181 0.00680712 0.000594228 -0.580191 0.81448 0.00485974 1.47266 0.132398</i>
                        <i>2.10053e-016 0.848549 0.529117 -1 2.22045e-016 0 -7.71488e-017 -0.529117 0.848549 1.93327e-018 1.48654 0.124619</i>
                    </KeyFrames>
                </p>
            </i>
            <i>
                <p>
                    <Name>
                        <![CDATA[head]]>
</Name>
                    <Exclude>0</Exclude>
                    <Additive>0</Additive>
                    <IKPriority>0</IKPriority>
                    <IKRotLimits>-1e+010 -1e+010 -1e+010 1e+010 1e+010 1e+010</IKRotLimits>
                    <IKRotLimitOrder>0</IKRotLimitOrder>
                    <KeyFrames count="30">
                        <i>-0.0197515 0.916542 0.399449 0.0452649 0.399937 -0.915424 -0.99878 -2.60145e-008 -0.0493866 0.0395899 0.267072 0.823086</i>
                        <i>-0.0434645 0.914179 0.402973 0.0980344 0.40531 -0.908908 -0.994233 -3.3653e-008 -0.107238 0.0884802 0.281383 0.803412</i>
                        <i>-0.0646966 0.915578 0.396903 0.147298 0.402142 -0.903651 -0.986974 -3.54317e-008 -0.16088 0.138682 0.29204 0.772949</i>
                        <i>-0.0854064 0.915081 0.394123 0.1938 0.40327 -0.894324 -0.977316 1.69999e-008 -0.211785 0.191875 0.309895 0.738299</i>
                        <i>-0.109714 0.907479 0.405518 0.237001 0.420098 -0.875984 -0.965295 1.10415e-008 -0.261164 0.248153 0.34682 0.706534</i>
                        <i>-0.142499 0.887361 0.438502 0.274247 0.461075 -0.843919 -0.951043 8.87269e-009 -0.309059 0.305324 0.415219 0.684188</i>
                        <i>-0.172467 0.865489 0.470302 0.297983 0.500928 -0.812574 -0.938862 -1.06373e-008 -0.344294 0.351727 0.487719 0.664609</i>
                        <i>-0.186562 0.850586 0.491628 0.30178 0.525836 -0.795251 -0.934945 -2.5811e-008 -0.354791 0.373111 0.542078 0.640519</i>
                        <i>-0.185085 0.834805 0.518502 0.280648 0.550546 -0.786216 -0.941796 -4.15816e-008 -0.336184 0.360519 0.594946 0.61377</i>
                        <i>-0.168348 0.815179 0.554203 0.236934 0.579208 -0.779987 -0.956829 6.85574e-009 -0.290652 0.315506 0.654343 0.58509</i>
                        <i>-0.139954 0.793474 0.592294 0.182466 0.608604 -0.772209 -0.973201 1.47553e-009 -0.229958 0.25259 0.720103 0.55476</i>
                        <i>-0.109092 0.771566 0.626726 0.132314 0.636149 -0.760136 -0.985186 -2.59677e-009 -0.171488 0.191301 0.79101 0.52473</i>
                        <i>-0.0812293 0.752781 0.65324 0.0928915 0.658271 -0.747028 -0.992357 -5.00617e-009 -0.123398 0.141254 0.865042 0.487784</i>
                        <i>-0.0565378 0.741263 0.668829 0.0624382 0.671215 -0.738629 -0.996446 -5.44015e-008 -0.0842321 0.100258 0.934559 0.437708</i>
                        <i>-0.0370808 0.736014 0.67595 0.0403151 0.676967 -0.734909 -0.998499 -3.45005e-008 -0.0547749 0.0682013 0.995356 0.380489</i>
                        <i>-0.0229303 0.734414 0.678314 0.0248125 0.678702 -0.733995 -0.999429 -3.42144e-009 -0.0337854 0.0439325 1.04613 0.324145</i>
                        <i>-0.011988 0.734159 0.678872 0.0129623 0.678978 -0.734044 -0.999844 1.9763e-008 -0.0176559 0.0237766 1.08543 0.277285</i>
                        <i>-0.00177925 0.733486 0.679702 0.00192008 0.679705 -0.733483 -0.999997 -2.47308e-008 -0.00261772 0.00359792 1.11081 0.249295</i>
                        <i>0.0062628 0.730465 0.682922 -0.00669852 0.68295 -0.730434 -0.999958 -1.47817e-008 0.0091702 -0.0126593 1.12623 0.243318</i>
                        <i>0.0101839 0.72236 0.691442 -0.0106381 0.691517 -0.722282 -0.999892 -1.64209e-009 0.0147269 -0.0201937 1.14629 0.252674</i>
                        <i>0.0111655 0.708164 0.70596 -0.011199 0.706048 -0.708075 -0.999875 2.06689e-008 0.0158141 -0.0213773 1.17822 0.272121</i>
                        <i>0.0100932 0.689192 0.724508 -0.00960026 0.724578 -0.689126 -0.999903 -2.02841e-008 0.0139297 -0.0185 1.22205 0.295774</i>
                        <i>0.00789625 0.667301 0.744746 -0.00707473 0.744788 -0.667264 -0.999944 -1.40049e-008 0.010602 -0.0138534 1.27766 0.317141</i>
                        <i>0.00567232 0.644722 0.764396 -0.00478413 0.764417 -0.644704 -0.999973 -2.92891e-009 0.00742045 -0.00961039 1.34624 0.328653</i>
                        <i>0.003026 0.623158 0.78209 -0.00241105 0.782096 -0.623153 -0.999992 -9.00164e-010 0.00386907 -0.00500617 1.4243 0.329857</i>
                        <i>-0.000396637 0.6038 0.797136 0.000300434 0.797136 -0.6038 -1 2.62358e-009 -0.000497568 0.000646369 1.50442 0.324689</i>
                        <i>-0.00352955 0.588586 0.808427 0.00256971 0.808435 -0.58858 -0.99999 2.69166e-010 -0.00436591 0.0057227 1.5793 0.31298</i>
                        <i>-0.00518501 0.57857 0.815616 0.003678 0.815632 -0.578559 -0.99998 -1.41362e-009 -0.00635704 0.0084419 1.64224 0.295806</i>
                        <i>-0.0042806 0.574107 0.818769 0.00300145 0.81878 -0.5741 -0.999986 1.14339e-009 -0.00522803 0.00705006 1.68738 0.275245</i>
                        <i>2.74395e-016 0.575218 0.818 -6.91276e-017 0.818 -0.575218 -1 8.10051e-017 1.7373e-016 8.55053e-017 1.70966 0.253939</i>
                    </KeyFrames>
                </p>
            </i>
            <i>
                <p>
                    <Name>
                        <![CDATA[head_prop]]>
</Name>
                    <Exclude>0</Exclude>
                    <Additive>0</Additive>
                    <IKPriority>0</IKPriority>
                    <IKRotLimits>-1e+010 -1e+010 -1e+010 1e+010 1e+010 1e+010</IKRotLimits>
                    <IKRotLimitOrder>0</IKRotLimitOrder>
                    <KeyFrames count="30">
                        <i>0.99878 2.60145e-008 0.0493866 -0.0197515 0.916542 0.399449 -0.0452649 -0.399937 0.915424 0.0331527 0.565781 0.95327</i>
                        <i>0.994233 3.3653e-008 0.107238 -0.0434645 0.914179 0.402973 -0.0980344 -0.40531 0.908908 0.0743147 0.579322 0.934744</i>
                        <i>0.986974 3.54317e-008 0.16088 -0.0646966 0.915578 0.396903 -0.147298 -0.402142 0.903651 0.117597 0.590435 0.902303</i>
                        <i>0.977316 -1.69999e-008 0.211785 -0.0854064 0.915081 0.394123 -0.1938 -0.40327 0.894324 0.16404 0.608128 0.866747</i>
                        <i>0.965295 -1.10415e-008 0.261164 -0.109714 0.907479 0.405518 -0.237001 -0.420098 0.875984 0.212396 0.642575 0.838696</i>
                        <i>0.951043 -8.87269e-009 0.309059 -0.142499 0.887361 0.438502 -0.274247 -0.461075 0.843919 0.258882 0.704418 0.827099</i>
                        <i>0.938862 1.06373e-008 0.344294 -0.172467 0.865489 0.470302 -0.297983 -0.500928 0.812574 0.295518 0.76979 0.817885</i>
                        <i>0.934945 2.5811e-008 0.354791 -0.186562 0.850586 0.491628 -0.30178 -0.525836 0.795251 0.312308 0.819292 0.800745</i>
                        <i>0.941796 4.15816e-008 0.336184 -0.185085 0.834805 0.518502 -0.280648 -0.550546 0.786216 0.300198 0.867016 0.782754</i>
                        <i>0.956829 -6.85574e-009 0.290652 -0.168348 0.815179 0.554203 -0.236934 -0.579208 0.779987 0.26064 0.920018 0.76571</i>
                        <i>0.973201 -1.47553e-009 0.229958 -0.139954 0.793474 0.592294 -0.182466 -0.608604 0.772209 0.206978 0.978703 0.747793</i>
                        <i>0.985186 2.59677e-009 0.171488 -0.109092 0.771566 0.626726 -0.132314 -0.636149 0.760136 0.155747 1.04247 0.728985</i>
                        <i>0.992357 5.00617e-009 0.123398 -0.0812293 0.752781 0.65324 -0.0928915 -0.658271 0.747028 0.114781 1.11038 0.700681</i>
                        <i>0.996446 5.44015e-008 0.0842321 -0.0565378 0.741263 0.668829 -0.0624382 -0.671215 0.738629 0.081832 1.17614 0.655685</i>
                        <i>0.998499 3.45005e-008 0.0547749 -0.0370808 0.736014 0.67595 -0.0403151 -0.676967 0.734909 0.0561164 1.23523 0.600787</i>
                        <i>0.999429 3.42144e-009 0.0337854 -0.0229303 0.734414 0.678314 -0.0248125 -0.678702 0.733995 0.0364593 1.28548 0.545214</i>
                        <i>0.999844 -1.9763e-008 0.0176559 -0.011988 0.734159 0.678872 -0.0129623 -0.678978 0.734044 0.0198696 1.3247 0.498535</i>
                        <i>0.999997 2.47308e-008 0.00261772 -0.00177925 0.733486 0.679702 -0.00192008 -0.679705 0.733483 0.00301804 1.34986 0.470816</i>
                        <i>0.999958 1.47817e-008 -0.0091702 0.0062628 0.730465 0.682922 0.00669852 -0.68295 0.730434 -0.0106182 1.36429 0.465888</i>
                        <i>0.999892 1.64209e-009 -0.0147269 0.0101839 0.72236 0.691442 0.0106381 -0.691517 0.722282 -0.0168747 1.38172 0.478021</i>
                        <i>0.999875 -2.06689e-008 -0.0158141 0.0111655 0.708164 0.70596 0.011199 -0.706048 0.708075 -0.0177383 1.40902 0.5022</i>
                        <i>0.999903 2.02841e-008 -0.0139297 0.0100932 0.689192 0.724508 0.00960026 -0.724578 0.689126 -0.0152105 1.44666 0.531897</i>
                        <i>0.999944 1.40049e-008 -0.010602 0.00789625 0.667301 0.744746 0.00707473 -0.744788 0.667264 -0.0112799 1.49514 0.55986</i>
                        <i>0.999973 2.92891e-009 -0.00742045 0.00567232 0.644722 0.764396 0.00478413 -0.764417 0.644704 -0.00776173 1.55636 0.577777</i>
                        <i>0.999992 9.00164e-010 -0.00386907 0.003026 0.623158 0.78209 0.00241105 -0.782096 0.623153 -0.00401997 1.6274 0.584747</i>
                        <i>1 -2.62358e-009 0.000497568 -0.000396637 0.6038 0.797136 -0.000300434 -0.797136 0.6038 0.000517102 1.7012 0.584483</i>
                        <i>0.99999 -2.69166e-010 0.00436591 -0.00352955 0.588586 0.808427 -0.00256971 -0.808435 0.58858 0.00457239 1.77113 0.576454</i>
                        <i>0.99998 1.41362e-009 0.00635704 -0.00518501 0.57857 0.815616 -0.003678 -0.815632 0.578559 0.00675206 1.8308 0.561622</i>
                        <i>0.999986 -1.14339e-009 0.00522803 -0.0042806 0.574107 0.818769 -0.00300145 -0.81878 0.5741 0.00565497 1.87448 0.542089</i>
                        <i>1 4.6719e-017 7.9028e-018 5.23501e-017 0.575218 0.818 6.91276e-017 -0.818 0.575218 1.74933e-016 1.89713 0.520532</i>
                    </KeyFrames>
                </p>
            </i>
            <i>
                <p>
                    <Name>
                        <![CDATA[l_clav]]>
</Name>
                    <Exclude>0</Exclude>
                    <Additive>0</Additive>
                    <IKPriority>0</IKPriority>
                    <IKRotLimits>-1e+010 -1e+010 -1e+010 1e+010 1e+010 1e+010</IKRotLimits>
                    <IKRotLimitOrder>0</IKRotLimitOrder>
                    <KeyFrames count="30">
                        <i>0.833039 0.126949 0.538452 -0.55263 0.235707 0.799401 -0.0254334 -0.963497 0.266509 0.190862 0.192243 0.684048</i>
                        <i>0.878204 0.111517 0.465104 -0.478226 0.189324 0.857588 0.00758044 -0.975561 0.219596 0.220772 0.217455 0.641467</i>
                        <i>0.918164 0.0989155 0.383654 -0.394671 0.143345 0.907572 0.034778 -0.984717 0.170653 0.247514 0.239946 0.590587</i>
                        <i>0.951621 0.0879457 0.29442 -0.302887 0.107146 0.946984 0.0517374 -0.990346 0.1286 0.274447 0.26791 0.540226</i>
                        <i>0.976897 0.0756595 0.199871 -0.206415 0.0917393 0.974154 0.055368 -0.992905 0.105237 0.304393 0.310026 0.498454</i>
                        <i>0.992588 0.0579182 0.106837 -0.112637 0.108401 0.987706 0.045625 -0.992419 0.114121 0.338816 0.375479 0.471789</i>
                        <i>0.999046 0.00132111 0.0436521 -0.0435121 0.115589 0.992344 -0.00373472 -0.993296 0.115536 0.369386 0.445932 0.450703</i>
                        <i>0.994222 -0.103655 0.0278997 -0.0190329 0.0855669 0.996151 -0.105643 -0.990926 0.0830996 0.383692 0.506005 0.42511</i>
                        <i>0.972681 -0.225121 0.0566822 -0.0470237 0.0480408 0.997738 -0.227334 -0.973146 0.0361424 0.374985 0.566344 0.397467</i>
                        <i>0.935921 -0.330359 0.122126 -0.121377 0.0229792 0.992341 -0.330635 -0.943576 -0.0185913 0.344141 0.630828 0.369588</i>
                        <i>0.895356 -0.393843 0.207906 -0.218603 0.0180682 0.975647 -0.388008 -0.919 -0.0699176 0.301112 0.697545 0.342744</i>
                        <i>0.867028 -0.399731 0.297451 -0.308405 0.0383412 0.950482 -0.391342 -0.91583 -0.0900361 0.259099 0.76404 0.318599</i>
                        <i>0.860236 -0.346014 0.374525 -0.371939 0.076625 0.925089 -0.348792 -0.935095 -0.0627806 0.22355 0.829852 0.288277</i>
                        <i>0.875775 -0.213144 0.433114 -0.42086 0.102294 0.901339 -0.236421 -0.971651 -0.000117045 0.19522 0.894261 0.244906</i>
                        <i>0.888891 -0.00585374 0.458082 -0.454821 0.108481 0.883951 -0.0548678 -0.994081 0.0937657 0.173707 0.955045 0.193253</i>
                        <i>0.874 0.217578 0.434493 -0.464733 0.113081 0.878201 0.141945 -0.96947 0.199949 0.154767 1.00707 0.139742</i>
                        <i>0.8365 0.396189 0.378553 -0.45937 0.130385 0.878624 0.298744 -0.908864 0.291064 0.135756 1.04509 0.0938528</i>
                        <i>0.808585 0.485121 0.332939 -0.457272 0.162036 0.874441 0.370261 -0.859303 0.352852 0.116086 1.06513 0.0674319</i>
                        <i>0.803579 0.509833 0.307133 -0.459222 0.202798 0.864863 0.37865 -0.836028 0.397091 0.100249 1.07235 0.0639777</i>
                        <i>0.808396 0.518541 0.278586 -0.45477 0.249689 0.854891 0.373737 -0.817784 0.437665 0.0914065 1.0828 0.0756776</i>
                        <i>0.820576 0.514036 0.249843 -0.445275 0.300927 0.843311 0.358307 -0.80325 0.475821 0.0875433 1.1041 0.0976039</i>
                        <i>0.837437 0.499041 0.222841 -0.432073 0.354832 0.8291 0.334684 -0.790603 0.512771 0.0867156 1.13669 0.124139</i>
                        <i>0.856404 0.476367 0.199112 -0.416584 0.409722 0.811533 0.305007 -0.777947 0.549335 0.0869974 1.18088 0.148986</i>
                        <i>0.874823 0.452312 0.173489 -0.40193 0.47776 0.781151 0.270438 -0.753099 0.599754 0.0869404 1.23535 0.166798</i>
                        <i>0.890976 0.431108 0.142504 -0.389114 0.563233 0.728944 0.23399 -0.704922 0.669577 0.0876013 1.2958 0.179108</i>
                        <i>0.904203 0.412763 0.109743 -0.377613 0.652532 0.656971 0.199563 -0.635475 0.745886 0.0896309 1.35761 0.189253</i>
                        <i>0.914022 0.397968 0.0786433 -0.368519 0.733535 0.571069 0.16958 -0.550951 0.817127 0.0916879 1.41598 0.19571</i>
                        <i>0.919999 0.388395 0.0524601 -0.364107 0.797489 0.48108 0.145013 -0.461694 0.875106 0.0925095 1.46598 0.197411</i>
                        <i>0.921615 0.386608 0.0340626 -0.367117 0.83994 0.399656 0.1259 -0.380834 0.916032 0.0909509 1.50263 0.193738</i>
                        <i>0.918092 0.395529 0.0257669 -0.380072 0.860037 0.340415 0.112484 -0.322326 0.939922 0.0860269 1.52102 0.184454</i>
                    </KeyFrames>
                </p>
            </i>
            <i>
                <p>
                    <Name>
                        <![CDATA[l_shoulder]]>
</Name>
                    <Exclude>0</Exclude>
                    <Additive>0</Additive>
                    <IKPriority>0</IKPriority>
                    <IKRotLimits>-1e+010 -1e+010 -1e+010 1e+010 1e+010 1e+010</IKRotLimits>
                    <IKRotLimitOrder>0</IKRotLimitOrder>
                    <KeyFrames count="30">
                        <i>0.775907 -0.38902 -0.496621 0.617582 0.307822 0.723766 -0.128689 -0.868279 0.479093 0.365454 0.218984 0.790765</i>
                        <i>0.560363 -0.379953 -0.735955 0.784357 -0.0419776 0.618888 -0.266042 -0.924053 0.274496 0.40602 0.240691 0.734414</i>
                        <i>0.392091 -0.253252 -0.88438 0.841074 -0.290732 0.456146 -0.372638 -0.92268 0.0990099 0.443297 0.259939 0.668021</i>
                        <i>0.272435 -0.185523 -0.944119 0.850305 -0.412788 0.326479 -0.45029 -0.891733 0.0452927 0.479929 0.284787 0.599937</i>
                        <i>0.150972 -0.231952 -0.96094 0.855916 -0.45568 0.244464 -0.494585 -0.859391 0.129737 0.517481 0.323516 0.538476</i>
                        <i>0.00421957 -0.394819 -0.918749 0.869757 -0.451928 0.198204 -0.493463 -0.799924 0.34149 0.556004 0.384705 0.491775</i>
                        <i>-0.110863 -0.561929 -0.819722 0.876705 -0.443766 0.185637 -0.468079 -0.698074 0.541844 0.587576 0.442776 0.456886</i>
                        <i>-0.134515 -0.668878 -0.731101 0.871252 -0.431305 0.234297 -0.472044 -0.605457 0.640778 0.600429 0.480057 0.427743</i>
                        <i>-0.058084 -0.757689 -0.650026 0.853666 -0.375271 0.361146 -0.517572 -0.533928 0.668611 0.586756 0.51408 0.406233</i>
                        <i>0.0901154 -0.829933 -0.550537 0.802064 -0.267221 0.534122 -0.590401 -0.489698 0.641578 0.547852 0.555779 0.39249</i>
                        <i>0.223926 -0.877002 -0.425117 0.714518 -0.148921 0.683584 -0.662813 -0.456826 0.593286 0.496158 0.608734 0.384274</i>
                        <i>0.251273 -0.92493 -0.285247 0.631702 -0.0665774 0.772347 -0.733358 -0.374261 0.567551 0.448286 0.673877 0.379705</i>
                        <i>0.117137 -0.988632 -0.0942616 0.583797 -0.00823644 0.811858 -0.803405 -0.150128 0.576196 0.41162 0.751212 0.366381</i>
                        <i>0.185215 -0.976613 -0.109187 0.578728 0.0186033 0.815308 -0.79421 -0.214197 0.56864 0.387205 0.844413 0.336076</i>
                        <i>0.218868 -0.961649 -0.165312 0.631849 0.0105773 0.77502 -0.743548 -0.274079 0.609932 0.369232 0.950347 0.290221</i>
                        <i>0.263803 -0.934093 -0.240577 0.718107 0.0236706 0.69553 -0.643995 -0.356243 0.677024 0.347676 1.0512 0.231907</i>
                        <i>0.35512 -0.865972 -0.352111 0.78683 0.0735054 0.612777 -0.504765 -0.494661 0.707476 0.320937 1.12831 0.174083</i>
                        <i>0.459911 -0.756309 -0.465272 0.806298 0.136198 0.575616 -0.371975 -0.63988 0.672449 0.295384 1.1678 0.13791</i>
                        <i>0.548245 -0.627998 -0.552309 0.796999 0.192213 0.572579 -0.253418 -0.754103 0.605894 0.278274 1.18027 0.128966</i>
                        <i>0.59765 -0.511013 -0.617803 0.789684 0.241965 0.563784 -0.138614 -0.824815 0.548149 0.269852 1.19233 0.134534</i>
                        <i>0.617483 -0.429862 -0.658736 0.785094 0.285288 0.549761 -0.0483923 -0.856638 0.513643 0.267628 1.21227 0.150278</i>
                        <i>0.622335 -0.396144 -0.675107 0.782709 0.323874 0.531481 0.0081069 -0.859172 0.511623 0.269137 1.24119 0.171031</i>
                        <i>0.623752 -0.422427 -0.657639 0.781326 0.360156 0.509723 0.0215316 -0.831771 0.554701 0.27196 1.28007 0.190841</i>
                        <i>0.622228 -0.513061 -0.59127 0.782744 0.396205 0.47993 -0.0119687 -0.761439 0.648126 0.27415 1.32903 0.203309</i>
                        <i>0.602138 -0.637096 -0.481185 0.794414 0.418002 0.44066 -0.0796063 -0.647598 0.757813 0.276469 1.38467 0.209247</i>
                        <i>0.556638 -0.75125 -0.35465 0.816131 0.414758 0.402375 -0.15519 -0.513418 0.843989 0.279501 1.44243 0.212707</i>
                        <i>0.499347 -0.835429 -0.229588 0.838021 0.398454 0.372767 -0.21994 -0.378539 0.899074 0.281874 1.49763 0.21284</i>
                        <i>0.447445 -0.886427 -0.118494 0.853247 0.383447 0.353467 -0.267886 -0.259261 0.927912 0.282296 1.54564 0.209215</i>
                        <i>0.41349 -0.910003 -0.030333 0.859701 0.379227 0.3422 -0.2999 -0.167573 0.939137 0.27957 1.58194 0.201786</i>
                        <i>0.405375 -0.913784 0.0258697 0.857476 0.3899 0.335728 -0.316869 -0.113913 0.941604 0.2726 1.60214 0.19079</i>
                    </KeyFrames>
                </p>
            </i>
            <i>
                <p>
                    <Name>
                        <![CDATA[l_elbow]]>
</Name>
                    <Exclude>0</Exclude>
                    <Additive>0</Additive>
                    <IKPriority>0</IKPriority>
                    <IKRotLimits>-1e+010 -1e+010 -1e+010 1e+010 1e+010 1e+010</IKRotLimits>
                    <IKRotLimitOrder>0</IKRotLimitOrder>
                    <KeyFrames count="30">
                        <i>-0.707874 -0.186398 0.6813 0.617243 0.305698 0.724955 -0.343402 0.933705 -0.101343 0.617838 0.0924451 0.629225</i>
                        <i>-0.607623 -0.261693 0.749874 0.783684 -0.0442373 0.619582 -0.128968 0.964137 0.231964 0.588293 0.117101 0.495025</i>
                        <i>-0.542345 -0.446612 0.711618 0.840143 -0.29299 0.456417 0.00465617 0.845396 0.53412 0.570835 0.177562 0.380352</i>
