<?xml version="1.0" encoding="ISO-8859-1" ?>
<Animl Version="1">
    <ModellingPackage>
        <![CDATA[Maya.2010]]>
</ModellingPackage>
    <SrcFile>
        <![CDATA[anims\characters\shared\base_soldier\~src\infantry\context_crawl.mb]]>
</SrcFile>
    <FramesPerSecond>30</FramesPerSecond>
    <TotalFrames>35</TotalFrames>
    <Skeleton>
        <RefFrame>
            <Name>
                <![CDATA[soldier_ref_frame]]>
</Name>
            <Exclude>0</Exclude>
            <Additive>0</Additive>
            <IKPriority>0</IKPriority>
            <IKRotLimits>-1e+010 -1e+010 -1e+010 1e+010 1e+010 1e+010</IKRotLimits>
            <IKRotLimitOrder>0</IKRotLimitOrder>
            <KeyFrames count="35">
                <i>1 0 0 0 1 0 0 0 1 0 0 0</i>
                <i>1 0 0 0 1 0 0 0 1 0 0 0.0409091</i>
                <i>1 0 0 0 1 0 0 0 1 0 0 0.0818182</i>
                <i>1 0 0 0 1 0 0 0 1 0 0 0.122727</i>
                <i>1 0 0 0 1 0 0 0 1 0 0 0.163636</i>
                <i>1 0 0 0 1 0 0 0 1 0 0 0.204545</i>
                <i>1 0 0 0 1 0 0 0 1 0 0 0.245455</i>
                <i>1 0 0 0 1 0 0 0 1 0 0 0.286364</i>
                <i>1 0 0 0 1 0 0 0 1 0 0 0.327273</i>
                <i>1 0 0 0 1 0 0 0 1 0 0 0.368182</i>
                <i>1 0 0 0 1 0 0 0 1 0 0 0.409091</i>
                <i>1 0 0 0 1 0 0 0 1 0 0 0.45</i>
                <i>1 0 0 0 1 0 0 0 1 0 0 0.490909</i>
                <i>1 0 0 0 1 0 0 0 1 0 0 0.531818</i>
                <i>1 0 0 0 1 0 0 0 1 0 0 0.572727</i>
                <i>1 0 0 0 1 0 0 0 1 0 0 0.613636</i>
                <i>1 0 0 0 1 0 0 0 1 0 0 0.654545</i>
                <i>1 0 0 0 1 0 0 0 1 0 0 0.695455</i>
                <i>1 0 0 0 1 0 0 0 1 0 0 0.736364</i>
                <i>1 0 0 0 1 0 0 0 1 0 0 0.777273</i>
                <i>1 0 0 0 1 0 0 0 1 0 0 0.818182</i>
                <i>1 0 0 0 1 0 0 0 1 0 0 0.859091</i>
                <i>1 0 0 0 1 0 0 0 1 0 0 0.9</i>
                <i>1 0 0 0 1 0 0 0 1 0 0 0.940909</i>
                <i>1 0 0 0 1 0 0 0 1 0 0 0.981818</i>
                <i>1 0 0 0 1 0 0 0 1 0 0 1.02273</i>
                <i>1 0 0 0 1 0 0 0 1 0 0 1.06364</i>
                <i>1 0 0 0 1 0 0 0 1 0 0 1.10455</i>
                <i>1 0 0 0 1 0 0 0 1 0 0 1.14545</i>
                <i>1 0 0 0 1 0 0 0 1 0 0 1.18636</i>
                <i>1 0 0 0 1 0 0 0 1 0 0 1.22727</i>
                <i>1 0 0 0 1 0 0 0 1 0 0 1.26818</i>
                <i>1 0 0 0 1 0 0 0 1 0 0 1.30909</i>
                <i>1 0 0 0 1 0 0 0 1 0 0 1.35</i>
                <i>1 0 0 0 1 0 0 0 1 0 0 1.39091</i>
            </KeyFrames>
        </RefFrame>
        <Bones count="23">
            <i>
                <p>
                    <Name>
                        <![CDATA[pelvis]]>
</Name>
                    <Exclude>0</Exclude>
                    <Additive>0</Additive>
                    <IKPriority>0</IKPriority>
                    <IKRotLimits>-1e+010 -1e+010 -1e+010 1e+010 1e+010 1e+010</IKRotLimits>
                    <IKRotLimitOrder>2</IKRotLimitOrder>
                    <KeyFrames count="35">
                        <i>1 0 0 0 1 0 0 0 1 0.298808 0.298303 -0.0351159</i>
                        <i>1 0 0 0 1 0 0 0 1 0.289743 0.303878 -0.00657571</i>
                        <i>1 0 0 0 1 0 0 0 1 0.274496 0.315453 0.00913402</i>
                        <i>1 0 0 0 1 0 0 0 1 0.253081 0.325298 0.0298743</i>
                        <i>1 0 0 0 1 0 0 0 1 0.226169 0.331954 0.060119</i>
                        <i>1 0 0 0 1 0 0 0 1 0.195231 0.338841 0.092052</i>
                        <i>1 0 0 0 1 0 0 0 1 0.16148 0.345546 0.1251</i>
                        <i>1 0 0 0 1 0 0 0 1 0.126131 0.351661 0.15869</i>
                        <i>1 0 0 0 1 0 0 0 1 0.0903966 0.356773 0.192249</i>
                        <i>1 0 0 0 1 0 0 0 1 0.0554899 0.360473 0.225202</i>
                        <i>1 0 0 0 1 0 0 0 1 0.0226244 0.36235 0.256977</i>
                        <i>1 0 0 0 1 0 0 0 1 -0.00698648 0.360535 0.286642</i>
                        <i>1 0 0 0 1 0 0 0 1 -0.0321294 0.354828 0.314107</i>
                        <i>1 0 0 0 1 0 0 0 1 -0.0515909 0.347316 0.340058</i>
                        <i>1 0 0 0 1 0 0 0 1 -0.0641576 0.340089 0.365181</i>
                        <i>1 0 0 0 1 0 0 0 1 -0.0686161 0.335236 0.390164</i>
                        <i>1 0 0 0 1 0 0 0 1 -0.0674526 0.332593 0.415692</i>
                        <i>1 0 0 0 1 0 0 0 1 -0.0640604 0.330554 0.442453</i>
                        <i>1 0 0 0 1 0 0 0 1 -0.0585868 0.329041 0.471132</i>
                        <i>1 0 0 0 1 0 0 0 1 -0.0511791 0.327977 0.502418</i>
                        <i>1 0 0 0 1 0 0 0 1 -0.0419846 0.327285 0.536996</i>
                        <i>1 0 0 0 1 0 0 0 1 -0.0311508 0.326887 0.575552</i>
                        <i>1 0 0 0 1 0 0 0 1 -0.0188248 0.326707 0.618775</i>
                        <i>1 0 0 0 1 0 0 0 1 -0.00365099 0.32779 0.668622</i>
                        <i>1 0 0 0 1 0 0 0 1 0.0153285 0.330366 0.725594</i>
                        <i>1 0 0 0 1 0 0 0 1 0.0373694 0.333138 0.788183</i>
                        <i>1 0 0 0 1 0 0 0 1 0.0617275 0.334806 0.854884</i>
                        <i>1 0 0 0 1 0 0 0 1 0.0876586 0.334073 0.92419</i>
                        <i>1 0 0 0 1 0 0 0 1 0.119721 0.330352 0.994596</i>
                        <i>1 0 0 0 1 0 0 0 1 0.159592 0.324566 1.0646</i>
                        <i>1 0 0 0 1 0 0 0 1 0.202207 0.317675 1.13268</i>
                        <i>1 0 0 0 1 0 0 0 1 0.242501 0.310642 1.19735</i>
                        <i>1 0 0 0 1 0 0 0 1 0.275409 0.304428 1.2571</i>
                        <i>1 0 0 0 1 0 0 0 1 0.295866 0.299994 1.31041</i>
                        <i>1 0 0 0 1 0 0 0 1 0.298808 0.298303 1.35579</i>
                    </KeyFrames>
                </p>
            </i>
            <i>
                <p>
                    <Name>
                        <![CDATA[spine0]]>
</Name>
                    <Exclude>0</Exclude>
                    <Additive>0</Additive>
                    <IKPriority>0</IKPriority>
                    <IKRotLimits>-1e+010 -1e+010 -1e+010 1e+010 1e+010 1e+010</IKRotLimits>
                    <IKRotLimitOrder>0</IKRotLimitOrder>
                    <KeyFrames count="35">
                        <i>-0.232063 -0.101819 0.967357 -0.823512 0.549833 -0.139683 -0.517662 -0.829046 -0.211445 0.286988 0.26523 0.129196</i>
                        <i>-0.215006 -0.132337 0.967605 -0.822618 0.558552 -0.106398 -0.526377 -0.818845 -0.228955 0.276322 0.270571 0.15758</i>
                        <i>-0.189771 -0.173448 0.966386 -0.839431 0.539187 -0.0680671 -0.509257 -0.824132 -0.24792 0.259418 0.28076 0.1732</i>
                        <i>-0.165379 -0.212592 0.963044 -0.867626 0.495639 -0.0395817 -0.468908 -0.842109 -0.266419 0.23632 0.288231 0.193882</i>
                        <i>-0.14145 -0.245746 0.958958 -0.902242 0.430631 -0.0227292 -0.407371 -0.868427 -0.282636 0.207793 0.291728 0.224067</i>
                        <i>-0.111284 -0.274508 0.955124 -0.938459 0.345243 -0.0101173 -0.326973 -0.89747 -0.296034 0.17538 0.294888 0.255906</i>
                        <i>-0.0767604 -0.296684 0.951886 -0.97019 0.24233 -0.00270706 -0.229868 -0.923718 -0.306441 0.140291 0.297509 0.288795</i>
                        <i>-0.0403984 -0.31113 0.949508 -0.992071 0.125676 -0.00102844 -0.11901 -0.942021 -0.31374 0.103633 0.299328 0.322124</i>
                        <i>-0.00510369 -0.318055 0.948059 -0.999986 9.0602e-006 -0.00538019 0.0017026 -0.948072 -0.31805 0.0664215 0.29998 0.355275</i>
                        <i>0.0231074 -0.317582 0.947949 -0.991529 -0.128509 -0.0188835 0.127817 -0.939482 -0.317861 0.0296168 0.298971 0.387603</i>
                        <i>0.0403644 -0.311667 0.949334 -0.966302 -0.253917 -0.0422754 0.254228 -0.915636 -0.311414 -0.00582575 0.29568 0.41843</i>
                        <i>0.0557725 -0.297465 0.953102 -0.926314 -0.371651 -0.0617883 0.372602 -0.879426 -0.296274 -0.03726 0.289358 0.447203</i>
                        <i>0.0743564 -0.271962 0.959431 -0.875888 -0.477763 -0.0675456 0.47675 -0.835332 -0.273733 -0.0627126 0.28103 0.474247</i>
                        <i>0.0908771 -0.241179 0.966216 -0.82043 -0.568082 -0.064635 0.564479 -0.786839 -0.249497 -0.0819433 0.272427 0.500086</i>
                        <i>0.101808 -0.212903 0.971755 -0.766655 -0.639274 -0.0597395 0.633937 -0.738919 -0.228306 -0.094323 0.265069 0.525229</i>
                        <i>0.102812 -0.193397 0.975719 -0.721988 -0.689252 -0.0605403 0.684225 -0.698233 -0.210494 -0.0988694 0.260392 0.550219</i>
                        <i>0.0917712 -0.180963 0.979199 -0.694857 -0.716002 -0.0671999 0.713269 -0.674236 -0.191452 -0.0975878 0.259564 0.576034</i>
                        <i>0.072301 -0.170911 0.98263 -0.68731 -0.722473 -0.0750893 0.722757 -0.669942 -0.169704 -0.0935214 0.262205 0.603522</i>
                        <i>0.0509416 -0.161327 0.985585 -0.695817 -0.713654 -0.0808507 0.71641 -0.681668 -0.148608 -0.0864713 0.267622 0.633161</i>
                        <i>0.0338211 -0.150846 0.987979 -0.715969 -0.693375 -0.081356 0.697312 -0.704611 -0.131452 -0.0761098 0.274976 0.66542</i>
                        <i>0.0266657 -0.139493 0.989864 -0.743096 -0.665113 -0.0737109 0.668654 -0.733598 -0.121393 -0.0621889 0.283305 0.700798</i>
                        <i>0.0304602 -0.130246 0.991014 -0.772495 -0.632241 -0.0593502 0.63429 -0.763745 -0.119873 -0.0446966 0.291603 0.739841</i>
                        <i>0.0427536 -0.125678 0.991149 -0.799741 -0.598912 -0.0414451 0.598821 -0.790891 -0.126116 -0.0239295 0.298938 0.783162</i>
                        <i>0.0522037 -0.12699 0.990529 -0.826385 -0.562381 -0.0285469 0.56068 -0.817069 -0.134301 -0.000654782 0.30568 0.832677</i>
                        <i>0.0475448 -0.133152 0.989955 -0.856333 -0.515652 -0.0282295 0.514231 -0.846388 -0.138539 0.0241763 0.311773 0.88917</i>
                        <i>0.0295464 -0.140673 0.989615 -0.888478 -0.457302 -0.0384782 0.457966 -0.878115 -0.138496 0.0496775 0.315919 0.951475</i>
                        <i>0.00230357 -0.145049 0.989422 -0.920906 -0.385965 -0.0544382 0.389779 -0.911039 -0.134465 0.0748174 0.317022 1.01825</i>
                        <i>-0.0293146 -0.144131 0.989124 -0.95108 -0.300446 -0.0719667 0.307552 -0.942846 -0.128272 0.0984239 0.314263 1.08793</i>
                        <i>-0.0637725 -0.140875 0.987971 -0.977926 -0.188569 -0.0900122 0.198982 -0.971903 -0.12574 0.126513 0.307558 1.1588</i>
                        <i>-0.100329 -0.136044 0.985609 -0.993034 -0.0478244 -0.107686 0.0617862 -0.989548 -0.130298 0.162239 0.298572 1.22915</i>
                        <i>-0.137297 -0.127441 0.982297 -0.986571 0.106172 -0.12412 -0.0884747 -0.986147 -0.140307 0.200439 0.289122 1.29735</i>
                        <i>-0.171956 -0.115395 0.978323 -0.956671 0.256446 -0.137903 -0.234973 -0.959646 -0.154492 0.236427 0.280546 1.36191</i>
                        <i>-0.201217 -0.103111 0.974105 -0.910055 0.387559 -0.146963 -0.362369 -0.91606 -0.171821 0.265782 0.273586 1.42143</i>
                        <i>-0.22223 -0.0962788 0.970229 -0.860147 0.487919 -0.148598 -0.459087 -0.867563 -0.191244 0.284116 0.268474 1.4746</i>
                        <i>-0.232063 -0.101819 0.967357 -0.823512 0.549833 -0.139683 -0.517662 -0.829046 -0.211445 0.286988 0.26523 1.52011</i>
                    </KeyFrames>
                </p>
            </i>
            <i>
                <p>
                    <Name>
                        <![CDATA[spine1]]>
</Name>
                    <Exclude>0</Exclude>
                    <Additive>0</Additive>
                    <IKPriority>0</IKPriority>
                    <IKRotLimits>-1e+010 -1e+010 -1e+010 1e+010 1e+010 1e+010</IKRotLimits>
                    <IKRotLimitOrder>0</IKRotLimitOrder>
                    <KeyFrames count="35">
                        <i>-0.384886 -0.0166983 0.922813 -0.903946 0.208745 -0.373239 -0.1864 -0.977827 -0.0954374 0.240428 0.231676 0.385089</i>
                        <i>-0.335803 -0.0495277 0.940629 -0.929741 0.177575 -0.322566 -0.151056 -0.98286 -0.105678 0.233884 0.229406 0.414138</i>
                        <i>-0.279147 -0.0974925 0.955286 -0.954391 0.137882 -0.264814 -0.1059 -0.985639 -0.131535 0.222615 0.229851 0.430494</i>
                        <i>-0.223233 -0.144455 0.964002 -0.972051 0.106734 -0.209103 -0.0726862 -0.983738 -0.164244 0.20459 0.228353 0.451683</i>
                        <i>-0.166214 -0.183274 0.968908 -0.984543 0.085851 -0.152657 -0.0552038 -0.979306 -0.194711 0.180659 0.224472 0.482582</i>
                        <i>-0.101429 -0.214258 0.971497 -0.994044 0.0609522 -0.0903404 -0.0398587 -0.974873 -0.219164 0.154026 0.221294 0.515637</i>
                        <i>-0.0322689 -0.235281 0.971392 -0.999263 0.0277962 -0.0264623 -0.0207749 -0.97153 -0.236004 0.125546 0.21913 0.549945</i>
                        <i>0.0368662 -0.24613 0.968535 -0.999295 -0.016015 0.0339672 0.00715071 -0.969104 -0.246547 0.0957735 0.218041 0.584554</i>
                        <i>0.101556 -0.24904 0.963154 -0.993693 -0.071668 0.0862448 0.0475489 -0.965838 -0.254748 0.065019 0.217697 0.61843</i>
                        <i>0.15869 -0.248942 0.955429 -0.983677 -0.123011 0.131331 0.0848345 -0.960675 -0.264399 0.0327163 0.217591 0.65081</i>
                        <i>0.204448 -0.247535 0.947063 -0.973117 -0.156206 0.169245 0.106043 -0.956204 -0.272816 -0.00111715 0.216451 0.681366</i>
                        <i>0.242974 -0.238688 0.940208 -0.962833 -0.177217 0.203831 0.117969 -0.954789 -0.272876 -0.031395 0.214136 0.709912</i>
                        <i>0.275865 -0.217353 0.936299 -0.952161 -0.19504 0.235262 0.131481 -0.956408 -0.26076 -0.0547466 0.212378 0.736962</i>
                        <i>0.297042 -0.187563 0.936262 -0.941209 -0.222747 0.253988 0.160911 -0.956663 -0.242702 -0.0721402 0.211373 0.76282</i>
                        <i>0.303081 -0.154477 0.940361 -0.92762 -0.273887 0.253982 0.218318 -0.949275 -0.226306 -0.0836984 0.210759 0.787884</i>
                        <i>0.289843 -0.128846 0.948362 -0.913737 -0.332053 0.234148 0.284737 -0.934419 -0.213975 -0.0894174 0.210615 0.812528</i>
                        <i>0.255398 -0.119335 0.959443 -0.909109 -0.367404 0.196302 0.329078 -0.922374 -0.202323 -0.0917161 0.212783 0.837549</i>
                        <i>0.202702 -0.122557 0.971541 -0.914466 -0.378537 0.143043 0.350233 -0.917436 -0.188805 -0.0927161 0.218087 0.863974</i>
                        <i>0.139031 -0.133109 0.981301 -0.925749 -0.369347 0.08106 0.351651 -0.919709 -0.174576 -0.0906866 0.2262 0.892574</i>
                        <i>0.0720172 -0.145473 0.986738 -0.938916 -0.343682 0.0178587 0.336526 -0.92775 -0.161338 -0.0839279 0.236509 0.924109</i>
                        <i>0.0101693 -0.155765 0.987742 -0.951307 -0.305839 -0.038436 0.308077 -0.939255 -0.15129 -0.0709585 0.247964 0.959257</i>
                        <i>-0.0422625 -0.164633 0.985449 -0.961601 -0.261006 -0.0848446 0.271176 -0.951195 -0.147281 -0.0516593 0.258759 0.998844</i>
                        <i>-0.0842349 -0.173734 0.981183 -0.968967 -0.21537 -0.121321 0.232395 -0.960954 -0.150201 -0.0270124 0.267309 1.04347</i>
                        <i>-0.123774 -0.183054 0.97528 -0.973959 -0.165734 -0.154714 0.189958 -0.969032 -0.157774 -0.000440597 0.273762 1.09464</i>
                        <i>-0.169669 -0.189456 0.967119 -0.975818 -0.104929 -0.191751 0.137807 -0.976267 -0.167071 0.0244754 0.278377 1.15275</i>
                        <i>-0.218711 -0.189026 0.957306 -0.972852 -0.033823 -0.228941 0.0756549 -0.981389 -0.176497 0.0469738 0.280738 1.21611</i>
                        <i>-0.266675 -0.180468 0.94674 -0.9636 0.0306066 -0.26559 0.0189539 -0.983105 -0.182061 0.0670425 0.280861 1.28309</i>
                        <i>-0.308685 -0.16359 0.936991 -0.950894 0.0765588 -0.299899 -0.0226744 -0.983553 -0.179189 0.0847791 0.278394 1.35219</i>
                        <i>-0.344312 -0.139637 0.928413 -0.936664 0.11861 -0.329532 -0.0641039 -0.983073 -0.171632 0.106866 0.272366 1.42187</i>
                        <i>-0.374594 -0.110654 0.920562 -0.920673 0.161887 -0.35518 -0.109725 -0.980586 -0.162519 0.136641 0.26401 1.49073</i>
                        <i>-0.396899 -0.0787332 0.914479 -0.904981 0.199898 -0.375566 -0.153233 -0.976648 -0.150591 0.168973 0.255577 1.55731</i>
                        <i>-0.40944 -0.0480443 0.911071 -0.892616 0.227605 -0.389144 -0.188669 -0.972567 -0.136076 0.199463 0.248382 1.62026</i>
                        <i>-0.411578 -0.0239676 0.911059 -0.886807 0.241074 -0.39428 -0.210183 -0.970211 -0.120475 0.22413 0.242616 1.6784</i>
                        <i>-0.403471 -0.0120181 0.914913 -0.890168 0.23649 -0.389452 -0.211688 -0.97156 -0.106115 0.239064 0.237474 1.73066</i>
                        <i>-0.384886 -0.0166983 0.922813 -0.903946 0.208745 -0.373239 -0.1864 -0.977827 -0.0954374 0.240428 0.231676 1.776</i>
                    </KeyFrames>
                </p>
            </i>
            <i>
                <p>
                    <Name>
                        <![CDATA[spine2]]>
</Name>
                    <Exclude>0</Exclude>
                    <Additive>0</Additive>
                    <IKPriority>0</IKPriority>
                    <IKRotLimits>-1e+010 -1e+010 -1e+010 1e+010 1e+010 1e+010</IKRotLimits>
                    <IKRotLimitOrder>0</IKRotLimitOrder>
                    <KeyFrames count="35">
                        <i>-0.42579 0.0984828 0.899446 -0.881373 0.179699 -0.43691 -0.204658 -0.978779 0.0102858 0.147641 0.24439 0.589381</i>
                        <i>-0.374702 0.109569 0.920648 -0.910155 0.145758 -0.387778 -0.17668 -0.983234 0.0451091 0.152203 0.235232 0.623019</i>
                        <i>-0.322913 0.104777 0.940611 -0.937086 0.103904 -0.333277 -0.132653 -0.989053 0.0646327 0.153708 0.22466 0.644096</i>
                        <i>-0.267512 0.0859403 0.959714 -0.958864 0.0744169 -0.273939 -0.0949613 -0.993517 0.0624976 0.148883 0.211661 0.669178</i>
                        <i>-0.204115 0.0603591 0.977084 -0.976517 0.057724 -0.207563 -0.0689295 -0.996506 0.0471593 0.139193 0.197636 0.703668</i>
                        <i>-0.133124 0.0358311 0.990451 -0.990242 0.0367461 -0.134425 -0.0412119 -0.998682 0.0305897 0.129184 0.185854 0.740318</i>
                        <i>-0.0572319 0.0140774 0.998262 -0.998326 0.00754442 -0.057342 -0.00833852 -0.999872 0.013622 0.118908 0.177408 0.777521</i>
                        <i>0.0186516 -0.00534577 0.999812 -0.999309 -0.0322505 0.0184698 0.0321457 -0.999466 -0.00594359 0.107687 0.172715 0.813738</i>
                        <i>0.0890021 -0.0261269 0.995689 -0.992696 -0.0840684 0.0865287 0.0814452 -0.996117 -0.0334183 0.0944024 0.171127 0.847472</i>
                        <i>0.158051 -0.0606448 0.985567 -0.980024 -0.131659 0.149061 0.120719 -0.989438 -0.0802422 0.0779562 0.170816 0.877891</i>
                        <i>0.223351 -0.107965 0.968741 -0.96531 -0.162396 0.204461 0.135245 -0.980801 -0.140491 0.0576805 0.169944 0.905491</i>
                        <i>0.27959 -0.151563 0.948081 -0.950562 -0.182676 0.251119 0.135131 -0.971421 -0.195145 0.039112 0.169891 0.930802</i>
                        <i>0.322573 -0.17857 0.929548 -0.936885 -0.200172 0.286666 0.134879 -0.96335 -0.23187 0.0254309 0.173596 0.954898</i>
                        <i>0.345562 -0.18586 0.919806 -0.925878 -0.227098 0.301955 0.152765 -0.955972 -0.25056 0.0137924 0.180281 0.978786</i>
                        <i>0.346373 -0.170675 0.92244 -0.915259 -0.277133 0.2924 0.205733 -0.945551 -0.252203 0.00296826 0.188325 1.00339</i>
                        <i>0.323716 -0.148896 0.934365 -0.905575 -0.334868 0.260379 0.274119 -0.930427 -0.243238 -0.00747236 0.194936 1.02889</i>
                        <i>0.280036 -0.13811 0.950003 -0.90415 -0.370529 0.212653 0.322634 -0.918495 -0.228634 -0.0195522 0.19949 1.05534</i>
                        <i>0.217796 -0.133767 0.966784 -0.911389 -0.382279 0.152424 0.349192 -0.914313 -0.205173 -0.0345069 0.20363 1.0833</i>
                        <i>0.142415 -0.131668 0.981011 -0.923645 -0.373954 0.0838959 0.355807 -0.918053 -0.174871 -0.0487809 0.208505 1.11304</i>
                        <i>0.059869 -0.127566 0.990022 -0.93684 -0.349566 0.0116108 0.344597 -0.928187 -0.140437 -0.0589111 0.214953 1.1451</i>
                        <i>-0.0232064 -0.118711 0.992658 -0.947593 -0.313854 -0.0596864 0.318635 -0.942021 -0.105206 -0.0615237 0.222947 1.18021</i>
                        <i>-0.0999726 -0.104872 0.989448 -0.954024 -0.272303 -0.125255 0.282566 -0.956479 -0.0728273 -0.0556077 0.230586 1.21994</i>
                        <i>-0.164127 -0.088633 0.982449 -0.956109 -0.230779 -0.180546 0.242731 -0.968961 -0.0468658 -0.042007 0.23594 1.26538</i>
                        <i>-0.221482 -0.0731633 0.972416 -0.954964 -0.185644 -0.231474 0.197459 -0.97989 -0.0287515 -0.0258623 0.239185 1.31757</i>
                        <i>-0.277966 -0.057791 0.958851 -0.95029 -0.129246 -0.283274 0.140299 -0.989927 -0.018992 -0.012625 0.241369 1.37611</i>
                        <i>-0.328685 -0.0419511 0.943508 -0.941677 -0.0618057 -0.330795 0.0721914 -0.997206 -0.0191898 -0.00219051 0.243122 1.43868</i>
                        <i>-0.375296 -0.0299309 0.926421 -0.926838 8.48624e-005 -0.375462 0.0111593 -0.999552 -0.0277729 0.00608444 0.244924 1.50353</i>
                        <i>-0.421084 -0.0210116 0.906778 -0.906502 0.0435906 -0.419945 -0.0307033 -0.998828 -0.0374023 0.0132866 0.246599 1.56961</i>
                        <i>-0.461637 -0.00883304 0.887025 -0.884349 0.0828305 -0.459419 -0.0694146 -0.996525 -0.0460491 0.0263745 0.24681 1.63577</i>
                        <i>-0.492932 0.00985284 0.870012 -0.862829 0.123183 -0.490257 -0.112001 -0.992335 -0.0522194 0.0484075 0.246269 1.70098</i>
                        <i>-0.511881 0.0339881 0.858384 -0.845259 0.158437 -0.510328 -0.153345 -0.986784 -0.0523723 0.0750201 0.246703 1.76419</i>
                        <i>-0.51583 0.0596222 0.854614 -0.835674 0.184589 -0.517277 -0.188594 -0.981006 -0.0453919 0.102268 0.248348 1.82448</i>
                        <i>-0.503222 0.0815226 0.860303 -0.837562 0.199069 -0.508784 -0.212737 -0.976589 -0.0318956 0.126222 0.250013 1.88107</i>
                        <i>-0.473431 0.0950975 0.875682 -0.852852 0.199087 -0.482709 -0.220241 -0.975357 -0.0131499 0.142712 0.249501 1.93326</i>
                        <i>-0.42579 0.0984828 0.899446 -0.881373 0.179699 -0.43691 -0.204658 -0.978779 0.0102858 0.147641 0.24439 1.98029</i>
                    </KeyFrames>
                </p>
            </i>
            <i>
                <p>
                    <Name>
                        <![CDATA[head]]>
</Name>
                    <Exclude>0</Exclude>
                    <Additive>0</Additive>
                    <IKPriority>0</IKPriority>
                    <IKRotLimits>-1e+010 -1e+010 -1e+010 1e+010 1e+010 1e+010</IKRotLimits>
                    <IKRotLimitOrder>0</IKRotLimitOrder>
                    <KeyFrames count="35">
                        <i>-0.0197515 0.916542 0.399449 0.0452649 0.399937 -0.915424 -0.99878 -2.60145e-008 -0.0493866 0.0395899 0.267072 0.823086</i>
                        <i>-0.0277802 0.920517 0.389714 0.0654518 0.390703 -0.918187 -0.997469 -1.79523e-008 -0.0711033 0.0572095 0.258993 0.862088</i>
                        <i>-0.0326738 0.928524 0.369832 0.0817146 0.371273 -0.924921 -0.99612 1.47827e-008 -0.0880049 0.0722151 0.245423 0.88816</i>
                        <i>-0.0341174 0.937553 0.346166 0.0919575 0.347844 -0.933032 -0.995178 2.16887e-008 -0.0980825 0.0816694 0.226399 0.917821</i>
                        <i>-0.0342477 0.945733 0.323135 0.0996761 0.324945 -0.940466 -0.99443 -5.98942e-009 -0.105396 0.0880767 0.205209 0.956352</i>
                        <i>-0.0349931 0.952374 0.302917 0.109292 0.304932 -0.946082 -0.993393 3.82293e-009 -0.114757 0.0961383 0.186812 0.996066</i>
                        <i>-0.0361612 0.957302 0.28682 0.119745 0.28909 -0.949783 -0.992146 -1.35716e-009 -0.125086 0.105172 0.172765 1.035</i>
                        <i>-0.037148 0.960694 0.275114 0.128553 0.277611 -0.952054 -0.991007 -4.68903e-009 -0.133813 0.11324 0.163396 1.07146</i>
                        <i>-0.037035 0.96321 0.266185 0.132735 0.268749 -0.954021 -0.990459 8.66265e-010 -0.137805 0.117834 0.157159 1.10409</i>
                        <i>-0.0351874 0.966313 0.254954 0.132113 0.25737 -0.957239 -0.99061 6.08382e-009 -0.136719 0.118681 0.149329 1.13201</i>
                        <i>-0.0313092 0.970274 0.239976 0.125526 0.24201 -0.96212 -0.991596 -9.52767e-009 -0.129371 0.114448 0.138206 1.15562</i>
                        <i>-0.0277169 0.973537 0.226842 0.118074 0.228529 -0.96635 -0.992618 6.41857e-009 -0.121284 0.109672 0.129023 1.17615</i>
                        <i>-0.0257725 0.974716 0.221956 0.112424 0.223447 -0.968211 -0.993326 6.85275e-009 -0.11534 0.106665 0.127726 1.19603</i>
                        <i>-0.024223 0.973994 0.225273 0.104131 0.226571 -0.968412 -0.994269 -4.55237e-008 -0.106911 0.100839 0.134043 1.21776</i>
                        <i>-0.0223091 0.971624 0.235475 0.0916423 0.236529 -0.967293 -0.995542 3.86909e-009 -0.0943186 0.0903247 0.146731 1.24308</i>
                        <i>-0.018898 0.969152 0.245739 0.0743109 0.246465 -0.966299 -0.997056 7.72332e-010 -0.0766762 0.0742802 0.159101 1.27148</i>
                        <i>-0.0131759 0.967815 0.251316 0.0506702 0.251662 -0.966488 -0.998628 -1.77305e-008 -0.0523552 0.0511967 0.166369 1.30175</i>
                        <i>-0.00530013 0.966983 0.254784 0.0201114 0.254839 -0.966774 -0.999784 1.45615e-008 -0.0207981 0.020498 0.171312 1.33384</i>
                        <i>0.00332217 0.966158 0.257929 -0.0124431 0.25795 -0.966078 -0.999917 -1.49276e-008 0.0128789 -0.0127905 0.176216 1.36705</i>
                        <i>0.0114497 0.96485 0.262553 -0.0420365 0.262802 -0.963934 -0.99905 2.86261e-008 0.0435679 -0.0435985 0.183068 1.40126</i>
                        <i>0.0179133 0.962798 0.269626 -0.0638251 0.270221 -0.960681 -0.9978 -4.13037e-010 0.0662913 -0.0667667 0.192591 1.43697</i>
                        <i>0.0219925 0.960302 0.278093 -0.0757073 0.278961 -0.957313 -0.996888 -4.35891e-008 0.0788369 -0.0796311 0.202903 1.4759</i>
                        <i>0.0232741 0.957867 0.286269 -0.0776199 0.287213 -0.954717 -0.996711 -1.26934e-008 0.0810341 -0.0816342 0.211439 1.51965</i>
                        <i>0.0234789 0.955549 0.293895 -0.0760952 0.294831 -0.952515 -0.996824 6.06446e-009 0.079635 -0.0795067 0.217685 1.56943</i>
                        <i>0.0247259 0.953024 0.301883 -0.0777976 0.302893 -0.949844 -0.996663 -3.11032e-009 0.0816323 -0.080338 0.222967 1.6247</i>
                        <i>0.0267319 0.950105 0.310781 -0.0814227 0.311929 -0.94661 -0.996321 -7.29387e-009 0.0856986 -0.082826 0.228195 1.68354</i>
                        <i>0.0293563 0.946995 0.319905 -0.0865379 0.32125 -0.943032 -0.995816 -1.88773e-008 0.0913817 -0.0865464 0.232968 1.74425</i>
                        <i>0.0324309 0.943772 0.329004 -0.0925817 0.330598 -0.93922 -0.995177 -1.0556e-008 0.0980975 -0.0909464 0.237274 1.80565</i>
                        <i>0.0330398 0.940407 0.338442 -0.0913714 0.34005 -0.935958 -0.995269 9.45082e-010 0.0971616 -0.0880606 0.241116 1.86715</i>
                        <i>0.0293388 0.936418 0.349659 -0.0782966 0.350888 -0.933139 -0.996498 4.15255e-009 0.0836129 -0.0739877 0.245822 1.92832</i>
                        <i>0.0220605 0.931319 0.363536 -0.0564114 0.364205 -0.929609 -0.998164 3.9862e-009 0.0605716 -0.0523261 0.252807 1.98873</i>
                        <i>0.0118401 0.925422 0.378754 -0.0289152 0.378939 -0.92497 -0.999512 -4.50951e-009 0.0312455 -0.0263807 0.261279 2.04803</i>
                        <i>-0.000129418 0.919862 0.392242 0.000303534 0.392242 -0.919862 -1 -8.02731e-009 -0.000329957 0.000272834 0.268691 2.10583</i>
                        <i>-0.0116192 0.916348 0.400214 0.0265925 0.400383 -0.915962 -0.999579 -2.04542e-008 -0.0290201 0.0235816 0.271625 2.16149</i>
                        <i>-0.0197515 0.916542 0.399449 0.0452649 0.399937 -0.915424 -0.99878 -2.60145e-008 -0.0493866 0.0395899 0.267072 2.21399</i>
                    </KeyFrames>
                </p>
            </i>
            <i>
                <p>
                    <Name>
                        <![CDATA[head_prop]]>
</Name>
                    <Exclude>0</Exclude>
                    <Additive>0</Additive>
                    <IKPriority>0</IKPriority>
                    <IKRotLimits>-1e+010 -1e+010 -1e+010 1e+010 1e+010 1e+010</IKRotLimits>
                    <IKRotLimitOrder>0</IKRotLimitOrder>
                    <KeyFrames count="35">
                        <i>0.99878 2.60145e-008 0.0493866 -0.0197515 0.916542 0.399449 -0.0452649 -0.399937 0.915424 0.0331527 0.565781 0.95327</i>
                        <i>0.997469 1.79523e-008 0.0711033 -0.0277802 0.920517 0.389714 -0.0654518 -0.390703 0.918187 0.0481556 0.558998 0.989099</i>
                        <i>0.99612 -1.47827e-008 0.0880049 -0.0326738 0.928524 0.369832 -0.0817146 -0.371273 0.924921 0.0615664 0.548037 1.00869</i>
                        <i>0.995178 -2.16887e-008 0.0980825 -0.0341174 0.937553 0.346166 -0.0919575 -0.347844 0.933032 0.0705503 0.531956 1.03064</i>
                        <i>0.99443 5.98942e-009 0.105396 -0.0342477 0.945733 0.323135 -0.0996761 -0.324945 0.940466 0.0769151 0.513432 1.06166</i>
                        <i>0.993393 -3.82293e-009 0.114757 -0.0349931 0.952374 0.302917 -0.109292 -0.304932 0.946082 0.0847337 0.497199 1.09479</i>
                        <i>0.992146 1.35716e-009 0.125086 -0.0361612 0.957302 0.28682 -0.119745 -0.28909 0.949783 0.0933872 0.484759 1.12847</i>
                        <i>0.991007 4.68903e-009 0.133813 -0.037148 0.960694 0.275114 -0.128553 -0.277611 0.952054 0.101134 0.476494 1.16112</i>
                        <i>0.990459 -8.66265e-010 0.137805 -0.037035 0.96321 0.266185 -0.132735 -0.268749 0.954021 0.105764 0.471078 1.19084</i>
                        <i>0.99061 -6.08382e-009 0.136719 -0.0351874 0.966313 0.254954 -0.132113 -0.25737 0.957239 0.107213 0.464259 1.2151</i>
                        <i>0.991596 9.52767e-009 0.129371 -0.0313092 0.970274 0.239976 -0.125526 -0.24201 0.96212 0.104244 0.454427 1.23383</i>
                        <i>0.992618 -6.41857e-009 0.121284 -0.0277169 0.973537 0.226842 -0.118074 -0.228529 0.96635 0.100639 0.446308 1.25008</i>
                        <i>0.993326 -6.85275e-009 0.11534 -0.0257725 0.974716 0.221956 -0.112424 -0.223447 0.968211 0.0982659 0.445395 1.26837</i>
                        <i>0.994269 4.55237e-008 0.106911 -0.024223 0.973994 0.225273 -0.104131 -0.226571 0.968412 0.0929441 0.451477 1.29118</i>
                        <i>0.995542 -3.86909e-009 0.0943186 -0.0223091 0.971624 0.235475 -0.0916423 -0.236529 0.967293 0.083054 0.463392 1.31982</i>
                        <i>0.997056 -7.72332e-010 0.0766762 -0.018898 0.969152 0.245739 -0.0743109 -0.246465 0.966299 0.0681212 0.474956 1.35157</i>
                        <i>0.998628 1.77305e-008 0.0523552 -0.0131759 0.967815 0.251316 -0.0506702 -0.251662 0.966488 0.0469025 0.481788 1.38366</i>
                        <i>0.999784 -1.45615e-008 0.0207981 -0.00530013 0.966983 0.254784 -0.0201114 -0.254839 0.966774 0.0187706 0.486461 1.41687</i>
                        <i>0.999917 1.49276e-008 -0.0128789 0.00332217 0.966158 0.257929 0.0124431 -0.25795 0.966078 -0.0117078 0.491096 1.45111</i>
                        <i>0.99905 -2.86261e-008 -0.0435679 0.0114497 0.96485 0.262553 0.0420365 -0.262802 0.963934 -0.039867 0.497521 1.48683</i>
                        <i>0.9978 4.13037e-010 -0.0662913 0.0179133 0.962798 0.269626 0.0638251 -0.270221 0.960681 -0.0609286 0.506376 1.52484</i>
                        <i>0.996888 4.35891e-008 -0.0788369 0.0219925 0.960302 0.278093 0.0757073 -0.278961 0.957313 -0.0724636 0.515874 1.56653</i>
                        <i>0.996711 1.26934e-008 -0.0810341 0.0232741 0.957867 0.286269 0.0776199 -0.287213 0.954717 -0.074049 0.523616 1.61294</i>
                        <i>0.996824 -6.06446e-009 -0.079635 0.0234789 0.955549 0.293895 0.0760952 -0.294831 0.952515 -0.0718547 0.529108 1.66521</i>
                        <i>0.996663 3.11032e-009 -0.0816323 0.0247259 0.953024 0.301883 0.0777976 -0.302893 0.949844 -0.0722796 0.533566 1.72308</i>
                        <i>0.996321 7.29387e-009 -0.0856986 0.0267319 0.950105 0.310781 0.0814227 -0.311929 0.94661 -0.0741138 0.537843 1.78483</i>
                        <i>0.995816 1.88773e-008 -0.0913817 0.0293563 0.946995 0.319905 0.0865379 -0.32125 0.943032 -0.0769789 0.541602 1.84851</i>
                        <i>0.995177 1.0556e-008 -0.0980975 0.0324309 0.943772 0.329004 0.0925817 -0.330598 0.93922 -0.0803769 0.544858 1.91288</i>
                        <i>0.995269 -9.45082e-010 -0.0971616 0.0330398 0.940407 0.338442 0.0913714 -0.34005 0.935958 -0.0772926 0.547603 1.97745</i>
                        <i>0.996498 -4.15255e-009 -0.0836129 0.0293388 0.936418 0.349659 0.0782966 -0.350888 0.933139 -0.0644259 0.551009 2.04227</i>
                        <i>0.998164 -3.9862e-009 -0.0605716 0.0220605 0.931319 0.363536 0.0564114 -0.364205 0.929609 -0.0451364 0.556332 2.1072</i>
                        <i>0.999512 4.50951e-009 -0.0312455 0.0118401 0.925422 0.378754 0.0289152 -0.378939 0.92497 -0.0225219 0.562882 2.17147</i>
                        <i>1 8.02731e-009 0.000329957 -0.000129418 0.919862 0.392242 -0.000303534 -0.392242 0.919862 0.000230656 0.568482 2.23366</i>
                        <i>0.999579 2.04542e-008 0.0290201 -0.0116192 0.916348 0.400214 -0.0265925 -0.400383 0.915962 0.0197948 0.570271 2.29192</i>
                        <i>0.99878 2.60145e-008 0.0493866 -0.0197515 0.916542 0.399449 -0.0452649 -0.399937 0.915424 0.0331527 0.565781 2.34418</i>
                    </KeyFrames>
                </p>
            </i>
            <i>
                <p>
                    <Name>
                        <![CDATA[l_clav]]>
</Name>
                    <Exclude>0</Exclude>
                    <Additive>0</Additive>
                    <IKPriority>0</IKPriority>
                    <IKRotLimits>-1e+010 -1e+010 -1e+010 1e+010 1e+010 1e+010</IKRotLimits>
                    <IKRotLimitOrder>0</IKRotLimitOrder>
                    <KeyFrames count="35">
                        <i>0.833039 0.126949 0.538452 -0.55263 0.235707 0.799401 -0.0254334 -0.963497 0.266509 0.190862 0.192243 0.684048</i>
                        <i>0.843134 0.163913 0.51211 -0.537674 0.247238 0.806089 0.00551545 -0.95499 0.296587 0.202045 0.184721 0.716073</i>
                        <i>0.847156 0.206224 0.489691 -0.528965 0.240215 0.813937 0.0502224 -0.948561 0.312585 0.210972 0.175456 0.734325</i>
                        <i>0.851728 0.232505 0.469576 -0.516391 0.22044 0.827494 0.0888836 -0.947284 0.307818 0.212934 0.162494 0.755033</i>
                        <i>0.862809 0.243066 0.44326 -0.491238 0.196113 0.84866 0.119351 -0.949978 0.288611 0.209445 0.147654 0.783809</i>
                        <i>0.878563 0.256092 0.403167 -0.45145 0.169641 0.876022 0.155949 -0.951651 0.264653 0.205846 0.1358 0.813923</i>
                        <i>0.896199 0.276496 0.346954 -0.394881 0.14066 0.907901 0.202228 -0.950665 0.235243 0.20198 0.128499 0.843993</i>
                        <i>0.912744 0.307989 0.268407 -0.313671 0.107392 0.943439 0.261744 -0.94531 0.194628 0.19685 0.126392 0.872825</i>
                        <i>0.919315 0.352726 0.174484 -0.211551 0.0691003 0.974921 0.331823 -0.933172 0.138144 0.189041 0.128841 0.899293</i>
                        <i>0.915805 0.393559 0.0800788 -0.0967646 0.0227035 0.995048 0.389792 -0.919019 0.0588746 0.17681 0.132172 0.921912</i>
                        <i>0.908166 0.418606 0.0018046 0.0112965 -0.0288168 0.999521 0.418457 -0.907711 -0.0308992 0.159052 0.133361 0.941608</i>
                        <i>0.900511 0.432333 -0.0465542 0.0872727 -0.0748138 0.993371 0.425984 -0.898605 -0.105102 0.141933 0.134888 0.959963</i>
                        <i>0.893745 0.442724 -0.0722177 0.131782 -0.105249 0.985676 0.428781 -0.89046 -0.152408 0.129279 0.140741 0.97893</i>
                        <i>0.881419 0.465044 -0.0826705 0.154281 -0.118033 0.980951 0.446428 -0.877384 -0.175784 0.11871 0.151111 1.0005</i>
                        <i>0.856164 0.511554 -0.0727756 0.151193 -0.113344 0.981985 0.49409 -0.851743 -0.174384 0.109287 0.16554 1.02605</i>
                        <i>0.823999 0.56493 -0.0433605 0.123309 -0.10411 0.986892 0.553011 -0.818545 -0.155447 0.0996631 0.179207 1.05522</i>
                        <i>0.802411 0.596771 -0.000181682 0.0755607 -0.101296 0.991983 0.591968 -0.795992 -0.126374 0.0870367 0.187907 1.08713</i>
                        <i>0.792739 0.607302 0.0524343 0.0105101 -0.0996247 0.99497 0.609471 -0.7882 -0.0853591 0.0702967 0.193177 1.12204</i>
                        <i>0.792728 0.592957 0.141371 -0.098087 -0.104814 0.989643 0.601633 -0.798384 -0.0249274 0.0531706 0.1968 1.15959</i>
                        <i>0.790926 0.564698 0.235695 -0.215622 -0.103274 0.971 0.572663 -0.818811 0.040079 0.0392878 0.200331 1.19965</i>
                        <i>0.783729 0.528593 0.326125 -0.329697 -0.0909302 0.939698 0.526372 -0.843991 0.103011 0.0323364 0.204474 1.24241</i>
                        <i>0.771701 0.490737 0.404543 -0.428847 -0.0682037 0.900799 0.469647 -0.868634 0.157818 0.0336621 0.207897 1.28894</i>
                        <i>0.758902 0.456221 0.464683 -0.504162 -0.0400332 0.862681 0.412176 -0.888965 0.199628 0.0428389 0.209154 1.33988</i>
                        <i>0.750068 0.421121 0.509956 -0.55862 -0.00935576 0.829371 0.354037 -0.906956 0.228229 0.054308 0.208027 1.39676</i>
                        <i>0.753337 0.37939 0.537165 -0.588809 0.0253276 0.807875 0.292895 -0.92489 0.242469 0.0618578 0.205021 1.45955</i>
                        <i>0.771732 0.328494 0.544537 -0.592569 0.0606191 0.803236 0.230849 -0.942559 0.241437 0.0658297 0.201032 1.5255</i>
                        <i>0.79064 0.279085 0.544976 -0.585658 0.0851054 0.806078 0.178584 -0.956488 0.230736 0.0675144 0.198018 1.59306</i>
                        <i>0.79771 0.243149 0.551849 -0.586313 0.098676 0.804052 0.14105 -0.964957 0.221276 0.0686674 0.196857 1.66177</i>
                        <i>0.791649 0.208532 0.574287 -0.603 0.11529 0.789366 0.0983984 -0.971196 0.217015 0.0760484 0.195019 1.73019</i>
                        <i>0.779146 0.171776 0.602847 -0.625057 0.140368 0.767854 0.0472784 -0.975084 0.216737 0.0926902 0.192748 1.79711</i>
                        <i>0.771777 0.140227 0.620239 -0.635893 0.169706 0.752888 0.000316724 -0.975467 0.220144 0.114881 0.192175 1.86153</i>
                        <i>0.772336 0.117441 0.624263 -0.634171 0.198844 0.747187 -0.0363799 -0.972969 0.228052 0.13934 0.193588 1.92245</i>
                        <i>0.782898 0.105569 0.613129 -0.619546 0.222378 0.752802 -0.0568733 -0.969228 0.239504 0.162687 0.195624 1.97895</i>
                        <i>0.803776 0.107125 0.585208 -0.592358 0.235516 0.770483 -0.0552882 -0.965948 0.252758 0.181141 0.195935 2.03011</i>
                        <i>0.833039 0.126949 0.538452 -0.55263 0.235707 0.799401 -0.0254334 -0.963497 0.266509 0.190862 0.192243 2.07496</i>
                    </KeyFrames>
                </p>
            </i>
            <i>
                <p>
                    <Name>
                        <![CDATA[l_shoulder]]>
</Name>
                    <Exclude>0</Exclude>
                    <Additive>0</Additive>
                    <IKPriority>0</IKPriority>
                    <IKRotLimits>-1e+010 -1e+010 -1e+010 1e+010 1e+010 1e+010</IKRotLimits>
                    <IKRotLimitOrder>0</IKRotLimitOrder>
