<?xml version="1.0" encoding="ISO-8859-1" ?>
<Animl Version="1">
    <ModellingPackage><![CDATA[Maya.2010]]></ModellingPackage>
    <SrcFile><![CDATA[anims\characters\shared\base_soldier\~src\infantry\dance_airhump.mb]]></SrcFile>
    <FramesPerSecond>30</FramesPerSecond>
    <TotalFrames>49</TotalFrames>
    <Skeleton>
        <RefFrame>
            <Name><![CDATA[soldier_ref_frame]]></Name>
            <Exclude>0</Exclude>
            <Additive>0</Additive>
            <IKPriority>0</IKPriority>
            <IKRotLimits>-1e+010 -1e+010 -1e+010 1e+010 1e+010 1e+010</IKRotLimits>
            <IKRotLimitOrder>0</IKRotLimitOrder>
            <KeyFrames count="49">
                <i>1 0 0 0 1 0 0 0 1 0 0 0</i>
                <i>1 0 0 0 1 0 0 0 1 0 0 0</i>
                <i>1 0 0 0 1 0 0 0 1 0 0 0</i>
                <i>1 0 0 0 1 0 0 0 1 0 0 0</i>
                <i>1 0 0 0 1 0 0 0 1 0 0 0</i>
                <i>1 0 0 0 1 0 0 0 1 0 0 0</i>
                <i>1 0 0 0 1 0 0 0 1 0 0 0</i>
                <i>1 0 0 0 1 0 0 0 1 0 0 0</i>
                <i>1 0 0 0 1 0 0 0 1 0 0 0</i>
                <i>1 0 0 0 1 0 0 0 1 0 0 0</i>
                <i>1 0 0 0 1 0 0 0 1 0 0 0</i>
                <i>1 0 0 0 1 0 0 0 1 0 0 0</i>
                <i>1 0 0 0 1 0 0 0 1 0 0 0</i>
                <i>1 0 0 0 1 0 0 0 1 0 0 0</i>
                <i>1 0 0 0 1 0 0 0 1 0 0 0</i>
                <i>1 0 0 0 1 0 0 0 1 0 0 0</i>
                <i>1 0 0 0 1 0 0 0 1 0 0 0</i>
                <i>1 0 0 0 1 0 0 0 1 0 0 0</i>
                <i>1 0 0 0 1 0 0 0 1 0 0 0</i>
                <i>1 0 0 0 1 0 0 0 1 0 0 0</i>
                <i>1 0 0 0 1 0 0 0 1 0 0 0</i>
                <i>1 0 0 0 1 0 0 0 1 0 0 0</i>
                <i>1 0 0 0 1 0 0 0 1 0 0 0</i>
                <i>1 0 0 0 1 0 0 0 1 0 0 0</i>
                <i>1 0 0 0 1 0 0 0 1 0 0 0</i>
                <i>1 0 0 0 1 0 0 0 1 0 0 0</i>
                <i>1 0 0 0 1 0 0 0 1 0 0 0</i>
                <i>1 0 0 0 1 0 0 0 1 0 0 0</i>
                <i>1 0 0 0 1 0 0 0 1 0 0 0</i>
                <i>1 0 0 0 1 0 0 0 1 0 0 0</i>
                <i>1 0 0 0 1 0 0 0 1 0 0 0</i>
                <i>1 0 0 0 1 0 0 0 1 0 0 0</i>
                <i>1 0 0 0 1 0 0 0 1 0 0 0</i>
                <i>1 0 0 0 1 0 0 0 1 0 0 0</i>
                <i>1 0 0 0 1 0 0 0 1 0 0 0</i>
                <i>1 0 0 0 1 0 0 0 1 0 0 0</i>
                <i>1 0 0 0 1 0 0 0 1 0 0 0</i>
                <i>1 0 0 0 1 0 0 0 1 0 0 0</i>
                <i>1 0 0 0 1 0 0 0 1 0 0 0</i>
                <i>1 0 0 0 1 0 0 0 1 0 0 0</i>
                <i>1 0 0 0 1 0 0 0 1 0 0 0</i>
                <i>1 0 0 0 1 0 0 0 1 0 0 0</i>
                <i>1 0 0 0 1 0 0 0 1 0 0 0</i>
                <i>1 0 0 0 1 0 0 0 1 0 0 0</i>
                <i>1 0 0 0 1 0 0 0 1 0 0 0</i>
                <i>1 0 0 0 1 0 0 0 1 0 0 0</i>
                <i>1 0 0 0 1 0 0 0 1 0 0 0</i>
                <i>1 0 0 0 1 0 0 0 1 0 0 0</i>
                <i>1 0 0 0 1 0 0 0 1 0 0 0</i>
            </KeyFrames>
        </RefFrame>
        <Bones count="23">
            <i>
                <p>
                    <Name><![CDATA[pelvis]]></Name>
                    <Exclude>0</Exclude>
                    <Additive>0</Additive>
                    <IKPriority>0</IKPriority>
                    <IKRotLimits>-1e+010 -1e+010 -1e+010 1e+010 1e+010 1e+010</IKRotLimits>
                    <IKRotLimitOrder>2</IKRotLimitOrder>
                    <KeyFrames count="49">
                        <i>1 0 0 0 1 0 0 0 1 0.0401187 1.17557 0.241042</i>
                        <i>1 0 0 0 1 0 0 0 1 0.0356072 1.16975 0.230092</i>
                        <i>1 0 0 0 1 0 0 0 1 0.0239197 1.15633 0.21094</i>
                        <i>1 0 0 0 1 0 0 0 1 0.00782671 1.13647 0.184046</i>
                        <i>1 0 0 0 1 0 0 0 1 -0.00990123 1.11134 0.149722</i>
                        <i>1 0 0 0 1 0 0 0 1 -0.0264936 1.08215 0.108353</i>
                        <i>1 0 0 0 1 0 0 0 1 -0.0391799 1.0502 0.060573</i>
                        <i>1 0 0 0 1 0 0 0 1 -0.0461956 1.01799 0.00567178</i>
                        <i>1 0 0 0 1 0 0 0 1 -0.0494041 0.988677 -0.0539244</i>
                        <i>1 0 0 0 1 0 0 0 1 -0.0514771 0.964135 -0.112051</i>
                        <i>1 0 0 0 1 0 0 0 1 -0.0550861 0.945514 -0.162008</i>
                        <i>1 0 0 0 1 0 0 0 1 -0.0629027 0.933333 -0.196867</i>
                        <i>1 0 0 0 1 0 0 0 1 -0.0775984 0.927833 -0.209783</i>
                        <i>1 0 0 0 1 0 0 0 1 -0.104877 0.928779 -0.195629</i>
                        <i>1 0 0 0 1 0 0 0 1 -0.143741 0.93542 -0.158304</i>
                        <i>1 0 0 0 1 0 0 0 1 -0.186813 0.947614 -0.105015</i>
                        <i>1 0 0 0 1 0 0 0 1 -0.226714 0.965369 -0.0432563</i>
                        <i>1 0 0 0 1 0 0 0 1 -0.256065 0.988605 0.019274</i>
                        <i>1 0 0 0 1 0 0 0 1 -0.267489 1.01694 0.0747787</i>
                        <i>1 0 0 0 1 0 0 0 1 -0.254595 1.04964 0.122283</i>
                        <i>1 0 0 0 1 0 0 0 1 -0.222008 1.08461 0.16389</i>
                        <i>1 0 0 0 1 0 0 0 1 -0.178872 1.11854 0.197321</i>
                        <i>1 0 0 0 1 0 0 0 1 -0.134329 1.14765 0.221466</i>
                        <i>1 0 0 0 1 0 0 0 1 -0.0975236 1.16796 0.236064</i>
                        <i>1 0 0 0 1 0 0 0 1 -0.0775984 1.17557 0.241042</i>
                        <i>1 0 0 0 1 0 0 0 1 -0.0783053 1.16823 0.235811</i>
                        <i>1 0 0 0 1 0 0 0 1 -0.0930802 1.1485 0.220696</i>
                        <i>1 0 0 0 1 0 0 0 1 -0.115592 1.11998 0.196121</i>
                        <i>1 0 0 0 1 0 0 0 1 -0.13951 1.08631 0.162609</i>
                        <i>1 0 0 0 1 0 0 0 1 -0.158504 1.05095 0.121401</i>
                        <i>1 0 0 0 1 0 0 0 1 -0.166242 1.01694 0.0747787</i>
                        <i>1 0 0 0 1 0 0 0 1 -0.163395 0.987343 0.0199318</i>
                        <i>1 0 0 0 1 0 0 0 1 -0.155164 0.963796 -0.0425257</i>
                        <i>1 0 0 0 1 0 0 0 1 -0.142007 0.946322 -0.104471</i>
                        <i>1 0 0 0 1 0 0 0 1 -0.124387 0.934672 -0.158011</i>
                        <i>1 0 0 0 1 0 0 0 1 -0.102764 0.928548 -0.195542</i>
                        <i>1 0 0 0 1 0 0 0 1 -0.0775984 0.927833 -0.209783</i>
                        <i>1 0 0 0 1 0 0 0 1 -0.0431209 0.933259 -0.197465</i>
                        <i>1 0 0 0 1 0 0 0 1 0.00219133 0.945264 -0.163909</i>
                        <i>1 0 0 0 1 0 0 0 1 0.0515066 0.963684 -0.115221</i>
                        <i>1 0 0 0 1 0 0 0 1 0.0979931 0.988105 -0.0576241</i>
                        <i>1 0 0 0 1 0 0 0 1 0.134819 1.01752 0.00283397</i>
                        <i>1 0 0 0 1 0 0 0 1 0.155152 1.0502 0.060573</i>
                        <i>1 0 0 0 1 0 0 0 1 0.153443 1.08265 0.111078</i>
                        <i>1 0 0 0 1 0 0 0 1 0.134048 1.112 0.153144</i>
                        <i>1 0 0 0 1 0 0 0 1 0.104993 1.13703 0.186886</i>
                        <i>1 0 0 0 1 0 0 0 1 0.0743021 1.15666 0.212601</i>
                        <i>1 0 0 0 1 0 0 0 1 0.0500021 1.16985 0.230606</i>
                        <i>1 0 0 0 1 0 0 0 1 0.0401187 1.17557 0.241042</i>
                    </KeyFrames>
                </p>
            </i>
            <i>
                <p>
                    <Name><![CDATA[spine0]]></Name>
                    <Exclude>0</Exclude>
                    <Additive>0</Additive>
                    <IKPriority>0</IKPriority>
                    <IKRotLimits>-1e+010 -1e+010 -1e+010 1e+010 1e+010 1e+010</IKRotLimits>
                    <IKRotLimitOrder>0</IKRotLimitOrder>
                    <KeyFrames count="49">
                        <i>-0.216071 0.682023 -0.698683 -0.97462 -0.193574 0.112447 -0.0585553 0.705248 0.706539 -0.0108131 1.27172 0.146922</i>
                        <i>-0.205267 0.703408 -0.680501 -0.976167 -0.197199 0.0906149 -0.0704551 0.682883 0.727123 -0.0133696 1.26429 0.13335</i>
                        <i>-0.176602 0.739781 -0.649258 -0.981092 -0.18537 0.0556478 -0.0791861 0.646809 0.75853 -0.0220247 1.25032 0.112196</i>
                        <i>-0.135659 0.786856 -0.602041 -0.987021 -0.160047 0.0132295 -0.085945 0.596022 0.798356 -0.0346005 1.23129 0.0845183</i>
                        <i>-0.0897928 0.839412 -0.536027 -0.991763 -0.124718 -0.0291708 -0.0913383 0.528992 0.843697 -0.049032 1.20863 0.0512295</i>
                        <i>-0.0476495 0.89188 -0.449755 -0.994406 -0.0848472 -0.0629023 -0.0942617 0.444242 0.890934 -0.0633186 1.18371 0.01335</i>
                        <i>-0.0182935 0.938968 -0.343518 -0.995672 -0.0484213 -0.0793313 -0.0911231 0.340579 0.93579 -0.0754522 1.15782 -0.027742</i>
                        <i>-0.00350854 0.977352 -0.211593 -0.997096 -0.0195158 -0.0736103 -0.0760725 0.21072 0.974582 -0.081571 1.13395 -0.0717751</i>
                        <i>0.00314423 0.998398 -0.0564904 -0.998639 0.000193869 -0.0521574 -0.0520629 0.0565775 0.99704 -0.0810403 1.11428 -0.116528</i>
                        <i>0.00599322 0.994664 0.102996 -0.999596 0.0088189 -0.0270014 -0.0277656 -0.102793 0.994315 -0.0766694 1.09837 -0.157239</i>
                        <i>0.0102192 0.96958 0.244561 -0.999886 0.0126184 -0.00824541 -0.0110805 -0.244449 0.969599 -0.0716183 1.0858 -0.189272</i>
                        <i>0.0205389 0.936941 0.348884 -0.99977 0.021402 0.00138083 -0.00617307 -0.348833 0.937165 -0.0695262 1.0766 -0.208141</i>
                        <i>0.0407476 0.914628 0.402237 -0.999107 0.0418132 0.00613484 -0.0112077 -0.402128 0.915515 -0.074374 1.07166 -0.209391</i>
                        <i>0.0773571 0.910898 0.405316 -0.996696 0.0807551 0.00873864 -0.0247713 -0.404653 0.914135 -0.0905956 1.07164 -0.186572</i>
                        <i>0.127777 0.920783 0.368553 -0.99073 0.13578 0.00425682 -0.0461224 -0.36568 0.929597 -0.116216 1.07566 -0.141822</i>
                        <i>0.182269 0.938259 0.294019 -0.980914 0.194111 -0.0113473 -0.067719 -0.286339 0.955732 -0.145816 1.08384 -0.0836445</i>
                        <i>0.231754 0.954505 0.187642 -0.969262 0.242958 -0.0387699 -0.0825953 -0.17289 0.981472 -0.173794 1.09721 -0.0205925</i>
                        <i>0.268535 0.961284 0.061823 -0.959406 0.272649 -0.0721342 -0.0861975 -0.0399428 0.995477 -0.194088 1.11699 0.038591</i>
                        <i>0.286475 0.955542 -0.0698034 -0.955146 0.279131 -0.0989025 -0.0750211 0.0950055 0.992646 -0.200299 1.14375 0.0847889</i>
                        <i>0.278769 0.935847 -0.215586 -0.959175 0.26018 -0.110857 -0.0476541 0.237689 0.970172 -0.187103 1.17649 0.115242</i>
                        <i>0.247332 0.894306 -0.372885 -0.968813 0.22225 -0.109576 -0.0151211 0.388357 0.921385 -0.158607 1.21014 0.133614</i>
                        <i>0.201459 0.832879 -0.515487 -0.979459 0.17593 -0.098532 0.00862454 0.524748 0.851214 -0.122402 1.2386 0.141713</i>
                        <i>0.152581 0.765482 -0.625105 -0.988113 0.130158 -0.0818009 0.0187452 0.630156 0.776242 -0.0855736 1.25777 0.142772</i>
                        <i>0.112262 0.710176 -0.695016 -0.993453 0.0951302 -0.0632611 0.0211904 0.697567 0.716206 -0.0551056 1.26617 0.139874</i>
                        <i>0.0908432 0.683076 -0.724676 -0.995496 0.0821034 -0.0474021 0.0271191 0.725718 0.687458 -0.0384491 1.26411 0.134621</i>
                        <i>0.0921286 0.691272 -0.716697 -0.994538 0.0993398 -0.0320283 0.0490563 0.715733 0.696649 -0.0391665 1.25079 0.124691</i>
                        <i>0.108121 0.728867 -0.676064 -0.990513 0.136998 -0.0107118 0.0848122 0.670809 0.736765 -0.0523981 1.22773 0.107715</i>
                        <i>0.131428 0.788439 -0.600909 -0.983807 0.178254 0.0187095 0.121866 0.588719 0.799099 -0.0729443 1.19891 0.0836614</i>
                        <i>0.155184 0.857703 -0.490167 -0.976653 0.207814 0.0544343 0.148552 0.470275 0.869927 -0.0951043 1.16815 0.0529438</i>
                        <i>0.172496 0.919817 -0.352395 -0.972461 0.215953 0.0876623 0.156734 0.327569 0.931737 -0.112915 1.13883 0.017018</i>
                        <i>0.176301 0.961727 -0.209762 -0.973993 0.201253 0.104089 0.14232 0.185955 0.972196 -0.12054 1.1137 -0.0213671</i>
                        <i>0.170044 0.982958 -0.069851 -0.979741 0.176246 0.0951093 0.105799 0.0522632 0.993013 -0.119191 1.09557 -0.0639045</i>
                        <i>0.159793 0.98461 0.0707784 -0.985412 0.154849 0.0705984 0.0585519 -0.081027 0.994991 -0.114604 1.08427 -0.109879</i>
                        <i>0.142829 0.969431 0.199506 -0.989624 0.136692 0.0442752 0.0156507 -0.20376 0.978896 -0.107887 1.07748 -0.152724</i>
                        <i>0.11743 0.945342 0.304203 -0.993017 0.115268 0.025121 -0.011317 -0.305029 0.952276 -0.0993941 1.07338 -0.186862</i>
                        <i>0.0833274 0.923379 0.374736 -0.996348 0.0842235 0.0140174 -0.0186182 -0.374536 0.927026 -0.0885926 1.07122 -0.207343</i>
                        <i>0.0407476 0.914628 0.402237 -0.999107 0.0418132 0.00613484 -0.0112077 -0.402128 0.915515 -0.074374 1.07166 -0.209391</i>
                        <i>-0.0195441 0.92535 0.37861 -0.999782 -0.0208629 -0.000619001 0.00732611 -0.37854 0.925556 -0.0516955 1.07662 -0.189101</i>
                        <i>-0.0989238 0.947082 0.305368 -0.994628 -0.103505 -0.00119555 0.0304747 -0.303846 0.952234 -0.0197739 1.08676 -0.150077</i>
                        <i>-0.184785 0.964447 0.188937 -0.981777 -0.189833 0.00881991 0.0443729 -0.183865 0.98195 0.0162421 1.10219 -0.098832</i>
                        <i>-0.263281 0.963649 0.0454318 -0.963804 -0.26479 0.03111 0.042009 -0.0355967 0.998483 0.0509311 1.12313 -0.0418662</i>
                        <i>-0.322854 0.941099 -0.100483 -0.946094 -0.318002 0.0614904 0.0259147 0.114919 0.993037 0.0784328 1.14936 0.0144049</i>
                        <i>-0.357282 0.905582 -0.228629 -0.933995 -0.345895 0.0895046 0.00197214 0.245517 0.96939 0.0925948 1.17971 0.0637924</i>
                        <i>-0.361064 0.86866 -0.339209 -0.93236 -0.343439 0.112938 -0.0183925 0.357043 0.933907 0.0882584 1.21049 0.100881</i>
                        <i>-0.338807 0.831662 -0.439941 -0.940422 -0.313554 0.131494 -0.0285866 0.458281 0.888347 0.069175 1.23737 0.12542</i>
                        <i>-0.301772 0.792846 -0.52946 -0.952808 -0.270038 0.138692 -0.0330124 0.546328 0.836921 0.0426122 1.2578 0.139782</i>
                        <i>-0.26144 0.752273 -0.604759 -0.964526 -0.227367 0.134142 -0.0365911 0.618376 0.78503 0.0157247 1.27032 0.146673</i>
                        <i>-0.229393 0.713343 -0.662208 -0.972347 -0.198574 0.122919 -0.0438137 0.672093 0.739169 -0.0044441 1.2747 0.14852</i>
                        <i>-0.216071 0.682023 -0.698683 -0.97462 -0.193574 0.112447 -0.0585553 0.705248 0.706539 -0.0108131 1.27172 0.146922</i>
                    </KeyFrames>
                </p>
            </i>
            <i>
                <p>
                    <Name><![CDATA[spine1]]></Name>
                    <Exclude>0</Exclude>
                    <Additive>0</Additive>
                    <IKPriority>0</IKPriority>
                    <IKRotLimits>-1e+010 -1e+010 -1e+010 1e+010 1e+010 1e+010</IKRotLimits>
                    <IKRotLimitOrder>0</IKRotLimitOrder>
                    <KeyFrames count="49">
                        <i>-0.0426625 0.6639 -0.746604 -0.998995 -0.0386035 0.0227573 -0.013713 0.746825 0.66488 -0.0551213 1.41147 0.00346426</i>
                        <i>-0.0315134 0.709134 -0.704369 -0.999469 -0.0282236 0.0163016 -0.00831979 0.704509 0.709647 -0.053937 1.40324 -0.0012924</i>
                        <i>-0.00304706 0.772522 -0.634981 -0.999995 -0.0029093 0.00125918 -0.000874599 0.634982 0.772527 -0.0559322 1.39232 -0.0125926</i>
                        <i>0.0369941 0.841353 -0.539218 -0.999315 0.0316319 -0.019204 0.000899104 0.539559 0.841947 -0.0601521 1.37949 -0.0289984</i>
                        <i>0.081429 0.902582 -0.422747 -0.996656 0.0708603 -0.040685 -0.00676557 0.424646 0.905334 -0.0657897 1.36531 -0.0489359</i>
                        <i>0.123126 0.947303 -0.295731 -0.992138 0.110767 -0.0582545 -0.0224275 0.300579 0.953493 -0.0722005 1.35008 -0.0706489</i>
                        <i>0.156241 0.973023 -0.169748 -0.986904 0.14681 -0.0668412 -0.0401173 0.177969 0.983218 -0.0788711 1.33372 -0.0921981</i>
                        <i>0.168943 0.984585 -0.0452819 -0.984154 0.166003 -0.0623146 -0.0538371 0.055092 0.997029 -0.0822194 1.31653 -0.111397</i>
                        <i>0.157439 0.98435 0.0791748 -0.985693 0.161527 -0.0481496 -0.0601849 -0.0704614 0.995697 -0.0804564 1.29838 -0.127023</i>
                        <i>0.12801 0.972635 0.193895 -0.99017 0.136447 -0.0307468 -0.0563618 -0.188053 0.98054 -0.0755782 1.27919 -0.138578</i>
                        <i>0.0895803 0.953852 0.286605 -0.995044 0.0981811 -0.0157492 -0.0431616 -0.283774 0.957919 -0.069778 1.26036 -0.145295</i>
                        <i>0.0555138 0.937393 0.343822 -0.998099 0.0613372 -0.00607531 -0.026784 -0.342831 0.939015 -0.0658438 1.24458 -0.14564</i>
                        <i>0.0416656 0.93481 0.352695 -0.998998 0.0447532 -0.000600867 -0.0163459 -0.352316 0.935738 -0.0670809 1.23537 -0.137446</i>
                        <i>0.0574356 0.952625 0.298675 -0.998264 0.0587171 0.00468914 -0.0130703 -0.298426 0.954343 -0.0767803 1.23433 -0.114231</i>
                        <i>0.0943165 0.978091 0.185585 -0.995488 0.0946118 0.00728477 -0.0104334 -0.185435 0.982601 -0.0933265 1.24061 -0.0758492</i>
                        <i>0.139754 0.989521 0.0362997 -0.99018 0.139784 0.00171362 -0.00337847 -0.0361828 0.999339 -0.112675 1.25444 -0.03025</i>
                        <i>0.180151 0.976344 -0.119573 -0.983615 0.179662 -0.0149491 0.00688716 0.120307 0.992713 -0.130591 1.27513 0.0142922</i>
                        <i>0.204536 0.943512 -0.260671 -0.97876 0.200914 -0.0407672 0.0139081 0.263473 0.964567 -0.142785 1.3006 0.0502812</i>
                        <i>0.205085 0.90207 -0.379751 -0.978658 0.194148 -0.0673436 0.0129791 0.385457 0.922634 -0.145015 1.32811 0.0711906</i>
                        <i>0.173397 0.856304 -0.486495 -0.984852 0.150916 -0.0853879 0.000301784 0.493931 0.869501 -0.133621 1.35598 0.0737665</i>
                        <i>0.114882 0.804185 -0.583171 -0.993083 0.0786466 -0.0871809 -0.0242452 0.589153 0.807658 -0.111401 1.38078 0.0623383</i>
                        <i>0.0449208 0.751719 -0.657952 -0.99765 -0.000350384 -0.0685137 -0.0517336 0.659483 0.749937 -0.0836978 1.39855 0.0425675</i>
                        <i>-0.0215283 0.710283 -0.703587 -0.997301 -0.0646696 -0.0347696 -0.0701969 0.700939 0.709758 -0.0556577 1.40777 0.0200832</i>
                        <i>-0.0735959 0.690774 -0.719316 -0.994594 -0.103824 0.00205662 -0.0732614 0.715578 0.69468 -0.032524 1.40892 -8.27931e-005</i>
                        <i>-0.103138 0.699936 -0.706719 -0.992676 -0.117365 0.028632 -0.0629034 0.704496 0.706915 -0.0198776 1.40365 -0.0137101</i>
                        <i>-0.108165 0.746914 -0.656063 -0.993377 -0.106935 0.0420342 -0.0387604 0.656265 0.753534 -0.0203905 1.39161 -0.0215869</i>
                        <i>-0.0938911 0.82503 -0.557233 -0.995578 -0.0794675 0.0500917 -0.00295478 0.559473 0.828844 -0.0307113 1.3739 -0.0281146</i>
                        <i>-0.0633351 0.909209 -0.411495 -0.997386 -0.0432997 0.0578406 0.0347715 0.414083 0.909575 -0.0470749 1.35413 -0.0348287</i>
                        <i>-0.0243455 0.97175 -0.234755 -0.99762 -0.00846208 0.0684309 0.0645112 0.235862 0.969643 -0.0649512 1.33485 -0.0424853</i>
                        <i>0.00988525 0.998265 -0.0580532 -0.996674 0.0145324 0.0801812 0.0808857 0.0570675 0.995088 -0.0795049 1.31706 -0.051407</i>
                        <i>0.0261609 0.995841 0.0872739 -0.996173 0.0186871 0.0853793 0.0833933 -0.0891735 0.992519 -0.0862771 1.30069 -0.0622932</i>
                        <i>0.0295272 0.979693 0.198317 -0.996922 0.0144482 0.0770564 0.0726263 -0.199981 0.977104 -0.086277 1.28591 -0.0775652</i>
                        <i>0.0336693 0.957297 0.28714 -0.998116 0.017463 0.0588166 0.0512907 -0.288579 0.956081 -0.084144 1.27201 -0.0965003</i>
                        <i>0.0406547 0.935455 0.3511 -0.998883 0.0295812 0.0368482 0.0240839 -0.352206 0.935613 -0.0811809 1.25878 -0.115511</i>
                        <i>0.0488495 0.921006 0.386473 -0.998805 0.0455769 0.0176325 -0.00137465 -0.386873 0.922132 -0.0778295 1.24699 -0.131071</i>
                        <i>0.0520818 0.919891 0.3887 -0.998508 0.0543551 0.00515382 -0.0163869 -0.388389 0.92135 -0.0735104 1.23836 -0.139575</i>
                        <i>0.0416656 0.93481 0.352695 -0.998998 0.0447532 -0.000600867 -0.0163459 -0.352316 0.935738 -0.0670809 1.23537 -0.137446</i>
                        <i>0.00452069 0.966474 0.256725 -0.999982 0.00534766 -0.0025232 -0.00381149 -0.256709 0.966481 -0.0551613 1.24071 -0.122</i>
                        <i>-0.0580994 0.993676 0.0960842 -0.998296 -0.0583481 -0.000221484 0.00538624 -0.0959333 0.995373 -0.0373243 1.25479 -0.0959384</i>
                        <i>-0.128527 0.987221 -0.0942121 -0.991699 -0.128309 0.00838687 -0.0038086 0.0945079 0.995517 -0.017152 1.27648 -0.0647451</i>
                        <i>-0.188791 0.943264 -0.27315 -0.981581 -0.189549 0.0238663 -0.0292629 0.272624 0.961675 0.00174215 1.30316 -0.0334721</i>
                        <i>-0.228718 0.879015 -0.418354 -0.971741 -0.231918 0.0439719 -0.0583718 0.416589 0.907219 0.0159849 1.33137 -0.00516269</i>
                        <i>-0.244362 0.81366 -0.527488 -0.966391 -0.249142 0.0633803 -0.0798494 0.525248 0.847195 0.0221346 1.35826 0.0185521</i>
                        <i>-0.230351 0.758916 -0.609085 -0.969768 -0.230842 0.0791299 -0.0805496 0.608899 0.789147 0.0171152 1.3816 0.0338953</i>
                        <i>-0.191006 0.715905 -0.671563 -0.97987 -0.17953 0.0873111 -0.0580595 0.674722 0.735785 0.00304511 1.39964 0.0394159</i>
                        <i>-0.137771 0.684756 -0.715631 -0.990164 -0.113007 0.0824926 -0.0243839 0.719957 0.69359 -0.0158421 1.41132 0.0371025</i>
                        <i>-0.0846166 0.665973 -0.741161 -0.996407 -0.0537763 0.0654365 0.00372202 0.744035 0.668131 -0.0350878 1.41645 0.0290135</i>
                        <i>-0.0478255 0.659514 -0.750169 -0.998801 -0.0236946 0.0428453 0.0104821 0.751319 0.659857 -0.0498869 1.41593 0.0171961</i>
                        <i>-0.0426625 0.6639 -0.746604 -0.998995 -0.0386035 0.0227573 -0.013713 0.746825 0.66488 -0.0551213 1.41147 0.00346426</i>
                    </KeyFrames>
                </p>
            </i>
            <i>
                <p>
                    <Name><![CDATA[spine2]]></Name>
                    <Exclude>0</Exclude>
                    <Additive>0</Additive>
                    <IKPriority>0</IKPriority>
                    <IKRotLimits>-1e+010 -1e+010 -1e+010 1e+010 1e+010 1e+010</IKRotLimits>
                    <IKRotLimitOrder>0</IKRotLimitOrder>
                    <KeyFrames count="49">
                        <i>0.0292932 0.983337 -0.179416 -0.999428 0.0318434 0.0113498 0.0168739 0.178981 0.983708 -0.0631434 1.53734 -0.137368</i>
                        <i>0.00452661 0.988679 -0.149976 -0.999717 0.00797476 0.0223979 0.0233404 0.149833 0.988436 -0.0596147 1.53269 -0.12935</i>
                        <i>-0.0190978 0.994616 -0.10185 -0.999421 -0.0161219 0.029962 0.0281587 0.102363 0.994348 -0.0563892 1.5292 -0.124724</i>
                        <i>-0.039643 0.998294 -0.0428767 -0.998759 -0.0382944 0.0318314 0.0301352 0.0440854 0.998573 -0.0536376 1.52563 -0.122368</i>
                        <i>-0.0543874 0.998326 0.0196711 -0.998119 -0.0549131 0.0272506 0.0282852 -0.018152 0.999435 -0.0516919 1.52059 -0.121412</i>
                        <i>-0.060259 0.994996 0.0797028 -0.997943 -0.0618023 0.0170385 0.0218791 -0.0785121 0.996673 -0.0509608 1.51286 -0.121225</i>
                        <i>-0.0543042 0.989766 0.131961 -0.998465 -0.0552718 0.00367783 0.0109339 -0.131559 0.991248 -0.0518505 1.50159 -0.121235</i>
                        <i>-0.0453618 0.983766 0.173627 -0.998968 -0.0442589 -0.0102207 -0.00237026 -0.173912 0.984758 -0.0531235 1.48587 -0.118953</i>
                        <i>-0.0409309 0.977979 0.204651 -0.999069 -0.0372721 -0.0217029 -0.0135972 -0.205349 0.978594 -0.0537243 1.46549 -0.113391</i>
                        <i>-0.0375437 0.973734 0.22457 -0.999116 -0.0323253 -0.0268704 -0.0189053 -0.22538 0.974087 -0.0541738 1.44199 -0.105973</i>
                        <i>-0.0317483 0.971912 0.233192 -0.999354 -0.0269324 -0.0238079 -0.0168588 -0.233797 0.972139 -0.0549561 1.41852 -0.097649</i>
                        <i>-0.0185315 0.972989 0.230106 -0.999777 -0.0157112 -0.0140831 -0.0100875 -0.230316 0.973064 -0.0566975 1.39941 -0.0887385</i>
                        <i>0.00865094 0.976663 0.214605 -0.999949 0.00954885 -0.00314765 -0.00512342 -0.214567 0.976696 -0.0602168 1.38954 -0.0791633</i>
                        <i>0.0639659 0.981457 0.180695 -0.997949 0.0633748 0.00904843 -0.00257089 -0.180903 0.983498 -0.0673181 1.39117 -0.0649476</i>
                        <i>0.145061 0.981016 0.128701 -0.989415 0.143308 0.0228336 0.00395627 -0.130651 0.991421 -0.0777229 1.40222 -0.0450581</i>
                        <i>0.233426 0.969982 0.0681709 -0.972266 0.23178 0.0312378 0.0144995 -0.073572 0.997184 -0.0891951 1.42047 -0.0239797</i>
                        <i>0.311844 0.950105 0.00736531 -0.949799 0.311519 0.0289579 0.0252186 -0.0160259 0.999554 -0.0995559 1.44314 -0.00602475</i>
                        <i>0.365998 0.929333 -0.0488446 -0.930101 0.367037 0.0140092 0.030947 0.040303 0.998708 -0.106677 1.46706 0.00463516</i>
                        <i>0.383264 0.918315 -0.0990219 -0.923213 0.384133 -0.0109011 0.0280269 0.0955964 0.995026 -0.108457 1.4889 0.00388141</i>
                        <i>0.34799 0.927338 -0.137652 -0.937398 0.346331 -0.0366141 0.0137194 0.141776 0.989804 -0.102922 1.50775 -0.0120815</i>
                        <i>0.262408 0.951308 -0.161728 -0.964929 0.257405 -0.05153 -0.00739125 0.169578 0.985489 -0.0912145 1.52258 -0.040117</i>
                        <i>0.144251 0.974477 -0.172004 -0.989207 0.137489 -0.0506649 -0.0257233 0.177456 0.983793 -0.0758243 1.53196 -0.0737978</i>
                        <i>0.0208556 0.985594 -0.167836 -0.999214 0.0148857 -0.0367497 -0.0337219 0.168471 0.98513 -0.0596655 1.53642 -0.106861</i>
                        <i>-0.0769 0.985573 -0.150769 -0.996582 -0.0805563 -0.0182861 -0.0301677 0.148847 0.9884 -0.0462972 1.53729 -0.133156</i>
                        <i>-0.124838 0.984343 -0.124437 -0.99193 -0.126623 -0.00651445 -0.0221691 0.12262 0.992206 -0.0394356 1.53584 -0.146521</i>
                        <i>-0.116519 0.989737 -0.0827305 -0.993027 -0.117596 -0.00825451 -0.0178986 0.0811918 0.996538 -0.0408231 1.53218 -0.144443</i>
                        <i>-0.0686789 0.997375 -0.0229262 -0.997449 -0.069096 -0.0179229 -0.01946 0.0216368 0.999576 -0.0481698 1.5266 -0.130731</i>
                        <i>0.00151378 0.998952 0.0457357 -0.999633 0.00274831 -0.0269417 -0.0270392 -0.0456782 0.99859 -0.0586495 1.51912 -0.10907</i>
                        <i>0.0754367 0.99048 0.115144 -0.996456 0.0791888 -0.0283606 -0.0372087 -0.112596 0.992944 -0.0693806 1.50879 -0.0841241</i>
                        <i>0.134357 0.974428 0.180104 -0.989947 0.140095 -0.0194639 -0.0441977 -0.175678 0.983455 -0.0777939 1.49506 -0.0613926</i>
                        <i>0.160914 0.958032 0.237239 -0.986044 0.166452 -0.00336401 -0.0427117 -0.233386 0.971446 -0.0816246 1.47881 -0.0463104</i>
                        <i>0.156742 0.947689 0.278059 -0.987103 0.159598 0.0124863 -0.0325444 -0.27643 0.960483 -0.0810207 1.46039 -0.0418883</i>
                        <i>0.137921 0.944642 0.297706 -0.990245 0.137533 0.0223551 -0.019827 -0.297885 0.954396 -0.0782229 1.4399 -0.0458342</i>
                        <i>0.109868 0.948153 0.298221 -0.993898 0.107761 0.0235509 -0.00980668 -0.298989 0.954206 -0.0741622 1.41973 -0.0548558</i>
                        <i>0.0771134 0.956361 0.281829 -0.997008 0.0754682 0.0167048 -0.0052933 -0.282274 0.959319 -0.0695539 1.40268 -0.0655515</i>
                        <i>0.042689 0.966754 0.25212 -0.999075 0.0426164 0.00575104 -0.00518463 -0.252133 0.967679 -0.0648246 1.39171 -0.0746344</i>
                        <i>0.00865094 0.976663 0.214605 -0.999949 0.00954885 -0.00314765 -0.00512342 -0.214567 0.976696 -0.0602168 1.38954 -0.0791633</i>
                        <i>-0.0344632 0.985996 0.163168 -0.999398 -0.0333345 -0.00965121 -0.00407692 -0.163403 0.986551 -0.0544345 1.39874 -0.0799332</i>
                        <i>-0.0912482 0.991282 0.0950466 -0.995806 -0.0901938 -0.0153407 -0.00663433 -0.0960478 0.995355 -0.0468475 1.41744 -0.080106</i>
                        <i>-0.151698 0.988183 0.0219743 -0.988325 -0.151325 -0.01774 -0.0142051 -0.0244088 0.999601 -0.0386042 1.44117 -0.0802914</i>
                        <i>-0.206165 0.977379 -0.0471833 -0.978202 -0.207083 -0.0154108 -0.024833 0.0429777 0.998767 -0.0308372 1.46592 -0.0803242</i>
                        <i>-0.245912 0.963241 -0.108142 -0.968678 -0.248193 -0.00795521 -0.0345028 0.102798 0.994104 -0.0248827 1.48847 -0.07953</i>
                        <i>-0.262641 0.951627 -0.159455 -0.964118 -0.265447 0.00382427 -0.0386876 0.154738 0.987198 -0.0223841 1.5066 -0.0771204</i>
                        <i>-0.247514 0.948387 -0.198242 -0.968309 -0.249183 0.0168871 -0.0333831 0.19614 0.980008 -0.0248018 1.51988 -0.0765584</i>
                        <i>-0.202815 0.953479 -0.223035 -0.97902 -0.202017 0.026637 -0.0196591 0.223758 0.974446 -0.0313592 1.52886 -0.0812849</i>
                        <i>-0.137693 0.962751 -0.232702 -0.990473 -0.134269 0.0305709 -0.00181246 0.234694 0.972067 -0.0404321 1.53395 -0.0905689</i>
                        <i>-0.06549 0.97179 -0.226574 -0.997755 -0.0605827 0.0285527 0.0140207 0.227936 0.973575 -0.0501989 1.5361 -0.103637</i>
                        <i>-0.0038078 0.978324 -0.207045 -0.999759 0.000751063 0.0219356 0.0216156 0.207079 0.978086 -0.0585566 1.5367 -0.11959</i>
                        <i>0.0292932 0.983337 -0.179416 -0.999428 0.0318434 0.0113498 0.0168739 0.178981 0.983708 -0.0631434 1.53734 -0.137368</i>
                    </KeyFrames>
                </p>
            </i>
            <i>
                <p>
                    <Name><![CDATA[head]]></Name>
                    <Exclude>0</Exclude>
                    <Additive>0</Additive>
                    <IKPriority>0</IKPriority>
                    <IKRotLimits>-1e+010 -1e+010 -1e+010 1e+010 1e+010 1e+010</IKRotLimits>
                    <IKRotLimitOrder>0</IKRotLimitOrder>
                    <KeyFrames count="49">
                        <i>-0.00694825 0.999309 -0.0365024 -0.0434957 -0.0367709 -0.998377 -0.999029 -0.00534923 0.0437211 -0.00176764 1.74835 -0.154933</i>
                        <i>-0.000828998 0.998068 -0.0621286 -0.0547835 -0.0620807 -0.996567 -0.998498 0.00257747 0.0547291 -0.0216733 1.75014 -0.13695</i>
                        <i>0.00585501 0.997337 -0.0727016 -0.0547382 -0.0722741 -0.995882 -0.998484 0.00981044 0.0541693 -0.0452504 1.75337 -0.119148</i>
                        <i>0.0121571 0.997447 -0.0703706 -0.044849 -0.069761 -0.996555 -0.99892 0.0152713 0.0438864 -0.0697107 1.75442 -0.101884</i>
                        <i>0.0172538 0.998198 -0.0574755 -0.0279075 -0.056981 -0.997985 -0.999462 0.018823 0.026874 -0.0918143 1.75103 -0.0857374</i>
                        <i>0.0204038 0.999104 -0.0370693 -0.00794357 -0.0369138 -0.999287 -0.99976 0.0206837 0.00718329 -0.108122 1.74249 -0.071394</i>
                        <i>0.020983 0.999693 -0.0131639 0.00971828 -0.0133702 -0.999863 -0.999733 0.0208522 -0.00999585 -0.11523 1.72907 -0.059324</i>
                        <i>0.0184417 0.999804 0.00722604 0.0257248 0.00675041 -0.999646 -0.999499 0.0186211 -0.0255952 -0.109592 1.70928 -0.0478835</i>
                        <i>0.0129521 0.999711 0.0202702 0.0410368 0.0197234 -0.998963 -0.999074 0.0137705 -0.0407695 -0.0931625 1.68246 -0.0356727</i>
                        <i>0.00546701 0.999629 0.026687 0.0503065 0.0263787 -0.998385 -0.998719 0.00680069 -0.0501437 -0.0709906 1.65087 -0.0232004</i>
                        <i>-0.00261297 0.999601 0.0281216 0.050393 0.0282176 -0.998331 -0.998726 -0.00119147 -0.0504466 -0.0481326 1.61822 -0.011041</i>
                        <i>-0.00964541 0.999596 0.0267256 0.0414916 0.0271039 -0.998771 -0.999092 -0.00852466 -0.0417363 -0.0294512 1.58996 0.000275995</i>
                        <i>-0.0140629 0.999606 0.0242742 0.027493 0.024654 -0.999318 -0.999523 -0.013386 -0.0278288 -0.0193833 1.57304 0.0103511</i>
                        <i>-0.0165435 0.999619 0.0221085 0.00952725 0.0222681 -0.999707 -0.999818 -0.016328 -0.00989201 -0.0178133 1.57045 0.0222968</i>
                        <i>-0.0188557 0.9996 0.0210671 -0.00787081 0.0209218 -0.99975 -0.999791 -0.0190168 0.00747317 -0.0208409 1.57967 0.0374706</i>
                        <i>-0.0208509 0.999608 0.0186599 -0.0141282 0.0183675 -0.999731 -0.999683 -0.0211089 0.0137397 -0.0264068 1.59952 0.0526196</i>
                        <i>-0.0219608 0.999713 0.00960438 -0.0041326 0.00951585 -0.999946 -0.99975 -0.0219993 0.00392244 -0.032621 1.62707 0.0638886</i>
                        <i>-0.0216007 0.999709 -0.0107632 0.0193853 -0.0103448 -0.999759 -0.999579 -0.0218042 -0.0191562 -0.038604 1.65768 0.0669079</i>
                        <i>-0.0196642 0.998873 -0.0431947 0.0470662 -0.0422303 -0.997999 -0.998698 -0.0216578 -0.0461827 -0.0446601 1.68569 0.0572778</i>
                        <i>-0.0154843 0.997312 -0.0716169 0.0740342 -0.0702853 -0.994776 -0.997135 -0.0207055 -0.0727469 -0.0545549 1.70991 0.0324147</i>
                        <i>-0.00962208 0.996764 -0.0798057 0.0927103 -0.0785764 -0.992588 -0.995647 -0.0169496 -0.0916542 -0.0692357 1.7295 -0.00326426</i>
                        <i>-0.00391546 0.997523 -0.0702322 0.0906491 -0.0695895 -0.993449 -0.995875 -0.0102563 -0.0901521 -0.0847438 1.74136 -0.042617</i>
                        <i>0.00111076 0.998624 -0.0524266 0.0665283 -0.0523843 -0.996408 -0.997784 -0.00238108 -0.0664949 -0.0972365 1.7461 -0.0784131</i>
                        <i>0.00509401 0.999301 -0.0370381 0.0332102 -0.0371872 -0.998756 -0.999435 0.00385763 -0.0333764 -0.103846 1.7471 -0.104046</i>
                        <i>0.00660976 0.999522 -0.0302121 0.0127748 -0.0302946 -0.999459 -0.999897 0.00622023 -0.0129689 -0.102642 1.74835 -0.113541</i>
                        <i>0.00403187 0.999433 -0.0334301 0.0215789 -0.0335095 -0.999205 -0.999759 0.00330729 -0.0217018 -0.0898463 1.75209 -0.103257</i>
                        <i>-0.00193495 0.999063 -0.0432281 0.0495516 -0.0430793 -0.997842 -0.99877 -0.00407281 -0.0494218 -0.0658998 1.7552 -0.077274</i>
                        <i>-0.0097491 0.998455 -0.0546976 0.077655 -0.053779 -0.995529 -0.996933 -0.013953 -0.0770108 -0.0356001 1.75185 -0.0415797</i>
                        <i>-0.018032 0.998005 -0.0605048 0.0921371 -0.0585985 -0.994021 -0.995583 -0.0234989 -0.0908967 -0.00509397 1.7387 -0.00283559</i>
                        <i>-0.0251969 0.998282 -0.052892 0.0894134 -0.0504463 -0.994716 -0.995676 -0.029793 -0.0879887 0.0185183 1.71716 0.0320321</i>
                        <i>-0.0289048 0.999212 -0.0271893 0.0752735 -0.0249475 -0.996851 -0.996744 -0.0308604 -0.0744931 0.0282436 1.69311 0.0569765</i>
                        <i>-0.0276937 0.999616 0.00111987 0.0572638 0.00270494 -0.998355 -0.997975 -0.027584 -0.0573167 0.020009 1.66906 0.0670642</i>
                        <i>-0.0227444 0.999606 0.016422 0.0418143 0.017363 -0.998975 -0.998866 -0.0220344 -0.0421928 -0.00165253 1.64307 0.0641383</i>
                        <i>-0.0154861 0.999643 0.0217892 0.0350016 0.0223205 -0.999138 -0.999267 -0.0147101 -0.0353348 -0.0301936 1.61565 0.0530618</i>
                        <i>-0.00760749 0.99973 0.0219398 0.0386722 0.0222182 -0.999005 -0.999223 -0.00675148 -0.0388308 -0.0589373 1.58886 0.0379928</i>
                        <i>-0.000868548 0.999761 0.0218622 0.0499533 0.0218783 -0.998512 -0.998751 0.000224831 -0.0499604 -0.0816974 1.56721 0.0226173</i>
                        <i>0.00313314 0.999674 0.0253533 0.0625082 0.025108 -0.997729 -0.99804 0.00471081 -0.0624091 -0.093371 1.55729 0.0103511</i>
                        <i>0.00466374 0.999388 0.0346839 0.0742682 0.0342423 -0.99665 -0.997227 0.00722402 -0.0740631 -0.0941924 1.56512 -0.00104253</i>
                        <i>0.0050812 0.99884 0.0478787 0.0834974 0.0472884 -0.995385 -0.996495 0.00905551 -0.0831603 -0.0891522 1.58852 -0.0148676</i>
                        <i>0.00478138 0.998162 0.0604206 0.0852696 0.0597942 -0.994562 -0.996346 0.0099074 -0.0848269 -0.0809477 1.62171 -0.0295948</i>
                        <i>0.00430002 0.997723 0.0673024 0.0781511 0.0667619 -0.994704 -0.996932 0.00953701 -0.0776861 -0.0716619 1.6581 -0.0440369</i>
                        <i>0.00412589 0.997953 0.0638203 0.0644315 0.0634229 -0.995905 -0.997914 0.008221 -0.0640379 -0.0625207 1.69081 -0.0572136</i>
                        <i>0.00456466 0.998927 0.0460895 0.0492016 0.0458098 -0.997738 -0.998778 0.00682207 -0.0489397 -0.0541121 1.71332 -0.0679492</i>
                        <i>0.00550617 0.999824 0.0179357 0.0310721 0.0177563 -0.999359 -0.999502 0.00606 -0.0309688 -0.0458887 1.72638 -0.0785043</i>
                        <i>0.00594061 0.999924 -0.0107668 0.00856551 -0.0108175 -0.999905 -0.999946 0.0058478 -0.0086291 -0.03711 1.7349 -0.0916782</i>
                        <i>0.00506256 0.999384 -0.0347209 -0.0133519 -0.0346507 -0.99931 -0.999898 0.00552264 0.0131682 -0.0280505 1.73971 -0.106599</i>
                        <i>0.002527 0.998773 -0.0494592 -0.0308796 -0.0493579 -0.998304 -0.99952 0.00404997 0.030717 -0.0189945 1.74226 -0.122501</i>
                        <i>-0.00159897 0.998686 -0.0512171 -0.0413814 -0.0512394 -0.997829 -0.999142 0.000523952 0.0414089 -0.0101819 1.74444 -0.138783</i>
                        <i>-0.00694825 0.999309 -0.0365024 -0.0434957 -0.0367709 -0.998377 -0.999029 -0.00534923 0.0437211 -0.00176764 1.74835 -0.154933</i>
                    </KeyFrames>
                </p>
            </i>
            <i>
                <p>
                    <Name><![CDATA[head_prop]]></Name>
                    <Exclude>0</Exclude>
                    <Additive>0</Additive>
                    <IKPriority>0</IKPriority>
                    <IKRotLimits>-1e+010 -1e+010 -1e+010 1e+010 1e+010 1e+010</IKRotLimits>
                    <IKRotLimitOrder>0</IKRotLimitOrder>
                    <KeyFrames count="49">
                        <i>0.999029 0.00534923 -0.0437211 -0.00694825 0.999309 -0.0365024 0.0434957 0.0367709 0.998377 -0.00403214 2.07404 -0.16683</i>
                        <i>0.998498 -0.00257747 -0.0547291 -0.000828998 0.998068 -0.0621286 0.0547835 0.0620807 0.996567 -0.0219435 2.07542 -0.157198</i>
                        <i>0.998484 -0.00981044 -0.0541693 0.00585501 0.997337 -0.0727016 0.0547382 0.0722741 0.995882 -0.0433422 2.07841 -0.142842</i>
                        <i>0.99892 -0.0152713 -0.0438864 0.0121571 0.997447 -0.0703706 0.044849 0.069761 0.996555 -0.0657486 2.07949 -0.124819</i>
                        <i>0.999462 -0.018823 -0.026874 0.0172538 0.998198 -0.0574755 0.0279075 0.056981 0.997985 -0.0861911 2.07636 -0.104469</i>
                        <i>0.99976 -0.0206837 -0.00718329 0.0204038 0.999104 -0.0370693 0.00794357 0.0369138 0.999287 -0.101472 2.0681 -0.0834752</i>
                        <i>0.999733 -0.0208522 0.00999585 0.020983 0.999693 -0.0131639 -0.00971828 0.0133702 0.999863 -0.108392 2.05488 -0.0636142</i>
