<?xml version="1.0" encoding="ISO-8859-1" ?>
<Animl Version="1">
    <ModellingPackage><![CDATA[Maya.2010]]></ModellingPackage>
    <SrcFile><![CDATA[characters\anims\shared\~src\celebrate_roll.mb]]></SrcFile>
    <FramesPerSecond>30</FramesPerSecond>
    <TotalFrames>90</TotalFrames>
    <Skeleton>
        <RefFrame>
            <Name><![CDATA[soldier_ref_frame]]></Name>
            <Exclude>0</Exclude>
            <Additive>0</Additive>
            <IKPriority>0</IKPriority>
            <IKRotLimits>-1e+010 -1e+010 -1e+010 1e+010 1e+010 1e+010</IKRotLimits>
            <IKRotLimitOrder>0</IKRotLimitOrder>
            <KeyFrames count="90">
                <i>1 0 0 0 1 0 0 0 1 0 0 0</i>
                <i>1 0 0 0 1 0 0 0 1 0 0 0.0594616</i>
                <i>1 0 0 0 1 0 0 0 1 0 0 0.118923</i>
                <i>1 0 0 0 1 0 0 0 1 0 0 0.178385</i>
                <i>1 0 0 0 1 0 0 0 1 0 0 0.237846</i>
                <i>1 0 0 0 1 0 0 0 1 0 0 0.297308</i>
                <i>1 0 0 0 1 0 0 0 1 0 0 0.356769</i>
                <i>1 0 0 0 1 0 0 0 1 0 0 0.416231</i>
                <i>1 0 0 0 1 0 0 0 1 0 0 0.475693</i>
                <i>1 0 0 0 1 0 0 0 1 0 0 0.535154</i>
                <i>1 0 0 0 1 0 0 0 1 0 0 0.594616</i>
                <i>1 0 0 0 1 0 0 0 1 0 0 0.654077</i>
                <i>1 0 0 0 1 0 0 0 1 0 0 0.713539</i>
                <i>1 0 0 0 1 0 0 0 1 0 0 0.773001</i>
                <i>1 0 0 0 1 0 0 0 1 0 0 0.832462</i>
                <i>1 0 0 0 1 0 0 0 1 0 0 0.891924</i>
                <i>1 0 0 0 1 0 0 0 1 0 0 0.951385</i>
                <i>1 0 0 0 1 0 0 0 1 0 0 1.01085</i>
                <i>1 0 0 0 1 0 0 0 1 0 0 1.07031</i>
                <i>1 0 0 0 1 0 0 0 1 0 0 1.12977</i>
                <i>1 0 0 0 1 0 0 0 1 0 0 1.18923</i>
                <i>1 0 0 0 1 0 0 0 1 0 0 1.24869</i>
                <i>1 0 0 0 1 0 0 0 1 0 0 1.30815</i>
                <i>1 0 0 0 1 0 0 0 1 0 0 1.36762</i>
                <i>1 0 0 0 1 0 0 0 1 0 0 1.42708</i>
                <i>1 0 0 0 1 0 0 0 1 0 0 1.48654</i>
                <i>1 0 0 0 1 0 0 0 1 0 0 1.546</i>
                <i>1 0 0 0 1 0 0 0 1 0 0 1.60546</i>
                <i>1 0 0 0 1 0 0 0 1 0 0 1.66492</i>
                <i>1 0 0 0 1 0 0 0 1 0 0 1.72439</i>
                <i>1 0 0 0 1 0 0 0 1 0 0 1.78385</i>
                <i>1 0 0 0 1 0 0 0 1 0 0 1.84331</i>
                <i>1 0 0 0 1 0 0 0 1 0 0 1.90277</i>
                <i>1 0 0 0 1 0 0 0 1 0 0 1.96223</i>
                <i>1 0 0 0 1 0 0 0 1 0 0 2.02169</i>
                <i>1 0 0 0 1 0 0 0 1 0 0 2.08116</i>
                <i>1 0 0 0 1 0 0 0 1 0 0 2.14062</i>
                <i>1 0 0 0 1 0 0 0 1 0 0 2.20008</i>
                <i>1 0 0 0 1 0 0 0 1 0 0 2.25954</i>
                <i>1 0 0 0 1 0 0 0 1 0 0 2.319</i>
                <i>1 0 0 0 1 0 0 0 1 0 0 2.37846</i>
                <i>1 0 0 0 1 0 0 0 1 0 0 2.43792</i>
                <i>1 0 0 0 1 0 0 0 1 0 0 2.49739</i>
                <i>1 0 0 0 1 0 0 0 1 0 0 2.55685</i>
                <i>1 0 0 0 1 0 0 0 1 0 0 2.61631</i>
                <i>1 0 0 0 1 0 0 0 1 0 0 2.67577</i>
                <i>1 0 0 0 1 0 0 0 1 0 0 2.73523</i>
                <i>1 0 0 0 1 0 0 0 1 0 0 2.79469</i>
                <i>1 0 0 0 1 0 0 0 1 0 0 2.85416</i>
                <i>1 0 0 0 1 0 0 0 1 0 0 2.91362</i>
                <i>1 0 0 0 1 0 0 0 1 0 0 2.97308</i>
                <i>1 0 0 0 1 0 0 0 1 0 0 3.03254</i>
                <i>1 0 0 0 1 0 0 0 1 0 0 3.092</i>
                <i>1 0 0 0 1 0 0 0 1 0 0 3.15146</i>
                <i>1 0 0 0 1 0 0 0 1 0 0 3.21093</i>
                <i>1 0 0 0 1 0 0 0 1 0 0 3.27039</i>
                <i>1 0 0 0 1 0 0 0 1 0 0 3.32985</i>
                <i>1 0 0 0 1 0 0 0 1 0 0 3.38931</i>
                <i>1 0 0 0 1 0 0 0 1 0 0 3.44877</i>
                <i>1 0 0 0 1 0 0 0 1 0 0 3.50823</i>
                <i>1 0 0 0 1 0 0 0 1 0 0 3.56769</i>
                <i>1 0 0 0 1 0 0 0 1 0 0 3.62716</i>
                <i>1 0 0 0 1 0 0 0 1 0 0 3.68662</i>
                <i>1 0 0 0 1 0 0 0 1 0 0 3.74608</i>
                <i>1 0 0 0 1 0 0 0 1 0 0 3.80554</i>
                <i>1 0 0 0 1 0 0 0 1 0 0 3.865</i>
                <i>1 0 0 0 1 0 0 0 1 0 0 3.92446</i>
                <i>1 0 0 0 1 0 0 0 1 0 0 3.98393</i>
                <i>1 0 0 0 1 0 0 0 1 0 0 4.04339</i>
                <i>1 0 0 0 1 0 0 0 1 0 0 4.10285</i>
                <i>1 0 0 0 1 0 0 0 1 0 0 4.16231</i>
                <i>1 0 0 0 1 0 0 0 1 0 0 4.22177</i>
                <i>1 0 0 0 1 0 0 0 1 0 0 4.28123</i>
                <i>1 0 0 0 1 0 0 0 1 0 0 4.3407</i>
                <i>1 0 0 0 1 0 0 0 1 0 0 4.40016</i>
                <i>1 0 0 0 1 0 0 0 1 0 0 4.45962</i>
                <i>1 0 0 0 1 0 0 0 1 0 0 4.51908</i>
                <i>1 0 0 0 1 0 0 0 1 0 0 4.57854</i>
                <i>1 0 0 0 1 0 0 0 1 0 0 4.638</i>
                <i>1 0 0 0 1 0 0 0 1 0 0 4.69746</i>
                <i>1 0 0 0 1 0 0 0 1 0 0 4.75693</i>
                <i>1 0 0 0 1 0 0 0 1 0 0 4.81639</i>
                <i>1 0 0 0 1 0 0 0 1 0 0 4.87585</i>
                <i>1 0 0 0 1 0 0 0 1 0 0 4.93531</i>
                <i>1 0 0 0 1 0 0 0 1 0 0 4.99477</i>
                <i>1 0 0 0 1 0 0 0 1 0 0 5.05423</i>
                <i>1 0 0 0 1 0 0 0 1 0 0 5.1137</i>
                <i>1 0 0 0 1 0 0 0 1 0 0 5.17316</i>
                <i>1 0 0 0 1 0 0 0 1 0 0 5.23262</i>
                <i>1 0 0 0 1 0 0 0 1 0 0 5.29208</i>
            </KeyFrames>
        </RefFrame>
        <Bones count="23">
            <i>
                <p>
                    <Name><![CDATA[pelvis]]></Name>
                    <Exclude>0</Exclude>
                    <Additive>0</Additive>
                    <IKPriority>0</IKPriority>
                    <IKRotLimits>-1e+010 -1e+010 -1e+010 1e+010 1e+010 1e+010</IKRotLimits>
                    <IKRotLimitOrder>2</IKRotLimitOrder>
                    <KeyFrames count="90">
                        <i>1 0 0 0 1 0 0 0 1 0.0553858 1.1295 -0.0528426</i>
                        <i>1 0 0 0 1 0 0 0 1 0.0520167 1.0366 -0.0571043</i>
                        <i>1 0 0 0 1 0 0 0 1 0.048563 0.943706 -0.0695578</i>
                        <i>1 0 0 0 1 0 0 0 1 0.0450671 0.872591 -0.0820112</i>
                        <i>1 0 0 0 1 0 0 0 1 0.0415713 0.828931 -0.0862729</i>
                        <i>1 0 0 0 1 0 0 0 1 0.0381176 0.807055 -0.0741511</i>
                        <i>1 0 0 0 1 0 0 0 1 0.0347485 0.811733 -0.0374541</i>
                        <i>1 0 0 0 1 0 0 0 1 0.031506 0.846256 0.0612224</i>
                        <i>1 0 0 0 1 0 0 0 1 0.0284325 0.907332 0.225433</i>
                        <i>1 0 0 0 1 0 0 0 1 0.0255703 0.989858 0.412595</i>
                        <i>1 0 0 0 1 0 0 0 1 0.0216435 1.10895 0.602405</i>
                        <i>1 0 0 0 1 0 0 0 1 0.0188573 1.24949 0.815168</i>
                        <i>1 0 0 0 1 0 0 0 1 0.0224746 1.36103 1.06921</i>
                        <i>1 0 0 0 1 0 0 0 1 0.0383614 1.42643 1.41077</i>
                        <i>1 0 0 0 1 0 0 0 1 0.0606518 1.46282 1.79361</i>
                        <i>1 0 0 0 1 0 0 0 1 0.0770116 1.47117 2.09733</i>
                        <i>1 0 0 0 1 0 0 0 1 0.0813324 1.4501 2.27845</i>
                        <i>1 0 0 0 1 0 0 0 1 0.0797226 1.40099 2.4013</i>
                        <i>1 0 0 0 1 0 0 0 1 0.078173 1.32894 2.5072</i>
                        <i>1 0 0 0 1 0 0 0 1 0.078921 1.14389 2.63751</i>
                        <i>1 0 0 0 1 0 0 0 1 0.0793463 0.911105 2.81603</i>
                        <i>1 0 0 0 1 0 0 0 1 0.0771846 0.725498 3.01647</i>
                        <i>1 0 0 0 1 0 0 0 1 0.0687094 0.649419 3.20496</i>
                        <i>1 0 0 0 1 0 0 0 1 0.0581741 0.618853 3.34766</i>
                        <i>1 0 0 0 1 0 0 0 1 0.051404 0.609938 3.45398</i>
                        <i>1 0 0 0 1 0 0 0 1 0.0485406 0.619817 3.55606</i>
                        <i>1 0 0 0 1 0 0 0 1 0.0458352 0.651347 3.6542</i>
                        <i>1 0 0 0 1 0 0 0 1 0.0432771 0.689237 3.7487</i>
                        <i>1 0 0 0 1 0 0 0 1 0.0408555 0.734617 3.83982</i>
                        <i>1 0 0 0 1 0 0 0 1 0.0385599 0.786358 3.92788</i>
                        <i>1 0 0 0 1 0 0 0 1 0.0363795 0.825775 4.01315</i>
                        <i>1 0 0 0 1 0 0 0 1 0.0343037 0.842864 4.09592</i>
                        <i>1 0 0 0 1 0 0 0 1 0.0323218 0.846795 4.17648</i>
                        <i>1 0 0 0 1 0 0 0 1 0.0304232 0.847645 4.25512</i>
                        <i>1 0 0 0 1 0 0 0 1 0.0285971 0.855491 4.33213</i>
                        <i>1 0 0 0 1 0 0 0 1 0.026833 0.88041 4.4078</i>
                        <i>1 0 0 0 1 0 0 0 1 0.0251201 0.93248 4.48241</i>
                        <i>1 0 0 0 1 0 0 0 1 0.0234478 1.08405 4.55322</i>
                        <i>1 0 0 0 1 0 0 0 1 0.0218053 1.3039 4.61791</i>
                        <i>1 0 0 0 1 0 0 0 1 0.0201821 1.44681 4.67743</i>
                        <i>1 0 0 0 1 0 0 0 1 0.0185675 1.48127 4.73275</i>
                        <i>1 0 0 0 1 0 0 0 1 0.0169508 1.48033 4.78482</i>
                        <i>1 0 0 0 1 0 0 0 1 0.0153213 1.45554 4.83459</i>
                        <i>1 0 0 0 1 0 0 0 1 0.0155158 1.41844 4.88302</i>
                        <i>1 0 0 0 1 0 0 0 1 0.017171 1.3806 4.93107</i>
                        <i>1 0 0 0 1 0 0 0 1 0.016976 1.33794 4.97968</i>
                        <i>1 0 0 0 1 0 0 0 1 0.0133731 1.28248 5.02955</i>
                        <i>1 0 0 0 1 0 0 0 1 0.00792001 1.21992 5.07956</i>
                        <i>1 0 0 0 1 0 0 0 1 -0.00720223 1.15834 5.11487</i>
                        <i>1 0 0 0 1 0 0 0 1 -0.0158498 1.10235 5.14115</i>
                        <i>1 0 0 0 1 0 0 0 1 -0.0191547 1.05747 5.15937</i>
                        <i>1 0 0 0 1 0 0 0 1 -0.0247171 1.02894 5.17088</i>
                        <i>1 0 0 0 1 0 0 0 1 -0.0692594 1.02177 5.17657</i>
                        <i>1 0 0 0 1 0 0 0 1 -0.061997 1.03124 5.17009</i>
                        <i>1 0 0 0 1 0 0 0 1 -0.0538105 1.04732 5.15052</i>
                        <i>1 0 0 0 1 0 0 0 1 -0.0480204 1.06712 5.12701</i>
                        <i>1 0 0 0 1 0 0 0 1 -0.0455013 1.08811 5.10556</i>
                        <i>1 0 0 0 1 0 0 0 1 -0.0462166 1.10792 5.09122</i>
                        <i>1 0 0 0 1 0 0 0 1 -0.0496449 1.1239 5.0895</i>
                        <i>1 0 0 0 1 0 0 0 1 -0.0518116 1.1334 5.09191</i>
                        <i>1 0 0 0 1 0 0 0 1 -0.0518638 1.13809 5.09205</i>
                        <i>1 0 0 0 1 0 0 0 1 -0.0519021 1.14149 5.09216</i>
                        <i>1 0 0 0 1 0 0 0 1 -0.0519276 1.14374 5.09223</i>
                        <i>1 0 0 0 1 0 0 0 1 -0.0519418 1.14498 5.09227</i>
                        <i>1 0 0 0 1 0 0 0 1 -0.0519462 1.14536 5.09228</i>
                        <i>1 0 0 0 1 0 0 0 1 -0.0519423 1.14503 5.09227</i>
                        <i>1 0 0 0 1 0 0 0 1 -0.051932 1.14412 5.09224</i>
                        <i>1 0 0 0 1 0 0 0 1 -0.0519167 1.14278 5.0922</i>
                        <i>1 0 0 0 1 0 0 0 1 -0.0518983 1.14115 5.09215</i>
                        <i>1 0 0 0 1 0 0 0 1 -0.0518783 1.13938 5.09209</i>
                        <i>1 0 0 0 1 0 0 0 1 -0.0518584 1.13761 5.09204</i>
                        <i>1 0 0 0 1 0 0 0 1 -0.0518403 1.13599 5.09199</i>
                        <i>1 0 0 0 1 0 0 0 1 -0.0518254 1.13465 5.09195</i>
                        <i>1 0 0 0 1 0 0 0 1 -0.0518153 1.13374 5.09192</i>
                        <i>1 0 0 0 1 0 0 0 1 -0.0518116 1.1334 5.09191</i>
                        <i>1 0 0 0 1 0 0 0 1 -0.0518116 1.1334 5.09191</i>
                        <i>1 0 0 0 1 0 0 0 1 -0.0518116 1.1334 5.09191</i>
                        <i>1 0 0 0 1 0 0 0 1 -0.0518116 1.1334 5.09191</i>
                        <i>1 0 0 0 1 0 0 0 1 -0.0518116 1.1334 5.09191</i>
                        <i>1 0 0 0 1 0 0 0 1 -0.0518116 1.1334 5.09191</i>
                        <i>1 0 0 0 1 0 0 0 1 -0.0518116 1.1334 5.09191</i>
                        <i>1 0 0 0 1 0 0 0 1 -0.0518116 1.1334 5.09191</i>
                        <i>1 0 0 0 1 0 0 0 1 -0.0518116 1.1334 5.09191</i>
                        <i>1 0 0 0 1 0 0 0 1 -0.0518116 1.1334 5.09191</i>
                        <i>1 0 0 0 1 0 0 0 1 -0.0518116 1.1334 5.09191</i>
                        <i>1 0 0 0 1 0 0 0 1 -0.0518116 1.1334 5.09191</i>
                        <i>1 0 0 0 1 0 0 0 1 -0.0518116 1.1334 5.09191</i>
                        <i>1 0 0 0 1 0 0 0 1 -0.0518116 1.1334 5.09191</i>
                        <i>1 0 0 0 1 0 0 0 1 -0.0518116 1.1334 5.09191</i>
                        <i>1 0 0 0 1 0 0 0 1 -0.0518116 1.1334 5.09191</i>
                    </KeyFrames>
                </p>
            </i>
            <i>
                <p>
                    <Name><![CDATA[spine0]]></Name>
                    <Exclude>0</Exclude>
                    <Additive>0</Additive>
                    <IKPriority>0</IKPriority>
                    <IKRotLimits>-1e+010 -1e+010 -1e+010 1e+010 1e+010 1e+010</IKRotLimits>
                    <IKRotLimitOrder>0</IKRotLimitOrder>
                    <KeyFrames count="90">
                        <i>0.0562094 0.996098 0.0680453 -0.869634 0.0153642 0.493458 0.490486 -0.0869115 0.867104 0.063413 1.2674 -0.0706135</i>
                        <i>0.104617 0.972562 0.207794 -0.903192 0.00545286 0.429203 0.416294 -0.23258 0.87898 0.069936 1.17214 -0.0493633</i>
                        <i>0.133178 0.922547 0.362175 -0.933489 -0.00600515 0.358557 0.33296 -0.385838 0.860387 0.0728351 1.07208 -0.0331895</i>
                        <i>0.137423 0.847335 0.51297 -0.958042 -0.0178093 0.286074 0.251536 -0.53076 0.809335 0.0711786 0.989007 -0.0172329</i>
                        <i>0.120641 0.756151 0.64318 -0.97581 -0.0286671 0.216735 0.182322 -0.653769 0.734401 0.065478 0.930129 0.0034448</i>
                        <i>0.0917739 0.664609 0.741534 -0.987113 -0.0373183 0.155614 0.131095 -0.746259 0.652619 0.0573508 0.89255 0.034726</i>
                        <i>0.0617416 0.591518 0.803925 -0.993277 -0.042609 0.107635 0.0979224 -0.805165 0.58491 0.0488576 0.884486 0.0837661</i>
                        <i>0.0417878 0.568219 0.821816 -0.995762 -0.0437614 0.08089 0.081927 -0.821713 0.563982 0.0421319 0.914917 0.185958</i>
                        <i>0.0367133 0.593241 0.804187 -0.996348 -0.0403521 0.0752532 0.0770939 -0.804013 0.589593 0.0378311 0.980624 0.346333</i>
                        <i>0.0394301 0.636303 0.770431 -0.996293 -0.0339599 0.0790372 0.0764554 -0.770691 0.632605 0.0351561 1.07089 0.526435</i>
                        <i>0.047015 0.66914 0.741648 -0.996134 -0.0237497 0.0845754 0.0742067 -0.742757 0.665437 0.0318718 1.19564 0.710539</i>
                        <i>0.0558841 0.666059 0.743802 -0.996456 -0.00970439 0.0835568 0.0628719 -0.745836 0.663156 0.0292693 1.33529 0.924232</i>
                        <i>0.0633745 0.631164 0.773056 -0.997063 0.00666331 0.0762981 0.0430055 -0.775621 0.629732 0.0324263 1.44024 1.18478</i>
                        <i>0.0695541 0.580134 0.811546 -0.997369 0.0237757 0.0684841 0.0204348 -0.814174 0.580261 0.04768 1.49614 1.53467</i>
                        <i>0.069138 0.501097 0.862625 -0.997597 0.0386637 0.057496 -0.00454119 -0.864527 0.502566 0.0687709 1.51809 1.92821</i>
                        <i>0.0566382 0.380848 0.922901 -0.997931 0.0497649 0.0407065 -0.0304251 -0.923297 0.382879 0.0827837 1.50453 2.2445</i>
                        <i>0.0298793 0.203868 0.978542 -0.998137 0.0581945 0.0183534 -0.0532041 -0.977267 0.205227 0.0829512 1.45116 2.43769</i>
                        <i>-0.00921532 -0.0308187 0.999483 -0.997803 0.0658626 -0.00716899 -0.0656076 -0.997353 -0.0313579 0.075124 1.35911 2.56672</i>
                        <i>-0.0555768 -0.305677 0.950512 -0.99668 0.0737192 -0.0345687 -0.0595041 -0.949277 -0.308759 0.0659649 1.23637 2.66661</i>
                        <i>-0.0992768 -0.593061 0.799014 -0.99465 0.0821931 -0.0625773 -0.0285614 -0.800952 -0.598047 0.0594066 0.997177 2.77271</i>
                        <i>-0.12219 -0.842369 0.524866 -0.992131 0.0891233 -0.0879339 0.0272949 -0.531481 -0.84663 0.0556842 0.715143 2.90417</i>
                        <i>-0.105556 -0.985174 0.135239 -0.989736 0.0909092 -0.110262 0.0963327 -0.145489 -0.984659 0.0559633 0.497801 3.03439</i>
                        <i>-0.0132044 -0.876682 -0.480889 -0.987343 0.0874482 -0.132311 0.158048 0.473055 -0.866741 0.0636405 0.433201 3.1069</i>
                        <i>0.124138 -0.296524 -0.946923 -0.984409 0.0830472 -0.155058 0.124618 0.951408 -0.281592 0.0786706 0.503197 3.15503</i>
                        <i>0.188324 0.193531 -0.96285 -0.981249 0.0780515 -0.176235 0.0410449 0.977984 0.204601 0.0845543 0.584323 3.25125</i>
                        <i>0.205345 0.388258 -0.898381 -0.978644 0.07262 -0.192306 -0.0094239 0.918685 0.394879 0.0845448 0.632287 3.36262</i>
                        <i>0.192489 0.556461 -0.808269 -0.97976 0.0628663 -0.190048 -0.0549417 0.828492 0.557299 0.0803045 0.696081 3.47538</i>
                        <i>0.16362 0.690926 -0.704166 -0.982539 0.0500429 -0.1792 -0.0885757 0.721191 0.68705 0.0733813 0.760151 3.58762</i>
                        <i>0.128581 0.793477 -0.594863 -0.985602 0.0358362 -0.165238 -0.109795 0.607545 0.78666 0.0652333 0.825956 3.69794</i>
                        <i>0.0944576 0.867885 -0.487702 -0.988088 0.0219463 -0.152317 -0.121491 0.49628 0.85962 0.0569801 0.893046 3.80536</i>
                        <i>0.0630899 0.920738 -0.385048 -0.989635 0.0078462 -0.143389 -0.129003 0.390103 0.91169 0.0493288 0.943582 3.90925</i>
                        <i>0.0349981 0.956942 -0.288163 -0.989827 -0.00659752 -0.142126 -0.137908 0.290206 0.946975 0.042605 0.968423 4.0093</i>
                        <i>0.011048 0.979445 -0.201409 -0.988092 -0.0202204 -0.152532 -0.153469 0.200695 0.967558 0.0368366 0.977532 4.10543</i>
                        <i>-0.00880926 0.991774 -0.127698 -0.983471 -0.0316895 -0.178273 -0.180854 0.124017 0.97566 0.0318544 0.981659 4.19775</i>
                        <i>-0.0260908 0.997506 -0.0655878 -0.974078 -0.0401162 -0.222628 -0.224704 0.0580791 0.972695 0.027385 0.991422 4.28651</i>
                        <i>-0.041918 0.99903 -0.0134579 -0.956518 -0.0440183 -0.288331 -0.288644 0.000786506 0.957436 0.0231275 1.01731 4.372</i>
                        <i>-0.0590039 0.997815 0.0297141 -0.925094 -0.0434697 -0.377241 -0.375125 -0.049747 0.925638 0.0188156 1.06971 4.45453</i>
                        <i>-0.0769317 0.995337 0.058182 -0.873455 -0.0391414 -0.48533 -0.480789 -0.0881566 0.872393 0.014453 1.22121 4.53073</i>
                        <i>-0.0930731 0.993214 0.0697443 -0.797079 -0.0323497 -0.603008 -0.59666 -0.111716 0.79468 0.0104949 1.44087 4.59792</i>
                        <i>-0.107271 0.991822 0.0691493 -0.691955 -0.0245348 -0.721523 -0.713926 -0.125247 0.688929 0.00752958 1.58363 4.6575</i>
                        <i>-0.115089 0.991641 0.058336 -0.556686 -0.0157476 -0.830574 -0.822712 -0.128065 0.553845 0.00614882 1.61811 4.71112</i>
                        <i>-0.112445 0.992815 0.0409151 -0.392992 -0.0066154 -0.919518 -0.912641 -0.119475 0.390912 0.00675781 1.61735 4.76067</i>
                        <i>-0.102084 0.994534 0.0219448 -0.205702 0.000479067 -0.978614 -0.973276 -0.104415 0.204529 0.00942149 1.59286 4.80816</i>
                        <i>-0.0886272 0.996055 0.00434137 -0.00318656 0.00407497 -0.999987 -0.99606 -0.0886398 0.00281284 0.0156342 1.55606 4.85557</i>
                        <i>-0.0800372 0.996695 -0.0139081 0.203669 0.0026935 -0.979036 -0.975763 -0.081192 -0.203212 0.0242977 1.5184 4.90461</i>
                        <i>-0.073856 0.996671 -0.0345235 0.402366 -0.00189467 -0.915477 -0.912495 -0.0815045 -0.400887 0.0311058 1.47571 4.95661</i>
                        <i>-0.0620664 0.99671 -0.0521199 0.58137 -0.00634285 -0.813615 -0.811269 -0.0807991 -0.579064 0.0334511 1.41995 5.01216</i>
                        <i>-0.0428029 0.997706 -0.0524486 0.731894 -0.00442166 -0.681404 -0.680073 -0.0675529 -0.730025 0.0320153 1.35682 5.06957</i>
                        <i>0.00475806 0.99998 -0.00417699 0.849914 -0.00624486 -0.526884 -0.526899 -0.00104314 -0.849927 0.022533 1.29324 5.11975</i>
                        <i>0.0385756 0.996196 0.0781414 0.932363 -0.00775263 -0.361439 -0.359459 0.0867989 -0.929115 0.0149092 1.23393 5.16326</i>
                        <i>0.0456758 0.982934 0.178196 0.980576 -0.0100549 -0.195881 -0.190746 0.183682 -0.964301 0.00754468 1.18463 5.19868</i>
                        <i>0.0248306 0.959242 0.281492 0.999088 -0.0140243 -0.0403396 -0.0347477 0.282237 -0.958715 -0.0063466 1.15105 5.22511</i>
                        <i>-0.017262 0.927645 0.373064 0.995104 -0.020374 0.0967055 0.0973091 0.372907 -0.922752 -0.0617375 1.13895 5.2419</i>
                        <i>-0.0609894 0.891821 0.448259 0.98123 -0.0287413 0.190686 0.182942 0.451475 -0.873329 -0.063975 1.14427 5.24253</i>
                        <i>-0.0883944 0.855924 0.509491 0.972033 -0.0376024 0.231814 0.217573 0.515733 -0.828662 -0.0610187 1.15749 5.22714</i>
                        <i>-0.0950781 0.824463 0.557872 0.970904 -0.0469282 0.234825 0.219784 0.563967 -0.796012 -0.056299 1.17627 5.20511</i>
                        <i>-0.0845482 0.797397 0.597503 0.975266 -0.0566802 0.213645 0.204227 0.600787 -0.772882 -0.0520515 1.19738 5.18373</i>
                        <i>-0.0646583 0.772655 0.631524 0.98111 -0.0664057 0.181696 0.182326 0.631343 -0.753766 -0.049982 1.21737 5.16945</i>
                        <i>-0.0443977 0.751749 0.657953 0.985416 -0.075341 0.152576 0.164269 0.655132 -0.73744 -0.0508945 1.23352 5.16773</i>
                        <i>-0.0343963 0.736226 0.675861 0.986684 -0.0825544 0.140143 0.158972 0.671681 -0.723583 -0.0521266 1.24309 5.1701</i>
                        <i>-0.0333294 0.725339 0.687585 0.98616 -0.0879273 0.140558 0.162409 0.682753 -0.71237 -0.0524325 1.24776 5.17025</i>
                        <i>-0.0324766 0.717258 0.696051 0.985758 -0.0919877 0.140784 0.165007 0.69071 -0.704055 -0.0526545 1.25115 5.17035</i>
                        <i>-0.0318747 0.711816 0.701643 0.985479 -0.0947555 0.140898 0.166778 0.695945 -0.698459 -0.0528017 1.2534 5.17042</i>
                        <i>-0.0315289 0.708773 0.704732 0.985321 -0.0963147 0.140949 0.167777 0.698831 -0.695332 -0.0528832 1.25464 5.17046</i>
                        <i>-0.0314206 0.707832 0.705682 0.985271 -0.0967985 0.140963 0.168087 0.699717 -0.694365 -0.0529083 1.25502 5.17047</i>
                        <i>-0.0315154 0.708655 0.704851 0.985315 -0.0963751 0.140951 0.167816 0.698942 -0.695211 -0.0528864 1.25468 5.17046</i>
                        <i>-0.0317693 0.710882 0.702594 0.985431 -0.0952332 0.140915 0.167084 0.696834 -0.697499 -0.0528268 1.25378 5.17043</i>
                        <i>-0.0321345 0.71414 0.699264 0.985599 -0.0935698 0.140853 0.166019 0.693721 -0.700849 -0.0527391 1.25244 5.17039</i>
                        <i>-0.0325637 0.718062 0.695217 0.985798 -0.091581 0.140765 0.164746 0.689928 -0.704882 -0.0526326 1.25082 5.17034</i>
                        <i>-0.0330131 0.722285 0.690807 0.98601 -0.0894545 0.140651 0.163386 0.685786 -0.709227 -0.0525169 1.24905 5.17029</i>
                        <i>-0.0334441 0.726464 0.68639 0.986215 -0.0873669 0.140521 0.162051 0.681628 -0.713528 -0.0524012 1.24729 5.17023</i>
                        <i>-0.0338242 0.730265 0.682326 0.9864 -0.0854823 0.140386 0.160846 0.677795 -0.717442 -0.052295 1.24566 5.17018</i>
                        <i>-0.0341256 0.733367 0.678976 0.986548 -0.0839542 0.140264 0.159868 0.674629 -0.720637 -0.0522077 1.24433 5.17014</i>
                        <i>-0.0343243 0.735458 0.6767 0.986648 -0.0829295 0.140176 0.159212 0.672476 -0.722792 -0.0521484 1.24342 5.17011</i>
                        <i>-0.0343963 0.736226 0.675861 0.986684 -0.0825544 0.140143 0.158972 0.671681 -0.723583 -0.0521266 1.24309 5.1701</i>
                        <i>-0.0343963 0.736226 0.675861 0.986684 -0.0825544 0.140143 0.158972 0.671681 -0.723583 -0.0521266 1.24309 5.1701</i>
                        <i>-0.0343963 0.736226 0.675861 0.986684 -0.0825544 0.140143 0.158972 0.671681 -0.723583 -0.0521266 1.24309 5.1701</i>
                        <i>-0.0343963 0.736226 0.675861 0.986684 -0.0825544 0.140143 0.158972 0.671681 -0.723583 -0.0521266 1.24309 5.1701</i>
                        <i>-0.0343963 0.736226 0.675861 0.986684 -0.0825544 0.140143 0.158972 0.671681 -0.723583 -0.0521266 1.24309 5.1701</i>
                        <i>-0.0343963 0.736226 0.675861 0.986684 -0.0825544 0.140143 0.158972 0.671681 -0.723583 -0.0521266 1.24309 5.1701</i>
                        <i>-0.0343963 0.736226 0.675861 0.986684 -0.0825544 0.140143 0.158972 0.671681 -0.723583 -0.0521266 1.24309 5.1701</i>
                        <i>-0.0343963 0.736226 0.675861 0.986684 -0.0825544 0.140143 0.158972 0.671681 -0.723583 -0.0521266 1.24309 5.1701</i>
                        <i>-0.0343963 0.736226 0.675861 0.986684 -0.0825544 0.140143 0.158972 0.671681 -0.723583 -0.0521266 1.24309 5.1701</i>
                        <i>-0.0343963 0.736226 0.675861 0.986684 -0.0825544 0.140143 0.158972 0.671681 -0.723583 -0.0521266 1.24309 5.1701</i>
                        <i>-0.0343963 0.736226 0.675861 0.986684 -0.0825544 0.140143 0.158972 0.671681 -0.723583 -0.0521266 1.24309 5.1701</i>
                        <i>-0.0343963 0.736226 0.675861 0.986684 -0.0825544 0.140143 0.158972 0.671681 -0.723583 -0.0521266 1.24309 5.1701</i>
                        <i>-0.0343963 0.736226 0.675861 0.986684 -0.0825544 0.140143 0.158972 0.671681 -0.723583 -0.0521266 1.24309 5.1701</i>
                        <i>-0.0343963 0.736226 0.675861 0.986684 -0.0825544 0.140143 0.158972 0.671681 -0.723583 -0.0521266 1.24309 5.1701</i>
                        <i>-0.0343963 0.736226 0.675861 0.986684 -0.0825544 0.140143 0.158972 0.671681 -0.723583 -0.0521266 1.24309 5.1701</i>
                        <i>-0.0343963 0.736226 0.675861 0.986684 -0.0825544 0.140143 0.158972 0.671681 -0.723583 -0.0521266 1.24309 5.1701</i>
                    </KeyFrames>
                </p>
            </i>
            <i>
                <p>
                    <Name><![CDATA[spine1]]></Name>
                    <Exclude>0</Exclude>
                    <Additive>0</Additive>
                    <IKPriority>0</IKPriority>
                    <IKRotLimits>-1e+010 -1e+010 -1e+010 1e+010 1e+010 1e+010</IKRotLimits>
                    <IKRotLimitOrder>0</IKRotLimitOrder>
                    <KeyFrames count="90">
                        <i>0.176139 0.864607 0.470563 -0.889351 -0.0651286 0.452563 0.421937 -0.49821 0.757467 0.063877 1.44244 -0.0579058</i>
                        <i>0.185653 0.781361 0.595826 -0.924005 -0.067464 0.376382 0.334287 -0.620423 0.709456 0.0815704 1.34549 -0.0090566</i>
                        <i>0.173712 0.670874 0.720938 -0.953396 -0.0688239 0.293767 0.246699 -0.738371 0.627653 0.0919097 1.2387 0.0382213</i>
                        <i>0.141139 0.541094 0.829034 -0.975096 -0.068728 0.210863 0.171075 -0.838149 0.517919 0.0928542 1.14383 0.0852266</i>
                        <i>0.0953231 0.406164 0.908815 -0.988738 -0.0671828 0.133731 0.115374 -0.911327 0.395186 0.0853509 1.06958 0.133366</i>
                        <i>0.04673 0.28391 0.957712 -0.995612 -0.0645741 0.067722 0.0810703 -0.956674 0.279646 0.0726569 1.01595 0.185947</i>
                        <i>0.00512849 0.192711 0.981242 -0.99796 -0.0614511 0.0172845 0.0636293 -0.97933 0.192003 0.0589787 0.994771 0.248875</i>
                        <i>-0.0198287 0.164624 0.986157 -0.998147 -0.0600088 -0.0100523 0.0575232 -0.984529 0.165509 0.0486781 1.02097 0.355177</i>
                        <i>-0.0229171 0.194438 0.980647 -0.999143 -0.038261 -0.0157631 0.0344556 -0.980168 0.195148 0.0434825 1.0912 0.511637</i>
                        <i>-0.0170503 0.247396 0.968764 -0.999785 -0.0156664 -0.0135955 0.0118136 -0.968788 0.24761 0.0413509 1.1892 0.684259</i>
                        <i>0.000332681 0.293982 0.955811 -0.999896 0.0138495 -0.00391172 -0.0143875 -0.955711 0.293956 0.039594 1.31976 0.862059</i>
                        <i>0.0243411 0.301868 0.953039 -0.998188 0.0598086 0.00655031 -0.0550226 -0.951472 0.302777 0.0389528 1.45879 1.07626</i>
                        <i>0.0492605 0.272462 0.960905 -0.993165 0.115283 0.0182261 -0.10581 -0.955235 0.276279 0.0439714 1.5574 1.34329</i>
                        <i>0.0770292 0.223156 0.971734 -0.985829 0.162723 0.0407775 -0.149024 -0.961105 0.232528 0.0608818 1.60397 1.70179</i>
                        <i>0.101076 0.138418 0.985202 -0.980082 0.18401 0.0746981 -0.170948 -0.973129 0.15426 0.0823848 1.61135 2.10699</i>
                        <i>0.126079 0.00731293 0.991993 -0.981573 0.145661 0.123681 -0.14359 -0.989308 0.025543 0.0944616 1.57533 2.43766</i>
                        <i>0.143502 -0.174923 0.974068 -0.986467 0.0535976 0.154954 -0.0793128 -0.983122 -0.164865 0.0898323 1.48829 2.64553</i>
                        <i>0.130132 -0.400133 0.907171 -0.99121 -0.0304887 0.128739 -0.0238543 -0.91595 -0.400583 0.0745723 1.35052 2.78358</i>
                        <i>0.0866253 -0.64469 0.75952 -0.996094 -0.0691226 0.0549351 0.0170839 -0.761313 -0.64816 0.0561824 1.17281 2.8795</i>
                        <i>0.0399091 -0.863486 0.502792 -0.9968 -0.0692854 -0.0398686 0.0692621 -0.499592 -0.863488 0.0404254 0.874237 2.9617</i>
                        <i>0.0118056 -0.990386 0.137827 -0.991998 -0.028927 -0.122891 0.125697 -0.135273 -0.982803 0.0310959 0.537943 3.04437</i>
                        <i>0.0201342 -0.957085 -0.289108 -0.985989 0.0288846 -0.164288 0.165588 0.288366 -0.943094 0.0332768 0.285016 3.10093</i>
                        <i>0.0831764 -0.588502 -0.804206 -0.986758 0.0641272 -0.148984 0.139249 0.805949 -0.575375 0.0578692 0.229764 3.05037</i>
                        <i>0.135085 0.138609 -0.981091 -0.990703 0.00281822 -0.136011 -0.0160874 0.990343 0.137701 0.100459 0.404413 2.99601</i>
                        <i>0.106002 0.580171 -0.807568 -0.977059 -0.0900932 -0.192975 -0.184715 0.809497 0.557311 0.12048 0.581082 3.08005</i>
                        <i>0.0735605 0.701191 -0.709168 -0.952259 -0.161883 -0.258838 -0.296297 0.694352 0.655807 0.124719 0.668276 3.20067</i>
                        <i>0.0483755 0.817662 -0.573663 -0.943822 -0.150546 -0.294169 -0.326893 0.555666 0.764445 0.118838 0.766727 3.32796</i>
                        <i>0.0180509 0.901683 -0.43202 -0.942968 -0.128295 -0.307168 -0.332395 0.412926 0.847942 0.106934 0.859199 3.458</i>
                        <i>-0.0147918 0.956537 -0.291237 -0.946825 -0.107026 -0.303428 -0.32141 0.271262 0.907255 0.0923759 0.947341 3.58764</i>
                        <i>-0.0495615 0.98645 -0.1564 -0.951055 -0.0944341 -0.294239 -0.305021 0.134162 0.942848 0.0777142 1.03133 3.71442</i>
                        <i>-0.0874802 0.99584 -0.0254798 -0.952749 -0.091109 -0.289774 -0.29089 -0.00107359 0.956756 0.0641022 1.09453 3.83722</i>
                        <i>-0.124917 0.987657 0.0944993 -0.951534 -0.0922783 -0.293373 -0.281032 -0.126567 0.951316 0.0520629 1.12864 3.95549</i>
                        <i>-0.156863 0.969822 0.186651 -0.946853 -0.0939396 -0.307643 -0.280825 -0.224989 0.933015 0.0418969 1.144 4.06827</i>
                        <i>-0.184664 0.951006 0.247966 -0.937929 -0.0951636 -0.333516 -0.293578 -0.294163 0.909549 0.0335278 1.15205 4.17506</i>
                        <i>-0.214878 0.933532 0.28696 -0.921866 -0.0968571 -0.375209 -0.322475 -0.345163 0.881404 0.0264638 1.16418 4.27637</i>
                        <i>-0.251047 0.918292 0.306129 -0.893586 -0.0982773 -0.438001 -0.372127 -0.383512 0.845246 0.0202303 1.19141 4.37285</i>
                        <i>-0.294359 0.905061 0.306949 -0.845279 -0.0966922 -0.525503 -0.445933 -0.414144 0.793491 0.014036 1.24443 4.46509</i>
                        <i>-0.338374 0.898048 0.281093 -0.766202 -0.0895202 -0.636334 -0.546294 -0.430693 0.718377 0.00785296 1.39605 4.5487</i>
                        <i>-0.372967 0.898576 0.231206 -0.653447 -0.0774746 -0.752997 -0.658712 -0.431924 0.616068 0.00243964 1.61559 4.62053</i>
                        <i>-0.399018 0.900466 0.17305 -0.514553 -0.0636807 -0.855091 -0.75896 -0.430239 0.488747 -0.00179024 1.75823 4.68294</i>
                        <i>-0.409824 0.905702 0.108391 -0.35485 -0.0488317 -0.933647 -0.840313 -0.421093 0.3414 -0.00358318 1.79262 4.73789</i>
                        <i>-0.401211 0.915096 0.0403615 -0.175207 -0.0334181 -0.983964 -0.899073 -0.401849 0.173739 -0.00192756 1.79183 4.78789</i>
                        <i>-0.388798 0.920985 -0.02497 0.0146072 -0.020937 -0.999674 -0.921207 -0.389036 -0.00531275 0.00253513 1.76734 4.83575</i>
                        <i>-0.388807 0.916449 -0.0946073 0.202734 -0.0150661 -0.979118 -0.898737 -0.399868 -0.179938 0.0102936 1.73059 4.88381</i>
                        <i>-0.42147 0.886895 -0.189156 0.379932 -0.0167022 -0.924864 -0.823416 -0.461669 -0.32992 0.0186823 1.69303 4.93315</i>
                        <i>-0.460911 0.828554 -0.317898 0.541047 -0.0215881 -0.840715 -0.703441 -0.559492 -0.438337 0.0239914 1.65019 4.98452</i>
                        <i>-0.463276 0.759157 -0.457226 0.681006 -0.0251915 -0.731844 -0.567103 -0.65042 -0.50532 0.0253641 1.59378 5.03938</i>
                        <i>-0.415682 0.716795 -0.559833 0.793302 -0.0153078 -0.608636 -0.444837 -0.697115 -0.562272 0.0240248 1.52969 5.09872</i>
                        <i>-0.309632 0.734381 -0.603998 0.884426 -0.0108274 -0.466555 -0.349169 -0.678652 -0.646153 0.0198683 1.46422 5.15942</i>
                        <i>-0.185917 0.800412 -0.56989 0.947701 -0.00705645 -0.319083 -0.259419 -0.599409 -0.757239 0.0148711 1.40243 5.21907</i>
                        <i>-0.0768781 0.878016 -0.472416 0.984374 -0.00844657 -0.175889 -0.158424 -0.478556 -0.863647 0.00525428 1.34929 5.27328</i>
                        <i>-0.00294108 0.948032 -0.318162 0.998847 -0.0124615 -0.0463649 -0.0479202 -0.317932 -0.946902 -0.0157977 1.31062 5.31878</i>
                        <i>0.0221529 0.9904 -0.136448 0.99786 -0.0135068 0.0639689 0.0615118 -0.137573 -0.98858 -0.0819498 1.29279 5.35252</i>
                        <i>0.00460033 0.99883 0.0481448 0.990997 -0.0109959 0.133434 0.133807 0.0470975 -0.989888 -0.0945158 1.29202 5.36749</i>
                        <i>-0.0281416 0.974584 0.222249 0.988274 -0.00625384 0.152561 0.150073 0.223937 -0.96298 -0.0978369 1.2989 5.36434</i>
                        <i>-0.0519315 0.924075 0.378666 0.990711 -4.60505e-005 0.135982 0.125675 0.38221 -0.91549 -0.0946166 1.31147 5.35211</i>
                        <i>-0.056105 0.85646 0.513155 0.995213 0.00677875 0.0974962 0.080023 0.516169 -0.85274 -0.0879824 1.32665 5.33863</i>
                        <i>-0.0422641 0.782528 0.62118 0.998616 0.0136127 0.0507959 0.0312932 0.622467 -0.78202 -0.0814826 1.34104 5.33109</i>
                        <i>-0.0211816 0.714037 0.699787 0.999751 0.0200201 0.00983344 -0.00698835 0.699822 -0.714283 -0.0779471 1.35235 5.33446</i>
                        <i>-0.00846395 0.662288 0.749201 0.999607 0.0256161 -0.0113516 -0.0267097 0.748811 -0.662245 -0.0770468 1.3583 5.34011</i>
                        <i>-0.00557079 0.626809 0.779153 0.999401 0.0300916 -0.0170624 -0.0341408 0.778592 -0.626601 -0.0771936 1.36046 5.34228</i>
                        <i>-0.00316126 0.600272 0.79979 0.999219 0.0333972 -0.0211163 -0.0393862 0.799099 -0.599909 -0.077286 1.36198 5.34383</i>
                        <i>-0.00142385 0.582338 0.812945 0.999083 0.0356128 -0.0237607 -0.042788 0.812166 -0.581855 -0.0773407 1.36297 5.34485</i>
                        <i>-0.000414607 0.572296 0.820047 0.999003 0.0368474 -0.0252101 -0.0446443 0.819219 -0.571741 -0.0773688 1.36351 5.34541</i>
                        <i>-9.72355e-005 0.569189 0.822206 0.998977 0.0372286 -0.0256541 -0.0452116 0.821363 -0.568611 -0.0773771 1.36367 5.34558</i>
                        <i>-0.000375109 0.571908 0.820317 0.999 0.036895 -0.0252656 -0.0447153 0.819487 -0.57135 -0.0773698 1.36353 5.34543</i>
                        <i>-0.00111694 0.579257 0.815144 0.999059 0.035992 -0.0242077 -0.0433611 0.81435 -0.578752 -0.0773495 1.36313 5.34502</i>
                        <i>-0.00217692 0.590004 0.807397 0.999142 0.0346674 -0.0226392 -0.0413476 0.806656 -0.589574 -0.077318 1.36255 5.34442</i>
                        <i>-0.00341037 0.602918 0.797796 0.999238 0.033069 -0.0207198 -0.0388747 0.797117 -0.602572 -0.0772774 1.36183 5.34368</i>
                        <i>-0.00468522 0.616797 0.787108 0.999335 0.0313426 -0.0186124 -0.0361501 0.786498 -0.616534 -0.0772301 1.36104 5.34287</i>
                        <i>-0.00588914 0.630491 0.776174 0.999425 0.0296302 -0.0164858 -0.0333923 0.775631 -0.630303 -0.0771796 1.36024 5.34206</i>
                        <i>-0.00693237 0.642907 0.765913 0.999501 0.0280693 -0.0145148 -0.0308303 0.765429 -0.642781 -0.0771304 1.3595 5.34131</i>
                        <i>-0.00774581 0.653009 0.75731 0.999558 0.0267933 -0.0128796 -0.0287013 0.756876 -0.652928 -0.0770879 1.35888 5.34069</i>
                        <i>-0.00827414 0.6598 0.751396 0.999595 0.0259323 -0.0117639 -0.0272473 0.750994 -0.659747 -0.0770581 1.35846 5.34027</i>
                        <i>-0.00846395 0.662288 0.749201 0.999607 0.0256161 -0.0113516 -0.0267097 0.748811 -0.662245 -0.0770468 1.3583 5.34011</i>
                        <i>-0.00846395 0.662288 0.749201 0.999607 0.0256161 -0.0113516 -0.0267097 0.748811 -0.662245 -0.0770468 1.3583 5.34011</i>
                        <i>-0.00846395 0.662288 0.749201 0.999607 0.0256161 -0.0113516 -0.0267097 0.748811 -0.662245 -0.0770468 1.3583 5.34011</i>
                        <i>-0.00846395 0.662288 0.749201 0.999607 0.0256161 -0.0113516 -0.0267097 0.748811 -0.662245 -0.0770468 1.3583 5.34011</i>
                        <i>-0.00846395 0.662288 0.749201 0.999607 0.0256161 -0.0113516 -0.0267097 0.748811 -0.662245 -0.0770468 1.3583 5.34011</i>
                        <i>-0.00846395 0.662288 0.749201 0.999607 0.0256161 -0.0113516 -0.0267097 0.748811 -0.662245 -0.0770468 1.3583 5.34011</i>
                        <i>-0.00846395 0.662288 0.749201 0.999607 0.0256161 -0.0113516 -0.0267097 0.748811 -0.662245 -0.0770468 1.3583 5.34011</i>
                        <i>-0.00846395 0.662288 0.749201 0.999607 0.0256161 -0.0113516 -0.0267097 0.748811 -0.662245 -0.0770468 1.3583 5.34011</i>
                        <i>-0.00846395 0.662288 0.749201 0.999607 0.0256161 -0.0113516 -0.0267097 0.748811 -0.662245 -0.0770468 1.3583 5.34011</i>
                        <i>-0.00846395 0.662288 0.749201 0.999607 0.0256161 -0.0113516 -0.0267097 0.748811 -0.662245 -0.0770468 1.3583 5.34011</i>
                        <i>-0.00846395 0.662288 0.749201 0.999607 0.0256161 -0.0113516 -0.0267097 0.748811 -0.662245 -0.0770468 1.3583 5.34011</i>
                        <i>-0.00846395 0.662288 0.749201 0.999607 0.0256161 -0.0113516 -0.0267097 0.748811 -0.662245 -0.0770468 1.3583 5.34011</i>
                        <i>-0.00846395 0.662288 0.749201 0.999607 0.0256161 -0.0113516 -0.0267097 0.748811 -0.662245 -0.0770468 1.3583 5.34011</i>
                        <i>-0.00846395 0.662288 0.749201 0.999607 0.0256161 -0.0113516 -0.0267097 0.748811 -0.662245 -0.0770468 1.3583 5.34011</i>
                        <i>-0.00846395 0.662288 0.749201 0.999607 0.0256161 -0.0113516 -0.0267097 0.748811 -0.662245 -0.0770468 1.3583 5.34011</i>
                        <i>-0.00846395 0.662288 0.749201 0.999607 0.0256161 -0.0113516 -0.0267097 0.748811 -0.662245 -0.0770468 1.3583 5.34011</i>
                    </KeyFrames>
                </p>
            </i>
            <i>
                <p>
                    <Name><![CDATA[spine2]]></Name>
                    <Exclude>0</Exclude>
