<?xml version="1.0" encoding="ISO-8859-1" ?>
<Animl Version="1">
    <ModellingPackage><![CDATA[Maya.2010]]></ModellingPackage>
    <SrcFile><![CDATA[anims\characters\shared\base_soldier\~src\infantry\dance_backflip.mb]]></SrcFile>
    <FramesPerSecond>30</FramesPerSecond>
    <TotalFrames>96</TotalFrames>
    <Skeleton>
        <RefFrame>
            <Name><![CDATA[soldier_ref_frame]]></Name>
            <Exclude>0</Exclude>
            <Additive>0</Additive>
            <IKPriority>0</IKPriority>
            <IKRotLimits>-1e+010 -1e+010 -1e+010 1e+010 1e+010 1e+010</IKRotLimits>
            <IKRotLimitOrder>0</IKRotLimitOrder>
            <KeyFrames count="96">
                <i>1 0 0 0 1 0 0 0 1 0 0 0</i>
                <i>1 0 0 0 1 0 0 0 1 0 0 0</i>
                <i>1 0 0 0 1 0 0 0 1 0 0 0</i>
                <i>1 0 0 0 1 0 0 0 1 0 0 0</i>
                <i>1 0 0 0 1 0 0 0 1 0 0 0</i>
                <i>1 0 0 0 1 0 0 0 1 0 0 0</i>
                <i>1 0 0 0 1 0 0 0 1 0 0 0</i>
                <i>1 0 0 0 1 0 0 0 1 0 0 0</i>
                <i>1 0 0 0 1 0 0 0 1 0 0 0</i>
                <i>1 0 0 0 1 0 0 0 1 0 0 0</i>
                <i>1 0 0 0 1 0 0 0 1 0 0 0</i>
                <i>1 0 0 0 1 0 0 0 1 0 0 0</i>
                <i>1 0 0 0 1 0 0 0 1 0 0 0</i>
                <i>1 0 0 0 1 0 0 0 1 0 0 0</i>
                <i>1 0 0 0 1 0 0 0 1 0 0 0</i>
                <i>1 0 0 0 1 0 0 0 1 0 0 0</i>
                <i>1 0 0 0 1 0 0 0 1 0 0 0</i>
                <i>1 0 0 0 1 0 0 0 1 0 0 0</i>
                <i>1 0 0 0 1 0 0 0 1 0 0 0</i>
                <i>1 0 0 0 1 0 0 0 1 0 0 0</i>
                <i>1 0 0 0 1 0 0 0 1 0 0 0</i>
                <i>1 0 0 0 1 0 0 0 1 0 0 0</i>
                <i>1 0 0 0 1 0 0 0 1 0 0 0</i>
                <i>1 0 0 0 1 0 0 0 1 0 0 0</i>
                <i>1 0 0 0 1 0 0 0 1 0 0 0</i>
                <i>1 0 0 0 1 0 0 0 1 0 0 0</i>
                <i>1 0 0 0 1 0 0 0 1 0 0 0</i>
                <i>1 0 0 0 1 0 0 0 1 0 0 0</i>
                <i>1 0 0 0 1 0 0 0 1 0 0 0</i>
                <i>1 0 0 0 1 0 0 0 1 0 0 0</i>
                <i>1 0 0 0 1 0 0 0 1 0 0 0</i>
                <i>1 0 0 0 1 0 0 0 1 0 0 0</i>
                <i>1 0 0 0 1 0 0 0 1 0 0 0</i>
                <i>1 0 0 0 1 0 0 0 1 0 0 0</i>
                <i>1 0 0 0 1 0 0 0 1 0 0 0</i>
                <i>1 0 0 0 1 0 0 0 1 0 0 0</i>
                <i>1 0 0 0 1 0 0 0 1 0 0 0</i>
                <i>1 0 0 0 1 0 0 0 1 0 0 0</i>
                <i>1 0 0 0 1 0 0 0 1 0 0 0</i>
                <i>1 0 0 0 1 0 0 0 1 0 0 0</i>
                <i>1 0 0 0 1 0 0 0 1 0 0 0</i>
                <i>1 0 0 0 1 0 0 0 1 0 0 0</i>
                <i>1 0 0 0 1 0 0 0 1 0 0 0</i>
                <i>1 0 0 0 1 0 0 0 1 0 0 0</i>
                <i>1 0 0 0 1 0 0 0 1 0 0 0</i>
                <i>1 0 0 0 1 0 0 0 1 0 0 0</i>
                <i>1 0 0 0 1 0 0 0 1 0 0 0</i>
                <i>1 0 0 0 1 0 0 0 1 0 0 0</i>
                <i>1 0 0 0 1 0 0 0 1 0 0 0</i>
                <i>1 0 0 0 1 0 0 0 1 0 0 0</i>
                <i>1 0 0 0 1 0 0 0 1 0 0 0</i>
                <i>1 0 0 0 1 0 0 0 1 0 0 0</i>
                <i>1 0 0 0 1 0 0 0 1 0 0 0</i>
                <i>1 0 0 0 1 0 0 0 1 0 0 0</i>
                <i>1 0 0 0 1 0 0 0 1 0 0 0</i>
                <i>1 0 0 0 1 0 0 0 1 0 0 0</i>
                <i>1 0 0 0 1 0 0 0 1 0 0 0</i>
                <i>1 0 0 0 1 0 0 0 1 0 0 0</i>
                <i>1 0 0 0 1 0 0 0 1 0 0 0</i>
                <i>1 0 0 0 1 0 0 0 1 0 0 0</i>
                <i>1 0 0 0 1 0 0 0 1 0 0 0</i>
                <i>1 0 0 0 1 0 0 0 1 0 0 0</i>
                <i>1 0 0 0 1 0 0 0 1 0 0 0</i>
                <i>1 0 0 0 1 0 0 0 1 0 0 0</i>
                <i>1 0 0 0 1 0 0 0 1 0 0 0</i>
                <i>1 0 0 0 1 0 0 0 1 0 0 0</i>
                <i>1 0 0 0 1 0 0 0 1 0 0 0</i>
                <i>1 0 0 0 1 0 0 0 1 0 0 0</i>
                <i>1 0 0 0 1 0 0 0 1 0 0 0</i>
                <i>1 0 0 0 1 0 0 0 1 0 0 0</i>
                <i>1 0 0 0 1 0 0 0 1 0 0 0</i>
                <i>1 0 0 0 1 0 0 0 1 0 0 0</i>
                <i>1 0 0 0 1 0 0 0 1 0 0 0</i>
                <i>1 0 0 0 1 0 0 0 1 0 0 0</i>
                <i>1 0 0 0 1 0 0 0 1 0 0 0</i>
                <i>1 0 0 0 1 0 0 0 1 0 0 0</i>
                <i>1 0 0 0 1 0 0 0 1 0 0 0</i>
                <i>1 0 0 0 1 0 0 0 1 0 0 0</i>
                <i>1 0 0 0 1 0 0 0 1 0 0 0</i>
                <i>1 0 0 0 1 0 0 0 1 0 0 0</i>
                <i>1 0 0 0 1 0 0 0 1 0 0 0</i>
                <i>1 0 0 0 1 0 0 0 1 0 0 0</i>
                <i>1 0 0 0 1 0 0 0 1 0 0 0</i>
                <i>1 0 0 0 1 0 0 0 1 0 0 0</i>
                <i>1 0 0 0 1 0 0 0 1 0 0 0</i>
                <i>1 0 0 0 1 0 0 0 1 0 0 0</i>
                <i>1 0 0 0 1 0 0 0 1 0 0 0</i>
                <i>1 0 0 0 1 0 0 0 1 0 0 0</i>
                <i>1 0 0 0 1 0 0 0 1 0 0 0</i>
                <i>1 0 0 0 1 0 0 0 1 0 0 0</i>
                <i>1 0 0 0 1 0 0 0 1 0 0 0</i>
                <i>1 0 0 0 1 0 0 0 1 0 0 0</i>
                <i>1 0 0 0 1 0 0 0 1 0 0 0</i>
                <i>1 0 0 0 1 0 0 0 1 0 0 0</i>
                <i>1 0 0 0 1 0 0 0 1 0 0 0</i>
                <i>1 0 0 0 1 0 0 0 1 0 0 0</i>
            </KeyFrames>
        </RefFrame>
        <Bones count="23">
            <i>
                <p>
                    <Name><![CDATA[pelvis]]></Name>
                    <Exclude>0</Exclude>
                    <Additive>0</Additive>
                    <IKPriority>0</IKPriority>
                    <IKRotLimits>-1e+010 -1e+010 -1e+010 1e+010 1e+010 1e+010</IKRotLimits>
                    <IKRotLimitOrder>2</IKRotLimitOrder>
                    <KeyFrames count="96">
                        <i>1 0 0 0 1 0 0 0 1 -0.0775984 1.19447 0.0491997</i>
                        <i>1 0 0 0 1 0 0 0 1 -0.0863118 1.18159 0.0481563</i>
                        <i>1 0 0 0 1 0 0 0 1 -0.0984565 1.16702 0.0459038</i>
                        <i>1 0 0 0 1 0 0 0 1 -0.111284 1.15265 0.0421904</i>
                        <i>1 0 0 0 1 0 0 0 1 -0.122101 1.1399 0.0375341</i>
                        <i>1 0 0 0 1 0 0 0 1 -0.128429 1.12985 0.0331658</i>
                        <i>1 0 0 0 1 0 0 0 1 -0.128041 1.1234 0.0307405</i>
                        <i>1 0 0 0 1 0 0 0 1 -0.118782 1.12161 0.0318466</i>
                        <i>1 0 0 0 1 0 0 0 1 -0.087558 1.12771 0.0411395</i>
                        <i>1 0 0 0 1 0 0 0 1 -0.0324942 1.1453 0.0558539</i>
                        <i>1 0 0 0 1 0 0 0 1 0.0303997 1.17467 0.0672483</i>
                        <i>1 0 0 0 1 0 0 0 1 0.0823439 1.2103 0.0725625</i>
                        <i>1 0 0 0 1 0 0 0 1 0.103939 1.24057 0.0760773</i>
                        <i>1 0 0 0 1 0 0 0 1 0.0985723 1.26762 0.0863622</i>
                        <i>1 0 0 0 1 0 0 0 1 0.0841939 1.29892 0.104844</i>
                        <i>1 0 0 0 1 0 0 0 1 0.0644239 1.32956 0.127095</i>
                        <i>1 0 0 0 1 0 0 0 1 0.043053 1.35383 0.147501</i>
                        <i>1 0 0 0 1 0 0 0 1 0.0238665 1.3642 0.159627</i>
                        <i>1 0 0 0 1 0 0 0 1 0.0104758 1.35152 0.156683</i>
                        <i>1 0 0 0 1 0 0 0 1 0.00216341 1.30514 0.131628</i>
                        <i>1 0 0 0 1 0 0 0 1 -0.00403059 1.22956 0.0879757</i>
                        <i>1 0 0 0 1 0 0 0 1 -0.00796801 1.13787 0.034702</i>
                        <i>1 0 0 0 1 0 0 0 1 -0.0095068 1.04317 -0.0192174</i>
                        <i>1 0 0 0 1 0 0 0 1 -0.00852803 0.958537 -0.0646697</i>
                        <i>1 0 0 0 1 0 0 0 1 -0.00493706 0.896972 -0.0923771</i>
                        <i>1 0 0 0 1 0 0 0 1 0.00135333 0.845471 -0.102695</i>
                        <i>1 0 0 0 1 0 0 0 1 0.00943341 0.79103 -0.103093</i>
                        <i>1 0 0 0 1 0 0 0 1 0.0178958 0.746603 -0.0948938</i>
                        <i>1 0 0 0 1 0 0 0 1 0.025333 0.725148 -0.0794227</i>
                        <i>1 0 0 0 1 0 0 0 1 0.0303378 0.739618 -0.0580038</i>
                        <i>1 0 0 0 1 0 0 0 1 0.0315026 0.802971 -0.0319618</i>
                        <i>1 0 0 0 1 0 0 0 1 0.00782029 1.02291 -0.0277313</i>
                        <i>1 0 0 0 1 0 0 0 1 -0.0147312 1.34595 0.0641856</i>
                        <i>1 0 0 0 1 0 0 0 1 0.0346142 1.89351 0.56333</i>
                        <i>1 0 0 0 1 0 0 0 1 0.0389446 2.23645 0.591415</i>
                        <i>1 0 0 0 1 0 0 0 1 0.0348779 2.44735 0.548948</i>
                        <i>1 0 0 0 1 0 0 0 1 0.0315026 2.60828 0.521412</i>
                        <i>1 0 0 0 1 0 0 0 1 0.0315026 2.76864 0.498773</i>
                        <i>1 0 0 0 1 0 0 0 1 0.0315026 2.89257 0.451741</i>
                        <i>1 0 0 0 1 0 0 0 1 0.0315026 2.97643 0.382778</i>
                        <i>1 0 0 0 1 0 0 0 1 0.0315026 3.02133 0.301055</i>
                        <i>1 0 0 0 1 0 0 0 1 0.0315026 3.03645 0.218865</i>
                        <i>1 0 0 0 1 0 0 0 1 0.0315026 3.00843 0.140319</i>
                        <i>1 0 0 0 1 0 0 0 1 0.0315026 2.90926 0.0473892</i>
                        <i>1 0 0 0 1 0 0 0 1 0.0315026 2.72069 -0.0731839</i>
                        <i>1 0 0 0 1 0 0 0 1 0.0315026 2.4144 -0.204069</i>
                        <i>1 0 0 0 1 0 0 0 1 0.0166058 1.94597 -0.434514</i>
                        <i>1 0 0 0 1 0 0 0 1 -0.0126581 1.29404 -0.32424</i>
                        <i>1 0 0 0 1 0 0 0 1 -0.0331498 0.803579 -0.393652</i>
                        <i>1 0 0 0 1 0 0 0 1 -0.0412529 0.66783 -0.394349</i>
                        <i>1 0 0 0 1 0 0 0 1 -0.0488373 0.604447 -0.392944</i>
                        <i>1 0 0 0 1 0 0 0 1 -0.0559571 0.600962 -0.389769</i>
                        <i>1 0 0 0 1 0 0 0 1 -0.062674 0.644846 -0.384692</i>
                        <i>1 0 0 0 1 0 0 0 1 -0.0690902 0.723524 -0.37767</i>
                        <i>1 0 0 0 1 0 0 0 1 -0.0752864 0.824284 -0.369089</i>
                        <i>1 0 0 0 1 0 0 0 1 -0.081194 0.934142 -0.359881</i>
                        <i>1 0 0 0 1 0 0 0 1 -0.0864829 1.03973 -0.351428</i>
                        <i>1 0 0 0 1 0 0 0 1 -0.0905416 1.12734 -0.345358</i>
                        <i>1 0 0 0 1 0 0 0 1 -0.0925857 1.18311 -0.343305</i>
                        <i>1 0 0 0 1 0 0 0 1 -0.0929829 1.22639 -0.34354</i>
                        <i>1 0 0 0 1 0 0 0 1 -0.0926109 1.27589 -0.34332</i>
                        <i>1 0 0 0 1 0 0 0 1 -0.0914339 1.31685 -0.34265</i>
                        <i>1 0 0 0 1 0 0 0 1 -0.0893931 1.33454 -0.341576</i>
                        <i>1 0 0 0 1 0 0 0 1 -0.0817593 1.32706 -0.34011</i>
                        <i>1 0 0 0 1 0 0 0 1 -0.0663938 1.30599 -0.338522</i>
                        <i>1 0 0 0 1 0 0 0 1 -0.0471674 1.27677 -0.337194</i>
                        <i>1 0 0 0 1 0 0 0 1 -0.0280268 1.24481 -0.336328</i>
                        <i>1 0 0 0 1 0 0 0 1 -0.0129585 1.21557 -0.335918</i>
                        <i>1 0 0 0 1 0 0 0 1 -0.00594543 1.19447 -0.335806</i>
                        <i>1 0 0 0 1 0 0 0 1 -0.00947422 1.18016 -0.335099</i>
                        <i>1 0 0 0 1 0 0 0 1 -0.0208868 1.16801 -0.333361</i>
                        <i>1 0 0 0 1 0 0 0 1 -0.0364308 1.15858 -0.331107</i>
                        <i>1 0 0 0 1 0 0 0 1 -0.0523527 1.1524 -0.32888</i>
                        <i>1 0 0 0 1 0 0 0 1 -0.0648988 1.15002 -0.327228</i>
                        <i>1 0 0 0 1 0 0 0 1 -0.0703144 1.15197 -0.326678</i>
                        <i>1 0 0 0 1 0 0 0 1 -0.067293 1.16167 -0.327657</i>
                        <i>1 0 0 0 1 0 0 0 1 -0.0585573 1.17938 -0.329948</i>
                        <i>1 0 0 0 1 0 0 0 1 -0.0463978 1.20089 -0.333036</i>
                        <i>1 0 0 0 1 0 0 0 1 -0.0331238 1.22198 -0.336278</i>
                        <i>1 0 0 0 1 0 0 0 1 -0.0210843 1.23844 -0.338905</i>
                        <i>1 0 0 0 1 0 0 0 1 -0.0126645 1.24606 -0.340074</i>
                        <i>1 0 0 0 1 0 0 0 1 -0.00721593 1.24551 -0.340106</i>
                        <i>1 0 0 0 1 0 0 0 1 -0.00245748 1.24093 -0.339918</i>
                        <i>1 0 0 0 1 0 0 0 1 0.00167084 1.23331 -0.339565</i>
                        <i>1 0 0 0 1 0 0 0 1 0.00523074 1.22364 -0.339109</i>
                        <i>1 0 0 0 1 0 0 0 1 0.00828222 1.21289 -0.338608</i>
                        <i>1 0 0 0 1 0 0 0 1 0.0108816 1.20205 -0.338114</i>
                        <i>1 0 0 0 1 0 0 0 1 0.0130806 1.19212 -0.337667</i>
                        <i>1 0 0 0 1 0 0 0 1 0.0149274 1.18407 -0.337294</i>
                        <i>1 0 0 0 1 0 0 0 1 0.0164674 1.17889 -0.337008</i>
                        <i>1 0 0 0 1 0 0 0 1 0.0164674 1.17733 -0.337008</i>
                        <i>1 0 0 0 1 0 0 0 1 0.0164674 1.1788 -0.337008</i>
                        <i>1 0 0 0 1 0 0 0 1 0.0164674 1.1823 -0.337008</i>
                        <i>1 0 0 0 1 0 0 0 1 0.0164674 1.18681 -0.337008</i>
                        <i>1 0 0 0 1 0 0 0 1 0.0164674 1.19132 -0.337008</i>
                        <i>1 0 0 0 1 0 0 0 1 0.0164674 1.19482 -0.337008</i>
                    </KeyFrames>
                </p>
            </i>
            <i>
                <p>
                    <Name><![CDATA[spine0]]></Name>
                    <Exclude>0</Exclude>
                    <Additive>0</Additive>
                    <IKPriority>0</IKPriority>
                    <IKRotLimits>-1e+010 -1e+010 -1e+010 1e+010 1e+010 1e+010</IKRotLimits>
                    <IKRotLimitOrder>0</IKRotLimitOrder>
                    <KeyFrames count="96">
                        <i>0.0380935 0.991556 -0.123956 -0.999263 0.0383896 6.93889e-015 0.00475863 0.123865 0.992288 -0.0775984 1.33012 0.00130172</i>
                        <i>0.078929 0.994483 -0.0690911 -0.995877 0.075551 -0.0502148 -0.0447178 0.0727696 0.996346 -0.080328 1.31883 0.00542942</i>
                        <i>0.125519 0.992071 -0.00639865 -0.986728 0.124168 -0.104643 -0.103018 0.0194484 0.994489 -0.0858173 1.30552 0.00907264</i>
                        <i>0.168004 0.983981 0.0596322 -0.971708 0.175488 -0.158074 -0.166007 -0.031388 0.985625 -0.092216 1.29192 0.0116126</i>
                        <i>0.198912 0.972248 0.123156 -0.953118 0.22116 -0.206529 -0.228034 -0.0763011 0.970659 -0.0975512 1.27953 0.0131076</i>
                        <i>0.213529 0.960648 0.177651 -0.935138 0.253608 -0.247387 -0.282706 -0.113304 0.952491 -0.0998579 1.26958 0.0142811</i>
                        <i>0.209348 0.953522 0.216723 -0.922701 0.266004 -0.279042 -0.323722 -0.141554 0.935503 -0.0972396 1.26318 0.0162835</i>
                        <i>0.184549 0.95439 0.234693 -0.920115 0.251707 -0.300052 -0.34544 -0.16057 0.924602 -0.0877818 1.26161 0.0202327</i>
                        <i>0.107547 0.971692 0.210354 -0.936992 0.169801 -0.305308 -0.332383 -0.164265 0.928729 -0.0613899 1.26865 0.0289481</i>
                        <i>-0.0293518 0.988521 0.148206 -0.957392 0.0148129 -0.28841 -0.287295 -0.150357 0.945967 -0.0169424 1.28741 0.0397005</i>
                        <i>-0.186472 0.979058 0.0816907 -0.954888 -0.161051 -0.249502 -0.23112 -0.124531 0.964923 0.0327279 1.31695 0.0461059</i>
                        <i>-0.314788 0.948512 0.0351367 -0.93202 -0.301887 -0.200505 -0.179574 -0.0958646 0.979062 0.0726476 1.3516 0.0473605</i>
                        <i>-0.369147 0.929203 0.0176648 -0.918305 -0.361762 -0.160764 -0.142992 -0.0755672 0.986835 0.0877616 1.38094 0.0490481</i>
                        <i>-0.34706 0.937595 0.0215559 -0.930718 -0.341504 -0.130919 -0.115388 -0.0654992 0.991159 0.0817873 1.40784 0.0589626</i>
                        <i>-0.282417 0.958674 0.0344304 -0.955373 -0.277842 -0.100327 -0.0866145 -0.0612279 0.994359 0.0692966 1.43932 0.0772499</i>
                        <i>-0.189926 0.980382 0.0527215 -0.979975 -0.186029 -0.0710019 -0.0598013 -0.0651509 0.996082 0.0528467 1.47031 0.0996842</i>
                        <i>-0.0876114 0.993344 0.0747749 -0.995411 -0.0843982 -0.0451075 -0.0384964 -0.0783837 0.99618 0.0351743 1.49499 0.120887</i>
                        <i>0.00367914 0.994934 0.100467 -0.999674 0.00619753 -0.0247662 -0.0252634 -0.100343 0.994632 0.0189997 1.5058 0.134684</i>
                        <i>0.0618659 0.989551 0.130235 -0.997871 0.0640238 -0.0124439 -0.020652 -0.129188 0.991405 0.00683782 1.49362 0.134558</i>
                        <i>0.0873986 0.979971 0.178935 -0.996043 0.0888684 -0.000199308 -0.016097 -0.178209 0.983861 -0.00140495 1.4484 0.118978</i>
                        <i>0.0987773 0.963098 0.250371 -0.995098 0.0968373 0.0200871 -0.0048994 -0.251127 0.967942 -0.0072488 1.37329 0.0934242</i>
                        <i>0.100837 0.939266 0.328041 -0.994864 0.0922862 0.0415721 0.00877362 -0.330548 0.943748 -0.0104555 1.2792 0.0614591</i>
                        <i>0.0970231 0.913092 0.396043 -0.99508 0.0809668 0.0571038 0.0200746 -0.399635 0.916454 -0.0109527 1.17957 0.026481</i>
                        <i>0.0892652 0.892793 0.441535 -0.995688 0.0687535 0.0622776 0.025244 -0.44519 0.89508 -0.00897027 1.09046 -0.00729505</i>
                        <i>0.079413 0.887457 0.453998 -0.996585 0.0603398 0.056372 0.0226335 -0.456924 0.889218 -0.00493706 1.0288 -0.0347701</i>
                        <i>0.0667535 0.892304 0.446472 -0.997681 0.053747 0.0417498 0.013257 -0.448224 0.893823 0.00135333 0.981984 -0.0573051</i>
                        <i>0.0517792 0.89899 0.434897 -0.998654 0.0452691 0.0253233 0.00307799 -0.435623 0.900124 0.00943341 0.932803 -0.0786687</i>
                        <i>0.0369986 0.9048 0.424227 -0.999307 0.0352785 0.0119111 -0.00418895 -0.424374 0.905478 0.0178958 0.890451 -0.0968808</i>
                        <i>0.0232335 0.905341 0.424049 -0.999703 0.0241469 0.00321994 -0.00732431 -0.423998 0.905634 0.025333 0.865942 -0.10897</i>
                        <i>0.0124925 0.90509 0.425037 -0.999901 0.0140906 -0.000616527 -0.00654704 -0.424987 0.905176 0.0303378 0.873049 -0.111786</i>
                        <i>0.00847187 0.915746 0.401668 -0.999948 0.0100428 -0.00180547 -0.00568721 -0.401632 0.915783 0.0315026 0.928009 -0.103107</i>
                        <i>0.0488517 0.914646 0.401293 -0.998362 0.0566921 -0.00767898 -0.0297737 -0.40026 0.915918 0.00782029 1.15091 -0.0934039</i>
                        <i>0.0468338 0.982331 0.181197 -0.998732 0.0493992 -0.00966869 -0.0184489 -0.180515 0.983399 -0.0147312 1.46988 -0.00887691</i>
                        <i>-0.00244179 0.84828 -0.529543 -0.999997 -0.0020919 0.00126009 -3.8844e-005 0.529544 0.848282 0.0346142 1.98499 0.452305</i>
                        <i>-0.0023994 0.701995 -0.712178 -0.999997 -0.00141827 0.00197111 0.000373649 0.71218 0.701996 0.0389446 2.2768 0.453327</i>
                        <i>0.00749983 0.597947 -0.801501 -0.999966 0.00164784 -0.00812757 -0.00353911 0.801534 0.597939 0.0348779 2.42736 0.406482</i>
                        <i>0.0147844 0.460956 -0.8873 -0.999818 -0.00388502 -0.0186775 -0.0120567 0.887415 0.460814 0.0315026 2.53376 0.398356</i>
                        <i>0.0147545 0.237683 -0.971231 -0.999752 -0.0126789 -0.0182906 -0.0166615 0.97126 0.237437 0.0315026 2.652 0.414573</i>
                        <i>0.0117814 -0.0140468 -0.999832 -0.999754 -0.0189766 -0.0115138 -0.0188116 0.999721 -0.0142669 0.0315026 2.75175 0.422324</i>
                        <i>0.00752717 -0.270562 -0.962673 -0.99982 -0.0188234 -0.00252724 -0.017437 0.962518 -0.270655 0.0315026 2.8356 0.4122</i>
                        <i>0.00392634 -0.51378 -0.857913 -0.999908 -0.0131344 0.00328961 -0.0129583 0.857822 -0.513784 0.0315026 2.90138 0.380475</i>
                        <i>0.00248431 -0.72814 -0.685424 -0.99995 -0.00847781 0.00538184 -0.00972963 0.685376 -0.728124 0.0315026 2.9476 0.332005</i>
                        <i>0.00248431 -0.886433 -0.46285 -0.99995 -0.00670546 0.00747491 -0.00972963 0.462808 -0.886405 0.0315026 2.9535 0.273282</i>
                        <i>0.00248431 -0.983961 -0.178367 -0.99995 -0.00417981 0.00913053 -0.00972963 0.178336 -0.983922 0.0315026 2.89634 0.19067</i>
                        <i>0.00248431 -0.976459 0.215691 -0.99995 -0.000327113 0.0100365 -0.00972963 -0.215705 -0.97641 0.0315026 2.76414 0.063958</i>
                        <i>0.00248431 -0.713774 0.700372 -0.99995 0.00504124 0.00868466 -0.00972963 -0.700358 -0.713725 0.0315026 2.52393 -0.110795</i>
                        <i>0.00719626 0.395784 0.918316 -0.999948 0.00953445 0.00372672 -0.00728066 -0.918294 0.395832 0.0166058 2.08975 -0.429741</i>
                        <i>0.0140545 0.920613 0.390223 -0.999901 0.0131624 0.00496037 -0.000569689 -0.390254 0.920707 -0.0126581 1.43787 -0.321223</i>
                        <i>0.0257054 0.838786 0.543853 -0.99967 0.0215018 0.0140876 0.00012265 -0.544036 0.839062 -0.0331498 0.943297 -0.359374</i>
                        <i>0.0240967 0.843876 0.535997 -0.999694 0.0232975 0.00826334 -0.00551418 -0.536032 0.844179 -0.0413909 0.807697 -0.360681</i>
                        <i>0.0169471 0.868513 0.495377 -0.99962 0.0254824 -0.0104792 -0.0217247 -0.495011 0.868615 -0.0492245 0.745468 -0.3645</i>
                        <i>0.00829959 0.904036 0.427376 -0.99883 0.0278556 -0.0395263 -0.047638 -0.426548 0.903209 -0.0563064 0.743476 -0.370134</i>
                        <i>0.00257365 0.940981 0.338449 -0.996642 0.0301116 -0.07614 -0.0818376 -0.337116 0.937899 -0.0622668 0.788465 -0.376353</i>
                        <i>0.00321847 0.971491 0.237056 -0.992567 0.0319433 -0.117432 -0.121657 -0.234916 0.964372 -0.0669191 0.867307 -0.381903</i>
                        <i>0.0116213 0.990999 0.133363 -0.986495 0.0331546 -0.160403 -0.16338 -0.129698 0.978001 -0.0703214 0.967075 -0.38589</i>
                        <i>0.0265779 0.998924 0.0380112 -0.978795 0.0337307 -0.202046 -0.20311 -0.0318352 0.978638 -0.0726974 1.07497 -0.388008</i>
                        <i>0.0444887 0.998239 -0.0392401 -0.97031 0.03383 -0.239486 -0.237737 0.0487295 0.970106 -0.0742897 1.17818 -0.388567</i>
                        <i>0.0601429 0.994105 -0.0902157 -0.962256 0.033709 -0.270049 -0.265416 0.103052 0.958611 -0.0752419 1.26378 -0.38833</i>
                        <i>0.0677705 0.991842 -0.107967 -0.956063 0.0336242 -0.291227 -0.285221 0.12296 0.950542 -0.0755852 1.31872 -0.388198</i>
                        <i>0.0645111 0.991984 -0.108652 -0.95371 0.0292393 -0.299304 -0.293728 0.122931 0.947951 -0.0779847 1.36204 -0.389034</i>
                        <i>0.0545012 0.992222 -0.111914 -0.956264 0.0196085 -0.291845 -0.287381 0.122925 0.949896 -0.0831547 1.41146 -0.390513</i>
                        <i>0.0427585 0.992354 -0.115777 -0.963319 0.0102208 -0.268166 -0.264932 0.122997 0.956391 -0.088198 1.45214 -0.391468</i>
                        <i>0.0344298 0.992379 -0.118316 -0.973774 0.00667015 -0.22742 -0.224898 0.123043 0.966582 -0.0901436 1.46966 -0.390938</i>
                        <i>0.0293372 0.992375 -0.119709 -0.986299 0.00928935 -0.164706 -0.162338 0.122901 0.979051 -0.0836121 1.46236 -0.38898</i>
                        <i>0.0233883 0.992483 -0.120126 -0.996484 0.0134731 -0.0826984 -0.0804583 0.121638 0.989308 -0.068118 1.44153 -0.386727</i>
                        <i>0.0167194 0.992856 -0.11814 -0.999815 0.0177292 0.00750138 0.00954233 0.117993 0.992969 -0.0480629 1.41242 -0.385087</i>
                        <i>0.0110713 0.993486 -0.113411 -0.995312 0.0218467 0.0942148 0.0960788 0.111836 0.989071 -0.0280361 1.38039 -0.384439</i>
                        <i>0.00829171 0.994164 -0.107564 -0.98579 0.0261747 0.16593 0.167777 0.104659 0.980254 -0.0126529 1.35096 -0.384541</i>
                        <i>0.00871427 0.994611 -0.103312 -0.976821 0.0305649 0.211863 0.213879 0.0990707 0.971824 -0.00641248 1.32976 -0.384716</i>
                        <i>-0.000292547 0.994956 -0.100312 -0.972675 0.0230063 0.231028 0.232171 0.0976382 0.967762 -0.0124439 1.31556 -0.383624</i>
                        <i>-0.0199789 0.995103 -0.0967987 -0.972713 0.00303778 0.231993 0.231151 0.0987923 0.967889 -0.0277937 1.3036 -0.380955</i>
                        <i>-0.0339425 0.995051 -0.0933882 -0.975695 -0.0127509 0.218761 0.216488 0.0985437 0.971299 -0.0477797 1.29423 -0.377649</i>
                        <i>-0.0391976 0.995097 -0.0908022 -0.980505 -0.0207935 0.19539 0.192544 0.0966908 0.976513 -0.0677039 1.28792 -0.374661</i>
                        <i>-0.0426773 0.994992 -0.0903818 -0.985768 -0.0272124 0.165893 0.162603 0.0961754 0.981993 -0.0828239 1.28529 -0.372783</i>
                        <i>-0.0430142 0.994782 -0.0925139 -0.990467 -0.0303315 0.134368 0.130861 0.0974117 0.986603 -0.0883648 1.28711 -0.372566</i>
                        <i>-0.0394357 0.99457 -0.0963108 -0.995313 -0.0305813 0.0917402 0.0882967 0.0994773 0.991114 -0.0828931 1.29686 -0.37432</i>
                        <i>-0.0329426 0.994418 -0.100236 -0.999019 -0.0297938 0.0327505 0.0295812 0.101217 0.994424 -0.0702059 1.31466 -0.37749</i>
                        <i>-0.0249434 0.994306 -0.103604 -0.999068 -0.0284451 -0.0324599 -0.0352221 0.102698 0.994089 -0.0534044 1.33627 -0.381187</i>
                        <i>-0.0170223 0.994212 -0.106081 -0.995247 -0.0270226 -0.0935576 -0.0958826 0.103984 0.989946 -0.0356576 1.35745 -0.384626</i>
                        <i>-0.0108577 0.994118 -0.10776 -0.989759 -0.0260246 -0.140358 -0.142336 0.105132 0.984219 -0.0201794 1.37396 -0.387154</i>
                        <i>-0.00813744 0.994007 -0.109015 -0.986283 -0.025952 -0.16301 -0.164862 0.106194 0.980583 -0.0101922 1.3816 -0.388213</i>
                        <i>-0.00779018 0.993918 -0.109845 -0.986034 -0.0259103 -0.164516 -0.166361 0.10703 0.980239 -0.00448725 1.38106 -0.388211</i>
                        <i>-0.00765267 0.993892 -0.110087 -0.987489 -0.0248509 -0.155715 -0.157499 0.107518 0.981649 0.000332834 1.3765 -0.387968</i>
                        <i>-0.00774323 0.993913 -0.109897 -0.990076 -0.0230417 -0.138631 -0.140319 0.107732 0.984228 0.00434309 1.36891 -0.387556</i>
                        <i>-0.00806719 0.993962 -0.109428 -0.993116 -0.0207518 -0.11528 -0.116854 0.107745 0.987287 0.00761973 1.35925 -0.387051</i>
                        <i>-0.00863366 0.994024 -0.108824 -0.99598 -0.0182519 -0.0876999 -0.089162 0.107629 0.990185 0.0102355 1.34852 -0.38652</i>
                        <i>-0.00946485 0.994084 -0.108202 -0.998194 -0.015813 -0.0579631 -0.0593311 0.107458 0.992438 0.0122575 1.3377 -0.386013</i>
                        <i>-0.0105987 0.994132 -0.107655 -0.999509 -0.0137068 -0.0281721 -0.0294824 0.107303 0.993789 0.0137474 1.32777 -0.385565</i>
                        <i>-0.0120868 0.994158 -0.107253 -0.999925 -0.0122048 -0.000444243 -0.00175065 0.10724 0.994232 0.0147631 1.31972 -0.385192</i>
                        <i>-0.0139889 0.994155 -0.107052 -0.999666 -0.0115784 0.0231062 0.0217317 0.10734 0.993985 0.0153606 1.31454 -0.384894</i>
                        <i>-0.0140291 0.994178 -0.106832 -0.999665 -0.0116236 0.0231062 0.0217299 0.10712 0.994009 0.0153606 1.31298 -0.384894</i>
                        <i>-0.0141294 0.994236 -0.106281 -0.999664 -0.0117366 0.0231062 0.0217256 0.106571 0.994068 0.0153606 1.31446 -0.384894</i>
                        <i>-0.01426 0.99431 -0.105563 -0.999662 -0.0118836 0.0231061 0.0217202 0.105857 0.994144 0.0153606 1.31796 -0.384894</i>
                        <i>-0.0143907 0.994385 -0.104844 -0.999661 -0.0120309 0.0231061 0.021715 0.105141 0.99422 0.0153606 1.32247 -0.384894</i>
                        <i>-0.0144914 0.994441 -0.10429 -0.999659 -0.0121442 0.0231061 0.0217111 0.104589 0.994278 0.0153606 1.32697 -0.384894</i>
                        <i>-0.0145317 0.994464 -0.104068 -0.999659 -0.0121896 0.0231061 0.0217096 0.104368 0.994302 0.0153606 1.33047 -0.384894</i>
                    </KeyFrames>
                </p>
            </i>
            <i>
                <p>
                    <Name><![CDATA[spine1]]></Name>
                    <Exclude>0</Exclude>
                    <Additive>0</Additive>
                    <IKPriority>0</IKPriority>
                    <IKRotLimits>-1e+010 -1e+010 -1e+010 1e+010 1e+010 1e+010</IKRotLimits>
                    <IKRotLimitOrder>0</IKRotLimitOrder>
                    <KeyFrames count="96">
                        <i>0.0593238 0.988637 -0.138123 -0.998199 0.0599831 0.000611395 0.00888951 0.137838 0.990415 -0.0709489 1.50321 -0.0203545</i>
                        <i>0.106638 0.992975 -0.0512727 -0.993425 0.104242 -0.0473314 -0.0416541 0.0559829 0.997562 -0.0665857 1.49197 -0.00661516</i>
                        <i>0.159177 0.986021 0.0492387 -0.981835 0.163323 -0.0965677 -0.10326 -0.0329729 0.994108 -0.0640103 1.47786 0.0079476</i>
                        <i>0.203082 0.966879 0.154604 -0.963975 0.225125 -0.141669 -0.171782 -0.120264 0.977767 -0.0630616 1.46267 0.0219481</i>
                        <i>0.228725 0.939768 0.254008 -0.943409 0.278342 -0.180294 -0.240136 -0.198396 0.950249 -0.0630426 1.44819 0.0344602</i>
                        <i>0.231574 0.912758 0.336521 -0.925427 0.313345 -0.213073 -0.299931 -0.262083 0.917253 -0.062819 1.4362 0.0450825</i>
                        <i>0.210939 0.895214 0.392553 -0.915231 0.321916 -0.242327 -0.343303 -0.30816 0.887232 -0.0609628 1.4284 0.0538246</i>
                        <i>0.166812 0.894913 0.41389 -0.916355 0.295662 -0.269959 -0.363961 -0.334238 0.869378 -0.0558745 1.4266 0.0607982</i>
                        <i>0.0526381 0.930076 0.363577 -0.938006 0.170957 -0.301526 -0.342598 -0.325166 0.881416 -0.0428442 1.43619 0.065213</i>
                        <i>-0.144543 0.959433 0.242067 -0.946995 -0.0632016 -0.314971 -0.286895 -0.274763 0.917713 -0.0220687 1.46025 0.065595</i>
                        <i>-0.353288 0.928673 0.112933 -0.907382 -0.310776 -0.282978 -0.227697 -0.202446 0.952455 -0.00120605 1.4952 0.0609163</i>
                        <i>-0.50309 0.863842 0.0260285 -0.845506 -0.485729 -0.221782 -0.178942 -0.133584 0.974749 0.0126178 1.53256 0.0539483</i>
                        <i>-0.557182 0.830347 -0.00850751 -0.817691 -0.550416 -0.168594 -0.144674 -0.086981 0.985649 0.0159265 1.56182 0.0523471</i>
                        <i>-0.523464 0.852048 0.000357843 -0.844609 -0.518839 -0.132065 -0.11234 -0.0694337 0.991241 0.0153292 1.58743 0.0629701</i>
                        <i>-0.432829 0.900683 0.037811 -0.89863 -0.427752 -0.0974323 -0.0715818 -0.0761496 0.994524 0.0170546 1.61668 0.0835378</i>
                        <i>-0.291255 0.952057 0.0935807 -0.956151 -0.286563 -0.0604697 -0.0307538 -0.107089 0.993774 0.0190671 1.6447 0.109023</i>
                        <i>-0.119192 0.980312 0.157419 -0.992871 -0.117685 -0.0188943 3.63603e-006 -0.158549 0.987351 0.0200634 1.66632 0.133779</i>
                        <i>0.0424336 0.975061 0.217845 -0.998999 0.0383205 0.0230726 0.0141493 -0.218606 0.975711 0.0196245 1.67483 0.151763</i>
                        <i>0.146139 0.95299 0.265429 -0.989146 0.136625 0.0540636 0.0152578 -0.270449 0.962613 0.0173269 1.6614 0.156651</i>
                        <i>0.186949 0.938109 0.291549 -0.982116 0.171738 0.0771617 0.0223161 -0.30076 0.953439 0.0133667 1.61403 0.149236</i>
                        <i>0.194306 0.934594 0.297958 -0.979912 0.171019 0.102594 0.0449271 -0.311908 0.94905 0.00928081 1.53445 0.135347</i>
                        <i>0.177035 0.939127 0.294447 -0.981594 0.146704 0.122273 0.0716338 -0.310674 0.947813 0.00623794 1.43468 0.115799</i>
                        <i>0.14502 0.945423 0.291794 -0.985348 0.111243 0.129283 0.0897674 -0.306267 0.947704 0.00498918 1.32958 0.0915918</i>
                        <i>0.110686 0.947472 0.300077 -0.989476 0.0767431 0.122666 0.0931941 -0.310496 0.945995 0.00563203 1.23647 0.06497</i>
                        <i>0.0869978 0.940563 0.328289 -0.992644 0.0539926 0.108363 0.0841973 -0.335301 0.938341 0.00801376 1.17349 0.0393079</i>
                        <i>0.0695524 0.903348 0.423232 -0.995399 0.0348183 0.0892641 0.0659003 -0.427493 0.901613 0.012223 1.12725 0.0154376</i>
                        <i>0.0445655 0.808837 0.586342 -0.997797 0.00716235 0.0659583 0.0491499 -0.58799 0.807374 0.0180101 1.08169 -0.00660141</i>
                        <i>0.0155617 0.668699 0.743371 -0.998726 -0.0253014 0.0436672 0.0480086 -0.743103 0.667453 0.0243389 1.04802 -0.0230193</i>
                        <i>-0.0086883 0.542498 0.840012 -0.997952 -0.0579444 0.0270998 0.0633756 -0.838056 0.54189 0.0296693 1.03493 -0.0299213</i>
                        <i>-0.0235347 0.484251 0.874612 -0.9963 -0.0836979 0.0195324 0.0826618 -0.870916 0.484429 0.0328238 1.05316 -0.0273913</i>
                        <i>-0.0291547 0.508645 0.860483 -0.99547 -0.0927076 0.0210725 0.0904917 -0.855971 0.509044 0.0332597 1.11789 -0.0200606</i>
                        <i>0.0220704 0.78949 0.613367 -0.999659 0.0259712 0.00254158 -0.0139233 -0.613214 0.789794 0.0200647 1.38008 0.00661917</i>
                        <i>0.0369245 0.975572 0.216556 -0.994803 0.0564606 -0.0847302 -0.0948872 -0.212302 0.972586 8.44259e-005 1.78045 0.0475134</i>
                        <i>-0.0363413 0.806083 -0.590686 -0.998924 -0.0463375 -0.00177699 -0.0288033 0.589986 0.8069 0.0339055 2.23081 0.297996</i>
                        <i>-0.0376128 0.738446 -0.673263 -0.999241 -0.0346412 0.0178289 -0.010157 0.673422 0.739188 0.0382535 2.47841 0.247779</i>
                        <i>-0.0251514 0.757383 -0.652486 -0.999617 -0.011531 0.0251475 0.0115225 0.652869 0.757383 0.0370654 2.60097 0.172545</i>
                        <i>-0.0156662 0.730534 -0.682696 -0.999244 0.0128548 0.0366858 0.0355762 0.682755 0.729781 0.0359375 2.67105 0.132401</i>
                        <i>-0.0133194 0.627177 -0.778763 -0.997635 0.0441838 0.0526462 0.0674272 0.777623 0.625105 0.035967 2.72293 0.121382</i>
                        <i>-0.0124531 0.480732 -0.876779 -0.99382 0.0907775 0.0638882 0.110305 0.872156 0.476631 0.0350957 2.74667 0.118695</i>
                        <i>-0.0125584 0.286761 -0.95792 -0.985408 0.159078 0.0605401 0.169745 0.944702 0.280579 0.0338071 2.7525 0.119501</i>
                        <i>-0.0132596 0.0497242 -0.998675 -0.969996 0.24184 0.0249201 0.242759 0.969041 0.0450256 0.0327042 2.74483 0.120632</i>
                        <i>-0.0137657 -0.217206 -0.976029 -0.958547 0.2807 -0.048948 0.284603 0.934895 -0.212066 0.0322621 2.72674 0.1252</i>
                        <i>-0.0137657 -0.473184 -0.880856 -0.958547 0.256987 -0.12307 0.284603 0.842647 -0.457107 0.0322621 2.68492 0.133947</i>
                        <i>-0.0137657 -0.71368 -0.700337 -0.958547 0.208774 -0.193911 0.284603 0.668636 -0.686969 0.0322621 2.59849 0.137489</i>
                        <i>-0.0137657 -0.92886 -0.370175 -0.958547 0.117631 -0.259521 0.284603 0.351257 -0.891975 0.0322621 2.46887 0.13</i>
                        <i>-0.0137657 -0.983878 0.178311 -0.958547 -0.0377726 -0.282421 0.284603 -0.174807 -0.942573 0.0322621 2.30852 0.101686</i>
                        <i>-0.0102734 -0.176941 0.984168 -0.995687 -0.0889445 -0.0263848 0.0922049 -0.980194 -0.175265 0.0186346 2.20167 -0.171736</i>
                        <i>0.001468 0.806337 0.591455 -0.999815 -0.0101719 0.016349 0.019199 -0.591369 0.806172 -0.00927938 1.65933 -0.227806</i>
                        <i>0.0170653 0.68488 0.728456 -0.99982 0.00564818 0.0181122 0.0082902 -0.728634 0.684853 -0.0288244 1.08443 -0.267844</i>
                        <i>0.00914069 0.707744 0.70641 -0.999955 0.00471216 0.00821801 0.00248753 -0.706454 0.707755 -0.0374584 0.945398 -0.273159</i>
                        <i>-0.0133134 0.761699 0.647795 -0.999844 -0.00263202 -0.0174539 -0.0115896 -0.647926 0.761615 -0.0465111 0.884568 -0.285082</i>
                        <i>-0.0432247 0.8308 0.55489 -0.998413 -0.0158458 -0.0540493 -0.0361115 -0.556345 0.830166 -0.0549899 0.887232 -0.30209</i>
                        <i>-0.0722187 0.898225 0.433562 -0.994804 -0.0335965 -0.0961023 -0.0717553 -0.43825 0.895985 -0.0618621 0.938597 -0.322277</i>
                        <i>-0.0930659 0.95092 0.295111 -0.988869 -0.0537197 -0.138751 -0.116088 -0.304739 0.945335 -0.0664068 1.02416 -0.343566</i>
                        <i>-0.101899 0.98272 0.154525 -0.98117 -0.0736621 -0.17855 -0.164082 -0.169809 0.971721 -0.0684188 1.12992 -0.363932</i>
                        <i>-0.0991032 0.994712 0.0269706 -0.972652 -0.0911125 -0.21365 -0.210063 -0.0474064 0.976538 -0.0682477 1.2424 -0.381614</i>
                        <i>-0.0886662 0.993236 -0.0749717 -0.964284 -0.104454 -0.243404 -0.249589 0.0507123 0.967023 -0.0666963 1.34859 -0.395261</i>
                        <i>-0.0766367 0.986898 -0.141984 -0.956872 -0.11282 -0.267707 -0.280218 0.115344 0.952982 -0.0648343 1.43576 -0.403947</i>
                        <i>-0.06949 0.983554 -0.16671 -0.951113 -0.115732 -0.286341 -0.300925 0.138662 0.943513 -0.0637957 1.4912 -0.406987</i>
                        <i>-0.0556491 0.984928 -0.16377 -0.949977 -0.102717 -0.294947 -0.307323 0.139164 0.941375 -0.066778 1.53431 -0.407915</i>
                        <i>-0.0298978 0.98736 -0.155648 -0.954559 -0.0743975 -0.288586 -0.296518 0.139947 0.944718 -0.0737092 1.58336 -0.409913</i>
                        <i>-0.00751672 0.988992 -0.14778 -0.962894 -0.047028 -0.265751 -0.269775 0.140299 0.952648 -0.0807972 1.62384 -0.411509</i>
                        <i>-0.00375647 0.989425 -0.144999 -0.973605 -0.036709 -0.225266 -0.228207 0.140326 0.963447 -0.0841859 1.64132 -0.411413</i>
                        <i>-0.00962725 0.989691 -0.142893 -0.986596 -0.0326802 -0.159876 -0.162898 0.139438 0.97674 -0.0785313 1.63417 -0.409715</i>
                        <i>-0.0065451 0.990674 -0.136099 -0.997336 -0.0163545 -0.0710825 -0.0726454 0.135271 0.988142 -0.0640602 1.61368 -0.407575</i>
                        <i>0.00400359 0.992064 -0.12567 -0.999582 0.00756842 0.027902 0.0286317 0.125506 0.99168 -0.0451572 1.58497 -0.405633</i>
                        <i>0.0195705 0.993366 -0.113318 -0.991905 0.0335137 0.12248 0.125465 0.110004 0.985981 -0.0261105 1.55331 -0.404194</i>
                        <i>0.0367903 0.994163 -0.101421 -0.978537 0.056431 0.198193 0.20276 0.0919527 0.974902 -0.0112114 1.52412 -0.403292</i>
                        <i>0.0519521 0.99435 -0.0925649 -0.967507 0.0730823 0.242051 0.247448 0.0769821 0.965838 -0.00489839 1.50296 -0.402723</i>
                        <i>0.0388147 0.995623 -0.0850232 -0.9675 0.0587223 0.245956 0.249873 0.0727133 0.965545 -0.0124984 1.48867 -0.401093</i>
                        <i>0.00621422 0.996857 -0.0789746 -0.974247 0.023837 0.224222 0.2254 0.0755474 0.971333 -0.0312656 1.47638 -0.397775</i>
                        <i>0.00425476 0.996861 -0.0790627 -0.979769 0.0199753 0.199132 0.200086 0.0766159 0.976778 -0.0536655 1.46671 -0.393847</i>
                        <i>0.0334602 0.996041 -0.082361 -0.983346 0.0475388 0.175418 0.178639 0.0751197 0.981043 -0.0745061 1.46054 -0.390425</i>
                        <i>0.0553921 0.994825 -0.0851761 -0.987212 0.0673393 0.144489 0.149477 0.0760834 0.985834 -0.0902398 1.45813 -0.388497</i>
                        <i>0.0630607 0.994141 -0.0877849 -0.991325 0.0725593 0.109593 0.11532 0.0801123 0.990093 -0.0958449 1.46006 -0.388664</i>
                        <i>0.059818 0.994187 -0.0895229 -0.995878 0.0655642 0.062684 0.0681891 0.0854042 0.99401 -0.0897498 1.46975 -0.391076</i>
                        <i>0.0543635 0.994456 -0.0900075 -0.998509 0.0545894 4.7613e-005 0.0049608 0.0898707 0.995941 -0.0759305 1.48745 -0.394921</i>
                        <i>0.0478116 0.994736 -0.0906307 -0.996795 0.0416895 -0.06828 -0.0641422 0.0936048 0.993541 -0.0577361 1.50896 -0.399194</i>
                        <i>0.0413438 0.994888 -0.0921293 -0.990815 0.0289426 -0.13209 -0.128749 0.0967442 0.986947 -0.0386115 1.53005 -0.403055</i>
