<?xml version="1.0" encoding="ISO-8859-1" ?>
<Animl Version="1">
    <ModellingPackage>
        <![CDATA[Maya.2010]]>
</ModellingPackage>
    <SrcFile>
        <![CDATA[anims\characters\shared\base_soldier\~src\infantry\dance_raisetheroof.mb]]>
</SrcFile>
    <FramesPerSecond>30</FramesPerSecond>
    <TotalFrames>116</TotalFrames>
    <Skeleton>
        <RefFrame>
            <Name>
                <![CDATA[soldier_ref_frame]]>
</Name>
            <Exclude>0</Exclude>
            <Additive>0</Additive>
            <IKPriority>0</IKPriority>
            <IKRotLimits>-1e+010 -1e+010 -1e+010 1e+010 1e+010 1e+010</IKRotLimits>
            <IKRotLimitOrder>0</IKRotLimitOrder>
            <KeyFrames count="116">
                <i>1 0 0 0 1 0 0 0 1 0.328999 0 0.463463</i>
                <i>1 0 0 0 1 0 0 0 1 0.315919 0 0.469799</i>
                <i>1 0 0 0 1 0 0 0 1 0.303511 0 0.47662</i>
                <i>1 0 0 0 1 0 0 0 1 0.290974 0 0.483349</i>
                <i>1 0 0 0 1 0 0 0 1 0.27751 0 0.489406</i>
                <i>1 0 0 0 1 0 0 0 1 0.262318 0 0.494212</i>
                <i>1 0 0 0 1 0 0 0 1 0.24504 0 0.497228</i>
                <i>1 0 0 0 1 0 0 0 1 0.227272 0 0.498437</i>
                <i>1 0 0 0 1 0 0 0 1 0.207497 0 0.498099</i>
                <i>1 0 0 0 1 0 0 0 1 0.183621 0 0.496461</i>
                <i>1 0 0 0 1 0 0 0 1 0.153547 0 0.493775</i>
                <i>1 0 0 0 1 0 0 0 1 0.113041 0 0.489524</i>
                <i>1 0 0 0 1 0 0 0 1 0.062336 0 0.483338</i>
                <i>1 0 0 0 1 0 0 0 1 0.00891682 0 0.476424</i>
                <i>1 0 0 0 1 0 0 0 1 -0.0396695 0 0.470007</i>
                <i>1 0 0 0 1 0 0 0 1 -0.0765911 0 0.465184</i>
                <i>1 0 0 0 1 0 0 0 1 -0.109048 0 0.460629</i>
                <i>1 0 0 0 1 0 0 0 1 -0.140721 0 0.455825</i>
                <i>1 0 0 0 1 0 0 0 1 -0.171177 0 0.451012</i>
                <i>1 0 0 0 1 0 0 0 1 -0.199979 0 0.446432</i>
                <i>1 0 0 0 1 0 0 0 1 -0.226693 0 0.442326</i>
                <i>1 0 0 0 1 0 0 0 1 -0.250884 0 0.438935</i>
                <i>1 0 0 0 1 0 0 0 1 -0.272117 0 0.436501</i>
                <i>1 0 0 0 1 0 0 0 1 -0.289957 0 0.435265</i>
                <i>1 0 0 0 1 0 0 0 1 -0.303952 0 0.435469</i>
                <i>1 0 0 0 1 0 0 0 1 -0.310943 0 0.437621</i>
                <i>1 0 0 0 1 0 0 0 1 -0.310096 0 0.441851</i>
                <i>1 0 0 0 1 0 0 0 1 -0.303227 0 0.447971</i>
                <i>1 0 0 0 1 0 0 0 1 -0.292154 0 0.455792</i>
                <i>1 0 0 0 1 0 0 0 1 -0.278693 0 0.465125</i>
                <i>1 0 0 0 1 0 0 0 1 -0.26466 0 0.475783</i>
                <i>1 0 0 0 1 0 0 0 1 -0.251213 0 0.487542</i>
                <i>1 0 0 0 1 0 0 0 1 -0.236926 0 0.500179</i>
                <i>1 0 0 0 1 0 0 0 1 -0.221532 0 0.513691</i>
                <i>1 0 0 0 1 0 0 0 1 -0.204938 0 0.528097</i>
                <i>1 0 0 0 1 0 0 0 1 -0.187051 0 0.543409</i>
                <i>1 0 0 0 1 0 0 0 1 -0.167779 0 0.559644</i>
                <i>1 0 0 0 1 0 0 0 1 -0.147028 0 0.576818</i>
                <i>1 0 0 0 1 0 0 0 1 -0.124706 0 0.594945</i>
                <i>1 0 0 0 1 0 0 0 1 -0.10021 0 0.614331</i>
                <i>1 0 0 0 1 0 0 0 1 -0.0689629 0 0.637588</i>
                <i>1 0 0 0 1 0 0 0 1 -0.0327329 0 0.66384</i>
                <i>1 0 0 0 1 0 0 0 1 0.00492132 0 0.691204</i>
                <i>1 0 0 0 1 0 0 0 1 0.0404398 0 0.717799</i>
                <i>1 0 0 0 1 0 0 0 1 0.0702632 0 0.741743</i>
                <i>1 0 0 0 1 0 0 0 1 0.0927778 0 0.762709</i>
                <i>1 0 0 0 1 0 0 0 1 0.110209 0 0.782234</i>
                <i>1 0 0 0 1 0 0 0 1 0.123023 0 0.799513</i>
                <i>1 0 0 0 1 0 0 0 1 0.131624 0 0.813684</i>
                <i>1 0 0 0 1 0 0 0 1 0.136522 0 0.824016</i>
                <i>1 0 0 0 1 0 0 0 1 0.140362 0 0.832994</i>
                <i>1 0 0 0 1 0 0 0 1 0.143759 0 0.841561</i>
                <i>1 0 0 0 1 0 0 0 1 0.146167 0 0.849315</i>
                <i>1 0 0 0 1 0 0 0 1 0.14704 0 0.855852</i>
                <i>1 0 0 0 1 0 0 0 1 0.145832 0 0.860772</i>
                <i>1 0 0 0 1 0 0 0 1 0.141996 0 0.863671</i>
                <i>1 0 0 0 1 0 0 0 1 0.134985 0 0.864146</i>
                <i>1 0 0 0 1 0 0 0 1 0.124253 0 0.861796</i>
                <i>1 0 0 0 1 0 0 0 1 0.109278 0 0.856236</i>
                <i>1 0 0 0 1 0 0 0 1 0.0903243 0 0.84766</i>
                <i>1 0 0 0 1 0 0 0 1 0.0680644 0 0.836564</i>
                <i>1 0 0 0 1 0 0 0 1 0.0431712 0 0.823444</i>
                <i>1 0 0 0 1 0 0 0 1 0.0163179 0 0.808795</i>
                <i>1 0 0 0 1 0 0 0 1 -0.0118228 0 0.793114</i>
                <i>1 0 0 0 1 0 0 0 1 -0.040578 0 0.776895</i>
                <i>1 0 0 0 1 0 0 0 1 -0.0692747 0 0.760635</i>
                <i>1 0 0 0 1 0 0 0 1 -0.099132 0 0.7433</i>
                <i>1 0 0 0 1 0 0 0 1 -0.13418 0 0.721645</i>
                <i>1 0 0 0 1 0 0 0 1 -0.171723 0 0.697922</i>
                <i>1 0 0 0 1 0 0 0 1 -0.208601 0 0.67476</i>
                <i>1 0 0 0 1 0 0 0 1 -0.241674 0 0.654773</i>
                <i>1 0 0 0 1 0 0 0 1 -0.271393 0 0.6377</i>
                <i>1 0 0 0 1 0 0 0 1 -0.299342 0 0.622186</i>
                <i>1 0 0 0 1 0 0 0 1 -0.325266 0 0.608271</i>
                <i>1 0 0 0 1 0 0 0 1 -0.348911 0 0.595995</i>
                <i>1 0 0 0 1 0 0 0 1 -0.370373 0 0.585262</i>
                <i>1 0 0 0 1 0 0 0 1 -0.391342 0 0.575334</i>
                <i>1 0 0 0 1 0 0 0 1 -0.411135 0 0.566411</i>
                <i>1 0 0 0 1 0 0 0 1 -0.428618 0 0.558872</i>
                <i>1 0 0 0 1 0 0 0 1 -0.442655 0 0.553093</i>
                <i>1 0 0 0 1 0 0 0 1 -0.452115 0 0.549452</i>
                <i>1 0 0 0 1 0 0 0 1 -0.457536 0 0.547496</i>
                <i>1 0 0 0 1 0 0 0 1 -0.460574 0 0.546453</i>
                <i>1 0 0 0 1 0 0 0 1 -0.461449 0 0.546402</i>
                <i>1 0 0 0 1 0 0 0 1 -0.460378 0 0.547419</i>
                <i>1 0 0 0 1 0 0 0 1 -0.45758 0 0.549583</i>
                <i>1 0 0 0 1 0 0 0 1 -0.453274 0 0.552971</i>
                <i>1 0 0 0 1 0 0 0 1 -0.447676 0 0.557661</i>
                <i>1 0 0 0 1 0 0 0 1 -0.440271 0 0.564496</i>
                <i>1 0 0 0 1 0 0 0 1 -0.428521 0 0.575849</i>
                <i>1 0 0 0 1 0 0 0 1 -0.412928 0 0.590203</i>
                <i>1 0 0 0 1 0 0 0 1 -0.394338 0 0.605644</i>
                <i>1 0 0 0 1 0 0 0 1 -0.373599 0 0.620261</i>
                <i>1 0 0 0 1 0 0 0 1 -0.350632 0 0.633664</i>
                <i>1 0 0 0 1 0 0 0 1 -0.32536 0 0.646895</i>
                <i>1 0 0 0 1 0 0 0 1 -0.298635 0 0.660192</i>
                <i>1 0 0 0 1 0 0 0 1 -0.27131 0 0.673792</i>
                <i>1 0 0 0 1 0 0 0 1 -0.244233 0 0.687932</i>
                <i>1 0 0 0 1 0 0 0 1 -0.218258 0 0.702849</i>
                <i>1 0 0 0 1 0 0 0 1 -0.193644 0 0.718937</i>
                <i>1 0 0 0 1 0 0 0 1 -0.16849 0 0.736741</i>
                <i>1 0 0 0 1 0 0 0 1 -0.14332 0 0.755607</i>
                <i>1 0 0 0 1 0 0 0 1 -0.119009 0 0.774756</i>
                <i>1 0 0 0 1 0 0 0 1 -0.0964354 0 0.793408</i>
                <i>1 0 0 0 1 0 0 0 1 -0.0764738 0 0.810784</i>
                <i>1 0 0 0 1 0 0 0 1 -0.0599889 0 0.826114</i>
                <i>1 0 0 0 1 0 0 0 1 -0.0466391 0 0.83964</i>
                <i>1 0 0 0 1 0 0 0 1 -0.0356045 0 0.852001</i>
                <i>1 0 0 0 1 0 0 0 1 -0.0265172 0 0.863456</i>
                <i>1 0 0 0 1 0 0 0 1 -0.0190093 0 0.874266</i>
                <i>1 0 0 0 1 0 0 0 1 -0.012713 0 0.884691</i>
                <i>1 0 0 0 1 0 0 0 1 -0.00726041 0 0.894989</i>
                <i>1 0 0 0 1 0 0 0 1 -0.00228354 0 0.905422</i>
                <i>1 0 0 0 1 0 0 0 1 -0.000730363 0 0.915447</i>
                <i>1 0 0 0 1 0 0 0 1 -0.00644658 0 0.924052</i>
                <i>1 0 0 0 1 0 0 0 1 -0.0127181 0 0.932548</i>
            </KeyFrames>
        </RefFrame>
        <Bones count="23">
            <i>
                <p>
                    <Name>
                        <![CDATA[pelvis]]>
</Name>
                    <Exclude>0</Exclude>
                    <Additive>0</Additive>
                    <IKPriority>0</IKPriority>
                    <IKRotLimits>-1e+010 -1e+010 -1e+010 1e+010 1e+010 1e+010</IKRotLimits>
                    <IKRotLimitOrder>2</IKRotLimitOrder>
                    <KeyFrames count="116">
                        <i>1 0 0 0 1 0 0 0 1 0.328999 1.02063 0.463463</i>
                        <i>1 0 0 0 1 0 0 0 1 0.337285 1.0339 0.456527</i>
                        <i>1 0 0 0 1 0 0 0 1 0.342708 1.05038 0.444944</i>
                        <i>1 0 0 0 1 0 0 0 1 0.330937 1.07157 0.44202</i>
                        <i>1 0 0 0 1 0 0 0 1 0.304114 1.09461 0.457609</i>
                        <i>1 0 0 0 1 0 0 0 1 0.274756 1.11249 0.485448</i>
                        <i>1 0 0 0 1 0 0 0 1 0.246458 1.11916 0.518095</i>
                        <i>1 0 0 0 1 0 0 0 1 0.220697 1.10669 0.547578</i>
                        <i>1 0 0 0 1 0 0 0 1 0.1954 1.0815 0.566447</i>
                        <i>1 0 0 0 1 0 0 0 1 0.170437 1.05363 0.56679</i>
                        <i>1 0 0 0 1 0 0 0 1 0.146055 1.03452 0.543832</i>
                        <i>1 0 0 0 1 0 0 0 1 0.113963 1.03203 0.508232</i>
                        <i>1 0 0 0 1 0 0 0 1 0.0695748 1.04137 0.472709</i>
                        <i>1 0 0 0 1 0 0 0 1 0.0178552 1.05738 0.452058</i>
                        <i>1 0 0 0 1 0 0 0 1 -0.0356682 1.07405 0.457346</i>
                        <i>1 0 0 0 1 0 0 0 1 -0.0821537 1.08372 0.482095</i>
                        <i>1 0 0 0 1 0 0 0 1 -0.12318 1.08797 0.512663</i>
                        <i>1 0 0 0 1 0 0 0 1 -0.158232 1.08816 0.535713</i>
                        <i>1 0 0 0 1 0 0 0 1 -0.185774 1.08295 0.539281</i>
                        <i>1 0 0 0 1 0 0 0 1 -0.209538 1.07444 0.531725</i>
                        <i>1 0 0 0 1 0 0 0 1 -0.231495 1.06462 0.519192</i>
                        <i>1 0 0 0 1 0 0 0 1 -0.252172 1.05483 0.503506</i>
                        <i>1 0 0 0 1 0 0 0 1 -0.271515 1.04647 0.486563</i>
                        <i>1 0 0 0 1 0 0 0 1 -0.288916 1.04091 0.470248</i>
                        <i>1 0 0 0 1 0 0 0 1 -0.30334 1.03953 0.456396</i>
                        <i>1 0 0 0 1 0 0 0 1 -0.311 1.04739 0.447035</i>
                        <i>1 0 0 0 1 0 0 0 1 -0.310252 1.06473 0.44384</i>
                        <i>1 0 0 0 1 0 0 0 1 -0.303259 1.08797 0.448149</i>
                        <i>1 0 0 0 1 0 0 0 1 -0.294575 1.11479 0.464046</i>
                        <i>1 0 0 0 1 0 0 0 1 -0.288548 1.14024 0.48946</i>
                        <i>1 0 0 0 1 0 0 0 1 -0.286278 1.15777 0.519345</i>
                        <i>1 0 0 0 1 0 0 0 1 -0.285538 1.16271 0.549685</i>
                        <i>1 0 0 0 1 0 0 0 1 -0.28179 1.15682 0.576554</i>
                        <i>1 0 0 0 1 0 0 0 1 -0.271781 1.14172 0.596066</i>
                        <i>1 0 0 0 1 0 0 0 1 -0.253541 1.11958 0.605546</i>
                        <i>1 0 0 0 1 0 0 0 1 -0.228825 1.09445 0.608012</i>
                        <i>1 0 0 0 1 0 0 0 1 -0.198952 1.06962 0.606009</i>
                        <i>1 0 0 0 1 0 0 0 1 -0.164981 1.04798 0.602106</i>
                        <i>1 0 0 0 1 0 0 0 1 -0.127885 1.03221 0.599025</i>
                        <i>1 0 0 0 1 0 0 0 1 -0.0882008 1.02561 0.599835</i>
                        <i>1 0 0 0 1 0 0 0 1 -0.0426191 1.03501 0.60997</i>
                        <i>1 0 0 0 1 0 0 0 1 0.00486182 1.05663 0.63072</i>
                        <i>1 0 0 0 1 0 0 0 1 0.0459954 1.08455 0.661301</i>
                        <i>1 0 0 0 1 0 0 0 1 0.0683985 1.11297 0.700576</i>
                        <i>1 0 0 0 1 0 0 0 1 0.0718108 1.13289 0.739505</i>
                        <i>1 0 0 0 1 0 0 0 1 0.0624272 1.13524 0.772806</i>
                        <i>1 0 0 0 1 0 0 0 1 0.0512033 1.12119 0.79921</i>
                        <i>1 0 0 0 1 0 0 0 1 0.0478167 1.09929 0.817565</i>
                        <i>1 0 0 0 1 0 0 0 1 0.0608431 1.07763 0.82848</i>
                        <i>1 0 0 0 1 0 0 0 1 0.086207 1.06656 0.834207</i>
                        <i>1 0 0 0 1 0 0 0 1 0.115591 1.06501 0.838137</i>
                        <i>1 0 0 0 1 0 0 0 1 0.138858 1.07043 0.842631</i>
                        <i>1 0 0 0 1 0 0 0 1 0.146069 1.08379 0.849317</i>
                        <i>1 0 0 0 1 0 0 0 1 0.142878 1.10152 0.856724</i>
                        <i>1 0 0 0 1 0 0 0 1 0.133328 1.12018 0.863635</i>
                        <i>1 0 0 0 1 0 0 0 1 0.118519 1.13712 0.869378</i>
                        <i>1 0 0 0 1 0 0 0 1 0.0994954 1.1496 0.87318</i>
                        <i>1 0 0 0 1 0 0 0 1 0.0772513 1.15482 0.874171</i>
                        <i>1 0 0 0 1 0 0 0 1 0.0528783 1.14959 0.872047</i>
                        <i>1 0 0 0 1 0 0 0 1 0.0284192 1.1339 0.867309</i>
                        <i>1 0 0 0 1 0 0 0 1 0.00628549 1.11021 0.859596</i>
                        <i>1 0 0 0 1 0 0 0 1 -0.0113335 1.08157 0.847666</i>
                        <i>1 0 0 0 1 0 0 0 1 -0.0252187 1.05181 0.830807</i>
                        <i>1 0 0 0 1 0 0 0 1 -0.0373825 1.02454 0.809103</i>
                        <i>1 0 0 0 1 0 0 0 1 -0.0497913 1.00295 0.783423</i>
                        <i>1 0 0 0 1 0 0 0 1 -0.0640645 0.989842 0.755536</i>
                        <i>1 0 0 0 1 0 0 0 1 -0.0832747 0.993222 0.726341</i>
                        <i>1 0 0 0 1 0 0 0 1 -0.113211 1.02401 0.694515</i>
                        <i>1 0 0 0 1 0 0 0 1 -0.151586 1.06829 0.665225</i>
                        <i>1 0 0 0 1 0 0 0 1 -0.197032 1.11198 0.650947</i>
                        <i>1 0 0 0 1 0 0 0 1 -0.24404 1.13968 0.66177</i>
                        <i>1 0 0 0 1 0 0 0 1 -0.285207 1.1404 0.683887</i>
                        <i>1 0 0 0 1 0 0 0 1 -0.318715 1.1223 0.700282</i>
                        <i>1 0 0 0 1 0 0 0 1 -0.343076 1.09465 0.695192</i>
                        <i>1 0 0 0 1 0 0 0 1 -0.359699 1.06834 0.661479</i>
                        <i>1 0 0 0 1 0 0 0 1 -0.3738 1.05749 0.612068</i>
                        <i>1 0 0 0 1 0 0 0 1 -0.391232 1.06196 0.562284</i>
                        <i>1 0 0 0 1 0 0 0 1 -0.411982 1.07806 0.529016</i>
                        <i>1 0 0 0 1 0 0 0 1 -0.431102 1.10294 0.52585</i>
                        <i>1 0 0 0 1 0 0 0 1 -0.443565 1.12856 0.545635</i>
                        <i>1 0 0 0 1 0 0 0 1 -0.448006 1.14561 0.578167</i>
                        <i>1 0 0 0 1 0 0 0 1 -0.447404 1.14996 0.613184</i>
                        <i>1 0 0 0 1 0 0 0 1 -0.445846 1.14493 0.640039</i>
                        <i>1 0 0 0 1 0 0 0 1 -0.445717 1.13066 0.649324</i>
                        <i>1 0 0 0 1 0 0 0 1 -0.446925 1.10954 0.642775</i>
                        <i>1 0 0 0 1 0 0 0 1 -0.448013 1.08574 0.627715</i>
                        <i>1 0 0 0 1 0 0 0 1 -0.447942 1.06288 0.607942</i>
                        <i>1 0 0 0 1 0 0 0 1 -0.445827 1.04515 0.587119</i>
                        <i>1 0 0 0 1 0 0 0 1 -0.44048 1.04026 0.569543</i>
                        <i>1 0 0 0 1 0 0 0 1 -0.428674 1.05813 0.561018</i>
                        <i>1 0 0 0 1 0 0 0 1 -0.410963 1.08819 0.56371</i>
                        <i>1 0 0 0 1 0 0 0 1 -0.389182 1.11892 0.583081</i>
                        <i>1 0 0 0 1 0 0 0 1 -0.365572 1.13683 0.62044</i>
                        <i>1 0 0 0 1 0 0 0 1 -0.341942 1.13408 0.66369</i>
                        <i>1 0 0 0 1 0 0 0 1 -0.317667 1.11574 0.70183</i>
                        <i>1 0 0 0 1 0 0 0 1 -0.29233 1.08465 0.72282</i>
                        <i>1 0 0 0 1 0 0 0 1 -0.264555 1.04888 0.727906</i>
                        <i>1 0 0 0 1 0 0 0 1 -0.234868 1.01716 0.724729</i>
                        <i>1 0 0 0 1 0 0 0 1 -0.204597 0.996305 0.718137</i>
                        <i>1 0 0 0 1 0 0 0 1 -0.17483 0.991717 0.713188</i>
                        <i>1 0 0 0 1 0 0 0 1 -0.145209 1.00236 0.714837</i>
                        <i>1 0 0 0 1 0 0 0 1 -0.119272 1.02377 0.725845</i>
                        <i>1 0 0 0 1 0 0 0 1 -0.103155 1.05204 0.746342</i>
                        <i>1 0 0 0 1 0 0 0 1 -0.100096 1.08205 0.770607</i>
                        <i>1 0 0 0 1 0 0 0 1 -0.107159 1.10758 0.793585</i>
                        <i>1 0 0 0 1 0 0 0 1 -0.120251 1.12231 0.812702</i>
                        <i>1 0 0 0 1 0 0 0 1 -0.133526 1.12607 0.827574</i>
                        <i>1 0 0 0 1 0 0 0 1 -0.140612 1.12167 0.838676</i>
                        <i>1 0 0 0 1 0 0 0 1 -0.135951 1.1099 0.847347</i>
                        <i>1 0 0 0 1 0 0 0 1 -0.120309 1.09275 0.85677</i>
                        <i>1 0 0 0 1 0 0 0 1 -0.0974808 1.07305 0.868269</i>
                        <i>1 0 0 0 1 0 0 0 1 -0.0707216 1.05348 0.881812</i>
                        <i>1 0 0 0 1 0 0 0 1 -0.0431806 1.03661 0.896727</i>
                        <i>1 0 0 0 1 0 0 0 1 -0.021225 1.02597 0.911245</i>
                        <i>1 0 0 0 1 0 0 0 1 -0.0121399 1.02214 0.922985</i>
                        <i>1 0 0 0 1 0 0 0 1 -0.0127181 1.02063 0.932548</i>
                    </KeyFrames>
                </p>
            </i>
            <i>
                <p>
                    <Name>
                        <![CDATA[spine0]]>
</Name>
                    <Exclude>0</Exclude>
                    <Additive>0</Additive>
                    <IKPriority>0</IKPriority>
                    <IKRotLimits>-1e+010 -1e+010 -1e+010 1e+010 1e+010 1e+010</IKRotLimits>
                    <IKRotLimitOrder>0</IKRotLimitOrder>
                    <KeyFrames count="116">
                        <i>0.264975 0.960476 -0.085288 -0.429524 0.0383798 -0.90224 -0.863306 0.275704 0.422717 0.376768 1.15209 0.41638</i>
                        <i>0.190287 0.978747 -0.0764495 -0.529853 0.0368318 -0.84729 -0.826467 0.201735 0.5256 0.386279 1.16382 0.4021</i>
                        <i>0.119364 0.991552 -0.0507585 -0.628712 0.0359197 -0.776808 -0.768423 0.124636 0.627688 0.390924 1.17879 0.38274</i>
                        <i>0.0881258 0.995293 -0.0403115 -0.717127 0.0353048 -0.696048 -0.691349 0.0902483 0.716863 0.377568 1.19811 0.371379</i>
                        <i>0.0940502 0.992992 -0.0715714 -0.789503 0.0305953 -0.612983 -0.606497 0.114157 0.786848 0.349657 1.21813 0.376849</i>
                        <i>0.109999 0.984593 -0.135926 -0.843683 0.0201961 -0.536462 -0.525452 0.173689 0.832906 0.319716 1.2316 0.393121</i>
                        <i>0.128866 0.966694 -0.221125 -0.87824 0.00769875 -0.478158 -0.46053 0.255819 0.849982 0.29081 1.2332 0.414767</i>
                        <i>0.148613 0.940568 -0.305362 -0.892032 -0.00577966 -0.451935 -0.42684 0.339556 0.838158 0.262575 1.21766 0.437559</i>
                        <i>0.165674 0.915166 -0.367456 -0.894103 -0.0178215 -0.447507 -0.416092 0.402684 0.8153 0.23337 1.19219 0.454548</i>
                        <i>0.17397 0.903417 -0.391883 -0.893317 -0.0226794 -0.448855 -0.414391 0.428163 0.803092 0.202683 1.16726 0.458352</i>
                        <i>0.16726 0.913224 -0.371545 -0.898629 -0.0138141 -0.438493 -0.405575 0.407223 0.818339 0.169893 1.15441 0.44569</i>
                        <i>0.151621 0.93733 -0.313724 -0.911481 0.00980345 -0.411224 -0.382378 0.348304 0.855846 0.129452 1.15842 0.42433</i>
                        <i>0.138703 0.963211 -0.230189 -0.924773 0.0428078 -0.378105 -0.35434 0.265317 0.896688 0.0786833 1.1728 0.404089</i>
                        <i>0.133411 0.977282 -0.164688 -0.936162 0.06973 -0.344584 -0.325272 0.200146 0.924197 0.024402 1.19112 0.392907</i>
                        <i>0.140152 0.977293 -0.158922 -0.944337 0.0836895 -0.318156 -0.297631 0.194667 0.934623 -0.0276007 1.20732 0.396098</i>
                        <i>0.152539 0.965735 -0.20997 -0.950837 0.0854672 -0.297665 -0.26952 0.245053 0.931294 -0.0712521 1.21398 0.409439</i>
                        <i>0.160403 0.947166 -0.277754 -0.958721 0.0825678 -0.272097 -0.234788 0.309934 0.921312 -0.108905 1.21324 0.425632</i>
                        <i>0.157148 0.932265 -0.325864 -0.968516 0.0809718 -0.235414 -0.193082 0.352599 0.915638 -0.141498 1.20848 0.437334</i>
                        <i>0.141636 0.933774 -0.32864 -0.978802 0.0824888 -0.187462 -0.147938 0.348225 0.925664 -0.168398 1.20154 0.437374</i>
                        <i>0.122189 0.944595 -0.304647 -0.987242 0.0841012 -0.135202 -0.10209 0.317281 0.942821 -0.191928 1.19348 0.430759</i>
                        <i>0.103218 0.958063 -0.267324 -0.99292 0.0833613 -0.084622 -0.0587888 0.274166 0.959884 -0.213419 1.18508 0.421277</i>
                        <i>0.0862529 0.971302 -0.221659 -0.996034 0.0791995 -0.0405315 -0.021813 0.224276 0.974281 -0.23338 1.17725 0.410104</i>
                        <i>0.0715639 0.982144 -0.173987 -0.997422 0.0713893 -0.00726971 0.00528089 0.174059 0.984721 -0.251997 1.17102 0.398426</i>
                        <i>0.0582673 0.989619 -0.131375 -0.998112 0.0603122 0.0116371 0.0194398 0.130449 0.991264 -0.269124 1.16743 0.387384</i>
                        <i>0.0448003 0.993897 -0.100805 -0.998834 0.0463807 0.0133886 0.0179823 0.100087 0.994816 -0.284338 1.16766 0.378052</i>
                        <i>0.025485 0.994946 -0.0971231 -0.999599 0.0241659 -0.0147346 -0.0123131 0.0974597 0.995163 -0.295548 1.1764 0.370792</i>
                        <i>0.000796488 0.992513 -0.122133 -0.997307 -0.0081691 -0.0728898 -0.0733418 0.121863 0.989834 -0.300896 1.19359 0.366566</i>
                        <i>-0.0212136 0.985745 -0.166905 -0.987534 -0.0467034 -0.150316 -0.155969 0.161635 0.974447 -0.300427 1.21548 0.367043</i>
                        <i>-0.029583 0.97244 -0.23127 -0.967826 -0.0857056 -0.236573 -0.249874 0.216831 0.943688 -0.295921 1.23926 0.375227</i>
                        <i>-0.0173273 0.952942 -0.302657 -0.939866 -0.118792 -0.320219 -0.341103 0.278908 0.897696 -0.289582 1.26044 0.390736</i>
                        <i>0.0118163 0.931248 -0.364194 -0.910803 -0.14029 -0.388274 -0.412673 0.336297 0.846526 -0.282271 1.27349 0.411342</i>
                        <i>0.0469548 0.91235 -0.40671 -0.88972 -0.14689 -0.432228 -0.454085 0.382154 0.804839 -0.273154 1.27458 0.434942</i>
                        <i>0.0797712 0.89985 -0.428842 -0.875405 -0.142525 -0.461901 -0.476763 0.412257 0.776364 -0.260151 1.26637 0.458902</i>
                        <i>0.102537 0.898216 -0.427428 -0.866301 -0.130549 -0.482161 -0.488885 0.41972 0.764739 -0.241995 1.25133 0.480036</i>
                        <i>0.110406 0.90958 -0.400594 -0.859691 -0.11486 -0.497734 -0.498741 0.39934 0.769276 -0.217899 1.23202 0.49597</i>
                        <i>0.106637 0.927902 -0.357249 -0.852277 -0.0997518 -0.513491 -0.512106 0.359232 0.780193 -0.189099 1.21108 0.507906</i>
                        <i>0.0931947 0.947931 -0.304536 -0.841358 -0.0885717 -0.533171 -0.532383 0.305913 0.789295 -0.156874 1.19076 0.517057</i>
                        <i>0.0719573 0.965516 -0.250202 -0.82483 -0.0834354 -0.55919 -0.560783 0.246612 0.790383 -0.122454 1.17324 0.52456</i>
                        <i>0.0456972 0.978171 -0.202713 -0.801067 -0.0853557 -0.592458 -0.596828 0.18946 0.77968 -0.0869918 1.16083 0.531569</i>
                        <i>0.0189775 0.9852 -0.170353 -0.768044 -0.0947201 -0.633354 -0.640116 0.142858 0.754879 -0.0510167 1.15665 0.539533</i>
                        <i>0.000949157 0.987006 -0.160681 -0.719867 -0.110856 -0.685202 -0.694111 0.116319 0.710408 -0.0106556 1.16739 0.552214</i>
                        <i>-0.00211087 0.98559 -0.169142 -0.657799 -0.128765 -0.742105 -0.75319 0.109695 0.648592 0.0322862 1.18928 0.571593</i>
                        <i>0.0183102 0.981826 -0.1889 -0.585988 -0.142543 -0.797684 -0.810113 0.125299 0.572728 0.0723803 1.21639 0.59817</i>
                        <i>0.0785039 0.972934 -0.217342 -0.510599 -0.148007 -0.846985 -0.856228 0.177466 0.485159 0.100575 1.24264 0.631735</i>
                        <i>0.16444 0.956945 -0.2392 -0.440203 -0.145817 -0.885979 -0.882712 0.250987 0.397271 0.115313 1.2592 0.665856</i>
                        <i>0.248545 0.936051 -0.249065 -0.377532 -0.143183 -0.91486 -0.892017 0.321414 0.317802 0.119973 1.25698 0.695861</i>
                        <i>0.30791 0.92007 -0.242206 -0.316552 -0.140999 -0.938037 -0.89721 0.365502 0.247835 0.122477 1.23784 0.721049</i>
                        <i>0.333099 0.916284 -0.222415 -0.265776 -0.135079 -0.954524 -0.904659 0.377064 0.198532 0.128977 1.21215 0.740484</i>
                        <i>0.315403 0.927937 -0.198631 -0.234147 -0.126744 -0.963904 -0.919617 0.350527 0.177298 0.145469 1.18954 0.753345</i>
                        <i>0.271718 0.944857 -0.182796 -0.228261 -0.121248 -0.966021 -0.934915 0.30421 0.182728 0.168899 1.17976 0.760191</i>
                        <i>0.221419 0.960283 -0.169794 -0.234138 -0.116673 -0.965177 -0.946654 0.253464 0.199005 0.194406 1.18036 0.765305</i>
                        <i>0.185276 0.969805 -0.15859 -0.242307 -0.111316 -0.963793 -0.952345 0.216995 0.214366 0.21488 1.18745 0.771345</i>
                        <i>0.185439 0.970472 -0.154264 -0.250523 -0.105109 -0.962388 -0.950185 0.217111 0.223634 0.222628 1.20102 0.779428</i>
                        <i>0.206905 0.966202 -0.153762 -0.258465 -0.0975983 -0.961078 -0.943603 0.238594 0.229536 0.221913 1.21809 0.788168</i>
                        <i>0.238177 0.958851 -0.154521 -0.265746 -0.0886877 -0.959955 -0.934158 0.269703 0.233688 0.215613 1.23569 0.796424</i>
                        <i>0.274561 0.948914 -0.155494 -0.27177 -0.0785372 -0.959152 -0.922365 0.305605 0.236324 0.204316 1.25136 0.803474</i>
                        <i>0.31143 0.937444 -0.1556 -0.276043 -0.0674357 -0.958777 -0.909292 0.341544 0.237774 0.188562 1.26256 0.808487</i>
                        <i>0.344334 0.926172 -0.15375 -0.278196 -0.0557556 -0.958905 -0.896683 0.372956 0.238459 0.168852 1.26676 0.810537</i>
                        <i>0.365875 0.918062 -0.152634 -0.288064 -0.0442379 -0.956589 -0.88496 0.393961 0.248275 0.144883 1.26132 0.808411</i>
                        <i>0.370879 0.915711 -0.154667 -0.315497 -0.0324018 -0.948373 -0.873448 0.400529 0.276887 0.117702 1.24662 0.80214</i>
                        <i>0.359377 0.919971 -0.156528 -0.357731 -0.0191076 -0.933629 -0.861903 0.39152 0.322235 0.0900241 1.22502 0.792283</i>
                        <i>0.331773 0.930762 -0.15365 -0.411737 -0.0036722 -0.911295 -0.848764 0.365606 0.382011 0.0641174 1.19954 0.778724</i>
                        <i>0.294201 0.944917 -0.143452 -0.473744 0.0138199 -0.880554 -0.830068 0.327019 0.451714 0.0402201 1.17344 0.761536</i>
                        <i>0.254662 0.958775 -0.126089 -0.539271 0.0325708 -0.841502 -0.802704 0.282294 0.525334 0.0179245 1.14963 0.740996</i>
                        <i>0.220429 0.969783 -0.104558 -0.603605 0.0514172 -0.795624 -0.766206 0.238491 0.5967 -0.00316555 1.13081 0.717568</i>
                        <i>0.197314 0.976672 -0.0847313 -0.662375 0.0691003 -0.745979 -0.722721 0.203316 0.660558 -0.0233187 1.1195 0.692013</i>
                        <i>0.184034 0.980462 -0.0694644 -0.717989 0.0858293 -0.690742 -0.671284 0.176995 0.719757 -0.0455768 1.12379 0.664353</i>
                        <i>0.171383 0.983954 -0.0496332 -0.780483 0.104854 -0.616322 -0.601228 0.144365 0.785929 -0.0779038 1.1553 0.633978</i>
                        <i>0.166517 0.985492 -0.032835 -0.839135 0.124143 -0.529566 -0.517807 0.115735 0.847633 -0.117686 1.19992 0.605231</i>
                        <i>0.179117 0.982614 -0.0488509 -0.885154 0.13928 -0.443963 -0.429441 0.122762 0.894712 -0.162305 1.24229 0.585937</i>
                        <i>0.204293 0.970763 -0.126029 -0.915807 0.144057 -0.374893 -0.345777 0.192006 0.918462 -0.207225 1.26532 0.5822</i>
                        <i>0.211312 0.949701 -0.231117 -0.937533 0.130082 -0.322661 -0.276368 0.284862 0.917864 -0.249901 1.25893 0.586082</i>
                        <i>0.191675 0.928179 -0.318974 -0.955355 0.101992 -0.277298 -0.224849 0.357885 0.90629 -0.289506 1.23418 0.587946</i>
                        <i>0.15376 0.922849 -0.353138 -0.970216 0.0733025 -0.230883 -0.187185 0.378121 0.906635 -0.323261 1.20524 0.578988</i>
                        <i>0.110842 0.942356 -0.315721 -0.9828 0.0567166 -0.17575 -0.147712 0.329771 0.932434 -0.350613 1.18579 0.556719</i>
                        <i>0.0797448 0.969901 -0.23007 -0.99243 0.0556248 -0.109491 -0.0933979 0.23706 0.966995 -0.372657 1.18454 0.52979</i>
                        <i>0.057591 0.988613 -0.139021 -0.997911 0.052921 -0.0370611 -0.029282 0.140865 0.989596 -0.393195 1.1956 0.503822</i>
                        <i>0.0436316 0.995508 -0.0840269 -0.998572 0.0460508 0.0270699 0.0308178 0.0827258 0.996096 -0.412815 1.21431 0.485599</i>
                        <i>0.030137 0.994949 -0.095755 -0.99636 0.0375458 0.0765377 0.0797462 0.0930998 0.992458 -0.429723 1.23908 0.480974</i>
                        <i>0.0097164 0.987635 -0.156469 -0.993102 0.0278162 0.113907 0.116851 0.154283 0.981093 -0.441786 1.26247 0.487663</i>
                        <i>-0.0167783 0.970064 -0.24227 -0.990313 0.0172803 0.137775 0.137837 0.242234 0.960377 -0.448489 1.27456 0.501702</i>
                        <i>-0.0444009 0.941852 -0.333082 -0.988716 0.0063192 0.149668 0.14307 0.335969 0.930943 -0.451577 1.27134 0.517454</i>
                        <i>-0.069034 0.91055 -0.407594 -0.987724 -0.00499664 0.156128 0.140126 0.413368 0.899717 -0.453335 1.25798 0.528405</i>
                        <i>-0.0855426 0.891756 -0.444357 -0.987523 -0.016702 0.156589 0.132217 0.452207 0.882058 -0.455057 1.23863 0.529581</i>
                        <i>-0.0944503 0.889524 -0.447019 -0.988165 -0.0292514 0.150581 0.12087 0.455951 0.881759 -0.456746 1.21664 0.521769</i>
                        <i>-0.0986246 0.898311 -0.428148 -0.989472 -0.0427323 0.138269 0.105912 0.437277 0.893068 -0.457554 1.19464 0.509467</i>
                        <i>-0.100009 0.914652 -0.391676 -0.991132 -0.0569648 0.120047 0.0874898 0.400208 0.912238 -0.456849 1.17536 0.495547</i>
                        <i>-0.100634 0.934349 -0.341856 -0.99275 -0.0716008 0.0965431 0.0657278 0.349093 0.93478 -0.454149 1.16206 0.482761</i>
                        <i>-0.103954 0.952262 -0.287039 -0.993939 -0.0890905 0.0644054 0.0357584 0.291994 0.955751 -0.448913 1.16146 0.474181</i>
                        <i>-0.115978 0.962332 -0.245898 -0.993103 -0.116642 0.0119158 -0.017215 0.245584 0.969222 -0.439034 1.18235 0.473321</i>
                        <i>-0.130584 0.965451 -0.225504 -0.987961 -0.145746 -0.0518759 -0.08295 0.216015 0.97286 -0.423834 1.21377 0.480315</i>
                        <i>-0.139311 0.960528 -0.240789 -0.978503 -0.170867 -0.115482 -0.152066 0.219525 0.963683 -0.402318 1.24335 0.496726</i>
                        <i>-0.132653 0.945515 -0.29733 -0.967985 -0.188078 -0.166227 -0.213092 0.26576 0.940193 -0.373294 1.25685 0.522354</i>
                        <i>-0.113222 0.926184 -0.359673 -0.960485 -0.194668 -0.19893 -0.254262 0.322937 0.911626 -0.33931 1.24833 0.553085</i>
                        <i>-0.0939267 0.912515 -0.398114 -0.955514 -0.194925 -0.221353 -0.27959 0.359613 0.890229 -0.30354 1.22601 0.584545</i>
                        <i>-0.0779683 0.916018 -0.393487 -0.951171 -0.186584 -0.245887 -0.298655 0.355102 0.885837 -0.268536 1.19585 0.608226</i>
                        <i>-0.0690376 0.9323 -0.355036 -0.943816 -0.176328 -0.279498 -0.323179 0.315793 0.892093 -0.233605 1.16485 0.623513</i>
                        <i>-0.0656468 0.950798 -0.302777 -0.931053 -0.167511 -0.32416 -0.358929 0.260621 0.89624 -0.199161 1.13874 0.633977</i>
                        <i>-0.0638803 0.966247 -0.249571 -0.91128 -0.15842 -0.380094 -0.406802 0.203148 0.890642 -0.166993 1.12277 0.641423</i>
                        <i>-0.0588558 0.976879 -0.205533 -0.883416 -0.146849 -0.444985 -0.464879 0.155382 0.871633 -0.138126 1.12162 0.647829</i>
                        <i>-0.0490361 0.983983 -0.171383 -0.846491 -0.132018 -0.515776 -0.53014 0.119782 0.839407 -0.11048 1.13425 0.656663</i>
                        <i>-0.028661 0.987917 -0.15231 -0.802241 -0.113633 -0.586086 -0.596312 0.105392 0.795804 -0.0854258 1.15621 0.669691</i>
                        <i>0.013408 0.988614 -0.149877 -0.752375 -0.0887515 -0.652729 -0.658599 0.121515 0.742618 -0.0666226 1.18339 0.686941</i>
                        <i>0.0814475 0.984867 -0.152983 -0.696913 -0.0534542 -0.715161 -0.712515 0.164864 0.682013 -0.0567482 1.21069 0.705072</i>
                        <i>0.165312 0.974237 -0.15341 -0.637099 -0.0132491 -0.770668 -0.752846 0.225138 0.618495 -0.05405 1.23217 0.72169</i>
                        <i>0.252198 0.955877 -0.150651 -0.579095 0.0243563 -0.814896 -0.775271 0.292756 0.559686 -0.0564782 1.24208 0.735735</i>
                        <i>0.330528 0.932838 -0.143402 -0.523036 0.0545708 -0.850562 -0.785611 0.356139 0.505945 -0.0602321 1.24116 0.747315</i>
                        <i>0.388606 0.912306 -0.129163 -0.470271 0.0758326 -0.879258 -0.792357 0.402427 0.4585 -0.0606473 1.23353 0.757423</i>
                        <i>0.416501 0.902339 -0.110957 -0.428455 0.0871767 -0.899348 -0.801844 0.422119 0.422921 -0.0538826 1.22137 0.767625</i>
                        <i>0.417175 0.903732 -0.0960906 -0.401243 0.0882808 -0.911707 -0.815456 0.418897 0.399445 -0.0405067 1.20642 0.780271</i>
                        <i>0.398239 0.913052 -0.0879904 -0.387596 0.0805584 -0.918303 -0.831369 0.399808 0.385977 -0.0231849 1.1904 0.795759</i>
                        <i>0.365315 0.926774 -0.0873764 -0.385261 0.0650763 -0.92051 -0.847419 0.369939 0.380824 -0.00405032 1.17496 0.813499</i>
                        <i>0.323857 0.941478 -0.0934682 -0.391766 0.0435226 -0.919035 -0.861183 0.334253 0.382934 0.0150644 1.16189 0.832442</i>
                        <i>0.284098 0.953416 -0.10142 -0.406162 0.0238552 -0.91349 -0.868516 0.300713 0.394019 0.0298675 1.15429 0.85163</i>
                        <i>0.262343 0.959797 -0.0998267 -0.422467 0.0212289 -0.90613 -0.867581 0.279891 0.411052 0.0354195 1.15265 0.869995</i>
                        <i>0.264975 0.960476 -0.085288 -0.429524 0.0383798 -0.90224 -0.863306 0.275704 0.422717 0.0350505 1.15209 0.885464</i>
                    </KeyFrames>
                </p>
            </i>
            <i>
                <p>
                    <Name>
                        <![CDATA[spine1]]>
</Name>
                    <Exclude>0</Exclude>
                    <Additive>0</Additive>
                    <IKPriority>0</IKPriority>
                    <IKRotLimits>-1e+010 -1e+010 -1e+010 1e+010 1e+010 1e+010</IKRotLimits>
                    <IKRotLimitOrder>0</IKRotLimitOrder>
                    <KeyFrames count="116">
                        <i>0.295716 0.954321 -0.042711 -0.46398 0.104404 -0.879672 -0.83503 0.27995 0.47366 0.440394 1.3101 0.418434</i>
                        <i>0.185455 0.982578 -0.0120868 -0.556354 0.0948536 -0.825514 -0.809985 0.15982 0.564253 0.435334 1.32576 0.403529</i>
                        <i>0.0799681 0.995842 0.0436246 -0.639182 0.0848118 -0.764365 -0.764887 0.0332408 0.643306 0.426134 1.34585 0.386515</i>
                        <i>0.0269629 0.995967 0.0855749 -0.711405 0.079258 -0.698299 -0.702265 -0.0420502 0.710672 0.406064 1.36824 0.374754</i>
                        <i>0.0203554 0.99592 0.0879109 -0.773251 0.0714208 -0.630065 -0.633774 -0.0551519 0.77155 0.378235 1.3878 0.372125</i>
                        <i>0.0291142 0.997854 0.0586434 -0.824152 0.0571615 -0.563477 -0.56562 -0.0319259 0.824048 0.350229 1.39854 0.374381</i>
                        <i>0.0515279 0.99867 -0.00159372 -0.862326 0.0436879 -0.504466 -0.503725 0.0273684 0.86343 0.324016 1.3953 0.378611</i>
                        <i>0.101871 0.990497 -0.0923972 -0.883045 0.0472655 -0.466903 -0.458099 0.129155 0.879468 0.299257 1.37425 0.384632</i>
                        <i>0.163275 0.969021 -0.185309 -0.892965 0.0652915 -0.445365 -0.419469 0.238192 0.875963 0.273653 1.34511 0.388846</i>
                        <i>0.217219 0.943291 -0.251034 -0.897273 0.0916962 -0.431848 -0.384339 0.319052 0.866308 0.244961 1.31936 0.387167</i>
                        <i>0.252215 0.925966 -0.281024 -0.900327 0.118103 -0.418884 -0.354682 0.358663 0.863459 0.210513 1.30787 0.378615</i>
                        <i>0.268409 0.924099 -0.272024 -0.904532 0.144649 -0.401121 -0.331328 0.353719 0.874703 0.166046 1.31435 0.369024</i>
                        <i>0.283823 0.930623 -0.231053 -0.90677 0.18214 -0.380255 -0.31179 0.317437 0.895556 0.111796 1.33175 0.364998</i>
                        <i>0.294299 0.937637 -0.185001 -0.909706 0.215497 -0.354959 -0.292955 0.27276 0.916395 0.0556833 1.35144 0.366091</i>
                        <i>0.300178 0.94035 -0.160111 -0.915119 0.236529 -0.326513 -0.269166 0.244532 0.931533 0.00430426 1.36636 0.370194</i>
                        <i>0.300333 0.938824 -0.168554 -0.923557 0.242052 -0.297413 -0.238419 0.244992 0.939753 -0.0374735 1.37002 0.373747</i>
                        <i>0.285994 0.939104 -0.190502 -0.935588 0.230698 -0.267308 -0.207082 0.25468 0.944593 -0.0740444 1.36575 0.376733</i>
                        <i>0.257237 0.944077 -0.206273 -0.949407 0.207108 -0.236077 -0.180154 0.256565 0.949589 -0.107794 1.35855 0.378666</i>
                        <i>0.21803 0.954433 -0.203766 -0.962842 0.176267 -0.204613 -0.159372 0.240806 0.957399 -0.138499 1.35181 0.377676</i>
                        <i>0.172683 0.966918 -0.187749 -0.97477 0.140389 -0.173536 -0.141437 0.212979 0.966765 -0.166693 1.34561 0.375203</i>
                        <i>0.124801 0.978726 -0.162851 -0.984333 0.101531 -0.144152 -0.124551 0.17829 0.976063 -0.192686 1.33989 0.372348</i>
                        <i>0.0780095 0.98811 -0.132487 -0.991004 0.0623601 -0.118419 -0.108749 0.140533 0.984085 -0.216607 1.33517 0.369348</i>
                        <i>0.0357066 0.99412 -0.102228 -0.99482 0.0256153 -0.098377 -0.09518 0.105211 0.989884 -0.238528 1.33205 0.366263</i>
                        <i>0.000713467 0.99689 -0.0788029 -0.996285 -0.00607745 -0.0859025 -0.0861143 0.0785714 0.993182 -0.258428 1.3312 0.362989</i>
                        <i>-0.0246476 0.997328 -0.068774 -0.996103 -0.030328 -0.0828137 -0.0846782 0.0664648 0.994189 -0.276148 1.33344 0.359336</i>
                        <i>-0.0386475 0.99579 -0.083123 -0.994168 -0.0466988 -0.0972064 -0.100679 0.0788815 0.991787 -0.290444 1.34269 0.352973</i>
                        <i>-0.0416388 0.992153 -0.117894 -0.989666 -0.0571608 -0.131506 -0.137212 0.1112 0.98428 -0.299332 1.35869 0.344576</i>
                        <i>-0.0340256 0.98673 -0.158767 -0.981445 -0.0629833 -0.181103 -0.1887 0.149659 0.970564 -0.301499 1.37802 0.337548</i>
                        <i>-0.017391 0.980307 -0.196713 -0.968797 -0.0651723 -0.239133 -0.247244 0.186416 0.950852 -0.296871 1.39761 0.334991</i>
                        <i>0.00318757 0.974214 -0.225603 -0.952503 -0.0657415 -0.297347 -0.304511 0.215836 0.927733 -0.286647 1.4137 0.338701</i>
                        <i>0.0192053 0.969252 -0.24532 -0.934947 -0.0695308 -0.347908 -0.354268 0.236043 0.904864 -0.272675 1.42197 0.349137</i>
                        <i>0.0232294 0.965377 -0.259823 -0.91836 -0.0820965 -0.387137 -0.395064 0.247604 0.884656 -0.256255 1.4193 0.365576</i>
                        <i>0.0166712 0.963094 -0.268648 -0.900765 -0.102156 -0.422122 -0.433987 0.249026 0.865818 -0.236655 1.40874 0.38582</i>
                        <i>0.000173358 0.962623 -0.270844 -0.880794 -0.128097 -0.455843 -0.473499 0.238637 0.847851 -0.213999 1.39325 0.407554</i>
                        <i>-0.0258923 0.963754 -0.265533 -0.857327 -0.158015 -0.48992 -0.51412 0.214964 0.830344 -0.188368 1.37554 0.428986</i>
