<?xml version="1.0" encoding="ISO-8859-1" ?>
<Animl Version="1">
    <ModellingPackage><![CDATA[Maya.2010]]></ModellingPackage>
    <SrcFile><![CDATA[anims\characters\shared\base_soldier\~src\infantry\death_headshot_01.mb]]></SrcFile>
    <FramesPerSecond>30</FramesPerSecond>
    <TotalFrames>60</TotalFrames>
    <Skeleton>
        <RefFrame>
            <Name><![CDATA[soldier_ref_frame]]></Name>
            <Exclude>0</Exclude>
            <Additive>0</Additive>
            <IKPriority>0</IKPriority>
            <IKRotLimits>-1e+010 -1e+010 -1e+010 1e+010 1e+010 1e+010</IKRotLimits>
            <IKRotLimitOrder>0</IKRotLimitOrder>
            <KeyFrames count="60">
                <i>1 0 0 0 1 0 0 0 1 -0.0476351 0 0.0220958</i>
                <i>1 0 0 0 1 0 0 0 1 -0.0476351 0 0.0314827</i>
                <i>1 0 0 0 1 0 0 0 1 -0.0476351 0 0.0408697</i>
                <i>1 0 0 0 1 0 0 0 1 -0.0476351 0 0.0284869</i>
                <i>1 0 0 0 1 0 0 0 1 -0.0553061 0 -0.00845155</i>
                <i>1 0 0 0 1 0 0 0 1 -0.073397 0 -0.0578298</i>
                <i>1 0 0 0 1 0 0 0 1 -0.0945249 0 -0.119065</i>
                <i>1 0 0 0 1 0 0 0 1 -0.111307 0 -0.191574</i>
                <i>1 0 0 0 1 0 0 0 1 -0.123514 0 -0.273074</i>
                <i>1 0 0 0 1 0 0 0 1 -0.134505 0 -0.360465</i>
                <i>1 0 0 0 1 0 0 0 1 -0.142274 0 -0.451933</i>
                <i>1 0 0 0 1 0 0 0 1 -0.144818 0 -0.545666</i>
                <i>1 0 0 0 1 0 0 0 1 -0.130312 0 -0.639852</i>
                <i>1 0 0 0 1 0 0 0 1 -0.106884 0 -0.732679</i>
                <i>1 0 0 0 1 0 0 0 1 -0.084932 0 -0.822335</i>
                <i>1 0 0 0 1 0 0 0 1 -0.0631511 0 -0.907007</i>
                <i>1 0 0 0 1 0 0 0 1 -0.0519078 0 -0.984882</i>
                <i>1 0 0 0 1 0 0 0 1 -0.0546613 0 -1.05505</i>
                <i>1 0 0 0 1 0 0 0 1 -0.0648813 0 -1.11853</i>
                <i>1 0 0 0 1 0 0 0 1 -0.0779504 0 -1.1764</i>
                <i>1 0 0 0 1 0 0 0 1 -0.0892513 0 -1.22976</i>
                <i>1 0 0 0 1 0 0 0 1 -0.0975653 0 -1.27968</i>
                <i>1 0 0 0 1 0 0 0 1 -0.105472 0 -1.32725</i>
                <i>1 0 0 0 1 0 0 0 1 -0.114051 0 -1.37355</i>
                <i>1 0 0 0 1 0 0 0 1 -0.123562 0 -1.41611</i>
                <i>1 0 0 0 1 0 0 0 1 -0.133431 0 -1.45256</i>
                <i>1 0 0 0 1 0 0 0 1 -0.143484 0 -1.48409</i>
                <i>1 0 0 0 1 0 0 0 1 -0.153548 0 -1.51191</i>
                <i>1 0 0 0 1 0 0 0 1 -0.16345 0 -1.53723</i>
                <i>1 0 0 0 1 0 0 0 1 -0.175562 0 -1.55893</i>
                <i>1 0 0 0 1 0 0 0 1 -0.189998 0 -1.5762</i>
                <i>1 0 0 0 1 0 0 0 1 -0.203202 0 -1.59072</i>
                <i>1 0 0 0 1 0 0 0 1 -0.211617 0 -1.60418</i>
                <i>1 0 0 0 1 0 0 0 1 -0.211684 0 -1.61826</i>
                <i>1 0 0 0 1 0 0 0 1 -0.204605 0 -1.63329</i>
                <i>1 0 0 0 1 0 0 0 1 -0.194417 0 -1.64841</i>
                <i>1 0 0 0 1 0 0 0 1 -0.181811 0 -1.66353</i>
                <i>1 0 0 0 1 0 0 0 1 -0.16748 0 -1.67856</i>
                <i>1 0 0 0 1 0 0 0 1 -0.152117 0 -1.6934</i>
                <i>1 0 0 0 1 0 0 0 1 -0.136414 0 -1.70795</i>
                <i>1 0 0 0 1 0 0 0 1 -0.121065 0 -1.72213</i>
                <i>1 0 0 0 1 0 0 0 1 -0.106762 0 -1.73583</i>
                <i>1 0 0 0 1 0 0 0 1 -0.0941978 0 -1.74896</i>
                <i>1 0 0 0 1 0 0 0 1 -0.084065 0 -1.76143</i>
                <i>1 0 0 0 1 0 0 0 1 -0.093586 0 -1.76549</i>
                <i>1 0 0 0 1 0 0 0 1 -0.10745 0 -1.7635</i>
                <i>1 0 0 0 1 0 0 0 1 -0.10745 0 -1.7635</i>
                <i>1 0 0 0 1 0 0 0 1 -0.10745 0 -1.7635</i>
                <i>1 0 0 0 1 0 0 0 1 -0.10745 0 -1.7635</i>
                <i>1 0 0 0 1 0 0 0 1 -0.10745 0 -1.7635</i>
                <i>1 0 0 0 1 0 0 0 1 -0.10745 0 -1.7635</i>
                <i>1 0 0 0 1 0 0 0 1 -0.10745 0 -1.7635</i>
                <i>1 0 0 0 1 0 0 0 1 -0.10745 0 -1.7635</i>
                <i>1 0 0 0 1 0 0 0 1 -0.10745 0 -1.7635</i>
                <i>1 0 0 0 1 0 0 0 1 -0.10745 0 -1.7635</i>
                <i>1 0 0 0 1 0 0 0 1 -0.10745 0 -1.7635</i>
                <i>1 0 0 0 1 0 0 0 1 -0.10745 0 -1.7635</i>
                <i>1 0 0 0 1 0 0 0 1 -0.10745 0 -1.7635</i>
                <i>1 0 0 0 1 0 0 0 1 -0.10745 0 -1.7635</i>
                <i>1 0 0 0 1 0 0 0 1 -0.10745 0 -1.7635</i>
            </KeyFrames>
        </RefFrame>
        <Bones count="23">
            <i>
                <p>
                    <Name><![CDATA[pelvis]]></Name>
                    <Exclude>0</Exclude>
                    <Additive>0</Additive>
                    <IKPriority>0</IKPriority>
                    <IKRotLimits>-1e+010 -1e+010 -1e+010 1e+010 1e+010 1e+010</IKRotLimits>
                    <IKRotLimitOrder>2</IKRotLimitOrder>
                    <KeyFrames count="60">
                        <i>1 0 0 0 1 0 0 0 1 -0.0476351 1.16992 0.0220958</i>
                        <i>1 0 0 0 1 0 0 0 1 -0.0479412 1.13889 0.0322648</i>
                        <i>1 0 0 0 1 0 0 0 1 -0.0482612 1.10786 0.0424691</i>
                        <i>1 0 0 0 1 0 0 0 1 -0.0485938 1.10193 0.0309361</i>
                        <i>1 0 0 0 1 0 0 0 1 -0.0569755 1.12997 -0.00528392</i>
                        <i>1 0 0 0 1 0 0 0 1 -0.0764912 1.17617 -0.0544782</i>
                        <i>1 0 0 0 1 0 0 0 1 -0.0992791 1.22862 -0.116175</i>
                        <i>1 0 0 0 1 0 0 0 1 -0.117362 1.27563 -0.188998</i>
                        <i>1 0 0 0 1 0 0 0 1 -0.130561 1.32517 -0.270234</i>
                        <i>1 0 0 0 1 0 0 0 1 -0.142536 1.37969 -0.357337</i>
                        <i>1 0 0 0 1 0 0 0 1 -0.151293 1.41933 -0.448516</i>
                        <i>1 0 0 0 1 0 0 0 1 -0.154842 1.42423 -0.542016</i>
                        <i>1 0 0 0 1 0 0 0 1 -0.141481 1.31506 -0.636098</i>
                        <i>1 0 0 0 1 0 0 0 1 -0.119257 1.15957 -0.728894</i>
                        <i>1 0 0 0 1 0 0 0 1 -0.0983896 1.06033 -0.818285</i>
                        <i>1 0 0 0 1 0 0 0 1 -0.0776022 0.970303 -0.902443</i>
                        <i>1 0 0 0 1 0 0 0 1 -0.0673471 0.866168 -0.979934</i>
                        <i>1 0 0 0 1 0 0 0 1 -0.0710972 0.734486 -1.0499</i>
                        <i>1 0 0 0 1 0 0 0 1 -0.0823086 0.588886 -1.11323</i>
                        <i>1 0 0 0 1 0 0 0 1 -0.0964092 0.446687 -1.1712</i>
                        <i>1 0 0 0 1 0 0 0 1 -0.108818 0.32519 -1.22514</i>
                        <i>1 0 0 0 1 0 0 0 1 -0.118476 0.228947 -1.27679</i>
                        <i>1 0 0 0 1 0 0 0 1 -0.12768 0.158583 -1.32703</i>
                        <i>1 0 0 0 1 0 0 0 1 -0.137112 0.126062 -1.37567</i>
                        <i>1 0 0 0 1 0 0 0 1 -0.147071 0.129979 -1.41996</i>
                        <i>1 0 0 0 1 0 0 0 1 -0.157 0.154215 -1.45808</i>
                        <i>1 0 0 0 1 0 0 0 1 -0.166739 0.189025 -1.49108</i>
                        <i>1 0 0 0 1 0 0 0 1 -0.176241 0.22463 -1.51999</i>
                        <i>1 0 0 0 1 0 0 0 1 -0.18557 0.251289 -1.54587</i>
                        <i>1 0 0 0 1 0 0 0 1 -0.197112 0.269398 -1.56777</i>
                        <i>1 0 0 0 1 0 0 0 1 -0.210779 0.28543 -1.58519</i>
                        <i>1 0 0 0 1 0 0 0 1 -0.222981 0.298807 -1.59983</i>
                        <i>1 0 0 0 1 0 0 0 1 -0.230119 0.308942 -1.6134</i>
                        <i>1 0 0 0 1 0 0 0 1 -0.228581 0.31524 -1.6276</i>
                        <i>1 0 0 0 1 0 0 0 1 -0.219623 0.318664 -1.64245</i>
                        <i>1 0 0 0 1 0 0 0 1 -0.207342 0.32068 -1.65679</i>
                        <i>1 0 0 0 1 0 0 0 1 -0.192397 0.321407 -1.67064</i>
                        <i>1 0 0 0 1 0 0 0 1 -0.175483 0.320952 -1.68404</i>
                        <i>1 0 0 0 1 0 0 0 1 -0.157347 0.319435 -1.69704</i>
                        <i>1 0 0 0 1 0 0 0 1 -0.138791 0.317012 -1.70971</i>
                        <i>1 0 0 0 1 0 0 0 1 -0.120648 0.313908 -1.72213</i>
                        <i>1 0 0 0 1 0 0 0 1 -0.104067 0.307049 -1.73453</i>
                        <i>1 0 0 0 1 0 0 0 1 -0.0907759 0.295635 -1.74738</i>
                        <i>1 0 0 0 1 0 0 0 1 -0.0815459 0.283285 -1.76044</i>
                        <i>1 0 0 0 1 0 0 0 1 -0.0928025 0.27136 -1.76521</i>
                        <i>1 0 0 0 1 0 0 0 1 -0.10745 0.262956 -1.7635</i>
                        <i>1 0 0 0 1 0 0 0 1 -0.10745 0.26554 -1.7635</i>
                        <i>1 0 0 0 1 0 0 0 1 -0.10745 0.262956 -1.7635</i>
                        <i>1 0 0 0 1 0 0 0 1 -0.10745 0.262956 -1.7635</i>
                        <i>1 0 0 0 1 0 0 0 1 -0.10745 0.262956 -1.7635</i>
                        <i>1 0 0 0 1 0 0 0 1 -0.10745 0.262956 -1.7635</i>
                        <i>1 0 0 0 1 0 0 0 1 -0.10745 0.262956 -1.7635</i>
                        <i>1 0 0 0 1 0 0 0 1 -0.10745 0.262956 -1.7635</i>
                        <i>1 0 0 0 1 0 0 0 1 -0.10745 0.262956 -1.7635</i>
                        <i>1 0 0 0 1 0 0 0 1 -0.10745 0.262956 -1.7635</i>
                        <i>1 0 0 0 1 0 0 0 1 -0.10745 0.262956 -1.7635</i>
                        <i>1 0 0 0 1 0 0 0 1 -0.10745 0.262956 -1.7635</i>
                        <i>1 0 0 0 1 0 0 0 1 -0.10745 0.262956 -1.7635</i>
                        <i>1 0 0 0 1 0 0 0 1 -0.10745 0.262956 -1.7635</i>
                        <i>1 0 0 0 1 0 0 0 1 -0.10745 0.262956 -1.7635</i>
                    </KeyFrames>
                </p>
            </i>
            <i>
                <p>
                    <Name><![CDATA[spine0]]></Name>
                    <Exclude>0</Exclude>
                    <Additive>0</Additive>
                    <IKPriority>0</IKPriority>
                    <IKRotLimits>-1e+010 -1e+010 -1e+010 1e+010 1e+010 1e+010</IKRotLimits>
                    <IKRotLimitOrder>0</IKRotLimitOrder>
                    <KeyFrames count="60">
                        <i>-0.00769412 0.999902 -0.0116821 -0.875293 -0.00108534 0.483591 0.483531 0.0139461 0.875216 -0.0600454 1.30554 -0.0190979</i>
                        <i>0.0257115 0.999669 -0.00105873 -0.862073 0.0227087 0.506276 0.506132 -0.0121044 0.862371 -0.0645302 1.27365 -0.0118919</i>
                        <i>0.0562967 0.998373 -0.00904561 -0.846291 0.0525241 0.530125 0.529738 -0.0221891 0.847871 -0.0695212 1.24156 -0.0044168</i>
                        <i>0.0625992 0.993193 -0.0982266 -0.82761 0.106664 0.551076 0.557803 0.0467963 0.828653 -0.0749533 1.23436 -0.0184192</i>
                        <i>0.00882842 0.964147 -0.265222 -0.877231 0.134781 0.46076 0.479987 0.228594 0.84697 -0.0953827 1.25599 -0.0719067</i>
                        <i>-0.0158304 0.895509 -0.444762 -0.971367 0.0916862 0.21918 0.237056 0.435497 0.868416 -0.121603 1.28523 -0.158887</i>
                        <i>-0.0193055 0.876165 -0.481625 -0.99967 -0.0250834 -0.00556062 -0.0169528 0.481358 0.87636 -0.130733 1.31628 -0.257154</i>
                        <i>-0.0281719 0.87362 -0.485792 -0.993619 -0.0775728 -0.0818809 -0.109217 0.480385 0.870231 -0.134428 1.34452 -0.351437</i>
                        <i>0.00647196 0.845226 -0.53437 -0.995955 -0.0424429 -0.0791954 -0.0896182 0.532721 0.841532 -0.145833 1.37884 -0.444184</i>
                        <i>0.0390063 0.826789 -0.561158 -0.996632 -0.00834652 -0.0815738 -0.0721281 0.56245 0.823679 -0.157539 1.42063 -0.539011</i>
                        <i>0.0656972 0.815742 -0.574673 -0.99596 0.018272 -0.0879222 -0.0612214 0.578128 0.813646 -0.166461 1.44895 -0.635894</i>
                        <i>0.0823819 0.808451 -0.58277 -0.994847 0.0320331 -0.0961962 -0.059102 0.587691 0.806924 -0.169419 1.44241 -0.734313</i>
                        <i>0.0562844 0.826736 -0.559767 -0.99382 -0.00733504 -0.110762 -0.0956765 0.562542 0.821214 -0.155175 1.32347 -0.831942</i>
                        <i>0.00845859 0.844851 -0.534935 -0.988402 -0.0740525 -0.132584 -0.151627 0.529852 0.834426 -0.131027 1.15757 -0.927962</i>
                        <i>-0.0424028 0.829687 -0.556616 -0.981532 -0.138612 -0.131841 -0.18654 0.540746 0.820242 -0.110042 1.04174 -1.02082</i>
                        <i>-0.106339 0.795823 -0.596119 -0.970996 -0.21223 -0.110118 -0.214149 0.56712 0.795309 -0.090692 0.931691 -1.10694</i>
                        <i>-0.139248 0.757242 -0.638118 -0.957627 -0.267032 -0.107912 -0.252113 0.596052 0.762339 -0.0781404 0.808527 -1.18466</i>
                        <i>-0.132443 0.729046 -0.671528 -0.939689 -0.307899 -0.14894 -0.315347 0.611302 0.725856 -0.0765887 0.661043 -1.25356</i>
                        <i>-0.112269 0.703992 -0.701278 -0.90808 -0.359244 -0.215257 -0.403469 0.61265 0.679613 -0.0816634 0.501308 -1.31471</i>
                        <i>-0.0874389 0.668461 -0.738589 -0.862942 -0.421241 -0.279084 -0.497681 0.612957 0.613676 -0.0876162 0.345902 -1.36941</i>
                        <i>-0.0651274 0.60673 -0.792236 -0.814384 -0.491115 -0.309169 -0.576661 0.625048 0.526096 -0.0889604 0.211317 -1.41851</i>
                        <i>-0.0344526 0.484017 -0.87438 -0.751107 -0.589687 -0.296829 -0.659281 0.646526 0.383865 -0.079783 0.0989817 -1.46067</i>
                        <i>0.0312539 0.325032 -0.945186 -0.679469 -0.686626 -0.258585 -0.733038 0.650307 0.199389 -0.0659134 0.0153608 -1.49714</i>
                        <i>0.105924 0.206803 -0.972632 -0.652266 -0.723844 -0.22494 -0.750552 0.658241 0.0582186 -0.0618703 -0.0209811 -1.53761</i>
                        <i>0.166312 0.1467 -0.9751 -0.674267 -0.70464 -0.221013 -0.719516 0.694235 -0.0182753 -0.0692093 -0.0133652 -1.58315</i>
                        <i>0.224031 0.106507 -0.968745 -0.71129 -0.661654 -0.237236 -0.666241 0.742206 -0.0724737 -0.0793757 0.0177655 -1.62574</i>
                        <i>0.272204 0.0749685 -0.959315 -0.753217 -0.603813 -0.260911 -0.598807 0.793593 -0.107893 -0.0910028 0.0609334 -1.66429</i>
                        <i>0.304864 0.0444847 -0.951356 -0.806136 -0.519867 -0.282636 -0.507152 0.853088 -0.122628 -0.104906 0.103947 -1.6987</i>
                        <i>0.313506 0.00866019 -0.949547 -0.865272 -0.40932 -0.289415 -0.391175 0.91235 -0.120831 -0.121907 0.135658 -1.72963</i>
                        <i>0.305189 0.0364652 -0.951593 -0.906473 -0.295103 -0.302027 -0.291831 0.954769 -0.0570075 -0.141368 0.157085 -1.75535</i>
                        <i>0.305644 0.120348 -0.944509 -0.925295 -0.196376 -0.324448 -0.224525 0.973115 0.0513365 -0.16003 0.174062 -1.77448</i>
                        <i>0.319871 0.125849 -0.939066 -0.936136 -0.11081 -0.333723 -0.146057 0.985841 0.0823667 -0.175843 0.186368 -1.7896</i>
                        <i>0.333469 0.0314832 -0.942235 -0.942297 -0.0202319 -0.334167 -0.0295839 0.999299 0.0229198 -0.186609 0.19518 -1.80347</i>
                        <i>0.330716 -0.0647933 -0.941503 -0.939262 0.0743736 -0.335047 0.0917318 0.995123 -0.0362614 -0.189543 0.199276 -1.8177</i>
                        <i>0.30441 -0.141574 -0.941961 -0.928742 0.175558 -0.326524 0.211597 0.974236 -0.0780438 -0.186808 0.201648 -1.83316</i>
                        <i>0.256775 -0.192086 -0.94719 -0.909766 0.282723 -0.303964 0.326179 0.939772 -0.102157 -0.181936 0.205981 -1.84935</i>
                        <i>0.200245 -0.203253 -0.958431 -0.88015 0.392415 -0.267108 0.430393 0.89705 -0.100314 -0.174452 0.212084 -1.86579</i>
                        <i>0.14144 -0.173019 -0.97471 -0.839468 0.500886 -0.210727 0.524679 0.848043 -0.0743987 -0.164088 0.219481 -1.88201</i>
                        <i>0.0863446 -0.114733 -0.989637 -0.786967 0.60128 -0.138371 0.610924 0.790759 -0.0383736 -0.150893 0.227434 -1.89763</i>
                        <i>0.0448585 -0.044494 -0.998002 -0.724022 0.686879 -0.0631667 0.688317 0.725409 -0.00140228 -0.135327 0.235029 -1.9124</i>
                        <i>0.0210164 0.0188435 -0.999602 -0.655115 0.755529 0.000468815 0.755237 0.654844 0.0282231 -0.118311 0.241326 -1.9263</i>
                        <i>0.0136639 0.0636016 -0.997882 -0.585659 0.809386 0.0435681 0.810442 0.583823 0.0483082 -0.101491 0.242142 -1.93957</i>
                        <i>0.0177776 0.0694142 -0.997429 -0.519234 0.853161 0.0501196 0.854447 0.517009 0.0512095 -0.0874149 0.235732 -1.95283</i>
                        <i>0.0213518 0.030245 -0.999314 -0.458539 0.88851 0.0170941 0.888418 0.457859 0.0328398 -0.0778346 0.224965 -1.96599</i>
                        <i>0.0279031 -0.0297621 -0.999167 -0.437466 0.89839 -0.0389771 0.898802 0.43819 0.0120479 -0.0894034 0.212324 -1.97071</i>
                        <i>0.0337783 -0.0819709 -0.996062 -0.470292 0.878091 -0.088211 0.881864 0.47142 -0.00888987 -0.104398 0.202802 -1.96893</i>
                        <i>0.0346862 -0.0939437 -0.994973 -0.528877 0.843018 -0.0980337 0.847989 0.529619 -0.0204436 -0.104448 0.204249 -1.96885</i>
                        <i>0.037245 -0.0841626 -0.995756 -0.57817 0.810919 -0.0901657 0.815065 0.579075 -0.0184577 -0.104057 0.201014 -1.96881</i>
                        <i>0.037245 -0.0841626 -0.995756 -0.57817 0.810919 -0.0901657 0.815065 0.579075 -0.0184577 -0.104057 0.201014 -1.96881</i>
                        <i>0.037245 -0.0841626 -0.995756 -0.57817 0.810919 -0.0901657 0.815065 0.579075 -0.0184577 -0.104057 0.201014 -1.96881</i>
                        <i>0.037245 -0.0841626 -0.995756 -0.57817 0.810919 -0.0901657 0.815065 0.579075 -0.0184577 -0.104057 0.201014 -1.96881</i>
                        <i>0.037245 -0.0841626 -0.995756 -0.57817 0.810919 -0.0901657 0.815065 0.579075 -0.0184577 -0.104057 0.201014 -1.96881</i>
                        <i>0.037245 -0.0841626 -0.995756 -0.57817 0.810919 -0.0901657 0.815065 0.579075 -0.0184577 -0.104057 0.201014 -1.96881</i>
                        <i>0.037245 -0.0841626 -0.995756 -0.57817 0.810919 -0.0901657 0.815065 0.579075 -0.0184577 -0.104057 0.201014 -1.96881</i>
                        <i>0.037245 -0.0841626 -0.995756 -0.57817 0.810919 -0.0901657 0.815065 0.579075 -0.0184577 -0.104057 0.201014 -1.96881</i>
                        <i>0.037245 -0.0841626 -0.995756 -0.57817 0.810919 -0.0901657 0.815065 0.579075 -0.0184577 -0.104057 0.201014 -1.96881</i>
                        <i>0.037245 -0.0841626 -0.995756 -0.57817 0.810919 -0.0901657 0.815065 0.579075 -0.0184577 -0.104057 0.201014 -1.96881</i>
                        <i>0.037245 -0.0841626 -0.995756 -0.57817 0.810919 -0.0901657 0.815065 0.579075 -0.0184577 -0.104057 0.201014 -1.96881</i>
                        <i>0.037245 -0.0841626 -0.995756 -0.57817 0.810919 -0.0901657 0.815065 0.579075 -0.0184577 -0.104057 0.201014 -1.96881</i>
                        <i>0.037245 -0.0841626 -0.995756 -0.57817 0.810919 -0.0901657 0.815065 0.579075 -0.0184577 -0.104057 0.201014 -1.96881</i>
                    </KeyFrames>
                </p>
            </i>
            <i>
                <p>
                    <Name><![CDATA[spine1]]></Name>
                    <Exclude>0</Exclude>
                    <Additive>0</Additive>
                    <IKPriority>0</IKPriority>
                    <IKRotLimits>-1e+010 -1e+010 -1e+010 1e+010 1e+010 1e+010</IKRotLimits>
                    <IKRotLimitOrder>0</IKRotLimitOrder>
                    <KeyFrames count="60">
                        <i>0.0156921 0.99558 0.0925981 -0.875235 -0.0311001 0.482698 0.483444 -0.0886196 0.870878 -0.0718823 1.47696 -0.022042</i>
                        <i>0.11286 0.957269 0.266269 -0.939645 0.0157123 0.341789 0.323 -0.288773 0.901266 -0.0703559 1.44968 -0.0127184</i>
                        <i>0.164964 0.928811 0.331809 -0.959874 0.0738341 0.270538 0.22678 -0.363124 0.903721 -0.069516 1.42426 -0.0067959</i>
                        <i>0.172186 0.97845 0.113966 -0.947195 0.132685 0.291918 0.270506 -0.158213 0.949629 -0.0740085 1.41993 -0.03939</i>
                        <i>0.0807867 0.968586 -0.235189 -0.972811 0.128005 0.193011 0.217053 0.213202 0.952593 -0.103858 1.4303 -0.127278</i>
                        <i>0.0563094 0.86821 -0.492991 -0.998329 0.0425552 -0.0390849 -0.0129546 0.494368 0.869156 -0.129693 1.43738 -0.248295</i>
                        <i>0.0644342 0.869502 -0.489708 -0.969129 -0.0625065 -0.238499 -0.237985 0.489958 0.838633 -0.134194 1.45734 -0.348616</i>
                        <i>0.0468172 0.897844 -0.437818 -0.938994 -0.109949 -0.325885 -0.340732 0.426365 0.837923 -0.137793 1.48311 -0.44169</i>
                        <i>0.0925675 0.890985 -0.444497 -0.931938 -0.0796622 -0.353759 -0.350604 0.44699 0.822968 -0.142855 1.5126 -0.544531</i>
                        <i>0.138262 0.89389 -0.426431 -0.924984 -0.0373339 -0.378168 -0.353961 0.446728 0.821672 -0.148412 1.5526 -0.646043</i>
                        <i>0.170529 0.903194 -0.393903 -0.918328 0.000761124 -0.395819 -0.357202 0.429231 0.829558 -0.152011 1.5812 -0.747487</i>
                        <i>0.176945 0.917119 -0.357187 -0.914331 0.0188563 -0.404529 -0.364266 0.398166 0.841887 -0.151348 1.57581 -0.849471</i>
                        <i>0.110463 0.954119 -0.278306 -0.917518 -0.00974192 -0.397574 -0.382044 0.299268 0.874346 -0.141565 1.46456 -0.94467</i>
                        <i>0.0176019 0.978081 -0.207478 -0.9183 -0.066267 -0.390299 -0.395493 0.197397 0.897006 -0.126376 1.30662 -1.03751</i>
                        <i>-0.0639045 0.975913 -0.208591 -0.923582 -0.137014 -0.358082 -0.378036 0.169768 0.910092 -0.115731 1.19 -1.1362</i>
                        <i>-0.154273 0.959548 -0.235513 -0.932122 -0.220394 -0.28736 -0.327641 0.175195 0.928417 -0.109974 1.07443 -1.23186</i>
                        <i>-0.204627 0.940133 -0.27254 -0.934866 -0.270223 -0.230228 -0.290092 0.207678 0.934193 -0.104262 0.944297 -1.31948</i>
                        <i>-0.199027 0.931059 -0.305806 -0.938915 -0.270562 -0.212683 -0.28076 0.244796 0.928035 -0.100445 0.792459 -1.39646</i>
                        <i>-0.170781 0.925557 -0.337904 -0.943372 -0.252583 -0.215061 -0.2844 0.282041 0.91628 -0.0998171 0.629288 -1.46465</i>
                        <i>-0.14347 0.912605 -0.382843 -0.944213 -0.242102 -0.223269 -0.296443 0.329453 0.896428 -0.0987916 0.46735 -1.52715</i>
                        <i>-0.136539 0.879812 -0.455288 -0.94066 -0.259278 -0.218937 -0.31067 0.398378 0.863006 -0.0938695 0.318926 -1.58636</i>
                        <i>-0.153393 0.795279 -0.586517 -0.92312 -0.327108 -0.202112 -0.35259 0.510423 0.784314 -0.0765067 0.177986 -1.64252</i>
                        <i>-0.146994 0.663046 -0.734005 -0.897633 -0.40114 -0.182597 -0.415509 0.632026 0.654137 -0.0470848 0.058026 -1.68789</i>
                        <i>-0.102712 0.552536 -0.827136 -0.895499 -0.413373 -0.164936 -0.433049 0.723758 0.537254 -0.0269771 -0.00537353 -1.72678</i>
                        <i>-0.038364 0.491967 -0.869768 -0.912527 -0.371951 -0.170137 -0.407213 0.78716 0.463203 -0.0227711 -0.012439 -1.7654</i>
                        <i>0.0414625 0.441204 -0.896448 -0.925528 -0.321045 -0.200816 -0.376401 0.838015 0.395036 -0.0230574 0.00835838 -1.79928</i>
                        <i>0.124732 0.385389 -0.914285 -0.933762 -0.265955 -0.239494 -0.335457 0.883597 0.326689 -0.0275294 0.0432667 -1.82934</i>
                        <i>0.198966 0.316429 -0.927516 -0.938914 -0.209641 -0.272931 -0.280808 0.925161 0.255388 -0.0378421 0.0782923 -1.8572</i>
                        <i>0.244093 0.230939 -0.941852 -0.946877 -0.152948 -0.282897 -0.209386 0.960872 0.181337 -0.056038 0.101117 -1.88462</i>
                        <i>0.254487 0.257016 -0.932298 -0.953815 -0.0923977 -0.285833 -0.159606 0.96198 0.221632 -0.0793832 0.126045 -1.90972</i>
                        <i>0.265874 0.402782 -0.87583 -0.95309 -0.0265146 -0.301522 -0.14467 0.914912 0.376838 -0.0982407 0.157931 -1.93222</i>
                        <i>0.303989 0.483548 -0.820836 -0.944715 0.0418573 -0.325209 -0.122896 0.874316 0.46954 -0.111051 0.17106 -1.952</i>
                        <i>0.365509 0.462189 -0.80795 -0.927956 0.113045 -0.355131 -0.0728032 0.879546 0.47021 -0.120927 0.160555 -1.96663</i>
                        <i>0.419273 0.394958 -0.817446 -0.907853 0.185932 -0.375808 0.00356073 0.899687 0.43652 -0.126979 0.145142 -1.97901</i>
                        <i>0.447455 0.306686 -0.840076 -0.888297 0.261127 -0.377811 0.103497 0.91529 0.389271 -0.132372 0.132386 -1.99207</i>
                        <i>0.448321 0.228728 -0.864113 -0.869193 0.337142 -0.361716 0.208594 0.913246 0.349957 -0.13956 0.127121 -2.00734</i>
                        <i>0.427662 0.181606 -0.885508 -0.851085 0.410957 -0.326755 0.304565 0.893383 0.330313 -0.145442 0.131336 -2.02509</i>
                        <i>0.390679 0.174897 -0.903759 -0.835962 0.478461 -0.268779 0.385405 0.860515 0.333132 -0.14857 0.144794 -2.04458</i>
                        <i>0.345767 0.197073 -0.917391 -0.820294 0.538196 -0.193556 0.455591 0.819456 0.347748 -0.147965 0.164248 -2.06394</i>
                        <i>0.306514 0.232096 -0.923136 -0.798073 0.591222 -0.116343 0.518776 0.772391 0.366448 -0.142255 0.185816 -2.08173</i>
                        <i>0.280175 0.260403 -0.923955 -0.766461 0.640183 -0.0519913 0.577961 0.722742 0.378952 -0.131586 0.205023 -2.09729</i>
                        <i>0.267299 0.271118 -0.924687 -0.726549 0.687062 -0.00857686 0.632992 0.674123 0.380632 -0.117762 0.21535 -2.11102</i>
                        <i>0.264625 0.241844 -0.933534 -0.676351 0.736579 -0.000902224 0.687403 0.631635 0.358489 -0.104265 0.210973 -2.1236</i>
                        <i>0.258948 0.165696 -0.951573 -0.617969 0.785576 -0.0313739 0.742335 0.596166 0.305818 -0.0951368 0.193628 -2.13562</i>
                        <i>0.250606 0.0721494 -0.965397 -0.574346 0.813839 -0.0882708 0.779309 0.576593 0.245391 -0.105836 0.169967 -2.13912</i>
                        <i>0.239007 0.00181093 -0.971016 -0.580559 0.801845 -0.141404 0.778348 0.597529 0.192698 -0.119137 0.150075 -2.13633</i>
                        <i>0.231221 -0.00141477 -0.9729 -0.63136 0.760616 -0.151156 0.740217 0.649201 0.174977 -0.11791 0.148367 -2.13599</i>
                        <i>0.230389 0.0250756 -0.972775 -0.678258 0.720962 -0.142052 0.697773 0.69252 0.18311 -0.116033 0.14628 -2.13596</i>
                        <i>0.230389 0.0250756 -0.972775 -0.678258 0.720962 -0.142052 0.697773 0.69252 0.18311 -0.116033 0.14628 -2.13596</i>
                        <i>0.230389 0.0250756 -0.972775 -0.678258 0.720962 -0.142052 0.697773 0.69252 0.18311 -0.116033 0.14628 -2.13596</i>
                        <i>0.230389 0.0250756 -0.972775 -0.678258 0.720962 -0.142052 0.697773 0.69252 0.18311 -0.116033 0.14628 -2.13596</i>
                        <i>0.230389 0.0250756 -0.972775 -0.678258 0.720962 -0.142052 0.697773 0.69252 0.18311 -0.116033 0.14628 -2.13596</i>
                        <i>0.230389 0.0250756 -0.972775 -0.678258 0.720962 -0.142052 0.697773 0.69252 0.18311 -0.116033 0.14628 -2.13596</i>
                        <i>0.230389 0.0250756 -0.972775 -0.678258 0.720962 -0.142052 0.697773 0.69252 0.18311 -0.116033 0.14628 -2.13596</i>
                        <i>0.230389 0.0250756 -0.972775 -0.678258 0.720962 -0.142052 0.697773 0.69252 0.18311 -0.116033 0.14628 -2.13596</i>
                        <i>0.230389 0.0250756 -0.972775 -0.678258 0.720962 -0.142052 0.697773 0.69252 0.18311 -0.116033 0.14628 -2.13596</i>
                        <i>0.230389 0.0250756 -0.972775 -0.678258 0.720962 -0.142052 0.697773 0.69252 0.18311 -0.116033 0.14628 -2.13596</i>
                        <i>0.230389 0.0250756 -0.972775 -0.678258 0.720962 -0.142052 0.697773 0.69252 0.18311 -0.116033 0.14628 -2.13596</i>
                        <i>0.230389 0.0250756 -0.972775 -0.678258 0.720962 -0.142052 0.697773 0.69252 0.18311 -0.116033 0.14628 -2.13596</i>
                        <i>0.230389 0.0250756 -0.972775 -0.678258 0.720962 -0.142052 0.697773 0.69252 0.18311 -0.116033 0.14628 -2.13596</i>
                    </KeyFrames>
                </p>
            </i>
            <i>
                <p>
                    <Name><![CDATA[spine2]]></Name>
                    <Exclude>0</Exclude>
                    <Additive>0</Additive>
                    <IKPriority>0</IKPriority>
                    <IKRotLimits>-1e+010 -1e+010 -1e+010 1e+010 1e+010 1e+010</IKRotLimits>
                    <IKRotLimitOrder>0</IKRotLimitOrder>
                    <KeyFrames count="60">
                        <i>0.0810889 0.968089 0.237125 -0.875143 -0.0447078 0.481794 0.477021 -0.246587 0.843591 -0.0698001 1.63464 -0.00587079</i>
                        <i>0.135541 0.870159 0.473765 -0.944983 -0.0301483 0.325726 0.297717 -0.491849 0.818199 -0.0456455 1.60925 0.0377447</i>
                        <i>0.131226 0.801221 0.583801 -0.973141 -0.00825062 0.230064 0.189149 -0.598311 0.778619 -0.0309956 1.5885 0.0593449</i>
                        <i>0.111898 0.912802 0.392774 -0.964559 0.00471955 0.263827 0.238968 -0.408375 0.880979 -0.0330724 1.59979 -0.0165685</i>
                        <i>-0.0325607 0.999301 0.0183771 -0.973968 -0.0358516 0.223834 0.224336 -0.0106105 0.974454 -0.0811985 1.60167 -0.17267</i>
                        <i>-0.134867 0.937364 -0.321186 -0.990754 -0.122745 0.0577976 0.0147535 0.326011 0.945251 -0.11152 1.58142 -0.335466</i>
                        <i>-0.10274 0.863886 -0.493098 -0.973848 -0.188346 -0.127068 -0.202645 0.467147 0.860644 -0.115942 1.59381 -0.426026</i>
                        <i>-0.0407958 0.814702 -0.578443 -0.954345 -0.203223 -0.21892 -0.295907 0.543103 0.785797 -0.12304 1.62221 -0.505388</i>
                        <i>-0.00578756 0.79508 -0.606477 -0.956178 -0.181939 -0.229394 -0.292729 0.578572 0.761291 -0.119656 1.65451 -0.608821</i>
                        <i>0.029915 0.794893 -0.606012 -0.95851 -0.149136 -0.242934 -0.283485 0.588136 0.757452 -0.116333 1.69978 -0.707666</i>
                        <i>0.0562379 0.806796 -0.588148 -0.959139 -0.119948 -0.256251 -0.277289 0.578527 0.767084 -0.113136 1.73524 -0.804243</i>
                        <i>0.0621011 0.82361 -0.563746 -0.957969 -0.109313 -0.265229 -0.28007 0.556522 0.782204 -0.110437 1.73772 -0.900414</i>
                        <i>0.00581991 0.864206 -0.503105 -0.951869 -0.149395 -0.267633 -0.306451 0.480448 0.821741 -0.112786 1.63909 -0.98169</i>
                        <i>-0.0716495 0.891047 -0.448221 -0.938836 -0.212 -0.271373 -0.336829 0.401362 0.851736 -0.115688 1.49076 -1.06127</i>
                        <i>-0.144642 0.879288 -0.453797 -0.930226 -0.277164 -0.240542 -0.337282 0.387341 0.858026 -0.121466 1.37782 -1.16029</i>
                        <i>-0.23178 0.847324 -0.477828 -0.92208 -0.347863 -0.169587 -0.309914 0.401288 0.861929 -0.134432 1.26275 -1.26173</i>
                        <i>-0.275506 0.814832 -0.510045 -0.917178 -0.381708 -0.114382 -0.28789 0.436289 0.852508 -0.140162 1.13184 -1.35739</i>
                        <i>-0.25694 0.801631 -0.539786 -0.924745 -0.366199 -0.103656 -0.280763 0.472531 0.835396 -0.137077 0.980858 -1.44207</i>
                        <i>-0.21037 0.796111 -0.567408 -0.936278 -0.331067 -0.117378 -0.281296 0.50656 0.815028 -0.132771 0.818646 -1.51816</i>
                        <i>-0.160465 0.779653 -0.605304 -0.943284 -0.301699 -0.138536 -0.29063 0.548744 0.783846 -0.128199 0.65506 -1.59119</i>
                        <i>-0.130065 0.734081 -0.66649 -0.942822 -0.299615 -0.146008 -0.306872 0.60939 0.731077 -0.123781 0.499831 -1.66611</i>
                        <i>-0.117377 0.621279 -0.774748 -0.927287 -0.347816 -0.13843 -0.355473 0.702166 0.616929 -0.111946 0.340607 -1.74924</i>
                        <i>-0.0789574 0.45997 -0.884417 -0.904976 -0.405142 -0.129915 -0.418071 0.790118 0.448251 -0.0832423 0.19165 -1.82351</i>
                        <i>-0.021711 0.335753 -0.9417 -0.904448 -0.407978 -0.124608 -0.426031 0.849013 0.312529 -0.0556508 0.102876 -1.87802</i>
                        <i>0.0328805 0.276395 -0.960481 -0.921666 -0.363327 -0.136105 -0.386588 0.889719 0.242798 -0.0397095 0.0803521 -1.92007</i>
                        <i>0.0900588 0.238783 -0.966888 -0.935934 -0.311591 -0.164126 -0.340465 0.919725 0.195424 -0.0257518 0.0881807 -1.95303</i>
                        <i>0.142211 0.208891 -0.967544 -0.946829 -0.256291 -0.194499 -0.288602 0.943758 0.161337 -0.0161287 0.110108 -1.9801</i>
                        <i>0.179941 0.175591 -0.967879 -0.956319 -0.199213 -0.213933 -0.230379 0.964096 0.132074 -0.0143015 0.131436 -2.00447</i>
                        <i>0.190765 0.131547 -0.972782 -0.967916 -0.139896 -0.208728 -0.163545 0.981389 0.100639 -0.0250994 0.139344 -2.02946</i>
                        <i>0.19156 0.149044 -0.970098 -0.975543 -0.0796494 -0.204872 -0.107803 0.985618 0.130141 -0.0466683 0.168759 -2.04898</i>
                        <i>0.215882 0.259522 -0.941299 -0.973206 -0.0209556 -0.228977 -0.07915 0.96551 0.248044 -0.0616373 0.226879 -2.06522</i>
                        <i>0.260075 0.396175 -0.880572 -0.962867 0.0379864 -0.267291 -0.0724441 0.917389 0.391343 -0.0641828 0.25889 -2.08353</i>
                        <i>0.313596 0.499433 -0.807604 -0.946816 0.0998999 -0.305874 -0.072084 0.860573 0.5042 -0.0605009 0.248677 -2.09958</i>
                        <i>0.368932 0.524516 -0.767315 -0.928408 0.168763 -0.331026 -0.0441342 0.834507 0.549227 -0.0557037 0.222909 -2.11374</i>
                        <i>0.416985 0.497493 -0.760674 -0.908733 0.244846 -0.338015 0.0180875 0.832197 0.554185 -0.0559146 0.194525 -2.12856</i>
                        <i>0.456059 0.470322 -0.755518 -0.88559 0.323763 -0.333027 0.0879791 0.82096 0.564168 -0.0626048 0.175269 -2.14539</i>
                        <i>0.488393 0.44346 -0.751542 -0.857463 0.403729 -0.318999 0.161956 0.800217 0.577428 -0.0712439 0.170624 -2.16457</i>
                        <i>0.515916 0.416765 -0.748423 -0.82331 0.482565 -0.298818 0.236626 0.770349 0.59209 -0.0794195 0.181767 -2.18545</i>
                        <i>0.539881 0.389521 -0.746192 -0.782961 0.557846 -0.275281 0.309032 0.732858 0.60615 -0.0849919 0.203378 -2.20601</i>
                        <i>0.56059 0.360662 -0.745427 -0.737314 0.627173 -0.251043 0.37697 0.690346 0.617508 -0.084687 0.229031 -2.22439</i>
                        <i>0.577296 0.32911 -0.747272 -0.68832 0.688464 -0.228545 0.439254 0.646301 0.623981 -0.0777754 0.251212 -2.23999</i>
                        <i>0.588329 0.294027 -0.753271 -0.638779 0.74018 -0.209989 0.495813 0.604716 0.623288 -0.0660225 0.26173 -2.25354</i>
                        <i>0.5914 0.254813 -0.76506 -0.591992 0.781406 -0.197359 0.547533 0.569627 0.612971 -0.0535106 0.251141 -2.26637</i>
                        <i>0.58399 0.210737 -0.783929 -0.551326 0.811781 -0.192487 0.595815 0.544611 0.590257 -0.04618 0.220463 -2.27985</i>
                        <i>0.558442 0.177836 -0.810257 -0.536871 0.822086 -0.189588 0.632386 0.540878 0.554562 -0.0593099 0.181548 -2.28479</i>
                        <i>0.52388 0.176386 -0.833329 -0.567935 0.801456 -0.187398 0.634823 0.571451 0.520043 -0.0753087 0.150587 -2.28298</i>
                        <i>0.502592 0.204285 -0.840041 -0.622778 0.759499 -0.187906 0.599624 0.617599 0.508943 -0.0754207 0.148711 -2.28316</i>
                        <i>0.4918 0.235252 -0.838325 -0.665992 0.721844 -0.188136 0.560881 0.650843 0.511679 -0.0735989 0.151282 -2.28293</i>
                        <i>0.4918 0.235252 -0.838325 -0.665992 0.721844 -0.188136 0.560881 0.650843 0.511679 -0.0735989 0.151282 -2.28293</i>
                        <i>0.4918 0.235252 -0.838325 -0.665992 0.721844 -0.188136 0.560881 0.650843 0.511679 -0.0735989 0.151282 -2.28293</i>
                        <i>0.4918 0.235252 -0.838325 -0.665992 0.721844 -0.188136 0.560881 0.650843 0.511679 -0.0735989 0.151282 -2.28293</i>
                        <i>0.4918 0.235252 -0.838325 -0.665992 0.721844 -0.188136 0.560881 0.650843 0.511679 -0.0735989 0.151282 -2.28293</i>
                        <i>0.4918 0.235252 -0.838325 -0.665992 0.721844 -0.188136 0.560881 0.650843 0.511679 -0.0735989 0.151282 -2.28293</i>
                        <i>0.4918 0.235252 -0.838325 -0.665992 0.721844 -0.188136 0.560881 0.650843 0.511679 -0.0735989 0.151282 -2.28293</i>
                        <i>0.4918 0.235252 -0.838325 -0.665992 0.721844 -0.188136 0.560881 0.650843 0.511679 -0.0735989 0.151282 -2.28293</i>
                        <i>0.4918 0.235252 -0.838325 -0.665992 0.721844 -0.188136 0.560881 0.650843 0.511679 -0.0735989 0.151282 -2.28293</i>
                        <i>0.4918 0.235252 -0.838325 -0.665992 0.721844 -0.188136 0.560881 0.650843 0.511679 -0.0735989 0.151282 -2.28293</i>
                        <i>0.4918 0.235252 -0.838325 -0.665992 0.721844 -0.188136 0.560881 0.650843 0.511679 -0.0735989 0.151282 -2.28293</i>
                        <i>0.4918 0.235252 -0.838325 -0.665992 0.721844 -0.188136 0.560881 0.650843 0.511679 -0.0735989 0.151282 -2.28293</i>
                        <i>0.4918 0.235252 -0.838325 -0.665992 0.721844 -0.188136 0.560881 0.650843 0.511679 -0.0735989 0.151282 -2.28293</i>
                    </KeyFrames>
                </p>
            </i>
            <i>
                <p>
                    <Name><![CDATA[head]]></Name>
                    <Exclude>0</Exclude>
                    <Additive>0</Additive>
                    <IKPriority>0</IKPriority>
                    <IKRotLimits>-1e+010 -1e+010 -1e+010 1e+010 1e+010 1e+010</IKRotLimits>
                    <IKRotLimitOrder>0</IKRotLimitOrder>
                    <KeyFrames count="60">
                        <i>0.034536 0.989876 -0.137671 0.0535795 -0.139389 -0.988787 -0.997966 0.0267724 -0.057851 -0.0524628 1.88624 0.0478099</i>
                        <i>0.2086 0.941985 0.262962 0.122612 0.241567 -0.962607 -0.970285 0.233042 -0.0651074 -0.0121652 1.83837 0.149975</i>
                        <i>0.228458 0.887254 0.400733 0.136143 0.378458 -0.915551 -0.963988 0.263722 -0.0343318 0.0038667 1.8016 0.198201</i>
                        <i>0.0846777 0.972662 -0.216236 -0.00305549 -0.216761 -0.97622 -0.996404 0.0833248 -0.0153829 -0.00220773 1.8388 0.0717085</i>
                        <i>-0.0907541 0.392887 -0.915098 0.121832 -0.907607 -0.401753 -0.988393 -0.147949 0.0345028 -0.0854092 1.85837 -0.18017</i>
                        <i>0.0969163 -0.204565 -0.974043 0.249846 -0.942313 0.22276 -0.963423 -0.26495 -0.0402158 -0.138545 1.81998 -0.427254</i>
                        <i>0.307248 -0.321956 -0.895513 0.20511 -0.896508 0.392687 -0.929262 -0.304331 -0.209414 -0.135198 1.81644 -0.555037</i>
                        <i>0.39812 -0.344225 -0.8503 0.143533 -0.892133 0.428365 -0.906035 -0.292587 -0.305768 -0.129332 1.83541 -0.650851</i>
                        <i>0.399893 -0.295269 -0.867699 0.112736 -0.923655 0.366267 -0.909602 -0.244289 -0.336076 -0.116437 1.86313 -0.76063</i>
                        <i>0.407186 -0.189055 -0.893565 0.0905637 -0.965164 0.245472 -0.908844 -0.180878 -0.37588 -0.103468 1.90848 -0.858632</i>
                        <i>0.421233 -0.0378477 -0.906162 0.0861578 -0.992941 0.081523 -0.902851 -0.112413 -0.414999 -0.0932148 1.94694 -0.950006</i>
                        <i>0.432505 0.141069 -0.890527 0.108493 -0.988651 -0.10392 -0.89508 -0.0516702 -0.442901 -0.0889638 1.95371 -1.03939</i>
                        <i>0.405976 0.381046 -0.830655 0.188805 -0.92429 -0.331723 -0.894168 -0.0221604 -0.447183 -0.106247 1.86563 -1.1043</i>
                        <i>0.339465 0.594728 -0.72874 0.267766 -0.803791 -0.531245 -0.901701 -0.014793 -0.432107 -0.129783 1.72432 -1.16908</i>
                        <i>0.245131 0.715162 -0.654564 0.290092 -0.698337 -0.654349 -0.925072 -0.0294822 -0.378647 -0.154816 1.60879 -1.26939</i>
                        <i>0.123885 0.783916 -0.608382 0.258664 -0.61742 -0.74289 -0.95799 -0.065334 -0.27926 -0.190544 1.48608 -1.3772</i>
                        <i>0.0478688 0.81569 -0.576506 0.198162 -0.57345 -0.794913 -0.979 -0.0761901 -0.189089 -0.207925 1.34724 -1.48139</i>
