<?xml version="1.0" encoding="ISO-8859-1" ?>
<Animl Version="1">
    <ModellingPackage><![CDATA[Maya.2010]]></ModellingPackage>
    <SrcFile><![CDATA[anims\characters\shared\base_soldier\~src\infantry\death_toy_blowback2.mb]]></SrcFile>
    <FramesPerSecond>30</FramesPerSecond>
    <TotalFrames>91</TotalFrames>
    <Skeleton>
        <RefFrame>
            <Name><![CDATA[soldier_ref_frame]]></Name>
            <Exclude>0</Exclude>
            <Additive>0</Additive>
            <IKPriority>0</IKPriority>
            <IKRotLimits>-1e+010 -1e+010 -1e+010 1e+010 1e+010 1e+010</IKRotLimits>
            <IKRotLimitOrder>0</IKRotLimitOrder>
            <KeyFrames count="91">
                <i>1 0 0 0 1 0 0 0 1 0 0 0</i>
                <i>1 0 0 0 1 0 0 0 1 -0.0265267 0 0.0464389</i>
                <i>1 0 0 0 1 0 0 0 1 -0.0623078 0 0.107014</i>
                <i>1 0 0 0 1 0 0 0 1 -0.0952149 0 0.150661</i>
                <i>1 0 0 0 1 0 0 0 1 -0.10536 0 0.129226</i>
                <i>1 0 0 0 1 0 0 0 1 -0.096526 0 0.0347022</i>
                <i>1 0 0 0 1 0 0 0 1 -0.0716948 0 -0.13224</i>
                <i>1 0 0 0 1 0 0 0 1 -0.0339524 0 -0.367679</i>
                <i>1 0 0 0 1 0 0 0 1 0.0122891 0 -0.66131</i>
                <i>1 0 0 0 1 0 0 0 1 0.0625116 0 -0.996007</i>
                <i>1 0 0 0 1 0 0 0 1 0.113676 0 -1.35719</i>
                <i>1 0 0 0 1 0 0 0 1 0.163972 0 -1.72961</i>
                <i>1 0 0 0 1 0 0 0 1 0.209028 0 -2.10184</i>
                <i>1 0 0 0 1 0 0 0 1 0.337879 0 -2.38704</i>
                <i>1 0 0 0 1 0 0 0 1 0.538715 0 -2.60189</i>
                <i>1 0 0 0 1 0 0 0 1 0.729675 0 -2.83848</i>
                <i>1 0 0 0 1 0 0 0 1 0.918981 0 -3.07858</i>
                <i>1 0 0 0 1 0 0 0 1 1.10365 0 -3.319</i>
                <i>1 0 0 0 1 0 0 0 1 1.28088 0 -3.55667</i>
                <i>1 0 0 0 1 0 0 0 1 1.44734 0 -3.78769</i>
                <i>1 0 0 0 1 0 0 0 1 1.6003 0 -4.00845</i>
                <i>1 0 0 0 1 0 0 0 1 1.73796 0 -4.21637</i>
                <i>1 0 0 0 1 0 0 0 1 1.85865 0 -4.40896</i>
                <i>1 0 0 0 1 0 0 0 1 1.96107 0 -4.58377</i>
                <i>1 0 0 0 1 0 0 0 1 2.0451 0 -4.73974</i>
                <i>1 0 0 0 1 0 0 0 1 2.11008 0 -4.87581</i>
                <i>1 0 0 0 1 0 0 0 1 2.15097 0 -4.98782</i>
                <i>1 0 0 0 1 0 0 0 1 2.19847 0 -5.10599</i>
                <i>1 0 0 0 1 0 0 0 1 2.2619 0 -5.21983</i>
                <i>1 0 0 0 1 0 0 0 1 2.34688 0 -5.31582</i>
                <i>1 0 0 0 1 0 0 0 1 2.44656 0 -5.3906</i>
                <i>1 0 0 0 1 0 0 0 1 2.55947 0 -5.44763</i>
                <i>1 0 0 0 1 0 0 0 1 2.68356 0 -5.48966</i>
                <i>1 0 0 0 1 0 0 0 1 2.81623 0 -5.52005</i>
                <i>1 0 0 0 1 0 0 0 1 2.95919 0 -5.54898</i>
                <i>1 0 0 0 1 0 0 0 1 3.07695 0 -5.54515</i>
                <i>1 0 0 0 1 0 0 0 1 3.14973 0 -5.50752</i>
                <i>1 0 0 0 1 0 0 0 1 3.2036 0 -5.55658</i>
                <i>1 0 0 0 1 0 0 0 1 3.24773 0 -5.60138</i>
                <i>1 0 0 0 1 0 0 0 1 3.28419 0 -5.63177</i>
                <i>1 0 0 0 1 0 0 0 1 3.3126 0 -5.65432</i>
                <i>1 0 0 0 1 0 0 0 1 3.33654 0 -5.67487</i>
                <i>1 0 0 0 1 0 0 0 1 3.355 0 -5.69317</i>
                <i>1 0 0 0 1 0 0 0 1 3.3675 0 -5.70926</i>
                <i>1 0 0 0 1 0 0 0 1 3.3741 0 -5.72303</i>
                <i>1 0 0 0 1 0 0 0 1 3.37303 0 -5.73525</i>
                <i>1 0 0 0 1 0 0 0 1 3.36197 0 -5.74603</i>
                <i>1 0 0 0 1 0 0 0 1 3.3416 0 -5.75656</i>
                <i>1 0 0 0 1 0 0 0 1 3.34454 0 -5.78089</i>
                <i>1 0 0 0 1 0 0 0 1 3.34598 0 -5.80329</i>
                <i>1 0 0 0 1 0 0 0 1 3.34003 0 -5.82047</i>
                <i>1 0 0 0 1 0 0 0 1 3.32882 0 -5.83503</i>
                <i>1 0 0 0 1 0 0 0 1 3.3096 0 -5.84803</i>
                <i>1 0 0 0 1 0 0 0 1 3.29515 0 -5.86108</i>
                <i>1 0 0 0 1 0 0 0 1 3.29249 0 -5.87366</i>
                <i>1 0 0 0 1 0 0 0 1 3.29134 0 -5.87663</i>
                <i>1 0 0 0 1 0 0 0 1 3.2891 0 -5.87633</i>
                <i>1 0 0 0 1 0 0 0 1 3.2863 0 -5.87289</i>
                <i>1 0 0 0 1 0 0 0 1 3.28476 0 -5.86509</i>
                <i>1 0 0 0 1 0 0 0 1 3.28743 0 -5.85336</i>
                <i>1 0 0 0 1 0 0 0 1 3.29079 0 -5.84122</i>
                <i>1 0 0 0 1 0 0 0 1 3.29373 0 -5.83016</i>
                <i>1 0 0 0 1 0 0 0 1 3.29808 0 -5.81937</i>
                <i>1 0 0 0 1 0 0 0 1 3.30277 0 -5.80857</i>
                <i>1 0 0 0 1 0 0 0 1 3.30755 0 -5.79788</i>
                <i>1 0 0 0 1 0 0 0 1 3.31225 0 -5.78747</i>
                <i>1 0 0 0 1 0 0 0 1 3.31663 0 -5.77762</i>
                <i>1 0 0 0 1 0 0 0 1 3.32055 0 -5.76861</i>
                <i>1 0 0 0 1 0 0 0 1 3.32397 0 -5.7606</i>
                <i>1 0 0 0 1 0 0 0 1 3.32683 0 -5.75368</i>
                <i>1 0 0 0 1 0 0 0 1 3.32911 0 -5.74796</i>
                <i>1 0 0 0 1 0 0 0 1 3.33078 0 -5.74349</i>
                <i>1 0 0 0 1 0 0 0 1 3.33182 0 -5.74032</i>
                <i>1 0 0 0 1 0 0 0 1 3.33223 0 -5.73849</i>
                <i>1 0 0 0 1 0 0 0 1 3.33199 0 -5.73802</i>
                <i>1 0 0 0 1 0 0 0 1 3.3311 0 -5.7389</i>
                <i>1 0 0 0 1 0 0 0 1 3.32957 0 -5.74112</i>
                <i>1 0 0 0 1 0 0 0 1 3.32732 0 -5.74303</i>
                <i>1 0 0 0 1 0 0 0 1 3.32509 0 -5.75499</i>
                <i>1 0 0 0 1 0 0 0 1 3.32286 0 -5.77851</i>
                <i>1 0 0 0 1 0 0 0 1 3.31942 0 -5.80262</i>
                <i>1 0 0 0 1 0 0 0 1 3.3134 0 -5.82641</i>
                <i>1 0 0 0 1 0 0 0 1 3.30457 0 -5.84991</i>
                <i>1 0 0 0 1 0 0 0 1 3.29371 0 -5.87245</i>
                <i>1 0 0 0 1 0 0 0 1 3.29053 0 -5.88374</i>
                <i>1 0 0 0 1 0 0 0 1 3.28831 0 -5.8891</i>
                <i>1 0 0 0 1 0 0 0 1 3.28565 0 -5.88978</i>
                <i>1 0 0 0 1 0 0 0 1 3.28337 0 -5.88541</i>
                <i>1 0 0 0 1 0 0 0 1 3.28383 0 -5.87773</i>
                <i>1 0 0 0 1 0 0 0 1 3.2854 0 -5.86949</i>
                <i>1 0 0 0 1 0 0 0 1 3.28691 0 -5.86237</i>
            </KeyFrames>
        </RefFrame>
        <Bones count="23">
            <i>
                <p>
                    <Name><![CDATA[pelvis]]></Name>
                    <Exclude>0</Exclude>
                    <Additive>0</Additive>
                    <IKPriority>0</IKPriority>
                    <IKRotLimits>-1e+010 -1e+010 -1e+010 1e+010 1e+010 1e+010</IKRotLimits>
                    <IKRotLimitOrder>2</IKRotLimitOrder>
                    <KeyFrames count="91">
                        <i>1 0 0 0 1 0 0 0 1 -0.0476351 1.13614 0.0407553</i>
                        <i>1 0 0 0 1 0 0 0 1 -0.0323286 1.22278 -0.0362338</i>
                        <i>1 0 0 0 1 0 0 0 1 0.00769957 1.38084 -0.198146</i>
                        <i>1 0 0 0 1 0 0 0 1 0.0505372 1.54535 -0.422045</i>
                        <i>1 0 0 0 1 0 0 0 1 0.100439 1.66987 -0.66189</i>
                        <i>1 0 0 0 1 0 0 0 1 0.147453 1.7467 -0.918835</i>
                        <i>1 0 0 0 1 0 0 0 1 0.188126 1.77016 -1.18106</i>
                        <i>1 0 0 0 1 0 0 0 1 0.223568 1.74399 -1.43688</i>
                        <i>1 0 0 0 1 0 0 0 1 0.251098 1.66983 -1.67665</i>
                        <i>1 0 0 0 1 0 0 0 1 0.266528 1.55575 -1.89027</i>
                        <i>1 0 0 0 1 0 0 0 1 0.274526 1.4143 -2.07427</i>
                        <i>1 0 0 0 1 0 0 0 1 0.278031 1.25556 -2.22633</i>
                        <i>1 0 0 0 1 0 0 0 1 0.27139 1.08461 -2.35193</i>
                        <i>1 0 0 0 1 0 0 0 1 0.307794 1.11042 -2.46049</i>
                        <i>1 0 0 0 1 0 0 0 1 0.36513 1.28212 -2.57551</i>
                        <i>1 0 0 0 1 0 0 0 1 0.427932 1.40642 -2.69756</i>
                        <i>1 0 0 0 1 0 0 0 1 0.497654 1.50876 -2.82725</i>
                        <i>1 0 0 0 1 0 0 0 1 0.573693 1.58695 -2.96465</i>
                        <i>1 0 0 0 1 0 0 0 1 0.655204 1.63866 -3.10975</i>
                        <i>1 0 0 0 1 0 0 0 1 0.740934 1.66155 -3.26139</i>
                        <i>1 0 0 0 1 0 0 0 1 0.829543 1.65455 -3.41763</i>
                        <i>1 0 0 0 1 0 0 0 1 0.919634 1.61657 -3.57743</i>
                        <i>1 0 0 0 1 0 0 0 1 1.00932 1.54663 -3.73956</i>
                        <i>1 0 0 0 1 0 0 0 1 1.09745 1.44567 -3.90106</i>
                        <i>1 0 0 0 1 0 0 0 1 1.1831 1.31312 -4.06029</i>
                        <i>1 0 0 0 1 0 0 0 1 1.26432 1.15372 -4.21638</i>
                        <i>1 0 0 0 1 0 0 0 1 1.34392 0.964361 -4.37051</i>
                        <i>1 0 0 0 1 0 0 0 1 1.44855 0.942316 -4.46873</i>
                        <i>1 0 0 0 1 0 0 0 1 1.56746 1.0105 -4.51871</i>
                        <i>1 0 0 0 1 0 0 0 1 1.70007 1.06712 -4.54656</i>
                        <i>1 0 0 0 1 0 0 0 1 1.84254 1.07708 -4.56253</i>
                        <i>1 0 0 0 1 0 0 0 1 1.99153 1.04326 -4.56982</i>
                        <i>1 0 0 0 1 0 0 0 1 2.14464 0.964265 -4.57144</i>
                        <i>1 0 0 0 1 0 0 0 1 2.29838 0.839449 -4.57148</i>
                        <i>1 0 0 0 1 0 0 0 1 2.45994 0.656898 -4.57858</i>
                        <i>1 0 0 0 1 0 0 0 1 2.56968 0.491896 -4.56775</i>
                        <i>1 0 0 0 1 0 0 0 1 2.61338 0.410937 -4.549</i>
                        <i>1 0 0 0 1 0 0 0 1 2.64594 0.479829 -4.60584</i>
                        <i>1 0 0 0 1 0 0 0 1 2.67188 0.546398 -4.66546</i>
                        <i>1 0 0 0 1 0 0 0 1 2.68877 0.590845 -4.71586</i>
                        <i>1 0 0 0 1 0 0 0 1 2.69478 0.623284 -4.76057</i>
                        <i>1 0 0 0 1 0 0 0 1 2.69528 0.63869 -4.80394</i>
                        <i>1 0 0 0 1 0 0 0 1 2.68792 0.638855 -4.84498</i>
                        <i>1 0 0 0 1 0 0 0 1 2.67179 0.624065 -4.88332</i>
                        <i>1 0 0 0 1 0 0 0 1 2.64724 0.59329 -4.91911</i>
                        <i>1 0 0 0 1 0 0 0 1 2.61395 0.544151 -4.95324</i>
                        <i>1 0 0 0 1 0 0 0 1 2.57152 0.474012 -4.98598</i>
                        <i>1 0 0 0 1 0 0 0 1 2.52512 0.390663 -5.01771</i>
                        <i>1 0 0 0 1 0 0 0 1 2.52282 0.418252 -5.05213</i>
                        <i>1 0 0 0 1 0 0 0 1 2.52139 0.44726 -5.08549</i>
                        <i>1 0 0 0 1 0 0 0 1 2.50898 0.449384 -5.11538</i>
                        <i>1 0 0 0 1 0 0 0 1 2.48904 0.432459 -5.14232</i>
                        <i>1 0 0 0 1 0 0 0 1 2.45831 0.388797 -5.16598</i>
                        <i>1 0 0 0 1 0 0 0 1 2.43634 0.361325 -5.18836</i>
                        <i>1 0 0 0 1 0 0 0 1 2.43308 0.373249 -5.20976</i>
                        <i>1 0 0 0 1 0 0 0 1 2.43287 0.38495 -5.21677</i>
                        <i>1 0 0 0 1 0 0 0 1 2.43108 0.387492 -5.21735</i>
                        <i>1 0 0 0 1 0 0 0 1 2.42787 0.380321 -5.21175</i>
                        <i>1 0 0 0 1 0 0 0 1 2.42565 0.366529 -5.19886</i>
                        <i>1 0 0 0 1 0 0 0 1 2.42945 0.363714 -5.18134</i>
                        <i>1 0 0 0 1 0 0 0 1 2.4348 0.365422 -5.16315</i>
                        <i>1 0 0 0 1 0 0 0 1 2.4402 0.368551 -5.14609</i>
                        <i>1 0 0 0 1 0 0 0 1 2.44669 0.372446 -5.13039</i>
                        <i>1 0 0 0 1 0 0 0 1 2.45324 0.376127 -5.11538</i>
                        <i>1 0 0 0 1 0 0 0 1 2.45964 0.379265 -5.10109</i>
                        <i>1 0 0 0 1 0 0 0 1 2.46573 0.381655 -5.08762</i>
                        <i>1 0 0 0 1 0 0 0 1 2.47133 0.383374 -5.07512</i>
                        <i>1 0 0 0 1 0 0 0 1 2.47642 0.384564 -5.06376</i>
                        <i>1 0 0 0 1 0 0 0 1 2.48096 0.385318 -5.05362</i>
                        <i>1 0 0 0 1 0 0 0 1 2.48494 0.385728 -5.04474</i>
                        <i>1 0 0 0 1 0 0 0 1 2.48832 0.385901 -5.03723</i>
                        <i>1 0 0 0 1 0 0 0 1 2.4911 0.385909 -5.03109</i>
                        <i>1 0 0 0 1 0 0 0 1 2.49327 0.38582 -5.02633</i>
                        <i>1 0 0 0 1 0 0 0 1 2.49481 0.385701 -5.02299</i>
                        <i>1 0 0 0 1 0 0 0 1 2.49571 0.385597 -5.02106</i>
                        <i>1 0 0 0 1 0 0 0 1 2.49598 0.385535 -5.02054</i>
                        <i>1 0 0 0 1 0 0 0 1 2.49561 0.385535 -5.02141</i>
                        <i>1 0 0 0 1 0 0 0 1 2.49509 0.385519 -5.0213</i>
                        <i>1 0 0 0 1 0 0 0 1 2.49114 0.385935 -5.03572</i>
                        <i>1 0 0 0 1 0 0 0 1 2.48234 0.385728 -5.06828</i>
                        <i>1 0 0 0 1 0 0 0 1 2.47177 0.38337 -5.10309</i>
                        <i>1 0 0 0 1 0 0 0 1 2.46032 0.378686 -5.13635</i>
                        <i>1 0 0 0 1 0 0 0 1 2.44757 0.370861 -5.16831</i>
                        <i>1 0 0 0 1 0 0 0 1 2.43355 0.360607 -5.1993</i>
                        <i>1 0 0 0 1 0 0 0 1 2.43 0.367889 -5.21658</i>
                        <i>1 0 0 0 1 0 0 0 1 2.42945 0.374063 -5.22389</i>
                        <i>1 0 0 0 1 0 0 0 1 2.42926 0.373712 -5.22247</i>
                        <i>1 0 0 0 1 0 0 0 1 2.42861 0.366169 -5.21323</i>
                        <i>1 0 0 0 1 0 0 0 1 2.43105 0.361523 -5.19972</i>
                        <i>1 0 0 0 1 0 0 0 1 2.43468 0.360622 -5.18598</i>
                        <i>1 0 0 0 1 0 0 0 1 2.4382 0.363251 -5.17423</i>
                    </KeyFrames>
                </p>
            </i>
            <i>
                <p>
                    <Name><![CDATA[spine0]]></Name>
                    <Exclude>0</Exclude>
                    <Additive>0</Additive>
                    <IKPriority>0</IKPriority>
                    <IKRotLimits>-1e+010 -1e+010 -1e+010 1e+010 1e+010 1e+010</IKRotLimits>
                    <IKRotLimitOrder>0</IKRotLimitOrder>
                    <KeyFrames count="91">
                        <i>-0.0174802 0.993284 0.114372 -0.547772 -0.105209 0.829986 0.836445 -0.0481416 0.545933 -0.0676156 1.272 0.0226388</i>
                        <i>0.0234107 0.999725 0.00147964 -0.516876 0.0108369 0.855992 0.85574 -0.0208042 0.516987 -0.045493 1.35867 -0.0742241</i>
                        <i>0.096634 0.974241 -0.203756 -0.464796 0.225193 0.856302 0.880129 0.0119571 0.474585 0.0070626 1.51045 -0.272452</i>
                        <i>0.171618 0.874041 -0.454532 -0.381635 0.484335 0.787258 0.908241 0.0383573 0.416685 0.0625501 1.65507 -0.540345</i>
                        <i>0.231334 0.71196 -0.663021 -0.302806 0.700348 0.64639 0.92455 0.0512346 0.3776 0.122679 1.74889 -0.816816</i>
                        <i>0.270452 0.49989 -0.822779 -0.230006 0.86343 0.448984 0.934854 0.0678152 0.348494 0.176345 1.78589 -1.1016</i>
                        <i>0.28858 0.25308 -0.923402 -0.167107 0.962944 0.211693 0.94276 0.0932168 0.320178 0.219925 1.76304 -1.38075</i>
                        <i>0.289308 -0.00829142 -0.9572 -0.120283 0.991722 -0.0449455 0.949649 0.128138 0.285916 0.255158 1.68781 -1.641</i>
                        <i>0.274065 -0.265197 -0.924424 -0.094462 0.949157 -0.300297 0.957061 0.169624 0.23508 0.279595 1.56539 -1.8725</i>
                        <i>0.243127 -0.500438 -0.830934 -0.0909771 0.841097 -0.533178 0.965719 0.205226 0.158965 0.289077 1.4074 -2.06599</i>
                        <i>0.20335 -0.698926 -0.685676 -0.109618 0.679653 -0.725297 0.972951 0.222652 0.0615922 0.289613 1.22947 -2.21984</i>
                        <i>0.158711 -0.851591 -0.499604 -0.152941 0.478704 -0.864553 0.975408 0.213624 -0.0542678 0.284979 1.04358 -2.33384</i>
                        <i>0.107994 -0.951813 -0.287035 -0.217993 0.259025 -0.940949 0.969957 0.164189 -0.179516 0.269389 0.856384 -2.4164</i>
                        <i>0.0216117 -0.99104 -0.131809 -0.257031 0.1219 -0.958684 0.966162 0.0545977 -0.252093 0.290182 0.878762 -2.49423</i>
                        <i>-0.110714 -0.992929 -0.0428415 -0.276028 0.0721312 -0.958439 0.954752 -0.0942871 -0.282062 0.323666 1.05483 -2.59201</i>
                        <i>-0.230298 -0.971206 0.0610103 -0.297758 0.01064 -0.954582 0.926446 -0.238005 -0.291634 0.36548 1.18771 -2.69474</i>
                        <i>-0.342987 -0.925131 0.162766 -0.318929 -0.048293 -0.946548 0.883541 -0.376565 -0.278487 0.415925 1.30292 -2.8062</i>
                        <i>-0.446522 -0.856351 0.259388 -0.339839 -0.105861 -0.934507 0.827725 -0.505428 -0.243752 0.474763 1.39786 -2.927</i>
                        <i>-0.538998 -0.767056 0.348003 -0.360815 -0.163069 -0.918271 0.761114 -0.62051 -0.188872 0.541432 1.46964 -3.05759</i>
                        <i>-0.618391 -0.660396 0.425992 -0.382575 -0.220517 -0.897223 0.686461 -0.717809 -0.116285 0.614968 1.51524 -3.19723</i>
                        <i>-0.683308 -0.53975 0.491691 -0.406334 -0.278387 -0.870283 0.606616 -0.794463 -0.0290945 0.694203 1.53287 -3.34419</i>
                        <i>-0.73323 -0.408549 0.543563 -0.432791 -0.336165 -0.836472 0.524466 -0.848576 0.0696697 0.777746 1.52076 -3.49761</i>
                        <i>-0.768188 -0.270521 0.580263 -0.462294 -0.392634 -0.795061 0.442912 -0.879009 0.176557 0.863621 1.47722 -3.65642</i>
                        <i>-0.78791 -0.129261 0.602071 -0.495929 -0.446389 -0.744843 0.365037 -0.885454 0.28761 0.950628 1.4025 -3.81748</i>
                        <i>-0.792844 0.0110058 0.609325 -0.533308 -0.496392 -0.684966 0.294925 -0.868029 0.399431 1.03763 1.29527 -3.97899</i>
                        <i>-0.784407 0.151004 0.601584 -0.576038 -0.536973 -0.616311 0.229969 -0.829974 0.50819 1.12252 1.16047 -4.14004</i>
                        <i>-0.756623 0.311077 0.575111 -0.634034 -0.563968 -0.529094 0.159755 -0.764964 0.623945 1.20954 0.99852 -4.30283</i>
                        <i>-0.713491 0.376734 0.590764 -0.697001 -0.467732 -0.543522 0.0715567 -0.799561 0.596307 1.32496 0.989311 -4.39729</i>
                        <i>-0.672477 0.375664 0.637692 -0.738863 -0.290599 -0.607975 -0.0430821 -0.880016 0.472986 1.45504 1.05929 -4.43469</i>
                        <i>-0.637885 0.347654 0.687197 -0.751216 -0.0843294 -0.654648 -0.16964 -0.933823 0.314956 1.59792 1.11186 -4.44847</i>
                        <i>-0.606464 0.314758 0.730157 -0.737141 0.121639 -0.664701 -0.298035 -0.941346 0.158252 1.75006 1.11546 -4.45171</i>
                        <i>-0.579624 0.275885 0.766762 -0.695821 0.322157 -0.64191 -0.424111 -0.905595 0.00523685 1.90774 1.07286 -4.44764</i>
                        <i>-0.557371 0.232184 0.797137 -0.629203 0.508291 -0.588 -0.541702 -0.829295 -0.137216 2.06837 0.98299 -4.43945</i>
                        <i>-0.540308 0.185434 0.820781 -0.539341 0.672393 -0.50695 -0.645893 -0.71659 -0.263288 2.22821 0.84568 -4.4315</i>
                        <i>-0.523444 0.146061 0.839448 -0.4205 0.812584 -0.403593 -0.741071 -0.564246 -0.363924 2.39546 0.650833 -4.43235</i>
                        <i>-0.52882 0.0620438 0.846463 -0.332197 0.902627 -0.273697 -0.781022 -0.425929 -0.456716 2.5052 0.465921 -4.41774</i>
                        <i>-0.553863 -0.0584613 0.830553 -0.31906 0.936286 -0.146865 -0.769049 -0.346339 -0.537227 2.54391 0.360329 -4.39978</i>
                        <i>-0.571417 0.0209713 0.820392 -0.279382 0.934989 -0.218496 -0.77164 -0.354055 -0.52841 2.57321 0.444022 -4.45856</i>
                        <i>-0.586353 0.101012 0.803733 -0.248381 0.921983 -0.297076 -0.771037 -0.373824 -0.515518 2.59632 0.525907 -4.52141</i>
                        <i>-0.602802 0.154112 0.782866 -0.230802 0.905544 -0.355979 -0.76378 -0.395272 -0.510294 2.60992 0.580794 -4.57563</i>
                        <i>-0.622102 0.186682 0.760355 -0.228068 0.885831 -0.404089 -0.748982 -0.424797 -0.508501 2.61193 0.620168 -4.6244</i>
                        <i>-0.642474 0.207954 0.737552 -0.232972 0.863912 -0.446521 -0.730035 -0.458707 -0.506593 2.60813 0.640577 -4.67188</i>
                        <i>-0.665085 0.21524 0.715076 -0.2475 0.839907 -0.483012 -0.70456 -0.498225 -0.505337 2.59587 0.643361 -4.71699</i>
                        <i>-0.690204 0.207398 0.693256 -0.271893 0.813514 -0.514071 -0.670591 -0.543305 -0.505101 2.57416 0.628596 -4.75925</i>
                        <i>-0.7174 0.184493 0.671789 -0.304969 0.783825 -0.540937 -0.626364 -0.592942 -0.506051 2.54335 0.595233 -4.79887</i>
                        <i>-0.74519 0.146689 0.650518 -0.345465 0.749477 -0.564746 -0.570391 -0.645575 -0.507827 2.50336 0.540881 -4.83677</i>
                        <i>-0.771644 0.0926152 0.629276 -0.392656 0.708958 -0.585833 -0.500387 -0.699143 -0.510697 2.45405 0.462591 -4.87326</i>
                        <i>-0.7927 0.0297493 0.608886 -0.441019 0.661577 -0.60648 -0.420867 -0.749287 -0.511312 2.40147 0.369393 -4.90866</i>
                        <i>-0.796966 0.0656322 0.600448 -0.439591 0.618737 -0.651095 -0.414252 -0.782852 -0.464261 2.39819 0.404712 -4.94595</i>
                        <i>-0.799303 0.104638 0.591748 -0.438654 0.571451 -0.693561 -0.410728 -0.813937 -0.410863 2.39622 0.441958 -4.98243</i>
                        <i>-0.804345 0.121958 0.581511 -0.447865 0.518692 -0.728269 -0.390443 -0.846218 -0.362587 2.38228 0.448397 -5.01559</i>
                        <i>-0.81097 0.12424 0.571745 -0.462989 0.461196 -0.756928 -0.357727 -0.878557 -0.316494 2.36016 0.433044 -5.04566</i>
                        <i>-0.81924 0.105611 0.563641 -0.484938 0.397018 -0.779238 -0.306072 -0.911714 -0.274039 2.32638 0.387166 -5.07205</i>
                        <i>-0.824306 0.100318 0.557185 -0.499096 0.335819 -0.79883 -0.267251 -0.936569 -0.226749 2.30233 0.359658 -5.09702</i>
                        <i>-0.824608 0.125329 0.551647 -0.501796 0.288194 -0.815564 -0.261195 -0.949335 -0.174757 2.29883 0.376691 -5.12099</i>
                        <i>-0.823931 0.140368 0.54903 -0.501188 0.271666 -0.821589 -0.264478 -0.9521 -0.153483 2.29885 0.391279 -5.12911</i>
                        <i>-0.823546 0.144224 0.548609 -0.501874 0.265499 -0.823185 -0.264378 -0.953263 -0.146268 2.29713 0.394581 -5.12999</i>
                        <i>-0.823757 0.136626 0.550235 -0.503519 0.269744 -0.820797 -0.260565 -0.95319 -0.153409 2.29377 0.386003 -5.12388</i>
                        <i>-0.824211 0.119004 0.553638 -0.504577 0.289469 -0.813394 -0.257058 -0.949761 -0.178536 2.29135 0.368821 -5.10961</i>
                        <i>-0.823577 0.106148 0.557183 -0.500909 0.324747 -0.802265 -0.266102 -0.939826 -0.214284 2.29554 0.363246 -5.09037</i>
                        <i>-0.822351 0.0953289 0.560938 -0.495574 0.364362 -0.788446 -0.279546 -0.926365 -0.252391 2.30152 0.362447 -5.07036</i>
                        <i>-0.820739 0.0856023 0.564853 -0.490102 0.402571 -0.773134 -0.293576 -0.911377 -0.288452 2.30763 0.363226 -5.05152</i>
                        <i>-0.819385 0.0775348 0.567976 -0.483556 0.438638 -0.757477 -0.307866 -0.895313 -0.321921 2.31479 0.365048 -5.03425</i>
                        <i>-0.818209 0.0701863 0.570621 -0.476478 0.472618 -0.74135 -0.321719 -0.878468 -0.353258 2.32197 0.36677 -5.01783</i>
                        <i>-0.817202 0.0633583 0.572858 -0.469147 0.504225 -0.725023 -0.334785 -0.861245 -0.382329 2.32893 0.368038 -5.00228</i>
                        <i>-0.816343 0.0569308 0.574755 -0.461841 0.533223 -0.708785 -0.346824 -0.844057 -0.409 2.33553 0.368641 -4.98769</i>
                        <i>-0.815571 0.0508556 0.576418 -0.454804 0.559545 -0.692866 -0.357768 -0.827239 -0.433219 2.34159 0.368656 -4.97418</i>
                        <i>-0.81482 0.0452439 0.577946 -0.448198 0.583141 -0.677544 -0.367679 -0.81111 -0.454876 2.3471 0.368256 -4.96192</i>
                        <i>-0.814055 0.0401464 0.579399 -0.442155 0.604009 -0.663078 -0.376583 -0.795965 -0.473946 2.35204 0.367551 -4.95096</i>
                        <i>-0.81327 0.0356062 0.580796 -0.436769 0.622155 -0.649735 -0.38448 -0.782084 -0.490429 2.35639 0.366651 -4.94136</i>
                        <i>-0.81247 0.0316623 0.582142 -0.432122 0.637586 -0.637773 -0.391359 -0.769728 -0.504338 2.36012 0.365678 -4.9332</i>
                        <i>-0.811646 0.0283376 0.583462 -0.428296 0.65035 -0.627382 -0.397233 -0.759106 -0.515717 2.36322 0.364714 -4.9265</i>
                        <i>-0.810788 0.025655 0.584777 -0.425354 0.660494 -0.618726 -0.402115 -0.750393 -0.524608 2.36569 0.363837 -4.92125</i>
                        <i>-0.809903 0.0236318 0.586088 -0.423346 0.668054 -0.61195 -0.405999 -0.743738 -0.531054 2.3675 0.363122 -4.91749</i>
                        <i>-0.808994 0.022275 0.587395 -0.422307 0.673073 -0.607149 -0.408884 -0.739241 -0.535105 2.36866 0.362616 -4.91521</i>
                        <i>-0.80806 0.0215904 0.588704 -0.422261 0.675592 -0.604376 -0.410773 -0.736959 -0.536802 2.36916 0.362352 -4.9144</i>
                        <i>-0.80711 0.0215801 0.590007 -0.423217 0.675635 -0.60366 -0.411656 -0.736921 -0.536178 2.36899 0.362348 -4.91505</i>
                        <i>-0.805691 0.0213141 0.591952 -0.424342 0.676481 -0.601919 -0.413274 -0.736151 -0.53599 2.36878 0.362257 -4.9146</i>
                        <i>-0.806993 0.0265539 0.589964 -0.430741 0.656956 -0.618766 -0.404011 -0.753461 -0.518721 2.36433 0.364221 -4.92987</i>
                        <i>-0.812062 0.0380188 0.582331 -0.442213 0.611046 -0.65656 -0.380792 -0.790682 -0.479395 2.35392 0.367388 -4.96494</i>
                        <i>-0.817478 0.0515159 0.573652 -0.45341 0.556634 -0.696116 -0.355175 -0.829159 -0.431678 2.34159 0.36884 -5.00269</i>
                        <i>-0.821376 0.0650849 0.566662 -0.465877 0.49664 -0.73233 -0.329091 -0.865513 -0.377607 2.32866 0.367929 -5.03881</i>
                        <i>-0.823891 0.0788351 0.561238 -0.479852 0.429901 -0.764805 -0.30157 -0.899428 -0.316362 2.31464 0.363852 -5.07356</i>
                        <i>-0.825641 0.0931714 0.55645 -0.493814 0.357691 -0.792594 -0.272884 -0.92918 -0.249315 2.29945 0.357342 -5.10741</i>
                        <i>-0.825663 0.111297 0.553076 -0.498343 0.315657 -0.807475 -0.264452 -0.942324 -0.205162 2.29565 0.368467 -5.12663</i>
                        <i>-0.824186 0.123704 0.552644 -0.501903 0.29246 -0.813978 -0.262319 -0.948243 -0.178954 2.29532 0.377161 -5.13481</i>
                        <i>-0.822078 0.126633 0.555114 -0.505886 0.284944 -0.814178 -0.261278 -0.950143 -0.170185 2.29549 0.377427 -5.1332</i>
                        <i>-0.820611 0.117911 0.559191 -0.509579 0.291972 -0.809371 -0.258702 -0.949131 -0.179511 2.29504 0.368234 -5.12295</i>
                        <i>-0.819098 0.107636 0.563465 -0.509754 0.313947 -0.800992 -0.263114 -0.943319 -0.202286 2.29789 0.361465 -5.10797</i>
                        <i>-0.817662 0.0984002 0.567227 -0.507536 0.341841 -0.790918 -0.271728 -0.934592 -0.229569 2.30205 0.358525 -5.09273</i>
                        <i>-0.816324 0.0914827 0.570304 -0.504043 0.369339 -0.780724 -0.282058 -0.924781 -0.255389 2.30612 0.359509 -5.07965</i>
                    </KeyFrames>
                </p>
            </i>
            <i>
                <p>
                    <Name><![CDATA[spine1]]></Name>
                    <Exclude>0</Exclude>
                    <Additive>0</Additive>
                    <IKPriority>0</IKPriority>
                    <IKRotLimits>-1e+010 -1e+010 -1e+010 1e+010 1e+010 1e+010</IKRotLimits>
                    <IKRotLimitOrder>0</IKRotLimitOrder>
                    <KeyFrames count="91">
                        <i>0.0404996 0.945379 0.323447 -0.723773 -0.195415 0.661789 0.688848 -0.260904 0.676326 -0.0906729 1.44439 0.0478985</i>
                        <i>0.0880997 0.973207 0.212384 -0.702771 -0.0903771 0.705652 0.70594 -0.211425 0.67598 -0.061247 1.5309 -0.0704342</i>
                        <i>0.171184 0.985225 0.00526631 -0.665915 0.111761 0.737609 0.726122 -0.129774 0.675207 0.004609 1.67551 -0.307541</i>
                        <i>0.261163 0.929898 -0.259005 -0.600084 0.366571 0.711003 0.756104 -0.0302625 0.653752 0.0734324 1.79829 -0.622303</i>
                        <i>0.333668 0.805654 -0.489476 -0.534055 0.589424 0.606106 0.776821 0.0591693 0.626936 0.144206 1.85889 -0.93729</i>
                        <i>0.384208 0.625496 -0.679072 -0.470264 0.765546 0.439079 0.794503 0.150646 0.588277 0.204694 1.85332 -1.25094</i>
                        <i>0.412426 0.403578 -0.816719 -0.413258 0.881848 0.227074 0.811864 0.243865 0.530478 0.251156 1.78149 -1.54723</i>
                        <i>0.421147 0.158643 -0.89301 -0.369706 0.929102 -0.00930027 0.828223 0.334068 0.44994 0.286046 1.6548 -1.81143</i>
                        <i>0.411293 -0.0913272 -0.906916 -0.344882 0.905406 -0.247582 0.843738 0.414608 0.34089 0.307196 1.4822 -2.03368</i>
                        <i>0.383058 -0.330753 -0.862478 -0.340275 0.817511 -0.464637 0.858766 0.471463 0.200607 0.310499 1.27881 -2.20586</i>
                        <i>0.342719 -0.545169 -0.765071 -0.355778 0.678411 -0.642791 0.869463 0.492493 0.0385452 0.303338 1.06336 -2.32828</i>
                        <i>0.293227 -0.725056 -0.623147 -0.393497 0.502499 -0.769841 0.871308 0.470945 -0.137961 0.290345 0.849605 -2.40298</i>
                        <i>0.233313 -0.863209 -0.4477 -0.449714 0.312425 -0.836749 0.862162 0.396561 -0.315304 0.265537 0.645632 -2.44142</i>
                        <i>0.142706 -0.939675 -0.31088 -0.477408 0.209791 -0.85327 0.867016 0.270183 -0.41867 0.269985 0.663582 -2.48766</i>
                        <i>0.00897579 -0.973381 -0.229016 -0.479093 0.196842 -0.855408 0.877718 0.117398 -0.464573 0.278236 0.842559 -2.56766</i>
                        <i>-0.115515 -0.984927 -0.12874 -0.4808 0.168855 -0.860418 0.869188 -0.0374931 -0.493058 0.29763 0.982899 -2.65014</i>
                        <i>-0.235608 -0.971496 -0.0261482 -0.479269 0.139555 -0.866502 0.845452 -0.191623 -0.498489 0.327269 1.11017 -2.74223</i>
                        <i>-0.348863 -0.934121 0.0755853 -0.475425 0.106897 -0.873238 0.807629 -0.340576 -0.481397 0.367322 1.22135 -2.8451</i>
                        <i>-0.453123 -0.874411 0.173449 -0.470281 0.0691827 -0.879801 0.757308 -0.480228 -0.442567 0.417556 1.31307 -2.95974</i>
                        <i>-0.546065 -0.794867 0.264576 -0.46539 0.0252252 -0.884746 0.696581 -0.60626 -0.383697 0.47735 1.38163 -3.08587</i>
                        <i>-0.626037 -0.698338 0.34699 -0.462744 -0.0254635 -0.886126 0.627651 -0.715315 -0.30721 0.54576 1.42452 -3.22202</i>
                        <i>-0.692161 -0.587784 0.418835 -0.463749 -0.0824692 -0.88212 0.553037 -0.804804 -0.215502 0.621443 1.43928 -3.36758</i>
                        <i>-0.74404 -0.466473 0.478339 -0.46942 -0.144491 -0.871073 0.475447 -0.872654 -0.111464 0.702365 1.42346 -3.52168</i>
                        <i>-0.781057 -0.337655 0.525299 -0.481558 -0.209862 -0.850917 0.397556 -0.917577 0.00131353 0.787326 1.3766 -3.68106</i>
                        <i>-0.802922 -0.205317 0.559608 -0.5007 -0.277103 -0.820069 0.323443 -0.938647 0.11969 0.875022 1.29653 -3.8438</i>
                        <i>-0.81168 -0.0684547 0.580077 -0.527639 -0.340055 -0.778435 0.250545 -0.937911 0.239896 0.963124 1.18838 -4.00898</i>
                        <i>-0.804678 0.0944268 0.586154 -0.57014 -0.398327 -0.718524 0.165633 -0.91237 0.374361 1.05732 1.05633 -4.1798</i>
                        <i>-0.786402 0.166884 0.594745 -0.614846 -0.304159 -0.727635 0.0594659 -0.93789 0.341799 1.18328 1.05978 -4.27058</i>
                        <i>-0.771456 0.178576 0.61071 -0.632729 -0.113999 -0.765936 -0.0671569 -0.9773 0.200935 1.32383 1.12979 -4.29602</i>
                        <i>-0.760406 0.172664 0.626075 -0.618621 0.100909 -0.779182 -0.197714 -0.979798 0.0300818 1.47596 1.17645 -4.29679</i>
                        <i>-0.748872 0.169577 0.640652 -0.578211 0.305181 -0.756662 -0.323827 -0.937075 -0.13049 1.63658 1.17228 -4.28859</i>
                        <i>-0.737423 0.166998 0.65446 -0.511532 0.494661 -0.702599 -0.441069 -0.85289 -0.27935 1.8016 1.11997 -4.27463</i>
                        <i>-0.725336 0.164288 0.668504 -0.421914 0.661238 -0.620285 -0.543945 -0.731966 -0.410304 1.96832 1.01877 -4.25819</i>
                        <i>-0.712687 0.161373 0.682668 -0.312433 0.798302 -0.514878 -0.628063 -0.580235 -0.518522 2.13282 0.868992 -4.24382</i>
                        <i>-0.694491 0.168682 0.699449 -0.177042 0.902178 -0.39336 -0.697379 -0.397017 -0.596691 2.3043 0.662512 -4.23988</i>
                        <i>-0.69336 0.122772 0.710055 -0.0817706 0.965609 -0.246806 -0.715936 -0.229187 -0.659476 2.41312 0.457979 -4.22307</i>
                        <i>-0.713882 0.0233108 0.699878 -0.0692371 0.992199 -0.10367 -0.696835 -0.122465 -0.706699 2.44665 0.327273 -4.20757</i>
                        <i>-0.725605 0.0993196 0.680906 -0.0284325 0.984356 -0.173881 -0.687524 -0.145529 -0.71143 2.47231 0.426493 -4.26795</i>
                        <i>-0.735521 0.172214 0.655249 0.00296199 0.967963 -0.251077 -0.677495 -0.182732 -0.712467 2.49228 0.524344 -4.33369</i>
                        <i>-0.747787 0.218052 0.62711 0.0199849 0.951495 -0.307014 -0.663638 -0.217048 -0.715874 2.50243 0.590044 -4.39161</i>
                        <i>-0.763768 0.242055 0.598388 0.0211949 0.935932 -0.351543 -0.645143 -0.255814 -0.719965 2.5004 0.636441 -4.4444</i>
                        <i>-0.781232 0.25399 0.570233 0.0141649 0.92046 -0.390581 -0.62408 -0.297057 -0.72269 2.49232 0.66179 -4.49602</i>
                        <i>-0.801216 0.251054 0.543162 -0.00346127 0.905768 -0.42376 -0.598365 -0.341403 -0.724847 2.4753 0.666933 -4.54522</i>
                        <i>-0.823693 0.232095 0.51736 -0.0323483 0.891675 -0.451519 -0.566112 -0.388649 -0.726959 2.44826 0.651725 -4.59148</i>
                        <i>-0.847778 0.19721 0.492321 -0.0718128 0.877058 -0.474986 -0.525467 -0.438038 -0.729388 2.41157 0.615121 -4.63503</i>
                        <i>-0.871595 0.146615 0.467788 -0.121142 0.860218 -0.495327 -0.475022 -0.488394 -0.732001 2.36541 0.554737 -4.67684</i>
                        <i>-0.892777 0.0790913 0.443501 -0.180374 0.839356 -0.512783 -0.412812 -0.537797 -0.735092 2.30998 0.467333 -4.71722</i>
                        <i>-0.907298 0.00255036 0.420481 -0.243544 0.811989 -0.530434 -0.342779 -0.583667 -0.736095 2.25214 0.363306 -4.75639</i>
                        <i>-0.910158 0.0257219 0.413462 -0.243265 0.774676 -0.583695 -0.335313 -0.631836 -0.69882 2.24789 0.40654 -4.7959</i>
                        <i>-0.911718 0.0516957 0.40755 -0.242939 0.732154 -0.636342 -0.331286 -0.679174 -0.654959 2.2454 0.452291 -4.83478</i>
                        <i>-0.914642 0.0555174 0.400434 -0.256068 0.686917 -0.680128 -0.312824 -0.724612 -0.614067 2.23016 0.463104 -4.87061</i>
                        <i>-0.917928 0.0439686 0.394304 -0.27766 0.638707 -0.717606 -0.283397 -0.768193 -0.574078 2.20623 0.449253 -4.90325</i>
                        <i>-0.920696 0.0109084 0.390128 -0.310118 0.586445 -0.748271 -0.236951 -0.809916 -0.536554 2.17001 0.400897 -4.93187</i>
                        <i>-0.921312 -0.00733804 0.388755 -0.332373 0.533701 -0.777619 -0.201773 -0.845641 -0.494144 2.14433 0.373307 -4.95886</i>
                        <i>-0.921004 0.00795775 0.389473 -0.336372 0.488032 -0.805406 -0.196484 -0.87279 -0.446802 2.14067 0.395783 -4.98479</i>
                        <i>-0.920796 0.0197437 0.389545 -0.335085 0.471119 -0.815944 -0.199632 -0.881849 -0.427189 2.14088 0.413458 -4.99379</i>
                        <i>-0.920504 0.0224064 0.39009 -0.335813 0.465025 -0.819135 -0.199756 -0.885014 -0.420533 2.13924 0.417575 -4.99487</i>
                        <i>-0.920322 0.0156317 0.390848 -0.338275 0.469913 -0.815323 -0.19641 -0.882574 -0.427184 2.13577 0.407494 -4.98833</i>
                        <i>-0.920342 0.00190656 0.391109 -0.340072 0.490033 -0.802633 -0.193187 -0.871702 -0.450349 2.13321 0.386688 -4.97297</i>
                        <i>-0.920678 -0.00381469 0.390305 -0.334473 0.52315 -0.783864 -0.201198 -0.852232 -0.482928 2.13767 0.378169 -4.95243</i>
                        <i>-0.920916 -0.00633067 0.389711 -0.326291 0.559415 -0.761964 -0.213186 -0.828864 -0.51724 2.14411 0.374718 -4.93106</i>
                        <i>-0.920855 -0.00773552 0.389829 -0.317882 0.593847 -0.739119 -0.225781 -0.804541 -0.549306 2.15076 0.373038 -4.91086</i>
                        <i>-0.92093 -0.0076593 0.389652 -0.308346 0.625781 -0.716464 -0.23835 -0.779961 -0.578663 2.15841 0.372717 -4.89246</i>
                        <i>-0.921029 -0.00705925 0.389431 -0.29838 0.655441 -0.693806 -0.250351 -0.755214 -0.605786 2.16603 0.372435 -4.87504</i>
                        <i>-0.921126 -0.00623774 0.389214 -0.288335 0.682662 -0.671443 -0.261513 -0.730708 -0.630616 2.17339 0.37181 -4.85862</i>
                        <i>-0.921201 -0.00541422 0.389049 -0.278541 0.707329 -0.649693 -0.271668 -0.706864 -0.6531 2.18033 0.370618 -4.84326</i>
                        <i>-0.92122 -0.00470121 0.389014 -0.269254 0.729458 -0.628803 -0.280813 -0.684009 -0.673257 2.18671 0.368933 -4.82908</i>
                        <i>-0.921152 -0.00405007 0.389181 -0.260624 0.749067 -0.609076 -0.289056 -0.662481 -0.691061 2.1925 0.366957 -4.81621</i>
                        <i>-0.920987 -0.00345997 0.389577 -0.252776 0.766217 -0.590775 -0.296457 -0.642572 -0.706551 2.19772 0.364814 -4.80471</i>
                        <i>-0.920734 -0.00293435 0.390179 -0.245801 0.780974 -0.574161 -0.303035 -0.624556 -0.719791 2.20234 0.362631 -4.79462</i>
                        <i>-0.920407 -0.00247753 0.390954 -0.239781 0.793402 -0.55948 -0.308798 -0.608693 -0.730847 2.20632 0.360538 -4.78602</i>
                        <i>-0.92001 -0.00209431 0.39189 -0.234792 0.803594 -0.546908 -0.313775 -0.595174 -0.739806 2.20967 0.358629 -4.77891</i>
                        <i>-0.919546 -0.00178435 0.392977 -0.230895 0.811635 -0.536597 -0.317997 -0.584162 -0.746748 2.21237 0.356987 -4.7733</i>
                        <i>-0.919029 -0.00155002 0.394187 -0.228136 0.817592 -0.528675 -0.321464 -0.575796 -0.751745 2.21442 0.355694 -4.76921</i>
                        <i>-0.918466 -0.00139461 0.395498 -0.226551 0.82153 -0.523223 -0.324184 -0.570163 -0.754863 2.2158 0.354801 -4.76664</i>
                        <i>-0.91786 -0.00131624 0.396902 -0.226163 0.823502 -0.520284 -0.326165 -0.567312 -0.756157 2.21652 0.354341 -4.76556</i>
                        <i>-0.917219 -0.00131368 0.398381 -0.22698 0.823535 -0.519876 -0.327397 -0.567264 -0.75566 2.21656 0.354334 -4.76598</i>
                        <i>-0.916268 -0.0013219 0.400565 -0.227837 0.8242 -0.518444 -0.32946 -0.566297 -0.755489 2.21667 0.354171 -4.76516</i>
                        <i>-0.916948 -0.00193304 0.399001 -0.236057 0.808842 -0.538565 -0.321688 -0.588023 -0.742122 2.21183 0.357632 -4.78103</i>
                        <i>-0.919747 -0.00363061 0.392494 -0.252055 0.772002 -0.583508 -0.300888 -0.63561 -0.710961 2.20007 0.364085 -4.81806</i>
                        <i>-0.922447 -0.00480123 0.386093 -0.268314 0.727027 -0.632012 -0.277665 -0.686592 -0.671932 2.18628 0.369304 -4.85813</i>
                        <i>-0.923777 -0.00637123 0.382878 -0.286071 0.676152 -0.678957 -0.254558 -0.736735 -0.626436 2.17218 0.372175 -4.89637</i>
                        <i>-0.923743 -0.00835244 0.382922 -0.305768 0.618167 -0.724138 -0.230661 -0.786002 -0.573582 2.15724 0.371918 -4.93313</i>
                        <i>-0.922767 -0.00987863 0.385232 -0.325806 0.553858 -0.766219 -0.205794 -0.832553 -0.5143 2.14126 0.369301 -4.969</i>
                        <i>-0.922063 -0.000539476 0.387039 -0.33216 0.514408 -0.790604 -0.198669 -0.857546 -0.474495 2.13733 0.384503 -4.98962</i>
                        <i>-0.920793 0.00718003 0.389985 -0.336257 0.49207 -0.802994 -0.197666 -0.870526 -0.45068 2.13726 0.395886 -4.99835</i>
                        <i>-0.919151 0.008619 0.393811 -0.340573 0.484943 -0.805506 -0.197919 -0.874503 -0.4428 2.13785 0.396812 -4.99643</i>
