<?xml version="1.0" encoding="ISO-8859-1" ?>
<Animl Version="1">
    <ModellingPackage><![CDATA[Maya.2010]]></ModellingPackage>
    <SrcFile><![CDATA[anims\characters\shared\base_soldier\~src\infantry\death_armshot_01.mb]]></SrcFile>
    <FramesPerSecond>30</FramesPerSecond>
    <TotalFrames>60</TotalFrames>
    <Skeleton>
        <RefFrame>
            <Name><![CDATA[soldier_ref_frame]]></Name>
            <Exclude>0</Exclude>
            <Additive>0</Additive>
            <IKPriority>0</IKPriority>
            <IKRotLimits>-1e+010 -1e+010 -1e+010 1e+010 1e+010 1e+010</IKRotLimits>
            <IKRotLimitOrder>0</IKRotLimitOrder>
            <KeyFrames count="60">
                <i>1 0 0 0 1 0 0 0 1 -0.0476351 0 0.0220958</i>
                <i>1 0 0 0 1 0 0 0 1 -0.0476351 0 0.0220958</i>
                <i>1 0 0 0 1 0 0 0 1 -0.0476351 0 0.0220958</i>
                <i>1 0 0 0 1 0 0 0 1 -0.0417973 0 0.00879377</i>
                <i>1 0 0 0 1 0 0 0 1 -0.0252973 0 -0.0255097</i>
                <i>1 0 0 0 1 0 0 0 1 0.000344626 0 -0.0724105</i>
                <i>1 0 0 0 1 0 0 0 1 0.0336083 0 -0.123505</i>
                <i>1 0 0 0 1 0 0 0 1 0.0729734 0 -0.170388</i>
                <i>1 0 0 0 1 0 0 0 1 0.11692 0 -0.213552</i>
                <i>1 0 0 0 1 0 0 0 1 0.163927 0 -0.258636</i>
                <i>1 0 0 0 1 0 0 0 1 0.212475 0 -0.304961</i>
                <i>1 0 0 0 1 0 0 0 1 0.261044 0 -0.351848</i>
                <i>1 0 0 0 1 0 0 0 1 0.315248 0 -0.398616</i>
                <i>1 0 0 0 1 0 0 0 1 0.387494 0 -0.444586</i>
                <i>1 0 0 0 1 0 0 0 1 0.470236 0 -0.489079</i>
                <i>1 0 0 0 1 0 0 0 1 0.555066 0 -0.531414</i>
                <i>1 0 0 0 1 0 0 0 1 0.635671 0 -0.570913</i>
                <i>1 0 0 0 1 0 0 0 1 0.718546 0 -0.606722</i>
                <i>1 0 0 0 1 0 0 0 1 0.803297 0 -0.616473</i>
                <i>1 0 0 0 1 0 0 0 1 0.88893 0 -0.606174</i>
                <i>1 0 0 0 1 0 0 0 1 0.976194 0 -0.603376</i>
                <i>1 0 0 0 1 0 0 0 1 1.06371 0 -0.605387</i>
                <i>1 0 0 0 1 0 0 0 1 1.15557 0 -0.617639</i>
                <i>1 0 0 0 1 0 0 0 1 1.23526 0 -0.641601</i>
                <i>1 0 0 0 1 0 0 0 1 1.29189 0 -0.662891</i>
                <i>1 0 0 0 1 0 0 0 1 1.33872 0 -0.67096</i>
                <i>1 0 0 0 1 0 0 0 1 1.3774 0 -0.673107</i>
                <i>1 0 0 0 1 0 0 0 1 1.40847 0 -0.672328</i>
                <i>1 0 0 0 1 0 0 0 1 1.43148 0 -0.671091</i>
                <i>1 0 0 0 1 0 0 0 1 1.4415 0 -0.670792</i>
                <i>1 0 0 0 1 0 0 0 1 1.44215 0 -0.669755</i>
                <i>1 0 0 0 1 0 0 0 1 1.4387 0 -0.667965</i>
                <i>1 0 0 0 1 0 0 0 1 1.43226 0 -0.665443</i>
                <i>1 0 0 0 1 0 0 0 1 1.42108 0 -0.661479</i>
                <i>1 0 0 0 1 0 0 0 1 1.40824 0 -0.657079</i>
                <i>1 0 0 0 1 0 0 0 1 1.39688 0 -0.653681</i>
                <i>1 0 0 0 1 0 0 0 1 1.38901 0 -0.6526</i>
                <i>1 0 0 0 1 0 0 0 1 1.38249 0 -0.653272</i>
                <i>1 0 0 0 1 0 0 0 1 1.37674 0 -0.654958</i>
                <i>1 0 0 0 1 0 0 0 1 1.3714 0 -0.657202</i>
                <i>1 0 0 0 1 0 0 0 1 1.36609 0 -0.659544</i>
                <i>1 0 0 0 1 0 0 0 1 1.36046 0 -0.661528</i>
                <i>1 0 0 0 1 0 0 0 1 1.36046 0 -0.661528</i>
                <i>1 0 0 0 1 0 0 0 1 1.36046 0 -0.661528</i>
                <i>1 0 0 0 1 0 0 0 1 1.36046 0 -0.661528</i>
                <i>1 0 0 0 1 0 0 0 1 1.36046 0 -0.661528</i>
                <i>1 0 0 0 1 0 0 0 1 1.36046 0 -0.661528</i>
                <i>1 0 0 0 1 0 0 0 1 1.36046 0 -0.661528</i>
                <i>1 0 0 0 1 0 0 0 1 1.36046 0 -0.661528</i>
                <i>1 0 0 0 1 0 0 0 1 1.36046 0 -0.661528</i>
                <i>1 0 0 0 1 0 0 0 1 1.36046 0 -0.661528</i>
                <i>1 0 0 0 1 0 0 0 1 1.36046 0 -0.661528</i>
                <i>1 0 0 0 1 0 0 0 1 1.36046 0 -0.661528</i>
                <i>1 0 0 0 1 0 0 0 1 1.36046 0 -0.661528</i>
                <i>1 0 0 0 1 0 0 0 1 1.36046 0 -0.661528</i>
                <i>1 0 0 0 1 0 0 0 1 1.36046 0 -0.661528</i>
                <i>1 0 0 0 1 0 0 0 1 1.36046 0 -0.661528</i>
                <i>1 0 0 0 1 0 0 0 1 1.36046 0 -0.661528</i>
                <i>1 0 0 0 1 0 0 0 1 1.36046 0 -0.661528</i>
                <i>1 0 0 0 1 0 0 0 1 1.36046 0 -0.661528</i>
            </KeyFrames>
        </RefFrame>
        <Bones count="23">
            <i>
                <p>
                    <Name><![CDATA[pelvis]]></Name>
                    <Exclude>0</Exclude>
                    <Additive>0</Additive>
                    <IKPriority>0</IKPriority>
                    <IKRotLimits>-1e+010 -1e+010 -1e+010 1e+010 1e+010 1e+010</IKRotLimits>
                    <IKRotLimitOrder>2</IKRotLimitOrder>
                    <KeyFrames count="60">
                        <i>1 0 0 0 1 0 0 0 1 -0.0476351 1.16992 0.0220958</i>
                        <i>1 0 0 0 1 0 0 0 1 -0.0476351 1.16992 0.0220958</i>
                        <i>1 0 0 0 1 0 0 0 1 -0.0476351 1.16992 0.0220958</i>
                        <i>1 0 0 0 1 0 0 0 1 -0.0417973 1.17723 0.00879377</i>
                        <i>1 0 0 0 1 0 0 0 1 -0.0252973 1.19141 -0.0255097</i>
                        <i>1 0 0 0 1 0 0 0 1 0.000344626 1.20081 -0.0724105</i>
                        <i>1 0 0 0 1 0 0 0 1 0.0336083 1.19976 -0.123505</i>
                        <i>1 0 0 0 1 0 0 0 1 0.0729734 1.18551 -0.170388</i>
                        <i>1 0 0 0 1 0 0 0 1 0.11692 1.16121 -0.213552</i>
                        <i>1 0 0 0 1 0 0 0 1 0.163927 1.134 -0.258636</i>
                        <i>1 0 0 0 1 0 0 0 1 0.212475 1.10255 -0.304961</i>
                        <i>1 0 0 0 1 0 0 0 1 0.261044 1.06554 -0.351848</i>
                        <i>1 0 0 0 1 0 0 0 1 0.315248 1.02237 -0.398616</i>
                        <i>1 0 0 0 1 0 0 0 1 0.387494 0.973966 -0.444586</i>
                        <i>1 0 0 0 1 0 0 0 1 0.470236 0.920142 -0.489079</i>
                        <i>1 0 0 0 1 0 0 0 1 0.555066 0.860642 -0.531414</i>
                        <i>1 0 0 0 1 0 0 0 1 0.635671 0.793285 -0.570913</i>
                        <i>1 0 0 0 1 0 0 0 1 0.718546 0.710552 -0.606722</i>
                        <i>1 0 0 0 1 0 0 0 1 0.803297 0.621221 -0.616473</i>
                        <i>1 0 0 0 1 0 0 0 1 0.88893 0.531629 -0.606174</i>
                        <i>1 0 0 0 1 0 0 0 1 0.976194 0.438717 -0.603376</i>
                        <i>1 0 0 0 1 0 0 0 1 1.06371 0.349666 -0.605387</i>
                        <i>1 0 0 0 1 0 0 0 1 1.15557 0.255368 -0.617639</i>
                        <i>1 0 0 0 1 0 0 0 1 1.23526 0.185484 -0.641601</i>
                        <i>1 0 0 0 1 0 0 0 1 1.29189 0.163178 -0.662891</i>
                        <i>1 0 0 0 1 0 0 0 1 1.33329 0.182561 -0.670837</i>
                        <i>1 0 0 0 1 0 0 0 1 1.36657 0.234513 -0.67288</i>
                        <i>1 0 0 0 1 0 0 0 1 1.39987 0.287111 -0.672245</i>
                        <i>1 0 0 0 1 0 0 0 1 1.43148 0.308736 -0.671091</i>
                        <i>1 0 0 0 1 0 0 0 1 1.4475 0.294719 -0.671147</i>
                        <i>1 0 0 0 1 0 0 0 1 1.44732 0.262407 -0.670512</i>
                        <i>1 0 0 0 1 0 0 0 1 1.43952 0.227477 -0.668766</i>
                        <i>1 0 0 0 1 0 0 0 1 1.43087 0.203413 -0.665849</i>
                        <i>1 0 0 0 1 0 0 0 1 1.42438 0.202886 -0.660925</i>
                        <i>1 0 0 0 1 0 0 0 1 1.42468 0.236075 -0.654351</i>
                        <i>1 0 0 0 1 0 0 0 1 1.4237 0.278773 -0.64904</i>
                        <i>1 0 0 0 1 0 0 0 1 1.4166 0.300115 -0.647876</i>
                        <i>1 0 0 0 1 0 0 0 1 1.40484 0.30027 -0.649531</i>
                        <i>1 0 0 0 1 0 0 0 1 1.39362 0.299887 -0.65219</i>
                        <i>1 0 0 0 1 0 0 0 1 1.38266 0.29906 -0.655385</i>
                        <i>1 0 0 0 1 0 0 0 1 1.3717 0.297905 -0.658653</i>
                        <i>1 0 0 0 1 0 0 0 1 1.36046 0.296555 -0.661528</i>
                        <i>1 0 0 0 1 0 0 0 1 1.36046 0.296555 -0.661528</i>
                        <i>1 0 0 0 1 0 0 0 1 1.36046 0.296555 -0.661528</i>
                        <i>1 0 0 0 1 0 0 0 1 1.36046 0.296555 -0.661528</i>
                        <i>1 0 0 0 1 0 0 0 1 1.36046 0.296555 -0.661528</i>
                        <i>1 0 0 0 1 0 0 0 1 1.36046 0.296555 -0.661528</i>
                        <i>1 0 0 0 1 0 0 0 1 1.36046 0.296555 -0.661528</i>
                        <i>1 0 0 0 1 0 0 0 1 1.36046 0.296555 -0.661528</i>
                        <i>1 0 0 0 1 0 0 0 1 1.36046 0.296555 -0.661528</i>
                        <i>1 0 0 0 1 0 0 0 1 1.36046 0.296555 -0.661528</i>
                        <i>1 0 0 0 1 0 0 0 1 1.36046 0.296555 -0.661528</i>
                        <i>1 0 0 0 1 0 0 0 1 1.36046 0.296555 -0.661528</i>
                        <i>1 0 0 0 1 0 0 0 1 1.36046 0.296555 -0.661528</i>
                        <i>1 0 0 0 1 0 0 0 1 1.36046 0.296555 -0.661528</i>
                        <i>1 0 0 0 1 0 0 0 1 1.36046 0.296555 -0.661528</i>
                        <i>1 0 0 0 1 0 0 0 1 1.36046 0.296555 -0.661528</i>
                        <i>1 0 0 0 1 0 0 0 1 1.36046 0.296555 -0.661528</i>
                        <i>1 0 0 0 1 0 0 0 1 1.36046 0.296555 -0.661528</i>
                        <i>1 0 0 0 1 0 0 0 1 1.36046 0.296555 -0.661528</i>
                    </KeyFrames>
                </p>
            </i>
            <i>
                <p>
                    <Name><![CDATA[spine0]]></Name>
                    <Exclude>0</Exclude>
                    <Additive>0</Additive>
                    <IKPriority>0</IKPriority>
                    <IKRotLimits>-1e+010 -1e+010 -1e+010 1e+010 1e+010 1e+010</IKRotLimits>
                    <IKRotLimitOrder>0</IKRotLimitOrder>
                    <KeyFrames count="60">
                        <i>-0.00769412 0.999902 -0.0116821 -0.875293 -0.00108534 0.483591 0.483531 0.0139461 0.875216 -0.0600454 1.30554 -0.0190979</i>
                        <i>-0.00746026 0.999756 -0.0208022 -0.875233 0.0035332 0.483689 0.483644 0.0218152 0.874993 -0.0600454 1.30554 -0.0190979</i>
                        <i>-0.0112054 0.999451 -0.0311816 -0.875211 0.00527867 0.483712 0.483611 0.0327107 0.874672 -0.0600454 1.30554 -0.0190979</i>
                        <i>-0.0305716 0.997902 -0.0570638 -0.874772 0.000907997 0.484533 0.483569 0.0647308 0.87291 -0.0530528 1.31283 -0.0336709</i>
                        <i>-0.0477659 0.994036 -0.0980398 -0.873063 0.00613517 0.48757 0.485263 0.108884 0.867562 -0.0335479 1.32699 -0.0702979</i>
                        <i>-0.0471377 0.990464 -0.129456 -0.870032 0.0229599 0.492461 0.490737 0.135845 0.860653 -0.00371133 1.33654 -0.118359</i>
                        <i>-0.108476 0.95987 -0.258615 -0.86395 0.0376613 0.502168 0.491756 0.277904 0.825195 0.0193374 1.33034 -0.190388</i>
                        <i>-0.151467 0.898655 -0.411676 -0.854097 0.0906609 0.512151 0.49757 0.429185 0.753807 0.0503287 1.30553 -0.264024</i>
                        <i>-0.103569 0.870131 -0.481814 -0.834323 0.187709 0.518335 0.54146 0.455672 0.70653 0.101776 1.27655 -0.319386</i>
                        <i>-0.0570259 0.839471 -0.540404 -0.804214 0.28212 0.523113 0.591597 0.464432 0.659026 0.155824 1.24436 -0.37475</i>
                        <i>-0.0133501 0.806374 -0.591255 -0.763635 0.373507 0.526644 0.64551 0.458534 0.610789 0.211035 1.20775 -0.429872</i>
                        <i>0.0244734 0.770342 -0.637161 -0.712256 0.460668 0.5296 0.701493 0.440861 0.559955 0.265925 1.16543 -0.484454</i>
                        <i>0.0554018 0.732237 -0.678792 -0.649479 0.542781 0.532508 0.758358 0.41136 0.505644 0.326066 1.11672 -0.538132</i>
                        <i>0.0833355 0.693744 -0.715384 -0.573974 0.620259 0.534633 0.814622 0.366058 0.449881 0.40372 1.06248 -0.590462</i>
                        <i>0.105505 0.654304 -0.748835 -0.484374 0.69148 0.535945 0.868476 0.306171 0.389883 0.491088 1.00252 -0.640908</i>
                        <i>0.117365 0.613603 -0.780844 -0.379046 0.75443 0.535873 0.917905 0.233082 0.321127 0.579414 0.936703 -0.68882</i>
                        <i>0.114987 0.568429 -0.814657 -0.244544 0.811057 0.5314 0.962796 0.138115 0.232267 0.662502 0.862338 -0.73402</i>
                        <i>0.0997501 0.509302 -0.854787 -0.023487 0.860038 0.50969 0.994735 -0.0307653 0.0977508 0.748235 0.7699 -0.776848</i>
                        <i>0.0776216 0.467822 -0.880408 0.239635 0.848429 0.471957 0.967755 -0.24761 -0.04625 0.836216 0.672741 -0.791402</i>
                        <i>0.0690189 0.44011 -0.895287 0.487823 0.767928 0.415109 0.87021 -0.465392 -0.161694 0.928476 0.575886 -0.784333</i>
                        <i>0.0770443 0.415562 -0.906296 0.717888 0.607673 0.339663 0.691883 -0.676788 -0.251509 1.02566 0.47188 -0.78525</i>
                        <i>0.144473 0.352101 -0.924744 0.881336 0.379086 0.28203 0.449861 -0.855756 -0.255552 1.12631 0.365902 -0.790881</i>
                        <i>0.240166 0.116926 -0.963664 0.963008 0.0962853 0.251685 0.122215 -0.988462 -0.0894762 1.22761 0.245239 -0.807783</i>
                        <i>0.204932 -0.0647987 -0.976629 0.963237 -0.163743 0.212986 -0.173718 -0.984372 0.0288602 1.30893 0.152178 -0.834672</i>
                        <i>0.161444 -0.0523765 -0.985491 0.92016 -0.352953 0.1695 -0.35671 -0.934174 -0.00878745 1.36796 0.117991 -0.855627</i>
                        <i>0.17554 -0.0108282 -0.984413 0.852075 -0.499182 0.157432 -0.493106 -0.866429 -0.0783997 1.41487 0.128572 -0.861201</i>
                        <i>0.237656 -0.00577942 -0.971332 0.770831 -0.60735 0.192213 -0.591049 -0.794414 -0.139885 1.45413 0.171874 -0.859982</i>
                        <i>0.299155 -0.0270263 -0.953822 0.687391 -0.687196 0.235064 -0.661816 -0.725969 -0.187 1.49064 0.215556 -0.856733</i>
                        <i>0.324478 -0.041514 -0.944982 0.614338 -0.750397 0.243911 -0.719237 -0.659682 -0.217984 1.52004 0.228926 -0.855298</i>
                        <i>0.33531 -0.0813847 -0.938586 0.555268 -0.787757 0.266676 -0.761081 -0.610586 -0.218952 1.53061 0.208879 -0.856668</i>
                        <i>0.343334 -0.141027 -0.928565 0.515018 -0.798498 0.311699 -0.785416 -0.585245 -0.20152 1.525 0.173216 -0.857617</i>
                        <i>0.357617 -0.139519 -0.923387 0.505806 -0.802249 0.317108 -0.785029 -0.580458 -0.216329 1.51462 0.13736 -0.856699</i>
                        <i>0.368808 -0.0750288 -0.926473 0.528473 -0.803037 0.275406 -0.764655 -0.591188 -0.256515 1.50536 0.115142 -0.854482</i>
                        <i>0.351101 -0.0530934 -0.934831 0.566466 -0.782915 0.257217 -0.74555 -0.619859 -0.244806 1.49677 0.118792 -0.851313</i>
                        <i>0.306271 -0.110101 -0.945556 0.606946 -0.742624 0.283065 -0.733358 -0.660596 -0.160619 1.49442 0.156594 -0.846636</i>
                        <i>0.268695 -0.193045 -0.943683 0.64289 -0.693619 0.32494 -0.717284 -0.693993 -0.0622649 1.49154 0.20275 -0.84259</i>
                        <i>0.263747 -0.234667 -0.935612 0.673349 -0.64973 0.352778 -0.69068 -0.723037 -0.0133515 1.48435 0.225888 -0.84174</i>
                        <i>0.27639 -0.230763 -0.932929 0.706568 -0.609219 0.36002 -0.651437 -0.758684 -0.0053319 1.47294 0.227727 -0.843519</i>
                        <i>0.289728 -0.225956 -0.930055 0.738119 -0.565853 0.36741 -0.609293 -0.79294 0.00283892 1.46226 0.229087 -0.846227</i>
                        <i>0.303326 -0.220104 -0.927118 0.767472 -0.520248 0.374605 -0.564783 -0.825164 0.0111188 1.45189 0.230075 -0.849442</i>
                        <i>0.316705 -0.213153 -0.924264 0.794251 -0.473084 0.381257 -0.518521 -0.854843 0.019469 1.44143 0.230789 -0.852744</i>
                        <i>0.329356 -0.205147 -0.921651 0.81824 -0.425086 0.38702 -0.471177 -0.881599 0.027855 1.43049 0.231319 -0.85571</i>
                        <i>0.329356 -0.205147 -0.921651 0.81824 -0.425086 0.38702 -0.471177 -0.881599 0.027855 1.43049 0.231319 -0.85571</i>
                        <i>0.329356 -0.205147 -0.921651 0.81824 -0.425086 0.38702 -0.471177 -0.881599 0.027855 1.43049 0.231319 -0.85571</i>
                        <i>0.329356 -0.205147 -0.921651 0.81824 -0.425086 0.38702 -0.471177 -0.881599 0.027855 1.43049 0.231319 -0.85571</i>
                        <i>0.329356 -0.205147 -0.921651 0.81824 -0.425086 0.38702 -0.471177 -0.881599 0.027855 1.43049 0.231319 -0.85571</i>
                        <i>0.329356 -0.205147 -0.921651 0.81824 -0.425086 0.38702 -0.471177 -0.881599 0.027855 1.43049 0.231319 -0.85571</i>
                        <i>0.329356 -0.205147 -0.921651 0.81824 -0.425086 0.38702 -0.471177 -0.881599 0.027855 1.43049 0.231319 -0.85571</i>
                        <i>0.329356 -0.205147 -0.921651 0.81824 -0.425086 0.38702 -0.471177 -0.881599 0.027855 1.43049 0.231319 -0.85571</i>
                        <i>0.329356 -0.205147 -0.921651 0.81824 -0.425086 0.38702 -0.471177 -0.881599 0.027855 1.43049 0.231319 -0.85571</i>
                        <i>0.329356 -0.205147 -0.921651 0.81824 -0.425086 0.38702 -0.471177 -0.881599 0.027855 1.43049 0.231319 -0.85571</i>
                        <i>0.329356 -0.205147 -0.921651 0.81824 -0.425086 0.38702 -0.471177 -0.881599 0.027855 1.43049 0.231319 -0.85571</i>
                        <i>0.329356 -0.205147 -0.921651 0.81824 -0.425086 0.38702 -0.471177 -0.881599 0.027855 1.43049 0.231319 -0.85571</i>
                        <i>0.329356 -0.205147 -0.921651 0.81824 -0.425086 0.38702 -0.471177 -0.881599 0.027855 1.43049 0.231319 -0.85571</i>
                        <i>0.329356 -0.205147 -0.921651 0.81824 -0.425086 0.38702 -0.471177 -0.881599 0.027855 1.43049 0.231319 -0.85571</i>
                        <i>0.329356 -0.205147 -0.921651 0.81824 -0.425086 0.38702 -0.471177 -0.881599 0.027855 1.43049 0.231319 -0.85571</i>
                        <i>0.329356 -0.205147 -0.921651 0.81824 -0.425086 0.38702 -0.471177 -0.881599 0.027855 1.43049 0.231319 -0.85571</i>
                        <i>0.329356 -0.205147 -0.921651 0.81824 -0.425086 0.38702 -0.471177 -0.881599 0.027855 1.43049 0.231319 -0.85571</i>
                        <i>0.329356 -0.205147 -0.921651 0.81824 -0.425086 0.38702 -0.471177 -0.881599 0.027855 1.43049 0.231319 -0.85571</i>
                        <i>0.329356 -0.205147 -0.921651 0.81824 -0.425086 0.38702 -0.471177 -0.881599 0.027855 1.43049 0.231319 -0.85571</i>
                    </KeyFrames>
                </p>
            </i>
            <i>
                <p>
                    <Name><![CDATA[spine1]]></Name>
                    <Exclude>0</Exclude>
                    <Additive>0</Additive>
                    <IKPriority>0</IKPriority>
                    <IKRotLimits>-1e+010 -1e+010 -1e+010 1e+010 1e+010 1e+010</IKRotLimits>
                    <IKRotLimitOrder>0</IKRotLimitOrder>
                    <KeyFrames count="60">
                        <i>0.0156921 0.99558 0.0925981 -0.875235 -0.0311001 0.482698 0.483444 -0.0886196 0.870878 -0.0718823 1.47696 -0.022042</i>
                        <i>0.0142208 0.994056 0.107938 -0.9261 -0.0276078 0.376268 0.377011 -0.105312 0.920202 -0.0718403 1.4768 -0.0238016</i>
                        <i>0.00114974 0.994212 0.107432 -0.941671 -0.0350781 0.334701 0.336532 -0.101551 0.93618 -0.0725644 1.47657 -0.0258031</i>
                        <i>-0.0312245 0.99872 0.0397819 -0.864604 -0.046958 0.500255 0.501483 -0.0187754 0.864964 -0.0693209 1.48306 -0.0453566</i>
                        <i>-0.0647845 0.994609 -0.0809735 -0.68689 0.0144147 0.726618 0.723868 0.102693 0.682253 -0.0532057 1.49594 -0.0898632</i>
                        <i>-0.0811745 0.978314 -0.19056 -0.517129 0.122104 0.847153 0.852049 0.167311 0.496003 -0.0234004 1.50461 -0.143976</i>
                        <i>-0.152208 0.91773 -0.366884 -0.439062 0.269784 0.856995 0.88547 0.291527 0.361877 -0.0123686 1.48992 -0.240561</i>
                        <i>-0.193622 0.822269 -0.535148 -0.398657 0.432465 0.808732 0.896428 0.369929 0.244069 0.0100332 1.45007 -0.342763</i>
                        <i>-0.139159 0.780128 -0.609947 -0.326206 0.54545 0.772058 0.935 0.306407 0.178578 0.0697904 1.41444 -0.410995</i>
                        <i>-0.0838536 0.736944 -0.670733 -0.222175 0.642333 0.733517 0.971394 0.210528 0.109869 0.131704 1.3755 -0.476962</i>
                        <i>-0.0316472 0.689833 -0.723277 -0.099518 0.717868 0.689029 0.994532 0.0937848 0.0459323 0.19408 1.33195 -0.541152</i>
                        <i>0.00975877 0.636523 -0.771196 0.0275976 0.770767 0.636519 0.999571 -0.0274948 -0.0100447 0.254881 1.28236 -0.603791</i>
                        <i>0.0382067 0.579197 -0.814292 0.128611 0.805259 0.578807 0.990959 -0.126841 -0.0437247 0.31949 1.22622 -0.664618</i>
                        <i>0.0645194 0.522744 -0.850045 0.184733 0.83084 0.524955 0.980669 -0.190901 -0.0429628 0.400937 1.16474 -0.722996</i>
                        <i>0.0824521 0.467218 -0.880289 0.229634 0.850622 0.472981 0.969778 -0.241143 -0.0371536 0.4909 1.0976 -0.778695</i>
                        <i>0.082584 0.414411 -0.906335 0.266641 0.867098 0.420767 0.960251 -0.276414 -0.0388905 0.579769 1.02468 -0.831367</i>
                        <i>0.0557902 0.363256 -0.930017 0.309869 0.879174 0.361986 0.949141 -0.308379 -0.0635124 0.660501 0.942876 -0.881313</i>
                        <i>-0.00207788 0.300052 -0.953921 0.40982 0.870391 0.272886 0.912164 -0.390369 -0.124776 0.740971 0.841747 -0.929025</i>
                        <i>-0.0752038 0.26668 -0.960847 0.530946 0.826336 0.187791 0.844062 -0.496035 -0.203736 0.823185 0.740718 -0.945284</i>
                        <i>-0.130881 0.267252 -0.954697 0.650766 0.749634 0.120634 0.747913 -0.605495 -0.272031 0.913817 0.643328 -0.938455</i>
                        <i>-0.152398 0.309296 -0.938675 0.793146 0.60493 0.0705552 0.589656 -0.733754 -0.337507 1.01434 0.54 -0.93949</i>
                        <i>-0.0900117 0.331916 -0.939004 0.921966 0.384349 0.0474799 0.376664 -0.861457 -0.340612 1.13141 0.426349 -0.946897</i>
                        <i>0.0311144 0.177657 -0.9836 0.995961 0.0774058 0.0454864 0.0842174 -0.981043 -0.174531 1.25546 0.264132 -0.96822</i>
                        <i>0.0435613 0.0336627 -0.998483 0.977784 -0.206554 0.0356945 -0.205039 -0.977856 -0.0419127 1.33517 0.139176 -0.995873</i>
                        <i>0.0501537 0.0598573 -0.996946 0.918313 -0.395218 0.0224687 -0.392666 -0.916635 -0.0747894 1.38953 0.10788 -1.01398</i>
                        <i>0.114812 0.080228 -0.990142 0.827549 -0.559103 0.0506566 -0.549527 -0.825208 -0.130585 1.44186 0.125728 -1.01634</i>
                        <i>0.21658 0.0444135 -0.975254 0.712645 -0.689963 0.12684 -0.667256 -0.72248 -0.181083 1.49497 0.169339 -1.01297</i>
                        <i>0.300948 -0.00965854 -0.953592 0.59815 -0.776884 0.196641 -0.74273 -0.62957 -0.228024 1.54548 0.208398 -1.00901</i>
                        <i>0.337557 -0.026391 -0.940935 0.51754 -0.829757 0.208938 -0.786262 -0.5575 -0.266432 1.58205 0.218201 -1.00796</i>
                        <i>0.372633 -0.0635672 -0.925799 0.449478 -0.860449 0.239995 -0.811859 -0.505556 -0.29206 1.59647 0.189952 -1.00994</i>
                        <i>0.409678 -0.127161 -0.903324 0.391237 -0.87005 0.299912 -0.824074 -0.476281 -0.30669 1.5939 0.142419 -1.01171</i>
                        <i>0.444812 -0.124599 -0.886914 0.376228 -0.87267 0.311287 -0.81277 -0.472146 -0.341296 1.58688 0.106556 -1.01108</i>
                        <i>0.465239 -0.0540564 -0.883533 0.411889 -0.870274 0.270132 -0.783518 -0.489593 -0.38262 1.57939 0.0968165 -1.00888</i>
                        <i>0.453097 -0.0305404 -0.890938 0.4568 -0.850279 0.261457 -0.765531 -0.525445 -0.371308 1.56661 0.105094 -1.007</i>
                        <i>0.410874 -0.0945048 -0.906781 0.492936 -0.813667 0.308156 -0.766939 -0.573599 -0.28773 1.55457 0.132707 -1.00442</i>
                        <i>0.369794 -0.193541 -0.908732 0.520698 -0.766868 0.375216 -0.769498 -0.611927 -0.182806 1.544 0.163469 -1.00223</i>
                        <i>0.361808 -0.24295 -0.900039 0.55006 -0.723847 0.416509 -0.752681 -0.645772 -0.128256 1.53538 0.17875 -1.00192</i>
                        <i>0.373772 -0.235931 -0.897013 0.591392 -0.684404 0.426435 -0.714528 -0.689875 -0.116284 1.5254 0.181693 -1.00351</i>
                        <i>0.384956 -0.228347 -0.894241 0.631532 -0.64139 0.435645 -0.673036 -0.732445 -0.102699 1.51624 0.18428 -1.00601</i>
                        <i>0.395667 -0.220261 -0.89159 0.669694 -0.595131 0.444217 -0.628456 -0.772855 -0.0879657 1.5074 0.186641 -1.00899</i>
                        <i>0.406185 -0.211638 -0.888945 0.705206 -0.54605 0.452232 -0.581118 -0.810579 -0.0725491 1.49843 0.188883 -1.01205</i>
                        <i>0.41675 -0.202345 -0.886214 0.737517 -0.494655 0.459766 -0.531402 -0.845206 -0.0569146 1.48881 0.191088 -1.01478</i>
                        <i>0.41675 -0.202345 -0.886214 0.737517 -0.494655 0.459766 -0.531402 -0.845206 -0.0569146 1.48881 0.191088 -1.01478</i>
                        <i>0.41675 -0.202345 -0.886214 0.737517 -0.494655 0.459766 -0.531402 -0.845206 -0.0569146 1.48881 0.191088 -1.01478</i>
                        <i>0.41675 -0.202345 -0.886214 0.737517 -0.494655 0.459766 -0.531402 -0.845206 -0.0569146 1.48881 0.191088 -1.01478</i>
                        <i>0.41675 -0.202345 -0.886214 0.737517 -0.494655 0.459766 -0.531402 -0.845206 -0.0569146 1.48881 0.191088 -1.01478</i>
                        <i>0.41675 -0.202345 -0.886214 0.737517 -0.494655 0.459766 -0.531402 -0.845206 -0.0569146 1.48881 0.191088 -1.01478</i>
                        <i>0.41675 -0.202345 -0.886214 0.737517 -0.494655 0.459766 -0.531402 -0.845206 -0.0569146 1.48881 0.191088 -1.01478</i>
                        <i>0.41675 -0.202345 -0.886214 0.737517 -0.494655 0.459766 -0.531402 -0.845206 -0.0569146 1.48881 0.191088 -1.01478</i>
                        <i>0.41675 -0.202345 -0.886214 0.737517 -0.494655 0.459766 -0.531402 -0.845206 -0.0569146 1.48881 0.191088 -1.01478</i>
                        <i>0.41675 -0.202345 -0.886214 0.737517 -0.494655 0.459766 -0.531402 -0.845206 -0.0569146 1.48881 0.191088 -1.01478</i>
                        <i>0.41675 -0.202345 -0.886214 0.737517 -0.494655 0.459766 -0.531402 -0.845206 -0.0569146 1.48881 0.191088 -1.01478</i>
                        <i>0.41675 -0.202345 -0.886214 0.737517 -0.494655 0.459766 -0.531402 -0.845206 -0.0569146 1.48881 0.191088 -1.01478</i>
                        <i>0.41675 -0.202345 -0.886214 0.737517 -0.494655 0.459766 -0.531402 -0.845206 -0.0569146 1.48881 0.191088 -1.01478</i>
                        <i>0.41675 -0.202345 -0.886214 0.737517 -0.494655 0.459766 -0.531402 -0.845206 -0.0569146 1.48881 0.191088 -1.01478</i>
                        <i>0.41675 -0.202345 -0.886214 0.737517 -0.494655 0.459766 -0.531402 -0.845206 -0.0569146 1.48881 0.191088 -1.01478</i>
                        <i>0.41675 -0.202345 -0.886214 0.737517 -0.494655 0.459766 -0.531402 -0.845206 -0.0569146 1.48881 0.191088 -1.01478</i>
                        <i>0.41675 -0.202345 -0.886214 0.737517 -0.494655 0.459766 -0.531402 -0.845206 -0.0569146 1.48881 0.191088 -1.01478</i>
                        <i>0.41675 -0.202345 -0.886214 0.737517 -0.494655 0.459766 -0.531402 -0.845206 -0.0569146 1.48881 0.191088 -1.01478</i>
                        <i>0.41675 -0.202345 -0.886214 0.737517 -0.494655 0.459766 -0.531402 -0.845206 -0.0569146 1.48881 0.191088 -1.01478</i>
                    </KeyFrames>
                </p>
            </i>
            <i>
                <p>
                    <Name><![CDATA[spine2]]></Name>
                    <Exclude>0</Exclude>
                    <Additive>0</Additive>
                    <IKPriority>0</IKPriority>
                    <IKRotLimits>-1e+010 -1e+010 -1e+010 1e+010 1e+010 1e+010</IKRotLimits>
                    <IKRotLimitOrder>0</IKRotLimitOrder>
                    <KeyFrames count="60">
                        <i>0.0810889 0.968089 0.237125 -0.875143 -0.0447078 0.481794 0.477021 -0.246587 0.843591 -0.0698001 1.63464 -0.00587079</i>
                        <i>0.0725702 0.95521 0.286894 -0.92658 -0.0418623 0.37376 0.369029 -0.292954 0.882041 -0.0673773 1.63468 -0.00458859</i>
                        <i>0.0570968 0.949433 0.308735 -0.942245 -0.0509767 0.331022 0.330022 -0.309804 0.891688 -0.0694951 1.63467 -0.00634871</i>
                        <i>0.06145 0.971125 0.230523 -0.864988 -0.0634252 0.497769 0.498016 -0.229988 0.836113 -0.0759107 1.64112 -0.0377774</i>
                        <i>0.0714643 0.994465 0.0770272 -0.686632 -0.00696549 0.726972 0.723484 -0.104842 0.682333 -0.0717791 1.65158 -0.102062</i>
                        <i>0.0746976 0.994892 -0.0678928 -0.515891 0.0968183 0.851166 0.853391 -0.0285548 0.520488 -0.0491806 1.65612 -0.173376</i>
                        <i>0.00307854 0.962507 -0.271239 -0.435363 0.245475 0.866141 0.90025 0.115421 0.419796 -0.0510014 1.63007 -0.297332</i>
                        <i>-0.0422811 0.886066 -0.461627 -0.393252 0.409985 0.822961 0.918458 0.216332 0.331113 -0.0354997 1.57446 -0.425107</i>
                        <i>0.0138474 0.836317 -0.548071 -0.321636 0.522718 0.789504 0.946762 0.165347 0.276228 0.0326235 1.53359 -0.504612</i>
                        <i>0.0704658 0.781097 -0.62042 -0.218506 0.618948 0.754426 0.973288 0.0824043 0.214289 0.103145 1.48971 -0.579477</i>
                        <i>0.123883 0.719489 -0.683366 -0.0969906 0.694153 0.713263 0.987545 -0.0220813 0.155778 0.173946 1.44083 -0.651317</i>
                        <i>0.167672 0.650894 -0.740421 0.0288621 0.747491 0.663645 0.98542 -0.132645 0.106547 0.241771 1.3848 -0.721039</i>
                        <i>0.201729 0.577962 -0.790738 0.128502 0.784739 0.60636 0.970975 -0.223931 0.084035 0.31174 1.32088 -0.788634</i>
                        <i>0.236595 0.503947 -0.830699 0.183272 0.816478 0.547518 0.954167 -0.281784 0.100815 0.398723 1.25067 -0.853192</i>
                        <i>0.263601 0.429112 -0.863931 0.227587 0.842658 0.487987 0.9374 -0.325253 0.124465 0.492961 1.17438 -0.914147</i>
                        <i>0.273336 0.358508 -0.892614 0.264647 0.864113 0.428101 0.924797 -0.353243 0.141315 0.583079 1.09227 -0.971249</i>
                        <i>0.258412 0.290534 -0.921311 0.307902 0.879194 0.363613 0.915653 -0.377635 0.137738 0.66047 1.00132 -1.02502</i>
                        <i>0.213519 0.194021 -0.957479 0.407452 0.873084 0.267782 0.887915 -0.447303 0.107366 0.732605 0.888981 -1.07611</i>
                        <i>0.145067 0.11653 -0.982536 0.527531 0.83101 0.176447 0.837058 -0.543914 0.0590787 0.803578 0.781303 -1.09276</i>
                        <i>0.0854165 0.0734891 -0.993631 0.646649 0.754609 0.1114 0.75799 -0.652047 0.0169343 0.885008 0.683216 -1.08447</i>
                        <i>0.0478904 0.0676001 -0.996562 0.790498 0.607324 0.0791846 0.610589 -0.791573 -0.0243528 0.981701 0.587649 -1.08253</i>
                        <i>0.0482732 0.069328 -0.996425 0.921094 0.382764 0.0712552 0.386335 -0.921241 -0.0453804 1.10898 0.479198 -1.08795</i>
                        <i>0.0574303 0.0382233 -0.997617 0.995496 0.0733055 0.0601168 0.0754287 -0.996577 -0.0338412 1.25302 0.29384 -1.10927</i>
                        <i>0.0762706 -0.00844282 -0.997051 0.972815 -0.218667 0.0762682 -0.218666 -0.975763 -0.00846456 1.33649 0.148403 -1.13407</i>
                        <i>0.131804 -0.0607215 -0.989414 0.897417 -0.416633 0.145118 -0.421034 -0.907045 -0.000421309 1.3935 0.120122 -1.14646</i>
                        <i>0.198678 -0.138829 -0.970182 0.780295 -0.576569 0.242297 -0.593015 -0.805167 -0.00622451 1.45632 0.139181 -1.1452</i>
                        <i>0.2478 -0.22808 -0.941581 0.643172 -0.688093 0.335944 -0.724517 -0.688845 -0.0238152 1.52525 0.17648 -1.14166</i>
                        <i>0.262664 -0.300409 -0.916931 0.520944 -0.755741 0.396829 -0.812173 -0.581902 -0.0420093 1.58993 0.207104 -1.1393</i>
                        <i>0.242142 -0.329331 -0.912638 0.442403 -0.799679 0.405948 -0.863508 -0.502051 -0.0479384 1.63338 0.214572 -1.13972</i>
                        <i>0.229811 -0.336003 -0.913394 0.386553 -0.829798 0.402508 -0.893176 -0.445576 -0.0608136 1.65486 0.180864 -1.14149</i>
                        <i>0.232754 -0.335746 -0.912743 0.350223 -0.846616 0.400731 -0.907287 -0.412935 -0.0794673 1.66058 0.123384 -1.14251</i>
                        <i>0.247104 -0.335775 -0.908953 0.336707 -0.849836 0.405472 -0.908608 -0.406245 -0.0969403 1.66054 0.0878755 -1.14053</i>
                        <i>0.259947 -0.331799 -0.906828 0.353416 -0.841261 0.409117 -0.898624 -0.426836 -0.101421 1.6561 0.0895234 -1.13724</i>
                        <i>0.261243 -0.317436 -0.911585 0.399155 -0.82433 0.401442 -0.878879 -0.468737 -0.088644 1.64126 0.10159 -1.13597</i>
                        <i>0.257209 -0.301382 -0.918157 0.458643 -0.798222 0.390496 -0.850582 -0.521546 -0.0670833 1.62253 0.119141 -1.13511</i>
                        <i>0.255588 -0.290822 -0.922007 0.516242 -0.765283 0.384495 -0.817416 -0.574251 -0.0454629 1.6065 0.134482 -1.13464</i>
                        <i>0.261622 -0.287573 -0.921334 0.562492 -0.730285 0.387667 -0.784319 -0.619665 -0.0293011 1.59738 0.141998 -1.13467</i>
                        <i>0.26802 -0.284911 -0.920321 0.607243 -0.691664 0.390968 -0.747945 -0.663646 -0.01237 1.58916 0.146349 -1.13609</i>
                        <i>0.274176 -0.2824 -0.919281 0.650764 -0.64932 0.39356 -0.708049 -0.70614 0.00574718 1.58157 0.150411 -1.1385</i>
                        <i>0.280296 -0.280131 -0.918129 0.692278 -0.603593 0.395508 -0.66497 -0.74646 0.0247439 1.57419 0.154296 -1.14142</i>
                        <i>0.286598 -0.278111 -0.916797 0.731126 -0.554917 0.396891 -0.619126 -0.784042 0.0442954 1.56659 0.158114 -1.14439</i>
                        <i>0.293297 -0.276254 -0.915238 0.766775 -0.503805 0.397789 -0.570993 -0.818452 0.06406 1.55833 0.161972 -1.14695</i>
                        <i>0.293297 -0.276254 -0.915238 0.766775 -0.503805 0.397789 -0.570993 -0.818452 0.06406 1.55833 0.161972 -1.14695</i>
                        <i>0.293297 -0.276254 -0.915238 0.766775 -0.503805 0.397789 -0.570993 -0.818452 0.06406 1.55833 0.161972 -1.14695</i>
                        <i>0.293297 -0.276254 -0.915238 0.766775 -0.503805 0.397789 -0.570993 -0.818452 0.06406 1.55833 0.161972 -1.14695</i>
                        <i>0.293297 -0.276254 -0.915238 0.766775 -0.503805 0.397789 -0.570993 -0.818452 0.06406 1.55833 0.161972 -1.14695</i>
                        <i>0.293297 -0.276254 -0.915238 0.766775 -0.503805 0.397789 -0.570993 -0.818452 0.06406 1.55833 0.161972 -1.14695</i>
                        <i>0.293297 -0.276254 -0.915238 0.766775 -0.503805 0.397789 -0.570993 -0.818452 0.06406 1.55833 0.161972 -1.14695</i>
                        <i>0.293297 -0.276254 -0.915238 0.766775 -0.503805 0.397789 -0.570993 -0.818452 0.06406 1.55833 0.161972 -1.14695</i>
                        <i>0.293297 -0.276254 -0.915238 0.766775 -0.503805 0.397789 -0.570993 -0.818452 0.06406 1.55833 0.161972 -1.14695</i>
                        <i>0.293297 -0.276254 -0.915238 0.766775 -0.503805 0.397789 -0.570993 -0.818452 0.06406 1.55833 0.161972 -1.14695</i>
                        <i>0.293297 -0.276254 -0.915238 0.766775 -0.503805 0.397789 -0.570993 -0.818452 0.06406 1.55833 0.161972 -1.14695</i>
                        <i>0.293297 -0.276254 -0.915238 0.766775 -0.503805 0.397789 -0.570993 -0.818452 0.06406 1.55833 0.161972 -1.14695</i>
                        <i>0.293297 -0.276254 -0.915238 0.766775 -0.503805 0.397789 -0.570993 -0.818452 0.06406 1.55833 0.161972 -1.14695</i>
                        <i>0.293297 -0.276254 -0.915238 0.766775 -0.503805 0.397789 -0.570993 -0.818452 0.06406 1.55833 0.161972 -1.14695</i>
                        <i>0.293297 -0.276254 -0.915238 0.766775 -0.503805 0.397789 -0.570993 -0.818452 0.06406 1.55833 0.161972 -1.14695</i>
                        <i>0.293297 -0.276254 -0.915238 0.766775 -0.503805 0.397789 -0.570993 -0.818452 0.06406 1.55833 0.161972 -1.14695</i>
                        <i>0.293297 -0.276254 -0.915238 0.766775 -0.503805 0.397789 -0.570993 -0.818452 0.06406 1.55833 0.161972 -1.14695</i>
                        <i>0.293297 -0.276254 -0.915238 0.766775 -0.503805 0.397789 -0.570993 -0.818452 0.06406 1.55833 0.161972 -1.14695</i>
                        <i>0.293297 -0.276254 -0.915238 0.766775 -0.503805 0.397789 -0.570993 -0.818452 0.06406 1.55833 0.161972 -1.14695</i>
                    </KeyFrames>
                </p>
            </i>
            <i>
                <p>
                    <Name><![CDATA[head]]></Name>
                    <Exclude>0</Exclude>
                    <Additive>0</Additive>
                    <IKPriority>0</IKPriority>
                    <IKRotLimits>-1e+010 -1e+010 -1e+010 1e+010 1e+010 1e+010</IKRotLimits>
                    <IKRotLimitOrder>0</IKRotLimitOrder>
                    <KeyFrames count="60">
                        <i>0.034536 0.989876 -0.137671 0.0535795 -0.139389 -0.988787 -0.997966 0.0267724 -0.057851 -0.0524628 1.88624 0.0478099</i>
                        <i>-0.0671586 0.971829 -0.225918 0.117927 -0.21711 -0.968998 -0.990749 -0.0917183 -0.100024 -0.0517443 1.88345 0.0604546</i>
                        <i>-0.152125 0.959521 -0.237019 0.124858 -0.219232 -0.967651 -0.980443 -0.176797 -0.0864534 -0.0576848 1.88218 0.0633961</i>
                        <i>-0.199686 0.979799 0.010949 -0.07889 -0.0049383 -0.996871 -0.976679 -0.199925 0.0782824 -0.0648026 1.89338 0.0123175</i>
                        <i>-0.0394856 0.96254 0.26825 -0.342284 0.239188 -0.908642 -0.938767 -0.127696 0.320017 -0.060303 1.90851 -0.0899554</i>
                        <i>0.159219 0.944229 0.288236 -0.466085 0.329268 -0.821186 -0.870295 -0.00359363 0.492517 -0.0379241 1.91235 -0.196926</i>
                        <i>-0.0714058 0.982187 -0.173807 -0.697288 -0.173753 -0.695413 -0.713225 0.0715374 0.697275 -0.0583048 1.87653 -0.37209</i>
                        <i>-0.356003 0.733849 -0.578556 -0.803449 -0.556531 -0.211526 -0.477213 0.389536 0.787737 -0.0543914 1.80022 -0.547954</i>
                        <i>-0.342086 0.646703 -0.681728 -0.939614 -0.243259 0.24073 -0.0101558 0.722911 0.690867 0.0281001 1.74693 -0.649204</i>
                        <i>-0.337424 0.563105 -0.75436 -0.774757 0.289054 0.562316 0.534694 0.774184 0.338736 0.113136 1.68945 -0.742168</i>
                        <i>-0.343139 0.484539 -0.80466 -0.546889 0.593427 0.590557 0.763655 0.642703 0.0613608 0.197652 1.62547 -0.829731</i>
                        <i>-0.360863 0.408447 -0.83842 -0.489478 0.682277 0.543055 0.793845 0.606357 -0.0462831 0.276692 1.55256 -0.913721</i>
                        <i>-0.381928 0.326141 -0.864733 -0.481666 0.728298 0.487422 0.788751 0.602673 -0.121066 0.355254 1.47061 -0.993964</i>
                        <i>-0.390784 0.230579 -0.891135 -0.533526 0.73217 0.423411 0.750092 0.640906 -0.1631 0.450923 1.38211 -1.06868</i>
                        <i>-0.402593 0.132423 -0.90575 -0.605842 0.703206 0.372099 0.686203 0.698546 -0.202879 0.551794 1.28736 -1.13812</i>
                        <i>-0.425552 0.0355295 -0.904236 -0.684901 0.640437 0.347493 0.591452 0.767189 -0.248205 0.644055 1.18779 -1.20253</i>
                        <i>-0.468809 -0.0530764 -0.881704 -0.747221 0.55614 0.363825 0.47104 0.829392 -0.300383 0.717124 1.08002 -1.26347</i>
                        <i>-0.550664 -0.118711 -0.826243 -0.747666 0.510283 0.424979 0.371168 0.851774 -0.36975 0.777193 0.944255 -1.32328</i>
                        <i>-0.648029 -0.129085 -0.750597 -0.703337 0.479525 0.52476 0.292191 0.867982 -0.401536 0.830411 0.818554 -1.34552</i>
