<?xml version="1.0" encoding="ISO-8859-1" ?>
<Animl Version="1">
    <ModellingPackage><![CDATA[Maya.2010]]></ModellingPackage>
    <SrcFile><![CDATA[anims\characters\shared\base_soldier\~src\infantry\death_toy_blowback1.mb]]></SrcFile>
    <FramesPerSecond>30</FramesPerSecond>
    <TotalFrames>61</TotalFrames>
    <Skeleton>
        <RefFrame>
            <Name><![CDATA[soldier_ref_frame]]></Name>
            <Exclude>0</Exclude>
            <Additive>0</Additive>
            <IKPriority>0</IKPriority>
            <IKRotLimits>-1e+010 -1e+010 -1e+010 1e+010 1e+010 1e+010</IKRotLimits>
            <IKRotLimitOrder>0</IKRotLimitOrder>
            <KeyFrames count="61">
                <i>1 0 0 0 1 0 0 0 1 0 0 0</i>
                <i>1 0 0 0 1 0 0 0 1 0 0 -0.182743</i>
                <i>1 0 0 0 1 0 0 0 1 0 0 -0.365487</i>
                <i>1 0 0 0 1 0 0 0 1 0 0 -0.54823</i>
                <i>1 0 0 0 1 0 0 0 1 0 0 -0.730974</i>
                <i>1 0 0 0 1 0 0 0 1 0 0 -0.913717</i>
                <i>1 0 0 0 1 0 0 0 1 0 0 -1.09646</i>
                <i>1 0 0 0 1 0 0 0 1 0 0 -1.2792</i>
                <i>1 0 0 0 1 0 0 0 1 0 0 -1.46195</i>
                <i>1 0 0 0 1 0 0 0 1 0 0 -1.64469</i>
                <i>1 0 0 0 1 0 0 0 1 0 0 -1.82743</i>
                <i>1 0 0 0 1 0 0 0 1 0.000880891 0 -2.01018</i>
                <i>1 0 0 0 1 0 0 0 1 0 0 -2.19292</i>
                <i>1 0 0 0 1 0 0 0 1 -0.00464679 0 -2.37566</i>
                <i>1 0 0 0 1 0 0 0 1 -0.0140943 0 -2.55841</i>
                <i>1 0 0 0 1 0 0 0 1 -0.0393747 0 -2.74115</i>
                <i>1 0 0 0 1 0 0 0 1 -0.071004 0 -2.89967</i>
                <i>1 0 0 0 1 0 0 0 1 -0.103178 0 -3.04521</i>
                <i>1 0 0 0 1 0 0 0 1 -0.135889 0 -3.17833</i>
                <i>1 0 0 0 1 0 0 0 1 -0.16851 0 -3.29955</i>
                <i>1 0 0 0 1 0 0 0 1 -0.20399 0 -3.40942</i>
                <i>1 0 0 0 1 0 0 0 1 -0.244415 0 -3.50848</i>
                <i>1 0 0 0 1 0 0 0 1 -0.291752 0 -3.59727</i>
                <i>1 0 0 0 1 0 0 0 1 -0.348623 0 -3.67631</i>
                <i>1 0 0 0 1 0 0 0 1 -0.415152 0 -3.74617</i>
                <i>1 0 0 0 1 0 0 0 1 -0.492316 0 -3.80736</i>
                <i>1 0 0 0 1 0 0 0 1 -0.580173 0 -3.86043</i>
                <i>1 0 0 0 1 0 0 0 1 -0.67916 0 -3.90592</i>
                <i>1 0 0 0 1 0 0 0 1 -0.789125 0 -3.94437</i>
                <i>1 0 0 0 1 0 0 0 1 -0.909856 0 -3.97631</i>
                <i>1 0 0 0 1 0 0 0 1 -1.04197 0 -4.00229</i>
                <i>1 0 0 0 1 0 0 0 1 -1.18681 0 -4.02284</i>
                <i>1 0 0 0 1 0 0 0 1 -1.34201 0 -4.03851</i>
                <i>1 0 0 0 1 0 0 0 1 -1.51063 0 -4.04982</i>
                <i>1 0 0 0 1 0 0 0 1 -1.67773 0 -4.05733</i>
                <i>1 0 0 0 1 0 0 0 1 -1.83694 0 -4.06156</i>
                <i>1 0 0 0 1 0 0 0 1 -1.96557 0 -4.06306</i>
                <i>1 0 0 0 1 0 0 0 1 -2.02661 0 -4.06237</i>
                <i>1 0 0 0 1 0 0 0 1 -2.05658 0 -4.06002</i>
                <i>1 0 0 0 1 0 0 0 1 -2.08302 0 -4.05656</i>
                <i>1 0 0 0 1 0 0 0 1 -2.09585 0 -4.05251</i>
                <i>1 0 0 0 1 0 0 0 1 -2.09242 0 -4.04843</i>
                <i>1 0 0 0 1 0 0 0 1 -2.07808 0 -4.04485</i>
                <i>1 0 0 0 1 0 0 0 1 -2.05408 0 -4.0423</i>
                <i>1 0 0 0 1 0 0 0 1 -2.03004 0 -4.04134</i>
                <i>1 0 0 0 1 0 0 0 1 -2.01772 0 -4.04154</i>
                <i>1 0 0 0 1 0 0 0 1 -2.01189 0 -4.04201</i>
                <i>1 0 0 0 1 0 0 0 1 -2.01271 0 -4.04255</i>
                <i>1 0 0 0 1 0 0 0 1 -2.0158 0 -4.04296</i>
                <i>1 0 0 0 1 0 0 0 1 -2.01601 0 -4.04301</i>
                <i>1 0 0 0 1 0 0 0 1 -2.01574 0 -4.04293</i>
                <i>1 0 0 0 1 0 0 0 1 -2.01573 0 -4.04293</i>
                <i>1 0 0 0 1 0 0 0 1 -2.01574 0 -4.04294</i>
                <i>1 0 0 0 1 0 0 0 1 -2.01574 0 -4.04294</i>
                <i>1 0 0 0 1 0 0 0 1 -2.01574 0 -4.04294</i>
                <i>1 0 0 0 1 0 0 0 1 -2.01574 0 -4.04294</i>
                <i>1 0 0 0 1 0 0 0 1 -2.01574 0 -4.04294</i>
                <i>1 0 0 0 1 0 0 0 1 -2.01574 0 -4.04294</i>
                <i>1 0 0 0 1 0 0 0 1 -2.01574 0 -4.04294</i>
                <i>1 0 0 0 1 0 0 0 1 -2.01574 0 -4.04294</i>
                <i>1 0 0 0 1 0 0 0 1 -2.01574 0 -4.04294</i>
            </KeyFrames>
        </RefFrame>
        <Bones count="23">
            <i>
                <p>
                    <Name><![CDATA[pelvis]]></Name>
                    <Exclude>0</Exclude>
                    <Additive>0</Additive>
                    <IKPriority>0</IKPriority>
                    <IKRotLimits>-1e+010 -1e+010 -1e+010 1e+010 1e+010 1e+010</IKRotLimits>
                    <IKRotLimitOrder>2</IKRotLimitOrder>
                    <KeyFrames count="61">
                        <i>1 0 0 0 1 0 0 0 1 -0.0476351 1.16992 0.0407553</i>
                        <i>1 0 0 0 1 0 0 0 1 -0.0476351 1.32814 -0.323172</i>
                        <i>1 0 0 0 1 0 0 0 1 -0.0476351 1.45697 -0.675227</i>
                        <i>1 0 0 0 1 0 0 0 1 -0.0476351 1.5653 -1.01294</i>
                        <i>1 0 0 0 1 0 0 0 1 -0.0476351 1.63455 -1.33481</i>
                        <i>1 0 0 0 1 0 0 0 1 -0.0476351 1.64442 -1.64001</i>
                        <i>1 0 0 0 1 0 0 0 1 -0.0476351 1.60599 -1.92817</i>
                        <i>1 0 0 0 1 0 0 0 1 -0.0476351 1.52193 -2.19916</i>
                        <i>1 0 0 0 1 0 0 0 1 -0.0476351 1.39426 -2.45293</i>
                        <i>1 0 0 0 1 0 0 0 1 -0.0476351 1.22163 -2.68937</i>
                        <i>1 0 0 0 1 0 0 0 1 -0.0476351 1.01484 -2.90826</i>
                        <i>1 0 0 0 1 0 0 0 1 -0.0475172 0.790998 -3.10916</i>
                        <i>1 0 0 0 1 0 0 0 1 -0.0476351 0.557149 -3.29155</i>
                        <i>1 0 0 0 1 0 0 0 1 -0.0428277 0.318856 -3.45474</i>
                        <i>1 0 0 0 1 0 0 0 1 -0.0377477 0.0823656 -3.59739</i>
                        <i>1 0 0 0 1 0 0 0 1 -0.0499717 0.174598 -3.76601</i>
                        <i>1 0 0 0 1 0 0 0 1 -0.0664567 0.267783 -3.90883</i>
                        <i>1 0 0 0 1 0 0 0 1 -0.084483 0.361927 -4.03745</i>
                        <i>1 0 0 0 1 0 0 0 1 -0.103849 0.449087 -4.15221</i>
                        <i>1 0 0 0 1 0 0 0 1 -0.126201 0.521804 -4.25341</i>
                        <i>1 0 0 0 1 0 0 0 1 -0.151483 0.576527 -4.34167</i>
                        <i>1 0 0 0 1 0 0 0 1 -0.179772 0.607808 -4.41759</i>
                        <i>1 0 0 0 1 0 0 0 1 -0.211299 0.629368 -4.48174</i>
                        <i>1 0 0 0 1 0 0 0 1 -0.246297 0.65624 -4.53469</i>
                        <i>1 0 0 0 1 0 0 0 1 -0.283619 0.680362 -4.57713</i>
                        <i>1 0 0 0 1 0 0 0 1 -0.322799 0.700159 -4.61</i>
                        <i>1 0 0 0 1 0 0 0 1 -0.365561 0.716804 -4.63761</i>
                        <i>1 0 0 0 1 0 0 0 1 -0.414939 0.73004 -4.66377</i>
                        <i>1 0 0 0 1 0 0 0 1 -0.469317 0.736104 -4.68796</i>
                        <i>1 0 0 0 1 0 0 0 1 -0.52917 0.733039 -4.71083</i>
                        <i>1 0 0 0 1 0 0 0 1 -0.593629 0.718503 -4.73183</i>
                        <i>1 0 0 0 1 0 0 0 1 -0.663148 0.69111 -4.75029</i>
                        <i>1 0 0 0 1 0 0 0 1 -0.740202 0.652825 -4.76679</i>
                        <i>1 0 0 0 1 0 0 0 1 -0.834623 0.610231 -4.78218</i>
                        <i>1 0 0 0 1 0 0 0 1 -0.935092 0.546504 -4.79491</i>
                        <i>1 0 0 0 1 0 0 0 1 -1.03769 0.454613 -4.80345</i>
                        <i>1 0 0 0 1 0 0 0 1 -1.15171 0.310499 -4.80638</i>
                        <i>1 0 0 0 1 0 0 0 1 -1.21437 0.397057 -4.80616</i>
                        <i>1 0 0 0 1 0 0 0 1 -1.24367 0.428352 -4.80287</i>
                        <i>1 0 0 0 1 0 0 0 1 -1.27228 0.434342 -4.79805</i>
                        <i>1 0 0 0 1 0 0 0 1 -1.28797 0.421245 -4.79268</i>
                        <i>1 0 0 0 1 0 0 0 1 -1.28305 0.409245 -4.78793</i>
                        <i>1 0 0 0 1 0 0 0 1 -1.2652 0.386942 -4.78387</i>
                        <i>1 0 0 0 1 0 0 0 1 -1.23717 0.341439 -4.78046</i>
                        <i>1 0 0 0 1 0 0 0 1 -1.21079 0.296961 -4.77858</i>
                        <i>1 0 0 0 1 0 0 0 1 -1.19819 0.279185 -4.77859</i>
                        <i>1 0 0 0 1 0 0 0 1 -1.19258 0.272489 -4.7792</i>
                        <i>1 0 0 0 1 0 0 0 1 -1.19355 0.270005 -4.77993</i>
                        <i>1 0 0 0 1 0 0 0 1 -1.19675 0.270549 -4.78054</i>
                        <i>1 0 0 0 1 0 0 0 1 -1.19699 0.270318 -4.78063</i>
                        <i>1 0 0 0 1 0 0 0 1 -1.1967 0.270328 -4.78053</i>
                        <i>1 0 0 0 1 0 0 0 1 -1.1967 0.270307 -4.78053</i>
                        <i>1 0 0 0 1 0 0 0 1 -1.1967 0.270312 -4.78053</i>
                        <i>1 0 0 0 1 0 0 0 1 -1.1967 0.270343 -4.78053</i>
                        <i>1 0 0 0 1 0 0 0 1 -1.1967 0.270343 -4.78053</i>
                        <i>1 0 0 0 1 0 0 0 1 -1.1967 0.270343 -4.78053</i>
                        <i>1 0 0 0 1 0 0 0 1 -1.1967 0.270343 -4.78053</i>
                        <i>1 0 0 0 1 0 0 0 1 -1.1967 0.270343 -4.78053</i>
                        <i>1 0 0 0 1 0 0 0 1 -1.1967 0.270343 -4.78053</i>
                        <i>1 0 0 0 1 0 0 0 1 -1.1967 0.270343 -4.78053</i>
                        <i>1 0 0 0 1 0 0 0 1 -1.1967 0.270343 -4.78053</i>
                    </KeyFrames>
                </p>
            </i>
            <i>
                <p>
                    <Name><![CDATA[spine0]]></Name>
                    <Exclude>0</Exclude>
                    <Additive>0</Additive>
                    <IKPriority>0</IKPriority>
                    <IKRotLimits>-1e+010 -1e+010 -1e+010 1e+010 1e+010 1e+010</IKRotLimits>
                    <IKRotLimitOrder>0</IKRotLimitOrder>
                    <KeyFrames count="61">
                        <i>-0.0174802 0.993284 0.114372 -0.547772 -0.105209 0.829986 0.836445 -0.0481416 0.545933 -0.0676156 1.30578 0.0226388</i>
                        <i>-0.0174802 0.998585 -0.0502199 -0.547772 0.0324545 0.835998 0.836445 0.0421225 0.54643 -0.0676156 1.46182 -0.371491</i>
                        <i>-0.0174802 0.9784 -0.205983 -0.547772 0.162975 0.8206 0.836445 0.127176 0.533091 -0.0676156 1.58397 -0.751645</i>
                        <i>-0.0174802 0.936446 -0.350376 -0.547772 0.28419 0.786881 0.836445 0.205681 0.507991 -0.0676156 1.68186 -1.11496</i>
                        <i>-0.0174802 0.876125 -0.481767 -0.547772 0.394703 0.737668 0.836445 0.276793 0.473017 -0.0676156 1.73755 -1.4597</i>
                        <i>-0.0174802 0.800423 -0.59918 -0.547772 0.493668 0.675454 0.836445 0.340021 0.42982 -0.0676156 1.73133 -1.78492</i>
                        <i>-0.0174802 0.71189 -0.702074 -0.547772 0.580607 0.602363 0.836445 0.395106 0.379804 -0.0676156 1.67473 -2.0902</i>
                        <i>-0.0174802 0.612653 -0.790159 -0.547772 0.655258 0.520175 0.836445 0.44192 0.32414 -0.0676156 1.57083 -2.3754</i>
                        <i>-0.0174802 0.504472 -0.863251 -0.547772 0.71745 0.430361 0.836445 0.480388 0.263795 -0.0676156 1.42197 -2.64046</i>
                        <i>-0.0174802 0.388817 -0.921149 -0.547772 0.767002 0.334146 0.836445 0.510421 0.199576 -0.0676156 1.22709 -2.88527</i>
                        <i>-0.0174802 0.266949 -0.963552 -0.547772 0.803648 0.232585 0.836445 0.531873 0.132179 -0.0676156 0.997189 -3.10958</i>
                        <i>-0.0180278 0.140063 -0.989978 -0.546181 0.82797 0.127088 0.837473 0.542999 0.0615735 -0.0676341 0.749683 -3.31286</i>
                        <i>-0.0174802 0.0092305 -0.999805 -0.547772 0.836449 0.0172994 0.836445 0.547968 -0.00956508 -0.0676156 0.491675 -3.49455</i>
                        <i>-0.00957469 -0.124255 -0.992204 -0.555367 0.825804 -0.0980573 0.83155 0.550099 -0.076914 -0.0611873 0.228877 -3.65396</i>
                        <i>0.00244488 -0.258605 -0.96598 -0.568154 0.794568 -0.214154 0.822919 0.549349 -0.144985 -0.0536029 -0.0321316 -3.78938</i>
                        <i>0.0107608 -0.293233 -0.95598 -0.604762 0.759459 -0.239761 0.796334 0.58072 -0.169164 -0.0633829 0.0528837 -3.95536</i>
                        <i>0.0205903 -0.327556 -0.944607 -0.643352 0.718867 -0.263301 0.765293 0.613137 -0.195932 -0.0770035 0.138891 -4.0952</i>
                        <i>0.0309512 -0.361155 -0.931992 -0.666755 0.687198 -0.288438 0.744634 0.630338 -0.219532 -0.0924297 0.226433 -4.22071</i>
                        <i>0.0408808 -0.394291 -0.918076 -0.686646 0.656407 -0.312486 0.725842 0.643167 -0.243904 -0.109342 0.307208 -4.3321</i>
                        <i>0.0479617 -0.427564 -0.902712 -0.706393 0.624439 -0.333293 0.706193 0.653655 -0.272079 -0.129737 0.373591 -4.42956</i>
                        <i>0.0548921 -0.460589 -0.885915 -0.726234 0.590493 -0.351997 0.685252 0.662703 -0.302082 -0.153048 0.422076 -4.51376</i>
                        <i>0.0634229 -0.493007 -0.867711 -0.746618 0.553499 -0.369053 0.662222 0.671255 -0.332984 -0.179007 0.447252 -4.58535</i>
                        <i>0.0749905 -0.524501 -0.848101 -0.768423 0.511649 -0.38437 0.635533 0.680525 -0.36467 -0.207532 0.462869 -4.64489</i>
                        <i>0.0916194 -0.554526 -0.827107 -0.792246 0.462615 -0.397913 0.603285 0.691729 -0.396936 -0.238423 0.484027 -4.69296</i>
                        <i>0.114534 -0.582344 -0.804834 -0.816746 0.405996 -0.409991 0.565515 0.704303 -0.429127 -0.270314 0.502819 -4.73029</i>
                        <i>0.145074 -0.606656 -0.781615 -0.840729 0.34092 -0.420653 0.52166 0.718152 -0.460575 -0.302478 0.517912 -4.75791</i>
                        <i>0.181752 -0.623277 -0.760586 -0.863053 0.269587 -0.427157 0.471281 0.734063 -0.488923 -0.336903 0.531216 -4.78077</i>
                        <i>0.222228 -0.629504 -0.74454 -0.88274 0.194337 -0.427789 0.413987 0.752302 -0.512501 -0.377043 0.542957 -4.80326</i>
                        <i>0.26781 -0.625705 -0.732647 -0.898346 0.112661 -0.424596 0.348212 0.771881 -0.531928 -0.420996 0.549339 -4.82468</i>
                        <i>0.317928 -0.610927 -0.725045 -0.907879 0.0242475 -0.418531 0.273273 0.791315 -0.546939 -0.469328 0.548628 -4.84571</i>
                        <i>0.373856 -0.583625 -0.720842 -0.908685 -0.0747869 -0.410728 0.185802 0.808572 -0.558291 -0.520838 0.538837 -4.86561</i>
                        <i>0.436446 -0.540823 -0.719045 -0.895918 -0.187744 -0.402595 0.0827359 0.819916 -0.566473 -0.575744 0.519252 -4.88351</i>
                        <i>0.501559 -0.480063 -0.719707 -0.864377 -0.312629 -0.393847 -0.0359302 0.819635 -0.571758 -0.637294 0.492458 -4.9</i>
                        <i>0.563067 -0.400223 -0.723034 -0.807731 -0.451497 -0.379106 -0.174721 0.797479 -0.577495 -0.716321 0.465564 -4.91586</i>
                        <i>0.619231 -0.295715 -0.727396 -0.719525 -0.5846 -0.374868 -0.314381 0.75551 -0.574777 -0.802435 0.422653 -4.92948</i>
                        <i>0.66845 -0.13606 -0.731206 -0.589648 -0.696147 -0.409506 -0.453309 0.704888 -0.545567 -0.892091 0.361894 -4.93953</i>
                        <i>0.680857 0.00669707 -0.732386 -0.466718 -0.766674 -0.440892 -0.564453 0.642002 -0.51887 -1.00075 0.24608 -4.94341</i>
                        <i>0.67941 0.0373087 -0.73281 -0.414299 -0.804775 -0.425081 -0.605606 0.592407 -0.531315 -1.06255 0.339882 -4.94293</i>
                        <i>0.680323 0.0368022 -0.731987 -0.387359 -0.829794 -0.401739 -0.622184 0.556855 -0.550273 -1.09124 0.372249 -4.93897</i>
                        <i>0.678834 0.0709962 -0.730851 -0.344422 -0.848246 -0.402309 -0.648504 0.524822 -0.551366 -1.11944 0.385544 -4.93391</i>
                        <i>0.676602 0.0982926 -0.729759 -0.316514 -0.856001 -0.408755 -0.664852 0.507544 -0.548061 -1.13511 0.378004 -4.92842</i>
                        <i>0.677878 0.0934765 -0.729208 -0.324905 -0.851671 -0.41121 -0.659483 0.515673 -0.546958 -1.1301 0.364859 -4.9236</i>
                        <i>0.680743 0.0736329 -0.728812 -0.355043 -0.837092 -0.416198 -0.640729 0.542084 -0.543702 -1.11221 0.338065 -4.91955</i>
                        <i>0.684061 0.0440591 -0.728092 -0.405256 -0.806986 -0.429582 -0.606488 0.588924 -0.534173 -1.0845 0.285615 -4.91626</i>
                        <i>0.686161 0.0145666 -0.727303 -0.453422 -0.773258 -0.44326 -0.56885 0.633924 -0.523975 -1.05876 0.234251 -4.91451</i>
                        <i>0.686512 -0.000844888 -0.727118 -0.477939 -0.754149 -0.450371 -0.547975 0.656703 -0.518136 -1.04667 0.212896 -4.91465</i>
                        <i>0.686367 -0.00806561 -0.727211 -0.489453 -0.744707 -0.453703 -0.5379 0.667343 -0.51509 -1.04137 0.204522 -4.91536</i>
                        <i>0.686205 -0.00650067 -0.727379 -0.486926 -0.746979 -0.452687 -0.540394 0.664816 -0.515746 -1.04229 0.202409 -4.91611</i>
                        <i>0.686037 -0.002118 -0.727564 -0.479958 -0.752865 -0.450372 -0.546803 0.658171 -0.51751 -1.04535 0.203978 -4.91671</i>
                        <i>0.686012 -0.00177817 -0.727588 -0.479419 -0.753322 -0.450182 -0.547308 0.65765 -0.51764 -1.04558 0.203827 -4.91679</i>
                        <i>0.68603 -0.00218484 -0.72757 -0.480078 -0.752766 -0.450408 -0.546706 0.658284 -0.517469 -1.0453 0.203741 -4.91669</i>
                        <i>0.686031 -0.00220314 -0.727569 -0.480096 -0.752756 -0.450406 -0.54669 0.658296 -0.517472 -1.0453 0.203716 -4.91669</i>
                        <i>0.686032 -0.00221693 -0.727568 -0.480101 -0.752758 -0.450399 -0.546684 0.658294 -0.51748 -1.0453 0.203718 -4.91669</i>
                        <i>0.686031 -0.00219699 -0.727569 -0.480084 -0.752766 -0.450402 -0.5467 0.658284 -0.517476 -1.0453 0.203754 -4.91669</i>
                        <i>0.686031 -0.00219699 -0.727569 -0.480084 -0.752766 -0.450402 -0.5467 0.658284 -0.517476 -1.0453 0.203754 -4.91669</i>
                        <i>0.686031 -0.00219699 -0.727569 -0.480084 -0.752766 -0.450402 -0.5467 0.658284 -0.517476 -1.0453 0.203754 -4.91669</i>
                        <i>0.686031 -0.00219699 -0.727569 -0.480084 -0.752766 -0.450402 -0.5467 0.658284 -0.517476 -1.0453 0.203754 -4.91669</i>
                        <i>0.686031 -0.00219699 -0.727569 -0.480084 -0.752766 -0.450402 -0.5467 0.658284 -0.517476 -1.0453 0.203754 -4.91669</i>
                        <i>0.686031 -0.00219699 -0.727569 -0.480084 -0.752766 -0.450402 -0.5467 0.658284 -0.517476 -1.0453 0.203754 -4.91669</i>
                        <i>0.686031 -0.00219699 -0.727569 -0.480084 -0.752766 -0.450402 -0.5467 0.658284 -0.517476 -1.0453 0.203754 -4.91669</i>
                        <i>0.686031 -0.00219699 -0.727569 -0.480084 -0.752766 -0.450402 -0.5467 0.658284 -0.517476 -1.0453 0.203754 -4.91669</i>
                    </KeyFrames>
                </p>
            </i>
            <i>
                <p>
                    <Name><![CDATA[spine1]]></Name>
                    <Exclude>0</Exclude>
                    <Additive>0</Additive>
                    <IKPriority>0</IKPriority>
                    <IKRotLimits>-1e+010 -1e+010 -1e+010 1e+010 1e+010 1e+010</IKRotLimits>
                    <IKRotLimitOrder>0</IKRotLimitOrder>
                    <KeyFrames count="61">
                        <i>0.0404996 0.945379 0.323447 -0.723773 -0.195415 0.661789 0.688848 -0.260904 0.676326 -0.0906729 1.47817 0.0478985</i>
                        <i>0.0404996 0.985648 0.163882 -0.723773 -0.0841361 0.684889 0.688848 -0.146351 0.709978 -0.0906729 1.63245 -0.378126</i>
                        <i>0.0404996 0.999151 0.00750364 -0.723773 0.0241584 0.689615 0.688848 -0.03336 0.724137 -0.0906729 1.74806 -0.788037</i>
                        <i>0.0404996 0.988978 -0.142416 -0.723773 0.127301 0.678194 0.688848 0.0756102 0.720951 -0.0906729 1.83539 -1.17854</i>
                        <i>0.0404996 0.9581 -0.283558 -0.723773 0.22378 0.652744 0.688848 0.178796 0.70251 -0.0906729 1.8772 -1.54765</i>
                        <i>0.0404996 0.909225 -0.414331 -0.723773 0.312575 0.615182 0.688848 0.274967 0.670732 -0.0906729 1.85436 -1.89428</i>
                        <i>0.0404996 0.844726 -0.533664 -0.723773 0.39302 0.567175 0.688848 0.363282 0.627307 -0.0906729 1.77891 -2.21795</i>
                        <i>0.0404996 0.76662 -0.640823 -0.723773 0.464664 0.510137 0.688848 0.44315 0.573677 -0.0906729 1.65435 -2.51848</i>
                        <i>0.0404996 0.676585 -0.73525 -0.723773 0.527173 0.445243 0.688848 0.514122 0.511045 -0.0906729 1.48335 -2.79583</i>
                        <i>0.0404996 0.576013 -0.816437 -0.723773 0.580237 0.373466 0.688848 0.57579 0.440402 -0.0906729 1.26513 -3.04987</i>
                        <i>0.0404996 0.466072 -0.88382 -0.723773 0.623502 0.295631 0.688848 0.627712 0.362582 -0.0906729 1.01097 -3.28031</i>
                        <i>0.0403687 0.347724 -0.936728 -0.722419 0.657813 0.213055 0.690276 0.668109 0.277757 -0.0908293 0.738519 -3.48654</i>
                        <i>0.0404996 0.222185 -0.974163 -0.723773 0.678677 0.124701 0.688848 0.700023 0.188298 -0.0906729 0.455041 -3.66793</i>
                        <i>0.0462876 0.090783 -0.994794 -0.7308 0.682008 0.0282348 0.681021 0.725688 0.0979127 -0.0825631 0.166459 -3.82369</i>
                        <i>0.0547095 -0.04496 -0.99749 -0.742401 0.66621 -0.0707468 0.667718 0.744408 0.00306967 -0.0723898 -0.120291 -3.95185</i>
                        <i>0.0530607 -0.0787133 -0.995484 -0.772415 0.628583 -0.0908732 0.632898 0.773749 -0.0274462 -0.0797693 -0.0423233 -4.11522</i>
                        <i>0.0518623 -0.112801 -0.992263 -0.803459 0.585382 -0.108541 0.593096 0.802872 -0.060272 -0.0905951 0.0367162 -4.25217</i>
                        <i>0.0551242 -0.147383 -0.987542 -0.82232 0.554296 -0.128626 0.566348 0.819166 -0.0906408 -0.10344 0.11766 -4.37459</i>
                        <i>0.0587889 -0.182105 -0.98152 -0.83818 0.525036 -0.147616 0.542215 0.831369 -0.121771 -0.117916 0.192006 -4.48264</i>
                        <i>0.0595549 -0.21752 -0.974237 -0.8534 0.495204 -0.162734 0.517844 0.841105 -0.15614 -0.13641 0.251987 -4.57642</i>
                        <i>0.0599473 -0.253221 -0.965549 -0.86839 0.463771 -0.175542 0.492244 0.848997 -0.192093 -0.157825 0.294161 -4.65665</i>
                        <i>0.0614763 -0.28886 -0.955396 -0.883585 0.429444 -0.186696 0.464218 0.855651 -0.228831 -0.181533 0.313176 -4.72399</i>
                        <i>0.0651549 -0.324191 -0.943745 -0.899615 0.39016 -0.196134 0.431797 0.861786 -0.266226 -0.207137 0.322833 -4.779</i>
                        <i>0.072557 -0.358826 -0.93058 -0.916824 0.343324 -0.203868 0.392644 0.86797 -0.304069 -0.234004 0.338332 -4.82228</i>
                        <i>0.0850787 -0.392195 -0.915939 -0.934058 0.288605 -0.210339 0.346839 0.873436 -0.341778 -0.260544 0.351921 -4.85458</i>
                        <i>0.104111 -0.423176 -0.900046 -0.950169 0.225043 -0.215717 0.293835 0.877654 -0.37866 -0.285766 0.362528 -4.87701</i>
                        <i>0.128297 -0.447235 -0.885167 -0.963797 0.154138 -0.217572 0.233743 0.881035 -0.411269 -0.311948 0.37284 -4.8952</i>
                        <i>0.155433 -0.461347 -0.873498 -0.973654 0.0778019 -0.214347 0.166848 0.883802 -0.437099 -0.342994 0.383584 -4.91413</i>
                        <i>0.18675 -0.466403 -0.864634 -0.978118 -0.00611892 -0.20796 0.0917025 0.884551 -0.45734 -0.376731 0.390931 -4.9329</i>
                        <i>0.22187 -0.461765 -0.858806 -0.975042 -0.0976765 -0.19938 0.0081816 0.881608 -0.471911 -0.413837 0.393361 -4.95221</i>
                        <i>0.261871 -0.446829 -0.855434 -0.961207 -0.200311 -0.18962 -0.0866247 0.871906 -0.481951 -0.452818 0.389257 -4.97113</i>
                        <i>0.30779 -0.419796 -0.853837 -0.931301 -0.31665 -0.180031 -0.194792 0.85059 -0.488418 -0.493704 0.378576 -4.98858</i>
                        <i>0.356353 -0.378916 -0.85407 -0.879858 -0.443687 -0.170267 -0.314422 0.812136 -0.491502 -0.540583 0.364475 -5.00516</i>
                        <i>0.401766 -0.325088 -0.856097 -0.799053 -0.581119 -0.154325 -0.447324 0.746069 -0.493237 -0.605431 0.354497 -5.02167</i>
                        <i>0.446458 -0.249623 -0.859281 -0.686982 -0.710938 -0.150407 -0.573351 0.657461 -0.488891 -0.67862 0.333617 -5.03622</i>
                        <i>0.490614 -0.118635 -0.863263 -0.534081 -0.82373 -0.19033 -0.688517 0.554431 -0.467494 -0.757019 0.305564 -5.04731</i>
                        <i>0.502429 -0.000128832 -0.864618 -0.390521 -0.892219 -0.226799 -0.7714 0.451602 -0.448327 -0.862038 0.219119 -5.05171</i>
                        <i>0.501925 0.0159532 -0.864764 -0.330058 -0.920634 -0.208556 -0.799458 0.390101 -0.456824 -0.923704 0.320093 -5.05118</i>
                        <i>0.504037 0.00592198 -0.863662 -0.300232 -0.936413 -0.181637 -0.80982 0.350851 -0.470209 -0.9521 0.353241 -5.04687</i>
                        <i>0.504547 0.0312794 -0.862817 -0.252407 -0.950341 -0.182051 -0.825665 0.309634 -0.471596 -0.980389 0.373914 -5.04156</i>
                        <i>0.503771 0.0539135 -0.862153 -0.221366 -0.956667 -0.189172 -0.834992 0.286151 -0.470006 -0.996388 0.372049 -5.03588</i>
                        <i>0.504668 0.051193 -0.861794 -0.23087 -0.953881 -0.191861 -0.831871 0.295788 -0.469574 -0.991168 0.357781 -5.03096</i>
                        <i>0.506132 0.0383357 -0.861604 -0.264696 -0.943893 -0.197487 -0.820833 0.328018 -0.467587 -0.97287 0.326525 -5.02685</i>
                        <i>0.507644 0.0216378 -0.861295 -0.321605 -0.922668 -0.212732 -0.799292 0.384989 -0.461428 -0.944801 0.267216 -5.02351</i>
                        <i>0.508829 0.00524729 -0.860852 -0.377203 -0.897518 -0.228427 -0.773829 0.440946 -0.454704 -0.919029 0.209018 -5.02171</i>
                        <i>0.509015 -0.00322094 -0.860752 -0.405829 -0.882769 -0.236688 -0.759083 0.469796 -0.45065 -0.907094 0.184096 -5.02187</i>
                        <i>0.508845 -0.00712242 -0.860829 -0.419305 -0.875379 -0.240613 -0.751838 0.483385 -0.448418 -0.901935 0.174047 -5.02263</i>
                        <i>0.508646 -0.0063464 -0.860952 -0.416261 -0.877147 -0.239459 -0.753662 0.48018 -0.448799 -0.90286 0.172303 -5.02341</i>
                        <i>0.508449 -0.00403201 -0.861083 -0.408005 -0.881739 -0.236788 -0.758295 0.471721 -0.449964 -0.905877 0.174893 -5.02402</i>
                        <i>0.50842 -0.0038536 -0.861101 -0.407364 -0.882093 -0.236572 -0.75866 0.471059 -0.450044 -0.906104 0.174821 -5.02411</i>
                        <i>0.50844 -0.00406407 -0.861088 -0.408144 -0.881662 -0.236833 -0.758226 0.471863 -0.449931 -0.905833 0.17464 -5.02401</i>
                        <i>0.508441 -0.00407861 -0.861087 -0.408164 -0.881654 -0.23683 -0.758215 0.471879 -0.449933 -0.905829 0.174611 -5.02401</i>
                        <i>0.508443 -0.00409256 -0.861086 -0.408171 -0.881653 -0.236821 -0.75821 0.47188 -0.449941 -0.90583 0.174611 -5.02401</i>
                        <i>0.508441 -0.00407592 -0.861087 -0.408151 -0.881661 -0.236825 -0.758222 0.471865 -0.449937 -0.905832 0.174651 -5.02401</i>
                        <i>0.508441 -0.00407592 -0.861087 -0.408151 -0.881661 -0.236825 -0.758222 0.471865 -0.449937 -0.905832 0.174651 -5.02401</i>
                        <i>0.508441 -0.00407592 -0.861087 -0.408151 -0.881661 -0.236825 -0.758222 0.471865 -0.449937 -0.905832 0.174651 -5.02401</i>
                        <i>0.508441 -0.00407592 -0.861087 -0.408151 -0.881661 -0.236825 -0.758222 0.471865 -0.449937 -0.905832 0.174651 -5.02401</i>
                        <i>0.508441 -0.00407592 -0.861087 -0.408151 -0.881661 -0.236825 -0.758222 0.471865 -0.449937 -0.905832 0.174651 -5.02401</i>
                        <i>0.508441 -0.00407592 -0.861087 -0.408151 -0.881661 -0.236825 -0.758222 0.471865 -0.449937 -0.905832 0.174651 -5.02401</i>
                        <i>0.508441 -0.00407592 -0.861087 -0.408151 -0.881661 -0.236825 -0.758222 0.471865 -0.449937 -0.905832 0.174651 -5.02401</i>
                        <i>0.508441 -0.00407592 -0.861087 -0.408151 -0.881661 -0.236825 -0.758222 0.471865 -0.449937 -0.905832 0.174651 -5.02401</i>
                    </KeyFrames>
                </p>
            </i>
            <i>
                <p>
                    <Name><![CDATA[spine2]]></Name>
                    <Exclude>0</Exclude>
                    <Additive>0</Additive>
                    <IKPriority>0</IKPriority>
                    <IKRotLimits>-1e+010 -1e+010 -1e+010 1e+010 1e+010 1e+010</IKRotLimits>
                    <IKRotLimitOrder>0</IKRotLimitOrder>
                    <KeyFrames count="61">
                        <i>0.164729 0.889004 0.427242 -0.723887 -0.185255 0.664581 0.669964 -0.41875 0.613022 -0.0798262 1.62966 0.103233</i>
                        <i>0.164729 0.947075 0.275523 -0.723887 -0.0736556 0.685976 0.669964 -0.312447 0.673442 -0.0798262 1.79096 -0.348407</i>
                        <i>0.164729 0.978538 0.123808 -0.723887 0.0346797 0.689046 0.669964 -0.203129 0.714063 -0.0798262 1.90927 -0.783509</i>
                        <i>0.164729 0.986039 -0.0243355 -0.723887 0.137618 0.676054 0.669964 -0.0937492 0.73645 -0.0798262 1.99546 -1.19824</i>
                        <i>0.164729 0.972221 -0.166288 -0.723887 0.23368 0.649139 0.669964 0.0134418 0.742272 -0.0798262 2.03276 -1.59023</i>
                        <i>0.164729 0.939553 -0.300174 -0.723887 0.321877 0.610232 0.669964 0.116769 0.733153 -0.0798262 2.00246 -1.95812</i>
                        <i>0.164729 0.890237 -0.424667 -0.723887 0.401565 0.561011 0.669964 0.214997 0.71058 -0.0798262 1.917 -2.30126</i>
                        <i>0.164729 0.826163 -0.538812 -0.723887 0.472317 0.502896 0.669964 0.307198 0.675853 -0.0798262 1.78019 -2.61935</i>
                        <i>0.164729 0.748913 -0.641867 -0.723887 0.533818 0.437066 0.669964 0.392642 0.630063 -0.0798262 1.59498 -2.91224</i>
                        <i>0.164729 0.65979 -0.733172 -0.723887 0.585771 0.3645 0.669964 0.47069 0.574107 -0.0798262 1.3608 -3.17971</i>
                        <i>0.164729 0.559874 -0.812038 -0.723887 0.627835 0.286026 0.669964 0.540707 0.508708 -0.0798262 1.08912 -3.42139</i>
                        <i>0.164829 0.449802 -0.877787 -0.722536 0.660867 0.20297 0.671397 0.600777 0.433928 -0.0799972 0.797735 -3.63655</i>
                        <i>0.164729 0.331336 -0.929022 -0.723887 0.680384 0.114304 0.669964 0.653678 0.351928 -0.0798262 0.494131 -3.82439</i>
                        <i>0.169169 0.206206 -0.963774 -0.730846 0.682313 0.017702 0.661246 0.701376 0.266131 -0.0708176 0.184455 -3.9839</i>
                        <i>0.175318 0.0758097 -0.981589 -0.742346 0.665075 -0.0812227 0.646673 0.742919 0.172876 -0.0593455 -0.12411 -4.11292</i>
                        <i>0.168063 0.0479385 -0.98461 -0.772347 0.627071 -0.101301 0.612564 0.777486 0.142413 -0.0671534 -0.051406 -4.27611</i>
                        <i>0.160414 0.0197575 -0.986852 -0.803369 0.583489 -0.118906 0.573468 0.81188 0.109472 -0.0783608 0.0223192 -4.4127</i>
                        <i>0.15926 -0.0112209 -0.987173 -0.822172 0.552029 -0.138915 0.546507 0.83375 0.0786905 -0.0908063 0.0977902 -4.5345</i>
                        <i>0.158918 -0.0430543 -0.986353 -0.837972 0.522395 -0.157814 0.522061 0.851616 0.0469399 -0.104807 0.166617 -4.64173</i>
                        <i>0.155674 -0.0759847 -0.984882 -0.853162 0.492184 -0.172826 0.497875 0.867169 0.0117927 -0.123296 0.220953 -4.73451</i>
                        <i>0.151849 -0.109494 -0.98232 -0.868127 0.460371 -0.185512 0.472545 0.880948 -0.0251481 -0.144772 0.257428 -4.81352</i>
                        <i>0.148733 -0.143125 -0.978465 -0.883281 0.425667 -0.196528 0.444628 0.893489 -0.0631089 -0.168371 0.270751 -4.8794</i>
                        <i>0.146993 -0.17649 -0.973265 -0.899243 0.386009 -0.205812 0.412013 0.905455 -0.101967 -0.193542 0.274765 -4.93273</i>
                        <i>0.147788 -0.209084 -0.966666 -0.916341 0.338806 -0.213375 0.372126 0.91733 -0.141521 -0.219409 0.284741 -4.97408</i>
                        <i>0.152492 -0.240472 -0.958603 -0.933404 0.283735 -0.219661 0.324812 0.92826 -0.18119 -0.244158 0.293014 -5.00421</i>
                        <i>0.162373 -0.269631 -0.949176 -0.94927 0.219848 -0.224841 0.269298 0.937532 -0.220255 -0.266577 0.298692 -5.02427</i>
                        <i>0.176098 -0.292036 -0.940055 -0.962592 0.14869 -0.226512 0.205927 0.944778 -0.254928 -0.289163 0.305195 -5.04023</i>
                        <i>0.191532 -0.30469 -0.932995 -0.972108 0.0722085 -0.223142 0.135359 0.949711 -0.282361 -0.316176 0.313737 -5.05741</i>
                        <i>0.209623 -0.308687 -0.927777 -0.97618 -0.0117614 -0.216645 0.0559638 0.951091 -0.3038 -0.345254 0.320341 -5.07486</i>
                        <i>0.229957 -0.303684 -0.924606 -0.972664 -0.103263 -0.207993 -0.0323131 0.94716 -0.319129 -0.377137 0.323581 -5.09332</i>
                        <i>0.253066 -0.289575 -0.923095 -0.958331 -0.205726 -0.19819 -0.132514 0.934785 -0.329571 -0.410177 0.321924 -5.11176</i>
                        <i>0.279565 -0.265385 -0.922721 -0.927853 -0.321758 -0.188578 -0.246847 0.908869 -0.33619 -0.444251 0.315592 -5.12899</i>
                        <i>0.306494 -0.230366 -0.923576 -0.875802 -0.448325 -0.178815 -0.37287 0.863676 -0.339164 -0.48397 0.307995 -5.14564</i>
                        <i>0.327758 -0.187189 -0.926032 -0.794412 -0.585128 -0.162894 -0.511356 0.789041 -0.340486 -0.542264 0.306472 -5.16249</i>
                        <i>0.349163 -0.126614 -0.928468 -0.681773 -0.714074 -0.159013 -0.642862 0.688526 -0.33565 -0.609003 0.297415 -5.17754</i>
                        <i>0.371476 -0.0139634 -0.928337 -0.52832 -0.825397 -0.198993 -0.763468 0.56438 -0.313993 -0.681015 0.290064 -5.18913</i>
                        <i>0.367523 0.0859699 -0.926032 -0.384574 -0.892551 -0.235491 -0.846776 0.442676 -0.294971 -0.784691 0.222268 -5.19361</i>
                        <i>0.361626 0.0916208 -0.927811 -0.324095 -0.920743 -0.217243 -0.874179 0.379259 -0.303271 -0.846639 0.325533 -5.19317</i>
                        <i>0.361635 0.0752065 -0.929281 -0.29424 -0.936594 -0.190303 -0.884671 0.342252 -0.316577 -0.874774 0.356863 -5.18877</i>
                        <i>0.358948 0.0933068 -0.928682 -0.246399 -0.95022 -0.190707 -0.900247 0.29728 -0.318089 -0.903106 0.381422 -5.18333</i>
                        <i>0.356277 0.111669 -0.927684 -0.215361 -0.956288 -0.197822 -0.909223 0.270266 -0.316654 -0.919306 0.383093 -5.17753</i>
                        <i>0.35779 0.110603 -0.927229 -0.224856 -0.953539 -0.200507 -0.906326 0.280233 -0.316297 -0.913916 0.368435 -5.17254</i>
                        <i>0.361459 0.103328 -0.926645 -0.258675 -0.943714 -0.206133 -0.895787 0.314209 -0.314386 -0.895294 0.335267 -5.16839</i>
                        <i>0.367203 0.0963711 -0.925135 -0.315582 -0.922713 -0.221379 -0.874969 0.373247 -0.30841 -0.866818 0.273549 -5.16496</i>
                        <i>0.373279 0.0895044 -0.923392 -0.371187 -0.897784 -0.237074 -0.850225 0.431245 -0.301901 -0.840671 0.212983 -5.16303</i>
                        <i>0.376268 0.0859285 -0.922518 -0.399822 -0.883149 -0.245337 -0.835802 0.461155 -0.297944 -0.828603 0.186835 -5.16315</i>
                        <i>0.377473 0.0843256 -0.922173 -0.413305 -0.875812 -0.249264 -0.82867 0.475229 -0.295743 -0.823422 0.176223 -5.16391</i>
                        <i>0.376935 0.0845619 -0.922371 -0.410261 -0.877569 -0.248111 -0.830425 0.471935 -0.296094 -0.824391 0.174588 -5.16471</i>
                        <i>0.375866 0.085447 -0.922726 -0.402004 -0.882129 -0.245441 -0.834935 0.463193 -0.297212 -0.827471 0.177511 -5.16535</i>
                        <i>0.375769 0.0855136 -0.922759 -0.401363 -0.882481 -0.245225 -0.835288 0.462509 -0.297287 -0.827706 0.177464 -5.16545</i>
                        <i>0.375871 0.0854389 -0.922725 -0.402143 -0.882053 -0.245486 -0.834866 0.463338 -0.29718 -0.827428 0.177253 -5.16534</i>
                        <i>0.375874 0.0854272 -0.922725 -0.402164 -0.882044 -0.245483 -0.834855 0.463357 -0.297182 -0.827424 0.177222 -5.16534</i>
                        <i>0.375877 0.0854136 -0.922725 -0.40217 -0.882044 -0.245474 -0.834851 0.46336 -0.297189 -0.827425 0.17722 -5.16534</i>
                        <i>0.375873 0.0854276 -0.922725 -0.40215 -0.882052 -0.245478 -0.834862 0.463343 -0.297185 -0.827427 0.177262 -5.16534</i>
                        <i>0.375873 0.0854276 -0.922725 -0.40215 -0.882052 -0.245478 -0.834862 0.463343 -0.297185 -0.827427 0.177262 -5.16534</i>
                        <i>0.375873 0.0854276 -0.922725 -0.40215 -0.882052 -0.245478 -0.834862 0.463343 -0.297185 -0.827427 0.177262 -5.16534</i>
                        <i>0.375873 0.0854276 -0.922725 -0.40215 -0.882052 -0.245478 -0.834862 0.463343 -0.297185 -0.827427 0.177262 -5.16534</i>
                        <i>0.375873 0.0854276 -0.922725 -0.40215 -0.882052 -0.245478 -0.834862 0.463343 -0.297185 -0.827427 0.177262 -5.16534</i>
                        <i>0.375873 0.0854276 -0.922725 -0.40215 -0.882052 -0.245478 -0.834862 0.463343 -0.297185 -0.827427 0.177262 -5.16534</i>
                        <i>0.375873 0.0854276 -0.922725 -0.40215 -0.882052 -0.245478 -0.834862 0.463343 -0.297185 -0.827427 0.177262 -5.16534</i>
                        <i>0.375873 0.0854276 -0.922725 -0.40215 -0.882052 -0.245478 -0.834862 0.463343 -0.297185 -0.827427 0.177262 -5.16534</i>
                    </KeyFrames>
                </p>
            </i>
            <i>
                <p>
                    <Name><![CDATA[head]]></Name>
                    <Exclude>0</Exclude>
                    <Additive>0</Additive>
                    <IKPriority>0</IKPriority>
                    <IKRotLimits>-1e+010 -1e+010 -1e+010 1e+010 1e+010 1e+010</IKRotLimits>
                    <IKRotLimitOrder>0</IKRotLimitOrder>
                    <KeyFrames count="61">
                        <i>0.00190484 0.99481 0.101735 -0.0186231 0.101753 -0.994635 -0.999825 -1.22411e-008 0.0187203 -0.0436749 1.86234 0.208121</i>
                        <i>0.00190484 0.998016 -0.0629361 -0.0186231 -0.0628898 -0.997847 -0.999825 0.0030728 0.0184664 -0.0436749 2.0377 -0.283135</i>
                        <i>0.00190484 0.975846 -0.218453 -0.0186231 -0.218381 -0.975686 -0.999825 0.00592679 0.0177574 -0.0436749 2.16319 -0.757684</i>
                        <i>0.00190484 0.932051 -0.362322 -0.0186231 -0.362227 -0.931904 -0.999825 0.00852271 0.0166677 -0.0436749 2.25038 -1.21079</i>
                        <i>0.00190484 0.870053 -0.492955 -0.0186231 -0.492839 -0.869921 -0.999825 0.0108374 0.0152644 -0.0436749 2.28321 -1.63941</i>
                        <i>0.00190484 0.792851 -0.609412 -0.0186231 -0.609279 -0.792737 -0.999825 0.0128592 0.0136048 -0.0436749 2.24361 -2.04173</i>
                        <i>0.00190484 0.703002 -0.711186 -0.0186231 -0.711038 -0.702906 -0.999825 0.0145834 0.0117377 -0.0436749 2.1446 -2.41676</i>
                        <i>0.00190484 0.602636 -0.798014 -0.0186231 -0.797855 -0.602561 -0.999825 0.0160093 0.00970322 -0.0436749 1.9905 -2.76397</i>
                        <i>0.00190484 0.493518 -0.869733 -0.0186231 -0.869567 -0.493464 -0.999825 0.0171371 0.00753447 -0.0436749 1.78464 -3.08302</i>
                        <i>0.00190484 0.377117 -0.926164 -0.0186231 -0.925991 -0.377085 -0.999825 0.0179664 0.00525926 -0.0436749 1.52683 -3.37356</i>
                        <i>0.00190484 0.254701 -0.967018 -0.0186231 -0.966843 -0.254692 -0.999825 0.018494 0.00290168 -0.0436749 1.2288 -3.63501</i>
                        <i>0.00133309 0.127435 -0.991846 -0.02051 -0.991635 -0.127435 -0.999789 0.0205127 0.00129178 -0.0438322 0.908542 -3.86647</i>
                        <i>0.00190484 -0.00349702 -0.999992 -0.0186231 -0.999821 0.00346092 -0.999825 0.0186164 -0.00196963 -0.0436749 0.573954 -4.06682</i>
