<?xml version="1.0" encoding="ISO-8859-1" ?>
<Animl Version="1">
    <ModellingPackage><![CDATA[Maya.2010]]></ModellingPackage>
    <SrcFile><![CDATA[anims\characters\shared\base_soldier\~src\infantry\death_toy_blowback3.mb]]></SrcFile>
    <FramesPerSecond>30</FramesPerSecond>
    <TotalFrames>91</TotalFrames>
    <Skeleton>
        <RefFrame>
            <Name><![CDATA[soldier_ref_frame]]></Name>
            <Exclude>0</Exclude>
            <Additive>0</Additive>
            <IKPriority>0</IKPriority>
            <IKRotLimits>-1e+010 -1e+010 -1e+010 1e+010 1e+010 1e+010</IKRotLimits>
            <IKRotLimitOrder>0</IKRotLimitOrder>
            <KeyFrames count="91">
                <i>1 0 0 0 1 0 0 0 1 0 0 0</i>
                <i>1 0 0 0 1 0 0 0 1 -0.00594794 0 0.0658177</i>
                <i>1 0 0 0 1 0 0 0 1 -0.0271465 0 0.31555</i>
                <i>1 0 0 0 1 0 0 0 1 -0.0363055 0 0.517751</i>
                <i>1 0 0 0 1 0 0 0 1 -0.0351931 0 0.633095</i>
                <i>1 0 0 0 1 0 0 0 1 -0.0281222 0 0.655383</i>
                <i>1 0 0 0 1 0 0 0 1 -0.0174615 0 0.5558</i>
                <i>1 0 0 0 1 0 0 0 1 -0.00694161 0 0.332816</i>
                <i>1 0 0 0 1 0 0 0 1 0.000580393 0 0.0126831</i>
                <i>1 0 0 0 1 0 0 0 1 0.00142944 0 -0.404295</i>
                <i>1 0 0 0 1 0 0 0 1 -0.00581883 0 -0.881332</i>
                <i>1 0 0 0 1 0 0 0 1 -0.0217884 0 -1.3871</i>
                <i>1 0 0 0 1 0 0 0 1 -0.0484425 0 -1.88988</i>
                <i>1 0 0 0 1 0 0 0 1 -0.0834358 0 -2.36026</i>
                <i>1 0 0 0 1 0 0 0 1 -0.125886 0 -2.77067</i>
                <i>1 0 0 0 1 0 0 0 1 -0.17429 0 -3.09083</i>
                <i>1 0 0 0 1 0 0 0 1 -0.225358 0 -3.32467</i>
                <i>1 0 0 0 1 0 0 0 1 -0.276756 0 -3.45235</i>
                <i>1 0 0 0 1 0 0 0 1 -0.312965 0 -3.49357</i>
                <i>1 0 0 0 1 0 0 0 1 -0.31425 0 -3.52995</i>
                <i>1 0 0 0 1 0 0 0 1 -0.308511 0 -3.57056</i>
                <i>1 0 0 0 1 0 0 0 1 -0.302809 0 -3.61074</i>
                <i>1 0 0 0 1 0 0 0 1 -0.297138 0 -3.65053</i>
                <i>1 0 0 0 1 0 0 0 1 -0.291506 0 -3.68985</i>
                <i>1 0 0 0 1 0 0 0 1 -0.285905 0 -3.72878</i>
                <i>1 0 0 0 1 0 0 0 1 -0.280335 0 -3.76732</i>
                <i>1 0 0 0 1 0 0 0 1 -0.274799 0 -3.80543</i>
                <i>1 0 0 0 1 0 0 0 1 -0.269287 0 -3.8432</i>
                <i>1 0 0 0 1 0 0 0 1 -0.263807 0 -3.88057</i>
                <i>1 0 0 0 1 0 0 0 1 -0.258363 0 -3.91752</i>
                <i>1 0 0 0 1 0 0 0 1 -0.252951 0 -3.95408</i>
                <i>1 0 0 0 1 0 0 0 1 -0.247576 0 -3.99021</i>
                <i>1 0 0 0 1 0 0 0 1 -0.242234 0 -4.02594</i>
                <i>1 0 0 0 1 0 0 0 1 -0.23692 0 -4.06133</i>
                <i>1 0 0 0 1 0 0 0 1 -0.231641 0 -4.0963</i>
                <i>1 0 0 0 1 0 0 0 1 -0.226391 0 -4.13093</i>
                <i>1 0 0 0 1 0 0 0 1 -0.22117 0 -4.16521</i>
                <i>1 0 0 0 1 0 0 0 1 -0.21598 0 -4.1991</i>
                <i>1 0 0 0 1 0 0 0 1 -0.210814 0 -4.2327</i>
                <i>1 0 0 0 1 0 0 0 1 -0.205678 0 -4.26594</i>
                <i>1 0 0 0 1 0 0 0 1 -0.200655 0 -4.3002</i>
                <i>1 0 0 0 1 0 0 0 1 -0.195299 0 -4.3337</i>
                <i>1 0 0 0 1 0 0 0 1 -0.187956 0 -4.35038</i>
                <i>1 0 0 0 1 0 0 0 1 -0.178489 0 -4.34865</i>
                <i>1 0 0 0 1 0 0 0 1 -0.166499 0 -4.32258</i>
                <i>1 0 0 0 1 0 0 0 1 -0.152854 0 -4.28652</i>
                <i>1 0 0 0 1 0 0 0 1 -0.138124 0 -4.24626</i>
                <i>1 0 0 0 1 0 0 0 1 -0.122263 0 -4.20172</i>
                <i>1 0 0 0 1 0 0 0 1 -0.105173 0 -4.15264</i>
                <i>1 0 0 0 1 0 0 0 1 -0.0873238 0 -4.10181</i>
                <i>1 0 0 0 1 0 0 0 1 -0.0715868 0 -4.07109</i>
                <i>1 0 0 0 1 0 0 0 1 -0.0557812 0 -4.04211</i>
                <i>1 0 0 0 1 0 0 0 1 -0.039686 0 -4.01247</i>
                <i>1 0 0 0 1 0 0 0 1 -0.0235787 0 -3.99302</i>
                <i>1 0 0 0 1 0 0 0 1 -0.00745714 0 -3.98065</i>
                <i>1 0 0 0 1 0 0 0 1 0.00706865 0 -3.97726</i>
                <i>1 0 0 0 1 0 0 0 1 0.0184188 0 -3.98144</i>
                <i>1 0 0 0 1 0 0 0 1 0.0268048 0 -3.99068</i>
                <i>1 0 0 0 1 0 0 0 1 0.0328952 0 -4.00346</i>
                <i>1 0 0 0 1 0 0 0 1 0.0363236 0 -4.02115</i>
                <i>1 0 0 0 1 0 0 0 1 0.0376887 0 -4.04467</i>
                <i>1 0 0 0 1 0 0 0 1 0.0384514 0 -4.06995</i>
                <i>1 0 0 0 1 0 0 0 1 0.0389307 0 -4.09558</i>
                <i>1 0 0 0 1 0 0 0 1 0.03934 0 -4.12044</i>
                <i>1 0 0 0 1 0 0 0 1 0.0401971 0 -4.14609</i>
                <i>1 0 0 0 1 0 0 0 1 0.0421521 0 -4.17524</i>
                <i>1 0 0 0 1 0 0 0 1 0.0457538 0 -4.20097</i>
                <i>1 0 0 0 1 0 0 0 1 0.0521548 0 -4.22371</i>
                <i>1 0 0 0 1 0 0 0 1 0.0630759 0 -4.23521</i>
                <i>1 0 0 0 1 0 0 0 1 0.0766269 0 -4.23909</i>
                <i>1 0 0 0 1 0 0 0 1 0.0900362 0 -4.24291</i>
                <i>1 0 0 0 1 0 0 0 1 0.103332 0 -4.24667</i>
                <i>1 0 0 0 1 0 0 0 1 0.116486 0 -4.25036</i>
                <i>1 0 0 0 1 0 0 0 1 0.130394 0 -4.25193</i>
                <i>1 0 0 0 1 0 0 0 1 0.142313 0 -4.24693</i>
                <i>1 0 0 0 1 0 0 0 1 0.150797 0 -4.23836</i>
                <i>1 0 0 0 1 0 0 0 1 0.155195 0 -4.22726</i>
                <i>1 0 0 0 1 0 0 0 1 0.156954 0 -4.2141</i>
                <i>1 0 0 0 1 0 0 0 1 0.156628 0 -4.19903</i>
                <i>1 0 0 0 1 0 0 0 1 0.1546 0 -4.18558</i>
                <i>1 0 0 0 1 0 0 0 1 0.151972 0 -4.176</i>
                <i>1 0 0 0 1 0 0 0 1 0.148986 0 -4.17032</i>
                <i>1 0 0 0 1 0 0 0 1 0.145849 0 -4.16709</i>
                <i>1 0 0 0 1 0 0 0 1 0.142895 0 -4.16714</i>
                <i>1 0 0 0 1 0 0 0 1 0.142327 0 -4.1714</i>
                <i>1 0 0 0 1 0 0 0 1 0.144041 0 -4.17784</i>
                <i>1 0 0 0 1 0 0 0 1 0.148803 0 -4.18683</i>
                <i>1 0 0 0 1 0 0 0 1 0.155587 0 -4.19707</i>
                <i>1 0 0 0 1 0 0 0 1 0.160247 0 -4.20601</i>
                <i>1 0 0 0 1 0 0 0 1 0.161447 0 -4.21277</i>
                <i>1 0 0 0 1 0 0 0 1 0.158372 0 -4.2179</i>
            </KeyFrames>
        </RefFrame>
        <Bones count="23">
            <i>
                <p>
                    <Name><![CDATA[pelvis]]></Name>
                    <Exclude>0</Exclude>
                    <Additive>0</Additive>
                    <IKPriority>0</IKPriority>
                    <IKRotLimits>-1e+010 -1e+010 -1e+010 1e+010 1e+010 1e+010</IKRotLimits>
                    <IKRotLimitOrder>2</IKRotLimitOrder>
                    <KeyFrames count="91">
                        <i>1 0 0 0 1 0 0 0 1 5.6976e-018 1.11143 9.4474e-018</i>
                        <i>1 0 0 0 1 0 0 0 1 -1.50522e-005 1.14916 -0.0262486</i>
                        <i>1 0 0 0 1 0 0 0 1 -0.0314404 1.2661 -0.12495</i>
                        <i>1 0 0 0 1 0 0 0 1 -0.0613139 1.37677 -0.220415</i>
                        <i>1 0 0 0 1 0 0 0 1 -0.0790464 1.48631 -0.330865</i>
                        <i>1 0 0 0 1 0 0 0 1 -0.105852 1.58317 -0.439857</i>
                        <i>1 0 0 0 1 0 0 0 1 -0.127424 1.66684 -0.567953</i>
                        <i>1 0 0 0 1 0 0 0 1 -0.144205 1.72848 -0.716263</i>
                        <i>1 0 0 0 1 0 0 0 1 -0.168016 1.77452 -0.867387</i>
                        <i>1 0 0 0 1 0 0 0 1 -0.187061 1.78131 -1.03734</i>
                        <i>1 0 0 0 1 0 0 0 1 -0.206189 1.75818 -1.21236</i>
                        <i>1 0 0 0 1 0 0 0 1 -0.228893 1.7126 -1.39849</i>
                        <i>1 0 0 0 1 0 0 0 1 -0.246313 1.61527 -1.57821</i>
                        <i>1 0 0 0 1 0 0 0 1 -0.268799 1.49499 -1.75258</i>
                        <i>1 0 0 0 1 0 0 0 1 -0.294884 1.34386 -1.9215</i>
                        <i>1 0 0 0 1 0 0 0 1 -0.313915 1.15754 -2.06817</i>
                        <i>1 0 0 0 1 0 0 0 1 -0.339195 0.954505 -2.211</i>
                        <i>1 0 0 0 1 0 0 0 1 -0.36077 0.730209 -2.33406</i>
                        <i>1 0 0 0 1 0 0 0 1 -0.374353 0.604324 -2.42844</i>
                        <i>1 0 0 0 1 0 0 0 1 -0.365201 0.759777 -2.47763</i>
                        <i>1 0 0 0 1 0 0 0 1 -0.35105 0.953489 -2.51698</i>
                        <i>1 0 0 0 1 0 0 0 1 -0.337004 1.12565 -2.55594</i>
                        <i>1 0 0 0 1 0 0 0 1 -0.323062 1.27768 -2.59457</i>
                        <i>1 0 0 0 1 0 0 0 1 -0.309214 1.40589 -2.6328</i>
                        <i>1 0 0 0 1 0 0 0 1 -0.295469 1.51433 -2.67069</i>
                        <i>1 0 0 0 1 0 0 0 1 -0.28182 1.60204 -2.70824</i>
                        <i>1 0 0 0 1 0 0 0 1 -0.268258 1.66694 -2.74542</i>
                        <i>1 0 0 0 1 0 0 0 1 -0.254785 1.71329 -2.78233</i>
                        <i>1 0 0 0 1 0 0 0 1 -0.241405 1.73813 -2.81888</i>
                        <i>1 0 0 0 1 0 0 0 1 -0.228123 1.74164 -2.85506</i>
                        <i>1 0 0 0 1 0 0 0 1 -0.214948 1.72706 -2.8909</i>
                        <i>1 0 0 0 1 0 0 0 1 -0.201875 1.69066 -2.92636</i>
                        <i>1 0 0 0 1 0 0 0 1 -0.188899 1.63479 -2.96149</i>
                        <i>1 0 0 0 1 0 0 0 1 -0.176016 1.56069 -2.99632</i>
                        <i>1 0 0 0 1 0 0 0 1 -0.163226 1.46502 -3.03078</i>
                        <i>1 0 0 0 1 0 0 0 1 -0.150529 1.35146 -3.06494</i>
                        <i>1 0 0 0 1 0 0 0 1 -0.137922 1.21908 -3.09879</i>
                        <i>1 0 0 0 1 0 0 0 1 -0.1254 1.06595 -3.13232</i>
                        <i>1 0 0 0 1 0 0 0 1 -0.112959 0.895849 -3.16559</i>
                        <i>1 0 0 0 1 0 0 0 1 -0.100607 0.706216 -3.19855</i>
                        <i>1 0 0 0 1 0 0 0 1 -0.0878349 0.52931 -3.22594</i>
                        <i>1 0 0 0 1 0 0 0 1 -0.0737855 0.461141 -3.23274</i>
                        <i>1 0 0 0 1 0 0 0 1 -0.0588927 0.410003 -3.23072</i>
                        <i>1 0 0 0 1 0 0 0 1 -0.043839 0.348466 -3.226</i>
                        <i>1 0 0 0 1 0 0 0 1 -0.0276643 0.401145 -3.20617</i>
                        <i>1 0 0 0 1 0 0 0 1 -0.0103243 0.471633 -3.18011</i>
                        <i>1 0 0 0 1 0 0 0 1 0.00663563 0.522685 -3.15387</i>
                        <i>1 0 0 0 1 0 0 0 1 0.0235754 0.553307 -3.12723</i>
                        <i>1 0 0 0 1 0 0 0 1 0.0411707 0.561285 -3.09982</i>
                        <i>1 0 0 0 1 0 0 0 1 0.0580227 0.556201 -3.07317</i>
                        <i>1 0 0 0 1 0 0 0 1 0.072568 0.594414 -3.05611</i>
                        <i>1 0 0 0 1 0 0 0 1 0.0870605 0.617927 -3.04001</i>
                        <i>1 0 0 0 1 0 0 0 1 0.101288 0.622477 -3.02391</i>
                        <i>1 0 0 0 1 0 0 0 1 0.11602 0.629931 -3.01366</i>
                        <i>1 0 0 0 1 0 0 0 1 0.130995 0.634223 -3.00746</i>
                        <i>1 0 0 0 1 0 0 0 1 0.144226 0.640654 -3.00431</i>
                        <i>1 0 0 0 1 0 0 0 1 0.154756 0.640001 -3.00346</i>
                        <i>1 0 0 0 1 0 0 0 1 0.163754 0.63002 -3.00441</i>
                        <i>1 0 0 0 1 0 0 0 1 0.172164 0.608804 -3.00603</i>
                        <i>1 0 0 0 1 0 0 0 1 0.179071 0.578853 -3.00927</i>
                        <i>1 0 0 0 1 0 0 0 1 0.183367 0.548783 -3.01573</i>
                        <i>1 0 0 0 1 0 0 0 1 0.187199 0.511898 -3.02278</i>
                        <i>1 0 0 0 1 0 0 0 1 0.190937 0.467832 -3.02991</i>
                        <i>1 0 0 0 1 0 0 0 1 0.194487 0.417309 -3.03735</i>
                        <i>1 0 0 0 1 0 0 0 1 0.197643 0.371701 -3.04722</i>
                        <i>1 0 0 0 1 0 0 0 1 0.20019 0.346183 -3.06417</i>
                        <i>1 0 0 0 1 0 0 0 1 0.204147 0.311577 -3.08279</i>
                        <i>1 0 0 0 1 0 0 0 1 0.210304 0.276151 -3.10371</i>
                        <i>1 0 0 0 1 0 0 0 1 0.220999 0.288253 -3.11636</i>
                        <i>1 0 0 0 1 0 0 0 1 0.233932 0.325756 -3.12045</i>
                        <i>1 0 0 0 1 0 0 0 1 0.246725 0.340812 -3.12451</i>
                        <i>1 0 0 0 1 0 0 0 1 0.259552 0.337644 -3.12855</i>
                        <i>1 0 0 0 1 0 0 0 1 0.272273 0.313321 -3.13257</i>
                        <i>1 0 0 0 1 0 0 0 1 0.285832 0.282334 -3.13374</i>
                        <i>1 0 0 0 1 0 0 0 1 0.296745 0.28178 -3.12715</i>
                        <i>1 0 0 0 1 0 0 0 1 0.30402 0.282412 -3.11764</i>
                        <i>1 0 0 0 1 0 0 0 1 0.307299 0.280737 -3.10658</i>
                        <i>1 0 0 0 1 0 0 0 1 0.308074 0.276338 -3.0946</i>
                        <i>1 0 0 0 1 0 0 0 1 0.306717 0.273091 -3.0819</i>
                        <i>1 0 0 0 1 0 0 0 1 0.303518 0.287908 -3.07122</i>
                        <i>1 0 0 0 1 0 0 0 1 0.299845 0.301964 -3.0638</i>
                        <i>1 0 0 0 1 0 0 0 1 0.295969 0.30996 -3.0592</i>
                        <i>1 0 0 0 1 0 0 0 1 0.292174 0.311533 -3.05611</i>
                        <i>1 0 0 0 1 0 0 0 1 0.2887 0.307282 -3.05516</i>
                        <i>1 0 0 0 1 0 0 0 1 0.28742 0.302978 -3.05779</i>
                        <i>1 0 0 0 1 0 0 0 1 0.288408 0.296076 -3.06247</i>
                        <i>1 0 0 0 1 0 0 0 1 0.292547 0.28587 -3.06959</i>
                        <i>1 0 0 0 1 0 0 0 1 0.298833 0.27192 -3.07805</i>
                        <i>1 0 0 0 1 0 0 0 1 0.303559 0.271437 -3.08567</i>
                        <i>1 0 0 0 1 0 0 0 1 0.305127 0.270376 -3.09162</i>
                        <i>1 0 0 0 1 0 0 0 1 0.30285 0.267632 -3.09633</i>
                    </KeyFrames>
                </p>
            </i>
            <i>
                <p>
                    <Name><![CDATA[spine0]]></Name>
                    <Exclude>0</Exclude>
                    <Additive>0</Additive>
                    <IKPriority>0</IKPriority>
                    <IKRotLimits>-1e+010 -1e+010 -1e+010 1e+010 1e+010 1e+010</IKRotLimits>
                    <IKRotLimitOrder>0</IKRotLimitOrder>
                    <KeyFrames count="91">
                        <i>0.00165955 0.999783 -0.0207497 -0.999998 0.00164411 -0.000761469 -0.00072719 0.0207509 0.999784 0.00748132 1.24871 -0.0353939</i>
                        <i>0.00606913 0.994756 -0.102101 -0.999201 0.0100663 0.0386798 0.0395047 0.101785 0.994022 0.00781922 1.28456 -0.076657</i>
                        <i>-0.00625895 0.912799 -0.40836 -0.980521 0.0745684 0.18171 0.196315 0.401543 0.894552 -0.0277016 1.38285 -0.230985</i>
                        <i>-0.0276507 0.744069 -0.66753 -0.939561 0.208632 0.271472 0.341262 0.634692 0.69333 -0.0632079 1.45957 -0.372178</i>
                        <i>-0.0470624 0.505288 -0.861666 -0.881872 0.384117 0.273415 0.469134 0.772747 0.427522 -0.086003 1.52326 -0.515572</i>
                        <i>-0.0794976 0.223017 -0.971567 -0.808645 0.555501 0.193679 0.582901 0.80105 0.136181 -0.120119 1.56747 -0.64161</i>
                        <i>-0.110051 -0.0767812 -0.990956 -0.729093 0.683843 0.0279843 0.675509 0.725578 -0.131238 -0.148406 1.59643 -0.770262</i>
                        <i>-0.135854 -0.36694 -0.920271 -0.648254 0.735361 -0.197513 0.749207 0.569736 -0.337772 -0.170802 1.60606 -0.903139</i>
                        <i>-0.164939 -0.61909 -0.767803 -0.564125 0.697777 -0.441442 0.809048 0.360326 -0.464335 -0.200675 1.60773 -1.02459</i>
                        <i>-0.183576 -0.815921 -0.548246 -0.487846 0.559814 -0.669787 0.853409 0.144503 -0.500812 -0.223666 1.58046 -1.15345</i>
                        <i>-0.194936 -0.939446 -0.281852 -0.414631 0.339356 -0.844345 0.888865 -0.0477289 -0.455677 -0.24529 1.53656 -1.27963</i>
                        <i>-0.20169 -0.979448 -0.00145628 -0.333495 0.0700718 -0.940144 0.920925 -0.189132 -0.340774 -0.269592 1.4851 -1.4151</i>
                        <i>-0.194053 -0.939712 0.281574 -0.274822 -0.223461 -0.935167 0.941709 -0.258854 -0.21489 -0.285816 1.39586 -1.54376</i>
                        <i>-0.183613 -0.821414 0.539967 -0.188589 -0.509667 -0.839449 0.964738 -0.255966 -0.0613284 -0.306605 1.2974 -1.67194</i>
                        <i>-0.169619 -0.638616 0.750599 -0.0985816 -0.74682 -0.657678 0.980567 -0.18555 0.0637193 -0.330248 1.1793 -1.80316</i>
                        <i>-0.143976 -0.406359 0.902299 -0.0113281 -0.911062 -0.412113 0.989516 -0.0695559 0.126568 -0.344597 1.03468 -1.92233</i>
                        <i>-0.121321 -0.143373 0.982204 0.0851715 -0.987368 -0.133606 0.988952 0.0674465 0.132 -0.365637 0.878829 -2.05031</i>
                        <i>-0.0948861 0.128518 0.987157 0.187794 -0.971516 0.144532 0.977614 0.199096 0.0680485 -0.382144 0.703461 -2.17163</i>
                        <i>-0.0746818 0.328251 0.941634 0.26179 -0.904697 0.336138 0.962231 0.271614 -0.0183685 -0.391776 0.613817 -2.27339</i>
                        <i>-0.0654982 0.360263 0.930549 0.25393 -0.895833 0.364696 0.965002 0.260182 -0.0328062 -0.380955 0.775343 -2.32447</i>
                        <i>-0.0581567 0.358768 0.931613 0.22922 -0.903462 0.362236 0.971636 0.234611 -0.0296944 -0.365526 0.969072 -2.36365</i>
                        <i>-0.0508614 0.357233 0.932629 0.204581 -0.910309 0.35984 0.977527 0.2091 -0.0267835 -0.350203 1.14124 -2.40246</i>
                        <i>-0.0436144 0.355653 0.9336 0.180011 -0.916397 0.35751 0.982697 0.183651 -0.0240535 -0.334984 1.29327 -2.44094</i>
                        <i>-0.0364026 0.354048 0.934519 0.155586 -0.921727 0.355262 0.987151 0.158331 -0.0215317 -0.319858 1.42148 -2.47903</i>
                        <i>-0.0292398 0.352399 0.935393 0.131276 -0.926334 0.35309 0.990915 0.133119 -0.0191756 -0.304835 1.5299 -2.51679</i>
                        <i>-0.02212 0.350713 0.936222 0.107106 -0.93023 0.350999 0.994002 0.108039 -0.0169868 -0.289908 1.61758 -2.55421</i>
                        <i>-0.0150345 0.349002 0.937001 0.0831183 -0.933428 0.349004 0.996426 0.083129 -0.0149748 -0.275067 1.68245 -2.59127</i>
                        <i>-0.00799338 0.347245 0.93774 0.0592695 -0.935957 0.34709 0.99821 0.0583538 -0.0130996 -0.260316 1.72876 -2.62806</i>
                        <i>-0.000992097 0.34546 0.938433 0.0356288 -0.937826 0.345274 0.999365 0.0337778 -0.0113779 -0.245657 1.75356 -2.6645</i>
                        <i>0.00596494 0.343648 0.93908 0.0122251 -0.939051 0.34356 0.999907 0.00943099 -0.0098025 -0.231098 1.75702 -2.70058</i>
                        <i>0.0128678 0.341796 0.939686 -0.0109577 -0.939659 0.341936 0.999857 -0.0146967 -0.00834606 -0.21665 1.74237 -2.73633</i>
                        <i>0.019726 0.339925 0.940246 -0.0338585 -0.939662 0.340425 0.999232 -0.0385505 -0.0070264 -0.202304 1.70589 -2.7717</i>
                        <i>0.0265376 0.338024 0.940763 -0.0565022 -0.939083 0.339015 0.99805 -0.0621518 -0.0058219 -0.188057 1.64995 -2.80675</i>
                        <i>0.0333029 0.336088 0.941242 -0.0788982 -0.937941 0.337701 0.996326 -0.0855087 -0.00471941 -0.173907 1.57575 -2.8415</i>
                        <i>0.0400269 0.334136 0.941675 -0.100988 -0.936251 0.336504 0.994082 -0.108567 -0.00373142 -0.15985 1.47999 -2.87589</i>
                        <i>0.046704 0.33215 0.94207 -0.122807 -0.934035 0.335405 0.991331 -0.131358 -0.00283283 -0.14589 1.36633 -2.90999</i>
                        <i>0.0533378 0.330136 0.942425 -0.144339 -0.931308 0.334411 0.98809 -0.153865 -0.00202258 -0.132021 1.23384 -2.94379</i>
                        <i>0.0599326 0.328107 0.942737 -0.165554 -0.928088 0.333533 0.984378 -0.176063 -0.00130336 -0.118239 1.08058 -2.97727</i>
                        <i>0.066486 0.326041 0.943015 -0.186498 -0.92439 0.33275 0.980203 -0.197994 -0.000653028 -0.104541 0.910357 -3.0105</i>
                        <i>0.0729972 0.323956 0.943252 -0.207117 -0.920232 0.332078 0.975589 -0.219604 -7.76982e-005 -0.0909334 0.720589 -3.04342</i>
                        <i>0.0799837 0.303544 0.949454 -0.226789 -0.921984 0.313867 0.970654 -0.24043 -0.00490324 -0.0768146 0.540136 -3.06961</i>
                        <i>0.0878009 0.209918 0.973769 -0.244192 -0.943181 0.225342 0.965744 -0.257572 -0.0315518 -0.0612635 0.454788 -3.07161</i>
                        <i>0.0946136 0.0925388 0.991204 -0.261693 -0.958341 0.11445 0.960502 -0.27022 -0.0664554 -0.0450516 0.382013 -3.06599</i>
                        <i>0.0997098 -0.0224011 0.994764 -0.281026 -0.959678 0.00655754 0.954506 -0.280209 -0.101985 -0.0289891 0.299266 -3.06024</i>
                        <i>0.103741 -0.0964247 0.989919 -0.320183 -0.945545 -0.0585479 0.941658 -0.310882 -0.128965 -0.0119303 0.338571 -3.041</i>
                        <i>0.107432 -0.157053 0.98173 -0.364952 -0.924741 -0.107999 0.924807 -0.346682 -0.156663 0.00627528 0.39823 -3.01617</i>
                        <i>0.109864 -0.216656 0.970046 -0.408611 -0.899515 -0.154626 0.906072 -0.379384 -0.187353 0.0238894 0.43861 -2.99175</i>
                        <i>0.111315 -0.274988 0.954982 -0.451109 -0.870228 -0.198001 0.885499 -0.408761 -0.220919 0.0413229 0.458758 -2.96754</i>
                        <i>0.112296 -0.331778 0.93665 -0.492528 -0.837257 -0.237522 0.863022 -0.434653 -0.25743 0.0593471 0.45651 -2.94311</i>
                        <i>0.111981 -0.384985 0.916104 -0.532624 -0.801543 -0.271735 0.838911 -0.45751 -0.29481 0.076407 0.44183 -2.91985</i>
                        <i>0.111558 -0.411419 0.904594 -0.573258 -0.770195 -0.279597 0.811745 -0.487374 -0.32177 0.0911751 0.475494 -2.90462</i>
                        <i>0.111064 -0.434581 0.893758 -0.612435 -0.738192 -0.282834 0.78268 -0.515956 -0.34814 0.1059 0.49505 -2.89023</i>
                        <i>0.110109 -0.457535 0.882348 -0.649788 -0.704894 -0.28443 0.752099 -0.54202 -0.374916 0.120292 0.495654 -2.87593</i>
                        <i>0.109653 -0.472149 0.874672 -0.686904 -0.672032 -0.276651 0.718428 -0.57048 -0.398012 0.135317 0.500736 -2.86684</i>
                        <i>0.109459 -0.481445 0.869614 -0.723292 -0.638682 -0.262553 0.681812 -0.600247 -0.418135 0.150668 0.503658 -2.86134</i>
                        <i>0.109037 -0.481571 0.869598 -0.75265 -0.611446 -0.244238 0.64933 -0.627872 -0.429125 0.164188 0.510394 -2.85806</i>
                        <i>0.10884 -0.473491 0.874048 -0.772641 -0.593517 -0.225309 0.625444 -0.650803 -0.430436 0.174951 0.511511 -2.85636</i>
                        <i>0.109729 -0.459764 0.881236 -0.785021 -0.5839 -0.206888 0.609673 -0.669087 -0.424995 0.184293 0.504291 -2.85603</i>
                        <i>0.11194 -0.440345 0.890823 -0.790329 -0.582866 -0.188805 0.60237 -0.682909 -0.413263 0.193196 0.486838 -2.85601</i>
                        <i>0.114992 -0.413579 0.903177 -0.789081 -0.590338 -0.16986 0.60343 -0.693148 -0.394231 0.200657 0.461969 -2.85717</i>
                        <i>0.117508 -0.379505 0.917697 -0.78612 -0.600203 -0.147548 0.6068 -0.704082 -0.368866 0.205382 0.438344 -2.86122</i>
                        <i>0.120116 -0.338856 0.933139 -0.781996 -0.611357 -0.121345 0.611599 -0.715136 -0.338418 0.209643 0.409126 -2.86575</i>
                        <i>0.122855 -0.291308 0.948708 -0.776483 -0.623546 -0.0909126 0.618046 -0.725486 -0.302801 0.213817 0.373998 -2.87039</i>
                        <i>0.125453 -0.237628 0.963221 -0.769573 -0.636039 -0.0566799 0.626114 -0.734158 -0.262665 0.217758 0.333531 -2.8756</i>
                        <i>0.127375 -0.175815 0.976148 -0.765183 -0.643612 -0.0160746 0.631087 -0.744884 -0.21651 0.221214 0.299513 -2.88359</i>
                        <i>0.128035 -0.108608 0.985805 -0.770124 -0.637197 0.0298214 0.624913 -0.76301 -0.165225 0.223953 0.286675 -2.89932</i>
                        <i>0.128529 -0.0401139 0.990894 -0.77659 -0.625476 0.0754104 0.616756 -0.779211 -0.111544 0.228094 0.264969 -2.91761</i>
                        <i>0.12861 0.0299471 0.991243 -0.787088 -0.604977 0.120399 0.603284 -0.79568 -0.054235 0.234419 0.242739 -2.93911</i>
                        <i>0.128992 0.0650997 0.989506 -0.806639 -0.573513 0.142885 0.576797 -0.816605 -0.0214669 0.245486 0.261615 -2.95246</i>
                        <i>0.129224 0.0707475 0.989088 -0.830897 -0.536674 0.146943 0.541213 -0.840819 -0.0105672 0.258865 0.300458 -2.95675</i>
                        <i>0.129469 0.0762957 0.988644 -0.853384 -0.499152 0.150277 0.504949 -0.863149 0.000484717 0.272116 0.316813 -2.96101</i>
                        <i>0.129855 0.0817833 0.988154 -0.874122 -0.460972 0.153021 0.468026 -0.883638 0.0116292 0.285435 0.314913 -2.96528</i>
                        <i>0.130281 0.0871776 0.987637 -0.893091 -0.4223 0.155085 0.430599 -0.902254 0.02284 0.298663 0.291818 -2.96952</i>
                        <i>0.130843 0.0827918 0.98794 -0.911444 -0.382027 0.152726 0.390064 -0.920435 0.0254746 0.312788 0.260241 -2.97066</i>
                        <i>0.130629 0.0580081 0.989733 -0.924339 -0.353869 0.142738 0.358516 -0.933494 0.0073937 0.324022 0.255248 -2.96354</i>
                        <i>0.129946 0.0295665 0.99108 -0.93124 -0.33957 0.132231 0.340451 -0.940116 -0.0165924 0.331378 0.250684 -2.9535</i>
                        <i>0.129103 -0.000495567 0.991631 -0.933841 -0.336453 0.121411 0.333577 -0.9417 -0.0439 0.334579 0.243451 -2.94202</i>
                        <i>0.128138 -0.0321357 0.991236 -0.932361 -0.344593 0.109355 0.338059 -0.938202 -0.0741175 0.335123 0.233139 -2.92977</i>
                        <i>0.126903 -0.0644681 0.989818 -0.926894 -0.363052 0.09519 0.353218 -0.929536 -0.105828 0.333364 0.223787 -2.91698</i>
                        <i>0.125585 -0.0907605 0.987923 -0.921938 -0.378466 0.0824274 0.366414 -0.921155 -0.131205 0.329769 0.233623 -2.90635</i>
                        <i>0.124317 -0.107818 0.986367 -0.915554 -0.395673 0.072142 0.382501 -0.912041 -0.147902 0.325677 0.244404 -2.89904</i>
                        <i>0.123201 -0.115876 0.985593 -0.909148 -0.411324 0.0652858 0.397833 -0.904094 -0.156024 0.321418 0.250808 -2.89449</i>
                        <i>0.12231 -0.117419 0.985522 -0.90282 -0.425622 0.061336 0.412258 -0.897251 -0.158066 0.317293 0.252011 -2.89139</i>
                        <i>0.121589 -0.111449 0.986304 -0.897259 -0.437241 0.0612047 0.424432 -0.892412 -0.153163 0.313547 0.248808 -2.89035</i>
                        <i>0.120897 -0.10081 0.987533 -0.895989 -0.439317 0.0648434 0.427303 -0.892658 -0.143437 0.312105 0.24648 -2.89286</i>
                        <i>0.120366 -0.0879 0.988831 -0.898485 -0.433248 0.0708556 0.422181 -0.896978 -0.131125 0.313053 0.242026 -2.89744</i>
                        <i>0.120127 -0.0721261 0.990135 -0.905195 -0.417512 0.0794083 0.407666 -0.905805 -0.115443 0.317314 0.234853 -2.90451</i>
                        <i>0.120205 -0.0536311 0.991299 -0.915648 -0.391814 0.0898333 0.383587 -0.91848 -0.096205 0.32389 0.224489 -2.91296</i>
                        <i>0.120616 -0.035507 0.992064 -0.922355 -0.373503 0.098773 0.367031 -0.926949 -0.0778005 0.328881 0.227473 -2.92065</i>
                        <i>0.121018 -0.0194718 0.992459 -0.923693 -0.368348 0.105406 0.363518 -0.929484 -0.0625626 0.330564 0.229418 -2.9267</i>
                        <i>0.121555 -0.00560114 0.992569 -0.920502 -0.374754 0.110614 0.371349 -0.927108 -0.050709 0.328297 0.229218 -2.93153</i>
                    </KeyFrames>
                </p>
            </i>
            <i>
                <p>
                    <Name><![CDATA[spine1]]></Name>
                    <Exclude>0</Exclude>
                    <Additive>0</Additive>
                    <IKPriority>0</IKPriority>
                    <IKRotLimits>-1e+010 -1e+010 -1e+010 1e+010 1e+010 1e+010</IKRotLimits>
                    <IKRotLimitOrder>0</IKRotLimitOrder>
                    <KeyFrames count="91">
                        <i>-0.0329136 0.999435 -0.00678053 -0.999457 -0.032902 0.00181193 0.00158781 0.00683649 0.999975 0.00781651 1.42 -0.0388935</i>
                        <i>-0.0279169 0.995835 -0.0867926 -0.998738 -0.0241606 0.0440328 0.0417525 0.0879124 0.995253 0.00821694 1.45325 -0.0960597</i>
                        <i>-0.037398 0.920357 -0.389287 -0.979352 0.0436939 0.197386 0.198675 0.38863 0.899719 -0.0328802 1.52937 -0.308702</i>
                        <i>-0.0553322 0.759638 -0.647988 -0.937408 0.183946 0.295687 0.34381 0.62379 0.701912 -0.0756499 1.56794 -0.496729</i>
                        <i>-0.0709484 0.529019 -0.845639 -0.878844 0.367842 0.303851 0.471804 0.764743 0.438827 -0.105118 1.58149 -0.672475</i>
                        <i>-0.0992393 0.253264 -0.962294 -0.804328 0.54894 0.227423 0.585839 0.796569 0.149231 -0.148266 1.56932 -0.813479</i>
                        <i>-0.125727 -0.0429464 -0.991135 -0.723595 0.687434 0.0620023 0.678677 0.724975 -0.117505 -0.184856 1.54086 -0.939429</i>
                        <i>-0.147687 -0.333302 -0.931181 -0.641775 0.74867 -0.166188 0.752538 0.573065 -0.324474 -0.214278 1.49707 -1.05294</i>
                        <i>-0.173008 -0.589505 -0.78902 -0.556579 0.719442 -0.415479 0.812581 0.367271 -0.452575 -0.251566 1.45437 -1.14063</i>
                        <i>-0.188375 -0.793985 -0.578017 -0.479619 0.58797 -0.65135 0.857018 0.15453 -0.491569 -0.279594 1.3943 -1.22465</i>
                        <i>-0.196701 -0.927732 -0.31721 -0.40599 0.37156 -0.834934 0.892458 -0.0354484 -0.449736 -0.304651 1.33193 -1.29892</i>
                        <i>-0.200197 -0.97899 -0.0387138 -0.324609 0.103559 -0.940162 0.924419 -0.175651 -0.338522 -0.33149 1.2775 -1.38173</i>
                        <i>-0.190247 -0.950402 0.246052 -0.266197 -0.191302 -0.944745 0.944958 -0.245233 -0.2166 -0.347082 1.1995 -1.45819</i>
                        <i>-0.176513 -0.842038 0.509721 -0.180335 -0.481422 -0.857737 0.967638 -0.243322 -0.0668714 -0.366947 1.12598 -1.54014</i>
                        <i>-0.159196 -0.666578 0.728238 -0.0908356 -0.724626 -0.683129 0.983059 -0.174901 0.0548086 -0.388868 1.04361 -1.63446</i>
                        <i>-0.13043 -0.438537 0.889198 -0.00450486 -0.896588 -0.442843 0.991447 -0.0617659 0.114967 -0.399089 0.942834 -1.72737</i>
                        <i>-0.104464 -0.176455 0.97875 0.0911521 -0.981691 -0.167257 0.990343 0.0717428 0.118635 -0.416462 0.83571 -1.8421</i>
                        <i>-0.0746585 0.097635 0.992418 0.192778 -0.975009 0.110425 0.978398 0.19956 0.0539709 -0.428408 0.710199 -1.9633</i>
                        <i>-0.052126 0.300553 0.95234 0.266002 -0.915005 0.30333 0.962562 0.269135 -0.0322521 -0.43439 0.657238 -2.07361</i>
                        <i>-0.0431817 0.332689 0.942047 0.257834 -0.907274 0.332227 0.965224 0.257238 -0.046601 -0.421789 0.825107 -2.12676</i>
                        <i>-0.0366066 0.330574 0.94307 0.232897 -0.914894 0.329738 0.971812 0.231709 -0.0434985 -0.404886 1.0191 -2.16578</i>
                        <i>-0.0300855 0.328447 0.944043 0.208031 -0.921731 0.327314 0.977659 0.206238 -0.0405964 -0.388083 1.19152 -2.20443</i>
                        <i>-0.0236204 0.326302 0.94497 0.183235 -0.927808 0.324956 0.982785 0.180827 -0.0378748 -0.371381 1.34379 -2.24276</i>
                        <i>-0.0171956 0.324159 0.945846 0.158584 -0.933127 0.322683 0.987196 0.155545 -0.0353608 -0.354765 1.47222 -2.2807</i>
                        <i>-0.0108253 0.322 0.946678 0.134047 -0.937721 0.320486 0.990916 0.130369 -0.033012 -0.338249 1.58085 -2.31832</i>
                        <i>-0.00450262 0.31983 0.947464 0.109651 -0.941603 0.318372 0.99396 0.105324 -0.0308301 -0.321826 1.66872 -2.35561</i>
                        <i>0.0017828 0.317661 0.948203 0.0854374 -0.944786 0.316355 0.996342 0.080448 -0.0288245 -0.305483 1.73377 -2.39255</i>
                        <i>0.0080197 0.315471 0.948901 0.0613627 -0.947299 0.31442 0.998083 0.0557056 -0.0269552 -0.289228 1.78024 -2.42921</i>
                        <i>0.0142152 0.313279 0.949555 0.0374961 -0.94915 0.312584 0.999196 0.0311612 -0.0252391 -0.273062 1.80518 -2.46554</i>
                        <i>0.0203661 0.311085 0.950164 0.0138668 -0.950357 0.310852 0.999696 0.00684489 -0.0236688 -0.256994 1.80878 -2.50151</i>
                        <i>0.0264622 0.308877 0.950734 -0.00954088 -0.950946 0.309211 0.999604 -0.0172532 -0.0222172 -0.241037 1.79425 -2.53716</i>
                        <i>0.0325154 0.306673 0.951259 -0.0326664 -0.950928 0.307683 0.998937 -0.0410786 -0.0209019 -0.225183 1.75787 -2.57244</i>
                        <i>0.0385231 0.304464 0.951745 -0.0555342 -0.950327 0.306258 0.997713 -0.0646525 -0.0197014 -0.209427 1.70201 -2.6074</i>
                        <i>0.0444856 0.302241 0.952193 -0.0781541 -0.949162 0.304931 0.995948 -0.0879828 -0.0186026 -0.193768 1.62789 -2.64207</i>
                        <i>0.05041 0.300027 0.952598 -0.100468 -0.947449 0.303722 0.993662 -0.111016 -0.017618 -0.178203 1.53219 -2.67639</i>
                        <i>0.05629 0.2978 0.952967 -0.122509 -0.945208 0.302612 0.99087 -0.133781 -0.0167224 -0.162736 1.41857 -2.71042</i>
                        <i>0.0621297 0.295567 0.953299 -0.144263 -0.942455 0.301607 0.987587 -0.156265 -0.0159148 -0.147361 1.28611 -2.74416</i>
                        <i>0.0679347 0.29334 0.953591 -0.165701 -0.939207 0.30072 0.983833 -0.178441 -0.015198 -0.132074 1.13287 -2.77758</i>
                        <i>0.0737013 0.291097 0.953851 -0.186867 -0.93548 0.299929 0.979617 -0.200348 -0.0145497 -0.116871 0.962646 -2.81077</i>
                        <i>0.0794308 0.288854 0.954072 -0.207707 -0.931293 0.29925 0.974961 -0.221938 -0.0139762 -0.101761 0.772864 -2.84365</i>
                        <i>0.0856635 0.268105 0.959574 -0.227619 -0.932377 0.280826 0.969975 -0.242473 -0.018845 -0.0860491 0.588886 -2.86841</i>
                        <i>0.0928051 0.173572 0.980439 -0.245291 -0.950355 0.191464 0.964997 -0.258261 -0.0456222 -0.0687615 0.485938 -2.86453</i>
                        <i>0.098935 0.0555736 0.993541 -0.263027 -0.961468 0.0799713 0.959702 -0.26924 -0.0805055 -0.0510001 0.390841 -2.85404</i>
                        <i>0.103276 -0.0594723 0.992873 -0.282536 -0.958847 -0.0280457 0.953681 -0.277626 -0.115828 -0.0336914 0.286087 -2.84609</i>
                        <i>0.105771 -0.133385 0.985404 -0.321832 -0.942219 -0.0929945 0.94087 -0.307299 -0.142587 -0.0153103 0.311579 -2.82679</i>
                        <i>0.107676 -0.193752 0.975123 -0.366733 -0.919397 -0.142184 0.924074 -0.3423 -0.170053 0.00427156 0.360064 -2.80262</i>
                        <i>0.108336 -0.2529 0.961408 -0.410485 -0.892185 -0.188436 0.905409 -0.374229 -0.200467 0.0230473 0.389375 -2.77952</i>
                        <i>0.108029 -0.31059 0.944385 -0.453046 -0.860952 -0.231326 0.884917 -0.40286 -0.233719 0.0414798 0.398604 -2.75723</i>
                        <i>0.107264 -0.366563 0.924189 -0.494515 -0.826085 -0.270257 0.862525 -0.428037 -0.26988 0.0604412 0.385639 -2.73534</i>
                        <i>0.105226 -0.418818 0.901953 -0.534622 -0.788594 -0.303808 0.838515 -0.450235 -0.306889 0.0782098 0.360856 -2.71507</i>
                        <i>0.103019 -0.444567 0.889802 -0.575267 -0.756406 -0.311317 0.811453 -0.479802 -0.333669 0.0937294 0.389759 -2.70148</i>
                        <i>0.100765 -0.467008 0.878493 -0.614457 -0.723674 -0.314226 0.782489 -0.508133 -0.359877 0.109218 0.405156 -2.68864</i>
                        <i>0.0980922 -0.489159 0.866661 -0.651811 -0.68965 -0.315477 0.752011 -0.533953 -0.386489 0.124301 0.401583 -2.67602</i>
                        <i>0.0958826 -0.503025 0.858937 -0.688952 -0.656355 -0.307479 0.718437 -0.562284 -0.409493 0.140171 0.404149 -2.66802</i>
                        <i>0.0939188 -0.511579 0.854088 -0.725379 -0.622759 -0.293252 0.681912 -0.591996 -0.429577 0.15647 0.405605 -2.66321</i>
                        <i>0.0920281 -0.511149 0.854551 -0.754765 -0.595586 -0.274968 0.649508 -0.61968 -0.440608 0.17076 0.412651 -2.65986</i>
                        <i>0.0908065 -0.502775 0.859634 -0.774781 -0.57799 -0.256207 0.625674 -0.642763 -0.442026 0.1821 0.415643 -2.65741</i>
                        <i>0.0910464 -0.488982 0.867529 -0.787214 -0.568887 -0.238035 0.609922 -0.661259 -0.436729 0.192014 0.411359 -2.65594</i>
                        <i>0.0929706 -0.469733 0.877899 -0.792609 -0.568551 -0.220274 0.6026 -0.675352 -0.425173 0.201526 0.39792 -2.65443</i>
                        <i>0.0960782 -0.443388 0.891166 -0.791465 -0.576964 -0.201731 0.603615 -0.685945 -0.40636 0.209547 0.378479 -2.65371</i>
                        <i>0.0987424 -0.409832 0.906801 -0.788587 -0.588022 -0.179888 0.606943 -0.697329 -0.381251 0.21467 0.361725 -2.65562</i>
                        <i>0.101558 -0.36975 0.923564 -0.784547 -0.600595 -0.154178 0.611696 -0.708922 -0.351082 0.219311 0.340661 -2.65795</i>
                        <i>0.104575 -0.322802 0.940672 -0.77912 -0.614441 -0.124237 0.618091 -0.719904 -0.315757 0.223847 0.315013 -2.66051</i>
                        <i>0.107524 -0.269712 0.956919 -0.772289 -0.628799 -0.0904523 0.626106 -0.729292 -0.275906 0.228082 0.285182 -2.66395</i>
                        <i>0.109665 -0.208353 0.971886 -0.767959 -0.638526 -0.0502328 0.631041 -0.74086 -0.230031 0.231779 0.263374 -2.67064</i>
                        <i>0.110068 -0.141225 0.98384 -0.772931 -0.634473 -0.00460325 0.62487 -0.759934 -0.178992 0.234804 0.263829 -2.68585</i>
                        <i>0.110223 -0.0726002 0.991252 -0.779426 -0.625159 0.0408819 0.616722 -0.777113 -0.125494 0.239247 0.255586 -2.70454</i>
                        <i>0.109754 -0.00210975 0.993957 -0.789945 -0.607126 0.0859377 0.603275 -0.794603 -0.0683008 0.245928 0.247062 -2.72743</i>
                        <i>0.10909 0.0338133 0.993457 -0.809546 -0.576936 0.108531 0.576831 -0.816089 -0.0355644 0.257731 0.272903 -2.74192</i>
                        <i>0.107985 0.0403918 0.993332 -0.833864 -0.540359 0.112622 0.541305 -0.840465 -0.0246694 0.27203 0.313034 -2.74653</i>
                        <i>0.106946 0.0469206 0.993157 -0.856413 -0.503093 0.115989 0.505093 -0.862957 -0.0136203 0.286203 0.330615 -2.75112</i>
                        <i>0.106098 0.0534375 0.992919 -0.877221 -0.465164 0.11877 0.468217 -0.88361 -0.0024765 0.300471 0.329889 -2.75572</i>
                        <i>0.105345 0.0599043 0.99263 -0.896262 -0.426737 0.120871 0.430832 -0.90239 0.00873559 0.314651 0.307909 -2.76029</i>
                        <i>0.104705 0.0566592 0.992888 -0.914699 -0.386369 0.118508 0.390336 -0.920602 0.0113712 0.329813 0.275538 -2.76142</i>
                        <i>0.103604 0.0326833 0.994081 -0.927638 -0.357395 0.10843 0.358824 -0.933381 -0.00670949 0.341716 0.265799 -2.75352</i>
                        <i>0.102431 0.00466306 0.994729 -0.934544 -0.342134 0.0978378 0.340786 -0.93964 -0.0306874 0.349343 0.255762 -2.74267</i>
                        <i>0.101403 -0.0252925 0.994524 -0.937127 -0.337981 0.0869554 0.333931 -0.940813 -0.0579746 0.352535 0.242727 -2.73048</i>
                        <i>0.100552 -0.0571431 0.993289 -0.935607 -0.345015 0.0748643 0.338422 -0.936856 -0.0881554 0.352794 0.226293 -2.71762</i>
                        <i>0.0997194 -0.0899698 0.99094 -0.930072 -0.362328 0.0606976 0.353585 -0.927698 -0.11981 0.35046 0.210662 -2.70438</i>
                        <i>0.0987579 -0.116659 0.98825 -0.925049 -0.376809 0.0479611 0.366786 -0.918916 -0.145128 0.346317 0.21537 -2.69353</i>
                        <i>0.0979363 -0.134172 0.986107 -0.918595 -0.393398 0.0377046 0.382874 -0.909525 -0.161778 0.341618 0.222806 -2.68612</i>
                        <i>0.0972568 -0.142655 0.984983 -0.912126 -0.408747 0.0308643 0.398205 -0.90143 -0.169872 0.336797 0.227615 -2.6815</i>
                        <i>0.096787 -0.144595 0.984746 -0.905744 -0.42297 0.0269155 0.412626 -0.894533 -0.171904 0.332172 0.228494 -2.67835</i>
                        <i>0.0964285 -0.138963 0.985592 -0.900139 -0.43478 0.0267663 0.424796 -0.88975 -0.167011 0.328008 0.226437 -2.67726</i>
