<?xml version="1.0" encoding="ISO-8859-1" ?>
<Animl Version="1">
    <ModellingPackage>
        <![CDATA[Maya.2010]]>
</ModellingPackage>
    <SrcFile>
        <![CDATA[anims\characters\shared\base_soldier\~src\infantry\explosion_land.mb]]>
</SrcFile>
    <FramesPerSecond>30</FramesPerSecond>
    <TotalFrames>61</TotalFrames>
    <Skeleton>
        <RefFrame>
            <Name>
                <![CDATA[soldier_ref_frame]]>
</Name>
            <Exclude>0</Exclude>
            <Additive>0</Additive>
            <IKPriority>0</IKPriority>
            <IKRotLimits>-1e+010 -1e+010 -1e+010 1e+010 1e+010 1e+010</IKRotLimits>
            <IKRotLimitOrder>0</IKRotLimitOrder>
            <KeyFrames count="61">
                <i>1 0 0 0 1 0 0 0 1 -0.158554 0 -0.131768</i>
                <i>1 0 0 0 1 0 0 0 1 -0.303494 0 -0.120504</i>
                <i>1 0 0 0 1 0 0 0 1 -0.448457 0 -0.107595</i>
                <i>1 0 0 0 1 0 0 0 1 -0.588299 0 -0.0985769</i>
                <i>1 0 0 0 1 0 0 0 1 -0.726116 0 -0.0928045</i>
                <i>1 0 0 0 1 0 0 0 1 -0.859705 0 -0.0885313</i>
                <i>1 0 0 0 1 0 0 0 1 -0.976438 0 -0.0892076</i>
                <i>1 0 0 0 1 0 0 0 1 -1.06439 0 -0.101577</i>
                <i>1 0 0 0 1 0 0 0 1 -1.13681 0 -0.125076</i>
                <i>1 0 0 0 1 0 0 0 1 -1.21799 0 -0.153554</i>
                <i>1 0 0 0 1 0 0 0 1 -1.31553 0 -0.189243</i>
                <i>1 0 0 0 1 0 0 0 1 -1.41936 0 -0.233111</i>
                <i>1 0 0 0 1 0 0 0 1 -1.52634 0 -0.276948</i>
                <i>1 0 0 0 1 0 0 0 1 -1.64329 0 -0.318508</i>
                <i>1 0 0 0 1 0 0 0 1 -1.76399 0 -0.360413</i>
                <i>1 0 0 0 1 0 0 0 1 -1.86486 0 -0.401831</i>
                <i>1 0 0 0 1 0 0 0 1 -1.92146 0 -0.440378</i>
                <i>1 0 0 0 1 0 0 0 1 -1.95714 0 -0.475362</i>
                <i>1 0 0 0 1 0 0 0 1 -2.01692 0 -0.509931</i>
                <i>1 0 0 0 1 0 0 0 1 -2.12007 0 -0.545981</i>
                <i>1 0 0 0 1 0 0 0 1 -2.24437 0 -0.581588</i>
                <i>1 0 0 0 1 0 0 0 1 -2.36992 0 -0.616071</i>
                <i>1 0 0 0 1 0 0 0 1 -2.49194 0 -0.649717</i>
                <i>1 0 0 0 1 0 0 0 1 -2.61702 0 -0.682989</i>
                <i>1 0 0 0 1 0 0 0 1 -2.74363 0 -0.716298</i>
                <i>1 0 0 0 1 0 0 0 1 -2.86994 0 -0.750423</i>
                <i>1 0 0 0 1 0 0 0 1 -2.99375 0 -0.784712</i>
                <i>1 0 0 0 1 0 0 0 1 -3.11303 0 -0.817629</i>
                <i>1 0 0 0 1 0 0 0 1 -3.22424 0 -0.848563</i>
                <i>1 0 0 0 1 0 0 0 1 -3.32577 0 -0.878956</i>
                <i>1 0 0 0 1 0 0 0 1 -3.41799 0 -0.910309</i>
                <i>1 0 0 0 1 0 0 0 1 -3.49097 0 -0.943955</i>
                <i>1 0 0 0 1 0 0 0 1 -3.54173 0 -0.979935</i>
                <i>1 0 0 0 1 0 0 0 1 -3.58168 0 -1.01522</i>
                <i>1 0 0 0 1 0 0 0 1 -3.61727 0 -1.04836</i>
                <i>1 0 0 0 1 0 0 0 1 -3.65212 0 -1.08064</i>
                <i>1 0 0 0 1 0 0 0 1 -3.69297 0 -1.11091</i>
                <i>1 0 0 0 1 0 0 0 1 -3.73734 0 -1.13914</i>
                <i>1 0 0 0 1 0 0 0 1 -3.77944 0 -1.1659</i>
                <i>1 0 0 0 1 0 0 0 1 -3.82027 0 -1.1905</i>
                <i>1 0 0 0 1 0 0 0 1 -3.86023 0 -1.21171</i>
                <i>1 0 0 0 1 0 0 0 1 -3.90112 0 -1.23626</i>
                <i>1 0 0 0 1 0 0 0 1 -3.94262 0 -1.25718</i>
                <i>1 0 0 0 1 0 0 0 1 -3.98326 0 -1.26757</i>
                <i>1 0 0 0 1 0 0 0 1 -4.02462 0 -1.27361</i>
                <i>1 0 0 0 1 0 0 0 1 -4.06547 0 -1.2764</i>
                <i>1 0 0 0 1 0 0 0 1 -4.10461 0 -1.27702</i>
                <i>1 0 0 0 1 0 0 0 1 -4.14082 0 -1.27657</i>
                <i>1 0 0 0 1 0 0 0 1 -4.17351 0 -1.27644</i>
                <i>1 0 0 0 1 0 0 0 1 -4.2027 0 -1.2771</i>
                <i>1 0 0 0 1 0 0 0 1 -4.22783 0 -1.2782</i>
                <i>1 0 0 0 1 0 0 0 1 -4.24834 0 -1.27939</i>
                <i>1 0 0 0 1 0 0 0 1 -4.26365 0 -1.28036</i>
                <i>1 0 0 0 1 0 0 0 1 -4.2732 0 -1.28074</i>
                <i>1 0 0 0 1 0 0 0 1 -4.27647 0 -1.28055</i>
                <i>1 0 0 0 1 0 0 0 1 -4.27643 0 -1.28009</i>
                <i>1 0 0 0 1 0 0 0 1 -4.27636 0 -1.27943</i>
                <i>1 0 0 0 1 0 0 0 1 -4.27628 0 -1.27865</i>
                <i>1 0 0 0 1 0 0 0 1 -4.2762 0 -1.27781</i>
                <i>1 0 0 0 1 0 0 0 1 -4.27611 0 -1.277</i>
                <i>1 0 0 0 1 0 0 0 1 -4.27604 0 -1.27629</i>
            </KeyFrames>
        </RefFrame>
        <Bones count="23">
            <i>
                <p>
                    <Name>
                        <![CDATA[pelvis]]>
</Name>
                    <Exclude>0</Exclude>
                    <Additive>0</Additive>
                    <IKPriority>0</IKPriority>
                    <IKRotLimits>-1e+010 -1e+010 -1e+010 1e+010 1e+010 1e+010</IKRotLimits>
                    <IKRotLimitOrder>2</IKRotLimitOrder>
                    <KeyFrames count="61">
                        <i>1 0 0 0 1 0 0 0 1 -0.158554 1.09564 -0.131768</i>
                        <i>1 0 0 0 1 0 0 0 1 -0.303494 1.08811 -0.120504</i>
                        <i>1 0 0 0 1 0 0 0 1 -0.448457 1.09644 -0.107595</i>
                        <i>1 0 0 0 1 0 0 0 1 -0.588299 1.09214 -0.0985769</i>
                        <i>1 0 0 0 1 0 0 0 1 -0.726116 1.06408 -0.0928045</i>
                        <i>1 0 0 0 1 0 0 0 1 -0.859705 1.02528 -0.0885313</i>
                        <i>1 0 0 0 1 0 0 0 1 -0.976438 0.982987 -0.0892076</i>
                        <i>1 0 0 0 1 0 0 0 1 -1.06439 0.938219 -0.101577</i>
                        <i>1 0 0 0 1 0 0 0 1 -1.13681 0.887008 -0.125076</i>
                        <i>1 0 0 0 1 0 0 0 1 -1.21799 0.828389 -0.153554</i>
                        <i>1 0 0 0 1 0 0 0 1 -1.31553 0.764282 -0.189243</i>
                        <i>1 0 0 0 1 0 0 0 1 -1.41936 0.698279 -0.233111</i>
                        <i>1 0 0 0 1 0 0 0 1 -1.52634 0.629858 -0.276948</i>
                        <i>1 0 0 0 1 0 0 0 1 -1.64329 0.526627 -0.318508</i>
                        <i>1 0 0 0 1 0 0 0 1 -1.76399 0.419691 -0.360413</i>
                        <i>1 0 0 0 1 0 0 0 1 -1.86486 0.402014 -0.401831</i>
                        <i>1 0 0 0 1 0 0 0 1 -1.92146 0.513527 -0.440378</i>
                        <i>1 0 0 0 1 0 0 0 1 -1.95714 0.680084 -0.475362</i>
                        <i>1 0 0 0 1 0 0 0 1 -2.01692 0.835456 -0.509931</i>
                        <i>1 0 0 0 1 0 0 0 1 -2.12007 0.979615 -0.545981</i>
                        <i>1 0 0 0 1 0 0 0 1 -2.24437 1.11066 -0.581588</i>
                        <i>1 0 0 0 1 0 0 0 1 -2.36992 1.15779 -0.616071</i>
                        <i>1 0 0 0 1 0 0 0 1 -2.49194 1.11655 -0.649717</i>
                        <i>1 0 0 0 1 0 0 0 1 -2.61702 1.0395 -0.682989</i>
                        <i>1 0 0 0 1 0 0 0 1 -2.74363 0.93434 -0.716298</i>
                        <i>1 0 0 0 1 0 0 0 1 -2.86994 0.808361 -0.750423</i>
                        <i>1 0 0 0 1 0 0 0 1 -2.99375 0.668727 -0.784712</i>
                        <i>1 0 0 0 1 0 0 0 1 -3.11303 0.523157 -0.817629</i>
                        <i>1 0 0 0 1 0 0 0 1 -3.22424 0.379875 -0.848563</i>
                        <i>1 0 0 0 1 0 0 0 1 -3.32577 0.246609 -0.878956</i>
                        <i>1 0 0 0 1 0 0 0 1 -3.41799 0.129357 -0.910309</i>
                        <i>1 0 0 0 1 0 0 0 1 -3.49097 0.206685 -0.943955</i>
                        <i>1 0 0 0 1 0 0 0 1 -3.54173 0.294334 -0.979935</i>
                        <i>1 0 0 0 1 0 0 0 1 -3.58168 0.381554 -1.01522</i>
                        <i>1 0 0 0 1 0 0 0 1 -3.61727 0.459466 -1.04836</i>
                        <i>1 0 0 0 1 0 0 0 1 -3.65212 0.517178 -1.08064</i>
                        <i>1 0 0 0 1 0 0 0 1 -3.69297 0.540999 -1.11091</i>
                        <i>1 0 0 0 1 0 0 0 1 -3.73734 0.520616 -1.13914</i>
                        <i>1 0 0 0 1 0 0 0 1 -3.77944 0.464802 -1.1659</i>
                        <i>1 0 0 0 1 0 0 0 1 -3.82027 0.384632 -1.1905</i>
                        <i>1 0 0 0 1 0 0 0 1 -3.86023 0.290863 -1.21171</i>
                        <i>1 0 0 0 1 0 0 0 1 -3.90112 0.171594 -1.23626</i>
                        <i>1 0 0 0 1 0 0 0 1 -3.94262 0.0637564 -1.25718</i>
                        <i>1 0 0 0 1 0 0 0 1 -3.98326 0.0680778 -1.26757</i>
                        <i>1 0 0 0 1 0 0 0 1 -4.02462 0.0794141 -1.27361</i>
                        <i>1 0 0 0 1 0 0 0 1 -4.06547 0.0935424 -1.2764</i>
                        <i>1 0 0 0 1 0 0 0 1 -4.10461 0.10624 -1.27702</i>
                        <i>1 0 0 0 1 0 0 0 1 -4.14082 0.113285 -1.27657</i>
                        <i>1 0 0 0 1 0 0 0 1 -4.17351 0.113845 -1.27644</i>
                        <i>1 0 0 0 1 0 0 0 1 -4.2027 0.110915 -1.2771</i>
                        <i>1 0 0 0 1 0 0 0 1 -4.22783 0.106015 -1.2782</i>
                        <i>1 0 0 0 1 0 0 0 1 -4.24834 0.100662 -1.27939</i>
                        <i>1 0 0 0 1 0 0 0 1 -4.26365 0.0963745 -1.28036</i>
                        <i>1 0 0 0 1 0 0 0 1 -4.2732 0.0946715 -1.28074</i>
                        <i>1 0 0 0 1 0 0 0 1 -4.27647 0.0954936 -1.28055</i>
                        <i>1 0 0 0 1 0 0 0 1 -4.27643 0.0975463 -1.28009</i>
                        <i>1 0 0 0 1 0 0 0 1 -4.27636 0.100494 -1.27943</i>
                        <i>1 0 0 0 1 0 0 0 1 -4.27628 0.104001 -1.27865</i>
                        <i>1 0 0 0 1 0 0 0 1 -4.2762 0.107731 -1.27781</i>
                        <i>1 0 0 0 1 0 0 0 1 -4.27611 0.11135 -1.277</i>
                        <i>1 0 0 0 1 0 0 0 1 -4.27604 0.114521 -1.27629</i>
                    </KeyFrames>
                </p>
            </i>
            <i>
                <p>
                    <Name>
                        <![CDATA[spine0]]>
</Name>
                    <Exclude>0</Exclude>
                    <Additive>0</Additive>
                    <IKPriority>0</IKPriority>
                    <IKRotLimits>-1e+010 -1e+010 -1e+010 1e+010 1e+010 1e+010</IKRotLimits>
                    <IKRotLimitOrder>0</IKRotLimitOrder>
                    <KeyFrames count="61">
                        <i>-0.0413231 0.990029 0.134664 -0.532267 -0.135875 0.835602 0.845568 -0.0371474 0.532574 -0.209283 1.22994 -0.141102</i>
                        <i>-0.190476 0.976471 0.101107 -0.574922 -0.19444 0.794769 0.795729 0.0932558 0.598431 -0.373932 1.21219 -0.138915</i>
                        <i>-0.380635 0.919677 0.096495 -0.627101 -0.333407 0.703978 0.679604 0.207446 0.703637 -0.536678 1.2029 -0.147325</i>
                        <i>-0.539166 0.836539 0.0974839 -0.647308 -0.485662 0.587474 0.538789 0.253644 0.80335 -0.684168 1.17984 -0.160346</i>
                        <i>-0.659977 0.744032 0.104146 -0.636437 -0.627352 0.448751 0.399222 0.229883 0.887567 -0.824457 1.14017 -0.165153</i>
                        <i>-0.759743 0.638441 0.123225 -0.586891 -0.754897 0.292728 0.279912 0.150078 0.948223 -0.962779 1.09462 -0.161082</i>
                        <i>-0.841586 0.519796 0.146782 -0.502948 -0.853246 0.13789 0.196916 0.0422224 0.979511 -1.08529 1.04488 -0.160036</i>
                        <i>-0.90378 0.392415 0.170857 -0.397463 -0.917604 0.00504663 0.15876 -0.0633484 0.985283 -1.18 0.99018 -0.169613</i>
                        <i>-0.946784 0.259877 0.189907 -0.27985 -0.956111 -0.0868128 0.159011 -0.135338 0.977957 -1.25911 0.925131 -0.190539</i>
                        <i>-0.971405 0.130471 0.198367 -0.156781 -0.979913 -0.123245 0.178303 -0.150821 0.972348 -1.34513 0.847998 -0.217967</i>
                        <i>-0.984831 -0.0124183 0.17307 -0.0120393 -0.990141 -0.139554 0.173096 -0.139521 0.974973 -1.44244 0.761738 -0.256953</i>
                        <i>-0.979729 -0.160074 0.120444 0.138656 -0.975812 -0.169015 0.144586 -0.148889 0.978227 -1.5405 0.675659 -0.30734</i>
                        <i>-0.961302 -0.264963 0.0754566 0.246656 -0.949754 -0.192685 0.12272 -0.166617 0.978355 -1.64072 0.593638 -0.356332</i>
                        <i>-0.949741 -0.30898 0.0502237 0.292239 -0.932662 -0.211515 0.112196 -0.186207 0.976084 -1.75386 0.484436 -0.400304</i>
                        <i>-0.942675 -0.331968 0.0340658 0.316154 -0.921089 -0.227249 0.106817 -0.203452 0.973241 -1.87346 0.376591 -0.443213</i>
                        <i>-0.947122 -0.320855 -0.00336686 0.312728 -0.920681 -0.233556 0.0718379 -0.222259 0.972337 -1.97493 0.359561 -0.484165</i>
                        <i>-0.961444 -0.268252 -0.0605551 0.274678 -0.947428 -0.164111 -0.0133484 -0.174417 0.984581 -2.03107 0.470603 -0.523079</i>
                        <i>-0.96136 -0.247953 -0.119606 0.250699 -0.96803 -0.00823863 -0.113739 -0.0379054 0.992787 -2.06578 0.633852 -0.557557</i>
                        <i>-0.934716 -0.333647 -0.122418 0.316675 -0.938258 0.139246 -0.161319 0.0913883 0.982662 -2.12645 0.782977 -0.587028</i>
                        <i>-0.876932 -0.476818 -0.0602833 0.455751 -0.864821 0.210655 -0.152578 0.157256 0.9757 -2.23098 0.917036 -0.612911</i>
                        <i>-0.783206 -0.620528 0.0391691 0.611162 -0.756739 0.232007 -0.114326 0.205648 0.971925 -2.3546 1.03513 -0.634876</i>
                        <i>-0.683072 -0.715558 0.146253 0.727586 -0.649294 0.221441 -0.0634927 0.257672 0.964144 -2.47695 1.06978 -0.654743</i>
                        <i>-0.602358 -0.748924 0.276183 0.798173 -0.569106 0.197581 0.00920398 0.339457 0.940577 -2.59336 1.01728 -0.673298</i>
                        <i>-0.506899 -0.752598 0.420296 0.858084 -0.487001 0.162852 0.0821224 0.4432 0.892653 -2.70953 0.929588 -0.690536</i>
                        <i>-0.386426 -0.75434 0.530703 0.914717 -0.387172 0.115716 0.118184 0.530159 0.839621 -2.82504 0.815985 -0.708505</i>
                        <i>-0.259697 -0.740556 0.619785 0.956834 -0.284047 0.0615275 0.130484 0.60901 0.782356 -2.93896 0.683844 -0.729735</i>
                        <i>-0.147111 -0.710164 0.688495 0.980533 -0.196224 0.00711114 0.130049 0.676138 0.725207 -3.0493 0.540063 -0.75221</i>
                        <i>-0.0266974 -0.641823 0.766388 0.99149 -0.114718 -0.0615335 0.127412 0.758224 0.639424 -3.15454 0.393324 -0.77162</i>
                        <i>0.135389 -0.498585 0.856202 0.986024 -0.0168783 -0.165746 0.0970898 0.866676 0.489332 -3.24914 0.252659 -0.786172</i>
                        <i>0.254547 -0.387383 0.886081 0.964996 0.0419064 -0.258895 0.0631593 0.920966 0.38449 -3.33264 0.126523 -0.800036</i>
                        <i>0.281227 -0.339619 0.897536 0.956326 0.0215038 -0.291511 0.0797024 0.940317 0.330834 -3.41027 0.0196098 -0.817615</i>
                        <i>0.299354 -0.260386 0.917925 0.947826 -0.0293595 -0.317434 0.109605 0.965058 0.238012 -3.46942 0.108475 -0.841064</i>
                        <i>0.346083 -0.211114 0.914143 0.929424 -0.0558375 -0.364764 0.12805 0.975865 0.17689 -3.50955 0.19539 -0.880585</i>
                        <i>0.360438 -0.215479 0.907553 0.921902 -0.0658876 -0.38178 0.142062 0.974283 0.174902 -3.5499 0.270937 -0.928907</i>
                        <i>0.361103 -0.23731 0.901825 0.923577 -0.0426462 -0.381034 0.128883 0.970497 0.203775 -3.58391 0.347861 -0.963931</i>
                        <i>0.384524 -0.18172 0.905052 0.920122 -0.00343553 -0.391616 0.0742737 0.983344 0.165883 -3.60949 0.41935 -0.984164</i>
                        <i>0.419592 -0.135073 0.897607 0.907238 0.0304296 -0.419515 0.0293513 0.990368 0.135311 -3.64306 0.459376 -1.00347</i>
                        <i>0.44689 -0.0827593 0.890753 0.894555 0.050004 -0.444152 -0.00778347 0.995314 0.0963791 -3.68212 0.455616 -1.02329</i>
                        <i>0.441282 0.0142477 0.897255 0.895131 0.0635703 -0.441247 -0.0633256 0.997876 0.0152988 -3.72003 0.417656 -1.04366</i>
                        <i>0.426349 0.110396 0.897797 0.897682 0.0705114 -0.434965 -0.111323 0.991383 -0.069038 -3.75912 0.351301 -1.06462</i>
                        <i>0.411086 0.16817 0.89595 0.901221 0.0728883 -0.427185 -0.137144 0.98306 -0.121595 -3.79881 0.261414 -1.085</i>
                        <i>0.391884 0.25941 0.882685 0.902557 0.0776155 -0.423517 -0.178374 0.962643 -0.203716 -3.8397 0.142145 -1.10954</i>
                        <i>0.387001 0.320944 0.864422 0.898246 0.0805449 -0.432049 -0.208288 0.943667 -0.257116 -3.8812 0.0343074 -1.13046</i>
                        <i>0.408138 0.295607 0.863736 0.890768 0.0782095 -0.447678 -0.199889 0.952103 -0.231397 -3.92184 0.0386288 -1.14085</i>
                        <i>0.429893 0.248172 0.868103 0.88467 0.0763484 -0.459923 -0.180418 0.965703 -0.186729 -3.9632 0.0499651 -1.14689</i>
                        <i>0.441868 0.197713 0.875022 0.883068 0.0758652 -0.463073 -0.157939 0.97732 -0.141072 -4.00405 0.0640934 -1.14968</i>
                        <i>0.445608 0.159682 0.880872 0.884099 0.0761758 -0.46105 -0.140722 0.984225 -0.10723 -4.04319 0.0767912 -1.15031</i>
                        <i>0.448166 0.141933 0.882611 0.884051 0.0761613 -0.461144 -0.132673 0.986942 -0.0913434 -4.07941 0.0838359 -1.14985</i>
                        <i>0.451188 0.14101 0.881218 0.882589 0.0757215 -0.464007 -0.132157 0.987108 -0.0902895 -4.11209 0.0843956 -1.14973</i>
                        <i>0.453652 0.149714 0.878513 0.880734 0.075166 -0.467608 -0.136042 0.985868 -0.0977591 -4.14129 0.0814661 -1.15038</i>
                        <i>0.454169 0.16375 0.875737 0.879451 0.0747836 -0.470079 -0.142466 0.983663 -0.110046 -4.16642 0.0765657 -1.15148</i>
                        <i>0.451954 0.178414 0.874017 0.879443 0.0749698 -0.470063 -0.149391 0.981095 -0.123022 -4.18692 0.0712127 -1.15268</i>
                        <i>0.448126 0.190251 0.873492 0.880387 0.0757628 -0.468165 -0.155247 0.978808 -0.133543 -4.20223 0.0669255 -1.15364</i>
                        <i>0.444619 0.196792 0.873835 0.881525 0.0768572 -0.465841 -0.158834 0.977428 -0.139305 -4.21179 0.0652224 -1.15402</i>
                        <i>0.441664 0.198194 0.875015 0.882763 0.0781453 -0.463274 -0.160197 0.977043 -0.140444 -4.21506 0.0660446 -1.15384</i>
                        <i>0.439007 0.197267 0.876561 0.884018 0.0795218 -0.460638 -0.160575 0.977119 -0.139477 -4.21501 0.0680972 -1.15338</i>
                        <i>0.436709 0.194713 0.878278 0.885218 0.0808834 -0.458091 -0.160235 0.97752 -0.137041 -4.21494 0.0710447 -1.15272</i>
                        <i>0.434811 0.191205 0.879989 0.886298 0.08213 -0.455774 -0.15942 0.978108 -0.133754 -4.21487 0.0745514 -1.15193</i>
                        <i>0.433332 0.187387 0.881538 0.887214 0.0831657 -0.4538 -0.15835 0.978759 -0.130214 -4.21478 0.078282 -1.1511</i>
                        <i>0.432265 0.183871 0.882802 0.887935 0.0838997 -0.452253 -0.157223 0.979363 -0.126999 -4.2147 0.0819007 -1.15028</i>
                        <i>0.431571 0.18125 0.883682 0.888448 0.0842466 -0.451178 -0.156223 0.979822 -0.124673 -4.21463 0.0850719 -1.14957</i>
                    </KeyFrames>
                </p>
            </i>
            <i>
                <p>
                    <Name>
                        <![CDATA[spine1]]>
</Name>
                    <Exclude>0</Exclude>
                    <Additive>0</Additive>
                    <IKPriority>0</IKPriority>
                    <IKRotLimits>-1e+010 -1e+010 -1e+010 1e+010 1e+010 1e+010</IKRotLimits>
                    <IKRotLimitOrder>0</IKRotLimitOrder>
                    <KeyFrames count="61">
                        <i>-0.0740776 0.970706 0.228564 -0.698262 -0.214123 0.683068 0.711999 -0.108998 0.693669 -0.216691 1.40656 -0.1171</i>
                        <i>-0.173684 0.956285 0.235271 -0.661331 -0.290277 0.691651 0.729709 -0.035463 0.682837 -0.407754 1.38543 -0.120999</i>
                        <i>-0.270528 0.909233 0.316403 -0.636389 -0.415504 0.649896 0.722374 -0.02554 0.691031 -0.60535 1.36873 -0.129962</i>
                        <i>-0.373455 0.835769 0.40252 -0.621483 -0.547556 0.560305 0.688687 -0.0409109 0.723903 -0.784692 1.33571 -0.142252</i>
                        <i>-0.483329 0.749125 0.452996 -0.609439 -0.659396 0.440205 0.628472 -0.0633098 0.775251 -0.949739 1.28134 -0.145489</i>
                        <i>-0.583476 0.652454 0.48359 -0.587894 -0.750144 0.302763 0.560301 -0.107645 0.821264 -1.1072 1.21594 -0.137771</i>
                        <i>-0.662264 0.540438 0.518973 -0.540752 -0.824189 0.168223 0.518646 -0.169228 0.838074 -1.24579 1.144 -0.132161</i>
                        <i>-0.716346 0.424495 0.553762 -0.476017 -0.87759 0.0569555 0.510154 -0.222801 0.830725 -1.35321 1.06538 -0.136994</i>
                        <i>-0.748535 0.318744 0.581462 -0.399958 -0.916448 -0.0125036 0.528894 -0.24192 0.813478 -1.44174 0.975273 -0.154039</i>
                        <i>-0.768232 0.238357 0.594142 -0.315545 -0.948513 -0.0274801 0.557001 -0.20859 0.80389 -1.53388 0.873367 -0.179563</i>
                        <i>-0.80335 0.153269 0.575445 -0.208081 -0.977648 -0.0300968 0.55797 -0.143918 0.817287 -1.63522 0.759328 -0.223223</i>
                        <i>-0.843274 0.0468121 0.535442 -0.0905286 -0.994338 -0.0556425 0.529806 -0.0953946 0.842737 -1.73362 0.644133 -0.283754</i>
                        <i>-0.865303 -0.0336466 0.500119 -0.00683312 -0.99686 -0.0788885 0.501203 -0.0716798 0.862356 -1.83135 0.541126 -0.34153</i>
                        <i>-0.874645 -0.0655473 0.480312 0.0213468 -0.995063 -0.0969221 0.484293 -0.0745194 0.871726 -1.94308 0.422916 -0.390464</i>
                        <i>-0.880684 -0.075472 0.467653 0.021273 -0.992532 -0.120118 0.473226 -0.0958377 0.875712 -2.06227 0.310141 -0.436562</i>
                        <i>-0.890343 -0.069408 0.449969 0.00689983 -0.990255 -0.139095 0.455238 -0.120738 0.882146 -2.16635 0.294758 -0.485027</i>
                        <i>-0.922053 -0.0415485 0.384826 -0.0147864 -0.989715 -0.142285 0.38678 -0.136885 0.911956 -2.22391 0.416828 -0.5354</i>
                        <i>-0.957187 -0.0563293 0.283936 0.0420403 -0.997535 -0.0561748 0.2864 -0.041833 0.957196 -2.25423 0.585247 -0.581154</i>
                        <i>-0.949531 -0.197158 0.243968 0.226861 -0.968774 0.100055 0.216623 0.150352 0.964608 -2.30565 0.718995 -0.610621</i>
                        <i>-0.856893 -0.423777 0.293509 0.479668 -0.864031 0.152867 0.18882 0.271777 0.943655 -2.39643 0.827048 -0.624388</i>
                        <i>-0.680085 -0.621621 0.388681 0.709307 -0.691962 0.134432 0.185387 0.367119 0.911513 -2.50132 0.918851 -0.627632</i>
                        <i>-0.487273 -0.722828 0.489983 0.849385 -0.522596 0.0737485 0.202756 0.45212 0.868607 -2.60483 0.935783 -0.627454</i>
                        <i>-0.347432 -0.698709 0.625377 0.894487 -0.447086 -0.00257391 0.281395 0.558498 0.780318 -2.70657 0.8765 -0.621488</i>
                        <i>-0.214167 -0.60577 0.766274 0.910879 -0.40715 -0.0672854 0.352748 0.683573 0.638982 -2.80517 0.787549 -0.611332</i>
                        <i>-0.0792869 -0.525976 0.846795 0.942696 -0.315741 -0.107852 0.324096 0.789719 0.52087 -2.89769 0.674127 -0.608824</i>
                        <i>0.0526903 -0.433738 0.899497 0.965797 -0.206875 -0.156329 0.25389 0.876968 0.408003 -2.98755 0.545265 -0.613877</i>
                        <i>0.150389 -0.335427 0.929985 0.970873 -0.127363 -0.202939 0.186517 0.933417 0.306503 -3.07657 0.408405 -0.624687</i>
                        <i>0.25249 -0.196927 0.947348 0.961639 -0.0574389 -0.268238 0.107238 0.978734 0.17487 -3.15943 0.275902 -0.631517</i>
                        <i>0.380114 0.0108794 0.924876 0.924624 0.0216541 -0.380265 -0.0241644 0.999706 -0.00182831 -3.22485 0.163151 -0.632559</i>
                        <i>0.448979 0.117092 0.885837 0.886356 0.0671138 -0.458114 -0.113093 0.990851 -0.0736528 -3.28847 0.059289 -0.64628</i>
                        <i>0.412487 0.0867475 0.906824 0.903076 0.0917766 -0.419561 -0.119621 0.991994 -0.0404829 -3.3641 -0.0361027 -0.670253</i>
                        <i>0.333183 0.109769 0.936451 0.936913 0.0728523 -0.341887 -0.105751 0.991284 -0.0785712 -3.42254 0.067793 -0.697317</i>
                        <i>0.307589 0.193076 0.931725 0.940642 0.085935 -0.32834 -0.143462 0.977413 -0.155183 -3.4556 0.162577 -0.738081</i>
                        <i>0.296393 0.263406 0.918024 0.93584 0.111797 -0.334223 -0.190669 0.958185 -0.21337 -3.49213 0.236474 -0.783462</i>
                        <i>0.284608 0.237197 0.928836 0.935643 0.142236 -0.323017 -0.208733 0.960992 -0.181451 -3.52699 0.310544 -0.821787</i>
                        <i>0.26456 0.266333 0.926863 0.947321 0.108146 -0.301475 -0.18053 0.957795 -0.223692 -3.55205 0.392342 -0.848968</i>
                        <i>0.299341 0.259574 0.918159 0.942644 0.0685099 -0.326692 -0.147704 0.96329 -0.224178 -3.58395 0.440535 -0.87701</i>
                        <i>0.354254 0.249049 0.901376 0.928759 0.0187917 -0.370208 -0.109138 0.968308 -0.22465 -3.62199 0.444704 -0.903403</i>
                        <i>0.32865 0.327397 0.885889 0.938857 -0.0113073 -0.344122 -0.102647 0.944819 -0.311095 -3.66188 0.419776 -0.925391</i>
                        <i>0.312331 0.442773 0.840477 0.94369 -0.0430256 -0.32802 -0.109076 0.895601 -0.431279 -3.7027 0.366154 -0.945766</i>
                        <i>0.297347 0.550582 0.780029 0.947461 -0.0692613 -0.312284 -0.117912 0.831903 -0.542249 -3.74294 0.284496 -0.96319</i>
                        <i>0.263818 0.670454 0.693463 0.953854 -0.0744573 -0.290894 -0.143398 0.738205 -0.659159 -3.78205 0.180464 -0.979673</i>
                        <i>0.245786 0.716404 0.652959 0.953552 -0.0576743 -0.295657 -0.174151 0.695298 -0.697304 -3.82125 0.0841386 -0.996528</i>
                        <i>0.260618 0.675738 0.689534 0.942567 -0.0235386 -0.333187 -0.208916 0.736766 -0.643062 -3.86074 0.0830336 -1.0115</i>
                        <i>0.284541 0.591176 0.754684 0.928098 0.0273292 -0.371332 -0.240147 0.806079 -0.540893 -3.90238 0.0852724 -1.02404</i>
                        <i>0.306761 0.478441 0.822795 0.917959 0.0797029 -0.388586 -0.251495 0.874495 -0.41474 -3.94484 0.0908262 -1.03239</i>
                        <i>0.319911 0.384387 0.86597 0.915728 0.109075 -0.38671 -0.243102 0.916706 -0.3171 -3.98551 0.0977287 -1.03622</i>
                        <i>0.326141 0.352565 0.877115 0.915505 0.113395 -0.385996 -0.235549 0.928892 -0.285792 -4.02204 0.102275 -1.03684</i>
                        <i>0.328128 0.370788 0.86882 0.913246 0.110601 -0.392108 -0.241481 0.922108 -0.302329 -4.05407 0.102799 -1.03635</i>
                        <i>0.326825 0.412145 0.850483 0.910635 0.103424 -0.40006 -0.252843 0.905229 -0.341512 -4.08214 0.101243 -1.03581</i>
                        <i>0.322447 0.454988 0.830069 0.909203 0.0951424 -0.405338 -0.263399 0.8854 -0.382998 -4.10621 0.0985169 -1.03536</i>
                        <i>0.316623 0.481684 0.817147 0.909849 0.0893413 -0.405207 -0.268187 0.871779 -0.409973 -4.12631 0.0953773 -1.03542</i>
                        <i>0.311513 0.490883 0.81363 0.911988 0.0860535 -0.401089 -0.266903 0.866965 -0.420872 -4.14187 0.0927841 -1.03595</i>
                        <i>0.308723 0.488781 0.815955 0.914579 0.0830494 -0.395787 -0.261218 0.868445 -0.42139 -4.152 0.0919219 -1.03648</i>
                        <i>0.308149 0.476188 0.823583 0.917495 0.0800965 -0.389598 -0.251488 0.875688 -0.412219 -4.15607 0.0927558 -1.03694</i>
                        <i>0.308604 0.457215 0.834097 0.920608 0.077001 -0.38282 -0.239258 0.886016 -0.397154 -4.15693 0.0944452 -1.03737</i>
                        <i>0.309755 0.433084 0.846457 0.923801 0.0736263 -0.375728 -0.225044 0.898341 -0.377278 -4.1578 0.0967851 -1.03774</i>
                        <i>0.311279 0.405189 0.859609 0.926953 0.069891 -0.368609 -0.209436 0.911557 -0.353836 -4.1586 0.0995612 -1.03802</i>
                        <i>0.312875 0.375224 0.872535 0.929954 0.0657675 -0.361747 -0.19312 0.924598 -0.328364 -4.15931 0.102547 -1.0382</i>
                        <i>0.314286 0.345242 0.884326 0.932703 0.0612739 -0.355401 -0.176885 0.936512 -0.30275 -4.15989 0.105501 -1.03829</i>
                        <i>0.315316 0.317637 0.89425 0.935128 0.0564588 -0.349784 -0.161592 0.94653 -0.279229 -4.16032 0.108172 -1.03832</i>
                    </KeyFrames>
                </p>
            </i>
            <i>
                <p>
                    <Name>
                        <![CDATA[spine2]]>
</Name>
                    <Exclude>0</Exclude>
                    <Additive>0</Additive>
                    <IKPriority>0</IKPriority>
                    <IKRotLimits>-1e+010 -1e+010 -1e+010 1e+010 1e+010 1e+010</IKRotLimits>
                    <IKRotLimitOrder>0</IKRotLimitOrder>
                    <KeyFrames count="61">
                        <i>-0.152138 0.921327 0.357785 -0.807209 -0.324714 0.492924 0.570322 -0.213815 0.793105 -0.228941 1.56606 -0.0792896</i>
                        <i>-0.212518 0.897511 0.386407 -0.715475 -0.412253 0.564042 0.665531 -0.156595 0.729757 -0.436158 1.54163 -0.0823912</i>
                        <i>-0.208915 0.896919 0.389732 -0.684501 -0.418741 0.596753 0.698436 -0.142101 0.701424 -0.650167 1.51956 -0.0773168</i>
                        <i>-0.254094 0.872986 0.416332 -0.696278 -0.463879 0.547735 0.671292 -0.150706 0.72571 -0.848519 1.4789 -0.0730638</i>
                        <i>-0.345635 0.816579 0.462315 -0.69849 -0.552885 0.454347 0.626617 -0.165884 0.761468 -1.03385 1.412 -0.0661971</i>
                        <i>-0.443065 0.736841 0.510646 -0.678037 -0.64806 0.34682 0.58648 -0.192573 0.786738 -1.20893 1.3299 -0.0530025</i>
                        <i>-0.527285 0.633847 0.56587 -0.627728 -0.739425 0.243326 0.57265 -0.22691 0.787771 -1.36168 1.23869 -0.0408927</i>
                        <i>-0.590105 0.518802 0.618563 -0.552014 -0.818383 0.159778 0.589115 -0.24717 0.769318 -1.47918 1.14011 -0.0391408</i>
                        <i>-0.626446 0.414681 0.660004 -0.461188 -0.879812 0.115047 0.628387 -0.232315 0.742401 -1.57423 1.03174 -0.0506261</i>
                        <i>-0.649054 0.341036 0.680017 -0.359773 -0.925211 0.120612 0.670293 -0.166368 0.723208 -1.67083 0.915911 -0.0731148</i>
                        <i>-0.692886 0.266349 0.67005 -0.240326 -0.961445 0.133664 0.679818 -0.0684167 0.730182 -1.77951 0.786916 -0.119327</i>
                        <i>-0.746277 0.167647 0.644178 -0.117338 -0.985742 0.120604 0.655212 0.014417 0.755307 -1.88616 0.652656 -0.18635</i>
                        <i>-0.777297 0.0896336 0.622716 -0.0289466 -0.993846 0.106922 0.628467 0.0650845 0.775108 -1.98886 0.535052 -0.249948</i>
                        <i>-0.786558 0.0547295 0.615086 0.00485615 -0.995486 0.0947868 0.617497 0.0775423 0.782741 -2.10304 0.410973 -0.302067</i>
                        <i>-0.785859 0.0732677 0.614051 -0.0267525 -0.996055 0.0846102 0.617827 0.0500643 0.784718 -2.22421 0.296288 -0.350005</i>
                        <i>-0.743984 0.0817163 0.663182 -0.0446851 -0.996357 0.07264 0.666702 0.0244086 0.744925 -2.33155 0.281887 -0.400945</i>
                        <i>-0.752748 0.0450251 0.656767 -0.0670083 -0.997717 -0.00840177 0.654889 -0.0503332 0.754047 -2.39374 0.409133 -0.463977</i>
                        <i>-0.806794 0.00193753 0.59083 -0.0141815 -0.99977 -0.0160865 0.590663 -0.0213573 0.806635 -2.42662 0.575053 -0.529566</i>
                        <i>-0.824795 -0.058148 0.562434 0.151275 -0.981131 0.120405 0.544821 0.184392 0.818028 -2.47294 0.684269 -0.567261</i>
                        <i>-0.760297 -0.219212 0.611469 0.381168 -0.912791 0.146707 0.525984 0.344613 0.777549 -2.54502 0.753553 -0.57316</i>
                        <i>-0.613645 -0.374053 0.695359 0.608327 -0.785406 0.114349 0.503367 0.493175 0.709507 -2.61837 0.81179 -0.560391</i>
                        <i>-0.421371 -0.462495 0.780093 0.768232 -0.639157 0.0360265 0.48194 0.614473 0.624625 -2.68856 0.811389 -0.542831</i>
                        <i>-0.246279 -0.422611 0.872208 0.809188 -0.584974 -0.0549533 0.533443 0.692246 0.486039 -2.76638 0.755863 -0.513177</i>
                        <i>-0.0929409 -0.308397 0.946707 0.813683 -0.571509 -0.106292 0.573831 0.76044 0.304054 -2.84203 0.682655 -0.478226</i>
                        <i>0.00832356 -0.20235 0.979278 0.868704 -0.48357 -0.107305 0.495262 0.851596 0.171757 -2.91114 0.583475 -0.462355</i>
                        <i>0.0923719 -0.0984098 0.99085 0.921762 -0.367908 -0.122471 0.376594 0.92464 0.0567259 -2.97828 0.47098 -0.459144</i>
                        <i>0.152669 0.000188132 0.988277 0.949372 -0.277849 -0.146606 0.274565 0.960625 -0.0425975 -3.05079 0.351582 -0.466266</i>
                        <i>0.214324 0.104203 0.971189 0.961396 -0.198178 -0.190899 0.172576 0.974611 -0.142655 -3.11688 0.243108 -0.472341</i>
                        <i>0.285536 0.203456 0.936523 0.956421 -0.122747 -0.264937 0.0610525 0.971359 -0.229639 -3.16212 0.165202 -0.480147</i>
                        <i>0.322872 0.2612 0.909686 0.945742 -0.0520771 -0.320717 -0.0363976 0.963879 -0.263842 -3.21686 0.0781131 -0.505112</i>
                        <i>0.279363 0.221147 0.934372 0.950743 0.0724287 -0.3014 -0.134329 0.972547 -0.19002 -3.30189 -0.0230308 -0.53345</i>
                        <i>0.223181 0.212372 0.951361 0.955061 0.147663 -0.257011 -0.195063 0.965968 -0.169873 -3.37467 0.0834459 -0.562509</i>
                        <i>0.227064 0.228068 0.946798 0.933813 0.225004 -0.278149 -0.27647 0.94729 -0.161883 -3.41167 0.190092 -0.60456</i>
                        <i>0.233786 0.231849 0.944241 0.912186 0.283849 -0.295546 -0.336544 0.930417 -0.145129 -3.44868 0.275199 -0.648267</i>
                        <i>0.216125 0.198032 0.956072 0.907147 0.321401 -0.271637 -0.361075 0.926005 -0.110182 -3.48597 0.34479 -0.687255</i>
                        <i>0.182207 0.262464 0.947583 0.938232 0.241889 -0.247408 -0.294146 0.934132 -0.202178 -3.51584 0.428669 -0.721731</i>
                        <i>0.189749 0.315683 0.929699 0.961819 0.130445 -0.240598 -0.197228 0.939855 -0.278878 -3.54521 0.473779 -0.758097</i>
                        <i>0.223506 0.377711 0.898543 0.969371 0.0101552 -0.245392 -0.101812 0.925868 -0.363873 -3.5781 0.475049 -0.791833</i>
                        <i>0.205547 0.49697 0.843072 0.976986 -0.0540293 -0.206347 -0.0569975 0.866084 -0.496638 -3.62193 0.458955 -0.817936</i>
                        <i>0.213054 0.620936 0.754352 0.976721 -0.11562 -0.180686 -0.0249761 0.775288 -0.631114 -3.66453 0.41958 -0.843345</i>
                        <i>0.230488 0.708109 0.667426 0.973061 -0.164048 -0.161988 -0.00521539 0.686782 -0.726844 -3.70559 0.352916 -0.865596</i>
                        <i>0.23202 0.767365 0.597761 0.972704 -0.180718 -0.14556 -0.00367083 0.615217 -0.788349 -3.74619 0.270901 -0.885869</i>
                        <i>0.212832 0.777226 0.592133 0.976643 -0.150908 -0.152958 -0.0295253 0.610857 -0.79119 -3.78607 0.186023 -0.903574</i>
                        <i>0.185907 0.730361 0.657276 0.978785 -0.0790183 -0.189039 -0.08613 0.678476 -0.729556 -3.82471 0.175857 -0.91655</i>
                        <i>0.16279 0.643012 0.748354 0.973474 0.0189164 -0.228014 -0.160772 0.765622 -0.622876 -3.86522 0.161884 -0.925724</i>
                        <i>0.153676 0.538083 0.828764 0.961462 0.112083 -0.251054 -0.227978 0.835406 -0.500122 -3.9069 0.149372 -0.93078</i>
                        <i>0.155197 0.464991 0.871606 0.953321 0.160842 -0.255554 -0.259021 0.870582 -0.418324 -3.94727 0.142999 -0.932863</i>
                        <i>0.154383 0.454864 0.877077 0.951917 0.169272 -0.255343 -0.264611 0.874326 -0.406861 -3.98351 0.143251 -0.933332</i>
                        <i>0.147238 0.484751 0.86217 0.950908 0.170513 -0.258263 -0.272205 0.85787 -0.435848 -4.01512 0.14614 -0.933346</i>
                        <i>0.138126 0.529751 0.83683 0.95071 0.165918 -0.261957 -0.277617 0.831766 -0.480722 -4.04282 0.150176 -0.93361</i>
                        <i>0.131698 0.568238 0.812257 0.951536 0.157254 -0.264292 -0.277912 0.807699 -0.519988 -4.06678 0.153536 -0.933969</i>
                        <i>0.132307 0.582066 0.802305 0.953382 0.146745 -0.263683 -0.271215 0.799791 -0.535516 -4.08713 0.154367 -0.934446</i>
                        <i>0.138715 0.573771 0.807183 0.955923 0.135409 -0.260529 -0.258784 0.807744 -0.529698 -4.10316 0.153179 -0.934977</i>
                        <i>0.146871 0.556779 0.817573 0.958792 0.123085 -0.256062 -0.243201 0.821491 -0.515757 -4.11368 0.151961 -0.935361</i>
                        <i>0.156149 0.531795 0.832353 0.961851 0.109779 -0.250581 -0.224632 0.839728 -0.494366 -4.11808 0.150822 -0.935564</i>
                        <i>0.165769 0.5007 0.8496 0.964924 0.0954927 -0.244548 -0.203575 0.860338 -0.467307 -4.11923 0.149637 -0.935648</i>
                        <i>0.175105 0.464654 0.868006 0.967872 0.0803458 -0.238262 -0.18045 0.88184 -0.435657 -4.12035 0.14845 -0.935606</i>
                        <i>0.183605 0.425079 0.886339 0.970572 0.0645345 -0.232004 -0.155819 0.902853 -0.400721 -4.12138 0.147299 -0.935444</i>
                        <i>0.190835 0.383706 0.903522 0.972923 0.0483317 -0.226019 -0.130394 0.92219 -0.364093 -4.12229 0.146217 -0.93518</i>
                        <i>0.196521 0.342578 0.918705 0.974861 0.0320732 -0.220494 -0.105002 0.938942 -0.327663 -4.12303 0.145237 -0.934846</i>
                        <i>0.200575 0.303991 0.931321 0.976361 0.0161338 -0.215541 -0.0805485 0.952538 -0.29357 -4.12362 0.144389 -0.93449</i>
                    </KeyFrames>
                </p>
            </i>
            <i>
                <p>
                    <Name>
                        <![CDATA[head]]>
</Name>
                    <Exclude>0</Exclude>
                    <Additive>0</Additive>
                    <IKPriority>0</IKPriority>
                    <IKRotLimits>-1e+010 -1e+010 -1e+010 1e+010 1e+010 1e+010</IKRotLimits>
                    <IKRotLimitOrder>0</IKRotLimitOrder>
                    <KeyFrames count="61">
                        <i>-0.228878 0.963391 0.139615 -0.692748 -0.0604343 -0.718643 -0.683897 -0.261199 0.681219 -0.323909 1.81434 0.00141732</i>
                        <i>-0.293111 0.943225 0.156244 -0.789283 -0.146497 -0.596298 -0.539554 -0.298102 0.787411 -0.54723 1.77969 0.00635482</i>
                        <i>-0.232606 0.970855 0.0577475 -0.849734 -0.173985 -0.497676 -0.473124 -0.164833 0.865439 -0.755874 1.76607 2.07502e-005</i>
                        <i>-0.193291 0.981107 -0.00818518 -0.863206 -0.174017 -0.473913 -0.466384 -0.0845376 0.880534 -0.960392 1.72719 -0.00298866</i>
                        <i>-0.209901 0.977665 0.0105813 -0.860175 -0.17951 -0.477363 -0.464802 -0.109301 0.878643 -1.16521 1.65013 0.00874443</i>
                        <i>-0.259851 0.962778 0.0744013 -0.854533 -0.193384 -0.482053 -0.449722 -0.18884 0.872977 -1.36309 1.55031 0.0321439</i>
                        <i>-0.332784 0.929018 0.161802 -0.84967 -0.220973 -0.478782 -0.409044 -0.296809 0.862895 -1.53777 1.43556 0.0593047</i>
                        <i>-0.42491 0.868717 0.254523 -0.839119 -0.272503 -0.470767 -0.339605 -0.413609 0.844746 -1.67434 1.3088 0.077741</i>
                        <i>-0.511987 0.793872 0.32808 -0.823287 -0.344531 -0.451106 -0.245087 -0.501064 0.82998 -1.78295 1.1728 0.0809639</i>
                        <i>-0.588482 0.724118 0.359641 -0.795808 -0.440234 -0.415793 -0.142757 -0.530892 0.835329 -1.8897 1.0342 0.0665621</i>
                        <i>-0.68014 0.641172 0.355398 -0.730166 -0.549303 -0.406354 -0.0653216 -0.535877 0.841765 -2.01273 0.879872 0.0184989</i>
                        <i>-0.77122 0.536141 0.34318 -0.636359 -0.635522 -0.437216 -0.0163111 -0.555576 0.831306 -2.13448 0.714365 -0.0554529</i>
                        <i>-0.826818 0.450905 0.33624 -0.562256 -0.679078 -0.471935 0.0155355 -0.579257 0.814997 -2.2455 0.573029 -0.124248</i>
                        <i>-0.844606 0.410682 0.343483 -0.534712 -0.679291 -0.50264 0.0268995 -0.608197 0.79333 -2.36191 0.439527 -0.176872</i>
