<?xml version="1.0" encoding="ISO-8859-1" ?>
<Animl Version="1">
    <ModellingPackage><![CDATA[Maya.2010]]></ModellingPackage>
    <SrcFile><![CDATA[anims\characters\shared\base_soldier\~src\infantry\explosion_loop.mb]]></SrcFile>
    <FramesPerSecond>30</FramesPerSecond>
    <TotalFrames>43</TotalFrames>
    <Skeleton>
        <RefFrame>
            <Name><![CDATA[soldier_ref_frame]]></Name>
            <Exclude>0</Exclude>
            <Additive>0</Additive>
            <IKPriority>0</IKPriority>
            <IKRotLimits>-1e+010 -1e+010 -1e+010 1e+010 1e+010 1e+010</IKRotLimits>
            <IKRotLimitOrder>0</IKRotLimitOrder>
            <KeyFrames count="43">
                <i>1 0 0 0 1 0 0 0 1 0 0 0</i>
                <i>1 0 0 0 1 0 0 0 1 0 0 0</i>
                <i>1 0 0 0 1 0 0 0 1 0 0 0</i>
                <i>1 0 0 0 1 0 0 0 1 0 0 0</i>
                <i>1 0 0 0 1 0 0 0 1 0 0 0</i>
                <i>1 0 0 0 1 0 0 0 1 0 0 0</i>
                <i>1 0 0 0 1 0 0 0 1 0 0 0</i>
                <i>1 0 0 0 1 0 0 0 1 0 0 0</i>
                <i>1 0 0 0 1 0 0 0 1 0 0 0</i>
                <i>1 0 0 0 1 0 0 0 1 0 0 0</i>
                <i>1 0 0 0 1 0 0 0 1 0 0 0</i>
                <i>1 0 0 0 1 0 0 0 1 0 0 0</i>
                <i>1 0 0 0 1 0 0 0 1 0 0 0</i>
                <i>1 0 0 0 1 0 0 0 1 0 0 0</i>
                <i>1 0 0 0 1 0 0 0 1 0 0 0</i>
                <i>1 0 0 0 1 0 0 0 1 0 0 0</i>
                <i>1 0 0 0 1 0 0 0 1 0 0 0</i>
                <i>1 0 0 0 1 0 0 0 1 0 0 0</i>
                <i>1 0 0 0 1 0 0 0 1 0 0 0</i>
                <i>1 0 0 0 1 0 0 0 1 0 0 0</i>
                <i>1 0 0 0 1 0 0 0 1 0 0 0</i>
                <i>1 0 0 0 1 0 0 0 1 0 0 0</i>
                <i>1 0 0 0 1 0 0 0 1 0 0 0</i>
                <i>1 0 0 0 1 0 0 0 1 0 0 0</i>
                <i>1 0 0 0 1 0 0 0 1 0 0 0</i>
                <i>1 0 0 0 1 0 0 0 1 0 0 0</i>
                <i>1 0 0 0 1 0 0 0 1 0 0 0</i>
                <i>1 0 0 0 1 0 0 0 1 0 0 0</i>
                <i>1 0 0 0 1 0 0 0 1 0 0 0</i>
                <i>1 0 0 0 1 0 0 0 1 0 0 0</i>
                <i>1 0 0 0 1 0 0 0 1 0 0 0</i>
                <i>1 0 0 0 1 0 0 0 1 0 0 0</i>
                <i>1 0 0 0 1 0 0 0 1 0 0 0</i>
                <i>1 0 0 0 1 0 0 0 1 0 0 0</i>
                <i>1 0 0 0 1 0 0 0 1 0 0 0</i>
                <i>1 0 0 0 1 0 0 0 1 0 0 0</i>
                <i>1 0 0 0 1 0 0 0 1 0 0 0</i>
                <i>1 0 0 0 1 0 0 0 1 0 0 0</i>
                <i>1 0 0 0 1 0 0 0 1 0 0 0</i>
                <i>1 0 0 0 1 0 0 0 1 0 0 0</i>
                <i>1 0 0 0 1 0 0 0 1 0 0 0</i>
                <i>1 0 0 0 1 0 0 0 1 0 0 0</i>
                <i>1 0 0 0 1 0 0 0 1 0 0 0</i>
            </KeyFrames>
        </RefFrame>
        <Bones count="23">
            <i>
                <p>
                    <Name><![CDATA[pelvis]]></Name>
                    <Exclude>0</Exclude>
                    <Additive>0</Additive>
                    <IKPriority>0</IKPriority>
                    <IKRotLimits>-1e+010 -1e+010 -1e+010 1e+010 1e+010 1e+010</IKRotLimits>
                    <IKRotLimitOrder>2</IKRotLimitOrder>
                    <KeyFrames count="43">
                        <i>1 0 0 0 1 0 0 0 1 0.00255967 1.19182 -0.0338381</i>
                        <i>1 0 0 0 1 0 0 0 1 0.00830572 1.18638 -0.0379308</i>
                        <i>1 0 0 0 1 0 0 0 1 0.0150575 1.18027 -0.0401311</i>
                        <i>1 0 0 0 1 0 0 0 1 0.0222093 1.17362 -0.0402187</i>
                        <i>1 0 0 0 1 0 0 0 1 0.0291166 1.16659 -0.0381622</i>
                        <i>1 0 0 0 1 0 0 0 1 0.0351526 1.15933 -0.0341223</i>
                        <i>1 0 0 0 1 0 0 0 1 0.0397654 1.15201 -0.0284379</i>
                        <i>1 0 0 0 1 0 0 0 1 0.0425264 1.14478 -0.021597</i>
                        <i>1 0 0 0 1 0 0 0 1 0.0431691 1.13781 -0.0141929</i>
                        <i>1 0 0 0 1 0 0 0 1 0.0416137 1.13126 -0.00687255</i>
                        <i>1 0 0 0 1 0 0 0 1 0.0379739 1.12526 -0.000278897</i>
                        <i>1 0 0 0 1 0 0 0 1 0.032548 1.11996 0.00500598</i>
                        <i>1 0 0 0 1 0 0 0 1 0.0257927 1.11548 0.00851252</i>
                        <i>1 0 0 0 1 0 0 0 1 0.0182831 1.1119 0.00992533</i>
                        <i>1 0 0 0 1 0 0 0 1 0.0106621 1.10932 0.0091114</i>
                        <i>1 0 0 0 1 0 0 0 1 0.0035839 1.10779 0.006132</i>
                        <i>1 0 0 0 1 0 0 0 1 -0.00234354 1.10735 0.00123753</i>
                        <i>1 0 0 0 1 0 0 0 1 -0.0066122 1.108 -0.00515443</i>
                        <i>1 0 0 0 1 0 0 0 1 -0.00885868 1.10973 -0.0124958</i>
                        <i>1 0 0 0 1 0 0 0 1 -0.00889608 1.1125 -0.0201563</i>
                        <i>1 0 0 0 1 0 0 0 1 -0.00673037 1.11625 -0.0274791</i>
                        <i>1 0 0 0 1 0 0 0 1 -0.00255966 1.1209 -0.0338381</i>
                        <i>1 0 0 0 1 0 0 0 1 0.00324357 1.12634 -0.0386938</i>
                        <i>1 0 0 0 1 0 0 0 1 0.0101656 1.13245 -0.04164</i>
                        <i>1 0 0 0 1 0 0 0 1 0.017597 1.13909 -0.0424399</i>
                        <i>1 0 0 0 1 0 0 0 1 0.0248868 1.14612 -0.0410461</i>
                        <i>1 0 0 0 1 0 0 0 1 0.0313999 1.15338 -0.0376043</i>
                        <i>1 0 0 0 1 0 0 0 1 0.0365736 1.1607 -0.0324404</i>
                        <i>1 0 0 0 1 0 0 0 1 0.0399667 1.16793 -0.0260304</i>
                        <i>1 0 0 0 1 0 0 0 1 0.0412988 1.1749 -0.0189583</i>
                        <i>1 0 0 0 1 0 0 0 1 0.0404745 1.18146 -0.0118635</i>
                        <i>1 0 0 0 1 0 0 0 1 0.0375913 1.18745 -0.00538393</i>
                        <i>1 0 0 0 1 0 0 0 1 0.0329306 1.19275 -9.90327e-005</i>
                        <i>1 0 0 0 1 0 0 0 1 0.0269319 1.19724 0.00352153</i>
                        <i>1 0 0 0 1 0 0 0 1 0.0201534 1.20081 0.00515988</i>
                        <i>1 0 0 0 1 0 0 0 1 0.0132217 1.20339 0.00467792</i>
                        <i>1 0 0 0 1 0 0 0 1 0.00677574 1.20492 0.00212954</i>
                        <i>1 0 0 0 1 0 0 0 1 0.0014092 1.20537 -0.00224451</i>
                        <i>1 0 0 0 1 0 0 0 1 -0.00238241 1.20472 -0.00803825</i>
                        <i>1 0 0 0 1 0 0 0 1 -0.00424632 1.20299 -0.014717</i>
                        <i>1 0 0 0 1 0 0 0 1 -0.00400418 1.20021 -0.0216653</i>
                        <i>1 0 0 0 1 0 0 0 1 -0.00166822 1.19646 -0.028242</i>
                        <i>1 0 0 0 1 0 0 0 1 0.00255967 1.19182 -0.0338381</i>
                    </KeyFrames>
                </p>
            </i>
            <i>
                <p>
                    <Name><![CDATA[spine0]]></Name>
                    <Exclude>0</Exclude>
                    <Additive>0</Additive>
                    <IKPriority>0</IKPriority>
                    <IKRotLimits>-1e+010 -1e+010 -1e+010 1e+010 1e+010 1e+010</IKRotLimits>
                    <IKRotLimitOrder>0</IKRotLimitOrder>
                    <KeyFrames count="43">
                        <i>0.00292729 0.826061 -0.563573 -0.953398 0.172337 0.247653 0.301701 0.536584 0.78807 -0.0127508 1.2904 -0.137486</i>
                        <i>0.124083 0.729157 -0.673003 -0.977435 0.206667 0.0436982 0.17095 0.652394 0.738348 0.0137639 1.26748 -0.156624</i>
                        <i>0.268172 0.615422 -0.741174 -0.960928 0.225635 -0.160332 0.0685629 0.755212 0.651885 0.0446294 1.24165 -0.166835</i>
                        <i>0.423039 0.487826 -0.763586 -0.906101 0.23186 -0.353868 0.00441839 0.841586 0.540105 0.0767624 1.21362 -0.167183</i>
                        <i>0.576448 0.349115 -0.7388 -0.816983 0.228886 -0.529292 -0.015683 0.908697 0.417162 0.106983 1.18424 -0.157834</i>
                        <i>0.714318 0.202985 -0.669736 -0.699766 0.219167 -0.679921 0.00877035 0.954339 0.298597 0.132397 1.15439 -0.140024</i>
                        <i>0.823108 0.054031 -0.565309 -0.5632 0.205265 -0.80042 0.0727908 0.977214 0.199386 0.150744 1.12494 -0.115887</i>
                        <i>0.894268 -0.0939122 -0.437567 -0.415133 0.191173 -0.889448 0.167181 0.977053 0.131974 0.160643 1.09669 -0.0881726</i>
                        <i>0.924349 -0.237738 -0.298427 -0.255752 0.194362 -0.947003 0.283142 0.951685 0.118856 0.161498 1.07065 -0.060928</i>
                        <i>0.913212 -0.37527 -0.158796 -0.0796968 0.217685 -0.97276 0.399615 0.900992 0.168885 0.154442 1.04719 -0.0368462</i>
                        <i>0.862737 -0.504738 -0.0304017 0.110053 0.246114 -0.962973 0.493531 0.827447 0.26788 0.140984 1.02616 -0.0165149</i>
                        <i>0.777559 -0.624113 0.0767186 0.303282 0.265346 -0.915211 0.550838 0.734898 0.395605 0.122062 1.00746 -9.47546e-005</i>
                        <i>0.665124 -0.730538 0.154675 0.484505 0.264579 -0.833818 0.568212 0.629533 0.529927 0.0989222 0.991611 0.0108622</i>
                        <i>0.53905 -0.820064 0.192147 0.633624 0.24452 -0.733983 0.554929 0.517402 0.651421 0.0736167 0.979197 0.0147609</i>
                        <i>0.411901 -0.891634 0.187954 0.751303 0.215588 -0.623752 0.515637 0.398134 0.758688 0.0482304 0.970468 0.0111505</i>
                        <i>0.288696 -0.945693 0.149401 0.848517 0.180443 -0.497453 0.44348 0.270381 0.854529 0.0253294 0.965715 2.69949e-005</i>
                        <i>0.176446 -0.981094 0.0795033 0.923029 0.136866 -0.359562 0.341883 0.136827 0.929728 0.00684063 0.965005 -0.0174785</i>
                        <i>0.0862572 -0.996082 -0.0194863 0.972235 0.0884305 -0.216653 0.217527 -0.000257365 0.976054 -0.00574675 0.968368 -0.039782</i>
                        <i>0.0188431 -0.989938 -0.140239 0.996761 0.0295676 -0.0747869 0.0781809 -0.138375 0.987289 -0.0114755 0.975809 -0.0649865</i>
                        <i>-0.0272641 -0.960475 -0.277029 0.997395 -0.0446522 0.056652 -0.0667828 -0.274763 0.95919 -0.00997555 0.987312 -0.0910315</i>
                        <i>-0.0405017 -0.905117 -0.423229 0.978351 -0.12196 0.167199 -0.202952 -0.407295 0.890461 -0.00149613 1.00284 -0.11583</i>
                        <i>-0.00394421 -0.825874 -0.563841 0.948848 -0.181102 0.258629 -0.315708 -0.533979 0.784344 0.013414 1.02222 -0.137295</i>
                        <i>0.0787074 -0.728907 -0.680073 0.914923 -0.218088 0.339636 -0.395879 -0.648947 0.649729 0.0337089 1.0451 -0.153448</i>
                        <i>0.194969 -0.615169 -0.763907 0.878026 -0.237627 0.415456 -0.437101 -0.751731 0.493805 0.0577188 1.07093 -0.162678</i>
                        <i>0.332491 -0.487618 -0.807266 0.83674 -0.242382 0.491037 -0.435105 -0.838737 0.32742 0.0833111 1.09897 -0.163964</i>
                        <i>0.476654 -0.348976 -0.806856 0.788342 -0.236453 0.567985 -0.388997 -0.906811 0.162406 0.108131 1.12839 -0.157029</i>
                        <i>0.614252 -0.202915 -0.762575 0.729248 -0.223239 0.646809 -0.301484 -0.95341 0.0108499 0.129878 1.15828 -0.142362</i>
                        <i>0.734233 -0.0540114 -0.676746 0.654882 -0.206443 0.726988 -0.178975 -0.976967 -0.116206 0.146561 1.18776 -0.121137</i>
                        <i>0.826079 0.0939122 -0.555675 0.562718 -0.191173 0.80424 -0.0307018 -0.977053 -0.21077 0.156681 1.21602 -0.0950342</i>
                        <i>0.880376 0.237822 -0.41034 0.457812 -0.200147 0.866227 0.12388 -0.950464 -0.285083 0.159959 1.242 -0.0649292</i>
                        <i>0.891125 0.375615 -0.254579 0.357788 -0.23658 0.903337 0.279078 -0.896071 -0.345213 0.155481 1.26529 -0.0328803</i>
                        <i>0.856846 0.505516 -0.101331 0.273444 -0.27896 0.920549 0.437085 -0.816477 -0.377256 0.14235 1.28602 -0.00284244</i>
                        <i>0.779496 0.625382 0.0358151 0.204028 -0.307533 0.929407 0.592249 -0.717162 -0.367316 0.121177 1.30438 0.0210452</i>
                        <i>0.665781 0.732144 0.143878 0.135641 -0.308375 0.941545 0.733714 -0.607347 -0.304619 0.0941932 1.32002 0.0366161</i>
                        <i>0.525826 0.821661 0.219956 0.0391977 -0.281724 0.958695 0.849689 -0.495485 -0.180345 0.0640131 1.33248 0.0430416</i>
                        <i>0.369434 0.892944 0.257232 -0.0902693 -0.241021 0.966313 0.924862 -0.380209 -0.00843602 0.0333261 1.34145 0.0397722</i>
                        <i>0.211142 0.946596 0.243671 -0.233199 -0.19331 0.953021 0.94923 -0.258046 0.179929 0.00486563 1.34649 0.0276352</i>
                        <i>0.0675099 0.981589 0.178678 -0.382933 -0.139879 0.913124 0.921306 -0.130067 0.36644 -0.0188562 1.34745 0.0075877</i>
                        <i>-0.0484771 0.996273 0.0713382 -0.531937 -0.0862022 0.842385 0.845395 0.00288898 0.534133 -0.0356919 1.34426 -0.0187164</i>
                        <i>-0.120765 0.989964 -0.0734012 -0.670842 -0.0268853 0.741113 0.731701 0.138741 0.667356 -0.0440511 1.3369 -0.0490595</i>
                        <i>-0.133559 0.960476 -0.244228 -0.792171 0.0446153 0.608667 0.595506 0.274763 0.754902 -0.0430377 1.3254 -0.0808332</i>
                        <i>-0.0866701 0.905201 -0.416052 -0.889504 0.117754 0.441493 0.448632 0.408344 0.794975 -0.0323406 1.30984 -0.111316</i>
                        <i>0.00292729 0.826061 -0.563573 -0.953398 0.172337 0.247653 0.301701 0.536584 0.78807 -0.0127508 1.2904 -0.137486</i>
                    </KeyFrames>
                </p>
            </i>
            <i>
                <p>
                    <Name><![CDATA[spine1]]></Name>
                    <Exclude>0</Exclude>
                    <Additive>0</Additive>
                    <IKPriority>0</IKPriority>
                    <IKRotLimits>-1e+010 -1e+010 -1e+010 1e+010 1e+010 1e+010</IKRotLimits>
                    <IKRotLimitOrder>0</IKRotLimitOrder>
                    <KeyFrames count="43">
                        <i>-0.025231 0.748091 -0.663116 -0.97087 0.139767 0.194618 0.238274 0.64871 0.722773 -0.0122503 1.43093 -0.233352</i>
                        <i>0.0819911 0.644888 -0.759867 -0.985574 0.165731 0.0343082 0.148058 0.746092 0.649173 0.0348961 1.39166 -0.271229</i>
                        <i>0.208513 0.529604 -0.822218 -0.972142 0.204262 -0.114965 0.107062 0.823284 0.557441 0.090374 1.34663 -0.293259</i>
                        <i>0.346373 0.403833 -0.846726 -0.931547 0.254541 -0.259671 0.110663 0.878708 0.464355 0.149061 1.297 -0.29768</i>
                        <i>0.488898 0.268261 -0.830069 -0.859267 0.312217 -0.405194 0.150464 0.911349 0.38315 0.205653 1.244 -0.284294</i>
                        <i>0.623503 0.125321 -0.771712 -0.751951 0.366357 -0.548043 0.214041 0.921996 0.32266 0.254777 1.18917 -0.254766</i>
                        <i>0.734368 -0.0205402 -0.67844 -0.614431 0.404593 -0.677332 0.288405 0.914266 0.2845 0.291829 1.13421 -0.212783</i>
                        <i>0.811638 -0.166078 -0.560056 -0.456327 0.418306 -0.785357 0.364705 0.892994 0.263728 0.313941 1.0806 -0.163182</i>
                        <i>0.852557 -0.311648 -0.41955 -0.275398 0.41438 -0.867436 0.444188 0.855082 0.267455 0.319756 1.02995 -0.112021</i>
                        <i>0.850457 -0.454316 -0.26518 -0.0723006 0.398367 -0.914372 0.521052 0.796807 0.305947 0.310413 0.9831 -0.0639667</i>
                        <i>0.800762 -0.58681 -0.120141 0.13207 0.368611 -0.920154 0.584241 0.720958 0.37267 0.288029 0.94014 -0.0216946</i>
                        <i>0.711621 -0.702532 -0.00674163 0.31747 0.330108 -0.888955 0.626745 0.630458 0.457945 0.254441 0.901213 0.0129691</i>
                        <i>0.594099 -0.801106 0.0726325 0.480792 0.281257 -0.830502 0.644892 0.528322 0.552259 0.212087 0.867327 0.0371823</i>
                        <i>0.46302 -0.879836 0.107246 0.611093 0.229241 -0.757637 0.642011 0.416338 0.643804 0.16534 0.839668 0.0474599</i>
                        <i>0.335061 -0.937461 0.0943438 0.712024 0.186357 -0.676974 0.617055 0.294002 0.729936 0.118368 0.818655 0.0431587</i>
                        <i>0.209699 -0.976545 0.0488496 0.80095 0.142908 -0.581426 0.560808 0.161051 0.812131 0.0745233 0.804581 0.0254892</i>
                        <i>0.0930741 -0.995289 -0.0271474 0.876571 0.094842 -0.471835 0.472187 0.020119 0.881269 0.0369271 0.797728 -0.00391731</i>
                        <i>0.00416265 -0.990899 -0.134543 0.934388 0.0517837 -0.352473 0.356232 -0.124248 0.9261 0.00896946 0.798442 -0.0431008</i>
                        <i>-0.0473075 -0.963308 -0.264196 0.975849 0.011898 -0.21812 0.21326 -0.268134 0.939481 -0.00826183 0.807001 -0.0888944</i>
                        <i>-0.0667554 -0.912593 -0.403382 0.996572 -0.0411867 -0.0717431 0.0488583 -0.406789 0.912215 -0.0146193 0.823736 -0.138204</i>
                        <i>-0.04939 -0.839024 -0.541848 0.992245 -0.103172 0.0693132 -0.114059 -0.534223 0.837614 -0.00838874 0.848837 -0.18783</i>
                        <i>0.023102 -0.747684 -0.663653 0.9691 -0.146322 0.198584 -0.245585 -0.647734 0.7212 0.0127404 0.881709 -0.233214</i>
                        <i>0.143394 -0.644424 -0.751103 0.929233 -0.173477 0.326239 -0.340536 -0.74473 0.573945 0.0471099 0.920962 -0.26926</i>
                        <i>0.28894 -0.52918 -0.797799 0.865523 -0.211737 0.453913 -0.409125 -0.821667 0.396838 0.0909729 0.965991 -0.292977</i>
                        <i>0.44459 -0.403504 -0.799703 0.781969 -0.260606 0.566224 -0.436881 -0.87708 0.199664 0.14013 1.01564 -0.301919</i>
                        <i>0.593187 -0.268044 -0.759132 0.690119 -0.316265 0.650932 -0.414565 -0.910016 -0.00262159 0.189714 1.06866 -0.29513</i>
                        <i>0.722552 -0.12521 -0.679883 0.602427 -0.368385 0.708078 -0.339117 -0.921203 -0.190747 0.23511 1.12351 -0.273004</i>
                        <i>0.824744 0.0205719 -0.565133 0.523639 -0.405142 0.749441 -0.213542 -0.914022 -0.344911 0.27241 1.1785 -0.237133</i>
                        <i>0.890842 0.166078 -0.42287 0.451974 -0.418307 0.78787 -0.0460418 -0.892994 -0.447708 0.29829 1.23212 -0.190289</i>
                        <i>0.910012 0.311849 -0.273182 0.389396 -0.416759 0.82139 0.142299 -0.853851 -0.500689 0.310677 1.28271 -0.135179</i>
                        <i>0.880409 0.455145 -0.133124 0.338096 -0.405611 0.849218 0.332521 -0.792668 -0.510987 0.307654 1.32943 -0.0763547</i>
                        <i>0.808387 0.588615 -0.00647965 0.283841 -0.380128 0.880305 0.515698 -0.713467 -0.474363 0.288367 1.37215 -0.0201127</i>
                        <i>0.701179 0.705381 0.103857 0.209619 -0.343176 0.915582 0.681475 -0.620216 -0.388489 0.253874 1.41083 0.0271391</i>
                        <i>0.565614 0.804528 0.181148 0.111783 -0.292429 0.949731 0.817059 -0.516932 -0.255335 0.207472 1.44458 0.0610923</i>
                        <i>0.412251 0.883067 0.224147 -0.0235906 -0.235597 0.971564 0.910765 -0.405816 -0.0762931 0.153495 1.47229 0.0804677</i>
                        <i>0.250591 0.939997 0.231536 -0.189554 -0.186895 0.963919 0.949354 -0.285438 0.131346 0.0962376 1.49349 0.0835716</i>
                        <i>0.0967605 0.978129 0.184125 -0.356706 -0.138625 0.923874 0.929192 -0.155073 0.335491 0.0408504 1.50779 0.0691577</i>
                        <i>-0.0311571 0.995968 0.0841282 -0.515178 -0.0881295 0.85254 0.856517 -0.0167784 0.515847 -0.00733884 1.51483 0.038058</i>
                        <i>-0.12436 0.991026 -0.0490161 -0.6588 -0.0455287 0.750939 0.741969 0.125679 0.65855 -0.0439581 1.51424 -0.00654232</i>
                        <i>-0.175799 0.963253 -0.203073 -0.775391 -0.00839604 0.631425 0.606517 0.268464 0.748374 -0.0646409 1.50572 -0.0615727</i>
                        <i>-0.172156 0.9126 -0.370841 -0.863818 0.0410888 0.502126 0.473478 0.406783 0.781247 -0.0657792 1.48898 -0.122421</i>
                        <i>-0.113896 0.839256 -0.531673 -0.929161 0.0994591 0.356045 0.351693 0.534562 0.768476 -0.0470821 1.46384 -0.182093</i>
                        <i>-0.025231 0.748091 -0.663116 -0.97087 0.139767 0.194618 0.238274 0.64871 0.722773 -0.0122503 1.43093 -0.233352</i>
                    </KeyFrames>
                </p>
            </i>
            <i>
                <p>
                    <Name><![CDATA[spine2]]></Name>
                    <Exclude>0</Exclude>
                    <Additive>0</Additive>
                    <IKPriority>0</IKPriority>
                    <IKRotLimits>-1e+010 -1e+010 -1e+010 1e+010 1e+010 1e+010</IKRotLimits>
                    <IKRotLimitOrder>0</IKRotLimitOrder>
                    <KeyFrames count="43">
                        <i>-0.0686299 0.803491 -0.591348 -0.980027 0.0565966 0.190639 0.186645 0.592621 0.783559 -0.0162775 1.54831 -0.337389</i>
                        <i>-0.00569249 0.71215 -0.702004 -0.991904 0.0850417 0.0943141 0.126865 0.696857 0.7059 0.0477356 1.49294 -0.390579</i>
                        <i>0.0930172 0.606592 -0.789553 -0.986648 0.162633 0.0087099 0.133691 0.7782 0.613621 0.123188 1.42993 -0.422609</i>
                        <i>0.2192 0.488128 -0.844797 -0.956491 0.278387 -0.0873282 0.192553 0.827183 0.527913 0.20372 1.36063 -0.431113</i>
                        <i>0.364877 0.357381 -0.859734 -0.887583 0.412383 -0.205274 0.281178 0.837985 0.467675 0.282941 1.28631 -0.415261</i>
                        <i>0.515016 0.216466 -0.829398 -0.772459 0.536636 -0.339601 0.371573 0.815576 0.443587 0.353426 1.20892 -0.376576</i>
                        <i>0.650023 0.0698614 -0.756696 -0.619531 0.625356 -0.474459 0.440058 0.777206 0.449777 0.408045 1.13089 -0.319854</i>
                        <i>0.756083 -0.0782184 -0.649784 -0.447657 0.662452 -0.600633 0.477432 0.745009 0.465854 0.442356 1.05427 -0.251514</i>
                        <i>0.828551 -0.2283 -0.511255 -0.260809 0.650625 -0.713208 0.495461 0.72427 0.479533 0.454427 0.980677 -0.17806</i>
                        <i>0.857842 -0.378958 -0.347128 -0.0573935 0.60059 -0.797495 0.510698 0.704047 0.493462 0.444382 0.911478 -0.105563</i>
                        <i>0.833305 -0.522735 -0.179861 0.143644 0.518927 -0.842663 0.533824 0.67636 0.507513 0.413877 0.847853 -0.0404608</i>
                        <i>0.757408 -0.652067 -0.0337908 0.322869 0.419006 -0.84864 0.567528 0.631857 0.527891 0.366145 0.790878 0.0119669</i>
                        <i>0.638987 -0.764803 0.0822946 0.475655 0.308779 -0.823656 0.604523 0.565449 0.561087 0.305295 0.741613 0.0485801</i>
                        <i>0.493923 -0.856379 0.150516 0.591805 0.204277 -0.779768 0.63703 0.474222 0.607706 0.238014 0.701602 0.0642525</i>
                        <i>0.342516 -0.92515 0.163649 0.675377 0.121371 -0.727417 0.653107 0.359677 0.666396 0.171032 0.671451 0.0579158</i>
                        <i>0.189101 -0.972832 0.133559 0.744354 0.0533017 -0.665654 0.640451 0.225291 0.734211 0.107561 0.651132 0.0330991</i>
                        <i>0.0449073 -0.99708 0.0617657 0.804922 -0.000505178 -0.593381 0.591679 0.0763637 0.802549 0.0516785 0.641229 -0.00824897</i>
                        <i>-0.065509 -0.996558 -0.0507954 0.860163 -0.0305938 -0.5091 0.505794 -0.0770429 0.859207 0.0097631 0.642543 -0.0643187</i>
                        <i>-0.113167 -0.97461 -0.193204 0.921827 -0.0304385 -0.386405 0.370714 -0.221829 0.901867 -0.0155579 0.6555 -0.130476</i>
                        <i>-0.0991642 -0.934381 -0.342197 0.977255 -0.0266656 -0.210384 0.187454 -0.355277 0.915773 -0.0249757 0.680386 -0.201577</i>
                        <i>-0.0387561 -0.876652 -0.479561 0.99917 -0.0400373 -0.0075592 -0.0125736 -0.479456 0.877476 -0.0160366 0.717173 -0.272857</i>
                        <i>0.0674391 -0.803331 -0.591702 0.980153 -0.0574642 0.18973 -0.186417 -0.592754 0.783512 0.0164412 0.764388 -0.337339</i>
                        <i>0.21114 -0.711987 -0.669697 0.920404 -0.0858299 0.381432 -0.329055 -0.696927 0.637193 0.0696779 0.819747 -0.387223</i>
                        <i>0.366894 -0.606445 -0.705417 0.810857 -0.163195 0.562031 -0.455961 -0.778198 0.431865 0.136425 0.882753 -0.418485</i>
                        <i>0.523101 -0.488007 -0.698724 0.665232 -0.278693 0.692674 -0.532759 -0.827152 0.178853 0.210146 0.952065 -0.42799</i>
                        <i>0.666586 -0.357293 -0.654221 0.515823 -0.412495 0.750849 -0.538136 -0.837968 -0.0906631 0.28325 1.02638 -0.415034</i>
                        <i>0.788416 -0.216417 -0.575816 0.396634 -0.53665 0.744774 -0.470193 -0.81558 -0.337265 0.349141 1.10379 -0.380546</i>
                        <i>0.88233 -0.0698479 -0.465418 0.324773 -0.625351 0.709548 -0.34061 -0.777211 -0.529081 0.40264 1.18182 -0.326631</i>
                        <i>0.940772 0.0782185 -0.329894 0.296334 -0.662452 0.687999 -0.164725 -0.745009 -0.646395 0.438995 1.25844 -0.257334</i>
                        <i>0.954985 0.228434 -0.189265 0.294357 -0.650443 0.700199 0.0368435 -0.724391 -0.688405 0.454256 1.33202 -0.178497</i>
                        <i>0.923165 0.379509 -0.0611512 0.295783 -0.599688 0.743564 0.245518 -0.704519 -0.665863 0.446245 1.40117 -0.097469</i>
                        <i>0.850278 0.523919 0.0503617 0.270222 -0.516644 0.81244 0.451672 -0.677191 -0.580865 0.415381 1.46471 -0.0212227</i>
                        <i>0.743277 0.653874 0.141378 0.195999 -0.414906 0.888503 0.639627 -0.632694 -0.436549 0.363943 1.5216 0.0434169</i>
                        <i>0.61087 0.766862 0.196879 0.0741749 -0.303008 0.950097 0.788249 -0.565782 -0.24198 0.296217 1.57082 0.08955</i>
                        <i>0.464401 0.858169 0.218809 -0.0945027 -0.197638 0.975709 0.880568 -0.473799 -0.0106841 0.21818 1.61086 0.115725</i>
                        <i>0.313717 0.926374 0.208358 -0.291383 -0.114923 0.949678 0.903702 -0.358643 0.233877 0.135562 1.64109 0.120044</i>
                        <i>0.173665 0.973417 0.149331 -0.48331 -0.0478747 0.874139 0.858051 -0.22398 0.462148 0.0560051 1.66149 0.0982258</i>
                        <i>0.0598572 0.99716 0.0456947 -0.652228 0.00441599 0.75801 0.755656 -0.0751757 0.65064 -0.0123174 1.67145 0.0514247</i>
                        <i>-0.0219884 0.996424 -0.0815776 -0.788502 0.0328807 0.614152 0.614639 0.0778283 0.78496 -0.0636299 1.67017 -0.014129</i>
                        <i>-0.0797841 0.974512 -0.209668 -0.877024 0.031346 0.479423 0.473776 0.222134 0.85217 -0.0924081 1.65722 -0.0934125</i>
                        <i>-0.110918 0.934389 -0.338547 -0.925958 0.026565 0.376691 0.36097 0.355262 0.862259 -0.0929342 1.63233 -0.180608</i>
                        <i>-0.105177 0.87677 -0.469268 -0.956884 0.039253 0.287805 0.270759 0.479306 0.834839 -0.0650476 1.59554 -0.265491</i>
                        <i>-0.0686299 0.803491 -0.591348 -0.980027 0.0565966 0.190639 0.186645 0.592621 0.783559 -0.0162775 1.54831 -0.337389</i>
                    </KeyFrames>
                </p>
            </i>
            <i>
                <p>
                    <Name><![CDATA[head]]></Name>
                    <Exclude>0</Exclude>
                    <Additive>0</Additive>
                    <IKPriority>0</IKPriority>
                    <IKRotLimits>-1e+010 -1e+010 -1e+010 1e+010 1e+010 1e+010</IKRotLimits>
                    <IKRotLimitOrder>0</IKRotLimitOrder>
                    <KeyFrames count="43">
                        <i>-0.38846 0.182825 -0.903147 0.0205664 -0.978155 -0.206855 -0.921236 -0.0989294 0.376214 -0.0494709 1.73269 -0.488059</i>
                        <i>-0.299254 0.019775 -0.953969 0.0397247 -0.99866 -0.0331627 -0.953346 -0.0478202 0.298067 0.0237811 1.65907 -0.571999</i>
                        <i>-0.201171 -0.117895 -0.972436 -0.0242115 -0.991829 0.125254 -0.979257 0.0487418 0.196673 0.119191 1.57359 -0.630387</i>
                        <i>-0.107373 -0.238192 -0.965264 -0.153382 -0.955285 0.252792 -0.982316 0.175198 0.0660377 0.228964 1.4784 -0.658068</i>
                        <i>-0.0269039 -0.345229 -0.938133 -0.326922 -0.883828 0.33462 -0.944668 0.315699 -0.0890844 0.345094 1.37487 -0.651778</i>
                        <i>0.0490233 -0.443434 -0.894965 -0.514476 -0.779238 0.357913 -0.856102 0.442892 -0.266337 0.456468 1.2648 -0.611068</i>
                        <i>0.122618 -0.538905 -0.833394 -0.682717 -0.655277 0.323279 -0.720321 0.529333 -0.448269 0.550444 1.15094 -0.54041</i>
                        <i>0.179862 -0.628181 -0.756993 -0.81091 -0.530303 0.247393 -0.556843 0.569356 -0.60478 0.617788 1.03593 -0.447417</i>
                        <i>0.216685 -0.708781 -0.671324 -0.900389 -0.410857 0.14316 -0.377288 0.573432 -0.727206 0.65387 0.921951 -0.339191</i>
                        <i>0.22918 -0.78273 -0.578628 -0.956255 -0.292078 0.0163569 -0.181808 0.549567 -0.815428 0.655573 0.811792 -0.223684</i>
                        <i>0.208986 -0.847136 -0.488555 -0.977795 -0.173065 -0.118178 0.015561 0.502404 -0.864493 0.621329 0.709059 -0.11317</i>
                        <i>0.154191 -0.897004 -0.414256 -0.967249 -0.0514771 -0.248557 0.201632 0.439014 -0.875564 0.554479 0.617305 -0.0194298</i>
                        <i>0.0704741 -0.928006 -0.365838 -0.925963 0.075535 -0.369981 0.370979 0.364827 -0.853977 0.461514 0.539004 0.0507826</i>
                        <i>-0.0301037 -0.933715 -0.35675 -0.858816 0.206769 -0.468702 0.511399 0.292273 -0.808114 0.354012 0.477337 0.086889</i>
                        <i>-0.129031 -0.911092 -0.391489 -0.771061 0.340426 -0.538121 0.623551 0.232428 -0.746433 0.244991 0.433155 0.0858172</i>
                        <i>-0.212886 -0.861095 -0.46173 -0.659803 0.475237 -0.582074 0.720653 0.180736 -0.669324 0.140345 0.405573 0.0538864</i>
                        <i>-0.268759 -0.784449 -0.558935 -0.528559 0.605221 -0.595258 0.805229 0.135449 -0.577286 0.04784 0.394978 -0.00595618</i>
                        <i>-0.28208 -0.684789 -0.671933 -0.392963 0.721398 -0.570233 0.875221 0.103193 -0.472589 -0.020087 0.401563 -0.0907222</i>
                        <i>-0.209396 -0.57081 -0.793932 -0.26878 0.814256 -0.514533 0.940165 0.105652 -0.323925 -0.0526695 0.423989 -0.192736</i>
                        <i>-0.0414163 -0.448133 -0.893007 -0.158317 0.885426 -0.436986 0.986519 0.12328 -0.107618 -0.0506268 0.461532 -0.300049</i>
                        <i>0.174139 -0.317676 -0.932072 -0.0678717 0.940411 -0.333198 0.982379 0.121284 0.142201 -0.0173179 0.514189 -0.401939</i>
                        <i>0.38846 -0.182825 -0.903147 -0.0205663 0.978155 -0.206855 0.921236 0.0989294 0.376214 0.049471 0.580025 -0.488059</i>
                        <i>0.567171 -0.0197707 -0.823363 -0.0281823 0.998661 -0.0433933 0.823118 0.0478157 0.565854 0.145872 0.653647 -0.553602</i>
                        <i>0.714039 0.117893 -0.690109 -0.0505535 0.991829 0.11713 0.698279 -0.048748 0.714164 0.256629 0.739127 -0.588001</i>
                        <i>0.821643 0.238186 -0.517851 -0.102012 0.955286 0.277528 0.560799 -0.175202 0.809202 0.371745 0.834318 -0.589319</i>
                        <i>0.883122 0.345224 -0.317674 -0.192059 0.88383 0.426565 0.42803 -0.315697 0.846833 0.480651 0.937852 -0.559367</i>
                        <i>0.888801 0.443433 -0.115755 -0.318474 0.779242 0.539774 0.329555 -0.442887 0.833813 0.575253 1.04793 -0.500862</i>
                        <i>0.839785 0.538903 0.0659148 -0.467098 0.655279 0.593657 0.276731 -0.529333 0.802014 0.649352 1.16179 -0.416394</i>
                        <i>0.745506 0.628181 0.222731 -0.619704 0.530303 0.578572 0.245333 -0.569356 0.78463 0.696372 1.2768 -0.311315</i>
                        <i>0.615457 0.70879 0.344716 -0.757402 0.410856 0.507484 0.218071 -0.573423 0.789703 0.71003 1.39078 -0.196104</i>
                        <i>0.45754 0.782745 0.421863 -0.868648 0.292075 0.400179 0.190022 -0.549548 0.813565 0.687703 1.50094 -0.0829154</i>
                        <i>0.279467 0.847152 0.45192 -0.949257 0.173062 0.262605 0.144256 -0.502378 0.85253 0.631253 1.60367 0.0192947</i>
                        <i>0.0907268 0.897019 0.43258 -0.99349 0.0514727 0.101632 0.0689 -0.438985 0.895849 0.545385 1.69542 0.101845</i>
                        <i>-0.0952355 0.928017 0.360159 -0.994794 -0.0755393 -0.0684084 -0.0362779 -0.364799 0.930379 0.437839 1.77372 0.15448</i>
                        <i>-0.264717 0.933721 0.241019 -0.948356 -0.206773 -0.240552 -0.174772 -0.29225 0.940236 0.318605 1.83538 0.177085</i>
                        <i>-0.403552 0.911094 0.0839858 -0.851558 -0.340429 -0.398694 -0.334656 -0.232412 0.91323 0.196813 1.87956 0.169251</i>
                        <i>-0.497523 0.861095 -0.104811 -0.714301 -0.475239 -0.513734 -0.492184 -0.180728 0.851523 0.0837642 1.90714 0.124828</i>
                        <i>-0.537286 0.784449 -0.309779 -0.554095 -0.605222 -0.571564 -0.635848 -0.135447 0.759837 -0.00951444 1.91774 0.0472557</i>
                        <i>-0.52243 0.684789 -0.508066 -0.387249 -0.721398 -0.574128 -0.759674 -0.103193 0.642064 -0.0771117 1.91115 -0.0518466</i>
                        <i>-0.490166 0.570802 -0.658728 -0.23469 -0.814262 -0.530941 -0.839439 -0.105652 0.533085 -0.117848 1.88872 -0.16135</i>
                        <i>-0.46886 0.448112 -0.761161 -0.115282 -0.885425 -0.450258 -0.875717 -0.123359 0.4668 -0.127229 1.85118 -0.27641</i>
                        <i>-0.4412 0.317642 -0.839313 -0.0332163 -0.940402 -0.338439 -0.896794 -0.12144 0.425456 -0.102002 1.79853 -0.389153</i>
                        <i>-0.38846 0.182825 -0.903147 0.0205664 -0.978155 -0.206855 -0.921236 -0.0989294 0.376214 -0.0494709 1.73269 -0.488059</i>
                    </KeyFrames>
                </p>
            </i>
            <i>
                <p>
                    <Name><![CDATA[head_prop]]></Name>
                    <Exclude>0</Exclude>
                    <Additive>0</Additive>
                    <IKPriority>0</IKPriority>
                    <IKRotLimits>-1e+010 -1e+010 -1e+010 1e+010 1e+010 1e+010</IKRotLimits>
                    <IKRotLimitOrder>0</IKRotLimitOrder>
                    <KeyFrames count="43">
                        <i>0.921236 0.0989294 -0.376214 -0.38846 0.182825 -0.903147 -0.0205664 0.978155 0.206855 -0.176073 1.79227 -0.782403</i>
                        <i>0.953346 0.0478202 -0.298067 -0.299254 0.019775 -0.953969 -0.0397247 0.99866 0.0331627 -0.0737483 1.66551 -0.882905</i>
                        <i>0.979257 -0.0487418 -0.196673 -0.201171 -0.117895 -0.972436 0.0242115 0.991829 -0.125254 0.0536272 1.53517 -0.947312</i>
                        <i>0.982316 -0.175198 -0.0660377 -0.107373 -0.238192 -0.965264 0.153382 0.955285 -0.252792 0.19397 1.40077 -0.972657</i>
                        <i>0.944668 -0.315699 0.0890844 -0.0269039 -0.345229 -0.938133 0.326922 0.883828 -0.33462 0.336326 1.26236 -0.957524</i>
                        <i>0.856102 -0.442892 0.266337 0.0490233 -0.443434 -0.894965 0.514476 0.779238 -0.357913 0.472445 1.12028 -0.902745</i>
                        <i>0.720321 -0.529333 0.448269 0.122618 -0.538905 -0.833394 0.682717 0.655277 -0.323279 0.590407 0.975304 -0.812021</i>
                        <i>0.556843 -0.569356 0.60478 0.179862 -0.628181 -0.756993 0.81091 0.530303 -0.247393 0.676407 0.8312 -0.694127</i>
                        <i>0.377288 -0.573432 0.727206 0.216685 -0.708781 -0.671324 0.900389 0.410857 -0.14316 0.724489 0.690952 -0.557981</i>
                        <i>0.181808 -0.549567 0.815428 0.22918 -0.78273 -0.578628 0.956255 0.292078 -0.0163569 0.730265 0.556693 -0.412264</i>
                        <i>-0.015561 -0.502404 0.864493 0.208986 -0.847136 -0.488555 0.977795 0.173065 0.118178 0.689439 0.43297 -0.272394</i>
                        <i>-0.201632 -0.439014 0.875564 0.154191 -0.897004 -0.414256 0.967249 0.0514771 0.248557 0.604731 0.324964 -0.15444</i>
                        <i>-0.370979 -0.364827 0.853977 0.0704741 -0.928006 -0.365838 0.925963 -0.075535 0.369981 0.484482 0.236558 -0.0684474</i>
                        <i>-0.511399 -0.292273 0.808114 -0.0301037 -0.933715 -0.35675 0.858816 -0.206769 0.468702 0.344201 0.173031 -0.029379</i>
                        <i>-0.623551 -0.232428 0.746433 -0.129031 -0.911092 -0.391489 0.771061 -0.340426 0.538121 0.202939 0.136222 -0.0417724</i>
                        <i>-0.720653 -0.180736 0.669324 -0.212886 -0.861095 -0.46173 0.659803 -0.475237 0.582074 0.0709635 0.124935 -0.0965957</i>
                        <i>-0.805229 -0.135449 0.577286 -0.268759 -0.784449 -0.558935 0.528559 -0.605221 0.595258 -0.039751 0.139319 -0.188118</i>
                        <i>-0.875221 -0.103193 0.472589 -0.28208 -0.684789 -0.671933 0.392963 -0.721398 0.570233 -0.112019 0.178384 -0.309711</i>
                        <i>-0.940165 -0.105652 0.323925 -0.209396 -0.57081 -0.793932 0.26878 -0.814256 0.514533 -0.120914 0.237957 -0.451486</i>
                        <i>-0.986519 -0.12328 0.107618 -0.0414163 -0.448133 -0.893007 0.158317 -0.885426 0.436986 -0.0641247 0.315481 -0.591088</i>
                        <i>-0.982379 -0.121284 -0.142201 0.174139 -0.317676 -0.932072 0.0678717 -0.940411 0.333198 0.0394357 0.410656 -0.70571</i>
                        <i>-0.921236 -0.0989294 -0.376214 0.38846 -0.182825 -0.903147 0.0205663 -0.978155 0.206855 0.176074 0.52044 -0.782403</i>
                        <i>-0.823118 -0.0478157 -0.565854 0.567171 -0.0197707 -0.823363 0.0281823 -0.998661 0.0433933 0.330718 0.647203 -0.821943</i>
                        <i>-0.698279 0.048748 -0.714164 0.714039 0.117893 -0.690109 0.0505535 -0.991829 -0.11713 0.48934 0.777549 -0.812913</i>
                        <i>-0.560799 0.175202 -0.809202 0.821643 0.238186 -0.517851 0.102012 -0.955286 -0.277528 0.639526 0.911945 -0.758091</i>
                        <i>-0.42803 0.315697 -0.846833 0.883122 0.345224 -0.317674 0.192059 -0.88383 -0.426565 0.768468 1.05036 -0.6629</i>
                        <i>-0.329555 0.442887 -0.833813 0.888801 0.443433 -0.115755 0.318474 -0.779242 -0.539774 0.864922 1.19245 -0.538588</i>
                        <i>-0.276731 0.529333 -0.802014 0.839785 0.538903 0.0659148 0.467098 -0.655279 -0.593657 0.923046 1.33742 -0.394912</i>
                        <i>-0.245333 0.569356 -0.78463 0.745506 0.628181 0.222731 0.619704 -0.530303 -0.578572 0.93934 1.48153 -0.238724</i>
                        <i>-0.218071 0.573423 -0.789703 0.615457 0.70879 0.344716 0.757402 -0.410856 -0.507484 0.910613 1.62178 -0.0837576</i>
                        <i>-0.190022 0.549548 -0.813565 0.45754 0.782745 0.421863 0.868648 -0.292075 -0.400179 0.836819 1.75604 0.0545735</i>
                        <i>-0.144256 0.502378 -0.85253 0.279467 0.847152 0.45192 0.949257 -0.173062 -0.262605 0.722333 1.87977 0.16658</i>
                        <i>-0.0689 0.438985 -0.895849 0.0907268 0.897019 0.43258 0.99349 -0.0514727 -0.101632 0.574954 1.98777 0.242827</i>
                        <i>0.0362779 0.364799 -0.930379 -0.0952355 0.928017 0.360159 0.994794 0.0755393 0.0684084 0.4068 2.07617 0.27186</i>
                        <i>0.174772 0.29225 -0.940236 -0.264717 0.933721 0.241019 0.948356 0.206773 0.240552 0.232331 2.13969 0.255635</i>
                        <i>0.334656 0.232412 -0.91323 -0.403552 0.911094 0.0839858 0.851558 0.340429 0.398694 0.065292 2.1765 0.196623</i>
                        <i>0.492184 0.180728 -0.851523 -0.497523 0.861095 -0.104811 0.714301 0.475239 0.513734 -0.0783831 2.18778 0.090669</i>
                        <i>0.635848 0.135447 -0.759837 -0.537286 0.784449 -0.309779 0.554095 0.605222 0.571564 -0.184621 2.1734 -0.053704</i>
                        <i>0.759674 0.103193 -0.642064 -0.52243 0.684789 -0.508066 0.387249 0.721398 0.574128 -0.247376 2.13433 -0.21743</i>
                        <i>0.839439 0.105652 -0.533085 -0.490166 0.570802 -0.658728 0.23469 0.814262 0.530941 -0.277597 2.07475 -0.376035</i>
                        <i>0.875717 0.123359 -0.4668 -0.46886 0.448112 -0.761161 0.115282 0.885425 0.450258 -0.280035 1.99723 -0.524479</i>
                        <i>0.896794 0.12144 -0.425456 -0.4412 0.317642 -0.839313 0.0332163 0.940402 0.338439 -0.245793 1.90206 -0.662693</i>
                        <i>0.921236 0.0989294 -0.376214 -0.38846 0.182825 -0.903147 -0.0205664 0.978155 0.206855 -0.176073 1.79227 -0.782403</i>
                    </KeyFrames>
