<?xml version="1.0" encoding="ISO-8859-1" ?>
<Animl Version="1">
    <ModellingPackage><![CDATA[Maya.2010]]></ModellingPackage>
    <SrcFile><![CDATA[anims\characters\shared\base_soldier\~src\infantry\ts2_flag_charge.mb]]></SrcFile>
    <FramesPerSecond>24</FramesPerSecond>
    <TotalFrames>95</TotalFrames>
    <Skeleton>
        <RefFrame>
            <Name><![CDATA[soldier_ref_frame]]></Name>
            <Exclude>0</Exclude>
            <Additive>0</Additive>
            <IKPriority>0</IKPriority>
            <IKRotLimits>-1e+010 -1e+010 -1e+010 1e+010 1e+010 1e+010</IKRotLimits>
            <IKRotLimitOrder>0</IKRotLimitOrder>
            <KeyFrames count="95">
                <i>1 0 0 0 1 0 0 0 1 0 0 0</i>
                <i>1 0 0 0 1 0 0 0 1 0 0 0</i>
                <i>1 0 0 0 1 0 0 0 1 0 0 0</i>
                <i>1 0 0 0 1 0 0 0 1 0 0 0</i>
                <i>1 0 0 0 1 0 0 0 1 0 0 0</i>
                <i>1 0 0 0 1 0 0 0 1 0 0 0</i>
                <i>1 0 0 0 1 0 0 0 1 0 0 0</i>
                <i>1 0 0 0 1 0 0 0 1 0 0 0</i>
                <i>1 0 0 0 1 0 0 0 1 0 0 0</i>
                <i>1 0 0 0 1 0 0 0 1 0 0 0</i>
                <i>1 0 0 0 1 0 0 0 1 0 0 0</i>
                <i>1 0 0 0 1 0 0 0 1 0 0 0</i>
                <i>1 0 0 0 1 0 0 0 1 0 0 0</i>
                <i>1 0 0 0 1 0 0 0 1 0 0 0</i>
                <i>1 0 0 0 1 0 0 0 1 0 0 0</i>
                <i>1 0 0 0 1 0 0 0 1 0 0 0</i>
                <i>1 0 0 0 1 0 0 0 1 0 0 0</i>
                <i>1 0 0 0 1 0 0 0 1 0 0 0</i>
                <i>1 0 0 0 1 0 0 0 1 0 0 0</i>
                <i>1 0 0 0 1 0 0 0 1 0 0 0</i>
                <i>1 0 0 0 1 0 0 0 1 0 0 0</i>
                <i>1 0 0 0 1 0 0 0 1 0 0 0</i>
                <i>1 0 0 0 1 0 0 0 1 0 0 0</i>
                <i>1 0 0 0 1 0 0 0 1 0 0 0</i>
                <i>1 0 0 0 1 0 0 0 1 0 0 0</i>
                <i>1 0 0 0 1 0 0 0 1 0 0 0</i>
                <i>1 0 0 0 1 0 0 0 1 0 0 0</i>
                <i>1 0 0 0 1 0 0 0 1 0 0 0</i>
                <i>1 0 0 0 1 0 0 0 1 0 0 0</i>
                <i>1 0 0 0 1 0 0 0 1 0 0 0</i>
                <i>1 0 0 0 1 0 0 0 1 0 0 0</i>
                <i>1 0 0 0 1 0 0 0 1 0 0 0</i>
                <i>1 0 0 0 1 0 0 0 1 0 0 0</i>
                <i>1 0 0 0 1 0 0 0 1 0 0 0</i>
                <i>1 0 0 0 1 0 0 0 1 0 0 0</i>
                <i>1 0 0 0 1 0 0 0 1 0 0 0</i>
                <i>1 0 0 0 1 0 0 0 1 0 0 0</i>
                <i>1 0 0 0 1 0 0 0 1 0 0 0</i>
                <i>1 0 0 0 1 0 0 0 1 0 0 0</i>
                <i>1 0 0 0 1 0 0 0 1 0 0 0</i>
                <i>1 0 0 0 1 0 0 0 1 0 0 0</i>
                <i>1 0 0 0 1 0 0 0 1 0 0 0</i>
                <i>1 0 0 0 1 0 0 0 1 0 0 0</i>
                <i>1 0 0 0 1 0 0 0 1 0 0 0</i>
                <i>1 0 0 0 1 0 0 0 1 0 0 0</i>
                <i>1 0 0 0 1 0 0 0 1 0 0 0</i>
                <i>1 0 0 0 1 0 0 0 1 0 0 0</i>
                <i>1 0 0 0 1 0 0 0 1 0 0 0</i>
                <i>1 0 0 0 1 0 0 0 1 0 0 0</i>
                <i>1 0 0 0 1 0 0 0 1 0 0 0</i>
                <i>1 0 0 0 1 0 0 0 1 0 0 0</i>
                <i>1 0 0 0 1 0 0 0 1 0 0 0</i>
                <i>1 0 0 0 1 0 0 0 1 0 0 0</i>
                <i>1 0 0 0 1 0 0 0 1 0 0 0</i>
                <i>1 0 0 0 1 0 0 0 1 0 0 0</i>
                <i>1 0 0 0 1 0 0 0 1 0 0 0</i>
                <i>1 0 0 0 1 0 0 0 1 0 0 0</i>
                <i>1 0 0 0 1 0 0 0 1 0 0 0</i>
                <i>1 0 0 0 1 0 0 0 1 0 0 0</i>
                <i>1 0 0 0 1 0 0 0 1 0 0 0</i>
                <i>1 0 0 0 1 0 0 0 1 0 0 0</i>
                <i>1 0 0 0 1 0 0 0 1 0 0 0</i>
                <i>1 0 0 0 1 0 0 0 1 0 0 0</i>
                <i>1 0 0 0 1 0 0 0 1 0 0 0</i>
                <i>1 0 0 0 1 0 0 0 1 0 0 0</i>
                <i>1 0 0 0 1 0 0 0 1 0 0 0</i>
                <i>1 0 0 0 1 0 0 0 1 0 0 0</i>
                <i>1 0 0 0 1 0 0 0 1 0 0 0</i>
                <i>1 0 0 0 1 0 0 0 1 0 0 0</i>
                <i>1 0 0 0 1 0 0 0 1 0 0 0</i>
                <i>1 0 0 0 1 0 0 0 1 0 0 0</i>
                <i>1 0 0 0 1 0 0 0 1 0 0 0</i>
                <i>1 0 0 0 1 0 0 0 1 0 0 0</i>
                <i>1 0 0 0 1 0 0 0 1 0 0 0</i>
                <i>1 0 0 0 1 0 0 0 1 0 0 0</i>
                <i>1 0 0 0 1 0 0 0 1 0 0 0</i>
                <i>1 0 0 0 1 0 0 0 1 0 0 0</i>
                <i>1 0 0 0 1 0 0 0 1 0 0 0</i>
                <i>1 0 0 0 1 0 0 0 1 0 0 0</i>
                <i>1 0 0 0 1 0 0 0 1 0 0 0</i>
                <i>1 0 0 0 1 0 0 0 1 0 0 0</i>
                <i>1 0 0 0 1 0 0 0 1 0 0 0</i>
                <i>1 0 0 0 1 0 0 0 1 0 0 0</i>
                <i>1 0 0 0 1 0 0 0 1 0 0 0</i>
                <i>1 0 0 0 1 0 0 0 1 0 0 0</i>
                <i>1 0 0 0 1 0 0 0 1 0 0 0</i>
                <i>1 0 0 0 1 0 0 0 1 0 0 0</i>
                <i>1 0 0 0 1 0 0 0 1 0 0 0</i>
                <i>1 0 0 0 1 0 0 0 1 0 0 0</i>
                <i>1 0 0 0 1 0 0 0 1 0 0 0</i>
                <i>1 0 0 0 1 0 0 0 1 0 0 0</i>
                <i>1 0 0 0 1 0 0 0 1 0 0 0</i>
                <i>1 0 0 0 1 0 0 0 1 0 0 0</i>
                <i>1 0 0 0 1 0 0 0 1 0 0 0</i>
                <i>1 0 0 0 1 0 0 0 1 0 0 0</i>
            </KeyFrames>
        </RefFrame>
        <Bones count="23">
            <i>
                <p>
                    <Name><![CDATA[pelvis]]></Name>
                    <Exclude>0</Exclude>
                    <Additive>0</Additive>
                    <IKPriority>0</IKPriority>
                    <IKRotLimits>-1e+010 -1e+010 -1e+010 1e+010 1e+010 1e+010</IKRotLimits>
                    <IKRotLimitOrder>2</IKRotLimitOrder>
                    <KeyFrames count="95">
                        <i>1 0 0 0 1 0 0 0 1 -0.0520964 1.11995 0.0732933</i>
                        <i>1 0 0 0 1 0 0 0 1 -0.0508744 1.11283 0.0732933</i>
                        <i>1 0 0 0 1 0 0 0 1 -0.0481859 1.09719 0.0732933</i>
                        <i>1 0 0 0 1 0 0 0 1 -0.0454974 1.08164 0.0732933</i>
                        <i>1 0 0 0 1 0 0 0 1 -0.0442754 1.07475 0.0732933</i>
                        <i>1 0 0 0 1 0 0 0 1 -0.0442754 1.07939 0.0732933</i>
                        <i>1 0 0 0 1 0 0 0 1 -0.0442754 1.09023 0.0732933</i>
                        <i>1 0 0 0 1 0 0 0 1 -0.0442754 1.10354 0.0732933</i>
                        <i>1 0 0 0 1 0 0 0 1 -0.0442754 1.11561 0.0732933</i>
                        <i>1 0 0 0 1 0 0 0 1 -0.0442754 1.12272 0.0732933</i>
                        <i>1 0 0 0 1 0 0 0 1 -0.0442754 1.11947 0.0732933</i>
                        <i>1 0 0 0 1 0 0 0 1 -0.0442754 1.10932 0.0732933</i>
                        <i>1 0 0 0 1 0 0 0 1 -0.0442754 1.10186 0.0732933</i>
                        <i>1 0 0 0 1 0 0 0 1 -0.0442754 1.09914 0.0732933</i>
                        <i>1 0 0 0 1 0 0 0 1 -0.0442754 1.09681 0.0732933</i>
                        <i>1 0 0 0 1 0 0 0 1 -0.0442754 1.09487 0.0732933</i>
                        <i>1 0 0 0 1 0 0 0 1 -0.0442754 1.0933 0.0732933</i>
                        <i>1 0 0 0 1 0 0 0 1 -0.0442754 1.09209 0.0732933</i>
                        <i>1 0 0 0 1 0 0 0 1 -0.0442754 1.09124 0.0732933</i>
                        <i>1 0 0 0 1 0 0 0 1 -0.0442754 1.09074 0.0732933</i>
                        <i>1 0 0 0 1 0 0 0 1 -0.0442754 1.09057 0.0732933</i>
                        <i>1 0 0 0 1 0 0 0 1 -0.0442754 1.09073 0.0732933</i>
                        <i>1 0 0 0 1 0 0 0 1 -0.0442754 1.0912 0.0732933</i>
                        <i>1 0 0 0 1 0 0 0 1 -0.0442754 1.09197 0.0732933</i>
                        <i>1 0 0 0 1 0 0 0 1 -0.0442754 1.09301 0.0732933</i>
                        <i>1 0 0 0 1 0 0 0 1 -0.0442754 1.09432 0.0732933</i>
                        <i>1 0 0 0 1 0 0 0 1 -0.0442754 1.09587 0.0732933</i>
                        <i>1 0 0 0 1 0 0 0 1 -0.0442754 1.09766 0.0732933</i>
                        <i>1 0 0 0 1 0 0 0 1 -0.0442754 1.09966 0.0732933</i>
                        <i>1 0 0 0 1 0 0 0 1 -0.0442754 1.10186 0.0732933</i>
                        <i>1 0 0 0 1 0 0 0 1 -0.0442754 1.1055 0.0732933</i>
                        <i>1 0 0 0 1 0 0 0 1 -0.0442754 1.11086 0.0732933</i>
                        <i>1 0 0 0 1 0 0 0 1 -0.0442754 1.11648 0.0732933</i>
                        <i>1 0 0 0 1 0 0 0 1 -0.0442754 1.12092 0.0732933</i>
                        <i>1 0 0 0 1 0 0 0 1 -0.0442754 1.12272 0.0732933</i>
                        <i>1 0 0 0 1 0 0 0 1 -0.0442754 1.12059 0.0732933</i>
                        <i>1 0 0 0 1 0 0 0 1 -0.0442754 1.11551 0.0732933</i>
                        <i>1 0 0 0 1 0 0 0 1 -0.0442754 1.10939 0.0732933</i>
                        <i>1 0 0 0 1 0 0 0 1 -0.0442754 1.1042 0.0732933</i>
                        <i>1 0 0 0 1 0 0 0 1 -0.0442754 1.10186 0.0732933</i>
                        <i>1 0 0 0 1 0 0 0 1 -0.0434794 1.10202 0.0732933</i>
                        <i>1 0 0 0 1 0 0 0 1 -0.0413188 1.1029 0.0732933</i>
                        <i>1 0 0 0 1 0 0 0 1 -0.0381348 1.10437 0.0732933</i>
                        <i>1 0 0 0 1 0 0 0 1 -0.0342685 1.10627 0.0732933</i>
                        <i>1 0 0 0 1 0 0 0 1 -0.0300611 1.10847 0.0732933</i>
                        <i>1 0 0 0 1 0 0 0 1 -0.0258537 1.11083 0.0732933</i>
                        <i>1 0 0 0 1 0 0 0 1 -0.0219874 1.11318 0.0732933</i>
                        <i>1 0 0 0 1 0 0 0 1 -0.0188034 1.1154 0.0732933</i>
                        <i>1 0 0 0 1 0 0 0 1 -0.0166428 1.11733 0.0732933</i>
                        <i>1 0 0 0 1 0 0 0 1 -0.0158468 1.11883 0.0732933</i>
                        <i>1 0 0 0 1 0 0 0 1 -0.0176669 1.12081 0.0732933</i>
                        <i>1 0 0 0 1 0 0 0 1 -0.0224446 1.12337 0.0732933</i>
                        <i>1 0 0 0 1 0 0 0 1 -0.029156 1.12509 0.0732933</i>
                        <i>1 0 0 0 1 0 0 0 1 -0.0367773 1.12457 0.0732933</i>
                        <i>1 0 0 0 1 0 0 0 1 -0.0442846 1.12042 0.0732933</i>
                        <i>1 0 0 0 1 0 0 0 1 -0.0506539 1.10881 0.0732933</i>
                        <i>1 0 0 0 1 0 0 0 1 -0.0548616 1.09066 0.0732933</i>
                        <i>1 0 0 0 1 0 0 0 1 -0.0558836 1.07172 0.0732933</i>
                        <i>1 0 0 0 1 0 0 0 1 -0.0526962 1.05775 0.0732933</i>
                        <i>1 0 0 0 1 0 0 0 1 -0.0442754 1.05449 0.0732933</i>
                        <i>1 0 0 0 1 0 0 0 1 -0.0204421 1.06684 0.0628954</i>
                        <i>1 0 0 0 1 0 0 0 1 0.0215341 1.09096 0.0400103</i>
                        <i>1 0 0 0 1 0 0 0 1 0.0715049 1.11951 0.0171003</i>
                        <i>1 0 0 0 1 0 0 0 1 0.119321 1.14515 0.00662806</i>
                        <i>1 0 0 0 1 0 0 0 1 0.154834 1.16055 0.021056</i>
                        <i>1 0 0 0 1 0 0 0 1 0.180956 1.16514 0.0606884</i>
                        <i>1 0 0 0 1 0 0 0 1 0.204453 1.16383 0.11462</i>
                        <i>1 0 0 0 1 0 0 0 1 0.220956 1.15744 0.178501</i>
                        <i>1 0 0 0 1 0 0 0 1 0.226097 1.1468 0.24798</i>
                        <i>1 0 0 0 1 0 0 0 1 0.215508 1.13272 0.318707</i>
                        <i>1 0 0 0 1 0 0 0 1 0.175748 1.11421 0.38633</i>
                        <i>1 0 0 0 1 0 0 0 1 0.109728 1.09073 0.446499</i>
                        <i>1 0 0 0 1 0 0 0 1 0.037611 1.06377 0.494864</i>
                        <i>1 0 0 0 1 0 0 0 1 -0.0204436 1.03481 0.527073</i>
                        <i>1 0 0 0 1 0 0 0 1 -0.0442754 1.00534 0.538777</i>
                        <i>1 0 0 0 1 0 0 0 1 -0.0442754 0.971352 0.538777</i>
                        <i>1 0 0 0 1 0 0 0 1 -0.0442754 0.931851 0.538777</i>
                        <i>1 0 0 0 1 0 0 0 1 -0.0442754 0.892855 0.538777</i>
                        <i>1 0 0 0 1 0 0 0 1 -0.0442754 0.860377 0.538777</i>
                        <i>1 0 0 0 1 0 0 0 1 -0.0442754 0.840433 0.538777</i>
                        <i>1 0 0 0 1 0 0 0 1 -0.0442754 0.830873 0.538777</i>
                        <i>1 0 0 0 1 0 0 0 1 -0.0442754 0.825073 0.538777</i>
                        <i>1 0 0 0 1 0 0 0 1 -0.0442754 0.822335 0.538777</i>
                        <i>1 0 0 0 1 0 0 0 1 -0.0442754 0.821961 0.538777</i>
                        <i>1 0 0 0 1 0 0 0 1 -0.0442754 0.823252 0.538777</i>
                        <i>1 0 0 0 1 0 0 0 1 -0.0442754 0.82551 0.538777</i>
                        <i>1 0 0 0 1 0 0 0 1 -0.0442754 0.828038 0.538777</i>
                        <i>1 0 0 0 1 0 0 0 1 -0.0442754 0.830137 0.538777</i>
                        <i>1 0 0 0 1 0 0 0 1 -0.0442754 0.831108 0.538777</i>
                        <i>1 0 0 0 1 0 0 0 1 -0.0442754 0.830255 0.538777</i>
                        <i>1 0 0 0 1 0 0 0 1 -0.0442754 0.82755 0.538777</i>
                        <i>1 0 0 0 1 0 0 0 1 -0.0442754 0.823747 0.538777</i>
                        <i>1 0 0 0 1 0 0 0 1 -0.0442754 0.819316 0.538777</i>
                        <i>1 0 0 0 1 0 0 0 1 -0.0442754 0.814729 0.538777</i>
                        <i>1 0 0 0 1 0 0 0 1 -0.0442754 0.810455 0.538777</i>
                    </KeyFrames>
                </p>
            </i>
            <i>
                <p>
                    <Name><![CDATA[spine0]]></Name>
                    <Exclude>0</Exclude>
                    <Additive>0</Additive>
                    <IKPriority>0</IKPriority>
                    <IKRotLimits>-1e+010 -1e+010 -1e+010 1e+010 1e+010 1e+010</IKRotLimits>
                    <IKRotLimitOrder>0</IKRotLimitOrder>
                    <KeyFrames count="95">
                        <i>-0.0436465 0.997354 -0.0581391 -0.968198 -0.0278772 0.248628 0.24635 0.0671419 0.966853 -0.0618899 1.25614 0.0279847</i>
                        <i>-0.048775 0.998084 -0.038069 -0.947054 -0.034104 0.319258 0.317348 0.0516252 0.946903 -0.0655962 1.24961 0.0312338</i>
                        <i>-0.0449626 0.998989 0.000344187 -0.883479 -0.0399246 0.466766 0.466307 0.0206829 0.884381 -0.0693917 1.23496 0.037704</i>
                        <i>-0.0283938 0.999138 0.0302961 -0.797203 -0.0409189 0.602323 0.603043 -0.0070499 0.797678 -0.0709056 1.2202 0.0441473</i>
                        <i>-0.0175308 0.999031 0.0403614 -0.751018 -0.0398059 0.659081 0.660049 -0.0187579 0.750989 -0.0709608 1.21364 0.0469665</i>
                        <i>-0.0179315 0.99905 0.0397094 -0.750994 -0.0396772 0.659116 0.660066 -0.0180026 0.750992 -0.0709043 1.21831 0.0470639</i>
                        <i>-0.018979 0.999099 0.0379675 -0.750928 -0.039316 0.659213 0.660111 -0.0159996 0.750997 -0.0707552 1.22923 0.0473206</i>
                        <i>-0.0204373 0.999162 0.03545 -0.750831 -0.0387516 0.659357 0.660179 -0.0131415 0.750994 -0.0705442 1.24265 0.0476838</i>
                        <i>-0.0220744 0.999228 0.0324911 -0.750713 -0.0380298 0.659533 0.66026 -0.00983264 0.750973 -0.0703021 1.25484 0.0481003</i>
                        <i>-0.0236726 0.999286 0.0294615 -0.750587 -0.0372313 0.659722 0.660347 -0.0064961 0.750932 -0.0700596 1.26207 0.0485172</i>
                        <i>-0.0250333 0.999328 0.0267673 -0.750471 -0.0364749 0.659896 0.660429 -0.0035687 0.75088 -0.0698478 1.25892 0.0488811</i>
                        <i>-0.0259762 0.999354 0.0248358 -0.750385 -0.0359076 0.660025 0.66049 -0.00149151 0.750833 -0.0696979 1.24885 0.0491387</i>
                        <i>-0.0263295 0.999363 0.0240981 -0.750352 -0.0356857 0.660075 0.660514 -0.000702627 0.750813 -0.069641 1.24141 0.0492364</i>
                        <i>-0.0259303 0.999365 0.0244505 -0.750349 -0.0356188 0.660081 0.660533 -0.00123032 0.750796 -0.069641 1.23869 0.0492364</i>
                        <i>-0.0248732 0.999369 0.0253741 -0.750342 -0.0354352 0.660099 0.660581 -0.00262043 0.75075 -0.069641 1.23636 0.0492364</i>
                        <i>-0.023367 0.999371 0.0266656 -0.750332 -0.0351577 0.660125 0.660648 -0.00458291 0.750682 -0.069641 1.23442 0.0492364</i>
                        <i>-0.0216236 0.999371 0.0281254 -0.75032 -0.0348137 0.660158 0.660721 -0.00682807 0.7506 -0.069641 1.23284 0.0492364</i>
                        <i>-0.0198628 0.999366 0.0295629 -0.750306 -0.0344423 0.660193 0.660792 -0.00906798 0.750514 -0.069641 1.23164 0.0492364</i>
                        <i>-0.0183128 0.999358 0.0307984 -0.750293 -0.0340958 0.660226 0.660852 -0.0110173 0.750436 -0.069641 1.23079 0.0492364</i>
                        <i>-0.0172088 0.99935 0.0316618 -0.750283 -0.0338381 0.66025 0.660892 -0.0123932 0.750378 -0.069641 1.23029 0.0492364</i>
                        <i>-0.0167883 0.999347 0.031987 -0.75028 -0.0337377 0.660259 0.660907 -0.0129145 0.750356 -0.069641 1.23012 0.0492364</i>
                        <i>-0.0167883 0.999347 0.031987 -0.75028 -0.0337377 0.660259 0.660907 -0.0129145 0.750356 -0.069641 1.23028 0.0492364</i>
                        <i>-0.0167883 0.999347 0.031987 -0.75028 -0.0337377 0.660259 0.660907 -0.0129145 0.750356 -0.069641 1.23075 0.0492364</i>
                        <i>-0.0167883 0.999347 0.031987 -0.75028 -0.0337377 0.660259 0.660907 -0.0129145 0.750356 -0.069641 1.23152 0.0492364</i>
                        <i>-0.0167883 0.999347 0.031987 -0.75028 -0.0337377 0.660259 0.660907 -0.0129145 0.750356 -0.069641 1.23256 0.0492364</i>
                        <i>-0.0167883 0.999347 0.031987 -0.75028 -0.0337377 0.660259 0.660907 -0.0129145 0.750356 -0.069641 1.23387 0.0492364</i>
                        <i>-0.0167883 0.999347 0.031987 -0.75028 -0.0337377 0.660259 0.660907 -0.0129145 0.750356 -0.069641 1.23542 0.0492364</i>
                        <i>-0.0167883 0.999347 0.031987 -0.75028 -0.0337377 0.660259 0.660907 -0.0129145 0.750356 -0.069641 1.23721 0.0492364</i>
                        <i>-0.0167883 0.999347 0.031987 -0.75028 -0.0337377 0.660259 0.660907 -0.0129145 0.750356 -0.069641 1.23921 0.0492364</i>
                        <i>-0.0167883 0.999347 0.031987 -0.75028 -0.0337377 0.660259 0.660907 -0.0129145 0.750356 -0.069641 1.24141 0.0492364</i>
                        <i>-0.0168104 0.999338 0.0322632 -0.750307 -0.0339361 0.660217 0.660875 -0.0131088 0.750381 -0.0696845 1.24503 0.0491616</i>
                        <i>-0.0168636 0.999316 0.0329223 -0.750373 -0.0344101 0.660119 0.6608 -0.013572 0.750439 -0.0697884 1.25034 0.0489831</i>
                        <i>-0.0169283 0.999288 0.0337095 -0.750449 -0.0349771 0.660002 0.660712 -0.0141245 0.750507 -0.0699123 1.2559 0.0487703</i>
                        <i>-0.0169836 0.999265 0.0343693 -0.750511 -0.0354529 0.659906 0.660639 -0.014587 0.750562 -0.0700161 1.26029 0.048592</i>
                        <i>-0.017007 0.999255 0.034646 -0.750537 -0.0356527 0.659866 0.660609 -0.0147808 0.750584 -0.0700596 1.26207 0.0485172</i>
                        <i>-0.0117947 0.999427 0.031734 -0.750315 -0.0298242 0.660408 0.660976 -0.0160211 0.750236 -0.0700161 1.25996 0.048592</i>
                        <i>0.000617046 0.999692 0.0248222 -0.749663 -0.0159654 0.661627 0.66182 -0.0190165 0.749422 -0.0699123 1.25492 0.0487703</i>
                        <i>0.0153298 0.999743 0.0166789 -0.748669 0.000419913 0.662944 0.662766 -0.0226498 0.748484 -0.0697884 1.24887 0.0489831</i>
                        <i>0.0275044 0.999572 0.00999032 -0.747666 0.0139372 0.663928 0.663505 -0.0257303 0.74773 -0.0696845 1.24373 0.0491616</i>
                        <i>0.0325543 0.999444 0.00723111 -0.747203 0.0195318 0.664309 0.663799 -0.0270292 0.747423 -0.069641 1.24141 0.0492364</i>
                        <i>0.0323638 0.99945 0.00725562 -0.747229 0.019374 0.664284 0.663778 -0.0269204 0.747445 -0.0688888 1.24156 0.049263</i>
                        <i>0.0318466 0.999466 0.00732233 -0.7473 0.0189454 0.664217 0.663724 -0.026625 0.747504 -0.0668471 1.24244 0.0493353</i>
                        <i>0.0310838 0.999489 0.0074212 -0.747403 0.0183129 0.664119 0.663643 -0.0261899 0.74759 -0.0638384 1.24389 0.0494419</i>
                        <i>0.0301566 0.999517 0.00754218 -0.747527 0.0175434 0.664 0.663547 -0.025662 0.747695 -0.060185 1.24578 0.0495715</i>
                        <i>0.0291465 0.999546 0.00767498 -0.74766 0.016704 0.663872 0.663442 -0.0250878 0.747807 -0.0562094 1.24796 0.0497125</i>
                        <i>0.0281351 0.999574 0.00780901 -0.747791 0.0158627 0.663745 0.663338 -0.024514 0.747918 -0.0522339 1.25029 0.0498537</i>
                        <i>0.0272046 0.999598 0.00793329 -0.747909 0.0150879 0.663629 0.663243 -0.0239872 0.748019 -0.0485809 1.25263 0.0499835</i>
                        <i>0.0264376 0.999618 0.00803643 -0.748006 0.0144485 0.663535 0.663166 -0.0235536 0.748102 -0.0455726 1.25483 0.0500905</i>
                        <i>0.0259167 0.999631 0.00810685 -0.74807 0.014014 0.663472 0.663113 -0.0232595 0.748158 -0.0435313 1.25675 0.0501631</i>
                        <i>0.0257246 0.999636 0.00813287 -0.748094 0.0138538 0.663448 0.663094 -0.0231511 0.748178 -0.0427792 1.25824 0.0501899</i>
                        <i>0.0260877 0.999629 0.0078802 -0.74805 0.0142918 0.663488 0.663129 -0.0232037 0.748145 -0.0445554 1.26024 0.0501631</i>
                        <i>0.0270731 0.999608 0.00719478 -0.74793 0.0154805 0.663597 0.663225 -0.0233469 0.748056 -0.0492138 1.2628 0.0500905</i>
                        <i>0.0285253 0.999574 0.00618578 -0.74775 0.0172313 0.663756 0.663367 -0.0235593 0.747923 -0.0557495 1.26453 0.0499835</i>
                        <i>0.0302887 0.999529 0.0049623 -0.747527 0.019356 0.663949 0.66354 -0.0238196 0.747761 -0.0631575 1.26404 0.0498537</i>
                        <i>0.0322075 0.999475 0.00363303 -0.747279 0.0216665 0.664158 0.66373 -0.0241057 0.747584 -0.0704328 1.25991 0.0497125</i>
                        <i>0.0341263 0.999415 0.00230602 -0.747024 0.0239751 0.664365 0.663921 -0.024395 0.747405 -0.0765704 1.24831 0.0495715</i>
                        <i>0.0358895 0.999355 0.00108859 -0.746784 0.0260951 0.664555 0.664098 -0.0246635 0.747239 -0.0805651 1.23018 0.0494419</i>
                        <i>0.0373415 0.999303 8.74065e-005 -0.746582 0.0278398 0.66471 0.664244 -0.0248865 0.747101 -0.0814118 1.21126 0.0493353</i>
                        <i>0.0383267 0.999265 -0.000591229 -0.746444 0.0290231 0.664815 0.664344 -0.0250389 0.747007 -0.0781055 1.1973 0.049263</i>
                        <i>0.0386897 0.999251 -0.000841099 -0.746392 0.029459 0.664854 0.664381 -0.0250952 0.746973 -0.069641 1.19404 0.0492364</i>
                        <i>0.0335614 0.999366 -0.0119002 -0.745043 0.0329535 0.666202 0.666172 -0.0134925 0.745676 -0.0468764 1.20588 0.0371286</i>
                        <i>0.0202895 0.998999 -0.0398624 -0.74205 0.0417672 0.669042 0.670037 0.0160053 0.742155 -0.00762603 1.22859 0.00995934</i>
                        <i>0.00210491 0.997038 -0.0768852 -0.739031 0.0533464 0.671556 0.673668 0.055407 0.736954 0.0387005 1.25497 -0.0185378</i>
                        <i>-0.0173464 0.993191 -0.115197 -0.737495 0.0650871 0.672209 0.67513 0.0966179 0.731344 0.0827498 1.27801 -0.0347074</i>
                        <i>-0.0339066 0.988522 -0.147223 -0.738707 0.0744328 0.669904 0.673173 0.131469 0.727705 0.115215 1.29094 -0.0250314</i>
                        <i>-0.0414868 0.982879 -0.17952 -0.745127 0.089264 0.660922 0.665631 0.161185 0.728667 0.140691 1.29367 0.0101278</i>
                        <i>-0.0379495 0.975891 -0.214936 -0.756663 0.112429 0.644066 0.652703 0.187076 0.734154 0.166442 1.29107 0.0592877</i>
                        <i>-0.0254502 0.970225 -0.240865 -0.771022 0.134311 0.622483 0.6363 0.201555 0.744646 0.187155 1.28408 0.1192</i>
                        <i>-0.00673367 0.969782 -0.24388 -0.787213 0.145253 0.59933 0.616644 0.196022 0.762447 0.197449 1.27374 0.186655</i>
                        <i>0.0151797 0.977925 -0.208402 -0.80539 0.135476 0.577056 0.592551 0.159086 0.789667 0.191792 1.26122 0.258535</i>
                        <i>0.0394067 0.992877 -0.112439 -0.831802 0.0949466 0.546892 0.553672 0.0719756 0.829619 0.156917 1.2462 0.332282</i>
                        <i>0.0548946 0.997767 0.0380409 -0.865138 0.0285072 0.500722 0.49852 -0.0603976 0.864772 0.0954132 1.2273 0.403607</i>
                        <i>0.0521326 0.975765 0.212522 -0.894576 -0.0489579 0.444226 0.443865 -0.213276 0.870343 0.0259548 1.20426 0.466166</i>
                        <i>0.0396169 0.926034 0.375356 -0.912836 -0.119243 0.390528 0.4064 -0.35811 0.840593 -0.0312967 1.17752 0.512533</i>
                        <i>0.0404385 0.868133 0.494682 -0.918352 -0.16278 0.360739 0.393694 -0.46888 0.790668 -0.0547196 1.14877 0.534773</i>
                        <i>0.0568779 0.820291 0.569111 -0.917794 -0.181405 0.353194 0.392962 -0.542416 0.74254 -0.0543595 1.11484 0.540846</i>
                        <i>0.0724757 0.782763 0.618086 -0.917225 -0.191086 0.34955 0.391722 -0.592257 0.70412 -0.0547626 1.07522 0.544396</i>
                        <i>0.0857456 0.758079 0.646501 -0.91678 -0.194021 0.349099 0.390079 -0.622633 0.678355 -0.0555368 1.03609 0.546095</i>
                        <i>0.0949468 0.74704 0.657964 -0.916557 -0.192321 0.350621 0.388469 -0.636352 0.666445 -0.0562878 1.00352 0.546618</i>
                        <i>0.0989922 0.750649 0.653243 -0.916659 -0.18666 0.353404 0.387217 -0.633785 0.669612 -0.0566249 0.983547 0.546642</i>
                        <i>0.0985175 0.766368 0.634803 -0.916784 -0.178207 0.357421 0.387042 -0.617189 0.685037 -0.0568474 0.974018 0.545668</i>
                        <i>0.0948994 0.788838 0.60723 -0.916651 -0.168661 0.36236 0.38826 -0.591005 0.707083 -0.0574498 0.968267 0.543024</i>
                        <i>0.0888295 0.815197 0.572331 -0.916396 -0.158265 0.367655 0.390291 -0.55714 0.732985 -0.0583324 0.965508 0.539127</i>
                        <i>0.0810108 0.842695 0.532261 -0.916125 -0.147404 0.37281 0.392623 -0.51782 0.760072 -0.0593954 0.964958 0.534395</i>
                        <i>0.072183 0.868943 0.48962 -0.915905 -0.136591 0.377441 0.394853 -0.47569 0.786009 -0.0605397 0.965873 0.529253</i>
                        <i>0.0630405 0.890913 0.449778 -0.915721 -0.127566 0.381027 0.396838 -0.435891 0.807786 -0.0616697 0.967563 0.524125</i>
                        <i>0.0543604 0.907214 0.417142 -0.915531 -0.121464 0.383472 0.398558 -0.402752 0.82398 -0.0626941 0.969398 0.519433</i>
                        <i>0.0470197 0.918324 0.393027 -0.915328 -0.11793 0.385054 0.399954 -0.377854 0.835023 -0.0635268 0.970805 0.515585</i>
                        <i>0.0419229 0.924741 0.378281 -0.915146 -0.116393 0.385954 0.400937 -0.362363 0.841393 -0.0640859 0.971246 0.512985</i>
                        <i>0.0400133 0.926844 0.373309 -0.915062 -0.116067 0.38625 0.401323 -0.357056 0.843476 -0.0642906 0.970184 0.51203</i>
                        <i>0.0400133 0.926844 0.373309 -0.915062 -0.116067 0.38625 0.401323 -0.357056 0.843476 -0.0642906 0.967479 0.51203</i>
                        <i>0.0400133 0.926844 0.373309 -0.915062 -0.116067 0.38625 0.401323 -0.357056 0.843476 -0.0642906 0.963676 0.51203</i>
                        <i>0.0400133 0.926844 0.373309 -0.915062 -0.116067 0.38625 0.401323 -0.357056 0.843476 -0.0642906 0.959245 0.51203</i>
                        <i>0.0400133 0.926844 0.373309 -0.915062 -0.116067 0.38625 0.401323 -0.357056 0.843476 -0.0642906 0.954658 0.51203</i>
                        <i>0.0400133 0.926844 0.373309 -0.915062 -0.116067 0.38625 0.401323 -0.357056 0.843476 -0.0642906 0.950384 0.51203</i>
                    </KeyFrames>
                </p>
            </i>
            <i>
                <p>
                    <Name><![CDATA[spine1]]></Name>
                    <Exclude>0</Exclude>
                    <Additive>0</Additive>
                    <IKPriority>0</IKPriority>
                    <IKRotLimits>-1e+010 -1e+010 -1e+010 1e+010 1e+010 1e+010</IKRotLimits>
                    <IKRotLimitOrder>0</IKRotLimitOrder>
                    <KeyFrames count="95">
                        <i>-0.0217169 0.994037 -0.106855 -0.952254 0.0119897 0.305071 0.304533 0.108378 0.946316 -0.0692951 1.42541 0.0181276</i>
                        <i>-0.0226323 0.994548 -0.101793 -0.920729 0.0189383 0.389743 0.389546 0.102545 0.915281 -0.073877 1.41913 0.0247777</i>
                        <i>-0.0379232 0.995688 -0.0846641 -0.82548 0.016533 0.564189 0.563155 0.0912844 0.821294 -0.0770352 1.40487 0.0377702</i>
                        <i>-0.0518365 0.996469 -0.0660553 -0.697706 0.0111881 0.716297 0.714506 0.0832175 0.694662 -0.0757376 1.39039 0.0493134</i>
                        <i>-0.0570873 0.996727 -0.0572335 -0.630238 0.00848273 0.776356 0.774301 0.0803908 0.627691 -0.0739446 1.38392 0.0538508</i>
                        <i>-0.0570084 0.996736 -0.0571595 -0.630957 0.00840029 0.775772 0.77372 0.0802907 0.628419 -0.073956 1.38858 0.0538366</i>
                        <i>-0.0567949 0.996759 -0.0569654 -0.632816 0.00819179 0.774259 0.772216 0.0800226 0.6303 -0.0739847 1.39947 0.0537953</i>
                        <i>-0.0564803 0.996793 -0.0566939 -0.635351 0.00791867 0.772183 0.770155 0.0796337 0.632866 -0.0740213 1.41287 0.0537284</i>
                        <i>-0.056103 0.996831 -0.0563876 -0.638121 0.00763639 0.769898 0.767889 0.0791758 0.635671 -0.0740573 1.42504 0.05364</i>
                        <i>-0.0557099 0.99687 -0.0560876 -0.640747 0.00738654 0.767716 0.765728 0.0787073 0.63833 -0.0740866 1.43226 0.0535405</i>
                        <i>-0.0553556 0.996904 -0.0558318 -0.642919 0.00719471 0.7659 0.763931 0.0782922 0.64053 -0.0741064 1.42912 0.0534454</i>
                        <i>-0.0550995 0.996929 -0.0556548 -0.644388 0.00707359 0.764666 0.762711 0.077996 0.642019 -0.0741172 1.41905 0.0533741</i>
                        <i>-0.0550013 0.996938 -0.0555885 -0.64493 0.00703077 0.764209 0.76226 0.0778832 0.642569 -0.0741205 1.41162 0.0533462</i>
                        <i>-0.0548448 0.996956 -0.0554204 -0.644363 0.00706079 0.764687 0.762751 0.07765 0.642014 -0.0740524 1.4089 0.0534062</i>
                        <i>-0.0544304 0.997003 -0.0549794 -0.642866 0.00714122 0.765945 0.764042 0.0770351 0.64055 -0.0738722 1.40656 0.0535633</i>
                        <i>-0.0538397 0.997069 -0.0543615 -0.640746 0.00725803 0.767719 0.765863 0.0761657 0.638477 -0.0736154 1.40461 0.0537831</i>
                        <i>-0.0531559 0.997143 -0.0536612 -0.638311 0.00739644 0.769743 0.767941 0.0751689 0.636094 -0.0733183 1.40303 0.0540315</i>
                        <i>-0.0524649 0.997217 -0.0529694 -0.635871 0.00753965 0.771759 0.77001 0.074172 0.633706 -0.0730183 1.40181 0.0542761</i>
                        <i>-0.0518563 0.99728 -0.052373 -0.633739 0.00766848 0.773509 0.771807 0.0733021 0.631617 -0.0727542 1.40096 0.0544863</i>
                        <i>-0.0514225 0.997325 -0.051955 -0.632229 0.00776182 0.774743 0.773074 0.0726867 0.630138 -0.0725662 1.40045 0.0546332</i>
                        <i>-0.0512572 0.997341 -0.0517974 -0.631655 0.00779769 0.77521 0.773553 0.0724532 0.629576 -0.0724945 1.40028 0.0546886</i>
                        <i>-0.0512572 0.997341 -0.0517974 -0.631655 0.00779769 0.77521 0.773553 0.0724532 0.629576 -0.0724945 1.40044 0.0546886</i>
                        <i>-0.0512572 0.997341 -0.0517974 -0.631655 0.00779769 0.77521 0.773553 0.0724532 0.629576 -0.0724945 1.40091 0.0546886</i>
                        <i>-0.0512572 0.997341 -0.0517974 -0.631655 0.00779769 0.77521 0.773553 0.0724532 0.629576 -0.0724945 1.40168 0.0546886</i>
                        <i>-0.0512572 0.997341 -0.0517974 -0.631655 0.00779769 0.77521 0.773553 0.0724532 0.629576 -0.0724945 1.40272 0.0546886</i>
                        <i>-0.0512572 0.997341 -0.0517974 -0.631655 0.00779769 0.77521 0.773553 0.0724532 0.629576 -0.0724945 1.40403 0.0546886</i>
                        <i>-0.0512572 0.997341 -0.0517974 -0.631655 0.00779769 0.77521 0.773553 0.0724532 0.629576 -0.0724945 1.40559 0.0546886</i>
                        <i>-0.0512572 0.997341 -0.0517974 -0.631655 0.00779769 0.77521 0.773553 0.0724532 0.629576 -0.0724945 1.40737 0.0546886</i>
                        <i>-0.0512572 0.997341 -0.0517974 -0.631655 0.00779769 0.77521 0.773553 0.0724532 0.629576 -0.0724945 1.40937 0.0546886</i>
                        <i>-0.0512572 0.997341 -0.0517974 -0.631655 0.00779769 0.77521 0.773553 0.0724532 0.629576 -0.0724945 1.41157 0.0546886</i>
                        <i>-0.0514477 0.997322 -0.0519828 -0.631654 0.00782145 0.775211 0.773542 0.0727179 0.62956 -0.0725419 1.41519 0.0546608</i>
                        <i>-0.0519024 0.997275 -0.0524233 -0.631638 0.00787765 0.775223 0.773524 0.0733485 0.629508 -0.072655 1.4205 0.0545948</i>
                        <i>-0.0524461 0.997219 -0.0529459 -0.631596 0.00794396 0.775257 0.773521 0.0740996 0.629423 -0.0727901 1.42607 0.0545163</i>
                        <i>-0.0529023 0.997172 -0.053381 -0.631542 0.00799891 0.7753 0.773534 0.0747275 0.629333 -0.0729035 1.43046 0.0544506</i>
                        <i>-0.0530937 0.997152 -0.0535628 -0.631515 0.00802182 0.775322 0.773544 0.0749904 0.62929 -0.0729511 1.43225 0.0544231</i>
                        <i>-0.0505556 0.997221 -0.0547157 -0.637036 0.00999524 0.770769 0.769174 0.0738226 0.634761 -0.0720191 1.43012 0.0540005</i>
                        <i>-0.0445244 0.997358 -0.0574052 -0.650421 0.0146745 0.759433 0.758268 0.0711508 0.648049 -0.0698019 1.42504 0.0530004</i>
                        <i>-0.037347 0.997468 -0.0605176 -0.666678 0.0202428 0.745071 0.74441 0.0681719 0.664234 -0.0671745 1.41898 0.0518273</i>
                        <i>-0.0313332 0.997518 -0.0630564 -0.680417 0.0249247 0.732401 0.732155 0.0658531 0.677947 -0.0649979 1.41386 0.0508679</i>
                        <i>-0.0288077 0.997527 -0.0641048 -0.686185 0.0268988 0.72693 0.726856 0.0649289 0.683713 -0.0640938 1.41156 0.0504732</i>
                        <i>-0.029069 0.997528 -0.0639813 -0.686238 0.0266249 0.72689 0.726796 0.0650363 0.683767 -0.063374 1.41171 0.050504</i>
                        <i>-0.0297782 0.997528 -0.0636457 -0.68638 0.0258814 0.726783 0.726633 0.0653275 0.683912 -0.0614202 1.41259 0.0505877</i>
                        <i>-0.0308237 0.997528 -0.063151 -0.686587 0.0247852 0.726625 0.726394 0.0657559 0.684126 -0.0585412 1.41405 0.0507112</i>
                        <i>-0.0320936 0.997526 -0.0625498 -0.686836 0.0234533 0.726434 0.726104 0.0662753 0.684383 -0.0550455 1.41595 0.0508613</i>
                        <i>-0.033476 0.997521 -0.061895 -0.687102 0.022003 0.726228 0.725789 0.0668393 0.684662 -0.0512417 1.41815 0.051025</i>
                        <i>-0.0348588 0.997514 -0.0612396 -0.687364 0.0205517 0.726022 0.725476 0.0674022 0.684939 -0.0474382 1.42049 0.051189</i>
                        <i>-0.0361299 0.997506 -0.0606369 -0.687602 0.0192173 0.725834 0.725189 0.0679183 0.685192 -0.0439434 1.42284 0.05134</i>
                        <i>-0.0371769 0.997497 -0.0601403 -0.687794 0.0181178 0.725679 0.724953 0.0683427 0.685399 -0.0410656 1.42505 0.0514646</i>
                        <i>-0.0378875 0.997491 -0.0598031 -0.687924 0.0173715 0.725575 0.724793 0.0686302 0.68554 -0.0391129 1.42698 0.0515492</i>
                        <i>-0.0381494 0.997488 -0.0596788 -0.687971 0.0170964 0.725537 0.724735 0.0687361 0.685591 -0.0383935 1.42848 0.0515804</i>
                        <i>-0.0378301 0.997489 -0.0598781 -0.687321 0.0175226 0.726142 0.725368 0.0686255 0.684932 -0.0401078 1.43047 0.0515106</i>
                        <i>-0.0369636 0.997488 -0.0604186 -0.685553 0.018678 0.727783 0.727084 0.0683217 0.683141 -0.0445984 1.43303 0.0513213</i>
                        <i>-0.0356865 0.997486 -0.0612143 -0.682937 0.0203778 0.730193 0.729605 0.0678635 0.680494 -0.0508867 1.43476 0.0510425</i>
                        <i>-0.0341353 0.997481 -0.0621789 -0.679746 0.0224368 0.733104 0.732653 0.0672906 0.677268 -0.0579944 1.43426 0.0507043</i>
                        <i>-0.0324469 0.997472 -0.0632268 -0.676254 0.0246712 0.736255 0.735954 0.0666466 0.673743 -0.0649429 1.43012 0.0503368</i>
                        <i>-0.030758 0.997458 -0.0642729 -0.672742 0.0268988 0.739388 0.739238 0.0659811 0.670205 -0.0707536 1.41852 0.0499697</i>
                        <i>-0.0292056 0.997443 -0.0652324 -0.669497 0.0289397 0.742251 0.74224 0.0653508 0.66694 -0.0744479 1.40038 0.0496328</i>
                        <i>-0.027927 0.997427 -0.0660214 -0.666813 0.030616 0.744596 0.744702 0.0648183 0.664242 -0.0750473 1.38145 0.0493557</i>
                        <i>-0.0270592 0.997416 -0.0665562 -0.664985 0.0317512 0.746182 0.746367 0.0644499 0.662407 -0.0715732 1.36748 0.0491678</i>
                        <i>-0.0267394 0.997411 -0.0667531 -0.66431 0.0321689 0.746765 0.746979 0.0643128 0.66173 -0.0630468 1.36422 0.0490986</i>
                        <i>-0.0332384 0.996355 -0.0785675 -0.661668 0.0369801 0.748885 0.74906 0.0768773 0.658026 -0.0411552 1.3761 0.0351071</i>
                        <i>-0.0499203 0.992863 -0.108313 -0.655714 0.0492211 0.753403 0.753357 0.108632 0.648577 -0.00416461 1.39879 0.00317312</i>
                        <i>-0.0724605 0.986416 -0.14742 -0.649471 0.0655084 0.757559 0.756926 0.150638 0.635902 0.0390636 1.42492 -0.0316385</i>
                        <i>-0.0961033 0.977532 -0.187602 -0.645848 0.0821742 0.759031 0.757393 0.194108 0.62344 0.079795 1.44741 -0.0543521</i>
                        <i>-0.115666 0.968365 -0.221112 -0.647403 0.0953292 0.756162 0.753319 0.230611 0.615896 0.109431 1.45966 -0.0501557</i>
                        <i>-0.132635 0.954923 -0.265575 -0.669364 0.111314 0.734548 0.731 0.275193 0.624427 0.133608 1.46154 -0.0205296</i>
                        <i>-0.145886 0.933697 -0.326996 -0.714597 0.129127 0.687516 0.684156 0.333969 0.648379 0.159956 1.45792 0.0225418</i>
                        <i>-0.148087 0.912733 -0.380774 -0.76776 0.136592 0.626009 0.62339 0.385047 0.680532 0.182799 1.45017 0.0779675</i>
                        <i>-0.135645 0.905963 -0.401039 -0.817747 0.126156 0.561582 0.559365 0.404125 0.723736 0.196297 1.43979 0.144899</i>
                        <i>-0.107776 0.92742 -0.358158 -0.858368 0.0949532 0.504171 0.501587 0.361769 0.785833 0.194387 1.42821 0.222952</i>
                        <i>-0.0647119 0.973216 -0.220595 -0.89829 0.0394654 0.437627 0.434611 0.226478 0.871677 0.163616 1.41486 0.31319</i>
                        <i>-0.0282687 0.999599 0.00153432 -0.93859 -0.0270713 0.34397 0.343874 0.00828347 0.938979 0.104707 1.3961 0.410055</i>
                        <i>-0.0180205 0.965101 0.261257 -0.967442 -0.0828062 0.239162 0.252449 -0.248441 0.935172 0.0347809 1.36934 0.502133</i>
                        <i>-0.0244928 0.867883 0.496164 -0.981905 -0.114112 0.151132 0.187783 -0.483484 0.854974 -0.0245574 1.33496 0.576358</i>
                        <i>-0.0154914 0.751532 0.659514 -0.986858 -0.117597 0.110824 0.160845 -0.64913 0.743477 -0.0477877 1.29757 0.619568</i>
                        <i>0.013075 0.635729 0.771802 -0.988782 -0.106638 0.104588 0.148793 -0.764511 0.627203 -0.0444986 1.25713 0.63955</i>
                        <i>0.0380928 0.508945 0.859956 -0.990184 -0.096591 0.101027 0.134481 -0.855363 0.50027 -0.0419654 1.21359 0.653617</i>
                        <i>0.0565572 0.393037 0.917782 -0.990707 -0.0918 0.100364 0.123699 -0.914929 0.384192 -0.040035 1.17338 0.663107</i>
                        <i>0.0677977 0.311525 0.947816 -0.990479 -0.0930685 0.101439 0.119813 -0.945669 0.302249 -0.0387294 1.14198 0.668465</i>
                        <i>0.0721479 0.284507 0.955955 -0.98995 -0.0964563 0.10342 0.121632 -0.953809 0.274688 -0.0380816 1.12451 0.669194</i>
                        <i>0.0722137 0.300818 0.950943 -0.989357 -0.0991557 0.106497 0.126328 -0.948513 0.290456 -0.0383219 1.1185 0.665226</i>
                        <i>0.0708044 0.334683 0.939667 -0.988578 -0.102098 0.110854 0.133039 -0.936784 0.323631 -0.0395722 1.11728 0.657605</i>
                        <i>0.0679271 0.380825 0.922149 -0.987701 -0.1048 0.116036 0.140831 -0.918689 0.369022 -0.0415981 1.11952 0.647135</i>
