<?xml version="1.0" encoding="ISO-8859-1" ?>
<Animl Version="1">
    <ModellingPackage><![CDATA[Maya.2010]]></ModellingPackage>
    <SrcFile><![CDATA[anims\characters\shared\base_soldier\~src\infantry\flag_run.mb]]></SrcFile>
    <FramesPerSecond>30</FramesPerSecond>
    <TotalFrames>37</TotalFrames>
    <Skeleton>
        <RefFrame>
            <Name><![CDATA[soldier_ref_frame]]></Name>
            <Exclude>0</Exclude>
            <Additive>0</Additive>
            <IKPriority>0</IKPriority>
            <IKRotLimits>-1e+010 -1e+010 -1e+010 1e+010 1e+010 1e+010</IKRotLimits>
            <IKRotLimitOrder>0</IKRotLimitOrder>
            <KeyFrames count="37">
                <i>1 0 0 0 1 0 0 0 1 0.000226681 0 0.116497</i>
                <i>1 0 0 0 1 0 0 0 1 0.014031 0 0.352335</i>
                <i>1 0 0 0 1 0 0 0 1 0.0282932 0 0.57101</i>
                <i>1 0 0 0 1 0 0 0 1 0.0392961 0 0.78851</i>
                <i>1 0 0 0 1 0 0 0 1 0.0455083 0 1.0096</i>
                <i>1 0 0 0 1 0 0 0 1 0.0484613 0 1.22952</i>
                <i>1 0 0 0 1 0 0 0 1 0.0490315 0 1.44998</i>
                <i>1 0 0 0 1 0 0 0 1 0.0455168 0 1.67129</i>
                <i>1 0 0 0 1 0 0 0 1 0.0384583 0 1.89304</i>
                <i>1 0 0 0 1 0 0 0 1 0.0305465 0 2.11579</i>
                <i>1 0 0 0 1 0 0 0 1 0.0215326 0 2.34062</i>
                <i>1 0 0 0 1 0 0 0 1 0.0137051 0 2.56642</i>
                <i>1 0 0 0 1 0 0 0 1 0.0062771 0 2.79047</i>
                <i>1 0 0 0 1 0 0 0 1 -0.00167661 0 3.01161</i>
                <i>1 0 0 0 1 0 0 0 1 -0.00942388 0 3.23131</i>
                <i>1 0 0 0 1 0 0 0 1 -0.0152656 0 3.45074</i>
                <i>1 0 0 0 1 0 0 0 1 -0.0180922 0 3.67113</i>
                <i>1 0 0 0 1 0 0 0 1 -0.0179122 0 3.8933</i>
                <i>1 0 0 0 1 0 0 0 1 -0.0132158 0 4.11657</i>
                <i>1 0 0 0 1 0 0 0 1 -0.00212608 0 4.34021</i>
                <i>1 0 0 0 1 0 0 0 1 0.00952429 0 4.56357</i>
                <i>1 0 0 0 1 0 0 0 1 0.0202512 0 4.78618</i>
                <i>1 0 0 0 1 0 0 0 1 0.0298715 0 5.00792</i>
                <i>1 0 0 0 1 0 0 0 1 0.0356189 0 5.22893</i>
                <i>1 0 0 0 1 0 0 0 1 0.037617 0 5.44966</i>
                <i>1 0 0 0 1 0 0 0 1 0.0361624 0 5.67028</i>
                <i>1 0 0 0 1 0 0 0 1 0.0336852 0 5.89106</i>
                <i>1 0 0 0 1 0 0 0 1 0.0284295 0 6.11247</i>
                <i>1 0 0 0 1 0 0 0 1 0.021 0 6.3363</i>
                <i>1 0 0 0 1 0 0 0 1 0.0124764 0 6.56165</i>
                <i>1 0 0 0 1 0 0 0 1 0.00452065 0 6.78548</i>
                <i>1 0 0 0 1 0 0 0 1 -0.00303734 0 7.00657</i>
                <i>1 0 0 0 1 0 0 0 1 -0.00882501 0 7.22648</i>
                <i>1 0 0 0 1 0 0 0 1 -0.0127221 0 7.44611</i>
                <i>1 0 0 0 1 0 0 0 1 -0.00922212 0 7.66621</i>
                <i>1 0 0 0 1 0 0 0 1 -0.0039829 0 7.89238</i>
                <i>1 0 0 0 1 0 0 0 1 0.000226681 0 8.12172</i>
            </KeyFrames>
        </RefFrame>
        <Bones count="23">
            <i>
                <p>
                    <Name><![CDATA[pelvis]]></Name>
                    <Exclude>0</Exclude>
                    <Additive>0</Additive>
                    <IKPriority>0</IKPriority>
                    <IKRotLimits>-1e+010 -1e+010 -1e+010 1e+010 1e+010 1e+010</IKRotLimits>
                    <IKRotLimitOrder>2</IKRotLimitOrder>
                    <KeyFrames count="37">
                        <i>1 0 0 0 1 0 0 0 1 -0.00466691 1.11073 0.129066</i>
                        <i>1 0 0 0 1 0 0 0 1 0.00913741 1.1192 0.364903</i>
                        <i>1 0 0 0 1 0 0 0 1 0.0233996 1.14257 0.583578</i>
                        <i>1 0 0 0 1 0 0 0 1 0.0344025 1.15639 0.801078</i>
                        <i>1 0 0 0 1 0 0 0 1 0.0406147 1.14148 1.02217</i>
                        <i>1 0 0 0 1 0 0 0 1 0.0435677 1.10877 1.24209</i>
                        <i>1 0 0 0 1 0 0 0 1 0.0441379 1.07573 1.46255</i>
                        <i>1 0 0 0 1 0 0 0 1 0.0406232 1.07703 1.68386</i>
                        <i>1 0 0 0 1 0 0 0 1 0.0335647 1.0782 1.90561</i>
                        <i>1 0 0 0 1 0 0 0 1 0.0256529 1.08592 2.12836</i>
                        <i>1 0 0 0 1 0 0 0 1 0.016639 1.11251 2.35318</i>
                        <i>1 0 0 0 1 0 0 0 1 0.00881151 1.14184 2.57899</i>
                        <i>1 0 0 0 1 0 0 0 1 0.00138351 1.15637 2.80304</i>
                        <i>1 0 0 0 1 0 0 0 1 -0.0065702 1.14376 3.02418</i>
                        <i>1 0 0 0 1 0 0 0 1 -0.0143175 1.11257 3.24388</i>
                        <i>1 0 0 0 1 0 0 0 1 -0.0201592 1.07356 3.4633</i>
                        <i>1 0 0 0 1 0 0 0 1 -0.0229858 1.05662 3.6837</i>
                        <i>1 0 0 0 1 0 0 0 1 -0.0228058 1.06323 3.90587</i>
                        <i>1 0 0 0 1 0 0 0 1 -0.0181094 1.07989 4.12914</i>
                        <i>1 0 0 0 1 0 0 0 1 -0.00701967 1.11673 4.35278</i>
                        <i>1 0 0 0 1 0 0 0 1 0.0046307 1.1561 4.57614</i>
                        <i>1 0 0 0 1 0 0 0 1 0.0153576 1.17515 4.79875</i>
                        <i>1 0 0 0 1 0 0 0 1 0.0249779 1.15795 5.02049</i>
                        <i>1 0 0 0 1 0 0 0 1 0.0307253 1.12117 5.2415</i>
                        <i>1 0 0 0 1 0 0 0 1 0.0327234 1.08751 5.46223</i>
                        <i>1 0 0 0 1 0 0 0 1 0.0312688 1.07873 5.68285</i>
                        <i>1 0 0 0 1 0 0 0 1 0.0287916 1.07912 5.90363</i>
                        <i>1 0 0 0 1 0 0 0 1 0.0235359 1.08991 6.12504</i>
                        <i>1 0 0 0 1 0 0 0 1 0.0161064 1.11731 6.34887</i>
                        <i>1 0 0 0 1 0 0 0 1 0.00758277 1.14991 6.57422</i>
                        <i>1 0 0 0 1 0 0 0 1 -0.000372933 1.16622 6.79805</i>
                        <i>1 0 0 0 1 0 0 0 1 -0.00793093 1.14957 7.01913</i>
                        <i>1 0 0 0 1 0 0 0 1 -0.0137186 1.1147 7.23905</i>
                        <i>1 0 0 0 1 0 0 0 1 -0.0176157 1.08409 7.45868</i>
                        <i>1 0 0 0 1 0 0 0 1 -0.0141157 1.08319 7.67878</i>
                        <i>1 0 0 0 1 0 0 0 1 -0.00887648 1.09699 7.90495</i>
                        <i>1 0 0 0 1 0 0 0 1 -0.00466691 1.11073 8.13429</i>
                    </KeyFrames>
                </p>
            </i>
            <i>
                <p>
                    <Name><![CDATA[spine0]]></Name>
                    <Exclude>0</Exclude>
                    <Additive>0</Additive>
                    <IKPriority>0</IKPriority>
                    <IKRotLimits>-1e+010 -1e+010 -1e+010 1e+010 1e+010 1e+010</IKRotLimits>
                    <IKRotLimitOrder>0</IKRotLimitOrder>
                    <KeyFrames count="37">
                        <i>-0.000165027 0.972362 0.233478 -0.990212 -0.0327454 0.135674 0.13957 -0.231171 0.96285 -0.0193799 1.2488 0.0914294</i>
                        <i>0.0118365 0.971556 0.236512 -0.99063 -0.0207896 0.134978 0.136056 -0.235893 0.962207 0.00182407 1.25947 0.333817</i>
                        <i>0.0238628 0.970898 0.238301 -0.991722 -0.00709355 0.12821 0.126169 -0.239387 0.962692 0.0263255 1.28392 0.557001</i>
                        <i>0.0316292 0.970409 0.239386 -0.992338 0.00186961 0.123535 0.119432 -0.241459 0.963033 0.0439183 1.2978 0.776424</i>
                        <i>0.0328473 0.970293 0.239694 -0.991913 0.00222996 0.126903 0.122599 -0.241924 0.962519 0.0503533 1.28248 0.995366</i>
                        <i>0.0281533 0.969806 0.242246 -0.990974 -0.00469746 0.133975 0.131067 -0.243831 0.96092 0.0497846 1.24899 1.21055</i>
                        <i>0.0189174 0.967333 0.252803 -0.98997 -0.0172844 0.140218 0.140007 -0.25292 0.957303 0.0446608 1.21528 1.42757</i>
                        <i>0.0061649 0.962891 0.269821 -0.988667 -0.0346053 0.146083 0.149999 -0.267663 0.951765 0.0317826 1.21601 1.64777</i>
                        <i>-0.00837601 0.957846 0.287162 -0.98696 -0.0540834 0.151611 0.16075 -0.282147 0.945808 0.0132468 1.216 1.86962</i>
                        <i>-0.0223783 0.954769 0.296504 -0.985204 -0.0714677 0.155776 0.16992 -0.28863 0.942242 -0.00228049 1.22283 2.09412</i>
                        <i>-0.0350859 0.955139 0.294071 -0.983552 -0.085171 0.159286 0.177186 -0.283645 0.942417 -0.0124099 1.2504 2.3242</i>
                        <i>-0.0423587 0.957142 0.286506 -0.982753 -0.0915805 0.160651 0.180004 -0.274759 0.944514 -0.0175123 1.28155 2.557</i>
                        <i>-0.0437268 0.959844 0.277104 -0.98337 -0.0902904 0.157577 0.176269 -0.265605 0.947831 -0.0206676 1.29732 2.78456</i>
                        <i>-0.0407845 0.962866 0.26688 -0.984916 -0.0836953 0.151447 0.16816 -0.256677 0.951756 -0.0237044 1.28507 3.00336</i>
                        <i>-0.033949 0.964878 0.260496 -0.986606 -0.0739657 0.145391 0.159552 -0.252071 0.954465 -0.0255458 1.25361 3.21782</i>
                        <i>-0.0237342 0.964136 0.264345 -0.987921 -0.0631221 0.141523 0.153133 -0.257793 0.953988 -0.0251266 1.21385 3.43188</i>
                        <i>-0.00981377 0.96106 0.276165 -0.989032 -0.0500336 0.138972 0.147378 -0.271772 0.95101 -0.0218964 1.19634 3.64943</i>
                        <i>0.00712998 0.95786 0.287146 -0.990104 -0.0334835 0.136279 0.140151 -0.285277 0.948143 -0.0173439 1.20303 3.87234</i>
                        <i>0.0248686 0.956745 0.289862 -0.990958 -0.0146489 0.133371 0.131848 -0.290558 0.94773 -0.00971259 1.22016 4.09831</i>
                        <i>0.0359687 0.959309 0.280058 -0.991469 -0.000877134 0.130342 0.125284 -0.282357 0.951093 0.00338517 1.25753 4.32517</i>
                        <i>0.0388104 0.963673 0.264251 -0.991758 0.00483378 0.128031 0.122103 -0.267042 0.955918 0.0156361 1.29735 4.55119</i>
                        <i>0.0350193 0.967757 0.24944 -0.991806 0.00296934 0.127721 0.122863 -0.251868 0.959931 0.0250858 1.31666 4.77475</i>
                        <i>0.0280609 0.96996 0.241641 -0.991474 -0.00376488 0.130249 0.127246 -0.243235 0.961585 0.0311687 1.29944 4.99525</i>
                        <i>0.0161821 0.969025 0.24643 -0.990019 -0.0189812 0.139649 0.140001 -0.24623 0.959047 0.0259526 1.26217 5.21333</i>
                        <i>0.00146307 0.965215 0.261455 -0.987978 -0.0390222 0.149587 0.154586 -0.258531 0.953554 0.0125502 1.22645 5.43086</i>
                        <i>-0.00771661 0.960762 0.277266 -0.987017 -0.0518033 0.152035 0.160433 -0.272493 0.948688 0.00218445 1.21541 5.64863</i>
                        <i>-0.0133818 0.958844 0.283617 -0.987122 -0.0578875 0.149129 0.15941 -0.277969 0.947271 -0.000893075 1.21505 5.86708</i>
                        <i>-0.0214322 0.961257 0.274819 -0.987199 -0.0638012 0.146174 0.158045 -0.268168 0.95032 -0.00443376 1.22589 6.08732</i>
                        <i>-0.029285 0.965695 0.258024 -0.987057 -0.0686574 0.144933 0.157676 -0.250439 0.955206 -0.00802744 1.25491 6.31452</i>
                        <i>-0.0333813 0.969368 0.243335 -0.987363 -0.0697242 0.14231 0.154917 -0.23551 0.959446 -0.011409 1.2897 6.54603</i>
                        <i>-0.0337876 0.971196 0.235875 -0.988272 -0.0676338 0.136913 0.148922 -0.228483 0.96209 -0.0144888 1.30715 6.77284</i>
                        <i>-0.0316509 0.97097 0.237097 -0.989221 -0.064363 0.131528 0.14297 -0.230378 0.962541 -0.0181129 1.29029 6.99103</i>
                        <i>-0.0253672 0.969125 0.245261 -0.990318 -0.0578566 0.126187 0.136481 -0.239686 0.96121 -0.0179393 1.25452 7.20543</i>
                        <i>-0.0162997 0.966401 0.256521 -0.991045 -0.0496203 0.123963 0.132527 -0.252204 0.958556 -0.0158223 1.22244 7.41925</i>
                        <i>-0.00702315 0.964182 0.265148 -0.991285 -0.0415949 0.124999 0.13155 -0.261959 0.956071 -0.0101226 1.22038 7.63568</i>
                        <i>-0.000688179 0.967467 0.252998 -0.991147 -0.0342505 0.128278 0.13277 -0.25067 0.958925 -0.0120886 1.23469 7.86341</i>
                        <i>-0.000165027 0.972362 0.233478 -0.990212 -0.0327454 0.135674 0.13957 -0.231171 0.96285 -0.0193799 1.2488 8.09665</i>
                    </KeyFrames>
                </p>
            </i>
            <i>
                <p>
                    <Name><![CDATA[spine1]]></Name>
                    <Exclude>0</Exclude>
                    <Additive>0</Additive>
                    <IKPriority>0</IKPriority>
                    <IKRotLimits>-1e+010 -1e+010 -1e+010 1e+010 1e+010 1e+010</IKRotLimits>
                    <IKRotLimitOrder>0</IKRotLimitOrder>
                    <KeyFrames count="37">
                        <i>0.0592197 0.858183 0.509916 -0.943411 -0.118854 0.309595 0.326295 -0.499394 0.802581 -0.0194135 1.42064 0.132658</i>
                        <i>0.0406308 0.880563 0.472184 -0.924362 -0.146292 0.352355 0.379347 -0.450786 0.808015 0.00387767 1.42818 0.374874</i>
                        <i>-0.00162126 0.899564 0.436785 -0.911744 -0.180742 0.368856 0.410755 -0.397639 0.820466 0.0304204 1.45053 0.597894</i>
                        <i>-0.025146 0.910013 0.413816 -0.905382 -0.196239 0.376528 0.423852 -0.365193 0.828844 0.0493197 1.4635 0.817305</i>
                        <i>-0.0136012 0.907126 0.420639 -0.902584 -0.192172 0.385242 0.430298 -0.374422 0.821372 0.0559747 1.44853 1.03639</i>
                        <i>0.0123783 0.891507 0.452839 -0.900922 -0.18653 0.391849 0.433804 -0.412823 0.800869 0.0546435 1.4164 1.25236</i>
                        <i>0.043001 0.867105 0.496265 -0.902358 -0.179503 0.391827 0.428836 -0.464658 0.774721 0.0479577 1.384 1.47164</i>
                        <i>0.0898751 0.837501 0.538993 -0.909555 -0.151457 0.387002 0.405749 -0.525026 0.748141 0.032865 1.38575 1.6953</i>
                        <i>0.140523 0.809475 0.57009 -0.918426 -0.108488 0.380427 0.369795 -0.577044 0.728198 0.011747 1.38676 1.92077</i>
                        <i>0.157946 0.800544 0.578086 -0.927093 -0.0813115 0.365905 0.339928 -0.593733 0.729336 -0.00628601 1.39342 2.14705</i>
                        <i>0.130335 0.823315 0.552418 -0.936457 -0.0807911 0.341353 0.325672 -0.561806 0.760468 -0.0185817 1.41829 2.37586</i>
                        <i>0.0834116 0.860801 0.50206 -0.945417 -0.0909023 0.312926 0.315005 -0.500758 0.806234 -0.0247846 1.44587 2.60618</i>
                        <i>0.0337796 0.887534 0.459502 -0.952571 -0.110537 0.283531 0.302435 -0.447286 0.841705 -0.0280653 1.45976 2.83147</i>
                        <i>-0.0107662 0.892316 0.451283 -0.955644 -0.142022 0.25802 0.294328 -0.428488 0.854266 -0.0306009 1.44794 3.04851</i>
                        <i>-0.0513145 0.880286 0.47166 -0.951853 -0.186036 0.243653 0.30223 -0.436448 0.847449 -0.031333 1.41811 3.26224</i>
                        <i>-0.0841426 0.852336 0.516181 -0.93998 -0.239809 0.242755 0.330693 -0.464774 0.821357 -0.0292303 1.38051 3.47756</i>
                        <i>-0.104055 0.821194 0.561081 -0.923794 -0.288812 0.251382 0.36848 -0.492166 0.788667 -0.0236163 1.36448 3.69772</i>
                        <i>-0.100456 0.804861 0.584899 -0.911713 -0.309839 0.269774 0.398356 -0.50616 0.764928 -0.0160973 1.37095 3.92265</i>
                        <i>-0.080742 0.809982 0.58087 -0.905406 -0.303296 0.297071 0.416798 -0.501938 0.757851 -0.00538658 1.38667 4.14874</i>
                        <i>-0.0668487 0.839021 0.539976 -0.90101 -0.283244 0.328564 0.428618 -0.46456 0.774901 0.00956673 1.4224 4.3733</i>
                        <i>-0.0590865 0.875493 0.479605 -0.89745 -0.256977 0.358533 0.437141 -0.409237 0.800895 0.0222237 1.46089 4.59604</i>
                        <i>-0.0507872 0.902329 0.428045 -0.895433 -0.230951 0.380607 0.44229 -0.363956 0.819705 0.03098 1.47948 4.81673</i>
                        <i>-0.0305639 0.910433 0.412526 -0.896591 -0.207398 0.391294 0.441804 -0.357907 0.822625 0.0358783 1.46213 5.0358</i>
                        <i>0.0415909 0.894114 0.445904 -0.90319 -0.157185 0.399426 0.427222 -0.419349 0.801017 0.0286872 1.42578 5.25495</i>
                        <i>0.138888 0.857762 0.494929 -0.911096 -0.0851791 0.403297 0.38809 -0.506941 0.769673 0.0128015 1.39259 5.47585</i>
                        <i>0.189406 0.822634 0.536096 -0.918641 -0.0443377 0.392598 0.346734 -0.56684 0.747307 0.000827376 1.3839 5.69724</i>
                        <i>0.185406 0.805977 0.562162 -0.928106 -0.0443389 0.369666 0.322868 -0.590284 0.739811 -0.00326121 1.38439 5.91714</i>
                        <i>0.155853 0.81707 0.555073 -0.938717 -0.0523856 0.340685 0.307441 -0.574154 0.758833 -0.00820946 1.39505 6.13565</i>
                        <i>0.107552 0.854185 0.508725 -0.948852 -0.0645849 0.309044 0.296836 -0.515943 0.803549 -0.0130822 1.42157 6.35904</i>
                        <i>0.0494473 0.895914 0.441467 -0.957123 -0.0838121 0.277293 0.285431 -0.436249 0.853356 -0.0170277 1.45294 6.58703</i>
                        <i>-0.00314623 0.913662 0.406461 -0.962282 -0.11334 0.247322 0.272037 -0.390352 0.879557 -0.0201074 1.46877 6.81212</i>
                        <i>-0.0409477 0.898224 0.437626 -0.962531 -0.152969 0.223905 0.268061 -0.412061 0.870833 -0.0234054 1.45276 7.03073</i>
                        <i>-0.0821195 0.862129 0.49999 -0.955274 -0.211098 0.207098 0.284092 -0.460621 0.840905 -0.0222526 1.41935 7.24715</i>
                        <i>-0.110896 0.820585 0.560663 -0.941952 -0.266674 0.20399 0.316905 -0.505496 0.802524 -0.0186537 1.39021 7.46377</i>
                        <i>-0.106359 0.794236 0.598228 -0.932021 -0.289257 0.218327 0.346445 -0.53434 0.77101 -0.011362 1.39005 7.68231</i>
                        <i>-0.0367011 0.818496 0.573338 -0.93939 -0.22396 0.259592 0.34088 -0.529061 0.777107 -0.0122135 1.40505 7.90793</i>
                        <i>0.0592197 0.858183 0.509916 -0.943411 -0.118854 0.309595 0.326295 -0.499394 0.802581 -0.0194135 1.42064 8.13788</i>
                    </KeyFrames>
                </p>
            </i>
            <i>
                <p>
                    <Name><![CDATA[spine2]]></Name>
                    <Exclude>0</Exclude>
                    <Additive>0</Additive>
                    <IKPriority>0</IKPriority>
                    <IKRotLimits>-1e+010 -1e+010 -1e+010 1e+010 1e+010 1e+010</IKRotLimits>
                    <IKRotLimitOrder>0</IKRotLimitOrder>
                    <KeyFrames count="37">
                        <i>0.0655054 0.799565 0.596996 -0.861715 -0.256344 0.437876 0.503147 -0.543124 0.672205 -0.00955115 1.56007 0.215583</i>
                        <i>0.083513 0.822371 0.562789 -0.803721 -0.27829 0.525915 0.589116 -0.496246 0.637716 0.0106445 1.56884 0.450292</i>
                        <i>0.0840626 0.845929 0.526628 -0.763709 -0.28478 0.579352 0.640064 -0.450892 0.622105 0.0304613 1.59262 0.666814</i>
                        <i>0.0924884 0.862637 0.497296 -0.742677 -0.272904 0.611518 0.663232 -0.425889 0.61542 0.0456758 1.60657 0.882267</i>
                        <i>0.117505 0.864616 0.488499 -0.73656 -0.254058 0.626845 0.666087 -0.433466 0.606988 0.0541483 1.59144 1.10257</i>
                        <i>0.144493 0.852892 0.501693 -0.738565 -0.244459 0.6283 0.658516 -0.461318 0.594594 0.056935 1.55803 1.32424</i>
                        <i>0.167403 0.828137 0.534944 -0.748832 -0.246129 0.615363 0.64127 -0.503597 0.578932 0.0551878 1.52312 1.55124</i>
                        <i>0.191683 0.792957 0.578339 -0.771292 -0.242696 0.588394 0.606932 -0.558854 0.565081 0.0477583 1.52148 1.78269</i>
                        <i>0.208116 0.759899 0.615825 -0.798859 -0.231231 0.555299 0.564369 -0.607524 0.55893 0.0350838 1.51936 2.01426</i>
                        <i>0.196608 0.747553 0.634437 -0.827654 -0.220382 0.516159 0.525674 -0.626576 0.575387 0.019929 1.52484 2.24207</i>
                        <i>0.152725 0.765433 0.625129 -0.856996 -0.212443 0.469496 0.492172 -0.607437 0.623528 0.00270365 1.55132 2.46519</i>
                        <i>0.0982092 0.798559 0.593851 -0.883119 -0.205151 0.421917 0.458755 -0.565877 0.685075 -0.0114473 1.58181 2.68546</i>
                        <i>0.0448871 0.826678 0.560882 -0.901624 -0.208246 0.379088 0.430185 -0.522721 0.736005 -0.0226757 1.598 2.90299</i>
                        <i>-0.000142778 0.837696 0.546137 -0.90975 -0.22684 0.347703 0.415156 -0.496798 0.762127 -0.0321576 1.58687 3.11872</i>
                        <i>-0.0350084 0.832378 0.553101 -0.905051 -0.261131 0.335699 0.42386 -0.488832 0.762486 -0.0392511 1.55623 3.33622</i>
                        <i>-0.0583736 0.807037 0.587608 -0.88617 -0.312918 0.341738 0.459668 -0.500772 0.733439 -0.0424414 1.51604 3.55965</i>
                        <i>-0.0668047 0.772885 0.631019 -0.857075 -0.368247 0.3603 0.510842 -0.516761 0.687021 -0.0401422 1.4966 3.78804</i>
                        <i>-0.0513032 0.74946 0.660059 -0.82513 -0.404144 0.39475 0.562608 -0.524383 0.639136 -0.0320345 1.50071 4.01699</i>
                        <i>-0.0191645 0.748858 0.662453 -0.793638 -0.414372 0.44546 0.608088 -0.517211 0.602263 -0.0180234 1.51633 4.24173</i>
                        <i>0.00739998 0.780832 0.624697 -0.762464 -0.399788 0.508741 0.646988 -0.480074 0.592398 -0.000702129 1.55509 4.45864</i>
                        <i>0.0262176 0.826927 0.561698 -0.735751 -0.364425 0.570845 0.676744 -0.428236 0.598858 0.0133006 1.59766 4.67086</i>
                        <i>0.0409321 0.864341 0.501238 -0.720542 -0.322005 0.61411 0.692202 -0.3863 0.609614 0.0234184 1.61927 4.88291</i>
                        <i>0.0603787 0.878155 0.47455 -0.721643 -0.290057 0.628568 0.689627 -0.380408 0.616202 0.0314582 1.60275 5.09937</i>
                        <i>0.110605 0.859161 0.499609 -0.740536 -0.264025 0.617979 0.662853 -0.43833 0.607037 0.0354419 1.56474 5.32414</i>
                        <i>0.173427 0.820229 0.545112 -0.769182 -0.232856 0.595094 0.615046 -0.522496 0.590522 0.0350777 1.52837 5.55417</i>
                        <i>0.206494 0.784352 0.584938 -0.798523 -0.210385 0.564002 0.565439 -0.583549 0.58288 0.0316499 1.51651 5.7837</i>
                        <i>0.20449 0.766395 0.608953 -0.826182 -0.198512 0.527273 0.524984 -0.610927 0.592588 0.0271043 1.51518 6.00845</i>
                        <i>0.175817 0.77992 0.600678 -0.854594 -0.181948 0.486379 0.488629 -0.598849 0.634525 0.017238 1.52718 6.2255</i>
                        <i>0.128659 0.817298 0.561668 -0.882829 -0.163599 0.440283 0.45173 -0.552503 0.700486 0.00417073 1.55712 6.43979</i>
                        <i>0.0720967 0.857584 0.509265 -0.9062 -0.156975 0.392632 0.416657 -0.489804 0.765826 -0.00923066 1.59179 6.65539</i>
                        <i>0.0198294 0.874439 0.48473 -0.921265 -0.172376 0.348649 0.388428 -0.453478 0.802173 -0.0204814 1.60876 6.87431</i>
                        <i>-0.0190462 0.856898 0.515135 -0.92629 -0.209054 0.313502 0.37633 -0.471193 0.797717 -0.0296052 1.5911 7.09806</i>
                        <i>-0.0532512 0.818766 0.571653 -0.920316 -0.262405 0.290107 0.387534 -0.510653 0.767496 -0.0349753 1.55425 7.32537</i>
                        <i>-0.0709382 0.776867 0.625656 -0.905432 -0.313325 0.28639 0.418521 -0.546173 0.725627 -0.0361927 1.5212 7.55332</i>
                        <i>-0.0613979 0.750089 0.658481 -0.888182 -0.342046 0.306816 0.45537 -0.566014 0.687216 -0.0283616 1.51851 7.77916</i>
                        <i>-0.00853875 0.765926 0.642872 -0.875414 -0.316448 0.365393 0.483299 -0.559659 0.673204 -0.0179295 1.53754 8.00082</i>
                        <i>0.0655054 0.799565 0.596996 -0.861715 -0.256344 0.437876 0.503147 -0.543124 0.672205 -0.00955115 1.56007 8.22081</i>
                    </KeyFrames>
                </p>
            </i>
            <i>
                <p>
                    <Name><![CDATA[head]]></Name>
                    <Exclude>0</Exclude>
                    <Additive>0</Additive>
                    <IKPriority>0</IKPriority>
                    <IKRotLimits>-1e+010 -1e+010 -1e+010 1e+010 1e+010 1e+010</IKRotLimits>
                    <IKRotLimitOrder>0</IKRotLimitOrder>
                    <KeyFrames count="37">
                        <i>0.000910127 0.961503 0.274793 -0.00318458 0.274795 -0.961498 -0.999995 2.60776e-008 0.00331208 -0.00296433 1.77912 0.355089</i>
                        <i>-0.00781762 0.959693 0.28094 0.0266947 0.281049 -0.959322 -0.999613 8.93032e-009 -0.0278159 0.0247788 1.79062 0.581891</i>
                        <i>-0.0158025 0.957514 0.287954 0.0524682 0.288387 -0.956075 -0.998498 5.56398e-009 -0.0547962 0.0496724 1.81769 0.789603</i>
                        <i>-0.0216706 0.959015 0.282525 0.073344 0.283355 -0.956206 -0.997071 -3.38076e-009 -0.0764786 0.0705418 1.83433 0.997431</i>
                        <i>-0.0236319 0.966855 0.254232 0.0894872 0.255328 -0.962704 -0.995708 7.10589e-009 -0.092555 0.0860207 1.82025 1.21406</i>
                        <i>-0.0223386 0.975711 0.21792 0.0994971 0.219062 -0.970625 -0.994787 8.93657e-009 -0.101974 0.0947971 1.78609 1.43706</i>
                        <i>-0.020757 0.9806 0.19492 0.103837 0.196022 -0.975086 -0.994378 -8.34185e-009 -0.105892 0.0971871 1.7476 1.67157</i>
                        <i>-0.0225461 0.975886 0.217112 0.100799 0.21828 -0.970667 -0.994651 5.19587e-008 -0.10329 0.0926033 1.73983 1.91483</i>
                        <i>-0.0223031 0.969626 0.243573 0.0884154 0.244591 -0.965587 -0.995834 -7.59733e-009 -0.0911851 0.0797703 1.73158 2.15777</i>
                        <i>-0.0187296 0.961251 0.275036 0.0653085 0.275673 -0.95903 -0.997689 5.64104e-008 -0.0679411 0.0585482 1.73414 2.39155</i>
                        <i>-0.0106534 0.948869 0.315491 0.0320228 0.315671 -0.948328 -0.99943 -1.55893e-009 -0.0337484 0.0290876 1.76237 2.61227</i>
                        <i>-0.000718596 0.941919 0.33584 0.00201538 0.335841 -0.941917 -0.999998 -6.25876e-009 -0.00213971 0.00186455 1.79694 2.82454</i>
                        <i>0.00769933 0.945626 0.325163 -0.0223846 0.325255 -0.945361 -0.99972 1.41833e-009 0.0236717 -0.0209513 1.81733 3.03359</i>
                        <i>0.0126361 0.958165 0.285937 -0.0423019 0.286216 -0.957231 -0.999025 6.06238e-009 0.0441487 -0.0396116 1.80895 3.24443</i>
                        <i>0.0141536 0.970754 0.23966 -0.0572303 0.240077 -0.969065 -0.998261 6.31135e-009 0.0589545 -0.0532133 1.77871 3.4621</i>
                        <i>0.0138553 0.978787 0.204413 -0.0661913 0.204882 -0.976546 -0.997711 -1.19011e-008 0.0676259 -0.0604568 1.73484 3.69358</i>
                        <i>0.0136675 0.979161 0.202626 -0.0658964 0.203086 -0.976941 -0.997733 -1.30744e-008 0.0672989 -0.0589609 1.70882 3.93377</i>
                        <i>0.0122048 0.973836 0.226926 -0.0523002 0.227254 -0.97243 -0.998557 2.40153e-008 0.0537053 -0.0461909 1.70721 4.17142</i>
                        <i>0.00694366 0.967747 0.251828 -0.0266736 0.251924 -0.967379 -0.99962 1.25132e-008 0.0275626 -0.0235772 1.72132 4.39755</i>
                        <i>-0.000314605 0.959142 0.282925 0.0010665 0.282925 -0.959141 -0.999999 -3.36107e-008 -0.00111186 0.000967152 1.76567 4.60493</i>
                        <i>-0.00681186 0.952267 0.30519 0.0212493 0.305266 -0.95203 -0.999751 -1.95962e-008 -0.0223145 0.0200051 1.81713 4.80105</i>
                        <i>-0.0110004 0.953166 0.302246 0.034668 0.302446 -0.952536 -0.999338 1.9171e-009 -0.0363715 0.0335654 1.84626 4.99747</i>
                        <i>-0.012932 0.96355 0.267215 0.0465771 0.267528 -0.962424 -0.998831 -3.79185e-009 -0.048339 0.0452903 1.83293 5.20624</i>
                        <i>-0.0136608 0.97499 0.221829 0.0599287 0.222249 -0.973146 -0.998109 5.52051e-010 -0.061466 0.0571578 1.79246 5.4363</i>
                        <i>-0.0144282 0.980278 0.197095 0.0715689 0.197622 -0.977662 -0.997331 3.9977e-008 -0.0730088 0.0665174 1.7504 5.67816</i>
                        <i>-0.0165564 0.976855 0.213263 0.0756089 0.213905 -0.973924 -0.997 2.09577e-008 -0.0774004 0.0691417 1.73272 5.91857</i>
                        <i>-0.0178267 0.970242 0.241481 0.0714313 0.242138 -0.967609 -0.997286 1.94198e-008 -0.0736222 0.0651414 1.72822 6.14915</i>
                        <i>-0.0148584 0.962996 0.269107 0.0530896 0.269517 -0.961531 -0.998479 1.37833e-008 -0.0551296 0.049203 1.74311 6.36278</i>
                        <i>-0.00827792 0.956168 0.292702 0.0270306 0.292819 -0.955786 -0.9996 -2.0056e-008 -0.0282697 0.0257437 1.77914 6.566</i>
                        <i>-0.00013581 0.951475 0.307725 0.000419938 0.307725 -0.951475 -1 -8.65054e-009 -0.000441328 0.000410275 1.81927 6.76862</i>
                        <i>0.00687954 0.953472 0.301402 -0.0217575 0.30148 -0.953224 -0.99974 1.48668e-008 0.0228192 -0.0214364 1.83805 6.98188</i>
                        <i>0.0109741 0.96416 0.265094 -0.0398794 0.265321 -0.963335 -0.999144 -2.16158e-008 0.0413618 -0.0385357 1.81736 7.21252</i>
                        <i>0.011937 0.976214 0.216482 -0.0537479 0.216811 -0.974733 -0.998483 -1.38314e-008 0.0550575 -0.0503078 1.77433 7.45342</i>
                        <i>0.0112495 0.982705 0.184838 -0.0596986 0.18518 -0.98089 -0.998153 1.52956e-008 0.0607493 -0.0543367 1.73431 7.69534</i>
                        <i>0.00991993 0.980243 0.197546 -0.0491619 0.197795 -0.97901 -0.998742 1.93253e-008 0.0501527 -0.044207 1.7269 7.93016</i>
                        <i>0.00659949 0.970974 0.239094 -0.0267906 0.239185 -0.970604 -0.999619 -1.23796e-008 0.0275915 -0.0243912 1.74925 8.1492</i>
                        <i>0.000910127 0.961503 0.274793 -0.00318458 0.274795 -0.961498 -0.999995 2.60776e-008 0.00331208 -0.00296433 1.77912 8.36031</i>
                    </KeyFrames>
                </p>
            </i>
            <i>
                <p>
                    <Name><![CDATA[head_prop]]></Name>
                    <Exclude>0</Exclude>
                    <Additive>0</Additive>
                    <IKPriority>0</IKPriority>
                    <IKRotLimits>-1e+010 -1e+010 -1e+010 1e+010 1e+010 1e+010</IKRotLimits>
                    <IKRotLimitOrder>0</IKRotLimitOrder>
                    <KeyFrames count="37">
                        <i>0.999995 -2.60776e-008 -0.00331208 0.000910127 0.961503 0.274793 0.00318458 -0.274795 0.961498 -0.00266772 2.09249 0.444647</i>
                        <i>0.999613 -8.93032e-009 0.0278159 -0.00781762 0.959693 0.28094 -0.0266947 -0.281049 0.959322 0.022231 2.10339 0.673452</i>
                        <i>0.998498 -5.56398e-009 0.0547962 -0.0158025 0.957514 0.287954 -0.0524682 -0.288387 0.956075 0.0445222 2.12975 0.883449</i>
                        <i>0.997071 3.38076e-009 0.0764786 -0.0216706 0.959015 0.282525 -0.073344 -0.283355 0.956206 0.0634792 2.14688 1.08951</i>
                        <i>0.995708 -7.10589e-009 0.092555 -0.0236319 0.966855 0.254232 -0.0894872 -0.255328 0.962704 0.0783188 2.13536 1.29692</i>
                        <i>0.994787 -8.93657e-009 0.101974 -0.0223386 0.975711 0.21792 -0.0994971 -0.219062 0.970625 0.0875167 2.10409 1.50809</i>
                        <i>0.994378 8.34185e-009 0.105892 -0.020757 0.9806 0.19492 -0.103837 -0.196022 0.975086 0.0904222 2.06719 1.73509</i>
                        <i>0.994651 -5.19587e-008 0.10329 -0.0225461 0.975886 0.217112 -0.100799 -0.21828 0.970667 0.0852553 2.05788 1.98559</i>
                        <i>0.995834 7.59733e-009 0.0911851 -0.0223031 0.969626 0.243573 -0.0884154 -0.244591 0.965587 0.0725016 2.04759 2.23715</i>
                        <i>0.997689 -5.64104e-008 0.0679411 -0.0187296 0.961251 0.275036 -0.0653085 -0.275673 0.95903 0.0524441 2.04742 2.48119</i>
                        <i>0.99943 1.55893e-009 0.0337484 -0.0106534 0.948869 0.315491 -0.0320228 -0.315671 0.948328 0.0256156 2.07162 2.71509</i>
                        <i>0.999998 6.25876e-009 0.00213971 -0.000718596 0.941919 0.33584 -0.00201538 -0.335841 0.941917 0.00163035 2.10392 2.934</i>
                        <i>0.99972 -1.41833e-009 -0.0236717 0.00769933 0.945626 0.325163 0.0223846 -0.325255 0.945361 -0.018442 2.12552 3.13957</i>
                        <i>0.999025 -6.06238e-009 -0.0441487 0.0126361 0.958165 0.285937 0.0423019 -0.286216 0.957231 -0.0354934 2.12122 3.33762</i>
                        <i>0.998261 -6.31135e-009 -0.0589545 0.0141536 0.970754 0.23966 0.0572303 -0.240077 0.969065 -0.0486005 2.09509 3.54021</i>
                        <i>0.997711 1.19011e-008 -0.0676259 0.0138553 0.978787 0.204413 0.0661913 -0.204882 0.976546 -0.0559413 2.05383 3.7602</i>
                        <i>0.997733 1.30744e-008 -0.0672989 0.0136675 0.979161 0.202626 0.0658964 -0.203086 0.976941 -0.0545065 2.02794 3.99981</i>
                        <i>0.998557 -2.40153e-008 -0.0537053 0.0122048 0.973836 0.226926 0.0523002 -0.227254 0.97243 -0.0422132 2.02459 4.24537</i>
                        <i>0.99962 -1.25132e-008 -0.0275626 0.00694366 0.967747 0.251828 0.0266736 -0.251924 0.967379 -0.0213142 2.03671 4.47962</i>
                        <i>0.999999 3.36107e-008 0.00111186 -0.000314605 0.959142 0.282925 -0.0010665 -0.282925 0.959141 0.000864613 2.07826 4.69714</i>
                        <i>0.999751 1.95962e-008 0.0223145 -0.00681186 0.952267 0.30519 -0.0212493 -0.305266 0.95203 0.0177851 2.12748 4.90052</i>
                        <i>0.999338 -1.9171e-009 0.0363715 -0.0110004 0.953166 0.302246 -0.034668 -0.302446 0.952536 0.0299803 2.15691 5.09597</i>
                        <i>0.998831 3.79185e-009 0.048339 -0.012932 0.96355 0.267215 -0.0465771 -0.267528 0.962424 0.0410756 2.14696 5.29333</i>
                        <i>0.998109 -5.52051e-010 0.061466 -0.0136608 0.97499 0.221829 -0.0599287 -0.222249 0.973146 0.0527056 2.11022 5.50859</i>
                        <i>0.997331 -3.9977e-008 0.0730088 -0.0144282 0.980278 0.197095 -0.0715689 -0.197622 0.977662 0.0618151 2.06988 5.7424</i>
                        <i>0.997 -2.09577e-008 0.0774004 -0.0165564 0.976855 0.213263 -0.0756089 -0.213905 0.973924 0.0637458 2.05109 5.98807</i>
                        <i>0.997286 -1.94198e-008 0.0736222 -0.0178267 0.970242 0.241481 -0.0714313 -0.242138 0.967609 0.0593315 2.04443 6.22785</i>
                        <i>0.998479 -1.37833e-008 0.0551296 -0.0148584 0.962996 0.269107 -0.0530896 -0.269517 0.961531 0.0443605 2.05696 6.45048</i>
                        <i>0.9996 2.0056e-008 0.0282697 -0.00827792 0.956168 0.292702 -0.0270306 -0.292819 0.955786 0.0230459 2.09077 6.66139</i>
                        <i>1 8.65054e-009 0.000441328 -0.00013581 0.951475 0.307725 -0.000419938 -0.307725 0.951475 0.000366009 2.12936 6.86891</i>
                        <i>0.99974 -1.48668e-008 -0.0228192 0.00687954 0.953472 0.301402 0.0217575 -0.30148 0.953224 -0.0191943 2.1488 7.08011</i>
                        <i>0.999144 2.16158e-008 -0.0413618 0.0109741 0.96416 0.265094 0.0398794 -0.265321 0.963335 -0.0349592 2.13158 7.29891</i>
                        <i>0.998483 1.38314e-008 -0.0550575 0.011937 0.976214 0.216482 0.0537479 -0.216811 0.974733 -0.0464174 2.09248 7.52397</i>
                        <i>0.998153 -1.52956e-008 -0.0607493 0.0112495 0.982705 0.184838 0.0596986 -0.18518 0.98089 -0.0506704 2.05458 7.75558</i>
                        <i>0.998742 -1.93253e-008 -0.0501527 0.00991993 0.980243 0.197546 0.0491619 -0.197795 0.97901 -0.040974 2.04637 7.99454</i>
                        <i>0.999619 1.23796e-008 -0.0275915 0.00659949 0.970974 0.239094 0.0267906 -0.239185 0.970604 -0.0222403 2.0657 8.22712</i>
                        <i>0.999995 -2.60776e-008 -0.00331208 0.000910127 0.961503 0.274793 0.00318458 -0.274795 0.961498 -0.00266772 2.09249 8.44987</i>
                    </KeyFrames>
                </p>
            </i>
            <i>
                <p>
                    <Name><![CDATA[l_clav]]></Name>
                    <Exclude>0</Exclude>
                    <Additive>0</Additive>
                    <IKPriority>0</IKPriority>
                    <IKRotLimits>-1e+010 -1e+010 -1e+010 1e+010 1e+010 1e+010</IKRotLimits>
                    <IKRotLimitOrder>0</IKRotLimitOrder>
                    <KeyFrames count="37">
                        <i>0.758783 0.483472 -0.436467 -0.264852 0.841222 0.47138 0.595064 -0.242076 0.766353 0.0882099 1.61368 0.244959</i>
                        <i>0.700869 0.480925 -0.526777 -0.220799 0.848521 0.480894 0.678256 -0.220732 0.70089 0.105137 1.62372 0.4657</i>
                        <i>0.664497 0.460277 -0.588719 -0.178207 0.862677 0.473319 0.725732 -0.209605 0.65527 0.119979 1.64708 0.672282</i>
                        <i>0.647581 0.43085 -0.628496 -0.140371 0.878138 0.457351 0.748955 -0.207949 0.629144 0.132304 1.65931 0.881806</i>
                        <i>0.645272 0.402472 -0.649338 -0.110386 0.890172 0.442051 0.755936 -0.213565 0.618831 0.141312 1.64153 1.10085</i>
                        <i>0.650134 0.386025 -0.654454 -0.0918528 0.894941 0.436628 0.754247 -0.223753 0.617289 0.146264 1.60563 1.32482</i>
                        <i>0.662556 0.390546 -0.639134 -0.0850763 0.887021 0.453824 0.744165 -0.246309 0.620927 0.147558 1.56879 1.55622</i>
                        <i>0.687158 0.409687 -0.599976 -0.0916442 0.868118 0.487824 0.720705 -0.280228 0.634079 0.145072 1.56546 1.79376</i>
                        <i>0.715598 0.433307 -0.547873 -0.114373 0.846441 0.520054 0.689085 -0.309488 0.65527 0.137878 1.56248 2.03191</i>
                        <i>0.742181 0.451889 -0.494939 -0.152378 0.832931 0.531984 0.652648 -0.319411 0.687043 0.125466 1.56854 2.26541</i>
                        <i>0.766016 0.461516 -0.447462 -0.201502 0.833402 0.514624 0.610423 -0.304045 0.731396 0.107048 1.59717 2.49207</i>
                        <i>0.78709 0.462324 -0.408345 -0.245714 0.842203 0.479916 0.565786 -0.277401 0.776489 0.0896843 1.63014 2.71372</i>
                        <i>0.802241 0.460783 -0.379591 -0.281005 0.852441 0.440885 0.526731 -0.247029 0.813345 0.0746421 1.64858 2.93261</i>
                        <i>0.809157 0.461896 -0.363205 -0.306533 0.859167 0.409719 0.501301 -0.220192 0.836787 0.0614821 1.63905 3.151</i>
                        <i>0.804958 0.469897 -0.362269 -0.321412 0.85856 0.39946 0.498735 -0.205111 0.842136 0.0509011 1.6094 3.37097</i>
                        <i>0.786361 0.494043 -0.370887 -0.328285 0.842768 0.426581 0.523321 -0.21369 0.824907 0.0446875 1.56973 3.59611</i>
                        <i>0.756743 0.527846 -0.385641 -0.324604 0.815471 0.479206 0.567426 -0.237455 0.788443 0.0447245 1.55062 3.82407</i>
                        <i>0.723539 0.553652 -0.412264 -0.303152 0.791422 0.530801 0.620153 -0.259076 0.740466 0.0521623 1.55492 4.04914</i>
                        <i>0.691061 0.561271 -0.455422 -0.267856 0.784086 0.559877 0.671333 -0.264922 0.692191 0.0664758 1.57084 4.26693</i>
                        <i>0.658656 0.546407 -0.517312 -0.236512 0.803004 0.547034 0.714307 -0.237957 0.658135 0.0834919 1.61084 4.47443</i>
                        <i>0.630508 0.513166 -0.582341 -0.213792 0.836059 0.50527 0.746159 -0.194077 0.636853 0.0969066 1.65437 4.67691</i>
                        <i>0.614525 0.473907 -0.630691 -0.200035 0.866936 0.456516 0.763115 -0.15438 0.627552 0.107078 1.67579 4.88193</i>
                        <i>0.616517 0.4459 -0.648907 -0.190752 0.884212 0.42636 0.763885 -0.139078 0.630188 0.116887 1.65785 5.09654</i>
                        <i>0.637097 0.442291 -0.631258 -0.181543 0.882046 0.434784 0.749099 -0.162399 0.642244 0.127393 1.61748 5.32556</i>
                        <i>0.669073 0.449981 -0.591488 -0.173568 0.86847 0.464364 0.722645 -0.208031 0.659172 0.135965 1.57818 5.5627</i>
                        <i>0.70471 0.45075 -0.547913 -0.165542 0.855404 0.490796 0.689913 -0.255166 0.677429 0.137865 1.56288 5.79922</i>
                        <i>0.738223 0.440043 -0.511262 -0.162525 0.851624 0.498319 0.654685 -0.284777 0.700207 0.134116 1.55849 6.02978</i>
                        <i>0.767953 0.422448 -0.481441 -0.181505 0.864379 0.468941 0.614251 -0.272741 0.740478 0.122969 1.5701 6.25124</i>
                        <i>0.795337 0.404215 -0.451717 -0.212972 0.884032 0.416089 0.567522 -0.234728 0.78919 0.106841 1.6016 6.46743</i>
