<?xml version="1.0" encoding="ISO-8859-1" ?>
<Animl Version="1">
    <ModellingPackage><![CDATA[Maya.2010]]></ModellingPackage>
    <SrcFile><![CDATA[anims\characters\shared\base_soldier\~src\infantry\ts2_flag_wave.mb]]></SrcFile>
    <FramesPerSecond>24</FramesPerSecond>
    <TotalFrames>60</TotalFrames>
    <Skeleton>
        <RefFrame>
            <Name><![CDATA[soldier_ref_frame]]></Name>
            <Exclude>0</Exclude>
            <Additive>0</Additive>
            <IKPriority>0</IKPriority>
            <IKRotLimits>-1e+010 -1e+010 -1e+010 1e+010 1e+010 1e+010</IKRotLimits>
            <IKRotLimitOrder>0</IKRotLimitOrder>
            <KeyFrames count="60">
                <i>1 0 0 0 1 0 0 0 1 0 0 0</i>
                <i>1 0 0 0 1 0 0 0 1 0 0 0</i>
                <i>1 0 0 0 1 0 0 0 1 0 0 0</i>
                <i>1 0 0 0 1 0 0 0 1 0 0 0</i>
                <i>1 0 0 0 1 0 0 0 1 0 0 0</i>
                <i>1 0 0 0 1 0 0 0 1 0 0 0</i>
                <i>1 0 0 0 1 0 0 0 1 0 0 0</i>
                <i>1 0 0 0 1 0 0 0 1 0 0 0</i>
                <i>1 0 0 0 1 0 0 0 1 0 0 0</i>
                <i>1 0 0 0 1 0 0 0 1 0 0 0</i>
                <i>1 0 0 0 1 0 0 0 1 0 0 0</i>
                <i>1 0 0 0 1 0 0 0 1 0 0 0</i>
                <i>1 0 0 0 1 0 0 0 1 0 0 0</i>
                <i>1 0 0 0 1 0 0 0 1 0 0 0</i>
                <i>1 0 0 0 1 0 0 0 1 0 0 0</i>
                <i>1 0 0 0 1 0 0 0 1 0 0 0</i>
                <i>1 0 0 0 1 0 0 0 1 0 0 0</i>
                <i>1 0 0 0 1 0 0 0 1 0 0 0</i>
                <i>1 0 0 0 1 0 0 0 1 0 0 0</i>
                <i>1 0 0 0 1 0 0 0 1 0 0 0</i>
                <i>1 0 0 0 1 0 0 0 1 0 0 0</i>
                <i>1 0 0 0 1 0 0 0 1 0 0 0</i>
                <i>1 0 0 0 1 0 0 0 1 0 0 0</i>
                <i>1 0 0 0 1 0 0 0 1 0 0 0</i>
                <i>1 0 0 0 1 0 0 0 1 0 0 0</i>
                <i>1 0 0 0 1 0 0 0 1 0 0 0</i>
                <i>1 0 0 0 1 0 0 0 1 0 0 0</i>
                <i>1 0 0 0 1 0 0 0 1 0 0 0</i>
                <i>1 0 0 0 1 0 0 0 1 0 0 0</i>
                <i>1 0 0 0 1 0 0 0 1 0 0 0</i>
                <i>1 0 0 0 1 0 0 0 1 0 0 0</i>
                <i>1 0 0 0 1 0 0 0 1 0 0 0</i>
                <i>1 0 0 0 1 0 0 0 1 0 0 0</i>
                <i>1 0 0 0 1 0 0 0 1 0 0 0</i>
                <i>1 0 0 0 1 0 0 0 1 0 0 0</i>
                <i>1 0 0 0 1 0 0 0 1 0 0 0</i>
                <i>1 0 0 0 1 0 0 0 1 0 0 0</i>
                <i>1 0 0 0 1 0 0 0 1 0 0 0</i>
                <i>1 0 0 0 1 0 0 0 1 0 0 0</i>
                <i>1 0 0 0 1 0 0 0 1 0 0 0</i>
                <i>1 0 0 0 1 0 0 0 1 0 0 0</i>
                <i>1 0 0 0 1 0 0 0 1 0 0 0</i>
                <i>1 0 0 0 1 0 0 0 1 0 0 0</i>
                <i>1 0 0 0 1 0 0 0 1 0 0 0</i>
                <i>1 0 0 0 1 0 0 0 1 0 0 0</i>
                <i>1 0 0 0 1 0 0 0 1 0 0 0</i>
                <i>1 0 0 0 1 0 0 0 1 0 0 0</i>
                <i>1 0 0 0 1 0 0 0 1 0 0 0</i>
                <i>1 0 0 0 1 0 0 0 1 0 0 0</i>
                <i>1 0 0 0 1 0 0 0 1 0 0 0</i>
                <i>1 0 0 0 1 0 0 0 1 0 0 0</i>
                <i>1 0 0 0 1 0 0 0 1 0 0 0</i>
                <i>1 0 0 0 1 0 0 0 1 0 0 0</i>
                <i>1 0 0 0 1 0 0 0 1 0 0 0</i>
                <i>1 0 0 0 1 0 0 0 1 0 0 0</i>
                <i>1 0 0 0 1 0 0 0 1 0 0 0</i>
                <i>1 0 0 0 1 0 0 0 1 0 0 0</i>
                <i>1 0 0 0 1 0 0 0 1 0 0 0</i>
                <i>1 0 0 0 1 0 0 0 1 0 0 0</i>
                <i>1 0 0 0 1 0 0 0 1 0 0 0</i>
            </KeyFrames>
        </RefFrame>
        <Bones count="23">
            <i>
                <p>
                    <Name><![CDATA[pelvis]]></Name>
                    <Exclude>0</Exclude>
                    <Additive>0</Additive>
                    <IKPriority>0</IKPriority>
                    <IKRotLimits>-1e+010 -1e+010 -1e+010 1e+010 1e+010 1e+010</IKRotLimits>
                    <IKRotLimitOrder>2</IKRotLimitOrder>
                    <KeyFrames count="60">
                        <i>1 0 0 0 1 0 0 0 1 -0.0288338 1.09755 0.0732933</i>
                        <i>1 0 0 0 1 0 0 0 1 -0.0290161 1.09607 0.0733305</i>
                        <i>1 0 0 0 1 0 0 0 1 -0.0295457 1.09192 0.0734386</i>
                        <i>1 0 0 0 1 0 0 0 1 -0.030397 1.08554 0.0736124</i>
                        <i>1 0 0 0 1 0 0 0 1 -0.0315441 1.07739 0.0738465</i>
                        <i>1 0 0 0 1 0 0 0 1 -0.0329614 1.06789 0.0741358</i>
                        <i>1 0 0 0 1 0 0 0 1 -0.0346232 1.05749 0.074475</i>
                        <i>1 0 0 0 1 0 0 0 1 -0.0365037 1.04664 0.0748588</i>
                        <i>1 0 0 0 1 0 0 0 1 -0.0385771 1.03578 0.0752821</i>
                        <i>1 0 0 0 1 0 0 0 1 -0.0408178 1.02535 0.0757394</i>
                        <i>1 0 0 0 1 0 0 0 1 -0.0432 1.01579 0.0762257</i>
                        <i>1 0 0 0 1 0 0 0 1 -0.045698 1.00754 0.0767355</i>
                        <i>1 0 0 0 1 0 0 0 1 -0.0482861 1.00105 0.0772638</i>
                        <i>1 0 0 0 1 0 0 0 1 -0.0509385 0.996761 0.0778052</i>
                        <i>1 0 0 0 1 0 0 0 1 -0.0536295 0.995114 0.0783545</i>
                        <i>1 0 0 0 1 0 0 0 1 -0.0563333 0.996197 0.0789063</i>
                        <i>1 0 0 0 1 0 0 0 1 -0.0590243 0.999569 0.0794556</i>
                        <i>1 0 0 0 1 0 0 0 1 -0.0616767 1.00488 0.079997</i>
                        <i>1 0 0 0 1 0 0 0 1 -0.0642647 1.01178 0.0805253</i>
                        <i>1 0 0 0 1 0 0 0 1 -0.0667627 1.01992 0.0810351</i>
                        <i>1 0 0 0 1 0 0 0 1 -0.069145 1.02895 0.0815214</i>
                        <i>1 0 0 0 1 0 0 0 1 -0.0713857 1.03851 0.0819787</i>
                        <i>1 0 0 0 1 0 0 0 1 -0.0734591 1.04826 0.082402</i>
                        <i>1 0 0 0 1 0 0 0 1 -0.0753396 1.05785 0.0827858</i>
                        <i>1 0 0 0 1 0 0 0 1 -0.0770013 1.06693 0.083125</i>
                        <i>1 0 0 0 1 0 0 0 1 -0.0784187 1.07515 0.0834143</i>
                        <i>1 0 0 0 1 0 0 0 1 -0.0795658 1.08215 0.0836484</i>
                        <i>1 0 0 0 1 0 0 0 1 -0.0804171 1.08758 0.0838222</i>
                        <i>1 0 0 0 1 0 0 0 1 -0.0809467 1.09111 0.0839303</i>
                        <i>1 0 0 0 1 0 0 0 1 -0.0811289 1.09237 0.0839675</i>
                        <i>1 0 0 0 1 0 0 0 1 -0.0809585 1.09113 0.0839327</i>
                        <i>1 0 0 0 1 0 0 0 1 -0.0804627 1.08763 0.0838315</i>
                        <i>1 0 0 0 1 0 0 0 1 -0.0796647 1.08222 0.0836686</i>
                        <i>1 0 0 0 1 0 0 0 1 -0.0785878 1.07525 0.0834488</i>
                        <i>1 0 0 0 1 0 0 0 1 -0.0772552 1.06706 0.0831768</i>
                        <i>1 0 0 0 1 0 0 0 1 -0.0756903 1.05801 0.0828574</i>
                        <i>1 0 0 0 1 0 0 0 1 -0.0739161 1.04845 0.0824952</i>
                        <i>1 0 0 0 1 0 0 0 1 -0.071956 1.03873 0.0820951</i>
                        <i>1 0 0 0 1 0 0 0 1 -0.0698332 1.02919 0.0816619</i>
                        <i>1 0 0 0 1 0 0 0 1 -0.067571 1.02018 0.0812001</i>
                        <i>1 0 0 0 1 0 0 0 1 -0.0651925 1.01206 0.0807146</i>
                        <i>1 0 0 0 1 0 0 0 1 -0.0627211 1.00517 0.0802102</i>
                        <i>1 0 0 0 1 0 0 0 1 -0.0601799 0.999872 0.0796915</i>
                        <i>1 0 0 0 1 0 0 0 1 -0.0575923 0.996503 0.0791633</i>
                        <i>1 0 0 0 1 0 0 0 1 -0.0549814 0.995418 0.0786304</i>
                        <i>1 0 0 0 1 0 0 0 1 -0.0523705 0.996869 0.0780975</i>
                        <i>1 0 0 0 1 0 0 0 1 -0.0497829 1.00064 0.0775693</i>
                        <i>1 0 0 0 1 0 0 0 1 -0.0472417 1.00637 0.0770506</i>
                        <i>1 0 0 0 1 0 0 0 1 -0.0447703 1.0137 0.0765462</i>
                        <i>1 0 0 0 1 0 0 0 1 -0.0423918 1.02228 0.0760607</i>
                        <i>1 0 0 0 1 0 0 0 1 -0.0401296 1.03174 0.0755989</i>
                        <i>1 0 0 0 1 0 0 0 1 -0.0380068 1.04173 0.0751656</i>
                        <i>1 0 0 0 1 0 0 0 1 -0.0360467 1.05188 0.0747656</i>
                        <i>1 0 0 0 1 0 0 0 1 -0.0342725 1.06185 0.0744034</i>
                        <i>1 0 0 0 1 0 0 0 1 -0.0327075 1.07126 0.074084</i>
                        <i>1 0 0 0 1 0 0 0 1 -0.031375 1.07977 0.073812</i>
                        <i>1 0 0 0 1 0 0 0 1 -0.0302981 1.08701 0.0735922</i>
                        <i>1 0 0 0 1 0 0 0 1 -0.0295001 1.09263 0.0734293</i>
                        <i>1 0 0 0 1 0 0 0 1 -0.0290043 1.09626 0.0733281</i>
                        <i>1 0 0 0 1 0 0 0 1 -0.0288338 1.09755 0.0732933</i>
                    </KeyFrames>
                </p>
            </i>
            <i>
                <p>
                    <Name><![CDATA[spine0]]></Name>
                    <Exclude>0</Exclude>
                    <Additive>0</Additive>
                    <IKPriority>0</IKPriority>
                    <IKRotLimits>-1e+010 -1e+010 -1e+010 1e+010 1e+010 1e+010</IKRotLimits>
                    <IKRotLimitOrder>0</IKRotLimitOrder>
                    <KeyFrames count="60">
                        <i>0.0613522 0.995903 -0.0664319 -0.942476 0.0797154 0.32463 0.328595 0.0426937 0.943505 -0.0272369 1.23384 0.0272744</i>
                        <i>0.0585525 0.996194 -0.0645753 -0.942307 0.07651 0.325889 0.329589 0.0417682 0.9432 -0.029642 1.23276 0.0285031</i>
                        <i>0.0577058 0.99635 -0.0629075 -0.941925 0.0752183 0.327292 0.330829 0.0403674 0.942827 -0.0323283 1.229 0.0299006</i>
                        <i>0.0585851 0.99639 -0.0614443 -0.94136 0.0756268 0.32882 0.33228 0.0385772 0.942392 -0.0352481 1.223 0.0314304</i>
                        <i>0.060962 0.996323 -0.0601997 -0.94064 0.0775205 0.330436 0.333887 0.0364822 0.941907 -0.0383534 1.21518 0.0330555</i>
                        <i>0.0646029 0.996154 -0.0591839 -0.939795 0.0806775 0.33208 0.335578 0.0341674 0.941393 -0.0415957 1.20598 0.0347387</i>
                        <i>0.0692641 0.995887 -0.0584013 -0.938861 0.0848654 0.333674 0.337258 0.0317191 0.940878 -0.0449262 1.19585 0.0364424</i>
                        <i>0.0746897 0.995527 -0.0578497 -0.937884 0.0898384 0.335115 0.338814 0.0292267 0.940399 -0.0482962 1.18524 0.0381289</i>
                        <i>0.0806097 0.995085 -0.0575191 -0.936923 0.0953363 0.336282 0.340113 0.0267834 0.940003 -0.0516569 1.17457 0.0397602</i>
                        <i>0.0867406 0.994576 -0.0573924 -0.93605 0.101085 0.337035 0.341009 0.0244875 0.939741 -0.0549593 1.16431 0.0412981</i>
                        <i>0.0929079 0.994025 -0.0572839 -0.935342 0.106856 0.337221 0.341327 0.0222495 0.939681 -0.0581547 1.15489 0.0427045</i>
                        <i>0.0990141 0.99345 -0.0570408 -0.934873 0.112507 0.336683 0.340895 0.0199896 0.939889 -0.0611941 1.14675 0.0439409</i>
                        <i>0.104882 0.992867 -0.0566917 -0.934722 0.117883 0.335259 0.339551 0.0178283 0.940419 -0.0640281 1.14035 0.0449692</i>
                        <i>0.110339 0.9923 -0.0562694 -0.934966 0.122835 0.33279 0.33714 0.0158901 0.94132 -0.066607 1.13613 0.0457509</i>
                        <i>0.115225 0.99177 -0.055816 -0.935675 0.127231 0.329128 0.333521 0.0143019 0.942634 -0.0688803 1.13452 0.046248</i>
                        <i>0.118077 0.99147 -0.0551738 -0.937203 0.129633 0.323799 0.32819 0.0134757 0.944516 -0.0709244 1.13558 0.0464343</i>
                        <i>0.117859 0.991549 -0.0542128 -0.939735 0.129012 0.316629 0.320948 0.0136281 0.946999 -0.0728348 1.13888 0.0463319</i>
                        <i>0.115069 0.991941 -0.0530336 -0.943041 0.125861 0.307949 0.312142 0.0145774 0.949924 -0.0745888 1.14406 0.0459746</i>
                        <i>0.110212 0.992561 -0.0517391 -0.946873 0.120678 0.298106 0.302132 0.0161355 0.953129 -0.076164 1.15078 0.0453964</i>
                        <i>0.103788 0.99332 -0.0504266 -0.95099 0.113958 0.287456 0.291283 0.0181206 0.956465 -0.077539 1.15868 0.0446313</i>
                        <i>0.0962852 0.994138 -0.0491816 -0.955173 0.106183 0.276352 0.279955 0.0203683 0.959797 -0.0786944 1.16742 0.0437138</i>
                        <i>0.0881727 0.994944 -0.0480744 -0.959236 0.0978193 0.265138 0.2685 0.0227367 0.963011 -0.0796128 1.17666 0.0426784</i>
                        <i>0.079901 0.995687 -0.0471585 -0.963035 0.0893174 0.254136 0.257252 0.0251095 0.966018 -0.0802789 1.18604 0.0415602</i>
                        <i>0.0719027 0.996328 -0.0464725 -0.966467 0.0811121 0.243644 0.246519 0.0273955 0.968751 -0.0806799 1.19522 0.0403943</i>
                        <i>0.0645974 0.996849 -0.0460435 -0.969463 0.0736276 0.233925 0.236578 0.0295265 0.971164 -0.0808051 1.20388 0.039216</i>
                        <i>0.0583986 0.997238 -0.0458916 -0.971984 0.0672837 0.225211 0.227677 0.0314539 0.973229 -0.0806453 1.21165 0.0380607</i>
                        <i>0.0537207 0.997494 -0.0460351 -0.974013 0.0625029 0.217695 0.220027 0.0331441 0.974931 -0.0801924 1.21822 0.0369638</i>
                        <i>0.0509845 0.997617 -0.0464944 -0.975543 0.0597154 0.211543 0.213816 0.0345718 0.976262 -0.0794392 1.22325 0.0359605</i>
                        <i>0.0506209 0.997597 -0.0472951 -0.97656 0.0593622 0.206896 0.209206 0.0357133 0.977219 -0.0783778 1.2264 0.0350858</i>
                        <i>0.0530703 0.997414 -0.0484689 -0.977037 0.0618937 0.203882 0.206355 0.0365358 0.977795 -0.0769999 1.22735 0.0343744</i>
                        <i>0.0564448 0.997161 -0.0498428 -0.977121 0.0654259 0.202373 0.205059 0.0372795 0.978039 -0.075439 1.22585 0.0337633</i>
                        <i>0.0586464 0.996964 -0.0512142 -0.977015 0.0678539 0.202081 0.204943 0.0381857 0.978029 -0.0738367 1.22211 0.0331665</i>
                        <i>0.0598063 0.996825 -0.0525754 -0.976742 0.0693034 0.202907 0.205906 0.0392175 0.977786 -0.0721949 1.2165 0.0325834</i>
                        <i>0.060056 0.996738 -0.0539187 -0.976316 0.0699014 0.204747 0.207848 0.0403454 0.977329 -0.0705152 1.20936 0.0320136</i>
                        <i>0.0595273 0.996697 -0.0552368 -0.975743 0.0697755 0.2075 0.210669 0.041545 0.976674 -0.0687993 1.20104 0.031457</i>
                        <i>0.0583518 0.996695 -0.0565223 -0.97503 0.0690529 0.211065 0.21427 0.0427949 0.975836 -0.0670491 1.19189 0.0309135</i>
                        <i>0.0566608 0.996721 -0.0577676 -0.974178 0.0678599 0.215341 0.218555 0.0440745 0.974829 -0.0652663 1.18226 0.0303832</i>
                        <i>0.0545851 0.996767 -0.0589649 -0.973191 0.0663219 0.220228 0.223426 0.0453629 0.973665 -0.0634526 1.1725 0.0298663</i>
                        <i>0.0522552 0.996823 -0.060106 -0.972072 0.0645624 0.225627 0.22879 0.0466372 0.972358 -0.06161 1.16295 0.0293631</i>
                        <i>0.0498009 0.996883 -0.0611824 -0.970827 0.0627035 0.231439 0.234554 0.0478717 0.970924 -0.05974 1.15396 0.0288736</i>
                        <i>0.046671 0.99698 -0.0620721 -0.969501 0.0601766 0.237583 0.240601 0.0490908 0.969382 -0.0578447 1.14587 0.028398</i>
                        <i>0.0424208 0.997131 -0.0626899 -0.968133 0.0565259 0.243974 0.246818 0.0503426 0.967753 -0.0559257 1.13903 0.0279366</i>
                        <i>0.0373365 0.99731 -0.0630808 -0.966714 0.0520361 0.25051 0.253119 0.0516279 0.966057 -0.0539848 1.13378 0.0274892</i>
                        <i>0.0317028 0.997492 -0.0632886 -0.965245 0.0469897 0.257089 0.259418 0.0529386 0.964313 -0.0520238 1.13048 0.0270558</i>
                        <i>0.0258067 0.997657 -0.0633571 -0.963729 0.04167 0.263611 0.265633 0.0542561 0.962546 -0.0500445 1.12946 0.0266363</i>
                        <i>0.0213929 0.99775 -0.0635367 -0.962138 0.0378182 0.269926 0.271721 0.0553565 0.960783 -0.04785 1.13097 0.0262106</i>
                        <i>0.0197295 0.997755 -0.0640043 -0.960473 0.0366937 0.275945 0.277674 0.0560302 0.95904 -0.0453098 1.13478 0.0257712</i>
                        <i>0.0203965 0.997697 -0.0646949 -0.958766 0.0378649 0.281663 0.283463 0.0562823 0.95733 -0.0425256 1.14053 0.0253361</i>
                        <i>0.0229808 0.997585 -0.0655437 -0.957035 0.040908 0.287072 0.28906 0.0561305 0.955664 -0.0395995 1.14788 0.0249235</i>
                        <i>0.0270746 0.99742 -0.0664864 -0.955288 0.0454064 0.292169 0.294434 0.0556033 0.954053 -0.0366332 1.15648 0.0245517</i>
                        <i>0.0322737 0.9972 -0.0674582 -0.953534 0.0509482 0.296947 0.299552 0.0547401 0.952508 -0.0337287 1.16597 0.0242389</i>
                        <i>0.0381752 0.996928 -0.0683939 -0.951785 0.057124 0.301401 0.304382 0.0535903 0.951041 -0.0309877 1.176 0.0240035</i>
                        <i>0.0443747 0.996614 -0.0692272 -0.950063 0.0635244 0.305524 0.308887 0.0522127 0.949665 -0.0285119 1.18623 0.0238644</i>
                        <i>0.0504647 0.996277 -0.0698908 -0.948401 0.0697383 0.309309 0.313032 0.0506752 0.94839 -0.0264031 1.1963 0.0238409</i>
                        <i>0.0560331 0.99595 -0.070316 -0.946842 0.075351 0.312751 0.316782 0.0490537 0.947229 -0.0247634 1.20587 0.0239525</i>
                        <i>0.0606626 0.99567 -0.0704335 -0.945438 0.0799447 0.315841 0.320104 0.0474307 0.946194 -0.0236954 1.21459 0.0242197</i>
                        <i>0.0639321 0.995484 -0.0701732 -0.944248 0.0830985 0.318575 0.322968 0.0458937 0.945297 -0.0233028 1.22211 0.0246633</i>
                        <i>0.0654179 0.995437 -0.0694652 -0.943329 0.0843905 0.32095 0.325348 0.0445327 0.944545 -0.0236906 1.22807 0.0253052</i>
                        <i>0.0646973 0.995569 -0.0682406 -0.942729 0.0834009 0.322966 0.327226 0.0434373 0.943947 -0.0249657 1.23211 0.0261677</i>
                        <i>0.0613522 0.995903 -0.0664319 -0.942476 0.0797154 0.32463 0.328595 0.0426937 0.943505 -0.0272369 1.23384 0.0272744</i>
                    </KeyFrames>
                </p>
            </i>
            <i>
                <p>
                    <Name><![CDATA[spine1]]></Name>
                    <Exclude>0</Exclude>
                    <Additive>0</Additive>
                    <IKPriority>0</IKPriority>
                    <IKRotLimits>-1e+010 -1e+010 -1e+010 1e+010 1e+010 1e+010</IKRotLimits>
                    <IKRotLimitOrder>0</IKRotLimitOrder>
                    <KeyFrames count="60">
                        <i>0.0788282 0.990036 -0.116684 -0.917808 0.117764 0.379157 0.38912 0.0772053 0.917946 -0.0168203 1.40287 0.0160096</i>
                        <i>0.0918247 0.988129 -0.123164 -0.916108 0.132306 0.378472 0.390275 0.0780786 0.917382 -0.0196996 1.40186 0.0175522</i>
                        <i>0.106719 0.985691 -0.130478 -0.914079 0.148898 0.377211 0.391241 0.0790117 0.91689 -0.0225275 1.39817 0.0192302</i>
                        <i>0.123006 0.982709 -0.138391 -0.911738 0.166975 0.375305 0.391923 0.080012 0.916512 -0.0252944 1.39223 0.021004</i>
                        <i>0.140169 0.979204 -0.146669 -0.909134 0.185961 0.372685 0.392209 0.0811027 0.916294 -0.0279904 1.38449 0.0228343</i>
                        <i>0.157697 0.975235 -0.155078 -0.906361 0.205282 0.369283 0.391972 0.0823222 0.916286 -0.0306062 1.37539 0.0246821</i>
                        <i>0.175082 0.970901 -0.163393 -0.903552 0.224369 0.365038 0.391076 0.0837226 0.916543 -0.0331339 1.36537 0.0265092</i>
                        <i>0.191837 0.966345 -0.171394 -0.900882 0.242673 0.359891 0.389372 0.0853653 0.917116 -0.0355682 1.35486 0.0282789</i>
                        <i>0.207497 0.961743 -0.178873 -0.898558 0.259666 0.353791 0.386703 0.0873169 0.918061 -0.0379062 1.34429 0.0299552</i>
                        <i>0.221624 0.9573 -0.185631 -0.89681 0.274846 0.346686 0.382903 0.0896422 0.919429 -0.0401482 1.33411 0.0315038</i>
                        <i>0.233847 0.953245 -0.191416 -0.895808 0.287769 0.338698 0.377946 0.0922688 0.921219 -0.0422766 1.32475 0.0329189</i>
                        <i>0.243841 0.949804 -0.195996 -0.895689 0.298047 0.330013 0.371864 0.0950806 0.923405 -0.0442611 1.31664 0.0341895</i>
                        <i>0.251258 0.947198 -0.199212 -0.896639 0.305291 0.320681 0.364566 0.0980475 0.926001 -0.0460849 1.31021 0.0352734</i>
                        <i>0.255747 0.945639 -0.200901 -0.898826 0.309105 0.310752 0.355958 0.101101 0.929017 -0.0477301 1.30588 0.0361273</i>
                        <i>0.256941 0.945318 -0.200888 -0.902385 0.309084 0.300282 0.345953 0.104123 0.932456 -0.0491759 1.30411 0.0367064</i>
                        <i>0.252869 0.946876 -0.198702 -0.907959 0.303184 0.289293 0.334168 0.10726 0.93639 -0.0507511 1.30496 0.0370124</i>
                        <i>0.242367 0.950552 -0.194188 -0.915724 0.29025 0.277859 0.320482 0.110479 0.94079 -0.0527269 1.30804 0.0370888</i>
                        <i>0.226222 0.955836 -0.187619 -0.925013 0.271164 0.266122 0.305245 0.113348 0.945504 -0.0549901 1.31299 0.03695</i>
                        <i>0.205211 0.962159 -0.17927 -0.935116 0.246815 0.254247 0.288872 0.115464 0.950379 -0.0574262 1.3195 0.0366101</i>
                        <i>0.180135 0.968941 -0.169425 -0.945333 0.218133 0.242412 0.27184 0.116496 0.955265 -0.0599236 1.32724 0.0360849</i>
                        <i>0.151848 0.97563 -0.158392 -0.955031 0.186115 0.230819 0.254673 0.11622 0.960018 -0.0623762 1.33587 0.0353925</i>
                        <i>0.121273 0.981748 -0.146506 -0.963686 0.151825 0.219678 0.237912 0.114545 0.964509 -0.0646852 1.34506 0.0345547</i>
                        <i>0.089406 0.986922 -0.134131 -0.97092 0.116389 0.209207 0.222082 0.111526 0.968629 -0.0667592 1.35447 0.0335968</i>
                        <i>0.0573014 0.990917 -0.121656 -0.976523 0.0809758 0.199613 0.207651 0.107362 0.972293 -0.0685136 1.36376 0.0325471</i>
                        <i>0.026056 0.993647 -0.109488 -0.980458 0.0467657 0.191088 0.194994 0.10237 0.975447 -0.0698689 1.37259 0.0314367</i>
                        <i>-0.00321752 0.995177 -0.0980437 -0.982851 0.0149296 0.183795 0.184372 0.0969537 0.978063 -0.0707484 1.38061 0.0302981</i>
                        <i>-0.0294141 0.995709 -0.08774 -0.983963 -0.0133938 0.177868 0.175929 0.0915647 0.980135 -0.0710759 1.38745 0.0291647</i>
                        <i>-0.051456 0.995547 -0.078987 -0.984151 -0.037109 0.173406 0.169702 0.0866579 0.981678 -0.0707735 1.39277 0.0280693</i>
                        <i>-0.0683016 0.99505 -0.0721834 -0.983815 -0.0551631 0.170484 0.165659 0.0826594 0.982713 -0.0697606 1.39619 0.0270441</i>
                        <i>-0.0789429 0.994577 -0.0677158 -0.98334 -0.0665335 0.169164 0.163741 0.079942 0.983259 -0.0679534 1.39734 0.02612</i>
                        <i>-0.086396 0.99416 -0.0646592 -0.982815 -0.0744232 0.168926 0.163127 0.0781426 0.983506 -0.0658059 1.39601 0.0252631</i>
                        <i>-0.0942285 0.993628 -0.0618367 -0.982112 -0.0826058 0.169212 0.163026 0.0766751 0.983638 -0.0638161 1.39244 0.0244205</i>
                        <i>-0.102281 0.992989 -0.05925 -0.981236 -0.0909253 0.170026 0.163447 0.0755287 0.983657 -0.0619644 1.38701 0.0235931</i>
                        <i>-0.110397 0.992257 -0.0569014 -0.980196 -0.0992273 0.171375 0.164402 0.0746937 0.983561 -0.0602308 1.38004 0.0227821</i>
                        <i>-0.11842 0.991451 -0.0547936 -0.979006 -0.107358 0.173268 0.165904 0.0741617 0.983349 -0.0585952 1.37189 0.021989</i>
                        <i>-0.126197 0.990592 -0.0529301 -0.977681 -0.115163 0.17572 0.167971 0.0739241 0.983016 -0.0570374 1.3629 0.0212152</i>
                        <i>-0.133576 0.989709 -0.0513145 -0.976241 -0.122491 0.178746 0.170621 0.0739715 0.982556 -0.0555369 1.35342 0.0204623</i>
                        <i>-0.140406 0.988833 -0.0499509 -0.974707 -0.129188 0.182366 0.173877 0.0742929 0.981961 -0.0540733 1.34378 0.0197321</i>
                        <i>-0.146537 0.987999 -0.0488438 -0.973102 -0.135103 0.186601 0.177762 0.0748739 0.981221 -0.0526262 1.33434 0.0190265</i>
                        <i>-0.151818 0.987242 -0.0479976 -0.971451 -0.140081 0.19147 0.182304 0.075696 0.980324 -0.0511749 1.32542 0.0183472</i>
                        <i>-0.156413 0.986556 -0.0473595 -0.969591 -0.144232 0.197714 0.188226 0.0768445 0.979115 -0.0498167 1.31738 0.0177168</i>
                        <i>-0.160428 0.985933 -0.0468931 -0.967383 -0.147619 0.205863 0.196045 0.0783899 0.977457 -0.04863 1.31054 0.0171509</i>
                        <i>-0.163628 0.98542 -0.0466277 -0.964884 -0.150015 0.215627 0.205489 0.080273 0.975362 -0.0475663 1.30525 0.0166415</i>
                        <i>-0.165774 0.985063 -0.0465935 -0.962153 -0.151194 0.226721 0.21629 0.0824145 0.972845 -0.0465775 1.30186 0.0161806</i>
                        <i>-0.166626 0.984908 -0.0468207 -0.959253 -0.150931 0.23886 0.228188 0.0847133 0.969925 -0.0456149 1.30072 0.0157599</i>
                        <i>-0.164531 0.985221 -0.0476278 -0.956487 -0.147564 0.25171 0.240962 0.0869693 0.96663 -0.0441815 1.30206 0.0153157</i>
                        <i>-0.158311 0.986159 -0.04927 -0.954053 -0.139919 0.264964 0.254403 0.0889529 0.962999 -0.0419301 1.30568 0.0148098</i>
                        <i>-0.148444 0.987569 -0.0516828 -0.951834 -0.128503 0.278385 0.268283 0.0905179 0.959078 -0.0390355 1.31122 0.0142709</i>
                        <i>-0.135405 0.989274 -0.0548007 -0.949701 -0.113828 0.291738 0.282371 0.0915472 0.954927 -0.0356716 1.31834 0.013728</i>
                        <i>-0.119675 0.991085 -0.0585576 -0.947526 -0.0964064 0.304797 0.296434 0.0919614 0.950616 -0.032011 1.32671 0.0132097</i>
                        <i>-0.101735 0.992822 -0.0628863 -0.945198 -0.0767535 0.317349 0.310244 0.0917254 0.946221 -0.0282249 1.33597 0.0127449</i>
                        <i>-0.0820719 0.994323 -0.0677196 -0.942636 -0.0553854 0.329195 0.323576 0.0908527 0.94183 -0.0244841 1.34578 0.0123629</i>
                        <i>-0.061177 0.995455 -0.07299 -0.939797 -0.0328153 0.340153 0.336212 0.0894053 0.937533 -0.0209591 1.3558 0.0120935</i>
                        <i>-0.039541 0.996119 -0.0786306 -0.93668 -0.00954923 0.350055 0.347946 0.0874933 0.933423 -0.0178204 1.36568 0.011967</i>
                        <i>-0.0176535 0.996261 -0.0845755 -0.93333 0.0139169 0.35875 0.358585 0.08527 0.929594 -0.0152398 1.37509 0.0120146</i>
                        <i>0.00400048 0.995865 -0.0907602 -0.929838 0.0370999 0.366093 0.367946 0.0829278 0.926142 -0.0133902 1.38368 0.0122682</i>
                        <i>0.024943 0.99496 -0.0971225 -0.926342 0.0595304 0.371949 0.375856 0.0806911 0.923158 -0.0124461 1.39111 0.0127607</i>
                        <i>0.0447036 0.993614 -0.103602 -0.923022 0.080751 0.376179 0.382142 0.0788104 0.920737 -0.012584 1.39703 0.0135255</i>
                        <i>0.0628185 0.991929 -0.110141 -0.920094 0.100312 0.378635 0.386628 0.0775549 0.918969 -0.0139822 1.40107 0.0145969</i>
                        <i>0.0788282 0.990036 -0.116684 -0.917808 0.117764 0.379157 0.38912 0.0772053 0.917946 -0.0168203 1.40287 0.0160096</i>
                    </KeyFrames>
                </p>
            </i>
            <i>
                <p>
                    <Name><![CDATA[spine2]]></Name>
                    <Exclude>0</Exclude>
                    <Additive>0</Additive>
                    <IKPriority>0</IKPriority>
                    <IKRotLimits>-1e+010 -1e+010 -1e+010 1e+010 1e+010 1e+010</IKRotLimits>
                    <IKRotLimitOrder>0</IKRotLimitOrder>
                    <KeyFrames count="60">
                        <i>0.2259 0.973554 -0.034088 -0.883068 0.219427 0.414781 0.411292 -0.0635968 0.909283 -0.00443909 1.55775 -0.00229299</i>
                        <i>0.233636 0.97157 -0.0382783 -0.881845 0.228315 0.41258 0.40959 -0.062638 0.910117 -0.005284 1.55646 -0.00176592</i>
                        <i>0.240715 0.969659 -0.0426408 -0.881049 0.236726 0.409528 0.407197 -0.0610107 0.9113 -0.00577845 1.55242 -0.00123612</i>
                        <i>0.247059 0.967857 -0.0470601 -0.88077 0.244546 0.405513 0.403987 -0.0587364 0.912877 -0.00599044 1.54607 -0.000707639</i>
                        <i>0.252597 0.966204 -0.051424 -0.881095 0.251658 0.400425 0.399834 -0.0558367 0.914885 -0.00598878 1.53788 -0.000184136</i>
                        <i>0.257264 0.964739 -0.0556249 -0.882101 0.257954 0.394155 0.394606 -0.0523353 0.917359 -0.00584313 1.52827 0.000331152</i>
                        <i>0.261006 0.963498 -0.0595615 -0.883856 0.26333 0.386597 0.388169 -0.0482601 0.920324 -0.00562403 1.51771 0.000835539</i>
                        <i>0.263774 0.962516 -0.0631391 -0.886413 0.267691 0.377642 0.380389 -0.0436449 0.923796 -0.00540277 1.50663 0.00132685</i>
                        <i>0.265531 0.961822 -0.0662699 -0.88981 0.27095 0.367184 0.371122 -0.0385311 0.927784 -0.00525116 1.49551 0.0018034</i>
                        <i>0.266245 0.961442 -0.0688725 -0.894066 0.273025 0.35511 0.360222 -0.0329697 0.932284 -0.00524122 1.48479 0.00226388</i>
                        <i>0.265689 0.961428 -0.0711756 -0.89906 0.27375 0.341691 0.347995 -0.0267925 0.937113 -0.00541794 1.47493 0.00274559</i>
                        <i>0.263501 0.961867 -0.0733467 -0.904646 0.272793 0.327414 0.334937 -0.0199214 0.94203 -0.00580747 1.46639 0.00327741</i>
                        <i>0.259443 0.962825 -0.0752142 -0.910786 0.269833 0.312503 0.321181 -0.0125728 0.946934 -0.00645302 1.45961 0.00384538</i>
                        <i>0.253266 0.964359 -0.0766005 -0.917438 0.264549 0.297191 0.306863 -0.00499196 0.951741 -0.00739668 1.45504 0.00443505</i>
                        <i>0.244699 0.966512 -0.0773164 -0.924546 0.25661 0.281721 0.292127 0.00254576 0.956376 -0.00867862 1.45316 0.00503095</i>
                        <i>0.23194 0.969686 -0.076896 -0.932396 0.244155 0.266507 0.277202 0.00988398 0.960761 -0.0109406 1.45412 0.00571092</i>
                        <i>0.213868 0.973971 -0.0751024 -0.940998 0.226047 0.251844 0.262266 0.0168098 0.964849 -0.0146316 1.45756 0.00654009</i>
                        <i>0.191204 0.978901 -0.0720696 -0.949853 0.203039 0.237813 0.247428 0.0229846 0.968633 -0.0195017 1.46309 0.00748235</i>
                        <i>0.16468 0.984005 -0.0679308 -0.958467 0.175904 0.224498 0.232857 0.0281391 0.972104 -0.0253016 1.47032 0.00850159</i>
                        <i>0.135058 0.988844 -0.0628271 -0.966387 0.14546 0.211985 0.218759 0.0320851 0.975251 -0.0317835 1.47886 0.00956225</i>
                        <i>0.103154 0.993036 -0.0569157 -0.973233 0.11258 0.200356 0.205369 0.0347248 0.978068 -0.0387014 1.4883 0.0106299</i>
                        <i>0.0698333 0.996286 -0.0503737 -0.978724 0.0781936 0.189696 0.19293 0.0360548 0.98055 -0.0458104 1.49827 0.0116714</i>
                        <i>0.0360122 0.998408 -0.0433992 -0.982699 0.0432735 0.180085 0.181676 0.0361631 0.982693 -0.0528674 1.5084 0.0126554</i>
                        <i>0.00263784 0.999341 -0.0362092 -0.985127 0.008818 0.171603 0.171809 0.0352179 0.984501 -0.0596299 1.5183 0.0135515</i>
                        <i>-0.0293304 0.999148 -0.0290345 -0.986109 -0.0241722 0.164334 0.163492 0.0334511 0.985977 -0.0658557 1.52763 0.0143306</i>
                        <i>-0.0589445 0.998016 -0.0221129 -0.985864 -0.0547179 0.158363 0.156839 0.031135 0.987133 -0.0713023 1.53604 0.0149643</i>
                        <i>-0.0852867 0.996233 -0.0156826 -0.984706 -0.081879 0.153783 0.15192 0.0285584 0.98798 -0.0757261 1.54318 0.0154241</i>
                        <i>-0.107481 0.994157 -0.00997579 -0.983014 -0.104764 0.150692 0.148767 0.0260029 0.98853 -0.0788817 1.54871 0.0156815</i>
                        <i>-0.124694 0.992181 -0.00521615 -0.981187 -0.122528 0.149197 0.147392 0.0237221 0.988794 -0.0805223 1.5523 0.0157075</i>
                        <i>-0.136123 0.990691 -0.00161795 -0.979604 -0.134356 0.149411 0.147803 0.0219233 0.988774 -0.0803999 1.55359 0.0154725</i>
                        <i>-0.144671 0.989479 0.00153685 -0.978193 -0.143255 0.150386 0.149023 0.0202531 0.988626 -0.0794384 1.55238 0.0150862</i>
                        <i>-0.153641 0.988114 0.00505156 -0.976652 -0.152632 0.151175 0.150149 0.018293 0.988494 -0.0786977 1.54892 0.0146787</i>
                        <i>-0.162843 0.986612 0.00884557 -0.974982 -0.162285 0.151902 0.151304 0.0161119 0.988356 -0.0781327 1.54356 0.0142508</i>
                        <i>-0.172092 0.984997 0.0128387 -0.973188 -0.172019 0.152694 0.152612 0.0137829 0.98819 -0.0776982 1.53665 0.0138031</i>
                        <i>-0.181201 0.9833 0.0169508 -0.971283 -0.181636 0.153682 0.154194 0.0113833 0.987975 -0.0773489 1.52853 0.0133366</i>
                        <i>-0.189989 0.98156 0.0211021 -0.969286 -0.190945 0.154998 0.156169 0.00899387 0.987689 -0.0770394 1.51955 0.0128521</i>
                        <i>-0.19827 0.979823 0.0252127 -0.967222 -0.199754 0.156778 0.158651 0.00669802 0.987312 -0.0767243 1.51006 0.0123506</i>
                        <i>-0.205863 0.978145 0.0292026 -0.965121 -0.207873 0.159157 0.161749 0.00458035 0.986821 -0.0763583 1.50039 0.011833</i>
                        <i>-0.212584 0.976586 0.0329917 -0.963014 -0.215112 0.16227 0.165568 0.00272475 0.986195 -0.0758961 1.4909 0.0113003</i>
                        <i>-0.218252 0.97521 0.0364993 -0.960934 -0.22128 0.166255 0.17021 0.00121203 0.985407 -0.0752923 1.48193 0.0107537</i>
                        <i>-0.221402 0.974386 0.0394106 -0.95901 -0.224882 0.172417 0.176863 0.000378286 0.984235 -0.0746664 1.4738 0.0102239</i>
                        <i>-0.220785 0.97444 0.0414828 -0.95735 -0.224648 0.1817 0.186375 0.00040304 0.982479 -0.0741106 1.46684 0.00973267</i>
                        <i>-0.216529 0.97534 0.0427432 -0.955916 -0.220705 0.193685 0.198343 0.00107954 0.980132 -0.0735395 1.4614 0.00926717</i>
                        <i>-0.208752 0.977013 0.0432188 -0.95463 -0.213168 0.207945 0.212378 0.002151 0.977185 -0.0728681 1.45784 0.00881428</i>
                        <i>-0.197566 0.979349 0.0429375 -0.953382 -0.202151 0.224047 0.2281 0.00332819 0.973632 -0.0720117 1.45654 0.00836078</i>
                        <i>-0.181678 0.982475 0.0416555 -0.952344 -0.186345 0.241487 0.245018 0.00420263 0.96951 -0.0702135 1.45778 0.00779272</i>
                        <i>-0.160253 0.986297 0.0392033 -0.951483 -0.164922 0.259772 0.262678 0.0043279 0.964874 -0.0669435 1.46136 0.00703148</i>
                        <i>-0.134097 0.990324 0.035723 -0.950369 -0.138732 0.278482 0.280744 0.00339368 0.959777 -0.0624558 1.46694 0.0061165</i>
                        <i>-0.104039 0.994079 0.0313586 -0.948607 -0.108656 0.297218 0.298866 0.00117526 0.954295 -0.0570027 1.47414 0.00508709</i>
                        <i>-0.0709367 0.997135 0.0262558 -0.945876 -0.0756002 0.315599 0.31668 -0.00244711 0.948529 -0.0508348 1.48261 0.00398262</i>
                        <i>-0.0356801 0.999152 0.0205605 -0.941961 -0.0404959 0.333272 0.333822 -0.00747603 0.942607 -0.0442014 1.49197 0.00284259</i>
                        <i>0.000812889 0.999896 0.0144189 -0.936773 -0.00428429 0.349911 0.349936 -0.0137917 0.936672 -0.0373507 1.50186 0.00170684</i>
                        <i>0.0376054 0.999261 0.00797535 -0.930368 0.0320978 0.36522 0.364694 -0.0211542 0.930887 -0.0305303 1.51191 0.000615616</i>
                        <i>0.0737535 0.997276 0.00137187 -0.922943 0.067735 0.37893 0.377805 -0.0292136 0.925424 -0.0239875 1.52178 -0.000390367</i>
                        <i>0.108318 0.994102 -0.00525264 -0.914836 0.101746 0.390798 0.389027 -0.0375251 0.920462 -0.0179695 1.53111 -0.00126985</i>
                        <i>0.140375 0.990028 -0.0117631 -0.906508 0.133293 0.400595 0.398168 -0.0455704 0.91618 -0.0127242 1.53956 -0.00198105</i>
                        <i>0.169026 0.985447 -0.0180283 -0.89852 0.161583 0.408108 0.405082 -0.0527822 0.912756 -0.00849934 1.54679 -0.00248171</i>
                        <i>0.193396 0.980829 -0.0239206 -0.891507 0.185859 0.413124 0.40965 -0.0585714 0.91036 -0.0055438 1.55246 -0.0027292</i>
                        <i>0.212634 0.976692 -0.0293149 -0.886136 0.205388 0.415427 0.411765 -0.0623568 0.909154 -0.00410698 1.55623 -0.00268061</i>
                        <i>0.2259 0.973554 -0.034088 -0.883068 0.219427 0.414781 0.411292 -0.0635968 0.909283 -0.00443909 1.55775 -0.00229299</i>
                    </KeyFrames>
                </p>
            </i>
            <i>
                <p>
                    <Name><![CDATA[head]]></Name>
                    <Exclude>0</Exclude>
                    <Additive>0</Additive>
                    <IKPriority>0</IKPriority>
                    <IKRotLimits>-1e+010 -1e+010 -1e+010 1e+010 1e+010 1e+010</IKRotLimits>
                    <IKRotLimitOrder>0</IKRotLimitOrder>
                    <KeyFrames count="60">
                        <i>0.116498 0.675505 -0.728094 -0.196519 -0.702914 -0.683588 -0.973555 0.22272 0.0508618 0.05691 1.80615 -0.0178348</i>
                        <i>0.114801 0.672634 -0.731016 -0.205864 -0.703797 -0.679919 -0.971824 0.228545 0.0576744 0.0569296 1.80467 -0.0178199</i>
                        <i>0.109953 0.664742 -0.738937 -0.231763 -0.705805 -0.669422 -0.966538 0.244863 0.0764569 0.0569606 1.80053 -0.017773</i>
                        <i>0.10218 0.653092 -0.750353 -0.270875 -0.707531 -0.652707 -0.957176 0.269945 0.104611 0.0569613 1.79416 -0.0176902</i>
                        <i>0.0917148 0.63911 -0.763627 -0.319718 -0.707358 -0.630416 -0.943063 0.301964 0.13946 0.0568895 1.786 -0.0175679</i>
                        <i>0.0789803 0.624274 -0.777203 -0.374745 -0.703861 -0.603445 -0.923758 0.338913 0.178352 0.0567031 1.77649 -0.0174024</i>
                        <i>0.0646819 0.609978 -0.789774 -0.432459 -0.696118 -0.573061 -0.899331 0.378611 0.218764 0.0563604 1.76607 -0.0171902</i>
                        <i>0.0498132 0.597386 -0.800405 -0.489573 -0.683912 -0.540909 -0.870539 0.418801 0.258396 0.0558198 1.75518 -0.0169278</i>
                        <i>0.0355798 0.587292 -0.808593 -0.543162 -0.667803 -0.508934 -0.838873 0.457305 0.295235 0.0550403 1.74427 -0.0166123</i>
                        <i>0.0232742 0.580024 -0.814267 -0.590778 -0.649081 -0.479244 -0.806498 0.492205 0.327559 0.0539814 1.73378 -0.0162408</i>
                        <i>0.0134826 0.575117 -0.81796 -0.630519 -0.630009 -0.453359 -0.776057 0.521852 0.354128 0.0525562 1.72417 -0.0158735</i>
                        <i>0.00631932 0.571784 -0.82038 -0.660833 -0.613337 -0.432571 -0.750506 0.544868 0.373978 0.050646 1.7159 -0.015556</i>
                        <i>0.0022196 0.56932 -0.822113 -0.680349 -0.601657 -0.41849 -0.732885 0.560253 0.386001 0.0481628 1.70943 -0.0152641</i>
                        <i>0.00148747 0.566948 -0.823752 -0.687676 -0.597479 -0.412457 -0.726016 0.567088 0.388988 0.0450182 1.70524 -0.014973</i>
                        <i>0.0044014 0.564078 -0.82571 -0.68103 -0.60294 -0.415525 -0.732242 0.564162 0.3815 0.0411231 1.70377 -0.0146572</i>
                        <i>0.00991619 0.561126 -0.827671 -0.660605 -0.617691 -0.426684 -0.750668 0.550994 0.364558 0.0354155 1.70528 -0.014134</i>
                        <i>0.016634 0.558945 -0.829038 -0.628495 -0.639023 -0.443445 -0.777636 0.528422 0.340664 0.0271776 1.70941 -0.0132739</i>
                        <i>0.0242951 0.558061 -0.829444 -0.58512 -0.664792 -0.46442 -0.810583 0.496607 0.310382 0.0168341 1.71571 -0.0121311</i>
                        <i>0.0325142 0.559088 -0.828471 -0.530961 -0.692606 -0.488238 -0.846772 0.455761 0.274334 0.00480879 1.7237 -0.0107595</i>
                        <i>0.0407558 0.562585 -0.825734 -0.466772 -0.719978 -0.513571 -0.883438 0.406361 0.233256 -0.00847342 1.73292 -0.00921286</i>
                        <i>0.0483512 0.568952 -0.820948 -0.393722 -0.744505 -0.539162 -0.917957 0.349294 0.188011 -0.0225861 1.74294 -0.00754494</i>
                        <i>0.0545608 0.57833 -0.813976 -0.313473 -0.764056 -0.563874 -0.948028 0.285925 0.139603 -0.0371007 1.75334 -0.00580927</i>
