<?xml version="1.0" encoding="ISO-8859-1" ?>
<Animl Version="1">
    <ModellingPackage><![CDATA[Maya.2010]]></ModellingPackage>
    <SrcFile><![CDATA[anims\characters\shared\base_soldier\~src\infantry\flashbang_run.mb]]></SrcFile>
    <FramesPerSecond>30</FramesPerSecond>
    <TotalFrames>97</TotalFrames>
    <Skeleton>
        <RefFrame>
            <Name><![CDATA[soldier_ref_frame]]></Name>
            <Exclude>0</Exclude>
            <Additive>0</Additive>
            <IKPriority>0</IKPriority>
            <IKRotLimits>-1e+010 -1e+010 -1e+010 1e+010 1e+010 1e+010</IKRotLimits>
            <IKRotLimitOrder>0</IKRotLimitOrder>
            <KeyFrames count="97">
                <i>1 0 0 0 1 0 0 0 1 0 0 0</i>
                <i>1 0 0 0 1 0 0 0 1 2.41292e-005 0 0.0616438</i>
                <i>1 0 0 0 1 0 0 0 1 9.48527e-005 0 0.123288</i>
                <i>1 0 0 0 1 0 0 0 1 0.000209674 0 0.184932</i>
                <i>1 0 0 0 1 0 0 0 1 0.000366098 0 0.246575</i>
                <i>1 0 0 0 1 0 0 0 1 0.000561628 0 0.308219</i>
                <i>1 0 0 0 1 0 0 0 1 0.000793767 0 0.369863</i>
                <i>1 0 0 0 1 0 0 0 1 0.00106002 0 0.431507</i>
                <i>1 0 0 0 1 0 0 0 1 0.00135789 0 0.493151</i>
                <i>1 0 0 0 1 0 0 0 1 0.00168488 0 0.554794</i>
                <i>1 0 0 0 1 0 0 0 1 0.0020385 0 0.616438</i>
                <i>1 0 0 0 1 0 0 0 1 0.00241625 0 0.678082</i>
                <i>1 0 0 0 1 0 0 0 1 0.00281563 0 0.739726</i>
                <i>1 0 0 0 1 0 0 0 1 0.00323414 0 0.80137</i>
                <i>1 0 0 0 1 0 0 0 1 0.0036693 0 0.863014</i>
                <i>1 0 0 0 1 0 0 0 1 0.0041186 0 0.924658</i>
                <i>1 0 0 0 1 0 0 0 1 0.00457955 0 0.986301</i>
                <i>1 0 0 0 1 0 0 0 1 0.00504966 0 1.04795</i>
                <i>1 0 0 0 1 0 0 0 1 0.00552642 0 1.10959</i>
                <i>1 0 0 0 1 0 0 0 1 0.00600734 0 1.17123</i>
                <i>1 0 0 0 1 0 0 0 1 0.00648992 0 1.23288</i>
                <i>1 0 0 0 1 0 0 0 1 0.00697167 0 1.29452</i>
                <i>1 0 0 0 1 0 0 0 1 0.00745009 0 1.35616</i>
                <i>1 0 0 0 1 0 0 0 1 0.00792269 0 1.41781</i>
                <i>1 0 0 0 1 0 0 0 1 0.00838697 0 1.47945</i>
                <i>1 0 0 0 1 0 0 0 1 0.00884044 0 1.5411</i>
                <i>1 0 0 0 1 0 0 0 1 0.00928058 0 1.60274</i>
                <i>1 0 0 0 1 0 0 0 1 0.00970493 0 1.66438</i>
                <i>1 0 0 0 1 0 0 0 1 0.010111 0 1.72603</i>
                <i>1 0 0 0 1 0 0 0 1 0.0104962 0 1.78767</i>
                <i>1 0 0 0 1 0 0 0 1 0.0108581 0 1.84932</i>
                <i>1 0 0 0 1 0 0 0 1 0.0111943 0 1.91096</i>
                <i>1 0 0 0 1 0 0 0 1 0.0115021 0 1.9726</i>
                <i>1 0 0 0 1 0 0 0 1 0.0117792 0 2.03425</i>
                <i>1 0 0 0 1 0 0 0 1 0.012023 0 2.09589</i>
                <i>1 0 0 0 1 0 0 0 1 0.012231 0 2.15753</i>
                <i>1 0 0 0 1 0 0 0 1 0.0124007 0 2.21918</i>
                <i>1 0 0 0 1 0 0 0 1 0.0125297 0 2.28082</i>
                <i>1 0 0 0 1 0 0 0 1 0.0126154 0 2.34247</i>
                <i>1 0 0 0 1 0 0 0 1 0.0126553 0 2.40411</i>
                <i>1 0 0 0 1 0 0 0 1 0.012647 0 2.46575</i>
                <i>1 0 0 0 1 0 0 0 1 0.0125879 0 2.5274</i>
                <i>1 0 0 0 1 0 0 0 1 0.0124756 0 2.58904</i>
                <i>1 0 0 0 1 0 0 0 1 0.0123075 0 2.65068</i>
                <i>1 0 0 0 1 0 0 0 1 0.0120812 0 2.71233</i>
                <i>1 0 0 0 1 0 0 0 1 0.0117942 0 2.77397</i>
                <i>1 0 0 0 1 0 0 0 1 0.0114439 0 2.83562</i>
                <i>1 0 0 0 1 0 0 0 1 0.0110279 0 2.89726</i>
                <i>1 0 0 0 1 0 0 0 1 0.0105436 0 2.9589</i>
                <i>1 0 0 0 1 0 0 0 1 0.00998865 0 3.02055</i>
                <i>1 0 0 0 1 0 0 0 1 0.00936046 0 3.08219</i>
                <i>1 0 0 0 1 0 0 0 1 0.00865655 0 3.14384</i>
                <i>1 0 0 0 1 0 0 0 1 0.00787444 0 3.20548</i>
                <i>1 0 0 0 1 0 0 0 1 0.00701161 0 3.26712</i>
                <i>1 0 0 0 1 0 0 0 1 0.00606558 0 3.32877</i>
                <i>1 0 0 0 1 0 0 0 1 0.00503385 0 3.39041</i>
                <i>1 0 0 0 1 0 0 0 1 0.00391392 0 3.45205</i>
                <i>1 0 0 0 1 0 0 0 1 0.0027033 0 3.5137</i>
                <i>1 0 0 0 1 0 0 0 1 0.00139949 0 3.57534</i>
                <i>1 0 0 0 1 0 0 0 1 0 0 3.63699</i>
                <i>1 0 0 0 1 0 0 0 1 -0.00355785 0 3.69863</i>
                <i>1 0 0 0 1 0 0 0 1 -0.0107737 0 3.76027</i>
                <i>1 0 0 0 1 0 0 0 1 -0.0208053 0 3.82192</i>
                <i>1 0 0 0 1 0 0 0 1 -0.0328107 0 3.88356</i>
                <i>1 0 0 0 1 0 0 0 1 -0.0459475 0 3.94521</i>
                <i>1 0 0 0 1 0 0 0 1 -0.0593738 0 4.00685</i>
                <i>1 0 0 0 1 0 0 0 1 -0.0722474 0 4.06849</i>
                <i>1 0 0 0 1 0 0 0 1 -0.0837261 0 4.13014</i>
                <i>1 0 0 0 1 0 0 0 1 -0.0929678 0 4.19178</i>
                <i>1 0 0 0 1 0 0 0 1 -0.0991304 0 4.25342</i>
                <i>1 0 0 0 1 0 0 0 1 -0.101372 0 4.31507</i>
                <i>1 0 0 0 1 0 0 0 1 -0.101369 0 4.37671</i>
                <i>1 0 0 0 1 0 0 0 1 -0.10136 0 4.43836</i>
                <i>1 0 0 0 1 0 0 0 1 -0.101346 0 4.5</i>
                <i>1 0 0 0 1 0 0 0 1 -0.101326 0 4.56164</i>
                <i>1 0 0 0 1 0 0 0 1 -0.101302 0 4.62329</i>
                <i>1 0 0 0 1 0 0 0 1 -0.101274 0 4.68493</i>
                <i>1 0 0 0 1 0 0 0 1 -0.101241 0 4.74658</i>
                <i>1 0 0 0 1 0 0 0 1 -0.101205 0 4.80822</i>
                <i>1 0 0 0 1 0 0 0 1 -0.101165 0 4.86986</i>
                <i>1 0 0 0 1 0 0 0 1 -0.101122 0 4.93151</i>
                <i>1 0 0 0 1 0 0 0 1 -0.101077 0 4.99315</i>
                <i>1 0 0 0 1 0 0 0 1 -0.101029 0 5.05479</i>
                <i>1 0 0 0 1 0 0 0 1 -0.100979 0 5.11644</i>
                <i>1 0 0 0 1 0 0 0 1 -0.100927 0 5.17808</i>
                <i>1 0 0 0 1 0 0 0 1 -0.100874 0 5.23973</i>
                <i>1 0 0 0 1 0 0 0 1 -0.10082 0 5.30137</i>
                <i>1 0 0 0 1 0 0 0 1 -0.100765 0 5.36301</i>
                <i>1 0 0 0 1 0 0 0 1 -0.10071 0 5.42466</i>
                <i>1 0 0 0 1 0 0 0 1 -0.100655 0 5.4863</i>
                <i>1 0 0 0 1 0 0 0 1 -0.100601 0 5.54795</i>
                <i>1 0 0 0 1 0 0 0 1 -0.100546 0 5.60959</i>
                <i>1 0 0 0 1 0 0 0 1 -0.100493 0 5.67123</i>
                <i>1 0 0 0 1 0 0 0 1 -0.100442 0 5.73288</i>
                <i>1 0 0 0 1 0 0 0 1 -0.100392 0 5.79452</i>
                <i>1 0 0 0 1 0 0 0 1 -0.100344 0 5.85616</i>
                <i>1 0 0 0 1 0 0 0 1 -0.100298 0 5.91781</i>
            </KeyFrames>
        </RefFrame>
        <Bones count="23">
            <i>
                <p>
                    <Name><![CDATA[pelvis]]></Name>
                    <Exclude>0</Exclude>
                    <Additive>0</Additive>
                    <IKPriority>0</IKPriority>
                    <IKRotLimits>-1e+010 -1e+010 -1e+010 1e+010 1e+010 1e+010</IKRotLimits>
                    <IKRotLimitOrder>2</IKRotLimitOrder>
                    <KeyFrames count="97">
                        <i>1 0 0 0 1 0 0 0 1 -0.0278899 1.10652 0.103358</i>
                        <i>1 0 0 0 1 0 0 0 1 -0.013341 1.12371 0.164091</i>
                        <i>1 0 0 0 1 0 0 0 1 -0.000516598 1.13926 0.224004</i>
                        <i>1 0 0 0 1 0 0 0 1 0.0107519 1.13925 0.284111</i>
                        <i>1 0 0 0 1 0 0 0 1 0.0206328 1.12512 0.345424</i>
                        <i>1 0 0 0 1 0 0 0 1 0.0292948 1.10459 0.408955</i>
                        <i>1 0 0 0 1 0 0 0 1 0.0369063 1.08383 0.476746</i>
                        <i>1 0 0 0 1 0 0 0 1 0.0436358 1.07671 0.551733</i>
                        <i>1 0 0 0 1 0 0 0 1 0.0496517 1.07373 0.629933</i>
                        <i>1 0 0 0 1 0 0 0 1 0.0551225 1.07184 0.706731</i>
                        <i>1 0 0 0 1 0 0 0 1 0.0602167 1.07095 0.777511</i>
                        <i>1 0 0 0 1 0 0 0 1 0.0651029 1.07096 0.837656</i>
                        <i>1 0 0 0 1 0 0 0 1 0.0699494 1.07179 0.884635</i>
                        <i>1 0 0 0 1 0 0 0 1 0.0749248 1.07334 0.922233</i>
                        <i>1 0 0 0 1 0 0 0 1 0.0801975 1.07552 0.955365</i>
                        <i>1 0 0 0 1 0 0 0 1 0.0839908 1.07823 0.988946</i>
                        <i>1 0 0 0 1 0 0 0 1 0.0806736 1.0814 1.02789</i>
                        <i>1 0 0 0 1 0 0 0 1 0.0762588 1.09254 1.07719</i>
                        <i>1 0 0 0 1 0 0 0 1 0.0731229 1.11164 1.14526</i>
                        <i>1 0 0 0 1 0 0 0 1 0.0693424 1.12725 1.22646</i>
                        <i>1 0 0 0 1 0 0 0 1 0.0640426 1.13117 1.30822</i>
                        <i>1 0 0 0 1 0 0 0 1 0.0564964 1.13215 1.37684</i>
                        <i>1 0 0 0 1 0 0 0 1 0.0470979 1.11516 1.43862</i>
                        <i>1 0 0 0 1 0 0 0 1 0.0366735 1.08483 1.50414</i>
                        <i>1 0 0 0 1 0 0 0 1 0.0282368 1.05673 1.57027</i>
                        <i>1 0 0 0 1 0 0 0 1 0.0196234 1.0462 1.63653</i>
                        <i>1 0 0 0 1 0 0 0 1 0.0113326 1.04772 1.70247</i>
                        <i>1 0 0 0 1 0 0 0 1 0.0038637 1.0504 1.7676</i>
                        <i>1 0 0 0 1 0 0 0 1 -0.00228381 1.05251 1.8297</i>
                        <i>1 0 0 0 1 0 0 0 1 -0.00601544 1.05523 1.89105</i>
                        <i>1 0 0 0 1 0 0 0 1 -0.00494814 1.06893 1.95265</i>
                        <i>1 0 0 0 1 0 0 0 1 0.000316513 1.08847 2.01423</i>
                        <i>1 0 0 0 1 0 0 0 1 0.0124908 1.10666 2.07581</i>
                        <i>1 0 0 0 1 0 0 0 1 0.0302417 1.12385 2.13653</i>
                        <i>1 0 0 0 1 0 0 0 1 0.0461617 1.13938 2.19644</i>
                        <i>1 0 0 0 1 0 0 0 1 0.06044 1.13934 2.25655</i>
                        <i>1 0 0 0 1 0 0 0 1 0.0732656 1.12519 2.31786</i>
                        <i>1 0 0 0 1 0 0 0 1 0.0848278 1.10463 2.3814</i>
                        <i>1 0 0 0 1 0 0 0 1 0.0953159 1.08385 2.4492</i>
                        <i>1 0 0 0 1 0 0 0 1 0.104919 1.07671 2.5242</i>
                        <i>1 0 0 0 1 0 0 0 1 0.11376 1.07372 2.60243</i>
                        <i>1 0 0 0 1 0 0 0 1 0.121985 1.07181 2.67925</i>
                        <i>1 0 0 0 1 0 0 0 1 0.129824 1.0709 2.75006</i>
                        <i>1 0 0 0 1 0 0 0 1 0.137501 1.07091 2.81024</i>
                        <i>1 0 0 0 1 0 0 0 1 0.145756 1.07173 2.85725</i>
                        <i>1 0 0 0 1 0 0 0 1 0.155157 1.07328 2.89489</i>
                        <i>1 0 0 0 1 0 0 0 1 0.165592 1.07546 2.92806</i>
                        <i>1 0 0 0 1 0 0 0 1 0.174964 1.07818 2.96168</i>
                        <i>1 0 0 0 1 0 0 0 1 0.177384 1.08135 3.00067</i>
                        <i>1 0 0 0 1 0 0 0 1 0.178604 1.09251 3.05002</i>
                        <i>1 0 0 0 1 0 0 0 1 0.180744 1.11162 3.11813</i>
                        <i>1 0 0 0 1 0 0 0 1 0.18162 1.12725 3.19937</i>
                        <i>1 0 0 0 1 0 0 0 1 0.180094 1.1312 3.28118</i>
                        <i>1 0 0 0 1 0 0 0 1 0.175172 1.13221 3.34984</i>
                        <i>1 0 0 0 1 0 0 0 1 0.166986 1.11526 3.41166</i>
                        <i>1 0 0 0 1 0 0 0 1 0.155852 1.08496 3.47723</i>
                        <i>1 0 0 0 1 0 0 0 1 0.142038 1.0569 3.5434</i>
                        <i>1 0 0 0 1 0 0 0 1 0.126482 1.04641 3.60971</i>
                        <i>1 0 0 0 1 0 0 0 1 0.110329 1.04794 3.67569</i>
                        <i>1 0 0 0 1 0 0 0 1 0.0941678 1.05062 3.74086</i>
                        <i>1 0 0 0 1 0 0 0 1 0.0765338 1.05272 3.803</i>
                        <i>1 0 0 0 1 0 0 0 1 0.0571082 1.05543 3.8644</i>
                        <i>1 0 0 0 1 0 0 0 1 0.039202 1.06911 3.92604</i>
                        <i>1 0 0 0 1 0 0 0 1 0.0231413 1.08864 3.98765</i>
                        <i>1 0 0 0 1 0 0 0 1 0.0125407 1.10684 4.04927</i>
                        <i>1 0 0 0 1 0 0 0 1 0.0069374 1.12403 4.11003</i>
                        <i>1 0 0 0 1 0 0 0 1 -0.000195028 1.13958 4.16996</i>
                        <i>1 0 0 0 1 0 0 0 1 -0.00778665 1.13956 4.23008</i>
                        <i>1 0 0 0 1 0 0 0 1 -0.0147675 1.12543 4.29141</i>
                        <i>1 0 0 0 1 0 0 0 1 -0.0200676 1.10489 4.35496</i>
                        <i>1 0 0 0 1 0 0 0 1 -0.022617 1.08412 4.42276</i>
                        <i>1 0 0 0 1 0 0 0 1 -0.023867 1.077 4.49776</i>
                        <i>1 0 0 0 1 0 0 0 1 -0.0258304 1.074 4.57597</i>
                        <i>1 0 0 0 1 0 0 0 1 -0.0282805 1.0721 4.65278</i>
                        <i>1 0 0 0 1 0 0 0 1 -0.0309901 1.07119 4.72357</i>
                        <i>1 0 0 0 1 0 0 0 1 -0.0337324 1.07119 4.78372</i>
                        <i>1 0 0 0 1 0 0 0 1 -0.0387084 1.072 4.83071</i>
                        <i>1 0 0 0 1 0 0 0 1 -0.0467262 1.07352 4.86832</i>
                        <i>1 0 0 0 1 0 0 0 1 -0.0554695 1.07568 4.90148</i>
                        <i>1 0 0 0 1 0 0 0 1 -0.0645668 1.07837 4.93509</i>
                        <i>1 0 0 0 1 0 0 0 1 -0.0775013 1.08151 4.97406</i>
                        <i>1 0 0 0 1 0 0 0 1 -0.0861119 1.09263 5.02338</i>
                        <i>1 0 0 0 1 0 0 0 1 -0.0895717 1.11171 5.09147</i>
                        <i>1 0 0 0 1 0 0 0 1 -0.0928376 1.1273 5.17268</i>
                        <i>1 0 0 0 1 0 0 0 1 -0.0968671 1.13121 5.25445</i>
                        <i>1 0 0 0 1 0 0 0 1 -0.102472 1.13217 5.32307</i>
                        <i>1 0 0 0 1 0 0 0 1 -0.109339 1.11518 5.38485</i>
                        <i>1 0 0 0 1 0 0 0 1 -0.116971 1.08483 5.45037</i>
                        <i>1 0 0 0 1 0 0 0 1 -0.124919 1.05673 5.51649</i>
                        <i>1 0 0 0 1 0 0 0 1 -0.132759 1.0462 5.58276</i>
                        <i>1 0 0 0 1 0 0 0 1 -0.140072 1.0477 5.64869</i>
                        <i>1 0 0 0 1 0 0 0 1 -0.146418 1.05036 5.71383</i>
                        <i>1 0 0 0 1 0 0 0 1 -0.151353 1.05244 5.77593</i>
                        <i>1 0 0 0 1 0 0 0 1 -0.153842 1.05514 5.83729</i>
                        <i>1 0 0 0 1 0 0 0 1 -0.15156 1.06881 5.89889</i>
                        <i>1 0 0 0 1 0 0 0 1 -0.145166 1.08833 5.96048</i>
                        <i>1 0 0 0 1 0 0 0 1 -0.132032 1.10652 6.02207</i>
                    </KeyFrames>
                </p>
            </i>
            <i>
                <p>
                    <Name><![CDATA[spine0]]></Name>
                    <Exclude>0</Exclude>
                    <Additive>0</Additive>
                    <IKPriority>0</IKPriority>
                    <IKRotLimits>-1e+010 -1e+010 -1e+010 1e+010 1e+010 1e+010</IKRotLimits>
                    <IKRotLimitOrder>0</IKRotLimitOrder>
                    <KeyFrames count="97">
                        <i>0.109006 0.93396 0.340348 -0.986605 0.0598509 0.15175 0.121358 -0.352331 0.927974 -0.0359377 1.24369 0.0895211</i>
                        <i>0.113977 0.939994 0.321592 -0.98571 0.0665816 0.154736 0.124039 -0.334633 0.93415 -0.0251118 1.26052 0.150344</i>
                        <i>0.117397 0.946895 0.299346 -0.985034 0.0727236 0.156269 0.126201 -0.313211 0.941261 -0.00724955 1.27641 0.213183</i>
                        <i>0.120406 0.953032 0.277906 -0.984735 0.0792165 0.154989 0.125695 -0.292326 0.948022 0.0140463 1.27663 0.277508</i>
                        <i>0.123907 0.957432 0.260712 -0.984816 0.0864582 0.15054 0.121591 -0.275406 0.953607 0.0351005 1.26209 0.342807</i>
                        <i>0.127623 0.95975 0.250185 -0.984965 0.0930307 0.145565 0.116431 -0.265001 0.957193 0.0521832 1.24081 0.408659</i>
                        <i>0.130611 0.96029 0.246543 -0.98477 0.0968746 0.144374 0.114757 -0.261645 0.958318 0.061669 1.22008 0.474585</i>
                        <i>0.132243 0.959729 0.247854 -0.984417 0.0979235 0.146063 0.115911 -0.263307 0.957723 0.0638046 1.21393 0.541641</i>
                        <i>0.133023 0.95787 0.254539 -0.984281 0.097573 0.147206 0.116168 -0.270119 0.955793 0.0634911 1.2115 0.613952</i>
                        <i>0.133195 0.955029 0.264913 -0.984219 0.0960383 0.148629 0.116503 -0.280529 0.952749 0.0626735 1.20974 0.689227</i>
                        <i>0.132267 0.95146 0.277903 -0.984304 0.0930295 0.149969 0.116836 -0.293377 0.94883 0.0604923 1.20872 0.759124</i>
                        <i>0.12984 0.947579 0.29195 -0.984553 0.0883279 0.151177 0.117465 -0.307069 0.94441 0.0579028 1.20829 0.818965</i>
                        <i>0.125468 0.944403 0.30391 -0.984938 0.081838 0.152316 0.118976 -0.318443 0.940446 0.0558558 1.20844 0.866174</i>
                        <i>0.118907 0.942663 0.311847 -0.985421 0.0735488 0.153414 0.121681 -0.325542 0.937665 0.0552911 1.20925 0.904503</i>
                        <i>0.110486 0.942382 0.315767 -0.985945 0.0638624 0.154386 0.125325 -0.328386 0.936192 0.0571365 1.21087 0.938842</i>
                        <i>0.100897 0.943502 0.315632 -0.986353 0.0533751 0.155751 0.130105 -0.32704 0.936012 0.0593252 1.21327 0.974452</i>
                        <i>0.0912551 0.945803 0.311656 -0.986507 0.0431409 0.157934 0.135929 -0.321863 0.936978 0.0553604 1.2162 1.01635</i>
                        <i>0.0827346 0.948885 0.304587 -0.986428 0.0344776 0.160534 0.141827 -0.313735 0.938859 0.0511496 1.22719 1.06915</i>
                        <i>0.075966 0.951989 0.296558 -0.98622 0.0278983 0.163072 0.146969 -0.30486 0.940989 0.0489625 1.24618 1.14086</i>
                        <i>0.0711919 0.954622 0.289187 -0.986 0.0235236 0.16508 0.150787 -0.29689 0.942931 0.0467631 1.26173 1.22546</i>
                        <i>0.0683302 0.956411 0.283918 -0.985727 0.0208327 0.167057 0.15386 -0.291281 0.944184 0.0435815 1.26568 1.31002</i>
                        <i>0.0672394 0.957037 0.282063 -0.985276 0.01915 0.169898 0.157197 -0.289334 0.944233 0.0386073 1.2668 1.3805</i>
                        <i>0.0675039 0.955752 0.286325 -0.984652 0.0175241 0.173646 0.160945 -0.293652 0.942266 0.0322764 1.25014 1.44285</i>
                        <i>0.0687902 0.952397 0.296998 -0.983874 0.015497 0.178188 0.165104 -0.304466 0.938105 0.0267103 1.22036 1.5081</i>
                        <i>0.0682149 0.94769 0.311819 -0.982962 0.0103721 0.183514 0.17068 -0.319025 0.932251 0.0240372 1.19284 1.57327</i>
                        <i>0.0641415 0.942263 0.328673 -0.98188 0.000738358 0.1895 0.178316 -0.334872 0.925237 0.0209228 1.18279 1.63788</i>
                        <i>0.0574604 0.936515 0.345888 -0.98037 -0.0125226 0.196769 0.188608 -0.350405 0.917411 0.0173779 1.18465 1.70155</i>
                        <i>0.0494032 0.931142 0.361295 -0.978163 -0.0280102 0.205942 0.201881 -0.363579 0.909425 0.0134216 1.18758 1.76398</i>
                        <i>0.0415706 0.927264 0.372094 -0.975064 -0.043605 0.217599 0.217997 -0.371861 0.902329 0.00909012 1.18989 1.82315</i>
                        <i>0.0350134 0.927328 0.372609 -0.971032 -0.0566143 0.232144 0.236369 -0.369944 0.898483 0.00503735 1.19281 1.88165</i>
                        <i>0.0308454 0.931372 0.36276 -0.965349 -0.066333 0.252391 0.259133 -0.357975 0.897053 -0.00139057 1.2066 1.94142</i>
                        <i>0.0326436 0.936796 0.348349 -0.958571 -0.0693359 0.276288 0.282979 -0.342937 0.895722 -0.0101227 1.22533 2.00259</i>
                        <i>0.0473117 0.941371 0.334038 -0.952441 -0.0582651 0.2991 0.301027 -0.332302 0.893844 -0.0106353 1.24184 2.06434</i>
                        <i>0.0589821 0.947374 0.314647 -0.947495 -0.0461048 0.31643 0.314285 -0.31679 0.894913 0.00492785 1.2586 2.12602</i>
                        <i>0.07289 0.953718 0.291735 -0.943101 -0.029238 0.331217 0.324418 -0.299278 0.897322 0.0283394 1.27519 2.18814</i>
                        <i>0.0893484 0.958936 0.269181 -0.939557 -0.00853982 0.342286 0.330529 -0.283494 0.900212 0.0557442 1.27632 2.25055</i>
                        <i>0.108674 0.962194 0.249745 -0.936802 0.0150817 0.349534 0.332553 -0.271947 0.903025 0.0831026 1.26243 2.31343</i>
                        <i>0.129626 0.96313 0.23575 -0.933877 0.0386719 0.355498 0.333274 -0.266243 0.904457 0.106229 1.24134 2.37726</i>
                        <i>0.149949 0.962051 0.227978 -0.929479 0.0585688 0.364195 0.337022 -0.266511 0.902988 0.120769 1.22041 2.44267</i>
                        <i>0.167788 0.959805 0.224992 -0.924289 0.0737928 0.374491 0.342836 -0.270793 0.899519 0.126312 1.21399 2.51097</i>
                        <i>0.186838 0.9557 0.22744 -0.919915 0.0889587 0.381893 0.344742 -0.280578 0.895784 0.130097 1.2114 2.585</i>
                        <i>0.204365 0.950475 0.234162 -0.916401 0.101663 0.387135 0.344157 -0.293703 0.891793 0.134959 1.20962 2.66194</i>
                        <i>0.220309 0.944332 0.244336 -0.913301 0.111731 0.391659 0.342556 -0.309439 0.887076 0.13868 1.20877 2.73378</i>
                        <i>0.230779 0.938484 0.256881 -0.911182 0.11584 0.395385 0.341305 -0.325312 0.881863 0.141668 1.20871 2.79565</i>
                        <i>0.232027 0.934868 0.268672 -0.910417 0.111464 0.398393 0.342498 -0.337041 0.876982 0.144848 1.2093 2.84475</i>
                        <i>0.221455 0.934907 0.277318 -0.911026 0.0969108 0.400799 0.347835 -0.341403 0.873186 0.148977 1.21044 2.88461</i>
                        <i>0.201856 0.937789 0.2825 -0.912303 0.0750993 0.402571 0.356312 -0.338987 0.870707 0.155036 1.21212 2.91992</i>
                        <i>0.17862 0.9421 0.283799 -0.91321 0.0513696 0.404239 0.366255 -0.331373 0.869511 0.161528 1.21436 2.95598</i>
                        <i>0.153915 0.947247 0.281128 -0.913309 0.0278121 0.406318 0.377064 -0.319295 0.86941 0.161848 1.21702 2.99803</i>
                        <i>0.12987 0.952613 0.275067 -0.912657 0.00641777 0.408676 0.387545 -0.304117 0.870242 0.161644 1.22765 3.0507</i>
                        <i>0.10823 0.957419 0.267647 -0.911512 -0.0118837 0.411103 0.396778 -0.288457 0.871412 0.162919 1.24625 3.12206</i>
                        <i>0.0893956 0.961375 0.260322 -0.910228 -0.0272499 0.41321 0.404344 -0.273891 0.872634 0.163373 1.26143 3.20611</i>
                        <i>0.0737233 0.964295 0.254362 -0.90912 -0.0398642 0.414623 0.409958 -0.261813 0.873721 0.161739 1.26505 3.28997</i>
                        <i>0.0619186 0.965959 0.251177 -0.908436 -0.0496963 0.41506 0.413413 -0.253878 0.874434 0.156892 1.26592 3.35958</i>
                        <i>0.0541453 0.965754 0.253748 -0.908471 -0.0578245 0.413929 0.414427 -0.252935 0.874228 0.148993 1.24909 3.42093</i>
                        <i>0.0500406 0.963558 0.262778 -0.90962 -0.064677 0.410377 0.412417 -0.259563 0.873235 0.13982 1.21932 3.48475</i>
                        <i>0.0489347 0.959837 0.276257 -0.911624 -0.07009 0.405004 0.408101 -0.271661 0.871581 0.129521 1.19206 3.54823</i>
                        <i>0.0507856 0.95507 0.291996 -0.914045 -0.0733597 0.398924 0.402421 -0.287157 0.869252 0.118412 1.18242 3.61118</i>
                        <i>0.0547866 0.949713 0.30829 -0.916515 -0.0746903 0.392965 0.39623 -0.304082 0.866335 0.107004 1.18469 3.67345</i>
                        <i>0.0593969 0.944528 0.323014 -0.918654 -0.0748859 0.3879 0.390572 -0.319778 0.863247 0.0950732 1.18789 3.73488</i>
                        <i>0.0632034 0.940674 0.333373 -0.920135 -0.0744298 0.384464 0.386468 -0.331047 0.860843 0.0802668 1.1903 3.79357</i>
                        <i>0.0646502 0.940425 0.333797 -0.920798 -0.0727141 0.383203 0.384646 -0.332133 0.861241 0.0615134 1.19316 3.85212</i>
                        <i>0.0625801 0.94378 0.324595 -0.919384 -0.0720387 0.386709 0.388352 -0.322628 0.863188 0.0368871 1.20664 3.91306</i>
                        <i>0.056156 0.948301 0.312363 -0.916677 -0.0750115 0.392525 0.395663 -0.308379 0.865074 0.00698783 1.22486 3.97609</i>
                        <i>0.0513037 0.952167 0.30124 -0.91487 -0.0761483 0.396502 0.400475 -0.295937 0.867203 -0.0170481 1.24075 4.03921</i>
                        <i>0.0361096 0.957255 0.286983 -0.914566 -0.0840996 0.395595 0.402821 -0.27675 0.872436 -0.0263096 1.2571 4.10099</i>
                        <i>0.020198 0.962638 0.270038 -0.915148 -0.0909639 0.39272 0.402611 -0.255057 0.879119 -0.02797 1.2737 4.16247</i>
                        <i>0.00843012 0.967352 0.253297 -0.917325 -0.0933506 0.38704 0.398049 -0.235618 0.886589 -0.0248739 1.27531 4.22415</i>
                        <i>0.00452147 0.971032 0.238907 -0.920955 -0.0890468 0.379358 0.389643 -0.221738 0.893874 -0.0199549 1.26229 4.28656</i>
                        <i>0.00636349 0.973228 0.229753 -0.924398 -0.0819007 0.372532 0.381376 -0.214754 0.899129 -0.0162906 1.24213 4.3503</i>
                        <i>0.00933559 0.97377 0.227344 -0.925492 -0.0776776 0.370716 0.378652 -0.213866 0.900491 -0.0172253 1.22156 4.4159</i>
                        <i>0.0123643 0.973152 0.229829 -0.924378 -0.0765178 0.373724 0.381276 -0.21707 0.898615 -0.0246001 1.21461 4.48442</i>
                        <i>0.0159925 0.971285 0.237382 -0.923513 -0.0766472 0.375831 0.383234 -0.225236 0.895768 -0.0336925 1.21127 4.55854</i>
                        <i>0.0202814 0.968449 0.248386 -0.922945 -0.0773831 0.377074 0.384398 -0.236895 0.892255 -0.0420127 1.20878 4.63547</i>
                        <i>0.0243277 0.964817 0.261795 -0.922295 -0.0793789 0.378248 0.385721 -0.250654 0.887914 -0.051267 1.20699 4.70724</i>
                        <i>0.0276228 0.960737 0.276083 -0.92157 -0.0825135 0.379343 0.387229 -0.264908 0.883107 -0.0604893 1.20585 4.76897</i>
                        <i>0.0282999 0.956986 0.288751 -0.922371 -0.0863352 0.376534 0.385267 -0.276991 0.880253 -0.0711834 1.20543 4.81782</i>
                        <i>0.0250221 0.954144 0.298301 -0.925923 -0.0903749 0.366741 0.376883 -0.28538 0.881202 -0.083501 1.20588 4.8572</i>
                        <i>0.0187032 0.952356 0.304415 -0.93162 -0.0939267 0.351087 0.362952 -0.290165 0.885477 -0.0944478 1.2074 4.89179</i>
                        <i>0.0106449 0.951772 0.306622 -0.93864 -0.0962047 0.331211 0.344735 -0.291334 0.892347 -0.10388 1.20991 4.92701</i>
                        <i>0.00246147 0.952419 0.304781 -0.946234 -0.0963711 0.308795 0.323474 -0.289154 0.900974 -0.116131 1.21306 4.96817</i>
                        <i>-0.00419605 0.954093 0.299482 -0.953988 -0.0936104 0.284859 0.299816 -0.284507 0.910586 -0.123251 1.22435 5.02</i>
                        <i>-0.00824459 0.956134 0.292813 -0.961513 -0.088002 0.260284 0.274634 -0.279397 0.920061 -0.124585 1.24368 5.09066</i>
                        <i>-0.00916737 0.958052 0.286448 -0.968482 -0.0798143 0.235951 0.248916 -0.275257 0.928587 -0.125218 1.25961 5.17424</i>
                        <i>-0.00717762 0.95939 0.281992 -0.974628 -0.0698008 0.212668 0.223715 -0.273311 0.935549 -0.126194 1.26393 5.25787</i>
                        <i>-0.00270982 0.959729 0.280913 -0.979772 -0.0587583 0.191294 0.200097 -0.274713 0.940476 -0.128371 1.26542 5.32752</i>
                        <i>0.00371697 0.958225 0.28599 -0.983825 -0.0477149 0.172658 0.179091 -0.282006 0.942549 -0.131304 1.24912 5.38923</i>
                        <i>0.0117199 0.954624 0.297584 -0.986847 -0.0369447 0.157381 0.161234 -0.295514 0.941634 -0.133105 1.21972 5.45407</i>
                        <i>0.0216409 0.949386 0.313364 -0.988691 -0.0262013 0.14766 0.148397 -0.313016 0.938083 -0.133569 1.19255 5.51915</i>
                        <i>0.0331981 0.942993 0.331153 -0.989807 -0.0148923 0.141635 0.138493 -0.332479 0.932886 -0.133153 1.18274 5.58394</i>
                        <i>0.044591 0.935966 0.349255 -0.990684 -0.00360042 0.136134 0.128674 -0.352072 0.927086 -0.132348 1.18461 5.64801</i>
                        <i>0.0553358 0.92919 0.365436 -0.991231 0.00713821 0.131946 0.119995 -0.369533 0.921437 -0.131532 1.18734 5.71099</i>
                        <i>0.0654619 0.923944 0.376885 -0.991393 0.0173066 0.129769 0.113377 -0.382136 0.917125 -0.131075 1.18932 5.77076</i>
                        <i>0.0747187 0.922794 0.377979 -0.991144 0.0269971 0.130019 0.109776 -0.384346 0.916639 -0.130737 1.19198 5.82976</i>
                        <i>0.0825044 0.925836 0.368811 -0.990179 0.0342422 0.135548 0.112866 -0.376372 0.919568 -0.133634 1.20615 5.88911</i>
                        <i>0.0902296 0.930338 0.355429 -0.988665 0.0406732 0.144521 0.119997 -0.364441 0.923463 -0.140225 1.22605 5.94861</i>
                        <i>0.104139 0.933585 0.342892 -0.986813 0.0540354 0.152581 0.123919 -0.354259 0.9269 -0.140142 1.24368 6.00827</i>
                    </KeyFrames>
                </p>
            </i>
            <i>
                <p>
                    <Name><![CDATA[spine1]]></Name>
                    <Exclude>0</Exclude>
                    <Additive>0</Additive>
                    <IKPriority>0</IKPriority>
                    <IKRotLimits>-1e+010 -1e+010 -1e+010 1e+010 1e+010 1e+010</IKRotLimits>
                    <IKRotLimitOrder>0</IKRotLimitOrder>
                    <KeyFrames count="97">
                        <i>0.244018 0.726048 0.642892 -0.936943 0.347534 -0.0368572 -0.250187 -0.593359 0.76507 -0.0157914 1.42262 0.160931</i>
                        <i>0.282072 0.744864 0.604659 -0.935156 0.354236 -0.000125942 -0.214286 -0.565416 0.796484 -0.00390745 1.44102 0.217956</i>
                        <i>0.292247 0.777756 0.556496 -0.940435 0.339414 0.0195109 -0.173708 -0.52905 0.830621 0.0144664 1.45661 0.275612</i>
                        <i>0.283941 0.815979 0.503543 -0.949832 0.311187 0.0313255 -0.131135 -0.487176 0.863402 0.0361361 1.45558 0.334777</i>
                        <i>0.268009 0.849756 0.453968 -0.959126 0.279758 0.0425768 -0.0908211 -0.446823 0.89 0.0577618 1.43977 0.395997</i>
                        <i>0.259254 0.869713 0.419985 -0.964085 0.259017 0.0587452 -0.0576919 -0.420131 0.905628 0.0755672 1.41769 0.459416</i>
                        <i>0.272723 0.867597 0.41581 -0.961352 0.262698 0.0824092 -0.0377347 -0.422215 0.90571 0.0856703 1.39684 0.52456</i>
                        <i>0.304842 0.841681 0.445696 -0.951682 0.287404 0.10817 -0.0370503 -0.457135 0.888625 0.0882578 1.39169 0.592157</i>
                        <i>0.337455 0.811675 0.476768 -0.940244 0.315089 0.129077 -0.0454552 -0.491836 0.8695 0.0882956 1.39047 0.666235</i>
                        <i>0.365456 0.786139 0.498425 -0.92922 0.339579 0.145723 -0.054696 -0.516402 0.854598 0.0876685 1.38953 0.744005</i>
                        <i>0.388349 0.758456 0.523383 -0.918848 0.361866 0.157388 -0.0700225 -0.542031 0.837436 0.0855057 1.38963 0.817095</i>
                        <i>0.402662 0.731828 0.54981 -0.910917 0.379409 0.16211 -0.0899657 -0.566107 0.819408 0.0826438 1.39049 0.880473</i>
                        <i>0.407327 0.711525 0.572552 -0.906387 0.39184 0.157875 -0.112017 -0.583261 0.804524 0.0798763 1.39194 0.930793</i>
                        <i>0.402244 0.70072 0.58923 -0.905604 0.399053 0.143661 -0.134468 -0.591395 0.795091 0.0780346 1.39386 0.97126</i>
                        <i>0.387828 0.699452 0.600296 -0.908295 0.40081 0.119799 -0.156811 -0.591708 0.790754 0.0780897 1.39612 1.00664</i>
                        <i>0.367249 0.707846 0.603393 -0.912761 0.399025 0.0874418 -0.178874 -0.582866 0.792636 0.0781291 1.39866 1.04217</i>
                        <i>0.345431 0.725059 0.595792 -0.916758 0.396414 0.0490986 -0.200581 -0.563157 0.801637 0.071938 1.40141 1.08298</i>
                        <i>0.324558 0.748896 0.577769 -0.91937 0.393338 0.00661095 -0.222308 -0.533329 0.816173 0.0657234 1.41202 1.13392</i>
                        <i>0.305277 0.774661 0.55381 -0.92021 0.389603 -0.0377227 -0.244988 -0.498106 0.831788 0.0619234 1.43049 1.20355</i>
                        <i>0.287981 0.798857 0.528105 -0.919027 0.385557 -0.0820719 -0.269178 -0.461707 0.845204 0.0585693 1.44543 1.28623</i>
                        <i>0.272463 0.818771 0.505349 -0.916174 0.381216 -0.123688 -0.293919 -0.429287 0.854005 0.0546584 1.44866 1.36937</i>
                        <i>0.258737 0.832134 0.490519 -0.912474 0.37717 -0.158536 -0.316932 -0.406567 0.856888 0.0493234 1.44893 1.43915</i>
                        <i>0.245693 0.835452 0.491585 -0.908967 0.374752 -0.182594 -0.336771 -0.401972 0.851471 0.0429009 1.43109 1.5021</i>
                        <i>0.227538 0.829871 0.509452 -0.908016 0.369808 -0.196847 -0.351757 -0.4178 0.837681 0.0374221 1.39955 1.5692</i>
                        <i>0.201511 0.817474 0.539564 -0.91138 0.358308 -0.202488 -0.358859 -0.450944 0.817233 0.0344215 1.37004 1.63703</i>
                        <i>0.168496 0.799021 0.577213 -0.919431 0.338493 -0.200173 -0.355325 -0.496979 0.791679 0.0302512 1.35817 1.70478</i>
                        <i>0.131053 0.775093 0.618107 -0.930635 0.311069 -0.192758 -0.341679 -0.54997 0.762095 0.0251101 1.35869 1.77182</i>
                        <i>0.094166 0.7485 0.656415 -0.943561 0.277396 -0.180952 -0.31753 -0.602328 0.732377 0.0192562 1.36092 1.83744</i>
                        <i>0.064571 0.724871 0.685852 -0.956127 0.241741 -0.165477 -0.285748 -0.645076 0.708678 0.013031 1.36323 1.89903</i>
                        <i>0.04686 0.71555 0.696988 -0.967044 0.207308 -0.147812 -0.250258 -0.667092 0.701683 0.00729353 1.36702 1.95792</i>
                        <i>0.0642201 0.722898 0.687964 -0.974236 0.194766 -0.113713 -0.216195 -0.662937 0.716781 -0.000439059 1.38236 2.01592</i>
                        <i>0.121666 0.738131 0.663597 -0.97521 0.213393 -0.0585635 -0.184834 -0.640021 0.745795 -0.0092801 1.4032 2.07447</i>
                        <i>0.204481 0.748806 0.630458 -0.966612 0.256075 0.00936352 -0.154433 -0.611323 0.776167 -0.00709945 1.42212 2.13377</i>
                        <i>0.245994 0.770355 0.588252 -0.961623 0.270058 0.0484716 -0.121522 -0.5776 0.807224 0.0106147 1.44025 2.19146</i>
                        <i>0.260076 0.800536 0.539909 -0.961861 0.263869 0.0720867 -0.0847571 -0.538066 0.838631 0.0365919 1.45647 2.24829</i>
                        <i>0.257599 0.832891 0.489832 -0.965206 0.245384 0.0903519 -0.0449439 -0.496064 0.867122 0.0670736 1.45631 2.30538</i>
                        <i>0.252376 0.860276 0.44298 -0.967628 0.22501 0.114307 -0.00133879 -0.457488 0.889215 0.0981451 1.44109 2.36377</i>
                        <i>0.260497 0.875423 0.407155 -0.964487 0.216889 0.150743 0.0436566 -0.431964 0.900833 0.125364 1.41902 2.42449</i>
                        <i>0.297117 0.870376 0.392643 -0.951387 0.234905 0.199206 0.0811506 -0.432742 0.897858 0.143888 1.39766 2.48828</i>
                        <i>0.357916 0.841825 0.404013 -0.928346 0.274311 0.250852 0.100348 -0.464848 0.879686 0.153071 1.39189 2.55623</i>
                        <i>0.418843 0.807557 0.415238 -0.901755 0.316112 0.294807 0.106811 -0.497921 0.86062 0.160931 1.39002 2.63112</i>
                        <i>0.458765 0.782338 0.421285 -0.881883 0.342883 0.323596 0.10871 -0.519979 0.847233 0.169619 1.38856 2.70977</i>
                        <i>0.491329 0.755056 0.434149 -0.865356 0.366667 0.341635 0.0987657 -0.543549 0.833547 0.176976 1.3882 2.78415</i>
                        <i>0.510444 0.730332 0.45394 -0.85632 0.38352 0.345874 0.0785077 -0.565267 0.821163 0.182534 1.38882 2.84912</i>
                        <i>0.512576 0.71519 0.475151 -0.856927 0.391127 0.335702 0.0542466 -0.579243 0.813348 0.186288 1.39031 2.90116</i>
                        <i>0.496574 0.714089 0.493448 -0.867369 0.386659 0.313312 0.0329366 -0.583584 0.811384 0.188307 1.39257 2.94317</i>
                        <i>0.464795 0.72513 0.508086 -0.885297 0.371113 0.280222 0.0146401 -0.580053 0.814447 0.190116 1.39521 2.97968</i>
                        <i>0.423732 0.745204 0.5149 -0.905785 0.349902 0.239001 -0.00205958 -0.567662 0.823259 0.191425 1.39798 3.01591</i>
                        <i>0.37929 0.77232 0.509569 -0.925118 0.326758 0.193352 -0.0171761 -0.544748 0.838424 0.186189 1.40086 3.05714</i>
                        <i>0.335307 0.803332 0.492166 -0.941566 0.303482 0.146124 -0.0319776 -0.512403 0.85815 0.180589 1.41153 3.10823</i>
                        <i>0.295378 0.833064 0.467715 -0.954191 0.281658 0.100934 -0.0476514 -0.476103 0.878098 0.177046 1.43008 3.17774</i>
                        <i>0.260153 0.859017 0.440919 -0.963421 0.261358 0.0592531 -0.0643384 -0.440206 0.895589 0.173346 1.44513 3.26002</i>
                        <i>0.229654 0.879528 0.41676 -0.969651 0.243669 0.020084 -0.0838871 -0.408724 0.908795 0.168291 1.44856 3.34243</i>
                        <i>0.206032 0.892766 0.400648 -0.972694 0.231554 -0.0157679 -0.106849 -0.38646 0.916096 0.160892 1.44909 3.41122</i>
                        <i>0.189909 0.896066 0.401248 -0.972956 0.2265 -0.0453228 -0.131495 -0.38179 0.914847 0.151334 1.43161 3.47294</i>
                        <i>0.174586 0.890081 0.421041 -0.972201 0.223586 -0.0695336 -0.156029 -0.397197 0.904372 0.141319 1.40063 3.53841</i>
                        <i>0.158062 0.876183 0.455324 -0.971336 0.220882 -0.0878519 -0.177547 -0.428386 0.885981 0.130843 1.37183 3.60442</i>
                        <i>0.141902 0.855285 0.49835 -0.971168 0.217717 -0.0971203 -0.191565 -0.4702 0.861519 0.120196 1.36068 3.6704</i>
                        <i>0.126059 0.828928 0.544965 -0.972279 0.212293 -0.0980087 -0.196934 -0.517503 0.832711 0.109712 1.36172 3.73592</i>
                        <i>0.111135 0.800675 0.588701 -0.97505 0.202389 -0.0911928 -0.192162 -0.563878 0.80319 0.0988408 1.36419 3.80044</i>
                        <i>0.0997943 0.776301 0.622412 -0.979051 0.188189 -0.0777425 -0.177483 -0.601615 0.778819 0.0849217 1.36645 3.86143</i>
                        <i>0.0936017 0.766211 0.635735 -0.983817 0.169171 -0.0590397 -0.152785 -0.619921 0.769646 0.0665465 1.36995 3.92031</i>
                        <i>0.113215 0.77285 0.624407 -0.986148 0.164081 -0.0242847 -0.121222 -0.613009 0.780721 0.0414688 1.38475 3.9796</i>
                        <i>0.156225 0.786875 0.597011 -0.984248 0.174669 0.027339 -0.0827668 -0.591878 0.801767 0.0101702 1.40499 4.04049</i>
                        <i>0.207389 0.798261 0.565482 -0.977507 0.191759 0.0878021 -0.0383471 -0.570972 0.820074 -0.014879 1.42327 4.10182</i>
                        <i>0.206655 0.820776 0.532561 -0.97839 0.169554 0.11834 0.00683299 -0.545508 0.838078 -0.0273308 1.4407 4.16065</i>
                        <i>0.172246 0.850877 0.496325 -0.98366 0.121776 0.132604 0.0523892 -0.511056 0.857949 -0.0323143 1.45675 4.21814</i>
                        <i>0.12236 0.880544 0.457897 -0.988116 0.0648348 0.139369 0.0930326 -0.469508 0.878013 -0.0315533 1.45733 4.27583</i>
                        <i>0.0798572 0.90342 0.421254 -0.989041 0.0191634 0.146395 0.124183 -0.428328 0.895049 -0.0272456 1.44368 4.33495</i>
                        <i>0.0606852 0.916108 0.396311 -0.987404 -0.00302661 0.158192 0.146121 -0.400919 0.904385 -0.0230207 1.42328 4.39666</i>
                        <i>0.0749486 0.915466 0.395354 -0.984336 0.00447207 0.176248 0.159581 -0.402371 0.901461 -0.0232904 1.40269 4.46173</i>
                        <i>0.120753 0.898386 0.422281 -0.979679 0.0392221 0.1967 0.16015 -0.437451 0.884866 -0.0301023 1.39639 4.53093</i>
                        <i>0.168538 0.877268 0.449438 -0.974065 0.0783919 0.212256 0.150974 -0.473555 0.867728 -0.0384861 1.39383 4.60688</i>
                        <i>0.208862 0.858688 0.468008 -0.96803 0.113558 0.223657 0.138905 -0.499759 0.854954 -0.0459416 1.3917 4.68631</i>
                        <i>0.246016 0.836521 0.489601 -0.961622 0.147337 0.231462 0.121487 -0.527754 0.840664 -0.0543712 1.39049 4.76119</i>
                        <i>0.275582 0.813039 0.512857 -0.956066 0.176343 0.234181 0.0999593 -0.554862 0.825916 -0.0629143 1.39009 4.82633</i>
                        <i>0.292545 0.792992 0.534399 -0.953481 0.199384 0.226097 0.0727429 -0.575683 0.814431 -0.0733904 1.39039 4.87826</i>
