<?xml version="1.0" encoding="ISO-8859-1" ?>
<Animl Version="1">
    <ModellingPackage><![CDATA[Maya.2010]]></ModellingPackage>
    <SrcFile><![CDATA[anims\characters\shared\base_soldier\~src\infantry\highstep_run.mb]]></SrcFile>
    <FramesPerSecond>30</FramesPerSecond>
    <TotalFrames>44</TotalFrames>
    <Skeleton>
        <RefFrame>
            <Name><![CDATA[soldier_ref_frame]]></Name>
            <Exclude>0</Exclude>
            <Additive>0</Additive>
            <IKPriority>0</IKPriority>
            <IKRotLimits>-1e+010 -1e+010 -1e+010 1e+010 1e+010 1e+010</IKRotLimits>
            <IKRotLimitOrder>0</IKRotLimitOrder>
            <KeyFrames count="44">
                <i>1 0 0 0 1 0 0 0 1 -0.0430642 0 -0.164183</i>
                <i>1 0 0 0 1 0 0 0 1 -0.0506653 0 0.00248322</i>
                <i>1 0 0 0 1 0 0 0 1 -0.0513445 0 0.16915</i>
                <i>1 0 0 0 1 0 0 0 1 -0.0462368 0 0.335817</i>
                <i>1 0 0 0 1 0 0 0 1 -0.036477 0 0.502484</i>
                <i>1 0 0 0 1 0 0 0 1 -0.0232001 0 0.669151</i>
                <i>1 0 0 0 1 0 0 0 1 -0.00754105 0 0.835818</i>
                <i>1 0 0 0 1 0 0 0 1 0.00936534 0 1.00248</i>
                <i>1 0 0 0 1 0 0 0 1 0.0263841 0 1.16915</i>
                <i>1 0 0 0 1 0 0 0 1 0.0423803 0 1.33582</i>
                <i>1 0 0 0 1 0 0 0 1 0.0562191 0 1.50249</i>
                <i>1 0 0 0 1 0 0 0 1 0.0667655 0 1.66915</i>
                <i>1 0 0 0 1 0 0 0 1 0.0728847 0 1.83582</i>
                <i>1 0 0 0 1 0 0 0 1 0.0734417 0 2.00249</i>
                <i>1 0 0 0 1 0 0 0 1 0.0664844 0 2.16915</i>
                <i>1 0 0 0 1 0 0 0 1 0.0520848 0 2.33582</i>
                <i>1 0 0 0 1 0 0 0 1 0.0321438 0 2.50249</i>
                <i>1 0 0 0 1 0 0 0 1 0.00856242 0 2.66916</i>
                <i>1 0 0 0 1 0 0 0 1 -0.0167584 0 2.83582</i>
                <i>1 0 0 0 1 0 0 0 1 -0.0419177 0 3.00249</i>
                <i>1 0 0 0 1 0 0 0 1 -0.0650144 0 3.16916</i>
                <i>1 0 0 0 1 0 0 0 1 -0.0841477 0 3.33582</i>
                <i>1 0 0 0 1 0 0 0 1 -0.0974166 0 3.50249</i>
                <i>1 0 0 0 1 0 0 0 1 -0.10292 0 3.66916</i>
                <i>1 0 0 0 1 0 0 0 1 -0.100358 0 3.83582</i>
                <i>1 0 0 0 1 0 0 0 1 -0.0915681 0 4.00249</i>
                <i>1 0 0 0 1 0 0 0 1 -0.0778531 0 4.16915</i>
                <i>1 0 0 0 1 0 0 0 1 -0.0605171 0 4.33582</i>
                <i>1 0 0 0 1 0 0 0 1 -0.0408638 0 4.50249</i>
                <i>1 0 0 0 1 0 0 0 1 -0.0201968 0 4.66915</i>
                <i>1 0 0 0 1 0 0 0 1 0.000180181 0 4.83582</i>
                <i>1 0 0 0 1 0 0 0 1 0.0189634 0 5.00248</i>
                <i>1 0 0 0 1 0 0 0 1 0.0348492 0 5.16915</i>
                <i>1 0 0 0 1 0 0 0 1 0.0465338 0 5.33581</i>
                <i>1 0 0 0 1 0 0 0 1 0.0527136 0 5.50247</i>
                <i>1 0 0 0 1 0 0 0 1 0.0528447 0 5.66913</i>
                <i>1 0 0 0 1 0 0 0 1 0.047926 0 5.8358</i>
                <i>1 0 0 0 1 0 0 0 1 0.0389674 0 6.00246</i>
                <i>1 0 0 0 1 0 0 0 1 0.0269788 0 6.16912</i>
                <i>1 0 0 0 1 0 0 0 1 0.0129701 0 6.33578</i>
                <i>1 0 0 0 1 0 0 0 1 -0.0020484 0 6.50244</i>
                <i>1 0 0 0 1 0 0 0 1 -0.0170669 0 6.6691</i>
                <i>1 0 0 0 1 0 0 0 1 -0.0310755 0 6.83576</i>
                <i>1 0 0 0 1 0 0 0 1 -0.0430642 0 7.00243</i>
            </KeyFrames>
        </RefFrame>
        <Bones count="23">
            <i>
                <p>
                    <Name><![CDATA[pelvis]]></Name>
                    <Exclude>0</Exclude>
                    <Additive>0</Additive>
                    <IKPriority>0</IKPriority>
                    <IKRotLimits>-1e+010 -1e+010 -1e+010 1e+010 1e+010 1e+010</IKRotLimits>
                    <IKRotLimitOrder>2</IKRotLimitOrder>
                    <KeyFrames count="44">
                        <i>1 0 0 0 1 0 0 0 1 -0.0430642 1.03977 -0.164183</i>
                        <i>1 0 0 0 1 0 0 0 1 -0.0506653 1.08554 0.00248322</i>
                        <i>1 0 0 0 1 0 0 0 1 -0.0513445 1.13359 0.16915</i>
                        <i>1 0 0 0 1 0 0 0 1 -0.0462368 1.17708 0.335817</i>
                        <i>1 0 0 0 1 0 0 0 1 -0.036477 1.20919 0.502484</i>
                        <i>1 0 0 0 1 0 0 0 1 -0.0232001 1.2253 0.669151</i>
                        <i>1 0 0 0 1 0 0 0 1 -0.00754105 1.22523 0.835818</i>
                        <i>1 0 0 0 1 0 0 0 1 0.00936534 1.20878 1.00248</i>
                        <i>1 0 0 0 1 0 0 0 1 0.0263841 1.17311 1.16915</i>
                        <i>1 0 0 0 1 0 0 0 1 0.0423803 1.12352 1.33582</i>
                        <i>1 0 0 0 1 0 0 0 1 0.0562191 1.07205 1.50249</i>
                        <i>1 0 0 0 1 0 0 0 1 0.0667655 1.03073 1.66915</i>
                        <i>1 0 0 0 1 0 0 0 1 0.0728847 1.01159 1.83582</i>
                        <i>1 0 0 0 1 0 0 0 1 0.0734417 1.04584 2.00249</i>
                        <i>1 0 0 0 1 0 0 0 1 0.0664844 1.11943 2.16915</i>
                        <i>1 0 0 0 1 0 0 0 1 0.0520848 1.17647 2.33582</i>
                        <i>1 0 0 0 1 0 0 0 1 0.0321438 1.19942 2.50249</i>
                        <i>1 0 0 0 1 0 0 0 1 0.00856242 1.20583 2.66916</i>
                        <i>1 0 0 0 1 0 0 0 1 -0.0167584 1.19252 2.83582</i>
                        <i>1 0 0 0 1 0 0 0 1 -0.0419177 1.14545 3.00249</i>
                        <i>1 0 0 0 1 0 0 0 1 -0.0650144 1.07866 3.16916</i>
                        <i>1 0 0 0 1 0 0 0 1 -0.0841477 1.03109 3.33582</i>
                        <i>1 0 0 0 1 0 0 0 1 -0.0974166 1.01661 3.50249</i>
                        <i>1 0 0 0 1 0 0 0 1 -0.10292 1.02135 3.66916</i>
                        <i>1 0 0 0 1 0 0 0 1 -0.100358 1.04261 3.83582</i>
                        <i>1 0 0 0 1 0 0 0 1 -0.0915681 1.09186 4.00249</i>
                        <i>1 0 0 0 1 0 0 0 1 -0.0778531 1.15763 4.16915</i>
                        <i>1 0 0 0 1 0 0 0 1 -0.0605171 1.20285 4.33582</i>
                        <i>1 0 0 0 1 0 0 0 1 -0.0408638 1.21297 4.50249</i>
                        <i>1 0 0 0 1 0 0 0 1 -0.0201968 1.20255 4.66915</i>
                        <i>1 0 0 0 1 0 0 0 1 0.000180181 1.17812 4.83582</i>
                        <i>1 0 0 0 1 0 0 0 1 0.0189634 1.12551 5.00248</i>
                        <i>1 0 0 0 1 0 0 0 1 0.0348492 1.0589 5.16915</i>
                        <i>1 0 0 0 1 0 0 0 1 0.0465338 1.02738 5.33581</i>
                        <i>1 0 0 0 1 0 0 0 1 0.0527136 1.04949 5.50247</i>
                        <i>1 0 0 0 1 0 0 0 1 0.0528447 1.0979 5.66913</i>
                        <i>1 0 0 0 1 0 0 0 1 0.047926 1.15293 5.8358</i>
                        <i>1 0 0 0 1 0 0 0 1 0.0389674 1.19487 6.00246</i>
                        <i>1 0 0 0 1 0 0 0 1 0.0269788 1.21128 6.16912</i>
                        <i>1 0 0 0 1 0 0 0 1 0.0129701 1.20036 6.33578</i>
                        <i>1 0 0 0 1 0 0 0 1 -0.0020484 1.16825 6.50244</i>
                        <i>1 0 0 0 1 0 0 0 1 -0.0170669 1.12721 6.6691</i>
                        <i>1 0 0 0 1 0 0 0 1 -0.0310755 1.0826 6.83576</i>
                        <i>1 0 0 0 1 0 0 0 1 -0.0430642 1.03977 7.00243</i>
                    </KeyFrames>
                </p>
            </i>
            <i>
                <p>
                    <Name><![CDATA[spine0]]></Name>
                    <Exclude>0</Exclude>
                    <Additive>0</Additive>
                    <IKPriority>0</IKPriority>
                    <IKRotLimits>-1e+010 -1e+010 -1e+010 1e+010 1e+010 1e+010</IKRotLimits>
                    <IKRotLimitOrder>0</IKRotLimitOrder>
                    <KeyFrames count="44">
                        <i>0.0747764 0.905936 -0.416759 -0.960275 -0.0472588 -0.275026 -0.268851 0.420769 0.866414 0.0177832 1.14844 -0.268835</i>
                        <i>0.0376133 0.909647 -0.413675 -0.942797 -0.104916 -0.316427 -0.331238 0.401914 0.853667 0.00773071 1.19417 -0.103745</i>
                        <i>0.00670187 0.898359 -0.439211 -0.928145 -0.157876 -0.33708 -0.372159 0.409911 0.832749 0.00615284 1.23875 0.0564297</i>
                        <i>-0.0153765 0.87637 -0.481394 -0.917761 -0.203449 -0.341061 -0.396835 0.43656 0.807426 0.0114694 1.27624 0.213934</i>
                        <i>-0.0270179 0.848509 -0.528491 -0.912282 -0.237066 -0.333979 -0.408671 0.473109 0.780484 0.0218881 1.30082 0.370802</i>
                        <i>-0.0281918 0.821207 -0.569933 -0.912018 -0.254522 -0.321623 -0.40918 0.510723 0.756131 0.0353872 1.30927 0.528617</i>
                        <i>-0.0199005 0.801757 -0.597319 -0.916969 -0.25274 -0.308692 -0.398463 0.54158 0.740215 0.0497762 1.30318 0.68851</i>
                        <i>-0.00578888 0.796432 -0.6047 -0.927585 -0.230181 -0.294285 -0.373568 0.559207 0.740091 0.0621229 1.28444 0.851282</i>
                        <i>0.00755179 0.806878 -0.59067 -0.941796 -0.192797 -0.275409 -0.336101 0.558371 0.758458 0.0642729 1.2503 1.01515</i>
                        <i>0.0202319 0.827178 -0.561576 -0.958216 -0.144256 -0.247005 -0.285328 0.543109 0.789697 0.0557818 1.20323 1.18087</i>
                        <i>0.0399028 0.851609 -0.522656 -0.974517 -0.0823856 -0.208639 -0.220738 0.517663 0.82662 0.0454622 1.15413 1.35095</i>
                        <i>0.0686493 0.873043 -0.482787 -0.986523 -0.0126381 -0.163132 -0.148522 0.487479 0.86041 0.0421267 1.11683 1.52449</i>
                        <i>0.100314 0.885969 -0.452766 -0.991911 0.0534812 -0.115115 -0.0777736 0.460651 0.884167 0.0440072 1.10272 1.69802</i>
                        <i>0.133748 0.886109 -0.44376 -0.990892 0.112523 -0.0739642 -0.015607 0.449611 0.893088 0.0427957 1.13941 1.8682</i>
                        <i>0.165051 0.871349 -0.46207 -0.985847 0.159721 -0.0509504 0.0294066 0.46394 0.885379 0.035838 1.20995 2.03119</i>
                        <i>0.18617 0.847274 -0.497461 -0.981025 0.188195 -0.0466065 0.0541313 0.496698 0.866234 0.0218597 1.25885 2.18879</i>
                        <i>0.192589 0.822363 -0.535377 -0.979148 0.19699 -0.0496399 0.0646421 0.533774 0.843153 0.00275646 1.27284 2.34664</i>
                        <i>0.184257 0.805853 -0.562717 -0.980494 0.190552 -0.0481706 0.0684085 0.560617 0.825245 -0.0183543 1.27522 2.50918</i>
                        <i>0.159683 0.808231 -0.566801 -0.985031 0.168214 -0.0376447 0.0649186 0.564328 0.822994 -0.0391062 1.26661 2.67886</i>
                        <i>0.119167 0.83117 -0.543098 -0.991622 0.127094 -0.0230743 0.0498459 0.541298 0.839352 -0.049305 1.23373 2.85694</i>
                        <i>0.0754464 0.86226 -0.500815 -0.99714 0.0674891 -0.0340194 0.00446593 0.501949 0.864886 -0.0472211 1.1837 3.04414</i>
                        <i>0.029132 0.886418 -0.461969 -0.996902 -0.00801296 -0.0782403 -0.0730553 0.462817 0.883438 -0.044765 1.14698 3.23408</i>
                        <i>-0.0174159 0.89798 -0.439691 -0.988553 -0.0813785 -0.127043 -0.149864 0.432445 0.889119 -0.0522401 1.13745 3.41443</i>
                        <i>-0.0510019 0.898409 -0.436189 -0.976997 -0.135438 -0.164723 -0.207065 0.417754 0.88465 -0.0620833 1.14303 3.58091</i>
                        <i>-0.0656596 0.884052 -0.462753 -0.963937 -0.176057 -0.199571 -0.257903 0.432961 0.863731 -0.0601298 1.16044 3.73843</i>
                        <i>-0.0617985 0.857645 -0.510515 -0.951222 -0.205505 -0.230094 -0.302253 0.471394 0.828512 -0.0480416 1.20166 3.89106</i>
                        <i>-0.0442452 0.825693 -0.562382 -0.940516 -0.22424 -0.255236 -0.336855 0.517637 0.786499 -0.0284088 1.25701 4.04391</i>
                        <i>-0.0205255 0.797491 -0.602982 -0.933092 -0.231873 -0.274907 -0.359051 0.556995 0.748892 -0.00486127 1.29272 4.20081</i>
                        <i>-0.000470439 0.785279 -0.619142 -0.929211 -0.229146 -0.289928 -0.369549 0.575178 0.729798 0.0184562 1.29882 4.36435</i>
                        <i>0.0120244 0.794999 -0.606491 -0.928897 -0.215639 -0.30108 -0.370142 0.566988 0.73588 0.0389136 1.29239 4.53562</i>
                        <i>0.0206431 0.820348 -0.571492 -0.935737 -0.185451 -0.300006 -0.352093 0.54096 0.763802 0.0470429 1.27711 4.70903</i>
                        <i>0.0271873 0.852644 -0.521784 -0.953431 -0.134734 -0.269846 -0.300385 0.504822 0.809274 0.0404274 1.23413 4.88331</i>
                        <i>0.0395973 0.882248 -0.469116 -0.975576 -0.0673828 -0.209071 -0.216063 0.465937 0.858032 0.0304517 1.17394 5.06063</i>
                        <i>0.0625411 0.903183 -0.424675 -0.990549 0.0041281 -0.137097 -0.12207 0.429236 0.894905 0.0284013 1.14665 5.23885</i>
                        <i>0.0917492 0.911468 -0.40101 -0.994946 0.0674062 -0.0744292 -0.0408092 0.405812 0.913045 0.0332854 1.17144 5.41211</i>
                        <i>0.124839 0.905572 -0.405407 -0.991944 0.122777 -0.0312037 0.0215175 0.406037 0.913603 0.0361375 1.21893 5.5756</i>
                        <i>0.155912 0.889623 -0.429257 -0.985947 0.166559 -0.0129211 0.0600017 0.42524 0.90309 0.0358756 1.26973 5.73202</i>
                        <i>0.179806 0.868118 -0.462645 -0.981017 0.192974 -0.0191683 0.0726381 0.457309 0.886337 0.0324731 1.30488 5.88553</i>
                        <i>0.191809 0.846937 -0.49589 -0.979822 0.194185 -0.0473421 0.0561988 0.494965 0.867094 0.0268631 1.31355 6.03994</i>
                        <i>0.190759 0.832628 -0.519944 -0.981516 0.170094 -0.0877175 0.0154035 0.527067 0.849684 0.0205081 1.2966 6.19852</i>
                        <i>0.178902 0.831346 -0.526173 -0.982915 0.127497 -0.132753 -0.0432779 0.540932 0.839952 0.0258657 1.26395 6.36629</i>
                        <i>0.157089 0.849572 -0.503539 -0.980154 0.0716911 -0.18482 -0.120919 0.522579 0.843973 0.0381298 1.22567 6.54503</i>
                        <i>0.118819 0.879822 -0.460212 -0.97213 0.00873961 -0.23428 -0.202102 0.475223 0.85634 0.0347074 1.18558 6.72431</i>
                        <i>0.0747764 0.905936 -0.416759 -0.960275 -0.0472588 -0.275026 -0.268851 0.420769 0.866414 0.0177832 1.14844 6.89777</i>
                    </KeyFrames>
                </p>
            </i>
            <i>
                <p>
                    <Name><![CDATA[spine1]]></Name>
                    <Exclude>0</Exclude>
                    <Additive>0</Additive>
                    <IKPriority>0</IKPriority>
                    <IKRotLimits>-1e+010 -1e+010 -1e+010 1e+010 1e+010 1e+010</IKRotLimits>
                    <IKRotLimitOrder>0</IKRotLimitOrder>
                    <KeyFrames count="44">
                        <i>-0.105219 0.932723 -0.3449 -0.924847 -0.219252 -0.310785 -0.365496 0.286279 0.885696 0.0372957 1.29567 -0.344907</i>
                        <i>-0.145179 0.928057 -0.342978 -0.918304 -0.255427 -0.302448 -0.368295 0.271049 0.889321 0.0211159 1.34367 -0.179003</i>
                        <i>-0.182288 0.909926 -0.372567 -0.90985 -0.299751 -0.286918 -0.372752 0.286678 0.882537 0.0141821 1.38715 -0.0236906</i>
                        <i>-0.211144 0.883564 -0.41801 -0.900345 -0.34229 -0.268731 -0.380522 0.319612 0.867785 0.015546 1.4209 0.125615</i>
                        <i>-0.227967 0.855859 -0.464259 -0.891658 -0.375042 -0.253553 -0.391122 0.356158 0.848631 0.0238381 1.44003 0.273328</i>
                        <i>-0.231332 0.835952 -0.497664 -0.885903 -0.392414 -0.24736 -0.402072 0.38366 0.831351 0.0371063 1.44265 0.423187</i>
                        <i>-0.219717 0.832338 -0.50886 -0.885381 -0.389166 -0.254264 -0.409664 0.394669 0.822443 0.0529741 1.43185 0.578036</i>
                        <i>-0.189904 0.847685 -0.495345 -0.891205 -0.360516 -0.275283 -0.411933 0.389177 0.823925 0.0677162 1.41075 0.739848</i>
                        <i>-0.117084 0.885695 -0.449262 -0.90325 -0.283017 -0.322552 -0.412832 0.36803 0.833141 0.0718573 1.37682 0.907146</i>
                        <i>0.00484582 0.927155 -0.374645 -0.91216 -0.149437 -0.381618 -0.409805 0.343586 0.84499 0.0649635 1.33321 1.07803</i>
                        <i>0.129812 0.94713 -0.293419 -0.908535 -0.00490512 -0.417779 -0.39713 0.320814 0.859864 0.0574334 1.29103 1.25335</i>
                        <i>0.215015 0.948215 -0.233788 -0.899993 0.0994391 -0.424412 -0.379186 0.301662 0.874767 0.0586327 1.26042 1.43241</i>
                        <i>0.270273 0.940592 -0.205522 -0.89193 0.164236 -0.421294 -0.362511 0.297175 0.88333 0.0656395 1.25015 1.61049</i>
                        <i>0.325075 0.920028 -0.218802 -0.879974 0.209537 -0.426309 -0.346369 0.331123 0.877716 0.0701541 1.2881 1.78126</i>
                        <i>0.374881 0.888491 -0.264667 -0.865169 0.232717 -0.444214 -0.333088 0.395509 0.855936 0.0689692 1.35681 1.93956</i>
                        <i>0.409698 0.854208 -0.320119 -0.851809 0.232655 -0.469354 -0.326448 0.464974 0.82294 0.0591391 1.40147 2.08932</i>
                        <i>0.423612 0.824749 -0.374623 -0.845131 0.210983 -0.491161 -0.326045 0.524667 0.786396 0.0412706 1.41007 2.23945</i>
                        <i>0.413076 0.808357 -0.419436 -0.849104 0.17536 -0.498268 -0.329227 0.561967 0.758816 0.0181588 1.40762 2.3973</i>
                        <i>0.368347 0.819397 -0.439213 -0.866284 0.13103 -0.48206 -0.337449 0.558049 0.758096 -0.00801865 1.39727 2.56776</i>
                        <i>0.25325 0.859129 -0.444705 -0.901232 0.0424344 -0.431254 -0.351632 0.509997 0.785021 -0.0268117 1.36489 2.75347</i>
                        <i>0.0574554 0.889291 -0.453718 -0.926051 -0.122324 -0.357024 -0.372999 0.440679 0.816501 -0.0327827 1.31817 2.95097</i>
                        <i>-0.128276 0.877627 -0.461861 -0.90882 -0.290441 -0.299482 -0.396977 0.381332 0.834862 -0.0377091 1.28867 3.14773</i>
                        <i>-0.219958 0.85801 -0.464152 -0.883757 -0.376722 -0.277586 -0.413028 0.34914 0.841136 -0.0528381 1.28488 3.33148</i>
                        <i>-0.249243 0.85094 -0.462362 -0.871887 -0.404979 -0.275328 -0.421535 0.334503 0.842862 -0.0682752 1.29145 3.49893</i>
                        <i>-0.261343 0.837443 -0.479989 -0.865521 -0.423441 -0.267526 -0.427285 0.345525 0.835488 -0.0683157 1.30602 3.65189</i>
                        <i>-0.25739 0.818406 -0.513773 -0.864511 -0.432566 -0.255945 -0.431708 0.378284 0.818859 -0.0546986 1.34153 3.79601</i>
                        <i>-0.24081 0.797773 -0.552783 -0.868578 -0.431289 -0.244052 -0.433108 0.421365 0.796787 -0.0310198 1.38995 3.93954</i>
                        <i>-0.216249 0.780222 -0.586933 -0.876745 -0.419699 -0.234888 -0.429599 0.463796 0.774815 -0.0024207 1.41954 4.08921</i>
                        <i>-0.190227 0.771691 -0.606883 -0.88664 -0.400463 -0.231299 -0.421525 0.494087 0.760391 0.0250315 1.4228 4.25008</i>
                        <i>-0.164598 0.77462 -0.610632 -0.896585 -0.375551 -0.234728 -0.411148 0.508848 0.756327 0.0479593 1.41805 4.42404</i>
                        <i>-0.102436 0.801815 -0.588727 -0.909293 -0.315459 -0.271426 -0.403353 0.507521 0.761399 0.0574454 1.40644 4.60493</i>
                        <i>0.01308 0.846238 -0.532644 -0.920147 -0.198301 -0.337647 -0.391354 0.494527 0.77607 0.0511842 1.3686 4.78871</i>
                        <i>0.133523 0.878993 -0.457758 -0.920261 -0.0614605 -0.386448 -0.367819 0.472857 0.800697 0.0421804 1.31552 4.97419</i>
                        <i>0.207801 0.893436 -0.398234 -0.915936 0.0348251 -0.399811 -0.343337 0.447838 0.825567 0.0430055 1.29441 5.15888</i>
                        <i>0.247133 0.894836 -0.371746 -0.912736 0.0861681 -0.39936 -0.325329 0.438 0.838043 0.0521623 1.32161 5.33562</i>
                        <i>0.286787 0.883283 -0.370897 -0.906258 0.124631 -0.403936 -0.310564 0.451971 0.836225 0.0603897 1.36806 5.49766</i>
                        <i>0.323393 0.864073 -0.385739 -0.897765 0.151336 -0.413662 -0.299058 0.480078 0.824676 0.0655524 1.41536 5.64924</i>
                        <i>0.349505 0.843264 -0.408354 -0.890345 0.163195 -0.425032 -0.291773 0.512127 0.807833 0.0666262 1.4455 5.79646</i>
                        <i>0.355807 0.828835 -0.431781 -0.888179 0.156154 -0.432151 -0.290757 0.537261 0.791714 0.0636231 1.44881 5.94508</i>
                        <i>0.335322 0.82795 -0.449508 -0.894186 0.129472 -0.428565 -0.296632 0.545651 0.783757 0.0576498 1.42763 6.10014</i>
                        <i>0.237736 0.848692 -0.472445 -0.921007 0.0424335 -0.387227 -0.308589 0.527183 0.791739 0.0612862 1.39225 6.26882</i>
                        <i>0.0709145 0.879392 -0.470787 -0.942293 -0.0957561 -0.320802 -0.327192 0.466369 0.821855 0.0707123 1.35775 6.45259</i>
                        <i>-0.0472885 0.908154 -0.415958 -0.936093 -0.185602 -0.298801 -0.348559 0.375245 0.858893 0.0615907 1.32624 6.63967</i>
                        <i>-0.105219 0.932723 -0.3449 -0.924847 -0.219252 -0.310785 -0.365496 0.286279 0.885696 0.0372957 1.29567 6.8217</i>
                    </KeyFrames>
                </p>
            </i>
            <i>
                <p>
                    <Name><![CDATA[spine2]]></Name>
                    <Exclude>0</Exclude>
                    <Additive>0</Additive>
                    <IKPriority>0</IKPriority>
                    <IKRotLimits>-1e+010 -1e+010 -1e+010 1e+010 1e+010 1e+010</IKRotLimits>
                    <IKRotLimitOrder>0</IKRotLimitOrder>
                    <KeyFrames count="44">
                        <i>0.0423699 0.994201 -0.0988441 -0.921849 0.000756221 -0.387547 -0.385225 0.10754 0.916535 0.0164507 1.44634 -0.399075</i>
                        <i>0.0163979 0.992376 -0.122154 -0.922126 -0.0322207 -0.385545 -0.386541 0.118964 0.914567 -0.00726777 1.4942 -0.234088</i>
                        <i>-0.00361943 0.983369 -0.181582 -0.919503 -0.0746474 -0.38593 -0.393067 0.165568 0.904481 -0.021142 1.53545 -0.0846884</i>
                        <i>-0.017254 0.966249 -0.257031 -0.91405 -0.119432 -0.38762 -0.405235 0.228251 0.88526 -0.0251586 1.56554 0.0564022</i>
                        <i>-0.0248808 0.944016 -0.328959 -0.907024 -0.159679 -0.389629 -0.420343 0.288679 0.860218 -0.0199587 1.58073 0.196191</i>
                        <i>-0.0287842 0.924689 -0.379633 -0.900728 -0.188674 -0.391269 -0.433429 0.330684 0.838324 -0.00718365 1.58079 0.34076</i>
                        <i>-0.0307256 0.917296 -0.397018 -0.897916 -0.199824 -0.392196 -0.439094 0.344438 0.829794 0.0111213 1.57017 0.494563</i>
                        <i>-0.0309704 0.924977 -0.37876 -0.899837 -0.190769 -0.392302 -0.435125 0.328673 0.838236 0.0320107 1.5519 0.660124</i>
                        <i>-0.0314706 0.944534 -0.326903 -0.905076 -0.165702 -0.391637 -0.424083 0.283547 0.86009 0.0510295 1.52345 0.837741</i>
                        <i>-0.0280725 0.966693 -0.254396 -0.911518 -0.129217 -0.390433 -0.410301 0.220926 0.884785 0.0683141 1.48631 1.02336</i>
                        <i>-0.0176746 0.984191 -0.176226 -0.917276 -0.0860962 -0.388834 -0.397859 0.154775 0.904297 0.0858696 1.449 1.21303</i>
                        <i>0.00127603 0.994042 -0.108993 -0.921125 -0.0412586 -0.387073 -0.389264 0.10089 0.915584 0.104773 1.41995 1.40224</i>
                        <i>0.0295178 0.99712 -0.0698594 -0.922685 0.000301955 -0.385553 -0.384422 0.0758389 0.920037 0.123225 1.40844 1.58508</i>
                        <i>0.0725043 0.993564 -0.0870255 -0.922378 0.033603 -0.384824 -0.379423 0.108172 0.918878 0.139208 1.44302 1.75293</i>
                        <i>0.126118 0.978227 -0.164823 -0.921171 0.0538225 -0.385417 -0.368154 0.200438 0.907903 0.148765 1.50717 1.90242</i>
                        <i>0.173589 0.946816 -0.270936 -0.92025 0.0579726 -0.387014 -0.350724 0.31651 0.88137 0.146782 1.54693 2.0419</i>
                        <i>0.202241 0.907433 -0.368324 -0.920057 0.0471883 -0.388933 -0.33555 0.417538 0.844434 0.13214 1.55065 2.18237</i>
                        <i>0.205904 0.881545 -0.424832 -0.920175 0.0266909 -0.390597 -0.33299 0.471345 0.816671 0.106536 1.54437 2.3328</i>
                        <i>0.17562 0.894269 -0.411631 -0.920161 0.000479561 -0.39154 -0.349945 0.447529 0.822956 0.0704932 1.53407 2.50063</i>
                        <i>0.114705 0.934834 -0.336049 -0.919818 -0.0278203 -0.391357 -0.375202 0.353994 0.856686 0.02722 1.50438 2.68709</i>
                        <i>0.0406861 0.970522 -0.237552 -0.91896 -0.0569866 -0.390212 -0.392247 0.234177 0.889552 -0.0170794 1.45881 2.88362</i>
                        <i>-0.0223237 0.985716 -0.166929 -0.917331 -0.0865831 -0.388598 -0.3975 0.144454 0.90616 -0.0572846 1.42776 3.076</i>
                        <i>-0.0653579 0.987755 -0.141663 -0.914624 -0.116064 -0.387287 -0.398987 0.104256 0.91101 -0.0903028 1.42189 3.25626</i>
                        <i>-0.0931321 0.984443 -0.148993 -0.910518 -0.144756 -0.387301 -0.402843 0.0995905 0.909835 -0.11119 1.42723 3.42332</i>
                        <i>-0.100798 0.975361 -0.19624 -0.904814 -0.171888 -0.389572 -0.413705 0.138293 0.899846 -0.11386 1.43988 3.5732</i>
                        <i>-0.0889463 0.958716 -0.270097 -0.898658 -0.194185 -0.393327 -0.429538 0.207739 0.87883 -0.100294 1.47285 3.71174</i>
                        <i>-0.0619633 0.935275 -0.348454 -0.894051 -0.207203 -0.397164 -0.443658 0.286927 0.849023 -0.0745806 1.51859 3.84874</i>
                        <i>-0.0278855 0.911156 -0.411116 -0.892597 -0.20784 -0.400091 -0.449991 0.355805 0.819091 -0.0424533 1.54573 3.99255</i>
                        <i>0.00168797 0.897719 -0.440565 -0.894776 -0.195362 -0.401509 -0.446512 0.394885 0.802928 -0.0108694 1.54732 4.14994</i>
                        <i>0.0207026 0.902727 -0.429717 -0.89998 -0.170369 -0.401261 -0.435439 0.395044 0.808909 0.0165691 1.54185 4.32316</i>
                        <i>0.027511 0.925313 -0.378205 -0.906448 -0.136412 -0.399681 -0.421421 0.353819 0.834995 0.0384631 1.53231 4.50924</i>
                        <i>0.0260701 0.955695 -0.293202 -0.91269 -0.0968993 -0.396997 -0.407819 0.277952 0.869728 0.0550681 1.49947 4.70459</i>
                        <i>0.0253773 0.980105 -0.19685 -0.917571 -0.0553156 -0.393704 -0.39676 0.190615 0.897913 0.0700632 1.45182 4.903</i>
                        <i>0.0324355 0.992849 -0.114886 -0.920416 -0.015134 -0.390648 -0.389593 0.118414 0.913343 0.0863263 1.43395 5.09727</i>
                        <i>0.0532883 0.995804 -0.0743973 -0.921044 0.0202303 -0.388932 -0.385795 0.0892487 0.918258 0.103558 1.46154 5.27843</i>
                        <i>0.0902806 0.991794 -0.0905179 -0.919902 0.048218 -0.389172 -0.381614 0.118402 0.916707 0.11952 1.50657 5.44085</i>
                        <i>0.134564 0.980151 -0.145592 -0.917984 0.0679878 -0.390747 -0.373092 0.186231 0.908912 0.131523 1.55144 5.59034</i>
                        <i>0.175551 0.960291 -0.216849 -0.916199 0.0787652 -0.392907 -0.360225 0.267652 0.893644 0.13711 1.57883 5.73423</i>
                        <i>0.203101 0.937655 -0.282051 -0.915259 0.0794459 -0.394954 -0.347923 0.338365 0.874333 0.134395 1.58021 5.87942</i>
                        <i>0.210717 0.923475 -0.320613 -0.91534 0.0712641 -0.396325 -0.343148 0.376982 0.86031 0.123211 1.55894 6.032</i>
                        <i>0.195055 0.928076 -0.317221 -0.916226 0.0570092 -0.396586 -0.349977 0.368002 0.861447 0.106154 1.5258 6.19734</i>
                        <i>0.156204 0.951438 -0.265264 -0.917856 0.0406108 -0.39483 -0.364884 0.305149 0.879627 0.0829586 1.49712 6.37976</i>
                        <i>0.100856 0.978365 -0.180639 -0.91998 0.0225881 -0.391313 -0.378766 0.205651 0.902355 0.0512689 1.47246 6.57391</i>
                        <i>0.0423699 0.994201 -0.0988441 -0.921849 0.000756221 -0.387547 -0.385225 0.10754 0.916535 0.0164507 1.44634 6.76754</i>
                    </KeyFrames>
                </p>
            </i>
            <i>
                <p>
                    <Name><![CDATA[head]]></Name>
                    <Exclude>0</Exclude>
                    <Additive>0</Additive>
                    <IKPriority>0</IKPriority>
                    <IKRotLimits>-1e+010 -1e+010 -1e+010 1e+010 1e+010 1e+010</IKRotLimits>
                    <IKRotLimitOrder>0</IKRotLimitOrder>
                    <KeyFrames count="44">
                        <i>0.181052 0.349162 -0.919405 0.0674624 -0.937062 -0.342583 -0.981157 -5.45313e-010 -0.193212 0.02209 1.70032 -0.436445</i>
                        <i>-0.124622 0.364759 -0.922724 0.0129538 -0.929297 -0.369106 -0.99212 -0.0579515 0.111086 -0.00891047 1.74762 -0.27646</i>
                        <i>-0.33981 0.403019 -0.849768 -0.0252738 -0.90712 -0.420112 -0.940154 -0.121282 0.318434 -0.0286507 1.78614 -0.141192</i>
                        <i>-0.432969 0.449263 -0.781473 -0.041703 -0.876002 -0.480501 -0.900443 -0.175453 0.398018 -0.0368 1.81136 -0.018353</i>
                        <i>-0.452001 0.489634 -0.745623 -0.0384469 -0.845801 -0.532112 -0.891189 -0.211848 0.401127 -0.0339273 1.82051 0.103927</i>
                        <i>-0.4113 0.520978 -0.74794 -0.0200845 -0.82554 -0.563986 -0.911279 -0.216945 0.350008 -0.0221179 1.81549 0.236133</i>
                        <i>-0.303432 0.545097 -0.781536 0.00953387 -0.818428 -0.57453 -0.952805 -0.181782 0.243141 -0.00374538 1.80309 0.385713</i>
                        <i>-0.130248 0.554479 -0.821942 0.0466048 -0.824664 -0.5637 -0.990385 -0.111727 0.0815697 0.0183147 1.78713 0.555797</i>
                        <i>0.105111 0.534953 -0.838318 0.0862754 -0.844715 -0.528217 -0.990711 -0.0168048 -0.134942 0.0402051 1.76454 0.746568</i>
                        <i>0.382122 0.482059 -0.788417 0.128539 -0.872595 -0.471228 -0.915129 0.0787248 -0.395401 0.0632109 1.73396 0.950994</i>
                        <i>0.6285 0.41413 -0.658395 0.170112 -0.899167 -0.403188 -0.758979 0.141403 -0.635575 0.0881162 1.70133 1.16097</i>
                        <i>0.780738 0.365126 -0.507082 0.207507 -0.916961 -0.34077 -0.589398 0.160829 -0.791672 0.114594 1.6745 1.36723</i>
                        <i>0.845536 0.352388 -0.401113 0.241379 -0.922397 -0.30153 -0.476241 0.158134 -0.864979 0.14142 1.66335 1.55972</i>
                        <i>0.843865 0.388257 -0.370335 0.280769 -0.907699 -0.311852 -0.457231 0.159182 -0.874986 0.16897 1.69626 1.72331</i>
                        <i>0.792089 0.461197 -0.399865 0.318862 -0.871225 -0.373221 -0.520501 0.168123 -0.837146 0.192207 1.75565 1.85403</i>
                        <i>0.715223 0.528018 -0.457879 0.328951 -0.832369 -0.446041 -0.616642 0.168399 -0.769022 0.201968 1.78704 1.96821</i>
                        <i>0.624553 0.566056 -0.538065 0.305207 -0.811076 -0.499004 -0.718876 0.147434 -0.679324 0.19413 1.78086 2.08533</i>
                        <i>0.50707 0.582546 -0.635233 0.26189 -0.806299 -0.530373 -0.821154 0.102575 -0.561413 0.168899 1.7682 2.22168</i>
                        <i>0.342818 0.570415 -0.746393 0.199959 -0.820642 -0.535316 -0.917874 0.0342683 -0.395391 0.124451 1.76113 2.39157</i>
                        <i>0.0849417 0.511821 -0.854883 0.112283 -0.857435 -0.502192 -0.990039 -0.0533315 -0.130301 0.0632391 1.74199 2.59421</i>
                        <i>-0.30516 0.413294 -0.857943 0.0063442 -0.900013 -0.435817 -0.95228 -0.138437 0.272026 -0.00513756 1.70555 2.81174</i>
                        <i>-0.640394 0.337303 -0.690016 -0.0864468 -0.92435 -0.371623 -0.763166 -0.178335 0.621107 -0.0666073 1.67745 3.01913</i>
                        <i>-0.787812 0.319077 -0.526823 -0.149795 -0.928926 -0.338611 -0.597423 -0.187846 0.779615 -0.112711 1.67128 3.20478</i>
                        <i>-0.834829 0.328854 -0.441492 -0.186311 -0.923422 -0.335528 -0.518023 -0.197854 0.832169 -0.140824 1.67565 3.37031</i>
                        <i>-0.831657 0.350016 -0.431087 -0.1919 -0.909658 -0.36837 -0.521077 -0.223632 0.823691 -0.145646 1.68575 3.50921</i>
                        <i>-0.794243 0.383524 -0.471261 -0.171961 -0.885786 -0.431059 -0.582758 -0.261327 0.769481 -0.129331 1.71425 3.63032</i>
                        <i>-0.725135 0.429063 -0.538595 -0.130753 -0.853714 -0.504059 -0.676079 -0.295087 0.675159 -0.0970629 1.75395 3.74871</i>
                        <i>-0.634147 0.470595 -0.613512 -0.0752584 -0.827258 -0.556759 -0.769541 -0.306896 0.56002 -0.0565206 1.77505 3.87753</i>
                        <i>-0.529058 0.496928 -0.687867 -0.0207155 -0.817925 -0.574952 -0.848333 -0.289933 0.443024 -0.0174514 1.7733 4.02772</i>
                        <i>-0.401996 0.511448 -0.759487 0.0265022 -0.822612 -0.567985 -0.915258 -0.248456 0.317132 0.0151536 1.76901 4.20316</i>
                        <i>-0.241903 0.510606 -0.825085 0.0683184 -0.839266 -0.539412 -0.967892 -0.186854 0.168137 0.0410568 1.7655 4.40134</i>
                        <i>-0.0360538 0.478733 -0.87722 0.105641 -0.871047 -0.479706 -0.993751 -0.109965 -0.019169 0.0620497 1.74112 4.61745</i>
                        <i>0.2435 0.425145 -0.871756 0.142471 -0.904739 -0.401435 -0.95938 -0.0264503 -0.280875 0.0817743 1.70016 4.83985</i>
                        <i>0.540795 0.380264 -0.750293 0.183726 -0.923843 -0.335797 -0.820844 0.0437484 -0.569474 0.102564 1.68571 5.05435</i>
                        <i>0.715795 0.373506 -0.590025 0.22866 -0.923718 -0.307343 -0.659812 0.0850792 -0.746599 0.125907 1.71402 5.24537</i>
                        <i>0.766988 0.409254 -0.494206 0.27387 -0.905313 -0.324659 -0.580279 0.113662 -0.806447 0.151514 1.75768 5.40432</i>
                        <i>0.761031 0.46487 -0.452469 0.312418 -0.873911 -0.372391 -0.568531 0.142041 -0.810307 0.174631 1.79917 5.54125</i>
                        <i>0.737535 0.51347 -0.438624 0.332705 -0.8415 -0.425659 -0.587665 0.168006 -0.791469 0.190191 1.82133 5.66873</i>
                        <i>0.708546 0.539539 -0.454818 0.328044 -0.822489 -0.464649 -0.624779 0.180024 -0.759764 0.193729 1.81713 5.79881</i>
                        <i>0.672163 0.541897 -0.504524 0.302237 -0.822878 -0.481171 -0.675907 0.170939 -0.716889 0.183377 1.79273 5.94228</i>
                        <i>0.622218 0.523171 -0.582354 0.261796 -0.840125 -0.475029 -0.737772 0.143114 -0.659705 0.158942 1.76148 6.10741</i>
                        <i>0.547055 0.482753 -0.683872 0.209587 -0.869925 -0.446434 -0.810435 0.100893 -0.577075 0.120504 1.73926 6.30115</i>
                        <i>0.417975 0.419135 -0.805992 0.143391 -0.906525 -0.397054 -0.897071 0.0503862 -0.439005 0.0719742 1.72182 6.51589</i>
                        <i>0.181052 0.349162 -0.919405 0.0674624 -0.937062 -0.342583 -0.981157 -5.45313e-010 -0.193212 0.02209 1.70032 6.73017</i>
                    </KeyFrames>
                </p>
            </i>
            <i>
                <p>
                    <Name><![CDATA[head_prop]]></Name>
                    <Exclude>0</Exclude>
                    <Additive>0</Additive>
                    <IKPriority>0</IKPriority>
                    <IKRotLimits>-1e+010 -1e+010 -1e+010 1e+010 1e+010 1e+010</IKRotLimits>
                    <IKRotLimitOrder>0</IKRotLimitOrder>
                    <KeyFrames count="44">
                        <i>0.981157 5.45313e-010 0.193212 0.181052 0.349162 -0.919405 -0.0674624 0.937062 0.342583 0.0810964 1.81411 -0.736087</i>
                        <i>0.99212 0.0579515 -0.111086 -0.124622 0.364759 -0.922724 -0.0129538 0.929297 0.369106 -0.0495259 1.8665 -0.577184</i>
                        <i>0.940154 0.121282 -0.318434 -0.33981 0.403019 -0.849768 0.0252738 0.90712 0.420112 -0.139398 1.91749 -0.418139</i>
                        <i>0.900443 0.175453 -0.398018 -0.432969 0.449263 -0.781473 0.041703 0.876002 0.480501 -0.177909 1.95778 -0.273042</i>
                        <i>0.891189 0.211848 -0.401127 -0.452001 0.489634 -0.745623 0.0384469 0.845801 0.532112 -0.181238 1.98009 -0.139079</i>
                        <i>0.911279 0.216945 -0.350008 -0.4113 0.520978 -0.74794 0.0200845 0.82554 0.563986 -0.156164 1.98528 -0.00762694</i>
                        <i>0.952805 0.181782 -0.243141 -0.303432 0.545097 -0.781536 -0.00953387 0.818428 0.57453 -0.102637 1.98074 0.131003</i>
                        <i>0.990385 0.111727 -0.0815697 -0.130248 0.554479 -0.821942 -0.0466048 0.824664 0.5637 -0.0241344 1.96784 0.287919</i>
                        <i>0.990711 0.0168048 0.134942 0.105111 0.534953 -0.838318 -0.0862754 0.844715 0.528217 0.0744617 1.93888 0.473353</i>
                        <i>0.915129 -0.0787248 0.395401 0.382122 0.482059 -0.788417 -0.128539 0.872595 0.471228 0.187748 1.89107 0.694042</i>
                        <i>0.758979 -0.141403 0.635575 0.6285 0.41413 -0.658395 -0.170112 0.899167 0.403188 0.29295 1.83629 0.946395</i>
                        <i>0.589398 -0.160829 0.791672 0.780738 0.365126 -0.507082 -0.207507 0.916961 0.34077 0.369043 1.7935 1.20196</i>
                        <i>0.476241 -0.158134 0.864979 0.845536 0.352388 -0.401113 -0.241379 0.922397 0.30153 0.416988 1.7782 1.429</i>
                        <i>0.457231 -0.159182 0.874986 0.843865 0.388257 -0.370335 -0.280769 0.907699 0.311852 0.443993 1.8228 1.60261</i>
                        <i>0.520501 -0.168123 0.837146 0.792089 0.461197 -0.399865 -0.318862 0.871225 0.373221 0.450357 1.90595 1.72371</i>
                        <i>0.616642 -0.168399 0.769022 0.715223 0.528018 -0.457879 -0.328951 0.832369 0.446041 0.435065 1.95912 1.81899</i>
                        <i>0.718876 -0.147434 0.679324 0.624553 0.566056 -0.538065 -0.305207 0.811076 0.499004 0.397678 1.96534 1.90997</i>
                        <i>0.821154 -0.102575 0.561413 0.50707 0.582546 -0.635233 -0.26189 0.806299 0.530373 0.334157 1.95806 2.01465</i>
                        <i>0.917874 -0.0342683 0.395391 0.342818 0.570415 -0.746393 -0.199959 0.820642 0.535316 0.236179 1.94703 2.14831</i>
                        <i>0.990039 0.0533315 0.130301 0.0849417 0.511821 -0.854883 -0.112283 0.857435 0.502192 0.0909224 1.9088 2.31559</i>
                        <i>0.95228 0.138437 -0.272026 -0.30516 0.413294 -0.857943 -0.0063442 0.900013 0.435817 -0.104592 1.84025 2.53213</i>
                        <i>0.763166 0.178335 -0.621107 -0.640394 0.337303 -0.690016 0.0864468 0.92435 0.371623 -0.275317 1.78738 2.79425</i>
                        <i>0.597423 0.187846 -0.779615 -0.787812 0.319077 -0.526823 0.149795 0.928926 0.338611 -0.369466 1.77527 3.03308</i>
                        <i>0.518023 0.197854 -0.832169 -0.834829 0.328854 -0.441492 0.186311 0.923422 0.335528 -0.412902 1.78283 3.22642</i>
                        <i>0.521077 0.223632 -0.823691 -0.831657 0.350016 -0.431087 0.1919 0.909658 0.36837 -0.416691 1.79982 3.36871</i>
                        <i>0.582758 0.261327 -0.769481 -0.794243 0.383524 -0.471261 0.171961 0.885786 0.431059 -0.388182 1.83924 3.47673</i>
                        <i>0.676079 0.295087 -0.675159 -0.725135 0.429063 -0.538595 0.130753 0.853714 0.504059 -0.333391 1.89379 3.57318</i>
                        <i>0.769541 0.306896 -0.56002 -0.634147 0.470595 -0.613512 0.0752584 0.827258 0.556759 -0.263195 1.92842 3.67758</i>
                        <i>0.848333 0.289933 -0.443024 -0.529058 0.496928 -0.687867 0.0207155 0.817925 0.574952 -0.189876 1.93526 3.80354</i>
                        <i>0.915258 0.248456 -0.317132 -0.401996 0.511448 -0.759487 -0.0265022 0.822612 0.567985 -0.11586 1.9357 3.95564</i>
                        <i>0.967892 0.186854 -0.168137 -0.241903 0.510606 -0.825085 -0.0683184 0.839266 0.539412 -0.0377815 1.93191 4.13243</i>
                        <i>0.993751 0.109965 0.019169 -0.0360538 0.478733 -0.87722 -0.105641 0.871047 0.479706 0.0502994 1.89715 4.33155</i>
                        <i>0.95938 0.0264503 0.280875 0.2435 0.425145 -0.871756 -0.142471 0.904739 0.401435 0.161133 1.83872 4.55574</i>
                        <i>0.820844 -0.0437484 0.569474 0.540795 0.380264 -0.750293 -0.183726 0.923843 0.335797 0.278814 1.80965 4.80982</i>
                        <i>0.659812 -0.0850792 0.746599 0.715795 0.373506 -0.590025 -0.22866 0.923718 0.307343 0.359192 1.83575 5.05308</i>
                        <i>0.580279 -0.113662 0.806447 0.766988 0.409254 -0.494206 -0.27387 0.905313 0.324659 0.401482 1.89106 5.24326</i>
