<?xml version="1.0" encoding="ISO-8859-1" ?>
<Animl Version="1">
    <ModellingPackage>
        <![CDATA[Maya.2010]]>
</ModellingPackage>
    <SrcFile>
        <![CDATA[anims\characters\shared\base_soldier\~src\infantry\aim_up.mb]]>
</SrcFile>
    <FramesPerSecond>30</FramesPerSecond>
    <TotalFrames>60</TotalFrames>
    <Skeleton>
        <RefFrame>
            <Name>
                <![CDATA[soldier_ref_frame]]>
</Name>
            <Exclude>1</Exclude>
            <Additive>0</Additive>
            <IKPriority>0</IKPriority>
            <IKRotLimits>-1e+010 -1e+010 -1e+010 1e+010 1e+010 1e+010</IKRotLimits>
            <IKRotLimitOrder>0</IKRotLimitOrder>
            <KeyFrames count="60">
                <i>1 0 0 0 1 0 0 0 1 0 0 0</i>
                <i>1 0 0 0 1 0 0 0 1 0 0 0</i>
                <i>1 0 0 0 1 0 0 0 1 0 0 0</i>
                <i>1 0 0 0 1 0 0 0 1 0 0 0</i>
                <i>1 0 0 0 1 0 0 0 1 0 0 0</i>
                <i>1 0 0 0 1 0 0 0 1 0 0 0</i>
                <i>1 0 0 0 1 0 0 0 1 0 0 0</i>
                <i>1 0 0 0 1 0 0 0 1 0 0 0</i>
                <i>1 0 0 0 1 0 0 0 1 0 0 0</i>
                <i>1 0 0 0 1 0 0 0 1 0 0 0</i>
                <i>1 0 0 0 1 0 0 0 1 0 0 0</i>
                <i>1 0 0 0 1 0 0 0 1 0 0 0</i>
                <i>1 0 0 0 1 0 0 0 1 0 0 0</i>
                <i>1 0 0 0 1 0 0 0 1 0 0 0</i>
                <i>1 0 0 0 1 0 0 0 1 0 0 0</i>
                <i>1 0 0 0 1 0 0 0 1 0 0 0</i>
                <i>1 0 0 0 1 0 0 0 1 0 0 0</i>
                <i>1 0 0 0 1 0 0 0 1 0 0 0</i>
                <i>1 0 0 0 1 0 0 0 1 0 0 0</i>
                <i>1 0 0 0 1 0 0 0 1 0 0 0</i>
                <i>1 0 0 0 1 0 0 0 1 0 0 0</i>
                <i>1 0 0 0 1 0 0 0 1 0 0 0</i>
                <i>1 0 0 0 1 0 0 0 1 0 0 0</i>
                <i>1 0 0 0 1 0 0 0 1 0 0 0</i>
                <i>1 0 0 0 1 0 0 0 1 0 0 0</i>
                <i>1 0 0 0 1 0 0 0 1 0 0 0</i>
                <i>1 0 0 0 1 0 0 0 1 0 0 0</i>
                <i>1 0 0 0 1 0 0 0 1 0 0 0</i>
                <i>1 0 0 0 1 0 0 0 1 0 0 0</i>
                <i>1 0 0 0 1 0 0 0 1 0 0 0</i>
                <i>1 0 0 0 1 0 0 0 1 0 0 0</i>
                <i>1 0 0 0 1 0 0 0 1 0 0 0</i>
                <i>1 0 0 0 1 0 0 0 1 0 0 0</i>
                <i>1 0 0 0 1 0 0 0 1 0 0 0</i>
                <i>1 0 0 0 1 0 0 0 1 0 0 0</i>
                <i>1 0 0 0 1 0 0 0 1 0 0 0</i>
                <i>1 0 0 0 1 0 0 0 1 0 0 0</i>
                <i>1 0 0 0 1 0 0 0 1 0 0 0</i>
                <i>1 0 0 0 1 0 0 0 1 0 0 0</i>
                <i>1 0 0 0 1 0 0 0 1 0 0 0</i>
                <i>1 0 0 0 1 0 0 0 1 0 0 0</i>
                <i>1 0 0 0 1 0 0 0 1 0 0 0</i>
                <i>1 0 0 0 1 0 0 0 1 0 0 0</i>
                <i>1 0 0 0 1 0 0 0 1 0 0 0</i>
                <i>1 0 0 0 1 0 0 0 1 0 0 0</i>
                <i>1 0 0 0 1 0 0 0 1 0 0 0</i>
                <i>1 0 0 0 1 0 0 0 1 0 0 0</i>
                <i>1 0 0 0 1 0 0 0 1 0 0 0</i>
                <i>1 0 0 0 1 0 0 0 1 0 0 0</i>
                <i>1 0 0 0 1 0 0 0 1 0 0 0</i>
                <i>1 0 0 0 1 0 0 0 1 0 0 0</i>
                <i>1 0 0 0 1 0 0 0 1 0 0 0</i>
                <i>1 0 0 0 1 0 0 0 1 0 0 0</i>
                <i>1 0 0 0 1 0 0 0 1 0 0 0</i>
                <i>1 0 0 0 1 0 0 0 1 0 0 0</i>
                <i>1 0 0 0 1 0 0 0 1 0 0 0</i>
                <i>1 0 0 0 1 0 0 0 1 0 0 0</i>
                <i>1 0 0 0 1 0 0 0 1 0 0 0</i>
                <i>1 0 0 0 1 0 0 0 1 0 0 0</i>
                <i>1 0 0 0 1 0 0 0 1 0 0 0</i>
            </KeyFrames>
        </RefFrame>
        <Bones count="23">
            <i>
                <p>
                    <Name>
                        <![CDATA[pelvis]]>
</Name>
                    <Exclude>1</Exclude>
                    <Additive>0</Additive>
                    <IKPriority>0</IKPriority>
                    <IKRotLimits>-1e+010 -1e+010 -1e+010 1e+010 1e+010 1e+010</IKRotLimits>
                    <IKRotLimitOrder>2</IKRotLimitOrder>
                    <KeyFrames count="60">
                        <i>1 0 0 0 1 0 0 0 1 -0.0476351 1.16992 0.0407553</i>
                        <i>1 0 0 0 1 0 0 0 1 -0.0476462 1.16992 0.0402711</i>
                        <i>1 0 0 0 1 0 0 0 1 -0.0477068 1.16993 0.0397659</i>
                        <i>1 0 0 0 1 0 0 0 1 -0.0478139 1.16995 0.0392461</i>
                        <i>1 0 0 0 1 0 0 0 1 -0.0479639 1.16998 0.038718</i>
                        <i>1 0 0 0 1 0 0 0 1 -0.0481538 1.17001 0.0381878</i>
                        <i>1 0 0 0 1 0 0 0 1 -0.0483802 1.17004 0.0376618</i>
                        <i>1 0 0 0 1 0 0 0 1 -0.0486398 1.17007 0.0371462</i>
                        <i>1 0 0 0 1 0 0 0 1 -0.0489294 1.1701 0.0366473</i>
                        <i>1 0 0 0 1 0 0 0 1 -0.0492457 1.17013 0.0361714</i>
                        <i>1 0 0 0 1 0 0 0 1 -0.0495854 1.17016 0.0357248</i>
                        <i>1 0 0 0 1 0 0 0 1 -0.0499452 1.17018 0.0353136</i>
                        <i>1 0 0 0 1 0 0 0 1 -0.0503219 1.17019 0.0349442</i>
                        <i>1 0 0 0 1 0 0 0 1 -0.0507121 1.17019 0.0346229</i>
                        <i>1 0 0 0 1 0 0 0 1 -0.0511126 1.17015 0.0343147</i>
                        <i>1 0 0 0 1 0 0 0 1 -0.0515202 1.17004 0.0339847</i>
                        <i>1 0 0 0 1 0 0 0 1 -0.0519315 1.16987 0.0336394</i>
                        <i>1 0 0 0 1 0 0 0 1 -0.0523432 1.16963 0.0332852</i>
                        <i>1 0 0 0 1 0 0 0 1 -0.0527522 1.16935 0.0329287</i>
                        <i>1 0 0 0 1 0 0 0 1 -0.053155 1.16901 0.0325763</i>
                        <i>1 0 0 0 1 0 0 0 1 -0.0535485 1.16864 0.0322344</i>
                        <i>1 0 0 0 1 0 0 0 1 -0.0539293 1.16824 0.0319096</i>
                        <i>1 0 0 0 1 0 0 0 1 -0.0542943 1.16781 0.0316082</i>
                        <i>1 0 0 0 1 0 0 0 1 -0.05464 1.16737 0.0313368</i>
                        <i>1 0 0 0 1 0 0 0 1 -0.0549632 1.16692 0.0311018</i>
                        <i>1 0 0 0 1 0 0 0 1 -0.0552607 1.16646 0.0309097</i>
                        <i>1 0 0 0 1 0 0 0 1 -0.0555292 1.166 0.0307669</i>
                        <i>1 0 0 0 1 0 0 0 1 -0.0557653 1.16555 0.03068</i>
                        <i>1 0 0 0 1 0 0 0 1 -0.0559659 1.16513 0.0306553</i>
                        <i>1 0 0 0 1 0 0 0 1 -0.0561275 1.16472 0.0306993</i>
                        <i>1 0 0 0 1 0 0 0 1 -0.0562471 1.16434 0.0308186</i>
                        <i>1 0 0 0 1 0 0 0 1 -0.0563212 1.164 0.0310195</i>
                        <i>1 0 0 0 1 0 0 0 1 -0.0563467 1.16371 0.0313085</i>
                        <i>1 0 0 0 1 0 0 0 1 -0.0563232 1.16345 0.0318058</i>
                        <i>1 0 0 0 1 0 0 0 1 -0.0562546 1.16323 0.0325923</i>
                        <i>1 0 0 0 1 0 0 0 1 -0.0561435 1.16306 0.0336156</i>
                        <i>1 0 0 0 1 0 0 0 1 -0.0559926 1.16296 0.0348234</i>
                        <i>1 0 0 0 1 0 0 0 1 -0.0558045 1.16293 0.0361632</i>
                        <i>1 0 0 0 1 0 0 0 1 -0.0555819 1.16299 0.0375827</i>
                        <i>1 0 0 0 1 0 0 0 1 -0.0553274 1.16315 0.0390295</i>
                        <i>1 0 0 0 1 0 0 0 1 -0.0550437 1.16351 0.0404513</i>
                        <i>1 0 0 0 1 0 0 0 1 -0.0547334 1.16408 0.0417956</i>
                        <i>1 0 0 0 1 0 0 0 1 -0.0543993 1.16477 0.0430101</i>
                        <i>1 0 0 0 1 0 0 0 1 -0.0540439 1.16547 0.0440424</i>
                        <i>1 0 0 0 1 0 0 0 1 -0.0536699 1.1661 0.0448402</i>
                        <i>1 0 0 0 1 0 0 0 1 -0.05328 1.16656 0.045351</i>
                        <i>1 0 0 0 1 0 0 0 1 -0.0528768 1.16688 0.0456074</i>
                        <i>1 0 0 0 1 0 0 0 1 -0.0524629 1.16718 0.0456909</i>
                        <i>1 0 0 0 1 0 0 0 1 -0.0520411 1.16746 0.0456221</i>
                        <i>1 0 0 0 1 0 0 0 1 -0.051614 1.16772 0.0454219</i>
                        <i>1 0 0 0 1 0 0 0 1 -0.0511843 1.16796 0.0451109</i>
                        <i>1 0 0 0 1 0 0 0 1 -0.0507545 1.16819 0.04471</i>
                        <i>1 0 0 0 1 0 0 0 1 -0.0503274 1.16841 0.0442399</i>
                        <i>1 0 0 0 1 0 0 0 1 -0.0499056 1.16862 0.0437213</i>
                        <i>1 0 0 0 1 0 0 0 1 -0.0494918 1.16883 0.0431751</i>
                        <i>1 0 0 0 1 0 0 0 1 -0.0490886 1.16904 0.0426219</i>
                        <i>1 0 0 0 1 0 0 0 1 -0.0486987 1.16925 0.0420826</i>
                        <i>1 0 0 0 1 0 0 0 1 -0.0483247 1.16946 0.0415779</i>
                        <i>1 0 0 0 1 0 0 0 1 -0.0479693 1.16968 0.0411285</i>
                        <i>1 0 0 0 1 0 0 0 1 -0.0476351 1.16992 0.0407553</i>
                    </KeyFrames>
                </p>
            </i>
            <i>
                <p>
                    <Name>
                        <![CDATA[spine0]]>
</Name>
                    <Exclude>0</Exclude>
                    <Additive>0</Additive>
                    <IKPriority>0</IKPriority>
                    <IKRotLimits>-1e+010 -1e+010 -1e+010 1e+010 1e+010 1e+010</IKRotLimits>
                    <IKRotLimitOrder>0</IKRotLimitOrder>
                    <KeyFrames count="60">
                        <i>-0.0174639 0.97874 -0.204361 -0.529724 0.164292 0.832106 0.84799 0.122787 0.515593 -0.0676156 1.30578 0.0226388</i>
                        <i>-0.0172781 0.978322 -0.20637 -0.529453 0.166135 0.831912 0.848163 0.123637 0.515105 -0.0676285 1.30579 0.0221725</i>
                        <i>-0.0171419 0.977895 -0.208393 -0.529167 0.167968 0.831726 0.848344 0.124532 0.514591 -0.0676945 1.3058 0.0217192</i>
                        <i>-0.01705 0.977467 -0.2104 -0.52887 0.169767 0.83155 0.848531 0.125452 0.514058 -0.06781 1.30582 0.021282</i>
                        <i>-0.0169969 0.977044 -0.21236 -0.528566 0.171507 0.831386 0.848722 0.126378 0.513517 -0.0679714 1.30584 0.0208642</i>
                        <i>-0.0169776 0.976633 -0.214241 -0.52826 0.173163 0.831237 0.848913 0.127287 0.512977 -0.0681751 1.30586 0.020469</i>
                        <i>-0.0169866 0.976244 -0.216008 -0.527958 0.174708 0.831106 0.849101 0.128161 0.512448 -0.0684176 1.30589 0.0200996</i>
                        <i>-0.0170186 0.975883 -0.21763 -0.527663 0.176117 0.830996 0.849283 0.128978 0.51194 -0.0686952 1.30592 0.019759</i>
                        <i>-0.0170685 0.97556 -0.21907 -0.527383 0.17736 0.830909 0.849456 0.129716 0.511466 -0.0690044 1.30594 0.0194507</i>
                        <i>-0.0171309 0.975283 -0.220293 -0.527123 0.17841 0.83085 0.849616 0.130354 0.511038 -0.0693416 1.30596 0.0191776</i>
                        <i>-0.0172005 0.975063 -0.221263 -0.526889 0.179236 0.83082 0.84976 0.130871 0.510667 -0.0697031 1.30598 0.0189431</i>
                        <i>-0.0172721 0.974907 -0.221943 -0.526688 0.17981 0.830823 0.849883 0.131245 0.510366 -0.0700855 1.306 0.0187503</i>
                        <i>-0.0173403 0.974825 -0.222296 -0.526527 0.180102 0.830863 0.849982 0.131452 0.510149 -0.070485 1.306 0.0186024</i>
                        <i>-0.0173997 0.974826 -0.222286 -0.526412 0.180081 0.83094 0.850052 0.131472 0.510026 -0.0708981 1.306 0.0185025</i>
                        <i>-0.0174452 0.974919 -0.221876 -0.526349 0.179718 0.831059 0.85009 0.131282 0.510012 -0.0713212 1.30595 0.0184127</i>
                        <i>-0.0174845 0.97507 -0.221209 -0.526321 0.179133 0.831202 0.850106 0.13096 0.510068 -0.0717508 1.30583 0.0182951</i>
                        <i>-0.017529 0.97524 -0.220454 -0.526309 0.178468 0.831353 0.850113 0.1306 0.510149 -0.0721832 1.30565 0.0181529</i>
                        <i>-0.0175781 0.975428 -0.219614 -0.526313 0.177727 0.831509 0.850109 0.130202 0.510256 -0.0726148 1.3054 0.0179897</i>
                        <i>-0.0176317 0.975634 -0.218693 -0.526334 0.176911 0.83167 0.850095 0.129769 0.510391 -0.073042 1.30511 0.0178087</i>
                        <i>-0.0176894 0.975857 -0.217694 -0.526374 0.176024 0.831833 0.850069 0.129303 0.510552 -0.0734613 1.30477 0.0176133</i>
                        <i>-0.0177507 0.976094 -0.216621 -0.526434 0.175068 0.831997 0.850031 0.128805 0.510742 -0.073869 1.30439 0.017407</i>
                        <i>-0.0178154 0.976346 -0.215477 -0.526514 0.174048 0.83216 0.84998 0.128277 0.510959 -0.0742616 1.30399 0.0171932</i>
                        <i>-0.0178831 0.976612 -0.214266 -0.526619 0.172966 0.832319 0.849913 0.127721 0.511209 -0.0746354 1.30356 0.016975</i>
                        <i>-0.0179537 0.976889 -0.212992 -0.526753 0.171824 0.832471 0.849829 0.12714 0.511494 -0.0749867 1.30311 0.0167559</i>
                        <i>-0.0180268 0.977177 -0.211659 -0.526918 0.170625 0.832613 0.849725 0.126536 0.511816 -0.075312 1.30266 0.0165391</i>
                        <i>-0.0181018 0.977474 -0.210278 -0.527106 0.169382 0.832748 0.849607 0.125913 0.512166 -0.0756087 1.3022 0.0163386</i>
                        <i>-0.0181781 0.977776 -0.208862 -0.527308 0.168107 0.832878 0.84948 0.125275 0.512533 -0.0758746 1.30174 0.0161711</i>
                        <i>-0.0182553 0.978082 -0.207419 -0.527522 0.166807 0.833004 0.849345 0.124625 0.512915 -0.0761067 1.3013 0.0160439</i>
                        <i>-0.0183328 0.97839 -0.205956 -0.527747 0.165488 0.833125 0.849204 0.123966 0.513308 -0.0763016 1.30087 0.0159645</i>
                        <i>-0.0184103 0.978698 -0.204477 -0.52798 0.164155 0.833241 0.849057 0.1233 0.513711 -0.0764563 1.30047 0.0159404</i>
                        <i>-0.0184874 0.979006 -0.202991 -0.52822 0.162816 0.833351 0.848906 0.122631 0.514121 -0.0765675 1.3001 0.015979</i>
                        <i>-0.0185636 0.979312 -0.201504 -0.528466 0.161475 0.833457 0.848752 0.12196 0.514535 -0.0766321 1.29976 0.0160879</i>
                        <i>-0.0186385 0.979614 -0.200021 -0.528715 0.160139 0.833556 0.848595 0.121291 0.514952 -0.076647 1.29947 0.0162744</i>
                        <i>-0.0187118 0.979912 -0.19855 -0.528966 0.158814 0.83365 0.848436 0.120625 0.515369 -0.0766119 1.29922 0.0166597</i>
                        <i>-0.0187829 0.980204 -0.197096 -0.529219 0.157504 0.833739 0.848278 0.119967 0.515784 -0.0765308 1.299 0.0173258</i>
                        <i>-0.0188517 0.98049 -0.195665 -0.52947 0.156216 0.833821 0.848119 0.119317 0.516195 -0.0764065 1.29884 0.0182212</i>
                        <i>-0.0189175 0.980767 -0.194262 -0.52972 0.154954 0.833898 0.847962 0.11868 0.516601 -0.0762416 1.29874 0.0192945</i>
                        <i>-0.0189801 0.981036 -0.192895 -0.529966 0.153725 0.833969 0.847806 0.118057 0.516998 -0.076039 1.29871 0.0204945</i>
                        <i>-0.0190391 0.981295 -0.191567 -0.530208 0.152532 0.834034 0.847654 0.11745 0.517386 -0.0758014 1.29878 0.0217697</i>
                        <i>-0.019094 0.981543 -0.190286 -0.530444 0.151382 0.834094 0.847505 0.116862 0.517763 -0.0755315 1.29895 0.0230686</i>
                        <i>-0.0191446 0.98178 -0.189055 -0.530673 0.150278 0.834148 0.84736 0.116296 0.518127 -0.0752323 1.29931 0.0243401</i>
                        <i>-0.0191904 0.982004 -0.18788 -0.530894 0.149226 0.834196 0.847221 0.115753 0.518477 -0.0749062 1.29989 0.0255326</i>
                        <i>-0.0192311 0.982216 -0.186767 -0.531106 0.148231 0.834238 0.847087 0.115236 0.518811 -0.0745563 1.30058 0.0265948</i>
                        <i>-0.0192662 0.982414 -0.18572 -0.531308 0.147296 0.834275 0.846959 0.114748 0.519127 -0.0741851 1.30129 0.0274753</i>
                        <i>-0.0192955 0.982597 -0.184745 -0.5315 0.146427 0.834306 0.846839 0.11429 0.519425 -0.0737955 1.30193 0.0281227</i>
                        <i>-0.0193186 0.982765 -0.183846 -0.531679 0.145627 0.834332 0.846726 0.113865 0.519702 -0.0733902 1.30239 0.0284857</i>
                        <i>-0.0193351 0.982917 -0.183029 -0.531846 0.144902 0.834352 0.846621 0.113475 0.519959 -0.0729721 1.30272 0.0285978</i>
                        <i>-0.0193446 0.983053 -0.182297 -0.531998 0.144256 0.834367 0.846524 0.113122 0.520192 -0.0725437 1.30302 0.0285414</i>
                        <i>-0.0193468 0.983172 -0.181657 -0.532137 0.143693 0.834376 0.846437 0.112809 0.520402 -0.072108 1.3033 0.0283382</i>
                        <i>-0.0193068 0.983169 -0.181678 -0.532193 0.143724 0.834334 0.846403 0.112796 0.520461 -0.0716676 1.30357 0.0280101</i>
                        <i>-0.0191898 0.983 -0.182601 -0.532138 0.144576 0.834222 0.84644 0.113178 0.520317 -0.0712254 1.30381 0.0275786</i>
                        <i>-0.0190045 0.982723 -0.184102 -0.532007 0.145964 0.834064 0.846526 0.113794 0.520042 -0.070784 1.30404 0.0270657</i>
                        <i>-0.0187708 0.982356 -0.186074 -0.531814 0.147786 0.833867 0.846653 0.114609 0.519657 -0.0703462 1.30427 0.026493</i>
                        <i>-0.0185086 0.981915 -0.188417 -0.531569 0.149945 0.833637 0.846813 0.115586 0.51918 -0.0699149 1.30448 0.0258824</i>
                        <i>-0.0182379 0.981416 -0.191026 -0.531284 0.152339 0.833385 0.846997 0.116688 0.518632 -0.0694927 1.30469 0.0252555</i>
                        <i>-0.0179788 0.980877 -0.193796 -0.530973 0.15487 0.833117 0.847198 0.117879 0.518035 -0.0690824 1.3049 0.0246341</i>
                        <i>-0.0177515 0.980319 -0.196622 -0.530647 0.157434 0.832844 0.847407 0.119121 0.517408 -0.0686868 1.30511 0.02404</i>
                        <i>-0.0175764 0.979761 -0.199398 -0.53032 0.15993 0.832576 0.847615 0.120378 0.516776 -0.0683087 1.30533 0.0234949</i>
                        <i>-0.0174737 0.979227 -0.202014 -0.530008 0.162251 0.832326 0.847813 0.121613 0.516163 -0.0679507 1.30555 0.0230206</i>
                        <i>-0.0174639 0.97874 -0.204361 -0.529724 0.164292 0.832106 0.84799 0.122787 0.515593 -0.0676156 1.30578 0.0226388</i>
                    </KeyFrames>
                </p>
            </i>
            <i>
                <p>
                    <Name>
                        <![CDATA[spine1]]>
</Name>
                    <Exclude>0</Exclude>
                    <Additive>0</Additive>
                    <IKPriority>0</IKPriority>
                    <IKRotLimits>-1e+010 -1e+010 -1e+010 1e+010 1e+010 1e+010</IKRotLimits>
                    <IKRotLimitOrder>0</IKRotLimitOrder>
                    <KeyFrames count="60">
                        <i>0.041651 0.849831 -0.525406 -0.722493 0.388843 0.571669 0.690123 0.355792 0.630193 -0.0912028 1.47786 -0.0148287</i>
                        <i>0.0417233 0.847696 -0.52884 -0.722417 0.391236 0.57013 0.690197 0.358255 0.628714 -0.0911858 1.47784 -0.0157092</i>
                        <i>0.0418056 0.845383 -0.532523 -0.722349 0.393799 0.56845 0.690264 0.360903 0.627124 -0.0912319 1.47783 -0.0165779</i>
                        <i>0.0418964 0.842942 -0.536371 -0.722285 0.396475 0.566668 0.690326 0.363671 0.625455 -0.0913365 1.47781 -0.0174258</i>
                        <i>0.041994 0.840425 -0.540299 -0.722225 0.399206 0.564824 0.690383 0.366498 0.62374 -0.0914948 1.47779 -0.0182439</i>
                        <i>0.0420967 0.837883 -0.544224 -0.722168 0.401936 0.562958 0.690436 0.369322 0.622012 -0.0917022 1.47777 -0.0190227</i>
                        <i>0.0422026 0.835371 -0.548064 -0.722113 0.404609 0.561109 0.690486 0.372084 0.620308 -0.0919539 1.47776 -0.0197528</i>
                        <i>0.04231 0.832943 -0.551739 -0.722062 0.40717 0.559321 0.690533 0.374725 0.618664 -0.0922452 1.47775 -0.0204243</i>
                        <i>0.0424167 0.830656 -0.555168 -0.722014 0.409562 0.557633 0.690577 0.377186 0.617117 -0.0925712 1.47775 -0.0210274</i>
                        <i>0.0425207 0.828566 -0.558274 -0.72197 0.411734 0.556089 0.690617 0.379412 0.615707 -0.0929273 1.47775 -0.0215519</i>
                        <i>0.0426199 0.826733 -0.560978 -0.721932 0.413629 0.554731 0.690651 0.381345 0.614473 -0.0933087 1.47777 -0.0219876</i>
                        <i>0.042712 0.825213 -0.563204 -0.7219 0.415194 0.553601 0.690678 0.382931 0.613455 -0.0937105 1.47779 -0.0223241</i>
                        <i>0.0427949 0.824067 -0.564873 -0.721876 0.416377 0.552743 0.690698 0.384114 0.612693 -0.0941281 1.47782 -0.0225509</i>
                        <i>0.0428663 0.823352 -0.56591 -0.721862 0.417122 0.552199 0.690708 0.384838 0.612227 -0.0945565 1.47786 -0.0226576</i>
                        <i>0.042924 0.823125 -0.566235 -0.721859 0.417377 0.552011 0.690708 0.385047 0.612096 -0.094991 1.47789 -0.0226751</i>
                        <i>0.0429689 0.823255 -0.566043 -0.721864 0.417272 0.552084 0.6907 0.384884 0.612208 -0.0954299 1.47785 -0.0226687</i>
                        <i>0.0430029 0.823568 -0.565585 -0.721874 0.416979 0.552292 0.690687 0.384531 0.612444 -0.0958722 1.47774 -0.0226675</i>
                        <i>0.043025 0.824059 -0.564868 -0.721889 0.416503 0.552631 0.69067 0.383996 0.612799 -0.0963141 1.47757 -0.0226688</i>
                        <i>0.0430344 0.824722 -0.563899 -0.72191 0.415847 0.553098 0.690648 0.383282 0.613271 -0.096752 1.47734 -0.0226697</i>
                        <i>0.0430303 0.825551 -0.562685 -0.721936 0.415016 0.553688 0.690621 0.382397 0.613853 -0.0971822 1.47707 -0.0226675</i>
                        <i>0.0430118 0.826541 -0.561231 -0.721966 0.414014 0.554399 0.69059 0.381344 0.614542 -0.097601 1.47675 -0.0226595</i>
                        <i>0.042978 0.827685 -0.559545 -0.722001 0.412843 0.555225 0.690556 0.38013 0.615332 -0.0980046 1.47639 -0.022643</i>
                        <i>0.0429279 0.828978 -0.557632 -0.72204 0.411508 0.556165 0.690518 0.378758 0.616221 -0.0983894 1.476 -0.0226154</i>
                        <i>0.0428606 0.830413 -0.555497 -0.722084 0.410011 0.557212 0.690476 0.377233 0.617201 -0.0987514 1.47559 -0.0225743</i>
                        <i>0.0427749 0.831985 -0.553147 -0.722132 0.408357 0.558364 0.690432 0.375561 0.61827 -0.099087 1.47516 -0.022517</i>
                        <i>0.0426751 0.833669 -0.550613 -0.722182 0.406569 0.559602 0.690385 0.373762 0.619411 -0.0993938 1.47472 -0.0224325</i>
                        <i>0.0425661 0.835437 -0.547936 -0.722233 0.404678 0.560906 0.690339 0.371862 0.620605 -0.0996697 1.47428 -0.0223074</i>
                        <i>0.042449 0.837276 -0.545131 -0.722283 0.402697 0.562265 0.690293 0.369871 0.621844 -0.0999114 1.47385 -0.0221359</i>
                        <i>0.0423247 0.839173 -0.542215 -0.722333 0.400637 0.563671 0.690248 0.367803 0.623119 -0.100116 1.47343 -0.0219118</i>
                        <i>0.0421943 0.841116 -0.539206 -0.722382 0.39851 0.565114 0.690205 0.365669 0.624422 -0.10028 1.47304 -0.0216294</i>
                        <i>0.0420586 0.843093 -0.536121 -0.72243 0.396329 0.566585 0.690164 0.36348 0.625744 -0.1004 1.47267 -0.0212824</i>
                        <i>0.0419185 0.845091 -0.532977 -0.722475 0.394107 0.568075 0.690125 0.36125 0.627078 -0.100473 1.47233 -0.0208649</i>
                        <i>0.0417751 0.847099 -0.529791 -0.722519 0.391855 0.569576 0.690088 0.35899 0.628415 -0.100496 1.47204 -0.0203708</i>
                        <i>0.0416293 0.849104 -0.526582 -0.72256 0.389586 0.571078 0.690054 0.356714 0.629747 -0.100469 1.47179 -0.0196803</i>
                        <i>0.041482 0.851096 -0.523368 -0.722599 0.387313 0.572572 0.690022 0.354434 0.631068 -0.100395 1.47157 -0.0187127</i>
                        <i>0.041334 0.853063 -0.520168 -0.722636 0.38505 0.57405 0.689992 0.352164 0.63237 -0.100278 1.4714 -0.0175208</i>
                        <i>0.0411863 0.854994 -0.517 -0.72267 0.382809 0.575504 0.689965 0.349918 0.633645 -0.100119 1.4713 -0.0161571</i>
                        <i>0.0410399 0.856878 -0.513883 -0.722703 0.380604 0.576924 0.68994 0.347708 0.634888 -0.0999226 1.47127 -0.0146741</i>
                        <i>0.0408956 0.858704 -0.510837 -0.722733 0.378448 0.578303 0.689916 0.345549 0.636091 -0.0996903 1.47133 -0.0131246</i>
                        <i>0.0407542 0.860462 -0.507881 -0.722762 0.376355 0.579631 0.689894 0.343455 0.637248 -0.0994251 1.4715 -0.0115608</i>
                        <i>0.0406168 0.862142 -0.505036 -0.72279 0.374338 0.580901 0.689873 0.34144 0.638352 -0.0991297 1.47185 -0.0100355</i>
                        <i>0.0404841 0.863734 -0.50232 -0.722817 0.372412 0.582104 0.689853 0.339519 0.639398 -0.0988069 1.47243 -0.0086009</i>
                        <i>0.040357 0.865227 -0.499754 -0.722844 0.37059 0.583232 0.689832 0.337707 0.640379 -0.0984594 1.47311 -0.00730957</i>
                        <i>0.0402364 0.866611 -0.497359 -0.72287 0.368887 0.584278 0.689811 0.336017 0.64129 -0.0980899 1.47382 -0.00621388</i>
                        <i>0.0401233 0.867878 -0.495155 -0.722898 0.367317 0.585233 0.689789 0.334465 0.642124 -0.0977011 1.47445 -0.00536624</i>
                        <i>0.0400184 0.869016 -0.493162 -0.722926 0.365894 0.586089 0.689766 0.333065 0.642877 -0.0972957 1.47491 -0.00481902</i>
                        <i>0.0399226 0.870018 -0.491402 -0.722955 0.364632 0.586839 0.689741 0.331833 0.64354 -0.0968765 1.47524 -0.00453966</i>
                        <i>0.0398369 0.870872 -0.489893 -0.722986 0.363545 0.587475 0.689713 0.330783 0.64411 -0.0964462 1.47555 -0.00444679</i>
                        <i>0.0397621 0.871569 -0.488658 -0.723019 0.362649 0.587988 0.689683 0.329929 0.64458 -0.0960074 1.47583 -0.00451965</i>
                        <i>0.0397436 0.871814 -0.488222 -0.72303 0.362338 0.588165 0.689672 0.329624 0.644749 -0.0955574 1.47607 -0.00484927</i>
                        <i>0.0398077 0.871316 -0.489105 -0.723012 0.362983 0.58779 0.689688 0.33023 0.644421 -0.095093 1.47628 -0.00546334</i>
                        <i>0.0399334 0.87012 -0.491219 -0.722976 0.364505 0.586892 0.689718 0.331703 0.643632 -0.0946178 1.47646 -0.00627662</i>
                        <i>0.0401081 0.868345 -0.494336 -0.722926 0.366741 0.585559 0.68976 0.333882 0.642459 -0.0941383 1.47664 -0.00724655</i>
                        <i>0.0403192 0.866108 -0.498228 -0.722865 0.369528 0.58388 0.689812 0.33661 0.640978 -0.093661 1.4768 -0.00833074</i>
                        <i>0.0405544 0.863526 -0.502671 -0.722795 0.372703 0.581944 0.689871 0.339728 0.639268 -0.0931922 1.47696 -0.00948663</i>
                        <i>0.040801 0.860722 -0.507438 -0.722721 0.376106 0.579844 0.689934 0.343078 0.637408 -0.0927385 1.47712 -0.0106714</i>
                        <i>0.0410466 0.85782 -0.512309 -0.722647 0.379576 0.57767 0.689997 0.346508 0.635481 -0.0923062 1.47729 -0.0118419</i>
                        <i>0.0412785 0.854948 -0.517069 -0.722579 0.382959 0.575519 0.690054 0.349867 0.633576 -0.0919019 1.47747 -0.0129545</i>
                        <i>0.0414842 0.85224 -0.521504 -0.722525 0.386098 0.573485 0.690099 0.353009 0.631782 -0.0915319 1.47765 -0.0139649</i>
                        <i>0.041651 0.849831 -0.525406 -0.722493 0.388843 0.571669 0.690123 0.355792 0.630193 -0.0912028 1.47786 -0.0148287</i>
                    </KeyFrames>
                </p>
            </i>
            <i>
                <p>
                    <Name>
                        <![CDATA[spine2]]>
</Name>
                    <Exclude>0</Exclude>
                    <Additive>0</Additive>
                    <IKPriority>0</IKPriority>
                    <IKRotLimits>-1e+010 -1e+010 -1e+010 1e+010 1e+010 1e+010</IKRotLimits>
                    <IKRotLimitOrder>0</IKRotLimitOrder>
                    <KeyFrames count="60">
                        <i>0.164729 0.908886 -0.383133 -0.723887 0.375248 0.578944 0.669964 0.181976 0.719745 -0.0798708 1.60639 -0.1163</i>
                        <i>0.164499 0.907533 -0.386425 -0.72383 0.377203 0.577744 0.670082 0.184667 0.718949 -0.0798426 1.606 -0.117838</i>
                        <i>0.164343 0.906055 -0.389943 -0.723782 0.379349 0.576397 0.670172 0.187507 0.71813 -0.0798734 1.60556 -0.119402</i>
                        <i>0.164251 0.904484 -0.393613 -0.723741 0.381631 0.574941 0.67024 0.190439 0.717295 -0.0799592 1.60507 -0.12097</i>
                        <i>0.164214 0.902852 -0.397355 -0.723704 0.383995 0.573411 0.670288 0.193405 0.716456 -0.0800957 1.60455 -0.122517</i>
                        <i>0.164225 0.901195 -0.401095 -0.723671 0.386386 0.571844 0.670321 0.196349 0.715623 -0.080279 1.60403 -0.124023</i>
                        <i>0.164275 0.899548 -0.404756 -0.723641 0.38875 0.570278 0.670342 0.199216 0.714811 -0.0805049 1.6035 -0.125463</i>
                        <i>0.164353 0.897947 -0.408264 -0.723613 0.391035 0.56875 0.670353 0.20195 0.714033 -0.0807695 1.603 -0.126815</i>
                        <i>0.164451 0.89643 -0.411544 -0.723586 0.393185 0.567299 0.670357 0.204495 0.713305 -0.0810685 1.60253 -0.128056</i>
                        <i>0.16456 0.895037 -0.414522 -0.723563 0.39515 0.565963 0.670356 0.206797 0.712641 -0.081398 1.6021 -0.129162</i>
                        <i>0.164671 0.893808 -0.417123 -0.723541 0.396875 0.564782 0.670352 0.208803 0.712061 -0.0817537 1.60174 -0.130111</i>
                        <i>0.164773 0.892781 -0.419274 -0.723524 0.398308 0.563794 0.670345 0.210457 0.711579 -0.0821317 1.60145 -0.130879</i>
                        <i>0.164858 0.891999 -0.420902 -0.723511 0.399397 0.563041 0.670339 0.211706 0.711215 -0.0825278 1.60126 -0.131443</i>
                        <i>0.164915 0.891502 -0.421934 -0.723502 0.400089 0.56256 0.670334 0.212495 0.710984 -0.082938 1.60117 -0.13178</i>
                        <i>0.164937 0.891327 -0.422294 -0.723499 0.400331 0.562391 0.670332 0.21277 0.710904 -0.0833581 1.60117 -0.131909</i>
                        <i>0.164935 0.891412 -0.422115 -0.723504 0.400216 0.562468 0.670328 0.212631 0.710949 -0.0837857 1.60118 -0.131922</i>
                        <i>0.16493 0.89166 -0.421593 -0.723515 0.399879 0.562692 0.670316 0.212224 0.711082 -0.0842189 1.60116 -0.131886</i>
                        <i>0.164922 0.892061 -0.420748 -0.723534 0.399335 0.563054 0.670297 0.211565 0.711296 -0.0846541 1.60111 -0.1318</i>
                        <i>0.164912 0.892603 -0.4196 -0.72356 0.398595 0.563545 0.670273 0.21067 0.711585 -0.0850879 1.60103 -0.13166</i>
                        <i>0.164899 0.893276 -0.41817 -0.723591 0.397673 0.564156 0.670242 0.209555 0.711942 -0.0855168 1.60093 -0.131466</i>
                        <i>0.164884 0.894069 -0.416478 -0.723626 0.396583 0.564877 0.670208 0.208235 0.712362 -0.0859373 1.60082 -0.131216</i>
                        <i>0.164867 0.894971 -0.414544 -0.723666 0.395338 0.565699 0.670169 0.206726 0.712838 -0.0863459 1.60069 -0.130906</i>
                        <i>0.164848 0.895969 -0.412389 -0.723708 0.393949 0.566613 0.670128 0.205044 0.713362 -0.0867391 1.60056 -0.130537</i>
                        <i>0.164828 0.897054 -0.410032 -0.723753 0.392432 0.567608 0.670084 0.203204 0.713929 -0.0871135 1.60042 -0.130104</i>
                        <i>0.164807 0.898213 -0.407495 -0.723799 0.390798 0.568675 0.67004 0.201222 0.714532 -0.0874656 1.60029 -0.129607</i>
                        <i>0.164786 0.899436 -0.404797 -0.723846 0.389061 0.569806 0.669995 0.199114 0.715165 -0.0877921 1.60016 -0.129043</i>
                        <i>0.164764 0.900712 -0.401959 -0.723892 0.387234 0.570991 0.66995 0.196896 0.715821 -0.0880896 1.60005 -0.128408</i>
                        <i>0.164742 0.90203 -0.399001 -0.723938 0.38533 0.57222 0.669906 0.194583 0.716494 -0.0883549 1.59996 -0.127699</i>
                        <i>0.16472 0.90338 -0.395944 -0.723981 0.383363 0.573484 0.669864 0.192192 0.717178 -0.0885846 1.5999 -0.126916</i>
                        <i>0.164699 0.904751 -0.39281 -0.724023 0.381346 0.574775 0.669824 0.189738 0.717868 -0.0887751 1.59986 -0.126054</i>
                        <i>0.164678 0.906134 -0.389617 -0.724062 0.379292 0.576083 0.669787 0.187239 0.718559 -0.0889231 1.59986 -0.125112</i>
                        <i>0.164658 0.907519 -0.386389 -0.724098 0.377215 0.5774 0.669753 0.18471 0.719245 -0.0890253 1.59989 -0.124087</i>
                        <i>0.164639 0.908897 -0.383145 -0.724131 0.375129 0.578716 0.669722 0.182168 0.719921 -0.0890781 1.59997 -0.122978</i>
                        <i>0.164622 0.910258 -0.379908 -0.72416 0.373046 0.580024 0.669695 0.17963 0.720584 -0.0890813 1.60009 -0.121667</i>
                        <i>0.164605 0.911594 -0.376698 -0.724186 0.370982 0.581315 0.669671 0.177112 0.721229 -0.0890385 1.60024 -0.120078</i>
                        <i>0.16459 0.912897 -0.373536 -0.724208 0.368949 0.58258 0.669651 0.174631 0.721853 -0.0889521 1.60044 -0.118267</i>
                        <i>0.164576 0.914158 -0.370445 -0.724227 0.366961 0.583811 0.669635 0.172205 0.722451 -0.0888248 1.6007 -0.116291</i>
                        <i>0.164564 0.91537 -0.367447 -0.724241 0.365033 0.585 0.669622 0.16985 0.72302 -0.088659 1.60102 -0.114206</i>
                        <i>0.164553 0.916524 -0.364562 -0.724253 0.363178 0.586139 0.669612 0.167584 0.723558 -0.0884573 1.60142 -0.112068</i>
                        <i>0.164544 0.917615 -0.361812 -0.724262 0.361411 0.58722 0.669605 0.165423 0.724061 -0.0882222 1.60191 -0.109934</i>
                        <i>0.164536 0.918634 -0.359221 -0.724268 0.359745 0.588235 0.6696 0.163386 0.724528 -0.0879562 1.60259 -0.10786</i>
                        <i>0.164529 0.919575 -0.356809 -0.724271 0.358194 0.589176 0.669598 0.16149 0.724955 -0.0876618 1.60346 -0.105902</i>
                        <i>0.164523 0.92043 -0.354598 -0.724273 0.356773 0.590035 0.669598 0.159751 0.72534 -0.0873417 1.60442 -0.104117</i>
                        <i>0.164519 0.921194 -0.352611 -0.724273 0.355496 0.590805 0.669598 0.158188 0.725682 -0.0869982 1.60539 -0.102561</i>
                        <i>0.164515 0.92186 -0.35087 -0.724272 0.354377 0.591478 0.6696 0.156818 0.725978 -0.0866339 1.60626 -0.10129</i>
                        <i>0.164512 0.92242 -0.349396 -0.724271 0.353429 0.592047 0.669602 0.155658 0.726225 -0.0862513 1.60693 -0.100361</i>
                        <i>0.16451 0.922868 -0.348212 -0.724269 0.352668 0.592503 0.669605 0.154726 0.726422 -0.085853 1.60745 -0.0997452</i>
                        <i>0.164509 0.923197 -0.347339 -0.724268 0.352107 0.592838 0.669607 0.154039 0.726566 -0.0854415 1.60792 -0.0993645</i>
                        <i>0.164508 0.9234 -0.346799 -0.724267 0.35176 0.593045 0.669608 0.153614 0.726655 -0.0850192 1.60833 -0.0992026</i>
                        <i>0.164508 0.923469 -0.346614 -0.724266 0.351642 0.593116 0.669609 0.153469 0.726685 -0.084575 1.60861 -0.0994361</i>
                        <i>0.164488 0.923199 -0.347342 -0.724257 0.352097 0.592857 0.669623 0.154047 0.726549 -0.0841011 1.60872 -0.100191</i>
                        <i>0.164437 0.922445 -0.349364 -0.724232 0.353366 0.592132 0.669663 0.155652 0.726171 -0.0836056 1.60868 -0.101377</i>
                        <i>0.164371 0.921287 -0.352438 -0.724194 0.355301 0.591019 0.66972 0.158087 0.725592 -0.0830969 1.60852 -0.10291</i>
                        <i>0.164305 0.919804 -0.356322 -0.724146 0.357757 0.589595 0.669788 0.161156 0.724854 -0.0825833 1.60827 -0.104707</i>
                        <i>0.164253 0.918077 -0.360772 -0.724092 0.360586 0.587936 0.66986 0.164661 0.723999 -0.0820733 1.60795 -0.106683</i>
                        <i>0.164232 0.916189 -0.365547 -0.724033 0.363642 0.586123 0.669928 0.168408 0.723073 -0.0815753 1.6076 -0.108754</i>
                        <i>0.164255 0.914231 -0.370408 -0.723977 0.36678 0.584234 0.669983 0.172204 0.722128 -0.0810976 1.60724 -0.110836</i>
                        <i>0.164336 0.912295 -0.375116 -0.723929 0.369856 0.582352 0.670016 0.175856 0.721217 -0.0806487 1.6069 -0.112844</i>
                        <i>0.164489 0.910479 -0.379436 -0.723896 0.372726 0.580561 0.670014 0.179176 0.720401 -0.0802369 1.60661 -0.114694</i>
                        <i>0.164729 0.908886 -0.383133 -0.723887 0.375248 0.578944 0.669964 0.181976 0.719745 -0.0798708 1.60639 -0.1163</i>
                    </KeyFrames>
                </p>
            </i>
            <i>
                <p>
                    <Name>
                        <![CDATA[head]]>
</Name>
                    <Exclude>0</Exclude>
                    <Additive>0</Additive>
                    <IKPriority>0</IKPriority>
                    <IKRotLimits>-1e+010 -1e+010 -1e+010 1e+010 1e+010 1e+010</IKRotLimits>
                    <IKRotLimitOrder>0</IKRotLimitOrder>
                    <KeyFrames count="60">
                        <i>0.00968202 0.808263 -0.588742 -0.208412 -0.574208 -0.791738 -0.977993 0.130367 0.162892 -0.0436749 1.83827 -0.222426</i>
                        <i>0.0089107 0.804574 -0.593786 -0.208363 -0.579282 -0.788047 -0.978011 0.130745 0.162481 -0.0436939 1.8375 -0.224818</i>
                        <i>0.00803907 0.801285 -0.598229 -0.208206 -0.583796 -0.78475 -0.978052 0.130864 0.162139 -0.0437555 1.83663 -0.227296</i>
                        <i>0.00708271 0.79841 -0.602073 -0.207958 -0.587748 -0.78186 -0.978112 0.130744 0.161873 -0.0438577 1.8357 -0.229816</i>
                        <i>0.00605733 0.795961 -0.605318 -0.207634 -0.591135 -0.779389 -0.978188 0.130405 0.161688 -0.0439982 1.83472 -0.232335</i>
                        <i>0.00497857 0.793949 -0.607965 -0.207245 -0.593953 -0.777348 -0.978276 0.129868 0.161585 -0.044175 1.83372 -0.234812</i>
                        <i>0.00386216 0.792383 -0.610012 -0.206803 -0.596196 -0.775747 -0.978375 0.129148 0.161564 -0.044386 1.83273 -0.237203</i>
                        <i>0.00272386 0.791272 -0.611458 -0.206317 -0.59786 -0.774595 -0.978481 0.128264 0.161624 -0.0446292 1.83177 -0.239466</i>
                        <i>0.0015794 0.790624 -0.6123 -0.205796 -0.598937 -0.773901 -0.978594 0.127231 0.161762 -0.0449026 1.83087 -0.241557</i>
                        <i>0.000444475 0.790444 -0.612535 -0.205249 -0.599422 -0.773671 -0.97871 0.126066 0.161971 -0.0452041 1.83005 -0.243436</i>
                        <i>-0.000665167 0.790736 -0.612158 -0.204681 -0.599305 -0.773911 -0.978828 0.124782 0.162247 -0.0455318 1.82934 -0.245059</i>
                        <i>-0.00173394 0.791503 -0.611163 -0.204101 -0.598579 -0.774627 -0.978948 0.123396 0.162584 -0.0458838 1.82877 -0.246384</i>
                        <i>-0.00274628 0.792748 -0.609544 -0.203516 -0.597232 -0.775819 -0.979068 0.121921 0.162977 -0.0462582 1.82835 -0.24737</i>
                        <i>-0.00368677 0.79447 -0.607293 -0.202933 -0.595255 -0.77749 -0.979186 0.120373 0.163419 -0.0466529 1.82813 -0.247973</i>
                        <i>-0.00453998 0.796668 -0.6044 -0.202361 -0.592634 -0.779638 -0.979301 0.118767 0.163905 -0.047066 1.82808 -0.248193</i>
                        <i>-0.00526675 0.799198 -0.601045 -0.201807 -0.589536 -0.782126 -0.979411 0.117176 0.164389 -0.0474921 1.82812 -0.248159</i>
                        <i>-0.00582181 0.801876 -0.597462 -0.201282 -0.586184 -0.784777 -0.979516 0.115689 0.164815 -0.0479249 1.82816 -0.247992</i>
                        <i>-0.00618024 0.804638 -0.593734 -0.200795 -0.582651 -0.787528 -0.979614 0.114352 0.165168 -0.0483609 1.82822 -0.247693</i>
                        <i>-0.00631718 0.807422 -0.58994 -0.200359 -0.579011 -0.790318 -0.979702 0.113207 0.165432 -0.0487966 1.82829 -0.247265</i>
                        <i>-0.00620773 0.810169 -0.586163 -0.199984 -0.575339 -0.79309 -0.979779 0.1123 0.165593 -0.0492284 1.82837 -0.246711</i>
                        <i>-0.00582696 0.812819 -0.582487 -0.199685 -0.571711 -0.795784 -0.979843 0.111677 0.16564 -0.0496529 1.82847 -0.246034</i>
                        <i>-0.00514985 0.815315 -0.578995 -0.199474 -0.568204 -0.798345 -0.97989 0.111383 0.165561 -0.0500666 1.82859 -0.245236</i>
                        <i>-0.00415132 0.8176 -0.575772 -0.199365 -0.564895 -0.800717 -0.979917 0.111465 0.165345 -0.0504658 1.82873 -0.244321</i>
                        <i>-0.00303575 0.819743 -0.572724 -0.199328 -0.56173 -0.80295 -0.979928 0.111722 0.165103 -0.0508472 1.82889 -0.24329</i>
