<?xml version="1.0" encoding="ISO-8859-1" ?>
<Animl Version="1">
    <ModellingPackage>
        <![CDATA[Maya.2010]]>
</ModellingPackage>
    <SrcFile>
        <![CDATA[anims\characters\shared\base_soldier\~src\infantry\idle_aim.mb]]>
</SrcFile>
    <FramesPerSecond>30</FramesPerSecond>
    <TotalFrames>60</TotalFrames>
    <Skeleton>
        <RefFrame>
            <Name>
                <![CDATA[soldier_ref_frame]]>
</Name>
            <Exclude>0</Exclude>
            <Additive>0</Additive>
            <IKPriority>0</IKPriority>
            <IKRotLimits>-1e+010 -1e+010 -1e+010 1e+010 1e+010 1e+010</IKRotLimits>
            <IKRotLimitOrder>0</IKRotLimitOrder>
            <KeyFrames count="60">
                <i>1 0 0 0 1 0 0 0 1 0 0 0</i>
                <i>1 0 0 0 1 0 0 0 1 0 0 0</i>
                <i>1 0 0 0 1 0 0 0 1 0 0 0</i>
                <i>1 0 0 0 1 0 0 0 1 0 0 0</i>
                <i>1 0 0 0 1 0 0 0 1 0 0 0</i>
                <i>1 0 0 0 1 0 0 0 1 0 0 0</i>
                <i>1 0 0 0 1 0 0 0 1 0 0 0</i>
                <i>1 0 0 0 1 0 0 0 1 0 0 0</i>
                <i>1 0 0 0 1 0 0 0 1 0 0 0</i>
                <i>1 0 0 0 1 0 0 0 1 0 0 0</i>
                <i>1 0 0 0 1 0 0 0 1 0 0 0</i>
                <i>1 0 0 0 1 0 0 0 1 0 0 0</i>
                <i>1 0 0 0 1 0 0 0 1 0 0 0</i>
                <i>1 0 0 0 1 0 0 0 1 0 0 0</i>
                <i>1 0 0 0 1 0 0 0 1 0 0 0</i>
                <i>1 0 0 0 1 0 0 0 1 0 0 0</i>
                <i>1 0 0 0 1 0 0 0 1 0 0 0</i>
                <i>1 0 0 0 1 0 0 0 1 0 0 0</i>
                <i>1 0 0 0 1 0 0 0 1 0 0 0</i>
                <i>1 0 0 0 1 0 0 0 1 0 0 0</i>
                <i>1 0 0 0 1 0 0 0 1 0 0 0</i>
                <i>1 0 0 0 1 0 0 0 1 0 0 0</i>
                <i>1 0 0 0 1 0 0 0 1 0 0 0</i>
                <i>1 0 0 0 1 0 0 0 1 0 0 0</i>
                <i>1 0 0 0 1 0 0 0 1 0 0 0</i>
                <i>1 0 0 0 1 0 0 0 1 0 0 0</i>
                <i>1 0 0 0 1 0 0 0 1 0 0 0</i>
                <i>1 0 0 0 1 0 0 0 1 0 0 0</i>
                <i>1 0 0 0 1 0 0 0 1 0 0 0</i>
                <i>1 0 0 0 1 0 0 0 1 0 0 0</i>
                <i>1 0 0 0 1 0 0 0 1 0 0 0</i>
                <i>1 0 0 0 1 0 0 0 1 0 0 0</i>
                <i>1 0 0 0 1 0 0 0 1 0 0 0</i>
                <i>1 0 0 0 1 0 0 0 1 0 0 0</i>
                <i>1 0 0 0 1 0 0 0 1 0 0 0</i>
                <i>1 0 0 0 1 0 0 0 1 0 0 0</i>
                <i>1 0 0 0 1 0 0 0 1 0 0 0</i>
                <i>1 0 0 0 1 0 0 0 1 0 0 0</i>
                <i>1 0 0 0 1 0 0 0 1 0 0 0</i>
                <i>1 0 0 0 1 0 0 0 1 0 0 0</i>
                <i>1 0 0 0 1 0 0 0 1 0 0 0</i>
                <i>1 0 0 0 1 0 0 0 1 0 0 0</i>
                <i>1 0 0 0 1 0 0 0 1 0 0 0</i>
                <i>1 0 0 0 1 0 0 0 1 0 0 0</i>
                <i>1 0 0 0 1 0 0 0 1 0 0 0</i>
                <i>1 0 0 0 1 0 0 0 1 0 0 0</i>
                <i>1 0 0 0 1 0 0 0 1 0 0 0</i>
                <i>1 0 0 0 1 0 0 0 1 0 0 0</i>
                <i>1 0 0 0 1 0 0 0 1 0 0 0</i>
                <i>1 0 0 0 1 0 0 0 1 0 0 0</i>
                <i>1 0 0 0 1 0 0 0 1 0 0 0</i>
                <i>1 0 0 0 1 0 0 0 1 0 0 0</i>
                <i>1 0 0 0 1 0 0 0 1 0 0 0</i>
                <i>1 0 0 0 1 0 0 0 1 0 0 0</i>
                <i>1 0 0 0 1 0 0 0 1 0 0 0</i>
                <i>1 0 0 0 1 0 0 0 1 0 0 0</i>
                <i>1 0 0 0 1 0 0 0 1 0 0 0</i>
                <i>1 0 0 0 1 0 0 0 1 0 0 0</i>
                <i>1 0 0 0 1 0 0 0 1 0 0 0</i>
                <i>1 0 0 0 1 0 0 0 1 0 0 0</i>
            </KeyFrames>
        </RefFrame>
        <Bones count="23">
            <i>
                <p>
                    <Name>
                        <![CDATA[pelvis]]>
</Name>
                    <Exclude>0</Exclude>
                    <Additive>0</Additive>
                    <IKPriority>0</IKPriority>
                    <IKRotLimits>-1e+010 -1e+010 -1e+010 1e+010 1e+010 1e+010</IKRotLimits>
                    <IKRotLimitOrder>2</IKRotLimitOrder>
                    <KeyFrames count="60">
                        <i>1 0 0 0 1 0 0 0 1 -0.0476351 1.16992 0.0407553</i>
                        <i>1 0 0 0 1 0 0 0 1 -0.0476462 1.16992 0.0402711</i>
                        <i>1 0 0 0 1 0 0 0 1 -0.0477068 1.16993 0.0397659</i>
                        <i>1 0 0 0 1 0 0 0 1 -0.0478139 1.16995 0.0392461</i>
                        <i>1 0 0 0 1 0 0 0 1 -0.0479639 1.16998 0.038718</i>
                        <i>1 0 0 0 1 0 0 0 1 -0.0481538 1.17001 0.0381878</i>
                        <i>1 0 0 0 1 0 0 0 1 -0.0483802 1.17004 0.0376618</i>
                        <i>1 0 0 0 1 0 0 0 1 -0.0486398 1.17007 0.0371462</i>
                        <i>1 0 0 0 1 0 0 0 1 -0.0489294 1.1701 0.0366473</i>
                        <i>1 0 0 0 1 0 0 0 1 -0.0492457 1.17013 0.0361714</i>
                        <i>1 0 0 0 1 0 0 0 1 -0.0495854 1.17016 0.0357248</i>
                        <i>1 0 0 0 1 0 0 0 1 -0.0499452 1.17018 0.0353136</i>
                        <i>1 0 0 0 1 0 0 0 1 -0.0503219 1.17019 0.0349442</i>
                        <i>1 0 0 0 1 0 0 0 1 -0.0507121 1.17019 0.0346229</i>
                        <i>1 0 0 0 1 0 0 0 1 -0.0511126 1.17015 0.0343147</i>
                        <i>1 0 0 0 1 0 0 0 1 -0.0515202 1.17004 0.0339847</i>
                        <i>1 0 0 0 1 0 0 0 1 -0.0519315 1.16987 0.0336394</i>
                        <i>1 0 0 0 1 0 0 0 1 -0.0523432 1.16963 0.0332852</i>
                        <i>1 0 0 0 1 0 0 0 1 -0.0527522 1.16935 0.0329287</i>
                        <i>1 0 0 0 1 0 0 0 1 -0.053155 1.16901 0.0325763</i>
                        <i>1 0 0 0 1 0 0 0 1 -0.0535485 1.16864 0.0322344</i>
                        <i>1 0 0 0 1 0 0 0 1 -0.0539293 1.16824 0.0319096</i>
                        <i>1 0 0 0 1 0 0 0 1 -0.0542943 1.16781 0.0316082</i>
                        <i>1 0 0 0 1 0 0 0 1 -0.05464 1.16737 0.0313368</i>
                        <i>1 0 0 0 1 0 0 0 1 -0.0549632 1.16692 0.0311018</i>
                        <i>1 0 0 0 1 0 0 0 1 -0.0552607 1.16646 0.0309097</i>
                        <i>1 0 0 0 1 0 0 0 1 -0.0555292 1.166 0.0307669</i>
                        <i>1 0 0 0 1 0 0 0 1 -0.0557653 1.16555 0.03068</i>
                        <i>1 0 0 0 1 0 0 0 1 -0.0559659 1.16513 0.0306553</i>
                        <i>1 0 0 0 1 0 0 0 1 -0.0561275 1.16472 0.0306993</i>
                        <i>1 0 0 0 1 0 0 0 1 -0.0562471 1.16434 0.0308186</i>
                        <i>1 0 0 0 1 0 0 0 1 -0.0563212 1.164 0.0310195</i>
                        <i>1 0 0 0 1 0 0 0 1 -0.0563467 1.16371 0.0313085</i>
                        <i>1 0 0 0 1 0 0 0 1 -0.0563232 1.16345 0.0318058</i>
                        <i>1 0 0 0 1 0 0 0 1 -0.0562546 1.16323 0.0325923</i>
                        <i>1 0 0 0 1 0 0 0 1 -0.0561435 1.16306 0.0336156</i>
                        <i>1 0 0 0 1 0 0 0 1 -0.0559926 1.16296 0.0348234</i>
                        <i>1 0 0 0 1 0 0 0 1 -0.0558045 1.16293 0.0361632</i>
                        <i>1 0 0 0 1 0 0 0 1 -0.0555819 1.16299 0.0375827</i>
                        <i>1 0 0 0 1 0 0 0 1 -0.0553274 1.16315 0.0390295</i>
                        <i>1 0 0 0 1 0 0 0 1 -0.0550437 1.16351 0.0404513</i>
                        <i>1 0 0 0 1 0 0 0 1 -0.0547334 1.16408 0.0417956</i>
                        <i>1 0 0 0 1 0 0 0 1 -0.0543993 1.16477 0.0430101</i>
                        <i>1 0 0 0 1 0 0 0 1 -0.0540439 1.16547 0.0440424</i>
                        <i>1 0 0 0 1 0 0 0 1 -0.0536699 1.1661 0.0448402</i>
                        <i>1 0 0 0 1 0 0 0 1 -0.05328 1.16656 0.045351</i>
                        <i>1 0 0 0 1 0 0 0 1 -0.0528768 1.16688 0.0456074</i>
                        <i>1 0 0 0 1 0 0 0 1 -0.0524629 1.16718 0.0456909</i>
                        <i>1 0 0 0 1 0 0 0 1 -0.0520411 1.16746 0.0456221</i>
                        <i>1 0 0 0 1 0 0 0 1 -0.051614 1.16772 0.0454219</i>
                        <i>1 0 0 0 1 0 0 0 1 -0.0511843 1.16796 0.0451109</i>
                        <i>1 0 0 0 1 0 0 0 1 -0.0507545 1.16819 0.04471</i>
                        <i>1 0 0 0 1 0 0 0 1 -0.0503274 1.16841 0.0442399</i>
                        <i>1 0 0 0 1 0 0 0 1 -0.0499056 1.16862 0.0437213</i>
                        <i>1 0 0 0 1 0 0 0 1 -0.0494918 1.16883 0.0431751</i>
                        <i>1 0 0 0 1 0 0 0 1 -0.0490886 1.16904 0.0426219</i>
                        <i>1 0 0 0 1 0 0 0 1 -0.0486987 1.16925 0.0420826</i>
                        <i>1 0 0 0 1 0 0 0 1 -0.0483247 1.16946 0.0415779</i>
                        <i>1 0 0 0 1 0 0 0 1 -0.0479693 1.16968 0.0411285</i>
                        <i>1 0 0 0 1 0 0 0 1 -0.0476351 1.16992 0.0407553</i>
                    </KeyFrames>
                </p>
            </i>
            <i>
                <p>
                    <Name>
                        <![CDATA[spine0]]>
</Name>
                    <Exclude>0</Exclude>
                    <Additive>0</Additive>
                    <IKPriority>0</IKPriority>
                    <IKRotLimits>-1e+010 -1e+010 -1e+010 1e+010 1e+010 1e+010</IKRotLimits>
                    <IKRotLimitOrder>0</IKRotLimitOrder>
                    <KeyFrames count="60">
                        <i>-0.0174802 0.993284 0.114372 -0.547772 -0.105209 0.829986 0.836445 -0.0481416 0.545933 -0.0676156 1.30578 0.0226388</i>
                        <i>-0.0172862 0.993461 0.112855 -0.547784 -0.103835 0.830151 0.836441 -0.0474701 0.545997 -0.0676285 1.30579 0.0221725</i>
                        <i>-0.0171417 0.993639 0.111301 -0.547799 -0.102456 0.830313 0.836434 -0.0467374 0.546071 -0.0676945 1.3058 0.0217192</i>
                        <i>-0.0170415 0.993814 0.109741 -0.547816 -0.101097 0.830468 0.836425 -0.0459655 0.54615 -0.06781 1.30582 0.021282</i>
                        <i>-0.0169805 0.993983 0.108208 -0.547835 -0.0997821 0.830614 0.836414 -0.045176 0.546233 -0.0679714 1.30584 0.0208642</i>
                        <i>-0.0169538 0.994143 0.106735 -0.547854 -0.0985351 0.830751 0.836402 -0.0443906 0.546316 -0.0681751 1.30586 0.020469</i>
                        <i>-0.0169562 0.99429 0.105352 -0.547874 -0.0973802 0.830874 0.836389 -0.0436312 0.546397 -0.0684176 1.30589 0.0200996</i>
                        <i>-0.0169828 0.994423 0.104093 -0.547892 -0.0963415 0.830983 0.836376 -0.0429193 0.546473 -0.0686952 1.30592 0.019759</i>
                        <i>-0.0170287 0.994537 0.102989 -0.54791 -0.095443 0.831075 0.836364 -0.0422765 0.546542 -0.0690044 1.30594 0.0194507</i>
                        <i>-0.0170887 0.99463 0.102072 -0.547926 -0.0947087 0.831148 0.836352 -0.0417245 0.546602 -0.0693416 1.30596 0.0191776</i>
                        <i>-0.0171581 0.9947 0.101374 -0.547941 -0.0941626 0.8312 0.836341 -0.041285 0.546653 -0.0697031 1.30598 0.0189431</i>
                        <i>-0.0172319 0.994745 0.100927 -0.547954 -0.0938287 0.83123 0.836331 -0.0409796 0.546691 -0.0700855 1.306 0.0187503</i>
                        <i>-0.017305 0.99476 0.100763 -0.547966 -0.0937313 0.831233 0.836322 -0.0408302 0.546716 -0.070485 1.306 0.0186024</i>
                        <i>-0.0173726 0.994743 0.100915 -0.547976 -0.0938944 0.831208 0.836314 -0.0408586 0.546727 -0.0708981 1.306 0.0185025</i>
                        <i>-0.0174297 0.994692 0.101414 -0.547985 -0.0943425 0.831151 0.836307 -0.0410867 0.54672 -0.0713212 1.30595 0.0184127</i>
                        <i>-0.0174826 0.994618 0.102126 -0.547992 -0.0949655 0.831075 0.836301 -0.0414347 0.546703 -0.0717508 1.30583 0.0182951</i>
                        <i>-0.0175404 0.994538 0.102889 -0.547997 -0.0956344 0.830996 0.836297 -0.0418067 0.546681 -0.0721832 1.30565 0.0181529</i>
                        <i>-0.0176026 0.994453 0.103699 -0.547998 -0.0963454 0.830912 0.836294 -0.0422007 0.546655 -0.0726148 1.3054 0.0179897</i>
                        <i>-0.0176688 0.994362 0.104553 -0.547997 -0.0970948 0.830826 0.836294 -0.0426149 0.546623 -0.073042 1.30511 0.0178087</i>
                        <i>-0.0177384 0.994267 0.105445 -0.547993 -0.0978788 0.830737 0.836295 -0.0430473 0.546587 -0.0734613 1.30477 0.0176133</i>
                        <i>-0.0178109 0.994167 0.106372 -0.547985 -0.0986935 0.830645 0.836298 -0.0434959 0.546547 -0.073869 1.30439 0.017407</i>
                        <i>-0.0178858 0.994063 0.10733 -0.547974 -0.0995351 0.830552 0.836304 -0.0439589 0.546501 -0.0742616 1.30399 0.0171932</i>
                        <i>-0.0179628 0.993954 0.108314 -0.547962 -0.1004 0.830456 0.836311 -0.0444346 0.546452 -0.0746354 1.30356 0.016975</i>
                        <i>-0.0180414 0.993843 0.10932 -0.547952 -0.101284 0.830355 0.836315 -0.0449215 0.546405 -0.0749867 1.30311 0.0167559</i>
                        <i>-0.0181212 0.993728 0.110345 -0.547945 -0.102184 0.83025 0.836318 -0.0454178 0.54636 -0.075312 1.30266 0.0165391</i>
                        <i>-0.018202 0.993611 0.111386 -0.54794 -0.103098 0.83014 0.83632 -0.0459225 0.546316 -0.0756087 1.3022 0.0163386</i>
                        <i>-0.0182835 0.99349 0.112441 -0.547935 -0.104025 0.830028 0.836321 -0.0464348 0.54627 -0.0758746 1.30174 0.0161711</i>
                        <i>-0.0183654 0.993367 0.113509 -0.54793 -0.104961 0.829913 0.836322 -0.0469532 0.546224 -0.0761067 1.3013 0.0160439</i>
                        <i>-0.0184473 0.993242 0.114584 -0.547925 -0.105905 0.829797 0.836324 -0.047476 0.546176 -0.0763016 1.30087 0.0159645</i>
                        <i>-0.0185289 0.993115 0.115665 -0.547919 -0.106852 0.829679 0.836326 -0.0480019 0.546127 -0.0764563 1.30047 0.0159404</i>
                        <i>-0.0186097 0.992987 0.116746 -0.547913 -0.107801 0.82956 0.836328 -0.0485291 0.546077 -0.0765675 1.3001 0.015979</i>
                        <i>-0.0186894 0.992858 0.117826 -0.547907 -0.108747 0.829441 0.836331 -0.0490561 0.546026 -0.0766321 1.29976 0.0160879</i>
                        <i>-0.0187677 0.992729 0.118901 -0.547899 -0.109688 0.829322 0.836334 -0.0495813 0.545974 -0.076647 1.29947 0.0162744</i>
                        <i>-0.018844 0.992599 0.119967 -0.54789 -0.11062 0.829204 0.836338 -0.0501031 0.54592 -0.0766119 1.29922 0.0166597</i>
                        <i>-0.0189182 0.99247 0.12102 -0.547881 -0.111541 0.829087 0.836342 -0.0506198 0.545865 -0.0765308 1.299 0.0173258</i>
                        <i>-0.0189897 0.992341 0.122058 -0.54787 -0.112447 0.828971 0.836348 -0.0511299 0.54581 -0.0764065 1.29884 0.0182212</i>
                        <i>-0.0190583 0.992214 0.123076 -0.547859 -0.113336 0.828858 0.836354 -0.0516316 0.545753 -0.0762416 1.29874 0.0192945</i>
                        <i>-0.0191236 0.992089 0.124071 -0.547846 -0.114204 0.828747 0.836361 -0.0521234 0.545696 -0.076039 1.29871 0.0204945</i>
                        <i>-0.0191851 0.991966 0.12504 -0.547832 -0.115048 0.82864 0.836368 -0.0526035 0.545638 -0.0758014 1.29878 0.0217697</i>
                        <i>-0.0192426 0.991846 0.125979 -0.547818 -0.115864 0.828536 0.836376 -0.0530703 0.54558 -0.0755315 1.29895 0.0230686</i>
                        <i>-0.0192955 0.99173 0.126884 -0.547802 -0.11665 0.828436 0.836386 -0.053522 0.545522 -0.0752323 1.29931 0.0243401</i>
                        <i>-0.0193436 0.991618 0.127751 -0.547785 -0.117402 0.828341 0.836395 -0.0539571 0.545465 -0.0749062 1.29989 0.0255326</i>
                        <i>-0.0193865 0.99151 0.128577 -0.547768 -0.118116 0.82825 0.836406 -0.0543737 0.545407 -0.0745563 1.30058 0.0265948</i>
                        <i>-0.0194238 0.991408 0.129359 -0.54775 -0.11879 0.828166 0.836416 -0.0547701 0.545351 -0.0741851 1.30129 0.0274753</i>
                        <i>-0.019455 0.991311 0.130091 -0.547732 -0.119421 0.828087 0.836427 -0.0551446 0.545296 -0.0737955 1.30193 0.0281227</i>
                        <i>-0.0194799 0.991221 0.130771 -0.547714 -0.120003 0.828015 0.836439 -0.0554956 0.545243 -0.0733902 1.30239 0.0284857</i>
                        <i>-0.019498 0.991138 0.131395 -0.547696 -0.120536 0.827949 0.83645 -0.0558212 0.545193 -0.0729721 1.30272 0.0285978</i>
                        <i>-0.019509 0.991063 0.131959 -0.547678 -0.121014 0.827892 0.836462 -0.0561197 0.545144 -0.0725437 1.30302 0.0285414</i>
                        <i>-0.0195124 0.990996 0.132459 -0.547661 -0.121435 0.827841 0.836473 -0.0563895 0.545099 -0.072108 1.3033 0.0283382</i>
                        <i>-0.0194688 0.991005 0.132397 -0.547651 -0.12136 0.827859 0.83648 -0.0563901 0.545088 -0.0716676 1.30357 0.0280101</i>
                        <i>-0.0193424 0.991116 0.131586 -0.547651 -0.120613 0.827968 0.836483 -0.0560484 0.545119 -0.0712254 1.30381 0.0275786</i>
                        <i>-0.019145 0.991286 0.13033 -0.547658 -0.119456 0.828131 0.836483 -0.0555217 0.545172 -0.070784 1.30404 0.0270657</i>
                        <i>-0.0188974 0.991502 0.128714 -0.547669 -0.117971 0.828337 0.836482 -0.0548394 0.545244 -0.0703462 1.30427 0.026493</i>
                        <i>-0.0186201 0.991751 0.126823 -0.547684 -0.116239 0.828572 0.836478 -0.054031 0.54533 -0.0699149 1.30448 0.0258824</i>
                        <i>-0.0183337 0.99202 0.124742 -0.5477 -0.114343 0.828825 0.836474 -0.0531255 0.545426 -0.0694927 1.30469 0.0252555</i>
                        <i>-0.0180588 0.992298 0.122553 -0.547717 -0.112363 0.829084 0.836469 -0.052152 0.545528 -0.0690824 1.3049 0.0246341</i>
                        <i>-0.0178158 0.992573 0.12034 -0.547733 -0.110381 0.82934 0.836463 -0.051139 0.545632 -0.0686868 1.30511 0.02404</i>
                        <i>-0.0176249 0.992835 0.118185 -0.547748 -0.108475 0.829581 0.836458 -0.0501145 0.545736 -0.0683087 1.30533 0.0234949</i>
                        <i>-0.0175063 0.993075 0.116169 -0.547761 -0.106725 0.8298 0.836451 -0.0491063 0.545837 -0.0679507 1.30555 0.0230206</i>
                        <i>-0.0174802 0.993284 0.114372 -0.547772 -0.105209 0.829986 0.836445 -0.0481416 0.545933 -0.0676156 1.30578 0.0226388</i>
                    </KeyFrames>
                </p>
            </i>
            <i>
                <p>
                    <Name>
                        <![CDATA[spine1]]>
</Name>
                    <Exclude>0</Exclude>
                    <Additive>0</Additive>
                    <IKPriority>0</IKPriority>
                    <IKRotLimits>-1e+010 -1e+010 -1e+010 1e+010 1e+010 1e+010</IKRotLimits>
                    <IKRotLimitOrder>0</IKRotLimitOrder>
                    <KeyFrames count="60">
                        <i>0.0404996 0.945379 0.323447 -0.723773 -0.195415 0.661789 0.688848 -0.260904 0.676326 -0.0906729 1.47817 0.0478985</i>
                        <i>0.0405819 0.946769 0.319347 -0.723694 -0.192518 0.662725 0.688927 -0.258004 0.677358 -0.0906508 1.47831 0.0471502</i>
                        <i>0.0406704 0.94825 0.314908 -0.723621 -0.189378 0.663709 0.688999 -0.254868 0.678472 -0.0906907 1.47843 0.0464048</i>
                        <i>0.0407641 0.949787 0.31023 -0.723553 -0.186064 0.664719 0.689064 -0.251565 0.679636 -0.0907883 1.47854 0.045672</i>
                        <i>0.0408618 0.951343 0.305412 -0.723489 -0.182648 0.665736 0.689126 -0.248165 0.680823 -0.090939 1.47864 0.0449618</i>
                        <i>0.0409623 0.952885 0.300553 -0.723427 -0.1792 0.666739 0.689185 -0.244739 0.682002 -0.0911382 1.47872 0.0442838</i>
                        <i>0.0410642 0.954381 0.295755 -0.723368 -0.175793 0.667709 0.689241 -0.241358 0.68315 -0.0913816 1.47879 0.0436478</i>
                        <i>0.0411662 0.955801 0.291118 -0.723311 -0.172498 0.668629 0.689294 -0.238094 0.68424 -0.0916645 1.47885 0.0430634</i>
                        <i>0.0412667 0.957118 0.286745 -0.723257 -0.169388 0.669482 0.689345 -0.235018 0.685252 -0.0919825 1.47889 0.0425401</i>
                        <i>0.0413641 0.958305 0.282739 -0.723207 -0.166535 0.670252 0.689391 -0.232203 0.686164 -0.092331 1.47891 0.0420876</i>
                        <i>0.0414569 0.959337 0.279203 -0.723162 -0.164012 0.670922 0.689433 -0.229723 0.686957 -0.0927055 1.47892 0.0417154</i>
                        <i>0.0415433 0.96019 0.276241 -0.723123 -0.161894 0.671478 0.689468 -0.227651 0.687611 -0.0931014 1.47892 0.041433</i>
                        <i>0.0416216 0.960841 0.273957 -0.723093 -0.160252 0.671905 0.689496 -0.226062 0.688107 -0.0935142 1.47889 0.0412498</i>
                        <i>0.0416901 0.961265 0.272456 -0.723072 -0.159162 0.672187 0.689514 -0.225029 0.688428 -0.0939393 1.47885 0.0411755</i>
                        <i>0.0417471 0.961436 0.271843 -0.723061 -0.158696 0.672308 0.689521 -0.224626 0.688552 -0.0943723 1.47875 0.0411782</i>
                        <i>0.0417924 0.961423 0.27188 -0.72306 -0.158691 0.67231 0.68952 -0.224683 0.688535 -0.0948108 1.47858 0.0411938</i>
                        <i>0.041826 0.961316 0.272255 -0.723065 -0.158928 0.672249 0.689512 -0.224976 0.688447 -0.0952529 1.47833 0.0411943</i>
                        <i>0.0418471 0.961114 0.272963 -0.723078 -0.159405 0.672123 0.689498 -0.2255 0.688289 -0.0956951 1.47802 0.0411823</i>
                        <i>0.0418547 0.960819 0.274 -0.723096 -0.160118 0.671933 0.689478 -0.226252 0.688062 -0.0961336 1.47765 0.0411606</i>
                        <i>0.0418481 0.96043 0.275359 -0.723121 -0.161065 0.67168 0.689452 -0.227226 0.687767 -0.0965648 1.47723 0.0411315</i>
                        <i>0.0418263 0.959949 0.277035 -0.723152 -0.162242 0.671363 0.689421 -0.228419 0.687403 -0.096985 1.47677 0.0410979</i>
                        <i>0.0417884 0.959375 0.279023 -0.723189 -0.163647 0.670982 0.689385 -0.229826 0.686971 -0.0973905 1.47628 0.0410623</i>
                        <i>0.0417334 0.958707 0.281317 -0.723231 -0.165275 0.670537 0.689344 -0.231441 0.686469 -0.0977775 1.47576 0.0410273</i>
                        <i>0.0416603 0.957945 0.283912 -0.723279 -0.167125 0.670027 0.689298 -0.233261 0.685899 -0.0981424 1.47523 0.0409954</i>
                        <i>0.0415682 0.957088 0.286802 -0.723332 -0.169193 0.669451 0.689248 -0.235281 0.685259 -0.0984813 1.47469 0.0409692</i>
                        <i>0.0414612 0.956147 0.289936 -0.723388 -0.17144 0.668819 0.689196 -0.237466 0.684557 -0.0987919 1.47414 0.0409623</i>
                        <i>0.0413449 0.95514 0.293254 -0.723445 -0.173822 0.668142 0.689143 -0.239777 0.683804 -0.0990718 1.4736 0.0409911</i>
                        <i>0.0412202 0.954071 0.296731 -0.723502 -0.176321 0.667425 0.689091 -0.242197 0.683004 -0.0993179 1.47307 0.0410624</i>
                        <i>0.0410883 0.952945 0.300345 -0.723559 -0.17892 0.666671 0.689038 -0.244709 0.682161 -0.0995269 1.47256 0.0411833</i>
                        <i>0.0409501 0.951769 0.304072 -0.723615 -0.181603 0.665884 0.688988 -0.247299 0.681278 -0.0996957 1.47207 0.0413604</i>
                        <i>0.0408068 0.950547 0.307888 -0.72367 -0.184353 0.665068 0.688938 -0.249949 0.68036 -0.0998209 1.47162 0.0416007</i>
                        <i>0.0406594 0.949287 0.311772 -0.723723 -0.187153 0.664228 0.688892 -0.252644 0.679411 -0.0998993 1.4712 0.041911</i>
                        <i>0.0405089 0.947994 0.315699 -0.723774 -0.189986 0.663368 0.688847 -0.255367 0.678437 -0.0999277 1.47083 0.0422982</i>
                        <i>0.0403562 0.946677 0.319646 -0.723822 -0.192835 0.662492 0.688805 -0.258103 0.677444 -0.099906 1.47051 0.0428827</i>
                        <i>0.0402026 0.945343 0.323591 -0.723868 -0.195684 0.661607 0.688766 -0.260835 0.676436 -0.0998379 1.47023 0.043746</i>
                        <i>0.0400487 0.943999 0.327509 -0.723911 -0.198516 0.660716 0.68873 -0.263548 0.67542 -0.0997262 1.47 0.044836</i>
                        <i>0.0398958 0.942654 0.331378 -0.72395 -0.201313 0.659825 0.688697 -0.266225 0.674403 -0.0995735 1.46984 0.0461006</i>
                        <i>0.0397447 0.941317 0.335175 -0.723988 -0.20406 0.65894 0.688667 -0.268852 0.673392 -0.0993825 1.46976 0.0474879</i>
                        <i>0.0395964 0.939997 0.338877 -0.724022 -0.206739 0.658066 0.688639 -0.271411 0.672393 -0.099156 1.46977 0.0489457</i>
                        <i>0.0394517 0.938703 0.342461 -0.724055 -0.209335 0.657209 0.688614 -0.273888 0.671414 -0.0988966 1.46989 0.0504221</i>
                        <i>0.0393117 0.937446 0.345904 -0.724085 -0.211829 0.656376 0.68859 -0.276267 0.670463 -0.0986069 1.47022 0.0518649</i>
                        <i>0.0391771 0.936235 0.349185 -0.724113 -0.214206 0.655573 0.688568 -0.278533 0.669548 -0.0982898 1.47076 0.0532222</i>
                        <i>0.039049 0.93508 0.35228 -0.72414 -0.21645 0.654806 0.688547 -0.280669 0.668676 -0.0979478 1.47142 0.0544417</i>
                        <i>0.0389281 0.933992 0.355167 -0.724165 -0.218543 0.654082 0.688527 -0.282662 0.667857 -0.0975837 1.4721 0.0554714</i>
                        <i>0.0388154 0.932982 0.357824 -0.72419 -0.22047 0.653407 0.688507 -0.284495 0.667099 -0.0972001 1.47271 0.0562593</i>
                        <i>0.0387117 0.932061 0.360228 -0.724215 -0.222215 0.652789 0.688487 -0.286153 0.66641 -0.0967997 1.47316 0.0567531</i>
                        <i>0.0386179 0.931238 0.362359 -0.72424 -0.22376 0.652233 0.688466 -0.287622 0.665799 -0.0963853 1.47348 0.0569858</i>
                        <i>0.0385348 0.930526 0.364192 -0.724265 -0.22509 0.651748 0.688444 -0.288887 0.665274 -0.0959594 1.47378 0.057039</i>
                        <i>0.0384634 0.929935 0.365708 -0.724291 -0.226189 0.651338 0.688421 -0.289931 0.664843 -0.0955248 1.47406 0.0569337</i>
                        <i>0.0384504 0.929706 0.36629 -0.724301 -0.226601 0.651183 0.688411 -0.290343 0.664674 -0.095077 1.47435 0.0565978</i>
                        <i>0.0385248 0.930073 0.365349 -0.724286 -0.225898 0.651444 0.688422 -0.289714 0.664937 -0.0946121 1.47468 0.0560183</i>
                        <i>0.0386655 0.930987 0.362998 -0.724253 -0.22417 0.652078 0.68845 -0.288115 0.665603 -0.0941351 1.47502 0.0552749</i>
                        <i>0.0388587 0.932341 0.359486 -0.724204 -0.2216 0.65301 0.68849 -0.285716 0.666594 -0.0936526 1.47539 0.054405</i>
                        <i>0.0390903 0.934024 0.355064 -0.724142 -0.218371 0.654165 0.688542 -0.282688 0.66783 -0.0931711 1.47577 0.0534459</i>
                        <i>0.0393465 0.93593 0.349983 -0.724072 -0.214666 0.655468 0.688601 -0.279203 0.669234 -0.0926973 1.47616 0.0524349</i>
                        <i>0.0396131 0.937953 0.344492 -0.723997 -0.21067 0.656846 0.688665 -0.275431 0.67073 -0.0922377 1.47656 0.0514092</i>
                        <i>0.0398761 0.939998 0.338842 -0.723923 -0.206564 0.658231 0.688728 -0.271543 0.672249 -0.0917989 1.47697 0.050406</i>
                        <i>0.0401211 0.941972 0.333285 -0.723855 -0.202531 0.659557 0.688784 -0.267712 0.673726 -0.0913875 1.47738 0.049462</i>
                        <i>0.0403338 0.943792 0.32807 -0.723802 -0.198754 0.660762 0.688828 -0.264109 0.675102 -0.09101 1.47778 0.0486139</i>
                        <i>0.0404996 0.945379 0.323447 -0.723773 -0.195415 0.661789 0.688848 -0.260904 0.676326 -0.0906729 1.47817 0.0478985</i>
                    </KeyFrames>
                </p>
            </i>
            <i>
                <p>
                    <Name>
                        <![CDATA[spine2]]>
</Name>
                    <Exclude>0</Exclude>
                    <Additive>0</Additive>
                    <IKPriority>0</IKPriority>
                    <IKRotLimits>-1e+010 -1e+010 -1e+010 1e+010 1e+010 1e+010</IKRotLimits>
                    <IKRotLimitOrder>0</IKRotLimitOrder>
                    <KeyFrames count="60">
                        <i>0.164729 0.889004 0.427242 -0.723887 -0.185255 0.664581 0.669964 -0.418751 0.613022 -0.0798262 1.62966 0.103233</i>
                        <i>0.164499 0.890575 0.424048 -0.72383 -0.18306 0.665251 0.670082 -0.416372 0.614512 -0.0797984 1.63018 0.101767</i>
                        <i>0.164343 0.892232 0.42061 -0.723782 -0.18063 0.665967 0.670172 -0.413877 0.616097 -0.0798295 1.63067 0.100228</i>
                        <i>0.164251 0.893941 0.417003 -0.723741 -0.178028 0.666712 0.67024 -0.41131 0.61774 -0.0799153 1.63113 0.0986471</i>
                        <i>0.164214 0.895664 0.413302 -0.723704 -0.175316 0.66747 0.670288 -0.408717 0.619407 -0.0800519 1.63155 0.0970534</i>
                        <i>0.164225 0.897369 0.409584 -0.723671 -0.172558 0.668224 0.670321 -0.406143 0.621062 -0.080235 1.63193 0.0954761</i>
                        <i>0.164275 0.899021 0.405924 -0.723641 -0.169819 0.668959 0.670342 -0.403636 0.622672 -0.0804608 1.63227 0.0939447</i>
                        <i>0.164353 0.900589 0.402401 -0.723613 -0.167161 0.669658 0.670353 -0.401243 0.624204 -0.0807251 1.63256 0.0924886</i>
                        <i>0.164451 0.902042 0.399093 -0.723586 -0.164649 0.670308 0.670357 -0.399011 0.625629 -0.0810239 1.63281 0.091137</i>
                        <i>0.16456 0.903351 0.396077 -0.723563 -0.162347 0.670895 0.670356 -0.39699 0.626915 -0.0813531 1.633 0.0899193</i>
                        <i>0.164671 0.904485 0.393433 -0.723541 -0.16032 0.671405 0.670352 -0.395226 0.628033 -0.0817086 1.63313 0.0888647</i>
                        <i>0.164773 0.905418 0.39124 -0.723524 -0.158631 0.671825 0.670345 -0.39377 0.628953 -0.0820863 1.63321 0.0880025</i>
                        <i>0.164858 0.90612 0.389576 -0.723511 -0.157345 0.672142 0.670339 -0.39267 0.629648 -0.0824822 1.63322 0.0873619</i>
                        <i>0.164915 0.906562 0.388519 -0.723502 -0.156527 0.672342 0.670334 -0.391974 0.630086 -0.0828922 1.63318 0.0869722</i>
                        <i>0.164937 0.906717 0.38815 -0.7235 -0.15624 0.672412 0.670332 -0.391732 0.630239 -0.0833123 1.63303 0.0868214</i>
                        <i>0.164935 0.906639 0.388332 -0.723504 -0.156373 0.672376 0.670328 -0.391858 0.630165 -0.0837399 1.63276 0.0868028</i>
                        <i>0.16493 0.906412 0.388864 -0.723515 -0.156764 0.672273 0.670316 -0.392227 0.629948 -0.084173 1.6324 0.0868329</i>
                        <i>0.164922 0.906044 0.389724 -0.723534 -0.157396 0.672104 0.670297 -0.392824 0.629596 -0.0846082 1.63195 0.0869135</i>
                        <i>0.164912 0.905543 0.39089 -0.72356 -0.158254 0.671876 0.670273 -0.393633 0.629117 -0.0850419 1.63143 0.0870463</i>
                        <i>0.164899 0.904918 0.392342 -0.723591 -0.159322 0.67159 0.670243 -0.394639 0.628518 -0.0854707 1.63085 0.0872332</i>
                        <i>0.164884 0.904175 0.394057 -0.723626 -0.160585 0.671251 0.670208 -0.395828 0.627807 -0.0858911 1.63021 0.087476</i>
                        <i>0.164867 0.903323 0.396013 -0.723666 -0.162026 0.670862 0.670169 -0.397184 0.626992 -0.0862995 1.62951 0.0877765</i>
                        <i>0.164848 0.90237 0.398188 -0.723708 -0.163629 0.670426 0.670128 -0.398691 0.626079 -0.0866926 1.62878 0.0881366</i>
                        <i>0.164828 0.901322 0.400562 -0.723753 -0.16538 0.669948 0.670084 -0.400334 0.625076 -0.0870668 1.62802 0.0885579</i>
                        <i>0.164807 0.900189 0.403111 -0.723799 -0.167262 0.669431 0.67004 -0.402099 0.62399 -0.0874186 1.62723 0.0890423</i>
                        <i>0.164786 0.898978 0.405814 -0.723846 -0.16926 0.668878 0.669995 -0.403969 0.62283 -0.0877447 1.62644 0.0895936</i>
                        <i>0.164764 0.897696 0.40865 -0.723892 -0.171357 0.668294 0.66995 -0.405929 0.621602 -0.088042 1.62563 0.0902158</i>
                        <i>0.164742 0.896353 0.411596 -0.723938 -0.173539 0.667682 0.669906 -0.407965 0.620314 -0.088307 1.62483 0.0909114</i>
                        <i>0.16472 0.894957 0.414632 -0.723981 -0.175789 0.667045 0.669864 -0.410062 0.618976 -0.0885364 1.62405 0.0916831</i>
                        <i>0.164699 0.893516 0.417735 -0.724023 -0.178092 0.666389 0.669824 -0.412204 0.617595 -0.0887266 1.62328 0.0925333</i>
                        <i>0.164678 0.892041 0.420886 -0.724062 -0.180432 0.665716 0.669787 -0.414376 0.61618 -0.0888744 1.62254 0.0934646</i>
                        <i>0.164658 0.890539 0.424061 -0.724098 -0.182795 0.665032 0.669753 -0.416565 0.614739 -0.0889762 1.62184 0.0944796</i>
                        <i>0.164639 0.889021 0.427242 -0.724131 -0.185163 0.664341 0.669722 -0.418756 0.613283 -0.0890288 1.62119 0.0955808</i>
                        <i>0.164622 0.887497 0.430406 -0.72416 -0.187522 0.663647 0.669695 -0.420934 0.61182 -0.0890317 1.62058 0.0968844</i>
                        <i>0.164605 0.885976 0.433533 -0.724186 -0.189856 0.662955 0.669671 -0.423084 0.610361 -0.0889886 1.62002 0.0984675</i>
                        <i>0.16459 0.88447 0.436603 -0.724208 -0.19215 0.662269 0.669651 -0.425194 0.608915 -0.088902 1.61951 0.100274</i>
                        <i>0.164576 0.88299 0.439595 -0.724227 -0.194389 0.661596 0.669635 -0.427249 0.607493 -0.0887745 1.61908 0.102247</i>
                        <i>0.164564 0.881545 0.442489 -0.724241 -0.196557 0.660939 0.669621 -0.429235 0.606106 -0.0886086 1.61873 0.10433</i>
                        <i>0.164553 0.880149 0.445265 -0.724253 -0.198638 0.660303 0.669612 -0.431139 0.604764 -0.0884067 1.61849 0.106468</i>
                        <i>0.164544 0.878811 0.447902 -0.724262 -0.200619 0.659695 0.669605 -0.432947 0.603479 -0.0881715 1.61837 0.108604</i>
                        <i>0.164536 0.877544 0.450382 -0.724268 -0.202483 0.659119 0.6696 -0.434646 0.602261 -0.0879054 1.61846 0.110681</i>
                        <i>0.164529 0.87636 0.452685 -0.724271 -0.204215 0.65858 0.669598 -0.436222 0.601123 -0.0876109 1.61877 0.112644</i>
                        <i>0.164523 0.87527 0.45479 -0.724273 -0.2058 0.658084 0.669598 -0.437662 0.600076 -0.0872907 1.61923 0.114435</i>
                        <i>0.164519 0.874287 0.456678 -0.724273 -0.207223 0.657638 0.669598 -0.438953 0.599131 -0.0869472 1.61972 0.116</i>
                        <i>0.164515 0.873423 0.45833 -0.724272 -0.208468 0.657245 0.6696 -0.440082 0.5983 -0.0865829 1.62017 0.11728</i>
                        <i>0.164512 0.87269 0.459726 -0.724271 -0.209522 0.656911 0.669602 -0.441036 0.597595 -0.0862004 1.62046 0.118221</i>
                        <i>0.16451 0.872099 0.460846 -0.724269 -0.210367 0.656643 0.669605 -0.441801 0.597027 -0.0858021 1.62065 0.11885</i>
                        <i>0.164509 0.871664 0.46167 -0.724268 -0.21099 0.656445 0.669607 -0.442364 0.596608 -0.0853907 1.62084 0.119245</i>
                        <i>0.164508 0.871394 0.46218 -0.724267 -0.211375 0.656322 0.669608 -0.442712 0.596348 -0.0849686 1.62104 0.119424</i>
                        <i>0.164508 0.871301 0.462354 -0.724266 -0.211507 0.65628 0.669609 -0.442831 0.596259 -0.0845246 1.62134 0.119218</i>
                        <i>0.164488 0.871668 0.46167 -0.724257 -0.211011 0.65645 0.669623 -0.442346 0.596603 -0.0840512 1.62183 0.118511</i>
                        <i>0.164437 0.872683 0.459766 -0.724232 -0.209628 0.65692 0.669663 -0.440999 0.597555 -0.0835563 1.62246 0.11739</i>
                        <i>0.164371 0.874219 0.456862 -0.724194 -0.207512 0.657633 0.66972 -0.438952 0.598996 -0.0830483 1.62322 0.115936</i>
                        <i>0.164305 0.876147 0.453179 -0.724146 -0.204818 0.65853 0.669788 -0.436367 0.600806 -0.0825356 1.62407 0.11423</i>
                        <i>0.164253 0.878337 0.448937 -0.724092 -0.201702 0.659551 0.66986 -0.433405 0.602866 -0.0820264 1.62499 0.112353</i>
                        <i>0.164232 0.880665 0.444361 -0.724033 -0.19832 0.66064 0.669928 -0.43023 0.605061 -0.0815292 1.62595 0.110385</i>
                        <i>0.164255 0.88301 0.439674 -0.723977 -0.194826 0.66174 0.669983 -0.427008 0.607278 -0.0810522 1.62693 0.108408</i>
                        <i>0.164336 0.885256 0.435105 -0.723929 -0.191379 0.662798 0.670016 -0.423907 0.609411 -0.0806039 1.62789 0.106503</i>
                        <i>0.164489 0.887289 0.430884 -0.723896 -0.188136 0.663762 0.670014 -0.421097 0.611359 -0.0801924 1.62881 0.104751</i>
                        <i>0.164729 0.889004 0.427242 -0.723887 -0.185255 0.664581 0.669964 -0.418751 0.613022 -0.0798262 1.62966 0.103233</i>
                    </KeyFrames>
                </p>
            </i>
            <i>
                <p>
                    <Name>
                        <![CDATA[head]]>
</Name>
                    <Exclude>0</Exclude>
                    <Additive>0</Additive>
                    <IKPriority>0</IKPriority>
                    <IKRotLimits>-1e+010 -1e+010 -1e+010 1e+010 1e+010 1e+010</IKRotLimits>
                    <IKRotLimitOrder>0</IKRotLimitOrder>
                    <KeyFrames count="60">
                        <i>0.00968202 0.976416 0.215678 -0.208412 0.212922 -0.954583 -0.977993 -0.0357077 0.205559 -0.0436749 1.86234 0.208121</i>
                        <i>0.0089107 0.977752 0.209573 -0.208363 0.206797 -0.955939 -0.978011 -0.0351491 0.20557 -0.0436939 1.86325 0.205789</i>
                        <i>0.00803907 0.978903 0.204166 -0.208206 0.201337 -0.957138 -0.978052 -0.0348142 0.205432 -0.0437555 1.86416 0.203318</i>
                        <i>0.00708272 0.979879 0.199467 -0.207958 0.196554 -0.958186 -0.978112 -0.0346942 0.205166 -0.0438577 1.86505 0.200759</i>
                        <i>0.00605734 0.980688 0.195483 -0.207634 0.192459 -0.959087 -0.978188 -0.0347793 0.20479 -0.0439982 1.8659 0.19816</i>
                        <i>0.00497857 0.981339 0.192222 -0.207245 0.189064 -0.959846 -0.978276 -0.0350584 0.204319 -0.044175 1.86671 0.195572</i>
                        <i>0.00386216 0.981836 0.189694 -0.206803 0.186378 -0.960466 -0.978375 -0.0355197 0.203766 -0.044386 1.86746 0.193046</i>
                        <i>0.00272385 0.982184 0.187904 -0.206317 0.184414 -0.96095 -0.978481 -0.0361503 0.203144 -0.0446292 1.86815 0.190631</i>
                        <i>0.00157937 0.982385 0.18686 -0.205796 0.18318 -0.961298 -0.978594 -0.0369369 0.202461 -0.0449026 1.86875 0.188379</i>
                        <i>0.00044449 0.982442 0.186569 -0.205249 0.182687 -0.961508 -0.97871 -0.0378657 0.201726 -0.0452041 1.86927 0.186339</i>
                        <i>-0.000665183 0.982352 0.187038 -0.204681 0.182944 -0.961581 -0.978828 -0.0389227 0.200947 -0.0455318 1.86969 0.184563</i>
                        <i>-0.00173395 0.982115 0.188272 -0.204101 0.183961 -0.96151 -0.978948 -0.0400937 0.200132 -0.0458839 1.87 0.1831</i>
                        <i>-0.0027463 0.981727 0.190277 -0.203516 0.185746 -0.961291 -0.979068 -0.0413643 0.199287 -0.0462582 1.8702 0.182003</i>
                        <i>-0.00368674 0.98118 0.193058 -0.202933 0.188308 -0.960915 -0.979186 -0.0427204 0.198419 -0.0466529 1.87026 0.181322</i>
                        <i>-0.00453995 0.980469 0.19662 -0.202361 0.191653 -0.960375 -0.979301 -0.0441482 0.197538 -0.047066 1.87015 0.181065</i>
                        <i>-0.00526677 0.979631 0.200738 -0.201807 0.19557 -0.959701 -0.979411 -0.0455649 0.196666 -0.0474921 1.86986 0.181088</i>
                        <i>-0.00582181 0.97872 0.205117 -0.201282 0.199775 -0.958945 -0.979516 -0.0468691 0.195835 -0.047925 1.86945 0.181249</i>
                        <i>-0.00618022 0.977756 0.209656 -0.200795 0.204176 -0.95812 -0.979614 -0.0480193 0.195066 -0.0483609 1.86892 0.181546</i>
                        <i>-0.00631716 0.976757 0.214255 -0.200359 0.208678 -0.957241 -0.979702 -0.0489749 0.194383 -0.0487966 1.86828 0.181976</i>
                        <i>-0.00620774 0.975747 0.218814 -0.199985 0.213187 -0.956325 -0.979779 -0.0496961 0.193811 -0.0492284 1.86754 0.182535</i>
                        <i>-0.00582699 0.974747 0.223235 -0.199686 0.217608 -0.955391 -0.979843 -0.0501438 0.193375 -0.0496529 1.86672 0.18322</i>
                        <i>-0.00514987 0.973784 0.227417 -0.199474 0.221849 -0.954459 -0.97989 -0.0502792 0.193102 -0.0500666 1.86582 0.184028</i>
                        <i>-0.00415132 0.972882 0.231264 -0.199365 0.225818 -0.953551 -0.979917 -0.0500643 0.193021 -0.0504658 1.86486 0.184957</i>
