<?xml version="1.0" encoding="ISO-8859-1" ?>
<Animl Version="1">
    <ModellingPackage>
        <![CDATA[Maya.2010]]>
</ModellingPackage>
    <SrcFile>
        <![CDATA[anims\characters\shared\base_soldier\~src\infantry\aim_down.mb]]>
</SrcFile>
    <FramesPerSecond>30</FramesPerSecond>
    <TotalFrames>60</TotalFrames>
    <Skeleton>
        <RefFrame>
            <Name>
                <![CDATA[soldier_ref_frame]]>
</Name>
            <Exclude>1</Exclude>
            <Additive>0</Additive>
            <IKPriority>0</IKPriority>
            <IKRotLimits>-1e+010 -1e+010 -1e+010 1e+010 1e+010 1e+010</IKRotLimits>
            <IKRotLimitOrder>0</IKRotLimitOrder>
            <KeyFrames count="60">
                <i>1 0 0 0 1 0 0 0 1 0 0 0</i>
                <i>1 0 0 0 1 0 0 0 1 0 0 0</i>
                <i>1 0 0 0 1 0 0 0 1 0 0 0</i>
                <i>1 0 0 0 1 0 0 0 1 0 0 0</i>
                <i>1 0 0 0 1 0 0 0 1 0 0 0</i>
                <i>1 0 0 0 1 0 0 0 1 0 0 0</i>
                <i>1 0 0 0 1 0 0 0 1 0 0 0</i>
                <i>1 0 0 0 1 0 0 0 1 0 0 0</i>
                <i>1 0 0 0 1 0 0 0 1 0 0 0</i>
                <i>1 0 0 0 1 0 0 0 1 0 0 0</i>
                <i>1 0 0 0 1 0 0 0 1 0 0 0</i>
                <i>1 0 0 0 1 0 0 0 1 0 0 0</i>
                <i>1 0 0 0 1 0 0 0 1 0 0 0</i>
                <i>1 0 0 0 1 0 0 0 1 0 0 0</i>
                <i>1 0 0 0 1 0 0 0 1 0 0 0</i>
                <i>1 0 0 0 1 0 0 0 1 0 0 0</i>
                <i>1 0 0 0 1 0 0 0 1 0 0 0</i>
                <i>1 0 0 0 1 0 0 0 1 0 0 0</i>
                <i>1 0 0 0 1 0 0 0 1 0 0 0</i>
                <i>1 0 0 0 1 0 0 0 1 0 0 0</i>
                <i>1 0 0 0 1 0 0 0 1 0 0 0</i>
                <i>1 0 0 0 1 0 0 0 1 0 0 0</i>
                <i>1 0 0 0 1 0 0 0 1 0 0 0</i>
                <i>1 0 0 0 1 0 0 0 1 0 0 0</i>
                <i>1 0 0 0 1 0 0 0 1 0 0 0</i>
                <i>1 0 0 0 1 0 0 0 1 0 0 0</i>
                <i>1 0 0 0 1 0 0 0 1 0 0 0</i>
                <i>1 0 0 0 1 0 0 0 1 0 0 0</i>
                <i>1 0 0 0 1 0 0 0 1 0 0 0</i>
                <i>1 0 0 0 1 0 0 0 1 0 0 0</i>
                <i>1 0 0 0 1 0 0 0 1 0 0 0</i>
                <i>1 0 0 0 1 0 0 0 1 0 0 0</i>
                <i>1 0 0 0 1 0 0 0 1 0 0 0</i>
                <i>1 0 0 0 1 0 0 0 1 0 0 0</i>
                <i>1 0 0 0 1 0 0 0 1 0 0 0</i>
                <i>1 0 0 0 1 0 0 0 1 0 0 0</i>
                <i>1 0 0 0 1 0 0 0 1 0 0 0</i>
                <i>1 0 0 0 1 0 0 0 1 0 0 0</i>
                <i>1 0 0 0 1 0 0 0 1 0 0 0</i>
                <i>1 0 0 0 1 0 0 0 1 0 0 0</i>
                <i>1 0 0 0 1 0 0 0 1 0 0 0</i>
                <i>1 0 0 0 1 0 0 0 1 0 0 0</i>
                <i>1 0 0 0 1 0 0 0 1 0 0 0</i>
                <i>1 0 0 0 1 0 0 0 1 0 0 0</i>
                <i>1 0 0 0 1 0 0 0 1 0 0 0</i>
                <i>1 0 0 0 1 0 0 0 1 0 0 0</i>
                <i>1 0 0 0 1 0 0 0 1 0 0 0</i>
                <i>1 0 0 0 1 0 0 0 1 0 0 0</i>
                <i>1 0 0 0 1 0 0 0 1 0 0 0</i>
                <i>1 0 0 0 1 0 0 0 1 0 0 0</i>
                <i>1 0 0 0 1 0 0 0 1 0 0 0</i>
                <i>1 0 0 0 1 0 0 0 1 0 0 0</i>
                <i>1 0 0 0 1 0 0 0 1 0 0 0</i>
                <i>1 0 0 0 1 0 0 0 1 0 0 0</i>
                <i>1 0 0 0 1 0 0 0 1 0 0 0</i>
                <i>1 0 0 0 1 0 0 0 1 0 0 0</i>
                <i>1 0 0 0 1 0 0 0 1 0 0 0</i>
                <i>1 0 0 0 1 0 0 0 1 0 0 0</i>
                <i>1 0 0 0 1 0 0 0 1 0 0 0</i>
                <i>1 0 0 0 1 0 0 0 1 0 0 0</i>
            </KeyFrames>
        </RefFrame>
        <Bones count="23">
            <i>
                <p>
                    <Name>
                        <![CDATA[pelvis]]>
</Name>
                    <Exclude>1</Exclude>
                    <Additive>0</Additive>
                    <IKPriority>0</IKPriority>
                    <IKRotLimits>-1e+010 -1e+010 -1e+010 1e+010 1e+010 1e+010</IKRotLimits>
                    <IKRotLimitOrder>2</IKRotLimitOrder>
                    <KeyFrames count="60">
                        <i>1 0 0 0 1 0 0 0 1 -0.0476351 1.16992 0.0407553</i>
                        <i>1 0 0 0 1 0 0 0 1 -0.0476462 1.16992 0.0402711</i>
                        <i>1 0 0 0 1 0 0 0 1 -0.0477068 1.16993 0.0397659</i>
                        <i>1 0 0 0 1 0 0 0 1 -0.0478139 1.16995 0.0392461</i>
                        <i>1 0 0 0 1 0 0 0 1 -0.0479639 1.16998 0.038718</i>
                        <i>1 0 0 0 1 0 0 0 1 -0.0481538 1.17001 0.0381878</i>
                        <i>1 0 0 0 1 0 0 0 1 -0.0483802 1.17004 0.0376618</i>
                        <i>1 0 0 0 1 0 0 0 1 -0.0486398 1.17007 0.0371462</i>
                        <i>1 0 0 0 1 0 0 0 1 -0.0489294 1.1701 0.0366473</i>
                        <i>1 0 0 0 1 0 0 0 1 -0.0492457 1.17013 0.0361714</i>
                        <i>1 0 0 0 1 0 0 0 1 -0.0495854 1.17016 0.0357248</i>
                        <i>1 0 0 0 1 0 0 0 1 -0.0499452 1.17018 0.0353136</i>
                        <i>1 0 0 0 1 0 0 0 1 -0.0503219 1.17019 0.0349442</i>
                        <i>1 0 0 0 1 0 0 0 1 -0.0507121 1.17019 0.0346229</i>
                        <i>1 0 0 0 1 0 0 0 1 -0.0511126 1.17015 0.0343147</i>
                        <i>1 0 0 0 1 0 0 0 1 -0.0515202 1.17004 0.0339847</i>
                        <i>1 0 0 0 1 0 0 0 1 -0.0519315 1.16987 0.0336394</i>
                        <i>1 0 0 0 1 0 0 0 1 -0.0523432 1.16963 0.0332852</i>
                        <i>1 0 0 0 1 0 0 0 1 -0.0527522 1.16935 0.0329287</i>
                        <i>1 0 0 0 1 0 0 0 1 -0.053155 1.16901 0.0325763</i>
                        <i>1 0 0 0 1 0 0 0 1 -0.0535485 1.16864 0.0322344</i>
                        <i>1 0 0 0 1 0 0 0 1 -0.0539293 1.16824 0.0319096</i>
                        <i>1 0 0 0 1 0 0 0 1 -0.0542943 1.16781 0.0316082</i>
                        <i>1 0 0 0 1 0 0 0 1 -0.05464 1.16737 0.0313368</i>
                        <i>1 0 0 0 1 0 0 0 1 -0.0549632 1.16692 0.0311018</i>
                        <i>1 0 0 0 1 0 0 0 1 -0.0552607 1.16646 0.0309097</i>
                        <i>1 0 0 0 1 0 0 0 1 -0.0555292 1.166 0.0307669</i>
                        <i>1 0 0 0 1 0 0 0 1 -0.0557653 1.16555 0.03068</i>
                        <i>1 0 0 0 1 0 0 0 1 -0.0559659 1.16513 0.0306553</i>
                        <i>1 0 0 0 1 0 0 0 1 -0.0561275 1.16472 0.0306993</i>
                        <i>1 0 0 0 1 0 0 0 1 -0.0562471 1.16434 0.0308186</i>
                        <i>1 0 0 0 1 0 0 0 1 -0.0563212 1.164 0.0310195</i>
                        <i>1 0 0 0 1 0 0 0 1 -0.0563467 1.16371 0.0313085</i>
                        <i>1 0 0 0 1 0 0 0 1 -0.0563232 1.16345 0.0318058</i>
                        <i>1 0 0 0 1 0 0 0 1 -0.0562546 1.16323 0.0325923</i>
                        <i>1 0 0 0 1 0 0 0 1 -0.0561435 1.16306 0.0336156</i>
                        <i>1 0 0 0 1 0 0 0 1 -0.0559926 1.16296 0.0348234</i>
                        <i>1 0 0 0 1 0 0 0 1 -0.0558045 1.16293 0.0361632</i>
                        <i>1 0 0 0 1 0 0 0 1 -0.0555819 1.16299 0.0375827</i>
                        <i>1 0 0 0 1 0 0 0 1 -0.0553274 1.16315 0.0390295</i>
                        <i>1 0 0 0 1 0 0 0 1 -0.0550437 1.16351 0.0404513</i>
                        <i>1 0 0 0 1 0 0 0 1 -0.0547334 1.16408 0.0417956</i>
                        <i>1 0 0 0 1 0 0 0 1 -0.0543993 1.16477 0.0430101</i>
                        <i>1 0 0 0 1 0 0 0 1 -0.0540439 1.16547 0.0440424</i>
                        <i>1 0 0 0 1 0 0 0 1 -0.0536699 1.1661 0.0448402</i>
                        <i>1 0 0 0 1 0 0 0 1 -0.05328 1.16656 0.045351</i>
                        <i>1 0 0 0 1 0 0 0 1 -0.0528768 1.16688 0.0456074</i>
                        <i>1 0 0 0 1 0 0 0 1 -0.0524629 1.16718 0.0456909</i>
                        <i>1 0 0 0 1 0 0 0 1 -0.0520411 1.16746 0.0456221</i>
                        <i>1 0 0 0 1 0 0 0 1 -0.051614 1.16772 0.0454219</i>
                        <i>1 0 0 0 1 0 0 0 1 -0.0511843 1.16796 0.0451109</i>
                        <i>1 0 0 0 1 0 0 0 1 -0.0507545 1.16819 0.04471</i>
                        <i>1 0 0 0 1 0 0 0 1 -0.0503274 1.16841 0.0442399</i>
                        <i>1 0 0 0 1 0 0 0 1 -0.0499056 1.16862 0.0437213</i>
                        <i>1 0 0 0 1 0 0 0 1 -0.0494918 1.16883 0.0431751</i>
                        <i>1 0 0 0 1 0 0 0 1 -0.0490886 1.16904 0.0426219</i>
                        <i>1 0 0 0 1 0 0 0 1 -0.0486987 1.16925 0.0420826</i>
                        <i>1 0 0 0 1 0 0 0 1 -0.0483247 1.16946 0.0415779</i>
                        <i>1 0 0 0 1 0 0 0 1 -0.0479693 1.16968 0.0411285</i>
                        <i>1 0 0 0 1 0 0 0 1 -0.0476351 1.16992 0.0407553</i>
                    </KeyFrames>
                </p>
            </i>
            <i>
                <p>
                    <Name>
                        <![CDATA[spine0]]>
</Name>
                    <Exclude>0</Exclude>
                    <Additive>0</Additive>
                    <IKPriority>0</IKPriority>
                    <IKRotLimits>-1e+010 -1e+010 -1e+010 1e+010 1e+010 1e+010</IKRotLimits>
                    <IKRotLimitOrder>0</IKRotLimitOrder>
                    <KeyFrames count="60">
                        <i>-0.0189554 0.926788 0.375107 -0.531963 -0.327012 0.781076 0.846556 -0.184737 0.499215 -0.0676156 1.30578 0.0226388</i>
                        <i>-0.0187235 0.92732 0.373801 -0.532147 -0.325756 0.781475 0.846445 -0.184285 0.499569 -0.0676285 1.30579 0.0221725</i>
                        <i>-0.0185456 0.9279 0.372367 -0.532362 -0.324412 0.781887 0.846314 -0.183733 0.499995 -0.0676945 1.3058 0.0217192</i>
                        <i>-0.0184163 0.928511 0.370848 -0.532601 -0.323016 0.782302 0.846166 -0.183107 0.500475 -0.06781 1.30582 0.021282</i>
                        <i>-0.0183303 0.929134 0.369289 -0.532857 -0.321605 0.78271 0.846007 -0.182431 0.50099 -0.0679714 1.30584 0.0208642</i>
                        <i>-0.0182823 0.929752 0.367732 -0.533122 -0.320212 0.7831 0.845841 -0.181729 0.501525 -0.0681751 1.30586 0.020469</i>
                        <i>-0.0182672 0.93035 0.366217 -0.533389 -0.318871 0.783465 0.845673 -0.181024 0.502064 -0.0684176 1.30589 0.0200996</i>
                        <i>-0.0182797 0.930913 0.364784 -0.533654 -0.317614 0.783795 0.845506 -0.180341 0.502591 -0.0686952 1.30592 0.019759</i>
                        <i>-0.0183147 0.931425 0.363473 -0.533908 -0.316474 0.784083 0.845344 -0.179701 0.503092 -0.0690044 1.30594 0.0194507</i>
                        <i>-0.0183671 0.931872 0.362322 -0.534148 -0.31548 0.78432 0.845191 -0.179128 0.503552 -0.0693416 1.30596 0.0191776</i>
                        <i>-0.0184318 0.932241 0.361368 -0.534367 -0.314664 0.784499 0.845052 -0.178644 0.503958 -0.0697031 1.30598 0.0189431</i>
                        <i>-0.0185038 0.932518 0.36065 -0.53456 -0.314055 0.784612 0.844928 -0.178271 0.504298 -0.0700855 1.306 0.0187503</i>
                        <i>-0.0185781 0.932689 0.360204 -0.534722 -0.313683 0.78465 0.844824 -0.178032 0.504556 -0.070485 1.306 0.0186024</i>
                        <i>-0.0186496 0.932739 0.360068 -0.534847 -0.313578 0.784606 0.844743 -0.177949 0.504721 -0.0708981 1.306 0.0185025</i>
                        <i>-0.0187132 0.932656 0.360281 -0.534932 -0.313771 0.784471 0.844688 -0.178046 0.504779 -0.0713212 1.30595 0.0184127</i>
                        <i>-0.0187746 0.932491 0.360706 -0.534988 -0.314148 0.784283 0.844651 -0.178249 0.504769 -0.0717508 1.30583 0.0182951</i>
                        <i>-0.0188422 0.932305 0.361181 -0.535031 -0.314572 0.784083 0.844622 -0.178469 0.504739 -0.0721832 1.30565 0.0181529</i>
                        <i>-0.0189156 0.932101 0.361704 -0.53506 -0.315043 0.783874 0.844603 -0.178706 0.504689 -0.0726148 1.3054 0.0179897</i>
                        <i>-0.0189941 0.931877 0.362276 -0.535072 -0.31556 0.783658 0.844593 -0.178959 0.504616 -0.073042 1.30511 0.0178087</i>
                        <i>-0.0190772 0.931635 0.362894 -0.535068 -0.316123 0.783434 0.844594 -0.179227 0.504519 -0.0734613 1.30477 0.0176133</i>
                        <i>-0.0191645 0.931374 0.36356 -0.535044 -0.316732 0.783204 0.844607 -0.179511 0.504396 -0.073869 1.30439 0.017407</i>
                        <i>-0.0192553 0.931093 0.364273 -0.534999 -0.317387 0.78297 0.844633 -0.17981 0.504246 -0.0742616 1.30399 0.0171932</i>
                        <i>-0.0193492 0.930793 0.365034 -0.534936 -0.318087 0.782729 0.844671 -0.180124 0.504069 -0.0746354 1.30356 0.016975</i>
                        <i>-0.019446 0.930474 0.365841 -0.534854 -0.318832 0.782481 0.844721 -0.180456 0.503868 -0.0749867 1.30311 0.0167559</i>
                        <i>-0.0195452 0.930135 0.366697 -0.534754 -0.319623 0.782227 0.844782 -0.180804 0.503641 -0.075312 1.30266 0.0165391</i>
                        <i>-0.0196463 0.929779 0.367594 -0.534639 -0.320453 0.781966 0.844852 -0.181167 0.503392 -0.0756087 1.3022 0.0163386</i>
                        <i>-0.0197489 0.929408 0.368524 -0.534512 -0.321313 0.7817 0.84493 -0.181543 0.503126 -0.0758746 1.30174 0.0161711</i>
                        <i>-0.0198527 0.929025 0.369484 -0.534375 -0.322202 0.781428 0.845015 -0.181929 0.502844 -0.0761067 1.3013 0.0160439</i>
                        <i>-0.0199572 0.92863 0.370471 -0.534227 -0.323116 0.781151 0.845105 -0.182326 0.502548 -0.0763016 1.30087 0.0159645</i>
                        <i>-0.0200619 0.928224 0.371481 -0.53407 -0.324053 0.780871 0.845202 -0.182731 0.502237 -0.0764563 1.30047 0.0159404</i>
                        <i>-0.0201663 0.927808 0.372513 -0.533904 -0.325009 0.780587 0.845305 -0.183145 0.501914 -0.0765675 1.3001 0.015979</i>
                        <i>-0.0202701 0.927383 0.373563 -0.533729 -0.325982 0.780301 0.845412 -0.183565 0.501579 -0.0766321 1.29976 0.0160879</i>
                        <i>-0.0203727 0.926952 0.374627 -0.533548 -0.326967 0.780012 0.845525 -0.18399 0.501234 -0.076647 1.29947 0.0162744</i>
                        <i>-0.0204737 0.926515 0.375701 -0.533359 -0.327963 0.779723 0.845641 -0.18442 0.50088 -0.0766119 1.29922 0.0166597</i>
                        <i>-0.0205726 0.926074 0.376782 -0.533165 -0.328964 0.779435 0.845761 -0.184852 0.500517 -0.0765308 1.299 0.0173258</i>
                        <i>-0.0206689 0.92563 0.377865 -0.532965 -0.329968 0.779147 0.845885 -0.185285 0.500148 -0.0764065 1.29884 0.0182212</i>
                        <i>-0.0207621 0.925186 0.378947 -0.532761 -0.330969 0.778861 0.846011 -0.185717 0.499775 -0.0762416 1.29874 0.0192945</i>
                        <i>-0.0208517 0.924742 0.380022 -0.532555 -0.331965 0.778579 0.846139 -0.186148 0.499398 -0.076039 1.29871 0.0204945</i>
                        <i>-0.0209373 0.924302 0.381087 -0.532345 -0.33295 0.778301 0.846268 -0.186574 0.499019 -0.0758014 1.29878 0.0217697</i>
                        <i>-0.0210182 0.923867 0.382136 -0.532135 -0.33392 0.778029 0.846398 -0.186995 0.498641 -0.0755315 1.29895 0.0230686</i>
                        <i>-0.021094 0.92344 0.383164 -0.531925 -0.33487 0.777765 0.846528 -0.187408 0.498265 -0.0752323 1.29931 0.0243401</i>
                        <i>-0.0211641 0.923021 0.384166 -0.531717 -0.335795 0.777508 0.846658 -0.187812 0.497893 -0.0749062 1.29989 0.0255326</i>
                        <i>-0.0212279 0.922615 0.385137 -0.531511 -0.33669 0.777262 0.846786 -0.188205 0.497527 -0.0745563 1.30058 0.0265948</i>
                        <i>-0.021285 0.922224 0.386071 -0.531308 -0.33755 0.777027 0.846911 -0.188584 0.49717 -0.0741851 1.30129 0.0274753</i>
                        <i>-0.0213348 0.921849 0.386962 -0.531111 -0.33837 0.776806 0.847034 -0.188947 0.496823 -0.0737955 1.30193 0.0281227</i>
                        <i>-0.0213767 0.921493 0.387806 -0.530921 -0.339144 0.776598 0.847152 -0.189293 0.49649 -0.0733902 1.30239 0.0284857</i>
                        <i>-0.0214101 0.92116 0.388595 -0.530739 -0.339866 0.776407 0.847265 -0.18962 0.496172 -0.0729721 1.30272 0.0285978</i>
                        <i>-0.0214345 0.920851 0.389325 -0.530566 -0.340532 0.776233 0.847373 -0.189925 0.495871 -0.0725437 1.30302 0.0285414</i>
                        <i>-0.0214493 0.920569 0.38999 -0.530404 -0.341136 0.776078 0.847473 -0.190206 0.495591 -0.072108 1.3033 0.0283382</i>
                        <i>-0.0214031 0.920515 0.390121 -0.530318 -0.341243 0.77609 0.847528 -0.190277 0.49547 -0.0716676 1.30357 0.0280101</i>
                        <i>-0.0212526 0.920763 0.389544 -0.530334 -0.340679 0.776327 0.847522 -0.190089 0.495553 -0.0712254 1.30381 0.0275786</i>
                        <i>-0.0210157 0.921188 0.38855 -0.530415 -0.339706 0.776698 0.847478 -0.189769 0.495751 -0.070784 1.30404 0.0270657</i>
                        <i>-0.0207172 0.921755 0.38722 -0.530547 -0.338407 0.777175 0.847402 -0.189337 0.496045 -0.0703462 1.30427 0.026493</i>
                        <i>-0.0203821 0.922426 0.385636 -0.530719 -0.336868 0.777726 0.847303 -0.188812 0.496415 -0.0699149 1.30448 0.0258824</i>
                        <i>-0.0200349 0.923166 0.383879 -0.530919 -0.335171 0.778323 0.847186 -0.188215 0.496841 -0.0694927 1.30469 0.0252555</i>
                        <i>-0.0197 0.923941 0.382026 -0.531135 -0.333396 0.778937 0.847058 -0.187563 0.497305 -0.0690824 1.3049 0.0246341</i>
                        <i>-0.0194013 0.92472 0.380154 -0.531357 -0.33162 0.779543 0.846926 -0.186873 0.49779 -0.0686868 1.30511 0.02404</i>
                        <i>-0.0191622 0.925472 0.378332 -0.531575 -0.329918 0.780117 0.846794 -0.186163 0.49828 -0.0683087 1.30533 0.0234949</i>
                        <i>-0.0190059 0.92617 0.376628 -0.53178 -0.328359 0.780635 0.846669 -0.185447 0.498759 -0.0679507 1.30555 0.0230206</i>
                        <i>-0.0189554 0.926788 0.375107 -0.531963 -0.327012 0.781076 0.846556 -0.184737 0.499215 -0.0676156 1.30578 0.0226388</i>
                    </KeyFrames>
                </p>
            </i>
            <i>
                <p>
                    <Name>
                        <![CDATA[spine1]]>
</Name>
                    <Exclude>0</Exclude>
                    <Additive>0</Additive>
                    <IKPriority>0</IKPriority>
                    <IKRotLimits>-1e+010 -1e+010 -1e+010 1e+010 1e+010 1e+010</IKRotLimits>
                    <IKRotLimitOrder>0</IKRotLimitOrder>
                    <KeyFrames count="60">
                        <i>0.0412538 0.426963 0.903328 -0.724673 -0.609633 0.321241 0.687856 -0.66787 0.284259 -0.0912334 1.46801 0.0989623</i>
                        <i>0.0413094 0.430952 0.901429 -0.7246 -0.608259 0.324 0.68793 -0.66656 0.287141 -0.0912015 1.46823 0.0982881</i>
                        <i>0.0413735 0.435204 0.899381 -0.724537 -0.60676 0.326938 0.687993 -0.665161 0.290218 -0.0912317 1.46844 0.0975895</i>
                        <i>0.0414451 0.439628 0.897223 -0.724481 -0.605172 0.329992 0.688048 -0.663698 0.293421 -0.0913196 1.46863 0.0968793</i>
                        <i>0.0415228 0.44413 0.895 -0.724431 -0.603526 0.3331 0.688096 -0.662197 0.296681 -0.0914608 1.4688 0.0961704</i>
                        <i>0.0416052 0.448619 0.892754 -0.724385 -0.60186 0.3362 0.688139 -0.660686 0.299932 -0.0916508 1.46895 0.0954752</i>
                        <i>0.0416908 0.453003 0.890534 -0.724343 -0.600209 0.339229 0.688178 -0.659195 0.303107 -0.0918854 1.46908 0.0948058</i>
                        <i>0.041778 0.457193 0.888386 -0.724305 -0.598609 0.342126 0.688213 -0.657755 0.306138 -0.09216 1.46918 0.0941742</i>
                        <i>0.0418653 0.461097 0.886361 -0.724269 -0.597099 0.344829 0.688245 -0.6564 0.308961 -0.0924702 1.46926 0.0935918</i>
                        <i>0.0419509 0.464627 0.884512 -0.724237 -0.595719 0.347275 0.688274 -0.655165 0.311509 -0.0928117 1.46931 0.0930702</i>
                        <i>0.0420331 0.467692 0.882892 -0.724209 -0.594506 0.349405 0.688298 -0.654085 0.313718 -0.0931798 1.46932 0.0926203</i>
                        <i>0.0421102 0.470201 0.881554 -0.724187 -0.593502 0.351154 0.688317 -0.653197 0.315521 -0.0935703 1.4693 0.0922533</i>
                        <i>0.0421805 0.472064 0.880554 -0.724171 -0.592746 0.35246 0.688329 -0.652539 0.316853 -0.0939787 1.46924 0.0919801</i>
                        <i>0.0422421 0.473189 0.879948 -0.724163 -0.59228 0.35326 0.688334 -0.652148 0.317646 -0.0944005 1.46914 0.0918118</i>
                        <i>0.0422936 0.473481 0.879788 -0.724162 -0.592143 0.35349 0.688332 -0.652059 0.317833 -0.0948313 1.46897 0.0917182</i>
                        <i>0.0423342 0.47317 0.879953 -0.72417 -0.592246 0.353303 0.688321 -0.652192 0.317583 -0.0952685 1.4687 0.0916359</i>
                        <i>0.0423644 0.47255 0.880285 -0.724184 -0.59247 0.352898 0.688304 -0.652439 0.317113 -0.0957098 1.46836 0.0915383</i>
                        <i>0.042383 0.471629 0.880778 -0.724205 -0.592811 0.352281 0.688281 -0.652794 0.316431 -0.0961517 1.46796 0.0914286</i>
                        <i>0.0423895 0.470416 0.881426 -0.724232 -0.593268 0.351456 0.688252 -0.653255 0.315542 -0.0965906 1.46751 0.0913108</i>
                        <i>0.042383 0.468919 0.882224 -0.724265 -0.593835 0.350429 0.688218 -0.653816 0.314453 -0.0970227 1.46701 0.0911887</i>
                        <i>0.0423627 0.467145 0.883165 -0.724302 -0.59451 0.349205 0.68818 -0.654472 0.313169 -0.0974445 1.46647 0.0910664</i>
                        <i>0.0423281 0.465102 0.884245 -0.724344 -0.595289 0.347789 0.688138 -0.655218 0.311696 -0.0978523 1.4659 0.0909479</i>
                        <i>0.042278 0.462799 0.885455 -0.724389 -0.596168 0.346186 0.688094 -0.65605 0.310042 -0.0982424 1.46532 0.090837</i>
                        <i>0.0422119 0.460243 0.886789 -0.724437 -0.597142 0.3444 0.688047 -0.656961 0.308211 -0.0986112 1.46472 0.0907377</i>
                        <i>0.0421287 0.457443 0.88824 -0.724488 -0.598208 0.342439 0.687999 -0.657946 0.30621 -0.098955 1.46412 0.0906541</i>
                        <i>0.0420324 0.454436 0.889787 -0.724539 -0.599349 0.340328 0.687951 -0.658991 0.304065 -0.099271 1.46353 0.090598</i>
                        <i>0.0419278 0.451267 0.891404 -0.724591 -0.600545 0.338103 0.687903 -0.660079 0.301804 -0.0995569 1.46294 0.0905832</i>
                        <i>0.0418161 0.447955 0.893078 -0.724642 -0.601787 0.335777 0.687856 -0.661202 0.299443 -0.0998095 1.46236 0.0906166</i>
                        <i>0.0416981 0.444522 0.894797 -0.724691 -0.603067 0.333366 0.687811 -0.662352 0.296994 -0.100025 1.4618 0.0907054</i>
                        <i>0.0415748 0.440987 0.89655 -0.724739 -0.604376 0.330883 0.687768 -0.663521 0.294474 -0.100201 1.46127 0.0908563</i>
                        <i>0.0414474 0.437372 0.898325 -0.724784 -0.605705 0.328343 0.687728 -0.664701 0.291895 -0.100334 1.46078 0.0910763</i>
                        <i>0.0413166 0.433698 0.900111 -0.724827 -0.607046 0.325762 0.687691 -0.665883 0.289275 -0.100421 1.46033 0.0913722</i>
                        <i>0.0411835 0.429986 0.901896 -0.724866 -0.608392 0.323155 0.687658 -0.667062 0.286626 -0.100457 1.45992 0.0917509</i>
                        <i>0.041049 0.426257 0.90367 -0.724902 -0.609733 0.320537 0.687628 -0.66823 0.283966 -0.100444 1.45956 0.0923327</i>
                        <i>0.0409139 0.422534 0.905423 -0.724934 -0.611062 0.317922 0.687602 -0.669379 0.281308 -0.100384 1.45925 0.0931989</i>
                        <i>0.0407793 0.418838 0.907145 -0.724963 -0.612371 0.315327 0.68758 -0.670505 0.27867 -0.100281 1.45899 0.0942973</i>
                        <i>0.0406458 0.415191 0.908826 -0.724988 -0.613652 0.312767 0.687561 -0.671601 0.276066 -0.100138 1.45879 0.0955756</i>
                        <i>0.0405145 0.411615 0.910457 -0.72501 -0.614899 0.310257 0.687546 -0.67266 0.273513 -0.0999555 1.45868 0.0969815</i>
                        <i>0.0403861 0.408134 0.912028 -0.725029 -0.616104 0.307813 0.687533 -0.673678 0.271027 -0.0997379 1.45867 0.0984627</i>
                        <i>0.0402613 0.404768 0.913533 -0.725045 -0.617261 0.30545 0.687524 -0.67465 0.268623 -0.0994873 1.45876 0.0999668</i>
                        <i>0.0401411 0.40154 0.914961 -0.725058 -0.618361 0.303184 0.687517 -0.67557 0.266318 -0.0992064 1.45906 0.101441</i>
                        <i>0.0400261 0.398473 0.916306 -0.725069 -0.6194 0.30103 0.687512 -0.676434 0.264128 -0.0988978 1.45957 0.102834</i>
                        <i>0.0399171 0.395589 0.91756 -0.725078 -0.620369 0.299005 0.687509 -0.677238 0.26207 -0.0985641 1.46021 0.104092</i>
                        <i>0.0398148 0.392911 0.918714 -0.725086 -0.621264 0.297122 0.687506 -0.677977 0.260159 -0.098208 1.46087 0.105163</i>
                        <i>0.03972 0.390461 0.919762 -0.725093 -0.622077 0.295399 0.687505 -0.678646 0.258411 -0.0978322 1.46146 0.105994</i>
                        <i>0.0396334 0.38826 0.920697 -0.725099 -0.622802 0.293851 0.687503 -0.679243 0.256843 -0.0974391 1.46189 0.106533</i>
                        <i>0.0395556 0.386332 0.921511 -0.725105 -0.623434 0.292492 0.687501 -0.679763 0.255471 -0.0970314 1.46219 0.106811</i>
                        <i>0.0394874 0.384698 0.922198 -0.725112 -0.623967 0.291338 0.687498 -0.680201 0.25431 -0.0966118 1.46247 0.106911</i>
                        <i>0.0394295 0.38338 0.922749 -0.725119 -0.624393 0.290405 0.687494 -0.680553 0.253377 -0.0961828 1.46273 0.106853</i>
                        <i>0.0394219 0.382998 0.922908 -0.725121 -0.624514 0.290141 0.687492 -0.680658 0.2531 -0.0957371 1.46305 0.106578</i>
                        <i>0.0394888 0.384152 0.922425 -0.725108 -0.624143 0.290972 0.687502 -0.680348 0.253905 -0.095269 1.46344 0.106079</i>
                        <i>0.0396126 0.386728 0.921343 -0.725077 -0.623319 0.292808 0.687528 -0.679643 0.255716 -0.094785 1.46388 0.10543</i>
                        <i>0.0397817 0.390458 0.919761 -0.725032 -0.622118 0.295462 0.687565 -0.67861 0.258346 -0.0942925 1.46436 0.104664</i>
                        <i>0.0399847 0.395078 0.917777 -0.724977 -0.620614 0.298743 0.687612 -0.677312 0.261608 -0.0937991 1.46487 0.103818</i>
                        <i>0.0402102 0.400323 0.915492 -0.724914 -0.618883 0.302463 0.687665 -0.675815 0.265314 -0.0933123 1.46539 0.102927</i>
                        <i>0.0404463 0.405932 0.913008 -0.724848 -0.617003 0.306436 0.687721 -0.674186 0.269283 -0.0928394 1.46593 0.102024</i>
                        <i>0.0406811 0.411649 0.910434 -0.724784 -0.615054 0.310479 0.687774 -0.672498 0.273335 -0.0923878 1.46647 0.101144</i>
                        <i>0.0409024 0.417222 0.907884 -0.724728 -0.613119 0.314413 0.68782 -0.670828 0.277295 -0.0919648 1.467 0.100319</i>
                        <i>0.0410975 0.422408 0.905474 -0.724688 -0.611283 0.318058 0.687851 -0.669257 0.280991 -0.0915776 1.46752 0.0995812</i>
                        <i>0.0412538 0.426963 0.903328 -0.724673 -0.609633 0.321241 0.687856 -0.66787 0.284259 -0.0912334 1.46801 0.0989623</i>
                    </KeyFrames>
                </p>
            </i>
            <i>
                <p>
                    <Name>
                        <![CDATA[spine2]]>
</Name>
                    <Exclude>0</Exclude>
                    <Additive>0</Additive>
                    <IKPriority>0</IKPriority>
                    <IKRotLimits>-1e+010 -1e+010 -1e+010 1e+010 1e+010 1e+010</IKRotLimits>
                    <IKRotLimitOrder>0</IKRotLimitOrder>
                    <KeyFrames count="60">
                        <i>0.164729 0.35168 0.921513 -0.723887 -0.591495 0.355135 0.669964 -0.725572 0.15714 -0.079859 1.52628 0.260861</i>
                        <i>0.164499 0.355016 0.920274 -0.72383 -0.590362 0.35713 0.670082 -0.72487 0.159857 -0.0798302 1.52733 0.260016</i>
                        <i>0.164343 0.358584 0.918918 -0.723782 -0.589091 0.359321 0.670172 -0.724148 0.162724 -0.0798602 1.52839 0.259085</i>
                        <i>0.164251 0.362305 0.917473 -0.723741 -0.587714 0.361652 0.67024 -0.723414 0.165682 -0.0799452 1.52946 0.258089</i>
                        <i>0.164214 0.366101 0.915972 -0.723704 -0.586266 0.364067 0.670288 -0.722677 0.168675 -0.0800809 1.5305 0.257051</i>
                        <i>0.164225 0.369896 0.914444 -0.723671 -0.584782 0.366511 0.670321 -0.721947 0.171647 -0.0802634 1.5315 0.255993</i>
                        <i>0.164275 0.373611 0.912923 -0.723641 -0.583298 0.368928 0.670341 -0.721234 0.174539 -0.0804886 1.53245 0.254939</i>
                        <i>0.164353 0.377172 0.911443 -0.723613 -0.581849 0.371263 0.670353 -0.72055 0.177298 -0.0807523 1.53332 0.253909</i>
                        <i>0.164451 0.380502 0.91004 -0.723586 -0.580473 0.373462 0.670357 -0.719909 0.179867 -0.0810506 1.53409 0.252926</i>
                        <i>0.16456 0.383526 0.908751 -0.723563 -0.579205 0.375471 0.670356 -0.719326 0.182191 -0.0813793 1.53475 0.252013</i>
                        <i>0.164671 0.386168 0.907611 -0.723541 -0.578084 0.377236 0.670352 -0.718814 0.184215 -0.0817344 1.53528 0.251191</i>
                        <i>0.164773 0.388353 0.90666 -0.723524 -0.577146 0.378702 0.670345 -0.71839 0.185885 -0.0821117 1.53565 0.250483</i>
                        <i>0.164858 0.390007 0.905934 -0.723511 -0.57643 0.379816 0.670339 -0.718068 0.187145 -0.0825074 1.53586 0.249909</i>
                        <i>0.164915 0.391055 0.905472 -0.723502 -0.575974 0.380524 0.670334 -0.717865 0.187942 -0.0829171 1.53588 0.249493</i>
                        <i>0.164937 0.391421 0.90531 -0.723499 -0.575813 0.380772 0.670332 -0.717794 0.18822 -0.083337 1.53567 0.249215</i>
                        <i>0.164935 0.391239 0.905388 -0.723504 -0.575886 0.380655 0.670328 -0.717835 0.188079 -0.0837644 1.53524 0.248997</i>
                        <i>0.16493 0.390709 0.905618 -0.723515 -0.576098 0.380311 0.670316 -0.717954 0.187668 -0.0841975 1.53468 0.248793</i>
                        <i>0.164922 0.38985 0.90599 -0.723534 -0.576442 0.379754 0.670297 -0.718145 0.187002 -0.0846325 1.53401 0.248605</i>
                        <i>0.164912 0.388685 0.906492 -0.72356 -0.576907 0.378998 0.670273 -0.718403 0.186098 -0.0850662 1.53323 0.24844</i>
                        <i>0.164899 0.387232 0.907116 -0.723591 -0.577486 0.378056 0.670242 -0.718722 0.184971 -0.085495 1.53235 0.248301</i>
                        <i>0.164884 0.385514 0.907851 -0.723626 -0.57817 0.376941 0.670208 -0.719096 0.183637 -0.0859155 1.53139 0.248193</i>
                        <i>0.164867 0.38355 0.908685 -0.723666 -0.578948 0.375668 0.670169 -0.719519 0.182113 -0.0863241 1.53036 0.248121</i>
                        <i>0.164848 0.381362 0.909609 -0.723709 -0.579813 0.374249 0.670128 -0.719986 0.180414 -0.0867173 1.52927 0.248089</i>
                        <i>0.164828 0.37897 0.910612 -0.723753 -0.580756 0.372699 0.670084 -0.720489 0.178556 -0.0870918 1.52812 0.248103</i>
                        <i>0.164807 0.376394 0.911683 -0.723799 -0.581766 0.371029 0.67004 -0.721024 0.176554 -0.087444 1.52694 0.248165</i>
                        <i>0.164786 0.373655 0.912813 -0.723846 -0.582837 0.369254 0.669995 -0.721584 0.174426 -0.0877706 1.52573 0.248283</i>
                        <i>0.164764 0.370775 0.91399 -0.723892 -0.583958 0.367387 0.66995 -0.722163 0.172186 -0.0880683 1.52451 0.24846</i>
                        <i>0.164742 0.367774 0.915206 -0.723938 -0.585121 0.365443 0.669906 -0.722756 0.169851 -0.0883339 1.52327 0.248703</i>
                        <i>0.16472 0.364673 0.91645 -0.723981 -0.586317 0.363433 0.669864 -0.723358 0.167438 -0.0885637 1.52204 0.249016</i>
                        <i>0.164699 0.361493 0.917713 -0.724023 -0.587538 0.361373 0.669824 -0.723963 0.164962 -0.0887546 1.52082 0.249403</i>
                        <i>0.164678 0.358255 0.918986 -0.724062 -0.588774 0.359275 0.669787 -0.724567 0.162441 -0.088903 1.51963 0.24987</i>
                        <i>0.164658 0.354981 0.920259 -0.724098 -0.590019 0.357154 0.669753 -0.725166 0.15989 -0.0890055 1.51848 0.250422</i>
                        <i>0.164639 0.351692 0.921524 -0.724131 -0.591263 0.355024 0.669722 -0.725755 0.157326 -0.0890587 1.51737 0.251062</i>
                        <i>0.164622 0.348409 0.922773 -0.72416 -0.592499 0.352898 0.669695 -0.726331 0.154766 -0.0890624 1.5163 0.25191</i>
                        <i>0.164605 0.345155 0.923998 -0.724186 -0.593718 0.35079 0.669671 -0.726889 0.152228 -0.08902 1.51529 0.253045</i>
                        <i>0.16459 0.341951 0.925192 -0.724208 -0.594912 0.348715 0.669651 -0.727426 0.149727 -0.0889342 1.51433 0.254413</i>
                        <i>0.164576 0.338819 0.926346 -0.724227 -0.596074 0.346686 0.669635 -0.727941 0.147282 -0.0888074 1.51347 0.25596</i>
                        <i>0.164564 0.33578 0.927454 -0.724242 -0.597196 0.344719 0.669621 -0.728429 0.144909 -0.0886423 1.5127 0.257631</i>
                        <i>0.164553 0.332857 0.928509 -0.724253 -0.598271 0.342826 0.669612 -0.728888 0.142625 -0.0884412 1.51204 0.259373</i>
                        <i>0.164544 0.330072 0.929504 -0.724262 -0.59929 0.341022 0.669605 -0.729317 0.140449 -0.0882067 1.51152 0.261131</i>
                        <i>0.164536 0.327447 0.930434 -0.724268 -0.600247 0.339322 0.6696 -0.729714 0.138397 -0.0879414 1.51123 0.262851</i>
                        <i>0.164529 0.325004 0.931291 -0.724271 -0.601134 0.33774 0.669598 -0.730075 0.136487 -0.0876477 1.51119 0.264479</i>
                        <i>0.164523 0.322765 0.93207 -0.724273 -0.601945 0.336291 0.669598 -0.730401 0.134736 -0.0873282 1.51131 0.265961</i>
                        <i>0.164519 0.320753 0.932765 -0.724273 -0.60267 0.334988 0.669598 -0.730689 0.133162 -0.0869855 1.51149 0.267243</i>
                        <i>0.164515 0.31899 0.93337 -0.724272 -0.603305 0.333846 0.6696 -0.730937 0.131783 -0.0866219 1.51165 0.26827</i>
                        <i>0.164512 0.317498 0.933879 -0.724271 -0.60384 0.33288 0.669603 -0.731144 0.130615 -0.08624 1.51169 0.268989</i>
                        <i>0.16451 0.316299 0.934287 -0.724269 -0.60427 0.332103 0.669605 -0.731309 0.129677 -0.0858424 1.51165 0.269429</i>
                        <i>0.164509 0.315415 0.934586 -0.724268 -0.604586 0.331531 0.669607 -0.73143 0.128985 -0.0854315 1.51165 0.269671</i>
                        <i>0.164508 0.314869 0.93477 -0.724267 -0.604781 0.331177 0.669608 -0.731504 0.128557 -0.0850099 1.5117 0.269734</i>
                        <i>0.164508 0.314682 0.934833 -0.724266 -0.604847 0.331056 0.669609 -0.731529 0.128411 -0.0845662 1.51199 0.269566</i>
                        <i>0.164488 0.315418 0.934588 -0.724257 -0.604604 0.33152 0.669623 -0.731413 0.128994 -0.0840924 1.51267 0.269136</i>
                        <i>0.164437 0.317465 0.933904 -0.724232 -0.603923 0.332813 0.669663 -0.73109 0.130611 -0.0835968 1.51367 0.268491</i>
                        <i>0.164371 0.320577 0.932852 -0.724194 -0.602877 0.334786 0.66972 -0.730595 0.133065 -0.0830879 1.51494 0.267675</i>
                        <i>0.164305 0.324509 0.931503 -0.724146 -0.601538 0.337289 0.669788 -0.729963 0.136157 -0.082574 1.51642 0.266732</i>
                        <i>0.164253 0.329016 0.92993 -0.724092 -0.599978 0.340173 0.66986 -0.729229 0.139689 -0.0820636 1.51805 0.265706</i>
                        <i>0.164232 0.333853 0.928208 -0.724033 -0.598271 0.34329 0.669928 -0.728433 0.143466 -0.0815651 1.51976 0.264641</i>
                        <i>0.164255 0.338779 0.926418 -0.723977 -0.596491 0.346491 0.669983 -0.727618 0.147292 -0.081087 1.5215 0.26358</i>
                        <i>0.164336 0.343551 0.924644 -0.723929 -0.594716 0.349629 0.670016 -0.726833 0.150973 -0.0806377 1.52321 0.262568</i>
                        <i>0.164489 0.34793 0.922978 -0.723896 -0.593024 0.352559 0.670014 -0.726132 0.154319 -0.0802256 1.52482 0.261647</i>
                        <i>0.164729 0.35168 0.921513 -0.723887 -0.591495 0.355135 0.669964 -0.725572 0.15714 -0.079859 1.52628 0.260861</i>
                    </KeyFrames>
                </p>
            </i>
            <i>
                <p>
                    <Name>
                        <![CDATA[head]]>
</Name>
                    <Exclude>0</Exclude>
                    <Additive>0</Additive>
                    <IKPriority>0</IKPriority>
                    <IKRotLimits>-1e+010 -1e+010 -1e+010 1e+010 1e+010 1e+010</IKRotLimits>
                    <IKRotLimitOrder>0</IKRotLimitOrder>
                    <KeyFrames count="60">
                        <i>0.00968202 0.560625 0.828014 -0.208412 0.810999 -0.546667 -0.977993 -0.167275 0.124693 -0.0436749 1.6216 0.497823</i>
                        <i>0.00891071 0.565793 0.824499 -0.208363 0.807484 -0.551864 -0.978011 -0.166878 0.125085 -0.0436939 1.62354 0.496625</i>
                        <i>0.00803905 0.570346 0.821365 -0.208206 0.804344 -0.556489 -0.978052 -0.16654 0.125216 -0.0437555 1.62556 0.495308</i>
                        <i>0.00708273 0.574286 0.818624 -0.207958 0.801592 -0.560539 -0.978112 -0.16627 0.125105 -0.0438577 1.62761 0.493903</i>
                        <i>0.00605733 0.577614 0.816288 -0.207634 0.799239 -0.564009 -0.978188 -0.166072 0.124773 -0.0439982 1.62966 0.492441</i>
                        <i>0.00497854 0.580328 0.814368 -0.207245 0.797296 -0.566895 -0.978276 -0.165951 0.124239 -0.044175 1.63167 0.490953</i>
                        <i>0.00386221 0.582427 0.812874 -0.206803 0.795772 -0.569192 -0.978375 -0.165906 0.123521 -0.044386 1.6336 0.48947</i>
                        <i>0.00272386 0.583911 0.811813 -0.206317 0.794678 -0.570894 -0.978481 -0.165936 0.122635 -0.0446292 1.63541 0.488024</i>
                        <i>0.0015794 0.584775 0.811194 -0.205796 0.794021 -0.571994 -0.978594 -0.166037 0.121599 -0.0449026 1.63706 0.486648</i>
                        <i>0.000444504 0.585015 0.811022 -0.205249 0.793809 -0.572487 -0.97871 -0.166207 0.120426 -0.0452041 1.63852 0.485374</i>
                        <i>-0.000665152 0.584629 0.811301 -0.204681 0.794045 -0.572362 -0.978828 -0.166439 0.119134 -0.0455318 1.63975 0.484233</i>
                        <i>-0.00173394 0.583608 0.812034 -0.204101 0.794735 -0.571611 -0.978948 -0.166728 0.117737 -0.0458838 1.6407 0.483259</i>
                        <i>-0.0027463 0.581947 0.813222 -0.203516 0.79588 -0.570225 -0.979068 -0.167069 0.11625 -0.0462582 1.64135 0.482484</i>
                        <i>-0.00368677 0.579638 0.814866 -0.202933 0.797482 -0.568191 -0.979186 -0.167458 0.114687 -0.0466529 1.64164 0.481941</i>
                        <i>-0.00453995 0.576672 0.816963 -0.202361 0.799539 -0.565498 -0.979301 -0.167888 0.113066 -0.047066 1.64152 0.48162</i>
                        <i>-0.00526678 0.573232 0.819376 -0.201807 0.801919 -0.562316 -0.979411 -0.168318 0.111459 -0.0474921 1.64104 0.481427</i>
                        <i>-0.00582181 0.569559 0.82193 -0.201282 0.804453 -0.558875 -0.979516 -0.168693 0.109958 -0.047925 1.64034 0.481287</i>
                        <i>-0.00618021 0.565738 0.824562 -0.200795 0.807081 -0.555249 -0.979614 -0.168999 0.108609 -0.0483609 1.63944 0.481202</i>
                        <i>-0.00631721 0.561851 0.827215 -0.200359 0.809745 -0.551516 -0.979702 -0.169223 0.107456 -0.0487966 1.63836 0.481174</i>
                        <i>-0.00620777 0.557982 0.82983 -0.199984 0.812389 -0.54775 -0.979779 -0.169353 0.106545 -0.0492284 1.63711 0.481206</i>
                        <i>-0.00582699 0.554217 0.832352 -0.199685 0.814957 -0.544032 -0.979843 -0.169379 0.10592 -0.0496529 1.6357 0.481299</i>
                        <i>-0.00514987 0.550641 0.834726 -0.199474 0.817396 -0.540439 -0.979889 -0.16929 0.105629 -0.0500666 1.63416 0.481456</i>
                        <i>-0.00415133 0.547342 0.836899 -0.199365 0.819652 -0.537051 -0.979917 -0.169078 0.105718 -0.0504658 1.6325 0.481678</i>
                        <i>-0.00303569 0.544222 0.838936 -0.199328 0.821775 -0.533811 -0.979928 -0.168844 0.105984 -0.0508472 1.63073 0.481968</i>
