<?xml version="1.0" encoding="ISO-8859-1" ?>
<Animl Version="1">
    <ModellingPackage>
        <![CDATA[Maya.2010]]>
</ModellingPackage>
    <SrcFile>
        <![CDATA[anims\characters\shared\base_soldier\~src\infantry\idle_lax.mb]]>
</SrcFile>
    <FramesPerSecond>30</FramesPerSecond>
    <TotalFrames>60</TotalFrames>
    <Skeleton>
        <RefFrame>
            <Name>
                <![CDATA[soldier_ref_frame]]>
</Name>
            <Exclude>0</Exclude>
            <Additive>0</Additive>
            <IKPriority>0</IKPriority>
            <IKRotLimits>-1e+010 -1e+010 -1e+010 1e+010 1e+010 1e+010</IKRotLimits>
            <IKRotLimitOrder>0</IKRotLimitOrder>
            <KeyFrames count="60">
                <i>1 0 0 0 1 0 0 0 1 0 0 0</i>
                <i>1 0 0 0 1 0 0 0 1 0 0 0</i>
                <i>1 0 0 0 1 0 0 0 1 0 0 0</i>
                <i>1 0 0 0 1 0 0 0 1 0 0 0</i>
                <i>1 0 0 0 1 0 0 0 1 0 0 0</i>
                <i>1 0 0 0 1 0 0 0 1 0 0 0</i>
                <i>1 0 0 0 1 0 0 0 1 0 0 0</i>
                <i>1 0 0 0 1 0 0 0 1 0 0 0</i>
                <i>1 0 0 0 1 0 0 0 1 0 0 0</i>
                <i>1 0 0 0 1 0 0 0 1 0 0 0</i>
                <i>1 0 0 0 1 0 0 0 1 0 0 0</i>
                <i>1 0 0 0 1 0 0 0 1 0 0 0</i>
                <i>1 0 0 0 1 0 0 0 1 0 0 0</i>
                <i>1 0 0 0 1 0 0 0 1 0 0 0</i>
                <i>1 0 0 0 1 0 0 0 1 0 0 0</i>
                <i>1 0 0 0 1 0 0 0 1 0 0 0</i>
                <i>1 0 0 0 1 0 0 0 1 0 0 0</i>
                <i>1 0 0 0 1 0 0 0 1 0 0 0</i>
                <i>1 0 0 0 1 0 0 0 1 0 0 0</i>
                <i>1 0 0 0 1 0 0 0 1 0 0 0</i>
                <i>1 0 0 0 1 0 0 0 1 0 0 0</i>
                <i>1 0 0 0 1 0 0 0 1 0 0 0</i>
                <i>1 0 0 0 1 0 0 0 1 0 0 0</i>
                <i>1 0 0 0 1 0 0 0 1 0 0 0</i>
                <i>1 0 0 0 1 0 0 0 1 0 0 0</i>
                <i>1 0 0 0 1 0 0 0 1 0 0 0</i>
                <i>1 0 0 0 1 0 0 0 1 0 0 0</i>
                <i>1 0 0 0 1 0 0 0 1 0 0 0</i>
                <i>1 0 0 0 1 0 0 0 1 0 0 0</i>
                <i>1 0 0 0 1 0 0 0 1 0 0 0</i>
                <i>1 0 0 0 1 0 0 0 1 0 0 0</i>
                <i>1 0 0 0 1 0 0 0 1 0 0 0</i>
                <i>1 0 0 0 1 0 0 0 1 0 0 0</i>
                <i>1 0 0 0 1 0 0 0 1 0 0 0</i>
                <i>1 0 0 0 1 0 0 0 1 0 0 0</i>
                <i>1 0 0 0 1 0 0 0 1 0 0 0</i>
                <i>1 0 0 0 1 0 0 0 1 0 0 0</i>
                <i>1 0 0 0 1 0 0 0 1 0 0 0</i>
                <i>1 0 0 0 1 0 0 0 1 0 0 0</i>
                <i>1 0 0 0 1 0 0 0 1 0 0 0</i>
                <i>1 0 0 0 1 0 0 0 1 0 0 0</i>
                <i>1 0 0 0 1 0 0 0 1 0 0 0</i>
                <i>1 0 0 0 1 0 0 0 1 0 0 0</i>
                <i>1 0 0 0 1 0 0 0 1 0 0 0</i>
                <i>1 0 0 0 1 0 0 0 1 0 0 0</i>
                <i>1 0 0 0 1 0 0 0 1 0 0 0</i>
                <i>1 0 0 0 1 0 0 0 1 0 0 0</i>
                <i>1 0 0 0 1 0 0 0 1 0 0 0</i>
                <i>1 0 0 0 1 0 0 0 1 0 0 0</i>
                <i>1 0 0 0 1 0 0 0 1 0 0 0</i>
                <i>1 0 0 0 1 0 0 0 1 0 0 0</i>
                <i>1 0 0 0 1 0 0 0 1 0 0 0</i>
                <i>1 0 0 0 1 0 0 0 1 0 0 0</i>
                <i>1 0 0 0 1 0 0 0 1 0 0 0</i>
                <i>1 0 0 0 1 0 0 0 1 0 0 0</i>
                <i>1 0 0 0 1 0 0 0 1 0 0 0</i>
                <i>1 0 0 0 1 0 0 0 1 0 0 0</i>
                <i>1 0 0 0 1 0 0 0 1 0 0 0</i>
                <i>1 0 0 0 1 0 0 0 1 0 0 0</i>
                <i>1 0 0 0 1 0 0 0 1 0 0 0</i>
            </KeyFrames>
        </RefFrame>
        <Bones count="23">
            <i>
                <p>
                    <Name>
                        <![CDATA[pelvis]]>
</Name>
                    <Exclude>0</Exclude>
                    <Additive>0</Additive>
                    <IKPriority>0</IKPriority>
                    <IKRotLimits>-1e+010 -1e+010 -1e+010 1e+010 1e+010 1e+010</IKRotLimits>
                    <IKRotLimitOrder>2</IKRotLimitOrder>
                    <KeyFrames count="60">
                        <i>1 0 0 0 1 0 0 0 1 -0.0476351 1.16992 0.0220958</i>
                        <i>1 0 0 0 1 0 0 0 1 -0.0476462 1.16992 0.0215767</i>
                        <i>1 0 0 0 1 0 0 0 1 -0.0477068 1.16993 0.0210344</i>
                        <i>1 0 0 0 1 0 0 0 1 -0.0478139 1.16995 0.0204758</i>
                        <i>1 0 0 0 1 0 0 0 1 -0.0479639 1.16998 0.019908</i>
                        <i>1 0 0 0 1 0 0 0 1 -0.0481538 1.17001 0.0193378</i>
                        <i>1 0 0 0 1 0 0 0 1 -0.0483802 1.17004 0.0187722</i>
                        <i>1 0 0 0 1 0 0 0 1 -0.0486398 1.17007 0.0182183</i>
                        <i>1 0 0 0 1 0 0 0 1 -0.0489294 1.1701 0.017683</i>
                        <i>1 0 0 0 1 0 0 0 1 -0.0492457 1.17013 0.0171732</i>
                        <i>1 0 0 0 1 0 0 0 1 -0.0495854 1.17016 0.0166959</i>
                        <i>1 0 0 0 1 0 0 0 1 -0.0499452 1.17018 0.0162582</i>
                        <i>1 0 0 0 1 0 0 0 1 -0.0503219 1.17019 0.0158669</i>
                        <i>1 0 0 0 1 0 0 0 1 -0.0507121 1.17019 0.0155291</i>
                        <i>1 0 0 0 1 0 0 0 1 -0.0511126 1.17015 0.0152086</i>
                        <i>1 0 0 0 1 0 0 0 1 -0.0515202 1.17004 0.0148691</i>
                        <i>1 0 0 0 1 0 0 0 1 -0.0519315 1.16987 0.0145166</i>
                        <i>1 0 0 0 1 0 0 0 1 -0.0523432 1.16963 0.0141575</i>
                        <i>1 0 0 0 1 0 0 0 1 -0.0527522 1.16935 0.013798</i>
                        <i>1 0 0 0 1 0 0 0 1 -0.053155 1.16901 0.0134443</i>
                        <i>1 0 0 0 1 0 0 0 1 -0.0535485 1.16864 0.0131026</i>
                        <i>1 0 0 0 1 0 0 0 1 -0.0539293 1.16824 0.0127793</i>
                        <i>1 0 0 0 1 0 0 0 1 -0.0542943 1.16781 0.0124805</i>
                        <i>1 0 0 0 1 0 0 0 1 -0.05464 1.16737 0.0122125</i>
                        <i>1 0 0 0 1 0 0 0 1 -0.0549632 1.16692 0.0119815</i>
                        <i>1 0 0 0 1 0 0 0 1 -0.0552607 1.16646 0.0117937</i>
                        <i>1 0 0 0 1 0 0 0 1 -0.0555292 1.166 0.0116555</i>
                        <i>1 0 0 0 1 0 0 0 1 -0.0557653 1.16555 0.0115729</i>
                        <i>1 0 0 0 1 0 0 0 1 -0.0559659 1.16513 0.0115524</i>
                        <i>1 0 0 0 1 0 0 0 1 -0.0561275 1.16472 0.0116</i>
                        <i>1 0 0 0 1 0 0 0 1 -0.0562471 1.16434 0.0117221</i>
                        <i>1 0 0 0 1 0 0 0 1 -0.0563212 1.164 0.0119249</i>
                        <i>1 0 0 0 1 0 0 0 1 -0.0563467 1.16371 0.0122146</i>
                        <i>1 0 0 0 1 0 0 0 1 -0.0563232 1.16345 0.0127108</i>
                        <i>1 0 0 0 1 0 0 0 1 -0.0562546 1.16323 0.0134943</i>
                        <i>1 0 0 0 1 0 0 0 1 -0.0561435 1.16306 0.0145132</i>
                        <i>1 0 0 0 1 0 0 0 1 -0.0559926 1.16296 0.0157158</i>
                        <i>1 0 0 0 1 0 0 0 1 -0.0558045 1.16293 0.0170503</i>
                        <i>1 0 0 0 1 0 0 0 1 -0.0555819 1.16299 0.0184648</i>
                        <i>1 0 0 0 1 0 0 0 1 -0.0553274 1.16315 0.0199077</i>
                        <i>1 0 0 0 1 0 0 0 1 -0.0550437 1.16351 0.021327</i>
                        <i>1 0 0 0 1 0 0 0 1 -0.0547334 1.16408 0.0226709</i>
                        <i>1 0 0 0 1 0 0 0 1 -0.0543993 1.16477 0.0238877</i>
                        <i>1 0 0 0 1 0 0 0 1 -0.0540439 1.16547 0.0249255</i>
                        <i>1 0 0 0 1 0 0 0 1 -0.0536699 1.1661 0.0257326</i>
                        <i>1 0 0 0 1 0 0 0 1 -0.05328 1.16656 0.0262571</i>
                        <i>1 0 0 0 1 0 0 0 1 -0.0528768 1.16688 0.0265317</i>
                        <i>1 0 0 0 1 0 0 0 1 -0.0524629 1.16718 0.0266372</i>
                        <i>1 0 0 0 1 0 0 0 1 -0.0520411 1.16746 0.0265937</i>
                        <i>1 0 0 0 1 0 0 0 1 -0.051614 1.16772 0.0264217</i>
                        <i>1 0 0 0 1 0 0 0 1 -0.0511843 1.16796 0.0261413</i>
                        <i>1 0 0 0 1 0 0 0 1 -0.0507545 1.16819 0.025773</i>
                        <i>1 0 0 0 1 0 0 0 1 -0.0503274 1.16841 0.0253371</i>
                        <i>1 0 0 0 1 0 0 0 1 -0.0499056 1.16862 0.0248537</i>
                        <i>1 0 0 0 1 0 0 0 1 -0.0494918 1.16883 0.0243433</i>
                        <i>1 0 0 0 1 0 0 0 1 -0.0490886 1.16904 0.0238261</i>
                        <i>1 0 0 0 1 0 0 0 1 -0.0486987 1.16925 0.0233225</i>
                        <i>1 0 0 0 1 0 0 0 1 -0.0483247 1.16946 0.0228527</i>
                        <i>1 0 0 0 1 0 0 0 1 -0.0479693 1.16968 0.022437</i>
                        <i>1 0 0 0 1 0 0 0 1 -0.0476351 1.16992 0.0220958</i>
                    </KeyFrames>
                </p>
            </i>
            <i>
                <p>
                    <Name>
                        <![CDATA[spine0]]>
</Name>
                    <Exclude>0</Exclude>
                    <Additive>0</Additive>
                    <IKPriority>0</IKPriority>
                    <IKRotLimits>-1e+010 -1e+010 -1e+010 1e+010 1e+010 1e+010</IKRotLimits>
                    <IKRotLimitOrder>0</IKRotLimitOrder>
                    <KeyFrames count="60">
                        <i>-0.0140691 0.9984 0.0547595 -0.547775 -0.0535116 0.834912 0.836507 -0.0182494 0.547652 -0.0676156 1.30556 -0.00715002</i>
                        <i>-0.0131773 0.998464 0.0538058 -0.547784 -0.0522257 0.834988 0.836516 -0.0184711 0.547631 -0.0676285 1.30556 -0.00765114</i>
                        <i>-0.0122677 0.998527 0.0528439 -0.547797 -0.050923 0.83506 0.836522 -0.0187034 0.547615 -0.0676945 1.30558 -0.00814164</i>
                        <i>-0.0113565 0.998588 0.0518932 -0.547811 -0.0496288 0.835129 0.836525 -0.0189435 0.547601 -0.06781 1.3056 -0.00861761</i>
                        <i>-0.0104598 0.998645 0.0509732 -0.547828 -0.0483681 0.835192 0.836526 -0.0191886 0.547591 -0.0679714 1.30563 -0.00907517</i>
                        <i>-0.00959353 0.998698 0.0501035 -0.547844 -0.0471661 0.83525 0.836525 -0.0194359 0.547584 -0.0681751 1.30566 -0.00951039</i>
                        <i>-0.00877375 0.998745 0.0493032 -0.547861 -0.0460476 0.835301 0.836523 -0.0196826 0.547578 -0.0684176 1.3057 -0.0099194</i>
                        <i>-0.0080165 0.998787 0.0485918 -0.547878 -0.0450377 0.835345 0.83652 -0.0199259 0.547574 -0.0686952 1.30574 -0.0102983</i>
                        <i>-0.00733784 0.998821 0.0479886 -0.547894 -0.0441612 0.835382 0.836516 -0.0201628 0.547572 -0.0690044 1.30577 -0.0106431</i>
                        <i>-0.00675386 0.998848 0.0475129 -0.547908 -0.0434433 0.83541 0.836511 -0.0203905 0.54757 -0.0693416 1.30581 -0.01095</i>
                        <i>-0.00628066 0.998866 0.047184 -0.547921 -0.0429088 0.835429 0.836506 -0.0206061 0.54757 -0.0697031 1.30584 -0.0112151</i>
                        <i>-0.00593444 0.998876 0.0470213 -0.547934 -0.0425829 0.835437 0.836501 -0.0208067 0.54757 -0.0700855 1.30586 -0.0114345</i>
                        <i>-0.0057314 0.998876 0.0470443 -0.547944 -0.0424907 0.835435 0.836495 -0.0209894 0.547572 -0.070485 1.30588 -0.0116043</i>
                        <i>-0.00568784 0.998866 0.0472723 -0.547954 -0.0426573 0.83542 0.836489 -0.0211513 0.547575 -0.0708981 1.30589 -0.0117205</i>
                        <i>-0.00582011 0.998844 0.0477252 -0.547963 -0.0431082 0.835391 0.836482 -0.0212896 0.54758 -0.0713212 1.30586 -0.0118224</i>
                        <i>-0.0060796 0.998814 0.048302 -0.54797 -0.0437326 0.835354 0.836476 -0.0213895 0.547587 -0.0717508 1.30575 -0.0119495</i>
                        <i>-0.0064041 0.998784 0.048888 -0.547975 -0.0444002 0.835315 0.83647 -0.02144 0.547593 -0.0721832 1.30558 -0.0120987</i>
                        <i>-0.00678956 0.998752 0.0494813 -0.547978 -0.0451074 0.835276 0.836465 -0.0214435 0.5476 -0.0726148 1.30535 -0.0122668</i>
                        <i>-0.00723191 0.998719 0.0500803 -0.547977 -0.0458505 0.835236 0.836462 -0.0214025 0.547607 -0.073042 1.30507 -0.0124507</i>
                        <i>-0.0077271 0.998685 0.0506832 -0.547974 -0.0466259 0.835195 0.83646 -0.0213194 0.547613 -0.0734613 1.30474 -0.0126472</i>
                        <i>-0.00827106 0.99865 0.0512884 -0.547967 -0.04743 0.835154 0.836459 -0.0211967 0.547619 -0.073869 1.30437 -0.0128532</i>
                        <i>-0.00885972 0.998613 0.051894 -0.547956 -0.0482591 0.835114 0.83646 -0.0210368 0.547624 -0.0742616 1.30397 -0.0130654</i>
                        <i>-0.00948913 0.998576 0.0524986 -0.547945 -0.0491096 0.835071 0.83646 -0.0208423 0.547631 -0.0746354 1.30354 -0.013281</i>
                        <i>-0.0101553 0.998538 0.0531007 -0.547937 -0.049978 0.835026 0.836458 -0.0206158 0.547643 -0.0749867 1.3031 -0.0134967</i>
                        <i>-0.0108543 0.998498 0.0536985 -0.547931 -0.0508608 0.834976 0.836453 -0.02036 0.54766 -0.075312 1.30265 -0.0137094</i>
                        <i>-0.0115822 0.998458 0.0542928 -0.547928 -0.0517563 0.834923 0.836446 -0.0200783 0.547682 -0.0756087 1.30219 -0.0139055</i>
                        <i>-0.0123351 0.998416 0.0548847 -0.547924 -0.0526636 0.834868 0.836437 -0.0197744 0.547706 -0.0758746 1.30173 -0.0140686</i>
                        <i>-0.0131093 0.998374 0.0554734 -0.547921 -0.0535798 0.834812 0.836427 -0.0194513 0.547733 -0.0761067 1.30128 -0.0141914</i>
                        <i>-0.0139005 0.998331 0.0560581 -0.547918 -0.0545021 0.834755 0.836417 -0.0191117 0.547761 -0.0763016 1.30085 -0.0142667</i>
                        <i>-0.0147048 0.998286 0.056638 -0.547914 -0.0554275 0.834696 0.836405 -0.0187587 0.54779 -0.0764563 1.30045 -0.0142873</i>
                        <i>-0.0155183 0.998241 0.0572123 -0.54791 -0.0563533 0.834637 0.836393 -0.0183951 0.547821 -0.0765675 1.30007 -0.0142458</i>
                        <i>-0.0163368 0.998196 0.0577802 -0.547905 -0.0572764 0.834577 0.836381 -0.0180238 0.547852 -0.0766321 1.29973 -0.0141352</i>
                        <i>-0.0171563 0.998149 0.0583408 -0.547899 -0.058194 0.834518 0.836368 -0.0176477 0.547884 -0.076647 1.29943 -0.0139481</i>
                        <i>-0.0179727 0.998102 0.0588932 -0.547893 -0.0591032 0.834458 0.836355 -0.0172697 0.547916 -0.0766119 1.29917 -0.0135639</i>
                        <i>-0.0187821 0.998055 0.0594366 -0.547886 -0.0600009 0.834399 0.836342 -0.0168928 0.547947 -0.0765308 1.29895 -0.012901</i>
                        <i>-0.0195802 0.998008 0.0599701 -0.547877 -0.0608843 0.83434 0.836329 -0.0165197 0.547978 -0.0764065 1.29878 -0.0120101</i>
                        <i>-0.0203631 0.997961 0.0604928 -0.547868 -0.0617503 0.834283 0.836317 -0.0161535 0.548008 -0.0762416 1.29867 -0.0109419</i>
                        <i>-0.0211267 0.997914 0.0610037 -0.547858 -0.0625959 0.834226 0.836305 -0.0157969 0.548037 -0.076039 1.29864 -0.0097474</i>
                        <i>-0.0218668 0.997867 0.0615018 -0.547846 -0.063418 0.834172 0.836293 -0.0154529 0.548065 -0.0758014 1.2987 -0.00847726</i>
                        <i>-0.0225794 0.997822 0.0619864 -0.547834 -0.0642137 0.834119 0.836282 -0.0151243 0.54809 -0.0755315 1.29886 -0.00718234</i>
                        <i>-0.0232603 0.997777 0.0624562 -0.54782 -0.0649797 0.834069 0.836273 -0.014814 0.548114 -0.0752323 1.29921 -0.00591344</i>
                        <i>-0.0239055 0.997733 0.0629103 -0.547806 -0.0657131 0.834021 0.836264 -0.014525 0.548135 -0.0749062 1.29978 -0.00472137</i>
                        <i>-0.0245108 0.99769 0.0633477 -0.547791 -0.0664106 0.833975 0.836256 -0.0142599 0.548153 -0.0745563 1.30046 -0.00365694</i>
                        <i>-0.025072 0.99765 0.0637674 -0.547775 -0.0670692 0.833933 0.83625 -0.0140218 0.548169 -0.0741851 1.30116 -0.00277096</i>
                        <i>-0.0255852 0.997611 0.0641682 -0.547759 -0.0676857 0.833894 0.836245 -0.0138134 0.548182 -0.0737955 1.30179 -0.00211423</i>
                        <i>-0.026046 0.997575 0.0645492 -0.547742 -0.0682569 0.833858 0.836241 -0.0136377 0.548192 -0.0733902 1.30224 -0.00173757</i>
                        <i>-0.0264504 0.997541 0.0649091 -0.547726 -0.0687796 0.833826 0.83624 -0.0134974 0.548198 -0.0729721 1.30256 -0.00160732</i>
                        <i>-0.0267943 0.997509 0.065247 -0.54771 -0.0692508 0.833798 0.836239 -0.0133954 0.548201 -0.0725437 1.30286 -0.00164178</i>
                        <i>-0.0270736 0.997481 0.0655618 -0.547694 -0.0696672 0.833773 0.836241 -0.0133346 0.5482 -0.072108 1.30313 -0.00181964</i>
                        <i>-0.027075 0.997487 0.0654679 -0.547684 -0.0695897 0.833786 0.836247 -0.013281 0.548192 -0.0716676 1.30338 -0.0021196</i>
                        <i>-0.0265714 0.997537 0.0649129 -0.547683 -0.0688498 0.833848 0.836264 -0.0133952 0.548164 -0.0712254 1.30362 -0.00252038</i>
                        <i>-0.0255939 0.997609 0.0641961 -0.547688 -0.067715 0.833938 0.836291 -0.0138156 0.548111 -0.070784 1.30385 -0.00300067</i>
                        <i>-0.0242543 0.997698 0.0633355 -0.547696 -0.0662615 0.83405 0.836326 -0.0144594 0.548042 -0.0703462 1.30406 -0.00353917</i>
                        <i>-0.0226641 0.997797 0.0623493 -0.547707 -0.0645657 0.834175 0.836363 -0.0152433 0.547964 -0.0699149 1.30427 -0.0041146</i>
                        <i>-0.0209348 0.997903 0.0612551 -0.547719 -0.0627036 0.834309 0.8364 -0.0160845 0.547883 -0.0694927 1.30448 -0.00470566</i>
                        <i>-0.0191775 0.99801 0.0600706 -0.547732 -0.0607507 0.834445 0.836434 -0.0169 0.547807 -0.0690824 1.30468 -0.00529105</i>
                        <i>-0.0175026 0.998116 0.0588126 -0.547744 -0.0587815 0.834578 0.836463 -0.017607 0.547741 -0.0686868 1.30489 -0.00584948</i>
                        <i>-0.0160202 0.998217 0.0574976 -0.547756 -0.05687 0.834703 0.836485 -0.0181226 0.54769 -0.0683087 1.3051 -0.00635965</i>
                        <i>-0.0148394 0.998313 0.0561414 -0.547766 -0.0550892 0.834816 0.8365 -0.0183642 0.547659 -0.0679507 1.30532 -0.00680026</i>
                        <i>-0.0140691 0.9984 0.0547595 -0.547775 -0.0535116 0.834912 0.836507 -0.0182494 0.547652 -0.0676156 1.30556 -0.00715002</i>
                    </KeyFrames>
                </p>
            </i>
            <i>
                <p>
                    <Name>
                        <![CDATA[spine1]]>
</Name>
                    <Exclude>0</Exclude>
                    <Additive>0</Additive>
                    <IKPriority>0</IKPriority>
                    <IKRotLimits>-1e+010 -1e+010 -1e+010 1e+010 1e+010 1e+010</IKRotLimits>
                    <IKRotLimitOrder>0</IKRotLimitOrder>
                    <KeyFrames count="60">
                        <i>0.0341236 0.96309 0.267009 -0.752579 -0.151033 0.640948 0.657618 -0.222817 0.719647 -0.090014 1.47795 0.0065066</i>
                        <i>0.0352396 0.96404 0.263412 -0.752547 -0.147836 0.64173 0.657595 -0.220844 0.720276 -0.0898567 1.47809 0.00582754</i>
                        <i>0.0365548 0.965024 0.259601 -0.752516 -0.14435 0.64256 0.657559 -0.218843 0.720919 -0.0897483 1.47822 0.00515616</i>
                        <i>0.0380221 0.966021 0.255651 -0.752482 -0.140659 0.643418 0.657515 -0.216836 0.721565 -0.0896887 1.47834 0.00450028</i>
                        <i>0.0395948 0.967013 0.251632 -0.752444 -0.136844 0.644284 0.657465 -0.214849 0.722204 -0.0896773 1.47844 0.00386774</i>
                        <i>0.041226 0.96798 0.247618 -0.752401 -0.132988 0.645141 0.657414 -0.212905 0.722827 -0.0897137 1.47853 0.00326634</i>
                        <i>0.0428688 0.968907 0.243682 -0.752354 -0.129175 0.64597 0.657363 -0.211027 0.723424 -0.0897976 1.47862 0.00270385</i>
                        <i>0.0444764 0.969779 0.239898 -0.752303 -0.125488 0.646756 0.657314 -0.209241 0.723986 -0.0899285 1.47869 0.00218803</i>
                        <i>0.0460016 0.970581 0.236339 -0.752249 -0.12201 0.647483 0.657271 -0.207571 0.724506 -0.090106 1.47874 0.00172662</i>
                        <i>0.0473975 0.971302 0.23308 -0.752195 -0.118826 0.648138 0.657234 -0.206041 0.724976 -0.0903297 1.47878 0.00132734</i>
                        <i>0.0486166 0.971929 0.230195 -0.752143 -0.116019 0.648707 0.657205 -0.204677 0.725389 -0.0905992 1.47881 0.000997889</i>
                        <i>0.0496118 0.972453 0.227759 -0.752095 -0.113675 0.649177 0.657185 -0.203503 0.725737 -0.090914 1.47882 0.000745964</i>
                        <i>0.0503353 0.972861 0.225848 -0.752055 -0.111878 0.649536 0.657176 -0.202545 0.726014 -0.0912736 1.47881 0.000579248</i>
                        <i>0.0507396 0.973144 0.224537 -0.752026 -0.110713 0.649769 0.657178 -0.201827 0.726211 -0.0916777 1.47878 0.000505441</i>
                        <i>0.0507767 0.973288 0.223903 -0.75201 -0.110267 0.649863 0.657193 -0.201375 0.726323 -0.0921259 1.4787 0.000489221</i>
                        <i>0.0505685 0.973327 0.22378 -0.752004 -0.110341 0.649858 0.657216 -0.201146 0.726366 -0.092605 1.47854 0.000471453</i>
                        <i>0.0502711 0.973302 0.223954 -0.752002 -0.110676 0.649803 0.657241 -0.20108 0.726362 -0.0930994 1.47831 0.000433034</i>
                        <i>0.0498882 0.973215 0.22442 -0.752005 -0.111269 0.649698 0.657266 -0.201177 0.726312 -0.0936049 1.47801 0.000376806</i>
                        <i>0.0494233 0.973064 0.225177 -0.752013 -0.112115 0.649543 0.657292 -0.201439 0.726216 -0.0941169 1.47766 0.000305616</i>
                        <i>0.04888 0.972848 0.226222 -0.752026 -0.11321 0.649339 0.657319 -0.201865 0.726073 -0.0946312 1.47725 0.000222312</i>
                        <i>0.0482619 0.972569 0.227553 -0.752043 -0.114548 0.649084 0.657345 -0.202456 0.725885 -0.0951432 1.4768 0.000129749</i>
                        <i>0.0475728 0.972224 0.229167 -0.752064 -0.116127 0.64878 0.657371 -0.203212 0.72565 -0.0956487 1.47632 3.07658e-005</i>
                        <i>0.046816 0.971812 0.231061 -0.752089 -0.11794 0.648423 0.657397 -0.204135 0.725368 -0.0961432 1.47581 -7.18558e-005</i>
                        <i>0.0459952 0.971332 0.233233 -0.752118 -0.119984 0.648014 0.657421 -0.205225 0.725038 -0.0966221 1.47528 -0.00017536</i>
                        <i>0.045114 0.970783 0.235681 -0.752151 -0.122255 0.647551 0.657445 -0.206481 0.72466 -0.0970811 1.47474 -0.000276905</i>
                        <i>0.0441812 0.970172 0.238356 -0.752186 -0.124714 0.647042 0.657468 -0.207875 0.72424 -0.097517 1.47419 -0.000362667</i>
                        <i>0.0432069 0.969513 0.241199 -0.752221 -0.127314 0.646495 0.657493 -0.209368 0.723787 -0.0979268 1.47365 -0.000415967</i>
                        <i>0.042197 0.968809 0.244189 -0.752255 -0.130038 0.645912 0.657519 -0.210948 0.723304 -0.0983066 1.47311 -0.000429688</i>
                        <i>0.0411572 0.968063 0.247306 -0.752288 -0.132867 0.645297 0.657547 -0.212604 0.722794 -0.0986526 1.47259 -0.000396716</i>
                        <i>0.0400932 0.967278 0.25053 -0.75232 -0.135785 0.644653 0.657577 -0.214325 0.722258 -0.0989607 1.4721 -0.000309936</i>
                        <i>0.0390108 0.966459 0.253839 -0.752349 -0.138773 0.643982 0.657609 -0.216098 0.721701 -0.0992269 1.47164 -0.000162239</i>
                        <i>0.0379159 0.96561 0.257214 -0.752376 -0.141813 0.643288 0.657642 -0.217913 0.721125 -0.0994475 1.47122 5.34798e-005</i>
                        <i>0.0368143 0.964736 0.260633 -0.752401 -0.144886 0.642574 0.657676 -0.219757 0.720534 -0.0996184 1.47084 0.000344339</i>
                        <i>0.0357119 0.96384 0.264076 -0.752422 -0.147976 0.641844 0.657713 -0.221618 0.71993 -0.0997389 1.47051 0.000830718</i>
                        <i>0.0346145 0.96293 0.267523 -0.752441 -0.151064 0.641103 0.65775 -0.223487 0.719318 -0.0998118 1.47021 0.00159432</i>
                        <i>0.0335279 0.962009 0.270952 -0.752457 -0.154132 0.640353 0.657788 -0.225349 0.718702 -0.0998394 1.46997 0.00258419</i>
                        <i>0.032458 0.961084 0.274343 -0.75247 -0.157163 0.639601 0.657827 -0.227195 0.718085 -0.0998236 1.4698 0.00374938</i>
                        <i>0.0314107 0.960161 0.277676 -0.75248 -0.160137 0.63885 0.657865 -0.229012 0.717472 -0.0997663 1.46971 0.00503892</i>
                        <i>0.0303919 0.959247 0.280929 -0.752489 -0.163037 0.638106 0.657903 -0.230789 0.716868 -0.0996696 1.46971 0.00640184</i>
                        <i>0.0294073 0.958349 0.284083 -0.752495 -0.165846 0.637374 0.657941 -0.232514 0.716276 -0.0995354 1.46982 0.00778718</i>
                        <i>0.0284629 0.957473 0.287116 -0.7525 -0.168545 0.63666 0.657977 -0.234176 0.715701 -0.0993658 1.47012 0.00914395</i>
                        <i>0.0275644 0.956627 0.290009 -0.752504 -0.171117 0.635969 0.65801 -0.235763 0.715149 -0.0991627 1.47065 0.0104212</i>
                        <i>0.0267176 0.955818 0.292742 -0.752508 -0.173543 0.635307 0.658041 -0.237264 0.714624 -0.0989282 1.4713 0.0115678</i>
                        <i>0.0259284 0.955055 0.295293 -0.752512 -0.175807 0.63468 0.658069 -0.238667 0.714131 -0.0986641 1.47197 0.012533</i>
                        <i>0.0252025 0.954345 0.297642 -0.752516 -0.17789 0.634094 0.658092 -0.239961 0.713676 -0.0983725 1.47257 0.0132656</i>
                        <i>0.0245457 0.953695 0.299771 -0.752521 -0.179775 0.633556 0.65811 -0.241135 0.713263 -0.0980554 1.473 0.0137146</i>
                        <i>0.0239637 0.953115 0.301657 -0.752529 -0.181444 0.633071 0.658123 -0.242176 0.712898 -0.0977147 1.47331 0.0139136</i>
                        <i>0.0234623 0.952612 0.303282 -0.752538 -0.18288 0.632646 0.658131 -0.243075 0.712586 -0.0973524 1.4736 0.0139439</i>
                        <i>0.0230471 0.952193 0.304625 -0.752551 -0.184066 0.632287 0.658131 -0.243818 0.712331 -0.0969704 1.47387 0.0138269</i>
                        <i>0.0229788 0.952015 0.305189 -0.752558 -0.184487 0.632156 0.658125 -0.244198 0.712207 -0.0965314 1.47415 0.0135109</i>
                        <i>0.0233998 0.952247 0.304431 -0.75256 -0.18368 0.632388 0.658108 -0.243901 0.712325 -0.095995 1.47447 0.0130082</i>
                        <i>0.0241773 0.952875 0.302397 -0.752564 -0.181769 0.632935 0.658075 -0.242876 0.712705 -0.0953695 1.47481 0.0123971</i>
                        <i>0.025235 0.953822 0.299311 -0.752571 -0.178955 0.633729 0.658028 -0.241245 0.713302 -0.0946786 1.47517 0.0117018</i>
                        <i>0.0264965 0.955007 0.295397 -0.752578 -0.175442 0.634702 0.65797 -0.239126 0.714068 -0.0939462 1.47555 0.0109466</i>
                        <i>0.0278857 0.956354 0.290878 -0.752584 -0.171433 0.63579 0.657906 -0.236639 0.714956 -0.0931961 1.47595 0.0101556</i>
                        <i>0.0293272 0.957787 0.285978 -0.752588 -0.167131 0.636929 0.657839 -0.233903 0.715917 -0.092452 1.47635 0.00935304</i>
                        <i>0.030746 0.959239 0.280919 -0.752589 -0.162739 0.638064 0.657772 -0.231035 0.716909 -0.091738 1.47676 0.00856294</i>
                        <i>0.0320675 0.960644 0.275924 -0.752588 -0.158457 0.639143 0.657711 -0.228153 0.717888 -0.0910777 1.47717 0.00780924</i>
                        <i>0.0332179 0.961946 0.271214 -0.752584 -0.154489 0.640118 0.657658 -0.225375 0.718813 -0.0904951 1.47757 0.00711586</i>
                        <i>0.0341236 0.96309 0.267009 -0.752579 -0.151033 0.640948 0.657618 -0.222817 0.719647 -0.090014 1.47795 0.0065066</i>
                    </KeyFrames>
                </p>
            </i>
            <i>
                <p>
                    <Name>
                        <![CDATA[spine2]]>
</Name>
                    <Exclude>0</Exclude>
                    <Additive>0</Additive>
                    <IKPriority>0</IKPriority>
                    <IKRotLimits>-1e+010 -1e+010 -1e+010 1e+010 1e+010 1e+010</IKRotLimits>
                    <IKRotLimitOrder>0</IKRotLimitOrder>
                    <KeyFrames count="60">
                        <i>0.147499 0.91417 0.37754 -0.752698 -0.143878 0.642452 0.64163 -0.378935 0.666873 -0.079627 1.63247 0.0524341</i>
                        <i>0.147539 0.915573 0.37411 -0.752658 -0.141462 0.643035 0.641668 -0.376449 0.668243 -0.0792875 1.63292 0.0511101</i>
                        <i>0.147825 0.916966 0.370569 -0.75262 -0.138789 0.643662 0.641647 -0.374047 0.66961 -0.0789584 1.63333 0.0497459</i>
                        <i>0.148318 0.918331 0.366975 -0.752581 -0.135929 0.644317 0.641579 -0.371742 0.670958 -0.0786481 1.63371 0.0483634</i>
                        <i>0.148977 0.91965 0.363386 -0.752542 -0.132949 0.644984 0.641472 -0.369552 0.672269 -0.0783646 1.63404 0.046985</i>
                        <i>0.149765 0.920908 0.359861 -0.752502 -0.129921 0.645648 0.641336 -0.367491 0.673527 -0.0781163 1.63434 0.0456326</i>
                        <i>0.150639 0.922088 0.356456 -0.75246 -0.126913 0.646295 0.64118 -0.365576 0.674717 -0.0779113 1.6346 0.0443284</i>
                        <i>0.151562 0.923178 0.353231 -0.752418 -0.123997 0.64691 0.641012 -0.363824 0.675822 -0.0777579 1.63482 0.0430945</i>
                        <i>0.152492 0.924162 0.350245 -0.752375 -0.121241 0.647482 0.640842 -0.362251 0.676828 -0.0776643 1.63499 0.0419529</i>
                        <i>0.153389 0.925028 0.347556 -0.752334 -0.118716 0.647997 0.640676 -0.360874 0.67772 -0.0776387 1.63512 0.0409258</i>
                        <i>0.154213 0.925764 0.345224 -0.752296 -0.116492 0.648444 0.640522 -0.359709 0.678484 -0.0776893 1.63521 0.040035</i>
                        <i>0.154924 0.926358 0.343308 -0.752264 -0.114641 0.648812 0.640389 -0.358775 0.679105 -0.0778243 1.63524 0.0393027</i>
                        <i>0.155482 0.926797 0.341866 -0.752238 -0.113231 0.649089 0.640284 -0.358086 0.679567 -0.078052 1.63524 0.0387508</i>
                        <i>0.155846 0.92707 0.340958 -0.752222 -0.112333 0.649264 0.640215 -0.357661 0.679856 -0.0783804 1.63518 0.0384014</i>
                        <i>0.155976 0.927165 0.340642 -0.752216 -0.112019 0.649325 0.64019 -0.357516 0.679956 -0.0788179 1.63504 0.0382335</i>
                        <i>0.155971 0.927096 0.340831 -0.752219 -0.112153 0.649298 0.640187 -0.357652 0.679887 -0.0793293 1.63479 0.0381593</i>
                        <i>0.155956 0.926895 0.341384 -0.75223 -0.112545 0.649217 0.640177 -0.358049 0.679687 -0.0798711 1.63446 0.0381215</i>
                        <i>0.155932 0.92657 0.342277 -0.752248 -0.113179 0.649087 0.640163 -0.358691 0.679362 -0.080438 1.63405 0.0381225</i>
                        <i>0.1559 0.926127 0.343489 -0.752271 -0.114039 0.64891 0.640144 -0.359562 0.678919 -0.0810253 1.63357 0.0381647</i>
                        <i>0.15586 0.925573 0.344997 -0.752299 -0.11511 0.648688 0.64012 -0.360646 0.678366 -0.0816279 1.63302 0.0382507</i>
                        <i>0.155812 0.924914 0.346779 -0.752331 -0.116376 0.648424 0.640094 -0.361926 0.677709 -0.0822407 1.63242 0.0383828</i>
                        <i>0.155759 0.924159 0.348812 -0.752367 -0.117821 0.648122 0.640064 -0.363386 0.676955 -0.0828588 1.63178 0.0385636</i>
                        <i>0.155699 0.923312 0.351074 -0.752406 -0.119429 0.647782 0.640034 -0.365009 0.67611 -0.0834773 1.6311 0.0387954</i>
                        <i>0.155635 0.922381 0.353541 -0.752446 -0.121185 0.647409 0.640002 -0.36678 0.675181 -0.0840911 1.63039 0.0390807</i>
                        <i>0.155566 0.921372 0.356192 -0.752488 -0.123073 0.647005 0.63997 -0.368682 0.674175 -0.0846952 1.62966 0.0394221</i>
                        <i>0.155494 0.920293 0.359003 -0.752529 -0.125077 0.646572 0.639939 -0.370698 0.673098 -0.0852849 1.62892 0.0398237</i>
                        <i>0.155419 0.919149 0.361952 -0.75257 -0.127182 0.646114 0.639909 -0.372813 0.671958 -0.0858554 1.62818 0.0402905</i>
                        <i>0.155341 0.917949 0.365018 -0.75261 -0.129371 0.645632 0.63988 -0.375009 0.670762 -0.0864018 1.62744 0.0408255</i>
                        <i>0.155262 0.9167 0.368177 -0.752649 -0.131629 0.645131 0.639855 -0.377272 0.669516 -0.0869193 1.62671 0.0414321</i>
                        <i>0.155182 0.91541 0.371407 -0.752685 -0.133941 0.644613 0.639831 -0.379585 0.66823 -0.0874029 1.62601 0.0421133</i>
                        <i>0.155102 0.914086 0.374687 -0.752718 -0.13629 0.644081 0.639812 -0.381932 0.66691 -0.0878477 1.62534 0.0428725</i>
                        <i>0.155022 0.912737 0.377994 -0.752748 -0.138661 0.643539 0.639795 -0.384297 0.665566 -0.0882488 1.6247 0.0437127</i>
                        <i>0.154943 0.911371 0.381306 -0.752776 -0.141039 0.642991 0.639782 -0.386665 0.664205 -0.0886014 1.62411 0.0446373</i>
                        <i>0.154866 0.909999 0.384603 -0.752799 -0.143408 0.642439 0.639773 -0.38902 0.662837 -0.0889036 1.62357 0.0457626</i>
                        <i>0.15479 0.908627 0.387861 -0.752819 -0.145752 0.641887 0.639768 -0.391347 0.661471 -0.0891575 1.62306 0.0471665</i>
                        <i>0.154717 0.907268 0.391061 -0.752836 -0.148056 0.64134 0.639766 -0.393631 0.660117 -0.0893642 1.62262 0.0487942</i>
                        <i>0.154647 0.905929 0.39418 -0.752849 -0.150305 0.640802 0.639768 -0.395856 0.658784 -0.0895247 1.62224 0.0505908</i>
                        <i>0.15458 0.904621 0.397197 -0.752859 -0.152482 0.640275 0.639772 -0.398007 0.657482 -0.08964 1.62195 0.0525014</i>
                        <i>0.154516 0.903355 0.400092 -0.752866 -0.154574 0.639766 0.639779 -0.40007 0.656221 -0.0897112 1.62177 0.0544713</i>
                        <i>0.154457 0.902142 0.402844 -0.75287 -0.156564 0.639277 0.639789 -0.402029 0.655013 -0.0897394 1.6217 0.0564456</i>
                        <i>0.154402 0.900992 0.405431 -0.752872 -0.158437 0.638813 0.6398 -0.403871 0.653868 -0.0897255 1.62183 0.0583694</i>
                        <i>0.154351 0.899915 0.407833 -0.752871 -0.160177 0.638379 0.639813 -0.405581 0.652797 -0.0896706 1.6222 0.0601878</i>
                        <i>0.154306 0.898924 0.410031 -0.752869 -0.16177 0.63798 0.639826 -0.407143 0.65181 -0.0895757 1.6227 0.0618461</i>
                        <i>0.154265 0.898029 0.412001 -0.752866 -0.163201 0.637619 0.63984 -0.408544 0.65092 -0.0894419 1.62323 0.0632894</i>
                        <i>0.15423 0.897242 0.413726 -0.752863 -0.164453 0.637302 0.639852 -0.40977 0.650137 -0.0892701 1.62371 0.0644629</i>
                        <i>0.154201 0.896574 0.415183 -0.752859 -0.165512 0.637032 0.639864 -0.410805 0.649472 -0.0890615 1.62404 0.0653115</i>
                        <i>0.154178 0.896035 0.416353 -0.752855 -0.166362 0.636815 0.639874 -0.411636 0.648936 -0.088817 1.62426 0.0658651</i>
                        <i>0.154161 0.895638 0.417214 -0.752852 -0.166988 0.636654 0.639881 -0.412248 0.64854 -0.0885378 1.62447 0.0662012</i>
                        <i>0.15415 0.895392 0.417746 -0.75285 -0.167375 0.636555 0.639886 -0.412625 0.648295 -0.0882247 1.62469 0.0663371</i>
                        <i>0.154147 0.895307 0.417928 -0.75285 -0.167507 0.636521 0.639888 -0.412755 0.648211 -0.0877991 1.62499 0.0661447</i>
                        <i>0.153943 0.895733 0.417091 -0.752847 -0.16706 0.636641 0.63994 -0.412012 0.648632 -0.0872018 1.62545 0.0655365</i>
                        <i>0.153394 0.896903 0.41477 -0.75284 -0.165812 0.636976 0.64008 -0.409964 0.64979 -0.0864646 1.62603 0.0645851</i>
                        <i>0.15259 0.898658 0.411255 -0.752828 -0.163904 0.637484 0.640286 -0.406878 0.651524 -0.0856215 1.62671 0.0633556</i>
                        <i>0.151624 0.900833 0.406829 -0.752811 -0.161476 0.638122 0.640535 -0.40302 0.653674 -0.0847068 1.62747 0.0619131</i>
                        <i>0.150585 0.903269 0.401783 -0.752791 -0.158669 0.63885 0.640804 -0.39866 0.65608 -0.0837546 1.62829 0.0603228</i>
                        <i>0.149565 0.90581 0.396407 -0.752768 -0.155622 0.639626 0.64107 -0.394068 0.658589 -0.082799 1.62915 0.0586497</i>
                        <i>0.148656 0.908309 0.390994 -0.752744 -0.152478 0.640411 0.641309 -0.38952 0.661057 -0.0818743 1.63002 0.0569591</i>
                        <i>0.147948 0.910624 0.385844 -0.752721 -0.149378 0.641168 0.6415 -0.385293 0.663346 -0.0810145 1.63087 0.0553161</i>
                        <i>0.147533 0.912621 0.381258 -0.752705 -0.146464 0.64186 0.641615 -0.38167 0.665326 -0.080254 1.6317 0.053786</i>
                        <i>0.147499 0.91417 0.37754 -0.752698 -0.143878 0.642452 0.64163 -0.378935 0.666873 -0.079627 1.63247 0.0524341</i>
                    </KeyFrames>
                </p>
            </i>
            <i>
                <p>
                    <Name>
                        <![CDATA[head]]>
</Name>
                    <Exclude>0</Exclude>
                    <Additive>0</Additive>
                    <IKPriority>0</IKPriority>
                    <IKRotLimits>-1e+010 -1e+010 -1e+010 1e+010 1e+010 1e+010</IKRotLimits>
                    <IKRotLimitOrder>0</IKRotLimitOrder>
                    <KeyFrames count="60">
                        <i>0.0223677 0.999275 0.0308221 -0.161415 0.034035 -0.986299 -0.986633 0.0170861 0.162059 -0.047425 1.87127 0.144109</i>
                        <i>0.0222614 0.999409 0.0261761 -0.161343 0.0294308 -0.98646 -0.986647 0.0177367 0.161903 -0.0470311 1.87207 0.14189</i>
                        <i>0.022328 0.999514 0.0217509 -0.161205 0.0250711 -0.986602 -0.986668 0.0185225 0.161686 -0.0465859 1.87282 0.139598</i>
                        <i>0.0225369 0.999591 0.0175822 -0.161008 0.0209861 -0.98673 -0.986696 0.019407 0.161415 -0.0461082 1.87353 0.137271</i>
                        <i>0.0228576 0.999645 0.0137059 -0.160757 0.0172062 -0.986844 -0.986729 0.0203535 0.161094 -0.0456167 1.87419 0.134946</i>
                        <i>0.0232597 0.999678 0.0101575 -0.160457 0.0137616 -0.986947 -0.986769 0.0213262 0.160726 -0.0451302 1.8748 0.13266</i>
                        <i>0.023713 0.999695 0.00697283 -0.160111 0.0106825 -0.987041 -0.986814 0.0222893 0.160315 -0.0446676 1.87535 0.130453</i>
                        <i>0.0241875 0.999699 0.00418755 -0.159721 0.0079993 -0.98713 -0.986866 0.0232073 0.159866 -0.0442475 1.87583 0.128361</i>
                        <i>0.0246529 0.999694 0.00183709 -0.15929 0.00574231 -0.987215 -0.986924 0.0240451 0.159383 -0.0438891 1.87625 0.126423</i>
                        <i>0.0250791 0.999685 -4.28672e-005 -0.158819 0.00394199 -0.9873 -0.986989 0.0247674 0.158869 -0.043611 1.87659 0.124677</i>
                        <i>0.0254361 0.999675 -0.00141686 -0.158312 0.00262871 -0.987386 -0.987062 0.0253396 0.158327 -0.0434323 1.87686 0.123159</i>
                        <i>0.0256937 0.999667 -0.00224939 -0.157769 0.00183304 -0.987474 -0.987142 0.0257268 0.157763 -0.0433717 1.87705 0.12191</i>
                        <i>0.0258216 0.999663 -0.00250499 -0.157192 0.00158564 -0.987567 -0.98723 0.0258943 0.157181 -0.0434484 1.87715 0.120965</i>
                        <i>0.0257893 0.999665 -0.00214817 -0.156586 0.00191719 -0.987662 -0.987328 0.0258075 0.156583 -0.0436811 1.87716 0.120364</i>
                        <i>0.0255664 0.999672 -0.0011436 -0.155952 0.00285848 -0.98776 -0.987434 0.0254319 0.155974 -0.0440887 1.87705 0.120101</i>
                        <i>0.0252614 0.999681 0.000390873 -0.155322 0.00431122 -0.987854 -0.987541 0.0248939 0.155382 -0.0446098 1.87679 0.120063</i>
                        <i>0.0250098 0.999685 0.00228038 -0.154734 0.00612464 -0.987937 -0.98764 0.0243552 0.154838 -0.045167 1.87641 0.120153</i>
                        <i>0.0248214 0.999682 0.00447522 -0.154198 0.00825163 -0.988006 -0.987728 0.0238336 0.154354 -0.0457549 1.87593 0.120367</i>
                        <i>0.024706 0.999671 0.00692581 -0.153729 0.0106446 -0.988056 -0.987804 0.0233462 0.153942 -0.0463683 1.87534 0.120705</i>
                        <i>0.0246735 0.99965 0.0095823 -0.15334 0.0132562 -0.988085 -0.987865 0.0229101 0.153614 -0.0470019 1.87467 0.121162</i>
