<?xml version="1.0" encoding="ISO-8859-1" ?>
<Animl Version="1">
    <ModellingPackage>
        <![CDATA[Maya.2010]]>
</ModellingPackage>
    <SrcFile>
        <![CDATA[anims\characters\shared\base_soldier\~src\infantry\land.mb]]>
</SrcFile>
    <FramesPerSecond>30</FramesPerSecond>
    <TotalFrames>20</TotalFrames>
    <Skeleton>
        <RefFrame>
            <Name>
                <![CDATA[soldier_ref_frame]]>
</Name>
            <Exclude>0</Exclude>
            <Additive>0</Additive>
            <IKPriority>0</IKPriority>
            <IKRotLimits>-1e+010 -1e+010 -1e+010 1e+010 1e+010 1e+010</IKRotLimits>
            <IKRotLimitOrder>0</IKRotLimitOrder>
            <KeyFrames count="20">
                <i>1 0 0 0 1 0 0 0 1 0 0 0</i>
                <i>1 0 0 0 1 0 0 0 1 0 0 0.0399846</i>
                <i>1 0 0 0 1 0 0 0 1 0 0 0.0799691</i>
                <i>1 0 0 0 1 0 0 0 1 0 0 0.119954</i>
                <i>1 0 0 0 1 0 0 0 1 0 0 0.159938</i>
                <i>1 0 0 0 1 0 0 0 1 0 0 0.199923</i>
                <i>1 0 0 0 1 0 0 0 1 0 0 0.239907</i>
                <i>1 0 0 0 1 0 0 0 1 0 0 0.279892</i>
                <i>1 0 0 0 1 0 0 0 1 0 0 0.319876</i>
                <i>1 0 0 0 1 0 0 0 1 0 0 0.359861</i>
                <i>1 0 0 0 1 0 0 0 1 0 0 0.399846</i>
                <i>1 0 0 0 1 0 0 0 1 0 0 0.43983</i>
                <i>1 0 0 0 1 0 0 0 1 0 0 0.479815</i>
                <i>1 0 0 0 1 0 0 0 1 0 0 0.519799</i>
                <i>1 0 0 0 1 0 0 0 1 0 0 0.559784</i>
                <i>1 0 0 0 1 0 0 0 1 0 0 0.599768</i>
                <i>1 0 0 0 1 0 0 0 1 0 0 0.639753</i>
                <i>1 0 0 0 1 0 0 0 1 0 0 0.679738</i>
                <i>1 0 0 0 1 0 0 0 1 0 0 0.719722</i>
                <i>1 0 0 0 1 0 0 0 1 0 0 0.759707</i>
            </KeyFrames>
        </RefFrame>
        <Bones count="23">
            <i>
                <p>
                    <Name>
                        <![CDATA[pelvis]]>
</Name>
                    <Exclude>0</Exclude>
                    <Additive>0</Additive>
                    <IKPriority>0</IKPriority>
                    <IKRotLimits>-1e+010 -1e+010 -1e+010 1e+010 1e+010 1e+010</IKRotLimits>
                    <IKRotLimitOrder>2</IKRotLimitOrder>
                    <KeyFrames count="20">
                        <i>1 0 0 0 1 0 0 0 1 -0.108421 1.12745 0.19872</i>
                        <i>1 0 0 0 1 0 0 0 1 -0.1027 1.06516 0.208394</i>
                        <i>1 0 0 0 1 0 0 0 1 -0.0969699 1.00402 0.227152</i>
                        <i>1 0 0 0 1 0 0 0 1 -0.0912363 0.942814 0.253904</i>
                        <i>1 0 0 0 1 0 0 0 1 -0.0855032 0.880352 0.287559</i>
                        <i>1 0 0 0 1 0 0 0 1 -0.079774 0.815445 0.327023</i>
                        <i>1 0 0 0 1 0 0 0 1 -0.0740509 0.761978 0.3712</i>
                        <i>1 0 0 0 1 0 0 0 1 -0.0683433 0.764024 0.419006</i>
                        <i>1 0 0 0 1 0 0 0 1 -0.0626374 0.787895 0.469308</i>
                        <i>1 0 0 0 1 0 0 0 1 -0.0569216 0.831471 0.520996</i>
                        <i>1 0 0 0 1 0 0 0 1 -0.0512022 0.886307 0.571752</i>
                        <i>1 0 0 0 1 0 0 0 1 -0.0454912 0.943811 0.619672</i>
                        <i>1 0 0 0 1 0 0 0 1 -0.0397891 0.995527 0.665091</i>
                        <i>1 0 0 0 1 0 0 0 1 -0.0340955 1.033 0.708357</i>
                        <i>1 0 0 0 1 0 0 0 1 -0.0284091 1.05175 0.749816</i>
                        <i>1 0 0 0 1 0 0 0 1 -0.0227277 1.05834 0.789814</i>
                        <i>1 0 0 0 1 0 0 0 1 -0.0170489 1.05669 0.828695</i>
                        <i>1 0 0 0 1 0 0 0 1 -0.0113699 1.05049 0.866806</i>
                        <i>1 0 0 0 1 0 0 0 1 -0.00568795 1.04345 0.904487</i>
                        <i>1 0 0 0 1 0 0 0 1 5.01745e-018 1.03928 0.942081</i>
                    </KeyFrames>
                </p>
            </i>
            <i>
                <p>
                    <Name>
                        <![CDATA[spine0]]>
</Name>
                    <Exclude>0</Exclude>
                    <Additive>0</Additive>
                    <IKPriority>0</IKPriority>
                    <IKRotLimits>-1e+010 -1e+010 -1e+010 1e+010 1e+010 1e+010</IKRotLimits>
                    <IKRotLimitOrder>0</IKRotLimitOrder>
                    <KeyFrames count="20">
                        <i>0.140404 0.968353 0.206348 -0.990031 0.139673 0.0181836 -0.011213 -0.206844 0.97831 -0.0863578 1.26465 0.171489</i>
                        <i>0.133191 0.971112 0.197995 -0.991073 0.131685 0.0208113 -0.005863 -0.198999 0.979982 -0.0820676 1.20218 0.1758</i>
                        <i>0.125365 0.973371 0.191917 -0.99211 0.123252 0.022958 -0.00130754 -0.193281 0.981143 -0.0782835 1.14053 0.187347</i>
                        <i>0.11928 0.970984 0.207273 -0.992861 0.116669 0.02482 -8.24836e-005 -0.208754 0.977968 -0.0749431 1.07846 0.206346</i>
                        <i>0.115071 0.964571 0.237404 -0.993356 0.112054 0.0262096 -0.00132112 -0.238843 0.971057 -0.0719452 1.01492 0.232996</i>
                        <i>0.113467 0.953053 0.280742 -0.993529 0.110288 0.0271501 -0.00508698 -0.282006 0.959399 -0.0691631 0.949068 0.267456</i>
                        <i>0.114996 0.934483 0.336924 -0.9933 0.112089 0.0281373 -0.0114717 -0.337902 0.941111 -0.0664688 0.895267 0.31001</i>
                        <i>0.118444 0.900843 0.417676 -0.99275 0.11609 0.0311385 -0.0204372 -0.418336 0.908062 -0.0637478 0.898552 0.363824</i>
                        <i>0.123264 0.857206 0.500005 -0.991998 0.120302 0.0383073 -0.0273143 -0.500725 0.865175 -0.0609158 0.924195 0.425571</i>
                        <i>0.129175 0.822387 0.554069 -0.991255 0.122288 0.0495927 -0.0269716 -0.55563 0.830992 -0.057933 0.96878 0.48867</i>
                        <i>0.134889 0.803638 0.57963 -0.990683 0.12045 0.0635485 -0.0187462 -0.582802 0.812398 -0.0547628 1.02387 0.548831</i>
                        <i>0.13521 0.791905 0.595487 -0.990814 0.109451 0.0794205 -0.00228303 -0.600756 0.799429 -0.0513154 1.08107 0.607729</i>
                        <i>0.127305 0.789442 0.600479 -0.991622 0.0879483 0.0946054 0.0218744 -0.607492 0.794025 -0.0474834 1.13174 0.665075</i>
                        <i>0.110932 0.796842 0.593916 -0.992545 0.0584755 0.106933 0.0504794 -0.601351 0.797389 -0.0431698 1.16737 0.720541</i>
                        <i>0.0895838 0.81005 0.579477 -0.992886 0.0268176 0.116006 0.0784307 -0.585747 0.80669 -0.0383134 1.18355 0.773808</i>
                        <i>0.0675279 0.824709 0.561512 -0.992458 -0.00218732 0.122566 0.10231 -0.565554 0.818341 -0.0329095 1.18713 0.824588</i>
                        <i>0.0478139 0.838344 0.54304 -0.991498 -0.0260344 0.127492 0.12102 -0.544519 0.829972 -0.0270178 1.18239 0.872651</i>
                        <i>0.0318772 0.849715 0.526278 -0.99037 -0.0441223 0.131227 0.134726 -0.525393 0.840126 -0.0207584 1.17348 0.917824</i>
                        <i>0.0199704 0.857639 0.513864 -0.989388 -0.0570316 0.133637 0.143918 -0.511079 0.847399 -0.0142944 1.16459 0.959979</i>
                        <i>0.0118864 0.860414 0.509456 -0.988755 -0.0658433 0.134271 0.149073 -0.505323 0.849956 -0.00780975 1.15986 0.998993</i>
                    </KeyFrames>
                </p>
            </i>
            <i>
                <p>
                    <Name>
                        <![CDATA[spine1]]>
</Name>
                    <Exclude>0</Exclude>
                    <Additive>0</Additive>
                    <IKPriority>0</IKPriority>
                    <IKRotLimits>-1e+010 -1e+010 -1e+010 1e+010 1e+010 1e+010</IKRotLimits>
                    <IKRotLimitOrder>0</IKRotLimitOrder>
                    <KeyFrames count="20">
                        <i>0.140144 0.916127 0.375595 -0.988784 0.109713 0.101336 0.0516292 -0.385584 0.921227 -0.0587435 1.43563 0.212644</i>
                        <i>0.131288 0.929527 0.34459 -0.990538 0.108982 0.0834149 0.0399821 -0.352281 0.93504 -0.0557963 1.37483 0.215512</i>
                        <i>0.123802 0.934246 0.334451 -0.991289 0.101178 0.0843133 0.0449304 -0.341975 0.938634 -0.0534902 1.31471 0.226042</i>
                        <i>0.124068 0.907288 0.401791 -0.990627 0.0899366 0.102806 0.057139 -0.41078 0.909942 -0.0511439 1.25442 0.24853</i>
                        <i>0.131106 0.857105 0.498179 -0.988381 0.0740292 0.132748 0.0768994 -0.509795 0.856852 -0.0486189 1.19312 0.282035</i>
                        <i>0.145334 0.786854 0.599783 -0.984256 0.0533539 0.168501 0.100585 -0.614829 0.78222 -0.0456716 1.12934 0.326547</i>
                        <i>0.166637 0.699095 0.69534 -0.978297 0.029145 0.205145 0.12315 -0.714435 0.688779 -0.0421085 1.07632 0.38233</i>
                        <i>0.19188 0.586496 0.786896 -0.97137 -0.000950329 0.237571 0.140082 -0.809951 0.569522 -0.0381375 1.07679 0.455023</i>
                        <i>0.219475 0.468445 0.855798 -0.963948 -0.0311502 0.264261 0.15045 -0.882944 0.44472 -0.0339666 1.09597 0.535876</i>
                        <i>0.248973 0.377218 0.892031 -0.956347 -0.0497604 0.287967 0.153014 -0.924787 0.348362 -0.0297758 1.13379 0.610967</i>
                        <i>0.277799 0.314511 0.907695 -0.949732 -0.0520629 0.308704 0.144348 -0.947825 0.284239 -0.0258076 1.18381 0.675735</i>
                        <i>0.296456 0.271413 0.915668 -0.946465 -0.0447449 0.319689 0.127739 -0.961422 0.243619 -0.0230508 1.23635 0.736198</i>
                        <i>0.300382 0.262265 0.917054 -0.947289 -0.0302817 0.318945 0.111418 -0.964521 0.239345 -0.0218661 1.28347 0.792079</i>
                        <i>0.288141 0.301244 0.90897 -0.952231 -0.0101302 0.305211 0.101151 -0.953493 0.283935 -0.021963 1.31706 0.843338</i>
                        <i>0.261881 0.38265 0.886001 -0.960493 0.013743 0.277964 0.0941865 -0.923791 0.371131 -0.022316 1.33228 0.890938</i>
                        <i>0.22558 0.488962 0.842632 -0.9705 0.0372236 0.238211 0.0851105 -0.87151 0.482935 -0.0219453 1.33559 0.935909</i>
                        <i>0.184983 0.598231 0.77968 -0.98022 0.0555152 0.189967 0.0703597 -0.799398 0.596667 -0.0203338 1.33122 0.978849</i>
                        <i>0.146767 0.689629 0.709134 -0.987886 0.0656528 0.140612 0.0504133 -0.72118 0.69091 -0.0174174 1.32322 1.01999</i>
                        <i>0.116223 0.749304 0.651948 -0.992773 0.0678912 0.0989534 0.0298846 -0.658737 0.751779 -0.0133974 1.31535 1.05946</i>
                        <i>0.0960038 0.769739 0.631099 -0.995264 0.0645088 0.072721 0.0152648 -0.635091 0.772286 -0.00854397 1.31106 1.09757</i>
                    </KeyFrames>
                </p>
            </i>
            <i>
                <p>
                    <Name>
                        <![CDATA[spine2]]>
</Name>
                    <Exclude>0</Exclude>
                    <Additive>0</Additive>
                    <IKPriority>0</IKPriority>
                    <IKRotLimits>-1e+010 -1e+010 -1e+010 1e+010 1e+010 1e+010</IKRotLimits>
                    <IKRotLimitOrder>0</IKRotLimitOrder>
                    <KeyFrames count="20">
                        <i>0.121226 0.896999 0.425084 -0.991251 0.0868726 0.0993695 0.0522062 -0.433411 0.899683 -0.0376193 1.58455 0.276566</i>
                        <i>0.11294 0.927022 0.357595 -0.992486 0.0882002 0.0848103 0.0470811 -0.364487 0.930018 -0.0355071 1.52724 0.274007</i>
                        <i>0.106038 0.946499 0.304786 -0.992632 0.0826836 0.088576 0.0586363 -0.311933 0.948293 -0.0341914 1.46912 0.283116</i>
                        <i>0.109128 0.933956 0.340319 -0.991188 0.0763813 0.108221 0.0750795 -0.34913 0.934062 -0.0314395 1.40696 0.31974</i>
                        <i>0.121634 0.900707 0.417051 -0.987798 0.0686694 0.139787 0.0972689 -0.428965 0.898069 -0.0272127 1.34073 0.374063</i>
                        <i>0.143859 0.846482 0.512614 -0.982075 0.0583661 0.179227 0.121794 -0.529208 0.839705 -0.0211354 1.26826 0.441531</i>
                        <i>0.17508 0.768901 0.61493 -0.974009 0.044098 0.222176 0.143714 -0.637845 0.756637 -0.0130002 1.20211 0.519692</i>
                        <i>0.210489 0.658392 0.722644 -0.964662 0.0200393 0.262726 0.158496 -0.752408 0.639344 -0.00368068 1.18264 0.61336</i>
                        <i>0.245551 0.532741 0.809871 -0.955121 -0.00982363 0.296052 0.165675 -0.846221 0.50642 0.0061768 1.17882 0.709125</i>
                        <i>0.277424 0.424438 0.86191 -0.946604 -0.0326146 0.320746 0.164248 -0.904869 0.392727 0.0162279 1.19769 0.790732</i>
                        <i>0.303018 0.3362 0.891712 -0.941102 -0.0417341 0.335536 0.150022 -0.940866 0.303752 0.0257316 1.23376 0.856398</i>
                        <i>0.311716 0.264901 0.912502 -0.941613 -0.0425146 0.334002 0.127272 -0.963338 0.236182 0.0318118 1.27593 0.914718</i>
                        <i>0.30064 0.228491 0.925963 -0.947884 -0.0358174 0.316595 0.105505 -0.972887 0.205815 0.0332937 1.31926 0.966075</i>
                        <i>0.272252 0.242163 0.931255 -0.957921 -0.0232408 0.286091 0.0909239 -0.969957 0.225646 0.0303908 1.35811 1.01036</i>
                        <i>0.233457 0.297308 0.9258 -0.969104 -0.00679412 0.246559 0.079594 -0.954757 0.286537 0.0247971 1.38602 1.04807</i>
                        <i>0.191686 0.376331 0.906439 -0.979242 0.0113334 0.202377 0.0658875 -0.926416 0.370691 0.0185 1.40595 1.08004</i>
                        <i>0.153444 0.461657 0.873686 -0.987018 0.0291643 0.157938 0.0474328 -0.886579 0.460139 0.0131903 1.4185 1.10784</i>
                        <i>0.123395 0.537192 0.834385 -0.992024 0.0449607 0.117762 0.0257461 -0.842261 0.538455 0.00999233 1.42467 1.13411</i>
                        <i>0.103548 0.589721 0.800941 -0.99461 0.0570981 0.0865451 0.00530522 -0.805586 0.592455 0.00933936 1.42615 1.16239</i>
                        <i>0.0937428 0.608403 0.788072 -0.995562 0.0638324 0.0691446 -0.00823669 -0.791057 0.611687 0.0111504 1.42512 1.19661</i>
                    </KeyFrames>
                </p>
            </i>
            <i>
                <p>
                    <Name>
                        <![CDATA[head]]>
</Name>
                    <Exclude>0</Exclude>
                    <Additive>0</Additive>
                    <IKPriority>0</IKPriority>
                    <IKRotLimits>-1e+010 -1e+010 -1e+010 1e+010 1e+010 1e+010</IKRotLimits>
                    <IKRotLimitOrder>0</IKRotLimitOrder>
                    <KeyFrames count="20">
                        <i>0.0909943 0.970238 0.224406 -0.0314844 0.228031 -0.973145 -0.995354 0.0814853 0.0512969 -0.00560323 1.81802 0.382633</i>
                        <i>0.0496607 0.989013 0.139239 0.0136196 0.138727 -0.990237 -0.998673 0.0510722 -0.00658063 -0.0056337 1.76773 0.364089</i>
                        <i>0.00579917 0.997712 0.0673626 0.0446661 0.0670381 -0.99675 -0.998985 0.00878914 -0.0441751 -0.00613626 1.71402 0.361282</i>
                        <i>-0.0299872 0.995566 0.0891541 0.0694693 0.0910544 -0.99342 -0.997133 -0.0235964 -0.0718918 -0.00272501 1.64816 0.408452</i>
                        <i>-0.0587745 0.985416 0.159693 0.0855145 0.164351 -0.982688 -0.994602 -0.0441009 -0.0939269 0.00447264 1.57283 0.483523</i>
                        <i>-0.0793447 0.962207 0.260505 0.0943021 0.267403 -0.958959 -0.992377 -0.0515222 -0.111955 0.0159227 1.4859 0.576094</i>
                        <i>-0.0905002 0.919376 0.382829 0.0993584 0.390824 -0.915087 -0.990928 -0.0447783 -0.126717 0.0316801 1.39947 0.680618</i>
                        <i>-0.0947144 0.843643 0.528484 0.105556 0.536389 -0.837344 -0.989892 -0.0235238 -0.139856 0.0497058 1.35154 0.801711</i>
                        <i>-0.0954068 0.739802 0.666025 0.114378 0.672793 -0.730936 -0.988845 0.00644218 -0.148806 0.0683029 1.31567 0.919526</i>
                        <i>-0.0860416 0.585281 0.806252 0.101714 0.810185 -0.577281 -0.991086 0.0323371 -0.129241 0.0864929 1.30732 1.01413</i>
                        <i>-0.0727864 0.366167 0.927698 0.0781568 0.929399 -0.360706 -0.994281 0.0462514 -0.096266 0.102763 1.32167 1.08705</i>
                        <i>-0.0581756 0.317936 0.946326 0.0946295 0.945419 -0.311815 -0.993811 0.0714103 -0.0850865 0.111533 1.34659 1.1503</i>
                        <i>-0.0487424 0.350969 0.935117 0.0957719 0.933559 -0.345392 -0.994209 0.0727227 -0.0791169 0.110797 1.38162 1.20466</i>
                        <i>-0.0555726 0.431923 0.900197 0.094654 0.899809 -0.425894 -0.993958 0.0615392 -0.0908879 0.101235 1.42502 1.24967</i>
                        <i>-0.0710409 0.54739 0.833857 0.0970885 0.835794 -0.54039 -0.992737 0.0425681 -0.112521 0.0861365 1.4682 1.28508</i>
                        <i>-0.085593 0.674297 0.733483 0.10813 0.738123 -0.665945 -0.990445 0.0223113 -0.13609 0.0692808 1.50958 1.31085</i>
                        <i>-0.0910507 0.790803 0.605261 0.127525 0.612041 -0.780477 -0.987647 0.00612286 -0.156574 0.0540161 1.54503 1.32872</i>
                        <i>-0.0831096 0.881164 0.465449 0.150207 0.472806 -0.86827 -0.985155 -0.00224802 -0.171651 0.0427539 1.57123 1.34336</i>
                        <i>-0.0627761 0.939476 0.336815 0.168941 0.342613 -0.924162 -0.983625 -0.00111346 -0.180224 0.0365721 1.58646 1.3619</i>
                        <i>-0.0353345 0.969328 0.243217 0.177229 0.245589 -0.953035 -0.983535 0.00943007 -0.180471 0.0354509 1.59029 1.39243</i>
                    </KeyFrames>
                </p>
            </i>
            <i>
                <p>
                    <Name>
                        <![CDATA[head_prop]]>
</Name>
                    <Exclude>0</Exclude>
                    <Additive>0</Additive>
                    <IKPriority>0</IKPriority>
                    <IKRotLimits>-1e+010 -1e+010 -1e+010 1e+010 1e+010 1e+010</IKRotLimits>
                    <IKRotLimitOrder>0</IKRotLimitOrder>
                    <KeyFrames count="20">
                        <i>0.995354 -0.0814853 -0.0512969 0.0909943 0.970238 0.224406 0.0314844 -0.228031 0.973145 0.0240526 2.13423 0.455769</i>
                        <i>0.998673 -0.0510722 0.00658063 0.0496607 0.989013 0.139239 -0.0136196 -0.138727 0.990237 0.0105512 2.09005 0.409468</i>
                        <i>0.998985 -0.00878914 0.0441751 0.00579917 0.997712 0.0673626 -0.0446661 -0.0670381 0.99675 -0.00424626 2.03918 0.383236</i>
                        <i>0.997133 0.0235964 0.0718918 -0.0299872 0.995566 0.0891541 -0.0694693 -0.0910544 0.99342 -0.0124981 1.97263 0.437508</i>
                        <i>0.994602 0.0441009 0.0939269 -0.0587745 0.985416 0.159693 -0.0855145 -0.164351 0.982688 -0.0146825 1.89399 0.535568</i>
                        <i>0.992377 0.0515222 0.111955 -0.0793447 0.962207 0.260505 -0.0943021 -0.267403 0.958959 -0.0099365 1.79949 0.660995</i>
                        <i>0.990928 0.0447783 0.126717 -0.0905002 0.919376 0.382829 -0.0993584 -0.390824 0.915087 0.00218531 1.6991 0.805385</i>
                        <i>0.989892 0.0235238 0.139856 -0.0947144 0.843643 0.528484 -0.105556 -0.536389 0.837344 0.0188375 1.62649 0.973948</i>
                        <i>0.988845 -0.00644218 0.148806 -0.0954068 0.739802 0.666025 -0.114378 -0.672793 0.730936 0.0372089 1.55678 1.13659</i>
                        <i>0.991086 -0.0323371 0.129241 -0.0860416 0.585281 0.806252 -0.101714 -0.810185 0.577281 0.0584512 1.49807 1.2769</i>
                        <i>0.994281 -0.0462514 0.096266 -0.0727864 0.366167 0.927698 -0.0781568 -0.929399 0.360706 0.0790417 1.44101 1.3894</i>
                        <i>0.993811 -0.0714103 0.0850865 -0.0581756 0.317936 0.946326 -0.0946295 -0.945419 0.311815 0.0925728 1.45021 1.45872</i>
                        <i>0.994209 -0.0727227 0.0791169 -0.0487424 0.350969 0.935117 -0.0957719 -0.933559 0.345392 0.094911 1.496 1.50942</i>
                        <i>0.993958 -0.0615392 0.0908879 -0.0555726 0.431923 0.900197 -0.094654 -0.899809 0.425894 0.083123 1.56579 1.54305</i>
                        <i>0.992737 -0.0425681 0.112521 -0.0710409 0.54739 0.833857 -0.0970885 -0.835794 0.54039 0.0629837 1.6466 1.55684</i>
                        <i>0.990445 -0.0223113 0.13609 -0.085593 0.674297 0.733483 -0.10813 -0.738123 0.665945 0.0413853 1.72934 1.5499</i>
                        <i>0.987647 -0.00612286 0.156574 -0.0910507 0.790803 0.605261 -0.127525 -0.612041 0.780477 0.0243419 1.80276 1.52598</i>
                        <i>0.985155 0.00224802 0.171651 -0.0831096 0.881164 0.465449 -0.150207 -0.472806 0.86827 0.0156678 1.8584 1.49506</i>
                        <i>0.983625 0.00111346 0.180224 -0.0627761 0.939476 0.336815 -0.168941 -0.342613 0.924162 0.0161129 1.89264 1.47167</i>
                        <i>0.983535 -0.00943007 0.180471 -0.0353345 0.969328 0.243217 -0.177229 -0.245589 0.953035 0.023935 1.9062 1.4717</i>
                    </KeyFrames>
                </p>
            </i>
            <i>
                <p>
                    <Name>
                        <![CDATA[l_clav]]>
</Name>
                    <Exclude>0</Exclude>
                    <Additive>0</Additive>
                    <IKPriority>0</IKPriority>
                    <IKRotLimits>-1e+010 -1e+010 -1e+010 1e+010 1e+010 1e+010</IKRotLimits>
                    <IKRotLimitOrder>0</IKRotLimitOrder>
                    <KeyFrames count="20">
                        <i>0.988657 0.141485 0.0503964 -0.149052 0.965547 0.213314 -0.0184793 -0.218406 0.975683 0.0579421 1.61628 0.327166</i>
                        <i>0.987771 0.151457 0.0370088 -0.155257 0.977253 0.144469 -0.0142862 -0.148448 0.988817 0.0594394 1.56278 0.324398</i>
                        <i>0.986513 0.163412 0.0093734 -0.163548 0.981784 0.0967054 0.00660022 -0.0969342 0.995269 0.06078 1.50786 0.332409</i>
                        <i>0.986046 0.166111 -0.0110045 -0.162856 0.976207 0.143173 0.0345253 -0.139383 0.989637 0.0641306 1.44349 0.370313</i>
                        <i>0.985622 0.165851 -0.0323002 -0.153731 0.959538 0.235909 0.0701189 -0.227551 0.971238 0.0694814 1.37211 0.426094</i>
                        <i>0.984721 0.164887 -0.0560058 -0.134985 0.925945 0.352712 0.110016 -0.339763 0.934054 0.0770663 1.29264 0.494078</i>
                        <i>0.983096 0.164509 -0.0803712 -0.10625 0.870089 0.481306 0.149109 -0.464631 0.87286 0.0868799 1.21827 0.571374</i>
                        <i>0.980729 0.168436 -0.0989994 -0.071465 0.780869 0.620594 0.181836 -0.601559 0.777858 0.0977355 1.18948 0.662985</i>
                        <i>0.97776 0.176472 -0.113323 -0.0352091 0.670793 0.740808 0.206748 -0.720343 0.662088 0.108904 1.17709 0.755334</i>
                        <i>0.97498 0.182652 -0.126696 -0.000390793 0.571361 0.820699 0.222292 -0.800116 0.557137 0.120029 1.18962 0.832928</i>
                        <i>0.97416 0.180776 -0.135395 0.030255 0.48962 0.871411 0.223822 -0.85299 0.471499 0.130207 1.22065 0.895074</i>
                        <i>0.975884 0.175071 -0.130382 0.0449572 0.423294 0.904876 0.213608 -0.888916 0.405215 0.136379 1.25875 0.951605</i>
                        <i>0.978887 0.169922 -0.113609 0.0391729 0.389553 0.920171 0.200614 -0.905193 0.374672 0.137473 1.29998 1.00356</i>
                        <i>0.98138 0.16955 -0.0902554 0.0145811 0.402776 0.915182 0.191522 -0.899458 0.392804 0.133767 1.33973 1.05097</i>
                        <i>0.982738 0.173086 -0.0653189 -0.0208632 0.454511 0.890497 0.18382 -0.873762 0.450277 0.126804 1.37126 1.09334</i>
                        <i>0.983119 0.177892 -0.042806 -0.0585336 0.527436 0.847576 0.173355 -0.830762 0.528945 0.118483 1.39668 1.13016</i>
                        <i>0.983037 0.181676 -0.0251553 -0.0915054 0.604679 0.791195 0.158952 -0.775472 0.611046 0.11066 1.41543 1.16196</i>
                        <i>0.982972 0.183287 -0.0130838 -0.115507 0.671701 0.731762 0.142911 -0.71779 0.681435 0.104858 1.42721 1.19099</i>
                        <i>0.983031 0.183334 -0.0062454 -0.129473 0.717541 0.684376 0.129951 -0.671955 0.729102 0.10197 1.43256 1.221</i>
                        <i>0.982902 0.184087 -0.00406094 -0.134683 0.73381 0.66587 0.125558 -0.653938 0.746057 0.102307 1.43272 1.25635</i>
                    </KeyFrames>
                </p>
            </i>
            <i>
                <p>
                    <Name>
                        <![CDATA[l_shoulder]]>
</Name>
                    <Exclude>0</Exclude>
                    <Additive>0</Additive>
                    <IKPriority>0</IKPriority>
                    <IKRotLimits>-1e+010 -1e+010 -1e+010 1e+010 1e+010 1e+010</IKRotLimits>
                    <IKRotLimitOrder>0</IKRotLimitOrder>
                    <KeyFrames count="20">
                        <i>0.72177 -0.690226 -0.0513357 0.688849 0.709152 0.150302 -0.0673373 -0.143846 0.987307 0.240238 1.64602 0.341058</i>
                        <i>0.717379 -0.695477 0.0409858 0.688591 0.716759 0.11 -0.105879 -0.0506889 0.993086 0.241925 1.59449 0.335079</i>
                        <i>0.730744 -0.672965 0.114588 0.671953 0.738687 0.0531061 -0.120383 0.0381905 0.991993 0.243461 1.54179 0.337345</i>
                        <i>0.746555 -0.651827 0.133333 0.652009 0.756665 0.0483978 -0.132435 0.0508026 0.989889 0.247229 1.47763 0.371198</i>
                        <i>0.759059 -0.637386 0.132549 0.633961 0.76999 0.0721795 -0.148068 0.0292424 0.988545 0.253065 1.4058 0.422874</i>
                        <i>0.760182 -0.63924 0.116169 0.627784 0.76875 0.122113 -0.167365 -0.0198989 0.985694 0.261092 1.32575 0.486312</i>
                        <i>0.740857 -0.667872 0.071257 0.645415 0.737256 0.199734 -0.185931 -0.101984 0.977256 0.271242 1.25091 0.5589</i>
                        <i>0.693596 -0.720364 0.000847883 0.68642 0.66127 0.302572 -0.218522 -0.209281 0.953126 0.282303 1.22246 0.646835</i>
                        <i>0.623189 -0.778757 -0.0719306 0.735879 0.552754 0.391083 -0.264799 -0.296651 0.91754 0.293563 1.21127 0.736238</i>
                        <i>0.536462 -0.835864 -0.116358 0.781965 0.440474 0.441038 -0.317395 -0.327587 0.889914 0.304814 1.22482 0.810987</i>
                        <i>0.437368 -0.890484 -0.125487 0.818329 0.336241 0.466132 -0.37289 -0.306561 0.87577 0.315492 1.25546 0.871139</i>
                        <i>0.338793 -0.935003 -0.10483 0.837113 0.248696 0.487229 -0.42949 -0.252824 0.866959 0.322646 1.29251 0.928279</i>
                        <i>0.242588 -0.969171 -0.0431067 0.839593 0.187477 0.509839 -0.486039 -0.159873 0.859189 0.324981 1.33286 0.983109</i>
                        <i>0.227452 -0.97304 -0.0382015 0.82638 0.17212 0.536162 -0.515132 -0.15352 0.84325 0.322447 1.37269 1.03467</i>
                        <i>0.311189 -0.944304 -0.107012 0.801902 0.200481 0.562815 -0.510014 -0.260955 0.819627 0.316486 1.40509 1.08154</i>
                        <i>0.398287 -0.907362 -0.134392 0.772695 0.252943 0.582205 -0.494278 -0.335729 0.801858 0.309032 1.43159 1.12243</i>
                        <i>0.47044 -0.872313 -0.133248 0.744383 0.3112 0.590804 -0.473899 -0.377126 0.795736 0.302045 1.45119 1.15741</i>
                        <i>0.518249 -0.846418 -0.122453 0.721843 0.356127 0.593394 -0.45865 -0.395917 0.795543 0.297134 1.46336 1.18862</i>
                        <i>0.533544 -0.836814 -0.122771 0.708413 0.362861 0.605378 -0.462041 -0.409968 0.786412 0.295207 1.46875 1.21985</i>
                        <i>0.537378 -0.828221 -0.15898 0.700654 0.333534 0.630745 -0.469371 -0.450339 0.75953 0.296508 1.46909 1.25555</i>
                    </KeyFrames>
                </p>
            </i>
            <i>
                <p>
                    <Name>
                        <![CDATA[l_elbow]]>
</Name>
                    <Exclude>0</Exclude>
                    <Additive>0</Additive>
                    <IKPriority>0</IKPriority>
                    <IKRotLimits>-1e+010 -1e+010 -1e+010 1e+010 1e+010 1e+010</IKRotLimits>
                    <IKRotLimitOrder>0</IKRotLimitOrder>
                    <KeyFrames count="20">
                        <i>0.0204316 -0.229515 0.973091 0.688628 0.708847 0.152731 -0.724827 0.666977 0.172533 0.475014 1.4215 0.324359</i>
                        <i>-0.027343 -0.12925 0.991235 0.688275 0.716683 0.112437 -0.724934 0.685317 0.0693636 0.475272 1.36827 0.348411</i>
                        <i>-0.079178 -0.00295686 0.996856 0.671603 0.738827 0.0555354 -0.736668 0.673889 -0.056513 0.481156 1.32289 0.374617</i>
                        <i>-0.132984 0.0480242 0.989954 0.651631 0.756832 0.050821 -0.746788 0.651843 -0.131941 0.490066 1.2656 0.414568</i>
                        <i>-0.174559 0.0483376 0.98346 0.633544 0.770102 0.0745995 -0.753758 0.636087 -0.165052 0.49997 1.19848 0.465989</i>
                        <i>-0.193011 -0.0014386 0.981196 0.627319 0.768742 0.124527 -0.754465 0.639558 -0.147473 0.508362 1.11782 0.524099</i>
                        <i>-0.181457 -0.109248 0.977312 0.644905 0.737049 0.20213 -0.742409 0.666951 -0.0632879 0.512226 1.03366 0.582078</i>
                        <i>-0.148056 -0.283523 0.947467 0.68583 0.660806 0.304913 -0.712542 0.694946 0.096612 0.507914 0.988139 0.647111</i>
                        <i>-0.104136 -0.481388 0.870299 0.735176 0.552085 0.393342 -0.669829 0.680785 0.296413 0.496271 0.957957 0.712841</i>
                        <i>-0.0595592 -0.65418 0.75399 0.781135 0.439741 0.443233 -0.621515 0.615367 0.484813 0.479313 0.952928 0.773139</i>
                        <i>-0.0258804 -0.79064 0.611734 0.817367 0.335574 0.468295 -0.575535 0.512131 0.637559 0.457758 0.965804 0.830321</i>
                        <i>-0.0056317 -0.88794 0.459924 0.836018 0.248175 0.489369 -0.548673 0.387261 0.740937 0.432848 0.988372 0.894181</i>
                        <i>0.0273088 -0.952427 0.303542 0.838367 0.1872 0.511953 -0.544421 0.240499 0.803596 0.403889 1.01761 0.969087</i>
                        <i>0.00461386 -0.954635 0.297742 0.825085 0.171859 0.538238 -0.56499 0.243179 0.788448 0.396432 1.05619 1.02224</i>
                        <i>-0.10246 -0.883115 0.457831 0.800613 0.199939 0.564838 -0.590356 0.424419 0.686548 0.417708 1.09793 1.04673</i>
                        <i>-0.211032 -0.764726 0.608818 0.771441 0.252201 0.584186 -0.600287 0.592949 0.536718 0.438586 1.13645 1.07871</i>
                        <i>-0.310987 -0.624204 0.716699 0.743177 0.310344 0.592768 -0.592431 0.716977 0.367381 0.455068 1.16745 1.11407</i>
                        <i>-0.393141 -0.497932 0.772984 0.720676 0.355216 0.595356 -0.571023 0.79113 0.219197 0.465708 1.18803 1.14879</i>
                        <i>-0.451181 -0.430306 0.781839 0.707239 0.36191 0.607318 -0.544288 0.826957 0.141042 0.468757 1.19656 1.17991</i>
                        <i>-0.492968 -0.416432 0.763916 0.699463 0.332482 0.63262 -0.517431 0.846192 0.127375 0.471304 1.19969 1.20383</i>
                    </KeyFrames>
                </p>
            </i>
            <i>
                <p>
                    <Name>
                        <![CDATA[l_wrist]]>
</Name>
                    <Exclude>0</Exclude>
                    <Additive>0</Additive>
                    <IKPriority>0</IKPriority>
                    <IKRotLimits>-1e+010 -1e+010 -1e+010 1e+010 1e+010 1e+010</IKRotLimits>
                    <IKRotLimitOrder>0</IKRotLimitOrder>
                    <KeyFrames count="20">
                        <i>-0.837064 0.154403 0.524866 0.411109 0.810509 0.417211 -0.36099 0.565009 -0.741924 0.481659 1.34685 0.640883</i>
                        <i>-0.848606 0.175468 0.499077 0.388488 0.847044 0.362758 -0.359088 0.501724 -0.786974 0.466378 1.32623 0.670837</i>
                        <i>-0.856919 0.174333 0.485075 0.359542 0.876488 0.320152 -0.36935 0.44875 -0.81376 0.455401 1.32193 0.698872</i>
                        <i>-0.862881 0.127839 0.488972 0.33374 0.870673 0.361313 -0.379545 0.47496 -0.793951 0.446809 1.28122 0.736577</i>
                        <i>-0.865761 0.0597187 0.496882 0.312664 0.839785 0.44385 -0.390768 0.539625 -0.745724 0.44319 1.2142 0.785886</i>
                        <i>-0.866486 -0.018071 0.498875 0.29864 0.782031 0.54703 -0.400021 0.622978 -0.672222 0.44558 1.11735 0.84326</i>
                        <i>-0.867109 -0.0974925 0.488485 0.2928 0.693594 0.658176 -0.402977 0.713739 -0.572875 0.453202 0.998128 0.899975</i>
                        <i>-0.870498 -0.178057 0.458834 0.291916 0.563791 0.772609 -0.396255 0.806496 -0.438801 0.459754 0.895916 0.9553</i>
                        <i>-0.877371 -0.242822 0.413833 0.292863 0.412179 0.862752 -0.380068 0.878149 -0.29052 0.462398 0.801373 0.995929</i>
                        <i>-0.887977 -0.276083 0.367797 0.293769 0.274799 0.915525 -0.353831 0.921012 -0.162911 0.459939 0.740138 1.01839</i>
                        <i>-0.903482 -0.278895 0.32548 0.29163 0.156522 0.943638 -0.314121 0.94748 -0.0600811 0.44934 0.708627 1.0293</i>
                        <i>-0.922845 -0.262315 0.282043 0.277289 0.0557763 0.959166 -0.267335 0.963369 0.0212641 0.431016 0.699546 1.04378</i>
                        <i>-0.941796 -0.232822 0.242515 0.251245 -0.00813847 0.967889 -0.223373 0.972485 0.0661604 0.412772 0.707808 1.06782</i>
                        <i>-0.957309 -0.196761 0.211766 0.219832 -0.0198419 0.975336 -0.187706 0.980251 0.0622492 0.397933 0.745666 1.11909</i>
                        <i>-0.959846 -0.119949 0.253589 0.254311 0.00950421 0.967076 -0.11841 0.992734 0.0213819 0.384381 0.81067 1.19565</i>
                        <i>-0.929542 0.00995993 0.368582 0.368625 0.0473897 0.928369 -0.0082205 0.998827 -0.0477223 0.369942 0.887699 1.27675</i>
                        <i>-0.87282 0.15874 0.461505 0.476025 0.0683444 0.876772 0.107638 0.984952 -0.135217 0.353911 0.964407 1.3472</i>
                        <i>-0.8434 0.281464 0.457663 0.498903 0.0940883 0.861535 0.19943 0.954948 -0.219777 0.337828 1.02607 1.40022</i>
                        <i>-0.930444 0.270124 0.247603 0.301903 0.182147 0.935776 0.207676 0.945439 -0.251028 0.321998 1.05659 1.43423</i>
                        <i>-0.987892 0.146543 -0.0509361 -0.0178688 0.218658 0.975638 0.15411 0.964735 -0.213392 0.310953 1.06424 1.45232</i>
                    </KeyFrames>
                </p>
            </i>
            <i>
                <p>
                    <Name>
                        <![CDATA[l_prop]]>
</Name>
                    <Exclude>0</Exclude>
                    <Additive>0</Additive>
                    <IKPriority>0</IKPriority>
                    <IKRotLimits>-1e+010 -1e+010 -1e+010 1e+010 1e+010 1e+010</IKRotLimits>
                    <IKRotLimitOrder>0</IKRotLimitOrder>
                    <KeyFrames count="20">
                        <i>-0.837064 0.154403 0.524866 0.411109 0.810509 0.417211 -0.36099 0.565009 -0.741924 0.483161 1.34617 0.641668</i>
                        <i>-0.848606 0.175468 0.499077 0.388488 0.847044 0.362758 -0.359088 0.501724 -0.786974 0.467816 1.3257 0.671699</i>
                        <i>-0.856919 0.174333 0.485075 0.359542 0.876488 0.320152 -0.36935 0.44875 -0.81376 0.456763 1.32162 0.699768</i>
                        <i>-0.862881 0.127839 0.488972 0.33374 0.870673 0.361313 -0.379545 0.47496 -0.793951 0.448088 1.28108 0.737454</i>
                        <i>-0.865761 0.0597187 0.496882 0.312664 0.839785 0.44385 -0.390768 0.539625 -0.745724 0.4444 1.21418 0.786738</i>
                        <i>-0.866486 -0.018071 0.498875 0.29864 0.782031 0.54703 -0.400021 0.622978 -0.672222 0.446759 1.11738 0.844104</i>
                        <i>-0.867109 -0.0974925 0.488485 0.2928 0.693594 0.658176 -0.402977 0.713739 -0.572875 0.454403 0.998107 0.900831</i>
                        <i>-0.870498 -0.178057 0.458834 0.291916 0.563791 0.772609 -0.396255 0.806496 -0.438801 0.46102 0.895731 0.956156</i>
                        <i>-0.877371 -0.242822 0.413833 0.292863 0.412179 0.862752 -0.380068 0.878149 -0.29052 0.463753 0.800955 0.996728</i>
                        <i>-0.887977 -0.276083 0.367797 0.293769 0.274799 0.915525 -0.353831 0.921012 -0.162911 0.46139 0.739476 1.01907</i>
                        <i>-0.903482 -0.278895 0.32548 0.29163 0.156522 0.943638 -0.314121 0.94748 -0.0600811 0.450877 0.70773 1.02981</i>
                        <i>-0.922845 -0.262315 0.282043 0.277289 0.0557763 0.959166 -0.267335 0.963369 0.0212641 0.432622 0.69845 1.04409</i>
                        <i>-0.941796 -0.232822 0.242515 0.251245 -0.00813847 0.967889 -0.223373 0.972485 0.0661604 0.414469 0.706548 1.06793</i>
                        <i>-0.957309 -0.196761 0.211766 0.219832 -0.0198419 0.975336 -0.187706 0.980251 0.0622492 0.399618 0.744339 1.11924</i>
                        <i>-0.959846 -0.119949 0.253589 0.254311 0.00950421 0.967076 -0.11841 0.992734 0.0213819 0.385882 0.809333 1.19601</i>
                        <i>-0.929542 0.00995993 0.368582 0.368625 0.0473897 0.928369 -0.0082205 0.998827 -0.0477223 0.3712 0.886342 1.27717</i>
                        <i>-0.87282 0.15874 0.461505 0.476025 0.0683444 0.876772 0.107638 0.984952 -0.135217 0.354895 0.963036 1.34764</i>
                        <i>-0.8434 0.281464 0.457663 0.498903 0.0940883 0.861535 0.19943 0.954948 -0.219777 0.338617 1.0247 1.40078</i>
                        <i>-0.930444 0.270124 0.247603 0.301903 0.182147 0.935776 0.207676 0.945439 -0.251028 0.322837 1.05536 1.43516</i>
                        <i>-0.987892 0.146543 -0.0509361 -0.0178688 0.218658 0.975638 0.15411 0.964735 -0.213392 0.31182 1.06325 1.45375</i>
                    </KeyFrames>
                </p>
            </i>
            <i>
                <p>
                    <Name>
                        <![CDATA[r_clav]]>
</Name>
                    <Exclude>0</Exclude>
                    <Additive>0</Additive>
                    <IKPriority>0</IKPriority>
                    <IKRotLimits>-1e+010 -1e+010 -1e+010 1e+010 1e+010 1e+010</IKRotLimits>
                    <IKRotLimitOrder>0</IKRotLimitOrder>
                    <KeyFrames count="20">
                        <i>0.866654 -0.498847 -0.00787808 -0.460226 -0.793262 -0.398656 0.192619 0.349123 -0.917067 -0.112607 1.63123 0.344262</i>
                        <i>0.873955 -0.484821 0.0339245 -0.447584 -0.830101 -0.332566 0.189396 0.275464 -0.942469 -0.111322 1.57795 0.33899</i>
                        <i>0.883756 -0.465261 0.0500682 -0.436037 -0.857598 -0.272759 0.169843 0.219221 -0.960779 -0.110006 1.52208 0.347648</i>
                        <i>0.88975 -0.456224 0.014287 -0.432943 -0.853434 -0.29019 0.144585 0.252011 -0.956862 -0.106407 1.45663 0.388932</i>
                        <i>0.892116 -0.44902 -0.0500915 -0.437558 -0.831033 -0.343406 0.112569 0.328276 -0.93785 -0.100473 1.38392 0.450145</i>
                        <i>0.889721 -0.437176 -0.131432 -0.449993 -0.791435 -0.413688 0.0768343 0.42721 -0.900882 -0.0919037 1.30268 0.524914</i>
                        <i>0.881819 -0.416135 -0.221872 -0.469705 -0.73302 -0.491994 0.0420992 0.538064 -0.841852 -0.0807024 1.22586 0.609599</i>
                        <i>0.87004 -0.377476 -0.317084 -0.4928 -0.64852 -0.580146 0.0133555 0.661009 -0.750259 -0.0682387 1.19293 0.708186</i>
                        <i>0.856795 -0.324873 -0.400449 -0.51559 -0.552202 -0.655164 -0.00828392 0.767809 -0.640625 -0.055429 1.17539 0.806269</i>
                        <i>0.843923 -0.277079 -0.45937 -0.536043 -0.469467 -0.701612 -0.0212571 0.838348 -0.54472 -0.0428385 1.184 0.888111</i>
                        <i>0.833361 -0.243829 -0.496041 -0.552342 -0.400937 -0.730868 -0.0206742 0.883061 -0.468803 -0.0317136 1.21347 0.952802</i>
                        <i>0.831678 -0.221122 -0.50933 -0.55519 -0.345511 -0.756562 -0.0086868 0.911991 -0.410118 -0.0256298 1.25144 1.00907</i>
                        <i>0.841017 -0.212769 -0.497413 -0.540974 -0.32043 -0.777606 0.00606418 0.923068 -0.38459 -0.0256144 1.29382 1.05803</i>
                        <i>0.859615 -0.220581 -0.460875 -0.510652 -0.340543 -0.789471 0.0171948 0.913988 -0.405376 -0.0310477 1.33573 1.10019</i>
