<?xml version="1.0" encoding="ISO-8859-1" ?>
<Animl Version="1">
    <ModellingPackage>
        <![CDATA[Maya.2010]]>
</ModellingPackage>
    <SrcFile>
        <![CDATA[anims\characters\shared\parachute\~src\parachute_mi12_jump.mb]]>
</SrcFile>
    <FramesPerSecond>30</FramesPerSecond>
    <TotalFrames>90</TotalFrames>
    <Skeleton>
        <RefFrame>
            <Name>
                <![CDATA[soldier_ref_frame]]>
</Name>
            <Exclude>0</Exclude>
            <Additive>0</Additive>
            <IKPriority>0</IKPriority>
            <IKRotLimits>-1e+010 -1e+010 -1e+010 1e+010 1e+010 1e+010</IKRotLimits>
            <IKRotLimitOrder>0</IKRotLimitOrder>
            <KeyFrames count="90">
                <i>1 0 0 0 1 0 0 0 1 0 0 -0.00139334</i>
                <i>1 0 0 0 1 0 0 0 1 0 0 0.314372</i>
                <i>1 0 0 0 1 0 0 0 1 0 0 0.631002</i>
                <i>1 0 0 0 1 0 0 0 1 0 0 0.948336</i>
                <i>1 0 0 0 1 0 0 0 1 0 0 1.26621</i>
                <i>1 0 0 0 1 0 0 0 1 0 0 1.58446</i>
                <i>1 0 0 0 1 0 0 0 1 0 0 1.90293</i>
                <i>1 0 0 0 1 0 0 0 1 0 0 2.22146</i>
                <i>1 0 0 0 1 0 0 0 1 0 0 2.53987</i>
                <i>1 0 0 0 1 0 0 0 1 0 0 2.85802</i>
                <i>1 0 0 0 1 0 0 0 1 0 0 3.17573</i>
                <i>1 0 0 0 1 0 0 0 1 0 0 3.49285</i>
                <i>1 0 0 0 1 0 0 0 1 0 0 3.80921</i>
                <i>1 0 0 0 1 0 0 0 1 0 0 4.12465</i>
                <i>1 0 0 0 1 0 0 0 1 0 0 4.43901</i>
                <i>1 0 0 0 1 0 0 0 1 0 0 4.75212</i>
                <i>1 0 0 0 1 0 0 0 1 0 0 5.06383</i>
                <i>1 0 0 0 1 0 0 0 1 0 0 5.37397</i>
                <i>1 0 0 0 1 0 0 0 1 0 0 5.68238</i>
                <i>1 0 0 0 1 0 0 0 1 0 0 5.98889</i>
                <i>1 0 0 0 1 0 0 0 1 0 0 6.29216</i>
                <i>1 0 0 0 1 0 0 0 1 0 0 6.59132</i>
                <i>1 0 0 0 1 0 0 0 1 0 0 6.887</i>
                <i>1 0 0 0 1 0 0 0 1 0 0 7.1798</i>
                <i>1 0 0 0 1 0 0 0 1 0 0 7.47035</i>
                <i>1 0 0 0 1 0 0 0 1 0 0 7.75924</i>
                <i>1 0 0 0 1 0 0 0 1 0 0 8.0471</i>
                <i>1 0 0 0 1 0 0 0 1 0 0 8.33454</i>
                <i>1 0 0 0 1 0 0 0 1 0 0 8.62216</i>
                <i>1 0 0 0 1 0 0 0 1 0 0 8.91058</i>
                <i>1 0 0 0 1 0 0 0 1 0 0 9.20041</i>
                <i>1 0 0 0 1 0 0 0 1 0 0 9.49227</i>
                <i>1 0 0 0 1 0 0 0 1 0 0 9.78676</i>
                <i>1 0 0 0 1 0 0 0 1 0 0 10.0845</i>
                <i>1 0 0 0 1 0 0 0 1 0 0 10.3861</i>
                <i>1 0 0 0 1 0 0 0 1 0 0.629485 10.8487</i>
                <i>1 0 0 0 1 0 0 0 1 0 0.779071 11.1123</i>
                <i>1 0 0 0 1 0 0 0 1 0 0.935088 11.3737</i>
                <i>1 0 0 0 1 0 0 0 1 0 1.09544 11.6332</i>
                <i>1 0 0 0 1 0 0 0 1 0 1.25803 11.8908</i>
                <i>1 0 0 0 1 0 0 0 1 0 1.42077 12.1467</i>
                <i>1 0 0 0 1 0 0 0 1 0 1.58156 12.4012</i>
                <i>1 0 0 0 1 0 0 0 1 0 1.7383 12.6544</i>
                <i>1 0 0 0 1 0 0 0 1 0 1.88889 12.9064</i>
                <i>1 0 0 0 1 0 0 0 1 0 2.03125 13.1574</i>
                <i>1 0 0 0 1 0 0 0 1 0 2.16328 13.4077</i>
                <i>1 0 0 0 1 0 0 0 1 0 2.28287 13.6573</i>
                <i>1 0 0 0 1 0 0 0 1 0 2.38795 13.9065</i>
                <i>1 0 0 0 1 0 0 0 1 0 2.4764 14.1555</i>
                <i>1 0 0 0 1 0 0 0 1 0 2.54613 14.4043</i>
                <i>1 0 0 0 1 0 0 0 1 0 2.59506 14.6532</i>
                <i>1 0 0 0 1 0 0 0 1 0 2.62107 14.9024</i>
                <i>1 0 0 0 1 0 0 0 1 0 2.62209 15.152</i>
                <i>1 0 0 0 1 0 0 0 1 0 2.60087 15.4025</i>
                <i>1 0 0 0 1 0 0 0 1 0 2.56176 15.6539</i>
                <i>1 0 0 0 1 0 0 0 1 0 2.50498 15.9058</i>
                <i>1 0 0 0 1 0 0 0 1 0 2.43076 16.1579</i>
                <i>1 0 0 0 1 0 0 0 1 0 2.33935 16.4098</i>
                <i>1 0 0 0 1 0 0 0 1 0 2.23096 16.6611</i>
                <i>1 0 0 0 1 0 0 0 1 0 2.10584 16.9113</i>
                <i>1 0 0 0 1 0 0 0 1 0 1.96421 17.1602</i>
                <i>1 0 0 0 1 0 0 0 1 0 1.80631 17.4072</i>
                <i>1 0 0 0 1 0 0 0 1 0 1.63237 17.6521</i>
                <i>1 0 0 0 1 0 0 0 1 0 1.44262 17.8944</i>
                <i>1 0 0 0 1 0 0 0 1 0 1.23729 18.1338</i>
                <i>1 0 0 0 1 0 0 0 1 0 1.01663 18.3698</i>
                <i>1 0 0 0 1 0 0 0 1 0 0.780852 18.602</i>
                <i>1 0 0 0 1 0 0 0 1 0 0.530199 18.8302</i>
                <i>1 0 0 0 1 0 0 0 1 0 0.264901 19.0538</i>
                <i>1 0 0 0 1 0 0 0 1 0 -0.0148101 19.2725</i>
                <i>1 0 0 0 1 0 0 0 1 0 -0.308701 19.4859</i>
                <i>1 0 0 0 1 0 0 0 1 0 -0.616542 19.6937</i>
                <i>1 0 0 0 1 0 0 0 1 0 -0.938095 19.8953</i>
                <i>1 0 0 0 1 0 0 0 1 0 -1.27313 20.0905</i>
                <i>1 0 0 0 1 0 0 0 1 0 -1.62142 20.2788</i>
                <i>1 0 0 0 1 0 0 0 1 0 -1.98272 20.4599</i>
                <i>1 0 0 0 1 0 0 0 1 0 -2.35681 20.6333</i>
                <i>1 0 0 0 1 0 0 0 1 0 -2.74346 20.7987</i>
                <i>1 0 0 0 1 0 0 0 1 0 -3.14242 20.9557</i>
                <i>1 0 0 0 1 0 0 0 1 0 -3.55347 21.1039</i>
                <i>1 0 0 0 1 0 0 0 1 0 -3.97638 21.2429</i>
                <i>1 0 0 0 1 0 0 0 1 0 -4.41091 21.3723</i>
                <i>1 0 0 0 1 0 0 0 1 0 -4.85683 21.4918</i>
                <i>1 0 0 0 1 0 0 0 1 0 -5.31391 21.6008</i>
                <i>1 0 0 0 1 0 0 0 1 0 -5.78191 21.6992</i>
                <i>1 0 0 0 1 0 0 0 1 0 -6.26061 21.7863</i>
                <i>1 0 0 0 1 0 0 0 1 0 -6.74977 21.862</i>
                <i>1 0 0 0 1 0 0 0 1 0 -7.24916 21.9257</i>
                <i>1 0 0 0 1 0 0 0 1 0 -7.75854 21.9771</i>
                <i>1 0 0 0 1 0 0 0 1 0 -8.27769 22.0158</i>
            </KeyFrames>
        </RefFrame>
        <Bones count="23">
            <i>
                <p>
                    <Name>
                        <![CDATA[pelvis]]>
</Name>
                    <Exclude>0</Exclude>
                    <Additive>0</Additive>
                    <IKPriority>0</IKPriority>
                    <IKRotLimits>-1e+010 -1e+010 -1e+010 1e+010 1e+010 1e+010</IKRotLimits>
                    <IKRotLimitOrder>2</IKRotLimitOrder>
                    <KeyFrames count="90">
                        <i>1 0 0 0 1 0 0 0 1 5.01745e-018 1.03928 -0.0199753</i>
                        <i>1 0 0 0 1 0 0 0 1 -0.00514044 1.04034 0.296231</i>
                        <i>1 0 0 0 1 0 0 0 1 -0.0103458 1.04667 0.613317</i>
                        <i>1 0 0 0 1 0 0 0 1 -0.0155843 1.07001 0.931102</i>
                        <i>1 0 0 0 1 0 0 0 1 -0.0208541 1.09651 1.24938</i>
                        <i>1 0 0 0 1 0 0 0 1 -0.0261499 1.12603 1.56767</i>
                        <i>1 0 0 0 1 0 0 0 1 -0.0314423 1.14753 1.88544</i>
                        <i>1 0 0 0 1 0 0 0 1 -0.0366148 1.13075 2.20317</i>
                        <i>1 0 0 0 1 0 0 0 1 -0.0411641 1.10803 2.52078</i>
                        <i>1 0 0 0 1 0 0 0 1 -0.0421054 1.08584 2.83817</i>
                        <i>1 0 0 0 1 0 0 0 1 -0.0369786 1.07839 3.15549</i>
                        <i>1 0 0 0 1 0 0 0 1 -0.031252 1.10739 3.47281</i>
                        <i>1 0 0 0 1 0 0 0 1 -0.0254573 1.14243 3.78943</i>
                        <i>1 0 0 0 1 0 0 0 1 -0.0196613 1.17624 4.10514</i>
                        <i>1 0 0 0 1 0 0 0 1 -0.0139008 1.18639 4.41977</i>
                        <i>1 0 0 0 1 0 0 0 1 -0.00826678 1.13467 4.73315</i>
                        <i>1 0 0 0 1 0 0 0 1 -0.00323552 1.08258 5.04504</i>
                        <i>1 0 0 0 1 0 0 0 1 5.01745e-018 1.03928 5.35539</i>
                        <i>1 0 0 0 1 0 0 0 1 -0.00514044 1.04034 5.66424</i>
                        <i>1 0 0 0 1 0 0 0 1 -0.0103458 1.04667 5.97121</i>
                        <i>1 0 0 0 1 0 0 0 1 -0.0155843 1.07001 6.27492</i>
                        <i>1 0 0 0 1 0 0 0 1 -0.0208541 1.09651 6.57449</i>
                        <i>1 0 0 0 1 0 0 0 1 -0.0261499 1.12603 6.8702</i>
                        <i>1 0 0 0 1 0 0 0 1 -0.0314423 1.14753 7.16231</i>
                        <i>1 0 0 0 1 0 0 0 1 -0.0366148 1.13075 7.45206</i>
                        <i>1 0 0 0 1 0 0 0 1 -0.0411641 1.10803 7.74015</i>
                        <i>1 0 0 0 1 0 0 0 1 -0.0421054 1.08584 8.02726</i>
                        <i>1 0 0 0 1 0 0 0 1 -0.0369786 1.07839 8.31429</i>
                        <i>1 0 0 0 1 0 0 0 1 -0.031252 1.10739 8.60212</i>
                        <i>1 0 0 0 1 0 0 0 1 -0.0254573 1.14243 8.8908</i>
                        <i>1 0 0 0 1 0 0 0 1 -0.0196613 1.17624 9.1809</i>
                        <i>1 0 0 0 1 0 0 0 1 -0.0139008 1.18639 9.47303</i>
                        <i>1 0 0 0 1 0 0 0 1 -0.00826678 1.13467 9.76779</i>
                        <i>1 0 0 0 1 0 0 0 1 -0.00308376 1.07597 10.0658</i>
                        <i>1 0 0 0 1 0 0 0 1 5.01745e-018 1.03928 10.3675</i>
                        <i>1 0 0 0 1 0 0 0 1 0.000368689 1.66416 10.8301</i>
                        <i>1 0 0 0 1 0 0 0 1 0.000653178 1.8101 11.0937</i>
                        <i>1 0 0 0 1 0 0 0 1 0.000861123 1.96335 11.3552</i>
                        <i>1 0 0 0 1 0 0 0 1 0.00100018 2.12173 11.6146</i>
                        <i>1 0 0 0 1 0 0 0 1 0.001078 2.28304 11.8722</i>
                        <i>1 0 0 0 1 0 0 0 1 0.00110224 2.44511 12.1282</i>
                        <i>1 0 0 0 1 0 0 0 1 0.00108055 2.60576 12.3826</i>
                        <i>1 0 0 0 1 0 0 0 1 0.00102059 2.7628 12.6358</i>
                        <i>1 0 0 0 1 0 0 0 1 0.000930013 2.91404 12.8878</i>
                        <i>1 0 0 0 1 0 0 0 1 0.000816472 3.05731 13.1388</i>
                        <i>1 0 0 0 1 0 0 0 1 0.000687623 3.19043 13.3891</i>
                        <i>1 0 0 0 1 0 0 0 1 0.000551118 3.3112 13.6387</i>
                        <i>1 0 0 0 1 0 0 0 1 0.000414615 3.41745 13.8879</i>
                        <i>1 0 0 0 1 0 0 0 1 0.000285765 3.507 14.1368</i>
                        <i>1 0 0 0 1 0 0 0 1 0.000172225 3.57765 14.3856</i>
                        <i>1 0 0 0 1 0 0 0 1 8.16471e-005 3.62723 14.6345</i>
                        <i>1 0 0 0 1 0 0 0 1 2.16875e-005 3.65356 14.8837</i>
                        <i>1 0 0 0 1 0 0 0 1 5.71667e-018 3.65445 15.1332</i>
                        <i>1 0 0 0 1 0 0 0 1 5.71667e-018 3.63324 15.3837</i>
                        <i>1 0 0 0 1 0 0 0 1 5.71667e-018 3.59412 15.6351</i>
                        <i>1 0 0 0 1 0 0 0 1 5.71667e-018 3.53734 15.8871</i>
                        <i>1 0 0 0 1 0 0 0 1 5.71667e-018 3.46313 16.1392</i>
                        <i>1 0 0 0 1 0 0 0 1 5.71667e-018 3.37171 16.3911</i>
                        <i>1 0 0 0 1 0 0 0 1 5.71667e-018 3.26332 16.6423</i>
                        <i>1 0 0 0 1 0 0 0 1 5.71667e-018 3.1382 16.8926</i>
                        <i>1 0 0 0 1 0 0 0 1 5.71667e-018 2.99657 17.1414</i>
                        <i>1 0 0 0 1 0 0 0 1 5.71667e-018 2.83867 17.3885</i>
                        <i>1 0 0 0 1 0 0 0 1 5.71667e-018 2.66473 17.6334</i>
                        <i>1 0 0 0 1 0 0 0 1 5.71667e-018 2.47498 17.8757</i>
                        <i>1 0 0 0 1 0 0 0 1 5.71667e-018 2.26966 18.115</i>
                        <i>1 0 0 0 1 0 0 0 1 5.71667e-018 2.04899 18.351</i>
                        <i>1 0 0 0 1 0 0 0 1 5.71667e-018 1.81322 18.5833</i>
                        <i>1 0 0 0 1 0 0 0 1 5.71667e-018 1.56256 18.8114</i>
                        <i>1 0 0 0 1 0 0 0 1 5.71667e-018 1.29726 19.0351</i>
                        <i>1 0 0 0 1 0 0 0 1 5.71667e-018 1.01755 19.2538</i>
                        <i>1 0 0 0 1 0 0 0 1 5.71667e-018 0.723662 19.4672</i>
                        <i>1 0 0 0 1 0 0 0 1 5.71667e-018 0.415822 19.6749</i>
                        <i>1 0 0 0 1 0 0 0 1 5.71667e-018 0.0942678 19.8766</i>
                        <i>1 0 0 0 1 0 0 0 1 5.71667e-018 -0.240769 20.0717</i>
                        <i>1 0 0 0 1 0 0 0 1 5.71667e-018 -0.589055 20.2601</i>
                        <i>1 0 0 0 1 0 0 0 1 5.71667e-018 -0.95036 20.4411</i>
                        <i>1 0 0 0 1 0 0 0 1 5.71667e-018 -1.32445 20.6146</i>
                        <i>1 0 0 0 1 0 0 0 1 5.71667e-018 -1.71109 20.78</i>
                        <i>1 0 0 0 1 0 0 0 1 5.71667e-018 -2.11006 20.937</i>
                        <i>1 0 0 0 1 0 0 0 1 5.71667e-018 -2.52111 21.0852</i>
                        <i>1 0 0 0 1 0 0 0 1 5.71667e-018 -2.94402 21.2242</i>
                        <i>1 0 0 0 1 0 0 0 1 5.71667e-018 -3.37855 21.3536</i>
                        <i>1 0 0 0 1 0 0 0 1 5.71667e-018 -3.82447 21.473</i>
                        <i>1 0 0 0 1 0 0 0 1 5.71667e-018 -4.28155 21.5821</i>
                        <i>1 0 0 0 1 0 0 0 1 5.71667e-018 -4.74955 21.6804</i>
                        <i>1 0 0 0 1 0 0 0 1 5.71667e-018 -5.22825 21.7676</i>
                        <i>1 0 0 0 1 0 0 0 1 5.71667e-018 -5.71741 21.8432</i>
                        <i>1 0 0 0 1 0 0 0 1 5.71667e-018 -6.21679 21.9069</i>
                        <i>1 0 0 0 1 0 0 0 1 5.71667e-018 -6.72618 21.9583</i>
                        <i>1 0 0 0 1 0 0 0 1 5.71667e-018 -7.24532 21.997</i>
                    </KeyFrames>
                </p>
            </i>
            <i>
                <p>
                    <Name>
                        <![CDATA[spine0]]>
</Name>
                    <Exclude>0</Exclude>
                    <Additive>0</Additive>
                    <IKPriority>0</IKPriority>
                    <IKRotLimits>-1e+010 -1e+010 -1e+010 1e+010 1e+010 1e+010</IKRotLimits>
                    <IKRotLimitOrder>0</IKRotLimitOrder>
                    <KeyFrames count="90">
                        <i>0.0376543 0.859698 0.509414 -0.9879 -0.0447266 0.148504 0.150453 -0.508841 0.847611 -0.00780975 1.15986 0.0369368</i>
                        <i>0.0448448 0.854647 0.51727 -0.981941 -0.0575538 0.180222 0.183797 -0.51601 0.836631 -0.00512321 1.16196 0.351989</i>
                        <i>0.0402919 0.851532 0.522752 -0.976935 -0.076226 0.199467 0.209699 -0.518731 0.828821 -0.0043251 1.16887 0.668125</i>
                        <i>0.0301129 0.855697 0.516601 -0.974097 -0.0907622 0.207119 0.224119 -0.509456 0.830798 -0.00432178 1.19287 0.984324</i>
                        <i>0.00522708 0.870179 0.492708 -0.969711 -0.115911 0.214999 0.244198 -0.478908 0.843217 -0.0152067 1.21998 1.30121</i>
                        <i>-0.00690786 0.88254 0.470186 -0.964517 -0.129982 0.229807 0.26393 -0.451915 0.852123 -0.0263277 1.2498 1.61842</i>
                        <i>-0.0184822 0.889847 0.455885 -0.966319 -0.132955 0.22034 0.256681 -0.436458 0.862333 -0.0361974 1.27157 1.93489</i>
                        <i>-0.0189709 0.884724 0.465728 -0.983088 -0.101367 0.152518 0.182146 -0.454959 0.871685 -0.0338254 1.25515 2.2526</i>
                        <i>-0.0184152 0.875769 0.482379 -0.994797 -0.0643992 0.0789409 0.100199 -0.478415 0.872398 -0.0309823 1.23245 2.57028</i>
                        <i>-0.0167738 0.853556 0.520731 -0.999738 -0.0224165 0.00454047 0.0155485 -0.520519 0.853709 -0.0233883 1.2099 2.88772</i>
                        <i>-0.014419 0.835004 0.550055 -0.99814 0.0205646 -0.0573827 -0.0592265 -0.54986 0.833155 -0.0195355 1.20213 3.206</i>
                        <i>0.00195974 0.824708 0.565556 -0.991157 0.0766418 -0.108326 -0.132683 -0.560342 0.817565 -0.0164882 1.23093 3.52414</i>
                        <i>0.0219657 0.824332 0.56568 -0.97969 0.130549 -0.152199 -0.199312 -0.550848 0.810458 -0.0135188 1.26631 3.84016</i>
                        <i>0.0230285 0.832982 0.552821 -0.974777 0.141495 -0.172597 -0.221992 -0.534902 0.81523 -0.00548879 1.30224 4.15031</i>
                        <i>0.0242157 0.841662 0.539462 -0.990178 0.0945196 -0.103021 -0.137698 -0.531668 0.835684 0.00245653 1.31412 4.45982</i>
                        <i>0.0255956 0.849627 0.526762 -0.999101 0.0395539 -0.0152508 -0.033793 -0.525898 0.849876 0.00610972 1.26369 4.76956</i>
                        <i>0.0321179 0.856302 0.515476 -0.997606 -0.0041332 0.069024 0.061236 -0.516459 0.854119 -0.00161025 1.20801 5.09177</i>
                        <i>0.0376543 0.859698 0.509414 -0.9879 -0.0447266 0.148504 0.150453 -0.508841 0.847611 -0.00780975 1.15986 5.4123</i>
                        <i>0.0448448 0.854647 0.51727 -0.981941 -0.0575538 0.180222 0.183797 -0.51601 0.836631 -0.00512321 1.16196 5.72</i>
                        <i>0.0402919 0.851532 0.522752 -0.976935 -0.076226 0.199467 0.209699 -0.518731 0.828821 -0.0043251 1.16887 6.02602</i>
                        <i>0.0301129 0.855697 0.516601 -0.974097 -0.0907622 0.207119 0.224119 -0.509456 0.830798 -0.00432178 1.19287 6.32814</i>
                        <i>0.00522708 0.870179 0.492708 -0.969711 -0.115911 0.214999 0.244198 -0.478908 0.843217 -0.0152067 1.21998 6.62632</i>
                        <i>-0.00690786 0.88254 0.470186 -0.964517 -0.129982 0.229807 0.26393 -0.451915 0.852123 -0.0263277 1.2498 6.92096</i>
                        <i>-0.0184822 0.889847 0.455885 -0.966319 -0.132955 0.22034 0.256681 -0.436458 0.862333 -0.0361974 1.27157 7.21176</i>
                        <i>-0.0189709 0.884724 0.465728 -0.983088 -0.101367 0.152518 0.182146 -0.454959 0.871685 -0.0338254 1.25515 7.50149</i>
                        <i>-0.0184152 0.875769 0.482379 -0.994797 -0.0643992 0.0789409 0.100199 -0.478415 0.872398 -0.0309823 1.23245 7.78965</i>
                        <i>-0.0167738 0.853556 0.520731 -0.999738 -0.0224165 0.00454047 0.0155485 -0.520519 0.853709 -0.0233883 1.2099 8.07681</i>
                        <i>-0.014419 0.835004 0.550055 -0.99814 0.0205646 -0.0573827 -0.0592265 -0.54986 0.833155 -0.0195355 1.20213 8.36481</i>
                        <i>0.00195974 0.824708 0.565556 -0.991157 0.0766418 -0.108326 -0.132683 -0.560342 0.817565 -0.0164882 1.23093 8.65345</i>
                        <i>0.0219657 0.824332 0.56568 -0.97969 0.130549 -0.152199 -0.199312 -0.550848 0.810458 -0.0135188 1.26631 8.94153</i>
                        <i>0.0230285 0.832982 0.552821 -0.974777 0.141495 -0.172597 -0.221992 -0.534902 0.81523 -0.00548879 1.30224 9.22607</i>
                        <i>0.0242157 0.841662 0.539462 -0.990178 0.0945196 -0.103021 -0.137698 -0.531668 0.835684 0.00245653 1.31412 9.51308</i>
                        <i>0.0255956 0.849627 0.526762 -0.999101 0.0395539 -0.0152508 -0.033793 -0.525898 0.849876 0.00610972 1.26369 9.80419</i>
                        <i>0.0335439 0.856546 0.51498 -0.996447 -0.0111668 0.0834782 0.0772536 -0.51595 0.853128 -0.002365 1.20085 10.1138</i>
                        <i>0.0376543 0.859698 0.509414 -0.9879 -0.0447266 0.148504 0.150453 -0.508841 0.847611 -0.00780975 1.15986 10.4244</i>
                        <i>0.0383104 0.852555 0.521232 -0.986379 -0.0512363 0.156303 0.159963 -0.52012 0.838979 -0.00829772 1.78308 10.8904</i>
                        <i>0.0388413 0.844988 0.533373 -0.985087 -0.0571581 0.162288 0.167618 -0.531722 0.830166 -0.00867532 1.92737 11.1572</i>
                        <i>0.0392529 0.837004 0.545787 -0.98404 -0.0624956 0.166614 0.173566 -0.543616 0.821192 -0.00895904 2.079 11.4217</i>
                        <i>0.0395529 0.828612 0.558425 -0.983243 -0.0672573 0.169441 0.177959 -0.555769 0.812066 -0.00916264 2.23576 11.6841</i>
                        <i>0.0397509 0.81982 0.571239 -0.982688 -0.0714576 0.170936 0.180956 -0.568145 0.802787 -0.00929776 2.39548 11.9445</i>
                        <i>0.0398577 0.810644 0.584181 -0.982358 -0.0751182 0.171263 0.182716 -0.580701 0.793348 -0.00937433 2.55597 12.2031</i>
                        <i>0.0398851 0.801097 0.597204 -0.982229 -0.0782683 0.17059 0.183401 -0.593395 0.783739 -0.00940107 2.71504 12.4601</i>
                        <i>0.0398454 0.791198 0.61026 -0.982273 -0.0809454 0.16908 0.183174 -0.606179 0.773947 -0.00938584 2.87051 12.7158</i>
                        <i>0.0397516 0.780968 0.623305 -0.982458 -0.0831962 0.166897 0.182198 -0.619005 0.763961 -0.00933601 3.02019 12.9702</i>
                        <i>0.0396165 0.770428 0.636294 -0.982752 -0.0850764 0.164198 0.180637 -0.631824 0.753769 -0.0092587 3.16189 13.2236</i>
                        <i>0.039453 0.759606 0.649186 -0.983121 -0.0866515 0.161137 0.178654 -0.644585 0.743366 -0.00916102 3.29341 13.4762</i>
                        <i>0.0392736 0.748528 0.661939 -0.983533 -0.0879962 0.157861 0.176412 -0.657239 0.732746 -0.00905026 3.41257 13.7281</i>
                        <i>0.0390908 0.737225 0.674516 -0.983957 -0.0891947 0.154511 0.174073 -0.669734 0.721911 -0.00893395 3.51718 13.9795</i>
                        <i>0.0389165 0.725729 0.686879 -0.984363 -0.0903404 0.151221 0.171799 -0.682023 0.710866 -0.00881995 3.60504 14.2307</i>
                        <i>0.0387625 0.714076 0.698994 -0.984724 -0.0915355 0.148118 0.16975 -0.694058 0.69962 -0.00871646 3.67396 14.4817</i>
                        <i>0.0386403 0.702303 0.710829 -0.985014 -0.0928903 0.145321 0.168088 -0.705792 0.688189 -0.00863191 3.72175 14.7328</i>
                        <i>0.0385613 0.690447 0.722355 -0.985207 -0.0945234 0.142941 0.166973 -0.717181 0.676588 -0.0085749 3.74622 14.9842</i>
                        <i>0.0385369 0.67855 0.733543 -0.985277 -0.0965606 0.141083 0.166563 -0.72818 0.664839 -0.00855402 3.74516 15.236</i>
                        <i>0.0385369 0.67855 0.733543 -0.985277 -0.0965606 0.141083 0.166563 -0.72818 0.664839 -0.00855402 3.72395 15.4865</i>
                        <i>0.0385369 0.67855 0.733543 -0.985277 -0.0965606 0.141083 0.166563 -0.72818 0.664839 -0.00855402 3.68484 15.7379</i>
                        <i>0.0385369 0.67855 0.733543 -0.985277 -0.0965606 0.141083 0.166563 -0.72818 0.664839 -0.00855402 3.62806 15.9898</i>
                        <i>0.0385369 0.67855 0.733543 -0.985277 -0.0965606 0.141083 0.166563 -0.72818 0.664839 -0.00855402 3.55384 16.2419</i>
                        <i>0.0385369 0.67855 0.733543 -0.985277 -0.0965606 0.141083 0.166563 -0.72818 0.664839 -0.00855402 3.46243 16.4938</i>
                        <i>0.0385369 0.67855 0.733543 -0.985277 -0.0965606 0.141083 0.166563 -0.72818 0.664839 -0.00855402 3.35404 16.7451</i>
                        <i>0.0385369 0.67855 0.733543 -0.985277 -0.0965606 0.141083 0.166563 -0.72818 0.664839 -0.00855402 3.22892 16.9953</i>
                        <i>0.0385369 0.67855 0.733543 -0.985277 -0.0965606 0.141083 0.166563 -0.72818 0.664839 -0.00855402 3.08729 17.2442</i>
                        <i>0.0385369 0.67855 0.733543 -0.985277 -0.0965606 0.141083 0.166563 -0.72818 0.664839 -0.00855402 2.92939 17.4912</i>
                        <i>0.0385369 0.67855 0.733543 -0.985277 -0.0965606 0.141083 0.166563 -0.72818 0.664839 -0.00855402 2.75544 17.7361</i>
                        <i>0.0385369 0.67855 0.733543 -0.985277 -0.0965606 0.141083 0.166563 -0.72818 0.664839 -0.00855402 2.5657 17.9784</i>
                        <i>0.0385369 0.67855 0.733543 -0.985277 -0.0965606 0.141083 0.166563 -0.72818 0.664839 -0.00855402 2.36037 18.2178</i>
                        <i>0.0385369 0.67855 0.733543 -0.985277 -0.0965606 0.141083 0.166563 -0.72818 0.664839 -0.00855402 2.13971 18.4538</i>
                        <i>0.0385369 0.67855 0.733543 -0.985277 -0.0965606 0.141083 0.166563 -0.72818 0.664839 -0.00855402 1.90393 18.6861</i>
                        <i>0.0385369 0.67855 0.733543 -0.985277 -0.0965606 0.141083 0.166563 -0.72818 0.664839 -0.00855402 1.65328 18.9142</i>
                        <i>0.0385369 0.67855 0.733543 -0.985277 -0.0965606 0.141083 0.166563 -0.72818 0.664839 -0.00855402 1.38798 19.1378</i>
                        <i>0.0385369 0.67855 0.733543 -0.985277 -0.0965606 0.141083 0.166563 -0.72818 0.664839 -0.00855402 1.10827 19.3565</i>
                        <i>0.0385369 0.67855 0.733543 -0.985277 -0.0965606 0.141083 0.166563 -0.72818 0.664839 -0.00855402 0.814378 19.5699</i>
                        <i>0.0385369 0.67855 0.733543 -0.985277 -0.0965606 0.141083 0.166563 -0.72818 0.664839 -0.00855402 0.506537 19.7777</i>
                        <i>0.0385369 0.67855 0.733543 -0.985277 -0.0965606 0.141083 0.166563 -0.72818 0.664839 -0.00855402 0.184984 19.9793</i>
                        <i>0.0385369 0.67855 0.733543 -0.985277 -0.0965606 0.141083 0.166563 -0.72818 0.664839 -0.00855402 -0.150053 20.1745</i>
                        <i>0.0385369 0.67855 0.733543 -0.985277 -0.0965606 0.141083 0.166563 -0.72818 0.664839 -0.00855402 -0.49834 20.3628</i>
                        <i>0.0385369 0.67855 0.733543 -0.985277 -0.0965606 0.141083 0.166563 -0.72818 0.664839 -0.00855402 -0.859644 20.5439</i>
                        <i>0.0385369 0.67855 0.733543 -0.985277 -0.0965606 0.141083 0.166563 -0.72818 0.664839 -0.00855402 -1.23373 20.7173</i>
                        <i>0.0385369 0.67855 0.733543 -0.985277 -0.0965606 0.141083 0.166563 -0.72818 0.664839 -0.00855402 -1.62038 20.8827</i>
                        <i>0.0385369 0.67855 0.733543 -0.985277 -0.0965606 0.141083 0.166563 -0.72818 0.664839 -0.00855402 -2.01934 21.0397</i>
                        <i>0.0385369 0.67855 0.733543 -0.985277 -0.0965606 0.141083 0.166563 -0.72818 0.664839 -0.00855402 -2.43039 21.1879</i>
                        <i>0.0385369 0.67855 0.733543 -0.985277 -0.0965606 0.141083 0.166563 -0.72818 0.664839 -0.00855402 -2.8533 21.3269</i>
                        <i>0.0385369 0.67855 0.733543 -0.985277 -0.0965606 0.141083 0.166563 -0.72818 0.664839 -0.00855402 -3.28783 21.4563</i>
                        <i>0.0385369 0.67855 0.733543 -0.985277 -0.0965606 0.141083 0.166563 -0.72818 0.664839 -0.00855402 -3.73375 21.5758</i>
                        <i>0.0385369 0.67855 0.733543 -0.985277 -0.0965606 0.141083 0.166563 -0.72818 0.664839 -0.00855402 -4.19083 21.6848</i>
                        <i>0.0385369 0.67855 0.733543 -0.985277 -0.0965606 0.141083 0.166563 -0.72818 0.664839 -0.00855402 -4.65883 21.7832</i>
                        <i>0.0385369 0.67855 0.733543 -0.985277 -0.0965606 0.141083 0.166563 -0.72818 0.664839 -0.00855402 -5.13753 21.8703</i>
                        <i>0.0385369 0.67855 0.733543 -0.985277 -0.0965606 0.141083 0.166563 -0.72818 0.664839 -0.00855402 -5.62669 21.946</i>
                        <i>0.0385369 0.67855 0.733543 -0.985277 -0.0965606 0.141083 0.166563 -0.72818 0.664839 -0.00855402 -6.12608 22.0097</i>
                        <i>0.0385369 0.67855 0.733543 -0.985277 -0.0965606 0.141083 0.166563 -0.72818 0.664839 -0.00855402 -6.63546 22.0611</i>
                        <i>0.0385369 0.67855 0.733543 -0.985277 -0.0965606 0.141083 0.166563 -0.72818 0.664839 -0.00855402 -7.15461 22.0998</i>
                    </KeyFrames>
                </p>
            </i>
            <i>
                <p>
                    <Name>
                        <![CDATA[spine1]]>
</Name>
                    <Exclude>0</Exclude>
                    <Additive>0</Additive>
                    <IKPriority>0</IKPriority>
                    <IKRotLimits>-1e+010 -1e+010 -1e+010 1e+010 1e+010 1e+010</IKRotLimits>
                    <IKRotLimitOrder>0</IKRotLimitOrder>
                    <KeyFrames count="90">
                        <i>0.168921 0.763657 0.623132 -0.975003 0.0368817 0.219109 0.144342 -0.644568 0.750798 -0.00369467 1.31132 0.135724</i>
                        <i>0.123152 0.746409 0.653994 -0.987188 0.0247709 0.157625 0.101452 -0.665027 0.739896 -0.00037236 1.31207 0.451856</i>
                        <i>0.0651128 0.73323 0.676856 -0.997191 0.0226409 0.071402 0.0370294 -0.679604 0.732644 -0.000981632 1.31842 0.768931</i>
                        <i>-0.0015146 0.73384 0.67932 -0.999747 0.0141396 -0.0175034 -0.02245 -0.679175 0.733633 -0.0031387 1.34494 1.08496</i>
                        <i>-0.0531126 0.753804 0.65495 -0.993677 0.0250756 -0.109442 -0.0989208 -0.656621 0.747705 -0.0191673 1.38073 1.40055</i>
                        <i>-0.076116 0.77427 0.628261 -0.988351 0.0246938 -0.150175 -0.13179 -0.632373 0.763371 -0.0331723 1.41828 1.71604</i>
                        <i>-0.104464 0.790492 0.603498 -0.988786 -0.017438 -0.148316 -0.106719 -0.612225 0.783449 -0.0452643 1.44186 2.02977</i>
                        <i>-0.157025 0.78514 0.599082 -0.980566 -0.051703 -0.189255 -0.117617 -0.617157 0.778 -0.0412842 1.4192 2.34704</i>
                        <i>-0.200289 0.771838 0.603449 -0.972663 -0.0827681 -0.21697 -0.117519 -0.630409 0.767316 -0.0365103 1.38911 2.6654</i>
                        <i>-0.247692 0.71959 0.648721 -0.962398 -0.105667 -0.250249 -0.111528 -0.686313 0.718705 -0.0267986 1.35739 2.98787</i>
                        <i>-0.219411 0.6889 0.690851 -0.97032 -0.0802873 -0.228109 -0.101678 -0.720396 0.68607 -0.0209757 1.34167 3.30937</i>
                        <i>-0.140064 0.66559 0.733057 -0.989848 -0.0760722 -0.120057 -0.0241437 -0.742431 0.669488 -0.0136031 1.36694 3.63</i>
                        <i>-0.0447032 0.648201 0.760156 -0.997091 -0.0759765 0.00614988 0.0617404 -0.757669 0.649712 -0.0057978 1.40391 3.94803</i>
                        <i>-0.028882 0.638176 0.769349 -0.989068 -0.129588 0.0703633 0.144603 -0.758906 0.634942 0.00293282 1.44493 4.25848</i>
                        <i>-0.0224132 0.637752 0.769916 -0.97481 -0.184877 0.124763 0.221907 -0.747726 0.62583 0.00968396 1.4627 4.56713</i>
                        <i>0.00895589 0.647587 0.761939 -0.979485 -0.147724 0.137067 0.20132 -0.747535 0.632979 0.0117186 1.41672 4.87512</i>
                        <i>0.0926069 0.712455 0.695581 -0.982357 -0.0486183 0.180585 0.162477 -0.700032 0.695382 0.0033127 1.36 5.19297</i>
                        <i>0.168921 0.763657 0.623132 -0.975003 0.0368817 0.219109 0.144342 -0.644568 0.750798 -0.00369467 1.31132 5.51109</i>
                        <i>0.123152 0.746409 0.653994 -0.987188 0.0247709 0.157625 0.101452 -0.665027 0.739896 -0.00037236 1.31207 5.81986</i>
                        <i>0.0651128 0.73323 0.676856 -0.997191 0.0226409 0.071402 0.0370294 -0.679604 0.732644 -0.000981632 1.31842 6.12682</i>
                        <i>-0.0015146 0.73384 0.67932 -0.999747 0.0141396 -0.0175034 -0.02245 -0.679175 0.733633 -0.0031387 1.34494 6.42878</i>
                        <i>-0.0531126 0.753804 0.65495 -0.993677 0.0250756 -0.109442 -0.0989208 -0.656621 0.747705 -0.0191673 1.38073 6.72566</i>
                        <i>-0.076116 0.77427 0.628261 -0.988351 0.0246938 -0.150175 -0.13179 -0.632373 0.763371 -0.0331723 1.41828 7.01858</i>
                        <i>-0.104464 0.790492 0.603498 -0.988786 -0.017438 -0.148316 -0.106719 -0.612225 0.783449 -0.0452643 1.44186 7.30664</i>
                        <i>-0.157025 0.78514 0.599082 -0.980566 -0.051703 -0.189255 -0.117617 -0.617157 0.778 -0.0412842 1.4192 7.59593</i>
                        <i>-0.200289 0.771838 0.603449 -0.972663 -0.0827681 -0.21697 -0.117519 -0.630409 0.767316 -0.0365103 1.38911 7.88477</i>
                        <i>-0.247692 0.71959 0.648721 -0.962398 -0.105667 -0.250249 -0.111528 -0.686313 0.718705 -0.0267986 1.35739 8.17696</i>
                        <i>-0.219411 0.6889 0.690851 -0.97032 -0.0802873 -0.228109 -0.101678 -0.720396 0.68607 -0.0209757 1.34167 8.46817</i>
                        <i>-0.140064 0.66559 0.733057 -0.989848 -0.0760722 -0.120057 -0.0241437 -0.742431 0.669488 -0.0136031 1.36694 8.75931</i>
                        <i>-0.0447032 0.648201 0.760156 -0.997091 -0.0759765 0.00614988 0.0617404 -0.757669 0.649712 -0.0057978 1.40391 9.0494</i>
                        <i>-0.028882 0.638176 0.769349 -0.989068 -0.129588 0.0703633 0.144603 -0.758906 0.634942 0.00293282 1.44493 9.33424</i>
                        <i>-0.0224132 0.637752 0.769916 -0.97481 -0.184877 0.124763 0.221907 -0.747726 0.62583 0.00968396 1.4627 9.62039</i>
                        <i>0.00895589 0.647587 0.761939 -0.979485 -0.147724 0.137067 0.20132 -0.747535 0.632979 0.0117186 1.41672 9.90976</i>
                        <i>0.100011 0.718842 0.687942 -0.982805 -0.0364886 0.181005 0.155216 -0.694215 0.702832 0.00249999 1.35267 10.2147</i>
                        <i>0.168921 0.763657 0.623132 -0.975003 0.0368817 0.219109 0.144342 -0.644568 0.750798 -0.00369467 1.31132 10.5232</i>
                        <i>0.175422 0.759057 0.626945 -0.974123 0.0416409 0.222148 0.142517 -0.649691 0.74672 -0.00425599 1.93343 10.9915</i>
                        <i>0.18047 0.75325 0.632491 -0.973404 0.0445175 0.224727 0.141119 -0.656226 0.741251 -0.00469218 2.07656 11.2608</i>
                        <i>0.18424 0.746313 0.639587 -0.972848 0.0457253 0.226885 0.140082 -0.664022 0.734474 -0.00502159 2.22694 11.5278</i>
                        <i>0.18689 0.738315 0.648046 -0.972447 0.045463 0.228648 0.139352 -0.672923 0.726468 -0.00525965 2.3824 11.7927</i>
                        <i>0.18856 0.729318 0.657678 -0.972191 0.0439161 0.230033 0.138884 -0.682764 0.717318 -0.00541941 2.54073 12.0556</i>
                        <i>0.189382 0.719388 0.668293 -0.972066 0.0412604 0.231051 0.138641 -0.693382 0.707107 -0.00551206 2.69977 12.3169</i>
                        <i>0.189479 0.70859 0.679704 -0.972055 0.0376638 0.231712 0.138588 -0.704614 0.695925 -0.00554746 2.85732 12.5766</i>
                        <i>0.188966 0.696998 0.691727 -0.97214 0.0332884 0.232027 0.138696 -0.7163 0.683869 -0.00553451 3.01119 12.8349</i>
                        <i>0.187957 0.68469 0.704182 -0.972301 0.0282921 0.232013 0.138934 -0.728286 0.671042 -0.00548157 3.15921 13.092</i>
                        <i>0.186564 0.671755 0.716896 -0.97252 0.0228293 0.231696 0.139276 -0.740422 0.657554 -0.00539674 3.29918 13.3481</i>
                        <i>0.184898 0.658293 0.729701 -0.972779 0.017052 0.231107 0.139693 -0.752569 0.643526 -0.00528814 3.42893 13.6034</i>
                        <i>0.183071 0.644414 0.742439 -0.973058 0.0111094 0.230295 0.140157 -0.764596 0.629086 -0.00516407 3.54626 13.858</i>
                        <i>0.181199 0.630241 0.754959 -0.973339 0.00514785 0.229315 0.140637 -0.776383 0.61437 -0.00503314 3.64899 14.112</i>
                        <i>0.179398 0.615906 0.767122 -0.973605 -0.000689358 0.228239 0.141102 -0.787819 0.599526 -0.0049043 3.73493 14.3658</i>
                        <i>0.177787 0.601554 0.778797 -0.97384 -0.00626306 0.227149 0.14152 -0.798807 0.584704 -0.00478691 3.8019 14.6194</i>
                        <i>0.176487 0.58734 0.789864 -0.974027 -0.0114388 0.226142 0.141857 -0.80926 0.570066 -0.00469057 3.84771 14.873</i>
                        <i>0.175619 0.573425 0.800214 -0.974152 -0.0160877 0.225321 0.142078 -0.8191 0.555777 -0.00462507 3.87017 15.1268</i>
                        <i>0.175307 0.55998 0.809747 -0.974198 -0.0200871 0.224801 0.14215 -0.828263 0.54201 -0.00460019 3.86709 15.3809</i>
                        <i>0.175307 0.55998 0.809747 -0.974198 -0.0200871 0.224801 0.14215 -0.828263 0.54201 -0.00460019 3.84588 15.6314</i>
                        <i>0.175307 0.55998 0.809747 -0.974198 -0.0200871 0.224801 0.14215 -0.828263 0.54201 -0.00460019 3.80677 15.8828</i>
                        <i>0.175307 0.55998 0.809747 -0.974198 -0.0200871 0.224801 0.14215 -0.828263 0.54201 -0.00460019 3.74999 16.1347</i>
                        <i>0.175307 0.55998 0.809747 -0.974198 -0.0200871 0.224801 0.14215 -0.828263 0.54201 -0.00460019 3.67577 16.3868</i>
                        <i>0.175307 0.55998 0.809747 -0.974198 -0.0200871 0.224801 0.14215 -0.828263 0.54201 -0.00460019 3.58436 16.6387</i>
                        <i>0.175307 0.55998 0.809747 -0.974198 -0.0200871 0.224801 0.14215 -0.828263 0.54201 -0.00460019 3.47597 16.89</i>
                        <i>0.175307 0.55998 0.809747 -0.974198 -0.0200871 0.224801 0.14215 -0.828263 0.54201 -0.00460019 3.35084 17.1402</i>
                        <i>0.175307 0.55998 0.809747 -0.974198 -0.0200871 0.224801 0.14215 -0.828263 0.54201 -0.00460019 3.20922 17.3891</i>
                        <i>0.175307 0.55998 0.809747 -0.974198 -0.0200871 0.224801 0.14215 -0.828263 0.54201 -0.00460019 3.05132 17.6362</i>
                        <i>0.175307 0.55998 0.809747 -0.974198 -0.0200871 0.224801 0.14215 -0.828263 0.54201 -0.00460019 2.87737 17.881</i>
                        <i>0.175307 0.55998 0.809747 -0.974198 -0.0200871 0.224801 0.14215 -0.828263 0.54201 -0.00460019 2.68762 18.1234</i>
                        <i>0.175307 0.55998 0.809747 -0.974198 -0.0200871 0.224801 0.14215 -0.828263 0.54201 -0.00460019 2.4823 18.3627</i>
                        <i>0.175307 0.55998 0.809747 -0.974198 -0.0200871 0.224801 0.14215 -0.828263 0.54201 -0.00460019 2.26164 18.5987</i>
                        <i>0.175307 0.55998 0.809747 -0.974198 -0.0200871 0.224801 0.14215 -0.828263 0.54201 -0.00460019 2.02586 18.831</i>
                        <i>0.175307 0.55998 0.809747 -0.974198 -0.0200871 0.224801 0.14215 -0.828263 0.54201 -0.00460019 1.77521 19.0591</i>
                        <i>0.175307 0.55998 0.809747 -0.974198 -0.0200871 0.224801 0.14215 -0.828263 0.54201 -0.00460019 1.50991 19.2827</i>
                        <i>0.175307 0.55998 0.809747 -0.974198 -0.0200871 0.224801 0.14215 -0.828263 0.54201 -0.00460019 1.2302 19.5014</i>
                        <i>0.175307 0.55998 0.809747 -0.974198 -0.0200871 0.224801 0.14215 -0.828263 0.54201 -0.00460019 0.936308 19.7149</i>
                        <i>0.175307 0.55998 0.809747 -0.974198 -0.0200871 0.224801 0.14215 -0.828263 0.54201 -0.00460019 0.628467 19.9226</i>
                        <i>0.175307 0.55998 0.809747 -0.974198 -0.0200871 0.224801 0.14215 -0.828263 0.54201 -0.00460019 0.306913 20.1242</i>
                        <i>0.175307 0.55998 0.809747 -0.974198 -0.0200871 0.224801 0.14215 -0.828263 0.54201 -0.00460019 -0.0281235 20.3194</i>
                        <i>0.175307 0.55998 0.809747 -0.974198 -0.0200871 0.224801 0.14215 -0.828263 0.54201 -0.00460019 -0.37641 20.5077</i>
                        <i>0.175307 0.55998 0.809747 -0.974198 -0.0200871 0.224801 0.14215 -0.828263 0.54201 -0.00460019 -0.737715 20.6888</i>
                        <i>0.175307 0.55998 0.809747 -0.974198 -0.0200871 0.224801 0.14215 -0.828263 0.54201 -0.00460019 -1.1118 20.8623</i>
                        <i>0.175307 0.55998 0.809747 -0.974198 -0.0200871 0.224801 0.14215 -0.828263 0.54201 -0.00460019 -1.49845 21.0277</i>
                        <i>0.175307 0.55998 0.809747 -0.974198 -0.0200871 0.224801 0.14215 -0.828263 0.54201 -0.00460019 -1.89741 21.1847</i>
                        <i>0.175307 0.55998 0.809747 -0.974198 -0.0200871 0.224801 0.14215 -0.828263 0.54201 -0.00460019 -2.30846 21.3329</i>
                        <i>0.175307 0.55998 0.809747 -0.974198 -0.0200871 0.224801 0.14215 -0.828263 0.54201 -0.00460019 -2.73137 21.4719</i>
                        <i>0.175307 0.55998 0.809747 -0.974198 -0.0200871 0.224801 0.14215 -0.828263 0.54201 -0.00460019 -3.1659 21.6013</i>
                        <i>0.175307 0.55998 0.809747 -0.974198 -0.0200871 0.224801 0.14215 -0.828263 0.54201 -0.00460019 -3.61182 21.7207</i>
                        <i>0.175307 0.55998 0.809747 -0.974198 -0.0200871 0.224801 0.14215 -0.828263 0.54201 -0.00460019 -4.0689 21.8298</i>
                        <i>0.175307 0.55998 0.809747 -0.974198 -0.0200871 0.224801 0.14215 -0.828263 0.54201 -0.00460019 -4.5369 21.9281</i>
                        <i>0.175307 0.55998 0.809747 -0.974198 -0.0200871 0.224801 0.14215 -0.828263 0.54201 -0.00460019 -5.0156 22.0153</i>
                        <i>0.175307 0.55998 0.809747 -0.974198 -0.0200871 0.224801 0.14215 -0.828263 0.54201 -0.00460019 -5.50476 22.0909</i>
                        <i>0.175307 0.55998 0.809747 -0.974198 -0.0200871 0.224801 0.14215 -0.828263 0.54201 -0.00460019 -6.00415 22.1546</i>
                        <i>0.175307 0.55998 0.809747 -0.974198 -0.0200871 0.224801 0.14215 -0.828263 0.54201 -0.00460019 -6.51353 22.206</i>
