<?xml version="1.0" encoding="ISO-8859-1" ?>
<Animl Version="1">
    <ModellingPackage><![CDATA[Maya.2010]]></ModellingPackage>
    <SrcFile><![CDATA[anims\characters\shared\base_soldier\~src\infantry\onfire.mb]]></SrcFile>
    <FramesPerSecond>30</FramesPerSecond>
    <TotalFrames>60</TotalFrames>
    <Skeleton>
        <RefFrame>
            <Name><![CDATA[soldier_ref_frame]]></Name>
            <Exclude>1</Exclude>
            <Additive>0</Additive>
            <IKPriority>0</IKPriority>
            <IKRotLimits>-1e+010 -1e+010 -1e+010 1e+010 1e+010 1e+010</IKRotLimits>
            <IKRotLimitOrder>0</IKRotLimitOrder>
            <KeyFrames count="60">
                <i>1 0 0 0 1 0 0 0 1 -0.04668 0 0.6382</i>
                <i>1 0 0 0 1 0 0 0 1 -0.04668 0 0.6382</i>
                <i>1 0 0 0 1 0 0 0 1 -0.04668 0 0.6382</i>
                <i>1 0 0 0 1 0 0 0 1 -0.04668 0 0.6382</i>
                <i>1 0 0 0 1 0 0 0 1 -0.04668 0 0.6382</i>
                <i>1 0 0 0 1 0 0 0 1 -0.04668 0 0.6382</i>
                <i>1 0 0 0 1 0 0 0 1 -0.04668 0 0.6382</i>
                <i>1 0 0 0 1 0 0 0 1 -0.04668 0 0.6382</i>
                <i>1 0 0 0 1 0 0 0 1 -0.04668 0 0.6382</i>
                <i>1 0 0 0 1 0 0 0 1 -0.04668 0 0.6382</i>
                <i>1 0 0 0 1 0 0 0 1 -0.04668 0 0.6382</i>
                <i>1 0 0 0 1 0 0 0 1 -0.04668 0 0.6382</i>
                <i>1 0 0 0 1 0 0 0 1 -0.04668 0 0.6382</i>
                <i>1 0 0 0 1 0 0 0 1 -0.04668 0 0.6382</i>
                <i>1 0 0 0 1 0 0 0 1 -0.04668 0 0.6382</i>
                <i>1 0 0 0 1 0 0 0 1 -0.04668 0 0.6382</i>
                <i>1 0 0 0 1 0 0 0 1 -0.04668 0 0.6382</i>
                <i>1 0 0 0 1 0 0 0 1 -0.04668 0 0.6382</i>
                <i>1 0 0 0 1 0 0 0 1 -0.04668 0 0.6382</i>
                <i>1 0 0 0 1 0 0 0 1 -0.04668 0 0.6382</i>
                <i>1 0 0 0 1 0 0 0 1 -0.04668 0 0.6382</i>
                <i>1 0 0 0 1 0 0 0 1 -0.04668 0 0.6382</i>
                <i>1 0 0 0 1 0 0 0 1 -0.04668 0 0.6382</i>
                <i>1 0 0 0 1 0 0 0 1 -0.04668 0 0.6382</i>
                <i>1 0 0 0 1 0 0 0 1 -0.04668 0 0.6382</i>
                <i>1 0 0 0 1 0 0 0 1 -0.04668 0 0.6382</i>
                <i>1 0 0 0 1 0 0 0 1 -0.04668 0 0.6382</i>
                <i>1 0 0 0 1 0 0 0 1 -0.04668 0 0.6382</i>
                <i>1 0 0 0 1 0 0 0 1 -0.04668 0 0.6382</i>
                <i>1 0 0 0 1 0 0 0 1 -0.04668 0 0.6382</i>
                <i>1 0 0 0 1 0 0 0 1 -0.04668 0 0.6382</i>
                <i>1 0 0 0 1 0 0 0 1 -0.04668 0 0.6382</i>
                <i>1 0 0 0 1 0 0 0 1 -0.04668 0 0.6382</i>
                <i>1 0 0 0 1 0 0 0 1 -0.04668 0 0.6382</i>
                <i>1 0 0 0 1 0 0 0 1 -0.04668 0 0.6382</i>
                <i>1 0 0 0 1 0 0 0 1 -0.04668 0 0.6382</i>
                <i>1 0 0 0 1 0 0 0 1 -0.04668 0 0.6382</i>
                <i>1 0 0 0 1 0 0 0 1 -0.04668 0 0.6382</i>
                <i>1 0 0 0 1 0 0 0 1 -0.04668 0 0.6382</i>
                <i>1 0 0 0 1 0 0 0 1 -0.04668 0 0.6382</i>
                <i>1 0 0 0 1 0 0 0 1 -0.04668 0 0.6382</i>
                <i>1 0 0 0 1 0 0 0 1 -0.04668 0 0.6382</i>
                <i>1 0 0 0 1 0 0 0 1 -0.04668 0 0.6382</i>
                <i>1 0 0 0 1 0 0 0 1 -0.04668 0 0.6382</i>
                <i>1 0 0 0 1 0 0 0 1 -0.04668 0 0.6382</i>
                <i>1 0 0 0 1 0 0 0 1 -0.04668 0 0.6382</i>
                <i>1 0 0 0 1 0 0 0 1 -0.04668 0 0.6382</i>
                <i>1 0 0 0 1 0 0 0 1 -0.04668 0 0.6382</i>
                <i>1 0 0 0 1 0 0 0 1 -0.04668 0 0.6382</i>
                <i>1 0 0 0 1 0 0 0 1 -0.04668 0 0.6382</i>
                <i>1 0 0 0 1 0 0 0 1 -0.04668 0 0.6382</i>
                <i>1 0 0 0 1 0 0 0 1 -0.04668 0 0.6382</i>
                <i>1 0 0 0 1 0 0 0 1 -0.04668 0 0.6382</i>
                <i>1 0 0 0 1 0 0 0 1 -0.04668 0 0.6382</i>
                <i>1 0 0 0 1 0 0 0 1 -0.04668 0 0.6382</i>
                <i>1 0 0 0 1 0 0 0 1 -0.04668 0 0.6382</i>
                <i>1 0 0 0 1 0 0 0 1 -0.04668 0 0.6382</i>
                <i>1 0 0 0 1 0 0 0 1 -0.04668 0 0.6382</i>
                <i>1 0 0 0 1 0 0 0 1 -0.04668 0 0.6382</i>
                <i>1 0 0 0 1 0 0 0 1 -0.04668 0 0.6382</i>
            </KeyFrames>
        </RefFrame>
        <Bones count="23">
            <i>
                <p>
                    <Name><![CDATA[pelvis]]></Name>
                    <Exclude>1</Exclude>
                    <Additive>0</Additive>
                    <IKPriority>0</IKPriority>
                    <IKRotLimits>-1e+010 -1e+010 -1e+010 1e+010 1e+010 1e+010</IKRotLimits>
                    <IKRotLimitOrder>2</IKRotLimitOrder>
                    <KeyFrames count="60">
                        <i>1 0 0 0 1 0 0 0 1 -0.04668 1.1467 0.6382</i>
                        <i>1 0 0 0 1 0 0 0 1 -0.04668 1.1467 0.6382</i>
                        <i>1 0 0 0 1 0 0 0 1 -0.04668 1.1467 0.6382</i>
                        <i>1 0 0 0 1 0 0 0 1 -0.04668 1.1467 0.6382</i>
                        <i>1 0 0 0 1 0 0 0 1 -0.04668 1.1467 0.6382</i>
                        <i>1 0 0 0 1 0 0 0 1 -0.04668 1.1467 0.6382</i>
                        <i>1 0 0 0 1 0 0 0 1 -0.04668 1.1467 0.6382</i>
                        <i>1 0 0 0 1 0 0 0 1 -0.04668 1.1467 0.6382</i>
                        <i>1 0 0 0 1 0 0 0 1 -0.04668 1.1467 0.6382</i>
                        <i>1 0 0 0 1 0 0 0 1 -0.04668 1.1467 0.6382</i>
                        <i>1 0 0 0 1 0 0 0 1 -0.04668 1.1467 0.6382</i>
                        <i>1 0 0 0 1 0 0 0 1 -0.04668 1.1467 0.6382</i>
                        <i>1 0 0 0 1 0 0 0 1 -0.04668 1.1467 0.6382</i>
                        <i>1 0 0 0 1 0 0 0 1 -0.04668 1.1467 0.6382</i>
                        <i>1 0 0 0 1 0 0 0 1 -0.04668 1.1467 0.6382</i>
                        <i>1 0 0 0 1 0 0 0 1 -0.04668 1.1467 0.6382</i>
                        <i>1 0 0 0 1 0 0 0 1 -0.04668 1.1467 0.6382</i>
                        <i>1 0 0 0 1 0 0 0 1 -0.04668 1.1467 0.6382</i>
                        <i>1 0 0 0 1 0 0 0 1 -0.04668 1.1467 0.6382</i>
                        <i>1 0 0 0 1 0 0 0 1 -0.04668 1.1467 0.6382</i>
                        <i>1 0 0 0 1 0 0 0 1 -0.04668 1.1467 0.6382</i>
                        <i>1 0 0 0 1 0 0 0 1 -0.04668 1.1467 0.6382</i>
                        <i>1 0 0 0 1 0 0 0 1 -0.04668 1.1467 0.6382</i>
                        <i>1 0 0 0 1 0 0 0 1 -0.04668 1.1467 0.6382</i>
                        <i>1 0 0 0 1 0 0 0 1 -0.04668 1.1467 0.6382</i>
                        <i>1 0 0 0 1 0 0 0 1 -0.04668 1.1467 0.6382</i>
                        <i>1 0 0 0 1 0 0 0 1 -0.04668 1.1467 0.6382</i>
                        <i>1 0 0 0 1 0 0 0 1 -0.04668 1.1467 0.6382</i>
                        <i>1 0 0 0 1 0 0 0 1 -0.04668 1.1467 0.6382</i>
                        <i>1 0 0 0 1 0 0 0 1 -0.04668 1.1467 0.6382</i>
                        <i>1 0 0 0 1 0 0 0 1 -0.04668 1.1467 0.6382</i>
                        <i>1 0 0 0 1 0 0 0 1 -0.04668 1.1467 0.6382</i>
                        <i>1 0 0 0 1 0 0 0 1 -0.04668 1.1467 0.6382</i>
                        <i>1 0 0 0 1 0 0 0 1 -0.04668 1.1467 0.6382</i>
                        <i>1 0 0 0 1 0 0 0 1 -0.04668 1.1467 0.6382</i>
                        <i>1 0 0 0 1 0 0 0 1 -0.04668 1.1467 0.6382</i>
                        <i>1 0 0 0 1 0 0 0 1 -0.04668 1.1467 0.6382</i>
                        <i>1 0 0 0 1 0 0 0 1 -0.04668 1.1467 0.6382</i>
                        <i>1 0 0 0 1 0 0 0 1 -0.04668 1.1467 0.6382</i>
                        <i>1 0 0 0 1 0 0 0 1 -0.04668 1.1467 0.6382</i>
                        <i>1 0 0 0 1 0 0 0 1 -0.04668 1.1467 0.6382</i>
                        <i>1 0 0 0 1 0 0 0 1 -0.04668 1.1467 0.6382</i>
                        <i>1 0 0 0 1 0 0 0 1 -0.04668 1.1467 0.6382</i>
                        <i>1 0 0 0 1 0 0 0 1 -0.04668 1.1467 0.6382</i>
                        <i>1 0 0 0 1 0 0 0 1 -0.04668 1.1467 0.6382</i>
                        <i>1 0 0 0 1 0 0 0 1 -0.04668 1.1467 0.6382</i>
                        <i>1 0 0 0 1 0 0 0 1 -0.04668 1.1467 0.6382</i>
                        <i>1 0 0 0 1 0 0 0 1 -0.04668 1.1467 0.6382</i>
                        <i>1 0 0 0 1 0 0 0 1 -0.04668 1.1467 0.6382</i>
                        <i>1 0 0 0 1 0 0 0 1 -0.04668 1.1467 0.6382</i>
                        <i>1 0 0 0 1 0 0 0 1 -0.04668 1.1467 0.6382</i>
                        <i>1 0 0 0 1 0 0 0 1 -0.04668 1.1467 0.6382</i>
                        <i>1 0 0 0 1 0 0 0 1 -0.04668 1.1467 0.6382</i>
                        <i>1 0 0 0 1 0 0 0 1 -0.04668 1.1467 0.6382</i>
                        <i>1 0 0 0 1 0 0 0 1 -0.04668 1.1467 0.6382</i>
                        <i>1 0 0 0 1 0 0 0 1 -0.04668 1.1467 0.6382</i>
                        <i>1 0 0 0 1 0 0 0 1 -0.04668 1.1467 0.6382</i>
                        <i>1 0 0 0 1 0 0 0 1 -0.04668 1.1467 0.6382</i>
                        <i>1 0 0 0 1 0 0 0 1 -0.04668 1.1467 0.6382</i>
                        <i>1 0 0 0 1 0 0 0 1 -0.04668 1.1467 0.6382</i>
                    </KeyFrames>
                </p>
            </i>
            <i>
                <p>
                    <Name><![CDATA[spine0]]></Name>
                    <Exclude>0</Exclude>
                    <Additive>0</Additive>
                    <IKPriority>0</IKPriority>
                    <IKRotLimits>-1e+010 -1e+010 -1e+010 1e+010 1e+010 1e+010</IKRotLimits>
                    <IKRotLimitOrder>0</IKRotLimitOrder>
                    <KeyFrames count="60">
                        <i>-0.208157 0.977571 0.0320267 -0.912961 -0.182442 -0.364989 -0.350959 -0.105214 0.930461 -0.0282483 1.28419 0.61204</i>
                        <i>-0.239252 0.970756 0.0197784 -0.905051 -0.215589 -0.366611 -0.351626 -0.105613 0.930164 -0.0282483 1.28419 0.61204</i>
                        <i>-0.263338 0.96465 0.010177 -0.89814 -0.241304 -0.367582 -0.352132 -0.105939 0.929935 -0.0282483 1.28419 0.61204</i>
                        <i>-0.281118 0.959668 0.00302262 -0.892589 -0.260309 -0.368135 -0.352501 -0.106188 0.929767 -0.0282483 1.28419 0.61204</i>
                        <i>-0.29328 0.956025 -0.00189926 -0.888569 -0.273319 -0.368432 -0.352749 -0.106366 0.929653 -0.0282483 1.28419 0.61204</i>
                        <i>-0.300468 0.95378 -0.00480353 -0.886108 -0.281006 -0.368575 -0.35289 -0.106489 0.929585 -0.0282483 1.28419 0.61204</i>
                        <i>-0.303269 0.952887 -0.00589845 -0.885136 -0.283988 -0.368625 -0.352933 -0.106571 0.92956 -0.0282483 1.28419 0.61204</i>
                        <i>-0.302211 0.953226 -0.00538511 -0.885516 -0.282826 -0.368606 -0.352888 -0.106628 0.92957 -0.0282483 1.28419 0.61204</i>
                        <i>-0.297618 0.954679 -0.00335211 -0.887126 -0.277853 -0.368519 -0.352749 -0.106704 0.929614 -0.0282483 1.28419 0.61204</i>
                        <i>-0.28988 0.957063 -2.99876e-005 -0.889766 -0.269509 -0.368351 -0.352543 -0.106751 0.929687 -0.0282483 1.28419 0.61204</i>
                        <i>-0.279599 0.960108 0.0041833 -0.893137 -0.258492 -0.368088 -0.352322 -0.106653 0.929782 -0.0282483 1.28419 0.61204</i>
                        <i>-0.267436 0.963534 0.00896216 -0.896938 -0.245532 -0.367717 -0.352107 -0.106379 0.929895 -0.0282483 1.28419 0.61204</i>
                        <i>-0.254116 0.967071 0.014087 -0.90089 -0.231376 -0.367237 -0.351885 -0.106011 0.930021 -0.0282483 1.28419 0.61204</i>
                        <i>-0.24039 0.970482 0.0194156 -0.904748 -0.216772 -0.366661 -0.351629 -0.105708 0.930152 -0.0282483 1.28419 0.61204</i>
                        <i>-0.227198 0.973534 0.024764 -0.90827 -0.202656 -0.366027 -0.351321 -0.105653 0.930275 -0.0282483 1.28419 0.61204</i>
                        <i>-0.214948 0.976171 0.0298025 -0.911365 -0.189524 -0.36537 -0.351015 -0.105697 0.930385 -0.0282483 1.28419 0.61204</i>
                        <i>-0.19788 0.979547 0.0364891 -0.915363 -0.171342 -0.364353 -0.350649 -0.105499 0.930546 -0.0282483 1.28419 0.61204</i>
                        <i>-0.170824 0.984188 0.0468235 -0.921009 -0.142612 -0.362498 -0.350089 -0.105048 0.930808 -0.0282483 1.28419 0.61204</i>
                        <i>-0.136907 0.988788 0.0596282 -0.926933 -0.106648 -0.359751 -0.349358 -0.104524 0.931141 -0.0282483 1.28419 0.61204</i>
                        <i>-0.0994995 0.992321 0.0734778 -0.932003 -0.0670768 -0.35619 -0.348526 -0.103922 0.93152 -0.0282483 1.28419 0.61204</i>
                        <i>-0.0599783 0.994327 0.08784 -0.935719 -0.0253618 -0.351832 -0.347609 -0.103296 0.931933 -0.0282483 1.28419 0.61204</i>
                        <i>-0.0197793 0.994566 0.102216 -0.937794 0.0169896 -0.346777 -0.346629 -0.102717 0.932361 -0.0282483 1.28419 0.61204</i>
                        <i>0.0196714 0.993036 0.116161 -0.938167 0.0584973 -0.341205 -0.345624 -0.102267 0.932784 -0.0282483 1.28419 0.61204</i>
                        <i>0.0569985 0.989968 0.129286 -0.937001 0.0977472 -0.335373 -0.344646 -0.102025 0.933172 -0.0282483 1.28419 0.61204</i>
                        <i>0.0908828 0.985795 0.141237 -0.934651 0.13339 -0.329597 -0.343755 -0.102053 0.933498 -0.0282483 1.28419 0.61204</i>
                        <i>0.120056 0.981112 0.151676 -0.931626 0.164128 -0.324244 -0.343014 -0.102378 0.933735 -0.0282483 1.28419 0.61204</i>
                        <i>0.143925 0.976402 0.161009 -0.928417 0.189546 -0.319553 -0.342531 -0.103492 0.933789 -0.0282483 1.28419 0.61204</i>
                        <i>0.161804 0.97237 0.168275 -0.925572 0.208679 -0.315862 -0.34225 -0.104643 0.933764 -0.0282483 1.28419 0.61204</i>
                        <i>0.171506 0.970128 0.171574 -0.92391 0.218841 -0.313847 -0.342019 -0.104692 0.933843 -0.0282483 1.28419 0.61204</i>
                        <i>0.169971 0.970569 0.170604 -0.924205 0.21708 -0.314199 -0.341987 -0.104268 0.933902 -0.0282483 1.28419 0.61204</i>
                        <i>0.152483 0.9745 0.164615 -0.927095 0.198748 -0.317795 -0.342408 -0.104155 0.93376 -0.0282483 1.28419 0.61204</i>
                        <i>0.120886 0.980662 0.153909 -0.931452 0.165664 -0.323964 -0.343197 -0.104196 0.933466 -0.0282483 1.28419 0.61204</i>
                        <i>0.0822563 0.986631 0.140688 -0.935304 0.125171 -0.330966 -0.344151 -0.104362 0.933096 -0.0282483 1.28419 0.61204</i>
                        <i>0.0436724 0.990914 0.127209 -0.937557 0.0846321 -0.337379 -0.34508 -0.104532 0.932734 -0.0282483 1.28419 0.61204</i>
                        <i>0.0117296 0.993213 0.115713 -0.938223 0.0509548 -0.34226 -0.345833 -0.10455 0.932453 -0.0282483 1.28419 0.61204</i>
                        <i>-0.0124623 0.994215 0.106682 -0.938002 0.0253373 -0.345703 -0.346406 -0.104377 0.93226 -0.0282483 1.28419 0.61204</i>
                        <i>-0.0321367 0.994555 0.0991356 -0.937358 0.00443342 -0.34834 -0.346883 -0.10412 0.932111 -0.0282483 1.28419 0.61204</i>
                        <i>-0.0477031 0.994519 0.0930429 -0.936551 -0.012148 -0.350322 -0.347271 -0.103851 0.931997 -0.0282483 1.28419 0.61204</i>
                        <i>-0.0597687 0.994307 0.0882124 -0.935742 -0.0250379 -0.351796 -0.347584 -0.10357 0.931911 -0.0282483 1.28419 0.61204</i>
                        <i>-0.0689391 0.994038 0.0844696 -0.935019 -0.0348596 -0.352879 -0.347831 -0.103308 0.931848 -0.0282483 1.28419 0.61204</i>
                        <i>-0.0759605 0.993768 0.0815795 -0.934403 -0.0423884 -0.353686 -0.348024 -0.103094 0.9318 -0.0282483 1.28419 0.61204</i>
                        <i>-0.0815673 0.993508 0.0793003 -0.933873 -0.0483903 -0.354315 -0.348178 -0.102957 0.931757 -0.0282483 1.28419 0.61204</i>
                        <i>-0.0863444 0.993252 0.0774328 -0.933397 -0.0534783 -0.354839 -0.348303 -0.102914 0.931715 -0.0282483 1.28419 0.61204</i>
                        <i>-0.0906874 0.992988 0.0758368 -0.932946 -0.0580687 -0.355303 -0.348407 -0.102973 0.93167 -0.0282483 1.28419 0.61204</i>
                        <i>-0.0948853 0.992704 0.0744022 -0.932495 -0.062468 -0.35574 -0.348497 -0.103134 0.931619 -0.0282483 1.28419 0.61204</i>
                        <i>-0.0938667 0.992754 0.075028 -0.932616 -0.061304 -0.355625 -0.348448 -0.103354 0.931612 -0.0282483 1.28419 0.61204</i>
                        <i>-0.0841783 0.993317 0.0789611 -0.933638 -0.0509347 -0.354577 -0.348186 -0.103569 0.931687 -0.0282483 1.28419 0.61204</i>
                        <i>-0.0685929 0.99401 0.0850781 -0.935061 -0.0343269 -0.35282 -0.347787 -0.103754 0.931815 -0.0282483 1.28419 0.61204</i>
                        <i>-0.0497887 0.994486 0.0923008 -0.936424 -0.0143439 -0.350577 -0.34732 -0.103887 0.931974 -0.0282483 1.28419 0.61204</i>
                        <i>-0.0302366 0.994562 0.0996615 -0.937435 0.00638212 -0.348101 -0.346844 -0.103952 0.932144 -0.0282483 1.28419 0.61204</i>
                        <i>-0.0122435 0.994259 0.106301 -0.938003 0.0254091 -0.345694 -0.34641 -0.103943 0.932307 -0.0282483 1.28419 0.61204</i>
                        <i>0.00184713 0.993774 0.111396 -0.938206 0.0402733 -0.343725 -0.346071 -0.103878 0.93244 -0.0282483 1.28419 0.61204</i>
                        <i>0.00946241 0.993428 0.11407 -0.938229 0.0482792 -0.342632 -0.345887 -0.103782 0.932519 -0.0282483 1.28419 0.61204</i>
                        <i>0.00777448 0.993524 0.113357 -0.938229 0.0464632 -0.342882 -0.345928 -0.103689 0.932514 -0.0282483 1.28419 0.61204</i>
                        <i>-0.00849292 0.994182 0.107379 -0.938076 0.0292695 -0.345191 -0.346325 -0.103661 0.93237 -0.0282483 1.28419 0.61204</i>
                        <i>-0.0393583 0.994597 0.096058 -0.937012 -0.00334584 -0.349282 -0.347074 -0.103755 0.932081 -0.0282483 1.28419 0.61204</i>
                        <i>-0.0797285 0.993512 0.0811001 -0.934084 -0.0460567 -0.354071 -0.348038 -0.103984 0.931696 -0.0282483 1.28419 0.61204</i>
                        <i>-0.12456 0.99013 0.0642383 -0.928775 -0.0935737 -0.358636 -0.349086 -0.104335 0.931264 -0.0282483 1.28419 0.61204</i>
                        <i>-0.168963 0.984489 0.0472561 -0.92135 -0.140733 -0.362366 -0.350095 -0.104766 0.930837 -0.0282483 1.28419 0.61204</i>
                        <i>-0.208157 0.977571 0.0320267 -0.912961 -0.182442 -0.364989 -0.350959 -0.105214 0.930461 -0.0282483 1.28419 0.61204</i>
                    </KeyFrames>
                </p>
            </i>
            <i>
                <p>
                    <Name><![CDATA[spine1]]></Name>
                    <Exclude>0</Exclude>
                    <Additive>0</Additive>
                    <IKPriority>0</IKPriority>
                    <IKRotLimits>-1e+010 -1e+010 -1e+010 1e+010 1e+010 1e+010</IKRotLimits>
                    <IKRotLimitOrder>0</IKRotLimitOrder>
                    <KeyFrames count="60">
                        <i>-0.311797 0.945638 0.0924685 -0.893122 -0.258484 -0.368129 -0.324215 -0.197367 0.925165 -0.0636993 1.46164 0.623003</i>
                        <i>-0.378451 0.923517 0.0623762 -0.842168 -0.315584 -0.437217 -0.384093 -0.217997 0.89719 -0.0706624 1.46336 0.620617</i>
                        <i>-0.430334 0.901882 0.0377063 -0.792363 -0.357407 -0.49439 -0.432405 -0.24263 0.868422 -0.0763244 1.465 0.618697</i>
                        <i>-0.469929 0.88252 0.0180274 -0.747665 -0.387098 -0.539585 -0.469217 -0.267045 0.841738 -0.0807049 1.46648 0.61723</i>
                        <i>-0.499361 0.866389 0.00295915 -0.711232 -0.407977 -0.572455 -0.494761 -0.287966 0.819931 -0.0838498 1.46773 0.616198</i>
                        <i>-0.520332 0.853928 -0.00778954 -0.685606 -0.42317 -0.592345 -0.509116 -0.302875 0.805647 -0.0858294 1.46876 0.615576</i>
                        <i>-0.534147 0.845268 -0.0144304 -0.672763 -0.43535 -0.598215 -0.511934 -0.309827 0.801206 -0.0867326 1.46955 0.615335</i>
                        <i>-0.54175 0.840365 -0.0171278 -0.674037 -0.446519 -0.588468 -0.502176 -0.307258 0.808339 -0.0866619 1.47011 0.615439</i>
                        <i>-0.542689 0.839811 -0.014328 -0.701194 -0.462373 -0.542713 -0.462402 -0.284478 0.839796 -0.0856963 1.47045 0.61587</i>
                        <i>-0.536739 0.843724 -0.00634034 -0.751055 -0.481185 -0.452081 -0.384483 -0.237888 0.891954 -0.0839418 1.47061 0.616577</i>
                        <i>-0.525063 0.851054 0.00393647 -0.802852 -0.49378 -0.33408 -0.282376 -0.178574 0.942537 -0.0815576 1.47058 0.617471</i>
                        <i>-0.509503 0.860353 0.0141562 -0.84238 -0.495368 -0.212148 -0.17551 -0.120015 0.977135 -0.0787191 1.47037 0.618476</i>
                        <i>-0.492703 0.869896 0.022923 -0.865696 -0.487308 -0.114462 -0.0883997 -0.0762403 0.993163 -0.0756118 1.46999 0.619544</i>
                        <i>-0.477791 0.877973 0.0296509 -0.877186 -0.474993 -0.0701887 -0.0475398 -0.0595449 0.997093 -0.0724226 1.46948 0.620641</i>
                        <i>-0.469406 0.882374 0.032778 -0.87771 -0.462231 -0.126365 -0.0963497 -0.0880858 0.991442 -0.0693686 1.46884 0.621728</i>
                        <i>-0.466544 0.883941 0.0313839 -0.856265 -0.442475 -0.266506 -0.221689 -0.15121 0.963322 -0.0665469 1.46813 0.622739</i>
                        <i>-0.458724 0.888102 0.0291048 -0.811071 -0.405107 -0.421962 -0.362955 -0.21717 0.906146 -0.0626871 1.46718 0.624062</i>
                        <i>-0.43699 0.898883 0.0323832 -0.769148 -0.354769 -0.531555 -0.466318 -0.257191 0.846404 -0.0567387 1.46583 0.626075</i>
                        <i>-0.401933 0.914705 0.042011 -0.738752 -0.296827 -0.605094 -0.541013 -0.274243 0.795045 -0.0494875 1.46412 0.628517</i>
                        <i>-0.355794 0.932957 0.054794 -0.698079 -0.226323 -0.679311 -0.621367 -0.279945 0.731802 -0.0417148 1.46215 0.631099</i>
                        <i>-0.299265 0.951543 0.070759 -0.649258 -0.148729 -0.745884 -0.699217 -0.269158 0.662306 -0.033736 1.46014 0.633734</i>
                        <i>-0.234042 0.968072 0.0897806 -0.597258 -0.0702967 -0.798962 -0.767142 -0.240613 0.594641 -0.0258152 1.45831 0.636357</i>
                        <i>-0.16294 0.980316 0.111494 -0.549577 0.00367053 -0.835435 -0.8194 -0.197401 0.538161 -0.018164 1.45683 0.638927</i>
                        <i>-0.0896271 0.986737 0.135338 -0.515259 0.0703499 -0.854142 -0.852335 -0.146288 0.50212 -0.0109603 1.45581 0.641405</i>
                        <i>-0.0180324 0.986837 0.16071 -0.503544 0.1299 -0.854148 -0.863781 -0.0963269 0.494574 -0.00437819 1.45528 0.643747</i>
                        <i>0.0483792 0.981141 0.187139 -0.522402 0.184545 -0.83249 -0.851326 -0.0574868 0.521479 0.0013835 1.4552 0.64589</i>
                        <i>0.110717 0.968243 0.224156 -0.660028 0.240258 -0.711786 -0.743038 -0.0691424 0.665668 0.00621043 1.45544 0.647891</i>
                        <i>0.174031 0.947837 0.267053 -0.857178 0.279301 -0.432709 -0.484726 -0.153607 0.861072 0.00992322 1.45586 0.649519</i>
                        <i>0.232351 0.926178 0.296997 -0.955749 0.27406 -0.106931 -0.180432 -0.259009 0.948872 0.0120147 1.4564 0.650338</i>
                        <i>0.267061 0.912739 0.309169 -0.9636 0.257051 0.0734851 -0.0123993 -0.31754 0.948164 0.0118056 1.45703 0.650239</i>
                        <i>0.276112 0.909085 0.311972 -0.961125 0.26158 0.0884045 -0.00123835 -0.324253 0.94597 0.00833729 1.45793 0.649068</i>
                        <i>0.270954 0.911185 0.310365 -0.961639 0.270576 0.0451581 -0.0428299 -0.310695 0.949544 0.00202123 1.45899 0.646917</i>
                        <i>0.250903 0.919218 0.303456 -0.960208 0.276062 -0.0423207 -0.122675 -0.280762 0.951905 -0.00568793 1.45981 0.644248</i>
                        <i>0.215467 0.932395 0.290197 -0.950403 0.26849 -0.156991 -0.224293 -0.241977 0.944002 -0.013357 1.46009 0.641517</i>
                        <i>0.164019 0.948812 0.269914 -0.929518 0.240269 -0.279761 -0.330293 -0.205004 0.921347 -0.0196681 1.45969 0.63916</i>
                        <i>0.0991782 0.964778 0.243652 -0.899591 0.191593 -0.392464 -0.425323 -0.180263 0.886908 -0.024401 1.45887 0.637289</i>
                        <i>0.0269578 0.976396 0.214298 -0.868122 0.129154 -0.479254 -0.495619 -0.173117 0.851112 -0.0282106 1.45812 0.635744</i>
                        <i>-0.0501478 0.981958 0.182328 -0.830746 0.060324 -0.553374 -0.554389 -0.179219 0.812732 -0.0312114 1.45771 0.63453</i>
                        <i>-0.129118 0.980577 0.147636 -0.776055 -0.00724045 -0.630624 -0.617307 -0.195998 0.761917 -0.0335549 1.45781 0.63361</i>
                        <i>-0.204997 0.972286 0.112407 -0.708242 -0.0680886 -0.702679 -0.675551 -0.223658 0.702572 -0.0353796 1.45848 0.632946</i>
                        <i>-0.273429 0.958639 0.0790476 -0.635109 -0.118208 -0.763324 -0.722408 -0.258919 0.641161 -0.0368346 1.45962 0.632479</i>
                        <i>-0.331056 0.942289 0.0499314 -0.566788 -0.156267 -0.808908 -0.754423 -0.296094 0.585811 -0.0380515 1.46104 0.632146</i>
                        <i>-0.375533 0.926409 0.027218 -0.513963 -0.183724 -0.837907 -0.771244 -0.328651 0.545134 -0.0391217 1.46248 0.63189</i>
                        <i>-0.405168 0.914152 0.012813 -0.486491 -0.203713 -0.849604 -0.774058 -0.350466 0.527265 -0.0400935 1.46364 0.631662</i>
                        <i>-0.418278 0.90828 0.00846121 -0.492763 -0.219081 -0.842133 -0.763038 -0.356415 0.539204 -0.0409924 1.46423 0.631422</i>
                        <i>-0.405274 0.913998 0.0190041 -0.542955 -0.223922 -0.809357 -0.735496 -0.33833 0.587009 -0.0407407 1.46373 0.631511</i>
                        <i>-0.361503 0.931268 0.0453347 -0.631331 -0.208713 -0.7469 -0.686102 -0.298628 0.663389 -0.0386632 1.46215 0.632167</i>
                        <i>-0.291512 0.952943 0.0831874 -0.738203 -0.168808 -0.653116 -0.60834 -0.251801 0.752675 -0.0354292 1.46016 0.633201</i>
                        <i>-0.201276 0.971173 0.127718 -0.841694 -0.104782 -0.529691 -0.501039 -0.214114 0.83852 -0.0316502 1.4584 0.634449</i>
                        <i>-0.0999355 0.979759 0.17345 -0.922738 -0.0260419 -0.384547 -0.372246 -0.198479 0.906664 -0.0278188 1.45737 0.635774</i>
                        <i>0.000580464 0.976617 0.214984 -0.971314 0.0516741 -0.232119 -0.237801 -0.208683 0.948632 -0.0243376 1.45723 0.637045</i>
                        <i>0.0876974 0.964771 0.248043 -0.98941 0.113272 -0.0907616 -0.115661 -0.237457 0.964488 -0.0216105 1.4578 0.638099</i>
                        <i>0.150305 0.951055 0.270006 -0.988431 0.15017 0.0212832 -0.0203054 -0.270082 0.962623 -0.020123 1.45865 0.638718</i>
                        <i>0.179117 0.943318 0.279408 -0.983064 0.160419 0.0886073 0.0387625 -0.290547 0.956075 -0.020448 1.45925 0.638644</i>
                        <i>0.160409 0.948546 0.273001 -0.985874 0.140465 0.09123 0.0481889 -0.283778 0.957678 -0.0236293 1.45917 0.637456</i>
                        <i>0.0952084 0.963322 0.25089 -0.995421 0.0899792 0.0322589 0.0085008 -0.252813 0.967478 -0.0296314 1.45862 0.635194</i>
                        <i>-0.00238114 0.976338 0.216235 -0.997738 0.0122078 -0.066107 -0.0671825 -0.215903 0.974101 -0.0374666 1.45827 0.632286</i>
                        <i>-0.115079 0.978059 0.173657 -0.980119 -0.0833533 -0.18005 -0.161625 -0.190924 0.968207 -0.0462922 1.45867 0.629092</i>
                        <i>-0.223745 0.965952 0.129905 -0.941057 -0.179416 -0.286743 -0.253673 -0.186405 0.949159 -0.0553378 1.45993 0.625901</i>
                        <i>-0.311797 0.945638 0.0924685 -0.893122 -0.258484 -0.368129 -0.324215 -0.197367 0.925165 -0.0636993 1.46164 0.623003</i>
                    </KeyFrames>
                </p>
            </i>
            <i>
                <p>
                    <Name><![CDATA[spine2]]></Name>
                    <Exclude>0</Exclude>
                    <Additive>0</Additive>
                    <IKPriority>0</IKPriority>
                    <IKRotLimits>-1e+010 -1e+010 -1e+010 1e+010 1e+010 1e+010</IKRotLimits>
                    <IKRotLimitOrder>0</IKRotLimitOrder>
                    <KeyFrames count="60">
                        <i>-0.0730131 0.944142 0.321348 -0.93849 0.0439948 -0.342493 -0.337499 -0.326589 0.882856 -0.1186 1.61843 0.637297</i>
                        <i>-0.140569 0.944882 0.295699 -0.907079 -0.00321026 -0.420947 -0.396796 -0.327394 0.857534 -0.138178 1.62034 0.630376</i>
                        <i>-0.199367 0.941498 0.271724 -0.872374 -0.044225 -0.486834 -0.446337 -0.334104 0.830156 -0.154309 1.62203 0.624701</i>
                        <i>-0.249409 0.935529 0.250162 -0.838437 -0.0793441 -0.539192 -0.484581 -0.344224 0.804171 -0.167192 1.62345 0.620187</i>
                        <i>-0.29089 0.928283 0.231675 -0.809114 -0.109451 -0.577368 -0.510605 -0.355402 0.782925 -0.177043 1.62458 0.616745</i>
                        <i>-0.324098 0.920841 0.216825 -0.787795 -0.13581 -0.600778 -0.523774 -0.365525 0.769449 -0.184094 1.62543 0.61428</i>
                        <i>-0.349321 0.91407 0.206038 -0.777205 -0.159831 -0.60861 -0.52338 -0.372734 0.766252 -0.188592 1.62601 0.612698</i>
                        <i>-0.366751 0.908663 0.199565 -0.779205 -0.182833 -0.599509 -0.508265 -0.375373 0.775089 -0.190796 1.62633 0.611897</i>
                        <i>-0.372768 0.906119 0.199981 -0.806486 -0.20978 -0.552786 -0.458938 -0.367343 0.808972 -0.190994 1.62642 0.61173</i>
                        <i>-0.366117 0.90741 0.206315 -0.854982 -0.24048 -0.459538 -0.367375 -0.34464 0.863863 -0.189479 1.62627 0.612091</i>
                        <i>-0.350824 0.911753 0.213608 -0.902156 -0.267912 -0.338137 -0.251069 -0.311335 0.916534 -0.186533 1.62594 0.612947</i>
                        <i>-0.332002 0.917586 0.218657 -0.93388 -0.287101 -0.213169 -0.132824 -0.274972 0.952233 -0.18242 1.62546 0.614253</i>
                        <i>-0.315538 0.922856 0.220846 -0.948102 -0.296989 -0.113581 -0.0392301 -0.245223 0.968673 -0.177382 1.6249 0.615953</i>
                        <i>-0.307359 0.925465 0.221461 -0.951589 -0.29962 -0.0685978 0.00286943 -0.231824 0.972753 -0.171644 1.6243 0.617973</i>
                        <i>-0.316893 0.922371 0.220929 -0.947129 -0.2954 -0.125245 -0.05026 -0.248938 0.967215 -0.165403 1.62376 0.620272</i>
                        <i>-0.341251 0.914715 0.216437 -0.921981 -0.28089 -0.266555 -0.183027 -0.290513 0.939204 -0.158977 1.62325 0.622751</i>
                        <i>-0.367304 0.906881 0.20653 -0.86939 -0.255848 -0.422732 -0.330528 -0.334826 0.882407 -0.150331 1.62251 0.626106</i>
                        <i>-0.383311 0.90244 0.19666 -0.815025 -0.230317 -0.531684 -0.434519 -0.364083 0.823794 -0.137717 1.62135 0.630856</i>
                        <i>-0.387007 0.902107 0.190864 -0.770729 -0.202852 -0.60401 -0.506164 -0.380861 0.773785 -0.121935 1.61986 0.636697</i>
                        <i>-0.382145 0.905107 0.186407 -0.71724 -0.163311 -0.677419 -0.582694 -0.392571 0.711587 -0.103766 1.61815 0.643427</i>
                        <i>-0.368446 0.91131 0.183743 -0.657871 -0.115939 -0.744153 -0.656851 -0.39506 0.642241 -0.0839683 1.61637 0.650761</i>
                        <i>-0.345935 0.920082 0.18379 -0.598289 -0.0654217 -0.798605 -0.722758 -0.386225 0.573106 -0.0632639 1.61465 0.658428</i>
                        <i>-0.315041 0.930318 0.187768 -0.546132 -0.0158967 -0.837548 -0.776202 -0.366409 0.513084 -0.0423309 1.61311 0.666167</i>
                        <i>-0.276572 0.940586 0.196992 -0.510191 0.0300003 -0.859538 -0.814379 -0.338228 0.471581 -0.0218164 1.61184 0.673725</i>
                        <i>-0.231503 0.949305 0.212663 -0.499366 0.0716456 -0.863423 -0.834889 -0.306082 0.457465 -0.00236025 1.61089 0.68085</i>
                        <i>-0.180596 0.954906 0.235668 -0.521442 0.110208 -0.84614 -0.833957 -0.275696 0.478025 0.0153795 1.61024 0.687278</i>
                        <i>-0.110015 0.952696 0.283315 -0.666542 0.140732 -0.732063 -0.737305 -0.269379 0.619529 0.0306948 1.60992 0.69249</i>
                        <i>-0.00864872 0.939526 0.342368 -0.875152 0.158528 -0.457141 -0.483771 -0.303577 0.820857 0.0426813 1.60992 0.696255</i>
                        <i>0.100261 0.920334 0.378066 -0.978925 0.159193 -0.12792 -0.177914 -0.357273 0.916898 0.0505732 1.61015 0.698735</i>
                        <i>0.175091 0.903086 0.392147 -0.984464 0.165926 0.0574404 -0.0131938 -0.396112 0.918107 0.0539679 1.61037 0.699871</i>
                        <i>0.222541 0.886148 0.406468 -0.974805 0.208735 0.0786393 -0.0151578 -0.413728 0.910274 0.0526667 1.61055 0.699405</i>
                        <i>0.266844 0.865604 0.423703 -0.960809 0.273203 0.0469686 -0.0751006 -0.419631 0.904583 0.0471568 1.61076 0.69742</i>
                        <i>0.296403 0.848697 0.438016 -0.939766 0.340929 -0.0246477 -0.170251 -0.404327 0.898629 0.0381776 1.61094 0.694188</i>
                        <i>0.300638 0.844136 0.443905 -0.912254 0.390293 -0.124355 -0.278225 -0.367568 0.887403 0.0264645 1.61109 0.689984</i>
                        <i>0.268624 0.858732 0.436372 -0.884971 0.3989 -0.240217 -0.380351 -0.321648 0.867108 0.0127603 1.61122 0.685077</i>
                        <i>0.203176 0.886688 0.415336 -0.861385 0.363548 -0.354752 -0.465549 -0.285687 0.837644 -0.00232908 1.61144 0.679677</i>
                        <i>0.120426 0.914529 0.38618 -0.842588 0.299859 -0.447358 -0.524921 -0.271517 0.806682 -0.0183395 1.61186 0.673936</i>
                        <i>0.0231338 0.936538 0.349801 -0.820083 0.217892 -0.529138 -0.571777 -0.274625 0.77308 -0.0347164 1.61253 0.668083</i>
                        <i>-0.0854404 0.948221 0.305904 -0.77866 0.128001 -0.614251 -0.621601 -0.290677 0.727405 -0.0509314 1.61346 0.662351</i>
                        <i>-0.196203 0.946135 0.257552 -0.719883 0.0393544 -0.692979 -0.665787 -0.321372 0.673385 -0.066487 1.61461 0.656907</i>
                        <i>-0.300158 0.930743 0.208861 -0.650545 -0.0396014 -0.758435 -0.697636 -0.363524 0.617377 -0.0808653 1.6159 0.651915</i>
                        <i>-0.389479 0.906223 0.164518 -0.581501 -0.103424 -0.806945 -0.714256 -0.409956 0.567251 -0.0935141 1.6172 0.647544</i>
                        <i>-0.458097 0.879455 0.129248 -0.525449 -0.150634 -0.837385 -0.716973 -0.451517 0.531114 -0.103846 1.61835 0.643971</i>
                        <i>-0.501424 0.858504 0.107446 -0.49478 -0.182653 -0.849606 -0.709765 -0.479175 0.516357 -0.111249 1.61921 0.641382</i>
                        <i>-0.51517 0.850869 0.10306 -0.500278 -0.200885 -0.842239 -0.695932 -0.485456 0.529161 -0.11511 1.61965 0.639971</i>
                        <i>-0.490677 0.8629 0.120993 -0.552169 -0.200512 -0.809262 -0.674052 -0.463895 0.574853 -0.11226 1.61929 0.640849</i>
                        <i>-0.426725 0.890248 0.159262 -0.642667 -0.174597 -0.745986 -0.636305 -0.420683 0.646638 -0.101477 1.61808 0.644475</i>
                        <i>-0.329163 0.920467 0.210696 -0.750244 -0.119441 -0.650283 -0.573398 -0.372122 0.72989 -0.0851096 1.61639 0.650065</i>
                        <i>-0.206211 0.94121 0.267583 -0.851237 -0.0376901 -0.523427 -0.482569 -0.335713 0.808964 -0.0654577 1.61464 0.656855</i>
                        <i>-0.0698269 0.94403 0.322383 -0.925855 0.0589801 -0.373247 -0.371371 -0.324543 0.869917 -0.044711 1.61316 0.66411</i>
                        <i>0.0653293 0.927146 0.368962 -0.964625 0.153315 -0.214459 -0.255402 -0.3419 0.904364 -0.02496 1.61216 0.671105</i>
                        <i>0.184458 0.896093 0.403723 -0.97104 0.22962 -0.0659962 -0.151842 -0.379857 0.912498 -0.00827354 1.61165 0.677086</i>
                        <i>0.274966 0.86198 0.425892 -0.958655 0.279578 0.0530808 -0.0733156 -0.422879 0.903216 0.00322711 1.6115 0.681247</i>
                        <i>0.327006 0.838126 0.436591 -0.944661 0.302684 0.126484 -0.0261395 -0.453792 0.890724 0.0073557 1.61153 0.682744</i>
                        <i>0.328518 0.837634 0.4364 -0.944305 0.300614 0.13386 -0.019062 -0.456071 0.889739 0.000738968 1.61168 0.680308</i>
                        <i>0.28308 0.859022 0.426552 -0.957743 0.276801 0.0781617 -0.0509272 -0.430653 0.90108 -0.0161829 1.61205 0.674112</i>
                        <i>0.204451 0.889936 0.407694 -0.972418 0.232413 -0.0196735 -0.112261 -0.392426 0.912907 -0.0399242 1.61288 0.665476</i>
                        <i>0.10745 0.91833 0.380951 -0.975629 0.171128 -0.137342 -0.191317 -0.35691 0.914338 -0.0671212 1.61435 0.655667</i>
                        <i>0.00900444 0.936707 0.349998 -0.962221 0.103366 -0.251884 -0.27212 -0.334507 0.90225 -0.0944785 1.61633 0.645879</i>
                        <i>-0.0730131 0.944142 0.321348 -0.93849 0.0439948 -0.342493 -0.337499 -0.326589 0.882856 -0.1186 1.61843 0.637297</i>
                    </KeyFrames>
                </p>
            </i>
            <i>
                <p>
                    <Name><![CDATA[head]]></Name>
                    <Exclude>0</Exclude>
                    <Additive>0</Additive>
                    <IKPriority>0</IKPriority>
                    <IKRotLimits>-1e+010 -1e+010 -1e+010 1e+010 1e+010 1e+010</IKRotLimits>
                    <IKRotLimitOrder>0</IKRotLimitOrder>
                    <KeyFrames count="60">
                        <i>0.136304 0.946319 -0.293091 -0.0143378 -0.293937 -0.955717 -0.990563 0.13447 -0.0264966 -0.146606 1.863 0.709196</i>
                        <i>0.161978 0.946477 -0.279185 0.241812 -0.312365 -0.91867 -0.956708 0.0812941 -0.279466 -0.183496 1.8642 0.695517</i>
                        <i>0.192174 0.948566 -0.251578 0.496542 -0.315106 -0.808798 -0.846472 0.0305111 -0.531558 -0.214451 1.86432 0.683672</i>
                        <i>0.221606 0.951249 -0.214513 0.700847 -0.308325 -0.643234 -0.678015 -0.00779619 -0.735007 -0.239774 1.8637 0.673713</i>
                        <i>0.246802 0.953327 -0.173945 0.830277 -0.300585 -0.46935 -0.499729 -0.0285857 -0.86571 -0.259807 1.86263 0.665673</i>
                        <i>0.265875 0.954261 -0.136732 0.890699 -0.297426 -0.343793 -0.368736 -0.0303814 -0.929037 -0.274915 1.86138 0.659565</i>
                        <i>0.277818 0.954332 -0.109855 0.900925 -0.298529 -0.314985 -0.333395 -0.0114629 -0.942717 -0.285462 1.86015 0.655372</i>
                        <i>0.281466 0.954372 -0.0997543 0.742283 -0.282431 -0.607659 -0.608106 0.0969893 -0.787909 -0.291791 1.85909 0.653038</i>
                        <i>0.271054 0.954621 -0.123405 0.250077 -0.193642 -0.948665 -0.929511 0.226278 -0.291216 -0.293415 1.85855 0.653013</i>
                        <i>0.237958 0.953574 -0.184591 -0.13644 -0.155347 -0.978392 -0.961645 0.258001 0.0931393 -0.290363 1.85876 0.654977</i>
                        <i>0.17949 0.948365 -0.261509 -0.212733 -0.22212 -0.951529 -0.960483 0.226421 0.161881 -0.283813 1.85955 0.657741</i>
                        <i>0.102889 0.938089 -0.330761 -0.213609 -0.303929 -0.928438 -0.971486 0.16618 0.169114 -0.275177 1.86061 0.660496</i>
                        <i>0.0207357 0.925483 -0.378222 -0.133847 -0.372328 -0.918399 -0.990785 0.0696676 0.116153 -0.26604 1.86149 0.662999</i>
                        <i>-0.0498564 0.915076 -0.400188 0.0278599 -0.399256 -0.916416 -0.998368 -0.0568383 -0.00558843 -0.257992 1.86177 0.66542</i>
                        <i>-0.0845749 0.913613 -0.397691 0.282538 -0.360751 -0.888837 -0.95552 -0.187536 -0.22762 -0.253388 1.86078 0.667742</i>
                        <i>-0.0867684 0.9191 -0.384353 0.57191 -0.269946 -0.774628 -0.815714 -0.287029 -0.50222 -0.251898 1.8588 0.669243</i>
                        <i>-0.0794159 0.923645 -0.374931 0.794789 -0.168346 -0.583069 -0.601667 -0.344296 -0.720733 -0.248324 1.85666 0.67046</i>
                        <i>-0.0834644 0.920813 -0.380969 0.906662 -0.0884728 -0.412477 -0.41352 -0.379837 -0.827481 -0.238102 1.85505 0.673314</i>
                        <i>-0.0901961 0.913553 -0.396591 0.946143 -0.0457237 -0.320505 -0.310932 -0.40414 -0.860228 -0.221543 1.85416 0.678389</i>
                        <i>-0.077378 0.908891 -0.409792 0.82592 -0.171793 -0.536977 -0.558453 -0.380006 -0.737378 -0.200269 1.85387 0.684797</i>
