<?xml version="1.0" encoding="ISO-8859-1" ?>
<Animl Version="1">
    <ModellingPackage>
        <![CDATA[Maya.2010]]>
</ModellingPackage>
    <SrcFile>
        <![CDATA[anims\characters\shared\base_soldier\~src\infantry\recoil.mb]]>
</SrcFile>
    <FramesPerSecond>30</FramesPerSecond>
    <TotalFrames>35</TotalFrames>
    <Skeleton>
        <RefFrame>
            <Name>
                <![CDATA[soldier_ref_frame]]>
</Name>
            <Exclude>0</Exclude>
            <Additive>0</Additive>
            <IKPriority>0</IKPriority>
            <IKRotLimits>-1e+010 -1e+010 -1e+010 1e+010 1e+010 1e+010</IKRotLimits>
            <IKRotLimitOrder>0</IKRotLimitOrder>
            <KeyFrames count="35">
                <i>1 0 0 0 1 0 0 0 1 0 0 0</i>
                <i>1 0 0 0 1 0 0 0 1 0 0 0</i>
                <i>1 0 0 0 1 0 0 0 1 0 0 0</i>
                <i>1 0 0 0 1 0 0 0 1 0 0 0</i>
                <i>1 0 0 0 1 0 0 0 1 0 0 0</i>
                <i>1 0 0 0 1 0 0 0 1 0 0 0</i>
                <i>1 0 0 0 1 0 0 0 1 0 0 0</i>
                <i>1 0 0 0 1 0 0 0 1 0 0 0</i>
                <i>1 0 0 0 1 0 0 0 1 0 0 0</i>
                <i>1 0 0 0 1 0 0 0 1 0 0 0</i>
                <i>1 0 0 0 1 0 0 0 1 0 0 0</i>
                <i>1 0 0 0 1 0 0 0 1 0 0 0</i>
                <i>1 0 0 0 1 0 0 0 1 0 0 0</i>
                <i>1 0 0 0 1 0 0 0 1 0 0 0</i>
                <i>1 0 0 0 1 0 0 0 1 0 0 0</i>
                <i>1 0 0 0 1 0 0 0 1 0 0 0</i>
                <i>1 0 0 0 1 0 0 0 1 0 0 0</i>
                <i>1 0 0 0 1 0 0 0 1 0 0 0</i>
                <i>1 0 0 0 1 0 0 0 1 0 0 0</i>
                <i>1 0 0 0 1 0 0 0 1 0 0 0</i>
                <i>1 0 0 0 1 0 0 0 1 0 0 0</i>
                <i>1 0 0 0 1 0 0 0 1 0 0 0</i>
                <i>1 0 0 0 1 0 0 0 1 0 0 0</i>
                <i>1 0 0 0 1 0 0 0 1 0 0 0</i>
                <i>1 0 0 0 1 0 0 0 1 0 0 0</i>
                <i>1 0 0 0 1 0 0 0 1 0 0 0</i>
                <i>1 0 0 0 1 0 0 0 1 0 0 0</i>
                <i>1 0 0 0 1 0 0 0 1 0 0 0</i>
                <i>1 0 0 0 1 0 0 0 1 0 0 0</i>
                <i>1 0 0 0 1 0 0 0 1 0 0 0</i>
                <i>1 0 0 0 1 0 0 0 1 0 0 0</i>
                <i>1 0 0 0 1 0 0 0 1 0 0 0</i>
                <i>1 0 0 0 1 0 0 0 1 0 0 0</i>
                <i>1 0 0 0 1 0 0 0 1 0 0 0</i>
                <i>1 0 0 0 1 0 0 0 1 0 0 0</i>
            </KeyFrames>
        </RefFrame>
        <Bones count="23">
            <i>
                <p>
                    <Name>
                        <![CDATA[pelvis]]>
</Name>
                    <Exclude>0</Exclude>
                    <Additive>0</Additive>
                    <IKPriority>0</IKPriority>
                    <IKRotLimits>-1e+010 -1e+010 -1e+010 1e+010 1e+010 1e+010</IKRotLimits>
                    <IKRotLimitOrder>2</IKRotLimitOrder>
                    <KeyFrames count="35">
                        <i>1 0 0 0 1 0 0 0 1 -0.0476351 1.16992 0.0407553</i>
                        <i>1 0 0 0 1 0 0 0 1 -0.0476351 1.16992 0.0407553</i>
                        <i>1 0 0 0 1 0 0 0 1 -0.0476351 1.16992 0.0407553</i>
                        <i>1 0 0 0 1 0 0 0 1 -0.0476351 1.16992 0.0407553</i>
                        <i>1 0 0 0 1 0 0 0 1 -0.0476351 1.16992 0.0407553</i>
                        <i>1 0 0 0 1 0 0 0 1 -0.0476351 1.16992 0.0407553</i>
                        <i>1 0 0 0 1 0 0 0 1 -0.0476351 1.16992 0.0407553</i>
                        <i>1 0 0 0 1 0 0 0 1 -0.0476351 1.16992 0.0407553</i>
                        <i>1 0 0 0 1 0 0 0 1 -0.0476351 1.16992 0.0407553</i>
                        <i>1 0 0 0 1 0 0 0 1 -0.0476351 1.16992 0.0407553</i>
                        <i>1 0 0 0 1 0 0 0 1 -0.0476351 1.16992 0.0407553</i>
                        <i>1 0 0 0 1 0 0 0 1 -0.0476351 1.16992 0.0407553</i>
                        <i>1 0 0 0 1 0 0 0 1 -0.0476351 1.16992 0.0407553</i>
                        <i>1 0 0 0 1 0 0 0 1 -0.0476351 1.16992 0.0407553</i>
                        <i>1 0 0 0 1 0 0 0 1 -0.0476351 1.16992 0.0407553</i>
                        <i>1 0 0 0 1 0 0 0 1 -0.0476351 1.16992 0.0407553</i>
                        <i>1 0 0 0 1 0 0 0 1 -0.0476351 1.16992 0.0407553</i>
                        <i>1 0 0 0 1 0 0 0 1 -0.0476351 1.16992 0.0407553</i>
                        <i>1 0 0 0 1 0 0 0 1 -0.0476351 1.16992 0.0407553</i>
                        <i>1 0 0 0 1 0 0 0 1 -0.0476351 1.16992 0.0407553</i>
                        <i>1 0 0 0 1 0 0 0 1 -0.0476351 1.16992 0.0407553</i>
                        <i>1 0 0 0 1 0 0 0 1 -0.0476351 1.16992 0.0407553</i>
                        <i>1 0 0 0 1 0 0 0 1 -0.0476351 1.16992 0.0407553</i>
                        <i>1 0 0 0 1 0 0 0 1 -0.0476351 1.16992 0.0407553</i>
                        <i>1 0 0 0 1 0 0 0 1 -0.0476351 1.16992 0.0407553</i>
                        <i>1 0 0 0 1 0 0 0 1 -0.0476351 1.16992 0.0407553</i>
                        <i>1 0 0 0 1 0 0 0 1 -0.0476351 1.16992 0.0407553</i>
                        <i>1 0 0 0 1 0 0 0 1 -0.0476351 1.16992 0.0407553</i>
                        <i>1 0 0 0 1 0 0 0 1 -0.0476351 1.16992 0.0407553</i>
                        <i>1 0 0 0 1 0 0 0 1 -0.0476351 1.16992 0.0407553</i>
                        <i>1 0 0 0 1 0 0 0 1 -0.0476351 1.16992 0.0407553</i>
                        <i>1 0 0 0 1 0 0 0 1 -0.0476351 1.16992 0.0407553</i>
                        <i>1 0 0 0 1 0 0 0 1 -0.0476351 1.16992 0.0407553</i>
                        <i>1 0 0 0 1 0 0 0 1 -0.0476351 1.16992 0.0407553</i>
                        <i>1 0 0 0 1 0 0 0 1 -0.0476351 1.16992 0.0407553</i>
                    </KeyFrames>
                </p>
            </i>
            <i>
                <p>
                    <Name>
                        <![CDATA[spine0]]>
</Name>
                    <Exclude>0</Exclude>
                    <Additive>0</Additive>
                    <IKPriority>0</IKPriority>
                    <IKRotLimits>-1e+010 -1e+010 -1e+010 1e+010 1e+010 1e+010</IKRotLimits>
                    <IKRotLimitOrder>0</IKRotLimitOrder>
                    <KeyFrames count="35">
                        <i>-0.0174802 0.993284 0.114372 -0.547772 -0.105209 0.829986 0.836445 -0.0481416 0.545933 -0.0676156 1.30578 0.0226388</i>
                        <i>-0.0233026 0.99965 0.0125407 -0.546519 -0.0232416 0.837124 0.837122 0.0126534 0.54687 -0.0676156 1.30578 0.0226388</i>
                        <i>-0.0489224 0.995223 -0.0844808 -0.542733 0.044517 0.838725 0.83848 0.0868829 0.537962 -0.0676156 1.30578 0.0226388</i>
                        <i>-0.0480036 0.985169 -0.164735 -0.536216 0.113728 0.836384 0.842714 0.128483 0.522804 -0.0676156 1.30578 0.0226388</i>
                        <i>-0.0483255 0.984899 -0.166247 -0.536088 0.114862 0.836311 0.842778 0.129538 0.522442 -0.0676156 1.30578 0.0226388</i>
                        <i>-0.0475991 0.984577 -0.168354 -0.535834 0.117072 0.836168 0.842981 0.13001 0.521997 -0.0676156 1.30578 0.0226388</i>
                        <i>-0.0467208 0.984278 -0.170336 -0.53558 0.119257 0.836022 0.843191 0.130288 0.521587 -0.0676156 1.30578 0.0226388</i>
                        <i>-0.04581 0.983968 -0.172361 -0.535316 0.121496 0.835868 0.843409 0.130559 0.521168 -0.0676156 1.30578 0.0226388</i>
                        <i>-0.0435739 0.985975 -0.161103 -0.536296 0.112968 0.836436 0.842905 0.122846 0.523852 -0.0676156 1.30578 0.0226388</i>
                        <i>-0.0391605 0.991003 -0.127985 -0.539043 0.0868961 0.837784 0.841367 0.101797 0.53079 -0.0676156 1.30578 0.0226388</i>
                        <i>-0.0333546 0.996198 -0.0804799 -0.54232 0.0495987 0.838707 0.83951 0.0716206 0.538604 -0.0676156 1.30578 0.0226388</i>
                        <i>-0.0270943 0.999302 -0.0257304 -0.545139 0.00680485 0.838318 0.837908 0.0367403 0.544574 -0.0676156 1.30578 0.0226388</i>
                        <i>-0.0211797 0.999361 0.0288087 -0.546946 -0.0357028 0.836406 0.8369 0.00195801 0.547352 -0.0676156 1.30578 0.0226388</i>
                        <i>-0.016283 0.997026 0.075331 -0.547704 -0.0719262 0.833575 0.836514 -0.027686 0.547246 -0.0676156 1.30578 0.0226388</i>
                        <i>-0.0131173 0.994426 0.104615 -0.547811 -0.0946722 0.831228 0.8365 -0.0464056 0.545999 -0.0676156 1.30578 0.0226388</i>
                        <i>-0.0113412 0.992347 0.12296 -0.54773 -0.109044 0.829518 0.836578 -0.0579414 0.544775 -0.0676156 1.30578 0.0226388</i>
                        <i>-0.0102469 0.98991 0.141329 -0.547529 -0.123821 0.827575 0.836724 -0.0689019 0.543273 -0.0676156 1.30578 0.0226388</i>
                        <i>-0.00998207 0.987688 0.156115 -0.547271 -0.136061 0.825822 0.836896 -0.0771936 0.541891 -0.0676156 1.30578 0.0226388</i>
                        <i>-0.0104752 0.98598 0.166532 -0.547028 -0.145062 0.82445 0.837049 -0.0824616 0.540878 -0.0676156 1.30578 0.0226388</i>
                        <i>-0.0114125 0.984756 0.173564 -0.546829 -0.151468 0.823429 0.837167 -0.0855125 0.540222 -0.0676156 1.30578 0.0226388</i>
                        <i>-0.0117024 0.985654 0.168375 -0.546963 -0.147272 0.824101 0.837075 -0.082451 0.54084 -0.0676156 1.30578 0.0226388</i>
                        <i>-0.0121458 0.986793 0.16153 -0.547125 -0.141773 0.824957 0.836963 -0.0783575 0.541621 -0.0676156 1.30578 0.0226388</i>
                        <i>-0.0127281 0.987929 0.154386 -0.547274 -0.136103 0.825813 0.836857 -0.0739803 0.5424 -0.0676156 1.30578 0.0226388</i>
                        <i>-0.0134298 0.988855 0.148274 -0.547385 -0.131365 0.826506 0.836773 -0.070063 0.543049 -0.0676156 1.30578 0.0226388</i>
                        <i>-0.0142369 0.989182 0.146003 -0.547418 -0.129902 0.826716 0.836738 -0.0681549 0.543345 -0.0676156 1.30578 0.0226388</i>
                        <i>-0.0150251 0.989172 0.145988 -0.54741 -0.130318 0.826655 0.836729 -0.0674949 0.543441 -0.0676156 1.30578 0.0226388</i>
                        <i>-0.0157194 0.989575 0.143156 -0.547453 -0.128325 0.826939 0.836689 -0.0653723 0.543763 -0.0676156 1.30578 0.0226388</i>
                        <i>-0.0163331 0.99057 0.13603 -0.547559 -0.122695 0.827723 0.836608 -0.0609649 0.544399 -0.0676156 1.30578 0.0226388</i>
                        <i>-0.0168381 0.991669 0.127704 -0.547661 -0.116006 0.82862 0.836531 -0.0559862 0.545052 -0.0676156 1.30578 0.0226388</i>
                        <i>-0.0171958 0.99261 0.120121 -0.547732 -0.10986 0.82941 0.836477 -0.0515317 0.545574 -0.0676156 1.30578 0.0226388</i>
                        <i>-0.0174802 0.993284 0.114372 -0.547772 -0.105209 0.829986 0.836445 -0.0481416 0.545933 -0.0676156 1.30578 0.0226388</i>
                        <i>-0.0174746 0.993343 0.113864 -0.547775 -0.104781 0.830038 0.836443 -0.0478675 0.54596 -0.0676156 1.30578 0.0226388</i>
                        <i>-0.0174752 0.993336 0.113921 -0.547775 -0.104829 0.830032 0.836443 -0.047898 0.545957 -0.0676156 1.30578 0.0226388</i>
                        <i>-0.0174783 0.993304 0.114203 -0.547773 -0.105067 0.830003 0.836444 -0.0480502 0.545942 -0.0676156 1.30578 0.0226388</i>
                        <i>-0.0174802 0.993284 0.114372 -0.547772 -0.105209 0.829986 0.836445 -0.0481416 0.545933 -0.0676156 1.30578 0.0226388</i>
                    </KeyFrames>
                </p>
            </i>
            <i>
                <p>
                    <Name>
                        <![CDATA[spine1]]>
</Name>
                    <Exclude>0</Exclude>
                    <Additive>0</Additive>
                    <IKPriority>0</IKPriority>
                    <IKRotLimits>-1e+010 -1e+010 -1e+010 1e+010 1e+010 1e+010</IKRotLimits>
                    <IKRotLimitOrder>0</IKRotLimitOrder>
                    <KeyFrames count="35">
                        <i>0.0404996 0.945379 0.323447 -0.723773 -0.195415 0.661789 0.688848 -0.260904 0.676326 -0.0906729 1.47817 0.0478985</i>
                        <i>0.0394019 0.978816 0.200913 -0.68162 -0.120695 0.721683 0.730644 -0.165382 0.662426 -0.0917986 1.47676 0.0281175</i>
                        <i>0.0135293 0.99665 0.080663 -0.633239 -0.0538914 0.772078 0.773838 -0.0615247 0.630389 -0.0968648 1.4754 0.00946883</i>
                        <i>0.0213373 0.9996 -0.0185791 -0.57828 0.0274988 0.815375 0.815559 -0.00665399 0.578635 -0.0968712 1.47313 -0.00596171</i>
                        <i>0.0256359 0.999442 -0.0213978 -0.53596 0.0318097 0.843644 0.843854 -0.0101591 0.536477 -0.0969225 1.47279 -0.00620541</i>
                        <i>0.0249558 0.999503 -0.0192742 -0.538094 0.0296792 0.842362 0.842515 -0.0106505 0.538567 -0.0967918 1.47279 -0.00662228</i>
                        <i>0.0237706 0.999582 -0.0164713 -0.545115 0.0267708 0.837933 0.838024 -0.0109394 0.545524 -0.0966383 1.47294 -0.00703904</i>
                        <i>0.0222521 0.99966 -0.0136108 -0.554699 0.0236716 0.831714 0.831753 -0.0109574 0.555037 -0.0964751 1.47302 -0.00745341</i>
                        <i>0.0220651 0.999743 0.00524404 -0.567298 0.0082013 0.823471 0.823217 -0.0211449 0.567333 -0.0959989 1.47317 -0.00523576</i>
                        <i>0.0245428 0.998424 0.0504644 -0.581983 -0.0267741 0.81276 0.81283 -0.0493168 0.580409 -0.09504 1.47364 0.00121609</i>
                        <i>0.029395 0.993296 0.111797 -0.59426 -0.0725665 0.800993 0.803736 -0.0899815 0.588143 -0.0938138 1.47443 0.010348</i>
                        <i>0.0366682 0.98308 0.17947 -0.595632 -0.122705 0.79383 0.80242 -0.136007 0.581054 -0.0925398 1.47553 0.0207947</i>
                        <i>0.0449473 0.968289 0.245755 -0.587323 -0.173384 0.790563 0.808104 -0.179871 0.560905 -0.0913761 1.47676 0.03124</i>
                        <i>0.0515849 0.950971 0.304946 -0.580231 -0.219987 0.78418 0.812817 -0.217391 0.540435 -0.0904336 1.47778 0.0402587</i>
                        <i>0.0540636 0.93664 0.346096 -0.586138 -0.250838 0.770404 0.808405 -0.244511 0.535439 -0.0898291 1.47824 0.0459967</i>
                        <i>0.0527082 0.928566 0.367406 -0.609413 -0.261554 0.748468 0.791099 -0.263352 0.552094 -0.0894892 1.47827 0.0495938</i>
                        <i>0.0498883 0.926632 0.372646 -0.642475 -0.255892 0.722319 0.764681 -0.275451 0.582572 -0.089283 1.4782 0.0532036</i>
                        <i>0.0462621 0.933918 0.354481 -0.679374 -0.23074 0.69657 0.732332 -0.27305 0.623805 -0.089241 1.47831 0.0561499</i>
                        <i>0.0426354 0.946809 0.31896 -0.714594 -0.194217 0.672038 0.698239 -0.25658 0.668303 -0.0893487 1.47864 0.0582833</i>
                        <i>0.0395082 0.95888 0.28105 -0.744279 -0.159429 0.648561 0.6667 -0.234803 0.707375 -0.0895431 1.47904 0.0597638</i>
                        <i>0.0397657 0.959029 0.280503 -0.742816 -0.159388 0.650246 0.668314 -0.23422 0.706044 -0.0895965 1.47911 0.0587324</i>
                        <i>0.0398687 0.960045 0.276992 -0.741263 -0.157471 0.652481 0.67003 -0.231338 0.705367 -0.0896788 1.47916 0.0573689</i>
                        <i>0.0398273 0.960577 0.275148 -0.739694 -0.156784 0.654424 0.671763 -0.229589 0.704289 -0.0897869 1.47913 0.0559359</i>
                        <i>0.0396538 0.959296 0.279605 -0.738178 -0.160469 0.655243 0.67344 -0.232381 0.701768 -0.0899169 1.47896 0.0546926</i>
                        <i>0.039363 0.952719 0.301292 -0.736752 -0.176021 0.652851 0.675017 -0.247676 0.694989 -0.0900644 1.47852 0.0541755</i>
                        <i>0.0392128 0.942194 0.332765 -0.734883 -0.198456 0.648508 0.67706 -0.269973 0.68462 -0.0902061 1.47793 0.0540872</i>
                        <i>0.0392699 0.935352 0.351531 -0.732584 -0.212299 0.646722 0.679543 -0.282923 0.676887 -0.090332 1.47759 0.0534786</i>
                        <i>0.0393591 0.935902 0.350054 -0.730391 -0.212123 0.649255 0.681894 -0.28123 0.675226 -0.0904472 1.47761 0.0520781</i>
                        <i>0.0395568 0.939505 0.340245 -0.72825 -0.206043 0.653604 0.684169 -0.273637 0.676044 -0.0905447 1.47778 0.0504652</i>
                        <i>0.03996 0.943385 0.329285 -0.726057 -0.198992 0.658212 0.686472 -0.265382 0.677 -0.0906158 1.478 0.049005</i>
                        <i>0.0404996 0.945379 0.323447 -0.723773 -0.195415 0.661789 0.688848 -0.260904 0.676326 -0.0906729 1.47817 0.0478985</i>
                        <i>0.0405098 0.946114 0.32129 -0.723757 -0.193904 0.662252 0.688865 -0.259363 0.676901 -0.0906723 1.4782 0.0478021</i>
                        <i>0.0405086 0.946033 0.32153 -0.723759 -0.194072 0.6622 0.688863 -0.259535 0.676838 -0.0906724 1.47819 0.0478128</i>
                        <i>0.0405029 0.945625 0.322728 -0.723768 -0.194911 0.661944 0.688854 -0.260391 0.676518 -0.0906727 1.47818 0.0478664</i>
                        <i>0.0404996 0.945379 0.323447 -0.723773 -0.195415 0.661789 0.688848 -0.260904 0.676326 -0.0906729 1.47817 0.0478985</i>
                    </KeyFrames>
                </p>
            </i>
            <i>
                <p>
                    <Name>
                        <![CDATA[spine2]]>
</Name>
                    <Exclude>0</Exclude>
                    <Additive>0</Additive>
                    <IKPriority>0</IKPriority>
                    <IKRotLimits>-1e+010 -1e+010 -1e+010 1e+010 1e+010 1e+010</IKRotLimits>
                    <IKRotLimitOrder>0</IKRotLimitOrder>
                    <KeyFrames count="35">
                        <i>0.164729 0.889004 0.427242 -0.723887 -0.185255 0.664581 0.669964 -0.418751 0.613022 -0.0798262 1.62966 0.103233</i>
                        <i>0.173941 0.890166 0.421127 -0.68844 -0.195857 0.698348 0.704127 -0.411392 0.578759 -0.0821428 1.63158 0.063052</i>
                        <i>0.182587 0.891082 0.415493 -0.65121 -0.207004 0.73012 0.736605 -0.403884 0.542485 -0.0925836 1.63339 0.0244738</i>
                        <i>0.190704 0.891917 0.410019 -0.612296 -0.218398 0.759866 0.767285 -0.395963 0.504468 -0.0923891 1.63085 -0.00763604</i>
                        <i>0.198307 0.892822 0.404404 -0.571805 -0.229725 0.78757 0.796061 -0.387421 0.464964 -0.0925193 1.63008 -0.00770004</i>
                        <i>0.19596 0.88986 0.412006 -0.574479 -0.236327 0.78366 0.794716 -0.390255 0.464895 -0.092493 1.63016 -0.00777211</i>
                        <i>0.192525 0.886413 0.420959 -0.58188 -0.242304 0.77634 0.790158 -0.394412 0.469137 -0.0924477 1.63059 -0.00781964</i>
                        <i>0.188476 0.882792 0.430297 -0.591733 -0.247604 0.767167 0.783792 -0.399213 0.475709 -0.0923945 1.63084 -0.00788583</i>
                        <i>0.184326 0.879348 0.439057 -0.601814 -0.252202 0.757769 0.777074 -0.403907 0.482716 -0.0917262 1.63067 -0.00242082</i>
                        <i>0.180638 0.876469 0.446286 -0.609983 -0.256115 0.749884 0.771551 -0.407684 0.488367 -0.0900823 1.63029 0.0119461</i>
                        <i>0.178013 0.875139 0.449938 -0.614157 -0.258445 0.745665 0.768845 -0.409071 0.491466 -0.0878448 1.62989 0.0316634</i>
                        <i>0.178113 0.87566 0.448882 -0.608038 -0.260724 0.749875 0.77367 -0.4065 0.485996 -0.0854022 1.62969 0.0537367</i>
                        <i>0.180233 0.876222 0.446935 -0.594044 -0.26519 0.759464 0.783982 -0.40238 0.472719 -0.083099 1.62959 0.0756869</i>
                        <i>0.181558 0.873661 0.45139 -0.583408 -0.273818 0.76463 0.791626 -0.402169 0.459987 -0.0812442 1.62904 0.0951535</i>
                        <i>0.179534 0.868323 0.462366 -0.587659 -0.282264 0.758277 0.788939 -0.40785 0.459602 -0.0801445 1.6279 0.108129</i>
                        <i>0.174028 0.867979 0.465109 -0.609955 -0.275789 0.742897 0.773091 -0.41298 0.481433 -0.079579 1.62683 0.115022</i>
                        <i>0.167362 0.879659 0.445185 -0.642108 -0.245394 0.726278 0.748123 -0.407408 0.523766 -0.0791322 1.62661 0.118567</i>
                        <i>0.160744 0.903884 0.396427 -0.678565 -0.190463 0.709417 0.716736 -0.383037 0.582729 -0.0788186 1.6282 0.116892</i>
                        <i>0.15529 0.932054 0.327354 -0.713954 -0.123135 0.68928 0.682755 -0.340754 0.646322 -0.0786029 1.63101 0.111152</i>
                        <i>0.15131 0.954121 0.258377 -0.744199 -0.062082 0.665067 0.650595 -0.292915 0.700662 -0.0784582 1.63359 0.104476</i>
                        <i>0.152362 0.951566 0.267035 -0.7425 -0.0681161 0.666374 0.652288 -0.299804 0.696159 -0.0785002 1.63377 0.103558</i>
                        <i>0.15346 0.949396 0.274039 -0.740732 -0.0730313 0.667819 0.654038 -0.305473 0.692041 -0.0785989 1.63401 0.101768</i>
                        <i>0.154575 0.946229 0.284178 -0.738984 -0.0801794 0.668935 0.655751 -0.313403 0.686854 -0.0787465 1.63399 0.100235</i>
                        <i>0.155673 0.940456 0.302171 -0.73734 -0.0929314 0.669098 0.657339 -0.326964 0.67897 -0.0789342 1.63343 0.100085</i>
                        <i>0.156717 0.927436 0.339561 -0.735868 -0.119666 0.666467 0.65874 -0.354319 0.663717 -0.0791522 1.63152 0.103896</i>
                        <i>0.157904 0.908388 0.387165 -0.734064 -0.154263 0.661327 0.660467 -0.38863 0.642457 -0.0793495 1.62869 0.10995</i>
                        <i>0.159273 0.893497 0.419874 -0.731921 -0.178541 0.657582 0.662513 -0.41205 0.625533 -0.0795089 1.62688 0.113096</i>
                        <i>0.160603 0.888581 0.429686 -0.729918 -0.186118 0.657708 0.664399 -0.419266 0.6187 -0.0796539 1.62698 0.11168</i>
                        <i>0.161924 0.888524 0.429308 -0.727973 -0.186154 0.65985 0.66621 -0.41937 0.616678 -0.0797632 1.62788 0.108489</i>
                        <i>0.163297 0.889838 0.426055 -0.725967 -0.18405 0.662645 0.668062 -0.417509 0.615938 -0.0798128 1.62896 0.105214</i>
                        <i>0.164729 0.889004 0.427242 -0.723887 -0.185255 0.664581 0.669964 -0.418751 0.613022 -0.0798262 1.62966 0.103233</i>
                        <i>0.164741 0.890106 0.424938 -0.723862 -0.18354 0.665084 0.669988 -0.417163 0.614077 -0.0798245 1.62983 0.102734</i>
                        <i>0.16474 0.889983 0.425194 -0.723865 -0.18373 0.665029 0.669986 -0.41734 0.61396 -0.0798247 1.62981 0.10279</i>
                        <i>0.164733 0.889372 0.426474 -0.723879 -0.184683 0.664749 0.669972 -0.418222 0.613374 -0.0798256 1.62971 0.103067</i>
                        <i>0.164729 0.889004 0.427242 -0.723887 -0.185255 0.664581 0.669964 -0.418751 0.613022 -0.0798262 1.62966 0.103233</i>
                    </KeyFrames>
                </p>
            </i>
            <i>
                <p>
                    <Name>
                        <![CDATA[head]]>
</Name>
                    <Exclude>0</Exclude>
                    <Additive>0</Additive>
                    <IKPriority>0</IKPriority>
                    <IKRotLimits>-1e+010 -1e+010 -1e+010 1e+010 1e+010 1e+010</IKRotLimits>
                    <IKRotLimitOrder>0</IKRotLimitOrder>
                    <KeyFrames count="35">
                        <i>0.00968202 0.976416 0.215678 -0.208412 0.212922 -0.954583 -0.977993 -0.0357077 0.205559 -0.0436749 1.86234 0.208121</i>
                        <i>0.0292205 0.990856 0.131723 -0.278237 0.134634 -0.95103 -0.960068 -0.00886062 0.279627 -0.0441138 1.8657 0.161624</i>
                        <i>0.0264304 0.997722 0.0620715 -0.313281 0.0672322 -0.947278 -0.949293 0.00559114 0.314344 -0.0538163 1.86823 0.116963</i>
                        <i>0.0147728 0.999883 -0.00386756 -0.338959 0.00136893 -0.9408 -0.940685 0.0152092 0.33894 -0.051618 1.86589 0.0797048</i>
                        <i>-0.000691945 0.999994 0.00341555 -0.384661 0.00288661 -0.923053 -0.923058 -0.00195254 0.384657 -0.0499734 1.86531 0.0783866</i>
                        <i>-0.00633534 0.999776 0.020203 -0.38279 0.0162399 -0.923693 -0.923814 -0.0135854 0.382601 -0.0504832 1.86475 0.0800519</i>
                        <i>-0.0125255 0.999073 0.0411769 -0.376313 0.0334427 -0.925889 -0.926408 -0.0270927 0.375546 -0.0512252 1.86443 0.0820538</i>
                        <i>-0.0189144 0.997765 0.0640944 -0.3673 0.0526892 -0.928609 -0.92991 -0.0411059 0.365482 -0.0521029 1.8639 0.0841184</i>
                        <i>-0.0249582 0.995916 0.0867664 -0.357828 0.0721432 -0.930997 -0.933454 -0.0542834 0.354566 -0.0523286 1.863 0.092237</i>
                        <i>-0.0298568 0.993801 0.107092 -0.350007 0.0899618 -0.932417 -0.936271 -0.0653219 0.345151 -0.0513656 1.862 0.110001</i>
                        <i>-0.0301977 0.991375 0.127529 -0.343915 0.109492 -0.932595 -0.938515 -0.0720213 0.337642 -0.0494831 1.86118 0.133007</i>
                        <i>-0.0293748 0.98851 0.148274 -0.353278 0.128498 -0.926651 -0.935057 -0.0796023 0.345445 -0.0467185 1.86076 0.157633</i>
                        <i>-0.051582 0.971008 0.233415 -0.384728 0.196365 -0.901901 -0.921588 -0.136323 0.363445 -0.0436265 1.86027 0.18191</i>
                        <i>-0.0715257 0.941484 0.329382 -0.414467 0.272314 -0.868367 -0.907249 -0.198629 0.370737 -0.0412211 1.85852 0.204808</i>
                        <i>-0.0885783 0.906589 0.412614 -0.424207 0.340463 -0.839127 -0.901222 -0.249362 0.354424 -0.0404519 1.85569 0.221866</i>
                        <i>-0.102865 0.887183 0.449805 -0.406141 0.375331 -0.833172 -0.908002 -0.268389 0.321713 -0.041106 1.85425 0.230195</i>
                        <i>-0.105668 0.911302 0.397949 -0.362014 0.337474 -0.86894 -0.926164 -0.235883 0.294244 -0.0421733 1.85652 0.229557</i>
                        <i>-0.0910331 0.958119 0.271514 -0.300073 0.233583 -0.924876 -0.949562 -0.165669 0.266242 -0.0433846 1.86368 0.216446</i>
                        <i>-0.0675411 0.986508 0.149131 -0.240156 0.129003 -0.962124 -0.968382 -0.100798 0.228202 -0.0444371 1.87311 0.19413</i>
                        <i>-0.0443943 0.996082 0.0764778 -0.192285 0.0666022 -0.979076 -0.980334 -0.058171 0.188575 -0.0452244 1.88095 0.170814</i>
                        <i>-0.0227607 0.993727 0.109495 -0.190607 0.103201 -0.976227 -0.981403 -0.0430901 0.187062 -0.0450301 1.88057 0.17176</i>
                        <i>-0.00117515 0.98907 0.147443 -0.189107 0.144563 -0.971257 -0.981956 -0.0290238 0.18687 -0.044889 1.88037 0.171352</i>
                        <i>0.0177783 0.981959 0.188257 -0.187616 0.188219 -0.96404 -0.982082 -0.0181811 0.187577 -0.044799 1.87969 0.171952</i>
                        <i>0.031457 0.972693 0.229953 -0.186694 0.231736 -0.954696 -0.981914 -0.0128989 0.188885 -0.044758 1.87783 0.175907</i>
                        <i>0.0372008 0.959893 0.277887 -0.187408 0.279847 -0.941575 -0.981578 -0.0170509 0.190302 -0.0447639 1.87284 0.188756</i>
                        <i>0.0366208 0.946801 0.319728 -0.190535 0.320689 -0.927823 -0.980997 -0.0269416 0.192142 -0.0447129 1.86548 0.206479</i>
                        <i>0.0334459 0.942084 0.333706 -0.194946 0.333629 -0.922327 -0.980244 -0.0342064 0.194814 -0.0445769 1.86018 0.217528</i>
                        <i>0.028253 0.948601 0.315212 -0.199249 0.314354 -0.92816 -0.979542 -0.0365824 0.197889 -0.0444335 1.85922 0.218189</i>
                        <i>0.0219114 0.959362 0.281328 -0.202959 0.279804 -0.938359 -0.978942 -0.0365371 0.200842 -0.0442516 1.86025 0.214513</i>
                        <i>0.0153911 0.969653 0.244001 -0.205965 0.241871 -0.948196 -0.978438 -0.0356621 0.203437 -0.0439906 1.86175 0.210081</i>
                        <i>0.00968202 0.976416 0.215678 -0.208412 0.212922 -0.954583 -0.977993 -0.0357077 0.205559 -0.0436749 1.86234 0.208121</i>
                        <i>0.00968675 0.97697 0.213155 -0.208448 0.210455 -0.955122 -0.977985 -0.0351798 0.205686 -0.04367 1.86277 0.207031</i>
                        <i>0.0096862 0.976909 0.213435 -0.208444 0.210729 -0.955062 -0.977986 -0.0352384 0.205672 -0.0436706 1.86273 0.207152</i>
                        <i>0.00968355 0.976602 0.214837 -0.208424 0.2121 -0.954763 -0.977991 -0.0355318 0.205601 -0.0436733 1.86248 0.207758</i>
                        <i>0.00968202 0.976416 0.215678 -0.208412 0.212922 -0.954583 -0.977993 -0.0357077 0.205559 -0.0436749 1.86234 0.208121</i>
                    </KeyFrames>
                </p>
            </i>
            <i>
                <p>
                    <Name>
                        <![CDATA[head_prop]]>
</Name>
                    <Exclude>0</Exclude>
                    <Additive>0</Additive>
                    <IKPriority>0</IKPriority>
                    <IKRotLimits>-1e+010 -1e+010 -1e+010 1e+010 1e+010 1e+010</IKRotLimits>
                    <IKRotLimitOrder>0</IKRotLimitOrder>
                    <KeyFrames count="35">
                        <i>0.977993 0.0357077 -0.205559 0.00968202 0.976416 0.215678 0.208412 -0.212922 0.954583 -0.0405195 2.18056 0.278412</i>
                        <i>0.960068 0.00886062 -0.279627 0.0292205 0.990856 0.131723 0.278237 -0.134634 0.95103 -0.0345905 2.18863 0.204553</i>
                        <i>0.949293 -0.00559114 -0.314344 0.0264304 0.997722 0.0620715 0.313281 -0.0672322 0.947278 -0.0452024 2.19339 0.137193</i>
                        <i>0.940685 -0.0152092 -0.33894 0.0147728 0.999883 -0.00386756 0.338959 -0.00136893 0.9408 -0.0468034 2.19176 0.0784444</i>
                        <i>0.923058 0.00195254 -0.384657 -0.000691945 0.999994 0.00341555 0.384661 -0.00288661 0.923053 -0.0501989 2.19121 0.0794997</i>
                        <i>0.923814 0.0135854 -0.382601 -0.00633534 0.999776 0.020203 0.38279 -0.0162399 0.923693 -0.052548 2.19058 0.0866362</i>
                        <i>0.926408 0.0270927 -0.375546 -0.0125255 0.999073 0.0411769 0.376313 -0.0334427 0.925889 -0.0553073 2.19004 0.0954737</i>
                        <i>0.92991 0.0411059 -0.365482 -0.0189144 0.997765 0.0640944 0.3673 -0.0526892 0.928609 -0.0582673 2.18908 0.105007</i>
                        <i>0.933454 0.0542834 -0.354566 -0.0249582 0.995916 0.0867664 0.357828 -0.0721432 0.930997 -0.0604627 2.18758 0.120515</i>
                        <i>0.936271 0.0653219 -0.345151 -0.0298568 0.993801 0.107092 0.350007 -0.0899618 0.932417 -0.0610962 2.18589 0.144903</i>
                        <i>0.938515 0.0720213 -0.337642 -0.0301977 0.991375 0.127529 0.343915 -0.109492 0.932595 -0.0593248 2.18428 0.17457</i>
                        <i>0.935057 0.0796023 -0.345445 -0.0293748 0.98851 0.148274 0.353278 -0.128498 0.926651 -0.056292 2.18293 0.205957</i>
                        <i>0.921588 0.136323 -0.363445 -0.051582 0.971008 0.233415 0.384728 -0.196365 0.901901 -0.0604376 2.17673 0.257982</i>
                        <i>0.907249 0.198629 -0.370737 -0.0715257 0.941484 0.329382 0.414467 -0.272314 0.868367 -0.064532 2.16536 0.312157</i>
                        <i>0.901222 0.249362 -0.354424 -0.0885783 0.906589 0.412614 0.424207 -0.340463 0.839127 -0.0693204 2.15115 0.35634</i>
                        <i>0.908002 0.268389 -0.321713 -0.102865 0.887183 0.449805 0.406141 -0.375331 0.833172 -0.0746307 2.14339 0.37679</i>
                        <i>0.926164 0.235883 -0.294244 -0.105668 0.911302 0.397949 0.362014 -0.337474 0.86894 -0.0766115 2.15352 0.359252</i>
                        <i>0.949562 0.165669 -0.266242 -0.0910331 0.958119 0.271514 0.300073 -0.233583 0.924876 -0.0730531 2.17594 0.304935</i>
                        <i>0.968382 0.100798 -0.228202 -0.0675411 0.986508 0.149131 0.240156 -0.129003 0.962124 -0.0664494 2.19462 0.242734</i>
                        <i>0.980334 0.058171 -0.188575 -0.0443943 0.996082 0.0764778 0.192285 -0.0666022 0.979076 -0.0596929 2.20558 0.195738</i>
                        <i>0.981403 0.0430901 -0.187062 -0.0227607 0.993727 0.109495 0.190607 -0.103201 0.976227 -0.052448 2.20444 0.207445</i>
                        <i>0.981956 0.0290238 -0.18687 -0.00117515 0.98907 0.147443 0.189107 -0.144563 0.971257 -0.045272 2.20272 0.219405</i>
                        <i>0.982082 0.0181811 -0.187577 0.0177783 0.981959 0.188257 0.187616 -0.188219 0.96404 -0.0390049 2.19972 0.233307</i>
                        <i>0.981914 0.0128989 -0.188885 0.031457 0.972693 0.229953 0.186694 -0.231736 0.954696 -0.0345059 2.19483 0.25085</i>
                        <i>0.981578 0.0170509 -0.190302 0.0372008 0.959893 0.277887 0.187408 -0.279847 0.941575 -0.0326398 2.18568 0.279322</i>
                        <i>0.980997 0.0269416 -0.192142 0.0366208 0.946801 0.319728 0.190535 -0.320689 0.927823 -0.0327779 2.17405 0.310681</i>
                        <i>0.980244 0.0342064 -0.194814 0.0334459 0.942084 0.333706 0.194946 -0.333629 0.922327 -0.0336766 2.16721 0.326285</i>
                        <i>0.979542 0.0365824 -0.197889 0.028253 0.948601 0.315212 0.199249 -0.314354 0.92816 -0.0352256 2.16837 0.32092</i>
                        <i>0.978942 0.0365371 -0.200842 0.0219114 0.959362 0.281328 0.202959 -0.279804 0.938359 -0.0371105 2.17291 0.306201</i>
                        <i>0.978438 0.0356621 -0.203437 0.0153911 0.969653 0.244001 0.205965 -0.241871 0.948196 -0.0389745 2.17777 0.289603</i>
                        <i>0.977993 0.0357077 -0.205559 0.00968202 0.976416 0.215678 0.208412 -0.212922 0.954583 -0.0405195 2.18056 0.278412</i>
                        <i>0.977985 0.0351798 -0.205686 0.00968675 0.97697 0.213155 0.208448 -0.210455 0.955122 -0.040513 2.18118 0.2765</i>
                        <i>0.977986 0.0352384 -0.205672 0.0096862 0.976909 0.213435 0.208444 -0.210729 0.955062 -0.0405138 2.18111 0.276713</i>
                        <i>0.977991 0.0355318 -0.205601 0.00968355 0.976602 0.214837 0.208424 -0.2121 0.954763 -0.0405174 2.18077 0.277775</i>
                        <i>0.977993 0.0357077 -0.205559 0.00968202 0.976416 0.215678 0.208412 -0.212922 0.954583 -0.0405195 2.18056 0.278412</i>
                    </KeyFrames>
                </p>
            </i>
            <i>
                <p>
                    <Name>
                        <![CDATA[l_clav]]>
</Name>
                    <Exclude>0</Exclude>
                    <Additive>0</Additive>
                    <IKPriority>0</IKPriority>
                    <IKRotLimits>-1e+010 -1e+010 -1e+010 1e+010 1e+010 1e+010</IKRotLimits>
                    <IKRotLimitOrder>0</IKRotLimitOrder>
                    <KeyFrames count="35">
                        <i>0.596565 0.559055 -0.575819 -0.236591 0.808094 0.539452 0.766899 -0.185585 0.614348 0.0135434 1.68618 0.091895</i>
                        <i>0.585103 0.498998 -0.639262 -0.237344 0.859131 0.453389 0.77545 -0.113555 0.621114 0.0096374 1.69052 0.0422969</i>
                        <i>0.497016 0.527293 -0.689157 -0.340811 0.848996 0.403799 0.798011 0.0341773 0.601672 -0.00364292 1.69414 -0.00546925</i>
                        <i>0.392245 0.560447 -0.729413 -0.462611 0.805573 0.370194 0.795069 0.192228 0.575251 -0.00513674 1.69294 -0.0457624</i>
                        <i>0.40708 0.593077 -0.694655 -0.280089 0.804936 0.523095 0.869388 -0.018376 0.493787 -0.00729649 1.6935 -0.0499725</i>
                        <i>0.446922 0.600902 -0.662704 -0.172122 0.784725 0.595466 0.877858 -0.152061 0.45414 -0.00716911 1.69398 -0.0494701</i>
                        <i>0.453372 0.605964 -0.653652 -0.177303 0.780008 0.600125 0.873509 -0.156186 0.461073 -0.00678441 1.69468 -0.0484273</i>
                        <i>0.462196 0.610465 -0.6432 -0.183673 0.775497 0.604044 0.867547 -0.161048 0.470558 -0.00627779 1.69513 -0.0471432</i>
                        <i>0.471261 0.614365 -0.632826 -0.190164 0.771396 0.607278 0.861249 -0.165846 0.480359 -0.00509386 1.69511 -0.0396541</i>
                        <i>0.478508 0.617659 -0.624121 -0.195707 0.767917 0.609919 0.855996 -0.169707 0.488335 -0.0029277 1.69486 -0.0224036</i>
                        <i>0.481931 0.619593 -0.619554 -0.199233 0.766051 0.611123 0.853258 -0.171084 0.492627 -0.000279909 1.69444 0.000372796</i>
                        <i>0.475444 0.621386 -0.622762 -0.197617 0.765232 0.612672 0.857264 -0.168223 0.486621 0.00213563 1.69423 0.0246207</i>
                        <i>0.461404 0.62491 -0.629757 -0.192084 0.763361 0.616752 0.866147 -0.163606 0.472253 0.00402777 1.69417 0.0479142</i>
                        <i>0.450669 0.631898 -0.630557 -0.188106 0.757717 0.624885 0.872648 -0.163004 0.460343 0.00556964 1.69368 0.0689707</i>
                        <i>0.454369 0.638852 -0.620819 -0.191117 0.750594 0.632521 0.870071 -0.168749 0.463142 0.00699319 1.69239 0.0843988</i>
                        <i>0.475885 0.633749 -0.609833 -0.201967 0.753595 0.625543 0.856004 -0.174521 0.486621 0.00869348 1.69026 0.0944028</i>
                        <i>0.507756 0.608879 -0.609468 -0.216103 0.774849 0.594062 0.833956 -0.169931 0.525014 0.0106843 1.68783 0.100846</i>
                        <i>0.544799 0.56234 -0.622067 -0.230764 0.813718 0.533489 0.80619 -0.147093 0.57308 0.0126297 1.6865 0.101191</i>
                        <i>0.581752 0.502441 -0.639623 -0.24353 0.857912 0.452416 0.776052 -0.107427 0.621452 0.0143071 1.68632 0.096802</i>
                        <i>0.614157 0.44513 -0.651668 -0.253302 0.893244 0.37142 0.747429 -0.063042 0.661344 0.0155912 1.68652 0.0913651</i>
                        <i>0.612647 0.451068 -0.649 -0.25198 0.889771 0.380544 0.749113 -0.069604 0.658776 0.0155015 1.68688 0.0903108</i>
                        <i>0.61108 0.455886 -0.647109 -0.2506 0.886871 0.38815 0.750854 -0.0750249 0.656194 0.0153459 1.6873 0.0882317</i>
                        <i>0.609543 0.462828 -0.64362 -0.249206 0.88259 0.398661 0.752565 -0.0826074 0.653316 0.015136 1.68753 0.0865286</i>
                        <i>0.60812 0.475061 -0.636008 -0.247845 0.874745 0.416406 0.754163 -0.0955934 0.649692 0.0148843 1.68735 0.0866049</i>
                        <i>0.606871 0.500186 -0.617675 -0.246569 0.857283 0.451962 0.755587 -0.121983 0.64359 0.0146035 1.68611 0.0916982</i>
                        <i>0.605305 0.531727 -0.592345 -0.24509 0.832505 0.496857 0.757322 -0.155572 0.634241 0.0143362 1.68407 0.0996245</i>
                        <i>0.603433 0.553205 -0.574311 -0.24337 0.81362 0.528009 0.759368 -0.178848 0.625599 0.0141019 1.68283 0.103865</i>
                        <i>0.601705 0.559796 -0.569719 -0.241712 0.807467 0.53812 0.761267 -0.186081 0.621166 0.0138883 1.6832 0.102306</i>
                        <i>0.60004 0.559829 -0.571439 -0.240072 0.807418 0.538926 0.763097 -0.186191 0.618883 0.0137167 1.68423 0.0984374</i>
                        <i>0.598331 0.558008 -0.575002 -0.238368 0.809104 0.537151 0.764971 -0.184332 0.617123 0.0136107 1.68538 0.0943746</i>
                        <i>0.596565 0.559055 -0.575819 -0.236591 0.808094 0.539452 0.766899 -0.185585 0.614348 0.0135434 1.68618 0.091895</i>
                        <i>0.596542 0.557567 -0.577283 -0.236574 0.809484 0.537372 0.766923 -0.183995 0.614797 0.0135445 1.68632 0.0912585</i>
                        <i>0.596545 0.557733 -0.577121 -0.236576 0.80933 0.537603 0.76692 -0.184172 0.614748 0.0135444 1.6863 0.0913292</i>
                        <i>0.596558 0.558559 -0.576307 -0.236585 0.808558 0.538759 0.766907 -0.185055 0.614499 0.0135437 1.68623 0.0916829</i>
                        <i>0.596565 0.559055 -0.575819 -0.236591 0.808094 0.539452 0.766899 -0.185585 0.614348 0.0135434 1.68618 0.091895</i>
                    </KeyFrames>
                </p>
            </i>
            <i>
                <p>
                    <Name>
                        <![CDATA[l_shoulder]]>
</Name>
                    <Exclude>0</Exclude>
                    <Additive>0</Additive>
                    <IKPriority>0</IKPriority>
                    <IKRotLimits>-1e+010 -1e+010 -1e+010 1e+010 1e+010 1e+010</IKRotLimits>
                    <IKRotLimitOrder>0</IKRotLimitOrder>
                    <KeyFrames count="35">
                        <i>0.902188 -0.264153 0.340998 0.225413 0.96274 0.149399 -0.367757 -0.0579206 0.928117 0.135337 1.80064 -0.0242726</i>
                        <i>0.98098 -0.133063 0.141327 0.124424 0.989873 0.0683434 -0.148989 -0.0494591 0.987601 0.128056 1.79554 -0.0800275</i>
                        <i>0.972655 -0.146054 0.180585 0.128617 0.986138 0.104827 -0.193392 -0.0787341 0.977957 0.100981 1.81442 -0.134215</i>
