<?xml version="1.0" encoding="ISO-8859-1" ?>
<Animl Version="1">
    <ModellingPackage>
        <![CDATA[Maya.2010]]>
</ModellingPackage>
    <SrcFile>
        <![CDATA[anims\characters\shared\base_soldier\~src\infantry\reload.mb]]>
</SrcFile>
    <FramesPerSecond>30</FramesPerSecond>
    <TotalFrames>60</TotalFrames>
    <Skeleton>
        <RefFrame>
            <Name>
                <![CDATA[soldier_ref_frame]]>
</Name>
            <Exclude>0</Exclude>
            <Additive>0</Additive>
            <IKPriority>0</IKPriority>
            <IKRotLimits>-1e+010 -1e+010 -1e+010 1e+010 1e+010 1e+010</IKRotLimits>
            <IKRotLimitOrder>0</IKRotLimitOrder>
            <KeyFrames count="60">
                <i>1 0 0 0 1 0 0 0 1 0 0 0</i>
                <i>1 0 0 0 1 0 0 0 1 0 0 0</i>
                <i>1 0 0 0 1 0 0 0 1 0 0 0</i>
                <i>1 0 0 0 1 0 0 0 1 0 0 0</i>
                <i>1 0 0 0 1 0 0 0 1 0 0 0</i>
                <i>1 0 0 0 1 0 0 0 1 0 0 0</i>
                <i>1 0 0 0 1 0 0 0 1 0 0 0</i>
                <i>1 0 0 0 1 0 0 0 1 0 0 0</i>
                <i>1 0 0 0 1 0 0 0 1 0 0 0</i>
                <i>1 0 0 0 1 0 0 0 1 0 0 0</i>
                <i>1 0 0 0 1 0 0 0 1 0 0 0</i>
                <i>1 0 0 0 1 0 0 0 1 0 0 0</i>
                <i>1 0 0 0 1 0 0 0 1 0 0 0</i>
                <i>1 0 0 0 1 0 0 0 1 0 0 0</i>
                <i>1 0 0 0 1 0 0 0 1 0 0 0</i>
                <i>1 0 0 0 1 0 0 0 1 0 0 0</i>
                <i>1 0 0 0 1 0 0 0 1 0 0 0</i>
                <i>1 0 0 0 1 0 0 0 1 0 0 0</i>
                <i>1 0 0 0 1 0 0 0 1 0 0 0</i>
                <i>1 0 0 0 1 0 0 0 1 0 0 0</i>
                <i>1 0 0 0 1 0 0 0 1 0 0 0</i>
                <i>1 0 0 0 1 0 0 0 1 0 0 0</i>
                <i>1 0 0 0 1 0 0 0 1 0 0 0</i>
                <i>1 0 0 0 1 0 0 0 1 0 0 0</i>
                <i>1 0 0 0 1 0 0 0 1 0 0 0</i>
                <i>1 0 0 0 1 0 0 0 1 0 0 0</i>
                <i>1 0 0 0 1 0 0 0 1 0 0 0</i>
                <i>1 0 0 0 1 0 0 0 1 0 0 0</i>
                <i>1 0 0 0 1 0 0 0 1 0 0 0</i>
                <i>1 0 0 0 1 0 0 0 1 0 0 0</i>
                <i>1 0 0 0 1 0 0 0 1 0 0 0</i>
                <i>1 0 0 0 1 0 0 0 1 0 0 0</i>
                <i>1 0 0 0 1 0 0 0 1 0 0 0</i>
                <i>1 0 0 0 1 0 0 0 1 0 0 0</i>
                <i>1 0 0 0 1 0 0 0 1 0 0 0</i>
                <i>1 0 0 0 1 0 0 0 1 0 0 0</i>
                <i>1 0 0 0 1 0 0 0 1 0 0 0</i>
                <i>1 0 0 0 1 0 0 0 1 0 0 0</i>
                <i>1 0 0 0 1 0 0 0 1 0 0 0</i>
                <i>1 0 0 0 1 0 0 0 1 0 0 0</i>
                <i>1 0 0 0 1 0 0 0 1 0 0 0</i>
                <i>1 0 0 0 1 0 0 0 1 0 0 0</i>
                <i>1 0 0 0 1 0 0 0 1 0 0 0</i>
                <i>1 0 0 0 1 0 0 0 1 0 0 0</i>
                <i>1 0 0 0 1 0 0 0 1 0 0 0</i>
                <i>1 0 0 0 1 0 0 0 1 0 0 0</i>
                <i>1 0 0 0 1 0 0 0 1 0 0 0</i>
                <i>1 0 0 0 1 0 0 0 1 0 0 0</i>
                <i>1 0 0 0 1 0 0 0 1 0 0 0</i>
                <i>1 0 0 0 1 0 0 0 1 0 0 0</i>
                <i>1 0 0 0 1 0 0 0 1 0 0 0</i>
                <i>1 0 0 0 1 0 0 0 1 0 0 0</i>
                <i>1 0 0 0 1 0 0 0 1 0 0 0</i>
                <i>1 0 0 0 1 0 0 0 1 0 0 0</i>
                <i>1 0 0 0 1 0 0 0 1 0 0 0</i>
                <i>1 0 0 0 1 0 0 0 1 0 0 0</i>
                <i>1 0 0 0 1 0 0 0 1 0 0 0</i>
                <i>1 0 0 0 1 0 0 0 1 0 0 0</i>
                <i>1 0 0 0 1 0 0 0 1 0 0 0</i>
                <i>1 0 0 0 1 0 0 0 1 0 0 0</i>
            </KeyFrames>
        </RefFrame>
        <Bones count="23">
            <i>
                <p>
                    <Name>
                        <![CDATA[pelvis]]>
</Name>
                    <Exclude>0</Exclude>
                    <Additive>0</Additive>
                    <IKPriority>0</IKPriority>
                    <IKRotLimits>-1e+010 -1e+010 -1e+010 1e+010 1e+010 1e+010</IKRotLimits>
                    <IKRotLimitOrder>2</IKRotLimitOrder>
                    <KeyFrames count="60">
                        <i>1 0 0 0 1 0 0 0 1 -0.0476351 1.16992 0.0407553</i>
                        <i>1 0 0 0 1 0 0 0 1 -0.0476462 1.16992 0.0402711</i>
                        <i>1 0 0 0 1 0 0 0 1 -0.0477068 1.16993 0.0397659</i>
                        <i>1 0 0 0 1 0 0 0 1 -0.0478139 1.16995 0.0392461</i>
                        <i>1 0 0 0 1 0 0 0 1 -0.0479639 1.16998 0.038718</i>
                        <i>1 0 0 0 1 0 0 0 1 -0.0481538 1.17001 0.0381878</i>
                        <i>1 0 0 0 1 0 0 0 1 -0.0483802 1.17004 0.0376618</i>
                        <i>1 0 0 0 1 0 0 0 1 -0.0486398 1.17007 0.0371462</i>
                        <i>1 0 0 0 1 0 0 0 1 -0.0489294 1.1701 0.0366473</i>
                        <i>1 0 0 0 1 0 0 0 1 -0.0492457 1.17013 0.0361714</i>
                        <i>1 0 0 0 1 0 0 0 1 -0.0495854 1.17016 0.0357248</i>
                        <i>1 0 0 0 1 0 0 0 1 -0.0499452 1.17018 0.0353136</i>
                        <i>1 0 0 0 1 0 0 0 1 -0.0503219 1.17019 0.0349442</i>
                        <i>1 0 0 0 1 0 0 0 1 -0.0507121 1.17019 0.0346229</i>
                        <i>1 0 0 0 1 0 0 0 1 -0.0511126 1.17015 0.0343147</i>
                        <i>1 0 0 0 1 0 0 0 1 -0.0515202 1.17004 0.0339847</i>
                        <i>1 0 0 0 1 0 0 0 1 -0.0519315 1.16987 0.0336394</i>
                        <i>1 0 0 0 1 0 0 0 1 -0.0523432 1.16963 0.0332852</i>
                        <i>1 0 0 0 1 0 0 0 1 -0.0527522 1.16935 0.0329287</i>
                        <i>1 0 0 0 1 0 0 0 1 -0.053155 1.16901 0.0325763</i>
                        <i>1 0 0 0 1 0 0 0 1 -0.0535485 1.16864 0.0322344</i>
                        <i>1 0 0 0 1 0 0 0 1 -0.0539293 1.16824 0.0319096</i>
                        <i>1 0 0 0 1 0 0 0 1 -0.0542943 1.16781 0.0316082</i>
                        <i>1 0 0 0 1 0 0 0 1 -0.05464 1.16737 0.0313368</i>
                        <i>1 0 0 0 1 0 0 0 1 -0.0549632 1.16692 0.0311018</i>
                        <i>1 0 0 0 1 0 0 0 1 -0.0552607 1.16646 0.0309097</i>
                        <i>1 0 0 0 1 0 0 0 1 -0.0555292 1.166 0.0307669</i>
                        <i>1 0 0 0 1 0 0 0 1 -0.0557653 1.16555 0.03068</i>
                        <i>1 0 0 0 1 0 0 0 1 -0.0559659 1.16513 0.0306553</i>
                        <i>1 0 0 0 1 0 0 0 1 -0.0561275 1.16472 0.0306993</i>
                        <i>1 0 0 0 1 0 0 0 1 -0.0562471 1.16434 0.0308186</i>
                        <i>1 0 0 0 1 0 0 0 1 -0.0563212 1.164 0.0310195</i>
                        <i>1 0 0 0 1 0 0 0 1 -0.0563467 1.16371 0.0313085</i>
                        <i>1 0 0 0 1 0 0 0 1 -0.0563232 1.16345 0.0318058</i>
                        <i>1 0 0 0 1 0 0 0 1 -0.0562546 1.16323 0.0325923</i>
                        <i>1 0 0 0 1 0 0 0 1 -0.0561435 1.16306 0.0336156</i>
                        <i>1 0 0 0 1 0 0 0 1 -0.0559926 1.16296 0.0348234</i>
                        <i>1 0 0 0 1 0 0 0 1 -0.0558045 1.16293 0.0361632</i>
                        <i>1 0 0 0 1 0 0 0 1 -0.0555819 1.16299 0.0375827</i>
                        <i>1 0 0 0 1 0 0 0 1 -0.0553274 1.16315 0.0390295</i>
                        <i>1 0 0 0 1 0 0 0 1 -0.0550437 1.16351 0.0404513</i>
                        <i>1 0 0 0 1 0 0 0 1 -0.0547334 1.16408 0.0417956</i>
                        <i>1 0 0 0 1 0 0 0 1 -0.0543993 1.16477 0.0430101</i>
                        <i>1 0 0 0 1 0 0 0 1 -0.0540439 1.16547 0.0440424</i>
                        <i>1 0 0 0 1 0 0 0 1 -0.0536699 1.1661 0.0448402</i>
                        <i>1 0 0 0 1 0 0 0 1 -0.05328 1.16656 0.045351</i>
                        <i>1 0 0 0 1 0 0 0 1 -0.0528768 1.16688 0.0456074</i>
                        <i>1 0 0 0 1 0 0 0 1 -0.0524629 1.16718 0.0456909</i>
                        <i>1 0 0 0 1 0 0 0 1 -0.0520411 1.16746 0.0456221</i>
                        <i>1 0 0 0 1 0 0 0 1 -0.051614 1.16772 0.0454219</i>
                        <i>1 0 0 0 1 0 0 0 1 -0.0511843 1.16796 0.0451109</i>
                        <i>1 0 0 0 1 0 0 0 1 -0.0507545 1.16819 0.04471</i>
                        <i>1 0 0 0 1 0 0 0 1 -0.0503274 1.16841 0.0442399</i>
                        <i>1 0 0 0 1 0 0 0 1 -0.0499056 1.16862 0.0437213</i>
                        <i>1 0 0 0 1 0 0 0 1 -0.0494918 1.16883 0.0431751</i>
                        <i>1 0 0 0 1 0 0 0 1 -0.0490886 1.16904 0.0426219</i>
                        <i>1 0 0 0 1 0 0 0 1 -0.0486987 1.16925 0.0420826</i>
                        <i>1 0 0 0 1 0 0 0 1 -0.0483247 1.16946 0.0415779</i>
                        <i>1 0 0 0 1 0 0 0 1 -0.0479693 1.16968 0.0411285</i>
                        <i>1 0 0 0 1 0 0 0 1 -0.0476351 1.16992 0.0407553</i>
                    </KeyFrames>
                </p>
            </i>
            <i>
                <p>
                    <Name>
                        <![CDATA[spine0]]>
</Name>
                    <Exclude>0</Exclude>
                    <Additive>0</Additive>
                    <IKPriority>0</IKPriority>
                    <IKRotLimits>-1e+010 -1e+010 -1e+010 1e+010 1e+010 1e+010</IKRotLimits>
                    <IKRotLimitOrder>0</IKRotLimitOrder>
                    <KeyFrames count="60">
                        <i>-0.0174802 0.993284 0.114372 -0.547772 -0.105209 0.829986 0.836445 -0.0481416 0.545933 -0.0676156 1.30578 0.0226388</i>
                        <i>-0.0154749 0.993957 0.108675 -0.547804 -0.0993528 0.830686 0.836463 -0.0466781 0.546031 -0.0676285 1.30579 0.0221725</i>
                        <i>-0.0141883 0.994741 0.101433 -0.547822 -0.0925962 0.831455 0.836475 -0.0437701 0.546255 -0.0676945 1.3058 0.0217192</i>
                        <i>-0.0135121 0.995564 0.0931097 -0.547814 -0.0852703 0.832243 0.836491 -0.0397615 0.546537 -0.06781 1.30582 0.021282</i>
                        <i>-0.0133372 0.996362 0.084171 -0.547775 -0.0777037 0.833009 0.836519 -0.0349968 0.546819 -0.0679714 1.30584 0.0208642</i>
                        <i>-0.0135532 0.997086 0.0750743 -0.547703 -0.0702188 0.833721 0.836563 -0.0298188 0.547059 -0.0681751 1.30586 0.020469</i>
                        <i>-0.0140487 0.997703 0.066266 -0.547603 -0.0631274 0.834353 0.83662 -0.024566 0.547232 -0.0684176 1.30589 0.0200996</i>
                        <i>-0.0147107 0.998198 0.0581763 -0.547485 -0.056727 0.83489 0.836686 -0.0195688 0.547333 -0.0686952 1.30592 0.019759</i>
                        <i>-0.0154257 0.998568 0.0512173 -0.547363 -0.0512998 0.835321 0.836753 -0.015149 0.547371 -0.0690044 1.30594 0.0194507</i>
                        <i>-0.0160795 0.998822 0.0457844 -0.547253 -0.0471143 0.83564 0.836813 -0.011619 0.547366 -0.0693416 1.30596 0.0191776</i>
                        <i>-0.0165579 0.998969 0.042263 -0.547172 -0.0444309 0.83584 0.836857 -0.0092854 0.547343 -0.0697031 1.30598 0.0189431</i>
                        <i>-0.0167475 0.999017 0.0410393 -0.547136 -0.0435112 0.835912 0.836876 -0.0084546 0.547327 -0.0700855 1.306 0.0187503</i>
                        <i>-0.0168029 0.999 0.0414344 -0.547135 -0.0438721 0.835894 0.836876 -0.00862478 0.547325 -0.070485 1.306 0.0186024</i>
                        <i>-0.0169428 0.998955 0.042446 -0.54715 -0.0447949 0.835835 0.836863 -0.00906291 0.547337 -0.0708981 1.306 0.0185025</i>
                        <i>-0.0171507 0.998885 0.0439855 -0.547177 -0.0461965 0.835741 0.836841 -0.00973432 0.547359 -0.0713212 1.30595 0.0184127</i>
                        <i>-0.0174093 0.998791 0.0459646 -0.547214 -0.0479933 0.835615 0.836811 -0.010605 0.547389 -0.0717508 1.30583 0.0182951</i>
                        <i>-0.0177018 0.998676 0.0482945 -0.547258 -0.050102 0.835463 0.836776 -0.0116404 0.547421 -0.0721832 1.30565 0.0181529</i>
                        <i>-0.0180121 0.998542 0.0508861 -0.547306 -0.0524391 0.835288 0.836739 -0.012805 0.547453 -0.0726148 1.3054 0.0179897</i>
                        <i>-0.0183256 0.998392 0.0536491 -0.547355 -0.0549211 0.835097 0.8367 -0.0140614 0.547481 -0.073042 1.30511 0.0178087</i>
                        <i>-0.0186296 0.998229 0.0564926 -0.547401 -0.057465 0.834895 0.836663 -0.0153704 0.547503 -0.0734613 1.30477 0.0176133</i>
                        <i>-0.0189128 0.99806 0.0593252 -0.547444 -0.0599882 0.83469 0.836629 -0.0166909 0.547516 -0.073869 1.30439 0.017407</i>
                        <i>-0.0191662 0.997889 0.0620551 -0.54748 -0.0624091 0.834489 0.8366 -0.0179799 0.54752 -0.0742616 1.30399 0.0171932</i>
                        <i>-0.0193822 0.997724 0.0645905 -0.54751 -0.0646468 0.834298 0.836574 -0.0191935 0.547517 -0.0746354 1.30356 0.016975</i>
                        <i>-0.0195541 0.997572 0.0668399 -0.547538 -0.0666211 0.834125 0.836552 -0.0202868 0.547511 -0.0749867 1.30311 0.0167559</i>
                        <i>-0.0196907 0.997429 0.0689101 -0.547566 -0.0684262 0.83396 0.836531 -0.0213115 0.547505 -0.075312 1.30266 0.0165391</i>
                        <i>-0.019803 0.997283 0.0709532 -0.547596 -0.0701951 0.833793 0.836509 -0.0223421 0.547498 -0.0756087 1.3022 0.0163386</i>
                        <i>-0.0198876 0.997138 0.0729444 -0.547624 -0.0719053 0.833629 0.836488 -0.0233673 0.547487 -0.0758746 1.30174 0.0161711</i>
                        <i>-0.0199405 0.996995 0.0748565 -0.547651 -0.073532 0.833469 0.836469 -0.0243754 0.547472 -0.0761067 1.3013 0.0160439</i>
                        <i>-0.0199574 0.996857 0.0766618 -0.547675 -0.0750498 0.833318 0.836453 -0.0253549 0.547452 -0.0763016 1.30087 0.0159645</i>
                        <i>-0.0199327 0.996728 0.0783322 -0.547697 -0.0764318 0.833178 0.836439 -0.0262949 0.547429 -0.0764563 1.30047 0.0159404</i>
                        <i>-0.0198592 0.99661 0.0798387 -0.547716 -0.0776503 0.833053 0.836428 -0.0271852 0.547401 -0.0765675 1.3001 0.015979</i>
                        <i>-0.0196048 0.996342 0.0831818 -0.547754 -0.0803042 0.832777 0.83641 -0.0292367 0.547324 -0.0766321 1.29976 0.0160879</i>
                        <i>-0.0191291 0.99579 0.0896448 -0.547814 -0.0854435 0.832225 0.836381 -0.033189 0.547143 -0.076647 1.29947 0.0162744</i>
                        <i>-0.0185607 0.995001 0.0981215 -0.547869 -0.0922145 0.831466 0.836358 -0.0383251 0.546842 -0.0766119 1.29922 0.0166597</i>
                        <i>-0.0180257 0.994041 0.107508 -0.547897 -0.099764 0.830576 0.836352 -0.0439314 0.54643 -0.0765308 1.299 0.0173258</i>
                        <i>-0.0176476 0.99301 0.116706 -0.547889 -0.107243 0.829648 0.836365 -0.0493004 0.545952 -0.0764065 1.29884 0.0182212</i>
                        <i>-0.0175511 0.992048 0.124629 -0.547853 -0.113812 0.828797 0.83639 -0.0537318 0.545494 -0.0762416 1.29874 0.0192945</i>
                        <i>-0.0178731 0.991325 0.130209 -0.547807 -0.118652 0.828148 0.836414 -0.0565276 0.545176 -0.076039 1.29871 0.0204945</i>
                        <i>-0.0188303 0.991102 0.131767 -0.547781 -0.120477 0.827902 0.83641 -0.0565899 0.545175 -0.0758014 1.29878 0.0217697</i>
                        <i>-0.0204465 0.991868 0.12562 -0.547816 -0.116221 0.828487 0.836349 -0.0518772 0.545738 -0.0755315 1.29895 0.0230686</i>
                        <i>-0.0225701 0.993502 0.111552 -0.547877 -0.105625 0.829864 0.836254 -0.0423868 0.546701 -0.0752323 1.29931 0.0243401</i>
                        <i>-0.0250214 0.995434 0.0921119 -0.547867 -0.0907258 0.831632 0.836191 -0.0296565 0.547635 -0.0749062 1.29989 0.0255326</i>
                        <i>-0.027604 0.997173 0.0698848 -0.547713 -0.0735708 0.833425 0.836211 -0.0152709 0.548195 -0.0745563 1.30058 0.0265948</i>
                        <i>-0.030105 0.998417 0.047506 -0.547403 -0.056235 0.834977 0.836327 -0.000867978 0.54823 -0.0741851 1.30129 0.0274753</i>
                        <i>-0.0322975 0.999096 0.0276522 -0.547 -0.0408247 0.836137 0.836509 0.0118794 0.547824 -0.0737955 1.30193 0.0281227</i>
                        <i>-0.0318559 0.997802 0.0581132 -0.547619 -0.0660633 0.834116 0.836121 -0.00525231 0.548519 -0.0733902 1.30239 0.0284857</i>
                        <i>-0.0303961 0.995646 0.0881187 -0.547866 -0.0903324 0.831675 0.836014 -0.0229976 0.548226 -0.0729721 1.30272 0.0285978</i>
                        <i>-0.0265916 0.993431 0.111298 -0.547827 -0.107612 0.829641 0.836169 -0.0389106 0.54709 -0.0725437 1.30302 0.0285414</i>
                        <i>-0.0218402 0.991845 0.125561 -0.547724 -0.116937 0.828447 0.836374 -0.0506797 0.545812 -0.072108 1.3033 0.0283382</i>
                        <i>-0.0169287 0.991442 0.129443 -0.547699 -0.117506 0.828383 0.836504 -0.0568723 0.545002 -0.0716676 1.30357 0.0280101</i>
                        <i>-0.0125502 0.991879 0.126567 -0.547738 -0.112716 0.829023 0.836556 -0.0589211 0.544704 -0.0712254 1.30381 0.0275786</i>
                        <i>-0.00933038 0.992625 0.120867 -0.547781 -0.106196 0.829855 0.83657 -0.0584656 0.544732 -0.070784 1.30404 0.0270657</i>
                        <i>-0.00790621 0.993184 0.116285 -0.547799 -0.101589 0.830419 0.836573 -0.0571353 0.544868 -0.0703462 1.30427 0.026493</i>
                        <i>-0.00807259 0.993424 0.114213 -0.547801 -0.0999465 0.830617 0.83657 -0.0558606 0.545005 -0.0699149 1.30448 0.0258824</i>
                        <i>-0.0090303 0.99353 0.113209 -0.5478 -0.0996288 0.830656 0.836561 -0.0545146 0.545156 -0.0694927 1.30469 0.0252555</i>
                        <i>-0.0106098 0.993533 0.113047 -0.547796 -0.100354 0.830571 0.836545 -0.0531143 0.545318 -0.0690824 1.3049 0.0246341</i>
                        <i>-0.0125683 0.993465 0.113445 -0.54779 -0.101755 0.830405 0.836521 -0.0517073 0.545489 -0.0686868 1.30511 0.02404</i>
                        <i>-0.0145692 0.99337 0.114036 -0.547782 -0.10334 0.830214 0.836494 -0.0503714 0.545656 -0.0683087 1.30533 0.0234949</i>
                        <i>-0.0163028 0.993294 0.114461 -0.547775 -0.104641 0.830056 0.836467 -0.0491668 0.545807 -0.0679507 1.30555 0.0230206</i>
                        <i>-0.0174802 0.993284 0.114372 -0.547772 -0.105209 0.829986 0.836445 -0.0481416 0.545933 -0.0676156 1.30578 0.0226388</i>
                    </KeyFrames>
                </p>
            </i>
            <i>
                <p>
                    <Name>
                        <![CDATA[spine1]]>
</Name>
                    <Exclude>0</Exclude>
                    <Additive>0</Additive>
                    <IKPriority>0</IKPriority>
                    <IKRotLimits>-1e+010 -1e+010 -1e+010 1e+010 1e+010 1e+010</IKRotLimits>
                    <IKRotLimitOrder>0</IKRotLimitOrder>
                    <KeyFrames count="60">
                        <i>0.0404996 0.945379 0.323447 -0.723773 -0.195415 0.661789 0.688848 -0.260904 0.676326 -0.0906729 1.47817 0.0478985</i>
                        <i>0.0395016 0.945975 0.321825 -0.722727 -0.195359 0.662948 0.690004 -0.258779 0.675965 -0.0903013 1.4784 0.0463413</i>
                        <i>0.0389846 0.946422 0.320569 -0.721435 -0.195316 0.664367 0.691384 -0.25717 0.675168 -0.0901214 1.47863 0.0444928</i>
                        <i>0.0388866 0.946752 0.319607 -0.719857 -0.195291 0.666084 0.693032 -0.255973 0.673932 -0.0901093 1.47884 0.0424475</i>
                        <i>0.0391418 0.94699 0.318869 -0.717982 -0.195287 0.668106 0.69496 -0.255093 0.672278 -0.0902407 1.47905 0.0402995</i>
                        <i>0.0396785 0.947164 0.318287 -0.715839 -0.195295 0.670399 0.697137 -0.254443 0.670267 -0.090491 1.47924 0.0381415</i>
                        <i>0.0404173 0.947295 0.317802 -0.713505 -0.195298 0.672881 0.699483 -0.253949 0.668007 -0.0908348 1.4794 0.0360638</i>
                        <i>0.0412702 0.947408 0.317356 -0.711111 -0.19527 0.675419 0.701867 -0.25355 0.665654 -0.0912464 1.47954 0.0341533</i>
                        <i>0.042141 0.947523 0.316897 -0.708835 -0.195175 0.677835 0.704114 -0.253192 0.663413 -0.0916998 1.47966 0.0324937</i>
                        <i>0.0429267 0.947663 0.316372 -0.706894 -0.194967 0.679919 0.706016 -0.252828 0.661528 -0.0921687 1.47975 0.0311651</i>
                        <i>0.0435202 0.94785 0.315732 -0.705525 -0.194597 0.681444 0.707348 -0.252413 0.660263 -0.0926264 1.4798 0.0302461</i>
                        <i>0.0438149 0.948105 0.314924 -0.704963 -0.194019 0.68219 0.707889 -0.2519 0.659878 -0.0930467 1.47981 0.0298151</i>
                        <i>0.0440125 0.948525 0.31363 -0.704428 -0.193145 0.682991 0.708409 -0.25099 0.659667 -0.0934564 1.47979 0.0297432</i>
                        <i>0.0443639 0.949156 0.311664 -0.703087 -0.191966 0.684703 0.709719 -0.249503 0.658823 -0.0938952 1.47974 0.0298384</i>
                        <i>0.0448398 0.949949 0.309169 -0.701064 -0.190552 0.687167 0.711687 -0.24756 0.657431 -0.0943565 1.47962 0.0300454</i>
                        <i>0.0454107 0.950855 0.306288 -0.698484 -0.188976 0.690224 0.714184 -0.245281 0.655575 -0.0948335 1.47941 0.0303093</i>
                        <i>0.0460473 0.951825 0.303166 -0.695468 -0.187309 0.693714 0.71708 -0.242786 0.653339 -0.0953194 1.47913 0.0306161</i>
                        <i>0.0467208 0.952811 0.299946 -0.692146 -0.185628 0.697478 0.720244 -0.240193 0.650812 -0.0958077 1.47879 0.030952</i>
                        <i>0.0474026 0.953771 0.296774 -0.688652 -0.184007 0.701356 0.723541 -0.23762 0.648094 -0.096292 1.47838 0.0313029</i>
                        <i>0.048065 0.954659 0.293796 -0.68513 -0.182524 0.705182 0.726833 -0.235183 0.645293 -0.0967666 1.47794 0.0316547</i>
                        <i>0.0486808 0.955436 0.291156 -0.681733 -0.18126 0.708792 0.72998 -0.232995 0.642528 -0.0972257 1.47746 0.0319932</i>
                        <i>0.0492234 0.956062 0.289002 -0.678621 -0.180292 0.712017 0.732837 -0.231171 0.639929 -0.0976641 1.47695 0.0323041</i>
                        <i>0.0496667 0.956498 0.287479 -0.675964 -0.179703 0.714689 0.735259 -0.229822 0.637633 -0.0980768 1.47643 0.0325732</i>
                        <i>0.0499849 0.956705 0.286734 -0.673935 -0.179571 0.716635 0.737098 -0.229061 0.635781 -0.0984589 1.47591 0.0327862</i>
                        <i>0.0501929 0.956686 0.286761 -0.672461 -0.179915 0.717933 0.738429 -0.22887 0.634304 -0.0988083 1.47539 0.0329673</i>
                        <i>0.0503188 0.956464 0.287479 -0.671402 -0.180701 0.718725 0.739383 -0.229179 0.63308 -0.0991247 1.47488 0.03316</i>
                        <i>0.0503559 0.956025 0.288929 -0.670841 -0.181942 0.718937 0.73989 -0.230028 0.632179 -0.0994053 1.47438 0.0333762</i>
                        <i>0.0502927 0.955343 0.291189 -0.670859 -0.183676 0.718478 0.739878 -0.231481 0.631663 -0.0996462 1.47391 0.0336184</i>
                        <i>0.0501173 0.954387 0.294337 -0.671538 -0.185942 0.71726 0.739274 -0.233606 0.631588 -0.0998436 1.47347 0.033889</i>
                        <i>0.0498173 0.953124 0.298449 -0.672953 -0.188773 0.715192 0.738006 -0.236471 0.632004 -0.0999932 1.47307 0.0341903</i>
                        <i>0.0493798 0.951519 0.3036 -0.675174 -0.192196 0.71218 0.736003 -0.24015 0.632951 -0.100091 1.47273 0.0345244</i>
                        <i>0.0487421 0.948323 0.313539 -0.677922 -0.199123 0.707652 0.733516 -0.247047 0.633184 -0.100108 1.47254 0.0352949</i>
                        <i>0.0478914 0.94275 0.330045 -0.681025 -0.210897 0.701232 0.730692 -0.258352 0.631936 -0.100036 1.47254 0.0367668</i>
                        <i>0.0468863 0.935486 0.350239 -0.684728 -0.225187 0.693137 0.727289 -0.272317 0.629995 -0.0998993 1.47268 0.038848</i>
                        <i>0.0457742 0.927375 0.371322 -0.689319 -0.23971 0.683651 0.72301 -0.287253 0.628285 -0.0997242 1.47291 0.0414041</i>
                        <i>0.044588 0.919463 0.390639 -0.695148 -0.252279 0.673145 0.717483 -0.301566 0.627914 -0.0995363 1.47316 0.0441617</i>
                        <i>0.0433492 0.91298 0.405694 -0.702603 -0.260832 0.662054 0.71026 -0.313741 0.630156 -0.0993608 1.47334 0.0468406</i>
                        <i>0.0420803 0.909262 0.414091 -0.71207 -0.263436 0.650814 0.700847 -0.322248 0.636373 -0.0992242 1.47337 0.0491573</i>
                        <i>0.040849 0.90945 0.413801 -0.723941 -0.258502 0.639599 0.688652 -0.325695 0.647828 -0.0991689 1.47317 0.0507088</i>
                        <i>0.0397005 0.914824 0.401897 -0.737659 -0.244475 0.629358 0.674006 -0.321449 0.665122 -0.0991967 1.47268 0.0507034</i>
                        <i>0.0386384 0.924787 0.378518 -0.752308 -0.222393 0.62014 0.657677 -0.308723 0.687132 -0.0992803 1.47203 0.0490842</i>
                        <i>0.03767 0.937216 0.346709 -0.767138 -0.195217 0.611056 0.640375 -0.288993 0.71162 -0.0993926 1.4714 0.0463648</i>
                        <i>0.0367863 0.950071 0.309857 -0.781519 -0.165889 0.601423 0.622796 -0.264283 0.736396 -0.0995045 1.47085 0.0430404</i>
                        <i>0.0359425 0.961665 0.271863 -0.795 -0.137323 0.590862 0.605544 -0.237368 0.759587 -0.0995834 1.47042 0.0395786</i>
                        <i>0.0350492 0.970855 0.23709 -0.807312 -0.112333 0.579335 0.589084 -0.211711 0.779845 -0.0995917 1.47009 0.036424</i>
                        <i>0.0339747 0.962179 0.270291 -0.810895 -0.131549 0.570214 0.584204 -0.238551 0.775757 -0.0991028 1.47118 0.0425884</i>
                        <i>0.0327944 0.951514 0.305851 -0.811475 -0.153297 0.563922 0.583466 -0.266684 0.767103 -0.0984245 1.47224 0.0484825</i>
                        <i>0.0309049 0.940203 0.339211 -0.807303 -0.176617 0.563088 0.589327 -0.291248 0.75357 -0.0972975 1.47332 0.0529693</i>
                        <i>0.0285791 0.930979 0.363953 -0.801914 -0.196015 0.564369 0.596756 -0.307988 0.740963 -0.0959737 1.47425 0.055613</i>
                        <i>0.0261593 0.925619 0.377551 -0.795679 -0.209354 0.568389 0.605154 -0.315278 0.731019 -0.0945982 1.47484 0.0560827</i>
                        <i>0.0240567 0.923447 0.382971 -0.78904 -0.217692 0.574479 0.613871 -0.315999 0.7234 -0.0933137 1.47514 0.0550948</i>
                        <i>0.0227969 0.923405 0.38315 -0.782352 -0.222126 0.581881 0.622419 -0.313023 0.717364 -0.0922511 1.47533 0.0534631</i>
                        <i>0.0229315 0.924318 0.380933 -0.775946 -0.223804 0.589762 0.630382 -0.309108 0.712089 -0.0915395 1.4756 0.0520028</i>
                        <i>0.0241733 0.925925 0.376934 -0.76992 -0.223262 0.59781 0.637682 -0.30466 0.707491 -0.0911417 1.47596 0.0510054</i>
                        <i>0.0258408 0.928536 0.370342 -0.764021 -0.220565 0.606319 0.644673 -0.298617 0.703722 -0.0909055 1.47631 0.0501984</i>
                        <i>0.0282467 0.931855 0.361729 -0.756087 -0.216792 0.617522 0.653861 -0.290942 0.69844 -0.0908014 1.47665 0.0495606</i>
                        <i>0.0313898 0.935552 0.351792 -0.745598 -0.212486 0.631612 0.665657 -0.282121 0.690875 -0.0907856 1.477 0.0490601</i>
                        <i>0.0347856 0.939252 0.341461 -0.734949 -0.207486 0.645601 0.67723 -0.273414 0.683084 -0.0907962 1.47736 0.048648</i>
                        <i>0.0379714 0.942624 0.33169 -0.726752 -0.201768 0.656598 0.68585 -0.265989 0.677392 -0.0907765 1.47775 0.0482764</i>
                        <i>0.0404996 0.945379 0.323447 -0.723773 -0.195415 0.661789 0.688848 -0.260904 0.676326 -0.0906729 1.47817 0.0478985</i>
                    </KeyFrames>
                </p>
            </i>
            <i>
                <p>
                    <Name>
                        <![CDATA[spine2]]>
</Name>
                    <Exclude>0</Exclude>
                    <Additive>0</Additive>
                    <IKPriority>0</IKPriority>
                    <IKRotLimits>-1e+010 -1e+010 -1e+010 1e+010 1e+010 1e+010</IKRotLimits>
                    <IKRotLimitOrder>0</IKRotLimitOrder>
                    <KeyFrames count="60">
                        <i>0.164729 0.889004 0.427242 -0.723887 -0.185255 0.664581 0.669964 -0.418751 0.613022 -0.0798262 1.62966 0.103233</i>
                        <i>0.159401 0.886087 0.435249 -0.72317 -0.195318 0.662477 0.672024 -0.420359 0.609658 -0.0797534 1.63022 0.101623</i>
                        <i>0.156121 0.881 0.446615 -0.722308 -0.20658 0.659997 0.673719 -0.425633 0.604102 -0.0797604 1.63076 0.0998489</i>
                        <i>0.154592 0.874152 0.46039 -0.721313 -0.218573 0.657216 0.675136 -0.433686 0.596748 -0.0798399 1.63128 0.0979702</i>
                        <i>0.154509 0.865967 0.475634 -0.720211 -0.230833 0.654227 0.676331 -0.443641 0.588013 -0.0799843 1.63177 0.0960472</i>
                        <i>0.155554 0.85691 0.491435 -0.719039 -0.2429 0.651139 0.677337 -0.454648 0.578368 -0.0801859 1.63222 0.0941398</i>
                        <i>0.157401 0.847501 0.506919 -0.71785 -0.25432 0.648084 0.678172 -0.4659 0.568348 -0.0804371 1.63262 0.0923077</i>
                        <i>0.159709 0.83832 0.521261 -0.716705 -0.264646 0.64521 0.678842 -0.476636 0.558562 -0.0807295 1.63297 0.0906107</i>
                        <i>0.162129 0.829999 0.533682 -0.715678 -0.273439 0.642679 0.679352 -0.486141 0.54968 -0.081055 1.63325 0.0891083</i>
                        <i>0.164302 0.823209 0.543444 -0.714849 -0.280259 0.640661 0.679703 -0.493742 0.542423 -0.0814048 1.63347 0.0878602</i>
                        <i>0.165869 0.81864 0.549832 -0.714296 -0.284673 0.63933 0.679903 -0.498788 0.537533 -0.0817703 1.6336 0.086926</i>
                        <i>0.166469 0.816972 0.552127 -0.714097 -0.286243 0.638851 0.679966 -0.500621 0.535747 -0.0821429 1.63366 0.0863654</i>
                        <i>0.166715 0.817733 0.550925 -0.713584 -0.285528 0.639743 0.680444 -0.499787 0.535919 -0.0825274 1.63364 0.086019</i>
                        <i>0.167401 0.81985 0.54756 -0.712145 -0.283524 0.642233 0.681782 -0.497453 0.53639 -0.0829318 1.6336 0.0856975</i>
                        <i>0.168446 0.823068 0.542388 -0.709922 -0.280438 0.646038 0.683839 -0.493876 0.537076 -0.0833517 1.63349 0.0853754</i>
                        <i>0.169764 0.827126 0.535764 -0.707058 -0.276474 0.650869 0.686476 -0.48931 0.537891 -0.083783 1.63329 0.085027</i>
                        <i>0.171273 0.831766 0.528044 -0.703694 -0.271839 0.656443 0.689551 -0.484013 0.53875 -0.0842213 1.63301 0.084668</i>
                        <i>0.172894 0.83674 0.519589 -0.699978 -0.266744 0.662479 0.692921 -0.47824 0.539581 -0.0846623 1.63265 0.0843141</i>
                        <i>0.17455 0.841814 0.510765 -0.696063 -0.261404 0.668704 0.69644 -0.472247 0.540328 -0.0851018 1.63223 0.0839809</i>
                        <i>0.176168 0.846769 0.501942 -0.692111 -0.256042 0.674852 0.699963 -0.466287 0.540952 -0.0855357 1.63176 0.0836842</i>
                        <i>0.177684 0.851405 0.493495 -0.688291 -0.250889 0.680668 0.703337 -0.460612 0.541436 -0.0859596 1.63124 0.0834395</i>
                        <i>0.179035 0.855536 0.485803 -0.684783 -0.246179 0.685907 0.706412 -0.455471 0.541782 -0.0863696 1.63068 0.0832627</i>
                        <i>0.180166 0.85899 0.479245 -0.681769 -0.242151 0.690329 0.709035 -0.451108 0.542006 -0.0867614 1.63009 0.0831694</i>
                        <i>0.181022 0.861604 0.474205 -0.679438 -0.239047 0.693701 0.711052 -0.447768 0.542134 -0.087131 1.62948 0.0831753</i>
                        <i>0.18165 0.863522 0.470461 -0.677698 -0.236736 0.696191 0.712551 -0.445293 0.542204 -0.0874754 1.62886 0.0833018</i>
                        <i>0.182115 0.864944 0.46766 -0.676392 -0.235005 0.698045 0.713673 -0.443446 0.542243 -0.0877922 1.62823 0.0835736</i>
                        <i>0.182392 0.865789 0.465985 -0.675609 -0.233969 0.69915 0.714343 -0.442343 0.542261 -0.088078 1.62761 0.0840104</i>
                        <i>0.182452 0.865972 0.465621 -0.675438 -0.233744 0.69939 0.714489 -0.442103 0.542264 -0.0883291 1.62699 0.0846306</i>
                        <i>0.182266 0.865404 0.46675 -0.675966 -0.234442 0.698646 0.714037 -0.442846 0.542253 -0.0885418 1.6264 0.0854525</i>
                        <i>0.181801 0.863985 0.469552 -0.677274 -0.236175 0.696793 0.712915 -0.444693 0.542218 -0.0887123 1.62583 0.0864946</i>
                        <i>0.181022 0.861604 0.474205 -0.679438 -0.239047 0.693701 0.711052 -0.447768 0.542134 -0.088837 1.6253 0.0877752</i>
                        <i>0.179622 0.857122 0.482781 -0.68207 -0.245135 0.688977 0.708884 -0.453046 0.540586 -0.0889133 1.62482 0.0904066</i>
                        <i>0.177528 0.850122 0.495759 -0.684921 -0.255001 0.682538 0.706659 -0.460725 0.536997 -0.0889399 1.62439 0.0949977</i>
                        <i>0.17504 0.841605 0.510943 -0.688283 -0.266478 0.674726 0.704008 -0.469778 0.532618 -0.088918 1.62399 0.100925</i>
                        <i>0.172439 0.832693 0.526201 -0.692489 -0.277428 0.665952 0.700517 -0.479225 0.528791 -0.0888525 1.62362 0.107525</i>
                        <i>0.169978 0.824663 0.53948 -0.697922 -0.285747 0.656699 0.69571 -0.48814 0.52698 -0.0887464 1.62326 0.113991</i>
                        <i>0.1679 0.818927 0.548788 -0.704994 -0.289366 0.647496 0.689053 -0.495607 0.528754 -0.0886029 1.6229 0.119515</i>
                        <i>0.166469 0.816972 0.552127 -0.714097 -0.286243 0.638851 0.679966 -0.500621 0.535747 -0.0884249 1.62251 0.123281</i>
                        <i>0.166152 0.819106 0.549052 -0.725691 -0.275418 0.63049 0.667657 -0.5032 0.548656 -0.0882176 1.62209 0.12446</i>
                        <i>0.166991 0.82415 0.541194 -0.739415 -0.258417 0.62168 0.652212 -0.503982 0.566235 -0.0879862 1.62157 0.121752</i>
                        <i>0.168668 0.831316 0.529589 -0.754386 -0.23693 0.612181 0.634391 -0.50277 0.587171 -0.0877343 1.62105 0.115246</i>
                        <i>0.170864 0.839802 0.515304 -0.769788 -0.212665 0.60183 0.615005 -0.499506 0.610133 -0.0874626 1.62065 0.106177</i>
                        <i>0.173232 0.848828 0.499481 -0.78491 -0.187348 0.590608 0.594901 -0.49436 0.633799 -0.0871716 1.62035 0.0957687</i>
                        <i>0.175383 0.857672 0.483364 -0.799172 -0.162701 0.578664 0.574947 -0.487779 0.656892 -0.0868604 1.62012 0.0852213</i>
                        <i>0.17688 0.865684 0.4683 -0.812132 -0.140421 0.566324 0.556017 -0.480493 0.678212 -0.0865264 1.61992 0.0757191</i>
                        <i>0.175191 0.8691 0.462572 -0.813232 -0.137087 0.565563 0.554943 -0.47526 0.682763 -0.0861193 1.62048 0.08736</i>
                        <i>0.171468 0.870313 0.461687 -0.812132 -0.140421 0.566324 0.55771 -0.472057 0.682731 -0.0856866 1.62099 0.0993195</i>
                        <i>0.162296 0.867597 0.470037 -0.8074 -0.157075 0.568712 0.567244 -0.471808 0.675005 -0.085201 1.6215 0.109829</i>
                        <i>0.150469 0.863346 0.481656 -0.801995 -0.178282 0.570105 0.578068 -0.472069 0.665573 -0.0846858 1.62191 0.117149</i>
                        <i>0.138019 0.858238 0.494347 -0.795949 -0.200923 0.571047 0.58942 -0.47229 0.655382 -0.0841743 1.62201 0.120348</i>
                        <i>0.12698 0.853165 0.505951 -0.78944 -0.221903 0.572314 0.60055 -0.47209 0.645345 -0.0836823 1.62186 0.12058</i>
                        <i>0.119388 0.849225 0.514357 -0.782797 -0.238156 0.574901 0.610717 -0.471273 0.636338 -0.0832039 1.6218 0.119187</i>
                        <i>0.117278 0.847622 0.517478 -0.776432 -0.246627 0.579938 0.619193 -0.4698 0.629196 -0.0827341 1.62218 0.117512</i>
                        <i>0.119824 0.849397 0.513971 -0.770464 -0.246938 0.587714 0.626121 -0.466418 0.624841 -0.0822976 1.62298 0.115926</i>
                        <i>0.124497 0.854149 0.504906 -0.764604 -0.241722 0.597454 0.632361 -0.460434 0.622993 -0.0819066 1.62394 0.113986</i>
                        <i>0.131549 0.86107 0.491176 -0.756676 -0.232877 0.610909 0.640418 -0.452026 0.620916 -0.0815466 1.62501 0.111817</i>
                        <i>0.14053 0.869135 0.474189 -0.746139 -0.221846 0.627743 0.650791 -0.442028 0.617319 -0.0811946 1.62616 0.10954</i>
                        <i>0.14996 0.877118 0.456262 -0.735378 -0.209509 0.644457 0.660856 -0.432168 0.613596 -0.0808143 1.62735 0.107272</i>
                        <i>0.158463 0.884009 0.439793 -0.727024 -0.196916 0.657769 0.668076 -0.423972 0.611491 -0.0803699 1.62853 0.105131</i>
                        <i>0.164729 0.889004 0.427242 -0.723887 -0.185255 0.664581 0.669964 -0.418751 0.613022 -0.0798262 1.62966 0.103233</i>
                    </KeyFrames>
                </p>
            </i>
            <i>
                <p>
                    <Name>
                        <![CDATA[head]]>
</Name>
                    <Exclude>0</Exclude>
                    <Additive>0</Additive>
                    <IKPriority>0</IKPriority>
                    <IKRotLimits>-1e+010 -1e+010 -1e+010 1e+010 1e+010 1e+010</IKRotLimits>
                    <IKRotLimitOrder>0</IKRotLimitOrder>
                    <KeyFrames count="60">
                        <i>0.00968202 0.976416 0.215678 -0.208412 0.212922 -0.954583 -0.977993 -0.0357077 0.205559 -0.0436749 1.86234 0.208121</i>
                        <i>-0.0210031 0.985565 0.167988 -0.158065 0.162639 -0.973943 -0.987205 -0.0470088 0.152367 -0.0448048 1.86228 0.208188</i>
                        <i>-0.0236678 0.98922 0.144514 -0.115228 0.140892 -0.983296 -0.993057 -0.0399246 0.110651 -0.0455496 1.86174 0.208837</i>
                        <i>0.042603 0.974763 0.219139 -0.14891 0.223084 -0.963358 -0.987933 0.00840986 0.154656 -0.0459691 1.86078 0.20992</i>
                        <i>0.133465 0.939153 0.316509 -0.193657 0.337924 -0.921034 -0.971949 0.061632 0.226974 -0.046125 1.85949 0.211288</i>
                        <i>0.23167 0.87996 0.414728 -0.233311 0.464144 -0.85448 -0.944402 0.101197 0.312833 -0.0460815 1.85798 0.2128</i>
                        <i>0.319769 0.807169 0.496212 -0.258814 0.578203 -0.773755 -0.911462 0.118996 0.393798 -0.0459051 1.85633 0.214323</i>
                        <i>0.382563 0.7416 0.551068 -0.270146 0.660157 -0.700866 -0.883553 0.119257 0.452892 -0.045665 1.85469 0.215733</i>
                        <i>0.407643 0.708652 0.575882 -0.272973 0.696392 -0.66372 -0.871386 0.11336 0.477322 -0.0454326 1.85317 0.21692</i>
                        <i>0.410811 0.700929 0.583038 -0.274009 0.704847 -0.6543 -0.869571 0.109036 0.48162 -0.0452809 1.85191 0.217779</i>
                        <i>0.414471 0.695621 0.586792 -0.275666 0.710454 -0.647506 -0.867307 0.106614 0.486221 -0.0452839 1.85106 0.218212</i>
                        <i>0.416663 0.693618 0.58761 -0.276841 0.712507 -0.644743 -0.865881 0.105966 0.488897 -0.0455148 1.85075 0.218118</i>
                        <i>0.416417 0.694515 0.586725 -0.277055 0.71158 -0.645673 -0.865931 0.106314 0.488733 -0.0458386 1.85092 0.217458</i>
                        <i>0.41291 0.69724 0.58597 -0.275676 0.708877 -0.649227 -0.868048 0.106535 0.484915 -0.0460818 1.85136 0.216325</i>
                        <i>0.405045 0.702163 0.585581 -0.272684 0.704098 -0.65566 -0.872687 0.105893 0.47666 -0.046259 1.85198 0.214778</i>
                        <i>0.393885 0.709049 0.584897 -0.269031 0.697405 -0.664266 -0.878906 0.104289 0.465454 -0.0463849 1.8527 0.212874</i>
                        <i>0.380966 0.716848 0.583947 -0.264854 0.689718 -0.6739 -0.885843 0.102072 0.452619 -0.0464743 1.85346 0.210711</i>
                        <i>0.367863 0.724567 0.58282 -0.260293 0.68195 -0.683515 -0.892706 0.0997359 0.439463 -0.0465412 1.85422 0.20839</i>
                        <i>0.356194 0.731293 0.581666 -0.255481 0.674994 -0.69218 -0.898808 0.0979455 0.427261 -0.0465991 1.85494 0.206012</i>
                        <i>0.347615 0.73619 0.58068 -0.250539 0.669711 -0.699083 -0.903545 0.0975283 0.417246 -0.04666 1.85558 0.203679</i>
                        <i>0.343791 0.738466 0.580065 -0.245557 0.666921 -0.703504 -0.906372 0.0994194 0.410617 -0.0467351 1.85609 0.201493</i>
                        <i>0.347627 0.735222 0.581897 -0.239292 0.669618 -0.703101 -0.906584 0.105174 0.40871 -0.0468343 1.85645 0.199559</i>
                        <i>0.358514 0.726063 0.586771 -0.230902 0.677994 -0.69786 -0.904517 0.114706 0.41072 -0.0469667 1.85663 0.19798</i>
