<?xml version="1.0" encoding="ISO-8859-1" ?>
<Animl Version="1">
    <ModellingPackage>
        <![CDATA[Maya.2010]]>
</ModellingPackage>
    <SrcFile>
        <![CDATA[anims\characters\shared\base_soldier\~src\infantry\rifle_swing.mb]]>
</SrcFile>
    <FramesPerSecond>30</FramesPerSecond>
    <TotalFrames>35</TotalFrames>
    <Skeleton>
        <RefFrame>
            <Name>
                <![CDATA[soldier_ref_frame]]>
</Name>
            <Exclude>0</Exclude>
            <Additive>0</Additive>
            <IKPriority>0</IKPriority>
            <IKRotLimits>-1e+010 -1e+010 -1e+010 1e+010 1e+010 1e+010</IKRotLimits>
            <IKRotLimitOrder>0</IKRotLimitOrder>
            <KeyFrames count="35">
                <i>1 0 0 0 1 0 0 0 1 0 0 0</i>
                <i>1 0 0 0 1 0 0 0 1 0 0 0</i>
                <i>1 0 0 0 1 0 0 0 1 0 0 0</i>
                <i>1 0 0 0 1 0 0 0 1 0 0 0</i>
                <i>1 0 0 0 1 0 0 0 1 0 0 0</i>
                <i>1 0 0 0 1 0 0 0 1 0 0 0</i>
                <i>1 0 0 0 1 0 0 0 1 0 0 0</i>
                <i>1 0 0 0 1 0 0 0 1 0 0 0</i>
                <i>1 0 0 0 1 0 0 0 1 0 0 0</i>
                <i>1 0 0 0 1 0 0 0 1 0 0 0</i>
                <i>1 0 0 0 1 0 0 0 1 0 0 0</i>
                <i>1 0 0 0 1 0 0 0 1 0 0 0</i>
                <i>1 0 0 0 1 0 0 0 1 0 0 0</i>
                <i>1 0 0 0 1 0 0 0 1 0 0 0</i>
                <i>1 0 0 0 1 0 0 0 1 0 0 0</i>
                <i>1 0 0 0 1 0 0 0 1 0 0 0</i>
                <i>1 0 0 0 1 0 0 0 1 0 0 0</i>
                <i>1 0 0 0 1 0 0 0 1 0 0 0</i>
                <i>1 0 0 0 1 0 0 0 1 0 0 0</i>
                <i>1 0 0 0 1 0 0 0 1 0 0 0</i>
                <i>1 0 0 0 1 0 0 0 1 0 0 0</i>
                <i>1 0 0 0 1 0 0 0 1 0 0 0</i>
                <i>1 0 0 0 1 0 0 0 1 0 0 0</i>
                <i>1 0 0 0 1 0 0 0 1 0 0 0</i>
                <i>1 0 0 0 1 0 0 0 1 0 0 0</i>
                <i>1 0 0 0 1 0 0 0 1 0 0 0</i>
                <i>1 0 0 0 1 0 0 0 1 0 0 0</i>
                <i>1 0 0 0 1 0 0 0 1 0 0 0</i>
                <i>1 0 0 0 1 0 0 0 1 0 0 0</i>
                <i>1 0 0 0 1 0 0 0 1 0 0 0</i>
                <i>1 0 0 0 1 0 0 0 1 0 0 0</i>
                <i>1 0 0 0 1 0 0 0 1 0 0 0</i>
                <i>1 0 0 0 1 0 0 0 1 0 0 0</i>
                <i>1 0 0 0 1 0 0 0 1 0 0 0</i>
                <i>1 0 0 0 1 0 0 0 1 0 0 0</i>
            </KeyFrames>
        </RefFrame>
        <Bones count="23">
            <i>
                <p>
                    <Name>
                        <![CDATA[pelvis]]>
</Name>
                    <Exclude>0</Exclude>
                    <Additive>0</Additive>
                    <IKPriority>0</IKPriority>
                    <IKRotLimits>-1e+010 -1e+010 -1e+010 1e+010 1e+010 1e+010</IKRotLimits>
                    <IKRotLimitOrder>2</IKRotLimitOrder>
                    <KeyFrames count="35">
                        <i>1 0 0 0 1 0 0 0 1 -0.0476351 1.16992 0.0407553</i>
                        <i>1 0 0 0 1 0 0 0 1 -0.0476351 1.16992 0.0407553</i>
                        <i>1 0 0 0 1 0 0 0 1 -0.0476351 1.16992 0.0407553</i>
                        <i>1 0 0 0 1 0 0 0 1 -0.0476351 1.16992 0.0407553</i>
                        <i>1 0 0 0 1 0 0 0 1 -0.0476351 1.16992 0.0407553</i>
                        <i>1 0 0 0 1 0 0 0 1 -0.0476351 1.16992 0.0407553</i>
                        <i>1 0 0 0 1 0 0 0 1 -0.0476351 1.16992 0.0407553</i>
                        <i>1 0 0 0 1 0 0 0 1 -0.0476351 1.16992 0.0407553</i>
                        <i>1 0 0 0 1 0 0 0 1 -0.0476351 1.16992 0.0407553</i>
                        <i>1 0 0 0 1 0 0 0 1 -0.0476351 1.16992 0.0407553</i>
                        <i>1 0 0 0 1 0 0 0 1 -0.0476351 1.16992 0.0407553</i>
                        <i>1 0 0 0 1 0 0 0 1 -0.0476351 1.16992 0.0407553</i>
                        <i>1 0 0 0 1 0 0 0 1 -0.0476351 1.16992 0.0407553</i>
                        <i>1 0 0 0 1 0 0 0 1 -0.0476351 1.16992 0.0407553</i>
                        <i>1 0 0 0 1 0 0 0 1 -0.0476351 1.16992 0.0407553</i>
                        <i>1 0 0 0 1 0 0 0 1 -0.0476351 1.16992 0.0407553</i>
                        <i>1 0 0 0 1 0 0 0 1 -0.0476351 1.16992 0.0407553</i>
                        <i>1 0 0 0 1 0 0 0 1 -0.0476351 1.16992 0.0407553</i>
                        <i>1 0 0 0 1 0 0 0 1 -0.0476351 1.16992 0.0407553</i>
                        <i>1 0 0 0 1 0 0 0 1 -0.0476351 1.16992 0.0407553</i>
                        <i>1 0 0 0 1 0 0 0 1 -0.0476351 1.16992 0.0407553</i>
                        <i>1 0 0 0 1 0 0 0 1 -0.0476351 1.16992 0.0407553</i>
                        <i>1 0 0 0 1 0 0 0 1 -0.0476351 1.16992 0.0407553</i>
                        <i>1 0 0 0 1 0 0 0 1 -0.0476351 1.16992 0.0407553</i>
                        <i>1 0 0 0 1 0 0 0 1 -0.0476351 1.16992 0.0407553</i>
                        <i>1 0 0 0 1 0 0 0 1 -0.0476351 1.16992 0.0407553</i>
                        <i>1 0 0 0 1 0 0 0 1 -0.0476351 1.16992 0.0407553</i>
                        <i>1 0 0 0 1 0 0 0 1 -0.0476351 1.16992 0.0407553</i>
                        <i>1 0 0 0 1 0 0 0 1 -0.0476351 1.16992 0.0407553</i>
                        <i>1 0 0 0 1 0 0 0 1 -0.0476351 1.16992 0.0407553</i>
                        <i>1 0 0 0 1 0 0 0 1 -0.0476351 1.16992 0.0407553</i>
                        <i>1 0 0 0 1 0 0 0 1 -0.0476351 1.16992 0.0407553</i>
                        <i>1 0 0 0 1 0 0 0 1 -0.0476351 1.16992 0.0407553</i>
                        <i>1 0 0 0 1 0 0 0 1 -0.0476351 1.16992 0.0407553</i>
                        <i>1 0 0 0 1 0 0 0 1 -0.0476351 1.16992 0.0407553</i>
                    </KeyFrames>
                </p>
            </i>
            <i>
                <p>
                    <Name>
                        <![CDATA[spine0]]>
</Name>
                    <Exclude>0</Exclude>
                    <Additive>0</Additive>
                    <IKPriority>0</IKPriority>
                    <IKRotLimits>-1e+010 -1e+010 -1e+010 1e+010 1e+010 1e+010</IKRotLimits>
                    <IKRotLimitOrder>0</IKRotLimitOrder>
                    <KeyFrames count="35">
                        <i>-0.0174802 0.993284 0.114372 -0.547772 -0.105209 0.829986 0.836445 -0.0481416 0.545933 -0.0676156 1.30578 0.0226388</i>
                        <i>0.00325575 0.997642 0.0685578 -0.547416 -0.0555955 0.835012 0.836854 -0.0402483 0.545944 -0.0676156 1.30578 0.0226388</i>
                        <i>0.0189649 0.99608 0.0864009 -0.547507 -0.0619613 0.834504 0.836586 -0.0631314 0.544186 -0.0676156 1.30578 0.0226388</i>
                        <i>0.0395806 0.994913 0.0926391 -0.547363 -0.0559753 0.835021 0.835959 -0.0837579 0.542363 -0.0676156 1.30578 0.0226388</i>
                        <i>0.0519417 0.997142 0.0548651 -0.546175 -0.0176299 0.837486 0.836059 -0.0734663 0.543698 -0.0676156 1.30578 0.0226388</i>
                        <i>0.0614117 0.998071 0.00915331 -0.543866 0.0257719 0.838776 0.836922 -0.0564889 0.544399 -0.0676156 1.30578 0.0226388</i>
                        <i>0.0670514 0.997686 -0.0112938 -0.542439 0.0459513 0.838838 0.837415 -0.0501191 0.544265 -0.0676156 1.30578 0.0226388</i>
                        <i>0.0609443 0.997582 0.0334046 -0.54508 0.00522688 0.838367 0.836166 -0.069302 0.544081 -0.0676156 1.30578 0.0226388</i>
                        <i>0.0371511 0.99184 0.121958 -0.547699 -0.0818703 0.83266 0.83585 -0.0977308 0.540188 -0.0676156 1.30578 0.0226388</i>
                        <i>-0.0215756 0.967703 0.25117 -0.543057 -0.222279 0.809742 0.839419 -0.118929 0.530313 -0.0676156 1.30578 0.0226388</i>
                        <i>-0.0764005 0.94406 0.320802 -0.534272 -0.310416 0.786254 0.841853 -0.111326 0.528101 -0.0676156 1.30578 0.0226388</i>
                        <i>-0.118701 0.930159 0.347439 -0.527916 -0.355479 0.771323 0.84096 -0.0918617 0.533242 -0.0676156 1.30578 0.0226388</i>
                        <i>-0.16083 0.91701 0.365003 -0.521613 -0.392923 0.757318 0.837886 -0.0685903 0.541518 -0.0676156 1.30578 0.0226388</i>
                        <i>-0.179108 0.9095 0.37514 -0.518149 -0.411341 0.74988 0.836326 -0.0600691 0.544931 -0.0676156 1.30578 0.0226388</i>
                        <i>-0.171489 0.912141 0.372278 -0.519405 -0.404801 0.752565 0.837144 -0.0643064 0.54319 -0.0676156 1.30578 0.0226388</i>
                        <i>-0.13789 0.925176 0.353604 -0.525429 -0.370966 0.765708 0.83959 -0.0802102 0.537267 -0.0676156 1.30578 0.0226388</i>
                        <i>-0.118632 0.931907 0.342747 -0.52854 -0.351484 0.772725 0.840578 -0.0894854 0.534247 -0.0676156 1.30578 0.0226388</i>
                        <i>-0.0983016 0.939812 0.327246 -0.532024 -0.327531 0.780816 0.841004 -0.0973471 0.532199 -0.0676156 1.30578 0.0226388</i>
                        <i>-0.0708412 0.952509 0.296156 -0.537132 -0.286607 0.793313 0.840518 -0.102875 0.531926 -0.0676156 1.30578 0.0226388</i>
                        <i>-0.0317653 0.972021 0.232738 -0.543792 -0.212183 0.811954 0.838619 -0.100769 0.535317 -0.0676156 1.30578 0.0226388</i>
                        <i>-0.020997 0.982018 0.187615 -0.546199 -0.168444 0.820544 0.837392 -0.0852464 0.539914 -0.0676156 1.30578 0.0226388</i>
                        <i>-0.017198 0.988439 0.150638 -0.547299 -0.135391 0.825913 0.83676 -0.0682398 0.5433 -0.0676156 1.30578 0.0226388</i>
                        <i>-0.0170471 0.991817 0.126522 -0.547672 -0.115131 0.828734 0.836519 -0.055165 0.545154 -0.0676156 1.30578 0.0226388</i>
                        <i>-0.0174802 0.993284 0.114372 -0.547772 -0.105209 0.829986 0.836445 -0.0481416 0.545933 -0.0676156 1.30578 0.0226388</i>
                        <i>-0.0177147 0.993924 0.108637 -0.5478 -0.100543 0.830545 0.836421 -0.0447983 0.546253 -0.0676156 1.30578 0.0226388</i>
                        <i>-0.0178777 0.994262 0.105466 -0.547811 -0.0979815 0.830845 0.836411 -0.0429217 0.546419 -0.0676156 1.30578 0.0226388</i>
                        <i>-0.0179482 0.994393 0.104217 -0.547814 -0.0969762 0.830961 0.836408 -0.0421772 0.546483 -0.0676156 1.30578 0.0226388</i>
                        <i>-0.0179369 0.994372 0.104413 -0.547813 -0.0971338 0.830943 0.836408 -0.0422942 0.546473 -0.0676156 1.30578 0.0226388</i>
                        <i>-0.0178668 0.994241 0.105665 -0.54781 -0.0981418 0.830826 0.836412 -0.04304 0.546409 -0.0676156 1.30578 0.0226388</i>
                        <i>-0.0177648 0.994034 0.107612 -0.547804 -0.0997137 0.830643 0.836418 -0.0441941 0.546308 -0.0676156 1.30578 0.0226388</i>
                        <i>-0.017657 0.993788 0.109882 -0.547795 -0.101552 0.830426 0.836426 -0.0455298 0.546185 -0.0676156 1.30578 0.0226388</i>
                        <i>-0.0175648 0.993546 0.112065 -0.547785 -0.103327 0.830214 0.836435 -0.0468052 0.546064 -0.0676156 1.30578 0.0226388</i>
                        <i>-0.0175029 0.993359 0.113718 -0.547776 -0.104675 0.830051 0.836442 -0.0477638 0.54597 -0.0676156 1.30578 0.0226388</i>
                        <i>-0.0174802 0.993284 0.114372 -0.547772 -0.105209 0.829986 0.836445 -0.0481416 0.545933 -0.0676156 1.30578 0.0226388</i>
                        <i>-0.0174802 0.993284 0.114372 -0.547772 -0.105209 0.829986 0.836445 -0.0481416 0.545933 -0.0676156 1.30578 0.0226388</i>
                    </KeyFrames>
                </p>
            </i>
            <i>
                <p>
                    <Name>
                        <![CDATA[spine1]]>
</Name>
                    <Exclude>0</Exclude>
                    <Additive>0</Additive>
                    <IKPriority>0</IKPriority>
                    <IKRotLimits>-1e+010 -1e+010 -1e+010 1e+010 1e+010 1e+010</IKRotLimits>
                    <IKRotLimitOrder>0</IKRotLimitOrder>
                    <KeyFrames count="35">
                        <i>0.0404996 0.945379 0.323447 -0.723773 -0.195415 0.661789 0.688848 -0.260904 0.676326 -0.0906729 1.47817 0.0478985</i>
                        <i>0.121041 0.960118 0.252037 -0.577967 -0.13826 0.804262 0.807033 -0.243018 0.538181 -0.086672 1.47826 0.0389823</i>
                        <i>0.190833 0.950446 0.245428 -0.416581 -0.147978 0.896974 0.888844 -0.273413 0.367699 -0.0836277 1.47866 0.0424858</i>
                        <i>0.250479 0.944956 0.210521 -0.295559 -0.132432 0.946101 0.921903 -0.2992 0.246119 -0.0796109 1.47929 0.0437706</i>
                        <i>0.284502 0.953797 0.0965894 -0.227896 -0.0305771 0.973205 0.931194 -0.298891 0.208668 -0.0771918 1.47992 0.0364376</i>
                        <i>0.304057 0.952154 -0.0308529 -0.208655 0.0981612 0.973051 0.929523 -0.289425 0.228518 -0.0753265 1.48043 0.0275263</i>
                        <i>0.311905 0.94676 -0.0797566 -0.266319 0.167698 0.949185 0.912025 -0.274815 0.304446 -0.0742094 1.48062 0.0235224</i>
                        <i>0.285442 0.956479 0.0605949 -0.479113 0.0876521 0.873366 0.830044 -0.278327 0.483281 -0.0754128 1.48041 0.0322684</i>
                        <i>0.186556 0.926292 0.327384 -0.76212 -0.0738413 0.643212 0.619976 -0.369501 0.69217 -0.0800755 1.47922 0.0495239</i>
                        <i>-0.04927 0.759163 0.649033 -0.973403 -0.182065 0.139064 0.223739 -0.624919 0.747942 -0.0915664 1.47578 0.0748961</i>
                        <i>-0.242463 0.618272 0.747631 -0.967196 -0.0938445 -0.236063 -0.0757903 -0.780342 0.620744 -0.102369 1.47249 0.0888718</i>
                        <i>-0.374698 0.555146 0.742573 -0.880306 0.0383333 -0.472856 -0.290969 -0.830869 0.474335 -0.110713 1.47037 0.0943001</i>
                        <i>-0.487448 0.50417 0.712886 -0.752982 0.170625 -0.635535 -0.442054 -0.846581 0.29646 -0.119024 1.46817 0.0978887</i>
                        <i>-0.532697 0.467248 0.70563 -0.703659 0.218718 -0.676038 -0.470212 -0.856645 0.212273 -0.122619 1.46677 0.0999036</i>
                        <i>-0.515304 0.476258 0.712489 -0.727302 0.196727 -0.657519 -0.453314 -0.857016 0.245009 -0.121113 1.46722 0.0993148</i>
                        <i>-0.422528 0.551363 0.719353 -0.819366 0.106907 -0.563214 -0.38744 -0.827387 0.406597 -0.114532 1.46981 0.0956673</i>
                        <i>-0.360035 0.60004 0.714372 -0.872652 0.0541924 -0.485326 -0.329928 -0.798133 0.504115 -0.110769 1.47125 0.0935795</i>
                        <i>-0.292412 0.654419 0.697303 -0.922886 -0.00207103 -0.385067 -0.250551 -0.756129 0.60456 -0.106762 1.47272 0.0905047</i>
                        <i>-0.200917 0.733845 0.648925 -0.973568 -0.076135 -0.215333 -0.108615 -0.675037 0.729745 -0.10131 1.47468 0.0842253</i>
                        <i>-0.0513996 0.864505 0.499988 -0.962069 -0.177174 0.207442 0.267919 -0.470361 0.840821 -0.093562 1.47733 0.071484</i>
                        <i>-0.0156249 0.906983 0.420877 -0.904743 -0.192024 0.38022 0.425672 -0.374844 0.823587 -0.0914144 1.47839 0.0624853</i>
                        <i>0.00762761 0.930691 0.365726 -0.835363 -0.195101 0.51391 0.549645 -0.309434 0.775977 -0.090647 1.47873 0.0551294</i>
                        <i>0.0266833 0.941023 0.337288 -0.769405 -0.196079 0.607922 0.638204 -0.275733 0.718796 -0.0905995 1.47848 0.050322</i>
                        <i>0.0404996 0.945379 0.323447 -0.723773 -0.195415 0.661789 0.688848 -0.260904 0.676326 -0.0906729 1.47817 0.0478985</i>
                        <i>0.0472615 0.948398 0.31354 -0.699009 -0.192825 0.688626 0.71355 -0.251712 0.653825 -0.0907146 1.47806 0.0467639</i>
                        <i>0.0512824 0.950009 0.307982 -0.684154 -0.191239 0.703819 0.727533 -0.246801 0.640145 -0.0907441 1.47799 0.0461369</i>
                        <i>0.0529301 0.950631 0.305775 -0.678049 -0.190583 0.709879 0.733109 -0.244904 0.634487 -0.0907569 1.47796 0.04589</i>
                        <i>0.052669 0.950534 0.306122 -0.679017 -0.190687 0.708925 0.732231 -0.2452 0.635385 -0.0907548 1.47796 0.0459287</i>
                        <i>0.0510234 0.949909 0.308333 -0.685112 -0.191342 0.702858 0.726648 -0.247105 0.641032 -0.0907421 1.47799 0.0461762</i>
                        <i>0.0485365 0.948923 0.311751 -0.694306 -0.192325 0.693506 0.718041 -0.250111 0.649508 -0.0907237 1.47804 0.0465613</i>
                        <i>0.0457413 0.947754 0.315705 -0.704604 -0.193418 0.682732 0.708125 -0.253676 0.658944 -0.0907043 1.47808 0.0470101</i>
                        <i>0.0431472 0.946609 0.319483 -0.714117 -0.194416 0.672487 0.698695 -0.257164 0.667601 -0.0906878 1.47813 0.0474421</i>
                        <i>0.0412412 0.94573 0.322325 -0.721074 -0.195137 0.664811 0.691629 -0.259838 0.673894 -0.0906769 1.47816 0.0477691</i>
                        <i>0.0404996 0.945379 0.323447 -0.723773 -0.195415 0.661789 0.688848 -0.260904 0.676326 -0.0906729 1.47817 0.0478985</i>
                        <i>0.0404996 0.945379 0.323447 -0.723773 -0.195415 0.661789 0.688848 -0.260904 0.676326 -0.0906729 1.47817 0.0478985</i>
                    </KeyFrames>
                </p>
            </i>
            <i>
                <p>
                    <Name>
                        <![CDATA[spine2]]>
</Name>
                    <Exclude>0</Exclude>
                    <Additive>0</Additive>
                    <IKPriority>0</IKPriority>
                    <IKRotLimits>-1e+010 -1e+010 -1e+010 1e+010 1e+010 1e+010</IKRotLimits>
                    <IKRotLimitOrder>0</IKRotLimitOrder>
                    <KeyFrames count="35">
                        <i>0.164729 0.889004 0.427242 -0.723887 -0.185255 0.664581 0.669964 -0.418751 0.613022 -0.0798262 1.62966 0.103233</i>
                        <i>0.250513 0.888812 0.383741 -0.583139 -0.177869 0.792661 0.772782 -0.422346 0.473742 -0.0647296 1.63159 0.0839827</i>
                        <i>0.327712 0.887489 0.323989 -0.420502 -0.170074 0.891209 0.84604 -0.428298 0.317456 -0.0517874 1.63083 0.0885456</i>
                        <i>0.379858 0.891063 0.248425 -0.296175 -0.137265 0.945219 0.87635 -0.432626 0.211769 -0.0385429 1.63133 0.0852017</i>
                        <i>0.408799 0.902097 0.138221 -0.230546 -0.0444629 0.972045 0.883024 -0.429238 0.189799 -0.0305084 1.63424 0.0578744</i>
                        <i>0.424063 0.905305 0.0243539 -0.213992 0.0740356 0.974026 0.879987 -0.41826 0.225124 -0.0249822 1.63509 0.0253152</i>
                        <i>0.429653 0.902946 -0.00933236 -0.273058 0.139768 0.95179 0.860719 -0.406392 0.306608 -0.0215267 1.6343 0.0109142</i>
                        <i>0.399956 0.904583 0.147529 -0.483003 0.0712249 0.872717 0.778937 -0.420305 0.465403 -0.02453 1.63499 0.0423336</i>
                        <i>0.285745 0.859336 0.424137 -0.760709 -0.0657699 0.645752 0.582813 -0.507165 0.634911 -0.0411821 1.62839 0.105225</i>
                        <i>0.00871756 0.680425 0.732766 -0.974778 -0.15764 0.157976 0.223004 -0.715662 0.661889 -0.0858736 1.59726 0.189791</i>
                        <i>-0.227975 0.53988 0.810282 -0.972175 -0.0801711 -0.220108 -0.0538706 -0.837915 0.543135 -0.125382 1.56989 0.225726</i>
                        <i>-0.395222 0.48086 0.78267 -0.882192 0.0387614 -0.469291 -0.256001 -0.87594 0.408892 -0.153771 1.55638 0.23446</i>
                        <i>-0.534476 0.436394 0.723807 -0.746458 0.15793 -0.64642 -0.396405 -0.885787 0.24134 -0.180128 1.54436 0.237032</i>
                        <i>-0.588485 0.398905 0.70325 -0.691925 0.20147 -0.693289 -0.41824 -0.894586 0.15745 -0.19142 1.53578 0.239236</i>
                        <i>-0.56781 0.40616 0.715979 -0.717765 0.181531 -0.672205 -0.402995 -0.89559 0.188452 -0.187 1.53801 0.239178</i>
                        <i>-0.454745 0.487954 0.745056 -0.818376 0.101113 -0.565718 -0.351379 -0.866993 0.353349 -0.16479 1.55517 0.233841</i>
                        <i>-0.375875 0.545795 0.748883 -0.875428 0.0558706 -0.480108 -0.303881 -0.836054 0.456804 -0.150667 1.56597 0.228881</i>
                        <i>-0.289454 0.608957 0.738503 -0.928272 0.0096343 -0.371777 -0.233512 -0.793144 0.562489 -0.135724 1.57761 0.220389</i>
                        <i>-0.172394 0.695871 0.697168 -0.979862 -0.0487567 -0.193632 -0.100751 -0.71651 0.690263 -0.116217 1.59376 0.201958</i>
                        <i>0.0266421 0.842977 0.537289 -0.964989 -0.118608 0.233939 0.260932 -0.524711 0.810304 -0.0890816 1.61818 0.157006</i>
                        <i>0.0728129 0.87568 0.477371 -0.905904 -0.142141 0.398917 0.417177 -0.461499 0.782932 -0.0842479 1.62578 0.133372</i>
                        <i>0.108251 0.889051 0.444825 -0.835545 -0.16108 0.525279 0.538652 -0.428533 0.725405 -0.0823225 1.62931 0.116608</i>
                        <i>0.141049 0.89002 0.433554 -0.769338 -0.177081 0.613809 0.623077 -0.420127 0.659749 -0.0809998 1.62989 0.107522</i>
                        <i>0.164729 0.889004 0.427242 -0.723887 -0.185255 0.664581 0.669964 -0.418751 0.613022 -0.0798262 1.62966 0.103233</i>
                        <i>0.176198 0.890701 0.419054 -0.699285 -0.186355 0.690125 0.692788 -0.414637 0.590018 -0.0792768 1.62978 0.100632</i>
                        <i>0.18299 0.891554 0.414302 -0.684553 -0.186917 0.704591 0.705621 -0.412545 0.576112 -0.0789404 1.62981 0.0992003</i>
                        <i>0.185765 0.891871 0.41238 -0.678504 -0.187131 0.710362 0.71072 -0.411762 0.570376 -0.0788002 1.62982 0.098638</i>
                        <i>0.185326 0.891822 0.412683 -0.679463 -0.187098 0.709454 0.709919 -0.411883 0.571286 -0.0788225 1.62982 0.0987262</i>
                        <i>0.182554 0.891502 0.414605 -0.685503 -0.186883 0.703676 0.704812 -0.412672 0.577012 -0.0789623 1.62981 0.09929</i>
                        <i>0.178355 0.890984 0.417537 -0.694619 -0.18654 0.694771 0.696917 -0.413945 0.585624 -0.079171 1.62979 0.100169</i>
                        <i>0.173624 0.890349 0.420873 -0.704839 -0.186125 0.684514 0.687792 -0.415495 0.595236 -0.0794019 1.62976 0.101195</i>
                        <i>0.169225 0.889709 0.424006 -0.714288 -0.185711 0.674763 0.679085 -0.417049 0.604081 -0.0796132 1.62971 0.102185</i>
                        <i>0.165989 0.889207 0.426332 -0.721203 -0.185386 0.667456 0.672543 -0.418262 0.610527 -0.0797668 1.62967 0.102936</i>
                        <i>0.164729 0.889004 0.427242 -0.723887 -0.185255 0.664581 0.669964 -0.418751 0.613022 -0.0798262 1.62966 0.103233</i>
                        <i>0.164729 0.889004 0.427242 -0.723887 -0.185255 0.664581 0.669964 -0.418751 0.613022 -0.0798262 1.62966 0.103233</i>
                    </KeyFrames>
                </p>
            </i>
            <i>
                <p>
                    <Name>
                        <![CDATA[head]]>
</Name>
                    <Exclude>0</Exclude>
                    <Additive>0</Additive>
                    <IKPriority>0</IKPriority>
                    <IKRotLimits>-1e+010 -1e+010 -1e+010 1e+010 1e+010 1e+010</IKRotLimits>
                    <IKRotLimitOrder>0</IKRotLimitOrder>
                    <KeyFrames count="35">
                        <i>0.00968202 0.976416 0.215678 -0.208412 0.212922 -0.954583 -0.977993 -0.0357077 0.205559 -0.0436749 1.86234 0.208121</i>
                        <i>0.0244635 0.993331 0.112673 -0.251398 0.115198 -0.961004 -0.967575 -0.00481642 0.25254 -0.00684553 1.8648 0.176753</i>
                        <i>0.0130826 0.999896 0.00602905 -0.136031 0.00775329 -0.990674 -0.990618 0.0121405 0.136119 0.0255927 1.86341 0.168377</i>
                        <i>0.00177855 0.998941 -0.0459682 0.0386207 -0.0460026 -0.998194 -0.999252 2.41327e-008 -0.0386617 0.0525616 1.86451 0.147398</i>
                        <i>-0.0116668 0.999688 0.0220898 0.0923374 0.023074 -0.99546 -0.995659 -0.00957415 -0.0925778 0.0682687 1.87019 0.0914981</i>
                        <i>-0.0114383 0.992395 0.122557 0.04776 0.122968 -0.991261 -0.998793 -0.00548494 -0.0488033 0.0779205 1.87166 0.0289029</i>
                        <i>-0.00157779 0.985939 0.167096 0.00930932 0.167103 -0.985895 -0.999955 -3.0532e-011 -0.00944214 0.0829481 1.8701 0.00501972</i>
                        <i>-0.000893852 0.994591 0.103867 0.0085592 0.10387 -0.994554 -0.999963 1.5933e-008 -0.00860574 0.0725604 1.87155 0.0759689</i>
                        <i>0.000121786 0.999831 0.0183809 -0.00662446 0.0183813 -0.999809 -0.999978 1.04242e-009 0.00662556 0.0274194 1.85405 0.209566</i>
                        <i>0.00496387 0.997744 0.066956 -0.0736515 0.0671397 -0.995021 -0.997272 7.79539e-006 0.0738185 -0.0864331 1.77764 0.374354</i>
                        <i>0.0172723 0.982663 0.184593 -0.0923337 0.1854 -0.978316 -0.995578 -0.000146405 0.0939353 -0.18477 1.71423 0.431445</i>
                        <i>0.0238734 0.922439 0.385404 -0.0597167 0.386142 -0.920505 -0.99793 -0.00103944 0.0643036 -0.254546 1.68539 0.434251</i>
                        <i>-0.00127821 0.833443 0.552604 0.0056846 0.552602 -0.833426 -0.999983 0.00207602 -0.00544413 -0.315526 1.66164 0.423148</i>
                        <i>-0.0533894 0.886404 0.459822 0.162757 0.462046 -0.871793 -0.985221 0.0282948 -0.168937 -0.340369 1.64341 0.420747</i>
                        <i>-0.0804367 0.916524 0.391808 0.309352 0.396625 -0.864286 -0.94754 0.0516862 -0.315432 -0.330771 1.64759 0.423675</i>
                        <i>-0.0932806 0.916765 0.388383 0.34684 0.39557 -0.850427 -0.933274 0.0553782 -0.354869 -0.280287 1.68557 0.424629</i>
                        <i>-0.0978223 0.917075 0.386528 0.349631 0.395302 -0.849408 -0.931767 0.0520511 -0.359307 -0.246554 1.71089 0.420106</i>
                        <i>-0.101267 0.917545 0.38452 0.347046 0.394809 -0.850697 -0.932365 0.047299 -0.358412 -0.210192 1.73841 0.408458</i>
                        <i>-0.101815 0.920547 0.37713 0.336421 0.388625 -0.857783 -0.936192 0.0395389 -0.349259 -0.161744 1.77657 0.378804</i>
                        <i>-0.0890566 0.934716 0.344057 0.258774 0.355281 -0.898227 -0.961824 0.00904023 -0.273521 -0.085914 1.83795 0.292742</i>
                        <i>-0.081587 0.937947 0.337044 0.195452 0.346662 -0.9174 -0.977314 -0.00897186 -0.211607 -0.0698789 1.85421 0.252865</i>
                        <i>-0.0716893 0.937558 0.34036 0.126422 0.347027 -0.929295 -0.989383 -0.0235916 -0.143406 -0.0595337 1.8615 0.226855</i>
                        <i>-0.0561959 0.935379 0.349153 0.0602479 0.352245 -0.933967 -0.9966 -0.0314494 -0.0761493 -0.0504677 1.86264 0.214265</i>
                        <i>-0.0362152 0.936631 0.348441 0.00574456 0.348859 -0.937158 -0.999327 -0.0319377 -0.0180145 -0.0436749 1.86234 0.208121</i>
                        <i>-0.0099871 0.949228 0.31443 -0.032717 0.313967 -0.94887 -0.999415 -0.0197637 0.0279203 -0.0404012 1.86293 0.203376</i>
                        <i>0.0206034 0.969037 0.246056 -0.057136 0.246847 -0.967369 -0.998154 0.00587241 0.0604528 -0.0384496 1.86321 0.20071</i>
                        <i>0.0465958 0.985064 0.165764 -0.0707376 0.168782 -0.983112 -0.996406 0.0340832 0.0775456 -0.0376491 1.86331 0.19965</i>
                        <i>0.0614403 0.992082 0.109534 -0.0839924 0.114491 -0.989867 -0.99457 0.0516178 0.0903618 -0.0377759 1.8633 0.199817</i>
                        <i>0.0647472 0.993768 0.0907346 -0.102614 0.0970737 -0.989973 -0.992612 0.0547874 0.10826 -0.0385754 1.86319 0.200878</i>
                        <i>0.0615286 0.993836 0.0922241 -0.121827 0.0991862 -0.987583 -0.990643 0.0495292 0.127178 -0.0397827 1.86303 0.202518</i>
                        <i>0.0526484 0.992417 0.111073 -0.141801 0.11753 -0.982893 -0.988494 0.0359975 0.146913 -0.0411381 1.86281 0.204414</i>
                        <i>0.0394269 0.989008 0.142511 -0.162719 0.147073 -0.97565 -0.985884 0.0152776 0.166729 -0.0423944 1.86259 0.206223</i>
                        <i>0.0240431 0.983364 0.180045 -0.184839 0.181365 -0.965889 -0.982475 -0.0100564 0.186125 -0.0433164 1.86241 0.207584</i>
                        <i>0.00968202 0.976416 0.215678 -0.208412 0.212922 -0.954583 -0.977993 -0.0357077 0.205559 -0.0436749 1.86234 0.208121</i>
                        <i>0.00968202 0.976416 0.215678 -0.208412 0.212922 -0.954583 -0.977993 -0.0357077 0.205559 -0.0436749 1.86234 0.208121</i>
                    </KeyFrames>
                </p>
            </i>
            <i>
                <p>
                    <Name>
                        <![CDATA[head_prop]]>
</Name>
                    <Exclude>0</Exclude>
                    <Additive>0</Additive>
                    <IKPriority>0</IKPriority>
                    <IKRotLimits>-1e+010 -1e+010 -1e+010 1e+010 1e+010 1e+010</IKRotLimits>
                    <IKRotLimitOrder>0</IKRotLimitOrder>
                    <KeyFrames count="35">
                        <i>0.977993 0.0357077 -0.205559 0.00968202 0.976416 0.215678 0.208412 -0.212922 0.954583 -0.0405195 2.18056 0.278412</i>
                        <i>0.967575 0.00481642 -0.25254 0.0244635 0.993331 0.112673 0.251398 -0.115198 0.961004 0.00112734 2.18853 0.213475</i>
                        <i>0.990618 -0.0121405 -0.136119 0.0130826 0.999896 0.00602905 0.136031 -0.00775329 0.990674 0.0298565 2.18929 0.170342</i>
                        <i>0.999252 -2.41327e-008 0.0386617 0.00177855 0.998941 -0.0459682 -0.0386207 0.0460026 0.998194 0.0531413 2.19008 0.132417</i>
                        <i>0.995659 0.00957415 0.0925778 -0.0116668 0.999688 0.0220898 -0.0923374 -0.023074 0.99546 0.0644664 2.19599 0.0986973</i>
                        <i>0.998793 0.00548494 0.0488033 -0.0114383 0.992395 0.122557 -0.04776 -0.122968 0.991261 0.0741926 2.19509 0.0688454</i>
                        <i>0.999955 3.05322e-011 0.00944214 -0.00157779 0.985939 0.167096 -0.00930932 -0.167103 0.985895 0.0824339 2.19143 0.0594778</i>
                        <i>0.999963 -1.5933e-008 0.00860574 -0.000893852 0.994591 0.103867 -0.0085592 -0.10387 0.994554 0.0722691 2.1957 0.10982</i>
                        <i>0.999978 -1.04242e-009 -0.00662556 0.000121786 0.999831 0.0183809 0.00662446 -0.0183813 0.999809 0.0274591 2.1799 0.215557</i>
                        <i>0.997272 -7.79539e-006 -0.0738185 0.00496387 0.997744 0.066956 0.0736515 -0.0671397 0.995021 -0.0848154 2.10282 0.396175</i>
                        <i>0.995578 0.000146405 -0.0939353 0.0172723 0.982663 0.184593 0.0923337 -0.1854 0.978316 -0.179141 2.03448 0.491606</i>
                        <i>0.99793 0.00103944 -0.0643036 0.0238734 0.922439 0.385404 0.0597167 -0.386142 0.920505 -0.246765 1.98602 0.559858</i>
                        <i>0.999983 -0.00207602 0.00544413 -0.00127821 0.833443 0.552604 -0.0056846 -0.552602 0.833426 -0.315943 1.93326 0.603246</i>
                        <i>0.985221 -0.0282948 0.168937 -0.0533894 0.886404 0.459822 -0.162757 -0.462046 0.871793 -0.357769 1.93229 0.570607</i>
                        <i>0.94754 -0.0516862 0.315432 -0.0804367 0.916524 0.391808 -0.309352 -0.396625 0.864286 -0.356986 1.94629 0.551368</i>
                        <i>0.933274 -0.0553782 0.354869 -0.0932806 0.916765 0.388383 -0.34684 -0.39557 0.850427 -0.310688 1.98435 0.551206</i>
                        <i>0.931767 -0.0520511 0.359307 -0.0978223 0.917075 0.386528 -0.349631 -0.395302 0.849408 -0.278435 2.00977 0.546079</i>
                        <i>0.932365 -0.047299 0.358412 -0.101267 0.917545 0.38452 -0.347046 -0.394809 0.850697 -0.243196 2.03745 0.533777</i>
                        <i>0.936192 -0.0395389 0.349259 -0.101815 0.920547 0.37713 -0.336421 -0.388625 0.857783 -0.194927 2.07659 0.501714</i>
                        <i>0.961824 -0.00904023 0.273521 -0.0890566 0.934716 0.344057 -0.258774 -0.355281 0.898227 -0.114938 2.14258 0.404874</i>
                        <i>0.977314 0.00897186 0.211607 -0.081587 0.937947 0.337044 -0.195452 -0.346662 0.9174 -0.0964689 2.1599 0.362711</i>
                        <i>0.989383 0.0235916 0.143406 -0.0716893 0.937558 0.34036 -0.126422 -0.347027 0.929295 -0.0828979 2.16706 0.337781</i>
                        <i>0.9966 0.0314494 0.0761493 -0.0561959 0.935379 0.349153 -0.0602479 -0.352245 0.933967 -0.0687824 2.16749 0.328057</i>
                        <i>0.999327 0.0319377 0.0180145 -0.0362152 0.936631 0.348441 -0.00574456 -0.348859 0.937158 -0.0554778 2.16759 0.321681</i>
                        <i>0.999415 0.0197637 -0.0279203 -0.0099871 0.949228 0.31443 0.032717 -0.313967 0.94887 -0.0436561 2.17229 0.305851</i>
                        <i>0.998154 -0.00587241 -0.0604528 0.0206034 0.969037 0.246056 0.057136 -0.246847 0.967369 -0.0317348 2.17903 0.280902</i>
                        <i>0.996406 -0.0340832 -0.0775456 0.0465958 0.985064 0.165764 0.0707376 -0.168782 0.983112 -0.0224631 2.18435 0.253674</i>
                        <i>0.99457 -0.0516178 -0.0903618 0.0614403 0.992082 0.109534 0.0839924 -0.114491 0.989867 -0.017752 2.18662 0.235515</i>
                        <i>0.992612 -0.0547874 -0.10826 0.0647472 0.993768 0.0907346 0.102614 -0.0970737 0.989973 -0.0174737 2.18707 0.230449</i>
                        <i>0.990643 -0.0495292 -0.127178 0.0615286 0.993836 0.0922241 0.121827 -0.0991862 0.987583 -0.01973 2.18693 0.232575</i>
                        <i>0.988494 -0.0359975 -0.146913 0.0526484 0.992417 0.111073 0.141801 -0.11753 0.982893 -0.0239795 2.18625 0.240613</i>
                        <i>0.985884 -0.0152776 -0.166729 0.0394269 0.989008 0.142511 0.162719 -0.147073 0.97565 -0.0295449 2.18492 0.252669</i>
                        <i>0.982475 0.0100564 -0.186125 0.0240431 0.983364 0.180045 0.184839 -0.181365 0.965889 -0.0354805 2.1829 0.266262</i>
                        <i>0.977993 0.0357077 -0.205559 0.00968202 0.976416 0.215678 0.208412 -0.212922 0.954583 -0.0405195 2.18056 0.278412</i>
                        <i>0.977993 0.0357077 -0.205559 0.00968202 0.976416 0.215678 0.208412 -0.212922 0.954583 -0.0405195 2.18056 0.278412</i>
                    </KeyFrames>
                </p>
            </i>
            <i>
                <p>
                    <Name>
                        <![CDATA[l_clav]]>
</Name>
                    <Exclude>0</Exclude>
                    <Additive>0</Additive>
                    <IKPriority>0</IKPriority>
                    <IKRotLimits>-1e+010 -1e+010 -1e+010 1e+010 1e+010 1e+010</IKRotLimits>
                    <IKRotLimitOrder>0</IKRotLimitOrder>
                    <KeyFrames count="35">
                        <i>0.596565 0.559055 -0.575819 -0.236591 0.808094 0.539452 0.766899 -0.185585 0.614348 0.0135434 1.68618 0.091895</i>
                        <i>0.478037 0.552881 -0.682498 -0.122129 0.811323 0.571698 0.869807 -0.18994 0.455366 0.0255794 1.68789 0.0523822</i>
                        <i>0.341954 0.546377 -0.764552 -0.00224825 0.814071 0.580761 0.939714 -0.196875 0.279604 0.0318237 1.68586 0.0409049</i>
                        <i>0.240342 0.518315 -0.820722 0.0874152 0.830513 0.550097 0.966744 -0.203955 0.154299 0.0390711 1.68325 0.0258362</i>
                        <i>0.188946 0.436333 -0.879723 0.137583 0.875261 0.46367 0.972301 -0.208644 0.105345 0.0437083 1.67891 -0.0115772</i>
                        <i>0.179648 0.326604 -0.927931 0.158269 0.921393 0.354944 0.970916 -0.210628 0.113835 0.0488073 1.67 -0.0504865</i>
                        <i>0.23944 0.263207 -0.934554 0.144108 0.942257 0.302298 0.960157 -0.207059 0.187683 0.0570288 1.66375 -0.0624974</i>
                        <i>0.437143 0.329315 -0.836933 0.0508849 0.920008 0.388582 0.897951 -0.212453 0.385418 0.0672066 1.6702 -0.00913481</i>
                        <i>0.688971 0.455565 -0.563719 -0.125988 0.841206 0.525832 0.713755 -0.291261 0.636963 0.0604247 1.66984 0.0964659</i>
                        <i>0.856186 0.5165 -0.0131604 -0.399617 0.678149 0.616781 0.327492 -0.522821 0.787024 0.00481815 1.62804 0.243568</i>
                        <i>0.82302 0.419202 0.383285 -0.567979 0.60003 0.563351 0.00617514 -0.681347 0.731935 -0.0584638 1.58062 0.313075</i>
                        <i>0.719877 0.296524 0.627575 -0.652362 0.597851 0.465831 -0.237066 -0.744747 0.62382 -0.111318 1.55162 0.337269</i>
                        <i>0.572939 0.173432 0.801038 -0.704145 0.60432 0.372796 -0.419429 -0.777637 0.468359 -0.1623 1.52597 0.346145</i>
                        <i>0.508102 0.122014 0.852611 -0.728933 0.588219 0.350221 -0.45879 -0.799444 0.387815 -0.182095 1.51101 0.348395</i>
                        <i>0.536189 0.143041 0.83189 -0.722476 0.587409 0.364664 -0.436497 -0.796549 0.418306 -0.173721 1.51544 0.34827</i>
                        <i>0.658375 0.24008 0.713375 -0.666416 0.626516 0.404188 -0.349904 -0.741511 0.572476 -0.134728 1.5454 0.341076</i>
                        <i>0.729398 0.29602 0.616726 -0.62423 0.656808 0.423014 -0.27985 -0.693524 0.663859 -0.109672 1.56449 0.332662</i>
                        <i>0.794908 0.352487 0.493835 -0.577375 0.689575 0.437177 -0.186437 -0.632644 0.751667 -0.0829 1.58532 0.318055</i>
                        <i>0.858275 0.422089 0.291898 -0.512535 0.733729 0.446039 -0.0259061 -0.532432 0.846076 -0.047632 1.61452 0.286432</i>
                        <i>0.846351 0.50165 -0.178989 -0.385891 0.809155 0.443121 0.367121 -0.305965 0.878412 0.00251634 1.66079 0.199961</i>
                        <i>0.778947 0.52283 -0.34625 -0.347391 0.819461 0.455854 0.522073 -0.234802 0.819944 0.0107632 1.67522 0.156568</i>
                        <i>0.703962 0.53871 -0.462848 -0.308594 0.818951 0.483828 0.639693 -0.197765 0.742753 0.0130427 1.68285 0.123743</i>
                        <i>0.63881 0.552163 -0.535758 -0.267619 0.812354 0.518133 0.721319 -0.187609 0.666709 0.0134062 1.68553 0.103074</i>
                        <i>0.596565 0.559055 -0.575819 -0.236591 0.808094 0.539452 0.766899 -0.185585 0.614348 0.0135434 1.68618 0.091895</i>
                        <i>0.573707 0.559887 -0.597819 -0.220597 0.808536 0.545533 0.788795 -0.181099 0.587372 0.0133754 1.6867 0.0856247</i>
                        <i>0.560149 0.560309 -0.610154 -0.210951 0.808751 0.549019 0.801083 -0.17882 0.571218 0.0132469 1.68695 0.0820816</i>
                        <i>0.554608 0.560469 -0.615048 -0.206975 0.808828 0.550417 0.80596 -0.177966 0.564586 0.0131893 1.68703 0.0806694</i>
                        <i>0.555485 0.560444 -0.614279 -0.207606 0.808816 0.550197 0.805193 -0.178098 0.565637 0.0131986 1.68702 0.0808916</i>
                        <i>0.56102 0.560283 -0.609376 -0.211575 0.808738 0.548798 0.800308 -0.178958 0.57226 0.0132558 1.68693 0.0823056</i>
                        <i>0.569403 0.560026 -0.601791 -0.217548 0.808608 0.54665 0.792751 -0.180345 0.582256 0.0133367 1.68679 0.0844862</i>
                        <i>0.578843 0.559714 -0.593011 -0.22422 0.808445 0.544189 0.784007 -0.182035 0.593462 0.0134188 1.6866 0.0870002</i>
                        <i>0.587613 0.559401 -0.584621 -0.230367 0.808279 0.541864 0.775656 -0.183729 0.603823 0.0134856 1.6864 0.0893932</i>
                        <i>0.594058 0.559154 -0.578309 -0.234853 0.808147 0.540131 0.769376 -0.185052 0.611406 0.0135283 1.68624 0.0911881</i>
                        <i>0.596565 0.559055 -0.575819 -0.236591 0.808094 0.539452 0.766899 -0.185585 0.614348 0.0135434 1.68618 0.091895</i>
                        <i>0.596565 0.559055 -0.575819 -0.236591 0.808094 0.539452 0.766899 -0.185585 0.614348 0.0135434 1.68618 0.091895</i>
                    </KeyFrames>
                </p>
            </i>
            <i>
                <p>
                    <Name>
                        <![CDATA[l_shoulder]]>
</Name>
                    <Exclude>0</Exclude>
                    <Additive>0</Additive>
                    <IKPriority>0</IKPriority>
                    <IKRotLimits>-1e+010 -1e+010 -1e+010 1e+010 1e+010 1e+010</IKRotLimits>
                    <IKRotLimitOrder>0</IKRotLimitOrder>
                    <KeyFrames count="35">
                        <i>0.937403 -0.273568 0.215491 0.238821 0.955357 0.173945 -0.253456 -0.111593 0.960889 0.135337 1.80064 -0.0242726</i>
                        <i>0.94675 -0.321939 0.00454017 0.321695 0.946429 0.028019 -0.0133174 -0.0250664 0.999597 0.123446 1.8011 -0.0855924</i>
                        <i>0.925466 -0.369244 -0.0846851 0.353858 0.922402 -0.154785 0.135267 0.113282 0.984312 0.102169 1.79774 -0.113901</i>
