<?xml version="1.0" encoding="ISO-8859-1" ?>
<Animl Version="1">
    <ModellingPackage><![CDATA[Maya.2010]]></ModellingPackage>
    <SrcFile><![CDATA[anims\characters\shared\base_soldier\~src\infantry\run.mb]]></SrcFile>
    <FramesPerSecond>30</FramesPerSecond>
    <TotalFrames>18</TotalFrames>
    <Skeleton>
        <RefFrame>
            <Name><![CDATA[soldier_ref_frame]]></Name>
            <Exclude>0</Exclude>
            <Additive>0</Additive>
            <IKPriority>0</IKPriority>
            <IKRotLimits>-1e+010 -1e+010 -1e+010 1e+010 1e+010 1e+010</IKRotLimits>
            <IKRotLimitOrder>0</IKRotLimitOrder>
            <KeyFrames count="18">
                <i>1 0 0 0 1 0 0 0 1 0 0 0</i>
                <i>1 0 0 0 1 0 0 0 1 0 0 0.20693</i>
                <i>1 0 0 0 1 0 0 0 1 0 0 0.413923</i>
                <i>1 0 0 0 1 0 0 0 1 0 0 0.620972</i>
                <i>1 0 0 0 1 0 0 0 1 0 0 0.828069</i>
                <i>1 0 0 0 1 0 0 0 1 0 0 1.03521</i>
                <i>1 0 0 0 1 0 0 0 1 0 0 1.24238</i>
                <i>1 0 0 0 1 0 0 0 1 0 0 1.44958</i>
                <i>1 0 0 0 1 0 0 0 1 0 0 1.65679</i>
                <i>1 0 0 0 1 0 0 0 1 0 0 1.86402</i>
                <i>1 0 0 0 1 0 0 0 1 0 0 2.07126</i>
                <i>1 0 0 0 1 0 0 0 1 0 0 2.27849</i>
                <i>1 0 0 0 1 0 0 0 1 0 0 2.48571</i>
                <i>1 0 0 0 1 0 0 0 1 0 0 2.69292</i>
                <i>1 0 0 0 1 0 0 0 1 0 0 2.9001</i>
                <i>1 0 0 0 1 0 0 0 1 0 0 3.10725</i>
                <i>1 0 0 0 1 0 0 0 1 0 0 3.31436</i>
                <i>1 0 0 0 1 0 0 0 1 0 0 3.52142</i>
            </KeyFrames>
        </RefFrame>
        <Bones count="23">
            <i>
                <p>
                    <Name><![CDATA[pelvis]]></Name>
                    <Exclude>0</Exclude>
                    <Additive>0</Additive>
                    <IKPriority>0</IKPriority>
                    <IKRotLimits>-1e+010 -1e+010 -1e+010 1e+010 1e+010 1e+010</IKRotLimits>
                    <IKRotLimitOrder>2</IKRotLimitOrder>
                    <KeyFrames count="18">
                        <i>1 0 0 0 1 0 0 0 1 5.01745e-018 1.03928 -0.018582</i>
                        <i>1 0 0 0 1 0 0 0 1 -0.00514044 1.04034 0.188789</i>
                        <i>1 0 0 0 1 0 0 0 1 -0.010974 1.04577 0.396307</i>
                        <i>1 0 0 0 1 0 0 0 1 -0.017154 1.06717 0.603839</i>
                        <i>1 0 0 0 1 0 0 0 1 -0.0233341 1.09739 0.811251</i>
                        <i>1 0 0 0 1 0 0 0 1 -0.0291676 1.12627 1.01841</i>
                        <i>1 0 0 0 1 0 0 0 1 -0.0343081 1.14421 1.22514</i>
                        <i>1 0 0 0 1 0 0 0 1 -0.0384089 1.13798 1.43152</i>
                        <i>1 0 0 0 1 0 0 0 1 -0.0411235 1.11358 1.63779</i>
                        <i>1 0 0 0 1 0 0 0 1 -0.0421054 1.08804 1.84421</i>
                        <i>1 0 0 0 1 0 0 0 1 -0.0406826 1.07839 2.05102</i>
                        <i>1 0 0 0 1 0 0 0 1 -0.037261 1.09952 2.2582</i>
                        <i>1 0 0 0 1 0 0 0 1 -0.0325558 1.14014 2.46555</i>
                        <i>1 0 0 0 1 0 0 0 1 -0.0269422 1.17798 2.67301</i>
                        <i>1 0 0 0 1 0 0 0 1 -0.0206541 1.1908 2.88052</i>
                        <i>1 0 0 0 1 0 0 0 1 -0.0138674 1.15929 3.08803</i>
                        <i>1 0 0 0 1 0 0 0 1 -0.00677282 1.09885 3.29549</i>
                        <i>1 0 0 0 1 0 0 0 1 5.01745e-018 1.03928 3.50284</i>
                    </KeyFrames>
                </p>
            </i>
            <i>
                <p>
                    <Name><![CDATA[spine0]]></Name>
                    <Exclude>0</Exclude>
                    <Additive>0</Additive>
                    <IKPriority>0</IKPriority>
                    <IKRotLimits>-1e+010 -1e+010 -1e+010 1e+010 1e+010 1e+010</IKRotLimits>
                    <IKRotLimitOrder>0</IKRotLimitOrder>
                    <KeyFrames count="18">
                        <i>0.0376543 0.859698 0.509414 -0.9879 -0.0447266 0.148504 0.150453 -0.508841 0.847611 -0.00780975 1.15986 0.0383301</i>
                        <i>0.0448448 0.854647 0.51727 -0.981941 -0.0575538 0.180222 0.183797 -0.51601 0.836631 -0.00512321 1.16196 0.244548</i>
                        <i>0.042626 0.852118 0.52161 -0.977252 -0.0730036 0.199122 0.207755 -0.518232 0.829622 -0.00334705 1.16811 0.450811</i>
                        <i>0.0319764 0.856262 0.515551 -0.973385 -0.0904369 0.210577 0.226934 -0.508563 0.830581 -0.00586405 1.19002 0.657055</i>
                        <i>0.0134097 0.868601 0.495331 -0.9668 -0.11516 0.228116 0.255184 -0.481944 0.838219 -0.016228 1.22088 0.863093</i>
                        <i>-0.00567688 0.882363 0.470535 -0.962121 -0.133074 0.237937 0.272563 -0.451361 0.849696 -0.0301762 1.25013 1.06884</i>
                        <i>-0.0185051 0.890628 0.454356 -0.966319 -0.132596 0.220558 0.256681 -0.434971 0.863084 -0.0390632 1.26824 1.27459</i>
                        <i>-0.0208683 0.890065 0.455356 -0.979861 -0.108676 0.167518 0.198588 -0.44269 0.874407 -0.0371425 1.2624 1.48079</i>
                        <i>-0.01778 0.879022 0.476449 -0.993318 -0.069876 0.0918491 0.11403 -0.471632 0.874391 -0.0294077 1.23801 1.6872</i>
                        <i>-0.0168728 0.857223 0.514668 -0.999624 -0.0255891 0.00984927 0.0216129 -0.514309 0.857333 -0.0233516 1.2121 1.89376</i>
                        <i>-0.0142146 0.833944 0.551667 -0.997857 0.023411 -0.0611015 -0.0638703 -0.551353 0.831824 -0.02223 1.20211 2.10144</i>
                        <i>0.00353886 0.818362 0.574693 -0.990515 0.0818071 -0.110394 -0.137356 -0.568851 0.810889 -0.0225522 1.22301 2.30966</i>
                        <i>0.0226277 0.816496 0.576907 -0.98106 0.129175 -0.144341 -0.192376 -0.562714 0.803955 -0.0205642 1.26401 2.51629</i>
                        <i>0.0231249 0.825343 0.564157 -0.974742 0.143999 -0.170711 -0.222134 -0.54596 0.807827 -0.0130796 1.30374 2.71885</i>
                        <i>0.0210748 0.837148 0.54657 -0.980998 0.122778 -0.150226 -0.192868 -0.533018 0.823829 -0.00382098 1.31881 2.91968</i>
                        <i>0.0238228 0.847663 0.53 -0.994746 0.0728971 -0.0718764 -0.0995624 -0.525503 0.844946 0.0010574 1.28828 3.12446</i>
                        <i>0.0301084 0.854886 0.517941 -0.999187 0.0118454 0.0385324 0.0268056 -0.51868 0.854548 -0.00271087 1.22512 3.34017</i>
                        <i>0.0376543 0.859698 0.509414 -0.9879 -0.0447266 0.148504 0.150453 -0.508841 0.847611 -0.00780975 1.15986 3.55975</i>
                    </KeyFrames>
                </p>
            </i>
            <i>
                <p>
                    <Name><![CDATA[spine1]]></Name>
                    <Exclude>0</Exclude>
                    <Additive>0</Additive>
                    <IKPriority>0</IKPriority>
                    <IKRotLimits>-1e+010 -1e+010 -1e+010 1e+010 1e+010 1e+010</IKRotLimits>
                    <IKRotLimitOrder>0</IKRotLimitOrder>
                    <KeyFrames count="18">
                        <i>0.168921 0.763657 0.623132 -0.975003 0.0368817 0.219109 0.144342 -0.644568 0.750798 -0.00369467 1.31132 0.137117</i>
                        <i>0.123152 0.746409 0.653994 -0.987188 0.0247709 0.157625 0.101452 -0.665027 0.739896 -0.00037236 1.31207 0.344415</i>
                        <i>0.053107 0.734016 0.677052 -0.998423 0.026691 0.0493782 0.0181732 -0.678607 0.734277 0.000483421 1.31788 0.551482</i>
                        <i>-0.0153031 0.734675 0.678247 -0.997842 0.0320942 -0.0572783 -0.0638488 -0.67766 0.732598 -0.0043749 1.34251 0.757668</i>
                        <i>-0.0613586 0.750378 0.658155 -0.990895 0.0333763 -0.130432 -0.11984 -0.660166 0.741498 -0.0188146 1.38074 0.962598</i>
                        <i>-0.0835022 0.772386 0.629641 -0.987843 0.0189817 -0.154291 -0.131124 -0.63487 0.761411 -0.0369547 1.41846 1.16645</i>
                        <i>-0.105245 0.791115 0.602546 -0.987324 -0.0107384 -0.158355 -0.118806 -0.611574 0.782217 -0.0481571 1.4396 1.36962</i>
                        <i>-0.152432 0.795753 0.586125 -0.981972 -0.0548678 -0.180887 -0.111782 -0.603131 0.789771 -0.0453779 1.42942 1.57407</i>
                        <i>-0.211244 0.774932 0.595698 -0.97253 -0.105671 -0.207408 -0.0977792 -0.623148 0.775967 -0.0351308 1.39683 1.78193</i>
                        <i>-0.245749 0.728033 0.639981 -0.967073 -0.139083 -0.213131 -0.0661561 -0.671285 0.738241 -0.0269141 1.36087 1.99308</i>
                        <i>-0.222438 0.681858 0.696844 -0.974665 -0.138344 -0.175752 -0.023434 -0.718283 0.695356 -0.0235522 1.34183 2.20539</i>
                        <i>-0.132111 0.648602 0.749575 -0.98963 -0.129315 -0.0625249 0.0563775 -0.750062 0.65896 -0.0193016 1.35722 2.41674</i>
                        <i>-0.0370504 0.631299 0.774654 -0.989169 -0.133341 0.0613549 0.142026 -0.763991 0.629402 -0.012904 1.39832 2.62478</i>
                        <i>-0.017511 0.623275 0.781806 -0.982067 -0.157523 0.103585 0.187715 -0.765973 0.614857 -0.00469533 1.44306 2.82781</i>
                        <i>-0.0206616 0.623046 0.781913 -0.974956 -0.185774 0.122267 0.221437 -0.759804 0.61128 0.00378281 1.46508 3.02811</i>
                        <i>0.0053799 0.642048 0.766646 -0.975104 -0.166588 0.146356 0.221681 -0.748347 0.625167 0.00755149 1.43992 3.23071</i>
                        <i>0.0824828 0.699489 0.709867 -0.980528 -0.070419 0.183322 0.17822 -0.711165 0.68006 0.00252184 1.3771 3.44225</i>
                        <i>0.168921 0.763657 0.623132 -0.975003 0.0368817 0.219109 0.144342 -0.644568 0.750798 -0.00369467 1.31132 3.65854</i>
                    </KeyFrames>
                </p>
            </i>
            <i>
                <p>
                    <Name><![CDATA[spine2]]></Name>
                    <Exclude>0</Exclude>
                    <Additive>0</Additive>
                    <IKPriority>0</IKPriority>
                    <IKRotLimits>-1e+010 -1e+010 -1e+010 1e+010 1e+010 1e+010</IKRotLimits>
                    <IKRotLimitOrder>0</IKRotLimitOrder>
                    <KeyFrames count="18">
                        <i>0.166721 0.611156 0.773752 -0.979897 0.0154962 0.1989 0.109569 -0.791359 0.601453 0.02595 1.42539 0.234491</i>
                        <i>0.143981 0.592641 0.792493 -0.986991 0.0281067 0.158298 0.0715397 -0.804976 0.588979 0.0219914 1.42265 0.447484</i>
                        <i>0.0979631 0.577915 0.810196 -0.995184 0.0597519 0.0777093 -0.00350137 -0.813906 0.580985 0.0122305 1.4264 0.659648</i>
                        <i>0.0399931 0.572411 0.818991 -0.996363 0.0845663 -0.0104507 -0.0752411 -0.815595 0.573711 -0.00276764 1.45372 0.869268</i>
                        <i>-0.0255288 0.57064 0.820803 -0.992723 0.082189 -0.0880155 -0.117686 -0.817077 0.564389 -0.0236663 1.50177 1.07709</i>
                        <i>-0.0806916 0.572907 0.815638 -0.990081 0.048356 -0.131915 -0.115016 -0.818192 0.563323 -0.0452737 1.55197 1.28197</i>
                        <i>-0.120093 0.588669 0.799404 -0.988509 0.00355311 -0.151118 -0.0917989 -0.808366 0.581478 -0.0613011 1.57906 1.48118</i>
                        <i>-0.157939 0.610842 0.77584 -0.984569 -0.0374484 -0.170945 -0.0753666 -0.790867 0.60733 -0.0690493 1.56412 1.67841</i>
                        <i>-0.191408 0.619276 0.761486 -0.979803 -0.0748159 -0.18544 -0.0578675 -0.781601 0.621089 -0.0712449 1.51949 1.88193</i>
                        <i>-0.201876 0.608293 0.767611 -0.978813 -0.0979168 -0.179827 -0.0342255 -0.78765 0.615172 -0.0700066 1.46735 2.09394</i>
                        <i>-0.17945 0.589424 0.78764 -0.983763 -0.105142 -0.145451 -0.00291833 -0.800952 0.598721 -0.0632245 1.4346 2.30923</i>
                        <i>-0.113528 0.566971 0.815877 -0.991117 -0.121884 -0.0532121 0.0692725 -0.814671 0.575772 -0.0462133 1.44207 2.52484</i>
                        <i>-0.0378077 0.549015 0.834957 -0.987955 -0.146 0.0512645 0.150049 -0.822962 0.547922 -0.0270584 1.48219 2.73744</i>
                        <i>-0.000745334 0.54029 0.841479 -0.981622 -0.160978 0.10249 0.190834 -0.825938 0.53048 -0.0170024 1.53077 2.94698</i>
                        <i>0.0269933 0.538796 0.842004 -0.975332 -0.17041 0.140313 0.219086 -0.825021 0.520905 -0.0093274 1.55854 3.1545</i>
                        <i>0.0669732 0.546224 0.834957 -0.974713 -0.142985 0.171723 0.213186 -0.825345 0.522836 0.000917302 1.53992 3.35927</i>
                        <i>0.116942 0.5741 0.810391 -0.980047 -0.0653462 0.187716 0.160724 -0.816173 0.555003 0.0135428 1.48425 3.55853</i>
                        <i>0.166721 0.611156 0.773752 -0.979897 0.0154962 0.1989 0.109569 -0.791359 0.601453 0.02595 1.42539 3.75591</i>
                    </KeyFrames>
                </p>
            </i>
            <i>
                <p>
                    <Name><![CDATA[head]]></Name>
                    <Exclude>0</Exclude>
                    <Additive>0</Additive>
                    <IKPriority>0</IKPriority>
                    <IKRotLimits>-1e+010 -1e+010 -1e+010 1e+010 1e+010 1e+010</IKRotLimits>
                    <IKRotLimitOrder>0</IKRotLimitOrder>
                    <KeyFrames count="18">
                        <i>-0.0495377 0.966152 0.253172 0.0392495 0.25517 -0.966099 -0.998001 -0.0379215 -0.0505615 0.0688626 1.59092 0.42691</i>
                        <i>-0.0478322 0.94957 0.309885 0.0146294 0.310873 -0.950339 -0.998748 -0.0409233 -0.0287613 0.0581669 1.58349 0.645266</i>
                        <i>-0.0479327 0.937579 0.344453 0.028992 0.34601 -0.937783 -0.99843 -0.034964 -0.0437675 0.0356892 1.58355 0.862237</i>
                        <i>-0.0231815 0.936162 0.350803 0.0590979 0.351567 -0.934295 -0.997983 -0.000926634 -0.063475 0.00543708 1.60969 1.07382</i>
                        <i>-0.01121 0.934027 0.357025 0.0836038 0.356673 -0.930481 -0.996436 0.019418 -0.0820865 -0.0314962 1.65797 1.2812</i>
                        <i>-0.0159226 0.933824 0.357377 0.0693463 0.357593 -0.931299 -0.997466 0.00995405 -0.0704512 -0.0659935 1.70951 1.48375</i>
                        <i>-0.0210673 0.940889 0.338058 0.032299 0.338597 -0.940377 -0.999256 -0.00889226 -0.0375231 -0.0915105 1.74075 1.67828</i>
                        <i>-0.0251545 0.951552 0.306459 0.00387857 0.306646 -0.951816 -0.999676 -0.0227538 -0.0114042 -0.10944 1.73082 1.8697</i>
                        <i>-0.0335149 0.958744 0.282288 -0.0175199 0.28184 -0.959301 -0.999285 -0.0370965 0.00735133 -0.121354 1.6872 2.07051</i>
                        <i>-0.0422697 0.960542 0.274904 0.0251427 0.276085 -0.960804 -0.99879 -0.0337011 -0.0358206 -0.123868 1.63085 2.28573</i>
                        <i>-0.041436 0.958409 0.282373 0.0584911 0.284457 -0.956903 -0.997428 -0.023134 -0.0678452 -0.111335 1.5922 2.5078</i>
                        <i>-0.0386943 0.954568 0.295471 0.0374455 0.29687 -0.954183 -0.998549 -0.0258574 -0.0472314 -0.0764384 1.59349 2.73178</i>
                        <i>-0.0405515 0.950589 0.307791 0.00757877 0.308328 -0.95125 -0.999149 -0.036242 -0.0197075 -0.0370833 1.62901 2.94962</i>
                        <i>-0.0670455 0.945749 0.317905 -0.00586925 0.318243 -0.947991 -0.997733 -0.0654244 -0.0157859 -0.0182514 1.67537 3.1609</i>
                        <i>-0.10017 0.941111 0.322918 -0.0183691 0.322746 -0.946307 -0.994801 -0.100723 -0.0150421 -0.00473431 1.7028 3.36854</i>
                        <i>-0.104396 0.941937 0.319149 -0.0159439 0.319276 -0.947527 -0.994408 -0.104007 -0.0183131 0.015277 1.68655 3.57113</i>
                        <i>-0.0738108 0.954917 0.287549 0.0142219 0.289314 -0.957128 -0.997171 -0.0665569 -0.0349353 0.042018 1.63923 3.76261</i>
                        <i>-0.0495377 0.966152 0.253172 0.0392495 0.25517 -0.966099 -0.998001 -0.0379215 -0.0505615 0.0688626 1.59092 3.94833</i>
                    </KeyFrames>
                </p>
            </i>
            <i>
                <p>
                    <Name><![CDATA[head_prop]]></Name>
                    <Exclude>0</Exclude>
                    <Additive>0</Additive>
                    <IKPriority>0</IKPriority>
                    <IKRotLimits>-1e+010 -1e+010 -1e+010 1e+010 1e+010 1e+010</IKRotLimits>
                    <IKRotLimitOrder>0</IKRotLimitOrder>
                    <KeyFrames count="18">
                        <i>0.998001 0.0379215 0.0505615 -0.0495377 0.966152 0.253172 -0.0392495 -0.25517 0.966099 0.0527178 1.9058 0.509421</i>
                        <i>0.998748 0.0409233 0.0287613 -0.0478322 0.94957 0.309885 -0.0146294 -0.310873 0.950339 0.0425779 1.89296 0.74626</i>
                        <i>0.99843 0.034964 0.0437675 -0.0479327 0.937579 0.344453 -0.028992 -0.34601 0.937783 0.0200675 1.88912 0.974497</i>
                        <i>0.997983 0.000926634 0.063475 -0.0231815 0.936162 0.350803 -0.0590979 -0.351567 0.934295 -0.00211798 1.9148 1.18815</i>
                        <i>0.996436 -0.019418 0.0820865 -0.01121 0.934027 0.357025 -0.0836038 -0.356673 0.930481 -0.0351496 1.96238 1.39755</i>
                        <i>0.997466 -0.00995405 0.0704512 -0.0159226 0.933824 0.357377 -0.0693463 -0.357593 0.931299 -0.0711829 2.01385 1.60022</i>
                        <i>0.999256 0.00889226 0.0375231 -0.0210673 0.940889 0.338058 -0.032299 -0.338597 0.940377 -0.0983765 2.0474 1.78845</i>
                        <i>0.999676 0.0227538 0.0114042 -0.0251545 0.951552 0.306459 -0.00387857 -0.306646 0.951816 -0.117638 2.04094 1.96957</i>
                        <i>0.999285 0.0370965 -0.00735133 -0.0335149 0.958744 0.282288 0.0175199 -0.28184 0.959301 -0.132276 1.99967 2.16251</i>
                        <i>0.99879 0.0337011 0.0358206 -0.0422697 0.960542 0.274904 -0.0251427 -0.276085 0.960804 -0.137644 1.9439 2.37533</i>
                        <i>0.997428 0.023134 0.0678452 -0.041436 0.958409 0.282373 -0.0584911 -0.284457 0.956903 -0.12484 1.90456 2.59982</i>
                        <i>0.998549 0.0258574 0.0472314 -0.0386943 0.954568 0.295471 -0.0374455 -0.29687 0.954183 -0.0890492 1.90459 2.82807</i>
                        <i>0.999149 0.036242 0.0197075 -0.0405515 0.950589 0.307791 -0.00757877 -0.308328 0.95125 -0.0502994 1.93882 3.04993</i>
                        <i>0.997733 0.0654244 0.0157859 -0.0670455 0.945749 0.317905 0.00586925 -0.318243 0.947991 -0.0401021 1.9836 3.26451</i>
                        <i>0.994801 0.100723 0.0150421 -0.10017 0.941111 0.322918 0.0183691 -0.322746 0.946307 -0.0373806 2.00952 3.47378</i>
                        <i>0.994408 0.104007 0.0183131 -0.104396 0.941937 0.319149 0.0159439 -0.319276 0.947527 -0.0187468 1.99353 3.67515</i>
                        <i>0.997171 0.0665569 0.0349353 -0.0738108 0.954917 0.287549 -0.0142219 -0.289314 0.957128 0.0179624 1.95044 3.85632</i>
                        <i>0.998001 0.0379215 0.0505615 -0.0495377 0.966152 0.253172 -0.0392495 -0.25517 0.966099 0.0527178 1.9058 4.03084</i>
                    </KeyFrames>
                </p>
            </i>
            <i>
                <p>
                    <Name><![CDATA[l_clav]]></Name>
                    <Exclude>0</Exclude>
                    <Additive>0</Additive>
                    <IKPriority>0</IKPriority>
                    <IKRotLimits>-1e+010 -1e+010 -1e+010 1e+010 1e+010 1e+010</IKRotLimits>
                    <IKRotLimitOrder>0</IKRotLimitOrder>
                    <KeyFrames count="18">
                        <i>0.964015 0.231431 -0.130822 -0.0814431 0.72553 0.683355 0.253065 -0.64811 0.71827 0.124819 1.43696 0.282067</i>
                        <i>0.972246 0.217643 -0.0858432 -0.0983084 0.712988 0.694251 0.212304 -0.666543 0.714596 0.117657 1.43153 0.499717</i>
                        <i>0.982644 0.185476 -0.00310238 -0.131367 0.707591 0.694304 0.130972 -0.681846 0.719675 0.101876 1.43141 0.71981</i>
                        <i>0.983342 0.160636 0.0850581 -0.174859 0.708237 0.683977 0.0496301 -0.687457 0.724527 0.0802052 1.45643 0.936952</i>
                        <i>0.973285 0.162811 0.161889 -0.229537 0.706255 0.669713 -0.00529835 -0.688982 0.724759 0.054122 1.5052 1.15026</i>
                        <i>0.959229 0.196159 0.203471 -0.282275 0.700941 0.654983 -0.0141404 -0.685713 0.727734 0.0303645 1.55916 1.35757</i>
                        <i>0.946166 0.241119 0.215944 -0.323682 0.704191 0.631938 0.000306558 -0.667815 0.744327 0.0134163 1.59155 1.55768</i>
                        <i>0.932183 0.282492 0.226346 -0.361894 0.713127 0.600402 0.00819552 -0.641598 0.766998 0.00326848 1.58149 1.7565</i>
                        <i>0.918116 0.318877 0.23533 -0.395906 0.711137 0.580984 0.0179108 -0.626579 0.779152 -0.00175226 1.53981 1.96194</i>
                        <i>0.911362 0.339955 0.232056 -0.409785 0.696406 0.589148 0.0386782 -0.63202 0.773986 -0.00132511 1.48736 2.17524</i>
                        <i>0.915765 0.345229 0.205407 -0.394798 0.678968 0.618981 0.0742251 -0.647935 0.758071 0.00849777 1.45251 2.38973</i>
                        <i>0.924847 0.35905 0.125464 -0.345697 0.656006 0.670932 0.158593 -0.663882 0.730827 0.0340005 1.45909 2.59928</i>
                        <i>0.924387 0.380059 0.0326118 -0.286295 0.634746 0.717727 0.252079 -0.672794 0.69556 0.0614791 1.49989 2.80324</i>
                        <i>0.919339 0.393256 -0.012892 -0.256348 0.623495 0.738606 0.298499 -0.675725 0.674014 0.0741371 1.54913 3.00812</i>
                        <i>0.914417 0.401934 -0.047868 -0.233192 0.619765 0.749341 0.330853 -0.674048 0.660451 0.0828072 1.5777 3.21201</i>
                        <i>0.922773 0.376956 -0.079962 -0.193713 0.633166 0.749384 0.333114 -0.676022 0.657289 0.0946547 1.55761 3.41337</i>
                        <i>0.946167 0.306042 -0.105389 -0.137997 0.67593 0.72393 0.292789 -0.670415 0.681776 0.109876 1.4985 3.60962</i>
                        <i>0.964015 0.231431 -0.130822 -0.0814431 0.72553 0.683355 0.253065 -0.64811 0.71827 0.124819 1.43696 3.80349</i>
                    </KeyFrames>
                </p>
            </i>
            <i>
                <p>
                    <Name><![CDATA[l_shoulder]]></Name>
                    <Exclude>0</Exclude>
                    <Additive>0</Additive>
                    <IKPriority>0</IKPriority>
                    <IKRotLimits>-1e+010 -1e+010 -1e+010 1e+010 1e+010 1e+010</IKRotLimits>
                    <IKRotLimitOrder>0</IKRotLimitOrder>
                    <KeyFrames count="18">
                        <i>0.779492 -0.615544 -0.11618 0.350763 0.275243 0.895101 -0.518996 -0.738476 0.43046 0.315288 1.48269 0.256219</i>
                        <i>0.765095 -0.643552 0.0216971 0.311742 0.399681 0.862016 -0.563425 -0.65276 0.506416 0.309751 1.47453 0.482756</i>
                        <i>0.708901 -0.66313 0.240247 0.24857 0.553668 0.794773 -0.660055 -0.503697 0.55733 0.296025 1.46806 0.719197</i>
                        <i>0.663642 -0.621854 0.415785 0.191798 0.678695 0.708934 -0.723044 -0.390732 0.569681 0.274492 1.48817 0.953758</i>
                        <i>0.675062 -0.569179 0.469389 0.136365 0.721536 0.678815 -0.725049 -0.394234 0.564698 0.246422 1.53737 1.18225</i>
                        <i>0.738088 -0.529947 0.417591 0.0790382 0.682576 0.726528 -0.670059 -0.503236 0.545687 0.219887 1.59791 1.39777</i>
                        <i>0.822306 -0.471034 0.319282 0.0318391 0.598288 0.800648 -0.568155 -0.648212 0.506973 0.200358 1.63919 1.60035</i>
                        <i>0.898617 -0.38267 0.214593 -0.0102862 0.47061 0.882281 -0.438613 -0.795041 0.418962 0.187448 1.63731 1.80122</i>
                        <i>0.939398 -0.310617 0.145079 -0.0394054 0.322548 0.945733 -0.340555 -0.894137 0.290761 0.179648 1.60282 2.00844</i>
                        <i>0.959574 -0.269459 0.0812986 -0.0353615 0.171142 0.984612 -0.279226 -0.947683 0.154695 0.17874 1.55453 2.22109</i>
                        <i>0.967485 -0.252831 0.00700588 0.0056949 0.0494676 0.99876 -0.252864 -0.966245 0.0492991 0.189433 1.52072 2.43031</i>
                        <i>0.974855 -0.198024 -0.102194 0.103305 -0.00473858 0.994638 -0.197446 -0.980186 0.0158374 0.21673 1.53003 2.62407</i>
                        <i>0.97037 -0.124864 -0.206858 0.208311 -0.00145009 0.978062 -0.122425 -0.992173 0.0246033 0.244118 1.57498 2.80969</i>
                        <i>0.959735 -0.114302 -0.256602 0.258892 0.0054056 0.965891 -0.109016 -0.993431 0.0347797 0.255779 1.62683 3.00557</i>
                        <i>0.930678 -0.211092 -0.298794 0.300415 -0.025126 0.953478 -0.208779 -0.977143 0.040031 0.263476 1.65711 3.20256</i>
                        <i>0.878684 -0.361604 -0.3117 0.328309 -0.016313 0.944429 -0.346594 -0.932189 0.104384 0.276975 1.63209 3.39757</i>
                        <i>0.829607 -0.504249 -0.23976 0.334809 0.105626 0.936347 -0.446827 -0.857074 0.256455 0.296818 1.55897 3.5888</i>
                        <i>0.779492 -0.615544 -0.11618 0.350763 0.275243 0.895101 -0.518996 -0.738476 0.43046 0.315288 1.48269 3.77764</i>
                    </KeyFrames>
                </p>
            </i>
            <i>
                <p>
                    <Name><![CDATA[l_elbow]]></Name>
                    <Exclude>0</Exclude>
                    <Additive>0</Additive>
                    <IKPriority>0</IKPriority>
                    <IKRotLimits>-1e+010 -1e+010 -1e+010 1e+010 1e+010 1e+010</IKRotLimits>
                    <IKRotLimitOrder>0</IKRotLimitOrder>
                    <KeyFrames count="18">
                        <i>-0.791671 -0.4254 0.438511 0.349448 0.273459 0.896162 -0.501142 0.862702 -0.0678345 0.568839 1.28246 0.218428</i>
                        <i>-0.858221 -0.273228 0.434514 0.31032 0.398106 0.863257 -0.408849 0.875704 -0.256875 0.558619 1.2652 0.489814</i>
                        <i>-0.925608 -0.108735 0.362527 0.246915 0.552459 0.796129 -0.286849 0.826417 -0.484512 0.526614 1.25235 0.797344</i>
                        <i>-0.957519 -0.0319471 0.286594 0.18999 0.677761 0.710312 -0.216935 0.734588 -0.6429 0.49036 1.28589 1.089</i>
                        <i>-0.967798 -0.0518127 0.24634 0.134553 0.720591 0.680179 -0.212752 0.691422 -0.690415 0.466004 1.35222 1.33493</i>
                        <i>-0.960348 -0.145208 0.238003 0.0773588 0.681361 0.727849 -0.267855 0.7174 -0.64311 0.45997 1.42553 1.5336</i>
                        <i>-0.923679 -0.289793 0.250674 0.030407 0.596714 0.801878 -0.381959 0.7483 -0.54236 0.467835 1.48598 1.7042</i>
                        <i>-0.857506 -0.458966 0.232454 -0.0114031 0.468671 0.883299 -0.514348 0.754783 -0.407122 0.479747 1.51284 1.87102</i>
                        <i>-0.747974 -0.637707 0.184022 -0.0402862 0.320364 0.946437 -0.662504 0.700497 -0.265315 0.485212 1.50178 2.05563</i>
                        <i>-0.626368 -0.771822 0.109335 -0.0360969 0.168826 0.984985 -0.778691 0.613016 -0.133608 0.490868 1.46688 2.24754</i>
                        <i>-0.532957 -0.845073 0.0425321 0.00502 0.0471071 0.998877 -0.846127 0.532572 -0.0208638 0.504134 1.43848 2.43259</i>
                        <i>-0.484813 -0.873519 0.0438216 0.102766 -0.00713625 0.99468 -0.868559 0.486738 0.0932276 0.533828 1.46562 2.59083</i>
                        <i>-0.481481 -0.870858 0.0989109 0.207959 -0.0038817 0.97813 -0.851428 0.49152 0.182972 0.559757 1.53436 2.7424</i>
                        <i>-0.516526 -0.844606 0.140861 0.258576 0.00297003 0.965986 -0.816296 0.53538 0.216861 0.567958 1.58965 2.92211</i>
                        <i>-0.556304 -0.817079 0.151351 0.299853 -0.0275162 0.953588 -0.774993 0.575868 0.260311 0.566204 1.58845 3.10537</i>
                        <i>-0.617231 -0.761215 0.198942 0.327409 -0.0185841 0.9447 -0.715423 0.648233 0.260699 0.56279 1.51447 3.29618</i>
                        <i>-0.71903 -0.614836 0.323996 0.333666 0.103546 0.936987 -0.609641 0.781828 0.130698 0.56667 1.39495 3.51081</i>
                        <i>-0.791671 -0.4254 0.438511 0.349448 0.273459 0.896162 -0.501142 0.862702 -0.0678345 0.568839 1.28246 3.73985</i>
                    </KeyFrames>
                </p>
            </i>
            <i>
                <p>
                    <Name><![CDATA[l_wrist]]></Name>
                    <Exclude>0</Exclude>
                    <Additive>0</Additive>
                    <IKPriority>0</IKPriority>
                    <IKRotLimits>-1e+010 -1e+010 -1e+010 1e+010 1e+010 1e+010</IKRotLimits>
                    <IKRotLimitOrder>0</IKRotLimitOrder>
                    <KeyFrames count="18">
                        <i>-0.668849 0.218217 0.71065 0.735518 0.0554303 0.675234 0.107956 0.974325 -0.197577 0.311326 1.14409 0.361066</i>
                        <i>-0.688345 0.163291 0.706766 0.71976 0.0326585 0.693455 0.0901529 0.986037 -0.140011 0.279459 1.17633 0.631151</i>
                        <i>-0.733349 0.118322 0.669477 0.674784 0.00665377 0.737986 0.0828652 0.992953 -0.0847212 0.225535 1.21699 0.915266</i>
                        <i>-0.780993 0.0779853 0.619651 0.621204 -0.00539804 0.78363 0.0644565 0.99694 -0.044229 0.178901 1.2755 1.18223</i>
                        <i>-0.819095 0.0327309 0.572724 0.573003 -0.00101262 0.819552 0.0274046 0.999464 -0.0179255 0.151202 1.33537 1.41506</i>
                        <i>-0.834598 -0.00898037 0.550786 0.550568 0.0189023 0.834576 -0.0179059 0.999781 -0.0108315 0.147591 1.3783 1.61102</i>
                        <i>-0.822668 -0.00735121 0.568475 0.567977 0.0331662 0.822376 -0.0248997 0.999423 -0.0231095 0.167384 1.39171 1.78574</i>
                        <i>-0.802028 0.0291202 0.596576 0.597278 0.0336827 0.801327 0.00324061 0.999008 -0.0444073 0.20082 1.36354 1.94663</i>
                        <i>-0.794436 0.0467268 0.605548 0.607212 0.0400122 0.793532 0.0128499 0.998106 -0.0601602 0.241913 1.29435 2.11549</i>
                        <i>-0.796532 0.0340764 0.603635 0.604591 0.0490384 0.795025 -0.00250977 0.998215 -0.0596629 0.287125 1.21583 2.2831</i>
                        <i>-0.788317 0.0177795 0.615013 0.615065 0.0485381 0.786981 -0.0158594 0.998663 -0.049199 0.330775 1.16359 2.44643</i>
                        <i>-0.747024 -0.0107678 0.66471 0.663248 0.0561456 0.746291 -0.0453565 0.998365 -0.0348003 0.37613 1.18148 2.60508</i>
                        <i>-0.694363 -0.0403836 0.718491 0.715199 0.071832 0.69522 -0.079686 0.996599 -0.020995 0.403143 1.25109 2.77457</i>
                        <i>-0.67475 -0.05316 0.73613 0.731562 0.0837505 0.676611 -0.0976199 0.995068 -0.0176207 0.399944 1.31492 2.96793</i>
                        <i>-0.663917 -0.0476916 0.746284 0.740908 0.0932838 0.665096 -0.101336 0.994497 -0.0265976 0.385251 1.32267 3.1546</i>
                        <i>-0.66252 -0.000583359 0.749044 0.746425 0.0830382 0.660268 -0.0625844 0.996546 -0.054579 0.36202 1.26686 3.36089</i>
                        <i>-0.670023 0.103976 0.735022 0.741938 0.0612085 0.667669 0.0244317 0.992695 -0.118155 0.332786 1.19496 3.6162</i>
                        <i>-0.668849 0.218217 0.71065 0.735518 0.0554303 0.675234 0.107956 0.974325 -0.197577 0.311326 1.14409 3.88249</i>
                    </KeyFrames>
                </p>
            </i>
            <i>
                <p>
                    <Name><![CDATA[r_clav]]></Name>
                    <Exclude>0</Exclude>
                    <Additive>0</Additive>
                    <IKPriority>0</IKPriority>
                    <IKRotLimits>-1e+010 -1e+010 -1e+010 1e+010 1e+010 1e+010</IKRotLimits>
                    <IKRotLimitOrder>0</IKRotLimitOrder>
                    <KeyFrames count="18">
                        <i>0.931243 -0.261403 -0.253878 -0.363367 -0.718496 -0.593067 -0.0273808 0.644541 -0.76408 -0.0437761 1.43963 0.316287</i>
                        <i>0.936733 -0.272005 -0.220328 -0.349722 -0.700229 -0.622393 0.0150142 0.66007 -0.751054 -0.0521594 1.43637 0.526951</i>
                        <i>0.942181 -0.301044 -0.147198 -0.320383 -0.680467 -0.659029 0.0982332 0.668084 -0.737573 -0.0693494 1.44169 0.733179</i>
                        <i>0.943764 -0.324199 -0.0648451 -0.277426 -0.669849 -0.688721 0.179846 0.66798 -0.722121 -0.0912229 1.47098 0.935153</i>
                        <i>0.946779 -0.321776 0.00834547 -0.221095 -0.668947 -0.709667 0.233936 0.670053 -0.704488 -0.11668 1.51934 1.13512</i>
                        <i>0.955726 -0.289687 0.0516703 -0.167158 -0.678991 -0.714863 0.24217 0.674576 -0.697353 -0.139983 1.56748 1.33487</i>
                        <i>0.96575 -0.247992 0.0763392 -0.125038 -0.702578 -0.700536 0.227361 0.666997 -0.709523 -0.15666 1.59216 1.53168</i>
                        <i>0.97211 -0.210062 0.104287 -0.0850371 -0.730127 -0.678 0.218565 0.650222 -0.727627 -0.16613 1.57505 1.72708</i>
                        <i>0.97696 -0.174172 0.123338 -0.0488617 -0.745099 -0.665162 0.207752 0.643811 -0.736442 -0.170331 1.52694 1.93004</i>
                        <i>0.981799 -0.15057 0.115754 -0.0345335 -0.740854 -0.670778 0.186756 0.654571 -0.73257 -0.169733 1.47051 2.1443</i>
                        <i>0.98697 -0.141869 0.0759163 -0.051767 -0.726696 -0.685006 0.152349 0.67215 -0.724571 -0.160762 1.43441 2.3647</i>
                        <i>0.992112 -0.12331 -0.0225442 -0.104207 -0.711333 -0.695087 0.0696748 0.691954 -0.718572 -0.136525 1.43812 2.59012</i>
                        <i>0.986457 -0.0976751 -0.131765 -0.162173 -0.701021 -0.694456 -0.0245386 0.70642 -0.707367 -0.108502 1.47477 2.81206</i>
                        <i>0.979256 -0.0819017 -0.185338 -0.189245 -0.696569 -0.692083 -0.0724179 0.7128 -0.697619 -0.0947546 1.52143 3.02575</i>
                        <i>0.972012 -0.0723371 -0.223516 -0.209546 -0.69712 -0.685649 -0.10622 0.713296 -0.692767 -0.0850023 1.54838 3.23615</i>
                        <i>0.962459 -0.100402 -0.252175 -0.248745 -0.698072 -0.671433 -0.108623 0.708954 -0.69684 -0.0730484 1.53301 3.44291</i>
                        <i>0.949382 -0.179653 -0.257681 -0.306881 -0.705593 -0.638719 -0.0670699 0.685465 -0.72501 -0.0587452 1.48726 3.64191</i>
                        <i>0.931243 -0.261403 -0.253878 -0.363367 -0.718496 -0.593067 -0.0273808 0.644541 -0.76408 -0.0437761 1.43963 3.83771</i>
                    </KeyFrames>
                </p>
            </i>
            <i>
                <p>
                    <Name><![CDATA[r_shoulder]]></Name>
                    <Exclude>0</Exclude>
                    <Additive>0</Additive>
                    <IKPriority>0</IKPriority>
                    <IKRotLimits>-1e+010 -1e+010 -1e+010 1e+010 1e+010 1e+010</IKRotLimits>
                    <IKRotLimitOrder>0</IKRotLimitOrder>
                    <KeyFrames count="18">
                        <i>0.497672 0.842853 -0.204749 0.744112 -0.536177 -0.398512 -0.445668 0.0459718 -0.894017 -0.227769 1.49128 0.366451</i>
                        <i>0.530491 0.776839 -0.339263 0.714635 -0.625105 -0.313912 -0.455935 -0.0759218 -0.886769 -0.237237 1.49011 0.570487</i>
                        <i>0.570793 0.680729 -0.459133 0.673611 -0.707962 -0.21222 -0.469513 -0.188144 -0.862647 -0.255503 1.50117 0.762266</i>
                        <i>0.569087 0.612941 -0.548128 0.65814 -0.739145 -0.143238 -0.492942 -0.27923 -0.824038 -0.27769 1.53504 0.947968</i>
                        <i>0.533798 0.621287 -0.57364 0.698135 -0.70657 -0.115612 -0.477145 -0.338765 -0.810907 -0.303743 1.58292 1.13347</i>
                        <i>0.475118 0.695258 -0.539333 0.774077 -0.621705 -0.119533 -0.418412 -0.360693 -0.833566 -0.328814 1.62472 1.32466</i>
                        <i>0.38051 0.758185 -0.529497 0.845709 -0.516943 -0.132462 -0.374151 -0.397397 -0.837906 -0.347472 1.64116 1.5166</i>
                        <i>0.267604 0.811978 -0.518729 0.906707 -0.394359 -0.149543 -0.325991 -0.430317 -0.841759 -0.358199 1.61656 1.70648</i>
                        <i>0.13586 0.87857 -0.457883 0.950883 -0.245386 -0.188697 -0.278141 -0.409757 -0.868756 -0.363358 1.56136 1.90567</i>
                        <i>0.0263064 0.950158 -0.310658 0.962908 -0.107568 -0.247461 -0.268543 -0.292625 -0.917745 -0.363716 1.50027 2.12143</i>
                        <i>-0.0403999 0.988343 -0.146786 0.948141 -0.0084329 -0.317737 -0.315271 -0.152011 -0.936748 -0.355767 1.46245 2.34971</i>
                        <i>-0.0702601 0.997047 -0.0310077 0.907114 0.0509297 -0.417791 -0.414978 -0.0574816 -0.908014 -0.332545 1.46249 2.59458</i>
                        <i>-0.0573956 0.998131 0.0210109 0.860535 0.0601312 -0.50583 -0.506148 -0.0109519 -0.862377 -0.303405 1.49407 2.8381</i>
                        <i>0.00100117 0.998854 0.0478437 0.844049 0.0248128 -0.535692 -0.536265 0.0409187 -0.843057 -0.288235 1.53762 3.06238</i>
                        <i>0.0953473 0.988862 0.114287 0.832924 -0.0163825 -0.553145 -0.545111 0.147933 -0.825209 -0.277051 1.56268 3.28032</i>
                        <i>0.2234 0.966309 0.127828 0.82508 -0.117645 -0.552633 -0.518976 0.228927 -0.823563 -0.263209 1.55285 3.49274</i>
                        <i>0.369662 0.929074 -0.0131099 0.804315 -0.327023 -0.496119 -0.465218 0.172851 -0.868156 -0.246322 1.52276 3.69283</i>
                        <i>0.497672 0.842853 -0.204749 0.744112 -0.536177 -0.398512 -0.445668 0.0459718 -0.894017 -0.227769 1.49128 3.88787</i>
                    </KeyFrames>
                </p>
            </i>
            <i>
                <p>
                    <Name><![CDATA[r_elbow]]></Name>
                    <Exclude>0</Exclude>
                    <Additive>0</Additive>
                    <IKPriority>0</IKPriority>
                    <IKRotLimits>-1e+010 -1e+010 -1e+010 1e+010 1e+010 1e+010</IKRotLimits>
                    <IKRotLimitOrder>0</IKRotLimitOrder>
                    <KeyFrames count="18">
                        <i>-0.576276 -0.20796 -0.790353 0.74309 -0.535879 -0.400813 -0.340181 -0.818282 0.463347 -0.38964 1.21711 0.433046</i>
                        <i>-0.509919 -0.154056 -0.846315 0.713619 -0.625126 -0.316175 -0.480345 -0.76517 0.428701 -0.409784 1.23742 0.680838</i>
                        <i>-0.376676 -0.0783203 -0.923028 0.672595 -0.708278 -0.214379 -0.636971 -0.701575 0.319469 -0.441161 1.27974 0.911608</i>
                        <i>-0.234436 -0.0173879 -0.971976 0.65708 -0.739694 -0.145252 -0.71644 -0.672718 0.184836 -0.462792 1.33565 1.12626</i>
                        <i>-0.142938 0.0235803 -0.989451 0.697109 -0.707262 -0.117561 -0.702573 -0.706558 0.0846562 -0.477366 1.38082 1.32006</i>
                        <i>-0.128962 0.0333188 -0.99109 0.773177 -0.622436 -0.121532 -0.62094 -0.781961 0.054509 -0.483348 1.39856 1.50009</i>
                        <i>-0.166655 -0.0158709 -0.985888 0.844897 -0.517748 -0.134487 -0.508307 -0.855386 0.0996944 -0.471232 1.39454 1.68883</i>
                        <i>-0.216564 -0.12502 -0.96823 0.905985 -0.395229 -0.151608 -0.363719 -0.910035 0.198858 -0.445232 1.35243 1.87521</i>
                        <i>-0.23774 -0.17732 -0.955006 0.950245 -0.246195 -0.190843 -0.201278 -0.952862 0.227028 -0.407538 1.27558 2.05461</i>
                        <i>-0.265206 -0.166998 -0.94962 0.962264 -0.108083 -0.24973 -0.0609336 -0.980015 0.18936 -0.372261 1.1912 2.22248</i>
                        <i>-0.318386 -0.130512 -0.938934 0.947362 -0.00859905 -0.320049 0.0336963 -0.991409 0.12638 -0.342613 1.14096 2.39745</i>
                        <i>-0.410236 -0.137212 -0.901598 0.906074 0.0509989 -0.420034 0.103614 -0.989228 0.103403 -0.309679 1.13817 2.60466</i>
                        <i>-0.489331 -0.192523 -0.850582 0.859258 0.0603174 -0.507974 0.149102 -0.979437 0.135912 -0.284725 1.1694 2.83126</i>
                        <i>-0.519214 -0.226279 -0.824145 0.842697 0.0251293 -0.537802 0.142403 -0.973738 0.177637 -0.288549 1.21271 3.04681</i>
                        <i>-0.54947 -0.169452 -0.818149 0.831562 -0.0157976 -0.555207 0.081156 -0.985412 0.14959 -0.308055 1.24102 3.24314</i>
                        <i>-0.565392 -0.0988369 -0.818879 0.823809 -0.116859 -0.554691 -0.0408693 -0.988218 0.147494 -0.335866 1.23853 3.45115</i>
