<?xml version="1.0" encoding="ISO-8859-1" ?>
<Animl Version="1">
    <ModellingPackage><![CDATA[Maya.2010]]></ModellingPackage>
    <SrcFile><![CDATA[anims\characters\shared\base_soldier\~src\infantry\run_2.mb]]></SrcFile>
    <FramesPerSecond>30</FramesPerSecond>
    <TotalFrames>37</TotalFrames>
    <Skeleton>
        <RefFrame>
            <Name><![CDATA[soldier_ref_frame]]></Name>
            <Exclude>0</Exclude>
            <Additive>0</Additive>
            <IKPriority>0</IKPriority>
            <IKRotLimits>-1e+010 -1e+010 -1e+010 1e+010 1e+010 1e+010</IKRotLimits>
            <IKRotLimitOrder>0</IKRotLimitOrder>
            <KeyFrames count="37">
                <i>1 0 0 0 1 0 0 0 1 0 0 0</i>
                <i>1 0 0 0 1 0 0 0 1 0 0 0.222367</i>
                <i>1 0 0 0 1 0 0 0 1 0 0 0.444735</i>
                <i>1 0 0 0 1 0 0 0 1 0 0 0.667102</i>
                <i>1 0 0 0 1 0 0 0 1 0 0 0.889469</i>
                <i>1 0 0 0 1 0 0 0 1 0 0 1.11184</i>
                <i>1 0 0 0 1 0 0 0 1 0 0 1.3342</i>
                <i>1 0 0 0 1 0 0 0 1 0 0 1.55657</i>
                <i>1 0 0 0 1 0 0 0 1 0 0 1.77894</i>
                <i>1 0 0 0 1 0 0 0 1 0 0 2.00131</i>
                <i>1 0 0 0 1 0 0 0 1 0 0 2.22367</i>
                <i>1 0 0 0 1 0 0 0 1 0 0 2.44604</i>
                <i>1 0 0 0 1 0 0 0 1 0 0 2.66841</i>
                <i>1 0 0 0 1 0 0 0 1 0 0 2.89078</i>
                <i>1 0 0 0 1 0 0 0 1 0 0 3.11314</i>
                <i>1 0 0 0 1 0 0 0 1 0 0 3.33551</i>
                <i>1 0 0 0 1 0 0 0 1 0 0 3.55788</i>
                <i>1 0 0 0 1 0 0 0 1 0 0 3.78025</i>
                <i>1 0 0 0 1 0 0 0 1 0 0 4.00261</i>
                <i>1 0 0 0 1 0 0 0 1 0 0 4.22498</i>
                <i>1 0 0 0 1 0 0 0 1 0 0 4.44735</i>
                <i>1 0 0 0 1 0 0 0 1 0 0 4.66971</i>
                <i>1 0 0 0 1 0 0 0 1 0 0 4.89208</i>
                <i>1 0 0 0 1 0 0 0 1 0 0 5.11445</i>
                <i>1 0 0 0 1 0 0 0 1 0 0 5.33682</i>
                <i>1 0 0 0 1 0 0 0 1 0 0 5.55918</i>
                <i>1 0 0 0 1 0 0 0 1 0 0 5.78155</i>
                <i>1 0 0 0 1 0 0 0 1 0 0 6.00392</i>
                <i>1 0 0 0 1 0 0 0 1 0 0 6.22629</i>
                <i>1 0 0 0 1 0 0 0 1 0 0 6.44865</i>
                <i>1 0 0 0 1 0 0 0 1 0 0 6.67102</i>
                <i>1 0 0 0 1 0 0 0 1 0 0 6.89339</i>
                <i>1 0 0 0 1 0 0 0 1 0 0 7.11576</i>
                <i>1 0 0 0 1 0 0 0 1 0 0 7.33812</i>
                <i>1 0 0 0 1 0 0 0 1 0 0 7.56049</i>
                <i>1 0 0 0 1 0 0 0 1 0 0 7.78286</i>
                <i>1 0 0 0 1 0 0 0 1 0 0 8.00523</i>
            </KeyFrames>
        </RefFrame>
        <Bones count="23">
            <i>
                <p>
                    <Name><![CDATA[pelvis]]></Name>
                    <Exclude>0</Exclude>
                    <Additive>0</Additive>
                    <IKPriority>0</IKPriority>
                    <IKRotLimits>-1e+010 -1e+010 -1e+010 1e+010 1e+010 1e+010</IKRotLimits>
                    <IKRotLimitOrder>2</IKRotLimitOrder>
                    <KeyFrames count="37">
                        <i>1 0 0 0 1 0 0 0 1 0.000226681 1.10585 0.100615</i>
                        <i>1 0 0 0 1 0 0 0 1 0.00904108 1.12493 0.322505</i>
                        <i>1 0 0 0 1 0 0 0 1 0.0167463 1.14403 0.54439</i>
                        <i>1 0 0 0 1 0 0 0 1 0.0236481 1.15303 0.76648</i>
                        <i>1 0 0 0 1 0 0 0 1 0.0297247 1.13828 0.988973</i>
                        <i>1 0 0 0 1 0 0 0 1 0.034854 1.10513 1.21167</i>
                        <i>1 0 0 0 1 0 0 0 1 0.0388065 1.07199 1.43418</i>
                        <i>1 0 0 0 1 0 0 0 1 0.0411716 1.07355 1.65629</i>
                        <i>1 0 0 0 1 0 0 0 1 0.0411329 1.07513 1.8782</i>
                        <i>1 0 0 0 1 0 0 0 1 0.0373406 1.08335 2.10022</i>
                        <i>1 0 0 0 1 0 0 0 1 0.0301159 1.10776 2.32241</i>
                        <i>1 0 0 0 1 0 0 0 1 0.0204991 1.13881 2.54471</i>
                        <i>1 0 0 0 1 0 0 0 1 0.00953066 1.1545 2.76708</i>
                        <i>1 0 0 0 1 0 0 0 1 -0.0017489 1.13982 2.98962</i>
                        <i>1 0 0 0 1 0 0 0 1 -0.0122992 1.10917 3.21225</i>
                        <i>1 0 0 0 1 0 0 0 1 -0.0210797 1.0706 3.43469</i>
                        <i>1 0 0 0 1 0 0 0 1 -0.0270501 1.06317 3.65678</i>
                        <i>1 0 0 0 1 0 0 0 1 -0.0291698 1.06637 3.87868</i>
                        <i>1 0 0 0 1 0 0 0 1 -0.0259724 1.07728 4.10064</i>
                        <i>1 0 0 0 1 0 0 0 1 -0.0177849 1.10957 4.32268</i>
                        <i>1 0 0 0 1 0 0 0 1 -0.00625744 1.15175 4.54478</i>
                        <i>1 0 0 0 1 0 0 0 1 0.00695977 1.17302 4.76702</i>
                        <i>1 0 0 0 1 0 0 0 1 0.0202166 1.15367 4.98955</i>
                        <i>1 0 0 0 1 0 0 0 1 0.0318629 1.11443 5.21223</i>
                        <i>1 0 0 0 1 0 0 0 1 0.0402485 1.08521 5.43478</i>
                        <i>1 0 0 0 1 0 0 0 1 0.0437233 1.0766 5.65705</i>
                        <i>1 0 0 0 1 0 0 0 1 0.0417058 1.07799 5.87919</i>
                        <i>1 0 0 0 1 0 0 0 1 0.0355181 1.08757 6.10133</i>
                        <i>1 0 0 0 1 0 0 0 1 0.0263661 1.11302 6.32343</i>
                        <i>1 0 0 0 1 0 0 0 1 0.0154554 1.14664 6.54553</i>
                        <i>1 0 0 0 1 0 0 0 1 0.00399173 1.16353 6.76783</i>
                        <i>1 0 0 0 1 0 0 0 1 -0.00681919 1.14833 6.9905</i>
                        <i>1 0 0 0 1 0 0 0 1 -0.0157716 1.11461 7.21337</i>
                        <i>1 0 0 0 1 0 0 0 1 -0.0216598 1.08083 7.43614</i>
                        <i>1 0 0 0 1 0 0 0 1 -0.0193642 1.0799 7.65832</i>
                        <i>1 0 0 0 1 0 0 0 1 -0.00956875 1.09315 7.88172</i>
                        <i>1 0 0 0 1 0 0 0 1 0.000226681 1.10585 8.10584</i>
                    </KeyFrames>
                </p>
            </i>
            <i>
                <p>
                    <Name><![CDATA[spine0]]></Name>
                    <Exclude>0</Exclude>
                    <Additive>0</Additive>
                    <IKPriority>0</IKPriority>
                    <IKRotLimits>-1e+010 -1e+010 -1e+010 1e+010 1e+010 1e+010</IKRotLimits>
                    <IKRotLimitOrder>0</IKRotLimitOrder>
                    <KeyFrames count="37">
                        <i>-0.00816065 0.870895 0.491401 -0.990159 -0.0756955 0.11771 0.13971 -0.485604 0.862942 -0.00782118 1.23961 0.116534</i>
                        <i>-0.000725891 0.872235 0.489086 -0.991321 -0.0649248 0.114315 0.131464 -0.484758 0.864712 0.0134276 1.25787 0.345127</i>
                        <i>0.00452167 0.873481 0.486837 -0.99277 -0.0544749 0.106959 0.119947 -0.483801 0.866919 0.0333808 1.27559 0.571704</i>
                        <i>0.0068729 0.87442 0.485121 -0.993715 -0.0482323 0.101016 0.111729 -0.482766 0.868593 0.0477623 1.28353 0.795746</i>
                        <i>0.00507221 0.874877 0.484319 -0.993557 -0.0504266 0.101496 0.113219 -0.481713 0.868984 0.0542941 1.26969 1.01465</i>
                        <i>-0.00135017 0.874055 0.485826 -0.992671 -0.059881 0.104974 0.120845 -0.482123 0.867729 0.0550452 1.23847 1.23063</i>
                        <i>-0.00973626 0.870057 0.492856 -0.991607 -0.0719478 0.107423 0.128924 -0.487673 0.863454 0.0516592 1.20671 1.44809</i>
                        <i>-0.0194484 0.863362 0.50421 -0.9903 -0.0860302 0.109112 0.13758 -0.497197 0.85666 0.0416792 1.20858 1.6682</i>
                        <i>-0.0300792 0.856696 0.514944 -0.988729 -0.101094 0.110433 0.146665 -0.505818 0.850081 0.0263965 1.20903 1.88954</i>
                        <i>-0.041065 0.853743 0.519072 -0.987209 -0.114767 0.110662 0.154049 -0.507888 0.847537 0.0124915 1.21545 2.11314</i>
                        <i>-0.0513881 0.856293 0.513928 -0.985864 -0.125669 0.110809 0.15947 -0.500969 0.850646 0.00386987 1.23827 2.34192</i>
                        <i>-0.0569372 0.861308 0.504883 -0.98532 -0.129998 0.110653 0.16094 -0.491171 0.856066 -0.00206124 1.26776 2.5732</i>
                        <i>-0.0570023 0.86685 0.495299 -0.986015 -0.126699 0.108266 0.156604 -0.482201 0.86195 -0.00739856 1.283 2.80017</i>
                        <i>-0.0526981 0.871813 0.486995 -0.987513 -0.117996 0.104375 0.148459 -0.475414 0.867146 -0.0121162 1.2699 3.01998</i>
                        <i>-0.0445951 0.874358 0.483228 -0.989112 -0.106551 0.101513 0.140247 -0.473439 0.86959 -0.014665 1.24156 3.23619</i>
                        <i>-0.0342839 0.872055 0.488206 -0.990284 -0.0955122 0.101066 0.134765 -0.479998 0.866857 -0.015057 1.20475 3.45192</i>
                        <i>-0.0219336 0.865937 0.499671 -0.991201 -0.0840899 0.102219 0.130533 -0.493033 0.860163 -0.0133162 1.19789 3.67057</i>
                        <i>-0.00644778 0.859905 0.510413 -0.992172 -0.0691581 0.103979 0.124711 -0.505747 0.85362 -0.00970804 1.20058 3.89363</i>
                        <i>0.00953641 0.857716 0.514035 -0.99297 -0.0525297 0.106072 0.117982 -0.511433 0.851185 -0.00279493 1.21048 4.1192</i>
                        <i>0.0189781 0.861251 0.507825 -0.993478 -0.0408727 0.106446 0.112433 -0.506533 0.854859 0.00787059 1.24151 4.34576</i>
                        <i>0.0203525 0.867552 0.49693 -0.993741 -0.0370525 0.105387 0.109841 -0.495964 0.861368 0.020043 1.28266 4.5717</i>
                        <i>0.0152048 0.873024 0.48744 -0.993681 -0.041025 0.104474 0.111205 -0.485948 0.866884 0.0314899 1.30367 4.79561</i>
                        <i>0.00696129 0.874669 0.484671 -0.993149 -0.0504904 0.105383 0.116646 -0.482084 0.868325 0.0401132 1.28498 5.01708</i>
                        <i>-0.00343229 0.870482 0.492189 -0.991417 -0.0672893 0.112094 0.130695 -0.487579 0.863241 0.0375053 1.24687 5.237</i>
                        <i>-0.0148667 0.862055 0.506596 -0.989041 -0.0871088 0.119205 0.14689 -0.499272 0.853903 0.025376 1.21724 5.45548</i>
                        <i>-0.0223678 0.853154 0.521179 -0.987851 -0.09905 0.119745 0.153784 -0.512169 0.845005 0.0169668 1.20765 5.67357</i>
                        <i>-0.0280012 0.848928 0.527766 -0.987687 -0.104792 0.116159 0.153916 -0.518015 0.84141 0.0140168 1.20942 5.89289</i>
                        <i>-0.0356831 0.852162 0.522059 -0.987507 -0.110296 0.112541 0.153484 -0.511521 0.845452 0.0100646 1.21957 6.11418</i>
                        <i>-0.0438903 0.859762 0.508806 -0.987167 -0.115597 0.110177 0.153542 -0.497441 0.853802 0.00593899 1.24488 6.34131</i>
                        <i>-0.049522 0.866729 0.496316 -0.98728 -0.11765 0.106945 0.151084 -0.484706 0.86153 0.00182598 1.27739 6.5721</i>
                        <i>-0.0513282 0.869908 0.490536 -0.98804 -0.115748 0.101879 0.145404 -0.47944 0.865445 -0.00299623 1.29377 6.79867</i>
                        <i>-0.0501789 0.868248 0.493586 -0.988779 -0.112815 0.0979269 0.140709 -0.483134 0.864166 -0.00870058 1.27982 7.01807</i>
                        <i>-0.045506 0.863106 0.502968 -0.989591 -0.107758 0.0953826 0.136524 -0.493392 0.859026 -0.0106068 1.24797 7.23419</i>
                        <i>-0.0373468 0.856357 0.515032 -0.990261 -0.100889 0.0959432 0.134123 -0.506433 0.851785 -0.00813555 1.21561 7.44964</i>
                        <i>-0.0268589 0.85156 0.523568 -0.990598 -0.0929561 0.100372 0.134141 -0.51595 0.846051 -0.00252168 1.21536 7.66698</i>
                        <i>-0.0149474 0.859167 0.511477 -0.990819 -0.0814665 0.10789 0.134363 -0.505169 0.852497 -0.00235721 1.22849 7.89258</i>
                        <i>-0.00816065 0.870895 0.491401 -0.990159 -0.0756955 0.11771 0.13971 -0.485604 0.862942 -0.00782118 1.23961 8.12176</i>
                    </KeyFrames>
                </p>
            </i>
            <i>
                <p>
                    <Name><![CDATA[spine1]]></Name>
                    <Exclude>0</Exclude>
                    <Additive>0</Additive>
                    <IKPriority>0</IKPriority>
                    <IKRotLimits>-1e+010 -1e+010 -1e+010 1e+010 1e+010 1e+010</IKRotLimits>
                    <IKRotLimitOrder>0</IKRotLimitOrder>
                    <KeyFrames count="37">
                        <i>0.0322551 0.605971 0.794833 -0.864654 -0.381972 0.326299 0.501332 -0.69778 0.511634 -0.0123356 1.4085 0.220533</i>
                        <i>0.0194439 0.63891 0.769036 -0.835256 -0.412378 0.363719 0.549518 -0.649414 0.525635 0.0106282 1.42517 0.44765</i>
                        <i>0.00313779 0.670772 0.741657 -0.803734 -0.439584 0.400971 0.59498 -0.597353 0.537743 0.0318903 1.44207 0.673236</i>
                        <i>0.000243134 0.693818 0.72015 -0.773577 -0.45623 0.43981 0.633702 -0.557199 0.536611 0.0469168 1.44979 0.89675</i>
                        <i>0.0150633 0.694591 0.719247 -0.752227 -0.466026 0.465804 0.658731 -0.548054 0.515471 0.0530531 1.43638 1.11567</i>
                        <i>0.0349896 0.676299 0.735796 -0.746149 -0.472122 0.469428 0.664859 -0.565438 0.4881 0.0523355 1.40597 1.33245</i>
                        <i>0.057374 0.644539 0.762416 -0.754673 -0.471952 0.455774 0.653588 -0.601524 0.459338 0.0470525 1.37452 1.55194</i>
                        <i>0.0904 0.605544 0.790661 -0.774753 -0.456087 0.437885 0.625768 -0.652151 0.427917 0.0348742 1.37605 1.77494</i>
                        <i>0.123212 0.57156 0.811257 -0.799775 -0.426786 0.422154 0.58752 -0.700838 0.404533 0.0171707 1.37627 1.99913</i>
                        <i>0.125651 0.56218 0.817414 -0.826909 -0.395878 0.399377 0.548118 -0.726109 0.415129 0.00082592 1.38222 2.22365</i>
                        <i>0.0914521 0.590007 0.802202 -0.854407 -0.36729 0.36754 0.511492 -0.71902 0.470517 -0.00992976 1.40348 2.45008</i>
                        <i>0.0432921 0.637208 0.769475 -0.879248 -0.341418 0.332199 0.474392 -0.690941 0.545484 -0.0168514 1.43117 2.67784</i>
                        <i>-0.00432989 0.674133 0.738598 -0.898317 -0.327114 0.293298 0.439328 -0.662224 0.607001 -0.0220111 1.44585 2.90194</i>
                        <i>-0.0451603 0.683232 0.728804 -0.908119 -0.332076 0.25504 0.41627 -0.650323 0.635453 -0.0256937 1.43354 3.12</i>
                        <i>-0.0795173 0.668402 0.739538 -0.90535 -0.35889 0.227023 0.417156 -0.651488 0.633676 -0.0264939 1.40651 3.33594</i>
                        <i>-0.104196 0.630442 0.769211 -0.889201 -0.405493 0.21189 0.445494 -0.661905 0.60284 -0.0247574 1.3709 3.55363</i>
                        <i>-0.113677 0.586369 0.802028 -0.863835 -0.457109 0.211758 0.490782 -0.668747 0.558489 -0.0204519 1.36439 3.77555</i>
                        <i>-0.101102 0.558436 0.823364 -0.835272 -0.497238 0.234681 0.540462 -0.664006 0.516717 -0.0135468 1.36623 4.00107</i>
                        <i>-0.0744844 0.559029 0.825796 -0.80565 -0.521753 0.280538 0.58769 -0.644407 0.489244 -0.00321781 1.37486 4.22695</i>
                        <i>-0.0551129 0.59486 0.801937 -0.774316 -0.53254 0.341812 0.630395 -0.602115 0.48996 0.00946545 1.4051 4.45137</i>
                        <i>-0.0436098 0.646411 0.761742 -0.74578 -0.528407 0.405708 0.664764 -0.550399 0.505124 0.0219418 1.44598 4.67424</i>
                        <i>-0.0342781 0.688125 0.724782 -0.728175 -0.513917 0.453487 0.684534 -0.512223 0.518692 0.0323103 1.467 4.89562</i>
                        <i>-0.0165849 0.701701 0.712279 -0.727608 -0.49708 0.472756 0.685792 -0.510419 0.518807 0.0391684 1.44822 5.11628</i>
                        <i>0.0392064 0.678426 0.733622 -0.743572 -0.470642 0.47497 0.667506 -0.564123 0.486006 0.0341939 1.40963 5.33783</i>
                        <i>0.114777 0.630769 0.767435 -0.767725 -0.433938 0.471482 0.630416 -0.643295 0.434451 0.0194092 1.38037 5.56029</i>
                        <i>0.154191 0.583591 0.797274 -0.794903 -0.405977 0.450901 0.586817 -0.703281 0.401301 0.00927998 1.37142 5.78277</i>
                        <i>0.149034 0.559362 0.815416 -0.825091 -0.384143 0.414318 0.54499 -0.73454 0.404274 0.00514549 1.37328 6.00403</i>
                        <i>0.11959 0.57252 0.811122 -0.855541 -0.355091 0.376776 0.503734 -0.739007 0.447348 -0.000357858 1.38356 6.22381</i>
                        <i>0.0731071 0.620408 0.780864 -0.882644 -0.324272 0.340275 0.464323 -0.714101 0.523893 -0.0060479 1.40792 6.44675</i>
                        <i>0.0186365 0.677732 0.735073 -0.904149 -0.302422 0.301754 0.426811 -0.670239 0.607135 -0.0110912 1.43891 6.67336</i>
                        <i>-0.029505 0.702662 0.710912 -0.918687 -0.299323 0.257721 0.393883 -0.645501 0.654358 -0.0160868 1.45467 6.8981</i>
                        <i>-0.0622429 0.677627 0.732767 -0.925689 -0.313675 0.211441 0.373129 -0.665154 0.646796 -0.0215043 1.44106 7.11851</i>
                        <i>-0.091449 0.624296 0.775817 -0.921434 -0.348483 0.171809 0.377618 -0.699152 0.607116 -0.0224936 1.41016 7.33766</i>
                        <i>-0.112584 0.56578 0.816834 -0.907934 -0.392573 0.146775 0.40371 -0.725106 0.557888 -0.0184469 1.37912 7.55714</i>
                        <i>-0.106156 0.527804 0.842706 -0.892557 -0.424114 0.153195 0.43826 -0.735901 0.516118 -0.0107535 1.37972 7.77734</i>
                        <i>-0.0478013 0.553026 0.831792 -0.88099 -0.415775 0.225804 0.470713 -0.722007 0.507085 -0.00814757 1.39437 8.00042</i>
                        <i>0.0322551 0.605971 0.794833 -0.864654 -0.381972 0.326299 0.501332 -0.69778 0.511634 -0.0123356 1.4085 8.22576</i>
                    </KeyFrames>
                </p>
            </i>
            <i>
                <p>
                    <Name><![CDATA[spine2]]></Name>
                    <Exclude>0</Exclude>
                    <Additive>0</Additive>
                    <IKPriority>0</IKPriority>
                    <IKRotLimits>-1e+010 -1e+010 -1e+010 1e+010 1e+010 1e+010</IKRotLimits>
                    <IKRotLimitOrder>0</IKRotLimitOrder>
                    <KeyFrames count="37">
                        <i>0.0729301 0.517473 0.852586 -0.863513 -0.394974 0.313593 0.499025 -0.75909 0.41804 -0.0146148 1.51501 0.373727</i>
                        <i>0.123566 0.541326 0.831683 -0.835168 -0.395908 0.381773 0.535934 -0.74177 0.403177 0.00377323 1.53596 0.592968</i>
                        <i>0.172268 0.567772 0.804959 -0.802811 -0.392604 0.448729 0.570805 -0.723531 0.38818 0.0198895 1.55743 0.811216</i>
                        <i>0.215266 0.591519 0.777023 -0.770041 -0.386525 0.507579 0.600581 -0.707604 0.372288 0.0329113 1.56866 1.02956</i>
                        <i>0.246548 0.607637 0.754978 -0.745138 -0.379255 0.548575 0.619663 -0.697813 0.359269 0.0414287 1.55564 1.24895</i>
                        <i>0.261746 0.611976 0.746307 -0.736161 -0.37347 0.564435 0.624145 -0.697141 0.352758 0.0450252 1.52285 1.47067</i>
                        <i>0.264575 0.594892 0.759015 -0.743445 -0.375488 0.553443 0.61424 -0.710713 0.342924 0.0452479 1.48656 1.69721</i>
                        <i>0.254349 0.559441 0.78888 -0.764772 -0.382947 0.518146 0.591971 -0.735104 0.330442 0.0414688 1.48166 1.92737</i>
                        <i>0.227879 0.522818 0.821421 -0.793612 -0.389046 0.467785 0.564137 -0.758488 0.326259 0.032575 1.47635 2.15703</i>
                        <i>0.184593 0.503745 0.843899 -0.824626 -0.387777 0.411851 0.534712 -0.771926 0.343821 0.0185155 1.48053 2.38249</i>
                        <i>0.131973 0.510543 0.849664 -0.853857 -0.376838 0.359057 0.5035 -0.772877 0.386198 0.00184628 1.50515 2.60252</i>
                        <i>0.0832432 0.531498 0.842959 -0.878806 -0.359687 0.313571 0.469863 -0.7669 0.437142 -0.0140083 1.53893 2.81951</i>
                        <i>0.0425403 0.556908 0.829484 -0.897413 -0.343617 0.276725 0.439135 -0.756162 0.485159 -0.0280702 1.55873 3.03512</i>
                        <i>0.0119567 0.577396 0.816377 -0.907605 -0.336379 0.251202 0.419656 -0.743951 0.520025 -0.0397927 1.5481 3.25129</i>
                        <i>-0.00603367 0.583826 0.811857 -0.90703 -0.345017 0.241369 0.421022 -0.734922 0.53163 -0.0482264 1.51943 3.47083</i>
                        <i>-0.0111083 0.564042 0.825671 -0.894102 -0.375323 0.244366 0.447726 -0.73552 0.50848 -0.0531037 1.47839 3.69688</i>
                        <i>0.000299351 0.525201 0.850978 -0.87105 -0.417859 0.258198 0.491194 -0.741322 0.457351 -0.0528369 1.46472 3.92756</i>
                        <i>0.032129 0.488658 0.871883 -0.842098 -0.456644 0.286963 0.538367 -0.743431 0.396826 -0.0454161 1.46117 4.15796</i>
                        <i>0.0751816 0.477183 0.875582 -0.810464 -0.482315 0.332446 0.580944 -0.734622 0.350478 -0.0314376 1.46894 4.3834</i>
                        <i>0.11022 0.506576 0.855121 -0.777657 -0.491833 0.391599 0.618952 -0.708153 0.339732 -0.0162273 1.50444 4.60111</i>
                        <i>0.134107 0.5594 0.817977 -0.748284 -0.483994 0.453676 0.649682 -0.67292 0.353683 -0.00232196 1.55334 4.81399</i>
                        <i>0.148941 0.609457 0.778703 -0.730119 -0.463312 0.502263 0.66689 -0.643354 0.37597 0.00969503 1.58085 5.02671</i>
                        <i>0.162089 0.634386 0.755832 -0.728529 -0.439693 0.525277 0.665562 -0.635787 0.390899 0.0205629 1.56414 5.24445</i>
                        <i>0.173243 0.621216 0.76425 -0.742192 -0.427745 0.515932 0.647409 -0.656601 0.386957 0.0280924 1.52197 5.47092</i>
                        <i>0.178273 0.583744 0.792125 -0.765432 -0.423602 0.484433 0.618331 -0.692678 0.3713 0.0306232 1.48616 5.70249</i>
                        <i>0.182196 0.542499 0.82006 -0.793218 -0.411755 0.448623 0.581042 -0.732224 0.3553 0.0306417 1.47063 5.93355</i>
                        <i>0.178976 0.520362 0.834979 -0.823112 -0.385699 0.416801 0.538938 -0.761879 0.359285 0.0269983 1.46871 6.15937</i>
                        <i>0.155521 0.534592 0.830677 -0.853368 -0.350857 0.385567 0.49757 -0.768837 0.401638 0.016721 1.48115 6.37737</i>
                        <i>0.12127 0.57049 0.812302 -0.88108 -0.315025 0.352784 0.457155 -0.758485 0.464445 0.00253091 1.51234 6.59077</i>
                        <i>0.0858585 0.605445 0.791243 -0.903762 -0.286931 0.317623 0.419335 -0.742366 0.522543 -0.0125677 1.55089 6.8043</i>
                        <i>0.0567512 0.618644 0.783619 -0.919859 -0.272722 0.281924 0.388121 -0.736819 0.553588 -0.0263893 1.56973 7.02261</i>
                        <i>0.0356056 0.599472 0.799604 -0.928812 -0.275448 0.247865 0.368837 -0.751507 0.546989 -0.0380286 1.55239 7.24836</i>
                        <i>0.0248018 0.560666 0.827671 -0.927752 -0.295482 0.227961 0.372372 -0.773527 0.51283 -0.0455451 1.51373 7.47877</i>
                        <i>0.0264365 0.517593 0.855219 -0.917945 -0.326185 0.225788 0.395825 -0.791013 0.466499 -0.0473326 1.47411 7.71007</i>
                        <i>0.036958 0.487475 0.872355 -0.902654 -0.358272 0.238445 0.428777 -0.796247 0.42678 -0.0399375 1.46894 7.93811</i>
                        <i>0.0524609 0.493552 0.868132 -0.884078 -0.381306 0.270206 0.464385 -0.781672 0.416335 -0.02636 1.48912 8.15981</i>
                        <i>0.0729301 0.517473 0.852586 -0.863513 -0.394974 0.313593 0.499025 -0.75909 0.41804 -0.0146148 1.51501 8.37895</i>
                    </KeyFrames>
                </p>
            </i>
            <i>
                <p>
                    <Name><![CDATA[head]]></Name>
                    <Exclude>0</Exclude>
                    <Additive>0</Additive>
                    <IKPriority>0</IKPriority>
                    <IKRotLimits>-1e+010 -1e+010 -1e+010 1e+010 1e+010 1e+010</IKRotLimits>
                    <IKRotLimitOrder>0</IKRotLimitOrder>
                    <KeyFrames count="37">
                        <i>-0.000432147 0.968533 0.248883 0.00168165 0.248884 -0.968532 -0.999999 -1.13426e-008 -0.00173627 0.00158889 1.6538 0.590799</i>
                        <i>-0.00859037 0.965234 0.261245 0.0317221 0.261386 -0.964713 -0.99946 -5.58038e-009 -0.0328647 0.030379 1.6812 0.804408</i>
                        <i>-0.0163171 0.962502 0.270784 0.0578942 0.271275 -0.960759 -0.998189 8.14203e-009 -0.0601497 0.0563387 1.70963 1.0157</i>
                        <i>-0.0224968 0.962315 0.271004 0.0796108 0.271936 -0.959017 -0.996572 -3.5347e-008 -0.0827284 0.0785245 1.72689 1.22708</i>
                        <i>-0.0247734 0.967861 0.250261 0.0953429 0.251484 -0.963154 -0.995136 4.15966e-008 -0.0985089 0.0944073 1.71739 1.44167</i>
                        <i>-0.0230992 0.976089 0.216142 0.103724 0.217373 -0.970562 -0.994338 1.62576e-008 -0.106265 0.102115 1.68483 1.66224</i>
                        <i>-0.020776 0.981668 0.189463 0.107006 0.190599 -0.975819 -0.994041 -1.93996e-008 -0.109004 0.103891 1.64359 1.8927</i>
                        <i>-0.0215979 0.979001 0.202708 0.103723 0.203855 -0.973491 -0.994372 4.20106e-008 -0.105947 0.0992922 1.62948 2.13057</i>
                        <i>-0.020634 0.975329 0.219791 0.091163 0.220757 -0.971059 -0.995622 2.65252e-009 -0.093469 0.0860547 1.61491 2.3682</i>
                        <i>-0.0170142 0.969042 0.246308 0.0667793 0.246895 -0.966739 -0.997623 -3.33653e-009 -0.0689127 0.0627512 1.6146 2.59879</i>
                        <i>-0.0104491 0.958291 0.285603 0.0350366 0.285794 -0.95765 -0.999331 1.19552e-008 -0.0365616 0.0333023 1.64182 2.81934</i>
                        <i>-0.00168427 0.949792 0.312878 0.0051128 0.312882 -0.949778 -0.999986 1.76131e-008 -0.00538307 0.00494474 1.68205 3.03339</i>
                        <i>0.00662039 0.950722 0.309974 -0.0203009 0.310044 -0.950505 -0.999772 -7.56638e-009 0.021353 -0.0198551 1.70883 3.24468</i>
                        <i>0.0116613 0.961442 0.274761 -0.0407683 0.275009 -0.960577 -0.999101 1.15403e-008 0.0424033 -0.039859 1.70301 3.45753</i>
                        <i>0.0131991 0.972619 0.232031 -0.0552384 0.232406 -0.971049 -0.998386 4.10703e-008 0.0567934 -0.0536155 1.67513 3.67653</i>
                        <i>0.0125722 0.980983 0.193684 -0.0635428 0.194091 -0.978923 -0.9979 3.19118e-009 0.0647746 -0.0606627 1.62825 3.90686</i>
                        <i>0.0122286 0.981215 0.192527 -0.0621977 0.192915 -0.979242 -0.997989 -2.76167e-009 0.0633885 -0.0583902 1.60434 4.14449</i>
                        <i>0.00978909 0.979079 0.203245 -0.0471019 0.20348 -0.977945 -0.998842 1.44873e-008 0.0481083 -0.0436252 1.59168 4.38039</i>
                        <i>0.00466295 0.975919 0.218083 -0.0208619 0.218133 -0.975696 -0.999772 2.56734e-009 0.0213767 -0.0192805 1.59694 4.60679</i>
                        <i>-0.00117068 0.968162 0.250323 0.00452775 0.250326 -0.968151 -0.999989 -1.68547e-008 -0.00467661 0.00426429 1.64022 4.81907</i>
                        <i>-0.00733802 0.957779 0.287411 0.0244456 0.287505 -0.957467 -0.999674 3.0555e-008 -0.0255231 0.0237715 1.70263 5.02219</i>
                        <i>-0.012338 0.954472 0.298044 0.0394781 0.298299 -0.953656 -0.999144 1.12946e-008 -0.0413612 0.0393598 1.74266 5.22482</i>
                        <i>-0.0149464 0.963607 0.266903 0.053877 0.267321 -0.9621 -0.998436 6.88174e-008 -0.0559118 0.0538106 1.73193 5.43708</i>
                        <i>-0.0149441 0.976337 0.215739 0.0674684 0.216257 -0.974003 -0.99761 -2.62908e-008 -0.0691036 0.066086 1.68604 5.66631</i>
                        <i>-0.0144501 0.982472 0.185849 0.0761594 0.18641 -0.979516 -0.996991 -4.30791e-009 -0.0775181 0.072876 1.64029 5.90544</i>
                        <i>-0.0156767 0.981384 0.191417 0.0801052 0.192058 -0.978109 -0.996663 1.74788e-009 -0.0816247 0.0754469 1.61396 6.14386</i>
                        <i>-0.0167423 0.976348 0.215557 0.0756053 0.216206 -0.973416 -0.996997 5.433e-008 -0.0774368 0.0709741 1.6063 6.37367</i>
                        <i>-0.0145662 0.969196 0.245858 0.0573207 0.246289 -0.9675 -0.99825 3.44119e-008 -0.0591425 0.0544686 1.62238 6.59047</i>
                        <i>-0.00919972 0.960799 0.277093 0.0318818 0.277245 -0.96027 -0.999449 -3.13158e-008 -0.0331826 0.031 1.6633 6.79848</i>
                        <i>-0.00192597 0.953096 0.302662 0.00606477 0.302668 -0.953077 -0.99998 -1.94668e-009 -0.00636326 0.00603991 1.71172 7.00539</i>
                        <i>0.00504578 0.953587 0.301075 -0.0159791 0.301117 -0.953453 -0.99986 1.6917e-008 0.0167569 -0.0160213 1.7344 7.22096</i>
                        <i>0.00927733 0.964993 0.262112 -0.0341342 0.262276 -0.964389 -0.999374 2.07436e-008 0.0353725 -0.0335613 1.7119 7.45109</i>
                        <i>0.00983212 0.978638 0.205357 -0.046802 0.205592 -0.977518 -0.998856 -1.4804e-008 0.0478236 -0.0446327 1.66267 7.68945</i>
                        <i>0.0082065 0.987096 0.159919 -0.0505876 0.16013 -0.985799 -0.998686 -4.3362e-009 0.0512489 -0.0469805 1.61134 7.92852</i>
                        <i>0.006764 0.986272 0.164988 -0.0404002 0.165126 -0.985445 -0.999161 2.45321e-008 0.0409625 -0.0371006 1.59808 8.16144</i>
                        <i>0.00407852 0.978223 0.207517 -0.0192223 0.207557 -0.978034 -0.999807 1.5907e-008 0.0196502 -0.0178258 1.62059 8.38178</i>
                        <i>-0.000432147 0.968533 0.248883 0.00168165 0.248884 -0.968532 -0.999999 -1.13426e-008 -0.00173627 0.00158889 1.6538 8.59603</i>
                    </KeyFrames>
                </p>
            </i>
            <i>
                <p>
                    <Name><![CDATA[head_prop]]></Name>
                    <Exclude>0</Exclude>
                    <Additive>0</Additive>
                    <IKPriority>0</IKPriority>
                    <IKRotLimits>-1e+010 -1e+010 -1e+010 1e+010 1e+010 1e+010</IKRotLimits>
                    <IKRotLimitOrder>0</IKRotLimitOrder>
                    <KeyFrames count="37">
                        <i>0.999999 1.13426e-008 0.00173627 -0.000432147 0.968533 0.248883 -0.00168165 -0.248884 0.968532 0.00144805 1.96946 0.671913</i>
                        <i>0.99946 5.58038e-009 0.0328647 -0.00859037 0.965234 0.261245 -0.0317221 -0.261386 0.964713 0.0275794 1.99578 0.88955</i>
                        <i>0.998189 -8.14203e-009 0.0601497 -0.0163171 0.962502 0.270784 -0.0578942 -0.271275 0.960759 0.0510208 2.02331 1.10395</i>
                        <i>0.996572 3.5347e-008 0.0827284 -0.0224968 0.962315 0.271004 -0.0796108 -0.271936 0.959017 0.0711926 2.04052 1.3154</i>
                        <i>0.995136 -4.15966e-008 0.0985089 -0.0247734 0.967861 0.250261 -0.0953429 -0.251484 0.963154 0.0863334 2.03283 1.52324</i>
                        <i>0.994338 -1.62576e-008 0.106265 -0.0230992 0.976089 0.216142 -0.103724 -0.217373 0.970562 0.0945865 2.00295 1.73268</i>
                        <i>0.994041 1.93996e-008 0.109004 -0.020776 0.981668 0.189463 -0.107006 -0.190599 0.975819 0.09712 1.96352 1.95444</i>
                        <i>0.994372 -4.20106e-008 0.105947 -0.0215979 0.979001 0.202708 -0.103723 -0.203855 0.973491 0.0922532 1.94854 2.19663</i>
                        <i>0.995622 -2.65252e-009 0.093469 -0.020634 0.975329 0.219791 -0.091163 -0.220757 0.971059 0.0793299 1.93277 2.43983</i>
                        <i>0.997623 3.33653e-009 0.0689127 -0.0170142 0.969042 0.246308 -0.0667793 -0.246895 0.966739 0.0572061 1.93042 2.67906</i>
                        <i>0.999331 -1.19552e-008 0.0365616 -0.0104491 0.958291 0.285603 -0.0350366 -0.285794 0.95765 0.0298968 1.95414 2.91242</i>
                        <i>0.999986 -1.76131e-008 0.00538307 -0.00168427 0.949792 0.312878 -0.0051128 -0.312882 0.949778 0.00439582 1.99159 3.13536</i>
                        <i>0.999772 7.56638e-009 -0.021353 0.00662039 0.950722 0.309974 0.0203009 -0.310044 0.950505 -0.0176975 2.01868 3.3457</i>
                        <i>0.999101 -1.15403e-008 -0.0424033 0.0116613 0.961442 0.274761 0.0407683 -0.275009 0.960577 -0.0360584 2.01635 3.54708</i>
                        <i>0.998386 -4.10703e-008 -0.0567934 0.0131991 0.972619 0.232031 0.0552384 -0.232406 0.971049 -0.0493138 1.99211 3.75215</i>
                        <i>0.9979 -3.19118e-009 -0.0647746 0.0125722 0.980983 0.193684 0.0635428 -0.194091 0.978923 -0.0565653 1.94796 3.96999</i>
                        <i>0.997989 2.76167e-009 -0.0633885 0.0122286 0.981215 0.192527 0.0621977 -0.192915 0.979242 -0.0544048 1.92412 4.20724</i>
                        <i>0.998842 -1.44873e-008 -0.0481083 0.00978909 0.979079 0.203245 0.0471019 -0.20348 0.977945 -0.0404349 1.91077 4.44663</i>
                        <i>0.999772 -2.56734e-009 -0.0213767 0.00466295 0.975919 0.218083 0.0208619 -0.218133 0.975696 -0.0177608 1.915 4.67786</i>
                        <i>0.999989 1.68547e-008 0.00467661 -0.00117068 0.968162 0.250323 -0.00452775 -0.250326 0.968151 0.00388276 1.95576 4.90065</i>
                        <i>0.999674 -3.0555e-008 0.0255231 -0.00733802 0.957779 0.287411 -0.0244456 -0.287505 0.957467 0.02138 2.01478 5.11586</i>
                        <i>0.999144 -1.12946e-008 0.0413612 -0.012338 0.954472 0.298044 -0.0394781 -0.298299 0.953656 0.0353387 2.05373 5.32196</i>
                        <i>0.998436 -6.88174e-008 0.0559118 -0.0149464 0.963607 0.266903 -0.053877 -0.267321 0.9621 0.0489394 2.04597 5.52406</i>
                        <i>0.99761 2.62908e-008 0.0691036 -0.0149441 0.976337 0.215739 -0.0674684 -0.216257 0.974003 0.0612156 2.00424 5.73662</i>
                        <i>0.996991 4.30791e-009 0.0775181 -0.0144501 0.982472 0.185849 -0.0761594 -0.18641 0.979516 0.0681666 1.96048 5.96601</i>
                        <i>0.996663 -1.74788e-009 0.0816247 -0.0156767 0.981384 0.191417 -0.0801052 -0.192058 0.978109 0.0703377 1.9338 6.20625</i>
                        <i>0.996997 -5.433e-008 0.0774368 -0.0167423 0.976348 0.215557 -0.0756053 -0.216206 0.973416 0.0655177 1.9245 6.44392</i>
                        <i>0.99825 -3.44119e-008 0.0591425 -0.0145662 0.969196 0.245858 -0.0573207 -0.246289 0.9675 0.0497213 1.93825 6.67059</i>
                        <i>0.999449 3.13158e-008 0.0331826 -0.00919972 0.960799 0.277093 -0.0318818 -0.277245 0.96027 0.0280017 1.97643 6.88879</i>
                        <i>0.99998 1.94668e-009 0.00636326 -0.00192597 0.953096 0.302662 -0.00606477 -0.302668 0.953077 0.00541222 2.02234 7.10403</i>
                        <i>0.99986 -1.6917e-008 -0.0167569 0.00504578 0.953587 0.301075 0.0159791 -0.301117 0.953453 -0.0143769 2.04518 7.31908</i>
                        <i>0.999374 -2.07436e-008 -0.0353725 0.00927733 0.964993 0.262112 0.0341342 -0.262276 0.964389 -0.0305377 2.0264 7.53652</i>
                        <i>0.998856 1.4804e-008 -0.0478236 0.00983212 0.978638 0.205357 0.046802 -0.205592 0.977518 -0.0414283 1.98162 7.75638</i>
                        <i>0.998686 4.3362e-009 -0.0512489 0.0082065 0.987096 0.159919 0.0505876 -0.16013 0.985799 -0.0443059 1.93305 7.98064</i>
                        <i>0.999161 -2.45321e-008 -0.0409625 0.006764 0.986272 0.164988 0.0404002 -0.165126 0.985445 -0.0348962 1.91952 8.21521</i>
                        <i>0.999807 -1.5907e-008 -0.0196502 0.00407852 0.978223 0.207517 0.0192223 -0.207557 0.978034 -0.0164966 1.9394 8.44941</i>
                        <i>0.999999 1.13426e-008 0.00173627 -0.000432147 0.968533 0.248883 -0.00168165 -0.248884 0.968532 0.00144805 1.96946 8.67714</i>
                    </KeyFrames>
                </p>
            </i>
            <i>
                <p>
                    <Name><![CDATA[l_clav]]></Name>
                    <Exclude>0</Exclude>
                    <Additive>0</Additive>
                    <IKPriority>0</IKPriority>
                    <IKRotLimits>-1e+010 -1e+010 -1e+010 1e+010 1e+010 1e+010</IKRotLimits>
                    <IKRotLimitOrder>0</IKRotLimitOrder>
                    <KeyFrames count="37">
                        <i>0.709575 0.703575 -0.0385428 -0.371753 0.420268 0.827753 0.598585 -0.573024 0.559767 0.0819049 1.55491 0.41308</i>
                        <i>0.689243 0.71903 -0.0891044 -0.335451 0.425698 0.840389 0.642197 -0.549342 0.534609 0.0997973 1.5784 0.62433</i>
                        <i>0.66052 0.740319 -0.125059 -0.311946 0.422109 0.851184 0.682936 -0.523212 0.509752 0.114812 1.60208 0.834506</i>
                        <i>0.633405 0.758049 -0.155435 -0.289436 0.418374 0.860924 0.717652 -0.500325 0.484407 0.126931 1.6148 1.04568</i>
                        <i>0.614813 0.768826 -0.175817 -0.271573 0.415673 0.868023 0.740442 -0.485925 0.464353 0.135294 1.60191 1.26055</i>
                        <i>0.61195 0.768468 -0.187015 -0.258859 0.418046 0.870764 0.747335 -0.484454 0.454748 0.139421 1.56802 1.4812</i>
                        <i>0.632956 0.74655 -0.205011 -0.229375 0.433755 0.871346 0.739428 -0.504499 0.445788 0.140862 1.52976 1.70969</i>
                        <i>0.670181 0.707479 -0.224343 -0.188316 0.454467 0.87063 0.71791 -0.541233 0.437805 0.139201 1.52227 1.94421</i>
                        <i>0.707583 0.668153 -0.229997 -0.161361 0.469665 0.867973 0.68796 -0.57705 0.440141 0.132518 1.51448 2.1796</i>
                        <i>0.735776 0.645478 -0.20492 -0.177949 0.476226 0.861129 0.653428 -0.597133 0.465258 0.1192 1.51727 2.41129</i>
                        <i>0.749101 0.645996 -0.146756 -0.245287 0.476264 0.844397 0.615372 -0.596542 0.515224 0.101349 1.54217 2.63698</i>
                        <i>0.747656 0.659566 -0.0773525 -0.332461 0.472583 0.816171 0.574874 -0.584499 0.572609 0.083355 1.57704 2.85835</i>
                        <i>0.732389 0.680754 -0.0133983 -0.418126 0.465198 0.780232 0.537379 -0.565831 0.625347 0.0669124 1.59788 3.07742</i>
                        <i>0.710314 0.703179 0.0315252 -0.483429 0.454801 0.747966 0.511616 -0.546531 0.662988 0.0530095 1.5879 3.29647</i>
                        <i>0.69317 0.719229 0.0471566 -0.511106 0.444349 0.735748 0.508217 -0.534101 0.675612 0.0428006 1.55987 3.51768</i>
                        <i>0.690219 0.722844 0.0330676 -0.49017 0.433453 0.756209 0.532288 -0.538159 0.653494 0.0367309 1.51947 3.74409</i>
                        <i>0.696412 0.717602 -0.00761812 -0.428213 0.42404 0.798013 0.575886 -0.552483 0.602593 0.0365507 1.50662 3.97346</i>
                        <i>0.701683 0.70855 -0.0748221 -0.339458 0.424791 0.839238 0.626426 -0.56348 0.538591 0.0444868 1.5044 4.2003</i>
                        <i>0.695257 0.701149 -0.158138 -0.250837 0.442872 0.860782 0.673571 -0.558798 0.483784 0.0593753 1.5145 4.42016</i>
                        <i>0.671177 0.702957 -0.235314 -0.199555 0.477052 0.85592 0.713933 -0.527515 0.460465 0.0747535 1.55389 4.63094</i>
                        <i>0.635692 0.7209 -0.27604 -0.200607 0.499582 0.842719 0.745421 -0.480334 0.462198 0.0882873 1.60666 4.8366</i>
                        <i>0.600999 0.750768 -0.27413 -0.237699 0.495362 0.835533 0.763085 -0.436994 0.476169 0.100096 1.63627 5.0437</i>
                        <i>0.578493 0.781886 -0.232381 -0.285971 0.461216 0.839941 0.763916 -0.419445 0.490407 0.111768 1.61891 5.25908</i>
                        <i>0.573437 0.80421 -0.156255 -0.330647 0.401694 0.853999 0.749562 -0.438049 0.496256 0.122282 1.57374 5.4873</i>
                        <i>0.588766 0.804045 -0.08286 -0.357901 0.351236 0.865182 0.724749 -0.479734 0.494564 0.128893 1.53353 5.72301</i>
                        <i>0.631167 0.773672 -0.0553125 -0.347928 0.346134 0.871285 0.693234 -0.530682 0.487651 0.131559 1.51269 5.95837</i>
                        <i>0.687142 0.722504 -0.0763101 -0.312267 0.388545 0.866904 0.655992 -0.571857 0.492599 0.128571 1.50593 6.18813</i>
                        <i>0.738031 0.663307 -0.123828 -0.27848 0.466572 0.8395 0.614621 -0.585094 0.529062 0.117596 1.51593 6.4102</i>
                        <i>0.778837 0.605381 -0.164096 -0.258949 0.548627 0.794955 0.571278 -0.576648 0.584054 0.101602 1.54712 6.62722</i>
                        <i>0.804317 0.569861 -0.16832 -0.269329 0.602137 0.751594 0.529656 -0.559186 0.637789 0.0840182 1.5869 6.84367</i>
                        <i>0.804182 0.583069 -0.115424 -0.329194 0.598597 0.730283 0.494898 -0.549284 0.673323 0.067796 1.60599 7.06507</i>
                        <i>0.775201 0.631475 -0.017363 -0.420351 0.536152 0.732015 0.471559 -0.560161 0.681067 0.0544006 1.5869 7.29472</i>
