<?xml version="1.0" encoding="ISO-8859-1" ?>
<Animl Version="1">
    <ModellingPackage><![CDATA[Maya.2010]]></ModellingPackage>
    <SrcFile><![CDATA[anims\characters\shared\base_soldier\~src\infantry\russian_prisoner_idle.mb]]></SrcFile>
    <FramesPerSecond>24</FramesPerSecond>
    <TotalFrames>91</TotalFrames>
    <Skeleton>
        <RefFrame>
            <Name><![CDATA[soldier_ref_frame]]></Name>
            <Exclude>0</Exclude>
            <Additive>0</Additive>
            <IKPriority>0</IKPriority>
            <IKRotLimits>-1e+010 -1e+010 -1e+010 1e+010 1e+010 1e+010</IKRotLimits>
            <IKRotLimitOrder>0</IKRotLimitOrder>
            <KeyFrames count="91">
                <i>1 0 0 0 1 0 0 0 1 0 0 0</i>
                <i>1 0 0 0 1 0 0 0 1 0 0 0</i>
                <i>1 0 0 0 1 0 0 0 1 0 0 0</i>
                <i>1 0 0 0 1 0 0 0 1 0 0 0</i>
                <i>1 0 0 0 1 0 0 0 1 0 0 0</i>
                <i>1 0 0 0 1 0 0 0 1 0 0 0</i>
                <i>1 0 0 0 1 0 0 0 1 0 0 0</i>
                <i>1 0 0 0 1 0 0 0 1 0 0 0</i>
                <i>1 0 0 0 1 0 0 0 1 0 0 0</i>
                <i>1 0 0 0 1 0 0 0 1 0 0 0</i>
                <i>1 0 0 0 1 0 0 0 1 0 0 0</i>
                <i>1 0 0 0 1 0 0 0 1 0 0 0</i>
                <i>1 0 0 0 1 0 0 0 1 0 0 0</i>
                <i>1 0 0 0 1 0 0 0 1 0 0 0</i>
                <i>1 0 0 0 1 0 0 0 1 0 0 0</i>
                <i>1 0 0 0 1 0 0 0 1 0 0 0</i>
                <i>1 0 0 0 1 0 0 0 1 0 0 0</i>
                <i>1 0 0 0 1 0 0 0 1 0 0 0</i>
                <i>1 0 0 0 1 0 0 0 1 0 0 0</i>
                <i>1 0 0 0 1 0 0 0 1 0 0 0</i>
                <i>1 0 0 0 1 0 0 0 1 0 0 0</i>
                <i>1 0 0 0 1 0 0 0 1 0 0 0</i>
                <i>1 0 0 0 1 0 0 0 1 0 0 0</i>
                <i>1 0 0 0 1 0 0 0 1 0 0 0</i>
                <i>1 0 0 0 1 0 0 0 1 0 0 0</i>
                <i>1 0 0 0 1 0 0 0 1 0 0 0</i>
                <i>1 0 0 0 1 0 0 0 1 0 0 0</i>
                <i>1 0 0 0 1 0 0 0 1 0 0 0</i>
                <i>1 0 0 0 1 0 0 0 1 0 0 0</i>
                <i>1 0 0 0 1 0 0 0 1 0 0 0</i>
                <i>1 0 0 0 1 0 0 0 1 0 0 0</i>
                <i>1 0 0 0 1 0 0 0 1 0 0 0</i>
                <i>1 0 0 0 1 0 0 0 1 0 0 0</i>
                <i>1 0 0 0 1 0 0 0 1 0 0 0</i>
                <i>1 0 0 0 1 0 0 0 1 0 0 0</i>
                <i>1 0 0 0 1 0 0 0 1 0 0 0</i>
                <i>1 0 0 0 1 0 0 0 1 0 0 0</i>
                <i>1 0 0 0 1 0 0 0 1 0 0 0</i>
                <i>1 0 0 0 1 0 0 0 1 0 0 0</i>
                <i>1 0 0 0 1 0 0 0 1 0 0 0</i>
                <i>1 0 0 0 1 0 0 0 1 0 0 0</i>
                <i>1 0 0 0 1 0 0 0 1 0 0 0</i>
                <i>1 0 0 0 1 0 0 0 1 0 0 0</i>
                <i>1 0 0 0 1 0 0 0 1 0 0 0</i>
                <i>1 0 0 0 1 0 0 0 1 0 0 0</i>
                <i>1 0 0 0 1 0 0 0 1 0 0 0</i>
                <i>1 0 0 0 1 0 0 0 1 0 0 0</i>
                <i>1 0 0 0 1 0 0 0 1 0 0 0</i>
                <i>1 0 0 0 1 0 0 0 1 0 0 0</i>
                <i>1 0 0 0 1 0 0 0 1 0 0 0</i>
                <i>1 0 0 0 1 0 0 0 1 0 0 0</i>
                <i>1 0 0 0 1 0 0 0 1 0 0 0</i>
                <i>1 0 0 0 1 0 0 0 1 0 0 0</i>
                <i>1 0 0 0 1 0 0 0 1 0 0 0</i>
                <i>1 0 0 0 1 0 0 0 1 0 0 0</i>
                <i>1 0 0 0 1 0 0 0 1 0 0 0</i>
                <i>1 0 0 0 1 0 0 0 1 0 0 0</i>
                <i>1 0 0 0 1 0 0 0 1 0 0 0</i>
                <i>1 0 0 0 1 0 0 0 1 0 0 0</i>
                <i>1 0 0 0 1 0 0 0 1 0 0 0</i>
                <i>1 0 0 0 1 0 0 0 1 0 0 0</i>
                <i>1 0 0 0 1 0 0 0 1 0 0 0</i>
                <i>1 0 0 0 1 0 0 0 1 0 0 0</i>
                <i>1 0 0 0 1 0 0 0 1 0 0 0</i>
                <i>1 0 0 0 1 0 0 0 1 0 0 0</i>
                <i>1 0 0 0 1 0 0 0 1 0 0 0</i>
                <i>1 0 0 0 1 0 0 0 1 0 0 0</i>
                <i>1 0 0 0 1 0 0 0 1 0 0 0</i>
                <i>1 0 0 0 1 0 0 0 1 0 0 0</i>
                <i>1 0 0 0 1 0 0 0 1 0 0 0</i>
                <i>1 0 0 0 1 0 0 0 1 0 0 0</i>
                <i>1 0 0 0 1 0 0 0 1 0 0 0</i>
                <i>1 0 0 0 1 0 0 0 1 0 0 0</i>
                <i>1 0 0 0 1 0 0 0 1 0 0 0</i>
                <i>1 0 0 0 1 0 0 0 1 0 0 0</i>
                <i>1 0 0 0 1 0 0 0 1 0 0 0</i>
                <i>1 0 0 0 1 0 0 0 1 0 0 0</i>
                <i>1 0 0 0 1 0 0 0 1 0 0 0</i>
                <i>1 0 0 0 1 0 0 0 1 0 0 0</i>
                <i>1 0 0 0 1 0 0 0 1 0 0 0</i>
                <i>1 0 0 0 1 0 0 0 1 0 0 0</i>
                <i>1 0 0 0 1 0 0 0 1 0 0 0</i>
                <i>1 0 0 0 1 0 0 0 1 0 0 0</i>
                <i>1 0 0 0 1 0 0 0 1 0 0 0</i>
                <i>1 0 0 0 1 0 0 0 1 0 0 0</i>
                <i>1 0 0 0 1 0 0 0 1 0 0 0</i>
                <i>1 0 0 0 1 0 0 0 1 0 0 0</i>
                <i>1 0 0 0 1 0 0 0 1 0 0 0</i>
                <i>1 0 0 0 1 0 0 0 1 0 0 0</i>
                <i>1 0 0 0 1 0 0 0 1 0 0 0</i>
                <i>1 0 0 0 1 0 0 0 1 0 0 0</i>
            </KeyFrames>
        </RefFrame>
        <Bones count="23">
            <i>
                <p>
                    <Name><![CDATA[pelvis]]></Name>
                    <Exclude>0</Exclude>
                    <Additive>0</Additive>
                    <IKPriority>0</IKPriority>
                    <IKRotLimits>-1e+010 -1e+010 -1e+010 1e+010 1e+010 1e+010</IKRotLimits>
                    <IKRotLimitOrder>2</IKRotLimitOrder>
                    <KeyFrames count="91">
                        <i>1 0 0 0 1 0 0 0 1 0.02 1.13 -1.31927e-017</i>
                        <i>1 0 0 0 1 0 0 0 1 0.02 1.12972 -1.31927e-017</i>
                        <i>1 0 0 0 1 0 0 0 1 0.02 1.12927 -1.29163e-017</i>
                        <i>1 0 0 0 1 0 0 0 1 0.02 1.12877 -1.26399e-017</i>
                        <i>1 0 0 0 1 0 0 0 1 0.02 1.12823 -1.18857e-017</i>
                        <i>1 0 0 0 1 0 0 0 1 0.02 1.12768 -1.16093e-017</i>
                        <i>1 0 0 0 1 0 0 0 1 0.02 1.12712 -1.10565e-017</i>
                        <i>1 0 0 0 1 0 0 0 1 0.02 1.12655 -1.05037e-017</i>
                        <i>1 0 0 0 1 0 0 0 1 0.02 1.12597 -1.02273e-017</i>
                        <i>1 0 0 0 1 0 0 0 1 0.02 1.1254 -9.67444e-018</i>
                        <i>1 0 0 0 1 0 0 0 1 0.02 1.12482 -9.39802e-018</i>
                        <i>1 0 0 0 1 0 0 0 1 0.02 1.12425 -8.8452e-018</i>
                        <i>1 0 0 0 1 0 0 0 1 0.02 1.12368 -8.29237e-018</i>
                        <i>1 0 0 0 1 0 0 0 1 0.02 1.12311 -8.01596e-018</i>
                        <i>1 0 0 0 1 0 0 0 1 0.02 1.12256 -7.73955e-018</i>
                        <i>1 0 0 0 1 0 0 0 1 0.02 1.12201 -7.18672e-018</i>
                        <i>1 0 0 0 1 0 0 0 1 0.02 1.12149 -6.91031e-018</i>
                        <i>1 0 0 0 1 0 0 0 1 0.02 1.12099 -6.6339e-018</i>
                        <i>1 0 0 0 1 0 0 0 1 0.02 1.12053 -6.35749e-018</i>
                        <i>1 0 0 0 1 0 0 0 1 0.02 1.12015 -6.08107e-018</i>
                        <i>1 0 0 0 1 0 0 0 1 0.02 1.12 -5.80466e-018</i>
                        <i>1 0 0 0 1 0 0 0 1 0.02 1.12069 -5.80466e-018</i>
                        <i>1 0 0 0 1 0 0 0 1 0.02 1.12168 -5.80466e-018</i>
                        <i>1 0 0 0 1 0 0 0 1 0.02 1.12276 -5.80466e-018</i>
                        <i>1 0 0 0 1 0 0 0 1 0.02 1.12388 -6.08107e-018</i>
                        <i>1 0 0 0 1 0 0 0 1 0.02 1.12503 -6.35749e-018</i>
                        <i>1 0 0 0 1 0 0 0 1 0.02 1.1262 -6.6339e-018</i>
                        <i>1 0 0 0 1 0 0 0 1 0.02 1.12737 -6.91031e-018</i>
                        <i>1 0 0 0 1 0 0 0 1 0.02 1.12855 -7.18672e-018</i>
                        <i>1 0 0 0 1 0 0 0 1 0.02 1.12972 -7.73955e-018</i>
                        <i>1 0 0 0 1 0 0 0 1 0.02 1.13089 -8.29237e-018</i>
                        <i>1 0 0 0 1 0 0 0 1 0.02 1.13205 -8.56879e-018</i>
                        <i>1 0 0 0 1 0 0 0 1 0.02 1.13319 -9.12161e-018</i>
                        <i>1 0 0 0 1 0 0 0 1 0.02 1.13432 -9.67444e-018</i>
                        <i>1 0 0 0 1 0 0 0 1 0.02 1.13542 -1.02273e-017</i>
                        <i>1 0 0 0 1 0 0 0 1 0.02 1.13648 -1.07801e-017</i>
                        <i>1 0 0 0 1 0 0 0 1 0.02 1.1375 -1.13329e-017</i>
                        <i>1 0 0 0 1 0 0 0 1 0.02 1.13844 -1.18857e-017</i>
                        <i>1 0 0 0 1 0 0 0 1 0.02 1.13928 -1.26399e-017</i>
                        <i>1 0 0 0 1 0 0 0 1 0.02 1.13993 -1.29163e-017</i>
                        <i>1 0 0 0 1 0 0 0 1 0.02 1.14 -1.31927e-017</i>
                        <i>1 0 0 0 1 0 0 0 1 0.02 1.13696 -1.1331e-017</i>
                        <i>1 0 0 0 1 0 0 0 1 0.02 1.13319 -9.60852e-018</i>
                        <i>1 0 0 0 1 0 0 0 1 0.02 1.12916 -8.00462e-018</i>
                        <i>1 0 0 0 1 0 0 0 1 0.02 1.12489 -6.6179e-018</i>
                        <i>1 0 0 0 1 0 0 0 1 0.02 1.12 -6.05924e-018</i>
                        <i>1 0 0 0 1 0 0 0 1 0.02 1.12212 -6.34814e-018</i>
                        <i>1 0 0 0 1 0 0 0 1 0.02 1.12424 -7.77591e-018</i>
                        <i>1 0 0 0 1 0 0 0 1 0.02 1.12636 -9.44733e-018</i>
                        <i>1 0 0 0 1 0 0 0 1 0.02 1.12849 -1.1452e-017</i>
                        <i>1 0 0 0 1 0 0 0 1 0.02 1.13061 -1.3306e-017</i>
                        <i>1 0 0 0 1 0 0 0 1 0.02 1.13199 -1.38543e-017</i>
                        <i>1 0 0 0 1 0 0 0 1 0.02 1.13295 -1.44025e-017</i>
                        <i>1 0 0 0 1 0 0 0 1 0.02 1.13377 -1.49507e-017</i>
                        <i>1 0 0 0 1 0 0 0 1 0.02 1.13452 -1.49507e-017</i>
                        <i>1 0 0 0 1 0 0 0 1 0.02 1.13521 -1.5499e-017</i>
                        <i>1 0 0 0 1 0 0 0 1 0.02 1.13586 -1.60472e-017</i>
                        <i>1 0 0 0 1 0 0 0 1 0.02 1.13647 -1.65955e-017</i>
                        <i>1 0 0 0 1 0 0 0 1 0.02 1.13706 -1.65955e-017</i>
                        <i>1 0 0 0 1 0 0 0 1 0.02 1.13761 -1.71437e-017</i>
                        <i>1 0 0 0 1 0 0 0 1 0.02 1.13814 -1.7692e-017</i>
                        <i>1 0 0 0 1 0 0 0 1 0.02 1.13864 -1.7692e-017</i>
                        <i>1 0 0 0 1 0 0 0 1 0.02 1.1391 -1.82402e-017</i>
                        <i>1 0 0 0 1 0 0 0 1 0.02 1.13952 -1.82402e-017</i>
                        <i>1 0 0 0 1 0 0 0 1 0.02 1.13986 -1.82402e-017</i>
                        <i>1 0 0 0 1 0 0 0 1 0.02 1.14 -1.7692e-017</i>
                        <i>1 0 0 0 1 0 0 0 1 0.02 1.13958 -1.7692e-017</i>
                        <i>1 0 0 0 1 0 0 0 1 0.02 1.13905 -1.71437e-017</i>
                        <i>1 0 0 0 1 0 0 0 1 0.02 1.13848 -1.71437e-017</i>
                        <i>1 0 0 0 1 0 0 0 1 0.02 1.13788 -1.65955e-017</i>
                        <i>1 0 0 0 1 0 0 0 1 0.02 1.13726 -1.65955e-017</i>
                        <i>1 0 0 0 1 0 0 0 1 0.02 1.13663 -1.60472e-017</i>
                        <i>1 0 0 0 1 0 0 0 1 0.02 1.13599 -1.60472e-017</i>
                        <i>1 0 0 0 1 0 0 0 1 0.02 1.13533 -1.5499e-017</i>
                        <i>1 0 0 0 1 0 0 0 1 0.02 1.13466 -1.5499e-017</i>
                        <i>1 0 0 0 1 0 0 0 1 0.02 1.13397 -1.49507e-017</i>
                        <i>1 0 0 0 1 0 0 0 1 0.02 1.13327 -1.49507e-017</i>
                        <i>1 0 0 0 1 0 0 0 1 0.02 1.13254 -1.44025e-017</i>
                        <i>1 0 0 0 1 0 0 0 1 0.02 1.13179 -1.38543e-017</i>
                        <i>1 0 0 0 1 0 0 0 1 0.02 1.13098 -1.38543e-017</i>
                        <i>1 0 0 0 1 0 0 0 1 0.02 1.13 -1.3306e-017</i>
                        <i>1 0 0 0 1 0 0 0 1 0.02 1.1252 -1.1455e-017</i>
                        <i>1 0 0 0 1 0 0 0 1 0.02 1.11928 -9.45383e-018</i>
                        <i>1 0 0 0 1 0 0 0 1 0.02 1.11305 -7.78998e-018</i>
                        <i>1 0 0 0 1 0 0 0 1 0.02 1.10664 -6.35687e-018</i>
                        <i>1 0 0 0 1 0 0 0 1 0.02 1.1 -5.79576e-018</i>
                        <i>1 0 0 0 1 0 0 0 1 0.02 1.10722 -6.6103e-018</i>
                        <i>1 0 0 0 1 0 0 0 1 0.02 1.11374 -7.72023e-018</i>
                        <i>1 0 0 0 1 0 0 0 1 0.02 1.11992 -9.38367e-018</i>
                        <i>1 0 0 0 1 0 0 0 1 0.02 1.12567 -1.14837e-017</i>
                        <i>1 0 0 0 1 0 0 0 1 0.02 1.13 -1.31927e-017</i>
                    </KeyFrames>
                </p>
            </i>
            <i>
                <p>
                    <Name><![CDATA[spine0]]></Name>
                    <Exclude>0</Exclude>
                    <Additive>0</Additive>
                    <IKPriority>0</IKPriority>
                    <IKRotLimits>-1e+010 -1e+010 -1e+010 1e+010 1e+010 1e+010</IKRotLimits>
                    <IKRotLimitOrder>0</IKRotLimitOrder>
                    <KeyFrames count="91">
                        <i>-0.0140438 0.999841 0.0109901 -0.99569 -0.0129761 -0.0918311 -0.0916739 -0.0122324 0.995714 0.0232181 1.26941 -0.0353463</i>
                        <i>-0.0143128 0.999864 0.00819102 -0.995679 -0.0135002 -0.0918783 -0.0917552 -0.00947066 0.995737 0.0232176 1.26914 -0.0353402</i>
                        <i>-0.0146579 0.999886 0.00358367 -0.995664 -0.0142666 -0.0919211 -0.0918595 -0.0049155 0.99576 0.0232398 1.26863 -0.035584</i>
                        <i>-0.0149999 0.999886 -0.00144336 -0.995649 -0.0150691 -0.0919546 -0.0919659 5.77725e-005 0.995762 0.0232701 1.26804 -0.0359175</i>
                        <i>-0.0153227 0.999861 -0.00655888 -0.995635 -0.0158613 -0.091978 -0.0920692 0.0051209 0.995739 0.0233047 1.2674 -0.0362968</i>
                        <i>-0.0156173 0.999811 -0.0115973 -0.995621 -0.0166189 -0.0919911 -0.0921665 0.0101098 0.995692 0.0233415 1.26674 -0.0367017</i>
                        <i>-0.0158756 0.999739 -0.0164388 -0.995609 -0.0173227 -0.0919939 -0.0922546 0.0149061 0.995624 0.0233797 1.26607 -0.0371212</i>
                        <i>-0.0160883 0.999651 -0.0209686 -0.995598 -0.0179526 -0.091986 -0.0923304 0.0193965 0.995539 0.0234186 1.26538 -0.0375478</i>
                        <i>-0.0162423 0.999554 -0.0250495 -0.995591 -0.0184826 -0.0919671 -0.0923891 0.0234453 0.995447 0.0234576 1.26469 -0.0379763</i>
                        <i>-0.0163174 0.999461 -0.0284845 -0.995586 -0.0188743 -0.0919359 -0.092424 0.0268587 0.995357 0.0234964 1.26399 -0.0384027</i>
                        <i>-0.0162775 0.999389 -0.0309376 -0.995587 -0.0190602 -0.09189 -0.0924235 0.0293053 0.995288 0.0235347 1.2633 -0.0388235</i>
                        <i>-0.0161324 0.999345 -0.0323789 -0.995592 -0.0190472 -0.0918323 -0.0923889 0.0307547 0.995248 0.0235722 1.26261 -0.0392357</i>
                        <i>-0.015967 0.999328 -0.0329963 -0.9956 -0.0189376 -0.0917706 -0.0923338 0.0313858 0.995233 0.0236087 1.26192 -0.0396364</i>
                        <i>-0.015861 0.999357 -0.0321502 -0.995609 -0.0187518 -0.0917074 -0.0922513 0.0305545 0.995267 0.0236439 1.26125 -0.0400227</i>
                        <i>-0.0157459 0.999402 -0.0307865 -0.99562 -0.0185095 -0.0916446 -0.0921596 0.0292086 0.995316 0.0236775 1.26058 -0.0403918</i>
                        <i>-0.0156146 0.999454 -0.029105 -0.995631 -0.0182219 -0.0915835 -0.0920639 0.0275478 0.995372 0.0237092 1.25994 -0.0407403</i>
                        <i>-0.0154682 0.999511 -0.0271762 -0.995642 -0.0178969 -0.0915253 -0.0919669 0.025642 0.995432 0.0237388 1.25931 -0.0410646</i>
                        <i>-0.0153091 0.999569 -0.0250394 -0.995653 -0.0175405 -0.0914709 -0.0918707 0.0235302 0.995493 0.0237657 1.25873 -0.0413604</i>
                        <i>-0.0151394 0.999627 -0.0227206 -0.995665 -0.0171573 -0.0914209 -0.0917767 0.0212381 0.995553 0.0237896 1.25819 -0.0416228</i>
                        <i>-0.0149612 0.999683 -0.0202399 -0.995676 -0.0167513 -0.0913763 -0.0916864 0.0187852 0.995611 0.0238098 1.25774 -0.0418454</i>
                        <i>-0.0147764 0.999736 -0.0176165 -0.995686 -0.0163261 -0.091338 -0.0916014 0.0161909 0.995664 0.0238258 1.25753 -0.0420202</i>
                        <i>-0.0145858 0.999783 -0.0148823 -0.995696 -0.0158853 -0.0913068 -0.0915234 0.0134865 0.995712 0.0238364 1.25819 -0.0421365</i>
                        <i>-0.0143819 0.999823 -0.0121634 -0.995705 -0.0154332 -0.0912842 -0.0914557 0.0107983 0.995751 0.0238403 1.25917 -0.0421796</i>
                        <i>-0.0141456 0.999852 -0.00974188 -0.995713 -0.0149764 -0.0912729 -0.0914053 0.00840901 0.995778 0.0238348 1.26026 -0.0421196</i>
                        <i>-0.0139191 0.999876 -0.00729651 -0.99572 -0.0145273 -0.091272 -0.0913667 0.00599486 0.995799 0.0238203 1.26144 -0.0419604</i>
                        <i>-0.0137377 0.999893 -0.00502776 -0.995725 -0.0141394 -0.0912804 -0.0913417 0.00375228 0.995813 0.0237989 1.26266 -0.0417251</i>
                        <i>-0.0136813 0.9999 -0.00356349 -0.995726 -0.0139495 -0.0913024 -0.091343 0.00229913 0.995817 0.0237719 1.26392 -0.041429</i>
                        <i>-0.0136603 0.999904 -0.00223599 -0.995725 -0.0138074 -0.0913307 -0.0913528 0.00097883 0.995818 0.0237405 1.26519 -0.0410837</i>
                        <i>-0.0136555 0.999906 -0.000916938 -0.995724 -0.0136822 -0.0913632 -0.0913672 -0.000334598 0.995817 0.0237054 1.26648 -0.0406977</i>
                        <i>-0.0136625 0.999907 0.000412732 -0.995722 -0.0135676 -0.0913989 -0.0913847 -0.00165971 0.995814 0.0236671 1.26778 -0.040278</i>
                        <i>-0.013679 0.999905 0.00175606 -0.99572 -0.0134612 -0.091437 -0.0914047 -0.00299931 0.995809 0.0236264 1.26908 -0.0398302</i>
                        <i>-0.0137037 0.999901 0.0031109 -0.995718 -0.0133618 -0.091477 -0.0914264 -0.00435115 0.995802 0.0235835 1.27038 -0.0393595</i>
                        <i>-0.0137356 0.999896 0.00447264 -0.995715 -0.0132688 -0.0915186 -0.0914497 -0.00571054 0.995793 0.023539 1.27166 -0.0388704</i>
                        <i>-0.0137743 0.999888 0.0058348 -0.995712 -0.0131825 -0.0915612 -0.091474 -0.00707097 0.995782 0.0234932 1.27293 -0.0383676</i>
                        <i>-0.0138192 0.999879 0.00718893 -0.995709 -0.013103 -0.0916044 -0.0914991 -0.00842398 0.99577 0.0234466 1.27417 -0.037856</i>
                        <i>-0.0138703 0.999867 0.00852359 -0.995706 -0.0130313 -0.0916479 -0.0915247 -0.00975818 0.995755 0.0233998 1.27537 -0.0373412</i>
                        <i>-0.0139276 0.999855 0.00982241 -0.995703 -0.012969 -0.0916912 -0.0915505 -0.0110572 0.995739 0.0233533 1.27652 -0.0368307</i>
                        <i>-0.0139913 0.999841 0.0110595 -0.9957 -0.0129187 -0.0917336 -0.0915761 -0.0122954 0.995722 0.0233082 1.2776 -0.0363355</i>
                        <i>-0.0140626 0.999827 0.0121879 -0.995696 -0.0128858 -0.0917739 -0.0916009 -0.013426 0.995705 0.0232662 1.27856 -0.0358744</i>
                        <i>-0.0141444 0.999814 0.0130985 -0.995693 -0.0128834 -0.0918095 -0.0916237 -0.0143407 0.99569 0.0232312 1.27931 -0.0354897</i>
                        <i>-0.0142554 0.99981 0.0133099 -0.99569 -0.0129742 -0.0918309 -0.0916408 -0.0145616 0.995686 0.0232181 1.27941 -0.0353463</i>
                        <i>-0.0135541 0.999872 0.00854512 -0.995536 -0.0126961 -0.0935215 -0.093401 -0.00977458 0.995581 0.0235497 1.276 -0.0367797</i>
                        <i>-0.0109299 0.999936 0.00274883 -0.99511 -0.0106072 -0.0981969 -0.0981615 -0.00380867 0.995163 0.024257 1.27175 -0.0384469</i>
                        <i>-0.00653634 0.999975 -0.00261613 -0.994436 -0.00677516 -0.105122 -0.105137 0.00191445 0.994456 0.025224 1.26727 -0.0399185</i>
                        <i>-0.000781438 0.999977 -0.0068077 -0.993529 -0.00154954 -0.113565 -0.113573 0.0066749 0.993507 0.0263472 1.26263 -0.0410133</i>
                        <i>0.00561794 0.999945 -0.00886732 -0.99242 0.00448661 -0.12281 -0.122763 0.00949004 0.992391 0.0274967 1.25757 -0.0414167</i>
                        <i>0.0115922 0.999901 -0.00793182 -0.991176 0.0104429 -0.132142 -0.132046 0.00939365 0.991199 0.0285174 1.25984 -0.0407293</i>
                        <i>0.0163691 0.999852 -0.00530658 -0.989921 0.0154593 -0.140777 -0.140674 0.00755748 0.990027 0.0293557 1.26229 -0.0394087</i>
                        <i>0.0195043 0.999808 -0.00197179 -0.988811 0.018998 -0.147958 -0.147892 0.00483554 0.988992 0.029955 1.26482 -0.0377658</i>
                        <i>0.0207947 0.999783 0.00141568 -0.988017 0.0207666 -0.152939 -0.152935 0.00178161 0.988235 0.0302527 1.2674 -0.0359722</i>
                        <i>0.0203801 0.999783 0.00426394 -0.987707 0.0207947 -0.154929 -0.154985 -0.00105404 0.987916 0.0302137 1.26994 -0.0343228</i>
                        <i>0.0199531 0.999785 0.00562185 -0.987698 0.0205836 -0.155014 -0.155096 -0.00245969 0.987896 0.0301198 1.27148 -0.0336823</i>
                        <i>0.0196694 0.999784 0.00668346 -0.98769 0.0204682 -0.155076 -0.15518 -0.00355093 0.98788 0.0300453 1.27257 -0.0331749</i>
                        <i>0.0194392 0.999782 0.00764566 -0.987683 0.0203903 -0.155132 -0.155254 -0.00453585 0.987864 0.0299768 1.27351 -0.0327092</i>
                        <i>0.0192396 0.999778 0.00855332 -0.987676 0.0203343 -0.155183 -0.155322 -0.00546225 0.987849 0.0299119 1.27436 -0.0322677</i>
                        <i>0.0190604 0.999774 0.0094261 -0.98767 0.0202932 -0.155231 -0.155387 -0.00635111 0.987833 0.0298495 1.27515 -0.0318437</i>
                        <i>0.0188959 0.999769 0.0102748 -0.987663 0.0202629 -0.155276 -0.155449 -0.00721401 0.987818 0.0297891 1.2759 -0.0314339</i>
                        <i>0.0187425 0.999763 0.0111064 -0.987657 0.020241 -0.15532 -0.155508 -0.00805823 0.987802 0.0297306 1.27661 -0.0310369</i>
                        <i>0.0185979 0.999756 0.0119252 -0.987651 0.0202259 -0.155361 -0.155565 -0.00888854 0.987786 0.0296739 1.27728 -0.0306527</i>
                        <i>0.0184604 0.999749 0.0127337 -0.987645 0.0202162 -0.155401 -0.155619 -0.00970757 0.987769 0.0296193 1.27792 -0.0302827</i>
                        <i>0.0183291 0.99974 0.013531 -0.987639 0.020211 -0.155438 -0.155671 -0.0105148 0.987753 0.0295672 1.27853 -0.0299305</i>
                        <i>0.0182047 0.999732 0.0143074 -0.987634 0.0202093 -0.155472 -0.155719 -0.0113001 0.987737 0.0295194 1.2791 -0.0296068</i>
                        <i>0.0180997 0.999724 0.0149816 -0.98763 0.0202109 -0.155496 -0.155756 -0.0119819 0.987723 0.0294839 1.27961 -0.0293669</i>
                        <i>0.0180709 0.999721 0.0152037 -0.987631 0.020217 -0.155488 -0.155752 -0.0122058 0.987721 0.0294939 1.28001 -0.0294347</i>
                        <i>0.0180547 0.999719 0.0153498 -0.987633 0.0202235 -0.155471 -0.155738 -0.012353 0.987721 0.0295172 1.28032 -0.0295919</i>
                        <i>0.0180334 0.999717 0.0155216 -0.987636 0.020229 -0.155451 -0.155721 -0.0125264 0.987722 0.0295451 1.28042 -0.0297811</i>
                        <i>0.0180102 0.999714 0.0157107 -0.98764 0.0202353 -0.155429 -0.155702 -0.0127172 0.987722 0.0295759 1.27996 -0.0299894</i>
                        <i>0.0179876 0.999712 0.0159086 -0.987643 0.0202434 -0.155405 -0.155682 -0.0129166 0.987723 0.0296088 1.27937 -0.0302116</i>
                        <i>0.0179675 0.999709 0.0161077 -0.987647 0.0202543 -0.155379 -0.15566 -0.013117 0.987724 0.0296432 1.27875 -0.0304451</i>
                        <i>0.0179517 0.999706 0.0163017 -0.987651 0.0202685 -0.155353 -0.155637 -0.0133116 0.987725 0.0296792 1.27809 -0.0306884</i>
                        <i>0.0179418 0.999703 0.0164843 -0.987655 0.0202868 -0.155324 -0.155613 -0.013494 0.987726 0.0297164 1.27742 -0.0309408</i>
                        <i>0.0179396 0.9997 0.0166495 -0.987659 0.0203099 -0.155295 -0.155587 -0.0136581 0.987728 0.0297549 1.27673 -0.031202</i>
                        <i>0.017947 0.999698 0.0167904 -0.987664 0.0203387 -0.155264 -0.155559 -0.0137967 0.98773 0.0297947 1.27602 -0.0314721</i>
                        <i>0.0179663 0.999696 0.0168992 -0.987668 0.0203743 -0.155231 -0.155528 -0.0139019 0.987734 0.0298359 1.2753 -0.0317517</i>
                        <i>0.0180006 0.999694 0.0169663 -0.987673 0.020418 -0.155197 -0.155496 -0.0139635 0.987738 0.0298786 1.27456 -0.0320416</i>
                        <i>0.0180538 0.999693 0.0169784 -0.987677 0.020472 -0.15516 -0.15546 -0.013968 0.987743 0.029923 1.2738 -0.0323435</i>
                        <i>0.0181319 0.999692 0.0169167 -0.987682 0.020539 -0.155121 -0.155421 -0.0138957 0.987751 0.0299696 1.27302 -0.03266</i>
                        <i>0.0182445 0.999693 0.0167512 -0.987687 0.0206239 -0.155079 -0.155377 -0.0137156 0.98776 0.0300189 1.27221 -0.0329956</i>
                        <i>0.0184086 0.999696 0.0164273 -0.987692 0.020735 -0.155031 -0.155325 -0.0133712 0.987773 0.0300723 1.27136 -0.0333589</i>
                        <i>0.0186629 0.999701 0.0158221 -0.987697 0.0208916 -0.154975 -0.155259 -0.0127351 0.987792 0.0301327 1.27045 -0.0337703</i>
                        <i>0.0191557 0.999712 0.0144539 -0.987704 0.0211651 -0.154895 -0.155156 -0.0113091 0.987825 0.0302137 1.26933 -0.0343228</i>
                        <i>0.0207207 0.999768 0.00581191 -0.98792 0.0213674 -0.153482 -0.153571 -0.00256144 0.988134 0.0302871 1.26411 -0.0359613</i>
                        <i>0.0208108 0.999773 -0.00458471 -0.988488 0.019888 -0.14999 -0.149864 0.00765333 0.988677 0.0301178 1.25772 -0.0377664</i>
                        <i>0.0189383 0.999718 -0.0143301 -0.989319 0.0166656 -0.144808 -0.144529 0.0169195 0.989356 0.0297247 1.25107 -0.039414</i>
                        <i>0.0151331 0.999643 -0.0220386 -0.990319 0.0119431 -0.138292 -0.137979 0.023918 0.990146 0.0291307 1.24431 -0.0407333</i>
                        <i>0.0095858 0.999627 -0.025559 -0.991387 0.00616186 -0.130821 -0.130615 0.0265929 0.991076 0.0283376 1.23752 -0.041412</i>
                        <i>0.00302906 0.99972 -0.0234848 -0.992429 0.000121768 -0.12282 -0.122783 0.023679 0.992151 0.0273373 1.24492 -0.0409961</i>
                        <i>-0.00338227 0.999851 -0.0169276 -0.993396 -0.00530089 -0.114616 -0.114689 0.0164281 0.993266 0.0262316 1.25182 -0.0399009</i>
                        <i>-0.00871949 0.999931 -0.00782132 -0.994265 -0.00950324 -0.106517 -0.106584 0.0068477 0.99428 0.0251032 1.25845 -0.0384403</i>
                        <i>-0.0124341 0.99992 0.00246748 -0.995031 -0.0121294 -0.0988259 -0.098788 -0.00368403 0.995102 0.0240276 1.26469 -0.0367896</i>
                        <i>-0.0140438 0.999841 0.0109901 -0.99569 -0.0129761 -0.0918311 -0.0916739 -0.0122324 0.995714 0.0232181 1.26941 -0.0353463</i>
                    </KeyFrames>
                </p>
            </i>
            <i>
                <p>
                    <Name><![CDATA[spine1]]></Name>
                    <Exclude>0</Exclude>
                    <Additive>0</Additive>
                    <IKPriority>0</IKPriority>
                    <IKRotLimits>-1e+010 -1e+010 -1e+010 1e+010 1e+010 1e+010</IKRotLimits>
                    <IKRotLimitOrder>0</IKRotLimitOrder>
                    <KeyFrames count="91">
                        <i>-0.0122135 0.999446 0.0309585 -0.999723 -0.0128286 0.0197484 0.0201346 -0.0307087 0.999326 0.0208393 1.43869 -0.0334722</i>
                        <i>-0.0120311 0.999579 0.0264157 -0.999726 -0.0125552 0.0197628 0.0200861 -0.0261707 0.999456 0.0207918 1.43851 -0.0339398</i>
                        <i>-0.0119745 0.999685 0.0220581 -0.999728 -0.0124108 0.019749 0.0200165 -0.0218156 0.999562 0.0207534 1.43816 -0.0349645</i>
                        <i>-0.0119516 0.999769 0.0178846 -0.99973 -0.0123039 0.0197183 0.0199337 -0.0176441 0.999646 0.0207234 1.43773 -0.0361516</i>
                        <i>-0.0119395 0.999833 0.0138707 -0.999732 -0.0122113 0.0196745 0.0198406 -0.013632 0.99971 0.0207007 1.43726 -0.0374011</i>
                        <i>-0.0119272 0.999879 0.0100164 -0.999734 -0.012122 0.0196212 0.0197403 -0.00977969 0.999757 0.020685 1.43676 -0.038665</i>
                        <i>-0.0119072 0.999909 0.00634011 -0.999736 -0.0120292 0.0195626 0.0196371 -0.0061055 0.999789 0.0206768 1.43624 -0.0399113</i>
                        <i>-0.0118735 0.999925 0.00287946 -0.999739 -0.0119275 0.0195037 0.0195366 -0.00264713 0.999806 0.0206771 1.43569 -0.0411131</i>
                        <i>-0.0118196 0.99993 -0.000300508 -0.999741 -0.0118115 0.0194515 0.0194466 0.000530337 0.999811 0.0206877 1.43512 -0.0422412</i>
                        <i>-0.0117371 0.999926 -0.00308711 -0.999743 -0.011675 0.0194155 0.019378 0.0033142 0.999807 0.0207118 1.43453 -0.0432574</i>
                        <i>-0.0116137 0.999919 -0.00526654 -0.999745 -0.0115095 0.019411 0.0193488 0.00549063 0.999798 0.0207554 1.43391 -0.0441002</i>
                        <i>-0.0114683 0.999912 -0.00667216 -0.999747 -0.0113367 0.0194382 0.0193609 0.00689339 0.999789 0.0208167 1.43328 -0.044761</i>
                        <i>-0.0114208 0.999913 -0.00653531 -0.999747 -0.0112916 0.0194705 0.019395 0.00675602 0.999789 0.0208807 1.43264 -0.0452691</i>
                        <i>-0.0117284 0.999929 -0.00218307 -0.999742 -0.0116837 0.0194782 0.0194513 0.00241096 0.999808 0.0209334 1.432 -0.0455122</i>
                        <i>-0.0120946 0.999922 0.00308961 -0.999736 -0.0121526 0.0194884 0.0195245 -0.00285309 0.999805 0.0209863 1.43137 -0.0456493</i>
                        <i>-0.0124673 0.999885 0.0086621 -0.99973 -0.0126343 0.0195042 0.0196114 -0.0084166 0.999772 0.0210401 1.43076 -0.0457111</i>
                        <i>-0.0128328 0.999815 0.014345 -0.999723 -0.0131118 0.0195248 0.0197092 -0.0140905 0.999706 0.0210945 1.43016 -0.0457062</i>
                        <i>-0.0131844 0.999712 0.0200309 -0.999717 -0.0135761 0.0195491 0.0198155 -0.0197675 0.999608 0.0211485 1.42959 -0.0456371</i>
                        <i>-0.0135168 0.99958 0.0256366 -0.99971 -0.0140206 0.0195762 0.0199274 -0.0253646 0.99948 0.0212014 1.42906 -0.0455031</i>
                        <i>-0.0138248 0.999421 0.0310811 -0.999704 -0.0144384 0.0196049 0.0200423 -0.0308009 0.999325 0.0212522 1.42861 -0.0453014</i>
                        <i>-0.0141014 0.999243 0.0362668 -0.999697 -0.0148205 0.0196342 0.0201568 -0.0359789 0.999149 0.0213 1.4284 -0.0450274</i>
                        <i>-0.014335 0.999055 0.0410423 -0.999692 -0.0151519 0.0196636 0.0202669 -0.0407478 0.998964 0.0213435 1.42904 -0.0446758</i>
                        <i>-0.0144894 0.998883 0.0449858 -0.999688 -0.0153881 0.0196946 0.0203648 -0.0446864 0.998793 0.0213829 1.42998 -0.0442536</i>
                        <i>-0.0144833 0.998782 0.0471594 -0.999686 -0.0154281 0.0197321 0.0204357 -0.0468589 0.998692 0.0214186 1.43102 -0.0437789</i>
                        <i>-0.0144098 0.998718 0.048531 -0.999686 -0.0153843 0.0197659 0.0204871 -0.048231 0.998626 0.0214439 1.43212 -0.043201</i>
                        <i>-0.0143117 0.998681 0.049314 -0.999687 -0.0153033 0.0197885 0.0205171 -0.0490154 0.998587 0.0214545 1.43326 -0.0425774</i>
                        <i>-0.0142358 0.99868 0.0493537 -0.999688 -0.015228 0.0197872 0.0205126 -0.0490566 0.998585 0.0214382 1.43443 -0.0420308</i>
                        <i>-0.0141494 0.998697 0.0490366 -0.99969 -0.0151347 0.0197802 0.0204966 -0.0487415 0.998601 0.0214115 1.43563 -0.0414584</i>
                        <i>-0.0140493 0.998725 0.0484806 -0.999692 -0.0150227 0.0197714 0.0204745 -0.0481879 0.998628 0.0213783 1.43683 -0.0408469</i>
                        <i>-0.0139376 0.998763 0.0477403 -0.999694 -0.0148952 0.0197618 0.0204485 -0.0474502 0.998664 0.0213401 1.43804 -0.0402001</i>
                        <i>-0.0138165 0.998806 0.0468552 -0.999696 -0.0147554 0.019752 0.0204198 -0.046568 0.998706 0.0212978 1.43924 -0.0395232</i>
                        <i>-0.0136885 0.998854 0.0458577 -0.999698 -0.0146064 0.0197424 0.0203896 -0.0455737 0.998753 0.0212521 1.44043 -0.0388216</i>
                        <i>-0.0135559 0.998905 0.0447771 -0.999701 -0.0144513 0.0197332 0.0203587 -0.0444962 0.998802 0.0212035 1.44161 -0.0381008</i>
                        <i>-0.0134213 0.998957 0.0436419 -0.999703 -0.0142931 0.0197246 0.0203278 -0.0433642 0.998853 0.0211525 1.44277 -0.0373665</i>
                        <i>-0.0132876 0.999009 0.0424826 -0.999706 -0.0141353 0.0197166 0.0202976 -0.0422081 0.998903 0.0210997 1.44391 -0.0366249</i>
                        <i>-0.0131585 0.999059 0.0413355 -0.999708 -0.0139825 0.0197092 0.0202686 -0.0410641 0.998951 0.0210455 1.445 -0.0358838</i>
                        <i>-0.0130388 0.999105 0.0402481 -0.99971 -0.0138404 0.019702 0.0202414 -0.0399796 0.998995 0.0209907 1.44605 -0.0351534</i>
                        <i>-0.0129363 0.999144 0.0392913 -0.999712 -0.0137181 0.0196943 0.0202165 -0.0390252 0.999034 0.0209362 1.44702 -0.0344489</i>
                        <i>-0.0128645 0.999172 0.0385881 -0.999713 -0.0136317 0.0196849 0.0201946 -0.0383238 0.999061 0.0208835 1.44789 -0.0337973</i>
                        <i>-0.0128539 0.999179 0.0384114 -0.999714 -0.013617 0.0196704 0.0201773 -0.0381476 0.999068 0.0208357 1.44855 -0.0332589</i>
                        <i>-0.0130269 0.999123 0.0398028 -0.999712 -0.0138169 0.019637 0.0201697 -0.0395355 0.999015 0.0208045 1.44861 -0.03308</i>
                        <i>-0.0147662 0.998624 0.0503241 -0.999829 -0.0153062 0.0103625 0.0111185 -0.0501625 0.998679 0.0212517 1.44544 -0.0353192</i>
                        <i>-0.0173775 0.99797 0.0612706 -0.999758 -0.0165181 -0.0145038 -0.0134623 -0.0615079 0.998016 0.0224003 1.44152 -0.0379696</i>
                        <i>-0.0203156 0.997342 0.0699695 -0.998561 -0.0167664 -0.0509438 -0.0496353 -0.0709038 0.996247 0.0241112 1.43738 -0.0403551</i>
                        <i>-0.0231491 0.996912 0.0750339 -0.995353 -0.0159658 -0.0949564 -0.0934652 -0.0768834 0.99265 0.0262133 1.43302 -0.0421665</i>
                        <i>-0.0252068 0.996971 0.0735741 -0.98968 -0.0145017 -0.142563 -0.141064 -0.0764084 0.987047 0.028454 1.4281 -0.0429231</i>
                        <i>-0.025472 0.997814 0.0609795 -0.981716 -0.0134571 -0.189877 -0.188642 -0.0647011 0.979912 0.0304925 1.43028 -0.0420749</i>
                        <i>-0.0241909 0.998842 0.0415836 -0.972359 -0.013846 -0.233079 -0.232233 -0.0460726 0.971568 0.0321417 1.43253 -0.0403047</i>
                        <i>-0.0216759 0.999589 0.0187396 -0.963169 -0.0158537 -0.268431 -0.268023 -0.0238679 0.963117 0.0332705 1.43484 -0.0380923</i>
                        <i>-0.0181807 0.999819 -0.00567296 -0.956132 -0.0190449 -0.292317 -0.292372 0.000109568 0.956304 0.0337834 1.43723 -0.0357218</i>
                        <i>-0.0146409 0.999529 -0.0269617 -0.953311 -0.0220881 -0.301181 -0.301634 0.0212933 0.953186 0.0336711 1.43963 -0.0335883</i>
                        <i>-0.0138649 0.999396 -0.0318641 -0.953256 -0.0228313 -0.301301 -0.301847 0.0261972 0.952996 0.0335034 1.44112 -0.0327174</i>
                        <i>-0.0133316 0.999288 -0.0352945 -0.953208 -0.0233625 -0.30141 -0.30202 0.0296247 0.952841 0.0333799 1.44216 -0.0320298</i>
                        <i>-0.0128867 0.999187 -0.0381955 -0.953163 -0.0238191 -0.301518 -0.302183 0.0325209 0.952695 0.0332716 1.44306 -0.031401</i>
                        <i>-0.012498 0.99909 -0.0407673 -0.953118 -0.0242306 -0.301627 -0.30234 0.0350863 0.952554 0.0331721 1.44387 -0.0308057</i>
                        <i>-0.0121529 0.998997 -0.04309 -0.953074 -0.0246091 -0.301736 -0.302494 0.037401 0.952417 0.0330786 1.44463 -0.0302338</i>
                        <i>-0.0118457 0.998908 -0.0452006 -0.95303 -0.0249602 -0.301846 -0.302644 0.039502 0.952285 0.0329898 1.44535 -0.0296802</i>
                        <i>-0.0115745 0.998822 -0.0471146 -0.952986 -0.0252867 -0.301956 -0.302792 0.0414046 0.952157 0.0329046 1.44602 -0.0291425</i>
                        <i>-0.0113397 0.998743 -0.0488331 -0.952943 -0.0255892 -0.302067 -0.302937 0.0431098 0.952035 0.0328229 1.44667 -0.0286197</i>
                        <i>-0.0111443 0.99867 -0.0503432 -0.9529 -0.0258664 -0.302178 -0.303078 0.0446045 0.951921 0.0327444 1.44728 -0.0281128</i>
                        <i>-0.0109943 0.998607 -0.0516131 -0.952859 -0.0261144 -0.302288 -0.303214 0.0458566 0.951818 0.0326696 1.44785 -0.0276258</i>
                        <i>-0.0109029 0.998558 -0.0525686 -0.95282 -0.0263228 -0.302393 -0.30334 0.0467915 0.951733 0.0326002 1.44839 -0.0271708</i>
                        <i>-0.0109211 0.998541 -0.052888 -0.95279 -0.0264414 -0.302476 -0.303433 0.0470878 0.951688 0.0325465 1.44889 -0.026817</i>
                        <i>-0.0112364 0.998617 -0.0513528 -0.952797 -0.026275 -0.30247 -0.303401 0.0455301 0.951775 0.0325516 1.44929 -0.0268471</i>
                        <i>-0.0116959 0.998729 -0.0490244 -0.952813 -0.0260041 -0.302441 -0.303331 0.0431738 0.951907 0.0325722 1.4496 -0.0269797</i>
                        <i>-0.0122612 0.998858 -0.0461752 -0.952833 -0.0256759 -0.302407 -0.303247 0.0402894 0.95206 0.0325966 1.4497 -0.0271397</i>
                        <i>-0.0128972 0.998993 -0.0429787 -0.952854 -0.0253102 -0.302371 -0.303154 0.0370527 0.952221 0.0326234 1.44923 -0.027316</i>
                        <i>-0.0135855 0.999126 -0.0395239 -0.952876 -0.0249165 -0.302334 -0.303055 0.033554 0.952382 0.0326525 1.44865 -0.0275047</i>
                        <i>-0.0143144 0.999254 -0.0358657 -0.952899 -0.0245005 -0.302296 -0.302949 0.0298493 0.952539 0.0326836 1.44803 -0.0277044</i>
                        <i>-0.0150757 0.999373 -0.0320411 -0.952923 -0.0240657 -0.302257 -0.302838 0.025976 0.952688 0.0327169 1.44738 -0.0279148</i>
                        <i>-0.0158636 0.99948 -0.0280765 -0.952947 -0.0236146 -0.302217 -0.302723 0.0219611 0.952826 0.0327526 1.44671 -0.0281363</i>
                        <i>-0.0166734 0.999573 -0.0239913 -0.952971 -0.0231487 -0.302176 -0.302602 0.0178247 0.95295 0.0327908 1.44602 -0.0283694</i>
                        <i>-0.0175014 0.999651 -0.0198004 -0.952996 -0.0226691 -0.302134 -0.302477 0.0135819 0.95306 0.032832 1.44532 -0.0286156</i>
                        <i>-0.0183445 0.999711 -0.0155155 -0.953021 -0.0221761 -0.302091 -0.302348 0.0092449 0.953153 0.0328767 1.44461 -0.0288766</i>
                        <i>-0.0191996 0.999754 -0.0111457 -0.953047 -0.0216699 -0.302046 -0.302213 0.0048232 0.953228 0.0329254 1.44388 -0.029155</i>
                        <i>-0.0200638 0.999776 -0.00669799 -0.953074 -0.0211497 -0.301999 -0.302073 0.000324445 0.953285 0.0329792 1.44314 -0.0294547</i>
                        <i>-0.0209338 0.999779 -0.00217768 -0.953101 -0.0206141 -0.30195 -0.301928 -0.00424542 0.953321 0.0330393 1.44238 -0.0297815</i>
                        <i>-0.0218056 0.999759 0.00241221 -0.953129 -0.0200601 -0.301898 -0.301777 -0.0088822 0.953337 0.0331081 1.44159 -0.0301449</i>
                        <i>-0.0226728 0.999718 0.00707256 -0.953159 -0.0194815 -0.30184 -0.301617 -0.0135848 0.953332 0.0331899 1.44077 -0.0305627</i>
                        <i>-0.0235238 0.999653 0.0118175 -0.953193 -0.0188631 -0.301774 -0.301446 -0.0183632 0.953306 0.0332941 1.4399 -0.0310763</i>
                        <i>-0.0243343 0.999563 0.0168145 -0.953237 -0.0181317 -0.30168 -0.301243 -0.0233694 0.953261 0.0334599 1.43885 -0.0318602</i>
                        <i>-0.0236643 0.999528 0.0196171 -0.955867 -0.016874 -0.293313 -0.292844 -0.0256924 0.955815 0.0338039 1.43387 -0.0349641</i>
                        <i>-0.022555 0.999515 0.02146 -0.962392 -0.0158945 -0.271201 -0.270728 -0.0267698 0.962284 0.0336556 1.42774 -0.0385373</i>
                        <i>-0.0217405 0.999488 0.023466 -0.970993 -0.0155188 -0.238604 -0.238118 -0.0279727 0.970833 0.0329487 1.42132 -0.041847</i>
                        <i>-0.0214052 0.999428 0.02619 -0.979955 -0.0157841 -0.198591 -0.198064 -0.0299159 0.979732 0.0317096 1.41473 -0.044484</i>
                        <i>-0.0214805 0.99932 0.02996 -0.987891 -0.0166101 -0.154259 -0.153657 -0.0329108 0.987576 0.0299715 1.40799 -0.0457647</i>
