<?xml version="1.0" encoding="ISO-8859-1" ?>
<Animl Version="1">
    <ModellingPackage><![CDATA[Maya.2010]]></ModellingPackage>
    <SrcFile><![CDATA[anims\characters\shared\base_soldier\~src\infantry\russian_prisoner_help01.mb]]></SrcFile>
    <FramesPerSecond>24</FramesPerSecond>
    <TotalFrames>49</TotalFrames>
    <Skeleton>
        <RefFrame>
            <Name><![CDATA[soldier_ref_frame]]></Name>
            <Exclude>0</Exclude>
            <Additive>0</Additive>
            <IKPriority>0</IKPriority>
            <IKRotLimits>-1e+010 -1e+010 -1e+010 1e+010 1e+010 1e+010</IKRotLimits>
            <IKRotLimitOrder>0</IKRotLimitOrder>
            <KeyFrames count="49">
                <i>1 0 0 0 1 0 0 0 1 0 0 0</i>
                <i>1 0 0 0 1 0 0 0 1 0 0 0</i>
                <i>1 0 0 0 1 0 0 0 1 0 0 0</i>
                <i>1 0 0 0 1 0 0 0 1 0 0 0</i>
                <i>1 0 0 0 1 0 0 0 1 0 0 0</i>
                <i>1 0 0 0 1 0 0 0 1 0 0 0</i>
                <i>1 0 0 0 1 0 0 0 1 0 0 0</i>
                <i>1 0 0 0 1 0 0 0 1 0 0 0</i>
                <i>1 0 0 0 1 0 0 0 1 0 0 0</i>
                <i>1 0 0 0 1 0 0 0 1 0 0 0</i>
                <i>1 0 0 0 1 0 0 0 1 0 0 0</i>
                <i>1 0 0 0 1 0 0 0 1 0 0 0</i>
                <i>1 0 0 0 1 0 0 0 1 0 0 0</i>
                <i>1 0 0 0 1 0 0 0 1 0 0 0</i>
                <i>1 0 0 0 1 0 0 0 1 0 0 0</i>
                <i>1 0 0 0 1 0 0 0 1 0 0 0</i>
                <i>1 0 0 0 1 0 0 0 1 0 0 0</i>
                <i>1 0 0 0 1 0 0 0 1 0 0 0</i>
                <i>1 0 0 0 1 0 0 0 1 0 0 0</i>
                <i>1 0 0 0 1 0 0 0 1 0 0 0</i>
                <i>1 0 0 0 1 0 0 0 1 0 0 0</i>
                <i>1 0 0 0 1 0 0 0 1 0 0 0</i>
                <i>1 0 0 0 1 0 0 0 1 0 0 0</i>
                <i>1 0 0 0 1 0 0 0 1 0 0 0</i>
                <i>1 0 0 0 1 0 0 0 1 0 0 0</i>
                <i>1 0 0 0 1 0 0 0 1 0 0 0</i>
                <i>1 0 0 0 1 0 0 0 1 0 0 0</i>
                <i>1 0 0 0 1 0 0 0 1 0 0 0</i>
                <i>1 0 0 0 1 0 0 0 1 0 0 0</i>
                <i>1 0 0 0 1 0 0 0 1 0 0 0</i>
                <i>1 0 0 0 1 0 0 0 1 0 0 0</i>
                <i>1 0 0 0 1 0 0 0 1 0 0 0</i>
                <i>1 0 0 0 1 0 0 0 1 0 0 0</i>
                <i>1 0 0 0 1 0 0 0 1 0 0 0</i>
                <i>1 0 0 0 1 0 0 0 1 0 0 0</i>
                <i>1 0 0 0 1 0 0 0 1 0 0 0</i>
                <i>1 0 0 0 1 0 0 0 1 0 0 0</i>
                <i>1 0 0 0 1 0 0 0 1 0 0 0</i>
                <i>1 0 0 0 1 0 0 0 1 0 0 0</i>
                <i>1 0 0 0 1 0 0 0 1 0 0 0</i>
                <i>1 0 0 0 1 0 0 0 1 0 0 0</i>
                <i>1 0 0 0 1 0 0 0 1 0 0 0</i>
                <i>1 0 0 0 1 0 0 0 1 0 0 0</i>
                <i>1 0 0 0 1 0 0 0 1 0 0 0</i>
                <i>1 0 0 0 1 0 0 0 1 0 0 0</i>
                <i>1 0 0 0 1 0 0 0 1 0 0 0</i>
                <i>1 0 0 0 1 0 0 0 1 0 0 0</i>
                <i>1 0 0 0 1 0 0 0 1 0 0 0</i>
                <i>1 0 0 0 1 0 0 0 1 0 0 0</i>
            </KeyFrames>
        </RefFrame>
        <Bones count="23">
            <i>
                <p>
                    <Name><![CDATA[pelvis]]></Name>
                    <Exclude>0</Exclude>
                    <Additive>0</Additive>
                    <IKPriority>0</IKPriority>
                    <IKRotLimits>-1e+010 -1e+010 -1e+010 1e+010 1e+010 1e+010</IKRotLimits>
                    <IKRotLimitOrder>2</IKRotLimitOrder>
                    <KeyFrames count="49">
                        <i>1 0 0 0 1 0 0 0 1 0.02 1.15 0</i>
                        <i>1 0 0 0 1 0 0 0 1 0.02 1.14922 -1.77636e-017</i>
                        <i>1 0 0 0 1 0 0 0 1 0.02 1.14925 -1.77636e-017</i>
                        <i>1 0 0 0 1 0 0 0 1 0.02 1.14994 0</i>
                        <i>1 0 0 0 1 0 0 0 1 0.02 1.15113 0</i>
                        <i>1 0 0 0 1 0 0 0 1 0.02 1.15267 0</i>
                        <i>1 0 0 0 1 0 0 0 1 0.02 1.15439 1.77636e-017</i>
                        <i>1 0 0 0 1 0 0 0 1 0.02 1.15615 -1.77636e-017</i>
                        <i>1 0 0 0 1 0 0 0 1 0.02 1.15779 0</i>
                        <i>1 0 0 0 1 0 0 0 1 0.02 1.15915 0</i>
                        <i>1 0 0 0 1 0 0 0 1 0.02 1.16007 0</i>
                        <i>1 0 0 0 1 0 0 0 1 0.02 1.16041 -1.77636e-017</i>
                        <i>1 0 0 0 1 0 0 0 1 0.02 1.16 0</i>
                        <i>1 0 0 0 1 0 0 0 1 0.02 1.15863 -1.77636e-017</i>
                        <i>1 0 0 0 1 0 0 0 1 0.02 1.15635 0</i>
                        <i>1 0 0 0 1 0 0 0 1 0.02 1.15336 0</i>
                        <i>1 0 0 0 1 0 0 0 1 0.02 1.14987 0</i>
                        <i>1 0 0 0 1 0 0 0 1 0.02 1.14611 0</i>
                        <i>1 0 0 0 1 0 0 0 1 0.02 1.14229 0</i>
                        <i>1 0 0 0 1 0 0 0 1 0.02 1.13861 -1.77636e-017</i>
                        <i>1 0 0 0 1 0 0 0 1 0.02 1.1353 0</i>
                        <i>1 0 0 0 1 0 0 0 1 0.02 1.13257 0</i>
                        <i>1 0 0 0 1 0 0 0 1 0.02 1.13064 0</i>
                        <i>1 0 0 0 1 0 0 0 1 0.02 1.12971 -1.77636e-017</i>
                        <i>1 0 0 0 1 0 0 0 1 0.02 1.13 0</i>
                        <i>1 0 0 0 1 0 0 0 1 0.02 1.13188 -1.77636e-017</i>
                        <i>1 0 0 0 1 0 0 0 1 0.02 1.13524 0</i>
                        <i>1 0 0 0 1 0 0 0 1 0.02 1.13957 -1.77636e-017</i>
                        <i>1 0 0 0 1 0 0 0 1 0.02 1.14436 -1.77636e-017</i>
                        <i>1 0 0 0 1 0 0 0 1 0.02 1.14909 -1.77636e-017</i>
                        <i>1 0 0 0 1 0 0 0 1 0.02 1.15325 -1.77636e-017</i>
                        <i>1 0 0 0 1 0 0 0 1 0.02 1.15635 -1.77636e-017</i>
                        <i>1 0 0 0 1 0 0 0 1 0.02 1.15786 -1.77636e-017</i>
                        <i>1 0 0 0 1 0 0 0 1 0.02 1.15833 0</i>
                        <i>1 0 0 0 1 0 0 0 1 0.02 1.15864 -1.77636e-017</i>
                        <i>1 0 0 0 1 0 0 0 1 0.02 1.1588 0</i>
                        <i>1 0 0 0 1 0 0 0 1 0.02 1.15882 0</i>
                        <i>1 0 0 0 1 0 0 0 1 0.02 1.1587 -1.77636e-017</i>
                        <i>1 0 0 0 1 0 0 0 1 0.02 1.15844 0</i>
                        <i>1 0 0 0 1 0 0 0 1 0.02 1.15806 -1.77636e-017</i>
                        <i>1 0 0 0 1 0 0 0 1 0.02 1.15756 -1.77636e-017</i>
                        <i>1 0 0 0 1 0 0 0 1 0.02 1.15695 -1.77636e-017</i>
                        <i>1 0 0 0 1 0 0 0 1 0.02 1.15623 -1.77636e-017</i>
                        <i>1 0 0 0 1 0 0 0 1 0.02 1.15541 0</i>
                        <i>1 0 0 0 1 0 0 0 1 0.02 1.15449 -1.77636e-017</i>
                        <i>1 0 0 0 1 0 0 0 1 0.02 1.15349 0</i>
                        <i>1 0 0 0 1 0 0 0 1 0.02 1.1524 -1.77636e-017</i>
                        <i>1 0 0 0 1 0 0 0 1 0.02 1.15124 -1.77636e-017</i>
                        <i>1 0 0 0 1 0 0 0 1 0.02 1.15 0</i>
                    </KeyFrames>
                </p>
            </i>
            <i>
                <p>
                    <Name><![CDATA[spine0]]></Name>
                    <Exclude>0</Exclude>
                    <Additive>0</Additive>
                    <IKPriority>0</IKPriority>
                    <IKRotLimits>-1e+010 -1e+010 -1e+010 1e+010 1e+010 1e+010</IKRotLimits>
                    <IKRotLimitOrder>0</IKRotLimitOrder>
                    <KeyFrames count="49">
                        <i>-0.00376034 0.997724 -0.06733 -0.995773 -0.00991515 -0.0913134 -0.0917731 0.066702 0.993543 0.0235294 1.2885 -0.0387646</i>
                        <i>-0.00396946 0.997781 -0.0664695 -0.995769 -0.0100465 -0.0913438 -0.0918089 0.0658257 0.993599 0.0235019 1.2878 -0.038463</i>
                        <i>-0.00407206 0.997838 -0.0655885 -0.995767 -0.010069 -0.0913635 -0.0918265 0.0649388 0.993655 0.0234792 1.2879 -0.0382135</i>
                        <i>-0.00408329 0.997895 -0.0647158 -0.995766 -0.0100004 -0.0913734 -0.0918283 0.0640687 0.993712 0.0234609 1.28865 -0.0380127</i>
                        <i>-0.00401824 0.997949 -0.0638801 -0.995768 -0.00985847 -0.0913746 -0.091817 0.0632426 0.993766 0.0234467 1.28988 -0.0378571</i>
                        <i>-0.00389094 0.997999 -0.0631018 -0.99577 -0.00965932 -0.0913685 -0.0917952 0.0624794 0.993816 0.0234364 1.29145 -0.0377431</i>
                        <i>-0.00371395 0.998045 -0.0623901 -0.995774 -0.00941638 -0.0913562 -0.0917651 0.0617871 0.993862 0.0234295 1.29319 -0.0376674</i>
                        <i>-0.00350018 0.998085 -0.0617568 -0.995778 -0.00914373 -0.0913392 -0.091729 0.0611764 0.993903 0.0234257 1.29496 -0.0376262</i>
                        <i>-0.00326261 0.998119 -0.0612141 -0.995782 -0.00885551 -0.0913189 -0.0916892 0.060658 0.993938 0.0234248 1.2966 -0.037616</i>
                        <i>-0.00301423 0.998147 -0.0607744 -0.995787 -0.00856591 -0.0912967 -0.0916481 0.0602432 0.993967 0.0234264 1.29796 -0.0376333</i>
                        <i>-0.00276812 0.998167 -0.0604502 -0.995791 -0.0082892 -0.0912741 -0.091608 0.0599432 0.993989 0.0234301 1.29887 -0.0376745</i>
                        <i>-0.00253735 0.99818 -0.0602543 -0.995795 -0.00803967 -0.0912525 -0.0915708 0.0597694 0.994003 0.0234357 1.29919 -0.0377361</i>
                        <i>-0.00233505 0.998184 -0.0601994 -0.995799 -0.00783164 -0.0912331 -0.0915388 0.0597335 0.994008 0.0234428 1.29876 -0.0378144</i>
                        <i>-0.00214631 0.998188 -0.0601272 -0.995802 -0.00763558 -0.091214 -0.0915079 0.0596791 0.994014 0.0234512 1.29737 -0.0379059</i>
                        <i>-0.00195192 0.998203 -0.0598922 -0.995806 -0.00741883 -0.0911932 -0.0914737 0.059463 0.994031 0.0234604 1.29506 -0.038007</i>
                        <i>-0.00175854 0.998225 -0.0595262 -0.995809 -0.00719104 -0.0911717 -0.0914379 0.0591165 0.994054 0.0234701 1.29203 -0.0381142</i>
                        <i>-0.00157283 0.998253 -0.0590612 -0.995813 -0.00696184 -0.0911502 -0.0914022 0.0586705 0.994084 0.0234801 1.28852 -0.0382239</i>
                        <i>-0.00140146 0.998285 -0.0585289 -0.995816 -0.00674088 -0.0911298 -0.091368 0.0581563 0.994118 0.02349 1.28473 -0.0383325</i>
                        <i>-0.00125111 0.998318 -0.0579614 -0.995819 -0.00653781 -0.0911111 -0.0913368 0.0576051 0.994153 0.0234995 1.28087 -0.0384366</i>
                        <i>-0.00112847 0.998351 -0.0573905 -0.995822 -0.00636224 -0.0910949 -0.0913098 0.057048 0.994187 0.0235082 1.27717 -0.0385324</i>
                        <i>-0.00104022 0.998382 -0.0568482 -0.995824 -0.00622379 -0.0910819 -0.0912884 0.0565161 0.994219 0.0235159 1.27384 -0.0386165</i>
                        <i>-0.000993045 0.99841 -0.0563662 -0.995825 -0.00613208 -0.0910728 -0.0912736 0.0560405 0.994248 0.0235221 1.27109 -0.0386853</i>
                        <i>-0.000993612 0.998432 -0.0559763 -0.995826 -0.0060967 -0.0910683 -0.0912667 0.0556522 0.99427 0.0235267 1.26914 -0.0387353</i>
                        <i>-0.00104859 0.998446 -0.0557103 -0.995826 -0.00612722 -0.0910691 -0.0912689 0.0553822 0.994285 0.0235292 1.2682 -0.0387629</i>
                        <i>-0.00116464 0.998452 -0.0555996 -0.995824 -0.0062332 -0.0910758 -0.0912815 0.0552614 0.994291 0.0235294 1.2685 -0.0387646</i>
                        <i>-0.00156923 0.998379 -0.0568898 -0.995818 -0.00675698 -0.0911124 -0.0913491 0.0565088 0.994214 0.0235244 1.2704 -0.0387102</i>
                        <i>-0.00228555 0.998213 -0.0597161 -0.995804 -0.00773482 -0.091182 -0.0914809 0.0592572 0.994042 0.0235146 1.27379 -0.0386027</i>
                        <i>-0.00301478 0.998044 -0.0624481 -0.99579 -0.00871777 -0.0912537 -0.0916196 0.0619101 0.993868 0.0235043 1.27814 -0.038489</i>
                        <i>-0.00346089 0.997978 -0.0634691 -0.995781 -0.0092594 -0.0912946 -0.0916977 0.0628854 0.993799 0.0234976 1.28295 -0.0384156</i>
                        <i>-0.00362191 0.998007 -0.0630068 -0.995779 -0.00937808 -0.0913037 -0.0917126 0.0624102 0.993828 0.023496 1.28768 -0.0383984</i>
                        <i>-0.00370321 0.998048 -0.0623343 -0.995779 -0.0093973 -0.0913041 -0.0917117 0.061733 0.99387 0.0234972 1.29185 -0.0384115</i>
                        <i>-0.00372149 0.998105 -0.0614147 -0.99578 -0.00933049 -0.0912978 -0.0916979 0.0608158 0.993928 0.0234997 1.29493 -0.0384385</i>
                        <i>-0.0036934 0.998179 -0.0602107 -0.995782 -0.00919102 -0.0912869 -0.091674 0.0596196 0.994003 0.0235019 1.29644 -0.038463</i>
                        <i>-0.00362568 0.998264 -0.0587927 -0.995785 -0.00899217 -0.0912723 -0.0916425 0.058214 0.994089 0.0235037 1.2969 -0.0384832</i>
                        <i>-0.00351836 0.998351 -0.0573036 -0.995789 -0.00874719 -0.0912545 -0.0916053 0.0567413 0.994178 0.0235059 1.29721 -0.038507</i>
                        <i>-0.00337804 0.998435 -0.055815 -0.995793 -0.00846934 -0.0912345 -0.0915645 0.055272 0.994264 0.0235082 1.29736 -0.0385326</i>
                        <i>-0.00321135 0.998514 -0.0543981 -0.995798 -0.00817183 -0.0912133 -0.0915223 0.0538766 0.994344 0.0235106 1.29737 -0.0385583</i>
                        <i>-0.00302719 0.998585 -0.0530998 -0.995802 -0.00786788 -0.0911917 -0.0914804 0.0526009 0.994417 0.023513 1.29724 -0.0385848</i>
                        <i>-0.00283643 0.998646 -0.0519457 -0.995807 -0.00757071 -0.0911706 -0.0914404 0.0514692 0.99448 0.0235155 1.29698 -0.0386125</i>
                        <i>-0.00264871 0.998696 -0.0509757 -0.99581 -0.0072936 -0.091151 -0.091404 0.0505207 0.994532 0.023518 1.29659 -0.0386399</i>
                        <i>-0.00247365 0.998735 -0.0502302 -0.995814 -0.00704989 -0.0911337 -0.0913725 0.0497945 0.994571 0.0235203 1.29609 -0.0386654</i>
                        <i>-0.00229639 0.998767 -0.0495948 -0.995817 -0.00681412 -0.0911171 -0.0913427 0.0491781 0.994604 0.0235225 1.29547 -0.0386898</i>
                        <i>-0.00211643 0.998794 -0.0490585 -0.99582 -0.00658481 -0.091101 -0.0913142 0.0486606 0.994633 0.0235247 1.29474 -0.0387135</i>
                        <i>-0.00196505 0.998806 -0.0488177 -0.995822 -0.00641123 -0.0910888 -0.091293 0.0484347 0.994645 0.0235266 1.29391 -0.0387344</i>
                        <i>-0.00187357 0.998794 -0.0490686 -0.995823 -0.00634274 -0.0910836 -0.0912849 0.048693 0.994634 0.023528 1.29299 -0.0387501</i>
                        <i>-0.00207416 0.998629 -0.0522982 -0.995817 -0.00683986 -0.0911121 -0.0913449 0.0518905 0.994466 0.0235349 1.29197 -0.0388254</i>
                        <i>-0.00261614 0.998276 -0.0586364 -0.995803 -0.00796522 -0.0911776 -0.0914875 0.0581517 0.994107 0.0235453 1.29085 -0.0389397</i>
                        <i>-0.00325752 0.997896 -0.06475 -0.995786 -0.00917168 -0.0912524 -0.0916542 0.0641799 0.993721 0.0235474 1.28967 -0.0389628</i>
                        <i>-0.00376034 0.997724 -0.06733 -0.995773 -0.00991515 -0.0913134 -0.0917731 0.066702 0.993543 0.0235294 1.2885 -0.0387646</i>
                    </KeyFrames>
                </p>
            </i>
            <i>
                <p>
                    <Name><![CDATA[spine1]]></Name>
                    <Exclude>0</Exclude>
                    <Additive>0</Additive>
                    <IKPriority>0</IKPriority>
                    <IKRotLimits>-1e+010 -1e+010 -1e+010 1e+010 1e+010 1e+010</IKRotLimits>
                    <IKRotLimitOrder>0</IKRotLimitOrder>
                    <KeyFrames count="49">
                        <i>0.00752072 0.985547 -0.169238 -0.999725 0.0111684 0.0206119 0.0222041 0.169036 0.98536 0.0228916 1.45736 -0.0501468</i>
                        <i>0.00751066 0.985465 -0.169713 -0.999725 0.0111733 0.0206367 0.022233 0.169511 0.985277 0.0228288 1.45668 -0.0496993</i>
                        <i>0.00759753 0.985288 -0.170734 -0.999723 0.0112879 0.0206545 0.0222779 0.17053 0.985101 0.0227887 1.45679 -0.049301</i>
                        <i>0.00776542 0.985029 -0.172214 -0.99972 0.0114943 0.0206663 0.0223364 0.172005 0.984843 0.0227685 1.45756 -0.0489533</i>
                        <i>0.00799838 0.984702 -0.174063 -0.999717 0.0117746 0.0206725 0.0224058 0.173849 0.984518 0.0227653 1.45882 -0.0486574</i>
                        <i>0.00828092 0.984321 -0.17619 -0.999713 0.0121109 0.0206736 0.0224833 0.175968 0.984139 0.0227764 1.46042 -0.0484133</i>
                        <i>0.0085982 0.983903 -0.178498 -0.999708 0.0124862 0.0206695 0.0225655 0.178268 0.983723 0.0227993 1.4622 -0.0482188</i>
                        <i>0.00893533 0.983463 -0.180891 -0.999704 0.0128831 0.0206607 0.0226495 0.180653 0.983286 0.0228317 1.464 -0.0480724</i>
                        <i>0.00927741 0.983018 -0.183274 -0.999699 0.0132844 0.0206476 0.0227316 0.183027 0.982845 0.0228709 1.46568 -0.0479724</i>
                        <i>0.00960965 0.982588 -0.18555 -0.999694 0.0136728 0.0206309 0.0228086 0.185295 0.982418 0.0229145 1.46707 -0.0479174</i>
                        <i>0.00991729 0.982191 -0.187624 -0.999689 0.0140313 0.0206117 0.0228772 0.187362 0.982025 0.0229599 1.46802 -0.0479057</i>
                        <i>0.0101857 0.981847 -0.189401 -0.999685 0.0143428 0.0205912 0.022934 0.189132 0.981684 0.0230045 1.46837 -0.0479359</i>
                        <i>0.0104001 0.981577 -0.190785 -0.999682 0.0145903 0.0205712 0.0229758 0.190511 0.981416 0.0230459 1.46796 -0.0480065</i>
                        <i>0.0105652 0.981398 -0.191691 -0.99968 0.0147761 0.0205507 0.0230009 0.191413 0.98124 0.0230862 1.46659 -0.0480869</i>
                        <i>0.0106953 0.981312 -0.192125 -0.999678 0.0149146 0.0205283 0.0230101 0.191844 0.981156 0.0231284 1.46429 -0.0481491</i>
                        <i>0.0107904 0.98131 -0.19213 -0.999677 0.0150069 0.0205047 0.0230047 0.191847 0.981155 0.0231709 1.46128 -0.0481947</i>
                        <i>0.0108503 0.981385 -0.191747 -0.999677 0.0150541 0.0204807 0.022986 0.191462 0.981231 0.0232124 1.45777 -0.0482257</i>
                        <i>0.0108749 0.981527 -0.191017 -0.999677 0.0150572 0.0204573 0.0229556 0.190733 0.981374 0.0232513 1.45398 -0.048244</i>
                        <i>0.0108641 0.981727 -0.189983 -0.999678 0.0150174 0.0204356 0.0229152 0.1897 0.981575 0.0232863 1.45013 -0.0482514</i>
                        <i>0.0108178 0.981978 -0.188686 -0.99968 0.0149358 0.0204165 0.0228668 0.188405 0.981825 0.0233158 1.44642 -0.0482497</i>
                        <i>0.0107358 0.982269 -0.187169 -0.999682 0.0148136 0.0204013 0.0228122 0.186891 0.982116 0.0233384 1.44308 -0.0482409</i>
                        <i>0.010618 0.982592 -0.185473 -0.999685 0.0146517 0.020391 0.0227535 0.185198 0.982438 0.0233527 1.44032 -0.0482268</i>
                        <i>0.0104641 0.982938 -0.18364 -0.999688 0.0144512 0.0203869 0.0226929 0.183369 0.982782 0.0233572 1.43834 -0.0482093</i>
                        <i>0.010274 0.983298 -0.181712 -0.999691 0.0142133 0.0203899 0.0226321 0.181447 0.98314 0.0233504 1.43738 -0.0481902</i>
                        <i>0.0100473 0.983664 -0.179732 -0.999695 0.0139386 0.0204008 0.0225728 0.179472 0.983504 0.0233309 1.43765 -0.0481713</i>
                        <i>0.00965378 0.984011 -0.177844 -0.9997 0.0135031 0.0204466 0.0225212 0.177594 0.983846 0.0232574 1.4395 -0.0483331</i>
                        <i>0.00906905 0.984355 -0.175963 -0.999706 0.0128787 0.0205206 0.0224657 0.175726 0.984183 0.0231264 1.44282 -0.0487017</i>
                        <i>0.00845281 0.984748 -0.173784 -0.999714 0.0122136 0.0205825 0.0223911 0.17356 0.984569 0.0229926 1.44711 -0.049048</i>
                        <i>0.00796585 0.985239 -0.171001 -0.99972 0.0116606 0.020613 0.0223027 0.170789 0.985055 0.0229105 1.45187 -0.0491448</i>
                        <i>0.00762658 0.985778 -0.167882 -0.999724 0.0112463 0.0206208 0.0222156 0.167678 0.985591 0.0228818 1.45657 -0.0490465</i>
                        <i>0.00734006 0.986287 -0.164877 -0.999728 0.0108875 0.0206221 0.0221344 0.164681 0.986098 0.0228694 1.4607 -0.0489431</i>
                        <i>0.00709803 0.986772 -0.161957 -0.999731 0.0105754 0.0206187 0.0220587 0.161767 0.986582 0.0228689 1.46376 -0.0488119</i>
                        <i>0.00689217 0.98724 -0.15909 -0.999734 0.010301 0.0206123 0.021988 0.158906 0.987049 0.022876 1.46523 -0.0486302</i>
                        <i>0.00672618 0.987674 -0.156378 -0.999737 0.0100704 0.020603 0.0219238 0.156198 0.987482 0.0228894 1.46567 -0.0484082</i>
                        <i>0.00661197 0.988047 -0.154011 -0.999739 0.00989973 0.0205906 0.0218691 0.153834 0.987855 0.0229098 1.46596 -0.0481781</i>
                        <i>0.00655337 0.988345 -0.152091 -0.99974 0.00979518 0.0205755 0.0218254 0.151917 0.988152 0.0229359 1.4661 -0.0479504</i>
                        <i>0.00655423 0.988554 -0.150724 -0.999741 0.0097629 0.0205583 0.0217945 0.15055 0.988362 0.0229665 1.46611 -0.0477355</i>
                        <i>0.0066061 0.988682 -0.14988 -0.999741 0.00979371 0.0205396 0.0217751 0.149705 0.988491 0.0230001 1.46598 -0.0475419</i>
                        <i>0.00669314 0.988747 -0.149449 -0.999741 0.00986919 0.0205202 0.0217642 0.149273 0.988557 0.0230348 1.46572 -0.0473743</i>
                        <i>0.00680809 0.988751 -0.149414 -0.99974 0.00998175 0.020501 0.0217618 0.149236 0.988562 0.023069 1.46534 -0.0472379</i>
                        <i>0.00694366 0.988698 -0.149759 -0.999739 0.0101238 0.0204834 0.021768 0.149578 0.98851 0.0231009 1.46485 -0.0471377</i>
                        <i>0.00710453 0.988597 -0.150417 -0.999738 0.0102985 0.0204656 0.0217813 0.150232 0.988411 0.0231331 1.46425 -0.0470554</i>
                        <i>0.00728889 0.988452 -0.151361 -0.999736 0.0105032 0.0204476 0.0218013 0.151171 0.988267 0.0231656 1.46354 -0.0469894</i>
                        <i>0.00747979 0.988254 -0.152634 -0.999734 0.0107226 0.0204334 0.02183 0.152441 0.988071 0.0231931 1.46274 -0.0469707</i>
                        <i>0.00766036 0.987997 -0.154282 -0.999731 0.0109412 0.0204272 0.02187 0.154084 0.987816 0.0232099 1.46184 -0.0470302</i>
                        <i>0.00775474 0.987472 -0.157603 -0.999729 0.0111162 0.0204584 0.0219541 0.157402 0.987291 0.0231828 1.46083 -0.0476542</i>
                        <i>0.00773061 0.986673 -0.162532 -0.999727 0.0112131 0.0205203 0.0220693 0.162329 0.98649 0.0231014 1.45972 -0.0488446</i>
                        <i>0.00763634 0.985915 -0.167071 -0.999725 0.0112297 0.020574 0.0221604 0.166868 0.98573 0.0229949 1.45855 -0.0499065</i>
                        <i>0.00752072 0.985547 -0.169238 -0.999725 0.0111684 0.0206119 0.0222041 0.169036 0.98536 0.0228916 1.45736 -0.0501468</i>
                    </KeyFrames>
                </p>
            </i>
            <i>
                <p>
                    <Name><![CDATA[spine2]]></Name>
                    <Exclude>0</Exclude>
                    <Additive>0</Additive>
                    <IKPriority>0</IKPriority>
                    <IKRotLimits>-1e+010 -1e+010 -1e+010 1e+010 1e+010 1e+010</IKRotLimits>
                    <IKRotLimitOrder>0</IKRotLimitOrder>
                    <KeyFrames count="49">
                        <i>0.0289847 0.999355 -0.0212106 -0.991172 0.0314808 0.128787 0.129371 0.0172905 0.991445 0.0241832 1.61118 -0.0765859</i>
                        <i>0.0292045 0.999353 -0.0209794 -0.991169 0.0316686 0.128767 0.129349 0.0170335 0.991453 0.0241189 1.61048 -0.0762122</i>
                        <i>0.0293906 0.999312 -0.0226036 -0.991164 0.0320623 0.12871 0.129347 0.018621 0.991425 0.0240924 1.61057 -0.0759742</i>
                        <i>0.0295479 0.999231 -0.0257705 -0.991157 0.0326263 0.128621 0.129363 0.0217421 0.991359 0.0240985 1.61131 -0.0758592</i>
                        <i>0.0296812 0.999104 -0.0301669 -0.991149 0.0333249 0.128504 0.129395 0.0260857 0.99125 0.0241318 1.61254 -0.0758547</i>
                        <i>0.0297933 0.998926 -0.0354948 -0.99114 0.0341223 0.128366 0.129439 0.0313559 0.991091 0.0241872 1.6141 -0.0759461</i>
                        <i>0.0298844 0.998692 -0.0414774 -0.99113 0.0349829 0.128211 0.129494 0.037278 0.990879 0.02426 1.61584 -0.0761162</i>
                        <i>0.0299552 0.998406 -0.0478333 -0.991119 0.0358712 0.128045 0.129557 0.0435729 0.990614 0.0243453 1.61761 -0.0763482</i>
                        <i>0.0300065 0.998075 -0.054282 -0.991109 0.0367518 0.127876 0.129625 0.0499622 0.990304 0.0244382 1.61925 -0.0766254</i>
                        <i>0.030039 0.997713 -0.060543 -0.991099 0.0375896 0.127711 0.129695 0.0561678 0.989962 0.0245339 1.6206 -0.0769311</i>
                        <i>0.0300537 0.997345 -0.066337 -0.99109 0.0383495 0.127557 0.129762 0.0619123 0.98961 0.0246277 1.62152 -0.0772486</i>
                        <i>0.0300515 0.996996 -0.0713854 -0.991082 0.0389967 0.127423 0.129824 0.0669195 0.989276 0.0247145 1.62184 -0.0775612</i>
                        <i>0.0300334 0.9967 -0.07541 -0.991075 0.0394966 0.127317 0.129875 0.0709132 0.988991 0.0247896 1.62142 -0.077852</i>
                        <i>0.0299638 0.996455 -0.0786168 -0.991072 0.0398407 0.127239 0.12992 0.0741023 0.988751 0.0248559 1.62003 -0.078077</i>
                        <i>0.0298161 0.996238 -0.0813718 -0.99107 0.0400498 0.127185 0.129966 0.076853 0.988536 0.0249185 1.61773 -0.0782091</i>
                        <i>0.0296042 0.996056 -0.0836366 -0.991071 0.0401329 0.127154 0.130009 0.0791255 0.988351 0.0249759 1.61473 -0.0782567</i>
                        <i>0.0293423 0.995917 -0.085373 -0.991073 0.0400988 0.127144 0.130049 0.0808802 0.988203 0.0250267 1.61124 -0.0782282</i>
                        <i>0.0290444 0.995825 -0.0865424 -0.991078 0.0399565 0.127156 0.130083 0.0820771 0.9881 0.0250694 1.60747 -0.0781321</i>
                        <i>0.0287246 0.995785 -0.0871064 -0.991083 0.0397146 0.127187 0.13011 0.0826763 0.988047 0.0251025 1.60364 -0.0779767</i>
                        <i>0.0283968 0.995801 -0.0870262 -0.99109 0.039382 0.127236 0.130129 0.0826377 0.988047 0.0251246 1.59996 -0.0777705</i>
                        <i>0.0280752 0.995877 -0.086263 -0.991098 0.0389675 0.127303 0.130139 0.0819211 0.988106 0.0251342 1.59665 -0.077522</i>
                        <i>0.0277739 0.996013 -0.0847778 -0.991107 0.0384797 0.127385 0.130139 0.0804859 0.988224 0.0251298 1.59391 -0.0772396</i>
                        <i>0.0275067 0.996209 -0.0825314 -0.991116 0.0379274 0.127482 0.130129 0.0782915 0.988401 0.0251099 1.59198 -0.0769319</i>
                        <i>0.0272879 0.996463 -0.0794841 -0.991125 0.0373192 0.127591 0.130106 0.075297 0.988637 0.0250731 1.59105 -0.0766073</i>
                        <i>0.0271314 0.996769 -0.0755966 -0.991133 0.0366638 0.127711 0.130071 0.0714613 0.988926 0.0250179 1.59134 -0.0762743</i>
                        <i>0.0273544 0.997348 -0.0674399 -0.991141 0.0358319 0.127888 0.129966 0.0633441 0.989493 0.0248827 1.59321 -0.0761354</i>
                        <i>0.0279767 0.998123 -0.0544789 -0.991147 0.0347747 0.12813 0.129784 0.050412 0.99026 0.0246601 1.59654 -0.0762039</i>
                        <i>0.0285669 0.99875 -0.0410258 -0.991155 0.0336232 0.128381 0.1296 0.0369955 0.990876 0.02443 1.60085 -0.076204</i>
                        <i>0.0286962 0.999095 -0.0314069 -0.991165 0.0325107 0.128588 0.129493 0.0274395 0.991201 0.0242716 1.60565 -0.0758605</i>
                        <i>0.0284111 0.999263 -0.0257944 -0.991177 0.0315046 0.128744 0.129462 0.0219091 0.991342 0.0241896 1.61039 -0.0752694</i>
                        <i>0.0280502 0.999378 -0.0213679 -0.991189 0.0305759 0.128879 0.129452 0.0175645 0.99143 0.0241321 1.61456 -0.0746916</i>
                        <i>0.0276237 0.999457 -0.0179701 -0.9912 0.0297148 0.128994 0.129458 0.0142487 0.991483 0.0240935 1.61766 -0.0740995</i>
                        <i>0.0271419 0.999512 -0.0154436 -0.991211 0.0289111 0.129093 0.129476 0.011804 0.991512 0.0240682 1.61917 -0.0734655</i>
                        <i>0.026629 0.99955 -0.0137885 -0.991221 0.028189 0.129174 0.129505 0.0102277 0.991526 0.0240554 1.61964 -0.0728156</i>
                        <i>0.026119 0.999573 -0.013112 -0.99123 0.0275962 0.129234 0.129541 0.00962152 0.991527 0.0240577 1.61996 -0.0722121</i>
                        <i>0.0256364 0.999581 -0.013416 -0.991237 0.0271574 0.129271 0.129582 0.0099844 0.991518 0.0240744 1.62012 -0.0716818</i>
                        <i>0.0252059 0.999574 -0.0147026 -0.991243 0.0268974 0.129284 0.129625 0.0113151 0.991499 0.0241049 1.62014 -0.0712515</i>
                        <i>0.024835 0.999551 -0.016785 -0.991246 0.0267996 0.129276 0.129668 0.0134275 0.991467 0.0241464 1.62002 -0.0709249</i>
                        <i>0.0245214 0.999512 -0.0193652 -0.991249 0.0268229 0.129254 0.12971 0.0160263 0.991422 0.0241947 1.61977 -0.0706896</i>
                        <i>0.0242746 0.999457 -0.0222775 -0.99125 0.0269555 0.129219 0.12975 0.0189458 0.991366 0.0242468 1.6194 -0.0705479</i>
                        <i>0.0241042 0.999388 -0.025356 -0.991249 0.0271852 0.129175 0.129785 0.0220205 0.991298 0.0242998 1.6189 -0.0705024</i>
                        <i>0.0239798 0.999298 -0.0287824 -0.991248 0.0275056 0.129118 0.129819 0.0254343 0.991211 0.024357 1.6183 -0.070524</i>
                        <i>0.0238969 0.999185 -0.0325354 -0.991245 0.0279091 0.129051 0.129854 0.0291666 0.991104 0.0244184 1.61758 -0.0706072</i>
                        <i>0.0239035 0.999061 -0.0361455 -0.991241 0.0283828 0.128978 0.129883 0.0327459 0.990988 0.0244757 1.61677 -0.0707897</i>
                        <i>0.0240479 0.998944 -0.0391438 -0.991236 0.0289135 0.128903 0.129898 0.0357009 0.990884 0.0245209 1.61585 -0.0711093</i>
                        <i>0.0248821 0.998957 -0.0382841 -0.991223 0.0296271 0.12884 0.12984 0.0347423 0.990926 0.024509 1.61481 -0.0722569</i>
                        <i>0.0264535 0.999111 -0.0328225 -0.991202 0.0304754 0.128799 0.129685 0.0291266 0.991127 0.0244246 1.61363 -0.074225</i>
                        <i>0.0280553 0.999267 -0.0260401 -0.991183 0.0311842 0.12878 0.129498 0.0221975 0.991331 0.0243041 1.6124 -0.0760039</i>
                        <i>0.0289847 0.999355 -0.0212106 -0.991172 0.0314808 0.128787 0.129371 0.0172905 0.991445 0.0241832 1.61118 -0.0765859</i>
                    </KeyFrames>
                </p>
            </i>
            <i>
                <p>
                    <Name><![CDATA[head]]></Name>
                    <Exclude>0</Exclude>
                    <Additive>0</Additive>
                    <IKPriority>0</IKPriority>
                    <IKRotLimits>-1e+010 -1e+010 -1e+010 1e+010 1e+010 1e+010</IKRotLimits>
                    <IKRotLimitOrder>0</IKRotLimitOrder>
                    <KeyFrames count="49">
                        <i>0.0371965 0.940531 -0.337664 -0.0320717 -0.3366 -0.941101 -0.998793 0.0458351 0.0176441 0.0307269 1.86695 -0.0826038</i>
                        <i>0.0381937 0.941719 -0.334226 -0.0320005 -0.333146 -0.942332 -0.998758 0.0466865 0.0174114 0.0307268 1.86624 -0.0820525</i>
                        <i>0.0386637 0.94139 -0.335096 -0.0320268 -0.334008 -0.942026 -0.998739 0.0471543 0.0172358 0.0307468 1.86632 -0.082185</i>
                        <i>0.0386606 0.939726 -0.339736 -0.0321469 -0.338644 -0.940365 -0.998735 0.0472766 0.0171171 0.0307844 1.86704 -0.0828971</i>
                        <i>0.0382378 0.936867 -0.34759 -0.0323516 -0.346501 -0.937491 -0.998745 0.0470927 0.0170597 0.030837 1.86824 -0.0840846</i>
                        <i>0.0374449 0.932924 -0.358122 -0.0326272 -0.357041 -0.933519 -0.998766 0.04664 0.0170693 0.0309016 1.86976 -0.0856466</i>
                        <i>0.0363269 0.927993 -0.370821 -0.0329569 -0.369752 -0.928546 -0.998796 0.0459524 0.0171519 0.0309748 1.87146 -0.0874864</i>
                        <i>0.0349301 0.922183 -0.385174 -0.0333227 -0.38412 -0.922682 -0.998834 0.0450644 0.0173123 0.031053 1.87316 -0.0895063</i>
                        <i>0.0333012 0.915618 -0.400668 -0.0337062 -0.399634 -0.916055 -0.998877 0.0440107 0.0175536 0.0311328 1.87473 -0.0916087</i>
                        <i>0.0314875 0.908451 -0.416803 -0.0340895 -0.415791 -0.908821 -0.998923 0.0428251 0.0178765 0.0312109 1.876 -0.0936961</i>
                        <i>0.0295371 0.900867 -0.43309 -0.0344568 -0.432104 -0.901165 -0.99897 0.0415407 0.0182779 0.0312839 1.87683 -0.095671</i>
                        <i>0.0274988 0.893082 -0.449052 -0.0347939 -0.448095 -0.893309 -0.999016 0.0401892 0.0187518 0.0313483 1.87706 -0.097436</i>
                        <i>0.0254221 0.885348 -0.464232 -0.0350899 -0.463306 -0.885503 -0.999061 0.0388012 0.0192886 0.0314009 1.87656 -0.0988938</i>
                        <i>0.0231626 0.875888 -0.481958 -0.0354073 -0.481066 -0.875969 -0.999104 0.0373546 0.0198701 0.0314327 1.87512 -0.100073</i>
                        <i>0.020733 0.864731 -0.501807 -0.035689 -0.500955 -0.864737 -0.999148 0.0358376 0.0204751 0.0314393 1.87276 -0.10106</i>
                        <i>0.0184239 0.855236 -0.517911 -0.0357963 -0.517103 -0.855174 -0.999189 0.034295 0.0210872 0.0314235 1.8697 -0.101847</i>
                        <i>0.0165275 0.851161 -0.524644 -0.035654 -0.523881 -0.851045 -0.999227 0.0327713 0.0216889 0.0313882 1.86616 -0.102426</i>
                        <i>0.015056 0.852273 -0.522881 -0.0353447 -0.52216 -0.852115 -0.999262 0.0313105 0.0222616 0.0313364 1.86236 -0.102789</i>
                        <i>0.0138427 0.855498 -0.517622 -0.0350002 -0.516939 -0.855306 -0.999291 0.0299566 0.0227867 0.0312711 1.85851 -0.102927</i>
                        <i>0.0129053 0.860393 -0.509468 -0.0346489 -0.50882 -0.860176 -0.999316 0.0287533 0.0232452 0.0311951 1.85482 -0.102832</i>
                        <i>0.0122628 0.866505 -0.499018 -0.0343106 -0.498397 -0.86627 -0.999336 0.0277445 0.0236185 0.0311114 1.85151 -0.102495</i>
                        <i>0.0119361 0.873389 -0.486877 -0.0339977 -0.486276 -0.873144 -0.999351 0.0269746 0.023889 0.0310229 1.8488 -0.101909</i>
                        <i>0.0119469 0.880624 -0.473665 -0.033717 -0.473075 -0.880377 -0.99936 0.0264884 0.0240402 0.0309326 1.8469 -0.101064</i>
                        <i>0.0123183 0.887822 -0.460023 -0.033472 -0.459434 -0.887581 -0.999364 0.0263314 0.0240577 0.0308434 1.84603 -0.099953</i>
                        <i>0.0130737 0.894632 -0.446612 -0.0332662 -0.446014 -0.894407 -0.999361 0.0265503 0.02393 0.0307582 1.8464 -0.0985667</i>
                        <i>0.0166402 0.903343 -0.428596 -0.0331771 -0.42792 -0.903207 -0.999311 0.0292491 0.0228496 0.0307267 1.84844 -0.0960019</i>
                        <i>0.0232577 0.91392 -0.405228 -0.0331299 -0.404411 -0.913977 -0.99918 0.0346822 0.0208724 0.0307495 1.852 -0.0921119</i>
                        <i>0.0296665 0.923041 -0.383557 -0.0330302 -0.382611 -0.923319 -0.999014 0.0400606 0.0191375 0.0307567 1.85648 -0.0880254</i>
                        <i>0.0326074 0.928095 -0.370914 -0.0329164 -0.369912 -0.928483 -0.998926 0.0424846 0.0184876 0.0306793 1.86135 -0.0848743</i>
                        <i>0.0320293 0.928752 -0.369316 -0.0329387 -0.368324 -0.929114 -0.998944 0.0419237 0.0187948 0.0305356 1.86611 -0.0827868</i>
                        <i>0.0304258 0.927082 -0.373621 -0.0331063 -0.372654 -0.92738 -0.998989 0.0405855 0.019354 0.0303886 1.87029 -0.0810842</i>
                        <i>0.0283593 0.924344 -0.380505 -0.0332727 -0.379574 -0.924563 -0.999044 0.0388804 0.019991 0.0302363 1.87339 -0.0796881</i>
                        <i>0.0263947 0.921842 -0.386667 -0.0333272 -0.385775 -0.921991 -0.999096 0.0372222 0.02054 0.0300766 1.8749 -0.0785205</i>
                        <i>0.0246252 0.919582 -0.392126 -0.0332914 -0.391273 -0.919672 -0.999142 0.0357015 0.020979 0.0299162 1.87536 -0.0775977</i>
                        <i>0.0228223 0.916896 -0.398473 -0.0332288 -0.397661 -0.916931 -0.999187 0.0341673 0.0213918 0.0297675 1.87567 -0.077</i>
                        <i>0.0210689 0.914166 -0.404792 -0.0331295 -0.404021 -0.91415 -0.999229 0.0326707 0.0217736 0.0296372 1.87582 -0.0767451</i>
                        <i>0.0194469 0.911798 -0.410177 -0.032992 -0.409446 -0.911738 -0.999266 0.0312631 0.0221196 0.029532 1.87582 -0.0768506</i>
                        <i>0.0179542 0.909734 -0.414803 -0.0328378 -0.414109 -0.909635 -0.999299 0.029953 0.0224387 0.0294523 1.87569 -0.0772641</i>
                        <i>0.0165586 0.907731 -0.419225 -0.0326904 -0.418567 -0.907597 -0.999328 0.0287332 0.0227432 0.0293945 1.87542 -0.077889</i>
                        <i>0.0152965 0.905941 -0.423128 -0.0325562 -0.422501 -0.905777 -0.999353 0.0276307 0.0230312 0.0293592 1.87503 -0.0786766</i>
                        <i>0.0142041 0.904521 -0.426193 -0.0324419 -0.425595 -0.904332 -0.999373 0.0266717 0.0232992 0.0293471 1.87451 -0.0795782</i>
                        <i>0.013087 0.903406 -0.428586 -0.0323203 -0.428017 -0.903193 -0.999392 0.0256721 0.0235969 0.0293517 1.87388 -0.0806286</i>
                        <i>0.0119876 0.902656 -0.430196 -0.0321971 -0.429655 -0.902419 -0.99941 0.0246689 0.0239124 0.0293714 1.87314 -0.081818</i>
                        <i>0.0112972 0.902617 -0.430296 -0.0321264 -0.429773 -0.902365 -0.99942 0.024018 0.0241426 0.0294148 1.87229 -0.0830314</i>
                        <i>0.0114084 0.903632 -0.428158 -0.0321536 -0.427633 -0.90338 -0.999418 0.024073 0.0241764 0.0294904 1.87135 -0.0841537</i>
                        <i>0.0155097 0.910051 -0.414205 -0.0324256 -0.413579 -0.909891 -0.999354 0.027543 0.0230944 0.0297359 1.87035 -0.0847448</i>
                        <i>0.0238641 0.921867 -0.386771 -0.032653 -0.385956 -0.921939 -0.999182 0.0346305 0.0208912 0.0301533 1.86928 -0.084562</i>
                        <i>0.032445 0.933439 -0.357267 -0.0324773 -0.356282 -0.933814 -0.998946 0.0419007 0.018756 0.0305481 1.86814 -0.0837873</i>
                        <i>0.0371965 0.940531 -0.337664 -0.0320717 -0.3366 -0.941101 -0.998793 0.0458351 0.0176441 0.0307269 1.86695 -0.0826038</i>
                    </KeyFrames>
                </p>
            </i>
            <i>
                <p>
                    <Name><![CDATA[head_prop]]></Name>
                    <Exclude>0</Exclude>
                    <Additive>0</Additive>
                    <IKPriority>0</IKPriority>
                    <IKRotLimits>-1e+010 -1e+010 -1e+010 1e+010 1e+010 1e+010</IKRotLimits>
                    <IKRotLimitOrder>0</IKRotLimitOrder>
                    <KeyFrames count="49">
                        <i>0.998793 -0.0458351 -0.0176441 0.0371965 0.940531 -0.337664 0.0320717 0.3366 0.941101 0.0428495 2.17348 -0.192652</i>
                        <i>0.998758 -0.0466865 -0.0174114 0.0381937 0.941719 -0.334226 0.0320005 0.333146 0.942332 0.0431744 2.17315 -0.19098</i>
                        <i>0.998739 -0.0471543 -0.0172358 0.0386637 0.94139 -0.335096 0.0320268 0.334008 0.942026 0.0433476 2.17313 -0.191396</i>
                        <i>0.998735 -0.0472766 -0.0171171 0.0386606 0.939726 -0.339736 0.0321469 0.338644 0.940365 0.0433842 2.1733 -0.19362</i>
                        <i>0.998745 -0.0470927 -0.0170597 0.0382378 0.936867 -0.34759 0.0323516 0.346501 0.937491 0.043299 2.17357 -0.197367</i>
                        <i>0.998766 -0.04664 -0.0170693 0.0374449 0.932924 -0.358122 0.0326272 0.357041 0.933519 0.0431053 2.17381 -0.202362</i>
                        <i>0.998796 -0.0459524 -0.0171519 0.0363269 0.927993 -0.370821 0.0329569 0.369752 0.928546 0.042814 2.1739 -0.20834</i>
                        <i>0.998834 -0.0450644 -0.0173123 0.0349301 0.922183 -0.385174 0.0333227 0.38412 0.922682 0.042437 2.17371 -0.215038</i>
                        <i>0.998877 -0.0440107 -0.0175536 0.0333012 0.915618 -0.400668 0.0337062 0.399634 0.916055 0.041986 2.17313 -0.22219</i>
                        <i>0.998923 -0.0428251 -0.0178765 0.0314875 0.908451 -0.416803 0.0340895 0.415791 0.908821 0.041473 2.17207 -0.229536</i>
                        <i>0.99897 -0.0415407 -0.0182779 0.0295371 0.900867 -0.43309 0.0344568 0.432104 0.901165 0.0409103 2.17043 -0.236819</i>
