<?xml version="1.0" encoding="ISO-8859-1" ?>
<Animl Version="1">
    <ModellingPackage><![CDATA[Maya.2010]]></ModellingPackage>
    <SrcFile><![CDATA[anims\characters\shared\base_soldier\~src\infantry\russian_prisoner_run03.mb]]></SrcFile>
    <FramesPerSecond>24</FramesPerSecond>
    <TotalFrames>19</TotalFrames>
    <Skeleton>
        <RefFrame>
            <Name><![CDATA[soldier_ref_frame]]></Name>
            <Exclude>0</Exclude>
            <Additive>0</Additive>
            <IKPriority>0</IKPriority>
            <IKRotLimits>-1e+010 -1e+010 -1e+010 1e+010 1e+010 1e+010</IKRotLimits>
            <IKRotLimitOrder>0</IKRotLimitOrder>
            <KeyFrames count="19">
                <i>1 0 0 0 1 0 0 0 1 0 0 0</i>
                <i>1 0 0 0 1 0 0 0 1 -0.00805821 0 0.197393</i>
                <i>1 0 0 0 1 0 0 0 1 -0.0159039 0 0.394786</i>
                <i>1 0 0 0 1 0 0 0 1 -0.00979906 0 0.59218</i>
                <i>1 0 0 0 1 0 0 0 1 0.00525088 0 0.789573</i>
                <i>1 0 0 0 1 0 0 0 1 0.0266384 0 0.986966</i>
                <i>1 0 0 0 1 0 0 0 1 0.0517561 0 1.18436</i>
                <i>1 0 0 0 1 0 0 0 1 0.0779964 0 1.38175</i>
                <i>1 0 0 0 1 0 0 0 1 0.102752 0 1.57915</i>
                <i>1 0 0 0 1 0 0 0 1 0.123415 0 1.77654</i>
                <i>1 0 0 0 1 0 0 0 1 0.138048 0 1.97393</i>
                <i>1 0 0 0 1 0 0 0 1 0.143826 0 2.17132</i>
                <i>1 0 0 0 1 0 0 0 1 0.135213 0 2.36871</i>
                <i>1 0 0 0 1 0 0 0 1 0.114506 0 2.5661</i>
                <i>1 0 0 0 1 0 0 0 1 0.0865744 0 2.76349</i>
                <i>1 0 0 0 1 0 0 0 1 0.0562885 0 2.96088</i>
                <i>1 0 0 0 1 0 0 0 1 0.0285176 0 3.15828</i>
                <i>1 0 0 0 1 0 0 0 1 0.0081316 0 3.35568</i>
                <i>1 0 0 0 1 0 0 0 1 0 0 3.55308</i>
            </KeyFrames>
        </RefFrame>
        <Bones count="23">
            <i>
                <p>
                    <Name><![CDATA[pelvis]]></Name>
                    <Exclude>0</Exclude>
                    <Additive>0</Additive>
                    <IKPriority>0</IKPriority>
                    <IKRotLimits>-1e+010 -1e+010 -1e+010 1e+010 1e+010 1e+010</IKRotLimits>
                    <IKRotLimitOrder>2</IKRotLimitOrder>
                    <KeyFrames count="19">
                        <i>1 0 0 0 1 0 0 0 1 -0.0985878 1.01715 -0.0475466</i>
                        <i>1 0 0 0 1 0 0 0 1 -0.106646 1.00173 0.149847</i>
                        <i>1 0 0 0 1 0 0 0 1 -0.114492 0.986486 0.34724</i>
                        <i>1 0 0 0 1 0 0 0 1 -0.108387 1.01319 0.544633</i>
                        <i>1 0 0 0 1 0 0 0 1 -0.0933369 1.05564 0.742026</i>
                        <i>1 0 0 0 1 0 0 0 1 -0.0719494 1.07056 0.939419</i>
                        <i>1 0 0 0 1 0 0 0 1 -0.0468317 1.05677 1.13681</i>
                        <i>1 0 0 0 1 0 0 0 1 -0.0205914 1.04761 1.33421</i>
                        <i>1 0 0 0 1 0 0 0 1 0.00416412 1.03686 1.5316</i>
                        <i>1 0 0 0 1 0 0 0 1 0.0248273 1.01831 1.72899</i>
                        <i>1 0 0 0 1 0 0 0 1 0.0394605 0.996687 1.92638</i>
                        <i>1 0 0 0 1 0 0 0 1 0.0452386 0.988123 2.12378</i>
                        <i>1 0 0 0 1 0 0 0 1 0.0366252 1.01416 2.32116</i>
                        <i>1 0 0 0 1 0 0 0 1 0.015918 1.05473 2.51855</i>
                        <i>1 0 0 0 1 0 0 0 1 -0.0120134 1.06893 2.71594</i>
                        <i>1 0 0 0 1 0 0 0 1 -0.0422994 1.05072 2.91334</i>
                        <i>1 0 0 0 1 0 0 0 1 -0.0700702 1.0345 3.11073</i>
                        <i>1 0 0 0 1 0 0 0 1 -0.0904562 1.02255 3.30813</i>
                        <i>1 0 0 0 1 0 0 0 1 -0.0985878 1.01715 3.50553</i>
                    </KeyFrames>
                </p>
            </i>
            <i>
                <p>
                    <Name><![CDATA[spine0]]></Name>
                    <Exclude>0</Exclude>
                    <Additive>0</Additive>
                    <IKPriority>0</IKPriority>
                    <IKRotLimits>-1e+010 -1e+010 -1e+010 1e+010 1e+010 1e+010</IKRotLimits>
                    <IKRotLimitOrder>0</IKRotLimitOrder>
                    <KeyFrames count="19">
                        <i>0.0199964 0.924457 0.380761 -0.997584 0.0437906 -0.05393 -0.0665297 -0.378762 0.9231 -0.0803647 1.15914 -0.0617738</i>
                        <i>0.00251015 0.910167 0.414233 -0.99792 0.028961 -0.057587 -0.0644104 -0.413227 0.908347 -0.0920701 1.14413 0.135499</i>
                        <i>-0.0107093 0.894918 0.446102 -0.998008 0.0181756 -0.0604203 -0.0621794 -0.44586 0.89294 -0.104217 1.12924 0.332728</i>
                        <i>-0.0182687 0.893367 0.448956 -0.997984 0.0110008 -0.0624997 -0.060774 -0.449193 0.891365 -0.10278 1.15619 0.529912</i>
                        <i>-0.0221059 0.910288 0.413385 -0.997914 0.00499765 -0.0643687 -0.06066 -0.413946 0.908278 -0.0924707 1.19872 0.727054</i>
                        <i>-0.0240152 0.931935 0.361829 -0.997817 -7.22653e-005 -0.0660407 -0.0615195 -0.362625 0.929902 -0.0756047 1.21357 0.92417</i>
                        <i>-0.0249564 0.944658 0.327105 -0.997735 -0.00308857 -0.0672022 -0.0624728 -0.328042 0.942595 -0.0544977 1.19959 1.12129</i>
                        <i>-0.0247136 0.944429 0.327785 -0.997717 -0.00268778 -0.0674795 -0.0628486 -0.328704 0.942339 -0.0314707 1.19019 1.31844</i>
                        <i>-0.0215996 0.936328 0.350461 -0.997776 0.00192291 -0.0666325 -0.0630638 -0.35112 0.934204 -0.00884872 1.17924 1.51566</i>
                        <i>-0.0152419 0.925767 0.377787 -0.997849 0.0100091 -0.0647855 -0.0637575 -0.377962 0.923623 0.0110407 1.16061 1.71299</i>
                        <i>0.00584512 0.912096 0.409935 -0.997705 0.032974 -0.0591406 -0.0674591 -0.408648 0.910196 0.0270725 1.13913 1.9105</i>
                        <i>0.031367 0.899413 0.435972 -0.996822 0.0601069 -0.0522821 -0.0732282 -0.432947 0.89844 0.0365516 1.13087 2.10819</i>
                        <i>0.0444837 0.900942 0.431654 -0.996164 0.0725948 -0.0488599 -0.0753558 -0.427825 0.900715 0.0331977 1.15717 2.30596</i>
                        <i>0.0512414 0.917532 0.394348 -0.995967 0.0760698 -0.0475767 -0.0736511 -0.390319 0.917729 0.0185525 1.1978 2.50372</i>
                        <i>0.0543534 0.937798 0.342899 -0.996054 0.0750525 -0.0473761 -0.0701647 -0.338971 0.938177 -0.00328309 1.21179 2.70142</i>
                        <i>0.0537912 0.951056 0.304301 -0.996285 0.0716401 -0.0477895 -0.0672507 -0.3006 0.951376 -0.0282089 1.19317 2.89902</i>
                        <i>0.0484886 0.951406 0.304096 -0.996605 0.0663677 -0.0487304 -0.0665446 -0.300701 0.951394 -0.0521138 1.17652 3.09652</i>
                        <i>0.0373919 0.941026 0.336263 -0.99705 0.0577042 -0.0506138 -0.0670327 -0.333378 0.940407 -0.0708735 1.16436 3.29395</i>
                        <i>0.0199964 0.924457 0.380761 -0.997584 0.0437906 -0.05393 -0.0665297 -0.378762 0.9231 -0.0803647 1.15914 3.4913</i>
                    </KeyFrames>
                </p>
            </i>
            <i>
                <p>
                    <Name><![CDATA[spine1]]></Name>
                    <Exclude>0</Exclude>
                    <Additive>0</Additive>
                    <IKPriority>0</IKPriority>
                    <IKRotLimits>-1e+010 -1e+010 -1e+010 1e+010 1e+010 1e+010</IKRotLimits>
                    <IKRotLimitOrder>0</IKRotLimitOrder>
                    <KeyFrames count="19">
                        <i>-0.121426 0.685185 0.718176 -0.992542 -0.0759301 -0.0953722 -0.0108165 -0.7244 0.689295 -0.0769292 1.31796 0.00363832</i>
                        <i>-0.112427 0.617495 0.778499 -0.993307 -0.0907371 -0.0714766 0.0265024 -0.781324 0.623563 -0.0916482 1.29754 0.205337</i>
                        <i>-0.0954359 0.556672 0.825232 -0.993934 -0.0988098 -0.0482922 0.0546581 -0.824835 0.562725 -0.106004 1.27842 0.407123</i>
                        <i>-0.0671157 0.557714 0.827315 -0.995767 -0.0896354 -0.0203558 0.062804 -0.825179 0.561369 -0.105813 1.30442 0.604446</i>
                        <i>-0.0318271 0.639111 0.768456 -0.998112 -0.0607252 0.00916524 0.0525223 -0.766714 0.639837 -0.0961759 1.35122 0.796336</i>
                        <i>0.00187091 0.74244 0.66991 -0.999296 -0.0237216 0.0290807 0.037482 -0.669493 0.741872 -0.0797178 1.37318 0.986141</i>
                        <i>0.0302342 0.79885 0.60077 -0.999326 0.0116264 0.034832 0.0208407 -0.601418 0.798663 -0.0588472 1.36427 1.17829</i>
                        <i>0.0513546 0.789234 0.611942 -0.998673 0.0430078 0.0283414 -0.00395027 -0.612585 0.790395 -0.0357933 1.35544 1.37577</i>
                        <i>0.0649238 0.740599 0.668803 -0.99723 0.0725353 0.0164836 -0.0363041 -0.66802 0.743257 -0.0126072 1.34222 1.57664</i>
                        <i>0.0700075 0.684767 0.725391 -0.995188 0.0979223 0.00360718 -0.0685619 -0.722153 0.688327 0.00842229 1.31966 1.77789</i>
                        <i>0.0916369 0.622865 0.776944 -0.989972 0.141216 0.00355184 -0.107504 -0.769478 0.62956 0.0280644 1.29401 1.98012</i>
                        <i>0.108099 0.571471 0.813471 -0.983846 0.178947 0.00502769 -0.142695 -0.800874 0.581583 0.0418428 1.28262 2.18176</i>
                        <i>0.0876204 0.584352 0.806756 -0.985288 0.170133 -0.0162205 -0.146734 -0.793466 0.590662 0.0406715 1.30856 2.37851</i>
                        <i>0.0487891 0.669478 0.741228 -0.990227 0.129493 -0.0517794 -0.130649 -0.731458 0.669253 0.0272299 1.35319 2.57052</i>
                        <i>0.00509791 0.772163 0.635404 -0.993584 0.0756997 -0.0840211 -0.112978 -0.630899 0.767595 0.00610769 1.37381 2.76065</i>
                        <i>-0.0386798 0.831665 0.553929 -0.994286 0.0231645 -0.104208 -0.0994979 -0.554794 0.826017 -0.0187447 1.36048 2.95252</i>
                        <i>-0.0796936 0.824653 0.559997 -0.993466 -0.0196668 -0.112419 -0.0816936 -0.565298 0.820832 -0.0435424 1.34467 3.15023</i>
                        <i>-0.1109 0.767225 0.631718 -0.992501 -0.0526214 -0.110327 -0.0514036 -0.639216 0.767307 -0.0643198 1.32927 3.35285</i>
                        <i>-0.121426 0.685185 0.718176 -0.992542 -0.0759301 -0.0953722 -0.0108165 -0.7244 0.689295 -0.0769292 1.31796 3.55672</i>
                    </KeyFrames>
                </p>
            </i>
            <i>
                <p>
                    <Name><![CDATA[spine2]]></Name>
                    <Exclude>0</Exclude>
                    <Additive>0</Additive>
                    <IKPriority>0</IKPriority>
                    <IKRotLimits>-1e+010 -1e+010 -1e+010 1e+010 1e+010 1e+010</IKRotLimits>
                    <IKRotLimitOrder>0</IKRotLimitOrder>
                    <KeyFrames count="19">
                        <i>-0.114905 0.508411 0.853414 -0.993375 -0.0601991 -0.0978864 0.00160823 -0.859008 0.51196 -0.0960943 1.42607 0.11709</i>
                        <i>-0.0871427 0.458069 0.884635 -0.994579 -0.0905768 -0.0510718 0.0567329 -0.88429 0.463479 -0.109017 1.3931 0.325933</i>
                        <i>-0.067363 0.420196 0.904929 -0.992322 -0.122509 -0.0169824 0.103726 -0.899125 0.425223 -0.120547 1.3636 0.533511</i>
                        <i>-0.045381 0.433479 0.90002 -0.989795 -0.141335 0.0181641 0.135078 -0.890011 0.43547 -0.115953 1.38938 0.730571</i>
                        <i>-0.0207632 0.507475 0.861416 -0.988968 -0.136821 0.0567661 0.146667 -0.850734 0.504717 -0.100974 1.44957 0.914661</i>
                        <i>-0.00063712 0.60253 0.798096 -0.990076 -0.112538 0.0841715 0.140532 -0.790122 0.596622 -0.079319 1.49003 1.09167</i>
                        <i>0.0134405 0.655693 0.754908 -0.992932 -0.0802862 0.0874128 0.117925 -0.750747 0.649979 -0.0539022 1.49229 1.27468</i>
                        <i>0.0166243 0.633456 0.7736 -0.996836 -0.049644 0.0620722 0.0777246 -0.772184 0.630627 -0.0274519 1.48236 1.47431</i>
                        <i>0.00703904 0.568353 0.822755 -0.99958 -0.0191204 0.0217601 0.0280988 -0.822563 0.567979 -0.00216717 1.46065 1.68373</i>
                        <i>-0.0130266 0.510609 0.859714 -0.999765 0.008266 -0.020058 -0.0173482 -0.859773 0.510381 0.0195005 1.4277 1.89248</i>
                        <i>-0.00944031 0.462958 0.88633 -0.997844 0.0532121 -0.0384224 -0.0649515 -0.884781 0.461458 0.0423648 1.39112 2.10138</i>
                        <i>0.00223658 0.426039 0.904702 -0.994101 0.0990521 -0.0441876 -0.108438 -0.899266 0.423747 0.0585841 1.37113 2.30789</i>
                        <i>-0.0129714 0.441848 0.896996 -0.9915 0.110461 -0.0687497 -0.12946 -0.890263 0.436659 0.0541731 1.39871 2.50309</i>
                        <i>-0.0414475 0.519205 0.853644 -0.989711 0.0957685 -0.106303 -0.136945 -0.849267 0.509894 0.0347891 1.45734 2.68592</i>
                        <i>-0.0715617 0.617761 0.783103 -0.988262 0.0623237 -0.139475 -0.134968 -0.783892 0.60605 0.00687259 1.49643 2.86164</i>
                        <i>-0.101573 0.674652 0.731114 -0.98724 0.022243 -0.157681 -0.122642 -0.737801 0.663784 -0.0250546 1.49499 3.04223</i>
                        <i>-0.126075 0.654187 0.745751 -0.987428 -0.0105008 -0.157721 -0.0953481 -0.75626 0.647286 -0.0565426 1.47865 3.24135</i>
                        <i>-0.134014 0.583391 0.801059 -0.989604 -0.0362113 -0.139185 -0.0521921 -0.811384 0.582179 -0.0822135 1.4528 3.45471</i>
                        <i>-0.114905 0.508411 0.853414 -0.993375 -0.0601991 -0.0978864 0.00160823 -0.859008 0.51196 -0.0960943 1.42607 3.67017</i>
                    </KeyFrames>
                </p>
            </i>
            <i>
                <p>
                    <Name><![CDATA[head]]></Name>
                    <Exclude>0</Exclude>
                    <Additive>0</Additive>
                    <IKPriority>0</IKPriority>
                    <IKRotLimits>-1e+010 -1e+010 -1e+010 1e+010 1e+010 1e+010</IKRotLimits>
                    <IKRotLimitOrder>0</IKRotLimitOrder>
                    <KeyFrames count="19">
                        <i>0.012256 0.906435 0.422168 -0.00701688 0.422268 -0.906444 -0.9999 0.00814708 0.0115357 -0.119805 1.56936 0.32747</i>
                        <i>0.00294322 0.893079 0.44989 -0.020923 0.449849 -0.89286 -0.999777 -0.00678519 0.0200099 -0.126158 1.5253 0.540445</i>
                        <i>-0.0159726 0.888187 0.459204 -0.027625 0.458695 -0.888164 -0.999491 -0.0268718 0.0172096 -0.134354 1.48812 0.750447</i>
                        <i>-0.0284353 0.902656 0.429423 -0.0303798 0.428618 -0.902975 -0.999134 -0.0387222 0.0152346 -0.126338 1.51758 0.944899</i>
                        <i>-0.030418 0.932882 0.358895 -0.0283229 0.358113 -0.933249 -0.999136 -0.0385525 0.0155289 -0.107418 1.59475 1.12064</i>
                        <i>-0.0284427 0.961555 0.273136 -0.0182138 0.272702 -0.961926 -0.999429 -0.0323346 0.00975721 -0.0830118 1.65717 1.28546</i>
                        <i>-0.0219375 0.974203 0.224604 -0.00100581 0.224637 -0.974442 -0.999759 -0.0216027 -0.0039481 -0.0561151 1.67187 1.46087</i>
                        <i>-0.0128914 0.96745 0.252734 0.0247032 0.252986 -0.967155 -0.999612 -0.00622467 -0.0271605 -0.0305525 1.65612 1.66629</i>
                        <i>-0.00724826 0.947301 0.320263 0.0541493 0.320174 -0.94581 -0.998507 0.0104866 -0.0536164 -0.00907107 1.6182 1.88755</i>
                        <i>-0.00944537 0.929783 0.367987 0.077577 0.367575 -0.926753 -0.996942 0.0197938 -0.0756016 0.00655771 1.5713 2.10323</i>
                        <i>0.0127415 0.916429 0.399994 0.0817109 0.397735 -0.913855 -0.996575 0.0443277 -0.0698145 0.030103 1.52426 2.31629</i>
                        <i>0.0479912 0.903463 0.425971 0.0716309 0.422252 -0.903644 -0.996276 0.0738797 -0.0444515 0.0502301 1.49651 2.52606</i>
                        <i>0.0590487 0.908948 0.412706 0.0587853 0.409544 -0.910394 -0.996523 0.0780187 -0.0292497 0.0438959 1.52796 2.7187</i>
                        <i>0.0572507 0.933568 0.353799 0.0463858 0.35151 -0.935034 -0.997282 0.0699426 -0.0231801 0.0196243 1.60429 2.89216</i>
                        <i>0.0526666 0.959438 0.276957 0.0320948 0.275573 -0.960744 -0.998096 0.059488 -0.0162795 -0.0133998 1.66622 3.05399</i>
                        <i>0.0438335 0.970245 0.238125 0.0176136 0.237566 -0.971212 -0.998884 0.0467659 -0.00667617 -0.0504893 1.67803 3.22546</i>
                        <i>0.0297289 0.960121 0.278001 0.00910828 0.277852 -0.960581 -0.999517 0.0310891 -0.00048481 -0.0859914 1.65633 3.42982</i>
                        <i>0.0161143 0.933414 0.358438 0.0042931 0.358417 -0.933552 -0.999861 0.0165824 0.00176841 -0.111885 1.61333 3.65578</i>
                        <i>0.012256 0.906435 0.422168 -0.00701688 0.422268 -0.906444 -0.9999 0.00814708 0.0115357 -0.119805 1.56935 3.88055</i>
                    </KeyFrames>
                </p>
            </i>
            <i>
                <p>
                    <Name><![CDATA[head_prop]]></Name>
                    <Exclude>0</Exclude>
                    <Additive>0</Additive>
                    <IKPriority>0</IKPriority>
                    <IKRotLimits>-1e+010 -1e+010 -1e+010 1e+010 1e+010 1e+010</IKRotLimits>
                    <IKRotLimitOrder>0</IKRotLimitOrder>
                    <KeyFrames count="19">
                        <i>0.9999 -0.00814708 -0.0115357 0.012256 0.906435 0.422168 0.00701688 -0.422268 0.906444 -0.11581 1.86477 0.465059</i>
                        <i>0.999777 0.00678519 -0.0200099 0.00294322 0.893079 0.44989 0.020923 -0.449849 0.89286 -0.125199 1.81636 0.687068</i>
                        <i>0.999491 0.0268718 -0.0172096 -0.0159726 0.888187 0.459204 0.027625 -0.458695 0.888164 -0.13956 1.77759 0.900106</i>
                        <i>0.999134 0.0387222 -0.0152346 -0.0284353 0.902656 0.429423 0.0303798 -0.428618 0.902975 -0.135606 1.81176 1.08485</i>
                        <i>0.999136 0.0385525 -0.0155289 -0.030418 0.932882 0.358895 0.0283229 -0.358113 0.933249 -0.117332 1.89879 1.2376</i>
                        <i>0.999429 0.0323346 -0.00975721 -0.0284427 0.961555 0.273136 0.0182138 -0.272702 0.961926 -0.0922815 1.97055 1.37447</i>
                        <i>0.999759 0.0216027 0.0039481 -0.0219375 0.974203 0.224604 0.00100581 -0.224637 0.974442 -0.0632647 1.98937 1.53407</i>
                        <i>0.999612 0.00622467 0.0271605 -0.0128914 0.96745 0.252734 -0.0247032 -0.252986 0.967155 -0.034754 1.97142 1.74866</i>
                        <i>0.998507 -0.0104866 0.0536164 -0.00724826 0.947301 0.320263 -0.0541493 -0.320174 0.94581 -0.0114333 1.92693 1.99192</i>
                        <i>0.996942 -0.0197938 0.0756016 -0.00944537 0.929783 0.367987 -0.077577 -0.367575 0.926753 0.00347938 1.87432 2.22316</i>
                        <i>0.996575 -0.0443277 0.0698145 0.0127415 0.916429 0.399994 -0.0817109 -0.397735 0.913855 0.0342556 1.82293 2.44665</i>
                        <i>0.996276 -0.0738797 0.0444515 0.0479912 0.903463 0.425971 -0.0716309 -0.422252 0.903644 0.0658709 1.79096 2.66488</i>
                        <i>0.996523 -0.0780187 0.0292497 0.0590487 0.908948 0.412706 -0.0587853 -0.409544 0.910394 0.0631404 1.8242 2.8532</i>
                        <i>0.997282 -0.0699426 0.0231801 0.0572507 0.933568 0.353799 -0.0463858 -0.35151 0.935034 0.0382828 1.90855 3.00746</i>
                        <i>0.998096 -0.059488 0.0162795 0.0526666 0.959438 0.276957 -0.0320948 -0.275573 0.960744 0.00376476 1.97891 3.14425</i>
                        <i>0.998884 -0.0467659 0.00667617 0.0438335 0.970245 0.238125 -0.0176136 -0.237566 0.971212 -0.0362035 1.99424 3.30307</i>
                        <i>0.999517 -0.0310891 0.00048481 0.0297289 0.960121 0.278001 -0.00910828 -0.277852 0.960581 -0.0763025 1.96924 3.52042</i>
                        <i>0.999861 -0.0165824 -0.00176841 0.0161143 0.933414 0.358438 -0.0042931 -0.358417 0.933552 -0.106633 1.91754 3.77259</i>
                        <i>0.9999 -0.00814708 -0.0115357 0.012256 0.906435 0.422168 0.00701688 -0.422268 0.906444 -0.11581 1.86477 4.01814</i>
                    </KeyFrames>
                </p>
            </i>
            <i>
                <p>
                    <Name><![CDATA[l_clav]]></Name>
                    <Exclude>0</Exclude>
                    <Additive>0</Additive>
                    <IKPriority>0</IKPriority>
                    <IKRotLimits>-1e+010 -1e+010 -1e+010 1e+010 1e+010 1e+010</IKRotLimits>
                    <IKRotLimitOrder>0</IKRotLimitOrder>
                    <KeyFrames count="19">
                        <i>0.738599 0.671034 0.0646926 -0.623808 0.64391 0.442993 0.255607 -0.36755 0.894188 -0.0206817 1.42804 0.193241</i>
                        <i>0.704879 0.707458 0.0514567 -0.636581 0.598921 0.485858 0.312906 -0.375228 0.872522 -0.0297892 1.39103 0.397267</i>
                        <i>0.656439 0.753309 0.0401693 -0.661128 0.548834 0.511558 0.363315 -0.362364 0.858309 -0.0380322 1.35988 0.601823</i>
                        <i>0.614195 0.789139 0.00491197 -0.679026 0.525301 0.512818 0.402104 -0.318306 0.858483 -0.0303717 1.38842 0.796839</i>
                        <i>0.594963 0.801855 -0.0551964 -0.684056 0.54122 0.489028 0.422003 -0.253196 0.87052 -0.0125832 1.45683 0.979926</i>
                        <i>0.608308 0.786847 -0.104081 -0.678022 0.583332 0.447224 0.412611 -0.201481 0.888346 0.0114783 1.50815 1.15632</i>
                        <i>0.654212 0.750644 -0.0924167 -0.659705 0.626128 0.415636 0.369859 -0.210947 0.904824 0.0386713 1.51658 1.33957</i>
                        <i>0.716261 0.697821 0.00402714 -0.63388 0.648194 0.421949 0.291834 -0.304778 0.906611 0.0656195 1.50348 1.54274</i>
                        <i>0.775446 0.615365 0.141453 -0.603742 0.657024 0.451458 0.184874 -0.435483 0.881009 0.0899977 1.47312 1.75735</i>
                        <i>0.817615 0.51274 0.261924 -0.571924 0.670791 0.472167 0.0664026 -0.535851 0.841697 0.109734 1.43164 1.97033</i>
                        <i>0.857251 0.384398 0.342576 -0.512721 0.698395 0.499361 -0.0473 -0.603724 0.795789 0.131687 1.3857 2.18103</i>
                        <i>0.886052 0.24961 0.390648 -0.438582 0.724353 0.531939 -0.15019 -0.642657 0.751289 0.146777 1.35741 2.38769</i>
                        <i>0.891454 0.164694 0.42212 -0.389158 0.755468 0.52709 -0.23209 -0.634148 0.737557 0.139505 1.38454 2.58415</i>
                        <i>0.886796 0.137158 0.441339 -0.361387 0.801051 0.477197 -0.288084 -0.582671 0.759936 0.1165 1.4515 2.76934</i>
                        <i>0.883616 0.154478 0.441995 -0.350852 0.843561 0.40658 -0.310042 -0.514336 0.799583 0.0848542 1.50362 2.94572</i>
                        <i>0.887171 0.237122 0.395854 -0.386461 0.850573 0.356615 -0.252141 -0.46936 0.846242 0.0495414 1.51166 3.12481</i>
                        <i>0.876635 0.377573 0.298244 -0.469919 0.805024 0.362094 -0.103377 -0.457575 0.883141 0.0159373 1.49515 3.32283</i>
                        <i>0.823703 0.536906 0.182335 -0.560901 0.724412 0.400772 0.0830909 -0.432389 0.897851 -0.00960925 1.46261 3.5348</i>
                        <i>0.738599 0.671034 0.0646926 -0.623808 0.64391 0.442993 0.255607 -0.36755 0.894188 -0.0206817 1.42803 3.74632</i>
                    </KeyFrames>
                </p>
            </i>
            <i>
                <p>
                    <Name><![CDATA[l_shoulder]]></Name>
                    <Exclude>0</Exclude>
                    <Additive>0</Additive>
                    <IKPriority>0</IKPriority>
                    <IKRotLimits>-1e+010 -1e+010 -1e+010 1e+010 1e+010 1e+010</IKRotLimits>
                    <IKRotLimitOrder>0</IKRotLimitOrder>
                    <KeyFrames count="19">
                        <i>0.703293 -0.584186 -0.405098 0.704199 0.494433 0.509548 -0.097377 -0.643632 0.759115 0.12525 1.56062 0.206023</i>
                        <i>0.672668 -0.512186 -0.534026 0.738792 0.505162 0.446092 0.0412873 -0.694606 0.718204 0.10948 1.53081 0.407434</i>
                        <i>0.623381 -0.371455 -0.688053 0.751262 0.528508 0.395327 0.216796 -0.763348 0.608522 0.091666 1.50871 0.60976</i>
                        <i>0.547301 -0.255861 -0.796867 0.755136 0.561506 0.338349 0.360876 -0.786922 0.500523 0.09098 1.54433 0.79781</i>
                        <i>0.47872 -0.228835 -0.847621 0.762075 0.587707 0.27174 0.435969 -0.776038 0.455736 0.104969 1.61526 0.96902</i>
                        <i>0.448388 -0.275469 -0.850332 0.777837 0.588935 0.219373 0.44036 -0.759784 0.478342 0.131667 1.66361 1.13575</i>
                        <i>0.451263 -0.334203 -0.827448 0.80453 0.553559 0.215183 0.386127 -0.762811 0.518677 0.167929 1.66489 1.32131</i>
                        <i>0.475481 -0.364655 -0.80059 0.832221 0.481456 0.274972 0.285179 -0.797011 0.532396 0.207137 1.64135 1.54353</i>
                        <i>0.509427 -0.410573 -0.75625 0.848699 0.384852 0.362765 0.142103 -0.826631 0.544507 0.243209 1.59471 1.78529</i>
                        <i>0.528488 -0.516346 -0.67386 0.848491 0.295409 0.439087 -0.0276564 -0.803816 0.594234 0.271277 1.53294 2.02208</i>
                        <i>0.485825 -0.664949 -0.567289 0.849052 0.204894 0.486959 -0.207569 -0.718235 0.664119 0.301061 1.46165 2.24871</i>
                        <i>0.392634 -0.805123 -0.444539 0.846153 0.126842 0.517625 -0.360366 -0.579385 0.73106 0.321842 1.40673 2.46488</i>
                        <i>0.305641 -0.911483 -0.275287 0.827879 0.111587 0.549696 -0.47032 -0.395914 0.788703 0.315638 1.41708 2.66755</i>
                        <i>0.238548 -0.968651 -0.0693525 0.801509 0.156056 0.57726 -0.548341 -0.193291 0.81361 0.291712 1.4786 2.85654</i>
                        <i>0.204442 -0.972079 0.115177 0.774759 0.232602 0.587916 -0.598291 -0.0309606 0.80068 0.259438 1.53414 3.03305</i>
                        <i>0.281205 -0.94853 0.145655 0.749149 0.311836 0.58441 -0.59975 -0.0552217 0.79828 0.224827 1.55851 3.20303</i>
                        <i>0.464648 -0.885372 -0.0147558 0.726441 0.371606 0.578094 -0.506345 -0.279329 0.815837 0.189142 1.56975 3.38175</i>
                        <i>0.630943 -0.73846 -0.237881 0.710031 0.426048 0.560659 -0.312676 -0.522647 0.793142 0.153137 1.56869 3.57082</i>
                        <i>0.703293 -0.584186 -0.405098 0.704199 0.494433 0.509548 -0.097377 -0.643632 0.759115 0.12525 1.56062 3.7591</i>
                    </KeyFrames>
                </p>
            </i>
            <i>
                <p>
                    <Name><![CDATA[l_elbow]]></Name>
                    <Exclude>0</Exclude>
                    <Additive>0</Additive>
                    <IKPriority>0</IKPriority>
                    <IKRotLimits>-1e+010 -1e+010 -1e+010 1e+010 1e+010 1e+010</IKRotLimits>
                    <IKRotLimitOrder>0</IKRotLimitOrder>
                    <KeyFrames count="19">
                        <i>0.079886 -0.770409 0.632525 0.7039 0.492898 0.511445 -0.705793 0.404377 0.581667 0.354015 1.3706 0.0742542</i>
                        <i>0.177784 -0.78674 0.591129 0.738837 0.503494 0.447899 -0.65001 0.357118 0.670786 0.328283 1.36421 0.233728</i>
                        <i>0.310312 -0.813537 0.491797 0.751744 0.52666 0.396875 -0.581882 0.24655 0.775001 0.294438 1.38789 0.385952</i>
                        <i>0.440926 -0.818799 0.367632 0.755978 0.559591 0.33964 -0.48382 0.128166 0.865732 0.269004 1.46111 0.538607</i>
                        <i>0.517895 -0.806933 0.283978 0.763106 0.585816 0.272927 -0.386593 0.075358 0.919167 0.260685 1.54083 0.693309</i>
                        <i>0.512031 -0.798381 0.31688 0.778882 0.587088 0.220615 -0.362171 0.13385 0.922451 0.277517 1.57401 0.859158</i>
                        <i>0.427768 -0.794012 0.431926 0.805442 0.551709 0.21652 -0.410216 0.255271 0.875534 0.314715 1.55618 1.05216</i>
                        <i>0.287298 -0.801364 0.524667 0.832885 0.479522 0.276337 -0.473036 0.357596 0.805209 0.3618 1.52274 1.28312</i>
                        <i>0.107936 -0.800329 0.589765 0.849011 0.382848 0.364154 -0.517233 0.461412 0.720811 0.408914 1.46116 1.5393</i>
                        <i>-0.0750527 -0.757192 0.648866 0.848384 0.293468 0.440592 -0.524034 0.583555 0.620364 0.443182 1.36499 1.80289</i>
                        <i>-0.233058 -0.685516 0.689747 0.848506 0.203175 0.488629 -0.475102 0.699133 0.534313 0.459089 1.24536 2.06419</i>
                        <i>-0.344049 -0.616017 0.708628 0.845236 0.125477 0.519453 -0.408908 0.777676 0.477509 0.449556 1.14484 2.32028</i>
                        <i>-0.410374 -0.552145 0.725761 0.826696 0.110686 0.551654 -0.384924 0.826368 0.411033 0.415056 1.12059 2.57801</i>
                        <i>-0.446997 -0.48922 0.748904 0.800139 0.155663 0.579263 -0.399964 0.858157 0.321864 0.369306 1.16352 2.83398</i>
                        <i>-0.459375 -0.435728 0.774026 0.773268 0.232612 0.589871 -0.437071 0.869502 0.230078 0.325938 1.21795 3.07051</i>
                        <i>-0.441481 -0.42624 0.789566 0.747648 0.311783 0.586357 -0.496102 0.849182 0.181031 0.316297 1.24998 3.2504</i>
                        <i>-0.360241 -0.513567 0.778765 0.725156 0.370992 0.580098 -0.586835 0.773702 0.23877 0.340281 1.28176 3.37695</i>
                        <i>-0.175213 -0.666802 0.724345 0.70921 0.424822 0.562626 -0.682877 0.612292 0.398468 0.358368 1.32848 3.49345</i>
                        <i>0.079886 -0.770409 0.632525 0.7039 0.492898 0.511445 -0.705793 0.404377 0.581667 0.354015 1.37059 3.62733</i>
                    </KeyFrames>
                </p>
            </i>
            <i>
                <p>
                    <Name><![CDATA[l_wrist]]></Name>
                    <Exclude>0</Exclude>
                    <Additive>0</Additive>
                    <IKPriority>0</IKPriority>
                    <IKRotLimits>-1e+010 -1e+010 -1e+010 1e+010 1e+010 1e+010</IKRotLimits>
                    <IKRotLimitOrder>0</IKRotLimitOrder>
                    <KeyFrames count="19">
                        <i>-0.196937 -0.611373 0.766446 0.864899 0.259807 0.429475 -0.461698 0.747478 0.477611 0.38 1.12 0.28</i>
                        <i>-0.00419791 -0.734312 0.6788 0.882387 0.316665 0.348019 -0.470507 0.600424 0.646617 0.386112 1.1083 0.426008</i>
                        <i>0.175497 -0.825179 0.536918 0.877356 0.378498 0.294934 -0.446595 0.419308 0.790401 0.395375 1.12326 0.545922</i>
                        <i>0.295059 -0.872687 0.389046 0.871402 0.412792 0.265068 -0.391916 0.260805 0.88226 0.412428 1.19477 0.658189</i>
                        <i>0.326828 -0.900966 0.285383 0.880329 0.400074 0.254875 -0.343808 0.16793 0.923902 0.429145 1.27835 0.78568</i>
                        <i>0.279651 -0.926365 0.252276 0.895591 0.346386 0.279165 -0.345993 0.147867 0.926512 0.444069 1.31431 0.962232</i>
                        <i>0.184071 -0.953344 0.239277 0.898922 0.261742 0.351326 -0.397564 0.150423 0.905161 0.453858 1.29791 1.19265</i>
                        <i>0.0601156 -0.982872 0.174208 0.874431 0.136024 0.465691 -0.481412 0.124337 0.867631 0.455252 1.26207 1.45378</i>
                        <i>-0.0762753 -0.99355 0.083909 0.813109 -0.0132739 0.581961 -0.577093 0.112616 0.808876 0.444024 1.20083 1.73114</i>
                        <i>-0.209562 -0.977386 0.0283026 0.722377 -0.135248 0.678144 -0.658981 0.162558 0.734384 0.41877 1.11869 2.01395</i>
                        <i>-0.355979 -0.934393 0.0137632 0.629234 -0.228781 0.742781 -0.6909 0.273074 0.669393 0.383281 1.02238 2.28855</i>
                        <i>-0.496362 -0.867352 0.0363974 0.548747 -0.280993 0.78735 -0.672682 0.410784 0.615431 0.337645 0.944465 2.55078</i>
                        <i>-0.59711 -0.793766 0.115737 0.488398 -0.245293 0.837436 -0.636339 0.556567 0.534141 0.28157 0.940993 2.81408</i>
                        <i>-0.665334 -0.705775 0.243335 0.45811 -0.128615 0.879542 -0.589462 0.696663 0.408895 0.223908 1.00439 3.07758</i>
                        <i>-0.702582 -0.597632 0.386283 0.465928 0.0239516 0.884498 -0.537856 0.801413 0.261625 0.176514 1.07621 3.32228</i>
                        <i>-0.683449 -0.494775 0.536744 0.539191 0.153512 0.828074 -0.492108 0.855354 0.161861 0.172693 1.11133 3.50723</i>
                        <i>-0.573456 -0.461645 0.676781 0.667569 0.215532 0.712669 -0.474868 0.860483 0.184582 0.223103 1.11471 3.63027</i>
                        <i>-0.391221 -0.519035 0.759966 0.786991 0.239388 0.568629 -0.477065 0.820546 0.314822 0.301375 1.11159 3.72906</i>
                        <i>-0.196937 -0.611373 0.766446 0.864899 0.259807 0.429475 -0.461698 0.747478 0.477611 0.38 1.12 3.83308</i>
                    </KeyFrames>
                </p>
            </i>
            <i>
                <p>
                    <Name><![CDATA[r_clav]]></Name>
                    <Exclude>0</Exclude>
                    <Additive>0</Additive>
                    <IKPriority>0</IKPriority>
                    <IKRotLimits>-1e+010 -1e+010 -1e+010 1e+010 1e+010 1e+010</IKRotLimits>
                    <IKRotLimitOrder>0</IKRotLimitOrder>
                    <KeyFrames count="19">
                        <i>0.944283 -0.222886 -0.242181 -0.315234 -0.824033 -0.47074 -0.0946439 0.520856 -0.848382 -0.192289 1.42325 0.181819</i>
                        <i>0.937863 -0.165937 -0.304759 -0.302035 -0.822761 -0.481497 -0.170846 0.543626 -0.821756 -0.201531 1.3811 0.39436</i>
                        <i>0.933415 -0.0951411 -0.345954 -0.266835 -0.828664 -0.492052 -0.239865 0.551602 -0.798874 -0.209313 1.34377 0.604299</i>
                        <i>0.926248 -0.0513185 -0.373404 -0.237546 -0.848652 -0.472611 -0.292636 0.526456 -0.798253 -0.201057 1.36798 0.804001</i>
                        <i>0.919822 -0.0581828 -0.387999 -0.230547 -0.880343 -0.414541 -0.317453 0.470756 -0.823172 -0.182887 1.43526 0.991479</i>
                        <i>0.919681 -0.113558 -0.375886 -0.251262 -0.905821 -0.341108 -0.30175 0.408157 -0.8616 -0.158809 1.48768 1.16995</i>
                        <i>0.922158 -0.195035 -0.334044 -0.301282 -0.903763 -0.304043 -0.242597 0.381017 -0.892173 -0.131997 1.49837 1.35153</i>
                        <i>0.919212 -0.278416 -0.278448 -0.366127 -0.864576 -0.344178 -0.144915 0.41832 -0.896665 -0.105653 1.48806 1.54826</i>
                        <i>0.901939 -0.369392 -0.223731 -0.431314 -0.796621 -0.423512 -0.0217869 0.478481 -0.877828 -0.0816085 1.46129 1.75363</i>
                        <i>0.867269 -0.468686 -0.167865 -0.486526 -0.726441 -0.485362 0.105538 0.50261 -0.858047 -0.0616315 1.42331 1.95741</i>
                        <i>0.802361 -0.581862 -0.132864 -0.556073 -0.647938 -0.520538 0.216793 0.491542 -0.843438 -0.0394546 1.38426 2.1634</i>
                        <i>0.719395 -0.68507 -0.114676 -0.624849 -0.566166 -0.537606 0.303372 0.458406 -0.835362 -0.0240956 1.3641 2.36871</i>
                        <i>0.653528 -0.754051 -0.0656372 -0.66207 -0.527467 -0.532393 0.36683 0.391391 -0.843949 -0.0309091 1.39436 2.56259</i>
                        <i>0.610476 -0.791808 0.0189559 -0.678061 -0.534847 -0.504155 0.409332 0.294921 -0.863405 -0.0534791 1.46069 2.74434</i>
                        <i>0.594635 -0.79727 0.103777 -0.681403 -0.568259 -0.461271 0.42673 0.203574 -0.881169 -0.0849093 1.51017 2.91852</i>
                        <i>0.651396 -0.750602 0.110813 -0.650095 -0.627446 -0.428587 0.391228 0.207142 -0.896679 -0.120281 1.5151 3.09741</i>
                        <i>0.77608 -0.630565 0.00935934 -0.56659 -0.703705 -0.42869 0.276903 0.327395 -0.903403 -0.154267 1.49604 3.29768</i>
                        <i>0.89156 -0.43472 -0.12704 -0.442102 -0.774466 -0.452492 0.0983191 0.459588 -0.882673 -0.180485 1.46093 3.51477</i>
                        <i>0.944283 -0.222886 -0.242181 -0.315234 -0.824033 -0.47074 -0.0946439 0.520856 -0.848382 -0.192289 1.42325 3.7349</i>
                    </KeyFrames>
                </p>
            </i>
            <i>
                <p>
                    <Name><![CDATA[r_shoulder]]></Name>
                    <Exclude>0</Exclude>
                    <Additive>0</Additive>
                    <IKPriority>0</IKPriority>
                    <IKRotLimits>-1e+010 -1e+010 -1e+010 1e+010 1e+010 1e+010</IKRotLimits>
                    <IKRotLimitOrder>0</IKRotLimitOrder>
                    <KeyFrames count="19">
                        <i>0.661631 0.222706 0.715993 0.732698 -0.394967 -0.554215 0.159367 0.891293 -0.424499 -0.378858 1.46729 0.229671</i>
                        <i>0.697189 0.430396 0.573313 0.713859 -0.343363 -0.610334 -0.065831 0.834782 -0.54663 -0.386832 1.41389 0.454577</i>
                        <i>0.630587 0.687011 0.361075 0.700046 -0.302603 -0.646814 -0.335106 0.660641 -0.671757 -0.393735 1.36257 0.672655</i>
                        <i>0.476767 0.873417 0.0991795 0.685971 -0.299127 -0.6633 -0.54967 0.384274 -0.741753 -0.384064 1.37812 0.87778</i>
                        <i>0.321781 0.935932 -0.143138 0.675004 -0.332781 -0.658503 -0.663948 0.115276 -0.73884 -0.364624 1.44676 1.06814</i>
                        <i>0.26863 0.928646 -0.255842 0.677076 -0.37096 -0.635576 -0.685132 -0.00248956 -0.728414 -0.340518 1.51012 1.24422</i>
                        <i>0.330803 0.924322 -0.190259 0.693423 -0.37483 -0.615359 -0.640104 0.0716322 -0.764941 -0.314195 1.53691 1.41753</i>
                        <i>0.430026 0.902397 0.0274971 0.724493 -0.326755 -0.606911 -0.53869 0.280909 -0.794294 -0.287269 1.54308 1.60328</i>
                        <i>0.514652 0.792366 0.327551 0.767377 -0.255273 -0.588191 -0.382447 0.554069 -0.73942 -0.259811 1.53428 1.79784</i>
                        <i>0.546523 0.589436 0.594876 0.812968 -0.202946 -0.545798 -0.200985 0.781907 -0.590107 -0.232983 1.51591 1.99058</i>
                        <i>0.545667 0.332889 0.769046 0.837741 -0.193817 -0.510513 -0.0208897 0.922832 -0.384635 -0.197982 1.49923 2.18965</i>
                        <i>0.517515 0.100281 0.849777 0.84529 -0.21416 -0.48951 0.1329 0.971637 -0.195598 -0.16623 1.49946 2.39137</i>
                        <i>0.471571 -0.0106944 0.881763 0.852709 -0.249309 -0.459056 0.224741 0.968365 -0.108448 -0.160029 1.54335 2.57556</i>
                        <i>0.437865 -0.000602121 0.899041 0.858005 -0.29839 -0.418079 0.268516 0.954444 -0.130138 -0.174093 1.61714 2.7406</i>
                        <i>0.426588 0.0701575 0.901721 0.85892 -0.34375 -0.379594 0.283335 0.936437 -0.206899 -0.202393 1.6677 2.89801</i>
                        <i>0.437752 0.112006 0.892092 0.85436 -0.3609 -0.373924 0.280074 0.925854 -0.253678 -0.24898 1.6634 3.07552</i>
                        <i>0.482453 0.104343 0.869685 0.835416 -0.353255 -0.42106 0.263286 0.92969 -0.257599 -0.307602 1.62063 3.29584</i>
                        <i>0.565871 0.133627 0.813593 0.792803 -0.35914 -0.492425 0.226392 0.923668 -0.309167 -0.356637 1.54682 3.53988</i>
                        <i>0.661631 0.222706 0.715993 0.732698 -0.394967 -0.554215 0.159367 0.891293 -0.424499 -0.378858 1.46729 3.78275</i>
                    </KeyFrames>
                </p>
            </i>
            <i>
                <p>
                    <Name><![CDATA[r_elbow]]></Name>
                    <Exclude>0</Exclude>
                    <Additive>0</Additive>
                    <IKPriority>0</IKPriority>
                    <IKRotLimits>-1e+010 -1e+010 -1e+010 1e+010 1e+010 1e+010</IKRotLimits>
                    <IKRotLimitOrder>0</IKRotLimitOrder>
                    <KeyFrames count="19">
                        <i>0.0489809 0.844977 -0.532555 0.733266 -0.392456 -0.555247 -0.678176 -0.363308 -0.638815 -0.594066 1.39485 -0.00322908</i>
                        <i>-0.181977 0.753176 -0.632147 0.71381 -0.340966 -0.611733 -0.676284 -0.562554 -0.475577 -0.613606 1.27389 0.268086</i>
                        <i>-0.368903 0.625367 -0.687624 0.699248 -0.300662 -0.648579 -0.612342 -0.720082 -0.326372 -0.598845 1.1391 0.5552</i>
                        <i>-0.462055 0.528506 -0.71217 0.684583 -0.297944 -0.665263 -0.563782 -0.794928 -0.22414 -0.539139 1.09402 0.845514</i>
