<?xml version="1.0" encoding="ISO-8859-1" ?>
<Animl Version="1">
    <ModellingPackage><![CDATA[Maya.2010]]></ModellingPackage>
    <SrcFile><![CDATA[anims\characters\shared\base_soldier\~src\infantry\russian_prisoner_help02.mb]]></SrcFile>
    <FramesPerSecond>24</FramesPerSecond>
    <TotalFrames>21</TotalFrames>
    <Skeleton>
        <RefFrame>
            <Name><![CDATA[soldier_ref_frame]]></Name>
            <Exclude>0</Exclude>
            <Additive>0</Additive>
            <IKPriority>0</IKPriority>
            <IKRotLimits>-1e+010 -1e+010 -1e+010 1e+010 1e+010 1e+010</IKRotLimits>
            <IKRotLimitOrder>0</IKRotLimitOrder>
            <KeyFrames count="21">
                <i>1 0 0 0 1 0 0 0 1 0 0 0</i>
                <i>1 0 0 0 1 0 0 0 1 0 0 0</i>
                <i>1 0 0 0 1 0 0 0 1 0 0 0</i>
                <i>1 0 0 0 1 0 0 0 1 0 0 0</i>
                <i>1 0 0 0 1 0 0 0 1 0 0 0</i>
                <i>1 0 0 0 1 0 0 0 1 0 0 0</i>
                <i>1 0 0 0 1 0 0 0 1 0 0 0</i>
                <i>1 0 0 0 1 0 0 0 1 0 0 0</i>
                <i>1 0 0 0 1 0 0 0 1 0 0 0</i>
                <i>1 0 0 0 1 0 0 0 1 0 0 0</i>
                <i>1 0 0 0 1 0 0 0 1 0 0 0</i>
                <i>1 0 0 0 1 0 0 0 1 0 0 0</i>
                <i>1 0 0 0 1 0 0 0 1 0 0 0</i>
                <i>1 0 0 0 1 0 0 0 1 0 0 0</i>
                <i>1 0 0 0 1 0 0 0 1 0 0 0</i>
                <i>1 0 0 0 1 0 0 0 1 0 0 0</i>
                <i>1 0 0 0 1 0 0 0 1 0 0 0</i>
                <i>1 0 0 0 1 0 0 0 1 0 0 0</i>
                <i>1 0 0 0 1 0 0 0 1 0 0 0</i>
                <i>1 0 0 0 1 0 0 0 1 0 0 0</i>
                <i>1 0 0 0 1 0 0 0 1 0 0 0</i>
            </KeyFrames>
        </RefFrame>
        <Bones count="23">
            <i>
                <p>
                    <Name><![CDATA[pelvis]]></Name>
                    <Exclude>0</Exclude>
                    <Additive>0</Additive>
                    <IKPriority>0</IKPriority>
                    <IKRotLimits>-1e+010 -1e+010 -1e+010 1e+010 1e+010 1e+010</IKRotLimits>
                    <IKRotLimitOrder>2</IKRotLimitOrder>
                    <KeyFrames count="21">
                        <i>1 0 0 0 1 0 0 0 1 0.02 0.8 0.06</i>
                        <i>1 0 0 0 1 0 0 0 1 0.02 0.942554 0.06</i>
                        <i>1 0 0 0 1 0 0 0 1 0.02 1.07367 0.06</i>
                        <i>1 0 0 0 1 0 0 0 1 0.02 1.19251 0.06</i>
                        <i>1 0 0 0 1 0 0 0 1 0.02 1.29823 0.06</i>
                        <i>1 0 0 0 1 0 0 0 1 0.02 1.38999 0.06</i>
                        <i>1 0 0 0 1 0 0 0 1 0.02 1.46695 0.06</i>
                        <i>1 0 0 0 1 0 0 0 1 0.02 1.52828 0.06</i>
                        <i>1 0 0 0 1 0 0 0 1 0.02 1.57312 0.06</i>
                        <i>1 0 0 0 1 0 0 0 1 0.02 1.60064 0.06</i>
                        <i>1 0 0 0 1 0 0 0 1 0.02 1.61 0.06</i>
                        <i>1 0 0 0 1 0 0 0 1 0.02 1.60221 0.06</i>
                        <i>1 0 0 0 1 0 0 0 1 0.02 1.57872 0.06</i>
                        <i>1 0 0 0 1 0 0 0 1 0.02 1.53931 0.06</i>
                        <i>1 0 0 0 1 0 0 0 1 0.02 1.48376 0.06</i>
                        <i>1 0 0 0 1 0 0 0 1 0.02 1.41188 0.06</i>
                        <i>1 0 0 0 1 0 0 0 1 0.02 1.32344 0.06</i>
                        <i>1 0 0 0 1 0 0 0 1 0.02 1.21825 0.06</i>
                        <i>1 0 0 0 1 0 0 0 1 0.02 1.09608 0.06</i>
                        <i>1 0 0 0 1 0 0 0 1 0.02 0.956735 0.06</i>
                        <i>1 0 0 0 1 0 0 0 1 0.02 0.8 0.06</i>
                    </KeyFrames>
                </p>
            </i>
            <i>
                <p>
                    <Name><![CDATA[spine0]]></Name>
                    <Exclude>0</Exclude>
                    <Additive>0</Additive>
                    <IKPriority>0</IKPriority>
                    <IKRotLimits>-1e+010 -1e+010 -1e+010 1e+010 1e+010 1e+010</IKRotLimits>
                    <IKRotLimitOrder>0</IKRotLimitOrder>
                    <KeyFrames count="21">
                        <i>0.0286312 0.985604 -0.166627 -0.995662 0.0133557 -0.0920828 -0.0885318 0.16854 0.981711 0.0335286 0.933841 0.00901287</i>
                        <i>0.0288145 0.990988 -0.130811 -0.995648 0.0168505 -0.0916622 -0.088632 0.132883 0.987161 0.0326734 1.07882 0.0156441</i>
                        <i>0.0245697 0.995917 -0.0868705 -0.995775 0.0166897 -0.0902998 -0.0884813 0.0887221 0.992119 0.0310474 1.21297 0.0257809</i>
                        <i>0.017903 0.998957 -0.0420007 -0.996064 0.0141724 -0.0874967 -0.0868102 0.0434019 0.995279 0.0290687 1.33403 0.0357973</i>
                        <i>0.0105944 0.999941 -0.00233442 -0.996494 0.010364 -0.0830208 -0.0829917 0.00320579 0.996545 0.0271748 1.44076 0.0418208</i>
                        <i>0.00391172 0.999625 0.0270889 -0.996986 0.00599735 -0.0773444 -0.0774779 -0.0267048 0.996636 0.0256478 1.53254 0.0414725</i>
                        <i>-0.00183558 0.999096 0.0424779 -0.997432 0.00121215 -0.0716117 -0.0715985 -0.0425002 0.996528 0.0244965 1.60866 0.0356206</i>
                        <i>-0.00666589 0.99912 0.0413993 -0.997773 -0.00389765 -0.066591 -0.0663711 -0.041751 0.996921 0.023723 1.66788 0.0254589</i>
                        <i>-0.0105071 0.999691 0.022514 -0.997995 -0.00907864 -0.0626375 -0.0624138 -0.023127 0.997782 0.0233875 1.70867 0.0119407</i>
                        <i>-0.0132276 0.999823 -0.0133761 -0.998121 -0.0140032 -0.0596581 -0.0598349 0.0125618 0.998129 0.023573 1.72952 -0.00381982</i>
                        <i>-0.0145678 0.997797 -0.0647157 -0.998199 -0.01828 -0.0571453 -0.0582025 0.0637666 0.996266 0.0243605 1.72911 -0.0205643</i>
                        <i>-0.0145706 0.992361 -0.122506 -0.998295 -0.0213639 -0.0543229 -0.0565251 0.121506 0.99098 0.0256832 1.70924 -0.0359662</i>
                        <i>-0.0134559 0.984752 -0.173445 -0.998421 -0.0226928 -0.0513828 -0.0545352 0.17248 0.983502 0.0271501 1.67565 -0.0460678</i>
                        <i>-0.0109035 0.97703 -0.212822 -0.998468 -0.0221855 -0.0506953 -0.0542524 0.211943 0.975775 0.0284577 1.63383 -0.048118</i>
                        <i>-0.00715501 0.973639 -0.227982 -0.998166 -0.0206601 -0.0569064 -0.0601164 0.227156 0.972001 0.0292745 1.58987 -0.0367046</i>
                        <i>-0.00349285 0.977323 -0.211723 -0.997437 -0.0185354 -0.0691053 -0.0714626 0.210939 0.974883 0.0296206 1.53456 -0.0145153</i>
                        <i>0.000848199 0.981008 -0.193966 -0.996611 -0.0151241 -0.0808505 -0.0822486 0.193377 0.977671 0.0301174 1.4554 0.003606</i>
                        <i>0.00771122 0.981064 -0.19353 -0.996109 -0.00945503 -0.0876206 -0.0877913 0.193452 0.977174 0.0312502 1.35234 0.00912777</i>
                        <i>0.0156516 0.980802 -0.194379 -0.99585 -0.00213972 -0.0909835 -0.0896527 0.194996 0.976698 0.0324779 1.23007 0.00913377</i>
                        <i>0.0231738 0.981913 -0.187907 -0.995737 0.00588381 -0.092054 -0.0892834 0.18924 0.977863 0.0333804 1.09009 0.00772027</i>
                        <i>0.0286312 0.985604 -0.166627 -0.995662 0.0133557 -0.0920828 -0.0885318 0.16854 0.981711 0.0335286 0.933841 0.00901287</i>
                    </KeyFrames>
                </p>
            </i>
            <i>
                <p>
                    <Name><![CDATA[spine1]]></Name>
                    <Exclude>0</Exclude>
                    <Additive>0</Additive>
                    <IKPriority>0</IKPriority>
                    <IKRotLimits>-1e+010 -1e+010 -1e+010 1e+010 1e+010 1e+010</IKRotLimits>
                    <IKRotLimitOrder>0</IKRotLimitOrder>
                    <KeyFrames count="21">
                        <i>-0.016374 0.924138 -0.381708 -0.999579 -0.00598805 0.0283813 0.0239426 0.382012 0.923847 0.0384256 1.10243 -0.0194854</i>
                        <i>-0.0126169 0.916343 -0.400195 -0.999605 -0.0015019 0.0280754 0.0251257 0.400391 0.916 0.0376354 1.24946 -0.00688474</i>
                        <i>-0.0103347 0.91145 -0.411281 -0.99961 0.00125165 0.027892 0.0259369 0.411409 0.911082 0.0353086 1.38565 0.0107067</i>
                        <i>-0.0100353 0.914164 -0.40522 -0.99957 0.00200055 0.0292676 0.027566 0.40534 0.91375 0.0321899 1.50811 0.0284616</i>
                        <i>-0.0122191 0.928038 -0.372286 -0.99947 -0.000106216 0.0325397 0.0301585 0.372486 0.927548 0.0290212 1.6149 0.0413982</i>
                        <i>-0.0166938 0.951047 -0.308595 -0.999301 -0.00554456 0.0369708 0.0334499 0.308997 0.950475 0.0263247 1.70537 0.0461475</i>
                        <i>-0.0222933 0.974647 -0.222636 -0.999039 -0.0133148 0.0417482 0.0377254 0.223353 0.974007 0.0241821 1.7797 0.0428943</i>
                        <i>-0.0281881 0.991949 -0.12346 -0.998655 -0.0225693 0.0466757 0.0435135 0.12461 0.991251 0.0225891 1.83774 0.0325063</i>
                        <i>-0.0338092 0.999172 -0.0226196 -0.998122 -0.0325994 0.0518715 0.0510912 0.0243308 0.998398 0.0215988 1.87881 0.0157805</i>
                        <i>-0.0387789 0.997029 0.0665469 -0.997426 -0.0426417 0.0576421 0.0603085 -0.0641403 0.996117 0.0212942 1.90179 -0.00612926</i>
                        <i>-0.0428135 0.990321 0.132028 -0.996593 -0.0516567 0.0642975 0.0704953 -0.128826 0.989158 0.0217931 1.90508 -0.032007</i>
                        <i>-0.045917 0.983889 0.172786 -0.995693 -0.0590232 0.0714928 0.0805394 -0.168759 0.982361 0.0230382 1.88961 -0.0582959</i>
                        <i>-0.0477891 0.981495 0.185426 -0.995097 -0.0628747 0.0763459 0.0865918 -0.180868 0.979688 0.0246487 1.85905 -0.0784618</i>
                        <i>-0.0485056 0.985908 0.160102 -0.995369 -0.0610324 0.074274 0.0829987 -0.155757 0.984302 0.0264267 1.81625 -0.0879495</i>
                        <i>-0.0476541 0.996755 0.0648726 -0.996818 -0.0516105 0.0607433 0.0638943 -0.0617716 0.996043 0.0279892 1.76519 -0.0778109</i>
                        <i>-0.0426251 0.994361 -0.0971072 -0.998286 -0.038488 0.0440861 0.0401 0.0988199 0.994297 0.0290202 1.70263 -0.0509276</i>
                        <i>-0.0346623 0.97071 -0.237743 -0.999067 -0.0275217 0.0332898 0.0257716 0.238675 0.970758 0.0302594 1.62109 -0.0291381</i>
                        <i>-0.029002 0.95128 -0.306962 -0.999366 -0.021249 0.0285698 0.0206552 0.307596 0.951293 0.0325507 1.51799 -0.0235314</i>
                        <i>-0.0247819 0.939253 -0.342329 -0.999498 -0.0165193 0.0270315 0.0197344 0.342827 0.939191 0.0351271 1.39616 -0.0237692</i>
                        <i>-0.0209827 0.932069 -0.361673 -0.999551 -0.0118149 0.0275414 0.0213974 0.362088 0.931898 0.0373201 1.25706 -0.0242227</i>
                        <i>-0.016374 0.924138 -0.381708 -0.999579 -0.00598805 0.0283813 0.0239426 0.382012 0.923847 0.0384256 1.10243 -0.0194854</i>
                    </KeyFrames>
                </p>
            </i>
            <i>
                <p>
                    <Name><![CDATA[spine2]]></Name>
                    <Exclude>0</Exclude>
                    <Additive>0</Additive>
                    <IKPriority>0</IKPriority>
                    <IKRotLimits>-1e+010 -1e+010 -1e+010 1e+010 1e+010 1e+010</IKRotLimits>
                    <IKRotLimitOrder>0</IKRotLimitOrder>
                    <KeyFrames count="21">
                        <i>0.012319 0.935862 -0.352151 -0.989944 0.0610487 0.12761 0.140924 0.347038 0.927203 0.0359622 1.24831 -0.0797199</i>
                        <i>0.00892644 0.912537 -0.408896 -0.989718 0.0664374 0.126663 0.142751 0.403562 0.903748 0.0357526 1.39514 -0.0704544</i>
                        <i>0.00577749 0.900936 -0.433913 -0.98966 0.0673393 0.12664 0.143314 0.428695 0.89201 0.0337777 1.53163 -0.0550718</i>
                        <i>0.0022042 0.903371 -0.428853 -0.989641 0.0635312 0.128741 0.143546 0.424127 0.894154 0.0306991 1.65529 -0.036661</i>
                        <i>-0.00242641 0.918492 -0.395433 -0.989506 0.0549229 0.133644 0.144469 0.391608 0.90872 0.0271797 1.76423 -0.0183874</i>
                        <i>-0.00828089 0.941158 -0.337866 -0.989127 0.0419031 0.140968 0.146831 0.33536 0.930578 0.0237818 1.85724 -0.00304963</i>
                        <i>-0.0143211 0.964864 -0.262361 -0.988442 0.0259427 0.149362 0.15092 0.261468 0.95334 0.0207795 1.93372 0.00774179</i>
                        <i>-0.0194313 0.984816 -0.172508 -0.987446 0.00814894 0.157747 0.156757 0.173407 0.972295 0.018287 1.99331 0.0131342</i>
                        <i>-0.0226875 0.996946 -0.0747203 -0.986224 -0.0100687 0.165109 0.163852 0.0774369 0.983441 0.016414 2.03557 0.0122118</i>
                        <i>-0.0234018 0.999524 0.0200968 -0.985015 -0.0264887 0.170423 0.170874 -0.0158074 0.985166 0.0152635 2.06001 0.00444287</i>
                        <i>-0.0212312 0.994813 0.099481 -0.984205 -0.0382891 0.172843 0.175756 -0.09424 0.979913 0.0149747 2.06581 -0.010492</i>
                        <i>-0.0167256 0.986765 0.161292 -0.98412 -0.0447576 0.171771 0.176717 -0.155857 0.971843 0.0155025 2.05408 -0.0292223</i>
                        <i>-0.011056 0.979316 0.202036 -0.984823 -0.0456627 0.167446 0.173208 -0.197118 0.964958 0.0166125 2.02709 -0.0464368</i>
                        <i>-0.00516884 0.976692 0.214582 -0.986086 -0.0406338 0.161196 0.166158 -0.210763 0.963312 0.018242 1.98548 -0.0601801</i>
                        <i>0.00100376 0.984044 0.177922 -0.987697 -0.0268478 0.154061 0.15638 -0.175888 0.97191 0.0202188 1.93028 -0.0669006</i>
                        <i>0.00856855 0.996655 0.0812784 -0.989164 -0.00346515 0.146771 0.146561 -0.0816553 0.985826 0.0223823 1.86008 -0.0662915</i>
                        <i>0.0154169 0.999428 -0.0300906 -0.98996 0.0194858 0.139995 0.140502 0.0276302 0.989695 0.0249766 1.77221 -0.0661861</i>
                        <i>0.0181902 0.993241 -0.114635 -0.990322 0.0336766 0.134643 0.137594 0.111077 0.984241 0.028151 1.6661 -0.0713564</i>
                        <i>0.018074 0.981347 -0.191395 -0.990432 0.0437674 0.130881 0.136816 0.187198 0.972748 0.0313738 1.54287 -0.0772599</i>
                        <i>0.0158754 0.963217 -0.268256 -0.990291 0.0522031 0.128838 0.138103 0.263606 0.954693 0.0341475 1.40328 -0.0809646</i>
                        <i>0.012319 0.935862 -0.352151 -0.989944 0.0610487 0.12761 0.140924 0.347038 0.927203 0.0359622 1.24831 -0.0797199</i>
                    </KeyFrames>
                </p>
            </i>
            <i>
                <p>
                    <Name><![CDATA[head]]></Name>
                    <Exclude>0</Exclude>
                    <Additive>0</Additive>
                    <IKPriority>0</IKPriority>
                    <IKRotLimits>-1e+010 -1e+010 -1e+010 1e+010 1e+010 1e+010</IKRotLimits>
                    <IKRotLimitOrder>0</IKRotLimitOrder>
                    <KeyFrames count="21">
                        <i>-0.0709882 0.645284 -0.760637 -0.0530781 -0.763924 -0.643119 -0.996064 -0.00528071 0.08848 0.0413562 1.48715 -0.174133</i>
                        <i>-0.0822514 0.562409 -0.822758 -0.0480169 -0.826833 -0.560394 -0.995454 -0.00658688 0.0950133 0.0394922 1.62788 -0.180458</i>
                        <i>-0.0920701 0.524065 -0.846687 -0.0424664 -0.851592 -0.522483 -0.994847 -0.0121493 0.100661 0.0359176 1.76208 -0.170944</i>
                        <i>-0.100804 0.522653 -0.846565 -0.0372522 -0.852286 -0.521748 -0.994209 -0.0210581 0.105384 0.031239 1.88718 -0.150354</i>
                        <i>-0.108896 0.546309 -0.830474 -0.0330421 -0.83697 -0.54625 -0.993504 -0.0320437 0.109194 0.0260562 2.0001 -0.123272</i>
                        <i>-0.116747 0.580659 -0.805733 -0.0299558 -0.81297 -0.581534 -0.99271 -0.0437562 0.112306 0.0209109 2.09803 -0.0944683</i>
                        <i>-0.123901 0.618318 -0.7761 -0.0283178 -0.784011 -0.6201 -0.99189 -0.0548537 0.114649 0.0162954 2.17927 -0.0673994</i>
                        <i>-0.129441 0.657873 -0.741922 -0.0286475 -0.750386 -0.660379 -0.991173 -0.0642258 0.115977 0.0125816 2.24309 -0.0438453</i>
                        <i>-0.132402 0.698178 -0.703574 -0.031246 -0.712411 -0.701067 -0.990704 -0.0708386 0.11614 0.0100897 2.28889 -0.0257841</i>
                        <i>-0.131739 0.738176 -0.661621 -0.0361461 -0.670571 -0.740964 -0.990625 -0.0736986 0.115022 0.00909514 2.31624 -0.0151717</i>
                        <i>-0.126309 0.776906 -0.616817 -0.0430357 -0.625503 -0.779034 -0.991057 -0.0718535 0.112441 0.00987309 2.32459 -0.0139368</i>
                        <i>-0.114311 0.833717 -0.54023 -0.0542131 -0.54822 -0.834575 -0.991965 -0.0661133 0.107866 0.0122855 2.31534 -0.0182764</i>
                        <i>-0.0969573 0.896608 -0.432081 -0.0659092 -0.438958 -0.896087 -0.993104 -0.0584041 0.101655 0.01572 2.29013 -0.0236333</i>
                        <i>-0.0797316 0.93412 -0.34794 -0.071283 -0.3535 -0.932715 -0.994264 -0.0495646 0.094772 0.0197829 2.24878 -0.030802</i>
                        <i>-0.0662115 0.947767 -0.312017 -0.0708667 -0.31638 -0.945982 -0.995286 -0.0405232 0.0881131 0.0241006 2.1913 -0.0405816</i>
                        <i>-0.0565114 0.948538 -0.31158 -0.0682776 -0.31502 -0.946626 -0.996064 -0.0322213 0.0825661 0.0283246 2.11771 -0.053768</i>
                        <i>-0.0511896 0.934281 -0.352842 -0.0649522 -0.355672 -0.932351 -0.996574 -0.0248088 0.0788904 0.032344 2.02752 -0.0725767</i>
                        <i>-0.0497716 0.901257 -0.430416 -0.0619205 -0.432905 -0.89931 -0.996839 -0.0181086 0.0773527 0.0360767 1.91981 -0.0968525</i>
                        <i>-0.0523665 0.844443 -0.53308 -0.0594436 -0.535501 -0.84244 -0.996857 -0.0124275 0.0782391 0.039147 1.79399 -0.123793</i>
                        <i>-0.0593351 0.759502 -0.647793 -0.0569666 -0.650455 -0.757405 -0.996611 -0.00803817 0.081861 0.041083 1.64974 -0.150525</i>
                        <i>-0.0709882 0.645284 -0.760637 -0.0530781 -0.763924 -0.643119 -0.996064 -0.00528071 0.08848 0.0413562 1.48715 -0.174133</i>
                    </KeyFrames>
                </p>
            </i>
            <i>
                <p>
                    <Name><![CDATA[head_prop]]></Name>
                    <Exclude>0</Exclude>
                    <Additive>0</Additive>
                    <IKPriority>0</IKPriority>
                    <IKRotLimits>-1e+010 -1e+010 -1e+010 1e+010 1e+010 1e+010</IKRotLimits>
                    <IKRotLimitOrder>0</IKRotLimitOrder>
                    <KeyFrames count="21">
                        <i>0.996064 0.00528071 -0.08848 -0.0709882 0.645284 -0.760637 0.0530781 0.763924 0.643119 0.0182205 1.69746 -0.422031</i>
                        <i>0.995454 0.00658688 -0.0950133 -0.0822514 0.562409 -0.822758 0.0480169 0.826833 0.560394 0.0126857 1.81117 -0.448602</i>
                        <i>0.994847 0.0121493 -0.100661 -0.0920701 0.524065 -0.846687 0.0424664 0.851592 0.522483 0.00591108 1.93288 -0.446887</i>
                        <i>0.994209 0.0210581 -0.105384 -0.100804 0.522653 -0.846565 0.0372522 0.852286 0.521748 -0.001614 2.05751 -0.426257</i>
                        <i>0.993504 0.0320437 -0.109194 -0.108896 0.546309 -0.830474 0.0330421 0.83697 0.54625 -0.00943393 2.17815 -0.393931</i>
                        <i>0.99271 0.0437562 -0.112306 -0.116747 0.580659 -0.805733 0.0299558 0.81297 0.581534 -0.0171382 2.28727 -0.357064</i>
                        <i>0.99189 0.0548537 -0.114649 -0.123901 0.618318 -0.7761 0.0283178 0.784011 0.6201 -0.0240851 2.38079 -0.320337</i>
                        <i>0.991173 0.0642258 -0.115977 -0.129441 0.657873 -0.741922 0.0286475 0.750386 0.660379 -0.0296044 2.45749 -0.285644</i>
                        <i>0.990704 0.0708386 -0.11614 -0.132402 0.698178 -0.703574 0.031246 0.712411 0.701067 -0.0330613 2.51643 -0.255085</i>
                        <i>0.990625 0.0736986 -0.115022 -0.131739 0.738176 -0.661621 0.0361461 0.670571 0.740964 -0.0338397 2.55681 -0.2308</i>
                        <i>0.991057 0.0718535 -0.112441 -0.126309 0.776906 -0.616817 0.0430357 0.625503 0.779034 -0.031292 2.57779 -0.214963</i>
                        <i>0.991965 0.0661133 -0.107866 -0.114311 0.833717 -0.54023 0.0542131 0.54822 0.834575 -0.0249694 2.58705 -0.194342</i>
                        <i>0.993104 0.0584041 -0.101655 -0.0969573 0.896608 -0.432081 0.0659092 0.438958 0.896087 -0.0158792 2.58234 -0.164452</i>
                        <i>0.994264 0.0495646 -0.094772 -0.0797316 0.93412 -0.34794 0.071283 0.3535 0.932715 -0.00620231 2.55322 -0.144199</i>
                        <i>0.995286 0.0405232 -0.0881131 -0.0662115 0.947767 -0.312017 0.0708667 0.31638 0.945982 0.00252166 2.50019 -0.142271</i>
                        <i>0.996064 0.0322213 -0.0825661 -0.0565114 0.948538 -0.31158 0.0682776 0.31502 0.946626 0.00990698 2.42685 -0.155315</i>
                        <i>0.996574 0.0248088 -0.0788904 -0.0511896 0.934281 -0.352842 0.0649522 0.355672 0.932351 0.0156609 2.33201 -0.187571</i>
                        <i>0.996839 0.0181086 -0.0773527 -0.0497716 0.901257 -0.430416 0.0619205 0.432905 0.89931 0.0198557 2.21354 -0.237129</i>
                        <i>0.996857 0.0124275 -0.0782391 -0.0523665 0.844443 -0.53308 0.0594436 0.535501 0.84244 0.0220803 2.06921 -0.297529</i>
                        <i>0.996611 0.00803817 -0.081861 -0.0593351 0.759502 -0.647793 0.0569666 0.650455 0.757405 0.0217451 1.89727 -0.361647</i>
                        <i>0.996064 0.00528071 -0.08848 -0.0709882 0.645284 -0.760637 0.0530781 0.763924 0.643119 0.0182205 1.69746 -0.422031</i>
                    </KeyFrames>
                </p>
            </i>
            <i>
                <p>
                    <Name><![CDATA[l_clav]]></Name>
                    <Exclude>0</Exclude>
                    <Additive>0</Additive>
                    <IKPriority>0</IKPriority>
                    <IKRotLimits>-1e+010 -1e+010 -1e+010 1e+010 1e+010 1e+010</IKRotLimits>
                    <IKRotLimitOrder>0</IKRotLimitOrder>
                    <KeyFrames count="21">
                        <i>0.832047 0.325137 -0.449426 -0.499452 0.791626 -0.351961 0.241342 0.517314 0.82106 0.124188 1.30687 -0.0822043</i>
                        <i>0.822506 0.30613 -0.479342 -0.514883 0.758809 -0.398879 0.24162 0.574885 0.781746 0.124274 1.45494 -0.0769266</i>
                        <i>0.809519 0.31357 -0.496339 -0.535571 0.740753 -0.405523 0.240505 0.594103 0.767593 0.122584 1.59198 -0.064318</i>
                        <i>0.801058 0.331816 -0.498201 -0.548551 0.740053 -0.38912 0.239578 0.584996 0.774843 0.119697 1.71617 -0.0466952</i>
                        <i>0.805686 0.343294 -0.482721 -0.541322 0.757596 -0.364718 0.240502 0.555156 0.796217 0.116195 1.82588 -0.0266513</i>
                        <i>0.827167 0.332875 -0.452757 -0.506178 0.791289 -0.342995 0.244087 0.51289 0.823022 0.11263 1.9199 -0.00689202</i>
                        <i>0.857524 0.301844 -0.416584 -0.449871 0.832779 -0.322638 0.249536 0.464079 0.849919 0.109364 1.99731 0.0103443</i>
                        <i>0.887998 0.257736 -0.380832 -0.38216 0.874238 -0.299437 0.255762 0.411438 0.874817 0.106582 2.05758 0.0237194</i>
                        <i>0.912459 0.210807 -0.350684 -0.314477 0.909628 -0.271444 0.261769 0.357963 0.896292 0.104429 2.10018 0.0316847</i>
                        <i>0.928142 0.173508 -0.329314 -0.259621 0.935747 -0.238693 0.266739 0.307038 0.913552 0.103025 2.12467 0.0327405</i>
                        <i>0.934777 0.159398 -0.317464 -0.230933 0.951745 -0.202116 0.269927 0.262246 0.92648 0.102497 2.13047 0.0254347</i>
                        <i>0.930682 0.189138 -0.313143 -0.246464 0.956735 -0.154642 0.270346 0.221101 0.937031 0.102765 2.11868 0.0126041</i>
                        <i>0.915385 0.258409 -0.308698 -0.300869 0.948607 -0.098096 0.267484 0.182673 0.946088 0.103628 2.09115 -0.0013945</i>
                        <i>0.890628 0.342252 -0.299409 -0.371975 0.927064 -0.0467628 0.261567 0.153021 0.952978 0.105078 2.04801 -0.0156678</i>
                        <i>0.862197 0.416198 -0.288782 -0.43839 0.898681 -0.013676 0.253831 0.13839 0.957297 0.107092 1.98931 -0.0292872</i>
                        <i>0.841503 0.458313 -0.286046 -0.480692 0.876841 -0.00921447 0.246594 0.145254 0.958172 0.109621 1.91511 -0.0413196</i>
                        <i>0.833604 0.464341 -0.299152 -0.496751 0.867043 -0.0384087 0.241543 0.180622 0.953432 0.112644 1.82512 -0.0525041</i>
                        <i>0.832179 0.447855 -0.326961 -0.500482 0.860502 -0.095151 0.238737 0.242821 0.940235 0.115977 1.71904 -0.0633478</i>
                        <i>0.833857 0.414785 -0.364191 -0.497942 0.849974 -0.17204 0.238193 0.324803 0.915296 0.119267 1.59707 -0.0726573</i>
                        <i>0.835007 0.371488 -0.405906 -0.495425 0.828557 -0.260858 0.239411 0.418915 0.875896 0.122136 1.45955 -0.0793098</i>
                        <i>0.832047 0.325137 -0.449426 -0.499452 0.791626 -0.351961 0.241342 0.517314 0.82106 0.124188 1.30687 -0.0822043</i>
                    </KeyFrames>
                </p>
            </i>
            <i>
                <p>
                    <Name><![CDATA[l_shoulder]]></Name>
                    <Exclude>0</Exclude>
                    <Additive>0</Additive>
                    <IKPriority>0</IKPriority>
                    <IKRotLimits>-1e+010 -1e+010 -1e+010 1e+010 1e+010 1e+010</IKRotLimits>
                    <IKRotLimitOrder>0</IKRotLimitOrder>
                    <KeyFrames count="21">
                        <i>-0.0243516 0.99878 0.0429645 -0.42426 0.0285902 -0.905089 -0.905213 -0.0402685 0.423046 0.288583 1.37111 -0.171001</i>
                        <i>-0.0452514 0.996868 -0.0648544 -0.292125 -0.0752879 -0.953412 -0.955309 -0.0241976 0.294618 0.286783 1.51543 -0.171634</i>
                        <i>0.225051 0.973681 -0.0360136 -0.0440671 -0.0267524 -0.99867 -0.97335 0.226339 0.0368866 0.282528 1.65393 -0.162384</i>
                        <i>0.726384 0.686287 0.0370986 0.0290371 0.0232858 -0.999307 -0.686675 0.726958 -0.00301332 0.277968 1.78173 -0.145129</i>
                        <i>0.952968 0.293694 0.0748107 0.0475413 0.0989243 -0.993959 -0.299321 0.950767 0.080309 0.275381 1.89371 -0.122027</i>
                        <i>0.923313 0.359749 0.134436 0.0545187 0.223727 -0.973126 -0.380158 0.90583 0.186957 0.27606 1.98566 -0.0963471</i>
                        <i>0.964389 0.226113 0.13721 0.0493301 0.355899 -0.933222 -0.259847 0.906757 0.332071 0.278793 2.05695 -0.0719638</i>
                        <i>0.968887 -0.247501 -0.00152801 0.138432 0.547016 -0.825597 0.205172 0.799698 0.564259 0.282031 2.1085 -0.0515248</i>
                        <i>0.849563 -0.520685 -0.0844411 0.390782 0.728795 -0.56227 0.354305 0.444686 0.822631 0.284711 2.14183 -0.0376029</i>
                        <i>0.763437 -0.643162 -0.0592242 0.608127 0.746672 -0.269561 0.217592 0.169777 0.96116 0.286405 2.15896 -0.0323248</i>
                        <i>0.723483 -0.689768 0.0281391 0.686482 0.714535 -0.134842 0.0729035 0.116873 0.990467 0.287189 2.16196 -0.0372893</i>
                        <i>0.758982 -0.640451 0.117338 0.650826 0.7409 -0.165809 0.0192565 0.202213 0.979152 0.286648 2.15605 -0.0492661</i>
                        <i>0.839516 -0.44247 0.315331 0.531128 0.790637 -0.304623 -0.114526 0.423217 0.898761 0.284488 2.14221 -0.0623865</i>
                        <i>0.850005 -0.0492492 0.524468 0.357671 0.784897 -0.505973 -0.386735 0.617666 0.684781 0.281047 2.11563 -0.0748245</i>
                        <i>0.685985 0.367193 0.628167 0.224784 0.714146 -0.662924 -0.692024 0.595958 0.407354 0.277444 2.07155 -0.0863442</i>
                        <i>0.335024 0.681473 0.650656 0.144705 0.645157 -0.750222 -0.931031 0.345496 0.117531 0.275884 2.00566 -0.0978362</i>
                        <i>0.0847863 0.803367 0.589417 0.0435759 0.587991 -0.807693 -0.995446 0.0941657 0.0148461 0.277346 1.91687 -0.11161</i>
                        <i>0.0261861 0.862202 0.505888 -0.0969042 0.505867 -0.857151 -0.994949 -0.0265773 0.0967977 0.280397 1.80753 -0.127948</i>
                        <i>-0.0328831 0.914877 0.402391 -0.240754 0.383502 -0.891607 -0.970029 -0.126196 0.20765 0.284019 1.67902 -0.144614</i>
                        <i>-0.0971369 0.957255 0.272446 -0.355557 0.2223 -0.907834 -0.929593 -0.185054 0.318765 0.287116 1.53294 -0.159508</i>
                        <i>-0.0243516 0.99878 0.0429645 -0.42426 0.0285902 -0.905089 -0.905213 -0.0402685 0.423046 0.288583 1.37111 -0.171001</i>
                    </KeyFrames>
                </p>
            </i>
            <i>
                <p>
                    <Name><![CDATA[l_elbow]]></Name>
                    <Exclude>0</Exclude>
                    <Additive>0</Additive>
                    <IKPriority>0</IKPriority>
                    <IKRotLimits>-1e+010 -1e+010 -1e+010 1e+010 1e+010 1e+010</IKRotLimits>
                    <IKRotLimitOrder>0</IKRotLimitOrder>
                    <KeyFrames count="21">
                        <i>-0.309464 0.934611 0.175314 -0.42648 0.0283676 -0.904052 -0.84991 -0.354539 0.389814 0.280662 1.69599 -0.157026</i>
                        <i>-0.470705 0.879023 0.0758621 -0.294467 -0.0754643 -0.952678 -0.831701 -0.470769 0.294365 0.272064 1.83968 -0.19273</i>
                        <i>-0.616422 0.787376 0.00796067 -0.0464812 -0.0262933 -0.998573 -0.786043 -0.615912 0.052806 0.355732 1.97065 -0.174098</i>
                        <i>-0.500802 0.865525 0.00799061 0.0272907 0.0250165 -0.999314 -0.865131 -0.500241 -0.0361491 0.514244 2.00496 -0.133062</i>
                        <i>0.0798748 0.991287 0.104737 0.0467222 0.101235 -0.993765 -0.995709 0.0842703 -0.038229 0.585359 1.98924 -0.0976924</i>
                        <i>0.763889 0.618099 0.185547 0.0534697 0.225907 -0.97268 -0.643129 0.752941 0.139518 0.576392 2.10268 -0.0526181</i>
                        <i>0.964387 0.226121 0.137213 0.0486918 0.358126 -0.932403 -0.259976 0.905878 0.334362 0.5974 2.13165 -0.0266336</i>
                        <i>0.956747 0.14051 0.254741 0.138822 0.549009 -0.824207 -0.255664 0.823921 0.505756 0.597187 2.02799 -0.0520218</i>
                        <i>0.809741 0.0158281 0.586574 0.391566 0.729938 -0.560238 -0.43703 0.68333 0.584863 0.561055 1.97247 -0.0650696</i>
                        <i>0.510979 -0.111408 0.852343 0.608591 0.747144 -0.267193 -0.607056 0.655259 0.449577 0.534734 1.94975 -0.0515891</i>
                        <i>0.234096 -0.0449545 0.971174 0.6866 0.714876 -0.13241 -0.688316 0.697805 0.198215 0.522521 1.93759 -0.0281363</i>
                        <i>0.00153763 0.213943 0.976845 0.650818 0.74144 -0.16341 -0.759232 0.636 -0.138098 0.533527 1.94773 -0.0110987</i>
                        <i>-0.232574 0.479224 0.846318 0.53079 0.791704 -0.302434 -0.814967 0.378879 -0.438497 0.557564 1.99828 0.0401833</i>
                        <i>-0.358699 0.613724 0.703333 0.356658 0.786416 -0.504327 -0.86263 0.0699475 -0.500977 0.557534 2.09961 0.0957729</i>
                        <i>-0.289258 0.697075 0.656061 0.223019 0.715574 -0.661979 -0.930909 -0.0451685 -0.362447 0.500579 2.19099 0.117984</i>
                        <i>-0.0397924 0.760852 0.647705 0.142376 0.645921 -0.75001 -0.989012 0.0623727 -0.13403 0.384859 2.22733 0.113807</i>
                        <i>0.0847761 0.803368 0.589418 0.0411297 0.588221 -0.807653 -0.995551 0.0927123 0.0168248 0.306233 2.19057 0.0892031</i>
                        <i>0.0261791 0.862201 0.505889 -0.0993489 0.505801 -0.85691 -0.994708 -0.0278264 0.0989001 0.289506 2.10744 0.0480179</i>
                        <i>-0.0328897 0.914876 0.402393 -0.243137 0.383192 -0.891094 -0.969434 -0.127144 0.209837 0.272709 1.9937 -0.00620998</i>
                        <i>-0.0971428 0.957254 0.272449 -0.35784 0.221845 -0.907047 -0.928716 -0.185606 0.320993 0.254734 1.85206 -0.0686845</i>
                        <i>-0.309464 0.934611 0.175314 -0.42648 0.0283676 -0.904052 -0.84991 -0.354539 0.389814 0.280662 1.69599 -0.157026</i>
                    </KeyFrames>
                </p>
            </i>
            <i>
                <p>
                    <Name><![CDATA[l_wrist]]></Name>
                    <Exclude>0</Exclude>
                    <Additive>0</Additive>
                    <IKPriority>0</IKPriority>
                    <IKRotLimits>-1e+010 -1e+010 -1e+010 1e+010 1e+010 1e+010</IKRotLimits>
                    <IKRotLimitOrder>0</IKRotLimitOrder>
                    <KeyFrames count="21">
                        <i>-0.695867 0.714251 -0.0749272 -0.318587 -0.400512 -0.859123 -0.643639 -0.573965 0.506254 0.18 2 -0.1</i>
                        <i>-0.809224 0.583677 -0.0669143 -0.390483 -0.61945 -0.681033 -0.438953 -0.524979 0.729189 0.118954 2.12561 -0.168054</i>
                        <i>-0.726282 0.659847 -0.192655 -0.421826 -0.649118 -0.633016 -0.542749 -0.378481 0.749783 0.155224 2.22677 -0.171509</i>
                        <i>-0.486357 0.811768 -0.323249 -0.342237 -0.517375 -0.784345 -0.803947 -0.270844 0.529446 0.351345 2.28649 -0.130462</i>
                        <i>-0.0866518 0.916338 -0.390917 -0.0978713 -0.398325 -0.912008 -0.99142 -0.0407676 0.124199 0.611341 2.31168 -0.0636236</i>
                        <i>0.351296 0.874404 -0.334678 0.105387 -0.392118 -0.913858 -0.930314 0.285764 -0.2299 0.824868 2.30374 0.00773607</i>
                        <i>0.724449 0.676929 -0.130157 0.142359 -0.331667 -0.932593 -0.674468 0.657087 -0.336643 0.916006 2.20636 0.0186977</i>
                        <i>0.94409 0.312685 0.104509 0.173276 -0.200917 -0.964162 -0.280481 0.928364 -0.243864 0.908395 2.0737 0.0308395</i>
                        <i>0.966598 -0.120363 0.226277 0.2172 -0.0839978 -0.972506 0.136061 0.98917 -0.0550491 0.824445 1.97761 0.125729</i>
                        <i>0.86191 -0.447609 0.238237 0.268894 0.00514602 -0.963156 0.429891 0.894215 0.124795 0.700944 1.91351 0.225659</i>
                        <i>0.809096 -0.567717 0.151858 0.20986 0.0377498 -0.977002 0.548928 0.822358 0.149684 0.598668 1.92297 0.287764</i>
                        <i>0.984574 -0.136255 -0.109764 -0.144444 -0.278943 -0.949382 0.0987404 0.950592 -0.294321 0.534028 2.01732 0.306647</i>
                        <i>0.837295 0.455118 -0.302993 0.0733953 -0.642713 -0.762583 -0.541803 0.616269 -0.571544 0.481913 2.15416 0.315472</i>
                        <i>0.737476 0.586173 -0.335455 0.0626619 -0.55394 -0.830195 -0.67246 0.591229 -0.445248 0.440857 2.29924 0.324551</i>
                        <i>0.712733 0.611677 -0.343312 -0.123548 -0.372316 -0.919846 -0.690469 0.69802 -0.18979 0.40649 2.41773 0.331386</i>
                        <i>0.654834 0.672266 -0.345328 -0.236565 -0.251638 -0.938465 -0.717795 0.696231 -0.00574654 0.371916 2.47481 0.324491</i>
                        <i>0.498668 0.791654 -0.353008 -0.175772 -0.30644 -0.935521 -0.848784 0.528563 -0.013661 0.335116 2.46428 0.290016</i>
                        <i>0.269265 0.890577 -0.366564 -0.0239931 -0.3743 -0.926997 -0.962767 0.258403 -0.0794183 0.298612 2.40734 0.223984</i>
                        <i>-0.0214881 0.930025 -0.366868 0.0705686 -0.364627 -0.928476 -0.997275 -0.0458406 -0.0577954 0.261397 2.30837 0.132194</i>
                        <i>-0.368914 0.896874 -0.243965 -0.055463 -0.283254 -0.95744 -0.927807 -0.339682 0.15424 0.22235 2.17117 0.0221399</i>
                        <i>-0.695867 0.714251 -0.0749272 -0.318587 -0.400512 -0.859123 -0.643639 -0.573965 0.506254 0.18 2 -0.1</i>
                    </KeyFrames>
                </p>
            </i>
            <i>
                <p>
                    <Name><![CDATA[r_clav]]></Name>
                    <Exclude>0</Exclude>
                    <Additive>0</Additive>
                    <IKPriority>0</IKPriority>
                    <IKRotLimits>-1e+010 -1e+010 -1e+010 1e+010 1e+010 1e+010</IKRotLimits>
                    <IKRotLimitOrder>0</IKRotLimitOrder>
                    <KeyFrames count="21">
                        <i>0.89957 -0.392958 0.190676 -0.434241 -0.757661 0.487221 -0.0469893 -0.521089 -0.852208 -0.0461356 1.32086 -0.0622928</i>
                        <i>0.900111 -0.378375 0.215947 -0.432974 -0.721961 0.539727 -0.048314 -0.579313 -0.813672 -0.0460345 1.469 -0.0569299</i>
                        <i>0.897621 -0.377707 0.227189 -0.438042 -0.707187 0.554983 -0.0489562 -0.597683 -0.800237 -0.0477167 1.60516 -0.0436712</i>
                        <i>0.898663 -0.379033 0.22077 -0.435911 -0.715655 0.545729 -0.0488541 -0.586662 -0.808357 -0.0505905 1.72777 -0.0250137</i>
                        <i>0.909536 -0.368099 0.192995 -0.412845 -0.746533 0.521773 -0.047987 -0.554248 -0.830967 -0.0540571 1.83546 -0.00373774</i>
                        <i>0.931777 -0.332248 0.146297 -0.360031 -0.794025 0.489798 -0.046571 -0.509054 -0.859474 -0.0575587 1.92724 0.0172842</i>
                        <i>0.95706 -0.274828 0.092229 -0.286267 -0.845842 0.450113 -0.0456928 -0.457188 -0.888196 -0.0607339 2.00248 0.0356883</i>
                        <i>0.977737 -0.205789 0.041015 -0.204695 -0.892381 0.40219 -0.0461651 -0.401631 -0.914637 -0.0634135 2.06082 0.0500563</i>
                        <i>0.990368 -0.138458 0.000276669 -0.129844 -0.928057 0.349072 -0.0480752 -0.345746 -0.937096 -0.0654683 2.10193 0.0587827</i>
                        <i>0.995755 -0.0883532 -0.0258137 -0.076778 -0.951934 0.296526 -0.0507719 -0.293285 -0.954676 -0.0668021 2.12556 0.0603194</i>
                        <i>0.996767 -0.0716392 -0.0363737 -0.0602686 -0.966072 0.251142 -0.0531312 -0.248138 -0.967267 -0.0673063 2.13131 0.053158</i>
                        <i>0.993735 -0.106942 -0.0324624 -0.0977125 -0.972353 0.212088 -0.0542461 -0.207588 -0.976711 -0.0670685 2.12012 0.0401164</i>
                        <i>0.982289 -0.186086 -0.0219375 -0.179355 -0.967667 0.177347 -0.05423 -0.170272 -0.983904 -0.0662751 2.09349 0.0256223</i>
                        <i>0.958961 -0.283312 -0.011293 -0.278418 -0.948436 0.1515 -0.0536324 -0.142138 -0.988393 -0.0649188 2.05149 0.0106291</i>
                        <i>0.927936 -0.372739 -0.000650789 -0.369008 -0.918892 0.139539 -0.0526096 -0.129243 -0.990216 -0.0630064 1.99412 -0.0038744</i>
                        <i>0.902228 -0.431035 0.0138785 -0.428272 -0.891735 0.146256 -0.0506657 -0.1379 -0.989149 -0.0605754 1.92137 -0.0168946</i>
                        <i>0.889829 -0.454738 0.0376453 -0.453767 -0.873214 0.177744 -0.0479544 -0.175244 -0.983357 -0.0576327 1.83301 -0.0291345</i>
                        <i>0.886119 -0.457932 0.0713548 -0.461193 -0.856068 0.233342 -0.0457705 -0.239677 -0.969773 -0.0543534 1.7287 -0.0410551</i>
                        <i>0.888493 -0.445365 0.110591 -0.456698 -0.834655 0.307861 -0.0448056 -0.324039 -0.944982 -0.0510858 1.60844 -0.0513744</i>
                        <i>0.893941 -0.421942 0.151109 -0.445887 -0.803195 0.395047 -0.0453165 -0.420526 -0.906148 -0.0482119 1.47243 -0.0588622</i>
                        <i>0.89957 -0.392958 0.190676 -0.434241 -0.757661 0.487221 -0.0469893 -0.521089 -0.852208 -0.0461356 1.32086 -0.0622928</i>
                    </KeyFrames>
                </p>
            </i>
            <i>
                <p>
                    <Name><![CDATA[r_shoulder]]></Name>
                    <Exclude>0</Exclude>
                    <Additive>0</Additive>
                    <IKPriority>0</IKPriority>
                    <IKRotLimits>-1e+010 -1e+010 -1e+010 1e+010 1e+010 1e+010</IKRotLimits>
                    <IKRotLimitOrder>0</IKRotLimitOrder>
                    <KeyFrames count="21">
                        <i>-0.174267 -0.981717 0.0765745 -0.653332 0.173456 0.736933 -0.736742 0.0783946 -0.671614 -0.22387 1.39851 -0.0999692</i>
                        <i>-0.0972782 -0.943539 0.316656 -0.536214 0.317726 0.782 -0.838458 -0.0937239 -0.536847 -0.223876 1.54377 -0.0995996</i>
                        <i>0.216315 -0.91352 0.344513 -0.227691 0.295935 0.927674 -0.949402 -0.279112 -0.143985 -0.225066 1.6798 -0.0885622</i>
