<?xml version="1.0" encoding="ISO-8859-1" ?>
<Animl Version="1">
    <ModellingPackage><![CDATA[Maya.2010]]></ModellingPackage>
    <SrcFile><![CDATA[anims\characters\shared\base_soldier\~src\infantry\russian_prisoner_run02.mb]]></SrcFile>
    <FramesPerSecond>24</FramesPerSecond>
    <TotalFrames>19</TotalFrames>
    <Skeleton>
        <RefFrame>
            <Name><![CDATA[soldier_ref_frame]]></Name>
            <Exclude>0</Exclude>
            <Additive>0</Additive>
            <IKPriority>0</IKPriority>
            <IKRotLimits>-1e+010 -1e+010 -1e+010 1e+010 1e+010 1e+010</IKRotLimits>
            <IKRotLimitOrder>0</IKRotLimitOrder>
            <KeyFrames count="19">
                <i>1 0 0 0 1 0 0 0 1 0 0 0</i>
                <i>1 0 0 0 1 0 0 0 1 -0.0133681 0 0.197393</i>
                <i>1 0 0 0 1 0 0 0 1 -0.0159039 0 0.394786</i>
                <i>1 0 0 0 1 0 0 0 1 -0.000285003 0 0.59218</i>
                <i>1 0 0 0 1 0 0 0 1 0.0184648 0 0.789573</i>
                <i>1 0 0 0 1 0 0 0 1 0.0393238 0 0.986966</i>
                <i>1 0 0 0 1 0 0 0 1 0.0612702 0 1.18436</i>
                <i>1 0 0 0 1 0 0 0 1 0.083282 0 1.38175</i>
                <i>1 0 0 0 1 0 0 0 1 0.104338 0 1.57915</i>
                <i>1 0 0 0 1 0 0 0 1 0.123415 0 1.77654</i>
                <i>1 0 0 0 1 0 0 0 1 0.141486 0 1.97393</i>
                <i>1 0 0 0 1 0 0 0 1 0.143826 0 2.17132</i>
                <i>1 0 0 0 1 0 0 0 1 0.126758 0 2.36872</i>
                <i>1 0 0 0 1 0 0 0 1 0.104566 0 2.56611</i>
                <i>1 0 0 0 1 0 0 0 1 0.0796277 0 2.7635</i>
                <i>1 0 0 0 1 0 0 0 1 0.054323 0 2.96089</i>
                <i>1 0 0 0 1 0 0 0 1 0.0310309 0 3.15829</i>
                <i>1 0 0 0 1 0 0 0 1 0.0121302 0 3.35568</i>
                <i>1 0 0 0 1 0 0 0 1 0 0 3.55308</i>
            </KeyFrames>
        </RefFrame>
        <Bones count="23">
            <i>
                <p>
                    <Name><![CDATA[pelvis]]></Name>
                    <Exclude>0</Exclude>
                    <Additive>0</Additive>
                    <IKPriority>0</IKPriority>
                    <IKRotLimits>-1e+010 -1e+010 -1e+010 1e+010 1e+010 1e+010</IKRotLimits>
                    <IKRotLimitOrder>2</IKRotLimitOrder>
                    <KeyFrames count="19">
                        <i>1 0 0 0 1 0 0 0 1 -0.0985878 1.06794 -0.00307784</i>
                        <i>1 0 0 0 1 0 0 0 1 -0.111956 1.05274 0.194315</i>
                        <i>1 0 0 0 1 0 0 0 1 -0.114492 1.03772 0.391709</i>
                        <i>1 0 0 0 1 0 0 0 1 -0.0988728 1.07436 0.589102</i>
                        <i>1 0 0 0 1 0 0 0 1 -0.080123 1.13873 0.786495</i>
                        <i>1 0 0 0 1 0 0 0 1 -0.059264 1.16321 0.983888</i>
                        <i>1 0 0 0 1 0 0 0 1 -0.0373176 1.13841 1.18128</i>
                        <i>1 0 0 0 1 0 0 0 1 -0.0153058 1.10726 1.37867</i>
                        <i>1 0 0 0 1 0 0 0 1 0.0057498 1.08055 1.57607</i>
                        <i>1 0 0 0 1 0 0 0 1 0.0248273 1.0691 1.77346</i>
                        <i>1 0 0 0 1 0 0 0 1 0.0428981 1.04936 1.97085</i>
                        <i>1 0 0 0 1 0 0 0 1 0.0452386 1.03004 2.16825</i>
                        <i>1 0 0 0 1 0 0 0 1 0.0281706 1.07284 2.36564</i>
                        <i>1 0 0 0 1 0 0 0 1 0.00597797 1.14831 2.56303</i>
                        <i>1 0 0 0 1 0 0 0 1 -0.0189601 1.1789 2.76042</i>
                        <i>1 0 0 0 1 0 0 0 1 -0.0442648 1.15164 2.95781</i>
                        <i>1 0 0 0 1 0 0 0 1 -0.067557 1.11467 3.15521</i>
                        <i>1 0 0 0 1 0 0 0 1 -0.0864576 1.08207 3.3526</i>
                        <i>1 0 0 0 1 0 0 0 1 -0.0985878 1.06794 3.55</i>
                    </KeyFrames>
                </p>
            </i>
            <i>
                <p>
                    <Name><![CDATA[spine0]]></Name>
                    <Exclude>0</Exclude>
                    <Additive>0</Additive>
                    <IKPriority>0</IKPriority>
                    <IKRotLimits>-1e+010 -1e+010 -1e+010 1e+010 1e+010 1e+010</IKRotLimits>
                    <IKRotLimitOrder>0</IKRotLimitOrder>
                    <KeyFrames count="19">
                        <i>0.0161482 0.853559 0.520746 -0.997568 0.0490689 -0.0494948 -0.0677992 -0.518681 0.852276 -0.081406 1.21069 0.00187572</i>
                        <i>0.0030946 0.837566 0.546328 -0.996814 0.0461293 -0.0650737 -0.0797053 -0.544386 0.83504 -0.0991027 1.19593 0.199423</i>
                        <i>-0.0108555 0.810293 0.585924 -0.996366 0.040742 -0.0748033 -0.0844843 -0.584607 0.806906 -0.105946 1.18123 0.396741</i>
                        <i>-0.0167648 0.808337 0.588482 -0.996233 0.0365803 -0.0786276 -0.0850844 -0.587583 0.804678 -0.09448 1.21807 0.593911</i>
                        <i>-0.0220721 0.837273 0.546339 -0.996386 0.0264113 -0.0807297 -0.0820223 -0.546147 0.833664 -0.0795968 1.28252 0.791011</i>
                        <i>-0.0294042 0.869018 0.493906 -0.996591 0.012615 -0.081527 -0.0770791 -0.49462 0.865685 -0.06219 1.30698 0.988108</i>
                        <i>-0.0307434 0.886306 0.462079 -0.996925 0.00614726 -0.0781192 -0.072078 -0.46306 0.883391 -0.0431531 1.2821 1.18525</i>
                        <i>-0.0244934 0.882845 0.469026 -0.997445 0.00991315 -0.0707478 -0.0671089 -0.46956 0.880346 -0.0233791 1.25084 1.38246</i>
                        <i>-0.014711 0.868149 0.496085 -0.997853 0.0189219 -0.0627038 -0.0638231 -0.495943 0.866007 -0.00376115 1.22405 1.57974</i>
                        <i>-0.00987924 0.855515 0.517683 -0.997975 0.0241001 -0.0588723 -0.0628424 -0.517216 0.853545 0.0148083 1.21257 1.7771</i>
                        <i>0.0030222 0.838699 0.544588 -0.997842 0.0382462 -0.053364 -0.0655847 -0.543251 0.837005 0.0340742 1.19291 1.9746</i>
                        <i>0.0227953 0.818282 0.574364 -0.997213 0.0594348 -0.0450979 -0.0710401 -0.571736 0.817357 0.0395742 1.17374 2.17224</i>
                        <i>0.0325342 0.820584 0.5706 -0.996787 0.0684467 -0.0415994 -0.0731915 -0.567413 0.820174 0.0269901 1.21663 2.36993</i>
                        <i>0.0379618 0.846398 0.531196 -0.996683 0.0703662 -0.0408924 -0.0719895 -0.527882 0.846261 0.00995883 1.29204 2.56761</i>
                        <i>0.0415058 0.874493 0.483259 -0.9967 0.0700107 -0.0410857 -0.0697624 -0.479959 0.874513 -0.00979435 1.32239 2.76521</i>
                        <i>0.0420352 0.889359 0.455274 -0.996779 0.0684814 -0.0417434 -0.0683027 -0.452053 0.889372 -0.030544 1.29476 2.96273</i>
                        <i>0.036395 0.884857 0.464438 -0.997004 0.0638913 -0.0435985 -0.068252 -0.46146 0.884532 -0.0505566 1.25743 3.16018</i>
                        <i>0.0261535 0.869091 0.49396 -0.997318 0.0564715 -0.0465535 -0.0683539 -0.491417 0.868238 -0.0680908 1.22467 3.35758</i>
                        <i>0.0161482 0.853559 0.520746 -0.997568 0.0490689 -0.0494948 -0.0677992 -0.518681 0.852276 -0.081406 1.21068 3.55495</i>
                    </KeyFrames>
                </p>
            </i>
            <i>
                <p>
                    <Name><![CDATA[spine1]]></Name>
                    <Exclude>0</Exclude>
                    <Additive>0</Additive>
                    <IKPriority>0</IKPriority>
                    <IKRotLimits>-1e+010 -1e+010 -1e+010 1e+010 1e+010 1e+010</IKRotLimits>
                    <IKRotLimitOrder>0</IKRotLimitOrder>
                    <KeyFrames count="19">
                        <i>-0.129539 0.527245 0.839781 -0.990868 -0.0368701 -0.129696 -0.0374186 -0.848913 0.527206 -0.0786446 1.35666 0.0909337</i>
                        <i>-0.125446 0.464212 0.876796 -0.991232 -0.0216793 -0.130341 -0.0414973 -0.885459 0.462861 -0.0985798 1.33775 0.291943</i>
                        <i>-0.124719 0.36261 0.923558 -0.991553 -0.0121498 -0.129131 -0.0356031 -0.931862 0.361062 -0.107758 1.31627 0.494424</i>
                        <i>-0.107644 0.35373 0.929133 -0.993205 0.0033117 -0.116328 -0.0442258 -0.935342 0.35097 -0.0972506 1.35148 0.691078</i>
                        <i>-0.0748469 0.47803 0.875149 -0.995619 0.0134958 -0.0925219 -0.0560391 -0.87824 0.474926 -0.0832704 1.42176 0.881903</i>
                        <i>-0.0399203 0.630675 0.77502 -0.997822 0.0155987 -0.0640901 -0.0525093 -0.77589 0.628679 -0.0671795 1.45441 1.07191</i>
                        <i>-0.00792372 0.708405 0.705761 -0.998861 0.0276035 -0.0389213 -0.0470536 -0.705266 0.70738 -0.0484535 1.43492 1.26491</i>
                        <i>0.0172568 0.678901 0.734027 -0.998198 0.0538971 -0.026382 -0.0574727 -0.732249 0.678608 -0.027608 1.40329 1.46344</i>
                        <i>0.0340277 0.593216 0.804324 -0.996372 0.0829523 -0.0190276 -0.078008 -0.800759 0.593886 -0.0062896 1.37327 1.66501</i>
                        <i>0.0388762 0.52836 0.84813 -0.99508 0.097873 -0.0153599 -0.0911245 -0.84336 0.529565 0.0131222 1.35855 1.86545</i>
                        <i>0.0597143 0.463345 0.884164 -0.992543 0.121851 0.00317809 -0.106264 -0.87776 0.467167 0.0345844 1.33474 2.06671</i>
                        <i>0.0781953 0.384958 0.919616 -0.989458 0.142756 0.0243754 -0.121897 -0.911827 0.392062 0.0433943 1.31092 2.26855</i>
                        <i>0.0615121 0.389722 0.918876 -0.992317 0.122894 0.0143054 -0.107349 -0.912696 0.394287 0.0324148 1.35349 2.46513</i>
                        <i>0.0277185 0.505775 0.86222 -0.996545 0.0815369 -0.0157924 -0.0782901 -0.858804 0.506287 0.016348 1.43452 2.65705</i>
                        <i>-0.0105965 0.647127 0.762309 -0.998275 0.0371792 -0.0454381 -0.0577463 -0.761475 0.645616 -0.00266014 1.4727 2.84827</i>
                        <i>-0.0501621 0.718508 0.693708 -0.997565 -0.00235102 -0.069699 -0.0484484 -0.695515 0.716876 -0.0232001 1.45012 3.04224</i>
                        <i>-0.0898871 0.688791 0.719366 -0.994954 -0.029778 -0.0958104 -0.044572 -0.724348 0.687992 -0.0441984 1.41199 3.24128</i>
                        <i>-0.12051 0.602033 0.789325 -0.99185 -0.0398894 -0.121007 -0.0413643 -0.797474 0.601933 -0.0635607 1.37519 3.44312</i>
                        <i>-0.129539 0.527245 0.839781 -0.990868 -0.0368701 -0.129696 -0.0374186 -0.848913 0.527206 -0.0786446 1.35665 3.64401</i>
                    </KeyFrames>
                </p>
            </i>
            <i>
                <p>
                    <Name><![CDATA[spine2]]></Name>
                    <Exclude>0</Exclude>
                    <Additive>0</Additive>
                    <IKPriority>0</IKPriority>
                    <IKRotLimits>-1e+010 -1e+010 -1e+010 1e+010 1e+010 1e+010</IKRotLimits>
                    <IKRotLimitOrder>0</IKRotLimitOrder>
                    <KeyFrames count="19">
                        <i>-0.135125 0.328368 0.934835 -0.989392 0.00607356 -0.145145 -0.0533387 -0.94453 0.324064 -0.0990268 1.43941 0.22293</i>
                        <i>-0.147137 0.278221 0.949181 -0.987914 0.00596176 -0.154889 -0.0487521 -0.960499 0.273981 -0.118113 1.40985 0.428349</i>
                        <i>-0.160114 0.207502 0.965042 -0.986372 0.00386762 -0.164485 -0.0378632 -0.978227 0.204055 -0.126861 1.37167 0.635783</i>
                        <i>-0.159148 0.209526 0.964765 -0.986582 0.00230836 -0.163248 -0.0364318 -0.9778 0.206348 -0.113577 1.405 0.831897</i>
                        <i>-0.129326 0.325643 0.936606 -0.990992 -0.00930892 -0.133599 -0.0347866 -0.945447 0.323913 -0.0947104 1.49474 1.01562</i>
                        <i>-0.0822249 0.487106 0.869464 -0.99643 -0.0234046 -0.0811199 -0.0191646 -0.873029 0.487291 -0.0733934 1.55273 1.19281</i>
                        <i>-0.044104 0.573242 0.818198 -0.998999 -0.0191666 -0.0404214 -0.00748921 -0.819162 0.573514 -0.0496866 1.54721 1.37687</i>
                        <i>-0.0329352 0.522512 0.851996 -0.999187 0.00261595 -0.0402294 -0.0232491 -0.852628 0.522001 -0.0248527 1.51103 1.58003</i>
                        <i>-0.0402315 0.403925 0.913907 -0.997904 0.0301547 -0.0572569 -0.0506861 -0.914295 0.401865 -0.000914815 1.46691 1.79213</i>
                        <i>-0.0484985 0.329742 0.942825 -0.996681 0.0458099 -0.0672904 -0.0653792 -0.942959 0.326426 0.0192073 1.4413 1.99846</i>
                        <i>-0.0254075 0.281839 0.959125 -0.996863 0.064793 -0.0454466 -0.0749532 -0.957271 0.279309 0.0438523 1.40664 2.2041</i>
                        <i>0.000510574 0.221699 0.975115 -0.996684 0.0794501 -0.0175417 -0.081362 -0.971873 0.221005 0.0554294 1.37009 2.41016</i>
                        <i>-0.00461042 0.224491 0.974465 -0.997628 0.0658935 -0.0199001 -0.0686784 -0.972246 0.223655 0.0418417 1.4131 2.6059</i>
                        <i>-0.0270547 0.329949 0.943611 -0.998355 0.0388241 -0.0421998 -0.0505587 -0.9432 0.328356 0.0206451 1.51267 2.79042</i>
                        <i>-0.0562298 0.480742 0.875057 -0.997732 0.00542947 -0.0670956 -0.0370067 -0.876845 0.479346 -0.00432621 1.57489 2.96878</i>
                        <i>-0.0892576 0.563239 0.821459 -0.995552 -0.0254959 -0.0906927 -0.0301378 -0.8259 0.56301 -0.0312558 1.56548 3.15375</i>
                        <i>-0.117401 0.516617 0.84813 -0.992483 -0.0313231 -0.118303 -0.0345513 -0.855644 0.516411 -0.0586432 1.52255 3.35689</i>
                        <i>-0.133361 0.403779 0.905084 -0.989961 -0.011138 -0.140898 -0.0468111 -0.914789 0.401211 -0.0827658 1.47092 3.56882</i>
                        <i>-0.135125 0.328368 0.934835 -0.989392 0.00607356 -0.145145 -0.0533387 -0.94453 0.324064 -0.0990268 1.4394 3.77601</i>
                    </KeyFrames>
                </p>
            </i>
            <i>
                <p>
                    <Name><![CDATA[head]]></Name>
                    <Exclude>0</Exclude>
                    <Additive>0</Additive>
                    <IKPriority>0</IKPriority>
                    <IKRotLimits>-1e+010 -1e+010 -1e+010 1e+010 1e+010 1e+010</IKRotLimits>
                    <IKRotLimitOrder>0</IKRotLimitOrder>
                    <KeyFrames count="19">
                        <i>-0.026788 0.991027 0.130954 0.0271735 0.131674 -0.990921 -0.999272 -0.0229863 -0.0304569 -0.128097 1.53857 0.455636</i>
                        <i>-0.059125 0.968968 0.240012 0.0503839 0.243023 -0.968711 -0.996978 -0.0451823 -0.0631891 -0.152326 1.49805 0.662858</i>
                        <i>-0.109653 0.926292 0.360497 0.0686246 0.368874 -0.926943 -0.991598 -0.0769034 -0.104015 -0.166077 1.44479 0.871423</i>
                        <i>-0.145969 0.900089 0.410528 0.0728644 0.423627 -0.902901 -0.986602 -0.101882 -0.127421 -0.154259 1.47913 1.06555</i>
                        <i>-0.143878 0.929053 0.340821 0.0468131 0.350409 -0.935426 -0.988488 -0.118632 -0.0939079 -0.129298 1.59592 1.24234</i>
                        <i>-0.113588 0.978851 0.170142 -0.00274539 0.170941 -0.985278 -0.993524 -0.112382 -0.0167294 -0.0970824 1.69224 1.40439</i>
                        <i>-0.0802502 0.996572 0.0200922 -0.0412085 0.0168229 -0.999009 -0.995923 -0.0809987 0.0397172 -0.0648773 1.70741 1.57756</i>
                        <i>-0.046599 0.998914 0.00015478 -0.0409577 -0.00175583 -0.999159 -0.998074 -0.0465662 0.040995 -0.0388162 1.65822 1.79041</i>
                        <i>-0.0169441 0.998017 0.0606175 -0.0204645 0.0602673 -0.997972 -0.999647 -0.0181502 0.0194027 -0.01829 1.58433 2.01867</i>
                        <i>-0.00313968 0.994656 0.103197 -0.00673167 0.103174 -0.994641 -0.999972 -0.00381753 0.00637177 -0.00082157 1.54061 2.23161</i>
                        <i>0.0258215 0.983259 0.180374 -0.0201469 0.180909 -0.983293 -0.999464 0.0217562 0.024481 0.0300888 1.49573 2.43989</i>
                        <i>0.0697756 0.94514 0.319125 -0.0310799 0.321809 -0.946294 -0.997078 0.0561098 0.0518294 0.0492881 1.44599 2.64888</i>
                        <i>0.0874477 0.90854 0.408543 -0.0244318 0.411947 -0.91088 -0.99587 0.0696729 0.0582211 0.0359908 1.48959 2.84399</i>
                        <i>0.0811938 0.926302 0.36793 -0.0186671 0.370497 -0.928646 -0.996523 0.0685321 0.0473735 0.0108492 1.61362 3.02171</i>
                        <i>0.0571734 0.978235 0.199468 -0.0208 0.200919 -0.979387 -0.998148 0.051846 0.0318345 -0.0196411 1.71186 3.18506</i>
                        <i>0.0219104 0.999196 0.0335624 -0.0171009 0.0339401 -0.999278 -0.999614 0.0213207 0.0178308 -0.0530836 1.72259 3.35861</i>
                        <i>-0.0050539 0.999971 -0.00565887 -0.00353915 -0.00567676 -0.999978 -0.999981 -0.00503377 0.00356775 -0.0854466 1.66777 3.56938</i>
                        <i>-0.0177313 0.998495 0.051905 0.0139451 0.0521551 -0.998542 -0.999745 -0.0169816 -0.0148489 -0.111815 1.58797 3.79564</i>
                        <i>-0.026788 0.991027 0.130954 0.0271735 0.131674 -0.990921 -0.999272 -0.0229863 -0.0304569 -0.128097 1.53856 4.00871</i>
                    </KeyFrames>
                </p>
            </i>
            <i>
                <p>
                    <Name><![CDATA[head_prop]]></Name>
                    <Exclude>0</Exclude>
                    <Additive>0</Additive>
                    <IKPriority>0</IKPriority>
                    <IKRotLimits>-1e+010 -1e+010 -1e+010 1e+010 1e+010 1e+010</IKRotLimits>
                    <IKRotLimitOrder>0</IKRotLimitOrder>
                    <KeyFrames count="19">
                        <i>0.999272 0.0229863 0.0304569 -0.026788 0.991027 0.130954 -0.0271735 -0.131674 0.990921 -0.136828 1.86155 0.498315</i>
                        <i>0.996978 0.0451823 0.0631891 -0.059125 0.968968 0.240012 -0.0503839 -0.243023 0.968711 -0.171595 1.81385 0.741081</i>
                        <i>0.991598 0.0769034 0.104015 -0.109653 0.926292 0.360497 -0.0686246 -0.368874 0.926943 -0.201814 1.74667 0.988913</i>
                        <i>0.986602 0.101882 0.127421 -0.145969 0.900089 0.410528 -0.0728644 -0.423627 0.902901 -0.201831 1.77248 1.19935</i>
                        <i>0.988488 0.118632 0.0939079 -0.143878 0.929053 0.340821 -0.0468131 -0.350409 0.935426 -0.176189 1.89871 1.35342</i>
                        <i>0.993524 0.112382 0.0167294 -0.113588 0.978851 0.170142 0.00274539 -0.170941 0.985278 -0.134102 2.01126 1.45984</i>
                        <i>0.995923 0.0809987 -0.0397172 -0.0802502 0.996572 0.0200922 0.0412085 -0.0168229 0.999009 -0.0910316 2.03221 1.58411</i>
                        <i>0.998074 0.0465662 -0.040995 -0.046599 0.998914 0.00015478 0.0409577 0.00175583 0.999159 -0.0540032 1.98377 1.79046</i>
                        <i>0.999647 0.0181502 -0.0194027 -0.0169441 0.998017 0.0606175 0.0204645 -0.0602673 0.997972 -0.0238123 1.90959 2.03842</i>
                        <i>0.999972 0.00381753 -0.00637177 -0.00313968 0.994656 0.103197 0.00673167 -0.103174 0.994641 -0.00184482 1.86478 2.26524</i>
                        <i>0.999464 -0.0217562 -0.024481 0.0258215 0.983259 0.180374 0.0201469 -0.180909 0.983293 0.0385042 1.81618 2.49867</i>
                        <i>0.997078 -0.0561098 -0.0518294 0.0697756 0.94514 0.319125 0.0310799 -0.321809 0.946294 0.0720286 1.75402 2.75289</i>
                        <i>0.99587 -0.0696729 -0.0582211 0.0874477 0.90854 0.408543 0.0244318 -0.411947 0.91088 0.0644908 1.7857 2.97714</i>
                        <i>0.996523 -0.0685321 -0.0473735 0.0811938 0.926302 0.36793 0.0186671 -0.370497 0.928646 0.037311 1.91551 3.14162</i>
                        <i>0.998148 -0.051846 -0.0318345 0.0571734 0.978235 0.199468 0.0208 -0.200919 0.979387 -0.00100773 2.03068 3.25007</i>
                        <i>0.999614 -0.0213207 -0.0178308 0.0219104 0.999196 0.0335624 0.0171009 -0.0339401 0.999278 -0.0459428 2.04824 3.36954</i>
                        <i>0.999981 0.00503377 -0.00356775 -0.0050539 0.999971 -0.00565887 0.00353915 0.00567676 0.999978 -0.0870937 1.99367 3.56753</i>
                        <i>0.999745 0.0169816 0.0148489 -0.0177313 0.998495 0.051905 -0.0139451 -0.0521551 0.998542 -0.117593 1.91339 3.81255</i>
                        <i>0.999272 0.0229863 0.0304569 -0.026788 0.991027 0.130954 -0.0271735 -0.131674 0.990921 -0.136828 1.86155 4.05139</i>
                    </KeyFrames>
                </p>
            </i>
            <i>
                <p>
                    <Name><![CDATA[l_clav]]></Name>
                    <Exclude>0</Exclude>
                    <Additive>0</Additive>
                    <IKPriority>0</IKPriority>
                    <IKRotLimits>-1e+010 -1e+010 -1e+010 1e+010 1e+010 1e+010</IKRotLimits>
                    <IKRotLimitOrder>0</IKRotLimitOrder>
                    <KeyFrames count="19">
                        <i>0.896806 0.442362 0.0074393 -0.367138 0.734711 0.570447 0.246878 -0.514312 0.821301 -0.0263744 1.42193 0.301159</i>
                        <i>0.877278 0.479704 0.0163265 -0.392878 0.69812 0.598561 0.275734 -0.531519 0.800911 -0.0447412 1.38825 0.507349</i>
                        <i>0.850819 0.524593 0.0301348 -0.422959 0.649696 0.631665 0.311789 -0.550179 0.774656 -0.052616 1.34389 0.714066</i>
                        <i>0.83003 0.557689 0.00575106 -0.434517 0.640175 0.633538 0.349636 -0.528355 0.77369 -0.0380736 1.37748 0.910688</i>
                        <i>0.819 0.564824 -0.101058 -0.408965 0.698146 0.587656 0.402475 -0.439961 0.802775 -0.0167645 1.47821 1.09641</i>
                        <i>0.8136 0.526173 -0.24738 -0.354589 0.786222 0.506085 0.460784 -0.324032 0.826245 0.00827264 1.55286 1.27292</i>
                        <i>0.823773 0.458527 -0.333392 -0.281926 0.841538 0.460795 0.491849 -0.285598 0.822507 0.0353747 1.55696 1.45456</i>
                        <i>0.856973 0.4089 -0.313684 -0.204577 0.828568 0.521175 0.473017 -0.38246 0.793712 0.0614777 1.51543 1.65863</i>
                        <i>0.897312 0.361308 -0.25355 -0.133306 0.76943 0.624665 0.420786 -0.52672 0.738583 0.0850944 1.45908 1.87225</i>
                        <i>0.92824 0.295721 -0.225653 -0.0707452 0.735897 0.673387 0.365192 -0.609101 0.70401 0.104629 1.42561 2.07841</i>
                        <i>0.948291 0.220385 -0.228419 -0.0039217 0.72773 0.685852 0.317379 -0.649492 0.690964 0.130414 1.38411 2.28086</i>
                        <i>0.971216 0.14518 -0.188846 0.0267831 0.721214 0.692195 0.236691 -0.677328 0.696566 0.142875 1.34013 2.482</i>
                        <i>0.99294 0.0761483 -0.0909466 0.00188683 0.756492 0.654 0.118601 -0.649555 0.751008 0.128414 1.38374 2.67646</i>
                        <i>0.998883 0.0411671 0.0232155 -0.0471584 0.835674 0.547197 0.00312586 -0.54768 0.836682 0.105287 1.49413 2.86481</i>
                        <i>0.993074 0.0709976 0.0936083 -0.10307 0.908892 0.404093 -0.0563903 -0.410943 0.909916 0.0775026 1.57281 3.04707</i>
                        <i>0.988484 0.138298 0.061423 -0.150962 0.929291 0.337089 -0.0104612 -0.34248 0.939467 0.047157 1.57395 3.23342</i>
                        <i>0.977229 0.211505 -0.0169949 -0.185194 0.889267 0.418219 0.103568 -0.405548 0.908187 0.0164452 1.52629 3.43741</i>
                        <i>0.947507 0.315674 -0.0508014 -0.238602 0.803857 0.54487 0.212838 -0.504147 0.83698 -0.00990643 1.46208 3.64873</i>
                        <i>0.896806 0.442362 0.0074393 -0.367138 0.734711 0.570447 0.246878 -0.514312 0.821301 -0.0263744 1.42193 3.85424</i>
                    </KeyFrames>
                </p>
            </i>
            <i>
                <p>
                    <Name><![CDATA[l_shoulder]]></Name>
                    <Exclude>0</Exclude>
                    <Additive>0</Additive>
                    <IKPriority>0</IKPriority>
                    <IKRotLimits>-1e+010 -1e+010 -1e+010 1e+010 1e+010 1e+010</IKRotLimits>
                    <IKRotLimitOrder>0</IKRotLimitOrder>
                    <KeyFrames count="19">
                        <i>0.642245 -0.412435 -0.64608 0.766086 0.373084 0.523374 0.0251844 -0.831087 0.555572 0.150815 1.50933 0.302629</i>
                        <i>0.644023 -0.340101 -0.685248 0.761468 0.371035 0.531507 0.0734851 -0.864097 0.497931 0.12859 1.48303 0.510575</i>
                        <i>0.626343 -0.171454 -0.760459 0.758777 0.357771 0.544295 0.178749 -0.917934 0.354183 0.115488 1.44754 0.72002</i>
                        <i>0.580603 -0.0251348 -0.813799 0.762933 0.365828 0.533013 0.284314 -0.930343 0.231577 0.125922 1.48767 0.911825</i>
                        <i>0.51024 0.000457439 -0.860032 0.781564 0.417069 0.463908 0.358905 -0.908875 0.212448 0.145052 1.58981 1.07645</i>
                        <i>0.444819 -0.0802464 -0.892018 0.800733 0.48179 0.355956 0.401201 -0.872605 0.278565 0.169022 1.65682 1.22404</i>
                        <i>0.423293 -0.149367 -0.893595 0.79637 0.531634 0.288374 0.431992 -0.8337 0.343988 0.198135 1.64756 1.38869</i>
                        <i>0.467987 -0.122552 -0.875197 0.762974 0.555759 0.330156 0.445937 -0.822261 0.353592 0.230797 1.59622 1.59665</i>
                        <i>0.561789 -0.0827553 -0.823131 0.714429 0.550201 0.432284 0.417114 -0.830921 0.36822 0.262384 1.53046 1.82215</i>
                        <i>0.658381 -0.132313 -0.740964 0.672865 0.544643 0.500616 0.337323 -0.828165 0.447612 0.288029 1.48404 2.03383</i>
                        <i>0.705086 -0.242428 -0.666395 0.676453 0.511894 0.529505 0.212757 -0.824132 0.52492 0.317776 1.42765 2.23572</i>
                        <i>0.690236 -0.425857 -0.584996 0.723549 0.398243 0.563807 -0.00713071 -0.812433 0.58301 0.334766 1.36881 2.44469</i>
                        <i>0.581641 -0.689047 -0.432329 0.763842 0.279892 0.581554 -0.279713 -0.668487 0.68912 0.324597 1.39878 2.65849</i>
                        <i>0.419315 -0.885488 -0.200215 0.780216 0.238738 0.578159 -0.464154 -0.398641 0.790978 0.302645 1.50226 2.86939</i>
                        <i>0.335273 -0.94208 0.00880422 0.777565 0.281977 0.562033 -0.531962 -0.181589 0.827068 0.273713 1.58683 3.06557</i>
                        <i>0.399524 -0.916489 0.0206737 0.766089 0.346176 0.541544 -0.503476 -0.200522 0.840418 0.24246 1.60128 3.24555</i>
                        <i>0.527918 -0.827218 -0.192386 0.759193 0.358106 0.543494 -0.380694 -0.432978 0.817069 0.209525 1.56808 3.43405</i>
                        <i>0.625794 -0.621997 -0.470639 0.759459 0.348377 0.549414 -0.177774 -0.701251 0.690393 0.1773 1.52445 3.6387</i>
                        <i>0.642245 -0.412435 -0.64608 0.766086 0.373084 0.523374 0.0251844 -0.831087 0.555572 0.150815 1.50933 3.85571</i>
                    </KeyFrames>
                </p>
            </i>
            <i>
                <p>
                    <Name><![CDATA[l_elbow]]></Name>
                    <Exclude>0</Exclude>
                    <Additive>0</Additive>
                    <IKPriority>0</IKPriority>
                    <IKRotLimits>-1e+010 -1e+010 -1e+010 1e+010 1e+010 1e+010</IKRotLimits>
                    <IKRotLimitOrder>0</IKRotLimitOrder>
                    <KeyFrames count="19">
                        <i>0.000852345 -0.817088 0.576512 0.766101 0.37107 0.524783 -0.64272 0.441219 0.626288 0.359722 1.37518 0.092474</i>
                        <i>0.0337524 -0.843594 0.535919 0.761602 0.368934 0.532776 -0.647166 0.390174 0.654935 0.338076 1.3724 0.287679</i>
                        <i>0.113158 -0.89698 0.427343 0.759172 0.355526 0.545215 -0.640978 0.262731 0.721193 0.319223 1.39177 0.472661</i>
                        <i>0.216262 -0.922702 0.319144 0.76359 0.363543 0.533635 -0.608408 0.12829 0.783186 0.314779 1.47949 0.647115</i>
                        <i>0.309406 -0.906217 0.288164 0.782409 0.414834 0.464487 -0.540466 0.0817466 0.837385 0.311022 1.58996 0.796697</i>
                        <i>0.357504 -0.862998 0.356968 0.801687 0.479649 0.3567 -0.479051 0.158654 0.86333 0.313712 1.63071 0.933887</i>
                        <i>0.364527 -0.804762 0.468484 0.797402 0.529593 0.289277 -0.480905 0.268121 0.83477 0.335822 1.59897 1.09803</i>
                        <i>0.329957 -0.776352 0.537034 0.764038 0.553744 0.331079 -0.554413 0.301073 0.775874 0.383022 1.55636 1.31197</i>
                        <i>0.238465 -0.774398 0.58604 0.715419 0.548163 0.433236 -0.656742 0.315952 0.684736 0.445121 1.50354 1.55441</i>
                        <i>0.109925 -0.744939 0.658014 0.673654 0.542614 0.501757 -0.730826 0.388118 0.561478 0.502185 1.441 1.79281</i>
                        <i>-0.0271727 -0.703392 0.710282 0.676933 0.509881 0.530832 -0.735543 0.495238 0.462295 0.547124 1.3488 2.01896</i>
                        <i>-0.213947 -0.649811 0.729364 0.723489 0.396271 0.565273 -0.656346 0.648626 0.38535 0.559284 1.23029 2.25441</i>
                        <i>-0.369768 -0.552184 0.747238 0.763115 0.278294 0.583274 -0.530026 0.785904 0.318476 0.513792 1.17465 2.51786</i>
                        <i>-0.430926 -0.468972 0.770953 0.779041 0.237824 0.580116 -0.455409 0.850591 0.262864 0.439038 1.21424 2.80427</i>
                        <i>-0.438916 -0.400876 0.804146 0.776228 0.281607 0.564063 -0.452573 0.871777 0.187569 0.382769 1.2804 3.06843</i>
                        <i>-0.424137 -0.364904 0.828826 0.764818 0.345755 0.543606 -0.484935 0.864464 0.132438 0.372416 1.30316 3.25228</i>
                        <i>-0.367787 -0.456604 0.81009 0.758217 0.357101 0.545514 -0.538368 0.814857 0.214868 0.381244 1.299 3.37147</i>
                        <i>-0.225616 -0.653982 0.722084 0.758977 0.346695 0.551141 -0.610779 0.672391 0.418138 0.380857 1.32213 3.48561</i>
                        <i>0.000852345 -0.817088 0.576512 0.766101 0.37107 0.524783 -0.64272 0.441219 0.626288 0.359722 1.37518 3.64555</i>
                    </KeyFrames>
                </p>
            </i>
            <i>
                <p>
                    <Name><![CDATA[l_wrist]]></Name>
                    <Exclude>0</Exclude>
                    <Additive>0</Additive>
                    <IKPriority>0</IKPriority>
                    <IKRotLimits>-1e+010 -1e+010 -1e+010 1e+010 1e+010 1e+010</IKRotLimits>
                    <IKRotLimitOrder>0</IKRotLimitOrder>
                    <KeyFrames count="19">
                        <i>-0.221441 -0.890151 0.39824 0.865638 0.00861694 0.500597 -0.449038 0.455584 0.76864 0.36 1.1094 0.28</i>
                        <i>-0.271728 -0.942561 0.194274 0.835516 -0.130876 0.533652 -0.477574 0.307327 0.823087 0.349055 1.098 0.462001</i>
                        <i>-0.276551 -0.958589 -0.0680145 0.8321 -0.274263 0.482068 -0.480759 0.0767217 0.87349 0.356031 1.1 0.611665</i>
                        <i>-0.235693 -0.936232 -0.260612 0.861936 -0.325256 0.388942 -0.448905 -0.13296 0.883632 0.385124 1.17936 0.750925</i>
                        <i>-0.187359 -0.939456 -0.286912 0.909474 -0.276267 0.310698 -0.371151 -0.202727 0.906172 0.411665 1.29519 0.89043</i>
                        <i>-0.163539 -0.975003 -0.150415 0.94229 -0.199527 0.268846 -0.292138 -0.0977681 0.951366 0.43 1.35 1.05</i>
                        <i>-0.132571 -0.986767 0.0933569 0.956335 -0.102591 0.273675 -0.260476 0.125562 0.957281 0.454395 1.3372 1.25041</i>
                        <i>-0.10062 -0.940817 0.323633 0.947982 0.0080795 0.318222 -0.302004 0.338818 0.891064 0.49035 1.30383 1.48665</i>
                        <i>-0.113175 -0.847459 0.518656 0.916301 0.112811 0.384273 -0.384166 0.518735 0.763761 0.522688 1.25165 1.74503</i>
                        <i>-0.119375 -0.705789 0.698292 0.882729 0.246489 0.40004 -0.454465 0.664158 0.593596 0.537942 1.19869 2.00684</i>
                        <i>-0.0477329 -0.622136 0.781453 0.864167 0.366631 0.34467 -0.500937 0.691758 0.520129 0.538286 1.12 2.25</i>
                        <i>0.0425106 -0.751072 0.65885 0.834096 0.389689 0.390417 -0.549978 0.532948 0.643032 0.489692 1.01892 2.49165</i>
                        <i>-0.114782 -0.856449 0.503309 0.789497 0.228862 0.569489 -0.602926 0.462728 0.649895 0.393515 0.99504 2.76092</i>
                        <i>-0.347305 -0.680658 0.645046 0.730953 0.234407 0.640907 -0.587441 0.694088 0.416118 0.298868 1.06169 3.05504</i>
                        <i>-0.404438 -0.416968 0.813983 0.731603 0.386574 0.561532 -0.548805 0.822617 0.14871 0.24 1.15 3.33</i>
                        <i>-0.465468 -0.39223 0.793407 0.717649 0.357392 0.597705 -0.517995 0.8476 0.115129 0.234454 1.18447 3.52188</i>
                        <i>-0.479989 -0.60527 0.635026 0.711434 0.154972 0.685452 -0.513295 0.780789 0.356225 0.261612 1.15048 3.63498</i>
                        <i>-0.359727 -0.81656 0.451472 0.782543 -0.000510616 0.622596 -0.508156 0.577261 0.639177 0.30747 1.10941 3.72049</i>
                        <i>-0.221441 -0.890151 0.39824 0.865638 0.00861694 0.500597 -0.449038 0.455584 0.76864 0.36 1.1094 3.83308</i>
                    </KeyFrames>
                </p>
            </i>
            <i>
                <p>
                    <Name><![CDATA[r_clav]]></Name>
                    <Exclude>0</Exclude>
                    <Additive>0</Additive>
                    <IKPriority>0</IKPriority>
                    <IKRotLimits>-1e+010 -1e+010 -1e+010 1e+010 1e+010 1e+010</IKRotLimits>
                    <IKRotLimitOrder>0</IKRotLimitOrder>
                    <KeyFrames count="19">
                        <i>0.962191 -0.258234 -0.086629 -0.233035 -0.615811 -0.752643 0.141011 0.744374 -0.652705 -0.197197 1.42641 0.281105</i>
                        <i>0.977335 -0.203358 -0.0588405 -0.171701 -0.598858 -0.782232 0.123836 0.774606 -0.620202 -0.215039 1.39074 0.482953</i>
                        <i>0.989225 -0.143094 -0.0309679 -0.107981 -0.57025 -0.814343 0.0988679 0.808912 -0.579557 -0.222277 1.34439 0.685475</i>
                        <i>0.995286 -0.096845 -0.00523822 -0.0608969 -0.581982 -0.810918 0.0754848 0.807414 -0.585136 -0.207366 1.37632 0.880009</i>
                        <i>0.997874 -0.064667 -0.00813696 -0.049246 -0.666288 -0.744067 0.042695 0.742886 -0.668056 -0.186741 1.4741 1.07008</i>
                        <i>0.998322 -0.0455514 -0.0357429 -0.0578903 -0.773607 -0.631016 0.00109277 0.632027 -0.774946 -0.162794 1.54575 1.25594</i>
                        <i>0.998628 -0.0317704 -0.0416316 -0.0497383 -0.8242 -0.56411 -0.0163908 0.565407 -0.824649 -0.136202 1.54952 1.44416</i>
                        <i>0.999747 -0.0221729 0.0036845 -0.0151363 -0.785322 -0.618902 0.0166164 0.61869 -0.785459 -0.110043 1.51008 1.6462</i>
                        <i>0.996813 -0.0436818 0.0667567 0.017542 -0.696288 -0.717549 0.0778257 0.716433 -0.693302 -0.085975 1.45744 1.85395</i>
                        <i>0.990892 -0.0966241 0.0937864 0.0100809 -0.641306 -0.767219 0.134278 0.761177 -0.634491 -0.0660634 1.42655 2.05683</i>
                        <i>0.977947 -0.202945 0.0493336 -0.0845441 -0.600659 -0.795022 0.190979 0.773319 -0.604571 -0.0406322 1.38866 2.26283</i>
                        <i>0.940569 -0.337941 -0.033548 -0.218023 -0.525148 -0.822609 0.260375 0.781035 -0.567617 -0.028529 1.34822 2.46944</i>
                        <i>0.888592 -0.450004 -0.0888917 -0.325386 -0.481798 -0.813631 0.323309 0.751909 -0.574547 -0.0431608 1.39076 2.66572</i>
                        <i>0.840193 -0.537118 -0.0746921 -0.397645 -0.516569 -0.75831 0.368719 0.666828 -0.647601 -0.0663361 1.49764 2.85316</i>
                        <i>0.816212 -0.577707 -0.00728363 -0.430916 -0.600323 -0.673739 0.384851 0.553052 -0.738934 -0.0940569 1.57231 3.03405</i>
                        <i>0.846 -0.532656 0.0236903 -0.40692 -0.673732 -0.616848 0.344529 0.512213 -0.786726 -0.12422 1.57044 3.21859</i>
                        <i>0.903281 -0.428377 -0.0239992 -0.34129 -0.6835 -0.645251 0.260007 0.591034 -0.763593 -0.154708 1.52389 3.42</i>
                        <i>0.946658 -0.31393 -0.0727105 -0.268837 -0.644999 -0.715334 0.177667 0.696724 -0.694989 -0.180845 1.46399 3.62927</i>
                        <i>0.962191 -0.258234 -0.086629 -0.233035 -0.615811 -0.752643 0.141011 0.744374 -0.652705 -0.197197 1.42641 3.83418</i>
                    </KeyFrames>
                </p>
            </i>
            <i>
                <p>
                    <Name><![CDATA[r_shoulder]]></Name>
                    <Exclude>0</Exclude>
                    <Additive>0</Additive>
                    <IKPriority>0</IKPriority>
                    <IKRotLimits>-1e+010 -1e+010 -1e+010 1e+010 1e+010 1e+010</IKRotLimits>
                    <IKRotLimitOrder>0</IKRotLimitOrder>
                    <KeyFrames count="19">
                        <i>0.676851 0.284785 0.6788 0.726148 -0.409574 -0.55223 0.120752 0.866687 -0.484017 -0.387305 1.47744 0.298225</i>
                        <i>0.638211 0.400159 0.657692 0.769474 -0.358651 -0.528468 0.024411 0.843351 -0.536808 -0.408139 1.43092 0.494583</i>
                        <i>0.570449 0.552029 0.608154 0.815324 -0.291196 -0.500452 -0.0991723 0.781325 -0.616195 -0.417727 1.37266 0.691598</i>
                        <i>0.486484 0.712018 0.506323 0.850947 -0.254778 -0.459323 -0.198046 0.654307 -0.729835 -0.404014 1.39546 0.881049</i>
                        <i>0.424367 0.840783 0.336149 0.865642 -0.267783 -0.423033 -0.265664 0.470506 -0.841455 -0.383901 1.48688 1.07169</i>
                        <i>0.408146 0.892164 0.193547 0.864508 -0.309597 -0.395948 -0.293329 0.328928 -0.897644 -0.360042 1.55475 1.26301</i>
                        <i>0.439645 0.872704 0.21237 0.861013 -0.342198 -0.376241 -0.255675 0.348266 -0.901854 -0.333511 1.5558 1.45238</i>
                        <i>0.48204 0.765981 0.425335 0.865077 -0.339169 -0.369603 -0.138848 0.546111 -0.826126 -0.307573 1.51447 1.64547</i>
                        <i>0.494819 0.520001 0.696242 0.868136 -0.331446 -0.369437 0.0386595 0.787237 -0.615437 -0.282925 1.46607 1.84076</i>
                        <i>0.454781 0.212304 0.864929 0.860568 -0.354844 -0.365388 0.229342 0.910501 -0.344078 -0.261844 1.44564 2.0383</i>
                        <i>0.391992 -0.0658761 0.917607 0.829413 -0.406224 -0.383479 0.398016 0.911396 -0.104598 -0.233854 1.42876 2.25308</i>
                        <i>0.335167 -0.254747 0.907065 0.785977 -0.455275 -0.418287 0.519522 0.853129 0.0476319 -0.214365 1.41499 2.47607</i>
                        <i>0.307746 -0.291986 0.905559 0.75313 -0.50687 -0.419378 0.581454 0.811065 0.0639163 -0.218727 1.47967 2.68328</i>
                        <i>0.310591 -0.190271 0.931306 0.730016 -0.579742 -0.361905 0.608777 0.792273 -0.0411621 -0.232339 1.60377 2.86792</i>
                        <i>0.322106 -0.0296547 0.946239 0.716709 -0.645389 -0.264199 0.618527 0.763278 -0.18663 -0.255321 1.68646 3.03549</i>
                        <i>0.33832 0.0659637 0.938716 0.735809 -0.640391 -0.22019 0.586621 0.765211 -0.265194 -0.291371 1.67569 3.21391</i>
                        <i>0.407476 0.0681912 0.910666 0.76767 -0.565686 -0.301134 0.494617 0.821796 -0.282852 -0.333176 1.60853 3.42474</i>
                        <i>0.547454 0.118454 0.82841 0.766001 -0.469528 -0.439074 0.336951 0.874936 -0.347781 -0.367884 1.52602 3.64364</i>
                        <i>0.676851 0.284785 0.6788 0.726148 -0.409574 -0.55223 0.120752 0.866687 -0.484017 -0.387305 1.47743 3.8513</i>
                    </KeyFrames>
                </p>
            </i>
            <i>
                <p>
                    <Name><![CDATA[r_elbow]]></Name>
                    <Exclude>0</Exclude>
                    <Additive>0</Additive>
                    <IKPriority>0</IKPriority>
                    <IKRotLimits>-1e+010 -1e+010 -1e+010 1e+010 1e+010 1e+010</IKRotLimits>
                    <IKRotLimitOrder>0</IKRotLimitOrder>
                    <KeyFrames count="19">
                        <i>0.06928 0.844816 -0.530552 0.726608 -0.407141 -0.553424 -0.683551 -0.347162 -0.642057 -0.607463 1.3848 0.0774226</i>
                        <i>-0.0427931 0.799192 -0.599551 0.769663 -0.356253 -0.529814 -0.637015 -0.484125 -0.599863 -0.615728 1.30076 0.280647</i>
                        <i>-0.141949 0.740617 -0.656763 0.815159 -0.288946 -0.502022 -0.561575 -0.606627 -0.562705 -0.603274 1.1931 0.493776</i>
