<?xml version="1.0" encoding="ISO-8859-1" ?>
<Animl Version="1">
    <ModellingPackage>
        <![CDATA[Maya.2010]]>
</ModellingPackage>
    <SrcFile>
        <![CDATA[anims\characters\shared\base_soldier\~src\infantry\context_stand2crawl.mb]]>
</SrcFile>
    <FramesPerSecond>30</FramesPerSecond>
    <TotalFrames>32</TotalFrames>
    <Skeleton>
        <RefFrame>
            <Name>
                <![CDATA[soldier_ref_frame]]>
</Name>
            <Exclude>0</Exclude>
            <Additive>0</Additive>
            <IKPriority>0</IKPriority>
            <IKRotLimits>-1e+010 -1e+010 -1e+010 1e+010 1e+010 1e+010</IKRotLimits>
            <IKRotLimitOrder>0</IKRotLimitOrder>
            <KeyFrames count="32">
                <i>1 0 0 0 1 0 0 0 1 0 0 0</i>
                <i>1 0 0 0 1 0 0 0 1 0 0 0</i>
                <i>1 0 0 0 1 0 0 0 1 0 0 0</i>
                <i>1 0 0 0 1 0 0 0 1 0 0 0</i>
                <i>1 0 0 0 1 0 0 0 1 0 0 0</i>
                <i>1 0 0 0 1 0 0 0 1 0 0 0</i>
                <i>1 0 0 0 1 0 0 0 1 0 0 0</i>
                <i>1 0 0 0 1 0 0 0 1 0 0 0</i>
                <i>1 0 0 0 1 0 0 0 1 0 0 0</i>
                <i>1 0 0 0 1 0 0 0 1 0 0 0</i>
                <i>1 0 0 0 1 0 0 0 1 0 0 0</i>
                <i>1 0 0 0 1 0 0 0 1 0 0 0</i>
                <i>1 0 0 0 1 0 0 0 1 0 0 0</i>
                <i>1 0 0 0 1 0 0 0 1 0 0 0</i>
                <i>1 0 0 0 1 0 0 0 1 0 0 0</i>
                <i>1 0 0 0 1 0 0 0 1 0 0 0</i>
                <i>1 0 0 0 1 0 0 0 1 0 0 0</i>
                <i>1 0 0 0 1 0 0 0 1 0 0 0</i>
                <i>1 0 0 0 1 0 0 0 1 0 0 0</i>
                <i>1 0 0 0 1 0 0 0 1 0 0 0</i>
                <i>1 0 0 0 1 0 0 0 1 0 0 0</i>
                <i>1 0 0 0 1 0 0 0 1 0 0 0</i>
                <i>1 0 0 0 1 0 0 0 1 0 0 0</i>
                <i>1 0 0 0 1 0 0 0 1 0 0 0</i>
                <i>1 0 0 0 1 0 0 0 1 0 0 0</i>
                <i>1 0 0 0 1 0 0 0 1 0 0 0</i>
                <i>1 0 0 0 1 0 0 0 1 0 0 0</i>
                <i>1 0 0 0 1 0 0 0 1 0 0 0</i>
                <i>1 0 0 0 1 0 0 0 1 0 0 0</i>
                <i>1 0 0 0 1 0 0 0 1 0 0 0</i>
                <i>1 0 0 0 1 0 0 0 1 0 0 0</i>
                <i>1 0 0 0 1 0 0 0 1 0 0 0</i>
            </KeyFrames>
        </RefFrame>
        <Bones count="23">
            <i>
                <p>
                    <Name>
                        <![CDATA[pelvis]]>
</Name>
                    <Exclude>0</Exclude>
                    <Additive>0</Additive>
                    <IKPriority>0</IKPriority>
                    <IKRotLimits>-1e+010 -1e+010 -1e+010 1e+010 1e+010 1e+010</IKRotLimits>
                    <IKRotLimitOrder>2</IKRotLimitOrder>
                    <KeyFrames count="32">
                        <i>1 0 0 0 1 0 0 0 1 -5.12602e-029 1.03928 -0.018582</i>
                        <i>1 0 0 0 1 0 0 0 1 -0.00336381 1.03354 -0.0251776</i>
                        <i>1 0 0 0 1 0 0 0 1 -0.00671254 1.02901 -0.0312752</i>
                        <i>1 0 0 0 1 0 0 0 1 -0.0100914 1.02206 -0.0383688</i>
                        <i>1 0 0 0 1 0 0 0 1 -0.0135457 1.00904 -0.0479527</i>
                        <i>1 0 0 0 1 0 0 0 1 -0.0175354 0.952955 -0.0752174</i>
                        <i>1 0 0 0 1 0 0 0 1 -0.018937 0.894947 -0.102234</i>
                        <i>1 0 0 0 1 0 0 0 1 -0.0186305 0.838862 -0.133291</i>
                        <i>1 0 0 0 1 0 0 0 1 -0.0178064 0.788545 -0.171087</i>
                        <i>1 0 0 0 1 0 0 0 1 -0.0156619 0.747844 -0.210937</i>
                        <i>1 0 0 0 1 0 0 0 1 -0.0113945 0.720603 -0.248153</i>
                        <i>1 0 0 0 1 0 0 0 1 -0.0042013 0.710668 -0.278052</i>
                        <i>1 0 0 0 1 0 0 0 1 0.00672015 0.712231 -0.295946</i>
                        <i>1 0 0 0 1 0 0 0 1 0.0226626 0.71562 -0.297952</i>
                        <i>1 0 0 0 1 0 0 0 1 0.0432423 0.718885 -0.287044</i>
                        <i>1 0 0 0 1 0 0 0 1 0.0667477 0.720075 -0.268817</i>
                        <i>1 0 0 0 1 0 0 0 1 0.091467 0.717242 -0.248868</i>
                        <i>1 0 0 0 1 0 0 0 1 0.115689 0.708435 -0.232794</i>
                        <i>1 0 0 0 1 0 0 0 1 0.137701 0.691703 -0.226193</i>
                        <i>1 0 0 0 1 0 0 0 1 0.160047 0.662103 -0.226193</i>
                        <i>1 0 0 0 1 0 0 0 1 0.182984 0.619697 -0.226193</i>
                        <i>1 0 0 0 1 0 0 0 1 0.201378 0.570044 -0.226193</i>
                        <i>1 0 0 0 1 0 0 0 1 0.210092 0.518703 -0.226193</i>
                        <i>1 0 0 0 1 0 0 0 1 0.209838 0.471235 -0.226193</i>
                        <i>1 0 0 0 1 0 0 0 1 0.205495 0.433197 -0.226193</i>
                        <i>1 0 0 0 1 0 0 0 1 0.221704 0.405039 -0.192054</i>
                        <i>1 0 0 0 1 0 0 0 1 0.24006 0.377912 -0.154348</i>
                        <i>1 0 0 0 1 0 0 0 1 0.259642 0.351376 -0.114604</i>
                        <i>1 0 0 0 1 0 0 0 1 0.279532 0.324987 -0.0743503</i>
                        <i>1 0 0 0 1 0 0 0 1 0.298808 0.298303 -0.0351159</i>
                        <i>1 0 0 0 1 0 0 0 1 0.298808 0.298303 -0.0351159</i>
                        <i>1 0 0 0 1 0 0 0 1 0.298808 0.298303 -0.0351159</i>
                    </KeyFrames>
                </p>
            </i>
            <i>
                <p>
                    <Name>
                        <![CDATA[spine0]]>
</Name>
                    <Exclude>0</Exclude>
                    <Additive>0</Additive>
                    <IKPriority>0</IKPriority>
                    <IKRotLimits>-1e+010 -1e+010 -1e+010 1e+010 1e+010 1e+010</IKRotLimits>
                    <IKRotLimitOrder>0</IKRotLimitOrder>
                    <KeyFrames count="32">
                        <i>2.22045e-016 0.946066 0.323974 -1 2.22045e-016 0 -2.77556e-017 -0.323974 0.946066 -4.46043e-014 1.17327 -0.00128684</i>
                        <i>0.0125603 0.945013 0.326792 -0.999817 0.00715733 0.0177307 0.0144168 -0.326955 0.94493 0.00144242 1.16822 -0.010742</i>
                        <i>0.0249458 0.944279 0.3282 -0.99927 0.0140464 0.0355389 0.0289486 -0.328846 0.94394 0.00286661 1.16424 -0.0198016</i>
                        <i>0.0377726 0.943941 0.327947 -0.998327 0.0212666 0.0537739 0.043785 -0.329429 0.943165 0.00422199 1.15765 -0.0298497</i>
                        <i>0.0547869 0.944834 0.322934 -0.996658 0.0321228 0.075102 0.0605854 -0.32597 0.943437 0.00566479 1.14478 -0.0421376</i>
                        <i>0.0668164 0.94528 0.319345 -0.995009 0.0393538 0.0916954 0.0741104 -0.323878 0.943192 0.00578283 1.08872 -0.0718806</i>
                        <i>0.0771545 0.944278 0.319978 -0.993218 0.0447974 0.107289 0.0869761 -0.326086 0.94133 0.00825663 1.03061 -0.101195</i>
                        <i>0.0862744 0.940814 0.327759 -0.99133 0.0483436 0.122175 0.0990992 -0.335458 0.936828 0.0122079 0.974337 -0.134412</i>
                        <i>0.0930811 0.93681 0.337228 -0.989423 0.0491834 0.136469 0.111259 -0.346364 0.931479 0.01644 0.923758 -0.174302</i>
                        <i>0.0971802 0.933719 0.344566 -0.987476 0.0472243 0.150534 0.124285 -0.354879 0.926614 0.0217435 0.882749 -0.216273</i>
                        <i>0.0981591 0.914299 0.392965 -0.984991 0.032926 0.169434 0.141975 -0.403699 0.903809 0.0282958 0.854616 -0.248189</i>
                        <i>0.101007 0.890671 0.443286 -0.981919 0.0175444 0.188488 0.160103 -0.454309 0.876339 0.0376258 0.843759 -0.273729</i>
                        <i>0.108267 0.861108 0.496761 -0.978136 0.00302075 0.207945 0.177562 -0.508414 0.842607 0.0506577 0.844464 -0.288524</i>
                        <i>0.111524 0.824145 0.55529 -0.990245 0.0451913 0.131809 0.0835351 -0.564573 0.821145 0.0721299 0.844327 -0.278235</i>
                        <i>0.113199 0.774603 0.622235 -0.993402 0.0998488 0.0564236 -0.0184235 -0.624516 0.780795 0.0995994 0.842226 -0.253945</i>
                        <i>0.11588 0.709833 0.694773 -0.986546 0.163466 -0.00246535 -0.115322 -0.68514 0.719225 0.130196 0.836392 -0.222226</i>
                        <i>0.120776 0.630106 0.767059 -0.973644 0.225793 -0.0321759 -0.193471 -0.742956 0.640769 0.162278 0.825183 -0.189884</i>
                        <i>0.129814 0.539528 0.8319 -0.962377 0.270539 -0.0252838 -0.238703 -0.797319 0.554349 0.194724 0.806994 -0.163535</i>
                        <i>0.141833 0.446413 0.883515 -0.950565 0.310496 -0.00428794 -0.276242 -0.83923 0.468383 0.224484 0.778858 -0.146136</i>
                        <i>0.149259 0.362711 0.919871 -0.926272 0.376852 0.00170279 -0.346038 -0.852305 0.392217 0.251543 0.73275 -0.130299</i>
                        <i>0.14025 0.291029 0.946378 -0.891461 0.453039 -0.00720688 -0.430844 -0.842649 0.32298 0.273707 0.668769 -0.11123</i>
                        <i>0.107669 0.230149 0.967181 -0.854587 0.51854 -0.028256 -0.508025 -0.823498 0.252512 0.284018 0.595662 -0.0929</i>
                        <i>0.0548103 0.17818 0.98247 -0.82374 0.564159 -0.0563607 -0.564312 -0.806211 0.177696 0.278902 0.522314 -0.0784368</i>
                        <i>-0.0041777 0.123985 0.992275 -0.805496 0.587602 -0.0768125 -0.592586 -0.799595 0.097415 0.263597 0.456279 -0.0691812</i>
                        <i>-0.0495376 0.0450075 0.997758 -0.807034 0.586745 -0.0665356 -0.588424 -0.80852 0.00725662 0.248823 0.403395 -0.0646709</i>
                        <i>-0.08562 0.0062871 0.996308 -0.810961 0.580483 -0.0733549 -0.578801 -0.814248 -0.0446024 0.254555 0.371908 -0.0284739</i>
                        <i>-0.121455 -0.0263473 0.992247 -0.815925 0.571923 -0.0846864 -0.565257 -0.819884 -0.0909605 0.262133 0.343399 0.0105074</i>
                        <i>-0.157365 -0.0543958 0.986041 -0.820471 0.562894 -0.0998889 -0.549603 -0.824737 -0.13321 0.270685 0.316826 0.0507949</i>
                        <i>-0.193982 -0.0791667 0.977805 -0.823345 0.555053 -0.1184 -0.533361 -0.828039 -0.172852 0.279293 0.291127 0.0908704</i>
                        <i>-0.232063 -0.101819 0.967357 -0.823512 0.549833 -0.139683 -0.517662 -0.829046 -0.211445 0.286988 0.26523 0.129196</i>
                        <i>-0.232063 -0.101819 0.967357 -0.823512 0.549833 -0.139683 -0.517662 -0.829046 -0.211445 0.286988 0.26523 0.129196</i>
                        <i>-0.232063 -0.101819 0.967357 -0.823512 0.549833 -0.139683 -0.517662 -0.829046 -0.211445 0.286988 0.26523 0.129196</i>
                    </KeyFrames>
                </p>
            </i>
            <i>
                <p>
                    <Name>
                        <![CDATA[spine1]]>
</Name>
                    <Exclude>0</Exclude>
                    <Additive>0</Additive>
                    <IKPriority>0</IKPriority>
                    <IKRotLimits>-1e+010 -1e+010 -1e+010 1e+010 1e+010 1e+010</IKRotLimits>
                    <IKRotLimitOrder>0</IKRotLimitOrder>
                    <KeyFrames count="32">
                        <i>2.19507e-016 0.920621 0.390457 -1 2.22045e-016 0 -4.34817e-017 -0.390457 0.920621 -2.11291e-012 1.34111 0.0629371</i>
                        <i>-0.0084928 0.891784 0.452381 -0.999931 -0.0112503 0.00340562 0.00812651 -0.452321 0.891818 0.00356712 1.33386 0.0532325</i>
                        <i>-0.0178999 0.858801 0.511997 -0.999728 -0.0230394 0.00369387 0.0149684 -0.511791 0.85898 0.00703115 1.32797 0.0437267</i>
                        <i>-0.0286674 0.820539 0.570871 -0.99933 -0.0365208 0.00230969 0.0227439 -0.570423 0.821036 0.0104567 1.31958 0.0329272</i>
                        <i>-0.0411368 0.770636 0.635947 -0.998266 -0.0585201 0.00634051 0.0421019 -0.634583 0.771707 0.0146187 1.30432 0.0187189</i>
                        <i>-0.0612536 0.716214 0.695187 -0.99609 -0.0882816 0.00318534 0.0636536 -0.692274 0.718822 0.0165615 1.24639 -0.0124265</i>
                        <i>-0.0838049 0.662457 0.744398 -0.992644 -0.121001 -0.00407115 0.0873758 -0.739263 0.667724 0.0205916 1.18718 -0.0420171</i>
                        <i>-0.10724 0.615824 0.780551 -0.988055 -0.153395 -0.0147261 0.110664 -0.772807 0.624918 0.0259811 1.13072 -0.0737396</i>
                        <i>-0.129991 0.581277 0.803255 -0.982895 -0.182137 -0.0272577 0.130458 -0.793059 0.595011 0.0314069 1.0817 -0.111163</i>
                        <i>-0.149069 0.55544 0.818086 -0.978188 -0.203866 -0.0398267 0.144659 -0.806179 0.573715 0.0375936 1.04417 -0.150375</i>
                        <i>-0.161025 0.496179 0.853157 -0.974456 -0.21704 -0.057693 0.156543 -0.840654 0.518454 0.0444911 1.01842 -0.170723</i>
                        <i>-0.163683 0.434524 0.885662 -0.973441 -0.216805 -0.0735365 0.160062 -0.874176 0.458471 0.0545987 1.0095 -0.183416</i>
                        <i>-0.15571 0.366588 0.917261 -0.975926 -0.200654 -0.0854759 0.152718 -0.908488 0.389007 0.069353 1.01062 -0.184015</i>
                        <i>-0.161484 0.313165 0.935869 -0.984052 -0.122781 -0.128712 0.0745986 -0.941728 0.327998 0.0937606 1.00618 -0.158962</i>
                        <i>-0.180165 0.24916 0.951556 -0.979386 0.0443928 -0.197059 -0.0913414 -0.967444 0.236026 0.123993 0.99722 -0.1171</i>
                        <i>-0.19679 0.1781 0.964134 -0.937656 0.253153 -0.23815 -0.286488 -0.950891 0.117179 0.157422 0.980896 -0.0657638</i>
                        <i>-0.203125 0.101679 0.973859 -0.868765 0.440056 -0.22715 -0.45165 -0.892195 -0.00105085 0.192455 0.955497 -0.0130851</i>
                        <i>-0.197493 0.0224748 0.980047 -0.814675 0.552298 -0.176834 -0.545252 -0.833343 -0.0907656 0.228278 0.920513 0.0329376</i>
                        <i>-0.17463 -0.0452533 0.983594 -0.797574 0.592283 -0.114354 -0.577391 -0.804458 -0.139523 0.261996 0.873881 0.0672593</i>
                        <i>-0.132749 -0.0698164 0.988688 -0.807046 0.586683 -0.0669317 -0.575374 -0.806801 -0.134227 0.292372 0.809393 0.0955046</i>
                        <i>-0.0839373 -0.0487881 0.995276 -0.842628 0.536633 -0.0447581 -0.531914 -0.842404 -0.0861537 0.314194 0.72874 0.124466</i>
                        <i>-0.0427447 -0.000630477 0.999086 -0.892956 0.448543 -0.037921 -0.448109 -0.893761 -0.0197358 0.318418 0.641169 0.152018</i>
                        <i>-0.0238936 0.0539758 0.998256 -0.93968 0.339605 -0.0408541 -0.341218 -0.939018 0.0426056 0.301818 0.555428 0.175165</i>
                        <i>-0.0305368 0.0832707 0.996059 -0.970263 0.236926 -0.049553 -0.240119 -0.967952 0.0735595 0.272712 0.476424 0.191547</i>
                        <i>-0.0535961 0.0449937 0.997548 -0.98377 0.168937 -0.0604756 -0.171244 -0.984599 0.0352091 0.246737 0.404517 0.200402</i>
                        <i>-0.116301 0.0221937 0.992966 -0.979109 0.165327 -0.118373 -0.166791 -0.985989 0.00250247 0.243581 0.363676 0.235863</i>
                        <i>-0.1833 0.00476668 0.983045 -0.968524 0.170438 -0.181419 -0.168413 -0.985357 -0.0266247 0.242378 0.327418 0.273307</i>
                        <i>-0.251929 -0.00733192 0.967718 -0.952038 0.181316 -0.246473 -0.173656 -0.983398 -0.052659 0.242189 0.294286 0.31157</i>
                        <i>-0.319805 -0.0143434 0.947375 -0.930171 0.195019 -0.311045 -0.180294 -0.980695 -0.0757097 0.24193 0.262842 0.349321</i>
                        <i>-0.384886 -0.0166983 0.922813 -0.903946 0.208745 -0.373239 -0.1864 -0.977827 -0.0954374 0.240428 0.231676 0.385089</i>
                        <i>-0.384886 -0.0166983 0.922813 -0.903946 0.208745 -0.373239 -0.1864 -0.977827 -0.0954374 0.240428 0.231676 0.385089</i>
                        <i>-0.384886 -0.0166983 0.922813 -0.903946 0.208745 -0.373239 -0.1864 -0.977827 -0.0954374 0.240428 0.231676 0.385089</i>
                    </KeyFrames>
                </p>
            </i>
            <i>
                <p>
                    <Name>
                        <![CDATA[spine2]]>
</Name>
                    <Exclude>0</Exclude>
                    <Additive>0</Additive>
                    <IKPriority>0</IKPriority>
                    <IKRotLimits>-1e+010 -1e+010 -1e+010 1e+010 1e+010 1e+010</IKRotLimits>
                    <IKRotLimitOrder>0</IKRotLimitOrder>
                    <KeyFrames count="32">
                        <i>2.10053e-016 0.848549 0.529117 -1 2.22045e-016 0 -7.71488e-017 -0.529117 0.848549 1.93327e-018 1.48654 0.124619</i>
                        <i>0.000952698 0.803923 0.594732 -0.999972 -0.00363535 0.0065159 0.00740034 -0.594722 0.803897 0.00149343 1.47222 0.126323</i>
                        <i>0.00177859 0.754687 0.656083 -0.999905 -0.00764347 0.0115029 0.0136958 -0.656041 0.754601 0.00281431 1.45885 0.127667</i>
                        <i>0.000724079 0.697822 0.716271 -0.999768 -0.0149041 0.0155309 0.0215131 -0.716116 0.697649 0.00387523 1.44214 0.12738</i>
                        <i>-0.00627204 0.617674 0.786409 -0.999065 -0.0375117 0.021495 0.0427765 -0.785539 0.617332 0.00509976 1.41575 0.124054</i>
                        <i>-0.0200333 0.535264 0.844448 -0.997452 -0.0685408 0.0197823 0.0684679 -0.8419 0.535273 0.00292649 1.34677 0.102642</i>
                        <i>-0.0354791 0.462395 0.885964 -0.99463 -0.102586 0.01371 0.0972267 -0.88072 0.463551 0.00248508 1.27782 0.0813988</i>
                        <i>-0.0534871 0.411641 0.909775 -0.990632 -0.136512 0.00352588 0.125646 -0.901064 0.415087 0.00320442 1.21419 0.0566648</i>
                        <i>-0.073033 0.375475 0.923951 -0.985878 -0.167168 -0.0099945 0.150702 -0.911632 0.382381 0.0039065 1.16172 0.0257509</i>
                        <i>-0.0905341 0.338554 0.936582 -0.981163 -0.191471 -0.025631 0.170651 -0.92126 0.349511 0.00575427 1.12374 -0.0062231</i>
                        <i>-0.102499 0.260924 0.959902 -0.976947 -0.208071 -0.0477599 0.187266 -0.942669 0.276236 0.00941035 1.09223 -0.01481</i>
                        <i>-0.108154 0.185713 0.976634 -0.975231 -0.210488 -0.0679729 0.192946 -0.959794 0.203878 0.0179352 1.0767 -0.0148652</i>
                        <i>-0.106238 0.11552 0.987607 -0.977187 -0.195824 -0.0822115 0.1839 -0.973811 0.133688 0.0333918 1.06888 -0.00241536</i>
                        <i>-0.114104 0.0373835 0.992765 -0.987504 -0.113608 -0.109222 0.108703 -0.992822 0.0498797 0.0558318 1.05599 0.0291393</i>
                        <i>-0.140698 -0.0479397 0.988891 -0.98872 0.058617 -0.137832 -0.0513583 -0.997129 -0.0556462 0.0831524 1.0356 0.0780482</i>
                        <i>-0.168775 -0.12149 0.978139 -0.954704 0.266884 -0.131583 -0.245063 -0.95604 -0.16103 0.114581 1.0048 0.136221</i>
                        <i>-0.179641 -0.179307 0.967253 -0.890354 0.447758 -0.0823551 -0.418329 -0.875992 -0.240082 0.149239 0.962558 0.195113</i>
                        <i>-0.162403 -0.230456 0.959435 -0.834681 0.55066 -0.00901775 -0.526245 -0.802286 -0.281786 0.186189 0.910126 0.246966</i>
                        <i>-0.112794 -0.277283 0.954145 -0.810773 0.580799 0.0729396 -0.574391 -0.765368 -0.290324 0.224133 0.849406 0.285883</i>
                        <i>-0.0343485 -0.296277 0.954484 -0.807919 0.57041 0.147984 -0.588292 -0.766063 -0.25896 0.26292 0.782274 0.317127</i>
                        <i>0.0565799 -0.277748 0.958986 -0.827054 0.525014 0.200854 -0.559268 -0.804498 -0.200008 0.294983 0.711572 0.348762</i>
                        <i>0.138855 -0.228122 0.96368 -0.862046 0.451127 0.231001 -0.487439 -0.862812 -0.134011 0.30806 0.641709 0.378476</i>
                        <i>0.192484 -0.158533 0.96841 -0.901264 0.361807 0.238367 -0.388167 -0.918674 -0.0732384 0.29519 0.575559 0.403095</i>
                        <i>0.210429 -0.0977155 0.972713 -0.933821 0.274358 0.229577 -0.289305 -0.95665 -0.0335157 0.263656 0.509096 0.420641</i>
                        <i>0.201458 -0.0900605 0.975348 -0.954558 0.205218 0.216113 -0.219622 -0.974564 -0.0446251 0.231373 0.431038 0.431163</i>
                        <i>0.0847067 -0.0692591 0.993996 -0.976034 0.194923 0.0967577 -0.200454 -0.97837 -0.051088 0.212992 0.38517 0.464332</i>
                        <i>-0.0441113 -0.0398218 0.998233 -0.980792 0.191764 -0.0356907 -0.190003 -0.980633 -0.0475158 0.195754 0.344985 0.497813</i>
                        <i>-0.177205 -0.00138864 0.984173 -0.966093 0.191049 -0.17368 -0.187784 -0.98158 -0.0351964 0.179441 0.309107 0.530554</i>
                        <i>-0.30676 0.04531 0.950708 -0.932008 0.188275 -0.309699 -0.193027 -0.981071 -0.015526 0.163615 0.276077 0.561455</i>
                        <i>-0.42579 0.0984828 0.899446 -0.881373 0.179699 -0.43691 -0.204658 -0.978779 0.0102858 0.147641 0.24439 0.589381</i>
                        <i>-0.42579 0.0984828 0.899446 -0.881373 0.179699 -0.43691 -0.204658 -0.978779 0.0102858 0.147641 0.24439 0.589381</i>
                        <i>-0.42579 0.0984828 0.899446 -0.881373 0.179699 -0.43691 -0.204658 -0.978779 0.0102858 0.147641 0.24439 0.589381</i>
                    </KeyFrames>
                </p>
            </i>
            <i>
                <p>
                    <Name>
                        <![CDATA[head]]>
</Name>
                    <Exclude>0</Exclude>
                    <Additive>0</Additive>
                    <IKPriority>0</IKPriority>
                    <IKRotLimits>-1e+010 -1e+010 -1e+010 1e+010 1e+010 1e+010</IKRotLimits>
                    <IKRotLimitOrder>0</IKRotLimitOrder>
                    <KeyFrames count="32">
                        <i>2.29777e-016 0.841109 0.540865 -3.09601e-017 0.540865 -0.841109 -1 1.79493e-016 1.04304e-016 8.55053e-017 1.70966 0.253939</i>
                        <i>-0.000644285 0.802866 0.596159 0.000867677 0.59616 -0.802865 -0.999999 -2.90767e-010 -0.00108072 0.00133735 1.68457 0.272514</i>
                        <i>-0.00129477 0.760141 0.649757 0.00151473 0.649758 -0.76014 -0.999998 -4.00077e-010 -0.00199269 0.0024397 1.65925 0.289714</i>
                        <i>-0.00161692 0.717347 0.696714 0.00166479 0.696716 -0.717345 -0.999997 -5.90281e-010 -0.00232077 0.0028153 1.62872 0.305011</i>
                        <i>-0.0012011 0.679625 0.733558 0.00111278 0.733559 -0.679624 -0.999999 2.50817e-009 -0.00163735 0.00196883 1.58296 0.319711</i>
                        <i>0.00250853 0.663252 0.748392 -0.00222314 0.748396 -0.663248 -0.999994 -8.7513e-009 0.00335187 -0.00406506 1.49393 0.313458</i>
                        <i>0.00547463 0.649847 0.760045 -0.00468076 0.760065 -0.64983 -0.999974 -5.29344e-009 0.00720287 -0.00883758 1.40702 0.303365</i>
                        <i>0.00802822 0.639431 0.768806 -0.00667686 0.768848 -0.639397 -0.999946 -1.27629e-008 0.0104419 -0.0130423 1.3305 0.285377</i>
                        <i>0.0106319 0.632202 0.77473 -0.00867514 0.774803 -0.632143 -0.999906 -2.42661e-008 0.013722 -0.0175642 1.26878 0.258536</i>
                        <i>0.0120665 0.627077 0.778864 -0.00971378 0.778957 -0.627002 -0.99988 5.81076e-009 0.0154906 -0.020334 1.22174 0.22996</i>
                        <i>0.0117597 0.621493 0.783332 -0.00932909 0.78342 -0.621423 -0.999887 -5.54599e-009 0.0150108 -0.0197946 1.17097 0.227993</i>
                        <i>0.00753606 0.616885 0.787017 -0.00590667 0.787053 -0.616857 -0.999954 6.39778e-009 0.00957499 -0.0126163 1.13662 0.233027</i>
                        <i>-0.00217923 0.612251 0.790661 0.00168752 0.790664 -0.612248 -0.999996 -2.69772e-008 -0.00275623 0.00359792 1.11081 0.249295</i>
                        <i>-0.0150998 0.606869 0.794658 0.0115295 0.794802 -0.60676 -0.99982 2.77388e-009 -0.0189982 0.0242437 1.0788 0.282854</i>
                        <i>-0.029395 0.601768 0.79813 0.022148 0.798671 -0.601361 -0.999322 -2.40198e-010 -0.0368049 0.0453394 1.03727 0.331743</i>
                        <i>-0.047732 0.598786 0.799485 0.035686 0.800909 -0.597722 -0.998222 8.62667e-009 -0.0595973 0.0703622 0.987522 0.388325</i>
                        <i>-0.0726769 0.600568 0.796264 0.0545884 0.799574 -0.598082 -0.995861 -2.36591e-008 -0.0908946 0.102722 0.929451 0.445478</i>
                        <i>-0.104651 0.610624 0.784976 0.0806927 0.791921 -0.605269 -0.99123 5.31985e-008 -0.132148 0.143839 0.86253 0.49606</i>
                        <i>-0.14119 0.631789 0.762174 0.115079 0.775141 -0.62122 -0.983271 1.70358e-008 -0.182148 0.193579 0.788791 0.534066</i>
                        <i>-0.180002 0.660123 0.729272 0.158187 0.751158 -0.640889 -0.970864 -3.6654e-008 -0.239632 0.251149 0.716525 0.565582</i>
                        <i>-0.213241 0.69017 0.691515 0.203376 0.723647 -0.659525 -0.955597 2.31503e-008 -0.294676 0.304914 0.650786 0.598372</i>
                        <i>-0.229877 0.719392 0.655463 0.238081 0.694604 -0.678854 -0.943649 -7.11907e-008 -0.330947 0.337418 0.593795 0.629133</i>
                        <i>-0.224403 0.746179 0.626786 0.251514 0.665746 -0.702512 -0.94148 2.8711e-008 -0.33707 0.336781 0.545114 0.654623</i>
                        <i>-0.199481 0.775754 0.598677 0.245229 0.631036 -0.735973 -0.94872 -1.99536e-008 -0.316117 0.308682 0.493144 0.672955</i>
                        <i>-0.163264 0.819722 0.548999 0.23366 0.572761 -0.785715 -0.958513 1.83335e-008 -0.285048 0.273367 0.415219 0.684188</i>
                        <i>-0.133716 0.84239 0.522015 0.209032 0.538869 -0.816043 -0.968724 -1.12602e-008 -0.248141 0.227001 0.372949 0.721293</i>
                        <i>-0.103246 0.863376 0.493884 0.176668 0.504561 -0.845108 -0.97884 2.0098e-008 -0.204625 0.178988 0.338457 0.755348</i>
                        <i>-0.073091 0.88278 0.464065 0.137346 0.469786 -0.87203 -0.987823 1.9678e-008 -0.155584 0.130909 0.310445 0.784452</i>
                        <i>-0.0447786 0.900548 0.432445 0.0927536 0.434757 -0.895758 -0.994682 -6.20287e-009 -0.102997 0.0841213 0.287288 0.807283</i>
                        <i>-0.0197515 0.916542 0.399449 0.0452649 0.399937 -0.915424 -0.99878 -2.60145e-008 -0.0493866 0.0395899 0.267072 0.823086</i>
                        <i>-0.0197515 0.916542 0.399449 0.0452649 0.399937 -0.915424 -0.99878 -2.60145e-008 -0.0493866 0.0395899 0.267072 0.823086</i>
                        <i>-0.0197515 0.916542 0.399449 0.0452649 0.399937 -0.915424 -0.99878 -2.60145e-008 -0.0493866 0.0395899 0.267072 0.823086</i>
                    </KeyFrames>
                </p>
            </i>
            <i>
                <p>
                    <Name>
                        <![CDATA[head_prop]]>
</Name>
                    <Exclude>0</Exclude>
                    <Additive>0</Additive>
                    <IKPriority>0</IKPriority>
                    <IKRotLimits>-1e+010 -1e+010 -1e+010 1e+010 1e+010 1e+010</IKRotLimits>
                    <IKRotLimitOrder>0</IKRotLimitOrder>
                    <KeyFrames count="32">
                        <i>1 7.27098e-018 1.57918e-017 7.73193e-018 0.841109 0.540865 3.09601e-017 -0.540865 0.841109 1.60392e-016 1.98379 0.430211</i>
                        <i>0.999999 2.90767e-010 0.00108072 -0.000644285 0.802866 0.596159 -0.000867677 -0.59616 0.802865 0.00112737 1.94623 0.466808</i>
                        <i>0.999998 4.00077e-010 0.00199269 -0.00129477 0.760141 0.649757 -0.00151473 -0.649758 0.76014 0.00201772 1.90699 0.501476</i>
                        <i>0.999997 5.90281e-010 0.00232077 -0.00161692 0.717347 0.696714 -0.00166479 -0.696716 0.717345 0.00228833 1.86251 0.532076</i>
                        <i>0.999999 -2.50817e-009 0.00163735 -0.0012011 0.679625 0.733558 -0.00111278 -0.733559 0.679624 0.00157738 1.80446 0.558784</i>
                        <i>0.999994 8.7513e-009 -0.00335187 0.00250853 0.663252 0.748392 0.00222314 -0.748396 0.663248 -0.00324751 1.71009 0.557366</i>
                        <i>0.999974 5.29344e-009 -0.00720287 0.00547463 0.649847 0.760045 0.00468076 -0.760065 0.64983 -0.00705335 1.61881 0.551071</i>
                        <i>0.999946 1.27629e-008 -0.0104419 0.00802822 0.639431 0.768806 0.00667686 -0.768848 0.639397 -0.0104259 1.5389 0.535938</i>
                        <i>0.999906 2.42661e-008 -0.013722 0.0106319 0.632202 0.77473 0.00867514 -0.774803 0.632143 -0.0140992 1.47482 0.511028</i>
                        <i>0.99988 -5.81076e-009 -0.0154906 0.0120665 0.627077 0.778864 0.00971378 -0.778957 0.627002 -0.0164015 1.42611 0.483799</i>
                        <i>0.999887 5.54599e-009 -0.0150108 0.0117597 0.621493 0.783332 0.00932909 -0.78342 0.621423 -0.015962 1.37352 0.483288</i>
                        <i>0.999954 -6.39778e-009 -0.00957499 0.00753606 0.616885 0.787017 0.00590667 -0.787053 0.616857 -0.0101603 1.33767 0.489523</i>
                        <i>0.999996 2.69772e-008 0.00275623 -0.00217923 0.612251 0.790661 -0.00168752 -0.790664 0.612248 0.00288769 1.31035 0.506979</i>
                        <i>0.99982 -2.77388e-009 0.0189982 -0.0150998 0.606869 0.794658 -0.0115295 -0.794802 0.60676 0.0193226 1.27658 0.54184</i>
                        <i>0.999322 2.40198e-010 0.0368049 -0.029395 0.601768 0.79813 -0.022148 -0.798671 0.601361 0.0357593 1.23339 0.59186</i>
                        <i>0.998222 -8.62667e-009 0.0595973 -0.047732 0.598786 0.799485 -0.035686 -0.800909 0.597722 0.054806 1.18267 0.648884</i>
                        <i>0.995861 2.36591e-008 0.0908946 -0.0726769 0.600568 0.796264 -0.0545884 -0.799574 0.598082 0.0790355 1.12518 0.704988</i>
                        <i>0.99123 -5.31985e-008 0.132148 -0.104651 0.610624 0.784976 -0.0806927 -0.791921 0.605269 0.109732 1.06154 0.751891</i>
                        <i>0.983271 -1.70358e-008 0.182148 -0.14119 0.631789 0.762174 -0.115079 -0.775141 0.62122 0.147564 0.994696 0.782466</i>
                        <i>0.970864 3.6654e-008 0.239632 -0.180002 0.660123 0.729272 -0.158187 -0.751158 0.640889 0.192485 0.931665 0.803259</i>
                        <i>0.955597 -2.31503e-008 0.294676 -0.213241 0.69017 0.691515 -0.203376 -0.723647 0.659525 0.235416 0.875719 0.823743</i>
                        <i>0.943649 7.11907e-008 0.330947 -0.229877 0.719392 0.655463 -0.238081 -0.694604 0.678854 0.262499 0.828251 0.842754</i>
                        <i>0.94148 -2.8711e-008 0.33707 -0.224403 0.746179 0.626786 -0.251514 -0.665746 0.702512 0.263646 0.788301 0.858899</i>
                        <i>0.94872 1.99536e-008 0.316117 -0.199481 0.775754 0.598677 -0.245229 -0.631036 0.735973 0.243669 0.745969 0.868069</i>
                        <i>0.958513 -1.83335e-008 0.285048 -0.163264 0.819722 0.548999 -0.23366 -0.572761 0.785715 0.220158 0.682374 0.863111</i>
                        <i>0.968724 1.12602e-008 0.248141 -0.133716 0.84239 0.522015 -0.209032 -0.538869 0.816043 0.183422 0.647492 0.891422</i>
                        <i>0.97884 -2.0098e-008 0.204625 -0.103246 0.863376 0.493884 -0.176668 -0.504561 0.845108 0.145339 0.619839 0.916309</i>
                        <i>0.987823 -1.9678e-008 0.155584 -0.073091 0.88278 0.464065 -0.137346 -0.469786 0.87203 0.107088 0.598151 0.935695</i>
                        <i>0.994682 6.20287e-009 0.102997 -0.0447786 0.900548 0.432445 -0.0927536 -0.434757 0.895758 0.0695275 0.580784 0.948221</i>
                        <i>0.99878 2.60145e-008 0.0493866 -0.0197515 0.916542 0.399449 -0.0452649 -0.399937 0.915424 0.0331527 0.565781 0.95327</i>
                        <i>0.99878 2.60145e-008 0.0493866 -0.0197515 0.916542 0.399449 -0.0452649 -0.399937 0.915424 0.0331527 0.565781 0.95327</i>
                        <i>0.99878 2.60145e-008 0.0493866 -0.0197515 0.916542 0.399449 -0.0452649 -0.399937 0.915424 0.0331527 0.565781 0.95327</i>
                    </KeyFrames>
                </p>
            </i>
            <i>
                <p>
                    <Name>
                        <![CDATA[l_clav]]>
</Name>
                    <Exclude>0</Exclude>
                    <Additive>0</Additive>
                    <IKPriority>0</IKPriority>
                    <IKRotLimits>-1e+010 -1e+010 -1e+010 1e+010 1e+010 1e+010</IKRotLimits>
                    <IKRotLimitOrder>0</IKRotLimitOrder>
                    <KeyFrames count="32">
                        <i>0.918092 0.395529 0.0257669 -0.380072 0.860037 0.340415 0.112484 -0.322326 0.939922 0.0860269 1.52102 0.184454</i>
                        <i>0.916865 0.397138 0.0405074 -0.376999 0.828043 0.41499 0.131266 -0.395761 0.908924 0.0874766 1.50235 0.187729</i>
                        <i>0.915527 0.398281 0.0564156 -0.373722 0.790295 0.485557 0.148803 -0.465624 0.872383 0.0886678 1.48456 0.190411</i>
                        <i>0.912927 0.401238 0.0746468 -0.372188 0.743456 0.555653 0.167452 -0.535053 0.828057 0.0895585 1.46339 0.191187</i>
                        <i>0.904498 0.414788 0.099171 -0.377392 0.670143 0.639128 0.198644 -0.615516 0.76268 0.0908973 1.43252 0.188287</i>
                        <i>0.891522 0.434459 0.128193 -0.388918 0.589068 0.708337 0.232229 -0.681355 0.694136 0.0884829 1.36008 0.167405</i>
                        <i>0.875714 0.457337 0.154818 -0.401932 0.512825 0.758592 0.267537 -0.726536 0.632906 0.0876827 1.28885 0.146733</i>
                        <i>0.857738 0.483267 0.175323 -0.416954 0.454474 0.787148 0.300723 -0.748269 0.59132 0.0878397 1.22441 0.122954</i>
                        <i>0.839267 0.50821 0.193269 -0.432993 0.409714 0.802902 0.328858 -0.757533 0.563911 0.0877797 1.17202 0.0931498</i>
                        <i>0.822832 0.526363 0.214219 -0.446996 0.366698 0.815921 0.350917 -0.767121 0.537013 0.0888641 1.13393 0.0620899</i>
                        <i>0.809632 0.527643 0.257077 -0.456299 0.29035 0.841124 0.369171 -0.798305 0.475839 0.0920746 1.099 0.0544424</i>
                        <i>0.80399 0.514611 0.297953 -0.460082 0.220893 0.85996 0.376729 -0.828482 0.414359 0.10045 1.07896 0.0549664</i>
                        <i>0.808585 0.485121 0.332939 -0.457272 0.162036 0.874441 0.370261 -0.859303 0.352852 0.116086 1.06513 0.0674319</i>
                        <i>0.836643 0.392047 0.382528 -0.458737 0.119893 0.880446 0.299314 -0.912099 0.280154 0.136096 1.04065 0.0988753</i>
                        <i>0.874492 0.210585 0.436941 -0.463906 0.100115 0.880209 0.141615 -0.972436 0.185241 0.155992 1.00093 0.146677</i>
                        <i>0.889143 -0.0129199 0.457448 -0.454158 0.0979931 0.885516 -0.0562674 -0.995103 0.0812621 0.175702 0.949421 0.200533</i>
                        <i>0.875551 -0.217604 0.431345 -0.420532 0.0962461 0.902158 -0.237829 -0.97128 -0.00724111 0.197586 0.89044 0.252364</i>
                        <i>0.860033 -0.347373 0.37373 -0.371889 0.0747378 0.925264 -0.349343 -0.934744 -0.0649074 0.226112 0.827746 0.296473</i>
                        <i>0.866491 -0.399182 0.299746 -0.311485 0.0368763 0.949535 -0.390091 -0.91613 -0.0923862 0.262064 0.762139 0.328121</i>
                        <i>0.891219 -0.395186 0.222612 -0.235743 0.0157161 0.971688 -0.387496 -0.918467 -0.079156 0.30338 0.694477 0.354396</i>
                        <i>0.92776 -0.337491 0.159254 -0.161293 0.0221868 0.986657 -0.336522 -0.941067 -0.0338508 0.342079 0.627427 0.384159</i>
                        <i>0.964231 -0.238951 0.11472 -0.10569 0.0503124 0.993126 -0.243081 -0.969727 0.023258 0.364333 0.564641 0.414098</i>
                        <i>0.988333 -0.121045 0.0924448 -0.0816344 0.0914186 0.992461 -0.128584 -0.988428 0.0804705 0.360569 0.507665 0.440507</i>
                        <i>0.995804 -0.012463 0.0906618 -0.088459 0.122766 0.988485 -0.0234497 -0.992357 0.121148 0.335777 0.449695 0.460371</i>
                        <i>0.992588 0.0579182 0.106837 -0.112637 0.108401 0.987706 0.045625 -0.992419 0.114121 0.306859 0.375479 0.471789</i>
                        <i>0.977563 0.0763956 0.1963 -0.204223 0.115434 0.972095 0.0516041 -0.990373 0.128445 0.286104 0.329845 0.515228</i>
                        <i>0.953215 0.0894389 0.288758 -0.298738 0.132665 0.945069 0.0462177 -0.987117 0.153177 0.264283 0.289739 0.559988</i>
                        <i>0.919866 0.100373 0.379172 -0.391041 0.159402 0.906464 0.0305438 -0.982098 0.185878 0.241228 0.254184 0.604234</i>
                        <i>0.879 0.112113 0.463453 -0.476783 0.194342 0.857269 0.00604213 -0.974506 0.22428 0.216795 0.222094 0.646157</i>
                        <i>0.833039 0.126949 0.538452 -0.55263 0.235707 0.799401 -0.0254334 -0.963497 0.266509 0.190862 0.192243 0.684048</i>
                        <i>0.833039 0.126949 0.538452 -0.55263 0.235707 0.799401 -0.0254334 -0.963497 0.266509 0.190862 0.192243 0.684048</i>
                        <i>0.833039 0.126949 0.538452 -0.55263 0.235707 0.799401 -0.0254334 -0.963497 0.266509 0.190862 0.192243 0.684048</i>
                    </KeyFrames>
                </p>
            </i>
            <i>
                <p>
                    <Name>
                        <![CDATA[l_shoulder]]>
</Name>
                    <Exclude>0</Exclude>
                    <Additive>0</Additive>
                    <IKPriority>0</IKPriority>
                    <IKRotLimits>-1e+010 -1e+010 -1e+010 1e+010 1e+010 1e+010</IKRotLimits>
                    <IKRotLimitOrder>0</IKRotLimitOrder>
                    <KeyFrames count="32">
                        <i>0.439188 -0.876585 -0.196755 0.863493 0.351427 0.361772 -0.247979 -0.328782 0.911268 0.2726 1.60214 0.19079</i>
                        <i>0.450875 -0.852035 -0.265983 0.862856 0.339786 0.3742 -0.228454 -0.398223 0.888385 0.275248 1.5838 0.197098</i>
                        <i>0.462075 -0.822475 -0.331695 0.861498 0.327518 0.388012 -0.210494 -0.465045 0.859898 0.277637 1.56625 0.203027</i>
                        <i>0.475523 -0.784301 -0.398434 0.858686 0.315414 0.403945 -0.191143 -0.534215 0.823455 0.279516 1.54573 0.207507</i>
                        <i>0.489328 -0.723566 -0.486837 0.855735 0.290729 0.428013 -0.168157 -0.626042 0.761443 0.280828 1.51777 0.20957</i>
                        <i>0.535008 -0.63722 -0.554722 0.837499 0.313608 0.447488 -0.111183 -0.703989 0.701454 0.277462 1.44966 0.194599</i>
                        <i>0.567701 -0.5493 -0.613175 0.820942 0.322192 0.471431 -0.0613971 -0.771013 0.633852 0.275075 1.38358 0.179386</i>
                        <i>0.586115 -0.490928 -0.644562 0.809441 0.319731 0.492522 -0.0357062 -0.810409 0.584776 0.273079 1.32504 0.159873</i>
                        <i>0.59697 -0.485775 -0.638474 0.800815 0.313019 0.510602 -0.0481835 -0.816114 0.575879 0.270583 1.27841 0.133875</i>
                        <i>0.597209 -0.531073 -0.601084 0.795597 0.297097 0.527976 -0.101813 -0.793533 0.599949 0.269422 1.24466 0.107304</i>
                        <i>0.583801 -0.565435 -0.582631 0.794871 0.251864 0.552036 -0.165397 -0.785396 0.596487 0.270781 1.21043 0.108779</i>
                        <i>0.540471 -0.649275 -0.5351 0.79905 0.196955 0.568091 -0.263456 -0.734609 0.625252 0.278563 1.18788 0.118023</i>
                        <i>0.459911 -0.756309 -0.465272 0.806298 0.136198 0.575616 -0.371975 -0.63988 0.672449 0.295384 1.1678 0.13791</i>
                        <i>0.368357 -0.851082 -0.37413 0.78583 0.0699983 0.614469 -0.496775 -0.520346 0.69459 0.321308 1.123 0.179933</i>
                        <i>0.296037 -0.912664 -0.281792 0.716889 0.0173387 0.696971 -0.631215 -0.408343 0.659412 0.349005 1.04357 0.239324</i>
                        <i>0.254619 -0.945236 -0.2042 0.631337 0.00253085 0.775505 -0.732518 -0.326377 0.597407 0.371276 0.943217 0.29732</i>
                        <i>0.209664 -0.967839 -0.139027 0.579917 0.0086086 0.81463 -0.787234 -0.251423 0.563071 0.389518 0.839643 0.343124</i>
                        <i>0.128719 -0.984585 -0.118423 0.586384 -0.0207361 0.809768 -0.79974 -0.173674 0.574676 0.414137 0.748818 0.374397</i>
                        <i>0.249492 -0.919378 -0.304135 0.632583 -0.0830639 0.770025 -0.733206 -0.384506 0.560859 0.45115 0.672101 0.389724</i>
                        <i>0.231237 -0.863526 -0.448166 0.704568 -0.169027 0.689212 -0.670905 -0.475134 0.569328 0.497589 0.605383 0.399123</i>
                        <i>0.125354 -0.805386 -0.579344 0.777833 -0.282698 0.5613 -0.615843 -0.520994 0.591019 0.544139 0.550831 0.41514</i>
