<?xml version="1.0" encoding="ISO-8859-1" ?>
<Animl Version="1">
    <ModellingPackage>
        <![CDATA[Maya.2010]]>
</ModellingPackage>
    <SrcFile>
        <![CDATA[anims\characters\shared\base_soldier\~src\infantry\ts2_fire_stand01.mb]]>
</SrcFile>
    <FramesPerSecond>24</FramesPerSecond>
    <TotalFrames>21</TotalFrames>
    <Skeleton>
        <RefFrame>
            <Name>
                <![CDATA[soldier_ref_frame]]>
</Name>
            <Exclude>0</Exclude>
            <Additive>0</Additive>
            <IKPriority>0</IKPriority>
            <IKRotLimits>-1e+010 -1e+010 -1e+010 1e+010 1e+010 1e+010</IKRotLimits>
            <IKRotLimitOrder>0</IKRotLimitOrder>
            <KeyFrames count="21">
                <i>1 0 0 0 1 0 0 0 1 0 0 0</i>
                <i>1 0 0 0 1 0 0 0 1 0 0 0</i>
                <i>1 0 0 0 1 0 0 0 1 0 0 0</i>
                <i>1 0 0 0 1 0 0 0 1 0 0 0</i>
                <i>1 0 0 0 1 0 0 0 1 0 0 0</i>
                <i>1 0 0 0 1 0 0 0 1 0 0 0</i>
                <i>1 0 0 0 1 0 0 0 1 0 0 0</i>
                <i>1 0 0 0 1 0 0 0 1 0 0 0</i>
                <i>1 0 0 0 1 0 0 0 1 0 0 0</i>
                <i>1 0 0 0 1 0 0 0 1 0 0 0</i>
                <i>1 0 0 0 1 0 0 0 1 0 0 0</i>
                <i>1 0 0 0 1 0 0 0 1 0 0 0</i>
                <i>1 0 0 0 1 0 0 0 1 0 0 0</i>
                <i>1 0 0 0 1 0 0 0 1 0 0 0</i>
                <i>1 0 0 0 1 0 0 0 1 0 0 0</i>
                <i>1 0 0 0 1 0 0 0 1 0 0 0</i>
                <i>1 0 0 0 1 0 0 0 1 0 0 0</i>
                <i>1 0 0 0 1 0 0 0 1 0 0 0</i>
                <i>1 0 0 0 1 0 0 0 1 0 0 0</i>
                <i>1 0 0 0 1 0 0 0 1 0 0 0</i>
                <i>1 0 0 0 1 0 0 0 1 0 0 0</i>
            </KeyFrames>
        </RefFrame>
        <Bones count="23">
            <i>
                <p>
                    <Name>
                        <![CDATA[pelvis]]>
</Name>
                    <Exclude>0</Exclude>
                    <Additive>0</Additive>
                    <IKPriority>0</IKPriority>
                    <IKRotLimits>-1e+010 -1e+010 -1e+010 1e+010 1e+010 1e+010</IKRotLimits>
                    <IKRotLimitOrder>2</IKRotLimitOrder>
                    <KeyFrames count="21">
                        <i>1 0 0 0 1 0 0 0 1 -0.059303 0.981368 0.0732933</i>
                        <i>1 0 0 0 1 0 0 0 1 -0.059303 0.973833 0.062217</i>
                        <i>1 0 0 0 1 0 0 0 1 -0.059303 0.966298 0.0762468</i>
                        <i>1 0 0 0 1 0 0 0 1 -0.059303 0.958763 0.0948415</i>
                        <i>1 0 0 0 1 0 0 0 1 -0.059303 0.960824 0.0686812</i>
                        <i>1 0 0 0 1 0 0 0 1 -0.059303 0.963148 0.0651591</i>
                        <i>1 0 0 0 1 0 0 0 1 -0.059303 0.964947 0.0612624</i>
                        <i>1 0 0 0 1 0 0 0 1 -0.059303 0.965432 0.0581149</i>
                        <i>1 0 0 0 1 0 0 0 1 -0.059303 0.95659 0.0568405</i>
                        <i>1 0 0 0 1 0 0 0 1 -0.059303 0.955669 0.058243</i>
                        <i>1 0 0 0 1 0 0 0 1 -0.059303 0.956257 0.0615549</i>
                        <i>1 0 0 0 1 0 0 0 1 -0.059303 0.957218 0.0655432</i>
                        <i>1 0 0 0 1 0 0 0 1 -0.059303 0.959666 0.0689748</i>
                        <i>1 0 0 0 1 0 0 0 1 -0.059303 0.972502 0.0718196</i>
                        <i>1 0 0 0 1 0 0 0 1 -0.059303 0.981368 0.0732933</i>
                        <i>1 0 0 0 1 0 0 0 1 -0.059303 0.973833 0.062217</i>
                        <i>1 0 0 0 1 0 0 0 1 -0.059303 0.966298 0.0762468</i>
                        <i>1 0 0 0 1 0 0 0 1 -0.059303 0.958763 0.0948415</i>
                        <i>1 0 0 0 1 0 0 0 1 -0.059303 0.960824 0.0686812</i>
                        <i>1 0 0 0 1 0 0 0 1 -0.059303 0.963148 0.0651591</i>
                        <i>1 0 0 0 1 0 0 0 1 -0.059303 0.964947 0.0612624</i>
                    </KeyFrames>
                </p>
            </i>
            <i>
                <p>
                    <Name>
                        <![CDATA[spine0]]>
</Name>
                    <Exclude>0</Exclude>
                    <Additive>0</Additive>
                    <IKPriority>0</IKPriority>
                    <IKRotLimits>-1e+010 -1e+010 -1e+010 1e+010 1e+010 1e+010</IKRotLimits>
                    <IKRotLimitOrder>0</IKRotLimitOrder>
                    <KeyFrames count="21">
                        <i>0.135937 0.989353 0.0519786 -0.851867 0.0899379 0.515978 0.50581 -0.114419 0.855023 -0.0664102 1.12208 0.044211</i>
                        <i>0.122481 0.99192 -0.0330613 -0.847695 0.12188 0.516294 0.516151 -0.0352101 0.855773 -0.0664422 1.11419 0.031468</i>
                        <i>0.121537 0.988244 -0.0927454 -0.843243 0.15209 0.515567 0.523612 0.0155463 0.851815 -0.0664747 1.10628 0.0438355</i>
                        <i>0.131164 0.986897 -0.0939647 -0.842667 0.160918 0.513827 0.522215 0.0117852 0.852732 -0.066508 1.09835 0.0607724</i>
                        <i>0.130394 0.99109 0.0271832 -0.844075 0.0965851 0.527455 0.52013 -0.0917217 0.849148 -0.0681697 1.10304 0.0488753</i>
                        <i>0.124811 0.99215 -0.00782178 -0.844382 0.110355 0.524252 0.521 -0.0588278 0.851527 -0.06763 1.10487 0.0418599</i>
                        <i>0.117291 0.991693 -0.0528029 -0.843808 0.127555 0.521265 0.52367 -0.0165842 0.85176 -0.067096 1.10608 0.0344845</i>
                        <i>0.140111 0.989157 -0.044004 -0.843124 0.142492 0.518495 0.519144 -0.0355463 0.853948 -0.0667193 1.10596 0.0282526</i>
                        <i>0.124659 0.989738 -0.0698488 -0.843601 0.142784 0.517639 0.522301 -0.0056038 0.852743 -0.0671409 1.09687 0.0259151</i>
                        <i>0.113696 0.989386 -0.0904956 -0.843566 0.144253 0.517289 0.524852 0.0175256 0.851013 -0.0673346 1.09583 0.0268296</i>
                        <i>0.111522 0.989115 -0.0959869 -0.843555 0.145283 0.517018 0.525336 0.0233115 0.850576 -0.06748 1.09633 0.0297753</i>
                        <i>0.111341 0.990163 -0.0847341 -0.844755 0.13921 0.51673 0.523443 0.0140463 0.851945 -0.0675374 1.09725 0.0336192</i>
                        <i>0.113507 0.991629 -0.0615486 -0.846539 0.128956 0.51647 0.520084 -0.00651984 0.85409 -0.0674988 1.09972 0.037148</i>
                        <i>0.125887 0.992035 0.00428234 -0.849803 0.105609 0.516412 0.511847 -0.0686488 0.856329 -0.0668609 1.11295 0.0416002</i>
                        <i>0.135937 0.989353 0.0519786 -0.851867 0.0899379 0.515978 0.50581 -0.114419 0.855023 -0.0664102 1.12208 0.044211</i>
                        <i>0.122438 0.991922 -0.0331681 -0.847691 0.121899 0.516294 0.516167 -0.0350975 0.855769 -0.0664422 1.11419 0.031468</i>
                        <i>0.121394 0.988228 -0.093101 -0.843231 0.152155 0.515569 0.523665 0.0159184 0.851775 -0.0664747 1.10628 0.0438355</i>
                        <i>0.130906 0.98687 -0.0946072 -0.842644 0.161033 0.513828 0.522317 0.0124568 0.85266 -0.066508 1.09835 0.0607724</i>
                        <i>0.130046 0.991158 0.0263218 -0.844047 0.0967363 0.527472 0.520262 -0.0908126 0.849164 -0.0681697 1.10304 0.0488753</i>
                        <i>0.124452 0.992187 -0.00871435 -0.844353 0.110513 0.524267 0.521134 -0.0578879 0.85151 -0.06763 1.10487 0.0418599</i>
                        <i>0.117034 0.991689 -0.0534436 -0.843786 0.127671 0.521273 0.523764 -0.0159117 0.851715 -0.067096 1.10608 0.0344845</i>
                    </KeyFrames>
                </p>
            </i>
            <i>
                <p>
                    <Name>
                        <![CDATA[spine1]]>
</Name>
                    <Exclude>0</Exclude>
                    <Additive>0</Additive>
                    <IKPriority>0</IKPriority>
                    <IKRotLimits>-1e+010 -1e+010 -1e+010 1e+010 1e+010 1e+010</IKRotLimits>
                    <IKRotLimitOrder>0</IKRotLimitOrder>
                    <KeyFrames count="21">
                        <i>0.209315 0.951125 0.227043 -0.814437 0.0410698 0.578797 0.541184 -0.306063 0.783228 -0.0431388 1.29144 0.0531107</i>
                        <i>0.207073 0.97696 0.0516781 -0.779367 0.132801 0.612333 0.591362 -0.167074 0.788909 -0.0459028 1.28043 0.0259475</i>
                        <i>0.206456 0.975596 -0.0747519 -0.75242 0.207136 0.625266 0.625491 -0.0728449 0.776823 -0.0462061 1.27096 0.0284057</i>
                        <i>0.211595 0.976618 -0.0380142 -0.77719 0.191716 0.59935 0.592624 -0.0972751 0.799584 -0.0445512 1.26345 0.0450743</i>
                        <i>0.205398 0.970166 0.128804 -0.801556 0.0912477 0.590916 0.561533 -0.224616 0.796384 -0.0461778 1.27012 0.0534731</i>
                        <i>0.204687 0.976801 0.0629522 -0.780971 0.124203 0.612093 0.590074 -0.174451 0.788276 -0.0467041 1.27111 0.0405698</i>
                        <i>0.202471 0.978668 -0.0348382 -0.753231 0.178369 0.633109 0.625818 -0.101945 0.773278 -0.0475346 1.27134 0.0257105</i>
                        <i>0.214309 0.975076 0.0574267 -0.800616 0.141677 0.582187 0.559541 -0.170745 0.811024 -0.0430913 1.27271 0.0208501</i>
                        <i>0.204248 0.978776 -0.016759 -0.776584 0.172431 0.605958 0.595987 -0.110751 0.79532 -0.0462838 1.26236 0.0142586</i>
                        <i>0.195354 0.977401 -0.0807678 -0.752573 0.202205 0.626695 0.628864 -0.0616441 0.775067 -0.0483796 1.26064 0.0117806</i>
                        <i>0.191112 0.977318 -0.0912452 -0.752358 0.205554 0.625864 0.630424 -0.050961 0.774577 -0.0488911 1.26105 0.0138153</i>
                        <i>0.189158 0.979834 -0.0643698 -0.761024 0.187711 0.620972 0.620533 -0.0684753 0.781185 -0.0489711 1.26222 0.0195271</i>
                        <i>0.18982 0.981754 -0.0112692 -0.774252 0.156738 0.613162 0.603741 -0.107665 0.789877 -0.0485274 1.26534 0.0268921</i>
                        <i>0.201341 0.971034 0.128666 -0.799239 0.0869201 0.594695 0.566285 -0.222572 0.793589 -0.0455795 1.28059 0.042337</i>
                        <i>0.209315 0.951125 0.227043 -0.814437 0.0410698 0.578797 0.541184 -0.306063 0.783228 -0.0431388 1.29144 0.0531107</i>
                        <i>0.206958 0.977 0.051383 -0.779353 0.132886 0.612332 0.59142 -0.166772 0.78893 -0.0459102 1.28043 0.0259297</i>
                        <i>0.206059 0.975605 -0.0757273 -0.752375 0.20744 0.625221 0.625677 -0.0718569 0.776765 -0.0462305 1.27095 0.0283469</i>
                        <i>0.210891 0.9767 -0.0397782 -0.777117 0.192204 0.599288 0.59297 -0.0954719 0.799545 -0.0445956 1.26344 0.0449678</i>
                        <i>0.204476 0.970666 0.126482 -0.801474 0.091833 0.590937 0.561987 -0.222204 0.796741 -0.0462383 1.27012 0.0533276</i>
                        <i>0.203714 0.977158 0.0605168 -0.780873 0.124886 0.612078 0.59054 -0.171945 0.788478 -0.046766 1.2711 0.0404205</i>
                        <i>0.201757 0.978752 -0.0365918 -0.753151 0.178919 0.633049 0.626145 -0.100163 0.773247 -0.0475784 1.27133 0.0256043</i>
                    </KeyFrames>
                </p>
            </i>
            <i>
                <p>
                    <Name>
                        <![CDATA[spine2]]>
</Name>
                    <Exclude>0</Exclude>
                    <Additive>0</Additive>
                    <IKPriority>0</IKPriority>
                    <IKRotLimits>-1e+010 -1e+010 -1e+010 1e+010 1e+010 1e+010</IKRotLimits>
                    <IKRotLimitOrder>0</IKRotLimitOrder>
                    <KeyFrames count="21">
                        <i>0.286886 0.821969 0.491999 -0.794402 -0.0828957 0.601709 0.535371 -0.563467 0.629192 -0.0100869 1.44128 0.0888453</i>
                        <i>0.324914 0.876465 0.355302 -0.739065 0.000900003 0.673634 0.590097 -0.481464 0.648057 -0.0138785 1.43118 0.0338124</i>
                        <i>0.333129 0.910456 0.245145 -0.702073 0.0659695 0.709043 0.62938 -0.408312 0.661182 -0.0144412 1.42068 0.016792</i>
                        <i>0.309808 0.898367 0.311378 -0.756703 0.0346775 0.652839 0.575691 -0.437875 0.69054 -0.011894 1.4139 0.0391079</i>
                        <i>0.27312 0.831974 0.482933 -0.802309 -0.0799792 0.591526 0.530759 -0.549019 0.645657 -0.0142505 1.42071 0.0733925</i>
                        <i>0.299225 0.865204 0.40235 -0.758686 -0.039993 0.650228 0.578672 -0.499822 0.644451 -0.0150614 1.42182 0.0501773</i>
                        <i>0.329461 0.901007 0.282209 -0.702277 0.03407 0.711088 0.63108 -0.432465 0.643981 -0.0163805 1.42154 0.0202224</i>
                        <i>0.280712 0.862722 0.420609 -0.802981 -0.0289582 0.595301 0.525759 -0.504849 0.68462 -0.00978356 1.42404 0.0296896</i>
                        <i>0.306327 0.895457 0.322986 -0.751173 0.0189703 0.659833 0.584725 -0.444743 0.678454 -0.0147745 1.41306 0.0115651</i>
                        <i>0.323173 0.91592 0.238013 -0.700846 0.0626401 0.710557 0.635904 -0.396443 0.662162 -0.0183292 1.4106 -0.000753881</i>
                        <i>0.319318 0.919987 0.227288 -0.700203 0.0674376 0.710751 0.638554 -0.386104 0.665712 -0.0194977 1.41097 -0.00032488</i>
                        <i>0.313015 0.916381 0.249535 -0.712216 0.0526687 0.699982 0.628307 -0.396827 0.669147 -0.0198725 1.41258 0.00951322</i>
                        <i>0.305355 0.905642 0.294229 -0.731204 0.0250668 0.681698 0.609999 -0.423302 0.669863 -0.0192664 1.41633 0.0250376</i>
                        <i>0.295601 0.861855 0.412099 -0.769726 -0.0406201 0.637081 0.565811 -0.505525 0.651385 -0.0141908 1.43165 0.0622772</i>
                        <i>0.286886 0.821969 0.491999 -0.794402 -0.0828957 0.601709 0.535371 -0.563467 0.629192 -0.0100869 1.44128 0.0888453</i>
                        <i>0.324816 0.87662 0.35501 -0.739035 0.00101838 0.673666 0.590187 -0.481182 0.648184 -0.0139039 1.43118 0.033749</i>
                        <i>0.332774 0.910858 0.244128 -0.701989 0.0664176 0.709084 0.62966 -0.40734 0.661515 -0.0145273 1.42067 0.0165837</i>
                        <i>0.309201 0.899198 0.309576 -0.756548 0.0353397 0.652983 0.576221 -0.436113 0.691213 -0.0120488 1.41389 0.0387297</i>
                        <i>0.272347 0.833487 0.480756 -0.802098 -0.079318 0.591901 0.531475 -0.546816 0.646937 -0.0144568 1.42077 0.0728847</i>
                        <i>0.298388 0.866596 0.399971 -0.758462 -0.0390989 0.650543 0.579396 -0.497477 0.645613 -0.015276 1.42186 0.0496512</i>
                        <i>0.32882 0.901803 0.280409 -0.70213 0.0348736 0.711194 0.631578 -0.430739 0.64465 -0.0165356 1.42154 0.0198471</i>
                    </KeyFrames>
                </p>
            </i>
            <i>
                <p>
                    <Name>
                        <![CDATA[head]]>
</Name>
                    <Exclude>0</Exclude>
                    <Additive>0</Additive>
                    <IKPriority>0</IKPriority>
                    <IKRotLimits>-1e+010 -1e+010 -1e+010 1e+010 1e+010 1e+010</IKRotLimits>
                    <IKRotLimitOrder>0</IKRotLimitOrder>
                    <KeyFrames count="21">
                        <i>0.533566 0.770511 0.348741 -0.0523973 0.441664 -0.895649 -0.844134 0.459615 0.276029 0.0569202 1.65423 0.216157</i>
                        <i>0.563525 0.791381 0.236972 -0.120979 0.362822 -0.923972 -0.817192 0.492013 0.3002 0.0626316 1.65342 0.130295</i>
                        <i>0.561119 0.813465 0.153038 -0.16694 0.292305 -0.941641 -0.810726 0.502825 0.299818 0.0632884 1.65032 0.0890416</i>
                        <i>0.543446 0.805235 0.2372 -0.0906447 0.337206 -0.937057 -0.834536 0.487739 0.256244 0.0590922 1.64039 0.127792</i>
                        <i>0.510236 0.755641 0.41069 -0.0274716 0.491603 -0.870386 -0.859596 0.43282 0.271592 0.0466799 1.62987 0.204565</i>
                        <i>0.533465 0.782536 0.321019 -0.0898179 0.429799 -0.898446 -0.84104 0.450456 0.299568 0.0531743 1.63945 0.161163</i>
                        <i>0.559673 0.804494 0.198887 -0.160628 0.340753 -0.926329 -0.812997 0.486495 0.319934 0.0604207 1.64836 0.101795</i>
                        <i>0.517101 0.772854 0.367837 -0.0154448 0.438109 -0.898789 -0.855785 0.459084 0.238483 0.0530683 1.64168 0.145206</i>
                        <i>0.543798 0.788999 0.285944 -0.0764505 0.385885 -0.919374 -0.835726 0.478093 0.270163 0.0555703 1.63871 0.10285</i>
                        <i>0.558776 0.80608 0.194949 -0.144921 0.326363 -0.934069 -0.816558 0.493683 0.299182 0.0569904 1.64142 0.0699915</i>
                        <i>0.552831 0.81566 0.170518 -0.156688 0.302733 -0.940107 -0.818429 0.493003 0.295165 0.0549097 1.64279 0.067898</i>
                        <i>0.54398 0.824323 0.156774 -0.160943 0.285868 -0.944657 -0.823519 0.488642 0.288175 0.0530642 1.64371 0.0822584</i>
                        <i>0.537339 0.825081 0.174662 -0.14748 0.295838 -0.943785 -0.830371 0.481374 0.280648 0.0518829 1.6454 0.10726</i>
                        <i>0.533797 0.799138 0.276477 -0.0917387 0.379752 -0.920528 -0.840622 0.466011 0.276022 0.054783 1.65218 0.1709</i>
                        <i>0.528064 0.773484 0.350529 -0.0523973 0.441664 -0.895649 -0.847587 0.454593 0.273755 0.0569202 1.65423 0.216157</i>
                        <i>0.563448 0.791504 0.236744 -0.121051 0.362566 -0.924063 -0.817235 0.492004 0.300099 0.0625832 1.65346 0.130164</i>
                        <i>0.560845 0.8138 0.152258 -0.167159 0.291421 -0.941877 -0.81087 0.502796 0.299476 0.0631198 1.65041 0.0885989</i>
                        <i>0.54298 0.805957 0.235807 -0.0910727 0.33567 -0.937567 -0.834792 0.487605 0.255663 0.0587965 1.64057 0.126999</i>
                        <i>0.509643 0.756955 0.409003 -0.0280694 0.489746 -0.871413 -0.859928 0.432629 0.270843 0.046294 1.63029 0.203552</i>
                        <i>0.53282 0.783726 0.319183 -0.0904141 0.427747 -0.899365 -0.841385 0.450341 0.298772 0.052765 1.63981 0.160087</i>
                        <i>0.559182 0.805173 0.197514 -0.161022 0.339186 -0.926836 -0.813257 0.486466 0.319317 0.0601164 1.64855 0.101005</i>
                    </KeyFrames>
                </p>
            </i>
            <i>
                <p>
                    <Name>
                        <![CDATA[head_prop]]>
</Name>
                    <Exclude>0</Exclude>
                    <Additive>0</Additive>
                    <IKPriority>0</IKPriority>
                    <IKRotLimits>-1e+010 -1e+010 -1e+010 1e+010 1e+010 1e+010</IKRotLimits>
                    <IKRotLimitOrder>0</IKRotLimitOrder>
                    <KeyFrames count="21">
                        <i>0.844134 -0.459615 -0.276029 0.533566 0.770511 0.348741 0.0523973 -0.441664 0.895649 0.230814 1.90535 0.329814</i>
                        <i>0.817192 -0.492013 -0.3002 0.563525 0.791381 0.236972 0.120979 -0.362822 0.923972 0.24629 1.91134 0.207526</i>
                        <i>0.810726 -0.502825 -0.299818 0.561119 0.813465 0.153038 0.16694 -0.292305 0.941641 0.246162 1.91544 0.138918</i>
                        <i>0.834536 -0.487739 -0.256244 0.543446 0.805235 0.2372 0.0906447 -0.337206 0.937057 0.236206 1.90282 0.205098</i>
                        <i>0.859596 -0.43282 -0.271592 0.510236 0.755641 0.41069 0.0274716 -0.491603 0.870386 0.21297 1.87614 0.338412</i>
                        <i>0.84104 -0.450456 -0.299568 0.533465 0.782536 0.321019 0.0898179 -0.429799 0.898446 0.227035 1.89449 0.265786</i>
                        <i>0.812997 -0.486495 -0.319934 0.559673 0.804494 0.198887 0.160628 -0.340753 0.926329 0.242823 1.91055 0.166614</i>
                        <i>0.855785 -0.459084 -0.238483 0.517101 0.772854 0.367837 0.0154448 -0.438109 0.898789 0.221596 1.89356 0.265087</i>
                        <i>0.835726 -0.478093 -0.270163 0.543798 0.788999 0.285944 0.0764505 -0.385885 0.919374 0.232799 1.89585 0.196042</i>
                        <i>0.816558 -0.493683 -0.299182 0.558776 0.80608 0.194949 0.144921 -0.326363 0.934069 0.239101 1.90413 0.133527</i>
                        <i>0.818429 -0.493003 -0.295165 0.552831 0.81566 0.170518 0.156688 -0.302733 0.940107 0.235082 1.90862 0.123471</i>
                        <i>0.823519 -0.488642 -0.288175 0.54398 0.824323 0.156774 0.160943 -0.285868 0.944657 0.230352 1.91236 0.133353</i>
                        <i>0.830371 -0.481374 -0.280648 0.537339 0.825081 0.174662 0.14748 -0.295838 0.943785 0.227007 1.9143 0.164184</i>
                        <i>0.840622 -0.466011 -0.276022 0.533797 0.799138 0.276477 0.0917387 -0.379752 0.920528 0.228752 1.91263 0.261006</i>
                        <i>0.847587 -0.454593 -0.273755 0.528064 0.773484 0.350529 0.0523973 -0.441664 0.895649 0.229021 1.90632 0.330397</i>
                        <i>0.817235 -0.492004 -0.300099 0.563448 0.791504 0.236744 0.121051 -0.362566 0.924063 0.246216 1.91142 0.207321</i>
                        <i>0.81087 -0.502796 -0.299476 0.560845 0.8138 0.152258 0.167159 -0.291421 0.941877 0.245904 1.91563 0.138221</i>
                        <i>0.834792 -0.487605 -0.255663 0.54298 0.805957 0.235807 0.0910727 -0.33567 0.937567 0.235759 1.90324 0.20385</i>
                        <i>0.859928 -0.432629 -0.270843 0.509643 0.756955 0.409003 0.0280694 -0.489746 0.871413 0.212391 1.87699 0.33685</i>
                        <i>0.841385 -0.450341 -0.298772 0.53282 0.783726 0.319183 0.0904141 -0.427747 0.899365 0.226416 1.89524 0.264112</i>
                        <i>0.813257 -0.486466 -0.319317 0.559182 0.805173 0.197514 0.161022 -0.339186 0.926836 0.242359 1.91096 0.165377</i>
                    </KeyFrames>
                </p>
            </i>
            <i>
                <p>
                    <Name>
                        <![CDATA[l_clav]]>
</Name>
                    <Exclude>0</Exclude>
                    <Additive>0</Additive>
                    <IKPriority>0</IKPriority>
                    <IKRotLimits>-1e+010 -1e+010 -1e+010 1e+010 1e+010 1e+010</IKRotLimits>
                    <IKRotLimitOrder>0</IKRotLimitOrder>
                    <KeyFrames count="21">
                        <i>0.725676 0.625565 -0.286465 -0.337815 0.686658 0.643724 0.599395 -0.370363 0.709617 0.0945387 1.48367 0.0845951</i>
                        <i>0.698743 0.592226 -0.401281 -0.282555 0.743808 0.605733 0.657207 -0.309867 0.687067 0.0888098 1.4716 0.0116722</i>
                        <i>0.665793 0.571754 -0.479392 -0.267738 0.782782 0.561755 0.696445 -0.245661 0.674252 0.0870343 1.4605 -0.0168711</i>
                        <i>0.694998 0.596752 -0.401079 -0.31662 0.75483 0.574441 0.645545 -0.272246 0.71355 0.0921491 1.4557 0.0154902</i>
                        <i>0.706346 0.663486 -0.246701 -0.372074 0.644483 0.667984 0.602193 -0.380037 0.702094 0.0910915 1.46688 0.0657255</i>
                        <i>0.677353 0.648423 -0.347478 -0.329432 0.689684 0.644834 0.657775 -0.32231 0.680771 0.0886948 1.46682 0.0317411</i>
                        <i>0.640121 0.607243 -0.470639 -0.275784 0.753383 0.596957 0.717069 -0.25233 0.649724 0.084934 1.46311 -0.0117649</i>
                        <i>0.693631 0.650819 -0.308725 -0.371123 0.690208 0.621194 0.617369 -0.316304 0.720283 0.0959639 1.46857 0.0186836</i>
                        <i>0.634836 0.638447 -0.435165 -0.328607 0.732839 0.595789 0.699286 -0.23523 0.675031 0.0886259 1.45567 -0.0121126</i>
                        <i>0.617849 0.581931 -0.52879 -0.265864 0.787509 0.556009 0.739986 -0.202943 0.641276 0.0825226 1.45139 -0.035142</i>
                        <i>0.64938 0.525984 -0.549223 -0.226594 0.823248 0.520498 0.725921 -0.213551 0.653785 0.0810854 1.45186 -0.0354091</i>
                        <i>0.674051 0.502729 -0.541219 -0.212149 0.833562 0.510065 0.707565 -0.228991 0.668517 0.0809829 1.45387 -0.0225985</i>
                        <i>0.687152 0.517226 -0.510195 -0.225684 0.819476 0.526807 0.690571 -0.246853 0.679835 0.0822389 1.45825 -0.00168202</i>
                        <i>0.71375 0.586011 -0.383604 -0.290006 0.745804 0.599728 0.637541 -0.316808 0.702264 0.0891909 1.47415 0.0486835</i>
                        <i>0.725676 0.625565 -0.286465 -0.337815 0.686658 0.643724 0.599395 -0.370363 0.709617 0.0945387 1.48367 0.0845951</i>
                        <i>0.703681 0.589432 -0.39674 -0.282157 0.744288 0.605329 0.652089 -0.314016 0.690053 0.0887769 1.47161 0.0115876</i>
                        <i>0.675804 0.566749 -0.471258 -0.266831 0.784104 0.560341 0.687088 -0.252935 0.681127 0.0869211 1.4605 -0.0171504</i>
                        <i>0.708819 0.588475 -0.388938 -0.314844 0.757347 0.572101 0.631227 -0.283061 0.7221 0.0919473 1.45573 0.0149801</i>
                        <i>0.723983 0.649697 -0.231825 -0.369113 0.648771 0.665471 0.582756 -0.39622 0.709511 0.090824 1.46705 0.0650478</i>
                        <i>0.701833 0.631712 -0.329196 -0.325225 0.695315 0.64091 0.633765 -0.342749 0.693444 0.0884146 1.46693 0.0310356</i>
                        <i>0.673212 0.588137 -0.448195 -0.270158 0.759848 0.591308 0.688331 -0.276992 0.670429 0.0847302 1.46313 -0.0122673</i>
                    </KeyFrames>
                </p>
            </i>
            <i>
                <p>
                    <Name>
                        <![CDATA[l_shoulder]]>
</Name>
                    <Exclude>0</Exclude>
                    <Additive>0</Additive>
                    <IKPriority>0</IKPriority>
                    <IKRotLimits>-1e+010 -1e+010 -1e+010 1e+010 1e+010 1e+010</IKRotLimits>
                    <IKRotLimitOrder>0</IKRotLimitOrder>
                    <KeyFrames count="21">
                        <i>0.789539 -0.550892 0.270454 0.469437 0.82599 0.31204 -0.395293 -0.119407 0.910761 0.237917 1.60727 0.0279958</i>
                        <i>0.785914 -0.540219 0.300836 0.487555 0.840635 0.235844 -0.380301 -0.0386789 0.924053 0.226866 1.58861 -0.0676123</i>
                        <i>0.736119 -0.51063 0.444281 0.47169 0.857763 0.20433 -0.485425 0.0591522 0.872275 0.218581 1.57347 -0.111589</i>
                        <i>0.731794 -0.52316 0.436786 0.459562 0.852058 0.250597 -0.503269 0.0173446 0.863955 0.229466 1.5736 -0.0637543</i>
                        <i>0.784666 -0.545779 0.293979 0.479212 0.83486 0.27086 -0.393261 -0.0716566 0.91663 0.23065 1.59797 0.0169826</i>
                        <i>0.837831 -0.519213 0.168691 0.457954 0.836628 0.300551 -0.297182 -0.174558 0.938729 0.222525 1.59493 -0.036913</i>
                        <i>0.713766 -0.500312 0.490129 0.48292 0.85841 0.172977 -0.507274 0.113228 0.854314 0.211408 1.58309 -0.104753</i>
                        <i>0.81148 -0.529869 0.246452 0.453402 0.836941 0.306523 -0.368683 -0.136996 0.919405 0.23301 1.59716 -0.0423138</i>
                        <i>0.843608 -0.504966 0.182577 0.452042 0.851391 0.266066 -0.289799 -0.141923 0.946507 0.214056 1.58181 -0.0980919</i>
                        <i>0.77823 -0.50001 0.379931 0.452885 0.865991 0.212025 -0.435031 0.00706078 0.900388 0.204596 1.56637 -0.139619</i>
                        <i>0.707862 -0.476057 0.521825 0.44073 0.874987 0.200388 -0.551986 0.0881375 0.829182 0.209389 1.55578 -0.143924</i>
                        <i>0.698625 -0.46357 0.545 0.439354 0.879145 0.184589 -0.564704 0.110489 0.817864 0.214161 1.5532 -0.129532</i>
                        <i>0.713105 -0.469065 0.521017 0.446669 0.876807 0.178032 -0.54034 0.105767 0.834773 0.218005 1.56044 -0.102486</i>
                        <i>0.762152 -0.525914 0.377543 0.46408 0.850428 0.247792 -0.451391 -0.0136453 0.892222 0.230212 1.58994 -0.0271084</i>
                        <i>0.789539 -0.550892 0.270454 0.469437 0.82599 0.31204 -0.395293 -0.119407 0.910761 0.237917 1.60727 0.0279958</i>
                        <i>0.785719 -0.540482 0.300874 0.487634 0.840453 0.236332 -0.380603 -0.0389746 0.923917 0.227809 1.58807 -0.0667996</i>
                        <i>0.735879 -0.511012 0.444239 0.471764 0.857565 0.204989 -0.485716 0.0587288 0.872142 0.220445 1.57248 -0.110261</i>
                        <i>0.731669 -0.523246 0.43689 0.459269 0.852016 0.251279 -0.503718 0.0167967 0.863705 0.231995 1.572 -0.0618656</i>
                        <i>0.784238 -0.545237 0.296122 0.47831 0.835266 0.271202 -0.39521 -0.0710491 0.915839 0.233867 1.59541 0.0192442</i>
                        <i>0.83663 -0.519774 0.172876 0.457397 0.836547 0.301625 -0.301395 -0.173276 0.937623 0.227082 1.59174 -0.0340064</i>
                        <i>0.712789 -0.500837 0.491013 0.483041 0.85812 0.174071 -0.50853 0.113104 0.853584 0.217742 1.57934 -0.100821</i>
                    </KeyFrames>
                </p>
            </i>
            <i>
                <p>
                    <Name>
                        <![CDATA[l_elbow]]>
</Name>
                    <Exclude>0</Exclude>
                    <Additive>0</Additive>
                    <IKPriority>0</IKPriority>
                    <IKRotLimits>-1e+010 -1e+010 -1e+010 1e+010 1e+010 1e+010</IKRotLimits>
                    <IKRotLimitOrder>0</IKRotLimitOrder>
                    <KeyFrames count="21">
                        <i>-0.664946 0.095277 0.740789 0.468421 0.825725 0.314262 -0.581746 0.555969 -0.593692 0.494736 1.42808 0.115968</i>
                        <i>-0.620402 0.140571 0.771584 0.486574 0.840569 0.238097 -0.615099 0.523149 -0.589888 0.482506 1.41289 0.0302428</i>
                        <i>-0.545352 0.0987504 0.83237 0.470446 0.857941 0.206442 -0.693738 0.504169 -0.514336 0.458023 1.40737 0.0329259</i>
                        <i>-0.576411 0.0685266 0.814281 0.458275 0.852133 0.25269 -0.67656 0.518818 -0.522583 0.467501 1.40343 0.078322</i>
                        <i>-0.634766 0.113591 0.764309 0.478199 0.834712 0.273095 -0.606957 0.538844 -0.584167 0.485884 1.42044 0.112607</i>
                        <i>-0.664775 0.0950957 0.740967 0.45718 0.836223 0.302848 -0.590814 0.540081 -0.599376 0.495052 1.42604 0.0179584</i>
                        <i>-0.50856 0.111188 0.853817 0.481621 0.858721 0.175041 -0.713729 0.500235 -0.490262 0.44358 1.42035 0.0546746</i>
                        <i>-0.674785 0.0948087 0.731899 0.452451 0.83663 0.308768 -0.583055 0.539501 -0.607442 0.496966 1.42481 0.0378512</i>
                        <i>-0.650889 0.10818 0.751426 0.451286 0.851066 0.268382 -0.610479 0.513794 -0.602769 0.488462 1.41756 -0.0387037</i>
                        <i>-0.559733 0.0881754 0.823969 0.451765 0.866038 0.214212 -0.6947 0.492142 -0.524584 0.457737 1.40373 -0.0160368</i>
                        <i>-0.505763 0.0547868 0.860931 0.43932 0.875236 0.202386 -0.74243 0.480584 -0.466731 0.43964 1.40093 0.025814</i>
                        <i>-0.508909 0.0714299 0.857851 0.437912 0.879448 0.186558 -0.74111 0.470605 -0.478839 0.441408 1.40241 0.0477443</i>
                        <i>-0.531416 0.0970471 0.841534 0.445289 0.877098 0.180045 -0.720635 0.470404 -0.509318 0.449962 1.40787 0.0669891</i>
                        <i>-0.614692 0.104821 0.781771 0.462922 0.850425 0.249961 -0.638637 0.515548 -0.571273 0.478123 1.41887 0.0956976</i>
                        <i>-0.664946 0.095277 0.740789 0.468421 0.825725 0.314262 -0.581746 0.555969 -0.593692 0.494736 1.42808 0.115968</i>
                        <i>-0.623105 0.142497 0.769048 0.486652 0.840385 0.238585 -0.612299 0.522922 -0.592995 0.483385 1.41227 0.0310677</i>
                        <i>-0.550845 0.102169 0.82833 0.47052 0.857741 0.207102 -0.689334 0.503827 -0.520555 0.45981 1.40626 0.0342399</i>
                        <i>-0.584061 0.0735492 0.80837 0.457981 0.85209 0.253372 -0.670169 0.518203 -0.531357 0.46999 1.4018 0.0802447</i>
                        <i>-0.644228 0.120921 0.755214 0.477293 0.83512 0.273435 -0.59763 0.536613 -0.595722 0.488962 1.41806 0.115566</i>
                        <i>-0.677581 0.105467 0.727846 0.456613 0.836144 0.30392 -0.576531 0.538274 -0.614713 0.499218 1.42267 0.0222261</i>
                        <i>-0.527057 0.123253 0.840845 0.48174 0.858431 0.176133 -0.700098 0.497901 -0.511818 0.449596 1.41643 0.0588943</i>
                    </KeyFrames>
                </p>
            </i>
            <i>
                <p>
                    <Name>
                        <![CDATA[l_wrist]]>
</Name>
                    <Exclude>0</Exclude>
                    <Additive>0</Additive>
                    <IKPriority>0</IKPriority>
                    <IKRotLimits>-1e+010 -1e+010 -1e+010 1e+010 1e+010 1e+010</IKRotLimits>
                    <IKRotLimitOrder>0</IKRotLimitOrder>
                    <KeyFrames count="21">
                        <i>-0.0219273 0.0376865 0.999049 0.991601 -0.12658 0.0265389 0.12746 0.99124 -0.0345944 0.278444 1.45907 0.356931</i>
                        <i>-0.0211605 0.0809091 0.996497 0.991615 -0.125393 0.0312379 0.127481 0.988802 -0.0775773 0.280704 1.45862 0.281222</i>
                        <i>-0.0057835 0.0365136 0.999316 0.991887 -0.126699 0.0103698 0.126991 0.991269 -0.0354846 0.280633 1.43949 0.303677</i>
                        <i>-0.020625 0.00370201 0.99978 0.991632 -0.127392 0.0209287 0.127441 0.991846 -0.00104356 0.280008 1.42572 0.34319</i>
                        <i>-0.00823569 0.0483273 0.998798 0.991869 -0.126457 0.0142973 0.126996 0.990794 -0.0468929 0.279409 1.45739 0.36122</i>
                        <i>-0.0236931 0.0806725 0.996459 0.991553 -0.125241 0.0337157 0.127517 0.988841 -0.0770239 0.278817 1.45698 0.258978</i>
                        <i>-0.0121351 0.0693604 0.997518 0.99182 -0.125938 0.0208226 0.127069 0.98961 -0.0672647 0.278157 1.45652 0.332402</i>
                        <i>5.2531e-005 0.0425606 0.999094 0.991939 -0.126606 0.00534117 0.126719 0.99104 -0.0422241 0.277474 1.45564 0.275922</i>
                        <i>-0.00196621 0.013242 0.99991 0.991916 -0.126843 0.00363031 0.12688 0.991834 -0.0128855 0.276743 1.45275 0.205718</i>
                        <i>-0.0143041 -0.00419319 0.999889 0.991776 -0.127254 0.0136544 0.127182 0.991861 0.00597893 0.275669 1.43241 0.251982</i>
                        <i>-0.0235252 -0.00862137 0.999686 0.991569 -0.127656 0.0222332 0.127425 0.991781 0.0115518 0.275127 1.41875 0.305856</i>
                        <i>-0.0223459 -0.00378504 0.999743 0.991593 -0.127564 0.0216809 0.127449 0.991823 0.00660375 0.275871 1.42564 0.326784</i>
                        <i>-0.017633 0.0102915 0.999792 0.991699 -0.127201 0.0187996 0.127368 0.991824 -0.00796298 0.277105 1.43944 0.340721</i>
                        <i>-0.0189349 0.0283663 0.999418 0.991674 -0.126816 0.0223876 0.127377 0.991521 -0.0257289 0.278178 1.45297 0.34999</i>
                        <i>-0.0219273 0.0376865 0.999049 0.991601 -0.12658 0.0265389 0.12746 0.99124 -0.0345944 0.278444 1.45907 0.356931</i>
                        <i>-0.0211604 0.0809092 0.996497 0.991615 -0.125393 0.0312378 0.127481 0.988802 -0.0775773 0.280704 1.45862 0.281222</i>
                        <i>-0.00578346 0.0365136 0.999316 0.991887 -0.126699 0.0103699 0.126991 0.991269 -0.0354846 0.280633 1.43949 0.303677</i>
                        <i>-0.0206249 0.003702 0.99978 0.991632 -0.127392 0.0209287 0.127441 0.991846 -0.00104358 0.280008 1.42572 0.34319</i>
                        <i>-0.00823568 0.0483273 0.998798 0.991869 -0.126457 0.0142973 0.126996 0.990794 -0.0468929 0.279409 1.45739 0.36122</i>
                        <i>-0.0236929 0.0806725 0.996459 0.991553 -0.125241 0.0337157 0.127517 0.988841 -0.0770238 0.278817 1.45698 0.258978</i>
                        <i>-0.0121352 0.0693604 0.997518 0.99182 -0.125938 0.0208226 0.127069 0.98961 -0.0672647 0.278157 1.45652 0.332402</i>
                    </KeyFrames>
                </p>
            </i>
            <i>
                <p>
                    <Name>
                        <![CDATA[r_clav]]>
</Name>
                    <Exclude>0</Exclude>
                    <Additive>0</Additive>
                    <IKPriority>0</IKPriority>
                    <IKRotLimits>-1e+010 -1e+010 -1e+010 1e+010 1e+010 1e+010</IKRotLimits>
                    <IKRotLimitOrder>0</IKRotLimitOrder>
                    <KeyFrames count="21">
                        <i>0.486686 0.0593093 -0.871561 -0.338305 -0.907046 -0.250636 -0.805411 0.416834 -0.421382 -0.0434771 1.46247 0.185117</i>
                        <i>0.416153 -0.0227304 -0.90901 -0.361739 -0.921314 -0.142569 -0.834243 0.388155 -0.39163 -0.0408833 1.4609 0.124223</i>
                        <i>0.375665 -0.0853309 -0.922818 -0.353143 -0.933806 -0.0574124 -0.856834 0.347455 -0.380933 -0.0373457 1.45662 0.101944</i>
                        <i>0.449243 -0.0421562 -0.892415 -0.343193 -0.93039 -0.128814 -0.824863 0.364139 -0.432439 -0.0413895 1.44622 0.123565</i>
                        <i>0.513093 0.111048 -0.851119 -0.316078 -0.89747 -0.307641 -0.798016 0.426868 -0.425386 -0.0496961 1.4386 0.160496</i>
                        <i>0.451067 0.0492255 -0.891131 -0.331396 -0.917855 -0.218446 -0.828683 0.393851 -0.397701 -0.0448771 1.44537 0.138048</i>
                        <i>0.375912 -0.0461054 -0.925508 -0.349314 -0.932132 -0.0954447 -0.858295 0.359172 -0.366505 -0.0394161 1.45388 0.106786</i>
                        <i>0.514094 0.0437718 -0.856616 -0.324397 -0.914595 -0.24142 -0.794024 0.401996 -0.455988 -0.0450793 1.4486 0.115174</i>
                        <i>0.440725 -0.0280964 -0.897203 -0.338887 -0.930752 -0.137321 -0.831214 0.364571 -0.419727 -0.043789 1.44401 0.0971247</i>
                        <i>0.374448 -0.0853855 -0.923308 -0.34327 -0.937769 -0.0524904 -0.861368 0.336599 -0.380456 -0.0415373 1.44671 0.0839785</i>
                        <i>0.373848 -0.0928908 -0.922827 -0.339619 -0.93958 -0.0430064 -0.863074 0.329487 -0.382807 -0.0428344 1.44784 0.0838815</i>
                        <i>0.387329 -0.0830364 -0.918194 -0.337749 -0.939477 -0.0575143 -0.857847 0.332396 -0.391933 -0.0446509 1.4485 0.0948313</i>
                        <i>0.409082 -0.0600859 -0.910517 -0.336551 -0.937417 -0.0893465 -0.848166 0.342985 -0.403703 -0.0461599 1.45002 0.112548</i>
                        <i>0.455176 0.00910568 -0.890355 -0.339215 -0.922766 -0.182854 -0.823254 0.385253 -0.416932 -0.045015 1.45825 0.155165</i>
                        <i>0.486686 0.0593093 -0.871561 -0.338305 -0.907046 -0.250636 -0.805411 0.416834 -0.421382 -0.0434771 1.46247 0.185117</i>
                        <i>0.416124 -0.0229241 -0.909019 -0.361644 -0.92139 -0.142315 -0.834299 0.387962 -0.391703 -0.0409111 1.46093 0.124146</i>
                        <i>0.375585 -0.0860039 -0.922789 -0.352815 -0.933983 -0.056552 -0.857005 0.346814 -0.381133 -0.0374432 1.45668 0.101683</i>
                        <i>0.449069 -0.0432734 -0.892448 -0.342622 -0.930813 -0.12727 -0.825195 0.362926 -0.432826 -0.0415609 1.44633 0.123099</i>
                        <i>0.512836 0.109712 -0.851447 -0.31534 -0.898394 -0.305693 -0.798474 0.425266 -0.426132 -0.0499208 1.43884 0.159904</i>
                        <i>0.450821 0.047686 -0.891339 -0.330604 -0.918635 -0.216359 -0.829133 0.39222 -0.398375 -0.0451137 1.44559 0.137419</i>
                        <i>0.375771 -0.0473186 -0.925504 -0.348721 -0.93251 -0.09391 -0.858598 0.358031 -0.366911 -0.039592 1.45401 0.106321</i>
                    </KeyFrames>
                </p>
            </i>
            <i>
                <p>
                    <Name>
                        <![CDATA[r_shoulder]]>
</Name>
                    <Exclude>0</Exclude>
                    <Additive>0</Additive>
                    <IKPriority>0</IKPriority>
                    <IKRotLimits>-1e+010 -1e+010 -1e+010 1e+010 1e+010 1e+010</IKRotLimits>
                    <IKRotLimitOrder>0</IKRotLimitOrder>
                    <KeyFrames count="21">
                        <i>0.0846861 0.414035 -0.906313 0.679678 -0.689119 -0.251304 -0.728606 -0.594719 -0.339769 -0.139635 1.45076 0.357321</i>
                        <i>0.148991 0.423128 -0.893736 0.663812 -0.712696 -0.226755 -0.732909 -0.559488 -0.387063 -0.123105 1.4654 0.303826</i>
                        <i>0.147107 0.43286 -0.889377 0.626032 -0.736892 -0.255097 -0.765796 -0.519252 -0.379386 -0.111568 1.47348 0.284274</i>
