<?xml version="1.0" encoding="ISO-8859-1" ?>
<Animl Version="1">
    <ModellingPackage><![CDATA[Maya.2010]]></ModellingPackage>
    <SrcFile><![CDATA[anims\characters\shared\base_soldier\~src\infantry\context_stepup_half.mb]]></SrcFile>
    <FramesPerSecond>30</FramesPerSecond>
    <TotalFrames>42</TotalFrames>
    <Skeleton>
        <RefFrame>
            <Name><![CDATA[soldier_ref_frame]]></Name>
            <Exclude>0</Exclude>
            <Additive>0</Additive>
            <IKPriority>0</IKPriority>
            <IKRotLimits>-1e+010 -1e+010 -1e+010 1e+010 1e+010 1e+010</IKRotLimits>
            <IKRotLimitOrder>0</IKRotLimitOrder>
            <KeyFrames count="42">
                <i>1 0 0 0 1 0 0 0 1 -8.82618e-018 0 -0.0905113</i>
                <i>1 0 0 0 1 0 0 0 1 0.00658807 -0.0115253 -0.084241</i>
                <i>1 0 0 0 1 0 0 0 1 0.0131761 -0.0312324 -0.075702</i>
                <i>1 0 0 0 1 0 0 0 1 0.015264 -0.0388479 -0.0674863</i>
                <i>1 0 0 0 1 0 0 0 1 0.00940737 -0.048413 -0.037281</i>
                <i>1 0 0 0 1 0 0 0 1 -0.00094949 -0.0426718 0.00436161</i>
                <i>1 0 0 0 1 0 0 0 1 -0.00997375 -0.0343341 0.0475468</i>
                <i>1 0 0 0 1 0 0 0 1 -0.0162466 -0.0307869 0.0671412</i>
                <i>1 0 0 0 1 0 0 0 1 -0.0211868 -0.0292776 0.100147</i>
                <i>1 0 0 0 1 0 0 0 1 -0.0232182 -0.0353524 0.130438</i>
                <i>1 0 0 0 1 0 0 0 1 -0.0230421 -0.0462394 0.161201</i>
                <i>1 0 0 0 1 0 0 0 1 -0.0224607 -0.0551608 0.181882</i>
                <i>1 0 0 0 1 0 0 0 1 -0.0215484 -0.0780154 0.225957</i>
                <i>1 0 0 0 1 0 0 0 1 -0.0203797 -0.103868 0.270679</i>
                <i>1 0 0 0 1 0 0 0 1 -0.0190293 -0.114848 0.317765</i>
                <i>1 0 0 0 1 0 0 0 1 -0.0175716 -0.099609 0.363896</i>
                <i>1 0 0 0 1 0 0 0 1 -0.0160811 -0.0225614 0.409368</i>
                <i>1 0 0 0 1 0 0 0 1 -0.0146324 0.0311977 0.454479</i>
                <i>1 0 0 0 1 0 0 0 1 -0.0133001 0.0795365 0.499526</i>
                <i>1 0 0 0 1 0 0 0 1 -0.0121585 0.111017 0.544806</i>
                <i>1 0 0 0 1 0 0 0 1 -0.0112824 0.127017 0.590616</i>
                <i>1 0 0 0 1 0 0 0 1 -0.0107462 0.137443 0.637252</i>
                <i>1 0 0 0 1 0 0 0 1 -0.012097 0.143655 0.685013</i>
                <i>1 0 0 0 1 0 0 0 1 -0.0156648 0.147011 0.734194</i>
                <i>1 0 0 0 1 0 0 0 1 -0.0196979 0.14887 0.785093</i>
                <i>1 0 0 0 1 0 0 0 1 -0.0224446 0.150593 0.838008</i>
                <i>1 0 0 0 1 0 0 0 1 -0.0221532 0.151009 0.893234</i>
                <i>1 0 0 0 1 0 0 0 1 -0.0170722 0.148657 0.950675</i>
                <i>1 0 0 0 1 0 0 0 1 -0.00437123 0.144457 1.0099</i>
                <i>1 0 0 0 1 0 0 0 1 0.0152621 0.139328 1.07072</i>
                <i>1 0 0 0 1 0 0 0 1 0.0383025 0.134189 1.13293</i>
                <i>1 0 0 0 1 0 0 0 1 0.0612249 0.121566 1.19633</i>
                <i>1 0 0 0 1 0 0 0 1 0.0801783 0.107699 1.26045</i>
                <i>1 0 0 0 1 0 0 0 1 0.0914996 0.0876782 1.32498</i>
                <i>1 0 0 0 1 0 0 0 1 0.0919433 0.0938841 1.38996</i>
                <i>1 0 0 0 1 0 0 0 1 0.0803662 0.128623 1.4554</i>
                <i>1 0 0 0 1 0 0 0 1 0.0597354 0.171117 1.52135</i>
                <i>1 0 0 0 1 0 0 0 1 0.0329167 0.21929 1.58783</i>
                <i>1 0 0 0 1 0 0 0 1 0.0027776 0.27098 1.6549</i>
                <i>1 0 0 0 1 0 0 0 1 -0.0278234 0.323944 1.72258</i>
                <i>1 0 0 0 1 0 0 0 1 -0.0477193 0.375516 1.79773</i>
                <i>1 0 0 0 1 0 0 0 1 -0.058226 0.422398 1.87708</i>
            </KeyFrames>
        </RefFrame>
        <Bones count="23">
            <i>
                <p>
                    <Name><![CDATA[pelvis]]></Name>
                    <Exclude>0</Exclude>
                    <Additive>0</Additive>
                    <IKPriority>0</IKPriority>
                    <IKRotLimits>-1e+010 -1e+010 -1e+010 1e+010 1e+010 1e+010</IKRotLimits>
                    <IKRotLimitOrder>2</IKRotLimitOrder>
                    <KeyFrames count="42">
                        <i>1 0 0 0 1 0 0 0 1 -8.82618e-018 1.18449 -0.0905113</i>
                        <i>1 0 0 0 1 0 0 0 1 0.00658807 1.17296 -0.084241</i>
                        <i>1 0 0 0 1 0 0 0 1 0.0131761 1.15326 -0.075702</i>
                        <i>1 0 0 0 1 0 0 0 1 0.015264 1.14564 -0.0674863</i>
                        <i>1 0 0 0 1 0 0 0 1 0.00940737 1.13608 -0.037281</i>
                        <i>1 0 0 0 1 0 0 0 1 -0.00094949 1.14182 0.00436161</i>
                        <i>1 0 0 0 1 0 0 0 1 -0.00997375 1.15015 0.0475468</i>
                        <i>1 0 0 0 1 0 0 0 1 -0.0162466 1.1537 0.0671412</i>
                        <i>1 0 0 0 1 0 0 0 1 -0.0211868 1.15521 0.100147</i>
                        <i>1 0 0 0 1 0 0 0 1 -0.0232182 1.14914 0.130438</i>
                        <i>1 0 0 0 1 0 0 0 1 -0.0230421 1.13825 0.161201</i>
                        <i>1 0 0 0 1 0 0 0 1 -0.0224607 1.12933 0.181882</i>
                        <i>1 0 0 0 1 0 0 0 1 -0.0215484 1.10647 0.225957</i>
                        <i>1 0 0 0 1 0 0 0 1 -0.0203797 1.08062 0.270679</i>
                        <i>1 0 0 0 1 0 0 0 1 -0.0190293 1.06964 0.317765</i>
                        <i>1 0 0 0 1 0 0 0 1 -0.0175716 1.08488 0.363896</i>
                        <i>1 0 0 0 1 0 0 0 1 -0.0160811 1.16193 0.409368</i>
                        <i>1 0 0 0 1 0 0 0 1 -0.0146324 1.21569 0.454479</i>
                        <i>1 0 0 0 1 0 0 0 1 -0.0133001 1.26403 0.499526</i>
                        <i>1 0 0 0 1 0 0 0 1 -0.0121585 1.29551 0.544806</i>
                        <i>1 0 0 0 1 0 0 0 1 -0.0112824 1.31151 0.590616</i>
                        <i>1 0 0 0 1 0 0 0 1 -0.0107462 1.32193 0.637252</i>
                        <i>1 0 0 0 1 0 0 0 1 -0.012097 1.32814 0.685013</i>
                        <i>1 0 0 0 1 0 0 0 1 -0.0156648 1.3315 0.734194</i>
                        <i>1 0 0 0 1 0 0 0 1 -0.0196979 1.33336 0.785093</i>
                        <i>1 0 0 0 1 0 0 0 1 -0.0224446 1.33508 0.838008</i>
                        <i>1 0 0 0 1 0 0 0 1 -0.0221532 1.3355 0.893234</i>
                        <i>1 0 0 0 1 0 0 0 1 -0.0170722 1.33315 0.950675</i>
                        <i>1 0 0 0 1 0 0 0 1 -0.00437123 1.32895 1.0099</i>
                        <i>1 0 0 0 1 0 0 0 1 0.0152621 1.32382 1.07072</i>
                        <i>1 0 0 0 1 0 0 0 1 0.0383025 1.31868 1.13293</i>
                        <i>1 0 0 0 1 0 0 0 1 0.0612249 1.30606 1.19633</i>
                        <i>1 0 0 0 1 0 0 0 1 0.0801783 1.29219 1.26045</i>
                        <i>1 0 0 0 1 0 0 0 1 0.0914996 1.27217 1.32498</i>
                        <i>1 0 0 0 1 0 0 0 1 0.0919433 1.27837 1.38996</i>
                        <i>1 0 0 0 1 0 0 0 1 0.0803662 1.31311 1.4554</i>
                        <i>1 0 0 0 1 0 0 0 1 0.0597354 1.35561 1.52135</i>
                        <i>1 0 0 0 1 0 0 0 1 0.0329167 1.40378 1.58783</i>
                        <i>1 0 0 0 1 0 0 0 1 0.0027776 1.45547 1.6549</i>
                        <i>1 0 0 0 1 0 0 0 1 -0.0278234 1.50843 1.72258</i>
                        <i>1 0 0 0 1 0 0 0 1 -0.0477193 1.56001 1.79773</i>
                        <i>1 0 0 0 1 0 0 0 1 -0.058226 1.60689 1.87708</i>
                    </KeyFrames>
                </p>
            </i>
            <i>
                <p>
                    <Name><![CDATA[spine0]]></Name>
                    <Exclude>0</Exclude>
                    <Additive>0</Additive>
                    <IKPriority>0</IKPriority>
                    <IKRotLimits>-1e+010 -1e+010 -1e+010 1e+010 1e+010 1e+010</IKRotLimits>
                    <IKRotLimitOrder>0</IKRotLimitOrder>
                    <KeyFrames count="42">
                        <i>-0.026466 0.998848 0.0400361 -0.875356 -0.00381561 -0.483463 -0.482753 -0.0478412 0.874449 0.0138565 1.32036 -0.137222</i>
                        <i>-0.0324982 0.998665 0.0401478 -0.877576 -0.00928731 -0.479347 -0.478335 -0.0508107 0.876707 0.0156375 1.30858 -0.133332</i>
                        <i>-0.0325424 0.998647 0.0405537 -0.888732 -0.0103493 -0.45831 -0.457271 -0.0509559 0.887866 0.0168058 1.28846 -0.127053</i>
                        <i>-0.0285606 0.998984 0.034865 -0.897134 -0.0102353 -0.441639 -0.440834 -0.043892 0.896515 0.016801 1.28042 -0.120941</i>
                        <i>-0.0114595 0.999863 0.0119043 -0.925928 -0.00611583 -0.377651 -0.377527 -0.0153503 0.925871 0.00867776 1.26969 -0.0961642</i>
                        <i>0.0274773 0.9994 -0.0210954 -0.957237 0.0202263 -0.288597 -0.287997 0.0281231 0.957218 0.0037536 1.2743 -0.0601341</i>
                        <i>0.0847848 0.994533 -0.0609637 -0.975737 0.0704757 -0.207292 -0.201862 0.0770598 0.976378 0.00696197 1.28039 -0.0244668</i>
                        <i>0.107118 0.991212 -0.0776154 -0.979926 0.0920514 -0.176837 -0.168138 0.0949997 0.981175 0.00607754 1.28261 -0.00803509</i>
                        <i>0.124374 0.987594 -0.0958642 -0.986608 0.112815 -0.117799 -0.105522 0.109232 0.988399 0.00480663 1.28252 0.0211096</i>
                        <i>0.123812 0.987086 -0.101644 -0.991016 0.11778 -0.06337 -0.0505801 0.108577 0.9928 0.00163319 1.27586 0.049343</i>
                        <i>0.129607 0.98602 -0.104718 -0.991563 0.128638 -0.0159785 -0.00228436 0.105905 0.994374 0.00251223 1.2641 0.0778702</i>
                        <i>0.126318 0.986378 -0.105367 -0.991472 0.128969 0.0187163 0.0320505 0.102104 0.994257 0.00174955 1.25503 0.0977707</i>
                        <i>0.143318 0.984464 -0.101447 -0.969024 0.16042 0.187772 0.201129 0.0713936 0.97696 -0.00257359 1.23002 0.135254</i>
                        <i>0.171377 0.980004 -0.1011 -0.926796 0.195174 0.320869 0.334185 0.0387099 0.941712 -0.00458353 1.20154 0.17349</i>
                        <i>0.185432 0.978716 -0.0879204 -0.926445 0.203951 0.316391 0.327588 0.0227843 0.944546 0.00010292 1.18978 0.219322</i>
                        <i>0.176525 0.982928 -0.0518716 -0.939545 0.183974 0.288807 0.29342 -0.00224592 0.955981 0.00328436 1.20609 0.268066</i>
                        <i>0.152117 0.988123 0.021753 -0.957538 0.141883 0.250979 0.244911 -0.0590074 0.967748 0.00552818 1.28726 0.323661</i>
                        <i>0.123098 0.98546 0.117115 -0.972432 0.0962274 0.212406 0.198048 -0.140033 0.970138 0.00743421 1.3463 0.385017</i>
                        <i>0.0838886 0.975089 0.205338 -0.988867 0.0560471 0.13784 0.122898 -0.214616 0.968936 0.00999909 1.39852 0.447746</i>
                        <i>0.0566368 0.964255 0.258852 -0.996806 0.0399929 0.0691225 0.0562995 -0.26194 0.963441 0.0139693 1.43159 0.506687</i>
                        <i>0.0326873 0.962279 0.270094 -0.999375 0.0350986 -0.00410136 -0.0134266 -0.269791 0.962825 0.0181482 1.4478 0.559746</i>
                        <i>0.00716114 0.966246 0.257522 -0.995984 0.0298759 -0.0844011 -0.089246 -0.255883 0.962579 0.0213314 1.45808 0.610192</i>
                        <i>-0.0144543 0.971851 0.235154 -0.986397 0.0246541 -0.162522 -0.163745 -0.234304 0.958274 0.0216041 1.46414 0.660258</i>
                        <i>-0.0297604 0.975518 0.217897 -0.973118 0.02153 -0.229298 -0.228376 -0.218863 0.948653 0.0168064 1.46771 0.711864</i>
                        <i>-0.0411748 0.974732 0.21955 -0.960795 0.0216727 -0.27641 -0.274184 -0.222323 0.935626 0.00920794 1.47004 0.765077</i>
                        <i>-0.0503115 0.973836 0.221611 -0.950571 0.0213834 -0.30977 -0.306404 -0.226242 0.924625 0.00244064 1.47217 0.819391</i>
                        <i>-0.0614629 0.972469 0.22478 -0.940334 0.0190917 -0.339717 -0.334655 -0.232249 0.913272 -0.001925 1.47296 0.875551</i>
                        <i>-0.074794 0.971564 0.224653 -0.930489 0.0130178 -0.366087 -0.358602 -0.236419 0.903057 -0.00220501 1.47089 0.933625</i>
                        <i>-0.088857 0.970088 0.225904 -0.921432 0.00606775 -0.388492 -0.378242 -0.242676 0.893332 0.00497475 1.46682 0.993361</i>
                        <i>-0.10078 0.967917 0.230176 -0.913592 0.00157477 -0.406628 -0.393945 -0.251267 0.884122 0.0196336 1.46166 1.05474</i>
                        <i>-0.107385 0.96661 0.232666 -0.907259 0.000441351 -0.420572 -0.406632 -0.256251 0.876918 0.0388225 1.4564 1.11775</i>
                        <i>-0.110306 0.965451 0.236087 -0.902793 0.00202009 -0.43007 -0.415689 -0.260577 0.87138 0.0589146 1.44361 1.18237</i>
                        <i>-0.115436 0.958477 0.260761 -0.900939 0.00952301 -0.433841 -0.41831 -0.285011 0.86243 0.0753796 1.42952 1.2486</i>
                        <i>-0.127943 0.947697 0.292407 -0.901577 0.0117161 -0.43246 -0.413266 -0.318957 0.852923 0.0829328 1.40904 1.31637</i>
                        <i>-0.140132 0.935504 0.324339 -0.904678 0.0121521 -0.425922 -0.402393 -0.353108 0.844627 0.0796578 1.41458 1.38553</i>
                        <i>-0.118165 0.928217 0.352775 -0.909209 0.0416926 -0.414247 -0.39922 -0.369696 0.839016 0.0710303 1.44906 1.45649</i>
                        <i>-0.0925326 0.92614 0.365654 -0.914758 0.06597 -0.39858 -0.393263 -0.371366 0.841089 0.0538852 1.49094 1.52922</i>
                        <i>-0.0646333 0.927638 0.367846 -0.921704 0.0857869 -0.378289 -0.382471 -0.363495 0.849463 0.0309909 1.53811 1.60295</i>
                        <i>-0.037256 0.924327 0.379779 -0.930565 0.106428 -0.350317 -0.364226 -0.36646 0.856181 0.00504578 1.58851 1.67688</i>
                        <i>-0.0159036 0.905024 0.425063 -0.941164 0.129978 -0.311956 -0.337577 -0.405015 0.849709 -0.0213463 1.64014 1.75024</i>
                        <i>0.00996514 0.903386 0.428712 -0.974986 0.103979 -0.196443 -0.222041 -0.41603 0.881826 -0.0364678 1.69333 1.81864</i>
                        <i>0.0351411 0.904407 0.425221 -0.998465 0.0499944 -0.0238185 -0.0428003 -0.423732 0.904776 -0.0487685 1.74301 1.88279</i>
                    </KeyFrames>
                </p>
            </i>
            <i>
                <p>
                    <Name><![CDATA[spine1]]></Name>
                    <Exclude>0</Exclude>
                    <Additive>0</Additive>
                    <IKPriority>0</IKPriority>
                    <IKRotLimits>-1e+010 -1e+010 -1e+010 1e+010 1e+010 1e+010</IKRotLimits>
                    <IKRotLimitOrder>0</IKRotLimitOrder>
                    <KeyFrames count="42">
                        <i>-0.079003 0.97716 0.197273 -0.950751 -0.0143599 -0.309624 -0.299719 -0.212018 0.93017 0.0172155 1.49275 -0.122926</i>
                        <i>-0.0534447 0.973722 0.221378 -0.957679 0.0128116 -0.287552 -0.282832 -0.227378 0.931829 0.017758 1.48115 -0.119085</i>
                        <i>-0.0128601 0.970169 0.24209 -0.965181 0.0512161 -0.256519 -0.261265 -0.23696 0.93573 0.0185843 1.46125 -0.113094</i>
                        <i>0.00985554 0.969192 0.246109 -0.968021 0.0709467 -0.240628 -0.250675 -0.235867 0.938898 0.0190896 1.45324 -0.108373</i>
                        <i>0.0555358 0.970514 0.234561 -0.972109 0.10617 -0.209124 -0.227861 -0.216405 0.949341 0.0132572 1.44224 -0.0890905</i>
                        <i>0.0858768 0.97567 0.201728 -0.977662 0.121511 -0.1715 -0.19184 -0.182494 0.96431 0.0143607 1.44552 -0.0607249</i>
                        <i>0.10241 0.979538 0.173253 -0.984085 0.125191 -0.126111 -0.14522 -0.15758 0.97677 0.0270855 1.44893 -0.0337277</i>
                        <i>0.104159 0.981277 0.162006 -0.986945 0.1221 -0.105029 -0.122843 -0.148951 0.981184 0.0298696 1.44982 -0.0208186</i>
                        <i>0.106304 0.982252 0.154533 -0.990796 0.117738 -0.0667942 -0.0838031 -0.14601 0.985727 0.0307449 1.44849 0.00423379</i>
                        <i>0.107653 0.980739 0.162978 -0.993217 0.113338 -0.0259684 -0.0439398 -0.159077 0.986288 0.0264301 1.44174 0.0308563</i>
                        <i>0.105442 0.977819 0.180974 -0.994369 0.105609 0.00873911 -0.0105671 -0.180876 0.983449 0.0275003 1.42983 0.0583968</i>
                        <i>0.101847 0.977 0.187343 -0.994793 0.0993241 0.0228318 0.00369894 -0.188693 0.982029 0.0254578 1.42108 0.0778935</i>
                        <i>0.128385 0.960873 0.245441 -0.991675 0.121915 0.0414419 0.00989742 -0.248718 0.968525 0.0211741 1.39759 0.115044</i>
                        <i>0.16169 0.940247 0.299651 -0.98675 0.158189 0.0360794 -0.0134779 -0.301514 0.953366 0.0220251 1.3704 0.15285</i>
                        <i>0.161288 0.923719 0.347462 -0.985971 0.166149 0.0159718 -0.0429771 -0.345163 0.937558 0.0296966 1.35916 0.201201</i>
                        <i>0.124577 0.903031 0.411114 -0.988889 0.146873 -0.022959 -0.0811144 -0.403686 0.911295 0.0319774 1.37744 0.257002</i>
                        <i>0.0659927 0.865326 0.496847 -0.991642 0.112201 -0.0637001 -0.110868 -0.48849 0.865497 0.0305447 1.46149 0.327203</i>
                        <i>0.00591384 0.811488 0.584339 -0.993007 0.0736654 -0.0922514 -0.117906 -0.579707 0.806249 0.0277627 1.52219 0.40771</i>
                        <i>-0.0753676 0.759981 0.645561 -0.988869 0.0263283 -0.146443 -0.12829 -0.649412 0.749537 0.0241492 1.57418 0.488526</i>
                        <i>-0.140549 0.729979 0.668862 -0.981753 -0.0153547 -0.18954 -0.12809 -0.683297 0.718817 0.0240718 1.60614 0.558699</i>
                        <i>-0.201305 0.731594 0.651342 -0.970919 -0.0610619 -0.231488 -0.129583 -0.679001 0.722611 0.0248787 1.62211 0.614538</i>
                        <i>-0.260919 0.749967 0.607841 -0.955418 -0.110477 -0.273809 -0.138195 -0.652184 0.745357 0.0244531 1.63292 0.663091</i>
                        <i>-0.307177 0.773977 0.553716 -0.939165 -0.152599 -0.307705 -0.15366 -0.614551 0.773767 0.0218228 1.63961 0.709364</i>
                        <i>-0.327092 0.795937 0.509406 -0.929366 -0.173319 -0.325942 -0.17114 -0.580038 0.796409 0.0151693 1.64311 0.758124</i>
                        <i>-0.322654 0.80244 0.501981 -0.930005 -0.17014 -0.325795 -0.176024 -0.571965 0.801169 0.00614712 1.64462 0.812108</i>
                        <i>-0.304719 0.811101 0.499261 -0.936768 -0.16052 -0.310966 -0.172083 -0.562449 0.808727 -0.00182475 1.64584 0.867109</i>
                        <i>-0.282533 0.819368 0.49881 -0.944757 -0.14761 -0.292653 -0.166161 -0.553938 0.815808 -0.00785153 1.64569 0.924154</i>
                        <i>-0.257858 0.832036 0.491146 -0.953024 -0.135423 -0.270934 -0.158914 -0.537937 0.827871 -0.0102823 1.64281 0.982426</i>
                        <i>-0.232431 0.843149 0.484846 -0.961072 -0.122537 -0.247639 -0.149385 -0.523531 0.838808 -0.00546674 1.63802 1.04263</i>
                        <i>-0.206522 0.850862 0.483097 -0.968625 -0.108024 -0.223824 -0.138257 -0.514164 0.846475 0.00717118 1.63224 1.10505</i>
                        <i>-0.179186 0.861018 0.475962 -0.975443 -0.0925039 -0.199887 -0.128078 -0.50009 0.85645 0.0253122 1.62656 1.16873</i>
                        <i>-0.154724 0.869367 0.469321 -0.981026 -0.0790226 -0.177039 -0.116825 -0.487808 0.865098 0.0449984 1.61349 1.23415</i>
                        <i>-0.140906 0.851458 0.505139 -0.985218 -0.0703901 -0.156173 -0.0974181 -0.519678 0.84879 0.0605077 1.59849 1.30535</i>
                        <i>-0.137434 0.823395 0.550575 -0.987967 -0.0741394 -0.135739 -0.0709471 -0.562605 0.823676 0.0655466 1.57663 1.37942</i>
                        <i>-0.135945 0.795021 0.591152 -0.989786 -0.0831367 -0.115809 -0.0429241 -0.600858 0.798202 0.059723 1.58052 1.45487</i>
                        <i>-0.107362 0.780106 0.616367 -0.993495 -0.0605112 -0.0964663 -0.0379568 -0.622715 0.781528 0.0553095 1.6137 1.53134</i>
                        <i>-0.076035 0.799719 0.595541 -0.996317 -0.0371949 -0.0772567 -0.0396326 -0.599222 0.799602 0.043049 1.65493 1.60637</i>
                        <i>-0.0424318 0.842049 0.53773 -0.998215 -0.0130895 -0.0582711 -0.0420285 -0.539242 0.841101 0.0253837 1.70205 1.68019</i>
                        <i>-0.0117422 0.867286 0.497672 -0.999131 0.00973423 -0.0405375 -0.0400021 -0.497716 0.866417 0.00442802 1.75182 1.75613</i>
                        <i>0.00115968 0.836743 0.547595 -0.99875 0.0283309 -0.0411754 -0.0499671 -0.546863 0.83573 -0.0182836 1.80042 1.83813</i>
                        <i>-0.00420433 0.834128 0.551556 -0.994084 0.0563769 -0.0928375 -0.108533 -0.548683 0.828956 -0.030394 1.85473 1.90622</i>
                        <i>0.0110113 0.826208 0.563257 -0.983263 0.111391 -0.14417 -0.181856 -0.552243 0.813607 -0.0410327 1.90747 1.96903</i>
                    </KeyFrames>
                </p>
            </i>
            <i>
                <p>
                    <Name><![CDATA[spine2]]></Name>
                    <Exclude>0</Exclude>
                    <Additive>0</Additive>
                    <IKPriority>0</IKPriority>
                    <IKRotLimits>-1e+010 -1e+010 -1e+010 1e+010 1e+010 1e+010</IKRotLimits>
                    <IKRotLimitOrder>0</IKRotLimitOrder>
                    <KeyFrames count="42">
                        <i>-0.10011 0.945233 0.310666 -0.951803 -2.26587e-010 -0.306711 -0.289913 -0.326398 0.899675 0.000831352 1.64816 -0.0911319</i>
                        <i>-0.0811663 0.940202 0.330806 -0.95818 0.0177733 -0.285613 -0.274413 -0.340154 0.89944 0.00627614 1.63604 -0.0827674</i>
                        <i>-0.050146 0.936143 0.348026 -0.965567 0.0436256 -0.256472 -0.255277 -0.348904 0.90172 0.0148445 1.61554 -0.0727191</i>
                        <i>-0.0324825 0.935607 0.351545 -0.96868 0.0571636 -0.241642 -0.246177 -0.348383 0.904448 0.0196353 1.60736 -0.0668996</i>
                        <i>0.00666053 0.939297 0.343039 -0.973778 0.0841033 -0.211381 -0.227401 -0.332636 0.915228 0.0225275 1.59657 -0.0484071</i>
                        <i>0.0418162 0.947345 0.317474 -0.979703 0.101226 -0.173019 -0.196045 -0.303795 0.932349 0.0287483 1.60078 -0.0245384</i>
                        <i>0.0696687 0.953092 0.294552 -0.985713 0.111161 -0.126542 -0.153348 -0.281528 0.94722 0.0430213 1.60535 -0.00124718</i>
                        <i>0.0781597 0.955313 0.285075 -0.98813 0.112166 -0.104962 -0.132247 -0.273487 0.952741 0.0454384 1.60682 0.01016</i>
                        <i>0.0921428 0.955865 0.278983 -0.991184 0.114836 -0.0660888 -0.0952093 -0.270433 0.958019 0.0463987 1.60605 0.0346352</i>
                        <i>0.10224 0.952602 0.286523 -0.993158 0.11409 -0.0249268 -0.0564348 -0.282014 0.957749 0.0425378 1.59938 0.0632676</i>
                        <i>0.106623 0.947315 0.302037 -0.994028 0.10866 0.0100992 -0.0232523 -0.30131 0.953243 0.0431863 1.58755 0.0945676</i>
                        <i>0.106132 0.945831 0.306822 -0.994314 0.103659 0.0243917 -0.00873456 -0.307666 0.951454 0.0409578 1.57905 0.115522</i>
                        <i>0.120145 0.932649 0.340193 -0.992756 0.112565 0.0420069 0.000883813 -0.342775 0.939417 0.0446959 1.5552 0.165129</i>
                        <i>0.132979 0.916624 0.376985 -0.990948 0.130036 0.0333725 -0.0184316 -0.378011 0.925618 0.0547679 1.52678 0.214661</i>
                        <i>0.130602 0.896043 0.424324 -0.990261 0.138718 0.0118599 -0.0482345 -0.42174 0.905433 0.0624782 1.51347 0.272581</i>
                        <i>0.0925398 0.868458 0.487049 -0.992157 0.121703 -0.0284974 -0.0840239 -0.480592 0.87291 0.0580593 1.5288 0.34065</i>
                        <i>0.0354261 0.820072 0.571163 -0.993311 0.0917425 -0.0701137 -0.109898 -0.564858 0.817837 0.0456221 1.60636 0.426524</i>
                        <i>-0.018164 0.753287 0.657441 -0.993401 0.0608799 -0.0972012 -0.113245 -0.654869 0.74721 0.0311846 1.65721 0.522286</i>
                        <i>-0.089692 0.688121 0.720031 -0.988988 0.0239144 -0.14605 -0.117719 -0.725202 0.678399 0.0115151 1.69973 0.613176</i>
                        <i>-0.141676 0.645322 0.750658 -0.983538 -0.00583906 -0.180609 -0.112168 -0.763888 0.635526 -0.00191361 1.7263 0.686439</i>
                        <i>-0.188354 0.637041 0.747463 -0.976259 -0.0385535 -0.21315 -0.106968 -0.769865 0.629178 -0.0137182 1.74283 0.738084</i>
                        <i>-0.235295 0.649059 0.723435 -0.966051 -0.074481 -0.247381 -0.106683 -0.757083 0.644549 -0.0264241 1.75725 0.777683</i>
                        <i>-0.273719 0.66994 0.690115 -0.955184 -0.105264 -0.276666 -0.112706 -0.734915 0.668728 -0.0385692 1.76833 0.812924</i>
                        <i>-0.296843 0.688867 0.661322 -0.947042 -0.12356 -0.296387 -0.122458 -0.714279 0.689064 -0.0492455 1.77519 0.852171</i>
                        <i>-0.299939 0.693135 0.655439 -0.945651 -0.125558 -0.299965 -0.125621 -0.709788 0.693124 -0.0573567 1.77691 0.903503</i>
                        <i>-0.286235 0.703265 0.650759 -0.950043 -0.120096 -0.288089 -0.12445 -0.70071 0.702508 -0.061746 1.77858 0.956702</i>
                        <i>-0.266847 0.715804 0.645304 -0.955811 -0.11086 -0.272277 -0.123359 -0.689445 0.713757 -0.0632939 1.77876 1.01237</i>
                        <i>-0.244248 0.734424 0.633217 -0.962089 -0.101811 -0.25302 -0.121355 -0.671011 0.731448 -0.0606931 1.77695 1.06793</i>
                        <i>-0.220294 0.75226 0.620947 -0.968356 -0.0921161 -0.231949 -0.117287 -0.652395 0.748749 -0.0507361 1.7731 1.12579</i>
                        <i>-0.195598 0.76662 0.611584 -0.974323 -0.0809963 -0.21008 -0.111516 -0.636972 0.762778 -0.0329923 1.76789 1.18686</i>
                        <i>-0.170067 0.782226 0.599333 -0.979726 -0.0688571 -0.188137 -0.105898 -0.619178 0.778077 -0.00965731 1.76339 1.2483</i>
                        <i>-0.147762 0.794166 0.589463 -0.984152 -0.0589892 -0.167225 -0.0980323 -0.604831 0.790297 0.0145222 1.75139 1.31172</i>
                        <i>-0.134515 0.77843 0.61315 -0.987577 -0.054599 -0.147342 -0.0812182 -0.625353 0.776104 0.0324591 1.7334 1.38889</i>
                        <i>-0.130855 0.750987 0.647222 -0.989837 -0.062302 -0.127834 -0.0556782 -0.657372 0.751507 0.0381713 1.70685 1.47074</i>
                        <i>-0.129008 0.721859 0.679909 -0.991249 -0.0745409 -0.108942 -0.0279598 -0.688014 0.725159 0.0326795 1.70598 1.5531</i>
                        <i>-0.102503 0.703814 0.70295 -0.994399 -0.0542092 -0.090726 -0.0257478 -0.708313 0.705429 0.0329041 1.73675 1.63356</i>
                        <i>-0.0737572 0.720323 0.689706 -0.996818 -0.0322776 -0.0728893 -0.0302418 -0.692887 0.720412 0.0258488 1.78131 1.70375</i>
                        <i>-0.0422485 0.763701 0.644186 -0.998445 -0.0088047 -0.0550441 -0.0363654 -0.64551 0.762886 0.0138297 1.83546 1.76572</i>
                        <i>-0.0114218 0.793538 0.608414 -0.999195 0.0143392 -0.0374602 -0.0384502 -0.608352 0.792736 -0.00198289 1.88946 1.83329</i>
                        <i>0.00375231 0.76724 0.64135 -0.998734 0.0350496 -0.0360863 -0.0501659 -0.640402 0.7664 -0.0223516 1.93344 1.92418</i>
                        <i>0.0018854 0.792448 0.609936 -0.994154 0.0673287 -0.0844026 -0.107951 -0.606212 0.787943 -0.0332397 1.98812 1.99571</i>
                        <i>0.00074299 0.833558 0.552432 -0.984807 0.09654 -0.144344 -0.173651 -0.543931 0.820965 -0.0369344 2.04109 2.06506</i>
                    </KeyFrames>
                </p>
            </i>
            <i>
                <p>
                    <Name><![CDATA[head]]></Name>
                    <Exclude>0</Exclude>
                    <Additive>0</Additive>
                    <IKPriority>0</IKPriority>
                    <IKRotLimits>-1e+010 -1e+010 -1e+010 1e+010 1e+010 1e+010</IKRotLimits>
                    <IKRotLimitOrder>0</IKRotLimitOrder>
                    <KeyFrames count="42">
                        <i>-0.000247471 0.999872 -0.0159733 -0.0154888 -0.0159752 -0.999752 -0.99988 -4.24477e-009 0.0154908 -0.0235982 1.89428 -0.01728</i>
                        <i>0.00119093 0.98975 0.142803 -0.00825401 0.142808 -0.989716 -0.999965 -7.58303e-009 0.00833948 -0.0130181 1.88096 -0.00354924</i>
                        <i>-0.000691973 0.959329 0.28229 0.00235156 0.282291 -0.959326 -0.999997 -3.80752e-009 -0.00245127 0.00391948 1.85945 0.0110867</i>
                        <i>-0.00333035 0.913372 0.407113 0.00747152 0.407126 -0.913341 -0.999967 -1.43737e-009 -0.00818009 0.0134631 1.85111 0.0178301</i>
                        <i>-0.00808424 0.860198 0.509897 0.0136364 0.509961 -0.86009 -0.999874 -1.73648e-009 -0.0158527 0.0266985 1.84114 0.0339784</i>
                        <i>-0.0122254 0.863425 0.50433 0.0209241 0.504478 -0.863171 -0.999706 -1.23721e-008 -0.0242338 0.0417411 1.84725 0.05091</i>
                        <i>-0.0177532 0.8666 0.498687 0.0308313 0.499003 -0.866052 -0.999367 4.15647e-009 -0.0355773 0.0626607 1.85318 0.068023</i>
                        <i>-0.0181692 0.871353 0.49032 0.0322666 0.490657 -0.870755 -0.999314 1.39221e-008 -0.0370305 0.0669532 1.85518 0.0768986</i>
                        <i>-0.0186654 0.87496 0.483836 0.033729 0.484196 -0.874309 -0.999257 -8.0144e-009 -0.0385492 0.0709678 1.85457 0.0997331</i>
                        <i>-0.0177036 0.879031 0.476435 0.032641 0.476764 -0.878425 -0.99931 -4.25739e-010 -0.0371329 0.0692811 1.84715 0.130351</i>
                        <i>-0.0175602 0.883646 0.467826 0.0331451 0.468155 -0.883024 -0.999296 3.81554e-009 -0.0375094 0.0707272 1.8341 0.165769</i>
                        <i>-0.0163271 0.888413 0.458755 0.0315987 0.459046 -0.88785 -0.999367 -8.07487e-009 -0.0355675 0.0682166 1.82525 0.188029</i>
                        <i>-0.0178677 0.89338 0.448946 0.0355277 0.449301 -0.892673 -0.999209 1.27586e-008 -0.0397677 0.076078 1.79799 0.247302</i>
                        <i>-0.0207204 0.899281 0.436881 0.0426033 0.437372 -0.898271 -0.998877 -1.31386e-008 -0.0473748 0.0903519 1.76534 0.30709</i>
                        <i>-0.022358 0.901428 0.432352 0.046553 0.432929 -0.900225 -0.998666 -9.34659e-009 -0.0516436 0.0975866 1.74697 0.3773</i>
                        <i>-0.0198903 0.896882 0.441822 0.0403358 0.442269 -0.895975 -0.998988 -6.76404e-009 -0.0449733 0.0834569 1.75556 0.461677</i>
                        <i>-0.0150127 0.877537 0.479275 0.0274742 0.47951 -0.877106 -0.99951 -5.81348e-010 -0.0313083 0.056251 1.82121 0.569456</i>
                        <i>-0.00813842 0.861941 0.506944 0.0138357 0.507009 -0.86183 -0.999871 1.69572e-008 -0.0160518 0.0277057 1.85551 0.687693</i>
                        <i>0.00344962 0.847937 0.530086 -0.005518 0.530097 -0.847919 -0.999979 -4.83646e-009 0.00650755 -0.0108365 1.88187 0.794822</i>
                        <i>0.0127744 0.83895 0.544059 -0.0196929 0.544209 -0.838719 -0.999725 -2.72766e-009 0.0234733 -0.0382465 1.89796 0.875765</i>
                        <i>0.021307 0.834222 0.551017 -0.032234 0.551429 -0.833599 -0.999253 1.38787e-008 0.0386395 -0.0626929 1.91275 0.925991</i>
                        <i>0.0300095 0.831091 0.555327 -0.0448462 0.556137 -0.82988 -0.998543 -1.33339e-008 0.0539606 -0.0880374 1.93048 0.958535</i>
                        <i>0.0375347 0.82898 0.558018 -0.055635 0.559279 -0.827111 -0.997745 -1.89058e-009 0.0671126 -0.110407 1.94701 0.984254</i>
                        <i>0.0432552 0.826796 0.560836 -0.0635789 0.562502 -0.824348 -0.997039 -2.40824e-008 0.0768979 -0.126897 1.95882 1.01538</i>
                        <i>0.0470751 0.823447 0.565437 -0.0683191 0.567393 -0.820608 -0.996552 4.91588e-010 0.0829673 -0.135491 1.96173 1.06512</i>
                        <i>0.048557 0.818758 0.572082 -0.0692454 0.574139 -0.815825 -0.996417 2.9021e-009 0.0845736 -0.136171 1.96594 1.11717</i>
                        <i>0.0487792 0.813288 0.579813 -0.0681805 0.581861 -0.810425 -0.99648 -3.5471e-009 0.0838331 -0.132603 1.96917 1.17162</i>
                        <i>0.0471374 0.807589 0.587858 -0.0645493 0.589745 -0.805006 -0.996801 4.21542e-009 0.0799285 -0.124089 1.97189 1.22421</i>
                        <i>0.0425059 0.801391 0.596628 -0.0569496 0.59814 -0.799365 -0.997472 5.15857e-009 0.0710634 -0.107897 1.97235 1.27912</i>
                        <i>0.0344184 0.794351 0.606484 -0.0450075 0.607459 -0.793075 -0.998394 -5.62659e-009 0.0566595 -0.08374 1.97057 1.33806</i>
                        <i>0.0231107 0.786418 0.617262 -0.0294234 0.617694 -0.785868 -0.9993 -1.02505e-008 0.0374144 -0.0537501 1.96985 1.39652</i>
                        <i>0.0106748 0.779818 0.625915 -0.0132976 0.626006 -0.779705 -0.999855 5.5059e-009 0.0170522 -0.0237373 1.96077 1.45751</i>
                        <i>0.00114836 0.771526 0.636197 -0.00139264 0.636198 -0.771525 -0.999998 7.04775e-009 0.00180506 -0.00239033 1.93868 1.54133</i>
                        <i>-0.00217409 0.76418 0.644999 0.00257579 0.645003 -0.764176 -0.999994 6.55687e-009 -0.00337064 0.00420842 1.9051 1.6325</i>
                        <i>0.000496618 0.747008 0.664815 -0.000558026 0.664815 -0.747008 -1 -1.92557e-009 0.000747022 -0.000875815 1.8968 1.72369</i>
                        <i>-0.00397757 0.716592 0.697482 0.00408649 0.697493 -0.71658 -0.999984 5.4353e-010 -0.00570267 0.00627703 1.92308 1.81023</i>
                        <i>-0.00471458 0.681916 0.731415 0.00439542 0.73143 -0.681902 -0.999979 6.11869e-009 -0.00644573 0.00676319 1.97199 1.87665</i>
                        <i>-0.00224198 0.646153 0.763205 0.00189813 0.763208 -0.64615 -0.999996 -7.66e-009 -0.00293759 0.00298142 2.03719 1.92627</i>
                        <i>0.00397384 0.608273 0.793718 -0.00304534 0.793728 -0.608266 -0.999988 -4.12859e-009 0.00500653 -0.00487027 2.09864 1.98436</i>
                        <i>0.0199133 0.560229 0.828098 -0.0134679 0.828338 -0.560067 -0.999711 -2.61398e-009 0.02404 -0.0213889 2.13574 2.08452</i>
                        <i>0.0332352 0.51897 0.854146 -0.0201781 0.854793 -0.518577 -0.999244 -6.90545e-011 0.0388811 -0.0327872 2.1958 2.14939</i>
                        <i>0.0391241 0.481617 0.875508 -0.0215007 0.876382 -0.481137 -0.999003 7.90208e-009 0.0446427 -0.0359634 2.2574 2.20673</i>
                    </KeyFrames>
                </p>
            </i>
            <i>
                <p>
                    <Name><![CDATA[head_prop]]></Name>
                    <Exclude>0</Exclude>
                    <Additive>0</Additive>
                    <IKPriority>0</IKPriority>
                    <IKRotLimits>-1e+010 -1e+010 -1e+010 1e+010 1e+010 1e+010</IKRotLimits>
                    <IKRotLimitOrder>0</IKRotLimitOrder>
                    <KeyFrames count="42">
                        <i>0.99988 4.24477e-009 -0.0154908 -0.000247471 0.999872 -0.0159733 0.0154888 0.0159752 0.999752 -0.0236789 2.22015 -0.0224859</i>
                        <i>0.999965 7.58303e-009 -0.00833948 0.00119093 0.98975 0.142803 0.00825401 -0.142808 0.989716 -0.01263 2.20353 0.0429915</i>
                        <i>0.999997 3.80752e-009 0.00245127 -0.000691973 0.959329 0.28229 -0.00235156 -0.282291 0.959326 0.00369396 2.1721 0.103088</i>
                        <i>0.999967 1.43737e-009 0.00818009 -0.00333035 0.913372 0.407113 -0.00747152 -0.407126 0.913341 0.0123777 2.14879 0.150512</i>
                        <i>0.999874 1.73648e-009 0.0158527 -0.00808424 0.860198 0.509897 -0.0136364 -0.509961 0.86009 0.0240638 2.12149 0.200158</i>
                        <i>0.999706 1.23721e-008 0.0242338 -0.0122254 0.863425 0.50433 -0.0209241 -0.504478 0.863171 0.0377568 2.12865 0.215276</i>
                        <i>0.999367 -4.15647e-009 0.0355773 -0.0177532 0.8666 0.498687 -0.0308313 -0.499003 0.866052 0.0568747 2.13561 0.23055</i>
                        <i>0.999314 -1.39221e-008 0.0370305 -0.0181692 0.871353 0.49032 -0.0322666 -0.490657 0.870755 0.0610317 2.13916 0.236698</i>
                        <i>0.999257 8.0144e-009 0.0385492 -0.0186654 0.87496 0.483836 -0.033729 -0.484196 0.874309 0.0648845 2.13972 0.25742</i>
                        <i>0.99931 4.25739e-010 0.0371329 -0.0177036 0.879031 0.476435 -0.032641 -0.476764 0.878425 0.0635113 2.13363 0.285626</i>
                        <i>0.999296 -3.81554e-009 0.0375094 -0.0175602 0.883646 0.467826 -0.0331451 -0.468155 0.883024 0.0650041 2.12208 0.318238</i>
                        <i>0.999367 8.07487e-009 0.0355675 -0.0163271 0.888413 0.458755 -0.0315987 -0.459046 0.88785 0.0628954 2.11479 0.337542</i>
                        <i>0.999209 -1.27586e-008 0.0397677 -0.0178677 0.89338 0.448946 -0.0355277 -0.449301 0.892673 0.0702548 2.08915 0.393617</i>
                        <i>0.998877 1.31386e-008 0.0473748 -0.0207204 0.899281 0.436881 -0.0426033 -0.437372 0.898271 0.083599 2.05842 0.449473</i>
                        <i>0.998666 9.34659e-009 0.0516436 -0.022358 0.901428 0.432352 -0.046553 -0.432929 0.900225 0.0902999 2.04075 0.518208</i>
                        <i>0.998988 6.76404e-009 0.0449733 -0.0198903 0.896882 0.441822 -0.0403358 -0.442269 0.895975 0.0769744 2.04787 0.605671</i>
                        <i>0.99951 5.81349e-010 0.0313083 -0.0150127 0.877537 0.479275 -0.0274742 -0.47951 0.877106 0.0513582 2.10721 0.725656</i>
                        <i>0.999871 -1.69572e-008 0.0160518 -0.00813842 0.861941 0.506944 -0.0138357 -0.507009 0.86183 0.0250533 2.13642 0.852911</i>
                        <i>0.999979 4.83646e-009 -0.00650755 0.00344962 0.847937 0.530086 0.005518 -0.530097 0.847919 -0.00971228 2.15822 0.967582</i>
                        <i>0.999725 2.72766e-009 -0.0234733 0.0127744 0.83895 0.544059 0.0196929 -0.544209 0.838719 -0.0340832 2.17139 1.05308</i>
                        <i>0.999253 -1.38787e-008 -0.0386395 0.021307 0.834222 0.551017 0.032234 -0.551429 0.833599 -0.0557488 2.18463 1.10557</i>
                        <i>0.998543 1.33339e-008 -0.0539606 0.0300095 0.831091 0.555327 0.0448462 -0.556137 0.82988 -0.078257 2.20134 1.13952</i>
                        <i>0.997745 1.89058e-009 -0.0671126 0.0375347 0.82898 0.558018 0.055635 -0.559279 0.827111 -0.0981744 2.21719 1.16612</i>
                        <i>0.997039 2.40824e-008 -0.0768979 0.0432552 0.826796 0.560836 0.0635789 -0.562502 0.824348 -0.1128 2.22828 1.19816</i>
                        <i>0.996552 -4.91588e-010 -0.0829673 0.0470751 0.823447 0.565437 0.0683191 -0.567393 0.820608 -0.120149 2.2301 1.2494</i>
                        <i>0.996417 -2.9021e-009 -0.0845736 0.048557 0.818758 0.572082 0.0692454 -0.574139 0.815825 -0.120346 2.23278 1.30362</i>
                        <i>0.99648 3.54711e-009 -0.0838331 0.0487792 0.813288 0.579813 0.0681805 -0.581861 0.810425 -0.116706 2.23423 1.36058</i>
                        <i>0.996801 -4.21542e-009 -0.0799285 0.0471374 0.807589 0.587858 0.0645493 -0.589745 0.805006 -0.108727 2.23509 1.4158</i>
                        <i>0.997472 -5.15857e-009 -0.0710634 0.0425059 0.801391 0.596628 0.0569496 -0.59814 0.799365 -0.0940441 2.23353 1.47357</i>
                        <i>0.998394 5.62659e-009 -0.0566595 0.0344184 0.794351 0.606484 0.0450075 -0.607459 0.793075 -0.0725228 2.22946 1.53572</i>
                        <i>0.9993 1.02505e-008 -0.0374144 0.0231107 0.786418 0.617262 0.0294234 -0.617694 0.785868 -0.0462181 2.22615 1.59769</i>
                        <i>0.999855 -5.5059e-009 -0.0170522 0.0106748 0.779818 0.625915 0.0132976 -0.626006 0.779705 -0.0202583 2.21492 1.6615</i>
                        <i>0.999998 -7.04775e-009 -0.00180506 0.00114836 0.771526 0.636197 0.00139264 -0.636198 0.771525 -0.00201607 2.19013 1.74867</i>
                        <i>0.999994 -6.55687e-009 0.00337064 -0.00217409 0.76418 0.644999 -0.00257579 -0.645003 0.764176 0.00349987 2.15415 1.84271</i>
                        <i>1 1.92557e-009 -0.000747022 0.000496618 0.747008 0.664815 0.000558026 -0.664815 0.747008 -0.000713963 2.14025 1.94036</i>
                        <i>0.999984 -5.43529e-010 0.00570267 -0.00397757 0.716592 0.697482 -0.00408649 -0.697493 0.71658 0.00498071 2.15662 2.03755</i>
                        <i>0.999979 -6.11869e-009 0.00644573 -0.00471458 0.681916 0.731415 -0.00439542 -0.73143 0.681902 0.00522666 2.19423 2.11502</i>
                        <i>0.999996 7.66e-009 0.00293759 -0.00224198 0.646153 0.763205 -0.00189813 -0.763208 0.64615 0.00225074 2.24778 2.17501</i>
