<?xml version="1.0" encoding="ISO-8859-1" ?>
<Animl Version="1">
    <ModellingPackage><![CDATA[Maya.2010]]></ModellingPackage>
    <SrcFile><![CDATA[anims\characters\shared\base_soldier\~src\infantry\context_stepup.mb]]></SrcFile>
    <FramesPerSecond>30</FramesPerSecond>
    <TotalFrames>42</TotalFrames>
    <Skeleton>
        <RefFrame>
            <Name><![CDATA[soldier_ref_frame]]></Name>
            <Exclude>0</Exclude>
            <Additive>0</Additive>
            <IKPriority>0</IKPriority>
            <IKRotLimits>-1e+010 -1e+010 -1e+010 1e+010 1e+010 1e+010</IKRotLimits>
            <IKRotLimitOrder>0</IKRotLimitOrder>
            <KeyFrames count="42">
                <i>1 0 0 0 1 0 0 0 1 -8.82618e-018 -9.7406e-007 -0.0905113</i>
                <i>1 0 0 0 1 0 0 0 1 0.00657179 -0.0145628 -0.0862603</i>
                <i>1 0 0 0 1 0 0 0 1 0.0131127 -0.0291393 -0.0820395</i>
                <i>1 0 0 0 1 0 0 0 1 0.0151207 -0.0389124 -0.0676177</i>
                <i>1 0 0 0 1 0 0 0 1 0.00913872 -0.0404582 -0.0349704</i>
                <i>1 0 0 0 1 0 0 0 1 -0.00139572 -0.0371828 0.0079164</i>
                <i>1 0 0 0 1 0 0 0 1 -0.010637 -0.0345165 0.0472475</i>
                <i>1 0 0 0 1 0 0 0 1 -0.0171519 -0.0329357 0.0762763</i>
                <i>1 0 0 0 1 0 0 0 1 -0.022358 -0.0319636 0.101738</i>
                <i>1 0 0 0 1 0 0 0 1 -0.0246755 -0.0356183 0.130039</i>
                <i>1 0 0 0 1 0 0 0 1 -0.0248013 -0.0475678 0.161458</i>
                <i>1 0 0 0 1 0 0 0 1 -0.0245311 -0.0641535 0.193647</i>
                <i>1 0 0 0 1 0 0 0 1 -0.0239342 -0.0784106 0.229084</i>
                <i>1 0 0 0 1 0 0 0 1 -0.0230844 -0.0967254 0.270246</i>
                <i>1 0 0 0 1 0 0 0 1 -0.0220487 -0.112692 0.315752</i>
                <i>1 0 0 0 1 0 0 0 1 -0.0208816 -0.100166 0.362394</i>
                <i>1 0 0 0 1 0 0 0 1 -0.0196268 -0.0405711 0.409859</i>
                <i>1 0 0 0 1 0 0 0 1 -0.0183546 0.0475425 0.458003</i>
                <i>1 0 0 0 1 0 0 0 1 -0.0171732 0.134724 0.506692</i>
                <i>1 0 0 0 1 0 0 0 1 -0.0161846 0.214903 0.555723</i>
                <i>1 0 0 0 1 0 0 0 1 -0.015424 0.284217 0.604853</i>
                <i>1 0 0 0 1 0 0 0 1 -0.014943 0.341203 0.653828</i>
                <i>1 0 0 0 1 0 0 0 1 -0.0163054 0.398374 0.702467</i>
                <i>1 0 0 0 1 0 0 0 1 -0.0198736 0.450787 0.750587</i>
                <i>1 0 0 0 1 0 0 0 1 -0.0239257 0.493433 0.798007</i>
                <i>1 0 0 0 1 0 0 0 1 -0.026695 0.52132 0.844486</i>
                <i>1 0 0 0 1 0 0 0 1 -0.0263939 0.533113 0.889753</i>
                <i>1 0 0 0 1 0 0 0 1 -0.0212717 0.533269 0.928516</i>
                <i>1 0 0 0 1 0 0 0 1 -0.00849681 0.525526 0.959357</i>
                <i>1 0 0 0 1 0 0 0 1 0.0112482 0.513604 0.987868</i>
                <i>1 0 0 0 1 0 0 0 1 0.0344425 0.501229 1.01964</i>
                <i>1 0 0 0 1 0 0 0 1 0.0575686 0.492115 1.06027</i>
                <i>1 0 0 0 1 0 0 0 1 0.0771027 0.474559 1.11535</i>
                <i>1 0 0 0 1 0 0 0 1 0.0895153 0.455185 1.18323</i>
                <i>1 0 0 0 1 0 0 0 1 0.0912792 0.4652 1.25769</i>
                <i>1 0 0 0 1 0 0 0 1 0.0810104 0.505329 1.33741</i>
                <i>1 0 0 0 1 0 0 0 1 0.0613918 0.553936 1.4211</i>
                <i>1 0 0 0 1 0 0 0 1 0.0349991 0.60868 1.50745</i>
                <i>1 0 0 0 1 0 0 0 1 0.00440451 0.667222 1.59518</i>
                <i>1 0 0 0 1 0 0 0 1 -0.0278234 0.72723 1.68296</i>
                <i>1 0 0 0 1 0 0 0 1 -0.048294 0.78592 1.77836</i>
                <i>1 0 0 0 1 0 0 0 1 -0.058226 0.839517 1.87708</i>
            </KeyFrames>
        </RefFrame>
        <Bones count="23">
            <i>
                <p>
                    <Name><![CDATA[pelvis]]></Name>
                    <Exclude>0</Exclude>
                    <Additive>0</Additive>
                    <IKPriority>0</IKPriority>
                    <IKRotLimits>-1e+010 -1e+010 -1e+010 1e+010 1e+010 1e+010</IKRotLimits>
                    <IKRotLimitOrder>2</IKRotLimitOrder>
                    <KeyFrames count="42">
                        <i>1 0 0 0 1 0 0 0 1 -8.82618e-018 1.18449 -0.0905113</i>
                        <i>1 0 0 0 1 0 0 0 1 0.00657179 1.16993 -0.0862603</i>
                        <i>1 0 0 0 1 0 0 0 1 0.0131127 1.15535 -0.0820395</i>
                        <i>1 0 0 0 1 0 0 0 1 0.0151207 1.14558 -0.0676177</i>
                        <i>1 0 0 0 1 0 0 0 1 0.00913872 1.14403 -0.0349704</i>
                        <i>1 0 0 0 1 0 0 0 1 -0.00139572 1.14731 0.0079164</i>
                        <i>1 0 0 0 1 0 0 0 1 -0.010637 1.14997 0.0472475</i>
                        <i>1 0 0 0 1 0 0 0 1 -0.0171519 1.15155 0.0762763</i>
                        <i>1 0 0 0 1 0 0 0 1 -0.022358 1.15253 0.101738</i>
                        <i>1 0 0 0 1 0 0 0 1 -0.0246755 1.14887 0.130039</i>
                        <i>1 0 0 0 1 0 0 0 1 -0.0248013 1.13692 0.161458</i>
                        <i>1 0 0 0 1 0 0 0 1 -0.0245311 1.12034 0.193647</i>
                        <i>1 0 0 0 1 0 0 0 1 -0.0239342 1.10608 0.229084</i>
                        <i>1 0 0 0 1 0 0 0 1 -0.0230844 1.08776 0.270246</i>
                        <i>1 0 0 0 1 0 0 0 1 -0.0220487 1.0718 0.315752</i>
                        <i>1 0 0 0 1 0 0 0 1 -0.0208816 1.08432 0.362394</i>
                        <i>1 0 0 0 1 0 0 0 1 -0.0196268 1.14392 0.409859</i>
                        <i>1 0 0 0 1 0 0 0 1 -0.0183546 1.23203 0.458003</i>
                        <i>1 0 0 0 1 0 0 0 1 -0.0171732 1.31921 0.506692</i>
                        <i>1 0 0 0 1 0 0 0 1 -0.0161846 1.39939 0.555723</i>
                        <i>1 0 0 0 1 0 0 0 1 -0.015424 1.46871 0.604853</i>
                        <i>1 0 0 0 1 0 0 0 1 -0.014943 1.52569 0.653828</i>
                        <i>1 0 0 0 1 0 0 0 1 -0.0163054 1.58286 0.702467</i>
                        <i>1 0 0 0 1 0 0 0 1 -0.0198736 1.63528 0.750587</i>
                        <i>1 0 0 0 1 0 0 0 1 -0.0239257 1.67792 0.798007</i>
                        <i>1 0 0 0 1 0 0 0 1 -0.026695 1.70581 0.844486</i>
                        <i>1 0 0 0 1 0 0 0 1 -0.0263939 1.7176 0.889753</i>
                        <i>1 0 0 0 1 0 0 0 1 -0.0212717 1.71776 0.928516</i>
                        <i>1 0 0 0 1 0 0 0 1 -0.00849681 1.71002 0.959357</i>
                        <i>1 0 0 0 1 0 0 0 1 0.0112482 1.69809 0.987868</i>
                        <i>1 0 0 0 1 0 0 0 1 0.0344425 1.68572 1.01964</i>
                        <i>1 0 0 0 1 0 0 0 1 0.0575686 1.67661 1.06027</i>
                        <i>1 0 0 0 1 0 0 0 1 0.0771027 1.65905 1.11535</i>
                        <i>1 0 0 0 1 0 0 0 1 0.0895153 1.63967 1.18323</i>
                        <i>1 0 0 0 1 0 0 0 1 0.0912792 1.64969 1.25769</i>
                        <i>1 0 0 0 1 0 0 0 1 0.0810104 1.68982 1.33741</i>
                        <i>1 0 0 0 1 0 0 0 1 0.0613918 1.73843 1.4211</i>
                        <i>1 0 0 0 1 0 0 0 1 0.0349991 1.79317 1.50745</i>
                        <i>1 0 0 0 1 0 0 0 1 0.00440451 1.85171 1.59518</i>
                        <i>1 0 0 0 1 0 0 0 1 -0.0278234 1.91172 1.68296</i>
                        <i>1 0 0 0 1 0 0 0 1 -0.048294 1.97041 1.77836</i>
                        <i>1 0 0 0 1 0 0 0 1 -0.058226 2.02401 1.87708</i>
                    </KeyFrames>
                </p>
            </i>
            <i>
                <p>
                    <Name><![CDATA[spine0]]></Name>
                    <Exclude>0</Exclude>
                    <Additive>0</Additive>
                    <IKPriority>0</IKPriority>
                    <IKRotLimits>-1e+010 -1e+010 -1e+010 1e+010 1e+010 1e+010</IKRotLimits>
                    <IKRotLimitOrder>0</IKRotLimitOrder>
                    <KeyFrames count="42">
                        <i>-0.026466 0.998848 0.0400361 -0.875356 -0.00381561 -0.483463 -0.482753 -0.0478412 0.874449 0.0138565 1.32036 -0.137222</i>
                        <i>-0.0323023 0.998597 0.0419699 -0.880439 -0.00855508 -0.474082 -0.473058 -0.0522659 0.87948 0.0152233 1.30563 -0.134809</i>
                        <i>-0.038439 0.998309 0.0436124 -0.884088 -0.0136342 -0.467122 -0.465738 -0.0565129 0.883116 0.0163636 1.29073 -0.132341</i>
                        <i>-0.0285348 0.99899 0.0347173 -0.897133 -0.0102774 -0.441641 -0.440838 -0.0437481 0.89652 0.0166577 1.28036 -0.121072</i>
                        <i>0.00785883 0.999948 0.00649272 -0.926016 0.00972799 -0.377359 -0.377403 -0.00304676 0.926044 0.0148763 1.27773 -0.0942676</i>
                        <i>0.0526271 0.998134 -0.030978 -0.95676 0.0415105 -0.2879 -0.286077 0.0447899 0.957159 0.010775 1.27929 -0.0584074</i>
                        <i>0.0848966 0.994505 -0.0612546 -0.975733 0.070526 -0.207297 -0.201838 0.0773669 0.976358 0.00629871 1.28021 -0.024766</i>
                        <i>0.103405 0.991405 -0.080146 -0.984213 0.0903521 -0.152188 -0.143639 0.0946178 0.985097 0.00301067 1.28045 0.000523709</i>
                        <i>0.11636 0.988822 -0.093228 -0.988535 0.106207 -0.107329 -0.0962281 0.104648 0.989843 0.000733042 1.28025 0.0231052</i>
                        <i>0.124076 0.986972 -0.102428 -0.990987 0.118001 -0.0634057 -0.0504931 0.109372 0.992718 0.00017586 1.27559 0.0489443</i>
                        <i>0.126827 0.986022 -0.108054 -0.991923 0.12587 -0.0156596 -0.00183995 0.109168 0.994022 7.8775e-005 1.26304 0.0786714</i>
                        <i>0.129436 0.985929 -0.10578 -0.990545 0.133452 0.0317854 0.0454548 0.100666 0.993881 -0.000416065 1.24612 0.109745</i>
                        <i>0.142367 0.984275 -0.104566 -0.969057 0.160123 0.187855 0.201644 0.074586 0.976615 -0.00503434 1.22954 0.138149</i>
                        <i>0.163739 0.980876 -0.105226 -0.92881 0.189226 0.318598 0.332417 0.0455677 0.942031 -0.00834231 1.20857 0.172701</i>
                        <i>0.179248 0.979488 -0.0920466 -0.928827 0.199328 0.312329 0.32427 0.0295108 0.945504 -0.00364307 1.19184 0.216997</i>
                        <i>0.176541 0.982756 -0.0549878 -0.939435 0.184905 0.288569 0.29376 0.000713197 0.955879 -2.56449e-005 1.20553 0.266564</i>
                        <i>0.139311 0.988223 0.0633063 -0.961476 0.119688 0.247463 0.236971 -0.0953419 0.966827 0.000258204 1.27215 0.331972</i>
                        <i>0.0709413 0.97538 0.20881 -0.98047 0.0296911 0.194415 0.183428 -0.218524 0.958437 -0.00435338 1.36703 0.40588</i>
                        <i>0.00976527 0.94859 0.316357 -0.990319 -0.0346337 0.134418 0.138464 -0.314607 0.939069 -0.00792793 1.45683 0.476396</i>
                        <i>-0.019653 0.923657 0.382716 -0.996099 -0.0510235 0.0719906 0.0860221 -0.379808 0.921057 -0.00544359 1.5372 0.541187</i>
                        <i>-0.0389061 0.916749 0.397565 -0.999069 -0.0431142 0.00164744 0.018651 -0.39713 0.917573 -0.000588155 1.60607 0.597179</i>
                        <i>-0.0582117 0.917353 0.393795 -0.99653 -0.0298892 -0.0776819 -0.0594916 -0.39695 0.91591 0.00400957 1.66251 0.650462</i>
                        <i>-0.0723669 0.922895 0.378189 -0.987667 -0.0135264 -0.155983 -0.13884 -0.384813 0.912492 0.00613467 1.71917 0.701775</i>
                        <i>-0.0731064 0.930599 0.358665 -0.974713 0.00947605 -0.223261 -0.211165 -0.365917 0.906374 0.00449415 1.77123 0.751593</i>
                        <i>-0.0700629 0.937844 0.339911 -0.96227 0.02627 -0.270826 -0.262922 -0.346061 0.900619 -0.000594059 1.8139 0.799591</i>
                        <i>-0.073794 0.94389 0.32191 -0.952007 0.0294723 -0.304654 -0.297047 -0.328942 0.896415 -0.00666555 1.84211 0.845476</i>
                        <i>-0.083693 0.947573 0.308384 -0.941763 0.0259342 -0.335275 -0.325696 -0.318485 0.890219 -0.0109628 1.8543 0.889467</i>
                        <i>-0.0943659 0.9495 0.29924 -0.931873 0.0215183 -0.362146 -0.350297 -0.313028 0.882783 -0.0105863 1.85478 0.926499</i>
                        <i>-0.102531 0.951509 0.290032 -0.922696 0.0179599 -0.385109 -0.371644 -0.307097 0.876112 -0.00212097 1.84724 0.955398</i>
                        <i>-0.109001 0.954511 0.277537 -0.914604 0.0130654 -0.40414 -0.389383 -0.297888 0.871576 0.0135937 1.8354 0.982006</i>
                        <i>-0.114866 0.957012 0.266334 -0.908044 0.0075642 -0.418807 -0.402818 -0.28995 0.86814 0.033077 1.823 1.01217</i>
                        <i>-0.124585 0.956548 0.263619 -0.903554 0.000401442 -0.428473 -0.409961 -0.291575 0.864243 0.052261 1.81373 1.05173</i>
                        <i>-0.137196 0.95148 0.275432 -0.901472 -0.00469625 -0.432811 -0.410518 -0.307674 0.858377 0.0678275 1.79585 1.10682</i>
                        <i>-0.144937 0.943509 0.297966 -0.901911 -0.00214529 -0.431916 -0.406877 -0.331339 0.851273 0.0774256 1.77611 1.17611</i>
                        <i>-0.139545 0.935858 0.32357 -0.904701 0.0123433 -0.425868 -0.402546 -0.352161 0.844949 0.0789937 1.7859 1.25326</i>
                        <i>-0.121944 0.929513 0.348044 -0.909271 0.0359705 -0.414648 -0.39794 -0.36703 0.840793 0.0708936 1.8258 1.33754</i>
                        <i>-0.0992444 0.924108 0.369019 -0.915288 0.0607132 -0.398198 -0.390383 -0.377278 0.839799 0.054458 1.87387 1.42765</i>
                        <i>-0.0733589 0.918807 0.38783 -0.922672 0.0850775 -0.376082 -0.378543 -0.385429 0.841516 0.032039 1.92768 1.52131</i>
                        <i>-0.0458187 0.912993 0.405395 -0.931414 0.107638 -0.347682 -0.361067 -0.393521 0.845442 0.00590544 1.98494 1.61622</i>
                        <i>-0.0179963 0.906199 0.422468 -0.941508 0.126852 -0.312205 -0.336511 -0.403375 0.85091 -0.0217663 2.04356 1.7101</i>
                        <i>0.0111966 0.903483 0.428478 -0.975036 0.104898 -0.195707 -0.221765 -0.41559 0.882103 -0.037169 2.10377 1.79911</i>
                        <i>0.0351411 0.904407 0.425221 -0.998465 0.0499944 -0.0238185 -0.0428003 -0.423732 0.904776 -0.0487685 2.16013 1.88279</i>
                    </KeyFrames>
                </p>
            </i>
            <i>
                <p>
                    <Name><![CDATA[spine1]]></Name>
                    <Exclude>0</Exclude>
                    <Additive>0</Additive>
                    <IKPriority>0</IKPriority>
                    <IKRotLimits>-1e+010 -1e+010 -1e+010 1e+010 1e+010 1e+010</IKRotLimits>
                    <IKRotLimitOrder>0</IKRotLimitOrder>
                    <KeyFrames count="42">
                        <i>-0.079003 0.97716 0.197273 -0.950751 -0.0143599 -0.309624 -0.299719 -0.212018 0.93017 0.0172155 1.49275 -0.122926</i>
                        <i>-0.051523 0.974185 0.219791 -0.957465 0.0143818 -0.288192 -0.283914 -0.22529 0.932007 0.0173002 1.47822 -0.120304</i>
                        <i>-0.0226266 0.970366 0.240578 -0.962893 0.0435805 -0.266342 -0.268934 -0.237677 0.933372 0.0171321 1.46356 -0.117633</i>
                        <i>0.00991626 0.969274 0.245782 -0.968021 0.0709226 -0.240637 -0.250675 -0.235536 0.938981 0.0189509 1.45319 -0.108533</i>
                        <i>0.0479261 0.973069 0.225479 -0.973546 0.095996 -0.207347 -0.223408 -0.209576 0.951928 0.0231949 1.44976 -0.0882483</i>
                        <i>0.0817947 0.97745 0.194683 -0.97923 0.115178 -0.166862 -0.185522 -0.176991 0.966569 0.0261991 1.4496 -0.0609087</i>
                        <i>0.102538 0.979593 0.172868 -0.984079 0.125259 -0.126091 -0.145171 -0.157186 0.976841 0.0264466 1.44877 -0.0340853</i>
                        <i>0.110696 0.980434 0.162776 -0.987832 0.126543 -0.0904177 -0.109247 -0.150786 0.982511 0.025649 1.44779 -0.0130152</i>
                        <i>0.111151 0.980947 0.159339 -0.990946 0.121547 -0.0570312 -0.0753118 -0.151557 0.985575 0.02497 1.44669 0.00662229</i>
                        <i>0.108004 0.980865 0.161986 -0.993184 0.113639 -0.0259088 -0.043821 -0.158084 0.986453 0.0250271 1.44148 0.0303037</i>
                        <i>0.105962 0.980264 0.166895 -0.994329 0.10599 0.00876986 -0.00909236 -0.166878 0.985936 0.0245293 1.42876 0.0585545</i>
                        <i>0.108834 0.976331 0.186905 -0.993935 0.103897 0.0360361 0.0157643 -0.189693 0.981717 0.0236332 1.41214 0.0896921</i>
                        <i>0.12631 0.962072 0.241791 -0.991917 0.119517 0.0426206 0.0121061 -0.24522 0.969392 0.018527 1.39707 0.117332</i>
                        <i>0.152168 0.943319 0.294948 -0.988298 0.148413 0.0352155 -0.0105548 -0.296855 0.954864 0.0168276 1.37759 0.151252</i>
                        <i>0.152869 0.926938 0.342661 -0.98736 0.157943 0.0132282 -0.0418593 -0.340352 0.939366 0.0248352 1.36139 0.198063</i>
                        <i>0.12435 0.904759 0.407368 -0.989068 0.145817 -0.021943 -0.0792544 -0.400186 0.913 0.0286906 1.37694 0.254879</i>
                        <i>0.0507623 0.845612 0.53138 -0.992474 0.10208 -0.0676355 -0.111437 -0.523947 0.844429 0.0229503 1.44746 0.343796</i>
                        <i>-0.0471628 0.754567 0.654526 -0.993249 0.0340986 -0.11088 -0.105985 -0.655337 0.747864 0.00599551 1.54316 0.44716</i>
                        <i>-0.132426 0.672187 0.728442 -0.988051 -0.0310567 -0.150963 -0.0788523 -0.739729 0.668268 -0.00876911 1.63014 0.539892</i>
                        <i>-0.192618 0.617937 0.762268 -0.979108 -0.0694481 -0.191113 -0.0651577 -0.783154 0.618404 -0.0110642 1.70704 0.618719</i>
                        <i>-0.248528 0.609602 0.752741 -0.966345 -0.10276 -0.235833 -0.0664125 -0.786019 0.614625 -0.00870225 1.7749 0.678289</i>
                        <i>-0.304534 0.620134 0.722975 -0.949229 -0.134726 -0.284276 -0.078885 -0.772841 0.629678 -0.00644109 1.83141 0.73147</i>
                        <i>-0.347658 0.644264 0.681218 -0.932186 -0.159383 -0.325002 -0.100812 -0.748012 0.655984 -0.00564316 1.88873 0.780297</i>
                        <i>-0.35951 0.678844 0.640253 -0.92389 -0.16257 -0.346407 -0.131071 -0.71606 0.685623 -0.00607482 1.94124 0.826652</i>
                        <i>-0.344506 0.715368 0.607918 -0.926625 -0.155231 -0.342448 -0.150608 -0.681287 0.716356 -0.00957462 1.98392 0.871072</i>
                        <i>-0.321686 0.747763 0.580834 -0.934349 -0.151357 -0.322619 -0.153329 -0.646484 0.747361 -0.0157187 2.01201 0.913422</i>
                        <i>-0.297894 0.771495 0.562188 -0.942837 -0.145626 -0.299751 -0.149387 -0.619346 0.770775 -0.0214018 2.0239 0.954838</i>
                        <i>-0.271346 0.788743 0.551593 -0.951911 -0.135219 -0.27492 -0.142255 -0.599666 0.787505 -0.0226361 2.02399 0.990216</i>
                        <i>-0.2412 0.806542 0.539733 -0.961027 -0.121085 -0.248528 -0.135095 -0.578643 0.804314 -0.0153525 2.0162 1.01746</i>
                        <i>-0.210112 0.828426 0.519195 -0.969272 -0.107021 -0.22149 -0.127923 -0.549779 0.825457 -0.000558529 2.00437 1.04175</i>
                        <i>-0.182131 0.847429 0.498691 -0.976113 -0.0947262 -0.195526 -0.118455 -0.52239 0.844439 0.0180343 1.99207 1.06985</i>
                        <i>-0.164817 0.853958 0.493549 -0.980989 -0.0899499 -0.171958 -0.102451 -0.512507 0.852549 0.0354572 1.9827 1.10901</i>
                        <i>-0.157539 0.842448 0.515231 -0.984298 -0.0918948 -0.150706 -0.079615 -0.530883 0.843697 0.048582 1.96421 1.16653</i>
                        <i>-0.150058 0.819605 0.552928 -0.987088 -0.092498 -0.130774 -0.0560386 -0.565413 0.822902 0.0566163 1.94337 1.2403</i>
                        <i>-0.134126 0.796497 0.589579 -0.990162 -0.0837791 -0.112074 -0.0398721 -0.59881 0.799898 0.059168 1.95194 1.32246</i>
                        <i>-0.110197 0.782725 0.612535 -0.993336 -0.0657918 -0.0946326 -0.0337715 -0.618881 0.784759 0.0544252 1.99063 1.41143</i>
                        <i>-0.0837854 0.786817 0.611473 -0.99589 -0.0449397 -0.0786327 -0.0343901 -0.615549 0.787348 0.0422829 2.03755 1.50544</i>
                        <i>-0.0562303 0.804027 0.591928 -0.997673 -0.0223577 -0.0644052 -0.0385493 -0.594173 0.803413 0.0246866 2.09026 1.60251</i>
                        <i>-0.0283395 0.824197 0.565593 -0.998651 0.00128922 -0.0519169 -0.043519 -0.566301 0.823049 0.0035852 2.14647 1.70055</i>
                        <i>-0.000756113 0.83831 0.545193 -0.99882 0.0258458 -0.0411267 -0.0485678 -0.544581 0.837301 -0.0191262 2.20406 1.79747</i>
                        <i>0.00121785 0.835795 0.54904 -0.995169 0.05491 -0.0813812 -0.0981658 -0.546289 0.831824 -0.0308608 2.26519 1.88664</i>
                        <i>0.0110113 0.826208 0.563257 -0.983263 0.111391 -0.14417 -0.181856 -0.552243 0.813607 -0.0410327 2.32459 1.96903</i>
                    </KeyFrames>
                </p>
            </i>
            <i>
                <p>
                    <Name><![CDATA[spine2]]></Name>
                    <Exclude>0</Exclude>
                    <Additive>0</Additive>
                    <IKPriority>0</IKPriority>
                    <IKRotLimits>-1e+010 -1e+010 -1e+010 1e+010 1e+010 1e+010</IKRotLimits>
                    <IKRotLimitOrder>0</IKRotLimitOrder>
                    <KeyFrames count="42">
                        <i>-0.10011 0.945233 0.310666 -0.951803 -2.26587e-010 -0.306711 -0.289913 -0.326398 0.899675 0.000831352 1.64816 -0.0911319</i>
                        <i>-0.080378 0.940768 0.329387 -0.957932 0.0184323 -0.286403 -0.27551 -0.338551 0.89971 0.00628041 1.63312 -0.0842638</i>
                        <i>-0.0596171 0.93608 0.3467 -0.963226 0.0372119 -0.266103 -0.261995 -0.349815 0.899438 0.0117453 1.61783 -0.0776949</i>
                        <i>-0.0324234 0.935691 0.351329 -0.968679 0.0571658 -0.241647 -0.24619 -0.34816 0.90453 0.0195087 1.60734 -0.0671151</i>
                        <i>0.00497837 0.942093 0.335315 -0.974773 0.0793975 -0.208601 -0.223145 -0.325817 0.918722 0.0301839 1.60469 -0.0492118</i>
                        <i>0.04259 0.9494 0.311169 -0.98085 0.0989776 -0.167738 -0.190049 -0.298066 0.935435 0.0387699 1.60549 -0.0258204</i>
                        <i>0.0696687 0.953092 0.294552 -0.985713 0.111161 -0.126542 -0.153348 -0.281528 0.94722 0.042411 1.60526 -0.00166574</i>
                        <i>0.0860693 0.954057 0.286998 -0.989076 0.116426 -0.0904127 -0.119673 -0.276081 0.953655 0.04277 1.6047 0.0183335</i>
                        <i>0.0964373 0.953861 0.284338 -0.991514 0.117085 -0.0564966 -0.0871817 -0.276477 0.957058 0.0418456 1.60402 0.0378931</i>
                        <i>0.10224 0.952603 0.286523 -0.993158 0.11409 -0.0249268 -0.0564348 -0.282014 0.957749 0.0412009 1.5992 0.0625513</i>
                        <i>0.107373 0.95078 0.290669 -0.993971 0.109186 0.0100258 -0.0222046 -0.289993 0.956771 0.0404028 1.58679 0.0920933</i>
                        <i>0.114091 0.944615 0.307711 -0.993468 0.107776 0.0375018 0.00226109 -0.309979 0.950741 0.0403695 1.57006 0.127257</i>
                        <i>0.118075 0.933512 0.338547 -0.993 0.109966 0.0431071 0.00301223 -0.341267 0.939961 0.0416599 1.55502 0.1668</i>
                        <i>0.123446 0.918889 0.374706 -0.992236 0.12006 0.0324675 -0.0151532 -0.375805 0.926575 0.0479036 1.53472 0.212276</i>
                        <i>0.121812 0.898192 0.42239 -0.991444 0.13022 0.00901292 -0.0469085 -0.419874 0.906369 0.0561271 1.51655 0.268661</i>
                        <i>0.0916698 0.868786 0.486629 -0.992358 0.120236 -0.0277211 -0.082594 -0.480369 0.873169 0.0547379 1.52889 0.337927</i>
                        <i>0.0190455 0.794667 0.606746 -0.993832 0.0813597 -0.0753624 -0.109253 -0.601568 0.791315 0.0353514 1.58871 0.449012</i>
                        <i>-0.071128 0.68577 0.724335 -0.992833 0.0212403 -0.117603 -0.096034 -0.727508 0.679345 0.000206936 1.66754 0.573561</i>
                        <i>-0.142557 0.58835 0.795941 -0.987843 -0.034203 -0.151645 -0.061997 -0.807883 0.586073 -0.0308576 1.73941 0.678429</i>
                        <i>-0.187537 0.521673 0.832278 -0.981315 -0.0623867 -0.182015 -0.0430294 -0.850862 0.523625 -0.0455118 1.80652 0.762289</i>
                        <i>-0.228703 0.504143 0.832788 -0.972755 -0.0849608 -0.215708 -0.0379935 -0.859431 0.509838 -0.0550115 1.87318 0.819369</i>
                        <i>-0.271849 0.50726 0.817793 -0.961413 -0.105872 -0.25392 -0.0422224 -0.855265 0.516468 -0.0645839 1.93196 0.866247</i>
                        <i>-0.307283 0.525779 0.79318 -0.949999 -0.120886 -0.287903 -0.0554887 -0.841988 0.536636 -0.072947 1.99387 0.906339</i>
                        <i>-0.323511 0.554902 0.766436 -0.942891 -0.121127 -0.310297 -0.0793481 -0.82305 0.562398 -0.076157 2.05234 0.943714</i>
                        <i>-0.318068 0.588632 0.743199 -0.943082 -0.116149 -0.311619 -0.097107 -0.800014 0.592071 -0.076842 2.10074 0.980551</i>
                        <i>-0.300585 0.623413 0.721807 -0.948287 -0.114427 -0.296071 -0.10198 -0.773474 0.62557 -0.0784387 2.13353 1.0164</i>
                        <i>-0.280034 0.653312 0.703395 -0.954495 -0.111196 -0.276723 -0.102571 -0.748879 0.654721 -0.0792934 2.14854 1.05308</i>
                        <i>-0.255565 0.679024 0.688196 -0.961425 -0.103598 -0.254813 -0.101728 -0.72677 0.679306 -0.0752277 2.15071 1.0854</i>
                        <i>-0.227283 0.706034 0.670715 -0.968546 -0.0922486 -0.231102 -0.101293 -0.702144 0.704793 -0.0620681 2.14519 1.10947</i>
                        <i>-0.198234 0.736534 0.6467 -0.975043 -0.080888 -0.206757 -0.0999734 -0.671547 0.734187 -0.0412971 2.1364 1.12911</i>
                        <i>-0.1722 0.762939 0.623114 -0.980449 -0.0716012 -0.183282 -0.0952176 -0.642493 0.760353 -0.0174014 2.12681 1.15274</i>
                        <i>-0.155971 0.775273 0.612067 -0.984331 -0.0703919 -0.161673 -0.082256 -0.627692 0.774104 0.00331963 2.11827 1.19046</i>
                        <i>-0.148903 0.767389 0.623652 -0.986957 -0.076313 -0.141745 -0.0611805 -0.636624 0.768744 0.0178536 2.09777 1.25159</i>
                        <i>-0.141707 0.746299 0.650351 -0.989132 -0.080737 -0.122877 -0.0391956 -0.660696 0.74963 0.0272043 2.07307 1.33192</i>
                        <i>-0.126942 0.723304 0.678762 -0.991593 -0.0752349 -0.105275 -0.0250795 -0.686419 0.726773 0.0323786 2.07772 1.4204</i>
                        <i>-0.105022 0.707041 0.699331 -0.994243 -0.0596291 -0.0890232 -0.0212426 -0.704654 0.709233 0.0315525 2.11404 1.51299</i>
                        <i>-0.0806726 0.709103 0.700475 -0.996443 -0.0401998 -0.0740639 -0.0243599 -0.703958 0.709824 0.0237848 2.16161 1.6059</i>
                        <i>-0.054409 0.727678 0.683758 -0.998019 -0.0179727 -0.0602888 -0.0315818 -0.685683 0.727214 0.0107951 2.21727 1.69831</i>
                        <i>-0.0265966 0.751184 0.659557 -0.998846 0.00641761 -0.0475876 -0.0399798 -0.660062 0.750147 -0.00558331 2.27703 1.79056</i>
                        <i>0.0020128 0.769082 0.639147 -0.998819 0.0325791 -0.0360568 -0.0485534 -0.638319 0.768239 -0.0234988 2.33731 1.88314</i>
                        <i>0.00812412 0.796032 0.6052 -0.995166 0.0656724 -0.0730213 -0.0978722 -0.601681 0.792718 -0.0329078 2.39888 1.97551</i>
                        <i>0.00074299 0.833558 0.552432 -0.984807 0.09654 -0.144344 -0.173651 -0.543931 0.820965 -0.0369344 2.45821 2.06506</i>
                    </KeyFrames>
                </p>
            </i>
            <i>
                <p>
                    <Name><![CDATA[head]]></Name>
                    <Exclude>0</Exclude>
                    <Additive>0</Additive>
                    <IKPriority>0</IKPriority>
                    <IKRotLimits>-1e+010 -1e+010 -1e+010 1e+010 1e+010 1e+010</IKRotLimits>
                    <IKRotLimitOrder>0</IKRotLimitOrder>
                    <KeyFrames count="42">
                        <i>-0.0391075 0.991838 0.121361 0.304208 0.127506 -0.944034 -0.951803 -2.26587e-010 -0.306711 -0.0235982 1.89428 -0.01728</i>
                        <i>-0.0227144 0.989936 0.139683 0.286095 0.140313 -0.947872 -0.957932 0.0184323 -0.286403 -0.0127615 1.87818 -0.00541977</i>
                        <i>-0.00513293 0.987634 0.156691 0.268643 0.152295 -0.951124 -0.963226 0.0372119 -0.266103 -0.00162546 1.86174 0.00576503</i>
                        <i>0.0182816 0.986917 0.160188 0.247642 0.150753 -0.957051 -0.968679 0.0571658 -0.241647 0.0133519 1.85111 0.0175541</i>
                        <i>0.0502199 0.988646 0.141624 0.217477 0.127575 -0.967692 -0.974773 0.0793975 -0.208601 0.0336688 1.84995 0.0311158</i>
                        <i>0.0803215 0.990161 0.114586 0.177429 0.0989184 -0.97915 -0.98085 0.0989776 -0.167738 0.0517518 1.85246 0.0479631</i>
                        <i>0.0993772 0.990416 0.0959212 0.135991 0.0819754 -0.987313 -0.985713 0.111161 -0.126542 0.0620556 1.85309 0.0675885</i>
                        <i>0.108592 0.990253 0.0872166 0.0996858 0.0764457 -0.992078 -0.989076 0.116426 -0.0904127 0.066247 1.85276 0.0855195</i>
                        <i>0.112141 0.990142 0.0839211 0.0657656 0.0768733 -0.99487 -0.991514 0.117085 -0.0564966 0.0675309 1.85206 0.104354</i>
                        <i>0.111575 0.990035 0.0859202 0.034481 0.0825511 -0.99599 -0.993158 0.11409 -0.0249268 0.0679583 1.84698 0.129594</i>
                        <i>0.109645 0.989872 0.0901779 -7.80934e-005 0.0907335 -0.995875 -0.993971 0.109186 0.0100258 0.0681255 1.83416 0.16024</i>
                        <i>0.111251 0.987897 0.108089 -0.0253985 0.111556 -0.993434 -0.993468 0.107776 0.0375018 0.0696228 1.81598 0.19994</i>
                        <i>0.114999 0.983383 0.140473 -0.0269435 0.144447 -0.989146 -0.993 0.109966 0.0431071 0.0725023 1.79804 0.248464</i>
                        <i>0.12395 0.976084 0.178598 -0.0102485 0.181236 -0.983386 -0.992236 0.12006 0.0324675 0.0810175 1.7739 0.304013</i>
                        <i>0.128803 0.964774 0.229393 0.0211762 0.228592 -0.973292 -0.991444 0.13022 0.00901292 0.0889757 1.75063 0.372759</i>
                        <i>0.106541 0.948275 0.299038 0.0622424 0.2938 -0.953838 -0.992358 0.120236 -0.0277211 0.0799333 1.75579 0.458706</i>
                        <i>0.0408494 0.900332 0.433283 0.103103 0.427532 -0.898102 -0.993832 0.0813597 -0.0753624 0.0417931 1.7973 0.601143</i>
                        <i>-0.0501288 0.819299 0.571171 0.108484 0.572973 -0.812363 -0.992833 0.0212403 -0.117603 -0.0169945 1.84896 0.756513</i>
                        <i>-0.126984 0.740245 0.660237 0.0896726 0.671467 -0.735589 -0.987843 -0.034203 -0.151645 -0.0671471 1.89642 0.880147</i>
                        <i>-0.17488 0.683692 0.708507 0.0802412 0.727099 -0.681827 -0.981315 -0.0623867 -0.182015 -0.0940807 1.94688 0.973399</i>
                        <i>-0.21621 0.668269 0.711807 0.0836756 0.739052 -0.668431 -0.972755 -0.0849608 -0.215708 -0.114825 2.0094 1.03021</i>
                        <i>-0.257597 0.670475 0.695778 0.096584 0.734339 -0.671876 -0.961413 -0.105872 -0.25392 -0.136054 2.06926 1.07257</i>
                        <i>-0.289595 0.685909 0.66758 0.116774 0.717576 -0.686621 -0.949999 -0.120886 -0.287903 -0.153851 2.13613 1.10555</i>
                        <i>-0.300637 0.710577 0.636159 0.143434 0.693115 -0.706412 -0.942891 -0.121127 -0.310297 -0.161018 2.2023 1.13537</i>
                        <i>-0.291698 0.738922 0.607377 0.159716 0.663705 -0.730744 -0.943082 -0.116149 -0.311619 -0.159866 2.25946 1.16577</i>
                        <i>-0.27359 0.767584 0.579624 0.160934 0.630652 -0.759196 -0.948287 -0.114427 -0.296071 -0.156719 2.30108 1.19579</i>
                        <i>-0.253348 0.791861 0.555673 0.157337 0.600493 -0.783998 -0.954495 -0.111196 -0.276723 -0.152135 2.32352 1.22765</i>
                        <i>-0.22956 0.812543 0.535794 0.151539 0.573621 -0.804981 -0.961425 -0.103598 -0.254813 -0.141671 2.33195 1.25619</i>
                        <i>-0.201957 0.833986 0.513499 0.145366 0.54402 -0.826384 -0.968546 -0.0922486 -0.231102 -0.121137 2.333 1.27595</i>
                        <i>-0.173782 0.857631 0.484012 0.138171 0.507864 -0.850284 -0.975043 -0.080888 -0.206757 -0.0927859 2.33169 1.28948</i>
                        <i>-0.149258 0.877582 0.455601 0.128224 0.47405 -0.871112 -0.980449 -0.0716012 -0.183282 -0.0620979 2.32856 1.3071</i>
                        <i>-0.136002 0.88665 0.44199 0.112235 0.457052 -0.88233 -0.984331 -0.0703919 -0.161673 -0.037168 2.32295 1.34219</i>
                        <i>-0.133364 0.880747 0.454422 0.0901627 0.467399 -0.879437 -0.986957 -0.076313 -0.141745 -0.0208429 2.30031 1.40674</i>
                        <i>-0.130786 0.864988 0.484449 0.0671742 0.495255 -0.866147 -0.989132 -0.080737 -0.122877 -0.00966654 2.27015 1.49447</i>
                        <i>-0.119197 0.8477 0.516911 0.0503522 0.525114 -0.849541 -0.991593 -0.0752349 -0.105275 -0.000658596 2.26891 1.59068</i>
                        <i>-0.0985135 0.835482 0.540615 0.0421408 0.546273 -0.836546 -0.994243 -0.0596291 -0.0890232 0.00425313 2.30117 1.68871</i>
                        <i>-0.0740392 0.837359 0.541615 0.0402452 0.545172 -0.837357 -0.996443 -0.0401998 -0.0740639 0.00286667 2.34935 1.78182</i>
                        <i>-0.046856 0.851833 0.521713 0.0419793 0.523505 -0.850988 -0.998019 -0.0179727 -0.0602888 -0.00327133 2.40972 1.86976</i>
                        <i>-0.0179173 0.869642 0.493357 0.0445504 0.493641 -0.868524 -0.998846 0.00641761 -0.0475876 -0.0124455 2.47536 1.95563</i>
                        <i>0.0118374 0.882748 0.469697 0.0471313 0.468715 -0.882091 -0.998819 0.0325791 -0.0360568 -0.0229958 2.54007 2.0429</i>
                        <i>0.0278433 0.901691 0.431483 0.0941792 0.427364 -0.899161 -0.995166 0.0656724 -0.0730213 -0.030896 2.6074 2.12806</i>
                        <i>0.0360151 0.926698 0.374076 0.169876 0.363194 -0.916096 -0.984807 0.09654 -0.144344 -0.0359634 2.67452 2.20673</i>
                    </KeyFrames>
                </p>
            </i>
            <i>
                <p>
                    <Name><![CDATA[head_prop]]></Name>
                    <Exclude>0</Exclude>
                    <Additive>0</Additive>
                    <IKPriority>0</IKPriority>
                    <IKRotLimits>-1e+010 -1e+010 -1e+010 1e+010 1e+010 1e+010</IKRotLimits>
                    <IKRotLimitOrder>0</IKRotLimitOrder>
                    <KeyFrames count="42">
                        <i>0.951803 2.26587e-010 0.306711 -0.0391075 0.991838 0.121361 -0.304208 -0.127506 0.944034 -0.0363437 2.21753 0.0222725</i>
                        <i>0.957932 -0.0184323 0.286403 -0.0227144 0.989936 0.139683 -0.286095 -0.140313 0.947872 -0.0201644 2.20081 0.0401043</i>
                        <i>0.963226 -0.0372119 0.266103 -0.00513293 0.987634 0.156691 -0.268643 -0.152295 0.951124 -0.00329833 2.18361 0.056832</i>
                        <i>0.968679 -0.0571658 0.241647 0.0182816 0.986917 0.160188 -0.247642 -0.150753 0.957051 0.0193101 2.17276 0.0697609</i>
                        <i>0.974773 -0.0793975 0.208601 0.0502199 0.988646 0.141624 -0.217477 -0.127575 0.967692 0.0500359 2.17216 0.0772723</i>
                        <i>0.98085 -0.0989776 0.167738 0.0803215 0.990161 0.114586 -0.177429 -0.0989184 0.97915 0.0779293 2.17516 0.0853076</i>
                        <i>0.985713 -0.111161 0.126542 0.0993772 0.990416 0.0959212 -0.135991 -0.0819754 0.987313 0.0944435 2.17588 0.0988501</i>
                        <i>0.989076 -0.116426 0.0904127 0.108592 0.990253 0.0872166 -0.0996858 -0.0764457 0.992078 0.101638 2.17549 0.113944</i>
                        <i>0.991514 -0.117085 0.0564966 0.112141 0.990142 0.0839211 -0.0657656 -0.0768733 0.99487 0.104079 2.17476 0.131704</i>
                        <i>0.993158 -0.11409 0.0249268 0.111575 0.990035 0.0859202 -0.034481 -0.0825511 0.99599 0.104321 2.16964 0.157596</i>
                        <i>0.993971 -0.109186 -0.0100258 0.109645 0.989872 0.0901779 7.80934e-005 -0.0907335 0.995875 0.10386 2.15677 0.18963</i>
                        <i>0.993468 -0.107776 -0.0375018 0.111251 0.987897 0.108089 0.0253985 -0.111556 0.993434 0.105881 2.13794 0.235167</i>
                        <i>0.993 -0.109966 -0.0431071 0.114999 0.983383 0.140473 0.0269435 -0.144447 0.989146 0.109982 2.11853 0.294246</i>
                        <i>0.992236 -0.12006 -0.0324675 0.12395 0.976084 0.178598 0.0102485 -0.181236 0.983386 0.121414 2.09201 0.36222</i>
                        <i>0.991444 -0.13022 -0.00901292 0.128803 0.964774 0.229393 -0.0211762 -0.228592 0.973292 0.130954 2.06506 0.447521</i>
                        <i>0.992358 -0.120236 0.0277211 0.106541 0.948275 0.299038 -0.0622424 -0.2938 0.953838 0.114656 2.06484 0.556166</i>
                        <i>0.993832 -0.0813597 0.0753624 0.0408494 0.900332 0.433283 -0.103103 -0.427532 0.898102 0.0551063 2.09072 0.742354</i>
                        <i>0.992833 -0.0212403 0.117603 -0.0501288 0.819299 0.571171 -0.108484 -0.572973 0.812363 -0.0333319 2.11598 0.942663</i>
                        <i>0.987843 0.034203 0.151645 -0.126984 0.740245 0.660237 -0.0896726 -0.671467 0.735589 -0.108532 2.13767 1.09532</i>
                        <i>0.981315 0.0623867 0.182015 -0.17488 0.683692 0.708507 -0.0802412 -0.727099 0.681827 -0.151076 2.1697 1.20431</i>
                        <i>0.972755 0.0849608 0.215708 -0.21621 0.668269 0.711807 -0.0836756 -0.739052 0.668431 -0.18529 2.22719 1.26219</i>
                        <i>0.961413 0.105872 0.25392 -0.257597 0.670475 0.695778 -0.096584 -0.734339 0.671876 -0.220007 2.28777 1.29933</i>
                        <i>0.949999 0.120886 0.287903 -0.289595 0.685909 0.66758 -0.116774 -0.717576 0.686621 -0.248232 2.35968 1.32312</i>
                        <i>0.942891 0.121127 0.310297 -0.300637 0.710577 0.636159 -0.143434 -0.693115 0.706412 -0.258998 2.43388 1.3427</i>
                        <i>0.943082 0.116149 0.311619 -0.291698 0.738922 0.607377 -0.159716 -0.663705 0.730744 -0.254933 2.50028 1.36372</i>
                        <i>0.948287 0.114427 0.296071 -0.27359 0.767584 0.579624 -0.160934 -0.630652 0.759196 -0.245884 2.55125 1.38469</i>
                        <i>0.954495 0.111196 0.276723 -0.253348 0.791861 0.555673 -0.157337 -0.600493 0.783998 -0.234703 2.58159 1.40875</i>
                        <i>0.961425 0.103598 0.254813 -0.22956 0.812543 0.535794 -0.151539 -0.573621 0.804981 -0.216487 2.59677 1.43081</i>
                        <i>0.968546 0.0922486 0.231102 -0.201957 0.833986 0.513499 -0.145366 -0.54402 0.826384 -0.186957 2.6048 1.4433</i>
                        <i>0.975043 0.080888 0.206757 -0.173782 0.857631 0.484012 -0.138171 -0.507864 0.850284 -0.149423 2.61119 1.44722</i>
                        <i>0.980449 0.0716012 0.183282 -0.149258 0.877582 0.455601 -0.128224 -0.47405 0.871112 -0.110742 2.61457 1.45559</i>
                        <i>0.984331 0.0703919 0.161673 -0.136002 0.88665 0.44199 -0.112235 -0.457052 0.88233 -0.0814922 2.61192 1.48624</i>
                        <i>0.986957 0.076313 0.141745 -0.133364 0.880747 0.454422 -0.0901627 -0.467399 0.879437 -0.0643074 2.58735 1.55484</i>
                        <i>0.989132 0.080737 0.122877 -0.130786 0.864988 0.484449 -0.0671742 -0.495255 0.866147 -0.0522907 2.55206 1.65236</i>
                        <i>0.991593 0.0752349 0.105275 -0.119197 0.8477 0.516911 -0.0503522 -0.525114 0.849541 -0.0395059 2.54518 1.75914</i>
                        <i>0.994243 0.0596291 0.0890232 -0.0985135 0.835482 0.540615 -0.0421408 -0.546273 0.836546 -0.0278533 2.57346 1.8649</i>
                        <i>0.996443 0.0401998 0.0740639 -0.0740392 0.837359 0.541615 -0.0402452 -0.545172 0.837357 -0.0212634 2.62225 1.95834</i>
                        <i>0.998019 0.0179727 0.0602888 -0.046856 0.851833 0.521713 -0.0419793 -0.523505 0.850988 -0.0185421 2.68734 2.0398</i>
                        <i>0.998846 -0.00641761 0.0475876 -0.0179173 0.869642 0.493357 -0.0445504 -0.493641 0.868524 -0.0182849 2.75879 2.11642</i>
                        <i>0.998819 -0.0325791 0.0360568 0.0118374 0.882748 0.469697 -0.0471313 -0.468715 0.882091 -0.0191379 2.82777 2.19598</i>
                        <i>0.995166 -0.0656724 0.0730213 0.0278433 0.901691 0.431483 -0.0941792 -0.427364 0.899161 -0.0218216 2.90127 2.26868</i>
