<?xml version="1.0" encoding="ISO-8859-1" ?>
<Animl Version="1">
    <ModellingPackage><![CDATA[Maya.2010]]></ModellingPackage>
    <SrcFile><![CDATA[anims\characters\shared\base_soldier\~src\infantry\supertank_paratrooper_deploy.mb]]></SrcFile>
    <FramesPerSecond>30</FramesPerSecond>
    <TotalFrames>115</TotalFrames>
    <Skeleton>
        <RefFrame>
            <Name><![CDATA[soldier_ref_frame]]></Name>
            <Exclude>0</Exclude>
            <Additive>0</Additive>
            <IKPriority>0</IKPriority>
            <IKRotLimits>-1e+010 -1e+010 -1e+010 1e+010 1e+010 1e+010</IKRotLimits>
            <IKRotLimitOrder>0</IKRotLimitOrder>
            <KeyFrames count="115">
                <i>1 0 0 0 1 0 0 0 1 0 -1.2468 0</i>
                <i>1 0 0 0 1 0 0 0 1 0 -0.971568 4.81211</i>
                <i>1 0 0 0 1 0 0 0 1 0 -0.701473 9.5465</i>
                <i>1 0 0 0 1 0 0 0 1 0 -0.436463 14.2038</i>
                <i>1 0 0 0 1 0 0 0 1 0 -0.176491 18.7846</i>
                <i>1 0 0 0 1 0 0 0 1 0 0.0784895 23.2896</i>
                <i>1 0 0 0 1 0 0 0 1 0 0.328526 27.7194</i>
                <i>1 0 0 0 1 0 0 0 1 0 0.573666 32.0747</i>
                <i>1 0 0 0 1 0 0 0 1 0 0.813956 36.356</i>
                <i>1 0 0 0 1 0 0 0 1 0 1.04944 40.564</i>
                <i>1 0 0 0 1 0 0 0 1 0 1.28017 44.6993</i>
                <i>1 0 0 0 1 0 0 0 1 0 1.5062 48.7627</i>
                <i>1 0 0 0 1 0 0 0 1 0 1.72756 52.7546</i>
                <i>1 0 0 0 1 0 0 0 1 0 1.9443 56.6757</i>
                <i>1 0 0 0 1 0 0 0 1 0 2.15648 60.5267</i>
                <i>1 0 0 0 1 0 0 0 1 0 2.36414 64.3082</i>
                <i>1 0 0 0 1 0 0 0 1 0 2.56732 68.0208</i>
                <i>1 0 0 0 1 0 0 0 1 0 2.76607 71.6651</i>
                <i>1 0 0 0 1 0 0 0 1 0 2.96045 75.2419</i>
                <i>1 0 0 0 1 0 0 0 1 0 3.15049 78.7517</i>
                <i>1 0 0 0 1 0 0 0 1 0 3.33625 82.1951</i>
                <i>1 0 0 0 1 0 0 0 1 0 3.51777 85.5728</i>
                <i>1 0 0 0 1 0 0 0 1 0 3.69509 88.8855</i>
                <i>1 0 0 0 1 0 0 0 1 0 3.86827 92.1336</i>
                <i>1 0 0 0 1 0 0 0 1 0 4.03736 95.318</i>
                <i>1 0 0 0 1 0 0 0 1 0 4.20239 98.4392</i>
                <i>1 0 0 0 1 0 0 0 1 0 4.36342 101.498</i>
                <i>1 0 0 0 1 0 0 0 1 0 4.52049 104.495</i>
                <i>1 0 0 0 1 0 0 0 1 0 4.67366 107.43</i>
                <i>1 0 0 0 1 0 0 0 1 0 4.82296 110.305</i>
                <i>1 0 0 0 1 0 0 0 1 0 4.96844 113.119</i>
                <i>1 0 0 0 1 0 0 0 1 0 5.11015 115.875</i>
                <i>1 0 0 0 1 0 0 0 1 0 5.24815 118.571</i>
                <i>1 0 0 0 1 0 0 0 1 0 5.38247 121.21</i>
                <i>1 0 0 0 1 0 0 0 1 0 5.51316 123.791</i>
                <i>1 0 0 0 1 0 0 0 1 0 5.64027 126.315</i>
                <i>1 0 0 0 1 0 0 0 1 0 5.76384 128.783</i>
                <i>1 0 0 0 1 0 0 0 1 0 5.88393 131.195</i>
                <i>1 0 0 0 1 0 0 0 1 0 6.00059 133.552</i>
                <i>1 0 0 0 1 0 0 0 1 0 6.11384 135.855</i>
                <i>1 0 0 0 1 0 0 0 1 0 6.22376 138.104</i>
                <i>1 0 0 0 1 0 0 0 1 0 6.33037 140.301</i>
                <i>1 0 0 0 1 0 0 0 1 0 6.43373 142.444</i>
                <i>1 0 0 0 1 0 0 0 1 0 6.53389 144.536</i>
                <i>1 0 0 0 1 0 0 0 1 0 6.63089 146.577</i>
                <i>1 0 0 0 1 0 0 0 1 0 6.72478 148.567</i>
                <i>1 0 0 0 1 0 0 0 1 0 6.8156 150.508</i>
                <i>1 0 0 0 1 0 0 0 1 0 6.90341 152.399</i>
                <i>1 0 0 0 1 0 0 0 1 0 6.98825 154.241</i>
                <i>1 0 0 0 1 0 0 0 1 0 7.07017 156.035</i>
                <i>1 0 0 0 1 0 0 0 1 0 7.14921 157.782</i>
                <i>1 0 0 0 1 0 0 0 1 0 7.22542 159.483</i>
                <i>1 0 0 0 1 0 0 0 1 0 7.29885 161.137</i>
                <i>1 0 0 0 1 0 0 0 1 0 7.36955 162.745</i>
                <i>1 0 0 0 1 0 0 0 1 0 7.43756 164.309</i>
                <i>1 0 0 0 1 0 0 0 1 0 7.50293 165.829</i>
                <i>1 0 0 0 1 0 0 0 1 0 7.5657 167.305</i>
                <i>1 0 0 0 1 0 0 0 1 0 7.62593 168.738</i>
                <i>1 0 0 0 1 0 0 0 1 0 7.68366 170.128</i>
                <i>1 0 0 0 1 0 0 0 1 0 7.73894 171.477</i>
                <i>1 0 0 0 1 0 0 0 1 0 7.79181 172.785</i>
                <i>1 0 0 0 1 0 0 0 1 0 7.84232 174.053</i>
                <i>1 0 0 0 1 0 0 0 1 0 7.89052 175.28</i>
                <i>1 0 0 0 1 0 0 0 1 0 7.93646 176.469</i>
                <i>1 0 0 0 1 0 0 0 1 0 7.98018 177.619</i>
                <i>1 0 0 0 1 0 0 0 1 0 8.02173 178.731</i>
                <i>1 0 0 0 1 0 0 0 1 0 8.06116 179.806</i>
                <i>1 0 0 0 1 0 0 0 1 0 8.0985 180.844</i>
                <i>1 0 0 0 1 0 0 0 1 0 8.13383 181.846</i>
                <i>1 0 0 0 1 0 0 0 1 0 8.16716 182.813</i>
                <i>1 0 0 0 1 0 0 0 1 0 8.19857 183.745</i>
                <i>1 0 0 0 1 0 0 0 1 0 8.22808 184.643</i>
                <i>1 0 0 0 1 0 0 0 1 0 8.25575 185.508</i>
                <i>1 0 0 0 1 0 0 0 1 0 8.28163 186.339</i>
                <i>1 0 0 0 1 0 0 0 1 0 8.30576 187.139</i>
                <i>1 0 0 0 1 0 0 0 1 0 8.32819 187.907</i>
                <i>1 0 0 0 1 0 0 0 1 0 8.34897 188.644</i>
                <i>1 0 0 0 1 0 0 0 1 0 8.36814 189.35</i>
                <i>1 0 0 0 1 0 0 0 1 0 8.38576 190.027</i>
                <i>1 0 0 0 1 0 0 0 1 0 8.40186 190.675</i>
                <i>1 0 0 0 1 0 0 0 1 0 8.41649 191.295</i>
                <i>1 0 0 0 1 0 0 0 1 0 8.42971 191.886</i>
                <i>1 0 0 0 1 0 0 0 1 0 8.44155 192.451</i>
                <i>1 0 0 0 1 0 0 0 1 0 8.45208 192.989</i>
                <i>1 0 0 0 1 0 0 0 1 0 8.46132 193.501</i>
                <i>1 0 0 0 1 0 0 0 1 0 8.46933 193.988</i>
                <i>1 0 0 0 1 0 0 0 1 0 8.47616 194.45</i>
                <i>1 0 0 0 1 0 0 0 1 0 8.48186 194.888</i>
                <i>1 0 0 0 1 0 0 0 1 0 8.48646 195.303</i>
                <i>1 0 0 0 1 0 0 0 1 0 8.49003 195.695</i>
                <i>1 0 0 0 1 0 0 0 1 0 8.4926 196.065</i>
                <i>1 0 0 0 1 0 0 0 1 0 8.49422 196.414</i>
                <i>1 0 0 0 1 0 0 0 1 0 8.49494 196.742</i>
                <i>1 0 0 0 1 0 0 0 1 0 8.4948 197.049</i>
                <i>1 0 0 0 1 0 0 0 1 0 8.49386 197.337</i>
                <i>1 0 0 0 1 0 0 0 1 0 8.49216 197.606</i>
                <i>1 0 0 0 1 0 0 0 1 0 8.48974 197.857</i>
                <i>1 0 0 0 1 0 0 0 1 0 8.48666 198.09</i>
                <i>1 0 0 0 1 0 0 0 1 0 8.48296 198.306</i>
                <i>1 0 0 0 1 0 0 0 1 0 8.47869 198.506</i>
                <i>1 0 0 0 1 0 0 0 1 0 8.47389 198.69</i>
                <i>1 0 0 0 1 0 0 0 1 0 8.46862 198.858</i>
                <i>1 0 0 0 1 0 0 0 1 0 8.46291 199.013</i>
                <i>1 0 0 0 1 0 0 0 1 0 8.45682 199.153</i>
                <i>1 0 0 0 1 0 0 0 1 0 8.45039 199.28</i>
                <i>1 0 0 0 1 0 0 0 1 0 8.44368 199.395</i>
                <i>1 0 0 0 1 0 0 0 1 0 8.43671 199.497</i>
                <i>1 0 0 0 1 0 0 0 1 0 8.42956 199.588</i>
                <i>1 0 0 0 1 0 0 0 1 0 8.42225 199.669</i>
                <i>1 0 0 0 1 0 0 0 1 0 8.41485 199.739</i>
                <i>1 0 0 0 1 0 0 0 1 0 8.40738 199.8</i>
                <i>1 0 0 0 1 0 0 0 1 0 8.39991 199.852</i>
                <i>1 0 0 0 1 0 0 0 1 0 8.39248 199.896</i>
                <i>1 0 0 0 1 0 0 0 1 0 8.38514 199.932</i>
                <i>1 0 0 0 1 0 0 0 1 0 8.37793 199.962</i>
            </KeyFrames>
        </RefFrame>
        <Bones count="23">
            <i>
                <p>
                    <Name><![CDATA[pelvis]]></Name>
                    <Exclude>0</Exclude>
                    <Additive>0</Additive>
                    <IKPriority>0</IKPriority>
                    <IKRotLimits>-1e+010 -1e+010 -1e+010 1e+010 1e+010 1e+010</IKRotLimits>
                    <IKRotLimitOrder>2</IKRotLimitOrder>
                    <KeyFrames count="115">
                        <i>1 0 0 0 1 0 0 0 1 0 -0.0461276 1.672e-009</i>
                        <i>1 0 0 0 1 0 0 0 1 4.34387e-021 0.229099 4.81212</i>
                        <i>1 0 0 0 1 0 0 0 1 1.67785e-020 0.499194 9.54654</i>
                        <i>1 0 0 0 1 0 0 0 1 3.64106e-020 0.764204 14.2039</i>
                        <i>1 0 0 0 1 0 0 0 1 6.23491e-020 1.02417 18.7848</i>
                        <i>1 0 0 0 1 0 0 0 1 9.37035e-020 1.27915 23.2899</i>
                        <i>1 0 0 0 1 0 0 0 1 1.29583e-019 1.52919 27.7198</i>
                        <i>1 0 0 0 1 0 0 0 1 1.69096e-019 1.77432 32.0751</i>
                        <i>1 0 0 0 1 0 0 0 1 2.11348e-019 2.0146 36.3566</i>
                        <i>1 0 0 0 1 0 0 0 1 2.55443e-019 2.25008 40.5647</i>
                        <i>1 0 0 0 1 0 0 0 1 3.00481e-019 2.4808 44.7001</i>
                        <i>1 0 0 0 1 0 0 0 1 3.4556e-019 2.7068 48.7636</i>
                        <i>1 0 0 0 1 0 0 0 1 3.89773e-019 2.92815 52.7556</i>
                        <i>1 0 0 0 1 0 0 0 1 4.32213e-019 3.14487 56.6768</i>
                        <i>1 0 0 0 1 0 0 0 1 4.71966e-019 3.35703 60.5279</i>
                        <i>1 0 0 0 1 0 0 0 1 5.08119e-019 3.56467 64.3095</i>
                        <i>1 0 0 0 1 0 0 0 1 5.39756e-019 3.76784 68.0222</i>
                        <i>1 0 0 0 1 0 0 0 1 5.65957e-019 3.96658 71.6666</i>
                        <i>1 0 0 0 1 0 0 0 1 5.85807e-019 4.16094 75.2434</i>
                        <i>1 0 0 0 1 0 0 0 1 5.98388e-019 4.35098 78.7532</i>
                        <i>1 0 0 0 1 0 0 0 1 6.02784e-019 4.53673 82.1967</i>
                        <i>1 0 0 0 1 0 0 0 1 5.98084e-019 4.71825 85.5744</i>
                        <i>1 0 0 0 1 0 0 0 1 5.83382e-019 4.89559 88.887</i>
                        <i>1 0 0 0 1 0 0 0 1 5.57777e-019 5.06879 92.1351</i>
                        <i>1 0 0 0 1 0 0 0 1 5.20378e-019 5.23789 95.3194</i>
                        <i>1 0 0 0 1 0 0 0 1 4.70303e-019 5.40295 98.4404</i>
                        <i>1 0 0 0 1 0 0 0 1 4.06684e-019 5.564 101.499</i>
                        <i>1 0 0 0 1 0 0 0 1 3.28669e-019 5.72111 104.495</i>
                        <i>1 0 0 0 1 0 0 0 1 2.35422e-019 5.87429 107.431</i>
                        <i>1 0 0 0 1 0 0 0 1 1.26129e-019 6.02361 110.305</i>
                        <i>1 0 0 0 1 0 0 0 1 0 6.16911 113.119</i>
                        <i>1 0 0 0 1 0 0 0 1 -1.4343e-019 6.31081 115.874</i>
                        <i>1 0 0 0 1 0 0 0 1 -3.03406e-019 6.44876 118.571</i>
                        <i>1 0 0 0 1 0 0 0 1 -4.78867e-019 6.583 121.209</i>
                        <i>1 0 0 0 1 0 0 0 1 -6.68745e-019 6.71357 123.789</i>
                        <i>1 0 0 0 1 0 0 0 1 -8.71972e-019 6.84049 126.313</i>
                        <i>1 0 0 0 1 0 0 0 1 -1.08748e-018 6.9638 128.78</i>
                        <i>1 0 0 0 1 0 0 0 1 -1.31419e-018 7.08356 131.192</i>
                        <i>1 0 0 0 1 0 0 0 1 -1.55105e-018 7.19979 133.548</i>
                        <i>1 0 0 0 1 0 0 0 1 -1.79701e-018 7.31254 135.851</i>
                        <i>1 0 0 0 1 0 0 0 1 -2.05101e-018 7.42185 138.1</i>
                        <i>1 0 0 0 1 0 0 0 1 -2.31202e-018 7.52778 140.295</i>
                        <i>1 0 0 0 1 0 0 0 1 -2.57902e-018 7.63037 142.439</i>
                        <i>1 0 0 0 1 0 0 0 1 -2.85101e-018 7.72967 144.53</i>
                        <i>1 0 0 0 1 0 0 0 1 -3.127e-018 7.82575 146.571</i>
                        <i>1 0 0 0 1 0 0 0 1 -3.40602e-018 7.91865 148.561</i>
                        <i>1 0 0 0 1 0 0 0 1 -3.68711e-018 8.00844 150.501</i>
                        <i>1 0 0 0 1 0 0 0 1 -3.96936e-018 8.09517 152.392</i>
                        <i>1 0 0 0 1 0 0 0 1 -4.25186e-018 8.17891 154.235</i>
                        <i>1 0 0 0 1 0 0 0 1 -4.53372e-018 8.25972 156.029</i>
                        <i>1 0 0 0 1 0 0 0 1 -4.81411e-018 8.33766 157.777</i>
                        <i>1 0 0 0 1 0 0 0 1 -5.09217e-018 8.41278 159.477</i>
                        <i>1 0 0 0 1 0 0 0 1 -5.36712e-018 8.48515 161.132</i>
                        <i>1 0 0 0 1 0 0 0 1 -5.63818e-018 8.55482 162.741</i>
                        <i>1 0 0 0 1 0 0 0 1 -5.90461e-018 8.62184 164.306</i>
                        <i>1 0 0 0 1 0 0 0 1 -6.16567e-018 8.68627 165.826</i>
                        <i>1 0 0 0 1 0 0 0 1 -6.42067e-018 8.74815 167.302</i>
                        <i>1 0 0 0 1 0 0 0 1 -6.66895e-018 8.80753 168.736</i>
                        <i>1 0 0 0 1 0 0 0 1 -6.90987e-018 8.86445 170.127</i>
                        <i>1 0 0 0 1 0 0 0 1 -7.14281e-018 8.91896 171.477</i>
                        <i>1 0 0 0 1 0 0 0 1 -7.36717e-018 8.97111 172.785</i>
                        <i>1 0 0 0 1 0 0 0 1 -7.36717e-018 9.02162 174.053</i>
                        <i>1 0 0 0 1 0 0 0 1 -7.36717e-018 9.06983 175.281</i>
                        <i>1 0 0 0 1 0 0 0 1 -7.36717e-018 9.11579 176.47</i>
                        <i>1 0 0 0 1 0 0 0 1 -7.36717e-018 9.15952 177.62</i>
                        <i>1 0 0 0 1 0 0 0 1 -7.36717e-018 9.20109 178.733</i>
                        <i>1 0 0 0 1 0 0 0 1 -7.36717e-018 9.24054 179.808</i>
                        <i>1 0 0 0 1 0 0 0 1 -7.36717e-018 9.27791 180.846</i>
                        <i>1 0 0 0 1 0 0 0 1 -7.36717e-018 9.31325 181.849</i>
                        <i>1 0 0 0 1 0 0 0 1 -7.36717e-018 9.34661 182.816</i>
                        <i>1 0 0 0 1 0 0 0 1 -7.36717e-018 9.37803 183.748</i>
                        <i>1 0 0 0 1 0 0 0 1 -7.36717e-018 9.40756 184.646</i>
                        <i>1 0 0 0 1 0 0 0 1 -7.36717e-018 9.43525 185.511</i>
                        <i>1 0 0 0 1 0 0 0 1 -7.36717e-018 9.46114 186.342</i>
                        <i>1 0 0 0 1 0 0 0 1 -7.36717e-018 9.48528 187.142</i>
                        <i>1 0 0 0 1 0 0 0 1 -7.36717e-018 9.50772 187.91</i>
                        <i>1 0 0 0 1 0 0 0 1 -7.36717e-018 9.52851 188.647</i>
                        <i>1 0 0 0 1 0 0 0 1 -7.36717e-018 9.54768 189.353</i>
                        <i>1 0 0 0 1 0 0 0 1 -7.36717e-018 9.56529 190.03</i>
                        <i>1 0 0 0 1 0 0 0 1 -7.36717e-018 9.58139 190.678</i>
                        <i>1 0 0 0 1 0 0 0 1 -7.36717e-018 9.59602 191.298</i>
                        <i>1 0 0 0 1 0 0 0 1 -7.36717e-018 9.60924 191.889</i>
                        <i>1 0 0 0 1 0 0 0 1 -7.36717e-018 9.62108 192.454</i>
                        <i>1 0 0 0 1 0 0 0 1 -7.36717e-018 9.63159 192.992</i>
                        <i>1 0 0 0 1 0 0 0 1 -7.36717e-018 9.64082 193.504</i>
                        <i>1 0 0 0 1 0 0 0 1 -7.36717e-018 9.64883 193.991</i>
                        <i>1 0 0 0 1 0 0 0 1 -7.36717e-018 9.65565 194.453</i>
                        <i>1 0 0 0 1 0 0 0 1 -7.36717e-018 9.66133 194.891</i>
                        <i>1 0 0 0 1 0 0 0 1 -7.36717e-018 9.66592 195.306</i>
                        <i>1 0 0 0 1 0 0 0 1 -7.36717e-018 9.66947 195.698</i>
                        <i>1 0 0 0 1 0 0 0 1 -7.36717e-018 9.67203 196.068</i>
                        <i>1 0 0 0 1 0 0 0 1 -7.36717e-018 9.67363 196.416</i>
                        <i>1 0 0 0 1 0 0 0 1 -7.36717e-018 9.67434 196.744</i>
                        <i>1 0 0 0 1 0 0 0 1 -7.36717e-018 9.67419 197.051</i>
                        <i>1 0 0 0 1 0 0 0 1 -7.36717e-018 9.67324 197.339</i>
                        <i>1 0 0 0 1 0 0 0 1 -7.36717e-018 9.67153 197.608</i>
                        <i>1 0 0 0 1 0 0 0 1 -7.36717e-018 9.6691 197.859</i>
                        <i>1 0 0 0 1 0 0 0 1 -7.36717e-018 9.66601 198.092</i>
                        <i>1 0 0 0 1 0 0 0 1 -7.36717e-018 9.6623 198.308</i>
                        <i>1 0 0 0 1 0 0 0 1 -7.36717e-018 9.65802 198.507</i>
                        <i>1 0 0 0 1 0 0 0 1 -7.36717e-018 9.65322 198.691</i>
                        <i>1 0 0 0 1 0 0 0 1 -7.36717e-018 9.64793 198.859</i>
                        <i>1 0 0 0 1 0 0 0 1 -7.36717e-018 9.64222 199.014</i>
                        <i>1 0 0 0 1 0 0 0 1 -7.36717e-018 9.63613 199.154</i>
                        <i>1 0 0 0 1 0 0 0 1 -7.36717e-018 9.6297 199.281</i>
                        <i>1 0 0 0 1 0 0 0 1 -7.36717e-018 9.62298 199.395</i>
                        <i>1 0 0 0 1 0 0 0 1 -7.36717e-018 9.61602 199.497</i>
                        <i>1 0 0 0 1 0 0 0 1 -7.36717e-018 9.60886 199.589</i>
                        <i>1 0 0 0 1 0 0 0 1 -7.36717e-018 9.60155 199.669</i>
                        <i>1 0 0 0 1 0 0 0 1 -7.36717e-018 9.59415 199.739</i>
                        <i>1 0 0 0 1 0 0 0 1 -7.36717e-018 9.58668 199.8</i>
                        <i>1 0 0 0 1 0 0 0 1 -7.36717e-018 9.57921 199.852</i>
                        <i>1 0 0 0 1 0 0 0 1 -7.36717e-018 9.57178 199.896</i>
                        <i>1 0 0 0 1 0 0 0 1 -7.36717e-018 9.56444 199.932</i>
                        <i>1 0 0 0 1 0 0 0 1 -7.36717e-018 9.55723 199.962</i>
                    </KeyFrames>
                </p>
            </i>
            <i>
                <p>
                    <Name><![CDATA[spine0]]></Name>
                    <Exclude>0</Exclude>
                    <Additive>0</Additive>
                    <IKPriority>0</IKPriority>
                    <IKRotLimits>-1e+010 -1e+010 -1e+010 1e+010 1e+010 1e+010</IKRotLimits>
                    <IKRotLimitOrder>0</IKRotLimitOrder>
                    <KeyFrames count="115">
                        <i>0 0.0831616 0.996536 -1 2.22045e-016 5.55112e-017 -1.66533e-016 -0.996536 0.0831616 0 0.00177039 0.135654</i>
                        <i>-7.24187e-006 0.082363 0.996602 -1 4.87209e-009 -7.26696e-006 -6.03384e-007 -0.996602 0.082363 -4.14647e-006 0.276875 4.94782</i>
                        <i>-2.79678e-005 0.080077 0.996789 -1 7.11508e-008 -2.80636e-005 -2.31817e-006 -0.996789 0.080077 -1.60149e-005 0.546619 9.68236</i>
                        <i>-6.06772e-005 0.0764682 0.997072 -1 3.34793e-007 -6.08811e-005 -4.98928e-006 -0.997072 0.0764682 -3.47498e-005 0.811075 14.3399</i>
                        <i>-0.000103869 0.0717011 0.997426 -1 9.80956e-007 -0.000104207 -8.45021e-006 -0.997426 0.0717011 -5.94967e-005 1.07031 18.9211</i>
                        <i>-0.00015604 0.0659401 0.997824 -1 2.21368e-006 -0.000156527 -1.25303e-005 -0.997824 0.0659401 -8.94013e-005 1.3244 23.4264</i>
                        <i>-0.00021569 0.0593499 0.998237 -1 4.22915e-006 -0.000216322 -1.70604e-005 -0.998237 0.0593498 -0.000123609 1.57342 27.8567</i>
                        <i>-0.000281314 0.0520954 0.998642 -1 7.19327e-006 -0.000282072 -2.18782e-005 -0.998642 0.0520954 -0.000161266 1.81743 32.2124</i>
                        <i>-0.000351413 0.0443421 0.999016 -1 1.12232e-005 -0.000352257 -2.6832e-005 -0.999016 0.0443421 -0.000201515 2.05651 36.4942</i>
                        <i>-0.000424483 0.0362555 0.999342 -1 1.63734e-005 -0.000425356 -3.17841e-005 -0.999343 0.0362555 -0.000243499 2.29074 40.7027</i>
                        <i>-0.000499026 0.0280017 0.999608 -1 2.26253e-005 -0.000499855 -3.66132e-005 -0.999608 0.0280017 -0.000286362 2.52017 44.8385</i>
                        <i>-0.000573543 0.0197468 0.999805 -1 2.98818e-005 -0.000574245 -4.12155e-005 -0.999805 0.0197468 -0.000329242 2.74489 48.9023</i>
                        <i>-0.000646539 0.0116571 0.999932 -1 3.79654e-005 -0.000647026 -4.55053e-005 -0.999932 0.0116571 -0.000371278 2.96496 52.8946</i>
                        <i>-0.000716519 0.00389874 0.999992 -1 4.66206e-005 -0.000716707 -4.94145e-005 -0.999992 0.00389871 -0.00041161 3.18048 56.8162</i>
                        <i>-0.000781993 -0.00336213 0.999994 -1 5.55205e-005 -0.000781811 -5.28917e-005 -0.999994 -0.00336217 -0.000449371 3.39149 60.6676</i>
                        <i>-0.00084147 -0.00995964 0.99995 -1 6.4277e-005 -0.000840872 -5.5899e-005 -0.99995 -0.00995969 -0.000483699 3.59809 64.4494</i>
                        <i>-0.000893465 -0.0157282 0.999876 -1 7.24552e-005 -0.000892435 -5.84099e-005 -0.999876 -0.0157282 -0.000513727 3.80035 68.1623</i>
                        <i>-0.000936491 -0.0205023 0.999789 -1 7.95918e-005 -0.000935055 -6.04042e-005 -0.99979 -0.0205024 -0.00053859 3.99833 71.8069</i>
                        <i>-0.000969063 -0.0241169 0.999709 -1 8.52166e-005 -0.000967289 -6.18637e-005 -0.999709 -0.024117 -0.00055742 4.19213 75.3839</i>
                        <i>-0.000989697 -0.0264068 0.999651 -1 8.88787e-005 -0.000987695 -6.27658e-005 -0.999651 -0.0264069 -0.000569352 4.3818 78.8938</i>
                        <i>-0.000996906 -0.0272069 0.999629 -1 9.01763e-005 -0.000994821 -6.30769e-005 -0.99963 -0.0272069 -0.000573522 4.56743 82.3372</i>
                        <i>-0.0009892 -0.0263517 0.999652 -1 8.87896e-005 -0.000987203 -6.27443e-005 -0.999653 -0.0263517 -0.000569065 4.74908 85.7149</i>
                        <i>-0.000965085 -0.0236755 0.999719 -1 8.45194e-005 -0.000963354 -6.16878e-005 -0.99972 -0.0236755 -0.00055512 4.92684 89.0274</i>
                        <i>-0.000923062 -0.0190122 0.999819 -1 7.73285e-005 -0.000921758 -5.97899e-005 -0.999819 -0.0190123 -0.000530828 5.10078 92.2754</i>
                        <i>-0.000861623 -0.0121954 0.999925 -1 6.73889e-005 -0.000860865 -5.68853e-005 -0.999926 -0.0121954 -0.000495336 5.27096 95.4594</i>
                        <i>-0.000779255 -0.00305844 0.999995 -1 5.51328e-005 -0.00077909 -5.27497e-005 -0.999995 -0.00305848 -0.000447792 5.43745 98.5801</i>
                        <i>-0.000674435 0.00856476 0.999963 -1 4.13093e-005 -0.000674813 -4.70874e-005 -0.999963 0.00856473 -0.000387352 5.60034 101.638</i>
                        <i>-0.000545633 0.0228391 0.999739 -1 2.70461e-005 -0.000546394 -3.95182e-005 -0.999739 0.022839 -0.000313177 5.75967 104.634</i>
                        <i>-0.000391317 0.0399265 0.999203 -1 1.39157e-005 -0.000392185 -2.95632e-005 -0.999203 0.0399264 -0.000224439 5.91552 107.568</i>
                        <i>-0.00020995 0.0599842 0.998199 -1 4.0071e-006 -0.000210569 -1.66307e-005 -0.998199 0.0599842 -0.000120317 6.06795 110.442</i>
                        <i>-2.22045e-016 0.0831616 0.996536 -1 0 -1.11022e-016 -1.11022e-016 -0.996536 0.0831616 0 6.217 113.255</i>
                        <i>0.000239603 0.110299 0.993898 -1 5.48222e-006 0.000240466 2.10744e-005 -0.993898 0.110299 0.000137023 6.36288 116.008</i>
                        <i>0.000508115 0.141917 0.989878 -1 2.56104e-005 0.000509639 4.69754e-005 -0.989878 0.141917 0.00029011 6.50569 118.703</i>
                        <i>0.000804367 0.177651 0.984093 -1 6.61113e-005 0.000805434 7.80261e-005 -0.984094 0.177651 0.00045833 6.64538 121.338</i>
                        <i>0.00112722 0.217095 0.97615 -0.999999 0.000132838 0.00112522 0.00011461 -0.97615 0.217095 0.000640748 6.78188 123.916</i>
                        <i>0.00147558 0.259804 0.96566 -0.999999 0.000231585 0.00146574 0.000157173 -0.965661 0.259805 0.000836426 6.91513 126.436</i>
                        <i>0.00184829 0.305289 0.952258 -0.999998 0.000367884 0.00182301 0.000206225 -0.95226 0.30529 0.00104443 7.04505 128.899</i>
                        <i>0.00224414 0.353023 0.935612 -0.999997 0.000546784 0.00219227 0.000262344 -0.935614 0.353024 0.00126381 7.17157 131.305</i>
                        <i>0.00266174 0.40245 0.915438 -0.999996 0.000772611 0.00256794 0.000326191 -0.915441 0.402451 0.00149364 7.2946 133.657</i>
                        <i>0.0030994 0.452995 0.891508 -0.999995 0.0010487 0.0029437 0.00039855 -0.891513 0.452996 0.00173298 7.41406 135.953</i>
                        <i>0.00355506 0.504071 0.863655 -0.999994 0.00137713 0.00331251 0.00048037 -0.863661 0.504072 0.0019809 7.5299 138.195</i>
                        <i>0.00402616 0.555094 0.831778 -0.999992 0.00175844 0.00366688 0.000572829 -0.831786 0.555097 0.00223648 7.64203 140.383</i>
                        <i>0.0045096 0.60549 0.79584 -0.99999 0.00219143 0.00399912 0.000677399 -0.79585 0.605494 0.00249878 7.75041 142.518</i>
                        <i>0.00500164 0.654699 0.755874 -0.999987 0.002673 0.00430174 0.000795888 -0.755885 0.654704 0.00276691 7.855 144.601</i>
                        <i>0.00549804 0.702179 0.71198 -0.999984 0.00319817 0.00456792 0.000930463 -0.711994 0.702185 0.00303993 7.95578 146.632</i>
                        <i>0.00599409 0.747414 0.664331 -0.999981 0.00376024 0.00479208 0.00108362 -0.664348 0.747423 0.00331697 8.05273 148.613</i>
                        <i>0.00648674 0.789812 0.613315 -0.999978 0.00435248 0.00497127 0.00125693 -0.613334 0.789823 0.00359711 8.14587 150.543</i>
                        <i>0.00697476 0.828768 0.559548 -0.999975 0.00496886 0.00510511 0.00145064 -0.55957 0.828782 0.00387949 8.23525 152.425</i>
                        <i>0.00745654 0.863864 0.50367 -0.999971 0.00560284 0.00519433 0.00166521 -0.503694 0.86388 0.00416324 8.32091 154.257</i>
                        <i>0.00793101 0.894799 0.446399 -0.999967 0.00624834 0.00524136 0.00190071 -0.446426 0.894819 0.00444749 8.40293 156.042</i>
                        <i>0.00839761 0.921408 0.388505 -0.999962 0.0068999 0.00525006 0.0021568 -0.388535 0.921432 0.0047314 8.4814 157.78</i>
                        <i>0.00885623 0.943662 0.330791 -0.999958 0.00755279 0.00522557 0.00243278 -0.330823 0.94369 0.00501413 8.55644 159.472</i>
                        <i>0.00930709 0.961666 0.274067 -0.999953 0.00820307 0.00517408 0.00272755 -0.274102 0.961697 0.00529487 8.62817 161.117</i>
                        <i>0.00975065 0.975647 0.219129 -0.999948 0.00884746 0.00510268 0.00303968 -0.219168 0.975682 0.00557281 8.69673 162.718</i>
                        <i>0.0101874 0.985947 0.166746 -0.999942 0.00948315 0.00501923 0.00336743 -0.166787 0.985987 0.00584716 8.76227 164.275</i>
                        <i>0.0106178 0.993 0.11764 -0.999937 0.0101076 0.00493232 0.00370873 -0.117685 0.993044 0.00611713 8.82494 165.788</i>
                        <i>0.0110419 0.997308 0.0724843 -0.999931 0.0107184 0.00485127 0.0040613 -0.0725329 0.997358 0.00638198 8.88489 167.258</i>
                        <i>0.0114597 0.999425 0.0318967 -0.999925 0.0113127 0.00478614 0.00442255 -0.0319491 0.99948 0.00664094 8.94228 168.686</i>
                        <i>0.0118703 0.999923 -0.00355809 -0.999918 0.0118872 0.00474779 0.00478972 0.00350144 0.999982 0.00689329 8.99725 170.072</i>
                        <i>0.0122726 0.999368 -0.0333614 -0.999911 0.0124378 0.00474787 0.00515981 0.0333001 0.999432 0.0071383 9.04996 171.418</i>
                        <i>0.0126647 0.998292 -0.0570315 -0.999905 0.0129593 0.00479876 0.00552965 0.0569653 0.998361 0.00737527 9.10055 172.723</i>
                        <i>0.0126647 0.997103 -0.0750043 -0.999905 0.0130436 0.00456455 0.00552965 0.0749393 0.997173 0.00737527 9.14992 173.988</i>
                        <i>0.0126647 0.995714 -0.0916119 -0.999905 0.0131179 0.00434652 0.00552965 0.0915481 0.995785 0.00737527 9.19704 175.214</i>
                        <i>0.0126647 0.99419 -0.106894 -0.999905 0.0131831 0.00414454 0.00552965 0.106831 0.994262 0.00737527 9.24195 176.401</i>
                        <i>0.0126647 0.992585 -0.12089 -0.999905 0.0132402 0.0039584 0.00552965 0.120828 0.992658 0.00737527 9.2847 177.55</i>
                        <i>0.0126647 0.990949 -0.133642 -0.999905 0.01329 0.00378784 0.00552965 0.133581 0.991022 0.00737527 9.32535 178.661</i>
                        <i>0.0126647 0.989322 -0.145192 -0.999905 0.0133332 0.00363256 0.00552965 0.145132 0.989397 0.00737527 9.36395 179.734</i>
                        <i>0.0126647 0.987742 -0.155582 -0.999905 0.0133707 0.00349222 0.00552965 0.155523 0.987817 0.00737527 9.40054 180.771</i>
                        <i>0.0126647 0.986237 -0.164855 -0.999905 0.0134029 0.00336645 0.00552965 0.164797 0.986312 0.00737527 9.43517 181.773</i>
                        <i>0.0126647 0.984831 -0.173052 -0.999905 0.0134304 0.00325486 0.00552965 0.172994 0.984907 0.00737527 9.4679 182.739</i>
                        <i>0.0126647 0.983546 -0.180216 -0.999905 0.0134538 0.00315702 0.00552965 0.180158 0.983622 0.00737527 9.49875 183.67</i>
                        <i>0.0126647 0.982395 -0.186387 -0.999905 0.0134733 0.00307249 0.00552965 0.18633 0.982472 0.00737527 9.52779 184.567</i>
                        <i>0.0126647 0.98139 -0.191607 -0.999905 0.0134895 0.00300082 0.00552965 0.191551 0.981467 0.00737527 9.55506 185.431</i>
                        <i>0.0126647 0.980539 -0.195916 -0.999905 0.0135025 0.00294153 0.00552965 0.19586 0.980616 0.00737527 9.5806 186.263</i>
                        <i>0.0126647 0.979846 -0.199355 -0.999905 0.0135128 0.00289415 0.00552965 0.199299 0.979923 0.00737527 9.60447 187.062</i>
                        <i>0.0126647 0.979312 -0.201962 -0.999905 0.0135204 0.00285818 0.00552965 0.201906 0.979389 0.00737527 9.62669 187.829</i>
                        <i>0.0126647 0.978936 -0.203776 -0.999905 0.0135257 0.00283311 0.00552965 0.203721 0.979013 0.00737527 9.64733 188.566</i>
                        <i>0.0126647 0.978714 -0.204837 -0.999905 0.0135287 0.00281845 0.00552965 0.204782 0.978792 0.00737527 9.66641 189.273</i>
                        <i>0.0126647 0.978642 -0.205182 -0.999905 0.0135297 0.00281368 0.00552965 0.205127 0.97872 0.00737527 9.684 189.949</i>
                        <i>0.0126647 0.978712 -0.20485 -0.999905 0.0135288 0.00281828 0.00552965 0.204794 0.978789 0.00737527 9.70013 190.597</i>
                        <i>0.0126647 0.978915 -0.203877 -0.999905 0.013526 0.00283173 0.00552965 0.203821 0.978992 0.00737527 9.71484 191.217</i>
                        <i>0.0126647 0.979242 -0.202301 -0.999905 0.0135214 0.0028535 0.00552965 0.202245 0.979319 0.00737527 9.72818 191.809</i>
                        <i>0.0126647 0.979682 -0.200159 -0.999905 0.0135151 0.00288306 0.00552965 0.200103 0.979759 0.00737527 9.74019 192.374</i>
                        <i>0.0126647 0.980223 -0.197488 -0.999905 0.0135072 0.00291988 0.00552965 0.197432 0.980301 0.00737527 9.75093 192.912</i>
                        <i>0.0126647 0.980855 -0.194325 -0.999905 0.0134977 0.00296344 0.00552965 0.194269 0.980933 0.00737527 9.76042 193.424</i>
                        <i>0.0126647 0.981565 -0.190707 -0.999905 0.0134867 0.00301319 0.00552965 0.190651 0.981642 0.00737527 9.76871 193.911</i>
                        <i>0.0126647 0.982341 -0.18667 -0.999905 0.0134742 0.0030686 0.00552965 0.186614 0.982418 0.00737527 9.77586 194.374</i>
                        <i>0.0126647 0.98317 -0.182253 -0.999905 0.0134603 0.00312914 0.00552965 0.182196 0.983247 0.00737527 9.78189 194.813</i>
                        <i>0.0126647 0.984041 -0.17749 -0.999905 0.013445 0.00319428 0.00552965 0.177433 0.984117 0.00737527 9.78686 195.228</i>
                        <i>0.0126647 0.984942 -0.172421 -0.999905 0.0134283 0.00326347 0.00552965 0.172363 0.985018 0.00737527 9.79081 195.621</i>
                        <i>0.0126647 0.985862 -0.167081 -0.999905 0.0134105 0.00333619 0.00552965 0.167023 0.985938 0.00737527 9.79378 195.991</i>
                        <i>0.0126647 0.98679 -0.161508 -0.999905 0.0133914 0.0034119 0.00552965 0.16145 0.986865 0.00737527 9.79582 196.341</i>
                        <i>0.0126647 0.987717 -0.155741 -0.999905 0.0133712 0.00349007 0.00552965 0.155681 0.987792 0.00737527 9.79696 196.669</i>
                        <i>0.0126647 0.988633 -0.149815 -0.999905 0.0133501 0.00357019 0.00552965 0.149756 0.988708 0.00737527 9.79726 196.977</i>
                        <i>0.0126647 0.98953 -0.143771 -0.999905 0.013328 0.00365171 0.00552965 0.143711 0.989604 0.00737527 9.79676 197.266</i>
                        <i>0.0126647 0.990401 -0.137644 -0.999905 0.0133051 0.00373412 0.00552965 0.137584 0.990475 0.00737527 9.7955 197.535</i>
                        <i>0.0126647 0.991239 -0.131474 -0.999905 0.0132816 0.00381689 0.00552965 0.131414 0.991312 0.00737527 9.79352 197.787</i>
                        <i>0.0126647 0.992038 -0.1253 -0.999905 0.0132576 0.00389952 0.00552965 0.125238 0.992111 0.00737527 9.79088 198.021</i>
                        <i>0.0126647 0.992795 -0.119158 -0.999905 0.0132332 0.00398149 0.00552965 0.119096 0.992867 0.00737527 9.7876 198.237</i>
                        <i>0.0126647 0.993504 -0.113089 -0.999905 0.0132086 0.00406229 0.00552965 0.113026 0.993577 0.00737527 9.78375 198.438</i>
                        <i>0.0126647 0.994164 -0.107129 -0.999905 0.0131841 0.00414142 0.00552965 0.107067 0.994236 0.00737527 9.77936 198.622</i>
                        <i>0.0126647 0.994773 -0.10132 -0.999905 0.0131596 0.00421837 0.00552965 0.101256 0.994845 0.00737527 9.77448 198.791</i>
                        <i>0.0126647 0.99533 -0.0956978 -0.999905 0.0131356 0.00429265 0.00552965 0.0956343 0.995401 0.00737527 9.76915 198.946</i>
                        <i>0.0126647 0.995834 -0.0903028 -0.999905 0.0131121 0.00436377 0.00552965 0.0902389 0.995905 0.00737527 9.76342 199.087</i>
                        <i>0.0126647 0.996286 -0.0851736 -0.999905 0.0130895 0.00443123 0.00552965 0.0851093 0.996356 0.00737527 9.75733 199.215</i>
                        <i>0.0126647 0.996686 -0.0803488 -0.999905 0.0130679 0.00449455 0.00552965 0.0802842 0.996757 0.00737527 9.75093 199.33</i>
                        <i>0.0126647 0.997037 -0.0758675 -0.999905 0.0130475 0.00455325 0.00552965 0.0758026 0.997108 0.00737527 9.74426 199.433</i>
                        <i>0.0126647 0.997341 -0.0717684 -0.999905 0.0130287 0.00460685 0.00552965 0.0717032 0.997411 0.00737527 9.73737 199.524</i>
                        <i>0.0126647 0.997599 -0.0680903 -0.999905 0.0130116 0.00465486 0.00552965 0.0680249 0.997668 0.00737527 9.7303 199.605</i>
                        <i>0.0126647 0.997813 -0.064872 -0.999905 0.0129966 0.00469681 0.00552965 0.0648064 0.997883 0.00737527 9.72309 199.676</i>
                        <i>0.0126647 0.997986 -0.0621523 -0.999905 0.0129837 0.00473221 0.00552965 0.0620864 0.998055 0.00737527 9.7158 199.737</i>
                        <i>0.0126647 0.99812 -0.0599698 -0.999905 0.0129733 0.00476059 0.00552965 0.0599037 0.998189 0.00737527 9.70847 199.789</i>
                        <i>0.0126647 0.998215 -0.0583631 -0.999905 0.0129657 0.00478147 0.00552965 0.058297 0.998284 0.00737527 9.70114 199.833</i>
                        <i>0.0126647 0.998273 -0.0573708 -0.999905 0.0129609 0.00479435 0.00552965 0.0573046 0.998341 0.00737527 9.69386 199.87</i>
                        <i>0.0126647 0.998292 -0.0570315 -0.999905 0.0129593 0.00479876 0.00552965 0.0569653 0.998361 0.00737527 9.68667 199.899</i>
                    </KeyFrames>
                </p>
            </i>
            <i>
                <p>
                    <Name><![CDATA[spine1]]></Name>
                    <Exclude>0</Exclude>
                    <Additive>0</Additive>
                    <IKPriority>0</IKPriority>
                    <IKRotLimits>-1e+010 -1e+010 -1e+010 1e+010 1e+010 1e+010</IKRotLimits>
                    <IKRotLimitOrder>0</IKRotLimitOrder>
                    <KeyFrames count="115">
                        <i>1.51571e-017 0.173516 0.984831 -1 2.22045e-016 5.55112e-017 -1.65842e-016 -0.984831 0.173516 -2.02372e-019 0.0160397 0.306639</i>
                        <i>2.16933e-005 0.173092 0.984906 -1 3.11999e-006 2.14774e-005 6.4468e-007 -0.984906 0.173092 -5.389e-006 0.291007 5.11881</i>
                        <i>8.37922e-005 0.171879 0.985118 -1 1.19125e-005 8.29796e-005 2.52725e-006 -0.985118 0.171879 -2.08132e-005 0.560358 9.85338</i>
                        <i>0.000181838 0.169965 0.98545 -1 2.53767e-005 0.000180146 5.61101e-006 -0.98545 0.169965 -4.5159e-005 0.824193 14.511</i>
                        <i>0.000311383 0.167436 0.985883 -1 4.23813e-005 0.000308644 9.89518e-006 -0.985883 0.167436 -7.73131e-005 1.08261 19.0921</i>
                        <i>0.000467983 0.164382 0.986397 -1 6.17442e-005 0.000464147 1.53933e-005 -0.986397 0.164382 -0.000116163 1.33571 23.5976</i>
                        <i>0.000647193 0.160891 0.986972 -1 8.23007e-005 0.000642319 2.21146e-005 -0.986972 0.160891 -0.000160594 1.5836 28.0278</i>
                        <i>0.000844561 0.157049 0.98759 -1 0.000102962 0.0008388 3.00486e-005 -0.987591 0.157049 -0.000209495 1.82636 32.3836</i>
                        <i>0.00105563 0.152945 0.988234 -0.999999 0.000122763 0.00104919 3.91511e-005 -0.988235 0.152945 -0.00026175 2.06411 36.6654</i>
                        <i>0.00127591 0.148668 0.988886 -0.999999 0.000140901 0.00126907 4.93343e-005 -0.988887 0.148668 -0.000316244 2.29695 40.8739</i>
                        <i>0.00150093 0.144304 0.989532 -0.999999 0.000156765 0.00149394 6.04584e-005 -0.989533 0.144304 -0.000371864 2.52497 45.0098</i>
                        <i>0.00172617 0.139941 0.990158 -0.999999 0.000169948 0.0017193 7.23263e-005 -0.99016 0.139941 -0.000427492 2.74827 49.0736</i>
                        <i>0.0019471 0.135668 0.990752 -0.999998 0.000180261 0.00194059 8.46818e-005 -0.990754 0.135668 -0.000482012 2.96696 53.0659</i>
                        <i>0.00215919 0.131571 0.991304 -0.999998 0.000187722 0.00215321 9.72101e-005 -0.991307 0.131571 -0.000534306 3.18114 56.9874</i>
                        <i>0.00235787 0.127738 0.991805 -0.999997 0.000192546 0.00235255 0.000109541 -0.991808 0.127738 -0.000583257 3.39092 60.8388</i>
                        <i>0.00253857 0.124256 0.992247 -0.999997 0.000195116 0.00253397 0.000121257 -0.99225 0.124256 -0.000627746 3.59639 64.6206</i>
                        <i>0.00269671 0.121212 0.992623 -0.999996 0.000195944 0.00269281 0.000131902 -0.992627 0.121212 -0.000666655 3.79765 68.3335</i>
                        <i>0.00282769 0.118693 0.992927 -0.999996 0.000195627 0.00282444 0.000140998 -0.992931 0.118693 -0.000698864 3.99482 71.978</i>
                        <i>0.00292692 0.116786 0.993153 -0.999996 0.000194781 0.00292418 0.000148056 -0.993157 0.116786 -0.000723256 4.188 75.5549</i>
                        <i>0.00298982 0.115578 0.993294 -0.999996 0.000193976 0.00298742 0.000152605 -0.993298 0.115578 -0.00073871 4.37728 79.0648</i>
                        <i>0.00301179 0.115156 0.993343 -0.999995 0.000193645 0.00300952 0.000154208 -0.993347 0.115156 -0.00074411 4.56277 82.5083</i>
                        <i>0.0029883 0.115607 0.993291 -0.999996 0.000193998 0.00298589 0.000152494 -0.993295 0.115607 -0.000738338 4.74457 85.886</i>
                        <i>0.0029148 0.117019 0.993125 -0.999996 0.000194913 0.002912 0.000147186 -0.99313 0.117019 -0.000720276 4.92279 89.1985</i>
                        <i>0.0027868 0.119479 0.992833 -0.999996 0.000195823 0.00278334 0.000138131 -0.992837 0.119479 -0.00068881 5.09752 92.4465</i>
                        <i>0.00259985 0.123076 0.992394 -0.999997 0.000195594 0.00259551 0.000125338 -0.992397 0.123076 -0.000642825 5.26887 95.6305</i>
                        <i>0.00234956 0.127898 0.991785 -0.999997 0.000192387 0.00234421 0.000109014 -0.991787 0.127898 -0.000581209 5.43693 98.7513</i>
                        <i>0.00203161 0.134035 0.990975 -0.999998 0.00018352 0.00202529 8.95954e-005 -0.990977 0.134035 -0.000502854 5.6018 101.809</i>
                        <i>0.00164177 0.141575 0.989926 -0.999999 0.000165324 0.00163483 6.77933e-005 -0.989927 0.141575 -0.000406654 5.76358 104.805</i>
                        <i>0.00117589 0.150609 0.988593 -0.999999 0.000132985 0.0011692 4.46241e-005 -0.988593 0.150609 -0.000291507 5.92236 107.74</i>
                        <i>0.00062994 0.161227 0.986917 -1 8.03961e-005 0.000625156 2.14476e-005 -0.986917 0.161227 -0.000156318 6.07823 110.613</i>
                        <i>-2.11018e-016 0.173516 0.984831 -1 0 -1.11022e-016 -1.30771e-016 -0.984831 0.173516 -1.44957e-019 6.23127 113.426</i>
                        <i>-0.000716239 0.185441 0.982655 -1 -0.000115572 -0.000707071 -1.75525e-005 -0.982655 0.185441 0.000178161 6.38182 116.179</i>
