<?xml version="1.0" encoding="ISO-8859-1" ?>
<Animl Version="1">
    <ModellingPackage><![CDATA[Maya.2010]]></ModellingPackage>
    <SrcFile><![CDATA[anims\characters\shared\base_soldier\~src\infantry\taunt_run.mb]]></SrcFile>
    <FramesPerSecond>30</FramesPerSecond>
    <TotalFrames>35</TotalFrames>
    <Skeleton>
        <RefFrame>
            <Name><![CDATA[soldier_ref_frame]]></Name>
            <Exclude>0</Exclude>
            <Additive>0</Additive>
            <IKPriority>0</IKPriority>
            <IKRotLimits>-1e+010 -1e+010 -1e+010 1e+010 1e+010 1e+010</IKRotLimits>
            <IKRotLimitOrder>0</IKRotLimitOrder>
            <KeyFrames count="35">
                <i>1 0 0 0 1 0 0 0 1 0 0 0</i>
                <i>1 0 0 0 1 0 0 0 1 0 0 0.20693</i>
                <i>1 0 0 0 1 0 0 0 1 0 0 0.413923</i>
                <i>1 0 0 0 1 0 0 0 1 0 0 0.620972</i>
                <i>1 0 0 0 1 0 0 0 1 0 0 0.828069</i>
                <i>1 0 0 0 1 0 0 0 1 0 0 1.03521</i>
                <i>1 0 0 0 1 0 0 0 1 0 0 1.24238</i>
                <i>1 0 0 0 1 0 0 0 1 0 0 1.44958</i>
                <i>1 0 0 0 1 0 0 0 1 0 0 1.65679</i>
                <i>1 0 0 0 1 0 0 0 1 0 0 1.86402</i>
                <i>1 0 0 0 1 0 0 0 1 0 0 2.07126</i>
                <i>1 0 0 0 1 0 0 0 1 0 0 2.27849</i>
                <i>1 0 0 0 1 0 0 0 1 0 0 2.48571</i>
                <i>1 0 0 0 1 0 0 0 1 0 0 2.69292</i>
                <i>1 0 0 0 1 0 0 0 1 0 0 2.9001</i>
                <i>1 0 0 0 1 0 0 0 1 0 0 3.10725</i>
                <i>1 0 0 0 1 0 0 0 1 0 0 3.31436</i>
                <i>1 0 0 0 1 0 0 0 1 0 0 3.52142</i>
                <i>1 0 0 0 1 0 0 0 1 0 0 3.72844</i>
                <i>1 0 0 0 1 0 0 0 1 0 0 3.93539</i>
                <i>1 0 0 0 1 0 0 0 1 0 0 4.14227</i>
                <i>1 0 0 0 1 0 0 0 1 0 0 4.34908</i>
                <i>1 0 0 0 1 0 0 0 1 0 0 4.55581</i>
                <i>1 0 0 0 1 0 0 0 1 0 0 4.76245</i>
                <i>1 0 0 0 1 0 0 0 1 0 0 4.96899</i>
                <i>1 0 0 0 1 0 0 0 1 0 0 5.17543</i>
                <i>1 0 0 0 1 0 0 0 1 0 0 5.38176</i>
                <i>1 0 0 0 1 0 0 0 1 0 0 5.58797</i>
                <i>1 0 0 0 1 0 0 0 1 0 0 5.79405</i>
                <i>1 0 0 0 1 0 0 0 1 0 0 6</i>
                <i>1 0 0 0 1 0 0 0 1 0 0 6.20376</i>
                <i>1 0 0 0 1 0 0 0 1 0 0 6.40424</i>
                <i>1 0 0 0 1 0 0 0 1 0 0 6.60282</i>
                <i>1 0 0 0 1 0 0 0 1 0 0 6.80094</i>
                <i>1 0 0 0 1 0 0 0 1 0 0 7</i>
            </KeyFrames>
        </RefFrame>
        <Bones count="23">
            <i>
                <p>
                    <Name><![CDATA[pelvis]]></Name>
                    <Exclude>0</Exclude>
                    <Additive>0</Additive>
                    <IKPriority>0</IKPriority>
                    <IKRotLimits>-1e+010 -1e+010 -1e+010 1e+010 1e+010 1e+010</IKRotLimits>
                    <IKRotLimitOrder>2</IKRotLimitOrder>
                    <KeyFrames count="35">
                        <i>1 0 0 0 1 0 0 0 1 5.01745e-018 1.03928 -0.018582</i>
                        <i>1 0 0 0 1 0 0 0 1 0.00280761 1.03014 0.189972</i>
                        <i>1 0 0 0 1 0 0 0 1 0.00119648 1.04624 0.398896</i>
                        <i>1 0 0 0 1 0 0 0 1 -0.00374172 1.06788 0.607723</i>
                        <i>1 0 0 0 1 0 0 0 1 -0.0109153 1.09827 0.815981</i>
                        <i>1 0 0 0 1 0 0 0 1 -0.0192326 1.12716 1.0232</i>
                        <i>1 0 0 0 1 0 0 0 1 -0.0276019 1.14487 1.22875</i>
                        <i>1 0 0 0 1 0 0 0 1 -0.0349316 1.13824 1.43293</i>
                        <i>1 0 0 0 1 0 0 0 1 -0.04013 1.11338 1.63667</i>
                        <i>1 0 0 0 1 0 0 0 1 -0.0421054 1.08743 1.84091</i>
                        <i>1 0 0 0 1 0 0 0 1 -0.0408718 1.07757 2.04657</i>
                        <i>1 0 0 0 1 0 0 0 1 -0.0375001 1.09867 2.25363</i>
                        <i>1 0 0 0 1 0 0 0 1 -0.0324836 1.13935 2.46132</i>
                        <i>1 0 0 0 1 0 0 0 1 -0.0263159 1.17733 2.66945</i>
                        <i>1 0 0 0 1 0 0 0 1 -0.0194902 1.19031 2.87785</i>
                        <i>1 0 0 0 1 0 0 0 1 -0.0125 1.15899 3.08634</i>
                        <i>1 0 0 0 1 0 0 0 1 -0.00583884 1.09875 3.29473</i>
                        <i>1 0 0 0 1 0 0 0 1 5.01745e-018 1.03928 3.50284</i>
                        <i>1 0 0 0 1 0 0 0 1 0.00280761 1.03014 3.71148</i>
                        <i>1 0 0 0 1 0 0 0 1 0.00119648 1.04624 3.92036</i>
                        <i>1 0 0 0 1 0 0 0 1 -0.00374172 1.06788 4.12902</i>
                        <i>1 0 0 0 1 0 0 0 1 -0.0109153 1.09827 4.33699</i>
                        <i>1 0 0 0 1 0 0 0 1 -0.0192326 1.12716 4.5438</i>
                        <i>1 0 0 0 1 0 0 0 1 -0.0276019 1.14487 4.74882</i>
                        <i>1 0 0 0 1 0 0 0 1 -0.0349316 1.13824 4.95234</i>
                        <i>1 0 0 0 1 0 0 0 1 -0.04013 1.11338 5.15531</i>
                        <i>1 0 0 0 1 0 0 0 1 -0.0421054 1.08743 5.35864</i>
                        <i>1 0 0 0 1 0 0 0 1 -0.0408718 1.07757 5.56328</i>
                        <i>1 0 0 0 1 0 0 0 1 -0.0375001 1.09867 5.76919</i>
                        <i>1 0 0 0 1 0 0 0 1 -0.0324836 1.13935 5.97561</i>
                        <i>1 0 0 0 1 0 0 0 1 -0.0263159 1.17733 6.1803</i>
                        <i>1 0 0 0 1 0 0 0 1 -0.0194902 1.19031 6.38199</i>
                        <i>1 0 0 0 1 0 0 0 1 -0.0125 1.15899 6.58192</i>
                        <i>1 0 0 0 1 0 0 0 1 -0.00583884 1.09875 6.78131</i>
                        <i>1 0 0 0 1 0 0 0 1 5.01745e-018 1.03928 6.98142</i>
                    </KeyFrames>
                </p>
            </i>
            <i>
                <p>
                    <Name><![CDATA[spine0]]></Name>
                    <Exclude>0</Exclude>
                    <Additive>0</Additive>
                    <IKPriority>0</IKPriority>
                    <IKRotLimits>-1e+010 -1e+010 -1e+010 1e+010 1e+010 1e+010</IKRotLimits>
                    <IKRotLimitOrder>0</IKRotLimitOrder>
                    <KeyFrames count="35">
                        <i>0.0148567 0.985891 0.166731 -0.98787 -0.0113052 0.154873 0.154573 -0.167009 0.973763 -0.00780975 1.1722 0.00141477</i>
                        <i>0.0218929 0.981945 0.187895 -0.981739 -0.0144083 0.189688 0.18897 -0.188616 0.963698 0.00282483 1.16385 0.208621</i>
                        <i>0.0214604 0.981144 0.192081 -0.976748 -0.0204171 0.213418 0.213315 -0.192195 0.957892 0.00882339 1.18039 0.416169</i>
                        <i>0.0171769 0.983159 0.181945 -0.972415 -0.0259102 0.231812 0.232622 -0.180907 0.955594 0.00754827 1.20226 0.623628</i>
                        <i>0.00816923 0.987736 0.155922 -0.965325 -0.0328965 0.258969 0.260922 -0.152631 0.953217 -0.00380923 1.23297 0.830412</i>
                        <i>-0.00451385 0.99237 0.123214 -0.960619 -0.0385368 0.275185 0.277834 -0.117119 0.953463 -0.0202412 1.26193 1.03617</i>
                        <i>-0.0138197 0.994791 0.100997 -0.965209 -0.0396487 0.258457 0.261115 -0.0939111 0.960729 -0.032357 1.27961 1.24072</i>
                        <i>-0.0129063 0.994922 0.0998137 -0.979226 -0.0327779 0.200105 0.202361 -0.0951575 0.974677 -0.0336652 1.27333 1.44465</i>
                        <i>-0.00644065 0.992439 0.122567 -0.993181 -0.0206168 0.114747 0.116406 -0.120993 0.985804 -0.0284142 1.2485 1.64853</i>
                        <i>-0.00294122 0.985708 0.168437 -0.999762 -0.0065385 0.0208062 0.0216102 -0.168335 0.985493 -0.0233516 1.22222 1.85297</i>
                        <i>0.000270619 0.976415 0.215901 -0.997888 0.0142892 -0.0633725 -0.0649629 -0.215428 0.974357 -0.0224192 1.21221 2.05957</i>
                        <i>0.010292 0.969477 0.244965 -0.990509 0.0434639 -0.130398 -0.137065 -0.241298 0.960723 -0.0227914 1.2333 2.26768</i>
                        <i>0.0191633 0.969703 0.243534 -0.981483 0.0646775 -0.180301 -0.19059 -0.235569 0.952986 -0.020492 1.27422 2.47459</i>
                        <i>0.0155317 0.976368 0.215558 -0.975272 0.062327 -0.212038 -0.220462 -0.206934 0.953192 -0.0124532 1.313 2.67754</i>
                        <i>0.009442 0.983968 0.178096 -0.981517 0.0431644 -0.186444 -0.191142 -0.173044 0.966189 -0.00265695 1.32679 2.87894</i>
                        <i>0.00401199 0.988889 0.148604 -0.995154 0.0185491 -0.0965681 -0.0982515 -0.147496 0.98417 0.00242501 1.29587 3.08455</i>
                        <i>0.0044451 0.989081 0.147303 -0.999598 0.000270194 0.0283502 0.0280008 -0.14737 0.988685 -0.00176577 1.23469 3.30156</i>
                        <i>0.0148567 0.985891 0.166731 -0.98787 -0.0113052 0.154873 0.154573 -0.167009 0.973763 -0.00780975 1.1722 3.52284</i>
                        <i>0.0218929 0.981945 0.187895 -0.981739 -0.0144083 0.189688 0.18897 -0.188616 0.963698 0.00282483 1.16385 3.73013</i>
                        <i>0.0214604 0.981144 0.192081 -0.976748 -0.0204171 0.213418 0.213315 -0.192195 0.957892 0.00882339 1.18039 3.93763</i>
                        <i>0.0171769 0.983159 0.181945 -0.972415 -0.0259102 0.231812 0.232622 -0.180907 0.955594 0.00754827 1.20226 4.14493</i>
                        <i>0.00816923 0.987736 0.155922 -0.965325 -0.0328965 0.258969 0.260922 -0.152631 0.953217 -0.00380923 1.23297 4.35143</i>
                        <i>-0.00451385 0.99237 0.123214 -0.960619 -0.0385368 0.275185 0.277834 -0.117119 0.953463 -0.0202412 1.26193 4.55678</i>
                        <i>-0.0138197 0.994791 0.100997 -0.965209 -0.0396487 0.258457 0.261115 -0.0939111 0.960729 -0.032357 1.27961 4.76079</i>
                        <i>-0.0129063 0.994922 0.0998137 -0.979226 -0.0327779 0.200105 0.202361 -0.0951575 0.974677 -0.0336652 1.27333 4.96407</i>
                        <i>-0.00644065 0.992439 0.122567 -0.993181 -0.0206168 0.114747 0.116406 -0.120993 0.985804 -0.0284142 1.2485 5.16716</i>
                        <i>-0.00294122 0.985708 0.168437 -0.999762 -0.0065385 0.0208062 0.0216102 -0.168335 0.985493 -0.0233516 1.22222 5.37071</i>
                        <i>0.000270619 0.976415 0.215901 -0.997888 0.0142892 -0.0633725 -0.0649629 -0.215428 0.974357 -0.0224192 1.21221 5.57628</i>
                        <i>0.010292 0.969477 0.244965 -0.990509 0.0434639 -0.130398 -0.137065 -0.241298 0.960723 -0.0227914 1.2333 5.78324</i>
                        <i>0.0191633 0.969703 0.243534 -0.981483 0.0646775 -0.180301 -0.19059 -0.235569 0.952986 -0.020492 1.27422 5.98888</i>
                        <i>0.0155317 0.976368 0.215558 -0.975272 0.062327 -0.212038 -0.220462 -0.206934 0.953192 -0.0124532 1.313 6.18839</i>
                        <i>0.009442 0.983968 0.178096 -0.981517 0.0431644 -0.186444 -0.191142 -0.173044 0.966189 -0.00265695 1.32679 6.38307</i>
                        <i>0.00401199 0.988889 0.148604 -0.995154 0.0185491 -0.0965681 -0.0982515 -0.147496 0.98417 0.00242501 1.29587 6.58012</i>
                        <i>0.0044451 0.989081 0.147303 -0.999598 0.000270194 0.0283502 0.0280008 -0.14737 0.988685 -0.00176577 1.23469 6.78815</i>
                        <i>0.0148567 0.985891 0.166731 -0.98787 -0.0113052 0.154873 0.154573 -0.167009 0.973763 -0.00780975 1.1722 7.00141</i>
                    </KeyFrames>
                </p>
            </i>
            <i>
                <p>
                    <Name><![CDATA[spine1]]></Name>
                    <Exclude>0</Exclude>
                    <Additive>0</Additive>
                    <IKPriority>0</IKPriority>
                    <IKRotLimits>-1e+010 -1e+010 -1e+010 1e+010 1e+010 1e+010</IKRotLimits>
                    <IKRotLimitOrder>0</IKRotLimitOrder>
                    <KeyFrames count="35">
                        <i>0.109168 0.987755 0.111457 -0.978473 0.0870264 0.187129 0.175138 -0.129486 0.975992 -0.00802103 1.34604 0.0337308</i>
                        <i>0.0853491 0.984454 0.15351 -0.990346 0.0669317 0.121386 0.109225 -0.162388 0.980663 0.00323847 1.33589 0.244718</i>
                        <i>0.0290905 0.983722 0.177325 -0.999427 0.0255503 0.0222158 0.0173234 -0.17787 0.983902 0.00865465 1.35305 0.453137</i>
                        <i>-0.0255168 0.983532 0.178925 -0.997435 -0.0130756 -0.0703709 -0.0668724 -0.180261 0.981343 0.00618357 1.37803 0.659063</i>
                        <i>-0.0587549 0.985375 0.159951 -0.990232 -0.0372331 -0.134369 -0.126449 -0.166283 0.977937 -0.00751752 1.4152 0.861505</i>
                        <i>-0.0778436 0.988687 0.128215 -0.986017 -0.0573426 -0.156467 -0.147344 -0.138602 0.979326 -0.0269388 1.45132 1.06133</i>
                        <i>-0.0972972 0.990881 0.093212 -0.984326 -0.0819644 -0.156152 -0.147088 -0.106944 0.983325 -0.0406738 1.47069 1.26136</i>
                        <i>-0.135331 0.988466 0.0679766 -0.97949 -0.123134 -0.159488 -0.149278 -0.088166 0.984857 -0.0404575 1.45931 1.46471</i>
                        <i>-0.183458 0.980222 0.0742208 -0.972343 -0.169844 -0.160319 -0.144543 -0.10158 0.984271 -0.0320227 1.42664 1.67277</i>
                        <i>-0.211581 0.969182 0.126174 -0.96986 -0.192238 -0.149718 -0.120848 -0.154049 0.980645 -0.0243282 1.39157 1.88565</i>
                        <i>-0.188068 0.962565 0.195191 -0.97907 -0.167994 -0.114893 -0.0778009 -0.212713 0.974012 -0.0211059 1.37393 2.10069</i>
                        <i>-0.116548 0.95997 0.254703 -0.993072 -0.116514 -0.0152758 0.0150121 -0.254719 0.966899 -0.0183238 1.3908 2.3141</i>
                        <i>-0.0464591 0.959567 0.277619 -0.992423 -0.0759854 0.0965568 0.113748 -0.27103 0.955827 -0.0134359 1.43247 2.52151</i>
                        <i>-0.0370556 0.963048 0.266768 -0.987259 -0.076618 0.13946 0.154746 -0.258202 0.953617 -0.00545718 1.47615 2.72055</i>
                        <i>-0.0504584 0.96955 0.23964 -0.983147 -0.0904362 0.158881 0.175716 -0.227584 0.957773 0.00273209 1.49612 2.91549</i>
                        <i>-0.0385895 0.979153 0.199426 -0.982077 -0.07401 0.173343 0.184489 -0.189163 0.964459 0.00508238 1.46976 3.11502</i>
                        <i>0.0286532 0.988861 0.146055 -0.983651 0.00190537 0.180073 0.177789 -0.148827 0.97275 -0.00144969 1.4091 3.33081</i>
                        <i>0.109168 0.987755 0.111457 -0.978473 0.0870264 0.187129 0.175138 -0.129486 0.975992 -0.00802103 1.34604 3.55515</i>
                        <i>0.0853491 0.984454 0.15351 -0.990346 0.0669317 0.121386 0.109225 -0.162388 0.980663 0.00323847 1.33589 3.76622</i>
                        <i>0.0290905 0.983722 0.177325 -0.999427 0.0255503 0.0222158 0.0173234 -0.17787 0.983902 0.00865465 1.35305 3.9746</i>
                        <i>-0.0255168 0.983532 0.178925 -0.997435 -0.0130756 -0.0703709 -0.0668724 -0.180261 0.981343 0.00618357 1.37803 4.18036</i>
                        <i>-0.0587549 0.985375 0.159951 -0.990232 -0.0372331 -0.134369 -0.126449 -0.166283 0.977937 -0.00751752 1.4152 4.38252</i>
                        <i>-0.0778436 0.988687 0.128215 -0.986017 -0.0573426 -0.156467 -0.147344 -0.138602 0.979326 -0.0269388 1.45132 4.58193</i>
                        <i>-0.0972972 0.990881 0.093212 -0.984326 -0.0819644 -0.156152 -0.147088 -0.106944 0.983325 -0.0406738 1.47069 4.78143</i>
                        <i>-0.135331 0.988466 0.0679766 -0.97949 -0.123134 -0.159488 -0.149278 -0.088166 0.984857 -0.0404575 1.45931 4.98412</i>
                        <i>-0.183458 0.980222 0.0742208 -0.972343 -0.169844 -0.160319 -0.144543 -0.10158 0.984271 -0.0320227 1.42664 5.19141</i>
                        <i>-0.211581 0.969182 0.126174 -0.96986 -0.192238 -0.149718 -0.120848 -0.154049 0.980645 -0.0243282 1.39157 5.40339</i>
                        <i>-0.188068 0.962565 0.195191 -0.97907 -0.167994 -0.114893 -0.0778009 -0.212713 0.974012 -0.0211059 1.37393 5.6174</i>
                        <i>-0.116548 0.95997 0.254703 -0.993072 -0.116514 -0.0152758 0.0150121 -0.254719 0.966899 -0.0183238 1.3908 5.82966</i>
                        <i>-0.0464591 0.959567 0.277619 -0.992423 -0.0759854 0.0965568 0.113748 -0.27103 0.955827 -0.0134359 1.43247 6.0358</i>
                        <i>-0.0370556 0.963048 0.266768 -0.987259 -0.076618 0.13946 0.154746 -0.258202 0.953617 -0.00545718 1.47615 6.2314</i>
                        <i>-0.0504584 0.96955 0.23964 -0.983147 -0.0904362 0.158881 0.175716 -0.227584 0.957773 0.00273209 1.49612 6.41962</i>
                        <i>-0.0385895 0.979153 0.199426 -0.982077 -0.07401 0.173343 0.184489 -0.189163 0.964459 0.00508238 1.46976 6.6106</i>
                        <i>0.0286532 0.988861 0.146055 -0.983651 0.00190537 0.180073 0.177789 -0.148827 0.97275 -0.00144969 1.4091 6.81739</i>
                        <i>0.109168 0.987755 0.111457 -0.978473 0.0870264 0.187129 0.175138 -0.129486 0.975992 -0.00802103 1.34604 7.03373</i>
                    </KeyFrames>
                </p>
            </i>
            <i>
                <p>
                    <Name><![CDATA[spine2]]></Name>
                    <Exclude>0</Exclude>
                    <Additive>0</Additive>
                    <IKPriority>0</IKPriority>
                    <IKRotLimits>-1e+010 -1e+010 -1e+010 1e+010 1e+010 1e+010</IKRotLimits>
                    <IKRotLimitOrder>0</IKRotLimitOrder>
                    <KeyFrames count="35">
                        <i>0.12924 0.90822 0.398038 -0.982213 0.0621102 0.177198 0.136213 -0.413859 0.900093 0.0117004 1.50009 0.0461304</i>
                        <i>0.135211 0.897453 0.419877 -0.988204 0.0913888 0.12289 0.0719156 -0.43154 0.899223 0.0200546 1.48809 0.26498</i>
                        <i>0.103069 0.89136 0.441423 -0.994622 0.0969128 0.0365415 -0.0102079 -0.442816 0.896555 0.0172637 1.50679 0.478691</i>
                        <i>0.0511717 0.890112 0.452859 -0.995407 0.0821953 -0.0490799 -0.0809095 -0.448268 0.89023 0.00665115 1.53651 0.686505</i>
                        <i>-0.0133445 0.889669 0.456411 -0.99211 0.0451239 -0.116966 -0.124656 -0.454371 0.882048 -0.011539 1.58326 0.887448</i>
                        <i>-0.0759624 0.889623 0.450334 -0.988731 -0.00877375 -0.149447 -0.129 -0.456612 0.880264 -0.0338868 1.63014 1.08247</i>
                        <i>-0.119633 0.896069 0.42749 -0.986034 -0.056985 -0.156494 -0.115869 -0.440241 0.890372 -0.0519196 1.65197 1.27559</i>
                        <i>-0.152448 0.905681 0.395602 -0.982509 -0.0955721 -0.159816 -0.106934 -0.413046 0.90441 -0.0605813 1.63234 1.47348</i>
                        <i>-0.17925 0.907961 0.378783 -0.979238 -0.127616 -0.157501 -0.0946665 -0.399151 0.911985 -0.0628942 1.58693 1.68189</i>
                        <i>-0.185043 0.901144 0.392044 -0.979932 -0.139112 -0.142762 -0.0741106 -0.410594 0.908802 -0.0613192 1.53847 1.90243</i>
                        <i>-0.161517 0.8915 0.42325 -0.985964 -0.127399 -0.107911 -0.0422811 -0.434739 0.899564 -0.0548301 1.5107 2.12677</i>
                        <i>-0.107414 0.881435 0.45993 -0.993512 -0.112544 -0.0163431 0.037357 -0.458702 0.887805 -0.0423507 1.52288 2.34762</i>
                        <i>-0.0480813 0.876075 0.479771 -0.991028 -0.101813 0.0865951 0.124711 -0.471303 0.87311 -0.0285654 1.56628 2.55821</i>
                        <i>-0.0189941 0.881409 0.471971 -0.986863 -0.0922774 0.132613 0.160439 -0.463252 0.871583 -0.0203059 1.61703 2.75695</i>
                        <i>-0.000332757 0.893234 0.449593 -0.98397 -0.0804701 0.159147 0.178334 -0.442333 0.878942 -0.014562 1.64585 2.94968</i>
                        <i>0.032886 0.905555 0.422952 -0.983097 -0.0469505 0.176962 0.180106 -0.421623 0.888705 -0.00846928 1.62633 3.14403</i>
                        <i>0.0834548 0.912044 0.40151 -0.98391 0.0115401 0.178294 0.157979 -0.409929 0.898332 0.000589648 1.56611 3.35024</i>
                        <i>0.12924 0.90822 0.398038 -0.982213 0.0621102 0.177198 0.136213 -0.413859 0.900093 0.0117004 1.50009 3.56755</i>
                        <i>0.135211 0.897453 0.419877 -0.988204 0.0913888 0.12289 0.0719156 -0.43154 0.899223 0.0200546 1.48809 3.78649</i>
                        <i>0.103069 0.89136 0.441423 -0.994622 0.0969128 0.0365415 -0.0102079 -0.442816 0.896555 0.0172637 1.50679 4.00016</i>
                        <i>0.0511717 0.890112 0.452859 -0.995407 0.0821953 -0.0490799 -0.0809095 -0.448268 0.89023 0.00665115 1.53651 4.20781</i>
                        <i>-0.0133445 0.889669 0.456411 -0.99211 0.0451239 -0.116966 -0.124656 -0.454371 0.882048 -0.011539 1.58326 4.40846</i>
                        <i>-0.0759624 0.889623 0.450334 -0.988731 -0.00877375 -0.149447 -0.129 -0.456612 0.880264 -0.0338868 1.63014 4.60307</i>
                        <i>-0.119633 0.896069 0.42749 -0.986034 -0.056985 -0.156494 -0.115869 -0.440241 0.890372 -0.0519196 1.65197 4.79566</i>
                        <i>-0.152448 0.905681 0.395602 -0.982509 -0.0955721 -0.159816 -0.106934 -0.413046 0.90441 -0.0605813 1.63234 4.99289</i>
                        <i>-0.17925 0.907961 0.378783 -0.979238 -0.127616 -0.157501 -0.0946665 -0.399151 0.911985 -0.0628942 1.58693 5.20053</i>
                        <i>-0.185043 0.901144 0.392044 -0.979932 -0.139112 -0.142762 -0.0741106 -0.410594 0.908802 -0.0613192 1.53847 5.42017</i>
                        <i>-0.161517 0.8915 0.42325 -0.985964 -0.127399 -0.107911 -0.0422811 -0.434739 0.899564 -0.0548301 1.5107 5.64348</i>
                        <i>-0.107414 0.881435 0.45993 -0.993512 -0.112544 -0.0163431 0.037357 -0.458702 0.887805 -0.0423507 1.52288 5.86318</i>
                        <i>-0.0480813 0.876075 0.479771 -0.991028 -0.101813 0.0865951 0.124711 -0.471303 0.87311 -0.0285654 1.56628 6.0725</i>
                        <i>-0.0189941 0.881409 0.471971 -0.986863 -0.0922774 0.132613 0.160439 -0.463252 0.871583 -0.0203059 1.61703 6.2678</i>
                        <i>-0.000332757 0.893234 0.449593 -0.98397 -0.0804701 0.159147 0.178334 -0.442333 0.878942 -0.014562 1.64585 6.45382</i>
                        <i>0.032886 0.905555 0.422952 -0.983097 -0.0469505 0.176962 0.180106 -0.421623 0.888705 -0.00846928 1.62633 6.63961</i>
                        <i>0.0834548 0.912044 0.40151 -0.98391 0.0115401 0.178294 0.157979 -0.409929 0.898332 0.000589648 1.56611 6.83683</i>
                        <i>0.12924 0.90822 0.398038 -0.982213 0.0621102 0.177198 0.136213 -0.413859 0.900093 0.0117004 1.50009 7.04613</i>
                    </KeyFrames>
                </p>
            </i>
            <i>
                <p>
                    <Name><![CDATA[head]]></Name>
                    <Exclude>0</Exclude>
                    <Additive>0</Additive>
                    <IKPriority>0</IKPriority>
                    <IKRotLimits>-1e+010 -1e+010 -1e+010 1e+010 1e+010 1e+010</IKRotLimits>
                    <IKRotLimitOrder>0</IKRotLimitOrder>
                    <KeyFrames count="35">
                        <i>0.000394817 0.999924 -0.0123114 0.0320495 -0.0123177 -0.99941 -0.999486 1.31446e-009 -0.0320519 0.04395 1.73842 0.135398</i>
                        <i>0.00215365 0.998473 -0.0551937 0.0389305 -0.0552357 -0.997714 -0.99924 -2.9645e-009 -0.03899 0.0527596 1.72401 0.360712</i>
                        <i>0.00203372 0.997771 -0.066695 0.0304108 -0.066726 -0.997308 -0.999535 3.56376e-009 -0.0304787 0.0408529 1.74139 0.580081</i>
                        <i>0.000734017 0.998309 -0.0581234 0.0126062 -0.0581281 -0.99823 -0.99992 5.37733e-009 -0.0126275 0.0168771 1.77083 0.790455</i>
                        <i>-0.000286909 0.999731 -0.0232084 -0.012358 -0.0232102 -0.999654 -0.999924 -4.97787e-010 0.0123614 -0.0165973 1.81754 0.991401</i>
                        <i>0.00105711 0.999637 0.0269129 -0.0392344 0.0269337 -0.998867 -0.999229 -5.19098e-009 0.0392486 -0.0533138 1.86448 1.1838</i>
                        <i>0.00577652 0.995221 0.0974767 -0.058874 0.0976477 -0.993478 -0.998249 -1.71757e-008 0.0591568 -0.081648 1.88774 1.37051</i>
                        <i>0.0120436 0.985421 0.169707 -0.0697569 0.170133 -0.982949 -0.997491 -1.19091e-008 0.070789 -0.0990034 1.87007 1.56042</i>
                        <i>0.0167984 0.976451 0.215086 -0.0760301 0.215741 -0.973486 -0.996964 -1.93123e-008 0.0778637 -0.109128 1.82485 1.76543</i>
                        <i>0.0170638 0.976709 0.213888 -0.0776743 0.214567 -0.973616 -0.996833 -9.89906e-009 0.0795266 -0.110011 1.77456 1.99099</i>
                        <i>0.0106948 0.988887 0.148287 -0.0711361 0.148672 -0.986325 -0.997409 6.51852e-009 0.0719356 -0.0975244 1.74453 2.22496</i>
                        <i>0.0028899 0.998514 0.0544225 -0.0529476 0.0544992 -0.997109 -0.998593 5.11053e-009 0.0530264 -0.0705268 1.7545 2.45624</i>
                        <i>-0.000547031 0.999846 -0.0175393 -0.0311698 -0.0175478 -0.99936 -0.999514 -4.81251e-009 0.0311746 -0.0411554 1.79674 2.6721</i>
                        <i>-0.000501401 0.999677 -0.0253952 -0.0197333 -0.0254001 -0.999483 -0.999805 3.96869e-009 0.0197397 -0.0262612 1.84878 2.86871</i>
                        <i>0.000561826 0.999009 0.0445157 -0.0126073 0.0445192 -0.998929 -0.99992 -8.9371e-009 0.0126198 -0.0170452 1.88038 3.05545</i>
                        <i>0.000313234 0.991256 0.131954 -0.00235307 0.131955 -0.991253 -0.999997 -4.19214e-009 0.0023738 -0.00325405 1.86386 3.24234</i>
                        <i>-0.00264442 0.982502 0.186232 0.0139497 0.186251 -0.982403 -0.999899 1.60149e-009 -0.0141981 0.0195752 1.80536 3.44169</i>
                        <i>-0.00579526 0.983518 0.180716 0.0315236 0.180809 -0.983013 -0.999486 1.31446e-009 -0.0320519 0.04395 1.73842 3.65682</i>
                        <i>-0.0053218 0.990641 0.136387 0.0386252 0.136491 -0.989888 -0.99924 -2.9645e-009 -0.03899 0.0527596 1.72401 3.88222</i>
                        <i>-0.00211204 0.997596 0.0692633 0.0304055 0.0692955 -0.997133 -0.999535 3.56376e-009 -0.0304787 0.0408529 1.74139 4.10155</i>
                        <i>6.68157e-005 0.999986 -0.00529063 0.0126274 -0.00529105 -0.999906 -0.99992 5.37733e-009 -0.0126275 0.0168771 1.77083 4.31176</i>
                        <i>-0.000637089 0.998671 -0.0515349 -0.0123449 -0.0515389 -0.998595 -0.999924 -4.97787e-010 0.0123614 -0.0165973 1.81754 4.51241</i>
                        <i>-0.00206475 0.998615 -0.0525667 -0.0391943 -0.0526072 -0.997846 -0.999229 -5.19098e-009 0.0392486 -0.0533138 1.86448 4.7044</i>
                        <i>-0.00115432 0.99981 -0.0194787 -0.0591455 -0.0195129 -0.998059 -0.998249 -1.71757e-008 0.0591568 -0.081648 1.88774 4.89058</i>
                        <i>0.000956482 0.999909 0.0134779 -0.0707825 0.0135118 -0.9974 -0.997491 -1.19091e-008 0.070789 -0.0990034 1.87007 5.07984</i>
                        <i>0.00329895 0.999102 0.0422396 -0.0777938 0.0423683 -0.996069 -0.996964 -1.93123e-008 0.0778637 -0.109128 1.82485 5.28406</i>
                        <i>0.00559515 0.997522 0.070133 -0.0793295 0.0703558 -0.994363 -0.996833 -9.89906e-009 0.0795266 -0.110011 1.77456 5.50872</i>
                        <i>0.00739123 0.994707 0.102482 -0.0715548 0.102748 -0.992131 -0.997409 6.51852e-009 0.0719356 -0.0975244 1.74453 5.74167</i>
                        <i>0.00742181 0.990157 0.139767 -0.0525044 0.139964 -0.988764 -0.998593 5.11053e-009 0.0530264 -0.0705268 1.7545 5.9718</i>
                        <i>0.00539638 0.984904 0.173017 -0.030704 0.173101 -0.984425 -0.999514 -4.81251e-009 0.0311746 -0.0411554 1.79674 6.18639</i>
                        <i>0.00384994 0.980796 0.194998 -0.0193606 0.195036 -0.980605 -0.999805 3.96869e-009 0.0197397 -0.0262612 1.84878 6.37956</i>
                        <i>0.00239409 0.981841 0.189693 -0.0123907 0.189708 -0.981762 -0.99992 -8.9371e-009 0.0126198 -0.0170452 1.88038 6.55958</i>
                        <i>0.0003419 0.989574 0.144028 -0.00234906 0.144029 -0.989571 -0.999997 -4.19214e-009 0.0023738 -0.00325405 1.86386 6.73792</i>
                        <i>-0.00095829 0.99772 0.0674875 0.0141658 0.0674943 -0.997619 -0.999899 1.60149e-009 -0.0141981 0.0195752 1.80536 6.92827</i>
                        <i>0.000394817 0.999924 -0.0123114 0.0320495 -0.0123177 -0.99941 -0.999486 1.31446e-009 -0.0320519 0.04395 1.73842 7.1354</i>
                    </KeyFrames>
                </p>
            </i>
            <i>
                <p>
                    <Name><![CDATA[head_prop]]></Name>
                    <Exclude>0</Exclude>
                    <Additive>0</Additive>
                    <IKPriority>0</IKPriority>
                    <IKRotLimits>-1e+010 -1e+010 -1e+010 1e+010 1e+010 1e+010</IKRotLimits>
                    <IKRotLimitOrder>0</IKRotLimitOrder>
                    <KeyFrames count="35">
                        <i>0.999486 -1.31446e-009 0.0320519 0.000394817 0.999924 -0.0123114 -0.0320495 0.0123177 0.99941 0.0440787 2.06431 0.131386</i>
                        <i>0.99924 2.9645e-009 0.03899 0.00215365 0.998473 -0.0551937 -0.0389305 0.0552357 0.997714 0.0534614 2.04942 0.342724</i>
                        <i>0.999535 -3.56376e-009 0.0304787 0.00203372 0.997771 -0.066695 -0.0304108 0.066726 0.997308 0.0415157 2.06657 0.558344</i>
                        <i>0.99992 -5.37733e-009 0.0126275 0.000734017 0.998309 -0.0581234 -0.0126062 0.0581281 0.99823 0.0171163 2.09619 0.771512</i>
                        <i>0.999924 4.97788e-010 -0.0123614 -0.000286909 0.999731 -0.0232084 0.012358 0.0232102 0.999654 -0.0166908 2.14336 0.983837</i>
                        <i>0.999229 5.19098e-009 -0.0392486 0.00105711 0.999637 0.0269129 0.0392344 -0.0269337 0.998867 -0.0529693 2.19027 1.19257</i>
                        <i>0.998249 1.71757e-008 -0.0591568 0.00577652 0.995221 0.0974767 0.058874 -0.0976477 0.993478 -0.0797654 2.2121 1.40227</i>
                        <i>0.997491 1.19091e-008 -0.070789 0.0120436 0.985421 0.169707 0.0697569 -0.170133 0.982949 -0.0950783 2.19123 1.61573</i>
                        <i>0.996964 1.93123e-008 -0.0778637 0.0167984 0.976451 0.215086 0.0760301 -0.215741 0.973486 -0.103653 2.14308 1.83553</i>
                        <i>0.996833 9.89906e-009 -0.0795266 0.0170638 0.976709 0.213888 0.0776743 -0.214567 0.973616 -0.10445 2.09288 2.0607</i>
                        <i>0.997409 -6.51852e-009 -0.0719356 0.0106948 0.988887 0.148287 0.0711361 -0.148672 0.986325 -0.0940389 2.06682 2.27329</i>
                        <i>0.998593 -5.11053e-009 -0.0530264 0.0028899 0.998514 0.0544225 0.0529476 -0.0544992 0.997109 -0.069585 2.07993 2.47397</i>
                        <i>0.999514 4.81251e-009 -0.0311746 -0.000547031 0.999846 -0.0175393 0.0311698 0.0175478 0.99936 -0.0413337 2.1226 2.66639</i>
                        <i>0.999805 -3.96869e-009 -0.0197397 -0.000501401 0.999677 -0.0253952 0.0197333 0.0254001 0.999483 -0.0264246 2.17458 2.86043</i>
                        <i>0.99992 8.9371e-009 -0.0126198 0.000561826 0.999009 0.0445157 0.0126073 -0.0445192 0.998929 -0.0168621 2.20596 3.06995</i>
                        <i>0.999997 4.19214e-009 -0.0023738 0.000313234 0.991256 0.131954 0.00235307 -0.131955 0.991253 -0.00315197 2.18691 3.28535</i>
                        <i>0.999899 -1.60149e-009 0.0141981 -0.00264442 0.982502 0.186232 -0.0139497 -0.186251 0.982403 0.0187134 2.12557 3.50238</i>
                        <i>0.999486 -1.31446e-009 0.0320519 -0.00579526 0.983518 0.180716 -0.0315236 -0.180809 0.983013 0.0420613 2.05896 3.71572</i>
                        <i>0.99924 2.9645e-009 0.03899 -0.0053218 0.990641 0.136387 -0.0386252 -0.136491 0.989888 0.0510251 2.04687 3.92667</i>
                        <i>0.999535 -3.56376e-009 0.0304787 -0.00211204 0.997596 0.0692633 -0.0304055 -0.0692955 0.997133 0.0401645 2.06651 4.12412</i>
                        <i>0.99992 -5.37733e-009 0.0126275 6.68157e-005 0.999986 -0.00529063 -0.0126274 0.00529105 0.999906 0.0168989 2.09674 4.31003</i>
                        <i>0.999924 4.97788e-010 -0.0123614 -0.000637089 0.998671 -0.0515349 0.0123449 0.0515389 0.998595 -0.016805 2.14302 4.49562</i>
                        <i>0.999229 5.19098e-009 -0.0392486 -0.00206475 0.998615 -0.0525667 0.0391943 0.0526072 0.997846 -0.0539867 2.18994 4.68727</i>
                        <i>0.998249 1.71757e-008 -0.0591568 -0.00115432 0.99981 -0.0194787 0.0591455 0.0195129 0.998059 -0.0820242 2.21359 4.88423</i>
                        <i>0.997491 1.19091e-008 -0.070789 0.000956482 0.999909 0.0134779 0.0707825 -0.0135118 0.9974 -0.0986916 2.19595 5.08423</i>
                        <i>0.996964 1.93123e-008 -0.0778637 0.00329895 0.999102 0.0422396 0.0777938 -0.0423683 0.996069 -0.108053 2.15047 5.29783</i>
                        <i>0.996833 9.89906e-009 -0.0795266 0.00559515 0.997522 0.070133 0.0793295 -0.0703558 0.994363 -0.108187 2.09966 5.53158</i>
                        <i>0.997409 -6.51852e-009 -0.0719356 0.00739123 0.994707 0.102482 0.0715548 -0.102748 0.992131 -0.0951155 2.06872 5.77507</i>
                        <i>0.998593 -5.11053e-009 -0.0530264 0.00742181 0.990157 0.139767 0.0525044 -0.139964 0.988764 -0.068108 2.0772 6.01735</i>
                        <i>0.999514 4.81251e-009 -0.0311746 0.00539638 0.984904 0.173017 0.030704 -0.173101 0.984425 -0.0393967 2.11773 6.24278</i>
                        <i>0.999805 -3.96869e-009 -0.0197397 0.00384994 0.980796 0.194998 0.0193606 -0.195036 0.980605 -0.0250064 2.16843 6.44311</i>
                        <i>0.99992 8.9371e-009 -0.0126198 0.00239409 0.981841 0.189693 0.0123907 -0.189708 0.981762 -0.0162649 2.20037 6.62141</i>
                        <i>0.999997 4.19214e-009 -0.0023738 0.0003419 0.989574 0.144028 0.00234906 -0.144029 0.989571 -0.00314263 2.18637 6.78486</i>
                        <i>0.999899 -1.60149e-009 0.0141981 -0.00095829 0.99772 0.0674875 -0.0141658 -0.0674943 0.997619 0.0192629 2.13053 6.95027</i>
                        <i>0.999486 -1.31446e-009 0.0320519 0.000394817 0.999924 -0.0123114 -0.0320495 0.0123177 0.99941 0.0440787 2.06431 7.13139</i>
                    </KeyFrames>
                </p>
            </i>
            <i>
                <p>
                    <Name><![CDATA[l_clav]]></Name>
                    <Exclude>0</Exclude>
                    <Additive>0</Additive>
                    <IKPriority>0</IKPriority>
                    <IKRotLimits>-1e+010 -1e+010 -1e+010 1e+010 1e+010 1e+010</IKRotLimits>
                    <IKRotLimitOrder>0</IKRotLimitOrder>
                    <KeyFrames count="35">
                        <i>0.705951 0.703934 -0.0781619 -0.657198 0.692197 0.298251 0.264053 -0.159183 0.951282 0.108572 1.5374 0.0785766</i>
                        <i>0.731175 0.681671 -0.02662 -0.650769 0.708672 0.272551 0.204655 -0.181959 0.961773 0.114095 1.52187 0.304228</i>
                        <i>0.734757 0.676738 0.046453 -0.667988 0.709943 0.223097 0.117999 -0.194952 0.973689 0.105712 1.53951 0.526675</i>
                        <i>0.717751 0.687078 0.112943 -0.695346 0.698792 0.167877 0.036421 -0.199029 0.979317 0.0891311 1.57024 0.741905</i>
                        <i>0.682054 0.712987 0.162644 -0.730936 0.671672 0.120783 -0.023127 -0.201263 0.979264 0.0662851 1.61998 0.947658</i>
                        <i>0.637167 0.749312 0.180419 -0.769445 0.631926 0.0928691 -0.0444235 -0.197996 0.979196 0.0414259 1.67147 1.14397</i>
                        <i>0.601345 0.781463 0.166433 -0.797787 0.598694 0.0714241 -0.043827 -0.175728 0.983463 0.0219921 1.69828 1.3362</i>
                        <i>0.573681 0.806569 0.142605 -0.817873 0.573531 0.0463279 -0.0444216 -0.14321 0.988695 0.0111577 1.68315 1.53325</i>
                        <i>0.549506 0.825735 0.127294 -0.834522 0.549791 0.0360875 -0.0401861 -0.12606 0.991208 0.00652843 1.6408 1.74168</i>
                        <i>0.540457 0.831634 0.127635 -0.841084 0.537983 0.0561422 -0.0219755 -0.137694 0.990231 0.00768524 1.59238 1.96323</i>
                        <i>0.552463 0.823527 0.12879 -0.833394 0.542874 0.103644 0.0154369 -0.164593 0.986241 0.0173601 1.56225 2.18768</i>
                        <i>0.574169 0.812993 0.096811 -0.811714 0.549796 0.197091 0.107008 -0.191747 0.975594 0.0376109 1.57195 2.40338</i>
                        <i>0.590826 0.80547 0.0462888 -0.779961 0.555556 0.288129 0.206363 -0.206337 0.956472 0.0586583 1.61381 2.60588</i>
                        <i>0.598921 0.800736 0.0107043 -0.761447 0.565293 0.317241 0.247975 -0.198153 0.948285 0.0689285 1.6643 2.8</i>
                        <i>0.605303 0.795618 -0.0245078 -0.748865 0.57963 0.321296 0.269834 -0.176128 0.946662 0.0749534 1.69341 2.98917</i>
                        <i>0.627488 0.776496 -0.0575543 -0.726403 0.610415 0.315805 0.280354 -0.156357 0.947077 0.0822032 1.67242 3.18017</i>
                        <i>0.669273 0.73912 -0.075993 -0.691126 0.656818 0.301553 0.272798 -0.149301 0.950416 0.0942446 1.6081 3.38402</i>
                        <i>0.705951 0.703934 -0.0781619 -0.657198 0.692197 0.298251 0.264053 -0.159183 0.951282 0.108572 1.5374 3.6</i>
                        <i>0.731175 0.681671 -0.02662 -0.650769 0.708672 0.272551 0.204655 -0.181959 0.961773 0.114095 1.52187 3.82573</i>
                        <i>0.734757 0.676738 0.046453 -0.667988 0.709943 0.223097 0.117999 -0.194952 0.973689 0.105712 1.53951 4.04814</i>
                        <i>0.717751 0.687078 0.112943 -0.695346 0.698792 0.167877 0.036421 -0.199029 0.979317 0.0891311 1.57024 4.26321</i>
                        <i>0.682054 0.712987 0.162644 -0.730936 0.671672 0.120783 -0.023127 -0.201263 0.979264 0.0662851 1.61998 4.46867</i>
                        <i>0.637167 0.749312 0.180419 -0.769445 0.631926 0.0928691 -0.0444235 -0.197996 0.979196 0.0414259 1.67147 4.66458</i>
                        <i>0.601345 0.781463 0.166433 -0.797787 0.598694 0.0714241 -0.043827 -0.175728 0.983463 0.0219921 1.69828 4.85627</i>
                        <i>0.573681 0.806569 0.142605 -0.817873 0.573531 0.0463279 -0.0444216 -0.14321 0.988695 0.0111577 1.68315 5.05266</i>
                        <i>0.549506 0.825735 0.127294 -0.834522 0.549791 0.0360875 -0.0401861 -0.12606 0.991208 0.00652843 1.6408 5.26031</i>
                        <i>0.540457 0.831634 0.127635 -0.841084 0.537983 0.0561422 -0.0219755 -0.137694 0.990231 0.00768524 1.59238 5.48096</i>
                        <i>0.552463 0.823527 0.12879 -0.833394 0.542874 0.103644 0.0154369 -0.164593 0.986241 0.0173601 1.56225 5.70439</i>
                        <i>0.574169 0.812993 0.096811 -0.811714 0.549796 0.197091 0.107008 -0.191747 0.975594 0.0376109 1.57195 5.91894</i>
                        <i>0.590826 0.80547 0.0462888 -0.779961 0.555556 0.288129 0.206363 -0.206337 0.956472 0.0586583 1.61381 6.12017</i>
                        <i>0.598921 0.800736 0.0107043 -0.761447 0.565293 0.317241 0.247975 -0.198153 0.948285 0.0689285 1.6643 6.31085</i>
                        <i>0.605303 0.795618 -0.0245078 -0.748865 0.57963 0.321296 0.269834 -0.176128 0.946662 0.0749534 1.69341 6.4933</i>
                        <i>0.627488 0.776496 -0.0575543 -0.726403 0.610415 0.315805 0.280354 -0.156357 0.947077 0.0822032 1.67242 6.67575</i>
                        <i>0.669273 0.73912 -0.075993 -0.691126 0.656818 0.301553 0.272798 -0.149301 0.950416 0.0942446 1.6081 6.8706</i>
                        <i>0.705951 0.703934 -0.0781619 -0.657198 0.692197 0.298251 0.264053 -0.159183 0.951282 0.108572 1.5374 7.07858</i>
                    </KeyFrames>
                </p>
            </i>
            <i>
                <p>
                    <Name><![CDATA[l_shoulder]]></Name>
                    <Exclude>0</Exclude>
                    <Additive>0</Additive>
                    <IKPriority>0</IKPriority>
                    <IKRotLimits>-1e+010 -1e+010 -1e+010 1e+010 1e+010 1e+010</IKRotLimits>
                    <IKRotLimitOrder>0</IKRotLimitOrder>
                    <KeyFrames count="35">
                        <i>0.683183 0.193938 0.704023 0.62297 0.348233 -0.700458 -0.38101 0.917127 0.117089 0.266414 1.6903 0.0630931</i>
                        <i>0.662182 0.175795 0.728431 0.657295 0.330529 -0.677284 -0.359831 0.927279 0.103322 0.277321 1.66976 0.30019</i>
