<?xml version="1.0" encoding="ISO-8859-1" ?>
<Animl Version="1">
    <ModellingPackage>
        <![CDATA[Maya.2010]]>
</ModellingPackage>
    <SrcFile>
        <![CDATA[anims\characters\shared\base_soldier\~src\infantry\throwgrenade.mb]]>
</SrcFile>
    <FramesPerSecond>30</FramesPerSecond>
    <TotalFrames>44</TotalFrames>
    <Skeleton>
        <RefFrame>
            <Name>
                <![CDATA[soldier_ref_frame]]>
</Name>
            <Exclude>1</Exclude>
            <Additive>0</Additive>
            <IKPriority>0</IKPriority>
            <IKRotLimits>-1e+010 -1e+010 -1e+010 1e+010 1e+010 1e+010</IKRotLimits>
            <IKRotLimitOrder>0</IKRotLimitOrder>
            <KeyFrames count="44">
                <i>1 0 0 0 1 0 0 0 1 0 0 0</i>
                <i>1 0 0 0 1 0 0 0 1 0 0 0</i>
                <i>1 0 0 0 1 0 0 0 1 0 0 0</i>
                <i>1 0 0 0 1 0 0 0 1 0 0 0</i>
                <i>1 0 0 0 1 0 0 0 1 0 0 0</i>
                <i>1 0 0 0 1 0 0 0 1 0 0 0</i>
                <i>1 0 0 0 1 0 0 0 1 0 0 0</i>
                <i>1 0 0 0 1 0 0 0 1 0 0 0</i>
                <i>1 0 0 0 1 0 0 0 1 0 0 0</i>
                <i>1 0 0 0 1 0 0 0 1 0 0 0</i>
                <i>1 0 0 0 1 0 0 0 1 0 0 0</i>
                <i>1 0 0 0 1 0 0 0 1 0 0 0</i>
                <i>1 0 0 0 1 0 0 0 1 0 0 0</i>
                <i>1 0 0 0 1 0 0 0 1 0 0 0</i>
                <i>1 0 0 0 1 0 0 0 1 0 0 0</i>
                <i>1 0 0 0 1 0 0 0 1 0 0 0</i>
                <i>1 0 0 0 1 0 0 0 1 0 0 0</i>
                <i>1 0 0 0 1 0 0 0 1 0 0 0</i>
                <i>1 0 0 0 1 0 0 0 1 0 0 0</i>
                <i>1 0 0 0 1 0 0 0 1 0 0 0</i>
                <i>1 0 0 0 1 0 0 0 1 0 0 0</i>
                <i>1 0 0 0 1 0 0 0 1 0 0 0</i>
                <i>1 0 0 0 1 0 0 0 1 0 0 0</i>
                <i>1 0 0 0 1 0 0 0 1 0 0 0</i>
                <i>1 0 0 0 1 0 0 0 1 0 0 0</i>
                <i>1 0 0 0 1 0 0 0 1 0 0 0</i>
                <i>1 0 0 0 1 0 0 0 1 0 0 0</i>
                <i>1 0 0 0 1 0 0 0 1 0 0 0</i>
                <i>1 0 0 0 1 0 0 0 1 0 0 0</i>
                <i>1 0 0 0 1 0 0 0 1 0 0 0</i>
                <i>1 0 0 0 1 0 0 0 1 0 0 0</i>
                <i>1 0 0 0 1 0 0 0 1 0 0 0</i>
                <i>1 0 0 0 1 0 0 0 1 0 0 0</i>
                <i>1 0 0 0 1 0 0 0 1 0 0 0</i>
                <i>1 0 0 0 1 0 0 0 1 0 0 0</i>
                <i>1 0 0 0 1 0 0 0 1 0 0 0</i>
                <i>1 0 0 0 1 0 0 0 1 0 0 0</i>
                <i>1 0 0 0 1 0 0 0 1 0 0 0</i>
                <i>1 0 0 0 1 0 0 0 1 0 0 0</i>
                <i>1 0 0 0 1 0 0 0 1 0 0 0</i>
                <i>1 0 0 0 1 0 0 0 1 0 0 0</i>
                <i>1 0 0 0 1 0 0 0 1 0 0 0</i>
                <i>1 0 0 0 1 0 0 0 1 0 0 0</i>
                <i>1 0 0 0 1 0 0 0 1 0 0 0</i>
            </KeyFrames>
        </RefFrame>
        <Bones count="23">
            <i>
                <p>
                    <Name>
                        <![CDATA[pelvis]]>
</Name>
                    <Exclude>1</Exclude>
                    <Additive>0</Additive>
                    <IKPriority>0</IKPriority>
                    <IKRotLimits>-1e+010 -1e+010 -1e+010 1e+010 1e+010 1e+010</IKRotLimits>
                    <IKRotLimitOrder>2</IKRotLimitOrder>
                    <KeyFrames count="44">
                        <i>1 0 0 0 1 0 0 0 1 5.01745e-018 1.03928 -0.018582</i>
                        <i>1 0 0 0 1 0 0 0 1 1.61688e-018 1.03928 0.118717</i>
                        <i>1 0 0 0 1 0 0 0 1 1.38113e-018 1.03928 0.256017</i>
                        <i>1 0 0 0 1 0 0 0 1 8.47192e-019 1.03928 0.393316</i>
                        <i>1 0 0 0 1 0 0 0 1 8.02575e-021 1.03928 0.530615</i>
                        <i>1 0 0 0 1 0 0 0 1 -9.19173e-019 1.03928 0.667914</i>
                        <i>1 0 0 0 1 0 0 0 1 -1.67649e-018 1.03928 0.805214</i>
                        <i>1 0 0 0 1 0 0 0 1 -2.17818e-018 1.03928 0.942513</i>
                        <i>1 0 0 0 1 0 0 0 1 -3.57839e-018 1.03928 1.07981</i>
                        <i>1 0 0 0 1 0 0 0 1 -5.9276e-018 1.03928 1.21711</i>
                        <i>1 0 0 0 1 0 0 0 1 -7.69123e-018 1.03928 1.35441</i>
                        <i>1 0 0 0 1 0 0 0 1 -7.47129e-018 1.03928 1.49171</i>
                        <i>1 0 0 0 1 0 0 0 1 -5.70679e-018 1.03928 1.62901</i>
                        <i>1 0 0 0 1 0 0 0 1 -3.76462e-018 1.03928 1.76631</i>
                        <i>1 0 0 0 1 0 0 0 1 -1.72266e-018 1.03928 1.90361</i>
                        <i>1 0 0 0 1 0 0 0 1 3.28482e-019 1.03928 2.04091</i>
                        <i>1 0 0 0 1 0 0 0 1 2.29612e-018 1.03928 2.17821</i>
                        <i>1 0 0 0 1 0 0 0 1 4.09693e-018 1.03928 2.31551</i>
                        <i>1 0 0 0 1 0 0 0 1 6.14106e-018 1.03928 2.45281</i>
                        <i>1 0 0 0 1 0 0 0 1 1.1292e-017 1.03928 2.5901</i>
                        <i>1 0 0 0 1 0 0 0 1 1.97135e-017 1.03928 2.7274</i>
                        <i>1 0 0 0 1 0 0 0 1 2.78737e-017 1.03928 2.8647</i>
                        <i>1 0 0 0 1 0 0 0 1 3.19139e-017 1.03928 3.002</i>
                        <i>1 0 0 0 1 0 0 0 1 3.23709e-017 1.03928 3.1393</i>
                        <i>1 0 0 0 1 0 0 0 1 3.24457e-017 1.03928 3.2766</i>
                        <i>1 0 0 0 1 0 0 0 1 3.21704e-017 1.03928 3.4139</i>
                        <i>1 0 0 0 1 0 0 0 1 3.15774e-017 1.03928 3.5512</i>
                        <i>1 0 0 0 1 0 0 0 1 3.06999e-017 1.03928 3.6885</i>
                        <i>1 0 0 0 1 0 0 0 1 2.95709e-017 1.03928 3.8258</i>
                        <i>1 0 0 0 1 0 0 0 1 2.82238e-017 1.03928 3.9631</i>
                        <i>1 0 0 0 1 0 0 0 1 2.66917e-017 1.03928 4.1004</i>
                        <i>1 0 0 0 1 0 0 0 1 2.50077e-017 1.03928 4.2377</i>
                        <i>1 0 0 0 1 0 0 0 1 2.32045e-017 1.03928 4.375</i>
                        <i>1 0 0 0 1 0 0 0 1 2.13144e-017 1.03928 4.51229</i>
                        <i>1 0 0 0 1 0 0 0 1 1.93691e-017 1.03928 4.64959</i>
                        <i>1 0 0 0 1 0 0 0 1 1.73997e-017 1.03928 4.78689</i>
                        <i>1 0 0 0 1 0 0 0 1 1.54366e-017 1.03928 4.92419</i>
                        <i>1 0 0 0 1 0 0 0 1 1.35091e-017 1.03928 5.06149</i>
                        <i>1 0 0 0 1 0 0 0 1 1.16459e-017 1.03928 5.19879</i>
                        <i>1 0 0 0 1 0 0 0 1 9.87461e-018 1.03928 5.33609</i>
                        <i>1 0 0 0 1 0 0 0 1 8.22212e-018 1.03928 5.47339</i>
                        <i>1 0 0 0 1 0 0 0 1 6.71433e-018 1.03928 5.61069</i>
                        <i>1 0 0 0 1 0 0 0 1 5.37645e-018 1.03928 5.74799</i>
                        <i>1 0 0 0 1 0 0 0 1 4.23309e-018 1.03928 5.88529</i>
                    </KeyFrames>
                </p>
            </i>
            <i>
                <p>
                    <Name>
                        <![CDATA[spine0]]>
</Name>
                    <Exclude>0</Exclude>
                    <Additive>0</Additive>
                    <IKPriority>0</IKPriority>
                    <IKRotLimits>-1e+010 -1e+010 -1e+010 1e+010 1e+010 1e+010</IKRotLimits>
                    <IKRotLimitOrder>0</IKRotLimitOrder>
                    <KeyFrames count="44">
                        <i>0.0376543 0.859698 0.509414 -0.9879 -0.0447266 0.148504 0.150453 -0.508841 0.847611 -0.00780975 1.15986 0.0383301</i>
                        <i>-0.0148519 0.889323 0.457037 -0.998278 0.012755 -0.0572594 -0.0567517 -0.457101 0.887603 0.00717202 1.1734 0.136111</i>
                        <i>-0.0614278 0.914123 0.400757 -0.994653 -0.0226659 -0.100759 -0.0830225 -0.404803 0.910627 0.00923114 1.17423 0.269077</i>
                        <i>-0.102927 0.934073 0.341925 -0.989469 -0.0609782 -0.131271 -0.101767 -0.351836 0.930513 0.00980991 1.17431 0.405873</i>
                        <i>-0.138487 0.948295 0.285583 -0.983774 -0.0985123 -0.149944 -0.114057 -0.301715 0.946551 0.00900713 1.17402 0.544833</i>
                        <i>-0.167877 0.957633 0.234001 -0.978652 -0.133346 -0.156397 -0.118568 -0.255261 0.959575 0.00713823 1.1736 0.6843</i>
                        <i>-0.185172 0.964132 0.190158 -0.976378 -0.158579 -0.146758 -0.111339 -0.212841 0.970722 0.00454578 1.17337 0.822638</i>
                        <i>-0.190412 0.966934 0.16965 -0.977858 -0.17153 -0.119879 -0.0868148 -0.18872 0.978186 0.00133105 1.17331 0.959857</i>
                        <i>-0.191409 0.966241 0.172456 -0.980364 -0.179721 -0.0811577 -0.0474238 -0.184604 0.981668 -0.00399748 1.17307 1.09704</i>
                        <i>-0.18986 0.965386 0.178838 -0.981811 -0.186733 -0.0343182 0.000264683 -0.182101 0.98328 -0.0114283 1.17249 1.23414</i>
                        <i>-0.186773 0.96463 0.186022 -0.980996 -0.193262 0.0172158 0.052558 -0.179272 0.982395 -0.0187243 1.17163 1.37121</i>
                        <i>-0.179656 0.961045 0.210037 -0.97763 -0.198165 0.0705024 0.109378 -0.192673 0.975148 -0.0236822 1.17086 1.5084</i>
                        <i>-0.160922 0.955186 0.248442 -0.972568 -0.19631 0.124797 0.167976 -0.221544 0.960574 -0.0266065 1.17032 1.64574</i>
                        <i>-0.135002 0.950513 0.279822 -0.965853 -0.189268 0.176932 0.221138 -0.246381 0.943607 -0.0291017 1.16981 1.78314</i>
                        <i>-0.113461 0.947234 0.299789 -0.957546 -0.184737 0.221307 0.265012 -0.261952 0.927982 -0.0309508 1.16938 1.92059</i>
                        <i>-0.095102 0.942057 0.321691 -0.949282 -0.183114 0.255603 0.299699 -0.281067 0.911692 -0.0319409 1.16913 2.05807</i>
                        <i>-0.0790842 0.935158 0.345289 -0.94294 -0.182556 0.278455 0.323434 -0.303566 0.896236 -0.0318609 1.16911 2.19557</i>
                        <i>-0.0635439 0.928518 0.365811 -0.940419 -0.178398 0.28946 0.334028 -0.325622 0.884531 -0.030497 1.16936 2.33306</i>
                        <i>-0.0469011 0.922176 0.383915 -0.940708 -0.170041 0.293522 0.33596 -0.347385 0.875474 -0.0278089 1.16987 2.47056</i>
                        <i>-0.031737 0.916272 0.399297 -0.941687 -0.161307 0.295306 0.33499 -0.36664 0.867961 -0.0206663 1.17105 2.60828</i>
                        <i>-0.0210067 0.910893 0.412108 -0.943453 -0.154463 0.293323 0.330841 -0.382642 0.862629 -0.00903155 1.17239 2.74604</i>
                        <i>-0.0136825 0.905947 0.42317 -0.94602 -0.148785 0.287939 0.323818 -0.396388 0.85908 0.0022572 1.17303 2.88352</i>
                        <i>-0.00991889 0.901506 0.432653 -0.948787 -0.145113 0.280615 0.31576 -0.407713 0.856777 0.0082692 1.17311 3.02078</i>
                        <i>-0.0115806 0.898755 0.438299 -0.951525 -0.144635 0.271441 0.307353 -0.413909 0.856863 0.00983365 1.17311 3.158</i>
                        <i>-0.0183483 0.898606 0.438373 -0.954512 -0.14625 0.259841 0.297606 -0.413665 0.860414 0.0110715 1.17311 3.29521</i>
                        <i>-0.0270866 0.900761 0.43347 -0.957714 -0.14764 0.246955 0.286445 -0.408451 0.86667 0.0120079 1.17311 3.43241</i>
                        <i>-0.0349619 0.904614 0.424796 -0.961132 -0.146915 0.233755 0.273867 -0.400113 0.874589 0.0126679 1.17312 3.5696</i>
                        <i>-0.0398527 0.90924 0.414361 -0.964772 -0.142942 0.22087 0.260053 -0.390962 0.882905 0.0130768 1.17313 3.70679</i>
                        <i>-0.0406834 0.913502 0.404795 -0.968588 -0.135525 0.208493 0.245319 -0.383597 0.890321 0.0132594 1.17314 3.84398</i>
                        <i>-0.0374663 0.916205 0.398954 -0.972476 -0.125305 0.196439 0.22997 -0.380614 0.895683 0.0132408 1.17317 3.98118</i>
                        <i>-0.0309675 0.91619 0.399546 -0.976303 -0.113383 0.184326 0.214179 -0.38437 0.89799 0.0130458 1.17319 4.11837</i>
                        <i>-0.0228787 0.913996 0.405078 -0.979963 -0.100695 0.171854 0.197863 -0.39303 0.897986 0.0126989 1.17322 4.25558</i>
                        <i>-0.014478 0.910985 0.412185 -0.983387 -0.0875701 0.159 0.180942 -0.403036 0.897119 0.012225 1.17326 4.39279</i>
                        <i>-0.00603719 0.907263 0.420521 -0.986526 -0.0741592 0.145833 0.163495 -0.413974 0.895486 0.0116484 1.17329 4.53001</i>
                        <i>0.00224718 0.902948 0.429745 -0.989337 -0.060574 0.132447 0.145624 -0.42546 0.893184 0.0109936 1.17332 4.66723</i>
                        <i>0.0102294 0.898172 0.439526 -0.991792 -0.0469122 0.118948 0.127455 -0.437135 0.890319 0.0102851 1.17334 4.80447</i>
                        <i>0.0177933 0.893079 0.449548 -0.993868 -0.0332772 0.105447 0.109132 -0.448667 0.887011 0.00954709 1.17336 4.94171</i>
                        <i>0.0248346 0.887829 0.459502 -0.995558 -0.0197932 0.0920501 0.0908197 -0.459747 0.883394 0.00880397 1.17338 5.07896</i>
                        <i>0.0312472 0.882598 0.46909 -0.996864 -0.00661699 0.0788535 0.0726999 -0.470083 0.879623 0.00808003 1.17339 5.21622</i>
                        <i>0.0369139 0.877574 0.478018 -0.997805 0.00605495 0.0659374 0.0549706 -0.479403 0.875872 0.00739953 1.1734 5.35349</i>
                        <i>0.0417005 0.872965 0.485998 -0.998413 0.0179843 0.0533638 0.0378444 -0.487452 0.872329 0.00678678 1.1734 5.49076</i>
                        <i>0.0454548 0.868985 0.492747 -0.998734 0.0288937 0.0411755 0.0215436 -0.493995 0.869198 0.00626607 1.1734 5.62805</i>
                        <i>0.0480104 0.865855 0.497986 -0.998827 0.0384755 0.0293982 0.00629428 -0.498814 0.866686 0.00586173 1.1734 5.76534</i>
                        <i>0.0300301 0.862931 0.504428 -0.999537 0.0284493 0.0108368 -0.00499923 -0.50452 0.863386 0.00559812 1.1734 5.90263</i>
                    </KeyFrames>
                </p>
            </i>
            <i>
                <p>
                    <Name>
                        <![CDATA[spine1]]>
</Name>
                    <Exclude>0</Exclude>
                    <Additive>0</Additive>
                    <IKPriority>0</IKPriority>
                    <IKRotLimits>-1e+010 -1e+010 -1e+010 1e+010 1e+010 1e+010</IKRotLimits>
                    <IKRotLimitOrder>0</IKRotLimitOrder>
                    <KeyFrames count="44">
                        <i>0.168921 0.763657 0.623132 -0.975003 0.0368817 0.219109 0.144342 -0.644568 0.750798 -0.00369467 1.31132 0.137117</i>
                        <i>-0.00389884 0.744794 0.667283 -0.999992 -0.00370889 -0.0017031 0.00120642 -0.667284 0.744802 0.00539191 1.33274 0.227629</i>
                        <i>-0.132298 0.818753 0.558696 -0.980559 -0.0256967 -0.194536 -0.14492 -0.573571 0.806235 -0.00108564 1.33779 0.349665</i>
                        <i>-0.24059 0.875968 0.418087 -0.927529 -0.0805588 -0.364966 -0.286018 -0.475595 0.831867 -0.00820034 1.34085 0.474861</i>
                        <i>-0.32192 0.907112 0.271137 -0.860366 -0.160764 -0.483659 -0.395144 -0.388976 0.832201 -0.0156888 1.34263 0.602753</i>
                        <i>-0.377536 0.915475 0.139181 -0.793261 -0.242206 -0.558635 -0.477706 -0.321311 0.817653 -0.0232464 1.34367 0.732104</i>
                        <i>-0.401256 0.915134 0.0390369 -0.736542 -0.297028 -0.607684 -0.544517 -0.27259 0.793219 -0.0293958 1.34431 0.861703</i>
                        <i>-0.399919 0.91655 0.000865607 -0.704153 -0.306639 -0.640423 -0.586714 -0.256727 0.768022 -0.0340418 1.34415 0.994552</i>
                        <i>-0.382577 0.923778 0.0163785 -0.705956 -0.280839 -0.650197 -0.596038 -0.260313 0.759589 -0.0401497 1.34295 1.13178</i>
                        <i>-0.345787 0.937343 0.0426567 -0.739389 -0.244208 -0.627429 -0.577699 -0.248497 0.777505 -0.048034 1.34137 1.26958</i>
                        <i>-0.264277 0.962394 0.0628877 -0.856331 -0.204154 -0.474361 -0.443684 -0.179215 0.878081 -0.0557327 1.34021 1.40763</i>
                        <i>-0.138613 0.985251 0.100337 -0.982605 -0.124178 -0.138084 -0.123588 -0.117732 0.985325 -0.0606301 1.33997 1.54936</i>
                        <i>0.00160153 0.987703 0.156335 -0.967509 -0.0379962 0.249967 0.252833 -0.151656 0.95555 -0.0613786 1.34036 1.69438</i>
                        <i>0.123026 0.970977 0.205107 -0.860915 0.0016137 0.508747 0.493651 -0.239169 0.836126 -0.0601078 1.34067 1.8382</i>
                        <i>0.203231 0.948415 0.243324 -0.771801 0.00224989 0.63586 0.602512 -0.317024 0.732445 -0.0587497 1.34065 1.97977</i>
                        <i>0.262523 0.921984 0.284655 -0.68875 -0.0275633 0.724475 0.6758 -0.386247 0.62778 -0.0568999 1.34005 2.12173</i>
                        <i>0.306757 0.893451 0.328093 -0.614943 -0.0770586 0.784797 0.726461 -0.4425 0.525783 -0.0541699 1.33904 2.26399</i>
                        <i>0.343178 0.864907 0.366284 -0.556207 -0.12711 0.821265 0.756877 -0.48557 0.437446 -0.04995 1.33809 2.40555</i>
                        <i>0.378103 0.835074 0.399612 -0.508822 -0.173155 0.843278 0.773394 -0.522178 0.359433 -0.0439979 1.3372 2.54654</i>
                        <i>0.391346 0.811176 0.434559 -0.486056 -0.218774 0.846101 0.781407 -0.542339 0.308661 -0.0338051 1.33617 2.68682</i>
                        <i>0.369805 0.796664 0.478091 -0.498229 -0.264292 0.825783 0.784227 -0.543578 0.299185 -0.0199376 1.33477 2.82631</i>
                        <i>0.333383 0.782979 0.525166 -0.533673 -0.302475 0.789748 0.777206 -0.543555 0.317015 -0.00705794 1.33326 2.96538</i>
                        <i>0.307045 0.764079 0.567369 -0.57858 -0.323476 0.748738 0.755625 -0.558164 0.342759 -0.000143727 1.33224 3.10433</i>
                        <i>0.279601 0.752398 0.596423 -0.62827 -0.326357 0.706235 0.726017 -0.572178 0.38146 0.0012839 1.33213 3.24284</i>
                        <i>0.229753 0.759316 0.608813 -0.683438 -0.319488 0.656383 0.692911 -0.566892 0.445542 0.0014277 1.33278 3.3804</i>
                        <i>0.169981 0.779338 0.603108 -0.738774 -0.304249 0.601369 0.652165 -0.547781 0.524038 0.000907023 1.33388 3.517</i>
                        <i>0.111756 0.806409 0.580702 -0.79031 -0.282132 0.543886 0.602429 -0.519717 0.605783 0.000297177 1.33509 3.65277</i>
                        <i>0.0639429 0.834661 0.547039 -0.83537 -0.255119 0.486901 0.545957 -0.488114 0.680938 4.3464e-005 1.33611 3.78803</i>
                        <i>0.0315666 0.85885 0.511253 -0.872371 -0.225976 0.433479 0.487825 -0.459685 0.742103 0.000381616 1.33674 3.92331</i>
                        <i>0.015622 0.874476 0.484817 -0.9006 -0.198334 0.386759 0.434368 -0.442669 0.784455 0.00132324 1.33691 4.05926</i>
                        <i>0.0142095 0.877273 0.479781 -0.919987 -0.176494 0.349964 0.391692 -0.446365 0.804572 0.00272848 1.33666 4.19651</i>
                        <i>0.0207291 0.870212 0.492241 -0.933426 -0.159537 0.321346 0.35817 -0.466132 0.808972 0.00429095 1.33617 4.33479</i>
                        <i>0.0295787 0.859619 0.510079 -0.944103 -0.14359 0.296734 0.328321 -0.490344 0.807321 0.00579213 1.3356 4.47343</i>
                        <i>0.0397447 0.845681 0.532207 -0.952578 -0.128746 0.275716 0.301687 -0.517928 0.80046 0.00720373 1.33498 4.61237</i>
                        <i>0.0504556 0.828672 0.557456 -0.959308 -0.115053 0.257857 0.277816 -0.547783 0.789147 0.00851203 1.33433 4.75153</i>
                        <i>0.0611137 0.808986 0.584643 -0.96467 -0.102519 0.242697 0.256275 -0.578819 0.774139 0.00971265 1.33366 4.89085</i>
                        <i>0.0712383 0.787156 0.612626 -0.968976 -0.0911145 0.229748 0.236666 -0.609987 0.756244 0.0108061 1.33297 5.03026</i>
                        <i>0.0804198 0.763863 0.640348 -0.97249 -0.0807764 0.21849 0.218621 -0.640303 0.736354 0.0117941 1.33228 5.1697</i>
                        <i>0.0882851 0.73993 0.666865 -0.97544 -0.0714084 0.208369 0.201798 -0.668883 0.715453 0.0126773 1.33161 5.30909</i>
                        <i>0.0944717 0.716306 0.691362 -0.978021 -0.0628845 0.198796 0.185875 -0.694947 0.694621 0.0134528 1.33096 5.44838</i>
                        <i>0.0986104 0.694037 0.713154 -0.980405 -0.0550554 0.189144 0.170536 -0.717831 0.675008 0.0141139 1.33035 5.58748</i>
                        <i>0.100316 0.67424 0.731668 -0.982735 -0.0477573 0.178747 0.155461 -0.736967 0.657808 0.0146497 1.32982 5.72633</i>
                        <i>0.099183 0.658057 0.746407 -0.985129 -0.0408262 0.166898 0.140301 -0.75186 0.644222 0.0150467 1.32938 5.86485</i>
                        <i>0.107628 0.647075 0.754791 -0.986654 -0.0237853 0.161081 0.122185 -0.762055 0.635879 0.0115241 1.32915 6.0037</i>
                    </KeyFrames>
                </p>
            </i>
            <i>
                <p>
                    <Name>
                        <![CDATA[spine2]]>
</Name>
                    <Exclude>0</Exclude>
                    <Additive>0</Additive>
                    <IKPriority>0</IKPriority>
                    <IKRotLimits>-1e+010 -1e+010 -1e+010 1e+010 1e+010 1e+010</IKRotLimits>
                    <IKRotLimitOrder>0</IKRotLimitOrder>
                    <KeyFrames count="44">
                        <i>0.166721 0.611156 0.773752 -0.979897 0.0154962 0.1989 0.109569 -0.791359 0.601453 0.02595 1.42539 0.234491</i>
                        <i>0.0621865 0.695098 0.71622 -0.998021 0.0499961 0.0381325 -0.00930242 -0.717174 0.696832 0.00406606 1.44947 0.339885</i>
                        <i>-0.0550693 0.774459 0.630223 -0.987092 0.0528415 -0.151188 -0.150391 -0.630414 0.761552 -0.0229744 1.46713 0.443535</i>
                        <i>-0.159134 0.835669 0.525675 -0.945497 0.0242221 -0.324729 -0.284099 -0.548699 0.786268 -0.0471433 1.47931 0.544556</i>
                        <i>-0.240769 0.874493 0.421062 -0.891886 -0.0282224 -0.451379 -0.382844 -0.484217 0.786743 -0.0673568 1.48577 0.647177</i>
                        <i>-0.301463 0.894571 0.329943 -0.838802 -0.0842864 -0.537872 -0.453356 -0.438905 0.775778 -0.0834004 1.48784 0.754034</i>
                        <i>-0.336151 0.905019 0.260658 -0.791555 -0.121518 -0.598894 -0.510336 -0.407644 0.757221 -0.0923648 1.48806 0.867061</i>
                        <i>-0.346598 0.907455 0.237476 -0.761525 -0.1244 -0.636086 -0.547677 -0.40131 0.734166 -0.0952907 1.48764 0.99444</i>
                        <i>-0.341873 0.903663 0.257907 -0.75968 -0.104204 -0.641893 -0.553181 -0.415372 0.72212 -0.096744 1.48675 1.13521</i>
                        <i>-0.320493 0.902531 0.287613 -0.784435 -0.0826753 -0.614676 -0.530986 -0.422614 0.734474 -0.0965948 1.48631 1.27768</i>
                        <i>-0.222227 0.92645 0.303818 -0.884869 -0.0607927 -0.461856 -0.409416 -0.371476 0.833297 -0.0898515 1.48814 1.41644</i>
                        <i>-0.0329659 0.951934 0.304522 -0.991954 0.00609903 -0.126449 -0.122228 -0.306241 0.944075 -0.0760056 1.49166 1.55991</i>
                        <i>0.170944 0.941216 0.29136 -0.959957 0.0924882 0.264442 0.221949 -0.324898 0.919337 -0.0575975 1.49453 1.71219</i>
                        <i>0.318751 0.905341 0.280635 -0.839085 0.131822 0.527787 0.440833 -0.403709 0.801676 -0.038548 1.49479 1.86518</i>
                        <i>0.403574 0.869066 0.2861 -0.741231 0.127238 0.659081 0.536382 -0.478054 0.695528 -0.0242941 1.49295 2.01498</i>
                        <i>0.463048 0.835236 0.296594 -0.651695 0.094034 0.75263 0.600733 -0.541793 0.587861 -0.012911 1.48912 2.1659</i>
                        <i>0.506686 0.804455 0.310033 -0.571895 0.0445239 0.819118 0.64514 -0.592342 0.482624 -0.00329348 1.48378 2.31746</i>
                        <i>0.543709 0.774308 0.32377 -0.506901 -0.00449568 0.861992 0.668904 -0.632792 0.390053 0.0064427 1.47787 2.46714</i>
                        <i>0.582036 0.740741 0.335465 -0.451708 -0.0485151 0.890846 0.676161 -0.670036 0.306361 0.0176061 1.47129 2.61508</i>
                        <i>0.614982 0.705772 0.351685 -0.418377 -0.0860009 0.904193 0.6684 -0.703199 0.24239 0.0286095 1.46425 2.76171</i>
                        <i>0.632326 0.674298 0.381427 -0.41863 -0.116869 0.900605 0.651853 -0.729153 0.208382 0.0366942 1.45745 2.90796</i>
                        <i>0.63641 0.646058 0.421415 -0.443752 -0.140222 0.885111 0.630925 -0.750298 0.197451 0.0417667 1.45136 3.05411</i>
                        <i>0.630124 0.621455 0.465551 -0.484131 -0.154326 0.861278 0.607092 -0.7681 0.203621 0.0438846 1.44645 3.19979</i>
                        <i>0.604617 0.614484 0.506801 -0.53762 -0.154643 0.828885 0.58771 -0.773624 0.236859 0.0412273 1.44492 3.3432</i>
                        <i>0.554547 0.633521 0.539563 -0.603225 -0.140615 0.785078 0.573234 -0.760841 0.304178 0.0335483 1.4478 3.4828</i>
                        <i>0.489596 0.67024 0.55774 -0.673212 -0.115953 0.730302 0.55415 -0.73303 0.394443 0.0234731 1.4535 3.61813</i>
                        <i>0.420165 0.715724 0.557854 -0.740569 -0.0848193 0.666605 0.524422 -0.693214 0.494405 0.0135135 1.46027 3.74939</i>
                        <i>0.356018 0.761382 0.541801 -0.799697 -0.0517258 0.598171 0.483462 -0.646237 0.59046 0.00569046 1.46655 3.87788</i>
                        <i>0.304198 0.799865 0.517378 -0.847104 -0.0213036 0.530999 0.43575 -0.599802 0.671089 0.00113956 1.4712 4.00589</i>
                        <i>0.267743 0.825567 0.496741 -0.881619 0.00194637 0.471958 0.388666 -0.5643 0.728357 -9.5957e-006 1.47363 4.13636</i>
                        <i>0.246272 0.834015 0.493729 -0.903856 0.013751 0.427615 0.349848 -0.55157 0.757217 0.00165399 1.47358 4.27231</i>
                        <i>0.233179 0.830066 0.506574 -0.918513 0.0169477 0.395027 0.319313 -0.557407 0.766379 0.00467722 1.4719 4.41274</i>
                        <i>0.222247 0.822034 0.524276 -0.930078 0.0174248 0.36695 0.29251 -0.569171 0.768428 0.00795727 1.46966 4.55459</i>
                        <i>0.212666 0.810264 0.546119 -0.93935 0.0156303 0.342604 0.269064 -0.585857 0.764445 0.011301 1.4669 4.69762</i>
                        <i>0.203865 0.79509 0.571201 -0.946931 0.0120355 0.321212 0.248517 -0.606372 0.755349 0.014574 1.46368 4.84154</i>
                        <i>0.195443 0.776903 0.598518 -0.95327 0.00712466 0.302037 0.230389 -0.62958 0.741991 0.0176813 1.46004 4.98607</i>
                        <i>0.187109 0.756193 0.627027 -0.9587 0.00138239 0.284415 0.214206 -0.654347 0.725221 0.0205524 1.45605 5.13092</i>
                        <i>0.178631 0.733586 0.655701 -0.963474 -0.00472241 0.26776 0.199521 -0.679581 0.705947 0.0231283 1.4518 5.27581</i>
                        <i>0.169797 0.709857 0.683573 -0.967782 -0.010752 0.25156 0.185921 -0.704264 0.685161 0.0253535 1.44742 5.42048</i>
                        <i>0.160392 0.685934 0.709767 -0.97177 -0.0163142 0.235365 0.173024 -0.727481 0.663953 0.0271694 1.44307 5.56468</i>
                        <i>0.150174 0.662875 0.733515 -0.975549 -0.0210731 0.21877 0.160475 -0.748433 0.643503 0.028511 1.43893 5.7082</i>
                        <i>0.138875 0.641846 0.754153 -0.979199 -0.0247563 0.201386 0.147929 -0.766434 0.625057 0.0293062 1.43521 5.85082</i>
                        <i>0.1262 0.624075 0.771105 -0.982771 -0.0271563 0.182819 0.135033 -0.780892 0.609896 0.0294769 1.43213 5.99237</i>
                        <i>0.166721 0.611156 0.773752 -0.979897 0.0154962 0.1989 0.109569 -0.791359 0.601453 0.0284135 1.42993 6.13275</i>
                    </KeyFrames>
                </p>
            </i>
            <i>
                <p>
                    <Name>
                        <![CDATA[head]]>
</Name>
                    <Exclude>0</Exclude>
                    <Additive>0</Additive>
                    <IKPriority>0</IKPriority>
                    <IKRotLimits>-1e+010 -1e+010 -1e+010 1e+010 1e+010 1e+010</IKRotLimits>
                    <IKRotLimitOrder>0</IKRotLimitOrder>
                    <KeyFrames count="44">
                        <i>-0.0495377 0.966152 0.253172 0.0392495 0.25517 -0.966099 -0.998001 -0.0379215 -0.0505615 0.0688626 1.59092 0.42691</i>
                        <i>0.121428 0.983517 0.133975 0.0280602 0.131519 -0.990916 -0.992204 0.124084 -0.0116277 0.0174394 1.63255 0.521599</i>
                        <i>0.121916 0.982659 0.139704 0.00562229 0.140068 -0.990126 -0.992524 0.121498 0.0115518 -0.0400862 1.67031 0.601968</i>
                        <i>0.115636 0.984479 0.132017 -0.01174 0.134254 -0.990878 -0.993222 0.113032 0.0270825 -0.0910565 1.69797 0.674432</i>
                        <i>0.103693 0.988001 0.114462 -0.0242411 0.117559 -0.99277 -0.994314 0.100168 0.0361401 -0.13215 1.71398 0.748272</i>
                        <i>0.0877763 0.992031 0.0903915 -0.0330197 0.0935894 -0.995063 -0.995593 0.0843582 0.0409714 -0.163516 1.72063 0.829927</i>
                        <i>0.0696079 0.995546 0.0635894 -0.0370286 0.0662786 -0.997114 -0.996887 0.0670523 0.0414772 -0.180869 1.72301 0.923826</i>
                        <i>0.0511245 0.998039 0.0361192 -0.0374649 0.0380576 -0.998573 -0.997989 0.0496984 0.0393372 -0.18593 1.72315 1.04465</i>
                        <i>0.0341306 0.999372 0.0094836 -0.0371374 0.0107508 -0.999252 -0.998727 0.0337528 0.0374811 -0.185627 1.72174 1.19052</i>
                        <i>0.0202511 0.999715 -0.0126194 -0.0355724 -0.0118935 -0.999296 -0.999162 0.0206857 0.0353214 -0.179356 1.72158 1.34049</i>
                        <i>0.0113844 0.999653 -0.0237726 -0.0248131 -0.0234844 -0.999416 -0.999627 0.0119676 0.0245371 -0.148155 1.7295 1.48341</i>
                        <i>0.00897815 0.999687 -0.0233527 -0.00359535 -0.0233212 -0.999722 -0.999953 0.00905962 0.00338484 -0.0886069 1.73939 1.62835</i>
                        <i>0.0108296 0.999898 -0.00925756 0.0161212 -0.00943147 -0.999826 -0.999811 0.0106785 -0.0162217 -0.0208241 1.74009 1.78012</i>
                        <i>0.0139336 0.999721 0.0190907 0.0242496 0.0187491 -0.99953 -0.999609 0.01439 -0.0239816 0.034888 1.73203 1.93301</i>
                        <i>0.0188031 0.998168 0.0574987 0.0202308 0.0571172 -0.998163 -0.999619 0.0199318 -0.0191197 0.0706699 1.72153 2.08576</i>
                        <i>0.0260163 0.994702 0.0994498 0.0115563 0.0991776 -0.995003 -0.999595 0.0270356 -0.00891492 0.0972787 1.70939 2.24086</i>
                        <i>0.0354228 0.989705 0.138666 0.00252152 0.138664 -0.990336 -0.999369 0.0354301 0.00241637 0.118104 1.69629 2.39733</i>
                        <i>0.0459175 0.984498 0.169278 -0.00240152 0.169565 -0.985516 -0.998942 0.0448459 0.0101503 0.137328 1.68274 2.55173</i>
                        <i>0.0558508 0.981054 0.185509 0.00076035 0.185757 -0.982596 -0.998439 0.0550198 0.00962867 0.158229 1.66771 2.70374</i>
                        <i>0.0649161 0.979679 0.189774 0.0102654 0.18951 -0.981825 -0.997838 0.0656843 0.00224529 0.176929 1.65211 2.85542</i>
                        <i>0.0738841 0.979164 0.189152 0.0212328 0.188083 -0.981924 -0.997041 0.0765647 -0.00689417 0.187902 1.63787 3.00994</i>
                        <i>0.0827022 0.979294 0.18478 0.0331348 0.182611 -0.982627 -0.996023 0.0873881 -0.0173464 0.192388 1.62508 3.16669</i>
                        <i>0.0912702 0.979825 0.1778 0.0455796 0.174247 -0.983646 -0.994783 0.0978816 -0.0287564 0.192103 1.61407 3.32365</i>
                        <i>0.0998289 0.980141 0.17134 0.0554836 0.166448 -0.984488 -0.993456 0.107787 -0.0377655 0.182829 1.61057 3.47716</i>
                        <i>0.108359 0.979865 0.167698 0.0604166 0.161888 -0.984958 -0.992274 0.116861 -0.0416582 0.162279 1.61787 3.62426</i>
                        <i>0.116373 0.979127 0.166635 0.0612325 0.160382 -0.985154 -0.991316 0.124849 -0.0412902 0.135702 1.63234 3.76316</i>
                        <i>0.123438 0.978056 0.167835 0.058919 0.161607 -0.985095 -0.990602 0.131487 -0.0376778 0.108347 1.65007 3.89337</i>
                        <i>0.12919 0.976737 0.171158 0.0542838 0.165379 -0.984735 -0.990133 0.136509 -0.0316557 0.0847178 1.66737 4.01684</i>
                        <i>0.133504 0.975496 0.174881 0.0497447 0.169642 -0.984249 -0.989799 0.140101 -0.0258778 0.0676783 1.68133 4.13795</i>
                        <i>0.136458 0.974704 0.17701 0.0476542 0.172016 -0.983941 -0.989499 0.142702 -0.0229757 0.0580479 1.68996 4.26276</i>
                        <i>0.138166 0.974405 0.177331 0.0478475 0.172272 -0.983887 -0.989253 0.144424 -0.0228208 0.0550646 1.69187 4.39781</i>
                        <i>0.138952 0.974456 0.176429 0.0490291 0.17117 -0.984021 -0.989085 0.145382 -0.0239923 0.0555709 1.68908 4.54153</i>
                        <i>0.139119 0.974669 0.175117 0.050046 0.169691 -0.984226 -0.98901 0.145688 -0.0251711 0.0568924 1.68471 4.68798</i>
                        <i>0.138792 0.975027 0.173377 0.0508098 0.16783 -0.984506 -0.989017 0.145451 -0.0262474 0.0586192 1.67888 4.83668</i>
                        <i>0.138091 0.975512 0.171195 0.0512799 0.165577 -0.984863 -0.989091 0.14478 -0.0271594 0.0604617 1.67172 4.98711</i>
                        <i>0.137126 0.976105 0.168568 0.0514485 0.162927 -0.985296 -0.989217 0.143782 -0.0278777 0.0622145 1.66337 5.13873</i>
                        <i>0.136002 0.976784 0.165518 0.0513296 0.159898 -0.985798 -0.989378 0.142566 -0.0283915 0.0637244 1.65404 5.29096</i>
                        <i>0.134822 0.977521 0.162099 0.0509488 0.156537 -0.986357 -0.989559 0.141241 -0.028699 0.0648663 1.64398 5.44326</i>
                        <i>0.133685 0.978283 0.158403 0.0503371 0.152929 -0.986954 -0.989745 0.139914 -0.0287997 0.0655238 1.63351 5.59513</i>
                        <i>0.132689 0.979032 0.154561 0.0495257 0.149196 -0.987567 -0.98992 0.138694 -0.0286906 0.065577 1.62304 5.74608</i>
                        <i>0.131933 0.97973 0.150741 0.0485432 0.145502 -0.988166 -0.990069 0.13769 -0.0283627 0.0648943 1.61301 5.89569</i>
                        <i>0.131515 0.980334 0.147138 0.0474142 0.142037 -0.988725 -0.99018 0.137009 -0.0278018 0.0633296 1.60394 6.0436</i>
                        <i>0.131533 0.980801 0.143972 0.0461608 0.139016 -0.989214 -0.990237 0.13676 -0.0269893 0.0607251 1.59637 6.18946</i>
                        <i>0.130829 0.981156 0.142187 0.0497621 0.136741 -0.989356 -0.990155 0.136512 -0.0309348 0.0688626 1.59092 6.33078</i>
                    </KeyFrames>
                </p>
            </i>
            <i>
                <p>
                    <Name>
                        <![CDATA[head_prop]]>
</Name>
                    <Exclude>0</Exclude>
                    <Additive>0</Additive>
                    <IKPriority>0</IKPriority>
                    <IKRotLimits>-1e+010 -1e+010 -1e+010 1e+010 1e+010 1e+010</IKRotLimits>
                    <IKRotLimitOrder>0</IKRotLimitOrder>
                    <KeyFrames count="44">
                        <i>0.998001 0.0379215 0.0505615 -0.0495377 0.966152 0.253172 -0.0392495 -0.25517 0.966099 0.0527178 1.9058 0.509421</i>
                        <i>0.992204 -0.124084 0.0116277 0.121428 0.983517 0.133975 -0.0280602 -0.131519 0.990916 0.0570137 1.95309 0.565263</i>
                        <i>0.992524 -0.121498 -0.0115518 0.121916 0.982659 0.139704 -0.00562229 -0.140068 0.990126 -0.000352704 1.99057 0.647499</i>
                        <i>0.993222 -0.113032 -0.0270825 0.115636 0.984479 0.132017 0.01174 -0.134254 0.990878 -0.0533695 2.01882 0.717458</i>
                        <i>0.994314 -0.100168 -0.0361401 0.103693 0.988001 0.114462 0.0242411 -0.117559 0.99277 -0.0983553 2.03598 0.785576</i>
                        <i>0.995593 -0.0843582 -0.0409714 0.0877763 0.992031 0.0903915 0.0330197 -0.0935894 0.995063 -0.134909 2.04394 0.859386</i>
                        <i>0.996887 -0.0670523 -0.0414772 0.0696079 0.995546 0.0635894 0.0370286 -0.0662786 0.997114 -0.158183 2.04747 0.944551</i>
                        <i>0.997989 -0.0496984 -0.0393372 0.0511245 0.998039 0.0361192 0.0374649 -0.0380576 0.998573 -0.169268 2.04842 1.05642</i>
                        <i>0.998727 -0.0337528 -0.0374811 0.0341306 0.999372 0.0094836 0.0371374 -0.0107508 0.999252 -0.174504 2.04744 1.19361</i>
                        <i>0.999162 -0.0206857 -0.0353214 0.0202511 0.999715 -0.0126194 0.0355724 0.0118935 0.999296 -0.172756 2.0474 1.33638</i>
                        <i>0.999627 -0.0119676 -0.0245371 0.0113844 0.999653 -0.0237726 0.0248131 0.0234844 0.999416 -0.144445 2.0553 1.47566</i>
                        <i>0.999953 -0.00905962 -0.00338484 0.00897815 0.999687 -0.0233527 0.00359535 0.0233212 0.999722 -0.0856808 2.0652 1.62074</i>
                        <i>0.999811 -0.0106785 0.0162217 0.0108296 0.999898 -0.00925756 -0.0161212 0.00943147 0.999826 -0.0172946 2.06597 1.7771</i>
                        <i>0.999609 -0.01439 0.0239816 0.0139336 0.999721 0.0190907 -0.0242496 -0.0187491 0.99953 0.0394291 2.05785 1.93923</i>
                        <i>0.999619 -0.0199318 0.0191197 0.0188031 0.998168 0.0574987 -0.0202308 -0.0571172 0.998163 0.076798 2.04684 2.1045</i>
                        <i>0.999595 -0.0270356 0.00891492 0.0260163 0.994702 0.0994498 -0.0115563 -0.0991776 0.995003 0.105758 2.03357 2.27327</i>
                        <i>0.999369 -0.0354301 -0.00241637 0.0354228 0.989705 0.138666 -0.00252152 -0.138664 0.990336 0.129648 2.01884 2.44252</i>
                        <i>0.998942 -0.0448459 -0.0101503 0.0459175 0.984498 0.169278 0.00240152 -0.169565 0.985516 0.152293 2.00359 2.6069</i>
                        <i>0.998439 -0.0550198 -0.00962867 0.0558508 0.981054 0.185509 -0.00076035 -0.185757 0.982596 0.176432 1.98744 2.76419</i>
                        <i>0.997838 -0.0656843 -0.00224529 0.0649161 0.979679 0.189774 -0.0102654 -0.18951 0.981825 0.198086 1.9714 2.91727</i>
                        <i>0.997041 -0.0765647 0.00689417 0.0738841 0.979164 0.189152 -0.0212328 -0.188083 0.981924 0.211982 1.95699 3.07159</i>
                        <i>0.996023 -0.0873881 0.0173464 0.0827022 0.979294 0.18478 -0.0331348 -0.182611 0.982627 0.219341 1.94424 3.22691</i>
                        <i>0.994783 -0.0978816 0.0287564 0.0912702 0.979825 0.1778 -0.0455796 -0.174247 0.983646 0.221849 1.9334 3.38159</i>
                        <i>0.993456 -0.107787 0.0377655 0.0998289 0.980141 0.17134 -0.0554836 -0.166448 0.984488 0.215365 1.93001 3.533</i>
                        <i>0.992274 -0.116861 0.0416582 0.108359 0.979865 0.167698 -0.0604166 -0.161888 0.984958 0.197594 1.93722 3.67891</i>
                        <i>0.991316 -0.124849 0.0412902 0.116373 0.979127 0.166635 -0.0612325 -0.160382 0.985154 0.173629 1.95145 3.81747</i>
                        <i>0.990602 -0.131487 0.0376778 0.123438 0.978056 0.167835 -0.058919 -0.161607 0.985095 0.148577 1.96882 3.94807</i>
                        <i>0.990133 -0.136509 0.0316557 0.12919 0.976737 0.171158 -0.0542838 -0.165379 0.984735 0.126822 1.9857 4.07262</i>
                        <i>0.989799 -0.140101 0.0258778 0.133504 0.975496 0.174881 -0.0497447 -0.169642 0.984249 0.111189 1.99926 4.19494</i>
                        <i>0.989499 -0.142702 0.0229757 0.136458 0.974704 0.17701 -0.0476542 -0.172016 0.983941 0.102521 2.00762 4.32045</i>
                        <i>0.989253 -0.144424 0.0228208 0.138166 0.974405 0.177331 -0.0478475 -0.172272 0.983887 0.100094 2.00944 4.4556</i>
                        <i>0.989085 -0.145382 0.0239923 0.138952 0.974456 0.176429 -0.0490291 -0.17117 0.984021 0.100857 2.00667 4.59903</i>
                        <i>0.98901 -0.145688 0.0251711 0.139119 0.974669 0.175117 -0.050046 -0.169691 0.984226 0.102232 2.00236 4.74505</i>
                        <i>0.989017 -0.145451 0.0262474 0.138792 0.975027 0.173377 -0.0508098 -0.16783 0.984506 0.103853 1.99665 4.89318</i>
                        <i>0.989091 -0.14478 0.0271594 0.138091 0.975512 0.171195 -0.0512799 -0.165577 0.984863 0.105467 1.98964 5.04291</i>
                        <i>0.989217 -0.143782 0.0278777 0.137126 0.976105 0.168568 -0.0514485 -0.162927 0.985296 0.106905 1.98149 5.19367</i>
                        <i>0.989378 -0.142566 0.0283915 0.136002 0.976784 0.165518 -0.0513296 -0.159898 0.985798 0.108049 1.97239 5.3449</i>
                        <i>0.989559 -0.141241 0.028699 0.134822 0.977521 0.162099 -0.0509488 -0.156537 0.986357 0.108806 1.96256 5.49609</i>
