<?xml version="1.0" encoding="ISO-8859-1" ?>
<Animl Version="1">
    <ModellingPackage>
        <![CDATA[Maya.2010]]>
</ModellingPackage>
    <SrcFile>
        <![CDATA[characters\anims\shared\~src\trip_and_fall.mb]]>
</SrcFile>
    <FramesPerSecond>30</FramesPerSecond>
    <TotalFrames>64</TotalFrames>
    <Skeleton>
        <RefFrame>
            <Name>
                <![CDATA[soldier_ref_frame]]>
</Name>
            <Exclude>0</Exclude>
            <Additive>0</Additive>
            <IKPriority>0</IKPriority>
            <IKRotLimits>-1e+010 -1e+010 -1e+010 1e+010 1e+010 1e+010</IKRotLimits>
            <IKRotLimitOrder>0</IKRotLimitOrder>
            <KeyFrames count="64">
                <i>1 0 0 0 1 0 0 0 1 0 0 -0.018582</i>
                <i>1 0 0 0 1 0 0 0 1 -0.00478511 0 0.229826</i>
                <i>1 0 0 0 1 0 0 0 1 -0.00973032 0 0.478233</i>
                <i>1 0 0 0 1 0 0 0 1 -0.0147556 0 0.70909</i>
                <i>1 0 0 0 1 0 0 0 1 -0.0197808 0 0.92024</i>
                <i>1 0 0 0 1 0 0 0 1 -0.024726 0 1.12343</i>
                <i>1 0 0 0 1 0 0 0 1 -0.0295112 0 1.32195</i>
                <i>1 0 0 0 1 0 0 0 1 -0.0340561 0 1.5191</i>
                <i>1 0 0 0 1 0 0 0 1 -0.0382809 0 1.71818</i>
                <i>1 0 0 0 1 0 0 0 1 -0.0421054 0 1.92249</i>
                <i>1 0 0 0 1 0 0 0 1 -0.03952 0 2.13531</i>
                <i>1 0 0 0 1 0 0 0 1 -0.0395746 0 2.35995</i>
                <i>1 0 0 0 1 0 0 0 1 -0.0687387 0 2.43178</i>
                <i>1 0 0 0 1 0 0 0 1 -0.106948 0 2.52055</i>
                <i>1 0 0 0 1 0 0 0 1 -0.142291 0 2.62271</i>
                <i>1 0 0 0 1 0 0 0 1 -0.15426 0 2.73473</i>
                <i>1 0 0 0 1 0 0 0 1 -0.154413 0 2.85306</i>
                <i>1 0 0 0 1 0 0 0 1 -0.151818 0 2.97418</i>
                <i>1 0 0 0 1 0 0 0 1 -0.140692 0 3.09453</i>
                <i>1 0 0 0 1 0 0 0 1 -0.111792 0 3.23726</i>
                <i>1 0 0 0 1 0 0 0 1 -0.0743612 0 3.40154</i>
                <i>1 0 0 0 1 0 0 0 1 -0.0503513 0 3.54792</i>
                <i>1 0 0 0 1 0 0 0 1 -0.042015 0 3.69308</i>
                <i>1 0 0 0 1 0 0 0 1 -0.0365698 0 3.86846</i>
                <i>1 0 0 0 1 0 0 0 1 -0.0334135 0 4.05671</i>
                <i>1 0 0 0 1 0 0 0 1 -0.0319436 0 4.24048</i>
                <i>1 0 0 0 1 0 0 0 1 -0.0315579 0 4.40243</i>
                <i>1 0 0 0 1 0 0 0 1 -0.0316542 0 4.52521</i>
                <i>1 0 0 0 1 0 0 0 1 -0.0316301 0 4.62039</i>
                <i>1 0 0 0 1 0 0 0 1 -0.0308832 0 4.71036</i>
                <i>1 0 0 0 1 0 0 0 1 -0.0298285 0 4.79397</i>
                <i>1 0 0 0 1 0 0 0 1 -0.0292172 0 4.87011</i>
                <i>1 0 0 0 1 0 0 0 1 -0.0289519 0 4.93764</i>
                <i>1 0 0 0 1 0 0 0 1 -0.0289353 0 4.99543</i>
                <i>1 0 0 0 1 0 0 0 1 -0.02907 0 5.04235</i>
                <i>1 0 0 0 1 0 0 0 1 -0.0292587 0 5.07726</i>
                <i>1 0 0 0 1 0 0 0 1 -0.029404 0 5.09904</i>
                <i>1 0 0 0 1 0 0 0 1 -0.0294086 0 5.10655</i>
                <i>1 0 0 0 1 0 0 0 1 -0.0293363 0 5.12067</i>
                <i>1 0 0 0 1 0 0 0 1 -0.0293082 0 5.15782</i>
                <i>1 0 0 0 1 0 0 0 1 -0.0293123 0 5.21012</i>
                <i>1 0 0 0 1 0 0 0 1 -0.0293363 0 5.26973</i>
                <i>1 0 0 0 1 0 0 0 1 -0.0293684 0 5.32878</i>
                <i>1 0 0 0 1 0 0 0 1 -0.0293965 0 5.37943</i>
                <i>1 0 0 0 1 0 0 0 1 -0.0294086 0 5.41382</i>
                <i>1 0 0 0 1 0 0 0 1 -0.0282174 0 5.43324</i>
                <i>1 0 0 0 1 0 0 0 1 -0.0255967 0 5.44444</i>
                <i>1 0 0 0 1 0 0 0 1 -0.0229761 0 5.44776</i>
                <i>1 0 0 0 1 0 0 0 1 -0.0217849 0 5.44355</i>
                <i>1 0 0 0 1 0 0 0 1 -0.0234526 0 5.43212</i>
                <i>1 0 0 0 1 0 0 0 1 -0.0294086 0 5.41382</i>
                <i>1 0 0 0 1 0 0 0 1 -0.0447092 0 5.38859</i>
                <i>1 0 0 0 1 0 0 0 1 -0.0687924 0 5.35716</i>
                <i>1 0 0 0 1 0 0 0 1 -0.0946595 0 5.32107</i>
                <i>1 0 0 0 1 0 0 0 1 -0.115312 0 5.28188</i>
                <i>1 0 0 0 1 0 0 0 1 -0.123751 0 5.24112</i>
                <i>1 0 0 0 1 0 0 0 1 -0.115827 0 5.20034</i>
                <i>1 0 0 0 1 0 0 0 1 -0.0962034 0 5.16108</i>
                <i>1 0 0 0 1 0 0 0 1 -0.0711081 0 5.12489</i>
                <i>1 0 0 0 1 0 0 0 1 -0.0467676 0 5.0933</i>
                <i>1 0 0 0 1 0 0 0 1 -0.0294086 0 5.06786</i>
                <i>1 0 0 0 1 0 0 0 1 -0.0241673 0 5.06961</i>
                <i>1 0 0 0 1 0 0 0 1 -0.0267879 0 5.09968</i>
                <i>1 0 0 0 1 0 0 0 1 -0.0294086 0 5.12976</i>
            </KeyFrames>
        </RefFrame>
        <Bones count="23">
            <i>
                <p>
                    <Name>
                        <![CDATA[pelvis]]>
</Name>
                    <Exclude>0</Exclude>
                    <Additive>0</Additive>
                    <IKPriority>0</IKPriority>
                    <IKRotLimits>-1e+010 -1e+010 -1e+010 1e+010 1e+010 1e+010</IKRotLimits>
                    <IKRotLimitOrder>2</IKRotLimitOrder>
                    <KeyFrames count="64">
                        <i>1 0 0 0 1 0 0 0 1 5.01745e-018 1.03928 -0.018582</i>
                        <i>1 0 0 0 1 0 0 0 1 -0.00473988 0.988308 0.208704</i>
                        <i>1 0 0 0 1 0 0 0 1 -0.00950357 0.929074 0.427515</i>
                        <i>1 0 0 0 1 0 0 0 1 -0.0143637 0.902379 0.627172</i>
                        <i>1 0 0 0 1 0 0 0 1 -0.0194209 0.947924 0.811183</i>
                        <i>1 0 0 0 1 0 0 0 1 -0.0245516 1.03448 0.995258</i>
                        <i>1 0 0 0 1 0 0 0 1 -0.0291772 1.10505 1.18596</i>
                        <i>1 0 0 0 1 0 0 0 1 -0.032948 1.13573 1.395</i>
                        <i>1 0 0 0 1 0 0 0 1 -0.0370278 1.14003 1.62784</i>
                        <i>1 0 0 0 1 0 0 0 1 -0.0421054 1.12372 1.87271</i>
                        <i>1 0 0 0 1 0 0 0 1 -0.0458566 1.09454 2.11887</i>
                        <i>1 0 0 0 1 0 0 0 1 -0.0466699 1.06121 2.36287</i>
                        <i>1 0 0 0 1 0 0 0 1 -0.0750506 1.03062 2.43777</i>
                        <i>1 0 0 0 1 0 0 0 1 -0.113895 0.971522 2.52356</i>
                        <i>1 0 0 0 1 0 0 0 1 -0.147672 0.897602 2.62495</i>
                        <i>1 0 0 0 1 0 0 0 1 -0.158168 0.857261 2.7362</i>
                        <i>1 0 0 0 1 0 0 0 1 -0.156906 0.886779 2.85506</i>
                        <i>1 0 0 0 1 0 0 0 1 -0.153023 0.950502 2.9767</i>
                        <i>1 0 0 0 1 0 0 0 1 -0.140692 0.984125 3.09767</i>
                        <i>1 0 0 0 1 0 0 0 1 -0.109984 0.945034 3.24147</i>
                        <i>1 0 0 0 1 0 0 0 1 -0.07051 0.875179 3.40711</i>
                        <i>1 0 0 0 1 0 0 0 1 -0.0454917 0.83816 3.55455</i>
                        <i>1 0 0 0 1 0 0 0 1 -0.0371859 0.88915 3.70037</i>
                        <i>1 0 0 0 1 0 0 0 1 -0.0320931 0.972647 3.87624</i>
                        <i>1 0 0 0 1 0 0 0 1 -0.029446 0.987262 4.06492</i>
                        <i>1 0 0 0 1 0 0 0 1 -0.0285745 0.911272 4.24905</i>
                        <i>1 0 0 0 1 0 0 0 1 -0.028811 0.800544 4.41129</i>
                        <i>1 0 0 0 1 0 0 0 1 -0.0294881 0.669963 4.5343</i>
                        <i>1 0 0 0 1 0 0 0 1 -0.0299401 0.534435 4.62963</i>
                        <i>1 0 0 0 1 0 0 0 1 -0.0295031 0.408877 4.71967</i>
                        <i>1 0 0 0 1 0 0 0 1 -0.028473 0.351188 4.80297</i>
                        <i>1 0 0 0 1 0 0 0 1 -0.0276968 0.293991 4.87833</i>
                        <i>1 0 0 0 1 0 0 0 1 -0.0272974 0.259169 4.9452</i>
                        <i>1 0 0 0 1 0 0 0 1 -0.0273158 0.291263 5.00312</i>
                        <i>1 0 0 0 1 0 0 0 1 -0.0275039 0.327758 5.05032</i>
                        <i>1 0 0 0 1 0 0 0 1 -0.027638 0.299351 5.08513</i>
                        <i>1 0 0 0 1 0 0 0 1 -0.0277119 0.252389 5.10672</i>
                        <i>1 0 0 0 1 0 0 0 1 -0.0276838 0.221895 5.1141</i>
                        <i>1 0 0 0 1 0 0 0 1 -0.0276151 0.21412 5.1282</i>
                        <i>1 0 0 0 1 0 0 0 1 -0.0275884 0.211096 5.16533</i>
                        <i>1 0 0 0 1 0 0 0 1 -0.0275922 0.211528 5.21763</i>
                        <i>1 0 0 0 1 0 0 0 1 -0.0276151 0.21412 5.27725</i>
                        <i>1 0 0 0 1 0 0 0 1 -0.0276457 0.217575 5.33632</i>
                        <i>1 0 0 0 1 0 0 0 1 -0.0276724 0.220599 5.38698</i>
                        <i>1 0 0 0 1 0 0 0 1 -0.0276838 0.221895 5.42138</i>
                        <i>1 0 0 0 1 0 0 0 1 -0.0264543 0.217001 5.44084</i>
                        <i>1 0 0 0 1 0 0 0 1 -0.0237509 0.206233 5.45214</i>
                        <i>1 0 0 0 1 0 0 0 1 -0.0210496 0.195463 5.45556</i>
                        <i>1 0 0 0 1 0 0 0 1 -0.0198224 0.190567 5.45139</i>
                        <i>1 0 0 0 1 0 0 0 1 -0.0215406 0.197422 5.4399</i>
                        <i>1 0 0 0 1 0 0 0 1 -0.0276838 0.221895 5.42138</i>
                        <i>1 0 0 0 1 0 0 0 1 -0.0435364 0.261673 5.39567</i>
                        <i>1 0 0 0 1 0 0 0 1 -0.0685807 0.309336 5.3635</i>
                        <i>1 0 0 0 1 0 0 0 1 -0.0955417 0.363138 5.32647</i>
                        <i>1 0 0 0 1 0 0 0 1 -0.117069 0.421485 5.28621</i>
                        <i>1 0 0 0 1 0 0 0 1 -0.125805 0.482922 5.24435</i>
                        <i>1 0 0 0 1 0 0 0 1 -0.117382 0.546012 5.20235</i>
                        <i>1 0 0 0 1 0 0 0 1 -0.0966967 0.609064 5.1617</i>
                        <i>1 0 0 0 1 0 0 0 1 -0.0703515 0.670364 5.12409</i>
                        <i>1 0 0 0 1 0 0 0 1 -0.0449355 0.7284 5.09124</i>
                        <i>1 0 0 0 1 0 0 0 1 -0.026919 0.781837 5.06483</i>
                        <i>1 0 0 0 1 0 0 0 1 -0.0215054 0.824019 5.06625</i>
                        <i>1 0 0 0 1 0 0 0 1 -0.0242105 0.855987 5.09649</i>
                        <i>1 0 0 0 1 0 0 0 1 -0.026919 0.887952 5.12673</i>
                    </KeyFrames>
                </p>
            </i>
            <i>
                <p>
                    <Name>
                        <![CDATA[spine0]]>
</Name>
                    <Exclude>0</Exclude>
                    <Additive>0</Additive>
                    <IKPriority>0</IKPriority>
                    <IKRotLimits>-1e+010 -1e+010 -1e+010 1e+010 1e+010 1e+010</IKRotLimits>
                    <IKRotLimitOrder>0</IKRotLimitOrder>
                    <KeyFrames count="64">
                        <i>0.0376543 0.859698 0.509414 -0.9879 -0.0447266 0.148504 0.150453 -0.508841 0.847611 -0.00780975 1.15986 0.0383301</i>
                        <i>0.0431176 0.930865 0.362811 -0.983244 -0.0248438 0.180594 0.177122 -0.364518 0.914196 -0.00955236 1.11768 0.243048</i>
                        <i>0.0479943 0.97514 0.21633 -0.97715 0.000940775 0.212547 0.20706 -0.221588 0.952904 -0.0101011 1.06389 0.440364</i>
                        <i>0.0512817 0.992297 0.112774 -0.970631 0.022946 0.239475 0.235042 -0.121742 0.964331 -0.00928819 1.03931 0.626175</i>
                        <i>0.0452733 0.998566 0.0285581 -0.965883 0.0364587 0.2564 0.254991 -0.0391918 0.966149 -0.00759169 1.08546 0.802182</i>
                        <i>0.0323072 0.99852 -0.0437514 -0.96485 0.0425806 0.259327 0.260806 0.0338354 0.964798 -0.00571845 1.17192 0.982201</i>
                        <i>0.0212039 0.999089 -0.0370235 -0.969292 0.029618 0.244125 0.244999 0.0307101 0.969037 -0.00399015 1.24164 1.17934</i>
                        <i>0.013354 0.994992 0.0990556 -0.980239 -0.00652655 0.197707 0.197364 -0.0997384 0.975243 -0.000946134 1.26861 1.41031</i>
                        <i>-0.000995885 0.949706 0.31314 -0.990893 -0.0431005 0.127566 0.134647 -0.310161 0.941101 0.00325164 1.26381 1.67093</i>
                        <i>-0.024583 0.860528 0.50881 -0.995419 -0.0681118 0.067101 0.0923982 -0.50483 0.85826 0.0066646 1.23734 1.9348</i>
                        <i>-0.152962 0.731477 0.664488 -0.973068 -0.228825 0.0278975 0.172458 -0.642325 0.746778 -0.0115735 1.20483 2.19264</i>
                        <i>-0.252733 0.585234 0.770472 -0.916865 -0.39919 0.00246273 0.309006 -0.705797 0.637469 -0.0333934 1.16995 2.4427</i>
                        <i>-0.235798 0.48342 0.843033 -0.908883 -0.416774 -0.0152263 0.343993 -0.769808 0.537647 -0.0742454 1.13839 2.51904</i>
                        <i>-0.188965 0.394338 0.899328 -0.925042 -0.378811 -0.0282671 0.329528 -0.837258 0.436361 -0.12935 1.07675 2.60634</i>
                        <i>-0.145149 0.381323 0.912976 -0.954842 -0.295767 -0.0282721 0.259247 -0.875851 0.407033 -0.171667 1.00181 2.70697</i>
                        <i>-0.126732 0.465852 0.87574 -0.981448 -0.186936 -0.0425887 0.143867 -0.864891 0.480901 -0.180785 0.964513 2.81397</i>
                        <i>-0.097506 0.525866 0.84496 -0.995087 -0.0661671 -0.0736507 0.0171782 -0.84799 0.529734 -0.172053 0.99005 2.94076</i>
                        <i>-0.052765 0.569272 0.820454 -0.992979 0.0571916 -0.103543 -0.105867 -0.820157 0.562258 -0.15656 1.04766 3.07235</i>
                        <i>0.0180952 0.559495 0.828636 -0.976777 0.186856 -0.104835 -0.213491 -0.807496 0.549884 -0.128856 1.07097 3.20559</i>
                        <i>0.146529 0.442777 0.884578 -0.927678 0.371963 -0.0325185 -0.343428 -0.815838 0.465258 -0.0710166 1.01016 3.36562</i>
                        <i>0.247361 0.221351 0.943301 -0.823544 0.56095 0.0843268 -0.510479 -0.797708 0.32105 -0.00517324 0.904775 3.54585</i>
                        <i>0.24114 0.0425652 0.969556 -0.748634 0.6439 0.157926 -0.617575 -0.763925 0.187136 0.0269002 0.840742 3.70127</i>
                        <i>0.199021 -0.0286065 0.979578 -0.742876 0.647526 0.16984 -0.63916 -0.761506 0.10762 0.0301654 0.881048 3.85181</i>
                        <i>0.176968 -0.0306668 0.983739 -0.753281 0.639068 0.155432 -0.633443 -0.768539 0.0899936 0.0277877 0.956851 4.03169</i>
                        <i>0.167388 0.0147155 0.985781 -0.774477 0.620679 0.122243 -0.610055 -0.783926 0.115291 0.0219767 0.965983 4.22358</i>
                        <i>0.1561 0.0768274 0.984749 -0.80014 0.594392 0.0804635 -0.579145 -0.800497 0.154257 0.0141032 0.885857 4.41021</i>
                        <i>0.136091 0.132445 0.981803 -0.826036 0.562291 0.0386468 -0.546941 -0.816264 0.185927 0.00537478 0.771685 4.57429</i>
                        <i>0.103919 0.152625 0.982805 -0.84995 0.526801 0.00806151 -0.516513 -0.836173 0.184468 -0.00308801 0.637952 4.69856</i>
                        <i>0.039995 0.0300139 0.998749 -0.872338 0.488484 0.0202532 -0.487265 -0.872056 0.0457192 -0.0102176 0.499404 4.79469</i>
                        <i>-0.0107565 -0.109817 0.993894 -0.891071 0.45207 0.0403061 -0.453736 -0.885197 -0.102717 -0.0149735 0.370962 4.88519</i>
                        <i>-0.0126557 -0.0978661 0.995119 -0.908066 0.417784 0.0295389 -0.418636 -0.90326 -0.0941562 -0.0156684 0.320733 4.96799</i>
                        <i>0.00734087 -0.0143898 0.99987 -0.926145 0.376969 0.0122248 -0.377096 -0.926114 -0.0105598 -0.0140246 0.280477 5.04092</i>
                        <i>0.0255757 0.0477286 0.998533 -0.94352 0.331212 0.00833515 -0.330328 -0.942349 0.0535039 -0.0136124 0.255703 5.1056</i>
                        <i>0.0218557 0.00483396 0.999749 -0.958635 0.283963 0.0195839 -0.283797 -0.958823 0.0108402 -0.0171116 0.278647 5.16562</i>
                        <i>0.0125323 -0.0808753 0.996645 -0.969808 0.241784 0.0318151 -0.243546 -0.966954 -0.0754035 -0.0205681 0.302692 5.21482</i>
                        <i>0.0159985 -0.09897 0.994962 -0.976062 0.21432 0.0370133 -0.216903 -0.971737 -0.0931721 -0.0208303 0.272532 5.24984</i>
                        <i>0.0262412 -0.0564475 0.998061 -0.977846 0.205964 0.0373585 -0.207674 -0.97693 -0.0497922 -0.0198567 0.228522 5.27107</i>
                        <i>0.033438 -0.00694647 0.999417 -0.975922 0.215431 0.0341493 -0.215543 -0.976494 0.000424381 -0.0188388 0.202155 5.27786</i>
                        <i>0.0361647 0.0368341 0.998667 -0.971035 0.237476 0.0264052 -0.236186 -0.970695 0.0443554 -0.017979 0.198154 5.29132</i>
                        <i>0.037443 0.0759084 0.996412 -0.962817 0.269703 0.0156341 -0.267548 -0.959947 0.0831843 -0.0165916 0.199766 5.32756</i>
                        <i>0.0374114 0.103272 0.993949 -0.951461 0.307745 0.00383743 -0.305487 -0.945848 0.109772 -0.014604 0.205241 5.37873</i>
                        <i>0.0364169 0.115299 0.992663 -0.937635 0.347571 -0.00597267 -0.345709 -0.930538 0.120766 -0.0120691 0.212836 5.43703</i>
                        <i>0.0349225 0.116527 0.992573 -0.92264 0.385451 -0.0127895 -0.384079 -0.915341 0.120973 -0.0092094 0.220849 5.4947</i>
                        <i>0.0332901 0.112839 0.993055 -0.908389 0.417779 -0.0170195 -0.416798 -0.901514 0.11641 -0.0064116 0.227646 5.54404</i>
                        <i>0.0319662 0.110312 0.993383 -0.897316 0.440931 -0.0200894 -0.44023 -0.890736 0.11308 -0.00417929 0.231673 5.57737</i>
                        <i>0.0324252 0.106347 0.9938 -0.888253 0.458913 -0.020127 -0.458208 -0.882094 0.109343 -0.00120544 0.227278 5.5965</i>
                        <i>0.0345951 0.0974433 0.99464 -0.879418 0.475781 -0.016024 -0.474792 -0.874149 0.102153 0.00298209 0.214811 5.6082</i>
                        <i>0.0368436 0.0885161 0.995393 -0.872763 0.488019 -0.0110929 -0.486753 -0.868333 0.095234 0.0066352 0.201769 5.61223</i>
                        <i>0.0378935 0.0845677 0.995697 -0.870431 0.492214 -0.00867909 -0.49083 -0.866356 0.0922621 0.00812705 0.195672 5.60839</i>
                        <i>0.0365457 0.090634 0.995214 -0.874481 0.48491 -0.0120484 -0.483681 -0.869855 0.0969791 0.00587521 0.204037 5.5965</i>
                        <i>0.0308136 0.111517 0.993285 -0.886375 0.462325 -0.0244084 -0.461942 -0.87967 0.113091 -0.0019106 0.23429 5.57626</i>
                        <i>0.00849852 0.14675 0.989137 -0.912924 0.404777 -0.0522097 -0.408042 -0.902563 0.137412 -0.0235016 0.285751 5.54659</i>
                        <i>-0.03543 0.188427 0.981448 -0.94579 0.310929 -0.0938375 -0.322842 -0.931568 0.167196 -0.0601929 0.348889 5.50752</i>
                        <i>-0.0906896 0.232976 0.968245 -0.968222 0.206913 -0.140474 -0.23307 -0.950215 0.206808 -0.102213 0.418302 5.4605</i>
                        <i>-0.142745 0.286633 0.947347 -0.975491 0.121196 -0.183655 -0.167456 -0.950344 0.262307 -0.137475 0.49079 5.40773</i>
                        <i>-0.171984 0.365544 0.914767 -0.973258 0.0805002 -0.215149 -0.152286 -0.927306 0.341924 -0.15243 0.565591 5.35214</i>
                        <i>-0.156063 0.490333 0.857449 -0.967883 0.0973038 -0.231806 -0.197095 -0.866086 0.4594 -0.137945 0.643908 5.29414</i>
                        <i>-0.0872732 0.639375 0.763926 -0.959816 0.151345 -0.236321 -0.266714 -0.753853 0.600474 -0.100726 0.72214 5.23384</i>
                        <i>0.0234622 0.768111 0.639887 -0.947889 0.220518 -0.229951 -0.317735 -0.601147 0.733258 -0.052203 0.793974 5.17483</i>
                        <i>0.142816 0.851329 0.504819 -0.933563 0.285273 -0.216977 -0.32873 -0.440293 0.835511 -0.00532818 0.856478 5.12154</i>
                        <i>0.230751 0.89294 0.38654 -0.922449 0.327154 -0.205082 -0.309584 -0.30924 0.899182 0.0274687 0.9105 5.07882</i>
                        <i>0.256271 0.898664 0.355989 -0.918149 0.341458 -0.20102 -0.302205 -0.275336 0.912613 0.0372665 0.952522 5.0742</i>
                        <i>0.24355 0.895995 0.371317 -0.920319 0.334322 -0.203078 -0.306097 -0.292271 0.906026 0.0323841 0.984605 5.10746</i>
                        <i>0.230751 0.89294 0.38654 -0.922449 0.327154 -0.205082 -0.309584 -0.30924 0.899182 0.0274687 1.01662 5.14072</i>
                    </KeyFrames>
                </p>
            </i>
            <i>
                <p>
                    <Name>
                        <![CDATA[spine1]]>
</Name>
                    <Exclude>0</Exclude>
                    <Additive>0</Additive>
                    <IKPriority>0</IKPriority>
                    <IKRotLimits>-1e+010 -1e+010 -1e+010 1e+010 1e+010 1e+010</IKRotLimits>
                    <IKRotLimitOrder>0</IKRotLimitOrder>
                    <KeyFrames count="64">
                        <i>0.168921 0.763657 0.623132 -0.975003 0.0368817 0.219109 0.144342 -0.644568 0.750798 -0.00369467 1.31132 0.137117</i>
                        <i>0.134606 0.924829 0.35577 -0.984699 0.0847419 0.152274 0.110679 -0.370823 0.922085 -0.00512689 1.27578 0.311055</i>
                        <i>0.089715 0.995208 0.0388875 -0.995278 0.088132 0.0406751 0.037053 -0.042353 0.998415 -0.00558396 1.22329 0.479407</i>
                        <i>0.0410281 0.982409 -0.182179 -0.998347 0.0329621 -0.0470856 -0.0402523 0.18381 0.982137 -0.00486073 1.19783 0.645833</i>
                        <i>-0.0295028 0.953566 -0.299736 -0.994375 -0.058515 -0.0882812 -0.101721 0.295445 0.949929 -0.00457126 1.24557 0.806642</i>
                        <i>-0.106354 0.924721 -0.365485 -0.985757 -0.146214 -0.0830911 -0.130275 0.351443 0.927101 -0.00502557 1.33543 0.97332</i>
                        <i>-0.164335 0.92663 -0.338158 -0.976316 -0.201702 -0.0782475 -0.140713 0.31729 0.937831 -0.00495949 1.40889 1.1716</i>
                        <i>-0.214758 0.963582 -0.159341 -0.964839 -0.234629 -0.118467 -0.151538 0.128296 0.98009 -0.00239086 1.43833 1.42866</i>
                        <i>-0.284535 0.945913 0.155849 -0.946798 -0.251774 -0.200458 -0.150377 -0.204595 0.967227 0.000378621 1.42926 1.73117</i>
                        <i>-0.36798 0.794974 0.482294 -0.922306 -0.246196 -0.29789 -0.118076 -0.55444 0.823805 0.000135774 1.3907 2.03483</i>
                        <i>-0.501624 0.474228 0.723521 -0.863372 -0.327066 -0.38421 0.0544365 -0.817396 0.573499 -0.0447396 1.33914 2.32647</i>
                        <i>-0.515293 0.129523 0.84717 -0.81041 -0.39518 -0.432515 0.278764 -0.909427 0.3086 -0.0893808 1.27946 2.60066</i>
                        <i>-0.402717 -0.10478 0.909307 -0.841714 -0.347927 -0.412873 0.359634 -0.931648 0.0519216 -0.12685 1.22774 2.69036</i>
                        <i>-0.243861 -0.294446 0.924031 -0.898154 -0.290869 -0.329719 0.365857 -0.910328 -0.193526 -0.171604 1.14804 2.78601</i>
                        <i>-0.136474 -0.352342 0.925867 -0.933503 -0.267089 -0.239241 0.331583 -0.89695 -0.292461 -0.203693 1.06962 2.88696</i>
                        <i>-0.116119 -0.242867 0.963085 -0.945992 -0.268447 -0.181754 0.30268 -0.932176 -0.198579 -0.206865 1.04638 2.98497</i>
                        <i>-0.107895 -0.0750033 0.991329 -0.957782 -0.259441 -0.123872 0.266482 -0.962842 -0.0438445 -0.190206 1.08154 3.10525</i>
                        <i>-0.0867823 0.1281 0.987957 -0.971582 -0.230101 -0.0555088 0.220219 -0.964699 0.144428 -0.164233 1.14629 3.23292</i>
                        <i>-0.0293596 0.234691 0.971627 -0.986757 -0.161936 0.00929789 0.159523 -0.958487 0.236337 -0.121508 1.16757 3.36937</i>
                        <i>0.0648567 0.139154 0.988145 -0.997778 -0.00606304 0.0663428 0.015223 -0.990252 0.138452 -0.037585 1.0842 3.54149</i>
                        <i>0.076576 -0.135116 0.987866 -0.974444 0.199703 0.10285 -0.211176 -0.970496 -0.116371 0.0494043 0.935725 3.73422</i>
                        <i>-0.0357636 -0.378639 0.924853 -0.93879 0.330016 0.0988078 -0.342629 -0.864709 -0.367265 0.0816229 0.837152 3.89568</i>
                        <i>-0.121876 -0.488667 0.863916 -0.930879 0.358293 0.0713432 -0.344398 -0.795506 -0.498558 0.0772951 0.864248 4.04864</i>
                        <i>-0.0984384 -0.432871 0.896065 -0.938779 0.33913 0.0606964 -0.330157 -0.835232 -0.439754 0.0708543 0.939868 4.22989</i>
                        <i>-0.00864941 -0.237357 0.971384 -0.954597 0.291234 0.0626628 -0.297773 -0.926739 -0.229099 0.0632751 0.957826 4.42362</i>
                        <i>0.0727075 0.00942048 0.997309 -0.969079 0.237078 0.06841 -0.235796 -0.971445 0.0263666 0.0533348 0.88999 4.61237</i>
                        <i>0.109024 0.218171 0.969802 -0.979969 0.18716 0.0680627 -0.166658 -0.957796 0.234206 0.0407789 0.787237 4.77832</i>
                        <i>0.0947001 0.310843 0.945732 -0.988338 0.143157 0.0519136 -0.119251 -0.939618 0.320775 0.0258864 0.658235 4.90438</i>
                        <i>-0.00795301 0.0550822 0.99845 -0.993775 0.110518 -0.0140128 -0.111119 -0.992347 0.0538604 0.00587475 0.496901 5.00237</i>
                        <i>-0.107177 -0.290577 0.95083 -0.991078 0.107432 -0.0788822 -0.0792287 -0.950801 -0.299498 -0.00895339 0.342874 5.09176</i>
                        <i>-0.120382 -0.353426 0.927685 -0.990811 0.100821 -0.0901628 -0.0616646 -0.930014 -0.362315 -0.0105444 0.29557 5.1737</i>
                        <i>-0.101341 -0.294017 0.950413 -0.992896 0.08977 -0.0780994 -0.062356 -0.951575 -0.301026 -0.00588367 0.271526 5.24452</i>
                        <i>-0.0758639 -0.200601 0.976731 -0.994681 0.0836665 -0.0600747 -0.0696687 -0.976094 -0.205881 -0.00293981 0.258737 5.30631</i>
                        <i>-0.0726441 -0.192989 0.978508 -0.994586 0.0871102 -0.0566571 -0.0743038 -0.977326 -0.198273 -0.00793434 0.274533 5.36604</i>
                        <i>-0.0740077 -0.182295 0.980455 -0.993407 0.0997855 -0.0564325 -0.0875478 -0.978167 -0.188478 -0.0137855 0.283619 5.41539</i>
                        <i>-0.0652888 -0.13171 0.989136 -0.992812 0.108213 -0.0511222 -0.100304 -0.985364 -0.137828 -0.0138973 0.250519 5.45023</i>
                        <i>-0.0567682 -0.106115 0.992732 -0.9935 0.104275 -0.0456659 -0.0986717 -0.988871 -0.111345 -0.0112514 0.214324 5.47104</i>
                        <i>-0.0524346 -0.104993 0.99309 -0.994463 0.0961838 -0.0423382 -0.0910739 -0.989811 -0.109455 -0.00879575 0.196771 5.47732</i>
                        <i>-0.0526708 -0.125034 0.990753 -0.995355 0.0866333 -0.0419822 -0.080583 -0.988363 -0.129017 -0.00705947 0.200391 5.49047</i>
                        <i>-0.0548109 -0.150015 0.987163 -0.995941 0.0789099 -0.0433066 -0.0714004 -0.98553 -0.153731 -0.00485721 0.208683 5.52661</i>
                        <i>-0.0594333 -0.172852 0.983153 -0.996066 0.075112 -0.0470082 -0.0657211 -0.98208 -0.176637 -0.00218155 0.218685 5.57802</i>
                        <i>-0.0665972 -0.188636 0.979786 -0.995692 0.0760563 -0.0530354 -0.0645145 -0.979097 -0.192889 0.000885393 0.227997 5.63692</i>
                        <i>-0.0756805 -0.198849 0.977104 -0.994964 0.0796525 -0.0608539 -0.065728 -0.976788 -0.203876 0.00413246 0.235753 5.69543</i>
                        <i>-0.0853169 -0.206375 0.974746 -0.99409 0.0835441 -0.0693219 -0.067128 -0.9749 -0.212283 0.00718145 0.24144 5.74565</i>
                        <i>-0.0937097 -0.214335 0.972254 -0.993322 0.0861387 -0.0767508 -0.0672983 -0.972955 -0.220976 0.00955939 0.24468 5.77968</i>
                        <i>-0.0991751 -0.222123 0.969962 -0.992479 0.0923782 -0.0803226 -0.0717618 -0.970632 -0.229614 0.0129133 0.23929 5.79936</i>
                        <i>-0.101896 -0.227239 0.968493 -0.991361 0.104016 -0.0798971 -0.0825827 -0.968268 -0.235875 0.017769 0.22491 5.81156</i>
                        <i>-0.102735 -0.230045 0.967742 -0.990294 0.115217 -0.0777401 -0.0936169 -0.966336 -0.239648 0.0220275 0.21001 5.81593</i>
                        <i>-0.102529 -0.230734 0.9676 -0.989824 0.120156 -0.0762311 -0.0986737 -0.965569 -0.240706 0.0237772 0.203108 5.8122</i>
                        <i>-0.102197 -0.22942 0.967947 -0.990541 0.113032 -0.0777924 -0.0915618 -0.966742 -0.238801 0.0211638 0.212722 5.80011</i>
                        <i>-0.102884 -0.226335 0.968601 -0.992497 0.0880271 -0.084853 -0.0660578 -0.970064 -0.233694 0.0119747 0.24722 5.77924</i>
                        <i>-0.109087 -0.23617 0.965569 -0.994032 0.025066 -0.106171 0.000871572 -0.971388 -0.237495 -0.0146227 0.306117 5.74851</i>
                        <i>-0.117041 -0.261515 0.958077 -0.98736 -0.0731708 -0.140591 0.10687 -0.962422 -0.249646 -0.0609102 0.378306 5.70785</i>
                        <i>-0.121069 -0.281503 0.951892 -0.96828 -0.177664 -0.175694 0.218575 -0.942969 -0.251065 -0.114836 0.457239 5.65826</i>
                        <i>-0.126168 -0.271728 0.954068 -0.944619 -0.260799 -0.199196 0.302947 -0.926363 -0.223775 -0.161091 0.540498 5.60119</i>
                        <i>-0.140445 -0.205782 0.968467 -0.933641 -0.298034 -0.198722 0.32953 -0.93211 -0.150269 -0.181846 0.629954 5.53828</i>
                        <i>-0.155719 -0.0542231 0.986312 -0.94747 -0.274204 -0.164661 0.279379 -0.960142 -0.00867598 -0.163496 0.730144 5.46711</i>
                        <i>-0.138626 0.166393 0.976266 -0.97427 -0.199806 -0.104288 0.177712 -0.965604 0.18981 -0.112084 0.833285 5.38622</i>
                        <i>-0.0665823 0.401612 0.913386 -0.995193 -0.0926177 -0.031822 0.0718157 -0.911115 0.405848 -0.0420417 0.925245 5.30116</i>
                        <i>0.0420579 0.595876 0.801975 -0.999101 0.0207521 0.0369768 0.00539085 -0.802809 0.596212 0.027084 0.999406 5.22058</i>
                        <i>0.138434 0.723038 0.676795 -0.990324 0.107764 0.0874363 -0.00971464 -0.682351 0.73096 0.0757528 1.05832 5.1546</i>
                        <i>0.164797 0.739585 0.652576 -0.986239 0.132446 0.0989523 -0.0132473 -0.659903 0.751234 0.0901117 1.10064 5.14401</i>
                        <i>0.151584 0.731498 0.66478 -0.988376 0.120107 0.0932087 -0.0116629 -0.671181 0.741202 0.0829602 1.13261 5.18027</i>
                        <i>0.138434 0.723038 0.676795 -0.990324 0.107764 0.0874363 -0.00971464 -0.682351 0.73096 0.0757528 1.16443 5.2165</i>
                    </KeyFrames>
                </p>
            </i>
            <i>
                <p>
                    <Name>
                        <![CDATA[spine2]]>
</Name>
                    <Exclude>0</Exclude>
                    <Additive>0</Additive>
                    <IKPriority>0</IKPriority>
                    <IKRotLimits>-1e+010 -1e+010 -1e+010 1e+010 1e+010 1e+010</IKRotLimits>
                    <IKRotLimitOrder>0</IKRotLimitOrder>
                    <KeyFrames count="64">
                        <i>0.166721 0.611156 0.773752 -0.979897 0.0154962 0.1989 0.109569 -0.791359 0.601453 0.02595 1.42539 0.234491</i>
                        <i>0.127067 0.844312 0.520569 -0.987902 0.0606874 0.142711 0.0889009 -0.532405 0.841809 0.0182886 1.4083 0.360889</i>
                        <i>0.0820011 0.976961 0.197037 -0.996322 0.0754237 0.0406702 0.024872 -0.199647 0.979552 0.0109942 1.3568 0.478126</i>
                        <i>0.0467527 0.998547 -0.0267997 -0.997718 0.045372 -0.049999 -0.0487104 0.0290761 0.99839 0.00497593 1.32336 0.612166</i>
                        <i>0.00286047 0.992567 -0.121665 -0.994365 -0.0100699 -0.105531 -0.105972 0.121282 0.986945 -0.00499136 1.36878 0.755884</i>
                        <i>-0.0451169 0.98666 -0.156415 -0.991136 -0.0637953 -0.116532 -0.124956 0.149771 0.980793 -0.0181759 1.46054 0.91105</i>
                        <i>-0.0808477 0.991262 -0.104228 -0.988853 -0.0928874 -0.116373 -0.125037 0.0936576 0.987722 -0.0289802 1.53945 1.11161</i>
                        <i>-0.109017 0.990001 0.089521 -0.985727 -0.0960442 -0.138264 -0.128284 -0.103316 0.986341 -0.0364652 1.57793 1.39575</i>
                        <i>-0.144648 0.9085 0.392053 -0.981935 -0.0829493 -0.170069 -0.121987 -0.40957 0.904086 -0.0476531 1.57027 1.74869</i>
                        <i>-0.18592 0.71621 0.672664 -0.978228 -0.0706723 -0.195129 -0.0922146 -0.694297 0.713756 -0.0647958 1.51147 2.10815</i>
                        <i>-0.276335 0.417312 0.865731 -0.957743 -0.194366 -0.212014 0.0797925 -0.887735 0.453388 -0.133849 1.40816 2.44449</i>
                        <i>-0.275081 0.11853 0.954086 -0.916364 -0.332562 -0.222889 0.290874 -0.935603 0.200098 -0.180389 1.2883 2.74291</i>
                        <i>-0.208798 -0.0840549 0.97434 -0.9145 -0.336262 -0.224983 0.346544 -0.93801 -0.00665736 -0.195216 1.19406 2.83997</i>
                        <i>-0.142552 -0.246517 0.958597 -0.927559 -0.304713 -0.216297 0.345418 -0.919989 -0.185222 -0.209785 1.08194 2.93084</i>
                        <i>-0.0994017 -0.310678 0.945303 -0.941069 -0.279292 -0.190747 0.323276 -0.908557 -0.264607 -0.223994 0.99445 3.02762</i>
                        <i>-0.0947745 -0.234832 0.967405 -0.948286 -0.274425 -0.159516 0.302939 -0.932494 -0.196679 -0.226083 0.989093 3.13282</i>
                        <i>-0.0876425 -0.127555 0.987952 -0.957646 -0.262289 -0.118818 0.274285 -0.956522 -0.0991649 -0.211092 1.05327 3.25831</i>
                        <i>-0.0684618 0.00829466 0.997619 -0.970277 -0.233202 -0.0646465 0.232111 -0.972393 0.0240135 -0.184686 1.15403 3.38556</i>
                        <i>-0.0249295 0.0718459 0.997104 -0.985728 -0.167879 -0.0125487 0.166491 -0.983186 0.0750057 -0.135012 1.19628 3.51923</i>
                        <i>0.0376087 -0.0344433 0.998699 -0.99925 -0.0104877 0.0372678 0.00919045 -0.999352 -0.034812 -0.0377387 1.10095 3.69389</i>
                        <i>0.0113983 -0.294594 0.955554 -0.976322 0.20317 0.0742826 -0.216023 -0.933775 -0.285303 0.0496848 0.910682 3.88662</i>
                        <i>-0.118059 -0.513349 0.850021 -0.937645 0.339457 0.0747773 -0.326932 -0.788189 -0.521414 0.0627687 0.773419 4.03699</i>
                        <i>-0.205911 -0.616289 0.760124 -0.927358 0.370888 0.0494938 -0.312424 -0.694716 -0.64789 0.0443498 0.782731 4.17844</i>
                        <i>-0.190638 -0.585359 0.788043 -0.935017 0.352784 0.0358556 -0.298998 -0.729999 -0.614574 0.0426245 0.868813 4.36431</i>
                        <i>-0.107326 -0.43632 0.893368 -0.952816 0.301759 0.032911 -0.283942 -0.847683 -0.448119 0.051199 0.921022 4.57069</i>
                        <i>-0.0208139 -0.227048 0.973661 -0.969791 0.241335 0.0355458 -0.243049 -0.943508 -0.225212 0.0561702 0.896777 4.76374</i>
                        <i>0.029985 -0.0309144 0.999072 -0.982097 0.185059 0.0352018 -0.185975 -0.982241 -0.0248119 0.0507547 0.831421 4.92416</i>
                        <i>0.0288401 0.0632214 0.997583 -0.990233 0.138001 0.0198819 -0.13641 -0.988412 0.0665838 0.0340361 0.719195 5.04512</i>
                        <i>-0.0568284 -0.149313 0.987156 -0.993013 0.110875 -0.040395 -0.10342 -0.982554 -0.154571 -0.0032225 0.51313 5.15164</i>
                        <i>-0.139173 -0.428302 0.892854 -0.988593 0.112513 -0.100124 -0.0575742 -0.896604 -0.439075 -0.0345856 0.299356 5.23341</i>
                        <i>-0.157981 -0.488789 0.857979 -0.986776 0.110045 -0.119005 -0.036248 -0.865434 -0.499711 -0.0381776 0.23967 5.31088</i>
                        <i>-0.149991 -0.432354 0.889142 -0.98797 0.0997929 -0.118137 -0.037653 -0.896165 -0.442121 -0.0299845 0.223522 5.38343</i>
                        <i>-0.135812 -0.33834 0.931172 -0.989622 0.0908568 -0.111325 -0.0469377 -0.936628 -0.347168 -0.0221968 0.225156 5.44704</i>
                        <i>-0.140222 -0.320219 0.936909 -0.988809 0.0939764 -0.11587 -0.0509436 -0.942671 -0.329813 -0.0255843 0.243347 5.50434</i>
                        <i>-0.142318 -0.247046 0.958495 -0.987602 0.100238 -0.120804 -0.0662335 -0.963805 -0.258249 -0.0303623 0.256951 5.55107</i>
                        <i>-0.132565 -0.156995 0.978662 -0.987883 0.101322 -0.11756 -0.0807033 -0.982388 -0.168525 -0.0283643 0.232986 5.58562</i>
                        <i>-0.128728 -0.175797 0.975974 -0.988611 0.100116 -0.112361 -0.0779578 -0.979322 -0.186683 -0.0245135 0.199623 5.60726</i>
                        <i>-0.129099 -0.231353 0.964266 -0.989228 0.0977072 -0.108998 -0.0689987 -0.967951 -0.241475 -0.0218618 0.18064 5.61482</i>
                        <i>-0.132148 -0.307582 0.942301 -0.989607 0.0953105 -0.107671 -0.0566933 -0.946736 -0.31698 -0.0208034 0.179536 5.6295</i>
                        <i>-0.133734 -0.37571 0.917037 -0.989954 0.0935089 -0.106057 -0.0459047 -0.922008 -0.38444 -0.019696 0.182534 5.66734</i>
                        <i>-0.133592 -0.417827 0.898651 -0.990257 0.0922237 -0.104331 -0.0392847 -0.903834 -0.426076 -0.0185627 0.18803 5.72042</i>
                        <i>-0.13199 -0.424013 0.895987 -0.99051 0.0913723 -0.102674 -0.0383334 -0.901035 -0.432049 -0.0174504 0.194509 5.78076</i>
                        <i>-0.129741 -0.406765 0.904273 -0.990701 0.0908695 -0.101266 -0.0409794 -0.909002 -0.414772 -0.0164317 0.200718 5.84044</i>
                        <i>-0.127627 -0.382809 0.914969 -0.990822 0.0906295 -0.100289 -0.0445315 -0.919371 -0.390863 -0.015611 0.205462 5.89154</i>
                        <i>-0.126601 -0.369362 0.920621 -0.990865 0.0905678 -0.0999243 -0.0464704 -0.924862 -0.377454 -0.0151131 0.20756 5.92616</i>
                        <i>-0.127353 -0.369411 0.920498 -0.990513 0.0956675 -0.0986472 -0.0516204 -0.924329 -0.37809 -0.0129886 0.201034 5.94614</i>
                        <i>-0.129234 -0.37262 0.918941 -0.989642 0.106885 -0.0958361 -0.0625109 -0.921808 -0.382573 -0.00876383 0.186148 5.95842</i>
                        <i>-0.131272 -0.376592 0.917031 -0.988635 0.118099 -0.0930233 -0.0732689 -0.91882 -0.387815 -0.00470921 0.171123 5.96276</i>
                        <i>-0.132285 -0.378953 0.915912 -0.988133 0.123195 -0.0917442 -0.078069 -0.917179 -0.390752 -0.00292127 0.164257 5.95899</i>
                        <i>-0.131007 -0.377344 0.91676 -0.988828 0.116061 -0.0935349 -0.0711052 -0.918772 -0.388333 -0.0054551 0.173853 5.94693</i>
                        <i>-0.126601 -0.369362 0.920621 -0.990865 0.0905677 -0.0999243 -0.0464704 -0.924862 -0.377453 -0.0147354 0.208057 5.92628</i>
                        <i>-0.120258 -0.363437 0.923825 -0.992566 0.0264632 -0.118796 0.0187275 -0.931243 -0.363917 -0.0421595 0.263514 5.89542</i>
                        <i>-0.113339 -0.36226 0.925161 -0.986035 -0.0733452 -0.149516 0.12202 -0.929187 -0.348888 -0.089099 0.328853 5.85423</i>
                        <i>-0.10819 -0.353377 0.929204 -0.967006 -0.179442 -0.180833 0.230641 -0.91811 -0.322303 -0.142584 0.40171 5.80462</i>
                        <i>-0.110965 -0.321655 0.940332 -0.943303 -0.263748 -0.201535 0.312835 -0.909382 -0.274151 -0.188521 0.484321 5.74905</i>
                        <i>-0.125985 -0.248438 0.96042 -0.932227 -0.301414 -0.200255 0.339235 -0.920559 -0.193627 -0.211076 0.583337 5.68963</i>
                        <i>-0.143082 -0.107327 0.983874 -0.945876 -0.277748 -0.167854 0.291284 -0.95464 -0.0617769 -0.195748 0.708126 5.62252</i>
                        <i>-0.131733 0.0913098 0.987071 -0.972555 -0.204558 -0.110873 0.191789 -0.974586 0.115751 -0.142755 0.847823 5.54112</i>
                        <i>-0.0711572 0.302606 0.950456 -0.99403 -0.100527 -0.0424135 0.0827123 -0.9478 0.307953 -0.0623419 0.979057 5.44671</i>
                        <i>0.0241688 0.480992 0.876392 -0.9997 0.0080847 0.0231322 0.00404106 -0.876687 0.481043 0.0232876 1.08581 5.34866</i>
                        <i>0.111857 0.603287 0.789641 -0.993334 0.0901499 0.071837 -0.0278477 -0.792413 0.609349 0.0868652 1.16611 5.26276</i>
                        <i>0.137368 0.62387 0.769361 -0.989877 0.114447 0.0839372 -0.0356848 -0.773103 0.633276 0.105271 1.21132 5.2487</i>
                        <i>0.12455 0.613753 0.779611 -0.991699 0.102296 0.0778994 -0.0319401 -0.782842 0.6214 0.0960894 1.24187 5.28671</i>
                        <i>0.111857 0.603287 0.789641 -0.993334 0.0901499 0.071837 -0.0278477 -0.792413 0.609349 0.0868652 1.27222 5.32467</i>
                    </KeyFrames>
                </p>
            </i>
            <i>
                <p>
                    <Name>
                        <![CDATA[head]]>
</Name>
                    <Exclude>0</Exclude>
                    <Additive>0</Additive>
                    <IKPriority>0</IKPriority>
                    <IKRotLimits>-1e+010 -1e+010 -1e+010 1e+010 1e+010 1e+010</IKRotLimits>
                    <IKRotLimitOrder>0</IKRotLimitOrder>
