<?xml version="1.0" encoding="ISO-8859-1" ?>
<Animl Version="1">
    <ModellingPackage><![CDATA[Maya.2010]]></ModellingPackage>
    <SrcFile><![CDATA[anims\characters\shared\base_soldier\~src\infantry\context_vaultover_high.mb]]></SrcFile>
    <FramesPerSecond>30</FramesPerSecond>
    <TotalFrames>37</TotalFrames>
    <Skeleton>
        <RefFrame>
            <Name><![CDATA[soldier_ref_frame]]></Name>
            <Exclude>0</Exclude>
            <Additive>0</Additive>
            <IKPriority>0</IKPriority>
            <IKRotLimits>-1e+010 -1e+010 -1e+010 1e+010 1e+010 1e+010</IKRotLimits>
            <IKRotLimitOrder>0</IKRotLimitOrder>
            <KeyFrames count="37">
                <i>1 0 0 0 1 0 0 0 1 -0.00514044 0 -0.29798</i>
                <i>1 0 0 0 1 0 0 0 1 -0.00760028 0 -0.228347</i>
                <i>1 0 0 0 1 0 0 0 1 -0.00998288 0 -0.157533</i>
                <i>1 0 0 0 1 0 0 0 1 -0.0117388 0 -0.0858859</i>
                <i>1 0 0 0 1 0 0 0 1 -0.0125296 0 -0.0141377</i>
                <i>1 0 0 0 1 0 0 0 1 -0.012487 0 0.055406</i>
                <i>1 0 0 0 1 0 0 0 1 -0.0118769 0 0.123052</i>
                <i>1 0 0 0 1 0 0 0 1 -0.010636 0 0.191914</i>
                <i>1 0 0 0 1 0 0 0 1 -0.00848912 0 0.265467</i>
                <i>1 0 0 0 1 0 0 0 1 -0.00422686 0 0.355997</i>
                <i>1 0 0 0 1 0 0 0 1 0.00266791 0 0.452931</i>
                <i>1 0 0 0 1 0 0 0 1 0.0104327 0 0.54981</i>
                <i>1 0 0 0 1 0 0 0 1 0.0218122 0 0.644245</i>
                <i>1 0 0 0 1 0 0 0 1 0.0381738 0 0.73026</i>
                <i>1 0 0 0 1 0 0 0 1 0.0392203 0 0.815185</i>
                <i>1 0 0 0 1 0 0 0 1 0.033779 0 0.905524</i>
                <i>1 0 0 0 1 0 0 0 1 0.0349716 0 1.01096</i>
                <i>1 0 0 0 1 0 0 0 1 0.0470555 0 1.13928</i>
                <i>1 0 0 0 1 0 0 0 1 0.0651888 0 1.28452</i>
                <i>1 0 0 0 1 0 0 0 1 0.089166 0 1.43163</i>
                <i>1 0 0 0 1 0 0 0 1 0.114861 0 1.56524</i>
                <i>1 0 0 0 1 0 0 0 1 0.136716 0 1.67061</i>
                <i>1 0 0 0 1 0 0 0 1 0.152301 0 1.74525</i>
                <i>1 0 0 0 1 0 0 0 1 0.164062 0 1.80262</i>
                <i>1 0 0 0 1 0 0 0 1 0.177993 0 1.85817</i>
                <i>1 0 0 0 1 0 0 0 1 0.194261 0 1.90999</i>
                <i>1 0 0 0 1 0 0 0 1 0.211775 0 1.95558</i>
                <i>1 0 0 0 1 0 0 0 1 0.22997 0 1.99642</i>
                <i>1 0 0 0 1 0 0 0 1 0.248088 0 2.03397</i>
                <i>1 0 0 0 1 0 0 0 1 0.26518 0 2.06968</i>
                <i>1 0 0 0 1 0 0 0 1 0.280155 0 2.10503</i>
                <i>1 0 0 0 1 0 0 0 1 0.291678 0 2.14157</i>
                <i>1 0 0 0 1 0 0 0 1 0.296135 0 2.18175</i>
                <i>1 0 0 0 1 0 0 0 1 0.29502 0 2.22553</i>
                <i>1 0 0 0 1 0 0 0 1 0.291675 0 2.27206</i>
                <i>1 0 0 0 1 0 0 0 1 0.289313 0 2.32039</i>
                <i>1 0 0 0 1 0 0 0 1 0.289091 0 2.32724</i>
            </KeyFrames>
        </RefFrame>
        <Bones count="23">
            <i>
                <p>
                    <Name><![CDATA[pelvis]]></Name>
                    <Exclude>0</Exclude>
                    <Additive>0</Additive>
                    <IKPriority>0</IKPriority>
                    <IKRotLimits>-1e+010 -1e+010 -1e+010 1e+010 1e+010 1e+010</IKRotLimits>
                    <IKRotLimitOrder>2</IKRotLimitOrder>
                    <KeyFrames count="37">
                        <i>1 0 0 0 1 0 0 0 1 -0.00514044 1.07255 -0.29798</i>
                        <i>1 0 0 0 1 0 0 0 1 -0.00760028 1.06565 -0.228347</i>
                        <i>1 0 0 0 1 0 0 0 1 -0.00998288 1.05755 -0.157533</i>
                        <i>1 0 0 0 1 0 0 0 1 -0.0117388 1.04998 -0.0858859</i>
                        <i>1 0 0 0 1 0 0 0 1 -0.0125296 1.0447 -0.0141377</i>
                        <i>1 0 0 0 1 0 0 0 1 -0.012487 1.07245 0.055406</i>
                        <i>1 0 0 0 1 0 0 0 1 -0.0118769 1.15418 0.123052</i>
                        <i>1 0 0 0 1 0 0 0 1 -0.010636 1.27696 0.191914</i>
                        <i>1 0 0 0 1 0 0 0 1 -0.00848912 1.42782 0.265467</i>
                        <i>1 0 0 0 1 0 0 0 1 -0.00422686 1.59381 0.355997</i>
                        <i>1 0 0 0 1 0 0 0 1 0.00266791 1.76217 0.452931</i>
                        <i>1 0 0 0 1 0 0 0 1 0.0104327 1.92032 0.54981</i>
                        <i>1 0 0 0 1 0 0 0 1 0.0218122 2.05518 0.644245</i>
                        <i>1 0 0 0 1 0 0 0 1 0.0381738 2.15937 0.73026</i>
                        <i>1 0 0 0 1 0 0 0 1 0.0392203 2.2276 0.815185</i>
                        <i>1 0 0 0 1 0 0 0 1 0.033779 2.26651 0.905524</i>
                        <i>1 0 0 0 1 0 0 0 1 0.0349716 2.29378 1.01096</i>
                        <i>1 0 0 0 1 0 0 0 1 0.0470555 2.30743 1.13928</i>
                        <i>1 0 0 0 1 0 0 0 1 0.0651888 2.30691 1.28452</i>
                        <i>1 0 0 0 1 0 0 0 1 0.089166 2.28869 1.43163</i>
                        <i>1 0 0 0 1 0 0 0 1 0.114861 2.25244 1.56524</i>
                        <i>1 0 0 0 1 0 0 0 1 0.136716 2.16261 1.67061</i>
                        <i>1 0 0 0 1 0 0 0 1 0.152301 1.99898 1.74525</i>
                        <i>1 0 0 0 1 0 0 0 1 0.164062 1.79036 1.80262</i>
                        <i>1 0 0 0 1 0 0 0 1 0.177993 1.56266 1.85817</i>
                        <i>1 0 0 0 1 0 0 0 1 0.194261 1.33317 1.90999</i>
                        <i>1 0 0 0 1 0 0 0 1 0.211775 1.12188 1.95558</i>
                        <i>1 0 0 0 1 0 0 0 1 0.22997 0.951004 1.99642</i>
                        <i>1 0 0 0 1 0 0 0 1 0.248088 0.842546 2.03397</i>
                        <i>1 0 0 0 1 0 0 0 1 0.26518 0.798398 2.06968</i>
                        <i>1 0 0 0 1 0 0 0 1 0.280155 0.803734 2.10503</i>
                        <i>1 0 0 0 1 0 0 0 1 0.291678 0.843573 2.14157</i>
                        <i>1 0 0 0 1 0 0 0 1 0.296135 0.903151 2.18175</i>
                        <i>1 0 0 0 1 0 0 0 1 0.29502 0.968434 2.22553</i>
                        <i>1 0 0 0 1 0 0 0 1 0.291675 1.02546 2.27206</i>
                        <i>1 0 0 0 1 0 0 0 1 0.289313 1.06 2.32039</i>
                        <i>1 0 0 0 1 0 0 0 1 0.289091 1.06185 2.32724</i>
                    </KeyFrames>
                </p>
            </i>
            <i>
                <p>
                    <Name><![CDATA[spine0]]></Name>
                    <Exclude>0</Exclude>
                    <Additive>0</Additive>
                    <IKPriority>0</IKPriority>
                    <IKRotLimits>-1e+010 -1e+010 -1e+010 1e+010 1e+010 1e+010</IKRotLimits>
                    <IKRotLimitOrder>0</IKRotLimitOrder>
                    <KeyFrames count="37">
                        <i>0.0655703 0.842981 0.533932 -0.959435 -0.0937752 0.265878 0.2742 -0.529707 0.802636 -0.00745869 1.19338 -0.240724</i>
                        <i>0.0658253 0.845966 0.529158 -0.910898 -0.165544 0.377968 0.407347 -0.506889 0.759692 -0.00926963 1.18292 -0.16368</i>
                        <i>0.0722451 0.856258 0.511471 -0.837353 -0.226533 0.497517 0.541869 -0.464224 0.700624 -0.00730874 1.1721 -0.0874106</i>
                        <i>0.0703293 0.871216 0.485835 -0.753229 -0.272928 0.598461 0.653987 -0.408035 0.637031 -0.00386708 1.16378 -0.0143048</i>
                        <i>0.0473327 0.88328 0.46645 -0.684537 -0.311393 0.659123 0.72744 -0.3505 0.589898 -0.0024509 1.15968 0.0552874</i>
                        <i>-0.000504226 0.888654 0.458578 -0.650726 -0.348495 0.674616 0.759312 -0.298068 0.578446 -0.00538582 1.18955 0.120915</i>
                        <i>-0.0662147 0.888246 0.454571 -0.642798 -0.386415 0.661434 0.763169 -0.248401 0.596549 -0.0122453 1.27325 0.184263</i>
                        <i>-0.142823 0.880847 0.451343 -0.644591 -0.42883 0.632935 0.751068 -0.200534 0.629033 -0.0222823 1.39719 0.248711</i>
                        <i>-0.224123 0.866017 0.446972 -0.639776 -0.476717 0.602849 0.735156 -0.15085 0.6609 -0.034889 1.54781 0.317584</i>
                        <i>-0.314899 0.842968 0.43617 -0.622365 -0.530351 0.575664 0.71659 -0.0901808 0.69164 -0.0505313 1.71107 0.402049</i>
                        <i>-0.414708 0.810056 0.414519 -0.595426 -0.586047 0.54956 0.688102 -0.0189084 0.725368 -0.0698497 1.87217 0.489511</i>
                        <i>-0.516412 0.766197 0.38244 -0.564127 -0.640382 0.521222 0.644266 0.0534204 0.762933 -0.0909465 2.01672 0.572969</i>
                        <i>-0.613942 0.7092 0.34657 -0.530881 -0.695905 0.483612 0.584158 0.112923 0.803746 -0.106173 2.13176 0.650568</i>
                        <i>-0.7006 0.636746 0.322047 -0.489934 -0.757386 0.431661 0.518772 0.14464 0.842588 -0.110311 2.21228 0.717633</i>
                        <i>-0.762779 0.568771 0.307681 -0.455372 -0.810269 0.368918 0.459134 0.141293 0.877059 -0.12196 2.2569 0.783467</i>
                        <i>-0.807342 0.513621 0.290503 -0.43563 -0.850864 0.293694 0.398026 0.11056 0.910688 -0.133061 2.2764 0.856914</i>
                        <i>-0.842877 0.476565 0.249886 -0.434488 -0.876701 0.206435 0.317455 0.0654264 0.946014 -0.133004 2.29162 0.950079</i>
                        <i>-0.871241 0.460947 0.168725 -0.472565 -0.880626 -0.0343504 0.13275 -0.109661 0.985065 -0.119008 2.30536 1.07101</i>
                        <i>-0.873969 0.481698 0.0643743 -0.466348 -0.794002 -0.389975 -0.136737 -0.370847 0.918572 -0.0970741 2.31954 1.21904</i>
                        <i>-0.836697 0.54719 -0.0228367 -0.415336 -0.661158 -0.624793 -0.356979 -0.513277 0.780457 -0.0670307 2.32203 1.3777</i>
                        <i>-0.765315 0.641305 -0.0549649 -0.434451 -0.577689 -0.691034 -0.474916 -0.504979 0.720729 -0.0306212 2.30789 1.52377</i>
                        <i>-0.676212 0.736461 -0.0190481 -0.530779 -0.504961 -0.680652 -0.510893 -0.450155 0.732359 0.00655681 2.23926 1.64181</i>
                        <i>-0.580586 0.811253 0.0691982 -0.652439 -0.412712 -0.635603 -0.487076 -0.41417 0.768908 0.0409769 2.09392 1.72947</i>
                        <i>-0.48673 0.856692 0.170799 -0.795623 -0.354027 -0.491578 -0.360664 -0.375157 0.85392 0.069706 1.89725 1.7968</i>
                        <i>-0.407855 0.883398 0.230784 -0.871365 -0.301098 -0.38738 -0.272722 -0.359092 0.892567 0.099254 1.67818 1.85791</i>
                        <i>-0.352968 0.897717 0.263664 -0.898984 -0.247295 -0.361488 -0.259312 -0.364623 0.89432 0.135774 1.45732 1.91402</i>
                        <i>-0.303248 0.909194 0.285318 -0.914882 -0.194045 -0.354032 -0.266519 -0.368392 0.890649 0.175002 1.2523 1.96337</i>
                        <i>-0.246818 0.919937 0.304626 -0.92615 -0.131422 -0.353518 -0.285179 -0.369384 0.884437 0.212129 1.08479 2.00605</i>
                        <i>-0.185689 0.925274 0.330738 -0.93377 -0.0613676 -0.352572 -0.30593 -0.374302 0.875389 0.24128 0.977765 2.04211</i>
                        <i>-0.12198 0.929209 0.348844 -0.937769 0.00723613 -0.347183 -0.32513 -0.369485 0.870501 0.261312 0.934473 2.07319</i>
                        <i>-0.0601985 0.934479 0.350892 -0.940114 0.0650754 -0.334591 -0.335502 -0.35002 0.874599 0.277526 0.940486 2.10318</i>
                        <i>-0.00938171 0.942312 0.334605 -0.944481 0.101554 -0.312478 -0.328432 -0.318959 0.889043 0.29457 0.980879 2.13592</i>
                        <i>0.00597483 0.957482 0.288431 -0.954751 0.0912289 -0.283068 -0.297346 -0.273688 0.914702 0.303851 1.04083 2.1712</i>
                        <i>-0.0128029 0.974627 0.223467 -0.967777 0.0441297 -0.247913 -0.251484 -0.21944 0.942657 0.305149 1.10631 2.20848</i>
                        <i>-0.0476671 0.985381 0.163561 -0.97818 -0.0128997 -0.20736 -0.202218 -0.169876 0.964495 0.303673 1.16328 2.24819</i>
                        <i>-0.0732267 0.990443 0.116882 -0.984983 -0.0534493 -0.16417 -0.156354 -0.127149 0.979483 0.304588 1.1975 2.29079</i>
                        <i>-0.0683081 0.991039 0.114789 -0.990097 -0.0531956 -0.129915 -0.122644 -0.122527 0.984858 0.310983 1.19902 2.29902</i>
                    </KeyFrames>
                </p>
            </i>
            <i>
                <p>
                    <Name><![CDATA[spine1]]></Name>
                    <Exclude>0</Exclude>
                    <Additive>0</Additive>
                    <IKPriority>0</IKPriority>
                    <IKRotLimits>-1e+010 -1e+010 -1e+010 1e+010 1e+010 1e+010</IKRotLimits>
                    <IKRotLimitOrder>0</IKRotLimitOrder>
                    <KeyFrames count="37">
                        <i>0.17052 0.715132 0.677871 -0.983231 0.0783574 0.16467 0.0646445 -0.694584 0.716501 -0.000796767 1.34091 -0.138274</i>
                        <i>0.161816 0.735895 0.657476 -0.971959 0.00365521 0.235124 0.170623 -0.677086 0.715851 -0.00543188 1.33221 -0.0614401</i>
                        <i>0.151072 0.766276 0.624499 -0.949334 -0.0636528 0.307755 0.275577 -0.639351 0.717835 -0.00532877 1.3242 0.0124797</i>
                        <i>0.123016 0.792361 0.59752 -0.92191 -0.131632 0.364356 0.367354 -0.595682 0.714293 -0.00498408 1.31902 0.0817719</i>
                        <i>0.069364 0.796661 0.600433 -0.896065 -0.214789 0.388501 0.438469 -0.564975 0.698962 -0.00989182 1.31684 0.148349</i>
                        <i>-0.0104855 0.771874 0.635689 -0.875612 -0.314096 0.366943 0.482901 -0.55277 0.679156 -0.0228788 1.34686 0.212507</i>
                        <i>-0.106006 0.725293 0.68023 -0.853363 -0.417509 0.312182 0.510426 -0.54739 0.663197 -0.0424461 1.42947 0.274667</i>
                        <i>-0.202824 0.662345 0.721222 -0.81805 -0.519425 0.246968 0.538198 -0.539905 0.647183 -0.0668169 1.55092 0.337839</i>
                        <i>-0.285382 0.593046 0.752897 -0.765096 -0.61409 0.193704 0.577222 -0.520759 0.628987 -0.094536 1.6976 0.40523</i>
                        <i>-0.353667 0.531123 0.769953 -0.697587 -0.698141 0.16116 0.623131 -0.480112 0.617414 -0.127121 1.85544 0.48711</i>
                        <i>-0.406081 0.491073 0.770678 -0.631123 -0.760621 0.152117 0.660894 -0.424621 0.618802 -0.165274 2.00976 0.570222</i>
                        <i>-0.454244 0.477552 0.752069 -0.579365 -0.799642 0.157828 0.676756 -0.36403 0.639909 -0.206256 2.14661 0.647877</i>
                        <i>-0.510954 0.475794 0.715923 -0.545501 -0.823136 0.157722 0.664345 -0.309949 0.680131 -0.242564 2.25361 0.719842</i>
                        <i>-0.572735 0.462863 0.676559 -0.523652 -0.841572 0.132462 0.630685 -0.278415 0.724377 -0.268419 2.32463 0.784202</i>
                        <i>-0.618165 0.445555 0.647574 -0.518187 -0.850466 0.0904988 0.591062 -0.279621 0.756609 -0.292863 2.3564 0.847236</i>
                        <i>-0.658573 0.435953 0.613373 -0.527999 -0.848475 0.0361438 0.536189 -0.300057 0.788966 -0.309641 2.36381 0.916145</i>
                        <i>-0.705598 0.44081 0.554814 -0.54476 -0.838161 -0.0268762 0.453176 -0.321204 0.831541 -0.311733 2.37056 0.999961</i>
                        <i>-0.76392 0.45347 0.45912 -0.550467 -0.829214 -0.096901 0.336767 -0.326755 0.883074 -0.295539 2.38254 1.10497</i>
                        <i>-0.818223 0.477826 0.319678 -0.547291 -0.817654 -0.178648 0.176023 -0.32113 0.930533 -0.264587 2.40281 1.23629</i>
                        <i>-0.836904 0.524342 0.157022 -0.547161 -0.793923 -0.265143 -0.0143621 -0.307816 0.951338 -0.222864 2.41908 1.38285</i>
                        <i>-0.813966 0.579269 0.0436652 -0.55313 -0.749878 -0.362945 -0.177499 -0.319578 0.930787 -0.172838 2.42393 1.52431</i>
                        <i>-0.768586 0.639537 0.0164033 -0.56937 -0.672119 -0.473364 -0.291709 -0.373161 0.880714 -0.118585 2.37363 1.6489</i>
                        <i>-0.713993 0.697265 0.0635267 -0.591146 -0.551725 -0.588342 -0.375181 -0.457626 0.806113 -0.0651893 2.24156 1.7527</i>
                        <i>-0.643759 0.750965 0.147057 -0.612818 -0.390841 -0.686802 -0.458288 -0.532254 0.711813 -0.0191476 2.05178 1.83693</i>
                        <i>-0.556792 0.801645 0.217594 -0.631638 -0.238482 -0.737672 -0.539459 -0.548171 0.639134 0.0251462 1.83588 1.9078</i>
                        <i>-0.504597 0.825875 0.251619 -0.568278 -0.0983119 -0.816942 -0.649955 -0.555216 0.518935 0.0726976 1.61614 1.96962</i>
                        <i>-0.4744 0.836052 0.275611 -0.477773 0.0184327 -0.87829 -0.739377 -0.54834 0.390699 0.121815 1.41256 2.02299</i>
                        <i>-0.44693 0.833594 0.324613 -0.452191 0.10258 -0.886003 -0.771865 -0.542769 0.331098 0.170187 1.24645 2.0694</i>
                        <i>-0.405133 0.810266 0.42348 -0.507778 0.185769 -0.84122 -0.760282 -0.55584 0.336174 0.211567 1.13932 2.11035</i>
                        <i>-0.342803 0.764522 0.545887 -0.591217 0.276004 -0.757816 -0.730033 -0.582519 0.357383 0.244088 1.09604 2.14487</i>
                        <i>-0.271121 0.699787 0.660902 -0.684745 0.342333 -0.643376 -0.676475 -0.626982 0.386362 0.27211 1.1039 2.17569</i>
                        <i>-0.209588 0.646047 0.733959 -0.766367 0.357639 -0.533644 -0.607251 -0.674328 0.420153 0.298731 1.1477 2.20584</i>
                        <i>-0.169524 0.638493 0.750725 -0.836836 0.30909 -0.45185 -0.520544 -0.704834 0.481916 0.310477 1.21211 2.23214</i>
                        <i>-0.154685 0.677803 0.718788 -0.895003 0.211962 -0.392482 -0.418381 -0.704028 0.573848 0.307276 1.28125 2.25606</i>
                        <i>-0.172235 0.744805 0.644671 -0.936645 0.0788147 -0.341297 -0.305009 -0.662611 0.684044 0.298065 1.33914 2.28311</i>
                        <i>-0.206504 0.816007 0.539896 -0.958778 -0.0586817 -0.27803 -0.195192 -0.575055 0.794488 0.293209 1.37245 2.31575</i>
                        <i>-0.233019 0.843972 0.483128 -0.955745 -0.107001 -0.274049 -0.179595 -0.525606 0.831555 0.299995 1.3733 2.32313</i>
                    </KeyFrames>
                </p>
            </i>
            <i>
                <p>
                    <Name><![CDATA[spine2]]></Name>
                    <Exclude>0</Exclude>
                    <Additive>0</Additive>
                    <IKPriority>0</IKPriority>
                    <IKRotLimits>-1e+010 -1e+010 -1e+010 1e+010 1e+010 1e+010</IKRotLimits>
                    <IKRotLimitOrder>0</IKRotLimitOrder>
                    <KeyFrames count="37">
                        <i>0.174908 0.566283 0.805438 -0.984132 0.0757562 0.16045 0.0298433 -0.820722 0.570548 0.0318788 1.44447 -0.0319435</i>
                        <i>0.200228 0.552622 0.809023 -0.971906 0.0077602 0.23524 0.123721 -0.833396 0.538651 0.0265796 1.44102 0.0418772</i>
                        <i>0.236772 0.55116 0.800101 -0.947793 -0.0500256 0.314939 0.213607 -0.832899 0.51054 0.025478 1.43989 0.11048</i>
                        <i>0.26288 0.556095 0.78845 -0.918408 -0.106202 0.381114 0.295671 -0.824306 0.482804 0.0213702 1.44058 0.175488</i>
                        <i>0.260755 0.552861 0.791424 -0.891384 -0.176934 0.417289 0.370732 -0.814272 0.446675 0.00732569 1.43991 0.243144</i>
                        <i>0.221811 0.528687 0.819323 -0.872743 -0.267101 0.408627 0.434878 -0.805696 0.402162 -0.0193291 1.46579 0.314336</i>
                        <i>0.156411 0.486217 0.859726 -0.855782 -0.36787 0.363742 0.493125 -0.792631 0.358557 -0.0551003 1.54021 0.385325</i>
                        <i>0.0797964 0.432658 0.89802 -0.827154 -0.474012 0.301874 0.55628 -0.76689 0.320051 -0.0957293 1.65046 0.456618</i>
                        <i>0.00694213 0.379229 0.925277 -0.778946 -0.578174 0.242812 0.627052 -0.722426 0.291385 -0.137008 1.78492 0.530377</i>
                        <i>-0.0667546 0.340263 0.937958 -0.711971 -0.674838 0.19414 0.699028 -0.654839 0.287306 -0.180352 1.93236 0.61636</i>
                        <i>-0.153577 0.323757 0.933593 -0.638204 -0.753808 0.156425 0.754394 -0.571799 0.322391 -0.226517 2.08136 0.701866</i>
                        <i>-0.264674 0.325886 0.907604 -0.567807 -0.813388 0.126474 0.77945 -0.48187 0.400323 -0.275769 2.21932 0.780037</i>
                        <i>-0.398382 0.329559 0.855969 -0.503598 -0.858568 0.0961767 0.766603 -0.392749 0.508003 -0.324571 2.33213 0.851466</i>
                        <i>-0.537318 0.325938 0.777852 -0.450519 -0.890613 0.0619812 0.712967 -0.317133 0.625383 -0.367013 2.40893 0.915672</i>
                        <i>-0.663243 0.315194 0.678793 -0.410966 -0.911394 0.0216502 0.625472 -0.264601 0.73401 -0.399131 2.43979 0.973702</i>
                        <i>-0.762673 0.303435 0.571189 -0.385636 -0.922313 -0.0249521 0.519244 -0.239301 0.820439 -0.417865 2.44398 1.03302</i>
                        <i>-0.829904 0.297626 0.471888 -0.374728 -0.923994 -0.0762547 0.413326 -0.240114 0.878355 -0.422376 2.44903 1.10291</i>
                        <i>-0.874863 0.283559 0.392695 -0.36031 -0.922811 -0.136367 0.323716 -0.260794 0.909502 -0.413221 2.45761 1.18779</i>
                        <i>-0.905115 0.265419 0.332145 -0.345844 -0.914017 -0.212048 0.247304 -0.306798 0.919084 -0.389584 2.47393 1.28995</i>
                        <i>-0.920689 0.265201 0.286357 -0.34809 -0.889799 -0.29511 0.176536 -0.371383 0.911542 -0.351979 2.49387 1.40495</i>
                        <i>-0.923407 0.286625 0.255277 -0.369689 -0.842996 -0.390752 0.103198 -0.455196 0.884391 -0.302296 2.50886 1.52578</i>
                        <i>-0.912873 0.331022 0.238929 -0.407892 -0.763842 -0.50017 0.0169365 -0.554048 0.832312 -0.24364 2.47072 1.64588</i>
                        <i>-0.885642 0.397163 0.240623 -0.455609 -0.643011 -0.615596 -0.0897691 -0.654827 0.750428 -0.182257 2.34952 1.75914</i>
                        <i>-0.834506 0.485453 0.260642 -0.504451 -0.482837 -0.71582 -0.221649 -0.728838 0.647817 -0.122743 2.1692 1.8613</i>
                        <i>-0.745993 0.59264 0.303764 -0.562368 -0.316288 -0.764006 -0.356703 -0.74077 0.56923 -0.0612785 1.96052 1.94675</i>
                        <i>-0.649569 0.685814 0.328207 -0.549434 -0.12504 -0.826128 -0.525531 -0.716955 0.458032 -0.00356179 1.74299 2.01692</i>
                        <i>-0.564559 0.746537 0.352074 -0.489148 0.0409723 -0.871238 -0.664836 -0.664082 0.342036 0.0504796 1.53988 2.07708</i>
                        <i>-0.504953 0.762232 0.405 -0.472551 0.14852 -0.868699 -0.722301 -0.630035 0.285198 0.102156 1.37227 2.13309</i>
                        <i>-0.475044 0.727846 0.494544 -0.521981 0.219374 -0.824264 -0.708427 -0.649704 0.275709 0.149284 1.25958 2.19055</i>
                        <i>-0.469257 0.64496 0.603179 -0.591172 0.277964 -0.757134 -0.655983 -0.711873 0.250846 0.190938 1.20761 2.24582</i>
                        <i>-0.453801 0.523505 0.721115 -0.674282 0.327336 -0.661963 -0.582588 -0.786635 0.204445 0.229372 1.20565 2.29759</i>
                        <i>-0.401513 0.404882 0.821497 -0.759443 0.354153 -0.545731 -0.511892 -0.842998 0.165288 0.264831 1.24321 2.34296</i>
                        <i>-0.318341 0.334808 0.886883 -0.841289 0.331407 -0.427085 -0.436911 -0.882084 0.17617 0.28267 1.30956 2.37444</i>
                        <i>-0.222264 0.342076 0.913007 -0.909002 0.265934 -0.320927 -0.352582 -0.901256 0.25184 0.281698 1.38801 2.39327</i>
                        <i>-0.14739 0.443934 0.883854 -0.955488 0.166999 -0.243215 -0.255574 -0.88036 0.39956 0.268755 1.45861 2.40584</i>
                        <i>-0.110508 0.59417 0.796712 -0.981506 0.0608332 -0.181508 -0.156313 -0.802036 0.576459 0.256799 1.50409 2.4175</i>
                        <i>-0.108234 0.667299 0.736884 -0.983464 0.0363949 -0.17741 -0.145204 -0.7439 0.652325 0.258594 1.50915 2.41348</i>
                    </KeyFrames>
                </p>
            </i>
            <i>
                <p>
                    <Name><![CDATA[head]]></Name>
                    <Exclude>0</Exclude>
                    <Additive>0</Additive>
                    <IKPriority>0</IKPriority>
                    <IKRotLimits>-1e+010 -1e+010 -1e+010 1e+010 1e+010 1e+010</IKRotLimits>
                    <IKRotLimitOrder>0</IKRotLimitOrder>
                    <KeyFrames count="37">
                        <i>0.0186618 0.978563 0.205102 -0.0229186 0.205502 -0.978388 -0.999563 0.0135579 0.0262623 0.0767959 1.59835 0.169679</i>
                        <i>-0.00658531 0.990847 0.134833 -0.0481501 0.134365 -0.989761 -0.998818 -0.0130101 0.0468245 0.0764426 1.59274 0.243446</i>
                        <i>-0.0422963 0.998334 0.039239 -0.0610791 0.0366169 -0.997461 -0.997236 -0.0445856 0.0594286 0.0826484 1.59246 0.308754</i>
                        <i>-0.0878474 0.995348 -0.0395514 -0.0665857 -0.0454835 -0.996744 -0.993906 -0.0849278 0.0702715 0.0828944 1.5952 0.37013</i>
                        <i>-0.130734 0.989982 -0.0533341 -0.0825779 -0.0644824 -0.994496 -0.987972 -0.12561 0.0901807 0.0660524 1.59394 0.438583</i>
                        <i>-0.165051 0.986262 -0.00670818 -0.0936008 -0.0224342 -0.995357 -0.981833 -0.163657 0.0960178 0.0275674 1.61353 0.517328</i>
                        <i>-0.201542 0.977764 0.057959 -0.081898 0.0421438 -0.995749 -0.97605 -0.205432 0.0715831 -0.0264001 1.67679 0.598965</i>
                        <i>-0.246828 0.960306 0.129958 -0.0715649 0.115677 -0.990705 -0.966413 -0.253834 0.0401719 -0.0877198 1.77279 0.680301</i>
                        <i>-0.300186 0.933362 0.196785 -0.0808861 0.180649 -0.980216 -0.950445 -0.310164 0.0212679 -0.14831 1.89275 0.761325</i>
                        <i>-0.361458 0.900756 0.240805 -0.104212 0.217619 -0.970454 -0.926546 -0.375874 0.0152094 -0.210578 2.0291 0.850787</i>
                        <i>-0.423232 0.87141 0.24803 -0.119956 0.217453 -0.968672 -0.898045 -0.439725 0.0124975 -0.277859 2.17275 0.935371</i>
                        <i>-0.482349 0.84922 0.214861 -0.108924 0.185231 -0.97664 -0.869181 -0.494484 0.0031546 -0.353293 2.3105 1.00708</i>
                        <i>-0.536171 0.830172 0.152758 -0.0663666 0.138949 -0.988073 -0.841497 -0.539914 -0.0194049 -0.433492 2.42394 1.06571</i>
                        <i>-0.57443 0.814959 0.0766337 -0.000920572 0.0929775 -0.995668 -0.818554 -0.572011 -0.0526587 -0.508635 2.49936 1.11122</i>
                        <i>-0.591603 0.806229 0.00111195 0.0727932 0.0547884 -0.995841 -0.802937 -0.589061 -0.0911009 -0.569941 2.52717 1.14644</i>
                        <i>-0.588098 0.806483 -0.0610452 0.137985 0.0256769 -0.990101 -0.796932 -0.5907 -0.126383 -0.611862 2.52845 1.18088</i>
                        <i>-0.569004 0.816198 -0.100274 0.17898 0.00390285 -0.983845 -0.802621 -0.577759 -0.148304 -0.632765 2.53247 1.22667</i>
                        <i>-0.556918 0.823003 -0.111839 0.188633 -0.00580299 -0.982031 -0.808864 -0.568007 -0.152014 -0.635552 2.53852 1.2903</i>
                        <i>-0.560178 0.821964 -0.10284 0.1507 -0.0209554 -0.988357 -0.814549 -0.569154 -0.112131 -0.620404 2.55188 1.37348</i>
                        <i>-0.562421 0.822343 -0.0862257 0.0715354 -0.0554982 -0.995893 -0.823751 -0.566279 -0.0276132 -0.586577 2.57365 1.47182</i>
                        <i>-0.553867 0.830531 -0.0587347 -0.0333074 -0.0925884 -0.995147 -0.831939 -0.549223 0.0789445 -0.536224 2.59557 1.5813</i>
                        <i>-0.526514 0.85001 -0.0163227 -0.149018 -0.111173 -0.982565 -0.837005 -0.514901 0.185201 -0.473194 2.56967 1.69681</i>
                        <i>-0.47378 0.879469 0.0454667 -0.263901 -0.0925311 -0.960101 -0.840172 -0.466876 0.275932 -0.403487 2.46539 1.81252</i>
                        <i>-0.38736 0.914011 0.120571 -0.366979 -0.0328934 -0.929647 -0.845742 -0.404355 0.348164 -0.329806 2.30663 1.92264</i>
                        <i>-0.26203 0.946572 0.187994 -0.335802 0.093198 -0.937311 -0.904753 -0.308732 0.29344 -0.245358 2.12338 2.02051</i>
                        <i>-0.132662 0.956707 0.259059 -0.147934 0.23933 -0.959602 -0.980059 -0.165626 0.10978 -0.164302 1.92713 2.09762</i>
                        <i>-0.0358769 0.945811 0.322728 0.06978 0.324519 -0.943302 -0.996917 -0.0113228 -0.0776415 -0.0903457 1.73765 2.16421</i>
                        <i>0.0133844 0.929153 0.369452 0.206428 0.358958 -0.91024 -0.97837 0.0884481 -0.186999 -0.0245078 1.57334 2.23386</i>
                        <i>0.015977 0.9075 0.419748 0.25229 0.402559 -0.879941 -0.96752 0.119957 -0.222522 0.0308163 1.45224 2.31484</i>
                        <i>-0.01877 0.86752 0.497048 0.26474 0.483704 -0.834232 -0.964137 0.11593 -0.238746 0.07622 1.38041 2.39872</i>
                        <i>-0.0537493 0.800263 0.597236 0.250486 0.589782 -0.767733 -0.966627 0.108334 -0.232155 0.120845 1.34946 2.48082</i>
                        <i>-0.0530921 0.726672 0.68493 0.222518 0.677261 -0.701287 -0.973482 0.115176 -0.197654 0.170064 1.35909 2.55096</i>
                        <i>-0.0172199 0.687106 0.726353 0.178701 0.716879 -0.673907 -0.983753 0.118195 -0.135131 0.207474 1.40994 2.59723</i>
                        <i>0.0345157 0.706637 0.706734 0.124767 0.698576 -0.704574 -0.991586 0.112496 -0.064053 0.22782 1.49158 2.62026</i>
                        <i>0.0644859 0.792814 0.606043 0.0716936 0.602057 -0.795228 -0.99534 0.0947304 -0.0180155 0.230231 1.58701 2.62324</i>
                        <i>0.0563288 0.895791 0.440892 0.0330114 0.43968 -0.897547 -0.997866 0.0651122 -0.00480466 0.224684 1.66793 2.61142</i>
                        <i>0.0532924 0.934416 0.352175 0.0298545 0.351028 -0.935889 -0.998132 0.0603898 -0.00918933 0.225859 1.68995 2.59199</i>
                    </KeyFrames>
                </p>
            </i>
            <i>
                <p>
                    <Name><![CDATA[head_prop]]></Name>
                    <Exclude>0</Exclude>
                    <Additive>0</Additive>
                    <IKPriority>0</IKPriority>
                    <IKRotLimits>-1e+010 -1e+010 -1e+010 1e+010 1e+010 1e+010</IKRotLimits>
                    <IKRotLimitOrder>0</IKRotLimitOrder>
                    <KeyFrames count="37">
                        <i>0.999563 -0.0135579 -0.0262623 0.0186618 0.978563 0.205102 0.0229186 -0.205502 0.978388 0.0828779 1.91727 0.236523</i>
                        <i>0.998818 0.0130101 -0.0468245 -0.00658531 0.990847 0.134833 0.0481501 -0.134365 0.989761 0.0742964 1.91566 0.28739</i>
                        <i>0.997236 0.0445856 -0.0594286 -0.0422963 0.998334 0.039239 0.0610791 -0.0366169 0.997461 0.0688637 1.91783 0.321543</i>
                        <i>0.993906 0.0849278 -0.0702715 -0.0878474 0.995348 -0.0395514 0.0665857 0.0454835 0.996744 0.0542641 1.9196 0.35724</i>
                        <i>0.987972 0.12561 -0.0901807 -0.130734 0.989982 -0.0533341 0.0825779 0.0644824 0.994496 0.023445 1.91659 0.4212</i>
                        <i>0.981833 0.163657 -0.0960178 -0.165051 0.986262 -0.00670818 0.0936008 0.0224342 0.995357 -0.0262243 1.93496 0.515142</i>
                        <i>0.97605 0.205432 -0.0715831 -0.201542 0.977764 0.057959 0.081898 -0.0421438 0.995749 -0.0920844 1.99545 0.617854</i>
                        <i>0.966413 0.253834 -0.0401719 -0.246828 0.960306 0.129958 0.0715649 -0.115677 0.990705 -0.168163 2.08576 0.722655</i>
                        <i>0.950445 0.310164 -0.0212679 -0.300186 0.933362 0.196785 0.0808861 -0.180649 0.980216 -0.246143 2.19694 0.825458</i>
                        <i>0.926546 0.375874 -0.0152094 -0.361458 0.900756 0.240805 0.104212 -0.217619 0.970454 -0.328381 2.32266 0.929268</i>
                        <i>0.898045 0.439725 -0.0124975 -0.423232 0.87141 0.24803 0.119956 -0.217453 0.968672 -0.415794 2.45675 1.01621</i>
                        <i>0.869181 0.494484 -0.0031546 -0.482349 0.84922 0.214861 0.108924 -0.185231 0.97664 -0.510494 2.58727 1.07711</i>
                        <i>0.841497 0.539914 0.0194049 -0.536171 0.830172 0.152758 0.0663666 -0.138949 0.988073 -0.608235 2.6945 1.1155</i>
                        <i>0.818554 0.572011 0.0526587 -0.57443 0.814959 0.0766337 0.000920572 -0.0929775 0.995668 -0.695847 2.76496 1.1362</i>
                        <i>0.802937 0.589061 0.0911009 -0.591603 0.806229 0.00111195 -0.0727932 -0.0547884 0.995841 -0.76275 2.78993 1.1468</i>
                        <i>0.796932 0.5907 0.126383 -0.588098 0.806483 -0.0610452 -0.137985 -0.0256769 0.990101 -0.803528 2.79129 1.16098</i>
                        <i>0.802621 0.577759 0.148304 -0.569004 0.816198 -0.100274 -0.17898 -0.00390285 0.983845 -0.818209 2.79848 1.19399</i>
                        <i>0.808864 0.568007 0.152014 -0.556918 0.823003 -0.111839 -0.188633 0.00580299 0.982031 -0.817056 2.80674 1.25385</i>
                        <i>0.814549 0.569154 0.112131 -0.560178 0.821964 -0.10284 -0.1507 0.0209554 0.988357 -0.802971 2.81977 1.33997</i>
                        <i>0.823751 0.566279 0.0276132 -0.562421 0.822343 -0.0862257 -0.0715354 0.0554982 0.995893 -0.769875 2.84165 1.44372</i>
                        <i>0.831939 0.549223 -0.0789445 -0.553867 0.830531 -0.0587347 0.0333074 0.0925884 0.995147 -0.716735 2.86625 1.56215</i>
                        <i>0.837005 0.514901 -0.185201 -0.526514 0.85001 -0.0163227 0.149018 0.111173 0.982565 -0.64479 2.84669 1.6915</i>
                        <i>0.840172 0.466876 -0.275932 -0.47378 0.879469 0.0454667 0.263901 0.0925311 0.960101 -0.557896 2.75201 1.82734</i>
                        <i>0.845742 0.404355 -0.348164 -0.38736 0.914011 0.120571 0.366979 0.0328934 0.929647 -0.45605 2.60451 1.96194</i>
                        <i>0.904753 0.308732 -0.29344 -0.26203 0.946572 0.187994 0.335802 -0.093198 0.937311 -0.330756 2.43188 2.08178</i>
                        <i>0.980059 0.165626 -0.10978 -0.132662 0.956707 0.259059 0.147934 -0.23933 0.959602 -0.207537 2.23893 2.18205</i>
                        <i>0.996917 0.0113228 0.0776415 -0.0358769 0.945811 0.322728 -0.06978 -0.324519 0.943302 -0.102038 2.0459 2.26939</i>
                        <i>0.97837 -0.0884481 0.186999 0.0133844 0.929153 0.369452 -0.206428 -0.358958 0.91024 -0.0201457 1.87616 2.35427</i>
                        <i>0.96752 -0.119957 0.222522 0.015977 0.9075 0.419748 -0.25229 -0.402559 0.879941 0.0360233 1.748 2.45164</i>
                        <i>0.964137 -0.11593 0.238746 -0.01877 0.86752 0.497048 -0.26474 -0.483704 0.834232 0.0701027 1.66314 2.56072</i>
                        <i>0.966627 -0.108334 0.232155 -0.0537493 0.800263 0.597236 -0.250486 -0.589782 0.767733 0.103327 1.61027 2.67547</i>
                        <i>0.973482 -0.115176 0.197654 -0.0530921 0.726672 0.68493 -0.222518 -0.677261 0.701287 0.152761 1.59592 2.77418</i>
                        <i>0.983753 -0.118195 0.135131 -0.0172199 0.687106 0.726353 -0.178701 -0.716879 0.673907 0.201862 1.63387 2.83395</i>
                        <i>0.991586 -0.112496 0.064053 0.0345157 0.706637 0.706734 -0.124767 -0.698576 0.704574 0.239069 1.72188 2.85059</i>
                        <i>0.99534 -0.0947304 0.0180155 0.0644859 0.792814 0.606043 -0.0716936 -0.602057 0.795228 0.251248 1.8454 2.82075</i>
                        <i>0.997866 -0.0651122 0.00480466 0.0563288 0.895791 0.440892 -0.0330114 -0.43968 0.897547 0.243042 1.95988 2.75511</i>
                        <i>0.998132 -0.0603898 0.00918933 0.0532924 0.934416 0.352175 -0.0298545 -0.351028 0.935889 0.243227 1.99449 2.70676</i>
                    </KeyFrames>
                </p>
            </i>
            <i>
                <p>
                    <Name><![CDATA[l_clav]]></Name>
                    <Exclude>0</Exclude>
                    <Additive>0</Additive>
                    <IKPriority>0</IKPriority>
                    <IKRotLimits>-1e+010 -1e+010 -1e+010 1e+010 1e+010 1e+010</IKRotLimits>
                    <IKRotLimitOrder>0</IKRotLimitOrder>
                    <KeyFrames count="37">
                        <i>0.959019 0.282045 0.0270688 -0.219852 0.68046 0.699027 0.178738 -0.676332 0.714583 0.128249 1.44684 0.0206437</i>
                        <i>0.939044 0.342076 -0.0343653 -0.207769 0.644293 0.736015 0.273915 -0.684011 0.676092 0.125695 1.44925 0.0859691</i>
                        <i>0.912822 0.394525 -0.105384 -0.180291 0.620917 0.762861 0.366402 -0.677357 0.637916 0.126305 1.45425 0.145028</i>
                        <i>0.879582 0.446213 -0.16501 -0.159007 0.602628 0.78202 0.448388 -0.661614 0.601012 0.122236 1.46121 0.201872</i>
                        <i>0.839962 0.508141 -0.190412 -0.163144 0.571135 0.80448 0.51754 -0.644668 0.562632 0.106554 1.46707 0.265151</i>
                        <i>0.797225 0.580873 -0.164373 -0.202156 0.513444 0.833971 0.568828 -0.631634 0.526758 0.0767517 1.49953 0.337332</i>
                        <i>0.747895 0.656107 -0.100881 -0.264898 0.43433 0.860922 0.608672 -0.617156 0.498634 0.0365777 1.58035 0.413095</i>
                        <i>0.683017 0.730024 -0.0234894 -0.334226 0.340976 0.878652 0.649446 -0.592283 0.476885 -0.00954419 1.69707 0.490643</i>
                        <i>0.600049 0.798661 0.0456276 -0.393956 0.245382 0.885769 0.696233 -0.54948 0.461878 -0.0570496 1.83833 0.570212</i>
                        <i>0.499331 0.861131 0.0955063 -0.44752 0.161954 0.879487 0.741886 -0.481896 0.466242 -0.107633 1.99342 0.661199</i>
                        <i>0.390906 0.912305 0.122032 -0.507684 0.10312 0.855349 0.767756 -0.396315 0.503473 -0.161909 2.15051 0.751319</i>
                        <i>0.282777 0.950894 0.125847 -0.586181 0.0674663 0.807366 0.759229 -0.302074 0.576474 -0.220507 2.29664 0.833906</i>
                        <i>0.179536 0.976954 0.115448 -0.681303 0.0388244 0.730971 0.709643 -0.209891 0.672572 -0.280436 2.41688 0.909707</i>
                        <i>0.0923324 0.990937 0.0975604 -0.778633 0.0107826 0.627387 0.62065 -0.133892 0.772572 -0.334989 2.49886 0.978327</i>
                        <i>0.0284363 0.996419 0.0796324 -0.863638 -0.0156218 0.503871 0.503311 -0.0831018 0.8601 -0.378485 2.53272 1.04095</i>
                        <i>-0.00963626 0.997595 0.0686373 -0.926827 -0.034677 0.373884 0.375365 -0.0600121 0.924932 -0.407353 2.53829 1.10411</i>
                        <i>-0.023281 0.997261 0.0702019 -0.96625 -0.0404659 0.254406 0.25655 -0.0619098 0.964546 -0.420288 2.54357 1.17623</i>
                        <i>-0.0354262 0.995138 0.0918939 -0.986785 -0.0493796 0.154325 0.158112 -0.0852125 0.983737 -0.419126 2.55144 1.26189</i>
                        <i>-0.0449522 0.989351 0.138433 -0.996114 -0.0548964 0.0688727 0.0757388 -0.134799 0.987974 -0.402389 2.56573 1.36389</i>
                        <i>-0.0350662 0.979145 0.200113 -0.999377 -0.035156 -0.00310596 0.00399397 -0.200097 0.979768 -0.368195 2.58282 1.47808</i>
                        <i>-0.00244086 0.959366 0.282154 -0.99787 0.0160555 -0.0632235 -0.0651846 -0.281708 0.957284 -0.318445 2.59308 1.60079</i>
                        <i>0.0524785 0.920728 0.38666 -0.988469 0.102967 -0.11103 -0.142042 -0.376375 0.915514 -0.257726 2.54759 1.72681</i>
                        <i>0.125796 0.851781 0.50857 -0.964092 0.225823 -0.13975 -0.233883 -0.472729 0.849603 -0.193633 2.41578 1.84877</i>
                        <i>0.213214 0.749434 0.626809 -0.914209 0.379336 -0.142572 -0.344619 -0.542636 0.766019 -0.131203 2.22284 1.95938</i>
                        <i>0.322612 0.636199 0.700837 -0.833236 0.542149 -0.108588 -0.449042 -0.548931 0.705008 -0.0647132 2.00368 2.04969</i>
                        <i>0.376056 0.488695 0.787248 -0.712525 0.695658 -0.0914774 -0.59236 -0.526533 0.609814 -0.0106455 1.77361 2.1228</i>
                        <i>0.376507 0.347579 0.858738 -0.589108 0.805219 -0.0676265 -0.714978 -0.480428 0.507932 0.0357003 1.56005 2.18383</i>
                        <i>0.392857 0.247941 0.885544 -0.519014 0.854718 -0.00905772 -0.759136 -0.456052 0.464466 0.0860303 1.38479 2.24052</i>
                        <i>0.446084 0.174567 0.877801 -0.512892 0.853629 0.0908841 -0.733451 -0.490759 0.470324 0.140286 1.26356 2.29967</i>
                        <i>0.5018 0.103478 0.858772 -0.542641 0.810811 0.219378 -0.6736 -0.576089 0.463017 0.192646 1.20046 2.35538</i>
                        <i>0.569745 0.0297432 0.821283 -0.572363 0.731489 0.370572 -0.589738 -0.681204 0.433786 0.244376 1.18612 2.40418</i>
