<?xml version="1.0" encoding="ISO-8859-1" ?>
<Animl Version="1">
    <ModellingPackage><![CDATA[Maya.2010]]></ModellingPackage>
    <SrcFile><![CDATA[anims\characters\shared\base_soldier\~src\infantry\context_vaultover.mb]]></SrcFile>
    <FramesPerSecond>30</FramesPerSecond>
    <TotalFrames>37</TotalFrames>
    <Skeleton>
        <RefFrame>
            <Name><![CDATA[soldier_ref_frame]]></Name>
            <Exclude>0</Exclude>
            <Additive>0</Additive>
            <IKPriority>0</IKPriority>
            <IKRotLimits>-1e+010 -1e+010 -1e+010 1e+010 1e+010 1e+010</IKRotLimits>
            <IKRotLimitOrder>0</IKRotLimitOrder>
            <KeyFrames count="37">
                <i>1 0 0 0 1 0 0 0 1 -0.00514044 0 -0.29798</i>
                <i>1 0 0 0 1 0 0 0 1 -0.00778823 0 -0.235697</i>
                <i>1 0 0 0 1 0 0 0 1 -0.0104424 0 -0.17321</i>
                <i>1 0 0 0 1 0 0 0 1 -0.0125744 0 -0.108841</i>
                <i>1 0 0 0 1 0 0 0 1 -0.0137717 0 -0.0411873</i>
                <i>1 0 0 0 1 0 0 0 1 -0.013826 0 0.0307454</i>
                <i>1 0 0 0 1 0 0 0 1 -0.0128508 0 0.106428</i>
                <i>1 0 0 0 1 0 0 0 1 -0.0110516 0 0.184988</i>
                <i>1 0 0 0 1 0 0 0 1 -0.00846023 0 0.265969</i>
                <i>1 0 0 0 1 0 0 0 1 -0.00412469 0 0.356849</i>
                <i>1 0 0 0 1 0 0 0 1 0.00277376 0 0.452889</i>
                <i>1 0 0 0 1 0 0 0 1 0.010563 0 0.549762</i>
                <i>1 0 0 0 1 0 0 0 1 0.0219509 0 0.644205</i>
                <i>1 0 0 0 1 0 0 0 1 0.0382982 0 0.730241</i>
                <i>1 0 0 0 1 0 0 0 1 0.0392944 0 0.81517</i>
                <i>1 0 0 0 1 0 0 0 1 0.0338066 0 0.904856</i>
                <i>1 0 0 0 1 0 0 0 1 0.0349749 0 1.00851</i>
                <i>1 0 0 0 1 0 0 0 1 0.0470555 0 1.1344</i>
                <i>1 0 0 0 1 0 0 0 1 0.0651888 0 1.27707</i>
                <i>1 0 0 0 1 0 0 0 1 0.089166 0 1.42198</i>
                <i>1 0 0 0 1 0 0 0 1 0.114861 0 1.55426</i>
                <i>1 0 0 0 1 0 0 0 1 0.136716 0 1.65967</i>
                <i>1 0 0 0 1 0 0 0 1 0.152301 0 1.73623</i>
                <i>1 0 0 0 1 0 0 0 1 0.164062 0 1.79789</i>
                <i>1 0 0 0 1 0 0 0 1 0.177992 0 1.8602</i>
                <i>1 0 0 0 1 0 0 0 1 0.194245 0 1.91489</i>
                <i>1 0 0 0 1 0 0 0 1 0.211727 0 1.95757</i>
                <i>1 0 0 0 1 0 0 0 1 0.229883 0 1.99018</i>
                <i>1 0 0 0 1 0 0 0 1 0.24797 0 2.01468</i>
                <i>1 0 0 0 1 0 0 0 1 0.265059 0 2.03299</i>
                <i>1 0 0 0 1 0 0 0 1 0.280081 0 2.04434</i>
                <i>1 0 0 0 1 0 0 0 1 0.2917 0 2.04913</i>
                <i>1 0 0 0 1 0 0 0 1 0.296071 0 2.05299</i>
                <i>1 0 0 0 1 0 0 0 1 0.294782 0 2.05771</i>
                <i>1 0 0 0 1 0 0 0 1 0.291354 0 2.0636</i>
                <i>1 0 0 0 1 0 0 0 1 0.289125 0 2.07085</i>
                <i>1 0 0 0 1 0 0 0 1 0.289091 0 2.07182</i>
            </KeyFrames>
        </RefFrame>
        <Bones count="23">
            <i>
                <p>
                    <Name><![CDATA[pelvis]]></Name>
                    <Exclude>0</Exclude>
                    <Additive>0</Additive>
                    <IKPriority>0</IKPriority>
                    <IKRotLimits>-1e+010 -1e+010 -1e+010 1e+010 1e+010 1e+010</IKRotLimits>
                    <IKRotLimitOrder>2</IKRotLimitOrder>
                    <KeyFrames count="37">
                        <i>1 0 0 0 1 0 0 0 1 -0.00514044 1.07255 -0.29798</i>
                        <i>1 0 0 0 1 0 0 0 1 -0.00778823 1.02819 -0.235697</i>
                        <i>1 0 0 0 1 0 0 0 1 -0.0104424 0.97801 -0.17321</i>
                        <i>1 0 0 0 1 0 0 0 1 -0.0125744 0.933349 -0.108841</i>
                        <i>1 0 0 0 1 0 0 0 1 -0.0137717 0.905589 -0.0411873</i>
                        <i>1 0 0 0 1 0 0 0 1 -0.013826 0.917189 0.0307454</i>
                        <i>1 0 0 0 1 0 0 0 1 -0.0128508 1.00351 0.106428</i>
                        <i>1 0 0 0 1 0 0 0 1 -0.0110516 1.13538 0.184988</i>
                        <i>1 0 0 0 1 0 0 0 1 -0.00846023 1.27796 0.265969</i>
                        <i>1 0 0 0 1 0 0 0 1 -0.00412469 1.39629 0.356849</i>
                        <i>1 0 0 0 1 0 0 0 1 0.00277376 1.4968 0.452889</i>
                        <i>1 0 0 0 1 0 0 0 1 0.010563 1.60131 0.549762</i>
                        <i>1 0 0 0 1 0 0 0 1 0.0219509 1.69754 0.644205</i>
                        <i>1 0 0 0 1 0 0 0 1 0.0382982 1.77887 0.730241</i>
                        <i>1 0 0 0 1 0 0 0 1 0.0392944 1.84078 0.81517</i>
                        <i>1 0 0 0 1 0 0 0 1 0.0338066 1.8783 0.904856</i>
                        <i>1 0 0 0 1 0 0 0 1 0.0349749 1.90013 1.00851</i>
                        <i>1 0 0 0 1 0 0 0 1 0.0470555 1.90455 1.1344</i>
                        <i>1 0 0 0 1 0 0 0 1 0.0651888 1.89124 1.27707</i>
                        <i>1 0 0 0 1 0 0 0 1 0.089166 1.85479 1.42198</i>
                        <i>1 0 0 0 1 0 0 0 1 0.114861 1.7864 1.55426</i>
                        <i>1 0 0 0 1 0 0 0 1 0.136716 1.6923 1.65967</i>
                        <i>1 0 0 0 1 0 0 0 1 0.152301 1.58011 1.73623</i>
                        <i>1 0 0 0 1 0 0 0 1 0.164062 1.45933 1.79789</i>
                        <i>1 0 0 0 1 0 0 0 1 0.177992 1.33658 1.8602</i>
                        <i>1 0 0 0 1 0 0 0 1 0.194245 1.20982 1.91489</i>
                        <i>1 0 0 0 1 0 0 0 1 0.211727 1.07974 1.95757</i>
                        <i>1 0 0 0 1 0 0 0 1 0.229883 0.949306 1.99018</i>
                        <i>1 0 0 0 1 0 0 0 1 0.24797 0.843553 2.01468</i>
                        <i>1 0 0 0 1 0 0 0 1 0.265059 0.804091 2.03299</i>
                        <i>1 0 0 0 1 0 0 0 1 0.280081 0.816895 2.04434</i>
                        <i>1 0 0 0 1 0 0 0 1 0.2917 0.86613 2.04913</i>
                        <i>1 0 0 0 1 0 0 0 1 0.296071 0.935916 2.05299</i>
                        <i>1 0 0 0 1 0 0 0 1 0.294782 1.01155 2.05771</i>
                        <i>1 0 0 0 1 0 0 0 1 0.291354 1.07843 2.0636</i>
                        <i>1 0 0 0 1 0 0 0 1 0.289125 1.12153 2.07085</i>
                        <i>1 0 0 0 1 0 0 0 1 0.289091 1.12438 2.07182</i>
                    </KeyFrames>
                </p>
            </i>
            <i>
                <p>
                    <Name><![CDATA[spine0]]></Name>
                    <Exclude>0</Exclude>
                    <Additive>0</Additive>
                    <IKPriority>0</IKPriority>
                    <IKRotLimits>-1e+010 -1e+010 -1e+010 1e+010 1e+010 1e+010</IKRotLimits>
                    <IKRotLimitOrder>0</IKRotLimitOrder>
                    <KeyFrames count="37">
                        <i>0.0655703 0.842981 0.533932 -0.959435 -0.0937752 0.265878 0.2742 -0.529707 0.802636 -0.00745869 1.19338 -0.240724</i>
                        <i>0.066997 0.845376 0.529954 -0.916791 -0.157429 0.367029 0.393708 -0.510447 0.764486 -0.0089758 1.14576 -0.171574</i>
                        <i>0.0751399 0.853878 0.515021 -0.853705 -0.211816 0.475732 0.515307 -0.475423 0.713044 -0.00700446 1.09292 -0.103707</i>
                        <i>0.077748 0.867171 0.491905 -0.778904 -0.255143 0.572897 0.622305 -0.427688 0.655606 -0.00338503 1.04717 -0.0373087</i>
                        <i>0.063109 0.880429 0.469959 -0.709261 -0.291719 0.641755 0.702115 -0.373824 0.606044 -0.000968966 1.02014 0.0289112</i>
                        <i>0.0214575 0.888198 0.45896 -0.665523 -0.329884 0.669519 0.746069 -0.319814 0.584037 -0.00287093 1.03377 0.0971715</i>
                        <i>-0.0489962 0.890281 0.452768 -0.654021 -0.371209 0.659137 0.754888 -0.263824 0.60045 -0.0104307 1.12234 0.168339</i>
                        <i>-0.134194 0.883902 0.448005 -0.656483 -0.417953 0.62797 0.742309 -0.209838 0.636353 -0.0218022 1.25553 0.242188</i>
                        <i>-0.220093 0.868911 0.443342 -0.653536 -0.468753 0.594274 0.724189 -0.158944 0.671034 -0.0351585 1.39777 0.318327</i>
                        <i>-0.31129 0.845858 0.433155 -0.637653 -0.523874 0.564761 0.704626 -0.100398 0.702441 -0.0511795 1.51321 0.403122</i>
                        <i>-0.410651 0.813435 0.411933 -0.610962 -0.58084 0.537912 0.676824 -0.0307813 0.735501 -0.0714386 1.60578 0.489878</i>
                        <i>-0.511655 0.770599 0.379981 -0.579457 -0.636028 0.509605 0.63438 0.0405592 0.771956 -0.0937115 1.6953 0.573531</i>
                        <i>-0.608458 0.714975 0.344369 -0.546367 -0.692132 0.471632 0.575553 0.0988165 0.811772 -0.109713 1.76985 0.651147</i>
                        <i>-0.694529 0.644148 0.320472 -0.505946 -0.753969 0.418986 0.511515 0.128856 0.849558 -0.113836 1.82586 0.718048</i>
                        <i>-0.756483 0.577396 0.30716 -0.471287 -0.806898 0.356097 0.453456 0.124621 0.882523 -0.124753 1.86352 0.783652</i>
                        <i>-0.802137 0.521262 0.29131 -0.447892 -0.847845 0.283818 0.39493 0.0971856 0.913557 -0.134774 1.88273 0.856379</i>
                        <i>-0.841277 0.478565 0.251452 -0.43654 -0.875739 0.20619 0.318882 0.063694 0.945652 -0.133629 1.89591 0.948084</i>
                        <i>-0.864875 0.471466 0.17237 -0.461787 -0.88188 0.0950774 0.196835 0.00263195 0.980433 -0.119324 1.90338 1.06818</i>
                        <i>-0.877497 0.474916 0.0667345 -0.478627 -0.876005 -0.0594239 0.0302384 -0.0840853 0.996 -0.0965469 1.90584 1.21229</i>
                        <i>-0.860488 0.508697 -0.0280517 -0.488468 -0.839411 -0.238303 -0.144771 -0.191354 0.970786 -0.0640234 1.89298 1.36572</i>
                        <i>-0.819127 0.56721 -0.0854609 -0.487321 -0.766724 -0.417915 -0.302571 -0.300679 0.904458 -0.0248315 1.84972 1.51171</i>
                        <i>-0.762829 0.64069 -0.0872277 -0.489905 -0.660727 -0.568712 -0.422002 -0.391097 0.817898 0.0145252 1.77736 1.6331</i>
                        <i>-0.69469 0.718394 -0.0362681 -0.518908 -0.535427 -0.666373 -0.498137 -0.444103 0.744736 0.048888 1.68109 1.72465</i>
                        <i>-0.610126 0.790987 0.0456673 -0.674459 -0.488268 -0.553805 -0.415755 -0.368691 0.831393 0.0732178 1.56828 1.79406</i>
                        <i>-0.521555 0.846632 0.105804 -0.791214 -0.433511 -0.431334 -0.319313 -0.308678 0.895967 0.0983403 1.45167 1.85946</i>
                        <i>-0.429806 0.891449 0.143475 -0.851808 -0.347619 -0.391897 -0.299482 -0.290653 0.908753 0.133677 1.33329 1.91794</i>
                        <i>-0.33313 0.925389 0.180776 -0.896199 -0.251183 -0.365697 -0.293004 -0.283836 0.913009 0.17365 1.20992 1.96478</i>
                        <i>-0.244557 0.943863 0.22207 -0.923373 -0.156802 -0.350422 -0.295929 -0.290751 0.909884 0.211697 1.08307 1.99963</i>
                        <i>-0.172354 0.946904 0.271418 -0.936844 -0.072446 -0.342163 -0.304332 -0.313249 0.899587 0.241396 0.978785 2.02286</i>
                        <i>-0.112218 0.940359 0.32114 -0.942002 0.0021966 -0.335601 -0.316291 -0.340175 0.885574 0.262815 0.940186 2.03707</i>
                        <i>-0.0619094 0.930018 0.362261 -0.942797 0.0646296 -0.327042 -0.327568 -0.361785 0.872817 0.279273 0.953672 2.04316</i>
                        <i>-0.0212896 0.923655 0.382632 -0.943092 0.108481 -0.31434 -0.33185 -0.36755 0.868782 0.293451 1.00344 2.04306</i>
                        <i>-0.0093751 0.931416 0.363835 -0.946241 0.109385 -0.304407 -0.323328 -0.347129 0.880318 0.297792 1.0736 2.0403</i>
                        <i>-0.0232671 0.948833 0.314919 -0.951455 0.0756869 -0.298337 -0.306907 -0.306572 0.901011 0.293159 1.14923 2.0366</i>
                        <i>-0.0499009 0.966101 0.253295 -0.955509 0.0276397 -0.293664 -0.29071 -0.25668 0.921739 0.285086 1.21557 2.03365</i>
                        <i>-0.0702008 0.978954 0.191629 -0.957488 -0.0122442 -0.288213 -0.279801 -0.203715 0.938196 0.279 1.25776 2.03308</i>
                        <i>-0.0691039 0.982414 0.173457 -0.957612 -0.0165831 -0.287582 -0.279648 -0.185978 0.941918 0.278655 1.26049 2.03325</i>
                    </KeyFrames>
                </p>
            </i>
            <i>
                <p>
                    <Name><![CDATA[spine1]]></Name>
                    <Exclude>0</Exclude>
                    <Additive>0</Additive>
                    <IKPriority>0</IKPriority>
                    <IKRotLimits>-1e+010 -1e+010 -1e+010 1e+010 1e+010 1e+010</IKRotLimits>
                    <IKRotLimitOrder>0</IKRotLimitOrder>
                    <KeyFrames count="37">
                        <i>0.17052 0.715132 0.677871 -0.983231 0.0783574 0.16467 0.0646445 -0.694584 0.716501 -0.000796767 1.34091 -0.138274</i>
                        <i>0.161701 0.734226 0.659367 -0.97354 0.00935897 0.228326 0.161472 -0.67884 0.716312 -0.00461423 1.29486 -0.0692521</i>
                        <i>0.15236 0.762257 0.629087 -0.953886 -0.0531512 0.295427 0.258628 -0.645088 0.719008 -0.00384847 1.2445 -0.00332019</i>
                        <i>0.129433 0.788507 0.601252 -0.929319 -0.115027 0.350907 0.345853 -0.604173 0.717886 -0.00228312 1.20177 0.0596933</i>
                        <i>0.0847798 0.799969 0.594022 -0.905493 -0.18693 0.380972 0.415806 -0.570181 0.708518 -0.00469351 1.17721 0.122549</i>
                        <i>0.0120331 0.78394 0.62072 -0.886488 -0.27882 0.369322 0.462596 -0.554705 0.691598 -0.0157768 1.19166 0.188966</i>
                        <i>-0.0913721 0.741588 0.664603 -0.870023 -0.384141 0.309025 0.484471 -0.549984 0.680299 -0.0371175 1.27958 0.258563</i>
                        <i>-0.203042 0.676164 0.70822 -0.840566 -0.491337 0.228114 0.502218 -0.54899 0.668123 -0.0644908 1.41032 0.330769</i>
                        <i>-0.297389 0.598964 0.743506 -0.793048 -0.58859 0.15696 0.531634 -0.542959 0.650047 -0.0937879 1.54848 0.405279</i>
                        <i>-0.371804 0.527885 0.763609 -0.732152 -0.672462 0.108388 0.570714 -0.518779 0.636517 -0.126774 1.65839 0.487533</i>
                        <i>-0.42455 0.484467 0.764886 -0.675423 -0.732066 0.0887859 0.602961 -0.478927 0.638018 -0.165712 1.74413 0.569945</i>
                        <i>-0.469021 0.476452 0.743648 -0.637816 -0.76515 0.0879562 0.610909 -0.433057 0.66276 -0.207718 1.82614 0.647818</i>
                        <i>-0.520945 0.48497 0.702439 -0.619545 -0.780907 0.079677 0.587181 -0.393685 0.70727 -0.244804 1.89317 0.719958</i>
                        <i>-0.57905 0.481845 0.657667 -0.610399 -0.790975 0.0420825 0.540476 -0.377072 0.752132 -0.270815 1.94037 0.784424</i>
                        <i>-0.622707 0.471535 0.624412 -0.61258 -0.790283 -0.0141132 0.486807 -0.391291 0.780968 -0.294807 1.96562 0.847576</i>
                        <i>-0.662979 0.462066 0.589028 -0.619057 -0.780812 -0.0842662 0.420984 -0.420508 0.803707 -0.310852 1.9724 0.916048</i>
                        <i>-0.712108 0.45477 0.534871 -0.61505 -0.771474 -0.162916 0.338549 -0.444986 0.829079 -0.312254 1.9754 0.998348</i>
                        <i>-0.783306 0.435416 0.443671 -0.574177 -0.780282 -0.247952 0.238226 -0.448968 0.861206 -0.295217 1.98004 1.10183</i>
                        <i>-0.843821 0.427073 0.324923 -0.525892 -0.778619 -0.342331 0.10679 -0.459741 0.881609 -0.26676 1.98224 1.22593</i>
                        <i>-0.88629 0.423144 0.18825 -0.460767 -0.764635 -0.450585 -0.04672 -0.486089 0.87266 -0.226411 1.97691 1.36333</i>
                        <i>-0.899075 0.431071 0.0764345 -0.395191 -0.72399 -0.565386 -0.188384 -0.538531 0.821277 -0.178695 1.94779 1.50095</i>
                        <i>-0.88847 0.457715 0.0334253 -0.359267 -0.648355 -0.67124 -0.285565 -0.608386 0.740486 -0.128635 1.89237 1.62453</i>
                        <i>-0.862658 0.502276 0.0595075 -0.36862 -0.543781 -0.753938 -0.346325 -0.672326 0.654245 -0.0802046 1.81207 1.72805</i>
                        <i>-0.8106 0.568884 0.138919 -0.43541 -0.426866 -0.792593 -0.391594 -0.702962 0.593716 -0.0391737 1.71068 1.81082</i>
                        <i>-0.717984 0.652719 0.241779 -0.576965 -0.363773 -0.731287 -0.389373 -0.66455 0.637779 0.00280131 1.60209 1.88555</i>
                        <i>-0.61894 0.723729 0.305171 -0.691367 -0.317629 -0.64894 -0.372726 -0.61264 0.696956 0.0558852 1.49121 1.9507</i>
                        <i>-0.517581 0.77925 0.353383 -0.779098 -0.258475 -0.571137 -0.353718 -0.57093 0.740893 0.11458 1.37362 2.00444</i>
                        <i>-0.423809 0.804914 0.41533 -0.844221 -0.184914 -0.503089 -0.328143 -0.563844 0.757894 0.170015 1.24933 2.04708</i>
                        <i>-0.334806 0.785988 0.519739 -0.893767 -0.0901791 -0.439372 -0.298471 -0.61163 0.732683 0.214027 1.14428 2.07958</i>
                        <i>-0.2392 0.726905 0.643733 -0.931455 0.0154257 -0.363531 -0.274182 -0.686565 0.673389 0.247239 1.10382 2.10329</i>
                        <i>-0.151964 0.655707 0.739564 -0.952795 0.101802 -0.286038 -0.262846 -0.748121 0.609284 0.27341 1.11625 2.11773</i>
                        <i>-0.0892442 0.622744 0.777319 -0.96156 0.149612 -0.230257 -0.259687 -0.767989 0.585454 0.295385 1.16634 2.12223</i>
                        <i>-0.0608652 0.649685 0.757763 -0.969287 0.14276 -0.200254 -0.238281 -0.746678 0.621043 0.301869 1.23873 2.11599</i>
                        <i>-0.0610175 0.712621 0.698891 -0.977605 0.0986195 -0.185908 -0.201406 -0.694583 0.690645 0.294253 1.31749 2.10244</i>
                        <i>-0.0823251 0.782723 0.616902 -0.981757 0.0427589 -0.185267 -0.171391 -0.6209 0.764924 0.28073 1.38638 2.08703</i>
                        <i>-0.0994162 0.845247 0.525046 -0.982584 -0.000143453 -0.185819 -0.156987 -0.534376 0.830541 0.270526 1.43006 2.07408</i>
                        <i>-0.0949795 0.865562 0.491713 -0.982879 -0.00319629 -0.184227 -0.157888 -0.500792 0.851046 0.270403 1.43299 2.07062</i>
                    </KeyFrames>
                </p>
            </i>
            <i>
                <p>
                    <Name><![CDATA[spine2]]></Name>
                    <Exclude>0</Exclude>
                    <Additive>0</Additive>
                    <IKPriority>0</IKPriority>
                    <IKRotLimits>-1e+010 -1e+010 -1e+010 1e+010 1e+010 1e+010</IKRotLimits>
                    <IKRotLimitOrder>0</IKRotLimitOrder>
                    <KeyFrames count="37">
                        <i>0.174908 0.566283 0.805438 -0.984132 0.0757562 0.16045 0.0298433 -0.820722 0.570548 0.0318788 1.44447 -0.0319435</i>
                        <i>0.197984 0.553685 0.808848 -0.973364 0.0137299 0.228855 0.115608 -0.832613 0.541655 0.0272075 1.40326 0.0343595</i>
                        <i>0.232467 0.55154 0.801101 -0.952108 -0.0391554 0.303245 0.198619 -0.833229 0.516024 0.026824 1.35928 0.095436</i>
                        <i>0.260502 0.555835 0.789421 -0.92544 -0.0892538 0.368231 0.275135 -0.826487 0.491141 0.0247246 1.32247 0.154041</i>
                        <i>0.266729 0.556645 0.786767 -0.899943 -0.148291 0.410015 0.344903 -0.817408 0.461396 0.0147859 1.30091 0.216225</i>
                        <i>0.236457 0.540168 0.807655 -0.881962 -0.229473 0.411686 0.407715 -0.809667 0.422147 -0.00862357 1.31301 0.288164</i>
                        <i>0.16129 0.50109 0.850232 -0.87144 -0.332057 0.361013 0.463226 -0.799154 0.383112 -0.0472941 1.39361 0.366603</i>
                        <i>0.0654918 0.442204 0.89452 -0.849911 -0.444986 0.282204 0.522841 -0.778744 0.346691 -0.093223 1.51278 0.447555</i>
                        <i>-0.0242748 0.374866 0.926761 -0.807381 -0.554028 0.202951 0.589531 -0.743323 0.316109 -0.137896 1.63732 0.529134</i>
                        <i>-0.108496 0.318647 0.941644 -0.745592 -0.6526 0.134929 0.657511 -0.687443 0.308385 -0.1825 1.73522 0.61596</i>
                        <i>-0.201647 0.287724 0.936244 -0.67689 -0.73182 0.0791135 0.707925 -0.617782 0.342327 -0.22917 1.81506 0.700618</i>
                        <i>-0.31601 0.2825 0.905722 -0.612023 -0.790155 0.0329171 0.724959 -0.54392 0.422593 -0.278412 1.89934 0.778318</i>
                        <i>-0.449639 0.285764 0.846264 -0.552349 -0.833526 -0.0120134 0.701951 -0.472835 0.532628 -0.32684 1.97461 0.848968</i>
                        <i>-0.584636 0.287832 0.758521 -0.501493 -0.863148 -0.0589948 0.637735 -0.414883 0.648973 -0.368534 2.03032 0.912357</i>
                        <i>-0.702655 0.287145 0.651018 -0.461521 -0.880302 -0.109852 0.541549 -0.377646 0.751072 -0.399603 2.05656 0.969974</i>
                        <i>-0.791172 0.286942 0.540103 -0.433717 -0.88587 -0.164694 0.431203 -0.364553 0.825327 -0.417292 2.06014 1.02905</i>
                        <i>-0.846462 0.290458 0.446247 -0.419282 -0.880193 -0.222403 0.328185 -0.37536 0.866833 -0.421261 2.05883 1.09858</i>
                        <i>-0.89713 0.24059 0.370505 -0.359576 -0.884908 -0.296045 0.256638 -0.398815 0.880388 -0.41241 2.05502 1.18369</i>
                        <i>-0.902277 0.24977 0.351442 -0.379719 -0.846434 -0.373314 0.20423 -0.470282 0.85856 -0.391673 2.05086 1.28638</i>
                        <i>-0.892077 0.267327 0.364327 -0.422259 -0.780257 -0.461407 0.160922 -0.565451 0.808931 -0.359832 2.04163 1.40083</i>
                        <i>-0.873458 0.2851 0.3947 -0.473419 -0.686715 -0.551631 0.113776 -0.668685 0.734789 -0.31933 2.0128 1.51902</i>
                        <i>-0.852487 0.298305 0.429279 -0.519737 -0.571688 -0.634859 0.056032 -0.764321 0.642396 -0.272578 1.96147 1.63369</i>
                        <i>-0.833704 0.307901 0.458404 -0.552101 -0.448117 -0.703119 -0.0110721 -0.839278 0.54359 -0.223038 1.88816 1.74044</i>
                        <i>-0.808549 0.327745 0.488705 -0.583217 -0.336057 -0.739543 -0.0781484 -0.882977 0.462865 -0.172259 1.79762 1.83959</i>
                        <i>-0.730091 0.393805 0.558467 -0.674548 -0.284573 -0.681178 -0.109326 -0.874034 0.473405 -0.11283 1.70195 1.93227</i>
                        <i>-0.62239 0.487195 0.612595 -0.768647 -0.232766 -0.59582 -0.147689 -0.841701 0.519352 -0.0442057 1.60244 2.00685</i>
                        <i>-0.501205 0.572245 0.649099 -0.84459 -0.160262 -0.510866 -0.188315 -0.804271 0.563636 0.0297498 1.49408 2.06742</i>
                        <i>-0.391897 0.616477 0.682915 -0.894861 -0.0830552 -0.438549 -0.213636 -0.782981 0.58421 0.0994447 1.37355 2.11948</i>
                        <i>-0.314853 0.600899 0.734703 -0.923147 -0.0139574 -0.384194 -0.220607 -0.799203 0.559113 0.157544 1.26406 2.16926</i>
                        <i>-0.258693 0.546246 0.796676 -0.94025 0.046618 -0.337278 -0.221376 -0.836327 0.501548 0.2062 1.21287 2.21437</i>
                        <i>-0.215274 0.493469 0.842701 -0.950136 0.09352 -0.297482 -0.225608 -0.864721 0.448731 0.246476 1.21393 2.24658</i>
                        <i>-0.175231 0.487742 0.85522 -0.956761 0.120482 -0.264748 -0.232167 -0.864634 0.445541 0.278635 1.26007 2.25938</i>
                        <i>-0.148393 0.536842 0.83053 -0.965192 0.104276 -0.239856 -0.215369 -0.837214 0.502682 0.28982 1.33858 2.25074</i>
                        <i>-0.141303 0.615434 0.775419 -0.973561 0.0556164 -0.221552 -0.179476 -0.786224 0.591304 0.282196 1.42906 2.22699</i>
                        <i>-0.154569 0.697935 0.699282 -0.976843 -0.00197786 -0.213947 -0.147938 -0.716158 0.682079 0.265168 1.51028 2.19688</i>
                        <i>-0.168643 0.770988 0.614116 -0.976815 -0.0473648 -0.20878 -0.131879 -0.635087 0.7611 0.252278 1.56462 2.16739</i>
                        <i>-0.165693 0.791563 0.588195 -0.977202 -0.0515001 -0.205969 -0.132745 -0.608913 0.782051 0.25299 1.57084 2.15774</i>
                    </KeyFrames>
                </p>
            </i>
            <i>
                <p>
                    <Name><![CDATA[head]]></Name>
                    <Exclude>0</Exclude>
                    <Additive>0</Additive>
                    <IKPriority>0</IKPriority>
                    <IKRotLimits>-1e+010 -1e+010 -1e+010 1e+010 1e+010 1e+010</IKRotLimits>
                    <IKRotLimitOrder>0</IKRotLimitOrder>
                    <KeyFrames count="37">
                        <i>0.0186618 0.978563 0.205102 -0.0229186 0.205502 -0.978388 -0.999563 0.0135579 0.0262623 0.0767959 1.59835 0.169679</i>
                        <i>0.021693 0.966986 0.253904 -0.0400699 0.254601 -0.966216 -0.998961 0.0107862 0.0442702 0.0765954 1.55515 0.235967</i>
                        <i>0.0398354 0.956818 0.287945 -0.0576773 0.289895 -0.955319 -0.99754 0.0214477 0.0667347 0.0831435 1.51178 0.294113</i>
                        <i>0.0595788 0.949621 0.307684 -0.0798163 0.311777 -0.946797 -0.995028 0.0318508 0.0943706 0.0860361 1.47689 0.34904</i>
                        <i>0.0646598 0.944011 0.323514 -0.114077 0.32906 -0.937393 -0.991365 0.0237063 0.128967 0.0754881 1.45592 0.410369</i>
                        <i>0.0409878 0.935069 0.352088 -0.156007 0.354052 -0.922122 -0.986905 -0.0171326 0.160389 0.0424218 1.46374 0.48798</i>
                        <i>-0.0122686 0.916672 0.399453 -0.166291 0.392049 -0.90479 -0.986 -0.0775259 0.147624 -0.0168821 1.5341 0.577503</i>
                        <i>-0.0845734 0.888009 0.451981 -0.169147 0.434228 -0.88478 -0.981956 -0.15128 0.113479 -0.0882649 1.63777 0.669903</i>
                        <i>-0.160343 0.853972 0.494998 -0.18566 0.466442 -0.864848 -0.969444 -0.230573 0.0837578 -0.156393 1.74449 0.759978</i>
                        <i>-0.239229 0.824714 0.51246 -0.210892 0.471052 -0.856525 -0.947784 -0.31298 0.0612364 -0.22245 1.8272 0.850893</i>
                        <i>-0.320376 0.80992 0.491312 -0.219032 0.441261 -0.870238 -0.92162 -0.386417 0.0360288 -0.291616 1.89845 0.934425</i>
                        <i>-0.400955 0.810478 0.427036 -0.188916 0.382977 -0.904234 -0.896407 -0.443231 -0.000444258 -0.367584 1.98117 1.00456</i>
                        <i>-0.47469 0.81554 0.331004 -0.118041 0.313689 -0.94216 -0.872202 -0.486306 -0.052638 -0.447174 2.05743 1.0605</i>
                        <i>-0.526403 0.821254 0.220096 -0.0183104 0.247854 -0.968624 -0.850038 -0.513916 -0.115434 -0.520535 2.11342 1.10287</i>
                        <i>-0.548063 0.82871 0.113429 0.0898888 0.193179 -0.977037 -0.831593 -0.525282 -0.180366 -0.578972 2.13912 1.13567</i>
                        <i>-0.541412 0.840256 0.0290236 0.183531 0.151804 -0.971222 -0.820481 -0.520505 -0.236402 -0.617444 2.14233 1.16912</i>
                        <i>-0.516063 0.856327 -0.0195544 0.24206 0.123902 -0.962318 -0.821636 -0.50135 -0.271224 -0.635294 2.14153 1.21595</i>
                        <i>-0.537276 0.842854 -0.0305255 0.261945 0.132355 -0.955964 -0.801697 -0.521613 -0.291893 -0.640186 2.12609 1.28078</i>
                        <i>-0.513179 0.858202 0.0117144 0.196233 0.130607 -0.97182 -0.835548 -0.496419 -0.235432 -0.622785 2.1236 1.37442</i>
                        <i>-0.489002 0.867974 0.0865906 0.068941 0.137416 -0.988111 -0.869554 -0.477219 -0.127036 -0.590158 2.11808 1.4861</i>
                        <i>-0.466031 0.866731 0.17774 -0.0900297 0.153392 -0.984056 -0.880176 -0.474602 0.00654622 -0.545848 2.09355 1.60643</i>
                        <i>-0.446797 0.853138 0.269309 -0.249581 0.170212 -0.953277 -0.859117 -0.493136 0.136877 -0.493905 2.04632 1.72703</i>
                        <i>-0.43311 0.831814 0.347134 -0.386681 0.176415 -0.905183 -0.814183 -0.526273 0.24524 -0.439101 1.97705 1.84135</i>
                        <i>-0.411862 0.817505 0.402561 -0.504729 0.163155 -0.84772 -0.758695 -0.552328 0.345421 -0.380628 1.89361 1.95047</i>
                        <i>-0.339791 0.842159 0.4187 -0.553113 0.181125 -0.813179 -0.760663 -0.507899 0.404265 -0.300339 1.81567 2.06245</i>
                        <i>-0.241007 0.882542 0.403776 -0.535992 0.225803 -0.813465 -0.809091 -0.412471 0.418615 -0.204254 1.7393 2.15129</i>
                        <i>-0.138067 0.913899 0.381741 -0.501665 0.267802 -0.822566 -0.853973 -0.305075 0.421496 -0.0998135 1.65163 2.22169</i>
                        <i>-0.0595567 0.923828 0.378145 -0.454281 0.312233 -0.83435 -0.888866 -0.221475 0.401082 -0.00254198 1.54177 2.28362</i>
                        <i>-0.020588 0.90702 0.420585 -0.39637 0.378797 -0.836304 -0.91786 -0.183925 0.351717 0.0759088 1.4282 2.34898</i>
                        <i>-0.00151237 0.870341 0.492447 -0.330544 0.464332 -0.821667 -0.943789 -0.164018 0.286984 0.14065 1.36285 2.41277</i>
                        <i>0.0115673 0.833904 0.551789 -0.255635 0.535954 -0.804614 -0.966704 -0.13175 0.219375 0.193923 1.34964 2.45905</i>
                        <i>0.0285631 0.827441 0.560825 -0.179501 0.55618 -0.811445 -0.983343 -0.0774915 0.164413 0.237357 1.39322 2.47617</i>
                        <i>0.0364571 0.859172 0.510386 -0.121911 0.510735 -0.851051 -0.991871 -0.0311949 0.123363 0.255502 1.48347 2.46128</i>
                        <i>0.028701 0.907594 0.418866 -0.076799 0.419802 -0.904361 -0.996633 -0.00621248 0.081751 0.249342 1.59354 2.42299</i>
                        <i>0.00898265 0.951249 0.308294 -0.0231402 0.308422 -0.950968 -0.999692 0.00140821 0.0247826 0.228496 1.69543 2.37281</i>
                        <i>-0.0066112 0.980671 0.195551 0.0389604 0.19566 -0.979898 -0.999219 0.00114044 -0.0395009 0.211816 1.76806 2.32089</i>
                        <i>-0.00351619 0.986674 0.162669 0.0462294 0.162656 -0.985599 -0.998925 0.00405453 -0.0461853 0.213353 1.77953 2.3042</i>
                    </KeyFrames>
                </p>
            </i>
            <i>
                <p>
                    <Name><![CDATA[head_prop]]></Name>
                    <Exclude>0</Exclude>
                    <Additive>0</Additive>
                    <IKPriority>0</IKPriority>
                    <IKRotLimits>-1e+010 -1e+010 -1e+010 1e+010 1e+010 1e+010</IKRotLimits>
                    <IKRotLimitOrder>0</IKRotLimitOrder>
                    <KeyFrames count="37">
                        <i>0.999563 -0.0135579 -0.0262623 0.0186618 0.978563 0.205102 0.0229186 -0.205502 0.978388 0.0828779 1.91727 0.236523</i>
                        <i>0.998961 -0.0107862 -0.0442702 0.021693 0.966986 0.253904 0.0400699 -0.254601 0.966216 0.0836653 1.8703 0.318717</i>
                        <i>0.99754 -0.0214477 -0.0667347 0.0398354 0.956818 0.287945 0.0576773 -0.289895 0.955319 0.0961262 1.82362 0.387957</i>
                        <i>0.995028 -0.0318508 -0.0943706 0.0595788 0.949621 0.307684 0.0798163 -0.311777 0.946797 0.105453 1.78638 0.449317</i>
                        <i>0.991365 -0.0237063 -0.128967 0.0646598 0.944011 0.323514 0.114077 -0.32906 0.937393 0.0965613 1.76358 0.515805</i>
                        <i>0.986905 0.0171326 -0.160389 0.0409878 0.935069 0.352088 0.156007 -0.354052 0.922122 0.0557801 1.76849 0.602728</i>
                        <i>0.986 0.0775259 -0.147624 -0.0122686 0.916672 0.399453 0.166291 -0.392049 0.90479 -0.0208806 1.83285 0.707688</i>
                        <i>0.981956 0.15128 -0.113479 -0.0845734 0.888009 0.451981 0.169147 -0.434228 0.88478 -0.115828 1.92718 0.817208</i>
                        <i>0.969444 0.230573 -0.0837578 -0.160343 0.853972 0.494998 0.18566 -0.466442 0.864848 -0.20865 2.0228 0.921302</i>
                        <i>0.947784 0.31298 -0.0612364 -0.239229 0.824714 0.51246 0.210892 -0.471052 0.856525 -0.300417 2.09598 1.01791</i>
                        <i>0.92162 0.386417 -0.0360288 -0.320376 0.80992 0.491312 0.219032 -0.441261 0.870238 -0.396029 2.16241 1.09455</i>
                        <i>0.896407 0.443231 0.000444258 -0.400955 0.810478 0.427036 0.188916 -0.382977 0.904234 -0.498259 2.24531 1.14374</i>
                        <i>0.872202 0.486306 0.052638 -0.47469 0.81554 0.331004 0.118041 -0.313689 0.94216 -0.60188 2.32322 1.16838</i>
                        <i>0.850038 0.513916 0.115434 -0.526403 0.821254 0.220096 0.0183104 -0.247854 0.968624 -0.692095 2.38108 1.1746</i>
                        <i>0.831593 0.525282 0.180366 -0.548063 0.82871 0.113429 -0.0898888 -0.193179 0.977037 -0.757591 2.4092 1.17264</i>
                        <i>0.820481 0.520505 0.236402 -0.541412 0.840256 0.0290236 -0.183531 -0.151804 0.971222 -0.793895 2.41618 1.17858</i>
                        <i>0.821636 0.50135 0.271224 -0.516063 0.856327 -0.0195544 -0.24206 -0.123902 0.962318 -0.803484 2.42062 1.20958</i>
                        <i>0.801697 0.521613 0.291893 -0.537276 0.842854 -0.0305255 -0.261945 -0.132355 0.955964 -0.815289 2.40078 1.27083</i>
                        <i>0.835548 0.496419 0.235432 -0.513179 0.858202 0.0117144 -0.196233 -0.130607 0.97182 -0.790035 2.40329 1.37824</i>
                        <i>0.869554 0.477219 0.127036 -0.489002 0.867974 0.0865906 -0.068941 -0.137416 0.988111 -0.749529 2.40096 1.51432</i>
                        <i>0.880176 0.474602 -0.00654622 -0.466031 0.866731 0.17774 0.0900297 -0.153392 0.984056 -0.697731 2.37602 1.66436</i>
                        <i>0.859117 0.493136 -0.136877 -0.446797 0.853138 0.269309 0.249581 -0.170212 0.953277 -0.63952 2.32437 1.8148</i>
                        <i>0.814183 0.526273 -0.24524 -0.43311 0.831814 0.347134 0.386681 -0.176415 0.905183 -0.580256 2.24814 1.95449</i>
                        <i>0.758695 0.552328 -0.345421 -0.411862 0.817505 0.402561 0.504729 -0.163155 0.84772 -0.514858 2.16005 2.08167</i>
                        <i>0.760663 0.507899 -0.404265 -0.339791 0.842159 0.4187 0.553113 -0.181125 0.813179 -0.41108 2.09014 2.19891</i>
                        <i>0.809091 0.412471 -0.418615 -0.241007 0.882542 0.403776 0.535992 -0.225803 0.813465 -0.2828 2.02692 2.28289</i>
                        <i>0.853973 0.305075 -0.421496 -0.138067 0.913899 0.381741 0.501665 -0.267802 0.822566 -0.144811 1.94948 2.3461</i>
                        <i>0.888866 0.221475 -0.401082 -0.0595567 0.923828 0.378145 0.454281 -0.312233 0.83435 -0.0219521 1.84286 2.40686</i>
                        <i>0.91786 0.183925 -0.351717 -0.020588 0.90702 0.420585 0.39637 -0.378797 0.836304 0.069199 1.72381 2.48605</i>
                        <i>0.943789 0.164018 -0.286984 -0.00151237 0.870341 0.492447 0.330544 -0.464332 0.821667 0.140158 1.64651 2.57327</i>
                        <i>0.966704 0.13175 -0.219375 0.0115673 0.833904 0.551789 0.255635 -0.535954 0.804614 0.197693 1.62141 2.63888</i>
                        <i>0.983343 0.0774915 -0.164413 0.0285631 0.827441 0.560825 0.179501 -0.55618 0.811445 0.246666 1.66289 2.65895</i>
                        <i>0.991871 0.0311949 -0.123363 0.0364571 0.859172 0.510386 0.121911 -0.510735 0.851051 0.267384 1.76349 2.62762</i>
                        <i>0.996633 0.00621248 -0.081751 0.028701 0.907594 0.418866 0.076799 -0.419802 0.904361 0.258696 1.88933 2.5595</i>
                        <i>0.999692 -0.00140821 -0.0247826 0.00898265 0.951249 0.308294 0.0231402 -0.308422 0.950968 0.231423 2.00545 2.47328</i>
                        <i>0.999219 -0.00114044 0.0395009 -0.0066112 0.980671 0.195551 -0.0389604 -0.19566 0.979898 0.209661 2.08767 2.38462</i>
                        <i>0.998925 -0.00405453 0.0461853 -0.00351619 0.986674 0.162669 -0.0462294 -0.162656 0.985599 0.212207 2.10109 2.35721</i>
                    </KeyFrames>
                </p>
            </i>
            <i>
                <p>
                    <Name><![CDATA[l_clav]]></Name>
                    <Exclude>0</Exclude>
                    <Additive>0</Additive>
                    <IKPriority>0</IKPriority>
                    <IKRotLimits>-1e+010 -1e+010 -1e+010 1e+010 1e+010 1e+010</IKRotLimits>
                    <IKRotLimitOrder>0</IKRotLimitOrder>
                    <KeyFrames count="37">
                        <i>0.959019 0.282045 0.0270688 -0.219852 0.68046 0.699027 0.178738 -0.676332 0.714583 0.128249 1.44684 0.0206437</i>
                        <i>0.941118 0.33682 -0.0291271 -0.209016 0.647399 0.73293 0.265722 -0.683686 0.67968 0.126083 1.41097 0.0791963</i>
                        <i>0.918089 0.38474 -0.095326 -0.183358 0.62545 0.758415 0.351414 -0.678814 0.644764 0.127406 1.37255 0.131421</i>
                        <i>0.889057 0.430971 -0.154406 -0.16043 0.609196 0.776622 0.428765 -0.66569 0.610751 0.125612 1.3414 0.182039</i>
                        <i>0.854747 0.483754 -0.188119 -0.156669 0.585986 0.795032 0.494835 -0.650079 0.576659 0.114495 1.32571 0.239081</i>
                        <i>0.815894 0.551081 -0.175002 -0.187819 0.538852 0.821196 0.546846 -0.63714 0.54315 0.0884067 1.34408 0.310833</i>
                        <i>0.769578 0.629644 -0.106294 -0.26144 0.462557 0.847166 0.58258 -0.62417 0.520588 0.0452608 1.43138 0.39474</i>
                        <i>0.705181 0.708932 -0.0116451 -0.350333 0.362664 0.863563 0.616431 -0.604888 0.504106 -0.00668202 1.55719 0.483715</i>
                        <i>0.622284 0.778885 0.0781082 -0.426931 0.254063 0.86786 0.656119 -0.573403 0.490629 -0.0580751 1.68799 0.573012</i>
                        <i>0.523401 0.839275 0.147205 -0.491379 0.156157 0.856832 0.696131 -0.5208 0.494135 -0.110092 1.79253 0.666534</i>
                        <i>0.418344 0.888151 0.190201 -0.558404 0.0863328 0.825065 0.716362 -0.45137 0.532064 -0.164774 1.87953 0.757317</i>
                        <i>0.315655 0.92604 0.20691 -0.64064 0.0471323 0.766394 0.699959 -0.37447 0.608136 -0.223116 1.97132 0.840716</i>
                        <i>0.218509 0.953677 0.206772 -0.735726 0.021803 0.676929 0.641063 -0.300043 0.706409 -0.282476 2.05357 0.916716</i>
                        <i>0.136705 0.970733 0.197455 -0.828557 0.00279514 0.559897 0.542959 -0.240143 0.80469 -0.336263 2.11407 0.985153</i>
                        <i>0.0768142 0.979263 0.187465 -0.904764 -0.0105391 0.425782 0.418928 -0.202318 0.885193 -0.378838 2.1429 1.04766</i>
                        <i>0.0410536 0.98185 0.18516 -0.9564 -0.0150155 0.291675 0.289161 -0.189061 0.938425 -0.406786 2.14716 1.11069</i>
                        <i>0.0277977 0.979892 0.197584 -0.9841 -0.00786237 0.177444 0.175429 -0.199375 0.964092 -0.419203 2.14475 1.18266</i>
                        <i>-0.0313055 0.9712 0.236199 -0.995619 -0.0511315 0.0782838 0.0881065 -0.232714 0.968546 -0.422181 2.13856 1.26929</i>
                        <i>-0.00478787 0.952477 0.304572 -0.999248 -0.0162782 0.0351981 0.0384834 -0.304175 0.951839 -0.404175 2.12804 1.37244</i>
                        <i>0.0459463 0.91569 0.399251 -0.998937 0.0406666 0.0216892 0.00362438 -0.399823 0.916585 -0.371666 2.10948 1.48713</i>
                        <i>0.108255 0.855364 0.506589 -0.993605 0.109549 0.0273563 -0.0320967 -0.506311 0.861754 -0.328544 2.06919 1.60621</i>
                        <i>0.168927 0.772294 0.612393 -0.98253 0.181177 0.0425431 -0.078096 -0.608881 0.789408 -0.279104 2.00556 1.72339</i>
                        <i>0.217775 0.676245 0.703752 -0.966587 0.249332 0.0595223 -0.135216 -0.6932 0.707948 -0.227955 1.92071 1.83382</i>
                        <i>0.2677 0.588484 0.762904 -0.944376 0.317242 0.0866655 -0.191024 -0.743669 0.640676 -0.174497 1.82194 1.93681</i>
                        <i>0.384795 0.562613 0.731709 -0.902518 0.395431 0.170573 -0.193374 -0.726017 0.659929 -0.103067 1.72693 2.03047</i>
                        <i>0.515993 0.541607 0.663636 -0.833909 0.494724 0.24463 -0.195823 -0.67964 0.706925 -0.0216542 1.62904 2.10319</i>
                        <i>0.635654 0.497731 0.590091 -0.745754 0.593447 0.302774 -0.199488 -0.632522 0.748412 0.0638062 1.51992 2.1609</i>
                        <i>0.72473 0.438306 0.531652 -0.661193 0.659499 0.35761 -0.193882 -0.610695 0.767764 0.142852 1.39559 2.21079</i>
                        <i>0.778914 0.372468 0.50454 -0.600682 0.674283 0.429561 -0.180205 -0.637659 0.748944 0.208287 1.27847 2.26026</i>
                        <i>0.814375 0.304724 0.4939 -0.555955 0.653747 0.51335 -0.166456 -0.692646 0.701808 0.263414 1.21716 2.30546</i>
                        <i>0.839409 0.248552 0.483338 -0.519502 0.628271 0.579132 -0.159723 -0.737223 0.656499 0.308818 1.20913 2.3371</i>
                        <i>0.860706 0.221782 0.458255 -0.484495 0.633293 0.603494 -0.156366 -0.741453 0.652531 0.344672 1.25152 2.34881</i>
