<?xml version="1.0" encoding="ISO-8859-1" ?>
<Animl Version="1">
    <ModellingPackage><![CDATA[Maya.2010]]></ModellingPackage>
    <SrcFile><![CDATA[anims\characters\shared\base_soldier\~src\infantry\context_wall_climb_low.mb]]></SrcFile>
    <FramesPerSecond>30</FramesPerSecond>
    <TotalFrames>54</TotalFrames>
    <Skeleton>
        <RefFrame>
            <Name><![CDATA[soldier_ref_frame]]></Name>
            <Exclude>0</Exclude>
            <Additive>0</Additive>
            <IKPriority>0</IKPriority>
            <IKRotLimits>-1e+010 -1e+010 -1e+010 1e+010 1e+010 1e+010</IKRotLimits>
            <IKRotLimitOrder>0</IKRotLimitOrder>
            <KeyFrames count="54">
                <i>1 0 0 0 1 0 0 0 1 -7.12875e-018 -3.72762e-006 -0.34506</i>
                <i>1 0 0 0 1 0 0 0 1 -7.12875e-018 -3.72762e-006 -0.34506</i>
                <i>1 0 0 0 1 0 0 0 1 -7.12875e-018 -3.72762e-006 -0.34506</i>
                <i>1 0 0 0 1 0 0 0 1 -0.00060323 -0.0042591 -0.339811</i>
                <i>1 0 0 0 1 0 0 0 1 -0.00222313 -0.0155427 -0.325209</i>
                <i>1 0 0 0 1 0 0 0 1 -0.00457503 -0.031631 -0.302966</i>
                <i>1 0 0 0 1 0 0 0 1 -0.00737424 -0.0503 -0.274794</i>
                <i>1 0 0 0 1 0 0 0 1 -0.0103361 -0.0693263 -0.242408</i>
                <i>1 0 0 0 1 0 0 0 1 -0.0131759 -0.086486 -0.20752</i>
                <i>1 0 0 0 1 0 0 0 1 -0.0167838 -0.108144 -0.170143</i>
                <i>1 0 0 0 1 0 0 0 1 -0.0210575 -0.127584 -0.129602</i>
                <i>1 0 0 0 1 0 0 0 1 -0.0245995 -0.124942 -0.0865851</i>
                <i>1 0 0 0 1 0 0 0 1 -0.0278874 -0.103963 -0.0417774</i>
                <i>1 0 0 0 1 0 0 0 1 -0.0310598 -0.0846317 0.00413495</i>
                <i>1 0 0 0 1 0 0 0 1 -0.0341526 -0.0869923 0.0504658</i>
                <i>1 0 0 0 1 0 0 0 1 -0.0372016 -0.058004 0.0965292</i>
                <i>1 0 0 0 1 0 0 0 1 -0.0402428 0.039616 0.141639</i>
                <i>1 0 0 0 1 0 0 0 1 -0.043312 0.165428 0.185109</i>
                <i>1 0 0 0 1 0 0 0 1 -0.0464451 0.301964 0.224748</i>
                <i>1 0 0 0 1 0 0 0 1 -0.0496781 0.432588 0.254337</i>
                <i>1 0 0 0 1 0 0 0 1 -0.0530468 0.540665 0.284776</i>
                <i>1 0 0 0 1 0 0 0 1 -0.0565872 0.610317 0.320247</i>
                <i>1 0 0 0 1 0 0 0 1 -0.0603351 0.645437 0.356901</i>
                <i>1 0 0 0 1 0 0 0 1 -0.0643264 0.65763 0.39385</i>
                <i>1 0 0 0 1 0 0 0 1 -0.0686782 0.655674 0.429956</i>
                <i>1 0 0 0 1 0 0 0 1 -0.0797182 0.648348 0.4692</i>
                <i>1 0 0 0 1 0 0 0 1 -0.0929201 0.644431 0.520588</i>
                <i>1 0 0 0 1 0 0 0 1 -0.0962468 0.652704 0.572423</i>
                <i>1 0 0 0 1 0 0 0 1 -0.0883068 0.673902 0.624788</i>
                <i>1 0 0 0 1 0 0 0 1 -0.0788148 0.69975 0.677764</i>
                <i>1 0 0 0 1 0 0 0 1 -0.0680709 0.728692 0.731435</i>
                <i>1 0 0 0 1 0 0 0 1 -0.0563164 0.759219 0.785883</i>
                <i>1 0 0 0 1 0 0 0 1 -0.043793 0.78982 0.841213</i>
                <i>1 0 0 0 1 0 0 0 1 -0.0307422 0.818984 0.898511</i>
                <i>1 0 0 0 1 0 0 0 1 -0.0174055 0.845202 0.957672</i>
                <i>1 0 0 0 1 0 0 0 1 -0.00402429 0.866963 1.01778</i>
                <i>1 0 0 0 1 0 0 0 1 0.00915977 0.882129 1.07791</i>
                <i>1 0 0 0 1 0 0 0 1 0.0219052 0.870225 1.13714</i>
                <i>1 0 0 0 1 0 0 0 1 0.0339705 0.840099 1.19456</i>
                <i>1 0 0 0 1 0 0 0 1 0.0407877 0.816567 1.24926</i>
                <i>1 0 0 0 1 0 0 0 1 0.0400925 0.797399 1.29601</i>
                <i>1 0 0 0 1 0 0 0 1 0.0385629 0.775579 1.33549</i>
                <i>1 0 0 0 1 0 0 0 1 0.0370333 0.768743 1.37553</i>
                <i>1 0 0 0 1 0 0 0 1 0.036338 0.794528 1.42399</i>
                <i>1 0 0 0 1 0 0 0 1 0.0336957 0.859983 1.48116</i>
                <i>1 0 0 0 1 0 0 0 1 0.0263723 0.951344 1.54184</i>
                <i>1 0 0 0 1 0 0 0 1 0.0152711 1.05508 1.60546</i>
                <i>1 0 0 0 1 0 0 0 1 0.00132171 1.15789 1.67136</i>
                <i>1 0 0 0 1 0 0 0 1 -0.0144532 1.24672 1.73874</i>
                <i>1 0 0 0 1 0 0 0 1 -0.0305136 1.31314 1.80627</i>
                <i>1 0 0 0 1 0 0 0 1 -0.0453325 1.36631 1.87269</i>
                <i>1 0 0 0 1 0 0 0 1 -0.058226 1.41959 1.93762</i>
                <i>1 0 0 0 1 0 0 0 1 -0.058226 1.41959 1.93762</i>
                <i>1 0 0 0 1 0 0 0 1 -0.058226 1.41959 1.93762</i>
            </KeyFrames>
        </RefFrame>
        <Bones count="23">
            <i>
                <p>
                    <Name><![CDATA[pelvis]]></Name>
                    <Exclude>0</Exclude>
                    <Additive>0</Additive>
                    <IKPriority>0</IKPriority>
                    <IKRotLimits>-1e+010 -1e+010 -1e+010 1e+010 1e+010 1e+010</IKRotLimits>
                    <IKRotLimitOrder>2</IKRotLimitOrder>
                    <KeyFrames count="54">
                        <i>1 0 0 0 1 0 0 0 1 -7.12875e-018 1.09789 -0.34506</i>
                        <i>1 0 0 0 1 0 0 0 1 -7.12875e-018 1.09789 -0.34506</i>
                        <i>1 0 0 0 1 0 0 0 1 -7.12875e-018 1.09789 -0.34506</i>
                        <i>1 0 0 0 1 0 0 0 1 -0.00060323 1.09363 -0.339811</i>
                        <i>1 0 0 0 1 0 0 0 1 -0.00222313 1.08235 -0.325209</i>
                        <i>1 0 0 0 1 0 0 0 1 -0.00457503 1.06626 -0.302966</i>
                        <i>1 0 0 0 1 0 0 0 1 -0.00737424 1.04759 -0.274794</i>
                        <i>1 0 0 0 1 0 0 0 1 -0.0103361 1.02856 -0.242408</i>
                        <i>1 0 0 0 1 0 0 0 1 -0.0131759 1.0114 -0.20752</i>
                        <i>1 0 0 0 1 0 0 0 1 -0.0167838 0.989746 -0.170143</i>
                        <i>1 0 0 0 1 0 0 0 1 -0.0210575 0.970306 -0.129602</i>
                        <i>1 0 0 0 1 0 0 0 1 -0.0245995 0.972948 -0.0865851</i>
                        <i>1 0 0 0 1 0 0 0 1 -0.0278874 0.993927 -0.0417774</i>
                        <i>1 0 0 0 1 0 0 0 1 -0.0310598 1.01326 0.00413495</i>
                        <i>1 0 0 0 1 0 0 0 1 -0.0341526 1.0109 0.0504658</i>
                        <i>1 0 0 0 1 0 0 0 1 -0.0372016 1.03989 0.0965292</i>
                        <i>1 0 0 0 1 0 0 0 1 -0.0402428 1.13751 0.141639</i>
                        <i>1 0 0 0 1 0 0 0 1 -0.043312 1.26332 0.185109</i>
                        <i>1 0 0 0 1 0 0 0 1 -0.0464451 1.39985 0.224748</i>
                        <i>1 0 0 0 1 0 0 0 1 -0.0496781 1.53048 0.254337</i>
                        <i>1 0 0 0 1 0 0 0 1 -0.0530468 1.63855 0.284776</i>
                        <i>1 0 0 0 1 0 0 0 1 -0.0565872 1.70821 0.320247</i>
                        <i>1 0 0 0 1 0 0 0 1 -0.0603351 1.74333 0.356901</i>
                        <i>1 0 0 0 1 0 0 0 1 -0.0643264 1.75552 0.39385</i>
                        <i>1 0 0 0 1 0 0 0 1 -0.0686782 1.75356 0.429956</i>
                        <i>1 0 0 0 1 0 0 0 1 -0.0797182 1.74624 0.4692</i>
                        <i>1 0 0 0 1 0 0 0 1 -0.0929201 1.74232 0.520588</i>
                        <i>1 0 0 0 1 0 0 0 1 -0.0962468 1.75059 0.572423</i>
                        <i>1 0 0 0 1 0 0 0 1 -0.0883068 1.77179 0.624788</i>
                        <i>1 0 0 0 1 0 0 0 1 -0.0788148 1.79764 0.677764</i>
                        <i>1 0 0 0 1 0 0 0 1 -0.0680709 1.82658 0.731435</i>
                        <i>1 0 0 0 1 0 0 0 1 -0.0563164 1.85711 0.785883</i>
                        <i>1 0 0 0 1 0 0 0 1 -0.043793 1.88771 0.841213</i>
                        <i>1 0 0 0 1 0 0 0 1 -0.0307422 1.91687 0.898511</i>
                        <i>1 0 0 0 1 0 0 0 1 -0.0174055 1.94309 0.957672</i>
                        <i>1 0 0 0 1 0 0 0 1 -0.00402429 1.96485 1.01778</i>
                        <i>1 0 0 0 1 0 0 0 1 0.00915977 1.98002 1.07791</i>
                        <i>1 0 0 0 1 0 0 0 1 0.0219052 1.96811 1.13714</i>
                        <i>1 0 0 0 1 0 0 0 1 0.0339705 1.93799 1.19456</i>
                        <i>1 0 0 0 1 0 0 0 1 0.0407877 1.91446 1.24926</i>
                        <i>1 0 0 0 1 0 0 0 1 0.0400925 1.89529 1.29601</i>
                        <i>1 0 0 0 1 0 0 0 1 0.0385629 1.87347 1.33549</i>
                        <i>1 0 0 0 1 0 0 0 1 0.0370333 1.86663 1.37553</i>
                        <i>1 0 0 0 1 0 0 0 1 0.036338 1.89242 1.42399</i>
                        <i>1 0 0 0 1 0 0 0 1 0.0336957 1.95787 1.48116</i>
                        <i>1 0 0 0 1 0 0 0 1 0.0263723 2.04923 1.54184</i>
                        <i>1 0 0 0 1 0 0 0 1 0.0152711 2.15297 1.60546</i>
                        <i>1 0 0 0 1 0 0 0 1 0.00132171 2.25578 1.67136</i>
                        <i>1 0 0 0 1 0 0 0 1 -0.0144532 2.34461 1.73874</i>
                        <i>1 0 0 0 1 0 0 0 1 -0.0305136 2.41103 1.80627</i>
                        <i>1 0 0 0 1 0 0 0 1 -0.0453325 2.4642 1.87269</i>
                        <i>1 0 0 0 1 0 0 0 1 -0.058226 2.51748 1.93762</i>
                        <i>1 0 0 0 1 0 0 0 1 -0.058226 2.51748 1.93762</i>
                        <i>1 0 0 0 1 0 0 0 1 -0.058226 2.51748 1.93762</i>
                    </KeyFrames>
                </p>
            </i>
            <i>
                <p>
                    <Name><![CDATA[spine0]]></Name>
                    <Exclude>0</Exclude>
                    <Additive>0</Additive>
                    <IKPriority>0</IKPriority>
                    <IKRotLimits>-1e+010 -1e+010 -1e+010 1e+010 1e+010 1e+010</IKRotLimits>
                    <IKRotLimitOrder>0</IKRotLimitOrder>
                    <KeyFrames count="54">
                        <i>-0.00880165 0.999047 0.0427593 -0.979406 1.2757e-005 -0.201901 -0.201709 -0.0436558 0.978472 0.00579437 1.30301 -0.393893</i>
                        <i>-0.00790168 0.99906 0.0426251 -0.979517 0.000843902 -0.201359 -0.201206 -0.043343 0.97859 0.00599771 1.30296 -0.394217</i>
                        <i>-0.0054248 0.999092 0.0422471 -0.979825 0.00312976 -0.199831 -0.199782 -0.0424788 0.978919 0.00657841 1.30281 -0.395167</i>
                        <i>-0.00248098 0.998303 0.0581871 -0.97871 0.00951792 -0.205027 -0.205233 -0.057457 0.977025 0.00705326 1.2988 -0.388427</i>
                        <i>-0.000854525 0.994956 0.100307 -0.974879 0.0215129 -0.221694 -0.222734 -0.0979763 0.969943 0.00695913 1.28832 -0.368002</i>
                        <i>-0.00236943 0.987397 0.158244 -0.968667 0.0370344 -0.245588 -0.248353 -0.153868 0.956371 0.00619797 1.27305 -0.33737</i>
                        <i>-0.00799337 0.97512 0.221535 -0.960582 0.0540771 -0.272688 -0.277884 -0.214982 0.93625 0.0048064 1.25484 -0.300051</i>
                        <i>-0.0166396 0.959764 0.280316 -0.951527 0.0709131 -0.299279 -0.307116 -0.271708 0.912061 0.00315367 1.23583 -0.259552</i>
                        <i>-0.0248504 0.945035 0.326023 -0.942835 0.0862591 -0.321903 -0.332332 -0.315385 0.888869 0.00199358 1.21845 -0.219281</i>
                        <i>-0.0270649 0.934072 0.356056 -0.930336 0.106772 -0.35082 -0.365708 -0.340747 0.866111 0.001848 1.19653 -0.180238</i>
                        <i>-0.0179387 0.926072 0.376921 -0.918448 0.13372 -0.372253 -0.395134 -0.35286 0.84815 0.00373874 1.1767 -0.141358</i>
                        <i>0.00330914 0.921313 0.388807 -0.921466 0.153842 -0.356699 -0.388446 -0.357092 0.849467 0.00826793 1.17855 -0.102679</i>
                        <i>0.0386035 0.914554 0.402618 -0.934982 0.175228 -0.308387 -0.352587 -0.364536 0.861856 0.0135939 1.19817 -0.0633914</i>
                        <i>0.101184 0.903659 0.416127 -0.95294 0.208183 -0.220375 -0.285774 -0.374246 0.882198 0.0213316 1.21494 -0.0241835</i>
                        <i>0.201614 0.880317 0.429412 -0.964384 0.255053 -0.0700823 -0.171217 -0.399988 0.900385 0.032177 1.20796 0.014165</i>
                        <i>0.283274 0.849276 0.445518 -0.957698 0.275064 0.0845874 -0.0507083 -0.450633 0.891268 0.0395738 1.2321 0.0518601</i>
                        <i>0.328108 0.816901 0.47436 -0.944002 0.265088 0.196442 0.0347265 -0.512251 0.858133 0.0420087 1.32604 0.0890449</i>
                        <i>0.393515 0.76437 0.510769 -0.915052 0.272209 0.297627 0.0884612 -0.584501 0.806556 0.0434827 1.44814 0.125266</i>
                        <i>0.459202 0.707199 0.53759 -0.879143 0.274972 0.389227 0.127439 -0.651352 0.747997 0.0423864 1.58201 0.15866</i>
                        <i>0.50765 0.660944 0.55267 -0.844205 0.25348 0.472297 0.172071 -0.706329 0.686652 0.037103 1.71215 0.183283</i>
                        <i>0.547705 0.622168 0.559398 -0.807399 0.217729 0.548362 0.219376 -0.751998 0.621589 0.0259143 1.82276 0.210284</i>
                        <i>0.563297 0.606122 0.561528 -0.775356 0.152923 0.61273 0.285518 -0.780532 0.556101 0.008052 1.89778 0.245147</i>
                        <i>0.559332 0.592706 0.579523 -0.753106 0.0712133 0.654034 0.34638 -0.802264 0.486202 -0.0113849 1.93918 0.287591</i>
                        <i>0.547144 0.567752 0.615054 -0.741106 -0.0129824 0.671263 0.389095 -0.823098 0.413661 -0.0295673 1.95663 0.334529</i>
                        <i>0.534561 0.54673 0.644461 -0.73295 -0.0797246 0.675594 0.420747 -0.833505 0.358109 -0.0470642 1.95798 0.380069</i>
                        <i>0.525022 0.526236 0.6689 -0.722261 -0.140258 0.677249 0.450212 -0.838691 0.306441 -0.0683681 1.95232 0.427633</i>
                        <i>0.524178 0.507637 0.683771 -0.710961 -0.181141 0.679502 0.468799 -0.842314 0.265959 -0.0890312 1.94913 0.48649</i>
                        <i>0.525191 0.504435 0.685362 -0.70358 -0.19565 0.683152 0.478697 -0.840991 0.252156 -0.0979219 1.95757 0.544121</i>
                        <i>0.519191 0.512494 0.683953 -0.703672 -0.197862 0.68242 0.485064 -0.835584 0.2579 -0.0921168 1.97881 0.601673</i>
                        <i>0.518324 0.525008 0.675061 -0.709358 -0.176951 0.682276 0.477653 -0.832499 0.2807 -0.0822221 2.00469 0.659817</i>
                        <i>0.514587 0.554002 0.654433 -0.712346 -0.148597 0.685917 0.477246 -0.819146 0.318176 -0.0717083 2.03352 0.718085</i>
                        <i>0.507402 0.586077 0.63171 -0.71294 -0.126239 0.689768 0.484004 -0.800361 0.353784 -0.0595183 2.0638 0.777847</i>
                        <i>0.474874 0.639469 0.604627 -0.719666 -0.113267 0.685019 0.506533 -0.760427 0.406417 -0.0444874 2.09391 0.840507</i>
                        <i>0.432337 0.690756 0.579604 -0.733933 -0.103862 0.671234 0.523858 -0.71559 0.462066 -0.0280561 2.12217 0.905936</i>
                        <i>0.376552 0.743176 0.55308 -0.754328 -0.1006 0.648744 0.537771 -0.66149 0.522718 -0.0129042 2.14722 0.972211</i>
                        <i>0.305317 0.795949 0.522729 -0.780711 -0.105074 0.615994 0.545226 -0.596174 0.589326 -0.000108806 2.16772 1.03836</i>
                        <i>0.232897 0.836763 0.495567 -0.811374 -0.113735 0.573355 0.536126 -0.535623 0.652439 0.0113006 2.18132 1.10479</i>
                        <i>0.162592 0.865526 0.473739 -0.845185 -0.12558 0.519511 0.509142 -0.484865 0.711112 0.0211045 2.16753 1.17035</i>
                        <i>0.0919579 0.886088 0.454304 -0.88185 -0.139428 0.450445 0.462476 -0.44205 0.768575 0.028477 2.13515 1.23397</i>
                        <i>0.0433977 0.892517 0.448922 -0.911323 -0.148769 0.383872 0.409398 -0.425772 0.806915 0.031944 2.10858 1.29626</i>
                        <i>-0.000327906 0.90008 0.435725 -0.932757 -0.157356 0.32435 0.360505 -0.40632 0.839608 0.0273764 2.08703 1.34789</i>
                        <i>-0.0410452 0.905073 0.423271 -0.950194 -0.166346 0.263554 0.308945 -0.391372 0.866823 0.0210178 2.06351 1.38981</i>
                        <i>-0.0708859 0.907981 0.412971 -0.965056 -0.167135 0.201822 0.252272 -0.384234 0.888101 0.0156337 2.05588 1.43024</i>
                        <i>-0.0823588 0.9106 0.405001 -0.978661 -0.15066 0.139727 0.188252 -0.384851 0.903577 0.0138685 2.08203 1.47745</i>
                        <i>-0.0701977 0.913861 0.399913 -0.990375 -0.11179 0.0816132 0.119289 -0.390334 0.912912 0.0141882 2.14929 1.53156</i>
                        <i>-0.0409156 0.916571 0.397774 -0.99781 -0.0581878 0.0314431 0.0519654 -0.395617 0.916944 0.0131492 2.24354 1.58714</i>
                        <i>-0.00458244 0.917528 0.397645 -0.99994 -0.000265895 -0.0109097 -0.00990424 -0.397672 0.917474 0.0102711 2.35042 1.64415</i>
                        <i>0.0288931 0.916638 0.398673 -0.99763 0.0513603 -0.0457873 -0.0624463 -0.396405 0.91595 0.00475681 2.45598 1.7024</i>
                        <i>0.0498633 0.915074 0.400192 -0.993538 0.0863517 -0.0736572 -0.101959 -0.393934 0.913466 -0.00439304 2.54697 1.76164</i>
                        <i>0.0520491 0.912269 0.406271 -0.993152 0.0898949 -0.0746192 -0.104594 -0.399605 0.910701 -0.0181212 2.61487 1.82209</i>
                        <i>0.0433466 0.907847 0.417055 -0.996403 0.0697092 -0.0481821 -0.0728145 -0.413466 0.907603 -0.0342552 2.66905 1.8831</i>
                        <i>0.0351411 0.904407 0.425221 -0.998465 0.0499944 -0.0238185 -0.0428003 -0.423732 0.904776 -0.0487685 2.72307 1.94333</i>
                        <i>0.0351411 0.904407 0.425221 -0.998465 0.0499944 -0.0238185 -0.0428003 -0.423732 0.904776 -0.0487685 2.72307 1.94333</i>
                        <i>0.0351411 0.904407 0.425221 -0.998465 0.0499944 -0.0238185 -0.0428003 -0.423732 0.904776 -0.0487685 2.72307 1.94333</i>
                    </KeyFrames>
                </p>
            </i>
            <i>
                <p>
                    <Name><![CDATA[spine1]]></Name>
                    <Exclude>0</Exclude>
                    <Additive>0</Additive>
                    <IKPriority>0</IKPriority>
                    <IKRotLimits>-1e+010 -1e+010 -1e+010 1e+010 1e+010 1e+010</IKRotLimits>
                    <IKRotLimitOrder>0</IKRotLimitOrder>
                    <KeyFrames count="54">
                        <i>-0.04155 0.978718 0.20096 -0.979139 0.000153796 -0.203193 -0.1989 -0.205211 0.958294 0.00786821 1.47547 -0.383199</i>
                        <i>-0.0395582 0.977868 0.205448 -0.979196 0.00301548 -0.202894 -0.199023 -0.2092 0.957406 0.00823609 1.47546 -0.383553</i>
                        <i>-0.0342358 0.975357 0.217961 -0.979273 0.0108242 -0.202255 -0.19963 -0.220368 0.95477 0.00926935 1.47542 -0.384589</i>
                        <i>-0.0288864 0.967071 0.25286 -0.977566 0.0254695 -0.209085 -0.20864 -0.253227 0.94464 0.0104109 1.4717 -0.374678</i>
                        <i>-0.0276885 0.947874 0.317439 -0.972551 0.0478518 -0.227716 -0.231036 -0.315031 0.920531 0.0109436 1.46154 -0.345806</i>
                        <i>-0.0332857 0.916396 0.398887 -0.964402 0.0753095 -0.253491 -0.262338 -0.393125 0.881267 0.0103402 1.44611 -0.303443</i>
                        <i>-0.0469321 0.873638 0.484308 -0.953581 0.105194 -0.282165 -0.297456 -0.47507 0.828148 0.00836733 1.42698 -0.253145</i>
                        <i>-0.0671007 0.82423 0.562266 -0.941055 0.13497 -0.310159 -0.331532 -0.549935 0.766589 0.00552411 1.40646 -0.200386</i>
                        <i>-0.0892982 0.77616 0.624181 -0.928264 0.162312 -0.334634 -0.361041 -0.609287 0.705988 0.00317018 1.3876 -0.150349</i>
                        <i>-0.10738 0.731299 0.673551 -0.911049 0.19887 -0.361164 -0.398068 -0.65242 0.644895 0.00312277 1.36473 -0.104439</i>
                        <i>-0.116093 0.695121 0.709457 -0.892154 0.240972 -0.382092 -0.436559 -0.677303 0.59218 0.00726735 1.34476 -0.0603813</i>
                        <i>-0.124714 0.666921 0.734618 -0.873593 0.27722 -0.39998 -0.470406 -0.69164 0.548044 0.015909 1.34736 -0.0187524</i>
                        <i>-0.11284 0.637762 0.761923 -0.868242 0.309574 -0.387712 -0.483139 -0.705283 0.518799 0.027794 1.36776 0.023636</i>
                        <i>-0.073914 0.613035 0.786591 -0.864671 0.353585 -0.35682 -0.49687 -0.706516 0.503939 0.0473133 1.38473 0.0656463</i>
                        <i>-0.00852849 0.585199 0.810845 -0.869085 0.396726 -0.295464 -0.494589 -0.707213 0.505204 0.0772565 1.37589 0.106584</i>
                        <i>0.0179132 0.544049 0.838862 -0.87424 0.415639 -0.250896 -0.485163 -0.728873 0.483075 0.100263 1.39738 0.148218</i>
                        <i>0.00916745 0.475202 0.879829 -0.889228 0.406317 -0.210189 -0.457372 -0.780442 0.426288 0.111704 1.48894 0.193172</i>
                        <i>0.0572251 0.372181 0.926394 -0.885462 0.447554 -0.125109 -0.461175 -0.813127 0.355164 0.127683 1.6043 0.239653</i>
                        <i>0.118877 0.276989 0.953491 -0.85983 0.508959 -0.0406525 -0.496548 -0.815008 0.298667 0.141794 1.72964 0.2815</i>
                        <i>0.175133 0.200758 0.963859 -0.849953 0.524925 0.0451025 -0.496899 -0.827134 0.262567 0.147934 1.8529 0.311944</i>
                        <i>0.258699 0.116816 0.958869 -0.849735 0.499595 0.168391 -0.459376 -0.858346 0.228507 0.146479 1.95795 0.343055</i>
                        <i>0.330247 0.0602067 0.941972 -0.835988 0.482009 0.262282 -0.438248 -0.874095 0.209514 0.132285 2.03205 0.380822</i>
                        <i>0.384602 0.00977112 0.923031 -0.829182 0.443067 0.340807 -0.405634 -0.896435 0.178506 0.111889 2.07278 0.429914</i>
                        <i>0.422832 -0.0535226 0.904626 -0.826378 0.386906 0.409149 -0.371904 -0.920565 0.119366 0.0910702 2.0866 0.48785</i>
                        <i>0.460838 -0.102635 0.88153 -0.819618 0.331735 0.467096 -0.340375 -0.937773 0.0687552 0.0708035 2.08458 0.542552</i>
                        <i>0.482491 -0.141711 0.864362 -0.812343 0.296655 0.50209 -0.327569 -0.944412 0.0280159 0.0471492 2.07516 0.597743</i>
                        <i>0.504402 -0.172246 0.846115 -0.795488 0.28841 0.532934 -0.335824 -0.941887 0.00845474 0.0261229 2.06814 0.661343</i>
                        <i>0.531227 -0.179173 0.828067 -0.773908 0.295109 0.560337 -0.344767 -0.938514 0.0181067 0.0170643 2.07573 0.719387</i>
                        <i>0.545067 -0.171724 0.820618 -0.768245 0.289631 0.570889 -0.335711 -0.941608 0.0259421 0.0204778 2.098 0.775405</i>
                        <i>0.567659 -0.160627 0.807442 -0.755069 0.289266 0.588384 -0.328075 -0.943676 0.0429202 0.0290264 2.12531 0.829234</i>
                        <i>0.603329 -0.129343 0.786933 -0.739455 0.278815 0.612755 -0.298664 -0.951595 0.0725742 0.0368869 2.15858 0.879551</i>
                        <i>0.639403 -0.0941795 0.763082 -0.727289 0.247883 0.640004 -0.24943 -0.964201 0.0900011 0.0451498 2.19334 0.930623</i>
                        <i>0.658147 -0.0139194 0.752761 -0.735571 0.201328 0.64684 -0.160555 -0.979425 0.122264 0.0493901 2.23082 0.982311</i>
                        <i>0.662672 0.0812156 0.744493 -0.746112 0.157446 0.646938 -0.0646756 -0.984182 0.164931 0.0532118 2.2649 1.03727</i>
                        <i>0.646164 0.194515 0.737994 -0.76266 0.128244 0.633959 0.028671 -0.97248 0.231215 0.0536725 2.29521 1.09309</i>
                        <i>0.598298 0.337063 0.72693 -0.792013 0.111244 0.600283 0.121466 -0.934887 0.333516 0.0497114 2.32059 1.14858</i>
                        <i>0.530376 0.473903 0.702935 -0.822621 0.0872576 0.561855 0.204928 -0.876243 0.436122 0.0455949 2.33699 1.20599</i>
                        <i>0.444745 0.590816 0.673156 -0.859676 0.0707001 0.505924 0.251315 -0.803703 0.539354 0.0416098 2.32456 1.26462</i>
                        <i>0.344291 0.696425 0.629648 -0.899746 0.0531769 0.433163 0.268183 -0.715657 0.644913 0.0362209 2.2932 1.32272</i>
                        <i>0.268642 0.757049 0.595574 -0.929572 0.0417144 0.366272 0.252442 -0.652025 0.714938 0.0315733 2.26632 1.38307</i>
                        <i>0.189511 0.815871 0.546296 -0.951932 0.0163052 0.305876 0.240648 -0.578004 0.779744 0.0197988 2.24575 1.43193</i>
                        <i>0.119201 0.854486 0.505613 -0.969518 -0.00962329 0.244832 0.214072 -0.519385 0.827292 0.00681638 2.22331 1.47157</i>
                        <i>0.0653473 0.876405 0.47712 -0.982506 -0.0270514 0.184256 0.174389 -0.480814 0.859306 -0.00307902 2.21661 1.51032</i>
                        <i>0.0340062 0.887255 0.460025 -0.991824 -0.0266868 0.124789 0.122997 -0.460507 0.879093 -0.00573309 2.24363 1.55639</i>
                        <i>0.0285561 0.890339 0.454401 -0.997756 -0.00215326 0.0669214 0.0605612 -0.455292 0.88828 -0.00167881 2.31166 1.60991</i>
                        <i>0.0401153 0.887151 0.459732 -0.99916 0.0394703 0.0110183 -0.00837086 -0.459788 0.887989 0.00426141 2.40631 1.66546</i>
                        <i>0.0569703 0.879309 0.472831 -0.995293 0.0872095 -0.0422603 -0.0783952 -0.468198 0.880139 0.00958394 2.51316 1.72283</i>
                        <i>0.0688673 0.868848 0.490266 -0.987198 0.130219 -0.0921029 -0.143865 -0.477647 0.866693 0.0115253 2.6185 1.78172</i>
                        <i>0.0672161 0.858386 0.508582 -0.977776 0.158125 -0.137658 -0.198583 -0.488026 0.849938 0.00718907 2.7095 1.84178</i>
                        <i>0.050725 0.847205 0.528839 -0.97497 0.156783 -0.15765 -0.216475 -0.507605 0.833952 -0.00601793 2.77784 1.90386</i>
                        <i>0.0296202 0.834736 0.549853 -0.979519 0.133846 -0.150427 -0.199163 -0.534136 0.821604 -0.0243878 2.83268 1.96733</i>
                        <i>0.0110113 0.826208 0.563257 -0.983263 0.111391 -0.14417 -0.181856 -0.552243 0.813607 -0.0410327 2.88753 2.02957</i>
                        <i>0.0110113 0.826208 0.563257 -0.983263 0.111391 -0.14417 -0.181856 -0.552243 0.813607 -0.0410327 2.88753 2.02957</i>
                        <i>0.0110113 0.826208 0.563257 -0.983263 0.111391 -0.14417 -0.181856 -0.552243 0.813607 -0.0410327 2.88753 2.02957</i>
                    </KeyFrames>
                </p>
            </i>
            <i>
                <p>
                    <Name><![CDATA[spine2]]></Name>
                    <Exclude>0</Exclude>
                    <Additive>0</Additive>
                    <IKPriority>0</IKPriority>
                    <IKRotLimits>-1e+010 -1e+010 -1e+010 1e+010 1e+010 1e+010</IKRotLimits>
                    <IKRotLimitOrder>0</IKRotLimitOrder>
                    <KeyFrames count="54">
                        <i>-0.0647174 0.947293 0.313765 -0.979384 1.48304e-011 -0.202009 -0.191361 -0.32037 0.927763 0.00061862 1.63122 -0.348051</i>
                        <i>-0.0617186 0.945849 0.318684 -0.979464 0.00400559 -0.201579 -0.191939 -0.324581 0.926178 0.00135015 1.63119 -0.347504</i>
                        <i>-0.0535634 0.941722 0.332101 -0.979578 0.0149925 -0.200506 -0.1938 -0.336058 0.921687 0.00336076 1.63106 -0.34602</i>
                        <i>-0.0447651 0.929122 0.367054 -0.977874 0.0344049 -0.206348 -0.204351 -0.36817 0.907024 0.00551953 1.62641 -0.329717</i>
                        <i>-0.0403981 0.902102 0.429628 -0.972834 0.062583 -0.222883 -0.227951 -0.426961 0.875067 0.00637435 1.61347 -0.289423</i>
                        <i>-0.0428243 0.861087 0.506651 -0.964723 0.0962102 -0.245058 -0.259762 -0.499272 0.82659 0.00492517 1.59313 -0.232674</i>
                        <i>-0.0528641 0.80912 0.585261 -0.954164 0.131961 -0.268621 -0.294579 -0.572635 0.765057 0.000690986 1.56711 -0.167135</i>
                        <i>-0.068528 0.752834 0.654634 -0.942238 0.166801 -0.290457 -0.32786 -0.636725 0.697917 -0.00561132 1.53852 -0.100164</i>
                        <i>-0.0849972 0.701857 0.707228 -0.930311 0.198263 -0.308565 -0.356786 -0.68417 0.636094 -0.0118958 1.51186 -0.0383535</i>
                        <i>-0.096589 0.656943 0.747728 -0.913903 0.23905 -0.328081 -0.394274 -0.715039 0.577292 -0.0153294 1.48178 0.0176928</i>
                        <i>-0.0951871 0.630048 0.7707 -0.895211 0.28442 -0.343079 -0.435358 -0.722596 0.536953 -0.0131234 1.45655 0.070133</i>
                        <i>-0.0954763 0.612514 0.784672 -0.876767 0.321507 -0.35765 -0.471343 -0.722122 0.506336 -0.00643679 1.4555 0.119263</i>
                        <i>-0.0754545 0.595082 0.800115 -0.870358 0.352264 -0.344073 -0.486604 -0.722349 0.491354 0.00719452 1.47233 0.169955</i>
                        <i>-0.0336963 0.583323 0.811541 -0.864551 0.390368 -0.316488 -0.501415 -0.712283 0.491158 0.0337303 1.48657 0.220249</i>
                        <i>0.0245813 0.570549 0.820895 -0.867525 0.420229 -0.266095 -0.496785 -0.705607 0.505296 0.0758779 1.4747 0.269802</i>
                        <i>0.0303648 0.544875 0.837967 -0.875588 0.41886 -0.240629 -0.482104 -0.726407 0.489804 0.104068 1.4904 0.321295</i>
                        <i>0.00103052 0.481796 0.876283 -0.892721 0.395304 -0.216295 -0.450608 -0.782054 0.430517 0.113602 1.5702 0.378704</i>
                        <i>0.037949 0.373863 0.926707 -0.890254 0.433871 -0.138581 -0.453882 -0.819746 0.349297 0.139626 1.66548 0.438488</i>
                        <i>0.0887417 0.273817 0.957679 -0.866987 0.494574 -0.0610693 -0.490365 -0.824876 0.281285 0.167536 1.77091 0.489001</i>
                        <i>0.13881 0.194349 0.971061 -0.859211 0.511211 0.0205074 -0.492431 -0.837193 0.237948 0.186601 1.87814 0.523798</i>
                        <i>0.231389 0.0991514 0.967796 -0.857021 0.491561 0.154543 -0.460407 -0.86518 0.198717 0.204221 1.96568 0.555638</i>
                        <i>0.302907 0.036343 0.952327 -0.843459 0.475403 0.250137 -0.443648 -0.879017 0.174657 0.208226 2.02697 0.590852</i>
                        <i>0.358367 -0.0166458 0.933432 -0.836989 0.437172 0.329136 -0.41355 -0.899224 0.142736 0.202494 2.05628 0.636121</i>
                        <i>0.400317 -0.0871191 0.912226 -0.832106 0.382429 0.40168 -0.383856 -0.919869 0.0806005 0.192347 2.05602 0.689832</i>
                        <i>0.445587 -0.143948 0.88359 -0.820846 0.328226 0.467418 -0.357301 -0.933567 0.0280943 0.182312 2.04319 0.73906</i>
                        <i>0.465249 -0.189934 0.864562 -0.813475 0.293345 0.502202 -0.349 -0.936949 -0.0180286 0.165077 2.02497 0.78966</i>
                        <i>0.482646 -0.226371 0.846055 -0.797616 0.285395 0.531374 -0.361748 -0.931292 -0.0428125 0.150166 2.01087 0.847928</i>
                        <i>0.508504 -0.234871 0.828407 -0.775907 0.292167 0.559113 -0.373353 -0.927078 -0.0336704 0.147659 2.01672 0.900445</i>
                        <i>0.522818 -0.224931 0.822233 -0.771019 0.286623 0.568662 -0.363581 -0.931264 -0.0235742 0.153553 2.04088 0.953236</i>
                        <i>0.551505 -0.211622 0.806882 -0.754505 0.285982 0.590709 -0.35576 -0.934575 -0.00194929 0.165336 2.07096 1.00202</i>
                        <i>0.598332 -0.177086 0.781435 -0.732072 0.275597 0.62299 -0.325684 -0.944821 0.0352592 0.178441 2.11167 1.04533</i>
                        <i>0.645934 -0.140001 0.750446 -0.711548 0.245679 0.658287 -0.27653 -0.959188 0.0590751 0.19112 2.15486 1.08849</i>
                        <i>0.675007 -0.052998 0.735905 -0.714447 0.202065 0.669877 -0.184203 -0.977937 0.0985311 0.194936 2.2104 1.13459</i>
                        <i>0.688135 0.0420515 0.724363 -0.720024 0.162917 0.674555 -0.0896453 -0.985743 0.142387 0.194581 2.26463 1.18367</i>
                        <i>0.678282 0.142307 0.72089 -0.734778 0.139321 0.663846 -0.00596522 -0.979969 0.199063 0.186612 2.31709 1.23339</i>
                        <i>0.637938 0.263358 0.723656 -0.766601 0.127857 0.629266 0.0731979 -0.956188 0.283455 0.168804 2.36838 1.28169</i>
                        <i>0.583137 0.370078 0.723183 -0.800333 0.109007 0.589563 0.139352 -0.922583 0.359752 0.147962 2.4078 1.32989</i>
                        <i>0.512003 0.45338 0.729589 -0.841778 0.0956813 0.531276 0.171062 -0.886167 0.430634 0.125772 2.41351 1.37914</i>
                        <i>0.424842 0.532547 0.732054 -0.88645 0.0807056 0.455734 0.183619 -0.842544 0.506363 0.10118 2.39813 1.4265</i>
                        <i>0.355386 0.568203 0.74219 -0.919561 0.0701105 0.386642 0.167656 -0.819896 0.547414 0.0826891 2.37971 1.47868</i>
                        <i>0.278615 0.619595 0.733809 -0.945675 0.0436954 0.322162 0.167546 -0.783705 0.59811 0.0569503 2.36858 1.51787</i>
                        <i>0.204126 0.66004 0.722966 -0.966046 0.0163239 0.257855 0.158393 -0.751053 0.640961 0.0319496 2.35282 1.55003</i>
                        <i>0.139212 0.688332 0.711912 -0.980858 -0.00299759 0.194702 0.136154 -0.725389 0.674739 0.0128637 2.35032 1.58381</i>
                        <i>0.0906302 0.707184 0.701196 -0.991088 -0.00497247 0.133114 0.0976227 -0.707012 0.700432 0.0046249 2.37976 1.62713</i>
                        <i>0.062899 0.721934 0.689097 -0.997156 0.0167308 0.0734897 0.0415256 -0.691759 0.720933 0.00722877 2.44881 1.68005</i>
                        <i>0.0517266 0.736982 0.673931 -0.998344 0.0551701 0.0162948 -0.0251719 -0.673657 0.738615 0.0144852 2.54337 1.73709</i>
                        <i>0.0502374 0.753241 0.655823 -0.99433 0.099343 -0.037932 -0.0937235 -0.650199 0.753961 0.0220194 2.64947 1.79751</i>
                        <i>0.051025 0.770889 0.634922 -0.986429 0.138245 -0.0885758 -0.156057 -0.621786 0.767482 0.0254541 2.75385 1.86042</i>
                        <i>0.0459805 0.789974 0.611414 -0.977627 0.16135 -0.13495 -0.205259 -0.59153 0.779719 0.0205418 2.84419 1.92484</i>
                        <i>0.0334879 0.80679 0.589889 -0.975633 0.154444 -0.155846 -0.21684 -0.570296 0.792302 0.00453173 2.91203 1.99167</i>
                        <i>0.0174624 0.819878 0.572272 -0.980767 0.125328 -0.149627 -0.194397 -0.558653 0.806298 -0.0172529 2.96628 2.05994</i>
                        <i>0.00074299 0.833558 0.552432 -0.984807 0.09654 -0.144344 -0.173651 -0.543931 0.820965 -0.0369344 3.02115 2.1256</i>
                        <i>0.00074299 0.833558 0.552432 -0.984807 0.09654 -0.144344 -0.173651 -0.543931 0.820965 -0.0369344 3.02115 2.1256</i>
                        <i>0.00074299 0.833558 0.552432 -0.984807 0.09654 -0.144344 -0.173651 -0.543931 0.820965 -0.0369344 3.02115 2.1256</i>
                    </KeyFrames>
                </p>
            </i>
            <i>
                <p>
                    <Name><![CDATA[head]]></Name>
                    <Exclude>0</Exclude>
                    <Additive>0</Additive>
                    <IKPriority>0</IKPriority>
                    <IKRotLimits>-1e+010 -1e+010 -1e+010 1e+010 1e+010 1e+010</IKRotLimits>
                    <IKRotLimitOrder>0</IKRotLimitOrder>
                    <KeyFrames count="54">
                        <i>-0.0244804 0.99263 0.118687 0.20052 0.121185 -0.972166 -0.979384 1.48303e-011 -0.202009 -0.0147745 1.87784 -0.273429</i>
                        <i>-0.0214267 0.992073 0.123825 0.200477 0.125602 -0.971614 -0.979464 0.00400559 -0.201579 -0.0133086 1.87747 -0.271626</i>
                        <i>-0.0130635 0.990364 0.137875 0.200641 0.137678 -0.969942 -0.979578 0.0149925 -0.200506 -0.00930406 1.87636 -0.266705</i>
                        <i>-0.00230472 0.984552 0.175078 0.209184 0.17168 -0.962688 -0.977874 0.0344049 -0.206348 -0.00499369 1.86869 -0.241346</i>
                        <i>0.0067668 0.970042 0.242841 0.231404 0.234736 -0.944114 -0.972834 0.062583 -0.222883 -0.00309518 1.84921 -0.184744</i>
                        <i>0.0108556 0.944578 0.328107 0.263044 0.313872 -0.9123 -0.964723 0.0962102 -0.245058 -0.00523962 1.81881 -0.107822</i>
                        <i>0.00810049 0.908603 0.417582 0.299175 0.396265 -0.868025 -0.954164 0.131961 -0.268621 -0.0121479 1.77989 -0.021574</i>
                        <i>-0.00047353 0.866515 0.499151 0.334945 0.470456 -0.816384 -0.942238 0.166801 -0.290457 -0.0226173 1.73718 0.0638066</i>
                        <i>-0.010721 0.826244 0.563211 0.366614 0.52727 -0.766538 -0.930311 0.198263 -0.308565 -0.0333362 1.69758 0.139717</i>
                        <i>-0.014453 0.788539 0.614814 0.405676 0.566622 -0.717194 -0.913903 0.23905 -0.328081 -0.0399594 1.65597 0.206718</i>
                        <i>-0.00473157 0.763742 0.645505 0.445618 0.579486 -0.682364 -0.895211 0.28442 -0.343079 -0.0377287 1.62345 0.265731</i>
                        <i>0.00229781 0.746477 0.665407 0.480911 0.582585 -0.655225 -0.876767 0.321507 -0.35765 -0.0313908 1.61746 0.319019</i>
                        <i>0.0250029 0.729454 0.683572 0.491784 0.58635 -0.643694 -0.870358 0.352264 -0.344073 -0.0128908 1.62933 0.374247</i>
                        <i>0.0688996 0.715895 0.6948 0.4978 0.578884 -0.645824 -0.864551 0.390368 -0.316488 0.0243531 1.64 0.428066</i>
                        <i>0.12502 0.702032 0.701086 0.481424 0.574943 -0.661568 -0.867525 0.420229 -0.266095 0.0818553 1.62422 0.480645</i>
                        <i>0.1277 0.68112 0.72095 0.465875 0.600526 -0.649868 -0.875588 0.41886 -0.240629 0.112367 1.63269 0.537043</i>
                        <i>0.0925773 0.630665 0.770514 0.440996 0.66783 -0.599604 -0.892721 0.395304 -0.216295 0.115104 1.69604 0.604579</i>
                        <i>0.129391 0.532643 0.836391 0.4367 0.726669 -0.530326 -0.890254 0.433871 -0.138581 0.151137 1.76368 0.677384</i>
                        <i>0.186538 0.435728 0.880537 0.4621 0.752023 -0.470027 -0.866987 0.494574 -0.0610693 0.192694 1.84344 0.735858</i>
                        <i>0.235981 0.36042 0.902447 0.453949 0.780231 -0.430313 -0.859211 0.511211 0.0205074 0.224959 1.93028 0.774063</i>
                        <i>0.320121 0.272896 0.907221 0.40378 0.82698 -0.391237 -0.857021 0.491561 0.154543 0.266073 1.99373 0.805055</i>
                        <i>0.386741 0.21421 0.896964 0.372838 0.853291 -0.364536 -0.843459 0.475403 0.250137 0.288528 2.03907 0.836249</i>
                        <i>0.434927 0.166433 0.884951 0.332097 0.883844 -0.329441 -0.836989 0.437172 0.329136 0.297027 2.05482 0.876691</i>
                        <i>0.469968 0.101626 0.876814 0.294498 0.918379 -0.264293 -0.832106 0.382429 0.40168 0.297507 2.03669 0.92515</i>
                        <i>0.508897 0.0487667 0.859445 0.259297 0.94334 -0.207063 -0.820846 0.328226 0.467418 0.298818 2.00951 0.967301</i>
                        <i>0.526462 0.00442664 0.850187 0.247175 0.955996 -0.158036 -0.813475 0.293345 0.502202 0.286724 1.9797 1.01314</i>
                        <i>0.546086 -0.0323994 0.837102 0.256121 0.957862 -0.130008 -0.797616 0.285395 0.531374 0.276512 1.95641 1.06667</i>
                        <i>0.573763 -0.0415787 0.817965 0.262229 0.955463 -0.135373 -0.775907 0.292167 0.559113 0.280748 1.96012 1.11459</i>
                        <i>0.585793 -0.030995 0.809868 0.249753 0.957542 -0.144004 -0.771019 0.286623 0.568662 0.290305 1.98676 1.16572</i>
                        <i>0.612292 -0.0172906 0.790443 0.236266 0.958079 -0.162059 -0.754505 0.285982 0.590709 0.309241 2.02019 1.21059</i>
                        <i>0.65203 0.018607 0.757965 0.197301 0.961093 -0.193319 -0.732072 0.275597 0.62299 0.33394 2.06972 1.24746</i>
                        <i>0.68865 0.0578375 0.722783 0.139499 0.967624 -0.210341 -0.711548 0.245679 0.658287 0.358357 2.12244 1.28287</i>
                        <i>0.698355 0.146835 0.700528 0.0431908 0.968302 -0.246019 -0.714447 0.202065 0.669877 0.369093 2.20022 1.32532</i>
                        <i>0.691994 0.241488 0.680315 -0.0520616 0.95663 -0.286615 -0.720024 0.162917 0.674555 0.371592 2.27905 1.37146</i>
                        <i>0.665342 0.338478 0.665397 -0.131993 0.930603 -0.341402 -0.734778 0.139321 0.663846 0.360618 2.35794 1.42003</i>
                        <i>0.609753 0.45217 0.650956 -0.201307 0.88272 -0.424595 -0.766601 0.127857 0.629266 0.331888 2.44133 1.46828</i>
                        <i>0.542652 0.549835 0.634989 -0.254944 0.82813 -0.499204 -0.800333 0.109007 0.589563 0.296175 2.50946 1.51519</i>
                        <i>0.466558 0.623999 0.626856 -0.271537 0.775545 -0.569909 -0.841778 0.0956813 0.531276 0.254909 2.53794 1.56441</i>
                        <i>0.378665 0.69265 0.613881 -0.26612 0.716745 -0.644559 -0.88645 0.0807056 0.455734 0.207203 2.54394 1.61032</i>
                        <i>0.313901 0.722959 0.615464 -0.236376 0.687324 -0.686813 -0.919561 0.0701105 0.386642 0.170531 2.53564 1.66317</i>
