<?xml version="1.0" encoding="ISO-8859-1" ?>
<Animl Version="1">
    <ModellingPackage><![CDATA[Maya.2010]]></ModellingPackage>
    <SrcFile><![CDATA[anims\characters\shared\base_soldier\~src\infantry\context_wall_climb_med.mb]]></SrcFile>
    <FramesPerSecond>30</FramesPerSecond>
    <TotalFrames>82</TotalFrames>
    <Skeleton>
        <RefFrame>
            <Name><![CDATA[soldier_ref_frame]]></Name>
            <Exclude>0</Exclude>
            <Additive>0</Additive>
            <IKPriority>0</IKPriority>
            <IKRotLimits>-1e+010 -1e+010 -1e+010 1e+010 1e+010 1e+010</IKRotLimits>
            <IKRotLimitOrder>0</IKRotLimitOrder>
            <KeyFrames count="82">
                <i>1 0 0 0 1 0 0 0 1 -0.0355924 -1.9152e-007 -0.0154016</i>
                <i>1 0 0 0 1 0 0 0 1 -0.0321341 0.00784202 -0.00484366</i>
                <i>1 0 0 0 1 0 0 0 1 -0.028215 0.0153939 0.00604054</i>
                <i>1 0 0 0 1 0 0 0 1 -0.0244284 0.0199627 0.0183807</i>
                <i>1 0 0 0 1 0 0 0 1 -0.0213676 0.0217701 0.0311712</i>
                <i>1 0 0 0 1 0 0 0 1 -0.0196258 0.0206989 0.0441832</i>
                <i>1 0 0 0 1 0 0 0 1 -0.0198534 0.0162274 0.0573393</i>
                <i>1 0 0 0 1 0 0 0 1 -0.0221351 0.00947614 0.0705624</i>
                <i>1 0 0 0 1 0 0 0 1 -0.0256161 0.00159177 0.083775</i>
                <i>1 0 0 0 1 0 0 0 1 -0.0294011 -0.00634774 0.0969</i>
                <i>1 0 0 0 1 0 0 0 1 -0.0325945 -0.0132644 0.10986</i>
                <i>1 0 0 0 1 0 0 0 1 -0.0345167 -0.0180803 0.122578</i>
                <i>1 0 0 0 1 0 0 0 1 -0.0353731 -0.0194746 0.134976</i>
                <i>1 0 0 0 1 0 0 0 1 -0.03528 -0.0131512 0.146978</i>
                <i>1 0 0 0 1 0 0 0 1 -0.0348319 0.00219981 0.158502</i>
                <i>1 0 0 0 1 0 0 0 1 -0.0317125 0.0276857 0.169509</i>
                <i>1 0 0 0 1 0 0 0 1 -0.0233952 0.0635438 0.180068</i>
                <i>1 0 0 0 1 0 0 0 1 -0.0123644 0.101654 0.190258</i>
                <i>1 0 0 0 1 0 0 0 1 -0.00224222 0.133277 0.200161</i>
                <i>1 0 0 0 1 0 0 0 1 0.00920128 0.149752 0.209856</i>
                <i>1 0 0 0 1 0 0 0 1 0.0200108 0.151503 0.219423</i>
                <i>1 0 0 0 1 0 0 0 1 0.0254175 0.144772 0.228943</i>
                <i>1 0 0 0 1 0 0 0 1 0.0220271 0.133197 0.238495</i>
                <i>1 0 0 0 1 0 0 0 1 0.012674 0.120412 0.248161</i>
                <i>1 0 0 0 1 0 0 0 1 -3.52994e-005 0.110055 0.257886</i>
                <i>1 0 0 0 1 0 0 0 1 -0.0136661 0.105761 0.266886</i>
                <i>1 0 0 0 1 0 0 0 1 -0.0259462 0.111167 0.274178</i>
                <i>1 0 0 0 1 0 0 0 1 -0.0385604 0.134959 0.279832</i>
                <i>1 0 0 0 1 0 0 0 1 -0.0520514 0.181109 0.283234</i>
                <i>1 0 0 0 1 0 0 0 1 -0.0655688 0.243202 0.283822</i>
                <i>1 0 0 0 1 0 0 0 1 -0.0782617 0.320387 0.282844</i>
                <i>1 0 0 0 1 0 0 0 1 -0.0892798 0.431406 0.281237</i>
                <i>1 0 0 0 1 0 0 0 1 -0.0977723 0.538861 0.279889</i>
                <i>1 0 0 0 1 0 0 0 1 -0.0897572 0.630022 0.27969</i>
                <i>1 0 0 0 1 0 0 0 1 -0.0708323 0.720361 0.294406</i>
                <i>1 0 0 0 1 0 0 0 1 -0.0578355 0.790758 0.314102</i>
                <i>1 0 0 0 1 0 0 0 1 -0.0425172 0.805877 0.334425</i>
                <i>1 0 0 0 1 0 0 0 1 -0.0268551 0.805753 0.353971</i>
                <i>1 0 0 0 1 0 0 0 1 -0.0143638 0.807724 0.372847</i>
                <i>1 0 0 0 1 0 0 0 1 -0.00855817 0.825991 0.391163</i>
                <i>1 0 0 0 1 0 0 0 1 -0.00843422 0.872352 0.409026</i>
                <i>1 0 0 0 1 0 0 0 1 -0.0094179 0.936455 0.426546</i>
                <i>1 0 0 0 1 0 0 0 1 -0.0117959 1.01122 0.44383</i>
                <i>1 0 0 0 1 0 0 0 1 -0.0158858 1.09234 0.460987</i>
                <i>1 0 0 0 1 0 0 0 1 -0.022005 1.17552 0.478126</i>
                <i>1 0 0 0 1 0 0 0 1 -0.030471 1.25647 0.495355</i>
                <i>1 0 0 0 1 0 0 0 1 -0.0416013 1.33089 0.512783</i>
                <i>1 0 0 0 1 0 0 0 1 -0.0557134 1.39448 0.530517</i>
                <i>1 0 0 0 1 0 0 0 1 -0.0737094 1.44071 0.548668</i>
                <i>1 0 0 0 1 0 0 0 1 -0.0958906 1.44819 0.567342</i>
                <i>1 0 0 0 1 0 0 0 1 -0.121322 1.43178 0.586649</i>
                <i>1 0 0 0 1 0 0 0 1 -0.149063 1.41563 0.606698</i>
                <i>1 0 0 0 1 0 0 0 1 -0.178176 1.4239 0.627596</i>
                <i>1 0 0 0 1 0 0 0 1 -0.20772 1.46692 0.649451</i>
                <i>1 0 0 0 1 0 0 0 1 -0.236756 1.5277 0.672374</i>
                <i>1 0 0 0 1 0 0 0 1 -0.264344 1.5991 0.696472</i>
                <i>1 0 0 0 1 0 0 0 1 -0.289545 1.67425 0.721853</i>
                <i>1 0 0 0 1 0 0 0 1 -0.311419 1.74626 0.748626</i>
                <i>1 0 0 0 1 0 0 0 1 -0.329028 1.80828 0.7769</i>
                <i>1 0 0 0 1 0 0 0 1 -0.34143 1.85342 0.806783</i>
                <i>1 0 0 0 1 0 0 0 1 -0.347688 1.87481 0.838383</i>
                <i>1 0 0 0 1 0 0 0 1 -0.346911 1.88377 0.872356</i>
                <i>1 0 0 0 1 0 0 0 1 -0.339327 1.91267 0.910774</i>
                <i>1 0 0 0 1 0 0 0 1 -0.326198 1.95187 0.953431</i>
                <i>1 0 0 0 1 0 0 0 1 -0.308824 1.99006 0.999872</i>
                <i>1 0 0 0 1 0 0 0 1 -0.288504 2.01593 1.04964</i>
                <i>1 0 0 0 1 0 0 0 1 -0.266538 2.01818 1.10228</i>
                <i>1 0 0 0 1 0 0 0 1 -0.244226 1.95586 1.15735</i>
                <i>1 0 0 0 1 0 0 0 1 -0.222867 1.84261 1.21437</i>
                <i>1 0 0 0 1 0 0 0 1 -0.203761 1.74895 1.27291</i>
                <i>1 0 0 0 1 0 0 0 1 -0.187742 1.74541 1.3325</i>
                <i>1 0 0 0 1 0 0 0 1 -0.173059 1.83462 1.39269</i>
                <i>1 0 0 0 1 0 0 0 1 -0.168574 1.9633 1.45747</i>
                <i>1 0 0 0 1 0 0 0 1 -0.164205 2.11817 1.52977</i>
                <i>1 0 0 0 1 0 0 0 1 -0.159842 2.28592 1.60754</i>
                <i>1 0 0 0 1 0 0 0 1 -0.155723 2.45324 1.68859</i>
                <i>1 0 0 0 1 0 0 0 1 -0.149207 2.60723 1.77255</i>
                <i>1 0 0 0 1 0 0 0 1 -0.141321 2.73438 1.85663</i>
                <i>1 0 0 0 1 0 0 0 1 -0.133247 2.8015 1.94455</i>
                <i>1 0 0 0 1 0 0 0 1 -0.12512 2.81807 2.03814</i>
                <i>1 0 0 0 1 0 0 0 1 -0.117082 2.83449 2.13173</i>
                <i>1 0 0 0 1 0 0 0 1 -0.11275 2.83418 2.13181</i>
            </KeyFrames>
        </RefFrame>
        <Bones count="23">
            <i>
                <p>
                    <Name><![CDATA[pelvis]]></Name>
                    <Exclude>0</Exclude>
                    <Additive>0</Additive>
                    <IKPriority>0</IKPriority>
                    <IKRotLimits>-1e+010 -1e+010 -1e+010 1e+010 1e+010 1e+010</IKRotLimits>
                    <IKRotLimitOrder>2</IKRotLimitOrder>
                    <KeyFrames count="82">
                        <i>1 0 0 0 1 0 0 0 1 -0.0355924 1.14034 -0.0154016</i>
                        <i>1 0 0 0 1 0 0 0 1 -0.0321341 1.14818 -0.00484366</i>
                        <i>1 0 0 0 1 0 0 0 1 -0.028215 1.15573 0.00604054</i>
                        <i>1 0 0 0 1 0 0 0 1 -0.0244284 1.1603 0.0183807</i>
                        <i>1 0 0 0 1 0 0 0 1 -0.0213676 1.16211 0.0311712</i>
                        <i>1 0 0 0 1 0 0 0 1 -0.0196258 1.16104 0.0441832</i>
                        <i>1 0 0 0 1 0 0 0 1 -0.0198534 1.15657 0.0573393</i>
                        <i>1 0 0 0 1 0 0 0 1 -0.0221351 1.14982 0.0705624</i>
                        <i>1 0 0 0 1 0 0 0 1 -0.0256161 1.14193 0.083775</i>
                        <i>1 0 0 0 1 0 0 0 1 -0.0294011 1.13399 0.0969</i>
                        <i>1 0 0 0 1 0 0 0 1 -0.0325945 1.12708 0.10986</i>
                        <i>1 0 0 0 1 0 0 0 1 -0.0345167 1.12226 0.122578</i>
                        <i>1 0 0 0 1 0 0 0 1 -0.0353731 1.12087 0.134976</i>
                        <i>1 0 0 0 1 0 0 0 1 -0.03528 1.12719 0.146978</i>
                        <i>1 0 0 0 1 0 0 0 1 -0.0348319 1.14254 0.158502</i>
                        <i>1 0 0 0 1 0 0 0 1 -0.0317125 1.16803 0.169509</i>
                        <i>1 0 0 0 1 0 0 0 1 -0.0233952 1.20388 0.180068</i>
                        <i>1 0 0 0 1 0 0 0 1 -0.0123644 1.24199 0.190258</i>
                        <i>1 0 0 0 1 0 0 0 1 -0.00224222 1.27362 0.200161</i>
                        <i>1 0 0 0 1 0 0 0 1 0.00920128 1.29009 0.209856</i>
                        <i>1 0 0 0 1 0 0 0 1 0.0200108 1.29184 0.219423</i>
                        <i>1 0 0 0 1 0 0 0 1 0.0254175 1.28511 0.228943</i>
                        <i>1 0 0 0 1 0 0 0 1 0.0220271 1.27354 0.238495</i>
                        <i>1 0 0 0 1 0 0 0 1 0.012674 1.26075 0.248161</i>
                        <i>1 0 0 0 1 0 0 0 1 -3.52994e-005 1.2504 0.257886</i>
                        <i>1 0 0 0 1 0 0 0 1 -0.0136661 1.2461 0.266886</i>
                        <i>1 0 0 0 1 0 0 0 1 -0.0259462 1.25151 0.274178</i>
                        <i>1 0 0 0 1 0 0 0 1 -0.0385604 1.2753 0.279832</i>
                        <i>1 0 0 0 1 0 0 0 1 -0.0520514 1.32145 0.283234</i>
                        <i>1 0 0 0 1 0 0 0 1 -0.0655688 1.38354 0.283822</i>
                        <i>1 0 0 0 1 0 0 0 1 -0.0782617 1.46073 0.282844</i>
                        <i>1 0 0 0 1 0 0 0 1 -0.0892798 1.57175 0.281237</i>
                        <i>1 0 0 0 1 0 0 0 1 -0.0977723 1.6792 0.279889</i>
                        <i>1 0 0 0 1 0 0 0 1 -0.0897572 1.77036 0.27969</i>
                        <i>1 0 0 0 1 0 0 0 1 -0.0708323 1.8607 0.294406</i>
                        <i>1 0 0 0 1 0 0 0 1 -0.0578355 1.9311 0.314102</i>
                        <i>1 0 0 0 1 0 0 0 1 -0.0425172 1.94622 0.334425</i>
                        <i>1 0 0 0 1 0 0 0 1 -0.0268551 1.94609 0.353971</i>
                        <i>1 0 0 0 1 0 0 0 1 -0.0143638 1.94806 0.372847</i>
                        <i>1 0 0 0 1 0 0 0 1 -0.00855817 1.96633 0.391163</i>
                        <i>1 0 0 0 1 0 0 0 1 -0.00843422 2.01269 0.409026</i>
                        <i>1 0 0 0 1 0 0 0 1 -0.0094179 2.07679 0.426546</i>
                        <i>1 0 0 0 1 0 0 0 1 -0.0117959 2.15156 0.44383</i>
                        <i>1 0 0 0 1 0 0 0 1 -0.0158858 2.23268 0.460987</i>
                        <i>1 0 0 0 1 0 0 0 1 -0.022005 2.31586 0.478126</i>
                        <i>1 0 0 0 1 0 0 0 1 -0.030471 2.39681 0.495355</i>
                        <i>1 0 0 0 1 0 0 0 1 -0.0416013 2.47123 0.512783</i>
                        <i>1 0 0 0 1 0 0 0 1 -0.0557134 2.53482 0.530517</i>
                        <i>1 0 0 0 1 0 0 0 1 -0.0737094 2.58105 0.548668</i>
                        <i>1 0 0 0 1 0 0 0 1 -0.0958906 2.58853 0.567342</i>
                        <i>1 0 0 0 1 0 0 0 1 -0.121322 2.57212 0.586649</i>
                        <i>1 0 0 0 1 0 0 0 1 -0.149063 2.55597 0.606698</i>
                        <i>1 0 0 0 1 0 0 0 1 -0.178176 2.56424 0.627596</i>
                        <i>1 0 0 0 1 0 0 0 1 -0.20772 2.60726 0.649451</i>
                        <i>1 0 0 0 1 0 0 0 1 -0.236756 2.66804 0.672374</i>
                        <i>1 0 0 0 1 0 0 0 1 -0.264344 2.73944 0.696472</i>
                        <i>1 0 0 0 1 0 0 0 1 -0.289545 2.81459 0.721853</i>
                        <i>1 0 0 0 1 0 0 0 1 -0.311419 2.8866 0.748626</i>
                        <i>1 0 0 0 1 0 0 0 1 -0.329028 2.94862 0.7769</i>
                        <i>1 0 0 0 1 0 0 0 1 -0.34143 2.99376 0.806783</i>
                        <i>1 0 0 0 1 0 0 0 1 -0.347688 3.01515 0.838383</i>
                        <i>1 0 0 0 1 0 0 0 1 -0.346911 3.02411 0.872356</i>
                        <i>1 0 0 0 1 0 0 0 1 -0.339327 3.05301 0.910774</i>
                        <i>1 0 0 0 1 0 0 0 1 -0.326198 3.09221 0.953431</i>
                        <i>1 0 0 0 1 0 0 0 1 -0.308824 3.1304 0.999872</i>
                        <i>1 0 0 0 1 0 0 0 1 -0.288504 3.15627 1.04964</i>
                        <i>1 0 0 0 1 0 0 0 1 -0.266538 3.15852 1.10228</i>
                        <i>1 0 0 0 1 0 0 0 1 -0.244226 3.0962 1.15735</i>
                        <i>1 0 0 0 1 0 0 0 1 -0.222867 2.98295 1.21437</i>
                        <i>1 0 0 0 1 0 0 0 1 -0.203761 2.88929 1.27291</i>
                        <i>1 0 0 0 1 0 0 0 1 -0.187742 2.88575 1.3325</i>
                        <i>1 0 0 0 1 0 0 0 1 -0.173059 2.97496 1.39269</i>
                        <i>1 0 0 0 1 0 0 0 1 -0.168574 3.10364 1.45747</i>
                        <i>1 0 0 0 1 0 0 0 1 -0.164205 3.25851 1.52977</i>
                        <i>1 0 0 0 1 0 0 0 1 -0.159842 3.42626 1.60754</i>
                        <i>1 0 0 0 1 0 0 0 1 -0.155723 3.59358 1.68859</i>
                        <i>1 0 0 0 1 0 0 0 1 -0.149207 3.74757 1.77255</i>
                        <i>1 0 0 0 1 0 0 0 1 -0.141321 3.87472 1.85663</i>
                        <i>1 0 0 0 1 0 0 0 1 -0.133247 3.94184 1.94455</i>
                        <i>1 0 0 0 1 0 0 0 1 -0.12512 3.95841 2.03814</i>
                        <i>1 0 0 0 1 0 0 0 1 -0.117082 3.97483 2.13173</i>
                        <i>1 0 0 0 1 0 0 0 1 -0.11275 3.97452 2.13181</i>
                    </KeyFrames>
                </p>
            </i>
            <i>
                <p>
                    <Name><![CDATA[spine0]]></Name>
                    <Exclude>0</Exclude>
                    <Additive>0</Additive>
                    <IKPriority>0</IKPriority>
                    <IKRotLimits>-1e+010 -1e+010 -1e+010 1e+010 1e+010 1e+010</IKRotLimits>
                    <IKRotLimitOrder>0</IKRotLimitOrder>
                    <KeyFrames count="82">
                        <i>-0.12141 0.969667 0.212146 -0.794607 0.0331388 -0.60622 -0.594861 -0.242174 0.76648 -0.0335609 1.2781 -0.0405621</i>
                        <i>-0.0933587 0.969729 0.22563 -0.857261 0.0369595 -0.513554 -0.506348 -0.241369 0.82786 -0.0252601 1.28604 -0.0293381</i>
                        <i>-0.0631953 0.970632 0.232122 -0.908456 0.0403442 -0.416029 -0.413175 -0.237164 0.879227 -0.0159864 1.29352 -0.0190905</i>
                        <i>-0.0324517 0.976643 0.212405 -0.944379 0.0396213 -0.326464 -0.327255 -0.211185 0.921035 -0.00731514 1.29767 -0.0120451</i>
                        <i>-0.0156739 0.978884 0.203815 -0.969456 0.0350209 -0.242753 -0.244765 -0.201394 0.948436 -0.00293238 1.29919 -0.00261944</i>
                        <i>-0.0127115 0.97531 0.220473 -0.983274 0.027871 -0.179985 -0.181686 -0.219073 0.958643 -0.00231863 1.29837 0.0132848</i>
                        <i>-0.0178885 0.9712 0.237595 -0.988598 0.0183534 -0.149453 -0.14951 -0.23756 0.959798 -0.00395951 1.29422 0.0322962</i>
                        <i>-0.0286625 0.96641 0.255401 -0.991065 0.00582243 -0.133254 -0.130266 -0.256938 0.957608 -0.00816324 1.2876 0.0528886</i>
                        <i>-0.0416193 0.961336 0.272214 -0.991967 -0.00718501 -0.12629 -0.119451 -0.275283 0.953913 -0.0136236 1.27951 0.0739431</i>
                        <i>-0.0532027 0.956847 0.28568 -0.992016 -0.0178852 -0.124841 -0.114344 -0.290041 0.950159 -0.0188946 1.27106 0.0943407</i>
                        <i>-0.0598207 0.953337 0.295923 -0.991853 -0.023367 -0.125224 -0.112466 -0.301003 0.946968 -0.0225061 1.26347 0.113452</i>
                        <i>-0.0514965 0.949573 0.309288 -0.991553 -0.0116992 -0.129175 -0.119043 -0.313328 0.942154 -0.0223585 1.25782 0.131692</i>
                        <i>-0.0212347 0.948925 0.314787 -0.989576 0.024909 -0.141842 -0.142439 -0.314518 0.938504 -0.018015 1.25578 0.146787</i>
                        <i>0.00380116 0.957872 0.287171 -0.987547 0.048762 -0.149576 -0.157278 -0.283026 0.946129 -0.0137486 1.26241 0.15521</i>
                        <i>0.00578961 0.968858 0.247548 -0.98654 0.0459888 -0.156919 -0.163416 -0.243308 0.956084 -0.0132794 1.27853 0.161159</i>
                        <i>-0.00393253 0.972814 0.231556 -0.987105 0.0332788 -0.156575 -0.160024 -0.229186 0.960139 -0.0124201 1.30421 0.171917</i>
                        <i>-0.00906727 0.977462 0.210919 -0.992269 0.0173132 -0.122892 -0.123774 -0.210403 0.969748 -0.00524386 1.33998 0.183729</i>
                        <i>-0.0157782 0.981899 0.188748 -0.997656 -0.00288928 -0.0683675 -0.0665846 -0.189384 0.979643 0.00539806 1.37787 0.195731</i>
                        <i>-0.0268354 0.982663 0.183447 -0.999626 -0.025426 -0.0100315 -0.00519324 -0.183647 0.982978 0.0180181 1.40904 0.207683</i>
                        <i>-0.0461567 0.978971 0.19871 -0.997869 -0.0543707 0.0360774 0.0461227 -0.196622 0.979394 0.033382 1.42491 0.219282</i>
                        <i>-0.0697062 0.972444 0.222471 -0.994886 -0.0841101 0.0559294 0.0731003 -0.217435 0.973334 0.0463653 1.42619 0.230367</i>
                        <i>-0.0876305 0.966189 0.242488 -0.993619 -0.10213 0.0478622 0.0710093 -0.236746 0.968973 0.0506374 1.41937 0.241082</i>
                        <i>-0.0907748 0.964435 0.248242 -0.994732 -0.0997278 0.0237044 0.047618 -0.244783 0.968408 0.0434573 1.40792 0.251755</i>
                        <i>-0.0848106 0.966073 0.243946 -0.996348 -0.0846607 -0.011119 0.00991091 -0.243998 0.969725 0.0292591 1.39524 0.262521</i>
                        <i>-0.0756437 0.968742 0.236258 -0.996648 -0.0660526 -0.0482622 -0.0311482 -0.239117 0.970491 0.0116728 1.38485 0.273337</i>
                        <i>-0.0672141 0.970521 0.231454 -0.995695 -0.0504075 -0.0777832 -0.0638232 -0.235686 0.969731 -0.00587378 1.38039 0.283468</i>
                        <i>-0.0626488 0.969248 0.237978 -0.995129 -0.0424811 -0.0889535 -0.0761084 -0.242392 0.967188 -0.0201425 1.38543 0.292482</i>
                        <i>-0.0628909 0.965756 0.251715 -0.995926 -0.0443991 -0.0784855 -0.0646219 -0.255626 0.964614 -0.0328047 1.40857 0.301089</i>
                        <i>-0.0635716 0.96161 0.266955 -0.997015 -0.0494531 -0.0592881 -0.0438103 -0.269927 0.961884 -0.044392 1.4539 0.308009</i>
                        <i>-0.0603839 0.957374 0.282471 -0.997834 -0.0504983 -0.0421545 -0.0260933 -0.284404 0.958349 -0.0538314 1.51507 0.31197</i>
                        <i>-0.0516149 0.953495 0.296957 -0.998346 -0.0417263 -0.039547 -0.025317 -0.298507 0.954072 -0.0596648 1.59118 0.313812</i>
                        <i>-0.0417765 0.949993 0.309466 -0.998393 -0.0278213 -0.0493731 -0.0382943 -0.311031 0.949628 -0.0628729 1.701 0.314061</i>
                        <i>-0.0335224 0.946845 0.319939 -0.998433 -0.0173751 -0.0531925 -0.0448061 -0.321221 0.945944 -0.0678504 1.80797 0.312948</i>
                        <i>-0.0376618 0.943165 0.330184 -0.998429 -0.0217997 -0.0516135 -0.0414822 -0.33161 0.942504 -0.0674034 1.90093 0.309259</i>
                        <i>-0.0519882 0.943073 0.328498 -0.998083 -0.0380083 -0.0488403 -0.0335743 -0.330407 0.943241 -0.0616256 1.99437 0.313896</i>
                        <i>-0.0636423 0.951839 0.299921 -0.997795 -0.0550188 -0.0371197 -0.0188307 -0.301623 0.953241 -0.0568478 2.06749 0.317</i>
                        <i>-0.0815053 0.960993 0.26429 -0.996664 -0.0796764 -0.0176512 0.00409505 -0.264848 0.964282 -0.0506916 2.08343 0.318189</i>
                        <i>-0.0986344 0.96582 0.239714 -0.994753 -0.102268 0.00273364 0.0271552 -0.238186 0.97084 -0.0435148 2.08196 0.320732</i>
                        <i>-0.104506 0.964243 0.243544 -0.99376 -0.110845 0.0124337 0.0389848 -0.240725 0.96981 -0.0364551 2.08203 0.328852</i>
                        <i>-0.0922941 0.9528 0.28923 -0.99541 -0.0956726 -0.00246728 0.0253206 -0.28813 0.957256 -0.0304615 2.10009 0.345425</i>
                        <i>-0.0672729 0.930984 0.358808 -0.997552 -0.0558754 -0.0420534 -0.0191025 -0.360758 0.932464 -0.0239979 2.14786 0.367077</i>
                        <i>-0.0360361 0.89803 0.438456 -0.99563 0.00556022 -0.0932178 -0.0861503 -0.439899 0.893905 -0.0154183 2.21368 0.392417</i>
                        <i>-0.0099399 0.851847 0.523697 -0.98575 0.0796019 -0.14819 -0.167923 -0.517707 0.838917 -0.00679132 2.28943 0.420723</i>
                        <i>0.000359877 0.792951 0.609285 -0.96712 0.155229 -0.201451 -0.254319 -0.58918 0.766935 -1.49254e-005 2.37014 0.450941</i>
                        <i>-0.0126534 0.72455 0.689106 -0.942003 0.222501 -0.251243 -0.335365 -0.65232 0.679713 0.00345582 2.45141 0.481663</i>
                        <i>-0.0505012 0.654485 0.754386 -0.913906 0.274339 -0.299189 -0.402773 -0.704547 0.584283 0.0028303 2.52939 0.511303</i>
                        <i>-0.106598 0.576384 0.810197 -0.883876 0.318284 -0.342723 -0.455413 -0.752647 0.475523 -0.00197645 2.6006 0.538321</i>
                        <i>-0.163242 0.484145 0.859625 -0.849796 0.373636 -0.37181 -0.501197 -0.791201 0.350431 -0.0103669 2.66167 0.561112</i>
                        <i>-0.194681 0.425226 0.883902 -0.803235 0.44808 -0.392476 -0.56295 -0.786389 0.254323 -0.0192947 2.70614 0.577661</i>
                        <i>-0.150199 0.560281 0.814571 -0.769277 0.4513 -0.452262 -0.621009 -0.69456 0.363227 -0.0291151 2.7113 0.590801</i>
                        <i>-0.124471 0.609433 0.783006 -0.736198 0.472344 -0.484668 -0.665221 -0.636775 0.38987 -0.0438203 2.69235 0.603554</i>
                        <i>-0.125982 0.593967 0.794564 -0.718004 0.49809 -0.486185 -0.684542 -0.631751 0.363721 -0.0676469 2.67544 0.619105</i>
                        <i>-0.123638 0.551747 0.824797 -0.725841 0.516488 -0.454308 -0.67666 -0.654841 0.336623 -0.102447 2.68639 0.638527</i>
                        <i>-0.115435 0.500621 0.857935 -0.750804 0.521528 -0.405342 -0.65036 -0.690932 0.315665 -0.14145 2.73315 0.659018</i>
                        <i>-0.0962389 0.461493 0.881908 -0.78875 0.505084 -0.350378 -0.607134 -0.729325 0.315394 -0.181458 2.79752 0.680342</i>
                        <i>-0.0651113 0.444454 0.893432 -0.833562 0.467976 -0.293552 -0.548575 -0.763845 0.340009 -0.222123 2.87218 0.702783</i>
                        <i>-0.0287648 0.442483 0.896315 -0.876718 0.419549 -0.235254 -0.480144 -0.792583 0.375865 -0.261564 2.94972 0.726472</i>
                        <i>0.00889298 0.454687 0.890607 -0.913217 0.366534 -0.17801 -0.407377 -0.811734 0.418487 -0.297568 3.02299 0.751566</i>
                        <i>0.0449668 0.477664 0.877391 -0.940244 0.316972 -0.124376 -0.337518 -0.819369 0.463374 -0.327837 3.0852 0.77822</i>
                        <i>0.0787169 0.506234 0.858796 -0.957117 0.279305 -0.076913 -0.278802 -0.815914 0.506511 -0.350051 3.12992 0.806578</i>
                        <i>0.111851 0.534407 0.837794 -0.964418 0.26162 -0.0381248 -0.239558 -0.803719 0.544654 -0.361918 3.15088 0.836768</i>
                        <i>0.145124 0.56988 0.808811 -0.964285 0.264528 -0.0133636 -0.221569 -0.777985 0.587917 -0.362499 3.16004 0.866652</i>
                        <i>0.167519 0.627295 0.760551 -0.964384 0.264443 -0.00569444 -0.204695 -0.73251 0.649253 -0.356464 3.18923 0.895575</i>
                        <i>0.177451 0.692767 0.698989 -0.966243 0.257443 -0.00985256 -0.186775 -0.673645 0.715065 -0.345476 3.22805 0.926361</i>
                        <i>0.177048 0.752352 0.634524 -0.969338 0.244921 -0.0199321 -0.170404 -0.611539 0.772646 -0.330326 3.26513 0.961656</i>
                        <i>0.169694 0.795978 0.581053 -0.972728 0.229889 -0.0308408 -0.158126 -0.559974 0.813281 -0.311677 3.28984 1.00403</i>
                        <i>0.157889 0.819901 0.550303 -0.975872 0.214675 -0.039856 -0.150815 -0.530733 0.834013 -0.290323 3.29177 1.05521</i>
                        <i>0.131312 0.841795 0.523583 -0.981511 0.18459 -0.0506185 -0.139259 -0.507255 0.85047 -0.26558 3.23022 1.11282</i>
                        <i>0.096696 0.863238 0.49545 -0.987058 0.147151 -0.0637436 -0.127932 -0.482874 0.866295 -0.239114 3.11834 1.17522</i>
                        <i>0.0662526 0.881862 0.46683 -0.990142 0.11597 -0.0785502 -0.123409 -0.457024 0.880852 -0.213943 3.02594 1.24045</i>
                        <i>0.0461613 0.898154 0.437251 -0.990991 0.0962648 -0.0931162 -0.125725 -0.429014 0.894506 -0.19086 3.0233 1.30773</i>
                        <i>0.0359503 0.915252 0.401274 -0.990658 0.0854919 -0.106242 -0.131544 -0.393706 0.909776 -0.166843 3.1128 1.3779</i>
                        <i>0.0403992 0.935195 0.351822 -0.987842 0.0902858 -0.126561 -0.150123 -0.342432 0.927472 -0.160558 3.24152 1.44099</i>
                        <i>0.0598255 0.953084 0.296734 -0.989072 0.0967262 -0.111266 -0.134748 -0.286835 0.948456 -0.154451 3.3964 1.51098</i>
                        <i>0.0797616 0.967091 0.241605 -0.990332 0.104475 -0.0912498 -0.113489 -0.231991 0.966075 -0.148413 3.56413 1.58634</i>
                        <i>0.0989563 0.975924 0.194373 -0.990983 0.114382 -0.0697846 -0.0903372 -0.185714 0.978442 -0.142729 3.73138 1.66535</i>
                        <i>0.111754 0.979182 0.169454 -0.99186 0.120381 -0.041489 -0.0610242 -0.163438 0.984664 -0.134585 3.88518 1.74474</i>
                        <i>0.118581 0.980504 0.156686 -0.992267 0.122844 -0.0177712 -0.0366726 -0.153367 0.987489 -0.125292 4.01209 1.82514</i>
                        <i>0.121916 0.979504 0.160338 -0.992233 0.124297 -0.00486338 -0.0246931 -0.158499 0.98705 -0.115955 4.07907 1.91208</i>
                        <i>0.125055 0.978372 0.164771 -0.992066 0.12547 0.00792684 -0.0129184 -0.164455 0.9863 -0.106687 4.09551 2.00476</i>
                        <i>0.128432 0.977096 0.169674 -0.991717 0.12683 0.0202953 -0.00168928 -0.170875 0.985291 -0.0976255 4.11182 2.0976</i>
                        <i>0.134476 0.972889 0.188156 -0.990896 0.133255 0.0191825 -0.00641039 -0.189023 0.981952 -0.0919824 4.11165 2.10115</i>
                    </KeyFrames>
                </p>
            </i>
            <i>
                <p>
                    <Name><![CDATA[spine1]]></Name>
                    <Exclude>0</Exclude>
                    <Additive>0</Additive>
                    <IKPriority>0</IKPriority>
                    <IKRotLimits>-1e+010 -1e+010 -1e+010 1e+010 1e+010 1e+010</IKRotLimits>
                    <IKRotLimitOrder>0</IKRotLimitOrder>
                    <KeyFrames count="82">
                        <i>-0.187016 0.849171 0.493896 -0.975935 -0.103211 -0.192089 -0.112141 -0.517934 0.848038 -0.0470442 1.44904 0.0101417</i>
                        <i>-0.180092 0.842742 0.5073 -0.975368 -0.0862112 -0.20304 -0.127375 -0.53137 0.837509 -0.0345496 1.45682 0.022062</i>
                        <i>-0.172528 0.838847 0.516304 -0.97488 -0.070458 -0.211292 -0.140864 -0.539788 0.829931 -0.020859 1.46428 0.0318161</i>
                        <i>-0.153919 0.849303 0.504969 -0.979876 -0.0654673 -0.188567 -0.127091 -0.523831 0.842288 -0.00763864 1.46905 0.0335497</i>
                        <i>-0.133157 0.850671 0.508555 -0.988595 -0.0775798 -0.129078 -0.0703496 -0.519943 0.851299 -0.00142755 1.47085 0.0401546</i>
                        <i>-0.120722 0.841686 0.526299 -0.992672 -0.0995332 -0.0685195 -0.00528773 -0.530714 0.847535 -0.00136499 1.4697 0.0586046</i>
                        <i>-0.122586 0.841279 0.526519 -0.991714 -0.124371 -0.0321724 0.0384177 -0.5261 0.849554 -0.00459107 1.465 0.0806339</i>
                        <i>-0.132607 0.844837 0.518329 -0.988351 -0.152115 -0.00491912 0.0746901 -0.512943 0.855167 -0.0112275 1.4577 0.104533</i>
                        <i>-0.146674 0.850923 0.504397 -0.983484 -0.180112 0.017863 0.106048 -0.493446 0.863287 -0.0193852 1.4489 0.1288</i>
                        <i>-0.160732 0.858916 0.48624 -0.977911 -0.205284 0.0393631 0.133627 -0.469172 0.872939 -0.0269823 1.43981 0.151819</i>
                        <i>-0.170542 0.867186 0.467872 -0.972394 -0.224866 0.062339 0.159268 -0.444324 0.881595 -0.031903 1.43173 0.172948</i>
                        <i>-0.161546 0.872695 0.460767 -0.969383 -0.22782 0.0916249 0.184933 -0.431858 0.882779 -0.0300243 1.42549 0.193881</i>
                        <i>-0.120476 0.881778 0.456019 -0.970561 -0.201131 0.132503 0.208558 -0.426631 0.880051 -0.0194089 1.42305 0.210197</i>
                        <i>-0.0865932 0.903869 0.418954 -0.970449 -0.171605 0.169647 0.225233 -0.391883 0.892019 -0.0100451 1.43063 0.21321</i>
                        <i>-0.0835234 0.926419 0.367112 -0.971603 -0.157553 0.176535 0.221385 -0.341943 0.913271 -0.00908086 1.44809 0.21138</i>
                        <i>-0.0910905 0.93904 0.331522 -0.972427 -0.155642 0.173668 0.21468 -0.306562 0.927325 -0.0101566 1.4744 0.218988</i>
                        <i>-0.0878542 0.957723 0.273948 -0.968366 -0.146592 0.201935 0.233556 -0.247541 0.940306 -0.00464132 1.51121 0.226468</i>
                        <i>-0.0903796 0.97375 0.208908 -0.960611 -0.140588 0.239712 0.262789 -0.179014 0.948101 0.00362044 1.55031 0.233703</i>
                        <i>-0.12659 0.974566 0.184923 -0.953318 -0.171049 0.24885 0.274151 -0.144788 0.950725 0.0128984 1.58234 0.244245</i>
                        <i>-0.195546 0.957447 0.212267 -0.945081 -0.241777 0.219922 0.261885 -0.157604 0.952144 0.0234567 1.59871 0.258686</i>
                        <i>-0.262577 0.929287 0.259768 -0.932945 -0.313225 0.17749 0.246305 -0.195745 0.94922 0.0312462 1.60003 0.274531</i>
                        <i>-0.296367 0.907469 0.297769 -0.924035 -0.351281 0.150866 0.241507 -0.230437 0.942642 0.0320303 1.59259 0.289334</i>
                        <i>-0.280418 0.910688 0.303337 -0.926416 -0.339486 0.162795 0.251234 -0.235366 0.938874 0.0247541 1.58035 0.301179</i>
                        <i>-0.232357 0.929852 0.285281 -0.934545 -0.294713 0.199423 0.269509 -0.220271 0.937468 0.0125371 1.56709 0.311148</i>
                        <i>-0.172302 0.950559 0.25836 -0.940423 -0.236784 0.244003 0.293115 -0.200926 0.934726 -0.00242031 1.55644 0.320601</i>
                        <i>-0.120759 0.963608 0.238489 -0.9408 -0.187748 0.282217 0.316722 -0.19029 0.929234 -0.0176873 1.55192 0.329986</i>
                        <i>-0.0975042 0.964871 0.243961 -0.937818 -0.171132 0.302012 0.333152 -0.199344 0.921559 -0.0308322 1.55673 0.340383</i>
                        <i>-0.107797 0.958865 0.262598 -0.934282 -0.187998 0.302943 0.339849 -0.212684 0.916115 -0.0437625 1.57952 0.351635</i>
                        <i>-0.138133 0.948703 0.284398 -0.930397 -0.222737 0.291119 0.339531 -0.22439 0.913437 -0.0558924 1.62456 0.361472</i>
                        <i>-0.174725 0.934941 0.3088 -0.926012 -0.26262 0.271168 0.334623 -0.238573 0.911653 -0.065077 1.68558 0.368494</i>
                        <i>-0.213498 0.91837 0.333191 -0.92203 -0.30215 0.242005 0.322923 -0.255544 0.911273 -0.0692538 1.76179 0.373416</i>
                        <i>-0.250273 0.900452 0.355738 -0.919308 -0.336277 0.204429 0.303705 -0.27587 0.911953 -0.0703278 1.8719 0.376533</i>
                        <i>-0.255872 0.888543 0.380816 -0.922168 -0.342544 0.179637 0.290061 -0.305213 0.907033 -0.0735654 1.9785 0.377613</i>
                        <i>-0.187059 0.891243 0.413153 -0.93946 -0.285217 0.189912 0.287096 -0.352616 0.890639 -0.0739192 2.06916 0.375359</i>
                        <i>-0.102093 0.879598 0.464633 -0.957378 -0.213742 0.194272 0.270193 -0.424995 0.86393 -0.0709816 2.16096 0.379042</i>
                        <i>-0.0714567 0.849818 0.52221 -0.967866 -0.185627 0.169642 0.241102 -0.493307 0.835774 -0.0686918 2.2347 0.376174</i>
                        <i>-0.0519288 0.809751 0.584471 -0.97426 -0.169638 0.148462 0.219366 -0.561718 0.797717 -0.0664028 2.25175 0.37014</i>
                        <i>-0.0334792 0.761246 0.647599 -0.977434 -0.16016 0.137735 0.208569 -0.628374 0.74943 -0.0630123 2.25125 0.367796</i>
                        <i>-0.00650725 0.7072 0.706983 -0.980413 -0.143684 0.134704 0.196845 -0.692259 0.694283 -0.0574469 2.25232 0.37689</i>
                        <i>0.0240987 0.641995 0.76633 -0.986164 -0.110493 0.123577 0.16401 -0.758705 0.63045 -0.0490151 2.27099 0.403249</i>
                        <i>0.036003 0.562736 0.825852 -0.993661 -0.0679054 0.0895895 0.106495 -0.823843 0.556725 -0.0369555 2.31794 0.440152</i>
                        <i>0.0283088 0.475853 0.879069 -0.998667 -0.0245144 0.0454301 0.0431679 -0.879183 0.474524 -0.0210064 2.38076 0.483553</i>
                        <i>-0.000570299 0.381776 0.924255 -0.999901 0.0127794 -0.00589567 -0.0140623 -0.924167 0.38173 -0.0056532 2.45028 0.53169</i>
                        <i>-0.0511733 0.28163 0.958158 -0.99712 0.0393593 -0.064823 -0.0559685 -0.958715 0.278805 0.00475932 2.52132 0.582179</i>
                        <i>-0.122013 0.177829 0.976468 -0.989496 0.0550555 -0.133667 -0.0775298 -0.98252 0.169243 0.00694565 2.59017 0.632118</i>
                        <i>-0.204755 0.0799353 0.975544 -0.976211 0.0559562 -0.20948 -0.0713325 -0.995228 0.0665764 -0.000390487 2.65468 0.677791</i>
                        <i>-0.286329 -0.0120959 0.958055 -0.957889 0.0261137 -0.285949 -0.0215596 -0.999586 -0.0190637 -0.0158364 2.70965 0.717759</i>
                        <i>-0.353384 -0.0991362 0.930211 -0.934912 0.00282756 -0.354868 0.03255 -0.99507 -0.0936828 -0.0349998 2.75153 0.75226</i>
                        <i>-0.404768 -0.147921 0.902376 -0.911671 -0.0111704 -0.410768 0.0708413 -0.988936 -0.130334 -0.0495554 2.78351 0.776136</i>
                        <i>-0.443777 -0.0479306 0.894855 -0.896136 0.0255824 -0.443042 -0.00165724 -0.998523 -0.0543052 -0.0500142 2.81672 0.776725</i>
                        <i>-0.480303 0.0073456 0.877072 -0.869391 0.12832 -0.477172 -0.116051 -0.991706 -0.0552463 -0.0589837 2.80791 0.784148</i>
                        <i>-0.501957 -0.00256708 0.864889 -0.843231 0.223852 -0.488724 -0.192353 -0.97462 -0.114529 -0.0827777 2.78695 0.801962</i>
                        <i>-0.474789 -0.0474118 0.878821 -0.85148 0.277322 -0.445056 -0.222615 -0.959607 -0.17204 -0.116965 2.78839 0.826548</i>
                        <i>-0.422295 -0.103713 0.900506 -0.877228 0.297004 -0.377172 -0.228336 -0.949227 -0.216403 -0.154472 2.82466 0.853051</i>
                        <i>-0.353108 -0.1527 0.923037 -0.910053 0.284961 -0.300999 -0.217067 -0.946298 -0.239587 -0.191096 2.88191 0.879099</i>
                        <i>-0.26537 -0.187102 0.945818 -0.947138 0.234037 -0.219443 -0.180298 -0.954054 -0.239318 -0.226195 2.95442 0.903851</i>
                        <i>-0.164032 -0.206575 0.964583 -0.980707 0.139556 -0.136886 -0.106336 -0.968427 -0.225481 -0.259139 3.03306 0.928175</i>
                        <i>-0.0575152 -0.207064 0.976635 -0.9983 0.0212104 -0.054294 -0.00947245 -0.978097 -0.207932 -0.288409 3.11038 0.952226</i>
                        <i>0.0447175 -0.189156 0.980928 -0.994813 -0.0982364 0.0264072 0.0913677 -0.977021 -0.192568 -0.312168 3.17879 0.976347</i>
                        <i>0.134059 -0.158197 0.978265 -0.975295 -0.195965 0.101962 0.175576 -0.967766 -0.180559 -0.328101 3.23067 1.00106</i>
                        <i>0.204144 -0.122866 0.9712 -0.953015 -0.251753 0.168473 0.223803 -0.959961 -0.168487 -0.333413 3.25841 1.02704</i>
                        <i>0.253677 -0.0757247 0.96432 -0.939406 -0.256927 0.226948 0.230574 -0.96346 -0.136313 -0.326998 3.27538 1.05062</i>
                        <i>0.290147 0.00302721 0.956977 -0.927383 -0.245893 0.281952 0.236168 -0.969292 -0.0685379 -0.316305 3.31663 1.06841</i>
                        <i>0.314335 0.0990188 0.944134 -0.917056 -0.225379 0.328957 0.245361 -0.969226 0.0199612 -0.303423 3.36888 1.08482</i>
                        <i>0.326457 0.194987 0.924882 -0.910066 -0.199504 0.363287 0.255354 -0.960301 0.112321 -0.28866 3.41782 1.105</i>
                        <i>0.327758 0.274376 0.904042 -0.907629 -0.174193 0.381926 0.262269 -0.945714 0.191939 -0.2719 3.4508 1.13475</i>
                        <i>0.319364 0.327139 0.889374 -0.91035 -0.15475 0.383818 0.263192 -0.932219 0.248389 -0.253378 3.45673 1.17841</i>
                        <i>0.284663 0.379413 0.880348 -0.923043 -0.139406 0.358549 0.258764 -0.914665 0.310531 -0.23496 3.39722 1.22846</i>
                        <i>0.228367 0.437367 0.869804 -0.941625 -0.127774 0.311473 0.247367 -0.890159 0.382657 -0.216497 3.28588 1.28245</i>
                        <i>0.167033 0.498819 0.850458 -0.959053 -0.117908 0.257518 0.228731 -0.858648 0.4587 -0.198063 3.19305 1.33939</i>
                        <i>0.108672 0.565838 0.817323 -0.973347 -0.106467 0.203125 0.201954 -0.817613 0.539187 -0.179235 3.18947 1.39859</i>
                        <i>0.0468576 0.654144 0.754918 -0.984993 -0.095418 0.143819 0.166111 -0.750328 0.639856 -0.157307 3.27774 1.4596</i>
                        <i>0.0409758 0.733693 0.678244 -0.990622 -0.0587197 0.123368 0.130341 -0.676939 0.724406 -0.149833 3.40877 1.51259</i>
                        <i>0.0653457 0.808849 0.584375 -0.990817 -0.0168764 0.134154 0.118372 -0.587775 0.800318 -0.140243 3.56565 1.57118</i>
                        <i>0.0916117 0.871612 0.48156 -0.98931 0.0245645 0.143745 0.11346 -0.489581 0.864545 -0.130734 3.73483 1.63526</i>
                        <i>0.116494 0.914741 0.386882 -0.986513 0.0614745 0.151699 0.114982 -0.399337 0.909565 -0.121748 3.90291 1.70467</i>
                        <i>0.129251 0.926794 0.35263 -0.984646 0.0778775 0.156226 0.117327 -0.367408 0.92263 -0.111656 4.05702 1.77891</i>
                        <i>0.132765 0.932268 0.336525 -0.984753 0.0855663 0.15146 0.112406 -0.351503 0.929414 -0.101489 4.18408 1.8566</i>
                        <i>0.130986 0.932246 0.337282 -0.986695 0.0895388 0.135707 0.0963121 -0.35057 0.931571 -0.0917194 4.25109 1.94418</i>
                        <i>0.129848 0.931776 0.339018 -0.988295 0.0940095 0.120149 0.0800805 -0.350651 0.933076 -0.0820495 4.26756 2.03767</i>
                        <i>0.130046 0.931127 0.340719 -0.98949 0.0999664 0.104479 0.0632227 -0.350726 0.934342 -0.0725269 4.28391 2.13143</i>
                        <i>0.13516 0.923761 0.358327 -0.989156 0.104828 0.102862 0.0574576 -0.368344 0.927912 -0.0656152 4.28323 2.13867</i>
                    </KeyFrames>
                </p>
            </i>
            <i>
                <p>
                    <Name><![CDATA[spine2]]></Name>
                    <Exclude>0</Exclude>
                    <Additive>0</Additive>
                    <IKPriority>0</IKPriority>
                    <IKRotLimits>-1e+010 -1e+010 -1e+010 1e+010 1e+010 1e+010</IKRotLimits>
                    <IKRotLimitOrder>0</IKRotLimitOrder>
                    <KeyFrames count="82">
                        <i>-0.188009 0.791047 0.582148 -0.977829 -0.0951068 -0.186563 -0.0922137 -0.604317 0.79139 -0.0861415 1.58524 0.0908821</i>
                        <i>-0.176961 0.783425 0.59576 -0.978134 -0.0727861 -0.194825 -0.109267 -0.61721 0.779175 -0.0717995 1.59179 0.106996</i>
                        <i>-0.16402 0.779418 0.604653 -0.978502 -0.0508621 -0.199868 -0.125027 -0.624436 0.771004 -0.0560839 1.59847 0.120124</i>
                        <i>-0.137214 0.792443 0.594312 -0.983863 -0.0394791 -0.174512 -0.114828 -0.608667 0.785072 -0.039302 1.60504 0.121388</i>
                        <i>-0.104236 0.796163 0.596037 -0.992615 -0.0458847 -0.112299 -0.0620591 -0.60334 0.795065 -0.0294864 1.60715 0.129496</i>
                        <i>-0.0799473 0.78652 0.612368 -0.996799 -0.0633422 -0.0487803 0.000421986 -0.614308 0.789066 -0.027409 1.60434 0.151015</i>
                        <i>-0.0729244 0.782956 0.617788 -0.996369 -0.0844877 -0.0105366 0.0439458 -0.616313 0.786274 -0.0311643 1.59922 0.172309</i>
                        <i>-0.0748994 0.782339 0.618334 -0.993851 -0.109274 0.0178711 0.081549 -0.613193 0.785712 -0.0397693 1.59208 0.193642</i>
                        <i>-0.0813099 0.784139 0.615235 -0.989995 -0.134964 0.0411774 0.115323 -0.605732 0.787267 -0.0506431 1.58381 0.214174</i>
                        <i>-0.0880002 0.788511 0.608693 -0.985392 -0.15835 0.0626689 0.145802 -0.594286 0.790927 -0.0610321 1.57563 0.232732</i>
                        <i>-0.090627 0.794122 0.600963 -0.980586 -0.176523 0.0853857 0.173891 -0.581558 0.794703 -0.0681343 1.56857 0.249513</i>
