<?xml version="1.0" encoding="ISO-8859-1" ?>
<Animl Version="1">
    <ModellingPackage><![CDATA[Maya.2010]]></ModellingPackage>
    <SrcFile><![CDATA[anims\characters\shared\base_soldier\~src\infantry\context_wall_climb_high.mb]]></SrcFile>
    <FramesPerSecond>30</FramesPerSecond>
    <TotalFrames>95</TotalFrames>
    <Skeleton>
        <RefFrame>
            <Name><![CDATA[soldier_ref_frame]]></Name>
            <Exclude>0</Exclude>
            <Additive>0</Additive>
            <IKPriority>0</IKPriority>
            <IKRotLimits>-1e+010 -1e+010 -1e+010 1e+010 1e+010 1e+010</IKRotLimits>
            <IKRotLimitOrder>0</IKRotLimitOrder>
            <KeyFrames count="95">
                <i>1 0 0 0 1 0 0 0 1 -0.0355924 -1.9152e-007 -0.199004</i>
                <i>1 0 0 0 1 0 0 0 1 -0.0464257 0.00700944 -0.124218</i>
                <i>1 0 0 0 1 0 0 0 1 -0.0572589 0.0140191 -0.0494315</i>
                <i>1 0 0 0 1 0 0 0 1 -0.0607149 0.0189605 0.0107203</i>
                <i>1 0 0 0 1 0 0 0 1 -0.0495261 0.022482 0.0515411</i>
                <i>1 0 0 0 1 0 0 0 1 -0.03096 0.0239353 0.0777273</i>
                <i>1 0 0 0 1 0 0 0 1 -0.0194416 0.0193073 0.0887338</i>
                <i>1 0 0 0 1 0 0 0 1 -0.0181867 0.0101541 0.0866279</i>
                <i>1 0 0 0 1 0 0 0 1 -0.0199944 7.5875e-005 0.0765906</i>
                <i>1 0 0 0 1 0 0 0 1 -0.0236647 -0.0118738 0.0627469</i>
                <i>1 0 0 0 1 0 0 0 1 -0.0279977 -0.0266413 0.0492217</i>
                <i>1 0 0 0 1 0 0 0 1 -0.0317934 -0.0451733 0.0401397</i>
                <i>1 0 0 0 1 0 0 0 1 -0.033993 -0.0710236 0.0404245</i>
                <i>1 0 0 0 1 0 0 0 1 -0.0351103 -0.119187 0.0566692</i>
                <i>1 0 0 0 1 0 0 0 1 -0.0354401 -0.167497 0.0806454</i>
                <i>1 0 0 0 1 0 0 0 1 -0.035206 -0.193072 0.102747</i>
                <i>1 0 0 0 1 0 0 0 1 -0.0345163 -0.203715 0.125463</i>
                <i>1 0 0 0 1 0 0 0 1 -0.0311142 -0.165522 0.153209</i>
                <i>1 0 0 0 1 0 0 0 1 -0.0235149 -0.0486863 0.195037</i>
                <i>1 0 0 0 1 0 0 0 1 -0.0137386 0.106853 0.240788</i>
                <i>1 0 0 0 1 0 0 0 1 -0.00450785 0.23786 0.265344</i>
                <i>1 0 0 0 1 0 0 0 1 0.00505564 0.331513 0.256281</i>
                <i>1 0 0 0 1 0 0 0 1 0.0154232 0.413293 0.229502</i>
                <i>1 0 0 0 1 0 0 0 1 0.023262 0.47742 0.20239</i>
                <i>1 0 0 0 1 0 0 0 1 0.0252394 0.518114 0.192326</i>
                <i>1 0 0 0 1 0 0 0 1 0.0200598 0.528898 0.205466</i>
                <i>1 0 0 0 1 0 0 0 1 0.0102449 0.516533 0.231091</i>
                <i>1 0 0 0 1 0 0 0 1 -0.00181291 0.495097 0.261279</i>
                <i>1 0 0 0 1 0 0 0 1 -0.0137209 0.478666 0.288104</i>
                <i>1 0 0 0 1 0 0 0 1 -0.0230865 0.481317 0.303642</i>
                <i>1 0 0 0 1 0 0 0 1 -0.0307609 0.502477 0.307349</i>
                <i>1 0 0 0 1 0 0 0 1 -0.0390232 0.531198 0.305238</i>
                <i>1 0 0 0 1 0 0 0 1 -0.0476226 0.565995 0.299222</i>
                <i>1 0 0 0 1 0 0 0 1 -0.0563082 0.605385 0.291216</i>
                <i>1 0 0 0 1 0 0 0 1 -0.0648294 0.647884 0.283131</i>
                <i>1 0 0 0 1 0 0 0 1 -0.0729353 0.692008 0.276882</i>
                <i>1 0 0 0 1 0 0 0 1 -0.0803753 0.74143 0.274135</i>
                <i>1 0 0 0 1 0 0 0 1 -0.0868984 0.811114 0.27412</i>
                <i>1 0 0 0 1 0 0 0 1 -0.0922541 0.885507 0.274966</i>
                <i>1 0 0 0 1 0 0 0 1 -0.0961914 0.945582 0.274826</i>
                <i>1 0 0 0 1 0 0 0 1 -0.0984596 0.97231 0.271854</i>
                <i>1 0 0 0 1 0 0 0 1 -0.0988079 0.974101 0.260427</i>
                <i>1 0 0 0 1 0 0 0 1 -0.0953916 0.980367 0.241984</i>
                <i>1 0 0 0 1 0 0 0 1 -0.0873747 0.992493 0.22788</i>
                <i>1 0 0 0 1 0 0 0 1 -0.0760197 1.01173 0.229501</i>
                <i>1 0 0 0 1 0 0 0 1 -0.0625891 1.04811 0.243091</i>
                <i>1 0 0 0 1 0 0 0 1 -0.0483453 1.10578 0.25729</i>
                <i>1 0 0 0 1 0 0 0 1 -0.0345508 1.1772 0.272082</i>
                <i>1 0 0 0 1 0 0 0 1 -0.0224681 1.25479 0.28745</i>
                <i>1 0 0 0 1 0 0 0 1 -0.0133596 1.331 0.303378</i>
                <i>1 0 0 0 1 0 0 0 1 -0.00848781 1.39825 0.319849</i>
                <i>1 0 0 0 1 0 0 0 1 -0.00731534 1.44588 0.336848</i>
                <i>1 0 0 0 1 0 0 0 1 -0.008311 1.45995 0.354358</i>
                <i>1 0 0 0 1 0 0 0 1 -0.0112466 1.46663 0.372362</i>
                <i>1 0 0 0 1 0 0 0 1 -0.015894 1.50073 0.390844</i>
                <i>1 0 0 0 1 0 0 0 1 -0.022025 1.56776 0.409788</i>
                <i>1 0 0 0 1 0 0 0 1 -0.0294113 1.65556 0.429177</i>
                <i>1 0 0 0 1 0 0 0 1 -0.0378249 1.75196 0.448996</i>
                <i>1 0 0 0 1 0 0 0 1 -0.0470376 1.84481 0.469227</i>
                <i>1 0 0 0 1 0 0 0 1 -0.0568211 1.92193 0.489855</i>
                <i>1 0 0 0 1 0 0 0 1 -0.071545 1.977 0.510862</i>
                <i>1 0 0 0 1 0 0 0 1 -0.0928899 2.01835 0.532234</i>
                <i>1 0 0 0 1 0 0 0 1 -0.116594 2.05393 0.553952</i>
                <i>1 0 0 0 1 0 0 0 1 -0.138395 2.09167 0.576001</i>
                <i>1 0 0 0 1 0 0 0 1 -0.15934 2.13162 0.602993</i>
                <i>1 0 0 0 1 0 0 0 1 -0.182698 2.17592 0.637623</i>
                <i>1 0 0 0 1 0 0 0 1 -0.20754 2.22096 0.677004</i>
                <i>1 0 0 0 1 0 0 0 1 -0.232937 2.26513 0.718248</i>
                <i>1 0 0 0 1 0 0 0 1 -0.257961 2.30682 0.758469</i>
                <i>1 0 0 0 1 0 0 0 1 -0.281683 2.35147 0.794779</i>
                <i>1 0 0 0 1 0 0 0 1 -0.303174 2.4002 0.824289</i>
                <i>1 0 0 0 1 0 0 0 1 -0.321506 2.44498 0.844113</i>
                <i>1 0 0 0 1 0 0 0 1 -0.33575 2.47774 0.851362</i>
                <i>1 0 0 0 1 0 0 0 1 -0.344978 2.49045 0.855622</i>
                <i>1 0 0 0 1 0 0 0 1 -0.34826 2.50159 0.867651</i>
                <i>1 0 0 0 1 0 0 0 1 -0.344849 2.52965 0.886325</i>
                <i>1 0 0 0 1 0 0 0 1 -0.335797 2.56658 0.910519</i>
                <i>1 0 0 0 1 0 0 0 1 -0.322876 2.60431 0.939109</i>
                <i>1 0 0 0 1 0 0 0 1 -0.307857 2.6348 0.970969</i>
                <i>1 0 0 0 1 0 0 0 1 -0.292511 2.64998 1.00498</i>
                <i>1 0 0 0 1 0 0 0 1 -0.27613 2.64202 1.04</i>
                <i>1 0 0 0 1 0 0 0 1 -0.257534 2.61606 1.07493</i>
                <i>1 0 0 0 1 0 0 0 1 -0.237784 2.58344 1.10933</i>
                <i>1 0 0 0 1 0 0 0 1 -0.217943 2.55554 1.14971</i>
                <i>1 0 0 0 1 0 0 0 1 -0.199074 2.54372 1.20528</i>
                <i>1 0 0 0 1 0 0 0 1 -0.182384 2.53887 1.2853</i>
                <i>1 0 0 0 1 0 0 0 1 -0.170016 2.58761 1.39898</i>
                <i>1 0 0 0 1 0 0 0 1 -0.170016 2.70707 1.55733</i>
                <i>1 0 0 0 1 0 0 0 1 -0.170016 2.84563 1.7542</i>
                <i>1 0 0 0 1 0 0 0 1 -0.170574 2.99517 1.97305</i>
                <i>1 0 0 0 1 0 0 0 1 -0.162864 3.14644 2.1979</i>
                <i>1 0 0 0 1 0 0 0 1 -0.153375 3.29219 2.41238</i>
                <i>1 0 0 0 1 0 0 0 1 -0.153375 3.29219 2.41238</i>
                <i>1 0 0 0 1 0 0 0 1 -0.153375 3.29219 2.41238</i>
                <i>1 0 0 0 1 0 0 0 1 -0.153375 3.29219 2.41238</i>
            </KeyFrames>
        </RefFrame>
        <Bones count="23">
            <i>
                <p>
                    <Name><![CDATA[pelvis]]></Name>
                    <Exclude>0</Exclude>
                    <Additive>0</Additive>
                    <IKPriority>0</IKPriority>
                    <IKRotLimits>-1e+010 -1e+010 -1e+010 1e+010 1e+010 1e+010</IKRotLimits>
                    <IKRotLimitOrder>2</IKRotLimitOrder>
                    <KeyFrames count="95">
                        <i>1 0 0 0 1 0 0 0 1 -0.0355924 1.14034 -0.199004</i>
                        <i>1 0 0 0 1 0 0 0 1 -0.0464257 1.14735 -0.124218</i>
                        <i>1 0 0 0 1 0 0 0 1 -0.0572589 1.15436 -0.0494315</i>
                        <i>1 0 0 0 1 0 0 0 1 -0.0607149 1.1593 0.0107203</i>
                        <i>1 0 0 0 1 0 0 0 1 -0.0495261 1.16282 0.0515411</i>
                        <i>1 0 0 0 1 0 0 0 1 -0.03096 1.16428 0.0777273</i>
                        <i>1 0 0 0 1 0 0 0 1 -0.0194416 1.15965 0.0887338</i>
                        <i>1 0 0 0 1 0 0 0 1 -0.0181867 1.15049 0.0866279</i>
                        <i>1 0 0 0 1 0 0 0 1 -0.0199944 1.14042 0.0765906</i>
                        <i>1 0 0 0 1 0 0 0 1 -0.0236647 1.12847 0.0627469</i>
                        <i>1 0 0 0 1 0 0 0 1 -0.0279977 1.1137 0.0492217</i>
                        <i>1 0 0 0 1 0 0 0 1 -0.0317934 1.09517 0.0401397</i>
                        <i>1 0 0 0 1 0 0 0 1 -0.033993 1.06932 0.0404245</i>
                        <i>1 0 0 0 1 0 0 0 1 -0.0351103 1.02115 0.0566692</i>
                        <i>1 0 0 0 1 0 0 0 1 -0.0354401 0.972843 0.0806454</i>
                        <i>1 0 0 0 1 0 0 0 1 -0.035206 0.947268 0.102747</i>
                        <i>1 0 0 0 1 0 0 0 1 -0.0345163 0.936625 0.125463</i>
                        <i>1 0 0 0 1 0 0 0 1 -0.0311142 0.974818 0.153209</i>
                        <i>1 0 0 0 1 0 0 0 1 -0.0235149 1.09165 0.195037</i>
                        <i>1 0 0 0 1 0 0 0 1 -0.0137386 1.24719 0.240788</i>
                        <i>1 0 0 0 1 0 0 0 1 -0.00450785 1.3782 0.265344</i>
                        <i>1 0 0 0 1 0 0 0 1 0.00505564 1.47185 0.256281</i>
                        <i>1 0 0 0 1 0 0 0 1 0.0154232 1.55363 0.229502</i>
                        <i>1 0 0 0 1 0 0 0 1 0.023262 1.61776 0.20239</i>
                        <i>1 0 0 0 1 0 0 0 1 0.0252394 1.65845 0.192326</i>
                        <i>1 0 0 0 1 0 0 0 1 0.0200598 1.66924 0.205466</i>
                        <i>1 0 0 0 1 0 0 0 1 0.0102449 1.65687 0.231091</i>
                        <i>1 0 0 0 1 0 0 0 1 -0.00181291 1.63544 0.261279</i>
                        <i>1 0 0 0 1 0 0 0 1 -0.0137209 1.61901 0.288104</i>
                        <i>1 0 0 0 1 0 0 0 1 -0.0230865 1.62166 0.303642</i>
                        <i>1 0 0 0 1 0 0 0 1 -0.0307609 1.64282 0.307349</i>
                        <i>1 0 0 0 1 0 0 0 1 -0.0390232 1.67154 0.305238</i>
                        <i>1 0 0 0 1 0 0 0 1 -0.0476226 1.70634 0.299222</i>
                        <i>1 0 0 0 1 0 0 0 1 -0.0563082 1.74573 0.291216</i>
                        <i>1 0 0 0 1 0 0 0 1 -0.0648294 1.78822 0.283131</i>
                        <i>1 0 0 0 1 0 0 0 1 -0.0729353 1.83235 0.276882</i>
                        <i>1 0 0 0 1 0 0 0 1 -0.0803753 1.88177 0.274135</i>
                        <i>1 0 0 0 1 0 0 0 1 -0.0868984 1.95145 0.27412</i>
                        <i>1 0 0 0 1 0 0 0 1 -0.0922541 2.02585 0.274966</i>
                        <i>1 0 0 0 1 0 0 0 1 -0.0961914 2.08592 0.274826</i>
                        <i>1 0 0 0 1 0 0 0 1 -0.0984596 2.11265 0.271854</i>
                        <i>1 0 0 0 1 0 0 0 1 -0.0988079 2.11444 0.260427</i>
                        <i>1 0 0 0 1 0 0 0 1 -0.0953916 2.12071 0.241984</i>
                        <i>1 0 0 0 1 0 0 0 1 -0.0873747 2.13283 0.22788</i>
                        <i>1 0 0 0 1 0 0 0 1 -0.0760197 2.15207 0.229501</i>
                        <i>1 0 0 0 1 0 0 0 1 -0.0625891 2.18845 0.243091</i>
                        <i>1 0 0 0 1 0 0 0 1 -0.0483453 2.24612 0.25729</i>
                        <i>1 0 0 0 1 0 0 0 1 -0.0345508 2.31754 0.272082</i>
                        <i>1 0 0 0 1 0 0 0 1 -0.0224681 2.39513 0.28745</i>
                        <i>1 0 0 0 1 0 0 0 1 -0.0133596 2.47134 0.303378</i>
                        <i>1 0 0 0 1 0 0 0 1 -0.00848781 2.53859 0.319849</i>
                        <i>1 0 0 0 1 0 0 0 1 -0.00731534 2.58622 0.336848</i>
                        <i>1 0 0 0 1 0 0 0 1 -0.008311 2.60029 0.354358</i>
                        <i>1 0 0 0 1 0 0 0 1 -0.0112466 2.60697 0.372362</i>
                        <i>1 0 0 0 1 0 0 0 1 -0.015894 2.64107 0.390844</i>
                        <i>1 0 0 0 1 0 0 0 1 -0.022025 2.7081 0.409788</i>
                        <i>1 0 0 0 1 0 0 0 1 -0.0294113 2.7959 0.429177</i>
                        <i>1 0 0 0 1 0 0 0 1 -0.0378249 2.8923 0.448996</i>
                        <i>1 0 0 0 1 0 0 0 1 -0.0470376 2.98515 0.469227</i>
                        <i>1 0 0 0 1 0 0 0 1 -0.0568211 3.06227 0.489855</i>
                        <i>1 0 0 0 1 0 0 0 1 -0.071545 3.11734 0.510862</i>
                        <i>1 0 0 0 1 0 0 0 1 -0.0928899 3.15869 0.532234</i>
                        <i>1 0 0 0 1 0 0 0 1 -0.116594 3.19427 0.553952</i>
                        <i>1 0 0 0 1 0 0 0 1 -0.138395 3.23201 0.576001</i>
                        <i>1 0 0 0 1 0 0 0 1 -0.15934 3.27196 0.602993</i>
                        <i>1 0 0 0 1 0 0 0 1 -0.182698 3.31626 0.637623</i>
                        <i>1 0 0 0 1 0 0 0 1 -0.20754 3.3613 0.677004</i>
                        <i>1 0 0 0 1 0 0 0 1 -0.232937 3.40547 0.718248</i>
                        <i>1 0 0 0 1 0 0 0 1 -0.257961 3.44716 0.758469</i>
                        <i>1 0 0 0 1 0 0 0 1 -0.281683 3.49181 0.794779</i>
                        <i>1 0 0 0 1 0 0 0 1 -0.303174 3.54054 0.824289</i>
                        <i>1 0 0 0 1 0 0 0 1 -0.321506 3.58532 0.844113</i>
                        <i>1 0 0 0 1 0 0 0 1 -0.33575 3.61808 0.851362</i>
                        <i>1 0 0 0 1 0 0 0 1 -0.344978 3.63079 0.855622</i>
                        <i>1 0 0 0 1 0 0 0 1 -0.34826 3.64193 0.867651</i>
                        <i>1 0 0 0 1 0 0 0 1 -0.344849 3.66999 0.886325</i>
                        <i>1 0 0 0 1 0 0 0 1 -0.335797 3.70692 0.910519</i>
                        <i>1 0 0 0 1 0 0 0 1 -0.322876 3.74465 0.939109</i>
                        <i>1 0 0 0 1 0 0 0 1 -0.307857 3.77514 0.970969</i>
                        <i>1 0 0 0 1 0 0 0 1 -0.292511 3.79032 1.00498</i>
                        <i>1 0 0 0 1 0 0 0 1 -0.27613 3.78237 1.04</i>
                        <i>1 0 0 0 1 0 0 0 1 -0.257534 3.7564 1.07493</i>
                        <i>1 0 0 0 1 0 0 0 1 -0.237784 3.72378 1.10933</i>
                        <i>1 0 0 0 1 0 0 0 1 -0.217943 3.69588 1.14971</i>
                        <i>1 0 0 0 1 0 0 0 1 -0.199074 3.68406 1.20528</i>
                        <i>1 0 0 0 1 0 0 0 1 -0.182384 3.67921 1.2853</i>
                        <i>1 0 0 0 1 0 0 0 1 -0.170016 3.72795 1.39898</i>
                        <i>1 0 0 0 1 0 0 0 1 -0.170016 3.84741 1.55733</i>
                        <i>1 0 0 0 1 0 0 0 1 -0.170016 3.98597 1.7542</i>
                        <i>1 0 0 0 1 0 0 0 1 -0.170574 4.13551 1.97305</i>
                        <i>1 0 0 0 1 0 0 0 1 -0.162864 4.28678 2.1979</i>
                        <i>1 0 0 0 1 0 0 0 1 -0.153375 4.43253 2.41238</i>
                        <i>1 0 0 0 1 0 0 0 1 -0.153375 4.43253 2.41238</i>
                        <i>1 0 0 0 1 0 0 0 1 -0.153375 4.43253 2.41238</i>
                        <i>1 0 0 0 1 0 0 0 1 -0.153375 4.43253 2.41238</i>
                    </KeyFrames>
                </p>
            </i>
            <i>
                <p>
                    <Name><![CDATA[spine0]]></Name>
                    <Exclude>0</Exclude>
                    <Additive>0</Additive>
                    <IKPriority>0</IKPriority>
                    <IKRotLimits>-1e+010 -1e+010 -1e+010 1e+010 1e+010 1e+010</IKRotLimits>
                    <IKRotLimitOrder>0</IKRotLimitOrder>
                    <KeyFrames count="95">
                        <i>-0.0574074 0.994712 0.0851644 -0.79156 0.00663378 -0.611055 -0.608388 -0.102492 0.786994 -0.0169612 1.27599 -0.24565</i>
                        <i>-0.0740448 0.987869 0.136499 -0.849482 0.00922063 -0.527537 -0.522396 -0.155015 0.838494 -0.0313333 1.28415 -0.163001</i>
                        <i>-0.0806112 0.977239 0.196227 -0.897691 0.0143796 -0.44039 -0.433188 -0.211651 0.8761 -0.0438989 1.29193 -0.0789738</i>
                        <i>-0.0718948 0.968304 0.239203 -0.932994 0.0195016 -0.359364 -0.352639 -0.249011 0.90202 -0.0468193 1.29707 -0.0126129</i>
                        <i>-0.0481088 0.969088 0.241981 -0.958947 0.0229727 -0.282652 -0.279474 -0.245645 0.928199 -0.0334849 1.30047 0.0265585</i>
                        <i>-0.0236925 0.975354 0.219369 -0.976809 0.0241226 -0.212751 -0.2128 -0.219322 0.952163 -0.0133525 1.30159 0.0467732</i>
                        <i>-0.0132229 0.978547 0.205599 -0.985824 0.0216371 -0.166384 -0.167263 -0.204884 0.964389 -0.00195091 1.29683 0.0556898</i>
                        <i>-0.0165573 0.977229 0.211541 -0.989602 0.0142157 -0.143126 -0.142874 -0.211711 0.966833 -0.00192278 1.28797 0.0574043</i>
                        <i>-0.0259884 0.974668 0.222144 -0.991552 0.00311617 -0.129673 -0.127081 -0.223637 0.966352 -0.00543845 1.27816 0.0530089</i>
                        <i>-0.0380768 0.971068 0.23575 -0.992292 -0.00890231 -0.123599 -0.117925 -0.238639 0.963922 -0.010884 1.26628 0.045877</i>
                        <i>-0.0494296 0.966826 0.250606 -0.992316 -0.019044 -0.122254 -0.113426 -0.254723 0.960339 -0.0166636 1.2513 0.0393771</i>
                        <i>-0.0565413 0.962591 0.264995 -0.992136 -0.0244863 -0.122743 -0.111663 -0.269852 0.956406 -0.0211484 1.2323 0.0368827</i>
                        <i>-0.0541576 0.958916 0.278473 -0.992132 -0.0201491 -0.123568 -0.11288 -0.282974 0.952462 -0.0225391 1.20584 0.0427555</i>
                        <i>-0.0325199 0.954599 0.296114 -0.990979 0.00774399 -0.133796 -0.130015 -0.297794 0.945735 -0.0197866 1.15686 0.0641698</i>
                        <i>-0.00774703 0.951527 0.307469 -0.988429 0.0392932 -0.146506 -0.151486 -0.305046 0.940212 -0.015872 1.10775 0.0916973</i>
                        <i>0.0022589 0.953497 0.301393 -0.986989 0.0505809 -0.152622 -0.160769 -0.297127 0.941206 -0.0138005 1.08198 0.114157</i>
                        <i>-0.000627431 0.96027 0.279071 -0.987155 0.04399 -0.153587 -0.159761 -0.275583 0.947908 -0.0131874 1.07188 0.133625</i>
                        <i>-0.00406476 0.973337 0.229343 -0.988085 0.0313768 -0.150677 -0.153855 -0.227222 0.961612 -0.0113732 1.11097 0.155642</i>
                        <i>-0.00217492 0.992285 0.123961 -0.989306 0.0159432 -0.144979 -0.145837 -0.122951 0.981639 -0.00756784 1.22886 0.188905</i>
                        <i>-0.00365988 0.999973 -0.00633036 -0.990304 -0.00450347 -0.138847 -0.138872 0.00576082 0.990294 -0.00294954 1.38504 0.224523</i>
                        <i>-0.0123328 0.996746 -0.0796551 -0.990957 -0.022828 -0.132226 -0.133614 0.077304 0.988014 0.00223762 1.51606 0.241083</i>
                        <i>-0.0294145 0.997901 -0.0576868 -0.991746 -0.0363414 -0.122963 -0.124802 0.0535937 0.990733 0.00977066 1.60952 0.22705</i>
                        <i>-0.0525788 0.998573 0.00938874 -0.992397 -0.0512013 -0.111925 -0.111284 -0.0152022 0.993672 0.0191787 1.69106 0.196534</i>
                        <i>-0.074523 0.994009 0.0799542 -0.992645 -0.066272 -0.101308 -0.0954019 -0.0869159 0.991637 0.0268684 1.75496 0.16658</i>
                        <i>-0.0857694 0.989685 0.114744 -0.992799 -0.0752313 -0.0932202 -0.0836263 -0.121914 0.989012 0.0292734 1.79545 0.154228</i>
                        <i>-0.0827416 0.991152 0.103786 -0.993315 -0.0736115 -0.0889169 -0.0804903 -0.110449 0.990617 0.0250843 1.80609 0.165771</i>
                        <i>-0.0717749 0.994841 0.0716919 -0.99405 -0.065443 -0.0870724 -0.0819315 -0.0775149 0.993619 0.0168327 1.79365 0.19059</i>
                        <i>-0.0580746 0.997904 0.0285444 -0.994752 -0.0554314 -0.0859941 -0.0842316 -0.0333887 0.995887 0.00670942 1.77217 0.220365</i>
                        <i>-0.0463263 0.998797 -0.016075 -0.995336 -0.047517 -0.0839591 -0.0846219 0.0121105 0.99634 -0.00310278 1.75566 0.24676</i>
                        <i>-0.0401939 0.997798 -0.0527593 -0.995871 -0.0443058 -0.0792323 -0.0813954 0.0493568 0.995459 -0.0104261 1.75816 0.261422</i>
                        <i>-0.0396327 0.995714 -0.083562 -0.996436 -0.0456159 -0.0709531 -0.0744608 0.0804521 0.993973 -0.0163486 1.77906 0.263519</i>
                        <i>-0.0419765 0.992397 -0.115695 -0.99697 -0.0491951 -0.0602596 -0.0654931 0.112815 0.991455 -0.0231698 1.80744 0.259268</i>
                        <i>-0.0461144 0.988038 -0.147153 -0.997382 -0.0537552 -0.0483747 -0.0557063 0.144537 0.98793 -0.0305279 1.84182 0.250892</i>
                        <i>-0.0508456 0.98309 -0.175924 -0.997641 -0.0581318 -0.0365113 -0.0461207 0.173652 0.983727 -0.038042 1.88079 0.24063</i>
                        <i>-0.0548977 0.978251 -0.200028 -0.997785 -0.0612838 -0.0258705 -0.0375663 0.198165 0.979449 -0.0453109 1.92289 0.230729</i>
                        <i>-0.0569696 0.974385 -0.217551 -0.997903 -0.0622829 -0.017639 -0.0307369 0.21609 0.97589 -0.0519178 1.96673 0.22345</i>
                        <i>-0.0559142 0.972653 -0.225433 -0.998086 -0.0604268 -0.013162 -0.0264243 0.224266 0.97417 -0.057299 2.01605 0.22107</i>
                        <i>-0.0520057 0.974321 -0.219075 -0.998328 -0.0562665 -0.0132508 -0.0252371 0.21802 0.975618 -0.0608039 2.08591 0.223675</i>
                        <i>-0.0463242 0.978212 -0.202374 -0.998577 -0.0507082 -0.0165296 -0.0264315 0.20132 0.979169 -0.0629325 2.16053 0.228287</i>
                        <i>-0.0399832 0.982851 -0.180015 -0.998783 -0.0445174 -0.0212173 -0.0288672 0.178947 0.983435 -0.0642968 2.22077 0.231732</i>
                        <i>-0.0340544 0.987055 -0.156725 -0.998942 -0.0384682 -0.025215 -0.0309175 0.1557 0.98732 -0.0654755 2.2476 0.230818</i>
                        <i>-0.0319072 0.990928 -0.130551 -0.998914 -0.0360506 -0.0294985 -0.0339373 0.129468 0.991003 -0.0669943 2.24952 0.219136</i>
                        <i>-0.0345576 0.994582 -0.0980435 -0.998625 -0.0382342 -0.0358707 -0.0394249 0.0966691 0.994535 -0.0678837 2.25608 0.198819</i>
                        <i>-0.039974 0.997127 -0.0643441 -0.998213 -0.0427146 -0.0417964 -0.0444247 0.0625583 0.997052 -0.0669353 2.26848 0.181983</i>
                        <i>-0.044996 0.998414 -0.0338329 -0.997949 -0.0464668 -0.0440217 -0.045524 0.0317827 0.998458 -0.0635021 2.2877 0.180893</i>
                        <i>-0.0528468 0.99856 -0.00925051 -0.997884 -0.0531579 -0.0374437 -0.0378815 0.00725215 0.999256 -0.0586003 2.32365 0.191686</i>
                        <i>-0.0655802 0.997779 0.0116791 -0.997597 -0.0652972 -0.0231583 -0.0223443 -0.0131698 0.999664 -0.0536195 2.38036 0.202781</i>
                        <i>-0.0773556 0.996464 0.0327841 -0.996993 -0.0771632 -0.00709653 -0.00454171 -0.0332345 0.999437 -0.0484421 2.45042 0.2148</i>
                        <i>-0.0826643 0.994919 0.0574721 -0.996534 -0.08306 0.00452717 0.0092778 -0.0568987 0.998337 -0.0428784 2.52667 0.228073</i>
                        <i>-0.076571 0.993104 0.0887808 -0.996991 -0.077343 0.005283 0.0121131 -0.0881091 0.996037 -0.036704 2.6021 0.242688</i>
                        <i>-0.0552808 0.990006 0.129739 -0.998462 -0.0542742 -0.011285 -0.00413081 -0.130163 0.991484 -0.0296944 2.6696 0.258676</i>
                        <i>-0.0186685 0.983053 0.182369 -0.998977 -0.0108264 -0.0439029 -0.0411845 -0.183002 0.98225 -0.0211991 2.71833 0.276006</i>
                        <i>0.0259327 0.969173 0.245011 -0.995199 0.0481679 -0.0851998 -0.094375 -0.241625 0.965769 -0.0112002 2.73361 0.294647</i>
                        <i>0.0698053 0.946622 0.314697 -0.984338 0.116556 -0.132262 -0.161882 -0.300536 0.939932 -0.000498315 2.74101 0.314771</i>
                        <i>0.10516 0.916071 0.386983 -0.965138 0.187808 -0.182312 -0.239689 -0.35432 0.903884 0.0100347 2.77484 0.33645</i>
                        <i>0.126448 0.880987 0.455931 -0.938365 0.255281 -0.233028 -0.321685 -0.398364 0.858968 0.0195072 2.84035 0.359585</i>
                        <i>0.131505 0.847167 0.514795 -0.906802 0.312616 -0.28281 -0.400521 -0.429626 0.809323 0.0270963 2.92543 0.383873</i>
                        <i>0.133853 0.827182 0.54576 -0.87282 0.359215 -0.330377 -0.469327 -0.432128 0.770063 0.0321396 3.01823 0.40882</i>
                        <i>0.142291 0.821509 0.552157 -0.838135 0.396758 -0.374316 -0.526576 -0.40952 0.74499 0.0341953 3.1071 0.433791</i>
                        <i>0.144036 0.815891 0.559978 -0.804955 0.425746 -0.413266 -0.575588 -0.391232 0.718078 0.0330434 3.18051 0.458065</i>
                        <i>0.129168 0.802166 0.582962 -0.774653 0.448636 -0.445689 -0.619054 -0.394024 0.67935 0.024436 3.23256 0.481291</i>
                        <i>0.110524 0.786791 0.607243 -0.746823 0.468885 -0.471595 -0.655774 -0.40138 0.639417 0.00723005 3.27166 0.503832</i>
                        <i>0.0930457 0.774604 0.625564 -0.723066 0.484497 -0.49238 -0.684484 -0.40651 0.60517 -0.0141053 3.30588 0.526102</i>
                        <i>0.0649098 0.762102 0.644195 -0.706185 0.49119 -0.509936 -0.705046 -0.421821 0.570068 -0.0351865 3.34321 0.548592</i>
                        <i>0.049503 0.743569 0.666824 -0.710094 0.495706 -0.500042 -0.702364 -0.448755 0.552543 -0.0596307 3.38524 0.576427</i>
                        <i>0.0584706 0.708116 0.703671 -0.74956 0.496698 -0.437552 -0.659349 -0.501859 0.559817 -0.0938783 3.4354 0.614104</i>
                        <i>0.0786798 0.665597 0.742153 -0.79427 0.491748 -0.356818 -0.602449 -0.561395 0.567354 -0.130022 3.48551 0.657553</i>
                        <i>0.110793 0.620502 0.776339 -0.836661 0.479835 -0.264115 -0.536398 -0.620271 0.572312 -0.16632 3.53365 0.703456</i>
                        <i>0.154534 0.577473 0.801651 -0.871567 0.461803 -0.16465 -0.465286 -0.673248 0.57467 -0.201953 3.57834 0.748791</i>
                        <i>0.206487 0.540548 0.81558 -0.895767 0.439791 -0.064695 -0.393656 -0.717211 0.575017 -0.235423 3.62498 0.790209</i>
                        <i>0.261447 0.512541 0.817892 -0.908409 0.417075 0.029017 -0.326249 -0.750567 0.57464 -0.265423 3.67488 0.824348</i>
                        <i>0.313511 0.494567 0.810626 -0.911049 0.397378 0.109908 -0.267768 -0.772978 0.575158 -0.290837 3.72024 0.847899</i>
                        <i>0.35708 0.486149 0.797592 -0.907121 0.384127 0.171983 -0.222768 -0.784924 0.57816 -0.310694 3.75329 0.857629</i>
                        <i>0.387524 0.485821 0.783456 -0.900835 0.380038 0.209922 -0.195759 -0.787114 0.584919 -0.324064 3.76621 0.862834</i>
                        <i>0.40136 0.492057 0.772522 -0.895697 0.387123 0.218777 -0.19141 -0.779754 0.59611 -0.329932 3.77766 0.873977</i>
                        <i>0.397469 0.51853 0.757063 -0.896111 0.396909 0.198618 -0.197495 -0.757357 0.622419 -0.329095 3.80647 0.887861</i>
                        <i>0.380351 0.570281 0.728089 -0.902715 0.4001 0.158194 -0.201093 -0.717426 0.666979 -0.323697 3.84437 0.902774</i>
                        <i>0.356021 0.633331 0.687125 -0.911526 0.397329 0.106067 -0.205839 -0.664094 0.718755 -0.314577 3.88257 0.919517</i>
                        <i>0.330535 0.695102 0.63842 -0.919307 0.390209 0.0511072 -0.213593 -0.603797 0.767989 -0.302812 3.91265 0.939058</i>
                        <i>0.309172 0.74583 0.590042 -0.924311 0.381634 0.00192673 -0.223743 -0.545979 0.80737 -0.289896 3.9268 0.962475</i>
                        <i>0.286891 0.777852 0.559142 -0.928777 0.368832 -0.0365539 -0.234663 -0.508832 0.828265 -0.273817 3.91822 0.992885</i>
                        <i>0.261481 0.80358 0.534685 -0.939796 0.338241 -0.0487484 -0.220026 -0.489748 0.843644 -0.251732 3.89269 1.0305</i>
                        <i>0.237123 0.827771 0.508496 -0.949342 0.308545 -0.0595762 -0.20621 -0.46861 0.859001 -0.228153 3.86052 1.06858</i>
                        <i>0.21427 0.850329 0.480656 -0.957246 0.280709 -0.0698753 -0.194341 -0.445134 0.874121 -0.204171 3.83298 1.11355</i>
                        <i>0.193484 0.871086 0.451413 -0.963416 0.255664 -0.0804118 -0.185455 -0.41934 0.888685 -0.180871 3.82135 1.17459</i>
                        <i>0.174468 0.891179 0.418761 -0.969257 0.23037 -0.0864372 -0.173501 -0.390806 0.903973 -0.158011 3.81634 1.26295</i>
                        <i>0.15863 0.911084 0.380477 -0.972534 0.210667 -0.0989848 -0.170337 -0.354325 0.919478 -0.140299 3.86443 1.38499</i>
                        <i>0.151125 0.934062 0.323557 -0.973499 0.197465 -0.115356 -0.171641 -0.297549 0.939151 -0.142358 3.98418 1.54142</i>
                        <i>0.162332 0.953373 0.254415 -0.979657 0.186548 -0.0739725 -0.117984 -0.237232 0.964262 -0.144231 4.12298 1.73531</i>
                        <i>0.168512 0.966289 0.194651 -0.982776 0.179901 -0.0422677 -0.0758609 -0.184176 0.979961 -0.146674 4.27269 1.95118</i>
                        <i>0.150877 0.976294 0.155199 -0.987379 0.156477 -0.0244471 -0.0481526 -0.149552 0.987581 -0.140454 4.42402 2.17278</i>
                        <i>0.127964 0.983569 0.127345 -0.991106 0.131549 -0.0201107 -0.0365323 -0.123639 0.991655 -0.132249 4.56983 2.38596</i>
                        <i>0.127964 0.983569 0.127345 -0.991106 0.131549 -0.0201107 -0.0365323 -0.123639 0.991655 -0.132249 4.56983 2.38596</i>
                        <i>0.127964 0.983569 0.127345 -0.991106 0.131549 -0.0201107 -0.0365323 -0.123639 0.991655 -0.132249 4.56983 2.38596</i>
                        <i>0.127964 0.983569 0.127345 -0.991106 0.131549 -0.0201107 -0.0365323 -0.123639 0.991655 -0.132249 4.56983 2.38596</i>
                    </KeyFrames>
                </p>
            </i>
            <i>
                <p>
                    <Name><![CDATA[spine1]]></Name>
                    <Exclude>0</Exclude>
                    <Additive>0</Additive>
                    <IKPriority>0</IKPriority>
                    <IKRotLimits>-1e+010 -1e+010 -1e+010 1e+010 1e+010 1e+010</IKRotLimits>
                    <IKRotLimitOrder>0</IKRotLimitOrder>
                    <KeyFrames count="95">
                        <i>-0.197858 0.917306 0.345546 -0.907094 -0.0377314 -0.419235 -0.371529 -0.396391 0.839548 -0.0177819 1.44899 -0.219946</i>
                        <i>-0.216104 0.890052 0.401382 -0.935627 -0.0712598 -0.345724 -0.27911 -0.450256 0.848155 -0.0366107 1.45676 -0.128999</i>
                        <i>-0.224473 0.855822 0.466026 -0.955999 -0.100705 -0.275544 -0.188885 -0.507373 0.840771 -0.0518218 1.46352 -0.0348039</i>
                        <i>-0.214293 0.829836 0.51522 -0.969831 -0.118007 -0.213311 -0.116214 -0.545387 0.830088 -0.0543614 1.46763 0.0387623</i>
                        <i>-0.182295 0.827277 0.531396 -0.981121 -0.117557 -0.153561 -0.0645685 -0.549358 0.833089 -0.0376582 1.47113 0.0773978</i>
                        <i>-0.144646 0.839785 0.523297 -0.98921 -0.110294 -0.0964318 -0.0232656 -0.531599 0.846677 -0.0139667 1.47297 0.0922541</i>
                        <i>-0.123378 0.851511 0.509615 -0.992266 -0.112919 -0.0515535 0.0136467 -0.512034 0.858857 -0.00135723 1.46849 0.0979049</i>
                        <i>-0.122306 0.857832 0.499164 -0.991339 -0.129833 -0.0197751 0.0478444 -0.497259 0.866282 -0.00241776 1.45939 0.10051</i>
                        <i>-0.130788 0.863975 0.486253 -0.98825 -0.152747 0.00559048 0.0791034 -0.479808 0.8738 -0.00804397 1.4492 0.0980286</i>
                        <i>-0.144399 0.869629 0.472117 -0.983721 -0.177737 0.0265112 0.106967 -0.460603 0.881137 -0.0159895 1.43684 0.0934849</i>
                        <i>-0.158382 0.874702 0.458053 -0.978558 -0.200923 0.0453268 0.131681 -0.441052 0.887769 -0.0240401 1.4213 0.0898791</i>
                        <i>-0.1677 0.879397 0.445576 -0.973685 -0.218501 0.0647739 0.154321 -0.422988 0.892898 -0.0299275 1.40175 0.0902203</i>
                        <i>-0.164966 0.883758 0.437901 -0.970339 -0.224973 0.0884878 0.176718 -0.410315 0.894658 -0.0308336 1.37479 0.0987654</i>
                        <i>-0.13597 0.886121 0.44306 -0.970495 -0.209021 0.120208 0.199128 -0.413642 0.888396 -0.0235864 1.32504 0.123783</i>
                        <i>-0.101827 0.88962 0.445205 -0.970844 -0.186494 0.150607 0.217011 -0.416888 0.882672 -0.0144996 1.27524 0.153699</i>
                        <i>-0.0887551 0.898845 0.429185 -0.970424 -0.175149 0.166133 0.224499 -0.401746 0.887806 -0.0103303 1.24962 0.175016</i>
                        <i>-0.0963874 0.9112 0.40053 -0.971226 -0.174147 0.162457 0.217783 -0.373347 0.901767 -0.0102917 1.24046 0.190064</i>
                        <i>-0.0939022 0.940628 0.326193 -0.971994 -0.157513 0.174403 0.215428 -0.300681 0.929076 -0.00924828 1.28129 0.202226</i>
                        <i>-0.0592136 0.988274 0.140739 -0.971199 -0.0896299 0.220769 0.230795 -0.123613 0.965118 -0.00522721 1.40139 0.214801</i>
                        <i>-0.0217743 0.995794 -0.0889901 -0.966206 0.00190805 0.257764 0.25685 0.0915954 0.962101 -0.00102941 1.55782 0.225016</i>
                        <i>-0.0123993 0.980108 -0.198075 -0.962143 0.0422425 0.269252 0.272264 0.193915 0.942481 0.00236649 1.68756 0.227269</i>
                        <i>-0.0409396 0.992345 -0.116511 -0.962588 -0.00791095 0.270855 0.267859 0.123241 0.955543 0.00643051 1.78092 0.217452</i>
                        <i>-0.0931805 0.993314 0.0681575 -0.959302 -0.107896 0.260957 0.266566 -0.0410675 0.962941 0.0111457 1.86291 0.199808</i>
                        <i>-0.1444 0.955351 0.257784 -0.94868 -0.207731 0.238443 0.281346 -0.210124 0.936319 0.0143209 1.92709 0.183401</i>
                        <i>-0.169203 0.920006 0.353496 -0.93916 -0.259285 0.225279 0.298914 -0.293872 0.907904 0.0143114 1.96773 0.177766</i>
                        <i>-0.163251 0.926648 0.338634 -0.937964 -0.252199 0.237947 0.305896 -0.278782 0.910334 0.0106375 1.97855 0.187146</i>
                        <i>-0.141226 0.952736 0.268979 -0.940484 -0.213953 0.264034 0.309103 -0.215682 0.926249 0.00453349 1.96615 0.205702</i>
                        <i>-0.114132 0.979095 0.168367 -0.942517 -0.160288 0.293207 0.314064 -0.125225 0.941107 -0.00290142 1.94441 0.2271</i>
                        <i>-0.0934496 0.993597 0.0635045 -0.942143 -0.108873 0.317039 0.321923 -0.0302032 0.946284 -0.0104452 1.92738 0.244851</i>
                        <i>-0.0897408 0.995819 -0.0170877 -0.940436 -0.0790762 0.330646 0.327912 0.0457423 0.9436 -0.0166556 1.92927 0.252385</i>
                        <i>-0.102061 0.991899 -0.0756309 -0.939018 -0.0709643 0.336466 0.328374 0.105359 0.938653 -0.0226146 1.94952 0.248453</i>
                        <i>-0.121721 0.983801 -0.131602 -0.937955 -0.0706358 0.339487 0.324691 0.16476 0.931359 -0.0300787 1.97705 0.237889</i>
                        <i>-0.146054 0.972241 -0.182801 -0.937025 -0.0766985 0.340738 0.317258 0.221056 0.922216 -0.03845 2.01044 0.22331</i>
                        <i>-0.172373 0.958457 -0.227262 -0.935956 -0.0874511 0.341085 0.307041 0.271501 0.912148 -0.0470957 2.04837 0.207349</i>
                        <i>-0.198049 0.944161 -0.263317 -0.934582 -0.100899 0.341139 0.295522 0.313653 0.902379 -0.0553492 2.08956 0.192645</i>
                        <i>-0.220589 0.931384 -0.289592 -0.932935 -0.114859 0.341232 0.284556 0.345443 0.894258 -0.0625215 2.13275 0.181838</i>
                        <i>-0.238959 0.92227 -0.303835 -0.931164 -0.128906 0.341052 0.275376 0.364418 0.889589 -0.0678046 2.18201 0.177805</i>
                        <i>-0.256261 0.91827 -0.301846 -0.929286 -0.148111 0.338364 0.266003 0.367211 0.89129 -0.0705891 2.25278 0.18152</i>
                        <i>-0.269929 0.919339 -0.286278 -0.927942 -0.169008 0.332205 0.257026 0.35532 0.898713 -0.0715936 2.3289 0.189289</i>
                        <i>-0.277032 0.924978 -0.260134 -0.927812 -0.187121 0.322725 0.249837 0.33076 0.910044 -0.0716652 2.39068 0.197062</i>
                        <i>-0.274745 0.934643 -0.225737 -0.92946 -0.198046 0.311258 0.246209 0.29533 0.923126 -0.0716249 2.41863 0.200731</i>
                        <i>-0.255404 0.950509 -0.176921 -0.934515 -0.19578 0.297241 0.247893 0.241252 0.938268 -0.0726375 2.42114 0.194279</i>
                        <i>-0.213794 0.970826 -0.108581 -0.943694 -0.176526 0.279787 0.252457 0.162284 0.953902 -0.0738999 2.42784 0.180476</i>
                        <i>-0.156658 0.987213 -0.0294747 -0.954182 -0.143579 0.26253 0.254941 0.0692518 0.964473 -0.073865 2.44015 0.170325</i>
                        <i>-0.0977455 0.994057 0.0479278 -0.962527 -0.106666 0.249328 0.252959 -0.021761 0.967232 -0.0713557 2.45952 0.17519</i>
                        <i>-0.0448604 0.992458 0.114083 -0.967249 -0.07171 0.243488 0.249833 -0.099424 0.963171 -0.0681207 2.49594 0.190686</i>
                        <i>0.00435451 0.985072 0.172085 -0.96898 -0.0383665 0.244142 0.2471 -0.16781 0.954349 -0.0659459 2.55348 0.205726</i>
                        <i>0.0503159 0.972666 0.226693 -0.968795 -0.00762534 0.247748 0.242704 -0.232084 0.94193 -0.0634856 2.62475 0.221759</i>
                        <i>0.0929024 0.954351 0.283872 -0.967853 0.0196307 0.250751 0.233732 -0.298042 0.925495 -0.0593406 2.70249 0.239857</i>
                        <i>0.131111 0.927469 0.350159 -0.967511 0.0426885 0.249198 0.216176 -0.371456 0.902933 -0.0521299 2.77952 0.260785</i>
                        <i>0.161694 0.887425 0.431663 -0.96938 0.060912 0.237889 0.184815 -0.456911 0.870101 -0.0406532 2.84837 0.285262</i>
                        <i>0.178671 0.828254 0.531105 -0.97401 0.0725153 0.214583 0.139216 -0.555641 0.819684 -0.0241593 2.89765 0.313728</i>
                        <i>0.175602 0.749316 0.638506 -0.98082 0.0774308 0.178877 0.0845954 -0.657671 0.748541 -0.00417474 2.91208 0.345869</i>
                        <i>0.148102 0.656095 0.740004 -0.988636 0.0787264 0.128063 0.0257634 -0.750561 0.660299 0.0167099 2.91684 0.381328</i>
                        <i>0.0971021 0.558077 0.824088 -0.994795 0.0801198 0.0629589 -0.0308898 -0.825912 0.562952 0.035947 2.94626 0.419307</i>
                        <i>0.0296407 0.46661 0.883966 -0.99637 0.0843928 -0.0111378 -0.0797974 -0.880427 0.467418 0.0513492 3.00617 0.458426</i>
                        <i>-0.0424798 0.392416 0.918806 -0.992091 0.0921517 -0.0852253 -0.118113 -0.91516 0.385398 0.0614427 3.0855 0.496795</i>
                        <i>-0.0931677 0.359572 0.928454 -0.988813 0.075679 -0.128534 -0.116482 -0.930043 0.348499 0.0681287 3.17427 0.529545</i>
                        <i>-0.119546 0.362279 0.924372 -0.989687 0.0305277 -0.139957 -0.0789224 -0.93157 0.354893 0.0727777 3.26113 0.556591</i>
                        <i>-0.147723 0.361533 0.920582 -0.987761 -0.00682529 -0.155822 -0.0500517 -0.932334 0.358116 0.072721 3.33293 0.583394</i>
                        <i>-0.193704 0.333388 0.922676 -0.980497 -0.0339294 -0.193583 -0.0332326 -0.942179 0.333458 0.0617481 3.38262 0.612832</i>
                        <i>-0.239588 0.29942 0.92355 -0.970273 -0.0403602 -0.238624 -0.0341742 -0.953267 0.300189 0.0412308 3.41897 0.641759</i>
                        <i>-0.283341 0.274392 0.918927 -0.955553 0.000623074 -0.29482 -0.0814688 -0.961618 0.262019 0.0166424 3.45077 0.668791</i>
                        <i>-0.335878 0.24805 0.908657 -0.93096 0.0592127 -0.360287 -0.143173 -0.966936 0.211036 -0.0100423 3.48581 0.696057</i>
                        <i>-0.351594 0.211235 0.912009 -0.917751 0.114435 -0.380313 -0.184701 -0.970713 0.153626 -0.0377462 3.52428 0.728743</i>
                        <i>-0.300163 0.143246 0.943071 -0.936813 0.14196 -0.319734 -0.179679 -0.979453 0.0915833 -0.0706895 3.56776 0.773229</i>
                        <i>-0.227292 0.0687217 0.971399 -0.960137 0.150851 -0.235329 -0.162709 -0.986165 0.0316949 -0.103387 3.61027 0.824032</i>
                        <i>-0.137391 -0.00435008 0.990507 -0.980931 0.139384 -0.135451 -0.137472 -0.990229 -0.0234173 -0.1339 3.65054 0.876667</i>
                        <i>-0.032257 -0.0703036 0.997004 -0.994771 0.0989755 -0.0252055 -0.0969069 -0.992603 -0.0731287 -0.16141 3.68777 0.927022</i>
                        <i>0.0811854 -0.123858 0.988973 -0.99593 0.0288784 0.0853732 -0.039134 -0.99188 -0.121009 -0.185039 3.7281 0.971232</i>
