<?xml version="1.0" encoding="ISO-8859-1" ?>
<Animl Version="1">
    <ModellingPackage><![CDATA[Maya.2010]]></ModellingPackage>
    <SrcFile><![CDATA[anims\characters\shared\base_soldier\~src\infantry\context_wall_climb_low_2.mb]]></SrcFile>
    <FramesPerSecond>30</FramesPerSecond>
    <TotalFrames>54</TotalFrames>
    <Skeleton>
        <RefFrame>
            <Name><![CDATA[soldier_ref_frame]]></Name>
            <Exclude>0</Exclude>
            <Additive>0</Additive>
            <IKPriority>0</IKPriority>
            <IKRotLimits>-1e+010 -1e+010 -1e+010 1e+010 1e+010 1e+010</IKRotLimits>
            <IKRotLimitOrder>0</IKRotLimitOrder>
            <KeyFrames count="54">
                <i>1 0 0 0 1 0 0 0 1 -7.12875e-018 -3.72762e-006 -0.34506</i>
                <i>1 0 0 0 1 0 0 0 1 -7.12875e-018 -3.72762e-006 -0.34506</i>
                <i>1 0 0 0 1 0 0 0 1 -7.12875e-018 -3.72762e-006 -0.34506</i>
                <i>1 0 0 0 1 0 0 0 1 -0.00060323 -0.0042591 -0.339811</i>
                <i>1 0 0 0 1 0 0 0 1 -0.00222313 -0.0155427 -0.325209</i>
                <i>1 0 0 0 1 0 0 0 1 -0.00457503 -0.031631 -0.302966</i>
                <i>1 0 0 0 1 0 0 0 1 -0.00737424 -0.0503 -0.274794</i>
                <i>1 0 0 0 1 0 0 0 1 -0.0103361 -0.0693263 -0.242408</i>
                <i>1 0 0 0 1 0 0 0 1 -0.0131759 -0.086486 -0.20752</i>
                <i>1 0 0 0 1 0 0 0 1 -0.0167838 -0.108144 -0.170143</i>
                <i>1 0 0 0 1 0 0 0 1 -0.0210575 -0.127584 -0.129602</i>
                <i>1 0 0 0 1 0 0 0 1 -0.0245995 -0.124942 -0.0865851</i>
                <i>1 0 0 0 1 0 0 0 1 -0.0278874 -0.103963 -0.0417774</i>
                <i>1 0 0 0 1 0 0 0 1 -0.0310598 -0.0846317 0.00413495</i>
                <i>1 0 0 0 1 0 0 0 1 -0.0341526 -0.0869923 0.0504658</i>
                <i>1 0 0 0 1 0 0 0 1 -0.0372016 -0.058004 0.0965292</i>
                <i>1 0 0 0 1 0 0 0 1 -0.0402428 0.039616 0.141639</i>
                <i>1 0 0 0 1 0 0 0 1 -0.043312 0.165428 0.185109</i>
                <i>1 0 0 0 1 0 0 0 1 -0.0464451 0.301964 0.224748</i>
                <i>1 0 0 0 1 0 0 0 1 -0.0496781 0.432588 0.254337</i>
                <i>1 0 0 0 1 0 0 0 1 -0.0530468 0.540665 0.284776</i>
                <i>1 0 0 0 1 0 0 0 1 -0.0565872 0.610135 0.320247</i>
                <i>1 0 0 0 1 0 0 0 1 -0.0603351 0.642262 0.356901</i>
                <i>1 0 0 0 1 0 0 0 1 -0.0643264 0.64954 0.39385</i>
                <i>1 0 0 0 1 0 0 0 1 -0.0686782 0.64304 0.429956</i>
                <i>1 0 0 0 1 0 0 0 1 -0.0797182 0.633832 0.4692</i>
                <i>1 0 0 0 1 0 0 0 1 -0.0929201 0.632986 0.520588</i>
                <i>1 0 0 0 1 0 0 0 1 -0.0962468 0.651574 0.572423</i>
                <i>1 0 0 0 1 0 0 0 1 -0.0883068 0.690867 0.624788</i>
                <i>1 0 0 0 1 0 0 0 1 -0.0788148 0.740239 0.677764</i>
                <i>1 0 0 0 1 0 0 0 1 -0.0680709 0.79669 0.731435</i>
                <i>1 0 0 0 1 0 0 0 1 -0.0563164 0.857276 0.785883</i>
                <i>1 0 0 0 1 0 0 0 1 -0.043793 0.919048 0.841213</i>
                <i>1 0 0 0 1 0 0 0 1 -0.0307422 0.979059 0.898511</i>
                <i>1 0 0 0 1 0 0 0 1 -0.0174055 1.03436 0.957672</i>
                <i>1 0 0 0 1 0 0 0 1 -0.00402429 1.08201 1.01778</i>
                <i>1 0 0 0 1 0 0 0 1 0.00915977 1.11814 1.07791</i>
                <i>1 0 0 0 1 0 0 0 1 0.0219052 1.11223 1.13714</i>
                <i>1 0 0 0 1 0 0 0 1 0.0339705 1.07719 1.19456</i>
                <i>1 0 0 0 1 0 0 0 1 0.0407877 1.04945 1.24926</i>
                <i>1 0 0 0 1 0 0 0 1 0.0400925 1.03514 1.29601</i>
                <i>1 0 0 0 1 0 0 0 1 0.0385629 1.0214 1.33549</i>
                <i>1 0 0 0 1 0 0 0 1 0.0370333 1.01618 1.37553</i>
                <i>1 0 0 0 1 0 0 0 1 0.036338 1.02741 1.42399</i>
                <i>1 0 0 0 1 0 0 0 1 0.0336406 1.05674 1.48126</i>
                <i>1 0 0 0 1 0 0 0 1 0.0262132 1.09758 1.54209</i>
                <i>1 0 0 0 1 0 0 0 1 0.0150481 1.1456 1.60578</i>
                <i>1 0 0 0 1 0 0 0 1 0.00114236 1.19661 1.6716</i>
                <i>1 0 0 0 1 0 0 0 1 -0.0144532 1.24672 1.73874</i>
                <i>1 0 0 0 1 0 0 0 1 -0.0303686 1.30019 1.80609</i>
                <i>1 0 0 0 1 0 0 0 1 -0.0452443 1.35983 1.87258</i>
                <i>1 0 0 0 1 0 0 0 1 -0.058226 1.41959 1.93762</i>
                <i>1 0 0 0 1 0 0 0 1 -0.058226 1.41959 1.93762</i>
                <i>1 0 0 0 1 0 0 0 1 -0.058226 1.41959 1.93762</i>
            </KeyFrames>
        </RefFrame>
        <Bones count="23">
            <i>
                <p>
                    <Name><![CDATA[pelvis]]></Name>
                    <Exclude>0</Exclude>
                    <Additive>0</Additive>
                    <IKPriority>0</IKPriority>
                    <IKRotLimits>-1e+010 -1e+010 -1e+010 1e+010 1e+010 1e+010</IKRotLimits>
                    <IKRotLimitOrder>2</IKRotLimitOrder>
                    <KeyFrames count="54">
                        <i>1 0 0 0 1 0 0 0 1 -7.12875e-018 1.09789 -0.34506</i>
                        <i>1 0 0 0 1 0 0 0 1 -7.12875e-018 1.09789 -0.34506</i>
                        <i>1 0 0 0 1 0 0 0 1 -7.12875e-018 1.09789 -0.34506</i>
                        <i>1 0 0 0 1 0 0 0 1 -0.00060323 1.09363 -0.339811</i>
                        <i>1 0 0 0 1 0 0 0 1 -0.00222313 1.08235 -0.325209</i>
                        <i>1 0 0 0 1 0 0 0 1 -0.00457503 1.06626 -0.302966</i>
                        <i>1 0 0 0 1 0 0 0 1 -0.00737424 1.04759 -0.274794</i>
                        <i>1 0 0 0 1 0 0 0 1 -0.0103361 1.02856 -0.242408</i>
                        <i>1 0 0 0 1 0 0 0 1 -0.0131759 1.0114 -0.20752</i>
                        <i>1 0 0 0 1 0 0 0 1 -0.0167838 0.989746 -0.170143</i>
                        <i>1 0 0 0 1 0 0 0 1 -0.0210575 0.970306 -0.129602</i>
                        <i>1 0 0 0 1 0 0 0 1 -0.0245995 0.972948 -0.0865851</i>
                        <i>1 0 0 0 1 0 0 0 1 -0.0278874 0.993927 -0.0417774</i>
                        <i>1 0 0 0 1 0 0 0 1 -0.0310598 1.01326 0.00413495</i>
                        <i>1 0 0 0 1 0 0 0 1 -0.0341526 1.0109 0.0504658</i>
                        <i>1 0 0 0 1 0 0 0 1 -0.0372016 1.03989 0.0965292</i>
                        <i>1 0 0 0 1 0 0 0 1 -0.0402428 1.13751 0.141639</i>
                        <i>1 0 0 0 1 0 0 0 1 -0.043312 1.26332 0.185109</i>
                        <i>1 0 0 0 1 0 0 0 1 -0.0464451 1.39985 0.224748</i>
                        <i>1 0 0 0 1 0 0 0 1 -0.0496781 1.53048 0.254337</i>
                        <i>1 0 0 0 1 0 0 0 1 -0.0530468 1.63855 0.284776</i>
                        <i>1 0 0 0 1 0 0 0 1 -0.0565872 1.70802 0.320247</i>
                        <i>1 0 0 0 1 0 0 0 1 -0.0603351 1.74015 0.356901</i>
                        <i>1 0 0 0 1 0 0 0 1 -0.0643264 1.74743 0.39385</i>
                        <i>1 0 0 0 1 0 0 0 1 -0.0686782 1.74093 0.429956</i>
                        <i>1 0 0 0 1 0 0 0 1 -0.0797182 1.73172 0.4692</i>
                        <i>1 0 0 0 1 0 0 0 1 -0.0929201 1.73088 0.520588</i>
                        <i>1 0 0 0 1 0 0 0 1 -0.0962468 1.74946 0.572423</i>
                        <i>1 0 0 0 1 0 0 0 1 -0.0883068 1.78876 0.624788</i>
                        <i>1 0 0 0 1 0 0 0 1 -0.0788148 1.83813 0.677764</i>
                        <i>1 0 0 0 1 0 0 0 1 -0.0680709 1.89458 0.731435</i>
                        <i>1 0 0 0 1 0 0 0 1 -0.0563164 1.95517 0.785883</i>
                        <i>1 0 0 0 1 0 0 0 1 -0.043793 2.01694 0.841213</i>
                        <i>1 0 0 0 1 0 0 0 1 -0.0307422 2.07695 0.898511</i>
                        <i>1 0 0 0 1 0 0 0 1 -0.0174055 2.13225 0.957672</i>
                        <i>1 0 0 0 1 0 0 0 1 -0.00402429 2.1799 1.01778</i>
                        <i>1 0 0 0 1 0 0 0 1 0.00915977 2.21603 1.07791</i>
                        <i>1 0 0 0 1 0 0 0 1 0.0219052 2.21012 1.13714</i>
                        <i>1 0 0 0 1 0 0 0 1 0.0339705 2.17508 1.19456</i>
                        <i>1 0 0 0 1 0 0 0 1 0.0407877 2.14734 1.24926</i>
                        <i>1 0 0 0 1 0 0 0 1 0.0400925 2.13303 1.29601</i>
                        <i>1 0 0 0 1 0 0 0 1 0.0385629 2.11929 1.33549</i>
                        <i>1 0 0 0 1 0 0 0 1 0.0370333 2.11407 1.37553</i>
                        <i>1 0 0 0 1 0 0 0 1 0.036338 2.1253 1.42399</i>
                        <i>1 0 0 0 1 0 0 0 1 0.0336406 2.15463 1.48126</i>
                        <i>1 0 0 0 1 0 0 0 1 0.0262132 2.19547 1.54209</i>
                        <i>1 0 0 0 1 0 0 0 1 0.0150481 2.24349 1.60578</i>
                        <i>1 0 0 0 1 0 0 0 1 0.00114236 2.2945 1.6716</i>
                        <i>1 0 0 0 1 0 0 0 1 -0.0144532 2.34461 1.73874</i>
                        <i>1 0 0 0 1 0 0 0 1 -0.0303686 2.39808 1.80609</i>
                        <i>1 0 0 0 1 0 0 0 1 -0.0452443 2.45772 1.87258</i>
                        <i>1 0 0 0 1 0 0 0 1 -0.058226 2.51748 1.93762</i>
                        <i>1 0 0 0 1 0 0 0 1 -0.058226 2.51748 1.93762</i>
                        <i>1 0 0 0 1 0 0 0 1 -0.058226 2.51748 1.93762</i>
                    </KeyFrames>
                </p>
            </i>
            <i>
                <p>
                    <Name><![CDATA[spine0]]></Name>
                    <Exclude>0</Exclude>
                    <Additive>0</Additive>
                    <IKPriority>0</IKPriority>
                    <IKRotLimits>-1e+010 -1e+010 -1e+010 1e+010 1e+010 1e+010</IKRotLimits>
                    <IKRotLimitOrder>0</IKRotLimitOrder>
                    <KeyFrames count="54">
                        <i>-0.00880165 0.999047 0.0427593 -0.979406 1.2757e-005 -0.201901 -0.201709 -0.0436558 0.978472 0.00579437 1.30301 -0.393893</i>
                        <i>-0.00790168 0.99906 0.0426251 -0.979517 0.000843902 -0.201359 -0.201206 -0.043343 0.97859 0.00599771 1.30296 -0.394217</i>
                        <i>-0.0054248 0.999092 0.0422471 -0.979825 0.00312976 -0.199831 -0.199782 -0.0424788 0.978919 0.00657841 1.30281 -0.395167</i>
                        <i>-0.00248098 0.998303 0.0581871 -0.97871 0.00951792 -0.205027 -0.205233 -0.057457 0.977025 0.00705326 1.2988 -0.388427</i>
                        <i>-0.000854525 0.994956 0.100307 -0.974879 0.0215129 -0.221694 -0.222734 -0.0979763 0.969943 0.00695913 1.28832 -0.368002</i>
                        <i>-0.00236943 0.987397 0.158244 -0.968667 0.0370344 -0.245588 -0.248353 -0.153868 0.956371 0.00619797 1.27305 -0.33737</i>
                        <i>-0.00799337 0.97512 0.221535 -0.960582 0.0540771 -0.272688 -0.277884 -0.214982 0.93625 0.0048064 1.25484 -0.300051</i>
                        <i>-0.0166396 0.959764 0.280316 -0.951527 0.0709131 -0.299279 -0.307116 -0.271708 0.912061 0.00315367 1.23583 -0.259552</i>
                        <i>-0.0248504 0.945035 0.326023 -0.942835 0.0862591 -0.321903 -0.332332 -0.315385 0.888869 0.00199358 1.21845 -0.219281</i>
                        <i>-0.0270649 0.934072 0.356056 -0.930336 0.106772 -0.35082 -0.365708 -0.340747 0.866111 0.001848 1.19653 -0.180238</i>
                        <i>-0.0179387 0.926072 0.376921 -0.918448 0.13372 -0.372253 -0.395134 -0.35286 0.84815 0.00373874 1.1767 -0.141358</i>
                        <i>0.00330914 0.921313 0.388807 -0.921466 0.153842 -0.356699 -0.388446 -0.357092 0.849467 0.00826793 1.17855 -0.102679</i>
                        <i>0.0386035 0.914554 0.402618 -0.934982 0.175228 -0.308387 -0.352587 -0.364536 0.861856 0.0135939 1.19817 -0.0633914</i>
                        <i>0.101541 0.903581 0.416209 -0.953129 0.208224 -0.219518 -0.285017 -0.374411 0.882373 0.0213244 1.21494 -0.0241883</i>
                        <i>0.207156 0.878657 0.430173 -0.965201 0.255297 -0.0566548 -0.159602 -0.403467 0.900967 0.0319659 1.20803 0.0140857</i>
                        <i>0.285747 0.848335 0.445732 -0.957212 0.27488 0.0904818 -0.0457637 -0.452515 0.890582 0.0394367 1.23215 0.0518364</i>
                        <i>0.311944 0.824026 0.472939 -0.950086 0.26777 0.160115 0.00530007 -0.49928 0.866425 0.0431207 1.32555 0.0891064</i>
                        <i>0.355955 0.783454 0.509407 -0.93408 0.281877 0.219181 0.0281279 -0.553846 0.832144 0.0464232 1.44664 0.125132</i>
                        <i>0.398349 0.741783 0.539515 -0.916357 0.29612 0.26945 0.040112 -0.601723 0.797697 0.047638 1.57902 0.157927</i>
                        <i>0.421739 0.712774 0.560437 -0.904739 0.29 0.312005 0.0598619 -0.638634 0.767179 0.0451288 1.70731 0.181451</i>
                        <i>0.432906 0.690333 0.579683 -0.897661 0.271325 0.347256 0.08244 -0.670688 0.737144 0.0372573 1.81602 0.206764</i>
                        <i>0.415593 0.683921 0.599612 -0.900946 0.219075 0.37457 0.124816 -0.695886 0.707222 0.0227867 1.88984 0.239559</i>
                        <i>0.375145 0.670546 0.640027 -0.910696 0.137813 0.389411 0.172914 -0.728956 0.662363 0.00455761 1.92927 0.280696</i>
                        <i>0.329881 0.634639 0.698864 -0.91751 0.0413262 0.395559 0.222156 -0.771703 0.595921 -0.0154462 1.9442 0.327818</i>
                        <i>0.297003 0.594617 0.747141 -0.916269 -0.0427716 0.398274 0.268777 -0.802871 0.532126 -0.0358665 1.94309 0.374293</i>
                        <i>0.271819 0.556068 0.785432 -0.909543 -0.118193 0.398448 0.314397 -0.82269 0.473641 -0.060023 1.93682 0.42288</i>
                        <i>0.259476 0.521321 0.812955 -0.901444 -0.171294 0.397565 0.346513 -0.835992 0.425495 -0.0833898 1.9374 0.482831</i>
                        <i>0.257479 0.504359 0.824213 -0.895586 -0.195704 0.399532 0.36281 -0.841024 0.401307 -0.0945042 1.95644 0.541498</i>
                        <i>0.255641 0.503398 0.825371 -0.89289 -0.204392 0.401213 0.370669 -0.839532 0.397229 -0.0907645 1.99582 0.600202</i>
                        <i>0.264691 0.510614 0.818054 -0.894282 -0.187445 0.406355 0.360831 -0.839129 0.407018 -0.0828725 2.04515 0.659585</i>
                        <i>0.273891 0.534575 0.799508 -0.894716 -0.163316 0.415705 0.352798 -0.829191 0.433562 -0.0740493 2.10132 0.71897</i>
                        <i>0.275885 0.56185 0.779879 -0.895178 -0.145309 0.421357 0.350063 -0.814377 0.462867 -0.0637873 2.16141 0.779992</i>
                        <i>0.247209 0.611022 0.752024 -0.903003 -0.136175 0.407483 0.351388 -0.779813 0.518091 -0.0515919 2.22225 0.844299</i>
                        <i>0.205474 0.659029 0.723506 -0.916633 -0.129413 0.378201 0.342876 -0.7409 0.577497 -0.0385408 2.28077 0.911356</i>
                        <i>0.155123 0.709412 0.687511 -0.93111 -0.127556 0.341706 0.330107 -0.693155 0.640754 -0.0263712 2.33433 0.978629</i>
                        <i>0.0975814 0.761437 0.640853 -0.944417 -0.132272 0.300965 0.313933 -0.634601 0.706207 -0.0157721 2.38017 1.04497</i>
                        <i>0.0449028 0.803016 0.594263 -0.95526 -0.139564 0.26077 0.29234 -0.579385 0.760822 -0.00593894 2.41424 1.11101</i>
                        <i>-0.000106997 0.834422 0.551127 -0.963237 -0.148148 0.224114 0.268654 -0.530841 0.803761 0.00338232 2.40615 1.17561</i>
                        <i>-0.0400948 0.859372 0.509776 -0.96939 -0.157138 0.188657 0.242232 -0.486608 0.839367 0.0116892 2.36885 1.23776</i>
                        <i>-0.0672853 0.86955 0.48924 -0.974751 -0.161931 0.153749 0.212916 -0.466542 0.85849 0.0158301 2.33813 1.29888</i>
                        <i>-0.0940739 0.880331 0.464938 -0.978827 -0.167061 0.118268 0.181788 -0.443968 0.877408 0.0122498 2.32158 1.34951</i>
                        <i>-0.11882 0.88841 0.443406 -0.981355 -0.173022 0.083694 0.151074 -0.425195 0.892405 0.00761739 2.30647 1.39054</i>
                        <i>-0.134108 0.894763 0.425928 -0.984005 -0.171097 0.0496056 0.11726 -0.412462 0.903396 0.00437231 2.30097 1.43029</i>
                        <i>-0.132432 0.90128 0.4125 -0.988187 -0.152433 0.0158 0.0771188 -0.405535 0.91082 0.00489578 2.31325 1.47705</i>
                        <i>-0.10838 0.908525 0.40353 -0.993581 -0.112238 -0.0141593 0.0324271 -0.402474 0.914857 0.00747439 2.34512 1.53102</i>
                        <i>-0.068174 0.914452 0.398911 -0.997615 -0.0581727 -0.0371394 -0.0107565 -0.400491 0.916237 0.00854505 2.38944 1.58674</i>
                        <i>-0.0217394 0.917344 0.3975 -0.998539 -0.000250921 -0.0540312 -0.0494655 -0.398094 0.91601 0.00752759 2.4409 1.64395</i>
                        <i>0.0208983 0.917048 0.398229 -0.99651 0.0513028 -0.0658459 -0.0808141 -0.395463 0.91492 0.00355654 2.49475 1.70236</i>
                        <i>0.0498633 0.915074 0.400192 -0.993538 0.0863517 -0.0736572 -0.101959 -0.393934 0.913466 -0.00439304 2.54697 1.76164</i>
                        <i>0.0553547 0.911892 0.406679 -0.993726 0.0899602 -0.066457 -0.0971866 -0.400449 0.911151 -0.0176845 2.60188 1.82205</i>
                        <i>0.0450443 0.907667 0.417266 -0.996591 0.0697291 -0.0440967 -0.0691207 -0.413858 0.907714 -0.0340433 2.66256 1.88305</i>
                        <i>0.0351411 0.904407 0.425221 -0.998465 0.0499944 -0.0238185 -0.0428003 -0.423732 0.904776 -0.0487685 2.72307 1.94333</i>
                        <i>0.0351411 0.904407 0.425221 -0.998465 0.0499944 -0.0238185 -0.0428003 -0.423732 0.904776 -0.0487685 2.72307 1.94333</i>
                        <i>0.0351411 0.904407 0.425221 -0.998465 0.0499944 -0.0238185 -0.0428003 -0.423732 0.904776 -0.0487685 2.72307 1.94333</i>
                    </KeyFrames>
                </p>
            </i>
            <i>
                <p>
                    <Name><![CDATA[spine1]]></Name>
                    <Exclude>0</Exclude>
                    <Additive>0</Additive>
                    <IKPriority>0</IKPriority>
                    <IKRotLimits>-1e+010 -1e+010 -1e+010 1e+010 1e+010 1e+010</IKRotLimits>
                    <IKRotLimitOrder>0</IKRotLimitOrder>
                    <KeyFrames count="54">
                        <i>-0.04155 0.978718 0.20096 -0.979139 0.000153796 -0.203193 -0.1989 -0.205211 0.958294 0.00786821 1.47547 -0.383199</i>
                        <i>-0.0395582 0.977868 0.205448 -0.979196 0.00301548 -0.202894 -0.199023 -0.2092 0.957406 0.00823609 1.47546 -0.383553</i>
                        <i>-0.0342358 0.975357 0.217961 -0.979273 0.0108242 -0.202255 -0.19963 -0.220368 0.95477 0.00926935 1.47542 -0.384589</i>
                        <i>-0.0288864 0.967071 0.25286 -0.977566 0.0254695 -0.209085 -0.20864 -0.253227 0.94464 0.0104109 1.4717 -0.374678</i>
                        <i>-0.0276885 0.947874 0.317439 -0.972551 0.0478518 -0.227716 -0.231036 -0.315031 0.920531 0.0109436 1.46154 -0.345806</i>
                        <i>-0.0332857 0.916396 0.398887 -0.964402 0.0753095 -0.253491 -0.262338 -0.393125 0.881267 0.0103402 1.44611 -0.303443</i>
                        <i>-0.0469321 0.873638 0.484308 -0.953581 0.105194 -0.282165 -0.297456 -0.47507 0.828148 0.00836733 1.42698 -0.253145</i>
                        <i>-0.0671007 0.82423 0.562266 -0.941055 0.13497 -0.310159 -0.331532 -0.549935 0.766589 0.00552411 1.40646 -0.200386</i>
                        <i>-0.0892982 0.77616 0.624181 -0.928264 0.162312 -0.334634 -0.361041 -0.609287 0.705988 0.00317018 1.3876 -0.150349</i>
                        <i>-0.10738 0.731299 0.673551 -0.911049 0.19887 -0.361164 -0.398068 -0.65242 0.644895 0.00312277 1.36473 -0.104439</i>
                        <i>-0.116093 0.695121 0.709457 -0.892154 0.240972 -0.382092 -0.436559 -0.677303 0.59218 0.00726735 1.34476 -0.0603813</i>
                        <i>-0.124714 0.666921 0.734618 -0.873593 0.27722 -0.39998 -0.470406 -0.69164 0.548044 0.015909 1.34736 -0.0187524</i>
                        <i>-0.11284 0.637762 0.761923 -0.868242 0.309574 -0.387712 -0.483139 -0.705283 0.518799 0.027794 1.36776 0.023636</i>
                        <i>-0.073239 0.612888 0.786768 -0.864977 0.353652 -0.356012 -0.496438 -0.706611 0.504233 0.0473661 1.38472 0.0656485</i>
                        <i>0.00194285 0.582063 0.813142 -0.872813 0.397843 -0.282698 -0.48805 -0.709172 0.508805 0.0779799 1.37567 0.106552</i>
                        <i>0.0225717 0.542277 0.839897 -0.875616 0.416162 -0.245162 -0.482479 -0.729894 0.48422 0.10055 1.39727 0.148209</i>
                        <i>-0.0207309 0.488381 0.872384 -0.881436 0.402882 -0.246488 -0.471848 -0.774061 0.422124 0.109948 1.48972 0.193035</i>
                        <i>-0.0105173 0.406601 0.913545 -0.873253 0.441351 -0.20649 -0.487153 -0.799928 0.350424 0.12368 1.60633 0.239301</i>
                        <i>0.0118363 0.337821 0.941136 -0.847951 0.502208 -0.169604 -0.529942 -0.79603 0.2924 0.135404 1.73327 0.281115</i>
                        <i>0.0269096 0.29018 0.956594 -0.843072 0.520773 -0.134259 -0.537128 -0.802864 0.258657 0.139077 1.85825 0.311489</i>
                        <i>0.0642503 0.232275 0.970526 -0.860244 0.505836 -0.0641117 -0.505818 -0.83077 0.232313 0.134694 1.96495 0.343439</i>
                        <i>0.0859854 0.188866 0.978231 -0.866807 0.498243 -0.0200035 -0.491174 -0.846218 0.206552 0.116606 2.04013 0.382928</i>
                        <i>0.0961902 0.131657 0.986617 -0.884275 0.46635 0.0239812 -0.456952 -0.874748 0.16128 0.0889463 2.0793 0.435796</i>
                        <i>0.109033 0.043085 0.993104 -0.907554 0.411897 0.0817706 -0.405534 -0.910211 0.0840123 0.0580479 2.08867 0.499555</i>
                        <i>0.141489 -0.0382607 0.9892 -0.924252 0.352827 0.145846 -0.354597 -0.934906 0.0145586 0.0293772 2.08029 0.560033</i>
                        <i>0.161129 -0.103848 0.981455 -0.932126 0.310768 0.185913 -0.324312 -0.944796 -0.0467257 -0.00145827 2.06637 0.619845</i>
                        <i>0.183092 -0.155635 0.970698 -0.929106 0.295318 0.222596 -0.321308 -0.942637 -0.0905312 -0.0283478 2.05952 0.687832</i>
                        <i>0.214087 -0.179262 0.960225 -0.919401 0.295067 0.26007 -0.329952 -0.93851 -0.101644 -0.040388 2.07458 0.749421</i>
                        <i>0.235069 -0.182422 0.954707 -0.916841 0.284503 0.280108 -0.322714 -0.941159 -0.100374 -0.0376676 2.11296 0.807163</i>
                        <i>0.269732 -0.177534 0.946428 -0.907912 0.280592 0.311389 -0.320842 -0.943265 -0.0855005 -0.0280773 2.16256 0.862458</i>
                        <i>0.31815 -0.15236 0.935717 -0.898646 0.265966 0.348852 -0.302021 -0.951866 -0.0523008 -0.0178648 2.22216 0.914051</i>
                        <i>0.362747 -0.123129 0.923717 -0.894934 0.23034 0.382148 -0.259823 -0.965289 -0.0266374 -0.00822858 2.28581 0.966597</i>
                        <i>0.376583 -0.0491014 0.925081 -0.907732 0.179816 0.379064 -0.184957 -0.982474 0.0231446 -0.00409922 2.35336 1.01886</i>
                        <i>0.371586 0.0405069 0.927514 -0.922038 0.132842 0.363591 -0.108485 -0.990309 0.0867112 -0.00145387 2.41733 1.07375</i>
                        <i>0.349336 0.149253 0.925034 -0.935969 0.101817 0.337038 -0.0438801 -0.983543 0.175264 -0.000840812 2.47606 1.12767</i>
                        <i>0.306584 0.288598 0.907038 -0.951808 0.0846963 0.294768 0.00824694 -0.953697 0.300656 -0.00247823 2.52696 1.1793</i>
                        <i>0.259558 0.425289 0.867041 -0.964091 0.0618627 0.258267 0.0562005 -0.902941 0.426074 -0.00308028 2.56426 1.232</i>
                        <i>0.209062 0.545759 0.811444 -0.974655 0.0487187 0.218345 0.0796312 -0.836525 0.542111 -0.00214852 2.55819 1.28531</i>
                        <i>0.157248 0.658584 0.735894 -0.983417 0.0362492 0.177699 0.0903542 -0.751634 0.653363 -0.000940757 2.52278 1.33772</i>
                        <i>0.118441 0.725882 0.677545 -0.98949 0.0292812 0.141602 0.082947 -0.687196 0.721721 -0.00130066 2.49238 1.39408</i>
                        <i>0.0693178 0.790551 0.60846 -0.994572 0.00732253 0.103791 0.0775967 -0.612352 0.786768 -0.00932634 2.47735 1.43991</i>
                        <i>0.024385 0.834172 0.550965 -0.997575 -0.0156344 0.0678223 0.0651895 -0.551282 0.831768 -0.0180939 2.4638 1.47699</i>
                        <i>-0.00895031 0.860871 0.508744 -0.998956 -0.0304907 0.0340203 0.0447991 -0.507909 0.860245 -0.0236493 2.45975 1.51368</i>
                        <i>-0.0236182 0.87653 0.480768 -0.999602 -0.0281344 0.00218776 0.0154438 -0.480525 0.876845 -0.0220642 2.47347 1.55821</i>
                        <i>-0.0152236 0.884221 0.466821 -0.999604 -0.00241155 -0.0280306 -0.0236595 -0.467063 0.883908 -0.0140064 2.5067 1.61075</i>
                        <i>0.00843792 0.884689 0.466105 -0.997584 0.0395928 -0.0570896 -0.068961 -0.464497 0.882885 -0.00436038 2.55189 1.6658</i>
                        <i>0.0365134 0.879091 0.475254 -0.992545 0.0872388 -0.0851118 -0.116282 -0.468603 0.875723 0.00430022 2.60362 1.72296</i>
                        <i>0.0590264 0.869353 0.490655 -0.98515 0.130114 -0.112024 -0.161229 -0.476756 0.864123 0.00913344 2.65733 1.78177</i>
                        <i>0.0672161 0.858386 0.508582 -0.977776 0.158125 -0.137658 -0.198583 -0.488026 0.849938 0.00718907 2.7095 1.84178</i>
                        <i>0.0550271 0.846715 0.529193 -0.976219 0.156925 -0.149571 -0.209688 -0.508378 0.835214 -0.00507865 2.7648 1.90383</i>
                        <i>0.0318584 0.834499 0.550088 -0.980123 0.13391 -0.146382 -0.195818 -0.53449 0.822178 -0.0239144 2.82616 1.96729</i>
                        <i>0.0110113 0.826208 0.563257 -0.983263 0.111391 -0.14417 -0.181856 -0.552243 0.813607 -0.0410327 2.88753 2.02957</i>
                        <i>0.0110113 0.826208 0.563257 -0.983263 0.111391 -0.14417 -0.181856 -0.552243 0.813607 -0.0410327 2.88753 2.02957</i>
                        <i>0.0110113 0.826208 0.563257 -0.983263 0.111391 -0.14417 -0.181856 -0.552243 0.813607 -0.0410327 2.88753 2.02957</i>
                    </KeyFrames>
                </p>
            </i>
            <i>
                <p>
                    <Name><![CDATA[spine2]]></Name>
                    <Exclude>0</Exclude>
                    <Additive>0</Additive>
                    <IKPriority>0</IKPriority>
                    <IKRotLimits>-1e+010 -1e+010 -1e+010 1e+010 1e+010 1e+010</IKRotLimits>
                    <IKRotLimitOrder>0</IKRotLimitOrder>
                    <KeyFrames count="54">
                        <i>-0.0647174 0.947293 0.313765 -0.979384 1.48304e-011 -0.202009 -0.191361 -0.32037 0.927763 0.00061862 1.63122 -0.348051</i>
                        <i>-0.0617186 0.945849 0.318684 -0.979464 0.00400559 -0.201579 -0.191939 -0.324581 0.926178 0.00135015 1.63119 -0.347504</i>
                        <i>-0.0535634 0.941722 0.332101 -0.979578 0.0149925 -0.200506 -0.1938 -0.336058 0.921687 0.00336076 1.63106 -0.34602</i>
                        <i>-0.0447651 0.929122 0.367054 -0.977874 0.0344049 -0.206348 -0.204351 -0.36817 0.907024 0.00551953 1.62641 -0.329717</i>
                        <i>-0.0403981 0.902102 0.429628 -0.972834 0.062583 -0.222883 -0.227951 -0.426961 0.875067 0.00637435 1.61347 -0.289423</i>
                        <i>-0.0428243 0.861087 0.506651 -0.964723 0.0962102 -0.245058 -0.259762 -0.499272 0.82659 0.00492517 1.59313 -0.232674</i>
                        <i>-0.0528641 0.80912 0.585261 -0.954164 0.131961 -0.268621 -0.294579 -0.572635 0.765057 0.000690986 1.56711 -0.167135</i>
                        <i>-0.068528 0.752834 0.654634 -0.942238 0.166801 -0.290457 -0.32786 -0.636725 0.697917 -0.00561132 1.53852 -0.100164</i>
                        <i>-0.0849972 0.701857 0.707228 -0.930311 0.198263 -0.308565 -0.356786 -0.68417 0.636094 -0.0118958 1.51186 -0.0383535</i>
                        <i>-0.096589 0.656943 0.747728 -0.913903 0.23905 -0.328081 -0.394274 -0.715039 0.577292 -0.0153294 1.48178 0.0176928</i>
                        <i>-0.0951871 0.630048 0.7707 -0.895211 0.28442 -0.343079 -0.435358 -0.722596 0.536953 -0.0131234 1.45655 0.070133</i>
                        <i>-0.0954763 0.612514 0.784672 -0.876767 0.321507 -0.35765 -0.471343 -0.722122 0.506336 -0.00643679 1.4555 0.119263</i>
                        <i>-0.0754545 0.595082 0.800115 -0.870358 0.352264 -0.344073 -0.486604 -0.722349 0.491354 0.00719452 1.47233 0.169955</i>
                        <i>-0.0329999 0.583171 0.811679 -0.864822 0.390428 -0.315673 -0.500993 -0.712375 0.491455 0.0339157 1.48653 0.220282</i>
                        <i>0.0351791 0.567375 0.822708 -0.870874 0.421232 -0.253261 -0.490245 -0.707565 0.508931 0.0787087 1.47385 0.270155</i>
                        <i>0.0350182 0.543105 0.838934 -0.876907 0.419362 -0.234881 -0.479383 -0.727443 0.490938 0.105315 1.48993 0.321458</i>
                        <i>-0.0287404 0.494919 0.868464 -0.884722 0.391777 -0.252544 -0.465233 -0.775607 0.426605 0.105537 1.57376 0.377281</i>
                        <i>-0.029762 0.408266 0.912377 -0.87706 0.427167 -0.219757 -0.479457 -0.806751 0.345361 0.121058 1.67491 0.436052</i>
                        <i>-0.0185902 0.334815 0.942101 -0.852818 0.486521 -0.189734 -0.521878 -0.806967 0.276492 0.137783 1.78782 0.487128</i>
                        <i>-0.0101331 0.284205 0.95871 -0.848552 0.50478 -0.158608 -0.529015 -0.815122 0.236048 0.145028 1.90322 0.523518</i>
                        <i>0.0355025 0.215464 0.975866 -0.864726 0.496137 -0.0780843 -0.500987 -0.841085 0.203932 0.149102 1.99841 0.560828</i>
                        <i>0.0565331 0.166115 0.984485 -0.871125 0.489975 -0.0326513 -0.487797 -0.855763 0.172406 0.137702 2.06394 0.604047</i>
                        <i>0.067565 0.106251 0.992041 -0.888413 0.458905 0.0113571 -0.454046 -0.88211 0.1254 0.114561 2.09026 0.659909</i>
                        <i>0.0847237 0.0100408 0.996354 -0.910653 0.406611 0.0733386 -0.404392 -0.913546 0.0435933 0.0885914 2.07988 0.725338</i>
                        <i>0.125947 -0.079515 0.988845 -0.925558 0.349333 0.145976 -0.357044 -0.933619 -0.0295983 0.068989 2.0534 0.784689</i>
                        <i>0.144499 -0.152144 0.977738 -0.933253 0.307457 0.185767 -0.328876 -0.93932 -0.0975615 0.044352 2.02468 0.842153</i>
                        <i>0.162506 -0.209821 0.964141 -0.93058 0.292269 0.220454 -0.328045 -0.933035 -0.147759 0.0240029 2.00595 0.906627</i>
                        <i>0.192633 -0.234961 0.952725 -0.920857 0.292125 0.258234 -0.33899 -0.927068 -0.160092 0.0199833 2.01555 0.964339</i>
                        <i>0.213698 -0.235599 0.948064 -0.918691 0.281527 0.277038 -0.332176 -0.93018 -0.156281 0.0273857 2.05349 1.01889</i>
                        <i>0.254831 -0.228458 0.939611 -0.908136 0.277263 0.313709 -0.332189 -0.933237 -0.136816 0.0437081 2.10454 1.06951</i>
                        <i>0.315396 -0.199922 0.927662 -0.894941 0.262452 0.360833 -0.315605 -0.944008 -0.0961422 0.0629262 2.17035 1.11532</i>
                        <i>0.373223 -0.168538 0.912304 -0.885844 0.22744 0.404415 -0.275654 -0.959096 -0.0644123 0.0798923 2.24128 1.16144</i>
                        <i>0.398287 -0.0875748 0.913071 -0.895286 0.179469 0.407742 -0.199576 -0.979858 -0.00692436 0.083928 2.32575 1.20933</i>
                        <i>0.402672 0.00212926 0.915342 -0.906857 0.136788 0.398622 -0.124359 -0.990598 0.0570119 0.0821606 2.40898 1.2591</i>
                        <i>0.385876 0.0977192 0.917361 -0.920244 0.11104 0.375261 -0.0651935 -0.989 0.132773 0.0751864 2.48926 1.30623</i>
                        <i>0.345665 0.2148 0.913442 -0.938155 0.0993549 0.331653 -0.0195159 -0.971591 0.235859 0.0627519 2.56581 1.34789</i>
                        <i>0.30357 0.319894 0.897504 -0.95259 0.0816759 0.293091 0.0204535 -0.943926 0.329522 0.0511715 2.62644 1.38703</i>
                        <i>0.256846 0.404599 0.877684 -0.965715 0.0719873 0.249422 0.037734 -0.911656 0.409218 0.0416096 2.63942 1.4253</i>
                        <i>0.20854 0.488787 0.847112 -0.97688 0.0624104 0.204475 0.0470758 -0.870168 0.490501 0.0329599 2.62143 1.46069</i>
                        <i>0.16978 0.52969 0.831025 -0.984653 0.0566037 0.165088 0.0404062 -0.846301 0.531171 0.0255315 2.60074 1.50431</i>
                        <i>0.1188 0.585928 0.801608 -0.991926 0.0339522 0.122189 0.0443774 -0.809652 0.585231 0.00878667 2.59617 1.53689</i>
                        <i>0.0699346 0.631291 0.772387 -0.996565 0.0097853 0.0822347 0.044356 -0.775485 0.629806 -0.00776857 2.59013 1.56354</i>
                        <i>0.0293441 0.665361 0.745945 -0.998948 -0.00677994 0.0453444 0.0352278 -0.746491 0.664463 -0.0192144 2.59105 1.59289</i>
                        <i>0.00340321 0.690949 0.722895 -0.999917 -0.00661576 0.0110308 0.0124042 -0.722873 0.69087 -0.0206051 2.60795 1.63275</i>
                        <i>-0.00318543 0.712699 0.701463 -0.999641 0.0163834 -0.0211853 -0.0265911 -0.701279 0.712391 -0.0118767 2.64291 1.68323</i>
                        <i>0.00540913 0.733382 0.679796 -0.997133 0.0552642 -0.0516864 -0.0754742 -0.677567 0.731578 0.000918518 2.68857 1.73869</i>
                        <i>0.0218947 0.752938 0.657727 -0.991769 0.0993704 -0.0807405 -0.126151 -0.650546 0.748917 0.0135015 2.73989 1.79817</i>
                        <i>0.0382845 0.771543 0.635024 -0.984452 0.138143 -0.10849 -0.171429 -0.620998 0.764836 0.0214821 2.79277 1.86059</i>
                        <i>0.0459805 0.789974 0.611414 -0.977627 0.16135 -0.13495 -0.205259 -0.59153 0.779719 0.0205418 2.84419 1.92484</i>
                        <i>0.0382868 0.806243 0.590344 -0.976867 0.154585 -0.147764 -0.210392 -0.57103 0.793511 0.00618523 2.89891 1.99167</i>
                        <i>0.0197918 0.819631 0.572549 -0.981368 0.125392 -0.14558 -0.191115 -0.559 0.806842 -0.0164025 2.95972 2.05994</i>
                        <i>0.00074299 0.833558 0.552432 -0.984807 0.09654 -0.144344 -0.173651 -0.543931 0.820965 -0.0369344 3.02115 2.1256</i>
                        <i>0.00074299 0.833558 0.552432 -0.984807 0.09654 -0.144344 -0.173651 -0.543931 0.820965 -0.0369344 3.02115 2.1256</i>
                        <i>0.00074299 0.833558 0.552432 -0.984807 0.09654 -0.144344 -0.173651 -0.543931 0.820965 -0.0369344 3.02115 2.1256</i>
                    </KeyFrames>
                </p>
            </i>
            <i>
                <p>
                    <Name><![CDATA[head]]></Name>
                    <Exclude>0</Exclude>
                    <Additive>0</Additive>
                    <IKPriority>0</IKPriority>
                    <IKRotLimits>-1e+010 -1e+010 -1e+010 1e+010 1e+010 1e+010</IKRotLimits>
                    <IKRotLimitOrder>0</IKRotLimitOrder>
                    <KeyFrames count="54">
                        <i>0.00119718 0.958707 0.284394 -0.00403572 0.284397 -0.958698 -0.999991 5.77229e-009 0.00420955 -0.0147745 1.87784 -0.273429</i>
                        <i>0.00110426 0.956667 0.291181 -0.00362799 0.291183 -0.95666 -0.999993 1.46227e-009 0.00379231 -0.0133086 1.87747 -0.271626</i>
                        <i>0.000792147 0.954445 0.298387 -0.00253382 0.298388 -0.954441 -0.999997 1.92739e-009 0.00265472 -0.00930406 1.87636 -0.266705</i>
                        <i>0.000438778 0.952144 0.305651 -0.00136684 0.305651 -0.952143 -0.999999 -4.7509e-009 0.00143555 -0.00499369 1.86869 -0.241346</i>
                        <i>0.000282747 0.949932 0.312457 -0.000859605 0.312457 -0.949932 -1 1.26617e-009 0.000904912 -0.00309518 1.84921 -0.184744</i>
                        <i>0.000499265 0.947969 0.318363 -0.00148664 0.318364 -0.947967 -0.999999 -1.92363e-009 0.00156823 -0.00523962 1.81881 -0.107822</i>
                        <i>0.00120727 0.946336 0.323183 -0.00353508 0.323186 -0.946329 -0.999993 9.48767e-009 0.00373554 -0.0121479 1.77989 -0.021574</i>
                        <i>0.0023404 0.944909 0.327326 -0.00675607 0.327334 -0.944884 -0.999975 6.79532e-009 0.00714993 -0.0226173 1.73718 0.0638066</i>
                        <i>0.00358822 0.943304 0.331912 -0.0101973 0.331932 -0.943248 -0.999942 5.95297e-010 0.0108102 -0.0333362 1.69758 0.139717</i>
                        <i>0.00444944 0.942042 0.335465 -0.0124937 0.335494 -0.94196 -0.999912 7.64482e-009 0.0132624 -0.0399594 1.65597 0.206718</i>
                        <i>0.00436363 0.939992 0.341168 -0.0120218 0.341195 -0.939915 -0.999918 7.1881e-009 0.0127892 -0.0377287 1.62345 0.265731</i>
                        <i>0.00384524 0.935109 0.35434 -0.0101471 0.354361 -0.935054 -0.999941 3.99613e-008 0.0108512 -0.0313908 1.61746 0.319019</i>
                        <i>0.00169766 0.927749 0.3732 -0.00422023 0.373204 -0.92774 -0.99999 -3.2164e-008 0.00454883 -0.0128908 1.62933 0.374247</i>
                        <i>-0.0034866 0.920092 0.391688 0.00818996 0.391703 -0.920055 -0.99996 -5.60929e-008 -0.00890119 0.0247169 1.63992 0.428136</i>
                        <i>-0.0129056 0.915683 0.401694 0.0294039 0.401902 -0.915211 -0.999484 3.48158e-008 -0.0321115 0.0874082 1.62255 0.481479</i>
                        <i>-0.0181045 0.907413 0.419849 0.0390927 0.420239 -0.906571 -0.999072 -1.62051e-008 -0.0430814 0.114813 1.63176 0.537457</i>
                        <i>-0.0174912 0.88917 0.457243 0.0339891 0.457577 -0.88852 -0.999269 3.64971e-008 -0.0382256 0.0993642 1.70298 0.601158</i>
                        <i>-0.0226165 0.867753 0.49648 0.0394884 0.496995 -0.866854 -0.998964 -1.24867e-008 -0.0455065 0.115112 1.78198 0.671313</i>
                        <i>-0.0294056 0.843267 0.536689 0.046134 0.537494 -0.842005 -0.998502 8.74527e-008 -0.0547087 0.135267 1.87608 0.730101</i>
                        <i>-0.0342664 0.817927 0.5743 0.0487161 0.575321 -0.816475 -0.998225 -8.7963e-009 -0.0595604 0.144983 1.97853 0.770805</i>
                        <i>-0.0405056 0.796197 0.603681 0.0533031 0.605038 -0.79441 -0.997757 1.04037e-008 -0.0669472 0.160456 2.05645 0.812471</i>
                        <i>-0.0412046 0.778008 0.626902 0.0510264 0.628254 -0.776333 -0.997847 -1.10562e-008 -0.0655859 0.154493 2.10949 0.857932</i>
                        <i>-0.0374712 0.765517 0.642324 0.0445821 0.643416 -0.764217 -0.998303 8.12615e-009 -0.0582379 0.134103 2.1205 0.915871</i>
                        <i>-0.032526 0.760265 0.648799 0.0380663 0.649613 -0.759311 -0.998746 1.38014e-008 -0.0500698 0.112292 2.08562 0.982657</i>
                        <i>-0.0304978 0.759544 0.64974 0.0356127 0.650456 -0.758709 -0.9989 -1.36806e-008 -0.0468869 0.102889 2.03637 1.04035</i>
                        <i>-0.0251152 0.759527 0.64999 0.0293258 0.650475 -0.758961 -0.999254 -3.88349e-008 -0.0386105 0.0830338 1.98918 1.0952</i>
                        <i>-0.0209819 0.756773 0.653341 0.0242912 0.653677 -0.756383 -0.999485 -3.0903e-008 -0.0320983 0.0674966 1.95578 1.15636</i>
                        <i>-0.022903 0.748681 0.662535 0.0258654 0.662931 -0.748234 -0.999403 1.42192e-008 -0.034548 0.0713192 1.95893 1.21118</i>
                        <i>-0.0281158 0.734772 0.677731 0.030456 0.678314 -0.734141 -0.999141 1.72223e-008 -0.0414496 0.0841506 1.99661 1.26449</i>
                        <i>-0.0381695 0.72185 0.690996 0.0398132 0.692049 -0.720752 -0.998478 2.17102e-008 -0.0551543 0.11084 2.04942 1.31291</i>
                        <i>-0.0508378 0.711127 0.701223 0.0514209 0.703064 -0.709265 -0.997382 -5.17711e-009 -0.072309 0.145184 2.12248 1.35561</i>
                        <i>-0.0621456 0.703856 0.707619 0.061578 0.710343 -0.701157 -0.996166 -2.05038e-008 -0.0874867 0.176477 2.20146 1.39784</i>
                        <i>-0.0661739 0.694027 0.716901 0.0637912 0.719949 -0.691089 -0.995767 1.84386e-008 -0.0919145 0.186386 2.30662 1.44586</i>
                        <i>-0.0659515 0.686465 0.724165 0.0622604 0.727162 -0.683636 -0.995879 1.84867e-008 -0.0906971 0.185218 2.41306 1.4961</i>
                        <i>-0.0615245 0.681735 0.729008 0.057331 0.7316 -0.67932 -0.996458 1.67339e-008 -0.0840959 0.17355 2.51857 1.54339</i>
                        <i>-0.0527115 0.67931 0.731956 0.0487939 0.733851 -0.677555 -0.997417 5.93327e-009 -0.0718286 0.150512 2.62625 1.58321</i>
                        <i>-0.0437542 0.682053 0.729993 0.0408076 0.731303 -0.680831 -0.998209 -1.34661e-008 -0.0598305 0.127751 2.71524 1.617</i>
