<?xml version="1.0" encoding="ISO-8859-1" ?>
<Animl Version="1">
    <ModellingPackage>
        <![CDATA[Maya.2008]]>
</ModellingPackage>
    <SrcFile>
        <![CDATA[units\heavyartillery\german\anims\~src\gerhow_lvl3_fire.mb]]>
</SrcFile>
    <FramesPerSecond>30</FramesPerSecond>
    <TotalFrames>30</TotalFrames>
    <Skeleton>
        <RefFrame>
            <Name>
                <![CDATA[gerhow3_ref_frame]]>
</Name>
            <Exclude>1</Exclude>
            <Additive>0</Additive>
            <KeyFrames count="30">
                <i>1 0 0 0 1 0 0 0 1 0 0 0</i>
                <i>1 0 0 0 1 0 0 0 1 0 0 0</i>
                <i>1 0 0 0 1 0 0 0 1 0 0 0</i>
                <i>1 0 0 0 1 0 0 0 1 0 0 0</i>
                <i>1 0 0 0 1 0 0 0 1 0 0 0</i>
                <i>1 0 0 0 1 0 0 0 1 0 0 0</i>
                <i>1 0 0 0 1 0 0 0 1 0 0 0</i>
                <i>1 0 0 0 1 0 0 0 1 0 0 0</i>
                <i>1 0 0 0 1 0 0 0 1 0 0 0</i>
                <i>1 0 0 0 1 0 0 0 1 0 0 0</i>
                <i>1 0 0 0 1 0 0 0 1 0 0 0</i>
                <i>1 0 0 0 1 0 0 0 1 0 0 0</i>
                <i>1 0 0 0 1 0 0 0 1 0 0 0</i>
                <i>1 0 0 0 1 0 0 0 1 0 0 0</i>
                <i>1 0 0 0 1 0 0 0 1 0 0 0</i>
                <i>1 0 0 0 1 0 0 0 1 0 0 0</i>
                <i>1 0 0 0 1 0 0 0 1 0 0 0</i>
                <i>1 0 0 0 1 0 0 0 1 0 0 0</i>
                <i>1 0 0 0 1 0 0 0 1 0 0 0</i>
                <i>1 0 0 0 1 0 0 0 1 0 0 0</i>
                <i>1 0 0 0 1 0 0 0 1 0 0 0</i>
                <i>1 0 0 0 1 0 0 0 1 0 0 0</i>
                <i>1 0 0 0 1 0 0 0 1 0 0 0</i>
                <i>1 0 0 0 1 0 0 0 1 0 0 0</i>
                <i>1 0 0 0 1 0 0 0 1 0 0 0</i>
                <i>1 0 0 0 1 0 0 0 1 0 0 0</i>
                <i>1 0 0 0 1 0 0 0 1 0 0 0</i>
                <i>1 0 0 0 1 0 0 0 1 0 0 0</i>
                <i>1 0 0 0 1 0 0 0 1 0 0 0</i>
                <i>1 0 0 0 1 0 0 0 1 0 0 0</i>
            </KeyFrames>
        </RefFrame>
        <Bones count="8">
            <i>
                <p>
                    <Name>
                        <![CDATA[root]]>
</Name>
                    <Exclude>0</Exclude>
                    <Additive>0</Additive>
                    <KeyFrames count="30">
                        <i>1 0 0 0 1 0 0 0 1 0 0 0</i>
                        <i>1 -1.52345e-005 0 1.52345e-005 1 0 0 0 1 0 0 0</i>
                        <i>1 -3.04691e-005 0 3.04691e-005 1 0 0 0 1 0 0 0</i>
                        <i>1 -4.57036e-005 0 4.57036e-005 1 0 0 0 1 0 0 0</i>
                        <i>1 -6.09381e-005 0 6.09381e-005 1 0 0 0 1 0 0 0</i>
                        <i>0.999996 0.00288053 0 -0.00288023 0.999893 -0.0143691 -4.13905e-005 0.014369 0.999897 0 0 -0.107898</i>
                        <i>0.999983 0.00582196 1.35525e-020 -0.00582043 0.999719 -0.0229893 -0.000133843 0.0229889 0.999736 0 0 -0.172636</i>
                        <i>1 0.000248689 -2.11758e-022 -0.000248666 0.99991 -0.0134112 -3.33521e-006 0.0134112 0.99991 0 0 -0.160206</i>
                        <i>0.999986 -0.00532459 0 0.00532459 0.999986 0 0 0 1 0 0 -0.128441</i>
                        <i>0.999983 0.00582196 0 -0.00582196 0.999983 0 0 0 1 0 0 -0.0856275</i>
                        <i>0.999999 0.0014872 0 -0.0014872 0.999999 0 0 0 1 0 0 -0.0400516</i>
                        <i>0.999996 -0.00284759 0 0.00284759 0.999996 0 0 0 1 0 0 0</i>
                        <i>0.999998 -0.00191871 0 0.00191871 0.999998 0 0 0 1 0 0 0</i>
                        <i>1 -0.000989822 0 0.000989822 1 0 0 0 1 0 0 0</i>
                        <i>1 -6.09381e-005 0 6.09381e-005 1 0 0 0 1 0 0 0</i>
                        <i>1 -5.68756e-005 0 5.68756e-005 1 0 0 0 1 0 0 0</i>
                        <i>1 -5.28131e-005 0 5.28131e-005 1 0 0 0 1 0 0 0</i>
                        <i>1 -4.87505e-005 0 4.87505e-005 1 0 0 0 1 0 0 0</i>
                        <i>1 -4.4688e-005 0 4.4688e-005 1 0 0 0 1 0 0 0</i>
                        <i>1 -4.06254e-005 0 4.06254e-005 1 0 0 0 1 0 0 0</i>
                        <i>1 -3.65629e-005 0 3.65629e-005 1 0 0 0 1 0 0 0</i>
                        <i>1 -3.25003e-005 0 3.25003e-005 1 0 0 0 1 0 0 0</i>
                        <i>1 -2.84378e-005 0 2.84378e-005 1 0 0 0 1 0 0 0</i>
                        <i>1 -2.43753e-005 0 2.43753e-005 1 0 0 0 1 0 0 0</i>
                        <i>1 -2.03127e-005 0 2.03127e-005 1 0 0 0 1 0 0 0</i>
                        <i>1 -1.62502e-005 0 1.62502e-005 1 0 0 0 1 0 0 0</i>
                        <i>1 -1.21876e-005 0 1.21876e-005 1 0 0 0 1 0 0 0</i>
                        <i>1 -8.12508e-006 0 8.12508e-006 1 0 0 0 1 0 0 0</i>
                        <i>1 -4.06255e-006 0 4.06255e-006 1 0 0 0 1 0 0 0</i>
                        <i>1 0 0 0 1 0 0 0 1 0 0 0</i>
                    </KeyFrames>
                </p>
            </i>
            <i>
                <p>
                    <Name>
                        <![CDATA[shaker]]>
</Name>
                    <Exclude>0</Exclude>
                    <Additive>1</Additive>
                    <KeyFrames count="30">
                        <i>1 0 0 0 1 0 0 0 1 0 2 -1</i>
                        <i>1 -1.52345e-005 0 1.52345e-005 1 0 0 0 1 3.04691e-005 2 -1</i>
                        <i>1 -3.04691e-005 0 3.04691e-005 1 0 0 0 1 6.09381e-005 2 -1</i>
                        <i>0.999736 0.0162648 -0.0162507 -0.0163933 0.999835 -0.0078111 0.016121 0.00807544 0.999837 0.0463975 2.04964 -0.95933</i>
                        <i>0.999826 0.0139876 -0.0123555 -0.0139959 0.999902 -0.000581013 0.0123462 0.000753838 0.999924 0.0541822 2.06034 -0.954041</i>
                        <i>0.99983 0.0113645 -0.0145161 -0.0115284 0.99987 -0.0112617 0.0143863 0.0114271 0.999831 0.03661 2.04453 -1.07611</i>
                        <i>0.999563 0.0257133 -0.014594 -0.0260956 0.999305 -0.0266364 0.0138989 0.0270055 0.999539 0.0554482 2.03101 -1.17251</i>
                        <i>0.999805 0.0141378 -0.0137545 -0.0144304 0.999667 -0.0214092 0.0134472 0.0216035 0.999676 0.0401597 2.04491 -1.14944</i>
                        <i>0.999804 0.0113515 -0.016235 -0.0113429 0.999935 0.000619272 0.016241 -0.000434998 0.999868 0.0579561 2.03763 -1.07914</i>
                        <i>0.999828 0.0170242 -0.00743279 -0.0170351 0.999854 -0.00141616 0.00740759 0.00154254 0.999971 0.0297942 2.03259 -1.04968</i>
                        <i>0.999843 0.0123986 -0.0126812 -0.0124248 0.999921 -0.00198558 0.0126555 0.00214283 0.999918 0.0350336 2.03246 -1.01621</i>
                        <i>0.999865 0.00796038 -0.0143656 -0.00800745 0.999963 -0.00322179 0.0143394 0.00333639 0.999892 0.0384122 2.03705 -0.977786</i>
                        <i>0.999939 0.00858543 -0.00688365 -0.00859318 0.999962 -0.0010965 0.00687398 0.00115558 0.999976 0.0295287 2.03282 -0.976311</i>
                        <i>0.99994 0.00766402 -0.00781489 -0.00765278 0.99997 0.00146742 0.0078259 -0.00140753 0.999968 0.0284296 2.02631 -0.976941</i>
                        <i>0.999952 0.00681197 -0.00699944 -0.00681596 0.999977 -0.000545494 0.00699556 0.000593176 0.999975 0.0198411 2.01931 -0.979028</i>
                        <i>0.999971 0.00525795 -0.00549296 -0.00526456 0.999985 -0.00119031 0.00548662 0.0012192 0.999984 0.0155322 2.01167 -0.987569</i>
                        <i>0.999996 0.00214374 -0.00192999 -0.00214561 0.999997 -0.000969079 0.00192791 0.000973216 0.999998 0.00561523 2.00727 -0.994252</i>
                        <i>1 -4.87505e-005 0 4.87505e-005 1 0 0 0 1 9.7501e-005 2 -1</i>
                        <i>1 -4.4688e-005 0 4.4688e-005 1 0 0 0 1 8.93759e-005 2 -1</i>
                        <i>1 -4.06254e-005 0 4.06254e-005 1 0 0 0 1 8.12508e-005 2 -1</i>
                        <i>1 -3.65629e-005 0 3.65629e-005 1 0 0 0 1 7.31258e-005 2 -1</i>
                        <i>1 -3.25003e-005 0 3.25003e-005 1 0 0 0 1 6.50007e-005 2 -1</i>
                        <i>1 -2.84378e-005 0 2.84378e-005 1 0 0 0 1 5.68756e-005 2 -1</i>
                        <i>1 -2.43753e-005 0 2.43753e-005 1 0 0 0 1 4.87505e-005 2 -1</i>
                        <i>1 -2.03127e-005 0 2.03127e-005 1 0 0 0 1 4.06254e-005 2 -1</i>
                        <i>1 -1.62502e-005 0 1.62502e-005 1 0 0 0 1 3.25003e-005 2 -1</i>
                        <i>1 -1.21876e-005 0 1.21876e-005 1 0 0 0 1 2.43753e-005 2 -1</i>
                        <i>1 -8.12508e-006 0 8.12508e-006 1 0 0 0 1 1.62502e-005 2 -1</i>
                        <i>1 -4.06255e-006 0 4.06255e-006 1 0 0 0 1 8.12509e-006 2 -1</i>
                        <i>1 0 0 0 1 0 0 0 1 0 2 -1</i>
                    </KeyFrames>
                </p>
            </i>
            <i>
                <p>
                    <Name>
                        <![CDATA[crank]]>
</Name>
                    <Exclude>1</Exclude>
                    <Additive>0</Additive>
                    <KeyFrames count="30">
                        <i>1 0 0 0 1 0 0 0 1 0 1.68841 -4.20661</i>
                        <i>1 -1.52345e-005 0 1.52345e-005 1 0 0 0 1 2.57221e-005 1.68841 -4.20661</i>
                        <i>1 -3.04691e-005 0 3.04691e-005 1 0 0 0 1 5.14442e-005 1.68841 -4.20661</i>
                        <i>0.999736 0.0162648 -0.0162507 -0.0163933 0.999835 -0.0078111 0.016121 0.00807544 0.999837 -0.000188308 1.7122 -4.16299</i>
                        <i>0.999826 0.0139876 -0.0123555 -0.0139959 0.999902 -0.000581013 0.0123462 0.000753838 0.999924 0.0189537 1.74636 -4.16023</i>
                        <i>0.99983 0.0113645 -0.0145161 -0.0115284 0.99987 -0.0112617 0.0143863 0.0114271 0.999831 -0.00592896 1.69634 -4.27867</i>
                        <i>0.999563 0.0257133 -0.014594 -0.0260956 0.999305 -0.0266364 0.0138989 0.0270055 0.999539 0.0190109 1.63304 -4.36935</i>
                        <i>0.999805 0.0141378 -0.0137545 -0.0144304 0.999667 -0.0214092 0.0134472 0.0216035 0.999676 0.00153608 1.66415 -4.34834</i>
                        <i>0.999804 0.0113515 -0.016235 -0.0113429 0.999935 0.000619272 0.016241 -0.000434998 0.999868 0.00941183 1.72745 -4.28552</i>
                        <i>0.999828 0.0170242 -0.00743279 -0.0170351 0.999854 -0.00141616 0.00740759 0.00154254 0.999971 0.011349 1.7161 -4.25576</i>
                        <i>0.999843 0.0123986 -0.0126812 -0.0124248 0.999921 -0.00198558 0.0126555 0.00214283 0.999918 -0.00167645 1.71402 -4.22194</i>
                        <i>0.999865 0.00796038 -0.0143656 -0.00800745 0.999963 -0.00322179 0.0143394 0.00333639 0.999892 -0.00507353 1.71477 -4.18305</i>
                        <i>0.999939 0.00858543 -0.00688365 -0.00859318 0.999962 -0.0010965 0.00687398 0.00115558 0.999976 0.0101641 1.71753 -4.18251</i>
                        <i>0.99994 0.00766402 -0.00781489 -0.00765278 0.99997 0.00146742 0.0078259 -0.00140753 0.999968 0.00571948 1.71924 -4.18391</i>
                        <i>0.999952 0.00681197 -0.00699944 -0.00681596 0.999977 -0.000545494 0.00699556 0.000593176 0.999975 -0.000467231 1.70583 -4.18539</i>
                        <i>0.999971 0.00525795 -0.00549296 -0.00526456 0.999985 -0.00119031 0.00548662 0.0012192 0.999984 -0.0004209 1.69617 -4.19376</i>
                        <i>0.999996 0.00214374 -0.00192999 -0.00214561 0.999997 -0.000969079 0.00192791 0.000973216 0.999998 0.000101716 1.69256 -4.20056</i>
                        <i>1 -4.87505e-005 0 4.87505e-005 1 0 0 0 1 8.23108e-005 1.68841 -4.20661</i>
                        <i>1 -4.4688e-005 0 4.4688e-005 1 0 0 0 1 7.54515e-005 1.68841 -4.20661</i>
                        <i>1 -4.06254e-005 0 4.06254e-005 1 0 0 0 1 6.85923e-005 1.68841 -4.20661</i>
                        <i>1 -3.65629e-005 0 3.65629e-005 1 0 0 0 1 6.17331e-005 1.68841 -4.20661</i>
                        <i>1 -3.25003e-005 0 3.25003e-005 1 0 0 0 1 5.48738e-005 1.68841 -4.20661</i>
                        <i>1 -2.84378e-005 0 2.84378e-005 1 0 0 0 1 4.80146e-005 1.68841 -4.20661</i>
                        <i>1 -2.43753e-005 0 2.43753e-005 1 0 0 0 1 4.11554e-005 1.68841 -4.20661</i>
                        <i>1 -2.03127e-005 0 2.03127e-005 1 0 0 0 1 3.42962e-005 1.68841 -4.20661</i>
                        <i>1 -1.62502e-005 0 1.62502e-005 1 0 0 0 1 2.74369e-005 1.68841 -4.20661</i>
                        <i>1 -1.21876e-005 0 1.21876e-005 1 0 0 0 1 2.05777e-005 1.68841 -4.20661</i>
                        <i>1 -8.12508e-006 0 8.12508e-006 1 0 0 0 1 1.37185e-005 1.68841 -4.20661</i>
                        <i>1 -4.06255e-006 0 4.06255e-006 1 0 0 0 1 6.85924e-006 1.68841 -4.20661</i>
                        <i>1 0 0 0 1 0 0 0 1 0 1.68841 -4.20661</i>
                    </KeyFrames>
                </p>
            </i>
            <i>
                <p>
                    <Name>
                        <![CDATA[rear_crank]]>
</Name>
                    <Exclude>1</Exclude>
                    <Additive>0</Additive>
                    <KeyFrames count="30">
                        <i>1 0 0 0 1 0 0 0 1 0 2.29184 -7.09819</i>
                        <i>1 -1.52345e-005 0 1.52345e-005 1 0 0 0 1 3.49151e-005 2.29184 -7.09819</i>
                        <i>1 -3.04691e-005 0 3.04691e-005 1 0 0 0 1 6.98302e-005 2.29184 -7.09819</i>
                        <i>0.999736 0.0162648 -0.0162507 -0.0163933 0.999835 -0.0078111 0.016121 0.00807544 0.999837 -0.0566957 2.29218 -7.05881</i>
                        <i>0.999826 0.0139876 -0.0123555 -0.0139959 0.999902 -0.000581013 0.0123462 0.000753838 0.999924 -0.0251918 2.34755 -7.05193</i>
                        <i>0.99983 0.0113645 -0.0145161 -0.0115284 0.99987 -0.0112617 0.0143863 0.0114271 0.999831 -0.0544845 2.26665 -7.17655</i>
                        <i>0.999563 0.0257133 -0.014594 -0.0260956 0.999305 -0.0266364 0.0138989 0.0270055 0.999539 -0.0369257 2.15796 -7.27566</i>
                        <i>0.999805 0.0141378 -0.0137545 -0.0144304 0.999667 -0.0214092 0.0134472 0.0216035 0.999676 -0.0460552 2.20491 -7.2519</i>
                        <i>0.999804 0.0113515 -0.016235 -0.0113429 0.999935 0.000619272 0.016241 -0.000434998 0.999868 -0.0443949 2.3321 -7.17634</i>
                        <i>0.999828 0.0170242 -0.00743279 -0.0170351 0.999854 -0.00141616 0.00740759 0.00154254 0.999971 -0.0203502 2.31498 -7.14811</i>
                        <i>0.999843 0.0123986 -0.0126812 -0.0124248 0.999921 -0.00198558 0.0126555 0.00214283 0.999918 -0.0457684 2.3112 -7.11448</i>
                        <i>0.999865 0.00796038 -0.0143656 -0.00800745 0.999963 -0.00322179 0.0143394 0.00333639 0.999892 -0.0513688 2.30853 -7.07625</i>
                        <i>0.999939 0.00858543 -0.00688365 -0.00859318 0.999962 -0.0010965 0.00687398 0.00115558 0.999976 -0.0148979 2.3176 -7.07467</i>
                        <i>0.99994 0.00766402 -0.00781489 -0.00765278 0.99997 0.00146742 0.0078259 -0.00140753 0.999968 -0.0215276 2.32672 -7.07451</i>
                        <i>0.999952 0.00681197 -0.00699944 -0.00681596 0.999977 -0.000545494 0.00699556 0.000593176 0.999975 -0.0248084 2.30753 -7.07723</i>
                        <i>0.999971 0.00525795 -0.00549296 -0.00526456 0.999985 -0.00119031 0.00548662 0.0012192 0.999984 -0.0194627 2.29606 -7.08601</i>
                        <i>0.999996 0.00214374 -0.00192999 -0.00214561 0.999997 -0.000969079 0.00192791 0.000973216 0.999998 -0.0067677 2.29318 -7.09271</i>
                        <i>1 -4.87505e-005 0 4.87505e-005 1 0 0 0 1 0.000111728 2.29184 -7.09819</i>
                        <i>1 -4.4688e-005 0 4.4688e-005 1 0 0 0 1 0.000102418 2.29184 -7.09819</i>
                        <i>1 -4.06254e-005 0 4.06254e-005 1 0 0 0 1 9.31069e-005 2.29184 -7.09819</i>
                        <i>1 -3.65629e-005 0 3.65629e-005 1 0 0 0 1 8.37962e-005 2.29184 -7.09819</i>
                        <i>1 -3.25003e-005 0 3.25003e-005 1 0 0 0 1 7.44855e-005 2.29184 -7.09819</i>
                        <i>1 -2.84378e-005 0 2.84378e-005 1 0 0 0 1 6.51748e-005 2.29184 -7.09819</i>
                        <i>1 -2.43753e-005 0 2.43753e-005 1 0 0 0 1 5.58641e-005 2.29184 -7.09819</i>
                        <i>1 -2.03127e-005 0 2.03127e-005 1 0 0 0 1 4.65534e-005 2.29184 -7.09819</i>
                        <i>1 -1.62502e-005 0 1.62502e-005 1 0 0 0 1 3.72427e-005 2.29184 -7.09819</i>
                        <i>1 -1.21876e-005 0 1.21876e-005 1 0 0 0 1 2.79321e-005 2.29184 -7.09819</i>
                        <i>1 -8.12508e-006 0 8.12508e-006 1 0 0 0 1 1.86214e-005 2.29184 -7.09819</i>
                        <i>1 -4.06255e-006 0 4.06255e-006 1 0 0 0 1 9.31069e-006 2.29184 -7.09819</i>
                        <i>1 0 0 0 1 0 0 0 1 0 2.29184 -7.09819</i>
                    </KeyFrames>
                </p>
            </i>
            <i>
                <p>
                    <Name>
                        <![CDATA[wheel_axle]]>
</Name>
                    <Exclude>0</Exclude>
                    <Additive>0</Additive>
                    <KeyFrames count="30">
                        <i>1 0 0 0 1 0 0 0 1 0 2.16642 -0.277935</i>
                        <i>1 -1.52345e-005 0 1.52345e-005 1 0 0 0 1 3.30044e-005 2.16642 -0.277935</i>
                        <i>1 -3.04691e-005 0 3.04691e-005 1 0 0 0 1 6.60089e-005 2.16642 -0.277935</i>
                        <i>1 -4.57036e-005 0 4.54806e-005 0.99512 -0.0986694 4.50955e-006 0.0986694 0.99512 9.90133e-005 2.16642 -0.277935</i>
                        <i>1 -6.09381e-005 0 5.97516e-005 0.980529 -0.196376 1.19668e-005 0.196376 0.980529 0.000132018 2.16642 -0.277935</i>
                        <i>0.999996 0.00288053 0 -0.00283446 0.984003 -0.178131 -0.00051311 0.17813 0.984007 -0.00622829 2.1622 -0.416933</i>
                        <i>0.999983 0.00582196 1.35525e-020 -0.00575238 0.988031 -0.154148 -0.000897443 0.154145 0.988048 -0.0125723 2.15942 -0.500302</i>
                        <i>1 0.000248689 -2.11758e-022 -0.000247124 0.993708 -0.112006 -2.78547e-005 0.112006 0.993708 -0.00053779 2.1625 -0.467171</i>
                        <i>0.999986 -0.00532459 0 0.00531304 0.997816 -0.0658391 0.000350567 0.0658382 0.99783 0.0115353 2.16639 -0.406376</i>
                        <i>0.999983 0.00582196 0 -0.00581881 0.99944 -0.0329374 -0.000191761 0.0329369 0.999457 -0.0126128 2.16639 -0.363562</i>
                        <i>0.999999 0.0014872 0 -0.0014872 0.999999 0 0 0 1 -0.00322191 2.16642 -0.317987</i>
                        <i>0.999996 -0.00284759 0 0.00284759 0.999996 0 0 0 1 0.00616908 2.16641 -0.277935</i>
                        <i>0.999998 -0.00191871 0 0.00191871 0.999998 0 0 0 1 0.00415673 2.16642 -0.277935</i>
                        <i>1 -0.000989822 0 0.000989822 1 0 0 0 1 0.00214437 2.16642 -0.277935</i>
                        <i>1 -6.09381e-005 0 6.09381e-005 1 0 0 0 1 0.000132018 2.16642 -0.277935</i>
                        <i>1 -5.68756e-005 0 5.68756e-005 1 0 0 0 1 0.000123217 2.16642 -0.277935</i>
                        <i>1 -5.28131e-005 0 5.28131e-005 1 0 0 0 1 0.000114415 2.16642 -0.277935</i>
                        <i>1 -4.87505e-005 0 4.87505e-005 1 0 0 0 1 0.000105614 2.16642 -0.277935</i>
                        <i>1 -4.4688e-005 0 4.4688e-005 1 0 0 0 1 9.6813e-005 2.16642 -0.277935</i>
                        <i>1 -4.06254e-005 0 4.06254e-005 1 0 0 0 1 8.80118e-005 2.16642 -0.277935</i>
                        <i>1 -3.65629e-005 0 3.65629e-005 1 0 0 0 1 7.92107e-005 2.16642 -0.277935</i>
                        <i>1 -3.25003e-005 0 3.25003e-005 1 0 0 0 1 7.04095e-005 2.16642 -0.277935</i>
                        <i>1 -2.84378e-005 0 2.84378e-005 1 0 0 0 1 6.16083e-005 2.16642 -0.277935</i>
                        <i>1 -2.43753e-005 0 2.43753e-005 1 0 0 0 1 5.28071e-005 2.16642 -0.277935</i>
                        <i>1 -2.03127e-005 0 2.03127e-005 1 0 0 0 1 4.40059e-005 2.16642 -0.277935</i>
                        <i>1 -1.62502e-005 0 1.62502e-005 1 0 0 0 1 3.52047e-005 2.16642 -0.277935</i>
                        <i>1 -1.21876e-005 0 1.21876e-005 1 0 0 0 1 2.64036e-005 2.16642 -0.277935</i>
                        <i>1 -8.12508e-006 0 8.12508e-006 1 0 0 0 1 1.76024e-005 2.16642 -0.277935</i>
                        <i>1 -4.06255e-006 0 4.06255e-006 1 0 0 0 1 8.80119e-006 2.16642 -0.277935</i>
                        <i>1 0 0 0 1 0 0 0 1 0 2.16642 -0.277935</i>
                    </KeyFrames>
                </p>
            </i>
            <i>
                <p>
                    <Name>
                        <![CDATA[angle_pivot]]>
</Name>
                    <Exclude>0</Exclude>
                    <Additive>1</Additive>
                    <KeyFrames count="30">
                        <i>-1 1.22465e-016 0 -1.22465e-016 -1 0 0 0 1 0 4.08603 -0.668073</i>
                        <i>-1 1.52345e-005 0 -1.52345e-005 -1 0 0 0 1 6.22488e-005 4.08603 -0.668073</i>
                        <i>-1 3.04691e-005 0 -3.04691e-005 -1 0 0 0 1 0.000124498 4.08603 -0.668073</i>
                        <i>-1 4.57036e-005 9.62965e-035 -4.57009e-005 -0.999941 0.0108651 4.96574e-007 0.0108651 0.999941 0.000186746 4.08603 -0.668073</i>
                        <i>-1 6.09381e-005 1.92593e-034 -6.09237e-005 -0.999764 0.0217289 1.32412e-006 0.0217289 0.999764 0.000248995 4.08603 -0.668073</i>
                        <i>-0.999996 -0.00288053 -1.7597e-018 0.00287735 -0.998893 0.0469482 -0.000135236 0.046948 0.998897 -0.0117411 4.07599 -0.834614</i>
                        <i>-0.999983 -0.00582196 -2.82893e-018 0.00581655 -0.999054 0.0431002 -0.000250928 0.0430995 0.999071 -0.023693 4.06953 -0.934467</i>
                        <i>-1 -0.000248689 -1.64218e-018 0.000248634 -0.999778 0.0210586 -5.23705e-006 0.0210586 0.999778 -0.00101383 4.07671 -0.883017</i>
                        <i>-0.999986 0.00532459 -4.81482e-035 -0.00532453 -0.999974 -0.00482504 -2.56914e-005 -0.00482497 0.999988 0.0217565 4.08598 -0.796514</i>
                        <i>-0.999983 -0.00582196 0 0.00582193 -0.999978 0.00323671 -1.8844e-005 0.00323666 0.999995 -0.0237887 4.08596 -0.7537</i>
                        <i>-0.999999 -0.0014872 0 0.00148711 -0.999935 0.0112983 -1.68028e-005 0.0112982 0.999936 -0.00607676 4.08603 -0.708124</i>
                        <i>-0.999996 0.00284759 0 -0.00284705 -0.999809 0.0193591 5.51266e-005 0.019359 0.999813 0.0116353 4.08602 -0.668073</i>
                        <i>-0.999998 0.00191871 0 -0.00191847 -0.999874 0.015738 3.01967e-005 0.015738 0.999876 0.0078399 4.08603 -0.668073</i>
                        <i>-1 0.000989822 0 -0.00098975 -0.999926 0.0121168 1.19935e-005 0.0121168 0.999927 0.00404445 4.08603 -0.668073</i>
                        <i>-1 6.09381e-005 9.62965e-035 -6.09359e-005 -0.999964 0.00849542 5.17695e-007 0.00849542 0.999964 0.000248995 4.08603 -0.668073</i>
                        <i>-1 5.68756e-005 -4.81482e-035 -5.68749e-005 -0.999988 0.00487392 2.77207e-007 0.00487392 0.999988 0.000232396 4.08603 -0.668073</i>
                        <i>-1 5.28131e-005 0 -5.2813e-005 -0.999999 0.00125237 6.61414e-008 0.00125237 0.999999 0.000215796 4.08603 -0.668073</i>
                        <i>-1 4.87505e-005 0 -4.87505e-005 -0.999999 0.00109582 5.34219e-008 0.00109582 0.999999 0.000199196 4.08603 -0.668073</i>
                        <i>-1 4.4688e-005 1.20371e-035 -4.46879e-005 -1 0.000939276 4.19743e-008 0.000939276 1 0.000182597 4.08603 -0.668073</i>
                        <i>-1 4.06254e-005 0 -4.06254e-005 -1 0.00078273 3.17987e-008 0.00078273 1 0.000165997 4.08603 -0.668073</i>
                        <i>-1 3.65629e-005 0 -3.65629e-005 -1 0.000626184 2.28951e-008 0.000626184 1 0.000149397 4.08603 -0.668073</i>
                        <i>-1 3.25003e-005 0 -3.25003e-005 -1 0.000469638 1.52634e-008 0.000469638 1 0.000132797 4.08603 -0.668073</i>
                        <i>-1 2.84378e-005 -3.00927e-036 -2.84378e-005 -1 0.000313092 8.90365e-009 0.000313092 1 0.000116198 4.08603 -0.668073</i>
                        <i>-1 2.43753e-005 0 -2.43753e-005 -1 0.000156546 3.81584e-009 0.000156546 1 9.95981e-005 4.08603 -0.668073</i>
                        <i>-1 2.03127e-005 0 -2.03127e-005 -1 0 0 0 1 8.29984e-005 4.08603 -0.668073</i>
                        <i>-1 1.62502e-005 0 -1.62502e-005 -1 0 0 0 1 6.63987e-005 4.08603 -0.668073</i>
                        <i>-1 1.21876e-005 0 -1.21876e-005 -1 0 0 0 1 4.97991e-005 4.08603 -0.668073</i>
                        <i>-1 8.12508e-006 0 -8.12508e-006 -1 0 0 0 1 3.31994e-005 4.08603 -0.668073</i>
                        <i>-1 4.06255e-006 0 -4.06255e-006 -1 0 0 0 1 1.65997e-005 4.08603 -0.668073</i>
                        <i>-1 1.22465e-016 0 -1.22465e-016 -1 0 0 0 1 0 4.08603 -0.668073</i>
                    </KeyFrames>
                </p>
            </i>
            <i>
                <p>
                    <Name>
                        <![CDATA[barrel]]>
</Name>
                    <Exclude>0</Exclude>
                    <Additive>1</Additive>
                    <KeyFrames count="30">
                        <i>1 0 -0 0 1 0 0 0 1 -3.05169e-007 4.06784 2.5285</i>
                        <i>1 -1.52345e-005 -0 1.52345e-005 1 0 0 0 1 6.16664e-005 4.06784 2.1173</i>
                        <i>1 -3.04691e-005 -0 3.04691e-005 1 0 0 0 1 0.000123638 4.06784 1.70609</i>
                        <i>1 -4.57036e-005 -1.33059e-018 4.57009e-005 0.999941 -0.0108651 4.96574e-007 0.0108651 0.999941 0.000186789 4.09363 1.70615</i>
                        <i>1 -6.09381e-005 -2.66102e-018 6.09237e-005 0.999764 -0.0217289 1.32412e-006 0.0217289 0.999764 0.000250725 4.11943 1.70593</i>
                        <i>0.999996 0.00288053 -3.9898e-018 -0.00287735 0.998893 -0.0469482 -0.000135236 0.046948 0.998897 -0.0120101 4.16928 1.53779</i>
                        <i>0.999983 0.00582196 -2.44933e-018 -0.00581655 0.999054 -0.0431002 -0.000250928 0.0430995 0.999071 -0.0241832 4.15367 1.43828</i>
                        <i>1 0.000248689 -9.36754e-019 -0.000248634 0.999778 -0.0210586 -5.23705e-006 0.0210586 0.999778 -0.00102205 4.10851 1.491</i>
                        <i>0.999986 -0.00532459 5.90897e-019 0.00532453 0.999974 0.00482504 -2.56914e-005 -0.00482497 0.999988 0.0215983 4.05632 1.57754</i>
                        <i>0.999983 0.00582196 -3.96383e-019 -0.00582193 0.999978 -0.00323671 -1.8844e-005 0.00323666 0.999995 -0.0237279 4.07545 1.62051</i>
                        <i>0.999999 0.0014872 -1.38364e-018 -0.00148711 0.999935 -0.0112983 -1.68028e-005 0.0112982 0.999936 -0.0060899 4.09466 1.66609</i>
                        <i>0.999996 -0.00284759 -2.3708e-018 0.00284705 0.999809 -0.0193591 5.51266e-005 0.019359 0.999813 0.0117141 4.11379 1.706</i>
                        <i>0.999998 -0.00191871 -1.92735e-018 0.00191847 0.999874 -0.015738 3.01967e-005 0.015738 0.999876 0.00787638 4.1052 1.70608</i>
                        <i>1 -0.000989822 -1.48388e-018 0.00098975 0.999926 -0.0121168 1.19935e-005 0.0121168 0.999927 0.00405461 4.0966 1.70614</i>
                        <i>1 -6.09381e-005 -1.04039e-018 6.09359e-005 0.999964 -0.00849542 5.17695e-007 0.00849542 0.999964 0.00024881 4.08801 1.70616</i>
                        <i>1 -5.68756e-005 -5.96884e-019 5.68749e-005 0.999988 -0.00487392 2.77207e-007 0.00487392 0.999988 0.000231729 4.07968 1.76098</i>
                        <i>1 -5.28131e-005 -1.53371e-019 5.2813e-005 0.999999 -0.00125237 6.61414e-008 0.00125237 0.999999 0.000214694 4.07095 1.81577</i>
                        <i>1 -4.87505e-005 -1.34199e-019 4.87505e-005 0.999999 -0.00109582 5.34219e-008 0.00109582 0.999999 0.00019814 4.07062 1.87059</i>
                        <i>1 -4.4688e-005 -1.15028e-019 4.46879e-005 1 -0.000939276 4.19743e-008 0.000939276 1 0.000181587 4.07027 1.92542</i>
                        <i>1 -4.06254e-005 -9.58568e-020 4.06254e-005 1 -0.00078273 3.17987e-008 0.00078273 1 0.000165037 4.06991 1.98024</i>
                        <i>1 -3.65629e-005 -7.66854e-020 3.65629e-005 1 -0.000626184 2.28951e-008 0.000626184 1 0.000148489 4.06953 2.03507</i>
                        <i>1 -3.25003e-005 -5.75141e-020 3.25003e-005 1 -0.000469638 1.52634e-008 0.000469638 1 0.000131943 4.06913 2.08989</i>
                        <i>1 -2.84378e-005 -3.83427e-020 2.84378e-005 1 -0.000313092 8.90365e-009 0.000313092 1 0.0001154 4.06872 2.14471</i>
                        <i>1 -2.43753e-005 -1.91713e-020 2.43753e-005 1 -0.000156546 3.81584e-009 0.000156546 1 9.88603e-005 4.06829 2.19954</i>
                        <i>1 -2.03127e-005 -0 2.03127e-005 1 0 0 0 1 8.23236e-005 4.06784 2.25436</i>
                        <i>1 -1.62502e-005 -0 1.62502e-005 1 0 0 0 1 6.57979e-005 4.06784 2.30919</i>
                        <i>1 -1.21876e-005 -0 1.21876e-005 1 0 0 0 1 4.92721e-005 4.06784 2.36402</i>
                        <i>1 -8.12508e-006 -0 8.12508e-006 1 0 0 0 1 3.27464e-005 4.06784 2.41884</i>
                        <i>1 -4.06255e-006 -0 4.06255e-006 1 0 0 0 1 1.62206e-005 4.06784 2.47367</i>
                        <i>1 0 -0 0 1 0 0 0 1 -3.05169e-007 4.06784 2.5285</i>
                    </KeyFrames>
                </p>
            </i>
            <i>
                <p>
                    <Name>
                        <![CDATA[hatch]]>
</Name>
                    <Exclude>1</Exclude>
                    <Additive>0</Additive>
                    <KeyFrames count="30">
                        <i>1 0 -0 0 1 0 0 0 1 -1.03291 4.08725 -1.30414</i>
                        <i>1 -1.52345e-005 -0 1.52345e-005 1 0 0 0 1 -1.03285 4.08726 -1.30414</i>
                        <i>1 -3.04691e-005 -0 3.04691e-005 1 0 0 0 1 -1.03279 4.08728 -1.30414</i>
                        <i>1 -4.57036e-005 -1.33059e-018 4.57009e-005 0.999941 -0.0108651 4.96574e-007 0.0108651 0.999941 -1.03272 4.08038 -1.30412</i>
                        <i>1 -6.09381e-005 -2.66102e-018 6.09237e-005 0.999764 -0.0217289 1.32412e-006 0.0217289 0.999764 -1.03266 4.07349 -1.30402</i>
                        <i>0.999996 0.00288053 -3.9898e-018 -0.00287735 0.998893 -0.0469482 -0.000135236 0.046948 0.998897 -1.04456 4.04437 -1.47004</i>
                        <i>0.999983 0.00582196 -2.44933e-018 -0.00581655 0.999054 -0.0431002 -0.000250928 0.0430995 0.999071 -1.05643 4.03731 -1.57</i>
                        <i>1 0.000248689 -9.36754e-019 -0.000248634 0.999778 -0.0210586 -5.23705e-006 0.0210586 0.999778 -1.03392 4.06427 -1.51897</i>
                        <i>0.999986 -0.00532459 5.90897e-019 0.00532453 0.999974 0.00482504 -2.56914e-005 -0.00482497 0.999988 -1.01112 4.09576 -1.43257</i>
                        <i>0.999983 0.00582196 -3.96383e-019 -0.00582193 0.999978 -0.00323671 -1.8844e-005 0.00323666 0.999995 -1.05668 4.07911 -1.38977</i>
                        <i>0.999999 0.0014872 -1.38364e-018 -0.00148711 0.999935 -0.0112983 -1.68028e-005 0.0112982 0.999936 -1.03898 4.07852 -1.34417</i>
                        <i>0.999996 -0.00284759 -2.3708e-018 0.00284705 0.999809 -0.0193591 5.51266e-005 0.019359 0.999813 -1.0213 4.07786 -1.30405</i>
                        <i>0.999998 -0.00191871 -1.92735e-018 0.00191847 0.999874 -0.015738 3.01967e-005 0.015738 0.999876 -1.02508 4.07921 -1.30408</i>
                        <i>1 -0.000989822 -1.48388e-018 0.00098975 0.999926 -0.0121168 1.19935e-005 0.0121168 0.999927 -1.02887 4.08056 -1.30411</i>
                        <i>1 -6.09381e-005 -1.04039e-018 6.09359e-005 0.999964 -0.00849542 5.17695e-007 0.00849542 0.999964 -1.03266 4.08191 -1.30413</i>
                        <i>1 -5.68756e-005 -5.96884e-019 5.68749e-005 0.999988 -0.00487392 2.77207e-007 0.00487392 0.999988 -1.03268 4.08421 -1.30414</i>
                        <i>1 -5.28131e-005 -1.53371e-019 5.2813e-005 0.999999 -0.00125237 6.61414e-008 0.00125237 0.999999 -1.03269 4.08651 -1.30414</i>
                        <i>1 -4.87505e-005 -1.34199e-019 4.87505e-005 0.999999 -0.00109582 5.34219e-008 0.00109582 0.999999 -1.03271 4.0866 -1.30414</i>
                        <i>1 -4.4688e-005 -1.15028e-019 4.46879e-005 1 -0.000939276 4.19743e-008 0.000939276 1 -1.03273 4.0867 -1.30414</i>
                        <i>1 -4.06254e-005 -9.58568e-020 4.06254e-005 1 -0.00078273 3.17987e-008 0.00078273 1 -1.03274 4.08679 -1.30414</i>
                        <i>1 -3.65629e-005 -7.66854e-020 3.65629e-005 1 -0.000626184 2.28951e-008 0.000626184 1 -1.03276 4.08689 -1.30414</i>
                        <i>1 -3.25003e-005 -5.75141e-020 3.25003e-005 1 -0.000469638 1.52634e-008 0.000469638 1 -1.03278 4.08698 -1.30414</i>
                        <i>1 -2.84378e-005 -3.83427e-020 2.84378e-005 1 -0.000313092 8.90365e-009 0.000313092 1 -1.03279 4.08708 -1.30414</i>
                        <i>1 -2.43753e-005 -1.91713e-020 2.43753e-005 1 -0.000156546 3.81584e-009 0.000156546 1 -1.03281 4.08717 -1.30414</i>
                        <i>1 -2.03127e-005 -0 2.03127e-005 1 0 0 0 1 -1.03283 4.08727 -1.30414</i>
                        <i>1 -1.62502e-005 -0 1.62502e-005 1 0 0 0 1 -1.03284 4.08726 -1.30414</i>
                        <i>1 -1.21876e-005 -0 1.21876e-005 1 0 0 0 1 -1.03286 4.08726 -1.30414</i>
                        <i>1 -8.12508e-006 -0 8.12508e-006 1 0 0 0 1 -1.03288 4.08726 -1.30414</i>
                        <i>1 -4.06255e-006 -0 4.06255e-006 1 0 0 0 1 -1.03289 4.08725 -1.30414</i>
                        <i>1 0 -0 0 1 0 0 0 1 -1.03291 4.08725 -1.30414</i>
                    </KeyFrames>
                </p>
            </i>
        </Bones>
    </Skeleton>
</Animl>
