<?xml version="1.0" encoding="ISO-8859-1" ?>
<Animl Version="1">
    <ModellingPackage>
        <![CDATA[Maya.2008]]>
</ModellingPackage>
    <SrcFile>
        <![CDATA[units\mortars\british\anims\~src\lvl3\britmor_lvl3_fire.mb]]>
</SrcFile>
    <FramesPerSecond>30</FramesPerSecond>
    <TotalFrames>21</TotalFrames>
    <Skeleton>
        <RefFrame>
            <Name>
                <![CDATA[britmor3_ref_frame]]>
</Name>
            <Exclude>1</Exclude>
            <Additive>0</Additive>
            <KeyFrames count="21">
                <i>1 0 0 0 1 0 0 0 1 0 0 0</i>
                <i>1 0 0 0 1 0 0 0 1 0 0 0</i>
                <i>1 0 0 0 1 0 0 0 1 0 0 0</i>
                <i>1 0 0 0 1 0 0 0 1 0 0 0</i>
                <i>1 0 0 0 1 0 0 0 1 0 0 0</i>
                <i>1 0 0 0 1 0 0 0 1 0 0 0</i>
                <i>1 0 0 0 1 0 0 0 1 0 0 0</i>
                <i>1 0 0 0 1 0 0 0 1 0 0 0</i>
                <i>1 0 0 0 1 0 0 0 1 0 0 0</i>
                <i>1 0 0 0 1 0 0 0 1 0 0 0</i>
                <i>1 0 0 0 1 0 0 0 1 0 0 0</i>
                <i>1 0 0 0 1 0 0 0 1 0 0 0</i>
                <i>1 0 0 0 1 0 0 0 1 0 0 0</i>
                <i>1 0 0 0 1 0 0 0 1 0 0 0</i>
                <i>1 0 0 0 1 0 0 0 1 0 0 0</i>
                <i>1 0 0 0 1 0 0 0 1 0 0 0</i>
                <i>1 0 0 0 1 0 0 0 1 0 0 0</i>
                <i>1 0 0 0 1 0 0 0 1 0 0 0</i>
                <i>1 0 0 0 1 0 0 0 1 0 0 0</i>
                <i>1 0 0 0 1 0 0 0 1 0 0 0</i>
                <i>1 0 0 0 1 0 0 0 1 0 0 0</i>
            </KeyFrames>
        </RefFrame>
        <Bones count="4">
            <i>
                <p>
                    <Name>
                        <![CDATA[root]]>
</Name>
                    <Exclude>0</Exclude>
                    <Additive>1</Additive>
                    <KeyFrames count="21">
                        <i>1 0 0 0 1 0 0 0 1 0 0 0</i>
                        <i>0.999328 0.0366454 0 -0.0366454 0.999328 0 0 0 1 0 0 -0.0139911</i>
                        <i>0.999807 -0.0196259 0 0.0196259 0.999807 0 0 0 1 0 0.0015375 -0.0279822</i>
                        <i>0.999987 -0.00503076 0 0.00503076 0.999987 0 0 0 1 0 0.003075 -0.0196548</i>
                        <i>0.999954 0.0095654 0 -0.0095654 0.999954 0 0 0 1 0 0.00155625 -0.0113274</i>
                        <i>0.999998 -0.00187601 0 0.00187601 0.999998 0 0 0 1 0 3.75003e-005 -0.003</i>
                        <i>0.999911 -0.0133172 0 0.0133172 0.999911 0 0 0 1 0 -0.00148125 -0.00195</i>
                        <i>0.999983 -0.0058694 0 0.0058694 0.999983 0 0 0 1 0 -0.003 -0.0009</i>
                        <i>0.999999 0.00157869 0 -0.00157869 0.999999 0 0 0 1 0 -0.0009 0.00015</i>
                        <i>1 0.000789345 0 -0.000789345 1 0 0 0 1 0 0.0012 0.0012</i>
                        <i>1 0 0 0 1 0 0 0 1 0 0 0</i>
                        <i>1 0 0 0 1 0 0 0 1 0 0 0</i>
                        <i>1 0 0 0 1 0 0 0 1 0 0 0</i>
                        <i>1 0 0 0 1 0 0 0 1 0 0 0</i>
                        <i>1 0 0 0 1 0 0 0 1 0 0 0</i>
                        <i>1 0 0 0 1 0 0 0 1 0 0 0</i>
                        <i>1 0 0 0 1 0 0 0 1 0 0 0</i>
                        <i>1 0 0 0 1 0 0 0 1 0 0 0</i>
                        <i>1 0 0 0 1 0 0 0 1 0 0 0</i>
                        <i>1 0 0 0 1 0 0 0 1 0 0 0</i>
                        <i>1 0 0 0 1 0 0 0 1 0 0 0</i>
                    </KeyFrames>
                </p>
            </i>
            <i>
                <p>
                    <Name>
                        <![CDATA[angle_pivot]]>
</Name>
                    <Exclude>0</Exclude>
                    <Additive>1</Additive>
                    <KeyFrames count="21">
                        <i>-1 1.22465e-016 0 -2.46519e-032 -2.22045e-016 1 1.22465e-016 1 2.22045e-016 0 1 0</i>
                        <i>-0.999328 -0.0366454 0 4.79687e-005 -0.00130812 0.999999 -0.0366454 0.999327 0.001309 -0.0317897 0.866911 -0.0139911</i>
                        <i>-0.999807 0.0196259 0 -5.13803e-005 -0.00261749 0.999997 0.0196258 0.999804 0.00261799 0.0178922 0.913025 -0.0279822</i>
                        <i>-0.999987 0.00503076 -1.2326e-032 6.36574e-006 0.00126535 0.999999 0.00503076 0.999987 -0.00126536 0.00480856 0.958894 -0.0196548</i>
                        <i>-0.999954 -0.0095654 -1.2326e-032 -4.92494e-005 0.00514846 0.999987 -0.00956527 0.999941 -0.0051487 -0.0095654 1.00151 -0.0113274</i>
                        <i>-0.999998 0.00187601 0 1.6944e-005 0.00903194 0.999959 0.00187593 0.999957 -0.00903196 0.00187601 1.00004 -0.003</i>
                        <i>-0.999911 0.0133172 0 2.17902e-005 0.0016361 0.999999 0.0133171 0.99991 -0.00163625 0.0133172 0.99843 -0.00195</i>
                        <i>-0.999983 0.0058694 0 -3.38051e-005 -0.00575946 0.999983 0.0058693 0.999966 0.00575955 0.0058694 0.996983 -0.0009</i>
                        <i>-0.999999 -0.00157869 0 -3.09975e-007 0.000196349 1 -0.00157869 0.999999 -0.00019635 -0.00157869 0.999099 0.00015</i>
                        <i>-1 -0.000789345 1.2326e-032 -4.85624e-006 0.00615224 0.999981 -0.00078933 0.999981 -0.00615225 -0.000789345 1.0012 0.0012</i>
                        <i>-1 1.22465e-016 0 2.80535e-019 0.00229074 0.999997 1.22464e-016 0.999997 -0.00229074 0 1 0</i>
                        <i>-1 1.22465e-016 -1.2326e-032 -1.92367e-019 -0.0015708 0.999999 1.22465e-016 0.999999 0.0015708 0 1 0</i>
                        <i>-1 1.22465e-016 1.2326e-032 4.64886e-019 0.00379608 0.999993 1.22464e-016 0.999993 -0.00379608 0 1 0</i>
                        <i>-1 1.22465e-016 -1.2326e-032 2.32443e-019 0.00189804 0.999998 1.22464e-016 0.999998 -0.00189804 0 1 0</i>
                        <i>-1 1.22465e-016 0 -2.46519e-032 -2.22045e-016 1 1.22465e-016 1 2.22045e-016 0 1 0</i>
                        <i>-1 1.22465e-016 0 -2.46519e-032 -2.22045e-016 1 1.22465e-016 1 2.22045e-016 0 1 0</i>
                        <i>-1 1.22465e-016 0 -2.46519e-032 -2.22045e-016 1 1.22465e-016 1 2.22045e-016 0 1 0</i>
                        <i>-1 1.22465e-016 0 -2.46519e-032 -2.22045e-016 1 1.22465e-016 1 2.22045e-016 0 1 0</i>
                        <i>-1 1.22465e-016 0 -2.46519e-032 -2.22045e-016 1 1.22465e-016 1 2.22045e-016 0 1 0</i>
                        <i>-1 1.22465e-016 0 -2.46519e-032 -2.22045e-016 1 1.22465e-016 1 2.22045e-016 0 1 0</i>
                        <i>-1 1.22465e-016 0 -2.46519e-032 -2.22045e-016 1 1.22465e-016 1 2.22045e-016 0 1 0</i>
                    </KeyFrames>
                </p>
            </i>
            <i>
                <p>
                    <Name>
                        <![CDATA[barrel]]>
</Name>
                    <Exclude>1</Exclude>
                    <Additive>0</Additive>
                    <KeyFrames count="21">
                        <i>-1 1.22465e-016 0 -2.46519e-032 -2.22045e-016 1 1.22465e-016 1 2.22045e-016 2.51736e-016 2.02779 2.28215e-016</i>
                        <i>-0.999328 -0.0366454 0 4.79687e-005 -0.00130812 0.999999 -0.0366454 0.999327 0.001309 -0.0694534 1.89401 -0.0126457</i>
                        <i>-0.999807 0.0196259 0 -5.13803e-005 -0.00261749 0.999997 0.0196258 0.999804 0.00261799 0.0380634 1.94061 -0.0252915</i>
                        <i>-0.999987 0.00503076 -1.2326e-032 6.36574e-006 0.00126535 0.999999 0.00503076 0.999987 -0.00126536 0.00997912 1.98667 -0.0209554</i>
                        <i>-0.999954 -0.0095654 -1.2326e-032 -4.92494e-005 0.00514846 0.999987 -0.00956527 0.999941 -0.0051487 -0.0193965 2.02924 -0.0166192</i>
                        <i>-0.999998 0.00187601 0 1.6944e-005 0.00903194 0.999959 0.00187593 0.999957 -0.00903196 0.00380407 2.02778 -0.012283</i>
                        <i>-0.999911 0.0133172 0 2.17902e-005 0.0016361 0.999999 0.0133171 0.99991 -0.00163625 0.0270044 2.02613 -0.00363172</i>
                        <i>-0.999983 0.0058694 0 -3.38051e-005 -0.00575946 0.999983 0.0058693 0.999966 0.00575955 0.0119018 2.02474 0.00501962</i>
                        <i>-0.999999 -0.00157869 0 -3.09975e-007 0.000196349 1 -0.00157869 0.999999 -0.00019635 -0.00320125 2.02689 -5.18061e-005</i>
                        <i>-1 -0.000789345 1.2326e-032 -4.85624e-006 0.00615224 0.999981 -0.00078933 0.999981 -0.00615225 -0.00160061 2.02897 -0.00512322</i>
                        <i>-1 1.22465e-016 0 2.80535e-019 0.00229074 0.999997 1.22464e-016 0.999997 -0.00229074 2.51736e-016 2.02779 -0.0023544</i>
                        <i>-1 1.22465e-016 -1.2326e-032 -1.92367e-019 -0.0015708 0.999999 1.22465e-016 0.999999 0.0015708 2.51736e-016 2.02779 0.00161445</i>
                        <i>-1 1.22465e-016 1.2326e-032 4.64886e-019 0.00379608 0.999993 1.22464e-016 0.999993 -0.00379608 2.51735e-016 2.02778 -0.00390158</i>
                        <i>-1 1.22465e-016 -1.2326e-032 2.32443e-019 0.00189804 0.999998 1.22464e-016 0.999998 -0.00189804 2.51736e-016 2.02779 -0.00195079</i>
                        <i>-1 1.22465e-016 0 -2.46519e-032 -2.22045e-016 1 1.22465e-016 1 2.22045e-016 2.51736e-016 2.02779 2.28215e-016</i>
                        <i>-1 1.22465e-016 0 -2.46519e-032 -2.22045e-016 1 1.22465e-016 1 2.22045e-016 2.51736e-016 2.02779 2.28215e-016</i>
                        <i>-1 1.22465e-016 0 -2.46519e-032 -2.22045e-016 1 1.22465e-016 1 2.22045e-016 2.51736e-016 2.02779 2.28215e-016</i>
                        <i>-1 1.22465e-016 0 -2.46519e-032 -2.22045e-016 1 1.22465e-016 1 2.22045e-016 2.51736e-016 2.02779 2.28215e-016</i>
                        <i>-1 1.22465e-016 0 -2.46519e-032 -2.22045e-016 1 1.22465e-016 1 2.22045e-016 2.51736e-016 2.02779 2.28215e-016</i>
                        <i>-1 1.22465e-016 0 -2.46519e-032 -2.22045e-016 1 1.22465e-016 1 2.22045e-016 2.51736e-016 2.02779 2.28215e-016</i>
                        <i>-1 1.22465e-016 0 -2.46519e-032 -2.22045e-016 1 1.22465e-016 1 2.22045e-016 2.51736e-016 2.02779 2.28215e-016</i>
                    </KeyFrames>
                </p>
            </i>
            <i>
                <p>
                    <Name>
                        <![CDATA[crank]]>
</Name>
                    <Exclude>1</Exclude>
                    <Additive>0</Additive>
                    <KeyFrames count="21">
                        <i>1 -1.22465e-016 -1.22465e-016 1.22465e-016 1 0 1.22465e-016 0 1 -1.42109e-016 2.80779 -0.763225</i>
                        <i>0.999328 0.0366454 -1.22465e-016 -0.0366454 0.999327 0.001309 4.79687e-005 -0.00130812 0.999999 -0.0980734 2.67449 -0.774849</i>
                        <i>0.999807 -0.0196259 -1.22464e-016 0.0196258 0.999804 0.00261799 -5.13803e-005 -0.00261749 0.999997 0.0534107 2.72246 -0.786472</i>
                        <i>0.999987 -0.00503076 -1.22465e-016 0.00503076 0.999987 -0.00126536 6.36574e-006 0.00126535 0.999999 0.0138983 2.7657 -0.785167</i>
                        <i>0.999954 0.0095654 -1.22463e-016 -0.00956527 0.999941 -0.0051487 -4.92494e-005 0.00514846 0.999987 -0.0268198 2.80527 -0.78385</i>
                        <i>0.999998 -0.00187601 -1.2246e-016 0.00187593 0.999957 -0.00903196 1.6944e-005 0.00903194 0.999959 0.00525437 2.80086 -0.782522</i>
                        <i>0.999911 -0.0133172 -1.22465e-016 0.0133171 0.99991 -0.00163625 2.17902e-005 0.0016361 0.999999 0.0373752 2.80481 -0.768132</i>
                        <i>0.999983 -0.0058694 -1.22463e-016 0.0058693 0.999966 0.00575955 -3.38051e-005 -0.00575946 0.999983 0.0165057 2.80911 -0.7537</i>
                        <i>0.999999 0.00157869 -1.22465e-016 -0.00157869 0.999999 -0.00019635 -3.09975e-007 0.000196349 1 -0.00443239 2.80674 -0.76343</i>
                        <i>1 0.000789345 -1.22462e-016 -0.00078933 0.999981 -0.00615225 -4.85624e-006 0.00615224 0.999981 -0.00221258 2.80426 -0.773132</i>
                        <i>1 -1.22745e-016 -1.22464e-016 1.22464e-016 0.999997 -0.00229074 1.22745e-016 0.00229074 0.999997 -1.42109e-016 2.80604 -0.767364</i>
                        <i>1 -1.22272e-016 -1.22465e-016 1.22465e-016 0.999999 0.0015708 1.22272e-016 -0.0015708 0.999999 -1.42109e-016 2.80899 -0.760384</i>
                        <i>1 -1.2293e-016 -1.22464e-016 1.22464e-016 0.999993 -0.00379608 1.2293e-016 0.00379608 0.999993 -1.42109e-016 2.80488 -0.770082</i>
                        <i>1 -1.22697e-016 -1.22464e-016 1.22464e-016 0.999998 -0.00189804 1.22697e-016 0.00189804 0.999998 -1.42109e-016 2.80634 -0.766655</i>
                        <i>1 -1.22465e-016 -1.22465e-016 1.22465e-016 1 0 1.22465e-016 0 1 -1.42109e-016 2.80779 -0.763225</i>
                        <i>1 -1.22465e-016 -1.22465e-016 1.22465e-016 1 0 1.22465e-016 0 1 -1.42109e-016 2.80779 -0.763225</i>
                        <i>1 -1.22465e-016 -1.22465e-016 1.22465e-016 1 0 1.22465e-016 0 1 -1.42109e-016 2.80779 -0.763225</i>
                        <i>1 -1.22465e-016 -1.22465e-016 1.22465e-016 1 0 1.22465e-016 0 1 -1.42109e-016 2.80779 -0.763225</i>
                        <i>1 -1.22465e-016 -1.22465e-016 1.22465e-016 1 0 1.22465e-016 0 1 -1.42109e-016 2.80779 -0.763225</i>
                        <i>1 -1.22465e-016 -1.22465e-016 1.22465e-016 1 0 1.22465e-016 0 1 -1.42109e-016 2.80779 -0.763225</i>
                        <i>1 -1.22465e-016 -1.22465e-016 1.22465e-016 1 0 1.22465e-016 0 1 -1.42109e-016 2.80779 -0.763225</i>
                    </KeyFrames>
                </p>
            </i>
        </Bones>
    </Skeleton>
</Animl>
