<?xml version="1.0" encoding="ISO-8859-1" ?>
<Animl Version="1">
    <ModellingPackage><![CDATA[Maya.2010]]></ModellingPackage>
    <SrcFile><![CDATA[anims\turrets\artillery\red\~src\artillery_scud\artillery_scud_fire.mb]]></SrcFile>
    <FramesPerSecond>30</FramesPerSecond>
    <TotalFrames>117</TotalFrames>
    <Skeleton>
        <RefFrame>
            <Name><![CDATA[artillery_scud_ref_frame]]></Name>
            <Exclude>1</Exclude>
            <Additive>0</Additive>
            <IKPriority>0</IKPriority>
            <IKRotLimits>-1e+010 -1e+010 -1e+010 1e+010 1e+010 1e+010</IKRotLimits>
            <IKRotLimitOrder>0</IKRotLimitOrder>
            <KeyFrames count="117">
                <i>1 0 0 0 1 0 0 0 1 0 1.27 0</i>
                <i>1 0 0 0 1 0 0 0 1 0 1.27 0</i>
                <i>1 0 0 0 1 0 0 0 1 0 1.27 0</i>
                <i>1 0 0 0 1 0 0 0 1 0 1.27 0</i>
                <i>1 0 0 0 1 0 0 0 1 0 1.27 0</i>
                <i>1 0 0 0 1 0 0 0 1 0 1.27 0</i>
                <i>1 0 0 0 1 0 0 0 1 0 1.27 0</i>
                <i>1 0 0 0 1 0 0 0 1 0 1.27 0</i>
                <i>1 0 0 0 1 0 0 0 1 0 1.27 0</i>
                <i>1 0 0 0 1 0 0 0 1 0 1.27 0</i>
                <i>1 0 0 0 1 0 0 0 1 0 1.27 0</i>
                <i>1 0 0 0 1 0 0 0 1 0 1.27 0</i>
                <i>1 0 0 0 1 0 0 0 1 0 1.27 0</i>
                <i>1 0 0 0 1 0 0 0 1 0 1.27 0</i>
                <i>1 0 0 0 1 0 0 0 1 0 1.27 0</i>
                <i>1 0 0 0 1 0 0 0 1 0 1.27 0</i>
                <i>1 0 0 0 1 0 0 0 1 0 1.27 0</i>
                <i>1 0 0 0 1 0 0 0 1 0 1.27 0</i>
                <i>1 0 0 0 1 0 0 0 1 0 1.27 0</i>
                <i>1 0 0 0 1 0 0 0 1 0 1.27 0</i>
                <i>1 0 0 0 1 0 0 0 1 0 1.27 0</i>
                <i>1 0 0 0 1 0 0 0 1 0 1.27 0</i>
                <i>1 0 0 0 1 0 0 0 1 0 1.27 0</i>
                <i>1 0 0 0 1 0 0 0 1 0 1.27 0</i>
                <i>1 0 0 0 1 0 0 0 1 0 1.27 0</i>
                <i>1 0 0 0 1 0 0 0 1 0 1.27 0</i>
                <i>1 0 0 0 1 0 0 0 1 0 1.27 0</i>
                <i>1 0 0 0 1 0 0 0 1 0 1.27 0</i>
                <i>1 0 0 0 1 0 0 0 1 0 1.27 0</i>
                <i>1 0 0 0 1 0 0 0 1 0 1.27 0</i>
                <i>1 0 0 0 1 0 0 0 1 0 1.27 0</i>
                <i>1 0 0 0 1 0 0 0 1 0 1.27 0</i>
                <i>1 0 0 0 1 0 0 0 1 0 1.27 0</i>
                <i>1 0 0 0 1 0 0 0 1 0 1.27 0</i>
                <i>1 0 0 0 1 0 0 0 1 0 1.27 0</i>
                <i>1 0 0 0 1 0 0 0 1 0 1.27 0</i>
                <i>1 0 0 0 1 0 0 0 1 0 1.27 0</i>
                <i>1 0 0 0 1 0 0 0 1 0 1.27 0</i>
                <i>1 0 0 0 1 0 0 0 1 0 1.27 0</i>
                <i>1 0 0 0 1 0 0 0 1 0 1.27 0</i>
                <i>1 0 0 0 1 0 0 0 1 0 1.27 0</i>
                <i>1 0 0 0 1 0 0 0 1 0 1.27 0</i>
                <i>1 0 0 0 1 0 0 0 1 0 1.27 0</i>
                <i>1 0 0 0 1 0 0 0 1 0 1.27 0</i>
                <i>1 0 0 0 1 0 0 0 1 0 1.27 0</i>
                <i>1 0 0 0 1 0 0 0 1 0 1.27 0</i>
                <i>1 0 0 0 1 0 0 0 1 0 1.27 0</i>
                <i>1 0 0 0 1 0 0 0 1 0 1.27 0</i>
                <i>1 0 0 0 1 0 0 0 1 0 1.27 0</i>
                <i>1 0 0 0 1 0 0 0 1 0 1.27 0</i>
                <i>1 0 0 0 1 0 0 0 1 0 1.27 0</i>
                <i>1 0 0 0 1 0 0 0 1 0 1.27 0</i>
                <i>1 0 0 0 1 0 0 0 1 0 1.27 0</i>
                <i>1 0 0 0 1 0 0 0 1 0 1.27 0</i>
                <i>1 0 0 0 1 0 0 0 1 0 1.27 0</i>
                <i>1 0 0 0 1 0 0 0 1 0 1.27 0</i>
                <i>1 0 0 0 1 0 0 0 1 0 1.27 0</i>
                <i>1 0 0 0 1 0 0 0 1 0 1.27 0</i>
                <i>1 0 0 0 1 0 0 0 1 0 1.27 0</i>
                <i>1 0 0 0 1 0 0 0 1 0 1.27 0</i>
                <i>1 0 0 0 1 0 0 0 1 0 1.27 0</i>
                <i>1 0 0 0 1 0 0 0 1 0 1.27 0</i>
                <i>1 0 0 0 1 0 0 0 1 0 1.27 0</i>
                <i>1 0 0 0 1 0 0 0 1 0 1.27 0</i>
                <i>1 0 0 0 1 0 0 0 1 0 1.27 0</i>
                <i>1 0 0 0 1 0 0 0 1 0 1.27 0</i>
                <i>1 0 0 0 1 0 0 0 1 0 1.27 0</i>
                <i>1 0 0 0 1 0 0 0 1 0 1.27 0</i>
                <i>1 0 0 0 1 0 0 0 1 0 1.27 0</i>
                <i>1 0 0 0 1 0 0 0 1 0 1.27 0</i>
                <i>1 0 0 0 1 0 0 0 1 0 1.27 0</i>
                <i>1 0 0 0 1 0 0 0 1 0 1.27 0</i>
                <i>1 0 0 0 1 0 0 0 1 0 1.27 0</i>
                <i>1 0 0 0 1 0 0 0 1 0 1.27 0</i>
                <i>1 0 0 0 1 0 0 0 1 0 1.27 0</i>
                <i>1 0 0 0 1 0 0 0 1 0 1.27 0</i>
                <i>1 0 0 0 1 0 0 0 1 0 1.27 0</i>
                <i>1 0 0 0 1 0 0 0 1 0 1.27 0</i>
                <i>1 0 0 0 1 0 0 0 1 0 1.27 0</i>
                <i>1 0 0 0 1 0 0 0 1 0 1.27 0</i>
                <i>1 0 0 0 1 0 0 0 1 0 1.27 0</i>
                <i>1 0 0 0 1 0 0 0 1 0 1.27 0</i>
                <i>1 0 0 0 1 0 0 0 1 0 1.27 0</i>
                <i>1 0 0 0 1 0 0 0 1 0 1.27 0</i>
                <i>1 0 0 0 1 0 0 0 1 0 1.27 0</i>
                <i>1 0 0 0 1 0 0 0 1 0 1.27 0</i>
                <i>1 0 0 0 1 0 0 0 1 0 1.27 0</i>
                <i>1 0 0 0 1 0 0 0 1 0 1.27 0</i>
                <i>1 0 0 0 1 0 0 0 1 0 1.27 0</i>
                <i>1 0 0 0 1 0 0 0 1 0 1.27 0</i>
                <i>1 0 0 0 1 0 0 0 1 0 1.27 0</i>
                <i>1 0 0 0 1 0 0 0 1 0 1.27 0</i>
                <i>1 0 0 0 1 0 0 0 1 0 1.27 0</i>
                <i>1 0 0 0 1 0 0 0 1 0 1.27 0</i>
                <i>1 0 0 0 1 0 0 0 1 0 1.27 0</i>
                <i>1 0 0 0 1 0 0 0 1 0 1.27 0</i>
                <i>1 0 0 0 1 0 0 0 1 0 1.27 0</i>
                <i>1 0 0 0 1 0 0 0 1 0 1.27 0</i>
                <i>1 0 0 0 1 0 0 0 1 0 1.27 0</i>
                <i>1 0 0 0 1 0 0 0 1 0 1.27 0</i>
                <i>1 0 0 0 1 0 0 0 1 0 1.27 0</i>
                <i>1 0 0 0 1 0 0 0 1 0 1.27 0</i>
                <i>1 0 0 0 1 0 0 0 1 0 1.27 0</i>
                <i>1 0 0 0 1 0 0 0 1 0 1.27 0</i>
                <i>1 0 0 0 1 0 0 0 1 0 1.27 0</i>
                <i>1 0 0 0 1 0 0 0 1 0 1.27 0</i>
                <i>1 0 0 0 1 0 0 0 1 0 1.27 0</i>
                <i>1 0 0 0 1 0 0 0 1 0 1.27 0</i>
                <i>1 0 0 0 1 0 0 0 1 0 1.27 0</i>
                <i>1 0 0 0 1 0 0 0 1 0 1.27 0</i>
                <i>1 0 0 0 1 0 0 0 1 0 1.27 0</i>
                <i>1 0 0 0 1 0 0 0 1 0 1.27 0</i>
                <i>1 0 0 0 1 0 0 0 1 0 1.27 0</i>
                <i>1 0 0 0 1 0 0 0 1 0 1.27 0</i>
                <i>1 0 0 0 1 0 0 0 1 0 1.27 0</i>
                <i>1 0 0 0 1 0 0 0 1 0 1.27 0</i>
                <i>1 0 0 0 1 0 0 0 1 0 1.27 0</i>
            </KeyFrames>
        </RefFrame>
        <Bones count="9">
            <i>
                <p>
                    <Name><![CDATA[artillery_scud_root]]></Name>
                    <Exclude>0</Exclude>
                    <Additive>0</Additive>
                    <IKPriority>0</IKPriority>
                    <IKRotLimits>-1e+010 -1e+010 -1e+010 1e+010 1e+010 1e+010</IKRotLimits>
                    <IKRotLimitOrder>0</IKRotLimitOrder>
                    <KeyFrames count="117">
                        <i>1 0 0 0 1 0 0 0 1 0 1.27 0</i>
                        <i>1 0 0 0 1 0 0 0 1 0 1.27 0</i>
                        <i>1 0 0 0 1 0 0 0 1 0 1.27 0</i>
                        <i>1 0 0 0 1 0 0 0 1 0 1.27 0</i>
                        <i>1 0 0 0 1 0 0 0 1 0 1.27 0</i>
                        <i>1 0 0 0 1 0 0 0 1 0 1.27 0</i>
                        <i>1 0 0 0 1 0 0 0 1 0 1.27 0</i>
                        <i>1 0 0 0 1 0 0 0 1 0 1.27 0</i>
                        <i>1 0 0 0 1 0 0 0 1 0 1.27 0</i>
                        <i>1 0 0 0 1 0 0 0 1 0 1.27 0</i>
                        <i>1 0 0 0 1 0 0 0 1 0 1.27 0</i>
                        <i>1 0 0 0 1 0 0 0 1 0 1.27 0</i>
                        <i>1 0 0 0 1 0 0 0 1 0 1.27 0</i>
                        <i>1 0 0 0 1 0 0 0 1 0 1.27 0</i>
                        <i>1 0 0 0 1 0 0 0 1 0 1.27 0</i>
                        <i>1 0 0 0 1 0 0 0 1 0 1.27 0</i>
                        <i>1 0 0 0 1 0 0 0 1 0 1.27 0</i>
                        <i>1 0 0 0 1 0 0 0 1 0 1.27 0</i>
                        <i>1 0 0 0 1 0 0 0 1 0 1.27 0</i>
                        <i>1 0 0 0 1 0 0 0 1 0 1.27 0</i>
                        <i>1 0 0 0 1 0 0 0 1 0 1.27 0</i>
                        <i>1 0 0 0 1 0 0 0 1 0 1.27 0</i>
                        <i>1 0 0 0 1 0 0 0 1 0 1.27 0</i>
                        <i>1 0 0 0 1 0 0 0 1 0 1.27 0</i>
                        <i>1 0 0 0 1 0 0 0 1 0 1.27 0</i>
                        <i>1 0 0 0 1 0 0 0 1 0 1.27 0</i>
                        <i>1 0 0 0 1 0 0 0 1 0 1.27 0</i>
                        <i>1 0 0 0 1 0 0 0 1 0 1.27 0</i>
                        <i>1 0 0 0 1 0 0 0 1 0 1.27 0</i>
                        <i>1 0 0 0 1 0 0 0 1 0 1.27 0</i>
                        <i>1 0 0 0 1 0 0 0 1 0 1.27 0</i>
                        <i>1 0 0 0 1 0 0 0 1 0 1.27 0</i>
                        <i>1 0 0 0 1 0 0 0 1 0 1.27 0</i>
                        <i>1 0 0 0 1 0 0 0 1 0 1.27 0</i>
                        <i>1 0 0 0 1 0 0 0 1 0 1.27 0</i>
                        <i>1 0 0 0 1 0 0 0 1 0 1.27 0</i>
                        <i>1 0 0 0 1 0 0 0 1 0 1.27 0</i>
                        <i>1 0 0 0 1 0 0 0 1 0 1.27 0</i>
                        <i>1 0 0 0 1 0 0 0 1 0 1.27 0</i>
                        <i>1 0 0 0 1 0 0 0 1 0 1.27 0</i>
                        <i>1 0 0 0 1 0 0 0 1 0 1.27 0</i>
                        <i>1 0 0 0 1 0 0 0 1 0 1.27 0</i>
                        <i>1 0 0 0 1 0 0 0 1 0 1.27 0</i>
                        <i>1 0 0 0 1 0 0 0 1 0 1.27 0</i>
                        <i>1 0 0 0 1 0 0 0 1 0 1.27 0</i>
                        <i>1 0 0 0 1 0 0 0 1 0 1.27 0</i>
                        <i>1 0 0 0 1 0 0 0 1 0 1.27 0</i>
                        <i>1 0 0 0 1 0 0 0 1 0 1.27 0</i>
                        <i>1 0 0 0 1 0 0 0 1 0 1.27 0</i>
                        <i>1 0 0 0 1 0 0 0 1 0 1.27 0</i>
                        <i>1 0 0 0 1 0 0 0 1 0 1.27 0</i>
                        <i>1 0 0 0 1 0 0 0 1 0 1.27 0</i>
                        <i>1 0 0 0 1 0 0 0 1 0 1.27 0</i>
                        <i>1 0 0 0 1 0 0 0 1 0 1.27 0</i>
                        <i>1 0 0 0 1 0 0 0 1 0 1.27 0</i>
                        <i>1 0 0 0 1 0 0 0 1 0 1.27 0</i>
                        <i>1 0 0 0 1 0 0 0 1 0 1.27 0</i>
                        <i>1 0 0 0 1 0 0 0 1 0 1.27 0</i>
                        <i>1 0 0 0 1 0 0 0 1 0 1.27 0</i>
                        <i>1 0 0 0 1 0 0 0 1 0 1.27 0</i>
                        <i>1 0 0 0 1 0 0 0 1 0 1.27 0</i>
                        <i>1 0 0 0 1 0 0 0 1 0 1.27 0</i>
                        <i>1 0 0 0 1 0 0 0 1 0 1.27 0</i>
                        <i>1 0 0 0 1 0 0 0 1 0 1.27 0</i>
                        <i>1 0 0 0 1 0 0 0 1 0 1.27 0</i>
                        <i>1 0 0 0 1 0 0 0 1 0 1.27 0</i>
                        <i>1 0 0 0 1 0 0 0 1 0 1.27 0</i>
                        <i>1 0 0 0 1 0 0 0 1 0 1.27 0</i>
                        <i>1 0 0 0 1 0 0 0 1 0 1.27 0</i>
                        <i>1 0 0 0 1 0 0 0 1 0 1.27 0</i>
                        <i>1 0 0 0 1 0 0 0 1 0 1.27 0</i>
                        <i>1 0 0 0 1 0 0 0 1 0 1.27 0</i>
                        <i>1 0 0 0 1 0 0 0 1 0 1.27 0</i>
                        <i>1 0 0 0 1 0 0 0 1 0 1.27 0</i>
                        <i>1 0 0 0 1 0 0 0 1 0 1.27 0</i>
                        <i>1 0 0 0 1 0 0 0 1 0 1.27 0</i>
                        <i>1 0 0 0 1 0 0 0 1 0 1.27 0</i>
                        <i>1 0 0 0 1 0 0 0 1 0 1.27 0</i>
                        <i>1 0 0 0 1 0 0 0 1 0 1.27 0</i>
                        <i>1 0 0 0 1 0 0 0 1 0 1.27 0</i>
                        <i>1 0 0 0 1 0 0 0 1 0 1.27 0</i>
                        <i>1 0 0 0 1 0 0 0 1 0 1.27 0</i>
                        <i>1 0 0 0 1 0 0 0 1 0 1.27 0</i>
                        <i>1 0 0 0 1 0 0 0 1 0 1.27 0</i>
                        <i>1 0 0 0 1 0 0 0 1 0 1.27 0</i>
                        <i>1 0 0 0 1 0 0 0 1 0 1.27 0</i>
                        <i>1 0 0 0 1 0 0 0 1 0 1.27 0</i>
                        <i>1 0 0 0 1 0 0 0 1 0 1.27 0</i>
                        <i>1 0 0 0 1 0 0 0 1 0 1.27 0</i>
                        <i>1 0 0 0 1 0 0 0 1 0 1.27 0</i>
                        <i>1 0 0 0 1 0 0 0 1 0 1.27 0</i>
                        <i>1 0 0 0 1 0 0 0 1 0 1.27 0</i>
                        <i>1 0 0 0 1 0 0 0 1 0 1.27 0</i>
                        <i>1 0 0 0 1 0 0 0 1 0 1.27 0</i>
                        <i>1 0 0 0 1 0 0 0 1 0 1.27 0</i>
                        <i>1 0 0 0 1 0 0 0 1 0 1.27 0</i>
                        <i>1 0 0 0 1 0 0 0 1 0 1.27 0</i>
                        <i>1 0 0 0 1 0 0 0 1 0 1.27 0</i>
                        <i>1 0 0 0 1 0 0 0 1 0 1.27 0</i>
                        <i>1 0 0 0 1 0 0 0 1 0 1.27 0</i>
                        <i>1 0 0 0 1 0 0 0 1 0 1.27 0</i>
                        <i>1 0 0 0 1 0 0 0 1 0 1.27 0</i>
                        <i>1 0 0 0 1 0 0 0 1 0 1.27 0</i>
                        <i>1 0 0 0 1 0 0 0 1 0 1.27 0</i>
                        <i>1 0 0 0 1 0 0 0 1 0 1.27 0</i>
                        <i>1 0 0 0 1 0 0 0 1 0 1.27 0</i>
                        <i>1 0 0 0 1 0 0 0 1 0 1.27 0</i>
                        <i>1 0 0 0 1 0 0 0 1 0 1.27 0</i>
                        <i>1 0 0 0 1 0 0 0 1 0 1.27 0</i>
                        <i>1 0 0 0 1 0 0 0 1 0 1.27 0</i>
                        <i>1 0 0 0 1 0 0 0 1 0 1.27 0</i>
                        <i>1 0 0 0 1 0 0 0 1 0 1.27 0</i>
                        <i>1 0 0 0 1 0 0 0 1 0 1.27 0</i>
                        <i>1 0 0 0 1 0 0 0 1 0 1.27 0</i>
                        <i>1 0 0 0 1 0 0 0 1 0 1.27 0</i>
                        <i>1 0 0 0 1 0 0 0 1 0 1.27 0</i>
                        <i>1 0 0 0 1 0 0 0 1 0 1.27 0</i>
                    </KeyFrames>
                </p>
            </i>
            <i>
                <p>
                    <Name><![CDATA[body]]></Name>
                    <Exclude>0</Exclude>
                    <Additive>1</Additive>
                    <IKPriority>0</IKPriority>
                    <IKRotLimits>-1e+010 -1e+010 -1e+010 1e+010 1e+010 1e+010</IKRotLimits>
                    <IKRotLimitOrder>0</IKRotLimitOrder>
                    <KeyFrames count="117">
                        <i>1 0 0 0 1 0 0 0 1 0 2.65911 -0.368967</i>
                        <i>1 0 0 0 1 -0.000875495 0 0.000875495 1 0 2.64281 -0.443345</i>
                        <i>1 0 0 0 0.999995 -0.00318361 0 0.00318361 0.999995 0 2.6258 -0.526242</i>
                        <i>1 0 0 0 0.999979 -0.00644678 0 0.00644678 0.999979 0 2.60849 -0.612547</i>
                        <i>1 0 0 0 0.999948 -0.0101874 0 0.0101874 0.999948 0 2.59133 -0.697149</i>
                        <i>1 0 0 0 0.999903 -0.0139279 0 0.0139279 0.999903 0 2.57474 -0.774934</i>
                        <i>1 0 0 0 0.999852 -0.0171907 0 0.0171907 0.999852 0 2.55916 -0.840792</i>
                        <i>1 0 0 0 0.99981 -0.0194984 0 0.0194984 0.99981 0 2.54502 -0.88961</i>
                        <i>1 0 0 0 0.999792 -0.0203738 0 0.0203738 0.999792 0 2.53276 -0.916276</i>
                        <i>1 0 0 0 0.999801 -0.0199388 0 0.0199388 0.999801 0 2.52138 -0.923937</i>
                        <i>1 0 0 0 0.999824 -0.0187369 0 0.0187369 0.999824 0 2.50988 -0.919974</i>
                        <i>1 0 0 0 0.999857 -0.0169219 0 0.0169219 0.999857 0 2.49861 -0.90563</i>
                        <i>1 0 0 0 0.999893 -0.014648 0 0.014648 0.999893 0 2.48797 -0.882148</i>
                        <i>1 0 0 0 0.999927 -0.0120694 0 0.0120694 0.999927 0 2.4783 -0.85077</i>
                        <i>1 0 0 0 0.999956 -0.0093401 0 0.0093401 0.999956 0 2.46999 -0.812738</i>
                        <i>1 0 0 0 0.999978 -0.00661434 0 0.00661434 0.999978 0 2.46341 -0.769296</i>
                        <i>1 0 0 0 0.999992 -0.00404628 0 0.00404628 0.999992 0 2.45892 -0.721685</i>
                        <i>1 0 0 0 0.999998 -0.00179011 0 0.00179011 0.999998 0 2.4569 -0.671148</i>
                        <i>1 0 0 0 1 0 0 0 1 0 2.45772 -0.618928</i>
                        <i>1 0 0 0 0.999999 0.0015226 0 -0.0015226 0.999999 0 2.46087 -0.56919</i>
                        <i>1 0 0 0 0.999995 0.00307019 0 -0.00307019 0.999995 0 2.46548 -0.525017</i>
                        <i>1 0 0 0 0.999989 0.00462954 0 -0.00462954 0.999989 0 2.4714 -0.486027</i>
                        <i>1 0 0 0 0.999981 0.0061874 0 -0.0061874 0.999981 0 2.47845 -0.451837</i>
                        <i>1 0 0 0 0.99997 0.0077305 0 -0.0077305 0.99997 0 2.48647 -0.422064</i>
                        <i>1 0 0 0 0.999957 0.00924562 0 -0.00924562 0.999957 0 2.49528 -0.396328</i>
                        <i>1 0 0 0 0.999943 0.0107195 0 -0.0107195 0.999943 0 2.50471 -0.374244</i>
                        <i>1 0 0 0 0.999926 0.0121389 0 -0.0121389 0.999926 0 2.51461 -0.355432</i>
                        <i>1 0 0 0 0.999909 0.0134905 0 -0.0134905 0.999909 0 2.52479 -0.339509</i>
                        <i>1 0 0 0 0.999891 0.0147612 0 -0.0147612 0.999891 0 2.5351 -0.326092</i>
                        <i>1 0 0 0 0.999873 0.0159377 0 -0.0159377 0.999873 0 2.54535 -0.314799</i>
                        <i>1 0 0 0 0.999855 0.0170068 0 -0.0170068 0.999855 0 2.55539 -0.305248</i>
                        <i>1 0 0 0 0.999839 0.0179551 0 -0.0179551 0.999839 0 2.56504 -0.297057</i>
                        <i>1 0 0 0 0.999824 0.0187695 0 -0.0187695 0.999824 0 2.57414 -0.289844</i>
                        <i>1 0 0 0 0.999811 0.0194368 0 -0.0194368 0.999811 0 2.58252 -0.283225</i>
                        <i>1 0 0 0 0.999801 0.0199436 0 -0.0199436 0.999801 0 2.59001 -0.27682</i>
                        <i>1 0 0 0 0.999794 0.0202768 0 -0.0202768 0.999794 0 2.59644 -0.270245</i>
                        <i>1 0 0 0 0.99979 0.0204702 0 -0.0204702 0.99979 0 2.60229 -0.263836</i>
                        <i>1 0 0 0 0.999788 0.0205702 0 -0.0205702 0.999788 0 2.60814 -0.258179</i>
                        <i>1 0 0 0 0.999788 0.0205828 0 -0.0205828 0.999788 0 2.61399 -0.253264</i>
                        <i>1 0 0 0 0.99979 0.020514 0 -0.020514 0.99979 0 2.6198 -0.249085</i>
                        <i>1 0 0 0 0.999793 0.0203697 0 -0.0203697 0.999793 0 2.62558 -0.245634</i>
                        <i>1 0 0 0 0.999797 0.0201558 0 -0.0201558 0.999797 0 2.63129 -0.242902</i>
                        <i>1 0 0 0 0.999802 0.0198783 0 -0.0198783 0.999802 0 2.63694 -0.240881</i>
                        <i>1 0 0 0 0.999809 0.019543 0 -0.019543 0.999809 0 2.64249 -0.239564</i>
                        <i>1 0 0 0 0.999816 0.019156 0 -0.019156 0.999816 0 2.64793 -0.238942</i>
                        <i>1 0 0 0 0.999825 0.0187231 0 -0.0187231 0.999825 0 2.65326 -0.239008</i>
                        <i>1 0 0 0 0.999833 0.0182504 0 -0.0182504 0.999833 0 2.65844 -0.239754</i>
                        <i>1 0 0 0 0.999843 0.0177437 0 -0.0177437 0.999843 0 2.66347 -0.241171</i>
                        <i>1 0 0 0 0.999852 0.0172089 0 -0.0172089 0.999852 0 2.66834 -0.243252</i>
                        <i>1 0 0 0 0.999861 0.0166521 0 -0.0166521 0.999861 0 2.67302 -0.245989</i>
                        <i>1 0 0 0 0.999871 0.016079 0 -0.016079 0.999871 0 2.67749 -0.249373</i>
                        <i>1 0 0 0 0.99988 0.0154958 0 -0.0154958 0.99988 0 2.68175 -0.253398</i>
                        <i>1 0 0 0 0.999889 0.0149083 0 -0.0149083 0.999889 0 2.68578 -0.258054</i>
                        <i>1 0 0 0 0.999897 0.0143224 0 -0.0143224 0.999897 0 2.68956 -0.263335</i>
                        <i>1 0 0 0 0.999906 0.0137441 0 -0.0137441 0.999906 0 2.69307 -0.269231</i>
                        <i>1 0 0 0 0.999913 0.0131793 0 -0.0131793 0.999913 0 2.69631 -0.275736</i>
                        <i>1 0 0 0 0.99992 0.012634 0 -0.012634 0.99992 0 2.69924 -0.28284</i>
                        <i>1 0 0 0 0.999927 0.0121141 0 -0.0121141 0.999927 0 2.70187 -0.290537</i>
                        <i>1 0 0 0 0.999932 0.0116255 0 -0.0116255 0.999932 0 2.70417 -0.298818</i>
                        <i>1 0 0 0 0.999938 0.0111742 0 -0.0111742 0.999938 0 2.70612 -0.307675</i>
                        <i>1 0 0 0 0.999942 0.0107661 0 -0.0107661 0.999942 0 2.70772 -0.317101</i>
                        <i>1 0 0 0 0.999946 0.0104071 0 -0.0104071 0.999946 0 2.70894 -0.327087</i>
                        <i>1 0 0 0 0.999949 0.0100684 0 -0.0100684 0.999949 0 2.70979 -0.336872</i>
                        <i>1 0 0 0 0.999953 0.00971805 0 -0.00971805 0.999953 0 2.7103 -0.345729</i>
                        <i>1 0 0 0 0.999956 0.00935724 0 -0.00935724 0.999956 0 2.71048 -0.353695</i>
                        <i>1 0 0 0 0.99996 0.00898731 0 -0.00898731 0.99996 0 2.71036 -0.360809</i>
                        <i>1 0 0 0 0.999963 0.00860953 0 -0.00860953 0.999963 0 2.70995 -0.367109</i>
                        <i>1 0 0 0 0.999966 0.0082252 0 -0.0082252 0.999966 0 2.70928 -0.372634</i>
                        <i>1 0 0 0 0.999969 0.00783558 0 -0.00783558 0.999969 0 2.70836 -0.377422</i>
                        <i>1 0 0 0 0.999972 0.00744198 0 -0.00744198 0.999972 0 2.70721 -0.381513</i>
                        <i>1 0 0 0 0.999975 0.00704567 0 -0.00704567 0.999975 0 2.70585 -0.384944</i>
                        <i>1 0 0 0 0.999978 0.00664794 0 -0.00664794 0.999978 0 2.7043 -0.387754</i>
                        <i>1 0 0 0 0.99998 0.00625006 0 -0.00625006 0.99998 0 2.70258 -0.389981</i>
                        <i>1 0 0 0 0.999983 0.00585334 0 -0.00585334 0.999983 0 2.70071 -0.391665</i>
                        <i>1 0 0 0 0.999985 0.00545905 0 -0.00545905 0.999985 0 2.6987 -0.392844</i>
                        <i>1 0 0 0 0.999987 0.00506847 0 -0.00506847 0.999987 0 2.69658 -0.393556</i>
                        <i>1 0 0 0 0.999989 0.00468289 0 -0.00468289 0.999989 0 2.69436 -0.39384</i>
                        <i>1 0 0 0 0.999991 0.00430361 0 -0.00430361 0.999991 0 2.69207 -0.393734</i>
                        <i>1 0 0 0 0.999992 0.00393189 0 -0.00393189 0.999992 0 2.68971 -0.393277</i>
                        <i>1 0 0 0 0.999994 0.00356902 0 -0.00356902 0.999994 0 2.68732 -0.392508</i>
                        <i>1 0 0 0 0.999995 0.0032163 0 -0.0032163 0.999995 0 2.68491 -0.391465</i>
                        <i>1 0 0 0 0.999996 0.002875 0 -0.002875 0.999996 0 2.6825 -0.390186</i>
                        <i>1 0 0 0 0.999997 0.00254641 0 -0.00254641 0.999997 0 2.6801 -0.38871</i>
                        <i>1 0 0 0 0.999997 0.00223181 0 -0.00223181 0.999997 0 2.67775 -0.387076</i>
                        <i>1 0 0 0 0.999998 0.00193249 0 -0.00193249 0.999998 0 2.67544 -0.385323</i>
                        <i>1 0 0 0 0.999999 0.00164974 0 -0.00164974 0.999999 0 2.67322 -0.383488</i>
                        <i>1 0 0 0 0.999999 0.00138483 0 -0.00138483 0.999999 0 2.67109 -0.38161</i>
                        <i>1 0 0 0 0.999999 0.00113905 0 -0.00113905 0.999999 0 2.66907 -0.379728</i>
                        <i>1 0 0 0 1 0.000913695 0 -0.000913695 1 0 2.66718 -0.377881</i>
                        <i>1 0 0 0 1 0.000710039 0 -0.000710039 1 0 2.66544 -0.376107</i>
                        <i>1 0 0 0 1 0.000529369 0 -0.000529369 1 0 2.66388 -0.374444</i>
                        <i>1 0 0 0 1 0.00037297 0 -0.00037297 1 0 2.6625 -0.372931</i>
                        <i>1 0 0 0 1 0.000242127 0 -0.000242127 1 0 2.66133 -0.371607</i>
                        <i>1 0 0 0 1 0.000138123 0 -0.000138123 1 0 2.66039 -0.37051</i>
                        <i>1 0 0 0 1 6.22443e-005 0 -6.22443e-005 1 0 2.65969 -0.369678</i>
                        <i>1 0 0 0 1 1.57752e-005 0 -1.57752e-005 1 0 2.65926 -0.369151</i>
                        <i>1 0 0 0 1 0 0 0 1 0 2.65911 -0.368967</i>
                        <i>1 0 0 0 1 0 0 0 1 0 2.65911 -0.368967</i>
                        <i>1 0 0 0 1 0 0 0 1 0 2.65911 -0.368967</i>
                        <i>1 0 0 0 1 0 0 0 1 0 2.65911 -0.368967</i>
                        <i>1 0 0 0 1 0 0 0 1 0 2.65911 -0.368967</i>
                        <i>1 0 0 0 1 0 0 0 1 0 2.65911 -0.368967</i>
                        <i>1 0 0 0 1 0 0 0 1 0 2.65911 -0.368967</i>
                        <i>1 0 0 0 1 0 0 0 1 0 2.65911 -0.368967</i>
                        <i>1 0 0 0 1 0 0 0 1 0 2.65911 -0.368967</i>
                        <i>1 0 0 0 1 0 0 0 1 0 2.65911 -0.368967</i>
                        <i>1 0 0 0 1 0 0 0 1 0 2.65911 -0.368967</i>
                        <i>1 0 0 0 1 0 0 0 1 0 2.65911 -0.368967</i>
                        <i>1 0 0 0 1 0 0 0 1 0 2.65911 -0.368967</i>
                        <i>1 0 0 0 1 0 0 0 1 0 2.65911 -0.368967</i>
                        <i>1 0 0 0 1 0 0 0 1 0 2.65911 -0.368967</i>
                        <i>1 0 0 0 1 0 0 0 1 0 2.65911 -0.368967</i>
                        <i>1 0 0 0 1 0 0 0 1 0 2.65911 -0.368967</i>
                        <i>1 0 0 0 1 0 0 0 1 0 2.65911 -0.368967</i>
                        <i>1 0 0 0 1 0 0 0 1 0 2.65911 -0.368967</i>
                        <i>1 0 0 0 1 0 0 0 1 0 2.65911 -0.368967</i>
                        <i>1 0 0 0 1 0 0 0 1 0 2.65911 -0.368967</i>
                    </KeyFrames>
                </p>
            </i>
            <i>
                <p>
                    <Name><![CDATA[pitch]]></Name>
                    <Exclude>0</Exclude>
                    <Additive>1</Additive>
                    <IKPriority>0</IKPriority>
                    <IKRotLimits>-1e+010 -1e+010 -1e+010 1e+010 1e+010 1e+010</IKRotLimits>
                    <IKRotLimitOrder>0</IKRotLimitOrder>
                    <KeyFrames count="117">
                        <i>1 0 0 0 0.920505 -0.390731 0 0.390731 0.920505 0 3.01615 -5.63663</i>
                        <i>1 0 0 0 0.916861 -0.399207 0 0.399207 0.916861 0 2.99524 -5.71132</i>
                        <i>1 0 0 0 0.906745 -0.421679 0 0.421679 0.906745 0 2.96606 -5.79502</i>
                        <i>1 0 0 0 0.891203 -0.453606 0 0.453606 0.891203 0 2.93156 -5.8824</i>
                        <i>1 0 0 0 0.871457 -0.490472 0 0.490472 0.871457 0 2.89468 -5.96818</i>
                        <i>1 0 0 0 0.849259 -0.527977 0 0.527977 0.849259 0 2.85838 -6.04706</i>
                        <i>1 0 0 0 0.827019 -0.562174 0 0.562174 0.827019 0 2.82559 -6.11382</i>
                        <i>1 0 0 0 0.807754 -0.58952 0 0.58952 0.807754 0 2.79928 -6.16323</i>
                        <i>1 0 0 0 0.794858 -0.606795 0 0.606795 0.794858 0 2.7824 -6.19012</i>
                        <i>1 0 0 0 0.787168 -0.616739 0 0.616739 0.787168 0 2.77331 -6.19767</i>
                        <i>1 0 0 0 0.781216 -0.624261 0 0.624261 0.781216 0 2.76815 -6.1934</i>
                        <i>1 0 0 0 0.777011 -0.629487 0 0.629487 0.777011 0 2.76646 -6.17858</i>
                        <i>1 0 0 0 0.774538 -0.632527 0 0.632527 0.774538 0 2.7678 -6.15448</i>
                        <i>1 0 0 0 0.773763 -0.633476 0 0.633476 0.773763 0 2.77174 -6.12236</i>
                        <i>1 0 0 0 0.774632 -0.632413 0 0.632413 0.774632 0 2.77781 -6.08351</i>
                        <i>1 0 0 0 0.777077 -0.629406 0 0.629406 0.777077 0 2.7856 -6.03921</i>
                        <i>1 0 0 0 0.781016 -0.624511 0 0.624511 0.781016 0 2.79464 -5.99075</i>
                        <i>1 0 0 0 0.786355 -0.617775 0 0.617775 0.786355 0 2.80451 -5.93944</i>
                        <i>1 0 0 0 0.792988 -0.609238 0 0.609238 0.792988 0 2.81475 -5.88659</i>
                        <i>1 0 0 0 0.801123 -0.5985 0 0.5985 0.801123 0 2.82592 -5.83631</i>
                        <i>1 0 0 0 0.810799 -0.585325 0 0.585325 0.810799 0 2.83869 -5.79156</i>
                        <i>1 0 0 0 0.821652 -0.56999 0 0.56999 0.821652 0 2.85282 -5.75198</i>
                        <i>1 0 0 0 0.833324 -0.552784 0 0.552784 0.833324 0 2.86808 -5.71719</i>
                        <i>1 0 0 0 0.845476 -0.534013 0 0.534013 0.845476 0 2.88422 -5.68681</i>
                        <i>1 0 0 0 0.857789 -0.514003 0 0.514003 0.857789 0 2.901 -5.66047</i>
                        <i>1 0 0 0 0.869972 -0.4931 0 0.4931 0.869972 0 2.9182 -5.63778</i>
                        <i>1 0 0 0 0.881771 -0.471677 0 0.471677 0.881771 0 2.93556 -5.61837</i>
                        <i>1 0 0 0 0.892966 -0.450125 0 0.450125 0.892966 0 2.95286 -5.60188</i>
                        <i>1 0 0 0 0.903373 -0.428856 0 0.428856 0.903373 0 2.96985 -5.58791</i>
                        <i>1 0 0 0 0.912849 -0.408298 0 0.408298 0.912849 0 2.9863 -5.5761</i>
                        <i>1 0 0 0 0.921283 -0.388893 0 0.388893 0.921283 0 3.00196 -5.56608</i>
                        <i>1 0 0 0 0.928596 -0.371092 0 0.371092 0.928596 0 3.0166 -5.55746</i>
                        <i>1 0 0 0 0.934734 -0.355348 0 0.355348 0.934734 0 3.02999 -5.54988</i>
                        <i>1 0 0 0 0.939656 -0.342121 0 0.342121 0.939656 0 3.04188 -5.54296</i>
                        <i>1 0 0 0 0.943327 -0.331864 0 0.331864 0.943327 0 3.05203 -5.53632</i>
                        <i>1 0 0 0 0.945705 -0.325026 0 0.325026 0.945705 0 3.06021 -5.52959</i>
                        <i>1 0 0 0 0.947145 -0.320805 0 0.320805 0.947145 0 3.06708 -5.52309</i>
                        <i>1 0 0 0 0.948078 -0.318037 0 0.318037 0.948078 0 3.07346 -5.51738</i>
                        <i>1 0 0 0 0.948551 -0.316624 0 0.316624 0.948551 0 3.07937 -5.51246</i>
                        <i>1 0 0 0 0.948605 -0.316462 0 0.316462 0.948605 0 3.08483 -5.50832</i>
                        <i>1 0 0 0 0.948276 -0.317447 0 0.317447 0.948276 0 3.08984 -5.50493</i>
                        <i>1 0 0 0 0.947595 -0.319473 0 0.319473 0.947595 0 3.09443 -5.5023</i>
                        <i>1 0 0 0 0.946592 -0.322433 0 0.322433 0.946592 0 3.09861 -5.50041</i>
                        <i>1 0 0 0 0.945294 -0.326219 0 0.326219 0.945294 0 3.1024 -5.49925</i>
                        <i>1 0 0 0 0.943727 -0.330725 0 0.330725 0.943727 0 3.10581 -5.4988</i>
                        <i>1 0 0 0 0.941918 -0.335842 0 0.335842 0.941918 0 3.10886 -5.49906</i>
                        <i>1 0 0 0 0.939895 -0.341463 0 0.341463 0.939895 0 3.11156 -5.50003</i>
                        <i>1 0 0 0 0.937687 -0.347481 0 0.347481 0.937687 0 3.11392 -5.50167</i>
                        <i>1 0 0 0 0.935325 -0.35379 0 0.35379 0.935325 0 3.11597 -5.50399</i>
                        <i>1 0 0 0 0.932843 -0.360283 0 0.360283 0.932843 0 3.11772 -5.50698</i>
                        <i>1 0 0 0 0.930277 -0.366857 0 0.366857 0.930277 0 3.11918 -5.51062</i>
                        <i>1 0 0 0 0.927668 -0.373407 0 0.373407 0.927668 0 3.12037 -5.5149</i>
                        <i>1 0 0 0 0.925056 -0.379832 0 0.379832 0.925056 0 3.12131 -5.51981</i>
                        <i>1 0 0 0 0.922487 -0.386029 0 0.386029 0.922487 0 3.122 -5.52535</i>
                        <i>1 0 0 0 0.920008 -0.391899 0 0.391899 0.920008 0 3.12247 -5.53149</i>
                        <i>1 0 0 0 0.91767 -0.397344 0 0.397344 0.91767 0 3.12274 -5.53824</i>
                        <i>1 0 0 0 0.915524 -0.402264 0 0.402264 0.915524 0 3.1228 -5.54557</i>
                        <i>1 0 0 0 0.913623 -0.406562 0 0.406562 0.913623 0 3.12269 -5.55349</i>
                        <i>1 0 0 0 0.912022 -0.410142 0 0.410142 0.912022 0 3.12242 -5.56198</i>
                        <i>1 0 0 0 0.910774 -0.412906 0 0.412906 0.910774 0 3.122 -5.57102</i>
                        <i>1 0 0 0 0.909932 -0.414757 0 0.414757 0.909932 0 3.12145 -5.58062</i>
                        <i>1 0 0 0 0.909549 -0.415597 0 0.415597 0.909549 0 3.12078 -5.59075</i>
                        <i>1 0 0 0 0.909445 -0.415823 0 0.415823 0.909445 0 3.11984 -5.60068</i>
                        <i>1 0 0 0 0.909409 -0.415902 0 0.415902 0.909409 0 3.11851 -5.60968</i>
                        <i>1 0 0 0 0.909437 -0.415842 0 0.415842 0.909437 0 3.11679 -5.61779</i>
                        <i>1 0 0 0 0.909524 -0.415652 0 0.415652 0.909524 0 3.11472 -5.62505</i>
                        <i>1 0 0 0 0.909667 -0.415339 0 0.415339 0.909667 0 3.11233 -5.6315</i>
                        <i>1 0 0 0 0.909861 -0.414913 0 0.414913 0.909861 0 3.10963 -5.63718</i>
                        <i>1 0 0 0 0.910103 -0.414381 0 0.414381 0.910103 0 3.10666 -5.64213</i>
                        <i>1 0 0 0 0.910389 -0.413753 0 0.413753 0.910389 0 3.10344 -5.64637</i>
                        <i>1 0 0 0 0.910715 -0.413035 0 0.413035 0.910715 0 3.09999 -5.64996</i>
                        <i>1 0 0 0 0.911076 -0.412237 0 0.412237 0.911076 0 3.09635 -5.65293</i>
                        <i>1 0 0 0 0.91147 -0.411367 0 0.411367 0.91147 0 3.09253 -5.65531</i>
                        <i>1 0 0 0 0.91189 -0.410434 0 0.410434 0.91189 0 3.08857 -5.65715</i>
                        <i>1 0 0 0 0.912335 -0.409445 0 0.409445 0.912335 0 3.08449 -5.65848</i>
                        <i>1 0 0 0 0.912799 -0.408409 0 0.408409 0.912799 0 3.08031 -5.65934</i>
                        <i>1 0 0 0 0.913279 -0.407334 0 0.407334 0.913279 0 3.07606 -5.65978</i>
                        <i>1 0 0 0 0.913772 -0.406228 0 0.406228 0.913772 0 3.07177 -5.65981</i>
                        <i>1 0 0 0 0.914272 -0.405101 0 0.405101 0.914272 0 3.06746 -5.6595</i>
                        <i>1 0 0 0 0.914776 -0.40396 0 0.40396 0.914776 0 3.06316 -5.65886</i>
                        <i>1 0 0 0 0.915282 -0.402815 0 0.402815 0.915282 0 3.05889 -5.65795</i>
                        <i>1 0 0 0 0.915783 -0.401672 0 0.401672 0.915783 0 3.05468 -5.6568</i>
                        <i>1 0 0 0 0.916279 -0.400542 0 0.400542 0.916279 0 3.05055 -5.65545</i>
                        <i>1 0 0 0 0.916763 -0.399431 0 0.399431 0.916763 0 3.04654 -5.65393</i>
                        <i>1 0 0 0 0.917234 -0.39835 0 0.39835 0.917234 0 3.04266 -5.65229</i>
                        <i>1 0 0 0 0.917686 -0.397306 0 0.397306 0.917686 0 3.03895 -5.65056</i>
                        <i>1 0 0 0 0.918118 -0.396307 0 0.396307 0.918118 0 3.03542 -5.64878</i>
                        <i>1 0 0 0 0.918525 -0.395364 0 0.395364 0.918525 0 3.0321 -5.64698</i>
                        <i>1 0 0 0 0.918903 -0.394483 0 0.394483 0.918903 0 3.02903 -5.64522</i>
                        <i>1 0 0 0 0.91925 -0.393673 0 0.393673 0.91925 0 3.02622 -5.64352</i>
                        <i>1 0 0 0 0.919562 -0.392944 0 0.392944 0.919562 0 3.0237 -5.64192</i>
                        <i>1 0 0 0 0.919836 -0.392303 0 0.392303 0.919836 0 3.0215 -5.64046</i>
                        <i>1 0 0 0 0.920067 -0.39176 0 0.39176 0.920067 0 3.01964 -5.63919</i>
                        <i>1 0 0 0 0.920253 -0.391323 0 0.391323 0.920253 0 3.01815 -5.63813</i>
                        <i>1 0 0 0 0.920391 -0.391 0 0.391 0.920391 0 3.01706 -5.63732</i>
                        <i>1 0 0 0 0.920476 -0.3908 0 0.3908 0.920476 0 3.01638 -5.63681</i>
                        <i>1 0 0 0 0.920505 -0.390731 0 0.390731 0.920505 0 3.01615 -5.63663</i>
                        <i>1 0 0 0 0.920505 -0.390731 0 0.390731 0.920505 0 3.01615 -5.63663</i>
                        <i>1 0 0 0 0.920505 -0.390731 0 0.390731 0.920505 0 3.01615 -5.63663</i>
                        <i>1 0 0 0 0.920505 -0.390731 0 0.390731 0.920505 0 3.01615 -5.63663</i>
                        <i>1 0 0 0 0.920505 -0.390731 0 0.390731 0.920505 0 3.01615 -5.63663</i>
                        <i>1 0 0 0 0.920505 -0.390731 0 0.390731 0.920505 0 3.01615 -5.63663</i>
                        <i>1 0 0 0 0.920505 -0.390731 0 0.390731 0.920505 0 3.01615 -5.63663</i>
                        <i>1 0 0 0 0.920505 -0.390731 0 0.390731 0.920505 0 3.01615 -5.63663</i>
                        <i>1 0 0 0 0.920505 -0.390731 0 0.390731 0.920505 0 3.01615 -5.63663</i>
                        <i>1 0 0 0 0.920505 -0.390731 0 0.390731 0.920505 0 3.01615 -5.63663</i>
                        <i>1 0 0 0 0.920505 -0.390731 0 0.390731 0.920505 0 3.01615 -5.63663</i>
                        <i>1 0 0 0 0.920505 -0.390731 0 0.390731 0.920505 0 3.01615 -5.63663</i>
                        <i>1 0 0 0 0.920505 -0.390731 0 0.390731 0.920505 0 3.01615 -5.63663</i>
                        <i>1 0 0 0 0.920505 -0.390731 0 0.390731 0.920505 0 3.01615 -5.63663</i>
                        <i>1 0 0 0 0.920505 -0.390731 0 0.390731 0.920505 0 3.01615 -5.63663</i>
                        <i>1 0 0 0 0.920505 -0.390731 0 0.390731 0.920505 0 3.01615 -5.63663</i>
                        <i>1 0 0 0 0.920505 -0.390731 0 0.390731 0.920505 0 3.01615 -5.63663</i>
                        <i>1 0 0 0 0.920505 -0.390731 0 0.390731 0.920505 0 3.01615 -5.63663</i>
                        <i>1 0 0 0 0.920505 -0.390731 0 0.390731 0.920505 0 3.01615 -5.63663</i>
                        <i>1 0 0 0 0.920505 -0.390731 0 0.390731 0.920505 0 3.01615 -5.63663</i>
                        <i>1 0 0 0 0.920505 -0.390731 0 0.390731 0.920505 0 3.01615 -5.63663</i>
                    </KeyFrames>
                </p>
            </i>
            <i>
                <p>
                    <Name><![CDATA[shell]]></Name>
                    <Exclude>0</Exclude>
                    <Additive>1</Additive>
                    <IKPriority>0</IKPriority>
                    <IKRotLimits>-1e+010 -1e+010 -1e+010 1e+010 1e+010 1e+010</IKRotLimits>
                    <IKRotLimitOrder>0</IKRotLimitOrder>
                    <KeyFrames count="117">
                        <i>1 0 0 0 0.920505 -0.390731 0 0.390731 0.920505 0 3.90133 -6.38029</i>
                        <i>1 0 0 0 0.916861 -0.399207 0 0.399207 0.916861 0 3.87352 -6.46311</i>
                        <i>1 0 0 0 0.906745 -0.421679 0 0.421679 0.906745 0 3.82555 -6.56822</i>
                        <i>1 0 0 0 0.891203 -0.453606 0 0.453606 0.891203 0 3.76305 -6.68564</i>
                        <i>1 0 0 0 0.871457 -0.490472 0 0.490472 0.871457 0 3.69187 -6.80547</i>
                        <i>1 0 0 0 0.849259 -0.527977 0 0.527977 0.849259 0 3.61832 -6.9183</i>
                        <i>1 0 0 0 0.827019 -0.562174 0 0.562174 0.827019 0 3.54937 -7.01532</i>
                        <i>1 0 0 0 0.807754 -0.58952 0 0.58952 0.807754 0 3.4925 -7.08844</i>
                        <i>1 0 0 0 0.794858 -0.606795 0 0.606795 0.794858 0 3.45551 -7.13006</i>
                        <i>1 0 0 0 0.787168 -0.616739 0 0.616739 0.787168 0 3.43456 -7.146</i>
                        <i>1 0 0 0 0.781216 -0.624261 0 0.624261 0.781216 0 3.42027 -7.14803</i>
                        <i>1 0 0 0 0.777011 -0.629487 0 0.629487 0.777011 0 3.41216 -7.13756</i>
                        <i>1 0 0 0 0.774538 -0.632527 0 0.632527 0.774538 0 3.40974 -7.11598</i>
                        <i>1 0 0 0 0.773763 -0.633476 0 0.633476 0.773763 0 3.4125 -7.08464</i>
                        <i>1 0 0 0 0.774632 -0.632413 0 0.632413 0.774632 0 3.4199 -7.04491</i>
                        <i>1 0 0 0 0.777077 -0.629406 0 0.629406 0.777077 0 3.4314 -6.99811</i>
                        <i>1 0 0 0 0.781016 -0.624511 0 0.624511 0.781016 0 3.44646 -6.94558</i>
                        <i>1 0 0 0 0.786355 -0.617775 0 0.617775 0.786355 0 3.46451 -6.88864</i>
                        <i>1 0 0 0 0.792988 -0.609238 0 0.609238 0.792988 0 3.48498 -6.82859</i>
                        <i>1 0 0 0 0.801123 -0.5985 0 0.5985 0.801123 0 3.50877 -6.76919</i>
                        <i>1 0 0 0 0.810799 -0.585325 0 0.585325 0.810799 0 3.5367 -6.71316</i>
                        <i>1 0 0 0 0.821652 -0.56999 0 0.56999 0.821652 0 3.56802 -6.66031</i>
                        <i>1 0 0 0 0.833324 -0.552784 0 0.552784 0.833324 0 3.60201 -6.61045</i>
                        <i>1 0 0 0 0.845476 -0.534013 0 0.534013 0.845476 0 3.63794 -6.56344</i>
                        <i>1 0 0 0 0.857789 -0.514003 0 0.514003 0.857789 0 3.67511 -6.51914</i>
                        <i>1 0 0 0 0.869972 -0.4931 0 0.4931 0.869972 0 3.71285 -6.47748</i>
