<?xml version="1.0" encoding="ISO-8859-1" ?>
<Animl Version="1">
    <ModellingPackage>
        <![CDATA[Maya.2008]]>
</ModellingPackage>
    <SrcFile>
        <![CDATA[dlc2\units\air\mashup\anims\~src\p51_crash.mb]]>
</SrcFile>
    <FramesPerSecond>30</FramesPerSecond>
    <TotalFrames>79</TotalFrames>
    <Skeleton>
        <RefFrame>
            <Name>
                <![CDATA[p51_ref_frame]]>
</Name>
            <Exclude>0</Exclude>
            <Additive>0</Additive>
            <KeyFrames count="79">
                <i>1 0 0 0 1 0 0 0 1 0 0 0</i>
                <i>1 0 0 0 1 0 0 0 1 0 0 0.789363</i>
                <i>1 0 0 0 1 0 0 0 1 0 0 1.57606</i>
                <i>1 0 0 0 1 0 0 0 1 0 0 2.35219</i>
                <i>1 0 0 0 1 0 0 0 1 -0.000820228 0 3.10584</i>
                <i>1 0 0 0 1 0 0 0 1 -0.00428868 0 3.81353</i>
                <i>1 0 0 0 1 0 0 0 1 -0.00787297 0 4.50063</i>
                <i>1 0 0 0 1 0 0 0 1 -0.0112822 0 5.15838</i>
                <i>1 0 0 0 1 0 0 0 1 -0.0143996 0 5.7978</i>
                <i>1 0 0 0 1 0 0 0 1 -0.0170582 0 6.4238</i>
                <i>1 0 0 0 1 0 0 0 1 -0.0197365 0 7.04188</i>
                <i>1 0 0 0 1 0 0 0 1 -0.0229185 0 7.65544</i>
                <i>1 0 0 0 1 0 0 0 1 -0.0263621 0 8.25668</i>
                <i>1 0 0 0 1 0 0 0 1 -0.0299394 0 8.84368</i>
                <i>1 0 0 0 1 0 0 0 1 -0.0334281 0 9.41591</i>
                <i>1 0 0 0 1 0 0 0 1 -0.0366545 0 9.97442</i>
                <i>1 0 0 0 1 0 0 0 1 -0.0396813 0 10.5209</i>
                <i>1 0 0 0 1 0 0 0 1 -0.0426064 0 11.0562</i>
                <i>1 0 0 0 1 0 0 0 1 -0.045578 0 11.5804</i>
                <i>1 0 0 0 1 0 0 0 1 -0.0484849 0 12.094</i>
                <i>1 0 0 0 1 0 0 0 1 -0.0513911 0 12.5971</i>
                <i>1 0 0 0 1 0 0 0 1 -0.0549551 0 13.0867</i>
                <i>1 0 0 0 1 0 0 0 1 -0.0600719 0 13.557</i>
                <i>1 0 0 0 1 0 0 0 1 -0.0650835 0 13.988</i>
                <i>1 0 0 0 1 0 0 0 1 -0.0690365 0 14.4067</i>
                <i>1 0 0 0 1 0 0 0 1 -0.0712205 0 14.825</i>
                <i>1 0 0 0 1 0 0 0 1 -0.0726425 0 15.2381</i>
                <i>1 0 0 0 1 0 0 0 1 -0.0734724 0 15.6455</i>
                <i>1 0 0 0 1 0 0 0 1 -0.0739723 0 16.0458</i>
                <i>1 0 0 0 1 0 0 0 1 -0.0744815 0 16.4375</i>
                <i>1 0 0 0 1 0 0 0 1 -0.0754153 0 16.8192</i>
                <i>1 0 0 0 1 0 0 0 1 -0.078544 0 17.1849</i>
                <i>1 0 0 0 1 0 0 0 1 -0.082645 0 17.5401</i>
                <i>1 0 0 0 1 0 0 0 1 -0.0872332 0 17.8871</i>
                <i>1 0 0 0 1 0 0 0 1 -0.0917191 0 18.2279</i>
                <i>1 0 0 0 1 0 0 0 1 -0.095409 0 18.5647</i>
                <i>1 0 0 0 1 0 0 0 1 -0.0951682 0 18.9054</i>
                <i>1 0 0 0 1 0 0 0 1 -0.0920495 0 19.241</i>
                <i>1 0 0 0 1 0 0 0 1 -0.0869342 0 19.5659</i>
                <i>1 0 0 0 1 0 0 0 1 -0.0832921 0 19.8812</i>
                <i>1 0 0 0 1 0 0 0 1 -0.0832496 0 20.1815</i>
                <i>1 0 0 0 1 0 0 0 1 -0.0825332 0 20.4724</i>
                <i>1 0 0 0 1 0 0 0 1 -0.0798598 0 20.7558</i>
                <i>1 0 0 0 1 0 0 0 1 -0.0764015 0 21.0358</i>
                <i>1 0 0 0 1 0 0 0 1 -0.0721974 0 21.3129</i>
                <i>1 0 0 0 1 0 0 0 1 -0.0683331 0 21.5844</i>
                <i>1 0 0 0 1 0 0 0 1 -0.0641763 0 21.8509</i>
                <i>1 0 0 0 1 0 0 0 1 -0.0603023 0 22.1109</i>
                <i>1 0 0 0 1 0 0 0 1 -0.0565028 0 22.3663</i>
                <i>1 0 0 0 1 0 0 0 1 -0.0528525 0 22.6167</i>
                <i>1 0 0 0 1 0 0 0 1 -0.050141 0 22.8584</i>
                <i>1 0 0 0 1 0 0 0 1 -0.0490614 0 23.0872</i>
                <i>1 0 0 0 1 0 0 0 1 -0.0485631 0 23.3072</i>
                <i>1 0 0 0 1 0 0 0 1 -0.0469838 0 23.5271</i>
                <i>1 0 0 0 1 0 0 0 1 -0.0438663 0 23.7511</i>
                <i>1 0 0 0 1 0 0 0 1 -0.0404063 0 23.9736</i>
                <i>1 0 0 0 1 0 0 0 1 -0.0368535 0 24.1936</i>
                <i>1 0 0 0 1 0 0 0 1 -0.0334099 0 24.4097</i>
                <i>1 0 0 0 1 0 0 0 1 -0.0302365 0 24.6207</i>
                <i>1 0 0 0 1 0 0 0 1 -0.0274609 0 24.8255</i>
                <i>1 0 0 0 1 0 0 0 1 -0.0256706 0 25.0188</i>
                <i>1 0 0 0 1 0 0 0 1 -0.024196 0 25.2054</i>
                <i>1 0 0 0 1 0 0 0 1 -0.0228087 0 25.3867</i>
                <i>1 0 0 0 1 0 0 0 1 -0.0213202 0 25.5647</i>
                <i>1 0 0 0 1 0 0 0 1 -0.0195728 0 25.7411</i>
                <i>1 0 0 0 1 0 0 0 1 -0.016849 0 25.9234</i>
                <i>1 0 0 0 1 0 0 0 1 -0.0138192 0 26.1061</i>
                <i>1 0 0 0 1 0 0 0 1 -0.0108397 0 26.2856</i>
                <i>1 0 0 0 1 0 0 0 1 -0.00822422 0 26.4585</i>
                <i>1 0 0 0 1 0 0 0 1 -0.00646097 0 26.6193</i>
                <i>1 0 0 0 1 0 0 0 1 -0.00492307 0 26.7745</i>
                <i>1 0 0 0 1 0 0 0 1 -0.00340397 0 26.9266</i>
                <i>1 0 0 0 1 0 0 0 1 -0.00170749 0 27.0778</i>
                <i>1 0 0 0 1 0 0 0 1 0.00024573 0 27.2294</i>
                <i>1 0 0 0 1 0 0 0 1 0.00233737 0 27.3799</i>
                <i>1 0 0 0 1 0 0 0 1 0.0044674 0 27.528</i>
                <i>1 0 0 0 1 0 0 0 1 0.00653527 0 27.6727</i>
                <i>1 0 0 0 1 0 0 0 1 0.00862163 0 27.815</i>
                <i>1 0 0 0 1 0 0 0 1 0.0106911 0 27.9543</i>
            </KeyFrames>
        </RefFrame>
        <Bones count="10">
            <i>
                <p>
                    <Name>
                        <![CDATA[p51_root]]>
</Name>
                    <Exclude>0</Exclude>
                    <Additive>0</Additive>
                    <KeyFrames count="79">
                        <i>1 1.22465e-016 1.22465e-016 -1.57097e-016 0.939073 0.343718 -7.291e-017 -0.343718 0.939073 0 2 0</i>
                        <i>0.993791 -0.102223 -0.0439351 0.111165 0.928903 0.353245 0.00470165 -0.355935 0.934499 0 2.15218 0.789363</i>
                        <i>0.975281 -0.202784 -0.0877853 0.220886 0.905625 0.362012 0.00609039 -0.372454 0.928031 0 2.30436 1.57606</i>
                        <i>0.962369 -0.247507 -0.112189 0.271658 0.886801 0.37388 0.00695162 -0.390288 0.920667 0 2.36435 2.35219</i>
                        <i>0.963424 -0.239573 -0.120079 0.267757 0.87893 0.3947 0.010981 -0.412416 0.91093 -0.000820228 2.25514 3.10584</i>
                        <i>0.967581 -0.218191 -0.127197 0.251786 0.872738 0.418248 0.0197518 -0.436715 0.899383 -0.00428868 2.05373 3.81353</i>
                        <i>0.97324 -0.186967 -0.133592 0.22695 0.8732 0.431296 0.0360145 -0.450073 0.892265 -0.00787297 1.89899 4.50063</i>
                        <i>0.978891 -0.149549 -0.139311 0.19609 0.879395 0.433836 0.0576294 -0.451996 0.890157 -0.0112822 1.86056 5.15838</i>
                        <i>0.983421 -0.109687 -0.1444 0.162621 0.885787 0.434667 0.0802304 -0.450944 0.888939 -0.0143996 1.8688 5.7978</i>
                        <i>0.986283 -0.0712213 -0.148907 0.129916 0.891434 0.434128 0.101821 -0.447518 0.888459 -0.0170582 1.8536 6.4238</i>
                        <i>0.987513 -0.038035 -0.152877 0.101469 0.895882 0.43255 0.120508 -0.442661 0.888554 -0.0197365 1.80078 7.04188</i>
                        <i>0.987601 -0.0139987 -0.156357 0.0808633 0.899074 0.430263 0.134554 -0.437572 0.889059 -0.0229185 1.74346 7.65544</i>
                        <i>0.987211 -0.00294403 -0.159394 0.0717263 0.90112 0.427595 0.142374 -0.433559 0.889807 -0.0263621 1.6826 8.25668</i>
                        <i>0.986785 -0.00024197 -0.162033 0.0699865 0.902544 0.424872 0.146139 -0.430597 0.890634 -0.0299394 1.61914 8.84368</i>
                        <i>0.986406 0.00132043 -0.16432 0.0691594 0.903757 0.422423 0.149063 -0.428045 0.89138 -0.0334281 1.55402 9.41591</i>
                        <i>0.986073 0.00181289 -0.166301 0.0692671 0.904609 0.420577 0.1512 -0.426239 0.891885 -0.0366545 1.48818 9.97442</i>
                        <i>0.985783 0.00130468 -0.168021 0.0703317 0.904951 0.419663 0.152599 -0.425514 0.891993 -0.0396813 1.42256 10.5209</i>
                        <i>0.985526 -0.00013522 -0.169527 0.0723728 0.904629 0.42001 0.153302 -0.4262 0.891545 -0.0426064 1.3581 11.0562</i>
                        <i>0.985292 -0.0024381 -0.170863 0.0754061 0.903481 0.421943 0.153342 -0.428621 0.890376 -0.045578 1.29576 11.5804</i>
                        <i>0.985068 -0.00553538 -0.172074 0.0794416 0.901331 0.425782 0.152739 -0.433095 0.888313 -0.0484849 1.24934 12.094</i>
                        <i>0.984841 -0.00935853 -0.173207 0.0844824 0.897985 0.431841 0.151496 -0.439927 0.885163 -0.0513911 1.20493 12.5971</i>
                        <i>0.984594 -0.0138389 -0.174307 0.0905233 0.893218 0.440417 0.149599 -0.449411 0.88071 -0.0549551 1.12183 13.0867</i>
                        <i>0.984366 -0.0189088 -0.17512 0.0972826 0.887186 0.45104 0.146835 -0.461024 0.875155 -0.0600719 1.00412 13.557</i>
                        <i>0.984192 -0.0245016 -0.1754 0.104419 0.880212 0.46295 0.143046 -0.473947 0.868857 -0.0650835 0.882794 13.988</i>
                        <i>0.984059 -0.0305501 -0.175201 0.111828 0.872306 0.476002 0.138287 -0.488006 0.861816 -0.0690365 0.757515 14.4067</i>
                        <i>0.983948 -0.036987 -0.174579 0.119406 0.863479 0.490047 0.13262 -0.503026 0.854035 -0.0712205 0.627938 14.825</i>
                        <i>0.983846 -0.0437448 -0.173588 0.127051 0.853754 0.504938 0.126113 -0.518836 0.84552 -0.0726425 0.493717 15.2381</i>
                        <i>0.983739 -0.0507561 -0.172282 0.134663 0.843158 0.520529 0.118841 -0.535265 0.836283 -0.0734724 0.354508 15.6455</i>
                        <i>0.983614 -0.0579528 -0.170717 0.142149 0.83173 0.536673 0.110889 -0.552147 0.82634 -0.0739723 0.209967 16.0458</i>
                        <i>0.983462 -0.0652667 -0.168945 0.149424 0.819519 0.553227 0.102347 -0.569323 0.815719 -0.0744815 0.059751 16.4375</i>
                        <i>0.983274 -0.0726295 -0.167023 0.15641 0.806584 0.570051 0.0933158 -0.58664 0.804453 -0.0754153 -0.0964846 16.8192</i>
                        <i>0.983045 -0.0799722 -0.165005 0.163041 0.792995 0.587007 0.0839038 -0.603956 0.792589 -0.078544 -0.25603 17.1849</i>
                        <i>0.982772 -0.0872261 -0.162945 0.169263 0.778833 0.603962 0.0742254 -0.621137 0.780179 -0.082645 -0.41594 17.5401</i>
                        <i>0.982454 -0.0943221 -0.160898 0.175035 0.764188 0.620789 0.0644022 -0.638059 0.767289 -0.0872332 -0.5762 17.8871</i>
                        <i>0.982092 -0.101191 -0.158919 0.180328 0.749163 0.637367 0.0545605 -0.654611 0.753994 -0.0917191 -0.7368 18.2279</i>
                        <i>0.981691 -0.107764 -0.157064 0.185127 0.733865 0.653582 0.044831 -0.670693 0.740379 -0.095409 -0.897729 18.5647</i>
                        <i>0.981257 -0.113971 -0.155386 0.189433 0.718413 0.669326 0.0353475 -0.686217 0.726538 -0.0951682 -1.05897 18.9054</i>
                        <i>0.980797 -0.119744 -0.153941 0.193255 0.702931 0.6845 0.0262455 -0.701106 0.712574 -0.0920495 -1.22052 19.241</i>
                        <i>0.980321 -0.125013 -0.152785 0.19662 0.687549 0.699012 0.0176615 -0.715296 0.698598 -0.0869342 -1.38236 19.5659</i>
                        <i>0.979837 -0.12971 -0.151971 0.199563 0.672402 0.712776 0.00973196 -0.728732 0.68473 -0.0832921 -1.54449 19.8812</i>
                        <i>0.979221 -0.132606 -0.153436 0.202743 0.657677 0.725504 0.00470507 -0.741537 0.670896 -0.0832496 -1.70688 20.1815</i>
                        <i>0.978447 -0.133691 -0.157378 0.206479 0.643479 0.737089 0.00272696 -0.753698 0.657215 -0.0825332 -1.86953 20.4724</i>
                        <i>0.977675 -0.134723 -0.16125 0.210122 0.629844 0.74776 0.000821767 -0.764948 0.644091 -0.0798598 -2.03243 20.7558</i>
                        <i>0.976877 -0.136469 -0.164584 0.213803 0.623037 0.752405 -0.000138498 -0.770196 0.637808 -0.0764015 -2.19556 21.0358</i>
                        <i>0.976083 -0.138162 -0.167849 0.217395 0.624443 0.750206 0.00116177 -0.768753 0.639544 -0.0721974 -2.35891 21.3129</i>
                        <i>0.975568 -0.139267 -0.169915 0.219684 0.626649 0.747697 0.00234744 -0.766757 0.641934 -0.0683331 -2.52247 21.5844</i>
                        <i>0.975289 -0.139896 -0.170996 0.220915 0.626794 0.747212 0.00264752 -0.766524 0.642211 -0.0641763 -2.68624 21.8509</i>
                        <i>0.975014 -0.140514 -0.172058 0.222125 0.626951 0.746722 0.00294655 -0.766282 0.642497 -0.0603023 -2.85019 22.1109</i>
                        <i>0.974741 -0.141124 -0.173101 0.223315 0.627118 0.746226 0.00324466 -0.766033 0.642793 -0.0565028 -3.01431 22.3663</i>
                        <i>0.974471 -0.141724 -0.174127 0.224485 0.627296 0.745725 0.00354195 -0.765777 0.643097 -0.0528525 -3.1786 22.6167</i>
                        <i>0.974204 -0.142317 -0.175137 0.225638 0.627483 0.745219 0.00383855 -0.765513 0.643409 -0.050141 -3.34305 22.8584</i>
                        <i>0.973939 -0.142901 -0.176132 0.226773 0.62768 0.744709 0.00413456 -0.765243 0.643728 -0.0490614 -3.50763 23.0872</i>
                        <i>0.973676 -0.143478 -0.177112 0.227892 0.627885 0.744194 0.00443009 -0.764967 0.644055 -0.0485631 -3.67234 23.3072</i>
                        <i>0.973416 -0.144048 -0.178078 0.228996 0.628099 0.743675 0.00472525 -0.764684 0.644388 -0.0469838 -3.83717 23.5271</i>
                        <i>0.973157 -0.144612 -0.179031 0.230086 0.628319 0.743152 0.00502014 -0.764397 0.644727 -0.0438663 -4.00211 23.7511</i>
                        <i>0.972901 -0.14517 -0.179973 0.231163 0.628547 0.742625 0.00531487 -0.764104 0.645072 -0.0404063 -4.16713 23.9736</i>
                        <i>0.972645 -0.145721 -0.180904 0.232227 0.628781 0.742095 0.00560953 -0.763806 0.645421 -0.0368535 -4.33224 24.1936</i>
                        <i>0.972392 -0.146268 -0.181824 0.23328 0.62902 0.741562 0.00590424 -0.763505 0.645775 -0.0334099 -4.49742 24.4097</i>
                        <i>0.972139 -0.14681 -0.182736 0.234323 0.629265 0.741025 0.00619909 -0.763199 0.646134 -0.0302365 -4.66266 24.6207</i>
                        <i>0.971887 -0.147348 -0.183639 0.235356 0.629514 0.740486 0.00649418 -0.76289 0.646496 -0.0274609 -4.82795 24.8255</i>
                        <i>0.971637 -0.147882 -0.184535 0.236381 0.629767 0.739945 0.00678961 -0.762578 0.646861 -0.0256706 -4.99327 25.0188</i>
                        <i>0.971386 -0.148412 -0.185425 0.237399 0.630023 0.739401 0.00708548 -0.762263 0.647228 -0.024196 -5.15862 25.2054</i>
                        <i>0.971136 -0.14894 -0.186309 0.23841 0.630281 0.738854 0.00738188 -0.761946 0.647598 -0.0228087 -5.32397 25.3867</i>
                        <i>0.970887 -0.149465 -0.187188 0.239416 0.630542 0.738306 0.00767891 -0.761628 0.647969 -0.0213202 -5.48933 25.5647</i>
                        <i>0.970637 -0.149988 -0.188064 0.240418 0.630804 0.737757 0.00797667 -0.761308 0.648342 -0.0195728 -5.65467 25.7411</i>
                        <i>0.970387 -0.150509 -0.188936 0.241416 0.631067 0.737206 0.00827525 -0.760987 0.648714 -0.016849 -5.81999 25.9234</i>
                        <i>0.970136 -0.151029 -0.189807 0.242411 0.63133 0.736654 0.00857476 -0.760665 0.649087 -0.0138192 -5.98528 26.1061</i>
                        <i>0.969884 -0.151549 -0.190677 0.243405 0.631593 0.736101 0.00887528 -0.760344 0.64946 -0.0108397 -6.15052 26.2856</i>
                        <i>0.969631 -0.152068 -0.191547 0.244398 0.631855 0.735547 0.00917691 -0.760023 0.649831 -0.00822422 -6.3157 26.4585</i>
                        <i>0.969378 -0.152587 -0.192417 0.245392 0.632115 0.734992 0.00947974 -0.759703 0.650201 -0.00646097 -6.48081 26.6193</i>
                        <i>0.969122 -0.153106 -0.193289 0.246387 0.632373 0.734437 0.00978387 -0.759384 0.65057 -0.00492307 -6.64584 26.7745</i>
                        <i>0.968865 -0.153627 -0.194164 0.247384 0.632627 0.733883 0.0100894 -0.759066 0.650935 -0.00340397 -6.81077 26.9266</i>
                        <i>0.968606 -0.154149 -0.195042 0.248385 0.632878 0.733328 0.0103964 -0.758751 0.651298 -0.00170749 -6.9756 27.0778</i>
                        <i>0.968344 -0.154672 -0.195924 0.24939 0.633125 0.732774 0.010705 -0.758438 0.651657 0.00024573 -7.14032 27.2294</i>
                        <i>0.96808 -0.155198 -0.196812 0.250399 0.633368 0.73222 0.0110152 -0.758129 0.652012 0.00233737 -7.3049 27.3799</i>
                        <i>0.967813 -0.155726 -0.197705 0.251416 0.633604 0.731667 0.0113272 -0.757823 0.652362 0.0044674 -7.46934 27.528</i>
                        <i>0.967543 -0.156258 -0.198606 0.252439 0.633835 0.731114 0.0116411 -0.75752 0.652708 0.00653527 -7.63363 27.6727</i>
                        <i>0.967269 -0.156793 -0.199514 0.25347 0.634059 0.730563 0.0119569 -0.757222 0.653048 0.00862163 -7.79776 27.815</i>
                        <i>0.966992 -0.157331 -0.200432 0.25451 0.634275 0.730014 0.0122747 -0.756929 0.653381 0.0106911 -7.96171 27.9543</i>
                    </KeyFrames>
                </p>
            </i>
            <i>
                <p>
                    <Name>
                        <![CDATA[l_gear]]>
</Name>
                    <Exclude>0</Exclude>
                    <Additive>0</Additive>
                    <KeyFrames count="79">
                        <i>0.0105595 -0.95009 -0.311797 0.989398 -0.0352408 0.140891 -0.144847 -0.309979 0.939645 2.28258 1.35867 0.296976</i>
                        <i>-0.100443 -0.941418 -0.321936 0.985638 -0.1383 0.0969074 -0.135754 -0.307579 0.941789 2.21515 1.2765 0.979004</i>
                        <i>-0.210243 -0.919775 -0.331379 0.969207 -0.240538 0.0527225 -0.128202 -0.310091 0.942023 2.11871 1.20254 1.658</i>
                        <i>-0.261091 -0.902037 -0.343747 0.957335 -0.287651 0.0276956 -0.123861 -0.32185 0.938654 2.06427 1.16095 2.36881</i>
                        <i>-0.257045 -0.894834 -0.364966 0.958901 -0.283117 0.0188031 -0.120154 -0.345133 0.930831 2.06983 1.06274 3.08918</i>
                        <i>-0.240745 -0.889241 -0.388964 0.964036 -0.265566 0.0104536 -0.112591 -0.372458 0.921194 2.08821 0.901103 3.76307</i>
                        <i>-0.215315 -0.889823 -0.402311 0.971603 -0.236595 0.00329839 -0.0981199 -0.390177 0.915497 2.11809 0.810734 4.42549</i>
                        <i>-0.183685 -0.895684 -0.404981 0.979842 -0.199757 -0.00262523 -0.0785464 -0.3973 0.914321 2.15381 0.853655 5.06787</i>
                        <i>-0.149426 -0.901616 -0.405907 0.987075 -0.160067 -0.00782364 -0.0579185 -0.40183 0.913881 2.18906 0.950206 5.69465</i>
                        <i>-0.115982 -0.906738 -0.405432 0.992523 -0.121428 -0.01236 -0.0380236 -0.403834 0.914042 2.22007 1.0217 6.31039</i>
                        <i>-0.086909 -0.910668 -0.403894 0.996003 -0.0878242 -0.0162987 -0.0206289 -0.403696 0.914661 2.24376 1.04482 6.92024</i>
                        <i>-0.0658412 -0.913433 -0.401628 0.997803 -0.0632588 -0.0197044 -0.0074078 -0.402043 0.915591 2.2581 1.04332 7.52725</i>
                        <i>-0.05645 -0.915226 -0.398968 0.998405 -0.0517103 -0.0226419 9.1663e-005 -0.39961 0.916685 2.26224 1.00867 8.12328</i>
                        <i>-0.0545887 -0.91652 -0.396246 0.998502 -0.0485874 -0.0251751 0.00382092 -0.397027 0.917799 2.26044 0.952146 8.70603</i>
                        <i>-0.0536673 -0.917629 -0.393798 0.998536 -0.0466543 -0.0273678 0.00674114 -0.39469 0.91879 2.25796 0.891258 9.27463</i>
                        <i>-0.0537064 -0.918415 -0.391957 0.998517 -0.0458932 -0.0292831 0.00890581 -0.392949 0.919517 2.25499 0.827016 9.8298</i>
                        <i>-0.0547261 -0.918737 -0.391059 0.998448 -0.0462861 -0.0309836 0.0103652 -0.392147 0.919844 2.25146 0.760427 10.3728</i>
                        <i>-0.056745 -0.918454 -0.391436 0.998326 -0.0478147 -0.0325324 0.0111631 -0.392627 0.91963 2.24728 0.692504 10.9043</i>
                        <i>-0.0597775 -0.917413 -0.393422 0.998147 -0.0504605 -0.0339932 0.0113335 -0.394725 0.91873 2.24228 0.624264 11.4239</i>
                        <i>-0.0638332 -0.915448 -0.397341 0.997901 -0.054204 -0.0354312 0.0108979 -0.398769 0.916987 2.23654 0.569623 11.9318</i>
                        <i>-0.0689152 -0.912375 -0.403514 0.997574 -0.0590247 -0.0369141 0.00986227 -0.405079 0.914229 2.22997 0.514749 12.4277</i>
                        <i>-0.075019 -0.907979 -0.412246 0.997148 -0.0649002 -0.0385135 0.00821454 -0.41396 0.910258 2.22188 0.419066 12.9083</i>
                        <i>-0.0818697 -0.902396 -0.423059 0.996627 -0.0716861 -0.0399572 0.00572982 -0.424903 0.905221 2.21148 0.287 13.3687</i>
                        <i>-0.089131 -0.895922 -0.435178 0.996017 -0.0791928 -0.0409612 0.00223508 -0.437095 0.899412 2.20061 0.149947 13.7899</i>
                        <i>-0.0966977 -0.888559 -0.448456 0.995311 -0.0873288 -0.0415816 -0.00221546 -0.450375 0.892837 2.19027 0.00779773 14.199</i>
                        <i>-0.104464 -0.880313 -0.462749 0.9945 -0.096002 -0.0418745 -0.00756215 -0.464578 0.8855 2.18121 -0.139558 14.6078</i>
                        <i>-0.112325 -0.871199 -0.477908 0.993577 -0.105121 -0.0418953 -0.0137388 -0.479544 0.87741 2.17249 -0.292234 15.0115</i>
                        <i>-0.120179 -0.861238 -0.493787 0.992537 -0.114593 -0.0416985 -0.020672 -0.495113 0.868583 2.16397 -0.45035 15.4095</i>
                        <i>-0.12793 -0.850464 -0.51024 0.99138 -0.124326 -0.0413377 -0.0282801 -0.51113 0.859038 2.15547 -0.614031 15.8003</i>
                        <i>-0.13549 -0.838917 -0.527124 0.990107 -0.134231 -0.0408654 -0.0364735 -0.527446 0.848805 2.14671 -0.78341 16.1824</i>
                        <i>-0.142778 -0.826653 -0.544297 0.988724 -0.144215 -0.0403325 -0.0451546 -0.543918 0.837922 2.13735 -0.958629 16.5545</i>
                        <i>-0.149725 -0.813734 -0.561621 0.98724 -0.154189 -0.039789 -0.0542179 -0.560413 0.826437 2.12568 -1.13678 16.9104</i>
                        <i>-0.156273 -0.800238 -0.578963 0.985667 -0.164064 -0.039283 -0.0635513 -0.576804 0.814407 2.11301 -1.31475 17.2557</i>
                        <i>-0.162377 -0.786249 -0.596194 0.984022 -0.173753 -0.0388614 -0.0730358 -0.592978 0.8019 2.0999 -1.49233 17.5924</i>
                        <i>-0.168002 -0.771864 -0.61319 0.982324 -0.18317 -0.0385696 -0.0825475 -0.608831 0.788994 2.08703 -1.66936 17.9228</i>
                        <i>-0.173132 -0.757188 -0.629834 0.980596 -0.19223 -0.0384512 -0.0919584 -0.62427 0.775777 2.07517 -1.84567 18.2489</i>
                        <i>-0.177759 -0.742335 -0.646018 0.978863 -0.20085 -0.0385489 -0.101137 -0.639216 0.762348 2.06753 -2.0211 18.5787</i>
                        <i>-0.181892 -0.727427 -0.661639 0.977152 -0.20895 -0.0389037 -0.10995 -0.653598 0.748813 2.06314 -2.19552 18.903</i>
                        <i>-0.185549 -0.712589 -0.676601 0.975492 -0.216448 -0.0395553 -0.118262 -0.667358 0.735287 2.0612 -2.36878 19.2164</i>
                        <i>-0.188763 -0.697955 -0.690816 0.973914 -0.223268 -0.0405424 -0.12594 -0.680448 0.721893 2.0583 -2.54076 19.5197</i>
                        <i>-0.192118 -0.683702 -0.704019 0.972627 -0.228209 -0.0437942 -0.130721 -0.693161 0.70883 2.05284 -2.70879 19.8034</i>
                        <i>-0.195926 -0.669935 -0.716101 0.971633 -0.231256 -0.0494922 -0.132446 -0.705484 0.69624 2.04893 -2.87288 20.0726</i>
                        <i>-0.199639 -0.6567 -0.727248 0.97065 -0.234111 -0.0550553 -0.134102 -0.716894 0.684163 2.04707 -3.03693 20.3353</i>
                        <i>-0.203358 -0.650092 -0.732138 0.969778 -0.236701 -0.0591899 -0.134819 -0.722048 0.67858 2.04639 -3.20327 20.6022</i>
                        <i>-0.206913 -0.651467 -0.729917 0.969235 -0.238146 -0.0622033 -0.133304 -0.720332 0.6807 2.04763 -3.37047 20.8739</i>
                        <i>-0.209166 -0.653615 -0.727349 0.968932 -0.238917 -0.0639412 -0.131983 -0.718127 0.683282 2.04977 -3.53666 21.1431</i>
                        <i>-0.210389 -0.653759 -0.726867 0.968719 -0.239503 -0.0649779 -0.131607 -0.7178 0.683697 2.05282 -3.70181 21.4075</i>
                        <i>-0.211591 -0.653914 -0.726379 0.968508 -0.240078 -0.0659945 -0.131233 -0.717467 0.684119 2.05561 -3.86713 21.6655</i>
                        <i>-0.212773 -0.654079 -0.725884 0.968299 -0.240642 -0.0669918 -0.130861 -0.717127 0.684547 2.05834 -4.03261 21.9189</i>
                        <i>-0.213935 -0.654255 -0.725384 0.968093 -0.241197 -0.0679709 -0.13049 -0.716781 0.68498 2.06094 -4.19823 22.1674</i>
                        <i>-0.21508 -0.654439 -0.724879 0.967889 -0.241742 -0.0689328 -0.130121 -0.716429 0.685419 2.06261 -4.36399 22.4072</i>
                        <i>-0.216207 -0.654633 -0.724369 0.967687 -0.242278 -0.0698784 -0.129754 -0.71607 0.685862 2.06267 -4.52987 22.6341</i>
                        <i>-0.217319 -0.654835 -0.723853 0.967487 -0.242806 -0.0708086 -0.129388 -0.715707 0.686311 2.06215 -4.69586 22.8523</i>
                        <i>-0.218415 -0.655045 -0.723334 0.967289 -0.243326 -0.0717244 -0.129023 -0.715338 0.686763 2.06273 -4.86196 23.0704</i>
                        <i>-0.219497 -0.655261 -0.72281 0.967093 -0.243839 -0.0726268 -0.128659 -0.714965 0.68722 2.06486 -5.02815 23.2926</i>
                        <i>-0.220565 -0.655485 -0.722282 0.966898 -0.244345 -0.0735168 -0.128297 -0.714588 0.687681 2.06735 -5.19442 23.5135</i>
                        <i>-0.221622 -0.655714 -0.72175 0.966704 -0.244844 -0.0743952 -0.127934 -0.714206 0.688144 2.06993 -5.36076 23.7317</i>
                        <i>-0.222667 -0.655949 -0.721214 0.966512 -0.245338 -0.0752632 -0.127572 -0.713821 0.688611 2.07242 -5.52715 23.9462</i>
                        <i>-0.223702 -0.656189 -0.720676 0.96632 -0.245826 -0.0761215 -0.127211 -0.713432 0.68908 2.07464 -5.6936 24.1556</i>
                        <i>-0.224727 -0.656433 -0.720134 0.96613 -0.24631 -0.0769712 -0.12685 -0.713041 0.689552 2.07647 -5.86008 24.3587</i>
                        <i>-0.225744 -0.656681 -0.71959 0.96594 -0.246789 -0.0778133 -0.126489 -0.712647 0.690025 2.07732 -6.02659 24.5505</i>
                        <i>-0.226754 -0.656932 -0.719043 0.965751 -0.247265 -0.0786486 -0.126127 -0.712251 0.6905 2.07786 -6.19312 24.7354</i>
                        <i>-0.227757 -0.657185 -0.718495 0.965562 -0.247737 -0.0794783 -0.125766 -0.711853 0.690977 2.07832 -6.35965 24.9152</i>
                        <i>-0.228755 -0.65744 -0.717944 0.965373 -0.248206 -0.0803031 -0.125404 -0.711453 0.691454 2.07889 -6.52618 25.0917</i>
                        <i>-0.229749 -0.657697 -0.717391 0.965184 -0.248674 -0.0811241 -0.125041 -0.711053 0.691931 2.07971 -6.69269 25.2665</i>
                        <i>-0.230738 -0.657955 -0.716837 0.964995 -0.249139 -0.0819422 -0.124678 -0.710651 0.692409 2.08151 -6.85917 25.4474</i>
                        <i>-0.231726 -0.658212 -0.716282 0.964805 -0.249603 -0.0827585 -0.124314 -0.71025 0.692886 2.08362 -7.02562 25.6285</i>
                        <i>-0.232712 -0.658469 -0.715726 0.964615 -0.250067 -0.0835738 -0.123948 -0.709848 0.693363 2.08568 -7.19201 25.8064</i>
                        <i>-0.233697 -0.658726 -0.715169 0.964424 -0.25053 -0.084389 -0.123582 -0.709447 0.693839 2.08737 -7.35835 25.9779</i>
                        <i>-0.234682 -0.65898 -0.714611 0.964232 -0.250993 -0.0852053 -0.123214 -0.709047 0.694313 2.08821 -7.52461 26.1371</i>
                        <i>-0.235669 -0.659232 -0.714054 0.964038 -0.251457 -0.0860234 -0.122844 -0.708648 0.694786 2.08882 -7.6908 26.2908</i>
                        <i>-0.236658 -0.659482 -0.713496 0.963843 -0.251922 -0.0868444 -0.122473 -0.708251 0.695256 2.08941 -7.85689 26.4413</i>
                        <i>-0.23765 -0.659728 -0.712939 0.963646 -0.252389 -0.0876693 -0.1221 -0.707855 0.695724 2.09016 -8.02288 26.5911</i>
                        <i>-0.238647 -0.659969 -0.712382 0.963447 -0.252858 -0.0884989 -0.121725 -0.707462 0.69619 2.09117 -8.18875 26.741</i>
                        <i>-0.239648 -0.660207 -0.711826 0.963246 -0.25333 -0.0893342 -0.121348 -0.707072 0.696652 2.09231 -8.3545 26.8899</i>
                        <i>-0.240656 -0.660438 -0.711271 0.963043 -0.253805 -0.0901763 -0.120968 -0.706685 0.69711 2.09348 -8.52011 27.0365</i>
                        <i>-0.241671 -0.660664 -0.710717 0.962837 -0.254283 -0.0910259 -0.120586 -0.706302 0.697564 2.09457 -8.68558 27.1796</i>
                        <i>-0.242694 -0.660883 -0.710164 0.962627 -0.254766 -0.0918842 -0.120201 -0.705923 0.698014 2.09568 -8.85089 27.3202</i>
                        <i>-0.243725 -0.661095 -0.709613 0.962415 -0.255254 -0.092752 -0.119814 -0.705548 0.69846 2.09675 -9.01604 27.4579</i>
                    </KeyFrames>
                </p>
            </i>
            <i>
                <p>
                    <Name>
                        <![CDATA[l_hatch]]>
</Name>
                    <Exclude>0</Exclude>
                    <Additive>0</Additive>
                    <KeyFrames count="79">
                        <i>-0.336627 0.884267 0.323658 -0.941638 -0.316117 -0.115705 -7.291e-017 -0.343718 0.939073 0.438439 1.04242 0.135281</i>
                        <i>-0.229859 0.909101 0.347418 -0.973213 -0.216437 -0.0775407 0.00470165 -0.355935 0.934499 0.343067 1.15288 0.895171</i>
                        <i>-0.120312 0.921034 0.370435 -0.992718 -0.113909 -0.039201 0.00609039 -0.372454 0.928031 0.242022 1.27329 1.65222</i>
                        <i>-0.0681562 0.918363 0.389826 -0.99765 -0.0654591 -0.0202164 0.00695162 -0.390288 0.920667 0.193459 1.32159 2.40417</i>
                        <i>-0.0721848 0.908281 0.412086 -0.997331 -0.0702804 -0.0197963 0.010981 -0.412416 0.91093 0.198266 1.21247 3.13216</i>
                        <i>-0.0886226 0.895253 0.436656 -0.995869 -0.0883304 -0.02102 0.0197518 -0.436715 0.899383 0.21424 1.01463 3.81138</i>
                        <i>-0.113914 0.885176 0.451095 -0.992838 -0.117887 -0.0193905 0.0360145 -0.450073 0.892265 0.241734 0.867096 4.4813</i>
                        <i>-0.144875 0.878414 0.455412 -0.98777 -0.155207 -0.0148606 0.0576294 -0.451996 0.890157 0.276978 0.838912 5.13342</i>
                        <i>-0.177916 0.871014 0.457908 -0.98077 -0.194895 -0.0103482 0.0802304 -0.450944 0.888939 0.314697 0.859653 5.76934</i>
                        <i>-0.209676 0.863383 0.458917 -0.972455 -0.233016 -0.00592309 0.101821 -0.447518 0.888459 0.351032 0.858072 6.39361</i>
                        <i>-0.236877 0.8564 0.458768 -0.964037 -0.265763 -0.00165337 0.120508 -0.442661 0.888554 0.381675 0.818218 7.01134</i>
                        <i>-0.256309 0.851315 0.457787 -0.957184 -0.289471 0.00239382 0.134554 -0.437572 0.889059 0.40251 0.771042 7.62555</i>
                        <i>-0.264782 0.84952 0.456296 -0.95374 -0.300569 0.00615166 0.142374 -0.433559 0.889807 0.410254 0.715116 8.22808</i>
                        <i>-0.266277 0.849951 0.45462 -0.952754 -0.303593 0.00955324 0.146139 -0.430597 0.890634 0.409691 0.652976 8.81662</i>
                        <i>-0.266928 0.850567 0.453084 -0.952118 -0.305472 0.0125312 0.149063 -0.428045 0.89138 0.408075 0.588669 9.39028</i>
                        <i>-0.266714 0.851204 0.452013 -0.951841 -0.306223 0.0150179 0.1512 -0.426239 0.891885 0.405586 0.52314 9.94973</i>
                        <i>-0.265614 0.851697 0.451731 -0.951926 -0.30586 0.0169454 0.152599 -0.425514 0.891993 0.402162 0.457337 10.4963</i>
                        <i>-0.263606 0.851879 0.452565 -0.952371 -0.304395 0.0182462 0.153302 -0.4262 0.891545 0.397704 0.392212 11.0304</i>
                        <i>-0.260671 0.851573 0.454835 -0.953172 -0.30184 0.0188533 0.153342 -0.428621 0.890376 0.392062 0.328728 11.5518</i>
                        <i>-0.256795 0.850591 0.458858 -0.95432 -0.2982 0.0187018 0.152739 -0.433095 0.888313 0.385341 0.28075 12.0607</i>
                        <i>-0.251972 0.848727 0.464944 -0.955803 -0.293474 0.0177293 0.151496 -0.439927 0.885163 0.37747 0.234401 12.5567</i>
                        <i>-0.246201 0.845747 0.473389 -0.957604 -0.28765 0.0158777 0.149599 -0.449411 0.88071 0.367781 0.14907 13.0365</i>
                        <i>-0.239759 0.841774 0.483666 -0.959664 -0.280846 0.0130672 0.146835 -0.461024 0.875155 0.355539 0.0289815 13.4948</i>
                        <i>-0.232981 0.837089 0.494976 -0.961903 -0.273232 0.00932142 0.143046 -0.473947 0.868857 0.342638 -0.0947415 13.9126</i>
                        <i>-0.225959 0.83168 0.507199 -0.964271 -0.264875 0.00474116 0.138287 -0.488006 0.861816 0.330137 -0.222343 14.3171</i>
                        <i>-0.218786 0.825536 0.520215 -0.966718 -0.255842 -0.000572543 0.13262 -0.503026 0.854035 0.318857 -0.354068 14.7201</i>
                        <i>-0.211553 0.818653 0.533903 -0.969196 -0.246205 -0.00651865 0.126113 -0.518836 0.84552 0.307903 -0.490171 15.1171</i>
                        <i>-0.204349 0.811036 0.548145 -0.971657 -0.236036 -0.0129964 0.118841 -0.535265 0.836283 0.297218 -0.630912 15.5076</i>
                        <i>-0.197258 0.802697 0.56282 -0.97406 -0.225412 -0.0199054 0.110889 -0.552147 0.82634 0.286652 -0.776565 15.8903</i>
                        <i>-0.190357 0.793661 0.577812 -0.976365 -0.214415 -0.0271459 0.102347 -0.569323 0.815719 0.275976 -0.92741 16.2638</i>
                        <i>-0.183715 0.783959 0.593006 -0.97854 -0.203127 -0.0346191 0.0933158 -0.58664 0.804453 0.264883 -1.08374 16.6268</i>
                        <i>-0.177394 0.773635 0.608293 -0.980557 -0.191639 -0.0422275 0.0839038 -0.603956 0.792589 0.251706 -1.24282 16.9735</i>
                        <i>-0.171443 0.762741 0.623565 -0.982394 -0.180041 -0.0498748 0.0742254 -0.621137 0.780179 0.237764 -1.40167 17.3096</i>
                        <i>-0.165901 0.75134 0.638721 -0.984037 -0.168429 -0.0574667 0.0644022 -0.638059 0.767289 0.223633 -1.56027 17.6372</i>
                        <i>-0.160795 0.739504 0.653666 -0.985479 -0.156903 -0.0649107 0.0545605 -0.654611 0.753994 0.209986 -1.71862 17.9586</i>
                        <i>-0.156141 0.727312 0.66831 -0.986717 -0.145564 -0.0721165 0.044831 -0.670693 0.740379 0.197589 -1.87672 18.2762</i>
                        <i>-0.151941 0.714851 0.68257 -0.987757 -0.134518 -0.0789961 0.0353475 -0.686217 0.726538 0.189642 -2.03459 18.5979</i>
                        <i>-0.148186 0.702215 0.696372 -0.988611 -0.12387 -0.0854643 0.0262455 -0.701106 0.712574 0.185147 -2.19226 18.9149</i>
                        <i>-0.144857 0.689505 0.709647 -0.989295 -0.113731 -0.0914382 0.0176615 -0.715296 0.698598 0.183268 -2.34977 19.2216</i>
                        <i>-0.141924 0.676824 0.722335 -0.98983 -0.104209 -0.0968376 0.00973196 -0.728732 0.68473 0.180572 -2.50717 19.5191</i>
                        <i>-0.138721 0.663933 0.734813 -0.99032 -0.0965248 -0.099743 0.00470507 -0.741537 0.670896 0.175339 -2.66412 19.8016</i>
                        <i>-0.134943 0.650929 0.747049 -0.99085 -0.0907238 -0.0999314 0.00272696 -0.753698 0.657215 0.171628 -2.82068 20.0747</i>
                        <i>-0.131253 0.638437 0.7584 -0.991349 -0.085162 -0.0998769 0.000821767 -0.764948 0.644091 0.169987 -2.97754 20.3413</i>
                        <i>-0.127518 0.632614 0.763897 -0.991836 -0.0812263 -0.0983016 -0.000138498 -0.770196 0.637808 0.169519 -3.13802 20.613</i>
                        <i>-0.123868 0.634509 0.762925 -0.992298 -0.0801054 -0.0944868 0.00116177 -0.768753 0.639544 0.170905 -3.30266 20.8913</i>
                        <i>-0.12154 0.636958 0.761258 -0.992584 -0.0798074 -0.0916961 0.00234744 -0.766757 0.641934 0.173132 -3.46768 21.1652</i>
                        <i>-0.120287 0.637306 0.761165 -0.992736 -0.0792646 -0.0905153 0.00264752 -0.766524 0.642211 0.176254 -3.63173 21.4317</i>
                        <i>-0.119055 0.637662 0.761061 -0.992883 -0.0787348 -0.0893506 0.00294655 -0.766282 0.642497 0.179112 -3.79598 21.6918</i>
                        <i>-0.117843 0.638024 0.760945 -0.993027 -0.0782174 -0.0882011 0.00324466 -0.766033 0.642793 0.181913 -3.9604 21.9473</i>
                        <i>-0.116649 0.638394 0.760819 -0.993167 -0.0777116 -0.0870662 0.00354195 -0.765777 0.643097 0.184583 -4.12499 22.1978</i>
                        <i>-0.115474 0.63877 0.760683 -0.993303 -0.077217 -0.085945 0.00383855 -0.765513 0.643409 0.18633 -4.28973 22.4397</i>
                        <i>-0.114316 0.639152 0.760537 -0.993436 -0.0767328 -0.0848368 0.00413456 -0.765243 0.643728 0.18646 -4.45461 22.6686</i>
                        <i>-0.113174 0.63954 0.760382 -0.993565 -0.0762586 -0.0837408 0.00443009 -0.764967 0.644055 0.186024 -4.61963 22.8887</i>
                        <i>-0.112046 0.639932 0.760219 -0.993692 -0.0757935 -0.0826563 0.00472525 -0.764684 0.644388 0.186682 -4.78476 23.1088</i>
                        <i>-0.110933 0.64033 0.760047 -0.993815 -0.0753371 -0.0815824 0.00502014 -0.764397 0.644727 0.188891 -4.95 23.333</i>
                        <i>-0.109833 0.640732 0.759868 -0.993936 -0.0748887 -0.0805184 0.00531487 -0.764104 0.645072 0.191455 -5.11533 23.5557</i>
                        <i>-0.108745 0.641138 0.759682 -0.994054 -0.0744477 -0.0794635 0.00560953 -0.763806 0.645421 0.194123 -5.28075 23.7759</i>
                        <i>-0.107668 0.641547 0.75949 -0.994169 -0.0740135 -0.0784171 0.00590424 -0.763505 0.645775 0.196692 -5.44624 23.9922</i>
                        <i>-0.106601 0.64196 0.759292 -0.994283 -0.0735854 -0.0773781 0.00619909 -0.763199 0.646134 0.199 -5.61178 24.2035</i>
                        <i>-0.105543 0.642375 0.759088 -0.994394 -0.0731628 -0.0763461 0.00649418 -0.76289 0.646496 0.200918 -5.77737 24.4084</i>
                        <i>-0.104493 0.642793 0.758879 -0.994502 -0.0727452 -0.07532 0.00678961 -0.762578 0.646861 0.201859 -5.943 24.602</i>
                        <i>-0.103451 0.643213 0.758667 -0.994609 -0.0723318 -0.0742993 0.00708548 -0.762263 0.647228 0.202491 -6.10866 24.7888</i>
                        <i>-0.102414 0.643634 0.75845 -0.994714 -0.0719221 -0.073283 0.00738188 -0.761946 0.647598 0.203042 -6.27432 24.9704</i>
                        <i>-0.101383 0.644056 0.75823 -0.994818 -0.0715155 -0.0722705 0.00767891 -0.761628 0.647969 0.203698 -6.43998 25.1486</i>
                        <i>-0.100356 0.644479 0.758007 -0.99492 -0.0711113 -0.071261 0.00797667 -0.761308 0.648342 0.204618 -6.60564 25.3253</i>
                        <i>-0.0993321 0.644902 0.757782 -0.99502 -0.070709 -0.0702537 0.00827525 -0.760987 0.648714 0.206517 -6.77126 25.5079</i>
                        <i>-0.0983103 0.645325 0.757555 -0.995119 -0.0703078 -0.0692477 0.00857476 -0.760665 0.649087 0.208725 -6.93685 25.6908</i>
                        <i>-0.0972897 0.645748 0.757327 -0.995216 -0.0699073 -0.0682425 0.00887528 -0.760344 0.64946 0.210884 -7.1024 25.8705</i>
                        <i>-0.0962694 0.646169 0.757099 -0.995313 -0.0695067 -0.0672371 0.00917691 -0.760023 0.649831 0.212679 -7.26788 26.0438</i>
                        <i>-0.0952483 0.646588 0.756869 -0.995408 -0.0691055 -0.0662309 0.00947974 -0.759703 0.650201 0.213622 -7.4333 26.2048</i>
                        <i>-0.0942254 0.647006 0.756641 -0.995503 -0.068703 -0.065223 0.00978387 -0.759384 0.65057 0.214338 -7.59863 26.3603</i>
                        <i>-0.0931997 0.647421 0.756413 -0.995596 -0.0682987 -0.0642127 0.0100894 -0.759066 0.650935 0.215033 -7.76386 26.5126</i>
                        <i>-0.0921703 0.647833 0.756186 -0.995689 -0.0678919 -0.0631992 0.0103964 -0.758751 0.651298 0.215903 -7.92899 26.6641</i>
                        <i>-0.0911361 0.648242 0.755961 -0.995781 -0.067482 -0.0621817 0.010705 -0.758438 0.651657 0.217026 -8.094 26.8159</i>
                        <i>-0.0900962 0.648647 0.755738 -0.995872 -0.0670684 -0.0611595 0.0110152 -0.758129 0.652012 0.218282 -8.25888 26.9666</i>
                        <i>-0.0890496 0.649048 0.755518 -0.995963 -0.0666505 -0.0601318 0.0113272 -0.757823 0.652362 0.219571 -8.42362 27.115</i>
