<?xml version="1.0" encoding="ISO-8859-1" ?>
<Animl Version="1">
    <ModellingPackage>
        <![CDATA[Maya.2008]]>
</ModellingPackage>
    <SrcFile>
        <![CDATA[dlc2\units\air\mashup\anims\~src\p51_crashing.mb]]>
</SrcFile>
    <FramesPerSecond>30</FramesPerSecond>
    <TotalFrames>30</TotalFrames>
    <Skeleton>
        <RefFrame>
            <Name>
                <![CDATA[p51_ref_frame]]>
</Name>
            <Exclude>0</Exclude>
            <Additive>0</Additive>
            <KeyFrames count="30">
                <i>1 0 0 0 1 0 0 0 1 0 0 0</i>
                <i>1 0 0 0 1 0 0 0 1 0 -0.707571 1.18709</i>
                <i>1 0 0 0 1 0 0 0 1 0 -1.41517 2.37422</i>
                <i>1 0 0 0 1 0 0 0 1 0 -2.10563 3.57113</i>
                <i>1 0 0 0 1 0 0 0 1 0 -2.76 4.7886</i>
                <i>1 0 0 0 1 0 0 0 1 0 -3.39707 6.01557</i>
                <i>1 0 0 0 1 0 0 0 1 0 -4.05647 7.22932</i>
                <i>1 0 0 0 1 0 0 0 1 0 -4.75506 8.42047</i>
                <i>1 0 0 0 1 0 0 0 1 0 -5.46611 9.6048</i>
                <i>1 0 0 0 1 0 0 0 1 0 -6.1841 10.7856</i>
                <i>1 0 0 0 1 0 0 0 1 0 -6.90337 11.9658</i>
                <i>1 0 0 0 1 0 0 0 1 0 -7.61834 13.1486</i>
                <i>1 0 0 0 1 0 0 0 1 0 -8.32341 14.3372</i>
                <i>1 0 0 0 1 0 0 0 1 0 -8.99513 15.545</i>
                <i>1 0 0 0 1 0 0 0 1 0 -9.6542 16.7599</i>
                <i>1 0 0 0 1 0 0 0 1 0 -10.3083 17.9775</i>
                <i>1 0 0 0 1 0 0 0 1 0 -10.9652 19.1933</i>
                <i>1 0 0 0 1 0 0 0 1 0 -11.6327 20.4029</i>
                <i>1 0 0 0 1 0 0 0 1 0 -12.3449 21.5866</i>
                <i>1 0 0 0 1 0 0 0 1 0 -13.0751 22.7598</i>
                <i>1 0 0 0 1 0 0 0 1 0 -13.8073 23.9318</i>
                <i>1 0 0 0 1 0 0 0 1 0 -14.5257 25.1119</i>
                <i>1 0 0 0 1 0 0 0 1 0 -15.2042 26.315</i>
                <i>1 0 0 0 1 0 0 0 1 0 -15.8724 27.5241</i>
                <i>1 0 0 0 1 0 0 0 1 0 -16.5409 28.7332</i>
                <i>1 0 0 0 1 0 0 0 1 0 -17.2202 29.9362</i>
                <i>1 0 0 0 1 0 0 0 1 0 -17.9148 31.1305</i>
                <i>1 0 0 0 1 0 0 0 1 0 -18.6185 32.3198</i>
                <i>1 0 0 0 1 0 0 0 1 0 -19.3258 33.507</i>
                <i>1 0 0 0 1 0 0 0 1 0 -20.0312 34.6951</i>
            </KeyFrames>
        </RefFrame>
        <Bones count="10">
            <i>
                <p>
                    <Name>
                        <![CDATA[p51_root]]>
</Name>
                    <Exclude>0</Exclude>
                    <Additive>0</Additive>
                    <KeyFrames count="30">
                        <i>1 0 0 0 0.866025 0.5 0 -0.5 0.866025 0 1.73205 1</i>
                        <i>0.976621 0.18617 0.107485 -0.21497 0.845778 0.48831 -2.77556e-017 -0.5 0.866025 0 1.02448 2.18709</i>
                        <i>0.907575 0.363635 0.209945 -0.419889 0.785983 0.453788 6.93889e-017 -0.5 0.866025 0 0.316884 3.37422</i>
                        <i>0.796093 0.524096 0.302587 -0.605174 0.689437 0.398047 -1.11022e-016 -0.5 0.866025 0 -0.373576 4.57113</i>
                        <i>0.647386 0.660052 0.381081 -0.762162 0.560653 0.323693 1.66533e-016 -0.5 0.866025 0 -1.02795 5.7886</i>
                        <i>0.468408 0.765144 0.441756 -0.883512 0.405654 0.234204 8.32667e-017 -0.5 0.866025 0 -1.66502 7.01557</i>
                        <i>0.267528 0.834459 0.481775 -0.96355 0.231686 0.133764 -2.77556e-017 -0.5 0.866025 0 -2.32442 8.22932</i>
                        <i>0.0541388 0.864755 0.499267 -0.998533 0.0468856 0.0270694 0 -0.5 0.866025 0 -3.02301 9.42047</i>
                        <i>-0.161782 0.854617 0.493413 -0.986826 -0.140107 -0.080891 -2.77556e-017 -0.5 0.866025 0 -3.73406 10.6048</i>
                        <i>-0.370138 0.804517 0.464488 -0.928977 -0.320549 -0.185069 -1.11022e-016 -0.5 0.866025 0 -4.45205 11.7856</i>
                        <i>-0.561187 0.7168 0.413844 -0.827689 -0.486002 -0.280594 3.05311e-016 -0.5 0.866025 0 -5.17132 12.9658</i>
                        <i>-0.725996 0.595565 0.34385 -0.687699 -0.628731 -0.362998 -1.11022e-016 -0.5 0.866025 0 -5.88628 14.1486</i>
                        <i>-0.856857 0.446483 0.257777 -0.515554 -0.74206 -0.428429 5.55112e-017 -0.5 0.866025 0 -6.59136 15.3372</i>
                        <i>-0.947653 0.276523 0.159651 -0.319302 -0.820692 -0.473827 -5.55112e-017 -0.5 0.866025 0 -7.26308 16.545</i>
                        <i>-0.994138 0.0936338 0.0540595 -0.108119 -0.860949 -0.497069 4.51028e-017 -0.5 0.866025 0 -7.92215 17.7599</i>
                        <i>-0.994138 -0.093634 -0.0540596 0.108119 -0.860949 -0.497069 -2.63678e-016 -0.5 0.866025 0 -8.57628 18.9775</i>
                        <i>-0.947653 -0.276523 -0.159651 0.319301 -0.820692 -0.473827 -2.77556e-016 -0.5 0.866025 0 -9.23319 20.1933</i>
                        <i>-0.856857 -0.446483 -0.257777 0.515554 -0.74206 -0.428429 -4.71845e-016 -0.5 0.866025 0 -9.90065 21.4029</i>
                        <i>-0.725996 -0.595565 -0.34385 0.687699 -0.628731 -0.362998 -1.11022e-016 -0.5 0.866025 0 -10.6128 22.5866</i>
                        <i>-0.561187 -0.7168 -0.413845 0.827689 -0.486002 -0.280593 -3.60822e-016 -0.5 0.866025 0 -11.343 23.7598</i>
                        <i>-0.370138 -0.804517 -0.464488 0.928977 -0.320549 -0.185069 -5.55112e-017 -0.5 0.866025 0 -12.0753 24.9318</i>
                        <i>-0.161782 -0.854617 -0.493413 0.986827 -0.140107 -0.080891 -6.93889e-016 -0.5 0.866025 0 -12.7937 26.1119</i>
                        <i>0.0541388 -0.864755 -0.499267 0.998533 0.0468856 0.0270694 -2.22045e-016 -0.5 0.866025 0 -13.4721 27.315</i>
                        <i>0.267528 -0.834459 -0.481775 0.96355 0.231686 0.133764 -3.60822e-016 -0.5 0.866025 0 -14.1403 28.5241</i>
                        <i>0.468408 -0.765144 -0.441756 0.883512 0.405653 0.234204 -5.55112e-016 -0.5 0.866025 0 -14.8088 29.7332</i>
                        <i>0.647386 -0.660052 -0.381081 0.762162 0.560653 0.323693 -1.66533e-016 -0.5 0.866025 0 -15.4881 30.9362</i>
                        <i>0.796093 -0.524096 -0.302587 0.605174 0.689437 0.398046 0 -0.5 0.866025 0 -16.1827 32.1305</i>
                        <i>0.907575 -0.363635 -0.209945 0.419889 0.785983 0.453788 -1.38778e-017 -0.5 0.866025 0 -16.8864 33.3198</i>
                        <i>0.97662 -0.18617 -0.107485 0.214971 0.845778 0.48831 4.85723e-017 -0.5 0.866025 0 -17.5937 34.507</i>
                        <i>1 -2.44929e-016 0 2.12115e-016 0.866025 0.5 -1.22465e-016 -0.5 0.866025 0 -18.2992 35.6951</i>
                    </KeyFrames>
                </p>
            </i>
            <i>
                <p>
                    <Name>
                        <![CDATA[l_gear]]>
</Name>
                    <Exclude>0</Exclude>
                    <Additive>0</Additive>
                    <KeyFrames count="30">
                        <i>0.0105595 -0.882365 -0.470448 0.989398 -0.0589311 0.132738 -0.144847 -0.466861 0.872387 2.28258 1.04922 1.18233</i>
                        <i>0.225149 -0.860164 -0.45763 0.96297 0.124954 0.238904 -0.148314 -0.494473 0.856446 2.33674 0.776722 2.62061</i>
                        <i>0.42921 -0.798533 -0.422047 0.891515 0.299621 0.339748 -0.144846 -0.522085 0.840504 2.28163 0.504112 4.05888</i>
                        <i>0.613202 -0.700352 -0.365363 0.778373 0.456901 0.430554 -0.134605 -0.548405 0.825308 2.11984 0.22821 5.49513</i>
                        <i>0.768521 -0.570214 -0.290227 0.628836 0.58944 0.507075 -0.11807 -0.572203 0.811568 1.85893 -0.0514177 6.92896</i>
                        <i>0.887905 -0.414202 -0.200153 0.449895 0.691041 0.565735 -0.0960139 -0.592367 0.799927 1.5111 -0.371083 8.3392</i>
                        <i>0.965772 -0.239611 -0.0993537 0.249918 0.756954 0.603789 -0.0694686 -0.607953 0.790928 1.09261 -0.785248 9.69453</i>
                        <i>0.99848 -0.0546063 0.007459 0.0382541 0.784096 0.61946 -0.0396749 -0.618233 0.784993 0.623027 -1.32225 10.979</i>
                        <i>0.9845 0.132163 0.11529 -0.175198 0.771198 0.612013 -0.00802617 -0.622726 0.782399 0.124315 -1.96291 12.2039</i>
                        <i>0.924487 0.311962 0.219097 -0.380458 0.718863 0.581797 0.0239979 -0.621221 0.783268 -0.38021 -2.705 13.3708</i>
                        <i>0.821245 0.476386 0.314027 -0.567928 0.629538 0.530226 0.0548999 -0.61379 0.787558 -0.866957 -3.54174 14.4832</i>
                        <i>0.679603 0.617745 0.395641 -0.728843 0.5074 0.45971 0.0832348 -0.60078 0.795069 -1.31317 -4.46204 15.5475</i>
                        <i>0.506183 0.729429 0.460122 -0.855678 0.358161 0.373546 0.107678 -0.582799 0.805451 -1.69797 -5.45073 16.5723</i>
                        <i>0.309095 0.806217 0.504455 -0.942502 0.188798 0.275764 0.127086 -0.560687 0.818217 -2.00338 -6.47105 17.5788</i>
                        <i>0.0975538 0.844517 0.526568 -0.985256 0.00723 0.170936 0.140551 -0.53548 0.832771 -2.21512 -7.52745 18.5644</i>
                        <i>-0.118549 0.84254 0.525426 -0.98194 -0.178052 0.0639633 0.147445 -0.508354 0.848431 -2.32328 -8.60903 19.5352</i>
                        <i>-0.329108 0.800377 0.501084 -0.93271 -0.358385 -0.0401519 0.147444 -0.48058 0.864467 -2.3228 -9.70354 20.4983</i>
                        <i>-0.524279 0.719999 0.454678 -0.839867 -0.525337 -0.136542 0.140549 -0.453455 0.880127 -2.21372 -10.7983 21.4613</i>
                        <i>-0.694935 0.605167 0.388379 -0.707754 -0.671101 -0.220699 0.127082 -0.428248 0.894681 -2.00112 -11.9074 22.4157</i>
                        <i>-0.833097 0.461248 0.305287 -0.542546 -0.788862 -0.288688 0.107673 -0.406137 0.907446 -1.69495 -12.9857 23.388</i>
                        <i>-0.932304 0.294972 0.209288 -0.35197 -0.873113 -0.33733 0.0832292 -0.388157 0.917827 -1.30953 -14.001 24.3966</i>
                        <i>-0.987917 0.114114 0.10487 -0.144935 -0.919914 -0.364351 0.0548935 -0.375148 0.925338 -0.862875 -14.924 25.4585</i>
                        <i>-0.997337 -0.072869 -0.003085 0.0688755 -0.927078 -0.368487 0.0239912 -0.367718 0.929628 -0.375875 -15.7191 26.5943</i>
                        <i>-0.960122 -0.257234 -0.109528 0.279466 -0.894269 -0.349545 -0.00803295 -0.366215 0.930496 0.128702 -16.4106 27.7899</i>
                        <i>-0.878013 -0.430361 -0.209483 0.476989 -0.823022 -0.30841 -0.0396815 -0.370709 0.927901 0.62726 -17.0079 29.0401</i>
                        <i>-0.754849 -0.584153 -0.298275 0.652209 -0.716667 -0.247006 -0.0694746 -0.38099 0.921965 1.09649 -17.5248 30.3368</i>
                        <i>-0.596389 -0.711421 -0.371753 0.796932 -0.580178 -0.168204 -0.0960191 -0.396577 0.912966 1.51445 -17.9735 31.6732</i>
                        <i>-0.410043 -0.806213 -0.426481 0.904391 -0.419938 -0.0756892 -0.118074 -0.416742 0.901324 1.86159 -18.3592 33.046</i>
                        <i>-0.204523 -0.864096 -0.4599 0.969562 -0.243438 0.026213 -0.134608 -0.440541 0.887584 2.12169 -18.6914 34.4498</i>
                        <i>0.0105595 -0.882365 -0.470448 0.989398 -0.0589311 0.132738 -0.144847 -0.466861 0.872387 2.28258 -18.982 35.8775</i>
                    </KeyFrames>
                </p>
            </i>
            <i>
                <p>
                    <Name>
                        <![CDATA[l_hatch]]>
</Name>
                    <Exclude>0</Exclude>
                    <Additive>0</Additive>
                    <KeyFrames count="30">
                        <i>-0.336627 0.815482 0.470819 -0.941638 -0.291528 -0.168314 0 -0.5 0.866025 0.438439 0.765471 0.968691</i>
                        <i>-0.531181 0.733747 0.423629 -0.847258 -0.460016 -0.265591 -2.77556e-017 -0.5 0.866025 0.611502 0.156789 2.21287</i>
                        <i>-0.700898 0.617703 0.356631 -0.713262 -0.606995 -0.350449 6.93889e-017 -0.5 0.866025 0.755972 -0.422009 3.47436</i>
                        <i>-0.837842 0.472775 0.272957 -0.545914 -0.725592 -0.418921 -1.11022e-016 -0.5 0.866025 0.865093 -0.959787 4.75942</i>
                        <i>-0.935609 0.305741 0.17652 -0.353039 -0.810261 -0.467804 1.66533e-016 -0.5 0.866025 0.933764 -1.44473 6.07472</i>
                        <i>-0.989628 0.124411 0.0718286 -0.143657 -0.857043 -0.494814 8.32667e-017 -0.5 0.866025 0.958772 -1.90356 7.4046</i>
                        <i>-0.997373 -0.0627367 -0.0362211 0.0724421 -0.86375 -0.498686 -2.77556e-017 -0.5 0.866025 0.93895 -2.38422 8.72154</i>
                        <i>-0.958482 -0.246951 -0.142577 0.285154 -0.830069 -0.479241 0 -0.5 0.866025 0.875223 -2.91193 10.0113</i>
                        <i>-0.874773 -0.419618 -0.242266 0.484533 -0.757576 -0.437387 -2.77556e-017 -0.5 0.866025 0.770572 -3.46797 11.2852</i>
                        <i>-0.750161 -0.572664 -0.330627 0.661255 -0.649659 -0.375081 -1.11022e-016 -0.5 0.866025 0.62989 -4.05406 12.5421</i>
                        <i>-0.590473 -0.698932 -0.403529 0.807058 -0.511364 -0.295236 3.05311e-016 -0.5 0.866025 0.459755 -4.6707 13.7816</i>
                        <i>-0.403174 -0.79252 -0.457562 0.915123 -0.349159 -0.201587 -1.11022e-016 -0.5 0.866025 0.268122 -5.31711 15.004</i>
                        <i>-0.197024 -0.84905 -0.490199 0.980399 -0.170628 -0.0985119 5.55112e-017 -0.5 0.866025 0.0639519 -5.99091 16.2106</i>
                        <i>0.0183392 -0.86588 -0.499916 0.999832 0.0158822 0.00916961 -5.55112e-017 -0.5 0.866025 -0.143208 -6.67009 17.4141</i>
                        <i>0.232845 -0.842222 -0.486257 0.972514 0.201649 0.116422 4.51028e-017 -0.5 0.866025 -0.343672 -7.37502 18.6025</i>
                        <i>0.436463 -0.779182 -0.449861 0.899722 0.377988 0.218231 -2.63678e-016 -0.5 0.866025 -0.528067 -8.11126 19.7728</i>
                        <i>0.619672 -0.679709 -0.39243 0.784861 0.536652 0.309836 -2.77556e-016 -0.5 0.866025 -0.687769 -8.88268 20.9224</i>
                        <i>0.773906 -0.548454 -0.31665 0.6333 0.670223 0.386953 -4.71845e-016 -0.5 0.866025 -0.815312 -9.69171 22.0503</i>
                        <i>0.891954 -0.391553 -0.226063 0.452127 0.772455 0.445977 -1.11022e-016 -0.5 0.866025 -0.904732 -10.5659 23.1405</i>
                        <i>0.968294 -0.216344 -0.124906 0.249812 0.838567 0.484147 -3.60822e-016 -0.5 0.866025 -0.951848 -11.4709 24.2127</i>
                        <i>0.999358 -0.031019 -0.0179088 0.0358176 0.86547 0.499679 -5.55112e-017 -0.5 0.866025 -0.954456 -12.3828 25.2811</i>
                        <i>0.983694 0.155757 0.0899262 -0.179852 0.851904 0.491847 -6.93889e-016 -0.5 0.866025 -0.912435 -13.277 26.3596</i>
                        <i>0.922032 0.335249 0.193556 -0.387112 0.798504 0.461016 -2.22045e-016 -0.5 0.866025 -0.82775 -14.1193 27.4681</i>
                        <i>0.817258 0.499066 0.288136 -0.576272 0.707766 0.408629 -3.60822e-016 -0.5 0.866025 -0.70436 -14.9318 28.5939</i>
                        <i>0.67427 0.639547 0.369243 -0.738485 0.583935 0.337135 -5.55112e-016 -0.5 0.866025 -0.548035 -15.7183 29.7348</i>
                        <i>0.499753 0.750123 0.433084 -0.866168 0.432799 0.249877 -1.66533e-016 -0.5 0.866025 -0.366084 -16.4837 30.8881</i>
                        <i>0.301869 0.825625 0.476675 -0.95335 0.261426 0.150934 0 -0.5 0.866025 -0.167016 -17.2285 32.0535</i>
                        <i>0.0898691 0.862521 0.497977 -0.995954 0.0778289 0.0449346 -1.38778e-017 -0.5 0.866025 0.0398618 -17.9442 33.2358</i>
                        <i>-0.126332 0.859087 0.495994 -0.991988 -0.109407 -0.0631662 4.85723e-017 -0.5 0.866025 0.244875 -18.6247 34.4385</i>
                        <i>-0.336627 0.815482 0.470819 -0.941638 -0.291528 -0.168314 -1.22465e-016 -0.5 0.866025 0.438439 -19.2658 35.6638</i>
                    </KeyFrames>
                </p>
            </i>
            <i>
                <p>
                    <Name>
                        <![CDATA[prop]]>
</Name>
                    <Exclude>0</Exclude>
                    <Additive>0</Additive>
                    <KeyFrames count="30">
                        <i>1 0 0 0 0.866025 0.5 0 -0.5 0.866025 0 0.019531 3.96617</i>
                        <i>0.267528 0.834459 0.481775 -0.96355 0.231686 0.133764 -2.77556e-017 -0.5 0.866025 -0.0343388 -0.691275 5.15139</i>
                        <i>-0.856857 0.446483 0.257777 -0.515554 -0.74206 -0.428429 6.93889e-017 -0.5 0.866025 -0.067072 -1.40842 6.333</i>
                        <i>-0.725995 -0.595565 -0.34385 0.6877 -0.62873 -0.362998 -1.11022e-016 -0.5 0.866025 -0.0966689 -2.1143 7.52101</i>
                        <i>0.468409 -0.765144 -0.441756 0.883512 0.405654 0.234204 1.66533e-016 -0.5 0.866025 -0.121746 -2.78925 8.72661</i>
                        <i>0.976621 0.18617 0.107485 -0.214971 0.845778 0.48831 8.32667e-017 -0.5 0.866025 -0.14113 -3.45108 9.93929</i>
                        <i>0.0541389 0.864755 0.499267 -0.998533 0.0468857 0.0270694 -2.77556e-017 -0.5 0.866025 -0.153915 -4.13827 11.137</i>
                        <i>-0.947653 0.276523 0.159651 -0.319301 -0.820692 -0.473827 0 -0.5 0.866025 -0.159503 -4.86637 12.3111</i>
                        <i>-0.561187 -0.7168 -0.413845 0.827689 -0.486002 -0.280593 -2.77556e-017 -0.5 0.866025 -0.157633 -5.6073 13.4782</i>
                        <i>0.647387 -0.660051 -0.381081 0.762162 0.560653 0.323693 -1.11022e-016 -0.5 0.866025 -0.148392 -6.35411 14.6423</i>
                        <i>0.907575 0.363635 0.209945 -0.419889 0.785983 0.453788 3.05311e-016 -0.5 0.866025 -0.132213 -7.09981 15.8073</i>
                        <i>-0.161782 0.854617 0.493413 -0.986826 -0.140108 -0.0808911 -1.11022e-016 -0.5 0.866025 -0.109851 -7.83757 16.9769</i>
                        <i>-0.994138 0.0936337 0.0540594 -0.108119 -0.860949 -0.497069 5.55112e-017 -0.5 0.866025 -0.0823532 -8.56075 18.155</i>
                        <i>-0.370138 -0.804517 -0.464488 0.928977 -0.320549 -0.185069 -5.55112e-017 -0.5 0.866025 -0.0510044 -9.24503 19.3556</i>
                        <i>0.796093 -0.524096 -0.302587 0.605174 0.689437 0.398047 4.51028e-017 -0.5 0.866025 -0.0172706 -9.91053 20.5668</i>
                        <i>0.796092 0.524097 0.302588 -0.605175 0.689436 0.398046 -2.63678e-016 -0.5 0.866025 0.0172707 -10.5647 21.7844</i>
                        <i>-0.370138 0.804518 0.464488 -0.928977 -0.320549 -0.185069 -2.77556e-016 -0.5 0.866025 0.0510044 -11.2151 23.0039</i>
                        <i>-0.994138 -0.0936346 -0.0540599 0.10812 -0.860949 -0.497069 -4.71845e-016 -0.5 0.866025 0.0823532 -11.87 24.2208</i>
                        <i>-0.161782 -0.854617 -0.493413 0.986826 -0.140108 -0.0808912 -1.11022e-016 -0.5 0.866025 0.109851 -12.5641 25.4149</i>
                        <i>0.907576 -0.363634 -0.209944 0.419888 0.785984 0.453788 -3.60822e-016 -0.5 0.866025 0.132213 -13.2715 26.6013</i>
                        <i>0.647387 0.660051 0.381081 -0.762162 0.560653 0.323693 -5.55112e-017 -0.5 0.866025 0.148392 -13.9774 27.7886</i>
                        <i>-0.561188 0.716799 0.413844 -0.827689 -0.486003 -0.280594 -6.93889e-016 -0.5 0.866025 0.157633 -14.6669 28.9852</i>
                        <i>-0.947653 -0.276523 -0.15965 0.319301 -0.820692 -0.473827 -2.22045e-016 -0.5 0.866025 0.159503 -15.3155 30.2056</i>
                        <i>0.0541393 -0.864755 -0.499267 0.998533 0.046886 0.0270697 -3.60822e-016 -0.5 0.866025 0.153915 -15.9542 31.4318</i>
                        <i>0.97662 -0.186171 -0.107486 0.214971 0.845778 0.48831 -5.55112e-016 -0.5 0.866025 0.14113 -16.5949 32.6569</i>
                        <i>0.468408 0.765144 0.441756 -0.883512 0.405653 0.234204 -1.66533e-016 -0.5 0.866025 0.121746 -17.2494 33.8742</i>
                        <i>-0.725995 0.595566 0.34385 -0.6877 -0.62873 -0.362997 0 -0.5 0.866025 0.0966689 -17.9235 35.0804</i>
                        <i>-0.856857 -0.446483 -0.257777 0.515554 -0.74206 -0.428429 -1.38778e-017 -0.5 0.866025 0.0670719 -18.6117 36.2786</i>
                        <i>0.267527 -0.834459 -0.481775 0.96355 0.231685 0.133764 4.85723e-017 -0.5 0.866025 0.0343388 -19.3095 37.4713</i>
                        <i>1 -1.3055e-015 -6.12323e-016 1.43676e-015 0.866025 0.5 -1.22465e-016 -0.5 0.866025 1.28913e-023 -20.0117 38.6613</i>
                    </KeyFrames>
                </p>
            </i>
            <i>
                <p>
                    <Name>
                        <![CDATA[r_gear]]>
</Name>
                    <Exclude>0</Exclude>
                    <Additive>0</Additive>
                    <KeyFrames count="30">
                        <i>0.00430613 0.869216 0.494414 0.989492 0.0677505 -0.127728 -0.14452 0.489769 -0.859791 -2.28258 1.05023 1.18292</i>
                        <i>-0.210759 0.849771 0.483187 0.967474 0.252069 -0.021312 -0.139907 0.46298 -0.875258 -2.12194 -0.0721885 2.13049</i>
                        <i>-0.415968 0.790742 0.449107 0.900218 0.42798 0.0802499 -0.128752 0.437676 -0.889867 -1.86208 -1.15502 3.10098</i>
                        <i>-0.601728 0.69489 0.393766 0.790869 0.587256 0.172208 -0.111576 0.41504 -0.902935 -1.51516 -2.16357 4.11424</i>
                        <i>-0.759351 0.566695 0.319753 0.64454 0.722452 0.250263 -0.0891831 0.396132 -0.913852 -1.09738 -3.06401 5.18965</i>
                        <i>-0.881469 0.412153 0.230528 0.468073 0.827244 0.310765 -0.0626202 0.381834 -0.922107 -0.628293 -3.86362 6.32278</i>
                        <i>-0.962369 0.238489 0.130263 0.269719 0.896734 0.350885 -0.0331293 0.372816 -0.927314 -0.129827 -4.59442 7.49531</i>
                        <i>-0.99827 0.0538245 0.0236472 0.0587529 0.927671 0.368747 -0.00208919 0.369498 -0.929229 0.37471 -5.26994 8.69977</i>
                        <i>-0.987494 -0.133207 -0.0843352 -0.15496 0.91861 0.363515 0.0290485 0.372038 -0.927763 0.861725 -5.86454 9.95134</i>
                        <i>-0.930543 -0.313859 -0.188635 -0.361427 0.869973 0.335435 0.058828 0.380314 -0.922984 1.30845 -6.37813 11.2501</i>
                        <i>-0.830081 -0.479685 -0.284374 -0.550994 0.784036 0.285819 0.0858568 0.393942 -0.915117 1.69399 -6.81461 12.5936</i>
                        <i>-0.690805 -0.622931 -0.367078 -0.714797 0.664816 0.216988 0.108871 0.412282 -0.904528 2.00032 -7.18162 13.9773</i>
                        <i>-0.519228 -0.736899 -0.432877 -0.845178 0.517889 0.132159 0.126794 0.434479 -0.891713 2.21312 -7.48986 15.395</i>
                        <i>-0.323373 -0.81626 -0.478696 -0.936038 0.350123 0.0352995 0.138789 0.459493 -0.877271 2.32243 -7.73438 16.8494</i>
                        <i>-0.112397 -0.857303 -0.502393 -0.983131 0.169364 -0.0690617 0.144294 0.486155 -0.861877 2.32316 -7.95591 18.317</i>
                        <i>0.103835 -0.858109 -0.502858 -0.984253 -0.0159356 -0.176045 0.143052 0.513219 -0.846252 2.21525 -8.18258 19.7814</i>
                        <i>0.315211 -0.818641 -0.480071 -0.939353 -0.197112 -0.280647 0.135121 0.539419 -0.831125 2.00376 -8.44213 21.2266</i>
                        <i>0.511849 -0.740744 -0.435097 -0.85053 -0.365694 -0.377978 0.120872 0.56353 -0.817205 1.69858 -8.76088 22.6375</i>
                        <i>0.684553 -0.62806 -0.370039 -0.721937 -0.513798 -0.463486 0.100971 0.584425 -0.805141 1.31397 -9.1893 23.9851</i>
                        <i>0.825248 -0.485858 -0.287938 -0.559586 -0.6345 -0.533173 0.0763492 0.601126 -0.795499 0.867924 -9.714 25.2769</i>
                        <i>0.927355 -0.320787 -0.192635 -0.371071 -0.722154 -0.58378 0.0481571 0.612853 -0.788728 0.381295 -10.3286 26.5169</i>
                        <i>0.9861 -0.140567 -0.0885845 -0.165204 -0.772664 -0.612942 0.0177131 0.619057 -0.785146 -0.123164 -11.0227 27.7109</i>
                        <i>0.998737 0.046377 0.0193474 0.0483869 -0.783666 -0.619294 -0.0135591 0.619448 -0.784921 -0.621862 -11.7713 28.8735</i>
                        <i>0.964673 0.231303 0.126114 0.259716 -0.754647 -0.60254 -0.0441974 0.614008 -0.788061 -1.09148 -12.6009 29.9895</i>
                        <i>0.885503 0.405563 0.226724 0.458901 -0.686964 -0.563463 -0.0727689 0.602992 -0.794422 -1.51007 -13.5144 31.0571</i>
                        <i>0.764927 0.56101 0.316471 0.636628 -0.583781 -0.50389 -0.0979379 0.586913 -0.803704 -1.85805 -14.511 32.0769</i>
                        <i>0.608584 0.690376 0.39116 0.784587 -0.449922 -0.426607 -0.118527 0.566526 -0.815475 -2.11914 -15.5801 33.055</i>
                        <i>0.423785 0.787611 0.447299 0.89586 -0.291648 -0.335227 -0.133575 0.542781 -0.829184 -2.28115 -16.6983 34.005</i>
                        <i>0.21917 0.848168 0.482261 0.965243 -0.116358 -0.234024 -0.142376 0.51679 -0.84419 -2.33649 -17.8405 34.941</i>
                        <i>0.00430613 0.869216 0.494414 0.989492 0.0677505 -0.127728 -0.14452 0.489769 -0.859791 -2.28258 -18.981 35.878</i>
                    </KeyFrames>
                </p>
            </i>
            <i>
                <p>
                    <Name>
                        <![CDATA[r_hatch]]>
</Name>
                    <Exclude>0</Exclude>
                    <Additive>0</Additive>
                    <KeyFrames count="30">
                        <i>-0.336635 -0.81548 -0.470818 -0.941635 0.291535 0.168318 7.40911e-017 0.5 -0.866025 -0.438441 0.765468 0.968692</i>
                        <i>-0.126341 -0.859086 -0.495993 -0.991987 0.109415 0.0631705 1.0744e-016 0.5 -0.866025 -0.244876 -0.00646211 2.11862</i>
                        <i>0.0898606 -0.862522 -0.497977 -0.995954 -0.0778216 -0.0449303 1.21635e-017 0.5 -0.866025 -0.0398622 -0.740875 3.29027</i>
                        <i>0.30186 -0.825627 -0.476676 -0.953352 -0.261419 -0.15093 1.90629e-016 0.5 -0.866025 0.167016 -1.41936 4.49409</i>
                        <i>0.499746 -0.750127 -0.433086 -0.866172 -0.432792 -0.249873 -9.25947e-017 0.5 -0.866025 0.366085 -2.02352 5.74055</i>
                        <i>0.674263 -0.639552 -0.369246 -0.738491 -0.583929 -0.337132 -1.84532e-017 0.5 -0.866025 0.548036 -2.5745 7.01724</i>
                        <i>0.817253 -0.499072 -0.288139 -0.576279 -0.707762 -0.408627 8.04132e-017 0.5 -0.866025 0.704361 -3.11594 8.29909</i>
                        <i>0.922029 -0.335256 -0.19356 -0.38712 -0.798501 -0.461015 3.80395e-017 0.5 -0.866025 0.827752 -3.67022 9.57355</i>
                        <i>0.983692 -0.155764 -0.0899304 -0.179861 -0.851902 -0.491846 4.93983e-017 0.5 -0.866025 0.912437 -4.21737 10.8525</i>
                        <i>0.999359 0.0310115 0.0179045 0.035809 -0.86547 -0.499679 1.15256e-016 0.5 -0.866025 0.954458 -4.75953 12.1348</i>
                        <i>0.968296 0.216337 0.124902 0.249804 -0.838569 -0.484148 -3.18684e-016 0.5 -0.866025 0.95185 -5.29925 13.4187</i>
                        <i>0.891958 0.391547 0.22606 0.452119 -0.772458 -0.445979 8.06681e-017 0.5 -0.866025 0.904734 -5.83935 14.7025</i>
                        <i>0.773912 0.548448 0.316647 0.633293 -0.670227 -0.386956 -1.01427e-016 0.5 -0.866025 0.815314 -6.38243 15.9846</i>
                        <i>0.619679 0.679705 0.392428 0.784855 -0.536658 -0.309839 -3.8203e-018 0.5 -0.866025 0.68777 -6.91257 17.2741</i>
                        <i>0.43647 0.779179 0.449859 0.899719 -0.377995 -0.218235 -1.15075e-016 0.5 -0.866025 0.528068 -7.45713 18.5551</i>
                        <i>0.232853 0.84222 0.486256 0.972512 -0.201657 -0.116426 1.86337e-016 0.5 -0.866025 0.343673 -8.02915 19.8202</i>
                        <i>0.0183478 0.86588 0.499916 0.999832 -0.0158897 -0.00917392 1.96462e-016 0.5 -0.866025 0.143209 -8.64021 21.0624</i>
                        <i>-0.197016 0.849052 0.4902 0.9804 0.17062 0.0985078 3.9079e-016 0.5 -0.866025 -0.0639519 -9.3002 22.2763</i>
                        <i>-0.403166 0.792523 0.457563 0.915127 0.349152 0.201583 3.37969e-017 0.5 -0.866025 -0.268122 -10.0436 23.442</i>
                        <i>-0.590466 0.698937 0.403531 0.807063 0.511358 0.295233 2.91037e-016 0.5 -0.866025 -0.459755 -10.8424 24.5756</i>
                        <i>-0.750156 0.572669 0.330631 0.661261 0.649654 0.375078 -3.57074e-018 0.5 -0.866025 -0.629891 -11.6773 25.6884</i>
                        <i>-0.874769 0.419624 0.24227 0.48454 0.757572 0.437385 6.48273e-016 0.5 -0.866025 -0.770574 -12.5276 26.7922</i>
                        <i>-0.958479 0.246958 0.142581 0.285162 0.830067 0.47924 1.92028e-016 0.5 -0.866025 -0.875225 -13.361 27.9059</i>
                        <i>-0.997372 0.0627441 0.0362253 0.0724506 0.86375 0.498686 3.47808e-016 0.5 -0.866025 -0.938952 -14.2001 29.0163</i>
                        <i>-0.989629 -0.124403 -0.0718242 -0.143648 0.857044 0.494814 5.59708e-016 0.5 -0.866025 -0.958774 -15.0474 30.1222</i>
                        <i>-0.935612 -0.305734 -0.176516 -0.353031 0.810263 0.467806 1.88526e-016 0.5 -0.866025 -0.933766 -15.9049 31.2223</i>
                        <i>-0.837846 -0.472769 -0.272953 -0.545906 0.725596 0.418923 3.83601e-017 0.5 -0.866025 -0.865095 -16.7689 32.3188</i>
                        <i>-0.700904 -0.617697 -0.356628 -0.713256 0.607001 0.350452 6.6812e-017 0.5 -0.866025 -0.755974 -17.6253 33.4199</i>
                        <i>-0.531189 -0.733743 -0.423627 -0.847254 0.460023 0.265594 1.64608e-017 0.5 -0.866025 -0.611504 -18.4614 34.5327</i>
                        <i>-0.336635 -0.81548 -0.470818 -0.941635 0.291535 0.168318 1.96556e-016 0.5 -0.866025 -0.438441 -19.2658 35.6638</i>
                    </KeyFrames>
                </p>
            </i>
            <i>
                <p>
                    <Name>
                        <![CDATA[rudder]]>
</Name>
                    <Exclude>0</Exclude>
                    <Additive>0</Additive>
                    <KeyFrames count="30">
                        <i>1 0 0 0 0.866025 0.5 0 -0.5 0.866025 0 4.24732 -2.51153</i>
                        <i>0.976621 0.18617 0.107485 -0.21497 0.845778 0.48831 -2.77556e-017 -0.5 0.866025 -0.0908303 3.53119 -1.32938</i>
                        <i>0.907575 0.363635 0.209945 -0.419889 0.785983 0.453788 6.93889e-017 -0.5 0.866025 -0.177413 2.79833 -0.156836</i>
                        <i>0.796093 0.524096 0.302587 -0.605174 0.689437 0.398047 -1.11022e-016 -0.5 0.866025 -0.255701 2.06708 1.01652</i>
                        <i>0.647386 0.660052 0.381081 -0.762162 0.560653 0.323693 1.66533e-016 -0.5 0.866025 -0.322032 1.35829 2.20258</i>
                        <i>0.468408 0.765144 0.441756 -0.883512 0.405654 0.234204 8.32667e-017 -0.5 0.866025 -0.373305 0.655729 3.39174</i>
                        <i>0.267528 0.834459 0.481775 -0.96355 0.231686 0.133764 -2.77556e-017 -0.5 0.866025 -0.407123 -0.0771738 4.56305</i>
                        <i>0.0541388 0.864755 0.499267 -0.998533 0.0468856 0.0270694 0 -0.5 0.866025 -0.421905 -0.853843 5.70912</i>
                        <i>-0.161782 0.854617 0.493413 -0.986826 -0.140107 -0.080891 -2.77556e-017 -0.5 0.866025 -0.416958 -1.6439 6.84784</i>
                        <i>-0.370138 0.804517 0.464488 -0.928977 -0.320549 -0.185069 -1.11022e-016 -0.5 0.866025 -0.392515 -2.43814 7.98459</i>
                        <i>-0.561187 0.7168 0.413844 -0.827689 -0.486002 -0.280594 3.05311e-016 -0.5 0.866025 -0.349719 -3.22731 9.12444</i>
                        <i>-0.725996 0.595565 0.34385 -0.687699 -0.628731 -0.362998 -1.11022e-016 -0.5 0.866025 -0.29057 -4.00259 10.2724</i>
                        <i>-0.856857 0.446483 0.257777 -0.515554 -0.74206 -0.428429 5.55112e-017 -0.5 0.866025 -0.217834 -4.75555 11.4334</i>
                        <i>-0.947653 0.276523 0.159651 -0.319302 -0.820692 -0.473827 -5.55112e-017 -0.5 0.866025 -0.134913 -5.46048 12.622</i>
                        <i>-0.994138 0.0936338 0.0540595 -0.108119 -0.860949 -0.497069 4.51028e-017 -0.5 0.866025 -0.0456829 -6.13657 13.8271</i>
                        <i>-0.994138 -0.093634 -0.0540596 0.108119 -0.860949 -0.497069 -2.63678e-016 -0.5 0.866025 0.045683 -6.7907 15.0447</i>
                        <i>-0.947653 -0.276523 -0.159651 0.319301 -0.820692 -0.473827 -2.77556e-016 -0.5 0.866025 0.134913 -7.4306 16.2703</i>
                        <i>-0.856857 -0.446483 -0.257777 0.515554 -0.74206 -0.428429 -4.71845e-016 -0.5 0.866025 0.217834 -8.06484 17.4991</i>
                        <i>-0.725996 -0.595565 -0.34385 0.687699 -0.628731 -0.362998 -1.11022e-016 -0.5 0.866025 0.29057 -8.72911 18.7105</i>
                        <i>-0.561187 -0.7168 -0.413845 0.827689 -0.486002 -0.280593 -3.60822e-016 -0.5 0.866025 0.349719 -9.39901 19.9185</i>
                        <i>-0.370138 -0.804517 -0.464488 0.928977 -0.320549 -0.185069 -5.55112e-017 -0.5 0.866025 0.392515 -10.0614 21.1309</i>
                        <i>-0.161782 -0.854617 -0.493413 0.986827 -0.140107 -0.080891 -6.93889e-016 -0.5 0.866025 0.416958 -10.7035 22.3549</i>
                        <i>0.0541388 -0.864755 -0.499267 0.998533 0.0468856 0.0270694 -2.22045e-016 -0.5 0.866025 0.421905 -11.3029 23.6037</i>
                        <i>0.267528 -0.834459 -0.481775 0.96355 0.231686 0.133764 -3.60822e-016 -0.5 0.866025 0.407123 -11.8931 24.8578</i>
                        <i>0.468408 -0.765144 -0.441756 0.883512 0.405653 0.234204 -5.55112e-016 -0.5 0.866025 0.373305 -12.4881 26.1093</i>
                        <i>0.647386 -0.660052 -0.381081 0.762162 0.560653 0.323693 -1.66533e-016 -0.5 0.866025 0.322032 -13.1019 27.3502</i>
                        <i>0.796093 -0.524096 -0.302587 0.605174 0.689437 0.398046 0 -0.5 0.866025 0.255701 -13.7421 28.5759</i>
                        <i>0.907575 -0.363635 -0.209945 0.419889 0.785983 0.453788 -1.38778e-017 -0.5 0.866025 0.177413 -14.405 29.7887</i>
                        <i>0.97662 -0.18617 -0.107485 0.214971 0.845778 0.48831 4.85723e-017 -0.5 0.866025 0.0908303 -15.087 30.9905</i>
                        <i>1 -2.44929e-016 0 2.12115e-016 0.866025 0.5 -1.22465e-016 -0.5 0.866025 1.03489e-016 -15.7839 32.1836</i>
                    </KeyFrames>
                </p>
            </i>
            <i>
                <p>
                    <Name>
                        <![CDATA[l_aileron]]>
</Name>
                    <Exclude>0</Exclude>
                    <Additive>0</Additive>
                    <KeyFrames count="30">
                        <i>1 0 0 0 0.846851 0.531831 0 -0.531831 0.846851 3.50285 1.41592 0.700044</i>
                        <i>0.976621 0.18617 0.107485 -0.214648 0.817138 0.534988 0.0117684 -0.545552 0.837995 3.51205 1.36905 2.26859</i>
                        <i>0.907575 0.363635 0.209945 -0.419592 0.76662 0.486042 0.015794 -0.529211 0.848343 3.35703 1.30843 3.82925</i>
                        <i>0.796093 0.524096 0.302587 -0.604691 0.668898 0.432348 0.0241919 -0.527161 0.849421 3.04504 1.22095 5.37429</i>
                        <i>0.647386 0.660052 0.381081 -0.761732 0.543547 0.352592 0.0255932 -0.518545 0.854667 2.59067 1.09738 6.89822</i>
                        <i>0.468408 0.765144 0.441756 -0.882064 0.376373 0.283384 0.0505645 -0.522397 0.851202 2.01516 0.894113 8.37566</i>
                        <i>0.267528 0.834459 0.481775 -0.962835 0.212254 0.167025 0.0371168 -0.508554 0.86023 1.34542 0.551235 9.77214</i>
                        <i>0.0541388 0.864755 0.499267 -0.997568 0.0248642 0.0651069 0.0438877 -0.501578 0.863999 0.612774 0.0370832 11.0698</i>
                        <i>-0.161782 0.854617 0.493413 -0.986809 -0.143107 -0.0756897 0.00592517 -0.49915 0.866495 -0.148525 -0.630244 12.2794</i>
                        <i>-0.370138 0.804517 0.464488 -0.928391 -0.338095 -0.154212 0.0329752 -0.488307 0.872049 -0.902879 -1.44726 13.4029</i>
                        <i>-0.561187 0.7168 0.413844 -0.826828 -0.508292 -0.240819 0.0377347 -0.477323 0.877917 -1.61502 -2.40368 14.4462</i>
                        <i>-0.725996 0.595565 0.34385 -0.686822 -0.653174 -0.318808 0.0347229 -0.467617 0.883249 -2.25163 -3.48283 15.4188</i>
                        <i>-0.856857 0.446483 0.257777 -0.515274 -0.758119 -0.399685 0.0169729 -0.475299 0.879661 -2.78297 -4.6621 16.3336</i>
                        <i>-0.947653 0.276523 0.159651 -0.31906 -0.839497 -0.439824 0.0124048 -0.467739 0.88378 -3.18418 -5.89583 17.2169</i>
                        <i>-0.994138 0.0936338 0.0540595 -0.107945 -0.887938 -0.447118 0.00613611 -0.450332 0.89284 -3.4365 -7.17848 18.0718</i>
                        <i>-0.994138 -0.093634 -0.0540596 0.108075 -0.874836 -0.47221 -0.00307839 -0.475284 0.879827 -3.52813 -8.48858 18.9107</i>
                        <i>-0.947653 -0.276523 -0.159651 0.319214 -0.832188 -0.453393 -0.00748568 -0.480622 0.876896 -3.45479 -9.80319 19.7468</i>
                        <i>-0.856857 -0.446483 -0.257777 0.515369 -0.755183 -0.405084 -0.0138057 -0.479949 0.877187 -3.21991 -11.0993 20.5934</i>
                        <i>-0.725996 -0.595565 -0.34385 0.687079 -0.649396 -0.325895 -0.0292028 -0.47285 0.880659 -2.83447 -12.3817 21.4479</i>
                        <i>-0.561187 -0.7168 -0.413845 0.826548 -0.511576 -0.234751 -0.0434437 -0.473802 0.879559 -2.31649 -13.5971 22.341</i>
                        <i>-0.370138 -0.804517 -0.464488 0.928459 -0.337054 -0.156069 -0.0309977 -0.489026 0.871718 -1.6902 -14.7067 23.2952</i>
                        <i>-0.161782 -0.854617 -0.493413 0.986017 -0.160244 -0.045747 -0.0399705 -0.493915 0.868591 -0.98487 -15.6771 24.3297</i>
                        <i>0.0541388 -0.864755 -0.499267 0.998035 0.0310634 0.0544202 -0.0315512 -0.501232 0.864738 -0.233494 -16.4702 25.4666</i>
                        <i>0.267528 -0.834459 -0.481775 0.962164 0.20454 0.180012 -0.0516705 -0.511705 0.857606 0.528802 -17.1106 26.6918</i>
                        <i>0.468408 -0.765144 -0.441756 0.882757 0.384636 0.269807 -0.0365263 -0.516343 0.855602 1.26637 -17.6101 27.9984</i>
                        <i>0.647386 -0.660052 -0.381081 0.761309 0.536372 0.364299 -0.0360553 -0.525963 0.849743 1.94472 -17.9869 29.3761</i>
                        <i>0.796093 -0.524096 -0.302587 0.605171 0.687748 0.400963 -0.00203952 -0.502321 0.864679 2.53215 -18.2599 30.8139</i>
                        <i>0.907575 -0.363635 -0.209945 0.419552 0.765326 0.488111 -0.0168183 -0.531081 0.847154 3.00117 -18.4424 32.304</i>
                        <i>0.97662 -0.18617 -0.107485 0.21479 0.824587 0.523374 -0.00880562 -0.534225 0.845296 3.32986 -18.5534 33.8354</i>
                        <i>1 -2.44929e-016 0 2.05861e-016 0.84049 0.541827 -1.32709e-016 -0.541827 0.84049 3.50285 -18.6153 35.3952</i>
                    </KeyFrames>
                </p>
            </i>
            <i>
                <p>
                    <Name>
                        <![CDATA[elevator]]>
</Name>
                    <Exclude>0</Exclude>
                    <Additive>0</Additive>
                    <KeyFrames count="30">
                        <i>1 0 0 0 0.885571 0.464503 0 -0.464503 0.885571 0 3.78717 -2.20832</i>
                        <i>0.976621 0.18617 0.107485 -0.214564 0.8749 0.43418 -0.0132075 -0.447092 0.894391 -0.0377545 3.07604 -1.02328</i>
                        <i>0.907575 0.363635 0.209945 -0.419149 0.814264 0.401606 -0.0249126 -0.452486 0.891424 -0.0737437 2.35795 0.157781</i>
                        <i>0.796093 0.524096 0.302587 -0.604808 0.706407 0.367691 -0.0210444 -0.475723 0.879343 -0.106285 1.65053 1.3449</i>
                        <i>0.647386 0.660052 0.381081 -0.761866 0.574381 0.299412 -0.0212583 -0.484168 0.874717 -0.133856 0.97354 2.54932</i>
                        <i>0.468408 0.765144 0.441756 -0.8833 0.41651 0.215176 -0.0193549 -0.490993 0.870948 -0.155168 0.309243 3.76058</i>
                        <i>0.267528 0.834459 0.481775 -0.963493 0.237117 0.124326 -0.0104923 -0.497447 0.867431 -0.169225 -0.380707 4.95668</i>
                        <i>0.0541388 0.864755 0.499267 -0.998361 0.0561603 0.0109865 -0.0185383 -0.499043 0.866379 -0.175369 -1.11175 6.12909</i>
                        <i>-0.161782 0.854617 0.493413 -0.986491 -0.127017 -0.103454 -0.0257421 -0.503485 0.863621 -0.173313 -1.85564 7.29446</i>
