<?xml version="1.0" encoding="ISO-8859-1" ?>
<Animl Version="1">
    <ModellingPackage><![CDATA[Maya.2010]]></ModellingPackage>
    <SrcFile><![CDATA[anims\vehicles\blue\~src\air\fighter_p51\p51_forward.mb]]></SrcFile>
    <FramesPerSecond>30</FramesPerSecond>
    <TotalFrames>60</TotalFrames>
    <Skeleton>
        <RefFrame>
            <Name><![CDATA[p51_ref_frame]]></Name>
            <Exclude>0</Exclude>
            <Additive>0</Additive>
            <IKPriority>0</IKPriority>
            <IKRotLimits>-1e+010 -1e+010 -1e+010 1e+010 1e+010 1e+010</IKRotLimits>
            <IKRotLimitOrder>0</IKRotLimitOrder>
            <KeyFrames count="60">
                <i>1 0 0 0 1 0 0 0 1 0 0 0</i>
                <i>1 0 0 0 1 0 0 0 1 0 0 0</i>
                <i>1 0 0 0 1 0 0 0 1 0 0 0</i>
                <i>1 0 0 0 1 0 0 0 1 0 0 0</i>
                <i>1 0 0 0 1 0 0 0 1 0 0 0</i>
                <i>1 0 0 0 1 0 0 0 1 0 0 0</i>
                <i>1 0 0 0 1 0 0 0 1 0 0 0</i>
                <i>1 0 0 0 1 0 0 0 1 0 0 0</i>
                <i>1 0 0 0 1 0 0 0 1 0 0 0</i>
                <i>1 0 0 0 1 0 0 0 1 0 0 0</i>
                <i>1 0 0 0 1 0 0 0 1 0 0 0</i>
                <i>1 0 0 0 1 0 0 0 1 0 0 0</i>
                <i>1 0 0 0 1 0 0 0 1 0 0 0</i>
                <i>1 0 0 0 1 0 0 0 1 0 0 0</i>
                <i>1 0 0 0 1 0 0 0 1 0 0 0</i>
                <i>1 0 0 0 1 0 0 0 1 0 0 0</i>
                <i>1 0 0 0 1 0 0 0 1 0 0 0</i>
                <i>1 0 0 0 1 0 0 0 1 0 0 0</i>
                <i>1 0 0 0 1 0 0 0 1 0 0 0</i>
                <i>1 0 0 0 1 0 0 0 1 0 0 0</i>
                <i>1 0 0 0 1 0 0 0 1 0 0 0</i>
                <i>1 0 0 0 1 0 0 0 1 0 0 0</i>
                <i>1 0 0 0 1 0 0 0 1 0 0 0</i>
                <i>1 0 0 0 1 0 0 0 1 0 0 0</i>
                <i>1 0 0 0 1 0 0 0 1 0 0 0</i>
                <i>1 0 0 0 1 0 0 0 1 0 0 0</i>
                <i>1 0 0 0 1 0 0 0 1 0 0 0</i>
                <i>1 0 0 0 1 0 0 0 1 0 0 0</i>
                <i>1 0 0 0 1 0 0 0 1 0 0 0</i>
                <i>1 0 0 0 1 0 0 0 1 0 0 0</i>
                <i>1 0 0 0 1 0 0 0 1 0 0 0</i>
                <i>1 0 0 0 1 0 0 0 1 0 0 0</i>
                <i>1 0 0 0 1 0 0 0 1 0 0 0</i>
                <i>1 0 0 0 1 0 0 0 1 0 0 0</i>
                <i>1 0 0 0 1 0 0 0 1 0 0 0</i>
                <i>1 0 0 0 1 0 0 0 1 0 0 0</i>
                <i>1 0 0 0 1 0 0 0 1 0 0 0</i>
                <i>1 0 0 0 1 0 0 0 1 0 0 0</i>
                <i>1 0 0 0 1 0 0 0 1 0 0 0</i>
                <i>1 0 0 0 1 0 0 0 1 0 0 0</i>
                <i>1 0 0 0 1 0 0 0 1 0 0 0</i>
                <i>1 0 0 0 1 0 0 0 1 0 0 0</i>
                <i>1 0 0 0 1 0 0 0 1 0 0 0</i>
                <i>1 0 0 0 1 0 0 0 1 0 0 0</i>
                <i>1 0 0 0 1 0 0 0 1 0 0 0</i>
                <i>1 0 0 0 1 0 0 0 1 0 0 0</i>
                <i>1 0 0 0 1 0 0 0 1 0 0 0</i>
                <i>1 0 0 0 1 0 0 0 1 0 0 0</i>
                <i>1 0 0 0 1 0 0 0 1 0 0 0</i>
                <i>1 0 0 0 1 0 0 0 1 0 0 0</i>
                <i>1 0 0 0 1 0 0 0 1 0 0 0</i>
                <i>1 0 0 0 1 0 0 0 1 0 0 0</i>
                <i>1 0 0 0 1 0 0 0 1 0 0 0</i>
                <i>1 0 0 0 1 0 0 0 1 0 0 0</i>
                <i>1 0 0 0 1 0 0 0 1 0 0 0</i>
                <i>1 0 0 0 1 0 0 0 1 0 0 0</i>
                <i>1 0 0 0 1 0 0 0 1 0 0 0</i>
                <i>1 0 0 0 1 0 0 0 1 0 0 0</i>
                <i>1 0 0 0 1 0 0 0 1 0 0 0</i>
                <i>1 0 0 0 1 0 0 0 1 0 0 0</i>
            </KeyFrames>
        </RefFrame>
        <Bones count="10">
            <i>
                <p>
                    <Name><![CDATA[p51_root]]></Name>
                    <Exclude>0</Exclude>
                    <Additive>0</Additive>
                    <IKPriority>0</IKPriority>
                    <IKRotLimits>-1e+010 -1e+010 -1e+010 1e+010 1e+010 1e+010</IKRotLimits>
                    <IKRotLimitOrder>0</IKRotLimitOrder>
                    <KeyFrames count="60">
                        <i>1 -9.57019e-005 3.23109e-015 9.57019e-005 1 1.75356e-005 -1.67819e-009 -1.75356e-005 1 0 2.00219 0</i>
                        <i>1 -0.000293965 1.89882e-015 0.000293965 1 0.000380128 -1.11744e-007 -0.000380128 1 0.00103442 2.00398 0</i>
                        <i>1 -0.000492227 1.22465e-016 0.000492227 1 0.00074272 -3.65587e-007 -0.00074272 1 0.00206885 2.00577 0</i>
                        <i>1 -0.000563709 -1.2098e-015 0.000563709 0.999999 0.00104897 -5.91312e-007 -0.00104897 0.999999 0.00268944 2.00691 0</i>
                        <i>1 -0.000456722 -1.65389e-015 0.000456722 0.999999 0.00130975 -5.98192e-007 -0.00130975 0.999999 0.00269219 2.0071 0</i>
                        <i>1 -0.000222955 -2.98616e-015 0.000222955 0.999999 0.00151419 -3.37595e-007 -0.00151419 0.999999 0.00228111 2.00664 0</i>
                        <i>1 0.000109308 -3.43025e-015 -0.000109308 0.999999 0.00157329 1.71973e-007 -0.00157329 0.999999 0.00165439 2.00568 0</i>
                        <i>1 0.000639799 -2.54207e-015 -0.000639798 0.999999 0.00146117 9.34856e-007 -0.00146117 0.999999 0.000801246 2.00394 0</i>
                        <i>0.999999 0.00126878 -1.2098e-015 -0.00126878 0.999998 0.00120372 1.52726e-006 -0.00120372 0.999999 -0.000267534 2.0017 0</i>
                        <i>0.999999 0.00166879 -3.21625e-016 -0.00166879 0.999998 0.000789566 1.31762e-006 -0.000789565 1 -0.0013214 1.99993 0</i>
                        <i>0.999999 0.00171537 1.45473e-015 -0.00171537 0.999999 2.59735e-005 4.45541e-008 -2.59734e-005 1 -0.00246289 1.99882 0</i>
                        <i>0.999999 0.00153297 4.56336e-015 -0.00153297 0.999998 -0.000894323 -1.37097e-006 0.000894322 1 -0.00358947 1.99818 0</i>
                        <i>0.999999 0.00116743 6.33971e-015 -0.00116743 0.999998 -0.00140449 -1.63965e-006 0.00140449 0.999999 -0.00416293 1.9985 0</i>
                        <i>1 0.000507486 5.45154e-015 -0.000507486 0.999999 -0.00117546 -5.96528e-007 0.00117546 0.999999 -0.00380692 2.00057 0</i>
                        <i>1 -0.000335593 3.67518e-015 0.000335593 1 -0.000536295 1.79977e-007 0.000536294 1 -0.0028978 2.0036 0</i>
                        <i>1 -0.000982133 2.787e-015 0.000982133 1 9.26044e-005 -9.09498e-008 -9.26044e-005 1 -0.00202651 2.00573 0</i>
                        <i>0.999999 -0.0013651 1.01064e-015 0.0013651 0.999999 0.00060587 -8.27071e-007 -0.000605869 1 -0.00133243 2.00617 0</i>
                        <i>0.999999 -0.00155152 -1.65389e-015 0.00155152 0.999998 0.00110887 -1.72044e-006 -0.00110887 0.999999 -0.000676168 2.00571 0</i>
                        <i>0.999999 -0.00136283 -3.43025e-015 0.00136283 0.999998 0.00149732 -2.04059e-006 -0.00149732 0.999999 -0.000230527 2.0048 0</i>
                        <i>1 -0.000547512 -3.87434e-015 0.000547511 0.999998 0.00172966 -9.47013e-007 -0.00172966 0.999999 -0.000101513 2.00346 0</i>
                        <i>1 0.000642917 -4.31843e-015 -0.000642916 0.999998 0.00184746 1.18776e-006 -0.00184746 0.999998 -0.000183118 2.00167 0</i>
                        <i>0.999999 0.00163251 -4.76252e-015 -0.00163251 0.999997 0.00187104 3.05449e-006 -0.00187103 0.999998 -0.000330099 1.99988 0</i>
                        <i>0.999997 0.00228287 -4.31843e-015 -0.00228287 0.999996 0.00177917 4.06162e-006 -0.00177917 0.999998 -0.000537181 1.99804 0</i>
                        <i>0.999996 0.00273239 -2.98616e-015 -0.00273239 0.999995 0.0015931 4.35296e-006 -0.00159309 0.999999 -0.00080964 1.9962 0</i>
                        <i>0.999996 0.00282035 -2.54207e-015 -0.00282035 0.999995 0.00139682 3.93953e-006 -0.00139682 0.999999 -0.00101806 1.99488 0</i>
                        <i>0.999997 0.00233542 -2.09798e-015 -0.00233542 0.999997 0.00119783 2.79744e-006 -0.00119783 0.999999 -0.00118299 1.99409 0</i>
                        <i>0.999999 0.00148893 -7.65714e-016 -0.00148893 0.999998 0.000988643 1.47202e-006 -0.000988642 1 -0.00128388 1.99382 0</i>
                        <i>1 0.000754143 -3.21625e-016 -0.000754142 0.999999 0.000830824 6.2656e-007 -0.000830824 1 -0.00112968 1.9946 0</i>
                        <i>1 0.000264369 -3.21625e-016 -0.000264369 1 0.000738765 1.95306e-007 -0.000738765 1 -0.000565972 1.99716 0</i>
                        <i>1 -0.000113696 1.22465e-016 0.000113696 1 0.000698075 -7.93682e-008 -0.000698075 1 0.000252832 2.00078 0</i>
                        <i>1 -0.000306679 1.22465e-016 0.000306679 1 0.000727162 -2.23005e-007 -0.000727162 1 0.00105452 2.00376 0</i>
                        <i>1 -0.000217114 -3.21625e-016 0.000217114 1 0.000860967 -1.86928e-007 -0.000860967 1 0.00194034 2.00555 0</i>
                        <i>1 5.75302e-005 -1.65389e-015 -5.75301e-005 0.999999 0.00106455 6.12435e-008 -0.00106455 0.999999 0.00280904 2.0067 0</i>
                        <i>1 0.000298229 -2.09798e-015 -0.000298229 0.999999 0.00125148 3.73228e-007 -0.00125148 0.999999 0.00308466 2.00716 0</i>
                        <i>1 0.000384492 -2.54207e-015 -0.000384491 0.999999 0.00145832 5.6071e-007 -0.00145832 0.999999 0.00238011 2.00682 0</i>
                        <i>1 0.000436809 -2.98616e-015 -0.000436809 0.999999 0.00164851 7.20083e-007 -0.00164851 0.999999 0.00108248 2.00578 0</i>
                        <i>1 0.000597631 -3.43025e-015 -0.00059763 0.999999 0.00162599 9.71744e-007 -0.00162599 0.999999 -0.000222889 2.00438 0</i>
                        <i>0.999999 0.00104979 -1.65389e-015 -0.00104978 0.999999 0.00122424 1.28519e-006 -0.00122424 0.999999 -0.00149596 2.00226 0</i>
                        <i>0.999999 0.00161044 1.01064e-015 -0.00161044 0.999999 0.000609791 9.82034e-007 -0.00060979 1 -0.00277677 1.99976 0</i>
                        <i>0.999998 0.00187357 2.787e-015 -0.00187357 0.999998 8.62051e-005 1.61511e-007 -8.6205e-005 1 -0.00360013 1.99824 0</i>
                        <i>0.999999 0.00170973 3.67518e-015 -0.00170973 0.999999 -0.00028686 -4.90454e-007 0.00028686 1 -0.00370272 1.99834 0</i>
                        <i>0.999999 0.00124836 5.00745e-015 -0.00124836 0.999999 -0.000569057 -7.10388e-007 0.000569057 1 -0.00334786 1.99941 0</i>
                        <i>1 0.000471679 5.89562e-015 -0.000471679 1 -0.000635766 -2.99878e-007 0.000635766 1 -0.00286031 2.00082 0</i>
                        <i>0.999999 -0.00100778 5.00745e-015 0.00100778 0.999999 -0.000373617 3.76526e-007 0.000373617 1 -0.00226004 2.0028 0</i>
                        <i>0.999996 -0.00280255 3.23109e-015 0.00280255 0.999996 0.000104018 -2.91514e-007 -0.000104017 1 -0.00152709 2.00511 0</i>
                        <i>0.999993 -0.00376798 5.66554e-016 0.00376798 0.999993 0.000581653 -2.19165e-006 -0.000581648 1 -0.000926338 2.00646 0</i>
                        <i>0.999995 -0.00324008 -1.65389e-015 0.00324008 0.999994 0.0010341 -3.35057e-006 -0.0010341 0.999999 -0.000554569 2.00616 0</i>
                        <i>0.999998 -0.00188285 -3.43025e-015 0.00188285 0.999997 0.00148655 -2.79896e-006 -0.00148655 0.999999 -0.000314998 2.00488 0</i>
                        <i>1 -0.000543693 -4.31843e-015 0.000543692 0.999998 0.00179907 -9.78142e-007 -0.00179907 0.999998 -0.000182141 2.00337 0</i>
                        <i>1 0.000611078 -4.31843e-015 -0.000611077 0.999998 0.00191181 1.16826e-006 -0.00191181 0.999998 -0.000154062 2.00172 0</i>
                        <i>0.999998 0.00174779 -4.31843e-015 -0.00174778 0.999997 0.00188462 3.29392e-006 -0.00188462 0.999998 -0.000232698 1.99984 0</i>
                        <i>0.999997 0.00251801 -4.31843e-015 -0.00251801 0.999995 0.00175716 4.42454e-006 -0.00175715 0.999998 -0.000398368 1.99806 0</i>
                        <i>0.999996 0.00273854 -2.98616e-015 -0.00273854 0.999995 0.00150796 4.1296e-006 -0.00150795 0.999999 -0.000748135 1.99623 0</i>
                        <i>0.999997 0.0025926 -1.2098e-015 -0.00259259 0.999996 0.00115847 3.00346e-006 -0.00115847 0.999999 -0.00118494 1.99451 0</i>
                        <i>0.999997 0.00228143 1.22465e-016 -0.00228143 0.999997 0.000812724 1.85417e-006 -0.000812722 1 -0.0013979 1.99376 0</i>
                        <i>0.999998 0.00190122 1.01064e-015 -0.00190122 0.999998 0.000474493 9.02114e-007 -0.000474493 1 -0.00118508 1.99456 0</i>
                        <i>0.999999 0.00143773 2.787e-015 -0.00143773 0.999999 0.000139994 2.01274e-007 -0.000139994 1 -0.00074843 1.99633 0</i>
                        <i>1 0.000926665 3.67518e-015 -0.000926665 1 -9.81202e-005 -9.09246e-008 9.81202e-005 1 -0.000382915 1.99818 0</i>
                        <i>1 0.0004037 3.23109e-015 -0.0004037 1 -8.02243e-005 -3.23866e-008 8.02243e-005 1 -0.000254129 2.00035 0</i>
                        <i>1 -9.54718e-005 3.23109e-015 9.54718e-005 1 1.75356e-005 -1.67416e-009 -1.75356e-005 1 -0.000239805 2.00173 0</i>
                    </KeyFrames>
                </p>
            </i>
            <i>
                <p>
                    <Name><![CDATA[l_gear]]></Name>
                    <Exclude>0</Exclude>
                    <Additive>0</Additive>
                    <IKPriority>0</IKPriority>
                    <IKRotLimits>-1e+010 -1e+010 -1e+010 1e+010 1e+010 1e+010</IKRotLimits>
                    <IKRotLimitOrder>0</IKRotLimitOrder>
                    <KeyFrames count="60">
                        <i>0.0104639 -0.999376 0.0337453 0.989399 0.0152359 0.14442 -0.144844 0.0318764 0.988941 2.28253 1.49483 0.499311</i>
                        <i>0.0102657 -0.99939 0.0333829 0.989402 0.0149874 0.144426 -0.144838 0.0315465 0.988952 2.28346 1.49598 0.499128</i>
                        <i>0.0100676 -0.999404 0.0330205 0.989405 0.0147389 0.144431 -0.144832 0.0312166 0.988964 2.2844 1.49714 0.498944</i>
                        <i>0.00999612 -0.999415 0.0327145 0.989406 0.0146239 0.144436 -0.14483 0.0309241 0.988973 2.28498 1.49796 0.498788</i>
                        <i>0.010103 -0.999422 0.0324538 0.989404 0.0146921 0.14444 -0.144833 0.0306507 0.988981 2.28504 1.49827 0.498656</i>
                        <i>0.0103367 -0.999426 0.0322495 0.989401 0.0148939 0.144443 -0.144841 0.0304147 0.988987 2.28475 1.49824 0.498552</i>
                        <i>0.0106687 -0.999425 0.0321905 0.989396 0.0152141 0.144444 -0.144851 0.0303081 0.988989 2.28429 1.498 0.498522</i>
                        <i>0.0111989 -0.999415 0.0323025 0.989388 0.0157551 0.144442 -0.144867 0.0303421 0.988986 2.2837 1.49753 0.498579</i>
                        <i>0.0118275 -0.9994 0.0325598 0.989378 0.0164146 0.144438 -0.144886 0.0305056 0.988978 2.28295 1.49685 0.49871</i>
                        <i>0.0122273 -0.999381 0.0329737 0.989371 0.0168702 0.144432 -0.144899 0.0308572 0.988965 2.2821 1.49621 0.49892</i>
                        <i>0.0122738 -0.999355 0.0337368 0.98937 0.0170266 0.14442 -0.144902 0.0316056 0.988941 2.28098 1.49558 0.499307</i>
                        <i>0.0120914 -0.999326 0.0346566 0.989373 0.016979 0.144406 -0.144897 0.0325422 0.988911 2.27976 1.49498 0.499774</i>
                        <i>0.0117261 -0.999313 0.0351664 0.989379 0.016691 0.144398 -0.144886 0.0330996 0.988895 2.27901 1.49473 0.500032</i>
                        <i>0.0110666 -0.999328 0.0349375 0.98939 0.016005 0.144402 -0.144864 0.0329688 0.988902 2.27903 1.49518 0.499916</i>
                        <i>0.0102241 -0.999359 0.0342988 0.989403 0.0150786 0.144412 -0.144836 0.0324588 0.988923 2.27951 1.49597 0.499592</i>
                        <i>0.00957797 -0.999387 0.0336703 0.989412 0.0143481 0.144421 -0.144816 0.0319305 0.988943 2.28005 1.4963 0.499273</i>
                        <i>0.00919522 -0.999408 0.0331573 0.989417 0.013895 0.144429 -0.144804 0.0314784 0.988959 2.28055 1.49562 0.499013</i>
                        <i>0.00900888 -0.999426 0.0326546 0.98942 0.0136379 0.144437 -0.144799 0.0310079 0.988975 2.28111 1.49447 0.498758</i>
                        <i>0.00919744 -0.999437 0.0322664 0.989417 0.0137685 0.144443 -0.144806 0.0305964 0.988987 2.28165 1.4938 0.49856</i>
                        <i>0.0100123 -0.999437 0.0320342 0.989406 0.0145416 0.144446 -0.144831 0.0302486 0.988994 2.2822 1.49421 0.498442</i>
                        <i>0.011202 -0.999428 0.0319164 0.989388 0.0157024 0.144448 -0.144867 0.0299596 0.988997 2.28272 1.49508 0.498383</i>
                        <i>0.0121911 -0.999417 0.0318929 0.989372 0.0166781 0.144448 -0.144896 0.0297929 0.988998 2.28308 1.49553 0.498371</i>
                        <i>0.012841 -0.999406 0.0319847 0.989361 0.0173348 0.144447 -0.144916 0.0297895 0.988995 2.2832 1.49523 0.498417</i>
                        <i>0.0132903 -0.999394 0.0321707 0.989353 0.0178064 0.144444 -0.14493 0.0299084 0.98899 2.28315 1.4945 0.498512</i>
                        <i>0.0133782 -0.999387 0.0323668 0.989351 0.0179218 0.144441 -0.144933 0.0300898 0.988984 2.28298 1.49348 0.498611</i>
                        <i>0.0128935 -0.999386 0.0325657 0.989359 0.0174708 0.144438 -0.144919 0.0303569 0.988978 2.28258 1.49168 0.498713</i>
                        <i>0.0120475 -0.99939 0.0327748 0.989374 0.0166635 0.144435 -0.144893 0.0306864 0.988971 2.28205 1.48958 0.498819</i>
                        <i>0.0113132 -0.999394 0.0329325 0.989386 0.0159593 0.144433 -0.144871 0.0309489 0.988966 2.28183 1.48876 0.498899</i>
                        <i>0.0108237 -0.999396 0.0330245 0.989394 0.015488 0.144431 -0.144856 0.0311109 0.988964 2.28215 1.49026 0.498946</i>
                        <i>0.0104459 -0.999399 0.0330652 0.989399 0.0151199 0.144431 -0.144844 0.0312059 0.988962 2.28277 1.49303 0.498966</i>
                        <i>0.010253 -0.999402 0.0330361 0.989402 0.0149247 0.144431 -0.144838 0.0312051 0.988963 2.28348 1.49556 0.498951</i>
                        <i>0.0103425 -0.999405 0.0329024 0.989401 0.014994 0.144433 -0.144841 0.0310598 0.988967 2.28441 1.49749 0.498884</i>
                        <i>0.010617 -0.999409 0.0326989 0.989397 0.0152363 0.144436 -0.144849 0.0308187 0.988974 2.28542 1.49916 0.49878</i>
                        <i>0.0108576 -0.999412 0.0325121 0.989393 0.0154475 0.144439 -0.144856 0.030599 0.988979 2.28582 1.50008 0.498685</i>
                        <i>0.0109438 -0.999418 0.0323054 0.989392 0.015503 0.144442 -0.144859 0.0303819 0.988986 2.28515 1.49983 0.49858</i>
                        <i>0.0109961 -0.999424 0.0321153 0.989391 0.0155272 0.144445 -0.144861 0.0301862 0.988991 2.28388 1.49882 0.498484</i>
                        <i>0.0111568 -0.999421 0.0321378 0.989388 0.0156896 0.144445 -0.144865 0.0301852 0.988991 2.28266 1.49779 0.498495</i>
                        <i>0.0116087 -0.999403 0.0325393 0.989381 0.016195 0.144439 -0.144879 0.030517 0.988979 2.28162 1.4969 0.498699</i>
                        <i>0.012169 -0.999376 0.0331534 0.989372 0.0168384 0.144429 -0.144897 0.0310435 0.98896 2.28062 1.496 0.499011</i>
                        <i>0.0124319 -0.999355 0.0336767 0.989367 0.0171744 0.144421 -0.144907 0.0315231 0.988943 2.27993 1.49533 0.499277</i>
                        <i>0.0122681 -0.999345 0.0340495 0.98937 0.0170662 0.144416 -0.144902 0.0319158 0.988931 2.27974 1.49525 0.499466</i>
                        <i>0.011807 -0.999341 0.0343315 0.989378 0.0166505 0.144411 -0.144888 0.0322617 0.988922 2.27986 1.49541 0.499609</i>
                        <i>0.0110309 -0.999347 0.0343982 0.98939 0.0158917 0.14441 -0.144863 0.0324402 0.98892 2.27996 1.49508 0.499643</i>
                        <i>0.00955235 -0.999372 0.0341362 0.989413 0.01439 0.144414 -0.144815 0.0323953 0.988928 2.27981 1.49354 0.49951</i>
                        <i>0.00775865 -0.999403 0.0336589 0.989437 0.0125452 0.144422 -0.144758 0.0321828 0.988944 2.27962 1.49153 0.499268</i>
                        <i>0.00679373 -0.999426 0.0331815 0.989448 0.011521 0.144429 -0.144728 0.0318502 0.988959 2.27972 1.49043 0.499025</i>
                        <i>0.00732128 -0.999437 0.0327293 0.989442 0.011978 0.144436 -0.144747 0.0313263 0.988973 2.28037 1.49111 0.498796</i>
                        <i>0.00867771 -0.999441 0.0322771 0.989424 0.0132555 0.144443 -0.14479 0.0306824 0.988987 2.2813 1.49271 0.498566</i>
                        <i>0.0100161 -0.999439 0.0319648 0.989406 0.0145354 0.144447 -0.144831 0.0301794 0.988996 2.28212 1.49409 0.498407</i>
                        <i>0.0111702 -0.99943 0.0318521 0.989388 0.0156616 0.144449 -0.144866 0.0299006 0.988999 2.28274 1.49503 0.49835</i>
                        <i>0.0123063 -0.999416 0.0318793 0.98937 0.0167902 0.144449 -0.1449 0.0297628 0.988999 2.28323 1.49575 0.498364</i>
                        <i>0.013076 -0.999402 0.0320067 0.989357 0.0175706 0.144447 -0.144923 0.0297772 0.988995 2.28345 1.4958 0.498428</i>
                        <i>0.0132964 -0.999391 0.0322558 0.989353 0.0178248 0.144443 -0.14493 0.0299917 0.988987 2.28321 1.49459 0.498555</i>
                        <i>0.0131505 -0.999382 0.032605 0.989355 0.0177309 0.144438 -0.144927 0.0303585 0.988977 2.2827 1.49271 0.498733</i>
                        <i>0.0128395 -0.999375 0.0329506 0.98936 0.017473 0.144432 -0.144918 0.0307456 0.988966 2.28233 1.49143 0.498908</i>
                        <i>0.0124595 -0.999368 0.0332886 0.989367 0.0171457 0.144427 -0.144907 0.0311351 0.988955 2.28235 1.49153 0.49908</i>
                        <i>0.0119963 -0.999363 0.0336229 0.989375 0.0167354 0.144422 -0.144893 0.0315331 0.988945 2.28256 1.49241 0.499249</i>
                        <i>0.0114856 -0.999361 0.0338609 0.989383 0.0162642 0.144419 -0.144877 0.0318426 0.988937 2.28267 1.49321 0.49937</i>
                        <i>0.0109629 -0.999367 0.033843 0.989391 0.0157442 0.144419 -0.14486 0.0319007 0.988938 2.28253 1.49417 0.499361</i>
                        <i>0.0104641 -0.999376 0.0337453 0.989399 0.0152362 0.14442 -0.144844 0.0318763 0.988941 2.28229 1.49436 0.499311</i>
                    </KeyFrames>
                </p>
            </i>
            <i>
                <p>
                    <Name><![CDATA[l_hatch]]></Name>
                    <Exclude>0</Exclude>
                    <Additive>0</Additive>
                    <IKPriority>0</IKPriority>
                    <IKRotLimits>-1e+010 -1e+010 -1e+010 1e+010 1e+010 1e+010</IKRotLimits>
                    <IKRotLimitOrder>0</IKRotLimitOrder>
                    <KeyFrames count="60">
                        <i>-0.336537 0.94167 1.65122e-005 -0.94167 -0.336537 -5.90295e-006 -1.67819e-009 -1.75356e-005 1 0.438358 1.14245 0.456161</i>
                        <i>-0.33635 0.941737 0.000357943 -0.941737 -0.33635 -0.000127961 -1.11744e-007 -0.000380128 1 0.439222 1.14399 0.455849</i>
                        <i>-0.336163 0.941803 0.000699373 -0.941804 -0.336163 -0.00025002 -3.65587e-007 -0.00074272 1 0.440086 1.14553 0.455537</i>
                        <i>-0.336096 0.941827 0.000987747 -0.941828 -0.336096 -0.00035311 -5.91312e-007 -0.00104897 0.999999 0.440645 1.14649 0.455274</i>
                        <i>-0.336197 0.941791 0.00123331 -0.941792 -0.336197 -0.000440897 -5.98192e-007 -0.00130975 0.999999 0.440739 1.14661 0.455049</i>
                        <i>-0.336417 0.941712 0.00142582 -0.941713 -0.336417 -0.000509716 -3.37595e-007 -0.00151419 0.999999 0.440529 1.14616 0.454873</i>
                        <i>-0.33673 0.9416 0.00148147 -0.941601 -0.33673 -0.00052961 1.71973e-007 -0.00157329 0.999999 0.440189 1.14532 0.454823</i>
                        <i>-0.337229 0.941422 0.0013759 -0.941423 -0.337229 -0.00049187 9.34856e-007 -0.00146117 0.999999 0.439792 1.14386 0.454919</i>
                        <i>-0.337821 0.941209 0.00113347 -0.94121 -0.337821 -0.000405205 1.52726e-006 -0.00120372 0.999999 0.439264 1.14201 0.455141</i>
                        <i>-0.338198 0.941075 0.000743486 -0.941075 -0.338198 -0.000265789 1.31762e-006 -0.000789565 1 0.438553 1.14061 0.455497</i>
                        <i>-0.338242 0.941059 2.44576e-005 -0.941059 -0.338242 -8.74338e-006 4.45541e-008 -2.59734e-005 1 0.437451 1.13987 0.456153</i>
                        <i>-0.33807 0.941121 -0.000842129 -0.941121 -0.33807 0.000301053 -1.37097e-006 0.000894322 1 0.436167 1.13957 0.456944</i>
                        <i>-0.337726 0.941243 -0.00132252 -0.941244 -0.337726 0.00047279 -1.63965e-006 0.00140449 0.999999 0.43528 1.13996 0.457383</i>
                        <i>-0.337105 0.941466 -0.00110686 -0.941467 -0.337105 0.000395691 -5.96528e-007 0.00117546 0.999999 0.435069 1.14164 0.457186</i>
                        <i>-0.336311 0.941751 -0.000504995 -0.941751 -0.336311 0.000180531 1.79977e-007 0.000536294 1 0.435254 1.14401 0.456637</i>
                        <i>-0.335702 0.941968 8.71998e-005 -0.941968 -0.335702 -3.11731e-005 -9.09498e-008 -9.26044e-005 1 0.435569 1.14556 0.456096</i>
                        <i>-0.335341 0.942097 0.00057051 -0.942097 -0.335341 -0.000203952 -8.27071e-007 -0.000605869 1 0.435933 1.14561 0.455655</i>
                        <i>-0.335166 0.942159 0.00104416 -0.942159 -0.335165 -0.000373276 -1.72044e-006 -0.00110887 0.999999 0.436429 1.14483 0.455222</i>
                        <i>-0.335343 0.942095 0.00140993 -0.942096 -0.335343 -0.000504037 -2.04059e-006 -0.00149732 0.999999 0.437037 1.14383 0.454888</i>
                        <i>-0.336111 0.941821 0.00162872 -0.941822 -0.336111 -0.000582252 -9.47013e-007 -0.00172966 0.999999 0.437867 1.14274 0.454688</i>
                        <i>-0.337232 0.94142 0.00173964 -0.941421 -0.337232 -0.000621904 1.18776e-006 -0.00184746 0.999998 0.43881 1.14142 0.454587</i>
                        <i>-0.338164 0.941086 0.00176184 -0.941087 -0.338163 -0.000629841 3.05449e-006 -0.00187103 0.999998 0.439514 1.14005 0.454566</i>
                        <i>-0.338776 0.940866 0.00167534 -0.940867 -0.338775 -0.000598918 4.06162e-006 -0.00177917 0.999998 0.439866 1.13854 0.454645</i>
                        <i>-0.339199 0.940714 0.00150012 -0.940715 -0.339198 -0.00053628 4.35296e-006 -0.00159309 0.999999 0.43998 1.13698 0.454806</i>
                        <i>-0.339281 0.940684 0.0013153 -0.940685 -0.339281 -0.000470208 3.93953e-006 -0.00139682 0.999999 0.439847 1.13579 0.454974</i>
                        <i>-0.338825 0.940849 0.00112792 -0.940849 -0.338825 -0.000403222 2.79744e-006 -0.00119783 0.999999 0.439265 1.13487 0.455146</i>
                        <i>-0.338029 0.941135 0.000930944 -0.941136 -0.338029 -0.000332804 1.47202e-006 -0.000988642 1 0.438436 1.13433 0.455326</i>
                        <i>-0.337337 0.941384 0.000782336 -0.941384 -0.337337 -0.000279678 6.2656e-007 -0.000830824 1 0.437959 1.13486 0.455461</i>
                        <i>-0.336876 0.941549 0.000695649 -0.941549 -0.336876 -0.000248688 1.95306e-007 -0.000738765 1 0.438101 1.13725 0.45554</i>
                        <i>-0.33652 0.941676 0.000657334 -0.941676 -0.33652 -0.000234991 -7.93682e-008 -0.000698075 1 0.438595 1.14072 0.455575</i>
                        <i>-0.336338 0.941741 0.000684723 -0.941741 -0.336338 -0.000244782 -2.23005e-007 -0.000727162 1 0.439231 1.1436 0.45555</i>
                        <i>-0.336423 0.941711 0.000810719 -0.941711 -0.336422 -0.000289825 -1.86928e-007 -0.000860967 1 0.440194 1.14537 0.455435</i>
                        <i>-0.336681 0.941618 0.00100242 -0.941619 -0.336681 -0.000358355 6.12435e-008 -0.00106455 0.999999 0.441299 1.14655 0.45526</i>
                        <i>-0.336908 0.941537 0.00117844 -0.941538 -0.336908 -0.000421282 3.73228e-007 -0.00125148 0.999999 0.441781 1.14703 0.455099</i>
                        <i>-0.336989 0.941508 0.00137321 -0.941509 -0.336989 -0.000490909 5.6071e-007 -0.00145832 0.999999 0.441151 1.14663 0.454921</i>
                        <i>-0.337038 0.94149 0.0015523 -0.941491 -0.337038 -0.000554932 7.20083e-007 -0.00164851 0.999999 0.439898 1.14553 0.454758</i>
                        <i>-0.33719 0.941435 0.0015311 -0.941437 -0.337189 -0.000547354 9.71744e-007 -0.00162599 0.999999 0.438731 1.14421 0.454777</i>
                        <i>-0.337615 0.941283 0.00115279 -0.941284 -0.337615 -0.000412113 1.28519e-006 -0.00122424 0.999999 0.437847 1.14247 0.455123</i>
                        <i>-0.338143 0.941095 0.000574203 -0.941095 -0.338143 -0.000205272 9.82034e-007 -0.00060979 1 0.437048 1.1405 0.455651</i>
                        <i>-0.338391 0.941006 8.1174e-005 -0.941006 -0.338391 -2.9019e-005 1.61511e-007 -8.6205e-005 1 0.43645 1.13933 0.456102</i>
                        <i>-0.338236 0.941061 -0.000270119 -0.941061 -0.338236 9.65649e-005 -4.90454e-007 0.00028686 1 0.436206 1.13953 0.456422</i>
                        <i>-0.337802 0.941217 -0.000535846 -0.941217 -0.337802 0.00019156 -7.10388e-007 0.000569057 1 0.436165 1.14053 0.456665</i>
                        <i>-0.337071 0.941479 -0.000598662 -0.941479 -0.337071 0.000214016 -2.99878e-007 0.000635766 1 0.435985 1.14163 0.456722</i>
                        <i>-0.335678 0.941977 -0.000351812 -0.941977 -0.335678 0.00012577 3.76526e-007 0.000373617 1 0.435314 1.14283 0.456497</i>
                        <i>-0.333987 0.942578 9.7947e-005 -0.942578 -0.333987 -3.50152e-005 -2.91514e-007 -0.000104017 1 0.434502 1.14415 0.456086</i>
                        <i>-0.333077 0.9429 0.000547706 -0.9429 -0.333077 -0.0001958 -2.19165e-006 -0.000581648 1 0.43427 1.14485 0.455676</i>
                        <i>-0.333574 0.942723 0.000973749 -0.942724 -0.333574 -0.000348107 -3.35057e-006 -0.0010341 0.999999 0.435096 1.14458 0.455286</i>
                        <i>-0.334853 0.942269 0.00139979 -0.94227 -0.334853 -0.000500413 -2.79896e-006 -0.00148655 0.999999 0.436504 1.14369 0.454897</i>
                        <i>-0.336115 0.941819 0.00169407 -0.941821 -0.336114 -0.000605616 -9.78142e-007 -0.00179907 0.999998 0.43779 1.14262 0.454628</i>
                        <i>-0.337202 0.94143 0.00180023 -0.941432 -0.337202 -0.000643567 1.16826e-006 -0.00191181 0.999998 0.438812 1.14143 0.454531</i>
                        <i>-0.338272 0.941047 0.00177463 -0.941048 -0.338272 -0.000634415 3.29392e-006 -0.00188462 0.999998 0.439711 1.14005 0.454555</i>
                        <i>-0.338997 0.940786 0.00165461 -0.940787 -0.338996 -0.000591506 4.42454e-006 -0.00175715 0.999998 0.440207 1.13868 0.454664</i>
                        <i>-0.339204 0.940712 0.00141995 -0.940713 -0.339204 -0.000507619 4.1296e-006 -0.00150795 0.999999 0.440047 1.13706 0.454879</i>
                        <i>-0.339067 0.940762 0.00109086 -0.940762 -0.339067 -0.000389974 3.00346e-006 -0.00115847 0.999999 0.439484 1.13543 0.455179</i>
                        <i>-0.338774 0.940867 0.000765292 -0.940868 -0.338774 -0.000273585 1.85417e-006 -0.000812722 1 0.439003 1.1347 0.455477</i>
                        <i>-0.338417 0.940996 0.000446801 -0.940996 -0.338417 -0.000159727 9.02114e-007 -0.000474493 1 0.438889 1.13549 0.455768</i>
                        <i>-0.337981 0.941153 0.000131824 -0.941153 -0.337981 -4.71258e-005 2.01274e-007 -0.000139994 1 0.438927 1.13721 0.456055</i>
                        <i>-0.337499 0.941326 -9.23938e-005 -0.941326 -0.337499 3.30299e-005 -9.09246e-008 9.81202e-005 1 0.438854 1.13894 0.45626</i>
                        <i>-0.337007 0.941502 -7.55423e-005 -0.941502 -0.337007 2.70057e-005 -3.23866e-008 8.02243e-005 1 0.438533 1.14087 0.456245</i>
                        <i>-0.336537 0.94167 1.65122e-005 -0.94167 -0.336537 -5.90295e-006 -1.67416e-009 -1.75356e-005 1 0.438118 1.14199 0.456161</i>
                    </KeyFrames>
                </p>
            </i>
            <i>
                <p>
                    <Name><![CDATA[prop]]></Name>
                    <Exclude>0</Exclude>
                    <Additive>0</Additive>
                    <IKPriority>0</IKPriority>
                    <IKRotLimits>-1e+010 -1e+010 -1e+010 1e+010 1e+010 1e+010</IKRotLimits>
                    <IKRotLimitOrder>0</IKRotLimitOrder>
                    <KeyFrames count="60">
                        <i>1 -9.57019e-005 3.23109e-015 9.57019e-005 1 1.75356e-005 -1.67819e-009 -1.75356e-005 1 -5.74787e-009 2.00213 3.42504</i>
                        <i>0.484808 0.87462 0.000332522 -0.874621 0.484808 0.000184737 3.65847e-007 -0.000380393 1 0.00103491 2.00432 3.42504</i>
                        <i>-0.530003 0.847995 0.000629561 -0.847996 -0.530003 -0.000391808 1.41833e-006 -0.000741524 1 0.00207067 2.00636 3.42504</i>
                        <i>-0.998613 -0.0526592 -5.59799e-005 0.0526592 -0.998612 -0.00104273 -9.92626e-007 -0.00104424 0.999999 0.00269334 2.00779 3.42505</i>
                        <i>-0.437718 -0.899112 -0.00117814 0.899112 -0.437718 -0.000564478 -8.16322e-006 -0.00130636 0.999999 0.00269867 2.00832 3.42505</i>
                        <i>0.574605 -0.81843 -0.00123947 0.818431 0.574604 0.000883045 -1.05064e-005 -0.00152182 0.999999 0.00229055 2.00824 3.42506</i>
                        <i>0.994323 0.106402 0.000166655 -0.106402 0.994322 0.00158234 2.65417e-006 -0.00159109 0.999999 0.00166698 2.00803 3.42507</i>
                        <i>0.388235 0.92156 0.00134543 -0.921561 0.388234 0.000592128 2.33396e-005 -0.00146978 0.999999 0.000816118 2.00751 3.42508</i>
                        <i>-0.618522 0.785767 0.000945807 -0.785767 -0.618522 -0.000712598 2.50662e-005 -0.00118394 0.999999 -0.000252115 2.00686 3.42508</i>
                        <i>-0.987002 -0.160711 -0.00012681 0.160711 -0.987001 -0.000741384 -6.01305e-006 -0.000752127 1 -0.00130613 2.00712 3.42509</i>
                        <i>-0.337625 -0.941281 -2.59077e-005 0.941281 -0.337625 3.7321e-005 -4.38766e-005 -1.17859e-005 1 -0.00244757 2.00912 3.42509</i>
                        <i>0.659664 -0.75156 0.000671294 0.751561 0.659664 -0.000534241 -4.13141e-005 0.000856938 1 -0.00357159 2.01202 3.42509</i>
                        <i>0.977156 0.212523 -0.000298921 -0.212523 0.977155 -0.00130904 1.38921e-005 0.00134266 0.999999 -0.00413592 2.01439 3.42509</i>
                        <i>0.288206 0.957568 -0.00112775 -0.957568 0.288206 -0.000266155 7.01623e-005 0.0011566 0.999999 -0.00376235 2.01587 3.42511</i>
                        <i>-0.697391 0.716691 -0.000386886 -0.716691 -0.697391 0.000457174 5.78418e-005 0.000596107 1 -0.00283399 2.01683 3.42513</i>
                        <i>-0.965026 -0.262155 -2.73434e-005 0.262155 -0.965026 3.86421e-006 -2.74001e-005 -3.43915e-006 1 -0.00194896 2.01682 3.42515</i>
                        <i>-0.238653 -0.971105 -0.000591872 0.971105 -0.238653 -4.0152e-005 -0.00010226 -0.000584353 1 -0.00124564 2.01546 3.42516</i>
                        <i>0.733721 -0.67945 -0.000755813 0.679451 0.73372 0.000929047 -7.66857e-005 -0.0011952 0.999999 -0.000582921 2.01314 3.42518</i>
                        <i>0.949825 0.312782 0.000466274 -0.312782 0.949824 0.00154662 4.08742e-005 -0.00161486 0.999999 -0.000133053 2.0107 3.42519</i>
                        <i>0.185826 0.982581 0.00169537 -0.982583 0.185826 0.000456436 0.000133441 -0.00175066 0.999998 -1.64913e-006 2.0083 3.42521</i>
                        <i>-0.770244 0.637749 0.00117444 -0.63775 -0.770243 -0.00127537 9.12385e-005 -0.00173134 0.999999 -8.07348e-005 2.00578 3.42522</i>
                        <i>-0.93074 -0.36568 -0.0006864 0.365681 -0.930739 -0.00158479 -5.93331e-005 -0.00172603 0.999999 -0.000223228 2.00352 3.42523</i>
                        <i>-0.130463 -0.991452 -0.00176882 0.991453 -0.130463 -6.75443e-005 -0.0001638 -0.00176252 0.999998 -0.000424662 2.00157 3.42524</i>
                        <i>0.804338 -0.594171 -0.000955801 0.594172 0.804337 0.00145809 -9.75695e-005 -0.00174071 0.999999 -0.000691481 1.99988 3.42525</i>
                        <i>0.909466 0.415778 0.000571117 -0.415778 0.909465 0.0014618 8.83717e-005 -0.00156691 0.999999 -0.000893128 1.99871 3.42526</i>
                        <i>0.0774579 0.996995 0.00118762 -0.996996 0.0774576 0.000295633 0.000202755 -0.00120695 0.999999 -0.00104914 1.99803 3.42527</i>
                        <i>-0.834136 0.551559 0.00053981 -0.551559 -0.834135 -0.000613825 0.000111714 -0.000809751 1 -0.00113975 1.99788 3.42528</i>
                        <i>-0.887004 -0.461761 -0.000390106 0.461762 -0.887004 -0.000517607 -0.000107015 -0.000639255 1 -0.000975634 1.99858 3.42529</i>
                        <i>-0.0263572 -0.999652 -0.000745816 0.999653 -0.0263574 0.000209149 -0.000228734 -0.000740044 1 -0.000403314 2.00081 3.4253</i>
                        <i>0.861496 -0.507764 -0.000361981 0.507764 0.861496 0.000838964 -0.00011415 -0.000906565 1 0.000423044 2.00391 3.42531</i>
                        <i>0.86171 0.507401 0.000361301 -0.507401 0.86171 0.000872214 0.000131225 -0.000934921 1 0.00123095 2.0061 3.42532</i>
                        <i>-0.0264053 0.999651 0.000852565 -0.999651 -0.0264055 0.000230411 0.000252843 -0.000846184 1 0.00212175 2.00675 3.42533</i>
                        <i>-0.887379 0.46104 0.000482534 -0.461041 -0.887379 -0.000684329 0.000112687 -0.000829727 1 0.00299519 2.0065 3.42534</i>
                        <i>-0.833149 -0.553048 -0.000700339 0.553048 -0.833149 -0.000776308 -0.000154151 -0.0010341 0.999999 0.00327574 2.00563 3.42534</i>
                        <i>0.0801682 -0.99678 -0.00146236 0.996781 0.0801678 0.000388437 -0.000269952 -0.0014888 0.999999 0.0025758 2.00389 3.42535</i>
                        <i>0.910816 -0.412812 -0.000690027 0.412813 0.910814 0.00177798 -0.000105486 -0.00190426 0.999998 0.00128228 2.00152 3.42535</i>
                        <i>0.802355 0.596847 0.000960722 -0.596848 0.802353 0.00158584 0.000175664 -0.00184581 0.999998 -1.93095e-005 1.99952 3.42535</i>
                        <i>-0.133766 0.991012 0.00120435 -0.991013 -0.133766 0.000121065 0.000281078 -0.00117733 0.999999 -0.00128886 1.99813 3.42536</i>
                        <i>-0.931921 0.362661 0.000212938 -0.362661 -0.931921 -0.000282428 9.60158e-005 -0.000340425 1 -0.00256835 1.99711 3.42536</i>
                        <i>-0.768636 -0.639687 -6.41735e-005 0.639687 -0.768636 0.000220033 -0.000190078 0.000128074 1 -0.00339261 1.99679 3.42536</i>
                        <i>0.186969 -0.982366 0.000272746 0.982366 0.186969 0.000233056 -0.000279941 0.000224362 1 -0.00349679 1.9976 3.42536</i>
                        <i>0.949789 -0.312892 0.000169623 0.312892 0.949789 -0.00025539 -8.11967e-005 0.00029564 1 -0.00314378 1.99911 3.42536</i>
                        <i>0.734455 0.678657 -0.00044027 -0.678657 0.734455 -0.000184816 0.000197932 0.000434532 1 -0.00265816 2.00026 3.42536</i>
                        <i>-0.236349 0.971668 -0.000371845 -0.971668 -0.236349 0.000367196 0.000268907 0.000448096 1 -0.00206278 2.0009 3.42536</i>
                        <i>-0.964027 0.265805 1.86291e-005 -0.265805 -0.964027 0.000173051 6.39568e-005 0.000161874 1 -0.00134257 2.00119 3.42535</i>
                        <i>-0.700327 -0.713822 -0.000425259 0.713823 -0.700327 -0.000138871 -0.000198691 -0.000400815 1 -0.000757655 2.00057 3.42534</i>
                        <i>0.28559 -0.958351 -0.000998348 0.958352 0.28559 0.00055752 -0.000249181 -0.00111599 0.999999 -0.000394344 1.99845 3.42533</i>
                        <i>0.977004 -0.213221 -0.000322205 0.213221 0.977003 0.00170252 -4.82189e-005 -0.00173207 0.999998 -0.000154349 1.99542 3.42531</i>
                        <i>0.65892 0.752212 0.0013463 -0.752213 0.658919 0.00142331 0.00018353 -0.00195056 0.999998 -1.73149e-005 1.9927 3.4253</i>
                        <i>-0.339813 0.940491 0.00179122 -0.940493 -0.339813 -0.000422511 0.00021131 -0.0018282 0.999998 1.43699e-005 1.99061 3.42528</i>
                        <i>-0.987545 0.157336 0.000293001 -0.157336 -0.987544 -0.0016488 2.99366e-005 -0.00167436 0.999999 -6.20013e-005 1.98884 3.42527</i>
                        <i>-0.615541 -0.788103 -0.00138836 0.788105 -0.615541 -0.000889185 -0.000153821 -0.0016415 0.999999 -0.000231955 1.98761 3.42525</i>
                        <i>0.391346 -0.920243 -0.00139499 0.920244 0.391345 0.000764531 -0.000157631 -0.00158293 0.999999 -0.000594941 1.98682 3.42523</i>
                        <i>0.994607 -0.103716 -0.000128211 0.103716 0.994606 0.00131059 -8.4098e-006 -0.00131682 0.999999 -0.00105093 1.98659 3.42521</i>
