<?xml version="1.0" encoding="ISO-8859-1" ?>
<Animl Version="1">
    <ModellingPackage><![CDATA[Maya.2010]]></ModellingPackage>
    <SrcFile><![CDATA[anims\vehicles\blue\~src\air\fighter_p51\p51_left_turn.mb]]></SrcFile>
    <FramesPerSecond>30</FramesPerSecond>
    <TotalFrames>61</TotalFrames>
    <Skeleton>
        <RefFrame>
            <Name><![CDATA[p51_ref_frame]]></Name>
            <Exclude>0</Exclude>
            <Additive>0</Additive>
            <IKPriority>0</IKPriority>
            <IKRotLimits>-1e+010 -1e+010 -1e+010 1e+010 1e+010 1e+010</IKRotLimits>
            <IKRotLimitOrder>0</IKRotLimitOrder>
            <KeyFrames count="61">
                <i>1 0 0 0 1 0 0 0 1 0 0 0</i>
                <i>1 0 0 0 1 0 0 0 1 0 0 0</i>
                <i>1 0 0 0 1 0 0 0 1 0 0 0</i>
                <i>1 0 0 0 1 0 0 0 1 0 0 0</i>
                <i>1 0 0 0 1 0 0 0 1 0 0 0</i>
                <i>1 0 0 0 1 0 0 0 1 0 0 0</i>
                <i>1 0 0 0 1 0 0 0 1 0 0 0</i>
                <i>1 0 0 0 1 0 0 0 1 0 0 0</i>
                <i>1 0 0 0 1 0 0 0 1 0 0 0</i>
                <i>1 0 0 0 1 0 0 0 1 0 0 0</i>
                <i>1 0 0 0 1 0 0 0 1 0 0 0</i>
                <i>1 0 0 0 1 0 0 0 1 0 0 0</i>
                <i>1 0 0 0 1 0 0 0 1 0 0 0</i>
                <i>1 0 0 0 1 0 0 0 1 0 0 0</i>
                <i>1 0 0 0 1 0 0 0 1 0 0 0</i>
                <i>1 0 0 0 1 0 0 0 1 0 0 0</i>
                <i>1 0 0 0 1 0 0 0 1 0 0 0</i>
                <i>1 0 0 0 1 0 0 0 1 0 0 0</i>
                <i>1 0 0 0 1 0 0 0 1 0 0 0</i>
                <i>1 0 0 0 1 0 0 0 1 0 0 0</i>
                <i>1 0 0 0 1 0 0 0 1 0 0 0</i>
                <i>1 0 0 0 1 0 0 0 1 0 0 0</i>
                <i>1 0 0 0 1 0 0 0 1 0 0 0</i>
                <i>1 0 0 0 1 0 0 0 1 0 0 0</i>
                <i>1 0 0 0 1 0 0 0 1 0 0 0</i>
                <i>1 0 0 0 1 0 0 0 1 0 0 0</i>
                <i>1 0 0 0 1 0 0 0 1 0 0 0</i>
                <i>1 0 0 0 1 0 0 0 1 0 0 0</i>
                <i>1 0 0 0 1 0 0 0 1 0 0 0</i>
                <i>1 0 0 0 1 0 0 0 1 0 0 0</i>
                <i>1 0 0 0 1 0 0 0 1 0 0 0</i>
                <i>1 0 0 0 1 0 0 0 1 0 0 0</i>
                <i>1 0 0 0 1 0 0 0 1 0 0 0</i>
                <i>1 0 0 0 1 0 0 0 1 0 0 0</i>
                <i>1 0 0 0 1 0 0 0 1 0 0 0</i>
                <i>1 0 0 0 1 0 0 0 1 0 0 0</i>
                <i>1 0 0 0 1 0 0 0 1 0 0 0</i>
                <i>1 0 0 0 1 0 0 0 1 0 0 0</i>
                <i>1 0 0 0 1 0 0 0 1 0 0 0</i>
                <i>1 0 0 0 1 0 0 0 1 0 0 0</i>
                <i>1 0 0 0 1 0 0 0 1 0 0 0</i>
                <i>1 0 0 0 1 0 0 0 1 0 0 0</i>
                <i>1 0 0 0 1 0 0 0 1 0 0 0</i>
                <i>1 0 0 0 1 0 0 0 1 0 0 0</i>
                <i>1 0 0 0 1 0 0 0 1 0 0 0</i>
                <i>1 0 0 0 1 0 0 0 1 0 0 0</i>
                <i>1 0 0 0 1 0 0 0 1 0 0 0</i>
                <i>1 0 0 0 1 0 0 0 1 0 0 0</i>
                <i>1 0 0 0 1 0 0 0 1 0 0 0</i>
                <i>1 0 0 0 1 0 0 0 1 0 0 0</i>
                <i>1 0 0 0 1 0 0 0 1 0 0 0</i>
                <i>1 0 0 0 1 0 0 0 1 0 0 0</i>
                <i>1 0 0 0 1 0 0 0 1 0 0 0</i>
                <i>1 0 0 0 1 0 0 0 1 0 0 0</i>
                <i>1 0 0 0 1 0 0 0 1 0 0 0</i>
                <i>1 0 0 0 1 0 0 0 1 0 0 0</i>
                <i>1 0 0 0 1 0 0 0 1 0 0 0</i>
                <i>1 0 0 0 1 0 0 0 1 0 0 0</i>
                <i>1 0 0 0 1 0 0 0 1 0 0 0</i>
                <i>1 0 0 0 1 0 0 0 1 0 0 0</i>
                <i>1 0 0 0 1 0 0 0 1 0 0 0</i>
            </KeyFrames>
        </RefFrame>
        <Bones count="10">
            <i>
                <p>
                    <Name><![CDATA[p51_root]]></Name>
                    <Exclude>0</Exclude>
                    <Additive>0</Additive>
                    <IKPriority>0</IKPriority>
                    <IKRotLimits>-1e+010 -1e+010 -1e+010 1e+010 1e+010 1e+010</IKRotLimits>
                    <IKRotLimitOrder>0</IKRotLimitOrder>
                    <KeyFrames count="61">
                        <i>1 -0.000105853 3.23109e-015 0.000105853 1 1.75356e-005 -1.8562e-009 -1.75356e-005 1 0 2.00056 0</i>
                        <i>1 -0.000181526 1.89882e-015 0.000181526 1 0.000380128 -6.9003e-008 -0.000380128 1 0.00103442 2.00124 0</i>
                        <i>1 -0.000257199 1.22465e-016 0.000257198 1 0.00074272 -1.91027e-007 -0.00074272 1 0.00206885 2.00191 0</i>
                        <i>1 -0.000284482 -1.2098e-015 0.000284482 0.999999 0.00104897 -2.98412e-007 -0.00104897 0.999999 0.00268944 2.00234 0</i>
                        <i>1 -0.000243647 -1.65389e-015 0.000243647 0.999999 0.00130975 -3.19117e-007 -0.00130975 0.999999 0.00269219 2.00242 0</i>
                        <i>1 -0.000154423 -2.98616e-015 0.000154423 0.999999 0.00151419 -2.33825e-007 -0.00151419 0.999999 0.00228111 2.00224 0</i>
                        <i>1 -2.76048e-005 -3.43025e-015 2.76047e-005 0.999999 0.00157329 -4.34302e-008 -0.00157329 0.999999 0.00165439 2.00188 0</i>
                        <i>1 0.000174872 -2.54207e-015 -0.000174872 0.999999 0.00146117 2.55519e-007 -0.00146117 0.999999 0.000801246 2.00122 0</i>
                        <i>1 0.000414943 -1.2098e-015 -0.000414943 0.999999 0.00120372 4.99476e-007 -0.00120372 0.999999 -0.000267534 2.00037 0</i>
                        <i>1 0.000567617 -3.21625e-016 -0.000567616 1 0.000789566 4.48171e-007 -0.000789566 1 -0.0013214 1.9997 0</i>
                        <i>1 0.000585395 1.45473e-015 -0.000585395 1 2.59735e-005 1.52048e-008 -2.59735e-005 1 -0.00246289 1.99928 0</i>
                        <i>1 0.000515776 4.56336e-015 -0.000515776 0.999999 -0.000894323 -4.61271e-007 0.000894323 1 -0.00358947 1.99904 0</i>
                        <i>1 0.000376259 6.33971e-015 -0.000376259 0.999999 -0.00140449 -5.28453e-007 0.00140449 0.999999 -0.00416293 1.99916 0</i>
                        <i>1 0.000124371 5.45154e-015 -0.000124371 0.999999 -0.00117546 -1.46193e-007 0.00117546 0.999999 -0.00380692 1.99994 0</i>
                        <i>1 -0.000197415 3.67518e-015 0.000197415 1 -0.000536295 1.05872e-007 0.000536294 1 -0.0028978 2.00109 0</i>
                        <i>1 -0.000444185 2.787e-015 0.000444185 1 9.26044e-005 -4.11335e-008 -9.26044e-005 1 -0.00202651 2.0019 0</i>
                        <i>1 -0.000590355 1.01064e-015 0.000590355 1 0.00060587 -3.57678e-007 -0.00060587 1 -0.00133243 2.00206 0</i>
                        <i>1 -0.000661509 -1.65389e-015 0.000661509 0.999999 0.00110887 -7.33529e-007 -0.00110887 0.999999 -0.000676168 2.00189 0</i>
                        <i>1 -0.000589489 -3.43025e-015 0.000589488 0.999999 0.00149732 -8.82652e-007 -0.00149732 0.999999 -0.000230527 2.00154 0</i>
                        <i>1 -0.0002783 -3.87434e-015 0.000278299 0.999998 0.00172966 -4.81365e-007 -0.00172966 0.999999 -0.000101513 2.00104 0</i>
                        <i>1 0.000176063 -4.31843e-015 -0.000176062 0.999998 0.00184746 3.25268e-007 -0.00184746 0.999998 -0.000183118 2.00036 0</i>
                        <i>1 0.000553772 -4.76252e-015 -0.000553771 0.999998 0.00187104 1.03613e-006 -0.00187104 0.999998 -0.000330099 1.99968 0</i>
                        <i>1 0.000801999 -4.31843e-015 -0.000801998 0.999998 0.00177917 1.4269e-006 -0.00177917 0.999998 -0.000537181 1.99898 0</i>
                        <i>1 0.000973572 -2.98616e-015 -0.000973571 0.999998 0.0015931 1.551e-006 -0.0015931 0.999999 -0.00080964 1.99829 0</i>
                        <i>0.999999 0.00100715 -2.54207e-015 -0.00100714 0.999999 0.00139682 1.4068e-006 -0.00139682 0.999999 -0.00101806 1.99779 0</i>
                        <i>1 0.000822056 -2.09798e-015 -0.000822056 0.999999 0.00119783 9.84685e-007 -0.00119783 0.999999 -0.00118299 1.99749 0</i>
                        <i>1 0.000498967 -7.65714e-016 -0.000498967 0.999999 0.000988643 4.933e-007 -0.000988643 1 -0.00128388 1.99738 0</i>
                        <i>1 0.000218515 -3.21625e-016 -0.000218515 1 0.000830824 1.81548e-007 -0.000830824 1 -0.00112968 1.99768 0</i>
                        <i>1 3.15786e-005 -3.21625e-016 -3.15786e-005 1 0.000738765 2.33292e-008 -0.000738765 1 -0.000565972 1.99865 0</i>
                        <i>1 -0.000112721 1.22465e-016 0.000112721 1 0.000698075 -7.86877e-008 -0.000698075 1 0.000252832 2.00002 0</i>
                        <i>1 -0.000186378 1.22465e-016 0.000186378 1 0.000727162 -1.35527e-007 -0.000727162 1 0.00105452 2.00115 0</i>
                        <i>1 -0.000152194 -3.21625e-016 0.000152194 1 0.000860967 -1.31034e-007 -0.000860967 1 0.00194034 2.00183 0</i>
                        <i>1 -4.73675e-005 -1.65389e-015 4.73674e-005 0.999999 0.00106455 -5.04249e-008 -0.00106455 0.999999 0.00280904 2.00226 0</i>
                        <i>1 4.45025e-005 -2.09798e-015 -4.45024e-005 0.999999 0.00125148 5.5694e-008 -0.00125148 0.999999 0.00308466 2.00244 0</i>
                        <i>1 7.74271e-005 -2.54207e-015 -7.7427e-005 0.999999 0.00145832 1.12913e-007 -0.00145832 0.999999 0.00238011 2.00231 0</i>
                        <i>1 9.73956e-005 -2.98616e-015 -9.73954e-005 0.999999 0.00164851 1.60557e-007 -0.00164851 0.999999 0.00108248 2.00192 0</i>
                        <i>1 0.000158778 -3.43025e-015 -0.000158778 0.999999 0.00162599 2.58172e-007 -0.00162599 0.999999 -0.000222889 2.00138 0</i>
                        <i>1 0.000331356 -1.65389e-015 -0.000331356 0.999999 0.00122424 4.0566e-007 -0.00122424 0.999999 -0.00149596 2.00058 0</i>
                        <i>1 0.000545348 1.01064e-015 -0.000545348 1 0.000609791 3.32548e-007 -0.000609791 1 -0.00277677 1.99964 0</i>
                        <i>1 0.000645777 2.787e-015 -0.000645777 1 8.62051e-005 5.56693e-008 -8.62051e-005 1 -0.00360013 1.99906 0</i>
                        <i>1 0.000583244 3.67518e-015 -0.000583244 1 -0.00028686 -1.6731e-007 0.00028686 1 -0.00370272 1.9991 0</i>
                        <i>1 0.000407148 5.00745e-015 -0.000407148 1 -0.000569057 -2.3169e-007 0.000569057 1 -0.00334786 1.9995 0</i>
                        <i>1 0.000110705 5.89562e-015 -0.000110705 1 -0.000635766 -7.03823e-008 0.000635766 1 -0.00286031 2.00004 0</i>
                        <i>1 -0.000453976 5.00745e-015 0.000453976 1 -0.000373617 1.69613e-007 0.000373617 1 -0.00226004 2.00079 0</i>
                        <i>0.999999 -0.001139 3.23109e-015 0.001139 0.999999 0.000104018 -1.18476e-007 -0.000104018 1 -0.00152709 2.00166 0</i>
                        <i>0.999999 -0.00150749 5.66554e-016 0.00150749 0.999999 0.000581653 -8.76834e-007 -0.000581652 1 -0.000926338 2.00217 0</i>
                        <i>0.999999 -0.001306 -1.65389e-015 0.001306 0.999999 0.0010341 -1.35054e-006 -0.0010341 0.999999 -0.000554569 2.00206 0</i>
                        <i>1 -0.000787973 -3.43025e-015 0.000787972 0.999999 0.00148655 -1.17136e-006 -0.00148655 0.999999 -0.000314998 2.00158 0</i>
                        <i>1 -0.000276842 -4.31843e-015 0.000276841 0.999998 0.00179907 -4.98058e-007 -0.00179907 0.999998 -0.000182141 2.001 0</i>
                        <i>1 0.00016391 -4.31843e-015 -0.00016391 0.999998 0.00191181 3.13365e-007 -0.00191181 0.999998 -0.000154062 2.00038 0</i>
                        <i>1 0.000597769 -4.31843e-015 -0.000597768 0.999998 0.00188462 1.12657e-006 -0.00188462 0.999998 -0.000232698 1.99966 0</i>
                        <i>1 0.000891749 -4.31843e-015 -0.000891748 0.999998 0.00175716 1.56694e-006 -0.00175716 0.999998 -0.000398368 1.99899 0</i>
                        <i>1 0.000975921 -2.98616e-015 -0.00097592 0.999998 0.00150796 1.47165e-006 -0.00150795 0.999999 -0.000748135 1.9983 0</i>
                        <i>1 0.000920216 -1.2098e-015 -0.000920215 0.999999 0.00115847 1.06605e-006 -0.00115847 0.999999 -0.00118494 1.99765 0</i>
                        <i>1 0.00080145 1.22465e-016 -0.00080145 0.999999 0.000812724 6.51358e-007 -0.000812724 1 -0.0013979 1.99736 0</i>
                        <i>1 0.00065633 1.01064e-015 -0.00065633 1 0.000474493 3.11424e-007 -0.000474493 1 -0.00118508 1.99767 0</i>
                        <i>1 0.000479427 2.787e-015 -0.000479427 1 0.000139994 6.7117e-008 -0.000139994 1 -0.00074843 1.99834 0</i>
                        <i>1 0.000284363 3.67518e-015 -0.000284363 1 -9.81202e-005 -2.79018e-008 9.81202e-005 1 -0.000382915 1.99904 0</i>
                        <i>1 8.47584e-005 3.23109e-015 -8.47584e-005 1 -8.02243e-005 -6.79969e-009 8.02243e-005 1 -0.000254129 1.99986 0</i>
                        <i>1 -0.000105765 3.23109e-015 0.000105765 1 1.75356e-005 -1.85466e-009 -1.75356e-005 1 -0.000239805 2.00038 0</i>
                        <i>1 -0.00010501 3.23109e-015 0.00010501 1 1.82141e-005 -1.91265e-009 -1.82141e-005 1 -0.000237122 2.00039 0</i>
                    </KeyFrames>
                </p>
            </i>
            <i>
                <p>
                    <Name><![CDATA[l_gear]]></Name>
                    <Exclude>0</Exclude>
                    <Additive>0</Additive>
                    <IKPriority>0</IKPriority>
                    <IKRotLimits>-1e+010 -1e+010 -1e+010 1e+010 1e+010 1e+010</IKRotLimits>
                    <IKRotLimitOrder>0</IKRotLimitOrder>
                    <KeyFrames count="61">
                        <i>0.0104537 -0.999376 0.0337453 0.989399 0.0152259 0.14442 -0.144844 0.0318778 0.988941 2.28253 1.49317 0.499311</i>
                        <i>0.0103781 -0.999389 0.0333829 0.9894 0.0150987 0.144426 -0.144842 0.0315302 0.988952 2.28352 1.49349 0.499128</i>
                        <i>0.0103025 -0.999402 0.0330205 0.989402 0.0149714 0.144431 -0.144839 0.0311826 0.988964 2.28452 1.49382 0.498944</i>
                        <i>0.0102752 -0.999412 0.0327145 0.989402 0.0149002 0.144436 -0.144839 0.0308837 0.988973 2.28512 1.49403 0.498788</i>
                        <i>0.010316 -0.99942 0.0324538 0.989401 0.0149029 0.14444 -0.14484 0.0306198 0.988981 2.28515 1.49407 0.498656</i>
                        <i>0.0104052 -0.999426 0.0322495 0.9894 0.0149617 0.144443 -0.144843 0.0304047 0.988987 2.28478 1.494 0.498552</i>
                        <i>0.0105319 -0.999426 0.0321905 0.989398 0.0150786 0.144444 -0.144846 0.0303279 0.988989 2.28422 1.49389 0.498522</i>
                        <i>0.0107343 -0.999421 0.0323025 0.989395 0.0152951 0.144442 -0.144853 0.0304095 0.988986 2.28347 1.49375 0.498579</i>
                        <i>0.0109742 -0.999409 0.0325598 0.989391 0.0155699 0.144438 -0.14486 0.0306293 0.988978 2.28252 1.49358 0.49871</i>
                        <i>0.0111268 -0.999394 0.0329737 0.989389 0.0157807 0.144432 -0.144865 0.0310168 0.988965 2.28155 1.49346 0.49892</i>
                        <i>0.0111445 -0.999369 0.0337368 0.989388 0.0159086 0.14442 -0.144866 0.0317694 0.988941 2.28041 1.49346 0.499307</i>
                        <i>0.0110749 -0.999338 0.0346566 0.98939 0.0159726 0.144406 -0.144864 0.0326895 0.988911 2.27925 1.49352 0.499774</i>
                        <i>0.0109355 -0.999322 0.0351664 0.989392 0.0159083 0.144398 -0.14486 0.0332143 0.988895 2.27861 1.49358 0.500032</i>
                        <i>0.0106838 -0.999332 0.0349375 0.989396 0.015626 0.144402 -0.144851 0.0330243 0.988902 2.27884 1.49367 0.499916</i>
                        <i>0.0103622 -0.999358 0.0342988 0.989401 0.0152153 0.144412 -0.144841 0.0324388 0.988923 2.27958 1.49377 0.499592</i>
                        <i>0.0101156 -0.999382 0.0336703 0.989404 0.0148803 0.144421 -0.144833 0.0318526 0.988943 2.28033 1.4937 0.499273</i>
                        <i>0.0099695 -0.9994 0.0331573 0.989406 0.0146616 0.144429 -0.144829 0.0313662 0.988959 2.28095 1.49327 0.499013</i>
                        <i>0.00989837 -0.999418 0.0326546 0.989407 0.0145185 0.144437 -0.144827 0.030879 0.988975 2.28157 1.49269 0.498758</i>
                        <i>0.00997035 -0.99943 0.0322664 0.989406 0.0145337 0.144443 -0.144829 0.0304844 0.988987 2.28205 1.49231 0.49856</i>
                        <i>0.0102814 -0.999434 0.0320342 0.989402 0.014808 0.144446 -0.144839 0.0302096 0.988994 2.28234 1.4924 0.498442</i>
                        <i>0.0107355 -0.999433 0.0319164 0.989395 0.0152405 0.144448 -0.144853 0.0300273 0.988997 2.28249 1.4927 0.498383</i>
                        <i>0.011113 -0.99943 0.0318929 0.989389 0.0156108 0.144448 -0.144864 0.0299492 0.988998 2.28253 1.49287 0.498371</i>
                        <i>0.011361 -0.999424 0.0319847 0.989385 0.0158697 0.144447 -0.144871 0.0300041 0.988995 2.28245 1.49279 0.498417</i>
                        <i>0.0115325 -0.999416 0.0321707 0.989382 0.0160663 0.144444 -0.144877 0.0301633 0.98899 2.28226 1.49257 0.498512</i>
                        <i>0.0115661 -0.999409 0.0323668 0.989382 0.0161279 0.144441 -0.144878 0.0303525 0.988984 2.28207 1.49225 0.498611</i>
                        <i>0.0113811 -0.999405 0.0325657 0.989385 0.0159735 0.144438 -0.144873 0.0305761 0.988978 2.28181 1.49163 0.498713</i>
                        <i>0.0110582 -0.999402 0.0327748 0.98939 0.0156841 0.144435 -0.144863 0.0308298 0.988971 2.28155 1.49089 0.498819</i>
                        <i>0.0107779 -0.999399 0.0329325 0.989394 0.0154294 0.144433 -0.144854 0.0310265 0.988966 2.28156 1.49062 0.498899</i>
                        <i>0.0105911 -0.999398 0.0330245 0.989397 0.0152577 0.144431 -0.144848 0.0311447 0.988964 2.28203 1.49122 0.498946</i>
                        <i>0.0104468 -0.999399 0.0330652 0.989399 0.0151208 0.144431 -0.144844 0.0312058 0.988962 2.28277 1.49228 0.498966</i>
                        <i>0.0103732 -0.9994 0.0330361 0.989401 0.0150437 0.144431 -0.144842 0.0311877 0.988963 2.28354 1.49322 0.498951</i>
                        <i>0.0104074 -0.999404 0.0329024 0.9894 0.0150582 0.144433 -0.144843 0.0310504 0.988967 2.28444 1.49391 0.498884</i>
                        <i>0.0105122 -0.99941 0.0326989 0.989398 0.0151325 0.144436 -0.144846 0.0308339 0.988974 2.28536 1.49449 0.49878</i>
                        <i>0.010604 -0.999415 0.0325121 0.989397 0.0151964 0.144439 -0.144849 0.0306357 0.988979 2.28569 1.49478 0.498685</i>
                        <i>0.0106369 -0.999421 0.0323054 0.989396 0.0151991 0.144442 -0.14485 0.0304264 0.988986 2.285 1.49462 0.49858</i>
                        <i>0.0106568 -0.999427 0.0321153 0.989396 0.0151914 0.144445 -0.14485 0.0302354 0.988991 2.28371 1.49418 0.498484</i>
                        <i>0.0107182 -0.999426 0.0321378 0.989395 0.0152554 0.144445 -0.144852 0.0302488 0.988991 2.28244 1.4938 0.498495</i>
                        <i>0.0108907 -0.999411 0.0325393 0.989393 0.0154842 0.144439 -0.144857 0.0306211 0.988979 2.28125 1.49359 0.498699</i>
                        <i>0.0111045 -0.999389 0.0331534 0.989389 0.0157847 0.144429 -0.144864 0.0311978 0.98896 2.28008 1.49344 0.499011</i>
                        <i>0.0112049 -0.99937 0.0336767 0.989388 0.0159596 0.144421 -0.144868 0.031701 0.988943 2.27931 1.49335 0.499277</i>
                        <i>0.0111424 -0.999358 0.0340495 0.989389 0.0159517 0.144416 -0.144866 0.032079 0.988931 2.27917 1.49343 0.499466</i>
                        <i>0.0109664 -0.99935 0.0343315 0.989391 0.0158182 0.144411 -0.144861 0.0323836 0.988922 2.27944 1.49358 0.499609</i>
                        <i>0.0106701 -0.999351 0.0343982 0.989396 0.0155345 0.14441 -0.144851 0.0324925 0.98892 2.27977 1.49347 0.499643</i>
                        <i>0.0101058 -0.999366 0.0341362 0.989404 0.014938 0.144414 -0.144833 0.0323151 0.988928 2.28009 1.4928 0.49951</i>
                        <i>0.0094212 -0.999389 0.0336589 0.989414 0.0141912 0.144422 -0.144811 0.0319419 0.988944 2.28047 1.49187 0.499268</i>
                        <i>0.00905291 -0.999408 0.0331815 0.98942 0.0137576 0.144429 -0.1448 0.0315229 0.988959 2.28089 1.4913 0.499025</i>
                        <i>0.00925426 -0.999421 0.0327293 0.989417 0.0138916 0.144436 -0.144807 0.0310463 0.988973 2.28136 1.49142 0.498796</i>
                        <i>0.00977198 -0.999431 0.0322771 0.989409 0.0143388 0.144443 -0.144823 0.0305238 0.988987 2.28186 1.4919 0.498566</i>
                        <i>0.0102828 -0.999436 0.0319648 0.989402 0.0147994 0.144447 -0.144839 0.0301407 0.988996 2.28226 1.49233 0.498407</i>
                        <i>0.0107233 -0.999435 0.0318521 0.989395 0.0152192 0.144449 -0.144852 0.0299654 0.988999 2.28251 1.49266 0.49835</i>
                        <i>0.0111569 -0.999429 0.0318793 0.989388 0.0156524 0.144449 -0.144865 0.0299294 0.988999 2.28265 1.49295 0.498364</i>
                        <i>0.0114507 -0.999422 0.0320067 0.989384 0.0159617 0.144447 -0.144874 0.0300129 0.988995 2.28263 1.49301 0.498428</i>
                        <i>0.0115349 -0.999413 0.0322558 0.989382 0.0160809 0.144443 -0.144877 0.0302471 0.988987 2.28233 1.49263 0.498555</i>
                        <i>0.0114792 -0.999402 0.032605 0.989383 0.0160763 0.144438 -0.144876 0.0306009 0.988977 2.28186 1.49203 0.498733</i>
                        <i>0.0113605 -0.999392 0.0329506 0.989385 0.0160087 0.144432 -0.144872 0.03096 0.988966 2.28159 1.49165 0.498908</i>
                        <i>0.0112154 -0.999383 0.0332886 0.989387 0.015914 0.144427 -0.144868 0.0313155 0.988955 2.28173 1.49179 0.49908</i>
                        <i>0.0110386 -0.999374 0.0336229 0.98939 0.0157873 0.144422 -0.144863 0.0316719 0.988945 2.28207 1.49222 0.499249</i>
                        <i>0.0108437 -0.999368 0.0338609 0.989393 0.0156287 0.144419 -0.144856 0.0319357 0.988937 2.28234 1.4926 0.49937</i>
                        <i>0.0106442 -0.999371 0.033843 0.989396 0.0154286 0.144419 -0.14485 0.0319469 0.988938 2.28237 1.49295 0.499361</i>
                        <i>0.0104538 -0.999376 0.0337453 0.989399 0.015226 0.14442 -0.144844 0.0318778 0.988941 2.28229 1.49299 0.499311</i>
                        <i>0.0104546 -0.999376 0.0337446 0.989399 0.0152266 0.14442 -0.144844 0.031877 0.988941 2.28229 1.493 0.499311</i>
                    </KeyFrames>
                </p>
            </i>
            <i>
                <p>
                    <Name><![CDATA[l_hatch]]></Name>
                    <Exclude>0</Exclude>
                    <Additive>0</Additive>
                    <IKPriority>0</IKPriority>
                    <IKRotLimits>-1e+010 -1e+010 -1e+010 1e+010 1e+010 1e+010</IKRotLimits>
                    <IKRotLimitOrder>0</IKRotLimitOrder>
                    <KeyFrames count="61">
                        <i>-0.336527 0.941674 1.65122e-005 -0.941674 -0.336527 -5.90295e-006 -1.8562e-009 -1.75356e-005 1 0.438349 1.14081 0.456161</i>
                        <i>-0.336456 0.941699 0.000357943 -0.941699 -0.336456 -0.000127961 -6.9003e-008 -0.000380128 1 0.439318 1.14129 0.455849</i>
                        <i>-0.336385 0.941724 0.000699373 -0.941725 -0.336385 -0.00025002 -1.91027e-007 -0.00074272 1 0.440288 1.14177 0.455537</i>
                        <i>-0.336359 0.941733 0.000987747 -0.941734 -0.336359 -0.00035311 -2.98412e-007 -0.00104897 0.999999 0.440885 1.14205 0.455274</i>
                        <i>-0.336398 0.941719 0.00123331 -0.94172 -0.336397 -0.000440897 -3.19117e-007 -0.00130975 0.999999 0.440923 1.14202 0.455049</i>
                        <i>-0.336482 0.941689 0.00142582 -0.94169 -0.336481 -0.000509716 -2.33825e-007 -0.00151419 0.999999 0.440588 1.14179 0.454873</i>
                        <i>-0.336601 0.941646 0.00148147 -0.941647 -0.336601 -0.00052961 -4.34302e-008 -0.00157329 0.999999 0.440071 1.14146 0.454823</i>
                        <i>-0.336792 0.941578 0.0013759 -0.941579 -0.336791 -0.00049187 2.55519e-007 -0.00146117 0.999999 0.439392 1.14094 0.454919</i>
                        <i>-0.337018 0.941498 0.00113347 -0.941498 -0.337017 -0.000405205 4.99476e-007 -0.00120372 0.999999 0.438529 1.14031 0.455141</i>
                        <i>-0.337161 0.941447 0.000743486 -0.941447 -0.337161 -0.000265789 4.48171e-007 -0.000789566 1 0.437607 1.1399 0.455497</i>
                        <i>-0.337178 0.941441 2.44576e-005 -0.941441 -0.337178 -8.74338e-006 1.52048e-008 -2.59735e-005 1 0.43648 1.13983 0.456153</i>
                        <i>-0.337113 0.941464 -0.000842129 -0.941464 -0.337113 0.000301053 -4.61271e-007 0.000894323 1 0.435294 1.13998 0.456944</i>
                        <i>-0.336981 0.94151 -0.00132252 -0.941511 -0.336981 0.00047279 -5.28453e-007 0.00140449 0.999999 0.4346 1.14027 0.457383</i>
                        <i>-0.336744 0.941595 -0.00110686 -0.941596 -0.336744 0.000395691 -1.46193e-007 0.00117546 0.999999 0.43474 1.14084 0.457186</i>
                        <i>-0.336441 0.941704 -0.000504995 -0.941705 -0.336441 0.000180531 1.05872e-007 0.000536294 1 0.435373 1.14156 0.456637</i>
                        <i>-0.336209 0.941787 8.71998e-005 -0.941787 -0.336209 -3.11731e-005 -4.11335e-008 -9.26044e-005 1 0.436032 1.14197 0.456096</i>
                        <i>-0.336071 0.941836 0.00057051 -0.941837 -0.336071 -0.000203952 -3.57678e-007 -0.00060587 1 0.4366 1.14184 0.455655</i>
                        <i>-0.336004 0.94186 0.00104416 -0.94186 -0.336004 -0.000373276 -7.33529e-007 -0.00110887 0.999999 0.437195 1.1414 0.455222</i>
                        <i>-0.336072 0.941835 0.00140993 -0.941836 -0.336072 -0.000504037 -8.82652e-007 -0.00149732 0.999999 0.437702 1.14091 0.454888</i>
                        <i>-0.336365 0.94173 0.00162872 -0.941732 -0.336364 -0.000582252 -4.81365e-007 -0.00172966 0.999999 0.438099 1.14043 0.454688</i>
                        <i>-0.336793 0.941577 0.00173964 -0.941579 -0.336792 -0.000621904 3.25268e-007 -0.00184746 0.999998 0.438408 1.1399 0.454587</i>
                        <i>-0.337148 0.94145 0.00176184 -0.941451 -0.337148 -0.000629841 1.03613e-006 -0.00187104 0.999998 0.438586 1.13938 0.454566</i>
                        <i>-0.337382 0.941366 0.00167534 -0.941368 -0.337382 -0.000598918 1.4269e-006 -0.00177917 0.999998 0.438593 1.13883 0.454645</i>
                        <i>-0.337544 0.941309 0.00150012 -0.94131 -0.337543 -0.00053628 1.551e-006 -0.0015931 0.999999 0.438468 1.1383 0.454806</i>
                        <i>-0.337575 0.941298 0.0013153 -0.941299 -0.337575 -0.000470208 1.4068e-006 -0.00139682 0.999999 0.438288 1.1379 0.454974</i>
                        <i>-0.337401 0.94136 0.00112792 -0.941361 -0.337401 -0.000403222 9.84685e-007 -0.00119783 0.999999 0.437964 1.13761 0.455146</i>
                        <i>-0.337097 0.94147 0.000930944 -0.94147 -0.337097 -0.000332804 4.933e-007 -0.000988643 1 0.437585 1.13746 0.455326</i>
                        <i>-0.336833 0.941564 0.000782336 -0.941565 -0.336833 -0.000279678 1.81548e-007 -0.000830824 1 0.437498 1.1377 0.455461</i>
                        <i>-0.336657 0.941627 0.000695649 -0.941627 -0.336657 -0.000248688 2.33292e-008 -0.000738765 1 0.437901 1.13864 0.45554</i>
                        <i>-0.336521 0.941676 0.000657334 -0.941676 -0.336521 -0.000234991 -7.86877e-008 -0.000698075 1 0.438596 1.13996 0.455575</i>
                        <i>-0.336452 0.941701 0.000684723 -0.941701 -0.336451 -0.000244782 -1.35527e-007 -0.000727162 1 0.439334 1.14105 0.45555</i>
                        <i>-0.336484 0.941689 0.000810719 -0.941689 -0.336484 -0.000289825 -1.31034e-007 -0.000860967 1 0.44025 1.14168 0.455435</i>
                        <i>-0.336582 0.941653 0.00100242 -0.941654 -0.336582 -0.000358355 -5.04249e-008 -0.00106455 0.999999 0.441208 1.14207 0.45526</i>
                        <i>-0.336669 0.941622 0.00117844 -0.941623 -0.336669 -0.000421282 5.5694e-008 -0.00125148 0.999999 0.441563 1.1422 0.455099</i>
                        <i>-0.3367 0.941611 0.00137321 -0.941612 -0.3367 -0.000490909 1.12913e-007 -0.00145832 0.999999 0.440887 1.14199 0.454921</i>
                        <i>-0.336719 0.941604 0.0015523 -0.941605 -0.336718 -0.000554932 1.60557e-007 -0.00164851 0.999999 0.439606 1.14152 0.454758</i>
                        <i>-0.336777 0.941583 0.0015311 -0.941585 -0.336776 -0.000547354 2.58172e-007 -0.00162599 0.999999 0.438354 1.14102 0.454777</i>
                        <i>-0.336939 0.941526 0.00115279 -0.941526 -0.336939 -0.000412113 4.0566e-007 -0.00122424 0.999999 0.437229 1.14048 0.455123</i>
                        <i>-0.337141 0.941454 0.000574203 -0.941454 -0.33714 -0.000205272 3.32548e-007 -0.000609791 1 0.436132 1.13991 0.455651</i>
                        <i>-0.337235 0.94142 8.1174e-005 -0.94142 -0.337235 -2.9019e-005 5.56693e-008 -8.62051e-005 1 0.435395 1.13961 0.456102</i>
                        <i>-0.337176 0.941441 -0.000270119 -0.941442 -0.337176 9.65649e-005 -1.6731e-007 0.00028686 1 0.435239 1.13979 0.456422</i>
                        <i>-0.33701 0.941501 -0.000535846 -0.941501 -0.33701 0.00019156 -2.3169e-007 0.000569057 1 0.435442 1.14025 0.456665</i>
                        <i>-0.336731 0.941601 -0.000598662 -0.941601 -0.336731 0.000214016 -7.03823e-008 0.000635766 1 0.435675 1.14068 0.456722</i>
                        <i>-0.3362 0.941791 -0.000351812 -0.941791 -0.336199 0.00012577 1.69613e-007 0.000373617 1 0.43579 1.14107 0.456497</i>
                        <i>-0.335554 0.942021 9.7947e-005 -0.942021 -0.335554 -3.50152e-005 -1.18476e-007 -0.000104018 1 0.435934 1.14142 0.456086</i>
                        <i>-0.335207 0.942144 0.000547706 -0.942144 -0.335207 -0.0001958 -8.76834e-007 -0.000581652 1 0.436217 1.14155 0.455676</i>
                        <i>-0.335397 0.942076 0.000973749 -0.942077 -0.335397 -0.000348107 -1.35054e-006 -0.0010341 0.999999 0.436762 1.14132 0.455286</i>
                        <i>-0.335885 0.941902 0.00139979 -0.941903 -0.335885 -0.000500413 -1.17136e-006 -0.00148655 0.999999 0.437447 1.14086 0.454897</i>
                        <i>-0.336366 0.94173 0.00169407 -0.941731 -0.336366 -0.000605616 -4.98058e-007 -0.00179907 0.999998 0.43802 1.14037 0.454628</i>
                        <i>-0.336781 0.941581 0.00180023 -0.941583 -0.336781 -0.000643567 3.13365e-007 -0.00191181 0.999998 0.438427 1.13989 0.454531</i>
                        <i>-0.33719 0.941435 0.00177463 -0.941437 -0.337189 -0.000634415 1.12657e-006 -0.00188462 0.999998 0.438722 1.13938 0.454555</i>
                        <i>-0.337467 0.941336 0.00165461 -0.941337 -0.337466 -0.000591506 1.56694e-006 -0.00175716 0.999998 0.438809 1.13889 0.454664</i>
                        <i>-0.337546 0.941308 0.00141995 -0.941309 -0.337545 -0.000507619 1.47165e-006 -0.00150795 0.999999 0.438531 1.13835 0.454879</i>
                        <i>-0.337493 0.941327 0.00109086 -0.941328 -0.337493 -0.000389974 1.06605e-006 -0.00115847 0.999999 0.438047 1.13783 0.455179</i>
                        <i>-0.337382 0.941368 0.000765292 -0.941368 -0.337381 -0.000273585 6.51358e-007 -0.000812724 1 0.437731 1.13765 0.455477</i>
                        <i>-0.337245 0.941417 0.000446801 -0.941417 -0.337245 -0.000159727 3.11424e-007 -0.000474493 1 0.437819 1.13805 0.455768</i>
                        <i>-0.337078 0.941477 0.000131824 -0.941477 -0.337078 -4.71258e-005 6.7117e-008 -0.000139994 1 0.438104 1.13879 0.456055</i>
                        <i>-0.336895 0.941542 -9.23938e-005 -0.941542 -0.336895 3.30299e-005 -2.79018e-008 9.81202e-005 1 0.438302 1.13952 0.45626</i>
                        <i>-0.336707 0.94161 -7.55423e-005 -0.94161 -0.336707 2.70057e-005 -6.79969e-009 8.02243e-005 1 0.438259 1.14024 0.456245</i>
                        <i>-0.336527 0.941674 1.65122e-005 -0.941674 -0.336527 -5.90295e-006 -1.85466e-009 -1.75356e-005 1 0.438109 1.14063 0.456161</i>
                        <i>-0.336528 0.941673 1.7151e-005 -0.941673 -0.336528 -6.13134e-006 -1.91265e-009 -1.82141e-005 1 0.438113 1.14064 0.45616</i>
                    </KeyFrames>
                </p>
            </i>
            <i>
                <p>
                    <Name><![CDATA[prop]]></Name>
                    <Exclude>0</Exclude>
                    <Additive>0</Additive>
                    <IKPriority>0</IKPriority>
                    <IKRotLimits>-1e+010 -1e+010 -1e+010 1e+010 1e+010 1e+010</IKRotLimits>
                    <IKRotLimitOrder>0</IKRotLimitOrder>
                    <KeyFrames count="61">
                        <i>1 -0.000105853 3.23109e-015 0.000105853 1 1.75356e-005 -1.8562e-009 -1.75356e-005 1 -6.35754e-009 2.0005 3.42504</i>
                        <i>0.48471 0.874675 0.000332522 -0.874675 0.48471 0.000184737 4.08618e-007 -0.000380393 1 0.00103488 2.00157 3.42504</i>
                        <i>-0.530203 0.847871 0.000629561 -0.847871 -0.530203 -0.000391808 1.59261e-006 -0.000741524 1 0.00207053 2.0025 3.42504</i>
                        <i>-0.998598 -0.052938 -5.59799e-005 0.0529381 -0.998597 -0.00104273 -7.01047e-007 -0.00104424 0.999999 0.00269309 2.00323 3.42505</i>
                        <i>-0.437527 -0.899205 -0.00117814 0.899206 -0.437526 -0.000564478 -7.88487e-006 -0.00130636 0.999999 0.00269841 2.00363 3.42505</i>
                        <i>0.574661 -0.818391 -0.00123947 0.818392 0.57466 0.000883045 -1.04021e-005 -0.00152182 0.999999 0.00229044 2.00384 3.42506</i>
                        <i>0.994338 0.106266 0.000166655 -0.106266 0.994336 0.00158234 2.43633e-006 -0.00159109 0.999999 0.0016673 2.00423 3.42507</i>
                        <i>0.388663 0.921379 0.00134543 -0.92138 0.388663 0.000592128 2.26563e-005 -0.00146979 0.999999 0.000817777 2.00479 3.42508</i>
                        <i>-0.617851 0.786295 0.000945807 -0.786295 -0.61785 -0.000712598 2.40553e-005 -0.00118396 0.999999 -0.000247703 2.00554 3.42508</i>
                        <i>-0.987178 -0.159624 -0.00012681 0.159624 -0.987178 -0.000741384 -6.84126e-006 -0.00075212 1 -0.00129821 2.00689 3.42509</i>
                        <i>-0.338688 -0.940899 -2.59077e-005 0.940899 -0.338688 3.7321e-005 -4.38899e-005 -1.17363e-005 1 -0.00243593 2.00958 3.42509</i>
                        <i>0.658899 -0.752231 0.000671294 0.752231 0.658899 -0.000534241 -4.04424e-005 0.00085698 1 -0.00355751 2.01288 3.42509</i>
                        <i>0.977324 0.21175 -0.000298921 -0.21175 0.977323 -0.00130904 1.49544e-005 0.00134265 0.999999 -0.00412335 2.01505 3.42509</i>
                        <i>0.288573 0.957457 -0.00112775 -0.957458 0.288573 -0.000266155 7.06054e-005 0.00115658 0.999999 -0.00375649 2.01524 3.42511</i>
                        <i>-0.69749 0.716595 -0.000386886 -0.716595 -0.69749 0.000457174 5.77594e-005 0.000596114 1 -0.00283581 2.01431 3.42513</i>
                        <i>-0.964885 -0.262674 -2.73434e-005 0.262674 -0.964885 3.86421e-006 -2.73983e-005 -3.4539e-006 1 -0.00195493 2.01299 3.42515</i>
                        <i>-0.237901 -0.971289 -0.000591872 0.971289 -0.237901 -4.0152e-005 -0.000101808 -0.000584432 1 -0.00125284 2.01135 3.42516</i>
                        <i>0.734325 -0.678797 -0.000755813 0.678797 0.734325 0.000929047 -7.56219e-005 -0.00119527 0.999999 -0.000589535 2.00932 3.42518</i>
                        <i>0.949583 0.313516 0.000466274 -0.313516 0.949582 0.00154662 4.21231e-005 -0.00161482 0.999999 -0.000137616 2.00745 3.42519</i>
                        <i>0.185562 0.982631 0.00169537 -0.982633 0.185561 0.000456436 0.000133913 -0.00175062 0.999998 -2.95186e-006 2.00588 3.42521</i>
                        <i>-0.769946 0.638108 0.00117444 -0.638109 -0.769945 -0.00127537 9.04302e-005 -0.00173138 0.999999 -7.88167e-005 2.00447 3.42522</i>
                        <i>-0.931134 -0.364676 -0.0006864 0.364676 -0.931133 -0.00158479 -6.1195e-005 -0.00172597 0.999999 -0.000219296 2.00332 3.42523</i>
                        <i>-0.131931 -0.991257 -0.00176882 0.991259 -0.131931 -6.75443e-005 -0.000166409 -0.00176227 0.999998 -0.000419444 2.00251 3.42524</i>
                        <i>0.803292 -0.595585 -0.000955801 0.595585 0.803291 0.00145809 -0.000100631 -0.00174053 0.999999 -0.000685011 2.00197 3.42525</i>
                        <i>0.910218 0.414128 0.000571117 -0.414128 0.910217 0.0014618 8.55304e-005 -0.00156707 0.999999 -0.00088619 2.00161 3.42526</i>
                        <i>0.0789666 0.996877 0.00118762 -0.996877 0.0789663 0.000295633 0.000200928 -0.00120726 0.999999 -0.00104317 2.00143 3.42527</i>
                        <i>-0.833589 0.552385 0.00053981 -0.552385 -0.833589 -0.000613825 0.000110912 -0.000809861 1 -0.00113573 2.00145 3.42528</i>
                        <i>-0.887251 -0.461286 -0.000390106 0.461286 -0.887251 -0.000517607 -0.000107357 -0.000639198 1 -0.000973501 2.00166 3.42529</i>
                        <i>-0.0265899 -0.999646 -0.000745816 0.999646 -0.0265901 0.000209149 -0.000228906 -0.000739991 1 -0.000402464 2.0023 3.4253</i>
                        <i>0.861497 -0.507763 -0.000361981 0.507763 0.861496 0.000838964 -0.000114149 -0.000906565 1 0.000423041 2.00315 3.42531</i>
                        <i>0.861649 0.507504 0.000361301 -0.507504 0.861649 0.000872214 0.000131338 -0.000934905 1 0.00123067 2.00349 3.42532</i>
                        <i>-0.0264702 0.999649 0.000852565 -0.99965 -0.0264704 0.000230411 0.000252898 -0.000846167 1 0.00212167 2.00302 3.42533</i>
                        <i>-0.887331 0.461134 0.000482534 -0.461134 -0.88733 -0.000684329 0.0001126 -0.000829739 1 0.00299516 2.00207 3.42534</i>
                        <i>-0.833289 -0.552837 -0.000700339 0.552837 -0.833289 -0.000776308 -0.000154413 -0.00103406 0.999999 0.00327535 2.00091 3.42534</i>
                        <i>0.0798622 -0.996805 -0.00146236 0.996806 0.0798617 0.000388437 -0.00027041 -0.00148871 0.999999 0.0025749 1.99938 3.42535</i>
                        <i>0.910676 -0.413121 -0.000690027 0.413122 0.910674 0.00177798 -0.000106133 -0.00190423 0.999998 0.00128083 1.99765 3.42535</i>
                        <i>0.802616 0.596495 0.000960722 -0.596495 0.802615 0.00158584 0.000174854 -0.00184589 0.999998 -2.14406e-005 1.99653 3.42535</i>
                        <i>-0.133054 0.991108 0.00120435 -0.991109 -0.133054 0.000121065 0.000280232 -0.00117753 0.999999 -0.00129182 1.99645 3.42536</i>
                        <i>-0.931534 0.363654 0.000212938 -0.363654 -0.931534 -0.000282428 9.56532e-005 -0.000340527 1 -0.00257117 1.99699 3.42536</i>
                        <i>-0.769421 -0.638742 -6.41735e-005 0.638742 -0.769421 0.000220033 -0.000189921 0.000128308 1 -0.0033944 1.99761 3.42536</i>
                        <i>0.185862 -0.982576 0.000272746 0.982576 0.185862 0.000233056 -0.000279688 0.000224677 1 -0.00349763 1.99836 3.42536</i>
                        <i>0.949525 -0.31369 0.000169623 0.313691 0.949525 -0.00025539 -8.0948e-005 0.000295708 1 -0.00314403 1.9992 3.42536</i>
                        <i>0.7347 0.678392 -0.00044027 -0.678392 0.7347 -0.000184816 0.000198089 0.00043446 1 -0.00265836 1.99948 3.42536</i>
                        <i>-0.236887 0.971537 -0.000371845 -0.971537 -0.236887 0.000367196 0.000268659 0.000448245 1 -0.00206174 1.99889 3.42536</i>
                        <i>-0.964468 0.264201 1.86291e-005 -0.264201 -0.964468 0.000173051 6.36874e-005 0.000161981 1 -0.00133605 1.99774 3.42535</i>
                        <i>-0.698711 -0.715404 -0.000425259 0.715404 -0.698711 -0.000138871 -0.000197784 -0.000401263 1 -0.00074435 1.99629 3.42534</i>
                        <i>0.287443 -0.957797 -0.000998348 0.957798 0.287443 0.00055752 -0.000247022 -0.00111647 0.999999 -0.00037944 1.99435 3.42533</i>
                        <i>0.977237 -0.212151 -0.000322205 0.212152 0.977235 0.00170252 -4.63224e-005 -0.00173213 0.999998 -0.000143992 1.99212 3.42531</i>
                        <i>0.65872 0.752387 0.0013463 -0.752389 0.658718 0.00142331 0.000184051 -0.00195051 0.999998 -1.4469e-005 1.99034 3.4253</i>
                        <i>-0.339392 0.940643 0.00179122 -0.940645 -0.339392 -0.000422511 0.000210492 -0.00182829 0.999998 9.40182e-006 1.98927 3.42528</i>
                        <i>-0.987364 0.158471 0.000293001 -0.158471 -0.987362 -0.0016488 2.80111e-005 -0.0016744 0.999999 -7.46475e-005 1.98867 3.42527</i>
                        <i>-0.616822 -0.787101 -0.00138836 0.787102 -0.616822 -0.000889185 -0.00015649 -0.00164125 0.999999 -0.000248958 1.98854 3.42525</i>
