<?xml version="1.0" encoding="ISO-8859-1" ?>
<Animl Version="1">
    <ModellingPackage>
        <![CDATA[Maya.2008]]>
</ModellingPackage>
    <SrcFile>
        <![CDATA[dlc2\units\air\mashup\anims\~src\p51_takeoff.mb]]>
</SrcFile>
    <FramesPerSecond>30</FramesPerSecond>
    <TotalFrames>121</TotalFrames>
    <Skeleton>
        <RefFrame>
            <Name>
                <![CDATA[p51_ref_frame]]>
</Name>
            <Exclude>0</Exclude>
            <Additive>0</Additive>
            <KeyFrames count="121">
                <i>1 0 0 0 1 0 0 0 1 0 0 0</i>
                <i>1 0 0 0 1 0 0 0 1 0 0 -4.65554e-005</i>
                <i>1 0 0 0 1 0 0 0 1 0 0 0.000857025</i>
                <i>1 0 0 0 1 0 0 0 1 0 0 0.00427561</i>
                <i>1 0 0 0 1 0 0 0 1 0 0 0.0117741</i>
                <i>1 0 0 0 1 0 0 0 1 0 0 0.0249173</i>
                <i>1 0 0 0 1 0 0 0 1 0 0 0.0452701</i>
                <i>1 0 0 0 1 0 0 0 1 0 0 0.0743974</i>
                <i>1 0 0 0 1 0 0 0 1 0 0 0.113864</i>
                <i>1 0 0 0 1 0 0 0 1 0 0 0.165235</i>
                <i>1 0 0 0 1 0 0 0 1 0 0 0.230075</i>
                <i>1 0 0 0 1 0 0 0 1 0 0 0.309949</i>
                <i>1 0 0 0 1 0 0 0 1 0 0 0.406422</i>
                <i>1 0 0 0 1 0 0 0 1 0 0 0.539811</i>
                <i>1 0 0 0 1 0 0 0 1 0 0 0.725963</i>
                <i>1 0 0 0 1 0 0 0 1 0 0 0.959732</i>
                <i>1 0 0 0 1 0 0 0 1 0 0 1.23597</i>
                <i>1 0 0 0 1 0 0 0 1 0 0 1.54954</i>
                <i>1 0 0 0 1 0 0 0 1 0 0 1.89529</i>
                <i>1 0 0 0 1 0 0 0 1 0 0 2.26043</i>
                <i>1 0 0 0 1 0 0 0 1 0 0 2.63726</i>
                <i>1 0 0 0 1 0 0 0 1 0 0 3.02821</i>
                <i>1 0 0 0 1 0 0 0 1 0 0 3.43576</i>
                <i>1 0 0 0 1 0 0 0 1 0 0 3.86235</i>
                <i>1 0 0 0 1 0 0 0 1 0 0 4.31044</i>
                <i>1 0 0 0 1 0 0 0 1 0 0 4.78249</i>
                <i>1 0 0 0 1 0 0 0 1 0 0 5.28095</i>
                <i>1 0 0 0 1 0 0 0 1 0 0 5.80828</i>
                <i>1 0 0 0 1 0 0 0 1 0 0 6.35678</i>
                <i>1 0 0 0 1 0 0 0 1 0 0 6.91743</i>
                <i>1 0 0 0 1 0 0 0 1 0 0 7.49067</i>
                <i>1 0 0 0 1 0 0 0 1 0 0 8.07694</i>
                <i>1 0 0 0 1 0 0 0 1 0 0 8.67668</i>
                <i>1 0 0 0 1 0 0 0 1 0 0 9.29034</i>
                <i>1 0 0 0 1 0 0 0 1 0 0 9.91837</i>
                <i>1 0 0 0 1 0 0 0 1 0 0 10.5612</i>
                <i>1 0 0 0 1 0 0 0 1 0 0 11.2193</i>
                <i>1 0 0 0 1 0 0 0 1 0 0 11.8931</i>
                <i>1 0 0 0 1 0 0 0 1 0 0 12.583</i>
                <i>1 0 0 0 1 0 0 0 1 0 0 13.2895</i>
                <i>1 0 0 0 1 0 0 0 1 0 0 14.0047</i>
                <i>1 0 0 0 1 0 0 0 1 0 0 14.7207</i>
                <i>1 0 0 0 1 0 0 0 1 0 0 15.4372</i>
                <i>1 0 0 0 1 0 0 0 1 0 0 16.1544</i>
                <i>1 0 0 0 1 0 0 0 1 0 0 16.8722</i>
                <i>1 0 0 0 1 0 0 0 1 0 0 17.5907</i>
                <i>1 0 0 0 1 0 0 0 1 0 0 18.3097</i>
                <i>1 0 0 0 1 0 0 0 1 0 0 19.0293</i>
                <i>1 0 0 0 1 0 0 0 1 0 0 19.7495</i>
                <i>1 0 0 0 1 0 0 0 1 0 0.000721436 20.4702</i>
                <i>1 0 0 0 1 0 0 0 1 0 0.00283679 21.1915</i>
                <i>1 0 0 0 1 0 0 0 1 0 0.00627261 21.9133</i>
                <i>1 0 0 0 1 0 0 0 1 0 0.0109555 22.6356</i>
                <i>1 0 0 0 1 0 0 0 1 0 0.0168119 23.3585</i>
                <i>1 0 0 0 1 0 0 0 1 0 0.0237685 24.0818</i>
                <i>1 0 0 0 1 0 0 0 1 0 0.0317518 24.8056</i>
                <i>1 0 0 0 1 0 0 0 1 0 0.0406883 25.5299</i>
                <i>1 0 0 0 1 0 0 0 1 0 0.0505046 26.2546</i>
                <i>1 0 0 0 1 0 0 0 1 0 0.0611274 26.9798</i>
                <i>1 0 0 0 1 0 0 0 1 0 0.072483 27.7055</i>
                <i>1 0 0 0 1 0 0 0 1 0 0.0844982 28.4315</i>
                <i>1 0 0 0 1 0 0 0 1 0 0.0970994 29.158</i>
                <i>1 0 0 0 1 0 0 0 1 0 0.110213 29.8848</i>
                <i>1 0 0 0 1 0 0 0 1 0 0.123766 30.6121</i>
                <i>1 0 0 0 1 0 0 0 1 0 0.137685 31.3397</i>
                <i>1 0 0 0 1 0 0 0 1 0 0.151896 32.0677</i>
                <i>1 0 0 0 1 0 0 0 1 0 0.166326 32.796</i>
                <i>1 0 0 0 1 0 0 0 1 0 0.180901 33.5246</i>
                <i>1 0 0 0 1 0 0 0 1 0 0.195548 34.2536</i>
                <i>1 0 0 0 1 0 0 0 1 0 0.210194 34.9829</i>
                <i>1 0 0 0 1 0 0 0 1 0 0.227088 35.7125</i>
                <i>1 0 0 0 1 0 0 0 1 0 0.248862 36.4423</i>
                <i>1 0 0 0 1 0 0 0 1 0 0.276016 37.1725</i>
                <i>1 0 0 0 1 0 0 0 1 0 0.309049 37.9029</i>
                <i>1 0 0 0 1 0 0 0 1 0 0.348461 38.6335</i>
                <i>1 0 0 0 1 0 0 0 1 0 0.394752 39.3644</i>
                <i>1 0 0 0 1 0 0 0 1 0 0.448709 40.0955</i>
                <i>1 0 0 0 1 0 0 0 1 0 0.51009 40.8269</i>
                <i>1 0 0 0 1 0 0 0 1 0 0.57785 41.5584</i>
                <i>1 0 0 0 1 0 0 0 1 0 0.650944 42.2901</i>
                <i>1 0 0 0 1 0 0 0 1 0 0.728327 43.0219</i>
                <i>1 0 0 0 1 0 0 0 1 0 0.808953 43.754</i>
                <i>1 0 0 0 1 0 0 0 1 0 0.900953 44.4862</i>
                <i>1 0 0 0 1 0 0 0 1 0 1.01011 45.2185</i>
                <i>1 0 0 0 1 0 0 0 1 0 1.13185 45.9509</i>
                <i>1 0 0 0 1 0 0 0 1 0 1.26536 46.6835</i>
                <i>1 0 0 0 1 0 0 0 1 0 1.41145 47.4162</i>
                <i>1 0 0 0 1 0 0 0 1 0 1.56807 48.1489</i>
                <i>1 0 0 0 1 0 0 0 1 0 1.7292 48.8817</i>
                <i>1 0 0 0 1 0 0 0 1 0 1.90087 49.6146</i>
                <i>1 0 0 0 1 0 0 0 1 0 2.09906 50.3475</i>
                <i>1 0 0 0 1 0 0 0 1 0 2.31908 51.0805</i>
                <i>1 0 0 0 1 0 0 0 1 0 2.54562 51.8135</i>
                <i>1 0 0 0 1 0 0 0 1 0 2.7788 52.5465</i>
                <i>1 0 0 0 1 0 0 0 1 0 3.01872 53.2795</i>
                <i>1 0 0 0 1 0 0 0 1 0 3.26547 54.0125</i>
                <i>1 0 0 0 1 0 0 0 1 0 3.51916 54.7455</i>
                <i>1 0 0 0 1 0 0 0 1 0 3.794 55.4784</i>
                <i>1 0 0 0 1 0 0 0 1 0 4.0962 56.2113</i>
                <i>1 0 0 0 1 0 0 0 1 0 4.41383 56.9441</i>
                <i>1 0 0 0 1 0 0 0 1 0 4.74353 57.6768</i>
                <i>1 0 0 0 1 0 0 0 1 0 5.08868 58.4095</i>
                <i>1 0 0 0 1 0 0 0 1 0 5.44747 59.1421</i>
                <i>1 0 0 0 1 0 0 0 1 0 5.81907 59.8745</i>
                <i>1 0 0 0 1 0 0 0 1 0 6.20431 60.6068</i>
                <i>1 0 0 0 1 0 0 0 1 0 6.60398 61.339</i>
                <i>1 0 0 0 1 0 0 0 1 0 7.01866 62.071</i>
                <i>1 0 0 0 1 0 0 0 1 0 7.44776 62.8029</i>
                <i>1 0 0 0 1 0 0 0 1 0 7.89028 63.5346</i>
                <i>1 0 0 0 1 0 0 0 1 0 8.34606 64.2661</i>
                <i>1 0 0 0 1 0 0 0 1 0 8.81524 64.9975</i>
                <i>1 0 0 0 1 0 0 0 1 0 9.29725 65.7286</i>
                <i>1 0 0 0 1 0 0 0 1 0 9.79218 66.4595</i>
                <i>1 0 0 0 1 0 0 0 1 0 10.2999 67.1901</i>
                <i>1 0 0 0 1 0 0 0 1 0 10.8197 67.9205</i>
                <i>1 0 0 0 1 0 0 0 1 0 11.3517 68.6507</i>
                <i>1 0 0 0 1 0 0 0 1 0 11.8957 69.3805</i>
                <i>1 0 0 0 1 0 0 0 1 0 12.4498 70.1101</i>
                <i>1 0 0 0 1 0 0 0 1 0 13.0169 70.8394</i>
                <i>1 0 0 0 1 0 0 0 1 0 13.5941 71.5684</i>
                <i>1 0 0 0 1 0 0 0 1 0 14.1713 72.297</i>
            </KeyFrames>
        </RefFrame>
        <Bones count="10">
            <i>
                <p>
                    <Name>
                        <![CDATA[p51_root]]>
</Name>
                    <Exclude>0</Exclude>
                    <Additive>0</Additive>
                    <KeyFrames count="121">
                        <i>1 9.69163e-005 -1.69407e-021 -9.25068e-005 0.954501 -0.298207 -2.89011e-005 0.298207 0.954501 0 1.88206 0</i>
                        <i>0.999993 0.00185793 -0.00318287 -0.00272345 0.954391 -0.298547 0.00248302 0.298554 0.95439 0 1.88139 -0.000121943</i>
                        <i>0.999984 0.00282854 -0.00494052 -0.00417587 0.954284 -0.298871 0.0038693 0.298887 0.954281 0 1.87949 -0.000450156</i>
                        <i>0.999993 0.00186803 -0.00320717 -0.00274205 0.954187 -0.299199 0.00250132 0.299205 0.954185 0 1.88005 -0.000928168</i>
                        <i>1 0.000205416 -0.000196798 -0.000254933 0.954083 -0.299542 0.000126231 0.299542 0.954083 0 1.88058 0.0063745</i>
                        <i>0.999998 -0.000975659 0.00194948 0.00151543 0.953965 -0.299915 -0.00156712 0.299917 0.953964 0 1.88109 0.018857</i>
                        <i>0.999999 -0.000589174 0.00125017 0.000937446 0.953832 -0.300338 -0.0010155 0.300339 0.953832 0 1.88159 0.0383664</i>
                        <i>1 9.69163e-005 -1.69407e-021 -9.24222e-005 0.953628 -0.300987 -2.91705e-005 0.300987 0.953628 0 1.88209 0.0667497</i>
                        <i>1 -8.76858e-005 0.0003383 0.000185685 0.953383 -0.301764 -0.000296068 0.301764 0.953383 0 1.88259 0.105854</i>
                        <i>0.999999 -0.00048658 0.00107125 0.000787629 0.953222 -0.302271 -0.000874061 0.302272 0.953221 0 1.88312 0.157526</i>
                        <i>0.999999 -0.000706835 0.00147666 0.00112048 0.953132 -0.302551 -0.0011936 0.302552 0.953132 0 1.88368 0.223614</i>
                        <i>0.999999 -0.000573455 0.0012309 0.000919001 0.953129 -0.302562 -0.000999704 0.302562 0.953129 0 1.88428 0.305963</i>
                        <i>1 -0.000261476 0.000656715 0.000447467 0.953378 -0.301777 -0.000547191 0.301777 0.953378 0 1.88493 0.406422</i>
                        <i>1 9.69163e-005 0 -9.24308e-005 0.953717 -0.300704 -2.91431e-005 0.300704 0.953717 0 1.88565 0.582958</i>
                        <i>1 0.000538858 -0.000802333 -0.00075476 0.953928 -0.300035 0.000603691 0.300035 0.953928 0 1.88643 0.789381</i>
                        <i>0.999998 0.00106819 -0.00175148 -0.00154376 0.954088 -0.299524 0.00135111 0.299526 0.954087 0 1.8873 1.02473</i>
                        <i>0.999996 0.00150243 -0.00251664 -0.00218602 0.954275 -0.298923 0.00195245 0.298928 0.954274 0 1.88826 1.28801</i>
                        <i>0.999995 0.00165866 -0.00277577 -0.00241047 0.954566 -0.297989 0.0021554 0.297994 0.954565 0 1.88932 1.57845</i>
                        <i>0.999998 0.00116709 -0.00188749 -0.00167421 0.95504 -0.296472 0.00145662 0.296475 0.95504 0 1.89049 1.89529</i>
                        <i>1 0.000287711 -0.000333831 -0.000373173 0.955766 -0.294126 0.000234441 0.294126 0.955766 0 1.89179 2.23776</i>
                        <i>1 -0.000216632 0.000544089 0.000365444 0.956814 -0.290701 -0.000457616 0.290701 0.956814 0 1.90401 2.60509</i>
                        <i>1 0.000146785 -8.57996e-005 -0.00016519 0.958246 -0.285946 4.02445e-005 0.285946 0.958246 0 1.9028 2.99652</i>
                        <i>0.999999 0.000887179 -0.00134775 -0.00122936 0.95992 -0.280273 0.00104508 0.280274 0.959919 0 1.90838 3.41128</i>
                        <i>0.999997 0.0012922 -0.00202017 -0.00179674 0.961648 -0.274281 0.00158827 0.274284 0.961648 0 1.90859 3.84862</i>
                        <i>0.999999 0.000899057 -0.00134326 -0.00122616 0.963419 -0.267996 0.00105318 0.267998 0.963419 0 1.91999 4.30775</i>
                        <i>1 0.000168708 -0.000119092 -0.000193976 0.965218 -0.261445 7.08424e-005 0.261445 0.965218 0 1.93233 4.78791</i>
                        <i>1 -0.000225654 0.000529981 0.000353176 0.967033 -0.254652 -0.000455046 0.254653 0.967032 0 1.94524 5.28834</i>
                        <i>1 0.000508261 -0.000669257 -0.000658168 0.96885 -0.247647 0.00052254 0.247647 0.96885 0 1.95831 5.80828</i>
                        <i>0.999997 0.0012892 -0.00192067 -0.00171321 0.970659 -0.240453 0.00155433 0.240456 0.970659 0 1.97117 6.34695</i>
                        <i>0.999999 0.000723602 -0.000999446 -0.000936641 0.972452 -0.233101 0.00080324 0.233102 0.972452 0 1.98341 6.90359</i>
                        <i>1 0.00013751 -6.40857e-005 -0.000148424 0.974216 -0.225617 3.14086e-005 0.225617 0.974216 0 1.99465 7.47742</i>
                        <i>1 0.000336895 -0.00037499 -0.000410548 0.975942 -0.218028 0.000292516 0.218028 0.975942 0 1.99347 8.0677</i>
                        <i>0.999999 0.00073482 -0.000986559 -0.000925912 0.977623 -0.210362 0.000809904 0.210363 0.977623 0 1.99924 8.67364</i>
                        <i>0.999998 0.00118499 -0.00166544 -0.00149791 0.979251 -0.202648 0.00139075 0.20265 0.97925 0 1.99961 9.29448</i>
                        <i>0.999996 0.00154077 -0.00218718 -0.00193754 0.980819 -0.194913 0.00184491 0.194916 0.980818 0 1.98172 9.92945</i>
                        <i>0.999996 0.00165518 -0.00233612 -0.00206321 0.982322 -0.187186 0.00198499 0.18719 0.982322 0 1.99461 10.5778</i>
                        <i>0.999997 0.00131985 -0.00181454 -0.00162412 0.983757 -0.179497 0.00154816 0.179499 0.983757 0 1.99366 11.2387</i>
                        <i>0.999999 0.000647354 -0.000808362 -0.000776657 0.985119 -0.171873 0.00068507 0.171874 0.985119 0 1.99965 11.9115</i>
                        <i>1 -2.759e-005 0.00018099 5.69594e-005 0.986403 -0.164343 -0.000173995 0.164343 0.986403 0 2.00017 12.5953</i>
                        <i>1 -0.000369544 0.000671258 0.000470311 0.987608 -0.156937 -0.000604945 0.156938 0.987608 0 1.9825 13.2895</i>
                        <i>1 -0.000177472 0.00039094 0.00023399 0.988734 -0.149684 -0.000359971 0.149684 0.988734 0 1.99535 13.9931</i>
                        <i>1 0.000333328 -0.000333547 -0.000377489 0.989779 -0.142613 0.0002826 0.142613 0.989779 0 1.99441 14.7055</i>
                        <i>0.999999 0.000873868 -0.00108569 -0.00101316 0.990742 -0.135752 0.000957009 0.135753 0.990742 0 2.00026 15.426</i>
                        <i>0.999998 0.00115461 -0.00146418 -0.00133402 0.991627 -0.129132 0.00130282 0.129134 0.991626 0 2.00064 16.1536</i>
                        <i>0.999999 0.00107252 -0.00133827 -0.00122872 0.992433 -0.122782 0.00119646 0.122783 0.992433 0 1.99821 16.889</i>
                        <i>0.999999 0.000801538 -0.000958056 -0.000907893 0.993163 -0.11673 0.000857942 0.116731 0.993163 0 1.9955 17.6275</i>
                        <i>1 0.000467368 -0.000499426 -0.000520563 0.993658 -0.112447 0.000443704 0.112448 0.993658 0 1.9943 18.3722</i>
                        <i>1 0.000195925 -0.000132395 -0.000209385 0.993846 -0.110773 0.000109877 0.110773 0.993846 0 1.99965 19.121</i>
                        <i>1 0.000113299 -2.17374e-005 -0.00011501 0.993844 -0.110789 9.05137e-006 0.110789 0.993844 0 1.99961 19.8733</i>
                        <i>1 0.000395099 -0.000392758 -0.000436454 0.993756 -0.111574 0.000346223 0.111574 0.993756 0 1.98319 20.6281</i>
                        <i>0.999999 0.00093851 -0.00110093 -0.00105612 0.993684 -0.112208 0.000988668 0.112209 0.993684 0 1.99763 21.3848</i>
                        <i>0.999997 0.00145312 -0.00172129 -0.0016364 0.993733 -0.111771 0.00154809 0.111773 0.993733 0 2.00066 22.1426</i>
                        <i>0.999997 0.00164719 -0.00186522 -0.00184183 0.993965 -0.109678 0.00167331 0.109682 0.993965 0 2.01162 22.9007</i>
                        <i>0.999998 0.00139453 -0.00150488 -0.00154753 0.99426 -0.106982 0.00134705 0.106984 0.99426 0 2.01882 23.6583</i>
                        <i>0.999999 0.000881142 -0.000902232 -0.000971184 0.994449 -0.10522 0.00080451 0.10522 0.994449 0 2.0106 24.4147</i>
                        <i>1 0.00027995 -0.000210776 -0.000300491 0.994497 -0.104764 0.000180287 0.104764 0.994497 0 2.03135 25.1691</i>
                        <i>1 -0.000237023 0.000387103 0.000276284 0.994494 -0.104794 -0.000360133 0.104794 0.994494 0 2.04042 25.9207</i>
                        <i>1 -0.000498136 0.000695952 0.000568495 0.994466 -0.105057 -0.000639768 0.105058 0.994466 0 2.05636 26.6688</i>
                        <i>1 -0.000155595 0.000297674 0.000186076 0.99444 -0.105302 -0.000279635 0.105302 0.99444 0 2.06798 27.4127</i>
                        <i>1 0.000578953 -0.000570368 -0.000635781 0.994443 -0.105274 0.00050625 0.105275 0.994443 0 2.06412 28.1514</i>
                        <i>0.999999 0.00103933 -0.00107577 -0.00114628 0.994501 -0.104722 0.000961011 0.104723 0.994501 0 2.08722 28.8843</i>
                        <i>0.999999 0.000823609 -0.000787912 -0.000899991 0.994739 -0.102442 0.000699394 0.102443 0.994739 0 2.09847 29.6139</i>
                        <i>1 0.000330711 -0.000240161 -0.000352877 0.99508 -0.0990729 0.000206215 0.099073 0.99508 0 2.11588 30.3432</i>
                        <i>1 9.69163e-005 0 -9.64581e-005 0.995272 -0.0971279 -9.41328e-006 0.0971279 0.995272 0 2.12914 31.0722</i>
                        <i>1 0.000296457 -0.000203836 -0.00031494 0.995223 -0.0976266 0.00017392 0.0976267 0.995223 0 2.12807 31.801</i>
                        <i>1 0.000666697 -0.000600753 -0.000723191 0.995032 -0.0995501 0.000531399 0.0995505 0.995032 0 2.15337 32.5295</i>
                        <i>0.999999 0.00109081 -0.00109215 -0.00119687 0.994747 -0.102355 0.000974759 0.102356 0.994747 0 2.16856 33.2577</i>
                        <i>0.999998 0.00145191 -0.00157785 -0.00161156 0.994322 -0.106403 0.00141441 0.106405 0.994322 0 2.18796 33.9831</i>
                        <i>0.999997 0.00163488 -0.00189523 -0.00183572 0.993782 -0.11133 0.00170144 0.111333 0.993782 0 2.20484 34.7083</i>
                        <i>0.999997 0.00159588 -0.00200458 -0.00181674 0.993305 -0.115506 0.00180683 0.115509 0.993305 0 2.20981 35.4332</i>
                        <i>0.999997 0.00141944 -0.00188227 -0.00163224 0.99297 -0.118353 0.00170104 0.118356 0.99297 0 2.24012 36.158</i>
                        <i>0.999998 0.00117788 -0.00156157 -0.0013574 0.992718 -0.120451 0.00140832 0.120453 0.992718 0 2.26145 36.8825</i>
                        <i>0.999999 0.000937984 -0.00122353 -0.00108014 0.992541 -0.121904 0.00110006 0.121905 0.992541 0 2.29092 37.6069</i>
                        <i>0.999999 0.000768909 -0.000980052 -0.000883074 0.992482 -0.122386 0.00087858 0.122387 0.992482 0 2.32064 38.3311</i>
                        <i>0.999999 0.000739958 -0.000939161 -0.0008492 0.992502 -0.122225 0.000841678 0.122225 0.992502 0 2.34305 39.0551</i>
                        <i>0.999999 0.00103579 -0.00137618 -0.00119658 0.992468 -0.122502 0.00123893 0.122503 0.992467 0 2.39437 39.779</i>
                        <i>0.999996 0.00159123 -0.00221022 -0.00185126 0.992389 -0.123128 0.00199748 0.123131 0.992388 0 2.44325 40.5027</i>
                        <i>0.999993 0.00210071 -0.00301636 -0.00245907 0.992255 -0.124192 0.00273211 0.124199 0.992254 0 2.50398 41.2262</i>
                        <i>0.999992 0.00225934 -0.00335185 -0.00266689 0.991893 -0.127048 0.00303763 0.127056 0.991891 0 2.56861 41.9496</i>
                        <i>0.999993 0.00199525 -0.00305781 -0.00237952 0.991338 -0.131314 0.00276932 0.13132 0.991336 0 2.6296 42.6729</i>
                        <i>0.999996 0.00151332 -0.00238004 -0.0018223 0.990748 -0.135701 0.00215266 0.135705 0.990747 0 2.71899 43.396</i>
                        <i>0.999999 0.000925002 -0.00145029 -0.00111919 0.990124 -0.140193 0.00130629 0.140195 0.990123 0 2.80857 44.119</i>
                        <i>1 0.000340117 -0.000441758 -0.00040049 0.989464 -0.144776 0.000387862 0.144777 0.989464 0 2.91184 44.8419</i>
                        <i>1 -0.000133423 0.000430238 0.000196218 0.988772 -0.149435 -0.000405469 0.149435 0.988771 0 3.02168 45.5647</i>
                        <i>1 -0.000389162 0.000922064 0.000526651 0.988047 -0.154154 -0.000851051 0.154155 0.988046 0 3.13147 46.2874</i>
                        <i>1 -0.000217514 0.000600023 0.000310105 0.987291 -0.15892 -0.00055783 0.15892 0.987291 0 3.26959 47.01</i>
                        <i>1 0.000304786 -0.000397878 -0.000365813 0.986507 -0.163717 0.000342611 0.163717 0.986507 0 3.41103 47.7325</i>
                        <i>0.999999 0.000854501 -0.00145956 -0.00108826 0.985696 -0.16853 0.00129468 0.168531 0.985696 0 3.56768 48.455</i>
                        <i>0.999997 0.00110805 -0.00198 -0.0014345 0.98486 -0.173344 0.00175795 0.173346 0.984859 0 3.73328 49.1773</i>
                        <i>0.999998 0.000861876 -0.00153777 -0.00112204 0.984003 -0.178146 0.00135963 0.178147 0.984003 0 3.9021 49.8996</i>
                        <i>1 0.000330576 -0.00048447 -0.000413618 0.983128 -0.18292 0.000415827 0.18292 0.983128 0 4.09867 50.6219</i>
                        <i>1 -0.000183425 0.00060103 0.000292951 0.982236 -0.187652 -0.000555933 0.187652 0.982235 0 4.30132 51.3441</i>
                        <i>0.999999 -0.000381803 0.00106185 0.000578899 0.981331 -0.192327 -0.000968598 0.192327 0.98133 0 4.52022 52.0662</i>
                        <i>1 -0.00013204 0.000524794 0.000232803 0.980417 -0.196931 -0.000488514 0.196931 0.980417 0 4.74996 52.7884</i>
                        <i>1 0.000374983 -0.00065678 -0.000499603 0.979499 -0.201449 0.000567775 0.201449 0.979499 0 4.98577 53.5105</i>
                        <i>0.999997 0.000951356 -0.00207078 -0.00135729 0.978579 -0.205867 0.00183057 0.205869 0.978578 0 5.24811 54.2325</i>
                        <i>0.999994 0.00141236 -0.00325276 -0.00206446 0.977663 -0.21017 0.00288327 0.210175 0.977659 0 5.51877 54.9546</i>
                        <i>0.999992 0.00157564 -0.00370239 -0.00232963 0.976951 -0.213453 0.00328073 0.213459 0.976946 0 5.80612 55.6766</i>
                        <i>0.999996 0.00118158 -0.00273112 -0.00174208 0.97653 -0.215376 0.00241254 0.21538 0.976527 0 6.10564 56.3987</i>
                        <i>1 0.00037542 -0.000702299 -0.000518735 0.976221 -0.216777 0.000604217 0.216777 0.976221 0 6.41345 57.1208</i>
                        <i>0.999999 -0.000418333 0.00129922 0.000690357 0.97616 -0.21705 -0.00117745 0.217051 0.97616 0 6.7459 57.8428</i>
                        <i>0.999997 -0.000774458 0.00219941 0.00123287 0.976215 -0.2168 -0.0019792 0.216802 0.976214 0 7.08827 58.5649</i>
                        <i>0.999998 -0.000641303 0.00187202 0.00103515 0.975797 -0.218675 -0.00168647 0.218677 0.975796 0 7.44709 59.287</i>
                        <i>0.999999 -0.00030486 0.00102995 0.000527718 0.974614 -0.223891 -0.000935549 0.223892 0.974614 0 7.8187 60.0092</i>
                        <i>1 0.000153259 -0.000147456 -0.0001832 0.972902 -0.231219 0.000108024 0.231219 0.972902 0 8.20013 60.7314</i>
                        <i>0.999999 0.000650624 -0.00149167 -0.000989119 0.970863 -0.239631 0.0012923 0.239633 0.970863 0 8.60359 61.4536</i>
                        <i>0.999995 0.00110644 -0.00280758 -0.00177215 0.968352 -0.249583 0.00244257 0.249587 0.968349 0 9.01783 62.1759</i>
                        <i>0.999992 0.00144291 -0.00385653 -0.00239808 0.965444 -0.2606 0.00334724 0.260607 0.965439 0 9.44752 62.8983</i>
                        <i>0.999989 0.00158502 -0.00436376 -0.00270553 0.962775 -0.270291 0.0037729 0.2703 0.962769 0 9.88989 63.6207</i>
                        <i>0.999995 0.00105489 -0.00285971 -0.00180738 0.960686 -0.277633 0.00245441 0.277636 0.960683 0 10.3428 64.3432</i>
                        <i>1 5.09106e-005 0.000139644 -9.20649e-006 0.958922 -0.28367 -0.00014835 0.28367 0.958922 0 10.8144 65.0657</i>
                        <i>0.999998 -0.000495303 0.00182601 0.0010021 0.95729 -0.289127 -0.00160482 0.289129 0.957289 0 11.2969 65.7884</i>
                        <i>1 -8.36863e-006 0.000329478 0.00010502 0.95566 -0.294473 -0.000312405 0.294473 0.95566 0 11.793 66.5111</i>
                        <i>0.999996 0.000924733 -0.00262735 -0.00166966 0.954031 -0.299704 0.00222942 0.299707 0.954029 0 12.3009 67.234</i>
                        <i>0.999989 0.00149069 -0.0044837 -0.00278658 0.952399 -0.304841 0.00381584 0.30485 0.952393 0 12.8193 67.9569</i>
                        <i>0.999995 0.000994911 -0.00292668 -0.00185294 0.950764 -0.30991 0.00247425 0.309914 0.950761 0 13.3522 68.68</i>
                        <i>1 9.69163e-005 0 -9.19848e-005 0.949115 -0.314929 -3.05217e-005 0.314929 0.949115 0 13.8952 69.4031</i>
                        <i>1 9.69163e-005 0 -9.1823e-005 0.947446 -0.319916 -3.10051e-005 0.319916 0.947446 0 14.4494 70.1264</i>
                        <i>1 9.69163e-005 0 -9.16586e-005 0.94575 -0.324895 -3.14876e-005 0.324895 0.94575 0 15.0136 70.8498</i>
                        <i>1 9.69163e-005 3.38813e-021 -9.1491e-005 0.944021 -0.329885 -3.19713e-005 0.329885 0.944021 0 15.5874 71.5733</i>
                        <i>1 9.69163e-005 -3.38813e-021 -9.13195e-005 0.942251 -0.334908 -3.24581e-005 0.334908 0.942251 0 16.1709 72.297</i>
                    </KeyFrames>
                </p>
            </i>
            <i>
                <p>
                    <Name>
                        <![CDATA[l_gear]]>
</Name>
                    <Exclude>0</Exclude>
                    <Additive>0</Additive>
                    <KeyFrames count="121">
                        <i>1 9.69163e-005 -1.69407e-021 -9.25068e-005 0.954501 -0.298207 -2.89011e-005 0.298207 0.954501 2.09764 1.57392 0.584065</i>
                        <i>0.999993 0.00185793 -0.00318287 -0.00272345 0.954391 -0.298547 0.00248302 0.298554 0.95439 2.10003 1.57716 0.577375</i>
                        <i>0.999984 0.00282854 -0.00494052 -0.00417587 0.954284 -0.298871 0.0038693 0.298887 0.954281 2.10133 1.57751 0.57346</i>
                        <i>0.999993 0.00186803 -0.00320717 -0.00274205 0.954187 -0.299199 0.00250132 0.299205 0.954185 2.10004 1.57625 0.576728</i>
                        <i>1 0.000205416 -0.000196798 -0.000254933 0.954083 -0.299542 0.000126231 0.299542 0.954083 2.09779 1.57349 0.590458</i>
                        <i>0.999998 -0.000975659 0.00194948 0.00151543 0.953965 -0.299915 -0.00156712 0.299917 0.953964 2.09616 1.57176 0.607562</i>
                        <i>0.999999 -0.000589174 0.00125017 0.000937446 0.953832 -0.300338 -0.0010155 0.300339 0.953832 2.0967 1.57332 0.625741</i>
                        <i>1 9.69163e-005 -1.69407e-021 -9.24222e-005 0.953628 -0.300987 -2.91705e-005 0.300987 0.953628 2.09764 1.57566 0.651711</i>
                        <i>1 -8.76858e-005 0.0003383 0.000185685 0.953383 -0.301764 -0.000296068 0.301764 0.953383 2.09738 1.57625 0.691775</i>
                        <i>0.999999 -0.00048658 0.00107125 0.000787629 0.953222 -0.302271 -0.000874061 0.302272 0.953221 2.09683 1.57626 0.745147</i>
                        <i>0.999999 -0.000706835 0.00147666 0.00112048 0.953132 -0.302551 -0.0011936 0.302552 0.953132 2.09653 1.57653 0.812174</i>
                        <i>0.999999 -0.000573455 0.0012309 0.000919001 0.953129 -0.302562 -0.000999704 0.302562 0.953129 2.09671 1.57741 0.894012</i>
                        <i>1 -0.000261476 0.000656715 0.000447467 0.953378 -0.301777 -0.000547191 0.301777 0.953378 2.09714 1.57824 0.993014</i>
                        <i>1 9.69163e-005 0 -9.24308e-005 0.953717 -0.300704 -2.91431e-005 0.300704 0.953717 2.09764 1.57905 1.16783</i>
                        <i>1 0.000538858 -0.000802333 -0.00075476 0.953928 -0.300035 0.000603691 0.300035 0.953928 2.09824 1.58035 1.37235</i>
                        <i>0.999998 0.00106819 -0.00175148 -0.00154376 0.954088 -0.299524 0.00135111 0.299526 0.954087 2.09896 1.58201 1.60555</i>
                        <i>0.999996 0.00150243 -0.00251664 -0.00218602 0.954275 -0.298923 0.00195245 0.298928 0.954274 2.09953 1.58352 1.86703</i>
                        <i>0.999995 0.00165866 -0.00277577 -0.00241047 0.954566 -0.297989 0.0021554 0.297994 0.954565 2.09973 1.58433 2.15662</i>
                        <i>0.999998 0.00116709 -0.00188749 -0.00167421 0.95504 -0.296472 0.00145662 0.296475 0.95504 2.09907 1.58355 2.47483</i>
                        <i>1 0.000287711 -0.000333831 -0.000373173 0.955766 -0.294126 0.000234441 0.294126 0.955766 2.09789 1.58157 2.8198</i>
                        <i>1 -0.000216632 0.000544089 0.000365444 0.956814 -0.290701 -0.000457616 0.290701 0.956814 2.09722 1.59064 3.18786</i>
                        <i>1 0.000146785 -8.57996e-005 -0.00016519 0.958246 -0.285946 4.02445e-005 0.285946 0.958246 2.09771 1.58731 3.57641</i>
                        <i>0.999999 0.000887179 -0.00134775 -0.00122936 0.95992 -0.280273 0.00104508 0.280274 0.959919 2.09867 1.59102 3.98664</i>
                        <i>0.999997 0.0012922 -0.00202017 -0.00179674 0.961648 -0.274281 0.00158827 0.274284 0.961648 2.09918 1.58848 4.42056</i>
                        <i>0.999999 0.000899057 -0.00134326 -0.00122616 0.963419 -0.267996 0.00105318 0.267998 0.963419 2.09867 1.59529 4.87899</i>
                        <i>1 0.000168708 -0.000119092 -0.000193976 0.965218 -0.261445 7.08424e-005 0.261445 0.965218 2.09773 1.60221 5.3595</i>
                        <i>1 -0.000225654 0.000529981 0.000353176 0.967033 -0.254652 -0.000455046 0.254653 0.967032 2.09723 1.61028 5.85895</i>
                        <i>1 0.000508261 -0.000669257 -0.000658168 0.96885 -0.247647 0.00052254 0.247647 0.96885 2.09816 1.62078 6.37394</i>
                        <i>0.999997 0.0012892 -0.00192067 -0.00171321 0.970659 -0.240453 0.00155433 0.240456 0.970659 2.09913 1.63108 6.90745</i>
                        <i>0.999999 0.000723602 -0.000999446 -0.000936641 0.972452 -0.233101 0.00080324 0.233102 0.972452 2.09842 1.63788 7.46341</i>
                        <i>1 0.00013751 -6.40857e-005 -0.000148424 0.974216 -0.225617 3.14086e-005 0.225617 0.974216 2.09769 1.64358 8.03653</i>
                        <i>1 0.000336895 -0.00037499 -0.000410548 0.975942 -0.218028 0.000292516 0.218028 0.975942 2.09794 1.63847 8.6234</i>
                        <i>0.999999 0.00073482 -0.000986559 -0.000925912 0.977623 -0.210362 0.000809904 0.210363 0.977623 2.09842 1.64072 9.22525</i>
                        <i>0.999998 0.00118499 -0.00166544 -0.00149791 0.979251 -0.202648 0.00139075 0.20265 0.97925 2.09895 1.63768 9.8418</i>
                        <i>0.999996 0.00154077 -0.00218718 -0.00193754 0.980819 -0.194913 0.00184491 0.194916 0.980818 2.09937 1.6162 10.4728</i>
                        <i>0.999996 0.00165518 -0.00233612 -0.00206321 0.982322 -0.187186 0.00198499 0.18719 0.982322 2.09949 1.62503 11.1179</i>
                        <i>0.999997 0.00131985 -0.00181454 -0.00162412 0.983757 -0.179497 0.00154816 0.179499 0.983757 2.09909 1.61913 11.777</i>
                        <i>0.999999 0.000647354 -0.000808362 -0.000776657 0.985119 -0.171873 0.00068507 0.171874 0.985119 2.09829 1.61952 12.4489</i>
                        <i>1 -2.759e-005 0.00018099 5.69594e-005 0.986403 -0.164343 -0.000173995 0.164343 0.986403 2.0975 1.61452 13.1319</i>
                        <i>1 -0.000369544 0.000671258 0.000470311 0.987608 -0.156937 -0.000604945 0.156938 0.987608 2.09711 1.59211 13.8242</i>
                        <i>1 -0.000177472 0.00039094 0.00023399 0.988734 -0.149684 -0.000359971 0.149684 0.988734 2.09733 1.60146 14.5244</i>
                        <i>1 0.000333328 -0.000333547 -0.000377489 0.989779 -0.142613 0.0002826 0.142613 0.989779 2.09792 1.59781 15.2324</i>
                        <i>0.999999 0.000873868 -0.00108569 -0.00101316 0.990742 -0.135752 0.000957009 0.135753 0.990742 2.09853 1.60115 15.9485</i>
                        <i>0.999998 0.00115461 -0.00146418 -0.00133402 0.991627 -0.129132 0.00130282 0.129134 0.991626 2.09884 1.59862 16.6727</i>
                        <i>0.999999 0.00107252 -0.00133827 -0.00122872 0.992433 -0.122782 0.00119646 0.122783 0.992433 2.09874 1.59268 17.4057</i>
                        <i>0.999999 0.000801538 -0.000958056 -0.000907893 0.993163 -0.11673 0.000857942 0.116731 0.993163 2.09843 1.58625 18.1425</i>
                        <i>1 0.000467368 -0.000499426 -0.000520563 0.993658 -0.112447 0.000443704 0.112448 0.993658 2.09806 1.58212 18.8864</i>
                        <i>1 0.000195925 -0.000132395 -0.000209385 0.993846 -0.110773 0.000109877 0.110773 0.993846 2.09776 1.58604 19.6353</i>
                        <i>1 0.000113299 -2.17374e-005 -0.00011501 0.993844 -0.110789 9.05137e-006 0.110789 0.993844 2.09767 1.58583 20.3878</i>
                        <i>1 0.000395099 -0.000392758 -0.000436454 0.993756 -0.111574 0.000346223 0.111574 0.993756 2.09797 1.57041 21.1422</i>
                        <i>0.999999 0.00093851 -0.00110093 -0.00105612 0.993684 -0.112208 0.000988668 0.112209 0.993684 2.09856 1.58632 21.8977</i>
                        <i>0.999997 0.00145312 -0.00172129 -0.0016364 0.993733 -0.111771 0.00154809 0.111773 0.993733 2.09909 1.5902 22.654</i>
                        <i>0.999997 0.00164719 -0.00186522 -0.00184183 0.993965 -0.109678 0.00167331 0.109682 0.993965 2.09924 1.60048 23.4109</i>
                        <i>0.999998 0.00139453 -0.00150488 -0.00154753 0.99426 -0.106982 0.00134705 0.106984 0.99426 2.09896 1.60577 24.1681</i>
                        <i>0.999999 0.000881142 -0.000902232 -0.000971184 0.994449 -0.10522 0.00080451 0.10522 0.994449 2.09844 1.59556 24.9251</i>
                        <i>1 0.00027995 -0.000210776 -0.000300491 0.994497 -0.104764 0.000180287 0.104764 0.994497 2.09783 1.61481 25.6807</i>
                        <i>1 -0.000237023 0.000387103 0.000276284 0.994494 -0.104794 -0.000360133 0.104794 0.994494 2.09731 1.62281 26.4336</i>
                        <i>1 -0.000498136 0.000695952 0.000568495 0.994466 -0.105057 -0.000639768 0.105058 0.994466 2.09704 1.63834 27.1825</i>
                        <i>1 -0.000155595 0.000297674 0.000186076 0.99444 -0.105302 -0.000279635 0.105302 0.99444 2.09739 1.65081 27.9256</i>
                        <i>1 0.000578953 -0.000570368 -0.000635781 0.994443 -0.105274 0.00050625 0.105275 0.994443 2.09814 1.64847 28.6625</i>
                        <i>0.999999 0.00103933 -0.00107577 -0.00114628 0.994501 -0.104722 0.000961011 0.104723 0.994501 2.09859 1.67225 29.3941</i>
                        <i>0.999999 0.000823609 -0.000787912 -0.000899991 0.994739 -0.102442 0.000699394 0.102443 0.994739 2.09835 1.68188 30.1233</i>
                        <i>1 0.000330711 -0.000240161 -0.000352877 0.99508 -0.0990729 0.000206215 0.099073 0.99508 2.09787 1.69653 30.8524</i>
                        <i>1 9.69163e-005 0 -9.64581e-005 0.995272 -0.0971279 -9.41328e-006 0.0971279 0.995272 2.09765 1.7083 31.5811</i>
                        <i>1 0.000296457 -0.000203836 -0.00031494 0.995223 -0.0976266 0.00017392 0.0976267 0.995223 2.09784 1.7079 32.3096</i>
                        <i>1 0.000666697 -0.000600753 -0.000723191 0.995032 -0.0995501 0.000531399 0.0995505 0.995032 2.09819 1.73496 33.0381</i>
                        <i>0.999999 0.00109081 -0.00109215 -0.00119687 0.994747 -0.102355 0.000974759 0.102356 0.994747 2.09862 1.75248 33.7665</i>
                        <i>0.999998 0.00145191 -0.00157785 -0.00161156 0.994322 -0.106403 0.00141441 0.106405 0.994322 2.09902 1.77472 34.4926</i>
                        <i>0.999997 0.00163488 -0.00189523 -0.00183572 0.993782 -0.11133 0.00170144 0.111333 0.993782 2.09925 1.79454 35.2191</i>
                        <i>0.999997 0.00159588 -0.00200458 -0.00181674 0.993305 -0.115506 0.00180683 0.115509 0.993305 2.09929 1.80159 35.9456</i>
                        <i>0.999997 0.00141944 -0.00188227 -0.00163224 0.99297 -0.118353 0.00170104 0.118356 0.99297 2.09916 1.83301 36.6717</i>
                        <i>0.999998 0.00117788 -0.00156157 -0.0013574 0.992718 -0.120451 0.00140832 0.120453 0.992718 2.0989 1.85493 37.3978</i>
                        <i>0.999999 0.000937984 -0.00122353 -0.00108014 0.992541 -0.121904 0.00110006 0.121905 0.992541 2.09862 1.88465 38.1235</i>
                        <i>0.999999 0.000768909 -0.000980052 -0.000883074 0.992482 -0.122386 0.00087858 0.122387 0.992482 2.09843 1.91427 38.8484</i>
                        <i>0.999999 0.000739958 -0.000939161 -0.0008492 0.992502 -0.122225 0.000841678 0.122225 0.992502 2.0984 1.93654 39.5725</i>
                        <i>0.999999 0.00103579 -0.00137618 -0.00119658 0.992468 -0.122502 0.00123893 0.122503 0.992467 2.09874 1.98862 40.2955</i>
                        <i>0.999996 0.00159123 -0.00221022 -0.00185126 0.992389 -0.123128 0.00199748 0.123131 0.992388 2.0994 2.039 41.0177</i>
                        <i>0.999993 0.00210071 -0.00301636 -0.00245907 0.992255 -0.124192 0.00273211 0.124199 0.992254 2.10002 2.10136 41.74</i>
                        <i>0.999992 0.00225934 -0.00335185 -0.00266689 0.991893 -0.127048 0.00303763 0.127056 0.991891 2.10026 2.16782 42.4639</i>
                        <i>0.999993 0.00199525 -0.00305781 -0.00237952 0.991338 -0.131314 0.00276932 0.13132 0.991336 2.1 2.2305 43.1895</i>
                        <i>0.999996 0.00151332 -0.00238004 -0.0018223 0.990748 -0.135701 0.00215266 0.135705 0.990747 2.09946 2.32119 43.9158</i>
                        <i>0.999999 0.000925002 -0.00145029 -0.00111919 0.990124 -0.140193 0.00130629 0.140195 0.990123 2.09874 2.41192 44.6426</i>
                        <i>1 0.000340117 -0.000441758 -0.00040049 0.989464 -0.144776 0.000387862 0.144777 0.989464 2.09798 2.51641 45.3695</i>
                        <i>1 -0.000133423 0.000430238 0.000196218 0.988772 -0.149435 -0.000405469 0.149435 0.988771 2.09733 2.62775 46.0959</i>
                        <i>1 -0.000389162 0.000922064 0.000526651 0.988047 -0.154154 -0.000851051 0.154155 0.988046 2.09697 2.73954 46.8215</i>
                        <i>1 -0.000217514 0.000600023 0.000310105 0.987291 -0.15892 -0.00055783 0.15892 0.987291 2.0972 2.88059 47.5454</i>
                        <i>1 0.000304786 -0.000397878 -0.000365813 0.986507 -0.163717 0.000342611 0.163717 0.986507 2.09794 3.02573 48.2677</i>
                        <i>0.999999 0.000854501 -0.00145956 -0.00108826 0.985696 -0.16853 0.00129468 0.168531 0.985696 2.09872 3.18616 48.9897</i>
                        <i>0.999997 0.00110805 -0.00198 -0.0014345 0.98486 -0.173344 0.00175795 0.173346 0.984859 2.09909 3.35491 49.7129</i>
                        <i>0.999998 0.000861876 -0.00153777 -0.00112204 0.984003 -0.178146 0.00135963 0.178147 0.984003 2.09876 3.52586 50.438</i>
                        <i>0.99998 -0.00627539 0.000893168 0.00633305 0.983222 -0.182303 0.000265838 0.182305 0.983242 2.0988 3.72384 51.1644</i>
                        <i>0.999646 -0.0258829 0.00608961 0.026563 0.982347 -0.185172 -0.00118932 0.185268 0.982687 2.10033 3.92772 51.8912</i>
                        <i>0.99831 -0.0565598 0.013339 0.0580567 0.9807 -0.186699 -0.00252194 0.187158 0.982327 2.1037 4.14831 52.6169</i>
                        <i>0.995035 -0.0970231 0.0221791 0.0994625 0.977343 -0.186839 -0.00354895 0.188117 0.98214 2.10906 4.3805 53.3407</i>
                        <i>0.988706 -0.146226 0.0328352 0.149792 0.97116 -0.185502 -0.00476295 0.188326 0.982095 2.116 4.61912 54.0633</i>
                        <i>0.978119 -0.203002 0.0455419 0.207939 0.960962 -0.182521 -0.00671191 0.187997 0.982147 2.12411 4.88428 54.7855</i>
                        <i>0.962062 -0.266035 0.0605174 0.272649 0.945576 -0.177621 -0.00997037 0.187382 0.982236 2.13294 5.15735 55.5083</i>
                        <i>0.939396 -0.333934 0.0776125 0.342502 0.92409 -0.169557 -0.0151 0.185864 0.982459 2.14201 5.44582 56.2325</i>
                        <i>0.909078 -0.405249 0.0966966 0.416003 0.895618 -0.157514 -0.0227706 0.183419 0.982771 2.15072 5.74441 56.9594</i>
                        <i>0.870565 -0.477939 0.117006 0.490971 0.859498 -0.142165 -0.0326201 0.181211 0.982903 2.15918 6.05004 57.6884</i>
                        <i>0.824006 -0.549869 0.136595 0.564906 0.815862 -0.123491 -0.0435385 0.178921 0.9829 2.16802 6.37963 58.4171</i>
                        <i>0.770165 -0.618897 0.154313 0.635525 0.765181 -0.10298 -0.0543431 0.177382 0.982641 2.17789 6.71973 59.1434</i>
                        <i>0.709973 -0.683004 0.171591 0.701256 0.708035 -0.0832313 -0.0646454 0.179421 0.981646 2.18877 7.07857 59.8678</i>
                        <i>0.644328 -0.740744 0.190103 0.761084 0.645421 -0.0646823 -0.0747836 0.186361 0.979631 2.20003 7.45266 60.5924</i>
