<?xml version="1.0" encoding="ISO-8859-1" ?>
<Animl Version="1">
    <ModellingPackage>
        <![CDATA[Maya.2008]]>
</ModellingPackage>
    <SrcFile>
        <![CDATA[units\heavyartillery\british\anims\~src\lvl2\brithow_lvl2_fire.mb]]>
</SrcFile>
    <FramesPerSecond>30</FramesPerSecond>
    <TotalFrames>41</TotalFrames>
    <Skeleton>
        <RefFrame>
            <Name>
                <![CDATA[how_ref_frame]]>
</Name>
            <Exclude>1</Exclude>
            <Additive>0</Additive>
            <KeyFrames count="41">
                <i>1 0 0 0 1 0 0 0 1 0 0 0</i>
                <i>1 0 0 0 1 0 0 0 1 0 0 0</i>
                <i>1 0 0 0 1 0 0 0 1 0 0 0</i>
                <i>1 0 0 0 1 0 0 0 1 0 0 0</i>
                <i>1 0 0 0 1 0 0 0 1 0 0 0</i>
                <i>1 0 0 0 1 0 0 0 1 0 0 0</i>
                <i>1 0 0 0 1 0 0 0 1 0 0 0</i>
                <i>1 0 0 0 1 0 0 0 1 0 0 0</i>
                <i>1 0 0 0 1 0 0 0 1 0 0 0</i>
                <i>1 0 0 0 1 0 0 0 1 0 0 0</i>
                <i>1 0 0 0 1 0 0 0 1 0 0 0</i>
                <i>1 0 0 0 1 0 0 0 1 0 0 0</i>
                <i>1 0 0 0 1 0 0 0 1 0 0 0</i>
                <i>1 0 0 0 1 0 0 0 1 0 0 0</i>
                <i>1 0 0 0 1 0 0 0 1 0 0 0</i>
                <i>1 0 0 0 1 0 0 0 1 0 0 0</i>
                <i>1 0 0 0 1 0 0 0 1 0 0 0</i>
                <i>1 0 0 0 1 0 0 0 1 0 0 0</i>
                <i>1 0 0 0 1 0 0 0 1 0 0 0</i>
                <i>1 0 0 0 1 0 0 0 1 0 0 0</i>
                <i>1 0 0 0 1 0 0 0 1 0 0 0</i>
                <i>1 0 0 0 1 0 0 0 1 0 0 0</i>
                <i>1 0 0 0 1 0 0 0 1 0 0 0</i>
                <i>1 0 0 0 1 0 0 0 1 0 0 0</i>
                <i>1 0 0 0 1 0 0 0 1 0 0 0</i>
                <i>1 0 0 0 1 0 0 0 1 0 0 0</i>
                <i>1 0 0 0 1 0 0 0 1 0 0 0</i>
                <i>1 0 0 0 1 0 0 0 1 0 0 0</i>
                <i>1 0 0 0 1 0 0 0 1 0 0 0</i>
                <i>1 0 0 0 1 0 0 0 1 0 0 0</i>
                <i>1 0 0 0 1 0 0 0 1 0 0 0</i>
                <i>1 0 0 0 1 0 0 0 1 0 0 0</i>
                <i>1 0 0 0 1 0 0 0 1 0 0 0</i>
                <i>1 0 0 0 1 0 0 0 1 0 0 0</i>
                <i>1 0 0 0 1 0 0 0 1 0 0 0</i>
                <i>1 0 0 0 1 0 0 0 1 0 0 0</i>
                <i>1 0 0 0 1 0 0 0 1 0 0 0</i>
                <i>1 0 0 0 1 0 0 0 1 0 0 0</i>
                <i>1 0 0 0 1 0 0 0 1 0 0 0</i>
                <i>1 0 0 0 1 0 0 0 1 0 0 0</i>
                <i>1 0 0 0 1 0 0 0 1 0 0 0</i>
            </KeyFrames>
        </RefFrame>
        <Bones count="8">
            <i>
                <p>
                    <Name>
                        <![CDATA[root]]>
</Name>
                    <Exclude>0</Exclude>
                    <Additive>0</Additive>
                    <KeyFrames count="41">
                        <i>1 0 0 0 1 0 0 0 1 0 0 0</i>
                        <i>1 0 0 0 1 0 0 0 1 0 0 0</i>
                        <i>1 0 0 0 1 0 0 0 1 0 0 0</i>
                        <i>1 0 0 0 1 0 0 0 1 0 0 0</i>
                        <i>1 0 0 0 1 0 0 0 1 0 0 0</i>
                        <i>1 0 0 0 1 0 0 0 1 0 0 0</i>
                        <i>1 0 0 0 1 0 0 0 1 0 0 0</i>
                        <i>1 0 0 0 1 0 0 0 1 0 0 0</i>
                        <i>1 0 0 0 1 0 0 0 1 0 0 0</i>
                        <i>1 0 0 0 1 0 0 0 1 0 0 0</i>
                        <i>1 0 0 0 1 0 0 0 1 0 0 0</i>
                        <i>1 0 0 0 1 0 0 0 1 0 0 0</i>
                        <i>1 0 0 0 1 0 0 0 1 0 0 0</i>
                        <i>1 0 0 0 1 0 0 0 1 0 0 0</i>
                        <i>1 0 0 0 1 0 0 0 1 0 0 0</i>
                        <i>1 0 0 0 1 0 0 0 1 0 0 0</i>
                        <i>1 0 0 0 1 0 0 0 1 0 0 0</i>
                        <i>1 0 0 0 1 0 0 0 1 0 0 0</i>
                        <i>1 0 0 0 1 0 0 0 1 0 0 0</i>
                        <i>1 0 0 0 1 0 0 0 1 0 0 0</i>
                        <i>1 0 0 0 1 0 0 0 1 0 0 0</i>
                        <i>1 0 0 0 1 0 0 0 1 0 0 0</i>
                        <i>1 0 0 0 1 0 0 0 1 0 0 0</i>
                        <i>1 0 0 0 1 0 0 0 1 0 0 0</i>
                        <i>1 0 0 0 1 0 0 0 1 0 0 0</i>
                        <i>1 0 0 0 1 0 0 0 1 0 0 0</i>
                        <i>1 0 0 0 1 0 0 0 1 0 0 0</i>
                        <i>1 0 0 0 1 0 0 0 1 0 0 0</i>
                        <i>1 0 0 0 1 0 0 0 1 0 0 0</i>
                        <i>1 0 0 0 1 0 0 0 1 0 0 0</i>
                        <i>1 0 0 0 1 0 0 0 1 0 0 0</i>
                        <i>1 0 0 0 1 0 0 0 1 0 0 0</i>
                        <i>1 0 0 0 1 0 0 0 1 0 0 0</i>
                        <i>1 0 0 0 1 0 0 0 1 0 0 0</i>
                        <i>1 0 0 0 1 0 0 0 1 0 0 0</i>
                        <i>1 0 0 0 1 0 0 0 1 0 0 0</i>
                        <i>1 0 0 0 1 0 0 0 1 0 0 0</i>
                        <i>1 0 0 0 1 0 0 0 1 0 0 0</i>
                        <i>1 0 0 0 1 0 0 0 1 0 0 0</i>
                        <i>1 0 0 0 1 0 0 0 1 0 0 0</i>
                        <i>1 0 0 0 1 0 0 0 1 0 0 0</i>
                    </KeyFrames>
                </p>
            </i>
            <i>
                <p>
                    <Name>
                        <![CDATA[wheel_axle]]>
</Name>
                    <Exclude>0</Exclude>
                    <Additive>0</Additive>
                    <KeyFrames count="41">
                        <i>1 0 0 0 1 0 0 0 1 0 1.70461 -1.78731e-009</i>
                        <i>1 1.74993e-005 8.27181e-025 -1.74993e-005 1 0.000634596 1.1105e-008 -0.000634596 1 -2.98295e-005 1.70461 0.00108174</i>
                        <i>1 3.49986e-005 -3.30872e-024 -3.49986e-005 0.999999 0.00126919 4.442e-008 -0.00126919 0.999999 -5.9659e-005 1.70461 0.00216348</i>
                        <i>1 5.24979e-005 0 -5.24979e-005 1 0 0 0 1 -8.94886e-005 1.70461 -1.78731e-009</i>
                        <i>0.999971 0.00757751 0 -0.00741674 0.978754 -0.204902 -0.00155265 0.204896 0.978782 -0.0129159 1.82875 -0.254533</i>
                        <i>0.999993 -0.00384008 0 0.0034901 0.908855 -0.417097 0.00160169 0.417094 0.908862 0.00654379 1.95292 -0.514461</i>
                        <i>0.999973 0.00732242 0 -0.00584376 0.798042 -0.602573 -0.00441229 0.602557 0.798064 -0.0124724 2.08687 -0.806803</i>
                        <i>0.999999 0.0017412 0 -0.00117038 0.67217 -0.740396 -0.00128917 0.740395 0.672171 -0.00296376 2.19369 -1.09939</i>
                        <i>0.999993 -0.00384008 0 0.00217893 0.567413 -0.823431 0.00316204 0.823425 0.567417 0.00653027 2.23629 -1.35746</i>
                        <i>0.999999 0.0017412 1.0842e-019 -0.000873952 0.501925 -0.86491 -0.00150598 0.864909 0.501926 -0.00295753 2.21468 -1.54737</i>
                        <i>0.999973 0.00732242 4.33681e-019 -0.00341633 0.466544 -0.884491 -0.00647662 0.884467 0.466557 -0.0124201 2.15718 -1.63528</i>
                        <i>0.999993 0.00366124 0 -0.00166053 0.453541 -0.891234 -0.00326302 0.891228 0.453544 -0.00619945 2.06946 -1.66227</i>
                        <i>1 0 0 0 0.456787 -0.889576 0 0.889576 0.456787 0 1.95773 -1.68523</i>
                        <i>1 0 0 0 0.467343 -0.884076 0 0.884076 0.467343 0 1.82799 -1.7033</i>
                        <i>1 0 0 0 0.475035 -0.879967 0 0.879967 0.475035 0 1.68587 -1.70736</i>
                        <i>1 0 0 0 0.486935 -0.873438 0 0.873438 0.486935 0 1.74629 -1.68115</i>
                        <i>1 0 0 0 0.514321 -0.857598 0 0.857598 0.514321 0 1.81749 -1.62142</i>
                        <i>1 0 0 0 0.552523 -0.833498 0 0.833498 0.552523 0 1.88582 -1.5358</i>
                        <i>1 0 0 0 0.595048 -0.80369 0 0.80369 0.595048 0 1.93716 -1.43569</i>
                        <i>0.999987 0.00512725 0 -0.00327834 0.639387 -0.768878 -0.00394223 0.768868 0.639395 -0.0086934 1.95863 -1.32503</i>
                        <i>0.999947 0.0102543 0 -0.00705948 0.688402 -0.725295 -0.00743743 0.725257 0.688438 -0.017411 1.93075 -1.20387</i>
                        <i>1 0.000470664 2.71051e-020 -0.000348615 0.740687 -0.67185 -0.000316215 0.67185 0.740687 -0.0008001 1.86059 -1.07605</i>
                        <i>0.999957 -0.00931305 4.33681e-019 0.00736899 0.79122 -0.611488 0.00569481 0.611461 0.791254 0.0158473 1.77539 -0.943513</i>
                        <i>0.999996 -0.00270047 0 0.0022579 0.836113 -0.548553 0.00148135 0.548551 0.836116 0.0045987 1.70292 -0.808753</i>
                        <i>0.999992 0.00391222 1.0842e-019 -0.00341429 0.872717 -0.488215 -0.00191 0.488211 0.872724 -0.00666589 1.75728 -0.673926</i>
                        <i>0.999998 0.00195611 -5.42101e-020 -0.00174659 0.892889 -0.450274 -0.000880786 0.450273 0.89289 -0.00333405 1.81129 -0.541284</i>
                        <i>1 0 0 0 0.913338 -0.407202 0 0.407202 0.913338 0 1.83577 -0.413026</i>
                        <i>1 0 0 0 0.940526 -0.339722 0 0.339722 0.940526 0 1.81148 -0.316641</i>
                        <i>1 0 0 0 0.967085 -0.254452 0 0.254452 0.967085 0 1.75805 -0.229052</i>
                        <i>1 0 0 0 0.986475 -0.163914 0 0.163914 0.986475 0 1.70461 -0.152457</i>
                        <i>1 0 0 0 0.996636 -0.08195 0 0.08195 0.996636 0 1.70816 -0.0890554</i>
                        <i>1 0 0 0 0.999742 -0.0227237 0 0.0227237 0.999742 0 1.71171 -0.041046</i>
                        <i>1 0 0 0 1 0 0 0 1 0 1.71333 -0.010628</i>
                        <i>1 0 0 0 1 0 0 0 1 0 1.71171 -1.78731e-009</i>
                        <i>1 0 0 0 1 0 0 0 1 0 1.70816 -1.78731e-009</i>
                        <i>1 0 0 0 1 0 0 0 1 0 1.70461 -1.78731e-009</i>
                        <i>1 0 0 0 1 0 0 0 1 0 1.70461 -1.78731e-009</i>
                        <i>1 0 0 0 1 0 0 0 1 0 1.70461 -1.78731e-009</i>
                        <i>1 0 0 0 1 0 0 0 1 0 1.70461 -1.78731e-009</i>
                        <i>1 0 0 0 1 0 0 0 1 0 1.70461 -1.78731e-009</i>
                        <i>1 0 0 0 1 0 0 0 1 0 1.70461 -1.78731e-009</i>
                    </KeyFrames>
                </p>
            </i>
            <i>
                <p>
                    <Name>
                        <![CDATA[angle_pivot]]>
</Name>
                    <Exclude>0</Exclude>
                    <Additive>1</Additive>
                    <KeyFrames count="41">
                        <i>1 0 0 0 1 0 0 0 1 0 2.47303 0.62614</i>
                        <i>1 1.74993e-005 8.27181e-025 -1.74993e-005 1 0.000634596 1.1105e-008 -0.000634596 1 -4.32694e-005 2.47264 0.627709</i>
                        <i>1 3.49986e-005 -3.30872e-024 -3.49986e-005 0.999999 0.00126919 4.442e-008 -0.00126919 0.999999 -8.65249e-005 2.47224 0.629278</i>
                        <i>1 5.24979e-005 0 -5.24979e-005 1 0 0 0 1 -0.000129829 2.47303 0.62614</i>
                        <i>0.999971 0.00757751 6.77626e-021 -0.00757702 0.999906 -0.0114225 -8.6554e-005 0.0114222 0.999935 -0.0187924 2.60425 0.362789</i>
                        <i>0.999934 0.0114997 -0.000385212 -0.0115056 0.999651 -0.0237865 0.00011154 0.0237894 0.999717 0.00955403 2.73681 0.0921903</i>
                        <i>0.999278 0.0379797 -0.00119666 -0.0379981 0.998616 -0.0363507 -0.000185585 0.03637 0.999338 -0.0182736 2.8791 -0.211108</i>
                        <i>0.999933 0.0115777 -0.000530651 -0.0115895 0.998509 -0.0533404 -8.76969e-005 0.053343 0.998576 -0.00440032 3.01873 -0.516844</i>
                        <i>0.99989 -0.0148011 0.000757797 0.0148176 0.997399 -0.07054 0.00028824 0.0705434 0.997509 0.00956438 3.02641 -0.784448</i>
                        <i>0.999933 0.011557 -0.000829434 -0.0115859 0.99647 -0.0831463 -0.000134414 0.0831503 0.996537 -0.00442493 3.05744 -0.99021</i>
                        <i>0.999963 0.00864192 -0.000131741 -0.00861226 0.995016 -0.0993449 -0.000727446 0.0993424 0.995053 -0.0183734 2.97017 -1.08719</i>
                        <i>0.999994 -0.00348966 0.000829165 0.00356238 0.993217 -0.116224 -0.000417958 0.116226 0.993223 -0.00935738 2.93198 -1.13195</i>
                        <i>0.999951 0.009769 -0.00126732 -0.00985085 0.991844 -0.127079 1.55515e-005 0.127085 0.991892 0 2.78002 -1.16052</i>
                        <i>1 0 0 0 0.990257 -0.139249 0 0.139249 0.990257 0 2.68934 -1.19212</i>
                        <i>1 0 0 0 0.989007 -0.147866 0 0.147866 0.989007 0 2.52706 -1.20002</i>
                        <i>1 0 0 0 0.988635 -0.150334 0 0.150334 0.988635 0 2.6001 -1.17764</i>
                        <i>1 0 0 0 0.989656 -0.14346 0 0.14346 0.989656 0 2.66779 -1.112</i>
                        <i>1 0 0 0 0.991458 -0.130424 0 0.130424 0.991458 0 2.72934 -1.01523</i>
                        <i>1 0 0 0 0.993175 -0.11663 0 0.11663 0.993175 0 2.77337 -0.903444</i>
                        <i>0.999987 0.00512725 -5.42101e-020 -0.00509993 0.994659 -0.103094 -0.000528587 0.103092 0.994672 -0.0129433 2.7875 -0.781442</i>
                        <i>0.999947 0.0102543 5.42101e-020 -0.0102141 0.996018 -0.0885611 -0.000908136 0.0885564 0.996071 -0.0258283 2.75156 -0.648241</i>
                        <i>1 0.000470664 0 -0.000469374 0.997259 -0.0739917 -3.48252e-005 0.0739917 0.997259 -0.00118258 2.67324 -0.508485</i>
                        <i>0.999957 -0.00931305 0 0.0092967 0.998201 -0.0592324 0.000551634 0.0592298 0.998244 0.0233365 2.57951 -0.363988</i>
                        <i>0.999996 -0.00270047 -6.77626e-021 0.0026978 0.999008 -0.04446 0.000120063 0.0444599 0.999011 0.00674692 2.49842 -0.217397</i>
                        <i>0.999992 0.00391222 -6.77626e-021 -0.0039105 0.999553 -0.0296478 -0.000115989 0.0296476 0.99956 -0.00974343 2.54393 -0.0708433</i>
                        <i>0.999998 0.00195611 -1.69407e-021 -0.0019559 0.999888 -0.0148278 -2.90049e-005 0.0148278 0.99989 -0.00485516 2.58891 0.073393</i>
                        <i>1 0 0 0 1 0 0 0 1 0 2.60419 0.213113</i>
                        <i>1 0 0 0 1 0 0 0 1 0 2.5799 0.309498</i>
                        <i>1 0 0 0 1 0 0 0 1 0 2.52647 0.397088</i>
                        <i>1 0 0 0 1 0 0 0 1 0 2.47303 0.473683</i>
                        <i>1 0 0 0 1 0 0 0 1 0 2.47659 0.537084</i>
                        <i>1 0 0 0 1 0 0 0 1 0 2.48014 0.585093</i>
                        <i>1 0 0 0 1 0 0 0 1 0 2.48175 0.615512</i>
                        <i>1 0 0 0 1 0 0 0 1 0 2.48014 0.62614</i>
                        <i>1 0 0 0 1 0 0 0 1 0 2.47659 0.62614</i>
                        <i>1 0 0 0 1 0 0 0 1 0 2.47303 0.62614</i>
                        <i>1 0 0 0 1 0 0 0 1 0 2.47303 0.62614</i>
                        <i>1 0 0 0 1 0 0 0 1 0 2.47303 0.62614</i>
                        <i>1 0 0 0 1 0 0 0 1 0 2.47303 0.62614</i>
                        <i>1 0 0 0 1 0 0 0 1 0 2.47303 0.62614</i>
                        <i>1 0 0 0 1 0 0 0 1 0 2.47303 0.62614</i>
                    </KeyFrames>
                </p>
            </i>
            <i>
                <p>
                    <Name>
                        <![CDATA[barrel]]>
</Name>
                    <Exclude>0</Exclude>
                    <Additive>1</Additive>
                    <KeyFrames count="41">
                        <i>1 0 0 0 1 0 0 0 1 -4.76414e-008 2.82592 1.95647</i>
                        <i>1 1.74993e-005 8.27181e-025 -1.74993e-005 1 0.000634596 1.1105e-008 -0.000634596 1 -4.94836e-005 2.82503 1.40247</i>
                        <i>1 3.49986e-005 -3.30872e-024 -3.49986e-005 0.999999 0.00126919 4.442e-008 -0.00126919 0.999999 -9.89132e-005 2.82484 0.848474</i>
                        <i>1 5.24979e-005 0 -5.24979e-005 1 0 0 0 1 -0.000148402 2.82592 0.592255</i>
                        <i>0.999971 0.00757751 6.77626e-021 -0.00757702 0.999906 -0.0114225 -8.6554e-005 0.0114222 0.999935 -0.0214635 2.95673 0.326841</i>
                        <i>0.999934 0.0114997 -0.000385212 -0.0115056 0.999651 -0.0237865 0.00011154 0.0237894 0.999717 0.00549097 3.08895 0.057676</i>
                        <i>0.999278 0.0379797 -0.00119666 -0.0379981 0.998616 -0.0363507 -0.000185585 0.03637 0.999338 -0.0316794 3.23089 -0.240599</i>
                        <i>0.999933 0.0115777 -0.000530651 -0.0115895 0.998509 -0.0533404 -8.76969e-005 0.053343 0.998576 -0.00848974 3.37089 -0.539382</i>
                        <i>0.99989 -0.0148011 0.000757797 0.0148176 0.997399 -0.07054 0.00028824 0.0705434 0.997509 0.0147968 3.37926 -0.796797</i>
                        <i>0.999933 0.011557 -0.000829434 -0.0115859 0.99647 -0.0831463 -0.000134414 0.0831503 0.996537 -0.00851773 3.41174 -0.987615</i>
                        <i>0.999963 0.00864192 -0.000131741 -0.00861226 0.995016 -0.0993449 -0.000727446 0.0993424 0.995053 -0.0214522 3.32671 -1.06799</i>
                        <i>0.999994 -0.00348966 0.000829165 0.00356238 0.993217 -0.116224 -0.000417958 0.116226 0.993223 -0.00813372 3.29175 -1.09363</i>
                        <i>0.999951 0.009769 -0.00126732 -0.00985085 0.991844 -0.127079 1.55515e-005 0.127085 0.991892 -0.00347454 3.14373 -1.09832</i>
                        <i>1 0 0 0 0.990257 -0.139249 0 0.139249 0.990257 -4.76414e-008 3.05806 -1.10412</i>
                        <i>1 0 0 0 0.989007 -0.147866 0 0.147866 0.989007 -4.76414e-008 2.90141 -1.08266</i>
                        <i>1 0 0 0 0.988635 -0.150334 0 0.150334 0.988635 -4.76414e-008 2.98003 -1.02647</i>
                        <i>1 0 0 0 0.989656 -0.14346 0 0.14346 0.989656 -4.76414e-008 3.05199 -0.921378</i>
                        <i>1 0 0 0 0.991458 -0.130424 0 0.130424 0.991458 -4.76414e-008 3.1161 -0.780823</i>
                        <i>1 0 0 0 0.993175 -0.11663 0 0.11663 0.993175 -4.76414e-008 3.16158 -0.623164</i>
                        <i>0.999987 0.00512725 -5.42101e-020 -0.00509993 0.994659 -0.103094 -0.000528587 0.103092 0.994672 -0.0149364 3.17623 -0.45376</i>
                        <i>0.999947 0.0102543 5.42101e-020 -0.0102141 0.996018 -0.0885611 -0.000908136 0.0885564 0.996071 -0.0298049 3.13932 -0.271326</i>
                        <i>1 0.000470664 0 -0.000469374 0.997259 -0.0739917 -3.48252e-005 0.0739917 0.997259 -0.0013641 3.0588 -0.0810603</i>
                        <i>0.999957 -0.00931305 0 0.0092967 0.998201 -0.0592324 0.000551634 0.0592298 0.998244 0.0268933 2.96143 0.115094</i>
                        <i>0.999996 -0.00270047 -6.77626e-021 0.0026978 0.999008 -0.04446 0.000120063 0.0444599 0.999011 0.00776465 2.87531 0.314233</i>
                        <i>0.999992 0.00391222 -6.77626e-021 -0.0039105 0.999553 -0.0296478 -0.000115989 0.0296476 0.99956 -0.0111925 2.91431 0.514045</i>
                        <i>0.999998 0.00195611 -1.69407e-021 -0.0019559 0.999888 -0.0148278 -2.90049e-005 0.0148278 0.99989 -0.00556409 2.9513 0.712046</i>
                        <i>1 0 0 0 1 0 0 0 1 -4.76414e-008 2.95707 0.905844</i>
                        <i>1 0 0 0 1 0 0 0 1 -4.76414e-008 2.93278 1.05127</i>
                        <i>1 0 0 0 1 0 0 0 1 -4.76414e-008 2.87935 1.18801</i>
                        <i>1 0 0 0 1 0 0 0 1 -4.76414e-008 2.82592 1.31371</i>
                        <i>1 0 0 0 1 0 0 0 1 -4.76414e-008 2.82947 1.42599</i>
                        <i>1 0 0 0 1 0 0 0 1 -4.76414e-008 2.83302 1.52251</i>
                        <i>1 0 0 0 1 0 0 0 1 -4.76414e-008 2.83463 1.60089</i>
                        <i>1 0 0 0 1 0 0 0 1 -4.76414e-008 2.83302 1.65879</i>
                        <i>1 0 0 0 1 0 0 0 1 -4.76414e-008 2.82947 1.70519</i>
                        <i>1 0 0 0 1 0 0 0 1 -4.76414e-008 2.82592 1.75057</i>
                        <i>1 0 0 0 1 0 0 0 1 -4.76414e-008 2.82592 1.79477</i>
                        <i>1 0 0 0 1 0 0 0 1 -4.76414e-008 2.82592 1.83762</i>
                        <i>1 0 0 0 1 0 0 0 1 -4.76414e-008 2.82592 1.87896</i>
                        <i>1 0 0 0 1 0 0 0 1 -4.76414e-008 2.82592 1.91863</i>
                        <i>1 0 0 0 1 0 0 0 1 -4.76414e-008 2.82592 1.95647</i>
                    </KeyFrames>
                </p>
            </i>
            <i>
                <p>
                    <Name>
                        <![CDATA[hatch]]>
</Name>
                    <Exclude>1</Exclude>
                    <Additive>0</Additive>
                    <KeyFrames count="41">
                        <i>1 0 0 0 1 0 0 0 1 -0.768889 2.81017 -2.02028</i>
                        <i>1 1.74993e-005 8.27181e-025 -1.74993e-005 1 0.000634596 1.1105e-008 -0.000634596 1 -0.768938 2.81179 -2.57429</i>
                        <i>1 3.49986e-005 -3.30872e-024 -3.49986e-005 0.999999 0.00126919 4.442e-008 -0.00126919 0.999999 -0.768988 2.81412 -3.1283</i>
                        <i>1 5.24979e-005 0 -5.24979e-005 1 0 0 0 1 -0.769037 2.81013 -3.3845</i>
                        <i>0.999971 0.00757751 6.77626e-021 -0.00757702 0.999906 -0.0114225 -8.6554e-005 0.0114222 0.999935 -0.789867 2.88974 -3.64948</i>
                        <i>0.999934 0.0114997 -0.000385212 -0.0115056 0.999651 -0.0237865 0.00011154 0.0237894 0.999717 -0.76361 2.96976 -3.91728</i>
                        <i>0.999278 0.0379797 -0.00119666 -0.0379981 0.998616 -0.0363507 -0.000185585 0.03637 0.999338 -0.798677 3.04133 -4.21323</i>
                        <i>0.999933 0.0115777 -0.000530651 -0.0115895 0.998509 -0.0533404 -8.76969e-005 0.053343 0.998576 -0.776796 3.13413 -4.50923</i>
                        <i>0.99989 -0.0148011 0.000757797 0.0148176 0.997399 -0.07054 0.00028824 0.0705434 0.997509 -0.755388 3.0944 -4.76312</i>
                        <i>0.999933 0.011557 -0.000829434 -0.0115859 0.99647 -0.0831463 -0.000134414 0.0831503 0.996537 -0.776638 3.05649 -4.94865</i>
                        <i>0.999963 0.00864192 -0.000131741 -0.00861226 0.995016 -0.0993449 -0.000727446 0.0993424 0.995053 -0.787284 2.90934 -5.0234</i>
                        <i>0.999994 -0.00348966 0.000829165 0.00356238 0.993217 -0.116224 -0.000417958 0.116226 0.993223 -0.775412 2.81659 -5.04224</i>
                        <i>0.999951 0.009769 -0.00126732 -0.00985085 0.991844 -0.127079 1.55515e-005 0.127085 0.991892 -0.772233 2.61522 -5.03986</i>
                        <i>1 0 0 0 0.990257 -0.139249 0 0.139249 0.990257 -0.768889 2.48871 -5.03994</i>
                        <i>1 0 0 0 0.989007 -0.147866 0 0.147866 0.989007 -0.768889 2.29781 -5.01338</i>
                        <i>1 0 0 0 0.988635 -0.150334 0 0.150334 0.988635 -0.768889 2.36662 -4.95566</i>
                        <i>1 0 0 0 0.989656 -0.14346 0 0.14346 0.989656 -0.768889 2.4659 -4.85474</i>
                        <i>1 0 0 0 0.991458 -0.130424 0 0.130424 0.991458 -0.768889 2.58182 -4.72156</i>
                        <i>1 0 0 0 0.993175 -0.11663 0 0.11663 0.993175 -0.768889 2.68214 -4.57094</i>
                        <i>0.999987 0.00512725 -5.42101e-020 -0.00509993 0.994659 -0.103094 -0.000528587 0.103092 0.994672 -0.781633 2.74665 -4.4077</i>
                        <i>0.999947 0.0102543 5.42101e-020 -0.0102141 0.996018 -0.0885611 -0.000908136 0.0885564 0.996071 -0.794881 2.76359 -4.23106</i>
                        <i>1 0.000470664 0 -0.000469374 0.997259 -0.0739917 -3.48252e-005 0.0739917 0.997259 -0.770107 2.74849 -4.04575</i>
                        <i>0.999957 -0.00931305 0 0.0092967 0.998201 -0.0592324 0.000551634 0.0592298 0.998244 -0.744303 2.71733 -3.85375</i>
                        <i>0.999996 -0.00270047 -6.77626e-021 0.0026978 0.999008 -0.04446 0.000120063 0.0444599 0.999011 -0.761642 2.68485 -3.65789</i>
                        <i>0.999992 0.00391222 -6.77626e-021 -0.0039105 0.999553 -0.0296478 -0.000115989 0.0296476 0.99956 -0.779553 2.77766 -3.4605</i>
                        <i>0.999998 0.00195611 -1.69407e-021 -0.0019559 0.999888 -0.0148278 -2.90049e-005 0.0148278 0.99989 -0.774306 2.87508 -3.26404</i>
                        <i>1 0 0 0 1 0 0 0 1 -0.768889 2.94132 -3.07091</i>
                        <i>1 0 0 0 1 0 0 0 1 -0.768889 2.91704 -2.92548</i>
                        <i>1 0 0 0 1 0 0 0 1 -0.768889 2.8636 -2.78874</i>
                        <i>1 0 0 0 1 0 0 0 1 -0.768889 2.81017 -2.66305</i>
                        <i>1 0 0 0 1 0 0 0 1 -0.768889 2.81372 -2.55076</i>
                        <i>1 0 0 0 1 0 0 0 1 -0.768889 2.81727 -2.45425</i>
                        <i>1 0 0 0 1 0 0 0 1 -0.768889 2.81888 -2.37586</i>
                        <i>1 0 0 0 1 0 0 0 1 -0.768889 2.81727 -2.31797</i>
                        <i>1 0 0 0 1 0 0 0 1 -0.768889 2.81372 -2.27156</i>
                        <i>1 0 0 0 1 0 0 0 1 -0.768889 2.81017 -2.22618</i>
                        <i>1 0 0 0 1 0 0 0 1 -0.768889 2.81017 -2.18199</i>
                        <i>1 0 0 0 1 0 0 0 1 -0.768889 2.81017 -2.13914</i>
                        <i>1 0 0 0 1 0 0 0 1 -0.768889 2.81017 -2.0978</i>
                        <i>1 0 0 0 1 0 0 0 1 -0.768889 2.81017 -2.05812</i>
                        <i>1 0 0 0 1 0 0 0 1 -0.768889 2.81017 -2.02028</i>
                    </KeyFrames>
                </p>
            </i>
            <i>
                <p>
                    <Name>
                        <![CDATA[sled_rotate]]>
</Name>
                    <Exclude>0</Exclude>
                    <Additive>0</Additive>
                    <KeyFrames count="41">
                        <i>1 0 0 0 0.996181 -0.0873134 0 0.0873134 0.996181 0 2.25877 1.09269</i>
                        <i>1 2.02932e-007 4.56232e-006 1.95766e-007 0.996189 -0.0872198 -4.56263e-006 0.0872198 0.996189 -3.95148e-005 2.25807 1.09413</i>
                        <i>1 4.01676e-007 9.1207e-006 3.9451e-007 0.996197 -0.0871269 -9.12101e-006 0.0871269 0.996197 -7.90052e-005 2.25738 1.09556</i>
                        <i>1 6.02587e-007 1.36939e-005 5.95421e-007 0.996181 -0.0873164 -1.36943e-005 0.0873164 0.996181 -0.000118581 2.25877 1.09269</i>
                        <i>0.999998 0.000108843 0.00204564 0.000108835 0.994354 -0.10611 -0.00204564 0.10611 0.994352 -0.0172093 2.39533 0.831759</i>
                        <i>0.999999 -6.82147e-005 -0.00107517 -6.82219e-005 0.991981 -0.126388 0.00107517 0.126388 0.99198 0.00877646 2.53433 0.563976</i>
                        <i>0.999998 0.000160756 0.00213539 0.000160748 0.98873 -0.149711 -0.00213539 0.149711 0.988727 -0.0168391 2.6832 0.263447</i>
                        <i>1 4.5713e-005 0.000529689 4.57059e-005 0.985216 -0.171314 -0.00052969 0.171314 0.985216 -0.00402974 2.8059 -0.0381311</i>
                        <i>0.999999 -0.000113548 -0.00121585 -0.000113555 0.982707 -0.18517 0.00121585 0.18517 0.982706 0.0089426 2.86449 -0.305587</i>
                        <i>1 5.44912e-005 0.000569889 5.44841e-005 0.981883 -0.189489 -0.00056989 0.189489 0.981883 -0.00407919 2.85888 -0.505216</i>
                        <i>0.999997 0.000229928 0.00244582 0.00022992 0.98248 -0.186366 -0.00244582 0.186366 0.982477 -0.0172527 2.81713 -0.603042</i>
                        <i>0.999999 0.000110824 0.00123868 0.000110817 0.984118 -0.177513 -0.00123868 0.177513 0.984118 -0.00867564 2.74578 -0.64068</i>
                        <i>1 0 0 0 0.986348 -0.164676 0 0.164676 0.986348 0 2.64786 -0.672911</i>
                        <i>1 3.55573e-009 -4.93382e-010 -3.58979e-009 0.99051 -0.13744 2.44202e-017 0.13744 0.99051 0 2.52891 -0.698415</i>
                        <i>1 3.5695e-009 -3.81153e-010 -3.58979e-009 0.994347 -0.106177 -3.04727e-016 0.106177 0.994347 0 2.39551 -0.708617</i>
                        <i>1 3.57002e-009 -3.76239e-010 -3.58979e-009 0.994492 -0.104808 -4.44513e-016 0.104808 0.994492 0 2.45841 -0.68418</i>
                        <i>1 3.56845e-009 -3.90885e-010 -3.58979e-009 0.994054 -0.108888 -2.27039e-016 0.108888 0.994054 0 2.52267 -0.61953</i>
                        <i>1 3.564e-009 -4.29522e-010 -3.58979e-009 0.992816 -0.119651 -1.79942e-016 0.119651 0.992816 0 2.57775 -0.524713</i>
                        <i>1 0 0 0 0.991025 -0.133679 0 0.133679 0.991025 0 2.61498 -0.415085</i>
                        <i>0.999999 0.000120935 0.00165353 0.000120928 0.989359 -0.145493 -0.00165353 0.145493 0.989358 -0.0120971 2.62248 -0.295284</i>
                        <i>0.999995 0.00024162 0.0032292 0.000241612 0.988866 -0.148811 -0.0032292 0.148811 0.98886 -0.0240635 2.57946 -0.164545</i>
                        <i>1 8.94964e-006 0.00014521 8.94248e-006 0.992438 -0.122749 -0.00014521 0.122749 0.992438 -0.00109826 2.49408 -0.0273561</i>
                        <i>0.999996 -0.000134323 -0.0028117 -0.00013433 0.995446 -0.0953306 0.0028117 0.0953306 0.995442 0.0216019 2.39327 0.114438</i>
                        <i>1 -3.06716e-005 -0.000796556 -3.06788e-005 0.997038 -0.0769056 0.000796556 0.0769056 0.997038 0.00622489 2.30511 0.258222</i>
                        <i>0.999999 4.82547e-005 0.00112495 4.82475e-005 0.996327 -0.0856262 -0.00112495 0.0856262 0.996327 -0.00895966 2.34359 0.401858</i>
                        <i>1 2.7539e-005 0.000548162 2.75318e-005 0.994966 -0.100212 -0.000548162 0.100212 0.994966 -0.00444961 2.38159 0.543072</i>
                        <i>1 0 0 0 0.993848 -0.110755 0 0.110755 0.993848 0 2.38992 0.679667</i>
                        <i>1 0 0 0 0.993749 -0.111637 0 0.111637 0.993749 0 2.36564 0.776052</i>
                        <i>1 0 0 0 0.994712 -0.102707 0 0.102707 0.994712 0 2.3122 0.863641</i>
                        <i>1 0 0 0 0.995737 -0.092239 0 0.092239 0.995737 0 2.25877 0.940236</i>
                        <i>1 0 0 0 0.996062 -0.0886564 0 0.0886564 0.996062 0 2.26232 1.00364</i>
                        <i>1 0 0 0 0.99607 -0.0885701 0 0.0885701 0.99607 0 2.26587 1.05165</i>
                        <i>1 0 0 0 0.996081 -0.0884415 0 0.0884415 0.996081 0 2.26748 1.08206</i>
                        <i>1 0 0 0 0.996108 -0.0881449 0 0.0881449 0.996108 0 2.26587 1.09269</i>
                        <i>1 0 0 0 0.996144 -0.0877343 0 0.0877343 0.996144 0 2.26232 1.09269</i>
                        <i>1 0 0 0 0.99618 -0.0873239 0 0.0873239 0.99618 0 2.25877 1.09269</i>
                        <i>1 0 0 0 0.99618 -0.0873205 0 0.0873205 0.99618 0 2.25877 1.09269</i>
                        <i>1 0 0 0 0.996181 -0.0873176 0 0.0873176 0.996181 0 2.25877 1.09269</i>
                        <i>1 0 0 0 0.996181 -0.0873154 0 0.0873154 0.996181 0 2.25877 1.09269</i>
                        <i>1 0 0 0 0.996181 -0.0873139 0 0.0873139 0.996181 0 2.25877 1.09269</i>
                        <i>1 0 0 0 0.996181 -0.0873134 0 0.0873134 0.996181 0 2.25877 1.09269</i>
                    </KeyFrames>
                </p>
            </i>
            <i>
                <p>
                    <Name>
                        <![CDATA[side_crank]]>
</Name>
                    <Exclude>1</Exclude>
                    <Additive>0</Additive>
                    <KeyFrames count="41">
                        <i>1 0 0 0 0.996181 -0.0873134 0 0.0873134 0.996181 1.58773 1.16711 -2.12886</i>
                        <i>1 2.02932e-007 4.56232e-006 1.95766e-007 0.996189 -0.0872198 -4.56263e-006 0.0872198 0.996189 1.58771 1.16672 -2.12753</i>
                        <i>1 4.01676e-007 9.1207e-006 3.9451e-007 0.996197 -0.0871269 -9.12101e-006 0.0871269 0.996197 1.58769 1.16633 -2.12619</i>
                        <i>1 6.02587e-007 1.36939e-005 5.95421e-007 0.996181 -0.0873164 -1.36943e-005 0.0873164 0.996181 1.58766 1.16711 -2.12884</i>
                        <i>0.999998 0.000108843 0.00204564 0.000108835 0.994354 -0.10611 -0.00204564 0.10611 0.994352 1.57719 1.24321 -2.36535</i>
                        <i>0.999999 -6.82147e-005 -0.00107517 -6.82219e-005 0.991981 -0.126388 0.00107517 0.126388 0.99198 1.59301 1.31683 -2.6139</i>
                        <i>0.999998 0.000160756 0.00213539 0.000160748 0.98873 -0.149711 -0.00213539 0.149711 0.988727 1.57782 1.39161 -2.87978</i>
                        <i>1 4.5713e-005 0.000529689 4.57059e-005 0.985216 -0.171314 -0.00052969 0.171314 0.985216 1.58542 1.44557 -3.15489</i>
                        <i>0.999999 -0.000113548 -0.00121585 -0.000113555 0.982707 -0.18517 0.00121585 0.18517 0.982706 1.59275 1.46014 -3.40565</i>
                        <i>1 5.44912e-005 0.000569889 5.44841e-005 0.981883 -0.189489 -0.00056989 0.189489 0.981883 1.58549 1.44119 -3.59624</i>
                        <i>0.999997 0.000229928 0.00244582 0.00022992 0.98248 -0.186366 -0.00244582 0.186366 0.982477 1.57837 1.40956 -3.69557</i>
                        <i>0.999999 0.000110824 0.00123868 0.000110817 0.984118 -0.177513 -0.00123868 0.177513 0.984118 1.58306 1.36596 -3.74769</i>
                        <i>1 0 0 0 0.986348 -0.164676 0 0.164676 0.986348 1.58773 1.30848 -3.7996</i>
                        <i>1 3.55573e-009 -4.93382e-010 -3.58979e-009 0.99051 -0.13744 2.44202e-017 0.13744 0.99051 1.58773 1.27618 -3.86082</i>
                        <i>1 3.5695e-009 -3.81153e-010 -3.58979e-009 0.994347 -0.106177 -3.04727e-016 0.106177 0.994347 1.58773 1.243 -3.90891</i>
                        <i>1 3.57002e-009 -3.76239e-010 -3.58979e-009 0.994492 -0.104808 -4.44513e-016 0.104808 0.994492 1.58773 1.31031 -3.88605</i>
                        <i>1 3.56845e-009 -3.90885e-010 -3.58979e-009 0.994054 -0.108888 -2.27039e-016 0.108888 0.994054 1.58773 1.36144 -3.81666</i>
                        <i>1 3.564e-009 -4.29522e-010 -3.58979e-009 0.992816 -0.119651 -1.79942e-016 0.119651 0.992816 1.58773 1.38195 -3.70908</i>
                        <i>1 0 0 0 0.991025 -0.133679 0 0.133679 0.991025 1.58773 1.37426 -3.58222</i>
                        <i>0.999999 0.000120935 0.00165353 0.000120928 0.989359 -0.145493 -0.00165353 0.145493 0.989358 1.581 1.34426 -3.44476</i>
                        <i>0.999995 0.00024162 0.0032292 0.000241612 0.988866 -0.148811 -0.0032292 0.148811 0.98886 1.57414 1.29087 -3.3072</i>
                        <i>1 8.94964e-006 0.00014521 8.94248e-006 0.992438 -0.122749 -0.00014521 0.122749 0.992438 1.58711 1.28836 -3.20774</i>
                        <i>0.999996 -0.000134323 -0.0028117 -0.00013433 0.995446 -0.0953306 0.0028117 0.0953306 0.995442 1.60015 1.2755 -3.10268</i>
                        <i>1 -3.06716e-005 -0.000796556 -3.06788e-005 0.997038 -0.0769056 0.000796556 0.0769056 0.997038 1.59135 1.24711 -2.97582</i>
                        <i>0.999999 4.82547e-005 0.00112495 4.82475e-005 0.996327 -0.0856262 -0.00112495 0.0856262 0.996327 1.58245 1.25747 -2.81975</i>
                        <i>1 2.7539e-005 0.000548162 2.75318e-005 0.994966 -0.100212 -0.000548162 0.100212 0.994966 1.58507 1.24833 -2.6632</i>
                        <i>1 0 0 0 0.993848 -0.110755 0 0.110755 0.993848 1.58773 1.22269 -2.51528</i>
                        <i>1 0 0 0 0.993749 -0.111637 0 0.111637 0.993749 1.58773 1.19557 -2.41786</i>
                        <i>1 0 0 0 0.994712 -0.102707 0 0.102707 0.994712 1.58773 1.17086 -2.34065</i>
                        <i>1 0 0 0 0.995737 -0.092239 0 0.092239 0.995737 1.58773 1.1512 -2.27588</i>
                        <i>1 0 0 0 0.996062 -0.0886564 0 0.0886564 0.996062 1.58773 1.16632 -2.21644</i>
                        <i>1 0 0 0 0.99607 -0.0885701 0 0.0885701 0.99607 1.58773 1.17015 -2.16853</i>
                        <i>1 0 0 0 0.996081 -0.0884415 0 0.0884415 0.996081 1.58773 1.17218 -2.13825</i>
                        <i>1 0 0 0 0.996108 -0.0881449 0 0.0881449 0.996108 1.58773 1.17153 -2.12795</i>
                        <i>1 0 0 0 0.996144 -0.0877343 0 0.0877343 0.996144 1.58773 1.1693 -2.1284</i>
                        <i>1 0 0 0 0.99618 -0.0873239 0 0.0873239 0.99618 1.58773 1.16708 -2.12885</i>
                        <i>1 0 0 0 0.99618 -0.0873205 0 0.0873205 0.99618 1.58773 1.16709 -2.12886</i>
                        <i>1 0 0 0 0.996181 -0.0873176 0 0.0873176 0.996181 1.58773 1.1671 -2.12886</i>
                        <i>1 0 0 0 0.996181 -0.0873154 0 0.0873154 0.996181 1.58773 1.16711 -2.12886</i>
                        <i>1 0 0 0 0.996181 -0.0873139 0 0.0873139 0.996181 1.58773 1.16711 -2.12886</i>
                        <i>1 0 0 0 0.996181 -0.0873134 0 0.0873134 0.996181 1.58773 1.16711 -2.12886</i>
                    </KeyFrames>
                </p>
            </i>
            <i>
                <p>
                    <Name>
                        <![CDATA[crank]]>
</Name>
                    <Exclude>1</Exclude>
                    <Additive>0</Additive>
                    <KeyFrames count="41">
                        <i>1 0 0 0 0.996181 -0.0873134 0 0.0873134 0.996181 1.27762 1.7855 -1.85398</i>
                        <i>1 2.02932e-007 4.56232e-006 1.95766e-007 0.996189 -0.0872198 -4.56263e-006 0.0872198 0.996189 1.27759 1.78508 -1.85259</i>
                        <i>1 4.01676e-007 9.1207e-006 3.9451e-007 0.996197 -0.0871269 -9.12101e-006 0.0871269 0.996197 1.27757 1.78466 -1.85119</i>
                        <i>1 6.02587e-007 1.36939e-005 5.95421e-007 0.996181 -0.0873164 -1.36943e-005 0.0873164 0.996181 1.27754 1.78549 -1.85396</i>
                        <i>0.999998 0.000108843 0.00204564 0.000108835 0.994354 -0.10611 -0.00204564 0.10611 0.994352 1.26647 1.86664 -2.10283</i>
                        <i>0.999999 -6.82147e-005 -0.00107517 -6.82219e-005 0.991981 -0.126388 0.00107517 0.126388 0.99198 1.28321 1.94555 -2.3632</i>
                        <i>0.999998 0.000160756 0.00213539 0.000160748 0.98873 -0.149711 -0.00213539 0.149711 0.988727 1.2671 2.02599 -2.64495</i>
                        <i>1 4.5713e-005 0.000529689 4.57059e-005 0.985216 -0.171314 -0.00052969 0.171314 0.985216 1.27516 2.08499 -2.9335</i>
                        <i>0.999999 -0.000113548 -0.00121585 -0.000113555 0.982707 -0.18517 0.00121585 0.18517 0.982706 1.28297 2.10267 -3.19275</i>
                        <i>1 5.44912e-005 0.000569889 5.44841e-005 0.981883 -0.189489 -0.00056989 0.189489 0.981883 1.27523 2.08459 -3.38672</i>
                        <i>0.999997 0.000229928 0.00244582 0.00022992 0.98248 -0.186366 -0.00244582 0.186366 0.982477 1.26759 2.05223 -3.48459</i>
                        <i>0.999999 0.000110824 0.00123868 0.000110817 0.984118 -0.177513 -0.00123868 0.177513 0.984118 1.27261 2.00673 -3.53055</i>
                        <i>1 0 0 0 0.986348 -0.164676 0 0.164676 0.986348 1.27762 1.94641 -3.57375</i>
                        <i>1 3.55573e-009 -4.93382e-010 -3.58979e-009 0.99051 -0.13744 2.44202e-017 0.13744 0.99051 1.27762 1.90763 -3.61747</i>
                        <i>1 3.5695e-009 -3.81153e-010 -3.58979e-009 0.994347 -0.106177 -3.04727e-016 0.106177 0.994347 1.27762 1.86648 -3.64579</i>
                        <i>1 3.57002e-009 -3.76239e-010 -3.58979e-009 0.994492 -0.104808 -4.44513e-016 0.104808 0.994492 1.27762 1.93343 -3.62208</i>
                        <i>1 3.56845e-009 -3.90885e-010 -3.58979e-009 0.994054 -0.108888 -2.27039e-016 0.108888 0.994054 1.27762 1.98564 -3.55525</i>
                        <i>1 3.564e-009 -4.29522e-010 -3.58979e-009 0.992816 -0.119651 -1.79942e-016 0.119651 0.992816 1.27762 2.00894 -3.45445</i>
                        <i>1 0 0 0 0.991025 -0.133679 0 0.133679 0.991025 1.27762 2.00479 -3.33648</i>
                        <i>0.999999 0.000120935 0.00165353 0.000120928 0.989359 -0.145493 -0.00165353 0.145493 0.989358 1.27042 1.97764 -3.20708</i>
                        <i>0.999995 0.00024162 0.0032292 0.000241612 0.988866 -0.148811 -0.0032292 0.148811 0.98886 1.26311 1.925 -3.07213</i>
                        <i>1 8.94964e-006 0.00014521 8.94248e-006 0.992438 -0.122749 -0.00014521 0.122749 0.992438 1.27695 1.91614 -2.95511</i>
                        <i>0.999996 -0.000134323 -0.0028117 -0.00013433 0.995446 -0.0953306 0.0028117 0.0953306 0.995442 1.29088 1.89612 -2.83191</i>
                        <i>1 -3.06716e-005 -0.000796556 -3.06788e-005 0.997038 -0.0769056 0.000796556 0.0769056 0.997038 1.28148 1.8626 -2.69425</i>
                        <i>0.999999 4.82547e-005 0.00112495 4.82475e-005 0.996327 -0.0856262 -0.00112495 0.0856262 0.996327 1.272 1.87537 -2.54418</i>
                        <i>1 2.7539e-005 0.000548162 2.75318e-005 0.994966 -0.100212 -0.000548162 0.100212 0.994966 1.2748 1.87022 -2.39652</i>
                        <i>1 0 0 0 0.993848 -0.110755 0 0.110755 0.993848 1.27762 1.84737 -2.25504</i>
