<?xml version="1.0" encoding="ISO-8859-1" ?>
<Animl Version="1">
    <ModellingPackage>
        <![CDATA[Maya.2010]]>
</ModellingPackage>
    <SrcFile>
        <![CDATA[anims\turrets\machinegun\blue\~src\mgun_m60\mgun_m60_fire.mb]]>
</SrcFile>
    <FramesPerSecond>30</FramesPerSecond>
    <TotalFrames>41</TotalFrames>
    <Skeleton>
        <RefFrame>
            <Name>
                <![CDATA[m60_ref_frame]]>
</Name>
            <Exclude>1</Exclude>
            <Additive>0</Additive>
            <IKPriority>0</IKPriority>
            <IKRotLimits>-1e+010 -1e+010 -1e+010 1e+010 1e+010 1e+010</IKRotLimits>
            <IKRotLimitOrder>0</IKRotLimitOrder>
            <KeyFrames count="41">
                <i>1 0 0 0 1 0 0 0 1 0 0.93 0.45</i>
                <i>1 0 0 0 1 0 0 0 1 0 0.93 0.45</i>
                <i>1 0 0 0 1 0 0 0 1 0 0.93 0.45</i>
                <i>1 0 0 0 1 0 0 0 1 0 0.93 0.45</i>
                <i>1 0 0 0 1 0 0 0 1 0 0.93 0.45</i>
                <i>1 0 0 0 1 0 0 0 1 0 0.93 0.45</i>
                <i>1 0 0 0 1 0 0 0 1 0 0.93 0.45</i>
                <i>1 0 0 0 1 0 0 0 1 0 0.93 0.45</i>
                <i>1 0 0 0 1 0 0 0 1 0 0.93 0.45</i>
                <i>1 0 0 0 1 0 0 0 1 0 0.93 0.45</i>
                <i>1 0 0 0 1 0 0 0 1 0 0.93 0.45</i>
                <i>1 0 0 0 1 0 0 0 1 0 0.93 0.45</i>
                <i>1 0 0 0 1 0 0 0 1 0 0.93 0.45</i>
                <i>1 0 0 0 1 0 0 0 1 0 0.93 0.45</i>
                <i>1 0 0 0 1 0 0 0 1 0 0.93 0.45</i>
                <i>1 0 0 0 1 0 0 0 1 0 0.93 0.45</i>
                <i>1 0 0 0 1 0 0 0 1 0 0.93 0.45</i>
                <i>1 0 0 0 1 0 0 0 1 0 0.93 0.45</i>
                <i>1 0 0 0 1 0 0 0 1 0 0.93 0.45</i>
                <i>1 0 0 0 1 0 0 0 1 0 0.93 0.45</i>
                <i>1 0 0 0 1 0 0 0 1 0 0.93 0.45</i>
                <i>1 0 0 0 1 0 0 0 1 0 0.93 0.45</i>
                <i>1 0 0 0 1 0 0 0 1 0 0.93 0.45</i>
                <i>1 0 0 0 1 0 0 0 1 0 0.93 0.45</i>
                <i>1 0 0 0 1 0 0 0 1 0 0.93 0.45</i>
                <i>1 0 0 0 1 0 0 0 1 0 0.93 0.45</i>
                <i>1 0 0 0 1 0 0 0 1 0 0.93 0.45</i>
                <i>1 0 0 0 1 0 0 0 1 0 0.93 0.45</i>
                <i>1 0 0 0 1 0 0 0 1 0 0.93 0.45</i>
                <i>1 0 0 0 1 0 0 0 1 0 0.93 0.45</i>
                <i>1 0 0 0 1 0 0 0 1 0 0.93 0.45</i>
                <i>1 0 0 0 1 0 0 0 1 0 0.93 0.45</i>
                <i>1 0 0 0 1 0 0 0 1 0 0.93 0.45</i>
                <i>1 0 0 0 1 0 0 0 1 0 0.93 0.45</i>
                <i>1 0 0 0 1 0 0 0 1 0 0.93 0.45</i>
                <i>1 0 0 0 1 0 0 0 1 0 0.93 0.45</i>
                <i>1 0 0 0 1 0 0 0 1 0 0.93 0.45</i>
                <i>1 0 0 0 1 0 0 0 1 0 0.93 0.45</i>
                <i>1 0 0 0 1 0 0 0 1 0 0.93 0.45</i>
                <i>1 0 0 0 1 0 0 0 1 0 0.93 0.45</i>
                <i>1 0 0 0 1 0 0 0 1 0 0.93 0.45</i>
            </KeyFrames>
        </RefFrame>
        <Bones count="21">
            <i>
                <p>
                    <Name>
                        <![CDATA[m60_root]]>
</Name>
                    <Exclude>1</Exclude>
                    <Additive>0</Additive>
                    <IKPriority>0</IKPriority>
                    <IKRotLimits>-1e+010 -1e+010 -1e+010 1e+010 1e+010 1e+010</IKRotLimits>
                    <IKRotLimitOrder>0</IKRotLimitOrder>
                    <KeyFrames count="41">
                        <i>1 0 0 0 1 0 0 0 1 0 0.92847 0.45</i>
                        <i>1 0 0 0 1 0 0 0 1 0 0.92847 0.45</i>
                        <i>1 0 0 0 1 0 0 0 1 0 0.92847 0.45</i>
                        <i>1 0 0 0 1 0 0 0 1 0 0.92847 0.45</i>
                        <i>1 0 0 0 1 0 0 0 1 0 0.92847 0.45</i>
                        <i>1 0 0 0 1 0 0 0 1 0 0.92847 0.45</i>
                        <i>1 0 0 0 1 0 0 0 1 0 0.92847 0.45</i>
                        <i>1 0 0 0 1 0 0 0 1 0 0.92847 0.45</i>
                        <i>1 0 0 0 1 0 0 0 1 0 0.92847 0.45</i>
                        <i>1 0 0 0 1 0 0 0 1 0 0.92847 0.45</i>
                        <i>1 0 0 0 1 0 0 0 1 0 0.92847 0.45</i>
                        <i>1 0 0 0 1 0 0 0 1 0 0.92847 0.45</i>
                        <i>1 0 0 0 1 0 0 0 1 0 0.92847 0.45</i>
                        <i>1 0 0 0 1 0 0 0 1 0 0.92847 0.45</i>
                        <i>1 0 0 0 1 0 0 0 1 0 0.92847 0.45</i>
                        <i>1 0 0 0 1 0 0 0 1 0 0.92847 0.45</i>
                        <i>1 0 0 0 1 0 0 0 1 0 0.92847 0.45</i>
                        <i>1 0 0 0 1 0 0 0 1 0 0.92847 0.45</i>
                        <i>1 0 0 0 1 0 0 0 1 0 0.92847 0.45</i>
                        <i>1 0 0 0 1 0 0 0 1 0 0.92847 0.45</i>
                        <i>1 0 0 0 1 0 0 0 1 0 0.92847 0.45</i>
                        <i>1 0 0 0 1 0 0 0 1 0 0.92847 0.45</i>
                        <i>1 0 0 0 1 0 0 0 1 0 0.92847 0.45</i>
                        <i>1 0 0 0 1 0 0 0 1 0 0.92847 0.45</i>
                        <i>1 0 0 0 1 0 0 0 1 0 0.92847 0.45</i>
                        <i>1 0 0 0 1 0 0 0 1 0 0.92847 0.45</i>
                        <i>1 0 0 0 1 0 0 0 1 0 0.92847 0.45</i>
                        <i>1 0 0 0 1 0 0 0 1 0 0.92847 0.45</i>
                        <i>1 0 0 0 1 0 0 0 1 0 0.92847 0.45</i>
                        <i>1 0 0 0 1 0 0 0 1 0 0.92847 0.45</i>
                        <i>1 0 0 0 1 0 0 0 1 0 0.92847 0.45</i>
                        <i>1 0 0 0 1 0 0 0 1 0 0.92847 0.45</i>
                        <i>1 0 0 0 1 0 0 0 1 0 0.92847 0.45</i>
                        <i>1 0 0 0 1 0 0 0 1 0 0.92847 0.45</i>
                        <i>1 0 0 0 1 0 0 0 1 0 0.92847 0.45</i>
                        <i>1 0 0 0 1 0 0 0 1 0 0.92847 0.45</i>
                        <i>1 0 0 0 1 0 0 0 1 0 0.92847 0.45</i>
                        <i>1 0 0 0 1 0 0 0 1 0 0.92847 0.45</i>
                        <i>1 0 0 0 1 0 0 0 1 0 0.92847 0.45</i>
                        <i>1 0 0 0 1 0 0 0 1 0 0.92847 0.45</i>
                        <i>1 0 0 0 1 0 0 0 1 0 0.92847 0.45</i>
                    </KeyFrames>
                </p>
            </i>
            <i>
                <p>
                    <Name>
                        <![CDATA[body]]>
</Name>
                    <Exclude>1</Exclude>
                    <Additive>0</Additive>
                    <IKPriority>0</IKPriority>
                    <IKRotLimits>-1e+010 -1e+010 -1e+010 1e+010 1e+010 1e+010</IKRotLimits>
                    <IKRotLimitOrder>0</IKRotLimitOrder>
                    <KeyFrames count="41">
                        <i>1 0 0 0 1 0 0 0 1 0 1.87829 0.45</i>
                        <i>1 0 0 0 1 0 0 0 1 0 1.87829 0.45</i>
                        <i>1 0 0 0 1 0 0 0 1 0 1.87829 0.45</i>
                        <i>1 0 0 0 1 0 0 0 1 0 1.87829 0.45</i>
                        <i>1 0 0 0 1 0 0 0 1 0 1.87829 0.45</i>
                        <i>1 0 0 0 1 0 0 0 1 0 1.87829 0.45</i>
                        <i>1 0 0 0 1 0 0 0 1 0 1.87829 0.45</i>
                        <i>1 0 0 0 1 0 0 0 1 0 1.87829 0.45</i>
                        <i>1 0 0 0 1 0 0 0 1 0 1.87829 0.45</i>
                        <i>1 0 0 0 1 0 0 0 1 0 1.87829 0.45</i>
                        <i>1 0 0 0 1 0 0 0 1 0 1.87829 0.45</i>
                        <i>1 0 0 0 1 0 0 0 1 0 1.87829 0.45</i>
                        <i>1 0 0 0 1 0 0 0 1 0 1.87829 0.45</i>
                        <i>1 0 0 0 1 0 0 0 1 0 1.87829 0.45</i>
                        <i>1 0 0 0 1 0 0 0 1 0 1.87829 0.45</i>
                        <i>1 0 0 0 1 0 0 0 1 0 1.87829 0.45</i>
                        <i>1 0 0 0 1 0 0 0 1 0 1.87829 0.45</i>
                        <i>1 0 0 0 1 0 0 0 1 0 1.87829 0.45</i>
                        <i>1 0 0 0 1 0 0 0 1 0 1.87829 0.45</i>
                        <i>1 0 0 0 1 0 0 0 1 0 1.87829 0.45</i>
                        <i>1 0 0 0 1 0 0 0 1 0 1.87829 0.45</i>
                        <i>1 0 0 0 1 0 0 0 1 0 1.87829 0.45</i>
                        <i>1 0 0 0 1 0 0 0 1 0 1.87829 0.45</i>
                        <i>1 0 0 0 1 0 0 0 1 0 1.87829 0.45</i>
                        <i>1 0 0 0 1 0 0 0 1 0 1.87829 0.45</i>
                        <i>1 0 0 0 1 0 0 0 1 0 1.87829 0.45</i>
                        <i>1 0 0 0 1 0 0 0 1 0 1.87829 0.45</i>
                        <i>1 0 0 0 1 0 0 0 1 0 1.87829 0.45</i>
                        <i>1 0 0 0 1 0 0 0 1 0 1.87829 0.45</i>
                        <i>1 0 0 0 1 0 0 0 1 0 1.87829 0.45</i>
                        <i>1 0 0 0 1 0 0 0 1 0 1.87829 0.45</i>
                        <i>1 0 0 0 1 0 0 0 1 0 1.87829 0.45</i>
                        <i>1 0 0 0 1 0 0 0 1 0 1.87829 0.45</i>
                        <i>1 0 0 0 1 0 0 0 1 0 1.87829 0.45</i>
                        <i>1 0 0 0 1 0 0 0 1 0 1.87829 0.45</i>
                        <i>1 0 0 0 1 0 0 0 1 0 1.87829 0.45</i>
                        <i>1 0 0 0 1 0 0 0 1 0 1.87829 0.45</i>
                        <i>1 0 0 0 1 0 0 0 1 0 1.87829 0.45</i>
                        <i>1 0 0 0 1 0 0 0 1 0 1.87829 0.45</i>
                        <i>1 0 0 0 1 0 0 0 1 0 1.87829 0.45</i>
                        <i>1 0 0 0 1 0 0 0 1 0 1.87829 0.45</i>
                    </KeyFrames>
                </p>
            </i>
            <i>
                <p>
                    <Name>
                        <![CDATA[yaw]]>
</Name>
                    <Exclude>0</Exclude>
                    <Additive>0</Additive>
                    <IKPriority>0</IKPriority>
                    <IKRotLimits>-1e+010 -1e+010 -1e+010 1e+010 1e+010 1e+010</IKRotLimits>
                    <IKRotLimitOrder>0</IKRotLimitOrder>
                    <KeyFrames count="41">
                        <i>1 0 0 0 1 0 0 0 1 0 1.91437 0.45</i>
                        <i>1 0 0 0 1 0 0 0 1 0 1.88854 0.310743</i>
                        <i>1 0 0 0 1 0 0 0 1 0 1.91437 0.33727</i>
                        <i>1 0 0 0 1 0 0 0 1 0 1.93929 0.391032</i>
                        <i>1 0 0 0 1 0 0 0 1 0 1.93156 0.421848</i>
                        <i>1 0 0 0 1 0 0 0 1 0 1.91437 0.45</i>
                        <i>1 0 0 0 1 0 0 0 1 0 1.88854 0.310743</i>
                        <i>1 0 0 0 1 0 0 0 1 0 1.91437 0.33727</i>
                        <i>1 0 0 0 1 0 0 0 1 0 1.93929 0.391032</i>
                        <i>1 0 0 0 1 0 0 0 1 0 1.93156 0.421848</i>
                        <i>1 0 0 0 1 0 0 0 1 0 1.91437 0.45</i>
                        <i>1 0 0 0 1 0 0 0 1 0 1.88854 0.310743</i>
                        <i>1 0 0 0 1 0 0 0 1 0 1.91437 0.33727</i>
                        <i>1 0 0 0 1 0 0 0 1 0 1.93929 0.391032</i>
                        <i>1 0 0 0 1 0 0 0 1 0 1.93156 0.421848</i>
                        <i>1 0 0 0 1 0 0 0 1 0 1.91437 0.45</i>
                        <i>1 0 0 0 1 0 0 0 1 0 1.88854 0.310743</i>
                        <i>1 0 0 0 1 0 0 0 1 0 1.91437 0.33727</i>
                        <i>1 0 0 0 1 0 0 0 1 0 1.93929 0.391032</i>
                        <i>1 0 0 0 1 0 0 0 1 0 1.93156 0.421848</i>
                        <i>1 0 0 0 1 0 0 0 1 0 1.91437 0.45</i>
                        <i>1 0 0 0 1 0 0 0 1 0 1.88854 0.310743</i>
                        <i>1 0 0 0 1 0 0 0 1 0 1.91437 0.33727</i>
                        <i>1 0 0 0 1 0 0 0 1 0 1.93929 0.391032</i>
                        <i>1 0 0 0 1 0 0 0 1 0 1.93156 0.421848</i>
                        <i>1 0 0 0 1 0 0 0 1 0 1.91437 0.45</i>
                        <i>1 0 0 0 1 0 0 0 1 0 1.88854 0.310743</i>
                        <i>1 0 0 0 1 0 0 0 1 0 1.91437 0.33727</i>
                        <i>1 0 0 0 1 0 0 0 1 0 1.93929 0.391032</i>
                        <i>1 0 0 0 1 0 0 0 1 0 1.93156 0.421848</i>
                        <i>1 0 0 0 1 0 0 0 1 0 1.91437 0.45</i>
                        <i>1 0 0 0 1 0 0 0 1 0 1.88854 0.310743</i>
                        <i>1 0 0 0 1 0 0 0 1 0 1.91437 0.33727</i>
                        <i>1 0 0 0 1 0 0 0 1 0 1.93929 0.391032</i>
                        <i>1 0 0 0 1 0 0 0 1 0 1.93156 0.421848</i>
                        <i>1 0 0 0 1 0 0 0 1 0 1.91437 0.45</i>
                        <i>1 0 0 0 1 0 0 0 1 0 1.88854 0.310743</i>
                        <i>1 0 0 0 1 0 0 0 1 0 1.91437 0.33727</i>
                        <i>1 0 0 0 1 0 0 0 1 0 1.93929 0.391032</i>
                        <i>1 0 0 0 1 0 0 0 1 0 1.93156 0.421848</i>
                        <i>1 0 0 0 1 0 0 0 1 0 1.91437 0.45</i>
                    </KeyFrames>
                </p>
            </i>
            <i>
                <p>
                    <Name>
                        <![CDATA[pitch]]>
</Name>
                    <Exclude>0</Exclude>
                    <Additive>1</Additive>
                    <IKPriority>0</IKPriority>
                    <IKRotLimits>-1e+010 -1e+010 -1e+010 1e+010 1e+010 1e+010</IKRotLimits>
                    <IKRotLimitOrder>0</IKRotLimitOrder>
                    <KeyFrames count="41">
                        <i>1 0 0 0 1 0 0 0 1 0 2.19914 0.45</i>
                        <i>0.999886 -0.015035 -0.0014901 0.0150663 0.999603 0.0238237 0.00113132 -0.0238434 0.999715 0 2.1733 0.310743</i>
                        <i>0.999982 0.00582604 -0.00125727 -0.00584411 0.999872 -0.0148886 0.00117037 0.0148957 0.999888 0 2.19914 0.33727</i>
                        <i>0.999991 0.00416599 -0.000628635 -0.00417056 0.999964 -0.00744454 0.000597598 0.00744709 0.999972 0 2.22406 0.391032</i>
                        <i>1 0 0 0 1 0 0 0 1 0 2.21632 0.421848</i>
                        <i>0.999886 -0.015035 -0.0014901 0.0150663 0.999603 0.0238237 0.00113132 -0.0238434 0.999715 0 2.19914 0.45</i>
                        <i>0.999982 0.00582604 -0.00125727 -0.00584411 0.999872 -0.0148886 0.00117037 0.0148957 0.999888 0 2.1733 0.310743</i>
                        <i>0.999991 0.00416599 -0.000628635 -0.00417056 0.999964 -0.00744454 0.000597598 0.00744709 0.999972 0 2.19914 0.33727</i>
                        <i>1 0 0 0 1 0 0 0 1 0 2.22406 0.391032</i>
                        <i>0.999886 -0.015035 -0.0014901 0.0150663 0.999603 0.0238237 0.00113132 -0.0238434 0.999715 0 2.21632 0.421848</i>
                        <i>0.999982 0.00582604 -0.00125727 -0.00584411 0.999872 -0.0148886 0.00117037 0.0148957 0.999888 0 2.19914 0.45</i>
                        <i>0.999991 0.00416599 -0.000628635 -0.00417056 0.999964 -0.00744454 0.000597598 0.00744709 0.999972 0 2.1733 0.310743</i>
                        <i>1 0 0 0 1 0 0 0 1 0 2.19914 0.33727</i>
                        <i>0.999886 -0.015035 -0.0014901 0.0150663 0.999603 0.0238237 0.00113132 -0.0238434 0.999715 0 2.22406 0.391032</i>
                        <i>0.999982 0.00582604 -0.00125727 -0.00584411 0.999872 -0.0148886 0.00117037 0.0148957 0.999888 0 2.21632 0.421848</i>
                        <i>0.999991 0.00416599 -0.000628635 -0.00417056 0.999964 -0.00744454 0.000597598 0.00744709 0.999972 0 2.19914 0.45</i>
                        <i>1 0 0 0 1 0 0 0 1 0 2.1733 0.310743</i>
                        <i>0.999886 -0.015035 -0.0014901 0.0150663 0.999603 0.0238237 0.00113132 -0.0238434 0.999715 0 2.19914 0.33727</i>
                        <i>0.999982 0.00582604 -0.00125727 -0.00584411 0.999872 -0.0148886 0.00117037 0.0148957 0.999888 0 2.22406 0.391032</i>
                        <i>0.999991 0.00416599 -0.000628635 -0.00417056 0.999964 -0.00744454 0.000597598 0.00744709 0.999972 0 2.21632 0.421848</i>
                        <i>1 0 0 0 1 0 0 0 1 0 2.19914 0.45</i>
                        <i>0.999886 -0.015035 -0.0014901 0.0150663 0.999603 0.0238237 0.00113132 -0.0238434 0.999715 0 2.1733 0.310743</i>
                        <i>0.999982 0.00582604 -0.00125727 -0.00584411 0.999872 -0.0148886 0.00117037 0.0148957 0.999888 0 2.19914 0.33727</i>
                        <i>0.999991 0.00416599 -0.000628635 -0.00417056 0.999964 -0.00744454 0.000597598 0.00744709 0.999972 0 2.22406 0.391032</i>
                        <i>1 0 0 0 1 0 0 0 1 0 2.21632 0.421848</i>
                        <i>0.999886 -0.015035 -0.0014901 0.0150663 0.999603 0.0238237 0.00113132 -0.0238434 0.999715 0 2.19914 0.45</i>
                        <i>0.999982 0.00582604 -0.00125727 -0.00584411 0.999872 -0.0148886 0.00117037 0.0148957 0.999888 0 2.1733 0.310743</i>
                        <i>0.999991 0.00416599 -0.000628635 -0.00417056 0.999964 -0.00744454 0.000597598 0.00744709 0.999972 0 2.19914 0.33727</i>
                        <i>1 0 0 0 1 0 0 0 1 0 2.22406 0.391032</i>
                        <i>0.999886 -0.015035 -0.0014901 0.0150663 0.999603 0.0238237 0.00113132 -0.0238434 0.999715 0 2.21632 0.421848</i>
                        <i>0.999982 0.00582604 -0.00125727 -0.00584411 0.999872 -0.0148886 0.00117037 0.0148957 0.999888 0 2.19914 0.45</i>
                        <i>0.999991 0.00416599 -0.000628635 -0.00417056 0.999964 -0.00744454 0.000597598 0.00744709 0.999972 0 2.1733 0.310743</i>
                        <i>1 0 0 0 1 0 0 0 1 0 2.19914 0.33727</i>
                        <i>0.999886 -0.015035 -0.0014901 0.0150663 0.999603 0.0238237 0.00113132 -0.0238434 0.999715 0 2.22406 0.391032</i>
                        <i>0.999982 0.00582604 -0.00125727 -0.00584411 0.999872 -0.0148886 0.00117037 0.0148957 0.999888 0 2.21632 0.421848</i>
                        <i>0.999991 0.00416599 -0.000628635 -0.00417056 0.999964 -0.00744454 0.000597598 0.00744709 0.999972 0 2.19914 0.45</i>
                        <i>1 0 0 0 1 0 0 0 1 0 2.1733 0.310743</i>
                        <i>0.999886 -0.015035 -0.0014901 0.0150663 0.999603 0.0238237 0.00113132 -0.0238434 0.999715 0 2.19914 0.33727</i>
                        <i>0.999982 0.00582604 -0.00125727 -0.00584411 0.999872 -0.0148886 0.00117037 0.0148957 0.999888 0 2.22406 0.391032</i>
                        <i>0.999991 0.00416599 -0.000628635 -0.00417056 0.999964 -0.00744454 0.000597598 0.00744709 0.999972 0 2.21632 0.421848</i>
                        <i>1 0 0 0 1 0 0 0 1 0 2.19914 0.45</i>
                    </KeyFrames>
                </p>
            </i>
            <i>
                <p>
                    <Name>
                        <![CDATA[l_hatch]]>
</Name>
                    <Exclude>0</Exclude>
                    <Additive>0</Additive>
                    <IKPriority>0</IKPriority>
                    <IKRotLimits>-1e+010 -1e+010 -1e+010 1e+010 1e+010 1e+010</IKRotLimits>
                    <IKRotLimitOrder>0</IKRotLimitOrder>
                    <KeyFrames count="41">
                        <i>1 0 0 0 1 0 0 0 1 0.40682 2.4852 0.412389</i>
                        <i>0.999886 -0.015035 -0.0014901 0.0150663 0.999603 0.0238237 0.00113132 -0.0238434 0.999715 0.411041 2.45404 0.279351</i>
                        <i>0.999982 0.00582604 -0.00125727 -0.00584411 0.999872 -0.0148886 0.00117037 0.0148957 0.999888 0.405097 2.48698 0.294892</i>
                        <i>0.999991 0.00416599 -0.000628635 -0.00417056 0.999964 -0.00744454 0.000597598 0.00744709 0.999972 0.4056 2.51153 0.351036</i>
                        <i>1 0 0 0 1 0 0 0 1 0.40682 2.50239 0.384237</i>
                        <i>0.999886 -0.015035 -0.0014901 0.0150874 0.998843 0.045666 0.000801783 -0.0456833 0.998956 0.411041 2.47987 0.418609</i>
                        <i>0.999982 0.00582604 -0.00125727 -0.00575969 0.998853 0.0475385 0.00153279 -0.0475305 0.998869 0.405097 2.46115 0.268365</i>
                        <i>0.999991 0.00416599 -0.000628635 -0.00410543 0.997039 0.0767814 0.000946645 -0.0767782 0.997048 0.4056 2.48661 0.297274</i>
                        <i>1 0 0 0 0.998051 0.0624051 0 -0.0624051 0.998051 0.40682 2.51012 0.353421</i>
                        <i>0.999886 -0.015035 -0.0014901 0.0150874 0.998843 0.045666 0.000801784 -0.0456833 0.998956 0.411041 2.49706 0.390457</i>
                        <i>0.999982 0.00582604 -0.00125727 -0.00584411 0.999872 -0.0148886 0.00117037 0.0148957 0.999888 0.405097 2.48698 0.407622</i>
                        <i>0.999991 0.00416599 -0.000628635 -0.00417056 0.999964 -0.00744454 0.000597598 0.00744709 0.999972 0.4056 2.46078 0.270747</i>
                        <i>1 0 0 0 1 0 0 0 1 0.40682 2.48521 0.299659</i>
                        <i>0.999886 -0.015035 -0.0014901 0.0150663 0.999603 0.0238237 0.00113132 -0.0238434 0.999715 0.411041 2.50479 0.35964</i>
                        <i>0.999982 0.00582604 -0.00125727 -0.00581714 0.999959 0.00696672 0.00129781 -0.00695928 0.999975 0.405097 2.50417 0.379471</i>
                        <i>0.999991 0.00416599 -0.000628635 -0.00412514 0.998479 0.0549733 0.000856698 -0.0549703 0.998488 0.4056 2.48661 0.410005</i>
                        <i>1 0 0 0 0.996449 0.0842019 0 -0.0842019 0.996449 0.40682 2.45937 0.273132</i>
                        <i>0.999886 -0.015035 -0.0014901 0.0151075 0.996166 0.0861646 0.000188897 -0.0861773 0.99628 0.411041 2.47988 0.305878</i>
                        <i>0.999982 0.00582604 -0.00125727 -0.00581714 0.999959 0.00696671 0.00129781 -0.00695927 0.999975 0.405097 2.5119 0.348654</i>
                        <i>0.999991 0.00416599 -0.000628635 -0.00417056 0.999964 -0.00744454 0.000597598 0.00744709 0.999972 0.4056 2.5038 0.381853</i>
                        <i>1 0 0 0 0.999913 0.0131718 0 -0.0131718 0.999913 0.40682 2.4852 0.412389</i>
                        <i>0.999886 -0.015035 -0.0014901 0.0151006 0.99771 0.0659289 0.000495443 -0.0659438 0.997823 0.411041 2.45404 0.279351</i>
                        <i>0.999982 0.00582604 -0.00125727 -0.00574616 0.998402 0.0562107 0.00158275 -0.0562025 0.998418 0.405097 2.48698 0.294892</i>
                        <i>0.999991 0.00416599 -0.000628635 -0.00410543 0.997039 0.0767814 0.000946645 -0.0767782 0.997048 0.4056 2.51153 0.351036</i>
                        <i>1 0 0 0 0.998051 0.0624051 0 -0.0624051 0.998051 0.40682 2.50239 0.384237</i>
                        <i>0.999886 -0.015035 -0.0014901 0.0150874 0.998843 0.045666 0.000801783 -0.0456833 0.998956 0.411041 2.47987 0.418609</i>
                        <i>0.999982 0.00582604 -0.00125727 -0.00584411 0.999872 -0.0148886 0.00117037 0.0148957 0.999888 0.405097 2.46115 0.268365</i>
                        <i>0.999991 0.00416599 -0.000628635 -0.00414167 0.999389 0.0346992 0.000772808 -0.0346963 0.999398 0.4056 2.48661 0.297274</i>
                        <i>1 0 0 0 0.996449 0.0842019 0 -0.0842019 0.996449 0.40682 2.51012 0.353421</i>
                        <i>0.999886 -0.015035 -0.0014901 0.0151084 0.995609 0.0923842 9.45543e-005 -0.0923962 0.995722 0.411041 2.49706 0.390457</i>
                        <i>0.999982 0.00582604 -0.00125727 -0.00580048 0.999794 0.0194547 0.00137035 -0.019447 0.99981 0.405097 2.48698 0.407622</i>
                        <i>0.999991 0.00416599 -0.000628635 -0.00417056 0.999964 -0.00744454 0.000597598 0.00744709 0.999972 0.4056 2.46078 0.270747</i>
                        <i>1 0 0 0 1 0 0 0 1 0.40682 2.48521 0.299659</i>
                        <i>0.999886 -0.015035 -0.0014901 0.0150663 0.999603 0.0238237 0.00113132 -0.0238434 0.999715 0.411041 2.50479 0.35964</i>
                        <i>0.999982 0.00582604 -0.00125727 -0.00584411 0.999872 -0.0148886 0.00117037 0.0148957 0.999888 0.405097 2.50417 0.379471</i>
                        <i>0.999991 0.00416599 -0.000628635 -0.00417056 0.999964 -0.00744454 0.000597598 0.00744709 0.999972 0.4056 2.48661 0.410005</i>
                        <i>1 0 0 0 1 0 0 0 1 0.40682 2.45937 0.273132</i>
                        <i>0.999886 -0.015035 -0.0014901 0.0150663 0.999603 0.0238237 0.00113132 -0.0238434 0.999715 0.411041 2.47988 0.305878</i>
                        <i>0.999982 0.00582604 -0.00125727 -0.00584411 0.999872 -0.0148886 0.00117037 0.0148957 0.999888 0.405097 2.5119 0.348654</i>
                        <i>0.999991 0.00416599 -0.000628635 -0.00417056 0.999964 -0.00744454 0.000597598 0.00744709 0.999972 0.4056 2.5038 0.381853</i>
                        <i>1 0 0 0 1 0 0 0 1 0.40682 2.4852 0.412389</i>
                    </KeyFrames>
                </p>
            </i>
            <i>
                <p>
                    <Name>
                        <![CDATA[r_hatch]]>
</Name>
                    <Exclude>0</Exclude>
                    <Additive>0</Additive>
                    <IKPriority>0</IKPriority>
                    <IKRotLimits>-1e+010 -1e+010 -1e+010 1e+010 1e+010 1e+010</IKRotLimits>
                    <IKRotLimitOrder>0</IKRotLimitOrder>
                    <KeyFrames count="41">
                        <i>1 0 0 0 1 0 0 0 1 -0.377854 2.4852 0.412389</i>
                        <i>0.999886 -0.015035 -0.0014901 0.0150663 0.999603 0.0238237 0.00113132 -0.0238434 0.999715 -0.373544 2.46584 0.280521</i>
                        <i>0.999982 0.00582604 -0.00125727 -0.00584411 0.999872 -0.0148886 0.00117037 0.0148957 0.999888 -0.379563 2.48241 0.295879</i>
                        <i>0.999991 0.00416599 -0.000628635 -0.00417056 0.999964 -0.00744454 0.000597598 0.00744709 0.999972 -0.379066 2.50826 0.35153</i>
                        <i>1 0 0 0 0.999761 0.0218543 0 -0.0218543 0.999761 -0.377854 2.50239 0.384237</i>
                        <i>0.999886 -0.015035 -0.0014901 0.0151075 0.996166 0.0861646 0.000188898 -0.0861773 0.99628 -0.373544 2.49167 0.419778</i>
                        <i>0.999982 0.00582604 -0.00125727 -0.00572481 0.997575 0.0693567 0.0016583 -0.0693483 0.997591 -0.379563 2.45657 0.269352</i>
                        <i>0.999991 0.00416599 -0.000628635 -0.00412514 0.998479 0.0549734 0.000856698 -0.0549703 0.998488 -0.379066 2.48335 0.297768</i>
                        <i>1 0 0 0 0.999761 0.0218543 0 -0.0218543 0.999761 -0.377854 2.51012 0.353421</i>
                        <i>0.999886 -0.015035 -0.0014901 0.0150663 0.999603 0.0238237 0.00113132 -0.0238434 0.999715 -0.373544 2.50886 0.391626</i>
                        <i>0.999982 0.00582604 -0.00125727 -0.00584411 0.999872 -0.0148886 0.00117037 0.0148957 0.999888 -0.379563 2.48241 0.408609</i>
                        <i>0.999991 0.00416599 -0.000628635 -0.00417056 0.999964 -0.00744454 0.000597598 0.00744709 0.999972 -0.379066 2.45751 0.271241</i>
                        <i>1 0 0 0 1 0 0 0 1 -0.377854 2.48521 0.299659</i>
                        <i>0.999886 -0.015035 -0.0014901 0.0150874 0.998843 0.045666 0.000801783 -0.0456833 0.998956 -0.373544 2.51659 0.36081</i>
                        <i>0.999982 0.00582604 -0.00125727 -0.00575969 0.998853 0.0475385 0.00153279 -0.0475305 0.998869 -0.379563 2.4996 0.380457</i>
                        <i>0.999991 0.00416599 -0.000628635 -0.00410543 0.997039 0.0767814 0.000946645 -0.0767782 0.997048 -0.379066 2.48334 0.410498</i>
                        <i>1 0 0 0 0.998051 0.0624051 0 -0.0624051 0.998051 -0.377854 2.45937 0.273132</i>
                        <i>0.999886 -0.015035 -0.0014901 0.0150874 0.998843 0.045666 0.000801783 -0.0456833 0.998956 -0.373544 2.49167 0.307048</i>
                        <i>0.999982 0.00582604 -0.00125727 -0.00584411 0.999872 -0.0148886 0.00117037 0.0148957 0.999888 -0.379563 2.50733 0.349641</i>
                        <i>0.999991 0.00416599 -0.000628635 -0.00416233 0.999975 0.00572748 0.00065248 -0.00572482 0.999983 -0.379066 2.50053 0.382346</i>
                        <i>1 0 0 0 0.999112 0.0421384 0 -0.0421384 0.999112 -0.377854 2.4852 0.412389</i>
                        <i>0.999886 -0.015035 -0.0014901 0.0151086 0.99538 0.0948128 5.7701e-005 -0.0948244 0.995494 -0.373544 2.46584 0.280521</i>
                        <i>0.999982 0.00582604 -0.00125727 -0.00572481 0.997575 0.0693567 0.0016583 -0.0693483 0.997591 -0.379563 2.48241 0.295879</i>
                        <i>0.999991 0.00416599 -0.000628635 -0.00412514 0.998479 0.0549734 0.000856698 -0.0549703 0.998488 -0.379066 2.50826 0.35153</i>
                        <i>1 0 0 0 0.999761 0.0218542 0 -0.0218542 0.999761 -0.377854 2.50239 0.384237</i>
                        <i>0.999886 -0.015035 -0.0014901 0.0150663 0.999603 0.0238237 0.00113132 -0.0238434 0.999715 -0.373544 2.49167 0.419778</i>
                        <i>0.999982 0.00582604 -0.00125727 -0.00581714 0.999959 0.00696675 0.00129781 -0.00695931 0.999975 -0.379563 2.45657 0.269352</i>
                        <i>0.999991 0.00416599 -0.000628635 -0.00412514 0.998479 0.0549733 0.000856698 -0.0549703 0.998488 -0.379066 2.48335 0.297768</i>
                        <i>1 0 0 0 0.996449 0.0842019 0 -0.0842019 0.996449 -0.377854 2.51012 0.353421</i>
                        <i>0.999886 -0.015035 -0.0014901 0.0151084 0.995609 0.0923842 9.45543e-005 -0.0923962 0.995722 -0.373544 2.50886 0.391626</i>
                        <i>0.999982 0.00582604 -0.00125727 -0.00580048 0.999794 0.0194547 0.00137035 -0.019447 0.99981 -0.379563 2.48241 0.408609</i>
                        <i>0.999991 0.00416599 -0.000628635 -0.00417056 0.999964 -0.00744454 0.000597598 0.00744709 0.999972 -0.379066 2.45751 0.271241</i>
                        <i>1 0 0 0 1 0 0 0 1 -0.377854 2.48521 0.299659</i>
                        <i>0.999886 -0.015035 -0.0014901 0.0150663 0.999603 0.0238237 0.00113132 -0.0238434 0.999715 -0.373544 2.51659 0.36081</i>
                        <i>0.999982 0.00582604 -0.00125727 -0.00584411 0.999872 -0.0148886 0.00117037 0.0148957 0.999888 -0.379563 2.4996 0.380457</i>
                        <i>0.999991 0.00416599 -0.000628635 -0.00417056 0.999964 -0.00744454 0.000597598 0.00744709 0.999972 -0.379066 2.48334 0.410498</i>
                        <i>1 0 0 0 1 0 0 0 1 -0.377854 2.45937 0.273132</i>
                        <i>0.999886 -0.015035 -0.0014901 0.0150663 0.999603 0.0238237 0.00113132 -0.0238434 0.999715 -0.373544 2.49167 0.307048</i>
                        <i>0.999982 0.00582604 -0.00125727 -0.00584411 0.999872 -0.0148886 0.00117037 0.0148957 0.999888 -0.379563 2.50733 0.349641</i>
                        <i>0.999991 0.00416599 -0.000628635 -0.00417056 0.999964 -0.00744454 0.000597598 0.00744709 0.999972 -0.379066 2.50053 0.382346</i>
                        <i>1 0 0 0 1 0 0 0 1 -0.377854 2.4852 0.412389</i>
                    </KeyFrames>
                </p>
            </i>
            <i>
                <p>
                    <Name>
                        <![CDATA[crosshair_stay]]>
</Name>
                    <Exclude>1</Exclude>
                    <Additive>0</Additive>
                    <IKPriority>0</IKPriority>
                    <IKRotLimits>-1e+010 -1e+010 -1e+010 1e+010 1e+010 1e+010</IKRotLimits>
                    <IKRotLimitOrder>0</IKRotLimitOrder>
                    <KeyFrames count="41">
                        <i>1 0 0 0 1 0 0 0 1 0 2.24932 0.45</i>
                        <i>1 0 0 0 1 0 0 0 1 0 2.24932 0.45</i>
                        <i>1 0 0 0 1 0 0 0 1 0 2.24932 0.45</i>
                        <i>1 0 0 0 1 0 0 0 1 0 2.24932 0.45</i>
                        <i>1 0 0 0 1 0 0 0 1 0 2.24932 0.45</i>
                        <i>1 0 0 0 1 0 0 0 1 0 2.24932 0.45</i>
                        <i>1 0 0 0 1 0 0 0 1 0 2.24932 0.45</i>
                        <i>1 0 0 0 1 0 0 0 1 0 2.24932 0.45</i>
                        <i>1 0 0 0 1 0 0 0 1 0 2.24932 0.45</i>
                        <i>1 0 0 0 1 0 0 0 1 0 2.24932 0.45</i>
                        <i>1 0 0 0 1 0 0 0 1 0 2.24932 0.45</i>
                        <i>1 0 0 0 1 0 0 0 1 0 2.24932 0.45</i>
                        <i>1 0 0 0 1 0 0 0 1 0 2.24932 0.45</i>
                        <i>1 0 0 0 1 0 0 0 1 0 2.24932 0.45</i>
                        <i>1 0 0 0 1 0 0 0 1 0 2.24932 0.45</i>
                        <i>1 0 0 0 1 0 0 0 1 0 2.24932 0.45</i>
                        <i>1 0 0 0 1 0 0 0 1 0 2.24932 0.45</i>
                        <i>1 0 0 0 1 0 0 0 1 0 2.24932 0.45</i>
                        <i>1 0 0 0 1 0 0 0 1 0 2.24932 0.45</i>
                        <i>1 0 0 0 1 0 0 0 1 0 2.24932 0.45</i>
                        <i>1 0 0 0 1 0 0 0 1 0 2.24932 0.45</i>
                        <i>1 0 0 0 1 0 0 0 1 0 2.24932 0.45</i>
                        <i>1 0 0 0 1 0 0 0 1 0 2.24932 0.45</i>
                        <i>1 0 0 0 1 0 0 0 1 0 2.24932 0.45</i>
                        <i>1 0 0 0 1 0 0 0 1 0 2.24932 0.45</i>
                        <i>1 0 0 0 1 0 0 0 1 0 2.24932 0.45</i>
                        <i>1 0 0 0 1 0 0 0 1 0 2.24932 0.45</i>
                        <i>1 0 0 0 1 0 0 0 1 0 2.24932 0.45</i>
                        <i>1 0 0 0 1 0 0 0 1 0 2.24932 0.45</i>
                        <i>1 0 0 0 1 0 0 0 1 0 2.24932 0.45</i>
                        <i>1 0 0 0 1 0 0 0 1 0 2.24932 0.45</i>
                        <i>1 0 0 0 1 0 0 0 1 0 2.24932 0.45</i>
                        <i>1 0 0 0 1 0 0 0 1 0 2.24932 0.45</i>
                        <i>1 0 0 0 1 0 0 0 1 0 2.24932 0.45</i>
                        <i>1 0 0 0 1 0 0 0 1 0 2.24932 0.45</i>
                        <i>1 0 0 0 1 0 0 0 1 0 2.24932 0.45</i>
                        <i>1 0 0 0 1 0 0 0 1 0 2.24932 0.45</i>
                        <i>1 0 0 0 1 0 0 0 1 0 2.24932 0.45</i>
                        <i>1 0 0 0 1 0 0 0 1 0 2.24932 0.45</i>
                        <i>1 0 0 0 1 0 0 0 1 0 2.24932 0.45</i>
                        <i>1 0 0 0 1 0 0 0 1 0 2.24932 0.45</i>
                    </KeyFrames>
                </p>
            </i>
            <i>
                <p>
                    <Name>
                        <![CDATA[l_ammobelt_1]]>
</Name>
                    <Exclude>0</Exclude>
                    <Additive>1</Additive>
                    <IKPriority>0</IKPriority>
                    <IKRotLimits>-1e+010 -1e+010 -1e+010 1e+010 1e+010 1e+010</IKRotLimits>
                    <IKRotLimitOrder>0</IKRotLimitOrder>
                    <KeyFrames count="41">
                        <i>0.995345 -0.0963808 0 0.0963808 0.995345 0 0 0 1 0.385007 2.41014 0.185278</i>
                        <i>0.974394 0.224806 0.004259 -0.224843 0.974112 0.0234872 0.00113132 -0.0238434 0.999715 0.387843 2.38474 0.0505495</i>
                        <i>0.893111 0.44977 -0.00774579 -0.449835 0.89302 -0.0127771 0.00117037 0.0148957 0.999888 0.383457 2.40841 0.0689518</i>
                        <i>0.943066 0.332592 -0.0030405 -0.332605 0.943041 -0.00682434 0.000597598 0.00744709 0.999972 0.383966 2.43468 0.124504</i>
                        <i>0.998074 0.0620271 0 -0.0620271 0.998074 0 0 0 1 0.385007 2.42732 0.157127</i>
                        <i>0.950494 -0.310627 -0.00848413 0.310741 0.950233 0.0223116 0.00113132 -0.0238434 0.999715 0.387843 2.41057 0.189807</i>
                        <i>0.852158 -0.52324 0.00679746 0.523283 0.852055 -0.0133059 0.00117037 0.0148957 0.999888 0.383457 2.38258 0.042425</i>
                        <i>0.924992 -0.379979 0.00227703 0.379985 0.924965 -0.00711558 0.000597598 0.00744709 0.999972 0.383966 2.40977 0.0707424</i>
                        <i>0.995345 -0.0963808 0 0.0963808 0.995345 0 0 0 1 0.385007 2.43505 0.12631</i>
                        <i>0.974394 0.224806 0.004259 -0.224843 0.974112 0.0234872 0.00113132 -0.0238434 0.999715 0.387843 2.42776 0.161655</i>
                        <i>0.893111 0.44977 -0.00774579 -0.449835 0.89302 -0.0127771 0.00117037 0.0148957 0.999888 0.383457 2.40841 0.181682</i>
                        <i>0.943066 0.332592 -0.0030405 -0.332605 0.943041 -0.00682434 0.000597598 0.00744709 0.999972 0.383966 2.38393 0.0442155</i>
                        <i>0.998074 0.0620271 0 -0.0620271 0.998074 0 0 0 1 0.385007 2.41014 0.0725478</i>
                        <i>0.950494 -0.310627 -0.00848413 0.310741 0.950233 0.0223116 0.00113132 -0.0238434 0.999715 0.387843 2.43549 0.130838</i>
                        <i>0.852158 -0.52324 0.00679746 0.523283 0.852055 -0.0133059 0.00117037 0.0148957 0.999888 0.383457 2.4256 0.153531</i>
                        <i>0.924992 -0.379979 0.00227703 0.379985 0.924965 -0.00711558 0.000597598 0.00744709 0.999972 0.383966 2.40976 0.183473</i>
                        <i>0.995345 -0.0963808 0 0.0963808 0.995345 0 0 0 1 0.385007 2.3843 0.046021</i>
                        <i>0.974394 0.224806 0.004259 -0.224843 0.974112 0.0234872 0.00113132 -0.0238434 0.999715 0.387843 2.41058 0.0770764</i>
                        <i>0.893111 0.44977 -0.00774579 -0.449835 0.89302 -0.0127771 0.00117037 0.0148957 0.999888 0.383457 2.43333 0.122714</i>
                        <i>0.943066 0.332592 -0.0030405 -0.332605 0.943041 -0.00682434 0.000597598 0.00744709 0.999972 0.383966 2.42695 0.155321</i>
                        <i>0.998074 0.0620271 0 -0.0620271 0.998074 0 0 0 1 0.385007 2.41014 0.185278</i>
                        <i>0.950494 -0.310627 -0.00848413 0.310741 0.950233 0.0223116 0.00113132 -0.0238434 0.999715 0.387843 2.38474 0.0505495</i>
                        <i>0.852158 -0.52324 0.00679746 0.523283 0.852055 -0.0133059 0.00117037 0.0148957 0.999888 0.383457 2.40841 0.0689518</i>
                        <i>0.924992 -0.379979 0.00227703 0.379985 0.924965 -0.00711558 0.000597598 0.00744709 0.999972 0.383966 2.43468 0.124504</i>
                        <i>0.995345 -0.0963808 0 0.0963808 0.995345 0 0 0 1 0.385007 2.42732 0.157127</i>
                        <i>0.974394 0.224806 0.004259 -0.224843 0.974112 0.0234872 0.00113132 -0.0238434 0.999715 0.387843 2.41057 0.189807</i>
                        <i>0.893111 0.44977 -0.00774579 -0.449835 0.89302 -0.0127771 0.00117037 0.0148957 0.999888 0.383457 2.38258 0.042425</i>
                        <i>0.943066 0.332592 -0.0030405 -0.332605 0.943041 -0.00682434 0.000597598 0.00744709 0.999972 0.383966 2.40977 0.0707424</i>
                        <i>0.998074 0.0620271 0 -0.0620271 0.998074 0 0 0 1 0.385007 2.43505 0.12631</i>
                        <i>0.950494 -0.310627 -0.00848413 0.310741 0.950233 0.0223116 0.00113132 -0.0238434 0.999715 0.387843 2.42776 0.161655</i>
                        <i>0.852158 -0.52324 0.00679746 0.523283 0.852055 -0.0133059 0.00117037 0.0148957 0.999888 0.383457 2.40841 0.181682</i>
                        <i>0.924992 -0.379979 0.00227703 0.379985 0.924965 -0.00711558 0.000597598 0.00744709 0.999972 0.383966 2.38393 0.0442155</i>
                        <i>0.995345 -0.0963808 0 0.0963808 0.995345 0 0 0 1 0.385007 2.41014 0.0725478</i>
                        <i>0.974394 0.224806 0.004259 -0.224843 0.974112 0.0234872 0.00113132 -0.0238434 0.999715 0.387843 2.43549 0.130838</i>
                        <i>0.893111 0.44977 -0.00774579 -0.449835 0.89302 -0.0127771 0.00117037 0.0148957 0.999888 0.383457 2.4256 0.153531</i>
                        <i>0.943066 0.332592 -0.0030405 -0.332605 0.943041 -0.00682434 0.000597598 0.00744709 0.999972 0.383966 2.40976 0.183473</i>
                        <i>0.998074 0.0620271 0 -0.0620271 0.998074 0 0 0 1 0.385007 2.3843 0.046021</i>
                        <i>0.950494 -0.310627 -0.00848413 0.310741 0.950233 0.0223116 0.00113132 -0.0238434 0.999715 0.387843 2.41058 0.0770764</i>
                        <i>0.852158 -0.52324 0.00679746 0.523283 0.852055 -0.0133059 0.00117037 0.0148957 0.999888 0.383457 2.43333 0.122714</i>
                        <i>0.924992 -0.379979 0.00227703 0.379985 0.924965 -0.00711558 0.000597598 0.00744709 0.999972 0.383966 2.42695 0.155321</i>
                        <i>0.995345 -0.0963808 0 0.0963808 0.995345 0 0 0 1 0.385007 2.41014 0.185278</i>
                    </KeyFrames>
                </p>
            </i>
            <i>
                <p>
                    <Name>
                        <![CDATA[l_ammobelt_2]]>
</Name>
                    <Exclude>0</Exclude>
                    <Additive>1</Additive>
                    <IKPriority>0</IKPriority>
                    <IKRotLimits>-1e+010 -1e+010 -1e+010 1e+010 1e+010 1e+010</IKRotLimits>
                    <IKRotLimitOrder>0</IKRotLimitOrder>
                    <KeyFrames count="41">
                        <i>0.814464 0.580214 6.93889e-018 -0.576466 0.809203 -0.113478 -0.0658415 0.0924237 0.993541 0.887174 2.36151 0.185278</i>
                        <i>0.866953 0.495263 0.0557399 -0.490513 0.867704 -0.0805424 -0.0882553 0.0424854 0.995191 0.87944 2.49816 0.0526982</i>
