<?xml version="1.0" encoding="ISO-8859-1" ?>
<Animl Version="1">
    <ModellingPackage>
        <![CDATA[Maya.2010]]>
</ModellingPackage>
    <SrcFile>
        <![CDATA[anims\turrets\machinegun\blue\~src\mgun_m60\mgun_m60_idle.mb]]>
</SrcFile>
    <FramesPerSecond>30</FramesPerSecond>
    <TotalFrames>120</TotalFrames>
    <Skeleton>
        <RefFrame>
            <Name>
                <![CDATA[m60_ref_frame]]>
</Name>
            <Exclude>0</Exclude>
            <Additive>0</Additive>
            <IKPriority>0</IKPriority>
            <IKRotLimits>-1e+010 -1e+010 -1e+010 1e+010 1e+010 1e+010</IKRotLimits>
            <IKRotLimitOrder>0</IKRotLimitOrder>
            <KeyFrames count="120">
                <i>1 0 0 0 1 0 0 0 1 0 0.93 0.45</i>
                <i>1 0 0 0 1 0 0 0 1 0 0.93 0.45</i>
                <i>1 0 0 0 1 0 0 0 1 0 0.93 0.45</i>
                <i>1 0 0 0 1 0 0 0 1 0 0.93 0.45</i>
                <i>1 0 0 0 1 0 0 0 1 0 0.93 0.45</i>
                <i>1 0 0 0 1 0 0 0 1 0 0.93 0.45</i>
                <i>1 0 0 0 1 0 0 0 1 0 0.93 0.45</i>
                <i>1 0 0 0 1 0 0 0 1 0 0.93 0.45</i>
                <i>1 0 0 0 1 0 0 0 1 0 0.93 0.45</i>
                <i>1 0 0 0 1 0 0 0 1 0 0.93 0.45</i>
                <i>1 0 0 0 1 0 0 0 1 0 0.93 0.45</i>
                <i>1 0 0 0 1 0 0 0 1 0 0.93 0.45</i>
                <i>1 0 0 0 1 0 0 0 1 0 0.93 0.45</i>
                <i>1 0 0 0 1 0 0 0 1 0 0.93 0.45</i>
                <i>1 0 0 0 1 0 0 0 1 0 0.93 0.45</i>
                <i>1 0 0 0 1 0 0 0 1 0 0.93 0.45</i>
                <i>1 0 0 0 1 0 0 0 1 0 0.93 0.45</i>
                <i>1 0 0 0 1 0 0 0 1 0 0.93 0.45</i>
                <i>1 0 0 0 1 0 0 0 1 0 0.93 0.45</i>
                <i>1 0 0 0 1 0 0 0 1 0 0.93 0.45</i>
                <i>1 0 0 0 1 0 0 0 1 0 0.93 0.45</i>
                <i>1 0 0 0 1 0 0 0 1 0 0.93 0.45</i>
                <i>1 0 0 0 1 0 0 0 1 0 0.93 0.45</i>
                <i>1 0 0 0 1 0 0 0 1 0 0.93 0.45</i>
                <i>1 0 0 0 1 0 0 0 1 0 0.93 0.45</i>
                <i>1 0 0 0 1 0 0 0 1 0 0.93 0.45</i>
                <i>1 0 0 0 1 0 0 0 1 0 0.93 0.45</i>
                <i>1 0 0 0 1 0 0 0 1 0 0.93 0.45</i>
                <i>1 0 0 0 1 0 0 0 1 0 0.93 0.45</i>
                <i>1 0 0 0 1 0 0 0 1 0 0.93 0.45</i>
                <i>1 0 0 0 1 0 0 0 1 0 0.93 0.45</i>
                <i>1 0 0 0 1 0 0 0 1 0 0.93 0.45</i>
                <i>1 0 0 0 1 0 0 0 1 0 0.93 0.45</i>
                <i>1 0 0 0 1 0 0 0 1 0 0.93 0.45</i>
                <i>1 0 0 0 1 0 0 0 1 0 0.93 0.45</i>
                <i>1 0 0 0 1 0 0 0 1 0 0.93 0.45</i>
                <i>1 0 0 0 1 0 0 0 1 0 0.93 0.45</i>
                <i>1 0 0 0 1 0 0 0 1 0 0.93 0.45</i>
                <i>1 0 0 0 1 0 0 0 1 0 0.93 0.45</i>
                <i>1 0 0 0 1 0 0 0 1 0 0.93 0.45</i>
                <i>1 0 0 0 1 0 0 0 1 0 0.93 0.45</i>
                <i>1 0 0 0 1 0 0 0 1 0 0.93 0.45</i>
                <i>1 0 0 0 1 0 0 0 1 0 0.93 0.45</i>
                <i>1 0 0 0 1 0 0 0 1 0 0.93 0.45</i>
                <i>1 0 0 0 1 0 0 0 1 0 0.93 0.45</i>
                <i>1 0 0 0 1 0 0 0 1 0 0.93 0.45</i>
                <i>1 0 0 0 1 0 0 0 1 0 0.93 0.45</i>
                <i>1 0 0 0 1 0 0 0 1 0 0.93 0.45</i>
                <i>1 0 0 0 1 0 0 0 1 0 0.93 0.45</i>
                <i>1 0 0 0 1 0 0 0 1 0 0.93 0.45</i>
                <i>1 0 0 0 1 0 0 0 1 0 0.93 0.45</i>
                <i>1 0 0 0 1 0 0 0 1 0 0.93 0.45</i>
                <i>1 0 0 0 1 0 0 0 1 0 0.93 0.45</i>
                <i>1 0 0 0 1 0 0 0 1 0 0.93 0.45</i>
                <i>1 0 0 0 1 0 0 0 1 0 0.93 0.45</i>
                <i>1 0 0 0 1 0 0 0 1 0 0.93 0.45</i>
                <i>1 0 0 0 1 0 0 0 1 0 0.93 0.45</i>
                <i>1 0 0 0 1 0 0 0 1 0 0.93 0.45</i>
                <i>1 0 0 0 1 0 0 0 1 0 0.93 0.45</i>
                <i>1 0 0 0 1 0 0 0 1 0 0.93 0.45</i>
                <i>1 0 0 0 1 0 0 0 1 0 0.93 0.45</i>
                <i>1 0 0 0 1 0 0 0 1 0 0.93 0.45</i>
                <i>1 0 0 0 1 0 0 0 1 0 0.93 0.45</i>
                <i>1 0 0 0 1 0 0 0 1 0 0.93 0.45</i>
                <i>1 0 0 0 1 0 0 0 1 0 0.93 0.45</i>
                <i>1 0 0 0 1 0 0 0 1 0 0.93 0.45</i>
                <i>1 0 0 0 1 0 0 0 1 0 0.93 0.45</i>
                <i>1 0 0 0 1 0 0 0 1 0 0.93 0.45</i>
                <i>1 0 0 0 1 0 0 0 1 0 0.93 0.45</i>
                <i>1 0 0 0 1 0 0 0 1 0 0.93 0.45</i>
                <i>1 0 0 0 1 0 0 0 1 0 0.93 0.45</i>
                <i>1 0 0 0 1 0 0 0 1 0 0.93 0.45</i>
                <i>1 0 0 0 1 0 0 0 1 0 0.93 0.45</i>
                <i>1 0 0 0 1 0 0 0 1 0 0.93 0.45</i>
                <i>1 0 0 0 1 0 0 0 1 0 0.93 0.45</i>
                <i>1 0 0 0 1 0 0 0 1 0 0.93 0.45</i>
                <i>1 0 0 0 1 0 0 0 1 0 0.93 0.45</i>
                <i>1 0 0 0 1 0 0 0 1 0 0.93 0.45</i>
                <i>1 0 0 0 1 0 0 0 1 0 0.93 0.45</i>
                <i>1 0 0 0 1 0 0 0 1 0 0.93 0.45</i>
                <i>1 0 0 0 1 0 0 0 1 0 0.93 0.45</i>
                <i>1 0 0 0 1 0 0 0 1 0 0.93 0.45</i>
                <i>1 0 0 0 1 0 0 0 1 0 0.93 0.45</i>
                <i>1 0 0 0 1 0 0 0 1 0 0.93 0.45</i>
                <i>1 0 0 0 1 0 0 0 1 0 0.93 0.45</i>
                <i>1 0 0 0 1 0 0 0 1 0 0.93 0.45</i>
                <i>1 0 0 0 1 0 0 0 1 0 0.93 0.45</i>
                <i>1 0 0 0 1 0 0 0 1 0 0.93 0.45</i>
                <i>1 0 0 0 1 0 0 0 1 0 0.93 0.45</i>
                <i>1 0 0 0 1 0 0 0 1 0 0.93 0.45</i>
                <i>1 0 0 0 1 0 0 0 1 0 0.93 0.45</i>
                <i>1 0 0 0 1 0 0 0 1 0 0.93 0.45</i>
                <i>1 0 0 0 1 0 0 0 1 0 0.93 0.45</i>
                <i>1 0 0 0 1 0 0 0 1 0 0.93 0.45</i>
                <i>1 0 0 0 1 0 0 0 1 0 0.93 0.45</i>
                <i>1 0 0 0 1 0 0 0 1 0 0.93 0.45</i>
                <i>1 0 0 0 1 0 0 0 1 0 0.93 0.45</i>
                <i>1 0 0 0 1 0 0 0 1 0 0.93 0.45</i>
                <i>1 0 0 0 1 0 0 0 1 0 0.93 0.45</i>
                <i>1 0 0 0 1 0 0 0 1 0 0.93 0.45</i>
                <i>1 0 0 0 1 0 0 0 1 0 0.93 0.45</i>
                <i>1 0 0 0 1 0 0 0 1 0 0.93 0.45</i>
                <i>1 0 0 0 1 0 0 0 1 0 0.93 0.45</i>
                <i>1 0 0 0 1 0 0 0 1 0 0.93 0.45</i>
                <i>1 0 0 0 1 0 0 0 1 0 0.93 0.45</i>
                <i>1 0 0 0 1 0 0 0 1 0 0.93 0.45</i>
                <i>1 0 0 0 1 0 0 0 1 0 0.93 0.45</i>
                <i>1 0 0 0 1 0 0 0 1 0 0.93 0.45</i>
                <i>1 0 0 0 1 0 0 0 1 0 0.93 0.45</i>
                <i>1 0 0 0 1 0 0 0 1 0 0.93 0.45</i>
                <i>1 0 0 0 1 0 0 0 1 0 0.93 0.45</i>
                <i>1 0 0 0 1 0 0 0 1 0 0.93 0.45</i>
                <i>1 0 0 0 1 0 0 0 1 0 0.93 0.45</i>
                <i>1 0 0 0 1 0 0 0 1 0 0.93 0.45</i>
                <i>1 0 0 0 1 0 0 0 1 0 0.93 0.45</i>
                <i>1 0 0 0 1 0 0 0 1 0 0.93 0.45</i>
                <i>1 0 0 0 1 0 0 0 1 0 0.93 0.45</i>
                <i>1 0 0 0 1 0 0 0 1 0 0.93 0.45</i>
                <i>1 0 0 0 1 0 0 0 1 0 0.93 0.45</i>
                <i>1 0 0 0 1 0 0 0 1 0 0.93 0.45</i>
            </KeyFrames>
        </RefFrame>
        <Bones count="21">
            <i>
                <p>
                    <Name>
                        <![CDATA[m60_root]]>
</Name>
                    <Exclude>0</Exclude>
                    <Additive>0</Additive>
                    <IKPriority>0</IKPriority>
                    <IKRotLimits>-1e+010 -1e+010 -1e+010 1e+010 1e+010 1e+010</IKRotLimits>
                    <IKRotLimitOrder>0</IKRotLimitOrder>
                    <KeyFrames count="120">
                        <i>1 0 0 0 1 0 0 0 1 0 0.92847 0.45</i>
                        <i>1 0 0 0 1 0 0 0 1 0 0.92847 0.45</i>
                        <i>1 0 0 0 1 0 0 0 1 0 0.92847 0.45</i>
                        <i>1 0 0 0 1 0 0 0 1 0 0.92847 0.45</i>
                        <i>1 0 0 0 1 0 0 0 1 0 0.92847 0.45</i>
                        <i>1 0 0 0 1 0 0 0 1 0 0.92847 0.45</i>
                        <i>1 0 0 0 1 0 0 0 1 0 0.92847 0.45</i>
                        <i>1 0 0 0 1 0 0 0 1 0 0.92847 0.45</i>
                        <i>1 0 0 0 1 0 0 0 1 0 0.92847 0.45</i>
                        <i>1 0 0 0 1 0 0 0 1 0 0.92847 0.45</i>
                        <i>1 0 0 0 1 0 0 0 1 0 0.92847 0.45</i>
                        <i>1 0 0 0 1 0 0 0 1 0 0.92847 0.45</i>
                        <i>1 0 0 0 1 0 0 0 1 0 0.92847 0.45</i>
                        <i>1 0 0 0 1 0 0 0 1 0 0.92847 0.45</i>
                        <i>1 0 0 0 1 0 0 0 1 0 0.92847 0.45</i>
                        <i>1 0 0 0 1 0 0 0 1 0 0.92847 0.45</i>
                        <i>1 0 0 0 1 0 0 0 1 0 0.92847 0.45</i>
                        <i>1 0 0 0 1 0 0 0 1 0 0.92847 0.45</i>
                        <i>1 0 0 0 1 0 0 0 1 0 0.92847 0.45</i>
                        <i>1 0 0 0 1 0 0 0 1 0 0.92847 0.45</i>
                        <i>1 0 0 0 1 0 0 0 1 0 0.92847 0.45</i>
                        <i>1 0 0 0 1 0 0 0 1 0 0.92847 0.45</i>
                        <i>1 0 0 0 1 0 0 0 1 0 0.92847 0.45</i>
                        <i>1 0 0 0 1 0 0 0 1 0 0.92847 0.45</i>
                        <i>1 0 0 0 1 0 0 0 1 0 0.92847 0.45</i>
                        <i>1 0 0 0 1 0 0 0 1 0 0.92847 0.45</i>
                        <i>1 0 0 0 1 0 0 0 1 0 0.92847 0.45</i>
                        <i>1 0 0 0 1 0 0 0 1 0 0.92847 0.45</i>
                        <i>1 0 0 0 1 0 0 0 1 0 0.92847 0.45</i>
                        <i>1 0 0 0 1 0 0 0 1 0 0.92847 0.45</i>
                        <i>1 0 0 0 1 0 0 0 1 0 0.92847 0.45</i>
                        <i>1 0 0 0 1 0 0 0 1 0 0.92847 0.45</i>
                        <i>1 0 0 0 1 0 0 0 1 0 0.92847 0.45</i>
                        <i>1 0 0 0 1 0 0 0 1 0 0.92847 0.45</i>
                        <i>1 0 0 0 1 0 0 0 1 0 0.92847 0.45</i>
                        <i>1 0 0 0 1 0 0 0 1 0 0.92847 0.45</i>
                        <i>1 0 0 0 1 0 0 0 1 0 0.92847 0.45</i>
                        <i>1 0 0 0 1 0 0 0 1 0 0.92847 0.45</i>
                        <i>1 0 0 0 1 0 0 0 1 0 0.92847 0.45</i>
                        <i>1 0 0 0 1 0 0 0 1 0 0.92847 0.45</i>
                        <i>1 0 0 0 1 0 0 0 1 0 0.92847 0.45</i>
                        <i>1 0 0 0 1 0 0 0 1 0 0.92847 0.45</i>
                        <i>1 0 0 0 1 0 0 0 1 0 0.92847 0.45</i>
                        <i>1 0 0 0 1 0 0 0 1 0 0.92847 0.45</i>
                        <i>1 0 0 0 1 0 0 0 1 0 0.92847 0.45</i>
                        <i>1 0 0 0 1 0 0 0 1 0 0.92847 0.45</i>
                        <i>1 0 0 0 1 0 0 0 1 0 0.92847 0.45</i>
                        <i>1 0 0 0 1 0 0 0 1 0 0.92847 0.45</i>
                        <i>1 0 0 0 1 0 0 0 1 0 0.92847 0.45</i>
                        <i>1 0 0 0 1 0 0 0 1 0 0.92847 0.45</i>
                        <i>1 0 0 0 1 0 0 0 1 0 0.92847 0.45</i>
                        <i>1 0 0 0 1 0 0 0 1 0 0.92847 0.45</i>
                        <i>1 0 0 0 1 0 0 0 1 0 0.92847 0.45</i>
                        <i>1 0 0 0 1 0 0 0 1 0 0.92847 0.45</i>
                        <i>1 0 0 0 1 0 0 0 1 0 0.92847 0.45</i>
                        <i>1 0 0 0 1 0 0 0 1 0 0.92847 0.45</i>
                        <i>1 0 0 0 1 0 0 0 1 0 0.92847 0.45</i>
                        <i>1 0 0 0 1 0 0 0 1 0 0.92847 0.45</i>
                        <i>1 0 0 0 1 0 0 0 1 0 0.92847 0.45</i>
                        <i>1 0 0 0 1 0 0 0 1 0 0.92847 0.45</i>
                        <i>1 0 0 0 1 0 0 0 1 0 0.92847 0.45</i>
                        <i>1 0 0 0 1 0 0 0 1 0 0.92847 0.45</i>
                        <i>1 0 0 0 1 0 0 0 1 0 0.92847 0.45</i>
                        <i>1 0 0 0 1 0 0 0 1 0 0.92847 0.45</i>
                        <i>1 0 0 0 1 0 0 0 1 0 0.92847 0.45</i>
                        <i>1 0 0 0 1 0 0 0 1 0 0.92847 0.45</i>
                        <i>1 0 0 0 1 0 0 0 1 0 0.92847 0.45</i>
                        <i>1 0 0 0 1 0 0 0 1 0 0.92847 0.45</i>
                        <i>1 0 0 0 1 0 0 0 1 0 0.92847 0.45</i>
                        <i>1 0 0 0 1 0 0 0 1 0 0.92847 0.45</i>
                        <i>1 0 0 0 1 0 0 0 1 0 0.92847 0.45</i>
                        <i>1 0 0 0 1 0 0 0 1 0 0.92847 0.45</i>
                        <i>1 0 0 0 1 0 0 0 1 0 0.92847 0.45</i>
                        <i>1 0 0 0 1 0 0 0 1 0 0.92847 0.45</i>
                        <i>1 0 0 0 1 0 0 0 1 0 0.92847 0.45</i>
                        <i>1 0 0 0 1 0 0 0 1 0 0.92847 0.45</i>
                        <i>1 0 0 0 1 0 0 0 1 0 0.92847 0.45</i>
                        <i>1 0 0 0 1 0 0 0 1 0 0.92847 0.45</i>
                        <i>1 0 0 0 1 0 0 0 1 0 0.92847 0.45</i>
                        <i>1 0 0 0 1 0 0 0 1 0 0.92847 0.45</i>
                        <i>1 0 0 0 1 0 0 0 1 0 0.92847 0.45</i>
                        <i>1 0 0 0 1 0 0 0 1 0 0.92847 0.45</i>
                        <i>1 0 0 0 1 0 0 0 1 0 0.92847 0.45</i>
                        <i>1 0 0 0 1 0 0 0 1 0 0.92847 0.45</i>
                        <i>1 0 0 0 1 0 0 0 1 0 0.92847 0.45</i>
                        <i>1 0 0 0 1 0 0 0 1 0 0.92847 0.45</i>
                        <i>1 0 0 0 1 0 0 0 1 0 0.92847 0.45</i>
                        <i>1 0 0 0 1 0 0 0 1 0 0.92847 0.45</i>
                        <i>1 0 0 0 1 0 0 0 1 0 0.92847 0.45</i>
                        <i>1 0 0 0 1 0 0 0 1 0 0.92847 0.45</i>
                        <i>1 0 0 0 1 0 0 0 1 0 0.92847 0.45</i>
                        <i>1 0 0 0 1 0 0 0 1 0 0.92847 0.45</i>
                        <i>1 0 0 0 1 0 0 0 1 0 0.92847 0.45</i>
                        <i>1 0 0 0 1 0 0 0 1 0 0.92847 0.45</i>
                        <i>1 0 0 0 1 0 0 0 1 0 0.92847 0.45</i>
                        <i>1 0 0 0 1 0 0 0 1 0 0.92847 0.45</i>
                        <i>1 0 0 0 1 0 0 0 1 0 0.92847 0.45</i>
                        <i>1 0 0 0 1 0 0 0 1 0 0.92847 0.45</i>
                        <i>1 0 0 0 1 0 0 0 1 0 0.92847 0.45</i>
                        <i>1 0 0 0 1 0 0 0 1 0 0.92847 0.45</i>
                        <i>1 0 0 0 1 0 0 0 1 0 0.92847 0.45</i>
                        <i>1 0 0 0 1 0 0 0 1 0 0.92847 0.45</i>
                        <i>1 0 0 0 1 0 0 0 1 0 0.92847 0.45</i>
                        <i>1 0 0 0 1 0 0 0 1 0 0.92847 0.45</i>
                        <i>1 0 0 0 1 0 0 0 1 0 0.92847 0.45</i>
                        <i>1 0 0 0 1 0 0 0 1 0 0.92847 0.45</i>
                        <i>1 0 0 0 1 0 0 0 1 0 0.92847 0.45</i>
                        <i>1 0 0 0 1 0 0 0 1 0 0.92847 0.45</i>
                        <i>1 0 0 0 1 0 0 0 1 0 0.92847 0.45</i>
                        <i>1 0 0 0 1 0 0 0 1 0 0.92847 0.45</i>
                        <i>1 0 0 0 1 0 0 0 1 0 0.92847 0.45</i>
                        <i>1 0 0 0 1 0 0 0 1 0 0.92847 0.45</i>
                        <i>1 0 0 0 1 0 0 0 1 0 0.92847 0.45</i>
                        <i>1 0 0 0 1 0 0 0 1 0 0.92847 0.45</i>
                        <i>1 0 0 0 1 0 0 0 1 0 0.92847 0.45</i>
                        <i>1 0 0 0 1 0 0 0 1 0 0.92847 0.45</i>
                        <i>1 0 0 0 1 0 0 0 1 0 0.92847 0.45</i>
                        <i>1 0 0 0 1 0 0 0 1 0 0.92847 0.45</i>
                        <i>1 0 0 0 1 0 0 0 1 0 0.92847 0.45</i>
                        <i>1 0 0 0 1 0 0 0 1 0 0.92847 0.45</i>
                    </KeyFrames>
                </p>
            </i>
            <i>
                <p>
                    <Name>
                        <![CDATA[body]]>
</Name>
                    <Exclude>0</Exclude>
                    <Additive>0</Additive>
                    <IKPriority>0</IKPriority>
                    <IKRotLimits>-1e+010 -1e+010 -1e+010 1e+010 1e+010 1e+010</IKRotLimits>
                    <IKRotLimitOrder>0</IKRotLimitOrder>
                    <KeyFrames count="120">
                        <i>1 0 0 0 1 0 0 0 1 0 1.87829 0.45</i>
                        <i>1 0 0 0 1 0 0 0 1 0 1.87829 0.45</i>
                        <i>1 0 0 0 1 0 0 0 1 0 1.87829 0.45</i>
                        <i>1 0 0 0 1 0 0 0 1 0 1.87829 0.45</i>
                        <i>1 0 0 0 1 0 0 0 1 0 1.87829 0.45</i>
                        <i>1 0 0 0 1 0 0 0 1 0 1.87829 0.45</i>
                        <i>1 0 0 0 1 0 0 0 1 0 1.87829 0.45</i>
                        <i>1 0 0 0 1 0 0 0 1 0 1.87829 0.45</i>
                        <i>1 0 0 0 1 0 0 0 1 0 1.87829 0.45</i>
                        <i>1 0 0 0 1 0 0 0 1 0 1.87829 0.45</i>
                        <i>1 0 0 0 1 0 0 0 1 0 1.87829 0.45</i>
                        <i>1 0 0 0 1 0 0 0 1 0 1.87829 0.45</i>
                        <i>1 0 0 0 1 0 0 0 1 0 1.87829 0.45</i>
                        <i>1 0 0 0 1 0 0 0 1 0 1.87829 0.45</i>
                        <i>1 0 0 0 1 0 0 0 1 0 1.87829 0.45</i>
                        <i>1 0 0 0 1 0 0 0 1 0 1.87829 0.45</i>
                        <i>1 0 0 0 1 0 0 0 1 0 1.87829 0.45</i>
                        <i>1 0 0 0 1 0 0 0 1 0 1.87829 0.45</i>
                        <i>1 0 0 0 1 0 0 0 1 0 1.87829 0.45</i>
                        <i>1 0 0 0 1 0 0 0 1 0 1.87829 0.45</i>
                        <i>1 0 0 0 1 0 0 0 1 0 1.87829 0.45</i>
                        <i>1 0 0 0 1 0 0 0 1 0 1.87829 0.45</i>
                        <i>1 0 0 0 1 0 0 0 1 0 1.87829 0.45</i>
                        <i>1 0 0 0 1 0 0 0 1 0 1.87829 0.45</i>
                        <i>1 0 0 0 1 0 0 0 1 0 1.87829 0.45</i>
                        <i>1 0 0 0 1 0 0 0 1 0 1.87829 0.45</i>
                        <i>1 0 0 0 1 0 0 0 1 0 1.87829 0.45</i>
                        <i>1 0 0 0 1 0 0 0 1 0 1.87829 0.45</i>
                        <i>1 0 0 0 1 0 0 0 1 0 1.87829 0.45</i>
                        <i>1 0 0 0 1 0 0 0 1 0 1.87829 0.45</i>
                        <i>1 0 0 0 1 0 0 0 1 0 1.87829 0.45</i>
                        <i>1 0 0 0 1 0 0 0 1 0 1.87829 0.45</i>
                        <i>1 0 0 0 1 0 0 0 1 0 1.87829 0.45</i>
                        <i>1 0 0 0 1 0 0 0 1 0 1.87829 0.45</i>
                        <i>1 0 0 0 1 0 0 0 1 0 1.87829 0.45</i>
                        <i>1 0 0 0 1 0 0 0 1 0 1.87829 0.45</i>
                        <i>1 0 0 0 1 0 0 0 1 0 1.87829 0.45</i>
                        <i>1 0 0 0 1 0 0 0 1 0 1.87829 0.45</i>
                        <i>1 0 0 0 1 0 0 0 1 0 1.87829 0.45</i>
                        <i>1 0 0 0 1 0 0 0 1 0 1.87829 0.45</i>
                        <i>1 0 0 0 1 0 0 0 1 0 1.87829 0.45</i>
                        <i>1 0 0 0 1 0 0 0 1 0 1.87829 0.45</i>
                        <i>1 0 0 0 1 0 0 0 1 0 1.87829 0.45</i>
                        <i>1 0 0 0 1 0 0 0 1 0 1.87829 0.45</i>
                        <i>1 0 0 0 1 0 0 0 1 0 1.87829 0.45</i>
                        <i>1 0 0 0 1 0 0 0 1 0 1.87829 0.45</i>
                        <i>1 0 0 0 1 0 0 0 1 0 1.87829 0.45</i>
                        <i>1 0 0 0 1 0 0 0 1 0 1.87829 0.45</i>
                        <i>1 0 0 0 1 0 0 0 1 0 1.87829 0.45</i>
                        <i>1 0 0 0 1 0 0 0 1 0 1.87829 0.45</i>
                        <i>1 0 0 0 1 0 0 0 1 0 1.87829 0.45</i>
                        <i>1 0 0 0 1 0 0 0 1 0 1.87829 0.45</i>
                        <i>1 0 0 0 1 0 0 0 1 0 1.87829 0.45</i>
                        <i>1 0 0 0 1 0 0 0 1 0 1.87829 0.45</i>
                        <i>1 0 0 0 1 0 0 0 1 0 1.87829 0.45</i>
                        <i>1 0 0 0 1 0 0 0 1 0 1.87829 0.45</i>
                        <i>1 0 0 0 1 0 0 0 1 0 1.87829 0.45</i>
                        <i>1 0 0 0 1 0 0 0 1 0 1.87829 0.45</i>
                        <i>1 0 0 0 1 0 0 0 1 0 1.87829 0.45</i>
                        <i>1 0 0 0 1 0 0 0 1 0 1.87829 0.45</i>
                        <i>1 0 0 0 1 0 0 0 1 0 1.87829 0.45</i>
                        <i>1 0 0 0 1 0 0 0 1 0 1.87829 0.45</i>
                        <i>1 0 0 0 1 0 0 0 1 0 1.87829 0.45</i>
                        <i>1 0 0 0 1 0 0 0 1 0 1.87829 0.45</i>
                        <i>1 0 0 0 1 0 0 0 1 0 1.87829 0.45</i>
                        <i>1 0 0 0 1 0 0 0 1 0 1.87829 0.45</i>
                        <i>1 0 0 0 1 0 0 0 1 0 1.87829 0.45</i>
                        <i>1 0 0 0 1 0 0 0 1 0 1.87829 0.45</i>
                        <i>1 0 0 0 1 0 0 0 1 0 1.87829 0.45</i>
                        <i>1 0 0 0 1 0 0 0 1 0 1.87829 0.45</i>
                        <i>1 0 0 0 1 0 0 0 1 0 1.87829 0.45</i>
                        <i>1 0 0 0 1 0 0 0 1 0 1.87829 0.45</i>
                        <i>1 0 0 0 1 0 0 0 1 0 1.87829 0.45</i>
                        <i>1 0 0 0 1 0 0 0 1 0 1.87829 0.45</i>
                        <i>1 0 0 0 1 0 0 0 1 0 1.87829 0.45</i>
                        <i>1 0 0 0 1 0 0 0 1 0 1.87829 0.45</i>
                        <i>1 0 0 0 1 0 0 0 1 0 1.87829 0.45</i>
                        <i>1 0 0 0 1 0 0 0 1 0 1.87829 0.45</i>
                        <i>1 0 0 0 1 0 0 0 1 0 1.87829 0.45</i>
                        <i>1 0 0 0 1 0 0 0 1 0 1.87829 0.45</i>
                        <i>1 0 0 0 1 0 0 0 1 0 1.87829 0.45</i>
                        <i>1 0 0 0 1 0 0 0 1 0 1.87829 0.45</i>
                        <i>1 0 0 0 1 0 0 0 1 0 1.87829 0.45</i>
                        <i>1 0 0 0 1 0 0 0 1 0 1.87829 0.45</i>
                        <i>1 0 0 0 1 0 0 0 1 0 1.87829 0.45</i>
                        <i>1 0 0 0 1 0 0 0 1 0 1.87829 0.45</i>
                        <i>1 0 0 0 1 0 0 0 1 0 1.87829 0.45</i>
                        <i>1 0 0 0 1 0 0 0 1 0 1.87829 0.45</i>
                        <i>1 0 0 0 1 0 0 0 1 0 1.87829 0.45</i>
                        <i>1 0 0 0 1 0 0 0 1 0 1.87829 0.45</i>
                        <i>1 0 0 0 1 0 0 0 1 0 1.87829 0.45</i>
                        <i>1 0 0 0 1 0 0 0 1 0 1.87829 0.45</i>
                        <i>1 0 0 0 1 0 0 0 1 0 1.87829 0.45</i>
                        <i>1 0 0 0 1 0 0 0 1 0 1.87829 0.45</i>
                        <i>1 0 0 0 1 0 0 0 1 0 1.87829 0.45</i>
                        <i>1 0 0 0 1 0 0 0 1 0 1.87829 0.45</i>
                        <i>1 0 0 0 1 0 0 0 1 0 1.87829 0.45</i>
                        <i>1 0 0 0 1 0 0 0 1 0 1.87829 0.45</i>
                        <i>1 0 0 0 1 0 0 0 1 0 1.87829 0.45</i>
                        <i>1 0 0 0 1 0 0 0 1 0 1.87829 0.45</i>
                        <i>1 0 0 0 1 0 0 0 1 0 1.87829 0.45</i>
                        <i>1 0 0 0 1 0 0 0 1 0 1.87829 0.45</i>
                        <i>1 0 0 0 1 0 0 0 1 0 1.87829 0.45</i>
                        <i>1 0 0 0 1 0 0 0 1 0 1.87829 0.45</i>
                        <i>1 0 0 0 1 0 0 0 1 0 1.87829 0.45</i>
                        <i>1 0 0 0 1 0 0 0 1 0 1.87829 0.45</i>
                        <i>1 0 0 0 1 0 0 0 1 0 1.87829 0.45</i>
                        <i>1 0 0 0 1 0 0 0 1 0 1.87829 0.45</i>
                        <i>1 0 0 0 1 0 0 0 1 0 1.87829 0.45</i>
                        <i>1 0 0 0 1 0 0 0 1 0 1.87829 0.45</i>
                        <i>1 0 0 0 1 0 0 0 1 0 1.87829 0.45</i>
                        <i>1 0 0 0 1 0 0 0 1 0 1.87829 0.45</i>
                        <i>1 0 0 0 1 0 0 0 1 0 1.87829 0.45</i>
                        <i>1 0 0 0 1 0 0 0 1 0 1.87829 0.45</i>
                        <i>1 0 0 0 1 0 0 0 1 0 1.87829 0.45</i>
                        <i>1 0 0 0 1 0 0 0 1 0 1.87829 0.45</i>
                        <i>1 0 0 0 1 0 0 0 1 0 1.87829 0.45</i>
                        <i>1 0 0 0 1 0 0 0 1 0 1.87829 0.45</i>
                        <i>1 0 0 0 1 0 0 0 1 0 1.87829 0.45</i>
                        <i>1 0 0 0 1 0 0 0 1 0 1.87829 0.45</i>
                    </KeyFrames>
                </p>
            </i>
            <i>
                <p>
                    <Name>
                        <![CDATA[yaw]]>
</Name>
                    <Exclude>0</Exclude>
                    <Additive>0</Additive>
                    <IKPriority>0</IKPriority>
                    <IKRotLimits>-1e+010 -1e+010 -1e+010 1e+010 1e+010 1e+010</IKRotLimits>
                    <IKRotLimitOrder>0</IKRotLimitOrder>
                    <KeyFrames count="120">
                        <i>1 0 0 0 1 0 0 0 1 0 1.91437 0.45</i>
                        <i>1 0 9.69255e-006 0 1 0 -9.69255e-006 0 1 0 1.91437 0.45</i>
                        <i>1 0 3.56686e-005 0 1 0 -3.56686e-005 0 1 0 1.91437 0.45</i>
                        <i>1 0 7.32757e-005 0 1 0 -7.32757e-005 0 1 0 1.91437 0.45</i>
                        <i>1 0 0.000117861 0 1 0 -0.000117861 0 1 0 1.91437 0.45</i>
                        <i>1 0 0.000164773 0 1 0 -0.000164773 0 1 0 1.91437 0.45</i>
                        <i>1 0 0.000209359 0 1 0 -0.000209359 0 1 0 1.91437 0.45</i>
                        <i>1 0 0.000246966 0 1 0 -0.000246966 0 1 0 1.91437 0.45</i>
                        <i>1 0 0.000272942 0 1 0 -0.000272942 0 1 0 1.91437 0.45</i>
                        <i>1 0 0.000282635 0 1 0 -0.000282635 0 1 0 1.91437 0.45</i>
                        <i>0.999998 0 -0.00205642 0 1 0 0.00205642 0 0.999998 0 1.91437 0.45</i>
                        <i>0.999971 0 -0.00763411 0 1 0 0.00763411 0 0.999971 0 1.91437 0.45</i>
                        <i>0.999898 0 -0.014291 0 1 0 0.014291 0 0.999898 0 1.91437 0.45</i>
                        <i>0.999803 0 -0.0198679 0 1 0 0.0198679 0 0.999803 0 1.91437 0.45</i>
                        <i>0.999753 0 -0.0222065 0 1 0 0.0222065 0 0.999753 0 1.91437 0.45</i>
                        <i>0.999756 0 -0.0221054 0 1 0 0.0221054 0 0.999756 0 1.91437 0.45</i>
                        <i>0.999761 0 -0.0218642 0 1 0 0.0218642 0 0.999761 0 1.91437 0.45</i>
                        <i>0.999767 0 -0.0215764 0 1 0 0.0215764 0 0.999767 0 1.91437 0.45</i>
                        <i>0.999772 0 -0.0213353 0 1 0 0.0213353 0 0.999772 0 1.91437 0.45</i>
                        <i>0.999775 0 -0.0212341 0 1 0 0.0212341 0 0.999775 0 1.91437 0.45</i>
                        <i>0.999886 0 -0.0150915 0 1 0 0.0150915 0 0.999886 0 1.91437 0.45</i>
                        <i>0.999999 0 0.00158366 0 1 0 -0.00158366 0 0.999999 0 1.91437 0.45</i>
                        <i>0.999658 0 0.0261554 0 1 0 -0.0261554 0 0.999658 0 1.91437 0.45</i>
                        <i>0.998432 0 0.0559699 0 1 0 -0.0559699 0 0.998432 0 1.91437 0.45</i>
                        <i>0.996089 0 0.0883575 0 1 0 -0.0883575 0 0.996089 0 1.91437 0.45</i>
                        <i>0.992695 0 0.120652 0 1 0 -0.120652 0 0.992695 0 1.91437 0.45</i>
                        <i>0.988653 0 0.150217 0 1 0 -0.150217 0 0.988653 0 1.91437 0.45</i>
                        <i>0.984663 0 0.174465 0 1 0 -0.174465 0 0.984663 0 1.91437 0.45</i>
                        <i>0.981617 0 0.19086 0 1 0 -0.19086 0 0.981617 0 1.91437 0.45</i>
                        <i>0.980426 0 0.196887 0 1 0 -0.196887 0 0.980426 0 1.91437 0.45</i>
                        <i>0.980426 0 0.196887 0 1 0 -0.196887 0 0.980426 0 1.91437 0.45</i>
                        <i>0.980426 0 0.196887 0 1 0 -0.196887 0 0.980426 0 1.91437 0.45</i>
                        <i>0.980426 0 0.196887 0 1 0 -0.196887 0 0.980426 0 1.91437 0.45</i>
                        <i>0.980426 0 0.196887 0 1 0 -0.196887 0 0.980426 0 1.91437 0.45</i>
                        <i>0.980426 0 0.196887 0 1 0 -0.196887 0 0.980426 0 1.91437 0.45</i>
                        <i>0.980426 0 0.196887 0 1 0 -0.196887 0 0.980426 0 1.91437 0.45</i>
                        <i>0.980426 0 0.196887 0 1 0 -0.196887 0 0.980426 0 1.91437 0.45</i>
                        <i>0.980426 0 0.196887 0 1 0 -0.196887 0 0.980426 0 1.91437 0.45</i>
                        <i>0.980426 0 0.196887 0 1 0 -0.196887 0 0.980426 0 1.91437 0.45</i>
                        <i>0.980426 0 0.196887 0 1 0 -0.196887 0 0.980426 0 1.91437 0.45</i>
                        <i>0.980426 0 0.196887 0 1 0 -0.196887 0 0.980426 0 1.91437 0.45</i>
                        <i>0.980426 0 0.196887 0 1 0 -0.196887 0 0.980426 0 1.91437 0.45</i>
                        <i>0.980426 0 0.196887 0 1 0 -0.196887 0 0.980426 0 1.91437 0.45</i>
                        <i>0.980426 0 0.196887 0 1 0 -0.196887 0 0.980426 0 1.91437 0.45</i>
                        <i>0.980426 0 0.196887 0 1 0 -0.196887 0 0.980426 0 1.91437 0.45</i>
                        <i>0.980426 0 0.196887 0 1 0 -0.196887 0 0.980426 0 1.91437 0.45</i>
                        <i>0.980426 0 0.196887 0 1 0 -0.196887 0 0.980426 0 1.91437 0.45</i>
                        <i>0.980426 0 0.196887 0 1 0 -0.196887 0 0.980426 0 1.91437 0.45</i>
                        <i>0.980426 0 0.196887 0 1 0 -0.196887 0 0.980426 0 1.91437 0.45</i>
                        <i>0.980426 0 0.196887 0 1 0 -0.196887 0 0.980426 0 1.91437 0.45</i>
                        <i>0.980426 0 0.196887 0 1 0 -0.196887 0 0.980426 0 1.91437 0.45</i>
                        <i>0.980426 0 0.196887 0 1 0 -0.196887 0 0.980426 0 1.91437 0.45</i>
                        <i>0.980426 0 0.196887 0 1 0 -0.196887 0 0.980426 0 1.91437 0.45</i>
                        <i>0.980426 0 0.196887 0 1 0 -0.196887 0 0.980426 0 1.91437 0.45</i>
                        <i>0.980426 0 0.196887 0 1 0 -0.196887 0 0.980426 0 1.91437 0.45</i>
                        <i>0.982906 0 0.184111 0 1 0 -0.184111 0 0.982906 0 1.91437 0.45</i>
                        <i>0.988795 0 0.149282 0 1 0 -0.149282 0 0.988795 0 1.91437 0.45</i>
                        <i>0.995223 0 0.0976288 0 1 0 -0.0976288 0 0.995223 0 1.91437 0.45</i>
                        <i>0.999402 0 0.0345645 0 1 0 -0.0345645 0 0.999402 0 1.91437 0.45</i>
                        <i>0.999415 0 -0.0342125 0 1 0 0.0342125 0 0.999415 0 1.91437 0.45</i>
                        <i>0.994699 0 -0.102828 0 1 0 0.102828 0 0.994699 0 1.91437 0.45</i>
                        <i>0.986217 0 -0.165458 0 1 0 0.165458 0 0.986217 0 1.91437 0.45</i>
                        <i>0.976271 0 -0.216551 0 1 0 0.216551 0 0.976271 0 1.91437 0.45</i>
                        <i>0.968014 0 -0.250896 0 1 0 0.250896 0 0.968014 0 1.91437 0.45</i>
                        <i>0.964667 0 -0.263473 0 1 0 0.263473 0 0.964667 0 1.91437 0.45</i>
                        <i>0.964667 0 -0.263473 0 1 0 0.263473 0 0.964667 0 1.91437 0.45</i>
                        <i>0.964667 0 -0.263473 0 1 0 0.263473 0 0.964667 0 1.91437 0.45</i>
                        <i>0.964667 0 -0.263473 0 1 0 0.263473 0 0.964667 0 1.91437 0.45</i>
                        <i>0.964667 0 -0.263473 0 1 0 0.263473 0 0.964667 0 1.91437 0.45</i>
                        <i>0.964667 0 -0.263473 0 1 0 0.263473 0 0.964667 0 1.91437 0.45</i>
                        <i>0.964667 0 -0.263473 0 1 0 0.263473 0 0.964667 0 1.91437 0.45</i>
                        <i>0.964667 0 -0.263473 0 1 0 0.263473 0 0.964667 0 1.91437 0.45</i>
                        <i>0.964667 0 -0.263473 0 1 0 0.263473 0 0.964667 0 1.91437 0.45</i>
                        <i>0.964667 0 -0.263473 0 1 0 0.263473 0 0.964667 0 1.91437 0.45</i>
                        <i>0.964667 0 -0.263473 0 1 0 0.263473 0 0.964667 0 1.91437 0.45</i>
                        <i>0.964667 0 -0.263473 0 1 0 0.263473 0 0.964667 0 1.91437 0.45</i>
                        <i>0.964667 0 -0.263473 0 1 0 0.263473 0 0.964667 0 1.91437 0.45</i>
                        <i>0.964667 0 -0.263473 0 1 0 0.263473 0 0.964667 0 1.91437 0.45</i>
                        <i>0.964667 0 -0.263473 0 1 0 0.263473 0 0.964667 0 1.91437 0.45</i>
                        <i>0.964667 0 -0.263473 0 1 0 0.263473 0 0.964667 0 1.91437 0.45</i>
                        <i>0.964667 0 -0.263473 0 1 0 0.263473 0 0.964667 0 1.91437 0.45</i>
                        <i>0.964667 0 -0.263473 0 1 0 0.263473 0 0.964667 0 1.91437 0.45</i>
                        <i>0.964667 0 -0.263473 0 1 0 0.263473 0 0.964667 0 1.91437 0.45</i>
                        <i>0.964667 0 -0.263473 0 1 0 0.263473 0 0.964667 0 1.91437 0.45</i>
                        <i>0.964667 0 -0.263473 0 1 0 0.263473 0 0.964667 0 1.91437 0.45</i>
                        <i>0.964667 0 -0.263473 0 1 0 0.263473 0 0.964667 0 1.91437 0.45</i>
                        <i>0.964667 0 -0.263473 0 1 0 0.263473 0 0.964667 0 1.91437 0.45</i>
                        <i>0.964667 0 -0.263473 0 1 0 0.263473 0 0.964667 0 1.91437 0.45</i>
                        <i>0.964667 0 -0.263473 0 1 0 0.263473 0 0.964667 0 1.91437 0.45</i>
                        <i>0.964667 0 -0.263473 0 1 0 0.263473 0 0.964667 0 1.91437 0.45</i>
                        <i>0.964667 0 -0.263473 0 1 0 0.263473 0 0.964667 0 1.91437 0.45</i>
                        <i>0.964667 0 -0.263473 0 1 0 0.263473 0 0.964667 0 1.91437 0.45</i>
                        <i>0.964667 0 -0.263473 0 1 0 0.263473 0 0.964667 0 1.91437 0.45</i>
                        <i>0.964667 0 -0.263473 0 1 0 0.263473 0 0.964667 0 1.91437 0.45</i>
                        <i>0.964667 0 -0.263473 0 1 0 0.263473 0 0.964667 0 1.91437 0.45</i>
                        <i>0.964667 0 -0.263473 0 1 0 0.263473 0 0.964667 0 1.91437 0.45</i>
                        <i>0.964667 0 -0.263473 0 1 0 0.263473 0 0.964667 0 1.91437 0.45</i>
                        <i>0.964667 0 -0.263473 0 1 0 0.263473 0 0.964667 0 1.91437 0.45</i>
                        <i>0.964667 0 -0.263473 0 1 0 0.263473 0 0.964667 0 1.91437 0.45</i>
                        <i>0.964667 0 -0.263473 0 1 0 0.263473 0 0.964667 0 1.91437 0.45</i>
                        <i>0.96675 0 -0.255722 0 1 0 0.255722 0 0.96675 0 1.91437 0.45</i>
                        <i>0.971855 0 -0.235582 0 1 0 0.235582 0 0.971855 0 1.91437 0.45</i>
                        <i>0.97819 0 -0.20771 0 1 0 0.20771 0 0.97819 0 1.91437 0.45</i>
                        <i>0.984237 0 -0.176856 0 1 0 0.176856 0 0.984237 0 1.91437 0.45</i>
                        <i>0.989004 0 -0.147892 0 1 0 0.147892 0 0.989004 0 1.91437 0.45</i>
                        <i>0.993287 0 -0.115676 0 1 0 0.115676 0 0.993287 0 1.91437 0.45</i>
                        <i>0.997038 0 -0.076914 0 1 0 0.076914 0 0.997038 0 1.91437 0.45</i>
                        <i>0.999222 0 -0.0394417 0 1 0 0.0394417 0 0.999222 0 1.91437 0.45</i>
                        <i>0.999938 0 -0.0111712 0 1 0 0.0111712 0 0.999938 0 1.91437 0.45</i>
                        <i>1 0 0 0 1 0 0 0 1 0 1.91437 0.45</i>
                        <i>1 0 0 0 1 0 0 0 1 0 1.91437 0.45</i>
                        <i>1 0 0 0 1 0 0 0 1 0 1.91437 0.45</i>
                        <i>1 0 0 0 1 0 0 0 1 0 1.91437 0.45</i>
                        <i>1 0 0 0 1 0 0 0 1 0 1.91437 0.45</i>
                        <i>1 0 0 0 1 0 0 0 1 0 1.91437 0.45</i>
                        <i>1 0 0 0 1 0 0 0 1 0 1.91437 0.45</i>
                        <i>1 0 0 0 1 0 0 0 1 0 1.91437 0.45</i>
                        <i>1 0 0 0 1 0 0 0 1 0 1.91437 0.45</i>
                        <i>1 0 0 0 1 0 0 0 1 0 1.91437 0.45</i>
                        <i>1 0 0 0 1 0 0 0 1 0 1.91437 0.45</i>
                    </KeyFrames>
                </p>
            </i>
            <i>
                <p>
                    <Name>
                        <![CDATA[pitch]]>
</Name>
                    <Exclude>0</Exclude>
                    <Additive>0</Additive>
                    <IKPriority>0</IKPriority>
                    <IKRotLimits>-1e+010 -1e+010 -1e+010 1e+010 1e+010 1e+010</IKRotLimits>
                    <IKRotLimitOrder>0</IKRotLimitOrder>
                    <KeyFrames count="120">
                        <i>1 0 0 0 1 0 0 0 1 0 2.19914 0.45</i>
                        <i>1 0 9.69255e-006 0 1 0 -9.69255e-006 0 1 0 2.19914 0.45</i>
                        <i>1 0 3.56686e-005 0 1 0 -3.56686e-005 0 1 0 2.19914 0.45</i>
                        <i>1 0 7.32757e-005 0 1 0 -7.32757e-005 0 1 -8.67362e-021 2.19914 0.45</i>
                        <i>1 0 0.000117861 0 1 0 -0.000117861 0 1 -8.0755e-021 2.19914 0.45</i>
                        <i>1 0 0.000164773 0 1 0 -0.000164773 0 1 0 2.19914 0.45</i>
                        <i>1 0 0.000209359 0 1 0 -0.000209359 0 1 1.73472e-020 2.19914 0.45</i>
                        <i>1 0 0.000246966 0 1 0 -0.000246966 0 1 0 2.19914 0.45</i>
                        <i>1 0 0.000272942 0 1 0 -0.000272942 0 1 0 2.19914 0.45</i>
                        <i>1 0 0.000282635 0 1 0 -0.000282635 0 1 0 2.19914 0.45</i>
                        <i>0.999998 0 -0.00205642 -6.70124e-006 0.999995 -0.00325868 0.00205641 0.00325869 0.999993 0 2.19914 0.45</i>
                        <i>0.999971 0 -0.00763411 -8.41982e-005 0.999939 -0.0110289 0.00763364 0.0110292 0.99991 0 2.19914 0.45</i>
                        <i>0.999898 0 -0.014291 -0.000290147 0.999794 -0.0203007 0.0142881 0.0203028 0.999692 0 2.19914 0.45</i>
                        <i>0.999803 0 -0.0198679 -0.000557718 0.999606 -0.0280657 0.0198601 0.0280712 0.999409 0 2.19914 0.45</i>
                        <i>0.999753 0 -0.0222065 -0.000695696 0.999509 -0.0313208 0.0221956 0.0313285 0.999263 -2.2199e-018 2.19914 0.45</i>
                        <i>0.999756 0 -0.0221054 -0.000702725 0.999495 -0.031782 0.0220942 0.0317898 0.99925 0 2.19914 0.45</i>
                        <i>0.999761 0 -0.0218642 -0.000719111 0.999459 -0.032882 0.0218524 0.0328898 0.99922 0 2.19914 0.45</i>
                        <i>0.999767 0 -0.0215764 -0.000737972 0.999415 -0.0341948 0.0215638 0.0342027 0.999182 0 2.19914 0.45</i>
                        <i>0.999772 0 -0.0213353 -0.000753192 0.999377 -0.0352947 0.021322 0.0353027 0.999149 0 2.19914 0.45</i>
                        <i>0.999775 0 -0.0212341 -0.000759417 0.99936 -0.0357559 0.0212206 0.0357639 0.999135 0 2.19914 0.45</i>
                        <i>0.999886 0 -0.0150915 -0.000350252 0.999731 -0.0232059 0.0150874 0.0232086 0.999617 0 2.19914 0.45</i>
                        <i>0.999999 0 0.00158366 -1.1026e-005 0.999976 0.00696237 -0.00158362 -0.00696238 0.999974 0 2.19914 0.45</i>
                        <i>0.999658 0 0.0261554 -0.00113696 0.999055 0.0434546 -0.0261307 -0.0434695 0.998713 0 2.19914 0.45</i>
                        <i>0.998432 0 0.0559699 -0.00419867 0.997182 0.074899 -0.0558122 -0.0750166 0.995619 0 2.19914 0.45</i>
                        <i>0.996089 0 0.0883575 -0.0079863 0.995907 0.0900327 -0.0879958 -0.0903862 0.992012 -1.69799e-017 2.19914 0.45</i>
                        <i>0.992695 0 0.120652 -0.0102683 0.996372 0.0844853 -0.120214 -0.085107 0.989093 0 2.19914 0.45</i>
                        <i>0.988653 0 0.150217 -0.0100117 0.997777 0.065892 -0.149883 -0.0666483 0.986455 0 2.19914 0.45</i>
                        <i>0.984663 0 0.174465 -0.00728775 0.999127 0.0411314 -0.174312 -0.0417721 0.983804 0 2.19914 0.45</i>
                        <i>0.981617 0 0.19086 -0.00329811 0.999851 0.0169626 -0.190831 -0.0172803 0.981471 0 2.19914 0.45</i>
                        <i>0.980426 0 0.196887 0 1 0 -0.196887 0 0.980426 0 2.19914 0.45</i>
                        <i>0.980426 0 0.196887 0.00226165 0.999934 -0.0112622 -0.196874 0.011487 0.980362 0 2.19914 0.45</i>
                        <i>0.980426 0 0.196887 0.00452052 0.999736 -0.0225106 -0.196835 0.02296 0.980168 0 2.19914 0.45</i>
                        <i>0.980426 0 0.196887 0.00672086 0.999417 -0.0334675 -0.196772 0.0341356 0.979855 0 2.19914 0.45</i>
                        <i>0.980426 0 0.196887 0.008807 0.998999 -0.0438557 -0.19669 0.0447313 0.979445 0 2.19914 0.45</i>
                        <i>0.980426 0 0.196887 0.0107235 0.998516 -0.053399 -0.196595 0.0544651 0.978971 0 2.19914 0.45</i>
                        <i>0.980426 0 0.196887 0.0124149 0.99801 -0.0618219 -0.196495 0.0630561 0.978475 0 2.19914 0.45</i>
                        <i>0.980426 0 0.196887 0.0138262 0.997531 -0.0688497 -0.196401 0.0702242 0.978006 0 2.19914 0.45</i>
                        <i>0.980426 0 0.196887 0.0149024 0.997131 -0.0742085 -0.196322 0.07569 0.977614 0 2.19914 0.45</i>
                        <i>0.980426 0 0.196887 0.0155884 0.996861 -0.0776247 -0.196269 0.0791745 0.977349 0 2.19914 0.45</i>
                        <i>0.980426 0 0.196887 0.0158293 0.996763 -0.0788245 -0.196249 0.0803982 0.977252 0 2.19914 0.45</i>
