<?xml version="1.0" encoding="ISO-8859-1" ?>
<Animl Version="1">
    <ModellingPackage><![CDATA[Maya.2010]]></ModellingPackage>
    <SrcFile><![CDATA[anims\turrets\special\blue\~src\firework_cannon\firework_cannon_fire.mb]]></SrcFile>
    <FramesPerSecond>30</FramesPerSecond>
    <TotalFrames>61</TotalFrames>
    <Skeleton>
        <RefFrame>
            <Name><![CDATA[firework_cannon_ref_frame]]></Name>
            <Exclude>1</Exclude>
            <Additive>0</Additive>
            <IKPriority>0</IKPriority>
            <IKRotLimits>-1e+010 -1e+010 -1e+010 1e+010 1e+010 1e+010</IKRotLimits>
            <IKRotLimitOrder>0</IKRotLimitOrder>
            <KeyFrames count="61">
                <i>1 0 0 0 1 0 0 0 1 0 0 0</i>
                <i>1 0 0 0 1 0 0 0 1 0 0 0</i>
                <i>1 0 0 0 1 0 0 0 1 0 0 0</i>
                <i>1 0 0 0 1 0 0 0 1 0 0 0</i>
                <i>1 0 0 0 1 0 0 0 1 0 0 0</i>
                <i>1 0 0 0 1 0 0 0 1 0 0 0</i>
                <i>1 0 0 0 1 0 0 0 1 0 0 0</i>
                <i>1 0 0 0 1 0 0 0 1 0 0 0</i>
                <i>1 0 0 0 1 0 0 0 1 0 0 0</i>
                <i>1 0 0 0 1 0 0 0 1 0 0 0</i>
                <i>1 0 0 0 1 0 0 0 1 0 0 0</i>
                <i>1 0 0 0 1 0 0 0 1 0 0 0</i>
                <i>1 0 0 0 1 0 0 0 1 0 0 0</i>
                <i>1 0 0 0 1 0 0 0 1 0 0 0</i>
                <i>1 0 0 0 1 0 0 0 1 0 0 0</i>
                <i>1 0 0 0 1 0 0 0 1 0 0 0</i>
                <i>1 0 0 0 1 0 0 0 1 0 0 0</i>
                <i>1 0 0 0 1 0 0 0 1 0 0 0</i>
                <i>1 0 0 0 1 0 0 0 1 0 0 0</i>
                <i>1 0 0 0 1 0 0 0 1 0 0 0</i>
                <i>1 0 0 0 1 0 0 0 1 0 0 0</i>
                <i>1 0 0 0 1 0 0 0 1 0 0 0</i>
                <i>1 0 0 0 1 0 0 0 1 0 0 0</i>
                <i>1 0 0 0 1 0 0 0 1 0 0 0</i>
                <i>1 0 0 0 1 0 0 0 1 0 0 0</i>
                <i>1 0 0 0 1 0 0 0 1 0 0 0</i>
                <i>1 0 0 0 1 0 0 0 1 0 0 0</i>
                <i>1 0 0 0 1 0 0 0 1 0 0 0</i>
                <i>1 0 0 0 1 0 0 0 1 0 0 0</i>
                <i>1 0 0 0 1 0 0 0 1 0 0 0</i>
                <i>1 0 0 0 1 0 0 0 1 0 0 0</i>
                <i>1 0 0 0 1 0 0 0 1 0 0 0</i>
                <i>1 0 0 0 1 0 0 0 1 0 0 0</i>
                <i>1 0 0 0 1 0 0 0 1 0 0 0</i>
                <i>1 0 0 0 1 0 0 0 1 0 0 0</i>
                <i>1 0 0 0 1 0 0 0 1 0 0 0</i>
                <i>1 0 0 0 1 0 0 0 1 0 0 0</i>
                <i>1 0 0 0 1 0 0 0 1 0 0 0</i>
                <i>1 0 0 0 1 0 0 0 1 0 0 0</i>
                <i>1 0 0 0 1 0 0 0 1 0 0 0</i>
                <i>1 0 0 0 1 0 0 0 1 0 0 0</i>
                <i>1 0 0 0 1 0 0 0 1 0 0 0</i>
                <i>1 0 0 0 1 0 0 0 1 0 0 0</i>
                <i>1 0 0 0 1 0 0 0 1 0 0 0</i>
                <i>1 0 0 0 1 0 0 0 1 0 0 0</i>
                <i>1 0 0 0 1 0 0 0 1 0 0 0</i>
                <i>1 0 0 0 1 0 0 0 1 0 0 0</i>
                <i>1 0 0 0 1 0 0 0 1 0 0 0</i>
                <i>1 0 0 0 1 0 0 0 1 0 0 0</i>
                <i>1 0 0 0 1 0 0 0 1 0 0 0</i>
                <i>1 0 0 0 1 0 0 0 1 0 0 0</i>
                <i>1 0 0 0 1 0 0 0 1 0 0 0</i>
                <i>1 0 0 0 1 0 0 0 1 0 0 0</i>
                <i>1 0 0 0 1 0 0 0 1 0 0 0</i>
                <i>1 0 0 0 1 0 0 0 1 0 0 0</i>
                <i>1 0 0 0 1 0 0 0 1 0 0 0</i>
                <i>1 0 0 0 1 0 0 0 1 0 0 0</i>
                <i>1 0 0 0 1 0 0 0 1 0 0 0</i>
                <i>1 0 0 0 1 0 0 0 1 0 0 0</i>
                <i>1 0 0 0 1 0 0 0 1 0 0 0</i>
                <i>1 0 0 0 1 0 0 0 1 0 0 0</i>
            </KeyFrames>
        </RefFrame>
        <Bones count="16">
            <i>
                <p>
                    <Name><![CDATA[firework_cannon_root]]></Name>
                    <Exclude>0</Exclude>
                    <Additive>0</Additive>
                    <IKPriority>0</IKPriority>
                    <IKRotLimits>-1e+010 -1e+010 -1e+010 1e+010 1e+010 1e+010</IKRotLimits>
                    <IKRotLimitOrder>0</IKRotLimitOrder>
                    <KeyFrames count="61">
                        <i>2.22045e-016 0 1 0 1 0 -1 0 2.22045e-016 0 0 0</i>
                        <i>2.22045e-016 0 1 0 1 0 -1 0 2.22045e-016 0 -0.00899356 0</i>
                        <i>2.22045e-016 0 1 0 1 0 -1 0 2.22045e-016 0 -0.0163131 0</i>
                        <i>2.22045e-016 0 1 0 1 0 -1 0 2.22045e-016 0 -0.0144256 0</i>
                        <i>2.22045e-016 0 1 0 1 0 -1 0 2.22045e-016 0 -0.00509547 0</i>
                        <i>2.22045e-016 0 1 0 1 0 -1 0 2.22045e-016 0 0.00141903 0</i>
                        <i>2.22045e-016 0 1 0 1 0 -1 0 2.22045e-016 0 -0.00578592 0</i>
                        <i>2.22045e-016 0 1 0 1 0 -1 0 2.22045e-016 0 -0.013308 0</i>
                        <i>2.22045e-016 0 1 0 1 0 -1 0 2.22045e-016 0 -0.0069505 0</i>
                        <i>2.22045e-016 0 1 0 1 0 -1 0 2.22045e-016 0 0 0</i>
                        <i>2.22045e-016 0 1 0 1 0 -1 0 2.22045e-016 0 0.000492472 0</i>
                        <i>2.22045e-016 0 1 0 1 0 -1 0 2.22045e-016 0 0.000319556 0</i>
                        <i>2.22045e-016 0 1 0 1 0 -1 0 2.22045e-016 0 -0.000500325 0</i>
                        <i>2.22045e-016 0 1 0 1 0 -1 0 2.22045e-016 0 -0.00194874 0</i>
                        <i>2.22045e-016 0 1 0 1 0 -1 0 2.22045e-016 0 -0.00400728 0</i>
                        <i>2.22045e-016 0 1 0 1 0 -1 0 2.22045e-016 0 -0.0066575 0</i>
                        <i>2.22045e-016 0 1 0 1 0 -1 0 2.22045e-016 0 -0.0133938 0</i>
                        <i>2.22045e-016 0 1 0 1 0 -1 0 2.22045e-016 0 -0.0225706 0</i>
                        <i>2.22045e-016 0 1 0 1 0 -1 0 2.22045e-016 0 -0.0264593 0</i>
                        <i>2.22045e-016 0 1 0 1 0 -1 0 2.22045e-016 0 -0.013114 0</i>
                        <i>2.22045e-016 0 1 0 1 0 -1 0 2.22045e-016 0 0 0</i>
                        <i>2.22045e-016 0 1 0 1 0 -1 0 2.22045e-016 0 -0.0112748 0</i>
                        <i>2.22045e-016 0 1 0 1 0 -1 0 2.22045e-016 0 -0.022984 0</i>
                        <i>2.22045e-016 0 1 0 1 0 -1 0 2.22045e-016 0 -0.0221026 0</i>
                        <i>2.22045e-016 0 1 0 1 0 -1 0 2.22045e-016 0 -0.0197569 0</i>
                        <i>2.22045e-016 0 1 0 1 0 -1 0 2.22045e-016 0 -0.0163944 0</i>
                        <i>2.22045e-016 0 1 0 1 0 -1 0 2.22045e-016 0 -0.0124629 0</i>
                        <i>2.22045e-016 0 1 0 1 0 -1 0 2.22045e-016 0 -0.00841009 0</i>
                        <i>2.22045e-016 0 1 0 1 0 -1 0 2.22045e-016 0 -0.00468355 0</i>
                        <i>2.22045e-016 0 1 0 1 0 -1 0 2.22045e-016 0 -0.00173096 0</i>
                        <i>2.22045e-016 0 1 0 1 0 -1 0 2.22045e-016 0 0 0</i>
                        <i>2.22045e-016 0 1 0 1 0 -1 0 2.22045e-016 0 -0.00124615 0</i>
                        <i>2.22045e-016 0 1 0 1 0 -1 0 2.22045e-016 0 -0.0052384 0</i>
                        <i>2.22045e-016 0 1 0 1 0 -1 0 2.22045e-016 0 -0.00944464 0</i>
                        <i>2.22045e-016 0 1 0 1 0 -1 0 2.22045e-016 0 -0.0113328 0</i>
                        <i>2.22045e-016 0 1 0 1 0 -1 0 2.22045e-016 0 -0.00544197 0</i>
                        <i>2.22045e-016 0 1 0 1 0 -1 0 2.22045e-016 0 0.000689378 0</i>
                        <i>2.22045e-016 0 1 0 1 0 -1 0 2.22045e-016 0 -0.00392334 0</i>
                        <i>2.22045e-016 0 1 0 1 0 -1 0 2.22045e-016 0 -0.00894895 0</i>
                        <i>2.22045e-016 0 1 0 1 0 -1 0 2.22045e-016 0 0 0</i>
                        <i>2.22045e-016 0 1 0 1 0 -1 0 2.22045e-016 0 0.00204275 0</i>
                        <i>2.22045e-016 0 1 0 1 0 -1 0 2.22045e-016 0 0.00264381 0</i>
                        <i>2.22045e-016 0 1 0 1 0 -1 0 2.22045e-016 0 0.000896554 0</i>
                        <i>2.22045e-016 0 1 0 1 0 -1 0 2.22045e-016 0 -0.00852332 0</i>
                        <i>2.22045e-016 0 1 0 1 0 -1 0 2.22045e-016 0 -0.0161182 0</i>
                        <i>2.22045e-016 0 1 0 1 0 -1 0 2.22045e-016 0 -0.0129016 0</i>
                        <i>2.22045e-016 0 1 0 1 0 -1 0 2.22045e-016 0 -0.00633588 0</i>
                        <i>2.22045e-016 0 1 0 1 0 -1 0 2.22045e-016 0 0.00023178 0</i>
                        <i>2.22045e-016 0 1 0 1 0 -1 0 2.22045e-016 0 0.00345416 0</i>
                        <i>2.22045e-016 0 1 0 1 0 -1 0 2.22045e-016 0 0.0033478 0</i>
                        <i>2.22045e-016 0 1 0 1 0 -1 0 2.22045e-016 0 0.00232077 0</i>
                        <i>2.22045e-016 0 1 0 1 0 -1 0 2.22045e-016 0 0.000613207 0</i>
                        <i>2.22045e-016 0 1 0 1 0 -1 0 2.22045e-016 0 -0.00153476 0</i>
                        <i>2.22045e-016 0 1 0 1 0 -1 0 2.22045e-016 0 -0.00388299 0</i>
                        <i>2.22045e-016 0 1 0 1 0 -1 0 2.22045e-016 0 -0.00619138 0</i>
                        <i>2.22045e-016 0 1 0 1 0 -1 0 2.22045e-016 0 -0.00821976 0</i>
                        <i>2.22045e-016 0 1 0 1 0 -1 0 2.22045e-016 0 -0.00972803 0</i>
                        <i>2.22045e-016 0 1 0 1 0 -1 0 2.22045e-016 0 -0.010476 0</i>
                        <i>2.22045e-016 0 1 0 1 0 -1 0 2.22045e-016 0 -0.00866396 0</i>
                        <i>2.22045e-016 0 1 0 1 0 -1 0 2.22045e-016 0 -0.00433198 0</i>
                        <i>2.22045e-016 0 1 0 1 0 -1 0 2.22045e-016 0 0 0</i>
                    </KeyFrames>
                </p>
            </i>
            <i>
                <p>
                    <Name><![CDATA[yaw]]></Name>
                    <Exclude>0</Exclude>
                    <Additive>0</Additive>
                    <IKPriority>0</IKPriority>
                    <IKRotLimits>-1e+010 -1e+010 -1e+010 1e+010 1e+010 1e+010</IKRotLimits>
                    <IKRotLimitOrder>0</IKRotLimitOrder>
                    <KeyFrames count="61">
                        <i>-3.44509e-016 0 -1 0 1 0 1 -0 -3.44509e-016 0 1.85569 0</i>
                        <i>0.207912 0 -0.978148 -0.00586976 0.999982 -0.00124766 0.97813 0.0060009 0.207908 0 1.84669 0</i>
                        <i>0.406737 0 -0.913545 -0.010964 0.999928 -0.00488148 0.91348 0.0120016 0.406707 0 1.83937 0</i>
                        <i>0.587785 0 -0.809017 -0.011916 0.999892 -0.00865751 0.808929 0.014729 0.587722 0 1.84126 0</i>
                        <i>0.743145 8.67362e-019 -0.669131 -0.00923971 0.999905 -0.0102617 0.669067 0.0138085 0.743074 0 1.85059 0</i>
                        <i>0.866025 8.67362e-019 -0.5 -0.00572804 0.999934 -0.00992125 0.499967 0.0114561 0.865969 0 1.8571 0</i>
                        <i>0.951057 8.67362e-019 -0.309017 -0.00256029 0.999966 -0.00787977 0.309006 0.00828528 0.951024 0 1.8499 0</i>
                        <i>0.994522 0 -0.104528 -0.000513217 0.999988 -0.00488294 0.104527 0.00490983 0.99451 0 1.84238 0</i>
                        <i>0.994522 0 0.104529 0.00020315 0.999998 -0.00193284 -0.104528 0.00194348 0.99452 0 1.84874 0</i>
                        <i>0.951056 0 0.309017 0 1 0 -0.309017 0 0.951056 0 1.85569 0</i>
                        <i>0.866025 0 0.5 -0.000323049 1 0.000559538 -0.5 -0.000646099 0.866025 0 1.85618 0</i>
                        <i>0.743145 0 0.669131 -0.000288327 1 0.000320219 -0.669131 -0.000430898 0.743145 0 1.85601 0</i>
                        <i>0.587785 0 0.809017 0.00015651 1 -0.000113711 -0.809017 0.000193457 0.587785 0 1.85519 0</i>
                        <i>0.406737 0 0.913545 0.000707835 1 -0.000315149 -0.913545 0.000774822 0.406736 0 1.85374 0</i>
                        <i>0.207912 -1.35525e-020 0.978148 0.000842236 1 -0.000179023 -0.978147 0.000861052 0.207912 0 1.85168 0</i>
                        <i>-2.69177e-007 0 1 0 1 0 -1 0 -2.69177e-007 0 1.84903 0</i>
                        <i>-0.207912 -2.93634e-005 0.978148 -0.00395949 0.999992 -0.000811596 -0.97814 -0.0040417 -0.20791 0 1.84229 0</i>
                        <i>-0.406737 -0.000103602 0.913545 -0.00920515 0.99995 -0.003985 -0.913499 -0.0100302 -0.406717 0 1.83312 0</i>
                        <i>-0.587785 -0.00019429 0.809017 -0.0108152 0.999913 -0.00761754 -0.808945 -0.0132271 -0.587736 0 1.82923 0</i>
                        <i>-0.743145 -0.000267825 0.66913 -0.00510718 0.999973 -0.00527186 -0.669111 -0.00733513 -0.743126 0 1.84257 0</i>
                        <i>-0.866025 -0.000291855 0.5 -0.000879447 0.999999 -0.000939537 -0.499999 -0.00125339 -0.866025 0 1.85569 0</i>
                        <i>-0.951057 -0.000241189 0.309017 -0.002413 0.999975 -0.00664598 -0.309007 -0.00706636 -0.951033 0 1.84441 0</i>
                        <i>-0.994522 -0.000102504 0.104528 -0.00142926 0.999919 -0.0126179 -0.104519 -0.0126982 -0.994442 0 1.8327 0</i>
                        <i>-0.994522 0.000122726 -0.104529 0.0012138 0.999945 -0.0103744 0.104522 -0.0104445 -0.994468 0 1.83358 0</i>
                        <i>-0.951057 0.000417442 -0.309017 0.00226514 0.999982 -0.00562055 0.309009 -0.00604542 -0.95104 0 1.83593 0</i>
                        <i>-0.866025 0.000750485 -0.5 0.00140072 0.999999 -0.000925144 0.499998 -0.00150156 -0.866025 0 1.83929 0</i>
                        <i>-0.743145 0.00108023 -0.66913 3.58463e-019 0.999999 0.00161438 0.669131 0.00119971 -0.743144 0 1.84322 0</i>
                        <i>-0.587785 0.00136003 -0.809016 -0.000837041 0.999997 0.00228923 0.809017 0.00202275 -0.587782 0 1.84728 0</i>
                        <i>-0.406737 0.00154489 -0.913544 -0.00150069 0.999996 0.00235924 0.913544 0.00233054 -0.406733 0 1.851 0</i>
                        <i>-0.207912 0.00159867 -0.978146 -0.0018778 0.999996 0.00203352 0.978146 0.00225956 -0.207908 0 1.85395 0</i>
                        <i>-5.89439e-016 0.00150097 -0.999999 -0.00196131 0.999997 0.00150097 0.999998 0.00196131 2.94387e-006 0 1.85569 0</i>
                        <i>0.207912 0.00125284 -0.978147 -0.0018222 0.999998 0.000893502 0.978146 0.00159661 0.207914 0 1.85444 0</i>
                        <i>0.406737 0.000880617 -0.913545 -0.00157139 0.999999 0.000264325 0.913544 0.00132803 0.406738 0 1.85045 0</i>
                        <i>0.587785 0.000437151 -0.809017 -0.00131742 0.999999 -0.000416811 0.809016 0.00131081 0.587786 0 1.84624 0</i>
                        <i>0.743145 0 -0.669131 -0.00112641 0.999999 -0.001251 0.66913 0.00168339 0.743144 0 1.84435 0</i>
                        <i>0.866026 -0.000579715 -0.499999 -0.000918514 0.999996 -0.00275035 0.499998 0.00284113 0.866022 0 1.85024 0</i>
                        <i>0.951057 -0.000994178 -0.309015 -0.000603452 0.999987 -0.00507446 0.309016 0.00501257 0.951044 0 1.85638 0</i>
                        <i>0.994522 -0.000611368 -0.104526 -0.000208376 0.999969 -0.00783137 0.104528 0.00781025 0.994491 0 1.85176 0</i>
                        <i>0.994522 0.000912505 0.104525 0.000200884 0.999943 -0.0106409 -0.104529 0.0106036 0.994465 0 1.84674 0</i>
                        <i>0.951056 0.00356459 0.308997 0.000538118 0.999913 -0.0131913 -0.309017 0.0127119 0.950971 0 1.85569 0</i>
                        <i>0.866025 0.00697046 0.499952 0.000748235 0.999884 -0.0152367 -0.5 0.0135695 0.865919 0 1.85773 0</i>
                        <i>0.743144 0.0104533 0.669049 0.000810161 0.999863 -0.0165219 -0.669131 0.0128202 0.743034 0 1.85833 0</i>
                        <i>0.587785 0.0131504 0.80891 0.00073457 0.999859 -0.0167884 -0.809017 0.0104622 0.587692 0 1.85658 0</i>
                        <i>0.406736 0.0126841 0.913458 0.000558913 0.9999 -0.0141333 -0.913546 0.00625905 0.406688 0 1.84716 0</i>
                        <i>0.207911 0.00839171 0.978112 0.000338392 0.999963 -0.00865111 -0.978148 0.00212964 0.2079 0 1.83957 0</i>
                        <i>-8.75801e-007 0.00304791 0.999995 0.000134116 0.999995 -0.00304791 -1 0.000134113 -1.28457e-006 0 1.84278 0</i>
                        <i>-0.207913 0 0.978147 0 1 0 -0.978147 0 -0.207913 0 1.84935 0</i>
                        <i>-0.406738 -0.000711358 0.913545 -6.88094e-005 1 0.000748042 -0.913545 0.000241397 -0.406738 0 1.85592 0</i>
                        <i>-0.587786 -0.00107355 0.809016 -0.000103844 0.999999 0.00125153 -0.809016 0.000651621 -0.587786 0 1.85914 0</i>
                        <i>-0.743146 -0.00111915 0.669129 -0.000108255 0.999999 0.00155232 -0.66913 0.00108116 -0.743145 0 1.85903 0</i>
                        <i>-0.866026 -0.00092151 0.499998 -8.91375e-005 0.999999 0.00168863 -0.499999 0.00141783 -0.866025 0 1.85801 0</i>
                        <i>-0.951057 -0.000576643 0.309015 -5.57785e-005 0.999999 0.00169439 -0.309016 0.00159423 -0.951056 0 1.8563 0</i>
                        <i>-0.994522 -0.00018494 0.104527 -1.78892e-005 0.999999 0.0015991 -0.104527 0.00158847 -0.994521 0 1.85415 0</i>
                        <i>-0.994522 0.000165198 -0.10453 1.59796e-005 0.999999 0.00142836 0.10453 0.00141887 -0.994521 0 1.8518 0</i>
                        <i>-0.951056 0.000410061 -0.309018 3.96651e-005 0.999999 0.0012049 0.309019 0.00113367 -0.951055 0 1.84949 0</i>
                        <i>-0.866025 0.000518353 -0.500001 5.01401e-005 1 0.000949858 0.500001 0.00079753 -0.866024 0 1.84747 0</i>
                        <i>-0.743144 0.000493291 -0.669132 4.77159e-005 1 0.000684217 0.669132 0.000476544 -0.743144 0 1.84596 0</i>
                        <i>-0.587784 0.000369033 -0.809018 3.56965e-005 1 0.000430215 0.809018 0.000223994 -0.587784 0 1.84521 0</i>
                        <i>-0.406735 0.000202043 -0.913546 1.95435e-005 1 0.000212462 0.913546 6.85616e-005 -0.406735 0 1.84702 0</i>
                        <i>-0.20791 5.85894e-005 -0.978148 5.66734e-006 1 5.86937e-005 0.978148 6.6595e-006 -0.20791 0 1.85135 0</i>
                        <i>1.6994e-006 -0 -1 0 1 0 1 0 1.6994e-006 0 1.85569 0</i>
                    </KeyFrames>
                </p>
            </i>
            <i>
                <p>
                    <Name><![CDATA[cracker_1]]></Name>
                    <Exclude>0</Exclude>
                    <Additive>0</Additive>
                    <IKPriority>0</IKPriority>
                    <IKRotLimits>-1e+010 -1e+010 -1e+010 1e+010 1e+010 1e+010</IKRotLimits>
                    <IKRotLimitOrder>0</IKRotLimitOrder>
                    <KeyFrames count="61">
                        <i>-3.44509e-016 0 -1 0 1 0 1 0 -3.44509e-016 2.17372 1.82424 -0.321506</i>
                        <i>0.207912 0 -0.978148 -0.00586976 0.999982 -0.00124766 0.97813 0.0060009 0.207908 2.19321 1.82829 0.137492</i>
                        <i>0.406737 0 -0.913545 -0.010964 0.999928 -0.00488148 0.91348 0.0120016 0.406707 2.11676 1.83402 0.590509</i>
                        <i>0.587785 0 -0.809017 -0.011916 0.999892 -0.00865751 0.808929 0.014729 0.587722 1.94773 1.84184 1.01771</i>
                        <i>0.743145 8.67362e-019 -0.669131 -0.00923971 0.999905 -0.0102617 0.669067 0.0138085 0.743074 1.69358 1.84917 1.40042</i>
                        <i>0.866025 8.67362e-019 -0.5 -0.00572804 0.999934 -0.00992125 0.499967 0.0114561 0.865969 1.3654 1.85057 1.72193</i>
                        <i>0.951057 8.67362e-019 -0.309017 -0.00256029 0.999966 -0.00787977 0.309006 0.00828528 0.951024 0.977543 1.83647 1.96815</i>
                        <i>0.994522 0 -0.104528 -0.000513217 0.999988 -0.00488294 0.104527 0.00490983 0.99451 0.546973 1.82161 2.12833</i>
                        <i>0.994522 0 0.104529 0.00020315 0.999998 -0.00193284 -0.104528 0.00194348 0.99452 0.0925234 1.82152 2.19547</i>
                        <i>0.951056 0 0.309017 0 1 0 -0.309017 0 0.951056 -0.365945 1.82424 2.16668</i>
                        <i>0.866025 0 0.5 -0.000323049 1 0.000559538 -0.5 -0.000646099 0.866025 -0.808415 1.82333 2.04323</i>
                        <i>0.743145 0 0.669131 -0.000288327 1 0.000320219 -0.669131 -0.000430898 0.743145 -1.21556 1.82363 1.8305</i>
                        <i>0.587785 0 0.809017 0.00015651 1 -0.000113711 -0.809017 0.000193457 0.587785 -1.5696 1.82416 1.53779</i>
                        <i>0.406737 0 0.913545 0.000707835 1 -0.000315149 -0.913545 0.000774822 0.406736 -1.85504 1.82398 1.17785</i>
                        <i>0.207912 -1.35525e-020 0.978148 0.000842236 1 -0.000179023 -0.978147 0.000861052 0.207912 -2.0594 1.82211 0.766427</i>
                        <i>-2.69177e-007 0 1 0 1 0 -1 0 -2.69177e-007 -2.17372 1.81758 0.321505</i>
                        <i>-0.207912 -2.93634e-005 0.978148 -0.00395949 0.999992 -0.000811596 -0.97814 -0.0040417 -0.20791 -2.19292 1.80205 -0.137432</i>
                        <i>-0.406737 -0.000103602 0.913545 -0.00920515 0.99995 -0.003985 -0.913499 -0.0100302 -0.406717 -2.11617 1.77984 -0.590252</i>
                        <i>-0.587785 -0.00019429 0.809017 -0.0108152 0.999913 -0.00761754 -0.808945 -0.0132271 -0.587736 -1.94705 1.76897 -1.01723</i>
                        <i>-0.743145 -0.000267825 0.66913 -0.00510718 0.999973 -0.00527186 -0.669111 -0.00733513 -0.743126 -1.69322 1.7951 -1.40005</i>
                        <i>-0.866025 -0.000291855 0.5 -0.000879447 0.999999 -0.000939537 -0.499999 -0.00125339 -0.866025 -1.36526 1.82142 -1.72171</i>
                        <i>-0.951057 -0.000241189 0.309017 -0.002413 0.999975 -0.00664598 -0.309007 -0.00706636 -0.951033 -0.977389 1.79753 -1.96772</i>
                        <i>-0.994522 -0.000102504 0.104528 -0.00142926 0.999919 -0.0126179 -0.104519 -0.0126982 -0.994442 -0.546894 1.77363 -2.12763</i>
                        <i>-0.994522 0.000122726 -0.104529 0.0012138 0.999945 -0.0103744 0.104522 -0.0104445 -0.994468 -0.0925828 1.77948 -2.19497</i>
                        <i>-0.951057 0.000417442 -0.309017 0.00226514 0.999982 -0.00562055 0.309009 -0.00604542 -0.95104 0.365855 1.79148 -2.16646</i>
                        <i>-0.866025 0.000750485 -0.5 0.00140072 0.999999 -0.000925144 0.499998 -0.00150156 -0.866025 0.808377 1.80483 -2.04322</i>
                        <i>-0.743145 0.00108023 -0.66913 3.58463e-019 0.999999 0.00161438 0.669131 0.00119971 -0.743144 1.21557 1.81473 -1.83056</i>
                        <i>-0.587785 0.00136003 -0.809016 -0.000837041 0.999997 0.00228923 0.809017 0.00202275 -0.587782 1.56962 1.82067 -1.53785</i>
                        <i>-0.406737 0.00154489 -0.913544 -0.00150069 0.999996 0.00235924 0.913544 0.00233054 -0.406733 1.85506 1.82512 -1.17791</i>
                        <i>-0.207912 0.00159867 -0.978146 -0.0018778 0.999996 0.00203352 0.978146 0.00225956 -0.207908 2.05942 1.82794 -0.766476</i>
                        <i>-5.89439e-016 0.00150097 -0.999999 -0.00196131 0.999997 0.00150097 0.999998 0.00196131 2.94387e-006 2.17377 1.82899 -0.321547</i>
                        <i>0.207912 0.00125284 -0.978147 -0.0018222 0.999998 0.000893502 0.978146 0.00159661 0.207914 2.19311 1.82687 0.137438</i>
                        <i>0.406737 0.000880617 -0.913545 -0.00157139 0.999999 0.000264325 0.913544 0.00132803 0.406738 2.1166 1.82217 0.590414</i>
                        <i>0.587785 0.000437151 -0.809017 -0.00131742 0.999999 -0.000416811 0.809016 0.00131081 0.587786 1.94759 1.81779 1.01759</i>
                        <i>0.743145 0 -0.669131 -0.00112641 0.999999 -0.001251 0.66913 0.00168339 0.743144 1.69346 1.81657 1.40029</i>
                        <i>0.866026 -0.000579715 -0.499999 -0.000918514 0.999996 -0.00275035 0.499998 0.00284113 0.866022 1.36532 1.82479 1.72182</i>
                        <i>0.951057 -0.000994178 -0.309015 -0.000603452 0.999987 -0.00507446 0.309016 0.00501257 0.951044 0.977502 1.83551 1.96811</i>
                        <i>0.994522 -0.000611368 -0.104526 -0.000208376 0.999969 -0.00783137 0.104528 0.00781025 0.994491 0.546965 1.8371 2.12838</i>
                        <i>0.994522 0.000912505 0.104525 0.000200884 0.999943 -0.0106409 -0.104529 0.0106036 0.994465 0.092523 1.83864 2.19562</i>
                        <i>0.951056 0.00356459 0.308997 0.000538118 0.999913 -0.0131913 -0.309017 0.0127119 0.950971 -0.365963 1.85302 2.1669</i>
                        <i>0.866025 0.00697046 0.499952 0.000748235 0.999884 -0.0152367 -0.5 0.0135695 0.865919 -0.808449 1.85803 2.04348</i>
                        <i>0.743144 0.0104533 0.669049 0.000810161 0.999863 -0.0165219 -0.669131 0.0128202 0.743034 -1.2156 1.85812 1.83077</i>
                        <i>0.587785 0.0131504 0.80891 0.00073457 0.999859 -0.0167884 -0.809017 0.0104622 0.587692 -1.56962 1.85211 1.53807</i>
                        <i>0.406736 0.0126841 0.913458 0.000558913 0.9999 -0.0141333 -0.913546 0.00625905 0.406688 -1.85504 1.83341 1.17815</i>
                        <i>0.207911 0.00839171 0.978112 0.000338392 0.999963 -0.00865111 -0.978148 0.00212964 0.2079 -2.05938 1.81545 0.766656</i>
                        <i>-8.75801e-007 0.00304791 0.999995 0.000134116 0.999995 -0.00304791 -1 0.000134113 -1.28457e-006 -2.17372 1.81261 0.321598</i>
                        <i>-0.207913 0 0.978147 0 1 0 -0.978147 0 -0.207913 -2.19306 1.81791 -0.137464</i>
                        <i>-0.406738 -0.000711358 0.913545 -6.88094e-005 1 0.000748042 -0.913545 0.000241397 -0.406738 -2.11655 1.82477 -0.590446</i>
                        <i>-0.587786 -0.00107355 0.809016 -0.000103844 0.999999 0.00125153 -0.809016 0.000651621 -0.587786 -1.94754 1.82877 -1.01762</i>
                        <i>-0.743146 -0.00111915 0.669129 -0.000108255 0.999999 0.00155232 -0.66913 0.00108116 -0.743145 -1.69342 1.82958 -1.4003</i>
                        <i>-0.866026 -0.00092151 0.499998 -8.91375e-005 0.999999 0.00168863 -0.499999 0.00141783 -0.866025 -1.36528 1.82935 -1.72179</i>
                        <i>-0.951057 -0.000576643 0.309015 -5.57785e-005 0.999999 0.00169439 -0.309016 0.00159423 -0.951056 -0.977481 1.82814 -1.96803</i>
                        <i>-0.994522 -0.00018494 0.104527 -1.78892e-005 0.999999 0.0015991 -0.104527 0.00158847 -0.994521 -0.546956 1.8261 -2.12825</i>
                        <i>-0.994522 0.000165198 -0.10453 1.59796e-005 0.999999 0.00142836 0.10453 0.00141887 -0.994521 -0.0925276 1.8235 -2.19546</i>
                        <i>-0.951056 0.000410061 -0.309018 3.96651e-005 0.999999 0.0012049 0.309019 0.00113367 -0.951055 0.365947 1.82065 -2.16671</i>
                        <i>-0.866025 0.000518353 -0.500001 5.01401e-005 1 0.000949858 0.500001 0.00079753 -0.866024 0.808427 1.81792 -2.04327</i>
                        <i>-0.743144 0.000493291 -0.669132 4.77159e-005 1 0.000684217 0.669132 0.000476544 -0.743144 1.21558 1.81571 -1.83053</i>
                        <i>-0.587784 0.000369033 -0.809018 3.56965e-005 1 0.000430215 0.809018 0.000223994 -0.587784 1.5696 1.81437 -1.53779</i>
                        <i>-0.406735 0.000202043 -0.913546 1.95435e-005 1 0.000212462 0.913546 6.85616e-005 -0.406735 1.85502 1.81579 -1.17784</i>
                        <i>-0.20791 5.85894e-005 -0.978148 5.66734e-006 1 5.86937e-005 0.978148 6.6595e-006 -0.20791 2.05937 1.81994 -0.766419</i>
                        <i>1.6994e-006 0 -1 0 1 0 1 0 1.6994e-006 2.17372 1.82424 -0.321502</i>
                    </KeyFrames>
                </p>
            </i>
            <i>
                <p>
                    <Name><![CDATA[cracker_2]]></Name>
                    <Exclude>0</Exclude>
                    <Additive>0</Additive>
                    <IKPriority>0</IKPriority>
                    <IKRotLimits>-1e+010 -1e+010 -1e+010 1e+010 1e+010 1e+010</IKRotLimits>
                    <IKRotLimitOrder>0</IKRotLimitOrder>
                    <KeyFrames count="61">
                        <i>-0.707107 0 -0.707107 0 1 0 0.707107 0 -0.707107 1.70627 1.82424 1.321</i>
                        <i>-0.544627 -0.00424327 -0.838668 -0.00586976 0.999982 -0.00124766 0.838658 0.00424327 -0.544642 1.39449 1.82549 1.64692</i>
                        <i>-0.358321 -0.0084864 -0.93356 -0.010964 0.999928 -0.00488148 0.933534 0.0084864 -0.358389 1.02169 1.82841 1.9009</i>
                        <i>-0.156372 -0.010415 -0.987643 -0.011916 0.999892 -0.00865751 0.987626 0.010415 -0.156479 0.604168 1.83495 2.07179</i>
                        <i>0.0523812 -0.0097641 -0.998579 -0.00923971 0.999905 -0.0102617 0.998584 0.0097641 0.0522859 0.160211 1.84271 2.15213</i>
                        <i>0.258842 -0.00810067 -0.965886 -0.00572804 0.999934 -0.00992125 0.965903 0.00810067 0.258779 -0.290755 1.84521 2.13839</i>
                        <i>0.453998 -0.00585858 -0.890983 -0.00256029 0.999966 -0.00787977 0.890999 0.00585858 0.453967 -0.729011 1.83259 2.03116</i>
                        <i>0.629321 -0.00347178 -0.777137 -0.000513217 0.999988 -0.00488294 0.777145 0.00347178 0.629312 -1.13539 1.81931 1.83514</i>
                        <i>0.777146 -0.00137425 -0.629319 0.00020315 0.999998 -0.00193284 0.62932 0.00137425 0.777145 -1.49212 1.82061 1.5589</i>
                        <i>0.891007 0 -0.45399 0 1 0 0.45399 0 0.891007 -1.78361 1.82424 1.21455</i>
                        <i>0.965926 0.000456861 -0.258819 -0.000323049 1 0.000559538 0.258819 -0.000456861 0.965926 -1.99714 1.82363 0.817161</i>
                        <i>0.998629 0.000304691 -0.0523358 -0.000288327 1 0.000320219 0.0523359 -0.000304691 0.998629 -2.1234 1.82383 0.38408</i>
                        <i>0.987688 -0.000136795 0.156435 0.00015651 1 -0.000113711 -0.156435 0.000136795 0.987688 -2.15687 1.82407 -0.0657819</i>
                        <i>0.93358 -0.000547882 0.358368 0.000707835 1 -0.000315149 -0.358368 0.000547882 0.93358 -2.09608 1.82362 -0.512776</i>
                        <i>0.83867 -0.000608856 0.544639 0.000842236 1 -0.000179023 -0.544639 0.000608856 0.83867 -1.94366 1.8217 -0.937369</i>
                        <i>0.707107 0 0.707107 0 1 0 -0.707107 0 0.707107 -1.70627 1.81758 -1.321</i>
                        <i>0.544633 0.00283715 0.838669 -0.00395949 0.999992 -0.000811596 -0.838665 -0.00287868 0.54464 -1.3942 1.80399 -1.64685</i>
                        <i>0.358335 0.00701914 0.933567 -0.00920515 0.99995 -0.003985 -0.933548 -0.00716566 0.358382 -1.02109 1.7847 -1.90064</i>
                        <i>0.156383 0.0092156 0.987653 -0.0108152 0.999913 -0.00761754 -0.987637 -0.00949037 0.156469 -0.603479 1.77547 -2.07131</i>
                        <i>-0.05235 0.00499734 0.998616 -0.00510718 0.999973 -0.00527186 -0.998616 -0.0053761 -0.052323 -0.159835 1.79897 -2.15173</i>
                        <i>-0.25882 0.000679905 0.965925 -0.000879447 0.999999 -0.000939537 -0.965925 -0.00109265 -0.258819 0.290908 1.82249 -2.13814</i>
                        <i>-0.453997 0.00482613 0.89099 -0.002413 0.999975 -0.00664598 -0.891 -0.00516722 -0.453974 0.729166 1.80123 -2.03072</i>
                        <i>-0.629327 0.00890651 0.777089 -0.00142926 0.999919 -0.0126179 -0.777139 -0.00905148 -0.629264 1.13547 1.77973 -1.83448</i>
                        <i>-0.777141 0.00747215 0.629282 0.0012138 0.999945 -0.0103744 -0.629325 -0.00729859 -0.777108 1.49206 1.78416 -1.55843</i>
                        <i>-0.891001 0.00456994 0.453979 0.00226514 0.999982 -0.00562055 -0.453996 -0.00397958 -0.890995 1.78352 1.79362 -1.21435</i>
                        <i>-0.965924 0.00159243 0.258819 0.00140072 0.999999 -0.000925144 -0.25882 -0.000531087 -0.965925 1.99711 1.80429 -0.81715</i>
                        <i>-0.99863 -8.44899e-005 0.0523359 3.58463e-019 0.999999 0.00161438 -0.0523359 0.00161216 -0.998628 2.12341 1.8124 -0.38414</i>
                        <i>-0.987688 -0.000468619 -0.156436 -0.000837041 0.999997 0.00228923 0.156434 0.00239199 -0.987685 2.15689 1.81749 0.0657169</i>
                        <i>-0.93358 -0.000555537 -0.35837 -0.00150069 0.999996 0.00235924 0.358367 0.00274034 -0.933577 2.0961 1.82149 0.512716</i>
                        <i>-0.838669 -0.000467318 -0.544641 -0.0018778 0.999996 0.00203352 0.544638 0.00272818 -0.838667 1.94369 1.82426 0.937315</i>
                        <i>-0.707105 -0.000325509 -0.707108 -0.00196131 0.999997 0.00150097 0.707105 0.0024482 -0.707104 1.70633 1.82561 1.32095</i>
                        <i>-0.544637 -0.000243086 -0.838672 -0.0018222 0.999998 0.000893502 0.83867 0.00201487 -0.544637 1.39439 1.82407 1.64686</i>
                        <i>-0.358367 -0.000316367 -0.933581 -0.00157139 0.999999 0.000264325 0.93358 0.00156175 -0.358367 1.02151 1.82011 1.90079</i>
                        <i>-0.156433 -0.000617768 -0.987688 -0.00131742 0.999999 -0.000416811 0.987688 0.00123599 -0.156434 0.603982 1.81646 2.07164</i>
                        <i>0.0523368 -0.00119034 -0.998629 -0.00112641 0.999999 -0.001251 0.998629 0.00119034 0.0523354 0.160063 1.81578 2.15196</i>
                        <i>0.25882 -0.0024189 -0.965922 -0.000918514 0.999996 -0.00275035 0.965925 0.00159906 0.258817 -0.290853 1.82441 2.13825</i>
                        <i>0.453992 -0.00424741 -0.890996 -0.000603452 0.999987 -0.00507446 0.891006 0.00284143 0.453983 -0.729057 1.8348 2.03111</i>
                        <i>0.629321 -0.00595499 -0.777123 -0.000208376 0.999969 -0.00783137 0.777146 0.00509038 0.6293 -1.1354 1.83445 1.8352</i>
                        <i>0.777146 -0.00685263 -0.629283 0.000200884 0.999943 -0.0106409 0.62932 0.00814311 0.777103 -1.49212 1.83218 1.55909</i>
                        <i>0.891007 -0.00646812 -0.453944 0.000538118 0.999913 -0.0131913 0.45399 0.0115092 0.890932 -1.78363 1.84123 1.21485</i>
                        <i>0.965926 -0.00466621 -0.258778 0.000748235 0.999884 -0.0152367 0.258819 0.0145239 0.965817 -1.99718 1.84023 0.81754</i>
                        <i>0.998629 -0.00167362 -0.0523151 0.000810161 0.999863 -0.0165219 0.0523356 0.0164569 0.998494 -2.12344 1.83496 0.384528</i>
                        <i>0.987688 0.00190087 0.156425 0.00073457 0.999859 -0.0167884 -0.156435 0.0166966 0.987547 -2.15689 1.82562 -0.0652753</i>
                        <i>0.93358 0.00454319 0.358341 0.000558913 0.9999 -0.0141333 -0.358369 0.0133948 0.933484 -2.09607 1.80965 -0.512309</i>
                        <i>0.83867 0.00442795 0.544622 0.000338392 0.999963 -0.00865111 -0.54464 0.00743972 0.838637 -1.94365 1.80067 -0.937075</i>
                        <i>0.707106 0.00206037 0.707104 0.000134116 0.999995 -0.00304791 -0.707107 0.00225003 0.707103 -1.70628 1.80754 -1.3209</i>
                        <i>0.544638 0 0.838671 0 1 0 -0.838671 0 0.544638 -1.39433 1.81791 -1.64688</i>
                        <i>0.358367 -0.000673699 0.933581 -6.88094e-005 1 0.000748042 -0.933581 -0.000332313 0.358367 -1.02146 1.82583 -1.90082</i>
                        <i>0.156433 -0.00121988 0.987688 -0.000103844 0.999999 0.00125153 -0.987688 -0.000298347 0.156433 -0.603937 1.83023 -2.07167</i>
                        <i>-0.052337 -0.00155585 0.998628 -0.000108255 0.999999 0.00155232 -0.998629 -2.68631e-005 -0.0523371 -0.160024 1.83091 -2.15197</i>
                        <i>-0.258821 -0.00165417 0.965924 -8.91375e-005 0.999999 0.00168863 -0.965925 0.000350954 -0.25882 0.290885 1.8302 -2.13822</i>
                        <i>-0.453992 -0.00153504 0.891005 -5.57785e-005 0.999999 0.00169439 -0.891006 0.000719542 -0.453991 0.729078 1.82834 -2.03102</i>
                        <i>-0.629321 -0.00125399 0.777144 -1.78892e-005 0.999999 0.0015991 -0.777145 0.000992444 -0.629321 1.13541 1.82566 -1.83505</i>
                        <i>-0.777147 -0.000886477 0.629319 1.59796e-005 0.999999 0.00142836 -0.629319 0.0011201 -0.777146 1.49211 1.82256 -1.55889</i>
                        <i>-0.891007 -0.000511671 0.453989 3.96651e-005 0.999999 0.0012049 -0.453989 0.00109158 -0.891007 1.78361 1.81944 -1.21459</i>
                        <i>-0.965926 -0.000197408 0.258817 5.01401e-005 1 0.000949858 -0.258817 0.000930469 -0.965926 1.99715 1.8167 -0.817205</i>
                        <i>-0.99863 1.18424e-005 0.0523345 4.77159e-005 1 0.000684217 -0.0523344 0.000685777 -0.998629 2.12341 1.81468 -0.384108</i>
                        <i>-0.987688 0.000102558 -0.156436 3.56965e-005 1 0.000430215 0.156436 0.000419334 -0.987688 2.15686 1.81366 0.0657745</i>
                        <i>-0.93358 9.43853e-005 -0.35837 1.95435e-005 1 0.000212462 0.35837 0.000191346 -0.93358 2.09605 1.81543 0.512783</i>
                        <i>-0.83867 3.672e-005 -0.544641 5.66734e-006 1 5.86937e-005 0.544641 4.61379e-005 -0.83867 1.94364 1.81984 0.937376</i>
                        <i>-0.707106 0 -0.707108 0 1 0 0.707108 0 -0.707106 1.70627 1.82424 1.321</i>
                    </KeyFrames>
                </p>
            </i>
            <i>
                <p>
                    <Name><![CDATA[cracker_3]]></Name>
                    <Exclude>0</Exclude>
                    <Additive>0</Additive>
                    <IKPriority>0</IKPriority>
                    <IKRotLimits>-1e+010 -1e+010 -1e+010 1e+010 1e+010 1e+010</IKRotLimits>
                    <IKRotLimitOrder>0</IKRotLimitOrder>
                    <KeyFrames count="61">
                        <i>-3.44509e-016 0 -1 0 1 0 1 0 -3.44509e-016 0.321245 1.82424 2.18177</i>
                        <i>0.207912 0 -0.978148 -0.00586976 0.999982 -0.00124766 0.97813 0.0060009 0.207908 -0.139211 1.81718 2.20092</i>
                        <i>0.406737 0 -0.913545 -0.010964 0.999928 -0.00488148 0.91348 0.0120016 0.406707 -0.593609 1.81179 2.12395</i>
                        <i>0.587785 0 -0.809017 -0.011916 0.999892 -0.00865751 0.808929 0.014729 0.587722 -1.02217 1.81455 1.95416</i>
                        <i>0.743145 8.67362e-019 -0.669131 -0.00923971 0.999905 -0.0102617 0.669067 0.0138085 0.743074 -1.40614 1.82359 1.69892</i>
                        <i>0.866025 8.67362e-019 -0.5 -0.00572804 0.999934 -0.00992125 0.499967 0.0114561 0.865969 -1.72867 1.82934 1.36938</i>
                        <i>0.951057 8.67362e-019 -0.309017 -0.00256029 0.999966 -0.00787977 0.309006 0.00828528 0.951024 -1.97564 1.82112 0.979963</i>
                        <i>0.994522 0 -0.104528 -0.000513217 0.999988 -0.00488294 0.104527 0.00490983 0.99451 -2.13622 1.81251 0.547692</i>
                        <i>0.994522 0 0.104529 0.00020315 0.999998 -0.00193284 -0.104528 0.00194348 0.99452 -2.2034 1.81792 0.0914886</i>
                        <i>0.951056 0 0.309017 0 1 0 -0.309017 0 0.951056 -2.17425 1.82424 -0.368681</i>
                        <i>0.866025 0 0.5 -0.000323049 1 0.000559538 -0.5 -0.000646099 0.866025 -2.05008 1.82453 -0.812695</i>
                        <i>0.743145 0 0.669131 -0.000288327 1 0.000320219 -0.669131 -0.000430898 0.743145 -1.83632 1.82442 -1.22117</i>
                        <i>0.587785 0 0.809017 0.00015651 1 -0.000113711 -0.809017 0.000193457 0.587785 -1.54231 1.8238 -1.57626</i>
                        <i>0.406737 0 0.913545 0.000707835 1 -0.000315149 -0.913545 0.000774822 0.406736 -1.1809 1.82254 -1.86247</i>
                        <i>0.207912 -1.35525e-020 0.978148 0.000842236 1 -0.000179023 -0.978147 0.000861052 0.207912 -0.767866 1.82051 -2.06729</i>
                        <i>-2.69177e-007 0 1 0 1 0 -1 0 -2.69177e-007 -0.321245 1.81758 -2.18177</i>
                        <i>-0.207912 -2.93634e-005 0.978148 -0.00395949 0.999992 -0.000811596 -0.97814 -0.0040417 -0.20791 0.139517 1.80961 -2.20086</i>
                        <i>-0.406737 -0.000103602 0.913545 -0.00920515 0.99995 -0.003985 -0.913499 -0.0100302 -0.406717 0.594237 1.79868 -2.12367</i>
                        <i>-0.587785 -0.00019429 0.809017 -0.0108152 0.999913 -0.00761754 -0.808945 -0.0132271 -0.587736 1.02288 1.79396 -1.95365</i>
                        <i>-0.743145 -0.000267825 0.66913 -0.00510718 0.999973 -0.00527186 -0.669111 -0.00733513 -0.743126 1.40658 1.80936 -1.69845</i>
                        <i>-0.866025 -0.000291855 0.5 -0.000879447 0.999999 -0.000939537 -0.499999 -0.00125339 -0.866025 1.72887 1.82448 -1.36906</i>
                        <i>-0.951057 -0.000241189 0.309017 -0.002413 0.999975 -0.00664598 -0.309007 -0.00706636 -0.951033 1.97579 1.81122 -0.979509</i>
                        <i>-0.994522 -0.000102504 0.104528 -0.00142926 0.999919 -0.0126179 -0.104519 -0.0126982 -0.994442 2.13628 1.79741 -0.54712</i>
