<?xml version="1.0" encoding="ISO-8859-1" ?>
<Animl Version="1">
    <ModellingPackage><![CDATA[Maya.2010]]></ModellingPackage>
    <SrcFile><![CDATA[anims\turrets\special\blue\~src\firework_cannon\firework_cannon_reload_high.mb]]></SrcFile>
    <FramesPerSecond>30</FramesPerSecond>
    <TotalFrames>91</TotalFrames>
    <Skeleton>
        <RefFrame>
            <Name><![CDATA[firework_cannon_ref_frame]]></Name>
            <Exclude>0</Exclude>
            <Additive>0</Additive>
            <IKPriority>0</IKPriority>
            <IKRotLimits>-1e+010 -1e+010 -1e+010 1e+010 1e+010 1e+010</IKRotLimits>
            <IKRotLimitOrder>0</IKRotLimitOrder>
            <KeyFrames count="91">
                <i>1 0 0 0 1 0 0 0 1 0 0 0</i>
                <i>1 0 0 0 1 0 0 0 1 0 0 0</i>
                <i>1 0 0 0 1 0 0 0 1 0 0 0</i>
                <i>1 0 0 0 1 0 0 0 1 0 0 0</i>
                <i>1 0 0 0 1 0 0 0 1 0 0 0</i>
                <i>1 0 0 0 1 0 0 0 1 0 0 0</i>
                <i>1 0 0 0 1 0 0 0 1 0 0 0</i>
                <i>1 0 0 0 1 0 0 0 1 0 0 0</i>
                <i>1 0 0 0 1 0 0 0 1 0 0 0</i>
                <i>1 0 0 0 1 0 0 0 1 0 0 0</i>
                <i>1 0 0 0 1 0 0 0 1 0 0 0</i>
                <i>1 0 0 0 1 0 0 0 1 0 0 0</i>
                <i>1 0 0 0 1 0 0 0 1 0 0 0</i>
                <i>1 0 0 0 1 0 0 0 1 0 0 0</i>
                <i>1 0 0 0 1 0 0 0 1 0 0 0</i>
                <i>1 0 0 0 1 0 0 0 1 0 0 0</i>
                <i>1 0 0 0 1 0 0 0 1 0 0 0</i>
                <i>1 0 0 0 1 0 0 0 1 0 0 0</i>
                <i>1 0 0 0 1 0 0 0 1 0 0 0</i>
                <i>1 0 0 0 1 0 0 0 1 0 0 0</i>
                <i>1 0 0 0 1 0 0 0 1 0 0 0</i>
                <i>1 0 0 0 1 0 0 0 1 0 0 0</i>
                <i>1 0 0 0 1 0 0 0 1 0 0 0</i>
                <i>1 0 0 0 1 0 0 0 1 0 0 0</i>
                <i>1 0 0 0 1 0 0 0 1 0 0 0</i>
                <i>1 0 0 0 1 0 0 0 1 0 0 0</i>
                <i>1 0 0 0 1 0 0 0 1 0 0 0</i>
                <i>1 0 0 0 1 0 0 0 1 0 0 0</i>
                <i>1 0 0 0 1 0 0 0 1 0 0 0</i>
                <i>1 0 0 0 1 0 0 0 1 0 0 0</i>
                <i>1 0 0 0 1 0 0 0 1 0 0 0</i>
                <i>1 0 0 0 1 0 0 0 1 0 0 0</i>
                <i>1 0 0 0 1 0 0 0 1 0 0 0</i>
                <i>1 0 0 0 1 0 0 0 1 0 0 0</i>
                <i>1 0 0 0 1 0 0 0 1 0 0 0</i>
                <i>1 0 0 0 1 0 0 0 1 0 0 0</i>
                <i>1 0 0 0 1 0 0 0 1 0 0 0</i>
                <i>1 0 0 0 1 0 0 0 1 0 0 0</i>
                <i>1 0 0 0 1 0 0 0 1 0 0 0</i>
                <i>1 0 0 0 1 0 0 0 1 0 0 0</i>
                <i>1 0 0 0 1 0 0 0 1 0 0 0</i>
                <i>1 0 0 0 1 0 0 0 1 0 0 0</i>
                <i>1 0 0 0 1 0 0 0 1 0 0 0</i>
                <i>1 0 0 0 1 0 0 0 1 0 0 0</i>
                <i>1 0 0 0 1 0 0 0 1 0 0 0</i>
                <i>1 0 0 0 1 0 0 0 1 0 0 0</i>
                <i>1 0 0 0 1 0 0 0 1 0 0 0</i>
                <i>1 0 0 0 1 0 0 0 1 0 0 0</i>
                <i>1 0 0 0 1 0 0 0 1 0 0 0</i>
                <i>1 0 0 0 1 0 0 0 1 0 0 0</i>
                <i>1 0 0 0 1 0 0 0 1 0 0 0</i>
                <i>1 0 0 0 1 0 0 0 1 0 0 0</i>
                <i>1 0 0 0 1 0 0 0 1 0 0 0</i>
                <i>1 0 0 0 1 0 0 0 1 0 0 0</i>
                <i>1 0 0 0 1 0 0 0 1 0 0 0</i>
                <i>1 0 0 0 1 0 0 0 1 0 0 0</i>
                <i>1 0 0 0 1 0 0 0 1 0 0 0</i>
                <i>1 0 0 0 1 0 0 0 1 0 0 0</i>
                <i>1 0 0 0 1 0 0 0 1 0 0 0</i>
                <i>1 0 0 0 1 0 0 0 1 0 0 0</i>
                <i>1 0 0 0 1 0 0 0 1 0 0 0</i>
                <i>1 0 0 0 1 0 0 0 1 0 0 0</i>
                <i>1 0 0 0 1 0 0 0 1 0 0 0</i>
                <i>1 0 0 0 1 0 0 0 1 0 0 0</i>
                <i>1 0 0 0 1 0 0 0 1 0 0 0</i>
                <i>1 0 0 0 1 0 0 0 1 0 0 0</i>
                <i>1 0 0 0 1 0 0 0 1 0 0 0</i>
                <i>1 0 0 0 1 0 0 0 1 0 0 0</i>
                <i>1 0 0 0 1 0 0 0 1 0 0 0</i>
                <i>1 0 0 0 1 0 0 0 1 0 0 0</i>
                <i>1 0 0 0 1 0 0 0 1 0 0 0</i>
                <i>1 0 0 0 1 0 0 0 1 0 0 0</i>
                <i>1 0 0 0 1 0 0 0 1 0 0 0</i>
                <i>1 0 0 0 1 0 0 0 1 0 0 0</i>
                <i>1 0 0 0 1 0 0 0 1 0 0 0</i>
                <i>1 0 0 0 1 0 0 0 1 0 0 0</i>
                <i>1 0 0 0 1 0 0 0 1 0 0 0</i>
                <i>1 0 0 0 1 0 0 0 1 0 0 0</i>
                <i>1 0 0 0 1 0 0 0 1 0 0 0</i>
                <i>1 0 0 0 1 0 0 0 1 0 0 0</i>
                <i>1 0 0 0 1 0 0 0 1 0 0 0</i>
                <i>1 0 0 0 1 0 0 0 1 0 0 0</i>
                <i>1 0 0 0 1 0 0 0 1 0 0 0</i>
                <i>1 0 0 0 1 0 0 0 1 0 0 0</i>
                <i>1 0 0 0 1 0 0 0 1 0 0 0</i>
                <i>1 0 0 0 1 0 0 0 1 0 0 0</i>
                <i>1 0 0 0 1 0 0 0 1 0 0 0</i>
                <i>1 0 0 0 1 0 0 0 1 0 0 0</i>
                <i>1 0 0 0 1 0 0 0 1 0 0 0</i>
                <i>1 0 0 0 1 0 0 0 1 0 0 0</i>
                <i>1 0 0 0 1 0 0 0 1 0 0 0</i>
            </KeyFrames>
        </RefFrame>
        <Bones count="16">
            <i>
                <p>
                    <Name><![CDATA[firework_cannon_root]]></Name>
                    <Exclude>0</Exclude>
                    <Additive>0</Additive>
                    <IKPriority>0</IKPriority>
                    <IKRotLimits>-1e+010 -1e+010 -1e+010 1e+010 1e+010 1e+010</IKRotLimits>
                    <IKRotLimitOrder>0</IKRotLimitOrder>
                    <KeyFrames count="91">
                        <i>2.22045e-016 0 1 0 1 0 -1 0 2.22045e-016 0 0 0</i>
                        <i>2.22045e-016 0 1 0 1 0 -1 0 2.22045e-016 0 -0.00899356 0</i>
                        <i>2.22045e-016 0 1 0 1 0 -1 0 2.22045e-016 0 -0.0163131 0</i>
                        <i>2.22045e-016 0 1 0 1 0 -1 0 2.22045e-016 0 -0.0144256 0</i>
                        <i>2.22045e-016 0 1 0 1 0 -1 0 2.22045e-016 0 -0.00509547 0</i>
                        <i>2.22045e-016 0 1 0 1 0 -1 0 2.22045e-016 0 0.00141903 0</i>
                        <i>2.22045e-016 0 1 0 1 0 -1 0 2.22045e-016 0 -0.00578592 0</i>
                        <i>2.22045e-016 0 1 0 1 0 -1 0 2.22045e-016 0 -0.013308 0</i>
                        <i>2.22045e-016 0 1 0 1 0 -1 0 2.22045e-016 0 -0.0069505 0</i>
                        <i>2.22045e-016 0 1 0 1 0 -1 0 2.22045e-016 0 0 0</i>
                        <i>2.22045e-016 0 1 0 1 0 -1 0 2.22045e-016 0 0.000492472 0</i>
                        <i>2.22045e-016 0 1 0 1 0 -1 0 2.22045e-016 0 0.000319556 0</i>
                        <i>2.22045e-016 0 1 0 1 0 -1 0 2.22045e-016 0 -0.000500325 0</i>
                        <i>2.22045e-016 0 1 0 1 0 -1 0 2.22045e-016 0 -0.00194874 0</i>
                        <i>2.22045e-016 0 1 0 1 0 -1 0 2.22045e-016 0 -0.00400728 0</i>
                        <i>2.22045e-016 0 1 0 1 0 -1 0 2.22045e-016 0 -0.0066575 0</i>
                        <i>2.22045e-016 0 1 0 1 0 -1 0 2.22045e-016 0 -0.0133938 0</i>
                        <i>2.22045e-016 0 1 0 1 0 -1 0 2.22045e-016 0 -0.0225706 0</i>
                        <i>2.22045e-016 0 1 0 1 0 -1 0 2.22045e-016 0 -0.0264593 0</i>
                        <i>2.22045e-016 0 1 0 1 0 -1 0 2.22045e-016 0 -0.013114 0</i>
                        <i>2.22045e-016 0 1 0 1 0 -1 0 2.22045e-016 0 0 0</i>
                        <i>2.22045e-016 0 1 0 1 0 -1 0 2.22045e-016 0 -0.0112748 0</i>
                        <i>2.22045e-016 0 1 0 1 0 -1 0 2.22045e-016 0 -0.022984 0</i>
                        <i>2.22045e-016 0 1 0 1 0 -1 0 2.22045e-016 0 -0.0220549 0</i>
                        <i>2.22045e-016 0 1 0 1 0 -1 0 2.22045e-016 0 -0.0195932 0</i>
                        <i>2.22045e-016 0 1 0 1 0 -1 0 2.22045e-016 0 -0.0160876 0</i>
                        <i>2.22045e-016 0 1 0 1 0 -1 0 2.22045e-016 0 -0.0120265 0</i>
                        <i>2.22045e-016 0 1 0 1 0 -1 0 2.22045e-016 0 -0.00789866 0</i>
                        <i>2.22045e-016 0 1 0 1 0 -1 0 2.22045e-016 0 -0.00419258 0</i>
                        <i>2.22045e-016 0 1 0 1 0 -1 0 2.22045e-016 0 -0.00139683 0</i>
                        <i>2.22045e-016 0 1 0 1 0 -1 0 2.22045e-016 0 0 0</i>
                        <i>2.22045e-016 0 1 0 1 0 -1 0 2.22045e-016 0 0.000504406 0</i>
                        <i>2.22045e-016 0 1 0 1 0 -1 0 2.22045e-016 0 0.000950341 0</i>
                        <i>2.22045e-016 0 1 0 1 0 -1 0 2.22045e-016 0 0.00134043 0</i>
                        <i>2.22045e-016 0 1 0 1 0 -1 0 2.22045e-016 0 0.00167728 0</i>
                        <i>2.22045e-016 0 1 0 1 0 -1 0 2.22045e-016 0 0.00196351 0</i>
                        <i>2.22045e-016 0 1 0 1 0 -1 0 2.22045e-016 0 0.00220175 0</i>
                        <i>2.22045e-016 0 1 0 1 0 -1 0 2.22045e-016 0 0.00239461 0</i>
                        <i>2.22045e-016 0 1 0 1 0 -1 0 2.22045e-016 0 0.00254471 0</i>
                        <i>2.22045e-016 0 1 0 1 0 -1 0 2.22045e-016 0 0.00265467 0</i>
                        <i>2.22045e-016 0 1 0 1 0 -1 0 2.22045e-016 0 0.0027271 0</i>
                        <i>2.22045e-016 0 1 0 1 0 -1 0 2.22045e-016 0 0.00276463 0</i>
                        <i>2.22045e-016 0 1 0 1 0 -1 0 2.22045e-016 0 0.00276986 0</i>
                        <i>2.22045e-016 0 1 0 1 0 -1 0 2.22045e-016 0 0.00274543 0</i>
                        <i>2.22045e-016 0 1 0 1 0 -1 0 2.22045e-016 0 0.00269394 0</i>
                        <i>2.22045e-016 0 1 0 1 0 -1 0 2.22045e-016 0 0.00261802 0</i>
                        <i>2.22045e-016 0 1 0 1 0 -1 0 2.22045e-016 0 0.00252028 0</i>
                        <i>2.22045e-016 0 1 0 1 0 -1 0 2.22045e-016 0 0.00240334 0</i>
                        <i>2.22045e-016 0 1 0 1 0 -1 0 2.22045e-016 0 0.00226982 0</i>
                        <i>2.22045e-016 0 1 0 1 0 -1 0 2.22045e-016 0 0.00212234 0</i>
                        <i>2.22045e-016 0 1 0 1 0 -1 0 2.22045e-016 0 0.00196351 0</i>
                        <i>2.22045e-016 0 1 0 1 0 -1 0 2.22045e-016 0 0.00179596 0</i>
                        <i>2.22045e-016 0 1 0 1 0 -1 0 2.22045e-016 0 0.0016223 0</i>
                        <i>2.22045e-016 0 1 0 1 0 -1 0 2.22045e-016 0 0.00144515 0</i>
                        <i>2.22045e-016 0 1 0 1 0 -1 0 2.22045e-016 0 0.00126712 0</i>
                        <i>2.22045e-016 0 1 0 1 0 -1 0 2.22045e-016 0 0.00109084 0</i>
                        <i>2.22045e-016 0 1 0 1 0 -1 0 2.22045e-016 0 0.000918924 0</i>
                        <i>2.22045e-016 0 1 0 1 0 -1 0 2.22045e-016 0 0.00075399 0</i>
                        <i>2.22045e-016 0 1 0 1 0 -1 0 2.22045e-016 0 0.000598653 0</i>
                        <i>2.22045e-016 0 1 0 1 0 -1 0 2.22045e-016 0 0.000455535 0</i>
                        <i>2.22045e-016 0 1 0 1 0 -1 0 2.22045e-016 0 0.000327252 0</i>
                        <i>2.22045e-016 0 1 0 1 0 -1 0 2.22045e-016 0 0.000216423 0</i>
                        <i>2.22045e-016 0 1 0 1 0 -1 0 2.22045e-016 0 0.000125665 0</i>
                        <i>2.22045e-016 0 1 0 1 0 -1 0 2.22045e-016 0 5.75963e-005 0</i>
                        <i>2.22045e-016 0 1 0 1 0 -1 0 2.22045e-016 0 1.48354e-005 0</i>
                        <i>2.22045e-016 0 1 0 1 0 -1 0 2.22045e-016 0 0 0</i>
                        <i>2.22045e-016 0 1 0 1 0 -1 0 2.22045e-016 0 0 0</i>
                        <i>2.22045e-016 0 1 0 1 0 -1 0 2.22045e-016 0 0 0</i>
                        <i>2.22045e-016 0 1 0 1 0 -1 0 2.22045e-016 0 0 0</i>
                        <i>2.22045e-016 0 1 0 1 0 -1 0 2.22045e-016 0 0 0</i>
                        <i>2.22045e-016 0 1 0 1 0 -1 0 2.22045e-016 0 0 0</i>
                        <i>2.22045e-016 0 1 0 1 0 -1 0 2.22045e-016 0 0 0</i>
                        <i>2.22045e-016 0 1 0 1 0 -1 0 2.22045e-016 0 0 0</i>
                        <i>2.22045e-016 0 1 0 1 0 -1 0 2.22045e-016 0 0 0</i>
                        <i>2.22045e-016 0 1 0 1 0 -1 0 2.22045e-016 0 -0.00356239 0</i>
                        <i>2.22045e-016 0 1 0 1 0 -1 0 2.22045e-016 0 -0.00749977 0</i>
                        <i>2.22045e-016 0 1 0 1 0 -1 0 2.22045e-016 0 -0.0106872 0</i>
                        <i>2.22045e-016 0 1 0 1 0 -1 0 2.22045e-016 0 -0.0119996 0</i>
                        <i>2.22045e-016 0 1 0 1 0 -1 0 2.22045e-016 0 -0.00977745 0</i>
                        <i>2.22045e-016 0 1 0 1 0 -1 0 2.22045e-016 0 -0.00488872 0</i>
                        <i>2.22045e-016 0 1 0 1 0 -1 0 2.22045e-016 0 0 0</i>
                        <i>2.22045e-016 0 1 0 1 0 -1 0 2.22045e-016 0 0 0</i>
                        <i>2.22045e-016 0 1 0 1 0 -1 0 2.22045e-016 0 0 0</i>
                        <i>2.22045e-016 0 1 0 1 0 -1 0 2.22045e-016 0 0 0</i>
                        <i>2.22045e-016 0 1 0 1 0 -1 0 2.22045e-016 0 0 0</i>
                        <i>2.22045e-016 0 1 0 1 0 -1 0 2.22045e-016 0 0 0</i>
                        <i>2.22045e-016 0 1 0 1 0 -1 0 2.22045e-016 0 0 0</i>
                        <i>2.22045e-016 0 1 0 1 0 -1 0 2.22045e-016 0 0 0</i>
                        <i>2.22045e-016 0 1 0 1 0 -1 0 2.22045e-016 0 0 0</i>
                        <i>2.22045e-016 0 1 0 1 0 -1 0 2.22045e-016 0 0 0</i>
                        <i>2.22045e-016 0 1 0 1 0 -1 0 2.22045e-016 0 0 0</i>
                    </KeyFrames>
                </p>
            </i>
            <i>
                <p>
                    <Name><![CDATA[yaw]]></Name>
                    <Exclude>0</Exclude>
                    <Additive>0</Additive>
                    <IKPriority>0</IKPriority>
                    <IKRotLimits>-1e+010 -1e+010 -1e+010 1e+010 1e+010 1e+010</IKRotLimits>
                    <IKRotLimitOrder>0</IKRotLimitOrder>
                    <KeyFrames count="91">
                        <i>1 0 0 0 1 0 0 0 1 0 1.85569 0</i>
                        <i>0.996337 0 0.0855194 0 1 0 -0.0855194 0 0.996337 0 1.84669 0</i>
                        <i>0.985566 0 0.16929 0 1 0 -0.16929 0 0.985566 0 1.83937 0</i>
                        <i>0.968083 0 0.250631 0 1 0 -0.250631 0 0.968083 0 1.84126 0</i>
                        <i>0.944355 0 0.328928 0 1 0 -0.328928 0 0.944355 0 1.85059 0</i>
                        <i>0.914917 0 0.403643 0 1 0 -0.403643 0 0.914917 0 1.8571 0</i>
                        <i>0.880355 0 0.474316 0 1 0 -0.474316 0 0.880355 0 1.8499 0</i>
                        <i>0.841295 0 0.540576 0 1 0 -0.540576 0 0.841295 0 1.84238 0</i>
                        <i>0.798393 0 0.602137 0 1 0 -0.602137 0 0.798393 0 1.84874 0</i>
                        <i>0.752318 0 0.6588 0 1 0 -0.6588 0 0.752318 0 1.85569 0</i>
                        <i>0.703745 0 0.710453 0 1 0 -0.710453 0 0.703745 0 1.85618 0</i>
                        <i>0.65334 0 0.757064 0 1 0 -0.757064 0 0.65334 0 1.85601 0</i>
                        <i>0.601757 0 0.798679 0 1 0 -0.798679 0 0.601757 0 1.85519 0</i>
                        <i>0.54962 0 0.835415 0 1 0 -0.835415 0 0.54962 0 1.85374 0</i>
                        <i>0.497526 0 0.867449 0 1 0 -0.867449 0 0.497526 0 1.85168 0</i>
                        <i>0.446033 0 0.895017 0 1 0 -0.895017 0 0.446033 0 1.84903 0</i>
                        <i>0.395656 0 0.918399 0 1 0 -0.918399 0 0.395656 0 1.84229 0</i>
                        <i>0.346871 0 0.937913 0 1 0 -0.937913 0 0.346871 0 1.83312 0</i>
                        <i>0.300104 0 0.953906 0 1 0 -0.953906 0 0.300104 0 1.82923 0</i>
                        <i>0.255742 0 0.966745 0 1 0 -0.966745 0 0.255742 0 1.84257 0</i>
                        <i>0.214123 0 0.976807 0 1 0 -0.976807 0 0.214123 0 1.85569 0</i>
                        <i>0.17555 0 0.98447 0 1 0 -0.98447 0 0.17555 0 1.84441 0</i>
                        <i>0.140285 0 0.990111 0 1 0 -0.990111 0 0.140285 0 1.8327 0</i>
                        <i>0.108558 0 0.99409 0 1 0 -0.99409 0 0.108558 0 1.83363 0</i>
                        <i>0.0805693 0 0.996749 0 1 0 -0.996749 0 0.0805693 0 1.83609 0</i>
                        <i>0.0564973 0 0.998403 0 1 0 -0.998403 0 0.0564973 0 1.8396 0</i>
                        <i>0.0364995 0 0.999334 0 1 0 -0.999334 0 0.0364995 0 1.84366 0</i>
                        <i>0.0207197 0 0.999785 0 1 0 -0.999785 0 0.0207197 0 1.84779 0</i>
                        <i>0.00929182 0 0.999957 0 1 0 -0.999957 0 0.00929182 0 1.85149 0</i>
                        <i>0.00234361 0 0.999997 0 1 0 -0.999997 0 0.00234361 0 1.85429 0</i>
                        <i>2.22045e-016 0 1 0 1 0 -1 0 2.22045e-016 0 1.85569 0</i>
                        <i>2.22045e-016 0 1 0 1 0 -1 0 2.22045e-016 0 1.85619 0</i>
                        <i>2.22045e-016 0 1 0 1 0 -1 0 2.22045e-016 0 1.85664 0</i>
                        <i>2.22045e-016 0 1 0 1 0 -1 0 2.22045e-016 0 1.85703 0</i>
                        <i>2.22045e-016 0 1 0 1 0 -1 0 2.22045e-016 0 1.85736 0</i>
                        <i>2.22045e-016 0 1 0 1 0 -1 0 2.22045e-016 0 1.85765 0</i>
                        <i>2.22045e-016 0 1 0 1 0 -1 0 2.22045e-016 0 1.85789 0</i>
                        <i>2.22045e-016 0 1 0 1 0 -1 0 2.22045e-016 0 1.85808 0</i>
                        <i>2.22045e-016 0 1 0 1 0 -1 0 2.22045e-016 0 1.85823 0</i>
                        <i>2.22045e-016 0 1 0 1 0 -1 0 2.22045e-016 0 1.85834 0</i>
                        <i>2.22045e-016 0 1 0 1 0 -1 0 2.22045e-016 0 1.85841 0</i>
                        <i>2.22045e-016 0 1 0 1 0 -1 0 2.22045e-016 0 1.85845 0</i>
                        <i>2.22045e-016 0 1 0 1 0 -1 0 2.22045e-016 0 1.85846 0</i>
                        <i>2.22045e-016 0 1 0 1 0 -1 0 2.22045e-016 0 1.85843 0</i>
                        <i>2.22045e-016 0 1 0 1 0 -1 0 2.22045e-016 0 1.85838 0</i>
                        <i>2.22045e-016 0 1 0 1 0 -1 0 2.22045e-016 0 1.8583 0</i>
                        <i>2.22045e-016 0 1 0 1 0 -1 0 2.22045e-016 0 1.85821 0</i>
                        <i>2.22045e-016 0 1 0 1 0 -1 0 2.22045e-016 0 1.85809 0</i>
                        <i>2.22045e-016 0 1 0 1 0 -1 0 2.22045e-016 0 1.85796 0</i>
                        <i>2.22045e-016 0 1 0 1 0 -1 0 2.22045e-016 0 1.85781 0</i>
                        <i>2.22045e-016 0 1 0 1 0 -1 0 2.22045e-016 0 1.85765 0</i>
                        <i>2.22045e-016 0 1 0 1 0 -1 0 2.22045e-016 0 1.85748 0</i>
                        <i>2.22045e-016 0 1 0 1 0 -1 0 2.22045e-016 0 1.85731 0</i>
                        <i>2.22045e-016 0 1 0 1 0 -1 0 2.22045e-016 0 1.85713 0</i>
                        <i>2.22045e-016 0 1 0 1 0 -1 0 2.22045e-016 0 1.85695 0</i>
                        <i>2.22045e-016 0 1 0 1 0 -1 0 2.22045e-016 0 1.85678 0</i>
                        <i>2.22045e-016 0 1 0 1 0 -1 0 2.22045e-016 0 1.8566 0</i>
                        <i>2.22045e-016 0 1 0 1 0 -1 0 2.22045e-016 0 1.85644 0</i>
                        <i>2.22045e-016 0 1 0 1 0 -1 0 2.22045e-016 0 1.85628 0</i>
                        <i>2.22045e-016 0 1 0 1 0 -1 0 2.22045e-016 0 1.85614 0</i>
                        <i>2.22045e-016 0 1 0 1 0 -1 0 2.22045e-016 0 1.85601 0</i>
                        <i>2.22045e-016 0 1 0 1 0 -1 0 2.22045e-016 0 1.8559 0</i>
                        <i>2.22045e-016 0 1 0 1 0 -1 0 2.22045e-016 0 1.85581 0</i>
                        <i>2.22045e-016 0 1 0 1 0 -1 0 2.22045e-016 0 1.85574 0</i>
                        <i>2.22045e-016 0 1 0 1 0 -1 0 2.22045e-016 0 1.8557 0</i>
                        <i>2.22045e-016 0 1 0 1 0 -1 0 2.22045e-016 0 1.85569 0</i>
                        <i>2.22045e-016 0 1 0 1 0 -1 0 2.22045e-016 0 1.85569 0</i>
                        <i>2.22045e-016 0 1 0 1 0 -1 0 2.22045e-016 0 1.85569 0</i>
                        <i>2.22045e-016 0 1 0 1 0 -1 0 2.22045e-016 0 1.85569 0</i>
                        <i>2.22045e-016 0 1 0 1 0 -1 0 2.22045e-016 0 1.85569 0</i>
                        <i>2.22045e-016 0 1 0 1 0 -1 0 2.22045e-016 0 1.85569 0</i>
                        <i>2.22045e-016 0 1 0 1 0 -1 0 2.22045e-016 0 1.85569 0</i>
                        <i>2.22045e-016 0 1 0 1 0 -1 0 2.22045e-016 0 1.85569 0</i>
                        <i>2.22045e-016 0 1 0 1 0 -1 0 2.22045e-016 0 1.85569 0</i>
                        <i>2.22045e-016 0 1 0 1 0 -1 0 2.22045e-016 0 1.85212 0</i>
                        <i>2.22045e-016 0 1 0 1 0 -1 0 2.22045e-016 0 1.84819 0</i>
                        <i>2.22045e-016 0 1 0 1 0 -1 0 2.22045e-016 0 1.845 0</i>
                        <i>2.22045e-016 0 1 0 1 0 -1 0 2.22045e-016 0 1.84369 0</i>
                        <i>2.22045e-016 0 1 0 1 0 -1 0 2.22045e-016 0 1.84591 0</i>
                        <i>2.22045e-016 0 1 0 1 0 -1 0 2.22045e-016 0 1.8508 0</i>
                        <i>2.22045e-016 0 1 0 1 0 -1 0 2.22045e-016 0 1.85569 0</i>
                        <i>2.22045e-016 0 1 0 1 0 -1 0 2.22045e-016 0 1.85569 0</i>
                        <i>2.22045e-016 0 1 0 1 0 -1 0 2.22045e-016 0 1.85569 0</i>
                        <i>2.22045e-016 0 1 0 1 0 -1 0 2.22045e-016 0 1.85569 0</i>
                        <i>2.22045e-016 0 1 0 1 0 -1 0 2.22045e-016 0 1.85569 0</i>
                        <i>2.22045e-016 0 1 0 1 0 -1 0 2.22045e-016 0 1.85569 0</i>
                        <i>2.22045e-016 0 1 0 1 0 -1 0 2.22045e-016 0 1.85569 0</i>
                        <i>2.22045e-016 0 1 0 1 0 -1 0 2.22045e-016 0 1.85569 0</i>
                        <i>2.22045e-016 0 1 0 1 0 -1 0 2.22045e-016 0 1.85569 0</i>
                        <i>2.22045e-016 0 1 0 1 0 -1 0 2.22045e-016 0 1.85569 0</i>
                        <i>2.22045e-016 0 1 0 1 0 -1 0 2.22045e-016 0 1.85569 0</i>
                    </KeyFrames>
                </p>
            </i>
            <i>
                <p>
                    <Name><![CDATA[cracker_1]]></Name>
                    <Exclude>0</Exclude>
                    <Additive>0</Additive>
                    <IKPriority>0</IKPriority>
                    <IKRotLimits>-1e+010 -1e+010 -1e+010 1e+010 1e+010 1e+010</IKRotLimits>
                    <IKRotLimitOrder>0</IKRotLimitOrder>
                    <KeyFrames count="91">
                        <i>1 0 0 0 1 0 0 0 1 0.321506 1.82424 2.17372</i>
                        <i>0.999643 -0.0227701 0.0139906 0.022454 0.999498 0.0223533 -0.0144925 -0.0220312 0.999652 0.420241 1.83256 2.30644</i>
                        <i>0.998573 -0.0465612 0.0261483 0.0453676 0.997978 0.0445207 -0.0281684 -0.0432709 0.998666 0.539229 1.80405 2.44357</i>
                        <i>0.995802 -0.0834645 0.0375871 0.0800443 0.993179 0.0847866 -0.0444074 -0.081422 0.99569 0.63779 1.77548 2.57262</i>
                        <i>0.987968 -0.151987 0.0286321 0.145088 0.974919 0.168768 -0.0535644 -0.162583 0.98524 0.74385 1.79926 2.70271</i>
                        <i>0.974776 -0.222944 0.0103821 0.215044 0.950651 0.22365 -0.0597312 -0.215776 0.974614 0.854945 1.80846 2.83365</i>
                        <i>0.956592 -0.291423 0.00189368 0.287065 0.943367 0.166293 -0.050248 -0.158531 0.986075 0.946938 1.74626 2.94908</i>
                        <i>0.931541 -0.363635 -0.0011958 0.362134 0.927388 0.0938592 -0.0330215 -0.0878667 0.995585 1.06148 1.65228 3.06881</i>
                        <i>0.902792 -0.42991 0.0120477 0.429644 0.902784 0.0196856 -0.0193395 -0.0125958 0.999734 1.16402 1.54648 3.19005</i>
                        <i>0.866996 -0.497409 -0.0300387 0.498257 0.864398 0.0674921 -0.00760578 -0.0734824 0.997268 1.25706 1.57333 3.30262</i>
                        <i>0.819516 -0.560572 -0.118965 0.573056 0.801878 0.169112 0.000596139 -0.206763 0.978391 1.36931 1.66868 3.42258</i>
                        <i>0.765574 -0.611207 -0.200805 0.643348 0.727365 0.238838 7.89582e-005 -0.312035 0.950071 1.46108 1.74716 3.55281</i>
                        <i>0.699228 -0.652991 -0.291004 0.714891 0.636798 0.288822 -0.00328703 -0.409989 0.912085 1.56233 1.81344 3.69743</i>
                        <i>0.62571 -0.67661 -0.388183 0.77996 0.534876 0.324914 -0.0122106 -0.506069 0.862406 1.66356 1.84627 3.85815</i>
                        <i>0.554554 -0.680866 -0.478427 0.831613 0.432838 0.347953 -0.0298282 -0.590824 0.806249 1.73619 1.81933 4.02943</i>
                        <i>0.476291 -0.665761 -0.574377 0.877811 0.322178 0.35447 -0.0509411 -0.673025 0.737863 1.81652 1.76607 4.21811</i>
                        <i>0.402215 -0.631026 -0.663347 0.912353 0.215799 0.347914 -0.0763933 -0.745142 0.662516 1.87544 1.69779 4.4177</i>
                        <i>0.335144 -0.580029 -0.742458 0.936209 0.116542 0.331557 -0.105785 -0.806216 0.582087 1.90605 1.57582 4.62776</i>
                        <i>0.125053 -0.404885 -0.905776 0.991888 0.0300281 0.123519 -0.0228124 -0.913874 0.405356 1.93096 1.40966 4.86137</i>
                        <i>0.189733 -0.455684 -0.869686 0.961803 -0.0917579 0.257908 -0.197325 -0.8854 0.420868 1.91687 1.23065 5.10098</i>
                        <i>0.159969 -0.321333 -0.933357 0.966755 -0.140083 0.21392 -0.199487 -0.936548 0.288241 1.87459 1.00938 5.35465</i>
                        <i>0.117275 -0.20729 -0.971225 0.966815 -0.199681 0.15936 -0.226969 -0.957684 0.176994 1.79953 0.721162 5.62224</i>
                        <i>0.0887962 -0.0931315 -0.991686 0.964715 -0.239724 0.108894 -0.247873 -0.966364 0.0685587 1.67583 0.41806 5.88266</i>
                        <i>0.0593499 0.0340218 -0.997657 0.963024 -0.265059 0.0482506 -0.262797 -0.963632 -0.048495 1.54191 0.0694081 6.15312</i>
                        <i>-0.0667565 0.259806 -0.963351 0.981188 -0.158195 -0.110656 -0.181146 -0.952615 -0.244358 1.41754 -0.313289 6.41025</i>
                        <i>-0.16032 0.122648 -0.979416 0.896752 -0.396542 -0.196446 -0.412473 -0.909787 -0.0464109 1.3047 -0.713222 6.64596</i>
                        <i>-0.0477514 0.405725 -0.912747 0.961089 -0.230245 -0.152627 -0.27208 -0.884519 -0.378944 1.21175 -1.17356 6.88127</i>
                        <i>-0.0907507 0.51455 -0.852645 0.95905 -0.185513 -0.214029 -0.268305 -0.837152 -0.476643 1.13813 -1.6437 7.09356</i>
                        <i>-0.138971 0.613586 -0.777303 0.954526 -0.126059 -0.270165 -0.263756 -0.779501 -0.568165 1.09019 -2.15144 7.29449</i>
                        <i>-0.194529 0.703405 -0.683652 0.94584 -0.0501532 -0.320735 -0.259894 -0.709018 -0.655553 1.07309 -2.71905 7.49159</i>
                        <i>-0.250053 0.772615 -0.583557 0.933197 0.0316514 -0.357967 -0.258101 -0.634085 -0.728917 1.08694 -3.28603 7.6645</i>
                        <i>-0.30875 0.826937 -0.469945 0.915568 0.124526 -0.382399 -0.2577 -0.548332 -0.795564 1.11974 -3.90824 7.8325</i>
                        <i>-0.366194 0.861792 -0.351021 0.894326 0.221733 -0.388606 -0.257065 -0.456233 -0.851921 1.15242 -4.55636 7.9905</i>
                        <i>-0.419623 0.876512 -0.235887 0.870772 0.315352 -0.377238 -0.256266 -0.363702 -0.895572 1.18341 -5.19786 8.13147</i>
                        <i>-0.476106 0.872211 -0.112116 0.841535 0.414891 -0.345955 -0.25523 -0.259061 -0.931528 1.21697 -5.92028 8.27463</i>
                        <i>-0.529347 0.848397 0.00373515 0.809469 0.506367 -0.297241 -0.25407 -0.15432 -0.954795 1.24956 -6.6473 8.40474</i>
                        <i>-0.579605 0.807483 0.109677 0.774666 0.587744 -0.233344 -0.252883 -0.0502845 -0.966189 1.28137 -7.38205 8.52329</i>
                        <i>-0.629967 0.747851 0.209429 0.734782 0.661266 -0.151075 -0.25147 0.0587126 -0.966083 1.31447 -8.17246 8.63894</i>
                        <i>-0.675344 0.677721 0.29087 0.693862 0.717535 -0.0608291 -0.249934 0.160743 -0.954827 1.34552 -8.93987 8.74106</i>
                        <i>-0.680359 0.573269 0.45659 0.645933 0.763383 0.00403496 -0.34624 0.297672 -0.889668 1.37774 -9.76271 8.84079</i>
                        <i>-0.868379 0.230928 0.438851 0.351587 0.910791 0.216438 -0.34972 0.342244 -0.872104 1.41053 -10.6265 8.93682</i>
                        <i>-0.80051 0.400245 0.44608 0.547072 0.791945 0.271173 -0.244735 0.461114 -0.852923 1.44113 -11.4582 9.02205</i>
                        <i>-0.836695 0.295948 0.46082 0.490836 0.778462 0.39125 -0.242942 0.553544 -0.796598 1.47324 -12.36 9.10785</i>
                        <i>-0.868416 0.195424 0.455701 0.433357 0.745746 0.506029 -0.240947 0.636925 -0.732305 1.50418 -13.2591 9.18809</i>
                        <i>-0.895655 0.101641 0.432979 0.374993 0.696024 0.612316 -0.239127 0.710788 -0.661512 1.53388 -14.1537 9.26352</i>
                        <i>-0.920586 0.00938241 0.390428 0.310337 0.624487 0.716733 -0.237092 0.780979 -0.577806 1.56523 -15.1311 9.3421</i>
                        <i>-0.940111 -0.0678932 0.334039 0.246824 0.540286 0.804468 -0.235095 0.838738 -0.491171 1.59471 -16.0836 9.41576</i>
                        <i>-0.955393 -0.133394 0.263498 0.180765 0.441439 0.878895 -0.233557 0.887321 -0.397634 1.62408 -17.0694 9.48966</i>
                        <i>-0.966325 -0.183701 0.180194 0.112255 0.329176 0.937573 -0.231548 0.926228 -0.297469 1.65348 -18.0965 9.56498</i>
                        <i>-0.981331 -0.145833 0.125388 0.0917766 0.217857 0.971656 -0.169016 0.965024 -0.200406 1.68048 -19.0811 9.63609</i>
                        <i>-0.968322 -0.247609 0.0322912 0.00906121 0.0943887 0.995494 -0.249541 0.964251 -0.089155 1.70875 -20.1573 9.71305</i>
                        <i>-0.969564 -0.223985 -0.0988709 -0.0931912 -0.0358154 0.995004 -0.226407 0.973934 0.0138519 1.73625 -21.2501 9.79084</i>
                        <i>-0.961203 -0.201151 -0.18875 -0.159327 -0.153717 0.975185 -0.225174 0.967424 0.115705 1.76175 -22.31 9.86622</i>
                        <i>-0.946158 -0.154946 -0.284214 -0.233575 -0.281092 0.930822 -0.224118 0.94709 0.229766 1.7899 -23.5388 9.95385</i>
                        <i>0.996195 0 0.0871557 0 1 0 -0.0871557 0 0.996195 -0.949737 1.82551 -0.0163544</i>
                        <i>0.996195 0 0.0871557 0 1 0 -0.0871557 0 0.996195 -0.9516 1.82533 -0.0158402</i>
                        <i>0.996195 0 0.0871557 0 1 0 -0.0871557 0 0.996195 -0.957083 1.82516 -0.0143268</i>
                        <i>0.996195 0 0.0871557 0 1 0 -0.0871557 0 0.996195 -0.966028 1.825 -0.0118574</i>
                        <i>0.996195 0 0.0871557 0 1 0 -0.0871557 0 0.996195 -0.97828 1.82484 -0.0084756</i>
                        <i>0.996195 0 0.0871557 0 1 0 -0.0871557 0 0.996195 -0.993679 1.8247 -0.00422483</i>
                        <i>0.996195 0 0.0871557 0 1 0 -0.0871557 0 0.996195 -1.01207 1.82457 0.000851472</i>
                        <i>0.996195 0 0.0871557 0 1 0 -0.0871557 0 0.996195 -1.03329 1.82446 0.00670986</i>
                        <i>0.996195 0 0.0871557 0 1 0 -0.0871557 0 0.996195 -1.05719 1.82437 0.0133069</i>
                        <i>0.996195 0 0.0871557 0 1 0 -0.0871557 0 0.996195 -1.08361 1.8243 0.0205991</i>
                        <i>0.996195 0 0.0871557 0 1 0 -0.0871557 0 0.996195 -1.11239 1.82426 0.0285431</i>
                        <i>0.996195 0 0.0871557 0 1 0 -0.0871557 0 0.996195 -1.14337 1.82424 0.0370953</i>
                        <i>0.996195 0 0.0871557 0 1 0 -0.0871557 0 0.996195 -1.1764 1.82424 0.0462124</i>
                        <i>0.996195 0 0.0871557 0 1 0 -0.0871557 0 0.996195 -1.21132 1.82424 0.0558508</i>
                        <i>0.996195 0 0.0871557 0 1 0 -0.0871557 0 0.996195 -1.24797 1.82424 0.0659672</i>
                        <i>0.996195 0 0.0871557 0 1 0 -0.0871557 0 0.996195 -1.28619 1.82424 0.0765181</i>
                        <i>0.996195 0 0.0871557 0 1 0 -0.0871557 0 0.996195 -1.32583 1.82424 0.08746</i>
                        <i>0.996195 0 0.0871557 0 1 0 -0.0871557 0 0.996195 -1.36673 1.82424 0.0987496</i>
                        <i>0.996195 0 0.0871557 0 1 0 -0.0871557 0 0.996195 -1.40873 1.82424 0.110343</i>
                        <i>0.996195 0 0.0871557 0 1 0 -0.0871557 0 0.996195 -1.45167 1.82424 0.122198</i>
                        <i>0.996195 0 0.0871557 0 1 0 -0.0871557 0 0.996195 -1.49541 1.82068 0.134269</i>
                        <i>0.996195 0 0.0871557 0 1 0 -0.0871557 0 0.996195 -1.53977 1.81674 0.146515</i>
                        <i>0.996195 0 0.0871557 0 1 0 -0.0871557 0 0.996195 -1.5846 1.81356 0.15889</i>
                        <i>0.996195 0 0.0871557 0 1 0 -0.0871557 0 0.996195 -1.62975 1.81224 0.171353</i>
                        <i>0.996195 0 0.0871557 0 1 0 -0.0871557 0 0.996195 -1.67506 1.81447 0.183859</i>
                        <i>0.996195 0 0.0871557 0 1 0 -0.0871557 0 0.996195 -1.72036 1.81935 0.196365</i>
                        <i>0.996195 0 0.0871557 0 1 0 -0.0871557 0 0.996195 -1.76551 1.82424 0.208828</i>
                        <i>0.996195 0 0.0871557 0 1 0 -0.0871557 0 0.996195 -1.81035 1.82424 0.221204</i>
                        <i>0.996195 0 0.0871557 0 1 0 -0.0871557 0 0.996195 -1.85471 1.82424 0.233449</i>
                        <i>0.996195 0 0.0871557 0 1 0 -0.0871557 0 0.996195 -1.89844 1.82424 0.245521</i>
                        <i>0.996195 0 0.0871557 0 1 0 -0.0871557 0 0.996195 -1.94139 1.82424 0.257375</i>
                        <i>0.996195 0 0.0871557 0 1 0 -0.0871557 0 0.996195 -1.98339 1.82424 0.268969</i>
                        <i>0.996195 0 0.0871557 0 1 0 -0.0871557 0 0.996195 -2.02429 1.82424 0.280258</i>
                        <i>0.996195 0 0.0871557 0 1 0 -0.0871557 0 0.996195 -2.06393 1.82424 0.2912</i>
                        <i>0.996195 0 0.0871557 0 1 0 -0.0871557 0 0.996195 -2.10215 1.82424 0.301751</i>
                        <i>0.996195 0 0.0871557 0 1 0 -0.0871557 0 0.996195 -2.1388 1.82424 0.311868</i>
                        <i>0.996195 0 0.0871557 0 1 0 -0.0871557 0 0.996195 -2.17372 1.82424 0.321506</i>
                    </KeyFrames>
                </p>
            </i>
            <i>
                <p>
                    <Name><![CDATA[cracker_2]]></Name>
                    <Exclude>0</Exclude>
                    <Additive>0</Additive>
                    <IKPriority>0</IKPriority>
                    <IKRotLimits>-1e+010 -1e+010 -1e+010 1e+010 1e+010 1e+010</IKRotLimits>
                    <IKRotLimitOrder>0</IKRotLimitOrder>
                    <KeyFrames count="91">
                        <i>0.707107 0 -0.707107 0 1 0 0.707107 0 0.707107 -1.321 1.82424 1.70627</i>
                        <i>0.717097 -0.0160024 -0.69679 0.0222812 0.999752 -2.95322e-005 0.696618 -0.0155042 0.717275 -1.31638 1.80587 1.88885</i>
                        <i>0.724891 -0.0254629 -0.688393 0.0422079 0.999081 0.00749091 0.687569 -0.0344857 0.725299 -1.30235 1.77573 2.08203</i>
                        <i>0.73495 -0.0162966 -0.677926 0.0521495 0.998109 0.0325426 0.676114 -0.0592707 0.73441 -1.30393 1.77354 2.24642</i>
                        <i>0.743073 0.00176711 -0.669208 0.0573173 0.996154 0.0662741 0.666752 -0.0876037 0.740113 -1.29303 1.77986 2.41971</i>
                        <i>0.703358 0.030609 -0.710177 0.0583685 0.993212 0.100616 0.708435 -0.112221 0.696797 -1.45786 1.79633 2.5055</i>
                        <i>0.639648 0.0717705 -0.76531 0.0561254 0.988613 0.139621 0.766616 -0.132262 0.628336 -1.72082 1.78029 2.54032</i>
                        <i>0.56259 0.120122 -0.817963 0.0593892 0.98096 0.184906 0.8246 -0.152605 0.544744 -1.99823 1.74373 2.60179</i>
                        <i>0.486877 0.166513 -0.857452 0.0694106 0.971181 0.228011 0.870708 -0.170529 0.461288 -2.28005 1.70066 2.66947</i>
                        <i>0.412673 0.20893 -0.886594 0.0851343 0.960231 0.265909 0.906892 -0.185213 0.378475 -2.56493 1.63866 2.744</i>
                        <i>0.329077 0.217227 -0.918978 0.109229 0.957892 0.26554 0.937965 -0.187762 0.291492 -2.85724 1.61977 2.84702</i>
                        <i>0.25391 0.214407 -0.943164 0.128612 0.958978 0.252626 0.958639 -0.185447 0.215919 -3.14592 1.60079 2.93738</i>
                        <i>0.177545 0.195719 -0.964454 0.163002 0.960639 0.224951 0.970519 -0.197147 0.138654 -3.44675 1.55869 3.03964</i>
                        <i>0.0937031 0.207159 -0.973809 0.16089 0.962106 0.220151 0.982514 -0.177305 0.0568224 -3.76087 1.48522 3.14495</i>
                        <i>0.0240874 0.198521 -0.979801 0.175981 0.963938 0.199633 0.984099 -0.177235 -0.0117171 -4.0783 1.36355 3.22362</i>
                        <i>-0.0503371 0.191654 -0.980171 0.185788 0.966082 0.179358 0.9813 -0.173076 -0.0842368 -4.41229 1.2173 3.31104</i>
                        <i>-0.117825 0.184074 -0.975825 0.192171 0.96832 0.159455 0.974263 -0.168738 -0.149466 -4.75241 1.06645 3.3758</i>
                        <i>-0.177081 0.175964 -0.968338 0.195185 0.970624 0.140685 0.964648 -0.164092 -0.206224 -5.1003 0.8731 3.40947</i>
                        <i>-0.239168 0.166436 -0.956607 0.195987 0.973197 0.120322 0.950993 -0.158705 -0.265377 -5.47734 0.639929 3.43556</i>
                        <i>-0.291163 0.156616 -0.943767 0.193885 0.975697 0.102099 0.936821 -0.153255 -0.314452 -5.85851 0.406906 3.41625</i>
                        <i>-0.339573 0.145873 -0.929199 0.189412 0.978267 0.084356 0.921311 -0.147357 -0.359823 -6.25788 0.141247 3.36275</i>
                        <i>-0.384704 0.134164 -0.913238 0.182729 0.980869 0.0671246 0.904772 -0.141052 -0.40186 -6.67715 -0.181876 3.26862</i>
                        <i>-0.419388 0.122616 -0.899488 0.174569 0.983237 0.0526395 0.890865 -0.134946 -0.433762 -7.08701 -0.507653 3.11471</i>
                        <i>-0.458011 0.109568 -0.882168 0.164502 0.985682 0.0370176 0.873593 -0.128164 -0.469478 -7.51305 -0.870289 2.9457</i>
                        <i>-0.498804 0.0959919 -0.861383 0.153148 0.987971 0.0214148 0.853077 -0.121238 -0.507505 -7.92026 -1.25733 2.78632</i>
                        <i>-0.538851 0.0825088 -0.838351 0.140932 0.989996 0.006849 0.830529 -0.11446 -0.545088 -8.29595 -1.65219 2.63992</i>
                        <i>-0.584414 0.0677018 -0.808626 0.126467 0.991936 -0.00835172 0.80154 -0.107146 -0.588263 -8.67483 -2.09866 2.51742</i>
                        <i>-0.628394 0.0531121 -0.77608 0.111259 0.993546 -0.022092 0.769898 -0.100228 -0.630248 -9.02238 -2.54849 2.41926</i>
                        <i>-0.734856 0.0419746 -0.676923 0.191021 0.970487 -0.147192 0.650767 -0.237471 -0.721187 -9.35804 -3.0295 2.35403</i>
                        <i>-0.0393691 -0.199754 -0.979055 0.534014 0.823947 -0.189581 0.844559 -0.530292 0.0742331 -9.69457 -3.56313 2.32724</i>
                        <i>-0.767473 0.00675406 -0.641046 0.0554604 0.996895 -0.055895 0.638678 -0.0784506 -0.765465 -9.99981 -4.09311 2.34313</i>
                        <i>-0.811862 -0.00964811 -0.58377 0.0338238 0.997407 -0.0635239 0.582869 -0.071318 -0.80943 -10.3078 -4.67401 2.38385</i>
                        <i>-0.851511 -0.0259174 -0.523696 0.011574 0.997605 -0.0681898 0.524209 -0.0641256 -0.849172 -10.6108 -5.27881 2.4254</i>
                        <i>-0.884733 -0.0414726 -0.46425 -0.00994775 0.997487 -0.0701502 0.465993 -0.0574459 -0.882922 -10.8948 -5.87826 2.46552</i>
                        <i>-0.915731 -0.0583321 -0.397535 -0.0333479 0.997026 -0.0694804 0.400405 -0.0503684 -0.914953 -11.1984 -6.5552 2.50947</i>
                        <i>-0.940749 -0.0745956 -0.330798 -0.0557805 0.996258 -0.0660253 0.334485 -0.0436612 -0.941389 -11.4896 -7.23917 2.55236</i>
                        <i>-0.960242 -0.0903932 -0.26413 -0.0771619 0.995207 -0.0600685 0.268294 -0.0372995 -0.962615 -11.7702 -7.93396 2.59418</i>
                        <i>-0.975305 -0.106642 -0.193409 -0.0985128 0.993818 -0.0512028 0.197674 -0.0308851 -0.979781 -12.0594 -8.68566 2.63748</i>
                        <i>-0.98454 -0.121711 -0.125968 -0.117483 0.992249 -0.0404955 0.12992 -0.0250704 -0.991207 -12.3287 -9.42009 2.67777</i>
                        <i>-0.989008 -0.137152 -0.0552566 -0.135827 0.990362 -0.0270915 0.0584398 -0.0192883 -0.998105 -12.606 -10.213 2.71893</i>
                        <i>-0.988159 -0.152481 0.0170942 -0.152682 0.988212 -0.0111691 -0.0151896 -0.0136468 -0.999792 -12.8861 -11.0511 2.75995</i>
                        <i>-0.9824 -0.166478 0.0847097 -0.166609 0.986007 0.00556023 -0.0844501 -0.00865107 -0.99639 -13.1461 -11.864 2.7972</i>
