<?xml version="1.0" encoding="ISO-8859-1" ?>
<Animl Version="1">
    <ModellingPackage><![CDATA[Maya.2010]]></ModellingPackage>
    <SrcFile><![CDATA[anims\turrets\special\blue\~src\flamelube\flamelube_fire.mb]]></SrcFile>
    <FramesPerSecond>30</FramesPerSecond>
    <TotalFrames>61</TotalFrames>
    <Skeleton>
        <RefFrame>
            <Name><![CDATA[flamelube_ref_frame]]></Name>
            <Exclude>1</Exclude>
            <Additive>0</Additive>
            <IKPriority>0</IKPriority>
            <IKRotLimits>-1e+010 -1e+010 -1e+010 1e+010 1e+010 1e+010</IKRotLimits>
            <IKRotLimitOrder>0</IKRotLimitOrder>
            <KeyFrames count="61">
                <i>1 0 0 0 1 0 0 0 1 0 0 0</i>
                <i>1 0 0 0 1 0 0 0 1 0 0 0</i>
                <i>1 0 0 0 1 0 0 0 1 0 0 0</i>
                <i>1 0 0 0 1 0 0 0 1 0 0 0</i>
                <i>1 0 0 0 1 0 0 0 1 0 0 0</i>
                <i>1 0 0 0 1 0 0 0 1 0 0 0</i>
                <i>1 0 0 0 1 0 0 0 1 0 0 0</i>
                <i>1 0 0 0 1 0 0 0 1 0 0 0</i>
                <i>1 0 0 0 1 0 0 0 1 0 0 0</i>
                <i>1 0 0 0 1 0 0 0 1 0 0 0</i>
                <i>1 0 0 0 1 0 0 0 1 0 0 0</i>
                <i>1 0 0 0 1 0 0 0 1 0 0 0</i>
                <i>1 0 0 0 1 0 0 0 1 0 0 0</i>
                <i>1 0 0 0 1 0 0 0 1 0 0 0</i>
                <i>1 0 0 0 1 0 0 0 1 0 0 0</i>
                <i>1 0 0 0 1 0 0 0 1 0 0 0</i>
                <i>1 0 0 0 1 0 0 0 1 0 0 0</i>
                <i>1 0 0 0 1 0 0 0 1 0 0 0</i>
                <i>1 0 0 0 1 0 0 0 1 0 0 0</i>
                <i>1 0 0 0 1 0 0 0 1 0 0 0</i>
                <i>1 0 0 0 1 0 0 0 1 0 0 0</i>
                <i>1 0 0 0 1 0 0 0 1 0 0 0</i>
                <i>1 0 0 0 1 0 0 0 1 0 0 0</i>
                <i>1 0 0 0 1 0 0 0 1 0 0 0</i>
                <i>1 0 0 0 1 0 0 0 1 0 0 0</i>
                <i>1 0 0 0 1 0 0 0 1 0 0 0</i>
                <i>1 0 0 0 1 0 0 0 1 0 0 0</i>
                <i>1 0 0 0 1 0 0 0 1 0 0 0</i>
                <i>1 0 0 0 1 0 0 0 1 0 0 0</i>
                <i>1 0 0 0 1 0 0 0 1 0 0 0</i>
                <i>1 0 0 0 1 0 0 0 1 0 0 0</i>
                <i>1 0 0 0 1 0 0 0 1 0 0 0</i>
                <i>1 0 0 0 1 0 0 0 1 0 0 0</i>
                <i>1 0 0 0 1 0 0 0 1 0 0 0</i>
                <i>1 0 0 0 1 0 0 0 1 0 0 0</i>
                <i>1 0 0 0 1 0 0 0 1 0 0 0</i>
                <i>1 0 0 0 1 0 0 0 1 0 0 0</i>
                <i>1 0 0 0 1 0 0 0 1 0 0 0</i>
                <i>1 0 0 0 1 0 0 0 1 0 0 0</i>
                <i>1 0 0 0 1 0 0 0 1 0 0 0</i>
                <i>1 0 0 0 1 0 0 0 1 0 0 0</i>
                <i>1 0 0 0 1 0 0 0 1 0 0 0</i>
                <i>1 0 0 0 1 0 0 0 1 0 0 0</i>
                <i>1 0 0 0 1 0 0 0 1 0 0 0</i>
                <i>1 0 0 0 1 0 0 0 1 0 0 0</i>
                <i>1 0 0 0 1 0 0 0 1 0 0 0</i>
                <i>1 0 0 0 1 0 0 0 1 0 0 0</i>
                <i>1 0 0 0 1 0 0 0 1 0 0 0</i>
                <i>1 0 0 0 1 0 0 0 1 0 0 0</i>
                <i>1 0 0 0 1 0 0 0 1 0 0 0</i>
                <i>1 0 0 0 1 0 0 0 1 0 0 0</i>
                <i>1 0 0 0 1 0 0 0 1 0 0 0</i>
                <i>1 0 0 0 1 0 0 0 1 0 0 0</i>
                <i>1 0 0 0 1 0 0 0 1 0 0 0</i>
                <i>1 0 0 0 1 0 0 0 1 0 0 0</i>
                <i>1 0 0 0 1 0 0 0 1 0 0 0</i>
                <i>1 0 0 0 1 0 0 0 1 0 0 0</i>
                <i>1 0 0 0 1 0 0 0 1 0 0 0</i>
                <i>1 0 0 0 1 0 0 0 1 0 0 0</i>
                <i>1 0 0 0 1 0 0 0 1 0 0 0</i>
                <i>1 0 0 0 1 0 0 0 1 0 0 0</i>
            </KeyFrames>
        </RefFrame>
        <Bones count="11">
            <i>
                <p>
                    <Name><![CDATA[flamelube_root]]></Name>
                    <Exclude>0</Exclude>
                    <Additive>0</Additive>
                    <IKPriority>0</IKPriority>
                    <IKRotLimits>-1e+010 -1e+010 -1e+010 1e+010 1e+010 1e+010</IKRotLimits>
                    <IKRotLimitOrder>0</IKRotLimitOrder>
                    <KeyFrames count="61">
                        <i>1 0 0 0 1 0 0 0 1 0 0 0</i>
                        <i>1 0 0 0 1 0 0 0 1 0 0 0</i>
                        <i>1 0 0 0 1 0 0 0 1 0 0 0</i>
                        <i>1 0 0 0 1 0 0 0 1 0 0 0</i>
                        <i>1 0 0 0 1 0 0 0 1 0 0 0</i>
                        <i>1 0 0 0 1 0 0 0 1 0 0 0</i>
                        <i>1 0 0 0 1 0 0 0 1 0 0 0</i>
                        <i>1 0 0 0 1 0 0 0 1 0 0 0</i>
                        <i>1 0 0 0 1 0 0 0 1 0 0 0</i>
                        <i>1 0 0 0 1 0 0 0 1 0 0 0</i>
                        <i>1 0 0 0 1 0 0 0 1 0 0 0</i>
                        <i>1 0 0 0 1 0 0 0 1 0 0 0</i>
                        <i>1 0 0 0 1 0 0 0 1 0 0 0</i>
                        <i>1 0 0 0 1 0 0 0 1 0 0 0</i>
                        <i>1 0 0 0 1 0 0 0 1 0 0 0</i>
                        <i>1 0 0 0 1 0 0 0 1 0 0 0</i>
                        <i>1 0 0 0 1 0 0 0 1 0 0 0</i>
                        <i>1 0 0 0 1 0 0 0 1 0 0 0</i>
                        <i>1 0 0 0 1 0 0 0 1 0 0 0</i>
                        <i>1 0 0 0 1 0 0 0 1 0 0 0</i>
                        <i>1 0 0 0 1 0 0 0 1 0 0 0</i>
                        <i>1 0 0 0 1 0 0 0 1 0 0 0</i>
                        <i>1 0 0 0 1 0 0 0 1 0 0 0</i>
                        <i>1 0 0 0 1 0 0 0 1 0 0 0</i>
                        <i>1 0 0 0 1 0 0 0 1 0 0 0</i>
                        <i>1 0 0 0 1 0 0 0 1 0 0 0</i>
                        <i>1 0 0 0 1 0 0 0 1 0 0 0</i>
                        <i>1 0 0 0 1 0 0 0 1 0 0 0</i>
                        <i>1 0 0 0 1 0 0 0 1 0 0 0</i>
                        <i>1 0 0 0 1 0 0 0 1 0 0 0</i>
                        <i>1 0 0 0 1 0 0 0 1 0 0 0</i>
                        <i>1 0 0 0 1 0 0 0 1 0 0 0</i>
                        <i>1 0 0 0 1 0 0 0 1 0 0 0</i>
                        <i>1 0 0 0 1 0 0 0 1 0 0 0</i>
                        <i>1 0 0 0 1 0 0 0 1 0 0 0</i>
                        <i>1 0 0 0 1 0 0 0 1 0 0 0</i>
                        <i>1 0 0 0 1 0 0 0 1 0 0 0</i>
                        <i>1 0 0 0 1 0 0 0 1 0 0 0</i>
                        <i>1 0 0 0 1 0 0 0 1 0 0 0</i>
                        <i>1 0 0 0 1 0 0 0 1 0 0 0</i>
                        <i>1 0 0 0 1 0 0 0 1 0 0 0</i>
                        <i>1 0 0 0 1 0 0 0 1 0 0 0</i>
                        <i>1 0 0 0 1 0 0 0 1 0 0 0</i>
                        <i>1 0 0 0 1 0 0 0 1 0 0 0</i>
                        <i>1 0 0 0 1 0 0 0 1 0 0 0</i>
                        <i>1 0 0 0 1 0 0 0 1 0 0 0</i>
                        <i>1 0 0 0 1 0 0 0 1 0 0 0</i>
                        <i>1 0 0 0 1 0 0 0 1 0 0 0</i>
                        <i>1 0 0 0 1 0 0 0 1 0 0 0</i>
                        <i>1 0 0 0 1 0 0 0 1 0 0 0</i>
                        <i>1 0 0 0 1 0 0 0 1 0 0 0</i>
                        <i>1 0 0 0 1 0 0 0 1 0 0 0</i>
                        <i>1 0 0 0 1 0 0 0 1 0 0 0</i>
                        <i>1 0 0 0 1 0 0 0 1 0 0 0</i>
                        <i>1 0 0 0 1 0 0 0 1 0 0 0</i>
                        <i>1 0 0 0 1 0 0 0 1 0 0 0</i>
                        <i>1 0 0 0 1 0 0 0 1 0 0 0</i>
                        <i>1 0 0 0 1 0 0 0 1 0 0 0</i>
                        <i>1 0 0 0 1 0 0 0 1 0 0 0</i>
                        <i>1 0 0 0 1 0 0 0 1 0 0 0</i>
                        <i>1 0 0 0 1 0 0 0 1 0 0 0</i>
                    </KeyFrames>
                </p>
            </i>
            <i>
                <p>
                    <Name><![CDATA[harness]]></Name>
                    <Exclude>0</Exclude>
                    <Additive>0</Additive>
                    <IKPriority>0</IKPriority>
                    <IKRotLimits>-1e+010 -1e+010 -1e+010 1e+010 1e+010 1e+010</IKRotLimits>
                    <IKRotLimitOrder>0</IKRotLimitOrder>
                    <KeyFrames count="61">
                        <i>0.999996 0.00275962 0 -0.00275962 0.999996 0 0 0 1 -3.34947 3.74827 -0.754383</i>
                        <i>0.999997 0.00227042 0 -0.00227042 0.999997 0 0 0 1 -3.34859 3.74744 -0.754383</i>
                        <i>0.999998 0.00175129 0 -0.00175129 0.999998 0 0 0 1 -3.34766 3.74668 -0.754383</i>
                        <i>0.999999 0.00120754 0 -0.00120754 0.999999 0 0 0 1 -3.34671 3.746 -0.754383</i>
                        <i>1 0.000644488 0 -0.000644488 1 0 0 0 1 -3.34574 3.74539 -0.754383</i>
                        <i>1 6.74657e-005 0 -6.74657e-005 1 0 0 0 1 -3.34477 3.74486 -0.754383</i>
                        <i>1 -0.000530141 0 0.000530141 1 0 0 0 1 -3.34384 3.7444 -0.754383</i>
                        <i>0.999999 -0.00115136 0 0.00115136 0.999999 0 0 0 1 -3.34294 3.74402 -0.754383</i>
                        <i>0.999998 -0.0017855 0 0.0017855 0.999998 0 0 0 1 -3.3421 3.74371 -0.754383</i>
                        <i>0.999997 -0.00242187 0 0.00242187 0.999997 0 0 0 1 -3.34135 3.74347 -0.754383</i>
                        <i>0.999995 -0.00304978 0 0.00304978 0.999995 0 0 0 1 -3.34069 3.7433 -0.754383</i>
                        <i>0.999993 -0.00365854 0 0.00365854 0.999993 0 0 0 1 -3.34014 3.7432 -0.754383</i>
                        <i>0.999991 -0.00423745 0 0.00423745 0.999991 0 0 0 1 -3.33972 3.74316 -0.754383</i>
                        <i>0.999989 -0.00477583 0 0.00477583 0.999989 0 0 0 1 -3.33946 3.7432 -0.754383</i>
                        <i>0.999986 -0.00526299 0 0.00526299 0.999986 0 0 0 1 -3.33936 3.7433 -0.754383</i>
                        <i>0.999984 -0.00568824 0 0.00568824 0.999984 0 0 0 1 -3.33945 3.74346 -0.754383</i>
                        <i>0.999982 -0.00604088 0 0.00604088 0.999982 0 0 0 1 -3.33968 3.74369 -0.754383</i>
                        <i>0.99998 -0.00631022 0 0.00631022 0.99998 0 0 0 1 -3.33998 3.74396 -0.754383</i>
                        <i>0.999979 -0.00648558 0 0.00648558 0.999979 0 0 0 1 -3.34036 3.74429 -0.754383</i>
                        <i>0.999978 -0.00655626 0 0.00655626 0.999978 0 0 0 1 -3.34081 3.74467 -0.754383</i>
                        <i>0.999979 -0.00651158 0 0.00651158 0.999979 0 0 0 1 -3.34131 3.74508 -0.754383</i>
                        <i>0.99998 -0.00638033 0 0.00638033 0.99998 0 0 0 1 -3.34188 3.74553 -0.754383</i>
                        <i>0.999981 -0.00620067 0 0.00620067 0.999981 0 0 0 1 -3.34249 3.74602 -0.754383</i>
                        <i>0.999982 -0.00597597 0 0.00597597 0.999982 0 0 0 1 -3.34315 3.74654 -0.754383</i>
                        <i>0.999984 -0.00570959 0 0.00570959 0.999984 0 0 0 1 -3.34384 3.74708 -0.754383</i>
                        <i>0.999985 -0.00540488 0 0.00540488 0.999985 0 0 0 1 -3.34457 3.74764 -0.754383</i>
                        <i>0.999987 -0.00506522 0 0.00506522 0.999987 0 0 0 1 -3.34533 3.74822 -0.754383</i>
                        <i>0.999989 -0.00469395 0 0.00469395 0.999989 0 0 0 1 -3.34612 3.74881 -0.754383</i>
                        <i>0.999991 -0.00429445 0 0.00429445 0.999991 0 0 0 1 -3.34692 3.74941 -0.754383</i>
                        <i>0.999992 -0.00387007 0 0.00387007 0.999992 0 0 0 1 -3.34773 3.75002 -0.754383</i>
                        <i>0.999994 -0.00342418 0 0.00342418 0.999994 0 0 0 1 -3.34855 3.75063 -0.754383</i>
                        <i>0.999996 -0.00296014 0 0.00296014 0.999996 0 0 0 1 -3.34937 3.75123 -0.754383</i>
                        <i>0.999997 -0.00248131 0 0.00248131 0.999997 0 0 0 1 -3.35018 3.75183 -0.754383</i>
                        <i>0.999998 -0.00199105 0 0.00199105 0.999998 0 0 0 1 -3.35099 3.75242 -0.754383</i>
                        <i>0.999999 -0.00149272 0 0.00149272 0.999999 0 0 0 1 -3.35178 3.75299 -0.754383</i>
                        <i>1 -0.000989686 0 0.000989686 1 0 0 0 1 -3.35255 3.75354 -0.754383</i>
                        <i>1 -0.000485312 0 0.000485312 1 0 0 0 1 -3.3533 3.75407 -0.754383</i>
                        <i>1 1.70424e-005 0 -1.70424e-005 1 0 0 0 1 -3.35401 3.75457 -0.754383</i>
                        <i>1 0.000514016 0 -0.000514016 1 0 0 0 1 -3.35468 3.75504 -0.754383</i>
                        <i>1 0.00100225 0 -0.00100225 1 0 0 0 1 -3.35532 3.75548 -0.754383</i>
                        <i>0.999999 0.00147837 0 -0.00147837 0.999999 0 0 0 1 -3.3559 3.75588 -0.754383</i>
                        <i>0.999998 0.00193903 0 -0.00193903 0.999998 0 0 0 1 -3.35643 3.75623 -0.754383</i>
                        <i>0.999997 0.00238086 0 -0.00238086 0.999997 0 0 0 1 -3.3569 3.75653 -0.754383</i>
                        <i>0.999996 0.00280051 0 -0.00280051 0.999996 0 0 0 1 -3.35731 3.75679 -0.754383</i>
                        <i>0.999995 0.00319459 0 -0.00319459 0.999995 0 0 0 1 -3.35765 3.75698 -0.754383</i>
                        <i>0.999994 0.00355977 0 -0.00355977 0.999994 0 0 0 1 -3.35791 3.75712 -0.754383</i>
                        <i>0.999992 0.00389267 0 -0.00389267 0.999992 0 0 0 1 -3.35805 3.75716 -0.754383</i>
                        <i>0.999991 0.00418993 0 -0.00418993 0.999991 0 0 0 1 -3.35803 3.75706 -0.754383</i>
                        <i>0.99999 0.00444819 0 -0.00444819 0.99999 0 0 0 1 -3.35787 3.75683 -0.754383</i>
                        <i>0.999989 0.0046641 0 -0.0046641 0.999989 0 0 0 1 -3.35757 3.75649 -0.754383</i>
                        <i>0.999988 0.00483428 0 -0.00483428 0.999988 0 0 0 1 -3.35716 3.75604 -0.754383</i>
                        <i>0.999988 0.00493713 0 -0.00493713 0.999988 0 0 0 1 -3.35664 3.7555 -0.754383</i>
                        <i>0.999988 0.00495684 0 -0.00495684 0.999988 0 0 0 1 -3.35603 3.75488 -0.754383</i>
                        <i>0.999988 0.00489871 0 -0.00489871 0.999988 0 0 0 1 -3.35535 3.75419 -0.754383</i>
                        <i>0.999989 0.00476808 0 -0.00476808 0.999989 0 0 0 1 -3.35459 3.75344 -0.754383</i>
                        <i>0.99999 0.00457026 0 -0.00457026 0.99999 0 0 0 1 -3.35379 3.75263 -0.754383</i>
                        <i>0.999991 0.00431058 0 -0.00431058 0.999991 0 0 0 1 -3.35295 3.75179 -0.754383</i>
                        <i>0.999992 0.00399435 0 -0.00399435 0.999992 0 0 0 1 -3.35208 3.75093 -0.754383</i>
                        <i>0.999993 0.0036269 0 -0.0036269 0.999993 0 0 0 1 -3.3512 3.75004 -0.754383</i>
                        <i>0.999995 0.00321355 0 -0.00321355 0.999995 0 0 0 1 -3.35033 3.74916 -0.754383</i>
                        <i>0.999996 0.00275962 0 -0.00275962 0.999996 0 0 0 1 -3.34947 3.74827 -0.754383</i>
                    </KeyFrames>
                </p>
            </i>
            <i>
                <p>
                    <Name><![CDATA[nozzle]]></Name>
                    <Exclude>0</Exclude>
                    <Additive>0</Additive>
                    <IKPriority>0</IKPriority>
                    <IKRotLimits>-1e+010 -1e+010 -1e+010 1e+010 1e+010 1e+010</IKRotLimits>
                    <IKRotLimitOrder>0</IKRotLimitOrder>
                    <KeyFrames count="61">
                        <i>0.999996 0.00275962 0 -0.00275962 0.999996 0 0 0 1 -0.479786 2.29536 -0.749087</i>
                        <i>0.999997 0.00227042 0 -0.00227042 0.999997 0 0 0 1 -0.479618 2.29312 -0.749087</i>
                        <i>0.999998 0.00175129 0 -0.00175129 0.999998 0 0 0 1 -0.479447 2.29088 -0.749087</i>
                        <i>0.999999 0.00120754 0 -0.00120754 0.999999 0 0 0 1 -0.479282 2.28863 -0.749087</i>
                        <i>1 0.000644488 0 -0.000644488 1 0 0 0 1 -0.479135 2.28641 -0.749087</i>
                        <i>1 6.74657e-005 0 -6.74657e-005 1 0 0 0 1 -0.479015 2.28423 -0.749087</i>
                        <i>1 -0.000530141 0 0.000530141 1 0 0 0 1 -0.478951 2.28206 -0.749087</i>
                        <i>0.999999 -0.00115136 0 0.00115136 0.999999 0 0 0 1 -0.478964 2.2799 -0.749087</i>
                        <i>0.999998 -0.0017855 0 0.0017855 0.999998 0 0 0 1 -0.479057 2.27777 -0.749087</i>
                        <i>0.999997 -0.00242187 0 0.00242187 0.999997 0 0 0 1 -0.479233 2.27571 -0.749087</i>
                        <i>0.999995 -0.00304978 0 0.00304978 0.999995 0 0 0 1 -0.479493 2.27374 -0.749087</i>
                        <i>0.999993 -0.00365854 0 0.00365854 0.999993 0 0 0 1 -0.479841 2.2719 -0.749087</i>
                        <i>0.999991 -0.00423745 0 0.00423745 0.999991 0 0 0 1 -0.480277 2.27021 -0.749087</i>
                        <i>0.999989 -0.00477583 0 0.00477583 0.999989 0 0 0 1 -0.480805 2.2687 -0.749087</i>
                        <i>0.999986 -0.00526299 0 0.00526299 0.999986 0 0 0 1 -0.481427 2.26741 -0.749087</i>
                        <i>0.999984 -0.00568824 0 0.00568824 0.999984 0 0 0 1 -0.482143 2.26636 -0.749087</i>
                        <i>0.999982 -0.00604088 0 0.00604088 0.999982 0 0 0 1 -0.482893 2.26558 -0.749087</i>
                        <i>0.99998 -0.00631022 0 0.00631022 0.99998 0 0 0 1 -0.483597 2.26509 -0.749087</i>
                        <i>0.999979 -0.00648558 0 0.00648558 0.999979 0 0 0 1 -0.484235 2.26491 -0.749087</i>
                        <i>0.999978 -0.00655626 0 0.00655626 0.999978 0 0 0 1 -0.484784 2.26509 -0.749087</i>
                        <i>0.999979 -0.00651158 0 0.00651158 0.999979 0 0 0 1 -0.485225 2.26563 -0.749087</i>
                        <i>0.99998 -0.00638033 0 0.00638033 0.99998 0 0 0 1 -0.485593 2.26646 -0.749087</i>
                        <i>0.999981 -0.00620067 0 0.00620067 0.999981 0 0 0 1 -0.48594 2.26746 -0.749087</i>
                        <i>0.999982 -0.00597597 0 0.00597597 0.999982 0 0 0 1 -0.486266 2.26861 -0.749087</i>
                        <i>0.999984 -0.00570959 0 0.00570959 0.999984 0 0 0 1 -0.486569 2.26992 -0.749087</i>
                        <i>0.999985 -0.00540488 0 0.00540488 0.999985 0 0 0 1 -0.48685 2.27135 -0.749087</i>
                        <i>0.999987 -0.00506522 0 0.00506522 0.999987 0 0 0 1 -0.487109 2.2729 -0.749087</i>
                        <i>0.999989 -0.00469395 0 0.00469395 0.999989 0 0 0 1 -0.487344 2.27455 -0.749087</i>
                        <i>0.999991 -0.00429445 0 0.00429445 0.999991 0 0 0 1 -0.487555 2.2763 -0.749087</i>
                        <i>0.999992 -0.00387007 0 0.00387007 0.999992 0 0 0 1 -0.487743 2.27812 -0.749087</i>
                        <i>0.999994 -0.00342418 0 0.00342418 0.999994 0 0 0 1 -0.487906 2.28 -0.749087</i>
                        <i>0.999996 -0.00296014 0 0.00296014 0.999996 0 0 0 1 -0.488044 2.28193 -0.749087</i>
                        <i>0.999997 -0.00248131 0 0.00248131 0.999997 0 0 0 1 -0.488156 2.2839 -0.749087</i>
                        <i>0.999998 -0.00199105 0 0.00199105 0.999998 0 0 0 1 -0.488243 2.28589 -0.749087</i>
                        <i>0.999999 -0.00149272 0 0.00149272 0.999999 0 0 0 1 -0.488304 2.28789 -0.749087</i>
                        <i>1 -0.000989686 0 0.000989686 1 0 0 0 1 -0.488337 2.28988 -0.749087</i>
                        <i>1 -0.000485312 0 0.000485312 1 0 0 0 1 -0.488343 2.29186 -0.749087</i>
                        <i>1 1.70424e-005 0 -1.70424e-005 1 0 0 0 1 -0.488321 2.2938 -0.749087</i>
                        <i>1 0.000514016 0 -0.000514016 1 0 0 0 1 -0.488271 2.2957 -0.749087</i>
                        <i>1 0.00100225 0 -0.00100225 1 0 0 0 1 -0.488191 2.29753 -0.749087</i>
                        <i>0.999999 0.00147837 0 -0.00147837 0.999999 0 0 0 1 -0.488082 2.29929 -0.749087</i>
                        <i>0.999998 0.00193903 0 -0.00193903 0.999998 0 0 0 1 -0.487942 2.30097 -0.749087</i>
                        <i>0.999997 0.00238086 0 -0.00238086 0.999997 0 0 0 1 -0.487772 2.30254 -0.749087</i>
                        <i>0.999996 0.00280051 0 -0.00280051 0.999996 0 0 0 1 -0.487569 2.304 -0.749087</i>
                        <i>0.999995 0.00319459 0 -0.00319459 0.999995 0 0 0 1 -0.487335 2.30532 -0.749087</i>
                        <i>0.999994 0.00355977 0 -0.00355977 0.999994 0 0 0 1 -0.487067 2.30651 -0.749087</i>
                        <i>0.999992 0.00389267 0 -0.00389267 0.999992 0 0 0 1 -0.486723 2.3075 -0.749087</i>
                        <i>0.999991 0.00418993 0 -0.00418993 0.999991 0 0 0 1 -0.486274 2.30825 -0.749087</i>
                        <i>0.99999 0.00444819 0 -0.00444819 0.99999 0 0 0 1 -0.485736 2.30877 -0.749087</i>
                        <i>0.999989 0.0046641 0 -0.0046641 0.999989 0 0 0 1 -0.485129 2.30905 -0.749087</i>
                        <i>0.999988 0.00483428 0 -0.00483428 0.999988 0 0 0 1 -0.484469 2.30909 -0.749087</i>
                        <i>0.999988 0.00493713 0 -0.00493713 0.999988 0 0 0 1 -0.483803 2.30884 -0.749087</i>
                        <i>0.999988 0.00495684 0 -0.00495684 0.999988 0 0 0 1 -0.483165 2.30828 -0.749087</i>
                        <i>0.999988 0.00489871 0 -0.00489871 0.999988 0 0 0 1 -0.482562 2.30742 -0.749087</i>
                        <i>0.999989 0.00476808 0 -0.00476808 0.999989 0 0 0 1 -0.481999 2.30629 -0.749087</i>
                        <i>0.99999 0.00457026 0 -0.00457026 0.99999 0 0 0 1 -0.481482 2.30492 -0.749087</i>
                        <i>0.999991 0.00431058 0 -0.00431058 0.999991 0 0 0 1 -0.481017 2.30334 -0.749087</i>
                        <i>0.999992 0.00399435 0 -0.00399435 0.999992 0 0 0 1 -0.480608 2.30156 -0.749087</i>
                        <i>0.999993 0.0036269 0 -0.0036269 0.999993 0 0 0 1 -0.480263 2.29963 -0.749087</i>
                        <i>0.999995 0.00321355 0 -0.00321355 0.999995 0 0 0 1 -0.479987 2.29755 -0.749087</i>
                        <i>0.999996 0.00275962 0 -0.00275962 0.999996 0 0 0 1 -0.479786 2.29536 -0.749087</i>
                    </KeyFrames>
                </p>
            </i>
            <i>
                <p>
                    <Name><![CDATA[straw_1]]></Name>
                    <Exclude>0</Exclude>
                    <Additive>0</Additive>
                    <IKPriority>0</IKPriority>
                    <IKRotLimits>-1e+010 -1e+010 -1e+010 1e+010 1e+010 1e+010</IKRotLimits>
                    <IKRotLimitOrder>0</IKRotLimitOrder>
                    <KeyFrames count="61">
                        <i>1 0 0 0 1 0 0 0 1 -6.07297e-009 1.80353 0.0681647</i>
                        <i>1 0 0 0 1 0 0 0 1 -0.00676615 1.80353 0.0681647</i>
                        <i>1 0 0 0 1 0 0 0 1 -0.0143612 1.80353 0.0681647</i>
                        <i>1 0 0 0 1 0 0 0 1 -0.0226193 1.80353 0.0681647</i>
                        <i>1 0 0 0 1 0 0 0 1 -0.0313746 1.80353 0.0681647</i>
                        <i>1 0 0 0 1 0 0 0 1 -0.0404616 1.80353 0.0681647</i>
                        <i>1 0 0 0 1 0 0 0 1 -0.0497143 1.80353 0.0681647</i>
                        <i>1 0 0 0 1 0 0 0 1 -0.058967 1.80353 0.0681647</i>
                        <i>1 0 0 0 1 0 0 0 1 -0.0680539 1.80353 0.0681647</i>
                        <i>1 0 0 0 1 0 0 0 1 -0.0768092 1.80353 0.0681647</i>
                        <i>1 0 0 0 1 0 0 0 1 -0.0850674 1.80353 0.0681647</i>
                        <i>1 0 0 0 1 0 0 0 1 -0.0926624 1.80353 0.0681647</i>
                        <i>1 0 0 0 1 0 0 0 1 -0.0994286 1.80353 0.0681647</i>
                        <i>1 0 0 0 1 0 0 0 1 -0.1052 1.80353 0.0681647</i>
                        <i>1 0 0 0 1 0 0 0 1 -0.109811 1.80353 0.0681647</i>
                        <i>1 0 0 0 1 0 0 0 1 -0.113096 1.80353 0.0681647</i>
                        <i>1 0 0 0 1 0 0 0 1 -0.114889 1.80353 0.0681647</i>
                        <i>1 0 0 0 1 0 0 0 1 -0.115025 1.80353 0.0681647</i>
                        <i>1 0 0 0 1 0 0 0 1 -0.113337 1.80353 0.0681647</i>
                        <i>1 0 0 0 1 0 0 0 1 -0.110122 1.80353 0.0681647</i>
                        <i>1 0 0 0 1 0 0 0 1 -0.105839 1.80353 0.0681647</i>
                        <i>1 0 0 0 1 0 0 0 1 -0.100568 1.80353 0.0681647</i>
                        <i>1 0 0 0 1 0 0 0 1 -0.0943866 1.80353 0.0681647</i>
                        <i>1 0 0 0 1 0 0 0 1 -0.087375 1.80353 0.0681647</i>
                        <i>1 0 0 0 1 0 0 0 1 -0.0796116 1.80353 0.0681647</i>
                        <i>1 0 0 0 1 0 0 0 1 -0.0711755 1.80353 0.0681647</i>
                        <i>1 0 0 0 1 0 0 0 1 -0.0621457 1.80353 0.0681647</i>
                        <i>1 0 0 0 1 0 0 0 1 -0.0526011 1.80353 0.0681647</i>
                        <i>1 0 0 0 1 0 0 0 1 -0.0426207 1.80353 0.0681647</i>
                        <i>1 0 0 0 1 0 0 0 1 -0.0322834 1.80353 0.0681647</i>
                        <i>1 0 0 0 1 0 0 0 1 -0.0216682 1.80353 0.0681647</i>
                        <i>1 0 0 0 1 0 0 0 1 -0.0108541 1.80353 0.0681647</i>
                        <i>1 0 0 0 1 0 0 0 1 8.00135e-005 1.80353 0.0681647</i>
                        <i>1 0 0 0 1 0 0 0 1 0.0110551 1.80353 0.0681647</i>
                        <i>1 0 0 0 1 0 0 0 1 0.0219921 1.80353 0.0681647</i>
                        <i>1 0 0 0 1 0 0 0 1 0.0328122 1.80353 0.0681647</i>
                        <i>1 0 0 0 1 0 0 0 1 0.0434364 1.80353 0.0681647</i>
                        <i>1 0 0 0 1 0 0 0 1 0.0537857 1.80353 0.0681647</i>
                        <i>1 0 0 0 1 0 0 0 1 0.0637811 1.80353 0.0681647</i>
                        <i>1 0 0 0 1 0 0 0 1 0.0733438 1.80353 0.0681647</i>
                        <i>1 0 0 0 1 0 0 0 1 0.0823946 1.80353 0.0681647</i>
                        <i>1 0 0 0 1 0 0 0 1 0.0908546 1.80353 0.0681647</i>
                        <i>1 0 0 0 1 0 0 0 1 0.0986449 1.80353 0.0681647</i>
                        <i>1 0 0 0 1 0 0 0 1 0.105686 1.80353 0.0681647</i>
                        <i>1 0 0 0 1 0 0 0 1 0.1119 1.80353 0.0681647</i>
                        <i>1 0 0 0 1 0 0 0 1 0.117208 1.80353 0.0681647</i>
                        <i>1 0 0 0 1 0 0 0 1 0.121529 1.80353 0.0681647</i>
                        <i>1 0 0 0 1 0 0 0 1 0.124787 1.80353 0.0681647</i>
                        <i>1 0 0 0 1 0 0 0 1 0.125666 1.80353 0.0681647</i>
                        <i>1 0 0 0 1 0 0 0 1 0.123198 1.80353 0.0681647</i>
                        <i>1 0 0 0 1 0 0 0 1 0.117819 1.80353 0.0681647</i>
                        <i>1 0 0 0 1 0 0 0 1 0.109967 1.80353 0.0681647</i>
                        <i>1 0 0 0 1 0 0 0 1 0.100077 1.80353 0.0681647</i>
                        <i>1 0 0 0 1 0 0 0 1 0.088586 1.80353 0.0681647</i>
                        <i>1 0 0 0 1 0 0 0 1 0.0759308 1.80353 0.0681647</i>
                        <i>1 0 0 0 1 0 0 0 1 0.062548 1.80353 0.0681647</i>
                        <i>1 0 0 0 1 0 0 0 1 0.0488742 1.80353 0.0681647</i>
                        <i>1 0 0 0 1 0 0 0 1 0.0353458 1.80353 0.0681647</i>
                        <i>1 0 0 0 1 0 0 0 1 0.0223996 1.80353 0.0681647</i>
                        <i>1 0 0 0 1 0 0 0 1 0.0104721 1.80353 0.0681647</i>
                        <i>1 0 0 0 1 0 0 0 1 -6.07297e-009 1.80353 0.0681647</i>
                    </KeyFrames>
                </p>
            </i>
            <i>
                <p>
                    <Name><![CDATA[straw_2]]></Name>
                    <Exclude>0</Exclude>
                    <Additive>0</Additive>
                    <IKPriority>0</IKPriority>
                    <IKRotLimits>-1e+010 -1e+010 -1e+010 1e+010 1e+010 1e+010</IKRotLimits>
                    <IKRotLimitOrder>0</IKRotLimitOrder>
                    <KeyFrames count="61">
                        <i>1 0 0 0 1 0 0 0 1 -6.07297e-009 1.80353 1.00792</i>
                        <i>0.99993 0 0.0118568 -3.76182e-005 0.999995 0.00317248 -0.0118568 -0.0031727 0.999925 -0.00676615 1.80157 1.00792</i>
                        <i>0.99973 0 0.0232203 -0.000142251 0.999981 0.0061245 -0.0232199 -0.00612615 0.999712 -0.0143612 1.79941 1.00792</i>
                        <i>0.999422 2.71051e-020 0.034004 -0.000298801 0.999961 0.00878214 -0.0340027 -0.00878722 0.999383 -0.0226193 1.79709 1.00792</i>
                        <i>0.999026 -5.42101e-020 0.0441218 -0.000488994 0.999939 0.011072 -0.0441191 -0.0110828 0.998965 -0.0313746 1.79465 1.00792</i>
                        <i>0.998568 0 0.0534882 -0.000692129 0.999916 0.0129213 -0.0534838 -0.0129398 0.998485 -0.0404616 1.79214 1.00792</i>
                        <i>0.998075 0 0.0620182 -0.000885943 0.999898 0.0142577 -0.0620119 -0.0142852 0.997973 -0.0497143 1.78962 1.00792</i>
                        <i>0.997573 -1.0842e-019 0.0696273 -0.0010476 0.999887 0.0150093 -0.0696194 -0.0150459 0.99746 -0.058967 1.78713 1.00792</i>
                        <i>0.99709 -1.0842e-019 0.0762311 -0.0011548 0.999885 0.0151046 -0.0762224 -0.0151487 0.996976 -0.0680539 1.78471 1.00792</i>
                        <i>0.996653 0 0.0817459 -0.001187 0.999895 0.014472 -0.0817373 -0.0145206 0.996548 -0.0768092 1.78242 1.00792</i>
                        <i>0.996288 0 0.0860877 -0.00111679 0.999916 0.0129246 -0.0860804 -0.0129727 0.996204 -0.0850674 1.78029 1.00792</i>
                        <i>0.996016 5.42101e-020 0.0891727 -0.000936109 0.999945 0.0104559 -0.0891678 -0.0104977 0.995961 -0.0926624 1.77839 1.00792</i>
                        <i>0.995858 0 0.0909169 -0.000663229 0.999973 0.00726468 -0.0909144 -0.00729489 0.995832 -0.0994286 1.77675 1.00792</i>
                        <i>0.995829 -2.71051e-020 0.0912358 -0.000325133 0.999994 0.00354879 -0.0912353 -0.00356366 0.995823 -0.1052 1.77542 1.00792</i>
                        <i>0.995938 0 0.0900447 4.47127e-005 1 -0.000494544 -0.0900447 0.000496561 0.995938 -0.109811 1.77445 1.00792</i>
                        <i>0.996186 0 0.0872578 0.000408916 0.999989 -0.00466842 -0.0872569 0.00468629 0.996175 -0.113096 1.7739 1.00792</i>
                        <i>0.996542 -5.42101e-020 0.0830956 0.000731744 0.999961 -0.0087756 -0.0830924 0.00880605 0.996503 -0.114889 1.77379 1.00792</i>
                        <i>0.996962 0 0.0778891 0.000985795 0.99992 -0.0126179 -0.0778829 0.0126564 0.996882 -0.115025 1.77405 1.00792</i>
                        <i>0.997425 -1.0842e-019 0.0717189 0.00115022 0.999871 -0.0159966 -0.0717097 0.0160379 0.997297 -0.113337 1.77453 1.00792</i>
                        <i>0.997907 1.0842e-019 0.0646654 0.00121255 0.999824 -0.018712 -0.0646541 0.0187512 0.997732 -0.110122 1.77522 1.00792</i>
                        <i>0.998385 0 0.0568094 0.00117011 0.999788 -0.0205638 -0.0567974 0.0205971 0.998173 -0.105839 1.77611 1.00792</i>
                        <i>0.998836 1.0842e-019 0.0482319 0.00103101 0.999771 -0.0213513 -0.0482209 0.0213762 0.998608 -0.100568 1.77716 1.00792</i>
                        <i>0.999239 0 0.0390143 0.00082968 0.999774 -0.0212499 -0.0390055 0.021266 0.999013 -0.0943866 1.77838 1.00792</i>
                        <i>0.999572 -5.42101e-020 0.0292384 0.000602916 0.999787 -0.0206119 -0.0292321 0.0206207 0.99936 -0.087375 1.77973 1.00792</i>
                        <i>0.99982 2.71051e-020 0.0189862 0.000370337 0.99981 -0.019502 -0.0189826 0.0195056 0.99963 -0.0796116 1.78121 1.00792</i>
                        <i>0.999965 0 0.00834044 0.00015001 0.999838 -0.0179853 -0.00833909 0.0179859 0.999803 -0.0711755 1.78279 1.00792</i>
                        <i>0.999997 0 -0.00261619 -4.21917e-005 0.99987 -0.0161271 0.00261585 0.0161272 0.999867 -0.0621457 1.78447 1.00792</i>
                        <i>0.999905 0 -0.0138006 -0.000193135 0.999902 -0.0139933 0.0137993 0.0139947 0.999807 -0.0526011 1.78621 1.00792</i>
                        <i>0.999684 0 -0.0251296 -0.000292855 0.999932 -0.0116501 0.0251279 0.0116538 0.999616 -0.0426207 1.78801 1.00792</i>
                        <i>0.999333 2.71051e-020 -0.0365199 -0.000334885 0.999958 -0.00916383 0.0365183 0.00916995 0.999291 -0.0322834 1.78985 1.00792</i>
                        <i>0.998853 0 -0.0478881 -0.000316471 0.999978 -0.00660097 0.0478871 0.00660855 0.998831 -0.0216682 1.7917 1.00792</i>
                        <i>0.998249 1.35525e-020 -0.0591514 -0.000238675 0.999992 -0.00402793 0.0591509 0.00403499 0.998241 -0.0108541 1.79356 1.00792</i>
                        <i>0.997531 -6.77626e-021 -0.0702268 -0.000106373 0.999999 -0.00151097 0.0702267 0.00151471 0.99753 8.00135e-005 1.79541 1.00792</i>
                        <i>0.996711 0 -0.0810318 7.18659e-005 1 0.000883969 0.0810318 -0.000886885 0.996711 0.0110551 1.79723 1.00792</i>
                        <i>0.995806 0 -0.0914844 0.000284002 0.999995 0.00309136 0.0914839 -0.00310438 0.995802 0.0219921 1.799 1.00792</i>
                        <i>0.994835 0 -0.101503 0.000514859 0.999987 0.00504616 0.101502 -0.00507236 0.994822 0.0328122 1.8007 1.00792</i>
                        <i>0.99382 0 -0.111006 0.000746564 0.999977 0.00668385 0.111004 -0.00672542 0.993797 0.0434364 1.80232 1.00792</i>
                        <i>0.992784 0 -0.119914 0.000959094 0.999968 0.00794045 0.11991 -0.00799816 0.992752 0.0537857 1.80385 1.00792</i>
                        <i>0.991755 -1.0842e-019 -0.128147 0.00113092 0.999961 0.00875244 0.128142 -0.0088252 0.991717 0.0637811 1.80526 1.00792</i>
                        <i>0.99076 2.1684e-019 -0.135624 0.00123976 0.999958 0.00905669 0.135618 -0.00914115 0.990719 0.0733438 1.80653 1.00792</i>
                        <i>0.989828 0 -0.142267 0.00123931 0.999962 0.00862253 0.142261 -0.00871114 0.989791 0.0823946 1.80766 1.00792</i>
                        <i>0.988988 1.0842e-019 -0.147997 0.00110129 0.999972 0.00735935 0.147993 -0.00744129 0.988961 0.0908546 1.80861 1.00792</i>
                        <i>0.988267 1.0842e-019 -0.152735 0.000836627 0.999985 0.00541338 0.152732 -0.00547765 0.988252 0.0986449 1.80939 1.00792</i>
                        <i>0.987693 0 -0.156402 0.00046393 0.999996 0.00292976 0.156402 -0.00296626 0.987689 0.105686 1.81004 1.00792</i>
                        <i>0.987291 0 -0.15892 8.45905e-006 1 5.25519e-005 0.15892 -5.32283e-005 0.987291 0.1119 1.81063 1.00792</i>
                        <i>0.987209 -5.42101e-020 -0.159433 -0.000496692 0.999995 -0.00307552 0.159432 0.00311537 0.987204 0.117208 1.81116 1.00792</i>
                        <i>0.987549 1.0842e-019 -0.157314 -0.00100578 0.99998 -0.00631384 0.157311 0.00639345 0.987528 0.121529 1.8116 1.00792</i>
                        <i>0.988252 0 -0.15283 -0.0014725 0.999954 -0.00952167 0.152823 0.00963485 0.988207 0.124787 1.81196 1.00792</i>
                        <i>0.989249 0 -0.146244 -0.00185635 0.999919 -0.012557 0.146233 0.0126935 0.989169 0.125666 1.81222 1.00792</i>
                        <i>0.990457 -2.1684e-019 -0.137819 -0.00212563 0.999881 -0.0152762 0.137802 0.0154234 0.99034 0.123198 1.81236 1.00792</i>
                        <i>0.991798 2.1684e-019 -0.127816 -0.00225958 0.999844 -0.0175334 0.127796 0.0176784 0.991643 0.117819 1.81239 1.00792</i>
                        <i>0.993191 0 -0.116501 -0.00224993 0.999813 -0.019181 0.116479 0.0193125 0.993005 0.109967 1.81228 1.00792</i>
                        <i>0.994563 0 -0.104139 -0.0021015 0.999796 -0.0200701 0.104118 0.0201798 0.99436 0.100077 1.81202 1.00792</i>
                        <i>0.995851 -1.0842e-019 -0.090997 -0.00181664 0.999801 -0.0198809 0.0909789 0.0199637 0.995653 0.088586 1.81162 1.00792</i>
                        <i>0.997004 0 -0.0773454 -0.00143909 0.999827 -0.0185502 0.077332 0.018606 0.996832 0.0759308 1.81104 1.00792</i>
                        <i>0.997985 0 -0.0634555 -0.00103736 0.999866 -0.0163149 0.063447 0.0163479 0.997851 0.062548 1.81029 1.00792</i>
                        <i>0.998769 0 -0.0496001 -0.000666164 0.99991 -0.0134142 0.0495956 0.0134307 0.998679 0.0488742 1.80936 1.00792</i>
                        <i>0.99935 2.71051e-020 -0.0360528 -0.000363986 0.999949 -0.0100893 0.0360509 0.0100959 0.999299 0.0353458 1.80823 1.00792</i>
                        <i>0.999733 0 -0.0230878 -0.00015203 0.999978 -0.00658311 0.0230873 0.00658486 0.999712 0.0223996 1.80688 1.00792</i>
                        <i>0.99994 0 -0.010979 -3.44639e-005 0.999995 -0.00313888 0.010979 0.00313907 0.999935 0.0104721 1.80532 1.00792</i>
                        <i>1 0 0 0 1 0 0 0 1 -6.07297e-009 1.80353 1.00792</i>
                    </KeyFrames>
                </p>
            </i>
            <i>
                <p>
                    <Name><![CDATA[straw_3]]></Name>
                    <Exclude>0</Exclude>
                    <Additive>0</Additive>
                    <IKPriority>0</IKPriority>
                    <IKRotLimits>-1e+010 -1e+010 -1e+010 1e+010 1e+010 1e+010</IKRotLimits>
                    <IKRotLimitOrder>0</IKRotLimitOrder>
                    <KeyFrames count="61">
                        <i>1 0 0.000792299 0 1 0 -0.000792299 0 1 -6.07297e-009 1.80353 2.05508</i>
                        <i>0.99991 -4.88408e-006 0.0133961 -4.09451e-005 0.999994 0.00342081 -0.0133961 -0.00342105 0.999904 -0.019182 1.79825 2.055</i>
                        <i>0.999639 -2.22776e-005 0.0268556 -0.000167519 0.999975 0.00706503 -0.0268551 -0.00706698 0.999614 -0.038676 1.79299 2.05477</i>
                        <i>0.999165 -6.03427e-005 0.0408661 -0.000380483 0.999942 0.0107792 -0.0408643 -0.0107858 0.999106 -0.0582254 1.78788 2.05443</i>
                        <i>0.99848 -0.000122075 0.0551225 -0.000673281 0.999896 0.0144101 -0.0551186 -0.0144253 0.998376 -0.0775742 1.78304 2.05399</i>
                        <i>0.997594 -0.000205266 0.0693206 -0.00103149 0.999841 0.0178048 -0.0693132 -0.0178335 0.997436 -0.0964674 1.77859 2.05349</i>
                        <i>0.996536 -0.00030278 0.0831567 -0.00143284 0.999782 0.0208112 -0.0831449 -0.0208583 0.996319 -0.11465 1.77466 2.05295</i>
                        <i>0.995349 -0.000403154 0.0963292 -0.00184793 0.999727 0.0232783 -0.0963123 -0.0233481 0.995077 -0.131869 1.77137 2.05242</i>
                        <i>0.994092 -0.000491507 0.108538 -0.00224141 0.999683 0.0250559 -0.108516 -0.0251511 0.993776 -0.147871 1.76885 2.05191</i>
                        <i>0.992836 -0.000550773 0.119486 -0.0025739 0.999659 0.025995 -0.11946 -0.0261163 0.992495 -0.162401 1.76721 2.05146</i>
                        <i>0.99166 -0.000558262 0.128878 -0.00279442 0.999662 0.0258321 -0.128849 -0.0259768 0.991324 -0.175207 1.76671 2.0511</i>
                        <i>0.990651 -0.000499047 0.136419 -0.00286813 0.999696 0.024485 -0.136389 -0.0246474 0.990349 -0.186035 1.76739 2.05085</i>
                        <i>0.989893 -0.000373719 0.141814 -0.00278538 0.999752 0.0220772 -0.141787 -0.022249 0.989647 -0.19463 1.76911 2.05071</i>
                        <i>0.989465 -0.000192054 0.144771 -0.00254648 0.999821 0.0187308 -0.144748 -0.0189021 0.989288 -0.200738 1.77169 2.0507</i>
                        <i>0.989433 2.74646e-005 0.144992 -0.00216241 0.999892 0.014567 -0.144976 -0.0147266 0.989326 -0.204102 1.77497 2.05082</i>
                        <i>0.989841 0.000258993 0.142179 -0.00165565 0.999952 0.00970504 -0.14217 -0.00984184 0.989793 -0.204468 1.7788 2.05107</i>
                        <i>0.990573 0.000477273 0.136982 -0.000825905 0.999997 0.00248826 -0.136981 -0.00257794 0.99057 -0.2019 1.78301 2.05141</i>
                        <i>0.991471 0.000667083 0.130324 0.00033408 0.999971 -0.0076601 -0.130325 0.00763831 0.991442 -0.19658 1.7873 2.05181</i>
                        <i>0.992491 0.000815094 0.122312 0.00152016 0.999818 -0.0189981 -0.122305 0.0190414 0.99231 -0.188428 1.79133 2.05225</i>
                        <i>0.993588 0.000910861 0.113055 0.00247184 0.999553 -0.0297771 -0.113032 0.0298656 0.993142 -0.177824 1.79486 2.0527</i>
                        <i>0.994716 0.0009474 0.102662 0.00299505 0.999264 -0.0382412 -0.102623 0.0383466 0.993981 -0.165315 1.79768 2.05316</i>
                        <i>0.995828 0.000921643 0.0912425 0.00298117 0.999086 -0.0426285 -0.0911985 0.0427227 0.994916 -0.151062 1.79955 2.05362</i>
                        <i>0.996882 0.000849842 0.0789061 0.00258955 0.999051 -0.0434759 -0.0788682 0.0435446 0.995934 -0.135231 1.80065 2.05404</i>
                        <i>0.997835 0.000754059 0.0657634 0.00205832 0.999086 -0.0426869 -0.0657355 0.0427298 0.996922 -0.117986 1.80133 2.05441</i>
                        <i>0.998651 0.000642956 0.0519264 0.00146493 0.999177 -0.0405454 -0.0519097 0.0405667 0.997828 -0.0994894 1.80164 2.05469</i>
