<?xml version="1.0" encoding="ISO-8859-1" ?>
<Animl Version="1">
    <ModellingPackage><![CDATA[Maya.2010]]></ModellingPackage>
    <SrcFile><![CDATA[anims\turrets\special\blue\~src\flamelube\flamelube_reload.mb]]></SrcFile>
    <FramesPerSecond>30</FramesPerSecond>
    <TotalFrames>91</TotalFrames>
    <Skeleton>
        <RefFrame>
            <Name><![CDATA[flamelube_ref_frame]]></Name>
            <Exclude>0</Exclude>
            <Additive>0</Additive>
            <IKPriority>0</IKPriority>
            <IKRotLimits>-1e+010 -1e+010 -1e+010 1e+010 1e+010 1e+010</IKRotLimits>
            <IKRotLimitOrder>0</IKRotLimitOrder>
            <KeyFrames count="91">
                <i>1 0 0 0 1 0 0 0 1 0 0 0</i>
                <i>1 0 0 0 1 0 0 0 1 0 0 0</i>
                <i>1 0 0 0 1 0 0 0 1 0 0 0</i>
                <i>1 0 0 0 1 0 0 0 1 0 0 0</i>
                <i>1 0 0 0 1 0 0 0 1 0 0 0</i>
                <i>1 0 0 0 1 0 0 0 1 0 0 0</i>
                <i>1 0 0 0 1 0 0 0 1 0 0 0</i>
                <i>1 0 0 0 1 0 0 0 1 0 0 0</i>
                <i>1 0 0 0 1 0 0 0 1 0 0 0</i>
                <i>1 0 0 0 1 0 0 0 1 0 0 0</i>
                <i>1 0 0 0 1 0 0 0 1 0 0 0</i>
                <i>1 0 0 0 1 0 0 0 1 0 0 0</i>
                <i>1 0 0 0 1 0 0 0 1 0 0 0</i>
                <i>1 0 0 0 1 0 0 0 1 0 0 0</i>
                <i>1 0 0 0 1 0 0 0 1 0 0 0</i>
                <i>1 0 0 0 1 0 0 0 1 0 0 0</i>
                <i>1 0 0 0 1 0 0 0 1 0 0 0</i>
                <i>1 0 0 0 1 0 0 0 1 0 0 0</i>
                <i>1 0 0 0 1 0 0 0 1 0 0 0</i>
                <i>1 0 0 0 1 0 0 0 1 0 0 0</i>
                <i>1 0 0 0 1 0 0 0 1 0 0 0</i>
                <i>1 0 0 0 1 0 0 0 1 0 0 0</i>
                <i>1 0 0 0 1 0 0 0 1 0 0 0</i>
                <i>1 0 0 0 1 0 0 0 1 0 0 0</i>
                <i>1 0 0 0 1 0 0 0 1 0 0 0</i>
                <i>1 0 0 0 1 0 0 0 1 0 0 0</i>
                <i>1 0 0 0 1 0 0 0 1 0 0 0</i>
                <i>1 0 0 0 1 0 0 0 1 0 0 0</i>
                <i>1 0 0 0 1 0 0 0 1 0 0 0</i>
                <i>1 0 0 0 1 0 0 0 1 0 0 0</i>
                <i>1 0 0 0 1 0 0 0 1 0 0 0</i>
                <i>1 0 0 0 1 0 0 0 1 0 0 0</i>
                <i>1 0 0 0 1 0 0 0 1 0 0 0</i>
                <i>1 0 0 0 1 0 0 0 1 0 0 0</i>
                <i>1 0 0 0 1 0 0 0 1 0 0 0</i>
                <i>1 0 0 0 1 0 0 0 1 0 0 0</i>
                <i>1 0 0 0 1 0 0 0 1 0 0 0</i>
                <i>1 0 0 0 1 0 0 0 1 0 0 0</i>
                <i>1 0 0 0 1 0 0 0 1 0 0 0</i>
                <i>1 0 0 0 1 0 0 0 1 0 0 0</i>
                <i>1 0 0 0 1 0 0 0 1 0 0 0</i>
                <i>1 0 0 0 1 0 0 0 1 0 0 0</i>
                <i>1 0 0 0 1 0 0 0 1 0 0 0</i>
                <i>1 0 0 0 1 0 0 0 1 0 0 0</i>
                <i>1 0 0 0 1 0 0 0 1 0 0 0</i>
                <i>1 0 0 0 1 0 0 0 1 0 0 0</i>
                <i>1 0 0 0 1 0 0 0 1 0 0 0</i>
                <i>1 0 0 0 1 0 0 0 1 0 0 0</i>
                <i>1 0 0 0 1 0 0 0 1 0 0 0</i>
                <i>1 0 0 0 1 0 0 0 1 0 0 0</i>
                <i>1 0 0 0 1 0 0 0 1 0 0 0</i>
                <i>1 0 0 0 1 0 0 0 1 0 0 0</i>
                <i>1 0 0 0 1 0 0 0 1 0 0 0</i>
                <i>1 0 0 0 1 0 0 0 1 0 0 0</i>
                <i>1 0 0 0 1 0 0 0 1 0 0 0</i>
                <i>1 0 0 0 1 0 0 0 1 0 0 0</i>
                <i>1 0 0 0 1 0 0 0 1 0 0 0</i>
                <i>1 0 0 0 1 0 0 0 1 0 0 0</i>
                <i>1 0 0 0 1 0 0 0 1 0 0 0</i>
                <i>1 0 0 0 1 0 0 0 1 0 0 0</i>
                <i>1 0 0 0 1 0 0 0 1 0 0 0</i>
                <i>1 0 0 0 1 0 0 0 1 0 0 0</i>
                <i>1 0 0 0 1 0 0 0 1 0 0 0</i>
                <i>1 0 0 0 1 0 0 0 1 0 0 0</i>
                <i>1 0 0 0 1 0 0 0 1 0 0 0</i>
                <i>1 0 0 0 1 0 0 0 1 0 0 0</i>
                <i>1 0 0 0 1 0 0 0 1 0 0 0</i>
                <i>1 0 0 0 1 0 0 0 1 0 0 0</i>
                <i>1 0 0 0 1 0 0 0 1 0 0 0</i>
                <i>1 0 0 0 1 0 0 0 1 0 0 0</i>
                <i>1 0 0 0 1 0 0 0 1 0 0 0</i>
                <i>1 0 0 0 1 0 0 0 1 0 0 0</i>
                <i>1 0 0 0 1 0 0 0 1 0 0 0</i>
                <i>1 0 0 0 1 0 0 0 1 0 0 0</i>
                <i>1 0 0 0 1 0 0 0 1 0 0 0</i>
                <i>1 0 0 0 1 0 0 0 1 0 0 0</i>
                <i>1 0 0 0 1 0 0 0 1 0 0 0</i>
                <i>1 0 0 0 1 0 0 0 1 0 0 0</i>
                <i>1 0 0 0 1 0 0 0 1 0 0 0</i>
                <i>1 0 0 0 1 0 0 0 1 0 0 0</i>
                <i>1 0 0 0 1 0 0 0 1 0 0 0</i>
                <i>1 0 0 0 1 0 0 0 1 0 0 0</i>
                <i>1 0 0 0 1 0 0 0 1 0 0 0</i>
                <i>1 0 0 0 1 0 0 0 1 0 0 0</i>
                <i>1 0 0 0 1 0 0 0 1 0 0 0</i>
                <i>1 0 0 0 1 0 0 0 1 0 0 0</i>
                <i>1 0 0 0 1 0 0 0 1 0 0 0</i>
                <i>1 0 0 0 1 0 0 0 1 0 0 0</i>
                <i>1 0 0 0 1 0 0 0 1 0 0 0</i>
                <i>1 0 0 0 1 0 0 0 1 0 0 0</i>
                <i>1 0 0 0 1 0 0 0 1 0 0 0</i>
            </KeyFrames>
        </RefFrame>
        <Bones count="11">
            <i>
                <p>
                    <Name><![CDATA[flamelube_root]]></Name>
                    <Exclude>0</Exclude>
                    <Additive>0</Additive>
                    <IKPriority>0</IKPriority>
                    <IKRotLimits>-1e+010 -1e+010 -1e+010 1e+010 1e+010 1e+010</IKRotLimits>
                    <IKRotLimitOrder>0</IKRotLimitOrder>
                    <KeyFrames count="91">
                        <i>1 0 0 0 1 0 0 0 1 0 0 0</i>
                        <i>1 0 0 0 1 0 0 0 1 0 0 0</i>
                        <i>1 0 0 0 1 0 0 0 1 0 0 0</i>
                        <i>1 0 0 0 1 0 0 0 1 0 0 0</i>
                        <i>1 0 0 0 1 0 0 0 1 0 0 0</i>
                        <i>1 0 0 0 1 0 0 0 1 0 0 0</i>
                        <i>1 0 0 0 1 0 0 0 1 0 0 0</i>
                        <i>1 0 0 0 1 0 0 0 1 0 0 0</i>
                        <i>1 0 0 0 1 0 0 0 1 0 0 0</i>
                        <i>1 0 0 0 1 0 0 0 1 0 0 0</i>
                        <i>1 0 0 0 1 0 0 0 1 0 0 0</i>
                        <i>1 0 0 0 1 0 0 0 1 0 0 0</i>
                        <i>1 0 0 0 1 0 0 0 1 0 0 0</i>
                        <i>1 0 0 0 1 0 0 0 1 0 0 0</i>
                        <i>1 0 0 0 1 0 0 0 1 0 0 0</i>
                        <i>1 0 0 0 1 0 0 0 1 0 0 0</i>
                        <i>1 0 0 0 1 0 0 0 1 0 0 0</i>
                        <i>1 0 0 0 1 0 0 0 1 0 0 0</i>
                        <i>1 0 0 0 1 0 0 0 1 0 0 0</i>
                        <i>1 0 0 0 1 0 0 0 1 0 0 0</i>
                        <i>1 0 0 0 1 0 0 0 1 0 0 0</i>
                        <i>1 0 0 0 1 0 0 0 1 0 0 0</i>
                        <i>1 0 0 0 1 0 0 0 1 0 0 0</i>
                        <i>1 0 0 0 1 0 0 0 1 0 0 0</i>
                        <i>1 0 0 0 1 0 0 0 1 0 0 0</i>
                        <i>1 0 0 0 1 0 0 0 1 0 0 0</i>
                        <i>1 0 0 0 1 0 0 0 1 0 0 0</i>
                        <i>1 0 0 0 1 0 0 0 1 0 0 0</i>
                        <i>1 0 0 0 1 0 0 0 1 0 0 0</i>
                        <i>1 0 0 0 1 0 0 0 1 0 0 0</i>
                        <i>1 0 0 0 1 0 0 0 1 0 0 0</i>
                        <i>1 0 0 0 1 0 0 0 1 0 0 0</i>
                        <i>1 0 0 0 1 0 0 0 1 0 0 0</i>
                        <i>1 0 0 0 1 0 0 0 1 0 0 0</i>
                        <i>1 0 0 0 1 0 0 0 1 0 0 0</i>
                        <i>1 0 0 0 1 0 0 0 1 0 0 0</i>
                        <i>1 0 0 0 1 0 0 0 1 0 0 0</i>
                        <i>1 0 0 0 1 0 0 0 1 0 0 0</i>
                        <i>1 0 0 0 1 0 0 0 1 0 0 0</i>
                        <i>1 0 0 0 1 0 0 0 1 0 0 0</i>
                        <i>1 0 0 0 1 0 0 0 1 0 0 0</i>
                        <i>1 0 0 0 1 0 0 0 1 0 0 0</i>
                        <i>1 0 0 0 1 0 0 0 1 0 0 0</i>
                        <i>1 0 0 0 1 0 0 0 1 0 0 0</i>
                        <i>1 0 0 0 1 0 0 0 1 0 0 0</i>
                        <i>1 0 0 0 1 0 0 0 1 0 0 0</i>
                        <i>1 0 0 0 1 0 0 0 1 0 0 0</i>
                        <i>1 0 0 0 1 0 0 0 1 0 0 0</i>
                        <i>1 0 0 0 1 0 0 0 1 0 0 0</i>
                        <i>1 0 0 0 1 0 0 0 1 0 0 0</i>
                        <i>1 0 0 0 1 0 0 0 1 0 0 0</i>
                        <i>1 0 0 0 1 0 0 0 1 0 0 0</i>
                        <i>1 0 0 0 1 0 0 0 1 0 0 0</i>
                        <i>1 0 0 0 1 0 0 0 1 0 0 0</i>
                        <i>1 0 0 0 1 0 0 0 1 0 0 0</i>
                        <i>1 0 0 0 1 0 0 0 1 0 0 0</i>
                        <i>1 0 0 0 1 0 0 0 1 0 0 0</i>
                        <i>1 0 0 0 1 0 0 0 1 0 0 0</i>
                        <i>1 0 0 0 1 0 0 0 1 0 0 0</i>
                        <i>1 0 0 0 1 0 0 0 1 0 0 0</i>
                        <i>1 0 0 0 1 0 0 0 1 0 0 0</i>
                        <i>1 0 0 0 1 0 0 0 1 0 0 0</i>
                        <i>1 0 0 0 1 0 0 0 1 0 0 0</i>
                        <i>1 0 0 0 1 0 0 0 1 0 0 0</i>
                        <i>1 0 0 0 1 0 0 0 1 0 0 0</i>
                        <i>1 0 0 0 1 0 0 0 1 0 0 0</i>
                        <i>1 0 0 0 1 0 0 0 1 0 0 0</i>
                        <i>1 0 0 0 1 0 0 0 1 0 0 0</i>
                        <i>1 0 0 0 1 0 0 0 1 0 0 0</i>
                        <i>1 0 0 0 1 0 0 0 1 0 0 0</i>
                        <i>1 0 0 0 1 0 0 0 1 0 0 0</i>
                        <i>1 0 0 0 1 0 0 0 1 0 0 0</i>
                        <i>1 0 0 0 1 0 0 0 1 0 0 0</i>
                        <i>1 0 0 0 1 0 0 0 1 0 0 0</i>
                        <i>1 0 0 0 1 0 0 0 1 0 0 0</i>
                        <i>1 0 0 0 1 0 0 0 1 0 0 0</i>
                        <i>1 0 0 0 1 0 0 0 1 0 0 0</i>
                        <i>1 0 0 0 1 0 0 0 1 0 0 0</i>
                        <i>1 0 0 0 1 0 0 0 1 0 0 0</i>
                        <i>1 0 0 0 1 0 0 0 1 0 0 0</i>
                        <i>1 0 0 0 1 0 0 0 1 0 0 0</i>
                        <i>1 0 0 0 1 0 0 0 1 0 0 0</i>
                        <i>1 0 0 0 1 0 0 0 1 0 0 0</i>
                        <i>1 0 0 0 1 0 0 0 1 0 0 0</i>
                        <i>1 0 0 0 1 0 0 0 1 0 0 0</i>
                        <i>1 0 0 0 1 0 0 0 1 0 0 0</i>
                        <i>1 0 0 0 1 0 0 0 1 0 0 0</i>
                        <i>1 0 0 0 1 0 0 0 1 0 0 0</i>
                        <i>1 0 0 0 1 0 0 0 1 0 0 0</i>
                        <i>1 0 0 0 1 0 0 0 1 0 0 0</i>
                        <i>1 0 0 0 1 0 0 0 1 0 0 0</i>
                    </KeyFrames>
                </p>
            </i>
            <i>
                <p>
                    <Name><![CDATA[harness]]></Name>
                    <Exclude>0</Exclude>
                    <Additive>0</Additive>
                    <IKPriority>0</IKPriority>
                    <IKRotLimits>-1e+010 -1e+010 -1e+010 1e+010 1e+010 1e+010</IKRotLimits>
                    <IKRotLimitOrder>0</IKRotLimitOrder>
                    <KeyFrames count="91">
                        <i>0.999994 0.00353376 0 -0.00353376 0.999994 0 0 0 1 -3.34947 3.74827 -0.754383</i>
                        <i>0.999993 0.00381968 0 -0.00381968 0.999993 0 0 0 1 -3.34902 3.74778 -0.754383</i>
                        <i>0.999993 0.00366485 0 -0.00366485 0.999993 0 0 0 1 -3.3493 3.74799 -0.754383</i>
                        <i>0.999995 0.00328965 0 -0.00328965 0.999995 0 0 0 1 -3.35022 3.74882 -0.754383</i>
                        <i>0.999996 0.00291445 0 -0.00291445 0.999996 0 0 0 1 -3.35168 3.75018 -0.754383</i>
                        <i>1 6.74657e-005 0 -6.74657e-005 1 0 0 0 1 -3.3536 3.75198 -0.754383</i>
                        <i>1 -0.000339552 0 0.000339552 1 0 0 0 1 -3.35588 3.75412 -0.754383</i>
                        <i>1 -0.000436165 0 0.000436165 1 0 0 0 1 -3.35842 3.75652 -0.754383</i>
                        <i>1 -0.000282422 0 0.000282422 1 0 0 0 1 -3.36113 3.75908 -0.754383</i>
                        <i>1 6.16283e-005 0 -6.16283e-005 1 0 0 0 1 -3.36393 3.76172 -0.754383</i>
                        <i>1 0.000535936 0 -0.000535936 1 0 0 0 1 -3.3667 3.76435 -0.754383</i>
                        <i>0.999999 0.00108045 0 -0.00108045 0.999999 0 0 0 1 -3.36937 3.76688 -0.754383</i>
                        <i>0.999999 0.00163513 0 -0.00163513 0.999999 0 0 0 1 -3.37183 3.76922 -0.754383</i>
                        <i>0.999998 0.00213991 0 -0.00213991 0.999998 0 0 0 1 -3.37399 3.77127 -0.754383</i>
                        <i>0.999997 0.00253476 0 -0.00253476 0.999997 0 0 0 1 -3.37577 3.77295 -0.754383</i>
                        <i>0.999996 0.00275962 0 -0.00275962 0.999996 0 0 0 1 -3.37706 3.77416 -0.754383</i>
                        <i>0.999996 0.00283397 0 -0.00283397 0.999996 0 0 0 1 -3.37784 3.77481 -0.754383</i>
                        <i>0.999996 0.00282843 0 -0.00282843 0.999996 0 0 0 1 -3.3782 3.7749 -0.754383</i>
                        <i>0.999996 0.00275965 0 -0.00275965 0.999996 0 0 0 1 -3.37822 3.77456 -0.754383</i>
                        <i>0.999996 0.00264429 0 -0.00264429 0.999996 0 0 0 1 -3.37798 3.7739 -0.754383</i>
                        <i>0.999997 0.002499 0 -0.002499 0.999997 0 0 0 1 -3.37755 3.77302 -0.754383</i>
                        <i>0.999997 0.00234043 0 -0.00234043 0.999997 0 0 0 1 -3.37701 3.77204 -0.754383</i>
                        <i>0.999998 0.00218524 0 -0.00218524 0.999998 0 0 0 1 -3.37644 3.77107 -0.754383</i>
                        <i>0.999998 0.00205007 0 -0.00205007 0.999998 0 0 0 1 -3.37591 3.77022 -0.754383</i>
                        <i>0.999998 0.0019516 0 -0.0019516 0.999998 0 0 0 1 -3.37551 3.76959 -0.754383</i>
                        <i>0.999998 0.00190645 0 -0.00190645 0.999998 0 0 0 1 -3.37531 3.76931 -0.754383</i>
                        <i>0.999998 0.0019313 0 -0.0019313 0.999998 0 0 0 1 -3.37538 3.76949 -0.754383</i>
                        <i>0.999998 0.00204279 0 -0.00204279 0.999998 0 0 0 1 -3.37581 3.77022 -0.754383</i>
                        <i>0.999997 0.00225758 0 -0.00225758 0.999997 0 0 0 1 -3.37667 3.77163 -0.754383</i>
                        <i>0.999997 0.00259233 0 -0.00259233 0.999997 0 0 0 1 -3.37804 3.77383 -0.754383</i>
                        <i>0.999995 0.00306367 0 -0.00306367 0.999995 0 0 0 1 -3.38 3.77692 -0.754383</i>
                        <i>0.999992 0.00407435 0 -0.00407435 0.999992 0 0 0 1 -3.38413 3.78352 -0.754383</i>
                        <i>0.999983 0.00581858 0 -0.00581858 0.999983 0 0 0 1 -3.39117 3.79486 -0.754383</i>
                        <i>0.999968 0.00800021 0 -0.00800021 0.999968 0 0 0 1 -3.39995 3.80903 -0.754383</i>
                        <i>0.999947 0.0103231 0 -0.0103231 0.999947 0 0 0 1 -3.40929 3.82411 -0.754383</i>
                        <i>0.999922 0.0124912 0 -0.0124912 0.999922 0 0 0 1 -3.418 3.83819 -0.754383</i>
                        <i>0.999899 0.0142083 0 -0.0142083 0.999899 0 0 0 1 -3.42491 3.84934 -0.754383</i>
                        <i>0.999877 0.0156658 0 -0.0156658 0.999877 0 0 0 1 -3.43067 3.85682 -0.754383</i>
                        <i>0.999899 0.0142083 0 -0.0142083 0.999899 0 0 0 1 -3.42491 3.84934 -0.754383</i>
                        <i>0.999962 0.00868969 0 -0.00868969 0.999962 0 0 0 1 -3.4012 3.82098 -0.754383</i>
                        <i>0.999999 0.00171007 0 -0.00171007 0.999999 0 0 0 1 -3.37041 3.78416 -0.754383</i>
                        <i>0.999984 -0.00567611 0 0.00567611 0.999984 0 0 0 1 -3.34071 3.74863 -0.754383</i>
                        <i>0.999923 -0.0124143 0 0.0124143 0.999923 0 0 0 1 -3.32027 3.72419 -0.754383</i>
                        <i>0.999802 -0.0199009 0 0.0199009 0.999802 0 0 0 1 -3.31093 3.71303 -0.754383</i>
                        <i>0.999604 -0.0281381 0 0.0281381 0.999604 0 0 0 1 -3.30844 3.71006 -0.754383</i>
                        <i>0.999422 -0.0339819 0 0.0339819 0.999422 0 0 0 1 -3.31187 3.71416 -0.754383</i>
                        <i>0.999412 -0.0342904 0 0.0342904 0.999412 0 0 0 1 -3.32027 3.72419 -0.754383</i>
                        <i>0.999563 -0.0295442 0 0.0295442 0.999563 0 0 0 1 -3.33361 3.74009 -0.754383</i>
                        <i>0.999742 -0.0227093 0 0.0227093 0.999742 0 0 0 1 -3.35121 3.76108 -0.754383</i>
                        <i>0.999897 -0.0143722 0 0.0143722 0.999897 0 0 0 1 -3.37115 3.78486 -0.754383</i>
                        <i>0.999987 -0.00512003 0 0.00512003 0.999987 0 0 0 1 -3.39154 3.80917 -0.754383</i>
                        <i>0.99999 0.00445941 0 -0.00445941 0.99999 0 0 0 1 -3.41046 3.83173 -0.754383</i>
                        <i>0.999905 0.0137781 0 -0.0137781 0.999905 0 0 0 1 -3.426 3.85026 -0.754383</i>
                        <i>0.999752 0.0222482 0 -0.0222482 0.999752 0 0 0 1 -3.43308 3.8587 -0.754383</i>
                        <i>0.999571 0.0292825 0 -0.0292825 0.999571 0 0 0 1 -3.426 3.85026 -0.754383</i>
                        <i>0.999412 0.0342945 0 -0.0342945 0.999412 0 0 0 1 -3.40745 3.82814 -0.754383</i>
                        <i>0.999326 0.0366982 0 -0.0366982 0.999326 0 0 0 1 -3.38425 3.80048 -0.754383</i>
                        <i>0.999473 0.0324671 0 -0.0324671 0.999473 0 0 0 1 -3.35975 3.77127 -0.754383</i>
                        <i>0.999787 0.0206208 0 -0.0206208 0.999787 0 0 0 1 -3.33731 3.7445 -0.754383</i>
                        <i>0.999987 0.00514555 0 -0.00514555 0.999987 0 0 0 1 -3.32027 3.72419 -0.754383</i>
                        <i>0.99995 -0.00996669 0 0.00996669 0.99995 0 0 0 1 -3.31278 3.71525 -0.754383</i>
                        <i>0.999785 -0.0207231 0 0.0207231 0.999785 0 0 0 1 -3.3141 3.71682 -0.754383</i>
                        <i>0.999681 -0.025265 0 0.025265 0.999681 0 0 0 1 -3.32027 3.72419 -0.754383</i>
                        <i>0.999685 -0.0251015 0 0.0251015 0.999685 0 0 0 1 -3.32905 3.73468 -0.754383</i>
                        <i>0.999773 -0.0212931 0 0.0212931 0.999773 0 0 0 1 -3.34011 3.74788 -0.754383</i>
                        <i>0.999889 -0.0149016 0 0.0149016 0.999889 0 0 0 1 -3.35238 3.76254 -0.754383</i>
                        <i>0.999977 -0.00680845 0 0.00680845 0.999977 0 0 0 1 -3.3648 3.77738 -0.754383</i>
                        <i>0.999998 0.00219663 0 -0.00219663 0.999998 0 0 0 1 -3.37631 3.79114 -0.754383</i>
                        <i>0.999936 0.0113234 0 -0.0113234 0.999936 0 0 0 1 -3.38585 3.80253 -0.754383</i>
                        <i>0.999804 0.0197815 0 -0.0197815 0.999804 0 0 0 1 -3.38995 3.80743 -0.754383</i>
                        <i>0.999641 0.0267814 0 -0.0267814 0.999641 0 0 0 1 -3.38585 3.80253 -0.754383</i>
                        <i>0.999548 0.0300718 0 -0.0300718 0.999548 0 0 0 1 -3.37577 3.79056 -0.754383</i>
                        <i>0.999641 0.0267814 0 -0.0267814 0.999641 0 0 0 1 -3.36306 3.77555 -0.754383</i>
                        <i>0.999865 0.016427 0 -0.016427 0.999865 0 0 0 1 -3.34944 3.75945 -0.754383</i>
                        <i>0.999996 0.00274455 0 -0.00274455 0.999996 0 0 0 1 -3.33663 3.74422 -0.754383</i>
                        <i>0.999953 -0.00965343 0 0.00965343 0.999953 0 0 0 1 -3.32633 3.73182 -0.754383</i>
                        <i>0.99987 -0.0161547 0 0.0161547 0.99987 0 0 0 1 -3.32027 3.72419 -0.754383</i>
                        <i>0.999855 -0.0170409 0 0.0170409 0.999855 0 0 0 1 -3.31804 3.7209 -0.754383</i>
                        <i>0.999872 -0.0160014 0 0.0160014 0.999872 0 0 0 1 -3.31783 3.71991 -0.754383</i>
                        <i>0.999908 -0.0135379 0 0.0135379 0.999908 0 0 0 1 -3.31928 3.72079 -0.754383</i>
                        <i>0.999948 -0.0101517 0 0.0101517 0.999948 0 0 0 1 -3.32203 3.72312 -0.754383</i>
                        <i>0.99998 -0.00634447 0 0.00634447 0.99998 0 0 0 1 -3.32571 3.72646 -0.754383</i>
                        <i>0.999997 -0.00261786 0 0.00261786 0.999997 0 0 0 1 -3.32995 3.7304 -0.754383</i>
                        <i>1 0.000526436 0 -0.000526436 1 0 0 0 1 -3.33438 3.73451 -0.754383</i>
                        <i>0.999997 0.00258672 0 -0.00258672 0.999997 0 0 0 1 -3.33865 3.73835 -0.754383</i>
                        <i>0.999994 0.00353376 0 -0.00353376 0.999994 0 0 0 1 -3.34342 3.74265 -0.754383</i>
                        <i>0.999993 0.00381968 0 -0.00381968 0.999993 0 0 0 1 -3.34937 3.74815 -0.754383</i>
                        <i>0.999993 0.00366485 0 -0.00366485 0.999993 0 0 0 1 -3.35609 3.75446 -0.754383</i>
                        <i>0.999995 0.00328965 0 -0.00328965 0.999995 0 0 0 1 -3.36321 3.76116 -0.754383</i>
                        <i>0.999996 0.00291445 0 -0.00291445 0.999996 0 0 0 1 -3.37033 3.76786 -0.754383</i>
                        <i>0.999996 0.00275962 0 -0.00275962 0.999996 0 0 0 1 -3.37706 3.77416 -0.754383</i>
                    </KeyFrames>
                </p>
            </i>
            <i>
                <p>
                    <Name><![CDATA[nozzle]]></Name>
                    <Exclude>0</Exclude>
                    <Additive>0</Additive>
                    <IKPriority>0</IKPriority>
                    <IKRotLimits>-1e+010 -1e+010 -1e+010 1e+010 1e+010 1e+010</IKRotLimits>
                    <IKRotLimitOrder>0</IKRotLimitOrder>
                    <KeyFrames count="91">
                        <i>0.999994 0.00353376 0 -0.00353376 0.999994 0 0 0 1 -0.478662 2.29759 -0.749087</i>
                        <i>0.999993 0.00381968 0 -0.00381968 0.999993 0 0 0 1 -0.444473 2.28182 -0.74923</i>
                        <i>0.999993 0.00366485 0 -0.00366485 0.999993 0 0 0 1 -0.407168 2.26331 -0.749393</i>
                        <i>0.999995 0.00328965 0 -0.00328965 0.999995 0 0 0 1 -0.368594 2.24366 -0.749566</i>
                        <i>0.999996 0.00291445 0 -0.00291445 0.999996 0 0 0 1 -0.33058 2.22451 -0.749738</i>
                        <i>1 6.74657e-005 0 -6.74657e-005 1 0 0 0 1 -0.299107 2.1993 -0.749901</i>
                        <i>1 -0.000339552 0 0.000339552 1 0 0 0 1 -0.26876 2.18396 -0.750045</i>
                        <i>1 -0.000436165 0 0.000436165 1 0 0 0 1 -0.244925 2.17311 -0.750159</i>
                        <i>1 -0.000282422 0 0.000282422 1 0 0 0 1 -0.229832 2.16758 -0.750235</i>
                        <i>1 6.16283e-005 0 -6.16283e-005 1 0 0 0 1 -0.225722 2.1682 -0.750263</i>
                        <i>1 0.000535936 0 -0.000535936 1 0 0 0 1 -0.227741 2.17232 -0.750263</i>
                        <i>0.999999 0.00108045 0 -0.00108045 0.999999 0 0 0 1 -0.22954 2.17656 -0.750263</i>
                        <i>0.999999 0.00163513 0 -0.00163513 0.999999 0 0 0 1 -0.23112 2.18063 -0.750263</i>
                        <i>0.999998 0.00213991 0 -0.00213991 0.999998 0 0 0 1 -0.232484 2.18427 -0.750263</i>
                        <i>0.999997 0.00253476 0 -0.00253476 0.999997 0 0 0 1 -0.233632 2.18719 -0.750263</i>
                        <i>0.999996 0.00275962 0 -0.00275962 0.999996 0 0 0 1 -0.234567 2.18911 -0.750263</i>
                        <i>0.999996 0.00283397 0 -0.00283397 0.999996 0 0 0 1 -0.235231 2.18999 -0.750263</i>
                        <i>0.999996 0.00282843 0 -0.00282843 0.999996 0 0 0 1 -0.235603 2.19007 -0.750263</i>
                        <i>0.999996 0.00275965 0 -0.00275965 0.999996 0 0 0 1 -0.235733 2.18952 -0.750263</i>
                        <i>0.999996 0.00264429 0 -0.00264429 0.999996 0 0 0 1 -0.235673 2.18849 -0.750263</i>
                        <i>0.999997 0.002499 0 -0.002499 0.999997 0 0 0 1 -0.235473 2.18716 -0.750263</i>
                        <i>0.999997 0.00234043 0 -0.00234043 0.999997 0 0 0 1 -0.235185 2.18568 -0.750263</i>
                        <i>0.999998 0.00218524 0 -0.00218524 0.999998 0 0 0 1 -0.234859 2.18422 -0.750263</i>
                        <i>0.999998 0.00205007 0 -0.00205007 0.999998 0 0 0 1 -0.234547 2.18294 -0.750263</i>
                        <i>0.999998 0.0019516 0 -0.0019516 0.999998 0 0 0 1 -0.234299 2.18201 -0.750263</i>
                        <i>0.999998 0.00190645 0 -0.00190645 0.999998 0 0 0 1 -0.234167 2.18159 -0.750263</i>
                        <i>0.999998 0.0019313 0 -0.0019313 0.999998 0 0 0 1 -0.234202 2.18183 -0.750263</i>
                        <i>0.999998 0.00204279 0 -0.00204279 0.999998 0 0 0 1 -0.234454 2.18292 -0.750263</i>
                        <i>0.999997 0.00225758 0 -0.00225758 0.999997 0 0 0 1 -0.234975 2.18501 -0.750263</i>
                        <i>0.999997 0.00259233 0 -0.00259233 0.999997 0 0 0 1 -0.235816 2.18826 -0.750263</i>
                        <i>0.999995 0.00306367 0 -0.00306367 0.999995 0 0 0 1 -0.237028 2.19283 -0.750263</i>
                        <i>0.999992 0.00407435 0 -0.00407435 0.999992 0 0 0 1 -0.239558 2.2026 -0.750263</i>
                        <i>0.999983 0.00581858 0 -0.00581858 0.999983 0 0 0 1 -0.243849 2.21943 -0.750263</i>
                        <i>0.999968 0.00800021 0 -0.00800021 0.999968 0 0 0 1 -0.249199 2.24047 -0.750263</i>
                        <i>0.999947 0.0103231 0 -0.0103231 0.999947 0 0 0 1 -0.254899 2.26287 -0.750263</i>
                        <i>0.999922 0.0124912 0 -0.0124912 0.999922 0 0 0 1 -0.260233 2.28379 -0.750263</i>
                        <i>0.999899 0.0142083 0 -0.0142083 0.999899 0 0 0 1 -0.264477 2.30037 -0.750263</i>
                        <i>0.999877 0.0156658 0 -0.0156658 0.999877 0 0 0 1 -0.267986 2.31246 -0.750263</i>
                        <i>0.999899 0.0142083 0 -0.0142083 0.999899 0 0 0 1 -0.264477 2.30037 -0.750263</i>
                        <i>0.999962 0.00868969 0 -0.00868969 0.999962 0 0 0 1 -0.249367 2.2546 -0.750263</i>
                        <i>0.999999 0.00171007 0 -0.00171007 0.999999 0 0 0 1 -0.229584 2.19581 -0.750263</i>
                        <i>0.999984 -0.00567611 0 0.00567611 0.999984 0 0 0 1 -0.211699 2.13713 -0.750263</i>
                        <i>0.999923 -0.0124143 0 0.0124143 0.999923 0 0 0 1 -0.202192 2.09164 -0.750263</i>
                        <i>0.999802 -0.0199009 0 0.0199009 0.999802 0 0 0 1 -0.205163 2.05718 -0.750263</i>
                        <i>0.999604 -0.0281381 0 0.0281381 0.999604 0 0 0 1 -0.216425 2.02868 -0.750263</i>
                        <i>0.999422 -0.0339819 0 0.0339819 0.999422 0 0 0 1 -0.229735 2.01473 -0.750263</i>
                        <i>0.999412 -0.0342904 0 0.0342904 0.999412 0 0 0 1 -0.23866 2.0238 -0.750263</i>
                        <i>0.999563 -0.0295442 0 0.0295442 0.999563 0 0 0 1 -0.243959 2.05436 -0.750263</i>
                        <i>0.999742 -0.0227093 0 0.0227093 0.999742 0 0 0 1 -0.250103 2.09651 -0.750263</i>
                        <i>0.999897 -0.0143722 0 0.0143722 0.999897 0 0 0 1 -0.256279 2.14621 -0.750263</i>
                        <i>0.999987 -0.00512003 0 0.00512003 0.999987 0 0 0 1 -0.261638 2.19941 -0.750263</i>
                        <i>0.99999 0.00445941 0 -0.00445941 0.99999 0 0 0 1 -0.265281 2.25202 -0.750263</i>
                        <i>0.999905 0.0137781 0 -0.0137781 0.999905 0 0 0 1 -0.266238 2.29993 -0.750263</i>
                        <i>0.999752 0.0222482 0 -0.0222482 0.999752 0 0 0 1 -0.260298 2.3352 -0.750263</i>
                        <i>0.999571 0.0292825 0 -0.0292825 0.999571 0 0 0 1 -0.242576 2.34912 -0.750263</i>
                        <i>0.999412 0.0342945 0 -0.0342945 0.999412 0 0 0 1 -0.21654 2.34299 -0.750263</i>
                        <i>0.999326 0.0366982 0 -0.0366982 0.999326 0 0 0 1 -0.189776 2.323 -0.750263</i>
                        <i>0.999473 0.0324671 0 -0.0324671 0.999473 0 0 0 1 -0.17156 2.28028 -0.750263</i>
                        <i>0.999787 0.0206208 0 -0.0206208 0.999787 0 0 0 1 -0.167007 2.21584 -0.750263</i>
                        <i>0.999987 0.00514555 0 -0.00514555 0.999987 0 0 0 1 -0.174006 2.14664 -0.750263</i>
                        <i>0.99995 -0.00996669 0 0.00996669 0.99995 0 0 0 1 -0.190712 2.09034 -0.750263</i>
                        <i>0.999785 -0.0207231 0 0.0207231 0.999785 0 0 0 1 -0.20969 2.05841 -0.750263</i>
                        <i>0.999681 -0.025265 0 0.025265 0.999681 0 0 0 1 -0.223432 2.0517 -0.750263</i>
                        <i>0.999685 -0.0251015 0 0.0251015 0.999685 0 0 0 1 -0.231938 2.06269 -0.750263</i>
                        <i>0.999773 -0.0212931 0 0.0212931 0.999773 0 0 0 1 -0.236647 2.08771 -0.750263</i>
                        <i>0.999889 -0.0149016 0 0.0149016 0.999889 0 0 0 1 -0.238368 2.12224 -0.750263</i>
                        <i>0.999977 -0.00680845 0 0.00680845 0.999977 0 0 0 1 -0.237616 2.16234 -0.750263</i>
                        <i>0.999998 0.00219663 0 -0.00219663 0.999998 0 0 0 1 -0.234711 2.20432 -0.750263</i>
                        <i>0.999936 0.0113234 0 -0.0113234 0.999936 0 0 0 1 -0.229897 2.24445 -0.750263</i>
                        <i>0.999804 0.0197815 0 -0.0197815 0.999804 0 0 0 1 -0.220929 2.2761 -0.750263</i>
                        <i>0.999641 0.0267814 0 -0.0267814 0.999641 0 0 0 1 -0.206186 2.29343 -0.750263</i>
                        <i>0.999548 0.0300718 0 -0.0300718 0.999548 0 0 0 1 -0.191154 2.29194 -0.750263</i>
                        <i>0.999641 0.0267814 0 -0.0267814 0.999641 0 0 0 1 -0.183397 2.26645 -0.750263</i>
                        <i>0.999865 0.016427 0 -0.016427 0.999865 0 0 0 1 -0.185578 2.2175 -0.750263</i>
                        <i>0.999996 0.00274455 0 -0.00274455 0.999996 0 0 0 1 -0.194158 2.15913 -0.750263</i>
                        <i>0.999953 -0.00965343 0 0.00965343 0.999953 0 0 0 1 -0.203757 2.10788 -0.750263</i>
                        <i>0.99987 -0.0161547 0 0.0161547 0.99987 0 0 0 1 -0.208321 2.07999 -0.750263</i>
                        <i>0.999855 -0.0170409 0 0.0170409 0.999855 0 0 0 1 -0.207544 2.07394 -0.750263</i>
                        <i>0.999872 -0.0160014 0 0.0160014 0.999872 0 0 0 1 -0.205626 2.07618 -0.750263</i>
                        <i>0.999908 -0.0135379 0 0.0135379 0.999908 0 0 0 1 -0.20304 2.08474 -0.750263</i>
                        <i>0.999948 -0.0101517 0 0.0101517 0.999948 0 0 0 1 -0.200267 2.09763 -0.750263</i>
                        <i>0.99998 -0.00634447 0 0.00634447 0.99998 0 0 0 1 -0.197778 2.11287 -0.750263</i>
                        <i>0.999997 -0.00261786 0 0.00261786 0.999997 0 0 0 1 -0.196026 2.12848 -0.750263</i>
                        <i>1 0.000526436 0 -0.000526436 1 0 0 0 1 -0.195439 2.14244 -0.750263</i>
                        <i>0.999997 0.00258672 0 -0.00258672 0.999997 0 0 0 1 -0.19643 2.15276 -0.750263</i>
                        <i>0.999994 0.00353376 0 -0.00353376 0.999994 0 0 0 1 -0.199703 2.16004 -0.750263</i>
                        <i>0.999993 0.00381968 0 -0.00381968 0.999993 0 0 0 1 -0.205196 2.16644 -0.750263</i>
                        <i>0.999993 0.00366485 0 -0.00366485 0.999993 0 0 0 1 -0.212169 2.17225 -0.750263</i>
                        <i>0.999995 0.00328965 0 -0.00328965 0.999995 0 0 0 1 -0.219881 2.17778 -0.750263</i>
                        <i>0.999996 0.00291445 0 -0.00291445 0.999996 0 0 0 1 -0.227594 2.1833 -0.750263</i>
                        <i>0.999996 0.00275962 0 -0.00275962 0.999996 0 0 0 1 -0.234567 2.18911 -0.750263</i>
                    </KeyFrames>
                </p>
            </i>
            <i>
                <p>
                    <Name><![CDATA[straw_1]]></Name>
                    <Exclude>0</Exclude>
                    <Additive>0</Additive>
                    <IKPriority>0</IKPriority>
                    <IKRotLimits>-1e+010 -1e+010 -1e+010 1e+010 1e+010 1e+010</IKRotLimits>
                    <IKRotLimitOrder>0</IKRotLimitOrder>
                    <KeyFrames count="91">
                        <i>1 0 0 0 1 0 0 0 1 2.29588e-009 1.80353 0.0681647</i>
                        <i>1 0 0 0 1 0 0 0 1 -3.27634e-010 1.80353 0.0681646</i>
                        <i>1 0 0 0 1 0 0 0 1 1.13567e-008 1.80353 0.0681646</i>
                        <i>1 0 0 0 1 0 0 0 1 -1.54735e-008 1.80353 0.0681647</i>
                        <i>1 0 0 0 1 0 0 0 1 3.76559e-009 1.80353 0.0681646</i>
                        <i>1 0 0 0 1 0 0 0 1 -5.02367e-010 1.80353 0.0681648</i>
                        <i>1 0 0 0 1 0 0 0 1 8.1591e-010 1.80353 0.0681647</i>
                        <i>1 0 0 0 1 0 0 0 1 2.01036e-008 1.80353 0.0681646</i>
                        <i>1 0 0 0 1 0 0 0 1 2.13677e-008 1.80353 0.0681646</i>
                        <i>1 0 0 0 1 0 0 0 1 -1.07961e-008 1.80353 0.0681647</i>
                        <i>1 0 0 0 1 0 0 0 1 8.30683e-009 1.80353 0.0681647</i>
                        <i>1 0 0 0 1 0 0 0 1 -1.0285e-008 1.80353 0.0681647</i>
                        <i>1 0 0 0 1 0 0 0 1 2.07225e-008 1.80353 0.0681647</i>
                        <i>1 0 0 0 1 0 0 0 1 4.73206e-009 1.80353 0.0681647</i>
                        <i>1 0 0 0 1 0 0 0 1 -1.68131e-008 1.80353 0.0681647</i>
                        <i>1 0 0 0 1 0 0 0 1 -1.66599e-010 1.80353 0.0681647</i>
                        <i>1 1.91736e-010 0.000589864 0 1 0 -0.000589864 9.32478e-014 1 -0.000581598 1.80353 0.0693724</i>
                        <i>0.999998 6.46311e-011 0.00188757 0 1 4.23516e-022 -0.00188757 3.24991e-013 0.999998 -0.00186112 1.80353 0.0720293</i>
                        <i>0.999995 -1.1694e-011 0.00318526 0 1 0 -0.00318526 -4.40851e-013 0.999995 -0.00314066 1.80353 0.0746862</i>
                        <i>0.999993 1.03397e-010 0.00377513 0 1 -8.47033e-022 -0.00377513 -4.6879e-013 0.999993 -0.00372226 1.80353 0.0758939</i>
                        <i>0.999996 -1.6331e-010 0.00294932 0 1 4.23516e-022 -0.00294932 6.76126e-013 0.999996 -0.00290801 1.80353 0.0742031</i>
                        <i>1 0 0 0 1 0 0 0 1 8.26409e-009 1.80353 0.0681647</i>
                        <i>0.999989 -3.9886e-011 -0.00473628 0 1 0 0.00473628 -5.14368e-013 0.999989 0.00466996 1.80353 0.0584677</i>
                        <i>0.999946 4.34865e-011 -0.0103507 0 1 0 0.0103507 4.05867e-013 0.999946 0.0102059 1.80353 0.0469725</i>
                        <i>0.999861 -2.01449e-011 -0.0166926 0 1 0 0.0166926 5.01559e-013 0.999861 0.0164595 1.80353 0.0339872</i>
                        <i>0.999721 -2.5902e-011 -0.023611 0 1 -3.38813e-021 0.023611 -1.79438e-012 0.999721 0.0232825 1.80353 0.0198195</i>
                        <i>0.999521 -2.08265e-011 -0.0309552 0 1 0 0.0309552 4.43844e-014 0.999521 0.0305265 1.80353 0.00477761</i>
                        <i>0.999256 -2.69253e-010 -0.0385742 0 1 0 0.0385742 -8.72511e-012 0.999256 0.0380433 1.80353 -0.0108306</i>
                        <i>0.998927 3.16551e-011 -0.0463169 0 1 0 0.0463169 2.28202e-012 0.998927 0.0456846 1.80353 -0.0266973</i>
                        <i>0.998539 -2.53954e-010 -0.0540327 0 1 -1.35525e-020 0.0540327 -1.34104e-011 0.998539 0.0533019 1.80353 -0.0425146</i>
                        <i>0.998103 -3.55797e-011 -0.061571 0 1 0 0.061571 5.12303e-013 0.998103 0.0607471 1.80353 -0.0579742</i>
                        <i>0.997632 -2.84299e-010 -0.0687816 0 1 0 0.0687816 -9.32453e-012 0.997632 0.0678719 1.80353 -0.0727683</i>
                        <i>0.997145 1.46092e-010 -0.0755145 0 1 2.71051e-020 0.0755145 -6.87561e-012 0.997145 0.0745278 1.80353 -0.0865891</i>
                        <i>0.996664 1.30937e-010 -0.0816201 0 1 5.42101e-020 0.0816201 5.02196e-011 0.996664 0.0805666 1.80353 -0.0991284</i>
                        <i>0.996213 -1.55586e-010 -0.0869494 0 1 0 0.0869494 -6.2314e-011 0.996213 0.08584 1.80353 -0.110078</i>
                        <i>0.995818 -2.38766e-010 -0.0913535 0 1 0 0.0913535 5.66058e-011 0.995819 0.0901998 1.80353 -0.119131</i>
                        <i>0.995507 9.72529e-011 -0.0946835 0 1 1.0842e-019 0.0946835 3.30094e-011 0.995507 0.0934974 1.80353 -0.125979</i>
                        <i>0.995305 6.87597e-010 -0.0967908 0 1 0 0.0967908 -5.35537e-011 0.995305 0.0955848 1.80353 -0.130313</i>
                        <i>0.995233 1.0307e-009 -0.0975264 0 1 1.0842e-019 0.0975264 7.11282e-011 0.995233 0.0963135 1.80353 -0.131826</i>
                        <i>0.995233 1.87243e-011 -0.0975264 0 1 5.42101e-020 0.0975264 -5.5058e-011 0.995233 0.0963136 1.80353 -0.131826</i>
                        <i>0.995233 1.60939e-010 -0.0975264 0 1 0 0.0975264 -5.14901e-013 0.995233 0.0963135 1.80353 -0.131826</i>
                        <i>0.995233 2.89865e-010 -0.0975264 0 1 0 0.0975264 3.82977e-011 0.995233 0.0963136 1.80353 -0.131826</i>
                        <i>0.995233 9.26535e-010 -0.0975264 0 1 -1.0842e-019 0.0975264 4.21779e-011 0.995233 0.0963136 1.80353 -0.131826</i>
                        <i>0.995233 5.15244e-010 -0.0975264 0 1 0 0.0975264 3.46392e-011 0.995233 0.0963136 1.80353 -0.131826</i>
                        <i>0.995233 9.07429e-010 -0.0975264 0 1 0 0.0975264 2.55071e-010 0.995233 0.0963136 1.80353 -0.131826</i>
                        <i>0.995233 -1.8785e-013 -0.0975264 0 1 0 0.0975264 9.31172e-011 0.995233 0.0963136 1.80353 -0.131826</i>
                        <i>0.995233 -1.21827e-009 -0.0975264 0 1 2.1684e-019 0.0975264 1.34189e-010 0.995233 0.0963136 1.80353 -0.131826</i>
                        <i>0.995233 3.49284e-010 -0.0975264 0 1 0 0.0975264 1.12237e-010 0.995233 0.0963136 1.80353 -0.131826</i>
                        <i>0.995233 -8.52985e-010 -0.0975264 0 1 0 0.0975264 -1.46221e-010 0.995233 0.0963136 1.80353 -0.131826</i>
                        <i>0.995233 -2.25592e-010 -0.0975264 0 1 0 0.0975264 7.39181e-011 0.995233 0.0963136 1.80353 -0.131826</i>
                        <i>0.995233 3.47566e-010 -0.0975264 0 1 0 0.0975264 -8.39907e-012 0.995233 0.0963135 1.80353 -0.131826</i>
                        <i>0.995233 1.58222e-010 -0.0975264 0 1 0 0.0975264 8.94979e-012 0.995233 0.0963135 1.80353 -0.131826</i>
                        <i>0.995233 -2.55589e-011 -0.0975264 0 1 0 0.0975264 7.88601e-011 0.995233 0.0963136 1.80353 -0.131826</i>
                        <i>0.995233 9.27233e-010 -0.0975264 0 1 -2.1684e-019 0.0975264 1.25925e-010 0.995233 0.0963136 1.80353 -0.131826</i>
                        <i>0.995233 3.69672e-010 -0.0975264 0 1 0 0.0975264 -2.02617e-010 0.995233 0.0963136 1.80353 -0.131826</i>
                        <i>0.995233 3.70199e-010 -0.0975264 0 1 4.33681e-019 0.0975264 1.29795e-010 0.995233 0.0963136 1.80353 -0.131826</i>
                        <i>0.995233 -2.67074e-009 -0.0975264 0 1 4.33681e-019 0.0975264 -2.58732e-010 0.995233 0.0963136 1.80353 -0.131826</i>
                        <i>0.995233 1.92061e-009 -0.0975264 0 1 2.1684e-019 0.0975264 2.26116e-010 0.995233 0.0963136 1.80353 -0.131826</i>
                        <i>0.995233 4.66705e-010 -0.0975264 0 1 0 0.0975264 4.10805e-011 0.995233 0.0963136 1.80353 -0.131826</i>
                        <i>0.995233 3.48735e-012 -0.0975264 0 1 -5.42101e-020 0.0975264 1.21159e-011 0.995233 0.0963136 1.80353 -0.131826</i>
                        <i>0.995233 3.91809e-010 -0.0975264 0 1 5.42101e-020 0.0975264 2.46875e-011 0.995233 0.0963136 1.80353 -0.131826</i>
                        <i>0.995233 1.00835e-009 -0.0975264 0 1 0 0.0975264 1.47742e-010 0.995233 0.0963136 1.80353 -0.131826</i>
                        <i>0.995233 1.76003e-010 -0.0975264 0 1 2.1684e-019 0.0975264 3.76688e-012 0.995233 0.0963136 1.80353 -0.131826</i>
                        <i>0.995233 6.9811e-010 -0.0975264 0 1 -2.1684e-019 0.0975264 -4.23096e-011 0.995233 0.0963136 1.80353 -0.131826</i>
                        <i>0.995233 -1.09312e-009 -0.0975264 0 1 0 0.0975264 -9.48774e-011 0.995233 0.0963136 1.80353 -0.131826</i>
                        <i>0.995233 8.07902e-011 -0.0975264 0 1 0 0.0975264 1.88449e-011 0.995233 0.0963136 1.80353 -0.131826</i>
                        <i>0.995233 9.07678e-011 -0.0975264 0 1 5.42101e-020 0.0975264 -3.00999e-011 0.995233 0.0963136 1.80353 -0.131826</i>
                        <i>0.995233 -1.45009e-010 -0.0975264 0 1 -1.35525e-020 0.0975264 -8.0311e-012 0.995233 0.0963136 1.80353 -0.131826</i>
                        <i>0.995233 -7.23074e-010 -0.0975264 0 1 0 0.0975264 2.50591e-011 0.995233 0.0963136 1.80353 -0.131826</i>
                        <i>0.995233 8.20541e-010 -0.0975264 0 1 1.0842e-019 0.0975264 1.73569e-013 0.995233 0.0963136 1.80353 -0.131826</i>
