<?xml version="1.0" encoding="ISO-8859-1" ?>
<Animl Version="1">
    <ModellingPackage><![CDATA[Maya.2010]]></ModellingPackage>
    <SrcFile><![CDATA[anims\preplaced\blue\~src\gen_usa_armor\gen_usa_armor_shutdown.mb]]></SrcFile>
    <FramesPerSecond>30</FramesPerSecond>
    <TotalFrames>166</TotalFrames>
    <Skeleton>
        <RefFrame>
            <Name><![CDATA[gen_usa_armor_ref_frame]]></Name>
            <Exclude>0</Exclude>
            <Additive>0</Additive>
            <IKPriority>0</IKPriority>
            <IKRotLimits>-1e+010 -1e+010 -1e+010 1e+010 1e+010 1e+010</IKRotLimits>
            <IKRotLimitOrder>0</IKRotLimitOrder>
            <KeyFrames count="166">
                <i>1 0 0 0 1 0 0 0 1 0 0 0</i>
                <i>1 0 0 0 1 0 0 0 1 0 0 0</i>
                <i>1 0 0 0 1 0 0 0 1 0 0 0</i>
                <i>1 0 0 0 1 0 0 0 1 0 0 0</i>
                <i>1 0 0 0 1 0 0 0 1 0 0 0</i>
                <i>1 0 0 0 1 0 0 0 1 0 0 0</i>
                <i>1 0 0 0 1 0 0 0 1 0 0 0</i>
                <i>1 0 0 0 1 0 0 0 1 0 0 0</i>
                <i>1 0 0 0 1 0 0 0 1 0 0 0</i>
                <i>1 0 0 0 1 0 0 0 1 0 0 0</i>
                <i>1 0 0 0 1 0 0 0 1 0 0 0</i>
                <i>1 0 0 0 1 0 0 0 1 0 0 0</i>
                <i>1 0 0 0 1 0 0 0 1 0 0 0</i>
                <i>1 0 0 0 1 0 0 0 1 0 0 0</i>
                <i>1 0 0 0 1 0 0 0 1 0 0 0</i>
                <i>1 0 0 0 1 0 0 0 1 0 0 0</i>
                <i>1 0 0 0 1 0 0 0 1 0 0 0</i>
                <i>1 0 0 0 1 0 0 0 1 0 0 0</i>
                <i>1 0 0 0 1 0 0 0 1 0 0 0</i>
                <i>1 0 0 0 1 0 0 0 1 0 0 0</i>
                <i>1 0 0 0 1 0 0 0 1 0 0 0</i>
                <i>1 0 0 0 1 0 0 0 1 0 0 0</i>
                <i>1 0 0 0 1 0 0 0 1 0 0 0</i>
                <i>1 0 0 0 1 0 0 0 1 0 0 0</i>
                <i>1 0 0 0 1 0 0 0 1 0 0 0</i>
                <i>1 0 0 0 1 0 0 0 1 0 0 0</i>
                <i>1 0 0 0 1 0 0 0 1 0 0 0</i>
                <i>1 0 0 0 1 0 0 0 1 0 0 0</i>
                <i>1 0 0 0 1 0 0 0 1 0 0 0</i>
                <i>1 0 0 0 1 0 0 0 1 0 0 0</i>
                <i>1 0 0 0 1 0 0 0 1 0 0 0</i>
                <i>1 0 0 0 1 0 0 0 1 0 0 0</i>
                <i>1 0 0 0 1 0 0 0 1 0 0 0</i>
                <i>1 0 0 0 1 0 0 0 1 0 0 0</i>
                <i>1 0 0 0 1 0 0 0 1 0 0 0</i>
                <i>1 0 0 0 1 0 0 0 1 0 0 0</i>
                <i>1 0 0 0 1 0 0 0 1 0 0 0</i>
                <i>1 0 0 0 1 0 0 0 1 0 0 0</i>
                <i>1 0 0 0 1 0 0 0 1 0 0 0</i>
                <i>1 0 0 0 1 0 0 0 1 0 0 0</i>
                <i>1 0 0 0 1 0 0 0 1 0 0 0</i>
                <i>1 0 0 0 1 0 0 0 1 0 0 0</i>
                <i>1 0 0 0 1 0 0 0 1 0 0 0</i>
                <i>1 0 0 0 1 0 0 0 1 0 0 0</i>
                <i>1 0 0 0 1 0 0 0 1 0 0 0</i>
                <i>1 0 0 0 1 0 0 0 1 0 0 0</i>
                <i>1 0 0 0 1 0 0 0 1 0 0 0</i>
                <i>1 0 0 0 1 0 0 0 1 0 0 0</i>
                <i>1 0 0 0 1 0 0 0 1 0 0 0</i>
                <i>1 0 0 0 1 0 0 0 1 0 0 0</i>
                <i>1 0 0 0 1 0 0 0 1 0 0 0</i>
                <i>1 0 0 0 1 0 0 0 1 0 0 0</i>
                <i>1 0 0 0 1 0 0 0 1 0 0 0</i>
                <i>1 0 0 0 1 0 0 0 1 0 0 0</i>
                <i>1 0 0 0 1 0 0 0 1 0 0 0</i>
                <i>1 0 0 0 1 0 0 0 1 0 0 0</i>
                <i>1 0 0 0 1 0 0 0 1 0 0 0</i>
                <i>1 0 0 0 1 0 0 0 1 0 0 0</i>
                <i>1 0 0 0 1 0 0 0 1 0 0 0</i>
                <i>1 0 0 0 1 0 0 0 1 0 0 0</i>
                <i>1 0 0 0 1 0 0 0 1 0 0 0</i>
                <i>1 0 0 0 1 0 0 0 1 0 0 0</i>
                <i>1 0 0 0 1 0 0 0 1 0 0 0</i>
                <i>1 0 0 0 1 0 0 0 1 0 0 0</i>
                <i>1 0 0 0 1 0 0 0 1 0 0 0</i>
                <i>1 0 0 0 1 0 0 0 1 0 0 0</i>
                <i>1 0 0 0 1 0 0 0 1 0 0 0</i>
                <i>1 0 0 0 1 0 0 0 1 0 0 0</i>
                <i>1 0 0 0 1 0 0 0 1 0 0 0</i>
                <i>1 0 0 0 1 0 0 0 1 0 0 0</i>
                <i>1 0 0 0 1 0 0 0 1 0 0 0</i>
                <i>1 0 0 0 1 0 0 0 1 0 0 0</i>
                <i>1 0 0 0 1 0 0 0 1 0 0 0</i>
                <i>1 0 0 0 1 0 0 0 1 0 0 0</i>
                <i>1 0 0 0 1 0 0 0 1 0 0 0</i>
                <i>1 0 0 0 1 0 0 0 1 0 0 0</i>
                <i>1 0 0 0 1 0 0 0 1 0 0 0</i>
                <i>1 0 0 0 1 0 0 0 1 0 0 0</i>
                <i>1 0 0 0 1 0 0 0 1 0 0 0</i>
                <i>1 0 0 0 1 0 0 0 1 0 0 0</i>
                <i>1 0 0 0 1 0 0 0 1 0 0 0</i>
                <i>1 0 0 0 1 0 0 0 1 0 0 0</i>
                <i>1 0 0 0 1 0 0 0 1 0 0 0</i>
                <i>1 0 0 0 1 0 0 0 1 0 0 0</i>
                <i>1 0 0 0 1 0 0 0 1 0 0 0</i>
                <i>1 0 0 0 1 0 0 0 1 0 0 0</i>
                <i>1 0 0 0 1 0 0 0 1 0 0 0</i>
                <i>1 0 0 0 1 0 0 0 1 0 0 0</i>
                <i>1 0 0 0 1 0 0 0 1 0 0 0</i>
                <i>1 0 0 0 1 0 0 0 1 0 0 0</i>
                <i>1 0 0 0 1 0 0 0 1 0 0 0</i>
                <i>1 0 0 0 1 0 0 0 1 0 0 0</i>
                <i>1 0 0 0 1 0 0 0 1 0 0 0</i>
                <i>1 0 0 0 1 0 0 0 1 0 0 0</i>
                <i>1 0 0 0 1 0 0 0 1 0 0 0</i>
                <i>1 0 0 0 1 0 0 0 1 0 0 0</i>
                <i>1 0 0 0 1 0 0 0 1 0 0 0</i>
                <i>1 0 0 0 1 0 0 0 1 0 0 0</i>
                <i>1 0 0 0 1 0 0 0 1 0 0 0</i>
                <i>1 0 0 0 1 0 0 0 1 0 0 0</i>
                <i>1 0 0 0 1 0 0 0 1 0 0 0</i>
                <i>1 0 0 0 1 0 0 0 1 0 0 0</i>
                <i>1 0 0 0 1 0 0 0 1 0 0 0</i>
                <i>1 0 0 0 1 0 0 0 1 0 0 0</i>
                <i>1 0 0 0 1 0 0 0 1 0 0 0</i>
                <i>1 0 0 0 1 0 0 0 1 0 0 0</i>
                <i>1 0 0 0 1 0 0 0 1 0 0 0</i>
                <i>1 0 0 0 1 0 0 0 1 0 0 0</i>
                <i>1 0 0 0 1 0 0 0 1 0 0 0</i>
                <i>1 0 0 0 1 0 0 0 1 0 0 0</i>
                <i>1 0 0 0 1 0 0 0 1 0 0 0</i>
                <i>1 0 0 0 1 0 0 0 1 0 0 0</i>
                <i>1 0 0 0 1 0 0 0 1 0 0 0</i>
                <i>1 0 0 0 1 0 0 0 1 0 0 0</i>
                <i>1 0 0 0 1 0 0 0 1 0 0 0</i>
                <i>1 0 0 0 1 0 0 0 1 0 0 0</i>
                <i>1 0 0 0 1 0 0 0 1 0 0 0</i>
                <i>1 0 0 0 1 0 0 0 1 0 0 0</i>
                <i>1 0 0 0 1 0 0 0 1 0 0 0</i>
                <i>1 0 0 0 1 0 0 0 1 0 0 0</i>
                <i>1 0 0 0 1 0 0 0 1 0 0 0</i>
                <i>1 0 0 0 1 0 0 0 1 0 0 0</i>
                <i>1 0 0 0 1 0 0 0 1 0 0 0</i>
                <i>1 0 0 0 1 0 0 0 1 0 0 0</i>
                <i>1 0 0 0 1 0 0 0 1 0 0 0</i>
                <i>1 0 0 0 1 0 0 0 1 0 0 0</i>
                <i>1 0 0 0 1 0 0 0 1 0 0 0</i>
                <i>1 0 0 0 1 0 0 0 1 0 0 0</i>
                <i>1 0 0 0 1 0 0 0 1 0 0 0</i>
                <i>1 0 0 0 1 0 0 0 1 0 0 0</i>
                <i>1 0 0 0 1 0 0 0 1 0 0 0</i>
                <i>1 0 0 0 1 0 0 0 1 0 0 0</i>
                <i>1 0 0 0 1 0 0 0 1 0 0 0</i>
                <i>1 0 0 0 1 0 0 0 1 0 0 0</i>
                <i>1 0 0 0 1 0 0 0 1 0 0 0</i>
                <i>1 0 0 0 1 0 0 0 1 0 0 0</i>
                <i>1 0 0 0 1 0 0 0 1 0 0 0</i>
                <i>1 0 0 0 1 0 0 0 1 0 0 0</i>
                <i>1 0 0 0 1 0 0 0 1 0 0 0</i>
                <i>1 0 0 0 1 0 0 0 1 0 0 0</i>
                <i>1 0 0 0 1 0 0 0 1 0 0 0</i>
                <i>1 0 0 0 1 0 0 0 1 0 0 0</i>
                <i>1 0 0 0 1 0 0 0 1 0 0 0</i>
                <i>1 0 0 0 1 0 0 0 1 0 0 0</i>
                <i>1 0 0 0 1 0 0 0 1 0 0 0</i>
                <i>1 0 0 0 1 0 0 0 1 0 0 0</i>
                <i>1 0 0 0 1 0 0 0 1 0 0 0</i>
                <i>1 0 0 0 1 0 0 0 1 0 0 0</i>
                <i>1 0 0 0 1 0 0 0 1 0 0 0</i>
                <i>1 0 0 0 1 0 0 0 1 0 0 0</i>
                <i>1 0 0 0 1 0 0 0 1 0 0 0</i>
                <i>1 0 0 0 1 0 0 0 1 0 0 0</i>
                <i>1 0 0 0 1 0 0 0 1 0 0 0</i>
                <i>1 0 0 0 1 0 0 0 1 0 0 0</i>
                <i>1 0 0 0 1 0 0 0 1 0 0 0</i>
                <i>1 0 0 0 1 0 0 0 1 0 0 0</i>
                <i>1 0 0 0 1 0 0 0 1 0 0 0</i>
                <i>1 0 0 0 1 0 0 0 1 0 0 0</i>
                <i>1 0 0 0 1 0 0 0 1 0 0 0</i>
                <i>1 0 0 0 1 0 0 0 1 0 0 0</i>
                <i>1 0 0 0 1 0 0 0 1 0 0 0</i>
                <i>1 0 0 0 1 0 0 0 1 0 0 0</i>
                <i>1 0 0 0 1 0 0 0 1 0 0 0</i>
                <i>1 0 0 0 1 0 0 0 1 0 0 0</i>
                <i>1 0 0 0 1 0 0 0 1 0 0 0</i>
                <i>1 0 0 0 1 0 0 0 1 0 0 0</i>
            </KeyFrames>
        </RefFrame>
        <Bones count="5">
            <i>
                <p>
                    <Name><![CDATA[gen_usa_armor_root]]></Name>
                    <Exclude>0</Exclude>
                    <Additive>0</Additive>
                    <IKPriority>0</IKPriority>
                    <IKRotLimits>-1e+010 -1e+010 -1e+010 1e+010 1e+010 1e+010</IKRotLimits>
                    <IKRotLimitOrder>0</IKRotLimitOrder>
                    <KeyFrames count="166">
                        <i>1 0 0 0 1 0 0 0 1 0 0 0</i>
                        <i>1 0 0 0 1 0 0 0 1 0 0 0</i>
                        <i>1 0 0 0 1 0 0 0 1 0 0 0</i>
                        <i>1 0 0 0 1 0 0 0 1 0 0 0</i>
                        <i>1 0 0 0 1 0 0 0 1 0 0 0</i>
                        <i>1 0 0 0 1 0 0 0 1 0 0 0</i>
                        <i>1 0 0 0 1 0 0 0 1 0 0 0</i>
                        <i>1 0 0 0 1 0 0 0 1 0 0 0</i>
                        <i>1 0 0 0 1 0 0 0 1 0 0 0</i>
                        <i>1 0 0 0 1 0 0 0 1 0 0 0</i>
                        <i>1 0 0 0 1 0 0 0 1 0 0 0</i>
                        <i>1 0 0 0 1 0 0 0 1 0 0 0</i>
                        <i>1 0 0 0 1 0 0 0 1 0 0 0</i>
                        <i>1 0 0 0 1 0 0 0 1 0 0 0</i>
                        <i>1 0 0 0 1 0 0 0 1 0 0 0</i>
                        <i>1 0 0 0 1 0 0 0 1 0 0 0</i>
                        <i>1 0 0 0 1 0 0 0 1 0 0 0</i>
                        <i>1 0 0 0 1 0 0 0 1 0 0 0</i>
                        <i>1 0 0 0 1 0 0 0 1 0 0 0</i>
                        <i>1 0 0 0 1 0 0 0 1 0 0 0</i>
                        <i>1 0 0 0 1 0 0 0 1 0 0 0</i>
                        <i>1 0 0 0 1 0 0 0 1 0 0 0</i>
                        <i>1 0 0 0 1 0 0 0 1 0 0 0</i>
                        <i>1 0 0 0 1 0 0 0 1 0 0 0</i>
                        <i>1 0 0 0 1 0 0 0 1 0 0 0</i>
                        <i>1 0 0 0 1 0 0 0 1 0 0 0</i>
                        <i>1 0 0 0 1 0 0 0 1 0 0 0</i>
                        <i>1 0 0 0 1 0 0 0 1 0 0 0</i>
                        <i>1 0 0 0 1 0 0 0 1 0 0 0</i>
                        <i>1 0 0 0 1 0 0 0 1 0 0 0</i>
                        <i>1 0 0 0 1 0 0 0 1 0 0 0</i>
                        <i>1 0 0 0 1 0 0 0 1 0 0 0</i>
                        <i>1 0 0 0 1 0 0 0 1 0 0 0</i>
                        <i>1 0 0 0 1 0 0 0 1 0 0 0</i>
                        <i>1 0 0 0 1 0 0 0 1 0 0 0</i>
                        <i>1 0 0 0 1 0 0 0 1 0 0 0</i>
                        <i>1 0 0 0 1 0 0 0 1 0 0 0</i>
                        <i>1 0 0 0 1 0 0 0 1 0 0 0</i>
                        <i>1 0 0 0 1 0 0 0 1 0 0 0</i>
                        <i>1 0 0 0 1 0 0 0 1 0 0 0</i>
                        <i>1 0 0 0 1 0 0 0 1 0 0 0</i>
                        <i>1 0 0 0 1 0 0 0 1 0 0 0</i>
                        <i>1 0 0 0 1 0 0 0 1 0 0 0</i>
                        <i>1 0 0 0 1 0 0 0 1 0 0 0</i>
                        <i>1 0 0 0 1 0 0 0 1 0 0 0</i>
                        <i>1 0 0 0 1 0 0 0 1 0 0 0</i>
                        <i>1 0 0 0 1 0 0 0 1 0 0 0</i>
                        <i>1 0 0 0 1 0 0 0 1 0 0 0</i>
                        <i>1 0 0 0 1 0 0 0 1 0 0 0</i>
                        <i>1 0 0 0 1 0 0 0 1 0 0 0</i>
                        <i>1 0 0 0 1 0 0 0 1 0 0 0</i>
                        <i>1 0 0 0 1 0 0 0 1 0 0 0</i>
                        <i>1 0 0 0 1 0 0 0 1 0 0 0</i>
                        <i>1 0 0 0 1 0 0 0 1 0 0 0</i>
                        <i>1 0 0 0 1 0 0 0 1 0 0 0</i>
                        <i>1 0 0 0 1 0 0 0 1 0 0 0</i>
                        <i>1 0 0 0 1 0 0 0 1 0 0 0</i>
                        <i>1 0 0 0 1 0 0 0 1 0 0 0</i>
                        <i>1 0 0 0 1 0 0 0 1 0 0 0</i>
                        <i>1 0 0 0 1 0 0 0 1 0 0 0</i>
                        <i>1 0 0 0 1 0 0 0 1 0 0 0</i>
                        <i>1 0 0 0 1 0 0 0 1 0 0 0</i>
                        <i>1 0 0 0 1 0 0 0 1 0 0 0</i>
                        <i>1 0 0 0 1 0 0 0 1 0 0 0</i>
                        <i>1 0 0 0 1 0 0 0 1 0 0 0</i>
                        <i>1 0 0 0 1 0 0 0 1 0 0 0</i>
                        <i>1 0 0 0 1 0 0 0 1 0 0 0</i>
                        <i>1 0 0 0 1 0 0 0 1 0 0 0</i>
                        <i>1 0 0 0 1 0 0 0 1 0 0 0</i>
                        <i>1 0 0 0 1 0 0 0 1 0 0 0</i>
                        <i>1 0 0 0 1 0 0 0 1 0 0 0</i>
                        <i>1 0 0 0 1 0 0 0 1 0 0 0</i>
                        <i>1 0 0 0 1 0 0 0 1 0 0 0</i>
                        <i>1 0 0 0 1 0 0 0 1 0 0 0</i>
                        <i>1 0 0 0 1 0 0 0 1 0 0 0</i>
                        <i>1 0 0 0 1 0 0 0 1 0 0 0</i>
                        <i>1 0 0 0 1 0 0 0 1 0 0 0</i>
                        <i>1 0 0 0 1 0 0 0 1 0 0 0</i>
                        <i>1 0 0 0 1 0 0 0 1 0 0 0</i>
                        <i>1 0 0 0 1 0 0 0 1 0 0 0</i>
                        <i>1 0 0 0 1 0 0 0 1 0 0 0</i>
                        <i>1 0 0 0 1 0 0 0 1 0 0 0</i>
                        <i>1 0 0 0 1 0 0 0 1 0 0 0</i>
                        <i>1 0 0 0 1 0 0 0 1 0 0 0</i>
                        <i>1 0 0 0 1 0 0 0 1 0 0 0</i>
                        <i>1 0 0 0 1 0 0 0 1 0 0 0</i>
                        <i>1 0 0 0 1 0 0 0 1 0 0 0</i>
                        <i>1 0 0 0 1 0 0 0 1 0 0 0</i>
                        <i>1 0 0 0 1 0 0 0 1 0 0 0</i>
                        <i>1 0 0 0 1 0 0 0 1 0 0 0</i>
                        <i>1 0 0 0 1 0 0 0 1 0 0 0</i>
                        <i>1 0 0 0 1 0 0 0 1 0 0 0</i>
                        <i>1 0 0 0 1 0 0 0 1 0 0 0</i>
                        <i>1 0 0 0 1 0 0 0 1 0 0 0</i>
                        <i>1 0 0 0 1 0 0 0 1 0 0 0</i>
                        <i>1 0 0 0 1 0 0 0 1 0 0 0</i>
                        <i>1 0 0 0 1 0 0 0 1 0 0 0</i>
                        <i>1 0 0 0 1 0 0 0 1 0 0 0</i>
                        <i>1 0 0 0 1 0 0 0 1 0 0 0</i>
                        <i>1 0 0 0 1 0 0 0 1 0 0 0</i>
                        <i>1 0 0 0 1 0 0 0 1 0 0 0</i>
                        <i>1 0 0 0 1 0 0 0 1 0 0 0</i>
                        <i>1 0 0 0 1 0 0 0 1 0 0 0</i>
                        <i>1 0 0 0 1 0 0 0 1 0 0 0</i>
                        <i>1 0 0 0 1 0 0 0 1 0 0 0</i>
                        <i>1 0 0 0 1 0 0 0 1 0 0 0</i>
                        <i>1 0 0 0 1 0 0 0 1 0 0 0</i>
                        <i>1 0 0 0 1 0 0 0 1 0 0 0</i>
                        <i>1 0 0 0 1 0 0 0 1 0 0 0</i>
                        <i>1 0 0 0 1 0 0 0 1 0 0 0</i>
                        <i>1 0 0 0 1 0 0 0 1 0 0 0</i>
                        <i>1 0 0 0 1 0 0 0 1 0 0 0</i>
                        <i>1 0 0 0 1 0 0 0 1 0 0 0</i>
                        <i>1 0 0 0 1 0 0 0 1 0 0 0</i>
                        <i>1 0 0 0 1 0 0 0 1 0 0 0</i>
                        <i>1 0 0 0 1 0 0 0 1 0 0 0</i>
                        <i>1 0 0 0 1 0 0 0 1 0 0 0</i>
                        <i>1 0 0 0 1 0 0 0 1 0 0 0</i>
                        <i>1 0 0 0 1 0 0 0 1 0 0 0</i>
                        <i>1 0 0 0 1 0 0 0 1 0 0 0</i>
                        <i>1 0 0 0 1 0 0 0 1 0 0 0</i>
                        <i>1 0 0 0 1 0 0 0 1 0 0 0</i>
                        <i>1 0 0 0 1 0 0 0 1 0 0 0</i>
                        <i>1 0 0 0 1 0 0 0 1 0 0 0</i>
                        <i>1 0 0 0 1 0 0 0 1 0 0 0</i>
                        <i>1 0 0 0 1 0 0 0 1 0 0 0</i>
                        <i>1 0 0 0 1 0 0 0 1 0 0 0</i>
                        <i>1 0 0 0 1 0 0 0 1 0 0 0</i>
                        <i>1 0 0 0 1 0 0 0 1 0 0 0</i>
                        <i>1 0 0 0 1 0 0 0 1 0 0 0</i>
                        <i>1 0 0 0 1 0 0 0 1 0 0 0</i>
                        <i>1 0 0 0 1 0 0 0 1 0 0 0</i>
                        <i>1 0 0 0 1 0 0 0 1 0 0 0</i>
                        <i>1 0 0 0 1 0 0 0 1 0 0 0</i>
                        <i>1 0 0 0 1 0 0 0 1 0 0 0</i>
                        <i>1 0 0 0 1 0 0 0 1 0 0 0</i>
                        <i>1 0 0 0 1 0 0 0 1 0 0 0</i>
                        <i>1 0 0 0 1 0 0 0 1 0 0 0</i>
                        <i>1 0 0 0 1 0 0 0 1 0 0 0</i>
                        <i>1 0 0 0 1 0 0 0 1 0 0 0</i>
                        <i>1 0 0 0 1 0 0 0 1 0 0 0</i>
                        <i>1 0 0 0 1 0 0 0 1 0 0 0</i>
                        <i>1 0 0 0 1 0 0 0 1 0 0 0</i>
                        <i>1 0 0 0 1 0 0 0 1 0 0 0</i>
                        <i>1 0 0 0 1 0 0 0 1 0 0 0</i>
                        <i>1 0 0 0 1 0 0 0 1 0 0 0</i>
                        <i>1 0 0 0 1 0 0 0 1 0 0 0</i>
                        <i>1 0 0 0 1 0 0 0 1 0 0 0</i>
                        <i>1 0 0 0 1 0 0 0 1 0 0 0</i>
                        <i>1 0 0 0 1 0 0 0 1 0 0 0</i>
                        <i>1 0 0 0 1 0 0 0 1 0 0 0</i>
                        <i>1 0 0 0 1 0 0 0 1 0 0 0</i>
                        <i>1 0 0 0 1 0 0 0 1 0 0 0</i>
                        <i>1 0 0 0 1 0 0 0 1 0 0 0</i>
                        <i>1 0 0 0 1 0 0 0 1 0 0 0</i>
                        <i>1 0 0 0 1 0 0 0 1 0 0 0</i>
                        <i>1 0 0 0 1 0 0 0 1 0 0 0</i>
                        <i>1 0 0 0 1 0 0 0 1 0 0 0</i>
                        <i>1 0 0 0 1 0 0 0 1 0 0 0</i>
                        <i>1 0 0 0 1 0 0 0 1 0 0 0</i>
                        <i>1 0 0 0 1 0 0 0 1 0 0 0</i>
                        <i>1 0 0 0 1 0 0 0 1 0 0 0</i>
                        <i>1 0 0 0 1 0 0 0 1 0 0 0</i>
                        <i>1 0 0 0 1 0 0 0 1 0 0 0</i>
                        <i>1 0 0 0 1 0 0 0 1 0 0 0</i>
                        <i>1 0 0 0 1 0 0 0 1 0 0 0</i>
                    </KeyFrames>
                </p>
            </i>
            <i>
                <p>
                    <Name><![CDATA[front_light]]></Name>
                    <Exclude>0</Exclude>
                    <Additive>0</Additive>
                    <IKPriority>0</IKPriority>
                    <IKRotLimits>-1e+010 -1e+010 -1e+010 1e+010 1e+010 1e+010</IKRotLimits>
                    <IKRotLimitOrder>0</IKRotLimitOrder>
                    <KeyFrames count="166">
                        <i>0.5 0 0.866025 0 1 0 -0.866025 0 0.5 -0.0427441 18.147 9.85797</i>
                        <i>0.615559 0 0.788091 0 1 0 -0.788091 0 0.615559 -0.0427441 18.147 9.85797</i>
                        <i>0.723005 0 0.690843 0 1 0 -0.690843 0 0.723005 -0.0427441 18.147 9.85797</i>
                        <i>0.818246 0 0.574868 0 1 0 -0.574868 0 0.818246 -0.0427441 18.147 9.85797</i>
                        <i>0.897179 0 0.441666 0 1 0 -0.441666 0 0.897179 -0.0427441 18.147 9.85797</i>
                        <i>0.955903 0 0.293683 0 1 0 -0.293683 0 0.955903 -0.0427441 18.147 9.85797</i>
                        <i>0.990942 0 0.134291 0 1 0 -0.134291 0 0.990942 -0.0427441 18.147 9.85797</i>
                        <i>0.999478 0 -0.0322917 0 1 0 0.0322917 0 0.999478 -0.0427441 18.147 9.85797</i>
                        <i>0.979563 0 -0.201138 0 1 0 0.201138 0 0.979563 -0.0427441 18.147 9.85797</i>
                        <i>0.930294 0 -0.366814 0 1 0 0.366814 0 0.930294 -0.0427441 18.147 9.85797</i>
                        <i>0.85195 0 -0.523623 0 1 0 0.523623 0 0.85195 -0.0427441 18.147 9.85797</i>
                        <i>0.746055 0 -0.665885 0 1 0 0.665885 0 0.746055 -0.0427441 18.147 9.85797</i>
                        <i>0.615372 0 -0.788237 0 1 0 0.788237 0 0.615372 -0.0427441 18.147 9.85797</i>
                        <i>0.463825 0 -0.885927 0 1 0 0.885927 0 0.463825 -0.0427441 18.147 9.85797</i>
                        <i>0.296335 0 -0.955084 0 1 0 0.955084 0 0.296335 -0.0427441 18.147 9.85797</i>
                        <i>0.118602 0 -0.992942 0 1 0 0.992942 0 0.118602 -0.0427441 18.147 9.85797</i>
                        <i>-0.0631752 0 -0.998002 0 1 0 0.998002 0 -0.0631752 -0.0427441 18.147 9.85797</i>
                        <i>-0.242614 0 -0.970123 0 1 0 0.970123 0 -0.242614 -0.0427441 18.147 9.85797</i>
                        <i>-0.413464 0 -0.910521 0 1 0 0.910521 0 -0.413464 -0.0427441 18.147 9.85797</i>
                        <i>-0.569928 0 -0.821695 0 1 0 0.821695 0 -0.569928 -0.0427441 18.147 9.85797</i>
                        <i>-0.706939 0 -0.707274 0 1 0 0.707274 0 -0.706939 -0.0427441 18.147 9.85797</i>
                        <i>-0.820392 0 -0.571801 0 1 0 0.571801 0 -0.820392 -0.0427441 18.147 9.85797</i>
                        <i>-0.907308 0 -0.420466 0 1 0 0.420466 0 -0.907308 -0.0427441 18.147 9.85797</i>
                        <i>-0.965926 0 -0.258819 0 1 0 0.258819 0 -0.965926 -0.0427441 18.147 9.85797</i>
                        <i>-0.995715 0 -0.0924778 0 1 0 0.0924778 0 -0.995715 -0.0427441 18.147 9.85797</i>
                        <i>-0.99732 0 0.0731574 0 1 0 -0.0731574 0 -0.99732 -0.0427441 18.147 9.85797</i>
                        <i>-0.972442 0 0.233146 0 1 0 -0.233146 0 -0.972442 -0.0427441 18.147 9.85797</i>
                        <i>-0.923661 0 0.38321 0 1 0 -0.38321 0 -0.923661 -0.0427441 18.147 9.85797</i>
                        <i>-0.854241 0 0.519878 0 1 0 -0.519878 0 -0.854241 -0.0427441 18.147 9.85797</i>
                        <i>-0.767899 0 0.640571 0 1 0 -0.640571 0 -0.767899 -0.0427441 18.147 9.85797</i>
                        <i>-0.668593 0 0.743628 0 1 0 -0.743628 0 -0.668593 -0.0427441 18.147 9.85797</i>
                        <i>-0.560307 0 0.828285 0 1 0 -0.828285 0 -0.560307 -0.0427441 18.147 9.85797</i>
                        <i>-0.446871 0 0.894598 0 1 0 -0.894598 0 -0.446871 -0.0427441 18.147 9.85797</i>
                        <i>-0.331817 0 0.943344 0 1 0 -0.943344 0 -0.331817 -0.0427441 18.147 9.85797</i>
                        <i>-0.218264 0 0.97589 0 1 0 -0.97589 0 -0.218264 -0.0427441 18.147 9.85797</i>
                        <i>-0.108854 0 0.994058 0 1 0 -0.994058 0 -0.108854 -0.0427441 18.147 9.85797</i>
                        <i>-0.00572362 0 0.999984 0 1 0 -0.999984 0 -0.00572362 -0.0427441 18.147 9.85797</i>
                        <i>0.0894989 0 0.995987 0 1 0 -0.995987 0 0.0894989 -0.0427441 18.147 9.85797</i>
                        <i>0.175654 0 0.984452 0 1 0 -0.984452 0 0.175654 -0.0427441 18.147 9.85797</i>
                        <i>0.251996 0 0.967728 0 1 0 -0.967728 0 0.251996 -0.0427441 18.147 9.85797</i>
                        <i>0.318121 0 0.94805 0 1 0 -0.94805 0 0.318121 -0.0427441 18.147 9.85797</i>
                        <i>0.373889 0 0.927473 0 1 0 -0.927473 0 0.373889 -0.0427441 18.147 9.85797</i>
                        <i>0.419333 0 0.907833 0 1 0 -0.907833 0 0.419333 -0.0427441 18.147 9.85797</i>
                        <i>0.454573 0 0.890709 0 1 0 -0.890709 0 0.454573 -0.0427441 18.147 9.85797</i>
                        <i>0.479742 0 0.87741 0 1 0 -0.87741 0 0.479742 -0.0427441 18.147 9.85797</i>
                        <i>0.494904 0 0.868948 0 1 0 -0.868948 0 0.494904 -0.0427441 18.147 9.85797</i>
                        <i>0.5 0 0.866025 0 1 0 -0.866025 0 0.5 -0.0427441 18.147 9.85797</i>
                        <i>0.5 0 0.866025 0 1 0 -0.866025 0 0.5 -0.0427441 18.147 9.85797</i>
                        <i>0.5 0 0.866025 0 1 0 -0.866025 0 0.5 -0.0427441 18.147 9.85797</i>
                        <i>0.5 0 0.866025 0 1 0 -0.866025 0 0.5 -0.0427441 18.147 9.85797</i>
                        <i>0.5 0 0.866025 0 1 0 -0.866025 0 0.5 -0.0427441 18.147 9.85797</i>
                        <i>0.5 0 0.866025 0 1 0 -0.866025 0 0.5 -0.0427441 18.147 9.85797</i>
                        <i>0.5 0 0.866025 0 1 0 -0.866025 0 0.5 -0.0427441 18.147 9.85797</i>
                        <i>0.5 0 0.866025 0 1 0 -0.866025 0 0.5 -0.0427441 18.147 9.85797</i>
                        <i>0.5 0 0.866025 0 1 0 -0.866025 0 0.5 -0.0427441 18.147 9.85797</i>
                        <i>0.5 0 0.866025 0 1 0 -0.866025 0 0.5 -0.0427441 18.147 9.85797</i>
                        <i>0.5 0 0.866025 0 1 0 -0.866025 0 0.5 -0.0427441 18.147 9.85797</i>
                        <i>0.5 0 0.866025 0 1 0 -0.866025 0 0.5 -0.0427441 18.147 9.85797</i>
                        <i>0.5 0 0.866025 0 1 0 -0.866025 0 0.5 -0.0427441 18.147 9.85797</i>
                        <i>0.5 0 0.866025 0 1 0 -0.866025 0 0.5 -0.0427441 18.147 9.85797</i>
                        <i>0.5 0 0.866025 0 1 0 -0.866025 0 0.5 -0.0427441 18.147 9.85797</i>
                        <i>0.5 0 0.866025 0 1 0 -0.866025 0 0.5 -0.0427441 18.147 9.85797</i>
                        <i>0.5 0 0.866025 0 1 0 -0.866025 0 0.5 -0.0427441 18.147 9.85797</i>
                        <i>0.5 0 0.866025 0 1 0 -0.866025 0 0.5 -0.0427441 18.147 9.85797</i>
                        <i>0.5 0 0.866025 0 1 0 -0.866025 0 0.5 -0.0427441 18.147 9.85797</i>
                        <i>0.5 0 0.866025 0 1 0 -0.866025 0 0.5 -0.0427441 18.147 9.85797</i>
                        <i>0.5 0 0.866025 0 1 0 -0.866025 0 0.5 -0.0427441 18.147 9.85797</i>
                        <i>0.5 0 0.866025 0 1 0 -0.866025 0 0.5 -0.0427441 18.147 9.85797</i>
                        <i>0.5 0 0.866025 0 1 0 -0.866025 0 0.5 -0.0427441 18.147 9.85797</i>
                        <i>0.5 0 0.866025 0 1 0 -0.866025 0 0.5 -0.0427441 18.147 9.85797</i>
                        <i>0.5 0 0.866025 0 1 0 -0.866025 0 0.5 -0.0427441 18.147 9.85797</i>
                        <i>0.5 0 0.866025 0 1 0 -0.866025 0 0.5 -0.0427441 18.147 9.85797</i>
                        <i>0.5 0 0.866025 0 1 0 -0.866025 0 0.5 -0.0427441 18.147 9.85797</i>
                        <i>0.5 0 0.866025 0 1 0 -0.866025 0 0.5 -0.0427441 18.147 9.85797</i>
                        <i>0.5 0 0.866025 0 1 0 -0.866025 0 0.5 -0.0427441 18.147 9.85797</i>
                        <i>0.5 0 0.866025 0 1 0 -0.866025 0 0.5 -0.0427441 18.147 9.85797</i>
                        <i>0.5 0 0.866025 0 1 0 -0.866025 0 0.5 -0.0427441 18.147 9.85797</i>
                        <i>0.5 0 0.866025 0 1 0 -0.866025 0 0.5 -0.0427441 18.147 9.85797</i>
                        <i>0.5 0 0.866025 0 1 0 -0.866025 0 0.5 -0.0427441 18.147 9.85797</i>
                        <i>0.5 0 0.866025 0 1 0 -0.866025 0 0.5 -0.0427441 18.147 9.85797</i>
                        <i>0.5 0 0.866025 0 1 0 -0.866025 0 0.5 -0.0427441 18.147 9.85797</i>
                        <i>0.5 0 0.866025 0 1 0 -0.866025 0 0.5 -0.0427441 18.147 9.85797</i>
                        <i>0.5 0 0.866025 0 1 0 -0.866025 0 0.5 -0.0427441 18.147 9.85797</i>
                        <i>0.5 0 0.866025 0 1 0 -0.866025 0 0.5 -0.0427441 18.147 9.85797</i>
                        <i>0.5 0 0.866025 0 1 0 -0.866025 0 0.5 -0.0427441 18.147 9.85797</i>
                        <i>0.5 0 0.866025 0 1 0 -0.866025 0 0.5 -0.0427441 18.147 9.85797</i>
                        <i>0.5 0 0.866025 0 1 0 -0.866025 0 0.5 -0.0427441 18.147 9.85797</i>
                        <i>0.5 0 0.866025 0 1 0 -0.866025 0 0.5 -0.0427441 18.147 9.85797</i>
                        <i>0.5 0 0.866025 0 1 0 -0.866025 0 0.5 -0.0427441 18.147 9.85797</i>
                        <i>0.5 0 0.866025 0 1 0 -0.866025 0 0.5 -0.0427441 18.147 9.85797</i>
                        <i>0.5 0 0.866025 0 1 0 -0.866025 0 0.5 -0.0427441 18.147 9.85797</i>
                        <i>0.5 0 0.866025 0 1 0 -0.866025 0 0.5 -0.0427441 18.147 9.85797</i>
                        <i>0.5 0 0.866025 0 1 0 -0.866025 0 0.5 -0.0427441 18.147 9.85797</i>
                        <i>0.5 0 0.866025 0 1 0 -0.866025 0 0.5 -0.0427441 18.147 9.85797</i>
                        <i>0.5 0 0.866025 0 1 0 -0.866025 0 0.5 -0.0427441 18.147 9.85797</i>
                        <i>0.5 0 0.866025 0 1 0 -0.866025 0 0.5 -0.0427441 18.147 9.85797</i>
                        <i>0.5 0 0.866025 0 1 0 -0.866025 0 0.5 -0.0427441 18.147 9.85797</i>
                        <i>0.5 0 0.866025 0 1 0 -0.866025 0 0.5 -0.0427441 18.147 9.85797</i>
                        <i>0.5 0 0.866025 0 1 0 -0.866025 0 0.5 -0.0427441 18.147 9.85797</i>
                        <i>0.5 0 0.866025 0 1 0 -0.866025 0 0.5 -0.0427441 18.147 9.85797</i>
                        <i>0.5 0 0.866025 0 1 0 -0.866025 0 0.5 -0.0427441 18.147 9.85797</i>
                        <i>0.5 0 0.866025 0 1 0 -0.866025 0 0.5 -0.0427441 18.147 9.85797</i>
                        <i>0.5 0 0.866025 0 1 0 -0.866025 0 0.5 -0.0427441 18.147 9.85797</i>
                        <i>0.5 0 0.866025 0 1 0 -0.866025 0 0.5 -0.0427441 18.147 9.85797</i>
                        <i>0.5 0 0.866025 0 1 0 -0.866025 0 0.5 -0.0427441 18.147 9.85797</i>
                        <i>0.5 0 0.866025 0 1 0 -0.866025 0 0.5 -0.0427441 18.147 9.85797</i>
                        <i>0.5 0 0.866025 0 1 0 -0.866025 0 0.5 -0.0427441 18.147 9.85797</i>
                        <i>0.5 0 0.866025 0 1 0 -0.866025 0 0.5 -0.0427441 18.147 9.85797</i>
                        <i>0.5 0 0.866025 0 1 0 -0.866025 0 0.5 -0.0427441 18.147 9.85797</i>
                        <i>0.5 0 0.866025 0 1 0 -0.866025 0 0.5 -0.0427441 18.147 9.85797</i>
                        <i>0.5 0 0.866025 0 1 0 -0.866025 0 0.5 -0.0427441 18.147 9.85797</i>
                        <i>0.5 0 0.866025 0 1 0 -0.866025 0 0.5 -0.0427441 18.147 9.85797</i>
                        <i>0.5 0 0.866025 0 1 0 -0.866025 0 0.5 -0.0427441 18.147 9.85797</i>
                        <i>0.5 0 0.866025 0 1 0 -0.866025 0 0.5 -0.0427441 18.147 9.85797</i>
                        <i>0.5 0 0.866025 0 1 0 -0.866025 0 0.5 -0.0427441 18.147 9.85797</i>
                        <i>0.5 0 0.866025 0 1 0 -0.866025 0 0.5 -0.0427441 18.147 9.85797</i>
                        <i>0.5 0 0.866025 0 1 0 -0.866025 0 0.5 -0.0427441 18.147 9.85797</i>
                        <i>0.5 0 0.866025 0 1 0 -0.866025 0 0.5 -0.0427441 18.147 9.85797</i>
                        <i>0.5 0 0.866025 0 1 0 -0.866025 0 0.5 -0.0427441 18.147 9.85797</i>
                        <i>0.5 0 0.866025 0 1 0 -0.866025 0 0.5 -0.0427441 18.147 9.85797</i>
                        <i>0.5 0 0.866025 0 1 0 -0.866025 0 0.5 -0.0427441 18.147 9.85797</i>
                        <i>0.5 0 0.866025 0 1 0 -0.866025 0 0.5 -0.0427441 18.147 9.85797</i>
                        <i>0.5 0 0.866025 0 1 0 -0.866025 0 0.5 -0.0427441 18.147 9.85797</i>
                        <i>0.5 0 0.866025 0 1 0 -0.866025 0 0.5 -0.0427441 18.147 9.85797</i>
                        <i>0.5 0 0.866025 0 1 0 -0.866025 0 0.5 -0.0427441 18.147 9.85797</i>
                        <i>0.5 0 0.866025 0 1 0 -0.866025 0 0.5 -0.0427441 18.147 9.85797</i>
                        <i>0.5 0 0.866025 0 1 0 -0.866025 0 0.5 -0.0427441 18.147 9.85797</i>
                        <i>0.5 0 0.866025 0 1 0 -0.866025 0 0.5 -0.0427441 18.147 9.85797</i>
                        <i>0.5 0 0.866025 0 1 0 -0.866025 0 0.5 -0.0427441 18.147 9.85797</i>
                        <i>0.5 0 0.866025 0 1 0 -0.866025 0 0.5 -0.0427441 18.147 9.85797</i>
                        <i>0.5 0 0.866025 0 1 0 -0.866025 0 0.5 -0.0427441 18.147 9.85797</i>
                        <i>0.5 0 0.866025 0 1 0 -0.866025 0 0.5 -0.0427441 18.147 9.85797</i>
                        <i>0.5 0 0.866025 0 1 0 -0.866025 0 0.5 -0.0427441 18.147 9.85797</i>
                        <i>0.5 0 0.866025 0 1 0 -0.866025 0 0.5 -0.0427441 18.147 9.85797</i>
                        <i>0.5 0 0.866025 0 1 0 -0.866025 0 0.5 -0.0427441 18.147 9.85797</i>
                        <i>0.5 0 0.866025 0 1 0 -0.866025 0 0.5 -0.0427441 18.147 9.85797</i>
                        <i>0.5 0 0.866025 0 1 0 -0.866025 0 0.5 -0.0427441 18.147 9.85797</i>
                        <i>0.5 0 0.866025 0 1 0 -0.866025 0 0.5 -0.0427441 18.147 9.85797</i>
                        <i>0.5 0 0.866025 0 1 0 -0.866025 0 0.5 -0.0427441 18.147 9.85797</i>
                        <i>0.5 0 0.866025 0 1 0 -0.866025 0 0.5 -0.0427441 18.147 9.85797</i>
                        <i>0.5 0 0.866025 0 1 0 -0.866025 0 0.5 -0.0427441 18.147 9.85797</i>
                        <i>0.5 0 0.866025 0 1 0 -0.866025 0 0.5 -0.0427441 18.147 9.85797</i>
                        <i>0.5 0 0.866025 0 1 0 -0.866025 0 0.5 -0.0427441 18.147 9.85797</i>
                        <i>0.5 0 0.866025 0 1 0 -0.866025 0 0.5 -0.0427441 18.147 9.85797</i>
                        <i>0.5 0 0.866025 0 1 0 -0.866025 0 0.5 -0.0427441 18.147 9.85797</i>
                        <i>0.5 0 0.866025 0 1 0 -0.866025 0 0.5 -0.0427441 18.147 9.85797</i>
                        <i>0.5 0 0.866025 0 1 0 -0.866025 0 0.5 -0.0427441 18.147 9.85797</i>
                        <i>0.5 0 0.866025 0 1 0 -0.866025 0 0.5 -0.0427441 18.147 9.85797</i>
                        <i>0.5 0 0.866025 0 1 0 -0.866025 0 0.5 -0.0427441 18.147 9.85797</i>
                        <i>0.5 0 0.866025 0 1 0 -0.866025 0 0.5 -0.0427441 18.147 9.85797</i>
                        <i>0.5 0 0.866025 0 1 0 -0.866025 0 0.5 -0.0427441 18.147 9.85797</i>
                        <i>0.5 0 0.866025 0 1 0 -0.866025 0 0.5 -0.0427441 18.147 9.85797</i>
                        <i>0.5 0 0.866025 0 1 0 -0.866025 0 0.5 -0.0427441 18.147 9.85797</i>
                        <i>0.5 0 0.866025 0 1 0 -0.866025 0 0.5 -0.0427441 18.147 9.85797</i>
                        <i>0.5 0 0.866025 0 1 0 -0.866025 0 0.5 -0.0427441 18.147 9.85797</i>
                        <i>0.5 0 0.866025 0 1 0 -0.866025 0 0.5 -0.0427441 18.147 9.85797</i>
                        <i>0.5 0 0.866025 0 1 0 -0.866025 0 0.5 -0.0427441 18.147 9.85797</i>
                        <i>0.5 0 0.866025 0 1 0 -0.866025 0 0.5 -0.0427441 18.147 9.85797</i>
                        <i>0.5 0 0.866025 0 1 0 -0.866025 0 0.5 -0.0427441 18.147 9.85797</i>
                        <i>0.5 0 0.866025 0 1 0 -0.866025 0 0.5 -0.0427441 18.147 9.85797</i>
                        <i>0.5 0 0.866025 0 1 0 -0.866025 0 0.5 -0.0427441 18.147 9.85797</i>
                        <i>0.5 0 0.866025 0 1 0 -0.866025 0 0.5 -0.0427441 18.147 9.85797</i>
                        <i>0.5 0 0.866025 0 1 0 -0.866025 0 0.5 -0.0427441 18.147 9.85797</i>
                        <i>0.5 0 0.866025 0 1 0 -0.866025 0 0.5 -0.0427441 18.147 9.85797</i>
                        <i>0.5 0 0.866025 0 1 0 -0.866025 0 0.5 -0.0427441 18.147 9.85797</i>
                        <i>0.5 0 0.866025 0 1 0 -0.866025 0 0.5 -0.0427441 18.147 9.85797</i>
                    </KeyFrames>
                </p>
            </i>
            <i>
                <p>
                    <Name><![CDATA[rear_light]]></Name>
                    <Exclude>0</Exclude>
                    <Additive>0</Additive>
                    <IKPriority>0</IKPriority>
                    <IKRotLimits>-1e+010 -1e+010 -1e+010 1e+010 1e+010 1e+010</IKRotLimits>
                    <IKRotLimitOrder>0</IKRotLimitOrder>
                    <KeyFrames count="166">
                        <i>1 0 0 0 1 0 0 0 1 -0.0427441 18.147 -9.03969</i>
                        <i>0.994341 0 0.106235 0 1 0 -0.106235 0 0.994341 -0.0427441 18.147 -9.03969</i>
                        <i>0.976722 0 0.214508 0 1 0 -0.214508 0 0.976722 -0.0427441 18.147 -9.03969</i>
                        <i>0.946339 0 0.323174 0 1 0 -0.323174 0 0.946339 -0.0427441 18.147 -9.03969</i>
                        <i>0.902635 0 0.430406 0 1 0 -0.430406 0 0.902635 -0.0427441 18.147 -9.03969</i>
                        <i>0.84534 0 0.534229 0 1 0 -0.534229 0 0.84534 -0.0427441 18.147 -9.03969</i>
                        <i>0.774503 0 0.63257 0 1 0 -0.63257 0 0.774503 -0.0427441 18.147 -9.03969</i>
                        <i>0.690525 0 0.723309 0 1 0 -0.723309 0 0.690525 -0.0427441 18.147 -9.03969</i>
                        <i>0.594168 0 0.804341 0 1 0 -0.804341 0 0.594168 -0.0427441 18.147 -9.03969</i>
                        <i>0.486564 0 0.873645 0 1 0 -0.873645 0 0.486564 -0.0427441 18.147 -9.03969</i>
                        <i>0.369206 0 0.929348 0 1 0 -0.929348 0 0.369206 -0.0427441 18.147 -9.03969</i>
                        <i>0.243925 0 0.969794 0 1 0 -0.969794 0 0.243925 -0.0427441 18.147 -9.03969</i>
                        <i>0.112856 0 0.993611 0 1 0 -0.993611 0 0.112856 -0.0427441 18.147 -9.03969</i>
                        <i>-0.0216113 0 0.999766 0 1 0 -0.999766 -0 -0.0216113 -0.0427441 18.147 -9.03969</i>
                        <i>-0.156894 0 0.987615 0 1 0 -0.987615 -0 -0.156894 -0.0427441 18.147 -9.03969</i>
                        <i>-0.290285 0 0.95694 0 1 0 -0.95694 -0 -0.290285 -0.0427441 18.147 -9.03969</i>
                        <i>-0.41903 0 0.907973 0 1 0 -0.907973 -0 -0.41903 -0.0427441 18.147 -9.03969</i>
                        <i>-0.540412 0 0.841401 0 1 0 -0.841401 -0 -0.540412 -0.0427441 18.147 -9.03969</i>
                        <i>-0.651834 0 0.758362 0 1 0 -0.758362 -0 -0.651834 -0.0427441 18.147 -9.03969</i>
                        <i>-0.750899 0 0.660417 0 1 0 -0.660417 -0 -0.750899 -0.0427441 18.147 -9.03969</i>
                        <i>-0.835488 0 0.549509 0 1 0 -0.549509 -0 -0.835488 -0.0427441 18.147 -9.03969</i>
                        <i>-0.903821 0 0.42791 0 1 0 -0.42791 -0 -0.903821 -0.0427441 18.147 -9.03969</i>
                        <i>-0.954518 0 0.298152 0 1 0 -0.298152 -0 -0.954518 -0.0427441 18.147 -9.03969</i>
                        <i>-0.986634 0 0.162953 0 1 0 -0.162953 -0 -0.986634 -0.0427441 18.147 -9.03969</i>
                        <i>-0.999684 0 0.0251302 0 1 0 -0.0251302 -0 -0.999684 -0.0427441 18.147 -9.03969</i>
                        <i>-0.993654 -0 -0.112481 0 1 0 0.112481 0 -0.993654 -0.0427441 18.147 -9.03969</i>
                        <i>-0.968987 -0 -0.247112 0 1 0 0.247112 0 -0.968987 -0.0427441 18.147 -9.03969</i>
                        <i>-0.926561 -0 -0.376143 0 1 0 0.376143 0 -0.926561 -0.0427441 18.147 -9.03969</i>
                        <i>-0.86765 -0 -0.497176 0 1 0 0.497176 0 -0.86765 -0.0427441 18.147 -9.03969</i>
                        <i>-0.793867 -0 -0.608092 0 1 0 0.608092 0 -0.793867 -0.0427441 18.147 -9.03969</i>
                        <i>-0.707107 -0 -0.707107 0 1 0 0.707107 0 -0.707107 -0.0427441 18.147 -9.03969</i>
                        <i>-0.609476 -0 -0.792804 0 1 0 0.792804 0 -0.609476 -0.0427441 18.147 -9.03969</i>
                        <i>-0.503221 -0 -0.864158 0 1 0 0.864158 0 -0.503221 -0.0427441 18.147 -9.03969</i>
                        <i>-0.390651 -0 -0.920539 0 1 0 0.920539 0 -0.390651 -0.0427441 18.147 -9.03969</i>
                        <i>-0.274071 -0 -0.961709 0 1 0 0.961709 0 -0.274071 -0.0427441 18.147 -9.03969</i>
                        <i>-0.155716 -0 -0.987802 0 1 0 0.987802 0 -0.155716 -0.0427441 18.147 -9.03969</i>
                        <i>-0.0376901 -0 -0.999289 0 1 0 0.999289 0 -0.0376901 -0.0427441 18.147 -9.03969</i>
                        <i>0.0780821 0 -0.996947 0 1 0 0.996947 0 0.0780821 -0.0427441 18.147 -9.03969</i>
                        <i>0.189895 0 -0.981804 0 1 0 0.981804 0 0.189895 -0.0427441 18.147 -9.03969</i>
                        <i>0.296292 0 -0.955097 0 1 0 0.955097 0 0.296292 -0.0427441 18.147 -9.03969</i>
                        <i>0.39608 0 -0.918216 0 1 0 0.918216 0 0.39608 -0.0427441 18.147 -9.03969</i>
                        <i>0.488342 0 -0.872652 0 1 0 0.872652 0 0.488342 -0.0427441 18.147 -9.03969</i>
                        <i>0.572432 0 -0.819952 0 1 0 0.819952 0 0.572432 -0.0427441 18.147 -9.03969</i>
                        <i>0.647965 0 -0.76167 0 1 0 0.76167 0 0.647965 -0.0427441 18.147 -9.03969</i>
                        <i>0.714798 0 -0.699331 0 1 0 0.699331 0 0.714798 -0.0427441 18.147 -9.03969</i>
