<?xml version="1.0" encoding="ISO-8859-1" ?>
<Animl Version="1">
    <ModellingPackage>
        <![CDATA[Maya.2008]]>
</ModellingPackage>
    <SrcFile>
        <![CDATA[units\heavyartillery\german\anims\~src\gerhow_lvl1_fire.mb]]>
</SrcFile>
    <FramesPerSecond>30</FramesPerSecond>
    <TotalFrames>40</TotalFrames>
    <Skeleton>
        <RefFrame>
            <Name>
                <![CDATA[gerhow1_ref_frame]]>
</Name>
            <Exclude>0</Exclude>
            <Additive>0</Additive>
            <KeyFrames count="40">
                <i>1 0 0 0 1 0 0 0 1 0 1.45 0.73</i>
                <i>1 0 0 0 1 0 0 0 1 0 1.45 0.73</i>
                <i>1 0 0 0 1 0 0 0 1 0 1.45 0.73</i>
                <i>1 0 0 0 1 0 0 0 1 0 1.45 0.73</i>
                <i>1 0 0 0 1 0 0 0 1 0 1.45 0.73</i>
                <i>1 0 0 0 1 0 0 0 1 0 1.45 0.73</i>
                <i>1 0 0 0 1 0 0 0 1 0 1.45 0.73</i>
                <i>1 0 0 0 1 0 0 0 1 0 1.45 0.73</i>
                <i>1 0 0 0 1 0 0 0 1 0 1.45 0.73</i>
                <i>1 0 0 0 1 0 0 0 1 0 1.45 0.73</i>
                <i>1 0 0 0 1 0 0 0 1 0 1.45 0.73</i>
                <i>1 0 0 0 1 0 0 0 1 0 1.45 0.73</i>
                <i>1 0 0 0 1 0 0 0 1 0 1.45 0.73</i>
                <i>1 0 0 0 1 0 0 0 1 0 1.45 0.73</i>
                <i>1 0 0 0 1 0 0 0 1 0 1.45 0.73</i>
                <i>1 0 0 0 1 0 0 0 1 0 1.45 0.73</i>
                <i>1 0 0 0 1 0 0 0 1 0 1.45 0.73</i>
                <i>1 0 0 0 1 0 0 0 1 0 1.45 0.73</i>
                <i>1 0 0 0 1 0 0 0 1 0 1.45 0.73</i>
                <i>1 0 0 0 1 0 0 0 1 0 1.45 0.73</i>
                <i>1 0 0 0 1 0 0 0 1 0 1.45 0.73</i>
                <i>1 0 0 0 1 0 0 0 1 0 1.45 0.73</i>
                <i>1 0 0 0 1 0 0 0 1 0 1.45 0.73</i>
                <i>1 0 0 0 1 0 0 0 1 0 1.45 0.73</i>
                <i>1 0 0 0 1 0 0 0 1 0 1.45 0.73</i>
                <i>1 0 0 0 1 0 0 0 1 0 1.45 0.73</i>
                <i>1 0 0 0 1 0 0 0 1 0 1.45 0.73</i>
                <i>1 0 0 0 1 0 0 0 1 0 1.45 0.73</i>
                <i>1 0 0 0 1 0 0 0 1 0 1.45 0.73</i>
                <i>1 0 0 0 1 0 0 0 1 0 1.45 0.73</i>
                <i>1 0 0 0 1 0 0 0 1 0 1.45 0.73</i>
                <i>1 0 0 0 1 0 0 0 1 0 1.45 0.73</i>
                <i>1 0 0 0 1 0 0 0 1 0 1.45 0.73</i>
                <i>1 0 0 0 1 0 0 0 1 0 1.45 0.73</i>
                <i>1 0 0 0 1 0 0 0 1 0 1.45 0.73</i>
                <i>1 0 0 0 1 0 0 0 1 0 1.45 0.73</i>
                <i>1 0 0 0 1 0 0 0 1 0 1.45 0.73</i>
                <i>1 0 0 0 1 0 0 0 1 0 1.45 0.73</i>
                <i>1 0 0 0 1 0 0 0 1 0 1.45 0.73</i>
                <i>1 0 0 0 1 0 0 0 1 0 1.45 0.73</i>
            </KeyFrames>
        </RefFrame>
        <Bones count="7">
            <i>
                <p>
                    <Name>
                        <![CDATA[root]]>
</Name>
                    <Exclude>0</Exclude>
                    <Additive>0</Additive>
                    <KeyFrames count="40">
                        <i>1 0 0 0 1 0 0 0 1 0 1.45 0.73</i>
                        <i>1 0 0 0 1 0 0 0 1 0 1.45 0.73</i>
                        <i>1 0 0 0 1 0 0 0 1 0 1.45 0.661307</i>
                        <i>1 0 0 0 1 0 0 0 1 0 1.45 0.589499</i>
                        <i>0.999997 0.00228323 -6.77626e-021 -0.00228163 0.999297 -0.0374077 -8.54104e-005 0.0374076 0.9993 -0.000371223 1.60823 0.520816</i>
                        <i>0.999991 0.00429936 2.71051e-020 -0.00428362 0.99633 -0.0854882 -0.000367544 0.0854874 0.996339 -0.00157905 1.81189 0.458042</i>
                        <i>0.999982 0.00606488 0 -0.00600413 0.989966 -0.141181 -0.000856245 0.141178 0.989984 -0.00366538 2.04793 0.393641</i>
                        <i>0.999969 0.00784139 1.0842e-019 -0.0077492 0.988213 -0.15289 -0.00119887 0.152886 0.988243 -0.0051299 2.09674 0.353589</i>
                        <i>0.999958 0.00919523 0 -0.00907252 0.986614 -0.16282 -0.00149717 0.162813 0.986656 -0.00640426 2.13797 0.319732</i>
                        <i>0.999953 0.00969276 -1.0842e-019 -0.00955073 0.985301 -0.170561 -0.0016532 0.170553 0.985347 -0.00707017 2.18773 0.293586</i>
                        <i>0.999961 0.00883405 0 -0.00869662 0.984404 -0.175706 -0.00155219 0.175699 0.984443 -0.00663728 2.22627 0.27667</i>
                        <i>0.999977 0.00670999 0 -0.00660302 0.984036 -0.177846 -0.00119334 0.177842 0.984058 -0.00510254 2.25237 0.270459</i>
                        <i>0.999993 0.00377319 5.42101e-020 -0.00371391 0.984281 -0.176569 -0.00066623 0.176568 0.984288 -0.00284878 2.26476 0.271441</i>
                        <i>0.999999 -0.00101219 -1.35525e-020 0.000997197 0.985191 -0.171458 0.000173548 0.171458 0.985191 0.000742184 2.26678 0.275303</i>
                        <i>0.999978 -0.00661024 0 0.00652283 0.986755 -0.162086 0.00107142 0.162082 0.986777 0.00458321 2.22152 0.287787</i>
                        <i>0.999955 -0.00946083 -1.0842e-019 0.00936038 0.989339 -0.145332 0.00137496 0.145325 0.989383 0.00588494 2.14397 0.314962</i>
                        <i>0.999955 -0.00949393 0 0.00943031 0.993255 -0.115568 0.0010972 0.115563 0.9933 0.00470262 2.01033 0.35645</i>
                        <i>0.999959 -0.0090721 0 0.00905076 0.997607 -0.0685394 0.000621796 0.0685366 0.997648 0.00267737 1.80264 0.406897</i>
                        <i>0.999966 -0.00828433 0 0.00828433 0.999966 0 0 0 1 2.75801e-005 1.50297 0.454343</i>
                        <i>0.999974 -0.00721964 6.77626e-021 0.00721934 0.999934 -0.00898266 6.48515e-005 0.00898243 0.99996 0.000300134 1.53308 0.495151</i>
                        <i>0.999982 -0.005967 6.77626e-021 0.00596604 0.999821 -0.0179646 0.000107195 0.0179643 0.999839 0.000476234 1.56311 0.537787</i>
                        <i>0.999989 -0.00461544 0 0.00461431 0.999746 -0.0220468 0.000101756 0.0220466 0.999757 0.000448579 1.57236 0.581151</i>
                        <i>0.999995 -0.00325395 0 0.00325342 0.999833 -0.0179646 5.84558e-005 0.0179645 0.999839 0.000259702 1.5471 0.624151</i>
                        <i>0.999998 -0.00197153 1.69407e-021 0.00197146 0.999958 -0.00898265 1.77096e-005 0.00898263 0.99996 8.19605e-005 1.50137 0.664618</i>
                        <i>1 -0.000857218 0 0.000857218 1 0 0 0 1 2.85384e-006 1.4562 0.700397</i>
                        <i>1 0 0 0 0.999978 -0.00661226 0 0.00661226 0.999978 0 1.47815 0.729885</i>
                        <i>1 0.000213703 -2.11758e-022 -0.000213684 0.999913 -0.0132242 -2.82605e-006 0.0132242 0.999913 -1.27431e-005 1.50373 0.741171</i>
                        <i>1 -0.000121704 2.11758e-022 0.000121688 0.999868 -0.0162295 1.97519e-006 0.0162295 0.999868 8.81433e-006 1.51781 0.735179</i>
                        <i>1 -0.000373999 -4.23516e-022 0.000373966 0.999913 -0.0132242 4.94585e-006 0.0132242 0.999913 2.23015e-005 1.5063 0.729584</i>
                        <i>1 -0.00028548 0 0.000285474 0.999978 -0.00661225 1.88767e-006 0.00661225 0.999978 8.98698e-006 1.47815 0.729885</i>
                        <i>1 -0.000113851 0 0.000113851 1 0 0 0 1 3.79031e-007 1.45 0.73</i>
                        <i>1 0 0 0 1 0 0 0 1 0 1.45 0.73</i>
                        <i>1 3.03802e-005 0 -3.03802e-005 1 0 0 0 1 -1.01141e-007 1.45 0.73</i>
                        <i>1 4.75569e-005 0 -4.75569e-005 1 0 0 0 1 -1.58326e-007 1.45 0.73</i>
                        <i>1 5.45771e-005 0 -5.45771e-005 1 0 0 0 1 -1.81698e-007 1.45 0.73</i>
                        <i>1 5.44878e-005 0 -5.44878e-005 1 0 0 0 1 -1.814e-007 1.45 0.73</i>
                        <i>1 5.03359e-005 0 -5.03359e-005 1 0 0 0 1 -1.67578e-007 1.45 0.73</i>
                        <i>1 4.51683e-005 0 -4.51683e-005 1 0 0 0 1 -1.50374e-007 1.45 0.73</i>
                        <i>1 4.2032e-005 0 -4.2032e-005 1 0 0 0 1 -1.39933e-007 1.45 0.73</i>
                        <i>1 4.3974e-005 0 -4.3974e-005 1 0 0 0 1 -1.46398e-007 1.45 0.73</i>
                    </KeyFrames>
                </p>
            </i>
            <i>
                <p>
                    <Name>
                        <![CDATA[wheel_axle]]>
</Name>
                    <Exclude>0</Exclude>
                    <Additive>0</Additive>
                    <KeyFrames count="40">
                        <i>1 0 0 0 1 0 0 0 1 0 2.9912 0.73</i>
                        <i>1 0 0 0 1 0 0 0 1 0 2.9912 0.73</i>
                        <i>1 0 0 0 0.998991 -0.0449014 0 0.0449014 0.998991 0 2.9912 0.661307</i>
                        <i>1 0 0 0 0.992835 -0.119491 0 0.119491 0.992835 0 2.9912 0.589499</i>
                        <i>0.999997 0.00228323 -6.77626e-021 -0.00224702 0.984138 -0.177392 -0.000405027 0.177391 0.98414 -0.00388768 3.14834 0.463163</i>
                        <i>0.999991 0.00429936 2.71051e-020 -0.00416642 0.96907 -0.24675 -0.00106087 0.246748 0.969079 -0.00818095 3.34743 0.326288</i>
                        <i>0.999982 0.00606488 0 -0.00574766 0.947679 -0.319174 -0.00193575 0.319168 0.947696 -0.0129189 3.57367 0.176054</i>
                        <i>0.999969 0.00784139 1.0842e-019 -0.00737186 0.940093 -0.340839 -0.00267265 0.340829 0.940122 -0.0170729 3.61977 0.117954</i>
                        <i>0.999958 0.00919523 0 -0.00859825 0.935038 -0.354443 -0.00325918 0.354428 0.935078 -0.0203868 3.65854 0.068794</i>
                        <i>0.999953 0.00969276 -1.0842e-019 -0.00902575 0.931141 -0.364548 -0.00353348 0.364531 0.931184 -0.0217897 3.70627 0.0307183</i>
                        <i>0.999961 0.00883405 0 -0.00820355 0.928592 -0.371011 -0.00327753 0.370997 0.928628 -0.0200405 3.74343 0.00587293</i>
                        <i>0.999977 0.00670999 0 -0.00622392 0.927539 -0.373674 -0.00250735 0.373666 0.92756 -0.0152791 3.76896 -0.00363702</i>
                        <i>0.999993 0.00377319 5.42101e-020 -0.00350185 0.92808 -0.372364 -0.001405 0.372361 0.928087 -0.00857265 3.78173 -0.000687377</i>
                        <i>0.999999 -0.00101219 -1.35525e-020 0.000941602 0.930265 -0.366886 0.000371357 0.366886 0.930266 0.00227906 3.78516 0.0110522</i>
                        <i>0.999978 -0.00661024 0 0.00617459 0.934074 -0.357025 0.00236002 0.357017 0.934095 0.0146362 3.74231 0.0379814</i>
                        <i>0.999955 -0.00946083 -1.0842e-019 0.00889724 0.940387 -0.33999 0.00321659 0.339975 0.940429 0.0203111 3.66874 0.0909771</i>
                        <i>0.999955 -0.00949393 0 0.00902461 0.950524 -0.31052 0.00294805 0.310506 0.950567 0.0192366 3.54114 0.178336</i>
                        <i>0.999959 -0.0090721 0 0.00874907 0.964354 -0.264473 0.00239932 0.264462 0.964393 0.0166264 3.34015 0.301264</i>
                        <i>0.999966 -0.00828433 0 0.00812128 0.980284 -0.197426 0.00163554 0.197419 0.980318 0.0127954 3.04411 0.454343</i>
                        <i>0.999974 -0.00721964 6.77626e-021 0.00708515 0.981347 -0.192113 0.00138699 0.192108 0.981373 0.0114266 3.07417 0.481307</i>
                        <i>0.999982 -0.005967 6.77626e-021 0.00588261 0.98584 -0.167587 0.000999989 0.167584 0.985857 0.00967109 3.10403 0.5101</i>
                        <i>0.999989 -0.00461544 0 0.0045747 0.991164 -0.132562 0.000611832 0.132561 0.991175 0.00756015 3.11317 0.547172</i>
                        <i>0.999995 -0.00325395 0 0.00323843 0.995227 -0.0975333 0.000317368 0.0975328 0.995232 0.00527387 3.08804 0.596464</i>
                        <i>0.999998 -0.00197153 1.69407e-021 0.00196684 0.997618 -0.0689513 0.00013594 0.0689512 0.99762 0.00312036 3.0425 0.650774</i>
                        <i>1 -0.000857218 0 0.000856276 0.998901 -0.0468627 4.01716e-005 0.0468627 0.998901 0.001324 2.9974 0.700397</i>
                        <i>1 0 0 0 0.998814 -0.0486907 0 0.0486907 0.998814 0 3.01932 0.719694</i>
                        <i>1 0.000213703 -2.11758e-022 -0.000213411 0.998633 -0.0522674 -1.11697e-005 0.0522674 0.998633 -0.000342073 3.04479 0.72079</i>
                        <i>1 -0.000121704 2.11758e-022 0.000121566 0.99887 -0.0475329 5.78494e-006 0.0475329 0.99887 0.000196359 3.0588 0.710166</i>
                        <i>1 -0.000373999 -4.23516e-022 0.000373782 0.999418 -0.0340985 1.27528e-005 0.0340984 0.999418 0.000598658 3.04736 0.709202</i>
                        <i>1 -0.00028548 0 0.000285442 0.999866 -0.0163782 4.67566e-006 0.0163782 0.999866 0.000448959 3.01932 0.719694</i>
                        <i>1 -0.000113851 0 0.000113851 1 0 0 0 1 0.000175846 2.9912 0.73</i>
                        <i>1 0 0 0 1 0 0 0 1 0 2.9912 0.73</i>
                        <i>1 3.03802e-005 0 -3.03802e-005 1 0 0 0 1 -4.6923e-005 2.9912 0.73</i>
                        <i>1 4.75569e-005 0 -4.75569e-005 1 0 0 0 1 -7.34529e-005 2.9912 0.73</i>
                        <i>1 5.45771e-005 0 -5.45771e-005 1 0 0 0 1 -8.42959e-005 2.9912 0.73</i>
                        <i>1 5.44878e-005 0 -5.44878e-005 1 0 0 0 1 -8.41579e-005 2.9912 0.73</i>
                        <i>1 5.03359e-005 0 -5.03359e-005 1 0 0 0 1 -7.77452e-005 2.9912 0.73</i>
                        <i>1 4.51683e-005 0 -4.51683e-005 1 0 0 0 1 -6.97637e-005 2.9912 0.73</i>
                        <i>1 4.2032e-005 0 -4.2032e-005 1 0 0 0 1 -6.49197e-005 2.9912 0.73</i>
                        <i>1 4.3974e-005 0 -4.3974e-005 1 0 0 0 1 -6.79191e-005 2.9912 0.73</i>
                    </KeyFrames>
                </p>
            </i>
            <i>
                <p>
                    <Name>
                        <![CDATA[angle_pivot]]>
</Name>
                    <Exclude>0</Exclude>
                    <Additive>1</Additive>
                    <KeyFrames count="40">
                        <i>-1 3.67394e-016 -3.08149e-033 -3.65996e-016 -0.996195 0.0871557 3.20205e-017 0.0871557 0.996195 0 3.22806 0.73</i>
                        <i>-1 3.67394e-016 -3.08149e-033 -3.65996e-016 -0.996195 0.0871557 3.20205e-017 0.0871557 0.996195 0 3.22806 0.73</i>
                        <i>-1 3.67394e-016 -3.08149e-033 -3.65996e-016 -0.996195 0.0871557 3.20205e-017 0.0871557 0.996195 0 3.22806 0.661307</i>
                        <i>-1 3.67394e-016 -3.08149e-033 -3.65996e-016 -0.996195 0.0871557 3.20205e-017 0.0871557 0.996195 0 3.19164 0.173164</i>
                        <i>-0.999997 -0.00228323 -1.37366e-017 0.00226551 -0.992235 0.12436 -0.000283943 0.12436 0.992237 -0.0043113 3.33388 0.0461131</i>
                        <i>-0.999991 -0.00429936 -3.1435e-017 0.00423528 -0.985088 0.172 -0.000739488 0.171998 0.985097 -0.00890491 3.51581 -0.0811815</i>
                        <i>-0.999982 -0.00606488 -5.1869e-017 0.00590666 -0.973894 0.226927 -0.00137628 0.226922 0.973912 -0.0138388 3.72533 -0.212862</i>
                        <i>-0.999969 -0.00784139 -5.62795e-017 0.00761522 -0.971127 0.23844 -0.0018697 0.238432 0.971157 -0.0182931 3.77537 -0.237893</i>
                        <i>-0.999958 -0.00919523 -5.9819e-017 0.00890751 -0.96867 0.248193 -0.00228219 0.248183 0.968711 -0.0218797 3.82089 -0.248229</i>
                        <i>-0.999953 -0.00969276 -6.25546e-017 0.0093703 -0.966687 0.25579 -0.00247931 0.255778 0.966732 -0.0234521 3.87776 -0.243589</i>
                        <i>-0.999961 -0.00883405 -6.45532e-017 0.00852824 -0.965345 0.260837 -0.00230425 0.260827 0.965383 -0.0216519 3.92584 -0.223637</i>
                        <i>-0.999977 -0.00670999 -6.53395e-017 0.00647389 -0.964792 0.262935 -0.00176429 0.262929 0.964813 -0.016583 3.96327 -0.188029</i>
                        <i>-0.999993 -0.00377319 -6.49248e-017 0.00364171 -0.965147 0.261684 -0.000987383 0.261682 0.965154 -0.00935121 3.98807 -0.14136</i>
                        <i>-0.999999 0.00101219 -6.29792e-017 -0.000978276 -0.966498 0.256671 0.000259799 0.256671 0.966499 0.00249928 4.00272 -0.0890069</i>
                        <i>-0.999978 0.00661024 -5.95493e-017 -0.00640463 -0.968874 0.247472 0.00163585 0.247467 0.968895 0.0161375 3.96942 -0.0262859</i>
                        <i>-0.999955 0.00946083 -5.32857e-017 -0.00920493 -0.972908 0.231009 0.00218554 0.230999 0.972952 0.0225283 3.90307 0.0565534</i>
                        <i>-0.999955 0.00949393 -4.24591e-017 -0.0092988 -0.979403 0.2017 0.00191493 0.201691 0.979447 0.0215012 3.77966 0.166791</i>
                        <i>-0.999959 0.0090721 -2.5181e-017 -0.00896213 -0.987838 0.155229 0.00140826 0.155223 0.987879 0.0188018 3.57993 0.307203</i>
                        <i>-0.999966 0.00828433 -3.08149e-033 -0.00825281 -0.996161 0.0871557 0.000722027 0.0871527 0.996195 0.0147732 3.28285 0.475809</i>
                        <i>-0.999974 0.00721964 -3.30695e-018 -0.00718622 -0.995346 0.0961007 0.000693812 0.0960982 0.995372 0.0131478 3.31257 0.495265</i>
                        <i>-0.999982 0.005967 -6.60686e-018 -0.005934 -0.994451 0.105038 0.000626762 0.105036 0.994468 0.0110898 3.34179 0.514773</i>
                        <i>-0.999989 0.00461544 -8.09988e-018 -0.00458789 -0.99402 0.109098 0.000503533 0.109096 0.994031 0.00865447 3.35026 0.544627</i>
                        <i>-0.999995 0.00325395 -6.60008e-018 -0.00323595 -0.994463 0.105038 0.000341788 0.105037 0.994468 0.00604448 3.32486 0.592208</i>
                        <i>-0.999998 0.00197153 -3.30187e-018 -0.00196241 -0.99537 0.0961007 0.000189466 0.0961005 0.995372 0.00358733 3.27936 0.648647</i>
                        <i>-1 0.000857218 -3.08149e-033 -0.000853956 -0.996194 0.0871557 7.47115e-005 0.0871557 0.996195 0.00152704 3.23426 0.700397</i>
                        <i>-1 3.67386e-016 -2.4293e-018 -3.65996e-016 -0.995597 0.0937409 3.20205e-017 0.0937409 0.995597 0 3.25617 0.718128</i>
                        <i>-1 -0.000213703 -4.85829e-018 0.000212625 -0.994955 0.100322 -2.14391e-005 0.100322 0.994955 -0.000392687 3.28163 0.717658</i>
                        <i>-1 0.000121704 -5.96283e-018 -0.000121053 -0.994649 0.103312 1.25735e-005 0.103312 0.994649 0.000225183 3.29563 0.706322</i>
                        <i>-1 0.000373999 -4.85808e-018 -0.000372112 -0.994955 0.100322 3.75203e-005 0.100322 0.994955 0.000687237 3.28421 0.70607</i>
                        <i>-1 0.00028548 -2.4293e-018 -0.000284223 -0.995597 0.0937409 2.67612e-005 0.0937409 0.995597 0.000516577 3.25617 0.718128</i>
                        <i>-1 0.000113851 -3.08149e-033 -0.000113418 -0.996195 0.0871557 9.92276e-006 0.0871557 0.996195 0.000202813 3.22806 0.73</i>
                        <i>-1 3.67394e-016 -3.08149e-033 -3.65996e-016 -0.996195 0.0871557 3.20205e-017 0.0871557 0.996195 0 3.22806 0.73</i>
                        <i>-1 -3.03802e-005 -3.08149e-033 3.02645e-005 -0.996195 0.0871557 -2.64781e-006 0.0871557 0.996195 -5.41189e-005 3.22806 0.73</i>
                        <i>-1 -4.75569e-005 -3.08149e-033 4.73759e-005 -0.996195 0.0871557 -4.14486e-006 0.0871557 0.996195 -8.47174e-005 3.22806 0.73</i>
                        <i>-1 -5.45771e-005 -3.08149e-033 5.43694e-005 -0.996195 0.0871557 -4.75671e-006 0.0871557 0.996195 -9.72231e-005 3.22806 0.73</i>
                        <i>-1 -5.44878e-005 -3.08149e-033 5.42805e-005 -0.996195 0.0871557 -4.74893e-006 0.0871557 0.996195 -9.7064e-005 3.22806 0.73</i>
                        <i>-1 -5.03359e-005 -3.08149e-033 5.01443e-005 -0.996195 0.0871557 -4.38706e-006 0.0871557 0.996195 -8.96679e-005 3.22806 0.73</i>
                        <i>-1 -4.51683e-005 -3.08149e-033 4.49964e-005 -0.996195 0.0871557 -3.93668e-006 0.0871557 0.996195 -8.04624e-005 3.22806 0.73</i>
                        <i>-1 -4.2032e-005 -3.08149e-033 4.18721e-005 -0.996195 0.0871557 -3.66333e-006 0.0871557 0.996195 -7.48755e-005 3.22806 0.73</i>
                        <i>-1 -4.3974e-005 -3.08149e-033 4.38067e-005 -0.996195 0.0871557 -3.83259e-006 0.0871557 0.996195 -7.83349e-005 3.22806 0.73</i>
                    </KeyFrames>
                </p>
            </i>
            <i>
                <p>
                    <Name>
                        <![CDATA[barrel]]>
</Name>
                    <Exclude>0</Exclude>
                    <Additive>1</Additive>
                    <KeyFrames count="40">
                        <i>1 -2.45395e-016 -1.06735e-017 2.43531e-016 0.996195 -0.0871557 3.20205e-017 0.0871557 0.996195 -9.31766e-008 3.70912 0.687913</i>
                        <i>1 -2.45395e-016 -1.06735e-017 2.43531e-016 0.996195 -0.0871557 3.20205e-017 0.0871557 0.996195 -9.31766e-008 3.68406 0.401511</i>
                        <i>1 -2.45395e-016 -1.06735e-017 2.43531e-016 0.996195 -0.0871557 3.20205e-017 0.0871557 0.996195 -9.31766e-008 3.63988 -0.172254</i>
                        <i>1 -2.45395e-016 -1.06735e-017 2.43531e-016 0.996195 -0.0871557 3.20205e-017 0.0871557 0.996195 -9.31766e-008 3.60336 -0.661475</i>
                        <i>0.999997 0.00228323 -1.49314e-018 -0.00226551 0.992235 -0.12436 -0.000283943 0.12436 0.992237 -0.00517915 3.71394 -0.804573</i>
                        <i>0.999991 0.00429936 1.03711e-017 -0.00423528 0.985088 -0.172 -0.000739488 0.171998 0.985097 -0.01036 3.85424 -0.950443</i>
                        <i>0.999982 0.00606488 2.40786e-017 -0.00590666 0.973894 -0.226927 -0.00137628 0.226922 0.973912 -0.0155911 4.01424 -1.10089</i>
                        <i>0.999969 0.00784139 2.7079e-017 -0.00761522 0.971127 -0.23844 -0.0018697 0.238432 0.971157 -0.0204742 4.05351 -1.13025</i>
                        <i>0.999958 0.00919523 2.94242e-017 -0.00890751 0.96867 -0.248193 -0.00228219 0.248183 0.968711 -0.0243532 4.08987 -1.14401</i>
                        <i>0.999953 0.00969276 3.12293e-017 -0.0093703 0.966687 -0.25579 -0.00247931 0.255778 0.966732 -0.0259905 4.13963 -1.1417</i>
                        <i>0.999961 0.00883405 3.26099e-017 -0.00852824 0.965345 -0.260837 -0.00230425 0.260827 0.965383 -0.0239405 4.18488 -1.11621</i>
                        <i>0.999977 0.00670999 3.31392e-017 -0.00647389 0.964792 -0.262935 -0.00176429 0.262929 0.964813 -0.0183441 4.22573 -1.06154</i>
                        <i>0.999993 0.00377319 3.28777e-017 -0.00364171 0.965147 -0.261684 -0.000987383 0.261682 0.965154 -0.0103773 4.26 -0.983768</i>
                        <i>0.999999 -0.00101219 3.15461e-017 0.000978276 0.966498 -0.256671 0.000259799 0.256671 0.966499 0.0027897 4.28974 -0.889625</i>
                        <i>0.999978 -0.00661024 2.92427e-017 0.00640463 0.968874 -0.247472 0.00163585 0.247467 0.968895 0.0181667 4.27641 -0.775686</i>
                        <i>0.999955 -0.00946083 2.49952e-017 0.00920493 0.972908 -0.231009 0.00218554 0.230999 0.972952 0.0256761 4.23579 -0.632462</i>
                        <i>0.999955 -0.00949393 1.77579e-017 0.0092988 0.979403 -0.2017 0.00191493 0.201691 0.979447 0.0249728 4.14532 -0.451642</i>
                        <i>0.999959 -0.0090721 6.17084e-018 0.00896213 0.987838 -0.155229 0.00140826 0.155223 0.987879 0.0224717 3.98445 -0.229213</i>
                        <i>0.999966 -0.00828433 -1.06735e-017 0.00825281 0.996161 -0.0871557 0.000722027 0.0871527 0.996195 0.0184691 3.72897 0.0346234</i>
                        <i>0.999974 -0.00721964 -8.46199e-018 0.00718622 0.995346 -0.0961007 0.000693812 0.0960982 0.995372 0.0163861 3.76112 0.116278</i>
                        <i>0.999982 -0.005967 -6.25658e-018 0.005934 0.994451 -0.105038 0.000626762 0.105036 0.994468 0.0137865 3.79373 0.196261</i>
                        <i>0.999989 -0.00461544 -5.26071e-018 0.00458789 0.99402 -0.109098 0.000503533 0.109096 0.994031 0.0107653 3.80761 0.285454</i>
                        <i>0.999995 -0.00325395 -6.26335e-018 0.00323595 0.994463 -0.105038 0.000341788 0.105037 0.994468 0.00755537 3.78921 0.391195</i>
                        <i>0.999998 -0.00197153 -8.46708e-018 0.00196241 0.99537 -0.0961007 0.000189466 0.0961005 0.995372 0.00451572 3.7503 0.501591</i>
                        <i>1 -0.000857218 -1.06735e-017 0.000853956 0.996194 -0.0871557 7.47115e-005 0.0871557 0.996195 0.00193489 3.71015 0.599184</i>
                        <i>1 -2.45461e-016 -9.05065e-018 2.43531e-016 0.995597 -0.0937409 3.20205e-017 0.0937409 0.995597 -9.31766e-008 3.73437 0.645504</i>
                        <i>1 0.000213703 -7.42762e-018 -0.000212625 0.994955 -0.100322 -2.14391e-005 0.100322 0.994955 -0.000495303 3.76138 0.662104</i>
                        <i>1 -0.000121704 -6.68924e-018 0.000121053 0.994649 -0.103312 1.25735e-005 0.103312 0.994649 0.000283546 3.77595 0.656433</i>
                        <i>1 -0.000373999 -7.42783e-018 0.000372112 0.994955 -0.100322 3.75203e-005 0.100322 0.994955 0.000866836 3.76467 0.657625</i>
                        <i>1 -0.00028548 -9.05065e-018 0.000284223 0.995597 -0.0937409 2.67612e-005 0.0937409 0.995597 0.000653735 3.73695 0.672861</i>
                        <i>1 -0.000113851 -1.06735e-017 0.000113418 0.996195 -0.0871557 9.92276e-006 0.0871557 0.996195 0.000257489 3.70912 0.687913</i>
                        <i>1 -2.45395e-016 -1.06735e-017 2.43531e-016 0.996195 -0.0871557 3.20205e-017 0.0871557 0.996195 -9.31766e-008 3.70912 0.687913</i>
                        <i>1 3.03802e-005 -1.06735e-017 -3.02645e-005 0.996195 -0.0871557 -2.64781e-006 0.0871557 0.996195 -6.88268e-005 3.70912 0.687913</i>
                        <i>1 4.75569e-005 -1.06735e-017 -4.73759e-005 0.996195 -0.0871557 -4.14486e-006 0.0871557 0.996195 -0.000107688 3.70912 0.687913</i>
                        <i>1 5.45771e-005 -1.06735e-017 -5.43694e-005 0.996195 -0.0871557 -4.75671e-006 0.0871557 0.996195 -0.000123571 3.70912 0.687913</i>
                        <i>1 5.44878e-005 -1.06735e-017 -5.42805e-005 0.996195 -0.0871557 -4.74893e-006 0.0871557 0.996195 -0.000123369 3.70912 0.687913</i>
                        <i>1 5.03359e-005 -1.06735e-017 -5.01443e-005 0.996195 -0.0871557 -4.38706e-006 0.0871557 0.996195 -0.000113976 3.70912 0.687913</i>
                        <i>1 4.51683e-005 -1.06735e-017 -4.49964e-005 0.996195 -0.0871557 -3.93668e-006 0.0871557 0.996195 -0.000102284 3.70912 0.687913</i>
                        <i>1 4.2032e-005 -1.06735e-017 -4.18721e-005 0.996195 -0.0871557 -3.66333e-006 0.0871557 0.996195 -9.51886e-005 3.70912 0.687913</i>
                        <i>1 4.3974e-005 -1.06735e-017 -4.38067e-005 0.996195 -0.0871557 -3.83259e-006 0.0871557 0.996195 -9.95822e-005 3.70912 0.687913</i>
                    </KeyFrames>
                </p>
            </i>
            <i>
                <p>
                    <Name>
                        <![CDATA[hatch]]>
</Name>
                    <Exclude>0</Exclude>
                    <Additive>0</Additive>
                    <KeyFrames count="40">
                        <i>1 -2.45395e-016 -1.06735e-017 2.43531e-016 0.996195 -0.0871557 3.20205e-017 0.0871557 0.996195 -0.201333 3.56911 -0.719554</i>
                        <i>1 -2.45395e-016 -1.06735e-017 2.43531e-016 0.996195 -0.0871557 3.20205e-017 0.0871557 0.996195 -0.201333 3.54405 -1.00596</i>
                        <i>1 -2.45395e-016 -1.06735e-017 2.43531e-016 0.996195 -0.0871557 3.20205e-017 0.0871557 0.996195 -0.201333 3.49986 -1.57972</i>
                        <i>1 -2.45395e-016 -1.06735e-017 2.43531e-016 0.996195 -0.0871557 3.20205e-017 0.0871557 0.996195 -0.201333 3.46334 -2.06894</i>
                        <i>0.999997 0.00228323 -1.49314e-018 -0.00226551 0.992235 -0.12436 -0.000283943 0.12436 0.992237 -0.206072 3.52091 -2.20582</i>
                        <i>0.999991 0.00429936 1.03711e-017 -0.00423528 0.985088 -0.172 -0.000739488 0.171998 0.985097 -0.210574 3.59355 -2.34079</i>
                        <i>0.999982 0.00606488 2.40786e-017 -0.00590666 0.973894 -0.226927 -0.00137628 0.226922 0.973912 -0.214875 3.67571 -2.47449</i>
                        <i>0.999969 0.00784139 2.7079e-017 -0.00761522 0.971127 -0.23844 -0.0018697 0.238432 0.971157 -0.219029 3.69839 -2.49977</i>
                        <i>0.999958 0.00919523 2.94242e-017 -0.00890751 0.96867 -0.248193 -0.00228219 0.248183 0.968711 -0.2223 3.72072 -2.5099</i>
                        <i>0.999953 0.00969276 3.12293e-017 -0.0093703 0.966687 -0.25579 -0.00247931 0.255778 0.966732 -0.22365 3.75968 -2.50466</i>
                        <i>0.999961 0.00883405 3.26099e-017 -0.00852824 0.965345 -0.260837 -0.00230425 0.260827 0.965383 -0.221863 3.79798 -2.47717</i>
                        <i>0.999977 0.00670999 3.31392e-017 -0.00647389 0.964792 -0.262935 -0.00176429 0.262929 0.964813 -0.217068 3.83629 -2.42167</i>
                        <i>0.999993 0.00377319 3.28777e-017 -0.00364171 0.965147 -0.261684 -0.000987383 0.261682 0.965154 -0.210251 3.87291 -2.3444</i>
                        <i>0.999999 -0.00101219 3.15461e-017 0.000978276 0.966498 -0.256671 0.000259799 0.256671 0.966499 -0.198927 3.91068 -2.25224</i>
                        <i>0.999978 -0.00661024 2.92427e-017 0.00640463 0.968874 -0.247472 0.00163585 0.247467 0.968895 -0.185583 3.91146 -2.14185</i>
                        <i>0.999955 -0.00946083 2.49952e-017 0.00920493 0.972908 -0.231009 0.00218554 0.230999 0.972952 -0.178894 3.89463 -2.00464</i>
                        <i>0.999955 -0.00949393 1.77579e-017 0.0092988 0.979403 -0.2017 0.00191493 0.201691 0.979447 -0.179216 3.84551 -1.8335</i>
                        <i>0.999959 -0.0090721 6.17084e-018 0.00896213 0.987838 -0.155229 0.00140826 0.155223 0.987879 -0.180995 3.75013 -1.62377</i>
                        <i>0.999966 -0.00828433 -1.06735e-017 0.00825281 0.996161 -0.0871557 0.000722027 0.0871527 0.996195 -0.184017 3.59063 -1.37284</i>
                        <i>0.999974 -0.00721964 -8.46199e-018 0.00718622 0.995346 -0.0961007 0.000693812 0.0960982 0.995372 -0.186044 3.60992 -1.28987</i>
                        <i>0.999982 -0.005967 -6.25658e-018 0.005934 0.994451 -0.105038 0.000626762 0.105036 0.994468 -0.188529 3.62966 -1.20846</i>
                        <i>0.999989 -0.00461544 -5.26071e-018 0.00458789 0.99402 -0.109098 0.000503533 0.109096 0.994031 -0.191355 3.63753 -1.11858</i>
                        <i>0.999995 -0.00325395 -6.26335e-018 0.00323595 0.994463 -0.105038 0.000341788 0.105037 0.994468 -0.194314 3.62459 -1.01353</i>
                        <i>0.999998 -0.00197153 -8.46708e-018 0.00196241 0.99537 -0.0961007 0.000189466 0.0961005 0.995372 -0.197118 3.59805 -0.904561</i>
                        <i>1 -0.000857218 -1.06735e-017 0.000853956 0.996194 -0.0871557 7.47115e-005 0.0871557 0.996195 -0.199518 3.57031 -0.808282</i>
                        <i>1 -2.45461e-016 -9.05065e-018 2.43531e-016 0.995597 -0.0937409 3.20205e-017 0.0937409 0.995597 -0.201333 3.58505 -0.761006</i>
                        <i>1 0.000213703 -7.42762e-018 -0.000212625 0.994955 -0.100322 -2.14391e-005 0.100322 0.994955 -0.201794 3.60272 -0.743388</i>
                        <i>1 -0.000121704 -6.68924e-018 0.000121053 0.994649 -0.103312 1.25735e-005 0.103312 0.994649 -0.201069 3.61314 -0.748576</i>
                        <i>1 -0.000373999 -7.42783e-018 0.000372112 0.994955 -0.100322 3.75203e-005 0.100322 0.994955 -0.200525 3.60613 -0.747867</i>
                        <i>1 -0.00028548 -9.05065e-018 0.000284223 0.995597 -0.0937409 2.67612e-005 0.0937409 0.995597 -0.200722 3.58768 -0.733649</i>
                        <i>1 -0.000113851 -1.06735e-017 0.000113418 0.996195 -0.0871557 9.92276e-006 0.0871557 0.996195 -0.201091 3.56913 -0.719554</i>
                        <i>1 -2.45395e-016 -1.06735e-017 2.43531e-016 0.996195 -0.0871557 3.20205e-017 0.0871557 0.996195 -0.201333 3.56911 -0.719554</i>
                        <i>1 3.03802e-005 -1.06735e-017 -3.02645e-005 0.996195 -0.0871557 -2.64781e-006 0.0871557 0.996195 -0.201397 3.5691 -0.719554</i>
                        <i>1 4.75569e-005 -1.06735e-017 -4.73759e-005 0.996195 -0.0871557 -4.14486e-006 0.0871557 0.996195 -0.201434 3.5691 -0.719554</i>
                        <i>1 5.45771e-005 -1.06735e-017 -5.43694e-005 0.996195 -0.0871557 -4.75671e-006 0.0871557 0.996195 -0.201449 3.5691 -0.719554</i>
                        <i>1 5.44878e-005 -1.06735e-017 -5.42805e-005 0.996195 -0.0871557 -4.74893e-006 0.0871557 0.996195 -0.201449 3.5691 -0.719554</i>
                        <i>1 5.03359e-005 -1.06735e-017 -5.01443e-005 0.996195 -0.0871557 -4.38706e-006 0.0871557 0.996195 -0.20144 3.5691 -0.719554</i>
                        <i>1 4.51683e-005 -1.06735e-017 -4.49964e-005 0.996195 -0.0871557 -3.93668e-006 0.0871557 0.996195 -0.201429 3.5691 -0.719554</i>
                        <i>1 4.2032e-005 -1.06735e-017 -4.18721e-005 0.996195 -0.0871557 -3.66333e-006 0.0871557 0.996195 -0.201422 3.5691 -0.719554</i>
                        <i>1 4.3974e-005 -1.06735e-017 -4.38067e-005 0.996195 -0.0871557 -3.83259e-006 0.0871557 0.996195 -0.201426 3.5691 -0.719554</i>
                    </KeyFrames>
                </p>
            </i>
            <i>
                <p>
                    <Name>
                        <![CDATA[crank]]>
</Name>
                    <Exclude>0</Exclude>
                    <Additive>0</Additive>
                    <KeyFrames count="40">
                        <i>1 -2.45395e-016 -1.06735e-017 2.43531e-016 0.996195 -0.0871557 3.20205e-017 0.0871557 0.996195 -0.40778 3.60801 -0.160566</i>
                        <i>1 -2.45395e-016 -1.06735e-017 2.43531e-016 0.996195 -0.0871557 3.20205e-017 0.0871557 0.996195 -0.40778 3.58296 -0.446968</i>
                        <i>1 -2.45395e-016 -1.06735e-017 2.43531e-016 0.996195 -0.0871557 3.20205e-017 0.0871557 0.996195 -0.40778 3.53877 -1.02073</i>
                        <i>1 -2.45395e-016 -1.06735e-017 2.43531e-016 0.996195 -0.0871557 3.20205e-017 0.0871557 0.996195 -0.40778 3.50225 -1.50995</i>
                        <i>0.999997 0.00228323 -1.49314e-018 -0.00226551 0.992235 -0.12436 -0.000283943 0.12436 0.992237 -0.412655 3.58023 -1.64868</i>
                        <i>0.999991 0.00429936 1.03711e-017 -0.00423528 0.985088 -0.172 -0.000739488 0.171998 0.985097 -0.417391 3.67921 -1.78717</i>
                        <i>0.999982 0.00606488 2.40786e-017 -0.00590666 0.973894 -0.226927 -0.00137628 0.226922 0.973912 -0.42203 3.79189 -1.9266</i>
                        <i>0.999969 0.00784139 2.7079e-017 -0.00761522 0.971127 -0.23844 -0.0018697 0.238432 0.971157 -0.426441 3.82068 -1.9533</i>
                        <i>0.999958 0.00919523 2.94242e-017 -0.00890751 0.96867 -0.248193 -0.00228219 0.248183 0.968711 -0.429928 3.84822 -1.9647</i>
                        <i>0.999953 0.00969276 3.12293e-017 -0.0093703 0.966687 -0.25579 -0.00247931 0.255778 0.966732 -0.431383 3.89135 -1.9605</i>
                        <i>0.999961 0.00883405 3.26099e-017 -0.00852824 0.965345 -0.260837 -0.00230425 0.260827 0.965383 -0.429508 3.93267 -1.93372</i>
                        <i>0.999977 0.00670999 3.31392e-017 -0.00647389 0.964792 -0.262935 -0.00176429 0.262929 0.964813 -0.424435 3.9726 -1.87851</i>
                        <i>0.999993 0.00377319 3.28777e-017 -0.00364171 0.965147 -0.261684 -0.000987383 0.261682 0.965154 -0.417214 4.00913 -1.80106</i>
                        <i>0.999999 -0.00101219 3.15461e-017 0.000978276 0.966498 -0.256671 0.000259799 0.256671 0.966499 -0.405238 4.04506 -1.7082</i>
                        <i>0.999978 -0.00661024 2.92427e-017 0.00640463 0.968874 -0.247472 0.00163585 0.247467 0.968895 -0.391173 4.04181 -1.59656</i>
                        <i>0.999955 -0.00946083 2.49952e-017 0.00920493 0.972908 -0.231009 0.00218554 0.230999 0.972952 -0.384199 4.01631 -1.45724</i>
                        <i>0.999955 -0.00949393 1.77579e-017 0.0092988 0.979403 -0.2017 0.00191493 0.201691 0.979447 -0.384673 3.95071 -1.28275</i>
                        <i>0.999959 -0.0090721 6.17084e-018 0.00896213 0.987838 -0.155229 0.00140826 0.155223 0.987879 -0.386734 3.82913 -1.06877</i>
                        <i>0.999966 -0.00828433 -1.06735e-017 0.00825281 0.996161 -0.0871557 0.000722027 0.0871527 0.996195 -0.390135 3.63125 -0.813855</i>
                        <i>0.999974 -0.00721964 -8.46199e-018 0.00718622 0.995346 -0.0961007 0.000693812 0.0960982 0.995372 -0.392168 3.65534 -0.731258</i>
                        <i>0.999982 -0.005967 -6.25658e-018 0.005934 0.994451 -0.105038 0.000626762 0.105036 0.994468 -0.39468 3.67983 -0.650265</i>
                        <i>0.999989 -0.00461544 -5.26071e-018 0.00458789 0.99402 -0.109098 0.000503533 0.109096 0.994031 -0.397563 3.68971 -0.560589</i>
                        <i>0.999995 -0.00325395 -6.26335e-018 0.00323595 0.994463 -0.105038 0.000341788 0.105037 0.994468 -0.400601 3.6742 -0.45533</i>
                        <i>0.999998 -0.00197153 -8.46708e-018 0.00196241 0.99537 -0.0961007 0.000189466 0.0961005 0.995372 -0.403478 3.64238 -0.345945</i>
                        <i>1 -0.000857218 -1.06735e-017 0.000853956 0.996194 -0.0871557 7.47115e-005 0.0871557 0.996195 -0.405932 3.60939 -0.249294</i>
                        <i>1 -2.45461e-016 -9.05065e-018 2.43531e-016 0.995597 -0.0937409 3.20205e-017 0.0937409 0.995597 -0.40778 3.62765 -0.202287</i>
                        <i>1 0.000213703 -7.42762e-018 -0.000212625 0.994955 -0.100322 -2.14391e-005 0.100322 0.994955 -0.408251 3.64897 -0.184963</i>
                        <i>1 -0.000121704 -6.68924e-018 0.000121053 0.994649 -0.103312 1.25735e-005 0.103312 0.994649 -0.40751 3.66113 -0.190293</i>
                        <i>1 -0.000373999 -7.42783e-018 0.000372112 0.994955 -0.100322 3.75203e-005 0.100322 0.994955 -0.406955 3.6525 -0.189442</i>
                        <i>1 -0.00028548 -9.05065e-018 0.000284223 0.995597 -0.0937409 2.67612e-005 0.0937409 0.995597 -0.407157 3.63035 -0.174931</i>
                        <i>1 -0.000113851 -1.06735e-017 0.000113418 0.996195 -0.0871557 9.92276e-006 0.0871557 0.996195 -0.407534 3.60806 -0.160566</i>
                        <i>1 -2.45395e-016 -1.06735e-017 2.43531e-016 0.996195 -0.0871557 3.20205e-017 0.0871557 0.996195 -0.40778 3.60801 -0.160566</i>
                        <i>1 3.03802e-005 -1.06735e-017 -3.02645e-005 0.996195 -0.0871557 -2.64781e-006 0.0871557 0.996195 -0.407846 3.608 -0.160566</i>
                        <i>1 4.75569e-005 -1.06735e-017 -4.73759e-005 0.996195 -0.0871557 -4.14486e-006 0.0871557 0.996195 -0.407883 3.60799 -0.160566</i>
                        <i>1 5.45771e-005 -1.06735e-017 -5.43694e-005 0.996195 -0.0871557 -4.75671e-006 0.0871557 0.996195 -0.407898 3.60799 -0.160566</i>
                        <i>1 5.44878e-005 -1.06735e-017 -5.42805e-005 0.996195 -0.0871557 -4.74893e-006 0.0871557 0.996195 -0.407898 3.60799 -0.160566</i>
                        <i>1 5.03359e-005 -1.06735e-017 -5.01443e-005 0.996195 -0.0871557 -4.38706e-006 0.0871557 0.996195 -0.407889 3.60799 -0.160566</i>
                        <i>1 4.51683e-005 -1.06735e-017 -4.49964e-005 0.996195 -0.0871557 -3.93668e-006 0.0871557 0.996195 -0.407878 3.608 -0.160566</i>
                        <i>1 4.2032e-005 -1.06735e-017 -4.18721e-005 0.996195 -0.0871557 -3.66333e-006 0.0871557 0.996195 -0.407871 3.608 -0.160566</i>
                        <i>1 4.3974e-005 -1.06735e-017 -4.38067e-005 0.996195 -0.0871557 -3.83259e-006 0.0871557 0.996195 -0.407875 3.608 -0.160566</i>
                    </KeyFrames>
                </p>
            </i>
            <i>
                <p>
                    <Name>
                        <![CDATA[sled_rotate]]>
</Name>
                    <Exclude>0</Exclude>
                    <Additive>0</Additive>
                    <KeyFrames count="40">
                        <i>1 0 0 0 0.999897 -0.0143422 0 0.0143422 0.999897 0 2.71925 0.73</i>
                        <i>1 0 0 0 0.99986 -0.0167367 0 0.0167367 0.99986 0 2.71925 0.73</i>
                        <i>1 0 0 0 0.999818 -0.0190579 0 0.0190579 0.999818 0 2.71925 0.661307</i>
                        <i>1 0 0 0 0.999772 -0.0213424 0 0.0213424 0.999772 0 2.71925 0.589499</i>
                        <i>0.999997 0.00228323 -6.77626e-021 -0.00227898 0.998135 -0.0610074 -0.000139294 0.0610073 0.998137 -0.00326719 2.87659 0.473336</i>
                        <i>0.999991 0.00429936 2.71051e-020 -0.00427264 0.993776 -0.111312 -0.00047857 0.111311 0.993786 -0.00701604 3.07648 0.349536</i>
