<?xml version="1.0" encoding="ISO-8859-1" ?>
<Animl Version="1">
    <ModellingPackage><![CDATA[Maya.2010]]></ModellingPackage>
    <SrcFile><![CDATA[anims\vehicles\red\~src\air\transport_an12cub\an12cub_minspeed_right.mb]]></SrcFile>
    <FramesPerSecond>30</FramesPerSecond>
    <TotalFrames>61</TotalFrames>
    <Skeleton>
        <RefFrame>
            <Name><![CDATA[an12cub_ref_frame]]></Name>
            <Exclude>0</Exclude>
            <Additive>0</Additive>
            <IKPriority>0</IKPriority>
            <IKRotLimits>-1e+010 -1e+010 -1e+010 1e+010 1e+010 1e+010</IKRotLimits>
            <IKRotLimitOrder>0</IKRotLimitOrder>
            <KeyFrames count="61">
                <i>1 0 0 0 1 0 0 0 1 0 0 0</i>
                <i>1 0 0 0 1 0 0 0 1 0 0 0</i>
                <i>1 0 0 0 1 0 0 0 1 0 0 0</i>
                <i>1 0 0 0 1 0 0 0 1 0 0 0</i>
                <i>1 0 0 0 1 0 0 0 1 0 0 0</i>
                <i>1 0 0 0 1 0 0 0 1 0 0 0</i>
                <i>1 0 0 0 1 0 0 0 1 0 0 0</i>
                <i>1 0 0 0 1 0 0 0 1 0 0 0</i>
                <i>1 0 0 0 1 0 0 0 1 0 0 0</i>
                <i>1 0 0 0 1 0 0 0 1 0 0 0</i>
                <i>1 0 0 0 1 0 0 0 1 0 0 0</i>
                <i>1 0 0 0 1 0 0 0 1 0 0 0</i>
                <i>1 0 0 0 1 0 0 0 1 0 0 0</i>
                <i>1 0 0 0 1 0 0 0 1 0 0 0</i>
                <i>1 0 0 0 1 0 0 0 1 0 0 0</i>
                <i>1 0 0 0 1 0 0 0 1 0 0 0</i>
                <i>1 0 0 0 1 0 0 0 1 0 0 0</i>
                <i>1 0 0 0 1 0 0 0 1 0 0 0</i>
                <i>1 0 0 0 1 0 0 0 1 0 0 0</i>
                <i>1 0 0 0 1 0 0 0 1 0 0 0</i>
                <i>1 0 0 0 1 0 0 0 1 0 0 0</i>
                <i>1 0 0 0 1 0 0 0 1 0 0 0</i>
                <i>1 0 0 0 1 0 0 0 1 0 0 0</i>
                <i>1 0 0 0 1 0 0 0 1 0 0 0</i>
                <i>1 0 0 0 1 0 0 0 1 0 0 0</i>
                <i>1 0 0 0 1 0 0 0 1 0 0 0</i>
                <i>1 0 0 0 1 0 0 0 1 0 0 0</i>
                <i>1 0 0 0 1 0 0 0 1 0 0 0</i>
                <i>1 0 0 0 1 0 0 0 1 0 0 0</i>
                <i>1 0 0 0 1 0 0 0 1 0 0 0</i>
                <i>1 0 0 0 1 0 0 0 1 0 0 0</i>
                <i>1 0 0 0 1 0 0 0 1 0 0 0</i>
                <i>1 0 0 0 1 0 0 0 1 0 0 0</i>
                <i>1 0 0 0 1 0 0 0 1 0 0 0</i>
                <i>1 0 0 0 1 0 0 0 1 0 0 0</i>
                <i>1 0 0 0 1 0 0 0 1 0 0 0</i>
                <i>1 0 0 0 1 0 0 0 1 0 0 0</i>
                <i>1 0 0 0 1 0 0 0 1 0 0 0</i>
                <i>1 0 0 0 1 0 0 0 1 0 0 0</i>
                <i>1 0 0 0 1 0 0 0 1 0 0 0</i>
                <i>1 0 0 0 1 0 0 0 1 0 0 0</i>
                <i>1 0 0 0 1 0 0 0 1 0 0 0</i>
                <i>1 0 0 0 1 0 0 0 1 0 0 0</i>
                <i>1 0 0 0 1 0 0 0 1 0 0 0</i>
                <i>1 0 0 0 1 0 0 0 1 0 0 0</i>
                <i>1 0 0 0 1 0 0 0 1 0 0 0</i>
                <i>1 0 0 0 1 0 0 0 1 0 0 0</i>
                <i>1 0 0 0 1 0 0 0 1 0 0 0</i>
                <i>1 0 0 0 1 0 0 0 1 0 0 0</i>
                <i>1 0 0 0 1 0 0 0 1 0 0 0</i>
                <i>1 0 0 0 1 0 0 0 1 0 0 0</i>
                <i>1 0 0 0 1 0 0 0 1 0 0 0</i>
                <i>1 0 0 0 1 0 0 0 1 0 0 0</i>
                <i>1 0 0 0 1 0 0 0 1 0 0 0</i>
                <i>1 0 0 0 1 0 0 0 1 0 0 0</i>
                <i>1 0 0 0 1 0 0 0 1 0 0 0</i>
                <i>1 0 0 0 1 0 0 0 1 0 0 0</i>
                <i>1 0 0 0 1 0 0 0 1 0 0 0</i>
                <i>1 0 0 0 1 0 0 0 1 0 0 0</i>
                <i>1 0 0 0 1 0 0 0 1 0 0 0</i>
                <i>1 0 0 0 1 0 0 0 1 0 0 0</i>
            </KeyFrames>
        </RefFrame>
        <Bones count="9">
            <i>
                <p>
                    <Name><![CDATA[an12cub_root]]></Name>
                    <Exclude>0</Exclude>
                    <Additive>0</Additive>
                    <IKPriority>0</IKPriority>
                    <IKRotLimits>-1e+010 -1e+010 -1e+010 1e+010 1e+010 1e+010</IKRotLimits>
                    <IKRotLimitOrder>0</IKRotLimitOrder>
                    <KeyFrames count="61">
                        <i>1 0.000805622 0 -0.000805537 0.999894 0.014543 1.17162e-005 -0.014543 0.999894 -0.00206724 -0.0147879 -0.00308069</i>
                        <i>0.999999 0.0011251 0 -0.00112498 0.999896 0.0143655 1.61626e-005 -0.0143655 0.999897 0.00229931 -0.0154389 -0.00464384</i>
                        <i>0.999999 0.00143517 0 -0.00143503 0.999899 0.0141674 2.03326e-005 -0.0141673 0.9999 -0.000707566 -0.0149298 -0.00600217</i>
                        <i>0.999999 0.00172903 0 -0.00172886 0.999901 0.0139531 2.41254e-005 -0.0139531 0.999903 0.00347013 -0.0219698 -0.00704481</i>
                        <i>0.999998 0.00199989 3.38813e-021 -0.0019997 0.999904 0.0137271 2.74527e-005 -0.0137271 0.999906 0.00214808 -0.028632 -0.00739753</i>
                        <i>0.999997 0.00224093 1.69407e-021 -0.00224073 0.999906 0.0134938 3.02387e-005 -0.0134938 0.999909 0.0083164 -0.0326606 -0.00680288</i>
                        <i>0.999997 0.00244538 3.38813e-021 -0.00244516 0.999909 0.0132575 3.24196e-005 -0.0132575 0.999912 0.00910538 -0.0413767 -0.0055908</i>
                        <i>0.999997 0.00260641 -3.38813e-021 -0.00260619 0.999912 0.0130227 3.39425e-005 -0.0130227 0.999915 0.00574227 -0.0441803 -0.00398561</i>
                        <i>0.999996 0.00271724 3.38813e-021 -0.00271702 0.999914 0.0127938 3.47638e-005 -0.0127937 0.999918 0.00212663 -0.0491235 -0.00302921</i>
                        <i>0.999996 0.00277107 0 -0.00277085 0.999917 0.0125751 3.48465e-005 -0.0125751 0.999921 0.00157625 -0.0511814 -0.00319662</i>
                        <i>0.999996 0.00276109 3.38813e-021 -0.00276087 0.99992 0.0123711 3.41578e-005 -0.0123711 0.999923 -0.000702567 -0.0519997 -0.00319734</i>
                        <i>0.999996 0.0026805 0 -0.0026803 0.999922 0.0121863 3.26653e-005 -0.0121862 0.999926 0.00422194 -0.0557133 -0.00251053</i>
                        <i>0.999997 0.00248113 1.69407e-021 -0.00248095 0.999925 0.0120249 2.98352e-005 -0.0120248 0.999928 0.00827346 -0.061936 -0.0017724</i>
                        <i>0.999998 0.0021413 1.69407e-021 -0.00214115 0.999927 0.0118914 2.5463e-005 -0.0118913 0.999929 0.00232811 -0.065242 -0.00124783</i>
                        <i>0.999999 0.00169402 0 -0.0016939 0.999929 0.0117901 1.99727e-005 -0.0117901 0.999931 0.00235917 -0.065692 -0.00134943</i>
                        <i>0.999999 0.00117227 8.47033e-022 -0.00117219 0.999931 0.0117256 1.37456e-005 -0.0117256 0.999931 -1.96147e-005 -0.061301 -0.00212758</i>
                        <i>1 0.000609042 8.47033e-022 -0.000609 0.999931 0.0117023 7.12717e-006 -0.0117023 0.999932 -0.00112354 -0.0609129 -0.00275869</i>
                        <i>1 3.73327e-005 0 -3.73302e-005 0.999931 0.0117244 4.37703e-007 -0.0117244 0.999931 -0.00151434 -0.0576877 -0.00298955</i>
                        <i>1 -0.000509867 0 0.000509831 0.99993 0.0117819 -6.00718e-006 -0.0117819 0.999931 8.04281e-005 -0.0498626 -0.00253471</i>
                        <i>1 -0.000999566 0 0.000999496 0.999929 0.0118606 -1.18555e-005 -0.0118606 0.99993 -0.00138333 -0.0531047 -0.00144783</i>
                        <i>0.999999 -0.00139877 0 0.00139867 0.999928 0.0119592 -1.67282e-005 -0.0119592 0.999928 0.0102472 -0.0497845 -0.000532085</i>
                        <i>0.999999 -0.00167449 0 0.00167437 0.999926 0.0120761 -2.02214e-005 -0.0120761 0.999927 0.00197667 -0.0494532 8.78453e-005</i>
                        <i>0.999998 -0.00179374 0 0.0017936 0.999924 0.0122099 -2.19014e-005 -0.0122099 0.999925 -0.00145493 -0.0426831 0.000562153</i>
                        <i>0.999998 -0.00177349 1.69407e-021 0.00177336 0.999922 0.0123591 -2.19188e-005 -0.0123591 0.999924 -0.000410727 -0.0361482 0.000865682</i>
                        <i>0.999999 -0.00166183 0 0.0016617 0.99992 0.0125222 -2.08098e-005 -0.0125222 0.999922 0.00295525 -0.0311038 0.000768973</i>
                        <i>0.999999 -0.0014724 0 0.00147229 0.999918 0.0126977 -1.86962e-005 -0.0126977 0.999919 -0.00211394 -0.0261842 0.000466956</i>
                        <i>0.999999 -0.00121885 0 0.00121875 0.999916 0.0128842 -1.5704e-005 -0.0128842 0.999917 0.000415344 -0.0204638 0.000851486</i>
                        <i>1 -0.000914817 0 0.000914739 0.999914 0.0130802 -1.1966e-005 -0.0130802 0.999914 0.00415266 -0.0122596 0.00174482</i>
                        <i>1 -0.000573946 4.23516e-022 0.000573895 0.999912 0.0132842 -7.62442e-006 -0.0132842 0.999912 0.000674603 -0.00602878 0.00223737</i>
                        <i>1 -0.000209882 -2.11758e-022 0.000209863 0.999909 0.0134947 -2.8323e-006 -0.0134947 0.999909 -0.0057657 -0.00210859 0.00248122</i>
                        <i>1 0.00016373 0 -0.000163715 0.999906 0.0137103 2.2448e-006 -0.0137103 0.999906 -0.0112454 0.00332915 0.00312478</i>
                        <i>1 0.000533248 0 -0.000533196 0.999903 0.0139295 7.42789e-006 -0.0139295 0.999903 -0.0144552 0.00835578 0.00385904</i>
                        <i>1 0.000885025 8.47033e-022 -0.000884936 0.9999 0.0141508 1.25238e-005 -0.0141508 0.9999 -0.00911472 0.00582199 0.00383007</i>
                        <i>0.999999 0.00120542 -1.69407e-021 -0.00120529 0.999896 0.0143728 1.73252e-005 -0.0143728 0.999897 -0.00502895 0.013481 0.00321098</i>
                        <i>0.999999 0.00148078 0 -0.00148063 0.999892 0.0145939 2.16104e-005 -0.0145939 0.999893 0.000273709 0.0211523 0.00244353</i>
                        <i>0.999999 0.00169748 -1.69407e-021 -0.00169729 0.999889 0.0148127 2.51442e-005 -0.0148127 0.99989 0.00190757 0.0234585 0.00160977</i>
                        <i>0.999998 0.00184185 1.69407e-021 -0.00184165 0.999885 0.0150277 2.76788e-005 -0.0150277 0.999887 0.00326824 0.0324265 0.000830939</i>
                        <i>0.999998 0.00190027 0 -0.00190005 0.999882 0.0152374 2.89553e-005 -0.0152374 0.999884 0.00578738 0.0369829 0.000295413</i>
                        <i>0.999998 0.00185585 0 -0.00185563 0.999879 0.0154405 2.86552e-005 -0.0154404 0.999881 0.00278081 0.0427927 0.000283424</i>
                        <i>0.999999 0.00171229 0 -0.00171208 0.999876 0.0156353 2.67721e-005 -0.0156352 0.999878 -0.000337589 0.0487891 0.000546745</i>
                        <i>0.999999 0.00148679 0 -0.0014866 0.999874 0.0158204 2.35216e-005 -0.0158204 0.999875 0.00441114 0.0423536 0.000766292</i>
                        <i>0.999999 0.00119656 0 -0.00119641 0.999871 0.0159944 1.91383e-005 -0.0159943 0.999872 0.00715339 0.0465557 0.000664316</i>
                        <i>1 0.000858819 -8.47033e-022 -0.000858706 0.999869 0.0161557 1.38748e-005 -0.0161557 0.999869 0.00789453 0.0471557 -5.27608e-005</i>
                        <i>1 0.000490761 0 -0.000490696 0.999867 0.0163029 8.00083e-006 -0.0163029 0.999867 0.00922287 0.05727 -0.000645471</i>
                        <i>1 0.000109602 0 -0.000109587 0.999865 0.0164345 1.80126e-006 -0.0164345 0.999865 0.00060818 0.0624698 -0.000462239</i>
                        <i>1 -0.000267451 0 0.000267415 0.999863 0.0165491 -4.42608e-006 -0.0165491 0.999863 -0.00123362 0.0587908 -3.46571e-005</i>
                        <i>1 -0.000623192 0 0.000623106 0.999861 0.0166452 -1.03731e-005 -0.0166452 0.999861 -0.00217205 0.0610106 0.000246352</i>
                        <i>1 -0.00094041 -1.69407e-021 0.000940278 0.99986 0.0167212 -1.57248e-005 -0.0167212 0.99986 -0.00185483 0.0600018 0.00069032</i>
                        <i>0.999999 -0.0012019 0 0.00120173 0.999859 0.0167523 -2.01345e-005 -0.0167523 0.99986 0.00181198 0.0549908 0.00148067</i>
                        <i>0.999999 -0.00139045 0 0.00139025 0.999859 0.0167199 -2.32481e-005 -0.0167199 0.99986 0.00221507 0.0534134 0.00213789</i>
                        <i>0.999999 -0.00148885 -1.69407e-021 0.00148864 0.999861 0.0166323 -2.47631e-005 -0.0166323 0.999862 -0.00239784 0.0510691 0.00240636</i>
                        <i>0.999999 -0.00148543 0 0.00148523 0.999863 0.0164979 -2.45065e-005 -0.0164979 0.999864 0.00625942 0.0463101 0.00229615</i>
                        <i>0.999999 -0.00139035 0 0.00139016 0.999866 0.0163248 -2.26972e-005 -0.0163248 0.999867 0.00644001 0.0426863 0.00182744</i>
                        <i>0.999999 -0.00121914 1.69407e-021 0.00121898 0.999869 0.0161214 -1.96543e-005 -0.0161214 0.99987 -0.00132225 0.0341241 0.00130774</i>
                        <i>1 -0.000987344 0 0.000987219 0.999873 0.0158959 -1.56947e-005 -0.0158959 0.999874 -0.00795696 0.0246315 0.000839446</i>
                        <i>1 -0.000710499 0 0.000710412 0.999877 0.0156566 -1.1124e-005 -0.0156566 0.999877 -0.00294754 0.0165129 0.000174687</i>
                        <i>1 -0.000404143 0 0.000404095 0.999881 0.0154119 -6.22859e-006 -0.0154119 0.999881 0.00504303 0.00964393 -0.000743315</i>
                        <i>1 -8.38143e-005 0 8.38047e-005 0.999885 0.0151698 -1.27145e-006 -0.0151698 0.999885 0.00738682 0.00654919 -0.00163012</i>
                        <i>1 0.000234949 2.11758e-022 -0.000234923 0.999888 0.0149388 3.50986e-006 -0.0149388 0.999888 -0.00152596 -0.000818955 -0.00230358</i>
                        <i>1 0.000536607 0 -0.000536549 0.999891 0.0147271 7.90267e-006 -0.0147271 0.999892 -0.00786393 -0.00412229 -0.00184541</i>
                        <i>1 0.000805622 0 -0.000805537 0.999894 0.014543 1.17162e-005 -0.014543 0.999894 -0.01138 -0.00652755 -0.000167579</i>
                    </KeyFrames>
                </p>
            </i>
            <i>
                <p>
                    <Name><![CDATA[lprop_1]]></Name>
                    <Exclude>0</Exclude>
                    <Additive>0</Additive>
                    <IKPriority>0</IKPriority>
                    <IKRotLimits>-1e+010 -1e+010 -1e+010 1e+010 1e+010 1e+010</IKRotLimits>
                    <IKRotLimitOrder>0</IKRotLimitOrder>
                    <KeyFrames count="61">
                        <i>0.540075 0.841528 0.0122333 -0.841617 0.540018 0.00786417 1.17162e-005 -0.014543 0.999894 5.90309 2.06487 7.10261</i>
                        <i>0.0465909 0.998811 0.0143491 -0.998914 0.0465858 0.000685442 1.61626e-005 -0.0143655 0.999897 5.90679 2.06737 7.10068</i>
                        <i>-0.459384 0.888149 0.0125933 -0.888238 -0.459338 -0.00649019 2.03326e-005 -0.0141673 0.9999 5.90314 2.07112 7.09891</i>
                        <i>-0.842115 0.539245 0.00754518 -0.539297 -0.842034 -0.0117371 2.41254e-005 -0.0139531 0.999903 5.9067 2.06734 7.09742</i>
                        <i>-0.998954 0.0457124 0.000654984 -0.0457171 -0.99886 -0.0137115 2.74527e-005 -0.0137271 0.999906 5.90481 2.06388 7.0966</i>
                        <i>-0.887868 -0.460058 -0.00618162 0.460099 -0.887787 -0.0119946 3.02387e-005 -0.0134938 0.999909 5.91047 2.06293 7.09671</i>
                        <i>-0.538694 -0.842428 -0.011152 0.842501 -0.538646 -0.00716904 3.24196e-005 -0.0132575 0.999912 5.91083 2.0571 7.09743</i>
                        <i>-0.0451111 -0.998897 -0.0130079 0.998982 -0.0451068 -0.000621371 3.39425e-005 -0.0130227 0.999915 5.90712 2.05691 7.09854</i>
                        <i>0.460522 -0.887575 -0.0113723 0.887648 0.460485 0.00586094 3.47638e-005 -0.0127937 0.999918 5.90327 2.05425 7.09902</i>
                        <i>0.842677 -0.538377 -0.00680003 0.53842 0.84261 0.010578 3.48465e-005 -0.0125751 0.999921 5.9026 2.05406 7.0984</i>
                        <i>0.998989 -0.0449528 -0.000590283 0.0449566 0.998913 0.0123571 3.41578e-005 -0.0123711 0.999923 5.90034 2.05463 7.09797</i>
                        <i>0.887665 0.460456 0.00558263 -0.460489 0.887599 0.0108323 3.26653e-005 -0.0121862 0.999926 5.90543 2.05176 7.09827</i>
                        <i>0.538664 0.84246 0.0101151 -0.842521 0.538625 0.00650247 2.98352e-005 -0.0120248 0.999928 5.9099 2.0455 7.09867</i>
                        <i>0.0455758 0.99889 0.0118778 -0.998961 0.0455723 0.000567391 2.5463e-005 -0.0118913 0.999929 5.90467 2.04114 7.09892</i>
                        <i>-0.459613 0.888057 0.0104802 -0.888119 -0.459582 -0.00540117 1.99727e-005 -0.0117901 0.999931 5.90564 2.03877 7.0986</i>
                        <i>-0.841815 0.539729 0.00634067 -0.539766 -0.841757 -0.0098634 1.37456e-005 -0.0117256 0.999931 5.90435 2.04054 7.09769</i>
                        <i>-0.99889 0.047103 0.000558369 -0.0471064 -0.998821 -0.0116889 7.12717e-006 -0.0117023 0.999932 5.90443 2.03777 7.09701</i>
                        <i>-0.888879 -0.45811 -0.00537104 0.458142 -0.888818 -0.0104218 4.37703e-007 -0.0117244 0.999931 5.90524 2.03746 7.09682</i>
                        <i>-0.541181 -0.840847 -0.00991069 0.840906 -0.541144 -0.00637107 -6.00718e-006 -0.0117819 0.999931 5.90798 2.04164 7.0974</i>
                        <i>-0.0487126 -0.998743 -0.0118471 0.998813 -0.0487093 -0.000565921 -1.18555e-005 -0.0118606 0.99993 5.90754 2.03495 7.09865</i>
                        <i>0.456865 -0.889473 -0.0106305 0.889536 0.456832 0.00547862 -1.67282e-005 -0.0119592 0.999928 5.92 2.03521 7.09977</i>
                        <i>0.840275 -0.542121 -0.0065302 0.54216 0.840214 0.0101582 -2.02214e-005 -0.0120761 0.999927 5.91231 2.03308 7.10064</i>
                        <i>0.998774 -0.0495028 -0.000582594 0.0495063 0.998699 0.012196 -2.19014e-005 -0.0122099 0.999925 5.90912 2.0382 7.10139</i>
                        <i>0.889707 0.456497 0.00566182 -0.456532 0.889639 0.010986 -2.19188e-005 -0.0123591 0.999924 5.91012 2.04379 7.10201</i>
                        <i>0.54215 0.840216 0.0105334 -0.840282 0.542107 0.00677142 -2.08098e-005 -0.0125222 0.999922 5.91325 2.04834 7.10225</i>
                        <i>0.0491849 0.998709 0.0126833 -0.99879 0.0491812 0.000605864 -1.86962e-005 -0.0126977 0.999919 5.90779 2.05313 7.10232</i>
                        <i>-0.457025 0.88938 0.0114527 -0.889454 -0.456986 -0.00590237 -1.5704e-005 -0.0128842 0.999917 5.90979 2.05902 7.10309</i>
                        <i>-0.840687 0.541475 0.00707315 -0.541522 -0.840615 -0.0110028 -1.1966e-005 -0.0130802 0.999914 5.91289 2.06763 7.10439</i>
                        <i>-0.998833 0.0482839 0.000633854 -0.0482881 -0.998745 -0.0132691 -7.62442e-006 -0.0132842 0.999912 5.9087 2.07443 7.10531</i>
                        <i>-0.888992 -0.45788 -0.00618206 0.457922 -0.888911 -0.0119954 -2.8323e-006 -0.0134947 0.999909 5.90151 2.079 7.10599</i>
                        <i>-0.540615 -0.841191 -0.0115329 0.84127 -0.540564 -0.00741391 2.2448e-006 -0.0137103 0.999906 5.89525 2.08512 7.10708</i>
                        <i>-0.0471809 -0.998789 -0.0139137 0.998886 -0.0471762 -0.000664627 7.42789e-006 -0.0139295 0.999903 5.89127 2.09077 7.10827</i>
                        <i>0.458895 -0.888401 -0.0125786 0.88849 0.45885 0.00648262 1.25238e-005 -0.0141508 0.9999 5.89588 2.08874 7.10871</i>
                        <i>0.841833 -0.539682 -0.00777211 0.539738 0.841746 0.0120901 1.73252e-005 -0.0143728 0.999897 5.8993 2.09671 7.10855</i>
                        <i>0.998931 -0.0462307 -0.000696346 0.046236 0.998824 0.0145773 2.16104e-005 -0.0145939 0.999893 5.90403 2.10444 7.10824</i>
                        <i>0.888117 0.459567 0.00678583 -0.459617 0.888019 0.0131669 2.51442e-005 -0.0148127 0.99989 5.90521 2.10647 7.10786</i>
                        <i>0.539202 0.842082 0.012641 -0.842176 0.539141 0.00812626 2.76788e-005 -0.0150277 0.999887 5.90628 2.11476 7.10753</i>
                        <i>0.0458165 0.998834 0.0152201 -0.99895 0.0458108 0.000727047 2.89553e-005 -0.0152374 0.999884 5.90868 2.11817 7.10743</i>
                        <i>-0.459757 0.887939 0.013725 -0.888045 -0.459702 -0.0070734 2.86552e-005 -0.0154404 0.999881 5.90577 2.12228 7.10783</i>
                        <i>-0.842107 0.539245 0.0084548 -0.539311 -0.842004 -0.0131521 2.67721e-005 -0.0156352 0.999878 5.90295 2.12604 7.1085</i>
                        <i>-0.998931 0.046223 0.000754856 -0.0462291 -0.998806 -0.0158024 2.35216e-005 -0.0158204 0.999875 5.90817 2.11696 7.1091</i>
                        <i>-0.888348 -0.459113 -0.00732715 0.459172 -0.888234 -0.0142173 1.91383e-005 -0.0159943 0.999872 5.91151 2.11821 7.10936</i>
                        <i>-0.54003 -0.841536 -0.0135899 0.841645 -0.53996 -0.00873623 1.38748e-005 -0.0161557 0.999869 5.91295 2.11567 7.10897</i>
                        <i>-0.0472235 -0.998752 -0.0162843 0.998884 -0.0472171 -0.000777872 8.00083e-006 -0.0163029 0.999867 5.91504 2.12256 7.10869</i>
                        <i>0.458206 -0.888726 -0.0146086 0.888846 0.458144 0.00752881 1.80126e-006 -0.0164345 0.999865 5.90722 2.12457 7.10914</i>
                        <i>0.841037 -0.540904 -0.00894898 0.540977 0.840922 0.0139208 -4.42608e-006 -0.0165491 0.999863 5.90615 2.11785 7.1098</i>
                        <i>0.998831 -0.0483291 -0.000794196 0.0483357 0.998693 0.0166262 -1.03731e-005 -0.0166452 0.999861 5.90594 2.11729 7.11028</i>
                        <i>0.889326 0.457209 0.00766014 -0.457273 0.889202 0.0148634 -1.57248e-005 -0.0167212 0.99986 5.90691 2.11386 7.11088</i>
                        <i>0.541763 0.840413 0.0140917 -0.840531 0.541687 0.00905883 -2.01345e-005 -0.0167523 0.99986 5.91112 2.10709 7.11174</i>
                        <i>0.0491034 0.998654 0.0167009 -0.998794 0.0490969 0.000797786 -2.32481e-005 -0.0167199 0.99986 5.91191 2.10463 7.11233</i>
                        <i>-0.456786 0.889454 0.0147844 -0.889577 -0.456722 -0.00761944 -2.47631e-005 -0.0166323 0.999862 5.9075 2.10232 7.11242</i>
                        <i>-0.840378 0.541927 0.00892127 -0.542001 -0.840263 -0.0138777 -2.45065e-005 -0.0164979 0.999864 5.91615 2.09854 7.11203</i>
                        <i>-0.998794 0.0490967 0.000778929 -0.0491029 -0.998661 -0.0163062 -2.26972e-005 -0.0163248 0.999867 5.91614 2.09671 7.1112</i>
                        <i>-0.889454 -0.456965 -0.00738535 0.457024 -0.889339 -0.0143303 -1.96543e-005 -0.0161214 0.99987 5.90802 2.09061 7.11027</i>
                        <i>-0.541582 -0.840542 -0.0133714 0.840648 -0.541514 -0.00859575 -1.56947e-005 -0.0158959 0.999874 5.90091 2.08409 7.10933</i>
                        <i>-0.0484236 -0.998704 -0.0156388 0.998827 -0.0484178 -0.000747041 -1.1124e-005 -0.0156566 0.999877 5.90535 2.0793 7.10817</i>
                        <i>0.457749 -0.888976 -0.0136995 0.889081 0.457695 0.0070603 -6.22859e-006 -0.0154119 0.999881 5.91271 2.07598 7.10675</i>
                        <i>0.841136 -0.540761 -0.00820312 0.540823 0.841039 0.0127606 -1.27145e-006 -0.0151698 0.999885 5.91439 2.0765 7.10536</i>
                        <i>0.998872 -0.0474736 -0.000712785 0.047479 0.998761 0.0149218 3.50986e-006 -0.0149388 0.999888 5.90482 2.07266 7.10421</i>
                        <i>0.88865 0.458536 0.00674662 -0.458586 0.888554 0.0130909 7.90267e-006 -0.0147271 0.999892 5.89786 2.07264 7.10423</i>
                        <i>0.540075 0.841528 0.0122333 -0.841617 0.540018 0.00786417 1.17162e-005 -0.014543 0.999894 5.89378 2.07313 7.10552</i>
                    </KeyFrames>
                </p>
            </i>
            <i>
                <p>
                    <Name><![CDATA[lprop_2]]></Name>
                    <Exclude>0</Exclude>
                    <Additive>0</Additive>
                    <IKPriority>0</IKPriority>
                    <IKRotLimits>-1e+010 -1e+010 -1e+010 1e+010 1e+010 1e+010</IKRotLimits>
                    <IKRotLimitOrder>0</IKRotLimitOrder>
                    <KeyFrames count="61">
                        <i>0.894526 -0.446969 -0.00651144 0.447016 0.894431 0.0130039 1.17162e-005 -0.014543 0.999894 12.7788 1.98083 5.96668</i>
                        <i>0.998171 0.0604484 0.000852324 -0.0604544 0.998068 0.0143402 1.61626e-005 -0.0143655 0.999897 12.7825 1.98532 5.96476</i>
                        <i>0.834043 0.551644 0.00779916 -0.551699 0.833959 0.0118274 2.03326e-005 -0.0141673 0.9999 12.7789 1.99098 5.96301</i>
                        <i>0.44619 0.894851 0.0124764 -0.894938 0.446146 0.00624732 2.41254e-005 -0.0139531 0.999903 12.7825 1.98897 5.96154</i>
                        <i>-0.0613275 0.998024 0.0137029 -0.998118 -0.0613221 -0.00081445 2.74527e-005 -0.0137271 0.999906 12.7806 1.98712 5.96074</i>
                        <i>-0.552371 0.833522 0.0112651 -0.833598 -0.552321 -0.00742835 3.02387e-005 -0.0134938 0.999909 12.7863 1.98756 5.96087</i>
                        <i>-0.895258 0.445509 0.00593588 -0.445549 -0.895179 -0.0118544 3.24196e-005 -0.0132575 0.999912 12.7867 1.98287 5.96161</i>
                        <i>-0.99808 -0.0619282 -0.000772658 0.061933 -0.997996 -0.0129998 3.39425e-005 -0.0130227 0.999915 12.783 1.98353 5.96275</i>
                        <i>-0.833335 -0.552723 -0.007043 0.552768 -0.833267 -0.0106807 3.47638e-005 -0.0127937 0.999918 12.7791 1.98136 5.96325</i>
                        <i>-0.445257 -0.895332 -0.0112442 0.895403 -0.445222 -0.00563034 3.48465e-005 -0.0125751 0.999921 12.7785 1.9813 5.96265</i>
                        <i>0.0620873 -0.997994 -0.0123494 0.998071 0.062083 0.000733999 3.41578e-005 -0.0123711 0.999923 12.7762 1.98157 5.96224</i>
                        <i>0.552737 -0.833293 -0.0101735 0.833356 0.552697 0.00670856 3.26653e-005 -0.0121862 0.999926 12.7813 1.97793 5.96255</i>
                        <i>0.895274 -0.445484 -0.00538397 0.445517 0.895209 0.0107522 2.98352e-005 -0.0120248 0.999928 12.7858 1.97012 5.96297</i>
                        <i>0.998109 0.0614646 0.000705531 -0.0614687 0.998038 0.0118704 2.5463e-005 -0.0118913 0.999929 12.7805 1.96327 5.96323</i>
                        <i>0.8339 0.551877 0.0064905 -0.551915 0.833842 0.00984282 1.99727e-005 -0.0117901 0.999931 12.7814 1.95771 5.96292</i>
                        <i>0.446688 0.894628 0.0104847 -0.89469 0.446657 0.00525 1.37456e-005 -0.0117256 0.999931 12.7801 1.95582 5.96202</i>
                        <i>-0.0599393 0.998134 0.0116816 -0.998202 -0.0599353 -0.000694311 7.12717e-006 -0.0117023 0.999932 12.7801 1.94915 5.96134</i>
                        <i>-0.550533 0.834756 0.00978791 -0.834813 -0.550495 -0.0064543 4.37703e-007 -0.0117244 0.999931 12.7809 1.94493 5.96115</i>
                        <i>-0.893937 0.448161 0.00527517 -0.448193 -0.893875 -0.0105349 -6.00718e-006 -0.0117819 0.999931 12.7836 1.94542 5.96172</i>
                        <i>-0.998297 -0.0583298 -0.000703713 0.058334 -0.998227 -0.0118397 -1.18555e-005 -0.0118606 0.99993 12.7831 1.93545 5.96297</i>
                        <i>-0.835603 -0.549294 -0.00658357 0.549333 -0.835544 -0.00998397 -1.67282e-005 -0.0119592 0.999928 12.7955 1.93307 5.96408</i>
                        <i>-0.449233 -0.893349 -0.0107981 0.893415 -0.4492 -0.00540693 -2.02214e-005 -0.0120761 0.999927 12.7878 1.92918 5.96493</i>
                        <i>0.0575407 -0.998269 -0.0121884 0.998343 0.0575362 0.000724431 -2.19014e-005 -0.0122099 0.999925 12.7846 1.93363 5.96567</i>
                        <i>0.549021 -0.835745 -0.0103178 0.835809 0.548978 0.00680372 -2.19188e-005 -0.0123591 0.999924 12.7856 1.93953 5.96628</i>
                        <i>0.89342 -0.449187 -0.00560665 0.449222 0.89335 0.0111969 -2.08098e-005 -0.0125222 0.999922 12.7887 1.94503 5.96651</i>
                        <i>0.998325 0.057857 0.000753378 -0.0578619 0.998244 0.0126754 -1.86962e-005 -0.0126977 0.999919 12.7833 1.95133 5.96655</i>
                        <i>0.835504 0.549438 0.00709279 -0.549484 0.835435 0.0107562 -1.5704e-005 -0.0128842 0.999917 12.7853 1.95918 5.96731</i>
                        <i>0.448554 0.893679 0.0116959 -0.893756 0.448516 0.00585649 -1.1966e-005 -0.0130802 0.999914 12.7885 1.9701 5.96859</i>
                        <i>-0.0587583 0.998184 0.0132608 -0.998272 -0.058753 -0.000788168 -7.62442e-006 -0.0132842 0.999912 12.7843 1.97947 5.96949</i>
                        <i>-0.550327 0.834873 0.0112659 -0.834949 -0.550277 -0.00742888 -2.8323e-006 -0.0134947 0.999909 12.7771 1.98679 5.97016</i>
                        <i>-0.894239 0.447548 0.00613863 -0.447591 -0.894155 -0.0122593 2.2448e-006 -0.0137103 0.999906 12.7709 1.99571 5.97123</i>
                        <i>-0.998206 -0.0598591 -0.000826474 0.0598648 -0.99811 -0.013905 7.42789e-006 -0.0139295 0.999903 12.767 2.00416 5.9724</i>
                        <i>-0.834346 -0.551186 -0.00779007 0.551241 -0.834263 -0.0118136 1.25238e-005 -0.0141508 0.9999 12.7716 2.0048 5.97281</i>
                        <i>-0.446658 -0.894612 -0.0128516 0.894705 -0.446612 -0.00643522 1.73252e-005 -0.0143728 0.999897 12.7751 2.01523 5.97263</i>
                        <i>0.060809 -0.998043 -0.0145682 0.998149 0.0608029 0.000865871 2.16104e-005 -0.0145939 0.999893 12.7798 2.0251 5.9723</i>
                        <i>0.551919 -0.833806 -0.0123661 0.833898 0.551858 0.00815442 2.51442e-005 -0.0148127 0.99989 12.781 2.02886 5.97191</i>
                        <i>0.894989 -0.446038 -0.00672844 0.446089 0.894888 0.0134372 2.76788e-005 -0.0150277 0.999887 12.7821 2.03839 5.97155</i>
                        <i>0.998124 0.0612214 0.000904061 -0.0612281 0.998008 0.0152106 2.89553e-005 -0.0152374 0.999884 12.7845 2.04244 5.97143</i>
                        <i>0.833811 0.551984 0.00849999 -0.55205 0.833712 0.0128902 2.86552e-005 -0.0154404 0.999881 12.7816 2.04647 5.97182</i>
                        <i>0.446204 0.894822 0.0139805 -0.894931 0.446149 0.00700047 2.67721e-005 -0.0156352 0.999878 12.7787 2.04947 5.97247</i>
                        <i>-0.0608159 0.998024 0.0157925 -0.998149 -0.0608086 -0.000938654 2.35216e-005 -0.0158204 0.999875 12.7839 2.03905 5.97306</i>
                        <i>-0.5515 0.834068 0.0133526 -0.834175 -0.55143 -0.00880492 1.91383e-005 -0.0159943 0.999872 12.7873 2.0385 5.9733</i>
                        <i>-0.894549 0.446911 0.0072335 -0.446969 -0.894433 -0.0144459 1.38748e-005 -0.0161557 0.999869 12.7887 2.03382 5.9729</i>
                        <i>-0.998209 -0.0598144 -0.00096729 0.0598222 -0.998076 -0.0162742 8.00083e-006 -0.0163029 0.999867 12.7907 2.03835 5.9726</i>
                        <i>-0.834773 -0.550519 -0.00904725 0.550594 -0.834661 -0.0137201 1.80126e-006 -0.0164345 0.999865 12.7829 2.0379 5.97304</i>
                        <i>-0.447976 -0.893923 -0.0147977 0.894046 -0.447915 -0.00740965 -4.42608e-006 -0.0165491 0.999863 12.7818 2.02871 5.9737</i>
                        <i>0.0587107 -0.998137 -0.0166159 0.998275 0.0587024 0.000987604 -1.03731e-005 -0.0166452 0.999861 12.7815 2.02581 5.97417</i>
                        <i>0.549717 -0.835234 -0.0139594 0.835351 0.54964 0.00920507 -1.57248e-005 -0.0167212 0.99986 12.7825 2.02029 5.97476</i>
                        <i>0.893627 -0.448748 -0.0075006 0.448811 0.893501 0.0149793 -2.01345e-005 -0.0167523 0.99986 12.7867 2.01175 5.97561</i>
                        <i>0.99832 0.0579349 0.000992013 -0.0579434 0.99818 0.0166904 -2.32481e-005 -0.0167199 0.99986 12.7874 2.00796 5.97621</i>
                        <i>0.835652 0.549183 0.00915615 -0.549259 0.835537 0.0138852 -2.47631e-005 -0.0166323 0.999862 12.783 2.00488 5.9763</i>
                        <i>0.449064 0.893378 0.0147519 -0.8935 0.449003 0.0073867 -2.45065e-005 -0.0164979 0.999864 12.7917 2.00097 5.97593</i>
                        <i>-0.0579439 0.998187 0.0162961 -0.99832 -0.0579358 -0.000968579 -2.26972e-005 -0.0163248 0.999867 12.7917 1.99959 5.97512</i>
                        <i>-0.549483 0.835396 0.0134587 -0.835505 -0.549412 -0.00887486 -1.96543e-005 -0.0161214 0.99987 12.7836 1.99443 5.9742</i>
                        <i>-0.893724 0.448562 0.00711717 -0.448618 -0.893611 -0.0142136 -1.56947e-005 -0.0158959 0.999874 12.7765 1.98925 5.97328</i>
                        <i>-0.99828 -0.0586155 -0.000928941 0.0586229 -0.998158 -0.0156291 -1.1124e-005 -0.0156566 0.999877 12.7809 1.9861 5.97214</i>
                        <i>-0.835056 -0.550099 -0.00848425 0.550164 -0.834957 -0.0128663 -6.22859e-006 -0.0154119 0.999881 12.7883 1.98461 5.97074</i>
                        <i>-0.447812 -0.894025 -0.0135643 0.894128 -0.44776 -0.00679209 -1.27145e-006 -0.0151698 0.999885 12.79 1.98706 5.96937</i>
                        <i>0.0595669 -0.998113 -0.0149125 0.998224 0.0595603 0.000886356 3.50986e-006 -0.0149388 0.999888 12.7805 1.98514 5.96824</i>
                        <i>0.55095 -0.834448 -0.0122947 0.834538 0.55089 0.00810731 7.90267e-006 -0.0147271 0.999892 12.7736 1.98696 5.96828</i>
                        <i>0.894526 -0.446969 -0.00651144 0.447016 0.894431 0.0130039 1.17162e-005 -0.014543 0.999894 12.7695 1.98909 5.96959</i>
                    </KeyFrames>
                </p>
            </i>
            <i>
                <p>
                    <Name><![CDATA[rudder]]></Name>
                    <Exclude>0</Exclude>
                    <Additive>0</Additive>
                    <IKPriority>0</IKPriority>
                    <IKRotLimits>-1e+010 -1e+010 -1e+010 1e+010 1e+010 1e+010</IKRotLimits>
                    <IKRotLimitOrder>0</IKRotLimitOrder>
                    <KeyFrames count="61">
                        <i>0.978168 -0.0250235 -0.206303 -0.000799389 0.992264 -0.124147 0.207814 0.121601 0.970581 -0.00780111 7.10252 -21.8589</i>
                        <i>0.978176 -0.0247477 -0.206299 -0.00111637 0.992241 -0.124323 0.207775 0.12184 0.970559 -0.00570401 7.09799 -21.8618</i>
                        <i>0.978184 -0.0244852 -0.206294 -0.001424 0.992216 -0.124519 0.207737 0.122097 0.970535 -0.0109103 7.09417 -21.8645</i>
                        <i>0.978191 -0.024242 -0.206288 -0.00171553 0.992189 -0.124732 0.2077 0.122366 0.970509 -0.00881364 7.08244 -21.8671</i>
                        <i>0.978198 -0.0240236 -0.206282 -0.00198421 0.99216 -0.124956 0.207667 0.122641 0.970481 -0.0120501 7.07083 -21.8691</i>
                        <i>0.978203 -0.023836 -0.206276 -0.00222331 0.992131 -0.125188 0.207637 0.122918 0.970453 -0.00758164 7.0617 -21.8701</i>
                        <i>0.978208 -0.0236847 -0.20627 -0.00242607 0.9921 -0.125422 0.207611 0.12319 0.970424 -0.0082304 7.04781 -21.8706</i>
                        <i>0.978212 -0.0235757 -0.206264 -0.00258575 0.992071 -0.125655 0.207591 0.123451 0.970395 -0.0127217 7.03987 -21.8706</i>
                        <i>0.978215 -0.0235145 -0.206258 -0.00269563 0.992042 -0.125882 0.207576 0.123696 0.970367 -0.0171089 7.02992 -21.8713</i>
                        <i>0.978217 -0.0235069 -0.206252 -0.00274895 0.992014 -0.126099 0.207569 0.123919 0.97034 -0.0180271 7.02308 -21.873</i>
                        <i>0.978216 -0.0235587 -0.206247 -0.00273897 0.991988 -0.126302 0.20757 0.124115 0.970314 -0.020223 7.0178 -21.8745</i>
                        <i>0.978215 -0.0236757 -0.206242 -0.00265897 0.991965 -0.126485 0.207579 0.124278 0.970292 -0.0147179 7.01004 -21.8751</i>
                        <i>0.97821 -0.023904 -0.206238 -0.00246115 0.991945 -0.126645 0.207604 0.124393 0.970272 -0.00924889 7.00029 -21.8755</i>
                        <i>0.978202 -0.024264 -0.206234 -0.00212402 0.991929 -0.126778 0.207646 0.124452 0.970255 -0.0127881 6.99407 -21.8759</i>
                        <i>0.978191 -0.0247224 -0.206231 -0.00168033 0.991917 -0.126878 0.207701 0.124457 0.970243 -0.00959572 6.99142 -21.8767</i>
                        <i>0.978178 -0.0252461 -0.20623 -0.00116278 0.991909 -0.126942 0.207766 0.124412 0.970235 -0.00829079 6.9944 -21.8779</i>
                        <i>0.978164 -0.0258018 -0.206229 -0.000604113 0.991907 -0.126965 0.207836 0.124317 0.970232 -0.00542045 6.99428 -21.8787</i>
                        <i>0.978149 -0.0263565 -0.20623 -3.70307e-005 0.99191 -0.126943 0.207907 0.124177 0.970234 -0.00177774 6.99799 -21.8788</i>
                        <i>0.978134 -0.0268799 -0.206231 0.000505746 0.991917 -0.126886 0.207975 0.124007 0.970241 0.00367852 7.00707 -21.878</i>
                        <i>0.978121 -0.0273426 -0.206233 0.000991497 0.991927 -0.126808 0.208036 0.123829 0.970251 0.00567226 7.00555 -21.8763</i>
                        <i>0.97811 -0.0277127 -0.206236 0.0013875 0.991939 -0.12671 0.208085 0.12365 0.970263 0.0201237 7.01102 -21.8747</i>
                        <i>0.978102 -0.0279583 -0.206239 0.00166102 0.991953 -0.126594 0.208119 0.12348 0.970278 0.0138042 7.01391 -21.8733</i>
                        <i>0.978099 -0.0280473 -0.206242 0.00177934 0.99197 -0.126462 0.208133 0.123325 0.970295 0.0112202 7.02361 -21.8718</i>
                        <i>0.9781 -0.0279968 -0.206246 0.00175929 0.991989 -0.126314 0.20813 0.123184 0.970313 0.0121271 7.0334 -21.8705</i>
                        <i>0.978103 -0.0278539 -0.206251 0.00164856 0.99201 -0.126152 0.208116 0.123049 0.970333 0.0147096 7.04202 -21.8694</i>
                        <i>0.978108 -0.0276324 -0.206255 0.00146067 0.992032 -0.125978 0.208093 0.122918 0.970355 0.00830622 7.05078 -21.8685</i>
                        <i>0.978115 -0.027346 -0.20626 0.00120917 0.992056 -0.125793 0.208062 0.12279 0.970378 0.00904609 7.06058 -21.8668</i>
                        <i>0.978123 -0.0270082 -0.206265 0.000907573 0.992081 -0.125598 0.208024 0.122663 0.970402 0.0106344 7.07307 -21.8645</i>
                        <i>0.978132 -0.0266327 -0.206271 0.000569416 0.992107 -0.125396 0.207982 0.122536 0.970427 0.00474376 7.08377 -21.8626</i>
                        <i>0.978142 -0.0262331 -0.206276 0.000208231 0.992133 -0.125187 0.207937 0.122408 0.970453 -0.00427672 7.09229 -21.8608</i>
                        <i>0.978152 -0.0258232 -0.206282 -0.000162447 0.99216 -0.124973 0.207892 0.122276 0.970479 -0.0124078 7.10244 -21.8586</i>
                        <i>0.978161 -0.0254165 -0.206287 -0.000529082 0.992187 -0.124755 0.207847 0.12214 0.970506 -0.0182434 7.11226 -21.8564</i>
                        <i>0.97817 -0.0250268 -0.206293 -0.000878135 0.992215 -0.124536 0.207804 0.121998 0.970533 -0.0154061 7.11456 -21.8548</i>
                        <i>0.978178 -0.0246676 -0.206299 -0.00119607 0.992242 -0.124316 0.207765 0.12185 0.97056 -0.0136038 7.12707 -21.8539</i>
                        <i>0.978185 -0.0243526 -0.206305 -0.00146934 0.992269 -0.124096 0.207732 0.121692 0.970587 -0.0102671 7.13957 -21.853</i>
                        <i>0.97819 -0.0240955 -0.20631 -0.0016844 0.992296 -0.123879 0.207706 0.121525 0.970613 -0.0101839 7.14666 -21.8523</i>
                        <i>0.978193 -0.0239099 -0.206316 -0.00182771 0.992322 -0.123666 0.207689 0.121346 0.970639 -0.00986032 7.16032 -21.8516</i>
                        <i>0.978195 -0.0238095 -0.206321 -0.00188573 0.992348 -0.123458 0.207682 0.121155 0.970665 -0.00776628 7.16946 -21.8506</i>
                        <i>0.978194 -0.023811 -0.206326 -0.0018417 0.992373 -0.123256 0.207688 0.120948 0.970689 -0.0104643 7.17971 -21.8492</i>
                        <i>0.97819 -0.0239113 -0.206331 -0.00169927 0.992397 -0.123063 0.207705 0.120729 0.970713 -0.0125654 7.18996 -21.8475</i>
                        <i>0.978185 -0.0240936 -0.206336 -0.00147552 0.992421 -0.122879 0.207733 0.120503 0.970735 -0.00621231 7.18758 -21.846</i>
                        <i>0.978177 -0.0243416 -0.206341 -0.00118752 0.992442 -0.122706 0.207768 0.120274 0.970756 -0.00140088 7.19558 -21.8448</i>
                        <i>0.978169 -0.0246387 -0.206345 -0.000852345 0.992462 -0.122546 0.207809 0.120047 0.970775 0.00175178 7.19971 -21.8444</i>
                        <i>0.97816 -0.0249684 -0.206348 -0.000487071 0.992481 -0.1224 0.207853 0.119827 0.970793 0.00571109 7.21304 -21.8439</i>
                        <i>0.97815 -0.025314 -0.206352 -0.00010878 0.992497 -0.122269 0.207899 0.11962 0.970809 -0.000176425 7.22112 -21.8428</i>
                        <i>0.978141 -0.0256592 -0.206355 0.000265448 0.992511 -0.122156 0.207944 0.119431 0.970822 0.000681639 7.21994 -21.8416</i>
                        <i>0.978132 -0.0259873 -0.206357 0.000618532 0.992522 -0.12206 0.207986 0.119263 0.970834 0.00229203 7.22426 -21.8406</i>
                        <i>0.978123 -0.0262819 -0.206359 0.000933387 0.992532 -0.121985 0.208024 0.119124 0.970843 0.00488312 7.22491 -21.8396</i>
