<?xml version="1.0" encoding="ISO-8859-1" ?>
<Animl Version="1">
    <ModellingPackage><![CDATA[Maya.2010]]></ModellingPackage>
    <SrcFile><![CDATA[anims\bases\~src\blue\mp_generator\mp_generator_deploy.mb]]></SrcFile>
    <FramesPerSecond>30</FramesPerSecond>
    <TotalFrames>211</TotalFrames>
    <Skeleton>
        <RefFrame>
            <Name><![CDATA[mp_generator_ref_frame]]></Name>
            <Exclude>0</Exclude>
            <Additive>0</Additive>
            <IKPriority>0</IKPriority>
            <IKRotLimits>-1e+010 -1e+010 -1e+010 1e+010 1e+010 1e+010</IKRotLimits>
            <IKRotLimitOrder>0</IKRotLimitOrder>
            <KeyFrames count="211">
                <i>1 0 0 0 1 0 0 0 1 0 0 0</i>
                <i>1 0 0 0 1 0 0 0 1 0 0 0</i>
                <i>1 0 0 0 1 0 0 0 1 0 0 0</i>
                <i>1 0 0 0 1 0 0 0 1 0 0 0</i>
                <i>1 0 0 0 1 0 0 0 1 0 0 0</i>
                <i>1 0 0 0 1 0 0 0 1 0 0 0</i>
                <i>1 0 0 0 1 0 0 0 1 0 0 0</i>
                <i>1 0 0 0 1 0 0 0 1 0 0 0</i>
                <i>1 0 0 0 1 0 0 0 1 0 0 0</i>
                <i>1 0 0 0 1 0 0 0 1 0 0 0</i>
                <i>1 0 0 0 1 0 0 0 1 0 0 0</i>
                <i>1 0 0 0 1 0 0 0 1 0 0 0</i>
                <i>1 0 0 0 1 0 0 0 1 0 0 0</i>
                <i>1 0 0 0 1 0 0 0 1 0 0 0</i>
                <i>1 0 0 0 1 0 0 0 1 0 0 0</i>
                <i>1 0 0 0 1 0 0 0 1 0 0 0</i>
                <i>1 0 0 0 1 0 0 0 1 0 0 0</i>
                <i>1 0 0 0 1 0 0 0 1 0 0 0</i>
                <i>1 0 0 0 1 0 0 0 1 0 0 0</i>
                <i>1 0 0 0 1 0 0 0 1 0 0 0</i>
                <i>1 0 0 0 1 0 0 0 1 0 0 0</i>
                <i>1 0 0 0 1 0 0 0 1 0 0 0</i>
                <i>1 0 0 0 1 0 0 0 1 0 0 0</i>
                <i>1 0 0 0 1 0 0 0 1 0 0 0</i>
                <i>1 0 0 0 1 0 0 0 1 0 0 0</i>
                <i>1 0 0 0 1 0 0 0 1 0 0 0</i>
                <i>1 0 0 0 1 0 0 0 1 0 0 0</i>
                <i>1 0 0 0 1 0 0 0 1 0 0 0</i>
                <i>1 0 0 0 1 0 0 0 1 0 0 0</i>
                <i>1 0 0 0 1 0 0 0 1 0 0 0</i>
                <i>1 0 0 0 1 0 0 0 1 0 0 0</i>
                <i>1 0 0 0 1 0 0 0 1 0 0 0</i>
                <i>1 0 0 0 1 0 0 0 1 0 0 0</i>
                <i>1 0 0 0 1 0 0 0 1 0 0 0</i>
                <i>1 0 0 0 1 0 0 0 1 0 0 0</i>
                <i>1 0 0 0 1 0 0 0 1 0 0 0</i>
                <i>1 0 0 0 1 0 0 0 1 0 0 0</i>
                <i>1 0 0 0 1 0 0 0 1 0 0 0</i>
                <i>1 0 0 0 1 0 0 0 1 0 0 0</i>
                <i>1 0 0 0 1 0 0 0 1 0 0 0</i>
                <i>1 0 0 0 1 0 0 0 1 0 0 0</i>
                <i>1 0 0 0 1 0 0 0 1 0 0 0</i>
                <i>1 0 0 0 1 0 0 0 1 0 0 0</i>
                <i>1 0 0 0 1 0 0 0 1 0 0 0</i>
                <i>1 0 0 0 1 0 0 0 1 0 0 0</i>
                <i>1 0 0 0 1 0 0 0 1 0 0 0</i>
                <i>1 0 0 0 1 0 0 0 1 0 0 0</i>
                <i>1 0 0 0 1 0 0 0 1 0 0 0</i>
                <i>1 0 0 0 1 0 0 0 1 0 0 0</i>
                <i>1 0 0 0 1 0 0 0 1 0 0 0</i>
                <i>1 0 0 0 1 0 0 0 1 0 0 0</i>
                <i>1 0 0 0 1 0 0 0 1 0 0 0</i>
                <i>1 0 0 0 1 0 0 0 1 0 0 0</i>
                <i>1 0 0 0 1 0 0 0 1 0 0 0</i>
                <i>1 0 0 0 1 0 0 0 1 0 0 0</i>
                <i>1 0 0 0 1 0 0 0 1 0 0 0</i>
                <i>1 0 0 0 1 0 0 0 1 0 0 0</i>
                <i>1 0 0 0 1 0 0 0 1 0 0 0</i>
                <i>1 0 0 0 1 0 0 0 1 0 0 0</i>
                <i>1 0 0 0 1 0 0 0 1 0 0 0</i>
                <i>1 0 0 0 1 0 0 0 1 0 0 0</i>
                <i>1 0 0 0 1 0 0 0 1 0 0 0</i>
                <i>1 0 0 0 1 0 0 0 1 0 0 0</i>
                <i>1 0 0 0 1 0 0 0 1 0 0 0</i>
                <i>1 0 0 0 1 0 0 0 1 0 0 0</i>
                <i>1 0 0 0 1 0 0 0 1 0 0 0</i>
                <i>1 0 0 0 1 0 0 0 1 0 0 0</i>
                <i>1 0 0 0 1 0 0 0 1 0 0 0</i>
                <i>1 0 0 0 1 0 0 0 1 0 0 0</i>
                <i>1 0 0 0 1 0 0 0 1 0 0 0</i>
                <i>1 0 0 0 1 0 0 0 1 0 0 0</i>
                <i>1 0 0 0 1 0 0 0 1 0 0 0</i>
                <i>1 0 0 0 1 0 0 0 1 0 0 0</i>
                <i>1 0 0 0 1 0 0 0 1 0 0 0</i>
                <i>1 0 0 0 1 0 0 0 1 0 0 0</i>
                <i>1 0 0 0 1 0 0 0 1 0 0 0</i>
                <i>1 0 0 0 1 0 0 0 1 0 0 0</i>
                <i>1 0 0 0 1 0 0 0 1 0 0 0</i>
                <i>1 0 0 0 1 0 0 0 1 0 0 0</i>
                <i>1 0 0 0 1 0 0 0 1 0 0 0</i>
                <i>1 0 0 0 1 0 0 0 1 0 0 0</i>
                <i>1 0 0 0 1 0 0 0 1 0 0 0</i>
                <i>1 0 0 0 1 0 0 0 1 0 0 0</i>
                <i>1 0 0 0 1 0 0 0 1 0 0 0</i>
                <i>1 0 0 0 1 0 0 0 1 0 0 0</i>
                <i>1 0 0 0 1 0 0 0 1 0 0 0</i>
                <i>1 0 0 0 1 0 0 0 1 0 0 0</i>
                <i>1 0 0 0 1 0 0 0 1 0 0 0</i>
                <i>1 0 0 0 1 0 0 0 1 0 0 0</i>
                <i>1 0 0 0 1 0 0 0 1 0 0 0</i>
                <i>1 0 0 0 1 0 0 0 1 0 0 0</i>
                <i>1 0 0 0 1 0 0 0 1 0 0 0</i>
                <i>1 0 0 0 1 0 0 0 1 0 0 0</i>
                <i>1 0 0 0 1 0 0 0 1 0 0 0</i>
                <i>1 0 0 0 1 0 0 0 1 0 0 0</i>
                <i>1 0 0 0 1 0 0 0 1 0 0 0</i>
                <i>1 0 0 0 1 0 0 0 1 0 0 0</i>
                <i>1 0 0 0 1 0 0 0 1 0 0 0</i>
                <i>1 0 0 0 1 0 0 0 1 0 0 0</i>
                <i>1 0 0 0 1 0 0 0 1 0 0 0</i>
                <i>1 0 0 0 1 0 0 0 1 0 0 0</i>
                <i>1 0 0 0 1 0 0 0 1 0 0 0</i>
                <i>1 0 0 0 1 0 0 0 1 0 0 0</i>
                <i>1 0 0 0 1 0 0 0 1 0 0 0</i>
                <i>1 0 0 0 1 0 0 0 1 0 0 0</i>
                <i>1 0 0 0 1 0 0 0 1 0 0 0</i>
                <i>1 0 0 0 1 0 0 0 1 0 0 0</i>
                <i>1 0 0 0 1 0 0 0 1 0 0 0</i>
                <i>1 0 0 0 1 0 0 0 1 0 0 0</i>
                <i>1 0 0 0 1 0 0 0 1 0 0 0</i>
                <i>1 0 0 0 1 0 0 0 1 0 0 0</i>
                <i>1 0 0 0 1 0 0 0 1 0 0 0</i>
                <i>1 0 0 0 1 0 0 0 1 0 0 0</i>
                <i>1 0 0 0 1 0 0 0 1 0 0 0</i>
                <i>1 0 0 0 1 0 0 0 1 0 0 0</i>
                <i>1 0 0 0 1 0 0 0 1 0 0 0</i>
                <i>1 0 0 0 1 0 0 0 1 0 0 0</i>
                <i>1 0 0 0 1 0 0 0 1 0 0 0</i>
                <i>1 0 0 0 1 0 0 0 1 0 0 0</i>
                <i>1 0 0 0 1 0 0 0 1 0 0 0</i>
                <i>1 0 0 0 1 0 0 0 1 0 0 0</i>
                <i>1 0 0 0 1 0 0 0 1 0 0 0</i>
                <i>1 0 0 0 1 0 0 0 1 0 0 0</i>
                <i>1 0 0 0 1 0 0 0 1 0 0 0</i>
                <i>1 0 0 0 1 0 0 0 1 0 0 0</i>
                <i>1 0 0 0 1 0 0 0 1 0 0 0</i>
                <i>1 0 0 0 1 0 0 0 1 0 0 0</i>
                <i>1 0 0 0 1 0 0 0 1 0 0 0</i>
                <i>1 0 0 0 1 0 0 0 1 0 0 0</i>
                <i>1 0 0 0 1 0 0 0 1 0 0 0</i>
                <i>1 0 0 0 1 0 0 0 1 0 0 0</i>
                <i>1 0 0 0 1 0 0 0 1 0 0 0</i>
                <i>1 0 0 0 1 0 0 0 1 0 0 0</i>
                <i>1 0 0 0 1 0 0 0 1 0 0 0</i>
                <i>1 0 0 0 1 0 0 0 1 0 0 0</i>
                <i>1 0 0 0 1 0 0 0 1 0 0 0</i>
                <i>1 0 0 0 1 0 0 0 1 0 0 0</i>
                <i>1 0 0 0 1 0 0 0 1 0 0 0</i>
                <i>1 0 0 0 1 0 0 0 1 0 0 0</i>
                <i>1 0 0 0 1 0 0 0 1 0 0 0</i>
                <i>1 0 0 0 1 0 0 0 1 0 0 0</i>
                <i>1 0 0 0 1 0 0 0 1 0 0 0</i>
                <i>1 0 0 0 1 0 0 0 1 0 0 0</i>
                <i>1 0 0 0 1 0 0 0 1 0 0 0</i>
                <i>1 0 0 0 1 0 0 0 1 0 0 0</i>
                <i>1 0 0 0 1 0 0 0 1 0 0 0</i>
                <i>1 0 0 0 1 0 0 0 1 0 0 0</i>
                <i>1 0 0 0 1 0 0 0 1 0 0 0</i>
                <i>1 0 0 0 1 0 0 0 1 0 0 0</i>
                <i>1 0 0 0 1 0 0 0 1 0 0 0</i>
                <i>1 0 0 0 1 0 0 0 1 0 0 0</i>
                <i>1 0 0 0 1 0 0 0 1 0 0 0</i>
                <i>1 0 0 0 1 0 0 0 1 0 0 0</i>
                <i>1 0 0 0 1 0 0 0 1 0 0 0</i>
                <i>1 0 0 0 1 0 0 0 1 0 0 0</i>
                <i>1 0 0 0 1 0 0 0 1 0 0 0</i>
                <i>1 0 0 0 1 0 0 0 1 0 0 0</i>
                <i>1 0 0 0 1 0 0 0 1 0 0 0</i>
                <i>1 0 0 0 1 0 0 0 1 0 0 0</i>
                <i>1 0 0 0 1 0 0 0 1 0 0 0</i>
                <i>1 0 0 0 1 0 0 0 1 0 0 0</i>
                <i>1 0 0 0 1 0 0 0 1 0 0 0</i>
                <i>1 0 0 0 1 0 0 0 1 0 0 0</i>
                <i>1 0 0 0 1 0 0 0 1 0 0 0</i>
                <i>1 0 0 0 1 0 0 0 1 0 0 0</i>
                <i>1 0 0 0 1 0 0 0 1 0 0 0</i>
                <i>1 0 0 0 1 0 0 0 1 0 0 0</i>
                <i>1 0 0 0 1 0 0 0 1 0 0 0</i>
                <i>1 0 0 0 1 0 0 0 1 0 0 0</i>
                <i>1 0 0 0 1 0 0 0 1 0 0 0</i>
                <i>1 0 0 0 1 0 0 0 1 0 0 0</i>
                <i>1 0 0 0 1 0 0 0 1 0 0 0</i>
                <i>1 0 0 0 1 0 0 0 1 0 0 0</i>
                <i>1 0 0 0 1 0 0 0 1 0 0 0</i>
                <i>1 0 0 0 1 0 0 0 1 0 0 0</i>
                <i>1 0 0 0 1 0 0 0 1 0 0 0</i>
                <i>1 0 0 0 1 0 0 0 1 0 0 0</i>
                <i>1 0 0 0 1 0 0 0 1 0 0 0</i>
                <i>1 0 0 0 1 0 0 0 1 0 0 0</i>
                <i>1 0 0 0 1 0 0 0 1 0 0 0</i>
                <i>1 0 0 0 1 0 0 0 1 0 0 0</i>
                <i>1 0 0 0 1 0 0 0 1 0 0 0</i>
                <i>1 0 0 0 1 0 0 0 1 0 0 0</i>
                <i>1 0 0 0 1 0 0 0 1 0 0 0</i>
                <i>1 0 0 0 1 0 0 0 1 0 0 0</i>
                <i>1 0 0 0 1 0 0 0 1 0 0 0</i>
                <i>1 0 0 0 1 0 0 0 1 0 0 0</i>
                <i>1 0 0 0 1 0 0 0 1 0 0 0</i>
                <i>1 0 0 0 1 0 0 0 1 0 0 0</i>
                <i>1 0 0 0 1 0 0 0 1 0 0 0</i>
                <i>1 0 0 0 1 0 0 0 1 0 0 0</i>
                <i>1 0 0 0 1 0 0 0 1 0 0 0</i>
                <i>1 0 0 0 1 0 0 0 1 0 0 0</i>
                <i>1 0 0 0 1 0 0 0 1 0 0 0</i>
                <i>1 0 0 0 1 0 0 0 1 0 0 0</i>
                <i>1 0 0 0 1 0 0 0 1 0 0 0</i>
                <i>1 0 0 0 1 0 0 0 1 0 0 0</i>
                <i>1 0 0 0 1 0 0 0 1 0 0 0</i>
                <i>1 0 0 0 1 0 0 0 1 0 0 0</i>
                <i>1 0 0 0 1 0 0 0 1 0 0 0</i>
                <i>1 0 0 0 1 0 0 0 1 0 0 0</i>
                <i>1 0 0 0 1 0 0 0 1 0 0 0</i>
                <i>1 0 0 0 1 0 0 0 1 0 0 0</i>
                <i>1 0 0 0 1 0 0 0 1 0 0 0</i>
                <i>1 0 0 0 1 0 0 0 1 0 0 0</i>
                <i>1 0 0 0 1 0 0 0 1 0 0 0</i>
                <i>1 0 0 0 1 0 0 0 1 0 0 0</i>
                <i>1 0 0 0 1 0 0 0 1 0 0 0</i>
                <i>1 0 0 0 1 0 0 0 1 0 0 0</i>
                <i>1 0 0 0 1 0 0 0 1 0 0 0</i>
                <i>1 0 0 0 1 0 0 0 1 0 0 0</i>
            </KeyFrames>
        </RefFrame>
        <Bones count="11">
            <i>
                <p>
                    <Name><![CDATA[mp_generator_root]]></Name>
                    <Exclude>0</Exclude>
                    <Additive>0</Additive>
                    <IKPriority>0</IKPriority>
                    <IKRotLimits>-1e+010 -1e+010 -1e+010 1e+010 1e+010 1e+010</IKRotLimits>
                    <IKRotLimitOrder>0</IKRotLimitOrder>
                    <KeyFrames count="211">
                        <i>1 0 0 0 1 0 0 0 1 0 0 0</i>
                        <i>1 0 0 0 1 0 0 0 1 0 0 0</i>
                        <i>1 0 0 0 1 0 0 0 1 0 0 0</i>
                        <i>1 0 0 0 1 0 0 0 1 0 0 0</i>
                        <i>1 0 0 0 1 0 0 0 1 0 0 0</i>
                        <i>1 0 0 0 1 0 0 0 1 0 0 0</i>
                        <i>1 0 0 0 1 0 0 0 1 0 0 0</i>
                        <i>1 0 0 0 1 0 0 0 1 0 0 0</i>
                        <i>1 0 0 0 1 0 0 0 1 0 0 0</i>
                        <i>1 0 0 0 1 0 0 0 1 0 0 0</i>
                        <i>1 0 0 0 1 0 0 0 1 0 0 0</i>
                        <i>1 0 0 0 1 0 0 0 1 0 0 0</i>
                        <i>1 0 0 0 1 0 0 0 1 0 0 0</i>
                        <i>1 0 0 0 1 0 0 0 1 0 0 0</i>
                        <i>1 0 0 0 1 0 0 0 1 0 0 0</i>
                        <i>1 0 0 0 1 0 0 0 1 0 0 0</i>
                        <i>1 0 0 0 1 0 0 0 1 0 0 0</i>
                        <i>1 0 0 0 1 0 0 0 1 0 0 0</i>
                        <i>1 0 0 0 1 0 0 0 1 0 0 0</i>
                        <i>1 0 0 0 1 0 0 0 1 0 0 0</i>
                        <i>1 0 0 0 1 0 0 0 1 0 0 0</i>
                        <i>1 0 0 0 1 0 0 0 1 0 0 0</i>
                        <i>1 0 0 0 1 0 0 0 1 0 0 0</i>
                        <i>1 0 0 0 1 0 0 0 1 0 0 0</i>
                        <i>1 0 0 0 1 0 0 0 1 0 0 0</i>
                        <i>1 0 0 0 1 0 0 0 1 0 0 0</i>
                        <i>1 0 0 0 1 0 0 0 1 0 0 0</i>
                        <i>1 0 0 0 1 0 0 0 1 0 0 0</i>
                        <i>1 0 0 0 1 0 0 0 1 0 0 0</i>
                        <i>1 0 0 0 1 0 0 0 1 0 0 0</i>
                        <i>1 0 0 0 1 0 0 0 1 0 0 0</i>
                        <i>1 0 0 0 1 0 0 0 1 0 0 0</i>
                        <i>1 0 0 0 1 0 0 0 1 0 0 0</i>
                        <i>1 0 0 0 1 0 0 0 1 0 0 0</i>
                        <i>1 0 0 0 1 0 0 0 1 0 0 0</i>
                        <i>1 0 0 0 1 0 0 0 1 0 0 0</i>
                        <i>1 0 0 0 1 0 0 0 1 0 0 0</i>
                        <i>1 0 0 0 1 0 0 0 1 0 0 0</i>
                        <i>1 0 0 0 1 0 0 0 1 0 0 0</i>
                        <i>1 0 0 0 1 0 0 0 1 0 0 0</i>
                        <i>1 0 0 0 1 0 0 0 1 0 0 0</i>
                        <i>1 0 0 0 1 0 0 0 1 0 0 0</i>
                        <i>1 0 0 0 1 0 0 0 1 0 0 0</i>
                        <i>1 0 0 0 1 0 0 0 1 0 0 0</i>
                        <i>1 0 0 0 1 0 0 0 1 0 0 0</i>
                        <i>1 0 0 0 1 0 0 0 1 0 0 0</i>
                        <i>1 0 0 0 1 0 0 0 1 0 0 0</i>
                        <i>1 0 0 0 1 0 0 0 1 0 0 0</i>
                        <i>1 0 0 0 1 0 0 0 1 0 0 0</i>
                        <i>1 0 0 0 1 0 0 0 1 0 0 0</i>
                        <i>1 0 0 0 1 0 0 0 1 0 0 0</i>
                        <i>1 0 0 0 1 0 0 0 1 0 0 0</i>
                        <i>1 0 0 0 1 0 0 0 1 0 0 0</i>
                        <i>1 0 0 0 1 0 0 0 1 0 0 0</i>
                        <i>1 0 0 0 1 0 0 0 1 0 0 0</i>
                        <i>1 0 0 0 1 0 0 0 1 0 0 0</i>
                        <i>1 0 0 0 1 0 0 0 1 0 0 0</i>
                        <i>1 0 0 0 1 0 0 0 1 0 0 0</i>
                        <i>1 0 0 0 1 0 0 0 1 0 0 0</i>
                        <i>1 0 0 0 1 0 0 0 1 0 0 0</i>
                        <i>1 0 0 0 1 0 0 0 1 0 0 0</i>
                        <i>1 0 0 0 1 0 0 0 1 0 0 0</i>
                        <i>1 0 0 0 1 0 0 0 1 0 0 0</i>
                        <i>1 0 0 0 1 0 0 0 1 0 0 0</i>
                        <i>1 0 0 0 1 0 0 0 1 0 0 0</i>
                        <i>1 0 0 0 1 0 0 0 1 0 0 0</i>
                        <i>1 0 0 0 1 0 0 0 1 0 0 0</i>
                        <i>1 0 0 0 1 0 0 0 1 0 0 0</i>
                        <i>1 0 0 0 1 0 0 0 1 0 0 0</i>
                        <i>1 0 0 0 1 0 0 0 1 0 0 0</i>
                        <i>1 0 0 0 1 0 0 0 1 0 0 0</i>
                        <i>1 0 0 0 1 0 0 0 1 0 0 0</i>
                        <i>1 0 0 0 1 0 0 0 1 0 0 0</i>
                        <i>1 0 0 0 1 0 0 0 1 0 0 0</i>
                        <i>1 0 0 0 1 0 0 0 1 0 0 0</i>
                        <i>1 0 0 0 1 0 0 0 1 0 0 0</i>
                        <i>1 0 0 0 1 0 0 0 1 0 0 0</i>
                        <i>1 0 0 0 1 0 0 0 1 0 0 0</i>
                        <i>1 0 0 0 1 0 0 0 1 0 0 0</i>
                        <i>1 0 0 0 1 0 0 0 1 0 0 0</i>
                        <i>1 0 0 0 1 0 0 0 1 0 0 0</i>
                        <i>1 0 0 0 1 0 0 0 1 0 0 0</i>
                        <i>1 0 0 0 1 0 0 0 1 0 0 0</i>
                        <i>1 0 0 0 1 0 0 0 1 0 0 0</i>
                        <i>1 0 0 0 1 0 0 0 1 0 0 0</i>
                        <i>1 0 0 0 1 0 0 0 1 0 0 0</i>
                        <i>1 0 0 0 1 0 0 0 1 0 0 0</i>
                        <i>1 0 0 0 1 0 0 0 1 0 0 0</i>
                        <i>1 0 0 0 1 0 0 0 1 0 0 0</i>
                        <i>1 0 0 0 1 0 0 0 1 0 0 0</i>
                        <i>1 0 0 0 1 0 0 0 1 0 0 0</i>
                        <i>1 0 0 0 1 0 0 0 1 0 0 0</i>
                        <i>1 0 0 0 1 0 0 0 1 0 0 0</i>
                        <i>1 0 0 0 1 0 0 0 1 0 0 0</i>
                        <i>1 0 0 0 1 0 0 0 1 0 0 0</i>
                        <i>1 0 0 0 1 0 0 0 1 0 0 0</i>
                        <i>1 0 0 0 1 0 0 0 1 0 0 0</i>
                        <i>1 0 0 0 1 0 0 0 1 0 0 0</i>
                        <i>1 0 0 0 1 0 0 0 1 0 0 0</i>
                        <i>1 0 0 0 1 0 0 0 1 0 0 0</i>
                        <i>1 0 0 0 1 0 0 0 1 0 0 0</i>
                        <i>1 0 0 0 1 0 0 0 1 0 0 0</i>
                        <i>1 0 0 0 1 0 0 0 1 0 0 0</i>
                        <i>1 0 0 0 1 0 0 0 1 0 0 0</i>
                        <i>1 0 0 0 1 0 0 0 1 0 0 0</i>
                        <i>1 0 0 0 1 0 0 0 1 0 0 0</i>
                        <i>1 0 0 0 1 0 0 0 1 0 0 0</i>
                        <i>1 0 0 0 1 0 0 0 1 0 0 0</i>
                        <i>1 0 0 0 1 0 0 0 1 0 0 0</i>
                        <i>1 0 0 0 1 0 0 0 1 0 0 0</i>
                        <i>1 0 0 0 1 0 0 0 1 0 0 0</i>
                        <i>1 0 0 0 1 0 0 0 1 0 0 0</i>
                        <i>1 0 0 0 1 0 0 0 1 0 0 0</i>
                        <i>1 0 0 0 1 0 0 0 1 0 0 0</i>
                        <i>1 0 0 0 1 0 0 0 1 0 0 0</i>
                        <i>1 0 0 0 1 0 0 0 1 0 0 0</i>
                        <i>1 0 0 0 1 0 0 0 1 0 0 0</i>
                        <i>1 0 0 0 1 0 0 0 1 0 0 0</i>
                        <i>1 0 0 0 1 0 0 0 1 0 0 0</i>
                        <i>1 0 0 0 1 0 0 0 1 0 0 0</i>
                        <i>1 0 0 0 1 0 0 0 1 0 0 0</i>
                        <i>1 0 0 0 1 0 0 0 1 0 0 0</i>
                        <i>1 0 0 0 1 0 0 0 1 0 0 0</i>
                        <i>1 0 0 0 1 0 0 0 1 0 0 0</i>
                        <i>1 0 0 0 1 0 0 0 1 0 0 0</i>
                        <i>1 0 0 0 1 0 0 0 1 0 0 0</i>
                        <i>1 0 0 0 1 0 0 0 1 0 0 0</i>
                        <i>1 0 0 0 1 0 0 0 1 0 0 0</i>
                        <i>1 0 0 0 1 0 0 0 1 0 0 0</i>
                        <i>1 0 0 0 1 0 0 0 1 0 0 0</i>
                        <i>1 0 0 0 1 0 0 0 1 0 0 0</i>
                        <i>1 0 0 0 1 0 0 0 1 0 0 0</i>
                        <i>1 0 0 0 1 0 0 0 1 0 0 0</i>
                        <i>1 0 0 0 1 0 0 0 1 0 0 0</i>
                        <i>1 0 0 0 1 0 0 0 1 0 0 0</i>
                        <i>1 0 0 0 1 0 0 0 1 0 0 0</i>
                        <i>1 0 0 0 1 0 0 0 1 0 0 0</i>
                        <i>1 0 0 0 1 0 0 0 1 0 0 0</i>
                        <i>1 0 0 0 1 0 0 0 1 0 0 0</i>
                        <i>1 0 0 0 1 0 0 0 1 0 0 0</i>
                        <i>1 0 0 0 1 0 0 0 1 0 0 0</i>
                        <i>1 0 0 0 1 0 0 0 1 0 0 0</i>
                        <i>1 0 0 0 1 0 0 0 1 0 0 0</i>
                        <i>1 0 0 0 1 0 0 0 1 0 0 0</i>
                        <i>1 0 0 0 1 0 0 0 1 0 0 0</i>
                        <i>1 0 0 0 1 0 0 0 1 0 0 0</i>
                        <i>1 0 0 0 1 0 0 0 1 0 0 0</i>
                        <i>1 0 0 0 1 0 0 0 1 0 0 0</i>
                        <i>1 0 0 0 1 0 0 0 1 0 0 0</i>
                        <i>1 0 0 0 1 0 0 0 1 0 0 0</i>
                        <i>1 0 0 0 1 0 0 0 1 0 0 0</i>
                        <i>1 0 0 0 1 0 0 0 1 0 0 0</i>
                        <i>1 0 0 0 1 0 0 0 1 0 0 0</i>
                        <i>1 0 0 0 1 0 0 0 1 0 0 0</i>
                        <i>1 0 0 0 1 0 0 0 1 0 0 0</i>
                        <i>1 0 0 0 1 0 0 0 1 0 0 0</i>
                        <i>1 0 0 0 1 0 0 0 1 0 0 0</i>
                        <i>1 0 0 0 1 0 0 0 1 0 0 0</i>
                        <i>1 0 0 0 1 0 0 0 1 0 0 0</i>
                        <i>1 0 0 0 1 0 0 0 1 0 0 0</i>
                        <i>1 0 0 0 1 0 0 0 1 0 0 0</i>
                        <i>1 0 0 0 1 0 0 0 1 0 0 0</i>
                        <i>1 0 0 0 1 0 0 0 1 0 0 0</i>
                        <i>1 0 0 0 1 0 0 0 1 0 0 0</i>
                        <i>1 0 0 0 1 0 0 0 1 0 0 0</i>
                        <i>1 0 0 0 1 0 0 0 1 0 0 0</i>
                        <i>1 0 0 0 1 0 0 0 1 0 0 0</i>
                        <i>1 0 0 0 1 0 0 0 1 0 0 0</i>
                        <i>1 0 0 0 1 0 0 0 1 0 0 0</i>
                        <i>1 0 0 0 1 0 0 0 1 0 0 0</i>
                        <i>1 0 0 0 1 0 0 0 1 0 0 0</i>
                        <i>1 0 0 0 1 0 0 0 1 0 0 0</i>
                        <i>1 0 0 0 1 0 0 0 1 0 0 0</i>
                        <i>1 0 0 0 1 0 0 0 1 0 0 0</i>
                        <i>1 0 0 0 1 0 0 0 1 0 0 0</i>
                        <i>1 0 0 0 1 0 0 0 1 0 0 0</i>
                        <i>1 0 0 0 1 0 0 0 1 0 0 0</i>
                        <i>1 0 0 0 1 0 0 0 1 0 0 0</i>
                        <i>1 0 0 0 1 0 0 0 1 0 0 0</i>
                        <i>1 0 0 0 1 0 0 0 1 0 0 0</i>
                        <i>1 0 0 0 1 0 0 0 1 0 0 0</i>
                        <i>1 0 0 0 1 0 0 0 1 0 0 0</i>
                        <i>1 0 0 0 1 0 0 0 1 0 0 0</i>
                        <i>1 0 0 0 1 0 0 0 1 0 0 0</i>
                        <i>1 0 0 0 1 0 0 0 1 0 0 0</i>
                        <i>1 0 0 0 1 0 0 0 1 0 0 0</i>
                        <i>1 0 0 0 1 0 0 0 1 0 0 0</i>
                        <i>1 0 0 0 1 0 0 0 1 0 0 0</i>
                        <i>1 0 0 0 1 0 0 0 1 0 0 0</i>
                        <i>1 0 0 0 1 0 0 0 1 0 0 0</i>
                        <i>1 0 0 0 1 0 0 0 1 0 0 0</i>
                        <i>1 0 0 0 1 0 0 0 1 0 0 0</i>
                        <i>1 0 0 0 1 0 0 0 1 0 0 0</i>
                        <i>1 0 0 0 1 0 0 0 1 0 0 0</i>
                        <i>1 0 0 0 1 0 0 0 1 0 0 0</i>
                        <i>1 0 0 0 1 0 0 0 1 0 0 0</i>
                        <i>1 0 0 0 1 0 0 0 1 0 0 0</i>
                        <i>1 0 0 0 1 0 0 0 1 0 0 0</i>
                        <i>1 0 0 0 1 0 0 0 1 0 0 0</i>
                        <i>1 0 0 0 1 0 0 0 1 0 0 0</i>
                        <i>1 0 0 0 1 0 0 0 1 0 0 0</i>
                        <i>1 0 0 0 1 0 0 0 1 0 0 0</i>
                        <i>1 0 0 0 1 0 0 0 1 0 0 0</i>
                        <i>1 0 0 0 1 0 0 0 1 0 0 0</i>
                        <i>1 0 0 0 1 0 0 0 1 0 0 0</i>
                        <i>1 0 0 0 1 0 0 0 1 0 0 0</i>
                        <i>1 0 0 0 1 0 0 0 1 0 0 0</i>
                        <i>1 0 0 0 1 0 0 0 1 0 0 0</i>
                        <i>1 0 0 0 1 0 0 0 1 0 0 0</i>
                        <i>1 0 0 0 1 0 0 0 1 0 0 0</i>
                        <i>1 0 0 0 1 0 0 0 1 0 0 0</i>
                    </KeyFrames>
                </p>
            </i>
            <i>
                <p>
                    <Name><![CDATA[front_crate]]></Name>
                    <Exclude>0</Exclude>
                    <Additive>0</Additive>
                    <IKPriority>0</IKPriority>
                    <IKRotLimits>-1e+010 -1e+010 -1e+010 1e+010 1e+010 1e+010</IKRotLimits>
                    <IKRotLimitOrder>0</IKRotLimitOrder>
                    <KeyFrames count="211">
                        <i>1 0 0 0 1 0 0 0 1 0 -6.03192 6.68786</i>
                        <i>1 0 0 0 1 0 0 0 1 0 -6.03192 6.68786</i>
                        <i>1 0 0 0 1 0 0 0 1 0 -6.03192 6.68786</i>
                        <i>1 0 0 0 1 0 0 0 1 0 -6.03192 6.68786</i>
                        <i>1 0 0 0 1 0 0 0 1 0 -6.03192 6.68786</i>
                        <i>1 0 0 0 1 0 0 0 1 0 -6.03192 6.68786</i>
                        <i>1 0 0 0 1 0 0 0 1 0 -6.03192 6.68786</i>
                        <i>1 0 0 0 1 0 0 0 1 0 -6.03192 6.68786</i>
                        <i>1 0 0 0 1 0 0 0 1 0 -6.03192 6.68786</i>
                        <i>1 0 0 0 1 0 0 0 1 0 -6.03192 6.68786</i>
                        <i>1 0 0 0 1 0 0 0 1 0 -6.03192 6.68786</i>
                        <i>1 0 0 0 1 0 0 0 1 0 -6.03192 6.68786</i>
                        <i>1 0 0 0 1 0 0 0 1 0 -6.03192 6.68786</i>
                        <i>1 0 0 0 1 0 0 0 1 0 -6.03192 6.68786</i>
                        <i>1 0 0 0 1 0 0 0 1 0 -6.03192 6.68786</i>
                        <i>1 0 0 0 1 0 0 0 1 0 -6.03192 6.68786</i>
                        <i>1 0 0 0 1 0 0 0 1 0 -6.03192 6.68786</i>
                        <i>1 0 0 0 1 0 0 0 1 0 -6.03192 6.68786</i>
                        <i>1 0 0 0 1 0 0 0 1 0 -6.03192 6.68786</i>
                        <i>1 0 0 0 1 0 0 0 1 0 -6.03192 6.68786</i>
                        <i>1 0 0 0 1 0 0 0 1 0 -6.03192 6.68786</i>
                        <i>1 0 0 0 1 0 0 0 1 0 -6.03192 6.68786</i>
                        <i>1 0 0 0 1 0 0 0 1 0 -6.03192 6.68786</i>
                        <i>1 0 0 0 1 0 0 0 1 0 -6.03192 6.68786</i>
                        <i>1 0 0 0 1 0 0 0 1 0 -6.03192 6.68786</i>
                        <i>1 0 0 0 1 0 0 0 1 0 -6.03192 6.68786</i>
                        <i>1 0 0 0 1 0 0 0 1 0 -6.03192 6.68786</i>
                        <i>1 0 0 0 1 0 0 0 1 0 -6.03192 6.68786</i>
                        <i>1 0 0 0 1 0 0 0 1 0 -6.03192 6.68786</i>
                        <i>1 0 0 0 1 0 0 0 1 0 -6.03192 6.68786</i>
                        <i>1 0 0 0 1 0 0 0 1 0 -6.03192 6.68786</i>
                        <i>1 0 0 0 1 0 0 0 1 0 -6.03192 6.68786</i>
                        <i>1 0 0 0 1 0 0 0 1 0 -6.03192 6.68786</i>
                        <i>1 0 0 0 1 0 0 0 1 0 -6.03192 6.68786</i>
                        <i>1 0 0 0 1 0 0 0 1 0 -6.03192 6.68786</i>
                        <i>1 0 0 0 1 0 0 0 1 0 -6.03192 6.68786</i>
                        <i>1 0 0 0 1 0 0 0 1 0 -6.03192 6.68786</i>
                        <i>1 0 0 0 1 0 0 0 1 0 -6.03192 6.68786</i>
                        <i>1 0 0 0 1 0 0 0 1 0 -6.03192 6.68786</i>
                        <i>1 0 0 0 1 0 0 0 1 0 -6.03192 6.68786</i>
                        <i>1 0 0 0 1 0 0 0 1 0 -6.03192 6.68786</i>
                        <i>1 0 0 0 1 0 0 0 1 0 -6.03192 6.68786</i>
                        <i>1 0 0 0 1 0 0 0 1 0 -6.03192 6.68786</i>
                        <i>1 0 0 0 1 0 0 0 1 0 -6.03192 6.68786</i>
                        <i>1 0 0 0 1 0 0 0 1 0 -6.03192 6.68786</i>
                        <i>1 0 0 0 1 0 0 0 1 0 -6.03192 6.68786</i>
                        <i>1 0 0 0 1 0 0 0 1 0 -6.03192 6.68786</i>
                        <i>1 0 0 0 1 0 0 0 1 0 -6.03192 6.68786</i>
                        <i>1 0 0 0 1 0 0 0 1 0 -6.03192 6.68786</i>
                        <i>1 0 0 0 1 0 0 0 1 0 -6.03192 6.68786</i>
                        <i>1 0 0 0 1 0 0 0 1 0 -6.01726 6.68786</i>
                        <i>1 0 0 0 1 0 0 0 1 0 -5.97415 6.68786</i>
                        <i>1 0 0 0 1 0 0 0 1 0 -5.90385 6.68786</i>
                        <i>1 0 0 0 1 0 0 0 1 0 -5.80761 6.68786</i>
                        <i>1 0 0 0 1 0 0 0 1 0 -5.68671 6.68786</i>
                        <i>1 0 0 0 1 0 0 0 1 0 -5.54242 6.68786</i>
                        <i>1 0 0 0 1 0 0 0 1 0 -5.37598 6.68786</i>
                        <i>1 0 0 0 1 0 0 0 1 0 -5.18868 6.68786</i>
                        <i>1 0 0 0 1 0 0 0 1 0 -4.98177 6.68786</i>
                        <i>1 0 0 0 1 0 0 0 1 0 -4.75652 6.68786</i>
                        <i>1 0 0 0 1 0 0 0 1 0 -4.51419 6.68786</i>
                        <i>1 0 0 0 1 0 0 0 1 0 -4.25605 6.68786</i>
                        <i>1 0 0 0 1 0 0 0 1 0 -3.98337 6.68786</i>
                        <i>1 0 0 0 1 0 0 0 1 0 -3.69741 6.68786</i>
                        <i>1 0 0 0 1 0 0 0 1 0 -3.39943 6.68786</i>
                        <i>1 0 0 0 1 0 0 0 1 0 -3.0907 6.68786</i>
                        <i>1 0 0 0 1 0 0 0 1 0 -2.77248 6.68786</i>
                        <i>1 0 0 0 1 0 0 0 1 0 -2.44604 6.68786</i>
                        <i>1 0 0 0 1 0 0 0 1 0 -2.11265 6.68786</i>
                        <i>1 0 0 0 1 0 0 0 1 0 -1.77356 6.68786</i>
                        <i>1 0 0 0 1 0 0 0 1 0 -1.43004 6.68786</i>
                        <i>1 0 0 0 1 0 0 0 1 0 -1.08336 6.68786</i>
                        <i>1 0 0 0 1 0 0 0 1 0 -0.734791 6.68786</i>
                        <i>1 0 0 0 1 0 0 0 1 0 -0.385585 6.68786</i>
                        <i>1 0 0 0 1 0 0 0 1 0 -0.0370115 6.68786</i>
                        <i>1 0 0 0 1 0 0 0 1 0 0.309665 6.68786</i>
                        <i>1 0 0 0 1 0 0 0 1 0 0.653179 6.68786</i>
                        <i>1 0 0 0 1 0 0 0 1 0 0.992266 6.68786</i>
                        <i>1 0 0 0 1 0 0 0 1 0 1.32566 6.68786</i>
                        <i>1 0 0 0 1 0 0 0 1 0 1.6521 6.68786</i>
                        <i>1 0 0 0 1 0 0 0 1 0 1.97032 6.68786</i>
                        <i>1 0 0 0 1 0 0 0 1 0 2.27905 6.68786</i>
                        <i>1 0 0 0 1 0 0 0 1 0 2.57703 6.68786</i>
                        <i>1 0 0 0 1 0 0 0 1 0 2.86299 6.68786</i>
                        <i>1 0 0 0 1 0 0 0 1 0 3.13568 6.68786</i>
                        <i>1 0 0 0 1 0 0 0 1 0 3.39381 6.68786</i>
                        <i>1 0 0 0 1 0 0 0 1 0 3.63614 6.68786</i>
                        <i>1 0 0 0 1 0 0 0 1 0 3.86139 6.68786</i>
                        <i>1 0 0 0 1 0 0 0 1 0 4.0683 6.68786</i>
                        <i>1 0 0 0 1 0 0 0 1 0 4.2556 6.68786</i>
                        <i>1 0 0 0 1 0 0 0 1 0 4.42204 6.68786</i>
                        <i>1 0 0 0 1 0 0 0 1 0 4.56634 6.68786</i>
                        <i>1 0 0 0 1 0 0 0 1 0 4.68724 6.68786</i>
                        <i>1 0 0 0 1 0 0 0 1 0 4.78347 6.68786</i>
                        <i>1 0 0 0 1 0 0 0 1 0 4.85378 6.68786</i>
                        <i>1 0 0 0 1 0 0 0 1 0 4.89689 6.68786</i>
                        <i>1 0 0 0 1 0 0 0 1 0 4.91154 6.68786</i>
                        <i>1 0 0 0 1 0 0 0 1 0 4.92476 6.68786</i>
                        <i>1 0 0 0 1 0 0 0 1 0 4.94679 6.68786</i>
                        <i>1 0 0 0 1 0 0 0 1 0 4.88617 6.68786</i>
                        <i>1 0 0 0 1 0 0 0 1 0 4.82555 6.68786</i>
                        <i>1 0 0 0 1 0 0 0 1 0 4.82555 6.68786</i>
                        <i>0.998884 0.0467814 -0.00653546 -0.0433106 0.962292 0.268549 0.0188521 -0.267966 0.963244 0.811629 5.25908 7.67909</i>
                        <i>0.994765 0.101567 -0.0112938 -0.0820557 0.859726 0.504122 0.0609116 -0.500556 0.863559 1.60734 5.84438 8.6842</i>
                        <i>0.990151 0.13934 -0.0136263 -0.0980132 0.759382 0.64322 0.0999742 -0.63555 0.76556 2.13497 6.17431 9.36003</i>
                        <i>0.980096 0.197964 -0.0148831 -0.102774 0.570103 0.815119 0.169849 -0.797366 0.579102 2.9214 6.57616 10.3843</i>
                        <i>0.971131 0.238159 -0.0136195 -0.0914923 0.424586 0.900753 0.220305 -0.873503 0.434118 3.44214 6.78028 11.0749</i>
                        <i>0.954105 0.299376 -0.00763331 -0.0516687 0.189667 0.980488 0.294983 -0.935094 0.19643 4.21798 6.98768 12.1231</i>
                        <i>0.940358 0.340185 -0.000502036 -0.0101242 0.0294609 0.999515 0.340035 -0.939897 0.0311479 4.73197 7.05828 12.8301</i>
                        <i>0.916328 0.400137 0.0152826 0.0725858 -0.203515 0.976377 0.393795 -0.893572 -0.215531 5.49891 7.0598 13.9027</i>
                        <i>0.898254 0.438506 0.029195 0.139201 -0.346897 0.927516 0.416849 -0.829081 -0.372642 6.00819 6.98969 14.6251</i>
                        <i>0.868605 0.492471 0.0547583 0.251316 -0.533091 0.80787 0.427043 -0.687958 -0.586811 6.77051 6.77558 15.7183</i>
                        <i>0.836691 0.541032 0.0850445 0.37047 -0.673472 0.639677 0.403361 -0.503706 -0.763925 7.53289 6.42868 16.821</i>
                        <i>0.8146 0.570032 0.10719 0.448977 -0.736694 0.50567 0.367214 -0.363793 -0.856042 8.04239 6.12284 17.5599</i>
                        <i>0.780819 0.608358 0.142203 0.557423 -0.781168 0.28117 0.282136 -0.140275 -0.949064 8.81035 5.55172 18.6714</i>
                        <i>0.758108 0.630623 0.166094 0.618793 -0.776021 0.122009 0.205834 0.0102821 -0.978533 9.32584 5.09615 19.413</i>
                        <i>0.72393 0.659696 0.201806 0.686727 -0.717012 -0.119583 0.0658089 0.225155 -0.972098 10.106 4.30145 20.5235</i>
                        <i>0.701023 0.676666 0.225142 0.711949 -0.645838 -0.27572 -0.0411656 0.353576 -0.9345 10.6314 3.69834 21.261</i>
                        <i>0.666154 0.699351 0.259128 0.714339 -0.498422 -0.491218 -0.214379 0.512332 -0.8316 11.4284 2.68596 22.3605</i>
                        <i>0.642273 0.713051 0.281146 0.690337 -0.37877 -0.616415 -0.333046 0.589992 -0.73552 11.9658 1.94083 23.0879</i>
                        <i>0.604916 0.731929 0.313618 0.614913 -0.179141 -0.767978 -0.505924 0.65741 -0.558438 12.7808 0.72092 24.1689</i>
                        <i>0.565082 0.748874 0.346223 0.494237 0.0287525 -0.868852 -0.660615 0.662089 -0.353874 13.6055 -0.617746 25.2368</i>
                        <i>0.536917 0.758879 0.368542 0.391393 0.162923 -0.905686 -0.74735 0.630523 -0.209544 14.1596 -1.57409 25.9412</i>
                        <i>0.492203 0.77126 0.403602 0.20997 0.344771 -0.914902 -0.844777 0.535062 0.00775655 14.9954 -3.10167 26.9872</i>
                        <i>0.460912 0.777233 0.428333 0.0756365 0.446498 -0.891582 -0.884217 0.443338 0.147009 15.5544 -4.18079 27.6779</i>
                        <i>0.412348 0.781802 0.467712 -0.136709 0.560678 -0.816671 -0.90071 0.272812 0.338074 16.3934 -5.88891 28.7057</i>
                        <i>0.379398 0.781406 0.495441 -0.279733 0.607293 -0.743603 -0.881933 0.14353 0.448991 16.9515 -7.08669 29.3863</i>
                        <i>0.330163 0.774999 0.538859 -0.486372 0.628931 -0.606538 -0.808971 -0.0618297 0.584587 17.7846 -8.97158 30.4024</i>
                        <i>0.298122 0.766666 0.568636 -0.613086 0.610395 -0.501541 -0.731607 -0.199102 0.652004 18.336 -10.2872 31.0779</i>
                        <i>0.252298 0.74814 0.613704 -0.777217 0.534487 -0.33205 -0.576437 -0.393206 0.716317 19.1551 -12.35 32.09</i>
                        <i>0.210193 0.722965 0.658134 -0.900119 0.405847 -0.158348 -0.381582 -0.559115 0.736061 19.9627 -14.522 33.1035</i>
                        <i>0.184573 0.703027 0.686794 -0.954348 0.295183 -0.0456836 -0.234847 -0.647008 0.725415 20.4938 -16.0321 33.7811</i>
                        <i>0.150004 0.66943 0.727573 -0.988685 0.100865 0.111033 0.000942147 -0.735996 0.676985 21.2787 -18.3927 34.8019</i>
                        <i>0.129426 0.645217 0.752957 -0.978224 -0.0411713 0.203427 0.162255 -0.762889 0.625839 21.7941 -20.0319 35.4862</i>
                        <i>0.101736 0.607192 0.788015 -0.911436 -0.260549 0.318432 0.398666 -0.750621 0.526909 22.5555 -22.5918 36.5192</i>
                        <i>0.0849435 0.58116 0.809344 -0.83378 -0.403265 0.377078 0.545523 -0.706845 0.450305 23.056 -24.3677 37.2127</i>
                        <i>0.0613593 0.541523 0.838444 -0.672034 -0.598673 0.435845 0.737974 -0.590206 0.327188 23.7976 -27.1384 38.26</i>
                        <i>0.0462013 0.514724 0.85611 -0.538229 -0.709158 0.455417 0.841531 -0.481824 0.244275 24.2873 -29.0584 38.9628</i>
                        <i>0.0236363 0.473608 0.880418 -0.308204 -0.834317 0.457083 0.951027 -0.282152 0.126248 25.0172 -32.0496 40.0231</i>
                        <i>0.000891454 0.43058 0.902552 -0.0570105 -0.901062 0.429926 0.998373 -0.0518382 0.0237443 25.7454 -35.1759 41.0893</i>
                        <i>-0.0143215 0.400285 0.916279 0.11371 -0.909776 0.399222 0.993411 0.109908 -0.0324872 26.232 -37.3355 41.8024</i>
                        <i>-0.0366999 0.351645 0.935414 0.361692 -0.867909 0.340459 0.931575 0.350827 -0.0953351 26.9664 -40.6875 42.8739</i>
                        <i>-0.0508286 0.316752 0.947146 0.514392 -0.804598 0.296685 0.856047 0.502285 -0.122038 27.4606 -42.9966 43.5886</i>
                        <i>-0.0697733 0.260478 0.962955 0.713421 -0.661679 0.230676 0.697253 0.703087 -0.139663 28.2113 -46.5701 44.6595</i>
                        <i>-0.0802432 0.220444 0.972093 0.820643 -0.538944 0.189959 0.56578 0.812984 -0.137659 28.7189 -49.0242 45.372</i>
                        <i>-0.0916638 0.157213 0.983301 0.935999 -0.323411 0.138962 0.339857 0.933107 -0.117506 29.4924 -52.8104 46.4376</i>
                        <i>-0.0959416 0.113503 0.988894 0.979628 -0.165315 0.114017 0.17642 0.979688 -0.0953303 30.0164 -55.4029 47.1454</i>
                        <i>-0.0968621 0.0468302 0.994195 0.992355 0.081298 0.0928534 -0.0764777 0.995589 -0.0543469 30.815 -59.3911 48.203</i>
                        <i>-0.0968621 0.0468302 0.994195 0.992355 0.081298 0.0928534 -0.0764777 0.995589 -0.0543469 30.815 -59.3911 48.203</i>
                        <i>-0.0968621 0.0468302 0.994195 0.992355 0.081298 0.0928534 -0.0764777 0.995589 -0.0543469 30.815 -59.3911 48.203</i>
                        <i>-0.0968621 0.0468302 0.994195 0.992355 0.081298 0.0928534 -0.0764777 0.995589 -0.0543469 30.815 -59.3911 48.203</i>
                        <i>-0.0968621 0.0468302 0.994195 0.992355 0.081298 0.0928534 -0.0764777 0.995589 -0.0543469 30.815 -59.3911 48.203</i>
                        <i>-0.0968621 0.0468302 0.994195 0.992355 0.081298 0.0928534 -0.0764777 0.995589 -0.0543469 30.815 -59.3911 48.203</i>
                        <i>-0.0968621 0.0468302 0.994195 0.992355 0.081298 0.0928534 -0.0764777 0.995589 -0.0543469 30.815 -59.3911 48.203</i>
                        <i>-0.0968621 0.0468302 0.994195 0.992355 0.081298 0.0928534 -0.0764777 0.995589 -0.0543469 30.815 -59.3911 48.203</i>
                        <i>-0.0968621 0.0468302 0.994195 0.992355 0.081298 0.0928534 -0.0764777 0.995589 -0.0543469 30.815 -59.3911 48.203</i>
                        <i>-0.0968621 0.0468302 0.994195 0.992355 0.081298 0.0928534 -0.0764777 0.995589 -0.0543469 30.815 -59.3911 48.203</i>
                        <i>-0.0968621 0.0468302 0.994195 0.992355 0.081298 0.0928534 -0.0764777 0.995589 -0.0543469 30.815 -59.3911 48.203</i>
                        <i>-0.0968621 0.0468302 0.994195 0.992355 0.081298 0.0928534 -0.0764777 0.995589 -0.0543469 30.815 -59.3911 48.203</i>
                        <i>-0.0968621 0.0468302 0.994195 0.992355 0.081298 0.0928534 -0.0764777 0.995589 -0.0543469 30.815 -59.3911 48.203</i>
                        <i>-0.0968621 0.0468302 0.994195 0.992355 0.081298 0.0928534 -0.0764777 0.995589 -0.0543469 30.815 -59.3911 48.203</i>
                        <i>-0.0968621 0.0468302 0.994195 0.992355 0.081298 0.0928534 -0.0764777 0.995589 -0.0543469 30.815 -59.3911 48.203</i>
                        <i>-0.0968621 0.0468302 0.994195 0.992355 0.081298 0.0928534 -0.0764777 0.995589 -0.0543469 30.815 -59.3911 48.203</i>
                        <i>-0.0968621 0.0468302 0.994195 0.992355 0.081298 0.0928534 -0.0764777 0.995589 -0.0543469 30.815 -59.3911 48.203</i>
                        <i>-0.0968621 0.0468302 0.994195 0.992355 0.081298 0.0928534 -0.0764777 0.995589 -0.0543469 30.815 -59.3911 48.203</i>
                        <i>-0.0968621 0.0468302 0.994195 0.992355 0.081298 0.0928534 -0.0764777 0.995589 -0.0543469 30.815 -59.3911 48.203</i>
                        <i>-0.0968621 0.0468302 0.994195 0.992355 0.081298 0.0928534 -0.0764777 0.995589 -0.0543469 30.815 -59.3911 48.203</i>
                        <i>-0.0968621 0.0468302 0.994195 0.992355 0.081298 0.0928534 -0.0764777 0.995589 -0.0543469 30.815 -59.3911 48.203</i>
                        <i>-0.0968621 0.0468302 0.994195 0.992355 0.081298 0.0928534 -0.0764777 0.995589 -0.0543469 30.815 -59.3911 48.203</i>
                        <i>-0.0968621 0.0468302 0.994195 0.992355 0.081298 0.0928534 -0.0764777 0.995589 -0.0543469 30.815 -59.3911 48.203</i>
                        <i>-0.0968621 0.0468302 0.994195 0.992355 0.081298 0.0928534 -0.0764777 0.995589 -0.0543469 30.815 -59.3911 48.203</i>
                        <i>-0.0968621 0.0468302 0.994195 0.992355 0.081298 0.0928534 -0.0764777 0.995589 -0.0543469 30.815 -59.3911 48.203</i>
