<?xml version="1.0" encoding="ISO-8859-1" ?>
<Animl Version="1">
    <ModellingPackage><![CDATA[Maya.2010]]></ModellingPackage>
    <SrcFile><![CDATA[anims\vehicles\blue\~src\land\apc_m2bradley\m2bradley_left_tread.mb]]></SrcFile>
    <FramesPerSecond>30</FramesPerSecond>
    <TotalFrames>61</TotalFrames>
    <Skeleton>
        <RefFrame>
            <Name><![CDATA[m2bradley_ref_frame]]></Name>
            <Exclude>1</Exclude>
            <Additive>0</Additive>
            <IKPriority>0</IKPriority>
            <IKRotLimits>-1e+010 -1e+010 -1e+010 1e+010 1e+010 1e+010</IKRotLimits>
            <IKRotLimitOrder>0</IKRotLimitOrder>
            <KeyFrames count="61">
                <i>1 0 0 0 1 0 0 0 1 0 0 0</i>
                <i>1 0 0 0 1 0 0 0 1 0 0 0</i>
                <i>1 0 0 0 1 0 0 0 1 0 0 0</i>
                <i>1 0 0 0 1 0 0 0 1 0 0 0</i>
                <i>1 0 0 0 1 0 0 0 1 0 0 0</i>
                <i>1 0 0 0 1 0 0 0 1 0 0 0</i>
                <i>1 0 0 0 1 0 0 0 1 0 0 0</i>
                <i>1 0 0 0 1 0 0 0 1 0 0 0</i>
                <i>1 0 0 0 1 0 0 0 1 0 0 0</i>
                <i>1 0 0 0 1 0 0 0 1 0 0 0</i>
                <i>1 0 0 0 1 0 0 0 1 0 0 0</i>
                <i>1 0 0 0 1 0 0 0 1 0 0 0</i>
                <i>1 0 0 0 1 0 0 0 1 0 0 0</i>
                <i>1 0 0 0 1 0 0 0 1 0 0 0</i>
                <i>1 0 0 0 1 0 0 0 1 0 0 0</i>
                <i>1 0 0 0 1 0 0 0 1 0 0 0</i>
                <i>1 0 0 0 1 0 0 0 1 0 0 0</i>
                <i>1 0 0 0 1 0 0 0 1 0 0 0</i>
                <i>1 0 0 0 1 0 0 0 1 0 0 0</i>
                <i>1 0 0 0 1 0 0 0 1 0 0 0</i>
                <i>1 0 0 0 1 0 0 0 1 0 0 0</i>
                <i>1 0 0 0 1 0 0 0 1 0 0 0</i>
                <i>1 0 0 0 1 0 0 0 1 0 0 0</i>
                <i>1 0 0 0 1 0 0 0 1 0 0 0</i>
                <i>1 0 0 0 1 0 0 0 1 0 0 0</i>
                <i>1 0 0 0 1 0 0 0 1 0 0 0</i>
                <i>1 0 0 0 1 0 0 0 1 0 0 0</i>
                <i>1 0 0 0 1 0 0 0 1 0 0 0</i>
                <i>1 0 0 0 1 0 0 0 1 0 0 0</i>
                <i>1 0 0 0 1 0 0 0 1 0 0 0</i>
                <i>1 0 0 0 1 0 0 0 1 0 0 0</i>
                <i>1 0 0 0 1 0 0 0 1 0 0 0</i>
                <i>1 0 0 0 1 0 0 0 1 0 0 0</i>
                <i>1 0 0 0 1 0 0 0 1 0 0 0</i>
                <i>1 0 0 0 1 0 0 0 1 0 0 0</i>
                <i>1 0 0 0 1 0 0 0 1 0 0 0</i>
                <i>1 0 0 0 1 0 0 0 1 0 0 0</i>
                <i>1 0 0 0 1 0 0 0 1 0 0 0</i>
                <i>1 0 0 0 1 0 0 0 1 0 0 0</i>
                <i>1 0 0 0 1 0 0 0 1 0 0 0</i>
                <i>1 0 0 0 1 0 0 0 1 0 0 0</i>
                <i>1 0 0 0 1 0 0 0 1 0 0 0</i>
                <i>1 0 0 0 1 0 0 0 1 0 0 0</i>
                <i>1 0 0 0 1 0 0 0 1 0 0 0</i>
                <i>1 0 0 0 1 0 0 0 1 0 0 0</i>
                <i>1 0 0 0 1 0 0 0 1 0 0 0</i>
                <i>1 0 0 0 1 0 0 0 1 0 0 0</i>
                <i>1 0 0 0 1 0 0 0 1 0 0 0</i>
                <i>1 0 0 0 1 0 0 0 1 0 0 0</i>
                <i>1 0 0 0 1 0 0 0 1 0 0 0</i>
                <i>1 0 0 0 1 0 0 0 1 0 0 0</i>
                <i>1 0 0 0 1 0 0 0 1 0 0 0</i>
                <i>1 0 0 0 1 0 0 0 1 0 0 0</i>
                <i>1 0 0 0 1 0 0 0 1 0 0 0</i>
                <i>1 0 0 0 1 0 0 0 1 0 0 0</i>
                <i>1 0 0 0 1 0 0 0 1 0 0 0</i>
                <i>1 0 0 0 1 0 0 0 1 0 0 0</i>
                <i>1 0 0 0 1 0 0 0 1 0 0 0</i>
                <i>1 0 0 0 1 0 0 0 1 0 0 0</i>
                <i>1 0 0 0 1 0 0 0 1 0 0 0</i>
                <i>1 0 0 0 1 0 0 0 1 0 0 0</i>
            </KeyFrames>
        </RefFrame>
        <Bones count="21">
            <i>
                <p>
                    <Name><![CDATA[m2bradley_root]]></Name>
                    <Exclude>1</Exclude>
                    <Additive>0</Additive>
                    <IKPriority>0</IKPriority>
                    <IKRotLimits>-1e+010 -1e+010 -1e+010 1e+010 1e+010 1e+010</IKRotLimits>
                    <IKRotLimitOrder>0</IKRotLimitOrder>
                    <KeyFrames count="61">
                        <i>1 0 0 0 1 0 0 0 1 0 0 0</i>
                        <i>1 0 0 0 1 0 0 0 1 0 0 0</i>
                        <i>1 0 0 0 1 0 0 0 1 0 0 0</i>
                        <i>1 0 0 0 1 0 0 0 1 0 0 0</i>
                        <i>1 0 0 0 1 0 0 0 1 0 0 0</i>
                        <i>1 0 0 0 1 0 0 0 1 0 0 0</i>
                        <i>1 0 0 0 1 0 0 0 1 0 0 0</i>
                        <i>1 0 0 0 1 0 0 0 1 0 0 0</i>
                        <i>1 0 0 0 1 0 0 0 1 0 0 0</i>
                        <i>1 0 0 0 1 0 0 0 1 0 0 0</i>
                        <i>1 0 0 0 1 0 0 0 1 0 0 0</i>
                        <i>1 0 0 0 1 0 0 0 1 0 0 0</i>
                        <i>1 0 0 0 1 0 0 0 1 0 0 0</i>
                        <i>1 0 0 0 1 0 0 0 1 0 0 0</i>
                        <i>1 0 0 0 1 0 0 0 1 0 0 0</i>
                        <i>1 0 0 0 1 0 0 0 1 0 0 0</i>
                        <i>1 0 0 0 1 0 0 0 1 0 0 0</i>
                        <i>1 0 0 0 1 0 0 0 1 0 0 0</i>
                        <i>1 0 0 0 1 0 0 0 1 0 0 0</i>
                        <i>1 0 0 0 1 0 0 0 1 0 0 0</i>
                        <i>1 0 0 0 1 0 0 0 1 0 0 0</i>
                        <i>1 0 0 0 1 0 0 0 1 0 0 0</i>
                        <i>1 0 0 0 1 0 0 0 1 0 0 0</i>
                        <i>1 0 0 0 1 0 0 0 1 0 0 0</i>
                        <i>1 0 0 0 1 0 0 0 1 0 0 0</i>
                        <i>1 0 0 0 1 0 0 0 1 0 0 0</i>
                        <i>1 0 0 0 1 0 0 0 1 0 0 0</i>
                        <i>1 0 0 0 1 0 0 0 1 0 0 0</i>
                        <i>1 0 0 0 1 0 0 0 1 0 0 0</i>
                        <i>1 0 0 0 1 0 0 0 1 0 0 0</i>
                        <i>1 0 0 0 1 0 0 0 1 0 0 0</i>
                        <i>1 0 0 0 1 0 0 0 1 0 0 0</i>
                        <i>1 0 0 0 1 0 0 0 1 0 0 0</i>
                        <i>1 0 0 0 1 0 0 0 1 0 0 0</i>
                        <i>1 0 0 0 1 0 0 0 1 0 0 0</i>
                        <i>1 0 0 0 1 0 0 0 1 0 0 0</i>
                        <i>1 0 0 0 1 0 0 0 1 0 0 0</i>
                        <i>1 0 0 0 1 0 0 0 1 0 0 0</i>
                        <i>1 0 0 0 1 0 0 0 1 0 0 0</i>
                        <i>1 0 0 0 1 0 0 0 1 0 0 0</i>
                        <i>1 0 0 0 1 0 0 0 1 0 0 0</i>
                        <i>1 0 0 0 1 0 0 0 1 0 0 0</i>
                        <i>1 0 0 0 1 0 0 0 1 0 0 0</i>
                        <i>1 0 0 0 1 0 0 0 1 0 0 0</i>
                        <i>1 0 0 0 1 0 0 0 1 0 0 0</i>
                        <i>1 0 0 0 1 0 0 0 1 0 0 0</i>
                        <i>1 0 0 0 1 0 0 0 1 0 0 0</i>
                        <i>1 0 0 0 1 0 0 0 1 0 0 0</i>
                        <i>1 0 0 0 1 0 0 0 1 0 0 0</i>
                        <i>1 0 0 0 1 0 0 0 1 0 0 0</i>
                        <i>1 0 0 0 1 0 0 0 1 0 0 0</i>
                        <i>1 0 0 0 1 0 0 0 1 0 0 0</i>
                        <i>1 0 0 0 1 0 0 0 1 0 0 0</i>
                        <i>1 0 0 0 1 0 0 0 1 0 0 0</i>
                        <i>1 0 0 0 1 0 0 0 1 0 0 0</i>
                        <i>1 0 0 0 1 0 0 0 1 0 0 0</i>
                        <i>1 0 0 0 1 0 0 0 1 0 0 0</i>
                        <i>1 0 0 0 1 0 0 0 1 0 0 0</i>
                        <i>1 0 0 0 1 0 0 0 1 0 0 0</i>
                        <i>1 0 0 0 1 0 0 0 1 0 0 0</i>
                        <i>1 0 0 0 1 0 0 0 1 0 0 0</i>
                    </KeyFrames>
                </p>
            </i>
            <i>
                <p>
                    <Name><![CDATA[m2bradley_body]]></Name>
                    <Exclude>1</Exclude>
                    <Additive>0</Additive>
                    <IKPriority>0</IKPriority>
                    <IKRotLimits>-1e+010 -1e+010 -1e+010 1e+010 1e+010 1e+010</IKRotLimits>
                    <IKRotLimitOrder>0</IKRotLimitOrder>
                    <KeyFrames count="61">
                        <i>0.999993 -0.00365626 -4.23516e-022 0.00365625 0.999992 -0.00149377 5.46159e-006 0.00149376 0.999999 0 1.49786 0</i>
                        <i>0.999998 -0.00213352 0 0.00213352 0.999998 -0.000361648 7.71584e-007 0.000361647 1 0 1.50019 0</i>
                        <i>0.999999 -0.00126529 0 0.00126529 0.999999 0.00104449 -1.32158e-006 -0.00104449 0.999999 0 1.50165 0</i>
                        <i>0.999999 -0.00115845 5.29396e-023 0.00115845 0.999999 0.00055844 -6.46923e-007 -0.00055844 1 0 1.49956 0</i>
                        <i>1 -0.000722906 0 0.000722906 1 0.000169823 -1.22766e-007 -0.000169823 1 0 1.50166 0</i>
                        <i>1 0.000416474 -1.32349e-023 -0.000416474 1 0.000478006 1.99077e-007 -0.000478006 1 0 1.50356 0</i>
                        <i>1 0.000843004 2.64698e-023 -0.000843004 1 -0.000538906 -4.543e-007 0.000538906 1 0 1.50145 0</i>
                        <i>0.999998 0.00199698 0 -0.00199698 0.999998 3.00638e-005 6.00369e-008 -3.00638e-005 1 0 1.506 0</i>
                        <i>1 0.000780299 6.61744e-024 -0.000780299 1 -9.88173e-005 -7.7107e-008 9.88173e-005 1 0 1.5069 0</i>
                        <i>1 0.000334239 1.32349e-023 -0.000334239 1 0.000362595 1.21193e-007 -0.000362595 1 0 1.50598 0</i>
                        <i>1 -0.00029839 2.64698e-023 0.000298389 0.999999 0.00100095 -2.98673e-007 -0.00100095 1 0 1.50348 0</i>
                        <i>1 0.000414993 0 -0.000414993 1 0.000799365 3.31731e-007 -0.000799365 1 0 1.50158 0</i>
                        <i>0.999999 0.00115983 2.64698e-023 -0.00115983 0.999999 -0.000369247 -4.28263e-007 0.000369247 1 0 1.50159 0</i>
                        <i>1 4.17768e-005 3.30872e-024 -4.17768e-005 1 -0.000965099 -4.03187e-008 0.000965099 1 0 1.50105 0</i>
                        <i>1 -0.000972503 0 0.000972502 0.999999 -0.00103006 1.00174e-006 0.00103006 0.999999 0 1.49967 0</i>
                        <i>0.999996 0.00264813 2.64698e-023 -0.00264813 0.999996 -0.000158547 -4.19854e-007 0.000158547 1 0 1.50322 0</i>
                        <i>0.999992 0.004032 0 -0.004032 0.999992 -0.000500522 -2.01811e-006 0.000500518 1 0 1.50597 0</i>
                        <i>0.999997 0.00227676 0 -0.00227676 0.999997 -0.000223898 -5.09762e-007 0.000223897 1 0 1.5032 0</i>
                        <i>1 -0.000810754 -5.29396e-023 0.000810753 0.999999 0.00109965 -8.91548e-007 -0.00109965 0.999999 0 1.50182 0</i>
                        <i>1 -0.000640943 2.64698e-023 0.000640943 1 -0.000548613 3.5163e-007 0.000548613 1 0 1.50189 0</i>
                        <i>1 0.000741802 0 -0.000741801 1 -0.000575424 -4.2685e-007 0.000575423 1 0 1.50064 0</i>
                        <i>0.999999 0.00101091 1.05879e-022 -0.0010109 0.999998 -0.0015643 -1.58136e-006 0.0015643 0.999999 0 1.49914 0</i>
                        <i>1 8.39811e-005 0 -8.39811e-005 1 -0.000839255 -7.04815e-008 0.000839255 1 0 1.49939 0</i>
                        <i>1 -6.47382e-005 -1.65436e-024 6.47382e-005 1 -0.000305165 1.97559e-008 0.000305165 1 0 1.49889 0</i>
                        <i>1 7.74897e-005 -8.27181e-025 -7.74897e-005 1 -0.000174278 -1.35047e-008 0.000174278 1 0 1.49939 0</i>
                        <i>0.999999 -0.00157023 0 0.00157023 0.999999 -0.0001938 3.0431e-007 0.0001938 1 0 1.49929 0</i>
                        <i>0.999999 -0.00173379 4.1359e-025 0.00173379 0.999999 3.35496e-006 -5.8168e-009 -3.35495e-006 1 0 1.50082 0</i>
                        <i>1 -0.000409785 -2.64698e-023 0.000409785 1 0.000755458 -3.09575e-007 -0.000755458 1 0 1.50763 0</i>
                        <i>1 -0.000294702 0 0.000294701 0.999999 0.00107976 -3.18206e-007 -0.00107976 0.999999 0 1.50378 0</i>
                        <i>1 0.000169132 0 -0.000169131 1 0.000732659 1.23916e-007 -0.000732659 1 0 1.49904 0</i>
                        <i>1 0.000770321 -5.29396e-023 -0.000770321 0.999999 0.000705757 5.43659e-007 -0.000705756 1 0 1.49885 0</i>
                        <i>0.999999 -0.00139202 0 0.00139202 0.999999 0.000603376 -8.39909e-007 -0.000603375 1 0 1.49969 0</i>
                        <i>0.999999 -0.0013491 -1.05879e-022 0.0013491 0.999998 -0.00136939 1.84745e-006 0.00136939 0.999999 0 1.50188 0</i>
                        <i>1 -0.000814931 5.29396e-023 0.000814931 0.999999 -0.000768563 6.26326e-007 0.000768563 1 0 1.49978 0</i>
                        <i>1 -0.000657135 -6.61744e-024 0.000657135 1 -0.000109766 7.21312e-008 0.000109766 1 0 1.49862 0</i>
                        <i>0.999999 -0.00165154 0 0.00165154 0.999998 -0.000779621 1.28758e-006 0.00077962 1 0 1.50033 0</i>
                        <i>1 -0.000317496 -6.61744e-024 0.000317496 1 0.000337359 -1.0711e-007 -0.000337359 1 0 1.50305 0</i>
                        <i>1 -0.000434055 1.32349e-023 0.000434055 1 0.000355117 -1.5414e-007 -0.000355117 1 0 1.50418 0</i>
                        <i>1 9.66332e-005 -6.61744e-024 -9.66332e-005 1 0.00081163 7.84304e-008 -0.00081163 1 0 1.49884 0</i>
                        <i>1 -0.000427228 -5.29396e-023 0.000427228 0.999999 0.00132995 -5.68194e-007 -0.00132995 0.999999 0 1.49566 0</i>
                        <i>1 -7.79911e-005 6.61744e-024 7.7991e-005 0.999999 -0.00129085 1.00675e-007 0.00129085 0.999999 0 1.49271 0</i>
                        <i>1 0.000789685 0 -0.000789684 0.999999 -0.00103483 -8.17186e-007 0.00103483 0.999999 0 1.49014 0</i>
                        <i>1 -0.00063134 0 0.000631339 0.999998 -0.00163397 1.03159e-006 0.00163397 0.999999 0 1.48953 0</i>
                        <i>0.999999 -0.00110314 0 0.00110314 0.999999 0.000377488 -4.16423e-007 -0.000377488 1 0 1.49314 0</i>
                        <i>0.999999 -0.00115096 1.05879e-022 0.00115096 0.999999 0.00123187 -1.41783e-006 -0.00123187 0.999999 0 1.49634 0</i>
                        <i>0.999999 -0.00163843 6.61744e-024 0.00163843 0.999999 -6.46162e-005 1.05869e-007 6.46162e-005 1 0 1.49762 0</i>
                        <i>0.999999 0.00128116 -2.64698e-023 -0.00128116 0.999999 0.000344421 4.41258e-007 -0.000344421 1 0 1.50116 0</i>
                        <i>0.999995 0.00331514 1.05879e-022 -0.00331514 0.999994 0.000351733 1.16604e-006 -0.000351731 1 0 1.50151 0</i>
                        <i>0.999993 0.00374505 0 -0.00374505 0.999993 -0.000414505 -1.55234e-006 0.000414502 1 0 1.50075 0</i>
                        <i>1 0.000875442 0 -0.000875442 1 7.49851e-005 6.56452e-008 -7.49851e-005 1 0 1.5047 0</i>
                        <i>0.999999 0.00116929 0 -0.00116929 0.999999 0.000564215 6.59729e-007 -0.000564214 1 0 1.50406 0</i>
                        <i>0.999997 0.00232743 0 -0.00232743 0.999997 0.000565941 1.31719e-006 -0.00056594 1 0 1.50203 0</i>
                        <i>0.999996 0.00275513 0 -0.00275513 0.999996 0.00102327 2.81923e-006 -0.00102326 0.999999 0 1.49992 0</i>
                        <i>1 0.000882473 2.64698e-023 -0.000882473 1 0.000417925 3.68807e-007 -0.000417924 1 0 1.50089 0</i>
                        <i>1 -0.000893704 0 0.000893704 1 -0.000458741 4.09979e-007 0.000458741 1 0 1.50441 0</i>
                        <i>1 -0.000672197 0 0.000672197 0.999999 -0.000901261 6.05825e-007 0.000901261 1 0 1.50546 0</i>
                        <i>0.999999 -0.00101594 -1.05879e-022 0.00101594 0.999999 -0.0010089 1.02498e-006 0.0010089 0.999999 0 1.50526 0</i>
                        <i>0.999999 -0.00108887 0 0.00108887 0.999999 -0.00015752 1.71518e-007 0.00015752 1 0 1.50635 0</i>
                        <i>1 -0.000340778 0 0.000340778 1 -0.000552134 1.88155e-007 0.000552134 1 0 1.50633 0</i>
                        <i>1 -0.000283292 1.65436e-024 0.000283292 1 8.57741e-005 -2.42991e-008 -8.57741e-005 1 0 1.50061 0</i>
                        <i>1 -0.000101733 0 0.000101733 1 0.000751426 -7.64446e-008 -0.000751426 1 0 1.49917 0</i>
                    </KeyFrames>
                </p>
            </i>
            <i>
                <p>
                    <Name><![CDATA[left_tread]]></Name>
                    <Exclude>0</Exclude>
                    <Additive>0</Additive>
                    <IKPriority>1</IKPriority>
                    <IKRotLimits>-1e+010 -1e+010 -1e+010 1e+010 1e+010 1e+010</IKRotLimits>
                    <IKRotLimitOrder>0</IKRotLimitOrder>
                    <KeyFrames count="61">
                        <i>1 0 0 0 1 0 0 0 1 1.70718 0.492402 -2.62292</i>
                        <i>1 0 0 0 1 0 0 0 1 1.70718 0.492402 -2.62292</i>
                        <i>1 0 0 0 1 0 0 0 1 1.70718 0.492402 -2.62292</i>
                        <i>1 0 0 0 1 0 0 0 1 1.70718 0.492402 -2.62292</i>
                        <i>1 0 0 0 1 0 0 0 1 1.70718 0.492402 -2.62292</i>
                        <i>1 0 0 0 1 0 0 0 1 1.70718 0.492402 -2.62292</i>
                        <i>1 0 0 0 1 0 0 0 1 1.70718 0.492402 -2.62292</i>
                        <i>1 0 0 0 1 0 0 0 1 1.70718 0.492402 -2.62292</i>
                        <i>1 0 0 0 1 0 0 0 1 1.70718 0.492402 -2.62292</i>
                        <i>1 0 0 0 1 0 0 0 1 1.70718 0.492402 -2.62292</i>
                        <i>1 0 0 0 1 0 0 0 1 1.70718 0.492402 -2.62292</i>
                        <i>1 0 0 0 1 0 0 0 1 1.70718 0.492402 -2.62292</i>
                        <i>1 0 0 0 1 0 0 0 1 1.70718 0.492402 -2.62292</i>
                        <i>1 0 0 0 1 0 0 0 1 1.70718 0.492402 -2.62292</i>
                        <i>1 0 0 0 1 0 0 0 1 1.70718 0.492402 -2.62292</i>
                        <i>1 0 0 0 1 0 0 0 1 1.70718 0.492402 -2.62292</i>
                        <i>1 0 0 0 1 0 0 0 1 1.70718 0.492402 -2.62292</i>
                        <i>1 0 0 0 1 0 0 0 1 1.70718 0.492402 -2.62292</i>
                        <i>1 0 0 0 1 0 0 0 1 1.70718 0.492402 -2.62292</i>
                        <i>1 0 0 0 1 0 0 0 1 1.70718 0.492402 -2.62292</i>
                        <i>1 0 0 0 1 0 0 0 1 1.70718 0.492402 -2.62292</i>
                        <i>1 0 0 0 1 0 0 0 1 1.70718 0.492402 -2.62292</i>
                        <i>1 0 0 0 1 0 0 0 1 1.70718 0.492402 -2.62292</i>
                        <i>1 0 0 0 1 0 0 0 1 1.70718 0.492402 -2.62292</i>
                        <i>1 0 0 0 1 0 0 0 1 1.70718 0.492402 -2.62292</i>
                        <i>1 0 0 0 1 0 0 0 1 1.70718 0.492402 -2.62292</i>
                        <i>1 0 0 0 1 0 0 0 1 1.70718 0.492402 -2.62292</i>
                        <i>1 0 0 0 1 0 0 0 1 1.70718 0.492402 -2.62292</i>
                        <i>1 0 0 0 1 0 0 0 1 1.70718 0.492402 -2.62292</i>
                        <i>1 0 0 0 1 0 0 0 1 1.70718 0.492402 -2.62292</i>
                        <i>1 0 0 0 1 0 0 0 1 1.70718 0.492402 -2.62292</i>
                        <i>1 0 0 0 1 0 0 0 1 1.70718 0.492402 -2.62292</i>
                        <i>1 0 0 0 1 0 0 0 1 1.70718 0.492402 -2.62292</i>
                        <i>1 0 0 0 1 0 0 0 1 1.70718 0.492402 -2.62292</i>
                        <i>1 0 0 0 1 0 0 0 1 1.70718 0.492402 -2.62292</i>
                        <i>1 0 0 0 1 0 0 0 1 1.70718 0.492402 -2.62292</i>
                        <i>1 0 0 0 1 0 0 0 1 1.70718 0.492402 -2.62292</i>
                        <i>1 0 0 0 1 0 0 0 1 1.70718 0.492402 -2.62292</i>
                        <i>1 0 0 0 1 0 0 0 1 1.70718 0.492402 -2.62292</i>
                        <i>1 0 0 0 1 0 0 0 1 1.70718 0.492402 -2.62292</i>
                        <i>1 0 0 0 1 0 0 0 1 1.70718 0.492402 -2.62292</i>
                        <i>1 0 0 0 1 0 0 0 1 1.70718 0.492402 -2.62292</i>
                        <i>1 0 0 0 1 0 0 0 1 1.70718 0.492402 -2.62292</i>
                        <i>1 0 0 0 1 0 0 0 1 1.70718 0.492402 -2.62292</i>
                        <i>1 0 0 0 1 0 0 0 1 1.70718 0.492402 -2.62292</i>
                        <i>1 0 0 0 1 0 0 0 1 1.70718 0.492402 -2.62292</i>
                        <i>1 0 0 0 1 0 0 0 1 1.70718 0.492402 -2.62292</i>
                        <i>1 0 0 0 1 0 0 0 1 1.70718 0.492402 -2.62292</i>
                        <i>1 0 0 0 1 0 0 0 1 1.70718 0.492402 -2.62292</i>
                        <i>1 0 0 0 1 0 0 0 1 1.70718 0.492402 -2.62292</i>
                        <i>1 0 0 0 1 0 0 0 1 1.70718 0.492402 -2.62292</i>
                        <i>1 0 0 0 1 0 0 0 1 1.70718 0.492402 -2.62292</i>
                        <i>1 0 0 0 1 0 0 0 1 1.70718 0.492402 -2.62292</i>
                        <i>1 0 0 0 1 0 0 0 1 1.70718 0.492402 -2.62292</i>
                        <i>1 0 0 0 1 0 0 0 1 1.70718 0.492402 -2.62292</i>
                        <i>1 0 0 0 1 0 0 0 1 1.70718 0.492402 -2.62292</i>
                        <i>1 0 0 0 1 0 0 0 1 1.70718 0.492402 -2.62292</i>
                        <i>1 0 0 0 1 0 0 0 1 1.70718 0.492402 -2.62292</i>
                        <i>1 0 0 0 1 0 0 0 1 1.70718 0.492402 -2.62292</i>
                        <i>1 0 0 0 1 0 0 0 1 1.70718 0.492402 -2.62292</i>
                        <i>1 0 0 0 1 0 0 0 1 1.70718 0.492402 -2.62292</i>
                    </KeyFrames>
                </p>
            </i>
            <i>
                <p>
                    <Name><![CDATA[l_wheel1]]></Name>
                    <Exclude>0</Exclude>
                    <Additive>0</Additive>
                    <IKPriority>0</IKPriority>
                    <IKRotLimits>-1e+010 -1e+010 -1e+010 1e+010 1e+010 1e+010</IKRotLimits>
                    <IKRotLimitOrder>0</IKRotLimitOrder>
                    <KeyFrames count="61">
                        <i>1 0 0 0 1 0 0 0 1 1.70366 0.999037 4.01922</i>
                        <i>1 0 0 0 0.978148 0.207912 0 -0.207912 0.978148 1.70366 0.997962 4.01922</i>
                        <i>1 0 0 0 0.913545 0.406737 0 -0.406737 0.913545 1.70366 0.997152 4.01922</i>
                        <i>1 0 0 0 0.809017 0.587785 0 -0.587785 0.809017 1.70366 1.00176 4.01922</i>
                        <i>1 0 0 0 0.669131 0.743145 0 -0.743145 0.669131 1.70366 1.00167 4.01922</i>
                        <i>1 0 0 0 0.5 0.866025 0 -0.866025 0.5 1.70366 1.00474 4.01922</i>
                        <i>1 0 0 0 0.309017 0.951057 0 -0.951057 0.309017 1.70366 0.999548 4.01922</i>
                        <i>1 0 0 0 0.104528 0.994522 0 -0.994522 0.104528 1.70366 1.00151 4.01922</i>
                        <i>1 0 0 0 -0.104529 0.994522 0 -0.994522 -0.104529 1.70366 1.00298 4.01922</i>
                        <i>1 0 0 0 -0.309017 0.951056 0 -0.951056 -0.309017 1.70366 0.994633 4.01922</i>
                        <i>1 0 0 0 -0.5 0.866025 0 -0.866025 -0.5 1.70366 0.99006 4.01922</i>
                        <i>1 0 0 0 -0.669131 0.743145 0 -0.743145 -0.669131 1.70366 1.0002 4.01922</i>
                        <i>1 0 0 0 -0.809017 0.587785 0 -0.587785 -0.809017 1.70366 0.992736 4.01922</i>
                        <i>1 0 0 0 -0.913545 0.406737 0 -0.406737 -0.913545 1.70366 0.994706 4.01922</i>
                        <i>1 0 0 0 -0.978148 0.207912 0 -0.207912 -0.978148 1.70366 0.993467 4.01922</i>
                        <i>1 0 0 0 -1 -1.78502e-007 0 1.78502e-007 -1 1.70366 1.00102 4.01922</i>
                        <i>1 0 0 0 -0.978148 -0.207912 0 0.207912 -0.978148 1.70366 1.00495 4.01922</i>
                        <i>1 0 0 0 -0.913545 -0.406737 0 0.406737 -0.913545 1.70366 1.00065 4.01922</i>
                        <i>1 0 0 0 -0.809017 -0.587785 0 0.587785 -0.809017 1.70366 0.989601 4.01922</i>
                        <i>1 0 0 0 -0.669131 -0.743145 0 0.743145 -0.669131 1.70366 0.995604 4.01922</i>
                        <i>1 0 0 0 -0.5 -0.866025 0 0.866025 -0.5 1.70366 0.998729 4.01922</i>
                        <i>1 0 0 0 -0.309017 -0.951057 0 0.951057 -0.309017 1.70366 0.993761 4.01922</i>
                        <i>1 0 0 0 -0.104529 -0.994522 0 0.994522 -0.104529 1.70366 0.997193 4.01922</i>
                        <i>1 0 0 0 0.104529 -0.994522 0 0.994522 0.104529 1.70366 0.994909 4.01922</i>
                        <i>1 0 0 0 0.309017 -0.951057 0 0.951057 0.309017 1.70366 0.992796 4.01922</i>
                        <i>1 0 0 0 0.5 -0.866025 0 0.866025 0.5 1.70366 0.991201 4.01922</i>
                        <i>1 0 0 0 0.669131 -0.743145 0 0.743145 0.669131 1.70366 0.992607 4.01922</i>
                        <i>1 0 0 0 0.809017 -0.587785 0 0.587785 0.809017 1.70366 0.993739 4.01922</i>
                        <i>1 0 0 0 0.913545 -0.406737 0 0.406737 0.913545 1.70366 0.991891 4.01922</i>
                        <i>1 0 0 0 0.978148 -0.207912 0 0.207912 0.978148 1.70366 0.985612 4.01922</i>
                        <i>1 0 0 0 1 -1.0533e-007 0 1.0533e-007 1 1.70366 0.993779 4.01922</i>
                        <i>1 0 0 0 0.978148 0.207912 0 -0.207912 0.978148 1.70366 0.999826 4.01922</i>
                        <i>1 0 0 0 0.913545 0.406737 0 -0.406737 0.913545 1.70366 1.00062 4.01922</i>
                        <i>1 0 0 0 0.809017 0.587785 0 -0.587785 0.809017 1.70366 1.00187 4.01922</i>
                        <i>1 0 0 0 0.669131 0.743145 0 -0.743145 0.669131 1.70366 1.002 4.01922</i>
                        <i>1 0 0 0 0.5 0.866026 0 -0.866026 0.5 1.70366 0.999255 4.01922</i>
                        <i>1 0 0 0 0.309017 0.951057 0 -0.951057 0.309017 1.70366 0.993146 4.01922</i>
                        <i>1 0 0 0 0.104528 0.994522 0 -0.994522 0.104528 1.70366 0.98802 4.01922</i>
                        <i>1 0 0 0 -0.104528 0.994522 -0 -0.994522 -0.104528 1.70366 0.985841 4.01922</i>
                        <i>1 0 0 0 -0.309017 0.951056 -0 -0.951056 -0.309017 1.70366 0.993957 4.01922</i>
                        <i>1 0 0 0 -0.5 0.866025 -0 -0.866025 -0.5 1.70366 0.997028 4.01922</i>
                        <i>1 0 0 0 -0.669131 0.743145 -0 -0.743145 -0.669131 1.70366 0.995457 4.01922</i>
                        <i>1 0 0 0 -0.809017 0.587785 -0 -0.587785 -0.809017 1.70366 1.00333 4.01922</i>
                        <i>1 0 0 0 -0.913546 0.406736 -0 -0.406736 -0.913546 1.70366 0.999324 4.01922</i>
                        <i>1 0 0 0 -0.978148 0.207912 -0 -0.207912 -0.978148 1.70366 0.999992 4.01922</i>
                        <i>1 0 0 0 -1 1.46556e-008 -0 -1.46556e-008 -1 1.70366 1.00121 4.01922</i>
                        <i>1 0 0 -0 -0.978148 -0.207912 0 0.207912 -0.978148 1.70366 0.99952 4.01922</i>
                        <i>1 0 0 -0 -0.913545 -0.406737 0 0.406737 -0.913545 1.70366 1.00076 4.01922</i>
                        <i>1 0 0 -0 -0.809017 -0.587785 0 0.587785 -0.809017 1.70366 0.99955 4.01922</i>
                        <i>1 0 0 -0 -0.669131 -0.743145 0 0.743145 -0.669131 1.70366 0.991134 4.01922</i>
                        <i>1 0 0 -0 -0.5 -0.866026 0 0.866026 -0.5 1.70366 0.997184 4.01922</i>
                        <i>1 0 0 -0 -0.309017 -0.951057 0 0.951057 -0.309017 1.70366 1.0039 4.01922</i>
                        <i>1 0 0 -0 -0.104528 -0.994522 0 0.994522 -0.104528 1.70366 0.998338 4.01922</i>
                        <i>1 0 0 0 0.104528 -0.994522 0 0.994522 0.104528 1.70366 0.996716 4.01922</i>
                        <i>1 0 0 0 0.309017 -0.951056 0 0.951056 0.309017 1.70366 0.992123 4.01922</i>
                        <i>1 0 0 0 0.5 -0.866025 0 0.866025 0.5 1.70366 0.989887 4.01922</i>
                        <i>1 0 0 0 0.669131 -0.743145 0 0.743145 0.669131 1.70366 0.996736 4.01922</i>
                        <i>1 0 0 0 0.809017 -0.587785 0 0.587785 0.809017 1.70366 0.999789 4.01922</i>
                        <i>1 0 0 0 0.913546 -0.406736 0 0.406736 0.913546 1.70366 0.997319 4.01922</i>
                        <i>1 0 0 0 0.978148 -0.207911 0 0.207911 0.978148 1.70366 0.995123 4.01922</i>
                        <i>1 0 0 0 1 0 0 0 1 1.70366 0.989 4.01922</i>
                    </KeyFrames>
                </p>
            </i>
            <i>
                <p>
                    <Name><![CDATA[l_wheel2]]></Name>
                    <Exclude>0</Exclude>
                    <Additive>0</Additive>
                    <IKPriority>0</IKPriority>
                    <IKRotLimits>-1e+010 -1e+010 -1e+010 1e+010 1e+010 1e+010</IKRotLimits>
                    <IKRotLimitOrder>0</IKRotLimitOrder>
                    <KeyFrames count="61">
                        <i>1 0 0 0 1 0 0 0 1 1.70718 0.499498 2.99836</i>
                        <i>1 0 0 0 0.978148 0.207912 0 -0.207912 0.978148 1.70718 0.496581 2.99836</i>
                        <i>1 0 0 0 0.913545 0.406737 0 -0.406737 0.913545 1.70718 0.492614 2.99836</i>
                        <i>1 0 0 0 0.809017 0.587785 0 -0.587785 0.809017 1.70718 0.493796 2.99836</i>
                        <i>1 0 0 0 0.669131 0.743145 0 -0.743145 0.669131 1.70718 0.491622 2.99836</i>
                        <i>1 0 0 0 0.5 0.866025 0 -0.866025 0.5 1.70718 0.496797 2.99836</i>
                        <i>1 0 0 0 0.309017 0.951057 0 -0.951057 0.309017 1.70718 0.496445 2.99836</i>
                        <i>1 0 0 0 0.104528 0.994522 0 -0.994522 0.104528 1.70718 0.500528 2.99836</i>
                        <i>1 0 0 0 -0.104529 0.994522 0 -0.994522 -0.104529 1.70718 0.503783 2.99836</i>
                        <i>1 0 0 0 -0.309017 0.951056 0 -0.951056 -0.309017 1.70718 0.496037 2.99836</i>
                        <i>1 0 0 0 -0.5 0.866025 0 -0.866025 -0.5 1.70718 0.487276 2.99836</i>
                        <i>1 0 0 0 -0.669131 0.743145 0 -0.743145 -0.669131 1.70718 0.494653 2.99836</i>
                        <i>1 0 0 0 -0.809017 0.587785 0 -0.587785 -0.809017 1.70718 0.496542 2.99836</i>
                        <i>1 0 0 0 -0.913545 0.406737 0 -0.406737 -0.913545 1.70718 0.495714 2.99836</i>
                        <i>1 0 0 0 -0.978148 0.207912 0 -0.207912 -0.978148 1.70718 0.494606 2.99836</i>
                        <i>1 0 0 0 -1 -1.78502e-007 0 1.78502e-007 -1 1.70718 0.491416 2.99836</i>
                        <i>1 0 0 0 -0.978148 -0.207912 0 0.207912 -0.978148 1.70718 0.484205 2.99836</i>
                        <i>1 0 0 0 -0.913545 -0.406737 0 0.406737 -0.913545 1.70718 0.482944 2.99836</i>
                        <i>1 0 0 0 -0.809017 -0.587785 0 0.587785 -0.809017 1.70718 0.484136 2.99836</i>
                        <i>1 0 0 0 -0.669131 -0.743145 0 0.743145 -0.669131 1.70718 0.486477 2.99836</i>
                        <i>1 0 0 0 -0.5 -0.866025 0 0.866025 -0.5 1.70718 0.495853 2.99836</i>
                        <i>1 0 0 0 -0.309017 -0.951057 0 0.951057 -0.309017 1.70718 0.486446 2.99836</i>
                        <i>1 0 0 0 -0.104529 -0.994522 0 0.994522 -0.104529 1.70718 0.480354 2.99836</i>
                        <i>1 0 0 0 0.104529 -0.994522 0 0.994522 0.104529 1.70718 0.484595 2.99836</i>
                        <i>1 0 0 0 0.309017 -0.951057 0 0.951057 0.309017 1.70718 0.491839 2.99836</i>
                        <i>1 0 0 0 0.5 -0.866025 0 0.866025 0.5 1.70718 0.494993 2.99836</i>
                        <i>1 0 0 0 0.669131 -0.743145 0 0.743145 0.669131 1.70718 0.497377 2.99836</i>
                        <i>1 0 0 0 0.809017 -0.587785 0 0.587785 0.809017 1.70718 0.497833 2.99836</i>
                        <i>1 0 0 0 0.913545 -0.406737 0 0.406737 0.913545 1.70718 0.491753 2.99836</i>
                        <i>1 0 0 0 0.978148 -0.207912 0 0.207912 0.978148 1.70718 0.494703 2.99836</i>
                        <i>1 0 0 0 1 -1.0533e-007 0 1.0533e-007 1 1.70718 0.498016 2.99836</i>
                        <i>1 0 0 0 0.978148 0.207912 0 -0.207912 0.978148 1.70718 0.495194 2.99836</i>
                        <i>1 0 0 0 0.913545 0.406737 0 -0.406737 0.913545 1.70718 0.494623 2.99836</i>
                        <i>1 0 0 0 0.809017 0.587785 0 -0.587785 0.809017 1.70718 0.489281 2.99836</i>
                        <i>1 0 0 0 0.669131 0.743145 0 -0.743145 0.669131 1.70718 0.493102 2.99836</i>
                        <i>1 0 0 0 0.5 0.866026 0 -0.866026 0.5 1.70718 0.493798 2.99836</i>
                        <i>1 0 0 0 0.309017 0.951057 0 -0.951057 0.309017 1.70718 0.493646 2.99836</i>
                        <i>1 0 0 0 0.104528 0.994522 0 -0.994522 0.104528 1.70718 0.493453 2.99836</i>
                        <i>1 0 0 0 -0.104528 0.994522 -0 -0.994522 -0.104528 1.70718 0.489367 2.99836</i>
                        <i>1 0 0 0 -0.309017 0.951056 -0 -0.951056 -0.309017 1.70718 0.493112 2.99836</i>
                        <i>1 0 0 0 -0.5 0.866025 -0 -0.866025 -0.5 1.70718 0.497574 2.99836</i>
                        <i>1 0 0 0 -0.669131 0.743145 -0 -0.743145 -0.669131 1.70718 0.497111 2.99836</i>
                        <i>1 0 0 0 -0.809017 0.587785 -0 -0.587785 -0.809017 1.70718 0.501825 2.99836</i>
                        <i>1 0 0 0 -0.913546 0.406736 -0 -0.406736 -0.913546 1.70718 0.501773 2.99836</i>
                        <i>1 0 0 0 -0.978148 0.207912 -0 -0.207912 -0.978148 1.70718 0.495431 2.99836</i>
                        <i>1 0 0 0 -1 1.46556e-008 -0 -1.46556e-008 -1 1.70718 0.496412 2.99836</i>
                        <i>1 0 0 -0 -0.978148 -0.207912 0 0.207912 -0.978148 1.70718 0.497818 2.99836</i>
                        <i>1 0 0 -0 -0.913545 -0.406737 0 0.406737 -0.913545 1.70718 0.495138 2.99836</i>
                        <i>1 0 0 -0 -0.809017 -0.587785 0 0.587785 -0.809017 1.70718 0.491705 2.99836</i>
                        <i>1 0 0 -0 -0.669131 -0.743145 0 0.743145 -0.669131 1.70718 0.488929 2.99836</i>
                        <i>1 0 0 -0 -0.5 -0.866026 0 0.866026 -0.5 1.70718 0.483679 2.99836</i>
                        <i>1 0 0 -0 -0.309017 -0.951057 0 0.951057 -0.309017 1.70718 0.493 2.99836</i>
                        <i>1 0 0 -0 -0.104528 -0.994522 0 0.994522 -0.104528 1.70718 0.495017 2.99836</i>
                        <i>1 0 0 0 0.104528 -0.994522 0 0.994522 0.104528 1.70718 0.487261 2.99836</i>
                        <i>1 0 0 0 0.309017 -0.951056 0 0.951056 0.309017 1.70718 0.48087 2.99836</i>
                        <i>1 0 0 0 0.5 -0.866025 0 0.866025 0.5 1.70718 0.480016 2.99836</i>
                        <i>1 0 0 0 0.669131 -0.743145 0 0.743145 0.669131 1.70718 0.48037 2.99836</i>
                        <i>1 0 0 0 0.809017 -0.587785 0 0.587785 0.809017 1.70718 0.482223 2.99836</i>
                        <i>1 0 0 0 0.913546 -0.406736 0 0.406736 0.913546 1.70718 0.490656 2.99836</i>
                        <i>1 0 0 0 0.978148 -0.207911 0 0.207911 0.978148 1.70718 0.488675 2.99836</i>
                        <i>1 0 0 0 1 0 0 0 1 1.70718 0.484224 2.99836</i>
                    </KeyFrames>
                </p>
            </i>
            <i>
                <p>
                    <Name><![CDATA[l_wheel3]]></Name>
                    <Exclude>0</Exclude>
                    <Additive>0</Additive>
                    <IKPriority>0</IKPriority>
                    <IKRotLimits>-1e+010 -1e+010 -1e+010 1e+010 1e+010 1e+010</IKRotLimits>
                    <IKRotLimitOrder>0</IKRotLimitOrder>
                    <KeyFrames count="61">
                        <i>1 0 0 0 1 0 0 0 1 1.70718 0.49077 1.9499</i>
                        <i>1 0 0 0 0.978148 0.207912 0 -0.207912 0.978148 1.70718 0.491105 1.9499</i>
                        <i>1 0 0 0 0.913545 0.406737 0 -0.406737 0.913545 1.70718 0.49685 1.9499</i>
                        <i>1 0 0 0 0.809017 0.587785 0 -0.587785 0.809017 1.70718 0.494927 1.9499</i>
                        <i>1 0 0 0 0.669131 0.743145 0 -0.743145 0.669131 1.70718 0.490143 1.9499</i>
                        <i>1 0 0 0 0.5 0.866025 0 -0.866025 0.5 1.70718 0.490044 1.9499</i>
                        <i>1 0 0 0 0.309017 0.951057 0 -0.951057 0.309017 1.70718 0.485945 1.9499</i>
                        <i>1 0 0 0 0.104528 0.994522 0 -0.994522 0.104528 1.70718 0.494479 1.9499</i>
                        <i>1 0 0 0 -0.104529 0.994522 0 -0.994522 -0.104529 1.70718 0.49304 1.9499</i>
                        <i>1 0 0 0 -0.309017 0.951056 0 -0.951056 -0.309017 1.70718 0.496714 1.9499</i>
                        <i>1 0 0 0 -0.5 0.866025 0 -0.866025 -0.5 1.70718 0.497726 1.9499</i>
                        <i>1 0 0 0 -0.669131 0.743145 0 -0.743145 -0.669131 1.70718 0.499512 1.9499</i>
                        <i>1 0 0 0 -0.809017 0.587785 0 -0.587785 -0.809017 1.70718 0.491229 1.9499</i>
                        <i>1 0 0 0 -0.913545 0.406737 0 -0.406737 -0.913545 1.70718 0.482581 1.9499</i>
                        <i>1 0 0 0 -0.978148 0.207912 0 -0.207912 -0.978148 1.70718 0.495579 1.9499</i>
                        <i>1 0 0 0 -1 -1.78502e-007 0 1.78502e-007 -1 1.70718 0.497248 1.9499</i>
                        <i>1 0 0 0 -0.978148 -0.207912 0 0.207912 -0.978148 1.70718 0.497131 1.9499</i>
                        <i>1 0 0 0 -0.913545 -0.406737 0 0.406737 -0.913545 1.70718 0.500209 1.9499</i>
                        <i>1 0 0 0 -0.809017 -0.587785 0 0.587785 -0.809017 1.70718 0.496453 1.9499</i>
                        <i>1 0 0 0 -0.669131 -0.743145 0 0.743145 -0.669131 1.70718 0.494287 1.9499</i>
                        <i>1 0 0 0 -0.5 -0.866025 0 0.866025 -0.5 1.70718 0.489141 1.9499</i>
                        <i>1 0 0 0 -0.309017 -0.951057 0 0.951057 -0.309017 1.70718 0.496604 1.9499</i>
                        <i>1 0 0 0 -0.104529 -0.994522 0 0.994522 -0.104529 1.70718 0.491713 1.9499</i>
                        <i>1 0 0 0 0.104529 -0.994522 0 0.994522 0.104529 1.70718 0.497968 1.9499</i>
                        <i>1 0 0 0 0.309017 -0.951057 0 0.951057 0.309017 1.70718 0.494445 1.9499</i>
                        <i>1 0 0 0 0.5 -0.866025 0 0.866025 0.5 1.70718 0.488846 1.9499</i>
                        <i>1 0 0 0 0.669131 -0.743145 0 0.743145 0.669131 1.70718 0.491596 1.9499</i>
                        <i>1 0 0 0 0.809017 -0.587785 0 0.587785 0.809017 1.70718 0.497276 1.9499</i>
                        <i>1 0 0 0 0.913545 -0.406737 0 0.406737 0.913545 1.70718 0.496913 1.9499</i>
                        <i>1 0 0 0 0.978148 -0.207912 0 0.207912 0.978148 1.70718 0.497847 1.9499</i>
                        <i>1 0 0 0 1 -1.0533e-007 0 1.0533e-007 1 1.70718 0.501003 1.9499</i>
                        <i>1 0 0 0 0.978148 0.207912 0 -0.207912 0.978148 1.70718 0.488936 1.9499</i>
                        <i>1 0 0 0 0.913545 0.406737 0 -0.406737 0.913545 1.70718 0.484638 1.9499</i>
                        <i>1 0 0 0 0.809017 0.587785 0 -0.587785 0.809017 1.70718 0.489542 1.9499</i>
                        <i>1 0 0 0 0.669131 0.743145 0 -0.743145 0.669131 1.70718 0.487 1.9499</i>
                        <i>1 0 0 0 0.5 0.866026 0 -0.866026 0.5 1.70718 0.486376 1.9499</i>
                        <i>1 0 0 0 0.309017 0.951057 0 -0.951057 0.309017 1.70718 0.491805 1.9499</i>
                        <i>1 0 0 0 0.104528 0.994522 0 -0.994522 0.104528 1.70718 0.493461 1.9499</i>
                        <i>1 0 0 0 -0.104528 0.994522 -0 -0.994522 -0.104528 1.70718 0.498723 1.9499</i>
                        <i>1 0 0 0 -0.309017 0.951056 -0 -0.951056 -0.309017 1.70718 0.501996 1.9499</i>
                        <i>1 0 0 0 -0.5 0.866025 -0 -0.866025 -0.5 1.70718 0.503315 1.9499</i>
                        <i>1 0 0 0 -0.669131 0.743145 -0 -0.743145 -0.669131 1.70718 0.506514 1.9499</i>
                        <i>1 0 0 0 -0.809017 0.587785 -0 -0.587785 -0.809017 1.70718 0.506179 1.9499</i>
                        <i>1 0 0 0 -0.913546 0.406736 -0 -0.406736 -0.913546 1.70718 0.497569 1.9499</i>
                        <i>1 0 0 0 -0.978148 0.207912 -0 -0.207912 -0.978148 1.70718 0.482713 1.9499</i>
                        <i>1 0 0 0 -1 1.46556e-008 -0 -1.46556e-008 -1 1.70718 0.488277 1.9499</i>
                        <i>1 0 0 -0 -0.978148 -0.207912 0 0.207912 -0.978148 1.70718 0.493944 1.9499</i>
                        <i>1 0 0 -0 -0.913545 -0.406737 0 0.406737 -0.913545 1.70718 0.492395 1.9499</i>
                        <i>1 0 0 -0 -0.809017 -0.587785 0 0.587785 -0.809017 1.70718 0.493539 1.9499</i>
                        <i>1 0 0 -0 -0.669131 -0.743145 0 0.743145 -0.669131 1.70718 0.492573 1.9499</i>
                        <i>1 0 0 -0 -0.5 -0.866026 0 0.866026 -0.5 1.70718 0.489582 1.9499</i>
                        <i>1 0 0 -0 -0.309017 -0.951057 0 0.951057 -0.309017 1.70718 0.486183 1.9499</i>
                        <i>1 0 0 -0 -0.104528 -0.994522 0 0.994522 -0.104528 1.70718 0.503841 1.9499</i>
