<?xml version="1.0" encoding="ISO-8859-1" ?>
<Animl Version="1">
    <ModellingPackage><![CDATA[Maya.2010]]></ModellingPackage>
    <SrcFile><![CDATA[anims\vehicles\red\~src\land\apc_btr60\apc_btr60_deploy.mb]]></SrcFile>
    <FramesPerSecond>30</FramesPerSecond>
    <TotalFrames>61</TotalFrames>
    <Skeleton>
        <RefFrame>
            <Name><![CDATA[btr60_ref_frame]]></Name>
            <Exclude>0</Exclude>
            <Additive>0</Additive>
            <IKPriority>0</IKPriority>
            <IKRotLimits>-1e+010 -1e+010 -1e+010 1e+010 1e+010 1e+010</IKRotLimits>
            <IKRotLimitOrder>0</IKRotLimitOrder>
            <KeyFrames count="61">
                <i>1 0 0 0 1 0 0 0 1 0 0 0</i>
                <i>1 0 0 0 1 0 0 0 1 0 0 0</i>
                <i>1 0 0 0 1 0 0 0 1 0 0 0</i>
                <i>1 0 0 0 1 0 0 0 1 0 0 0</i>
                <i>1 0 0 0 1 0 0 0 1 0 0 0</i>
                <i>1 0 0 0 1 0 0 0 1 0 0 0</i>
                <i>1 0 0 0 1 0 0 0 1 0 0 0</i>
                <i>1 0 0 0 1 0 0 0 1 0 0 0</i>
                <i>1 0 0 0 1 0 0 0 1 0 0 0</i>
                <i>1 0 0 0 1 0 0 0 1 0 0 0</i>
                <i>1 0 0 0 1 0 0 0 1 0 0 0</i>
                <i>1 0 0 0 1 0 0 0 1 0 0 0</i>
                <i>1 0 0 0 1 0 0 0 1 0 0 0</i>
                <i>1 0 0 0 1 0 0 0 1 0 0 0</i>
                <i>1 0 0 0 1 0 0 0 1 0 0 0</i>
                <i>1 0 0 0 1 0 0 0 1 0 0 0</i>
                <i>1 0 0 0 1 0 0 0 1 0 0 0</i>
                <i>1 0 0 0 1 0 0 0 1 0 0 0</i>
                <i>1 0 0 0 1 0 0 0 1 0 0 0</i>
                <i>1 0 0 0 1 0 0 0 1 0 0 0</i>
                <i>1 0 0 0 1 0 0 0 1 0 0 0</i>
                <i>1 0 0 0 1 0 0 0 1 0 0 0</i>
                <i>1 0 0 0 1 0 0 0 1 0 0 0</i>
                <i>1 0 0 0 1 0 0 0 1 0 0 0</i>
                <i>1 0 0 0 1 0 0 0 1 0 0 0</i>
                <i>1 0 0 0 1 0 0 0 1 0 0 0</i>
                <i>1 0 0 0 1 0 0 0 1 0 0 0</i>
                <i>1 0 0 0 1 0 0 0 1 0 0 0</i>
                <i>1 0 0 0 1 0 0 0 1 0 0 0</i>
                <i>1 0 0 0 1 0 0 0 1 0 0 0</i>
                <i>1 0 0 0 1 0 0 0 1 0 0 0</i>
                <i>1 0 0 0 1 0 0 0 1 0 0 0</i>
                <i>1 0 0 0 1 0 0 0 1 0 0 0</i>
                <i>1 0 0 0 1 0 0 0 1 0 0 0</i>
                <i>1 0 0 0 1 0 0 0 1 0 0 0</i>
                <i>1 0 0 0 1 0 0 0 1 0 0 0</i>
                <i>1 0 0 0 1 0 0 0 1 0 0 0</i>
                <i>1 0 0 0 1 0 0 0 1 0 0 0</i>
                <i>1 0 0 0 1 0 0 0 1 0 0 0</i>
                <i>1 0 0 0 1 0 0 0 1 0 0 0</i>
                <i>1 0 0 0 1 0 0 0 1 0 0 0</i>
                <i>1 0 0 0 1 0 0 0 1 0 0 0</i>
                <i>1 0 0 0 1 0 0 0 1 0 0 0</i>
                <i>1 0 0 0 1 0 0 0 1 0 0 0</i>
                <i>1 0 0 0 1 0 0 0 1 0 0 0</i>
                <i>1 0 0 0 1 0 0 0 1 0 0 0</i>
                <i>1 0 0 0 1 0 0 0 1 0 0 0</i>
                <i>1 0 0 0 1 0 0 0 1 0 0 0</i>
                <i>1 0 0 0 1 0 0 0 1 0 0 0</i>
                <i>1 0 0 0 1 0 0 0 1 0 0 0</i>
                <i>1 0 0 0 1 0 0 0 1 0 0 0</i>
                <i>1 0 0 0 1 0 0 0 1 0 0 0</i>
                <i>1 0 0 0 1 0 0 0 1 0 0 0</i>
                <i>1 0 0 0 1 0 0 0 1 0 0 0</i>
                <i>1 0 0 0 1 0 0 0 1 0 0 0</i>
                <i>1 0 0 0 1 0 0 0 1 0 0 0</i>
                <i>1 0 0 0 1 0 0 0 1 0 0 0</i>
                <i>1 0 0 0 1 0 0 0 1 0 0 0</i>
                <i>1 0 0 0 1 0 0 0 1 0 0 0</i>
                <i>1 0 0 0 1 0 0 0 1 0 0 0</i>
                <i>1 0 0 0 1 0 0 0 1 0 0 0</i>
            </KeyFrames>
        </RefFrame>
        <Bones count="6">
            <i>
                <p>
                    <Name><![CDATA[btr60_root]]></Name>
                    <Exclude>0</Exclude>
                    <Additive>0</Additive>
                    <IKPriority>0</IKPriority>
                    <IKRotLimits>-1e+010 -1e+010 -1e+010 1e+010 1e+010 1e+010</IKRotLimits>
                    <IKRotLimitOrder>0</IKRotLimitOrder>
                    <KeyFrames count="61">
                        <i>1 -0.000537681 0 0.000537681 0.999998 -0.00168637 9.06729e-007 0.00168637 0.999999 0 1.64772 0</i>
                        <i>1 -0.000810503 8.47033e-022 0.000810474 0.999965 0.00837496 -6.78793e-006 -0.00837495 0.999965 0 1.62497 0</i>
                        <i>0.999999 -0.00104758 0 0.00104752 0.999943 0.0105868 -1.10905e-005 -0.0105868 0.999944 0 1.61325 0</i>
                        <i>0.999999 -0.00122955 8.47033e-022 0.00122951 0.999966 0.00817168 -1.00475e-005 -0.00817167 0.999967 0 1.62335 0</i>
                        <i>0.999999 -0.00129111 0 0.00129109 0.999982 0.00583946 -7.53939e-006 -0.00583946 0.999983 0 1.64039 0</i>
                        <i>0.999999 -0.00118733 -2.11758e-022 0.00118732 0.999996 0.00272364 -3.23385e-006 -0.00272363 0.999996 0 1.65938 0</i>
                        <i>1 -0.000975779 1.32349e-023 0.000975779 1 -0.000129314 1.26182e-007 0.000129314 1 0 1.67524 0</i>
                        <i>1 -0.000695621 4.23516e-022 0.00069561 0.999985 -0.00550684 3.83067e-006 0.00550684 0.999985 0 1.68295 0</i>
                        <i>1 -0.000528697 -4.23516e-022 0.000528676 0.999959 -0.00903967 4.77925e-006 0.00903966 0.999959 0 1.68169 0</i>
                        <i>1 -0.000557916 -4.23516e-022 0.00055789 0.999955 -0.00948602 5.2924e-006 0.00948602 0.999955 0 1.67525 0</i>
                        <i>1 -0.000558041 0 0.000558019 0.999961 -0.0088595 4.94396e-006 0.0088595 0.999961 0 1.66598 0</i>
                        <i>1 -0.000438169 2.11758e-022 0.000438157 0.999971 -0.00763694 3.34627e-006 0.00763694 0.999971 0 1.65575 0</i>
                        <i>1 -0.000309342 1.05879e-022 0.000309337 0.999985 -0.00550501 1.70293e-006 0.00550501 0.999985 0 1.64613 0</i>
                        <i>1 -0.000217788 0 0.000217788 0.999998 -0.00218565 4.76008e-007 0.00218565 0.999998 0 1.63862 0</i>
                        <i>1 -0.000235519 -6.61744e-024 0.000235519 1 -0.000255304 6.01291e-008 0.000255304 1 0 1.63445 0</i>
                        <i>1 -0.000371333 -3.30872e-024 0.000371333 1 8.47625e-005 -3.14751e-008 -8.47625e-005 1 0 1.63488 0</i>
                        <i>1 -0.000481481 0 0.00048148 0.999998 0.00197914 -9.52919e-007 -0.00197914 0.999998 0 1.63885 0</i>
                        <i>1 -0.000521775 0 0.000521774 0.999998 0.00184741 -9.63931e-007 -0.00184741 0.999998 0 1.64434 0</i>
                        <i>1 -0.00044239 -5.29396e-023 0.000442389 0.999998 0.00210291 -9.30305e-007 -0.00210291 0.999998 0 1.64904 0</i>
                        <i>1 -0.000252694 -2.64698e-023 0.000252694 0.999999 -0.00158902 4.01537e-007 0.00158902 0.999999 0 1.65107 0</i>
                        <i>1 -9.28664e-005 6.61744e-024 9.28664e-005 1 0.000725115 -6.73388e-008 -0.000725115 1 0 1.65161 0</i>
                        <i>1 1.53319e-005 0 -1.53319e-005 1 0.000729531 1.11851e-008 -0.000729531 1 0 1.65224 0</i>
                        <i>1 9.81142e-005 0 -9.81141e-005 0.999999 0.00137716 1.35119e-007 -0.00137716 0.999999 0 1.6527 0</i>
                        <i>1 0.00015109 0 -0.00015109 0.999998 0.00207142 3.12971e-007 -0.00207142 0.999998 0 1.65301 0</i>
                        <i>1 0.000134211 0 -0.000134211 0.999999 -0.00142701 -1.91521e-007 0.00142701 0.999999 0 1.6526 0</i>
                        <i>1 8.14992e-005 0 -8.14991e-005 0.999999 -0.00164473 -1.34044e-007 0.00164473 0.999999 0 1.6518 0</i>
                        <i>1 0.000148612 2.64698e-023 -0.000148612 0.999999 0.00165175 2.4547e-007 -0.00165175 0.999999 0 1.6515 0</i>
                        <i>1 0.000304528 0 -0.000304528 1 0.000241635 7.35847e-008 -0.000241635 1 0 1.65164 0</i>
                        <i>1 0.000390494 1.32349e-023 -0.000390494 1 -0.000436103 -1.70296e-007 0.000436102 1 0 1.65177 0</i>
                        <i>1 0.000433055 0 -0.000433055 1 8.14735e-005 3.52825e-008 -8.14735e-005 1 0 1.65185 0</i>
                        <i>1 0.000545377 0 -0.000545377 1 0.000473311 2.58133e-007 -0.000473311 1 0 1.65182 0</i>
                        <i>1 0.000673529 0 -0.000673528 0.999999 0.00133135 8.96704e-007 -0.00133135 0.999999 0 1.65173 0</i>
                        <i>1 0.000668473 2.64698e-023 -0.000668473 1 -0.000586413 -3.92001e-007 0.000586413 1 0 1.65175 0</i>
                        <i>1 0.000560421 0 -0.000560421 0.999999 -0.0013653 -7.65141e-007 0.0013653 0.999999 0 1.65186 0</i>
                        <i>1 0.000426476 6.61744e-024 -0.000426476 1 -0.000217913 -9.29347e-008 0.000217913 1 0 1.65196 0</i>
                        <i>1 0.000280958 0 -0.000280958 1 8.37143e-005 2.35202e-008 -8.37143e-005 1 0 1.65215 0</i>
                        <i>1 0.000145026 0 -0.000145026 1 -0.000748779 -1.08593e-007 0.000748779 1 0 1.65261 0</i>
                        <i>1 5.15592e-005 0 -5.15592e-005 0.999999 -0.00143626 -7.40525e-008 0.00143626 0.999999 0 1.65306 0</i>
                        <i>1 4.94668e-005 -3.30872e-024 -4.94668e-005 1 -0.000734888 -3.63525e-008 0.000734888 1 0 1.6531 0</i>
                        <i>1 9.5425e-005 0 -9.5425e-005 1 -0.000255301 -2.43621e-008 0.000255301 1 0 1.65293 0</i>
                        <i>1 0.000133743 0 -0.000133743 1 -0.000373348 -4.99328e-008 0.000373348 1 0 1.65285 0</i>
                        <i>1 0.000115945 0 -0.000115945 0.999999 0.00122194 1.41677e-007 -0.00122194 0.999999 0 1.65258 0</i>
                        <i>1 -9.20845e-006 8.27181e-025 9.20845e-006 1 0.000927404 -8.53996e-009 -0.000927404 1 0 1.65183 0</i>
                        <i>1 -0.000112656 1.32349e-023 0.000112656 0.999999 0.00113368 -1.27716e-007 -0.00113368 0.999999 0 1.65112 0</i>
                        <i>1 -8.0676e-005 0 8.06757e-005 0.999997 -0.00251661 2.0303e-007 0.00251661 0.999997 0 1.65092 0</i>
                        <i>1 -6.04881e-006 0 6.04881e-006 1 -9.26725e-005 5.60558e-010 9.26725e-005 1 0 1.65116 0</i>
                        <i>1 4.29965e-005 2.06795e-025 -4.29965e-005 1 6.69613e-005 2.8791e-009 -6.69613e-005 1 0 1.65179 0</i>
                        <i>1 0.000120483 0 -0.000120483 1 0.000892553 1.07538e-007 -0.000892553 1 0 1.65235 0</i>
                        <i>1 0.000258425 0 -0.000258424 0.999998 0.00176477 4.56059e-007 -0.00176477 0.999998 0 1.65256 0</i>
                        <i>1 0.000373131 5.29396e-023 -0.000373131 0.999999 -0.00157845 -5.8897e-007 0.00157845 0.999999 0 1.65312 0</i>
                        <i>1 0.00041999 5.29396e-023 -0.000419989 0.999999 -0.00168637 -7.08259e-007 0.00168637 0.999999 0 1.65401 0</i>
                        <i>1 0.000400754 -5.29396e-023 -0.000400754 0.999999 0.00165174 6.61942e-007 -0.00165174 0.999999 0 1.65414 0</i>
                        <i>1 0.000318948 -6.61744e-024 -0.000318948 1 0.000241636 7.70693e-008 -0.000241636 1 0 1.65307 0</i>
                        <i>1 0.000228244 0 -0.000228244 1 -0.000436113 -9.954e-008 0.000436113 1 0 1.652 0</i>
                        <i>1 0.000146511 0 -0.000146511 1 8.14714e-005 1.19365e-008 -8.14714e-005 1 0 1.65141 0</i>
                        <i>1 3.04886e-005 -8.27181e-025 -3.04886e-005 1 0.000473311 1.44306e-008 -0.000473311 1 0 1.65116 0</i>
                        <i>1 -0.000129733 0 0.000129733 0.999999 0.00133136 -1.72721e-007 -0.00133136 0.999999 0 1.65121 0</i>
                        <i>1 -0.00028451 0 0.00028451 1 -0.000586413 1.66841e-007 0.000586413 1 0 1.65129 0</i>
                        <i>1 -0.000402051 0 0.00040205 0.999999 -0.0013653 5.48918e-007 0.0013653 0.999999 0 1.6513 0</i>
                        <i>1 -0.000322084 0 0.000322084 1 -0.000217913 7.01862e-008 0.000217913 1 0 1.65118 0</i>
                        <i>1 -2.92481e-005 -2.06795e-025 2.92481e-005 1 8.37236e-005 -2.44876e-009 -8.37236e-005 1 0 1.65093 0</i>
                    </KeyFrames>
                </p>
            </i>
            <i>
                <p>
                    <Name><![CDATA[antenna]]></Name>
                    <Exclude>0</Exclude>
                    <Additive>0</Additive>
                    <IKPriority>0</IKPriority>
                    <IKRotLimits>-1e+010 -1e+010 -1e+010 1e+010 1e+010 1e+010</IKRotLimits>
                    <IKRotLimitOrder>0</IKRotLimitOrder>
                    <KeyFrames count="61">
                        <i>1 -0.000537681 0 0.000425427 0.791225 -0.611525 0.000328806 0.611525 0.791225 -0.877115 2.57417 -3.4612</i>
                        <i>1 -0.000810503 8.47033e-022 0.000638696 0.788024 -0.615644 0.000498981 0.615644 0.788024 -0.876875 2.58644 -3.45322</i>
                        <i>0.999999 -0.00104758 0 0.00081583 0.778779 -0.627298 0.000657142 0.627297 0.77878 -0.876675 2.58257 -3.45142</i>
                        <i>0.999999 -0.00122955 8.47033e-022 0.000945177 0.768717 -0.639588 0.000786406 0.639588 0.768718 -0.876536 2.58449 -3.45338</i>
                        <i>0.999999 -0.00129111 0 0.000986899 0.764379 -0.644767 0.000832466 0.644766 0.764379 -0.876497 2.59352 -3.45526</i>
                        <i>0.999999 -0.00118733 -2.11758e-022 0.000913224 0.769143 -0.639076 0.000758792 0.639076 0.769144 -0.876593 2.60165 -3.45774</i>
                        <i>1 -0.000975779 1.32349e-023 0.000761777 0.780685 -0.624924 0.000609788 0.624924 0.780685 -0.87677 2.60747 -3.45999</i>
                        <i>1 -0.000695621 4.23516e-022 0.000550071 0.790763 -0.612123 0.000425805 0.612122 0.790763 -0.877002 2.59631 -3.46413</i>
                        <i>1 -0.000528697 -4.23516e-022 0.000420864 0.79604 -0.605244 0.000319991 0.605244 0.79604 -0.877136 2.58266 -3.46681</i>
                        <i>1 -0.000557916 -4.23516e-022 0.000442928 0.793898 -0.60805 0.000339241 0.60805 0.793898 -0.877115 2.5747 -3.46714</i>
                        <i>1 -0.000558041 0 0.000439148 0.786946 -0.617022 0.000344324 0.617022 0.786946 -0.877113 2.5676 -3.46667</i>
                        <i>1 -0.000438169 2.11758e-022 0.000341725 0.779893 -0.625913 0.000274256 0.625912 0.779893 -0.877202 2.56151 -3.46575</i>
                        <i>1 -0.000309342 1.05879e-022 0.000240724 0.77818 -0.628042 0.00019428 0.628042 0.77818 -0.877297 2.55916 -3.46413</i>
                        <i>1 -0.000217788 0 0.000171041 0.785356 -0.619044 0.00013482 0.619044 0.785356 -0.877364 2.56307 -3.46158</i>
                        <i>1 -0.000235519 -6.61744e-024 0.000187518 0.796191 -0.605045 0.0001425 0.605045 0.796191 -0.877349 2.56559 -3.46008</i>
                        <i>1 -0.000371333 -3.30872e-024 0.000299157 0.80563 -0.592419 0.000219984 0.592419 0.80563 -0.877242 2.56731 -3.45982</i>
                        <i>1 -0.000481481 0 0.000390459 0.810953 -0.585111 0.00028172 0.58511 0.810954 -0.877153 2.57794 -3.45833</i>
                        <i>1 -0.000521775 0 0.000422274 0.809303 -0.587391 0.000306486 0.587391 0.809303 -0.877121 2.583 -3.45844</i>
                        <i>1 -0.00044239 -5.29396e-023 0.000356177 0.805119 -0.593113 0.000262387 0.593113 0.805119 -0.877183 2.58852 -3.45823</i>
                        <i>1 -0.000252694 -2.64698e-023 0.000201401 0.797015 -0.603959 0.000152617 0.603959 0.797015 -0.877336 2.57761 -3.46112</i>
                        <i>1 -9.28664e-005 6.61744e-024 7.35716e-005 0.79223 -0.610222 5.66691e-005 0.610222 0.79223 -0.87746 2.58602 -3.45932</i>
                        <i>1 1.53319e-005 0 -1.20675e-005 0.787087 -0.616842 -9.45736e-006 0.616842 0.787087 -0.877545 2.58656 -3.45931</i>
                        <i>1 9.81142e-005 0 -7.69953e-005 0.784752 -0.61981 -6.08122e-005 0.61981 0.784752 -0.87761 2.58919 -3.45881</i>
                        <i>1 0.00015109 0 -0.000118527 0.784477 -0.620158 -9.36998e-005 0.620158 0.784477 -0.877652 2.59185 -3.45826</i>
                        <i>1 0.000134211 0 -0.000104986 0.782244 -0.622972 -8.36097e-005 0.622972 0.782244 -0.877637 2.57936 -3.461</i>
                        <i>1 8.14992e-005 0 -6.37799e-005 0.782583 -0.622546 -5.0737e-005 0.622546 0.782583 -0.877596 2.57785 -3.46116</i>
                        <i>1 0.000148612 2.64698e-023 -0.000116737 0.785515 -0.618843 -9.19677e-005 0.618843 0.785515 -0.877649 2.5889 -3.45859</i>
                        <i>1 0.000304528 0 -0.000239304 0.785818 -0.618457 -0.000188338 0.618457 0.785818 -0.877771 2.58402 -3.4597</i>
                        <i>1 0.000390494 1.32349e-023 -0.000307221 0.78675 -0.617272 -0.000241041 0.617272 0.78675 -0.877837 2.58173 -3.46022</i>
                        <i>1 0.000433055 0 -0.000341452 0.788473 -0.615069 -0.000266358 0.615069 0.788473 -0.877871 2.58356 -3.45982</i>
                        <i>1 0.000545377 0 -0.000430878 0.790054 -0.613037 -0.000334336 0.613037 0.790054 -0.877959 2.58479 -3.45951</i>
                        <i>1 0.000673529 0 -0.00053326 0.79174 -0.610858 -0.00041143 0.610858 0.79174 -0.878062 2.58756 -3.45884</i>
                        <i>1 0.000668473 2.64698e-023 -0.000529054 0.791436 -0.611251 -0.000408605 0.611251 0.791437 -0.878053 2.58095 -3.46034</i>
                        <i>1 0.000560421 0 -0.00044353 0.791421 -0.611271 -0.000342569 0.611271 0.791421 -0.877967 2.57845 -3.46095</i>
                        <i>1 0.000426476 6.61744e-024 -0.000337907 0.792324 -0.6101 -0.000260193 0.6101 0.792324 -0.877865 2.58264 -3.46005</i>
                        <i>1 0.000280958 0 -0.00022271 0.79268 -0.609638 -0.000171283 0.609638 0.79268 -0.877752 2.584 -3.45982</i>
                        <i>1 0.000145026 0 -0.000114906 0.792315 -0.610112 -8.84822e-005 0.610112 0.792315 -0.877645 2.5817 -3.46047</i>
                        <i>1 5.15592e-005 0 -4.08355e-005 0.792012 -0.610506 -3.14772e-005 0.610506 0.792012 -0.877572 2.57986 -3.461</i>
                        <i>1 4.94668e-005 -3.30872e-024 -3.92039e-005 0.79253 -0.609832 -3.01664e-005 0.609832 0.79253 -0.877571 2.58233 -3.46046</i>
                        <i>1 9.5425e-005 0 -7.56616e-005 0.79289 -0.609364 -5.81486e-005 0.609364 0.79289 -0.877607 2.58378 -3.46008</i>
                        <i>1 0.000133743 0 -0.00010604 0.792864 -0.609398 -8.15028e-005 0.609398 0.792864 -0.877637 2.58325 -3.46018</i>
                        <i>1 0.000115945 0 -9.20443e-005 0.793862 -0.608098 -7.0506e-005 0.608098 0.793862 -0.877624 2.58852 -3.45893</i>
                        <i>1 -9.20845e-006 8.27181e-025 7.30867e-006 0.793691 -0.608321 5.6017e-006 0.608321 0.793691 -0.877525 2.58686 -3.45916</i>
                        <i>1 -0.000112656 1.32349e-023 8.94273e-005 0.793809 -0.608167 6.85137e-005 0.608167 0.793809 -0.877444 2.58695 -3.459</i>
                        <i>1 -8.0676e-005 0 6.386e-005 0.791561 -0.61109 4.93003e-005 0.61109 0.791561 -0.87747 2.57409 -3.46184</i>
                        <i>1 -6.04881e-006 0 4.79674e-006 0.793006 -0.609214 3.68502e-006 0.609214 0.793006 -0.877528 2.58266 -3.45996</i>
                        <i>1 4.29965e-005 2.06795e-025 -3.40987e-005 0.793057 -0.609147 -2.61912e-005 0.609147 0.793057 -0.877566 2.5838 -3.45983</i>
                        <i>1 0.000120483 0 -9.56043e-005 0.793506 -0.608563 -7.33217e-005 0.608563 0.793506 -0.877627 2.58715 -3.45919</i>
                        <i>1 0.000258425 0 -0.000205183 0.793975 -0.607951 -0.000157109 0.60795 0.793975 -0.877736 2.59026 -3.4585</i>
                        <i>1 0.000373131 5.29396e-023 -0.000295472 0.791871 -0.610688 -0.000227867 0.610688 0.791871 -0.877822 2.57915 -3.46111</i>
                        <i>1 0.00041999 5.29396e-023 -0.00033252 0.791734 -0.610866 -0.000256557 0.610865 0.791734 -0.877858 2.57962 -3.4612</i>
                        <i>1 0.000400754 -5.29396e-023 -0.000318077 0.793697 -0.608313 -0.000243784 0.608313 0.793697 -0.877848 2.59131 -3.45859</i>
                        <i>1 0.000318948 -6.61744e-024 -0.000252851 0.792766 -0.609526 -0.000194407 0.609526 0.792766 -0.877782 2.58544 -3.4597</i>
                        <i>1 0.000228244 0 -0.000180833 0.792282 -0.610155 -0.000139264 0.610155 0.792282 -0.87771 2.58211 -3.46022</i>
                        <i>1 0.000146511 0 -0.000116114 0.792531 -0.609832 -8.9347e-005 0.609832 0.792531 -0.877647 2.58337 -3.45982</i>
                        <i>1 3.04886e-005 -8.27181e-025 -2.41686e-005 0.792708 -0.609601 -1.85859e-005 0.609601 0.792708 -0.877556 2.58459 -3.45951</i>
                        <i>1 -0.000129733 0 0.000102901 0.793177 -0.608991 7.90063e-005 0.608991 0.793177 -0.877431 2.58775 -3.45884</i>
                        <i>1 -0.00028451 0 0.000225321 0.791962 -0.61057 0.000173714 0.61057 0.791962 -0.877311 2.58132 -3.46034</i>
                        <i>1 -0.000402051 0 0.000318204 0.791451 -0.611232 0.000245746 0.611232 0.791451 -0.87722 2.57874 -3.46095</i>
                        <i>1 -0.000322084 0 0.000255132 0.79213 -0.610352 0.000196585 0.610352 0.79213 -0.877281 2.58252 -3.46005</i>
                        <i>1 -2.92481e-005 -2.06795e-025 2.31734e-005 0.792306 -0.610124 1.78449e-005 0.610124 0.792306 -0.87751 2.58307 -3.45982</i>
                    </KeyFrames>
                </p>
            </i>
            <i>
                <p>
                    <Name><![CDATA[antenna_1]]></Name>
                    <Exclude>0</Exclude>
                    <Additive>0</Additive>
                    <IKPriority>0</IKPriority>
                    <IKRotLimits>-1e+010 -1e+010 -1e+010 1e+010 1e+010 1e+010</IKRotLimits>
                    <IKRotLimitOrder>0</IKRotLimitOrder>
                    <KeyFrames count="61">
                        <i>1 -0.000537681 0 0.000430794 0.801207 -0.598387 0.000321742 0.598387 0.801207 -0.876517 3.68777 -4.31302</i>
                        <i>1 -0.000810503 8.47033e-022 0.000639305 0.788775 -0.614681 0.000498201 0.614681 0.788776 -0.875977 3.69558 -4.31084</i>
                        <i>0.999999 -0.00104758 0 0.000805302 0.768729 -0.639574 0.000670002 0.639574 0.768729 -0.875527 3.67883 -4.32545</i>
                        <i>0.999999 -0.00122955 8.47033e-022 0.000921704 0.749627 -0.66186 0.00081379 0.66186 0.749627 -0.875206 3.66672 -4.34471</i>
                        <i>0.999999 -0.00129111 0 0.000958239 0.742181 -0.670199 0.000865301 0.670198 0.742182 -0.875107 3.66971 -4.35388</i>
                        <i>0.999999 -0.00118733 -2.11758e-022 0.00089536 0.754097 -0.656762 0.000779791 0.656762 0.754098 -0.875307 3.68448 -4.34835</i>
                        <i>1 -0.000975779 1.32349e-023 0.000760491 0.779368 -0.626566 0.00061139 0.626566 0.779368 -0.875698 3.70638 -4.33067</i>
                        <i>1 -0.000695621 4.23516e-022 0.000558296 0.802587 -0.596535 0.000414962 0.596535 0.802587 -0.876228 3.70926 -4.3168</i>
                        <i>1 -0.000528697 -4.23516e-022 0.000430816 0.814862 -0.579654 0.000306462 0.579654 0.814863 -0.876544 3.70296 -4.30979</i>
                        <i>1 -0.000557916 -4.23516e-022 0.000452475 0.81101 -0.585032 0.000326398 0.585032 0.81101 -0.876491 3.69202 -4.31407</i>
                        <i>1 -0.000558041 0 0.000444839 0.797143 -0.60379 0.000336939 0.60379 0.797144 -0.876495 3.67523 -4.32623</i>
                        <i>1 -0.000438169 2.11758e-022 0.000342857 0.782475 -0.622682 0.00027284 0.622682 0.782475 -0.876721 3.65932 -4.33783</i>
                        <i>1 -0.000309342 1.05879e-022 0.000240582 0.777722 -0.628609 0.000194455 0.628609 0.777722 -0.876958 3.65458 -4.33921</i>
                        <i>1 -0.000217788 0 0.000172042 0.789952 -0.613168 0.000133541 0.613168 0.789952 -0.877123 3.66849 -4.32399</i>
                        <i>1 -0.000235519 -6.61744e-024 0.000190778 0.810031 -0.586386 0.000138105 0.586386 0.810031 -0.877085 3.68611 -4.30279</i>
                        <i>1 -0.000371333 -3.30872e-024 0.000307435 0.827924 -0.560841 0.000208258 0.560841 0.827924 -0.876821 3.70097 -4.28476</i>
                        <i>1 -0.000481481 0 0.000402949 0.836894 -0.547365 0.000263546 0.547365 0.836894 -0.876604 3.71901 -4.27298</i>
                        <i>1 -0.000521775 0 0.000435093 0.833872 -0.551958 0.000287998 0.551958 0.833872 -0.876527 3.72178 -4.2763</i>
                        <i>1 -0.00044239 -5.29396e-023 0.000365334 0.825819 -0.563935 0.000249479 0.563935 0.825819 -0.876682 3.72146 -4.28415</i>
                        <i>1 -0.000252694 -2.64698e-023 0.00020529 0.812406 -0.583092 0.000147344 0.583092 0.812406 -0.877053 3.69927 -4.3023</i>
                        <i>1 -9.28664e-005 6.61744e-024 7.44541e-005 0.801733 -0.597682 5.55046e-005 0.597682 0.801733 -0.877356 3.70102 -4.30931</i>
                        <i>1 1.53319e-005 0 -1.21367e-005 0.791597 -0.611044 -9.36846e-006 0.611044 0.791597 -0.877562 3.6944 -4.31862</i>
                        <i>1 9.81142e-005 0 -7.71726e-005 0.786559 -0.617515 -6.0587e-005 0.617515 0.786559 -0.877718 3.69377 -4.32229</i>
                        <i>1 0.00015109 0 -0.000118694 0.785581 -0.618758 -9.34882e-005 0.618758 0.785581 -0.877818 3.69605 -4.32224</i>
                        <i>1 0.000134211 0 -0.000105127 0.783296 -0.621648 -8.34321e-005 0.621648 0.783296 -0.877784 3.68045 -4.32893</i>
                        <i>1 8.14992e-005 0 -6.39042e-005 0.784108 -0.620625 -5.05804e-005 0.620625 0.784108 -0.877685 3.67941 -4.3285</i>
                        <i>1 0.000148612 2.64698e-023 -0.000117093 0.787909 -0.615791 -9.15142e-005 0.615791 0.787909 -0.877814 3.69454 -4.32071</i>
                        <i>1 0.000304528 0 -0.000240388 0.78938 -0.613905 -0.000186951 0.613905 0.78938 -0.878107 3.69008 -4.32128</i>
                        <i>1 0.000390494 1.32349e-023 -0.000309132 0.791641 -0.610986 -0.000238586 0.610986 0.791642 -0.878269 3.68909 -4.32014</i>
                        <i>1 0.000433055 0 -0.000344163 0.794733 -0.606959 -0.000262847 0.606959 0.794733 -0.878351 3.69333 -4.31663</i>
                        <i>1 0.000545377 0 -0.000434999 0.797612 -0.603171 -0.000328956 0.603171 0.797612 -0.878566 3.69676 -4.31347</i>
                        <i>1 0.000673529 0 -0.000539099 0.800409 -0.599454 -0.000403749 0.599454 0.800409 -0.878812 3.70187 -4.30973</i>
                        <i>1 0.000668473 2.64698e-023 -0.000535422 0.800962 -0.598714 -0.000400224 0.598714 0.800963 -0.878798 3.69484 -4.31178</i>
                        <i>1 0.000560421 0 -0.000449121 0.801399 -0.59813 -0.000335205 0.59813 0.801399 -0.878592 3.69232 -4.31242</i>
                        <i>1 0.000426476 6.61744e-024 -0.000342238 0.80248 -0.596679 -0.000254469 0.596679 0.80248 -0.878341 3.69777 -4.30987</i>
                        <i>1 0.000280958 0 -0.000225608 0.802996 -0.595985 -0.000167447 0.595985 0.802996 -0.878065 3.69963 -4.30899</i>
                        <i>1 0.000145026 0 -0.000116424 0.802779 -0.596277 -8.64758e-005 0.596277 0.802779 -0.877807 3.69682 -4.3103</i>
                        <i>1 5.15592e-005 0 -4.13812e-005 0.802596 -0.596524 -3.07563e-005 0.596524 0.802596 -0.87763 3.69455 -4.31139</i>
                        <i>1 4.94668e-005 -3.30872e-024 -3.97313e-005 0.803191 -0.595721 -2.94684e-005 0.595721 0.803191 -0.877626 3.69774 -4.3099</i>
                        <i>1 9.5425e-005 0 -7.66844e-005 0.803609 -0.595158 -5.6793e-005 0.595158 0.803609 -0.877713 3.69969 -4.30887</i>
                        <i>1 0.000133743 0 -0.00010748 0.803628 -0.595131 -7.95947e-005 0.595131 0.803628 -0.877786 3.69913 -4.30901</i>
                        <i>1 0.000115945 0 -9.32926e-005 0.804628 -0.593779 -6.88457e-005 0.593779 0.804628 -0.877753 3.70579 -4.30593</i>
                        <i>1 -9.20845e-006 8.27181e-025 7.40792e-006 0.804469 -0.593994 5.46977e-006 0.593994 0.804469 -0.877515 3.70389 -4.30647</i>
                        <i>1 -0.000112656 1.32349e-023 9.06404e-005 0.804577 -0.593849 6.69006e-005 0.593849 0.804577 -0.877318 3.70415 -4.3061</i>
                        <i>1 -8.0676e-005 0 6.47312e-005 0.80236 -0.59684 4.81506e-005 0.59684 0.80236 -0.87738 3.68816 -4.31305</i>
                        <i>1 -6.04881e-006 0 4.86165e-006 0.803737 -0.594985 3.59895e-006 0.594985 0.803737 -0.877521 3.69873 -4.30853</i>
                        <i>1 4.29965e-005 2.06795e-025 -3.45582e-005 0.803743 -0.594976 -2.55819e-005 0.594976 0.803743 -0.877614 3.69995 -4.30831</i>
                        <i>1 0.000120483 0 -9.68842e-005 0.804128 -0.594456 -7.16221e-005 0.594456 0.804128 -0.877761 3.70392 -4.30684</i>
                        <i>1 0.000258425 0 -0.00020791 0.804527 -0.593917 -0.000153483 0.593917 0.804527 -0.878025 3.70768 -4.30529</i>
                        <i>1 0.000373131 5.29396e-023 -0.000299403 0.802405 -0.596779 -0.000222677 0.596779 0.802405 -0.878238 3.69364 -4.31176</i>
                        <i>1 0.00041999 5.29396e-023 -0.000336917 0.802203 -0.597051 -0.000250755 0.597051 0.802203 -0.878326 3.69393 -4.31209</i>
                        <i>1 0.000400754 -5.29396e-023 -0.000322227 0.804051 -0.594561 -0.000238273 0.594561 0.804051 -0.878295 3.70835 -4.30589</i>
                        <i>1 0.000318948 -6.61744e-024 -0.000256137 0.80307 -0.595885 -0.000190056 0.595885 0.80307 -0.878138 3.70118 -4.30871</i>
                        <i>1 0.000228244 0 -0.000183172 0.802528 -0.596615 -0.000136174 0.596615 0.802528 -0.877965 3.69718 -4.31012</i>
                        <i>1 0.000146511 0 -0.000117605 0.802706 -0.596375 -8.73755e-005 0.596375 0.802706 -0.87781 3.69879 -4.30926</i>
                        <i>1 3.04886e-005 -8.27181e-025 -2.44769e-005 0.802819 -0.596223 -1.8178e-005 0.596223 0.802819 -0.87759 3.70025 -4.30863</i>
                        <i>1 -0.000129733 0 0.000104205 0.803224 -0.595677 7.7279e-005 0.595677 0.803224 -0.877286 3.70406 -4.3071</i>
                        <i>1 -0.00028451 0 0.000228175 0.801991 -0.597336 0.000169948 0.597336 0.801991 -0.876994 3.69594 -4.31082</i>
                        <i>1 -0.000402051 0 0.000322227 0.801458 -0.598052 0.000240447 0.598052 0.801458 -0.876772 3.69265 -4.31236</i>
                        <i>1 -0.000322084 0 0.000258344 0.8021 -0.59719 0.000192345 0.59719 0.8021 -0.876922 3.69738 -4.31023</i>
                        <i>1 -2.92481e-005 -2.06795e-025 2.34647e-005 0.802265 -0.596968 1.74602e-005 0.596968 0.802265 -0.877477 3.69817 -4.30967</i>
                    </KeyFrames>
                </p>
            </i>
            <i>
                <p>
                    <Name><![CDATA[left_hatch]]></Name>
                    <Exclude>0</Exclude>
                    <Additive>0</Additive>
                    <IKPriority>0</IKPriority>
                    <IKRotLimits>-1e+010 -1e+010 -1e+010 1e+010 1e+010 1e+010</IKRotLimits>
                    <IKRotLimitOrder>0</IKRotLimitOrder>
                    <KeyFrames count="61">
                        <i>0.615238 -0.788341 0.00132888 0.788342 0.615237 -0.00103823 9.06729e-007 0.00168637 0.999999 1.48041 2.26495 -1.54991</i>
                        <i>0.615023 -0.788482 -0.00659956 0.754633 0.591006 -0.285028 0.22864 0.170319 0.958496 1.48055 2.25736 -1.54513</i>
                        <i>0.614836 -0.788611 -0.00834252 0.656034 0.517287 -0.549576 0.437717 0.332426 0.835402 1.48067 2.2487 -1.54406</i>
                        <i>0.614692 -0.788741 -0.00643937 0.500992 0.396719 -0.769169 0.60923 0.469576 0.639013 1.48075 2.2548 -1.54523</i>
                        <i>0.614644 -0.788792 -0.00460156 0.302818 0.241341 -0.921984 0.728364 0.565298 0.3872 1.48078 2.26814 -1.54635</i>
                        <i>0.614725 -0.788738 -0.00214626 0.0785912 0.0639594 -0.994853 0.784816 0.611393 0.101305 1.48072 2.28247 -1.54784</i>
                        <i>0.614892 -0.788611 0.000101901 -0.152339 -0.118908 -0.981149 0.773757 0.603286 -0.193252 1.48062 2.29423 -1.54918</i>
                        <i>0.615113 -0.788427 0.00433945 -0.370085 -0.293583 -0.881389 0.696184 0.540548 -0.472372 1.48048 2.29401 -1.55169</i>
                        <i>0.615245 -0.788304 0.00712335 -0.555987 -0.4403 -0.704992 0.558885 0.429782 -0.709179 1.4804 2.28752 -1.55331</i>
                        <i>0.615222 -0.788319 0.00747508 -0.694177 -0.546197 -0.468815 0.373659 0.283236 -0.883265 1.48041 2.28034 -1.55351</i>
                        <i>0.615222 -0.788323 0.00698138 -0.772702 -0.604739 -0.192929 0.156312 0.113299 -0.981188 1.48041 2.27204 -1.55323</i>
                        <i>0.615316 -0.788257 0.00601799 -0.750957 -0.588486 -0.299579 0.239687 0.179817 -0.954053 1.48036 2.26389 -1.55267</i>
                        <i>0.615418 -0.788189 0.00433801 -0.72024 -0.564581 -0.403116 0.320181 0.24496 -0.915139 1.4803 2.25777 -1.55169</i>
                        <i>0.61549 -0.788143 0.00172231 -0.697618 -0.54581 -0.464133 0.366744 0.284468 -0.885764 1.48026 2.25555 -1.55015</i>
                        <i>0.615476 -0.788156 0.000201182 -0.717078 -0.560077 -0.414865 0.327091 0.255195 -0.909883 1.48027 2.25434 -1.54924</i>
                        <i>0.615369 -0.788239 -6.67938e-005 -0.741493 -0.578845 -0.339303 0.267414 0.208846 -0.940677 1.48034 2.25509 -1.54908</i>
                        <i>0.615282 -0.788306 -0.00155958 -0.736377 -0.574042 -0.358085 0.281385 0.221472 -0.933688 1.48039 2.26184 -1.54819</i>
                        <i>0.61525 -0.788331 -0.00145578 -0.727628 -0.567163 -0.385855 0.303356 0.238457 -0.922558 1.48041 2.26706 -1.54825</i>
                        <i>0.615313 -0.788281 -0.00165711 -0.734617 -0.572659 -0.363867 0.285881 0.22511 -0.931449 1.48037 2.27227 -1.54813</i>
                        <i>0.615462 -0.788165 0.00125217 -0.741424 -0.5795 -0.338334 0.267388 0.207303 -0.941025 1.48028 2.26887 -1.54987</i>
                        <i>0.615588 -0.788068 -0.000571398 -0.73601 -0.574665 -0.35784 0.281673 0.220702 -0.933783 1.4802 2.27323 -1.54878</i>
                        <i>0.615674 -0.788001 -0.000574878 -0.730018 -0.570096 -0.376914 0.296681 0.232475 -0.926248 1.48015 2.27402 -1.54878</i>
                        <i>0.615739 -0.78795 -0.00108522 -0.734327 -0.573335 -0.363388 0.285709 0.224549 -0.931637 1.48011 2.27561 -1.54848</i>
                        <i>0.615781 -0.787916 -0.0016323 -0.74119 -0.578557 -0.340453 0.267304 0.210854 -0.94026 1.48009 2.27707 -1.54815</i>
                        <i>0.615767 -0.787927 0.0011245 -0.7412 -0.579732 -0.338427 0.267308 0.207559 -0.940992 1.4801 2.27122 -1.54979</i>
                        <i>0.615726 -0.78796 0.00129606 -0.74123 -0.579767 -0.338301 0.267319 0.20734 -0.941037 1.48012 2.27001 -1.54989</i>
                        <i>0.615779 -0.787918 -0.00130159 -0.741192 -0.578699 -0.34021 0.267305 0.210459 -0.940348 1.48009 2.27491 -1.54835</i>
                        <i>0.615901 -0.787823 -0.000190411 -0.741101 -0.579293 -0.339394 0.267272 0.209174 -0.940644 1.48002 2.27309 -1.54901</i>
                        <i>0.615969 -0.78777 0.000343653 -0.741051 -0.579587 -0.339002 0.267255 0.20856 -0.940786 1.47998 2.2723 -1.54933</i>
                        <i>0.616003 -0.787744 -6.4202e-005 -0.741027 -0.579443 -0.339301 0.267245 0.209058 -0.940678 1.47996 2.27325 -1.54909</i>
                        <i>0.616091 -0.787675 -0.000372974 -0.740962 -0.579393 -0.339528 0.267222 0.209457 -0.940596 1.4799 2.27399 -1.5489</i>
                        <i>0.616192 -0.787595 -0.00104912 -0.740888 -0.579196 -0.340025 0.267194 0.210298 -0.940416 1.47984 2.27542 -1.5485</i>
                        <i>0.616188 -0.787599 0.0004621 -0.74089 -0.579844 -0.338915 0.267197 0.208493 -0.940817 1.47985 2.27247 -1.5494</i>
                        <i>0.616103 -0.787665 0.00107587 -0.740953 -0.580027 -0.338463 0.26722 0.207731 -0.940979 1.4799 2.2712 -1.54976</i>
                        <i>0.615997 -0.787748 0.000171718 -0.74103 -0.579539 -0.339128 0.267247 0.208775 -0.94074 1.47996 2.27288 -1.54923</i>
                        <i>0.615883 -0.787838 -6.59678e-005 -0.741115 -0.579329 -0.339303 0.267277 0.20902 -0.940677 1.48003 2.27332 -1.54908</i>
                        <i>0.615776 -0.787921 0.000590046 -0.741194 -0.579511 -0.33882 0.267306 0.2082 -0.940851 1.48009 2.27229 -1.54948</i>
                        <i>0.615702 -0.787978 0.00113179 -0.741248 -0.579674 -0.338422 0.267325 0.207528 -0.940994 1.48014 2.27154 -1.5498</i>
                        <i>0.6157 -0.78798 0.0005791 -0.741249 -0.579435 -0.338829 0.267326 0.208188 -0.940848 1.48014 2.27267 -1.54947</i>
                        <i>0.615737 -0.787952 0.00020118 -0.741222 -0.579307 -0.339106 0.267316 0.208651 -0.940748 1.48012 2.27331 -1.54924</i>
                        <i>0.615767 -0.787928 0.000294203 -0.7412 -0.579375 -0.339038 0.267308 0.20855 -0.940773 1.4801 2.2731 -1.5493</i>
                        <i>0.615753 -0.787939 -0.000962898 -0.74121 -0.57882 -0.339962 0.267312 0.210046 -0.940439 1.48011 2.27528 -1.54855</i>
                        <i>0.615654 -0.788016 -0.000730805 -0.741283 -0.578828 -0.339791 0.267338 0.209736 -0.940501 1.48017 2.27388 -1.54869</i>
                        <i>0.615573 -0.78808 -0.000893351 -0.741343 -0.578681 -0.339911 0.26736 0.209902 -0.940457 1.48021 2.27334 -1.54859</i>
                        <i>0.615598 -0.788058 0.00198311 -0.741324 -0.579942 -0.337796 0.267353 0.206476 -0.941217 1.4802 2.26753 -1.5503</i>
                        <i>0.615657 -0.788014 7.3027e-005 -0.741281 -0.579176 -0.339201 0.267337 0.208777 -0.940714 1.48016 2.27164 -1.54917</i>
                        <i>0.615695 -0.787984 -5.27663e-005 -0.741253 -0.579159 -0.339293 0.267327 0.20894 -0.940681 1.48014 2.27259 -1.54909</i>
                        <i>0.615756 -0.787936 -0.000703342 -0.741208 -0.578936 -0.339771 0.267311 0.209738 -0.940508 1.4801 2.27454 -1.5487</i>
                        <i>0.615865 -0.78785 -0.00139065 -0.741128 -0.578741 -0.340276 0.267282 0.210595 -0.940325 1.48004 2.27631 -1.54829</i>
                        <i>0.615955 -0.78778 0.00124384 -0.741061 -0.579961 -0.33834 0.267259 0.20748 -0.941023 1.47999 2.27186 -1.54986</i>
                        <i>0.615992 -0.787751 0.00132888 -0.741034 -0.580032 -0.338277 0.267249 0.207391 -0.941046 1.47996 2.27265 -1.54991</i>
                        <i>0.615977 -0.787763 -0.00130159 -0.741046 -0.578885 -0.34021 0.267252 0.210526 -0.940348 1.47997 2.27792 -1.54835</i>
                        <i>0.615913 -0.787814 -0.000190412 -0.741093 -0.579304 -0.339394 0.267269 0.209178 -0.940644 1.48001 2.27454 -1.54901</i>
                        <i>0.615841 -0.78787 0.000343662 -0.741145 -0.579467 -0.339002 0.267288 0.208517 -0.940786 1.48005 2.2723 -1.54933</i>
                        <i>0.615777 -0.787921 -6.42003e-005 -0.741193 -0.57923 -0.339301 0.267305 0.208982 -0.940678 1.48009 2.27238 -1.54909</i>
                        <i>0.615686 -0.787992 -0.000372974 -0.74126 -0.579011 -0.339528 0.26733 0.209319 -0.940596 1.48015 2.27257 -1.5489</i>
                        <i>0.615559 -0.78809 -0.00104912 -0.741353 -0.578601 -0.340025 0.267363 0.210083 -0.940416 1.48022 2.27372 -1.5485</i>
                        <i>0.615437 -0.788186 0.0004621 -0.741442 -0.579137 -0.338915 0.267395 0.208238 -0.940817 1.48029 2.27059 -1.5494</i>
                        <i>0.615345 -0.788257 0.00107587 -0.741511 -0.579314 -0.338463 0.267419 0.207474 -0.940979 1.48035 2.26922 -1.54976</i>
                        <i>0.615408 -0.788209 0.000171718 -0.741464 -0.578985 -0.339128 0.267403 0.208575 -0.94074 1.48031 2.271 -1.54923</i>
                        <i>0.615638 -0.788029 -6.59751e-005 -0.741295 -0.579099 -0.339303 0.267342 0.208937 -0.940677 1.48017 2.27165 -1.54908</i>
                    </KeyFrames>
                </p>
            </i>
            <i>
                <p>
                    <Name><![CDATA[right_hatch]]></Name>
                    <Exclude>0</Exclude>
                    <Additive>0</Additive>
                    <IKPriority>0</IKPriority>
                    <IKRotLimits>-1e+010 -1e+010 -1e+010 1e+010 1e+010 1e+010</IKRotLimits>
                    <IKRotLimitOrder>0</IKRotLimitOrder>
                    <KeyFrames count="61">
                        <i>0.616085 0.787679 -0.00132888 -0.78768 0.616084 -0.00103823 9.06729e-007 0.00168637 0.999999 -1.47389 2.25178 -1.55806</i>
