<?xml version="1.0" encoding="ISO-8859-1" ?>
<Animl Version="1">
    <ModellingPackage><![CDATA[Maya.2010]]></ModellingPackage>
    <SrcFile><![CDATA[anims\vehicles\red\~src\land\apc_btr60\apc_btr60_deploy_idle.mb]]></SrcFile>
    <FramesPerSecond>30</FramesPerSecond>
    <TotalFrames>31</TotalFrames>
    <Skeleton>
        <RefFrame>
            <Name><![CDATA[btr60_ref_frame]]></Name>
            <Exclude>0</Exclude>
            <Additive>0</Additive>
            <IKPriority>0</IKPriority>
            <IKRotLimits>-1e+010 -1e+010 -1e+010 1e+010 1e+010 1e+010</IKRotLimits>
            <IKRotLimitOrder>0</IKRotLimitOrder>
            <KeyFrames count="31">
                <i>1 0 0 0 1 0 0 0 1 0 0 0</i>
                <i>1 0 0 0 1 0 0 0 1 0 0 0</i>
                <i>1 0 0 0 1 0 0 0 1 0 0 0</i>
                <i>1 0 0 0 1 0 0 0 1 0 0 0</i>
                <i>1 0 0 0 1 0 0 0 1 0 0 0</i>
                <i>1 0 0 0 1 0 0 0 1 0 0 0</i>
                <i>1 0 0 0 1 0 0 0 1 0 0 0</i>
                <i>1 0 0 0 1 0 0 0 1 0 0 0</i>
                <i>1 0 0 0 1 0 0 0 1 0 0 0</i>
                <i>1 0 0 0 1 0 0 0 1 0 0 0</i>
                <i>1 0 0 0 1 0 0 0 1 0 0 0</i>
                <i>1 0 0 0 1 0 0 0 1 0 0 0</i>
                <i>1 0 0 0 1 0 0 0 1 0 0 0</i>
                <i>1 0 0 0 1 0 0 0 1 0 0 0</i>
                <i>1 0 0 0 1 0 0 0 1 0 0 0</i>
                <i>1 0 0 0 1 0 0 0 1 0 0 0</i>
                <i>1 0 0 0 1 0 0 0 1 0 0 0</i>
                <i>1 0 0 0 1 0 0 0 1 0 0 0</i>
                <i>1 0 0 0 1 0 0 0 1 0 0 0</i>
                <i>1 0 0 0 1 0 0 0 1 0 0 0</i>
                <i>1 0 0 0 1 0 0 0 1 0 0 0</i>
                <i>1 0 0 0 1 0 0 0 1 0 0 0</i>
                <i>1 0 0 0 1 0 0 0 1 0 0 0</i>
                <i>1 0 0 0 1 0 0 0 1 0 0 0</i>
                <i>1 0 0 0 1 0 0 0 1 0 0 0</i>
                <i>1 0 0 0 1 0 0 0 1 0 0 0</i>
                <i>1 0 0 0 1 0 0 0 1 0 0 0</i>
                <i>1 0 0 0 1 0 0 0 1 0 0 0</i>
                <i>1 0 0 0 1 0 0 0 1 0 0 0</i>
                <i>1 0 0 0 1 0 0 0 1 0 0 0</i>
                <i>1 0 0 0 1 0 0 0 1 0 0 0</i>
            </KeyFrames>
        </RefFrame>
        <Bones count="6">
            <i>
                <p>
                    <Name><![CDATA[btr60_root]]></Name>
                    <Exclude>0</Exclude>
                    <Additive>0</Additive>
                    <IKPriority>0</IKPriority>
                    <IKRotLimits>-1e+010 -1e+010 -1e+010 1e+010 1e+010 1e+010</IKRotLimits>
                    <IKRotLimitOrder>0</IKRotLimitOrder>
                    <KeyFrames count="31">
                        <i>1 -2.92481e-005 -2.06795e-025 2.92481e-005 1 8.37236e-005 -2.44876e-009 -8.37236e-005 1 0 1.65034 0</i>
                        <i>1 0.000310718 0 -0.000310718 1 -0.000748779 -2.32659e-007 0.000748779 1 0 1.64577 0</i>
                        <i>1 0.000651147 0 -0.000651147 0.999999 -0.00143626 -9.35218e-007 0.00143626 0.999999 0 1.64277 0</i>
                        <i>1 0.000910885 5.29396e-023 -0.000910885 0.999999 -0.000734886 -6.69396e-007 0.000734885 1 0 1.64749 0</i>
                        <i>0.999999 0.00108261 0 -0.00108261 0.999999 -0.000255301 -2.76392e-007 0.000255301 1 0 1.65014 0</i>
                        <i>0.999999 0.00119738 0 -0.00119738 0.999999 -0.000373353 -4.47046e-007 0.000373353 1 0 1.64989 0</i>
                        <i>0.999999 0.00126754 -1.05879e-022 -0.00126754 0.999998 0.00122193 1.54884e-006 -0.00122193 0.999999 0 1.65289 0</i>
                        <i>0.999999 0.00132708 0 -0.00132708 0.999999 0.00092743 1.23077e-006 -0.00092743 1 0 1.65022 0</i>
                        <i>0.999999 0.00136075 1.05879e-022 -0.00136075 0.999998 0.00113368 1.54266e-006 -0.00113368 0.999999 0 1.65221 0</i>
                        <i>0.999999 0.00130084 0 -0.00130083 0.999996 -0.0025166 -3.27369e-006 0.0025166 0.999997 0 1.65323 0</i>
                        <i>0.999999 0.00112147 6.61744e-024 -0.00112147 0.999999 -9.26744e-005 -1.03932e-007 9.26743e-005 1 0 1.65461 0</i>
                        <i>1 0.000762608 3.30872e-024 -0.000762608 1 6.69613e-005 5.10652e-008 -6.69613e-005 1 0 1.64955 0</i>
                        <i>1 0.000309516 0 -0.000309516 1 0.000892553 2.7626e-007 -0.000892553 1 0 1.64891 0</i>
                        <i>1 -7.38325e-006 8.27181e-025 7.38324e-006 0.999998 0.00176475 -1.30296e-008 -0.00176475 0.999998 0 1.65005 0</i>
                        <i>1 -0.000188807 0 0.000188807 0.999999 -0.00157845 2.98023e-007 0.00157845 0.999999 0 1.65111 0</i>
                        <i>1 -0.000262042 0 0.000262042 0.999999 -0.00168637 4.41901e-007 0.00168637 0.999999 0 1.64972 0</i>
                        <i>1 -0.000262336 0 0.000262336 0.999999 0.00165174 -4.33311e-007 -0.00165174 0.999999 0 1.65322 0</i>
                        <i>1 -0.000253891 6.61744e-024 0.000253891 1 0.000241635 -6.13487e-008 -0.000241635 1 0 1.64777 0</i>
                        <i>1 -0.00023839 0 0.00023839 1 -0.000436113 1.03965e-007 0.000436113 1 0 1.64853 0</i>
                        <i>1 -0.000216168 0 0.000216168 1 8.14753e-005 -1.76124e-008 -8.14753e-005 1 0 1.65389 0</i>
                        <i>1 -0.000158767 -6.61744e-024 0.000158767 1 0.000473311 -7.51463e-008 -0.000473311 1 0 1.64924 0</i>
                        <i>1 -2.78755e-005 0 2.78755e-005 0.999999 0.00133135 -3.7112e-008 -0.00133135 0.999999 0 1.64398 0</i>
                        <i>1 0.000124616 6.61744e-024 -0.000124616 1 -0.000586413 -7.30764e-008 0.000586413 1 0 1.64592 0</i>
                        <i>1 0.000239843 0 -0.000239843 0.999999 -0.00136531 -3.2746e-007 0.00136531 0.999999 0 1.64897 0</i>
                        <i>1 0.000335771 0 -0.000335771 1 -0.000217914 -7.3169e-008 0.000217914 1 0 1.65042 0</i>
                        <i>1 0.00042909 3.30872e-024 -0.00042909 1 8.37236e-005 3.5925e-008 -8.37236e-005 1 0 1.65174 0</i>
                        <i>1 0.000449202 -2.64698e-023 -0.000449202 1 -0.000748779 -3.36353e-007 0.000748779 1 0 1.65174 0</i>
                        <i>1 0.000341826 0 -0.000341825 0.999999 -0.00143626 -4.90951e-007 0.00143626 0.999999 0 1.65455 0</i>
                        <i>1 0.000232961 -1.32349e-023 -0.000232961 1 -0.00073489 -1.71201e-007 0.00073489 1 0 1.65184 0</i>
                        <i>1 0.000204389 3.30872e-024 -0.000204389 1 -0.000255313 -5.21832e-008 0.000255313 1 0 1.65079 0</i>
                        <i>1 0.000159519 0 -0.000159519 1 -0.000373353 -5.95571e-008 0.000373353 1 0 1.65032 0</i>
                    </KeyFrames>
                </p>
            </i>
            <i>
                <p>
                    <Name><![CDATA[antenna]]></Name>
                    <Exclude>0</Exclude>
                    <Additive>0</Additive>
                    <IKPriority>0</IKPriority>
                    <IKRotLimits>-1e+010 -1e+010 -1e+010 1e+010 1e+010 1e+010</IKRotLimits>
                    <IKRotLimitOrder>0</IKRotLimitOrder>
                    <KeyFrames count="31">
                        <i>1 -2.92481e-005 -2.06795e-025 2.31734e-005 0.792306 -0.610124 1.78449e-005 0.610124 0.792306 -0.87751 2.58247 -3.45982</i>
                        <i>1 0.000310718 0 -0.000246026 0.791798 -0.610783 -0.000189781 0.610783 0.791798 -0.877774 2.57472 -3.46047</i>
                        <i>1 0.000651147 0 -0.000515304 0.791378 -0.611327 -0.000398064 0.611327 0.791378 -0.878038 2.56905 -3.461</i>
                        <i>1 0.000910885 5.29396e-023 -0.000721245 0.791806 -0.610772 -0.000556343 0.610772 0.791807 -0.878241 2.57596 -3.46046</i>
                        <i>0.999999 0.00108261 0 -0.000857536 0.792099 -0.610392 -0.000660818 0.610392 0.792099 -0.878377 2.58012 -3.46008</i>
                        <i>0.999999 0.00119738 0 -0.000948359 0.792027 -0.610486 -0.000730984 0.610485 0.792027 -0.878466 2.57936 -3.46018</i>
                        <i>0.999999 0.00126754 -1.05879e-022 -0.00100516 0.793 -0.609221 -0.000772211 0.609221 0.793 -0.878527 2.58782 -3.45893</i>
                        <i>0.999999 0.00132708 0 -0.00105214 0.79282 -0.609455 -0.000808795 0.609454 0.792821 -0.878573 2.58408 -3.45916</i>
                        <i>0.999999 0.00136075 1.05879e-022 -0.00107901 0.792946 -0.609291 -0.000829096 0.609291 0.792946 -0.8786 2.58675 -3.459</i>
                        <i>0.999999 0.00130084 0 -0.00102859 0.790716 -0.612182 -0.000796348 0.612181 0.790717 -0.878537 2.5752 -3.46184</i>
                        <i>0.999999 0.00112147 6.61744e-024 -0.000888431 0.792198 -0.610263 -0.000684395 0.610263 0.792199 -0.878408 2.58512 -3.45996</i>
                        <i>1 0.000762608 3.30872e-024 -0.000604211 0.792296 -0.610137 -0.000465295 0.610137 0.792296 -0.878128 2.58092 -3.45983</i>
                        <i>1 0.000309516 0 -0.000245384 0.7928 -0.609482 -0.000188645 0.609482 0.7928 -0.877775 2.58355 -3.45919</i>
                        <i>1 -7.38325e-006 8.27181e-025 5.85736e-006 0.793331 -0.608791 4.49485e-006 0.608791 0.793331 -0.877527 2.58798 -3.4585</i>
                        <i>1 -0.000188807 0 0.000149401 0.791291 -0.61144 0.000115444 0.61144 0.791291 -0.877386 2.57763 -3.46111</i>
                        <i>1 -0.000262042 0 0.000207334 0.791225 -0.611525 0.000160245 0.611525 0.791225 -0.877329 2.57593 -3.4612</i>
                        <i>1 -0.000262336 0 0.000208101 0.793262 -0.60888 0.000159731 0.60888 0.793262 -0.877326 2.59098 -3.45859</i>
                        <i>1 -0.000253891 6.61744e-024 0.000201184 0.792403 -0.609998 0.000154873 0.609998 0.792403 -0.877334 2.58065 -3.4597</i>
                        <i>1 -0.00023839 0 0.000188803 0.791989 -0.610535 0.000145546 0.610535 0.791989 -0.877347 2.57904 -3.46022</i>
                        <i>1 -0.000216168 0 0.000171271 0.792305 -0.610125 0.00013189 0.610125 0.792305 -0.877364 2.58618 -3.45982</i>
                        <i>1 -0.000158767 -6.61744e-024 0.00012583 0.792544 -0.609815 9.68187e-005 0.609815 0.792544 -0.877408 2.58283 -3.45951</i>
                        <i>1 -2.78755e-005 0 2.21072e-005 0.793067 -0.609135 1.698e-005 0.609135 0.793067 -0.877511 2.58042 -3.45884</i>
                        <i>1 0.000124616 6.61744e-024 -9.8683e-005 0.791897 -0.610654 -7.60972e-005 0.610654 0.791897 -0.87763 2.57559 -3.46034</i>
                        <i>1 0.000239843 0 -0.000189817 0.791421 -0.611271 -0.000146609 0.611271 0.791421 -0.877719 2.57585 -3.46095</i>
                        <i>1 0.000335771 0 -0.000265971 0.792122 -0.610362 -0.000204942 0.610362 0.792122 -0.877794 2.58118 -3.46005</i>
                        <i>1 0.00042909 3.30872e-024 -0.000339971 0.792306 -0.610124 -0.000261798 0.610123 0.792306 -0.877868 2.58346 -3.45982</i>
                        <i>1 0.000449202 -2.64698e-023 -0.000355677 0.791798 -0.610783 -0.000274365 0.610783 0.791798 -0.877882 2.58057 -3.46047</i>
                        <i>1 0.000341826 0 -0.000270513 0.791378 -0.611327 -0.000208967 0.611327 0.791378 -0.877798 2.5811 -3.461</i>
                        <i>1 0.000232961 -1.32349e-023 -0.00018446 0.791807 -0.610772 -0.000142286 0.610772 0.791807 -0.877714 2.58091 -3.46046</i>
                        <i>1 0.000204389 3.30872e-024 -0.000161896 0.792099 -0.610392 -0.000124757 0.610392 0.792099 -0.877692 2.58154 -3.46008</i>
                        <i>1 0.000159519 0 -0.000126344 0.792027 -0.610486 -9.73843e-005 0.610486 0.792027 -0.877657 2.5807 -3.46018</i>
                    </KeyFrames>
                </p>
            </i>
            <i>
                <p>
                    <Name><![CDATA[antenna_1]]></Name>
                    <Exclude>0</Exclude>
                    <Additive>0</Additive>
                    <IKPriority>0</IKPriority>
                    <IKRotLimits>-1e+010 -1e+010 -1e+010 1e+010 1e+010 1e+010</IKRotLimits>
                    <IKRotLimitOrder>0</IKRotLimitOrder>
                    <KeyFrames count="31">
                        <i>1 -2.92481e-005 -2.06795e-025 2.34647e-005 0.802265 -0.596968 1.74602e-005 0.596968 0.802265 -0.877477 3.69757 -4.30967</i>
                        <i>1 0.000310718 0 -0.000249123 0.801767 -0.597636 -0.000185696 0.597636 0.801768 -0.878121 3.68911 -4.31125</i>
                        <i>1 0.000651147 0 -0.000521801 0.801356 -0.598187 -0.000389508 0.598187 0.801356 -0.878763 3.68285 -4.31255</i>
                        <i>1 0.000910885 5.29396e-023 -0.000730325 0.801776 -0.597625 -0.000544367 0.597625 0.801776 -0.879256 3.69037 -4.31122</i>
                        <i>0.999999 0.00108261 0 -0.000868322 0.802062 -0.59724 -0.000646579 0.59724 0.802062 -0.879584 3.69493 -4.31031</i>
                        <i>0.999999 0.00119738 0 -0.00096029 0.801991 -0.597335 -0.000715237 0.597335 0.801992 -0.8798 3.69408 -4.31054</i>
                        <i>0.999999 0.00126754 -1.05879e-022 -0.00101776 0.802943 -0.596055 -0.000755522 0.596054 0.802944 -0.879942 3.70389 -4.30751</i>
                        <i>0.999999 0.00132708 0 -0.00106534 0.802767 -0.596291 -0.000791325 0.596291 0.802768 -0.880054 3.69989 -4.30807</i>
                        <i>0.999999 0.00136075 1.05879e-022 -0.00109254 0.80289 -0.596126 -0.000811181 0.596125 0.802891 -0.880119 3.70274 -4.30768</i>
                        <i>0.999999 0.00130084 0 -0.00104159 0.800709 -0.599052 -0.000779269 0.599052 0.80071 -0.879984 3.68808 -4.31459</i>
                        <i>0.999999 0.00112147 6.61744e-024 -0.000899602 0.802159 -0.59711 -0.000669644 0.597109 0.802159 -0.879658 3.70007 -4.31001</i>
                        <i>1 0.000762608 3.30872e-024 -0.000611806 0.802255 -0.596982 -0.000455263 0.596982 0.802255 -0.878979 3.69601 -4.3097</i>
                        <i>1 0.000309516 0 -0.000248463 0.802747 -0.596319 -0.00018457 0.596319 0.802747 -0.878121 3.69933 -4.30814</i>
                        <i>1 -7.38325e-006 8.27181e-025 5.93072e-006 0.803267 -0.595619 4.3976e-006 0.595619 0.803267 -0.877518 3.70451 -4.30648</i>
                        <i>1 -0.000188807 0 0.000151285 0.801271 -0.598301 0.000112963 0.598301 0.801271 -0.877176 3.69131 -4.31282</i>
                        <i>1 -0.000262042 0 0.00020995 0.801207 -0.598387 0.000156803 0.598387 0.801207 -0.877037 3.68952 -4.31302</i>
                        <i>1 -0.000262336 0 0.000210708 0.8032 -0.59571 0.000156276 0.59571 0.8032 -0.877033 3.70741 -4.30669</i>
                        <i>1 -0.000253891 6.61744e-024 0.000203711 0.802359 -0.596842 0.000151532 0.596842 0.802359 -0.877051 3.69588 -4.30937</i>
                        <i>1 -0.00023839 0 0.000191178 0.801954 -0.597385 0.000142411 0.597385 0.801954 -0.877081 3.6937 -4.31066</i>
                        <i>1 -0.000216168 0 0.000173424 0.802263 -0.59697 0.000129046 0.59697 0.802263 -0.877123 3.70128 -4.30968</i>
                        <i>1 -0.000158767 -6.61744e-024 0.00012741 0.802497 -0.596656 9.47294e-005 0.596656 0.802497 -0.877231 3.69826 -4.30893</i>
                        <i>1 -2.78755e-005 0 2.23843e-005 0.803009 -0.595967 1.66129e-005 0.595967 0.803009 -0.877479 3.69659 -4.3073</i>
                        <i>1 0.000124616 6.61744e-024 -9.99251e-005 0.801865 -0.597506 -7.44587e-005 0.597506 0.801865 -0.877768 3.69012 -4.31094</i>
                        <i>1 0.000239843 0 -0.00019221 0.801399 -0.59813 -0.000143458 0.59813 0.801399 -0.877986 3.68972 -4.31242</i>
                        <i>1 0.000335771 0 -0.000269317 0.802085 -0.59721 -0.000200526 0.59721 0.802085 -0.878169 3.69603 -4.31024</i>
                        <i>1 0.00042909 3.30872e-024 -0.000344244 0.802265 -0.596968 -0.000256153 0.596968 0.802265 -0.878346 3.69857 -4.30967</i>
                        <i>1 0.000449202 -2.64698e-023 -0.000360155 0.801767 -0.597636 -0.000268459 0.597636 0.801768 -0.878383 3.69496 -4.31125</i>
                        <i>1 0.000341826 0 -0.000273924 0.801356 -0.598187 -0.000204476 0.598187 0.801356 -0.878178 3.69491 -4.31255</i>
                        <i>1 0.000232961 -1.32349e-023 -0.000186783 0.801776 -0.597625 -0.000139223 0.597625 0.801776 -0.877973 3.69531 -4.31122</i>
                        <i>1 0.000204389 3.30872e-024 -0.000163932 0.802062 -0.59724 -0.000122069 0.59724 0.802062 -0.87792 3.69635 -4.31031</i>
                        <i>1 0.000159519 0 -0.000127933 0.801992 -0.597335 -9.52865e-005 0.597335 0.801992 -0.877835 3.69542 -4.31054</i>
                    </KeyFrames>
                </p>
            </i>
            <i>
                <p>
                    <Name><![CDATA[left_hatch]]></Name>
                    <Exclude>0</Exclude>
                    <Additive>0</Additive>
                    <IKPriority>0</IKPriority>
                    <IKRotLimits>-1e+010 -1e+010 -1e+010 1e+010 1e+010 1e+010</IKRotLimits>
                    <IKRotLimitOrder>0</IKRotLimitOrder>
                    <KeyFrames count="31">
                        <i>0.615638 -0.788029 -6.59751e-005 -0.741295 -0.579099 -0.339303 0.267342 0.208937 -0.940677 1.48017 2.27106 -1.54908</i>
                        <i>0.615906 -0.787819 0.000590046 -0.741098 -0.579634 -0.33882 0.267271 0.208244 -0.940851 1.48001 2.2657 -1.54948</i>
                        <i>0.616174 -0.787609 0.00113179 -0.7409 -0.580119 -0.338422 0.267201 0.207688 -0.940994 1.47986 2.26214 -1.5498</i>
                        <i>0.616379 -0.787449 0.000579098 -0.740749 -0.580074 -0.338829 0.267146 0.208418 -0.940848 1.47973 2.26833 -1.54947</i>
                        <i>0.616514 -0.787344 0.00020118 -0.74065 -0.580038 -0.339106 0.26711 0.208915 -0.940748 1.47965 2.27198 -1.54924</i>
                        <i>0.616605 -0.787273 0.000294206 -0.740583 -0.580163 -0.339038 0.267086 0.208834 -0.940773 1.4796 2.27172 -1.5493</i>
                        <i>0.61666 -0.787229 -0.000962895 -0.740543 -0.579674 -0.339962 0.26707 0.210354 -0.940439 1.47956 2.27729 -1.54855</i>
                        <i>0.616707 -0.787193 -0.000730825 -0.740509 -0.579818 -0.339791 0.267057 0.210093 -0.940501 1.47953 2.27425 -1.54869</i>
                        <i>0.616733 -0.787172 -0.000893351 -0.740489 -0.579773 -0.339911 0.26705 0.210296 -0.940457 1.47952 2.27661 -1.54859</i>
                        <i>0.616686 -0.787207 0.00198311 -0.740522 -0.580965 -0.337796 0.267067 0.206845 -0.941217 1.47955 2.27189 -1.5503</i>
                        <i>0.616545 -0.78732 7.30284e-005 -0.740628 -0.580012 -0.339201 0.267102 0.209078 -0.940714 1.47963 2.27676 -1.54917</i>
                        <i>0.616262 -0.787541 -5.27663e-005 -0.740836 -0.579692 -0.339293 0.267177 0.209133 -0.940681 1.4798 2.27141 -1.54909</i>
                        <i>0.615905 -0.78782 -0.000703342 -0.741098 -0.579076 -0.339771 0.267271 0.209788 -0.940508 1.48001 2.27139 -1.5487</i>
                        <i>0.615656 -0.788014 -0.00139064 -0.741282 -0.578544 -0.340276 0.267338 0.210524 -0.940325 1.48016 2.27341 -1.54829</i>
                        <i>0.615513 -0.788126 0.00124384 -0.741387 -0.579544 -0.33834 0.267375 0.20733 -0.941023 1.48025 2.26901 -1.54986</i>
                        <i>0.615455 -0.788171 0.00132888 -0.741429 -0.579527 -0.338277 0.26739 0.207209 -0.941046 1.48028 2.26735 -1.54991</i>
                        <i>0.615455 -0.788171 -0.00130159 -0.741429 -0.578394 -0.34021 0.267391 0.210349 -0.940348 1.48028 2.27602 -1.54835</i>
                        <i>0.615461 -0.788167 -0.000190411 -0.741425 -0.578879 -0.339394 0.267389 0.209025 -0.940644 1.48028 2.2684 -1.54901</i>
                        <i>0.615474 -0.788157 0.000343662 -0.741416 -0.579121 -0.339002 0.267386 0.208392 -0.940786 1.48027 2.26813 -1.54933</i>
                        <i>0.615491 -0.788144 -6.42034e-005 -0.741403 -0.578962 -0.339301 0.267381 0.208885 -0.940678 1.48026 2.27433 -1.54909</i>
                        <i>0.615536 -0.788108 -0.000372974 -0.741369 -0.578871 -0.339528 0.267369 0.209269 -0.940596 1.48024 2.27037 -1.5489</i>
                        <i>0.61564 -0.788027 -0.00104912 -0.741294 -0.578677 -0.340025 0.267342 0.210111 -0.940416 1.48017 2.26663 -1.5485</i>
                        <i>0.61576 -0.787934 0.0004621 -0.741205 -0.579441 -0.338915 0.26731 0.208347 -0.940817 1.4801 2.26582 -1.5494</i>
                        <i>0.615851 -0.787862 0.00107588 -0.741139 -0.57979 -0.338463 0.267286 0.207645 -0.940979 1.48005 2.26784 -1.54976</i>
                        <i>0.615926 -0.787804 0.000171718 -0.741083 -0.579472 -0.339128 0.267266 0.208751 -0.94074 1.48 2.27121 -1.54923</i>
                        <i>0.616 -0.787746 -6.59751e-005 -0.741029 -0.579439 -0.339303 0.267246 0.209059 -0.940677 1.47996 2.27313 -1.54908</i>
                        <i>0.616015 -0.787734 0.000590046 -0.741017 -0.579736 -0.33882 0.267242 0.208281 -0.940851 1.47995 2.27188 -1.54948</i>
                        <i>0.615931 -0.787799 0.00113179 -0.741079 -0.57989 -0.338422 0.267265 0.207606 -0.940994 1.48 2.27346 -1.5498</i>
                        <i>0.615845 -0.787867 0.000579102 -0.741143 -0.579571 -0.338829 0.267287 0.208237 -0.940848 1.48005 2.27168 -1.54947</i>
                        <i>0.615823 -0.787885 0.00020119 -0.741159 -0.579388 -0.339106 0.267293 0.20868 -0.940748 1.48006 2.27133 -1.54924</i>
                        <i>0.615787 -0.787913 0.000294206 -0.741185 -0.579394 -0.339038 0.267303 0.208557 -0.940773 1.48009 2.27061 -1.5493</i>
                    </KeyFrames>
                </p>
            </i>
            <i>
                <p>
                    <Name><![CDATA[right_hatch]]></Name>
                    <Exclude>0</Exclude>
                    <Additive>0</Additive>
                    <IKPriority>0</IKPriority>
                    <IKRotLimits>-1e+010 -1e+010 -1e+010 1e+010 1e+010 1e+010</IKRotLimits>
                    <IKRotLimitOrder>0</IKRotLimitOrder>
                    <KeyFrames count="31">
                        <i>0.615685 0.787993 6.59751e-005 0.741261 -0.579143 -0.339303 -0.26733 0.208952 -0.940677 -1.47412 2.25641 -1.55726</i>
                        <i>0.615417 0.788202 -0.000590046 0.741458 -0.579173 -0.33882 -0.267401 0.208078 -0.940851 -1.47427 2.25004 -1.55764</i>
                        <i>0.615148 0.788411 -0.00113179 0.741655 -0.579153 -0.338422 -0.267471 0.20734 -0.940994 -1.47443 2.24547 -1.55795</i>
                        <i>0.614943 0.788571 -0.000579098 0.741805 -0.578723 -0.338829 -0.267525 0.207931 -0.940848 -1.47455 2.2509 -1.55763</i>
                        <i>0.614808 0.788677 -0.00020118 0.741904 -0.578433 -0.339106 -0.267562 0.208336 -0.940748 -1.47463 2.25404 -1.55742</i>
                        <i>0.614717 0.788747 -0.000294206 0.741971 -0.578388 -0.339038 -0.267585 0.208194 -0.940773 -1.47468 2.25344 -1.55747</i>
                        <i>0.614662 0.78879 0.000962895 0.742011 -0.577794 -0.339962 -0.267602 0.209676 -0.940439 -1.47471 2.25882 -1.55674</i>
                        <i>0.614615 0.788827 0.000730825 0.742045 -0.57785 -0.339791 -0.267614 0.209383 -0.940501 -1.47474 2.2556 -1.55688</i>
                        <i>0.614589 0.788847 0.000893351 0.742064 -0.577755 -0.339911 -0.267621 0.209568 -0.940457 -1.47475 2.25786 -1.55678</i>
                        <i>0.614636 0.788809 -0.00198311 0.742031 -0.579037 -0.337796 -0.267604 0.20615 -0.941217 -1.47472 2.25329 -1.55844</i>
                        <i>0.614777 0.788701 -7.30284e-005 0.741927 -0.578349 -0.339201 -0.26757 0.208479 -0.940714 -1.47464 2.25871 -1.55734</i>
                        <i>0.61506 0.78848 5.27663e-005 0.741719 -0.578561 -0.339293 -0.267495 0.208725 -0.940681 -1.47448 2.25442 -1.55727</i>
                        <i>0.615418 0.788201 0.000703342 0.741457 -0.578617 -0.339771 -0.267401 0.209623 -0.940508 -1.47428 2.25574 -1.55689</i>
                        <i>0.615667 0.788005 0.00139064 0.741273 -0.578555 -0.340276 -0.267334 0.210528 -0.940325 -1.47413 2.25871 -1.55649</i>
                        <i>0.61581 0.787894 -0.00124384 0.741168 -0.579824 -0.33834 -0.267297 0.207431 -0.941023 -1.47405 2.25482 -1.55802</i>
                        <i>0.615868 0.787848 -0.00132888 0.741126 -0.579915 -0.338277 -0.267282 0.207349 -0.941046 -1.47401 2.25337 -1.55806</i>
                        <i>0.615868 0.787848 0.00130159 0.741126 -0.578783 -0.34021 -0.267281 0.210489 -0.940348 -1.47401 2.26207 -1.55654</i>
                        <i>0.615862 0.787854 0.000190411 0.741131 -0.579256 -0.339394 -0.267283 0.209161 -0.940644 -1.47402 2.25442 -1.55719</i>
                        <i>0.615849 0.787864 -0.000343662 0.741139 -0.579474 -0.339002 -0.267286 0.208519 -0.940786 -1.47403 2.25409 -1.5575</i>
                        <i>0.615832 0.787878 6.42034e-005 0.741152 -0.579282 -0.339301 -0.267291 0.209 -0.940678 -1.47404 2.26023 -1.55726</i>
                        <i>0.615787 0.787913 0.000372974 0.741186 -0.579107 -0.339528 -0.267303 0.209353 -0.940596 -1.47406 2.2561 -1.55708</i>
                        <i>0.615683 0.787993 0.00104912 0.741261 -0.578718 -0.340025 -0.26733 0.210125 -0.940416 -1.47412 2.25199 -1.55669</i>
                        <i>0.615563 0.788087 -0.0004621 0.74135 -0.579256 -0.338915 -0.267362 0.208281 -0.940817 -1.47419 2.25071 -1.55757</i>
                        <i>0.615472 0.788158 -0.00107588 0.741417 -0.579434 -0.338463 -0.267386 0.207517 -0.940979 -1.47424 2.25238 -1.55792</i>
                        <i>0.615397 0.788217 -0.000171718 0.741472 -0.578974 -0.339128 -0.267406 0.208571 -0.94074 -1.47429 2.25548 -1.5574</i>
                        <i>0.615323 0.788275 6.59751e-005 0.741526 -0.578803 -0.339303 -0.267426 0.20883 -0.940677 -1.47433 2.25713 -1.55726</i>
                        <i>0.615307 0.788287 -0.000590046 0.741538 -0.57907 -0.33882 -0.267429 0.208041 -0.940851 -1.47434 2.2558 -1.55764</i>
                        <i>0.615392 0.78822 -0.00113179 0.741476 -0.579383 -0.338422 -0.267407 0.207423 -0.940994 -1.47429 2.25771 -1.55795</i>
                        <i>0.615478 0.788154 -0.000579102 0.741413 -0.579226 -0.338829 -0.267384 0.208112 -0.940848 -1.47424 2.25625 -1.55763</i>
                        <i>0.6155 0.788137 -0.00020119 0.741396 -0.579085 -0.339106 -0.267379 0.208571 -0.940748 -1.47423 2.25598 -1.55742</i>
                        <i>0.615536 0.788109 -0.000294206 0.74137 -0.579158 -0.339038 -0.267369 0.208472 -0.940773 -1.47421 2.2554 -1.55747</i>
                    </KeyFrames>
                </p>
            </i>
            <i>
                <p>
                    <Name><![CDATA[top_hatch]]></Name>
                    <Exclude>0</Exclude>
                    <Additive>0</Additive>
                    <IKPriority>0</IKPriority>
                    <IKRotLimits>-1e+010 -1e+010 -1e+010 1e+010 1e+010 1e+010</IKRotLimits>
                    <IKRotLimitOrder>0</IKRotLimitOrder>
                    <KeyFrames count="31">
                        <i>1 -2.92481e-005 -2.06795e-025 -2.90163e-005 -0.992075 -0.125645 3.67488e-006 0.125645 -0.992075 -0.437713 2.6753 -0.793216</i>
                        <i>1 0.000310718 0 0.000308288 -0.992179 -0.124819 -3.87836e-005 0.124819 -0.992179 -0.43801 2.66992 -0.793944</i>
                        <i>1 0.000651147 0 0.000646111 -0.992265 -0.124137 -8.08316e-005 0.124137 -0.992265 -0.438307 2.66623 -0.794544</i>
                        <i>1 0.000910885 5.29396e-023 0.00090376 -0.992177 -0.124833 -0.000113709 0.124833 -0.992178 -0.438534 2.67139 -0.793932</i>
                        <i>0.999999 0.00108261 0 0.00107408 -0.992117 -0.125309 -0.000135661 0.125309 -0.992118 -0.438684 2.67435 -0.793513</i>
                        <i>0.999999 0.00119738 0 0.00118796 -0.992132 -0.125192 -0.000149902 0.125192 -0.992133 -0.438785 2.67396 -0.793616</i>
                        <i>0.999999 0.00126754 -1.05879e-022 0.00125731 -0.991931 -0.126774 -0.000160691 0.126774 -0.991932 -0.438847 2.67819 -0.792221</i>
                        <i>0.999999 0.00132708 0 0.00131642 -0.991968 -0.126482 -0.000167852 0.126482 -0.991969 -0.438899 2.67526 -0.792478</i>
                        <i>0.999999 0.00136075 1.05879e-022 0.00134979 -0.991942 -0.126687 -0.00017239 0.126687 -0.991943 -0.438929 2.67739 -0.792298</i>
                        <i>0.999999 0.00130084 0 0.00129095 -0.992398 -0.123065 -0.000160087 0.123065 -0.992399 -0.438873 2.67555 -0.795487</i>
                        <i>0.999999 0.00112147 6.61744e-024 0.00111261 -0.992097 -0.12547 -0.000140712 0.12547 -0.992097 -0.438718 2.67893 -0.793371</i>
                        <i>1 0.000762608 3.30872e-024 0.000756566 -0.992077 -0.125629 -9.58053e-005 0.125629 -0.992077 -0.438405 2.67415 -0.793231</i>
                        <i>1 0.000309516 0 0.000307032 -0.991973 -0.126448 -3.91376e-005 0.126448 -0.991973 -0.438009 2.67437 -0.792509</i>
                        <i>1 -7.38325e-006 8.27181e-025 -7.32317e-006 -0.991863 -0.127313 9.39982e-007 0.127313 -0.991863 -0.437732 2.67634 -0.791745</i>
                        <i>1 -0.000188807 0 -0.00018735 -0.992283 -0.123996 2.34113e-005 0.123996 -0.992283 -0.437573 2.67482 -0.794669</i>
                        <i>1 -0.000262042 0 -0.000260023 -0.992296 -0.123889 3.24641e-005 0.123889 -0.992296 -0.437509 2.67338 -0.794763</i>
                        <i>1 -0.000262336 0 -0.000260205 -0.991877 -0.127201 3.33693e-005 0.127201 -0.991877 -0.437509 2.67953 -0.791844</i>
                        <i>1 -0.000253891 6.61744e-024 -0.000251873 -0.992055 -0.125802 3.19399e-005 0.125802 -0.992055 -0.437516 2.67296 -0.793078</i>
                        <i>1 -0.00023839 0 -0.000236517 -0.99214 -0.125129 2.98297e-005 0.125129 -0.99214 -0.43753 2.67317 -0.793671</i>
                        <i>1 -0.000216168 0 -0.000214455 -0.992076 -0.125643 2.716e-005 0.125643 -0.992076 -0.437549 2.67894 -0.793218</i>
                        <i>1 -0.000158767 -6.61744e-024 -0.000157501 -0.992026 -0.126032 2.00097e-005 0.126032 -0.992026 -0.437599 2.67457 -0.792876</i>
                        <i>1 -2.78755e-005 0 -2.76502e-005 -0.991918 -0.126883 3.53693e-006 0.126883 -0.991918 -0.437714 2.66993 -0.792125</i>
                        <i>1 0.000124616 6.61744e-024 0.000123639 -0.992159 -0.12498 -1.55745e-005 0.12498 -0.992159 -0.437847 2.67028 -0.793802</i>
                        <i>1 0.000239843 0 0.000237986 -0.992256 -0.124208 -2.97904e-005 0.124208 -0.992256 -0.437948 2.67266 -0.794482</i>
                        <i>1 0.000335771 0 0.000333123 -0.992113 -0.125346 -4.20875e-005 0.125346 -0.992113 -0.438032 2.67498 -0.79348</i>
                        <i>1 0.00042909 3.30872e-024 0.00042569 -0.992075 -0.125645 -5.39131e-005 0.125645 -0.992075 -0.438113 2.6765 -0.793216</i>
                        <i>1 0.000449202 -2.64698e-023 0.000445689 -0.992179 -0.124819 -5.6069e-005 0.124819 -0.992179 -0.438131 2.67583 -0.793944</i>
                        <i>1 0.000341826 0 0.000339182 -0.992265 -0.124137 -4.24333e-005 0.124137 -0.992265 -0.438037 2.67815 -0.794544</i>
                        <i>1 0.000232961 -1.32349e-023 0.000231139 -0.992178 -0.124833 -2.90812e-005 0.124833 -0.992178 -0.437942 2.67604 -0.793932</i>
                        <i>1 0.000204389 3.30872e-024 0.000202778 -0.992118 -0.125309 -2.56117e-005 0.125309 -0.992118 -0.437917 2.67538 -0.793513</i>
                        <i>1 0.000159519 0 0.000158264 -0.992133 -0.125192 -1.99705e-005 0.125192 -0.992133 -0.437878 2.67484 -0.793616</i>
                    </KeyFrames>
                </p>
            </i>
        </Bones>
    </Skeleton>
</Animl>
