<?xml version="1.0" encoding="ISO-8859-1" ?>
<Animl Version="1">
    <ModellingPackage><![CDATA[Maya.2010]]></ModellingPackage>
    <SrcFile><![CDATA[anims\vehicles\red\~src\land\apc_btr60\apc_btr60_forward.mb]]></SrcFile>
    <FramesPerSecond>30</FramesPerSecond>
    <TotalFrames>46</TotalFrames>
    <Skeleton>
        <RefFrame>
            <Name><![CDATA[btr60_ref_frame]]></Name>
            <Exclude>0</Exclude>
            <Additive>0</Additive>
            <IKPriority>0</IKPriority>
            <IKRotLimits>-1e+010 -1e+010 -1e+010 1e+010 1e+010 1e+010</IKRotLimits>
            <IKRotLimitOrder>0</IKRotLimitOrder>
            <KeyFrames count="46">
                <i>1 0 0 0 1 0 0 0 1 0 0 0</i>
                <i>1 0 0 0 1 0 0 0 1 0 0 0</i>
                <i>1 0 0 0 1 0 0 0 1 0 0 0</i>
                <i>1 0 0 0 1 0 0 0 1 0 0 0</i>
                <i>1 0 0 0 1 0 0 0 1 0 0 0</i>
                <i>1 0 0 0 1 0 0 0 1 0 0 0</i>
                <i>1 0 0 0 1 0 0 0 1 0 0 0</i>
                <i>1 0 0 0 1 0 0 0 1 0 0 0</i>
                <i>1 0 0 0 1 0 0 0 1 0 0 0</i>
                <i>1 0 0 0 1 0 0 0 1 0 0 0</i>
                <i>1 0 0 0 1 0 0 0 1 0 0 0</i>
                <i>1 0 0 0 1 0 0 0 1 0 0 0</i>
                <i>1 0 0 0 1 0 0 0 1 0 0 0</i>
                <i>1 0 0 0 1 0 0 0 1 0 0 0</i>
                <i>1 0 0 0 1 0 0 0 1 0 0 0</i>
                <i>1 0 0 0 1 0 0 0 1 0 0 0</i>
                <i>1 0 0 0 1 0 0 0 1 0 0 0</i>
                <i>1 0 0 0 1 0 0 0 1 0 0 0</i>
                <i>1 0 0 0 1 0 0 0 1 0 0 0</i>
                <i>1 0 0 0 1 0 0 0 1 0 0 0</i>
                <i>1 0 0 0 1 0 0 0 1 0 0 0</i>
                <i>1 0 0 0 1 0 0 0 1 0 0 0</i>
                <i>1 0 0 0 1 0 0 0 1 0 0 0</i>
                <i>1 0 0 0 1 0 0 0 1 0 0 0</i>
                <i>1 0 0 0 1 0 0 0 1 0 0 0</i>
                <i>1 0 0 0 1 0 0 0 1 0 0 0</i>
                <i>1 0 0 0 1 0 0 0 1 0 0 0</i>
                <i>1 0 0 0 1 0 0 0 1 0 0 0</i>
                <i>1 0 0 0 1 0 0 0 1 0 0 0</i>
                <i>1 0 0 0 1 0 0 0 1 0 0 0</i>
                <i>1 0 0 0 1 0 0 0 1 0 0 0</i>
                <i>1 0 0 0 1 0 0 0 1 0 0 0</i>
                <i>1 0 0 0 1 0 0 0 1 0 0 0</i>
                <i>1 0 0 0 1 0 0 0 1 0 0 0</i>
                <i>1 0 0 0 1 0 0 0 1 0 0 0</i>
                <i>1 0 0 0 1 0 0 0 1 0 0 0</i>
                <i>1 0 0 0 1 0 0 0 1 0 0 0</i>
                <i>1 0 0 0 1 0 0 0 1 0 0 0</i>
                <i>1 0 0 0 1 0 0 0 1 0 0 0</i>
                <i>1 0 0 0 1 0 0 0 1 0 0 0</i>
                <i>1 0 0 0 1 0 0 0 1 0 0 0</i>
                <i>1 0 0 0 1 0 0 0 1 0 0 0</i>
                <i>1 0 0 0 1 0 0 0 1 0 0 0</i>
                <i>1 0 0 0 1 0 0 0 1 0 0 0</i>
                <i>1 0 0 0 1 0 0 0 1 0 0 0</i>
                <i>1 0 0 0 1 0 0 0 1 0 0 0</i>
            </KeyFrames>
        </RefFrame>
        <Bones count="6">
            <i>
                <p>
                    <Name><![CDATA[btr60_root]]></Name>
                    <Exclude>0</Exclude>
                    <Additive>0</Additive>
                    <IKPriority>0</IKPriority>
                    <IKRotLimits>-1e+010 -1e+010 -1e+010 1e+010 1e+010 1e+010</IKRotLimits>
                    <IKRotLimitOrder>0</IKRotLimitOrder>
                    <KeyFrames count="46">
                        <i>1 0.000449689 0 -0.000449688 0.999999 -0.00118484 -5.3281e-007 0.00118484 0.999999 0 1.6463 0</i>
                        <i>1 -0.000406929 0 0.000406929 1 -5.3168e-005 2.16356e-008 5.3168e-005 1 0 1.64548 0</i>
                        <i>0.999999 0.00132388 0 -0.00132388 0.999999 0.000423716 5.60949e-007 -0.000423716 1 0 1.64546 0</i>
                        <i>0.999997 0.0023626 0 -0.0023626 0.999997 -9.67244e-006 -2.28521e-008 9.67242e-006 1 0 1.6468 0</i>
                        <i>0.999999 0.00106452 1.32349e-023 -0.00106452 0.999999 -0.00013429 -1.42955e-007 0.00013429 1 0 1.64862 0</i>
                        <i>1 -0.000479538 -1.32349e-023 0.000479538 1 0.000258328 -1.23878e-007 -0.000258327 1 0 1.65029 0</i>
                        <i>0.999999 0.00135443 0 -0.00135443 0.999999 0.000428559 5.80455e-007 -0.000428559 1 0 1.6517 0</i>
                        <i>1 5.34297e-005 0 -5.34296e-005 1 0.000916289 4.8957e-008 -0.000916289 1 0 1.6528 0</i>
                        <i>0.999998 0.00214838 2.11758e-022 -0.00214838 0.999997 0.00118508 2.54601e-006 -0.00118508 0.999999 0 1.65379 0</i>
                        <i>0.999997 -0.00227157 0 0.00227156 0.999997 0.00084273 -1.91432e-006 -0.000842728 1 0 1.65472 0</i>
                        <i>0.999998 -0.00221795 0 0.00221795 0.999997 0.000831648 -1.84455e-006 -0.000831646 1 0 1.6547 0</i>
                        <i>0.999999 -0.00124737 2.64698e-023 0.00124737 0.999999 0.000355506 -4.43447e-007 -0.000355506 1 0 1.65342 0</i>
                        <i>1 -0.000399603 0 0.000399603 1 0.000239954 -9.58862e-008 -0.000239954 1 0 1.65215 0</i>
                        <i>1 1.49516e-005 0 -1.49516e-005 1 0.000707711 1.05814e-008 -0.000707711 1 0 1.65137 0</i>
                        <i>0.999997 -0.00231293 0 0.00231293 0.999997 0.000797427 -1.84439e-006 -0.000797424 1 0 1.65089 0</i>
                        <i>1 -0.00017475 0 0.00017475 1 0.000159224 -2.78244e-008 -0.000159224 1 0 1.6507 0</i>
                        <i>0.999999 0.00112307 0 -0.00112307 0.999998 -0.00163473 -1.83592e-006 0.00163473 0.999999 0 1.65094 0</i>
                        <i>1 -0.000386556 0 0.000386556 1 -0.000111496 4.30994e-008 0.000111496 1 0 1.65162 0</i>
                        <i>1 -0.000277308 6.61744e-024 0.000277308 1 0.000247627 -6.86689e-008 -0.000247627 1 0 1.6523 0</i>
                        <i>1 -0.000778182 0 0.000778182 1 -0.000451792 3.51577e-007 0.000451792 1 0 1.65288 0</i>
                        <i>0.999999 0.00162517 0 -0.00162517 0.999998 0.000811044 1.31809e-006 -0.000811043 1 0 1.65333 0</i>
                        <i>0.999997 0.00229316 0 -0.00229316 0.999997 -0.000377054 -8.64644e-007 0.000377053 1 0 1.65373 0</i>
                        <i>0.999999 -0.00149439 2.64698e-023 0.00149439 0.999999 -0.000260072 3.88648e-007 0.000260072 1 0 1.65449 0</i>
                        <i>0.999999 -0.0013706 0 0.0013706 0.999999 4.79593e-005 -6.57332e-008 -4.79593e-005 1 0 1.6555 0</i>
                        <i>0.999999 0.00167583 0 -0.00167583 0.999999 -0.000188079 -3.15189e-007 0.000188079 1 0 1.656 0</i>
                        <i>0.999994 -0.00345655 4.23516e-022 0.00345654 0.999993 -0.00168339 5.81872e-006 0.00168338 0.999999 0 1.65609 0</i>
                        <i>1 -0.000882157 -1.05879e-022 0.000882155 0.999998 -0.00195798 1.72724e-006 0.00195798 0.999998 0 1.65663 0</i>
                        <i>0.999999 0.00102066 1.05879e-022 -0.00102066 0.999999 -0.00105802 -1.07988e-006 0.00105802 0.999999 0 1.65745 0</i>
                        <i>0.999999 0.00113636 -1.05879e-022 -0.00113636 0.999998 -0.00139579 -1.58613e-006 0.00139579 0.999999 0 1.65761 0</i>
                        <i>1 0.000691869 5.29396e-023 -0.000691869 0.999999 -0.00120312 -8.32401e-007 0.00120312 0.999999 0 1.65717 0</i>
                        <i>0.999998 0.00187432 0 -0.00187432 0.999998 0.000110472 2.07059e-007 -0.000110471 1 0 1.65656 0</i>
                        <i>0.999999 0.00148444 -1.05879e-022 -0.00148444 0.999998 0.00115041 1.70772e-006 -0.00115041 0.999999 0 1.65563 0</i>
                        <i>1 0.000570979 -1.58819e-022 -0.000570978 0.999999 0.00163466 9.33357e-007 -0.00163466 0.999999 0 1.65399 0</i>
                        <i>1 0.000173793 -1.32349e-023 -0.000173793 0.999999 0.00106747 1.85519e-007 -0.00106747 0.999999 0 1.65233 0</i>
                        <i>0.999996 0.00284052 2.11758e-022 -0.00284051 0.999995 -0.000978458 -2.77933e-006 0.000978454 1 0 1.65213 0</i>
                        <i>0.999999 0.00131699 -2.11758e-022 -0.00131698 0.999998 -0.00159756 -2.10396e-006 0.00159756 0.999999 0 1.65266 0</i>
                        <i>1 -0.000425866 0 0.000425866 1 -0.000840419 3.57906e-007 0.000840419 1 0 1.65256 0</i>
                        <i>0.999998 0.00201446 0 -0.00201446 0.999998 0.000424937 8.56018e-007 -0.000424936 1 0 1.65199 0</i>
                        <i>1 -2.08595e-005 1.65436e-024 2.08595e-005 0.999999 0.00140381 -2.92827e-008 -0.00140381 0.999999 0 1.6512 0</i>
                        <i>0.999999 0.00139178 0 -0.00139178 0.999998 0.00150394 2.09315e-006 -0.00150394 0.999999 0 1.65043 0</i>
                        <i>0.999998 -0.00182073 0 0.00182073 0.999998 -0.000266903 4.85959e-007 0.000266903 1 0 1.64991 0</i>
                        <i>0.999997 -0.00255618 2.11758e-022 0.00255618 0.999996 -0.00103167 2.63715e-006 0.00103167 0.999999 0 1.6493 0</i>
                        <i>0.999999 -0.00111617 1.05879e-022 0.00111616 0.999998 -0.00135971 1.51766e-006 0.00135971 0.999999 0 1.64823 0</i>
                        <i>1 -0.000258927 0 0.000258927 0.999999 -0.00127853 3.31045e-007 0.00127853 0.999999 0 1.64714 0</i>
                        <i>1 0.000216972 6.61744e-024 -0.000216972 1 -0.000547382 -1.18767e-007 0.000547382 1 0 1.64663 0</i>
                        <i>1 0 0 0 1 0 0 0 1 0 1.6463 0</i>
                    </KeyFrames>
                </p>
            </i>
            <i>
                <p>
                    <Name><![CDATA[antenna]]></Name>
                    <Exclude>0</Exclude>
                    <Additive>0</Additive>
                    <IKPriority>0</IKPriority>
                    <IKRotLimits>-1e+010 -1e+010 -1e+010 1e+010 1e+010 1e+010</IKRotLimits>
                    <IKRotLimitOrder>0</IKRotLimitOrder>
                    <KeyFrames count="46">
                        <i>1 0.000449689 0 -0.000355943 0.791532 -0.611128 -0.000274817 0.611128 0.791532 -0.877882 2.57362 -3.46081</i>
                        <i>1 -0.000406929 0 0.000322055 0.791426 -0.611265 0.000248742 0.611265 0.791426 -0.877215 2.57747 -3.45993</i>
                        <i>0.999999 0.00132388 0 -0.00104663 0.79058 -0.612358 -0.000810688 0.612358 0.790581 -0.878568 2.57757 -3.45955</i>
                        <i>0.999997 0.0023626 0 -0.00186415 0.789024 -0.614359 -0.00145148 0.614357 0.789026 -0.879376 2.57651 -3.45989</i>
                        <i>0.999999 0.00106452 1.32349e-023 -0.000838526 0.787702 -0.616056 -0.000655806 0.616056 0.787702 -0.878363 2.57904 -3.45999</i>
                        <i>1 -0.000479538 -1.32349e-023 0.000377363 0.786931 -0.617041 0.000295895 0.617041 0.786931 -0.877157 2.58342 -3.45968</i>
                        <i>0.999999 0.00135443 0 -0.0010652 0.786452 -0.617651 -0.000836568 0.61765 0.786452 -0.878592 2.58381 -3.45955</i>
                        <i>1 5.34297e-005 0 -4.20382e-005 0.786794 -0.617215 -3.29776e-005 0.617215 0.786794 -0.877574 2.58774 -3.45917</i>
                        <i>0.999998 0.00214838 2.11758e-022 -0.00169285 0.787962 -0.615721 -0.00132281 0.61572 0.787964 -0.879218 2.58782 -3.45896</i>
                        <i>0.999997 -0.00227157 0 0.00179376 0.789656 -0.613548 0.00139371 0.613546 0.789658 -0.875749 2.59144 -3.45922</i>
                        <i>0.999998 -0.00221795 0 0.00175671 0.792042 -0.610464 0.00135398 0.610463 0.792044 -0.875791 2.59134 -3.45923</i>
                        <i>0.999999 -0.00124737 2.64698e-023 0.000990698 0.79423 -0.607617 0.000757922 0.607616 0.79423 -0.876556 2.58756 -3.45961</i>
                        <i>1 -0.000399603 0 0.000318213 0.796323 -0.604872 0.000241709 0.604872 0.796323 -0.87722 2.58515 -3.4597</i>
                        <i>1 1.49516e-005 0 -1.19323e-005 0.79806 -0.602577 -9.00952e-006 0.602577 0.79806 -0.877544 2.58562 -3.45933</i>
                        <i>0.999997 -0.00231293 0 0.00184682 0.798473 -0.602028 0.00139245 0.602026 0.798475 -0.875717 2.5875 -3.45926</i>
                        <i>1 -0.00017475 0 0.000139329 0.797305 -0.603577 0.000105475 0.603577 0.797305 -0.877396 2.58322 -3.45976</i>
                        <i>0.999999 0.00112307 0 -0.000892438 0.794639 -0.607082 -0.000681797 0.607082 0.794639 -0.878403 2.57611 -3.46116</i>
                        <i>1 -0.000386556 0 0.000306697 0.793409 -0.608689 0.000235292 0.608689 0.793409 -0.877231 2.58339 -3.45997</i>
                        <i>1 -0.000277308 6.61744e-024 0.000219383 0.791118 -0.611664 0.000169619 0.611664 0.791118 -0.877316 2.58521 -3.45969</i>
                        <i>1 -0.000778182 0 0.000613241 0.788043 -0.61562 0.000479065 0.61562 0.788043 -0.876925 2.58381 -3.46024</i>
                        <i>0.999999 0.00162517 0 -0.00127782 0.786269 -0.617883 -0.00100417 0.617882 0.78627 -0.878806 2.58653 -3.45925</i>
                        <i>0.999997 0.00229316 0 -0.00179624 0.783304 -0.621636 -0.00142551 0.621634 0.783306 -0.879319 2.58223 -3.46018</i>
                        <i>0.999999 -0.00149439 2.64698e-023 0.00116818 0.78171 -0.623641 0.000931961 0.623641 0.781711 -0.876365 2.58671 -3.46009</i>
                        <i>0.999999 -0.0013706 0 0.00107048 0.781031 -0.624492 0.00085593 0.624491 0.781031 -0.876461 2.58869 -3.45985</i>
                        <i>0.999999 0.00167583 0 -0.00130914 0.781189 -0.624294 -0.00104621 0.624293 0.78119 -0.878839 2.58569 -3.46003</i>
                        <i>0.999994 -0.00345655 4.23516e-022 0.002702 0.781702 -0.623646 0.00215566 0.623642 0.781707 -0.874847 2.58511 -3.46119</i>
                        <i>1 -0.000882157 -1.05879e-022 0.000691385 0.783743 -0.621085 0.000547894 0.621085 0.783743 -0.876849 2.58245 -3.46141</i>
                        <i>0.999999 0.00102066 1.05879e-022 -0.000803131 0.786875 -0.617112 -0.000629861 0.617112 0.786875 -0.878326 2.58471 -3.46071</i>
                        <i>0.999999 0.00113636 -1.05879e-022 -0.000896851 0.789228 -0.6141 -0.000697842 0.6141 0.789228 -0.878414 2.5836 -3.46097</i>
                        <i>1 0.000691869 5.29396e-023 -0.000547629 0.79152 -0.611143 -0.000422831 0.611142 0.791521 -0.87807 2.58421 -3.46082</i>
                        <i>0.999998 0.00187432 0 -0.00148932 0.79459 -0.607145 -0.00113799 0.607144 0.794591 -0.878996 2.58711 -3.4598</i>
                        <i>0.999999 0.00148444 -1.05879e-022 -0.00118454 0.797972 -0.602693 -0.000894659 0.602692 0.797973 -0.878697 2.59013 -3.45898</i>
                        <i>1 0.000570979 -1.58819e-022 -0.000457353 0.800998 -0.598667 -0.000341826 0.598667 0.800998 -0.877982 2.59096 -3.4586</i>
                        <i>1 0.000173793 -1.32349e-023 -0.000139537 0.802887 -0.596131 -0.000103604 0.596131 0.802887 -0.877669 2.58769 -3.45905</i>
                        <i>0.999996 0.00284052 2.11758e-022 -0.00228068 0.802907 -0.5961 -0.00169323 0.596098 0.80291 -0.879738 2.57807 -3.46065</i>
                        <i>0.999999 0.00131699 -2.11758e-022 -0.00105663 0.802311 -0.596906 -0.000786116 0.596905 0.802311 -0.878553 2.57779 -3.46113</i>
                        <i>1 -0.000425866 0 0.000340968 0.800645 -0.599138 0.000255153 0.599138 0.800646 -0.877201 2.58184 -3.46054</i>
                        <i>0.999998 0.00201446 0 -0.00160696 0.797711 -0.603038 -0.00121479 0.603036 0.797713 -0.879107 2.5835 -3.45955</i>
                        <i>1 -2.08595e-005 1.65436e-024 1.6555e-005 0.793641 -0.608387 1.26906e-005 0.608387 0.793641 -0.877516 2.58789 -3.45878</i>
                        <i>0.999999 0.00139178 0 -0.00109767 0.788677 -0.614806 -0.000855675 0.614806 0.788678 -0.878626 2.58622 -3.45871</i>
                        <i>0.999998 -0.00182073 0 0.00142533 0.78283 -0.622234 0.00113292 0.622233 0.782831 -0.87611 2.5824 -3.46009</i>
                        <i>0.999997 -0.00255618 2.11758e-022 0.00199008 0.778535 -0.627598 0.00160425 0.627596 0.778538 -0.875542 2.57978 -3.46069</i>
                        <i>0.999999 -0.00111617 1.05879e-022 0.0008663 0.776139 -0.630561 0.000703811 0.630561 0.776139 -0.876665 2.57632 -3.46094</i>
                        <i>1 -0.000258927 0 0.000201916 0.779819 -0.626005 0.00016209 0.626005 0.779819 -0.877331 2.57476 -3.46088</i>
                        <i>1 0.000216972 6.61744e-024 -0.000170976 0.788011 -0.615662 -0.000133581 0.615662 0.788011 -0.877702 2.57636 -3.46031</i>
                        <i>1 0 0 0 0.792255 -0.61019 0 0.61019 0.792255 -0.877532 2.57812 -3.45988</i>
                    </KeyFrames>
                </p>
            </i>
            <i>
                <p>
                    <Name><![CDATA[antenna_1]]></Name>
                    <Exclude>0</Exclude>
                    <Additive>0</Additive>
                    <IKPriority>0</IKPriority>
                    <IKRotLimits>-1e+010 -1e+010 -1e+010 1e+010 1e+010 1e+010</IKRotLimits>
                    <IKRotLimitOrder>0</IKRotLimitOrder>
                    <KeyFrames count="46">
                        <i>1 0.000449689 0 -0.000360429 0.801507 -0.597986 -0.000268907 0.597986 0.801507 -0.878383 3.68765 -4.31207</i>
                        <i>1 -0.000406929 0 0.000326572 0.802526 -0.596617 0.000242781 0.596617 0.802526 -0.876761 3.69135 -4.31139</i>
                        <i>0.999999 0.00132388 0 -0.00106282 0.802807 -0.596238 -0.000789347 0.596237 0.802808 -0.880041 3.69027 -4.31255</i>
                        <i>0.999997 0.0023626 0 -0.00189473 0.801964 -0.597369 -0.00141134 0.597367 0.801966 -0.881999 3.68704 -4.31571</i>
                        <i>0.999999 0.00106452 1.32349e-023 -0.000852141 0.80049 -0.599345 -0.000638016 0.599344 0.800491 -0.879543 3.68773 -4.31819</i>
                        <i>1 -0.000479538 -1.32349e-023 0.000382872 0.798418 -0.602103 0.000288731 0.602103 0.798418 -0.876626 3.69103 -4.31927</i>
                        <i>0.999999 0.00135443 0 -0.00107788 0.795816 -0.605537 -0.000820161 0.605537 0.795817 -0.880091 3.69076 -4.32</i>
                        <i>1 5.34297e-005 0 -4.24063e-005 0.793685 -0.60833 -3.25028e-005 0.60833 0.793685 -0.877634 3.69517 -4.319</i>
                        <i>0.999998 0.00214838 2.11758e-022 -0.00170265 0.792523 -0.609839 -0.00131017 0.609838 0.792525 -0.8816 3.69687 -4.31669</i>
                        <i>0.999997 -0.00227157 0 0.0018003 0.792535 -0.609824 0.00138526 0.609823 0.792537 -0.873224 3.70285 -4.3139</i>
                        <i>0.999998 -0.00221795 0 0.00176189 0.794378 -0.607422 0.00134723 0.60742 0.79438 -0.873319 3.70607 -4.30957</i>
                        <i>0.999999 -0.00124737 2.64698e-023 0.000994388 0.797188 -0.60373 0.000753074 0.60373 0.797189 -0.875161 3.70534 -4.30593</i>
                        <i>1 -0.000399603 0 0.000319929 0.800616 -0.599177 0.000239433 0.599177 0.800616 -0.876772 3.70585 -4.30216</i>
                        <i>1 1.49516e-005 0 -1.20237e-005 0.804175 -0.594393 -8.88715e-006 0.594393 0.804175 -0.877561 3.70873 -4.29856</i>
                        <i>0.999997 -0.00231293 0 0.00186582 0.806689 -0.590973 0.00136688 0.590971 0.806691 -0.873118 3.71119 -4.29772</i>
                        <i>1 -0.00017475 0 0.000141147 0.807711 -0.589579 0.000103029 0.589579 0.807711 -0.8772 3.70528 -4.3004</i>
                        <i>0.999999 0.00112307 0 -0.000906464 0.807127 -0.590377 -0.000663036 0.590376 0.807128 -0.879659 3.69446 -4.30673</i>
                        <i>1 -0.000386556 0 0.000312177 0.807586 -0.589749 0.000227971 0.589749 0.807586 -0.876799 3.70002 -4.30781</i>
                        <i>1 -0.000277308 6.61744e-024 0.000223634 0.806445 -0.591308 0.000163974 0.591308 0.806445 -0.877007 3.69866 -4.31171</i>
                        <i>1 -0.000778182 0 0.000625472 0.803759 -0.594954 0.000462983 0.594954 0.80376 -0.876062 3.69297 -4.31783</i>
                        <i>0.999999 0.00162517 0 -0.00130235 0.801361 -0.59818 -0.000972146 0.598179 0.801362 -0.880604 3.69322 -4.32002</i>
                        <i>0.999997 0.00229316 0 -0.00182754 0.796951 -0.604042 -0.00138516 0.60404 0.796953 -0.881847 3.68479 -4.32623</i>
                        <i>0.999999 -0.00149439 2.64698e-023 0.0011854 0.793236 -0.608913 0.000909951 0.608912 0.793237 -0.874721 3.68705 -4.32897</i>
                        <i>0.999999 -0.0013706 0 0.0010828 0.790018 -0.613083 0.000840293 0.613082 0.790019 -0.874954 3.68808 -4.32992</i>
                        <i>0.999999 0.00167583 0 -0.00131967 0.78747 -0.616351 -0.0010329 0.61635 0.787471 -0.880682 3.68531 -4.32983</i>
                        <i>0.999994 -0.00345655 4.23516e-022 0.00271469 0.785372 -0.619019 0.00213967 0.619015 0.785376 -0.871044 3.68544 -4.33008</i>
                        <i>1 -0.000882157 -1.05879e-022 0.000692621 0.785144 -0.619313 0.000546331 0.619312 0.785144 -0.875876 3.68562 -4.32669</i>
                        <i>0.999999 0.00102066 1.05879e-022 -0.000802868 0.786617 -0.617441 -0.000630196 0.617441 0.786617 -0.879456 3.69225 -4.3204</i>
                        <i>0.999999 0.00113636 -1.05879e-022 -0.000895643 0.788165 -0.615464 -0.000699391 0.615463 0.788165 -0.879676 3.69441 -4.31642</i>
                        <i>1 0.000691869 5.29396e-023 -0.000547245 0.790966 -0.61186 -0.000423327 0.61186 0.790966 -0.878841 3.69822 -4.31211</i>
                        <i>0.999998 0.00187432 0 -0.00149158 0.795795 -0.605564 -0.00113502 0.605563 0.795796 -0.881092 3.70539 -4.30546</i>
                        <i>0.999999 0.00148444 -1.05879e-022 -0.00118999 0.801641 -0.597805 -0.000887403 0.597804 0.801642 -0.880364 3.71312 -4.29838</i>
                        <i>1 0.000570979 -1.58819e-022 -0.000460958 0.807312 -0.590125 -0.000336949 0.590125 0.807312 -0.878625 3.71817 -4.29233</i>
                        <i>1 0.000173793 -1.32349e-023 -0.000141042 0.811549 -0.584285 -0.000101545 0.584285 0.811549 -0.877865 3.71753 -4.28921</i>
                        <i>0.999996 0.00284052 2.11758e-022 -0.00230984 0.813172 -0.582019 -0.00165323 0.582017 0.813175 -0.882948 3.70793 -4.29076</i>
                        <i>0.999999 0.00131699 -2.11758e-022 -0.00107063 0.812943 -0.582342 -0.000766936 0.582341 0.812944 -0.88004 3.70683 -4.29238</i>
                        <i>1 -0.000425866 0 0.000344964 0.810028 -0.586391 0.000249724 0.586391 0.810028 -0.876721 3.70856 -4.29493</i>
                        <i>0.999998 0.00201446 0 -0.00162063 0.804499 -0.593951 -0.00119649 0.59395 0.804501 -0.881369 3.70613 -4.29943</i>
                        <i>1 -2.08595e-005 1.65436e-024 1.66248e-005 0.796987 -0.603996 1.25991e-005 0.603996 0.796987 -0.877493 3.70485 -4.30619</i>
                        <i>0.999999 0.00139178 0 -0.00109708 0.788253 -0.615351 -0.000856433 0.61535 0.788253 -0.880171 3.69627 -4.31515</i>
                        <i>0.999998 -0.00182073 0 0.00141811 0.778867 -0.627187 0.00114194 0.627186 0.778869 -0.874104 3.6843 -4.32699</i>
                        <i>0.999997 -0.00255618 2.11758e-022 0.00197314 0.771909 -0.63573 0.00162504 0.635728 0.771911 -0.87274 3.6757 -4.33514</i>
                        <i>0.999999 -0.00111617 1.05879e-022 0.00085766 0.768398 -0.639972 0.000714315 0.639972 0.768398 -0.875446 3.6689 -4.33956</i>
                        <i>1 -0.000258927 0 0.000200786 0.775455 -0.631403 0.000163487 0.631403 0.775455 -0.877047 3.67247 -4.33309</i>
                        <i>1 0.000216972 6.61744e-024 -0.000171613 0.790944 -0.611889 -0.000132763 0.611889 0.790944 -0.877942 3.68548 -4.31796</i>
                        <i>1 0 0 0 0.802215 -0.597035 0 0.597035 0.802215 -0.877532 3.69315 -4.30983</i>
                    </KeyFrames>
                </p>
            </i>
            <i>
                <p>
                    <Name><![CDATA[left_hatch]]></Name>
                    <Exclude>0</Exclude>
                    <Additive>0</Additive>
                    <IKPriority>0</IKPriority>
                    <IKRotLimits>-1e+010 -1e+010 -1e+010 1e+010 1e+010 1e+010</IKRotLimits>
                    <IKRotLimitOrder>0</IKRotLimitOrder>
                    <KeyFrames count="46">
                        <i>0.616016 -0.787733 0.000933668 0.787734 0.616015 -0.000729462 -5.3281e-007 0.00118484 0.999999 1.47995 2.26576 -1.54968</i>
                        <i>0.615341 -0.788261 4.1897e-005 0.788261 0.615341 -3.27335e-005 2.16356e-008 5.3168e-005 1 1.48035 2.26543 -1.54915</i>
                        <i>0.616704 -0.787195 -0.000333893 0.787195 0.616704 0.000260866 5.60949e-007 -0.000423716 1 1.47954 2.2687 -1.54892</i>
                        <i>0.617522 -0.786554 7.62199e-006 0.786554 0.617522 -5.95495e-006 -2.28521e-008 9.67242e-006 1 1.47905 2.27091 -1.54913</i>
                        <i>0.6165 -0.787355 0.000105822 0.787355 0.6165 -8.26775e-005 -1.42955e-007 0.00013429 1 1.47966 2.27062 -1.54919</i>
                        <i>0.615284 -0.788306 -0.000203565 0.788306 0.615284 0.000159042 -1.23878e-007 -0.000258327 1 1.48039 2.27061 -1.549</i>
                        <i>0.616728 -0.787176 -0.000337709 0.787176 0.616728 0.000263847 5.80455e-007 -0.000428559 1 1.47952 2.275 -1.54892</i>
                        <i>0.615704 -0.787978 -0.000722046 0.787978 0.615703 0.000564124 4.8957e-008 -0.000916289 1 1.48014 2.27494 -1.54869</i>
                        <i>0.617353 -0.786686 -0.000933855 0.786686 0.617353 0.000729608 2.54601e-006 -0.00118508 0.999999 1.47914 2.27944 -1.54857</i>
                        <i>0.61387 -0.789407 -0.000664081 0.789407 0.61387 0.000518837 -1.91432e-006 -0.000842728 1 1.48123 2.27329 -1.54873</i>
                        <i>0.613912 -0.789374 -0.000655348 0.789374 0.613912 0.000512014 -1.84455e-006 -0.000831646 1 1.4812 2.27334 -1.54873</i>
                        <i>0.614678 -0.788778 -0.000280143 0.788778 0.614678 0.000218871 -4.43447e-007 -0.000355506 1 1.48075 2.27276 -1.54896</i>
                        <i>0.615347 -0.788257 -0.000189086 0.788257 0.615347 0.00014773 -9.58862e-008 -0.000239954 1 1.48035 2.27256 -1.54901</i>
                        <i>0.615673 -0.788001 -0.000557684 0.788002 0.615673 0.00043571 1.05814e-008 -0.000707711 1 1.48015 2.27312 -1.54879</i>
                        <i>0.613837 -0.789432 -0.000628381 0.789433 0.613837 0.000490945 -1.84439e-006 -0.000797424 1 1.48125 2.26934 -1.54875</i>
                        <i>0.615524 -0.788118 -0.00012547 0.788118 0.615524 9.80282e-005 -2.78244e-008 -0.000159224 1 1.48024 2.27132 -1.54905</i>
                        <i>0.616546 -0.787318 0.00128819 0.787319 0.616545 -0.00100644 -1.83592e-006 0.00163473 0.999999 1.47963 2.2707 -1.54989</i>
                        <i>0.615357 -0.788249 8.78601e-005 0.788249 0.615357 -6.86439e-005 4.30994e-008 0.000111496 1 1.48034 2.2715 -1.54918</i>
                        <i>0.615443 -0.788181 -0.000195133 0.788181 0.615443 0.000152454 -6.86689e-008 -0.000247627 1 1.48029 2.2729 -1.54901</i>
                        <i>0.615048 -0.78849 0.000356017 0.78849 0.615048 -0.000278151 3.51577e-007 0.000451792 1 1.48053 2.27166 -1.54934</i>
                        <i>0.616941 -0.787009 -0.000639111 0.787009 0.616941 0.000499328 1.31809e-006 -0.000811043 1 1.47939 2.27762 -1.54874</i>
                        <i>0.617467 -0.786597 0.000297123 0.786597 0.617467 -0.000232138 -8.64644e-007 0.000377053 1 1.47908 2.27717 -1.5493</i>
                        <i>0.614483 -0.78893 0.00020494 0.78893 0.614483 -0.000160116 3.88648e-007 0.000260072 1 1.48086 2.2725 -1.54925</i>
                        <i>0.614581 -0.788854 -3.77925e-005 0.788854 0.614581 2.95267e-005 -6.57332e-008 -4.79593e-005 1 1.4808 2.27418 -1.5491</i>
                        <i>0.616981 -0.786978 0.000148208 0.786978 0.616981 -0.000115793 -3.15189e-007 0.000188079 1 1.47937 2.27882 -1.54921</i>
                        <i>0.612934 -0.790133 0.00132653 0.790134 0.612933 -0.0010364 5.81872e-006 0.00168338 0.999999 1.48177 2.26899 -1.54991</i>
                        <i>0.614966 -0.788552 0.00154291 0.788554 0.614965 -0.00120545 1.72724e-006 0.00195798 0.999998 1.48057 2.27292 -1.55004</i>
                        <i>0.616465 -0.787382 0.00083373 0.787382 0.616465 -0.000651381 -1.07988e-006 0.00105802 0.999999 1.47968 2.27796 -1.54962</i>
                        <i>0.616557 -0.78731 0.0010999 0.787311 0.616556 -0.000859336 -1.58613e-006 0.00139579 0.999999 1.47963 2.27776 -1.54978</i>
                        <i>0.616207 -0.787584 0.00094807 0.787585 0.616206 -0.000740713 -8.32401e-007 0.00120312 0.999999 1.47984 2.27696 -1.54969</i>
                        <i>0.617137 -0.786855 -8.70528e-005 0.786855 0.617137 6.80131e-005 2.07059e-007 -0.000110471 1 1.47928 2.28013 -1.54907</i>
                        <i>0.616831 -0.787095 -0.000906539 0.787096 0.61683 0.000708266 1.70772e-006 -0.00115041 0.999999 1.47946 2.28024 -1.54858</i>
                        <i>0.616111 -0.787658 -0.00128813 0.787659 0.616111 0.0010064 9.33357e-007 -0.00163466 0.999999 1.47989 2.278 -1.54835</i>
                        <i>0.615798 -0.787903 -0.000841178 0.787904 0.615798 0.0006572 1.85519e-007 -0.00106747 0.999999 1.48008 2.27487 -1.54862</i>
                        <i>0.617897 -0.786258 0.000771036 0.786259 0.617897 -0.000602399 -2.77933e-006 0.000978454 1 1.47882 2.27545 -1.54958</i>
                        <i>0.616699 -0.787198 0.00125889 0.787199 0.616698 -0.000983555 -2.10396e-006 0.00159756 0.999999 1.47954 2.27276 -1.54987</i>
                        <i>0.615326 -0.788273 0.000662259 0.788273 0.615326 -0.000517413 3.57906e-007 0.000840419 1 1.48036 2.27126 -1.54952</i>
                        <i>0.617248 -0.786769 -0.000334855 0.786769 0.617248 0.000261617 8.56018e-007 -0.000424936 1 1.47921 2.27626 -1.54892</i>
                        <i>0.615645 -0.788023 -0.00110621 0.788024 0.615644 0.000864269 -2.92827e-008 -0.00140381 0.999999 1.48017 2.27398 -1.54846</i>
                        <i>0.616758 -0.787152 -0.00118512 0.787153 0.616757 0.000925917 2.09315e-006 -0.00150394 0.999999 1.4795 2.27545 -1.54842</i>
                        <i>0.614226 -0.78913 0.000210323 0.78913 0.614226 -0.000164322 4.85959e-007 0.000266903 1 1.48101 2.26743 -1.54925</i>
                        <i>0.613645 -0.789582 0.000812971 0.789582 0.613645 -0.000635162 2.63715e-006 0.00103167 0.999999 1.48135 2.26455 -1.54961</i>
                        <i>0.614782 -0.788697 0.00107147 0.788697 0.614781 -0.000837122 1.51766e-006 0.00135971 0.999999 1.48068 2.2651 -1.54976</i>
                        <i>0.615457 -0.78817 0.00100749 0.78817 0.615457 -0.00078714 3.31045e-007 0.00127853 0.999999 1.48028 2.26541 -1.54972</i>
                        <i>0.615833 -0.787877 0.000431343 0.787877 0.615832 -0.000337002 -1.18767e-007 0.000547382 1 1.48006 2.26673 -1.54938</i>
                        <i>0.615662 -0.788011 0 0.788011 0.615662 0 0 0 1 1.48016 2.26693 -1.54912</i>
                    </KeyFrames>
                </p>
            </i>
            <i>
                <p>
                    <Name><![CDATA[right_hatch]]></Name>
                    <Exclude>0</Exclude>
                    <Additive>0</Additive>
                    <IKPriority>0</IKPriority>
                    <IKRotLimits>-1e+010 -1e+010 -1e+010 1e+010 1e+010 1e+010</IKRotLimits>
                    <IKRotLimitOrder>0</IKRotLimitOrder>
                    <KeyFrames count="46">
                        <i>0.615307 0.788287 -0.000933668 -0.788288 0.615307 -0.000729462 -5.3281e-007 0.00118484 0.999999 -1.47434 2.24969 -1.55784</i>
                        <i>0.615982 0.78776 -4.1897e-005 -0.78776 0.615982 -3.27335e-005 2.16356e-008 5.3168e-005 1 -1.47395 2.25189 -1.55732</i>
                        <i>0.614618 0.788825 0.000333893 -0.788825 0.614618 0.000260866 5.60949e-007 -0.000423716 1 -1.47474 2.25006 -1.55711</i>
                        <i>0.613798 0.789463 -7.62199e-006 -0.789463 0.613798 -5.95495e-006 -2.28521e-008 9.67242e-006 1 -1.47521 2.2492 -1.5573</i>
                        <i>0.614822 0.788666 -0.000105822 -0.788666 0.614822 -8.26775e-005 -1.42955e-007 0.00013429 1 -1.47462 2.25274 -1.55736</i>
                        <i>0.616039 0.787715 0.000203565 -0.787715 0.616039 0.000159042 -1.23878e-007 -0.000258327 1 -1.47392 2.25729 -1.55718</i>
                        <i>0.614594 0.788844 0.000337709 -0.788844 0.614594 0.000263847 5.80455e-007 -0.000428559 1 -1.47475 2.25627 -1.5571</i>
                        <i>0.615619 0.788043 0.000722046 -0.788044 0.615619 0.000564124 4.8957e-008 -0.000916289 1 -1.47416 2.26005 -1.55688</i>
                        <i>0.613967 0.789331 0.000933855 -0.789332 0.613967 0.000729608 2.54601e-006 -0.00118508 0.999999 -1.47511 2.25836 -1.55676</i>
                        <i>0.61745 0.78661 0.000664081 -0.78661 0.61745 0.000518837 -1.91432e-006 -0.000842728 1 -1.47309 2.26527 -1.55691</i>
                        <i>0.617408 0.786643 0.000655348 -0.786643 0.617408 0.000512014 -1.84455e-006 -0.000831646 1 -1.47312 2.26516 -1.55692</i>
                        <i>0.616644 0.787242 0.000280143 -0.787242 0.616644 0.000218871 -4.43447e-007 -0.000355506 1 -1.47356 2.26171 -1.55714</i>
                        <i>0.615976 0.787765 0.000189086 -0.787765 0.615976 0.00014773 -9.58862e-008 -0.000239954 1 -1.47395 2.25901 -1.55719</i>
                        <i>0.61565 0.78802 0.000557684 -0.78802 0.61565 0.00043571 1.05814e-008 -0.000707711 1 -1.47414 2.25834 -1.55698</i>
                        <i>0.617482 0.786584 0.000628381 -0.786585 0.617482 0.000490945 -1.84439e-006 -0.000797424 1 -1.47307 2.26144 -1.55694</i>
                        <i>0.615799 0.787903 0.00012547 -0.787903 0.615799 9.80282e-005 -2.78244e-008 -0.000159224 1 -1.47405 2.2571 -1.55723</i>
                        <i>0.614776 0.788701 -0.00128819 -0.788702 0.614775 -0.00100644 -1.83592e-006 0.00163473 0.999999 -1.47464 2.25263 -1.55804</i>
                        <i>0.615966 0.787773 -8.78601e-005 -0.787773 0.615966 -6.86439e-005 4.30994e-008 0.000111496 1 -1.47396 2.25791 -1.55735</i>
                        <i>0.61588 0.78784 0.000195133 -0.78784 0.61588 0.000152454 -6.86689e-008 -0.000247627 1 -1.47401 2.25899 -1.55719</i>
                        <i>0.616275 0.787531 -0.000356017 -0.787531 0.616274 -0.000278151 3.51577e-007 0.000451792 1 -1.47378 2.25921 -1.5575</i>
                        <i>0.61438 0.78901 0.000639111 -0.78901 0.61438 0.000499328 1.31809e-006 -0.000811043 1 -1.47487 2.25809 -1.55693</i>
                        <i>0.613853 0.78942 -0.000297123 -0.789421 0.613853 -0.000232138 -8.64644e-007 0.000377053 1 -1.47517 2.25566 -1.55747</i>
                        <i>0.616838 0.78709 -0.00020494 -0.78709 0.616838 -0.000160116 3.88648e-007 0.000260072 1 -1.47345 2.26218 -1.55742</i>
                        <i>0.616741 0.787166 3.77925e-005 -0.787166 0.616741 2.95267e-005 -6.57332e-008 -4.79593e-005 1 -1.47351 2.26349 -1.55728</i>
                        <i>0.61434 0.789041 -0.000148208 -0.789041 0.61434 -0.000115793 -3.15189e-007 0.000188079 1 -1.47489 2.25913 -1.55738</i>
                        <i>0.618382 0.785877 -0.00132653 -0.785878 0.618381 -0.0010364 5.81872e-006 0.00168338 0.999999 -1.47256 2.26445 -1.55806</i>
                        <i>0.616356 0.787466 -0.00154291 -0.787467 0.616355 -0.00120545 1.72724e-006 0.00195798 0.999998 -1.47373 2.26078 -1.55819</i>
                        <i>0.614857 0.788638 -0.00083373 -0.788639 0.614857 -0.000651381 -1.07988e-006 0.00105802 0.999999 -1.4746 2.26019 -1.55778</i>
                        <i>0.614766 0.788709 -0.0010999 -0.78871 0.614765 -0.000859336 -1.58613e-006 0.00139579 0.999999 -1.47465 2.25965 -1.55793</i>
                        <i>0.615116 0.788436 -0.00094807 -0.788437 0.615116 -0.000740713 -8.32401e-007 0.00120312 0.999999 -1.47445 2.26017 -1.55785</i>
                        <i>0.614183 0.789163 8.70528e-005 -0.789163 0.614183 6.80131e-005 2.07059e-007 -0.000110471 1 -1.47499 2.25986 -1.55725</i>
                        <i>0.614491 0.788923 0.000906539 -0.788924 0.614491 0.000708266 1.70772e-006 -0.00115041 0.999999 -1.47481 2.26113 -1.55677</i>
                        <i>0.615211 0.788361 0.00128813 -0.788362 0.615211 0.0010064 9.33357e-007 -0.00163466 0.999999 -1.47439 2.26159 -1.55655</i>
                        <i>0.615525 0.788117 0.000841178 -0.788118 0.615524 0.0006572 1.85519e-007 -0.00106747 0.999999 -1.47421 2.25963 -1.55681</i>
                        <i>0.613421 0.789756 -0.000771036 -0.789756 0.61342 -0.000602399 -2.77933e-006 0.000978454 1 -1.47542 2.25231 -1.55774</i>
                        <i>0.614623 0.78882 -0.00125889 -0.788821 0.614622 -0.000983555 -2.10396e-006 0.00159756 0.999999 -1.47473 2.25412 -1.55802</i>
                        <i>0.615997 0.787748 -0.000662259 -0.787749 0.615997 -0.000517413 3.57906e-007 0.000840419 1 -1.47394 2.25777 -1.55768</i>
                        <i>0.614073 0.789249 0.000334855 -0.789249 0.614073 0.000261617 8.56018e-007 -0.000424936 1 -1.47505 2.25557 -1.55711</i>
                        <i>0.615678 0.787997 0.00110621 -0.787998 0.615677 0.000864269 -2.92827e-008 -0.00140381 0.999999 -1.47412 2.25931 -1.55666</i>
                        <i>0.614564 0.788866 0.00118512 -0.788867 0.614563 0.000925917 2.09315e-006 -0.00150394 0.999999 -1.47477 2.25661 -1.55661</i>
                        <i>0.617095 0.786888 -0.000210323 -0.786888 0.617095 -0.000164322 4.85959e-007 0.000266903 1 -1.4733 2.25807 -1.55742</i>
                        <i>0.617674 0.786434 -0.000812971 -0.786434 0.617673 -0.000635162 2.63715e-006 0.00103167 0.999999 -1.47297 2.25735 -1.55777</i>
                        <i>0.616541 0.787322 -0.00107147 -0.787323 0.61654 -0.000837122 1.51766e-006 0.00135971 0.999999 -1.47363 2.25365 -1.55792</i>
                        <i>0.615866 0.787851 -0.00100749 -0.787851 0.615865 -0.00078714 3.31045e-007 0.00127853 0.999999 -1.47402 2.25143 -1.55788</i>
                        <i>0.61549 0.788144 -0.000431343 -0.788144 0.61549 -0.000337002 -1.18767e-007 0.000547382 1 -1.47423 2.25135 -1.55755</i>
                        <i>0.615662 0.788011 0 -0.788011 0.615662 0 0 0 1 -1.47413 2.2522 -1.5573</i>
                    </KeyFrames>
                </p>
            </i>
            <i>
                <p>
                    <Name><![CDATA[top_hatch]]></Name>
                    <Exclude>0</Exclude>
                    <Additive>0</Additive>
                    <IKPriority>0</IKPriority>
                    <IKRotLimits>-1e+010 -1e+010 -1e+010 1e+010 1e+010 1e+010</IKRotLimits>
                    <IKRotLimitOrder>0</IKRotLimitOrder>
                    <KeyFrames count="46">
                        <i>1 0.000449689 0 -0.000449688 0.999999 -0.00118484 -5.3281e-007 0.00118484 0.999999 -0.438131 2.67005 -0.794325</i>
                        <i>1 -0.000406929 0 0.000406929 1 -5.3168e-005 2.16356e-008 5.3168e-005 1 -0.437383 2.67051 -0.793336</i>
                        <i>0.999999 0.00132388 0 -0.00132388 0.999999 0.000423716 5.60949e-007 -0.000423716 1 -0.438896 2.6701 -0.792919</i>
                        <i>0.999997 0.0023626 0 -0.0023626 0.999997 -9.67244e-006 -2.28521e-008 9.67242e-006 1 -0.439803 2.67064 -0.793298</i>
                        <i>0.999999 0.00106452 1.32349e-023 -0.00106452 0.999999 -0.00013429 -1.42955e-007 0.00013429 1 -0.438669 2.67294 -0.793407</i>
                        <i>1 -0.000479538 -1.32349e-023 0.000479538 1 0.000258328 -1.23878e-007 -0.000258327 1 -0.437319 2.67559 -0.793064</i>
                        <i>0.999999 0.00135443 0 -0.00135443 0.999999 0.000428559 5.80455e-007 -0.000428559 1 -0.438923 2.67633 -0.792915</i>
                        <i>1 5.34297e-005 0 -5.34296e-005 1 0.000916289 4.8957e-008 -0.000916289 1 -0.437785 2.6784 -0.792488</i>
                        <i>0.999998 0.00214838 2.11758e-022 -0.00214838 0.999997 0.00118508 2.54601e-006 -0.00118508 0.999999 -0.439618 2.67867 -0.792253</i>
                        <i>0.999997 -0.00227157 0 0.00227156 0.999997 0.00084273 -1.91432e-006 -0.000842728 1 -0.43575 2.68126 -0.792552</i>
                        <i>0.999998 -0.00221795 0 0.00221795 0.999997 0.000831648 -1.84455e-006 -0.000831646 1 -0.435797 2.68122 -0.792562</i>
                        <i>0.999999 -0.00124737 2.64698e-023 0.00124737 0.999999 0.000355506 -4.43447e-007 -0.000355506 1 -0.436647 2.67914 -0.792979</i>
