<?xml version="1.0" encoding="ISO-8859-1" ?>
<Animl Version="1">
    <ModellingPackage><![CDATA[Maya.2010]]></ModellingPackage>
    <SrcFile><![CDATA[anims\vehicles\red\~src\land\apc_btr60\apc_btr60_retract.mb]]></SrcFile>
    <FramesPerSecond>30</FramesPerSecond>
    <TotalFrames>41</TotalFrames>
    <Skeleton>
        <RefFrame>
            <Name><![CDATA[btr60_ref_frame]]></Name>
            <Exclude>0</Exclude>
            <Additive>0</Additive>
            <IKPriority>0</IKPriority>
            <IKRotLimits>-1e+010 -1e+010 -1e+010 1e+010 1e+010 1e+010</IKRotLimits>
            <IKRotLimitOrder>0</IKRotLimitOrder>
            <KeyFrames count="41">
                <i>1 0 0 0 1 0 0 0 1 0 0 0</i>
                <i>1 0 0 0 1 0 0 0 1 0 0 0</i>
                <i>1 0 0 0 1 0 0 0 1 0 0 0</i>
                <i>1 0 0 0 1 0 0 0 1 0 0 0</i>
                <i>1 0 0 0 1 0 0 0 1 0 0 0</i>
                <i>1 0 0 0 1 0 0 0 1 0 0 0</i>
                <i>1 0 0 0 1 0 0 0 1 0 0 0</i>
                <i>1 0 0 0 1 0 0 0 1 0 0 0</i>
                <i>1 0 0 0 1 0 0 0 1 0 0 0</i>
                <i>1 0 0 0 1 0 0 0 1 0 0 0</i>
                <i>1 0 0 0 1 0 0 0 1 0 0 0</i>
                <i>1 0 0 0 1 0 0 0 1 0 0 0</i>
                <i>1 0 0 0 1 0 0 0 1 0 0 0</i>
                <i>1 0 0 0 1 0 0 0 1 0 0 0</i>
                <i>1 0 0 0 1 0 0 0 1 0 0 0</i>
                <i>1 0 0 0 1 0 0 0 1 0 0 0</i>
                <i>1 0 0 0 1 0 0 0 1 0 0 0</i>
                <i>1 0 0 0 1 0 0 0 1 0 0 0</i>
                <i>1 0 0 0 1 0 0 0 1 0 0 0</i>
                <i>1 0 0 0 1 0 0 0 1 0 0 0</i>
                <i>1 0 0 0 1 0 0 0 1 0 0 0</i>
                <i>1 0 0 0 1 0 0 0 1 0 0 0</i>
                <i>1 0 0 0 1 0 0 0 1 0 0 0</i>
                <i>1 0 0 0 1 0 0 0 1 0 0 0</i>
                <i>1 0 0 0 1 0 0 0 1 0 0 0</i>
                <i>1 0 0 0 1 0 0 0 1 0 0 0</i>
                <i>1 0 0 0 1 0 0 0 1 0 0 0</i>
                <i>1 0 0 0 1 0 0 0 1 0 0 0</i>
                <i>1 0 0 0 1 0 0 0 1 0 0 0</i>
                <i>1 0 0 0 1 0 0 0 1 0 0 0</i>
                <i>1 0 0 0 1 0 0 0 1 0 0 0</i>
                <i>1 0 0 0 1 0 0 0 1 0 0 0</i>
                <i>1 0 0 0 1 0 0 0 1 0 0 0</i>
                <i>1 0 0 0 1 0 0 0 1 0 0 0</i>
                <i>1 0 0 0 1 0 0 0 1 0 0 0</i>
                <i>1 0 0 0 1 0 0 0 1 0 0 0</i>
                <i>1 0 0 0 1 0 0 0 1 0 0 0</i>
                <i>1 0 0 0 1 0 0 0 1 0 0 0</i>
                <i>1 0 0 0 1 0 0 0 1 0 0 0</i>
                <i>1 0 0 0 1 0 0 0 1 0 0 0</i>
                <i>1 0 0 0 1 0 0 0 1 0 0 0</i>
            </KeyFrames>
        </RefFrame>
        <Bones count="6">
            <i>
                <p>
                    <Name><![CDATA[btr60_root]]></Name>
                    <Exclude>0</Exclude>
                    <Additive>0</Additive>
                    <IKPriority>0</IKPriority>
                    <IKRotLimits>-1e+010 -1e+010 -1e+010 1e+010 1e+010 1e+010</IKRotLimits>
                    <IKRotLimitOrder>0</IKRotLimitOrder>
                    <KeyFrames count="41">
                        <i>0.999999 -0.00142339 5.29396e-023 0.00142339 0.999999 0.000382219 -5.44048e-007 -0.000382219 1 0 1.65223 0</i>
                        <i>1 -7.6528e-005 3.30872e-024 7.6528e-005 1 0.000649017 -4.9668e-008 -0.000649017 1 0 1.65152 0</i>
                        <i>1 -0.000529008 0 0.000529008 1 0.000223015 -1.17977e-007 -0.000223015 1 0 1.65025 0</i>
                        <i>1 -0.000833489 0 0.000833489 0.999999 -0.000850012 7.08476e-007 0.000850012 1 0 1.64798 0</i>
                        <i>1 -0.000849053 0 0.000849053 1 -0.000133006 1.12929e-007 0.000133006 1 0 1.64635 0</i>
                        <i>1 -0.000441029 8.27181e-025 0.000441029 1 2.38753e-005 -1.05297e-008 -2.38753e-005 1 0 1.64651 0</i>
                        <i>1 0.000177165 0 -0.000177165 1 0.000210024 3.72089e-008 -0.000210024 1 0 1.64707 0</i>
                        <i>1 -0.000143776 1.32349e-023 0.000143776 0.999999 -0.00150676 2.16636e-007 0.00150676 0.999999 0 1.6472 0</i>
                        <i>1 -0.000273845 0 0.000273845 1 -3.73233e-005 1.02208e-008 3.73233e-005 1 0 1.6473 0</i>
                        <i>1 -6.17925e-005 0 6.17925e-005 1 0.00075888 -4.68931e-008 -0.00075888 1 0 1.64758 0</i>
                        <i>1 0.000497608 0 -0.000497608 1 0.000661189 3.29013e-007 -0.000661189 1 0 1.64826 0</i>
                        <i>1 0.000560307 0 -0.000560307 1 0.000287773 1.61241e-007 -0.000287772 1 0 1.64942 0</i>
                        <i>1 0.00039896 0 -0.000398958 0.999996 -0.00277304 -1.10633e-006 0.00277304 0.999996 0 1.65021 0</i>
                        <i>1 0.000687956 0 -0.000687956 1 9.7414e-005 6.70165e-008 -9.74139e-005 1 0 1.65034 0</i>
                        <i>1 1.52389e-005 0 -1.52389e-005 1 0.000333138 5.07667e-009 -0.000333138 1 0 1.65021 0</i>
                        <i>1 -0.000436159 0 0.000436158 0.999999 0.00167213 -7.29315e-007 -0.00167213 0.999999 0 1.64998 0</i>
                        <i>1 -0.000414194 0 0.000414194 1 0.000521285 -2.15913e-007 -0.000521285 1 0 1.6499 0</i>
                        <i>1 -0.000582254 6.61744e-024 0.000582254 1 0.000179126 -1.04297e-007 -0.000179126 1 0 1.65002 0</i>
                        <i>1 -0.000794064 2.64698e-023 0.000794064 1 0.000378292 -3.00388e-007 -0.000378292 1 0 1.65017 0</i>
                        <i>1 4.51142e-005 0 -4.51142e-005 1 0.000653886 2.94995e-008 -0.000653886 1 0 1.65032 0</i>
                        <i>1 -0.000992484 0 0.000992484 1 -9.17688e-005 9.10791e-008 9.17687e-005 1 0 1.65045 0</i>
                        <i>1 -0.000972915 0 0.000972914 0.999999 0.00133053 -1.29449e-006 -0.00133053 0.999999 0 1.65048 0</i>
                        <i>1 -0.000290974 0 0.000290974 1 0.000334458 -9.73186e-008 -0.000334458 1 0 1.64995 0</i>
                        <i>1 -0.000497383 0 0.000497383 1 0.000221623 -1.10231e-007 -0.000221623 1 0 1.64898 0</i>
                        <i>1 -0.000533755 -2.64698e-023 0.000533755 1 0.000395543 -2.11123e-007 -0.000395543 1 0 1.64848 0</i>
                        <i>1 -0.000465419 0 0.000465419 1 0.000382217 -1.77891e-007 -0.000382217 1 0 1.64843 0</i>
                        <i>1 -0.000258674 -1.32349e-023 0.000258674 1 0.000649016 -1.67883e-007 -0.000649016 1 0 1.64831 0</i>
                        <i>1 0.000262816 0 -0.000262816 1 0.000223015 5.86119e-008 -0.000223015 1 0 1.64825 0</i>
                        <i>1 -0.000571186 -5.29396e-023 0.000571186 0.999999 -0.00085001 4.85514e-007 0.00085001 1 0 1.64892 0</i>
                        <i>1 -0.000569069 -6.61744e-024 0.000569069 1 -0.000133007 7.569e-008 0.000133007 1 0 1.65015 0</i>
                        <i>1 -4.24527e-005 -1.03398e-025 4.24527e-005 1 2.38753e-005 -1.01357e-009 -2.38753e-005 1 0 1.65125 0</i>
                        <i>1 0.000568503 0 -0.000568503 1 0.000210034 1.19405e-007 -0.000210034 1 0 1.65221 0</i>
                        <i>1 0.000947035 0 -0.000947034 0.999998 -0.00150675 -1.42694e-006 0.00150675 0.999999 0 1.65306 0</i>
                        <i>0.999999 0.00104653 0 -0.00104653 0.999999 -3.73277e-005 -3.90645e-008 3.73277e-005 1 0 1.65372 0</i>
                        <i>1 0.000974732 5.29396e-023 -0.000974732 0.999999 0.00075888 7.39704e-007 -0.000758879 1 0 1.65408 0</i>
                        <i>1 0.000120298 0 -0.000120298 1 0.000661188 7.95394e-008 -0.000661188 1 0 1.6541 0</i>
                        <i>1 -0.000549215 1.32349e-023 0.000549215 1 0.000287773 -1.58049e-007 -0.000287772 1 0 1.65375 0</i>
                        <i>1 -0.0003425 5.29396e-023 0.000342499 0.999996 -0.00277304 9.49766e-007 0.00277304 0.999996 0 1.65295 0</i>
                        <i>1 -0.000156442 0 0.000156442 1 9.74155e-005 -1.52399e-008 -9.74155e-005 1 0 1.65162 0</i>
                        <i>1 2.91884e-005 0 -2.91884e-005 1 0.000333132 9.72358e-009 -0.000333132 1 0 1.65031 0</i>
                        <i>1 0.000531701 0 -0.0005317 0.999998 0.00167213 8.89071e-007 -0.00167213 0.999999 0 1.64974 0</i>
                    </KeyFrames>
                </p>
            </i>
            <i>
                <p>
                    <Name><![CDATA[antenna]]></Name>
                    <Exclude>0</Exclude>
                    <Additive>0</Additive>
                    <IKPriority>0</IKPriority>
                    <IKRotLimits>-1e+010 -1e+010 -1e+010 1e+010 1e+010 1e+010</IKRotLimits>
                    <IKRotLimitOrder>0</IKRotLimitOrder>
                    <KeyFrames count="41">
                        <i>0.999999 -0.00142339 5.29396e-023 0.00112802 0.792488 -0.609887 0.000868108 0.609886 0.792488 -0.876418 2.58661 -3.45959</i>
                        <i>1 -8.22413e-005 4.37867e-005 9.18894e-005 0.792848 -0.60942 1.54033e-005 0.60942 0.792848 -0.87749 2.58562 -3.45938</i>
                        <i>1 -0.000540397 8.75783e-005 0.000481819 0.792835 -0.609436 0.000259902 0.609436 0.792835 -0.877155 2.58325 -3.45972</i>
                        <i>1 -0.000850432 0.000131386 0.000753979 0.792327 -0.610096 0.000414744 0.610096 0.792328 -0.876937 2.57751 -3.46056</i>
                        <i>1 -0.000871769 0.000175165 0.000797809 0.79266 -0.609663 0.000392639 0.609663 0.792661 -0.876941 2.57835 -3.46</i>
                        <i>1 -0.000469459 0.000218951 0.000505417 0.791628 -0.611004 0.000113513 0.611004 0.791628 -0.877277 2.57867 -3.45988</i>
                        <i>1 0.000143001 0.000262735 4.77764e-005 0.790701 -0.612203 -0.00029529 0.612202 0.790701 -0.877778 2.5793 -3.45974</i>
                        <i>1 -0.000183109 0.000306593 0.000332695 0.789691 -0.613504 -0.000129775 0.613505 0.789691 -0.877546 2.57375 -3.46108</i>
                        <i>1 -0.000319311 0.000350325 0.000466929 0.790855 -0.612003 -8.16371e-005 0.612003 0.790855 -0.877462 2.57903 -3.45994</i>
                        <i>1 -0.000113255 0.000394075 0.000330396 0.791731 -0.610869 -0.000242817 0.610869 0.791731 -0.877645 2.58185 -3.45932</i>
                        <i>1 0.000440469 0.000437866 -8.16179e-005 0.792092 -0.610402 -0.000615694 0.610402 0.792092 -0.878101 2.58168 -3.4594</i>
                        <i>1 0.000497635 0.000481677 -0.000100302 0.792221 -0.610234 -0.000685268 0.610234 0.792221 -0.878167 2.58146 -3.4597</i>
                        <i>1 0.000344562 0.000428325 -2.96338e-006 0.782546 -0.622593 -0.000549706 0.622593 0.782546 -0.878015 2.57183 -3.46207</i>
                        <i>1 0.000639282 0.000374647 -0.000260254 0.776429 -0.630204 -0.000693765 0.630204 0.776429 -0.878223 2.58167 -3.45984</i>
                        <i>1 -2.65571e-005 0.000321116 0.000224275 0.772923 -0.6345 -0.000231347 0.6345 0.772923 -0.877676 2.58298 -3.45965</i>
                        <i>1 -0.000471347 0.00026755 0.000534806 0.778045 -0.628208 8.79382e-005 0.628208 0.778045 -0.877298 2.58781 -3.45859</i>
                        <i>1 -0.000442098 0.000214072 0.000479804 0.785823 -0.618451 0.000105193 0.618451 0.785823 -0.877296 2.58376 -3.45949</i>
                        <i>1 -0.000603127 0.000160561 0.000575662 0.791897 -0.610655 0.000241155 0.610655 0.791897 -0.877143 2.58287 -3.45976</i>
                        <i>1 -0.000808001 0.000107038 0.000706223 0.793401 -0.608698 0.000406905 0.608698 0.793402 -0.876955 2.58393 -3.4596</i>
                        <i>1 3.8131e-005 5.3517e-005 2.37891e-006 0.792879 -0.60938 -6.56688e-005 0.60938 0.792879 -0.87759 2.58433 -3.45938</i>
                        <i>1 -0.000992484 0 0.000785781 0.791731 -0.610869 0.000606278 0.610869 0.791732 -0.876757 2.58282 -3.45996</i>
                        <i>1 -0.000972915 0 0.000771132 0.792599 -0.609742 0.000593227 0.609742 0.7926 -0.876768 2.58775 -3.45884</i>
                        <i>1 -0.000290974 0 0.000230449 0.791992 -0.610532 0.000177649 0.610532 0.791992 -0.877305 2.58318 -3.45962</i>
                        <i>1 -0.000497383 0 0.000393889 0.791923 -0.610621 0.000303712 0.610621 0.791923 -0.877143 2.582 -3.45971</i>
                        <i>1 -0.000533755 -2.64698e-023 0.00042275 0.792029 -0.610483 0.000325849 0.610483 0.792029 -0.877115 2.58213 -3.45957</i>
                        <i>1 -0.000465419 0 0.000368622 0.792021 -0.610494 0.000284135 0.610494 0.792021 -0.877168 2.58198 -3.45959</i>
                        <i>1 -0.000258674 -1.32349e-023 0.000204917 0.792184 -0.610282 0.000157864 0.610282 0.792184 -0.87733 2.5826 -3.45938</i>
                        <i>1 0.000262816 0 -0.00020813 0.791924 -0.61062 -0.000160481 0.61062 0.791924 -0.877738 2.58061 -3.45971</i>
                        <i>1 -0.000571186 -5.29396e-023 0.000451961 0.791268 -0.611469 0.000349263 0.611469 0.791268 -0.877088 2.5783 -3.46055</i>
                        <i>1 -0.000569069 -6.61744e-024 0.000450536 0.791706 -0.610902 0.000347645 0.610902 0.791706 -0.877088 2.582 -3.45999</i>
                        <i>1 -4.24527e-005 -1.03398e-025 3.36142e-005 0.791802 -0.610778 2.59292e-005 0.610778 0.791802 -0.877499 2.58319 -3.45987</i>
                        <i>1 0.000568503 0 -0.000450207 0.791916 -0.61063 -0.000347145 0.61063 0.791916 -0.877977 2.58425 -3.45972</i>
                        <i>1 0.000947035 0 -0.000748979 0.790866 -0.611989 -0.000579575 0.611989 0.790866 -0.878267 2.57883 -3.46106</i>
                        <i>0.999999 0.00104653 0 -0.000828605 0.791764 -0.610826 -0.000639248 0.610826 0.791765 -0.87835 2.58449 -3.45991</i>
                        <i>1 0.000974732 5.29396e-023 -0.000772233 0.792251 -0.610195 -0.000594777 0.610195 0.792251 -0.878296 2.58767 -3.45929</i>
                        <i>1 0.000120298 0 -9.52987e-005 0.792191 -0.610273 -7.34144e-005 0.610273 0.792191 -0.877627 2.5881 -3.45937</i>
                        <i>1 -0.000549215 1.32349e-023 0.000434958 0.791963 -0.610569 0.000335333 0.610569 0.791963 -0.877103 2.58704 -3.45966</i>
                        <i>1 -0.0003425 5.29396e-023 0.000270606 0.790091 -0.61299 0.000209949 0.61299 0.790091 -0.877268 2.57547 -3.46204</i>
                        <i>1 -0.000156442 0 0.000123878 0.791847 -0.610719 9.5542e-005 0.610719 0.791847 -0.87741 2.58391 -3.45981</i>
                        <i>1 2.91884e-005 0 -2.3117e-005 0.791991 -0.610533 -1.78205e-005 0.610533 0.791991 -0.877555 2.58325 -3.45962</i>
                        <i>1 0.000531701 0 -0.000421537 0.792808 -0.609472 -0.000324057 0.609472 0.792808 -0.877951 2.58687 -3.45857</i>
                    </KeyFrames>
                </p>
            </i>
            <i>
                <p>
                    <Name><![CDATA[antenna_1]]></Name>
                    <Exclude>0</Exclude>
                    <Additive>0</Additive>
                    <IKPriority>0</IKPriority>
                    <IKRotLimits>-1e+010 -1e+010 -1e+010 1e+010 1e+010 1e+010</IKRotLimits>
                    <IKRotLimitOrder>0</IKRotLimitOrder>
                    <KeyFrames count="41">
                        <i>0.999999 -0.00142339 5.29396e-023 0.00114219 0.802442 -0.596729 0.000849379 0.596728 0.802443 -0.87483 3.70197 -4.30911</i>
                        <i>1 -8.22413e-005 4.37867e-005 9.2131e-005 0.802795 -0.596255 1.38851e-005 0.596255 0.802795 -0.877361 3.70147 -4.30824</i>
                        <i>1 -0.000540397 8.75783e-005 0.000486042 0.802782 -0.596272 0.000251918 0.596272 0.802782 -0.876477 3.69909 -4.3086</i>
                        <i>1 -0.000850432 0.000131386 0.000760719 0.802285 -0.59694 0.000402248 0.59694 0.802286 -0.875877 3.69264 -4.31037</i>
                        <i>1 -0.000871769 0.000175165 0.000804178 0.802611 -0.596502 0.000379423 0.596502 0.802612 -0.87582 3.69395 -4.30921</i>
                        <i>1 -0.000469459 0.000218951 0.000507221 0.801601 -0.597859 0.000105159 0.597859 0.801601 -0.876568 3.69283 -4.31097</i>
                        <i>1 0.000143001 0.000262735 4.2898e-005 0.800694 -0.599074 -0.000296039 0.599073 0.800694 -0.877713 3.69217 -4.31252</i>
                        <i>1 -0.000183109 0.000306593 0.000330509 0.799706 -0.600392 -0.000135247 0.600392 0.799706 -0.877081 3.68521 -4.31569</i>
                        <i>1 -0.000319311 0.000350325 0.000465518 0.800845 -0.598872 -8.93298e-005 0.598872 0.800845 -0.876808 3.69211 -4.31244</i>
                        <i>1 -0.000113255 0.000394075 0.000326345 0.801702 -0.597723 -0.000248235 0.597724 0.801702 -0.877183 3.69615 -4.31022</i>
                        <i>1 0.000440469 0.000437866 -9.1765e-005 0.802055 -0.59725 -0.000614263 0.59725 0.802055 -0.87822 3.69648 -4.30964</i>
                        <i>1 0.000497635 0.000481677 -0.000111594 0.802182 -0.59708 -0.00068352 0.59708 0.802181 -0.878313 3.69645 -4.3097</i>
                        <i>1 0.000344562 0.000428325 -1.20325e-005 0.792712 -0.609597 -0.000549582 0.609597 0.792711 -0.878023 3.67333 -4.32947</i>
                        <i>1 0.000639282 0.000374647 -0.000271665 0.786721 -0.617308 -0.000689377 0.617308 0.786721 -0.878593 3.67465 -4.33795</i>
                        <i>1 -2.65571e-005 0.000321116 0.000220427 0.783286 -0.621662 -0.000235016 0.621662 0.783286 -0.877363 3.67108 -4.34381</i>
                        <i>1 -0.000471347 0.00026755 0.000536184 0.788304 -0.615286 7.91025e-005 0.615286 0.788304 -0.876548 3.68304 -4.3339</i>
                        <i>1 -0.000442098 0.000214072 0.000481474 0.79592 -0.605402 9.72629e-005 0.605402 0.79592 -0.876622 3.68983 -4.32107</i>
                        <i>1 -0.000603127 0.000160561 0.000579562 0.801864 -0.597506 0.000231624 0.597506 0.801864 -0.876334 3.6974 -4.31036</i>
                        <i>1 -0.000808001 0.000107038 0.00071284 0.803336 -0.595525 0.000395197 0.595525 0.803337 -0.875962 3.70056 -4.30744</i>
                        <i>1 3.8131e-005 5.3517e-005 1.29512e-006 0.802825 -0.596215 -6.56991e-005 0.596215 0.802825 -0.877587 3.70023 -4.30818</i>
                        <i>1 -0.000992484 0 0.000795677 0.801702 -0.597723 0.000593231 0.597723 0.801702 -0.875651 3.69712 -4.31086</i>
                        <i>1 -0.000972915 0 0.000780815 0.802551 -0.596582 0.000580424 0.596582 0.802552 -0.875682 3.70326 -4.30816</i>
                        <i>1 -0.000290974 0 0.000233348 0.801957 -0.597382 0.000173822 0.597382 0.801957 -0.87698 3.69784 -4.31005</i>
                        <i>1 -0.000497383 0 0.000398846 0.80189 -0.597472 0.000297172 0.597472 0.80189 -0.876589 3.69657 -4.31026</i>
                        <i>1 -0.000533755 -2.64698e-023 0.000428068 0.801993 -0.597333 0.000318829 0.597332 0.801994 -0.87652 3.69685 -4.30993</i>
                        <i>1 -0.000465419 0 0.000373259 0.801986 -0.597343 0.000278015 0.597343 0.801986 -0.876649 3.69668 -4.30996</i>
                        <i>1 -0.000258674 -1.32349e-023 0.000207494 0.802145 -0.597129 0.000154462 0.597129 0.802145 -0.877041 3.69753 -4.30945</i>
                        <i>1 0.000262816 0 -0.000210749 0.801891 -0.597471 -0.000157025 0.597471 0.801891 -0.878031 3.69518 -4.31026</i>
                        <i>1 -0.000571186 -5.29396e-023 0.000457662 0.801249 -0.598331 0.000341758 0.598331 0.801249 -0.876452 3.69195 -4.31229</i>
                        <i>1 -0.000569069 -6.61744e-024 0.00045621 0.801678 -0.597756 0.000340165 0.597756 0.801678 -0.876454 3.69627 -4.31094</i>
                        <i>1 -4.24527e-005 -1.03398e-025 3.40374e-005 0.801772 -0.597631 2.5371e-005 0.597631 0.801772 -0.877452 3.69759 -4.31064</i>
                        <i>1 0.000568503 0 -0.000455873 0.801883 -0.597481 -0.00033967 0.597481 0.801883 -0.878611 3.69881 -4.31029</i>
                        <i>1 0.000947035 0 -0.000758439 0.800855 -0.598857 -0.000567139 0.598857 0.800856 -0.879321 3.69192 -4.31354</i>
                        <i>0.999999 0.00104653 0 -0.000839039 0.801735 -0.59768 -0.00062549 0.597679 0.801735 -0.879516 3.69884 -4.31075</i>
                        <i>1 0.000974732 5.29396e-023 -0.000781941 0.80221 -0.597041 -0.000581955 0.597041 0.802211 -0.879383 3.70269 -4.30924</i>
                        <i>1 0.000120298 0 -9.6497e-005 0.802152 -0.597119 -7.18321e-005 0.597119 0.802152 -0.877761 3.70304 -4.30943</i>
                        <i>1 -0.000549215 1.32349e-023 0.000440431 0.801929 -0.597419 0.000328111 0.597419 0.801929 -0.876491 3.70166 -4.31014</i>
                        <i>1 -0.0003425 5.29396e-023 0.000274033 0.800097 -0.599871 0.000205456 0.599871 0.800097 -0.876887 3.68748 -4.31592</i>
                        <i>1 -0.000156442 0 0.000125437 0.801816 -0.597572 9.34851e-005 0.597572 0.801816 -0.877236 3.69837 -4.3105</i>
                        <i>1 2.91884e-005 0 -2.34078e-005 0.801956 -0.597383 -1.74366e-005 0.597383 0.801956 -0.877588 3.69792 -4.31005</i>
                        <i>1 0.000531701 0 -0.000426826 0.802755 -0.596308 -0.000317058 0.596308 0.802756 -0.878544 3.70268 -4.30751</i>
                    </KeyFrames>
                </p>
            </i>
            <i>
                <p>
                    <Name><![CDATA[left_hatch]]></Name>
                    <Exclude>0</Exclude>
                    <Additive>0</Additive>
                    <IKPriority>0</IKPriority>
                    <IKRotLimits>-1e+010 -1e+010 -1e+010 1e+010 1e+010 1e+010</IKRotLimits>
                    <IKRotLimitOrder>0</IKRotLimitOrder>
                    <KeyFrames count="41">
                        <i>0.614539 -0.788886 -0.000301193 -0.742101 -0.577964 -0.339476 0.267634 0.208845 -0.940615 1.48083 2.27134 -1.54894</i>
                        <i>0.615601 -0.788058 -0.000511432 -0.728813 -0.569074 -0.38077 0.299778 0.234775 -0.924669 1.4802 2.27304 -1.54882</i>
                        <i>0.615245 -0.788336 -0.000175738 -0.686415 -0.535592 -0.491911 0.387697 0.302766 -0.870645 1.48041 2.27044 -1.54902</i>
                        <i>0.615004 -0.788523 0.000669819 -0.60041 -0.468837 -0.647842 0.511152 0.398023 -0.761775 1.48055 2.26606 -1.54952</i>
                        <i>0.614992 -0.788533 0.00010481 -0.458032 -0.357336 -0.813951 0.641865 0.500526 -0.580933 1.48056 2.26552 -1.54919</i>
                        <i>0.615314 -0.788282 -1.8814e-005 -0.256969 -0.200561 -0.945379 0.745222 0.58171 -0.325972 1.48037 2.26653 -1.54911</i>
                        <i>0.615801 -0.787902 -0.000165501 -0.0117494 -0.00897297 -0.999891 0.787814 0.615736 -0.0147829 1.48008 2.26829 -1.54903</i>
                        <i>0.615548 -0.788098 0.00118734 0.247185 0.191634 -0.94983 0.748332 0.584959 0.312766 1.48023 2.26529 -1.54983</i>
                        <i>0.615446 -0.788179 2.94111e-005 0.481486 0.375936 -0.791735 0.624018 0.487284 0.610865 1.48029 2.26747 -1.54914</i>
                        <i>0.615613 -0.788049 -0.000598005 0.657494 0.514043 -0.550873 0.434422 0.338731 0.834589 1.48019 2.26929 -1.54877</i>
                        <i>0.616054 -0.787704 -0.000521024 0.758077 0.593062 -0.271286 0.214002 0.166732 0.962499 1.47993 2.27066 -1.54881</i>
                        <i>0.616103 -0.787666 -0.000226768 0.787666 0.616103 0.00017717 1.61241e-007 -0.000287772 1 1.4799 2.27133 -1.54899</i>
                        <i>0.615976 -0.787762 0.00218518 0.779598 0.609189 -0.145317 0.113144 0.0912153 0.989383 1.47997 2.26713 -1.55042</i>
                        <i>0.616203 -0.787587 -7.67633e-005 0.766739 0.599914 -0.228505 0.180014 0.140747 0.973543 1.47984 2.27214 -1.54908</i>
                        <i>0.615673 -0.788001 -0.000262516 0.774132 0.604899 -0.186593 0.147194 0.114677 0.982437 1.48015 2.27138 -1.54897</i>
                        <i>0.615318 -0.788278 -0.00131766 0.784803 0.61276 -0.0927858 0.0739484 0.0560586 0.995685 1.48037 2.27255 -1.54834</i>
                        <i>0.615335 -0.788266 -0.000410778 0.788266 0.615335 0.000320935 -2.15913e-007 -0.000521285 1 1.48036 2.27072 -1.54888</i>
                        <i>0.615203 -0.788369 -0.000141153 0.788369 0.615203 0.000110281 -1.04297e-007 -0.000179126 1 1.48043 2.27006 -1.54904</i>
                        <i>0.615036 -0.788499 -0.000298098 0.788499 0.615036 0.0002329 -3.00388e-007 -0.000378292 1 1.48053 2.27021 -1.54895</i>
                        <i>0.615697 -0.787983 -0.000515269 0.787983 0.615697 0.000402573 2.94995e-008 -0.000653886 1 1.48014 2.27203 -1.54882</i>
                        <i>0.614879 -0.788621 7.23148e-005 0.788621 0.614879 -5.64985e-005 9.10791e-008 9.17687e-005 1 1.48063 2.26948 -1.54917</i>
                        <i>0.614895 -0.788609 -0.00104847 0.788609 0.614894 0.000819155 -1.29449e-006 -0.00133053 0.999999 1.48062 2.27174 -1.5485</i>
                        <i>0.615432 -0.78819 -0.000263557 0.78819 0.615432 0.000205913 -9.73186e-008 -0.000334458 1 1.4803 2.27067 -1.54897</i>
                        <i>0.615269 -0.788317 -0.000174641 0.788317 0.615269 0.000136445 -1.10231e-007 -0.000221623 1 1.48039 2.26922 -1.54902</i>
                        <i>0.615241 -0.788339 -0.000311692 0.788339 0.615241 0.000243521 -2.11123e-007 -0.000395543 1 1.48041 2.26893 -1.54894</i>
                        <i>0.615295 -0.788297 -0.000301191 0.788297 0.615295 0.000235316 -1.77891e-007 -0.000382217 1 1.48038 2.26897 -1.54894</i>
                        <i>0.615458 -0.78817 -0.000511432 0.78817 0.615458 0.000399574 -1.67883e-007 -0.000649016 1 1.48028 2.26956 -1.54882</i>
                        <i>0.615869 -0.787849 -0.000175738 0.787849 0.615869 0.000137302 5.86119e-008 -0.000223015 1 1.48004 2.26962 -1.54902</i>
                        <i>0.615211 -0.788362 0.000669817 0.788362 0.615211 -0.000523319 4.85514e-007 0.00085001 1 1.48043 2.26739 -1.54952</i>
                        <i>0.615213 -0.788361 0.000104811 0.788361 0.615213 -8.18871e-005 7.569e-008 0.000133007 1 1.48043 2.26973 -1.54919</i>
                        <i>0.615628 -0.788037 -1.8814e-005 0.788037 0.615628 1.46991e-005 -1.01357e-009 -2.38753e-005 1 1.48018 2.27186 -1.54911</i>
                        <i>0.616109 -0.787661 -0.000165509 0.787661 0.616109 0.00012931 1.19405e-007 -0.000210034 1 1.47989 2.27401 -1.54903</i>
                        <i>0.616407 -0.787426 0.00118733 0.787427 0.616407 -0.000927648 -1.42694e-006 0.00150675 0.999999 1.47972 2.27275 -1.54983</i>
                        <i>0.616486 -0.787366 2.94146e-005 0.787366 0.616486 -2.29812e-005 -3.90645e-008 3.73277e-005 1 1.47967 2.27585 -1.54914</i>
                        <i>0.616429 -0.78741 -0.000598005 0.78741 0.616429 0.000467213 7.39704e-007 -0.000758879 1 1.4797 2.27733 -1.54877</i>
                        <i>0.615756 -0.787937 -0.000521024 0.787937 0.615756 0.000407068 7.95394e-008 -0.000661188 1 1.4801 2.27594 -1.54881</i>
                        <i>0.615229 -0.788349 -0.000226768 0.788349 0.615229 0.00017717 -1.58049e-007 -0.000287772 1 1.48042 2.27401 -1.54899</i>
                        <i>0.615392 -0.788219 0.00218518 0.788222 0.615389 -0.00170725 9.49766e-007 0.00277304 0.999996 1.48032 2.26878 -1.55042</i>
                        <i>0.615538 -0.788107 -7.67645e-005 0.788107 0.615538 5.9975e-005 -1.52399e-008 -9.74155e-005 1 1.48023 2.27217 -1.54908</i>
                        <i>0.615685 -0.787993 -0.000262511 0.787993 0.615684 0.000205096 9.72358e-009 -0.000333132 1 1.48015 2.2715 -1.54897</i>
                        <i>0.61608 -0.787682 -0.00131765 0.787683 0.61608 0.00102946 8.89071e-007 -0.00167213 0.999999 1.47991 2.27375 -1.54834</i>
                    </KeyFrames>
                </p>
            </i>
            <i>
                <p>
                    <Name><![CDATA[right_hatch]]></Name>
                    <Exclude>0</Exclude>
                    <Additive>0</Additive>
                    <IKPriority>0</IKPriority>
                    <IKRotLimits>-1e+010 -1e+010 -1e+010 1e+010 1e+010 1e+010</IKRotLimits>
                    <IKRotLimitOrder>0</IKRotLimitOrder>
                    <KeyFrames count="41">
                        <i>0.616783 0.787134 0.000301193 0.740453 -0.580074 -0.339476 -0.267038 0.209606 -0.940615 -1.47348 2.26082 -1.55712</i>
                        <i>0.615722 0.787963 0.000511432 0.578968 -0.45197 -0.678616 -0.534493 0.418135 -0.734493 -1.4741 2.25853 -1.557</i>
                        <i>0.616078 0.787685 0.000175738 0.325473 -0.254361 -0.910696 -0.717297 0.561117 -0.413077 -1.47389 2.25727 -1.5572</i>
                        <i>0.616318 0.787497 -0.000669819 0.0209555 -0.0172507 -0.999632 -0.787218 0.616077 -0.0271343 -1.47375 2.25377 -1.55769</i>
                        <i>0.61633 0.787488 -0.00010481 -0.286777 0.224323 -0.931363 -0.733414 0.574058 0.364091 -1.47375 2.25329 -1.55736</i>
                        <i>0.616009 0.787739 1.8814e-005 -0.549554 0.429766 -0.716443 -0.564378 0.441325 0.697645 -1.47393 2.25309 -1.55729</i>
                        <i>0.615522 0.78812 0.000165501 -0.726105 0.56717 -0.388703 -0.306438 0.239135 0.921363 -1.47421 2.25303 -1.5572</i>
                        <i>0.615775 0.787921 -0.00118734 -0.787922 0.615774 -0.000927653 2.16636e-007 0.00150676 0.999999 -1.47407 2.25096 -1.55798</i>
                        <i>0.615877 0.787842 -2.94111e-005 -0.780676 0.61027 -0.134593 -0.10602 0.0829155 0.990901 -1.47401 2.25354 -1.55732</i>
                        <i>0.61571 0.787973 0.000598005 -0.756371 0.59123 -0.279909 -0.220914 0.171891 0.960026 -1.47411 2.25474 -1.55695</i>
                        <i>0.615269 0.788317 0.000521024 -0.724563 0.565771 -0.393587 -0.310566 0.241785 0.919287 -1.47436 2.25445 -1.557</i>
                        <i>0.61522 0.788356 0.000226768 -0.708264 0.552844 -0.439004 -0.346217 0.269923 0.898485 -1.47439 2.25494 -1.55717</i>
                        <i>0.615347 0.788253 -0.00218518 -0.740543 0.577148 -0.344234 -0.270082 0.213442 0.938881 -1.47431 2.25119 -1.55856</i>
                        <i>0.615119 0.788434 7.67633e-005 -0.780304 0.608791 -0.143175 -0.112931 0.0880098 0.989697 -1.47445 2.25537 -1.55725</i>
                        <i>0.61565 0.78802 0.000262516 -0.78802 0.615649 0.0002051 5.07667e-009 -0.000333138 1 -1.47414 2.2566 -1.55715</i>
                        <i>0.616005 0.787741 0.00131766 -0.787741 0.616006 -0.000513214 -0.00121596 -0.000721831 0.999999 -1.47393 2.25912 -1.55654</i>
                        <i>0.615988 0.787756 0.000410778 -0.786074 0.614707 -0.0649777 -0.051439 0.0397025 0.997887 -1.47394 2.25721 -1.55706</i>
                        <i>0.61612 0.787652 0.000141153 -0.783259 0.612703 -0.105359 -0.0830727 0.0648032 0.994434 -1.47387 2.25705 -1.55722</i>
                        <i>0.616287 0.787522 0.000298098 -0.784605 0.614037 -0.0857591 -0.0677202 0.0526184 0.996316 -1.47377 2.25783 -1.55713</i>
                        <i>0.615626 0.788038 0.000515269 -0.787308 0.615084 -0.0426332 -0.0339135 0.0258404 0.999091 -1.47415 2.25717 -1.557</i>
                        <i>0.616443 0.787399 -7.23148e-005 -0.787399 0.616443 -5.64985e-005 9.10791e-008 9.17687e-005 1 -1.47368 2.25767 -1.55734</i>
                        <i>0.616428 0.787411 0.00104847 -0.787411 0.616427 0.000819155 -1.29449e-006 -0.00133053 0.999999 -1.47369 2.25988 -1.55669</i>
                        <i>0.615891 0.787832 0.000263557 -0.787832 0.615891 0.000205913 -9.73186e-008 -0.000334458 1 -1.474 2.2568 -1.55715</i>
                        <i>0.616053 0.787704 0.000174641 -0.787704 0.616053 0.000136445 -1.10231e-007 -0.000221623 1 -1.47391 2.25595 -1.5572</i>
                        <i>0.616082 0.787682 0.000311692 -0.787682 0.616082 0.000243521 -2.11123e-007 -0.000395543 1 -1.47389 2.25578 -1.55712</i>
                        <i>0.616028 0.787724 0.000301191 -0.787724 0.616028 0.000235316 -1.77891e-007 -0.000382217 1 -1.47392 2.25561 -1.55712</i>
                        <i>0.615865 0.787851 0.000511432 -0.787851 0.615865 0.000399574 -1.67883e-007 -0.000649016 1 -1.47402 2.2556 -1.557</i>
                        <i>0.615454 0.788173 0.000175738 -0.788173 0.615454 0.000137302 5.86119e-008 -0.000223015 1 -1.47425 2.25411 -1.5572</i>
                        <i>0.616112 0.787659 -0.000669817 -0.787659 0.616111 -0.000523319 4.85514e-007 0.00085001 1 -1.47387 2.25434 -1.55769</i>
                        <i>0.61611 0.78766 -0.000104811 -0.78766 0.61611 -8.18871e-005 7.569e-008 0.000133007 1 -1.47387 2.25667 -1.55736</i>
                        <i>0.615695 0.787985 1.8814e-005 -0.787985 0.615695 1.46991e-005 -1.01357e-009 -2.38753e-005 1 -1.47411 2.25725 -1.55729</i>
                        <i>0.615213 0.788361 0.000165509 -0.788361 0.615213 0.00012931 1.19405e-007 -0.000210034 1 -1.47439 2.25759 -1.5572</i>
                        <i>0.614915 0.788593 -0.00118733 -0.788593 0.614914 -0.000927648 -1.42694e-006 0.00150675 0.999999 -1.47456 2.25521 -1.55798</i>
                        <i>0.614837 0.788655 -2.94146e-005 -0.788655 0.614837 -2.29812e-005 -3.90645e-008 3.73277e-005 1 -1.47461 2.25802 -1.55732</i>
                        <i>0.614893 0.78861 0.000598005 -0.788611 0.614893 0.000467213 7.39704e-007 -0.000758879 1 -1.47458 2.25972 -1.55695</i>
                        <i>0.615567 0.788085 0.000521024 -0.788085 0.615567 0.000407068 7.95394e-008 -0.000661188 1 -1.47419 2.26085 -1.557</i>
                        <i>0.616094 0.787673 0.000226768 -0.787673 0.616094 0.00017717 -1.58049e-007 -0.000287772 1 -1.47388 2.2609 -1.55717</i>
                        <i>0.615931 0.787797 -0.00218518 -0.7878 0.615929 -0.00170725 9.49766e-007 0.00277304 0.999996 -1.47398 2.25503 -1.55856</i>
                        <i>0.615785 0.787914 7.67645e-005 -0.787914 0.615785 5.9975e-005 -1.52399e-008 -9.74155e-005 1 -1.47406 2.25789 -1.55725</i>
                        <i>0.615638 0.788029 0.000262511 -0.788029 0.615638 0.000205096 9.72358e-009 -0.000333132 1 -1.47415 2.25668 -1.55715</i>
                        <i>0.615242 0.788337 0.00131765 -0.788338 0.615242 0.00102946 8.89071e-007 -0.00167213 0.999999 -1.47438 2.25746 -1.55654</i>
                    </KeyFrames>
                </p>
            </i>
            <i>
                <p>
                    <Name><![CDATA[top_hatch]]></Name>
                    <Exclude>0</Exclude>
                    <Additive>0</Additive>
                    <IKPriority>0</IKPriority>
                    <IKRotLimits>-1e+010 -1e+010 -1e+010 1e+010 1e+010 1e+010</IKRotLimits>
                    <IKRotLimitOrder>0</IKRotLimitOrder>
                    <KeyFrames count="41">
                        <i>0.999999 -0.00142339 5.29396e-023 -0.00141206 -0.992037 -0.125941 0.000179264 0.125941 -0.992038 -0.436493 2.67804 -0.792955</i>
                        <i>1 -7.6528e-005 3.30872e-024 -6.96214e-005 -0.909751 -0.415155 3.1771e-005 0.415155 -0.909751 -0.437671 2.67695 -0.792722</i>
                        <i>1 -0.000529008 0 -0.000394465 -0.745669 -0.666316 0.000352486 0.666316 -0.74567 -0.437276 2.67554 -0.793095</i>
                        <i>1 -0.000833489 0 -0.000429272 -0.51503 -0.857172 0.000714444 0.857172 -0.51503 -0.43701 2.67255 -0.794032</i>
                        <i>1 -0.000849053 0 -0.000200796 -0.236494 -0.971633 0.000824968 0.971633 -0.236494 -0.436996 2.6715 -0.793406</i>
                        <i>1 -0.000441029 8.27181e-025 2.77537e-005 0.0629295 -0.998018 0.000440155 0.998018 0.0629295 -0.437353 2.67161 -0.793269</i>
                        <i>1 0.000177165 0 -6.31938e-005 0.356694 -0.934221 -0.000165511 0.934221 0.356694 -0.437893 2.67204 -0.793106</i>
                        <i>1 -0.000143776 1.32349e-023 8.8671e-005 0.616729 -0.787176 0.000113177 0.787176 0.616729 -0.437613 2.67096 -0.794606</i>
                        <i>1 -0.000273845 0 0.000225522 0.823538 -0.567262 0.000155342 0.567262 0.823538 -0.437499 2.67228 -0.793322</i>
                        <i>1 -6.17925e-005 0 5.90178e-005 0.955097 -0.296295 1.83088e-005 0.296295 0.955097 -0.437684 2.67309 -0.792626</i>
                        <i>1 0.000497608 0 -0.000497608 1 0.000661189 3.29013e-007 -0.000661189 1 -0.438174 2.67346 -0.792711</i>
                        <i>1 0.000560307 0 -0.000555019 0.990561 -0.137068 -7.68004e-005 0.137068 0.990562 -0.438228 2.67429 -0.793038</i>
                        <i>1 0.00039896 0 -0.000383604 0.96151 -0.27477 -0.000109622 0.27477 0.96151 -0.438086 2.67271 -0.795711</i>
                        <i>1 0.000687956 0 -0.000649006 0.943382 -0.331706 -0.000228199 0.331706 0.943383 -0.43834 2.675 -0.793204</i>
                        <i>1 1.52389e-005 0 -1.46653e-005 0.962359 -0.271782 -4.14167e-006 0.271782 0.962359 -0.437752 2.67535 -0.792998</i>
                        <i>1 -0.000436159 0 0.000432124 0.99075 -0.135697 5.91853e-005 0.135697 0.99075 -0.437356 2.67638 -0.791826</i>
                        <i>1 -0.000414194 0 0.000414194 1 0.000521285 -2.15913e-007 -0.000521285 1 -0.437376 2.67538 -0.792834</i>
                        <i>1 -0.000582254 6.61744e-024 0.000582089 0.999718 -0.0237606 1.38347e-005 0.0237606 0.999718 -0.437229 2.6753 -0.793133</i>
                        <i>1 -0.000794064 2.64698e-023 0.000793493 0.999281 -0.0379198 3.01107e-005 0.0379198 0.999281 -0.437044 2.67571 -0.792959</i>
                        <i>1 4.51142e-005 0 -4.5102e-005 0.999729 -0.023286 -1.05053e-006 0.023286 0.999729 -0.437778 2.67571 -0.792718</i>
                        <i>1 -0.000992484 0 0.000992484 1 -9.17688e-005 9.10791e-008 9.17687e-005 1 -0.43687 2.6757 -0.79337</i>
                        <i>1 -0.000972915 0 0.000972914 0.999999 0.00133053 -1.29449e-006 -0.00133053 0.999999 -0.436886 2.67685 -0.792125</i>
                        <i>1 -0.000290974 0 0.000290974 1 0.000334458 -9.73186e-008 -0.000334458 1 -0.437484 2.67523 -0.792997</i>
                        <i>1 -0.000497383 0 0.000497383 1 0.000221623 -1.10231e-007 -0.000221623 1 -0.437303 2.67426 -0.793096</i>
                        <i>1 -0.000533755 -2.64698e-023 0.000533755 1 0.000395543 -2.11123e-007 -0.000395543 1 -0.437271 2.67391 -0.792944</i>
                        <i>1 -0.000465419 0 0.000465419 1 0.000382217 -1.77891e-007 -0.000382217 1 -0.437331 2.67383 -0.792955</i>
                        <i>1 -0.000258674 -1.32349e-023 0.000258674 1 0.000649016 -1.67883e-007 -0.000649016 1 -0.437512 2.67382 -0.792722</i>
                        <i>1 0.000262816 0 -0.000262816 1 0.000223015 5.86119e-008 -0.000223015 1 -0.437968 2.6732 -0.793095</i>
                        <i>1 -0.000571186 -5.29396e-023 0.000571186 0.999999 -0.00085001 4.85514e-007 0.00085001 1 -0.437239 2.67339 -0.794032</i>
                        <i>1 -0.000569069 -6.61744e-024 0.000569069 1 -0.000133007 7.569e-008 0.000133007 1 -0.437241 2.67518 -0.793406</i>
                        <i>1 -4.24527e-005 -1.03398e-025 4.24527e-005 1 2.38753e-005 -1.01357e-009 -2.38753e-005 1 -0.437701 2.67618 -0.793269</i>
                        <i>1 0.000568503 0 -0.000568503 1 0.000210034 1.19405e-007 -0.000210034 1 -0.438235 2.67701 -0.793106</i>
                        <i>1 0.000947035 0 -0.000947034 0.999998 -0.00150675 -1.42694e-006 0.00150675 0.999999 -0.438565 2.67633 -0.794606</i>
                        <i>0.999999 0.00104653 0 -0.00104653 0.999999 -3.73277e-005 -3.90645e-008 3.73277e-005 1 -0.438653 2.67812 -0.793322</i>
                        <i>1 0.000974732 5.29396e-023 -0.000974732 0.999999 0.00075888 7.39704e-007 -0.000758879 1 -0.438591 2.67915 -0.792626</i>
                        <i>1 0.000120298 0 -0.000120298 1 0.000661188 7.95394e-008 -0.000661188 1 -0.437844 2.67946 -0.792711</i>
                        <i>1 -0.000549215 1.32349e-023 0.000549215 1 0.000287773 -1.58049e-007 -0.000287772 1 -0.437258 2.6791 -0.793038</i>
                        <i>1 -0.0003425 5.29396e-023 0.000342499 0.999996 -0.00277304 9.49766e-007 0.00277304 0.999996 -0.43744 2.67578 -0.795711</i>
                        <i>1 -0.000156442 0 0.000156442 1 9.74155e-005 -1.52399e-008 -9.74155e-005 1 -0.437602 2.67665 -0.793204</i>
                        <i>1 2.91884e-005 0 -2.91884e-005 1 0.000333132 9.72358e-009 -0.000333132 1 -0.437764 2.67545 -0.792998</i>
                        <i>1 0.000531701 0 -0.0005317 0.999998 0.00167213 8.89071e-007 -0.00167213 0.999999 -0.438204 2.67572 -0.791826</i>
                    </KeyFrames>
                </p>
