<?xml version="1.0" encoding="ISO-8859-1" ?>
<Animl Version="1">
    <ModellingPackage><![CDATA[Maya.2010]]></ModellingPackage>
    <SrcFile><![CDATA[anims\turrets\antitank\red\~src\at_at4spigot\at_at4spigot_idle.mb]]></SrcFile>
    <FramesPerSecond>30</FramesPerSecond>
    <TotalFrames>120</TotalFrames>
    <Skeleton>
        <RefFrame>
            <Name><![CDATA[at_at4spigot_ref_frame]]></Name>
            <Exclude>0</Exclude>
            <Additive>0</Additive>
            <IKPriority>0</IKPriority>
            <IKRotLimits>-1e+010 -1e+010 -1e+010 1e+010 1e+010 1e+010</IKRotLimits>
            <IKRotLimitOrder>0</IKRotLimitOrder>
            <KeyFrames count="120">
                <i>1 0 0 0 1 0 0 0 1 0 0.94 0.31</i>
                <i>1 0 0 0 1 0 0 0 1 0 0.94 0.31</i>
                <i>1 0 0 0 1 0 0 0 1 0 0.94 0.31</i>
                <i>1 0 0 0 1 0 0 0 1 0 0.94 0.31</i>
                <i>1 0 0 0 1 0 0 0 1 0 0.94 0.31</i>
                <i>1 0 0 0 1 0 0 0 1 0 0.94 0.31</i>
                <i>1 0 0 0 1 0 0 0 1 0 0.94 0.31</i>
                <i>1 0 0 0 1 0 0 0 1 0 0.94 0.31</i>
                <i>1 0 0 0 1 0 0 0 1 0 0.94 0.31</i>
                <i>1 0 0 0 1 0 0 0 1 0 0.94 0.31</i>
                <i>1 0 0 0 1 0 0 0 1 0 0.94 0.31</i>
                <i>1 0 0 0 1 0 0 0 1 0 0.94 0.31</i>
                <i>1 0 0 0 1 0 0 0 1 0 0.94 0.31</i>
                <i>1 0 0 0 1 0 0 0 1 0 0.94 0.31</i>
                <i>1 0 0 0 1 0 0 0 1 0 0.94 0.31</i>
                <i>1 0 0 0 1 0 0 0 1 0 0.94 0.31</i>
                <i>1 0 0 0 1 0 0 0 1 0 0.94 0.31</i>
                <i>1 0 0 0 1 0 0 0 1 0 0.94 0.31</i>
                <i>1 0 0 0 1 0 0 0 1 0 0.94 0.31</i>
                <i>1 0 0 0 1 0 0 0 1 0 0.94 0.31</i>
                <i>1 0 0 0 1 0 0 0 1 0 0.94 0.31</i>
                <i>1 0 0 0 1 0 0 0 1 0 0.94 0.31</i>
                <i>1 0 0 0 1 0 0 0 1 0 0.94 0.31</i>
                <i>1 0 0 0 1 0 0 0 1 0 0.94 0.31</i>
                <i>1 0 0 0 1 0 0 0 1 0 0.94 0.31</i>
                <i>1 0 0 0 1 0 0 0 1 0 0.94 0.31</i>
                <i>1 0 0 0 1 0 0 0 1 0 0.94 0.31</i>
                <i>1 0 0 0 1 0 0 0 1 0 0.94 0.31</i>
                <i>1 0 0 0 1 0 0 0 1 0 0.94 0.31</i>
                <i>1 0 0 0 1 0 0 0 1 0 0.94 0.31</i>
                <i>1 0 0 0 1 0 0 0 1 0 0.94 0.31</i>
                <i>1 0 0 0 1 0 0 0 1 0 0.94 0.31</i>
                <i>1 0 0 0 1 0 0 0 1 0 0.94 0.31</i>
                <i>1 0 0 0 1 0 0 0 1 0 0.94 0.31</i>
                <i>1 0 0 0 1 0 0 0 1 0 0.94 0.31</i>
                <i>1 0 0 0 1 0 0 0 1 0 0.94 0.31</i>
                <i>1 0 0 0 1 0 0 0 1 0 0.94 0.31</i>
                <i>1 0 0 0 1 0 0 0 1 0 0.94 0.31</i>
                <i>1 0 0 0 1 0 0 0 1 0 0.94 0.31</i>
                <i>1 0 0 0 1 0 0 0 1 0 0.94 0.31</i>
                <i>1 0 0 0 1 0 0 0 1 0 0.94 0.31</i>
                <i>1 0 0 0 1 0 0 0 1 0 0.94 0.31</i>
                <i>1 0 0 0 1 0 0 0 1 0 0.94 0.31</i>
                <i>1 0 0 0 1 0 0 0 1 0 0.94 0.31</i>
                <i>1 0 0 0 1 0 0 0 1 0 0.94 0.31</i>
                <i>1 0 0 0 1 0 0 0 1 0 0.94 0.31</i>
                <i>1 0 0 0 1 0 0 0 1 0 0.94 0.31</i>
                <i>1 0 0 0 1 0 0 0 1 0 0.94 0.31</i>
                <i>1 0 0 0 1 0 0 0 1 0 0.94 0.31</i>
                <i>1 0 0 0 1 0 0 0 1 0 0.94 0.31</i>
                <i>1 0 0 0 1 0 0 0 1 0 0.94 0.31</i>
                <i>1 0 0 0 1 0 0 0 1 0 0.94 0.31</i>
                <i>1 0 0 0 1 0 0 0 1 0 0.94 0.31</i>
                <i>1 0 0 0 1 0 0 0 1 0 0.94 0.31</i>
                <i>1 0 0 0 1 0 0 0 1 0 0.94 0.31</i>
                <i>1 0 0 0 1 0 0 0 1 0 0.94 0.31</i>
                <i>1 0 0 0 1 0 0 0 1 0 0.94 0.31</i>
                <i>1 0 0 0 1 0 0 0 1 0 0.94 0.31</i>
                <i>1 0 0 0 1 0 0 0 1 0 0.94 0.31</i>
                <i>1 0 0 0 1 0 0 0 1 0 0.94 0.31</i>
                <i>1 0 0 0 1 0 0 0 1 0 0.94 0.31</i>
                <i>1 0 0 0 1 0 0 0 1 0 0.94 0.31</i>
                <i>1 0 0 0 1 0 0 0 1 0 0.94 0.31</i>
                <i>1 0 0 0 1 0 0 0 1 0 0.94 0.31</i>
                <i>1 0 0 0 1 0 0 0 1 0 0.94 0.31</i>
                <i>1 0 0 0 1 0 0 0 1 0 0.94 0.31</i>
                <i>1 0 0 0 1 0 0 0 1 0 0.94 0.31</i>
                <i>1 0 0 0 1 0 0 0 1 0 0.94 0.31</i>
                <i>1 0 0 0 1 0 0 0 1 0 0.94 0.31</i>
                <i>1 0 0 0 1 0 0 0 1 0 0.94 0.31</i>
                <i>1 0 0 0 1 0 0 0 1 0 0.94 0.31</i>
                <i>1 0 0 0 1 0 0 0 1 0 0.94 0.31</i>
                <i>1 0 0 0 1 0 0 0 1 0 0.94 0.31</i>
                <i>1 0 0 0 1 0 0 0 1 0 0.94 0.31</i>
                <i>1 0 0 0 1 0 0 0 1 0 0.94 0.31</i>
                <i>1 0 0 0 1 0 0 0 1 0 0.94 0.31</i>
                <i>1 0 0 0 1 0 0 0 1 0 0.94 0.31</i>
                <i>1 0 0 0 1 0 0 0 1 0 0.94 0.31</i>
                <i>1 0 0 0 1 0 0 0 1 0 0.94 0.31</i>
                <i>1 0 0 0 1 0 0 0 1 0 0.94 0.31</i>
                <i>1 0 0 0 1 0 0 0 1 0 0.94 0.31</i>
                <i>1 0 0 0 1 0 0 0 1 0 0.94 0.31</i>
                <i>1 0 0 0 1 0 0 0 1 0 0.94 0.31</i>
                <i>1 0 0 0 1 0 0 0 1 0 0.94 0.31</i>
                <i>1 0 0 0 1 0 0 0 1 0 0.94 0.31</i>
                <i>1 0 0 0 1 0 0 0 1 0 0.94 0.31</i>
                <i>1 0 0 0 1 0 0 0 1 0 0.94 0.31</i>
                <i>1 0 0 0 1 0 0 0 1 0 0.94 0.31</i>
                <i>1 0 0 0 1 0 0 0 1 0 0.94 0.31</i>
                <i>1 0 0 0 1 0 0 0 1 0 0.94 0.31</i>
                <i>1 0 0 0 1 0 0 0 1 0 0.94 0.31</i>
                <i>1 0 0 0 1 0 0 0 1 0 0.94 0.31</i>
                <i>1 0 0 0 1 0 0 0 1 0 0.94 0.31</i>
                <i>1 0 0 0 1 0 0 0 1 0 0.94 0.31</i>
                <i>1 0 0 0 1 0 0 0 1 0 0.94 0.31</i>
                <i>1 0 0 0 1 0 0 0 1 0 0.94 0.31</i>
                <i>1 0 0 0 1 0 0 0 1 0 0.94 0.31</i>
                <i>1 0 0 0 1 0 0 0 1 0 0.94 0.31</i>
                <i>1 0 0 0 1 0 0 0 1 0 0.94 0.31</i>
                <i>1 0 0 0 1 0 0 0 1 0 0.94 0.31</i>
                <i>1 0 0 0 1 0 0 0 1 0 0.94 0.31</i>
                <i>1 0 0 0 1 0 0 0 1 0 0.94 0.31</i>
                <i>1 0 0 0 1 0 0 0 1 0 0.94 0.31</i>
                <i>1 0 0 0 1 0 0 0 1 0 0.94 0.31</i>
                <i>1 0 0 0 1 0 0 0 1 0 0.94 0.31</i>
                <i>1 0 0 0 1 0 0 0 1 0 0.94 0.31</i>
                <i>1 0 0 0 1 0 0 0 1 0 0.94 0.31</i>
                <i>1 0 0 0 1 0 0 0 1 0 0.94 0.31</i>
                <i>1 0 0 0 1 0 0 0 1 0 0.94 0.31</i>
                <i>1 0 0 0 1 0 0 0 1 0 0.94 0.31</i>
                <i>1 0 0 0 1 0 0 0 1 0 0.94 0.31</i>
                <i>1 0 0 0 1 0 0 0 1 0 0.94 0.31</i>
                <i>1 0 0 0 1 0 0 0 1 0 0.94 0.31</i>
                <i>1 0 0 0 1 0 0 0 1 0 0.94 0.31</i>
                <i>1 0 0 0 1 0 0 0 1 0 0.94 0.31</i>
                <i>1 0 0 0 1 0 0 0 1 0 0.94 0.31</i>
                <i>1 0 0 0 1 0 0 0 1 0 0.94 0.31</i>
                <i>1 0 0 0 1 0 0 0 1 0 0.94 0.31</i>
                <i>1 0 0 0 1 0 0 0 1 0 0.94 0.31</i>
                <i>1 0 0 0 1 0 0 0 1 0 0.94 0.31</i>
            </KeyFrames>
        </RefFrame>
        <Bones count="10">
            <i>
                <p>
                    <Name><![CDATA[at_at4spigot_root]]></Name>
                    <Exclude>0</Exclude>
                    <Additive>0</Additive>
                    <IKPriority>0</IKPriority>
                    <IKRotLimits>-1e+010 -1e+010 -1e+010 1e+010 1e+010 1e+010</IKRotLimits>
                    <IKRotLimitOrder>0</IKRotLimitOrder>
                    <KeyFrames count="120">
                        <i>1 0 0 0 1 0 0 0 1 0 0.941946 0.310825</i>
                        <i>1 0 0 0 1 0 0 0 1 0 0.941946 0.310825</i>
                        <i>1 0 0 0 1 0 0 0 1 0 0.941946 0.310825</i>
                        <i>1 0 0 0 1 0 0 0 1 0 0.941946 0.310825</i>
                        <i>1 0 0 0 1 0 0 0 1 0 0.941946 0.310825</i>
                        <i>1 0 0 0 1 0 0 0 1 0 0.941946 0.310825</i>
                        <i>1 0 0 0 1 0 0 0 1 0 0.941946 0.310825</i>
                        <i>1 0 0 0 1 0 0 0 1 0 0.941946 0.310825</i>
                        <i>1 0 0 0 1 0 0 0 1 0 0.941946 0.310825</i>
                        <i>1 0 0 0 1 0 0 0 1 0 0.941946 0.310825</i>
                        <i>1 0 0 0 1 0 0 0 1 0 0.941946 0.310825</i>
                        <i>1 0 0 0 1 0 0 0 1 0 0.941946 0.310825</i>
                        <i>1 0 0 0 1 0 0 0 1 0 0.941946 0.310825</i>
                        <i>1 0 0 0 1 0 0 0 1 0 0.941946 0.310825</i>
                        <i>1 0 0 0 1 0 0 0 1 0 0.941946 0.310825</i>
                        <i>1 0 0 0 1 0 0 0 1 0 0.941946 0.310825</i>
                        <i>1 0 0 0 1 0 0 0 1 0 0.941946 0.310825</i>
                        <i>1 0 0 0 1 0 0 0 1 0 0.941946 0.310825</i>
                        <i>1 0 0 0 1 0 0 0 1 0 0.941946 0.310825</i>
                        <i>1 0 0 0 1 0 0 0 1 0 0.941946 0.310825</i>
                        <i>1 0 0 0 1 0 0 0 1 0 0.941946 0.310825</i>
                        <i>1 0 0 0 1 0 0 0 1 0 0.941946 0.310825</i>
                        <i>1 0 0 0 1 0 0 0 1 0 0.941946 0.310825</i>
                        <i>1 0 0 0 1 0 0 0 1 0 0.941946 0.310825</i>
                        <i>1 0 0 0 1 0 0 0 1 0 0.941946 0.310825</i>
                        <i>1 0 0 0 1 0 0 0 1 0 0.941946 0.310825</i>
                        <i>1 0 0 0 1 0 0 0 1 0 0.941946 0.310825</i>
                        <i>1 0 0 0 1 0 0 0 1 0 0.941946 0.310825</i>
                        <i>1 0 0 0 1 0 0 0 1 0 0.941946 0.310825</i>
                        <i>1 0 0 0 1 0 0 0 1 0 0.941946 0.310825</i>
                        <i>1 0 0 0 1 0 0 0 1 0 0.941946 0.310825</i>
                        <i>1 0 0 0 1 0 0 0 1 0 0.941946 0.310825</i>
                        <i>1 0 0 0 1 0 0 0 1 0 0.941946 0.310825</i>
                        <i>1 0 0 0 1 0 0 0 1 0 0.941946 0.310825</i>
                        <i>1 0 0 0 1 0 0 0 1 0 0.941946 0.310825</i>
                        <i>1 0 0 0 1 0 0 0 1 0 0.941946 0.310825</i>
                        <i>1 0 0 0 1 0 0 0 1 0 0.941946 0.310825</i>
                        <i>1 0 0 0 1 0 0 0 1 0 0.941946 0.310825</i>
                        <i>1 0 0 0 1 0 0 0 1 0 0.941946 0.310825</i>
                        <i>1 0 0 0 1 0 0 0 1 0 0.941946 0.310825</i>
                        <i>1 0 0 0 1 0 0 0 1 0 0.941946 0.310825</i>
                        <i>1 0 0 0 1 0 0 0 1 0 0.941946 0.310825</i>
                        <i>1 0 0 0 1 0 0 0 1 0 0.941946 0.310825</i>
                        <i>1 0 0 0 1 0 0 0 1 0 0.941946 0.310825</i>
                        <i>1 0 0 0 1 0 0 0 1 0 0.941946 0.310825</i>
                        <i>1 0 0 0 1 0 0 0 1 0 0.941946 0.310825</i>
                        <i>1 0 0 0 1 0 0 0 1 0 0.941946 0.310825</i>
                        <i>1 0 0 0 1 0 0 0 1 0 0.941946 0.310825</i>
                        <i>1 0 0 0 1 0 0 0 1 0 0.941946 0.310825</i>
                        <i>1 0 0 0 1 0 0 0 1 0 0.941946 0.310825</i>
                        <i>1 0 0 0 1 0 0 0 1 0 0.941946 0.310825</i>
                        <i>1 0 0 0 1 0 0 0 1 0 0.941946 0.310825</i>
                        <i>1 0 0 0 1 0 0 0 1 0 0.941946 0.310825</i>
                        <i>1 0 0 0 1 0 0 0 1 0 0.941946 0.310825</i>
                        <i>1 0 0 0 1 0 0 0 1 0 0.941946 0.310825</i>
                        <i>1 0 0 0 1 0 0 0 1 0 0.941946 0.310825</i>
                        <i>1 0 0 0 1 0 0 0 1 0 0.941946 0.310825</i>
                        <i>1 0 0 0 1 0 0 0 1 0 0.941946 0.310825</i>
                        <i>1 0 0 0 1 0 0 0 1 0 0.941946 0.310825</i>
                        <i>1 0 0 0 1 0 0 0 1 0 0.941946 0.310825</i>
                        <i>1 0 0 0 1 0 0 0 1 0 0.941946 0.310825</i>
                        <i>1 0 0 0 1 0 0 0 1 0 0.941946 0.310825</i>
                        <i>1 0 0 0 1 0 0 0 1 0 0.941946 0.310825</i>
                        <i>1 0 0 0 1 0 0 0 1 0 0.941946 0.310825</i>
                        <i>1 0 0 0 1 0 0 0 1 0 0.941946 0.310825</i>
                        <i>1 0 0 0 1 0 0 0 1 0 0.941946 0.310825</i>
                        <i>1 0 0 0 1 0 0 0 1 0 0.941946 0.310825</i>
                        <i>1 0 0 0 1 0 0 0 1 0 0.941946 0.310825</i>
                        <i>1 0 0 0 1 0 0 0 1 0 0.941946 0.310825</i>
                        <i>1 0 0 0 1 0 0 0 1 0 0.941946 0.310825</i>
                        <i>1 0 0 0 1 0 0 0 1 0 0.941946 0.310825</i>
                        <i>1 0 0 0 1 0 0 0 1 0 0.941946 0.310825</i>
                        <i>1 0 0 0 1 0 0 0 1 0 0.941946 0.310825</i>
                        <i>1 0 0 0 1 0 0 0 1 0 0.941946 0.310825</i>
                        <i>1 0 0 0 1 0 0 0 1 0 0.941946 0.310825</i>
                        <i>1 0 0 0 1 0 0 0 1 0 0.941946 0.310825</i>
                        <i>1 0 0 0 1 0 0 0 1 0 0.941946 0.310825</i>
                        <i>1 0 0 0 1 0 0 0 1 0 0.941946 0.310825</i>
                        <i>1 0 0 0 1 0 0 0 1 0 0.941946 0.310825</i>
                        <i>1 0 0 0 1 0 0 0 1 0 0.941946 0.310825</i>
                        <i>1 0 0 0 1 0 0 0 1 0 0.941946 0.310825</i>
                        <i>1 0 0 0 1 0 0 0 1 0 0.941946 0.310825</i>
                        <i>1 0 0 0 1 0 0 0 1 0 0.941946 0.310825</i>
                        <i>1 0 0 0 1 0 0 0 1 0 0.941946 0.310825</i>
                        <i>1 0 0 0 1 0 0 0 1 0 0.941946 0.310825</i>
                        <i>1 0 0 0 1 0 0 0 1 0 0.941946 0.310825</i>
                        <i>1 0 0 0 1 0 0 0 1 0 0.941946 0.310825</i>
                        <i>1 0 0 0 1 0 0 0 1 0 0.941946 0.310825</i>
                        <i>1 0 0 0 1 0 0 0 1 0 0.941946 0.310825</i>
                        <i>1 0 0 0 1 0 0 0 1 0 0.941946 0.310825</i>
                        <i>1 0 0 0 1 0 0 0 1 0 0.941946 0.310825</i>
                        <i>1 0 0 0 1 0 0 0 1 0 0.941946 0.310825</i>
                        <i>1 0 0 0 1 0 0 0 1 0 0.941946 0.310825</i>
                        <i>1 0 0 0 1 0 0 0 1 0 0.941946 0.310825</i>
                        <i>1 0 0 0 1 0 0 0 1 0 0.941946 0.310825</i>
                        <i>1 0 0 0 1 0 0 0 1 0 0.941946 0.310825</i>
                        <i>1 0 0 0 1 0 0 0 1 0 0.941946 0.310825</i>
                        <i>1 0 0 0 1 0 0 0 1 0 0.941946 0.310825</i>
                        <i>1 0 0 0 1 0 0 0 1 0 0.941946 0.310825</i>
                        <i>1 0 0 0 1 0 0 0 1 0 0.941946 0.310825</i>
                        <i>1 0 0 0 1 0 0 0 1 0 0.941946 0.310825</i>
                        <i>1 0 0 0 1 0 0 0 1 0 0.941946 0.310825</i>
                        <i>1 0 0 0 1 0 0 0 1 0 0.941946 0.310825</i>
                        <i>1 0 0 0 1 0 0 0 1 0 0.941946 0.310825</i>
                        <i>1 0 0 0 1 0 0 0 1 0 0.941946 0.310825</i>
                        <i>1 0 0 0 1 0 0 0 1 0 0.941946 0.310825</i>
                        <i>1 0 0 0 1 0 0 0 1 0 0.941946 0.310825</i>
                        <i>1 0 0 0 1 0 0 0 1 0 0.941946 0.310825</i>
                        <i>1 0 0 0 1 0 0 0 1 0 0.941946 0.310825</i>
                        <i>1 0 0 0 1 0 0 0 1 0 0.941946 0.310825</i>
                        <i>1 0 0 0 1 0 0 0 1 0 0.941946 0.310825</i>
                        <i>1 0 0 0 1 0 0 0 1 0 0.941946 0.310825</i>
                        <i>1 0 0 0 1 0 0 0 1 0 0.941946 0.310825</i>
                        <i>1 0 0 0 1 0 0 0 1 0 0.941946 0.310825</i>
                        <i>1 0 0 0 1 0 0 0 1 0 0.941946 0.310825</i>
                        <i>1 0 0 0 1 0 0 0 1 0 0.941946 0.310825</i>
                        <i>1 0 0 0 1 0 0 0 1 0 0.941946 0.310825</i>
                        <i>1 0 0 0 1 0 0 0 1 0 0.941946 0.310825</i>
                        <i>1 0 0 0 1 0 0 0 1 0 0.941946 0.310825</i>
                        <i>1 0 0 0 1 0 0 0 1 0 0.941946 0.310825</i>
                    </KeyFrames>
                </p>
            </i>
            <i>
                <p>
                    <Name><![CDATA[rotate]]></Name>
                    <Exclude>0</Exclude>
                    <Additive>0</Additive>
                    <IKPriority>0</IKPriority>
                    <IKRotLimits>-1e+010 -1e+010 -1e+010 1e+010 1e+010 1e+010</IKRotLimits>
                    <IKRotLimitOrder>0</IKRotLimitOrder>
                    <KeyFrames count="120">
                        <i>1 0 0 0 1 0 0 0 1 0 1.64114 0.0116255</i>
                        <i>1 0 0 0 1 0 0 0 1 0 1.64114 0.0116255</i>
                        <i>1 0 0 0 1 0 0 0 1 0 1.64114 0.0116255</i>
                        <i>1 0 0 0 1 0 0 0 1 0 1.64114 0.0116255</i>
                        <i>1 0 0 0 1 0 0 0 1 0 1.64114 0.0116255</i>
                        <i>1 0 0 0 1 0 0 0 1 0 1.64114 0.0116255</i>
                        <i>1 0 0 0 1 0 0 0 1 0 1.64114 0.0116255</i>
                        <i>1 0 0 0 1 0 0 0 1 0 1.64114 0.0116255</i>
                        <i>1 0 0 0 1 0 0 0 1 0 1.64114 0.0116255</i>
                        <i>1 0 0 0 1 0 0 0 1 0 1.64114 0.0116255</i>
                        <i>1 0 0 0 1 0 0 0 1 0 1.64114 0.0116255</i>
                        <i>1 0 0 0 1 0 0 0 1 0 1.64114 0.0116255</i>
                        <i>1 0 0 0 1 0 0 0 1 0 1.64114 0.0116255</i>
                        <i>1 0 0 0 1 0 0 0 1 0 1.64114 0.0116255</i>
                        <i>1 0 0 0 1 0 0 0 1 0 1.64114 0.0116255</i>
                        <i>0.999976 0 -0.00695214 0 1 0 0.00695214 0 0.999976 0 1.64114 0.0116255</i>
                        <i>0.999649 0 -0.0265122 0 1 0 0.0265122 0 0.999649 0 1.64114 0.0116255</i>
                        <i>0.99839 0 -0.0567188 0 1 0 0.0567188 0 0.99839 0 1.64114 0.0116255</i>
                        <i>0.995423 0 -0.0955677 0 1 0 0.0955677 0 0.995423 0 1.64114 0.0116255</i>
                        <i>0.99001 0 -0.140997 0 1 0 0.140997 0 0.99001 0 1.64114 0.0116255</i>
                        <i>0.98161 0 -0.190895 0 1 0 0.190895 0 0.98161 0 1.64114 0.0116255</i>
                        <i>0.969994 0 -0.243129 0 1 0 0.243129 0 0.969994 0 1.64114 0.0116255</i>
                        <i>0.955314 0 -0.295592 0 1 0 0.295592 0 0.955314 0 1.64114 0.0116255</i>
                        <i>0.938135 0 -0.346269 0 1 0 0.346269 0 0.938135 0 1.64114 0.0116255</i>
                        <i>0.919419 0 -0.39328 0 1 0 0.39328 0 0.919419 0 1.64114 0.0116255</i>
                        <i>0.900468 0 -0.434922 0 1 0 0.434922 0 0.900468 0 1.64114 0.0116255</i>
                        <i>0.882842 0 -0.469669 0 1 0 0.469669 0 0.882842 0 1.64114 0.0116255</i>
                        <i>0.868241 0 -0.496142 0 1 0 0.496142 0 0.868241 0 1.64114 0.0116255</i>
                        <i>0.85837 0 -0.513032 0 1 0 0.513032 0 0.85837 0 1.64114 0.0116255</i>
                        <i>0.854782 0 -0.518987 0 1 0 0.518987 0 0.854782 0 1.64114 0.0116255</i>
                        <i>0.854782 0 -0.518987 0 1 0 0.518987 0 0.854782 0 1.64114 0.0116255</i>
                        <i>0.854782 0 -0.518987 0 1 0 0.518987 0 0.854782 0 1.64114 0.0116255</i>
                        <i>0.854782 0 -0.518987 0 1 0 0.518987 0 0.854782 0 1.64114 0.0116255</i>
                        <i>0.854782 0 -0.518987 0 1 0 0.518987 0 0.854782 0 1.64114 0.0116255</i>
                        <i>0.854782 0 -0.518987 0 1 0 0.518987 0 0.854782 0 1.64114 0.0116255</i>
                        <i>0.854782 0 -0.518987 0 1 0 0.518987 0 0.854782 0 1.64114 0.0116255</i>
                        <i>0.854782 0 -0.518987 0 1 0 0.518987 0 0.854782 0 1.64114 0.0116255</i>
                        <i>0.854782 0 -0.518987 0 1 0 0.518987 0 0.854782 0 1.64114 0.0116255</i>
                        <i>0.854782 0 -0.518987 0 1 0 0.518987 0 0.854782 0 1.64114 0.0116255</i>
                        <i>0.854782 0 -0.518987 0 1 0 0.518987 0 0.854782 0 1.64114 0.0116255</i>
                        <i>0.854782 0 -0.518987 0 1 0 0.518987 0 0.854782 0 1.64114 0.0116255</i>
                        <i>0.854782 0 -0.518987 0 1 0 0.518987 0 0.854782 0 1.64114 0.0116255</i>
                        <i>0.854782 0 -0.518987 0 1 0 0.518987 0 0.854782 0 1.64114 0.0116255</i>
                        <i>0.854782 0 -0.518987 0 1 0 0.518987 0 0.854782 0 1.64114 0.0116255</i>
                        <i>0.854782 0 -0.518987 0 1 0 0.518987 0 0.854782 0 1.64114 0.0116255</i>
                        <i>0.854782 0 -0.518987 0 1 0 0.518987 0 0.854782 0 1.64114 0.0116255</i>
                        <i>0.854782 0 -0.518987 0 1 0 0.518987 0 0.854782 0 1.64114 0.0116255</i>
                        <i>0.854782 0 -0.518987 0 1 0 0.518987 0 0.854782 0 1.64114 0.0116255</i>
                        <i>0.854782 0 -0.518987 0 1 0 0.518987 0 0.854782 0 1.64114 0.0116255</i>
                        <i>0.854782 0 -0.518987 0 1 0 0.518987 0 0.854782 0 1.64114 0.0116255</i>
                        <i>0.858758 0 -0.512381 0 1 0 0.512381 0 0.858758 0 1.64114 0.0116255</i>
                        <i>0.869855 0 -0.493307 0 1 0 0.493307 0 0.869855 0 1.64114 0.0116255</i>
                        <i>0.886506 0 -0.462717 0 1 0 0.462717 0 0.886506 0 1.64114 0.0116255</i>
                        <i>0.906845 0 -0.421465 0 1 0 0.421465 0 0.906845 0 1.64114 0.0116255</i>
                        <i>0.928853 0 -0.370449 0 1 0 0.370449 0 0.928853 0 1.64114 0.0116255</i>
                        <i>0.950503 0 -0.310717 0 1 0 0.310717 0 0.950503 0 1.64114 0.0116255</i>
                        <i>0.969889 0 -0.243547 0 1 0 0.243547 0 0.969889 0 1.64114 0.0116255</i>
                        <i>0.985362 0 -0.170473 0 1 0 0.170473 0 0.985362 0 1.64114 0.0116255</i>
                        <i>0.995641 0 -0.0932719 0 1 0 0.0932719 0 0.995641 0 1.64114 0.0116255</i>
                        <i>0.999903 0 -0.0139099 0 1 0 0.0139099 0 0.999903 0 1.64114 0.0116255</i>
                        <i>0.99785 0 0.0655399 0 1 0 -0.0655399 0 0.99785 0 1.64114 0.0116255</i>
                        <i>0.989723 0 0.142997 0 1 0 -0.142997 0 0.989723 0 1.64114 0.0116255</i>
                        <i>0.976289 0 0.216473 0 1 0 -0.216473 0 0.976289 0 1.64114 0.0116255</i>
                        <i>0.958778 0 0.284157 0 1 0 -0.284157 0 0.958778 0 1.64114 0.0116255</i>
                        <i>0.938798 0 0.344467 0 1 0 -0.344467 0 0.938798 0 1.64114 0.0116255</i>
                        <i>0.918218 0 0.396076 0 1 0 -0.396076 0 0.918218 0 1.64114 0.0116255</i>
                        <i>0.899035 0 0.437877 0 1 0 -0.437877 0 0.899035 0 1.64114 0.0116255</i>
                        <i>0.883241 0 0.468919 0 1 0 -0.468919 0 0.883241 0 1.64114 0.0116255</i>
                        <i>0.872679 0 0.488294 0 1 0 -0.488294 0 0.872679 0 1.64114 0.0116255</i>
                        <i>0.868888 0 0.495008 0 1 0 -0.495008 0 0.868888 0 1.64114 0.0116255</i>
                        <i>0.868888 0 0.495008 0 1 0 -0.495008 0 0.868888 0 1.64114 0.0116255</i>
                        <i>0.868888 0 0.495008 0 1 0 -0.495008 0 0.868888 0 1.64114 0.0116255</i>
                        <i>0.868888 0 0.495008 0 1 0 -0.495008 0 0.868888 0 1.64114 0.0116255</i>
                        <i>0.868888 0 0.495008 0 1 0 -0.495008 0 0.868888 0 1.64114 0.0116255</i>
                        <i>0.868888 0 0.495008 0 1 0 -0.495008 0 0.868888 0 1.64114 0.0116255</i>
                        <i>0.868888 0 0.495008 0 1 0 -0.495008 0 0.868888 0 1.64114 0.0116255</i>
                        <i>0.868888 0 0.495008 0 1 0 -0.495008 0 0.868888 0 1.64114 0.0116255</i>
                        <i>0.868888 0 0.495008 0 1 0 -0.495008 0 0.868888 0 1.64114 0.0116255</i>
                        <i>0.868888 0 0.495008 0 1 0 -0.495008 0 0.868888 0 1.64114 0.0116255</i>
                        <i>0.868888 0 0.495008 0 1 0 -0.495008 0 0.868888 0 1.64114 0.0116255</i>
                        <i>0.868888 0 0.495008 0 1 0 -0.495008 0 0.868888 0 1.64114 0.0116255</i>
                        <i>0.868888 0 0.495008 0 1 0 -0.495008 0 0.868888 0 1.64114 0.0116255</i>
                        <i>0.868888 0 0.495008 0 1 0 -0.495008 0 0.868888 0 1.64114 0.0116255</i>
                        <i>0.868888 0 0.495008 0 1 0 -0.495008 0 0.868888 0 1.64114 0.0116255</i>
                        <i>0.868888 0 0.495008 0 1 0 -0.495008 0 0.868888 0 1.64114 0.0116255</i>
                        <i>0.868888 0 0.495008 0 1 0 -0.495008 0 0.868888 0 1.64114 0.0116255</i>
                        <i>0.868888 0 0.495008 0 1 0 -0.495008 0 0.868888 0 1.64114 0.0116255</i>
                        <i>0.868888 0 0.495008 0 1 0 -0.495008 0 0.868888 0 1.64114 0.0116255</i>
                        <i>0.868888 0 0.495008 0 1 0 -0.495008 0 0.868888 0 1.64114 0.0116255</i>
                        <i>0.868888 0 0.495008 0 1 0 -0.495008 0 0.868888 0 1.64114 0.0116255</i>
                        <i>0.870741 0 0.491743 0 1 0 -0.491743 0 0.870741 0 1.64114 0.0116255</i>
                        <i>0.875974 0 0.482358 0 1 0 -0.482358 0 0.875974 0 1.64114 0.0116255</i>
                        <i>0.884028 0 0.467434 0 1 0 -0.467434 0 0.884028 0 1.64114 0.0116255</i>
                        <i>0.894275 0 0.447519 0 1 0 -0.447519 0 0.894275 0 1.64114 0.0116255</i>
                        <i>0.906054 0 0.423161 0 1 0 -0.423161 0 0.906054 0 1.64114 0.0116255</i>
                        <i>0.918712 0 0.394929 0 1 0 -0.394929 0 0.918712 0 1.64114 0.0116255</i>
                        <i>0.931623 0 0.363425 0 1 0 -0.363425 0 0.931623 0 1.64114 0.0116255</i>
                        <i>0.944225 0 0.329301 0 1 0 -0.329301 0 0.944225 0 1.64114 0.0116255</i>
                        <i>0.956034 0 0.293256 0 1 0 -0.293256 0 0.956034 0 1.64114 0.0116255</i>
                        <i>0.966666 0 0.256039 0 1 0 -0.256039 0 0.966666 0 1.64114 0.0116255</i>
                        <i>0.975851 0 0.218438 0 1 0 -0.218438 0 0.975851 0 1.64114 0.0116255</i>
                        <i>0.983433 0 0.181273 0 1 0 -0.181273 0 0.983433 0 1.64114 0.0116255</i>
                        <i>0.989375 0 0.145386 0 1 0 -0.145386 0 0.989375 0 1.64114 0.0116255</i>
                        <i>0.993751 0 0.111621 0 1 0 -0.111621 0 0.993751 0 1.64114 0.0116255</i>
                        <i>0.996728 0 0.080825 0 1 0 -0.080825 0 0.996728 0 1.64114 0.0116255</i>
                        <i>0.99855 0 0.0538299 0 1 0 -0.0538299 0 0.99855 0 1.64114 0.0116255</i>
                        <i>0.999505 0 0.0314539 0 1 0 -0.0314539 0 0.999505 0 1.64114 0.0116255</i>
                        <i>0.999895 0 0.0144992 0 1 0 -0.0144992 0 0.999895 0 1.64114 0.0116255</i>
                        <i>0.999993 0 0.00375436 0 1 0 -0.00375436 0 0.999993 0 1.64114 0.0116255</i>
                        <i>1 0 0 0 1 0 0 0 1 0 1.64114 0.0116255</i>
                        <i>1 0 0 0 1 0 0 0 1 0 1.64114 0.0116255</i>
                        <i>1 0 0 0 1 0 0 0 1 0 1.64114 0.0116255</i>
                        <i>1 0 0 0 1 0 0 0 1 0 1.64114 0.0116255</i>
                        <i>1 0 0 0 1 0 0 0 1 0 1.64114 0.0116255</i>
                        <i>1 0 0 0 1 0 0 0 1 0 1.64114 0.0116255</i>
                        <i>1 0 0 0 1 0 0 0 1 0 1.64114 0.0116255</i>
                        <i>1 0 0 0 1 0 0 0 1 0 1.64114 0.0116255</i>
                        <i>1 0 0 0 1 0 0 0 1 0 1.64114 0.0116255</i>
                        <i>1 0 0 0 1 0 0 0 1 0 1.64114 0.0116255</i>
                        <i>1 0 0 0 1 0 0 0 1 0 1.64114 0.0116255</i>
                    </KeyFrames>
                </p>
            </i>
            <i>
                <p>
                    <Name><![CDATA[pitch]]></Name>
                    <Exclude>0</Exclude>
                    <Additive>0</Additive>
                    <IKPriority>0</IKPriority>
                    <IKRotLimits>-1e+010 -1e+010 -1e+010 1e+010 1e+010 1e+010</IKRotLimits>
                    <IKRotLimitOrder>0</IKRotLimitOrder>
                    <KeyFrames count="120">
                        <i>1 0 0 0 1 0 0 0 1 0 2.57153 0.0497236</i>
                        <i>1 0 0 0 1 0 0 0 1 0 2.57153 0.0497236</i>
                        <i>1 0 0 0 1 0 0 0 1 0 2.57153 0.0497236</i>
                        <i>1 0 0 0 1 0 0 0 1 0 2.57153 0.0497236</i>
                        <i>1 0 0 0 1 0 0 0 1 0 2.57153 0.0497236</i>
                        <i>1 0 0 0 1 0 0 0 1 0 2.57153 0.0497236</i>
                        <i>1 0 0 0 1 0 0 0 1 0 2.57153 0.0497236</i>
                        <i>1 0 0 0 1 0 0 0 1 0 2.57153 0.0497236</i>
                        <i>1 0 0 0 1 0 0 0 1 0 2.57153 0.0497236</i>
                        <i>1 0 0 0 1 0 0 0 1 0 2.57153 0.0497236</i>
                        <i>1 0 0 0 1 0 0 0 1 0 2.57153 0.0497236</i>
                        <i>1 0 0 0 1 0 0 0 1 0 2.57153 0.0497236</i>
                        <i>1 0 0 0 1 0 0 0 1 0 2.57153 0.0497236</i>
                        <i>1 0 0 0 1 0 0 0 1 0 2.57153 0.0497236</i>
                        <i>1 0 0 0 1 0 0 0 1 0 2.57153 0.0497236</i>
                        <i>0.999976 0 -0.00695214 0 1 0 0.00695214 0 0.999976 0.000264859 2.57153 0.0497227</i>
                        <i>0.999649 0 -0.0265122 0 1 0 0.0265122 0 0.999649 0.00101005 2.57153 0.0497103</i>
                        <i>0.99839 0 -0.0567188 0 1 0 0.0567188 0 0.99839 0.00216084 2.57153 0.0496623</i>
                        <i>0.995423 0 -0.0955677 0 1 0 0.0955677 0 0.995423 0.00364089 2.57153 0.0495493</i>
                        <i>0.99001 0 -0.140997 0 1 0 0.140997 0 0.99001 0.00537164 2.57153 0.049343</i>
                        <i>0.98161 0 -0.190895 0 1 0 0.190895 0 0.98161 0.00727263 2.57153 0.049023</i>
                        <i>0.969994 0 -0.243129 0 1 0 0.243129 0 0.969994 0.00926258 2.57153 0.0485805</i>
                        <i>0.955314 0 -0.295592 0 1 0 0.295592 0 0.955314 0.0112613 2.57153 0.0480212</i>
                        <i>0.938135 0 -0.346269 0 1 0 0.346269 0 0.938135 0.013192 2.57153 0.0473668</i>
                        <i>0.919419 0 -0.39328 0 1 0 0.39328 0 0.919419 0.014983 2.57153 0.0466537</i>
                        <i>0.900468 0 -0.434922 0 1 0 0.434922 0 0.900468 0.0165694 2.57153 0.0459317</i>
                        <i>0.882842 0 -0.469669 0 1 0 0.469669 0 0.882842 0.0178932 2.57153 0.0452602</i>
                        <i>0.868241 0 -0.496142 0 1 0 0.496142 0 0.868241 0.0189018 2.57153 0.044704</i>
                        <i>0.85837 0 -0.513032 0 1 0 0.513032 0 0.85837 0.0195452 2.57153 0.0443279</i>
                        <i>0.854782 0 -0.518987 0 1 0 0.518987 0 0.854782 0.0197721 2.57153 0.0441912</i>
                        <i>0.854782 0 -0.518987 -0.00564139 0.999941 -0.00929149 0.518956 0.01087 0.854732 0.0197721 2.57153 0.0441912</i>
                        <i>0.854782 0 -0.518987 -0.0112822 0.999764 -0.0185819 0.518864 0.0217388 0.85458 0.0197721 2.57153 0.0441912</i>
                        <i>0.854782 0 -0.518987 -0.00835745 0.99987 -0.0137649 0.51892 0.0161034 0.854671 0.0197721 2.57153 0.0441912</i>
                        <i>0.854782 0 -0.518987 -0.00292522 0.999984 -0.00481789 0.518979 0.0056364 0.854769 0.0197721 2.57153 0.0441912</i>
                        <i>0.854782 0 -0.518987 0 1 0 0.518987 0 0.854782 0.0197721 2.57153 0.0441912</i>
                        <i>0.854782 0 -0.518987 0 1 0 0.518987 0 0.854782 0.0197721 2.57153 0.0441912</i>
                        <i>0.854782 0 -0.518987 0 1 0 0.518987 0 0.854782 0.0197721 2.57153 0.0441912</i>
                        <i>0.854782 0 -0.518987 0 1 0 0.518987 0 0.854782 0.0197721 2.57153 0.0441912</i>
                        <i>0.854782 0 -0.518987 0 1 0 0.518987 0 0.854782 0.0197721 2.57153 0.0441912</i>
                        <i>0.854782 0 -0.518987 0 1 0 0.518987 0 0.854782 0.0197721 2.57153 0.0441912</i>
                        <i>0.854782 0 -0.518987 0 1 0 0.518987 0 0.854782 0.0197721 2.57153 0.0441912</i>
                        <i>0.854782 0 -0.518987 0 1 0 0.518987 0 0.854782 0.0197721 2.57153 0.0441912</i>
                        <i>0.854782 0 -0.518987 0 1 0 0.518987 0 0.854782 0.0197721 2.57153 0.0441912</i>
                        <i>0.854782 0 -0.518987 0 1 0 0.518987 0 0.854782 0.0197721 2.57153 0.0441912</i>
                        <i>0.854782 0 -0.518987 0 1 0 0.518987 0 0.854782 0.0197721 2.57153 0.0441912</i>
                        <i>0.854782 0 -0.518987 0 1 0 0.518987 0 0.854782 0.0197721 2.57153 0.0441912</i>
                        <i>0.854782 0 -0.518987 0 1 0 0.518987 0 0.854782 0.0197721 2.57153 0.0441912</i>
                        <i>0.854782 0 -0.518987 0 1 0 0.518987 0 0.854782 0.0197721 2.57153 0.0441912</i>
                        <i>0.854782 0 -0.518987 0 1 0 0.518987 0 0.854782 0.0197721 2.57153 0.0441912</i>
                        <i>0.854782 0 -0.518987 0 1 0 0.518987 0 0.854782 0.0197721 2.57153 0.0441912</i>
                        <i>0.858758 0 -0.512381 0 1 0 0.512381 0 0.858758 0.0195204 2.57153 0.0443427</i>
                        <i>0.869855 0 -0.493307 0 1 0 0.493307 0 0.869855 0.0187937 2.57153 0.0447655</i>
                        <i>0.886506 0 -0.462717 0 1 0 0.462717 0 0.886506 0.0176283 2.57153 0.0453998</i>
                        <i>0.906845 0 -0.421465 0 1 0 0.421465 0 0.906845 0.0160568 2.57153 0.0461747</i>
                        <i>0.928853 0 -0.370449 0 1 0 0.370449 0 0.928853 0.0141131 2.57153 0.0470131</i>
                        <i>0.950503 0 -0.310717 0 1 0 0.310717 0 0.950503 0.0118375 2.57153 0.0478379</i>
                        <i>0.969889 0 -0.243547 0 1 0 0.243547 0 0.969889 0.00927853 2.57153 0.0485765</i>
                        <i>0.985362 0 -0.170473 0 1 0 0.170473 0 0.985362 0.0064946 2.57153 0.049166</i>
                        <i>0.995641 0 -0.0932719 0 1 0 0.0932719 0 0.995641 0.00355342 2.57153 0.0495576</i>
                        <i>0.999903 0 -0.0139099 0 1 0 0.0139099 0 0.999903 0.000529932 2.57153 0.04972</i>
                        <i>0.99785 0 0.0655399 0 1 0 -0.0655399 0 0.99785 -0.0024969 2.57153 0.0496417</i>
                        <i>0.989723 0 0.142997 0 1 0 -0.142997 0 0.989723 -0.00544782 2.57153 0.0493321</i>
                        <i>0.976289 0 0.216473 0 1 0 -0.216473 0 0.976289 -0.00824707 2.57153 0.0488203</i>
                        <i>0.958778 0 0.284157 0 1 0 -0.284157 0 0.958778 -0.0108256 2.57153 0.0481532</i>
                        <i>0.938798 0 0.344467 0 1 0 -0.344467 0 0.938798 -0.0131233 2.57153 0.047392</i>
                        <i>0.918218 0 0.396076 0 1 0 -0.396076 0 0.918218 -0.0150895 2.57153 0.0466079</i>
                        <i>0.899035 0 0.437877 0 1 0 -0.437877 0 0.899035 -0.016682 2.57153 0.0458771</i>
                        <i>0.883241 0 0.468919 0 1 0 -0.468919 0 0.883241 -0.0178646 2.57153 0.0452754</i>
                        <i>0.872679 0 0.488294 0 1 0 -0.488294 0 0.872679 -0.0186028 2.57153 0.044873</i>
                        <i>0.868888 0 0.495008 0 1 0 -0.495008 0 0.868888 -0.0188586 2.57153 0.0447286</i>
                        <i>0.868888 0 0.495008 0.00538073 0.999941 -0.0094448 -0.494979 0.01087 0.868837 -0.0188586 2.57153 0.0447286</i>
                        <i>0.868888 0 0.495008 0.0107609 0.999764 -0.0188886 -0.494891 0.0217388 0.868683 -0.0188586 2.57153 0.0447286</i>
                        <i>0.868888 0 0.495008 0.00797131 0.99987 -0.013992 -0.494944 0.0161034 0.868776 -0.0188586 2.57153 0.0447286</i>
                        <i>0.868888 0 0.495008 0.00279006 0.999984 -0.0048974 -0.495001 0.0056364 0.868874 -0.0188586 2.57153 0.0447286</i>
                        <i>0.868888 0 0.495008 0 1 0 -0.495008 0 0.868888 -0.0188586 2.57153 0.0447286</i>
                        <i>0.868888 0 0.495008 0 1 0 -0.495008 0 0.868888 -0.0188586 2.57153 0.0447286</i>
                        <i>0.868888 0 0.495008 0 1 0 -0.495008 0 0.868888 -0.0188586 2.57153 0.0447286</i>
                        <i>0.868888 0 0.495008 0 1 0 -0.495008 0 0.868888 -0.0188586 2.57153 0.0447286</i>
                        <i>0.868888 0 0.495008 0 1 0 -0.495008 0 0.868888 -0.0188586 2.57153 0.0447286</i>
                        <i>0.868888 0 0.495008 0 1 0 -0.495008 0 0.868888 -0.0188586 2.57153 0.0447286</i>
                        <i>0.868888 0 0.495008 0 1 0 -0.495008 0 0.868888 -0.0188586 2.57153 0.0447286</i>
                        <i>0.868888 0 0.495008 0 1 0 -0.495008 0 0.868888 -0.0188586 2.57153 0.0447286</i>
                        <i>0.868888 0 0.495008 0 1 0 -0.495008 0 0.868888 -0.0188586 2.57153 0.0447286</i>
                        <i>0.868888 0 0.495008 0 1 0 -0.495008 0 0.868888 -0.0188586 2.57153 0.0447286</i>
                        <i>0.868888 0 0.495008 0 1 0 -0.495008 0 0.868888 -0.0188586 2.57153 0.0447286</i>
                        <i>0.868888 0 0.495008 0 1 0 -0.495008 0 0.868888 -0.0188586 2.57153 0.0447286</i>
                        <i>0.868888 0 0.495008 0 1 0 -0.495008 0 0.868888 -0.0188586 2.57153 0.0447286</i>
                        <i>0.868888 0 0.495008 0 1 0 -0.495008 0 0.868888 -0.0188586 2.57153 0.0447286</i>
                        <i>0.868888 0 0.495008 0 1 0 -0.495008 0 0.868888 -0.0188586 2.57153 0.0447286</i>
                        <i>0.868888 0 0.495008 0 1 0 -0.495008 0 0.868888 -0.0188586 2.57153 0.0447286</i>
                        <i>0.870741 0 0.491743 0 1 0 -0.491743 0 0.870741 -0.0187341 2.57153 0.0447992</i>
                        <i>0.875974 0 0.482358 0 1 0 -0.482358 0 0.875974 -0.0183766 2.57153 0.0449986</i>
                        <i>0.884028 0 0.467434 0 1 0 -0.467434 0 0.884028 -0.017808 2.57153 0.0453054</i>
                        <i>0.894275 0 0.447519 0 1 0 -0.447519 0 0.894275 -0.0170493 2.57153 0.0456958</i>
                        <i>0.906054 0 0.423161 0 1 0 -0.423161 0 0.906054 -0.0161214 2.57153 0.0461446</i>
                        <i>0.918712 0 0.394929 0 1 0 -0.394929 0 0.918712 -0.0150458 2.57153 0.0466268</i>
                        <i>0.931623 0 0.363425 0 1 0 -0.363425 0 0.931623 -0.0138456 2.57153 0.0471187</i>
                        <i>0.944225 0 0.329301 0 1 0 -0.329301 0 0.944225 -0.0125455 2.57153 0.0475988</i>
                        <i>0.956034 0 0.293256 0 1 0 -0.293256 0 0.956034 -0.0111723 2.57153 0.0480486</i>
                        <i>0.966666 0 0.256039 0 1 0 -0.256039 0 0.966666 -0.00975443 2.57153 0.0484537</i>
                        <i>0.975851 0 0.218438 0 1 0 -0.218438 0 0.975851 -0.00832193 2.57153 0.0488036</i>
                        <i>0.983433 0 0.181273 0 1 0 -0.181273 0 0.983433 -0.00690606 2.57153 0.0490925</i>
                        <i>0.989375 0 0.145386 0 1 0 -0.145386 0 0.989375 -0.00553882 2.57153 0.0493189</i>
                        <i>0.993751 0 0.111621 0 1 0 -0.111621 0 0.993751 -0.00425249 2.57153 0.0494856</i>
                        <i>0.996728 0 0.080825 0 1 0 -0.080825 0 0.996728 -0.00307923 2.57153 0.049599</i>
                        <i>0.99855 0 0.0538299 0 1 0 -0.0538299 0 0.99855 -0.00205078 2.57153 0.0496684</i>
                        <i>0.999505 0 0.0314539 0 1 0 -0.0314539 0 0.999505 -0.00119831 2.57153 0.0497048</i>
                        <i>0.999895 0 0.0144992 0 1 0 -0.0144992 0 0.999895 -0.000552383 2.57153 0.0497196</i>
                        <i>0.999993 0 0.00375436 0 1 0 -0.00375436 0 0.999993 -0.000143031 2.57153 0.0497234</i>
                        <i>1 0 0 0 1 0 0 0 1 0 2.57153 0.0497236</i>
                        <i>1 0 0 0 0.999941 -0.01087 0 0.01087 0.999941 0 2.57153 0.0497236</i>
                        <i>1 0 0 0 0.999764 -0.0217388 0 0.0217388 0.999764 0 2.57153 0.0497236</i>
                        <i>1 0 0 0 0.99987 -0.0161034 0 0.0161034 0.99987 0 2.57153 0.0497236</i>
                        <i>1 0 0 0 0.999984 -0.0056364 0 0.0056364 0.999984 0 2.57153 0.0497236</i>
                        <i>1 0 0 0 1 0 0 0 1 0 2.57153 0.0497236</i>
                        <i>1 0 0 0 1 0 0 0 1 0 2.57153 0.0497236</i>
                        <i>1 0 0 0 1 0 0 0 1 0 2.57153 0.0497236</i>
                        <i>1 0 0 0 1 0 0 0 1 0 2.57153 0.0497236</i>
                        <i>1 0 0 0 1 0 0 0 1 0 2.57153 0.0497236</i>
