<?xml version="1.0" encoding="ISO-8859-1" ?>
<Animl Version="1">
    <ModellingPackage><![CDATA[Maya.2010]]></ModellingPackage>
    <SrcFile><![CDATA[anims\turrets\antitank\red\~src\at_at4spigot\at_at4spigot_reload_low.mb]]></SrcFile>
    <FramesPerSecond>30</FramesPerSecond>
    <TotalFrames>120</TotalFrames>
    <Skeleton>
        <RefFrame>
            <Name><![CDATA[at_at4spigot_ref_frame]]></Name>
            <Exclude>0</Exclude>
            <Additive>0</Additive>
            <IKPriority>0</IKPriority>
            <IKRotLimits>-1e+010 -1e+010 -1e+010 1e+010 1e+010 1e+010</IKRotLimits>
            <IKRotLimitOrder>0</IKRotLimitOrder>
            <KeyFrames count="120">
                <i>1 0 0 0 1 0 0 0 1 0 0.94 0.31</i>
                <i>1 0 0 0 1 0 0 0 1 0 0.94 0.31</i>
                <i>1 0 0 0 1 0 0 0 1 0 0.94 0.31</i>
                <i>1 0 0 0 1 0 0 0 1 0 0.94 0.31</i>
                <i>1 0 0 0 1 0 0 0 1 0 0.94 0.31</i>
                <i>1 0 0 0 1 0 0 0 1 0 0.94 0.31</i>
                <i>1 0 0 0 1 0 0 0 1 0 0.94 0.31</i>
                <i>1 0 0 0 1 0 0 0 1 0 0.94 0.31</i>
                <i>1 0 0 0 1 0 0 0 1 0 0.94 0.31</i>
                <i>1 0 0 0 1 0 0 0 1 0 0.94 0.31</i>
                <i>1 0 0 0 1 0 0 0 1 0 0.94 0.31</i>
                <i>1 0 0 0 1 0 0 0 1 0 0.94 0.31</i>
                <i>1 0 0 0 1 0 0 0 1 0 0.94 0.31</i>
                <i>1 0 0 0 1 0 0 0 1 0 0.94 0.31</i>
                <i>1 0 0 0 1 0 0 0 1 0 0.94 0.31</i>
                <i>1 0 0 0 1 0 0 0 1 0 0.94 0.31</i>
                <i>1 0 0 0 1 0 0 0 1 0 0.94 0.31</i>
                <i>1 0 0 0 1 0 0 0 1 0 0.94 0.31</i>
                <i>1 0 0 0 1 0 0 0 1 0 0.94 0.31</i>
                <i>1 0 0 0 1 0 0 0 1 0 0.94 0.31</i>
                <i>1 0 0 0 1 0 0 0 1 0 0.94 0.31</i>
                <i>1 0 0 0 1 0 0 0 1 0 0.94 0.31</i>
                <i>1 0 0 0 1 0 0 0 1 0 0.94 0.31</i>
                <i>1 0 0 0 1 0 0 0 1 0 0.94 0.31</i>
                <i>1 0 0 0 1 0 0 0 1 0 0.94 0.31</i>
                <i>1 0 0 0 1 0 0 0 1 0 0.94 0.31</i>
                <i>1 0 0 0 1 0 0 0 1 0 0.94 0.31</i>
                <i>1 0 0 0 1 0 0 0 1 0 0.94 0.31</i>
                <i>1 0 0 0 1 0 0 0 1 0 0.94 0.31</i>
                <i>1 0 0 0 1 0 0 0 1 0 0.94 0.31</i>
                <i>1 0 0 0 1 0 0 0 1 0 0.94 0.31</i>
                <i>1 0 0 0 1 0 0 0 1 0 0.94 0.31</i>
                <i>1 0 0 0 1 0 0 0 1 0 0.94 0.31</i>
                <i>1 0 0 0 1 0 0 0 1 0 0.94 0.31</i>
                <i>1 0 0 0 1 0 0 0 1 0 0.94 0.31</i>
                <i>1 0 0 0 1 0 0 0 1 0 0.94 0.31</i>
                <i>1 0 0 0 1 0 0 0 1 0 0.94 0.31</i>
                <i>1 0 0 0 1 0 0 0 1 0 0.94 0.31</i>
                <i>1 0 0 0 1 0 0 0 1 0 0.94 0.31</i>
                <i>1 0 0 0 1 0 0 0 1 0 0.94 0.31</i>
                <i>1 0 0 0 1 0 0 0 1 0 0.94 0.31</i>
                <i>1 0 0 0 1 0 0 0 1 0 0.94 0.31</i>
                <i>1 0 0 0 1 0 0 0 1 0 0.94 0.31</i>
                <i>1 0 0 0 1 0 0 0 1 0 0.94 0.31</i>
                <i>1 0 0 0 1 0 0 0 1 0 0.94 0.31</i>
                <i>1 0 0 0 1 0 0 0 1 0 0.94 0.31</i>
                <i>1 0 0 0 1 0 0 0 1 0 0.94 0.31</i>
                <i>1 0 0 0 1 0 0 0 1 0 0.94 0.31</i>
                <i>1 0 0 0 1 0 0 0 1 0 0.94 0.31</i>
                <i>1 0 0 0 1 0 0 0 1 0 0.94 0.31</i>
                <i>1 0 0 0 1 0 0 0 1 0 0.94 0.31</i>
                <i>1 0 0 0 1 0 0 0 1 0 0.94 0.31</i>
                <i>1 0 0 0 1 0 0 0 1 0 0.94 0.31</i>
                <i>1 0 0 0 1 0 0 0 1 0 0.94 0.31</i>
                <i>1 0 0 0 1 0 0 0 1 0 0.94 0.31</i>
                <i>1 0 0 0 1 0 0 0 1 0 0.94 0.31</i>
                <i>1 0 0 0 1 0 0 0 1 0 0.94 0.31</i>
                <i>1 0 0 0 1 0 0 0 1 0 0.94 0.31</i>
                <i>1 0 0 0 1 0 0 0 1 0 0.94 0.31</i>
                <i>1 0 0 0 1 0 0 0 1 0 0.94 0.31</i>
                <i>1 0 0 0 1 0 0 0 1 0 0.94 0.31</i>
                <i>1 0 0 0 1 0 0 0 1 0 0.94 0.31</i>
                <i>1 0 0 0 1 0 0 0 1 0 0.94 0.31</i>
                <i>1 0 0 0 1 0 0 0 1 0 0.94 0.31</i>
                <i>1 0 0 0 1 0 0 0 1 0 0.94 0.31</i>
                <i>1 0 0 0 1 0 0 0 1 0 0.94 0.31</i>
                <i>1 0 0 0 1 0 0 0 1 0 0.94 0.31</i>
                <i>1 0 0 0 1 0 0 0 1 0 0.94 0.31</i>
                <i>1 0 0 0 1 0 0 0 1 0 0.94 0.31</i>
                <i>1 0 0 0 1 0 0 0 1 0 0.94 0.31</i>
                <i>1 0 0 0 1 0 0 0 1 0 0.94 0.31</i>
                <i>1 0 0 0 1 0 0 0 1 0 0.94 0.31</i>
                <i>1 0 0 0 1 0 0 0 1 0 0.94 0.31</i>
                <i>1 0 0 0 1 0 0 0 1 0 0.94 0.31</i>
                <i>1 0 0 0 1 0 0 0 1 0 0.94 0.31</i>
                <i>1 0 0 0 1 0 0 0 1 0 0.94 0.31</i>
                <i>1 0 0 0 1 0 0 0 1 0 0.94 0.31</i>
                <i>1 0 0 0 1 0 0 0 1 0 0.94 0.31</i>
                <i>1 0 0 0 1 0 0 0 1 0 0.94 0.31</i>
                <i>1 0 0 0 1 0 0 0 1 0 0.94 0.31</i>
                <i>1 0 0 0 1 0 0 0 1 0 0.94 0.31</i>
                <i>1 0 0 0 1 0 0 0 1 0 0.94 0.31</i>
                <i>1 0 0 0 1 0 0 0 1 0 0.94 0.31</i>
                <i>1 0 0 0 1 0 0 0 1 0 0.94 0.31</i>
                <i>1 0 0 0 1 0 0 0 1 0 0.94 0.31</i>
                <i>1 0 0 0 1 0 0 0 1 0 0.94 0.31</i>
                <i>1 0 0 0 1 0 0 0 1 0 0.94 0.31</i>
                <i>1 0 0 0 1 0 0 0 1 0 0.94 0.31</i>
                <i>1 0 0 0 1 0 0 0 1 0 0.94 0.31</i>
                <i>1 0 0 0 1 0 0 0 1 0 0.94 0.31</i>
                <i>1 0 0 0 1 0 0 0 1 0 0.94 0.31</i>
                <i>1 0 0 0 1 0 0 0 1 0 0.94 0.31</i>
                <i>1 0 0 0 1 0 0 0 1 0 0.94 0.31</i>
                <i>1 0 0 0 1 0 0 0 1 0 0.94 0.31</i>
                <i>1 0 0 0 1 0 0 0 1 0 0.94 0.31</i>
                <i>1 0 0 0 1 0 0 0 1 0 0.94 0.31</i>
                <i>1 0 0 0 1 0 0 0 1 0 0.94 0.31</i>
                <i>1 0 0 0 1 0 0 0 1 0 0.94 0.31</i>
                <i>1 0 0 0 1 0 0 0 1 0 0.94 0.31</i>
                <i>1 0 0 0 1 0 0 0 1 0 0.94 0.31</i>
                <i>1 0 0 0 1 0 0 0 1 0 0.94 0.31</i>
                <i>1 0 0 0 1 0 0 0 1 0 0.94 0.31</i>
                <i>1 0 0 0 1 0 0 0 1 0 0.94 0.31</i>
                <i>1 0 0 0 1 0 0 0 1 0 0.94 0.31</i>
                <i>1 0 0 0 1 0 0 0 1 0 0.94 0.31</i>
                <i>1 0 0 0 1 0 0 0 1 0 0.94 0.31</i>
                <i>1 0 0 0 1 0 0 0 1 0 0.94 0.31</i>
                <i>1 0 0 0 1 0 0 0 1 0 0.94 0.31</i>
                <i>1 0 0 0 1 0 0 0 1 0 0.94 0.31</i>
                <i>1 0 0 0 1 0 0 0 1 0 0.94 0.31</i>
                <i>1 0 0 0 1 0 0 0 1 0 0.94 0.31</i>
                <i>1 0 0 0 1 0 0 0 1 0 0.94 0.31</i>
                <i>1 0 0 0 1 0 0 0 1 0 0.94 0.31</i>
                <i>1 0 0 0 1 0 0 0 1 0 0.94 0.31</i>
                <i>1 0 0 0 1 0 0 0 1 0 0.94 0.31</i>
                <i>1 0 0 0 1 0 0 0 1 0 0.94 0.31</i>
                <i>1 0 0 0 1 0 0 0 1 0 0.94 0.31</i>
                <i>1 0 0 0 1 0 0 0 1 0 0.94 0.31</i>
                <i>1 0 0 0 1 0 0 0 1 0 0.94 0.31</i>
                <i>1 0 0 0 1 0 0 0 1 0 0.94 0.31</i>
            </KeyFrames>
        </RefFrame>
        <Bones count="10">
            <i>
                <p>
                    <Name><![CDATA[at_at4spigot_root]]></Name>
                    <Exclude>0</Exclude>
                    <Additive>0</Additive>
                    <IKPriority>0</IKPriority>
                    <IKRotLimits>-1e+010 -1e+010 -1e+010 1e+010 1e+010 1e+010</IKRotLimits>
                    <IKRotLimitOrder>0</IKRotLimitOrder>
                    <KeyFrames count="120">
                        <i>1 0 0 0 1 0 0 0 1 0 0.941946 0.310825</i>
                        <i>1 0 0 0 1 0 0 0 1 0 0.941946 0.310825</i>
                        <i>1 0 0 0 1 0 0 0 1 0 0.941946 0.310825</i>
                        <i>1 0 0 0 1 0 0 0 1 0 0.941946 0.310825</i>
                        <i>1 0 0 0 1 0 0 0 1 0 0.941946 0.310825</i>
                        <i>1 0 0 0 1 0 0 0 1 0 0.941946 0.310825</i>
                        <i>1 0 0 0 1 0 0 0 1 0 0.941946 0.310825</i>
                        <i>1 0 0 0 1 0 0 0 1 0 0.941946 0.310825</i>
                        <i>1 0 0 0 1 0 0 0 1 0 0.941946 0.310825</i>
                        <i>1 0 0 0 1 0 0 0 1 0 0.941946 0.310825</i>
                        <i>1 0 0 0 1 0 0 0 1 0 0.941946 0.310825</i>
                        <i>1 0 0 0 1 0 0 0 1 0 0.941946 0.310825</i>
                        <i>1 0 0 0 1 0 0 0 1 0 0.941946 0.310825</i>
                        <i>1 0 0 0 1 0 0 0 1 0 0.941946 0.310825</i>
                        <i>1 0 0 0 1 0 0 0 1 0 0.941946 0.310825</i>
                        <i>1 0 0 0 1 0 0 0 1 0 0.941946 0.310825</i>
                        <i>1 0 0 0 1 0 0 0 1 0 0.941946 0.310825</i>
                        <i>1 0 0 0 1 0 0 0 1 0 0.941946 0.310825</i>
                        <i>1 0 0 0 1 0 0 0 1 0 0.941946 0.310825</i>
                        <i>1 0 0 0 1 0 0 0 1 0 0.941946 0.310825</i>
                        <i>1 0 0 0 1 0 0 0 1 0 0.941946 0.310825</i>
                        <i>1 0 0 0 1 0 0 0 1 0 0.941946 0.310825</i>
                        <i>1 0 0 0 1 0 0 0 1 0 0.941946 0.310825</i>
                        <i>1 0 0 0 1 0 0 0 1 0 0.941946 0.310825</i>
                        <i>1 0 0 0 1 0 0 0 1 0 0.941946 0.310825</i>
                        <i>1 0 0 0 1 0 0 0 1 0 0.941946 0.310825</i>
                        <i>1 0 0 0 1 0 0 0 1 0 0.941946 0.310825</i>
                        <i>1 0 0 0 1 0 0 0 1 0 0.941946 0.310825</i>
                        <i>1 0 0 0 1 0 0 0 1 0 0.941946 0.310825</i>
                        <i>1 0 0 0 1 0 0 0 1 0 0.941946 0.310825</i>
                        <i>1 0 0 0 1 0 0 0 1 0 0.941946 0.310825</i>
                        <i>1 0 0 0 1 0 0 0 1 0 0.941946 0.310825</i>
                        <i>1 0 0 0 1 0 0 0 1 0 0.941946 0.310825</i>
                        <i>1 0 0 0 1 0 0 0 1 0 0.941946 0.310825</i>
                        <i>1 0 0 0 1 0 0 0 1 0 0.941946 0.310825</i>
                        <i>1 0 0 0 1 0 0 0 1 0 0.941946 0.310825</i>
                        <i>1 0 0 0 1 0 0 0 1 0 0.941946 0.310825</i>
                        <i>1 0 0 0 1 0 0 0 1 0 0.941946 0.310825</i>
                        <i>1 0 0 0 1 0 0 0 1 0 0.941946 0.310825</i>
                        <i>1 0 0 0 1 0 0 0 1 0 0.941946 0.310825</i>
                        <i>1 0 0 0 1 0 0 0 1 0 0.941946 0.310825</i>
                        <i>1 0 0 0 1 0 0 0 1 0 0.941946 0.310825</i>
                        <i>1 0 0 0 1 0 0 0 1 0 0.941946 0.310825</i>
                        <i>1 0 0 0 1 0 0 0 1 0 0.941946 0.310825</i>
                        <i>1 0 0 0 1 0 0 0 1 0 0.941946 0.310825</i>
                        <i>1 0 0 0 1 0 0 0 1 0 0.941946 0.310825</i>
                        <i>1 0 0 0 1 0 0 0 1 0 0.941946 0.310825</i>
                        <i>1 0 0 0 1 0 0 0 1 0 0.941946 0.310825</i>
                        <i>1 0 0 0 1 0 0 0 1 0 0.941946 0.310825</i>
                        <i>1 0 0 0 1 0 0 0 1 0 0.941946 0.310825</i>
                        <i>1 0 0 0 1 0 0 0 1 0 0.941946 0.310825</i>
                        <i>1 0 0 0 1 0 0 0 1 0 0.941946 0.310825</i>
                        <i>1 0 0 0 1 0 0 0 1 0 0.941946 0.310825</i>
                        <i>1 0 0 0 1 0 0 0 1 0 0.941946 0.310825</i>
                        <i>1 0 0 0 1 0 0 0 1 0 0.941946 0.310825</i>
                        <i>1 0 0 0 1 0 0 0 1 0 0.941946 0.310825</i>
                        <i>1 0 0 0 1 0 0 0 1 0 0.941946 0.310825</i>
                        <i>1 0 0 0 1 0 0 0 1 0 0.941946 0.310825</i>
                        <i>1 0 0 0 1 0 0 0 1 0 0.941946 0.310825</i>
                        <i>1 0 0 0 1 0 0 0 1 0 0.941946 0.310825</i>
                        <i>1 0 0 0 1 0 0 0 1 0 0.941946 0.310825</i>
                        <i>1 0 0 0 1 0 0 0 1 0 0.941946 0.310825</i>
                        <i>1 0 0 0 1 0 0 0 1 0 0.941946 0.310825</i>
                        <i>1 0 0 0 1 0 0 0 1 0 0.941946 0.310825</i>
                        <i>1 0 0 0 1 0 0 0 1 0 0.941946 0.310825</i>
                        <i>1 0 0 0 1 0 0 0 1 0 0.941946 0.310825</i>
                        <i>1 0 0 0 1 0 0 0 1 0 0.941946 0.310825</i>
                        <i>1 0 0 0 1 0 0 0 1 0 0.941946 0.310825</i>
                        <i>1 0 0 0 1 0 0 0 1 0 0.941946 0.310825</i>
                        <i>1 0 0 0 1 0 0 0 1 0 0.941946 0.310825</i>
                        <i>1 0 0 0 1 0 0 0 1 0 0.941946 0.310825</i>
                        <i>1 0 0 0 1 0 0 0 1 0 0.941946 0.310825</i>
                        <i>1 0 0 0 1 0 0 0 1 0 0.941946 0.310825</i>
                        <i>1 0 0 0 1 0 0 0 1 0 0.941946 0.310825</i>
                        <i>1 0 0 0 1 0 0 0 1 0 0.941946 0.310825</i>
                        <i>1 0 0 0 1 0 0 0 1 0 0.941946 0.310825</i>
                        <i>1 0 0 0 1 0 0 0 1 0 0.941946 0.310825</i>
                        <i>1 0 0 0 1 0 0 0 1 0 0.941946 0.310825</i>
                        <i>1 0 0 0 1 0 0 0 1 0 0.941946 0.310825</i>
                        <i>1 0 0 0 1 0 0 0 1 0 0.941946 0.310825</i>
                        <i>1 0 0 0 1 0 0 0 1 0 0.941946 0.310825</i>
                        <i>1 0 0 0 1 0 0 0 1 0 0.941946 0.310825</i>
                        <i>1 0 0 0 1 0 0 0 1 0 0.941946 0.310825</i>
                        <i>1 0 0 0 1 0 0 0 1 0 0.941946 0.310825</i>
                        <i>1 0 0 0 1 0 0 0 1 0 0.941946 0.310825</i>
                        <i>1 0 0 0 1 0 0 0 1 0 0.941946 0.310825</i>
                        <i>1 0 0 0 1 0 0 0 1 0 0.941946 0.310825</i>
                        <i>1 0 0 0 1 0 0 0 1 0 0.941946 0.310825</i>
                        <i>1 0 0 0 1 0 0 0 1 0 0.941946 0.310825</i>
                        <i>1 0 0 0 1 0 0 0 1 0 0.941946 0.310825</i>
                        <i>1 0 0 0 1 0 0 0 1 0 0.941946 0.310825</i>
                        <i>1 0 0 0 1 0 0 0 1 0 0.941946 0.310825</i>
                        <i>1 0 0 0 1 0 0 0 1 0 0.941946 0.310825</i>
                        <i>1 0 0 0 1 0 0 0 1 0 0.941946 0.310825</i>
                        <i>1 0 0 0 1 0 0 0 1 0 0.941946 0.310825</i>
                        <i>1 0 0 0 1 0 0 0 1 0 0.941946 0.310825</i>
                        <i>1 0 0 0 1 0 0 0 1 0 0.941946 0.310825</i>
                        <i>1 0 0 0 1 0 0 0 1 0 0.941946 0.310825</i>
                        <i>1 0 0 0 1 0 0 0 1 0 0.941946 0.310825</i>
                        <i>1 0 0 0 1 0 0 0 1 0 0.941946 0.310825</i>
                        <i>1 0 0 0 1 0 0 0 1 0 0.941946 0.310825</i>
                        <i>1 0 0 0 1 0 0 0 1 0 0.941946 0.310825</i>
                        <i>1 0 0 0 1 0 0 0 1 0 0.941946 0.310825</i>
                        <i>1 0 0 0 1 0 0 0 1 0 0.941946 0.310825</i>
                        <i>1 0 0 0 1 0 0 0 1 0 0.941946 0.310825</i>
                        <i>1 0 0 0 1 0 0 0 1 0 0.941946 0.310825</i>
                        <i>1 0 0 0 1 0 0 0 1 0 0.941946 0.310825</i>
                        <i>1 0 0 0 1 0 0 0 1 0 0.941946 0.310825</i>
                        <i>1 0 0 0 1 0 0 0 1 0 0.941946 0.310825</i>
                        <i>1 0 0 0 1 0 0 0 1 0 0.941946 0.310825</i>
                        <i>1 0 0 0 1 0 0 0 1 0 0.941946 0.310825</i>
                        <i>1 0 0 0 1 0 0 0 1 0 0.941946 0.310825</i>
                        <i>1 0 0 0 1 0 0 0 1 0 0.941946 0.310825</i>
                        <i>1 0 0 0 1 0 0 0 1 0 0.941946 0.310825</i>
                        <i>1 0 0 0 1 0 0 0 1 0 0.941946 0.310825</i>
                        <i>1 0 0 0 1 0 0 0 1 0 0.941946 0.310825</i>
                        <i>1 0 0 0 1 0 0 0 1 0 0.941946 0.310825</i>
                        <i>1 0 0 0 1 0 0 0 1 0 0.941946 0.310825</i>
                        <i>1 0 0 0 1 0 0 0 1 0 0.941946 0.310825</i>
                        <i>1 0 0 0 1 0 0 0 1 0 0.941946 0.310825</i>
                    </KeyFrames>
                </p>
            </i>
            <i>
                <p>
                    <Name><![CDATA[rotate]]></Name>
                    <Exclude>0</Exclude>
                    <Additive>0</Additive>
                    <IKPriority>0</IKPriority>
                    <IKRotLimits>-1e+010 -1e+010 -1e+010 1e+010 1e+010 1e+010</IKRotLimits>
                    <IKRotLimitOrder>0</IKRotLimitOrder>
                    <KeyFrames count="120">
                        <i>1 0 0 0 1 0 0 0 1 0 1.64114 0.0116255</i>
                        <i>1 0 0 0 1 0 0 0 1 0 1.64114 0.0116255</i>
                        <i>1 0 0 0 1 0 0 0 1 0 1.64114 0.0116255</i>
                        <i>1 0 0 0 1 0 0 0 1 0 1.64114 0.0116255</i>
                        <i>1 0 0 0 1 0 0 0 1 0 1.64114 0.0116255</i>
                        <i>1 0 0 0 1 0 0 0 1 0 1.64114 0.0116255</i>
                        <i>1 0 0 0 1 0 0 0 1 0 1.64114 0.0116255</i>
                        <i>1 0 0 0 1 0 0 0 1 0 1.64114 0.0116255</i>
                        <i>1 0 0 0 1 0 0 0 1 0 1.64114 0.0116255</i>
                        <i>1 0 0 0 1 0 0 0 1 0 1.64114 0.0116255</i>
                        <i>1 0 0 0 1 0 0 0 1 0 1.64114 0.0116255</i>
                        <i>1 0 0 0 1 0 0 0 1 0 1.64114 0.0116255</i>
                        <i>1 0 0 0 1 0 0 0 1 0 1.64114 0.0116255</i>
                        <i>1 0 0 0 1 0 0 0 1 0 1.64114 0.0116255</i>
                        <i>1 0 0 0 1 0 0 0 1 0 1.64114 0.0116255</i>
                        <i>1 0 0 0 1 0 0 0 1 0 1.64114 0.0116255</i>
                        <i>1 0 0 0 1 0 0 0 1 0 1.64114 0.0116255</i>
                        <i>1 0 0 0 1 0 0 0 1 0 1.64114 0.0116255</i>
                        <i>1 0 0 0 1 0 0 0 1 0 1.64114 0.0116255</i>
                        <i>1 0 0 0 1 0 0 0 1 0 1.64114 0.0116255</i>
                        <i>1 0 0 0 1 0 0 0 1 0 1.64114 0.0116255</i>
                        <i>1 0 0 0 1 0 0 0 1 0 1.64114 0.0116255</i>
                        <i>1 0 0 0 1 0 0 0 1 0 1.64114 0.0116255</i>
                        <i>1 0 0 0 1 0 0 0 1 0 1.64114 0.0116255</i>
                        <i>1 0 0 0 1 0 0 0 1 0 1.64114 0.0116255</i>
                        <i>1 0 0 0 1 0 0 0 1 0 1.64114 0.0116255</i>
                        <i>1 0 0 0 1 0 0 0 1 0 1.64114 0.0116255</i>
                        <i>1 0 0 0 1 0 0 0 1 0 1.64114 0.0116255</i>
                        <i>1 0 0 0 1 0 0 0 1 0 1.64114 0.0116255</i>
                        <i>1 0 0 0 1 0 0 0 1 0 1.64114 0.0116255</i>
                        <i>1 0 0 0 1 0 0 0 1 0 1.64114 0.0116255</i>
                        <i>1 0 0 0 1 0 0 0 1 0 1.64114 0.0116255</i>
                        <i>1 0 0 0 1 0 0 0 1 0 1.64114 0.0116255</i>
                        <i>1 0 0 0 1 0 0 0 1 0 1.64114 0.0116255</i>
                        <i>1 0 0 0 1 0 0 0 1 0 1.64114 0.0116255</i>
                        <i>1 0 0 0 1 0 0 0 1 0 1.64114 0.0116255</i>
                        <i>1 0 0 0 1 0 0 0 1 0 1.64114 0.0116255</i>
                        <i>1 0 0 0 1 0 0 0 1 0 1.64114 0.0116255</i>
                        <i>1 0 0 0 1 0 0 0 1 0 1.64114 0.0116255</i>
                        <i>1 0 0 0 1 0 0 0 1 0 1.64114 0.0116255</i>
                        <i>1 0 0 0 1 0 0 0 1 0 1.64114 0.0116255</i>
                        <i>1 0 0 0 1 0 0 0 1 0 1.64114 0.0116255</i>
                        <i>1 0 0 0 1 0 0 0 1 0 1.64114 0.0116255</i>
                        <i>1 0 0 0 1 0 0 0 1 0 1.64114 0.0116255</i>
                        <i>1 0 0 0 1 0 0 0 1 0 1.64114 0.0116255</i>
                        <i>1 0 0 0 1 0 0 0 1 0 1.64114 0.0116255</i>
                        <i>1 0 0 0 1 0 0 0 1 0 1.64114 0.0116255</i>
                        <i>1 0 0 0 1 0 0 0 1 0 1.64114 0.0116255</i>
                        <i>1 0 0 0 1 0 0 0 1 0 1.64114 0.0116255</i>
                        <i>1 0 0 0 1 0 0 0 1 0 1.64114 0.0116255</i>
                        <i>1 0 0 0 1 0 0 0 1 0 1.64114 0.0116255</i>
                        <i>1 0 0 0 1 0 0 0 1 0 1.64114 0.0116255</i>
                        <i>1 0 0 0 1 0 0 0 1 0 1.64114 0.0116255</i>
                        <i>1 0 0 0 1 0 0 0 1 0 1.64114 0.0116255</i>
                        <i>1 0 0 0 1 0 0 0 1 0 1.64114 0.0116255</i>
                        <i>1 0 0 0 1 0 0 0 1 0 1.64114 0.0116255</i>
                        <i>1 0 0 0 1 0 0 0 1 0 1.64114 0.0116255</i>
                        <i>1 0 0 0 1 0 0 0 1 0 1.64114 0.0116255</i>
                        <i>1 0 0 0 1 0 0 0 1 0 1.64114 0.0116255</i>
                        <i>1 0 0 0 1 0 0 0 1 0 1.64114 0.0116255</i>
                        <i>1 0 0 0 1 0 0 0 1 0 1.64114 0.0116255</i>
                        <i>1 0 0 0 1 0 0 0 1 0 1.64114 0.0116255</i>
                        <i>1 0 0 0 1 0 0 0 1 0 1.64114 0.0116255</i>
                        <i>1 0 0 0 1 0 0 0 1 0 1.64114 0.0116255</i>
                        <i>1 0 0 0 1 0 0 0 1 0 1.64114 0.0116255</i>
                        <i>1 0 0 0 1 0 0 0 1 0 1.64114 0.0116255</i>
                        <i>1 0 0 0 1 0 0 0 1 0 1.64114 0.0116255</i>
                        <i>1 0 0 0 1 0 0 0 1 0 1.64114 0.0116255</i>
                        <i>1 0 0 0 1 0 0 0 1 0 1.64114 0.0116255</i>
                        <i>1 0 0 0 1 0 0 0 1 0 1.64114 0.0116255</i>
                        <i>1 0 0 0 1 0 0 0 1 0 1.64114 0.0116255</i>
                        <i>1 0 0 0 1 0 0 0 1 0 1.64114 0.0116255</i>
                        <i>1 0 0 0 1 0 0 0 1 0 1.64114 0.0116255</i>
                        <i>1 0 0 0 1 0 0 0 1 0 1.64114 0.0116255</i>
                        <i>1 0 0 0 1 0 0 0 1 0 1.64114 0.0116255</i>
                        <i>1 0 0 0 1 0 0 0 1 0 1.64114 0.0116255</i>
                        <i>1 0 0 0 1 0 0 0 1 0 1.64114 0.0116255</i>
                        <i>1 0 0 0 1 0 0 0 1 0 1.64114 0.0116255</i>
                        <i>1 0 0 0 1 0 0 0 1 0 1.64114 0.0116255</i>
                        <i>1 0 0 0 1 0 0 0 1 0 1.64114 0.0116255</i>
                        <i>1 0 0 0 1 0 0 0 1 0 1.64114 0.0116255</i>
                        <i>1 0 0 0 1 0 0 0 1 0 1.64114 0.0116255</i>
                        <i>1 0 0 0 1 0 0 0 1 0 1.64114 0.0116255</i>
                        <i>1 0 0 0 1 0 0 0 1 0 1.64114 0.0116255</i>
                        <i>1 0 0 0 1 0 0 0 1 0 1.64114 0.0116255</i>
                        <i>1 0 0 0 1 0 0 0 1 0 1.64114 0.0116255</i>
                        <i>1 0 0 0 1 0 0 0 1 0 1.64114 0.0116255</i>
                        <i>1 0 0 0 1 0 0 0 1 0 1.64114 0.0116255</i>
                        <i>1 0 0 0 1 0 0 0 1 0 1.64114 0.0116255</i>
                        <i>1 0 0 0 1 0 0 0 1 0 1.64114 0.0116255</i>
                        <i>1 0 0 0 1 0 0 0 1 0 1.64114 0.0116255</i>
                        <i>1 0 0 0 1 0 0 0 1 0 1.64114 0.0116255</i>
                        <i>1 0 0 0 1 0 0 0 1 0 1.64114 0.0116255</i>
                        <i>1 0 0 0 1 0 0 0 1 0 1.64114 0.0116255</i>
                        <i>1 0 0 0 1 0 0 0 1 0 1.64114 0.0116255</i>
                        <i>1 0 0 0 1 0 0 0 1 0 1.64114 0.0116255</i>
                        <i>1 0 0 0 1 0 0 0 1 0 1.64114 0.0116255</i>
                        <i>1 0 0 0 1 0 0 0 1 0 1.64114 0.0116255</i>
                        <i>1 0 0 0 1 0 0 0 1 0 1.64114 0.0116255</i>
                        <i>1 0 0 0 1 0 0 0 1 0 1.64114 0.0116255</i>
                        <i>1 0 0 0 1 0 0 0 1 0 1.64114 0.0116255</i>
                        <i>1 0 0 0 1 0 0 0 1 0 1.64114 0.0116255</i>
                        <i>1 0 0 0 1 0 0 0 1 0 1.64114 0.0116255</i>
                        <i>1 0 0 0 1 0 0 0 1 0 1.64114 0.0116255</i>
                        <i>1 0 0 0 1 0 0 0 1 0 1.64114 0.0116255</i>
                        <i>1 0 0 0 1 0 0 0 1 0 1.64114 0.0116255</i>
                        <i>1 0 0 0 1 0 0 0 1 0 1.64114 0.0116255</i>
                        <i>1 0 0 0 1 0 0 0 1 0 1.64114 0.0116255</i>
                        <i>1 0 0 0 1 0 0 0 1 0 1.64114 0.0116255</i>
                        <i>1 0 0 0 1 0 0 0 1 0 1.64114 0.0116255</i>
                        <i>1 0 0 0 1 0 0 0 1 0 1.64114 0.0116255</i>
                        <i>1 0 0 0 1 0 0 0 1 0 1.64114 0.0116255</i>
                        <i>1 0 0 0 1 0 0 0 1 0 1.64114 0.0116255</i>
                        <i>1 0 0 0 1 0 0 0 1 0 1.64114 0.0116255</i>
                        <i>1 0 0 0 1 0 0 0 1 0 1.64114 0.0116255</i>
                        <i>1 0 0 0 1 0 0 0 1 0 1.64114 0.0116255</i>
                        <i>1 0 0 0 1 0 0 0 1 0 1.64114 0.0116255</i>
                        <i>1 0 0 0 1 0 0 0 1 0 1.64114 0.0116255</i>
                        <i>1 0 0 0 1 0 0 0 1 0 1.64114 0.0116255</i>
                        <i>1 0 0 0 1 0 0 0 1 0 1.64114 0.0116255</i>
                    </KeyFrames>
                </p>
            </i>
            <i>
                <p>
                    <Name><![CDATA[pitch]]></Name>
                    <Exclude>0</Exclude>
                    <Additive>0</Additive>
                    <IKPriority>0</IKPriority>
                    <IKRotLimits>-1e+010 -1e+010 -1e+010 1e+010 1e+010 1e+010</IKRotLimits>
                    <IKRotLimitOrder>0</IKRotLimitOrder>
                    <KeyFrames count="120">
                        <i>1 0 0 0 0.984808 0.173648 0 -0.173648 0.984808 0 2.57153 0.0497236</i>
                        <i>1 0 0 0 0.990564 0.137051 0 -0.137051 0.990564 0 2.57153 0.0497236</i>
                        <i>1 0 0 0 0.995449 0.0952935 0 -0.0952935 0.995449 0 2.57153 0.0497236</i>
                        <i>1 0 0 0 0.998705 0.0508736 0 -0.0508736 0.998705 0 2.57153 0.0497236</i>
                        <i>1 0 0 0 0.99998 0.00635274 0 -0.00635274 0.99998 0 2.57153 0.0497236</i>
                        <i>1 0 0 0 0.999363 -0.0356847 0 0.0356847 0.999363 0 2.57153 0.0497236</i>
                        <i>1 0 0 0 0.997355 -0.0726777 0 0.0726777 0.997355 0 2.57153 0.0497236</i>
                        <i>1 0 0 0 0.994772 -0.10212 0 0.10212 0.994772 0 2.57153 0.0497236</i>
                        <i>1 0 0 0 0.992584 -0.121562 0 0.121562 0.992584 0 2.57153 0.0497236</i>
                        <i>1 0 0 0 0.991699 -0.128584 0 0.128584 0.991699 0 2.57153 0.0497236</i>
                        <i>1 0 0 0 0.990306 -0.138906 0 0.138906 0.990306 0 2.57153 0.0497236</i>
                        <i>1 0 0 0 0.988805 -0.149214 0 0.149214 0.988805 0 2.57153 0.0497236</i>
                        <i>1 0 0 0 0.990306 -0.138906 0 0.138906 0.990306 0 2.57153 0.0497236</i>
                        <i>1 0 0 0 0.991699 -0.128584 0 0.128584 0.991699 0 2.57153 0.0497236</i>
                        <i>1 0 0 0 0.991699 -0.128584 0 0.128584 0.991699 0 2.57153 0.0497236</i>
                        <i>1 0 0 0 0.991699 -0.128584 0 0.128584 0.991699 0 2.57153 0.0497236</i>
                        <i>1 0 0 0 0.991699 -0.128584 0 0.128584 0.991699 0 2.57153 0.0497236</i>
                        <i>1 0 0 0 0.991699 -0.128584 0 0.128584 0.991699 0 2.57153 0.0497236</i>
                        <i>1 0 0 0 0.991699 -0.128584 0 0.128584 0.991699 0 2.57153 0.0497236</i>
                        <i>1 0 0 0 0.991699 -0.128584 0 0.128584 0.991699 0 2.57153 0.0497236</i>
                        <i>1 0 0 0 0.991699 -0.128584 0 0.128584 0.991699 0 2.57153 0.0497236</i>
                        <i>1 0 0 0 0.991699 -0.128584 0 0.128584 0.991699 0 2.57153 0.0497236</i>
                        <i>1 0 0 0 0.991699 -0.128584 0 0.128584 0.991699 0 2.57153 0.0497236</i>
                        <i>1 0 0 0 0.991699 -0.128584 0 0.128584 0.991699 0 2.57153 0.0497236</i>
                        <i>1 0 0 0 0.991699 -0.128584 0 0.128584 0.991699 0 2.57153 0.0497236</i>
                        <i>1 0 0 0 0.991699 -0.128584 0 0.128584 0.991699 0 2.57153 0.0497236</i>
                        <i>1 0 0 0 0.991699 -0.128584 0 0.128584 0.991699 0 2.57153 0.0497236</i>
                        <i>1 0 0 0 0.991699 -0.128584 0 0.128584 0.991699 0 2.57153 0.0497236</i>
                        <i>1 0 0 0 0.991699 -0.128584 0 0.128584 0.991699 0 2.57153 0.0497236</i>
                        <i>1 0 0 0 0.991699 -0.128584 0 0.128584 0.991699 0 2.57153 0.0497236</i>
                        <i>1 0 0 0 0.991699 -0.128584 0 0.128584 0.991699 0 2.57153 0.0497236</i>
                        <i>1 0 0 0 0.991699 -0.128584 0 0.128584 0.991699 0 2.57153 0.0497236</i>
                        <i>1 0 0 0 0.991699 -0.128584 0 0.128584 0.991699 0 2.57153 0.0497236</i>
                        <i>1 0 0 0 0.991699 -0.128584 0 0.128584 0.991699 0 2.57153 0.0497236</i>
                        <i>1 0 0 0 0.991699 -0.128584 0 0.128584 0.991699 0 2.57153 0.0497236</i>
                        <i>1 0 0 0 0.991699 -0.128584 0 0.128584 0.991699 0 2.57153 0.0497236</i>
                        <i>1 0 0 0 0.991699 -0.128584 0 0.128584 0.991699 0 2.57153 0.0497236</i>
                        <i>1 0 0 0 0.991699 -0.128584 0 0.128584 0.991699 0 2.57153 0.0497236</i>
                        <i>1 0 0 0 0.991699 -0.128584 0 0.128584 0.991699 0 2.57153 0.0497236</i>
                        <i>1 0 0 0 0.991699 -0.128584 0 0.128584 0.991699 0 2.57153 0.0497236</i>
                        <i>1 0 0 0 0.991699 -0.128584 0 0.128584 0.991699 0 2.57153 0.0497236</i>
                        <i>1 0 0 0 0.991699 -0.128584 0 0.128584 0.991699 0 2.57153 0.0497236</i>
                        <i>1 0 0 0 0.991699 -0.128584 0 0.128584 0.991699 0 2.57153 0.0497236</i>
                        <i>1 0 0 0 0.991699 -0.128584 0 0.128584 0.991699 0 2.57153 0.0497236</i>
                        <i>1 0 0 0 0.991699 -0.128584 0 0.128584 0.991699 0 2.57153 0.0497236</i>
                        <i>1 0 0 0 0.991699 -0.128584 0 0.128584 0.991699 0 2.57153 0.0497236</i>
                        <i>1 0 0 0 0.991699 -0.128584 0 0.128584 0.991699 0 2.57153 0.0497236</i>
                        <i>1 0 0 0 0.991699 -0.128584 0 0.128584 0.991699 0 2.57153 0.0497236</i>
                        <i>1 0 0 0 0.991699 -0.128584 0 0.128584 0.991699 0 2.57153 0.0497236</i>
                        <i>1 0 0 0 0.991699 -0.128584 0 0.128584 0.991699 0 2.57153 0.0497236</i>
                        <i>1 0 0 0 0.991699 -0.128584 0 0.128584 0.991699 0 2.57153 0.0497236</i>
                        <i>1 0 0 0 0.991699 -0.128584 0 0.128584 0.991699 0 2.57153 0.0497236</i>
                        <i>1 0 0 0 0.991699 -0.128584 0 0.128584 0.991699 0 2.57153 0.0497236</i>
                        <i>1 0 0 0 0.991699 -0.128584 0 0.128584 0.991699 0 2.57153 0.0497236</i>
                        <i>1 0 0 0 0.991699 -0.128584 0 0.128584 0.991699 0 2.57153 0.0497236</i>
                        <i>1 0 0 0 0.991699 -0.128584 0 0.128584 0.991699 0 2.57153 0.0497236</i>
                        <i>1 0 0 0 0.991699 -0.128584 0 0.128584 0.991699 0 2.57153 0.0497236</i>
                        <i>1 0 0 0 0.991699 -0.128584 0 0.128584 0.991699 0 2.57153 0.0497236</i>
                        <i>1 0 0 0 0.991699 -0.128584 0 0.128584 0.991699 0 2.57153 0.0497236</i>
                        <i>1 0 0 0 0.991699 -0.128584 0 0.128584 0.991699 0 2.57153 0.0497236</i>
                        <i>1 0 0 0 0.991699 -0.128584 0 0.128584 0.991699 0 2.57153 0.0497236</i>
                        <i>1 0 0 0 0.991699 -0.128584 0 0.128584 0.991699 0 2.57153 0.0497236</i>
                        <i>1 0 0 0 0.991699 -0.128584 0 0.128584 0.991699 0 2.57153 0.0497236</i>
                        <i>1 0 0 0 0.991699 -0.128584 0 0.128584 0.991699 0 2.57153 0.0497236</i>
                        <i>1 0 0 0 0.991699 -0.128584 0 0.128584 0.991699 0 2.57153 0.0497236</i>
                        <i>1 0 0 0 0.991699 -0.128584 0 0.128584 0.991699 0 2.57153 0.0497236</i>
                        <i>1 0 0 0 0.991699 -0.128584 0 0.128584 0.991699 0 2.57153 0.0497236</i>
                        <i>1 0 0 0 0.991699 -0.128584 0 0.128584 0.991699 0 2.57153 0.0497236</i>
                        <i>1 0 0 0 0.991699 -0.128584 0 0.128584 0.991699 0 2.57153 0.0497236</i>
                        <i>1 0 0 0 0.991699 -0.128584 0 0.128584 0.991699 0 2.57153 0.0497236</i>
                        <i>1 0 0 0 0.994154 -0.107972 0 0.107972 0.994154 0 2.57153 0.0497236</i>
                        <i>1 0 0 0 0.996181 -0.0873138 0 0.0873138 0.996181 0 2.57153 0.0497236</i>
                        <i>1 0 0 0 0.995183 -0.0980307 0 0.0980307 0.995183 0 2.57153 0.0497236</i>
                        <i>1 0 0 0 0.993025 -0.117902 0 0.117902 0.993025 0 2.57153 0.0497236</i>
                        <i>1 0 0 0 0.991699 -0.128584 0 0.128584 0.991699 0 2.57153 0.0497236</i>
                        <i>1 0 0 0 0.991699 -0.128584 0 0.128584 0.991699 0 2.57153 0.0497236</i>
                        <i>1 0 0 0 0.991699 -0.128584 0 0.128584 0.991699 0 2.57153 0.0497236</i>
                        <i>1 0 0 0 0.991699 -0.128584 0 0.128584 0.991699 0 2.57153 0.0497236</i>
                        <i>1 0 0 0 0.991699 -0.128584 0 0.128584 0.991699 0 2.57153 0.0497236</i>
                        <i>1 0 0 0 0.991699 -0.128584 0 0.128584 0.991699 0 2.57153 0.0497236</i>
                        <i>1 0 0 0 0.991699 -0.128584 0 0.128584 0.991699 0 2.57153 0.0497236</i>
                        <i>1 0 0 0 0.991699 -0.128584 0 0.128584 0.991699 0 2.57153 0.0497236</i>
                        <i>1 0 0 0 0.991699 -0.128584 0 0.128584 0.991699 0 2.57153 0.0497236</i>
                        <i>1 0 0 0 0.991699 -0.128584 0 0.128584 0.991699 0 2.57153 0.0497236</i>
                        <i>1 0 0 0 0.991699 -0.128584 0 0.128584 0.991699 0 2.57153 0.0497236</i>
                        <i>1 0 0 0 0.991699 -0.128584 0 0.128584 0.991699 0 2.57153 0.0497236</i>
                        <i>1 0 0 0 0.991699 -0.128584 0 0.128584 0.991699 0 2.57153 0.0497236</i>
                        <i>1 0 0 0 0.991699 -0.128584 0 0.128584 0.991699 0 2.57153 0.0497236</i>
                        <i>1 0 0 0 0.991699 -0.128584 0 0.128584 0.991699 0 2.57153 0.0497236</i>
                        <i>1 0 0 0 0.991699 -0.128584 0 0.128584 0.991699 0 2.57153 0.0497236</i>
                        <i>1 0 0 0 0.988974 -0.148088 0 0.148088 0.988974 0 2.57153 0.0497236</i>
                        <i>1 0 0 0 0.985866 -0.167534 0 0.167534 0.985866 0 2.57153 0.0497236</i>
                        <i>1 0 0 0 0.987526 -0.157458 0 0.157458 0.987526 0 2.57153 0.0497236</i>
                        <i>1 0 0 0 0.990334 -0.138704 0 0.138704 0.990334 0 2.57153 0.0497236</i>
                        <i>1 0 0 0 0.991699 -0.128584 0 0.128584 0.991699 0 2.57153 0.0497236</i>
                        <i>1 0 0 0 0.991699 -0.128584 0 0.128584 0.991699 0 2.57153 0.0497236</i>
                        <i>1 0 0 0 0.991699 -0.128584 0 0.128584 0.991699 0 2.57153 0.0497236</i>
                        <i>1 0 0 0 0.991699 -0.128584 0 0.128584 0.991699 0 2.57153 0.0497236</i>
                        <i>1 0 0 0 0.991699 -0.128584 0 0.128584 0.991699 0 2.57153 0.0497236</i>
                        <i>1 0 0 0 0.991699 -0.128584 0 0.128584 0.991699 0 2.57153 0.0497236</i>
                        <i>1 0 0 0 0.992188 -0.124748 0 0.124748 0.992188 0 2.57153 0.0497236</i>
                        <i>1 0 0 0 0.993487 -0.113946 0 0.113946 0.993487 0 2.57153 0.0497236</i>
                        <i>1 0 0 0 0.995262 -0.0972255 0 0.0972255 0.995262 0 2.57153 0.0497236</i>
                        <i>1 0 0 0 0.997135 -0.0756368 0 0.0756368 0.997135 0 2.57153 0.0497236</i>
                        <i>1 0 0 0 0.998737 -0.0502411 0 0.0502411 0.998737 0 2.57153 0.0497236</i>
                        <i>1 0 0 0 0.999755 -0.0221161 0 0.0221161 0.999755 0 2.57153 0.0497236</i>
                        <i>1 0 0 0 0.999971 0.00764487 0 -0.00764487 0.999971 0 2.57153 0.0497236</i>
                        <i>1 0 0 0 0.99928 0.0379382 0 -0.0379382 0.99928 0 2.57153 0.0497236</i>
                        <i>1 0 0 0 0.997708 0.0676587 0 -0.0676587 0.997708 0 2.57153 0.0497236</i>
                        <i>1 0 0 0 0.995409 0.095708 0 -0.095708 0.995409 0 2.57153 0.0497236</i>
                        <i>1 0 0 0 0.992652 0.121004 0 -0.121004 0.992652 0 2.57153 0.0497236</i>
                        <i>1 0 0 0 0.989797 0.142485 0 -0.142485 0.989797 0 2.57153 0.0497236</i>
                        <i>1 0 0 0 0.987261 0.159107 0 -0.159107 0.987261 0 2.57153 0.0497236</i>
                        <i>1 0 0 0 0.985472 0.169839 0 -0.169839 0.985472 0 2.57153 0.0497236</i>
                        <i>1 0 0 0 0.984808 0.173648 0 -0.173648 0.984808 0 2.57153 0.0497236</i>
                        <i>1 0 0 0 0.981251 0.192732 0 -0.192732 0.981251 0 2.57153 0.0497236</i>
                        <i>1 0 0 0 0.977325 0.211744 0 -0.211744 0.977325 0 2.57153 0.0497236</i>
                        <i>1 0 0 0 0.979407 0.201895 0 -0.201895 0.979407 0 2.57153 0.0497236</i>
                        <i>1 0 0 0 0.98301 0.183552 0 -0.183552 0.98301 0 2.57153 0.0497236</i>
                        <i>1 0 0 0 0.984808 0.173648 0 -0.173648 0.984808 0 2.57153 0.0497236</i>
                    </KeyFrames>
                </p>
            </i>
            <i>
                <p>
                    <Name><![CDATA[lid]]></Name>
                    <Exclude>0</Exclude>
                    <Additive>0</Additive>
                    <IKPriority>0</IKPriority>
                    <IKRotLimits>-1e+010 -1e+010 -1e+010 1e+010 1e+010 1e+010</IKRotLimits>
                    <IKRotLimitOrder>0</IKRotLimitOrder>
                    <KeyFrames count="120">
                        <i>-0.710672 0.692835 0.122166 -0.703523 -0.699875 -0.123407 0 -0.173648 0.984808 0.290476 3.58614 -1.47287</i>
                        <i>-0.710672 0.696885 0.0964183 -0.703523 -0.703966 -0.0973981 0 -0.137051 0.990564 0.290476 3.52905 -1.50949</i>
                        <i>-0.710672 0.700322 0.0670412 -0.703523 -0.707438 -0.0677224 0 -0.0952935 0.995449 0.290476 3.46266 -1.54845</i>
                        <i>-0.710672 0.702612 0.0357907 -0.703523 -0.709752 -0.0361544 0 -0.0508736 0.998705 0.290476 3.39061 -1.58665</i>
                        <i>-0.710672 0.703509 0.0044693 -0.703523 -0.710658 -0.00451471 0 -0.00635274 0.99998 0.290476 3.31693 -1.6216</i>
                        <i>-0.710672 0.703075 -0.025105 -0.703523 -0.71022 0.0253601 0 0.0356847 0.999363 0.290476 3.24602 -1.65155</i>
                        <i>-0.710672 0.701663 -0.0511305 -0.703523 -0.708793 0.05165 0 0.0726777 0.997355 0.290476 3.18254 -1.67545</i>
                        <i>-0.710672 0.699845 -0.0718438 -0.703523 -0.706957 0.0725738 0 0.10212 0.994772 0.290476 3.13129 -1.69282</i>
                        <i>-0.710672 0.698306 -0.085522 -0.703523 -0.705402 0.086391 0 0.121562 0.992584 0.290476 3.09709 -1.70349</i>
                        <i>-0.710672 0.697683 -0.0904616 -0.703523 -0.704773 0.0913808 0 0.128584 0.991699 0.290476 3.08467 -1.70718</i>
                        <i>-0.710672 0.696703 -0.0977237 -0.703523 -0.703783 0.0987167 0 0.138906 0.990306 0.290476 3.06634 -1.71245</i>
                        <i>-0.67522 0.729359 -0.110062 -0.737616 -0.667661 0.100752 0 0.149214 0.988805 0.290476 3.04796 -1.71753</i>
                        <i>-0.638135 0.762461 -0.106947 -0.769925 -0.631948 0.0886408 0 0.138906 0.990306 0.290476 3.06634 -1.71245</i>
                        <i>-0.67522 0.731493 -0.0948454 -0.737616 -0.669615 0.0868223 0 0.128584 0.991699 0.290476 3.08467 -1.70718</i>
                        <i>-0.710672 0.697683 -0.0904616 -0.703523 -0.704773 0.0913808 0 0.128584 0.991699 0.290476 3.08467 -1.70718</i>
                        <i>-0.710672 0.697683 -0.0904616 -0.703523 -0.704773 0.0913808 0 0.128584 0.991699 0.290476 3.08467 -1.70718</i>
                        <i>-0.710672 0.697683 -0.0904616 -0.703523 -0.704773 0.0913808 0 0.128584 0.991699 0.290476 3.08467 -1.70718</i>
                        <i>-0.710672 0.697683 -0.0904616 -0.703523 -0.704773 0.0913808 0 0.128584 0.991699 0.290476 3.08467 -1.70718</i>
                        <i>-0.710672 0.697683 -0.0904616 -0.703523 -0.704773 0.0913808 0 0.128584 0.991699 0.290476 3.08467 -1.70718</i>
