<?xml version="1.0" encoding="ISO-8859-1" ?>
<Animl Version="1">
    <ModellingPackage><![CDATA[Maya.2010]]></ModellingPackage>
    <SrcFile><![CDATA[anims\turrets\antitank\red\~src\at_at4spigot\at_at4spigot_reload_high.mb]]></SrcFile>
    <FramesPerSecond>30</FramesPerSecond>
    <TotalFrames>120</TotalFrames>
    <Skeleton>
        <RefFrame>
            <Name><![CDATA[at_at4spigot_ref_frame]]></Name>
            <Exclude>0</Exclude>
            <Additive>0</Additive>
            <IKPriority>0</IKPriority>
            <IKRotLimits>-1e+010 -1e+010 -1e+010 1e+010 1e+010 1e+010</IKRotLimits>
            <IKRotLimitOrder>0</IKRotLimitOrder>
            <KeyFrames count="120">
                <i>1 0 0 0 1 0 0 0 1 0 0.94 0.31</i>
                <i>1 0 0 0 1 0 0 0 1 0 0.94 0.31</i>
                <i>1 0 0 0 1 0 0 0 1 0 0.94 0.31</i>
                <i>1 0 0 0 1 0 0 0 1 0 0.94 0.31</i>
                <i>1 0 0 0 1 0 0 0 1 0 0.94 0.31</i>
                <i>1 0 0 0 1 0 0 0 1 0 0.94 0.31</i>
                <i>1 0 0 0 1 0 0 0 1 0 0.94 0.31</i>
                <i>1 0 0 0 1 0 0 0 1 0 0.94 0.31</i>
                <i>1 0 0 0 1 0 0 0 1 0 0.94 0.31</i>
                <i>1 0 0 0 1 0 0 0 1 0 0.94 0.31</i>
                <i>1 0 0 0 1 0 0 0 1 0 0.94 0.31</i>
                <i>1 0 0 0 1 0 0 0 1 0 0.94 0.31</i>
                <i>1 0 0 0 1 0 0 0 1 0 0.94 0.31</i>
                <i>1 0 0 0 1 0 0 0 1 0 0.94 0.31</i>
                <i>1 0 0 0 1 0 0 0 1 0 0.94 0.31</i>
                <i>1 0 0 0 1 0 0 0 1 0 0.94 0.31</i>
                <i>1 0 0 0 1 0 0 0 1 0 0.94 0.31</i>
                <i>1 0 0 0 1 0 0 0 1 0 0.94 0.31</i>
                <i>1 0 0 0 1 0 0 0 1 0 0.94 0.31</i>
                <i>1 0 0 0 1 0 0 0 1 0 0.94 0.31</i>
                <i>1 0 0 0 1 0 0 0 1 0 0.94 0.31</i>
                <i>1 0 0 0 1 0 0 0 1 0 0.94 0.31</i>
                <i>1 0 0 0 1 0 0 0 1 0 0.94 0.31</i>
                <i>1 0 0 0 1 0 0 0 1 0 0.94 0.31</i>
                <i>1 0 0 0 1 0 0 0 1 0 0.94 0.31</i>
                <i>1 0 0 0 1 0 0 0 1 0 0.94 0.31</i>
                <i>1 0 0 0 1 0 0 0 1 0 0.94 0.31</i>
                <i>1 0 0 0 1 0 0 0 1 0 0.94 0.31</i>
                <i>1 0 0 0 1 0 0 0 1 0 0.94 0.31</i>
                <i>1 0 0 0 1 0 0 0 1 0 0.94 0.31</i>
                <i>1 0 0 0 1 0 0 0 1 0 0.94 0.31</i>
                <i>1 0 0 0 1 0 0 0 1 0 0.94 0.31</i>
                <i>1 0 0 0 1 0 0 0 1 0 0.94 0.31</i>
                <i>1 0 0 0 1 0 0 0 1 0 0.94 0.31</i>
                <i>1 0 0 0 1 0 0 0 1 0 0.94 0.31</i>
                <i>1 0 0 0 1 0 0 0 1 0 0.94 0.31</i>
                <i>1 0 0 0 1 0 0 0 1 0 0.94 0.31</i>
                <i>1 0 0 0 1 0 0 0 1 0 0.94 0.31</i>
                <i>1 0 0 0 1 0 0 0 1 0 0.94 0.31</i>
                <i>1 0 0 0 1 0 0 0 1 0 0.94 0.31</i>
                <i>1 0 0 0 1 0 0 0 1 0 0.94 0.31</i>
                <i>1 0 0 0 1 0 0 0 1 0 0.94 0.31</i>
                <i>1 0 0 0 1 0 0 0 1 0 0.94 0.31</i>
                <i>1 0 0 0 1 0 0 0 1 0 0.94 0.31</i>
                <i>1 0 0 0 1 0 0 0 1 0 0.94 0.31</i>
                <i>1 0 0 0 1 0 0 0 1 0 0.94 0.31</i>
                <i>1 0 0 0 1 0 0 0 1 0 0.94 0.31</i>
                <i>1 0 0 0 1 0 0 0 1 0 0.94 0.31</i>
                <i>1 0 0 0 1 0 0 0 1 0 0.94 0.31</i>
                <i>1 0 0 0 1 0 0 0 1 0 0.94 0.31</i>
                <i>1 0 0 0 1 0 0 0 1 0 0.94 0.31</i>
                <i>1 0 0 0 1 0 0 0 1 0 0.94 0.31</i>
                <i>1 0 0 0 1 0 0 0 1 0 0.94 0.31</i>
                <i>1 0 0 0 1 0 0 0 1 0 0.94 0.31</i>
                <i>1 0 0 0 1 0 0 0 1 0 0.94 0.31</i>
                <i>1 0 0 0 1 0 0 0 1 0 0.94 0.31</i>
                <i>1 0 0 0 1 0 0 0 1 0 0.94 0.31</i>
                <i>1 0 0 0 1 0 0 0 1 0 0.94 0.31</i>
                <i>1 0 0 0 1 0 0 0 1 0 0.94 0.31</i>
                <i>1 0 0 0 1 0 0 0 1 0 0.94 0.31</i>
                <i>1 0 0 0 1 0 0 0 1 0 0.94 0.31</i>
                <i>1 0 0 0 1 0 0 0 1 0 0.94 0.31</i>
                <i>1 0 0 0 1 0 0 0 1 0 0.94 0.31</i>
                <i>1 0 0 0 1 0 0 0 1 0 0.94 0.31</i>
                <i>1 0 0 0 1 0 0 0 1 0 0.94 0.31</i>
                <i>1 0 0 0 1 0 0 0 1 0 0.94 0.31</i>
                <i>1 0 0 0 1 0 0 0 1 0 0.94 0.31</i>
                <i>1 0 0 0 1 0 0 0 1 0 0.94 0.31</i>
                <i>1 0 0 0 1 0 0 0 1 0 0.94 0.31</i>
                <i>1 0 0 0 1 0 0 0 1 0 0.94 0.31</i>
                <i>1 0 0 0 1 0 0 0 1 0 0.94 0.31</i>
                <i>1 0 0 0 1 0 0 0 1 0 0.94 0.31</i>
                <i>1 0 0 0 1 0 0 0 1 0 0.94 0.31</i>
                <i>1 0 0 0 1 0 0 0 1 0 0.94 0.31</i>
                <i>1 0 0 0 1 0 0 0 1 0 0.94 0.31</i>
                <i>1 0 0 0 1 0 0 0 1 0 0.94 0.31</i>
                <i>1 0 0 0 1 0 0 0 1 0 0.94 0.31</i>
                <i>1 0 0 0 1 0 0 0 1 0 0.94 0.31</i>
                <i>1 0 0 0 1 0 0 0 1 0 0.94 0.31</i>
                <i>1 0 0 0 1 0 0 0 1 0 0.94 0.31</i>
                <i>1 0 0 0 1 0 0 0 1 0 0.94 0.31</i>
                <i>1 0 0 0 1 0 0 0 1 0 0.94 0.31</i>
                <i>1 0 0 0 1 0 0 0 1 0 0.94 0.31</i>
                <i>1 0 0 0 1 0 0 0 1 0 0.94 0.31</i>
                <i>1 0 0 0 1 0 0 0 1 0 0.94 0.31</i>
                <i>1 0 0 0 1 0 0 0 1 0 0.94 0.31</i>
                <i>1 0 0 0 1 0 0 0 1 0 0.94 0.31</i>
                <i>1 0 0 0 1 0 0 0 1 0 0.94 0.31</i>
                <i>1 0 0 0 1 0 0 0 1 0 0.94 0.31</i>
                <i>1 0 0 0 1 0 0 0 1 0 0.94 0.31</i>
                <i>1 0 0 0 1 0 0 0 1 0 0.94 0.31</i>
                <i>1 0 0 0 1 0 0 0 1 0 0.94 0.31</i>
                <i>1 0 0 0 1 0 0 0 1 0 0.94 0.31</i>
                <i>1 0 0 0 1 0 0 0 1 0 0.94 0.31</i>
                <i>1 0 0 0 1 0 0 0 1 0 0.94 0.31</i>
                <i>1 0 0 0 1 0 0 0 1 0 0.94 0.31</i>
                <i>1 0 0 0 1 0 0 0 1 0 0.94 0.31</i>
                <i>1 0 0 0 1 0 0 0 1 0 0.94 0.31</i>
                <i>1 0 0 0 1 0 0 0 1 0 0.94 0.31</i>
                <i>1 0 0 0 1 0 0 0 1 0 0.94 0.31</i>
                <i>1 0 0 0 1 0 0 0 1 0 0.94 0.31</i>
                <i>1 0 0 0 1 0 0 0 1 0 0.94 0.31</i>
                <i>1 0 0 0 1 0 0 0 1 0 0.94 0.31</i>
                <i>1 0 0 0 1 0 0 0 1 0 0.94 0.31</i>
                <i>1 0 0 0 1 0 0 0 1 0 0.94 0.31</i>
                <i>1 0 0 0 1 0 0 0 1 0 0.94 0.31</i>
                <i>1 0 0 0 1 0 0 0 1 0 0.94 0.31</i>
                <i>1 0 0 0 1 0 0 0 1 0 0.94 0.31</i>
                <i>1 0 0 0 1 0 0 0 1 0 0.94 0.31</i>
                <i>1 0 0 0 1 0 0 0 1 0 0.94 0.31</i>
                <i>1 0 0 0 1 0 0 0 1 0 0.94 0.31</i>
                <i>1 0 0 0 1 0 0 0 1 0 0.94 0.31</i>
                <i>1 0 0 0 1 0 0 0 1 0 0.94 0.31</i>
                <i>1 0 0 0 1 0 0 0 1 0 0.94 0.31</i>
                <i>1 0 0 0 1 0 0 0 1 0 0.94 0.31</i>
                <i>1 0 0 0 1 0 0 0 1 0 0.94 0.31</i>
                <i>1 0 0 0 1 0 0 0 1 0 0.94 0.31</i>
                <i>1 0 0 0 1 0 0 0 1 0 0.94 0.31</i>
                <i>1 0 0 0 1 0 0 0 1 0 0.94 0.31</i>
                <i>1 0 0 0 1 0 0 0 1 0 0.94 0.31</i>
            </KeyFrames>
        </RefFrame>
        <Bones count="10">
            <i>
                <p>
                    <Name><![CDATA[at_at4spigot_root]]></Name>
                    <Exclude>0</Exclude>
                    <Additive>0</Additive>
                    <IKPriority>0</IKPriority>
                    <IKRotLimits>-1e+010 -1e+010 -1e+010 1e+010 1e+010 1e+010</IKRotLimits>
                    <IKRotLimitOrder>0</IKRotLimitOrder>
                    <KeyFrames count="120">
                        <i>1 0 0 0 1 0 0 0 1 0 0.941946 0.310825</i>
                        <i>1 0 0 0 1 0 0 0 1 0 0.941946 0.310825</i>
                        <i>1 0 0 0 1 0 0 0 1 0 0.941946 0.310825</i>
                        <i>1 0 0 0 1 0 0 0 1 0 0.941946 0.310825</i>
                        <i>1 0 0 0 1 0 0 0 1 0 0.941946 0.310825</i>
                        <i>1 0 0 0 1 0 0 0 1 0 0.941946 0.310825</i>
                        <i>1 0 0 0 1 0 0 0 1 0 0.941946 0.310825</i>
                        <i>1 0 0 0 1 0 0 0 1 0 0.941946 0.310825</i>
                        <i>1 0 0 0 1 0 0 0 1 0 0.941946 0.310825</i>
                        <i>1 0 0 0 1 0 0 0 1 0 0.941946 0.310825</i>
                        <i>1 0 0 0 1 0 0 0 1 0 0.941946 0.310825</i>
                        <i>1 0 0 0 1 0 0 0 1 0 0.941946 0.310825</i>
                        <i>1 0 0 0 1 0 0 0 1 0 0.941946 0.310825</i>
                        <i>1 0 0 0 1 0 0 0 1 0 0.941946 0.310825</i>
                        <i>1 0 0 0 1 0 0 0 1 0 0.941946 0.310825</i>
                        <i>1 0 0 0 1 0 0 0 1 0 0.941946 0.310825</i>
                        <i>1 0 0 0 1 0 0 0 1 0 0.941946 0.310825</i>
                        <i>1 0 0 0 1 0 0 0 1 0 0.941946 0.310825</i>
                        <i>1 0 0 0 1 0 0 0 1 0 0.941946 0.310825</i>
                        <i>1 0 0 0 1 0 0 0 1 0 0.941946 0.310825</i>
                        <i>1 0 0 0 1 0 0 0 1 0 0.941946 0.310825</i>
                        <i>1 0 0 0 1 0 0 0 1 0 0.941946 0.310825</i>
                        <i>1 0 0 0 1 0 0 0 1 0 0.941946 0.310825</i>
                        <i>1 0 0 0 1 0 0 0 1 0 0.941946 0.310825</i>
                        <i>1 0 0 0 1 0 0 0 1 0 0.941946 0.310825</i>
                        <i>1 0 0 0 1 0 0 0 1 0 0.941946 0.310825</i>
                        <i>1 0 0 0 1 0 0 0 1 0 0.941946 0.310825</i>
                        <i>1 0 0 0 1 0 0 0 1 0 0.941946 0.310825</i>
                        <i>1 0 0 0 1 0 0 0 1 0 0.941946 0.310825</i>
                        <i>1 0 0 0 1 0 0 0 1 0 0.941946 0.310825</i>
                        <i>1 0 0 0 1 0 0 0 1 0 0.941946 0.310825</i>
                        <i>1 0 0 0 1 0 0 0 1 0 0.941946 0.310825</i>
                        <i>1 0 0 0 1 0 0 0 1 0 0.941946 0.310825</i>
                        <i>1 0 0 0 1 0 0 0 1 0 0.941946 0.310825</i>
                        <i>1 0 0 0 1 0 0 0 1 0 0.941946 0.310825</i>
                        <i>1 0 0 0 1 0 0 0 1 0 0.941946 0.310825</i>
                        <i>1 0 0 0 1 0 0 0 1 0 0.941946 0.310825</i>
                        <i>1 0 0 0 1 0 0 0 1 0 0.941946 0.310825</i>
                        <i>1 0 0 0 1 0 0 0 1 0 0.941946 0.310825</i>
                        <i>1 0 0 0 1 0 0 0 1 0 0.941946 0.310825</i>
                        <i>1 0 0 0 1 0 0 0 1 0 0.941946 0.310825</i>
                        <i>1 0 0 0 1 0 0 0 1 0 0.941946 0.310825</i>
                        <i>1 0 0 0 1 0 0 0 1 0 0.941946 0.310825</i>
                        <i>1 0 0 0 1 0 0 0 1 0 0.941946 0.310825</i>
                        <i>1 0 0 0 1 0 0 0 1 0 0.941946 0.310825</i>
                        <i>1 0 0 0 1 0 0 0 1 0 0.941946 0.310825</i>
                        <i>1 0 0 0 1 0 0 0 1 0 0.941946 0.310825</i>
                        <i>1 0 0 0 1 0 0 0 1 0 0.941946 0.310825</i>
                        <i>1 0 0 0 1 0 0 0 1 0 0.941946 0.310825</i>
                        <i>1 0 0 0 1 0 0 0 1 0 0.941946 0.310825</i>
                        <i>1 0 0 0 1 0 0 0 1 0 0.941946 0.310825</i>
                        <i>1 0 0 0 1 0 0 0 1 0 0.941946 0.310825</i>
                        <i>1 0 0 0 1 0 0 0 1 0 0.941946 0.310825</i>
                        <i>1 0 0 0 1 0 0 0 1 0 0.941946 0.310825</i>
                        <i>1 0 0 0 1 0 0 0 1 0 0.941946 0.310825</i>
                        <i>1 0 0 0 1 0 0 0 1 0 0.941946 0.310825</i>
                        <i>1 0 0 0 1 0 0 0 1 0 0.941946 0.310825</i>
                        <i>1 0 0 0 1 0 0 0 1 0 0.941946 0.310825</i>
                        <i>1 0 0 0 1 0 0 0 1 0 0.941946 0.310825</i>
                        <i>1 0 0 0 1 0 0 0 1 0 0.941946 0.310825</i>
                        <i>1 0 0 0 1 0 0 0 1 0 0.941946 0.310825</i>
                        <i>1 0 0 0 1 0 0 0 1 0 0.941946 0.310825</i>
                        <i>1 0 0 0 1 0 0 0 1 0 0.941946 0.310825</i>
                        <i>1 0 0 0 1 0 0 0 1 0 0.941946 0.310825</i>
                        <i>1 0 0 0 1 0 0 0 1 0 0.941946 0.310825</i>
                        <i>1 0 0 0 1 0 0 0 1 0 0.941946 0.310825</i>
                        <i>1 0 0 0 1 0 0 0 1 0 0.941946 0.310825</i>
                        <i>1 0 0 0 1 0 0 0 1 0 0.941946 0.310825</i>
                        <i>1 0 0 0 1 0 0 0 1 0 0.941946 0.310825</i>
                        <i>1 0 0 0 1 0 0 0 1 0 0.941946 0.310825</i>
                        <i>1 0 0 0 1 0 0 0 1 0 0.941946 0.310825</i>
                        <i>1 0 0 0 1 0 0 0 1 0 0.941946 0.310825</i>
                        <i>1 0 0 0 1 0 0 0 1 0 0.941946 0.310825</i>
                        <i>1 0 0 0 1 0 0 0 1 0 0.941946 0.310825</i>
                        <i>1 0 0 0 1 0 0 0 1 0 0.941946 0.310825</i>
                        <i>1 0 0 0 1 0 0 0 1 0 0.941946 0.310825</i>
                        <i>1 0 0 0 1 0 0 0 1 0 0.941946 0.310825</i>
                        <i>1 0 0 0 1 0 0 0 1 0 0.941946 0.310825</i>
                        <i>1 0 0 0 1 0 0 0 1 0 0.941946 0.310825</i>
                        <i>1 0 0 0 1 0 0 0 1 0 0.941946 0.310825</i>
                        <i>1 0 0 0 1 0 0 0 1 0 0.941946 0.310825</i>
                        <i>1 0 0 0 1 0 0 0 1 0 0.941946 0.310825</i>
                        <i>1 0 0 0 1 0 0 0 1 0 0.941946 0.310825</i>
                        <i>1 0 0 0 1 0 0 0 1 0 0.941946 0.310825</i>
                        <i>1 0 0 0 1 0 0 0 1 0 0.941946 0.310825</i>
                        <i>1 0 0 0 1 0 0 0 1 0 0.941946 0.310825</i>
                        <i>1 0 0 0 1 0 0 0 1 0 0.941946 0.310825</i>
                        <i>1 0 0 0 1 0 0 0 1 0 0.941946 0.310825</i>
                        <i>1 0 0 0 1 0 0 0 1 0 0.941946 0.310825</i>
                        <i>1 0 0 0 1 0 0 0 1 0 0.941946 0.310825</i>
                        <i>1 0 0 0 1 0 0 0 1 0 0.941946 0.310825</i>
                        <i>1 0 0 0 1 0 0 0 1 0 0.941946 0.310825</i>
                        <i>1 0 0 0 1 0 0 0 1 0 0.941946 0.310825</i>
                        <i>1 0 0 0 1 0 0 0 1 0 0.941946 0.310825</i>
                        <i>1 0 0 0 1 0 0 0 1 0 0.941946 0.310825</i>
                        <i>1 0 0 0 1 0 0 0 1 0 0.941946 0.310825</i>
                        <i>1 0 0 0 1 0 0 0 1 0 0.941946 0.310825</i>
                        <i>1 0 0 0 1 0 0 0 1 0 0.941946 0.310825</i>
                        <i>1 0 0 0 1 0 0 0 1 0 0.941946 0.310825</i>
                        <i>1 0 0 0 1 0 0 0 1 0 0.941946 0.310825</i>
                        <i>1 0 0 0 1 0 0 0 1 0 0.941946 0.310825</i>
                        <i>1 0 0 0 1 0 0 0 1 0 0.941946 0.310825</i>
                        <i>1 0 0 0 1 0 0 0 1 0 0.941946 0.310825</i>
                        <i>1 0 0 0 1 0 0 0 1 0 0.941946 0.310825</i>
                        <i>1 0 0 0 1 0 0 0 1 0 0.941946 0.310825</i>
                        <i>1 0 0 0 1 0 0 0 1 0 0.941946 0.310825</i>
                        <i>1 0 0 0 1 0 0 0 1 0 0.941946 0.310825</i>
                        <i>1 0 0 0 1 0 0 0 1 0 0.941946 0.310825</i>
                        <i>1 0 0 0 1 0 0 0 1 0 0.941946 0.310825</i>
                        <i>1 0 0 0 1 0 0 0 1 0 0.941946 0.310825</i>
                        <i>1 0 0 0 1 0 0 0 1 0 0.941946 0.310825</i>
                        <i>1 0 0 0 1 0 0 0 1 0 0.941946 0.310825</i>
                        <i>1 0 0 0 1 0 0 0 1 0 0.941946 0.310825</i>
                        <i>1 0 0 0 1 0 0 0 1 0 0.941946 0.310825</i>
                        <i>1 0 0 0 1 0 0 0 1 0 0.941946 0.310825</i>
                        <i>1 0 0 0 1 0 0 0 1 0 0.941946 0.310825</i>
                        <i>1 0 0 0 1 0 0 0 1 0 0.941946 0.310825</i>
                        <i>1 0 0 0 1 0 0 0 1 0 0.941946 0.310825</i>
                        <i>1 0 0 0 1 0 0 0 1 0 0.941946 0.310825</i>
                        <i>1 0 0 0 1 0 0 0 1 0 0.941946 0.310825</i>
                    </KeyFrames>
                </p>
            </i>
            <i>
                <p>
                    <Name><![CDATA[rotate]]></Name>
                    <Exclude>0</Exclude>
                    <Additive>0</Additive>
                    <IKPriority>0</IKPriority>
                    <IKRotLimits>-1e+010 -1e+010 -1e+010 1e+010 1e+010 1e+010</IKRotLimits>
                    <IKRotLimitOrder>0</IKRotLimitOrder>
                    <KeyFrames count="120">
                        <i>1 0 0 0 1 0 0 0 1 0 1.64114 0.0116255</i>
                        <i>1 0 0 0 1 0 0 0 1 0 1.64114 0.0116255</i>
                        <i>1 0 0 0 1 0 0 0 1 0 1.64114 0.0116255</i>
                        <i>1 0 0 0 1 0 0 0 1 0 1.64114 0.0116255</i>
                        <i>1 0 0 0 1 0 0 0 1 0 1.64114 0.0116255</i>
                        <i>1 0 0 0 1 0 0 0 1 0 1.64114 0.0116255</i>
                        <i>1 0 0 0 1 0 0 0 1 0 1.64114 0.0116255</i>
                        <i>1 0 0 0 1 0 0 0 1 0 1.64114 0.0116255</i>
                        <i>1 0 0 0 1 0 0 0 1 0 1.64114 0.0116255</i>
                        <i>1 0 0 0 1 0 0 0 1 0 1.64114 0.0116255</i>
                        <i>1 0 0 0 1 0 0 0 1 0 1.64114 0.0116255</i>
                        <i>1 0 0 0 1 0 0 0 1 0 1.64114 0.0116255</i>
                        <i>1 0 0 0 1 0 0 0 1 0 1.64114 0.0116255</i>
                        <i>1 0 0 0 1 0 0 0 1 0 1.64114 0.0116255</i>
                        <i>1 0 0 0 1 0 0 0 1 0 1.64114 0.0116255</i>
                        <i>1 0 0 0 1 0 0 0 1 0 1.64114 0.0116255</i>
                        <i>1 0 0 0 1 0 0 0 1 0 1.64114 0.0116255</i>
                        <i>1 0 0 0 1 0 0 0 1 0 1.64114 0.0116255</i>
                        <i>1 0 0 0 1 0 0 0 1 0 1.64114 0.0116255</i>
                        <i>1 0 0 0 1 0 0 0 1 0 1.64114 0.0116255</i>
                        <i>1 0 0 0 1 0 0 0 1 0 1.64114 0.0116255</i>
                        <i>1 0 0 0 1 0 0 0 1 0 1.64114 0.0116255</i>
                        <i>1 0 0 0 1 0 0 0 1 0 1.64114 0.0116255</i>
                        <i>1 0 0 0 1 0 0 0 1 0 1.64114 0.0116255</i>
                        <i>1 0 0 0 1 0 0 0 1 0 1.64114 0.0116255</i>
                        <i>1 0 0 0 1 0 0 0 1 0 1.64114 0.0116255</i>
                        <i>1 0 0 0 1 0 0 0 1 0 1.64114 0.0116255</i>
                        <i>1 0 0 0 1 0 0 0 1 0 1.64114 0.0116255</i>
                        <i>1 0 0 0 1 0 0 0 1 0 1.64114 0.0116255</i>
                        <i>1 0 0 0 1 0 0 0 1 0 1.64114 0.0116255</i>
                        <i>1 0 0 0 1 0 0 0 1 0 1.64114 0.0116255</i>
                        <i>1 0 0 0 1 0 0 0 1 0 1.64114 0.0116255</i>
                        <i>1 0 0 0 1 0 0 0 1 0 1.64114 0.0116255</i>
                        <i>1 0 0 0 1 0 0 0 1 0 1.64114 0.0116255</i>
                        <i>1 0 0 0 1 0 0 0 1 0 1.64114 0.0116255</i>
                        <i>1 0 0 0 1 0 0 0 1 0 1.64114 0.0116255</i>
                        <i>1 0 0 0 1 0 0 0 1 0 1.64114 0.0116255</i>
                        <i>1 0 0 0 1 0 0 0 1 0 1.64114 0.0116255</i>
                        <i>1 0 0 0 1 0 0 0 1 0 1.64114 0.0116255</i>
                        <i>1 0 0 0 1 0 0 0 1 0 1.64114 0.0116255</i>
                        <i>1 0 0 0 1 0 0 0 1 0 1.64114 0.0116255</i>
                        <i>1 0 0 0 1 0 0 0 1 0 1.64114 0.0116255</i>
                        <i>1 0 0 0 1 0 0 0 1 0 1.64114 0.0116255</i>
                        <i>1 0 0 0 1 0 0 0 1 0 1.64114 0.0116255</i>
                        <i>1 0 0 0 1 0 0 0 1 0 1.64114 0.0116255</i>
                        <i>1 0 0 0 1 0 0 0 1 0 1.64114 0.0116255</i>
                        <i>1 0 0 0 1 0 0 0 1 0 1.64114 0.0116255</i>
                        <i>1 0 0 0 1 0 0 0 1 0 1.64114 0.0116255</i>
                        <i>1 0 0 0 1 0 0 0 1 0 1.64114 0.0116255</i>
                        <i>1 0 0 0 1 0 0 0 1 0 1.64114 0.0116255</i>
                        <i>1 0 0 0 1 0 0 0 1 0 1.64114 0.0116255</i>
                        <i>1 0 0 0 1 0 0 0 1 0 1.64114 0.0116255</i>
                        <i>1 0 0 0 1 0 0 0 1 0 1.64114 0.0116255</i>
                        <i>1 0 0 0 1 0 0 0 1 0 1.64114 0.0116255</i>
                        <i>1 0 0 0 1 0 0 0 1 0 1.64114 0.0116255</i>
                        <i>1 0 0 0 1 0 0 0 1 0 1.64114 0.0116255</i>
                        <i>1 0 0 0 1 0 0 0 1 0 1.64114 0.0116255</i>
                        <i>1 0 0 0 1 0 0 0 1 0 1.64114 0.0116255</i>
                        <i>1 0 0 0 1 0 0 0 1 0 1.64114 0.0116255</i>
                        <i>1 0 0 0 1 0 0 0 1 0 1.64114 0.0116255</i>
                        <i>1 0 0 0 1 0 0 0 1 0 1.64114 0.0116255</i>
                        <i>1 0 0 0 1 0 0 0 1 0 1.64114 0.0116255</i>
                        <i>1 0 0 0 1 0 0 0 1 0 1.64114 0.0116255</i>
                        <i>1 0 0 0 1 0 0 0 1 0 1.64114 0.0116255</i>
                        <i>1 0 0 0 1 0 0 0 1 0 1.64114 0.0116255</i>
                        <i>1 0 0 0 1 0 0 0 1 0 1.64114 0.0116255</i>
                        <i>1 0 0 0 1 0 0 0 1 0 1.64114 0.0116255</i>
                        <i>1 0 0 0 1 0 0 0 1 0 1.64114 0.0116255</i>
                        <i>1 0 0 0 1 0 0 0 1 0 1.64114 0.0116255</i>
                        <i>1 0 0 0 1 0 0 0 1 0 1.64114 0.0116255</i>
                        <i>1 0 0 0 1 0 0 0 1 0 1.64114 0.0116255</i>
                        <i>1 0 0 0 1 0 0 0 1 0 1.64114 0.0116255</i>
                        <i>1 0 0 0 1 0 0 0 1 0 1.64114 0.0116255</i>
                        <i>1 0 0 0 1 0 0 0 1 0 1.64114 0.0116255</i>
                        <i>1 0 0 0 1 0 0 0 1 0 1.64114 0.0116255</i>
                        <i>1 0 0 0 1 0 0 0 1 0 1.64114 0.0116255</i>
                        <i>1 0 0 0 1 0 0 0 1 0 1.64114 0.0116255</i>
                        <i>1 0 0 0 1 0 0 0 1 0 1.64114 0.0116255</i>
                        <i>1 0 0 0 1 0 0 0 1 0 1.64114 0.0116255</i>
                        <i>1 0 0 0 1 0 0 0 1 0 1.64114 0.0116255</i>
                        <i>1 0 0 0 1 0 0 0 1 0 1.64114 0.0116255</i>
                        <i>1 0 0 0 1 0 0 0 1 0 1.64114 0.0116255</i>
                        <i>1 0 0 0 1 0 0 0 1 0 1.64114 0.0116255</i>
                        <i>1 0 0 0 1 0 0 0 1 0 1.64114 0.0116255</i>
                        <i>1 0 0 0 1 0 0 0 1 0 1.64114 0.0116255</i>
                        <i>1 0 0 0 1 0 0 0 1 0 1.64114 0.0116255</i>
                        <i>1 0 0 0 1 0 0 0 1 0 1.64114 0.0116255</i>
                        <i>1 0 0 0 1 0 0 0 1 0 1.64114 0.0116255</i>
                        <i>1 0 0 0 1 0 0 0 1 0 1.64114 0.0116255</i>
                        <i>1 0 0 0 1 0 0 0 1 0 1.64114 0.0116255</i>
                        <i>1 0 0 0 1 0 0 0 1 0 1.64114 0.0116255</i>
                        <i>1 0 0 0 1 0 0 0 1 0 1.64114 0.0116255</i>
                        <i>1 0 0 0 1 0 0 0 1 0 1.64114 0.0116255</i>
                        <i>1 0 0 0 1 0 0 0 1 0 1.64114 0.0116255</i>
                        <i>1 0 0 0 1 0 0 0 1 0 1.64114 0.0116255</i>
                        <i>1 0 0 0 1 0 0 0 1 0 1.64114 0.0116255</i>
                        <i>1 0 0 0 1 0 0 0 1 0 1.64114 0.0116255</i>
                        <i>1 0 0 0 1 0 0 0 1 0 1.64114 0.0116255</i>
                        <i>1 0 0 0 1 0 0 0 1 0 1.64114 0.0116255</i>
                        <i>1 0 0 0 1 0 0 0 1 0 1.64114 0.0116255</i>
                        <i>1 0 0 0 1 0 0 0 1 0 1.64114 0.0116255</i>
                        <i>1 0 0 0 1 0 0 0 1 0 1.64114 0.0116255</i>
                        <i>1 0 0 0 1 0 0 0 1 0 1.64114 0.0116255</i>
                        <i>1 0 0 0 1 0 0 0 1 0 1.64114 0.0116255</i>
                        <i>1 0 0 0 1 0 0 0 1 0 1.64114 0.0116255</i>
                        <i>1 0 0 0 1 0 0 0 1 0 1.64114 0.0116255</i>
                        <i>1 0 0 0 1 0 0 0 1 0 1.64114 0.0116255</i>
                        <i>1 0 0 0 1 0 0 0 1 0 1.64114 0.0116255</i>
                        <i>1 0 0 0 1 0 0 0 1 0 1.64114 0.0116255</i>
                        <i>1 0 0 0 1 0 0 0 1 0 1.64114 0.0116255</i>
                        <i>1 0 0 0 1 0 0 0 1 0 1.64114 0.0116255</i>
                        <i>1 0 0 0 1 0 0 0 1 0 1.64114 0.0116255</i>
                        <i>1 0 0 0 1 0 0 0 1 0 1.64114 0.0116255</i>
                        <i>1 0 0 0 1 0 0 0 1 0 1.64114 0.0116255</i>
                        <i>1 0 0 0 1 0 0 0 1 0 1.64114 0.0116255</i>
                        <i>1 0 0 0 1 0 0 0 1 0 1.64114 0.0116255</i>
                        <i>1 0 0 0 1 0 0 0 1 0 1.64114 0.0116255</i>
                        <i>1 0 0 0 1 0 0 0 1 0 1.64114 0.0116255</i>
                        <i>1 0 0 0 1 0 0 0 1 0 1.64114 0.0116255</i>
                        <i>1 0 0 0 1 0 0 0 1 0 1.64114 0.0116255</i>
                    </KeyFrames>
                </p>
            </i>
            <i>
                <p>
                    <Name><![CDATA[pitch]]></Name>
                    <Exclude>0</Exclude>
                    <Additive>0</Additive>
                    <IKPriority>0</IKPriority>
                    <IKRotLimits>-1e+010 -1e+010 -1e+010 1e+010 1e+010 1e+010</IKRotLimits>
                    <IKRotLimitOrder>0</IKRotLimitOrder>
                    <KeyFrames count="120">
                        <i>1 0 0 0 0.992546 -0.121869 0 0.121869 0.992546 0 2.57153 0.0497236</i>
                        <i>1 0 0 0 0.992546 -0.121874 0 0.121874 0.992546 0 2.57153 0.0497236</i>
                        <i>1 0 0 0 0.992544 -0.121886 0 0.121886 0.992544 0 2.57153 0.0497236</i>
                        <i>1 0 0 0 0.992542 -0.121906 0 0.121906 0.992542 0 2.57153 0.0497236</i>
                        <i>1 0 0 0 0.992538 -0.121934 0 0.121934 0.992538 0 2.57153 0.0497236</i>
                        <i>1 0 0 0 0.992534 -0.12197 0 0.12197 0.992534 0 2.57153 0.0497236</i>
                        <i>1 0 0 0 0.992528 -0.122013 0 0.122013 0.992528 0 2.57153 0.0497236</i>
                        <i>1 0 0 0 0.992522 -0.122063 0 0.122063 0.992522 0 2.57153 0.0497236</i>
                        <i>1 0 0 0 0.992515 -0.122119 0 0.122119 0.992515 0 2.57153 0.0497236</i>
                        <i>1 0 0 0 0.992508 -0.122182 0 0.122182 0.992508 0 2.57153 0.0497236</i>
                        <i>1 0 0 0 0.992499 -0.122252 0 0.122252 0.992499 0 2.57153 0.0497236</i>
                        <i>1 0 0 0 0.99249 -0.122327 0 0.122327 0.99249 0 2.57153 0.0497236</i>
                        <i>1 0 0 0 0.99248 -0.122408 0 0.122408 0.99248 0 2.57153 0.0497236</i>
                        <i>1 0 0 0 0.992469 -0.122495 0 0.122495 0.992469 0 2.57153 0.0497236</i>
                        <i>1 0 0 0 0.992458 -0.122587 0 0.122587 0.992458 0 2.57153 0.0497236</i>
                        <i>1 0 0 0 0.992446 -0.122684 0 0.122684 0.992446 0 2.57153 0.0497236</i>
                        <i>1 0 0 0 0.992433 -0.122785 0 0.122785 0.992433 0 2.57153 0.0497236</i>
                        <i>1 0 0 0 0.99242 -0.122892 0 0.122892 0.99242 0 2.57153 0.0497236</i>
                        <i>1 0 0 0 0.992406 -0.123002 0 0.123002 0.992406 0 2.57153 0.0497236</i>
                        <i>1 0 0 0 0.992392 -0.123117 0 0.123117 0.992392 0 2.57153 0.0497236</i>
                        <i>1 0 0 0 0.992378 -0.123235 0 0.123235 0.992378 0 2.57153 0.0497236</i>
                        <i>1 0 0 0 0.992362 -0.123357 0 0.123357 0.992362 0 2.57153 0.0497236</i>
                        <i>1 0 0 0 0.992347 -0.123482 0 0.123482 0.992347 0 2.57153 0.0497236</i>
                        <i>1 0 0 0 0.992331 -0.123611 0 0.123611 0.992331 0 2.57153 0.0497236</i>
                        <i>1 0 0 0 0.992314 -0.123742 0 0.123742 0.992314 0 2.57153 0.0497236</i>
                        <i>1 0 0 0 0.992298 -0.123875 0 0.123875 0.992298 0 2.57153 0.0497236</i>
                        <i>1 0 0 0 0.992281 -0.124012 0 0.124012 0.992281 0 2.57153 0.0497236</i>
                        <i>1 0 0 0 0.992263 -0.12415 0 0.12415 0.992263 0 2.57153 0.0497236</i>
                        <i>1 0 0 0 0.992246 -0.12429 0 0.12429 0.992246 0 2.57153 0.0497236</i>
                        <i>1 0 0 0 0.992228 -0.124431 0 0.124431 0.992228 0 2.57153 0.0497236</i>
                        <i>1 0 0 0 0.99221 -0.124574 0 0.124574 0.99221 0 2.57153 0.0497236</i>
                        <i>1 0 0 0 0.992192 -0.124718 0 0.124718 0.992192 0 2.57153 0.0497236</i>
                        <i>1 0 0 0 0.992174 -0.124863 0 0.124863 0.992174 0 2.57153 0.0497236</i>
                        <i>1 0 0 0 0.992156 -0.125008 0 0.125008 0.992156 0 2.57153 0.0497236</i>
                        <i>1 0 0 0 0.992137 -0.125154 0 0.125154 0.992137 0 2.57153 0.0497236</i>
                        <i>1 0 0 0 0.992119 -0.1253 0 0.1253 0.992119 0 2.57153 0.0497236</i>
                        <i>1 0 0 0 0.9921 -0.125446 0 0.125446 0.9921 0 2.57153 0.0497236</i>
                        <i>1 0 0 0 0.992082 -0.125591 0 0.125591 0.992082 0 2.57153 0.0497236</i>
                        <i>1 0 0 0 0.992064 -0.125736 0 0.125736 0.992064 0 2.57153 0.0497236</i>
                        <i>1 0 0 0 0.992045 -0.12588 0 0.12588 0.992045 0 2.57153 0.0497236</i>
                        <i>1 0 0 0 0.992027 -0.126023 0 0.126023 0.992027 0 2.57153 0.0497236</i>
                        <i>1 0 0 0 0.992009 -0.126165 0 0.126165 0.992009 0 2.57153 0.0497236</i>
                        <i>1 0 0 0 0.991992 -0.126305 0 0.126305 0.991992 0 2.57153 0.0497236</i>
                        <i>1 0 0 0 0.991974 -0.126443 0 0.126443 0.991974 0 2.57153 0.0497236</i>
                        <i>1 0 0 0 0.991957 -0.126579 0 0.126579 0.991957 0 2.57153 0.0497236</i>
                        <i>1 0 0 0 0.991939 -0.126712 0 0.126712 0.991939 0 2.57153 0.0497236</i>
                        <i>1 0 0 0 0.991923 -0.126843 0 0.126843 0.991923 0 2.57153 0.0497236</i>
                        <i>1 0 0 0 0.991906 -0.126972 0 0.126972 0.991906 0 2.57153 0.0497236</i>
                        <i>1 0 0 0 0.99189 -0.127097 0 0.127097 0.99189 0 2.57153 0.0497236</i>
                        <i>1 0 0 0 0.991875 -0.127219 0 0.127219 0.991875 0 2.57153 0.0497236</i>
                        <i>1 0 0 0 0.991859 -0.127337 0 0.127337 0.991859 0 2.57153 0.0497236</i>
                        <i>1 0 0 0 0.991845 -0.127452 0 0.127452 0.991845 0 2.57153 0.0497236</i>
                        <i>1 0 0 0 0.991831 -0.127562 0 0.127562 0.991831 0 2.57153 0.0497236</i>
                        <i>1 0 0 0 0.991817 -0.127668 0 0.127668 0.991817 0 2.57153 0.0497236</i>
                        <i>1 0 0 0 0.991804 -0.12777 0 0.12777 0.991804 0 2.57153 0.0497236</i>
                        <i>1 0 0 0 0.991791 -0.127867 0 0.127867 0.991791 0 2.57153 0.0497236</i>
                        <i>1 0 0 0 0.99178 -0.127959 0 0.127959 0.99178 0 2.57153 0.0497236</i>
                        <i>1 0 0 0 0.991768 -0.128045 0 0.128045 0.991768 0 2.57153 0.0497236</i>
                        <i>1 0 0 0 0.991758 -0.128126 0 0.128126 0.991758 0 2.57153 0.0497236</i>
                        <i>1 0 0 0 0.991748 -0.128202 0 0.128202 0.991748 0 2.57153 0.0497236</i>
                        <i>1 0 0 0 0.991739 -0.128271 0 0.128271 0.991739 0 2.57153 0.0497236</i>
                        <i>1 0 0 0 0.991731 -0.128334 0 0.128334 0.991731 0 2.57153 0.0497236</i>
                        <i>1 0 0 0 0.991724 -0.12839 0 0.12839 0.991724 0 2.57153 0.0497236</i>
                        <i>1 0 0 0 0.991717 -0.12844 0 0.12844 0.991717 0 2.57153 0.0497236</i>
                        <i>1 0 0 0 0.991712 -0.128483 0 0.128483 0.991712 0 2.57153 0.0497236</i>
                        <i>1 0 0 0 0.991707 -0.128519 0 0.128519 0.991707 0 2.57153 0.0497236</i>
                        <i>1 0 0 0 0.991703 -0.128547 0 0.128547 0.991703 0 2.57153 0.0497236</i>
                        <i>1 0 0 0 0.991701 -0.128567 0 0.128567 0.991701 0 2.57153 0.0497236</i>
                        <i>1 0 0 0 0.991699 -0.128579 0 0.128579 0.991699 0 2.57153 0.0497236</i>
                        <i>1 0 0 0 0.991699 -0.128584 0 0.128584 0.991699 0 2.57153 0.0497236</i>
                        <i>1 0 0 0 0.994154 -0.107972 0 0.107972 0.994154 0 2.57153 0.0497236</i>
                        <i>1 0 0 0 0.996181 -0.0873138 0 0.0873138 0.996181 0 2.57153 0.0497236</i>
                        <i>1 0 0 0 0.995183 -0.0980307 0 0.0980307 0.995183 0 2.57153 0.0497236</i>
                        <i>1 0 0 0 0.993025 -0.117902 0 0.117902 0.993025 0 2.57153 0.0497236</i>
                        <i>1 0 0 0 0.991699 -0.128584 0 0.128584 0.991699 0 2.57153 0.0497236</i>
                        <i>1 0 0 0 0.991699 -0.128584 0 0.128584 0.991699 0 2.57153 0.0497236</i>
                        <i>1 0 0 0 0.991699 -0.128584 0 0.128584 0.991699 0 2.57153 0.0497236</i>
                        <i>1 0 0 0 0.991699 -0.128584 0 0.128584 0.991699 0 2.57153 0.0497236</i>
                        <i>1 0 0 0 0.991699 -0.128584 0 0.128584 0.991699 0 2.57153 0.0497236</i>
                        <i>1 0 0 0 0.991699 -0.128584 0 0.128584 0.991699 0 2.57153 0.0497236</i>
                        <i>1 0 0 0 0.991699 -0.128584 0 0.128584 0.991699 0 2.57153 0.0497236</i>
                        <i>1 0 0 0 0.991699 -0.128584 0 0.128584 0.991699 0 2.57153 0.0497236</i>
                        <i>1 0 0 0 0.991699 -0.128584 0 0.128584 0.991699 0 2.57153 0.0497236</i>
                        <i>1 0 0 0 0.991699 -0.128584 0 0.128584 0.991699 0 2.57153 0.0497236</i>
                        <i>1 0 0 0 0.991699 -0.128584 0 0.128584 0.991699 0 2.57153 0.0497236</i>
                        <i>1 0 0 0 0.991699 -0.128584 0 0.128584 0.991699 0 2.57153 0.0497236</i>
                        <i>1 0 0 0 0.991699 -0.128584 0 0.128584 0.991699 0 2.57153 0.0497236</i>
                        <i>1 0 0 0 0.991699 -0.128584 0 0.128584 0.991699 0 2.57153 0.0497236</i>
                        <i>1 0 0 0 0.991699 -0.128584 0 0.128584 0.991699 0 2.57153 0.0497236</i>
                        <i>1 0 0 0 0.991699 -0.128584 0 0.128584 0.991699 0 2.57153 0.0497236</i>
                        <i>1 0 0 0 0.988974 -0.148088 0 0.148088 0.988974 0 2.57153 0.0497236</i>
                        <i>1 0 0 0 0.985866 -0.167534 0 0.167534 0.985866 0 2.57153 0.0497236</i>
                        <i>1 0 0 0 0.987526 -0.157458 0 0.157458 0.987526 0 2.57153 0.0497236</i>
                        <i>1 0 0 0 0.990334 -0.138704 0 0.138704 0.990334 0 2.57153 0.0497236</i>
                        <i>1 0 0 0 0.991699 -0.128584 0 0.128584 0.991699 0 2.57153 0.0497236</i>
                        <i>1 0 0 0 0.991699 -0.128584 0 0.128584 0.991699 0 2.57153 0.0497236</i>
                        <i>1 0 0 0 0.991699 -0.128584 0 0.128584 0.991699 0 2.57153 0.0497236</i>
                        <i>1 0 0 0 0.991699 -0.128584 0 0.128584 0.991699 0 2.57153 0.0497236</i>
                        <i>1 0 0 0 0.991699 -0.128584 0 0.128584 0.991699 0 2.57153 0.0497236</i>
                        <i>1 0 0 0 0.991699 -0.128584 0 0.128584 0.991699 0 2.57153 0.0497236</i>
                        <i>1 0 0 0 0.991705 -0.128535 0 0.128535 0.991705 0 2.57153 0.0497236</i>
                        <i>1 0 0 0 0.991723 -0.128396 0 0.128396 0.991723 0 2.57153 0.0497236</i>
                        <i>1 0 0 0 0.991751 -0.128176 0 0.128176 0.991751 0 2.57153 0.0497236</i>
                        <i>1 0 0 0 0.991789 -0.127886 0 0.127886 0.991789 0 2.57153 0.0497236</i>
                        <i>1 0 0 0 0.991834 -0.127535 0 0.127535 0.991834 0 2.57153 0.0497236</i>
                        <i>1 0 0 0 0.991886 -0.127134 0 0.127134 0.991886 0 2.57153 0.0497236</i>
                        <i>1 0 0 0 0.991942 -0.126692 0 0.126692 0.991942 0 2.57153 0.0497236</i>
                        <i>1 0 0 0 0.992002 -0.126221 0 0.126221 0.992002 0 2.57153 0.0497236</i>
                        <i>1 0 0 0 0.992065 -0.125729 0 0.125729 0.992065 0 2.57153 0.0497236</i>
                        <i>1 0 0 0 0.992128 -0.125227 0 0.125227 0.992128 0 2.57153 0.0497236</i>
                        <i>1 0 0 0 0.992191 -0.124725 0 0.124725 0.992191 0 2.57153 0.0497236</i>
                        <i>1 0 0 0 0.992253 -0.124233 0 0.124233 0.992253 0 2.57153 0.0497236</i>
                        <i>1 0 0 0 0.992312 -0.123762 0 0.123762 0.992312 0 2.57153 0.0497236</i>
                        <i>1 0 0 0 0.992367 -0.12332 0 0.12332 0.992367 0 2.57153 0.0497236</i>
                        <i>1 0 0 0 0.992417 -0.122919 0 0.122919 0.992417 0 2.57153 0.0497236</i>
                        <i>1 0 0 0 0.99246 -0.122568 0 0.122568 0.99246 0 2.57153 0.0497236</i>
                        <i>1 0 0 0 0.992496 -0.122277 0 0.122277 0.992496 0 2.57153 0.0497236</i>
                        <i>1 0 0 0 0.992523 -0.122057 0 0.122057 0.992523 0 2.57153 0.0497236</i>
                        <i>1 0 0 0 0.99254 -0.121918 0 0.121918 0.99254 0 2.57153 0.0497236</i>
                        <i>1 0 0 0 0.992546 -0.121869 0 0.121869 0.992546 0 2.57153 0.0497236</i>
                    </KeyFrames>
                </p>
            </i>
            <i>
                <p>
                    <Name><![CDATA[lid]]></Name>
                    <Exclude>0</Exclude>
                    <Additive>0</Additive>
                    <IKPriority>0</IKPriority>
                    <IKRotLimits>-1e+010 -1e+010 -1e+010 1e+010 1e+010 1e+010</IKRotLimits>
                    <IKRotLimitOrder>0</IKRotLimitOrder>
                    <KeyFrames count="120">
                        <i>-0.710672 0.698279 -0.0857379 -0.703523 -0.705375 0.0866092 0 0.121869 0.992546 0.290476 3.09655 -1.70365</i>
                        <i>-0.710672 0.698279 -0.0857409 -0.703523 -0.705375 0.0866121 0 0.121874 0.992546 0.290476 3.09654 -1.70365</i>
                        <i>-0.710672 0.698278 -0.0857496 -0.703523 -0.705374 0.086621 0 0.121886 0.992544 0.290476 3.09652 -1.70366</i>
                        <i>-0.710672 0.698276 -0.0857639 -0.703523 -0.705372 0.0866354 0 0.121906 0.992542 0.290476 3.09648 -1.70367</i>
                        <i>-0.710672 0.698274 -0.0857837 -0.703523 -0.705369 0.0866554 0 0.121934 0.992538 0.290476 3.09643 -1.70369</i>
                        <i>-0.710672 0.698271 -0.0858088 -0.703523 -0.705366 0.0866807 0 0.12197 0.992534 0.290476 3.09637 -1.7037</i>
                        <i>-0.710672 0.698267 -0.0858389 -0.703523 -0.705362 0.0867112 0 0.122013 0.992528 0.290476 3.09629 -1.70373</i>
                        <i>-0.710672 0.698263 -0.085874 -0.703523 -0.705358 0.0867466 0 0.122063 0.992522 0.290476 3.09621 -1.70375</i>
                        <i>-0.710672 0.698258 -0.0859138 -0.703523 -0.705353 0.0867868 0 0.122119 0.992515 0.290476 3.09611 -1.70378</i>
                        <i>-0.710672 0.698252 -0.0859581 -0.703523 -0.705348 0.0868316 0 0.122182 0.992508 0.290476 3.09599 -1.70382</i>
                        <i>-0.710672 0.698246 -0.0860069 -0.703523 -0.705342 0.0868809 0 0.122252 0.992499 0.290476 3.09587 -1.70385</i>
                        <i>-0.710672 0.69824 -0.0860599 -0.703523 -0.705335 0.0869344 0 0.122327 0.99249 0.290476 3.09574 -1.70389</i>
                        <i>-0.710672 0.698233 -0.086117 -0.703523 -0.705328 0.0869921 0 0.122408 0.99248 0.290476 3.0956 -1.70394</i>
                        <i>-0.710672 0.698225 -0.0861779 -0.703523 -0.70532 0.0870536 0 0.122495 0.992469 0.290476 3.09544 -1.70398</i>
                        <i>-0.710672 0.698217 -0.0862426 -0.703523 -0.705312 0.087119 0 0.122587 0.992458 0.290476 3.09528 -1.70403</i>
                        <i>-0.710672 0.698209 -0.0863108 -0.703523 -0.705304 0.0871878 0 0.122684 0.992446 0.290476 3.09511 -1.70408</i>
                        <i>-0.710672 0.6982 -0.0863823 -0.703523 -0.705295 0.0872601 0 0.122785 0.992433 0.290476 3.09493 -1.70414</i>
                        <i>-0.710672 0.698191 -0.0864571 -0.703523 -0.705285 0.0873356 0 0.122892 0.99242 0.290476 3.09474 -1.70419</i>
                        <i>-0.710672 0.698181 -0.0865349 -0.703523 -0.705276 0.0874142 0 0.123002 0.992406 0.290476 3.09455 -1.70425</i>
                        <i>-0.710672 0.698171 -0.0866155 -0.703523 -0.705266 0.0874956 0 0.123117 0.992392 0.290476 3.09434 -1.70431</i>
