<?xml version="1.0" encoding="ISO-8859-1" ?>
<Animl Version="1">
    <ModellingPackage><![CDATA[Maya.2010]]></ModellingPackage>
    <SrcFile><![CDATA[anims\vehicles\red\~src\air\housefly\housefly_death.mb]]></SrcFile>
    <FramesPerSecond>30</FramesPerSecond>
    <TotalFrames>61</TotalFrames>
    <Skeleton>
        <RefFrame>
            <Name><![CDATA[housefly_ref_frame]]></Name>
            <Exclude>0</Exclude>
            <Additive>0</Additive>
            <IKPriority>0</IKPriority>
            <IKRotLimits>-1e+010 -1e+010 -1e+010 1e+010 1e+010 1e+010</IKRotLimits>
            <IKRotLimitOrder>0</IKRotLimitOrder>
            <KeyFrames count="61">
                <i>1 0 0 0 1 0 0 0 1 0 0 0</i>
                <i>1 0 0 0 1 0 0 0 1 0 0 0</i>
                <i>1 0 0 0 1 0 0 0 1 0 0 0</i>
                <i>1 0 0 0 1 0 0 0 1 0 0 0</i>
                <i>1 0 0 0 1 0 0 0 1 0 0 0</i>
                <i>1 0 0 0 1 0 0 0 1 0 0 0</i>
                <i>1 0 0 0 1 0 0 0 1 0 0 0</i>
                <i>1 0 0 0 1 0 0 0 1 0 0 0</i>
                <i>1 0 0 0 1 0 0 0 1 0 0 0</i>
                <i>1 0 0 0 1 0 0 0 1 0 0 0</i>
                <i>1 0 0 0 1 0 0 0 1 0 0 0</i>
                <i>1 0 0 0 1 0 0 0 1 0 0 0</i>
                <i>1 0 0 0 1 0 0 0 1 0 0 0</i>
                <i>1 0 0 0 1 0 0 0 1 0 0 0</i>
                <i>1 0 0 0 1 0 0 0 1 0 0 0</i>
                <i>1 0 0 0 1 0 0 0 1 0 0 0</i>
                <i>1 0 0 0 1 0 0 0 1 0 0 0</i>
                <i>1 0 0 0 1 0 0 0 1 0 0 0</i>
                <i>1 0 0 0 1 0 0 0 1 0 0 0</i>
                <i>1 0 0 0 1 0 0 0 1 0 0 0</i>
                <i>1 0 0 0 1 0 0 0 1 0 0 0</i>
                <i>1 0 0 0 1 0 0 0 1 0 0 0</i>
                <i>1 0 0 0 1 0 0 0 1 0 0 0</i>
                <i>1 0 0 0 1 0 0 0 1 0 0 0</i>
                <i>1 0 0 0 1 0 0 0 1 0 0 0</i>
                <i>1 0 0 0 1 0 0 0 1 0 0 0</i>
                <i>1 0 0 0 1 0 0 0 1 0 0 0</i>
                <i>1 0 0 0 1 0 0 0 1 0 0 0</i>
                <i>1 0 0 0 1 0 0 0 1 0 0 0</i>
                <i>1 0 0 0 1 0 0 0 1 0 0 0</i>
                <i>1 0 0 0 1 0 0 0 1 0 0 0</i>
                <i>1 0 0 0 1 0 0 0 1 0 0 0</i>
                <i>1 0 0 0 1 0 0 0 1 0 0 0</i>
                <i>1 0 0 0 1 0 0 0 1 0 0 0</i>
                <i>1 0 0 0 1 0 0 0 1 0 0 0</i>
                <i>1 0 0 0 1 0 0 0 1 0 0 0</i>
                <i>1 0 0 0 1 0 0 0 1 0 0 0</i>
                <i>1 0 0 0 1 0 0 0 1 0 0 0</i>
                <i>1 0 0 0 1 0 0 0 1 0 0 0</i>
                <i>1 0 0 0 1 0 0 0 1 0 0 0</i>
                <i>1 0 0 0 1 0 0 0 1 0 0 0</i>
                <i>1 0 0 0 1 0 0 0 1 0 0 0</i>
                <i>1 0 0 0 1 0 0 0 1 0 0 0</i>
                <i>1 0 0 0 1 0 0 0 1 0 0 0</i>
                <i>1 0 0 0 1 0 0 0 1 0 0 0</i>
                <i>1 0 0 0 1 0 0 0 1 0 0 0</i>
                <i>1 0 0 0 1 0 0 0 1 0 0 0</i>
                <i>1 0 0 0 1 0 0 0 1 0 0 0</i>
                <i>1 0 0 0 1 0 0 0 1 0 0 0</i>
                <i>1 0 0 0 1 0 0 0 1 0 0 0</i>
                <i>1 0 0 0 1 0 0 0 1 0 0 0</i>
                <i>1 0 0 0 1 0 0 0 1 0 0 0</i>
                <i>1 0 0 0 1 0 0 0 1 0 0 0</i>
                <i>1 0 0 0 1 0 0 0 1 0 0 0</i>
                <i>1 0 0 0 1 0 0 0 1 0 0 0</i>
                <i>1 0 0 0 1 0 0 0 1 0 0 0</i>
                <i>1 0 0 0 1 0 0 0 1 0 0 0</i>
                <i>1 0 0 0 1 0 0 0 1 0 0 0</i>
                <i>1 0 0 0 1 0 0 0 1 0 0 0</i>
                <i>1 0 0 0 1 0 0 0 1 0 0 0</i>
                <i>1 0 0 0 1 0 0 0 1 0 0 0</i>
            </KeyFrames>
        </RefFrame>
        <Bones count="18">
            <i>
                <p>
                    <Name><![CDATA[housefly_root]]></Name>
                    <Exclude>0</Exclude>
                    <Additive>0</Additive>
                    <IKPriority>0</IKPriority>
                    <IKRotLimits>-1e+010 -1e+010 -1e+010 1e+010 1e+010 1e+010</IKRotLimits>
                    <IKRotLimitOrder>0</IKRotLimitOrder>
                    <KeyFrames count="61">
                        <i>0.99998 0.0063286 0 -0.0063286 0.99998 0 0 0 1 0 -0.0203545 0</i>
                        <i>0.9991 -0.0424192 0 0.0421864 0.993618 0.104614 -0.00443765 -0.10452 0.994513 0 0.293409 0</i>
                        <i>0.984087 -0.177685 0 0.173796 0.962547 0.20808 -0.0369729 -0.204769 0.978112 0 0.607173 0</i>
                        <i>0.925986 -0.377558 0 0.362335 0.88865 0.281095 -0.10613 -0.26029 0.95968 0 0.271014 0</i>
                        <i>0.794335 -0.60748 0 0.577989 0.755773 0.307791 -0.186977 -0.244489 0.951454 0 -0.065145 0</i>
                        <i>0.572952 -0.819589 0 0.780191 0.54541 0.306318 -0.251055 -0.175506 0.951929 0 -0.229828 0</i>
                        <i>0.271865 -0.962336 2.77556e-017 0.918058 0.259356 0.299839 -0.288546 -0.0815156 0.95399 0 -0.39451 0</i>
                        <i>-0.0712263 -0.99746 0 0.958739 -0.0684614 0.27592 -0.275219 0.0196527 0.961181 0 -0.512668 0</i>
                        <i>-0.402849 -0.915266 0 0.87812 -0.3865 0.281998 -0.258103 0.113603 0.959415 0 -0.58715 0</i>
                        <i>-0.673973 -0.738756 0 0.708579 -0.646442 0.282894 -0.20899 0.190663 0.959151 0 -0.652243 0</i>
                        <i>-0.857816 -0.513957 6.93889e-018 0.500485 -0.835332 0.227454 -0.116901 0.195114 0.973789 0 -0.708579 0</i>
                        <i>-0.956221 -0.292647 -6.93889e-018 0.279182 -0.912225 0.299839 -0.087747 0.286712 0.95399 0 -0.756792 0</i>
                        <i>-0.993052 -0.117677 0 0.113109 -0.954502 0.27592 -0.0324693 0.274003 0.961181 0 -0.797515 0</i>
                        <i>-0.999842 -0.0177783 0 0.0170568 -0.959263 0.281998 -0.00501345 0.281953 0.959415 0 -0.83138 0</i>
                        <i>-0.999518 0.0310569 0 -0.0297882 -0.958689 0.282894 0.0087858 0.282757 0.959151 0 -0.859021 0</i>
                        <i>-0.997737 0.0672315 0 -0.0654693 -0.971586 0.227454 0.0152921 0.226939 0.973789 0 -0.877197 0</i>
                        <i>-0.995724 0.0923785 -1.73472e-018 -0.0881281 -0.949911 0.299839 0.0276987 0.298557 0.95399 0 -0.884265 0</i>
                        <i>-0.994133 0.108163 1.73472e-018 -0.103964 -0.955542 0.27592 0.0298442 0.274301 0.961181 0 -0.883255 0</i>
                        <i>-0.993221 0.116241 0 -0.111523 -0.952911 0.281998 0.0327796 0.280086 0.959415 0 -0.877197 0</i>
                        <i>-0.992984 0.118249 0 -0.113419 -0.952422 0.282894 0.0334521 0.280909 0.959151 0 -0.869118 0</i>
                        <i>-0.993271 0.115811 1.73472e-018 -0.112775 -0.967237 0.227454 0.0263416 0.225923 0.973789 0 -0.86205 0</i>
                        <i>-0.993872 0.11054 1.73472e-018 -0.107602 -0.967457 0.229017 0.0253156 0.227614 0.973422 0 -0.859021 0</i>
                        <i>-0.994866 0.101202 1.73472e-018 -0.0984107 -0.967422 0.233258 0.0236062 0.23206 0.972415 0 -0.859021 0</i>
                        <i>-0.996279 0.0861877 0 -0.0836793 -0.967284 0.239499 0.0206418 0.238607 0.970897 0 -0.859021 0</i>
                        <i>-0.997783 0.0665488 0 -0.0644858 -0.966851 0.247063 0.0164418 0.246516 0.968999 0 -0.859021 0</i>
                        <i>-0.99906 0.0433473 8.67362e-019 -0.0419111 -0.965959 0.255279 0.0110656 0.255039 0.966868 0 -0.859021 0</i>
                        <i>-0.999844 0.0176575 -4.33681e-019 -0.0170336 -0.964516 0.263476 0.00465232 0.263435 0.964666 0 -0.859021 0</i>
                        <i>-0.999955 -0.00943425 0 0.00908123 -0.962539 0.270991 -0.0025566 0.270979 0.962582 0 -0.859021 0</i>
                        <i>-0.999321 -0.036834 0 0.0353909 -0.960169 0.277168 -0.0102092 0.27698 0.960821 0 -0.859021 0</i>
                        <i>-0.997985 -0.0634477 1.73472e-018 0.0608847 -0.957671 0.281353 -0.0178512 0.280787 0.959604 0 -0.859021 0</i>
                        <i>-0.996104 -0.0881886 1.73472e-018 0.0845862 -0.955414 0.282894 -0.024948 0.281792 0.959151 0 -0.859021 0</i>
                        <i>-0.993933 -0.109983 0 0.107101 -0.967881 0.227454 -0.0250161 0.226074 0.973789 0 -0.859021 0</i>
                        <i>-0.991803 -0.127774 0 0.121895 -0.94617 0.299839 -0.0383116 0.297381 0.95399 0 -0.859021 0</i>
                        <i>-0.990079 -0.140515 0 0.13506 -0.951644 0.27592 -0.0387708 0.273182 0.961181 0 -0.859021 0</i>
                        <i>-0.989112 -0.147167 0 0.141155 -0.948708 0.282894 -0.0416327 0.279814 0.959151 0 -0.859021 0</i>
                        <i>-0.988715 -0.149808 0 0.143688 -0.948327 0.282894 -0.0423797 0.279701 0.959151 0 -0.859021 0</i>
                        <i>-0.988494 -0.151259 -3.46945e-018 0.1443 -0.943013 0.299839 -0.0453534 0.296389 0.95399 0 -0.859021 0</i>
                        <i>-0.988443 -0.151595 -3.46945e-018 0.14571 -0.950072 0.27592 -0.041828 0.272731 0.961181 0 -0.859021 0</i>
                        <i>-0.988551 -0.150887 -3.46945e-018 0.144764 -0.948431 0.281998 -0.0425499 0.278769 0.959415 0 -0.859021 0</i>
                        <i>-0.988806 -0.14921 0 0.143115 -0.948414 0.282894 -0.0422105 0.279727 0.959151 0 -0.859021 0</i>
                        <i>-0.989191 -0.146633 0 0.140592 -0.948432 0.284096 -0.0416579 0.281025 0.958796 0 -0.859021 0</i>
                        <i>-0.989689 -0.143231 0 0.137249 -0.948359 0.285968 -0.0409594 0.28302 0.958239 0 -0.859021 0</i>
                        <i>-0.990282 -0.139073 0 0.13318 -0.948323 0.288004 -0.0400535 0.285205 0.957629 0 -0.859021 0</i>
                        <i>-0.99095 -0.134232 -6.93889e-018 0.128476 -0.948457 0.289695 -0.0388864 0.287073 0.957119 0 -0.859021 0</i>
                        <i>-0.991673 -0.12878 0 0.123225 -0.948896 0.290537 -0.0374153 0.288118 0.956864 0 -0.859021 0</i>
                        <i>-0.992433 -0.122788 -3.46945e-018 0.117511 -0.949778 0.290023 -0.0356114 0.287828 0.95702 0 -0.859021 0</i>
                        <i>-0.993211 -0.116329 0 0.111412 -0.951235 0.287646 -0.0334615 0.285693 0.957737 0 -0.859021 0</i>
                        <i>-0.99399 -0.109474 -1.73472e-018 0.105002 -0.953386 0.282894 -0.0309696 0.281194 0.959151 0 -0.859021 0</i>
                        <i>-0.994754 -0.102297 0 0.0996159 -0.96868 0.227454 -0.0232679 0.226261 0.973789 0 -0.859021 0</i>
                        <i>-0.99549 -0.0948707 -1.73472e-018 0.0905056 -0.949687 0.299839 -0.0284459 0.298487 0.95399 0 -0.859021 0</i>
                        <i>-0.996185 -0.0872677 1.73472e-018 0.08388 -0.957514 0.27592 -0.0240789 0.274867 0.961181 0 -0.859021 0</i>
                        <i>-0.99683 -0.0795618 -1.73472e-018 0.0763328 -0.956374 0.281998 -0.0224362 0.281104 0.959415 0 -0.859021 0</i>
                        <i>-0.997417 -0.0718267 0 0.0688927 -0.956674 0.282894 -0.0203193 0.282163 0.959151 0 -0.859021 0</i>
                        <i>-0.997941 -0.0641363 0 0.0615099 -0.957075 0.283237 -0.0181658 0.282654 0.95905 0 -0.859021 0</i>
                        <i>-0.998399 -0.0565645 0 0.0542475 -0.957502 0.283279 -0.0160235 0.282825 0.959038 0 -0.859021 0</i>
                        <i>-0.99879 -0.0491855 0 0.0471735 -0.957933 0.283089 -0.0139239 0.282746 0.959094 0 -0.859021 0</i>
                        <i>-0.999115 -0.0420735 0 0.0403568 -0.958348 0.282736 -0.0118957 0.282486 0.959198 0 -0.859021 0</i>
                        <i>-0.999377 -0.0353027 -8.67362e-019 0.0338669 -0.958731 0.282291 -0.00996564 0.282115 0.959329 0 -0.859021 0</i>
                        <i>-0.999581 -0.0289471 0 0.0277738 -0.959064 0.281823 -0.00815797 0.281705 0.959466 0 -0.859021 0</i>
                        <i>-0.999734 -0.023081 0 0.0221483 -0.959335 0.281401 -0.00649502 0.281326 0.95959 0 -0.859021 0</i>
                        <i>-0.999842 -0.0177783 0 0.0170615 -0.959528 0.281095 -0.0049974 0.281051 0.95968 0 -0.859021 0</i>
                    </KeyFrames>
                </p>
            </i>
            <i>
                <p>
                    <Name><![CDATA[abdomen]]></Name>
                    <Exclude>0</Exclude>
                    <Additive>0</Additive>
                    <IKPriority>0</IKPriority>
                    <IKRotLimits>-1e+010 -1e+010 -1e+010 1e+010 1e+010 1e+010</IKRotLimits>
                    <IKRotLimitOrder>0</IKRotLimitOrder>
                    <KeyFrames count="61">
                        <i>1 -0.000453481 0 0.000437952 0.965755 0.259454 -0.000117657 -0.259454 0.965755 0 -0.0203545 -1.21073</i>
                        <i>0.998791 -0.049157 -0.000709501 0.0470003 0.95054 0.307027 -0.0144181 -0.306689 0.951701 0.00537278 0.419955 -1.20408</i>
                        <i>0.982886 -0.184209 -0.00141122 0.172883 0.919753 0.352371 -0.063612 -0.346584 0.935859 0.044764 0.855093 -1.18423</i>
                        <i>0.923507 -0.383576 -0.00190641 0.357194 0.858155 0.368759 -0.139811 -0.341232 0.929523 0.128494 0.586154 -1.16191</i>
                        <i>0.790397 -0.612592 -0.00208746 0.576546 0.742728 0.340514 -0.207045 -0.270344 0.940237 0.226378 0.230865 -1.15195</i>
                        <i>0.567647 -0.823269 -0.00207747 0.789706 0.543789 0.284004 -0.232682 -0.162855 0.958821 0.303959 -0.0173383 -1.15253</i>
                        <i>0.265632 -0.964072 -0.00203353 0.940107 0.25856 0.222139 -0.213633 -0.0609191 0.975013 0.34935 -0.295817 -1.15502</i>
                        <i>-0.0777269 -0.996973 -0.00187131 0.986742 -0.0771973 0.142758 -0.14247 0.00924966 0.989756 0.333215 -0.536462 -1.16373</i>
                        <i>-0.408795 -0.912624 -0.00191253 0.90837 -0.40709 0.0956145 -0.0880386 0.0373495 0.995417 0.312492 -0.724692 -1.16159</i>
                        <i>-0.678763 -0.734355 -0.00191861 0.733539 -0.678128 0.0454213 -0.0346564 0.0294229 0.998966 0.253029 -0.883083 -1.16127</i>
                        <i>-0.861191 -0.50828 -0.00154261 0.507445 -0.859594 -0.0599834 0.0291623 -0.05244 0.998198 0.141536 -0.944808 -1.17899</i>
                        <i>-0.958092 -0.286453 -0.00203353 0.286388 -0.957665 -0.0293267 0.00645327 -0.02868 0.999568 0.106238 -1.10392 -1.15502</i>
                        <i>-0.993796 -0.1112 -0.00187131 0.111164 -0.992667 -0.0474921 0.00342356 -0.0474055 0.99887 0.0393115 -1.12926 -1.16373</i>
                        <i>-0.999935 -0.0112721 -0.00191253 0.0112753 -0.999935 -0.00164714 -0.00189384 -0.00166858 0.999997 0.00606991 -1.17275 -1.16159</i>
                        <i>-0.999293 0.037558 -0.00191861 -0.0369644 -0.990329 -0.133725 -0.00692252 -0.13356 0.991017 -0.0106372 -1.20136 -1.16127</i>
                        <i>-0.99727 0.0738193 -0.00154261 -0.0731522 -0.990662 -0.115056 -0.0100216 -0.114629 0.993358 -0.0185145 -1.15196 -1.17899</i>
                        <i>-0.995103 0.0988187 -0.00203353 -0.0988279 -0.994457 0.0359029 0.00152562 0.035928 0.999353 -0.0335355 -1.24574 -1.15502</i>
                        <i>-0.993405 0.114641 -0.00187131 -0.114623 -0.993377 -0.00797622 -0.00277331 -0.00770914 0.999966 -0.0361332 -1.21536 -1.16373</i>
                        <i>-0.992442 0.122701 -0.00191253 -0.121328 -0.983437 -0.134651 -0.0184027 -0.133401 0.990891 -0.0396872 -1.2163 -1.16159</i>
                        <i>-0.992192 0.124706 -0.00191861 -0.124252 -0.989676 -0.0714304 -0.0108066 -0.0706343 0.997444 -0.0405013 -1.20922 -1.16127</i>
                        <i>-0.992484 0.122368 -0.00154261 -0.121999 -0.990323 -0.0661537 -0.00962278 -0.0654682 0.997808 -0.0318925 -1.13558 -1.17899</i>
                        <i>-0.993119 0.117099 -0.00155321 -0.116825 -0.991548 -0.0564237 -0.00814723 -0.055854 0.998406 -0.0306503 -1.1346 -1.17855</i>
                        <i>-0.994175 0.107761 -0.00158197 -0.107533 -0.992837 -0.0520718 -0.00718195 -0.0515984 0.998642 -0.0285807 -1.13998 -1.17733</i>
                        <i>-0.995688 0.0927459 -0.00162429 -0.0925754 -0.994658 -0.0456566 -0.00585008 -0.0453094 0.998956 -0.0249916 -1.14791 -1.17549</i>
                        <i>-0.997323 0.0731046 -0.0016756 -0.0729889 -0.996614 -0.0378644 -0.00443798 -0.0376407 0.999282 -0.0199065 -1.15748 -1.17319</i>
                        <i>-0.998753 0.0498975 -0.00173132 -0.0498252 -0.998326 -0.0293819 -0.0031945 -0.029259 0.999567 -0.0133975 -1.1678 -1.17061</i>
                        <i>-0.999706 0.0241985 -0.00178691 -0.0241559 -0.99949 -0.0208973 -0.00229168 -0.020848 0.99978 -0.00563269 -1.17797 -1.16795</i>
                        <i>-0.999994 -0.00290603 -0.00183788 0.00292986 -0.99991 -0.0130993 -0.00179965 -0.0131046 0.999913 0.00309534 -1.1871 -1.16542</i>
                        <i>-0.999538 -0.0303212 -0.00187977 0.0303331 -0.999518 -0.00667688 -0.00167642 -0.00673081 0.999976 0.0123606 -1.19437 -1.16329</i>
                        <i>-0.998375 -0.0569513 -0.00190816 0.0569556 -0.998374 -0.00231858 -0.00177301 -0.00242349 0.999995 0.021613 -1.19898 -1.16182</i>
                        <i>-0.996655 -0.0817069 -0.00191861 0.0817084 -0.996656 -0.000712882 -0.00185394 -0.00086726 0.999998 0.0302052 -1.20019 -1.16127</i>
                        <i>-0.994637 -0.103417 -0.00154261 0.102724 -0.986017 -0.131219 0.0120491 -0.130673 0.991352 0.0302877 -1.13273 -1.17899</i>
                        <i>-0.992607 -0.121354 -0.00203353 0.120767 -0.985862 -0.116151 0.0120906 -0.115538 0.99323 0.0463848 -1.21907 -1.15502</i>
                        <i>-0.990972 -0.134058 -0.00187131 0.132981 -0.981049 -0.14092 0.0170556 -0.139897 0.990019 0.0469409 -1.18977 -1.16373</i>
                        <i>-0.990046 -0.140729 -0.00191861 0.140335 -0.986048 -0.0895331 0.0107081 -0.0889112 0.995982 0.0504058 -1.1978 -1.16127</i>
                        <i>-0.989667 -0.143373 -0.00191861 0.143382 -0.989649 -0.00597023 -0.00104278 -0.00618361 0.99998 0.0513103 -1.19766 -1.16127</i>
                        <i>-0.98945 -0.14486 -0.00203353 0.144733 -0.987763 -0.0581124 0.00640952 -0.0577936 0.998308 0.0549106 -1.21787 -1.15502</i>
                        <i>-0.989408 -0.145148 -0.00187131 0.144337 -0.982346 -0.119006 0.0154352 -0.118016 0.992892 0.0506422 -1.18922 -1.16373</i>
                        <i>-0.98951 -0.144452 -0.00191253 0.144437 -0.988977 -0.032584 0.00281537 -0.0325184 0.999467 0.0515163 -1.19653 -1.16159</i>
                        <i>-0.989753 -0.142774 -0.00191861 0.142773 -0.989755 0.000455329 -0.00196396 0.000176739 0.999998 0.0511054 -1.19769 -1.16127</i>
                        <i>-0.990122 -0.140198 -0.00192675 0.14019 -0.990118 0.00360791 -0.00241353 0.00330211 0.999992 0.0504363 -1.19926 -1.16084</i>
                        <i>-0.990597 -0.136796 -0.00193945 0.136778 -0.990574 0.00746089 -0.00294179 0.00712546 0.99997 0.0495907 -1.20168 -1.16017</i>
                        <i>-0.991163 -0.132638 -0.00195326 0.132608 -0.991102 0.011485 -0.00345923 0.0111245 0.999932 0.0484939 -1.20433 -1.15943</i>
                        <i>-0.991798 -0.127797 -0.00196473 0.127753 -0.99169 0.015151 -0.00388465 0.0147758 0.999883 0.0470808 -1.20659 -1.15881</i>
                        <i>-0.992486 -0.122342 -0.00197044 0.122287 -0.992333 0.0179297 -0.00414888 0.017554 0.999837 0.0452997 -1.20785 -1.1585</i>
                        <i>-0.993207 -0.116344 -0.00196695 0.116285 -0.993029 0.019292 -0.00419774 0.0189322 0.999812 0.0431156 -1.2075 -1.15869</i>
                        <i>-0.993944 -0.109875 -0.00195083 0.109819 -0.993775 0.0187088 -0.00399431 0.0183813 0.999823 0.0405127 -1.20492 -1.15956</i>
                        <i>-0.994679 -0.103006 -0.00191861 0.102963 -0.994562 0.0156509 -0.0035203 0.0153701 0.999876 0.0374957 -1.19947 -1.16127</i>
                        <i>-0.995407 -0.0957252 -0.00154261 0.0957106 -0.994614 -0.0397849 0.00227412 -0.0397498 0.999207 0.0281711 -1.13296 -1.17899</i>
                        <i>-0.996081 -0.0884276 -0.00203353 0.0884509 -0.995776 -0.0246494 0.000154747 -0.0247326 0.999694 0.0344402 -1.22041 -1.15502</i>
                        <i>-0.996731 -0.0807718 -0.00187131 0.0802287 -0.986765 -0.14092 0.00953582 -0.140609 0.990019 0.0291529 -1.19181 -1.16373</i>
                        <i>-0.997325 -0.0730738 -0.00191253 0.073077 -0.997325 -0.00164714 -0.00178705 -0.0017825 0.999997 0.0271642 -1.19936 -1.16159</i>
                        <i>-0.997861 -0.0653368 -0.00191861 0.0653175 -0.995588 -0.067369 0.00249154 -0.0673502 0.997726 0.0246012 -1.20064 -1.16127</i>
                        <i>-0.998335 -0.0576439 -0.00192093 0.0573848 -0.989403 -0.133371 0.00578744 -0.133259 0.991064 0.0219938 -1.20124 -1.16115</i>
                        <i>-0.998744 -0.0500693 -0.00192121 0.05007 -0.998746 -0.000311709 -0.0019032 -0.000407495 0.999998 0.0194001 -1.20144 -1.16113</i>
                        <i>-0.999087 -0.0426876 -0.00191993 0.0427201 -0.996827 -0.0671664 0.000953339 -0.067187 0.99774 0.016858 -1.20135 -1.1612</i>
                        <i>-0.999365 -0.035573 -0.00191754 0.0355093 -0.99036 -0.133888 0.00286374 -0.133871 0.990995 0.0144025 -1.20103 -1.16133</i>
                        <i>-0.999583 -0.0287997 -0.00191452 0.0288455 -0.994445 -0.101228 0.00101145 -0.101241 0.994861 0.0120657 -1.20059 -1.16148</i>
                        <i>-0.999746 -0.022442 -0.00191134 0.0225202 -0.997398 -0.0684824 -0.000369487 -0.0685081 0.99765 0.00987707 -1.20009 -1.16165</i>
                        <i>-0.999861 -0.0165742 -0.00190848 0.0166317 -0.999227 -0.0356147 -0.00131672 -0.0356415 0.999364 0.00786369 -1.19963 -1.1618</i>
                        <i>-0.999935 -0.0112703 -0.00190641 0.0112752 -0.999933 -0.00258762 -0.00187712 -0.00260892 0.999995 0.00605049 -1.1993 -1.16191</i>
                    </KeyFrames>
                </p>
            </i>
            <i>
                <p>
                    <Name><![CDATA[r_wing]]></Name>
                    <Exclude>0</Exclude>
                    <Additive>0</Additive>
                    <IKPriority>0</IKPriority>
                    <IKRotLimits>-1e+010 -1e+010 -1e+010 1e+010 1e+010 1e+010</IKRotLimits>
                    <IKRotLimitOrder>0</IKRotLimitOrder>
                    <KeyFrames count="61">
                        <i>0.661112 0.737869 -0.135941 -0.737519 0.605822 -0.298404 -0.137827 0.297538 0.944709 -0.711262 0.753336 0.531145</i>
                        <i>0.703641 0.708333 -0.0561667 -0.699544 0.676706 -0.229578 -0.124609 0.200831 0.971668 -0.675244 1.04107 0.609638</i>
                        <i>0.808849 0.587471 0.0253181 -0.577967 0.802214 -0.149687 -0.108247 0.106441 0.988409 -0.579505 1.37295 0.681442</i>
                        <i>0.925319 0.370038 0.0828054 -0.363955 0.927985 -0.0798806 -0.106401 0.0437775 0.993359 -0.428481 1.09098 0.72847</i>
                        <i>0.992056 0.0705594 0.104149 -0.0668644 0.997017 -0.0385582 -0.106558 0.031288 0.993814 -0.210614 0.822215 0.744875</i>
                        <i>0.956291 -0.273168 0.104337 0.276505 0.96083 -0.0187069 -0.0951403 0.0467391 0.994366 0.0690739 0.680296 0.743981</i>
                        <i>0.793094 -0.600734 0.100604 0.604271 0.796757 -0.0060086 -0.0765476 0.0655577 0.994908 0.369119 0.443765 0.740034</i>
                        <i>0.523541 -0.847641 0.0860773 0.851349 0.524414 -0.0139556 -0.0333108 0.0805882 0.996191 0.650198 0.149053 0.72524</i>
                        <i>0.283991 -0.954825 0.0875087 0.958591 0.280714 -0.0479867 0.021254 0.0975129 0.995007 0.830795 -0.181076 0.729032</i>
                        <i>-0.327867 -0.941312 0.0802161 0.942258 -0.319698 0.0997156 -0.0682185 0.108278 0.991777 0.916457 -0.532198 0.729589</i>
                        <i>-0.742394 -0.668951 0.0368292 0.666301 -0.731479 0.144848 -0.0699561 0.132073 0.988768 0.933294 -0.891947 0.694222</i>
                        <i>-0.724791 -0.682687 0.0928251 0.688939 -0.7194 0.0884688 0.0063818 0.128072 0.991744 0.846074 -1.10767 0.740034</i>
                        <i>-0.613043 -0.786284 0.0770444 0.780559 -0.617862 -0.0947344 0.122091 0.00206149 0.992517 0.772216 -1.31163 0.72524</i>
                        <i>-0.68647 -0.722604 0.0812563 0.716775 -0.691246 -0.0917175 0.122444 -0.00471879 0.992464 0.71685 -1.41554 0.729032</i>
                        <i>-0.752824 -0.652615 0.0857233 0.649113 -0.757675 -0.067685 0.109123 0.0046892 0.994017 0.687497 -1.4768 0.729589</i>
                        <i>-0.670815 -0.741226 0.0243344 0.726654 -0.663479 -0.178239 0.148261 -0.101882 0.983686 0.661929 -1.56021 0.694222</i>
                        <i>-0.734297 -0.672736 0.0907417 0.665466 -0.739774 -0.0994445 0.134028 -0.0126363 0.990897 0.649464 -1.53014 0.740034</i>
                        <i>-0.785518 -0.613807 0.078755 0.608118 -0.789219 -0.0855951 0.114694 -0.0193442 0.993213 0.637157 -1.55754 0.72524</i>
                        <i>-0.729648 -0.679894 0.0732016 0.669342 -0.732006 -0.127076 0.139982 -0.0437238 0.989188 0.632189 -1.55207 0.729032</i>
                        <i>-0.671949 -0.738042 0.0614706 0.722205 -0.671384 -0.166326 0.164026 -0.0673681 0.984153 0.630903 -1.54459 0.729589</i>
                        <i>-0.805958 -0.590115 0.0468549 0.583026 -0.804996 -0.109824 0.102527 -0.0611962 0.992846 0.627831 -1.57654 0.694222</i>
                        <i>-0.702398 -0.711325 0.0255943 0.697094 -0.694724 -0.177254 0.143866 -0.106661 0.983832 0.631736 -1.56906 0.695244</i>
                        <i>-0.740688 -0.670682 0.0395929 0.659739 -0.737211 -0.14582 0.126987 -0.0818864 0.988518 0.638682 -1.56007 0.698008</i>
                        <i>-0.771988 -0.633466 0.0524994 0.625716 -0.771878 -0.112625 0.111867 -0.0540954 0.99225 0.64957 -1.54588 0.702058</i>
                        <i>-0.697416 -0.71518 0.0461443 0.703135 -0.695281 -0.14895 0.138609 -0.0714346 0.987767 0.663337 -1.52747 0.706938</i>
                        <i>-0.61469 -0.787845 0.0381562 0.7708 -0.610251 -0.182922 0.167399 -0.0830298 0.982387 0.678951 -1.50586 0.712198</i>
                        <i>-0.744038 -0.664239 0.0720672 0.659237 -0.747391 -0.0825506 0.108696 -0.0139114 0.993978 0.695457 -1.48213 0.717408</i>
                        <i>-0.706074 -0.704161 0.0749537 0.698411 -0.709946 -0.0905477 0.116973 -0.0115849 0.993068 0.712029 -1.45745 0.722149</i>
                        <i>-0.676425 -0.73235 0.078182 0.726484 -0.680903 -0.0926977 0.121121 -0.00590511 0.99262 0.72799 -1.43307 0.726021</i>
                        <i>-0.654653 -0.751575 0.0810152 0.746054 -0.659646 -0.0909422 0.121791 0.000906072 0.992555 0.742826 -1.4103 0.728631</i>
                        <i>-0.639744 -0.764135 0.08261 0.759163 -0.645019 -0.0872988 0.119993 0.00686562 0.992751 0.756171 -1.39054 0.729589</i>
                        <i>-0.629937 -0.775438 0.0433016 0.766839 -0.629848 -0.123489 0.123031 -0.0445847 0.991401 0.772122 -1.41444 0.694222</i>
                        <i>-0.625073 -0.774577 0.0965148 0.772656 -0.631549 -0.0644146 0.110848 0.0343089 0.993245 0.775068 -1.3471 0.740034</i>
                        <i>-0.621562 -0.77927 0.0799964 0.775445 -0.626545 -0.0782703 0.111115 0.0133829 0.993717 0.783851 -1.35522 0.72524</i>
                        <i>-0.618922 -0.780818 0.0851979 0.777862 -0.624367 -0.0713854 0.108934 0.0220903 0.993804 0.786391 -1.34471 0.729589</i>
                        <i>-0.612442 -0.785955 0.0847888 0.782731 -0.617928 -0.0741356 0.110661 0.0209631 0.993637 0.787685 -1.34261 0.729589</i>
                        <i>-0.531688 -0.842307 0.0884636 0.835215 -0.53878 -0.110149 0.140442 0.0153209 0.98997 0.786426 -1.32858 0.740034</i>
                        <i>-0.61093 -0.787651 0.0798086 0.783763 -0.615961 -0.079423 0.111717 0.014029 0.993641 0.789359 -1.34641 0.72524</i>
                        <i>-0.571494 -0.81672 0.0797724 0.810707 -0.57698 -0.0992405 0.127079 0.00795673 0.991861 0.788316 -1.34242 0.729032</i>
                        <i>-0.533217 -0.842636 0.075126 0.833789 -0.538478 -0.121804 0.14309 -0.0023085 0.989707 0.787393 -1.34308 0.729589</i>
                        <i>-0.625982 -0.77501 0.0866357 0.772591 -0.631436 -0.0662757 0.106069 0.0254466 0.994033 0.785995 -1.34423 0.730336</i>
                        <i>-0.56102 -0.823864 0.0806557 0.816984 -0.566755 -0.106426 0.133392 0.00618756 0.991044 0.784117 -1.34552 0.731497</i>
                        <i>-0.592659 -0.800893 0.0855901 0.79621 -0.598593 -0.0879478 0.12167 0.0160246 0.992441 0.781851 -1.34726 0.732757</i>
                        <i>-0.624816 -0.775607 0.0896514 0.77298 -0.630671 -0.0689647 0.11003 0.0262084 0.993583 0.779282 -1.34979 0.733802</i>
                        <i>-0.609548 -0.787807 0.0883792 0.783917 -0.615595 -0.08073 0.118005 0.0200731 0.99281 0.776487 -1.35343 0.734322</i>
                        <i>-0.569675 -0.8177 0.0826829 0.810483 -0.575621 -0.108526 0.136336 0.00518848 0.990649 0.773536 -1.35851 0.734005</i>
                        <i>-0.481565 -0.87396 0.0654973 0.858835 -0.485479 -0.163442 0.174639 -0.0224564 0.984376 0.770481 -1.36534 0.732536</i>
                        <i>-0.653823 -0.751776 0.0857233 0.748989 -0.659117 -0.067685 0.107386 0.0199518 0.994017 0.767367 -1.37424 0.729589</i>
                        <i>-0.535946 -0.843902 0.0243344 0.8283 -0.531178 -0.178239 0.163342 -0.0753702 0.983686 0.767806 -1.42039 0.694222</i>
                        <i>-0.545853 -0.833697 0.083622 0.823526 -0.552218 -0.12985 0.154433 -0.0020144 0.988001 0.758486 -1.37249 0.740034</i>
                        <i>-0.564299 -0.822904 0.0662962 0.811536 -0.567658 -0.13847 0.151581 -0.0243366 0.988145 0.756141 -1.3965 0.72524</i>
                        <i>-0.588589 -0.805033 0.0740575 0.795575 -0.593065 -0.123828 0.143607 -0.0139655 0.989536 0.751596 -1.39774 0.729032</i>
                        <i>-0.615099 -0.784603 0.0777907 0.776775 -0.61995 -0.110825 0.13518 -0.00774247 0.990791 0.747345 -1.40288 0.729589</i>
                        <i>-0.640703 -0.763533 0.0807275 0.75719 -0.645766 -0.09823 0.127133 -0.00181015 0.991884 0.743114 -1.40836 0.729802</i>
                        <i>-0.662538 -0.744442 0.0827612 0.739259 -0.66768 -0.0877466 0.12058 0.00304654 0.992699 0.738924 -1.41395 0.729828</i>
                        <i>-0.67801 -0.730262 0.0837785 0.725754 -0.683143 -0.0812217 0.116546 0.00573346 0.993169 0.73481 -1.41954 0.72971</i>
                        <i>-0.684662 -0.724041 0.0836883 0.719571 -0.689738 -0.0804898 0.116001 0.00511137 0.993236 0.730812 -1.42502 0.729491</i>
                        <i>-0.622574 -0.779044 0.0741088 0.76933 -0.626638 -0.12432 0.14329 -0.0203843 0.989471 0.726972 -1.4303 0.729215</i>
                        <i>-0.556202 -0.828837 0.0605639 0.813016 -0.557786 -0.166974 0.172176 -0.0436321 0.984099 0.723335 -1.43527 0.728923</i>
                        <i>-0.7164 -0.692533 0.084672 0.689163 -0.721329 -0.0688318 0.108745 0.00904175 0.994029 0.719949 -1.43982 0.728661</i>
                        <i>-0.605461 -0.792982 0.0678014 0.780554 -0.608282 -0.14397 0.155408 -0.0342457 0.987257 0.716862 -1.44387 0.72847</i>
                    </KeyFrames>
                </p>
            </i>
            <i>
                <p>
                    <Name><![CDATA[head]]></Name>
                    <Exclude>0</Exclude>
                    <Additive>0</Additive>
                    <IKPriority>0</IKPriority>
                    <IKRotLimits>-1e+010 -1e+010 -1e+010 1e+010 1e+010 1e+010</IKRotLimits>
                    <IKRotLimitOrder>0</IKRotLimitOrder>
                    <KeyFrames count="61">
                        <i>0.99998 0.0063286 0 -0.0063286 0.99998 0 0 0 1 0 -0.0203545 1.48701</i>
                        <i>0.999157 -0.041054 0.000143729 0.0403634 0.981698 -0.186119 0.00749982 0.185968 0.982527 -0.00659885 0.137987 1.47885</i>
                        <i>0.984994 -0.172586 0.00110177 0.161519 0.91954 -0.35827 0.0608193 0.353071 0.933617 -0.0549791 0.302679 1.45446</i>
                        <i>0.930078 -0.367348 0.00322187 0.355168 0.896932 -0.26338 0.0938624 0.246108 0.964687 -0.157816 -0.116041 1.42706</i>
                        <i>0.805496 -0.592571 0.00602443 0.58189 0.788972 -0.197299 0.11216 0.162429 0.980325 -0.278037 -0.428703 1.41482</i>
                        <i>0.595586 -0.803242 0.00898326 0.795363 0.588103 -0.146737 0.112582 0.0945392 0.989135 -0.373322 -0.490806 1.41553</i>
                        <i>0.30875 -0.951066 0.0121193 0.947555 0.306454 -0.0906981 0.0825458 0.0394867 0.995805 -0.429071 -0.515725 1.4186</i>
                        <i>-0.0207484 -0.99968 0.0144989 0.998772 -0.0213776 -0.0446837 0.0449793 0.013554 0.998896 -0.409254 -0.483444 1.42929</i>
                        <i>-0.344551 -0.938587 0.0184449 0.93831 -0.343702 0.0379987 -0.0293255 0.0303995 0.999107 -0.383802 -0.418222 1.42666</i>
                        <i>-0.61612 -0.787337 0.0222626 0.783661 -0.609912 0.117829 -0.0791929 0.0900432 0.992784 -0.31077 -0.368725 1.42627</i>
                        <i>-0.80807 -0.588713 0.0209505 0.585414 -0.798561 0.139965 -0.0656687 0.125366 0.989935 -0.173834 -0.418443 1.44804</i>
                        <i>-0.92149 -0.387116 0.0315862 0.37926 -0.879279 0.28815 -0.0837745 0.277507 0.957064 -0.130481 -0.330447 1.4186</i>
                        <i>-0.972744 -0.22958 0.0325862 0.227126 -0.915028 0.333372 -0.0467183 0.331687 0.942232 -0.0482823 -0.39007 1.42929</i>
                        <i>-0.989128 -0.142409 0.0366824 0.145129 -0.905045 0.399789 -0.0237343 0.400766 0.915873 -0.00745506 -0.412112 1.42666</i>
                        <i>-0.993734 -0.104416 0.0398844 0.111156 -0.885716 0.450724 -0.0117366 0.452333 0.891772 0.0130646 -0.438557 1.42627</i>
                        <i>-0.996224 -0.0797839 0.0342378 0.0867096 -0.894448 0.438684 -0.00437593 0.439996 0.897989 0.0227395 -0.539735 1.44804</i>
                        <i>-0.997112 -0.0592597 0.0474964 0.0754253 -0.845754 0.528215 0.00886842 0.530272 0.847781 0.0411883 -0.440307 1.4186</i>
                        <i>-0.997702 -0.0503369 0.0453433 0.066586 -0.852015 0.519266 0.012495 0.521092 0.853409 0.0443788 -0.475366 1.42929</i>
                        <i>-0.997839 -0.0455218 0.0473818 0.0636866 -0.84747 0.527009 0.0161642 0.528888 0.848538 0.0487437 -0.460705 1.42666</i>
                        <i>-0.99943 0.0136789 0.0308507 0.00453231 -0.851481 0.524366 0.0334415 0.524207 0.850934 0.0497436 -0.451403 1.42627</i>
                        <i>-0.997671 0.0672484 0.0113858 -0.0543492 -0.884693 0.462995 0.0412086 0.461298 0.886288 0.0391704 -0.526099 1.44804</i>
                        <i>-0.999567 -0.00885941 0.0280671 0.0204047 -0.895839 0.443911 0.0212108 0.444291 0.895631 0.0376446 -0.520556 1.44749</i>
                        <i>-0.996271 -0.0752845 0.0421515 0.0860527 -0.902542 0.421916 0.00627974 0.42397 0.905655 0.0351028 -0.513945 1.44599</i>
                        <i>-0.993993 0.109291 -0.00572639 -0.102267 -0.908931 0.404211 0.0389716 0.402369 0.914648 0.0306947 -0.504209 1.44374</i>
                        <i>-0.997312 0.0732506 -0.00171293 -0.0683429 -0.921557 0.382181 0.0264164 0.381271 0.924086 0.0244491 -0.492449 1.44091</i>
                        <i>-0.999928 0.00728473 0.00952247 -0.00336782 -0.932928 0.360048 0.0115066 0.35999 0.932885 0.0164548 -0.479775 1.43774</i>
                        <i>-0.997155 -0.0713535 0.0242945 0.0753642 -0.938078 0.338126 -0.00133637 0.338995 0.940787 0.00691806 -0.46729 1.43447</i>
                        <i>-0.988655 -0.145247 0.038263 0.14985 -0.936372 0.317416 -0.0102752 0.319548 0.947514 -0.0038017 -0.456071 1.43137</i>
                        <i>-0.979168 -0.19764 0.0465704 0.202434 -0.932269 0.299824 -0.015841 0.303005 0.952857 -0.0151812 -0.447148 1.42875</i>
                        <i>-0.985393 -0.167507 0.0306827 0.169166 -0.942149 0.289375 -0.0195647 0.290339 0.956724 -0.026545 -0.441488 1.42694</i>
                        <i>-0.990621 -0.135904 0.0141609 0.134343 -0.949802 0.282539 -0.024948 0.281792 0.959151 -0.037098 -0.439993 1.42627</i>
                        <i>-0.973315 -0.227773 0.0278755 0.228237 -0.948323 0.220436 -0.0237742 0.220916 0.975003 -0.0371993 -0.522846 1.44804</i>
                        <i>-0.953448 -0.296651 0.0541833 0.299488 -0.910475 0.285207 -0.0352742 0.288157 0.956933 -0.0569698 -0.416811 1.4186</i>
                        <i>-0.993025 -0.117721 -0.00659722 0.111887 -0.958503 0.262209 -0.0371909 0.259642 0.964989 -0.0576527 -0.452795 1.42929</i>
                        <i>-0.985875 -0.167374 0.00603538 0.162929 -0.950104 0.266002 -0.0387874 0.263228 0.963954 -0.0619083 -0.442934 1.42627</i>
                        <i>-0.966572 -0.254454 0.0314947 0.253675 -0.931221 0.26168 -0.0372571 0.260922 0.964641 -0.0630192 -0.443101 1.42627</i>
                        <i>-0.950195 -0.307556 0.0503795 0.309274 -0.910595 0.274166 -0.038446 0.276092 0.960362 -0.0674411 -0.418286 1.4186</i>
                        <i>-0.966657 -0.2543 0.0300901 0.253564 -0.934143 0.251162 -0.0357619 0.250417 0.967477 -0.0621987 -0.453467 1.42929</i>
                        <i>-0.980065 -0.198174 0.0141161 0.195072 -0.946379 0.257516 -0.0376738 0.255136 0.966171 -0.0632723 -0.444488 1.42666</i>
                        <i>-0.963812 -0.264317 0.03467 0.264216 -0.929859 0.256033 -0.0354359 0.255928 0.966046 -0.0627676 -0.443063 1.42627</i>
                        <i>-0.9475 -0.315609 0.0513383 0.318004 -0.913291 0.254506 -0.0334376 0.25747 0.965707 -0.0619459 -0.441133 1.42574</i>
                        <i>-0.992688 -0.120515 -0.00683748 0.114562 -0.958471 0.261168 -0.038028 0.258475 0.965269 -0.0609072 -0.438167 1.42491</i>
                        <i>-0.99403 -0.10872 -0.0091965 0.102467 -0.959155 0.263671 -0.0374873 0.261155 0.964569 -0.0595601 -0.434918 1.42401</i>
                        <i>-0.995111 -0.0981439 -0.0109932 0.0916981 -0.959566 0.26613 -0.0366678 0.263821 0.963874 -0.0578246 -0.432139 1.42325</i>
                        <i>-0.995984 -0.0886888 -0.0122403 0.0821823 -0.959905 0.268008 -0.0355188 0.265925 0.963339 -0.0556371 -0.430586 1.42287</i>
                        <i>-0.99669 -0.0802569 -0.0129499 0.0738405 -0.960372 0.268762 -0.0340067 0.266916 0.96312 -0.0529545 -0.431016 1.4231</i>
                        <i>-0.997264 -0.0727512 -0.0131408 0.0665878 -0.961157 0.267849 -0.0321167 0.266241 0.963371 -0.0497576 -0.434192 1.42417</i>
                        <i>-0.997732 -0.0660778 -0.0128433 0.0603326 -0.962436 0.26472 -0.029853 0.263345 0.96424 -0.0460522 -0.440882 1.42627</i>
                        <i>-0.998172 -0.0596046 -0.0100013 0.0561619 -0.9759 0.210867 -0.0223289 0.20992 0.977464 -0.0345997 -0.522568 1.44804</i>
                        <i>-0.998391 -0.0553118 -0.0124638 0.0494644 -0.957145 0.285353 -0.027713 0.284277 0.958342 -0.0422995 -0.415167 1.4186</i>
                        <i>-0.99867 -0.0504695 -0.0105854 0.0459086 -0.963634 0.263252 -0.0234866 0.262416 0.964669 -0.0358056 -0.45029 1.42929</i>
                        <i>-0.998871 -0.0464916 -0.00973713 0.0421121 -0.961587 0.271251 -0.021974 0.270534 0.96246 -0.033363 -0.441016 1.42666</i>
                        <i>-0.999044 -0.0428683 -0.00855347 0.0388872 -0.96094 0.274013 -0.0199658 0.273418 0.961688 -0.0302151 -0.43944 1.42627</i>
                        <i>-0.999191 -0.0395613 -0.00726647 0.0360189 -0.960442 0.276141 -0.0179035 0.275656 0.96109 -0.0270127 -0.438711 1.42612</i>
                        <i>-0.999317 -0.0364834 -0.00593736 0.0333988 -0.960044 0.277849 -0.015837 0.277461 0.960606 -0.0238272 -0.438456 1.4261</i>
                        <i>-0.999426 -0.0335449 -0.00462018 0.0309224 -0.959744 0.279169 -0.0137989 0.278866 0.960231 -0.020705 -0.438574 1.42618</i>
                        <i>-0.999524 -0.030656 -0.00336758 0.0284858 -0.959538 0.280133 -0.0118191 0.279904 0.959955 -0.0176891 -0.43896 1.42634</i>
                        <i>-0.999613 -0.027726 -0.00223056 0.0259848 -0.959422 0.280774 -0.00992478 0.280607 0.959771 -0.014819 -0.439511 1.42653</i>
                        <i>-0.999695 -0.0246641 -0.00125848 0.0233158 -0.959388 0.281125 -0.00814107 0.28101 0.95967 -0.012131 -0.440122 1.42674</i>
