<?xml version="1.0" encoding="ISO-8859-1" ?>
<Animl Version="1">
    <ModellingPackage><![CDATA[Maya.2010]]></ModellingPackage>
    <SrcFile><![CDATA[anims\vehicles\red\~src\air\housefly\housefly_forward.mb]]></SrcFile>
    <FramesPerSecond>30</FramesPerSecond>
    <TotalFrames>61</TotalFrames>
    <Skeleton>
        <RefFrame>
            <Name><![CDATA[housefly_ref_frame]]></Name>
            <Exclude>0</Exclude>
            <Additive>0</Additive>
            <IKPriority>0</IKPriority>
            <IKRotLimits>-1e+010 -1e+010 -1e+010 1e+010 1e+010 1e+010</IKRotLimits>
            <IKRotLimitOrder>0</IKRotLimitOrder>
            <KeyFrames count="61">
                <i>1 0 0 0 1 0 0 0 1 0 0 0</i>
                <i>1 0 0 0 1 0 0 0 1 0 0 0</i>
                <i>1 0 0 0 1 0 0 0 1 0 0 0</i>
                <i>1 0 0 0 1 0 0 0 1 0 0 0</i>
                <i>1 0 0 0 1 0 0 0 1 0 0 0</i>
                <i>1 0 0 0 1 0 0 0 1 0 0 0</i>
                <i>1 0 0 0 1 0 0 0 1 0 0 0</i>
                <i>1 0 0 0 1 0 0 0 1 0 0 0</i>
                <i>1 0 0 0 1 0 0 0 1 0 0 0</i>
                <i>1 0 0 0 1 0 0 0 1 0 0 0</i>
                <i>1 0 0 0 1 0 0 0 1 0 0 0</i>
                <i>1 0 0 0 1 0 0 0 1 0 0 0</i>
                <i>1 0 0 0 1 0 0 0 1 0 0 0</i>
                <i>1 0 0 0 1 0 0 0 1 0 0 0</i>
                <i>1 0 0 0 1 0 0 0 1 0 0 0</i>
                <i>1 0 0 0 1 0 0 0 1 0 0 0</i>
                <i>1 0 0 0 1 0 0 0 1 0 0 0</i>
                <i>1 0 0 0 1 0 0 0 1 0 0 0</i>
                <i>1 0 0 0 1 0 0 0 1 0 0 0</i>
                <i>1 0 0 0 1 0 0 0 1 0 0 0</i>
                <i>1 0 0 0 1 0 0 0 1 0 0 0</i>
                <i>1 0 0 0 1 0 0 0 1 0 0 0</i>
                <i>1 0 0 0 1 0 0 0 1 0 0 0</i>
                <i>1 0 0 0 1 0 0 0 1 0 0 0</i>
                <i>1 0 0 0 1 0 0 0 1 0 0 0</i>
                <i>1 0 0 0 1 0 0 0 1 0 0 0</i>
                <i>1 0 0 0 1 0 0 0 1 0 0 0</i>
                <i>1 0 0 0 1 0 0 0 1 0 0 0</i>
                <i>1 0 0 0 1 0 0 0 1 0 0 0</i>
                <i>1 0 0 0 1 0 0 0 1 0 0 0</i>
                <i>1 0 0 0 1 0 0 0 1 0 0 0</i>
                <i>1 0 0 0 1 0 0 0 1 0 0 0</i>
                <i>1 0 0 0 1 0 0 0 1 0 0 0</i>
                <i>1 0 0 0 1 0 0 0 1 0 0 0</i>
                <i>1 0 0 0 1 0 0 0 1 0 0 0</i>
                <i>1 0 0 0 1 0 0 0 1 0 0 0</i>
                <i>1 0 0 0 1 0 0 0 1 0 0 0</i>
                <i>1 0 0 0 1 0 0 0 1 0 0 0</i>
                <i>1 0 0 0 1 0 0 0 1 0 0 0</i>
                <i>1 0 0 0 1 0 0 0 1 0 0 0</i>
                <i>1 0 0 0 1 0 0 0 1 0 0 0</i>
                <i>1 0 0 0 1 0 0 0 1 0 0 0</i>
                <i>1 0 0 0 1 0 0 0 1 0 0 0</i>
                <i>1 0 0 0 1 0 0 0 1 0 0 0</i>
                <i>1 0 0 0 1 0 0 0 1 0 0 0</i>
                <i>1 0 0 0 1 0 0 0 1 0 0 0</i>
                <i>1 0 0 0 1 0 0 0 1 0 0 0</i>
                <i>1 0 0 0 1 0 0 0 1 0 0 0</i>
                <i>1 0 0 0 1 0 0 0 1 0 0 0</i>
                <i>1 0 0 0 1 0 0 0 1 0 0 0</i>
                <i>1 0 0 0 1 0 0 0 1 0 0 0</i>
                <i>1 0 0 0 1 0 0 0 1 0 0 0</i>
                <i>1 0 0 0 1 0 0 0 1 0 0 0</i>
                <i>1 0 0 0 1 0 0 0 1 0 0 0</i>
                <i>1 0 0 0 1 0 0 0 1 0 0 0</i>
                <i>1 0 0 0 1 0 0 0 1 0 0 0</i>
                <i>1 0 0 0 1 0 0 0 1 0 0 0</i>
                <i>1 0 0 0 1 0 0 0 1 0 0 0</i>
                <i>1 0 0 0 1 0 0 0 1 0 0 0</i>
                <i>1 0 0 0 1 0 0 0 1 0 0 0</i>
                <i>1 0 0 0 1 0 0 0 1 0 0 0</i>
            </KeyFrames>
        </RefFrame>
        <Bones count="18">
            <i>
                <p>
                    <Name><![CDATA[housefly_root]]></Name>
                    <Exclude>0</Exclude>
                    <Additive>0</Additive>
                    <IKPriority>0</IKPriority>
                    <IKRotLimits>-1e+010 -1e+010 -1e+010 1e+010 1e+010 1e+010</IKRotLimits>
                    <IKRotLimitOrder>0</IKRotLimitOrder>
                    <KeyFrames count="61">
                        <i>1 0 0 0 1 0 0 0 1 0 0 0</i>
                        <i>0.999995 0.00309655 0 -0.00309655 0.999995 0 0 0 1 0 -0.00924881 0</i>
                        <i>0.99998 0.0063286 0 -0.0063286 0.99998 0 0 0 1 0 -0.0203545 0</i>
                        <i>0.999954 0.00959585 0 -0.00959585 0.999954 0 0 0 1 0 -0.0319245 0</i>
                        <i>0.999918 0.012798 0 -0.012798 0.999918 0 0 0 1 0 -0.042566 0</i>
                        <i>0.999875 0.0158349 0 -0.0158349 0.999875 0 0 0 1 0 -0.0508863 0</i>
                        <i>0.999827 0.0186061 0 -0.0186061 0.999827 0 0 0 1 0 -0.0554929 0</i>
                        <i>0.999779 0.0210116 0 -0.0210116 0.999779 0 0 0 1 0 -0.0549929 0</i>
                        <i>0.999737 0.0229511 0 -0.0229511 0.999737 0 0 0 1 0 -0.0502403 0</i>
                        <i>0.999704 0.0243244 0 -0.0243244 0.999704 0 0 0 1 0 -0.0432721 0</i>
                        <i>0.999687 0.0250314 0 -0.0250314 0.999687 0 0 0 1 0 -0.0344712 0</i>
                        <i>0.999698 0.0245888 0 -0.0245888 0.999698 0 0 0 1 0 -0.0242201 0</i>
                        <i>0.999741 0.0227487 0 -0.0227487 0.999741 0 0 0 1 0 -0.0129015 0</i>
                        <i>0.999805 0.019764 0 -0.019764 0.999805 0 0 0 1 0 -0.000898081 0</i>
                        <i>0.999874 0.0158875 0 -0.0158875 0.999874 0 0 0 1 0 0.0114075 0</i>
                        <i>0.999935 0.011372 0 -0.011372 0.999935 0 0 0 1 0 0.0236327 0</i>
                        <i>0.999979 0.00647053 0 -0.00647053 0.999979 0 0 0 1 0 0.0353948 0</i>
                        <i>0.999999 0.00143625 0 -0.00143625 0.999999 0 0 0 1 0 0.0463111 0</i>
                        <i>0.999994 -0.00347771 0 0.00347771 0.999994 0 0 0 1 0 0.0559989 0</i>
                        <i>0.999968 -0.00801824 0 0.00801824 0.999968 0 0 0 1 0 0.0640758 0</i>
                        <i>0.999929 -0.0119322 0 0.0119322 0.999929 0 0 0 1 0 0.0701589 0</i>
                        <i>0.999888 -0.0149667 0 0.0149667 0.999888 0 0 0 1 0 0.0738656 0</i>
                        <i>0.999858 -0.0168687 0 0.0168687 0.999858 0 0 0 1 0 0.074209 0</i>
                        <i>0.999848 -0.0174414 0 0.0174414 0.999848 0 0 0 1 0 0.0708922 0</i>
                        <i>0.999859 -0.0168042 0 0.0168042 0.999859 0 0 0 1 0 0.0645677 0</i>
                        <i>0.999885 -0.0151791 0 0.0151791 0.999885 0 0 0 1 0 0.055888 0</i>
                        <i>0.999918 -0.0127879 0 0.0127879 0.999918 0 0 0 1 0 0.0455057 0</i>
                        <i>0.999951 -0.0098525 0 0.0098525 0.999951 0 0 0 1 0 0.0340732 0</i>
                        <i>0.999978 -0.00659474 0 0.00659474 0.999978 0 0 0 1 0 0.0222431 0</i>
                        <i>0.999995 -0.00323658 0 0.00323658 0.999995 0 0 0 1 0 0.0106678 0</i>
                        <i>1 0 0 0 1 0 0 0 1 0 0 0</i>
                        <i>0.999995 0.00309655 0 -0.00309655 0.999995 0 0 0 1 0 -0.00924881 0</i>
                        <i>0.99998 0.0063286 0 -0.0063286 0.99998 0 0 0 1 0 -0.0203545 0</i>
                        <i>0.999954 0.00959585 0 -0.00959585 0.999954 0 0 0 1 0 -0.0319245 0</i>
                        <i>0.999918 0.012798 0 -0.012798 0.999918 0 0 0 1 0 -0.042566 0</i>
                        <i>0.999875 0.0158349 0 -0.0158349 0.999875 0 0 0 1 0 -0.0508863 0</i>
                        <i>0.999827 0.0186061 0 -0.0186061 0.999827 0 0 0 1 0 -0.0554929 0</i>
                        <i>0.999779 0.0210116 0 -0.0210116 0.999779 0 0 0 1 0 -0.0549929 0</i>
                        <i>0.999737 0.0229511 0 -0.0229511 0.999737 0 0 0 1 0 -0.0502403 0</i>
                        <i>0.999704 0.0243244 0 -0.0243244 0.999704 0 0 0 1 0 -0.0432721 0</i>
                        <i>0.999687 0.0250314 0 -0.0250314 0.999687 0 0 0 1 0 -0.0344712 0</i>
                        <i>0.999698 0.0245888 0 -0.0245888 0.999698 0 0 0 1 0 -0.0242201 0</i>
                        <i>0.999741 0.0227487 0 -0.0227487 0.999741 0 0 0 1 0 -0.0129015 0</i>
                        <i>0.999805 0.019764 0 -0.019764 0.999805 0 0 0 1 0 -0.000898081 0</i>
                        <i>0.999874 0.0158875 0 -0.0158875 0.999874 0 0 0 1 0 0.0114075 0</i>
                        <i>0.999935 0.011372 0 -0.011372 0.999935 0 0 0 1 0 0.0236327 0</i>
                        <i>0.999979 0.00647053 0 -0.00647053 0.999979 0 0 0 1 0 0.0353948 0</i>
                        <i>0.999999 0.00143625 0 -0.00143625 0.999999 0 0 0 1 0 0.0463111 0</i>
                        <i>0.999994 -0.00347771 0 0.00347771 0.999994 0 0 0 1 0 0.0559989 0</i>
                        <i>0.999968 -0.00801824 0 0.00801824 0.999968 0 0 0 1 0 0.0640758 0</i>
                        <i>0.999929 -0.0119322 0 0.0119322 0.999929 0 0 0 1 0 0.0701589 0</i>
                        <i>0.999888 -0.0149667 0 0.0149667 0.999888 0 0 0 1 0 0.0738656 0</i>
                        <i>0.999858 -0.0168687 0 0.0168687 0.999858 0 0 0 1 0 0.074209 0</i>
                        <i>0.999848 -0.0174414 0 0.0174414 0.999848 0 0 0 1 0 0.0708922 0</i>
                        <i>0.999859 -0.0168042 0 0.0168042 0.999859 0 0 0 1 0 0.0645677 0</i>
                        <i>0.999885 -0.0151791 0 0.0151791 0.999885 0 0 0 1 0 0.055888 0</i>
                        <i>0.999918 -0.0127879 0 0.0127879 0.999918 0 0 0 1 0 0.0455057 0</i>
                        <i>0.999951 -0.0098525 0 0.0098525 0.999951 0 0 0 1 0 0.0340732 0</i>
                        <i>0.999978 -0.00659474 0 0.00659474 0.999978 0 0 0 1 0 0.0222431 0</i>
                        <i>0.999995 -0.00323658 0 0.00323658 0.999995 0 0 0 1 0 0.0106678 0</i>
                        <i>1 0 0 0 1 0 0 0 1 0 0 0</i>
                    </KeyFrames>
                </p>
            </i>
            <i>
                <p>
                    <Name><![CDATA[abdomen]]></Name>
                    <Exclude>0</Exclude>
                    <Additive>0</Additive>
                    <IKPriority>0</IKPriority>
                    <IKRotLimits>-1e+010 -1e+010 -1e+010 1e+010 1e+010 1e+010</IKRotLimits>
                    <IKRotLimitOrder>0</IKRotLimitOrder>
                    <KeyFrames count="61">
                        <i>1 0 0 0 0.968166 0.250309 0 -0.250309 0.968166 0 0 -1.21073</i>
                        <i>0.999999 -0.00153375 1.0842e-019 0.00148293 0.966862 0.255294 -0.000391556 -0.255293 0.966864 0 -0.00924881 -1.21073</i>
                        <i>1 -0.000453481 0 0.000437952 0.965755 0.259454 -0.000117657 -0.259454 0.965755 0 -0.0203545 -1.21073</i>
                        <i>0.999996 0.00284681 0 -0.0027469 0.964903 0.262593 0.000747552 -0.262592 0.964907 0 -0.0319245 -1.21073</i>
                        <i>0.999968 0.00797305 0 -0.00768906 0.964351 0.264513 0.00210898 -0.264505 0.964382 0 -0.042566 -1.21073</i>
                        <i>0.999894 0.014531 -2.71051e-020 -0.0140114 0.964142 0.265017 0.00385095 -0.264989 0.964244 0 -0.0508863 -1.21073</i>
                        <i>0.999755 0.0221261 1.0842e-019 -0.0213417 0.964313 0.263905 0.00583918 -0.26384 0.964549 0 -0.0554929 -1.21073</i>
                        <i>0.999539 0.0303637 0 -0.0293106 0.964871 0.261082 0.00792742 -0.260962 0.965317 0 -0.0549929 -1.21073</i>
                        <i>0.999245 0.0388491 -4.33681e-019 -0.0375459 0.965726 0.256836 0.00997782 -0.256642 0.966455 5.46434e-019 -0.0502403 -1.21073</i>
                        <i>0.998886 0.0471879 0 -0.0456707 0.96677 0.251535 0.0118694 -0.251255 0.967848 0 -0.0432721 -1.21073</i>
                        <i>0.998487 0.0549863 0 -0.0533028 0.967917 0.245552 0.013502 -0.245181 0.969383 0 -0.0344712 -1.21073</i>
                        <i>0.998109 0.0614688 -8.67362e-019 -0.0596834 0.969119 0.239262 0.0147072 -0.23881 0.970955 0 -0.0242201 -1.21073</i>
                        <i>0.997813 0.0660961 8.67362e-019 -0.0642763 0.97034 0.23304 0.0154031 -0.232531 0.972467 0 -0.0129015 -1.21073</i>
                        <i>0.997629 0.0688292 0 -0.0670281 0.971523 0.227266 0.0156425 -0.226727 0.973833 5.48562e-021 -0.000898081 -1.21073</i>
                        <i>0.997573 0.0696284 -8.67362e-019 -0.0678859 0.972608 0.222319 0.0154797 -0.221779 0.974974 0 0.0114075 -1.21073</i>
                        <i>0.997654 0.0684534 8.67362e-019 -0.0667982 0.97353 0.218581 0.0149626 -0.218068 0.975819 -6.93845e-020 0.0236327 -1.21073</i>
                        <i>0.997868 0.0652632 8.67362e-019 -0.0637163 0.974216 0.216435 0.0141253 -0.215974 0.976297 0 0.0353948 -1.21073</i>
                        <i>0.998197 0.0600159 0 -0.0585956 0.974575 0.216263 0.0129792 -0.215873 0.976335 0 0.0463111 -1.21073</i>
                        <i>0.998608 0.0527411 0 -0.0514731 0.9746 0.217958 0.0114953 -0.217655 0.975958 0 0.0559989 -1.21073</i>
                        <i>0.999037 0.0438721 -8.67362e-019 -0.0427871 0.97433 0.221021 0.00969666 -0.220808 0.975269 0 0.0640758 -1.21073</i>
                        <i>0.999423 0.0339732 8.67362e-019 -0.0331002 0.973741 0.225238 0.00765207 -0.225108 0.974304 0 0.0701589 -1.21073</i>
                        <i>0.999721 0.0236098 -8.67362e-019 -0.0229746 0.972826 0.230396 0.00543959 -0.230332 0.973097 0 0.0738656 -1.21073</i>
                        <i>0.999911 0.0133483 0 -0.0129703 0.971598 0.23628 0.00315393 -0.236259 0.971685 0 0.074209 -1.21073</i>
                        <i>0.999993 0.00369969 0 -0.0035891 0.9701 0.242678 0.000897836 -0.242677 0.970107 0 0.0708922 -1.21073</i>
                        <i>0.999987 -0.00514169 -4.33681e-019 0.00497924 0.968394 0.249378 -0.00128222 -0.249374 0.968406 0 0.0645677 -1.21073</i>
                        <i>0.999914 -0.0130844 -5.42101e-020 0.0126478 0.96655 0.256168 -0.0033518 -0.256146 0.966632 0 0.055888 -1.21073</i>
                        <i>0.999799 -0.0200373 1.0842e-019 0.0193327 0.964646 0.262839 -0.00526656 -0.262786 0.96484 0 0.0455057 -1.21073</i>
                        <i>0.999664 -0.0259095 -4.33681e-019 0.0249532 0.962766 0.269183 -0.00697439 -0.269093 0.963089 0 0.0340732 -1.21073</i>
                        <i>0.999531 -0.0306105 4.33681e-019 0.0294304 0.960995 0.274994 -0.00841771 -0.274865 0.961446 0 0.0222431 -1.21073</i>
                        <i>0.99942 -0.0340499 0 0.0326873 0.959424 0.280067 -0.00953627 -0.279905 0.95998 0 0.0106678 -1.21073</i>
                        <i>0.999347 -0.0361373 0 0.0346472 0.958139 0.284198 -0.0102701 -0.284012 0.958766 0 0 -1.21073</i>
                        <i>0.999331 -0.0365788 0 0.0350379 0.957235 0.287183 -0.0105048 -0.286991 0.957876 0 -0.00924881 -1.21073</i>
                        <i>0.999395 -0.0347864 8.67362e-019 0.033304 0.956804 0.288819 -0.010047 -0.288644 0.957384 0 -0.0203545 -1.21073</i>
                        <i>0.999529 -0.0306985 8.67362e-019 0.0293895 0.956908 0.2889 -0.0088688 -0.288764 0.957359 0 -0.0319245 -1.21073</i>
                        <i>0.999696 -0.0246563 -8.67362e-019 0.0236173 0.957571 0.287228 -0.00708198 -0.287141 0.957862 0 -0.042566 -1.21073</i>
                        <i>0.999855 -0.0170519 -1.73472e-018 0.0163503 0.958716 0.283895 -0.00484095 -0.283854 0.958855 0 -0.0508863 -1.21073</i>
                        <i>0.999966 -0.00827801 0 0.00794899 0.960221 0.279127 -0.00231062 -0.279118 0.960254 0 -0.0554929 -1.21073</i>
                        <i>0.999999 0.00127207 4.33681e-019 -0.00122369 0.961971 0.273151 0.000347467 -0.27315 0.961971 0 -0.0549929 -1.21073</i>
                        <i>0.999937 0.0112046 -2.1684e-019 -0.0108004 0.96386 0.266191 0.00298258 -0.266175 0.96392 5.46434e-019 -0.0502403 -1.21073</i>
                        <i>0.999777 0.0211258 -5.42101e-020 -0.0204079 0.965802 0.258478 0.00546055 -0.25842 0.966017 0 -0.0432721 -1.21073</i>
                        <i>0.99953 0.0306418 0 -0.0296669 0.96773 0.250238 0.00766776 -0.250121 0.968184 0 -0.0344712 -1.21073</i>
                        <i>0.99924 0.0389766 2.1684e-019 -0.0378209 0.969612 0.241705 0.00942083 -0.241521 0.97035 0 -0.0242201 -1.21073</i>
                        <i>0.99896 0.0455904 0 -0.0443344 0.971439 0.233111 0.0106277 -0.232869 0.97245 0 -0.0129015 -1.21073</i>
                        <i>0.998727 0.050445 4.33681e-019 -0.0491551 0.973189 0.224693 0.0113346 -0.224407 0.97443 5.48562e-021 -0.000898081 -1.21073</i>
                        <i>0.998568 0.0535016 0 -0.0522305 0.974843 0.216687 0.0115931 -0.216377 0.976241 0 0.0114075 -1.21073</i>
                        <i>0.998502 0.0547216 0 -0.0535092 0.976379 0.209333 0.011455 -0.209019 0.977844 -6.93845e-020 0.0236327 -1.21073</i>
                        <i>0.998537 0.0540656 0 -0.0529414 0.977773 0.202871 0.0109683 -0.202574 0.979206 0 0.0353948 -1.21073</i>
                        <i>0.998673 0.0514939 0 -0.0504792 0.978994 0.19754 0.0101721 -0.197278 0.980295 0 0.0463111 -1.21073</i>
                        <i>0.998882 0.0472667 0 -0.0463725 0.979987 0.193583 0.00915004 -0.193367 0.981084 0 0.0559989 -1.21073</i>
                        <i>0.999119 0.0419645 0 -0.04119 0.980679 0.19124 0.00802529 -0.191071 0.981543 0 0.0640758 -1.21073</i>
                        <i>0.999351 0.0360287 -8.67362e-019 -0.0353656 0.980958 0.190974 0.00688053 -0.19085 0.981595 0 0.0701589 -1.21073</i>
                        <i>0.999553 0.0299006 0 -0.0293392 0.980787 0.192862 0.00576669 -0.192776 0.981226 0 0.0738656 -1.21073</i>
                        <i>0.999711 0.0240222 0 -0.0235535 0.980208 0.196564 0.00472188 -0.196507 0.980491 0 0.074209 -1.21073</i>
                        <i>0.999824 0.0187797 4.33681e-019 -0.0183936 0.979268 0.201733 0.00378849 -0.201698 0.97944 0 0.0708922 -1.21073</i>
                        <i>0.999899 0.0142428 4.33681e-019 -0.0139312 0.978024 0.208028 0.00296291 -0.208007 0.978123 0 0.0645677 -1.21073</i>
                        <i>0.999946 0.0103789 -4.33681e-019 -0.0101359 0.976538 0.215104 0.00223254 -0.215093 0.976591 0 0.055888 -1.21073</i>
                        <i>0.999974 0.0071549 0 -0.00697535 0.97488 0.22262 0.00159282 -0.222614 0.974905 0 0.0455057 -1.21073</i>
                        <i>0.99999 0.00453803 0 -0.00441611 0.973125 0.230235 0.00104481 -0.230232 0.973135 0 0.0340732 -1.21073</i>
                        <i>0.999997 0.00249523 0 -0.00242377 0.971357 0.237611 0.000592895 -0.23761 0.97136 0 0.0222431 -1.21073</i>
                        <i>1 0.000993574 1.0842e-019 -0.00096344 0.969671 0.244413 0.000242843 -0.244413 0.969671 0 0.0106678 -1.21073</i>
                        <i>1 0 0 0 0.968166 0.250309 0 -0.250309 0.968166 0 0 -1.21073</i>
                    </KeyFrames>
                </p>
            </i>
            <i>
                <p>
                    <Name><![CDATA[r_wing]]></Name>
                    <Exclude>0</Exclude>
                    <Additive>0</Additive>
                    <IKPriority>0</IKPriority>
                    <IKRotLimits>-1e+010 -1e+010 -1e+010 1e+010 1e+010 1e+010</IKRotLimits>
                    <IKRotLimitOrder>0</IKRotLimitOrder>
                    <KeyFrames count="61">
                        <i>0.809931 -0.581408 -0.0773061 0.581408 0.778489 0.236474 -0.0773061 -0.236474 0.968557 -0.706351 0.778176 0.531145</i>
                        <i>0.993712 0.111941 -0.0024185 -0.111938 0.992728 -0.0442778 -0.0025556 0.0442701 0.999016 -0.708758 0.766736 0.531145</i>
                        <i>0.661112 0.737869 -0.135941 -0.737519 0.605822 -0.298404 -0.137827 0.297538 0.944709 -0.711262 0.753336 0.531145</i>
                        <i>0.992963 0.118397 -0.00241849 -0.118388 0.99198 -0.0442777 -0.00284326 0.0442525 0.999016 -0.713786 0.739438 0.531145</i>
                        <i>0.817306 -0.570994 -0.0773061 0.571397 0.785866 0.236474 -0.0742734 -0.237444 0.968557 -0.716253 0.726506 0.531145</i>
                        <i>0.992205 0.124591 -0.0024185 -0.124575 0.991222 -0.0442778 -0.00311933 0.044234 0.999016 -0.718585 0.716007 0.531145</i>
                        <i>0.652002 0.745931 -0.135941 -0.744902 0.596721 -0.298404 -0.14147 0.295823 0.944709 -0.720708 0.709406 0.531145</i>
                        <i>0.991547 0.129726 -0.00241849 -0.129705 0.990564 -0.0442777 -0.0033483 0.0442171 0.999016 -0.722546 0.70817 0.531145</i>
                        <i>0.823062 -0.562666 -0.0773061 0.563387 0.791628 0.236474 -0.0718584 -0.238186 0.968557 -0.724025 0.711519 0.531145</i>
                        <i>0.991112 0.133011 -0.0024185 -0.132987 0.990128 -0.0442778 -0.00349481 0.0442059 0.999016 -0.725071 0.717492 0.531145</i>
                        <i>0.647195 0.750106 -0.135941 -0.748722 0.591921 -0.298404 -0.143368 0.294908 0.944709 -0.725609 0.72578 0.531145</i>
                        <i>0.991076 0.133273 -0.00241849 -0.133249 0.990093 -0.0442777 -0.0035065 0.0442049 0.999016 -0.725272 0.736352 0.531145</i>
                        <i>0.822948 -0.562832 -0.0773061 0.563547 0.791514 0.236474 -0.0719066 -0.238172 0.968557 -0.723871 0.749004 0.531145</i>
                        <i>0.991708 0.128489 -0.0024185 -0.128469 0.990725 -0.0442778 -0.00329313 0.0442214 0.999016 -0.721593 0.763166 0.531145</i>
                        <i>0.654028 0.744155 -0.135941 -0.743277 0.598744 -0.298404 -0.140665 0.296206 0.944709 -0.718626 0.778263 0.531145</i>
                        <i>0.992751 0.120161 -0.00241849 -0.12015 0.991768 -0.0442777 -0.00292186 0.0442474 0.999016 -0.715155 0.793726 0.531145</i>
                        <i>0.813677 -0.576155 -0.0773061 0.576358 0.782235 0.236474 -0.0757744 -0.23697 0.968557 -0.711372 0.808984 0.531145</i>
                        <i>0.993896 0.110291 -0.0024185 -0.11029 0.992913 -0.0442778 -0.00248209 0.0442743 0.999016 -0.707468 0.823472 0.531145</i>
                        <i>0.668316 0.731351 -0.135941 -0.731543 0.613025 -0.298404 -0.134903 0.298875 0.944709 -0.703641 0.836627 0.531145</i>
                        <i>0.994895 0.100889 -0.00241849 -0.100897 0.993911 -0.0442777 -0.00206338 0.0442957 0.999016 -0.700089 0.84789 0.531145</i>
                        <i>0.802936 -0.591031 -0.0773061 0.590655 0.771496 0.236474 -0.0801223 -0.235535 0.968557 -0.697016 0.856708 0.531145</i>
                        <i>0.995572 0.0939737 -0.0024185 -0.0939884 0.994588 -0.0442778 -0.00175554 0.044309 0.999016 -0.694626 0.862526 0.531145</i>
                        <i>0.67805 0.722335 -0.135941 -0.723268 0.622767 -0.298404 -0.130888 0.300655 0.944709 -0.693124 0.86419 0.531145</i>
                        <i>0.995801 0.0915092 -0.00241849 -0.0915263 0.994818 -0.0442777 -0.00164586 0.0443132 0.999016 -0.692672 0.86127 0.531145</i>
                        <i>0.800047 -0.594936 -0.0773061 0.594407 0.768609 0.236474 -0.0812689 -0.235142 0.968557 -0.693175 0.854503 0.531145</i>
                        <i>0.995592 0.0937622 -0.0024185 -0.0937771 0.994608 -0.0442778 -0.00174612 0.0443094 0.999016 -0.694458 0.844696 0.531145</i>
                        <i>0.675096 0.725097 -0.135941 -0.725804 0.61981 -0.298404 -0.132114 0.300118 0.944709 -0.696342 0.832651 0.531145</i>
                        <i>0.995078 0.0990642 -0.00241849 -0.0990739 0.994094 -0.0442777 -0.00198213 0.0442994 0.999016 -0.69865 0.819171 0.531145</i>
                        <i>0.80608 -0.586736 -0.0773061 0.586529 0.774638 0.236474 -0.0788639 -0.235959 0.968557 -0.701204 0.80506 0.531145</i>
                        <i>0.994401 0.105646 -0.0024185 -0.105649 0.993417 -0.0442778 -0.00227518 0.0442854 0.999016 -0.703829 0.791126 0.531145</i>
                        <i>0.665768 0.733671 -0.135941 -0.733671 0.610477 -0.298404 -0.135941 0.298404 0.944709 -0.706351 0.778176 0.531145</i>
                        <i>0.993712 0.111941 -0.00241849 -0.111938 0.992728 -0.0442777 -0.00255559 0.04427 0.999016 -0.708758 0.766736 0.531145</i>
                        <i>0.813595 -0.57627 -0.0773061 0.576469 0.782153 0.236474 -0.075808 -0.236959 0.968557 -0.711262 0.753336 0.531145</i>
                        <i>0.992963 0.118397 -0.0024185 -0.118388 0.99198 -0.0442778 -0.00284327 0.0442526 0.999016 -0.713786 0.739438 0.531145</i>
                        <i>0.656324 0.742131 -0.135941 -0.741423 0.601038 -0.298404 -0.139749 0.29664 0.944709 -0.716253 0.726506 0.531145</i>
                        <i>0.992205 0.12459 -0.00241849 -0.124575 0.991222 -0.0442777 -0.00311932 0.0442339 0.999016 -0.718585 0.716007 0.531145</i>
                        <i>0.820609 -0.566237 -0.0773061 0.566822 0.789172 0.236474 -0.0728928 -0.237872 0.968557 -0.720708 0.709406 0.531145</i>
                        <i>0.991547 0.129726 -0.0024185 -0.129706 0.990563 -0.0442778 -0.00334831 0.0442172 0.999016 -0.722546 0.70817 0.531145</i>
                        <i>0.648755 0.748757 -0.135941 -0.747488 0.593478 -0.298404 -0.142754 0.295205 0.944709 -0.724025 0.711519 0.531145</i>
                        <i>0.991112 0.133011 -0.00241849 -0.132987 0.990128 -0.0442777 -0.0034948 0.0442058 0.999016 -0.725071 0.717492 0.531145</i>
                        <i>0.824231 -0.560952 -0.0773061 0.561739 0.792798 0.236474 -0.0713626 -0.238335 0.968557 -0.725609 0.72578 0.531145</i>
                        <i>0.991076 0.133273 -0.0024185 -0.133249 0.990093 -0.0442778 -0.00350651 0.0442049 0.999016 -0.725272 0.736352 0.531145</i>
                        <i>0.648906 0.748626 -0.135941 -0.747368 0.593629 -0.298404 -0.142694 0.295234 0.944709 -0.723871 0.749004 0.531145</i>
                        <i>0.991708 0.128489 -0.00241849 -0.128469 0.990725 -0.0442777 -0.00329313 0.0442213 0.999016 -0.721593 0.763166 0.531145</i>
                        <i>0.819066 -0.568466 -0.0773061 0.568966 0.787628 0.236474 -0.0735394 -0.237673 0.968557 -0.718626 0.778263 0.531145</i>
                        <i>0.992751 0.120161 -0.0024185 -0.12015 0.991768 -0.0442778 -0.00292187 0.0442474 0.999016 -0.715155 0.793726 0.531145</i>
                        <i>0.661007 0.737963 -0.135941 -0.737605 0.605717 -0.298404 -0.137869 0.297518 0.944709 -0.711372 0.808984 0.531145</i>
                        <i>0.993896 0.110291 -0.00241849 -0.11029 0.992913 -0.0442777 -0.00248208 0.0442742 0.999016 -0.707468 0.823472 0.531145</i>
                        <i>0.807905 -0.584221 -0.0773061 0.584111 0.776462 0.236474 -0.078128 -0.236204 0.968557 -0.703641 0.836627 0.531145</i>
                        <i>0.994895 0.10089 -0.0024185 -0.100897 0.993911 -0.0442778 -0.00206339 0.0442958 0.999016 -0.700089 0.84789 0.531145</i>
                        <i>0.674475 0.725674 -0.135941 -0.726334 0.619188 -0.298404 -0.132371 0.300005 0.944709 -0.697016 0.856708 0.531145</i>
                        <i>0.995572 0.0939735 -0.00241849 -0.0939882 0.994588 -0.0442777 -0.00175553 0.044309 0.999016 -0.694626 0.862526 0.531145</i>
                        <i>0.800009 -0.594987 -0.0773061 0.594457 0.768571 0.236474 -0.0812841 -0.235137 0.968557 -0.693124 0.86419 0.531145</i>
                        <i>0.995801 0.0915093 -0.0024185 -0.0915265 0.994818 -0.0442778 -0.00164587 0.0443132 0.999016 -0.692672 0.86127 0.531145</i>
                        <i>0.678003 0.722379 -0.135941 -0.723308 0.62272 -0.298404 -0.130908 0.300646 0.944709 -0.693175 0.854503 0.531145</i>
                        <i>0.995592 0.093762 -0.00241849 -0.0937769 0.994608 -0.0442777 -0.00174612 0.0443093 0.999016 -0.694458 0.844696 0.531145</i>
                        <i>0.80243 -0.591717 -0.0773061 0.591315 0.77099 0.236474 -0.0803238 -0.235466 0.968557 -0.696342 0.832651 0.531145</i>
                        <i>0.995078 0.0990644 -0.0024185 -0.0990741 0.994094 -0.0442778 -0.00198214 0.0442995 0.999016 -0.69865 0.819171 0.531145</i>
                        <i>0.670592 0.729264 -0.135941 -0.729629 0.615303 -0.298404 -0.13397 0.299294 0.944709 -0.701204 0.80506 0.531145</i>
                        <i>0.994401 0.105645 -0.00241849 -0.105649 0.993417 -0.0442777 -0.00227517 0.0442853 0.999016 -0.703829 0.791126 0.531145</i>
                        <i>0.809931 -0.581408 -0.0773061 0.581408 0.778489 0.236474 -0.0773061 -0.236474 0.968557 -0.706351 0.778176 0.531145</i>
                    </KeyFrames>
                </p>
            </i>
            <i>
                <p>
                    <Name><![CDATA[head]]></Name>
                    <Exclude>0</Exclude>
                    <Additive>0</Additive>
                    <IKPriority>0</IKPriority>
                    <IKRotLimits>-1e+010 -1e+010 -1e+010 1e+010 1e+010 1e+010</IKRotLimits>
                    <IKRotLimitOrder>0</IKRotLimitOrder>
                    <KeyFrames count="61">
                        <i>1 0 0 0 1 0 0 0 1 0 0 1.48701</i>
                        <i>0.999995 0.00309655 0 -0.00309655 0.999995 0 0 0 1 0 -0.00924881 1.48701</i>
                        <i>0.99998 0.0063286 0 -0.0063286 0.99998 0 0 0 1 0 -0.0203545 1.48701</i>
                        <i>0.999459 0.0189324 0.0269048 -0.0192136 0.999763 0.0102318 -0.0267047 -0.0107432 0.999586 0 -0.0319245 1.48701</i>
                        <i>0.9962 0.0396291 0.0775584 -0.0420198 0.998683 0.0294392 -0.0762896 -0.0325863 0.996553 0 -0.042566 1.48701</i>
                        <i>0.992861 0.0527307 0.106986 -0.057346 0.997531 0.0405296 -0.104585 -0.0463755 0.993434 0 -0.0508863 1.48701</i>
                        <i>0.992244 0.0567167 0.11061 -0.0616707 0.997217 0.0418907 -0.107927 -0.0483872 0.992981 0 -0.0554929 1.48701</i>
                        <i>0.991704 0.0601257 0.113617 -0.0653713 0.996933 0.0430188 -0.110682 -0.0500892 0.992593 0 -0.0549929 1.48701</i>
                        <i>0.991252 0.0628742 0.116048 -0.0683623 0.996693 0.0439303 -0.112902 -0.0514792 0.992272 5.46434e-019 -0.0502403 1.48701</i>
                        <i>0.990899 0.0648783 0.117944 -0.0705591 0.996508 0.0446408 -0.114636 -0.0525566 0.992016 0 -0.0432721 1.48701</i>
                        <i>0.990653 0.0660541 0.119347 -0.071878 0.99639 0.0451664 -0.115933 -0.0533226 0.991825 0 -0.0344712 1.48701</i>
                        <i>0.990546 0.0659375 0.120298 -0.0718541 0.996376 0.0455226 -0.11686 -0.0537361 0.991694 0 -0.0242201 1.48701</i>
                        <i>0.990588 0.0642973 0.120838 -0.0702576 0.99648 0.045725 -0.117473 -0.0537844 0.991619 0 -0.0129015 1.48701</i>
                        <i>0.990751 0.0613977 0.121009 -0.0673577 0.996678 0.045789 -0.117796 -0.0535164 0.991595 5.48562e-021 -0.000898081 1.48701</i>
                        <i>0.991004 0.0575025 0.120852 -0.0634236 0.996938 0.0457301 -0.117853 -0.0529836 0.991617 0 0.0114075 1.48701</i>
                        <i>0.991315 0.0528753 0.120407 -0.0587252 0.997234 0.0455636 -0.117665 -0.0522388 0.991678 -6.93845e-020 0.0236327 1.48701</i>
                        <i>0.991658 0.0477799 0.119716 -0.0535326 0.997538 0.0453048 -0.117257 -0.0513356 0.991774 0 0.0353948 1.48701</i>
                        <i>0.992007 0.0424806 0.11882 -0.0481162 0.997829 0.044969 -0.116652 -0.0503267 0.991897 0 0.0463111 1.48701</i>
                        <i>0.992344 0.0372421 0.117759 -0.042747 0.998091 0.0445716 -0.115874 -0.0492642 0.992041 0 0.0559989 1.48701</i>
                        <i>0.992656 0.0323294 0.116575 -0.037696 0.998314 0.0441278 -0.114952 -0.0481981 0.992201 0 0.0640758 1.48701</i>
                        <i>0.992935 0.0280083 0.115308 -0.0332345 0.998494 0.0436531 -0.113912 -0.0471769 0.99237 0 0.0701589 1.48701</i>
                        <i>0.993177 0.0245446 0.114001 -0.0296337 0.998628 0.0431627 -0.112785 -0.0462465 0.992543 0 0.0738656 1.48701</i>
                        <i>0.993382 0.0222045 0.112693 -0.0271647 0.99872 0.042672 -0.111601 -0.0454509 0.992713 0 0.074209 1.48701</i>
                        <i>0.993547 0.0211988 0.111426 -0.0260425 0.99877 0.0421966 -0.110394 -0.0448261 0.992877 0 0.0708922 1.48701</i>
                        <i>0.993674 0.0214233 0.11024 -0.0261656 0.998785 0.0417518 -0.109212 -0.0443722 0.993028 0 0.0645677 1.48701</i>
                        <i>0.993764 0.0226724 0.109179 -0.0273298 0.998771 0.0413531 -0.108107 -0.0440791 0.993162 0 0.055888 1.48701</i>
                        <i>0.993812 0.0247397 0.108281 -0.029331 0.998728 0.0410161 -0.107129 -0.0439382 0.993274 0 0.0455057 1.48701</i>
                        <i>0.993817 0.0274189 0.107589 -0.0319646 0.998658 0.0407561 -0.106327 -0.0439432 0.99336 0 0.0340732 1.48701</i>
                        <i>0.993775 0.0305033 0.107144 -0.0350263 0.998562 0.0405888 -0.105751 -0.044089 0.993415 0 0.0222431 1.48701</i>
                        <i>0.993686 0.0337863 0.106986 -0.0383117 0.998444 0.0405296 -0.10545 -0.0443725 0.993434 0 0.0106678 1.48701</i>
                        <i>0.994497 0.0844708 -0.0619771 -0.0817166 0.995607 0.0457081 0.0655659 -0.040392 0.99703 0 0 1.48701</i>
                        <i>0.964485 0.131338 -0.229171 -0.123213 0.991146 0.049475 0.23364 -0.019481 0.972128 0 -0.00924881 1.48701</i>
                        <i>0.963878 0.134757 -0.229737 -0.126687 0.990702 0.0495926 0.234284 -0.0186964 0.971988 0 -0.0203545 1.48701</i>
                        <i>0.962941 0.138735 -0.231294 -0.130668 0.990169 0.0499157 0.235945 -0.0178431 0.971602 0 -0.0319245 1.48701</i>
                        <i>0.961744 0.143057 -0.233629 -0.134953 0.989569 0.0503996 0.238402 -0.0169427 0.971019 0 -0.042566 1.48701</i>
                        <i>0.960362 0.14751 -0.236527 -0.139338 0.988931 0.0509996 0.241432 -0.0160209 0.970285 0 -0.0508863 1.48701</i>
                        <i>0.958874 0.151884 -0.239777 -0.143621 0.988283 0.0516711 0.244815 -0.0151091 0.969452 0 -0.0554929 1.48701</i>
                        <i>0.957363 0.155968 -0.243165 -0.147602 0.987659 0.0523699 0.248332 -0.0142454 0.96857 0 -0.0549929 1.48701</i>
                        <i>0.955923 0.159558 -0.246479 -0.151082 0.987097 0.0530523 0.251764 -0.0134752 0.967695 5.46434e-019 -0.0502403 1.48701</i>
                        <i>0.954649 0.16245 -0.249509 -0.153864 0.986633 0.0536748 0.254894 -0.01285 0.966884 0 -0.0432721 1.48701</i>
                        <i>0.953642 0.164443 -0.252044 -0.155753 0.986308 0.0541948 0.257505 -0.0124259 0.966197 0 -0.0344712 1.48701</i>
                        <i>0.953065 0.164971 -0.253874 -0.156174 0.986221 0.0545697 0.259378 -0.0123599 0.965697 0 -0.0242201 1.48701</i>
                        <i>0.953041 0.163691 -0.254788 -0.154787 0.986429 0.0547568 0.260294 -0.0127476 0.965445 0 -0.0129015 1.48701</i>
                        <i>0.953601 0.160736 -0.254577 -0.151743 0.986905 0.0547137 0.260038 -0.0135448 0.965503 5.48562e-021 -0.000898081 1.48701</i>
                        <i>0.954761 0.156229 -0.253029 -0.147189 0.987611 0.0543967 0.258393 -0.0146928 0.965928 0 0.0114075 1.48701</i>
                        <i>0.956528 0.150292 -0.249932 -0.14127 0.98851 0.0537616 0.25514 -0.0161167 0.96677 -6.93845e-020 0.0236327 1.48701</i>
                        <i>0.958896 0.143037 -0.245069 -0.134126 0.989559 0.0527621 0.250057 -0.0177233 0.968069 0 0.0353948 1.48701</i>
                        <i>0.961842 0.13457 -0.238223 -0.125892 0.990714 0.0513502 0.242921 -0.0194005 0.969852 0 0.0463111 1.48701</i>
                        <i>0.965327 0.124995 -0.229171 -0.116695 0.991935 0.049475 0.233507 -0.0210166 0.972128 0 0.0559989 1.48701</i>
                        <i>0.973538 0.106095 -0.202407 -0.0992125 0.994098 0.0438792 0.205868 -0.0226367 0.978318 0 0.0640758 1.48701</i>
                        <i>0.985622 0.074264 -0.151768 -0.0700225 0.996996 0.0331109 0.153771 -0.0220077 0.987861 0 0.0701589 1.48701</i>
                        <i>0.995124 0.037189 -0.0913537 -0.0355012 0.999169 0.0200325 0.0920227 -0.0166916 0.995617 0 0.0738656 1.48701</i>
                        <i>0.999352 0.00361416 -0.0358113 -0.00333428 0.999963 0.00787192 0.0358384 -0.00774742 0.999328 0 0.074209 1.48701</i>
                        <i>0.999848 -0.0174414 0 0.0174414 0.999848 0 0 0 1 0 0.0708922 1.48701</i>
                        <i>0.999577 -0.0251485 0.0145971 0.0251979 0.999677 -0.00320986 -0.0145117 0.00357632 0.999888 0 0.0645677 1.48701</i>
                        <i>0.999491 -0.0258588 0.0186838 0.0259399 0.999655 -0.00410833 -0.0185711 0.0045909 0.999817 0 0.055888 1.48701</i>
                        <i>0.999638 -0.0218006 0.0157647 0.0218578 0.999755 -0.00346658 -0.0156853 0.00380991 0.99987 0 0.0455057 1.48701</i>
                        <i>0.999841 -0.0151947 0.00934233 0.0152145 0.999882 -0.00205444 -0.00931001 0.00219625 0.999954 0 0.0340732 1.48701</i>
                        <i>0.999962 -0.00826442 0.00291951 0.00826633 0.999966 -0.000642037 -0.0029141 0.000666145 0.999996 0 0.0222431 1.48701</i>
                        <i>0.999995 -0.00323658 0 0.00323658 0.999995 0 0 0 1 0 0.0106678 1.48701</i>
                        <i>1 0 0 0 1 0 0 0 1 0 0 1.48701</i>
                    </KeyFrames>
                </p>
            </i>
            <i>
                <p>
                    <Name><![CDATA[r_front_leg1]]></Name>
                    <Exclude>0</Exclude>
                    <Additive>0</Additive>
                    <IKPriority>0</IKPriority>
                    <IKRotLimits>-1e+010 -1e+010 -1e+010 1e+010 1e+010 1e+010</IKRotLimits>
                    <IKRotLimitOrder>0</IKRotLimitOrder>
                    <KeyFrames count="61">
                        <i>0.906158 -0.399532 0.13875 0.113587 0.545903 0.830113 -0.407401 -0.736454 0.540056 -0.65029 -1.2967 1.04771</i>
                        <i>0.907378 -0.397049 0.137906 0.111883 0.544424 0.831315 -0.405152 -0.738887 0.538421 -0.646272 -1.30796 1.04771</i>
                        <i>0.908656 -0.393928 0.138438 0.110124 0.545907 0.830577 -0.402762 -0.739463 0.539423 -0.642071 -1.32114 1.04771</i>
                        <i>0.909945 -0.390367 0.140052 0.108338 0.549706 0.828303 -0.40033 -0.738537 0.542494 -0.637817 -1.3348 1.04771</i>
                        <i>0.911195 -0.386562 0.142454 0.106561 0.555167 0.824884 -0.397955 -0.736451 0.547058 -0.633641 -1.34748 1.04771</i>
                        <i>0.912363 -0.382711 0.14535 0.104842 0.561637 0.820715 -0.39573 -0.733551 0.55254 -0.629675 -1.35772 1.04771</i>
                        <i>0.913407 -0.379014 0.148445 0.103238 0.568472 0.816199 -0.393737 -0.730197 0.558375 -0.626051 -1.36407 1.04771</i>
                        <i>0.914295 -0.375672 0.151445 0.101816 0.575044 0.811762 -0.392044 -0.72677 0.56401 -0.622901 -1.36507 1.04771</i>
                        <i>0.914998 -0.372887 0.154059 0.100649 0.580738 0.807845 -0.390702 -0.723671 0.568905 -0.620358 -1.36152 1.04771</i>
                        <i>0.915493 -0.370863 0.155993 0.0998115 0.58495 0.804905 -0.389757 -0.721314 0.572534 -0.618556 -1.35541 1.04771</i>
                        <i>0.915756 -0.369805 0.156955 0.0993792 0.587082 0.803404 -0.389248 -0.720124 0.574375 -0.617628 -1.34704 1.04771</i>
                        <i>0.915622 -0.370266 0.156653 0.0996488 0.586493 0.803801 -0.389496 -0.720367 0.573903 -0.618209 -1.33652 1.04771</i>
                        <i>0.914989 -0.372378 0.155336 0.100756 0.583674 0.805713 -0.390695 -0.721567 0.571575 -0.620623 -1.32406 1.04771</i>
                        <i>0.913934 -0.375719 0.153492 0.102529 0.579651 0.808389 -0.392699 -0.723077 0.568285 -0.624535 -1.3102 1.04771</i>
                        <i>0.912534 -0.380031 0.15119 0.104799 0.574574 0.811715 -0.395347 -0.724873 0.564145 -0.629607 -1.29546 1.04771</i>
                        <i>0.910869 -0.385055 0.148497 0.107401 0.568592 0.815578 -0.398477 -0.726936 0.559268 -0.635502 -1.28038 1.04771</i>
                        <i>0.909021 -0.390532 0.145481 0.110173 0.561859 0.819863 -0.401923 -0.729245 0.553768 -0.641886 -1.26548 1.04771</i>
                        <i>0.907081 -0.396207 0.142211 0.112958 0.554533 0.82446 -0.405518 -0.731788 0.547761 -0.648427 -1.25132 1.04771</i>
                        <i>0.905143 -0.401825 0.138755 0.115611 0.546775 0.829259 -0.409085 -0.734557 0.541365 -0.654796 -1.23843 1.04771</i>
                        <i>0.90331 -0.407133 0.13518 0.117993 0.538756 0.834158 -0.412442 -0.737553 0.534702 -0.660666 -1.22737 1.04771</i>
