<?xml version="1.0" encoding="ISO-8859-1" ?>
<Animl Version="1">
    <ModellingPackage><![CDATA[Maya.2010]]></ModellingPackage>
    <SrcFile><![CDATA[anims\vehicles\blue\~src\land\tank_m1a1abrams\tank_m1a1abrams_left_tread.mb]]></SrcFile>
    <FramesPerSecond>30</FramesPerSecond>
    <TotalFrames>61</TotalFrames>
    <Skeleton>
        <RefFrame>
            <Name><![CDATA[m1a1abrams_ref_frame]]></Name>
            <Exclude>1</Exclude>
            <Additive>0</Additive>
            <IKPriority>0</IKPriority>
            <IKRotLimits>-1e+010 -1e+010 -1e+010 1e+010 1e+010 1e+010</IKRotLimits>
            <IKRotLimitOrder>0</IKRotLimitOrder>
            <KeyFrames count="61">
                <i>1 0 0 0 1 0 0 0 1 0 0 0</i>
                <i>1 0 0 0 1 0 0 0 1 0 0 0</i>
                <i>1 0 0 0 1 0 0 0 1 0 0 0</i>
                <i>1 0 0 0 1 0 0 0 1 0 0 0</i>
                <i>1 0 0 0 1 0 0 0 1 0 0 0</i>
                <i>1 0 0 0 1 0 0 0 1 0 0 0</i>
                <i>1 0 0 0 1 0 0 0 1 0 0 0</i>
                <i>1 0 0 0 1 0 0 0 1 0 0 0</i>
                <i>1 0 0 0 1 0 0 0 1 0 0 0</i>
                <i>1 0 0 0 1 0 0 0 1 0 0 0</i>
                <i>1 0 0 0 1 0 0 0 1 0 0 0</i>
                <i>1 0 0 0 1 0 0 0 1 0 0 0</i>
                <i>1 0 0 0 1 0 0 0 1 0 0 0</i>
                <i>1 0 0 0 1 0 0 0 1 0 0 0</i>
                <i>1 0 0 0 1 0 0 0 1 0 0 0</i>
                <i>1 0 0 0 1 0 0 0 1 0 0 0</i>
                <i>1 0 0 0 1 0 0 0 1 0 0 0</i>
                <i>1 0 0 0 1 0 0 0 1 0 0 0</i>
                <i>1 0 0 0 1 0 0 0 1 0 0 0</i>
                <i>1 0 0 0 1 0 0 0 1 0 0 0</i>
                <i>1 0 0 0 1 0 0 0 1 0 0 0</i>
                <i>1 0 0 0 1 0 0 0 1 0 0 0</i>
                <i>1 0 0 0 1 0 0 0 1 0 0 0</i>
                <i>1 0 0 0 1 0 0 0 1 0 0 0</i>
                <i>1 0 0 0 1 0 0 0 1 0 0 0</i>
                <i>1 0 0 0 1 0 0 0 1 0 0 0</i>
                <i>1 0 0 0 1 0 0 0 1 0 0 0</i>
                <i>1 0 0 0 1 0 0 0 1 0 0 0</i>
                <i>1 0 0 0 1 0 0 0 1 0 0 0</i>
                <i>1 0 0 0 1 0 0 0 1 0 0 0</i>
                <i>1 0 0 0 1 0 0 0 1 0 0 0</i>
                <i>1 0 0 0 1 0 0 0 1 0 0 0</i>
                <i>1 0 0 0 1 0 0 0 1 0 0 0</i>
                <i>1 0 0 0 1 0 0 0 1 0 0 0</i>
                <i>1 0 0 0 1 0 0 0 1 0 0 0</i>
                <i>1 0 0 0 1 0 0 0 1 0 0 0</i>
                <i>1 0 0 0 1 0 0 0 1 0 0 0</i>
                <i>1 0 0 0 1 0 0 0 1 0 0 0</i>
                <i>1 0 0 0 1 0 0 0 1 0 0 0</i>
                <i>1 0 0 0 1 0 0 0 1 0 0 0</i>
                <i>1 0 0 0 1 0 0 0 1 0 0 0</i>
                <i>1 0 0 0 1 0 0 0 1 0 0 0</i>
                <i>1 0 0 0 1 0 0 0 1 0 0 0</i>
                <i>1 0 0 0 1 0 0 0 1 0 0 0</i>
                <i>1 0 0 0 1 0 0 0 1 0 0 0</i>
                <i>1 0 0 0 1 0 0 0 1 0 0 0</i>
                <i>1 0 0 0 1 0 0 0 1 0 0 0</i>
                <i>1 0 0 0 1 0 0 0 1 0 0 0</i>
                <i>1 0 0 0 1 0 0 0 1 0 0 0</i>
                <i>1 0 0 0 1 0 0 0 1 0 0 0</i>
                <i>1 0 0 0 1 0 0 0 1 0 0 0</i>
                <i>1 0 0 0 1 0 0 0 1 0 0 0</i>
                <i>1 0 0 0 1 0 0 0 1 0 0 0</i>
                <i>1 0 0 0 1 0 0 0 1 0 0 0</i>
                <i>1 0 0 0 1 0 0 0 1 0 0 0</i>
                <i>1 0 0 0 1 0 0 0 1 0 0 0</i>
                <i>1 0 0 0 1 0 0 0 1 0 0 0</i>
                <i>1 0 0 0 1 0 0 0 1 0 0 0</i>
                <i>1 0 0 0 1 0 0 0 1 0 0 0</i>
                <i>1 0 0 0 1 0 0 0 1 0 0 0</i>
                <i>1 0 0 0 1 0 0 0 1 0 0 0</i>
            </KeyFrames>
        </RefFrame>
        <Bones count="20">
            <i>
                <p>
                    <Name><![CDATA[m1a1abrams_root]]></Name>
                    <Exclude>1</Exclude>
                    <Additive>0</Additive>
                    <IKPriority>0</IKPriority>
                    <IKRotLimits>-1e+010 -1e+010 -1e+010 1e+010 1e+010 1e+010</IKRotLimits>
                    <IKRotLimitOrder>0</IKRotLimitOrder>
                    <KeyFrames count="61">
                        <i>1 0 0 0 1 0 0 0 1 0 0 0</i>
                        <i>1 0 0 0 1 0 0 0 1 0 0 0</i>
                        <i>1 0 0 0 1 0 0 0 1 0 0 0</i>
                        <i>1 0 0 0 1 0 0 0 1 0 0 0</i>
                        <i>1 0 0 0 1 0 0 0 1 0 0 0</i>
                        <i>1 0 0 0 1 0 0 0 1 0 0 0</i>
                        <i>1 0 0 0 1 0 0 0 1 0 0 0</i>
                        <i>1 0 0 0 1 0 0 0 1 0 0 0</i>
                        <i>1 0 0 0 1 0 0 0 1 0 0 0</i>
                        <i>1 0 0 0 1 0 0 0 1 0 0 0</i>
                        <i>1 0 0 0 1 0 0 0 1 0 0 0</i>
                        <i>1 0 0 0 1 0 0 0 1 0 0 0</i>
                        <i>1 0 0 0 1 0 0 0 1 0 0 0</i>
                        <i>1 0 0 0 1 0 0 0 1 0 0 0</i>
                        <i>1 0 0 0 1 0 0 0 1 0 0 0</i>
                        <i>1 0 0 0 1 0 0 0 1 0 0 0</i>
                        <i>1 0 0 0 1 0 0 0 1 0 0 0</i>
                        <i>1 0 0 0 1 0 0 0 1 0 0 0</i>
                        <i>1 0 0 0 1 0 0 0 1 0 0 0</i>
                        <i>1 0 0 0 1 0 0 0 1 0 0 0</i>
                        <i>1 0 0 0 1 0 0 0 1 0 0 0</i>
                        <i>1 0 0 0 1 0 0 0 1 0 0 0</i>
                        <i>1 0 0 0 1 0 0 0 1 0 0 0</i>
                        <i>1 0 0 0 1 0 0 0 1 0 0 0</i>
                        <i>1 0 0 0 1 0 0 0 1 0 0 0</i>
                        <i>1 0 0 0 1 0 0 0 1 0 0 0</i>
                        <i>1 0 0 0 1 0 0 0 1 0 0 0</i>
                        <i>1 0 0 0 1 0 0 0 1 0 0 0</i>
                        <i>1 0 0 0 1 0 0 0 1 0 0 0</i>
                        <i>1 0 0 0 1 0 0 0 1 0 0 0</i>
                        <i>1 0 0 0 1 0 0 0 1 0 0 0</i>
                        <i>1 0 0 0 1 0 0 0 1 0 0 0</i>
                        <i>1 0 0 0 1 0 0 0 1 0 0 0</i>
                        <i>1 0 0 0 1 0 0 0 1 0 0 0</i>
                        <i>1 0 0 0 1 0 0 0 1 0 0 0</i>
                        <i>1 0 0 0 1 0 0 0 1 0 0 0</i>
                        <i>1 0 0 0 1 0 0 0 1 0 0 0</i>
                        <i>1 0 0 0 1 0 0 0 1 0 0 0</i>
                        <i>1 0 0 0 1 0 0 0 1 0 0 0</i>
                        <i>1 0 0 0 1 0 0 0 1 0 0 0</i>
                        <i>1 0 0 0 1 0 0 0 1 0 0 0</i>
                        <i>1 0 0 0 1 0 0 0 1 0 0 0</i>
                        <i>1 0 0 0 1 0 0 0 1 0 0 0</i>
                        <i>1 0 0 0 1 0 0 0 1 0 0 0</i>
                        <i>1 0 0 0 1 0 0 0 1 0 0 0</i>
                        <i>1 0 0 0 1 0 0 0 1 0 0 0</i>
                        <i>1 0 0 0 1 0 0 0 1 0 0 0</i>
                        <i>1 0 0 0 1 0 0 0 1 0 0 0</i>
                        <i>1 0 0 0 1 0 0 0 1 0 0 0</i>
                        <i>1 0 0 0 1 0 0 0 1 0 0 0</i>
                        <i>1 0 0 0 1 0 0 0 1 0 0 0</i>
                        <i>1 0 0 0 1 0 0 0 1 0 0 0</i>
                        <i>1 0 0 0 1 0 0 0 1 0 0 0</i>
                        <i>1 0 0 0 1 0 0 0 1 0 0 0</i>
                        <i>1 0 0 0 1 0 0 0 1 0 0 0</i>
                        <i>1 0 0 0 1 0 0 0 1 0 0 0</i>
                        <i>1 0 0 0 1 0 0 0 1 0 0 0</i>
                        <i>1 0 0 0 1 0 0 0 1 0 0 0</i>
                        <i>1 0 0 0 1 0 0 0 1 0 0 0</i>
                        <i>1 0 0 0 1 0 0 0 1 0 0 0</i>
                        <i>1 0 0 0 1 0 0 0 1 0 0 0</i>
                    </KeyFrames>
                </p>
            </i>
            <i>
                <p>
                    <Name><![CDATA[l_tread]]></Name>
                    <Exclude>1</Exclude>
                    <Additive>0</Additive>
                    <IKPriority>1</IKPriority>
                    <IKRotLimits>-1e+010 -1e+010 -1e+010 1e+010 1e+010 1e+010</IKRotLimits>
                    <IKRotLimitOrder>0</IKRotLimitOrder>
                    <KeyFrames count="61">
                        <i>1 0 0 0 1 0 0 0 1 2.45755 0.583227 -3.16497</i>
                        <i>1 0 0 0 1 0 0 0 1 2.45755 0.583227 -3.16497</i>
                        <i>1 0 0 0 1 0 0 0 1 2.45755 0.583227 -3.16497</i>
                        <i>1 0 0 0 1 0 0 0 1 2.45755 0.583227 -3.16497</i>
                        <i>1 0 0 0 1 0 0 0 1 2.45755 0.583227 -3.16497</i>
                        <i>1 0 0 0 1 0 0 0 1 2.45755 0.583227 -3.16497</i>
                        <i>1 0 0 0 1 0 0 0 1 2.45755 0.583227 -3.16497</i>
                        <i>1 0 0 0 1 0 0 0 1 2.45755 0.583227 -3.16497</i>
                        <i>1 0 0 0 1 0 0 0 1 2.45755 0.583227 -3.16497</i>
                        <i>1 0 0 0 1 0 0 0 1 2.45755 0.583227 -3.16497</i>
                        <i>1 0 0 0 1 0 0 0 1 2.45755 0.583227 -3.16497</i>
                        <i>1 0 0 0 1 0 0 0 1 2.45755 0.583227 -3.16497</i>
                        <i>1 0 0 0 1 0 0 0 1 2.45755 0.583227 -3.16497</i>
                        <i>1 0 0 0 1 0 0 0 1 2.45755 0.583227 -3.16497</i>
                        <i>1 0 0 0 1 0 0 0 1 2.45755 0.583227 -3.16497</i>
                        <i>1 0 0 0 1 0 0 0 1 2.45755 0.583227 -3.16497</i>
                        <i>1 0 0 0 1 0 0 0 1 2.45755 0.583227 -3.16497</i>
                        <i>1 0 0 0 1 0 0 0 1 2.45755 0.583227 -3.16497</i>
                        <i>1 0 0 0 1 0 0 0 1 2.45755 0.583227 -3.16497</i>
                        <i>1 0 0 0 1 0 0 0 1 2.45755 0.583227 -3.16497</i>
                        <i>1 0 0 0 1 0 0 0 1 2.45755 0.583227 -3.16497</i>
                        <i>1 0 0 0 1 0 0 0 1 2.45755 0.583227 -3.16497</i>
                        <i>1 0 0 0 1 0 0 0 1 2.45755 0.583227 -3.16497</i>
                        <i>1 0 0 0 1 0 0 0 1 2.45755 0.583227 -3.16497</i>
                        <i>1 0 0 0 1 0 0 0 1 2.45755 0.583227 -3.16497</i>
                        <i>1 0 0 0 1 0 0 0 1 2.45755 0.583227 -3.16497</i>
                        <i>1 0 0 0 1 0 0 0 1 2.45755 0.583227 -3.16497</i>
                        <i>1 0 0 0 1 0 0 0 1 2.45755 0.583227 -3.16497</i>
                        <i>1 0 0 0 1 0 0 0 1 2.45755 0.583227 -3.16497</i>
                        <i>1 0 0 0 1 0 0 0 1 2.45755 0.583227 -3.16497</i>
                        <i>1 0 0 0 1 0 0 0 1 2.45755 0.583227 -3.16497</i>
                        <i>1 0 0 0 1 0 0 0 1 2.45755 0.583227 -3.16497</i>
                        <i>1 0 0 0 1 0 0 0 1 2.45755 0.583227 -3.16497</i>
                        <i>1 0 0 0 1 0 0 0 1 2.45755 0.583227 -3.16497</i>
                        <i>1 0 0 0 1 0 0 0 1 2.45755 0.583227 -3.16497</i>
                        <i>1 0 0 0 1 0 0 0 1 2.45755 0.583227 -3.16497</i>
                        <i>1 0 0 0 1 0 0 0 1 2.45755 0.583227 -3.16497</i>
                        <i>1 0 0 0 1 0 0 0 1 2.45755 0.583227 -3.16497</i>
                        <i>1 0 0 0 1 0 0 0 1 2.45755 0.583227 -3.16497</i>
                        <i>1 0 0 0 1 0 0 0 1 2.45755 0.583227 -3.16497</i>
                        <i>1 0 0 0 1 0 0 0 1 2.45755 0.583227 -3.16497</i>
                        <i>1 0 0 0 1 0 0 0 1 2.45755 0.583227 -3.16497</i>
                        <i>1 0 0 0 1 0 0 0 1 2.45755 0.583227 -3.16497</i>
                        <i>1 0 0 0 1 0 0 0 1 2.45755 0.583227 -3.16497</i>
                        <i>1 0 0 0 1 0 0 0 1 2.45755 0.583227 -3.16497</i>
                        <i>1 0 0 0 1 0 0 0 1 2.45755 0.583227 -3.16497</i>
                        <i>1 0 0 0 1 0 0 0 1 2.45755 0.583227 -3.16497</i>
                        <i>1 0 0 0 1 0 0 0 1 2.45755 0.583227 -3.16497</i>
                        <i>1 0 0 0 1 0 0 0 1 2.45755 0.583227 -3.16497</i>
                        <i>1 0 0 0 1 0 0 0 1 2.45755 0.583227 -3.16497</i>
                        <i>1 0 0 0 1 0 0 0 1 2.45755 0.583227 -3.16497</i>
                        <i>1 0 0 0 1 0 0 0 1 2.45755 0.583227 -3.16497</i>
                        <i>1 0 0 0 1 0 0 0 1 2.45755 0.583227 -3.16497</i>
                        <i>1 0 0 0 1 0 0 0 1 2.45755 0.583227 -3.16497</i>
                        <i>1 0 0 0 1 0 0 0 1 2.45755 0.583227 -3.16497</i>
                        <i>1 0 0 0 1 0 0 0 1 2.45755 0.583227 -3.16497</i>
                        <i>1 0 0 0 1 0 0 0 1 2.45755 0.583227 -3.16497</i>
                        <i>1 0 0 0 1 0 0 0 1 2.45755 0.583227 -3.16497</i>
                        <i>1 0 0 0 1 0 0 0 1 2.45755 0.583227 -3.16497</i>
                        <i>1 0 0 0 1 0 0 0 1 2.45755 0.583227 -3.16497</i>
                        <i>1 0 0 0 1 0 0 0 1 2.45755 0.583227 -3.16497</i>
                    </KeyFrames>
                </p>
            </i>
            <i>
                <p>
                    <Name><![CDATA[lwheel_1]]></Name>
                    <Exclude>0</Exclude>
                    <Additive>0</Additive>
                    <IKPriority>0</IKPriority>
                    <IKRotLimits>-1e+010 -1e+010 -1e+010 1e+010 1e+010 1e+010</IKRotLimits>
                    <IKRotLimitOrder>0</IKRotLimitOrder>
                    <KeyFrames count="61">
                        <i>1 0 0 0 0.954967 -0.296713 0 0.296713 0.954967 2.45755 0.582999 3.55551</i>
                        <i>1 0 0 0 0.995789 -0.0916802 0 0.0916802 0.995789 2.45755 0.587838 3.55551</i>
                        <i>1 0 0 0 0.993089 0.117359 0 -0.117359 0.993089 2.45755 0.592293 3.55551</i>
                        <i>1 0 0 0 0.946988 0.32127 0 -0.32127 0.946988 2.45755 0.579184 3.55551</i>
                        <i>1 0 0 0 0.859498 0.511139 0 -0.511139 0.859498 2.45755 0.584869 3.55551</i>
                        <i>1 0 0 0 0.734444 0.678669 0 -0.678669 0.734444 2.45755 0.586423 3.55551</i>
                        <i>1 0 0 0 0.577292 0.816538 0 -0.816538 0.577292 2.45755 0.582696 3.55551</i>
                        <i>1 0 0 0 0.394908 0.91872 0 -0.91872 0.394908 2.45755 0.577305 3.55551</i>
                        <i>1 0 0 0 0.195266 0.98075 0 -0.98075 0.195266 2.45755 0.580271 3.55551</i>
                        <i>1 0 0 0 -0.0129104 0.999917 0 -0.999917 -0.0129104 2.45755 0.58244 3.55551</i>
                        <i>1 0 0 0 -0.220523 0.975382 0 -0.975382 -0.220523 2.45755 0.584059 3.55551</i>
                        <i>1 0 0 0 -0.418497 0.908218 0 -0.908218 -0.418497 2.45755 0.577396 3.55551</i>
                        <i>1 0 0 0 -0.598181 0.801361 0 -0.801361 -0.598181 2.45755 0.585457 3.55551</i>
                        <i>1 0 0 0 -0.751722 0.659481 0 -0.659481 -0.751722 2.45755 0.584844 3.55551</i>
                        <i>1 0 0 0 -0.872408 0.488778 0 -0.488778 -0.872408 2.45755 0.578871 3.55551</i>
                        <i>1 0 0 0 -0.954967 0.296713 0 -0.296713 -0.954967 2.45755 0.594535 3.55551</i>
                        <i>1 0 0 0 -0.995789 0.0916801 0 -0.0916801 -0.995789 2.45755 0.583013 3.55551</i>
                        <i>1 0 0 0 -0.993089 -0.11736 0 0.11736 -0.993089 2.45755 0.582405 3.55551</i>
                        <i>1 0 0 0 -0.946988 -0.32127 0 0.32127 -0.946988 2.45755 0.585728 3.55551</i>
                        <i>1 0 0 0 -0.859498 -0.511139 0 0.511139 -0.859498 2.45755 0.577872 3.55551</i>
                        <i>1 0 0 0 -0.734444 -0.678669 0 0.678669 -0.734444 2.45755 0.581541 3.55551</i>
                        <i>1 0 0 0 -0.577291 -0.816538 0 0.816538 -0.577291 2.45755 0.578666 3.55551</i>
                        <i>1 0 0 0 -0.394909 -0.91872 0 0.91872 -0.394909 2.45755 0.581271 3.55551</i>
                        <i>1 0 0 0 -0.195266 -0.98075 0 0.98075 -0.195266 2.45755 0.58036 3.55551</i>
                        <i>1 0 0 0 0.0129103 -0.999917 0 0.999917 0.0129103 2.45755 0.59392 3.55551</i>
                        <i>1 0 0 0 0.220523 -0.975382 0 0.975382 0.220523 2.45755 0.582999 3.55551</i>
                        <i>1 0 0 0 0.418497 -0.908218 0 0.908218 0.418497 2.45755 0.587838 3.55551</i>
                        <i>1 0 0 0 0.598181 -0.801361 0 0.801361 0.598181 2.45755 0.592293 3.55551</i>
                        <i>1 0 0 0 0.751722 -0.659481 0 0.659481 0.751722 2.45755 0.579184 3.55551</i>
                        <i>1 0 0 0 0.872408 -0.488778 0 0.488778 0.872408 2.45755 0.584869 3.55551</i>
                        <i>1 0 0 0 0.954967 -0.296713 0 0.296713 0.954967 2.45755 0.586423 3.55551</i>
                        <i>1 0 0 0 0.995789 -0.0916796 0 0.0916796 0.995789 2.45755 0.582696 3.55551</i>
                        <i>1 0 0 0 0.993089 0.11736 0 -0.11736 0.993089 2.45755 0.577305 3.55551</i>
                        <i>1 0 0 0 0.946988 0.32127 0 -0.32127 0.946988 2.45755 0.580271 3.55551</i>
                        <i>1 0 0 0 0.859498 0.511139 0 -0.511139 0.859498 2.45755 0.58244 3.55551</i>
                        <i>1 0 0 0 0.734444 0.67867 0 -0.67867 0.734444 2.45755 0.584059 3.55551</i>
                        <i>1 0 0 0 0.577291 0.816538 0 -0.816538 0.577291 2.45755 0.577396 3.55551</i>
                        <i>1 0 0 0 0.394908 0.918721 0 -0.918721 0.394908 2.45755 0.585457 3.55551</i>
                        <i>1 0 0 0 0.195266 0.98075 0 -0.98075 0.195266 2.45755 0.584844 3.55551</i>
                        <i>1 0 0 0 -0.0129113 0.999917 -0 -0.999917 -0.0129113 2.45755 0.578871 3.55551</i>
                        <i>1 0 0 0 -0.220523 0.975382 -0 -0.975382 -0.220523 2.45755 0.594535 3.55551</i>
                        <i>1 0 0 0 -0.418498 0.908218 -0 -0.908218 -0.418498 2.45755 0.583013 3.55551</i>
                        <i>1 0 0 0 -0.598181 0.801361 -0 -0.801361 -0.598181 2.45755 0.582405 3.55551</i>
                        <i>1 0 0 0 -0.751722 0.65948 -0 -0.65948 -0.751722 2.45755 0.585728 3.55551</i>
                        <i>1 0 0 0 -0.872409 0.488777 -0 -0.488777 -0.872409 2.45755 0.577872 3.55551</i>
                        <i>1 0 0 0 -0.954967 0.296712 -0 -0.296712 -0.954967 2.45755 0.581541 3.55551</i>
                        <i>1 0 0 0 -0.995789 0.0916787 -0 -0.0916787 -0.995789 2.45755 0.578666 3.55551</i>
                        <i>1 0 0 -0 -0.993089 -0.117361 0 0.117361 -0.993089 2.45755 0.581271 3.55551</i>
                        <i>1 0 0 -0 -0.946987 -0.321271 0 0.321271 -0.946987 2.45755 0.58036 3.55551</i>
                        <i>1 0 0 -0 -0.859498 -0.51114 0 0.51114 -0.859498 2.45755 0.59392 3.55551</i>
                        <i>1 0 0 -0 -0.734443 -0.67867 0 0.67867 -0.734443 2.45755 0.582999 3.55551</i>
                        <i>1 0 0 -0 -0.57729 -0.816539 0 0.816539 -0.57729 2.45755 0.587838 3.55551</i>
                        <i>1 0 0 -0 -0.394907 -0.918721 0 0.918721 -0.394907 2.45755 0.592293 3.55551</i>
                        <i>1 0 0 -0 -0.195265 -0.980751 0 0.980751 -0.195265 2.45755 0.579184 3.55551</i>
                        <i>1 0 0 0 0.0129121 -0.999917 0 0.999917 0.0129121 2.45755 0.584869 3.55551</i>
                        <i>1 0 0 0 0.220524 -0.975381 0 0.975381 0.220524 2.45755 0.586423 3.55551</i>
                        <i>1 0 0 0 0.418498 -0.908218 0 0.908218 0.418498 2.45755 0.582696 3.55551</i>
                        <i>1 0 0 0 0.598182 -0.80136 0 0.80136 0.598182 2.45755 0.577305 3.55551</i>
                        <i>1 0 0 0 0.751723 -0.659479 0 0.659479 0.751723 2.45755 0.580271 3.55551</i>
                        <i>1 0 0 0 0.872409 -0.488776 0 0.488776 0.872409 2.45755 0.58244 3.55551</i>
                        <i>1 0 0 0 0.954967 -0.296711 0 0.296711 0.954967 2.45755 0.584059 3.55551</i>
                    </KeyFrames>
                </p>
            </i>
            <i>
                <p>
                    <Name><![CDATA[lwheel_2]]></Name>
                    <Exclude>0</Exclude>
                    <Additive>0</Additive>
                    <IKPriority>0</IKPriority>
                    <IKRotLimits>-1e+010 -1e+010 -1e+010 1e+010 1e+010 1e+010</IKRotLimits>
                    <IKRotLimitOrder>0</IKRotLimitOrder>
                    <KeyFrames count="61">
                        <i>1 0 0 0 0.908818 0.417194 0 -0.417194 0.908818 2.45755 0.574311 2.31541</i>
                        <i>1 0 0 0 0.802218 0.597031 0 -0.597031 0.802218 2.45755 0.593771 2.31541</i>
                        <i>1 0 0 0 0.660558 0.750775 0 -0.750775 0.660558 2.45755 0.591877 2.31541</i>
                        <i>1 0 0 0 0.490029 0.871706 0 -0.871706 0.490029 2.45755 0.591776 2.31541</i>
                        <i>1 0 0 0 0.298082 0.95454 0 -0.95454 0.298082 2.45755 0.591948 2.31541</i>
                        <i>1 0 0 0 0.0931085 0.995656 0 -0.995656 0.0931085 2.45755 0.576999 2.31541</i>
                        <i>1 0 0 0 -0.115935 0.993257 0 -0.993257 -0.115935 2.45755 0.585658 2.31541</i>
                        <i>1 0 0 0 -0.319911 0.947448 0 -0.947448 -0.319911 2.45755 0.579519 2.31541</i>
                        <i>1 0 0 0 -0.509906 0.86023 0 -0.86023 -0.509906 2.45755 0.582987 2.31541</i>
                        <i>1 0 0 0 -0.677615 0.735417 0 -0.735417 -0.677615 2.45755 0.576243 2.31541</i>
                        <i>1 0 0 0 -0.815709 0.578462 0 -0.578462 -0.815709 2.45755 0.576842 2.31541</i>
                        <i>1 0 0 0 -0.918153 0.396226 0 -0.396226 -0.918153 2.45755 0.588735 2.31541</i>
                        <i>1 0 0 0 -0.980469 0.196673 0 -0.196673 -0.980469 2.45755 0.569919 2.31541</i>
                        <i>1 0 0 0 -0.999934 -0.011476 0 0.011476 -0.999934 2.45755 0.581927 2.31541</i>
                        <i>1 0 0 0 -0.975697 -0.219123 0 0.219123 -0.975697 2.45755 0.593028 2.31541</i>
                        <i>1 0 0 0 -0.908818 -0.417194 0 0.417194 -0.908818 2.45755 0.58433 2.31541</i>
                        <i>1 0 0 0 -0.802218 -0.597031 0 0.597031 -0.802218 2.45755 0.574821 2.31541</i>
                        <i>1 0 0 0 -0.660558 -0.750775 0 0.750775 -0.660558 2.45755 0.597065 2.31541</i>
                        <i>1 0 0 0 -0.490029 -0.871706 0 0.871706 -0.490029 2.45755 0.58175 2.31541</i>
                        <i>1 0 0 0 -0.298082 -0.95454 0 0.95454 -0.298082 2.45755 0.580044 2.31541</i>
                        <i>1 0 0 0 -0.0931085 -0.995656 0 0.995656 -0.0931085 2.45755 0.587792 2.31541</i>
                        <i>1 0 0 0 0.115935 -0.993257 0 0.993257 0.115935 2.45755 0.584256 2.31541</i>
                        <i>1 0 0 0 0.319911 -0.947448 0 0.947448 0.319911 2.45755 0.579013 2.31541</i>
                        <i>1 0 0 0 0.509906 -0.86023 0 0.86023 0.509906 2.45755 0.58102 2.31541</i>
                        <i>1 0 0 0 0.677615 -0.735417 0 0.735417 0.677615 2.45755 0.577577 2.31541</i>
                        <i>1 0 0 0 0.815709 -0.578462 0 0.578462 0.815709 2.45755 0.574311 2.31541</i>
                        <i>1 0 0 0 0.918153 -0.396226 0 0.396226 0.918153 2.45755 0.593771 2.31541</i>
                        <i>1 0 0 0 0.980469 -0.196673 0 0.196673 0.980469 2.45755 0.591877 2.31541</i>
                        <i>1 0 0 0 0.999934 0.0114759 0 -0.0114759 0.999934 2.45755 0.591776 2.31541</i>
                        <i>1 0 0 0 0.975697 0.219123 0 -0.219123 0.975697 2.45755 0.591948 2.31541</i>
                        <i>1 0 0 0 0.908818 0.417194 0 -0.417194 0.908818 2.45755 0.576999 2.31541</i>
                        <i>1 0 0 0 0.802218 0.597031 0 -0.597031 0.802218 2.45755 0.585658 2.31541</i>
                        <i>1 0 0 0 0.660558 0.750775 0 -0.750775 0.660558 2.45755 0.579519 2.31541</i>
                        <i>1 0 0 0 0.490028 0.871706 0 -0.871706 0.490028 2.45755 0.582987 2.31541</i>
                        <i>1 0 0 0 0.298082 0.95454 0 -0.95454 0.298082 2.45755 0.576243 2.31541</i>
                        <i>1 0 0 0 0.0931078 0.995656 0 -0.995656 0.0931078 2.45755 0.576842 2.31541</i>
                        <i>1 0 0 0 -0.115935 0.993257 -0 -0.993257 -0.115935 2.45755 0.588735 2.31541</i>
                        <i>1 0 0 0 -0.319911 0.947447 -0 -0.947447 -0.319911 2.45755 0.569919 2.31541</i>
                        <i>1 0 0 0 -0.509906 0.86023 -0 -0.86023 -0.509906 2.45755 0.581927 2.31541</i>
                        <i>1 0 0 0 -0.677616 0.735416 -0 -0.735416 -0.677616 2.45755 0.593028 2.31541</i>
                        <i>1 0 0 0 -0.81571 0.578462 -0 -0.578462 -0.81571 2.45755 0.58433 2.31541</i>
                        <i>1 0 0 0 -0.918153 0.396226 -0 -0.396226 -0.918153 2.45755 0.574821 2.31541</i>
                        <i>1 0 0 0 -0.980469 0.196672 -0 -0.196672 -0.980469 2.45755 0.597065 2.31541</i>
                        <i>1 0 0 -0 -0.999934 -0.011477 0 0.011477 -0.999934 2.45755 0.58175 2.31541</i>
                        <i>1 0 0 -0 -0.975697 -0.219124 0 0.219124 -0.975697 2.45755 0.580044 2.31541</i>
                        <i>1 0 0 -0 -0.908817 -0.417194 0 0.417194 -0.908817 2.45755 0.587792 2.31541</i>
                        <i>1 0 0 -0 -0.802217 -0.597032 0 0.597032 -0.802217 2.45755 0.584256 2.31541</i>
                        <i>1 0 0 -0 -0.660557 -0.750776 0 0.750776 -0.660557 2.45755 0.579013 2.31541</i>
                        <i>1 0 0 -0 -0.490028 -0.871707 0 0.871707 -0.490028 2.45755 0.581019 2.31541</i>
                        <i>1 0 0 -0 -0.298081 -0.95454 0 0.95454 -0.298081 2.45755 0.577577 2.31541</i>
                        <i>1 0 0 -0 -0.0931069 -0.995656 0 0.995656 -0.0931069 2.45755 0.574311 2.31541</i>
                        <i>1 0 0 0 0.115936 -0.993257 0 0.993257 0.115936 2.45755 0.593771 2.31541</i>
                        <i>1 0 0 0 0.319912 -0.947447 0 0.947447 0.319912 2.45755 0.591877 2.31541</i>
                        <i>1 0 0 0 0.509907 -0.86023 0 0.86023 0.509907 2.45755 0.591776 2.31541</i>
                        <i>1 0 0 0 0.677616 -0.735416 0 0.735416 0.677616 2.45755 0.591948 2.31541</i>
                        <i>1 0 0 0 0.81571 -0.578461 0 0.578461 0.81571 2.45755 0.576999 2.31541</i>
                        <i>1 0 0 0 0.918154 -0.396225 0 0.396225 0.918154 2.45755 0.585658 2.31541</i>
                        <i>1 0 0 0 0.980469 -0.196672 0 0.196672 0.980469 2.45755 0.579519 2.31541</i>
                        <i>1 0 0 0 0.999934 0.0114779 0 -0.0114779 0.999934 2.45755 0.582987 2.31541</i>
                        <i>1 0 0 0 0.975697 0.219125 0 -0.219125 0.975697 2.45755 0.576243 2.31541</i>
                        <i>1 0 0 0 0.908817 0.417195 0 -0.417195 0.908817 2.45755 0.576842 2.31541</i>
                    </KeyFrames>
                </p>
            </i>
            <i>
                <p>
                    <Name><![CDATA[lwheel_3]]></Name>
                    <Exclude>0</Exclude>
                    <Additive>0</Additive>
                    <IKPriority>0</IKPriority>
                    <IKRotLimits>-1e+010 -1e+010 -1e+010 1e+010 1e+010 1e+010</IKRotLimits>
                    <IKRotLimitOrder>0</IKRotLimitOrder>
                    <KeyFrames count="61">
                        <i>1 0 0 0 0.890028 -0.455907 0 0.455907 0.890028 2.45755 0.576477 1.22118</i>
                        <i>1 0 0 0 0.965367 -0.260897 0 0.260897 0.965367 2.45755 0.583878 1.22118</i>
                        <i>1 0 0 0 0.998515 -0.0544846 0 0.0544846 0.998515 2.45755 0.579022 1.22118</i>
                        <i>1 0 0 0 0.988023 0.154309 0 -0.154309 0.988023 2.45755 0.580085 1.22118</i>
                        <i>1 0 0 0 0.934349 0.356358 0 -0.356358 0.934349 2.45755 0.571937 1.22118</i>
                        <i>1 0 0 0 0.839841 0.542833 0 -0.542833 0.839841 2.45755 0.582891 1.22118</i>
                        <i>1 0 0 0 0.708627 0.705584 0 -0.705584 0.708627 2.45755 0.583353 1.22118</i>
                        <i>1 0 0 0 0.546442 0.837497 0 -0.837497 0.546442 2.45755 0.574314 1.22118</i>
                        <i>1 0 0 0 0.360376 0.932807 0 -0.932807 0.360376 2.45755 0.580325 1.22118</i>
                        <i>1 0 0 0 0.158559 0.987349 0 -0.987349 0.158559 2.45755 0.572953 1.22118</i>
                        <i>1 0 0 0 -0.0501871 0.99874 0 -0.99874 -0.0501871 2.45755 0.586044 1.22118</i>
                        <i>1 0 0 0 -0.25674 0.96648 0 -0.96648 -0.25674 2.45755 0.597513 1.22118</i>
                        <i>1 0 0 0 -0.452072 0.891981 0 -0.891981 -0.452072 2.45755 0.577532 1.22118</i>
                        <i>1 0 0 0 -0.627647 0.778498 0 -0.778498 -0.627647 2.45755 0.580559 1.22118</i>
                        <i>1 0 0 0 -0.77579 0.630991 0 -0.630991 -0.77579 2.45755 0.570615 1.22118</i>
                        <i>1 0 0 0 -0.890028 0.455906 0 -0.455906 -0.890028 2.45755 0.592479 1.22118</i>
                        <i>1 0 0 0 -0.965367 0.260897 0 -0.260897 -0.965367 2.45755 0.595509 1.22118</i>
                        <i>1 0 0 0 -0.998515 0.0544844 0 -0.0544844 -0.998515 2.45755 0.57567 1.22118</i>
                        <i>1 0 0 0 -0.988023 -0.154309 0 0.154309 -0.988023 2.45755 0.587565 1.22118</i>
                        <i>1 0 0 0 -0.934349 -0.356358 0 0.356358 -0.934349 2.45755 0.563754 1.22118</i>
                        <i>1 0 0 0 -0.839841 -0.542833 0 0.542833 -0.839841 2.45755 0.589667 1.22118</i>
                        <i>1 0 0 0 -0.708627 -0.705584 0 0.705584 -0.708627 2.45755 0.571618 1.22118</i>
                        <i>1 0 0 0 -0.546442 -0.837497 0 0.837497 -0.546442 2.45755 0.583613 1.22118</i>
                        <i>1 0 0 0 -0.360376 -0.932807 0 0.932807 -0.360376 2.45755 0.59104 1.22118</i>
                        <i>1 0 0 0 -0.158559 -0.987349 0 0.987349 -0.158559 2.45755 0.591422 1.22118</i>
                        <i>1 0 0 0 0.0501872 -0.99874 0 0.99874 0.0501872 2.45755 0.576477 1.22118</i>
                        <i>1 0 0 0 0.25674 -0.96648 0 0.96648 0.25674 2.45755 0.583878 1.22118</i>
                        <i>1 0 0 0 0.452072 -0.891981 0 0.891981 0.452072 2.45755 0.579022 1.22118</i>
                        <i>1 0 0 0 0.627647 -0.778498 0 0.778498 0.627647 2.45755 0.580085 1.22118</i>
                        <i>1 0 0 0 0.77579 -0.630991 0 0.630991 0.77579 2.45755 0.571937 1.22118</i>
                        <i>1 0 0 0 0.890028 -0.455907 0 0.455907 0.890028 2.45755 0.582891 1.22118</i>
                        <i>1 0 0 0 0.965367 -0.260896 0 0.260896 0.965367 2.45755 0.583353 1.22118</i>
                        <i>1 0 0 0 0.998515 -0.0544842 0 0.0544842 0.998515 2.45755 0.574314 1.22118</i>
                        <i>1 0 0 0 0.988023 0.154309 0 -0.154309 0.988023 2.45755 0.580325 1.22118</i>
                        <i>1 0 0 0 0.934349 0.356358 0 -0.356358 0.934349 2.45755 0.572953 1.22118</i>
                        <i>1 0 0 0 0.83984 0.542834 0 -0.542834 0.83984 2.45755 0.586044 1.22118</i>
                        <i>1 0 0 0 0.708626 0.705584 0 -0.705584 0.708626 2.45755 0.597513 1.22118</i>
                        <i>1 0 0 0 0.546442 0.837497 0 -0.837497 0.546442 2.45755 0.577532 1.22118</i>
                        <i>1 0 0 0 0.360376 0.932807 0 -0.932807 0.360376 2.45755 0.580559 1.22118</i>
                        <i>1 0 0 0 0.158558 0.98735 0 -0.98735 0.158558 2.45755 0.570615 1.22118</i>
                        <i>1 0 0 0 -0.0501878 0.99874 -0 -0.99874 -0.0501878 2.45755 0.592479 1.22118</i>
                        <i>1 0 0 0 -0.256741 0.96648 -0 -0.96648 -0.256741 2.45755 0.595509 1.22118</i>
                        <i>1 0 0 0 -0.452073 0.891981 -0 -0.891981 -0.452073 2.45755 0.57567 1.22118</i>
                        <i>1 0 0 0 -0.627648 0.778498 -0 -0.778498 -0.627648 2.45755 0.587565 1.22118</i>
                        <i>1 0 0 0 -0.775791 0.63099 -0 -0.63099 -0.775791 2.45755 0.563754 1.22118</i>
                        <i>1 0 0 0 -0.890028 0.455906 -0 -0.455906 -0.890028 2.45755 0.589667 1.22118</i>
                        <i>1 0 0 0 -0.965367 0.260895 -0 -0.260895 -0.965367 2.45755 0.571618 1.22118</i>
                        <i>1 0 0 0 -0.998515 0.0544834 -0 -0.0544834 -0.998515 2.45755 0.583613 1.22118</i>
                        <i>1 0 0 -0 -0.988023 -0.15431 0 0.15431 -0.988023 2.45755 0.59104 1.22118</i>
                        <i>1 0 0 -0 -0.934349 -0.356359 0 0.356359 -0.934349 2.45755 0.591422 1.22118</i>
                        <i>1 0 0 -0 -0.83984 -0.542835 0 0.542835 -0.83984 2.45755 0.576477 1.22118</i>
                        <i>1 0 0 -0 -0.708626 -0.705585 0 0.705585 -0.708626 2.45755 0.583878 1.22118</i>
                        <i>1 0 0 -0 -0.546441 -0.837497 0 0.837497 -0.546441 2.45755 0.579022 1.22118</i>
                        <i>1 0 0 -0 -0.360375 -0.932808 0 0.932808 -0.360375 2.45755 0.580085 1.22118</i>
                        <i>1 0 0 -0 -0.158558 -0.98735 0 0.98735 -0.158558 2.45755 0.571937 1.22118</i>
                        <i>1 0 0 0 0.0501887 -0.99874 0 0.99874 0.0501887 2.45755 0.582891 1.22118</i>
                        <i>1 0 0 0 0.256741 -0.96648 0 0.96648 0.256741 2.45755 0.583353 1.22118</i>
                        <i>1 0 0 0 0.452073 -0.891981 0 0.891981 0.452073 2.45755 0.574314 1.22118</i>
                        <i>1 0 0 0 0.627648 -0.778497 0 0.778497 0.627648 2.45755 0.580325 1.22118</i>
                        <i>1 0 0 0 0.775791 -0.63099 0 0.63099 0.775791 2.45755 0.572953 1.22118</i>
                        <i>1 0 0 0 0.890028 -0.455905 0 0.455905 0.890028 2.45755 0.586044 1.22118</i>
                    </KeyFrames>
                </p>
            </i>
            <i>
                <p>
                    <Name><![CDATA[lwheel_4]]></Name>
                    <Exclude>0</Exclude>
                    <Additive>0</Additive>
                    <IKPriority>0</IKPriority>
                    <IKRotLimits>-1e+010 -1e+010 -1e+010 1e+010 1e+010 1e+010</IKRotLimits>
                    <IKRotLimitOrder>0</IKRotLimitOrder>
                    <KeyFrames count="61">
                        <i>1 0 0 0 0.192452 0.981306 0 -0.981306 0.192452 2.45755 0.578825 0.136186</i>
                        <i>1 0 0 0 -0.0157791 0.999875 0 -0.999875 -0.0157791 2.45755 0.575972 0.136186</i>
                        <i>1 0 0 0 -0.22332 0.974745 0 -0.974745 -0.22332 2.45755 0.571663 0.136186</i>
                        <i>1 0 0 0 -0.421101 0.907014 0 -0.907014 -0.421101 2.45755 0.590142 0.136186</i>
                        <i>1 0 0 0 -0.600478 0.799642 0 -0.799642 -0.600478 2.45755 0.578206 0.136186</i>
                        <i>1 0 0 0 -0.753611 0.657321 0 -0.657321 -0.753611 2.45755 0.581361 0.136186</i>
                        <i>1 0 0 0 -0.873807 0.486273 0 -0.486273 -0.873807 2.45755 0.579604 0.136186</i>
                        <i>1 0 0 0 -0.955814 0.293972 0 -0.293972 -0.955814 2.45755 0.594197 0.136186</i>
                        <i>1 0 0 0 -0.996047 0.0888227 0 -0.0888227 -0.996047 2.45755 0.583961 0.136186</i>
                        <i>1 0 0 0 -0.992749 -0.120208 0 0.120208 -0.992749 2.45755 0.57439 0.136186</i>
                        <i>1 0 0 0 -0.946062 -0.323985 0 0.323985 -0.946062 2.45755 0.568538 0.136186</i>
                        <i>1 0 0 0 -0.858028 -0.513603 0 0.513603 -0.858028 2.45755 0.575946 0.136186</i>
                        <i>1 0 0 0 -0.732494 -0.680773 0 0.680773 -0.732494 2.45755 0.576379 0.136186</i>
                        <i>1 0 0 0 -0.574946 -0.818191 0 0.818191 -0.574946 2.45755 0.57857 0.136186</i>
                        <i>1 0 0 0 -0.392271 -0.91985 0 0.91985 -0.392271 2.45755 0.576935 0.136186</i>
                        <i>1 0 0 0 -0.192451 -0.981306 0 0.981306 -0.192451 2.45755 0.577255 0.136186</i>
                        <i>1 0 0 0 0.0157791 -0.999875 0 0.999875 0.0157791 2.45755 0.583352 0.136186</i>
                        <i>1 0 0 0 0.22332 -0.974745 0 0.974745 0.22332 2.45755 0.576344 0.136186</i>
                        <i>1 0 0 0 0.421101 -0.907014 0 0.907014 0.421101 2.45755 0.593442 0.136186</i>
                        <i>1 0 0 0 0.600478 -0.799641 0 0.799641 0.600478 2.45755 0.596395 0.136186</i>
                        <i>1 0 0 0 0.753611 -0.657321 0 0.657321 0.753611 2.45755 0.58838 0.136186</i>
                        <i>1 0 0 0 0.873807 -0.486273 0 0.486273 0.873807 2.45755 0.576844 0.136186</i>
                        <i>1 0 0 0 0.955814 -0.293972 0 0.293972 0.955814 2.45755 0.580275 0.136186</i>
                        <i>1 0 0 0 0.996047 -0.0888227 0 0.0888227 0.996047 2.45755 0.58618 0.136186</i>
                        <i>1 0 0 0 0.992749 0.120208 0 -0.120208 0.992749 2.45755 0.578006 0.136186</i>
                        <i>1 0 0 0 0.946062 0.323985 0 -0.323985 0.946062 2.45755 0.578825 0.136186</i>
                        <i>1 0 0 0 0.858028 0.513603 0 -0.513603 0.858028 2.45755 0.575972 0.136186</i>
                        <i>1 0 0 0 0.732494 0.680774 0 -0.680774 0.732494 2.45755 0.571663 0.136186</i>
                        <i>1 0 0 0 0.574947 0.818191 0 -0.818191 0.574947 2.45755 0.590142 0.136186</i>
                        <i>1 0 0 0 0.392271 0.91985 0 -0.91985 0.392271 2.45755 0.578206 0.136186</i>
                        <i>1 0 0 0 0.192452 0.981306 0 -0.981306 0.192452 2.45755 0.581361 0.136186</i>
                        <i>1 0 0 0 -0.0157796 0.999875 -0 -0.999875 -0.0157796 2.45755 0.579604 0.136186</i>
                        <i>1 0 0 0 -0.22332 0.974745 -0 -0.974745 -0.22332 2.45755 0.594197 0.136186</i>
                        <i>1 0 0 0 -0.421101 0.907014 -0 -0.907014 -0.421101 2.45755 0.583961 0.136186</i>
                        <i>1 0 0 0 -0.600478 0.799641 -0 -0.799641 -0.600478 2.45755 0.57439 0.136186</i>
                        <i>1 0 0 0 -0.753611 0.657321 -0 -0.657321 -0.753611 2.45755 0.568538 0.136186</i>
                        <i>1 0 0 0 -0.873807 0.486272 -0 -0.486272 -0.873807 2.45755 0.575946 0.136186</i>
                        <i>1 0 0 0 -0.955814 0.293971 -0 -0.293971 -0.955814 2.45755 0.576379 0.136186</i>
                        <i>1 0 0 0 -0.996047 0.0888225 -0 -0.0888225 -0.996047 2.45755 0.57857 0.136186</i>
                        <i>1 0 0 -0 -0.992749 -0.120209 0 0.120209 -0.992749 2.45755 0.576935 0.136186</i>
                        <i>1 0 0 -0 -0.946062 -0.323986 0 0.323986 -0.946062 2.45755 0.577255 0.136186</i>
                        <i>1 0 0 -0 -0.858028 -0.513603 0 0.513603 -0.858028 2.45755 0.583352 0.136186</i>
                        <i>1 0 0 -0 -0.732494 -0.680774 0 0.680774 -0.732494 2.45755 0.576344 0.136186</i>
                        <i>1 0 0 -0 -0.574946 -0.818192 0 0.818192 -0.574946 2.45755 0.593442 0.136186</i>
                        <i>1 0 0 -0 -0.39227 -0.91985 0 0.91985 -0.39227 2.45755 0.596395 0.136186</i>
                        <i>1 0 0 -0 -0.192451 -0.981307 0 0.981307 -0.192451 2.45755 0.58838 0.136186</i>
                        <i>1 0 0 0 0.0157805 -0.999875 0 0.999875 0.0157805 2.45755 0.576844 0.136186</i>
                        <i>1 0 0 0 0.223321 -0.974745 0 0.974745 0.223321 2.45755 0.580275 0.136186</i>
                        <i>1 0 0 0 0.421102 -0.907013 0 0.907013 0.421102 2.45755 0.58618 0.136186</i>
                        <i>1 0 0 0 0.600478 -0.799641 0 0.799641 0.600478 2.45755 0.578006 0.136186</i>
                        <i>1 0 0 0 0.753612 -0.65732 0 0.65732 0.753612 2.45755 0.578825 0.136186</i>
                        <i>1 0 0 0 0.873808 -0.486271 0 0.486271 0.873808 2.45755 0.575972 0.136186</i>
                        <i>1 0 0 0 0.955814 -0.29397 0 0.29397 0.955814 2.45755 0.571663 0.136186</i>
                        <i>1 0 0 0 0.996048 -0.0888217 0 0.0888217 0.996048 2.45755 0.590142 0.136186</i>
                        <i>1 0 0 0 0.992748 0.12021 0 -0.12021 0.992748 2.45755 0.578206 0.136186</i>
                        <i>1 0 0 0 0.946062 0.323987 0 -0.323987 0.946062 2.45755 0.581361 0.136186</i>
                        <i>1 0 0 0 0.858027 0.513604 0 -0.513604 0.858027 2.45755 0.579604 0.136186</i>
                        <i>1 0 0 0 0.732493 0.680774 0 -0.680774 0.732493 2.45755 0.594197 0.136186</i>
                        <i>1 0 0 0 0.574945 0.818192 0 -0.818192 0.574945 2.45755 0.583961 0.136186</i>
                        <i>1 0 0 0 0.392269 0.91985 0 -0.91985 0.392269 2.45755 0.57439 0.136186</i>
                        <i>1 0 0 0 0.19245 0.981307 0 -0.981307 0.19245 2.45755 0.568538 0.136186</i>
                    </KeyFrames>
                </p>
            </i>
            <i>
                <p>
                    <Name><![CDATA[lwheel_5]]></Name>
