<?xml version="1.0" encoding="ISO-8859-1" ?>
<Animl Version="1">
    <ModellingPackage><![CDATA[Maya.2010]]></ModellingPackage>
    <SrcFile><![CDATA[anims\vehicles\blue\~src\air\jetpack\jetpack_exit.mb]]></SrcFile>
    <FramesPerSecond>30</FramesPerSecond>
    <TotalFrames>61</TotalFrames>
    <Skeleton>
        <RefFrame>
            <Name><![CDATA[jetpack_ref_frame]]></Name>
            <Exclude>0</Exclude>
            <Additive>0</Additive>
            <IKPriority>0</IKPriority>
            <IKRotLimits>-1e+010 -1e+010 -1e+010 1e+010 1e+010 1e+010</IKRotLimits>
            <IKRotLimitOrder>0</IKRotLimitOrder>
            <KeyFrames count="61">
                <i>1 0 0 0 1 0 0 0 1 0 10 0</i>
                <i>1 0 0 0 1 0 0 0 1 0 9.8306 0</i>
                <i>1 0 0 0 1 0 0 0 1 0 9.65593 0</i>
                <i>1 0 0 0 1 0 0 0 1 0 9.47625 0</i>
                <i>1 0 0 0 1 0 0 0 1 0 9.29185 0</i>
                <i>1 0 0 0 1 0 0 0 1 0 9.10301 0</i>
                <i>1 0 0 0 1 0 0 0 1 0 8.91 0</i>
                <i>1 0 0 0 1 0 0 0 1 0 8.7131 0</i>
                <i>1 0 0 0 1 0 0 0 1 0 8.51259 0</i>
                <i>1 0 0 0 1 0 0 0 1 0 8.30875 0</i>
                <i>1 0 0 0 1 0 0 0 1 0 8.10185 0</i>
                <i>1 0 0 0 1 0 0 0 1 0 7.89218 0</i>
                <i>1 0 0 0 1 0 0 0 1 0 7.68 0</i>
                <i>1 0 0 0 1 0 0 0 1 0 7.4656 0</i>
                <i>1 0 0 0 1 0 0 0 1 0 7.24926 0</i>
                <i>1 0 0 0 1 0 0 0 1 0 7.03125 0</i>
                <i>1 0 0 0 1 0 0 0 1 0 6.81185 0</i>
                <i>1 0 0 0 1 0 0 0 1 0 6.59134 0</i>
                <i>1 0 0 0 1 0 0 0 1 0 6.37 0</i>
                <i>1 0 0 0 1 0 0 0 1 0 6.1481 0</i>
                <i>1 0 0 0 1 0 0 0 1 0 5.92593 0</i>
                <i>1 0 0 0 1 0 0 0 1 0 5.70375 0</i>
                <i>1 0 0 0 1 0 0 0 1 0 5.48185 0</i>
                <i>1 0 0 0 1 0 0 0 1 0 5.26051 0</i>
                <i>1 0 0 0 1 0 0 0 1 0 5.04 0</i>
                <i>1 0 0 0 1 0 0 0 1 0 4.8206 0</i>
                <i>1 0 0 0 1 0 0 0 1 0 4.60259 0</i>
                <i>1 0 0 0 1 0 0 0 1 0 4.38625 0</i>
                <i>1 0 0 0 1 0 0 0 1 0 4.17185 0</i>
                <i>1 0 0 0 1 0 0 0 1 0 3.95968 0</i>
                <i>1 0 0 0 1 0 0 0 1 0 3.75 0</i>
                <i>1 0 0 0 1 0 0 0 1 0 3.5431 0</i>
                <i>1 0 0 0 1 0 0 0 1 0 3.33926 0</i>
                <i>1 0 0 0 1 0 0 0 1 0 3.13875 0</i>
                <i>1 0 0 0 1 0 0 0 1 0 2.94185 0</i>
                <i>1 0 0 0 1 0 0 0 1 0 2.74884 0</i>
                <i>1 0 0 0 1 0 0 0 1 0 2.56 0</i>
                <i>1 0 0 0 1 0 0 0 1 0 2.3756 0</i>
                <i>1 0 0 0 1 0 0 0 1 0 2.19593 0</i>
                <i>1 0 0 0 1 0 0 0 1 0 2.02125 0</i>
                <i>1 0 0 0 1 0 0 0 1 0 1.85185 0</i>
                <i>1 0 0 0 1 0 0 0 1 0 1.68801 0</i>
                <i>1 0 0 0 1 0 0 0 1 0 1.53 0</i>
                <i>1 0 0 0 1 0 0 0 1 0 1.3781 0</i>
                <i>1 0 0 0 1 0 0 0 1 0 1.23259 0</i>
                <i>1 0 0 0 1 0 0 0 1 0 1.09375 0</i>
                <i>1 0 0 0 1 0 0 0 1 0 0.961852 0</i>
                <i>1 0 0 0 1 0 0 0 1 0 0.837176 0</i>
                <i>1 0 0 0 1 0 0 0 1 0 0.72 0</i>
                <i>1 0 0 0 1 0 0 0 1 0 0.610602 0</i>
                <i>1 0 0 0 1 0 0 0 1 0 0.509259 0</i>
                <i>1 0 0 0 1 0 0 0 1 0 0.41625 0</i>
                <i>1 0 0 0 1 0 0 0 1 0 0.331852 0</i>
                <i>1 0 0 0 1 0 0 0 1 0 0.256343 0</i>
                <i>1 0 0 0 1 0 0 0 1 0 0.19 0</i>
                <i>1 0 0 0 1 0 0 0 1 0 0.133102 0</i>
                <i>1 0 0 0 1 0 0 0 1 0 0.0859259 0</i>
                <i>1 0 0 0 1 0 0 0 1 0 0.04875 0</i>
                <i>1 0 0 0 1 0 0 0 1 0 0.0218518 0</i>
                <i>1 0 0 0 1 0 0 0 1 0 0.00550925 0</i>
                <i>1 0 0 0 1 0 0 0 1 0 0 0</i>
            </KeyFrames>
        </RefFrame>
        <Bones count="2">
            <i>
                <p>
                    <Name><![CDATA[jetpack_root]]></Name>
                    <Exclude>0</Exclude>
                    <Additive>0</Additive>
                    <IKPriority>0</IKPriority>
                    <IKRotLimits>-1e+010 -1e+010 -1e+010 1e+010 1e+010 1e+010</IKRotLimits>
                    <IKRotLimitOrder>0</IKRotLimitOrder>
                    <KeyFrames count="61">
                        <i>1 0 0 0 1 0 0 0 1 0 11.2946 0</i>
                        <i>1 0 0 0 0.999999 -0.00145444 0 0.00145444 0.999999 0 11.1248 0</i>
                        <i>1 0 0 0 0.999996 -0.00290888 0 0.00290888 0.999996 0 10.9497 0</i>
                        <i>1 0 0 0 0.99999 -0.00436331 0 0.00436331 0.99999 0 10.7696 0</i>
                        <i>1 0 0 0 0.999983 -0.00581773 0 0.00581773 0.999983 0 10.5847 0</i>
                        <i>1 0 0 0 0.999974 -0.00727214 0 0.00727214 0.999974 0 10.3954 0</i>
                        <i>1 0 0 0 0.999962 -0.00872654 0 0.00872654 0.999962 0 10.2019 0</i>
                        <i>1 0 0 0 0.999948 -0.0101809 0 0.0101809 0.999948 0 10.0045 0</i>
                        <i>1 0 0 0 0.999932 -0.0116353 0 0.0116353 0.999932 0 9.80349 0</i>
                        <i>1 0 0 0 0.999914 -0.0130896 0 0.0130896 0.999914 0 9.59916 0</i>
                        <i>1 0 0 0 0.999894 -0.0145439 0 0.0145439 0.999894 0 9.3918 0</i>
                        <i>1 0 0 0 0.999872 -0.0159982 0 0.0159982 0.999872 0 9.18166 0</i>
                        <i>1 0 0 0 0.999848 -0.0174524 0 0.0174524 0.999848 0 8.96906 0</i>
                        <i>1 0 0 0 0.999821 -0.0189066 0 0.0189066 0.999821 0 8.75426 0</i>
                        <i>1 0 0 0 0.999793 -0.0203608 0 0.0203608 0.999793 0 8.53755 0</i>
                        <i>1 0 0 0 0.999762 -0.0218149 0 0.0218149 0.999762 0 8.31922 0</i>
                        <i>1 0 0 0 0.999729 -0.023269 0 0.023269 0.999729 0 8.09954 0</i>
                        <i>1 0 0 0 0.999694 -0.024723 0 0.024723 0.999694 0 7.87881 0</i>
                        <i>1 0 0 0 0.999657 -0.0261769 0 0.0261769 0.999657 0 7.6573 0</i>
                        <i>1 0 0 0 0.999618 -0.0276309 0 0.0276309 0.999618 0 7.4353 0</i>
                        <i>1 0 0 0 0.999577 -0.0290847 0 0.0290847 0.999577 0 7.21308 0</i>
                        <i>1 0 0 0 0.999534 -0.0305385 0 0.0305385 0.999534 0 6.99096 0</i>
                        <i>1 0 0 0 0.999488 -0.0319922 0 0.0319922 0.999488 0 6.76922 0</i>
                        <i>1 0 0 0 0.999441 -0.0334459 0 0.0334459 0.999441 0 6.54812 0</i>
                        <i>1 0 0 0 0.999391 -0.0348995 0 0.0348995 0.999391 0 6.32793 0</i>
                        <i>1 0 0 0 0.999339 -0.036353 0 0.036353 0.999339 0 6.10893 0</i>
                        <i>1 0 0 0 0.999285 -0.0378065 0 0.0378065 0.999285 0 5.89137 0</i>
                        <i>1 0 0 0 0.999229 -0.0392598 0 0.0392598 0.999229 0 5.67553 0</i>
                        <i>1 0 0 0 0.999171 -0.0407131 0 0.0407131 0.999171 0 5.46167 0</i>
                        <i>1 0 0 0 0.999111 -0.0421663 0 0.0421663 0.999111 0 5.25006 0</i>
                        <i>1 0 0 0 0.999048 -0.0436194 0 0.0436194 0.999048 0 5.04096 0</i>
                        <i>1 0 0 0 0.998984 -0.0450724 0 0.0450724 0.998984 0 4.83465 0</i>
                        <i>1 0 0 0 0.998917 -0.0465253 0 0.0465253 0.998917 0 4.63139 0</i>
                        <i>1 0 0 0 0.998848 -0.0479781 0 0.0479781 0.998848 0 4.43145 0</i>
                        <i>1 0 0 0 0.998778 -0.0494308 0 0.0494308 0.998778 0 4.2351 0</i>
                        <i>1 0 0 0 0.998705 -0.0508835 0 0.0508835 0.998705 0 4.0426 0</i>
                        <i>1 0 0 0 0.99863 -0.052336 0 0.052336 0.99863 0 3.85422 0</i>
                        <i>1 0 0 0 0.998552 -0.0537883 0 0.0537883 0.998552 0 3.67022 0</i>
                        <i>1 0 0 0 0.998473 -0.0552406 0 0.0552406 0.998473 0 3.49089 0</i>
                        <i>1 0 0 0 0.998392 -0.0566928 0 0.0566928 0.998392 0 3.31647 0</i>
                        <i>1 0 0 0 0.998308 -0.0581448 0 0.0581448 0.998308 0 3.14725 0</i>
                        <i>1 0 0 0 0.998223 -0.0595967 0 0.0595967 0.998223 0 2.98348 0</i>
                        <i>1 0 0 0 0.998135 -0.0610485 0 0.0610485 0.998135 0 2.82544 0</i>
                        <i>1 0 0 0 0.998045 -0.0625002 0 0.0625002 0.998045 0 2.67339 0</i>
                        <i>1 0 0 0 0.997953 -0.0639517 0 0.0639517 0.997953 0 2.5276 0</i>
                        <i>1 0 0 0 0.997859 -0.0654031 0 0.0654031 0.997859 0 2.38834 0</i>
                        <i>1 0 0 0 0.997763 -0.0668544 0 0.0668544 0.997763 0 2.25605 0</i>
                        <i>1 0 0 0 0.997664 -0.0683055 0 0.0683055 0.997664 0 2.13095 0</i>
                        <i>1 0 0 0 0.997564 -0.0697565 0 0.0697565 0.997564 0 2.01333 0</i>
                        <i>1 0 0 0 0.997462 -0.0712073 0 0.0712073 0.997462 0 1.90346 0</i>
                        <i>1 0 0 0 0.997357 -0.072658 0 0.072658 0.997357 0 1.80164 0</i>
                        <i>1 0 0 0 0.99725 -0.0741085 0 0.0741085 0.99725 0 1.70814 0</i>
                        <i>1 0 0 0 0.997141 -0.0755589 0 0.0755589 0.997141 0 1.62325 0</i>
                        <i>1 0 0 0 0.99703 -0.0770091 0 0.0770091 0.99703 0 1.54724 0</i>
                        <i>1 0 0 0 0.996917 -0.0784591 0 0.0784591 0.996917 0 1.48042 0</i>
                        <i>1 0 0 0 0.996802 -0.079909 0 0.079909 0.996802 0 1.42305 0</i>
                        <i>1 0 0 0 0.996685 -0.0813587 0 0.0813587 0.996685 0 1.37541 0</i>
                        <i>1 0 0 0 0.996566 -0.0828082 0 0.0828082 0.996566 0 1.33781 0</i>
                        <i>1 0 0 0 0.996444 -0.0842576 0 0.0842576 0.996444 0 1.31051 0</i>
                        <i>1 0 0 0 0.99632 -0.0857067 0 0.0857067 0.99632 0 1.2938 0</i>
                        <i>1 0 0 0 0.996195 -0.0871557 0 0.0871557 0.996195 0 1.28797 0</i>
                    </KeyFrames>
                </p>
            </i>
            <i>
                <p>
                    <Name><![CDATA[hose]]></Name>
                    <Exclude>0</Exclude>
                    <Additive>0</Additive>
                    <IKPriority>0</IKPriority>
                    <IKRotLimits>-1e+010 -1e+010 -1e+010 1e+010 1e+010 1e+010</IKRotLimits>
                    <IKRotLimitOrder>0</IKRotLimitOrder>
                    <KeyFrames count="61">
                        <i>1 0 0 0 1 0 0 0 1 0.0027284 11.8653 0.575197</i>
                        <i>1 0 0 0 0.999999 -0.00145444 0 0.00145444 0.999999 0.0027284 11.6964 0.574367</i>
                        <i>1 0 0 0 0.999996 -0.00290888 0 0.00290888 0.999996 0.0027284 11.5221 0.573535</i>
                        <i>1 0 0 0 0.99999 -0.00436331 0 0.00436331 0.99999 0.0027284 11.3428 0.572701</i>
                        <i>1 0 0 0 0.999983 -0.00581773 0 0.00581773 0.999983 0.0027284 11.1588 0.571867</i>
                        <i>1 0 0 0 0.999974 -0.00727214 0 0.00727214 0.999974 0.0027284 10.9703 0.571031</i>
                        <i>1 0 0 0 0.999962 -0.00872654 0 0.00872654 0.999962 0.0027284 10.7776 0.570195</i>
                        <i>1 0 0 0 0.999948 -0.0101809 0 0.0101809 0.999948 0.0027284 10.5811 0.569357</i>
                        <i>1 0 0 0 0.999932 -0.0116353 0 0.0116353 0.999932 0.0027284 10.3809 0.568518</i>
                        <i>1 0 0 0 0.999914 -0.0130896 0 0.0130896 0.999914 0.0027284 10.1774 0.567677</i>
                        <i>1 0 0 0 0.999894 -0.0145439 0 0.0145439 0.999894 0.0027284 9.97084 0.566836</i>
                        <i>1 0 0 0 0.999872 -0.0159982 0 0.0159982 0.999872 0.0027284 9.76154 0.565993</i>
                        <i>1 0 0 0 0.999848 -0.0174524 0 0.0174524 0.999848 0.0027284 9.54976 0.565149</i>
                        <i>1 0 0 0 0.999821 -0.0189066 0 0.0189066 0.999821 0.0027284 9.33578 0.564304</i>
                        <i>1 0 0 0 0.999793 -0.0203608 0 0.0203608 0.999793 0.0027284 9.11989 0.563457</i>
                        <i>1 0 0 0 0.999762 -0.0218149 0 0.0218149 0.999762 0.0027284 8.90238 0.56261</i>
                        <i>1 0 0 0 0.999729 -0.023269 0 0.023269 0.999729 0.0027284 8.68352 0.561761</i>
                        <i>1 0 0 0 0.999694 -0.024723 0 0.024723 0.999694 0.0027284 8.4636 0.560911</i>
                        <i>1 0 0 0 0.999657 -0.0261769 0 0.0261769 0.999657 0.0027284 8.2429 0.56006</i>
                        <i>1 0 0 0 0.999618 -0.0276309 0 0.0276309 0.999618 0.0027284 8.02171 0.559207</i>
                        <i>1 0 0 0 0.999577 -0.0290847 0 0.0290847 0.999577 0.0027284 7.80032 0.558354</i>
                        <i>1 0 0 0 0.999534 -0.0305385 0 0.0305385 0.999534 0.0027284 7.579 0.557499</i>
                        <i>1 0 0 0 0.999488 -0.0319922 0 0.0319922 0.999488 0.0027284 7.35807 0.556643</i>
                        <i>1 0 0 0 0.999441 -0.0334459 0 0.0334459 0.999441 0.0027284 7.13778 0.555786</i>
                        <i>1 0 0 0 0.999391 -0.0348995 0 0.0348995 0.999391 0.0027284 6.9184 0.554928</i>
                        <i>1 0 0 0 0.999339 -0.036353 0 0.036353 0.999339 0.0027284 6.70021 0.554069</i>
                        <i>1 0 0 0 0.999285 -0.0378065 0 0.0378065 0.999285 0.0027284 6.48345 0.553208</i>
                        <i>1 0 0 0 0.999229 -0.0392598 0 0.0392598 0.999229 0.0027284 6.26841 0.552346</i>
                        <i>1 0 0 0 0.999171 -0.0407131 0 0.0407131 0.999171 0.0027284 6.05536 0.551484</i>
                        <i>1 0 0 0 0.999111 -0.0421663 0 0.0421663 0.999111 0.0027284 5.84455 0.550619</i>
                        <i>1 0 0 0 0.999048 -0.0436194 0 0.0436194 0.999048 0.0027284 5.63625 0.549754</i>
                        <i>1 0 0 0 0.998984 -0.0450724 0 0.0450724 0.998984 0.0027284 5.43074 0.548888</i>
                        <i>1 0 0 0 0.998917 -0.0465253 0 0.0465253 0.998917 0.0027284 5.22828 0.54802</i>
                        <i>1 0 0 0 0.998848 -0.0479781 0 0.0479781 0.998848 0.0027284 5.02913 0.547152</i>
                        <i>1 0 0 0 0.998778 -0.0494308 0 0.0494308 0.998778 0.0027284 4.83358 0.546282</i>
                        <i>1 0 0 0 0.998705 -0.0508835 0 0.0508835 0.998705 0.0027284 4.64187 0.545411</i>
                        <i>1 0 0 0 0.99863 -0.052336 0 0.052336 0.99863 0.0027284 4.45428 0.544538</i>
                        <i>1 0 0 0 0.998552 -0.0537883 0 0.0537883 0.998552 0.0027284 4.27108 0.543665</i>
                        <i>1 0 0 0 0.998473 -0.0552406 0 0.0552406 0.998473 0.0027284 4.09253 0.542791</i>
                        <i>1 0 0 0 0.998392 -0.0566928 0 0.0566928 0.998392 0.0027284 3.91891 0.541915</i>
                        <i>1 0 0 0 0.998308 -0.0581448 0 0.0581448 0.998308 0.0027284 3.75047 0.541038</i>
                        <i>1 0 0 0 0.998223 -0.0595967 0 0.0595967 0.998223 0.0027284 3.58749 0.54016</i>
                        <i>1 0 0 0 0.998135 -0.0610485 0 0.0610485 0.998135 0.0027284 3.43024 0.539281</i>
                        <i>1 0 0 0 0.998045 -0.0625002 0 0.0625002 0.998045 0.0027284 3.27897 0.538401</i>
                        <i>1 0 0 0 0.997953 -0.0639517 0 0.0639517 0.997953 0.0027284 3.13396 0.53752</i>
                        <i>1 0 0 0 0.997859 -0.0654031 0 0.0654031 0.997859 0.0027284 2.99548 0.536637</i>
                        <i>1 0 0 0 0.997763 -0.0668544 0 0.0668544 0.997763 0.0027284 2.86397 0.535754</i>
                        <i>1 0 0 0 0.997664 -0.0683055 0 0.0683055 0.997664 0.0027284 2.73965 0.534869</i>
                        <i>1 0 0 0 0.997564 -0.0697565 0 0.0697565 0.997564 0.0027284 2.62281 0.533983</i>
                        <i>1 0 0 0 0.997462 -0.0712073 0 0.0712073 0.997462 0.0027284 2.51372 0.533096</i>
                        <i>1 0 0 0 0.997357 -0.072658 0 0.072658 0.997357 0.0027284 2.41267 0.532208</i>
                        <i>1 0 0 0 0.99725 -0.0741085 0 0.0741085 0.99725 0.0027284 2.31994 0.531319</i>
                        <i>1 0 0 0 0.997141 -0.0755589 0 0.0755589 0.997141 0.0027284 2.23582 0.530428</i>
                        <i>1 0 0 0 0.99703 -0.0770091 0 0.0770091 0.99703 0.0027284 2.16059 0.529537</i>
                        <i>1 0 0 0 0.996917 -0.0784591 0 0.0784591 0.996917 0.0027284 2.09453 0.528644</i>
                        <i>1 0 0 0 0.996802 -0.079909 0 0.079909 0.996802 0.0027284 2.03793 0.52775</i>
                        <i>1 0 0 0 0.996685 -0.0813587 0 0.0813587 0.996685 0.0027284 1.99106 0.526855</i>
                        <i>1 0 0 0 0.996566 -0.0828082 0 0.0828082 0.996566 0.0027284 1.95422 0.525959</i>
                        <i>1 0 0 0 0.996444 -0.0842576 0 0.0842576 0.996444 0.0027284 1.92769 0.525062</i>
                        <i>1 0 0 0 0.99632 -0.0857067 0 0.0857067 0.99632 0.0027284 1.91175 0.524164</i>
                        <i>1 0 0 0 0.996195 -0.0871557 0 0.0871557 0.996195 0.0027284 1.90667 0.523265</i>
                    </KeyFrames>
                </p>
            </i>
        </Bones>
    </Skeleton>
</Animl>
