<?xml version="1.0" encoding="ISO-8859-1" ?>
<Animl Version="1">
    <ModellingPackage><![CDATA[Maya.2010]]></ModellingPackage>
    <SrcFile><![CDATA[anims\vehicles\blue\~src\air\jetpack\jetpack_forward.mb]]></SrcFile>
    <FramesPerSecond>30</FramesPerSecond>
    <TotalFrames>46</TotalFrames>
    <Skeleton>
        <RefFrame>
            <Name><![CDATA[jetpack_ref_frame]]></Name>
            <Exclude>0</Exclude>
            <Additive>0</Additive>
            <IKPriority>0</IKPriority>
            <IKRotLimits>-1e+010 -1e+010 -1e+010 1e+010 1e+010 1e+010</IKRotLimits>
            <IKRotLimitOrder>0</IKRotLimitOrder>
            <KeyFrames count="46">
                <i>1 0 0 0 1 0 0 0 1 0 0 0</i>
                <i>1 0 0 0 1 0 0 0 1 0 0 0</i>
                <i>1 0 0 0 1 0 0 0 1 0 0 0</i>
                <i>1 0 0 0 1 0 0 0 1 0 0 0</i>
                <i>1 0 0 0 1 0 0 0 1 0 0 0</i>
                <i>1 0 0 0 1 0 0 0 1 0 0 0</i>
                <i>1 0 0 0 1 0 0 0 1 0 0 0</i>
                <i>1 0 0 0 1 0 0 0 1 0 0 0</i>
                <i>1 0 0 0 1 0 0 0 1 0 0 0</i>
                <i>1 0 0 0 1 0 0 0 1 0 0 0</i>
                <i>1 0 0 0 1 0 0 0 1 0 0 0</i>
                <i>1 0 0 0 1 0 0 0 1 0 0 0</i>
                <i>1 0 0 0 1 0 0 0 1 0 0 0</i>
                <i>1 0 0 0 1 0 0 0 1 0 0 0</i>
                <i>1 0 0 0 1 0 0 0 1 0 0 0</i>
                <i>1 0 0 0 1 0 0 0 1 0 0 0</i>
                <i>1 0 0 0 1 0 0 0 1 0 0 0</i>
                <i>1 0 0 0 1 0 0 0 1 0 0 0</i>
                <i>1 0 0 0 1 0 0 0 1 0 0 0</i>
                <i>1 0 0 0 1 0 0 0 1 0 0 0</i>
                <i>1 0 0 0 1 0 0 0 1 0 0 0</i>
                <i>1 0 0 0 1 0 0 0 1 0 0 0</i>
                <i>1 0 0 0 1 0 0 0 1 0 0 0</i>
                <i>1 0 0 0 1 0 0 0 1 0 0 0</i>
                <i>1 0 0 0 1 0 0 0 1 0 0 0</i>
                <i>1 0 0 0 1 0 0 0 1 0 0 0</i>
                <i>1 0 0 0 1 0 0 0 1 0 0 0</i>
                <i>1 0 0 0 1 0 0 0 1 0 0 0</i>
                <i>1 0 0 0 1 0 0 0 1 0 0 0</i>
                <i>1 0 0 0 1 0 0 0 1 0 0 0</i>
                <i>1 0 0 0 1 0 0 0 1 0 0 0</i>
                <i>1 0 0 0 1 0 0 0 1 0 0 0</i>
                <i>1 0 0 0 1 0 0 0 1 0 0 0</i>
                <i>1 0 0 0 1 0 0 0 1 0 0 0</i>
                <i>1 0 0 0 1 0 0 0 1 0 0 0</i>
                <i>1 0 0 0 1 0 0 0 1 0 0 0</i>
                <i>1 0 0 0 1 0 0 0 1 0 0 0</i>
                <i>1 0 0 0 1 0 0 0 1 0 0 0</i>
                <i>1 0 0 0 1 0 0 0 1 0 0 0</i>
                <i>1 0 0 0 1 0 0 0 1 0 0 0</i>
                <i>1 0 0 0 1 0 0 0 1 0 0 0</i>
                <i>1 0 0 0 1 0 0 0 1 0 0 0</i>
                <i>1 0 0 0 1 0 0 0 1 0 0 0</i>
                <i>1 0 0 0 1 0 0 0 1 0 0 0</i>
                <i>1 0 0 0 1 0 0 0 1 0 0 0</i>
                <i>1 0 0 0 1 0 0 0 1 0 0 0</i>
            </KeyFrames>
        </RefFrame>
        <Bones count="2">
            <i>
                <p>
                    <Name><![CDATA[jetpack_root]]></Name>
                    <Exclude>0</Exclude>
                    <Additive>0</Additive>
                    <IKPriority>0</IKPriority>
                    <IKRotLimits>-1e+010 -1e+010 -1e+010 1e+010 1e+010 1e+010</IKRotLimits>
                    <IKRotLimitOrder>0</IKRotLimitOrder>
                    <KeyFrames count="46">
                        <i>0.999998 -0.00193003 0 0.00192464 0.997205 -0.0746869 0.000144148 0.0746868 0.997207 0 1.29459 0</i>
                        <i>0.999999 -0.00110398 6.77626e-021 0.00110089 0.997205 -0.0747106 8.24787e-005 0.0747106 0.997205 0 1.2942 0</i>
                        <i>1 -0.000162699 8.47033e-022 0.000162241 0.997185 -0.0749776 1.21988e-005 0.0749776 0.997185 0 1.29378 0</i>
                        <i>1 0.000372738 -1.69407e-021 -0.000371674 0.997146 -0.0754996 -2.81415e-005 0.0754996 0.997146 0 1.29333 0</i>
                        <i>1 0.000599648 0 -0.000597902 0.997087 -0.0762682 -4.57341e-005 0.0762682 0.997087 0 1.29286 0</i>
                        <i>0.999999 0.00106324 -6.77626e-021 -0.00106006 0.997012 -0.0772369 -8.21212e-005 0.0772368 0.997013 0 1.29238 0</i>
                        <i>0.999999 0.00162199 -1.35525e-020 -0.001617 0.996926 -0.0783348 -0.000127058 0.0783347 0.996927 0 1.29189 0</i>
                        <i>0.999998 0.00203876 0 -0.00203231 0.996834 -0.0794871 -0.000162055 0.0794869 0.996836 0 1.29139 0</i>
                        <i>0.999997 0.0023915 0 -0.00238371 0.996743 -0.0806105 -0.00019278 0.0806102 0.996746 0 1.2909 0</i>
                        <i>0.999996 0.0027356 0 -0.00272648 0.99666 -0.0816136 -0.000223263 0.0816133 0.996664 0 1.29042 0</i>
                        <i>0.999996 0.00292476 0 -0.00291484 0.996603 -0.0823042 -0.00024072 0.0823038 0.996607 0 1.28994 0</i>
                        <i>0.999996 0.00293112 0 -0.00292109 0.996573 -0.0826607 -0.000242288 0.0826604 0.996578 0 1.28949 0</i>
                        <i>0.999996 0.00265582 1.35525e-020 -0.00264671 0.996566 -0.0827567 -0.000219787 0.0827565 0.99657 0 1.28906 0</i>
                        <i>0.999998 0.00196514 0 -0.00195843 0.996583 -0.0825751 -0.000162272 0.082575 0.996585 0 1.28866 0</i>
                        <i>1 2.6889e-005 -2.11758e-022 -2.67982e-005 0.996623 -0.0821101 -2.20786e-006 0.0821101 0.996623 0 1.28829 0</i>
                        <i>0.999995 -0.00321741 0 0.00320672 0.996672 -0.0814525 0.000262066 0.081452 0.996677 0 1.28797 0</i>
                        <i>0.999987 -0.00508683 2.71051e-020 0.00507026 0.996731 -0.0806284 0.000410143 0.0806273 0.996744 0 1.28769 0</i>
                        <i>0.999987 -0.00505196 -2.71051e-020 0.00503591 0.996811 -0.0796369 0.000402322 0.0796359 0.996824 0 1.28747 0</i>
                        <i>0.999985 -0.00539523 2.71051e-020 0.00537859 0.996901 -0.0784783 0.000423409 0.0784772 0.996916 0 1.2873 0</i>
                        <i>0.999979 -0.00646475 5.42101e-020 0.00644545 0.996994 -0.0772063 0.00049912 0.0772047 0.997015 0 1.28719 0</i>
                        <i>0.999976 -0.00692248 0 0.00690236 0.99707 -0.0761805 0.000527358 0.0761787 0.997094 0 1.28716 0</i>
                        <i>0.999979 -0.00645485 2.71051e-020 0.00643644 0.997127 -0.0754795 0.000487209 0.0754779 0.997147 0 1.28721 0</i>
                        <i>0.999988 -0.00481348 -2.71051e-020 0.00479988 0.997164 -0.0751126 0.000361553 0.0751117 0.997175 0 1.28737 0</i>
                        <i>0.999997 -0.00238826 0 0.00238151 0.997174 -0.0750856 0.000179324 0.0750854 0.997177 0 1.28761 0</i>
                        <i>0.999999 -0.00122283 0 0.00121936 0.997159 -0.0753089 9.20904e-005 0.0753089 0.99716 0 1.28793 0</i>
                        <i>0.999999 -0.00120588 0 0.00120245 0.997154 -0.0753843 9.09045e-005 0.0753843 0.997155 0 1.28833 0</i>
                        <i>1 -0.000829264 -6.77626e-021 0.000826912 0.997163 -0.0752664 6.24158e-005 0.0752664 0.997163 0 1.28878 0</i>
                        <i>1 -8.86468e-005 0 8.83974e-005 0.997187 -0.0749576 6.64476e-006 0.0749576 0.997187 0 1.28928 0</i>
                        <i>1 0.000521705 -3.38813e-021 -0.000520256 0.997224 -0.0744624 -3.88474e-005 0.0744623 0.997224 0 1.28981 0</i>
                        <i>0.999999 0.00149045 0 -0.00148638 0.997268 -0.0738486 -0.000110068 0.0738486 0.997269 0 1.29038 0</i>
                        <i>0.999991 0.00430248 2.71051e-020 -0.0042909 0.997301 -0.0732974 -0.00031536 0.0732968 0.99731 0 1.29096 0</i>
                        <i>0.99997 0.00771392 0 -0.00769344 0.997315 -0.0728211 -0.000561736 0.0728189 0.997345 0 1.29155 0</i>
                        <i>0.999963 0.00864335 5.42101e-020 -0.00862065 0.997337 -0.0724201 -0.000625952 0.0724174 0.997374 0 1.29213 0</i>
                        <i>0.999971 0.00757689 0 -0.00755717 0.997369 -0.0720944 -0.000546251 0.0720923 0.997398 0 1.2927 0</i>
                        <i>0.999984 0.00568827 2.71051e-020 -0.00567355 0.997396 -0.0718926 -0.000408944 0.0718914 0.997412 0 1.29325 0</i>
                        <i>0.999992 0.00395948 2.71051e-020 -0.00394923 0.997404 -0.0719027 -0.000284697 0.0719021 0.997412 0 1.29375 0</i>
                        <i>0.999992 0.00393612 0 -0.00392588 0.997389 -0.0721144 -0.000283851 0.0721139 0.997396 0 1.29422 0</i>
                        <i>0.999987 0.00503695 -2.71051e-020 -0.0050237 0.997355 -0.0725127 -0.000365243 0.0725118 0.997368 0 1.29462 0</i>
                        <i>0.99998 0.00626049 0 -0.00624373 0.997304 -0.0731153 -0.000457738 0.0731139 0.997324 0 1.29496 0</i>
                        <i>0.999979 0.00646034 0 -0.00644274 0.997255 -0.0737607 -0.000476519 0.0737592 0.997276 0 1.29522 0</i>
                        <i>0.999988 0.00487126 -2.71051e-020 -0.00485782 0.997229 -0.0742401 -0.000361643 0.0742392 0.99724 0 1.2954 0</i>
                        <i>0.999996 0.00272416 0 -0.00271658 0.997214 -0.0745457 -0.000203074 0.0745455 0.997218 0 1.29547 0</i>
                        <i>1 0.000920916 0 -0.000918343 0.997206 -0.0746991 -6.87916e-005 0.0746991 0.997206 0 1.29544 0</i>
                        <i>1 -0.000565261 3.38813e-021 0.00056368 0.997203 -0.0747404 4.22478e-005 0.0747404 0.997203 0 1.29529 0</i>
                        <i>0.999999 -0.00159296 6.77626e-021 0.00158851 0.997204 -0.0747129 0.000119015 0.0747128 0.997205 0 1.29501 0</i>
                        <i>0.999998 -0.00193003 0 0.00192464 0.997205 -0.0746869 0.000144148 0.0746868 0.997207 0 1.29459 0</i>
                    </KeyFrames>
                </p>
            </i>
            <i>
                <p>
                    <Name><![CDATA[hose]]></Name>
                    <Exclude>0</Exclude>
                    <Additive>0</Additive>
                    <IKPriority>0</IKPriority>
                    <IKRotLimits>-1e+010 -1e+010 -1e+010 1e+010 1e+010 1e+010</IKRotLimits>
                    <IKRotLimitOrder>0</IKRotLimitOrder>
                    <KeyFrames count="46">
                        <i>0.999998 -0.00193003 0 0.00192464 0.997205 -0.0746869 0.000144148 0.0746868 0.997207 0.00203605 1.90588 0.526776</i>
                        <i>0.99999 0.000768713 0.00440081 -0.000456991 0.997519 -0.0704003 -0.00444401 0.0703976 0.997509 -0.000217227 1.90455 0.527861</i>
                        <i>0.999951 0.00179722 0.00972999 -0.00110421 0.997492 -0.0707665 -0.00983278 0.0707523 0.997445 -0.00107004 1.90523 0.532201</i>
                        <i>0.999877 0.001059 0.0156524 0.000115065 0.997197 -0.0748183 -0.0156878 0.0748109 0.997074 -0.000228118 1.90622 0.531929</i>
                        <i>0.999761 -0.000923578 0.0218343 0.00270206 0.996664 -0.0815653 -0.0216861 0.0816048 0.996429 -0.000220303 1.90613 0.532269</i>
                        <i>0.999605 -0.00318214 0.0279421 0.00568559 0.995928 -0.0899778 -0.027542 0.090101 0.995552 -0.000474746 1.90635 0.530278</i>
                        <i>0.999419 -0.00543835 0.0336409 0.00874709 0.995049 -0.0990042 -0.0329359 0.099241 0.994518 -0.000542289 1.90532 0.527534</i>
                        <i>0.999227 -0.00751332 0.0385938 0.0116306 0.994127 -0.107593 -0.0375588 0.107959 0.993446 -0.00166182 1.90564 0.527408</i>
                        <i>0.999058 -0.00891742 0.0424613 0.0137406 0.993306 -0.114691 -0.0411544 0.115167 0.992493 -0.00262032 1.90795 0.529944</i>
                        <i>0.998949 -0.00918713 0.0449017 0.01449 0.99276 -0.119241 -0.0434811 0.119766 0.99185 -0.00212726 1.90876 0.52745</i>
                        <i>0.998929 -0.00806654 0.0455706 0.0134942 0.992672 -0.120085 -0.0442679 0.120571 0.991717 -0.00149474 1.90679 0.524202</i>
                        <i>0.998982 -0.00572867 0.0447397 0.0109671 0.992984 -0.117736 -0.0437513 0.118107 0.992037 -0.00117283 1.90606 0.522712</i>
                        <i>0.999072 -0.00279257 0.0429901 0.00766577 0.993495 -0.113613 -0.0423932 0.113837 0.992594 -0.001212 1.90527 0.523934</i>
                        <i>0.999182 0.000450793 0.0404441 0.00392095 0.994149 -0.107949 -0.0402561 0.108019 0.993333 2.93573e-005 1.90371 0.526092</i>
                        <i>0.999302 0.00301423 0.037225 0.00076092 0.994888 -0.100986 -0.0373391 0.100944 0.994191 0.00195217 1.90326 0.527131</i>
                        <i>0.999429 0.0046875 0.0334565 -0.00155437 0.995659 -0.0930659 -0.0337476 0.0929608 0.995098 0.00523084 1.90289 0.526694</i>
                        <i>0.99954 0.00799553 0.0292618 -0.00549775 0.996411 -0.0844656 -0.0298321 0.0842659 0.995997 0.00653171 1.90443 0.527975</i>
                        <i>0.999605 0.0133125 0.0247635 -0.0114101 0.997085 -0.0754377 -0.0256956 0.0751254 0.996843 0.00603132 1.90439 0.527635</i>
                        <i>0.999633 0.0182012 0.0200842 -0.0168345 0.997662 -0.0662376 -0.0212429 0.0658752 0.997602 0.00614485 1.90327 0.527833</i>
                        <i>0.999637 0.0221581 0.0153442 -0.0212472 0.998138 -0.0571752 -0.0165826 0.0568284 0.998246 0.00781313 1.90031 0.532682</i>
                        <i>0.999596 0.026367 0.0106516 -0.0258166 0.998472 -0.0488678 -0.0119239 0.0485731 0.998748 0.00896596 1.89811 0.531095</i>
                        <i>0.999501 0.0309786 0.00611804 -0.0306976 0.99866 -0.0416523 -0.00740018 0.0414437 0.999113 0.00865806 1.89833 0.527268</i>
                        <i>0.999347 0.0360768 0.00185698 -0.0359874 0.998711 -0.0357957 -0.00314599 0.0357055 0.999357 0.00885205 1.89999 0.52647</i>
                        <i>0.999153 0.0411078 -0.00201696 -0.041151 0.998654 -0.0315612 0.000716835 0.0316175 0.9995 0.00873116 1.90013 0.528209</i>
                        <i>0.999023 0.0438672 -0.00538339 -0.0440059 0.998607 -0.029116 0.00409865 0.0293245 0.999562 0.00967206 1.90067 0.530805</i>
                        <i>0.998985 0.0443094 -0.00810555 -0.0445224 0.998607 -0.0283177 0.00683952 0.0286498 0.999566 0.010406 1.90213 0.534282</i>
                        <i>0.998989 0.0437374 -0.0103783 -0.0440259 0.998597 -0.0294255 0.00907672 0.0298526 0.999513 0.0101902 1.90202 0.536877</i>
                        <i>0.999032 0.0421898 -0.012476 -0.0425745 0.998569 -0.0323684 0.0110925 0.0328682 0.999398 0.00963521 1.90151 0.532991</i>
                        <i>0.999121 0.039373 -0.0143962 -0.0398803 0.998525 -0.0368385 0.0129245 0.0373803 0.999218 0.00867573 1.90304 0.530624</i>
                        <i>0.999222 0.0359736 -0.0161395 -0.0366327 0.998421 -0.0425914 0.0145819 0.0431495 0.998962 0.00826755 1.90474 0.533599</i>
                        <i>0.999276 0.0336719 -0.0177091 -0.034512 0.998178 -0.0494956 0.0160102 0.0500709 0.998617 0.00885808 1.90538 0.535182</i>
                        <i>0.999324 0.0314232 -0.0191 -0.0324705 0.997832 -0.0572507 0.0172595 0.0578322 0.998177 0.00886882 1.90663 0.537002</i>
                        <i>0.999447 0.0263467 -0.0203061 -0.0276262 0.997467 -0.0655451 0.0185277 0.0660698 0.997643 0.00919234 1.90736 0.534093</i>
                        <i>0.99959 0.0191259 -0.0213208 -0.020657 0.997039 -0.0740674 0.0198411 0.0744774 0.997025 0.0100012 1.90822 0.534354</i>
                        <i>0.999693 0.0111317 -0.0221375 -0.0129243 0.996503 -0.0825553 0.0211411 0.0828161 0.996341 0.0105148 1.90707 0.53012</i>
                        <i>0.999735 0.00354253 -0.0227482 -0.00559458 0.995855 -0.0907876 0.0223323 0.0908908 0.99561 0.00906025 1.9037 0.524606</i>
                        <i>0.99973 -0.00189675 -0.0231435 -0.000390935 0.995142 -0.0984454 0.0232178 0.0984279 0.994873 0.00575414 1.90484 0.529549</i>
                        <i>0.999713 -0.00556776 -0.023315 0.00308482 0.994446 -0.105207 0.0237713 0.105105 0.994177 0.00348642 1.9064 0.532193</i>
                        <i>0.999695 -0.00827281 -0.0232552 0.00564718 0.993829 -0.110783 0.0240282 0.110618 0.993572 0.00219877 1.90608 0.532517</i>
                        <i>0.999676 -0.0109547 -0.0229607 0.00825087 0.993365 -0.114709 0.0240649 0.114482 0.993134 0.00176018 1.90523 0.531899</i>
                        <i>0.999681 -0.0132481 -0.021504 0.0106961 0.993339 -0.114728 0.0228807 0.114461 0.993164 0.00288536 1.90581 0.53154</i>
                        <i>0.999741 -0.0135043 -0.0183395 0.011407 0.993866 -0.110002 0.0197126 0.109764 0.993762 0.00454579 1.90627 0.533411</i>
                        <i>0.999833 -0.0116851 -0.0140381 0.0101923 0.994725 -0.102069 0.0151568 0.101909 0.994678 0.00513251 1.90726 0.534122</i>
                        <i>0.99992 -0.00868213 -0.00916855 0.0077973 0.995683 -0.0924873 0.00993196 0.0924084 0.995672 0.00414955 1.90796 0.532923</i>
                        <i>0.999977 -0.00521948 -0.00429939 0.0048455 0.996552 -0.0828255 0.00471688 0.0828028 0.996555 0.00296864 1.9072 0.528744</i>
                        <i>0.999998 -0.00193003 0 0.00192464 0.997205 -0.0746869 0.000144148 0.0746868 0.997207 0.00203605 1.90588 0.526776</i>
                    </KeyFrames>
                </p>
            </i>
        </Bones>
    </Skeleton>
</Animl>
