<?xml version="1.0" encoding="ISO-8859-1" ?>
<Animl Version="1">
    <ModellingPackage><![CDATA[Maya.2010]]></ModellingPackage>
    <SrcFile><![CDATA[anims\vehicles\blue\~src\air\jetpack\jetpack_takeoff.mb]]></SrcFile>
    <FramesPerSecond>30</FramesPerSecond>
    <TotalFrames>61</TotalFrames>
    <Skeleton>
        <RefFrame>
            <Name><![CDATA[jetpack_ref_frame]]></Name>
            <Exclude>0</Exclude>
            <Additive>0</Additive>
            <IKPriority>0</IKPriority>
            <IKRotLimits>-1e+010 -1e+010 -1e+010 1e+010 1e+010 1e+010</IKRotLimits>
            <IKRotLimitOrder>0</IKRotLimitOrder>
            <KeyFrames count="61">
                <i>1 0 0 0 1 0 0 0 1 0 0 0</i>
                <i>1 0 0 0 1 0 0 0 1 0 0 0</i>
                <i>1 0 0 0 1 0 0 0 1 0 0 0</i>
                <i>1 0 0 0 1 0 0 0 1 0 0 0</i>
                <i>1 0 0 0 1 0 0 0 1 0 0 0</i>
                <i>1 0 0 0 1 0 0 0 1 0 0.00945244 0</i>
                <i>1 0 0 0 1 0 0 0 1 0 0.0373542 0</i>
                <i>1 0 0 0 1 0 0 0 1 0 0.0830221 0</i>
                <i>1 0 0 0 1 0 0 0 1 0 0.145773 0</i>
                <i>1 0 0 0 1 0 0 0 1 0 0.224923 0</i>
                <i>1 0 0 0 1 0 0 0 1 0 0.319789 0</i>
                <i>1 0 0 0 1 0 0 0 1 0 0.429688 0</i>
                <i>1 0 0 0 1 0 0 0 1 0 0.553936 0</i>
                <i>1 0 0 0 1 0 0 0 1 0 0.69185 0</i>
                <i>1 0 0 0 1 0 0 0 1 0 0.842748 0</i>
                <i>1 0 0 0 1 0 0 0 1 0 1.00594 0</i>
                <i>1 0 0 0 1 0 0 0 1 0 1.18076 0</i>
                <i>1 0 0 0 1 0 0 0 1 0 1.3665 0</i>
                <i>1 0 0 0 1 0 0 0 1 0 1.5625 0</i>
                <i>1 0 0 0 1 0 0 0 1 0 1.76806 0</i>
                <i>1 0 0 0 1 0 0 0 1 0 1.98251 0</i>
                <i>1 0 0 0 1 0 0 0 1 0 2.20515 0</i>
                <i>1 0 0 0 1 0 0 0 1 0 2.43531 0</i>
                <i>1 0 0 0 1 0 0 0 1 0 2.67231 0</i>
                <i>1 0 0 0 1 0 0 0 1 0 2.91545 0</i>
                <i>1 0 0 0 1 0 0 0 1 0 3.16406 0</i>
                <i>1 0 0 0 1 0 0 0 1 0 3.41746 0</i>
                <i>1 0 0 0 1 0 0 0 1 0 3.67495 0</i>
                <i>1 0 0 0 1 0 0 0 1 0 3.93586 0</i>
                <i>1 0 0 0 1 0 0 0 1 0 4.1995 0</i>
                <i>1 0 0 0 1 0 0 0 1 0 4.4652 0</i>
                <i>1 0 0 0 1 0 0 0 1 0 4.73226 0</i>
                <i>1 0 0 0 1 0 0 0 1 0 5 0</i>
                <i>1 0 0 0 1 0 0 0 1 0 5.26774 0</i>
                <i>1 0 0 0 1 0 0 0 1 0 5.5348 0</i>
                <i>1 0 0 0 1 0 0 0 1 0 5.8005 0</i>
                <i>1 0 0 0 1 0 0 0 1 0 6.06414 0</i>
                <i>1 0 0 0 1 0 0 0 1 0 6.32505 0</i>
                <i>1 0 0 0 1 0 0 0 1 0 6.58254 0</i>
                <i>1 0 0 0 1 0 0 0 1 0 6.83594 0</i>
                <i>1 0 0 0 1 0 0 0 1 0 7.08455 0</i>
                <i>1 0 0 0 1 0 0 0 1 0 7.32769 0</i>
                <i>1 0 0 0 1 0 0 0 1 0 7.56469 0</i>
                <i>1 0 0 0 1 0 0 0 1 0 7.79485 0</i>
                <i>1 0 0 0 1 0 0 0 1 0 8.01749 0</i>
                <i>1 0 0 0 1 0 0 0 1 0 8.23194 0</i>
                <i>1 0 0 0 1 0 0 0 1 0 8.4375 0</i>
                <i>1 0 0 0 1 0 0 0 1 0 8.6335 0</i>
                <i>1 0 0 0 1 0 0 0 1 0 8.81924 0</i>
                <i>1 0 0 0 1 0 0 0 1 0 8.99405 0</i>
                <i>1 0 0 0 1 0 0 0 1 0 9.15725 0</i>
                <i>1 0 0 0 1 0 0 0 1 0 9.30815 0</i>
                <i>1 0 0 0 1 0 0 0 1 0 9.44606 0</i>
                <i>1 0 0 0 1 0 0 0 1 0 9.57031 0</i>
                <i>1 0 0 0 1 0 0 0 1 0 9.68021 0</i>
                <i>1 0 0 0 1 0 0 0 1 0 9.77508 0</i>
                <i>1 0 0 0 1 0 0 0 1 0 9.85423 0</i>
                <i>1 0 0 0 1 0 0 0 1 0 9.91698 0</i>
                <i>1 0 0 0 1 0 0 0 1 0 9.96265 0</i>
                <i>1 0 0 0 1 0 0 0 1 0 9.99055 0</i>
                <i>1 0 0 0 1 0 0 0 1 0 10 0</i>
            </KeyFrames>
        </RefFrame>
        <Bones count="2">
            <i>
                <p>
                    <Name><![CDATA[jetpack_root]]></Name>
                    <Exclude>0</Exclude>
                    <Additive>0</Additive>
                    <IKPriority>0</IKPriority>
                    <IKRotLimits>-1e+010 -1e+010 -1e+010 1e+010 1e+010 1e+010</IKRotLimits>
                    <IKRotLimitOrder>0</IKRotLimitOrder>
                    <KeyFrames count="61">
                        <i>1 0 0 0 1 0 0 0 1 0 1.29459 0</i>
                        <i>1 0 0 0 0.999999 -0.00145444 0 0.00145444 0.999999 0 1.2942 0</i>
                        <i>1 0 0 0 0.999996 -0.00290888 0 0.00290888 0.999996 0 1.29378 0</i>
                        <i>1 0 0 0 0.99999 -0.00436331 0 0.00436331 0.99999 0 1.29333 0</i>
                        <i>1 0 0 0 0.999983 -0.00581773 0 0.00581773 0.999983 0 1.29286 0</i>
                        <i>1 0 0 0 0.999974 -0.00727214 0 0.00727214 0.999974 0 1.30183 0</i>
                        <i>1 0 0 0 0.999962 -0.00872654 0 0.00872654 0.999962 0 1.32924 0</i>
                        <i>1 0 0 0 0.999948 -0.0101809 0 0.0101809 0.999948 0 1.37442 0</i>
                        <i>1 0 0 0 0.999932 -0.0116353 0 0.0116353 0.999932 0 1.43667 0</i>
                        <i>1 0 0 0 0.999914 -0.0130896 0 0.0130896 0.999914 0 1.51534 0</i>
                        <i>1 0 0 0 0.999894 -0.0145439 0 0.0145439 0.999894 0 1.60973 0</i>
                        <i>1 0 0 0 0.999872 -0.0159982 0 0.0159982 0.999872 0 1.71918 0</i>
                        <i>1 0 0 0 0.999848 -0.0174524 0 0.0174524 0.999848 0 1.843 0</i>
                        <i>1 0 0 0 0.999821 -0.0189066 0 0.0189066 0.999821 0 1.98051 0</i>
                        <i>1 0 0 0 0.999793 -0.0203608 0 0.0203608 0.999793 0 2.13104 0</i>
                        <i>1 0 0 0 0.999762 -0.0218149 0 0.0218149 0.999762 0 2.29392 0</i>
                        <i>1 0 0 0 0.999729 -0.023269 0 0.023269 0.999729 0 2.46845 0</i>
                        <i>1 0 0 0 0.999694 -0.024723 0 0.024723 0.999694 0 2.65397 0</i>
                        <i>1 0 0 0 0.999657 -0.0261769 0 0.0261769 0.999657 0 2.8498 0</i>
                        <i>1 0 0 0 0.999618 -0.0276309 0 0.0276309 0.999618 0 3.05526 0</i>
                        <i>1 0 0 0 0.999577 -0.0290847 0 0.0290847 0.999577 0 3.26966 0</i>
                        <i>1 0 0 0 0.999534 -0.0305385 0 0.0305385 0.999534 0 3.49236 0</i>
                        <i>1 0 0 0 0.999488 -0.0319922 0 0.0319922 0.999488 0 3.72268 0</i>
                        <i>1 0 0 0 0.999441 -0.0334459 0 0.0334459 0.999441 0 3.95992 0</i>
                        <i>1 0 0 0 0.999391 -0.0348995 0 0.0348995 0.999391 0 4.20339 0</i>
                        <i>1 0 0 0 0.999339 -0.036353 0 0.036353 0.999339 0 4.45239 0</i>
                        <i>1 0 0 0 0.999285 -0.0378065 0 0.0378065 0.999285 0 4.70623 0</i>
                        <i>1 0 0 0 0.999229 -0.0392598 0 0.0392598 0.999229 0 4.96423 0</i>
                        <i>1 0 0 0 0.999171 -0.0407131 0 0.0407131 0.999171 0 5.22568 0</i>
                        <i>1 0 0 0 0.999111 -0.0421663 0 0.0421663 0.999111 0 5.48988 0</i>
                        <i>1 0 0 0 0.999048 -0.0436194 0 0.0436194 0.999048 0 5.75616 0</i>
                        <i>1 0 0 0 0.998984 -0.0450724 0 0.0450724 0.998984 0 6.02381 0</i>
                        <i>1 0 0 0 0.998917 -0.0465253 0 0.0465253 0.998917 0 6.29213 0</i>
                        <i>1 0 0 0 0.998848 -0.0479781 0 0.0479781 0.998848 0 6.56044 0</i>
                        <i>1 0 0 0 0.998778 -0.0494308 0 0.0494308 0.998778 0 6.82805 0</i>
                        <i>1 0 0 0 0.998705 -0.0508835 0 0.0508835 0.998705 0 7.09425 0</i>
                        <i>1 0 0 0 0.99863 -0.052336 0 0.052336 0.99863 0 7.35836 0</i>
                        <i>1 0 0 0 0.998552 -0.0537883 0 0.0537883 0.998552 0 7.61967 0</i>
                        <i>1 0 0 0 0.998473 -0.0552406 0 0.0552406 0.998473 0 7.8775 0</i>
                        <i>1 0 0 0 0.998392 -0.0566928 0 0.0566928 0.998392 0 8.13116 0</i>
                        <i>1 0 0 0 0.998308 -0.0581448 0 0.0581448 0.998308 0 8.37995 0</i>
                        <i>1 0 0 0 0.998223 -0.0595967 0 0.0595967 0.998223 0 8.62317 0</i>
                        <i>1 0 0 0 0.998135 -0.0610485 0 0.0610485 0.998135 0 8.86013 0</i>
                        <i>1 0 0 0 0.998045 -0.0625002 0 0.0625002 0.998045 0 9.09014 0</i>
                        <i>1 0 0 0 0.997953 -0.0639517 0 0.0639517 0.997953 0 9.3125 0</i>
                        <i>1 0 0 0 0.997859 -0.0654031 0 0.0654031 0.997859 0 9.52652 0</i>
                        <i>1 0 0 0 0.997763 -0.0668544 0 0.0668544 0.997763 0 9.7317 0</i>
                        <i>1 0 0 0 0.997664 -0.0683055 0 0.0683055 0.997664 0 9.92727 0</i>
                        <i>1 0 0 0 0.997564 -0.0697565 0 0.0697565 0.997564 0 10.1126 0</i>
                        <i>1 0 0 0 0.997462 -0.0712073 0 0.0712073 0.997462 0 10.2869 0</i>
                        <i>1 0 0 0 0.997357 -0.072658 0 0.072658 0.997357 0 10.4496 0</i>
                        <i>1 0 0 0 0.99725 -0.0741085 0 0.0741085 0.99725 0 10.6 0</i>
                        <i>1 0 0 0 0.997141 -0.0755589 0 0.0755589 0.997141 0 10.7375 0</i>
                        <i>1 0 0 0 0.99703 -0.0770091 0 0.0770091 0.99703 0 10.8612 0</i>
                        <i>1 0 0 0 0.996917 -0.0784591 0 0.0784591 0.996917 0 10.9706 0</i>
                        <i>1 0 0 0 0.996802 -0.079909 0 0.079909 0.996802 0 11.065 0</i>
                        <i>1 0 0 0 0.996685 -0.0813587 0 0.0813587 0.996685 0 11.1437 0</i>
                        <i>1 0 0 0 0.996566 -0.0828082 0 0.0828082 0.996566 0 11.206 0</i>
                        <i>1 0 0 0 0.996444 -0.0842576 0 0.0842576 0.996444 0 11.2513 0</i>
                        <i>1 0 0 0 0.99632 -0.0857067 0 0.0857067 0.99632 0 11.2788 0</i>
                        <i>1 0 0 0 0.996195 -0.0871557 0 0.0871557 0.996195 0 11.288 0</i>
                    </KeyFrames>
                </p>
            </i>
            <i>
                <p>
                    <Name><![CDATA[hose]]></Name>
                    <Exclude>0</Exclude>
                    <Additive>0</Additive>
                    <IKPriority>0</IKPriority>
                    <IKRotLimits>-1e+010 -1e+010 -1e+010 1e+010 1e+010 1e+010</IKRotLimits>
                    <IKRotLimitOrder>0</IKRotLimitOrder>
                    <KeyFrames count="61">
                        <i>1 0 0 0 1 0 0 0 1 0.0027284 1.86533 0.575197</i>
                        <i>0.999728 0.0187546 0.0138968 -0.0188011 0.999818 0.00322436 -0.0138338 -0.00348475 0.999898 0.00284958 1.85504 0.574351</i>
                        <i>0.999915 -0.00439449 0.0122603 0.00474099 0.999586 -0.0283772 -0.0121306 0.0284329 0.999522 0.00309194 1.84902 0.573534</i>
                        <i>0.999642 -0.0256264 0.00768085 0.025995 0.998282 -0.0525181 -0.0063218 0.0526989 0.99859 0.00327371 1.85394 0.572725</i>
                        <i>0.999886 -0.0148216 0.00275659 0.0148983 0.99943 -0.0303014 -0.0023059 0.0303391 0.999537 0.00321312 1.86266 0.57189</i>
                        <i>1 0 0 0 0.999974 -0.00727214 0 0.00727214 0.999974 0.0027284 1.87674 0.571031</i>
                        <i>0.999994 0.00331206 0.00102768 -0.00330309 0.999957 -0.00861615 -0.00105617 0.00861271 0.999962 0.00188184 1.90327 0.570169</i>
                        <i>0.999976 0.00654273 0.00219666 -0.00651921 0.999923 -0.0105512 -0.00226553 0.0105366 0.999942 0.000876751 1.94555 0.56931</i>
                        <i>0.999947 0.00967799 0.00349001 -0.00963177 0.999869 -0.0130261 -0.00361562 0.0129918 0.999909 -0.00025711 2.00389 0.568465</i>
                        <i>0.999907 0.0127037 0.00489086 -0.012624 0.999792 -0.0159896 -0.00509297 0.0159264 0.99986 -0.00148999 2.07861 0.567641</i>
                        <i>0.999858 0.0156057 0.00638244 -0.0154793 0.999692 -0.0193906 -0.00668308 0.0192891 0.999792 -0.00279213 2.17001 0.566836</i>
                        <i>0.9998 0.0183697 0.00794805 -0.0181811 0.999566 -0.0231779 -0.00837037 0.0230288 0.9997 -0.00413377 2.2784 0.566046</i>
                        <i>0.999734 0.0209812 0.0095711 -0.0207131 0.999413 -0.0273002 -0.0101383 0.0270947 0.999581 -0.00548516 2.40249 0.565262</i>
                        <i>0.999662 0.0234259 0.011235 -0.0230594 0.999231 -0.0317062 -0.0119692 0.0314364 0.999434 -0.00681654 2.54035 0.564479</i>
                        <i>0.999586 0.025689 0.0129235 -0.0252046 0.999021 -0.0363446 -0.0138445 0.0360039 0.999256 -0.00809815 2.69129 0.563698</i>
                        <i>0.999508 0.0277561 0.01462 -0.0271339 0.998784 -0.0411643 -0.0157448 0.0407473 0.999045 -0.00930024 2.85464 0.562918</i>
                        <i>0.999428 0.0296124 0.0163083 -0.028833 0.99852 -0.0461139 -0.0176497 0.0456174 0.998803 -0.0103931 3.02973 0.562139</i>
                        <i>0.99935 0.031243 0.0179724 -0.0302883 0.998232 -0.0511424 -0.0195384 0.0505648 0.99853 -0.0113468 3.21586 0.56136</i>
                        <i>0.999275 0.0326332 0.019596 -0.031487 0.997923 -0.0561984 -0.0213892 0.0555406 0.998227 -0.0121318 3.41237 0.56058</i>
                        <i>0.999206 0.0337678 0.0211631 -0.0324166 0.997597 -0.061231 -0.0231799 0.0604963 0.997899 -0.0127183 3.61859 0.559799</i>
                        <i>0.999143 0.0346319 0.022658 -0.0330656 0.997259 -0.0661892 -0.0248881 0.0653832 0.99755 -0.0130764 3.83382 0.559017</i>
                        <i>0.99909 0.0352103 0.0240646 -0.033423 0.996915 -0.071022 -0.0264911 0.0701531 0.997184 -0.0131765 4.05741 0.558232</i>
                        <i>0.999052 0.0352788 0.025517 -0.0332414 0.996532 -0.076285 -0.0281197 0.0753644 0.996759 -0.012833 4.2887 0.557444</i>
                        <i>0.99903 0.0346834 0.0271228 -0.0323433 0.996073 -0.0824122 -0.0298747 0.0814551 0.996229 -0.0119492 4.52697 0.556653</i>
                        <i>0.999022 0.0335138 0.0288271 -0.0308239 0.995539 -0.0891709 -0.0316869 0.0881952 0.995599 -0.0106288 4.77155 0.555859</i>
                        <i>0.999025 0.0318596 0.030574 -0.0287811 0.994933 -0.0963285 -0.0334881 0.0953545 0.99488 -0.00897534 5.02174 0.555059</i>
                        <i>0.999033 0.0298097 0.0323075 -0.0263155 0.994265 -0.103653 -0.0352121 0.102702 0.994089 -0.00709231 5.27684 0.554255</i>
                        <i>0.999046 0.027453 0.0339708 -0.0235306 0.993552 -0.110912 -0.0367966 0.110007 0.993249 -0.00508329 5.53616 0.553445</i>
                        <i>0.99906 0.0248778 0.0355068 -0.020533 0.992816 -0.117877 -0.0381842 0.117037 0.992393 -0.00305186 5.79901 0.552629</i>
                        <i>0.999075 0.0221723 0.0368578 -0.017431 0.99209 -0.124316 -0.0393226 0.123559 0.991558 -0.00110157 6.06469 0.551806</i>
                        <i>0.99909 0.0194241 0.0379656 -0.0143347 0.99141 -0.130002 -0.0401646 0.12934 0.990787 0.000664019 6.33252 0.550976</i>
                        <i>0.999108 0.0167206 0.0387715 -0.0113545 0.99082 -0.134707 -0.0406679 0.134146 0.990127 0.00214135 6.60179 0.550138</i>
                        <i>0.999131 0.0141488 0.0392163 -0.00860021 0.990367 -0.138202 -0.0407939 0.137744 0.989627 0.00322685 6.87182 0.549291</i>
                        <i>0.99916 0.0117952 0.0392402 -0.00617973 0.990095 -0.14026 -0.040506 0.139899 0.989337 0.00381696 7.14191 0.548436</i>
                        <i>0.999197 0.00945192 0.0389424 -0.00386106 0.989972 -0.141213 -0.0398867 0.140949 0.989213 0.00370321 7.41185 0.547544</i>
                        <i>0.999236 0.0068803 0.0384719 -0.00136521 0.989926 -0.141579 -0.0390584 0.141419 0.989179 0.00287486 7.6813 0.546598</i>
                        <i>0.999275 0.00412069 0.0378431 0.00127303 0.98995 -0.14141 -0.0380455 0.141355 0.989228 0.00152505 7.94931 0.545606</i>
                        <i>0.999312 0.00121351 0.0370704 0.00401918 0.990036 -0.140755 -0.0368719 0.140807 0.98935 -0.000153123 8.21498 0.544579</i>
                        <i>0.999344 -0.00180069 0.036168 0.00683889 0.990175 -0.139665 -0.0355612 0.139821 0.989538 -0.00196654 8.47738 0.543529</i>
                        <i>0.99937 -0.00488129 0.0351497 0.00969771 0.990358 -0.138191 -0.0341362 0.138445 0.989782 -0.0037221 8.73559 0.54247</i>
                        <i>0.999389 -0.00798753 0.0340291 0.012561 0.990576 -0.136384 -0.032619 0.136728 0.990071 -0.00522668 8.98868 0.541417</i>
                        <i>0.9994 -0.0110786 0.0328195 0.0153936 0.990822 -0.134294 -0.0310305 0.134719 0.990398 -0.00628717 9.23573 0.540385</i>
                        <i>0.999403 -0.0141135 0.0315342 0.0181603 0.991087 -0.131973 -0.0293906 0.132467 0.990752 -0.00671046 9.47581 0.539392</i>
                        <i>0.999399 -0.0170514 0.0301861 0.0208249 0.991365 -0.12947 -0.0277178 0.130021 0.991124 -0.00668977 9.70843 0.538442</i>
                        <i>0.999388 -0.0198511 0.0287878 0.023351 0.991649 -0.126838 -0.0260295 0.127433 0.991506 -0.00655406 9.93321 0.537518</i>
                        <i>0.999373 -0.0224714 0.0273518 0.0257013 0.991933 -0.124127 -0.0243419 0.124752 0.991889 -0.00631377 10.1494 0.536616</i>
                        <i>0.999355 -0.0248711 0.0258903 0.0278382 0.992215 -0.121388 -0.0226696 0.122031 0.992267 -0.00597936 10.3566 0.535728</i>
                        <i>0.999337 -0.027009 0.0244152 0.0297233 0.992488 -0.118673 -0.0210265 0.11932 0.992633 -0.0055613 10.5538 0.534848</i>
                        <i>0.999321 -0.0288437 0.0229383 0.0313175 0.992751 -0.116034 -0.0194252 0.116673 0.99298 -0.00507003 10.7405 0.533971</i>
                        <i>0.999309 -0.0303337 0.021471 0.0325814 0.993001 -0.113521 -0.0178772 0.114143 0.993304 -0.00451602 10.9159 0.53309</i>
                        <i>0.999305 -0.0314377 0.0200247 0.0334748 0.993235 -0.111188 -0.0163937 0.111781 0.993598 -0.00390973 11.0794 0.532199</i>
                        <i>0.999311 -0.0321139 0.0186103 0.0339571 0.993452 -0.109084 -0.0149853 0.109641 0.993858 -0.0032616 11.2301 0.531294</i>
                        <i>0.999351 -0.0317164 0.0170835 0.0333664 0.993697 -0.107017 -0.0135816 0.107517 0.99411 -0.0025821 11.3674 0.53038</i>
                        <i>0.999438 -0.029827 0.0153193 0.0312709 0.994004 -0.104779 -0.0121022 0.105199 0.994377 -0.00188169 11.4905 0.52947</i>
                        <i>0.999553 -0.0267456 0.013359 0.027975 0.994349 -0.102404 -0.0105446 0.102732 0.994653 -0.00117082 11.5988 0.528565</i>
                        <i>0.999677 -0.0227718 0.0112452 0.0237827 0.994711 -0.0999255 -0.00891028 0.100161 0.994931 -0.000459947 11.6918 0.527666</i>
                        <i>0.999794 -0.0182053 0.0090228 0.018998 0.995066 -0.0973765 -0.00720552 0.0975278 0.995207 0.000240466 11.7689 0.526774</i>
                        <i>0.999888 -0.0133455 0.00673803 0.0139244 0.9954 -0.0947906 -0.005442 0.0948739 0.995474 0.000919964 11.8295 0.525889</i>
                        <i>0.999954 -0.00849191 0.00443907 0.0088651 0.995701 -0.0922021 -0.00363702 0.0922372 0.99573 0.00156809 11.873 0.52501</i>
                        <i>0.99999 -0.00394376 0.00217585 0.00412295 0.995965 -0.0896454 -0.00181353 0.0896535 0.995971 0.00217439 11.899 0.524136</i>
                        <i>1 0 0 0 0.996195 -0.0871557 0 0.0871557 0.996195 0.0027284 11.9067 0.523265</i>
                    </KeyFrames>
                </p>
            </i>
        </Bones>
    </Skeleton>
</Animl>
