<?xml version="1.0" encoding="ISO-8859-1" ?>
<Animl Version="1">
    <ModellingPackage>
        <![CDATA[Maya.2010]]>
</ModellingPackage>
    <SrcFile>
        <![CDATA[anims\generic\~src\windup_02\windup_02_idle.mb]]>
</SrcFile>
    <FramesPerSecond>30</FramesPerSecond>
    <TotalFrames>121</TotalFrames>
    <Skeleton>
        <RefFrame>
            <Name>
                <![CDATA[windup_ref_frame]]>
</Name>
            <Exclude>0</Exclude>
            <Additive>0</Additive>
            <IKPriority>0</IKPriority>
            <IKRotLimits>-1e+010 -1e+010 -1e+010 1e+010 1e+010 1e+010</IKRotLimits>
            <IKRotLimitOrder>0</IKRotLimitOrder>
            <KeyFrames count="121">
                <i>1 0 0 0 1 0 0 0 1 0 0 0</i>
                <i>1 0 0 0 1 0 0 0 1 0 0 0</i>
                <i>1 0 0 0 1 0 0 0 1 0 0 0</i>
                <i>1 0 0 0 1 0 0 0 1 0 0 0</i>
                <i>1 0 0 0 1 0 0 0 1 0 0 0</i>
                <i>1 0 0 0 1 0 0 0 1 0 0 0</i>
                <i>1 0 0 0 1 0 0 0 1 0 0 0</i>
                <i>1 0 0 0 1 0 0 0 1 0 0 0</i>
                <i>1 0 0 0 1 0 0 0 1 0 0 0</i>
                <i>1 0 0 0 1 0 0 0 1 0 0 0</i>
                <i>1 0 0 0 1 0 0 0 1 0 0 0</i>
                <i>1 0 0 0 1 0 0 0 1 0 0 0</i>
                <i>1 0 0 0 1 0 0 0 1 0 0 0</i>
                <i>1 0 0 0 1 0 0 0 1 0 0 0</i>
                <i>1 0 0 0 1 0 0 0 1 0 0 0</i>
                <i>1 0 0 0 1 0 0 0 1 0 0 0</i>
                <i>1 0 0 0 1 0 0 0 1 0 0 0</i>
                <i>1 0 0 0 1 0 0 0 1 0 0 0</i>
                <i>1 0 0 0 1 0 0 0 1 0 0 0</i>
                <i>1 0 0 0 1 0 0 0 1 0 0 0</i>
                <i>1 0 0 0 1 0 0 0 1 0 0 0</i>
                <i>1 0 0 0 1 0 0 0 1 0 0 0</i>
                <i>1 0 0 0 1 0 0 0 1 0 0 0</i>
                <i>1 0 0 0 1 0 0 0 1 0 0 0</i>
                <i>1 0 0 0 1 0 0 0 1 0 0 0</i>
                <i>1 0 0 0 1 0 0 0 1 0 0 0</i>
                <i>1 0 0 0 1 0 0 0 1 0 0 0</i>
                <i>1 0 0 0 1 0 0 0 1 0 0 0</i>
                <i>1 0 0 0 1 0 0 0 1 0 0 0</i>
                <i>1 0 0 0 1 0 0 0 1 0 0 0</i>
                <i>1 0 0 0 1 0 0 0 1 0 0 0</i>
                <i>1 0 0 0 1 0 0 0 1 0 0 0</i>
                <i>1 0 0 0 1 0 0 0 1 0 0 0</i>
                <i>1 0 0 0 1 0 0 0 1 0 0 0</i>
                <i>1 0 0 0 1 0 0 0 1 0 0 0</i>
                <i>1 0 0 0 1 0 0 0 1 0 0 0</i>
                <i>1 0 0 0 1 0 0 0 1 0 0 0</i>
                <i>1 0 0 0 1 0 0 0 1 0 0 0</i>
                <i>1 0 0 0 1 0 0 0 1 0 0 0</i>
                <i>1 0 0 0 1 0 0 0 1 0 0 0</i>
                <i>1 0 0 0 1 0 0 0 1 0 0 0</i>
                <i>1 0 0 0 1 0 0 0 1 0 0 0</i>
                <i>1 0 0 0 1 0 0 0 1 0 0 0</i>
                <i>1 0 0 0 1 0 0 0 1 0 0 0</i>
                <i>1 0 0 0 1 0 0 0 1 0 0 0</i>
                <i>1 0 0 0 1 0 0 0 1 0 0 0</i>
                <i>1 0 0 0 1 0 0 0 1 0 0 0</i>
                <i>1 0 0 0 1 0 0 0 1 0 0 0</i>
                <i>1 0 0 0 1 0 0 0 1 0 0 0</i>
                <i>1 0 0 0 1 0 0 0 1 0 0 0</i>
                <i>1 0 0 0 1 0 0 0 1 0 0 0</i>
                <i>1 0 0 0 1 0 0 0 1 0 0 0</i>
                <i>1 0 0 0 1 0 0 0 1 0 0 0</i>
                <i>1 0 0 0 1 0 0 0 1 0 0 0</i>
                <i>1 0 0 0 1 0 0 0 1 0 0 0</i>
                <i>1 0 0 0 1 0 0 0 1 0 0 0</i>
                <i>1 0 0 0 1 0 0 0 1 0 0 0</i>
                <i>1 0 0 0 1 0 0 0 1 0 0 0</i>
                <i>1 0 0 0 1 0 0 0 1 0 0 0</i>
                <i>1 0 0 0 1 0 0 0 1 0 0 0</i>
                <i>1 0 0 0 1 0 0 0 1 0 0 0</i>
                <i>1 0 0 0 1 0 0 0 1 0 0 0</i>
                <i>1 0 0 0 1 0 0 0 1 0 0 0</i>
                <i>1 0 0 0 1 0 0 0 1 0 0 0</i>
                <i>1 0 0 0 1 0 0 0 1 0 0 0</i>
                <i>1 0 0 0 1 0 0 0 1 0 0 0</i>
                <i>1 0 0 0 1 0 0 0 1 0 0 0</i>
                <i>1 0 0 0 1 0 0 0 1 0 0 0</i>
                <i>1 0 0 0 1 0 0 0 1 0 0 0</i>
                <i>1 0 0 0 1 0 0 0 1 0 0 0</i>
                <i>1 0 0 0 1 0 0 0 1 0 0 0</i>
                <i>1 0 0 0 1 0 0 0 1 0 0 0</i>
                <i>1 0 0 0 1 0 0 0 1 0 0 0</i>
                <i>1 0 0 0 1 0 0 0 1 0 0 0</i>
                <i>1 0 0 0 1 0 0 0 1 0 0 0</i>
                <i>1 0 0 0 1 0 0 0 1 0 0 0</i>
                <i>1 0 0 0 1 0 0 0 1 0 0 0</i>
                <i>1 0 0 0 1 0 0 0 1 0 0 0</i>
                <i>1 0 0 0 1 0 0 0 1 0 0 0</i>
                <i>1 0 0 0 1 0 0 0 1 0 0 0</i>
                <i>1 0 0 0 1 0 0 0 1 0 0 0</i>
                <i>1 0 0 0 1 0 0 0 1 0 0 0</i>
                <i>1 0 0 0 1 0 0 0 1 0 0 0</i>
                <i>1 0 0 0 1 0 0 0 1 0 0 0</i>
                <i>1 0 0 0 1 0 0 0 1 0 0 0</i>
                <i>1 0 0 0 1 0 0 0 1 0 0 0</i>
                <i>1 0 0 0 1 0 0 0 1 0 0 0</i>
                <i>1 0 0 0 1 0 0 0 1 0 0 0</i>
                <i>1 0 0 0 1 0 0 0 1 0 0 0</i>
                <i>1 0 0 0 1 0 0 0 1 0 0 0</i>
                <i>1 0 0 0 1 0 0 0 1 0 0 0</i>
                <i>1 0 0 0 1 0 0 0 1 0 0 0</i>
                <i>1 0 0 0 1 0 0 0 1 0 0 0</i>
                <i>1 0 0 0 1 0 0 0 1 0 0 0</i>
                <i>1 0 0 0 1 0 0 0 1 0 0 0</i>
                <i>1 0 0 0 1 0 0 0 1 0 0 0</i>
                <i>1 0 0 0 1 0 0 0 1 0 0 0</i>
                <i>1 0 0 0 1 0 0 0 1 0 0 0</i>
                <i>1 0 0 0 1 0 0 0 1 0 0 0</i>
                <i>1 0 0 0 1 0 0 0 1 0 0 0</i>
                <i>1 0 0 0 1 0 0 0 1 0 0 0</i>
                <i>1 0 0 0 1 0 0 0 1 0 0 0</i>
                <i>1 0 0 0 1 0 0 0 1 0 0 0</i>
                <i>1 0 0 0 1 0 0 0 1 0 0 0</i>
                <i>1 0 0 0 1 0 0 0 1 0 0 0</i>
                <i>1 0 0 0 1 0 0 0 1 0 0 0</i>
                <i>1 0 0 0 1 0 0 0 1 0 0 0</i>
                <i>1 0 0 0 1 0 0 0 1 0 0 0</i>
                <i>1 0 0 0 1 0 0 0 1 0 0 0</i>
                <i>1 0 0 0 1 0 0 0 1 0 0 0</i>
                <i>1 0 0 0 1 0 0 0 1 0 0 0</i>
                <i>1 0 0 0 1 0 0 0 1 0 0 0</i>
                <i>1 0 0 0 1 0 0 0 1 0 0 0</i>
                <i>1 0 0 0 1 0 0 0 1 0 0 0</i>
                <i>1 0 0 0 1 0 0 0 1 0 0 0</i>
                <i>1 0 0 0 1 0 0 0 1 0 0 0</i>
                <i>1 0 0 0 1 0 0 0 1 0 0 0</i>
                <i>1 0 0 0 1 0 0 0 1 0 0 0</i>
                <i>1 0 0 0 1 0 0 0 1 0 0 0</i>
                <i>1 0 0 0 1 0 0 0 1 0 0 0</i>
                <i>1 0 0 0 1 0 0 0 1 0 0 0</i>
            </KeyFrames>
        </RefFrame>
        <Bones count="5">
            <i>
                <p>
                    <Name>
                        <![CDATA[windup_root]]>
</Name>
                    <Exclude>0</Exclude>
                    <Additive>0</Additive>
                    <IKPriority>0</IKPriority>
                    <IKRotLimits>-1e+010 -1e+010 -1e+010 1e+010 1e+010 1e+010</IKRotLimits>
                    <IKRotLimitOrder>0</IKRotLimitOrder>
                    <KeyFrames count="121">
                        <i>1 0 0 0 1 0 0 0 1 0 0 0</i>
                        <i>1 0 0 0 1 0 0 0 1 0 0 0</i>
                        <i>1 0 0 0 1 0 0 0 1 0 0 0</i>
                        <i>1 0 0 0 1 0 0 0 1 0 0 0</i>
                        <i>1 0 0 0 1 0 0 0 1 0 0 0</i>
                        <i>1 0 0 0 1 0 0 0 1 0 0 0</i>
                        <i>1 0 0 0 1 0 0 0 1 0 0 0</i>
                        <i>1 0 0 0 1 0 0 0 1 0 0 0</i>
                        <i>1 0 0 0 1 0 0 0 1 0 0 0</i>
                        <i>1 0 0 0 1 0 0 0 1 0 0 0</i>
                        <i>1 0 0 0 1 0 0 0 1 0 0 0</i>
                        <i>1 0 0 0 1 0 0 0 1 0 0 0</i>
                        <i>1 0 0 0 1 0 0 0 1 0 0 0</i>
                        <i>1 0 0 0 1 0 0 0 1 0 0 0</i>
                        <i>1 0 0 0 1 0 0 0 1 0 0 0</i>
                        <i>1 0 0 0 1 0 0 0 1 0 0 0</i>
                        <i>1 0 0 0 1 0 0 0 1 0 0 0</i>
                        <i>1 0 0 0 1 0 0 0 1 0 0 0</i>
                        <i>1 0 0 0 1 0 0 0 1 0 0 0</i>
                        <i>1 0 0 0 1 0 0 0 1 0 0 0</i>
                        <i>1 0 0 0 1 0 0 0 1 0 0 0</i>
                        <i>1 0 0 0 1 0 0 0 1 0 0 0</i>
                        <i>1 0 0 0 1 0 0 0 1 0 0 0</i>
                        <i>1 0 0 0 1 0 0 0 1 0 0 0</i>
                        <i>1 0 0 0 1 0 0 0 1 0 0 0</i>
                        <i>1 0 0 0 1 0 0 0 1 0 0 0</i>
                        <i>1 0 0 0 1 0 0 0 1 0 0 0</i>
                        <i>1 0 0 0 1 0 0 0 1 0 0 0</i>
                        <i>1 0 0 0 1 0 0 0 1 0 0 0</i>
                        <i>1 0 0 0 1 0 0 0 1 0 0 0</i>
                        <i>1 0 0 0 1 0 0 0 1 0 0 0</i>
                        <i>1 0 0 0 1 0 0 0 1 0 0 0</i>
                        <i>1 0 0 0 1 0 0 0 1 0 0 0</i>
                        <i>1 0 0 0 1 0 0 0 1 0 0 0</i>
                        <i>1 0 0 0 1 0 0 0 1 0 0 0</i>
                        <i>1 0 0 0 1 0 0 0 1 0 0 0</i>
                        <i>1 0 0 0 1 0 0 0 1 0 0 0</i>
                        <i>1 0 0 0 1 0 0 0 1 0 0 0</i>
                        <i>1 0 0 0 1 0 0 0 1 0 0 0</i>
                        <i>1 0 0 0 1 0 0 0 1 0 0 0</i>
                        <i>1 0 0 0 1 0 0 0 1 0 0 0</i>
                        <i>1 0 0 0 1 0 0 0 1 0 0 0</i>
                        <i>1 0 0 0 1 0 0 0 1 0 0 0</i>
                        <i>1 0 0 0 1 0 0 0 1 0 0 0</i>
                        <i>1 0 0 0 1 0 0 0 1 0 0 0</i>
                        <i>1 0 0 0 1 0 0 0 1 0 0 0</i>
                        <i>1 0 0 0 1 0 0 0 1 0 0 0</i>
                        <i>1 0 0 0 1 0 0 0 1 0 0 0</i>
                        <i>1 0 0 0 1 0 0 0 1 0 0 0</i>
                        <i>1 0 0 0 1 0 0 0 1 0 0 0</i>
                        <i>1 0 0 0 1 0 0 0 1 0 0 0</i>
                        <i>1 0 0 0 1 0 0 0 1 0 0 0</i>
                        <i>1 0 0 0 1 0 0 0 1 0 0 0</i>
                        <i>1 0 0 0 1 0 0 0 1 0 0 0</i>
                        <i>1 0 0 0 1 0 0 0 1 0 0 0</i>
                        <i>1 0 0 0 1 0 0 0 1 0 0 0</i>
                        <i>1 0 0 0 1 0 0 0 1 0 0 0</i>
                        <i>1 0 0 0 1 0 0 0 1 0 0 0</i>
                        <i>1 0 0 0 1 0 0 0 1 0 0 0</i>
                        <i>1 0 0 0 1 0 0 0 1 0 0 0</i>
                        <i>1 0 0 0 1 0 0 0 1 0 0 0</i>
                        <i>1 0 0 0 1 0 0 0 1 0 0 0</i>
                        <i>1 0 0 0 1 0 0 0 1 0 0 0</i>
                        <i>1 0 0 0 1 0 0 0 1 0 0 0</i>
                        <i>1 0 0 0 1 0 0 0 1 0 0 0</i>
                        <i>1 0 0 0 1 0 0 0 1 0 0 0</i>
                        <i>1 0 0 0 1 0 0 0 1 0 0 0</i>
                        <i>1 0 0 0 1 0 0 0 1 0 0 0</i>
                        <i>1 0 0 0 1 0 0 0 1 0 0 0</i>
                        <i>1 0 0 0 1 0 0 0 1 0 0 0</i>
                        <i>1 0 0 0 1 0 0 0 1 0 0 0</i>
                        <i>1 0 0 0 1 0 0 0 1 0 0 0</i>
                        <i>1 0 0 0 1 0 0 0 1 0 0 0</i>
                        <i>1 0 0 0 1 0 0 0 1 0 0 0</i>
                        <i>1 0 0 0 1 0 0 0 1 0 0 0</i>
                        <i>1 0 0 0 1 0 0 0 1 0 0 0</i>
                        <i>1 0 0 0 1 0 0 0 1 0 0 0</i>
                        <i>1 0 0 0 1 0 0 0 1 0 0 0</i>
                        <i>1 0 0 0 1 0 0 0 1 0 0 0</i>
                        <i>1 0 0 0 1 0 0 0 1 0 0 0</i>
                        <i>1 0 0 0 1 0 0 0 1 0 0 0</i>
                        <i>1 0 0 0 1 0 0 0 1 0 0 0</i>
                        <i>1 0 0 0 1 0 0 0 1 0 0 0</i>
                        <i>1 0 0 0 1 0 0 0 1 0 0 0</i>
                        <i>1 0 0 0 1 0 0 0 1 0 0 0</i>
                        <i>1 0 0 0 1 0 0 0 1 0 0 0</i>
                        <i>1 0 0 0 1 0 0 0 1 0 0 0</i>
                        <i>1 0 0 0 1 0 0 0 1 0 0 0</i>
                        <i>1 0 0 0 1 0 0 0 1 0 0 0</i>
                        <i>1 0 0 0 1 0 0 0 1 0 0 0</i>
                        <i>1 0 0 0 1 0 0 0 1 0 0 0</i>
                        <i>1 0 0 0 1 0 0 0 1 0 0 0</i>
                        <i>1 0 0 0 1 0 0 0 1 0 0 0</i>
                        <i>1 0 0 0 1 0 0 0 1 0 0 0</i>
                        <i>1 0 0 0 1 0 0 0 1 0 0 0</i>
                        <i>1 0 0 0 1 0 0 0 1 0 0 0</i>
                        <i>1 0 0 0 1 0 0 0 1 0 0 0</i>
                        <i>1 0 0 0 1 0 0 0 1 0 0 0</i>
                        <i>1 0 0 0 1 0 0 0 1 0 0 0</i>
                        <i>1 0 0 0 1 0 0 0 1 0 0 0</i>
                        <i>1 0 0 0 1 0 0 0 1 0 0 0</i>
                        <i>1 0 0 0 1 0 0 0 1 0 0 0</i>
                        <i>1 0 0 0 1 0 0 0 1 0 0 0</i>
                        <i>1 0 0 0 1 0 0 0 1 0 0 0</i>
                        <i>1 0 0 0 1 0 0 0 1 0 0 0</i>
                        <i>1 0 0 0 1 0 0 0 1 0 0 0</i>
                        <i>1 0 0 0 1 0 0 0 1 0 0 0</i>
                        <i>1 0 0 0 1 0 0 0 1 0 0 0</i>
                        <i>1 0 0 0 1 0 0 0 1 0 0 0</i>
                        <i>1 0 0 0 1 0 0 0 1 0 0 0</i>
                        <i>1 0 0 0 1 0 0 0 1 0 0 0</i>
                        <i>1 0 0 0 1 0 0 0 1 0 0 0</i>
                        <i>1 0 0 0 1 0 0 0 1 0 0 0</i>
                        <i>1 0 0 0 1 0 0 0 1 0 0 0</i>
                        <i>1 0 0 0 1 0 0 0 1 0 0 0</i>
                        <i>1 0 0 0 1 0 0 0 1 0 0 0</i>
                        <i>1 0 0 0 1 0 0 0 1 0 0 0</i>
                        <i>1 0 0 0 1 0 0 0 1 0 0 0</i>
                        <i>1 0 0 0 1 0 0 0 1 0 0 0</i>
                        <i>1 0 0 0 1 0 0 0 1 0 0 0</i>
                        <i>1 0 0 0 1 0 0 0 1 0 0 0</i>
                    </KeyFrames>
                </p>
            </i>
            <i>
                <p>
                    <Name>
                        <![CDATA[key]]>
</Name>
                    <Exclude>0</Exclude>
                    <Additive>0</Additive>
                    <IKPriority>0</IKPriority>
                    <IKRotLimits>-1e+010 -1e+010 -1e+010 1e+010 1e+010 1e+010</IKRotLimits>
                    <IKRotLimitOrder>0</IKRotLimitOrder>
                    <KeyFrames count="121">
                        <i>1 0 0 0 1 0 0 0 1 0 0.498833 0</i>
                        <i>0.99863 0 -0.052336 0 1 0 0.052336 0 0.99863 0 0.498833 0</i>
                        <i>0.994522 0 -0.104528 0 1 0 0.104528 0 0.994522 0 0.498833 0</i>
                        <i>0.987688 0 -0.156434 0 1 0 0.156434 0 0.987688 0 0.498833 0</i>
                        <i>0.978148 0 -0.207912 0 1 0 0.207912 0 0.978148 0 0.498833 0</i>
                        <i>0.965926 0 -0.258819 0 1 0 0.258819 0 0.965926 0 0.498833 0</i>
                        <i>0.951057 0 -0.309017 0 1 0 0.309017 0 0.951057 0 0.498833 0</i>
                        <i>0.93358 0 -0.358368 0 1 0 0.358368 0 0.93358 0 0.498833 0</i>
                        <i>0.913545 0 -0.406737 0 1 0 0.406737 0 0.913545 0 0.498833 0</i>
                        <i>0.891007 0 -0.453991 0 1 0 0.453991 0 0.891007 0 0.498833 0</i>
                        <i>0.866025 0 -0.5 0 1 0 0.5 0 0.866025 0 0.498833 0</i>
                        <i>0.838671 0 -0.544639 0 1 0 0.544639 0 0.838671 0 0.498833 0</i>
                        <i>0.809017 0 -0.587785 0 1 0 0.587785 0 0.809017 0 0.498833 0</i>
                        <i>0.777146 0 -0.62932 0 1 0 0.62932 0 0.777146 0 0.498833 0</i>
                        <i>0.743145 0 -0.669131 0 1 0 0.669131 0 0.743145 0 0.498833 0</i>
                        <i>0.707107 0 -0.707107 0 1 0 0.707107 0 0.707107 0 0.498833 0</i>
                        <i>0.669131 0 -0.743145 0 1 0 0.743145 0 0.669131 0 0.498833 0</i>
                        <i>0.62932 0 -0.777146 0 1 0 0.777146 0 0.62932 0 0.498833 0</i>
                        <i>0.587785 0 -0.809017 0 1 0 0.809017 0 0.587785 0 0.498833 0</i>
                        <i>0.544639 0 -0.838671 0 1 0 0.838671 0 0.544639 0 0.498833 0</i>
                        <i>0.5 0 -0.866025 0 1 0 0.866025 0 0.5 0 0.498833 0</i>
                        <i>0.45399 0 -0.891007 0 1 0 0.891007 0 0.45399 0 0.498833 0</i>
                        <i>0.406737 0 -0.913545 0 1 0 0.913545 0 0.406737 0 0.498833 0</i>
                        <i>0.358368 0 -0.93358 0 1 0 0.93358 0 0.358368 0 0.498833 0</i>
                        <i>0.309017 0 -0.951057 0 1 0 0.951057 0 0.309017 0 0.498833 0</i>
                        <i>0.258819 0 -0.965926 0 1 0 0.965926 0 0.258819 0 0.498833 0</i>
                        <i>0.207912 0 -0.978148 0 1 0 0.978148 0 0.207912 0 0.498833 0</i>
                        <i>0.156434 0 -0.987688 0 1 0 0.987688 0 0.156434 0 0.498833 0</i>
                        <i>0.104528 0 -0.994522 0 1 0 0.994522 0 0.104528 0 0.498833 0</i>
                        <i>0.0523359 0 -0.99863 0 1 0 0.99863 0 0.0523359 0 0.498833 0</i>
                        <i>3.23557e-008 0 -1 0 1 0 1 0 3.23557e-008 0 0.498833 0</i>
                        <i>-0.0523361 0 -0.99863 0 1 0 0.99863 0 -0.0523361 0 0.498833 0</i>
                        <i>-0.104529 0 -0.994522 0 1 0 0.994522 0 -0.104529 0 0.498833 0</i>
                        <i>-0.156434 0 -0.987688 0 1 0 0.987688 0 -0.156434 0 0.498833 0</i>
                        <i>-0.207912 0 -0.978148 0 1 0 0.978148 0 -0.207912 0 0.498833 0</i>
                        <i>-0.258819 0 -0.965926 0 1 0 0.965926 0 -0.258819 0 0.498833 0</i>
                        <i>-0.309017 0 -0.951056 0 1 0 0.951056 0 -0.309017 0 0.498833 0</i>
                        <i>-0.358368 0 -0.93358 0 1 0 0.93358 0 -0.358368 0 0.498833 0</i>
                        <i>-0.406737 0 -0.913545 0 1 0 0.913545 0 -0.406737 0 0.498833 0</i>
                        <i>-0.453991 0 -0.891006 0 1 0 0.891006 0 -0.453991 0 0.498833 0</i>
                        <i>-0.5 0 -0.866025 0 1 0 0.866025 0 -0.5 0 0.498833 0</i>
                        <i>-0.544639 0 -0.838671 0 1 0 0.838671 0 -0.544639 0 0.498833 0</i>
                        <i>-0.587785 0 -0.809017 0 1 0 0.809017 0 -0.587785 0 0.498833 0</i>
                        <i>-0.62932 0 -0.777146 0 1 0 0.777146 0 -0.62932 0 0.498833 0</i>
                        <i>-0.669131 0 -0.743145 0 1 0 0.743145 0 -0.669131 0 0.498833 0</i>
                        <i>-0.707107 0 -0.707107 0 1 0 0.707107 0 -0.707107 0 0.498833 0</i>
                        <i>-0.743145 0 -0.669131 0 1 0 0.669131 0 -0.743145 0 0.498833 0</i>
                        <i>-0.777146 0 -0.62932 0 1 0 0.62932 0 -0.777146 0 0.498833 0</i>
                        <i>-0.809017 0 -0.587785 0 1 0 0.587785 0 -0.809017 0 0.498833 0</i>
                        <i>-0.838671 0 -0.544639 0 1 0 0.544639 0 -0.838671 0 0.498833 0</i>
                        <i>-0.866025 0 -0.5 0 1 0 0.5 0 -0.866025 0 0.498833 0</i>
                        <i>-0.891007 0 -0.45399 0 1 0 0.45399 0 -0.891007 0 0.498833 0</i>
                        <i>-0.913545 0 -0.406737 0 1 0 0.406737 0 -0.913545 0 0.498833 0</i>
                        <i>-0.93358 0 -0.358368 0 1 0 0.358368 0 -0.93358 0 0.498833 0</i>
                        <i>-0.951057 0 -0.309017 0 1 0 0.309017 0 -0.951057 0 0.498833 0</i>
                        <i>-0.965926 0 -0.258819 0 1 0 0.258819 0 -0.965926 0 0.498833 0</i>
                        <i>-0.978148 0 -0.207912 0 1 0 0.207912 0 -0.978148 0 0.498833 0</i>
                        <i>-0.987688 0 -0.156435 0 1 0 0.156435 0 -0.987688 0 0.498833 0</i>
                        <i>-0.994522 0 -0.104528 0 1 0 0.104528 0 -0.994522 0 0.498833 0</i>
                        <i>-0.99863 0 -0.0523359 0 1 0 0.0523359 0 -0.99863 0 0.498833 0</i>
                        <i>-1 0 -2.63325e-008 0 1 0 2.63325e-008 0 -1 0 0.498833 0</i>
                        <i>-0.99863 0 0.0523359 0 1 0 -0.0523359 0 -0.99863 0 0.498833 0</i>
                        <i>-0.994522 0 0.104528 0 1 0 -0.104528 0 -0.994522 0 0.498833 0</i>
                        <i>-0.987688 0 0.156435 0 1 0 -0.156435 0 -0.987688 0 0.498833 0</i>
                        <i>-0.978148 0 0.207912 0 1 0 -0.207912 0 -0.978148 0 0.498833 0</i>
                        <i>-0.965926 0 0.258819 0 1 0 -0.258819 0 -0.965926 0 0.498833 0</i>
                        <i>-0.951056 0 0.309017 0 1 0 -0.309017 0 -0.951056 0 0.498833 0</i>
                        <i>-0.93358 0 0.358368 0 1 0 -0.358368 0 -0.93358 0 0.498833 0</i>
                        <i>-0.913545 0 0.406737 0 1 0 -0.406737 0 -0.913545 0 0.498833 0</i>
                        <i>-0.891007 0 0.45399 0 1 0 -0.45399 0 -0.891007 0 0.498833 0</i>
                        <i>-0.866026 0 0.5 0 1 0 -0.5 0 -0.866026 0 0.498833 0</i>
                        <i>-0.83867 0 0.544639 0 1 0 -0.544639 0 -0.83867 0 0.498833 0</i>
                        <i>-0.809017 0 0.587785 0 1 0 -0.587785 0 -0.809017 0 0.498833 0</i>
                        <i>-0.777146 0 0.62932 0 1 0 -0.62932 0 -0.777146 0 0.498833 0</i>
                        <i>-0.743145 0 0.669131 0 1 0 -0.669131 0 -0.743145 0 0.498833 0</i>
                        <i>-0.707107 0 0.707107 0 1 0 -0.707107 0 -0.707107 0 0.498833 0</i>
                        <i>-0.669131 0 0.743145 0 1 0 -0.743145 0 -0.669131 0 0.498833 0</i>
                        <i>-0.629321 0 0.777146 0 1 0 -0.777146 0 -0.629321 0 0.498833 0</i>
                        <i>-0.587785 0 0.809017 0 1 0 -0.809017 0 -0.587785 0 0.498833 0</i>
                        <i>-0.544639 0 0.838671 0 1 0 -0.838671 0 -0.544639 0 0.498833 0</i>
                        <i>-0.5 0 0.866025 0 1 0 -0.866025 0 -0.5 0 0.498833 0</i>
                        <i>-0.45399 0 0.891007 0 1 0 -0.891007 0 -0.45399 0 0.498833 0</i>
                        <i>-0.406737 0 0.913545 0 1 0 -0.913545 0 -0.406737 0 0.498833 0</i>
                        <i>-0.358368 0 0.93358 0 1 0 -0.93358 0 -0.358368 0 0.498833 0</i>
                        <i>-0.309017 0 0.951056 0 1 0 -0.951056 0 -0.309017 0 0.498833 0</i>
                        <i>-0.258819 0 0.965926 0 1 0 -0.965926 0 -0.258819 0 0.498833 0</i>
                        <i>-0.207912 0 0.978148 0 1 0 -0.978148 0 -0.207912 0 0.498833 0</i>
                        <i>-0.156434 0 0.987688 0 1 0 -0.987688 0 -0.156434 0 0.498833 0</i>
                        <i>-0.104528 0 0.994522 0 1 0 -0.994522 0 -0.104528 0 0.498833 0</i>
                        <i>-0.0523359 0 0.99863 0 1 0 -0.99863 0 -0.0523359 0 0.498833 0</i>
                        <i>-2.03094e-008 0 1 0 1 0 -1 0 -2.03094e-008 0 0.498833 0</i>
                        <i>0.0523359 0 0.99863 0 1 0 -0.99863 0 0.0523359 0 0.498833 0</i>
                        <i>0.104528 0 0.994522 0 1 0 -0.994522 0 0.104528 0 0.498833 0</i>
                        <i>0.156435 0 0.987688 0 1 0 -0.987688 0 0.156435 0 0.498833 0</i>
                        <i>0.207912 0 0.978148 0 1 0 -0.978148 0 0.207912 0 0.498833 0</i>
                        <i>0.258819 0 0.965926 0 1 0 -0.965926 0 0.258819 0 0.498833 0</i>
                        <i>0.309017 0 0.951056 0 1 0 -0.951056 0 0.309017 0 0.498833 0</i>
                        <i>0.358368 0 0.93358 0 1 0 -0.93358 0 0.358368 0 0.498833 0</i>
                        <i>0.406737 0 0.913545 0 1 0 -0.913545 0 0.406737 0 0.498833 0</i>
                        <i>0.45399 0 0.891007 0 1 0 -0.891007 0 0.45399 0 0.498833 0</i>
                        <i>0.5 0 0.866025 0 1 0 -0.866025 0 0.5 0 0.498833 0</i>
                        <i>0.544639 0 0.83867 0 1 0 -0.83867 0 0.544639 0 0.498833 0</i>
                        <i>0.587785 0 0.809017 0 1 0 -0.809017 0 0.587785 0 0.498833 0</i>
                        <i>0.62932 0 0.777146 0 1 0 -0.777146 0 0.62932 0 0.498833 0</i>
                        <i>0.669131 0 0.743145 0 1 0 -0.743145 0 0.669131 0 0.498833 0</i>
                        <i>0.707107 0 0.707107 0 1 0 -0.707107 0 0.707107 0 0.498833 0</i>
                        <i>0.743145 0 0.669131 0 1 0 -0.669131 0 0.743145 0 0.498833 0</i>
                        <i>0.777146 0 0.629321 0 1 0 -0.629321 0 0.777146 0 0.498833 0</i>
                        <i>0.809017 0 0.587785 0 1 0 -0.587785 0 0.809017 0 0.498833 0</i>
                        <i>0.838671 0 0.544639 0 1 0 -0.544639 0 0.838671 0 0.498833 0</i>
                        <i>0.866025 0 0.5 0 1 0 -0.5 0 0.866025 0 0.498833 0</i>
                        <i>0.891007 0 0.45399 0 1 0 -0.45399 0 0.891007 0 0.498833 0</i>
                        <i>0.913545 0 0.406737 0 1 0 -0.406737 0 0.913545 0 0.498833 0</i>
                        <i>0.93358 0 0.358368 0 1 0 -0.358368 0 0.93358 0 0.498833 0</i>
                        <i>0.951056 0 0.309017 0 1 0 -0.309017 0 0.951056 0 0.498833 0</i>
                        <i>0.965926 0 0.258819 0 1 0 -0.258819 0 0.965926 0 0.498833 0</i>
                        <i>0.978148 0 0.207912 0 1 0 -0.207912 0 0.978148 0 0.498833 0</i>
                        <i>0.987688 0 0.156434 0 1 0 -0.156434 0 0.987688 0 0.498833 0</i>
                        <i>0.994522 0 0.104528 0 1 0 -0.104528 0 0.994522 0 0.498833 0</i>
                        <i>0.99863 0 0.0523359 0 1 0 -0.0523359 0 0.99863 0 0.498833 0</i>
                        <i>1 0 2.44929e-016 0 1 0 -2.44929e-016 0 1 0 0.498833 0</i>
                    </KeyFrames>
                </p>
            </i>
            <i>
                <p>
                    <Name>
                        <![CDATA[gear_1]]>
</Name>
                    <Exclude>0</Exclude>
                    <Additive>0</Additive>
                    <IKPriority>0</IKPriority>
                    <IKRotLimits>-1e+010 -1e+010 -1e+010 1e+010 1e+010 1e+010</IKRotLimits>
                    <IKRotLimitOrder>0</IKRotLimitOrder>
                    <KeyFrames count="121">
                        <i>1 0 0 0 1 0 0 0 1 0 0.32971 0</i>
                        <i>0.99863 0 -0.052336 0 1 0 0.052336 0 0.99863 0 0.32971 0</i>
                        <i>0.994522 0 -0.104528 0 1 0 0.104528 0 0.994522 0 0.32971 0</i>
                        <i>0.987688 0 -0.156434 0 1 0 0.156434 0 0.987688 0 0.32971 0</i>
                        <i>0.978148 0 -0.207912 0 1 0 0.207912 0 0.978148 0 0.32971 0</i>
                        <i>0.965926 0 -0.258819 0 1 0 0.258819 0 0.965926 0 0.32971 0</i>
                        <i>0.951057 0 -0.309017 0 1 0 0.309017 0 0.951057 0 0.32971 0</i>
                        <i>0.93358 0 -0.358368 0 1 0 0.358368 0 0.93358 0 0.32971 0</i>
                        <i>0.913545 0 -0.406737 0 1 0 0.406737 0 0.913545 0 0.32971 0</i>
                        <i>0.891007 0 -0.453991 0 1 0 0.453991 0 0.891007 0 0.32971 0</i>
                        <i>0.866025 0 -0.5 0 1 0 0.5 0 0.866025 0 0.32971 0</i>
                        <i>0.838671 0 -0.544639 0 1 0 0.544639 0 0.838671 0 0.32971 0</i>
                        <i>0.809017 0 -0.587785 0 1 0 0.587785 0 0.809017 0 0.32971 0</i>
                        <i>0.777146 0 -0.62932 0 1 0 0.62932 0 0.777146 0 0.32971 0</i>
                        <i>0.743145 0 -0.669131 0 1 0 0.669131 0 0.743145 0 0.32971 0</i>
                        <i>0.707107 0 -0.707107 0 1 0 0.707107 0 0.707107 0 0.32971 0</i>
                        <i>0.669131 0 -0.743145 0 1 0 0.743145 0 0.669131 0 0.32971 0</i>
                        <i>0.62932 0 -0.777146 0 1 0 0.777146 0 0.62932 0 0.32971 0</i>
                        <i>0.587785 0 -0.809017 0 1 0 0.809017 0 0.587785 0 0.32971 0</i>
                        <i>0.544639 0 -0.838671 0 1 0 0.838671 0 0.544639 0 0.32971 0</i>
                        <i>0.5 0 -0.866025 0 1 0 0.866025 0 0.5 0 0.32971 0</i>
                        <i>0.45399 0 -0.891007 0 1 0 0.891007 0 0.45399 0 0.32971 0</i>
                        <i>0.406737 0 -0.913545 0 1 0 0.913545 0 0.406737 0 0.32971 0</i>
                        <i>0.358368 0 -0.93358 0 1 0 0.93358 0 0.358368 0 0.32971 0</i>
                        <i>0.309017 0 -0.951057 0 1 0 0.951057 0 0.309017 0 0.32971 0</i>
                        <i>0.258819 0 -0.965926 0 1 0 0.965926 0 0.258819 0 0.32971 0</i>
                        <i>0.207912 0 -0.978148 0 1 0 0.978148 0 0.207912 0 0.32971 0</i>
                        <i>0.156434 0 -0.987688 0 1 0 0.987688 0 0.156434 0 0.32971 0</i>
                        <i>0.104528 0 -0.994522 0 1 0 0.994522 0 0.104528 0 0.32971 0</i>
                        <i>0.0523359 0 -0.99863 0 1 0 0.99863 0 0.0523359 0 0.32971 0</i>
                        <i>3.23557e-008 0 -1 0 1 0 1 0 3.23557e-008 0 0.32971 0</i>
                        <i>-0.0523361 0 -0.99863 0 1 0 0.99863 0 -0.0523361 0 0.32971 0</i>
                        <i>-0.104529 0 -0.994522 0 1 0 0.994522 0 -0.104529 0 0.32971 0</i>
                        <i>-0.156434 0 -0.987688 0 1 0 0.987688 0 -0.156434 0 0.32971 0</i>
                        <i>-0.207912 0 -0.978148 0 1 0 0.978148 0 -0.207912 0 0.32971 0</i>
                        <i>-0.258819 0 -0.965926 0 1 0 0.965926 0 -0.258819 0 0.32971 0</i>
                        <i>-0.309017 0 -0.951056 0 1 0 0.951056 0 -0.309017 0 0.32971 0</i>
                        <i>-0.358368 0 -0.93358 0 1 0 0.93358 0 -0.358368 0 0.32971 0</i>
                        <i>-0.406737 0 -0.913545 0 1 0 0.913545 0 -0.406737 0 0.32971 0</i>
                        <i>-0.453991 0 -0.891006 0 1 0 0.891006 0 -0.453991 0 0.32971 0</i>
                        <i>-0.5 0 -0.866025 0 1 0 0.866025 0 -0.5 0 0.32971 0</i>
                        <i>-0.544639 0 -0.838671 0 1 0 0.838671 0 -0.544639 0 0.32971 0</i>
                        <i>-0.587785 0 -0.809017 0 1 0 0.809017 0 -0.587785 0 0.32971 0</i>
                        <i>-0.62932 0 -0.777146 0 1 0 0.777146 0 -0.62932 0 0.32971 0</i>
                        <i>-0.669131 0 -0.743145 0 1 0 0.743145 0 -0.669131 0 0.32971 0</i>
                        <i>-0.707107 0 -0.707107 0 1 0 0.707107 0 -0.707107 0 0.32971 0</i>
                        <i>-0.743145 0 -0.669131 0 1 0 0.669131 0 -0.743145 0 0.32971 0</i>
                        <i>-0.777146 0 -0.62932 0 1 0 0.62932 0 -0.777146 0 0.32971 0</i>
                        <i>-0.809017 0 -0.587785 0 1 0 0.587785 0 -0.809017 0 0.32971 0</i>
                        <i>-0.838671 0 -0.544639 0 1 0 0.544639 0 -0.838671 0 0.32971 0</i>
                        <i>-0.866025 0 -0.5 0 1 0 0.5 0 -0.866025 0 0.32971 0</i>
                        <i>-0.891007 0 -0.45399 0 1 0 0.45399 0 -0.891007 0 0.32971 0</i>
                        <i>-0.913545 0 -0.406737 0 1 0 0.406737 0 -0.913545 0 0.32971 0</i>
                        <i>-0.93358 0 -0.358368 0 1 0 0.358368 0 -0.93358 0 0.32971 0</i>
                        <i>-0.951057 0 -0.309017 0 1 0 0.309017 0 -0.951057 0 0.32971 0</i>
                        <i>-0.965926 0 -0.258819 0 1 0 0.258819 0 -0.965926 0 0.32971 0</i>
                        <i>-0.978148 0 -0.207912 0 1 0 0.207912 0 -0.978148 0 0.32971 0</i>
                        <i>-0.987688 0 -0.156435 0 1 0 0.156435 0 -0.987688 0 0.32971 0</i>
                        <i>-0.994522 0 -0.104528 0 1 0 0.104528 0 -0.994522 0 0.32971 0</i>
                        <i>-0.99863 0 -0.0523359 0 1 0 0.0523359 0 -0.99863 0 0.32971 0</i>
                        <i>-1 0 -2.63325e-008 0 1 0 2.63325e-008 0 -1 0 0.32971 0</i>
                        <i>-0.99863 0 0.0523359 0 1 0 -0.0523359 0 -0.99863 0 0.32971 0</i>
                        <i>-0.994522 0 0.104528 0 1 0 -0.104528 0 -0.994522 0 0.32971 0</i>
                        <i>-0.987688 0 0.156435 0 1 0 -0.156435 0 -0.987688 0 0.32971 0</i>
                        <i>-0.978148 0 0.207912 0 1 0 -0.207912 0 -0.978148 0 0.32971 0</i>
                        <i>-0.965926 0 0.258819 0 1 0 -0.258819 0 -0.965926 0 0.32971 0</i>
                        <i>-0.951056 0 0.309017 0 1 0 -0.309017 0 -0.951056 0 0.32971 0</i>
                        <i>-0.93358 0 0.358368 0 1 0 -0.358368 0 -0.93358 0 0.32971 0</i>
                        <i>-0.913545 0 0.406737 0 1 0 -0.406737 0 -0.913545 0 0.32971 0</i>
                        <i>-0.891007 0 0.45399 0 1 0 -0.45399 0 -0.891007 0 0.32971 0</i>
                        <i>-0.866026 0 0.5 0 1 0 -0.5 0 -0.866026 0 0.32971 0</i>
                        <i>-0.83867 0 0.544639 0 1 0 -0.544639 0 -0.83867 0 0.32971 0</i>
                        <i>-0.809017 0 0.587785 0 1 0 -0.587785 0 -0.809017 0 0.32971 0</i>
                        <i>-0.777146 0 0.62932 0 1 0 -0.62932 0 -0.777146 0 0.32971 0</i>
                        <i>-0.743145 0 0.669131 0 1 0 -0.669131 0 -0.743145 0 0.32971 0</i>
                        <i>-0.707107 0 0.707107 0 1 0 -0.707107 0 -0.707107 0 0.32971 0</i>
                        <i>-0.669131 0 0.743145 0 1 0 -0.743145 0 -0.669131 0 0.32971 0</i>
                        <i>-0.629321 0 0.777146 0 1 0 -0.777146 0 -0.629321 0 0.32971 0</i>
                        <i>-0.587785 0 0.809017 0 1 0 -0.809017 0 -0.587785 0 0.32971 0</i>
                        <i>-0.544639 0 0.838671 0 1 0 -0.838671 0 -0.544639 0 0.32971 0</i>
                        <i>-0.5 0 0.866025 0 1 0 -0.866025 0 -0.5 0 0.32971 0</i>
                        <i>-0.45399 0 0.891007 0 1 0 -0.891007 0 -0.45399 0 0.32971 0</i>
                        <i>-0.406737 0 0.913545 0 1 0 -0.913545 0 -0.406737 0 0.32971 0</i>
                        <i>-0.358368 0 0.93358 0 1 0 -0.93358 0 -0.358368 0 0.32971 0</i>
                        <i>-0.309017 0 0.951056 0 1 0 -0.951056 0 -0.309017 0 0.32971 0</i>
                        <i>-0.258819 0 0.965926 0 1 0 -0.965926 0 -0.258819 0 0.32971 0</i>
                        <i>-0.207912 0 0.978148 0 1 0 -0.978148 0 -0.207912 0 0.32971 0</i>
                        <i>-0.156434 0 0.987688 0 1 0 -0.987688 0 -0.156434 0 0.32971 0</i>
                        <i>-0.104528 0 0.994522 0 1 0 -0.994522 0 -0.104528 0 0.32971 0</i>
                        <i>-0.0523359 0 0.99863 0 1 0 -0.99863 0 -0.0523359 0 0.32971 0</i>
                        <i>-2.03094e-008 0 1 0 1 0 -1 0 -2.03094e-008 0 0.32971 0</i>
                        <i>0.0523359 0 0.99863 0 1 0 -0.99863 0 0.0523359 0 0.32971 0</i>
                        <i>0.104528 0 0.994522 0 1 0 -0.994522 0 0.104528 0 0.32971 0</i>
                        <i>0.156435 0 0.987688 0 1 0 -0.987688 0 0.156435 0 0.32971 0</i>
                        <i>0.207912 0 0.978148 0 1 0 -0.978148 0 0.207912 0 0.32971 0</i>
                        <i>0.258819 0 0.965926 0 1 0 -0.965926 0 0.258819 0 0.32971 0</i>
                        <i>0.309017 0 0.951056 0 1 0 -0.951056 0 0.309017 0 0.32971 0</i>
                        <i>0.358368 0 0.93358 0 1 0 -0.93358 0 0.358368 0 0.32971 0</i>
                        <i>0.406737 0 0.913545 0 1 0 -0.913545 0 0.406737 0 0.32971 0</i>
                        <i>0.45399 0 0.891007 0 1 0 -0.891007 0 0.45399 0 0.32971 0</i>
                        <i>0.5 0 0.866025 0 1 0 -0.866025 0 0.5 0 0.32971 0</i>
                        <i>0.544639 0 0.83867 0 1 0 -0.83867 0 0.544639 0 0.32971 0</i>
                        <i>0.587785 0 0.809017 0 1 0 -0.809017 0 0.587785 0 0.32971 0</i>
                        <i>0.62932 0 0.777146 0 1 0 -0.777146 0 0.62932 0 0.32971 0</i>
                        <i>0.669131 0 0.743145 0 1 0 -0.743145 0 0.669131 0 0.32971 0</i>
                        <i>0.707107 0 0.707107 0 1 0 -0.707107 0 0.707107 0 0.32971 0</i>
                        <i>0.743145 0 0.669131 0 1 0 -0.669131 0 0.743145 0 0.32971 0</i>
                        <i>0.777146 0 0.629321 0 1 0 -0.629321 0 0.777146 0 0.32971 0</i>
                        <i>0.809017 0 0.587785 0 1 0 -0.587785 0 0.809017 0 0.32971 0</i>
                        <i>0.838671 0 0.544639 0 1 0 -0.544639 0 0.838671 0 0.32971 0</i>
                        <i>0.866025 0 0.5 0 1 0 -0.5 0 0.866025 0 0.32971 0</i>
                        <i>0.891007 0 0.45399 0 1 0 -0.45399 0 0.891007 0 0.32971 0</i>
                        <i>0.913545 0 0.406737 0 1 0 -0.406737 0 0.913545 0 0.32971 0</i>
                        <i>0.93358 0 0.358368 0 1 0 -0.358368 0 0.93358 0 0.32971 0</i>
                        <i>0.951056 0 0.309017 0 1 0 -0.309017 0 0.951056 0 0.32971 0</i>
                        <i>0.965926 0 0.258819 0 1 0 -0.258819 0 0.965926 0 0.32971 0</i>
                        <i>0.978148 0 0.207912 0 1 0 -0.207912 0 0.978148 0 0.32971 0</i>
                        <i>0.987688 0 0.156434 0 1 0 -0.156434 0 0.987688 0 0.32971 0</i>
                        <i>0.994522 0 0.104528 0 1 0 -0.104528 0 0.994522 0 0.32971 0</i>
                        <i>0.99863 0 0.0523359 0 1 0 -0.0523359 0 0.99863 0 0.32971 0</i>
                        <i>1 0 2.44929e-016 0 1 0 -2.44929e-016 0 1 0 0.32971 0</i>
                    </KeyFrames>
                </p>
            </i>
            <i>
                <p>
                    <Name>
                        <![CDATA[gear_2]]>
</Name>
                    <Exclude>0</Exclude>
                    <Additive>0</Additive>
                    <IKPriority>0</IKPriority>
                    <IKRotLimits>-1e+010 -1e+010 -1e+010 1e+010 1e+010 1e+010</IKRotLimits>
                    <IKRotLimitOrder>0</IKRotLimitOrder>
                    <KeyFrames count="121">
                        <i>1 0 0 0 1 0 0 0 1 0 0.388536 0</i>
                        <i>0.994522 0 0.104528 0 1 0 -0.104528 0 0.994522 0 0.388536 0</i>
                        <i>0.978148 0 0.207912 0 1 0 -0.207912 0 0.978148 0 0.388536 0</i>
                        <i>0.951057 0 0.309017 0 1 0 -0.309017 0 0.951057 0 0.388536 0</i>
                        <i>0.913545 0 0.406737 0 1 0 -0.406737 0 0.913545 0 0.388536 0</i>
                        <i>0.866025 0 0.5 0 1 0 -0.5 0 0.866025 0 0.388536 0</i>
                        <i>0.809017 0 0.587785 0 1 0 -0.587785 0 0.809017 0 0.388536 0</i>
                        <i>0.743145 0 0.669131 0 1 0 -0.669131 0 0.743145 0 0.388536 0</i>
                        <i>0.669131 0 0.743145 0 1 0 -0.743145 0 0.669131 0 0.388536 0</i>
                        <i>0.587785 0 0.809017 0 1 0 -0.809017 0 0.587785 0 0.388536 0</i>
                        <i>0.5 0 0.866025 0 1 0 -0.866025 0 0.5 0 0.388536 0</i>
                        <i>0.406737 0 0.913545 0 1 0 -0.913545 0 0.406737 0 0.388536 0</i>
                        <i>0.309017 0 0.951057 0 1 0 -0.951057 0 0.309017 0 0.388536 0</i>
                        <i>0.207912 0 0.978148 0 1 0 -0.978148 0 0.207912 0 0.388536 0</i>
                        <i>0.104528 0 0.994522 0 1 0 -0.994522 0 0.104528 0 0.388536 0</i>
                        <i>-6.69899e-008 0 1 0 1 0 -1 -0 -6.69899e-008 0 0.388536 0</i>
                        <i>-0.104528 0 0.994522 0 1 0 -0.994522 -0 -0.104528 0 0.388536 0</i>
                        <i>-0.207912 0 0.978148 0 1 0 -0.978148 -0 -0.207912 0 0.388536 0</i>
                        <i>-0.309017 0 0.951057 0 1 0 -0.951057 -0 -0.309017 0 0.388536 0</i>
                        <i>-0.406737 0 0.913545 0 1 0 -0.913545 -0 -0.406737 0 0.388536 0</i>
                        <i>-0.5 0 0.866025 0 1 0 -0.866025 -0 -0.5 0 0.388536 0</i>
                        <i>-0.587785 0 0.809017 0 1 0 -0.809017 -0 -0.587785 0 0.388536 0</i>
                        <i>-0.669131 0 0.743145 0 1 0 -0.743145 -0 -0.669131 0 0.388536 0</i>
                        <i>-0.743145 0 0.669131 0 1 0 -0.669131 -0 -0.743145 0 0.388536 0</i>
                        <i>-0.809017 0 0.587785 0 1 0 -0.587785 -0 -0.809017 0 0.388536 0</i>
                        <i>-0.866025 0 0.5 0 1 0 -0.5 -0 -0.866025 0 0.388536 0</i>
                        <i>-0.913545 0 0.406737 0 1 0 -0.406737 -0 -0.913545 0 0.388536 0</i>
                        <i>-0.951057 0 0.309017 0 1 0 -0.309017 -0 -0.951057 0 0.388536 0</i>
                        <i>-0.978148 0 0.207912 0 1 0 -0.207912 -0 -0.978148 0 0.388536 0</i>
                        <i>-0.994522 0 0.104528 0 1 0 -0.104528 -0 -0.994522 0 0.388536 0</i>
                        <i>-1 0 1.11112e-007 0 1 0 -1.11112e-007 -0 -1 0 0.388536 0</i>
                        <i>-0.994522 -0 -0.104529 0 1 0 0.104529 0 -0.994522 0 0.388536 0</i>
                        <i>-0.978148 -0 -0.207912 0 1 0 0.207912 0 -0.978148 0 0.388536 0</i>
                        <i>-0.951057 -0 -0.309017 0 1 0 0.309017 0 -0.951057 0 0.388536 0</i>
