<?xml version="1.0" encoding="ISO-8859-1" ?>
<Animl Version="1">
    <ModellingPackage><![CDATA[Maya.2010]]></ModellingPackage>
    <SrcFile><![CDATA[anims\vehicles\red\~src\land\tank_lasertank\tank_lasertank_left_tread.mb]]></SrcFile>
    <FramesPerSecond>30</FramesPerSecond>
    <TotalFrames>61</TotalFrames>
    <Skeleton>
        <RefFrame>
            <Name><![CDATA[lasertank_ref_frame]]></Name>
            <Exclude>1</Exclude>
            <Additive>0</Additive>
            <IKPriority>0</IKPriority>
            <IKRotLimits>-1e+010 -1e+010 -1e+010 1e+010 1e+010 1e+010</IKRotLimits>
            <IKRotLimitOrder>0</IKRotLimitOrder>
            <KeyFrames count="61">
                <i>1 0 0 0 1 0 0 0 1 0 0 0</i>
                <i>1 0 0 0 1 0 0 0 1 0 0 0</i>
                <i>1 0 0 0 1 0 0 0 1 0 0 0</i>
                <i>1 0 0 0 1 0 0 0 1 0 0 0</i>
                <i>1 0 0 0 1 0 0 0 1 0 0 0</i>
                <i>1 0 0 0 1 0 0 0 1 0 0 0</i>
                <i>1 0 0 0 1 0 0 0 1 0 0 0</i>
                <i>1 0 0 0 1 0 0 0 1 0 0 0</i>
                <i>1 0 0 0 1 0 0 0 1 0 0 0</i>
                <i>1 0 0 0 1 0 0 0 1 0 0 0</i>
                <i>1 0 0 0 1 0 0 0 1 0 0 0</i>
                <i>1 0 0 0 1 0 0 0 1 0 0 0</i>
                <i>1 0 0 0 1 0 0 0 1 0 0 0</i>
                <i>1 0 0 0 1 0 0 0 1 0 0 0</i>
                <i>1 0 0 0 1 0 0 0 1 0 0 0</i>
                <i>1 0 0 0 1 0 0 0 1 0 0 0</i>
                <i>1 0 0 0 1 0 0 0 1 0 0 0</i>
                <i>1 0 0 0 1 0 0 0 1 0 0 0</i>
                <i>1 0 0 0 1 0 0 0 1 0 0 0</i>
                <i>1 0 0 0 1 0 0 0 1 0 0 0</i>
                <i>1 0 0 0 1 0 0 0 1 0 0 0</i>
                <i>1 0 0 0 1 0 0 0 1 0 0 0</i>
                <i>1 0 0 0 1 0 0 0 1 0 0 0</i>
                <i>1 0 0 0 1 0 0 0 1 0 0 0</i>
                <i>1 0 0 0 1 0 0 0 1 0 0 0</i>
                <i>1 0 0 0 1 0 0 0 1 0 0 0</i>
                <i>1 0 0 0 1 0 0 0 1 0 0 0</i>
                <i>1 0 0 0 1 0 0 0 1 0 0 0</i>
                <i>1 0 0 0 1 0 0 0 1 0 0 0</i>
                <i>1 0 0 0 1 0 0 0 1 0 0 0</i>
                <i>1 0 0 0 1 0 0 0 1 0 0 0</i>
                <i>1 0 0 0 1 0 0 0 1 0 0 0</i>
                <i>1 0 0 0 1 0 0 0 1 0 0 0</i>
                <i>1 0 0 0 1 0 0 0 1 0 0 0</i>
                <i>1 0 0 0 1 0 0 0 1 0 0 0</i>
                <i>1 0 0 0 1 0 0 0 1 0 0 0</i>
                <i>1 0 0 0 1 0 0 0 1 0 0 0</i>
                <i>1 0 0 0 1 0 0 0 1 0 0 0</i>
                <i>1 0 0 0 1 0 0 0 1 0 0 0</i>
                <i>1 0 0 0 1 0 0 0 1 0 0 0</i>
                <i>1 0 0 0 1 0 0 0 1 0 0 0</i>
                <i>1 0 0 0 1 0 0 0 1 0 0 0</i>
                <i>1 0 0 0 1 0 0 0 1 0 0 0</i>
                <i>1 0 0 0 1 0 0 0 1 0 0 0</i>
                <i>1 0 0 0 1 0 0 0 1 0 0 0</i>
                <i>1 0 0 0 1 0 0 0 1 0 0 0</i>
                <i>1 0 0 0 1 0 0 0 1 0 0 0</i>
                <i>1 0 0 0 1 0 0 0 1 0 0 0</i>
                <i>1 0 0 0 1 0 0 0 1 0 0 0</i>
                <i>1 0 0 0 1 0 0 0 1 0 0 0</i>
                <i>1 0 0 0 1 0 0 0 1 0 0 0</i>
                <i>1 0 0 0 1 0 0 0 1 0 0 0</i>
                <i>1 0 0 0 1 0 0 0 1 0 0 0</i>
                <i>1 0 0 0 1 0 0 0 1 0 0 0</i>
                <i>1 0 0 0 1 0 0 0 1 0 0 0</i>
                <i>1 0 0 0 1 0 0 0 1 0 0 0</i>
                <i>1 0 0 0 1 0 0 0 1 0 0 0</i>
                <i>1 0 0 0 1 0 0 0 1 0 0 0</i>
                <i>1 0 0 0 1 0 0 0 1 0 0 0</i>
                <i>1 0 0 0 1 0 0 0 1 0 0 0</i>
                <i>1 0 0 0 1 0 0 0 1 0 0 0</i>
            </KeyFrames>
        </RefFrame>
        <Bones count="22">
            <i>
                <p>
                    <Name><![CDATA[lasertank_root]]></Name>
                    <Exclude>1</Exclude>
                    <Additive>0</Additive>
                    <IKPriority>0</IKPriority>
                    <IKRotLimits>-1e+010 -1e+010 -1e+010 1e+010 1e+010 1e+010</IKRotLimits>
                    <IKRotLimitOrder>0</IKRotLimitOrder>
                    <KeyFrames count="61">
                        <i>1 0 0 0 1 0 0 0 1 0 0 0</i>
                        <i>1 0 0 0 1 0 0 0 1 0 0 0</i>
                        <i>1 0 0 0 1 0 0 0 1 0 0 0</i>
                        <i>1 0 0 0 1 0 0 0 1 0 0 0</i>
                        <i>1 0 0 0 1 0 0 0 1 0 0 0</i>
                        <i>1 0 0 0 1 0 0 0 1 0 0 0</i>
                        <i>1 0 0 0 1 0 0 0 1 0 0 0</i>
                        <i>1 0 0 0 1 0 0 0 1 0 0 0</i>
                        <i>1 0 0 0 1 0 0 0 1 0 0 0</i>
                        <i>1 0 0 0 1 0 0 0 1 0 0 0</i>
                        <i>1 0 0 0 1 0 0 0 1 0 0 0</i>
                        <i>1 0 0 0 1 0 0 0 1 0 0 0</i>
                        <i>1 0 0 0 1 0 0 0 1 0 0 0</i>
                        <i>1 0 0 0 1 0 0 0 1 0 0 0</i>
                        <i>1 0 0 0 1 0 0 0 1 0 0 0</i>
                        <i>1 0 0 0 1 0 0 0 1 0 0 0</i>
                        <i>1 0 0 0 1 0 0 0 1 0 0 0</i>
                        <i>1 0 0 0 1 0 0 0 1 0 0 0</i>
                        <i>1 0 0 0 1 0 0 0 1 0 0 0</i>
                        <i>1 0 0 0 1 0 0 0 1 0 0 0</i>
                        <i>1 0 0 0 1 0 0 0 1 0 0 0</i>
                        <i>1 0 0 0 1 0 0 0 1 0 0 0</i>
                        <i>1 0 0 0 1 0 0 0 1 0 0 0</i>
                        <i>1 0 0 0 1 0 0 0 1 0 0 0</i>
                        <i>1 0 0 0 1 0 0 0 1 0 0 0</i>
                        <i>1 0 0 0 1 0 0 0 1 0 0 0</i>
                        <i>1 0 0 0 1 0 0 0 1 0 0 0</i>
                        <i>1 0 0 0 1 0 0 0 1 0 0 0</i>
                        <i>1 0 0 0 1 0 0 0 1 0 0 0</i>
                        <i>1 0 0 0 1 0 0 0 1 0 0 0</i>
                        <i>1 0 0 0 1 0 0 0 1 0 0 0</i>
                        <i>1 0 0 0 1 0 0 0 1 0 0 0</i>
                        <i>1 0 0 0 1 0 0 0 1 0 0 0</i>
                        <i>1 0 0 0 1 0 0 0 1 0 0 0</i>
                        <i>1 0 0 0 1 0 0 0 1 0 0 0</i>
                        <i>1 0 0 0 1 0 0 0 1 0 0 0</i>
                        <i>1 0 0 0 1 0 0 0 1 0 0 0</i>
                        <i>1 0 0 0 1 0 0 0 1 0 0 0</i>
                        <i>1 0 0 0 1 0 0 0 1 0 0 0</i>
                        <i>1 0 0 0 1 0 0 0 1 0 0 0</i>
                        <i>1 0 0 0 1 0 0 0 1 0 0 0</i>
                        <i>1 0 0 0 1 0 0 0 1 0 0 0</i>
                        <i>1 0 0 0 1 0 0 0 1 0 0 0</i>
                        <i>1 0 0 0 1 0 0 0 1 0 0 0</i>
                        <i>1 0 0 0 1 0 0 0 1 0 0 0</i>
                        <i>1 0 0 0 1 0 0 0 1 0 0 0</i>
                        <i>1 0 0 0 1 0 0 0 1 0 0 0</i>
                        <i>1 0 0 0 1 0 0 0 1 0 0 0</i>
                        <i>1 0 0 0 1 0 0 0 1 0 0 0</i>
                        <i>1 0 0 0 1 0 0 0 1 0 0 0</i>
                        <i>1 0 0 0 1 0 0 0 1 0 0 0</i>
                        <i>1 0 0 0 1 0 0 0 1 0 0 0</i>
                        <i>1 0 0 0 1 0 0 0 1 0 0 0</i>
                        <i>1 0 0 0 1 0 0 0 1 0 0 0</i>
                        <i>1 0 0 0 1 0 0 0 1 0 0 0</i>
                        <i>1 0 0 0 1 0 0 0 1 0 0 0</i>
                        <i>1 0 0 0 1 0 0 0 1 0 0 0</i>
                        <i>1 0 0 0 1 0 0 0 1 0 0 0</i>
                        <i>1 0 0 0 1 0 0 0 1 0 0 0</i>
                        <i>1 0 0 0 1 0 0 0 1 0 0 0</i>
                        <i>1 0 0 0 1 0 0 0 1 0 0 0</i>
                    </KeyFrames>
                </p>
            </i>
            <i>
                <p>
                    <Name><![CDATA[l_tread]]></Name>
                    <Exclude>0</Exclude>
                    <Additive>0</Additive>
                    <IKPriority>1</IKPriority>
                    <IKRotLimits>-1e+010 -1e+010 -1e+010 1e+010 1e+010 1e+010</IKRotLimits>
                    <IKRotLimitOrder>0</IKRotLimitOrder>
                    <KeyFrames count="61">
                        <i>1 0 0 0 1 0 0 0 1 3.62184 0.75258 -5.26842</i>
                        <i>1 0 0 0 1 0 0 0 1 3.62184 0.75258 -5.26842</i>
                        <i>1 0 0 0 1 0 0 0 1 3.62184 0.75258 -5.26842</i>
                        <i>1 0 0 0 1 0 0 0 1 3.62184 0.75258 -5.26842</i>
                        <i>1 0 0 0 1 0 0 0 1 3.62184 0.75258 -5.26842</i>
                        <i>1 0 0 0 1 0 0 0 1 3.62184 0.75258 -5.26842</i>
                        <i>1 0 0 0 1 0 0 0 1 3.62184 0.75258 -5.26842</i>
                        <i>1 0 0 0 1 0 0 0 1 3.62184 0.75258 -5.26842</i>
                        <i>1 0 0 0 1 0 0 0 1 3.62184 0.75258 -5.26842</i>
                        <i>1 0 0 0 1 0 0 0 1 3.62184 0.75258 -5.26842</i>
                        <i>1 0 0 0 1 0 0 0 1 3.62184 0.75258 -5.26842</i>
                        <i>1 0 0 0 1 0 0 0 1 3.62184 0.75258 -5.26842</i>
                        <i>1 0 0 0 1 0 0 0 1 3.62184 0.75258 -5.26842</i>
                        <i>1 0 0 0 1 0 0 0 1 3.62184 0.75258 -5.26842</i>
                        <i>1 0 0 0 1 0 0 0 1 3.62184 0.75258 -5.26842</i>
                        <i>1 0 0 0 1 0 0 0 1 3.62184 0.75258 -5.26842</i>
                        <i>1 0 0 0 1 0 0 0 1 3.62184 0.75258 -5.26842</i>
                        <i>1 0 0 0 1 0 0 0 1 3.62184 0.75258 -5.26842</i>
                        <i>1 0 0 0 1 0 0 0 1 3.62184 0.75258 -5.26842</i>
                        <i>1 0 0 0 1 0 0 0 1 3.62184 0.75258 -5.26842</i>
                        <i>1 0 0 0 1 0 0 0 1 3.62184 0.75258 -5.26842</i>
                        <i>1 0 0 0 1 0 0 0 1 3.62184 0.75258 -5.26842</i>
                        <i>1 0 0 0 1 0 0 0 1 3.62184 0.75258 -5.26842</i>
                        <i>1 0 0 0 1 0 0 0 1 3.62184 0.75258 -5.26842</i>
                        <i>1 0 0 0 1 0 0 0 1 3.62184 0.75258 -5.26842</i>
                        <i>1 0 0 0 1 0 0 0 1 3.62184 0.75258 -5.26842</i>
                        <i>1 0 0 0 1 0 0 0 1 3.62184 0.75258 -5.26842</i>
                        <i>1 0 0 0 1 0 0 0 1 3.62184 0.75258 -5.26842</i>
                        <i>1 0 0 0 1 0 0 0 1 3.62184 0.75258 -5.26842</i>
                        <i>1 0 0 0 1 0 0 0 1 3.62184 0.75258 -5.26842</i>
                        <i>1 0 0 0 1 0 0 0 1 3.62184 0.75258 -5.26842</i>
                        <i>1 0 0 0 1 0 0 0 1 3.62184 0.75258 -5.26842</i>
                        <i>1 0 0 0 1 0 0 0 1 3.62184 0.75258 -5.26842</i>
                        <i>1 0 0 0 1 0 0 0 1 3.62184 0.75258 -5.26842</i>
                        <i>1 0 0 0 1 0 0 0 1 3.62184 0.75258 -5.26842</i>
                        <i>1 0 0 0 1 0 0 0 1 3.62184 0.75258 -5.26842</i>
                        <i>1 0 0 0 1 0 0 0 1 3.62184 0.75258 -5.26842</i>
                        <i>1 0 0 0 1 0 0 0 1 3.62184 0.75258 -5.26842</i>
                        <i>1 0 0 0 1 0 0 0 1 3.62184 0.75258 -5.26842</i>
                        <i>1 0 0 0 1 0 0 0 1 3.62184 0.75258 -5.26842</i>
                        <i>1 0 0 0 1 0 0 0 1 3.62184 0.75258 -5.26842</i>
                        <i>1 0 0 0 1 0 0 0 1 3.62184 0.75258 -5.26842</i>
                        <i>1 0 0 0 1 0 0 0 1 3.62184 0.75258 -5.26842</i>
                        <i>1 0 0 0 1 0 0 0 1 3.62184 0.75258 -5.26842</i>
                        <i>1 0 0 0 1 0 0 0 1 3.62184 0.75258 -5.26842</i>
                        <i>1 0 0 0 1 0 0 0 1 3.62184 0.75258 -5.26842</i>
                        <i>1 0 0 0 1 0 0 0 1 3.62184 0.75258 -5.26842</i>
                        <i>1 0 0 0 1 0 0 0 1 3.62184 0.75258 -5.26842</i>
                        <i>1 0 0 0 1 0 0 0 1 3.62184 0.75258 -5.26842</i>
                        <i>1 0 0 0 1 0 0 0 1 3.62184 0.75258 -5.26842</i>
                        <i>1 0 0 0 1 0 0 0 1 3.62184 0.75258 -5.26842</i>
                        <i>1 0 0 0 1 0 0 0 1 3.62184 0.75258 -5.26842</i>
                        <i>1 0 0 0 1 0 0 0 1 3.62184 0.75258 -5.26842</i>
                        <i>1 0 0 0 1 0 0 0 1 3.62184 0.75258 -5.26842</i>
                        <i>1 0 0 0 1 0 0 0 1 3.62184 0.75258 -5.26842</i>
                        <i>1 0 0 0 1 0 0 0 1 3.62184 0.75258 -5.26842</i>
                        <i>1 0 0 0 1 0 0 0 1 3.62184 0.75258 -5.26842</i>
                        <i>1 0 0 0 1 0 0 0 1 3.62184 0.75258 -5.26842</i>
                        <i>1 0 0 0 1 0 0 0 1 3.62184 0.75258 -5.26842</i>
                        <i>1 0 0 0 1 0 0 0 1 3.62184 0.75258 -5.26842</i>
                        <i>1 0 0 0 1 0 0 0 1 3.62184 0.75258 -5.26842</i>
                    </KeyFrames>
                </p>
            </i>
            <i>
                <p>
                    <Name><![CDATA[lwheel_1]]></Name>
                    <Exclude>0</Exclude>
                    <Additive>0</Additive>
                    <IKPriority>0</IKPriority>
                    <IKRotLimits>-1e+010 -1e+010 -1e+010 1e+010 1e+010 1e+010</IKRotLimits>
                    <IKRotLimitOrder>0</IKRotLimitOrder>
                    <KeyFrames count="61">
                        <i>1 0 0 0 1 0 0 0 1 3.94247 0.737438 6.20647</i>
                        <i>1 0 0 0 0.978148 0.207912 0 -0.207912 0.978148 3.94247 0.737676 6.20647</i>
                        <i>1 0 0 0 0.913545 0.406737 0 -0.406737 0.913545 3.94247 0.745505 6.20647</i>
                        <i>1 0 0 0 0.809017 0.587785 0 -0.587785 0.809017 3.94247 0.756065 6.20647</i>
                        <i>1 0 0 0 0.669131 0.743145 0 -0.743145 0.669131 3.94247 0.752095 6.20647</i>
                        <i>1 0 0 0 0.5 0.866025 0 -0.866025 0.5 3.94247 0.740212 6.20647</i>
                        <i>1 0 0 0 0.309017 0.951057 0 -0.951057 0.309017 3.94247 0.736765 6.20647</i>
                        <i>1 0 0 0 0.104528 0.994522 0 -0.994522 0.104528 3.94247 0.758861 6.20647</i>
                        <i>1 0 0 0 -0.104529 0.994522 0 -0.994522 -0.104529 3.94247 0.76743 6.20647</i>
                        <i>1 0 0 0 -0.309017 0.951056 0 -0.951056 -0.309017 3.94247 0.741043 6.20647</i>
                        <i>1 0 0 0 -0.5 0.866025 0 -0.866025 -0.5 3.94247 0.745942 6.20647</i>
                        <i>1 0 0 0 -0.669131 0.743145 0 -0.743145 -0.669131 3.94247 0.736705 6.20647</i>
                        <i>1 0 0 0 -0.809017 0.587785 0 -0.587785 -0.809017 3.94247 0.727123 6.20647</i>
                        <i>1 0 0 0 -0.913545 0.406737 0 -0.406737 -0.913545 3.94247 0.731909 6.20647</i>
                        <i>1 0 0 0 -0.978148 0.207912 0 -0.207912 -0.978148 3.94247 0.749044 6.20647</i>
                        <i>1 0 0 0 -1 -1.78502e-007 0 1.78502e-007 -1 3.94247 0.752257 6.20647</i>
                        <i>1 0 0 0 -0.978148 -0.207912 0 0.207912 -0.978148 3.94247 0.751392 6.20647</i>
                        <i>1 0 0 0 -0.913545 -0.406737 0 0.406737 -0.913545 3.94247 0.744696 6.20647</i>
                        <i>1 0 0 0 -0.809017 -0.587785 0 0.587785 -0.809017 3.94247 0.732616 6.20647</i>
                        <i>1 0 0 0 -0.669131 -0.743145 0 0.743145 -0.669131 3.94247 0.739947 6.20647</i>
                        <i>1 0 0 0 -0.5 -0.866025 0 0.866025 -0.5 3.94247 0.755854 6.20647</i>
                        <i>1 0 0 0 -0.309017 -0.951057 0 0.951057 -0.309017 3.94247 0.751955 6.20647</i>
                        <i>1 0 0 0 -0.104529 -0.994522 0 0.994522 -0.104529 3.94247 0.751599 6.20647</i>
                        <i>1 0 0 0 0.104529 -0.994522 0 0.994522 0.104529 3.94247 0.742961 6.20647</i>
                        <i>1 0 0 0 0.309017 -0.951057 0 0.951057 0.309017 3.94247 0.731742 6.20647</i>
                        <i>1 0 0 0 0.5 -0.866025 0 0.866025 0.5 3.94247 0.740263 6.20647</i>
                        <i>1 0 0 0 0.669131 -0.743145 0 0.743145 0.669131 3.94247 0.752965 6.20647</i>
                        <i>1 0 0 0 0.809017 -0.587785 0 0.587785 0.809017 3.94247 0.752692 6.20647</i>
                        <i>1 0 0 0 0.913545 -0.406737 0 0.406737 0.913545 3.94247 0.757986 6.20647</i>
                        <i>1 0 0 0 0.978148 -0.207912 0 0.207912 0.978148 3.94247 0.774335 6.20647</i>
                        <i>1 0 0 0 1 -1.0533e-007 0 1.0533e-007 1 3.94247 0.769889 6.20647</i>
                        <i>1 0 0 0 0.978148 0.207912 0 -0.207912 0.978148 3.94247 0.756312 6.20647</i>
                        <i>1 0 0 0 0.913545 0.406737 0 -0.406737 0.913545 3.94247 0.746347 6.20647</i>
                        <i>1 0 0 0 0.809017 0.587785 0 -0.587785 0.809017 3.94247 0.7541 6.20647</i>
                        <i>1 0 0 0 0.669131 0.743145 0 -0.743145 0.669131 3.94247 0.752379 6.20647</i>
                        <i>1 0 0 0 0.5 0.866026 0 -0.866026 0.5 3.94247 0.738136 6.20647</i>
                        <i>1 0 0 0 0.309017 0.951057 0 -0.951057 0.309017 3.94247 0.726454 6.20647</i>
                        <i>1 0 0 0 0.104528 0.994522 0 -0.994522 0.104528 3.94247 0.731969 6.20647</i>
                        <i>1 0 0 0 -0.104528 0.994522 -0 -0.994522 -0.104528 3.94247 0.746093 6.20647</i>
                        <i>1 0 0 0 -0.309017 0.951056 -0 -0.951056 -0.309017 3.94247 0.768483 6.20647</i>
                        <i>1 0 0 0 -0.5 0.866025 -0 -0.866025 -0.5 3.94247 0.769311 6.20647</i>
                        <i>1 0 0 0 -0.669131 0.743145 -0 -0.743145 -0.669131 3.94247 0.773263 6.20647</i>
                        <i>1 0 0 0 -0.809017 0.587785 -0 -0.587785 -0.809017 3.94247 0.763095 6.20647</i>
                        <i>1 0 0 0 -0.913546 0.406736 -0 -0.406736 -0.913546 3.94247 0.737259 6.20647</i>
                        <i>1 0 0 0 -0.978148 0.207912 -0 -0.207912 -0.978148 3.94247 0.732751 6.20647</i>
                        <i>1 0 0 0 -1 1.46556e-008 -0 -1.46556e-008 -1 3.94247 0.748474 6.20647</i>
                        <i>1 0 0 -0 -0.978148 -0.207912 0 0.207912 -0.978148 3.94247 0.753904 6.20647</i>
                        <i>1 0 0 -0 -0.913545 -0.406737 0 0.406737 -0.913545 3.94247 0.746373 6.20647</i>
                        <i>1 0 0 -0 -0.809017 -0.587785 0 0.587785 -0.809017 3.94247 0.738132 6.20647</i>
                        <i>1 0 0 -0 -0.669131 -0.743145 0 0.743145 -0.669131 3.94247 0.723516 6.20647</i>
                        <i>1 0 0 -0 -0.5 -0.866026 0 0.866026 -0.5 3.94247 0.741426 6.20647</i>
                        <i>1 0 0 -0 -0.309017 -0.951057 0 0.951057 -0.309017 3.94247 0.765675 6.20647</i>
                        <i>1 0 0 -0 -0.104528 -0.994522 0 0.994522 -0.104528 3.94247 0.752014 6.20647</i>
                        <i>1 0 0 0 0.104528 -0.994522 0 0.994522 0.104528 3.94247 0.741186 6.20647</i>
                        <i>1 0 0 0 0.309017 -0.951056 0 0.951056 0.309017 3.94247 0.732385 6.20647</i>
                        <i>1 0 0 0 0.5 -0.866025 0 0.866025 0.5 3.94247 0.72108 6.20647</i>
                        <i>1 0 0 0 0.669131 -0.743145 0 0.743145 0.669131 3.94247 0.738403 6.20647</i>
                        <i>1 0 0 0 0.809017 -0.587785 0 0.587785 0.809017 3.94247 0.761875 6.20647</i>
                        <i>1 0 0 0 0.913546 -0.406736 0 0.406736 0.913546 3.94247 0.762216 6.20647</i>
                        <i>1 0 0 0 0.978148 -0.207911 0 0.207911 0.978148 3.94247 0.763635 6.20647</i>
                        <i>1 0 0 0 1 0 0 0 1 3.94247 0.77396 6.20647</i>
                    </KeyFrames>
                </p>
            </i>
            <i>
                <p>
                    <Name><![CDATA[lwheel_2]]></Name>
                    <Exclude>0</Exclude>
                    <Additive>0</Additive>
                    <IKPriority>0</IKPriority>
                    <IKRotLimits>-1e+010 -1e+010 -1e+010 1e+010 1e+010 1e+010</IKRotLimits>
                    <IKRotLimitOrder>0</IKRotLimitOrder>
                    <KeyFrames count="61">
                        <i>1 0 0 0 1 0 0 0 1 3.62184 0.736959 4.93882</i>
                        <i>1 0 0 0 0.978148 0.207912 0 -0.207912 0.978148 3.62184 0.766319 4.93882</i>
                        <i>1 0 0 0 0.913545 0.406737 0 -0.406737 0.913545 3.62184 0.768681 4.93882</i>
                        <i>1 0 0 0 0.809017 0.587785 0 -0.587785 0.809017 3.62184 0.755076 4.93882</i>
                        <i>1 0 0 0 0.669131 0.743145 0 -0.743145 0.669131 3.62184 0.76429 4.93882</i>
                        <i>1 0 0 0 0.5 0.866025 0 -0.866025 0.5 3.62184 0.77486 4.93882</i>
                        <i>1 0 0 0 0.309017 0.951057 0 -0.951057 0.309017 3.62184 0.783122 4.93882</i>
                        <i>1 0 0 0 0.104528 0.994522 0 -0.994522 0.104528 3.62184 0.774446 4.93882</i>
                        <i>1 0 0 0 -0.104529 0.994522 0 -0.994522 -0.104529 3.62184 0.762504 4.93882</i>
                        <i>1 0 0 0 -0.309017 0.951056 0 -0.951056 -0.309017 3.62184 0.754517 4.93882</i>
                        <i>1 0 0 0 -0.5 0.866025 0 -0.866025 -0.5 3.62184 0.739632 4.93882</i>
                        <i>1 0 0 0 -0.669131 0.743145 0 -0.743145 -0.669131 3.62184 0.748276 4.93882</i>
                        <i>1 0 0 0 -0.809017 0.587785 0 -0.587785 -0.809017 3.62184 0.761341 4.93882</i>
                        <i>1 0 0 0 -0.913545 0.406737 0 -0.406737 -0.913545 3.62184 0.762624 4.93882</i>
                        <i>1 0 0 0 -0.978148 0.207912 0 -0.207912 -0.978148 3.62184 0.757641 4.93882</i>
                        <i>1 0 0 0 -1 -1.78502e-007 0 1.78502e-007 -1 3.62184 0.7607 4.93882</i>
                        <i>1 0 0 0 -0.978148 -0.207912 0 0.207912 -0.978148 3.62184 0.76327 4.93882</i>
                        <i>1 0 0 0 -0.913545 -0.406737 0 0.406737 -0.913545 3.62184 0.75857 4.93882</i>
                        <i>1 0 0 0 -0.809017 -0.587785 0 0.587785 -0.809017 3.62184 0.739966 4.93882</i>
                        <i>1 0 0 0 -0.669131 -0.743145 0 0.743145 -0.669131 3.62184 0.742506 4.93882</i>
                        <i>1 0 0 0 -0.5 -0.866025 0 0.866025 -0.5 3.62184 0.753619 4.93882</i>
                        <i>1 0 0 0 -0.309017 -0.951057 0 0.951057 -0.309017 3.62184 0.764738 4.93882</i>
                        <i>1 0 0 0 -0.104529 -0.994522 0 0.994522 -0.104529 3.62184 0.753905 4.93882</i>
                        <i>1 0 0 0 0.104529 -0.994522 0 0.994522 0.104529 3.62184 0.757991 4.93882</i>
                        <i>1 0 0 0 0.309017 -0.951057 0 0.951057 0.309017 3.62184 0.749867 4.93882</i>
                        <i>1 0 0 0 0.5 -0.866025 0 0.866025 0.5 3.62184 0.747856 4.93882</i>
                        <i>1 0 0 0 0.669131 -0.743145 0 0.743145 0.669131 3.62184 0.756178 4.93882</i>
                        <i>1 0 0 0 0.809017 -0.587785 0 0.587785 0.809017 3.62184 0.767718 4.93882</i>
                        <i>1 0 0 0 0.913545 -0.406737 0 0.406737 0.913545 3.62184 0.752669 4.93882</i>
                        <i>1 0 0 0 0.978148 -0.207912 0 0.207912 0.978148 3.62184 0.753019 4.93882</i>
                        <i>1 0 0 0 1 -1.0533e-007 0 1.0533e-007 1 3.62184 0.732633 4.93882</i>
                        <i>1 0 0 0 0.978148 0.207912 0 -0.207912 0.978148 3.62184 0.710519 4.93882</i>
                        <i>1 0 0 0 0.913545 0.406737 0 -0.406737 0.913545 3.62184 0.747316 4.93882</i>
                        <i>1 0 0 0 0.809017 0.587785 0 -0.587785 0.809017 3.62184 0.775735 4.93882</i>
                        <i>1 0 0 0 0.669131 0.743145 0 -0.743145 0.669131 3.62184 0.759655 4.93882</i>
                        <i>1 0 0 0 0.5 0.866026 0 -0.866026 0.5 3.62184 0.757543 4.93882</i>
                        <i>1 0 0 0 0.309017 0.951057 0 -0.951057 0.309017 3.62184 0.754283 4.93882</i>
                        <i>1 0 0 0 0.104528 0.994522 0 -0.994522 0.104528 3.62184 0.749554 4.93882</i>
                        <i>1 0 0 0 -0.104528 0.994522 -0 -0.994522 -0.104528 3.62184 0.742082 4.93882</i>
                        <i>1 0 0 0 -0.309017 0.951056 -0 -0.951056 -0.309017 3.62184 0.729532 4.93882</i>
                        <i>1 0 0 0 -0.5 0.866025 -0 -0.866025 -0.5 3.62184 0.752506 4.93882</i>
                        <i>1 0 0 0 -0.669131 0.743145 -0 -0.743145 -0.669131 3.62184 0.763357 4.93882</i>
                        <i>1 0 0 0 -0.809017 0.587785 -0 -0.587785 -0.809017 3.62184 0.762572 4.93882</i>
                        <i>1 0 0 0 -0.913546 0.406736 -0 -0.406736 -0.913546 3.62184 0.767275 4.93882</i>
                        <i>1 0 0 0 -0.978148 0.207912 -0 -0.207912 -0.978148 3.62184 0.759131 4.93882</i>
                        <i>1 0 0 0 -1 1.46556e-008 -0 -1.46556e-008 -1 3.62184 0.749732 4.93882</i>
                        <i>1 0 0 -0 -0.978148 -0.207912 0 0.207912 -0.978148 3.62184 0.753522 4.93882</i>
                        <i>1 0 0 -0 -0.913545 -0.406737 0 0.406737 -0.913545 3.62184 0.760124 4.93882</i>
                        <i>1 0 0 -0 -0.809017 -0.587785 0 0.587785 -0.809017 3.62184 0.764291 4.93882</i>
                        <i>1 0 0 -0 -0.669131 -0.743145 0 0.743145 -0.669131 3.62184 0.751076 4.93882</i>
                        <i>1 0 0 -0 -0.5 -0.866026 0 0.866026 -0.5 3.62184 0.742053 4.93882</i>
                        <i>1 0 0 -0 -0.309017 -0.951057 0 0.951057 -0.309017 3.62184 0.753588 4.93882</i>
                        <i>1 0 0 -0 -0.104528 -0.994522 0 0.994522 -0.104528 3.62184 0.77463 4.93882</i>
                        <i>1 0 0 0 0.104528 -0.994522 0 0.994522 0.104528 3.62184 0.759128 4.93882</i>
                        <i>1 0 0 0 0.309017 -0.951056 0 0.951056 0.309017 3.62184 0.744983 4.93882</i>
                        <i>1 0 0 0 0.5 -0.866025 0 0.866025 0.5 3.62184 0.73629 4.93882</i>
                        <i>1 0 0 0 0.669131 -0.743145 0 0.743145 0.669131 3.62184 0.759991 4.93882</i>
                        <i>1 0 0 0 0.809017 -0.587785 0 0.587785 0.809017 3.62184 0.772226 4.93882</i>
                        <i>1 0 0 0 0.913546 -0.406736 0 0.406736 0.913546 3.62184 0.759148 4.93882</i>
                        <i>1 0 0 0 0.978148 -0.207911 0 0.207911 0.978148 3.62184 0.735173 4.93882</i>
                        <i>1 0 0 0 1 0 0 0 1 3.62184 0.746893 4.93882</i>
                    </KeyFrames>
                </p>
            </i>
            <i>
                <p>
                    <Name><![CDATA[lwheel_3]]></Name>
                    <Exclude>0</Exclude>
                    <Additive>0</Additive>
                    <IKPriority>0</IKPriority>
                    <IKRotLimits>-1e+010 -1e+010 -1e+010 1e+010 1e+010 1e+010</IKRotLimits>
                    <IKRotLimitOrder>0</IKRotLimitOrder>
                    <KeyFrames count="61">
                        <i>1 0 0 0 1 0 0 0 1 3.62184 0.735854 2.79019</i>
                        <i>1 0 0 0 0.978148 0.207912 0 -0.207912 0.978148 3.62184 0.751509 2.79019</i>
                        <i>1 0 0 0 0.913545 0.406737 0 -0.406737 0.913545 3.62184 0.758405 2.79019</i>
                        <i>1 0 0 0 0.809017 0.587785 0 -0.587785 0.809017 3.62184 0.752398 2.79019</i>
                        <i>1 0 0 0 0.669131 0.743145 0 -0.743145 0.669131 3.62184 0.750715 2.79019</i>
                        <i>1 0 0 0 0.5 0.866025 0 -0.866025 0.5 3.62184 0.756171 2.79019</i>
                        <i>1 0 0 0 0.309017 0.951057 0 -0.951057 0.309017 3.62184 0.758846 2.79019</i>
                        <i>1 0 0 0 0.104528 0.994522 0 -0.994522 0.104528 3.62184 0.765832 2.79019</i>
                        <i>1 0 0 0 -0.104529 0.994522 0 -0.994522 -0.104529 3.62184 0.768519 2.79019</i>
                        <i>1 0 0 0 -0.309017 0.951056 0 -0.951056 -0.309017 3.62184 0.764842 2.79019</i>
                        <i>1 0 0 0 -0.5 0.866025 0 -0.866025 -0.5 3.62184 0.765152 2.79019</i>
                        <i>1 0 0 0 -0.669131 0.743145 0 -0.743145 -0.669131 3.62184 0.757569 2.79019</i>
                        <i>1 0 0 0 -0.809017 0.587785 0 -0.587785 -0.809017 3.62184 0.755647 2.79019</i>
                        <i>1 0 0 0 -0.913545 0.406737 0 -0.406737 -0.913545 3.62184 0.762112 2.79019</i>
                        <i>1 0 0 0 -0.978148 0.207912 0 -0.207912 -0.978148 3.62184 0.763444 2.79019</i>
                        <i>1 0 0 0 -1 -1.78502e-007 0 1.78502e-007 -1 3.62184 0.7549 2.79019</i>
                        <i>1 0 0 0 -0.978148 -0.207912 0 0.207912 -0.978148 3.62184 0.730743 2.79019</i>
                        <i>1 0 0 0 -0.913545 -0.406737 0 0.406737 -0.913545 3.62184 0.750706 2.79019</i>
                        <i>1 0 0 0 -0.809017 -0.587785 0 0.587785 -0.809017 3.62184 0.755839 2.79019</i>
                        <i>1 0 0 0 -0.669131 -0.743145 0 0.743145 -0.669131 3.62184 0.746463 2.79019</i>
                        <i>1 0 0 0 -0.5 -0.866025 0 0.866025 -0.5 3.62184 0.763129 2.79019</i>
                        <i>1 0 0 0 -0.309017 -0.951057 0 0.951057 -0.309017 3.62184 0.74776 2.79019</i>
                        <i>1 0 0 0 -0.104529 -0.994522 0 0.994522 -0.104529 3.62184 0.749107 2.79019</i>
                        <i>1 0 0 0 0.104529 -0.994522 0 0.994522 0.104529 3.62184 0.753202 2.79019</i>
                        <i>1 0 0 0 0.309017 -0.951057 0 0.951057 0.309017 3.62184 0.750477 2.79019</i>
                        <i>1 0 0 0 0.5 -0.866025 0 0.866025 0.5 3.62184 0.731935 2.79019</i>
                        <i>1 0 0 0 0.669131 -0.743145 0 0.743145 0.669131 3.62184 0.728178 2.79019</i>
                        <i>1 0 0 0 0.809017 -0.587785 0 0.587785 0.809017 3.62184 0.73883 2.79019</i>
                        <i>1 0 0 0 0.913545 -0.406737 0 0.406737 0.913545 3.62184 0.73463 2.79019</i>
                        <i>1 0 0 0 0.978148 -0.207912 0 0.207912 0.978148 3.62184 0.737518 2.79019</i>
                        <i>1 0 0 0 1 -1.0533e-007 0 1.0533e-007 1 3.62184 0.754011 2.79019</i>
                        <i>1 0 0 0 0.978148 0.207912 0 -0.207912 0.978148 3.62184 0.767444 2.79019</i>
                        <i>1 0 0 0 0.913545 0.406737 0 -0.406737 0.913545 3.62184 0.773002 2.79019</i>
                        <i>1 0 0 0 0.809017 0.587785 0 -0.587785 0.809017 3.62184 0.765715 2.79019</i>
                        <i>1 0 0 0 0.669131 0.743145 0 -0.743145 0.669131 3.62184 0.740097 2.79019</i>
                        <i>1 0 0 0 0.5 0.866026 0 -0.866026 0.5 3.62184 0.731796 2.79019</i>
                        <i>1 0 0 0 0.309017 0.951057 0 -0.951057 0.309017 3.62184 0.741506 2.79019</i>
                        <i>1 0 0 0 0.104528 0.994522 0 -0.994522 0.104528 3.62184 0.758337 2.79019</i>
                        <i>1 0 0 0 -0.104528 0.994522 -0 -0.994522 -0.104528 3.62184 0.77124 2.79019</i>
                        <i>1 0 0 0 -0.309017 0.951056 -0 -0.951056 -0.309017 3.62184 0.772313 2.79019</i>
                        <i>1 0 0 0 -0.5 0.866025 -0 -0.866025 -0.5 3.62184 0.749563 2.79019</i>
                        <i>1 0 0 0 -0.669131 0.743145 -0 -0.743145 -0.669131 3.62184 0.739136 2.79019</i>
                        <i>1 0 0 0 -0.809017 0.587785 -0 -0.587785 -0.809017 3.62184 0.733248 2.79019</i>
                        <i>1 0 0 0 -0.913546 0.406736 -0 -0.406736 -0.913546 3.62184 0.729489 2.79019</i>
                        <i>1 0 0 0 -0.978148 0.207912 -0 -0.207912 -0.978148 3.62184 0.732822 2.79019</i>
                        <i>1 0 0 0 -1 1.46556e-008 -0 -1.46556e-008 -1 3.62184 0.74311 2.79019</i>
                        <i>1 0 0 -0 -0.978148 -0.207912 0 0.207912 -0.978148 3.62184 0.766673 2.79019</i>
                        <i>1 0 0 -0 -0.913545 -0.406737 0 0.406737 -0.913545 3.62184 0.766845 2.79019</i>
                        <i>1 0 0 -0 -0.809017 -0.587785 0 0.587785 -0.809017 3.62184 0.786322 2.79019</i>
                        <i>1 0 0 -0 -0.669131 -0.743145 0 0.743145 -0.669131 3.62184 0.79218 2.79019</i>
                        <i>1 0 0 -0 -0.5 -0.866026 0 0.866026 -0.5 3.62184 0.758413 2.79019</i>
                        <i>1 0 0 -0 -0.309017 -0.951057 0 0.951057 -0.309017 3.62184 0.758065 2.79019</i>
                        <i>1 0 0 -0 -0.104528 -0.994522 0 0.994522 -0.104528 3.62184 0.754259 2.79019</i>
                        <i>1 0 0 0 0.104528 -0.994522 0 0.994522 0.104528 3.62184 0.752234 2.79019</i>
                        <i>1 0 0 0 0.309017 -0.951056 0 0.951056 0.309017 3.62184 0.751632 2.79019</i>
                        <i>1 0 0 0 0.5 -0.866025 0 0.866025 0.5 3.62184 0.757607 2.79019</i>
                        <i>1 0 0 0 0.669131 -0.743145 0 0.743145 0.669131 3.62184 0.742921 2.79019</i>
                        <i>1 0 0 0 0.809017 -0.587785 0 0.587785 0.809017 3.62184 0.737756 2.79019</i>
                        <i>1 0 0 0 0.913546 -0.406736 0 0.406736 0.913546 3.62184 0.755379 2.79019</i>
                        <i>1 0 0 0 0.978148 -0.207911 0 0.207911 0.978148 3.62184 0.756434 2.79019</i>
                        <i>1 0 0 0 1 0 0 0 1 3.62184 0.756149 2.79019</i>
                    </KeyFrames>
                </p>
            </i>
            <i>
                <p>
                    <Name><![CDATA[lwheel_4]]></Name>
                    <Exclude>0</Exclude>
                    <Additive>0</Additive>
                    <IKPriority>0</IKPriority>
                    <IKRotLimits>-1e+010 -1e+010 -1e+010 1e+010 1e+010 1e+010</IKRotLimits>
                    <IKRotLimitOrder>0</IKRotLimitOrder>
                    <KeyFrames count="61">
                        <i>1 0 0 0 1 0 0 0 1 3.62184 0.774387 0.812197</i>
                        <i>1 0 0 0 0.978148 0.207912 0 -0.207912 0.978148 3.62184 0.756244 0.812197</i>
                        <i>1 0 0 0 0.913545 0.406737 0 -0.406737 0.913545 3.62184 0.754517 0.812197</i>
                        <i>1 0 0 0 0.809017 0.587785 0 -0.587785 0.809017 3.62184 0.749144 0.812197</i>
                        <i>1 0 0 0 0.669131 0.743145 0 -0.743145 0.669131 3.62184 0.75163 0.812197</i>
                        <i>1 0 0 0 0.5 0.866025 0 -0.866025 0.5 3.62184 0.764897 0.812197</i>
                        <i>1 0 0 0 0.309017 0.951057 0 -0.951057 0.309017 3.62184 0.778418 0.812197</i>
                        <i>1 0 0 0 0.104528 0.994522 0 -0.994522 0.104528 3.62184 0.774257 0.812197</i>
                        <i>1 0 0 0 -0.104529 0.994522 0 -0.994522 -0.104529 3.62184 0.760707 0.812197</i>
                        <i>1 0 0 0 -0.309017 0.951056 0 -0.951056 -0.309017 3.62184 0.762046 0.812197</i>
                        <i>1 0 0 0 -0.5 0.866025 0 -0.866025 -0.5 3.62184 0.752113 0.812197</i>
                        <i>1 0 0 0 -0.669131 0.743145 0 -0.743145 -0.669131 3.62184 0.748141 0.812197</i>
                        <i>1 0 0 0 -0.809017 0.587785 0 -0.587785 -0.809017 3.62184 0.764493 0.812197</i>
                        <i>1 0 0 0 -0.913545 0.406737 0 -0.406737 -0.913545 3.62184 0.765274 0.812197</i>
                        <i>1 0 0 0 -0.978148 0.207912 0 -0.207912 -0.978148 3.62184 0.756698 0.812197</i>
                        <i>1 0 0 0 -1 -1.78502e-007 0 1.78502e-007 -1 3.62184 0.752103 0.812197</i>
                        <i>1 0 0 0 -0.978148 -0.207912 0 0.207912 -0.978148 3.62184 0.752811 0.812197</i>
                        <i>1 0 0 0 -0.913545 -0.406737 0 0.406737 -0.913545 3.62184 0.772221 0.812197</i>
                        <i>1 0 0 0 -0.809017 -0.587785 0 0.587785 -0.809017 3.62184 0.747532 0.812197</i>
                        <i>1 0 0 0 -0.669131 -0.743145 0 0.743145 -0.669131 3.62184 0.731528 0.812197</i>
                        <i>1 0 0 0 -0.5 -0.866025 0 0.866025 -0.5 3.62184 0.725249 0.812197</i>
                        <i>1 0 0 0 -0.309017 -0.951057 0 0.951057 -0.309017 3.62184 0.731679 0.812197</i>
                        <i>1 0 0 0 -0.104529 -0.994522 0 0.994522 -0.104529 3.62184 0.738338 0.812197</i>
                        <i>1 0 0 0 0.104529 -0.994522 0 0.994522 0.104529 3.62184 0.740363 0.812197</i>
                        <i>1 0 0 0 0.309017 -0.951057 0 0.951057 0.309017 3.62184 0.743099 0.812197</i>
                        <i>1 0 0 0 0.5 -0.866025 0 0.866025 0.5 3.62184 0.748905 0.812197</i>
                        <i>1 0 0 0 0.669131 -0.743145 0 0.743145 0.669131 3.62184 0.758487 0.812197</i>
                        <i>1 0 0 0 0.809017 -0.587785 0 0.587785 0.809017 3.62184 0.75314 0.812197</i>
                        <i>1 0 0 0 0.913545 -0.406737 0 0.406737 0.913545 3.62184 0.744811 0.812197</i>
                        <i>1 0 0 0 0.978148 -0.207912 0 0.207912 0.978148 3.62184 0.7312 0.812197</i>
                        <i>1 0 0 0 1 -1.0533e-007 0 1.0533e-007 1 3.62184 0.736863 0.812197</i>
                        <i>1 0 0 0 0.978148 0.207912 0 -0.207912 0.978148 3.62184 0.749736 0.812197</i>
                        <i>1 0 0 0 0.913545 0.406737 0 -0.406737 0.913545 3.62184 0.749494 0.812197</i>
                        <i>1 0 0 0 0.809017 0.587785 0 -0.587785 0.809017 3.62184 0.762217 0.812197</i>
                        <i>1 0 0 0 0.669131 0.743145 0 -0.743145 0.669131 3.62184 0.765267 0.812197</i>
                        <i>1 0 0 0 0.5 0.866026 0 -0.866026 0.5 3.62184 0.748924 0.812197</i>
                        <i>1 0 0 0 0.309017 0.951057 0 -0.951057 0.309017 3.62184 0.743841 0.812197</i>
                        <i>1 0 0 0 0.104528 0.994522 0 -0.994522 0.104528 3.62184 0.750019 0.812197</i>
                        <i>1 0 0 0 -0.104528 0.994522 -0 -0.994522 -0.104528 3.62184 0.751361 0.812197</i>
                        <i>1 0 0 0 -0.309017 0.951056 -0 -0.951056 -0.309017 3.62184 0.745556 0.812197</i>
                        <i>1 0 0 0 -0.5 0.866025 -0 -0.866025 -0.5 3.62184 0.76216 0.812197</i>
                        <i>1 0 0 0 -0.669131 0.743145 -0 -0.743145 -0.669131 3.62184 0.766438 0.812197</i>
                        <i>1 0 0 0 -0.809017 0.587785 -0 -0.587785 -0.809017 3.62184 0.767306 0.812197</i>
                        <i>1 0 0 0 -0.913546 0.406736 -0 -0.406736 -0.913546 3.62184 0.772332 0.812197</i>
                        <i>1 0 0 0 -0.978148 0.207912 -0 -0.207912 -0.978148 3.62184 0.761603 0.812197</i>
                        <i>1 0 0 0 -1 1.46556e-008 -0 -1.46556e-008 -1 3.62184 0.739868 0.812197</i>
                        <i>1 0 0 -0 -0.978148 -0.207912 0 0.207912 -0.978148 3.62184 0.731495 0.812197</i>
                        <i>1 0 0 -0 -0.913545 -0.406737 0 0.406737 -0.913545 3.62184 0.740279 0.812197</i>
                        <i>1 0 0 -0 -0.809017 -0.587785 0 0.587785 -0.809017 3.62184 0.77544 0.812197</i>
                        <i>1 0 0 -0 -0.669131 -0.743145 0 0.743145 -0.669131 3.62184 0.766696 0.812197</i>
                        <i>1 0 0 -0 -0.5 -0.866026 0 0.866026 -0.5 3.62184 0.735708 0.812197</i>
                        <i>1 0 0 -0 -0.309017 -0.951057 0 0.951057 -0.309017 3.62184 0.723875 0.812197</i>
                        <i>1 0 0 -0 -0.104528 -0.994522 0 0.994522 -0.104528 3.62184 0.729865 0.812197</i>
                        <i>1 0 0 0 0.104528 -0.994522 0 0.994522 0.104528 3.62184 0.744974 0.812197</i>
                        <i>1 0 0 0 0.309017 -0.951056 0 0.951056 0.309017 3.62184 0.76104 0.812197</i>
                        <i>1 0 0 0 0.5 -0.866025 0 0.866025 0.5 3.62184 0.760946 0.812197</i>
                        <i>1 0 0 0 0.669131 -0.743145 0 0.743145 0.669131 3.62184 0.761071 0.812197</i>
                        <i>1 0 0 0 0.809017 -0.587785 0 0.587785 0.809017 3.62184 0.761551 0.812197</i>
                        <i>1 0 0 0 0.913546 -0.406736 0 0.406736 0.913546 3.62184 0.757426 0.812197</i>
                        <i>1 0 0 0 0.978148 -0.207911 0 0.207911 0.978148 3.62184 0.757811 0.812197</i>
                        <i>1 0 0 0 1 0 0 0 1 3.62184 0.755836 0.812197</i>
                    </KeyFrames>
                </p>
            </i>
            <i>
                <p>
                    <Name><![CDATA[lwheel_5]]></Name>
                    <Exclude>0</Exclude>
                    <Additive>0</Additive>
                    <IKPriority>0</IKPriority>
                    <IKRotLimits>-1e+010 -1e+010 -1e+010 1e+010 1e+010 1e+010</IKRotLimits>
                    <IKRotLimitOrder>0</IKRotLimitOrder>
                    <KeyFrames count="61">
                        <i>1 0 0 0 1 0 0 0 1 3.62184 0.747011 -1.24231</i>
                        <i>1 0 0 0 0.978148 0.207912 0 -0.207912 0.978148 3.62184 0.74645 -1.24231</i>
                        <i>1 0 0 0 0.913545 0.406737 0 -0.406737 0.913545 3.62184 0.729718 -1.24231</i>
