<?xml version="1.0" encoding="ISO-8859-1" ?>
<Animl Version="1">
    <ModellingPackage><![CDATA[Maya.2010]]></ModellingPackage>
    <SrcFile><![CDATA[anims\bosses\red\antonov_cannon\~src\antonov_cannon_fire.mb]]></SrcFile>
    <FramesPerSecond>30</FramesPerSecond>
    <TotalFrames>31</TotalFrames>
    <Skeleton>
        <RefFrame>
            <Name><![CDATA[antonov_cannon_ref_frame]]></Name>
            <Exclude>1</Exclude>
            <Additive>0</Additive>
            <IKPriority>0</IKPriority>
            <IKRotLimits>-1e+010 -1e+010 -1e+010 1e+010 1e+010 1e+010</IKRotLimits>
            <IKRotLimitOrder>0</IKRotLimitOrder>
            <KeyFrames count="31">
                <i>1 0 0 0 1 0 0 0 1 0 0 0</i>
                <i>1 0 0 0 1 0 0 0 1 0 0 0</i>
                <i>1 0 0 0 1 0 0 0 1 0 0 0</i>
                <i>1 0 0 0 1 0 0 0 1 0 0 0</i>
                <i>1 0 0 0 1 0 0 0 1 0 0 0</i>
                <i>1 0 0 0 1 0 0 0 1 0 0 0</i>
                <i>1 0 0 0 1 0 0 0 1 0 0 0</i>
                <i>1 0 0 0 1 0 0 0 1 0 0 0</i>
                <i>1 0 0 0 1 0 0 0 1 0 0 0</i>
                <i>1 0 0 0 1 0 0 0 1 0 0 0</i>
                <i>1 0 0 0 1 0 0 0 1 0 0 0</i>
                <i>1 0 0 0 1 0 0 0 1 0 0 0</i>
                <i>1 0 0 0 1 0 0 0 1 0 0 0</i>
                <i>1 0 0 0 1 0 0 0 1 0 0 0</i>
                <i>1 0 0 0 1 0 0 0 1 0 0 0</i>
                <i>1 0 0 0 1 0 0 0 1 0 0 0</i>
                <i>1 0 0 0 1 0 0 0 1 0 0 0</i>
                <i>1 0 0 0 1 0 0 0 1 0 0 0</i>
                <i>1 0 0 0 1 0 0 0 1 0 0 0</i>
                <i>1 0 0 0 1 0 0 0 1 0 0 0</i>
                <i>1 0 0 0 1 0 0 0 1 0 0 0</i>
                <i>1 0 0 0 1 0 0 0 1 0 0 0</i>
                <i>1 0 0 0 1 0 0 0 1 0 0 0</i>
                <i>1 0 0 0 1 0 0 0 1 0 0 0</i>
                <i>1 0 0 0 1 0 0 0 1 0 0 0</i>
                <i>1 0 0 0 1 0 0 0 1 0 0 0</i>
                <i>1 0 0 0 1 0 0 0 1 0 0 0</i>
                <i>1 0 0 0 1 0 0 0 1 0 0 0</i>
                <i>1 0 0 0 1 0 0 0 1 0 0 0</i>
                <i>1 0 0 0 1 0 0 0 1 0 0 0</i>
                <i>1 0 0 0 1 0 0 0 1 0 0 0</i>
            </KeyFrames>
        </RefFrame>
        <Bones count="3">
            <i>
                <p>
                    <Name><![CDATA[antonov_cannon_root]]></Name>
                    <Exclude>0</Exclude>
                    <Additive>0</Additive>
                    <IKPriority>0</IKPriority>
                    <IKRotLimits>-1e+010 -1e+010 -1e+010 1e+010 1e+010 1e+010</IKRotLimits>
                    <IKRotLimitOrder>0</IKRotLimitOrder>
                    <KeyFrames count="31">
                        <i>1 0 0 0 1 0 0 0 1 0 0 0</i>
                        <i>1 0 0 0 0.999959 -0.00901109 0 0.00901109 0.999959 0 0.0363838 -0.386222</i>
                        <i>1 0 0 0 0.999838 -0.0180215 0 0.0180215 0.999838 0 0.077786 -0.772444</i>
                        <i>1 0 0 0 0.999692 -0.0248243 0 0.0248243 0.999692 0 0.116679 -0.947999</i>
                        <i>1 0 0 0 0.999598 -0.028347 0 0.028347 0.999598 0 0.145535 -0.947999</i>
                        <i>1 0 0 0 0.999692 -0.0248243 0 0.0248243 0.999692 0 0.156827 -0.947999</i>
                        <i>1 0 0 0 0.999987 -0.00508452 0 0.00508452 0.999987 0 0.139674 -0.799874</i>
                        <i>1 0 0 0 0.999932 0.0116955 0 -0.0116955 0.999932 0 0.0980167 -0.474</i>
                        <i>1 0 0 0 0.999966 0.0082081 0 -0.0082081 0.999966 0 0.0465579 -0.148125</i>
                        <i>1 0 0 0 0.999998 -0.00197031 0 0.00197031 0.999998 0 0 0</i>
                        <i>1 0 0 0 0.999961 -0.00879301 0 0.00879301 0.999961 0 0.0930444 -8.11105e-005</i>
                        <i>1 0 0 0 0.999974 -0.007171 0 0.007171 0.999974 0 0.148871 -0.000263249</i>
                        <i>1 0 0 0 0.999998 -0.0021933 0 0.0021933 0.999998 0 0.121302 -0.000454625</i>
                        <i>1 0 0 0 1 0.00091925 0 -0.00091925 1 0 0.0606511 -0.000662267</i>
                        <i>1 0 0 0 0.999999 0.00130253 0 -0.00130253 0.999999 0 0 -0.000901535</i>
                        <i>1 0 0 0 0.999999 0.00157989 0 -0.00157989 0.999999 0 0 -0.00109314</i>
                        <i>1 0 0 0 0.999998 0.00176157 0 -0.00176157 0.999998 0 0 -0.00115779</i>
                        <i>1 0 0 0 0.999998 0.00185784 0 -0.00185784 0.999998 0 0 -0.00112462</i>
                        <i>1 0 0 0 0.999998 0.00187893 0 -0.00187893 0.999998 0 0 -0.0010768</i>
                        <i>1 0 0 0 0.999998 0.00183511 0 -0.00183511 0.999998 0 0 -0.00101608</i>
                        <i>1 0 0 0 0.999999 0.00173662 0 -0.00173662 0.999999 0 0 -0.000944222</i>
                        <i>1 0 0 0 0.999999 0.00159371 0 -0.00159371 0.999999 0 0 -0.000862988</i>
                        <i>1 0 0 0 0.999999 0.00141663 0 -0.00141663 0.999999 0 0 -0.000774134</i>
                        <i>1 0 0 0 0.999999 0.00121563 0 -0.00121563 0.999999 0 0 -0.000679419</i>
                        <i>1 0 0 0 1 0.00100097 0 -0.00100097 1 0 0 -0.000580601</i>
                        <i>1 0 0 0 1 0.00078289 0 -0.00078289 1 0 0 -0.000479438</i>
                        <i>1 0 0 0 1 0.000571643 0 -0.000571643 1 0 0 -0.000377689</i>
                        <i>1 0 0 0 1 0.00037748 0 -0.00037748 1 0 0 -0.000277112</i>
                        <i>1 0 0 0 1 0.000210652 0 -0.000210652 1 0 0 -0.000179466</i>
                        <i>1 0 0 0 1 8.1408e-005 0 -8.1408e-005 1 0 0 -8.65091e-005</i>
                        <i>1 0 0 0 1 0 0 0 1 0 0 0</i>
                    </KeyFrames>
                </p>
            </i>
            <i>
                <p>
                    <Name><![CDATA[cannon_01]]></Name>
                    <Exclude>1</Exclude>
                    <Additive>0</Additive>
                    <IKPriority>0</IKPriority>
                    <IKRotLimits>-1e+010 -1e+010 -1e+010 1e+010 1e+010 1e+010</IKRotLimits>
                    <IKRotLimitOrder>0</IKRotLimitOrder>
                    <KeyFrames count="31">
                        <i>0.00129088 0.0722008 0.997389 -0.99984 0.0178761 5.55112e-017 -0.0178295 -0.99723 0.0722123 -0.0485856 6.50826 18.6771</i>
                        <i>0.00129088 0.0811854 0.996698 -0.99984 0.0178754 -0.000161083 -0.0178295 -0.996539 0.0811955 -0.0485856 6.71268 18.2315</i>
                        <i>0.00129088 0.0901635 0.995926 -0.99984 0.0178732 -0.000322154 -0.0178295 -0.995767 0.0901721 -0.0485856 6.92158 17.7843</i>
                        <i>0.00129088 0.096938 0.99529 -0.99984 0.0178706 -0.000443762 -0.0178295 -0.99513 0.0969456 -0.0485856 7.08658 17.5618</i>
                        <i>0.00129088 0.100445 0.994942 -0.99984 0.0178689 -0.000506735 -0.0178295 -0.994782 0.100452 -0.0485856 7.18062 17.5371</i>
                        <i>0.00129088 0.096938 0.99529 -0.99984 0.0178706 -0.000443762 -0.0178295 -0.99513 0.0969456 -0.0485856 7.12673 17.5618</i>
                        <i>0.00129088 0.0772711 0.997009 -0.99984 0.0178759 -9.08916e-005 -0.0178295 -0.99685 0.0772819 -0.0485856 6.74282 17.8439</i>
                        <i>0.00129088 0.0605309 0.998165 -0.99984 0.0178749 0.00020907 -0.0178295 -0.998006 0.0605443 -0.0485856 6.3874 18.2779</i>
                        <i>0.00129088 0.0640117 0.997948 -0.99984 0.0178755 0.000146729 -0.0178295 -0.997789 0.0640246 -0.0485856 6.4013 18.5818</i>
                        <i>0.00129088 0.0741658 0.997245 -0.99984 0.0178761 -3.52216e-005 -0.0178295 -0.997086 0.0741771 -0.0485856 6.54505 18.6642</i>
                        <i>0.00129088 0.0809681 0.996716 -0.99984 0.0178754 -0.000157185 -0.0178295 -0.996556 0.0809782 -0.0485856 6.76528 18.6191</i>
                        <i>0.00129088 0.0793512 0.996846 -0.99984 0.0178757 -0.00012819 -0.0178295 -0.996686 0.0793616 -0.0485856 6.7909 18.6297</i>
                        <i>0.00129088 0.0743882 0.997229 -0.99984 0.0178761 -3.92078e-005 -0.0178295 -0.997069 0.0743994 -0.0485856 6.67052 18.6623</i>
                        <i>0.00129088 0.0712839 0.997455 -0.99984 0.0178761 1.64326e-005 -0.0178295 -0.997296 0.0712956 -0.0485856 6.55174 18.6824</i>
                        <i>0.00129088 0.0709016 0.997482 -0.99984 0.0178761 2.32842e-005 -0.0178295 -0.997323 0.0709134 -0.0485856 6.48393 18.6847</i>
                        <i>0.00129088 0.070625 0.997502 -0.99984 0.0178761 2.82422e-005 -0.0178295 -0.997343 0.0706367 -0.0485856 6.47875 18.6863</i>
                        <i>0.00129088 0.0704437 0.997515 -0.99984 0.0178761 3.14901e-005 -0.0178295 -0.997356 0.0704555 -0.0485856 6.47535 18.6874</i>
                        <i>0.00129088 0.0703477 0.997522 -0.99984 0.0178761 3.32109e-005 -0.0178295 -0.997362 0.0703595 -0.0485856 6.47355 18.688</i>
                        <i>0.00129088 0.0703266 0.997523 -0.99984 0.0178761 3.35881e-005 -0.0178295 -0.997364 0.0703385 -0.0485856 6.47316 18.6882</i>
                        <i>0.00129088 0.0703704 0.99752 -0.99984 0.0178761 3.28047e-005 -0.0178295 -0.997361 0.0703822 -0.0485856 6.47398 18.688</i>
                        <i>0.00129088 0.0704686 0.997513 -0.99984 0.0178761 3.1044e-005 -0.0178295 -0.997354 0.0704804 -0.0485856 6.47582 18.6874</i>
                        <i>0.00129088 0.0706112 0.997503 -0.99984 0.0178761 2.84893e-005 -0.0178295 -0.997344 0.070623 -0.0485856 6.47849 18.6866</i>
                        <i>0.00129088 0.0707878 0.997491 -0.99984 0.0178761 2.53239e-005 -0.0178295 -0.997331 0.0707996 -0.0485856 6.4818 18.6855</i>
                        <i>0.00129088 0.0709883 0.997476 -0.99984 0.0178761 2.17308e-005 -0.0178295 -0.997317 0.071 -0.0485856 6.48555 18.6843</i>
                        <i>0.00129088 0.0712024 0.997461 -0.99984 0.0178761 1.78935e-005 -0.0178295 -0.997302 0.0712141 -0.0485856 6.48957 18.683</i>
                        <i>0.00129088 0.0714199 0.997445 -0.99984 0.0178761 1.3995e-005 -0.0178295 -0.997286 0.0714316 -0.0485856 6.49364 18.6817</i>
                        <i>0.00129088 0.0716306 0.99743 -0.99984 0.0178761 1.02188e-005 -0.0178295 -0.997271 0.0716423 -0.0485856 6.49759 18.6804</i>
                        <i>0.00129088 0.0718243 0.997416 -0.99984 0.0178761 6.74787e-006 -0.0178295 -0.997257 0.0718359 -0.0485856 6.50121 18.6793</i>
                        <i>0.00129088 0.0719907 0.997404 -0.99984 0.0178761 3.76563e-006 -0.0178295 -0.997245 0.0720023 -0.0485856 6.50433 18.6783</i>
                        <i>0.00129088 0.0721196 0.997395 -0.99984 0.0178761 1.45526e-006 -0.0178295 -0.997236 0.0721312 -0.0485856 6.50674 18.6775</i>
                        <i>0.00129088 0.0722008 0.997389 -0.99984 0.0178761 5.55112e-017 -0.0178295 -0.99723 0.0722123 -0.0485856 6.50826 18.6771</i>
                    </KeyFrames>
                </p>
            </i>
            <i>
                <p>
                    <Name><![CDATA[cannon_02]]></Name>
                    <Exclude>0</Exclude>
                    <Additive>0</Additive>
                    <IKPriority>0</IKPriority>
                    <IKRotLimits>-1e+010 -1e+010 -1e+010 1e+010 1e+010 1e+010</IKRotLimits>
                    <IKRotLimitOrder>0</IKRotLimitOrder>
                    <KeyFrames count="31">
                        <i>0.00129088 0.0722008 0.997389 -0.99984 0.0178761 5.55112e-017 -0.0178295 -0.99723 0.0722123 -0.00920324 8.71098 49.1057</i>
                        <i>0.00129088 0.0811854 0.996698 -0.99984 0.0178754 -0.000161083 -0.0178295 -0.996539 0.0811955 -0.00920324 8.73918 42.2962</i>
                        <i>0.00129088 0.0901635 0.995926 -0.99984 0.0178732 -0.000322154 -0.0178295 -0.995767 0.0901721 -0.00920324 9.1145 41.201</i>
                        <i>0.00129088 0.096938 0.99529 -0.99984 0.0178706 -0.000443762 -0.0178295 -0.99513 0.0969456 -0.00920324 9.4235 40.787</i>
                        <i>0.00129088 0.100445 0.994942 -0.99984 0.0178689 -0.000506735 -0.0178295 -0.994782 0.100452 -0.00920324 9.61073 40.8796</i>
                        <i>0.00129088 0.096938 0.99529 -0.99984 0.0178706 -0.000443762 -0.0178295 -0.99513 0.0969456 -0.00920324 9.4986 41.1892</i>
                        <i>0.00129088 0.0772711 0.997009 -0.99984 0.0178759 -9.08916e-005 -0.0178295 -0.99685 0.0772819 -0.00920324 8.66637 41.7905</i>
                        <i>0.00129088 0.0605309 0.998165 -0.99984 0.0178749 0.00020907 -0.0178295 -0.998006 0.0605443 -0.00920324 7.91519 42.3795</i>
                        <i>0.00129088 0.0640117 0.997948 -0.99984 0.0178755 0.000146729 -0.0178295 -0.997789 0.0640246 -0.00920324 8.03314 43.0502</i>
                        <i>0.00129088 0.0741658 0.997245 -0.99984 0.0178761 -3.52216e-005 -0.0178295 -0.997086 0.0741771 -0.00920324 8.4872 44.0745</i>
                        <i>0.00129088 0.0809681 0.996716 -0.99984 0.0178754 -0.000157185 -0.0178295 -0.996556 0.0809782 -0.00920324 8.97359 45.3271</i>
                        <i>0.00129088 0.0793512 0.996846 -0.99984 0.0178757 -0.00012819 -0.0178295 -0.996686 0.0793616 -0.00920324 9.05472 46.7705</i>
                        <i>0.00129088 0.0743882 0.997229 -0.99984 0.0178761 -3.92078e-005 -0.0178295 -0.997069 0.0743994 -0.00920324 8.8784 48.1263</i>
                        <i>0.00129088 0.0712839 0.997455 -0.99984 0.0178761 1.64326e-005 -0.0178295 -0.997296 0.0712956 -0.00920324 8.72649 49.113</i>
                        <i>0.00129088 0.0709016 0.997482 -0.99984 0.0178761 2.32842e-005 -0.0178295 -0.997323 0.0709134 -0.00920324 8.66607 49.392</i>
                        <i>0.00129088 0.070625 0.997502 -0.99984 0.0178761 2.82422e-005 -0.0178295 -0.997343 0.0706367 -0.00920324 8.64297 49.1999</i>
                        <i>0.00129088 0.0704437 0.997515 -0.99984 0.0178761 3.14901e-005 -0.0178295 -0.997356 0.0704555 -0.00920324 8.62446 49.1198</i>
                        <i>0.00129088 0.0703477 0.997522 -0.99984 0.0178761 3.32109e-005 -0.0178295 -0.997362 0.0703595 -0.00920324 8.6196 49.1957</i>
                        <i>0.00129088 0.0703266 0.997523 -0.99984 0.0178761 3.35881e-005 -0.0178295 -0.997364 0.0703385 -0.00920324 8.61863 49.1584</i>
                        <i>0.00129088 0.0703704 0.99752 -0.99984 0.0178761 3.28047e-005 -0.0178295 -0.997361 0.0703822 -0.00920324 8.62085 49.1206</i>
                        <i>0.00129088 0.0704686 0.997513 -0.99984 0.0178761 3.1044e-005 -0.0178295 -0.997354 0.0704804 -0.00920324 8.62569 49.1198</i>
                        <i>0.00129088 0.0706112 0.997503 -0.99984 0.0178761 2.84893e-005 -0.0178295 -0.997344 0.070623 -0.00920324 8.63271 49.1186</i>
                        <i>0.00129088 0.0707878 0.997491 -0.99984 0.0178761 2.53239e-005 -0.0178295 -0.997331 0.0707996 -0.00920324 8.64141 49.1172</i>
                        <i>0.00129088 0.0709883 0.997476 -0.99984 0.0178761 2.17308e-005 -0.0178295 -0.997317 0.071 -0.00920324 8.65128 49.1155</i>
                        <i>0.00129088 0.0712024 0.997461 -0.99984 0.0178761 1.78935e-005 -0.0178295 -0.997302 0.0712141 -0.00920324 8.66182 49.1138</i>
                        <i>0.00129088 0.0714199 0.997445 -0.99984 0.0178761 1.3995e-005 -0.0178295 -0.997286 0.0714316 -0.00920324 8.67253 49.112</i>
                        <i>0.00129088 0.0716306 0.99743 -0.99984 0.0178761 1.02188e-005 -0.0178295 -0.997271 0.0716423 -0.00920324 8.68291 49.1103</i>
                        <i>0.00129088 0.0718243 0.997416 -0.99984 0.0178761 6.74787e-006 -0.0178295 -0.997257 0.0718359 -0.00920324 8.69244 49.1087</i>
                        <i>0.00129088 0.0719907 0.997404 -0.99984 0.0178761 3.76563e-006 -0.0178295 -0.997245 0.0720023 -0.00920324 8.70064 49.1073</i>
                        <i>0.00129088 0.0721196 0.997395 -0.99984 0.0178761 1.45526e-006 -0.0178295 -0.997236 0.0721312 -0.00920324 8.70698 49.1063</i>
                        <i>0.00129088 0.0722008 0.997389 -0.99984 0.0178761 5.55112e-017 -0.0178295 -0.99723 0.0722123 -0.00920324 8.71098 49.1057</i>
                    </KeyFrames>
                </p>
            </i>
        </Bones>
    </Skeleton>
</Animl>
