<?xml version="1.0" encoding="ISO-8859-1" ?>
<Animl Version="1">
    <ModellingPackage>
        <![CDATA[Maya.2010]]>
</ModellingPackage>
    <SrcFile>
        <![CDATA[anims\characters\shared\elite\~src\crawl_out.mb]]>
</SrcFile>
    <FramesPerSecond>30</FramesPerSecond>
    <TotalFrames>66</TotalFrames>
    <Skeleton>
        <RefFrame>
            <Name>
                <![CDATA[soldier_ref_frame]]>
</Name>
            <Exclude>0</Exclude>
            <Additive>0</Additive>
            <IKPriority>0</IKPriority>
            <IKRotLimits>-1e+010 -1e+010 -1e+010 1e+010 1e+010 1e+010</IKRotLimits>
            <IKRotLimitOrder>0</IKRotLimitOrder>
            <KeyFrames count="66">
                <i>1 0 0 0 1 0 0 0 1 0.20275 0 1.73099</i>
                <i>1 0 0 0 1 0 0 0 1 0.210866 0 1.77667</i>
                <i>1 0 0 0 1 0 0 0 1 0.217812 0 1.82839</i>
                <i>1 0 0 0 1 0 0 0 1 0.223646 0 1.8831</i>
                <i>1 0 0 0 1 0 0 0 1 0.228424 0 1.93774</i>
                <i>1 0 0 0 1 0 0 0 1 0.232205 0 1.98928</i>
                <i>1 0 0 0 1 0 0 0 1 0.235046 0 2.03467</i>
                <i>1 0 0 0 1 0 0 0 1 0.237004 0 2.07086</i>
                <i>1 0 0 0 1 0 0 0 1 0.238136 0 2.09481</i>
                <i>1 0 0 0 1 0 0 0 1 0.238501 0 2.10346</i>
                <i>1 0 0 0 1 0 0 0 1 0.238501 0 2.10346</i>
                <i>1 0 0 0 1 0 0 0 1 0.238501 0 2.10346</i>
                <i>1 0 0 0 1 0 0 0 1 0.238501 0 2.10346</i>
                <i>1 0 0 0 1 0 0 0 1 0.238501 0 2.10346</i>
                <i>1 0 0 0 1 0 0 0 1 0.238501 0 2.10346</i>
                <i>1 0 0 0 1 0 0 0 1 0.238501 0 2.10346</i>
                <i>1 0 0 0 1 0 0 0 1 0.238501 0 2.10346</i>
                <i>1 0 0 0 1 0 0 0 1 0.238501 0 2.10346</i>
                <i>1 0 0 0 1 0 0 0 1 0.238501 0 2.10346</i>
                <i>1 0 0 0 1 0 0 0 1 0.238501 0 2.10346</i>
                <i>1 0 0 0 1 0 0 0 1 0.238501 0 2.10346</i>
                <i>1 0 0 0 1 0 0 0 1 0.238501 0 2.10346</i>
                <i>1 0 0 0 1 0 0 0 1 0.238501 0 2.10346</i>
                <i>1 0 0 0 1 0 0 0 1 0.238501 0 2.10346</i>
                <i>1 0 0 0 1 0 0 0 1 0.238501 0 2.10346</i>
                <i>1 0 0 0 1 0 0 0 1 0.238501 0 2.10346</i>
                <i>1 0 0 0 1 0 0 0 1 0.238501 0 2.10346</i>
                <i>1 0 0 0 1 0 0 0 1 0.238501 0 2.10346</i>
                <i>1 0 0 0 1 0 0 0 1 0.238476 0 2.10346</i>
                <i>1 0 0 0 1 0 0 0 1 0.237899 0 2.10336</i>
                <i>1 0 0 0 1 0 0 0 1 0.236663 0 2.10316</i>
                <i>1 0 0 0 1 0 0 0 1 0.234898 0 2.10292</i>
                <i>1 0 0 0 1 0 0 0 1 0.232737 0 2.10268</i>
                <i>1 0 0 0 1 0 0 0 1 0.230312 0 2.1025</i>
                <i>1 0 0 0 1 0 0 0 1 0.227755 0 2.10243</i>
                <i>1 0 0 0 1 0 0 0 1 0.225198 0 2.10252</i>
                <i>1 0 0 0 1 0 0 0 1 0.222772 0 2.10282</i>
                <i>1 0 0 0 1 0 0 0 1 0.220612 0 2.10337</i>
                <i>1 0 0 0 1 0 0 0 1 0.218847 0 2.10424</i>
                <i>1 0 0 0 1 0 0 0 1 0.21761 0 2.10547</i>
                <i>1 0 0 0 1 0 0 0 1 0.217034 0 2.10712</i>
                <i>1 0 0 0 1 0 0 0 1 0.217008 0 2.10923</i>
                <i>1 0 0 0 1 0 0 0 1 0.217008 0 2.11185</i>
                <i>1 0 0 0 1 0 0 0 1 0.217008 0 2.11503</i>
                <i>1 0 0 0 1 0 0 0 1 0.217008 0 2.11884</i>
                <i>1 0 0 0 1 0 0 0 1 0.217008 0 2.12331</i>
                <i>1 0 0 0 1 0 0 0 1 0.217008 0 2.12849</i>
                <i>1 0 0 0 1 0 0 0 1 0.217008 0 2.13445</i>
                <i>1 0 0 0 1 0 0 0 1 0.217008 0 2.14123</i>
                <i>1 0 0 0 1 0 0 0 1 0.217008 0 2.14887</i>
                <i>1 0 0 0 1 0 0 0 1 0.217008 0 2.15744</i>
                <i>1 0 0 0 1 0 0 0 1 0.217008 0 2.16697</i>
                <i>1 0 0 0 1 0 0 0 1 0.217008 0 2.17753</i>
                <i>1 0 0 0 1 0 0 0 1 0.217185 0 2.1893</i>
                <i>1 0 0 0 1 0 0 0 1 0.221245 0 2.20513</i>
                <i>1 0 0 0 1 0 0 0 1 0.230158 0 2.22563</i>
                <i>1 0 0 0 1 0 0 0 1 0.243237 0 2.25014</i>
                <i>1 0 0 0 1 0 0 0 1 0.2598 0 2.27802</i>
                <i>1 0 0 0 1 0 0 0 1 0.279159 0 2.30859</i>
                <i>1 0 0 0 1 0 0 0 1 0.30063 0 2.3412</i>
                <i>1 0 0 0 1 0 0 0 1 0.323529 0 2.37519</i>
                <i>1 0 0 0 1 0 0 0 1 0.34717 0 2.40989</i>
                <i>1 0 0 0 1 0 0 0 1 0.370867 0 2.44465</i>
                <i>1 0 0 0 1 0 0 0 1 0.393937 0 2.4788</i>
                <i>1 0 0 0 1 0 0 0 1 0.415694 0 2.51168</i>
                <i>1 0 0 0 1 0 0 0 1 0.435453 0 2.54264</i>
            </KeyFrames>
        </RefFrame>
        <Bones count="23">
            <i>
                <p>
                    <Name>
                        <![CDATA[pelvis]]>
</Name>
                    <Exclude>0</Exclude>
                    <Additive>0</Additive>
                    <IKPriority>0</IKPriority>
                    <IKRotLimits>-1e+010 -1e+010 -1e+010 1e+010 1e+010 1e+010</IKRotLimits>
                    <IKRotLimitOrder>2</IKRotLimitOrder>
                    <KeyFrames count="66">
                        <i>1 0 0 0 1 0 0 0 1 0.178762 0.180777 1.85215</i>
                        <i>1 0 0 0 1 0 0 0 1 0.184962 0.198365 1.90745</i>
                        <i>1 0 0 0 1 0 0 0 1 0.191184 0.220439 1.96391</i>
                        <i>1 0 0 0 1 0 0 0 1 0.196708 0.230702 2.01925</i>
                        <i>1 0 0 0 1 0 0 0 1 0.201453 0.225312 2.07151</i>
                        <i>1 0 0 0 1 0 0 0 1 0.205657 0.213567 2.11884</i>
                        <i>1 0 0 0 1 0 0 0 1 0.209309 0.198868 2.15923</i>
                        <i>1 0 0 0 1 0 0 0 1 0.212275 0.184618 2.19063</i>
                        <i>1 0 0 0 1 0 0 0 1 0.214312 0.17422 2.21095</i>
                        <i>1 0 0 0 1 0 0 0 1 0.215131 0.171072 2.21806</i>
                        <i>1 0 0 0 1 0 0 0 1 0.215225 0.178161 2.2178</i>
                        <i>1 0 0 0 1 0 0 0 1 0.215274 0.193866 2.21755</i>
                        <i>1 0 0 0 1 0 0 0 1 0.215278 0.214669 2.21753</i>
                        <i>1 0 0 0 1 0 0 0 1 0.215244 0.237045 2.2178</i>
                        <i>1 0 0 0 1 0 0 0 1 0.215189 0.25747 2.21824</i>
                        <i>1 0 0 0 1 0 0 0 1 0.215139 0.272424 2.21854</i>
                        <i>1 0 0 0 1 0 0 0 1 0.215117 0.277358 2.21842</i>
                        <i>1 0 0 0 1 0 0 0 1 0.215131 0.271082 2.2179</i>
                        <i>1 0 0 0 1 0 0 0 1 0.215159 0.252717 2.21735</i>
                        <i>1 0 0 0 1 0 0 0 1 0.215171 0.225633 2.21716</i>
                        <i>1 0 0 0 1 0 0 0 1 0.215162 0.197736 2.2174</i>
                        <i>1 0 0 0 1 0 0 0 1 0.215141 0.176921 2.21785</i>
                        <i>1 0 0 0 1 0 0 0 1 0.215131 0.171072 2.21806</i>
                        <i>1 0 0 0 1 0 0 0 1 0.215175 0.17837 2.22279</i>
                        <i>1 0 0 0 1 0 0 0 1 0.215283 0.193155 2.2348</i>
                        <i>1 0 0 0 1 0 0 0 1 0.215407 0.217468 2.25104</i>
                        <i>1 0 0 0 1 0 0 0 1 0.215484 0.253174 2.26914</i>
                        <i>1 0 0 0 1 0 0 0 1 0.215432 0.302176 2.28697</i>
                        <i>1 0 0 0 1 0 0 0 1 0.215161 0.366969 2.30173</i>
                        <i>1 0 0 0 1 0 0 0 1 0.214375 0.496251 2.32169</i>
                        <i>1 0 0 0 1 0 0 0 1 0.213935 0.689151 2.33495</i>
                        <i>1 0 0 0 1 0 0 0 1 0.214492 0.863364 2.32261</i>
                        <i>1 0 0 0 1 0 0 0 1 0.215348 0.933663 2.29939</i>
                        <i>1 0 0 0 1 0 0 0 1 0.216537 0.852997 2.28361</i>
                        <i>1 0 0 0 1 0 0 0 1 0.216565 0.703996 2.26593</i>
                        <i>1 0 0 0 1 0 0 0 1 0.215571 0.61911 2.25149</i>
                        <i>1 0 0 0 1 0 0 0 1 0.215346 0.624374 2.25058</i>
                        <i>1 0 0 0 1 0 0 0 1 0.215259 0.640069 2.25023</i>
                        <i>1 0 0 0 1 0 0 0 1 0.215271 0.663255 2.25028</i>
                        <i>1 0 0 0 1 0 0 0 1 0.215346 0.69099 2.25058</i>
                        <i>1 0 0 0 1 0 0 0 1 0.215446 0.720335 2.25098</i>
                        <i>1 0 0 0 1 0 0 0 1 0.215534 0.748349 2.25134</i>
                        <i>1 0 0 0 1 0 0 0 1 0.215571 0.772094 2.25149</i>
                        <i>1 0 0 0 1 0 0 0 1 0.215583 0.792218 2.2514</i>
                        <i>1 0 0 0 1 0 0 0 1 0.215595 0.811398 2.25133</i>
                        <i>1 0 0 0 1 0 0 0 1 0.215607 0.829081 2.25126</i>
                        <i>1 0 0 0 1 0 0 0 1 0.215618 0.844714 2.2512</i>
                        <i>1 0 0 0 1 0 0 0 1 0.215628 0.857747 2.25116</i>
                        <i>1 0 0 0 1 0 0 0 1 0.215637 0.867627 2.25112</i>
                        <i>1 0 0 0 1 0 0 0 1 0.215646 0.873801 2.25109</i>
                        <i>1 0 0 0 1 0 0 0 1 0.215653 0.875719 2.25108</i>
                        <i>1 0 0 0 1 0 0 0 1 0.215659 0.861724 2.25107</i>
                        <i>1 0 0 0 1 0 0 0 1 0.215664 0.827966 2.25106</i>
                        <i>1 0 0 0 1 0 0 0 1 0.215667 0.785323 2.25106</i>
                        <i>1 0 0 0 1 0 0 0 1 0.21567 0.744673 2.25106</i>
                        <i>1 0 0 0 1 0 0 0 1 0.21567 0.716897 2.25106</i>
                        <i>1 0 0 0 1 0 0 0 1 0.215669 0.70765 2.25106</i>
                        <i>1 0 0 0 1 0 0 0 1 0.215665 0.711665 2.25106</i>
                        <i>1 0 0 0 1 0 0 0 1 0.215662 0.726555 2.25106</i>
                        <i>1 0 0 0 1 0 0 0 1 0.21566 0.749936 2.25106</i>
                        <i>1 0 0 0 1 0 0 0 1 0.227296 0.779468 2.26598</i>
                        <i>1 0 0 0 1 0 0 0 1 0.257972 0.812849 2.30529</i>
                        <i>1 0 0 0 1 0 0 0 1 0.301343 0.84775 2.36087</i>
                        <i>1 0 0 0 1 0 0 0 1 0.351061 0.881842 2.42458</i>
                        <i>1 0 0 0 1 0 0 0 1 0.400781 0.912796 2.4883</i>
                        <i>1 0 0 0 1 0 0 0 1 0.444154 0.938282 2.54389</i>
                    </KeyFrames>
                </p>
            </i>
            <i>
                <p>
                    <Name>
                        <![CDATA[spine0]]>
</Name>
                    <Exclude>0</Exclude>
                    <Additive>0</Additive>
                    <IKPriority>0</IKPriority>
                    <IKRotLimits>-1e+010 -1e+010 -1e+010 1e+010 1e+010 1e+010</IKRotLimits>
                    <IKRotLimitOrder>0</IKRotLimitOrder>
                    <KeyFrames count="66">
                        <i>0.0817027 0.13436 0.987559 -0.990405 -0.0998643 0.095525 0.111457 -0.985888 0.124911 0.206577 0.255103 1.97214</i>
                        <i>0.0476889 0.0855727 0.99519 -0.992988 -0.103837 0.0565119 0.108173 -0.990906 0.0800207 0.206392 0.272538 2.02883</i>
                        <i>0.00882418 0.0297665 0.999518 -0.993618 -0.112144 0.0121118 0.11245 -0.993246 0.0285869 0.204633 0.294342 2.0866</i>
                        <i>-0.0311709 0.019471 0.999324 -0.992063 -0.122452 -0.0285586 0.121813 -0.992283 0.0231335 0.20111 0.304167 2.14287</i>
                        <i>-0.0700657 0.0676735 0.995244 -0.989238 -0.133185 -0.0605867 0.128451 -0.988778 0.0762769 0.196314 0.298143 2.19547</i>
                        <i>-0.10629 0.141269 0.984249 -0.985865 -0.143898 -0.0858111 0.129509 -0.979457 0.154568 0.191078 0.285585 2.24252</i>
                        <i>-0.136907 0.22357 0.965025 -0.982666 -0.153579 -0.10383 0.124994 -0.962512 0.240721 0.185989 0.269964 2.2821</i>
                        <i>-0.159596 0.298687 0.940912 -0.980183 -0.161249 -0.115069 0.117351 -0.94063 0.318503 0.181484 0.2548 2.31238</i>
                        <i>-0.173848 0.35251 0.919518 -0.978613 -0.166114 -0.121338 0.109972 -0.920947 0.37385 0.177858 0.243648 2.33156</i>
                        <i>-0.180387 0.373284 0.910011 -0.977897 -0.167508 -0.125132 0.105725 -0.912469 0.39525 0.175329 0.240074 2.33786</i>
                        <i>-0.184306 0.351488 0.917871 -0.976995 -0.16746 -0.132051 0.107292 -0.921093 0.374266 0.17384 0.24662 2.33737</i>
                        <i>-0.189368 0.29321 0.937106 -0.975125 -0.168124 -0.144447 0.115197 -0.94115 0.317754 0.173093 0.261294 2.33743</i>
                        <i>-0.193929 0.211033 0.958048 -0.972598 -0.169015 -0.159644 0.128234 -0.962756 0.238027 0.172963 0.280851 2.33805</i>
                        <i>-0.196454 0.120286 0.973107 -0.969851 -0.1698 -0.174808 0.144207 -0.97811 0.150018 0.173335 0.302038 2.3391</i>
                        <i>-0.196386 0.0384999 0.97977 -0.967421 -0.170431 -0.187214 0.159775 -0.984617 0.0707158 0.1741 0.321612 2.34028</i>
                        <i>-0.194449 -0.0165471 0.980773 -0.965891 -0.171084 -0.194385 0.171011 -0.985117 0.0172845 0.175163 0.336341 2.34107</i>
                        <i>-0.19187 -0.0397548 0.980615 -0.965436 -0.171956 -0.195871 0.176409 -0.984302 -0.00538754 0.176432 0.341765 2.34111</i>
                        <i>-0.189223 -0.0385286 0.981178 -0.965832 -0.172911 -0.193053 0.177095 -0.984184 -0.00449351 0.177819 0.336458 2.3405</i>
                        <i>-0.186671 -0.00985642 0.982373 -0.967199 -0.173507 -0.185529 0.172278 -0.984783 0.0228557 0.179202 0.319335 2.33968</i>
                        <i>-0.183903 0.0416139 0.982063 -0.969319 -0.173452 -0.174167 0.163094 -0.983963 0.0722356 0.180447 0.293566 2.33912</i>
                        <i>-0.180535 0.102644 0.978198 -0.971684 -0.172749 -0.161206 0.152436 -0.979603 0.130925 0.181447 0.266854 2.33898</i>
                        <i>-0.17662 0.159817 0.971218 -0.973861 -0.171557 -0.14887 0.142827 -0.972125 0.18594 0.182108 0.246895 2.33913</i>
                        <i>-0.172683 0.20032 0.964392 -0.975516 -0.170164 -0.139329 0.136194 -0.96484 0.2248 0.182348 0.241375 2.33922</i>
                        <i>-0.162845 0.229778 0.959523 -0.977846 -0.167224 -0.12591 0.131524 -0.958769 0.251919 0.182858 0.247948 2.34448</i>
                        <i>-0.144146 0.263444 0.953844 -0.981267 -0.162555 -0.103394 0.127814 -0.95088 0.28194 0.184096 0.261497 2.35749</i>
                        <i>-0.122084 0.302583 0.945272 -0.984509 -0.157678 -0.0766786 0.125846 -0.93999 0.317146 0.185614 0.285485 2.37426</i>
                        <i>-0.102106 0.348647 0.931676 -0.986928 -0.1529 -0.0509437 0.124692 -0.924698 0.359702 0.186936 0.323218 2.39151</i>
                        <i>-0.0885406 0.405808 0.909659 -0.988588 -0.147548 -0.0304002 0.121882 -0.90197 0.414241 0.187585 0.377934 2.40606</i>
                        <i>-0.0840503 0.481241 0.87255 -0.989866 -0.140908 -0.0176354 0.114463 -0.865189 0.488207 0.187141 0.453103 2.4135</i>
                        <i>-0.0821052 0.575629 0.813579 -0.991695 -0.128274 -0.00932337 0.0989939 -0.807587 0.58138 0.185868 0.602048 2.41491</i>
                        <i>-0.0737643 0.657049 0.75023 -0.993971 -0.109632 -0.0017142 0.0811228 -0.745833 0.661174 0.185584 0.817179 2.39412</i>
                        <i>-0.0601367 0.688885 0.722372 -0.995979 -0.0895475 0.00248219 0.0663965 -0.719318 0.691501 0.186853 1.00338 2.34067</i>
                        <i>-0.0566849 0.732445 0.678463 -0.997084 -0.0762994 -0.000935289 0.0510812 -0.676538 0.734634 0.188593 1.07416 2.28384</i>
                        <i>-0.0645602 0.922463 0.380649 -0.997804 -0.0653185 -0.0109408 0.014771 -0.38052 0.924655 0.19179 0.992186 2.25696</i>
                        <i>-0.0437594 0.97649 0.211076 -0.998979 -0.0403915 -0.0202431 -0.0112415 -0.211747 0.97726 0.194441 0.844355 2.24344</i>
                        <i>-0.0432875 0.969883 0.239693 -0.998926 -0.0380458 -0.0264546 -0.0165386 -0.240581 0.970488 0.194656 0.760215 2.23283</i>
                        <i>-0.067983 0.947726 0.31176 -0.997629 -0.0612076 -0.0314787 -0.0107511 -0.31316 0.949639 0.194431 0.765479 2.23192</i>
                        <i>-0.0947756 0.910429 0.402662 -0.995498 -0.087219 -0.0371086 0.00133498 -0.404366 0.914596 0.194343 0.781174 2.23157</i>
                        <i>-0.112882 0.881149 0.459167 -0.993532 -0.105845 -0.0411321 0.0123571 -0.46084 0.887397 0.194356 0.804359 2.23162</i>
                        <i>-0.111408 0.87231 0.476093 -0.993674 -0.104605 -0.0408644 0.0141552 -0.477634 0.878445 0.194431 0.832094 2.23192</i>
                        <i>-0.102653 0.879334 0.46501 -0.994665 -0.095542 -0.0389073 0.0102155 -0.466523 0.88445 0.194531 0.861439 2.23233</i>
                        <i>-0.091555 0.893932 0.438752 -0.995791 -0.0841044 -0.0364352 0.00433038 -0.440241 0.897869 0.194618 0.889454 2.23268</i>
                        <i>-0.0818205 0.908621 0.409529 -0.996647 -0.074283 -0.0343104 -0.000754118 -0.410963 0.911652 0.194656 0.913198 2.23283</i>
                        <i>-0.0758411 0.92965 0.360555 -0.997111 -0.069167 -0.0313985 -0.00425113 -0.361895 0.932209 0.194924 0.932648 2.22798</i>
                        <i>-0.0743689 0.940104 0.332675 -0.997223 -0.0687962 -0.0285167 -0.00392192 -0.333872 0.94261 0.195091 0.951269 2.22465</i>
                        <i>-0.0736842 0.946777 0.313345 -0.99728 -0.0693446 -0.0249883 -0.00192963 -0.314333 0.949311 0.195175 0.968578 2.22264</i>
                        <i>-0.0737142 0.950612 0.301502 -0.997279 -0.0706755 -0.0209905 0.00135498 -0.302229 0.953234 0.195203 0.98404 2.22175</i>
                        <i>-0.0743875 0.95228 0.296021 -0.997214 -0.072694 -0.0167395 0.00557829 -0.296442 0.955035 0.195196 0.997086 2.22178</i>
                        <i>-0.0756197 0.952271 0.295739 -0.997082 -0.0753072 -0.0124647 0.0104015 -0.295819 0.955187 0.195176 1.00713 2.22253</i>
                        <i>-0.0773029 0.950969 0.29947 -0.996887 -0.0783943 -0.00838748 0.0155005 -0.299186 0.954069 0.195157 1.01356 2.22382</i>
                        <i>-0.0792986 0.948719 0.306012 -0.996639 -0.0817873 -0.00470196 0.0205671 -0.305356 0.952016 0.195149 1.01579 2.22545</i>
                        <i>-0.0814347 0.945875 0.314147 -0.996357 -0.0852629 -0.00155959 0.0253099 -0.31313 0.949373 0.195154 1.00211 2.22723</i>
                        <i>-0.0835068 0.94283 0.322642 -0.996072 -0.0885439 0.000939421 0.0294537 -0.321296 0.946521 0.19517 0.968635 2.22896</i>
                        <i>-0.0852853 0.940032 0.330252 -0.995819 -0.0913107 0.00274441 0.0327354 -0.328637 0.943889 0.19519 0.926219 2.23044</i>
                        <i>-0.0865265 0.937976 0.335731 -0.995638 -0.0932199 0.00383911 0.0348978 -0.333934 0.94195 0.195207 0.885719 2.23148</i>
                        <i>-0.0869903 0.937178 0.337832 -0.99557 -0.0939286 0.00421156 0.035679 -0.335969 0.941197 0.195214 0.857997 2.23187</i>
                        <i>-0.089406 0.938395 0.333798 -0.995372 -0.0960383 0.00338424 0.0352331 -0.33195 0.942639 0.195151 0.848886 2.23296</i>
                        <i>-0.0950562 0.942656 0.319945 -0.994905 -0.100808 0.00142232 0.0335937 -0.31818 0.947435 0.195013 0.853169 2.23538</i>
                        <i>-0.101155 0.948968 0.298709 -0.994391 -0.105762 -0.000747052 0.0308831 -0.297109 0.954344 0.194876 0.868288 2.2378</i>
                        <i>-0.104097 0.952143 0.287379 -0.994134 -0.108138 -0.00182325 0.0293405 -0.285884 0.957815 0.194814 0.891759 2.23891</i>
                        <i>-0.103462 0.94769 0.301958 -0.994142 -0.108068 -0.00145985 0.0312485 -0.30034 0.95332 0.206461 0.921303 2.25394</i>
                        <i>-0.100446 0.93642 0.336196 -0.994301 -0.106614 -0.000112846 0.0357374 -0.334291 0.941792 0.237173 0.954706 2.29345</i>
                        <i>-0.0935471 0.920243 0.380003 -0.994764 -0.102167 0.00253024 0.0411523 -0.377776 0.924982 0.280612 0.989616 2.34902</i>
                        <i>-0.0829375 0.903673 0.420116 -0.995519 -0.0943456 0.00640708 0.045426 -0.417702 0.907448 0.330439 1.02368 2.41224</i>
                        <i>-0.070817 0.891967 0.446519 -0.996359 -0.0845544 0.0108854 0.0474646 -0.444122 0.894708 0.380312 1.05455 2.47472</i>
                        <i>-0.0602295 0.888252 0.45539 -0.997048 -0.0752975 0.0150014 0.0476148 -0.453142 0.890166 0.423889 1.07983 2.52805</i>
                    </KeyFrames>
                </p>
            </i>
            <i>
                <p>
                    <Name>
                        <![CDATA[spine1]]>
</Name>
                    <Exclude>0</Exclude>
                    <Additive>0</Additive>
                    <IKPriority>0</IKPriority>
                    <IKRotLimits>-1e+010 -1e+010 -1e+010 1e+010 1e+010 1e+010</IKRotLimits>
                    <IKRotLimitOrder>0</IKRotLimitOrder>
                    <KeyFrames count="66">
                        <i>-0.13992 0.206169 0.968461 -0.990099 -0.0402235 -0.134484 0.0112285 -0.977689 0.209756 0.220699 0.278336 2.14284</i>
                        <i>-0.140188 0.124909 0.982214 -0.989915 -0.0381108 -0.136441 0.0203903 -0.991436 0.128992 0.214508 0.287091 2.19818</i>
                        <i>-0.133321 0.0275124 0.990691 -0.990596 -0.034705 -0.132344 0.0307408 -0.999019 0.0318805 0.206117 0.299319 2.25445</i>
                        <i>-0.117291 0.00951883 0.993052 -0.992766 -0.0269685 -0.116998 0.0256675 -0.999591 0.0126131 0.195909 0.30739 2.30971</i>
                        <i>-0.0942317 0.0990607 0.99061 -0.99553 -0.0158076 -0.093119 0.00643477 -0.994956 0.100107 0.184595 0.309439 2.36197</i>
                        <i>-0.0676821 0.234633 0.969725 -0.997641 -0.00470303 -0.0684925 -0.0115099 -0.972073 0.234398 0.173018 0.309581 2.40977</i>
                        <i>-0.0414136 0.375379 0.925946 -0.998897 0.00497685 -0.0466941 -0.0221363 -0.926858 0.374759 0.161983 0.309184 2.45129</i>
                        <i>-0.0191183 0.488149 0.872551 -0.999492 0.0129363 -0.0291369 -0.0255107 -0.872664 0.487654 0.152366 0.309342 2.48398</i>
                        <i>-0.00238853 0.558256 0.829666 -0.999683 0.0194717 -0.0159798 -0.0250758 -0.82944 0.558032 0.145032 0.310283 2.50509</i>
                        <i>0.00917463 0.581559 0.813453 -0.999661 0.0251605 -0.00671312 -0.024371 -0.813115 0.581593 0.140758 0.311699 2.51214</i>
                        <i>0.0165451 0.554031 0.832331 -0.999561 0.0296106 0.000159432 -0.0245575 -0.831969 0.554278 0.138898 0.313336 2.51128</i>
                        <i>0.0206764 0.480129 0.876954 -0.999461 0.0322983 0.00588158 -0.0255002 -0.876603 0.480538 0.138164 0.315436 2.51021</i>
                        <i>0.0218968 0.365761 0.930451 -0.999385 0.0335074 0.0103473 -0.0273923 -0.930105 0.36627 0.138339 0.318564 2.50906</i>
                        <i>0.0203753 0.225198 0.9741 -0.999354 0.0334541 0.0131694 -0.0296219 -0.973738 0.225734 0.139191 0.322957 2.50822</i>
                        <i>0.016529 0.0871016 0.996062 -0.999383 0.0323047 0.0137592 -0.030979 -0.995676 0.0875818 0.140494 0.328198 2.50795</i>
                        <i>0.0109671 -0.0125542 0.999861 -0.999481 0.0301478 0.0113415 -0.030286 -0.999467 -0.0122171 0.142067 0.333516 2.50801</i>
                        <i>0.00430043 -0.0617523 0.998082 -0.999611 0.0272218 0.00599124 -0.0275396 -0.99772 -0.0616112 0.143809 0.334996 2.50785</i>
                        <i>-0.00279104 -0.0723503 0.997375 -0.999713 0.0239501 -0.00106024 -0.0238105 -0.997092 -0.0723963 0.145657 0.329899 2.50728</i>
                        <i>-0.00960009 -0.038831 0.9992 -0.999747 0.0207194 -0.00880016 -0.0203611 -0.999031 -0.03902 0.147497 0.317651 2.50654</i>
                        <i>-0.0153968 0.0311526 0.999396 -0.999709 0.0180698 -0.0159649 -0.0185563 -0.999351 0.0308653 0.149192 0.30063 2.50604</i>
                        <i>-0.0194525 0.114519 0.993231 -0.999633 0.0164812 -0.0214782 -0.0188293 -0.993284 0.114156 0.15062 0.284377 2.50601</i>
                        <i>-0.0211187 0.187743 0.981991 -0.999565 0.0162495 -0.0246034 -0.020576 -0.982084 0.187318 0.151694 0.274419 2.50637</i>
                        <i>-0.0198835 0.229975 0.972993 -0.999544 0.0175487 -0.0245739 -0.0227261 -0.973038 0.229521 0.152361 0.276172 2.50668</i>
                        <i>-0.0165903 0.245532 0.969246 -0.999557 0.0198982 -0.0221498 -0.0247248 -0.969184 0.245093 0.154302 0.288259 2.51272</i>
                        <i>-0.0130657 0.25518 0.966805 -0.99959 0.0213065 -0.0191324 -0.0254815 -0.966659 0.254797 0.158458 0.308381 2.5271</i>
                        <i>-0.00967793 0.266421 0.963808 -0.999674 0.0201961 -0.0156208 -0.0236268 -0.963645 0.266138 0.16355 0.340206 2.54502</i>
                        <i>-0.006346 0.286706 0.957998 -0.999799 0.0163787 -0.0115247 -0.0189949 -0.957879 0.286545 0.168212 0.387186 2.56225</i>
                        <i>-0.00315617 0.321492 0.946907 -0.999904 0.0117287 -0.00731493 -0.0134577 -0.94684 0.321425 0.171196 0.453077 2.5743</i>
                        <i>-0.000476549 0.373695 0.927551 -0.999927 0.0109862 -0.00493989 -0.0120363 -0.927486 0.373663 0.171574 0.542252 2.57497</i>
                        <i>0.0127377 0.361252 0.932381 -0.999766 0.0209271 0.00555006 -0.017507 -0.932233 0.361434 0.17127 0.704397 2.5595</i>
                        <i>0.0344185 0.184736 0.982185 -0.998636 0.0449734 0.0265361 -0.0392701 -0.981759 0.186032 0.172874 0.930392 2.52338</i>
                        <i>0.03753 0.0299487 0.998847 -0.996316 0.0782453 0.0350889 -0.0771042 -0.996484 0.0327749 0.175959 1.12818 2.47145</i>
                        <i>0.0254883 0.0789151 0.996555 -0.99471 0.10123 0.0174249 -0.0995064 -0.991728 0.0810779 0.177624 1.21589 2.41495</i>
                        <i>0.0124519 0.576571 0.816952 -0.994006 0.0958864 -0.052522 -0.108617 -0.811401 0.574309 0.179271 1.17108 2.33063</i>
                        <i>0.0348646 0.885138 0.464021 -0.989348 0.0962304 -0.109228 -0.141335 -0.45527 0.879064 0.185143 1.05196 2.28806</i>
                        <i>0.0417717 0.90059 0.432658 -0.98649 0.10583 -0.125046 -0.158403 -0.421589 0.892844 0.185123 0.973991 2.28535</i>
                        <i>0.0272472 0.864323 0.502198 -0.987134 0.102447 -0.122761 -0.157554 -0.492392 0.855995 0.179999 0.966784 2.29788</i>
                        <i>0.0144226 0.789603 0.613449 -0.98806 0.105372 -0.1124 -0.153392 -0.604503 0.781695 0.175834 0.959035 2.31007</i>
                        <i>0.0221114 0.686995 0.726326 -0.986971 0.130814 -0.0936842 -0.159374 -0.714791 0.680936 0.175543 0.9512 2.30817</i>
                        <i>0.0111632 0.65813 0.752821 -0.989466 0.115941 -0.086685 -0.144333 -0.743924 0.652492 0.175111 0.983371 2.31447</i>
                        <i>0.00841324 0.638901 0.769243 -0.991174 0.107108 -0.0781187 -0.132302 -0.761796 0.634163 0.176242 1.01812 2.31514</i>
                        <i>0.00968408 0.633096 0.774013 -0.992416 0.100945 -0.07015 -0.122544 -0.767463 0.629272 0.17795 1.05222 2.3125</i>
                        <i>0.0126994 0.644173 0.764775 -0.993125 0.0971354 -0.0653263 -0.116368 -0.758687 0.640977 0.179485 1.0817 2.30868</i>
                        <i>0.0148169 0.6823 0.730922 -0.993151 0.0947723 -0.0683351 -0.115896 -0.724904 0.679031 0.180743 1.10653 2.29531</i>
                        <i>0.014624 0.704433 0.70962 -0.993105 0.0927888 -0.0716445 -0.116313 -0.703679 0.700933 0.181187 1.12706 2.28675</i>
                        <i>0.0139749 0.720916 0.692881 -0.993078 0.0908298 -0.0744752 -0.116625 -0.687044 0.717195 0.181427 1.14526 2.28101</i>
                        <i>0.0128383 0.732636 0.6805 -0.993069 0.0888566 -0.0769291 -0.116828 -0.674796 0.728699 0.181498 1.16079 2.27771</i>
                        <i>0.0111987 0.740364 0.672113 -0.993079 0.0868223 -0.0790922 -0.116911 -0.666576 0.736212 0.181436 1.17326 2.27645</i>
                        <i>0.00907642 0.744789 0.667239 -0.993107 0.0846954 -0.08103 -0.116862 -0.661904 0.740423 0.181273 1.18221 2.27683</i>
                        <i>0.00654015 0.746545 0.665303 -0.993149 0.0824757 -0.0827839 -0.116673 -0.660204 0.741969 0.181044 1.18718 2.27843</i>
                        <i>0.00371614 0.746243 0.665664 -0.993201 0.0802057 -0.08437 -0.11635 -0.660824 0.741467 0.180778 1.18771 2.28085</i>
                        <i>0.000790502 0.744498 0.667624 -0.993258 0.0779758 -0.0857784 -0.11592 -0.663055 0.739541 0.180505 1.17226 2.28369</i>
                        <i>-0.00199501 0.741949 0.670453 -0.993313 0.0759231 -0.0869751 -0.115434 -0.666143 0.736837 0.18025 1.13709 2.28656</i>
                        <i>-0.00435556 0.739266 0.6734 -0.99336 0.0742223 -0.0879072 -0.114968 -0.669311 0.734033 0.180038 1.09323 2.28908</i>
                        <i>-0.00598495 0.737144 0.67571 -0.993392 0.0730683 -0.0885103 -0.114618 -0.671774 0.731835 0.179893 1.05173 2.29086</i>
                        <i>-0.006587 0.736284 0.67664 -0.993403 0.0726481 -0.0887224 -0.114482 -0.672761 0.730949 0.179839 1.02364 2.29154</i>
                        <i>-0.00667949 0.72543 0.688263 -0.993561 0.0730308 -0.086617 -0.113099 -0.68441 0.720272 0.179786 1.01016 2.29032</i>
                        <i>-0.00695826 0.702382 0.711766 -0.993926 0.0733216 -0.0820715 -0.109833 -0.708014 0.697605 0.179682 1.0052 2.28704</i>
                        <i>-0.00744945 0.680509 0.732702 -0.994328 0.0726986 -0.0776294 -0.106094 -0.729125 0.676107 0.179598 1.01162 2.28305</i>
                        <i>-0.00751086 0.663358 0.748264 -0.994583 0.0726239 -0.0743666 -0.103674 -0.744769 0.65922 0.179557 1.03131 2.28119</i>
                        <i>-0.00221484 0.630582 0.77612 -0.995005 0.0760704 -0.0646452 -0.0998038 -0.772386 0.627263 0.191128 1.06174 2.29884</i>
                        <i>0.011875 0.57866 0.815483 -0.995482 0.0836777 -0.0448809 -0.0942085 -0.811265 0.577039 0.221872 1.09735 2.34478</i>
                        <i>0.0321568 0.531694 0.846326 -0.99529 0.0945174 -0.0215626 -0.0914573 -0.841646 0.532229 0.265816 1.13517 2.40921</i>
                        <i>0.0527727 0.515735 0.855121 -0.994407 0.105591 -0.00231478 -0.0914869 -0.850216 0.518423 0.316748 1.17286 2.48164</i>
                        <i>0.0699801 0.530304 0.844914 -0.993412 0.114104 0.0106627 -0.090754 -0.840094 0.534796 0.368115 1.20817 2.55162</i>
                        <i>0.0816389 0.560576 0.824069 -0.992854 0.117948 0.0181254 -0.087037 -0.81966 0.566199 0.413134 1.23843 2.60932</i>
                    </KeyFrames>
                </p>
            </i>
            <i>
                <p>
                    <Name>
                        <![CDATA[spine2]]>
</Name>
                    <Exclude>0</Exclude>
                    <Additive>0</Additive>
                    <IKPriority>0</IKPriority>
                    <IKRotLimits>-1e+010 -1e+010 -1e+010 1e+010 1e+010 1e+010</IKRotLimits>
                    <IKRotLimitOrder>0</IKRotLimitOrder>
                    <KeyFrames count="66">
                        <i>-0.130294 0.367588 0.920816 -0.984009 0.0658212 -0.165512 -0.121449 -0.927657 0.353134 0.198307 0.311168 2.29719</i>
                        <i>-0.110508 0.33575 0.935446 -0.985331 0.086139 -0.147318 -0.13004 -0.938004 0.321306 0.192433 0.306698 2.35224</i>
                        <i>-0.0821146 0.295644 0.951762 -0.986078 0.114451 -0.120627 -0.144593 -0.948417 0.28213 0.185398 0.303625 2.40776</i>
                        <i>-0.0449479 0.288119 0.956539 -0.98512 0.146217 -0.090333 -0.165889 -0.946366 0.27726 0.177761 0.308915 2.46248</i>
                        <i>-0.00320416 0.325899 0.945399 -0.982534 0.174873 -0.0636126 -0.186056 -0.92909 0.319647 0.16994 0.324767 2.51471</i>
                        <i>0.0369255 0.381108 0.923793 -0.979201 0.198351 -0.0426891 -0.199505 -0.903002 0.380506 0.162273 0.346354 2.56169</i>
                        <i>0.0709053 0.438201 0.896076 -0.976025 0.215809 -0.0283037 -0.205784 -0.872586 0.442997 0.155137 0.369819 2.60104</i>
                        <i>0.0964497 0.485457 0.868924 -0.973485 0.227938 -0.0192901 -0.207425 -0.844024 0.494569 0.149 0.391325 2.63088</i>
                        <i>0.113391 0.515459 0.849379 -0.971639 0.236081 -0.0135566 -0.20751 -0.823752 0.52761 0.144469 0.407274 2.64972</i>
                        <i>0.12246 0.52289 0.843558 -0.970346 0.241557 -0.00886601 -0.208403 -0.817457 0.536965 0.142236 0.414233 2.6561</i>
                        <i>0.127905 0.502938 0.854806 -0.968879 0.247534 -0.000665831 -0.211928 -0.828119 0.518947 0.141643 0.409971 2.65697</i>
                        <i>0.133309 0.459028 0.878363 -0.966665 0.255711 0.0130774 -0.218604 -0.850826 0.477815 0.141526 0.396926 2.65947</i>
                        <i>0.137962 0.397481 0.90718 -0.963793 0.264901 0.0305056 -0.228187 -0.878542 0.419635 0.141776 0.378675 2.66229</i>
                        <i>0.141014 0.326616 0.934579 -0.96054 0.273746 0.0492626 -0.239747 -0.904647 0.352329 0.142271 0.358997 2.6643</i>
                        <i>0.14175 0.258011 0.955687 -0.957515 0.280672 0.0662466 -0.251142 -0.924475 0.286835 0.142901 0.34193 2.66503</i>
                        <i>0.13983 0.206024 0.968505 -0.955704 0.283919 0.077585 -0.258993 -0.936453 0.236598 0.143577 0.331554 2.66481</i>
                        <i>0.135655 0.175989 0.975 -0.955606 0.283045 0.0818664 -0.261562 -0.942822 0.206573 0.14427 0.32533 2.66418</i>
                        <i>0.130029 0.161894 0.978204 -0.956908 0.278852 0.081048 -0.259653 -0.94659 0.191176 0.145011 0.318578 2.66344</i>
                        <i>0.123477 0.16524 0.978493 -0.959612 0.271057 0.07532 -0.252781 -0.948274 0.192036 0.145794 0.311585 2.66287</i>
                        <i>0.116552 0.180664 0.976615 -0.963099 0.260752 0.0667028 -0.242603 -0.948351 0.204389 0.146591 0.305518 2.66252</i>
                        <i>0.109844 0.196086 0.974415 -0.966468 0.25 0.0586398 -0.232106 -0.948182 0.216972 0.147381 0.302396 2.66228</i>
                        <i>0.104037 0.200029 0.974251 -0.969165 0.240393 0.0541376 -0.223374 -0.949842 0.218871 0.148172 0.304192 2.6622</i>
                        <i>0.0998938 0.181421 0.978319 -0.970906 0.232829 0.0559607 -0.217629 -0.955446 0.199401 0.149013 0.312935 2.66238</i>
                        <i>0.0883347 0.124366 0.988297 -0.973499 0.220892 0.0592154 -0.210942 -0.967337 0.140582 0.151457 0.327868 2.66932</i>
                        <i>0.065178 0.0331014 0.997325 -0.977593 0.202596 0.0571643 -0.200161 -0.978703 0.0455644 0.156155 0.350095 2.68552</i>
                        <i>0.0377967 -0.0725076 0.996651 -0.981688 0.183656 0.0505905 -0.186709 -0.980313 -0.0642383 0.16178 0.384411 2.70546</i>
                        <i>0.0120425 -0.172246 0.98498 -0.985007 0.16749 0.0413322 -0.172094 -0.97071 -0.167647 0.166987 0.435414 2.72402</i>
                        <i>-0.00785905 -0.247982 0.968733 -0.987298 0.155657 0.0318364 -0.158685 -0.956178 -0.246055 0.170514 0.50765 2.73567</i>
                        <i>-0.0192369 -0.284928 0.958356 -0.98842 0.149726 0.0246745 -0.150521 -0.946783 -0.284509 0.171358 0.605747 2.73312</i>
                        <i>-0.0288856 -0.326022 0.944921 -0.989083 0.145975 0.0201296 -0.144498 -0.934024 -0.326679 0.173233 0.763356 2.71202</i>
                        <i>-0.0448377 -0.354611 0.933938 -0.990179 0.139698 0.00550478 -0.132421 -0.924519 -0.357392 0.178213 0.959467 2.67883</i>
                        <i>-0.0598045 -0.289424 0.955331 -0.991267 0.129904 -0.0226988 -0.117532 -0.948345 -0.294665 0.182062 1.13275 2.63744</i>
                        <i>-0.0724835 -0.165748 0.983501 -0.991326 0.120364 -0.0527755 -0.10963 -0.978795 -0.173035 0.181977 1.22932 2.59187</i>
                        <i>-0.0789445 0.193414 0.977936 -0.983237 0.146629 -0.108372 -0.164354 -0.970098 0.178596 0.181332 1.27337 2.47639</i>
                        <i>-0.0442785 0.587445 0.808052 -0.966475 0.179579 -0.183512 -0.252912 -0.789088 0.5598 0.191752 1.22479 2.37934</i>
                        <i>-0.00903429 0.70825 0.705904 -0.957674 0.196986 -0.209897 -0.287713 -0.677922 0.676493 0.193345 1.15634 2.37373</i>
                        <i>0.0136397 0.747007 0.664676 -0.957979 0.200238 -0.205382 -0.286515 -0.633944 0.718348 0.185084 1.1354 2.39653</i>
                        <i>0.030492 0.746952 0.664179 -0.959451 0.208162 -0.190056 -0.28022 -0.631452 0.723011 0.178216 1.10071 2.42059</i>
                        <i>0.0443479 0.718509 0.694102 -0.961384 0.219594 -0.16589 -0.271614 -0.659942 0.700502 0.178771 1.05649 2.41946</i>
                        <i>0.0289887 0.66998 0.741813 -0.968487 0.202484 -0.14503 -0.247372 -0.714231 0.654737 0.176726 1.08824 2.43455</i>
                        <i>0.0102167 0.591511 0.806232 -0.975137 0.184386 -0.122922 -0.221368 -0.784931 0.578688 0.177462 1.12263 2.44122</i>
                        <i>-0.00549267 0.506376 0.862295 -0.980117 0.168311 -0.105083 -0.198345 -0.845727 0.495384 0.179424 1.15797 2.44215</i>
                        <i>-0.0154774 0.445168 0.895313 -0.982795 0.158048 -0.0955742 -0.184049 -0.881389 0.435063 0.181512 1.19124 2.43918</i>
                        <i>-0.0202408 0.452266 0.891654 -0.983167 0.152971 -0.0999084 -0.181582 -0.878667 0.441556 0.183154 1.22356 2.42114</i>
                        <i>-0.0221218 0.470934 0.881891 -0.982735 0.151834 -0.105731 -0.183693 -0.869004 0.459444 0.183564 1.24787 2.4089</i>
                        <i>-0.0237128 0.486984 0.873089 -0.981977 0.152457 -0.111706 -0.187508 -0.860002 0.474592 0.183685 1.26866 2.40005</i>
                        <i>-0.0250651 0.500589 0.865322 -0.980951 0.154478 -0.11778 -0.192633 -0.851791 0.487181 0.183551 1.28577 2.3942</i>
                        <i>-0.0261946 0.511927 0.858629 -0.979716 0.157557 -0.123827 -0.198673 -0.844456 0.497416 0.183194 1.29894 2.39092</i>
                        <i>-0.027099 0.521186 0.853013 -0.978336 0.161374 -0.129679 -0.205241 -0.838048 0.505522 0.182658 1.30788 2.38976</i>
                        <i>-0.0277721 0.528557 0.848443 -0.976884 0.165623 -0.135155 -0.211959 -0.832584 0.511739 0.181988 1.31228 2.39024</i>
                        <i>-0.0282151 0.534241 0.844861 -0.975436 0.170009 -0.140079 -0.21847 -0.82806 0.516321 0.18124 1.31185 2.39188</i>
                        <i>-0.0284454 0.538442 0.842183 -0.974073 0.174241 -0.1443 -0.22444 -0.824452 0.519525 0.180475 1.29521 2.39421</i>
                        <i>-0.028502 0.541365 0.840305 -0.972876 0.178036 -0.147698 -0.229563 -0.821722 0.521607 0.179759 1.2588 2.39679</i>
                        <i>-0.0284453 0.543214 0.839113 -0.971927 0.181108 -0.150191 -0.233556 -0.819829 0.522812 0.179161 1.21383 2.39916</i>
                        <i>-0.0283521 0.544186 0.838485 -0.971303 0.18317 -0.151723 -0.236151 -0.818725 0.523376 0.178752 1.17154 2.40089</i>
                        <i>-0.0283042 0.54447 0.838302 -0.971078 0.183927 -0.152246 -0.237079 -0.818366 0.523517 0.178601 1.14314 2.40157</i>
                        <i>-0.0282674 0.519865 0.853781 -0.971735 0.185974 -0.145412 -0.234376 -0.833759 0.499914 0.178573 1.12467 2.39909</i>
                        <i>-0.027972 0.461194 0.886858 -0.973235 0.189889 -0.129444 -0.228104 -0.866742 0.443538 0.178514 1.10931 2.39248</i>
                        <i>-0.0272381 0.392746 0.919244 -0.974887 0.192893 -0.1113 -0.221029 -0.89919 0.377629 0.178449 1.10613 2.38457</i>
                        <i>-0.0260316 0.342752 0.939065 -0.976074 0.194142 -0.0979177 -0.215873 -0.919147 0.329497 0.17844 1.12073 2.38174</i>
                        <i>-0.0164094 0.300934 0.953504 -0.978223 0.192509 -0.0775924 -0.206908 -0.934012 0.291221 0.190722 1.14765 2.40432</i>
                        <i>0.00573474 0.255124 0.966891 -0.981289 0.187527 -0.0436605 -0.192457 -0.948549 0.251425 0.22343 1.17833 2.45875</i>
                        <i>0.0332214 0.233391 0.971815 -0.983205 0.182224 -0.0101522 -0.179458 -0.955156 0.235525 0.270383 1.21236 2.53208</i>
                        <i>0.0583814 0.258437 0.964262 -0.983629 0.17985 0.0113515 -0.170489 -0.949139 0.264706 0.324643 1.25095 2.61128</i>
                        <i>0.0785539 0.316965 0.945179 -0.983639 0.178828 0.0217807 -0.16212 -0.931426 0.325827 0.379077 1.29191 2.68534</i>
