<?xml version="1.0" encoding="ISO-8859-1" ?>
<Animl Version="1">
    <ModellingPackage>
        <![CDATA[Maya.2010]]>
</ModellingPackage>
    <SrcFile>
        <![CDATA[anims\characters\shared\elite\~src\crawl_in.mb]]>
</SrcFile>
    <FramesPerSecond>30</FramesPerSecond>
    <TotalFrames>66</TotalFrames>
    <Skeleton>
        <RefFrame>
            <Name>
                <![CDATA[soldier_ref_frame]]>
</Name>
            <Exclude>0</Exclude>
            <Additive>0</Additive>
            <IKPriority>0</IKPriority>
            <IKRotLimits>-1e+010 -1e+010 -1e+010 1e+010 1e+010 1e+010</IKRotLimits>
            <IKRotLimitOrder>0</IKRotLimitOrder>
            <KeyFrames count="66">
                <i>1 0 0 0 1 0 0 0 1 0 0 0</i>
                <i>1 0 0 0 1 0 0 0 1 0 0 0</i>
                <i>1 0 0 0 1 0 0 0 1 0 0 0</i>
                <i>1 0 0 0 1 0 0 0 1 0 0 0</i>
                <i>1 0 0 0 1 0 0 0 1 0 0 0</i>
                <i>1 0 0 0 1 0 0 0 1 0 0 0</i>
                <i>1 0 0 0 1 0 0 0 1 0 0 0</i>
                <i>1 0 0 0 1 0 0 0 1 0 0 0</i>
                <i>1 0 0 0 1 0 0 0 1 0 0 0</i>
                <i>1 0 0 0 1 0 0 0 1 0 0 0</i>
                <i>1 0 0 0 1 0 0 0 1 0 0 0</i>
                <i>1 0 0 0 1 0 0 0 1 0 0 0</i>
                <i>1 0 0 0 1 0 0 0 1 0 0 0</i>
                <i>1 0 0 0 1 0 0 0 1 0.0036034 0 0.00227543</i>
                <i>1 0 0 0 1 0 0 0 1 0.0287764 0 0.0181714</i>
                <i>1 0 0 0 1 0 0 0 1 0.069784 0 0.0440664</i>
                <i>1 0 0 0 1 0 0 0 1 0.116882 0 0.0738073</i>
                <i>1 0 0 0 1 0 0 0 1 0.160325 0 0.101241</i>
                <i>1 0 0 0 1 0 0 0 1 0.190371 0 0.120213</i>
                <i>1 0 0 0 1 0 0 0 1 0.19825 0 0.125189</i>
                <i>1 0 0 0 1 0 0 0 1 0.19825 0 0.125189</i>
                <i>1 0 0 0 1 0 0 0 1 0.19825 0 0.125189</i>
                <i>1 0 0 0 1 0 0 0 1 0.19825 0 0.125189</i>
                <i>1 0 0 0 1 0 0 0 1 0.19825 0 0.125189</i>
                <i>1 0 0 0 1 0 0 0 1 0.19825 0 0.125189</i>
                <i>1 0 0 0 1 0 0 0 1 0.19825 0 0.125189</i>
                <i>1 0 0 0 1 0 0 0 1 0.19825 0 0.125189</i>
                <i>1 0 0 0 1 0 0 0 1 0.19825 0 0.125189</i>
                <i>1 0 0 0 1 0 0 0 1 0.19825 0 0.125189</i>
                <i>1 0 0 0 1 0 0 0 1 0.19825 0 0.125189</i>
                <i>1 0 0 0 1 0 0 0 1 0.19825 0 0.125189</i>
                <i>1 0 0 0 1 0 0 0 1 0.19825 0 0.125189</i>
                <i>1 0 0 0 1 0 0 0 1 0.19825 0 0.125189</i>
                <i>1 0 0 0 1 0 0 0 1 0.19825 0 0.125189</i>
                <i>1 0 0 0 1 0 0 0 1 0.19825 0 0.125189</i>
                <i>1 0 0 0 1 0 0 0 1 0.19825 0 0.125189</i>
                <i>1 0 0 0 1 0 0 0 1 0.19825 0 0.125189</i>
                <i>1 0 0 0 1 0 0 0 1 0.19825 0 0.125189</i>
                <i>1 0 0 0 1 0 0 0 1 0.19825 0 0.125189</i>
                <i>1 0 0 0 1 0 0 0 1 0.19825 0 0.125189</i>
                <i>1 0 0 0 1 0 0 0 1 0.19825 0 0.125189</i>
                <i>1 0 0 0 1 0 0 0 1 0.19825 0 0.125189</i>
                <i>1 0 0 0 1 0 0 0 1 0.19825 0 0.125189</i>
                <i>1 0 0 0 1 0 0 0 1 0.19825 0 0.125189</i>
                <i>1 0 0 0 1 0 0 0 1 0.19825 0 0.125189</i>
                <i>1 0 0 0 1 0 0 0 1 0.19825 0 0.125189</i>
                <i>1 0 0 0 1 0 0 0 1 0.19825 0 0.125189</i>
                <i>1 0 0 0 1 0 0 0 1 0.19825 0 0.125189</i>
                <i>1 0 0 0 1 0 0 0 1 0.19825 0 0.125189</i>
                <i>1 0 0 0 1 0 0 0 1 0.19825 0 0.125189</i>
                <i>1 0 0 0 1 0 0 0 1 0.19825 0 0.125189</i>
                <i>1 0 0 0 1 0 0 0 1 0.19825 0 0.125189</i>
                <i>1 0 0 0 1 0 0 0 1 0.19825 0 0.125189</i>
                <i>1 0 0 0 1 0 0 0 1 0.19825 0 0.125189</i>
                <i>1 0 0 0 1 0 0 0 1 0.19825 0 0.125189</i>
                <i>1 0 0 0 1 0 0 0 1 0.19825 0 0.125189</i>
                <i>1 0 0 0 1 0 0 0 1 0.19825 0 0.125189</i>
                <i>1 0 0 0 1 0 0 0 1 0.19825 0 0.125189</i>
                <i>1 0 0 0 1 0 0 0 1 0.19825 0 0.125189</i>
                <i>1 0 0 0 1 0 0 0 1 0.19825 0 0.125189</i>
                <i>1 0 0 0 1 0 0 0 1 0.19825 0 0.125189</i>
                <i>1 0 0 0 1 0 0 0 1 0.19825 0 0.125189</i>
                <i>1 0 0 0 1 0 0 0 1 0.19825 0 0.125189</i>
                <i>1 0 0 0 1 0 0 0 1 0.198455 0 0.126757</i>
                <i>1 0 0 0 1 0 0 0 1 0.199985 0 0.138666</i>
                <i>1 0 0 0 1 0 0 0 1 0.202753 0 0.160855</i>
            </KeyFrames>
        </RefFrame>
        <Bones count="23">
            <i>
                <p>
                    <Name>
                        <![CDATA[pelvis]]>
</Name>
                    <Exclude>0</Exclude>
                    <Additive>0</Additive>
                    <IKPriority>0</IKPriority>
                    <IKRotLimits>-1e+010 -1e+010 -1e+010 1e+010 1e+010 1e+010</IKRotLimits>
                    <IKRotLimitOrder>2</IKRotLimitOrder>
                    <KeyFrames count="66">
                        <i>1 0 0 0 1 0 0 0 1 -0.059303 0.981368 0.0732933</i>
                        <i>1 0 0 0 1 0 0 0 1 -0.059303 0.994265 0.0732933</i>
                        <i>1 0 0 0 1 0 0 0 1 -0.059303 1.02357 0.0732933</i>
                        <i>1 0 0 0 1 0 0 0 1 -0.059303 1.05653 0.0732933</i>
                        <i>1 0 0 0 1 0 0 0 1 -0.059303 1.08038 0.0732933</i>
                        <i>1 0 0 0 1 0 0 0 1 -0.059303 1.08238 0.0732933</i>
                        <i>1 0 0 0 1 0 0 0 1 -0.059303 1.04976 0.0732933</i>
                        <i>1 0 0 0 1 0 0 0 1 -0.0511824 0.982896 0.0805084</i>
                        <i>1 0 0 0 1 0 0 0 1 -0.0294878 0.894248 0.0995805</i>
                        <i>1 0 0 0 1 0 0 0 1 0.00177172 0.789213 0.126491</i>
                        <i>1 0 0 0 1 0 0 0 1 0.0386536 0.673687 0.157167</i>
                        <i>1 0 0 0 1 0 0 0 1 0.077335 0.554254 0.187928</i>
                        <i>1 0 0 0 1 0 0 0 1 0.114065 0.437846 0.215898</i>
                        <i>1 0 0 0 1 0 0 0 1 0.145052 0.331153 0.238927</i>
                        <i>1 0 0 0 1 0 0 0 1 0.166412 0.24034 0.254929</i>
                        <i>1 0 0 0 1 0 0 0 1 0.174223 0.171312 0.260933</i>
                        <i>1 0 0 0 1 0 0 0 1 0.174053 0.158291 0.26047</i>
                        <i>1 0 0 0 1 0 0 0 1 0.174032 0.204736 0.260482</i>
                        <i>1 0 0 0 1 0 0 0 1 0.174102 0.270472 0.261307</i>
                        <i>1 0 0 0 1 0 0 0 1 0.174193 0.315327 0.262099</i>
                        <i>1 0 0 0 1 0 0 0 1 0.174228 0.321579 0.26153</i>
                        <i>1 0 0 0 1 0 0 0 1 0.174212 0.294483 0.260113</i>
                        <i>1 0 0 0 1 0 0 0 1 0.174206 0.246505 0.259493</i>
                        <i>1 0 0 0 1 0 0 0 1 0.174214 0.200281 0.26014</i>
                        <i>1 0 0 0 1 0 0 0 1 0.174223 0.171312 0.260933</i>
                        <i>1 0 0 0 1 0 0 0 1 0.174224 0.17628 0.261065</i>
                        <i>1 0 0 0 1 0 0 0 1 0.174223 0.189934 0.260933</i>
                        <i>1 0 0 0 1 0 0 0 1 0.174223 0.185106 0.260933</i>
                        <i>1 0 0 0 1 0 0 0 1 0.174223 0.17614 0.260933</i>
                        <i>1 0 0 0 1 0 0 0 1 0.174223 0.171312 0.260933</i>
                        <i>1 0 0 0 1 0 0 0 1 0.174223 0.171312 0.260933</i>
                        <i>1 0 0 0 1 0 0 0 1 0.174223 0.171312 0.260933</i>
                        <i>1 0 0 0 1 0 0 0 1 0.174223 0.171312 0.260933</i>
                        <i>1 0 0 0 1 0 0 0 1 0.174223 0.171312 0.260933</i>
                        <i>1 0 0 0 1 0 0 0 1 0.174223 0.171312 0.260933</i>
                        <i>1 0 0 0 1 0 0 0 1 0.174223 0.171312 0.260933</i>
                        <i>1 0 0 0 1 0 0 0 1 0.174223 0.171312 0.260933</i>
                        <i>1 0 0 0 1 0 0 0 1 0.174223 0.171312 0.260933</i>
                        <i>1 0 0 0 1 0 0 0 1 0.174223 0.171312 0.260933</i>
                        <i>1 0 0 0 1 0 0 0 1 0.174223 0.1713 0.260908</i>
                        <i>1 0 0 0 1 0 0 0 1 0.174223 0.171268 0.260846</i>
                        <i>1 0 0 0 1 0 0 0 1 0.174223 0.171227 0.260766</i>
                        <i>1 0 0 0 1 0 0 0 1 0.174224 0.171184 0.260687</i>
                        <i>1 0 0 0 1 0 0 0 1 0.174224 0.17115 0.260627</i>
                        <i>1 0 0 0 1 0 0 0 1 0.174224 0.171136 0.260603</i>
                        <i>1 0 0 0 1 0 0 0 1 0.174224 0.171136 0.260603</i>
                        <i>1 0 0 0 1 0 0 0 1 0.174224 0.171136 0.260603</i>
                        <i>1 0 0 0 1 0 0 0 1 0.174224 0.171136 0.260603</i>
                        <i>1 0 0 0 1 0 0 0 1 0.174224 0.171136 0.260603</i>
                        <i>1 0 0 0 1 0 0 0 1 0.174224 0.171136 0.260603</i>
                        <i>1 0 0 0 1 0 0 0 1 0.174224 0.171136 0.260603</i>
                        <i>1 0 0 0 1 0 0 0 1 0.174224 0.171136 0.260603</i>
                        <i>1 0 0 0 1 0 0 0 1 0.174224 0.171136 0.260603</i>
                        <i>1 0 0 0 1 0 0 0 1 0.174224 0.171136 0.260603</i>
                        <i>1 0 0 0 1 0 0 0 1 0.174224 0.171136 0.260603</i>
                        <i>1 0 0 0 1 0 0 0 1 0.174224 0.171136 0.260603</i>
                        <i>1 0 0 0 1 0 0 0 1 0.174224 0.171136 0.260603</i>
                        <i>1 0 0 0 1 0 0 0 1 0.174241 0.185102 0.260586</i>
                        <i>1 0 0 0 1 0 0 0 1 0.174234 0.211039 0.260583</i>
                        <i>1 0 0 0 1 0 0 0 1 0.174162 0.225006 0.260631</i>
                        <i>1 0 0 0 1 0 0 0 1 0.174079 0.216825 0.260688</i>
                        <i>1 0 0 0 1 0 0 0 1 0.174043 0.198699 0.260706</i>
                        <i>1 0 0 0 1 0 0 0 1 0.174063 0.180262 0.260681</i>
                        <i>1 0 0 0 1 0 0 0 1 0.1741 0.171146 0.260648</i>
                        <i>1 0 0 0 1 0 0 0 1 0.175358 0.173349 0.266568</i>
                        <i>1 0 0 0 1 0 0 0 1 0.17876 0.180777 0.283232</i>
                    </KeyFrames>
                </p>
            </i>
            <i>
                <p>
                    <Name>
                        <![CDATA[spine0]]>
</Name>
                    <Exclude>0</Exclude>
                    <Additive>0</Additive>
                    <IKPriority>0</IKPriority>
                    <IKRotLimits>-1e+010 -1e+010 -1e+010 1e+010 1e+010 1e+010</IKRotLimits>
                    <IKRotLimitOrder>0</IKRotLimitOrder>
                    <KeyFrames count="66">
                        <i>0.0809641 0.993895 0.0749547 -0.944152 0.052378 0.32532 0.319408 -0.0971079 0.942629 -0.0659625 1.12179 0.0427427</i>
                        <i>0.086461 0.992772 0.0832348 -0.943922 0.0549107 0.325569 0.318646 -0.106716 0.941847 -0.0659625 1.13469 0.0427427</i>
                        <i>0.0925252 0.991357 0.0930076 -0.94368 0.0575072 0.325823 0.317658 -0.117916 0.940845 -0.0659625 1.16399 0.0427427</i>
                        <i>0.0969141 0.990383 0.0987397 -0.943459 0.0598161 0.326047 0.317005 -0.124755 0.940183 -0.0659625 1.19695 0.0427427</i>
                        <i>0.0968172 0.990854 0.0939967 -0.943322 0.0612297 0.326183 0.317444 -0.120249 0.940622 -0.0659625 1.22081 0.0427427</i>
                        <i>0.0907414 0.993029 0.0752241 -0.943297 0.061486 0.326207 0.319308 -0.100559 0.9423 -0.0659625 1.2228 0.0427427</i>
                        <i>0.0824399 0.995256 0.0516602 -0.943324 0.0612073 0.32618 0.321471 -0.0756225 0.943895 -0.0659625 1.19018 0.0427427</i>
                        <i>0.0779006 0.994798 0.0656417 -0.945636 0.0528762 0.3209 0.31576 -0.0870715 0.944836 -0.0561152 1.12463 0.0563311</i>
                        <i>0.077937 0.987065 0.140101 -0.951717 0.0318092 0.305324 0.296918 -0.157133 0.941886 -0.0300918 1.03795 0.0927493</i>
                        <i>0.081169 0.960104 0.267604 -0.960217 0.00334878 0.279236 0.267199 -0.279623 0.92218 0.00661976 0.931798 0.144987</i>
                        <i>0.0964134 0.877887 0.469062 -0.969155 -0.0245882 0.245224 0.226812 -0.478236 0.848438 0.0486648 0.809023 0.204914</i>
                        <i>0.0971018 0.721292 0.68579 -0.978653 -0.056205 0.197683 0.181132 -0.690346 0.700438 0.0912955 0.675525 0.264049</i>
                        <i>0.0780566 0.524501 0.847824 -0.986621 -0.0814518 0.141225 0.143129 -0.847505 0.511126 0.130522 0.540494 0.315339</i>
                        <i>0.0593471 0.316658 0.946681 -0.991228 -0.0934952 0.0934132 0.11809 -0.943921 0.308332 0.162823 0.415075 0.354414</i>
                        <i>0.0509371 0.155274 0.986557 -0.993034 -0.097222 0.0665732 0.106252 -0.983076 0.14924 0.184695 0.31061 0.379123</i>
                        <i>0.0544 0.0829626 0.995067 -0.993141 -0.098796 0.0625318 0.103496 -0.991643 0.077019 0.192417 0.23764 0.387288</i>
                        <i>0.0587547 0.0531396 0.996857 -0.992724 -0.102028 0.0639499 0.105105 -0.993361 0.0467583 0.191677 0.227225 0.385505</i>
                        <i>0.0576899 0.00446681 0.998325 -0.992448 -0.108176 0.0578344 0.108253 -0.994122 -0.00180758 0.190832 0.276851 0.383824</i>
                        <i>0.0546974 -0.0553958 0.996965 -0.992139 -0.115567 0.0480112 0.112557 -0.991754 -0.0612815 0.190017 0.345903 0.382769</i>
                        <i>0.0509834 -0.105812 0.993078 -0.991777 -0.122244 0.0378915 0.117388 -0.986844 -0.111174 0.189379 0.393799 0.381713</i>
                        <i>0.0474236 -0.117888 0.991894 -0.991571 -0.12542 0.0325019 0.120571 -0.985075 -0.122842 0.189082 0.402177 0.379765</i>
                        <i>0.0472572 -0.0794277 0.99572 -0.991983 -0.120693 0.0374523 0.117202 -0.989507 -0.0844946 0.18958 0.373801 0.379145</i>
                        <i>0.0501646 -0.0163348 0.998607 -0.992666 -0.110929 0.0480516 0.109989 -0.993694 -0.0217797 0.190736 0.321227 0.381311</i>
                        <i>0.0531084 0.0413964 0.99773 -0.993098 -0.102442 0.0571123 0.104574 -0.993877 0.0356702 0.191891 0.269479 0.385021</i>
                        <i>0.0544 0.0829626 0.995067 -0.993141 -0.098796 0.0625318 0.103496 -0.991643 0.077019 0.192417 0.23764 0.387288</i>
                        <i>0.054561 0.0778222 0.995473 -0.993159 -0.0988444 0.0621615 0.103235 -0.992055 0.0718968 0.192419 0.242608 0.38742</i>
                        <i>0.0548955 0.0621523 0.996556 -0.993222 -0.0990108 0.0608868 0.102454 -0.993143 0.0562958 0.192417 0.256262 0.387288</i>
                        <i>0.0554769 0.0841297 0.994909 -0.993081 -0.0986413 0.0637161 0.1035 -0.99156 0.0780753 0.192417 0.251434 0.387288</i>
                        <i>0.0560516 0.114596 0.99183 -0.992883 -0.098152 0.0674517 0.10508 -0.988551 0.108279 0.192417 0.242468 0.387288</i>
                        <i>0.0565279 0.136052 0.989088 -0.992729 -0.0977927 0.0701877 0.106275 -0.985863 0.129535 0.192417 0.23764 0.387288</i>
                        <i>0.056883 0.145248 0.987759 -0.992651 -0.0976176 0.0715191 0.106811 -0.984568 0.138627 0.192417 0.23764 0.387288</i>
                        <i>0.0570187 0.148798 0.987222 -0.99262 -0.0975499 0.0720335 0.107022 -0.984044 0.142137 0.192417 0.23764 0.387288</i>
                        <i>0.0569767 0.146842 0.987518 -0.992635 -0.0975829 0.0717824 0.106906 -0.984335 0.140201 0.192417 0.23764 0.387288</i>
                        <i>0.0568549 0.141542 0.988298 -0.992676 -0.0976733 0.0710954 0.106593 -0.985102 0.134952 0.192417 0.23764 0.387288</i>
                        <i>0.0566584 0.133744 0.989395 -0.992735 -0.097808 0.0700712 0.106142 -0.986178 0.127231 0.192417 0.23764 0.387288</i>
                        <i>0.0563927 0.124297 0.990641 -0.992807 -0.0979739 0.0688089 0.10561 -0.987396 0.117878 0.192417 0.23764 0.387288</i>
                        <i>0.0560655 0.114062 0.99189 -0.992885 -0.0981576 0.0674093 0.10505 -0.988613 0.107747 0.192417 0.23764 0.387288</i>
                        <i>0.0556876 0.103917 0.993026 -0.992963 -0.0983455 0.0659756 0.104516 -0.989712 0.0977088 0.192417 0.23764 0.387288</i>
                        <i>0.0552731 0.0947515 0.993965 -0.993035 -0.0985239 0.0646133 0.104052 -0.990614 0.0886458 0.192417 0.23764 0.387288</i>
                        <i>0.0545426 0.0972931 0.99376 -0.99308 -0.0983804 0.0641371 0.104007 -0.990381 0.0912539 0.192397 0.238226 0.38695</i>
                        <i>0.0534656 0.114361 0.992 -0.993096 -0.0977828 0.0647974 0.104411 -0.988615 0.108343 0.192347 0.239664 0.386105</i>
                        <i>0.0520991 0.137976 0.989064 -0.993108 -0.0969617 0.0658384 0.104986 -0.985678 0.131974 0.192282 0.241529 0.384974</i>
                        <i>0.0504986 0.162337 0.985442 -0.993127 -0.0961507 0.0667318 0.105584 -0.98204 0.156366 0.192218 0.243373 0.383817</i>
                        <i>0.049005 0.180475 0.982358 -0.993158 -0.0955785 0.0671031 0.106003 -0.978925 0.174556 0.192168 0.244777 0.38291</i>
                        <i>0.0479332 0.185382 0.981497 -0.993204 -0.0954887 0.0665405 0.106057 -0.978016 0.179545 0.192148 0.245336 0.382542</i>
                        <i>0.0473184 0.182061 0.982148 -0.993249 -0.0956749 0.0655886 0.105908 -0.978621 0.176305 0.192148 0.245336 0.382542</i>
                        <i>0.0470803 0.180782 0.982396 -0.993267 -0.0957468 0.0652207 0.105852 -0.978852 0.175057 0.192148 0.245336 0.382542</i>
                        <i>0.0470803 0.180782 0.982396 -0.993267 -0.0957468 0.0652207 0.105852 -0.978852 0.175057 0.192148 0.245336 0.382542</i>
                        <i>0.0470803 0.180782 0.982396 -0.993267 -0.0957468 0.0652207 0.105852 -0.978852 0.175057 0.192148 0.245336 0.382542</i>
                        <i>0.0470803 0.180782 0.982396 -0.993267 -0.0957468 0.0652207 0.105852 -0.978852 0.175057 0.192148 0.245336 0.382542</i>
                        <i>0.0470803 0.180782 0.982396 -0.993267 -0.0957468 0.0652207 0.105852 -0.978852 0.175057 0.192148 0.245336 0.382542</i>
                        <i>0.0470803 0.180782 0.982396 -0.993267 -0.0957468 0.0652207 0.105852 -0.978852 0.175057 0.192148 0.245336 0.382542</i>
                        <i>0.0470803 0.180782 0.982396 -0.993267 -0.0957468 0.0652207 0.105852 -0.978852 0.175057 0.192148 0.245336 0.382542</i>
                        <i>0.0470803 0.180782 0.982396 -0.993267 -0.0957468 0.0652207 0.105852 -0.978852 0.175057 0.192148 0.245336 0.382542</i>
                        <i>0.0470803 0.180782 0.982396 -0.993267 -0.0957468 0.0652207 0.105852 -0.978852 0.175057 0.192148 0.245336 0.382542</i>
                        <i>0.0470803 0.180782 0.982396 -0.993267 -0.0957468 0.0652207 0.105852 -0.978852 0.175057 0.192148 0.245336 0.382542</i>
                        <i>0.0470803 0.180782 0.982396 -0.993267 -0.0957468 0.0652207 0.105852 -0.978852 0.175057 0.192148 0.245336 0.382542</i>
                        <i>0.050174 0.183299 0.981776 -0.993024 -0.0958663 0.0686472 0.106702 -0.978372 0.17721 0.193239 0.259324 0.382349</i>
                        <i>0.0580302 0.187903 0.980472 -0.992364 -0.0962137 0.077173 0.108836 -0.977464 0.180885 0.195947 0.28532 0.381855</i>
                        <i>0.0685424 0.190172 0.979355 -0.991393 -0.0967717 0.0881761 0.111542 -0.97697 0.181902 0.199466 0.299367 0.381156</i>
                        <i>0.0796046 0.190588 0.978437 -0.990254 -0.0974138 0.099541 0.114285 -0.976825 0.180976 0.203092 0.291274 0.38032</i>
                        <i>0.0891756 0.190719 0.977586 -0.989166 -0.0979576 0.109343 0.116616 -0.976745 0.179917 0.206149 0.273228 0.379495</i>
                        <i>0.0954754 0.187705 0.977574 -0.988448 -0.0982499 0.115403 0.117708 -0.977299 0.176156 0.20793 0.254847 0.378944</i>
                        <i>0.0967317 0.17867 0.979143 -0.988442 -0.0981241 0.115556 0.116724 -0.979004 0.167113 0.20769 0.245745 0.378982</i>
                        <i>0.0919151 0.160248 0.982788 -0.989208 -0.0984002 0.10856 0.114103 -0.98216 0.149474 0.206693 0.247871 0.385568</i>
                        <i>0.0816992 0.134355 0.98756 -0.990406 -0.0998627 0.0955207 0.111454 -0.985889 0.124907 0.206575 0.255102 0.403225</i>
                    </KeyFrames>
                </p>
            </i>
            <i>
                <p>
                    <Name>
                        <![CDATA[spine1]]>
</Name>
                    <Exclude>0</Exclude>
                    <Additive>0</Additive>
                    <IKPriority>0</IKPriority>
                    <IKRotLimits>-1e+010 -1e+010 -1e+010 1e+010 1e+010 1e+010</IKRotLimits>
                    <IKRotLimitOrder>0</IKRotLimitOrder>
                    <KeyFrames count="66">
                        <i>0.117488 0.957975 0.261687 -0.918749 0.00482797 0.394811 0.376956 -0.28681 0.880706 -0.052102 1.29193 0.0555757</i>
                        <i>0.127363 0.949148 0.287919 -0.919295 0.00397594 0.39355 0.372392 -0.314806 0.873053 -0.0518232 1.29685 0.0563861</i>
                        <i>0.140523 0.935122 0.325269 -0.919842 0.00177606 0.392284 0.366256 -0.354321 0.860414 -0.0516819 1.31662 0.0571643</i>
                        <i>0.150056 0.924704 0.349865 -0.920153 0.0011703 0.391557 0.361665 -0.380685 0.851045 -0.051571 1.34354 0.0574938</i>
                        <i>0.14669 0.932402 0.330315 -0.919933 0.00584602 0.392033 0.363601 -0.361375 0.858605 -0.0513672 1.36974 0.0569946</i>
                        <i>0.126594 0.958466 0.255572 -0.91914 0.0164506 0.393589 0.373037 -0.284733 0.883046 -0.0509578 1.38687 0.0552075</i>
                        <i>0.102715 0.979638 0.172509 -0.918469 0.0268178 0.394583 0.381922 -0.198974 0.902521 -0.0503613 1.37897 0.0524367</i>
                        <i>0.0783143 0.988556 0.128933 -0.921367 0.02238 0.388049 0.380722 -0.149185 0.912576 -0.039304 1.34045 0.0703086</i>
                        <i>0.053172 0.988081 0.144459 -0.929761 -0.0037896 0.368144 0.364304 -0.153887 0.918478 -0.0115566 1.27432 0.125899</i>
                        <i>0.0305864 0.975001 0.220088 -0.942018 -0.0454955 0.332463 0.334165 -0.217495 0.917077 0.0267435 1.17147 0.211313</i>
                        <i>0.0140078 0.930296 0.366543 -0.963344 -0.0856606 0.254224 0.267902 -0.356668 0.894995 0.0722466 1.0249 0.319758</i>
                        <i>-0.0078913 0.827938 0.560764 -0.98353 -0.10769 0.145158 0.180571 -0.550382 0.815152 0.114028 0.845174 0.424823</i>
                        <i>-0.040927 0.648924 0.759752 -0.993974 -0.103831 0.0351408 0.10169 -0.753735 0.649263 0.147552 0.655443 0.500605</i>
                        <i>-0.0774609 0.407197 0.91005 -0.996275 -0.0662999 -0.0551346 0.0378856 -0.910931 0.410816 0.174722 0.478846 0.544503</i>
                        <i>-0.106884 0.171666 0.97934 -0.994271 -0.0183846 -0.105291 -7.01843e-005 -0.984984 0.172648 0.194103 0.339394 0.561485</i>
                        <i>-0.118256 0.0266085 0.992627 -0.992957 0.00412957 -0.118406 -0.00724975 -0.999637 0.0259328 0.201881 0.25209 0.560425</i>
                        <i>-0.114845 -0.0746829 0.990572 -0.993375 0.00453043 -0.114829 0.00408804 -0.997197 -0.0747084 0.201766 0.236352 0.556683</i>
                        <i>-0.107462 -0.200353 0.973812 -0.994065 0.00498246 -0.108672 0.0169208 -0.979711 -0.199699 0.201015 0.27767 0.560092</i>
                        <i>-0.100004 -0.312975 0.944482 -0.994546 0.003188 -0.104249 0.0296162 -0.949756 -0.311587 0.2 0.335853 0.564859</i>
                        <i>-0.0953686 -0.3761 0.921658 -0.994593 -0.00222048 -0.103822 0.0410939 -0.926576 -0.373855 0.198835 0.374237 0.566113</i>
                        <i>-0.0946709 -0.372815 0.923064 -0.994374 -0.00883435 -0.105553 0.0475063 -0.927864 -0.369881 0.197874 0.380379 0.563896</i>
                        <i>-0.0996723 -0.300924 0.948425 -0.99414 -0.0099768 -0.107642 0.0418544 -0.953596 -0.298166 0.198184 0.359391 0.560602</i>
                        <i>-0.108109 -0.184404 0.976887 -0.993818 -0.0049169 -0.110911 0.0252558 -0.982838 -0.182733 0.199657 0.318359 0.55899</i>
                        <i>-0.11547 -0.0599465 0.9915 -0.993294 0.0010851 -0.115613 0.00585472 -0.998201 -0.0596698 0.201178 0.27674 0.559526</i>
                        <i>-0.118256 0.0266085 0.992627 -0.992957 0.00412957 -0.118406 -0.00724975 -0.999637 0.0259328 0.201881 0.25209 0.560425</i>
                        <i>-0.118312 0.0168849 0.992833 -0.992957 0.00424304 -0.118398 -0.00621177 -0.999848 0.0162639 0.201906 0.256156 0.560544</i>
                        <i>-0.118235 -0.0119208 0.992914 -0.992981 0.00457262 -0.118188 -0.00313132 -0.999919 -0.0123778 0.201963 0.267086 0.560603</i>
                        <i>-0.117925 0.0197258 0.992827 -0.992996 0.00498309 -0.118044 -0.00727586 -0.999793 0.019 0.202068 0.266086 0.56038</i>
                        <i>-0.117331 0.065269 0.990946 -0.993007 0.00540963 -0.117932 -0.0130579 -0.997853 0.0641779 0.202183 0.262453 0.560117</i>
                        <i>-0.116727 0.0965263 0.988462 -0.993017 0.00579033 -0.117831 -0.0170973 -0.995314 0.0951763 0.202284 0.261409 0.559955</i>
                        <i>-0.116387 0.108648 0.987244 -0.993026 0.00606654 -0.117736 -0.0187809 -0.994062 0.107184 0.202355 0.263039 0.55988</i>
                        <i>-0.116249 0.11333 0.986733 -0.99303 0.00617213 -0.1177 -0.0194292 -0.993538 0.111823 0.202382 0.263669 0.559851</i>
                        <i>-0.116316 0.110489 0.987047 -0.993029 0.00613715 -0.117708 -0.0190632 -0.993858 0.109005 0.202372 0.263321 0.559864</i>
                        <i>-0.116496 0.102844 0.987852 -0.993027 0.00603738 -0.117734 -0.0180723 -0.994679 0.101424 0.202346 0.26238 0.559901</i>
                        <i>-0.116749 0.0917096 0.988918 -0.993022 0.00588 -0.117779 -0.0166163 -0.995768 0.0903832 0.202304 0.260999 0.559959</i>
                        <i>-0.11704 0.0784083 0.990027 -0.993016 0.0056718 -0.117842 -0.0148551 -0.996905 0.0771969 0.202249 0.259332 0.560034</i>
                        <i>-0.117337 0.0642784 0.99101 -0.993008 0.00541965 -0.117925 -0.012951 -0.997917 0.063193 0.202185 0.257531 0.56012</i>
                        <i>-0.117618 0.050673 0.991765 -0.992997 0.00513086 -0.118026 -0.0110693 -0.998702 0.0497147 0.202113 0.255751 0.560211</i>
                        <i>-0.117868 0.0389529 0.992265 -0.992985 0.00481343 -0.118143 -0.00937822 -0.999229 0.0381123 0.202037 0.254148 0.560298</i>
                        <i>-0.118743 0.0540288 0.991454 -0.992881 0.0029717 -0.119076 -0.00937985 -0.998535 0.0532913 0.201887 0.255173 0.559887</i>
                        <i>-0.120264 0.0982573 0.987867 -0.992678 -0.000654332 -0.120785 -0.0112216 -0.995161 0.0976166 0.201649 0.259579 0.558721</i>
                        <i>-0.122127 0.156125 0.980158 -0.992417 -0.00533605 -0.122804 -0.0139427 -0.987723 0.155593 0.201344 0.265548 0.557041</i>
                        <i>-0.124221 0.220014 0.967555 -0.992105 -0.0106405 -0.124954 -0.0171962 -0.975439 0.219599 0.200997 0.271615 0.555172</i>
                        <i>-0.125953 0.270803 0.954359 -0.991838 -0.0151555 -0.126599 -0.0198196 -0.962515 0.270502 0.200684 0.276159 0.553651</i>
                        <i>-0.126772 0.290402 0.94847 -0.991721 -0.0173747 -0.127233 -0.0204694 -0.956747 0.2902 0.200479 0.277575 0.553152</i>
                        <i>-0.126923 0.288836 0.948928 -0.991715 -0.0178421 -0.127215 -0.0198134 -0.957212 0.288708 0.200376 0.277012 0.553344</i>
                        <i>-0.126981 0.288227 0.949106 -0.991712 -0.0180257 -0.127207 -0.0195561 -0.957392 0.288127 0.200336 0.276796 0.553418</i>
                        <i>-0.126981 0.288227 0.949106 -0.991712 -0.0180257 -0.127207 -0.0195561 -0.957392 0.288127 0.200336 0.276796 0.553418</i>
                        <i>-0.126981 0.288227 0.949106 -0.991712 -0.0180257 -0.127207 -0.0195561 -0.957392 0.288127 0.200336 0.276796 0.553418</i>
                        <i>-0.126981 0.288227 0.949106 -0.991712 -0.0180257 -0.127207 -0.0195561 -0.957392 0.288127 0.200336 0.276796 0.553418</i>
                        <i>-0.126981 0.288227 0.949106 -0.991712 -0.0180257 -0.127207 -0.0195561 -0.957392 0.288127 0.200336 0.276796 0.553418</i>
                        <i>-0.126981 0.288227 0.949106 -0.991712 -0.0180257 -0.127207 -0.0195561 -0.957392 0.288127 0.200336 0.276796 0.553418</i>
                        <i>-0.126981 0.288227 0.949106 -0.991712 -0.0180257 -0.127207 -0.0195561 -0.957392 0.288127 0.200336 0.276796 0.553418</i>
                        <i>-0.126981 0.288227 0.949106 -0.991712 -0.0180257 -0.127207 -0.0195561 -0.957392 0.288127 0.200336 0.276796 0.553418</i>
                        <i>-0.126981 0.288227 0.949106 -0.991712 -0.0180257 -0.127207 -0.0195561 -0.957392 0.288127 0.200336 0.276796 0.553418</i>
                        <i>-0.126981 0.288227 0.949106 -0.991712 -0.0180257 -0.127207 -0.0195561 -0.957392 0.288127 0.200336 0.276796 0.553418</i>
                        <i>-0.126981 0.288227 0.949106 -0.991712 -0.0180257 -0.127207 -0.0195561 -0.957392 0.288127 0.200336 0.276796 0.553418</i>
                        <i>-0.129665 0.291705 0.947679 -0.991386 -0.0203332 -0.129386 -0.0184733 -0.956292 0.291828 0.201978 0.291274 0.553387</i>
                        <i>-0.136364 0.297504 0.944932 -0.990539 -0.0261165 -0.134724 -0.0154025 -0.954363 0.298251 0.20609 0.318192 0.553272</i>
                        <i>-0.145061 0.298822 0.943219 -0.989367 -0.0337006 -0.141481 -0.0104907 -0.953713 0.300534 0.21149 0.332761 0.553001</i>
                        <i>-0.153526 0.296925 0.942478 -0.988133 -0.0414216 -0.147913 -0.00488011 -0.954002 0.29976 0.217104 0.324856 0.552579</i>
                        <i>-0.159663 0.294846 0.942111 -0.987172 -0.0476889 -0.152374 1.30317e-006 -0.954354 0.298677 0.221891 0.306933 0.5521</i>
                        <i>-0.161847 0.288744 0.943627 -0.986808 -0.051121 -0.153611 0.00388492 -0.956041 0.293209 0.224795 0.288042 0.551656</i>
                        <i>-0.158435 0.274637 0.948405 -0.987348 -0.0503288 -0.150366 0.00643595 -0.96023 0.279137 0.22472 0.277235 0.551397</i>
                        <i>-0.150417 0.246618 0.957368 -0.988584 -0.0460906 -0.143449 0.00874874 -0.968016 0.250735 0.222747 0.275884 0.557248</i>
                        <i>-0.139924 0.206165 0.968461 -0.990099 -0.0402208 -0.134488 0.0112257 -0.97769 0.209751 0.220696 0.278334 0.573929</i>
                    </KeyFrames>
                </p>
            </i>
            <i>
                <p>
                    <Name>
                        <![CDATA[spine2]]>
</Name>
                    <Exclude>0</Exclude>
                    <Additive>0</Additive>
                    <IKPriority>0</IKPriority>
                    <IKRotLimits>-1e+010 -1e+010 -1e+010 1e+010 1e+010 1e+010</IKRotLimits>
                    <IKRotLimitOrder>0</IKRotLimitOrder>
                    <KeyFrames count="66">
                        <i>0.143004 0.83099 0.537593 -0.898859 -0.118301 0.421968 0.414249 -0.543563 0.730025 -0.0335112 1.44285 0.096785</i>
                        <i>0.142377 0.824545 0.547589 -0.899493 -0.123101 0.419237 0.413088 -0.552242 0.724146 -0.0326393 1.43955 0.0995509</i>
                        <i>0.143362 0.813358 0.563823 -0.900052 -0.129743 0.41602 0.411525 -0.567112 0.713464 -0.0317841 1.44916 0.103017</i>
                        <i>0.143334 0.807376 0.572363 -0.900356 -0.133721 0.414099 0.410871 -0.574685 0.707759 -0.031176 1.46955 0.104841</i>
                        <i>0.139987 0.816983 0.559413 -0.900313 -0.130127 0.415334 0.412116 -0.561788 0.717324 -0.0311081 1.49877 0.102407</i>
                        <i>0.131195 0.848149 0.513255 -0.8998 -0.115434 0.420755 0.41611 -0.517028 0.74802 -0.0316617 1.53263 0.0939758</i>
                        <i>0.118059 0.887205 0.446016 -0.899002 -0.0952631 0.427458 0.421731 -0.451434 0.786352 -0.0322478 1.55 0.0827758</i>
                        <i>0.0949567 0.91659 0.388388 -0.900656 -0.0870835 0.425717 0.42403 -0.390229 0.817264 -0.0233369 1.53787 0.0966354</i>
                        <i>0.0607555 0.927181 0.369655 -0.907458 -0.102937 0.407338 0.415727 -0.360194 0.835123 0.000594819 1.49211 0.158628</i>
                        <i>0.0222289 0.914746 0.403417 -0.918664 -0.140503 0.369209 0.394414 -0.378812 0.837221 0.0342158 1.39541 0.262918</i>
                        <i>-0.0378252 0.896509 0.441408 -0.945882 -0.17459 0.273542 0.322298 -0.407173 0.854596 0.075743 1.2352 0.403712</i>
                        <i>-0.0790595 0.844366 0.529901 -0.975523 -0.174948 0.133225 0.205195 -0.506398 0.83753 0.112483 1.02396 0.547007</i>
                        <i>-0.0907947 0.685505 0.722384 -0.992234 -0.124194 -0.00685752 0.0850151 -0.717397 0.691458 0.139329 0.785793 0.654275</i>
                        <i>-0.104583 0.437164 0.893281 -0.994187 -0.022831 -0.105223 -0.0256053 -0.899092 0.43701 0.160318 0.55386 0.713204</i>
                        <i>-0.12207 0.175501 0.976882 -0.987087 0.0813875 -0.137967 -0.103719 -0.981109 0.1633 0.175784 0.368448 0.728362</i>
                        <i>-0.133318 0.0178099 0.990913 -0.982506 0.128806 -0.134502 -0.130031 -0.99151 0.000326079 0.182804 0.256315 0.719525</i>
                        <i>-0.135158 -0.0780061 0.987749 -0.98288 0.136544 -0.123708 -0.125221 -0.987558 -0.0951256 0.183487 0.224529 0.713301</i>
                        <i>-0.132863 -0.191203 0.972517 -0.983609 0.14612 -0.10565 -0.121903 -0.970613 -0.207483 0.183435 0.245019 0.71831</i>
                        <i>-0.127761 -0.272581 0.953612 -0.984473 0.151551 -0.0885764 -0.120376 -0.950122 -0.287711 0.183087 0.283075 0.723501</i>
                        <i>-0.121039 -0.278202 0.952866 -0.985179 0.1512 -0.0809982 -0.12154 -0.948547 -0.29238 0.182446 0.309767 0.72345</i>
                        <i>-0.115723 -0.220835 0.968422 -0.985477 0.147503 -0.0841252 -0.124267 -0.964093 -0.234697 0.181614 0.316485 0.721448</i>
                        <i>-0.116811 -0.145432 0.982448 -0.985228 0.141698 -0.0961657 -0.125226 -0.979169 -0.159835 0.181374 0.308754 0.719592</i>
                        <i>-0.1236 -0.0800555 0.989098 -0.98439 0.135747 -0.112024 -0.125298 -0.987504 -0.095584 0.181845 0.288049 0.718969</i>
                        <i>-0.130347 -0.0208209 0.99125 -0.983273 0.130999 -0.126546 -0.127218 -0.991164 -0.037548 0.182464 0.267028 0.719223</i>
                        <i>-0.133318 0.0178099 0.990913 -0.982506 0.128806 -0.134502 -0.130031 -0.99151 0.000326079 0.182804 0.256315 0.719525</i>
                        <i>-0.133597 0.0111779 0.990973 -0.982541 0.12915 -0.133917 -0.129481 -0.991562 -0.00627117 0.182831 0.258823 0.719594</i>
                        <i>-0.134195 -0.00772298 0.990925 -0.982664 0.130123 -0.132062 -0.127923 -0.991468 -0.025051 0.182903 0.265137 0.719655</i>
                        <i>-0.135147 0.000303849 0.990825 -0.982407 0.130037 -0.134039 -0.128885 -0.991509 -0.0172756 0.183045 0.269207 0.719488</i>
                        <i>-0.136178 0.0143949 0.99058 -0.982047 0.129789 -0.136891 -0.130537 -0.991437 -0.00353792 0.183218 0.272887 0.719192</i>
                        <i>-0.137101 0.0223968 0.990304 -0.981769 0.129802 -0.138856 -0.131653 -0.991287 0.00419254 0.183376 0.276887 0.718935</i>
                        <i>-0.137778 0.0231129 0.990193 -0.981632 0.130019 -0.139621 -0.131971 -0.991242 0.00477467 0.183482 0.280479 0.718811</i>
                        <i>-0.13804 0.0233889 0.99015 -0.981578 0.130106 -0.139918 -0.132097 -0.991224 0.00499814 0.183523 0.28187 0.718761</i>
                        <i>-0.137952 0.0226849 0.990179 -0.981605 0.130098 -0.139738 -0.13199 -0.991242 0.00432039 0.183508 0.281061 0.718789</i>
                        <i>-0.137702 0.0208912 0.990253 -0.981677 0.130069 -0.139253 -0.131711 -0.991285 0.00259765 0.183464 0.27888 0.718861</i>
                        <i>-0.137311 0.0184859 0.990355 -0.981784 0.130016 -0.13855 -0.131324 -0.99134 0.000296455 0.183398 0.275698 0.718962</i>
                        <i>-0.136803 0.015947 0.99047 -0.981912 0.129935 -0.137713 -0.130893 -0.991394 -0.002117 0.183315 0.271883 0.719079</i>
                        <i>-0.1362 0.0137502 0.990586 -0.982051 0.12982 -0.136828 -0.13048 -0.991442 -0.00417809 0.18322 0.267806 0.719198</i>
                        <i>-0.135526 0.0123686 0.990697 -0.98219 0.129663 -0.135981 -0.130139 -0.991481 -0.00542438 0.183117 0.263838 0.719307</i>
                        <i>-0.134805 0.0122725 0.990796 -0.982318 0.129453 -0.135255 -0.129922 -0.99151 -0.0053954 0.183012 0.260353 0.719401</i>
                        <i>-0.13516 0.044576 0.989821 -0.982123 0.126075 -0.139787 -0.131023 -0.991019 0.0267388 0.182726 0.263795 0.718839</i>
                        <i>-0.136513 0.110408 0.984466 -0.981601 0.118852 -0.149445 -0.133506 -0.986754 0.0921517 0.182243 0.275294 0.717116</i>
                        <i>-0.13789 0.193387 0.971384 -0.980939 0.108907 -0.160928 -0.136912 -0.975059 0.174684 0.181641 0.290542 0.714201</i>
                        <i>-0.138886 0.287251 0.947733 -0.980187 0.0966004 -0.172921 -0.141223 -0.952972 0.268143 0.180963 0.306846 0.710281</i>
                        <i>-0.139002 0.364539 0.920755 -0.979602 0.0856343 -0.18179 -0.145118 -0.927242 0.345199 0.180378 0.319521 0.706612</i>
                        <i>-0.138155 0.400511 0.905817 -0.979432 0.0805538 -0.185 -0.147061 -0.912744 0.381145 0.180039 0.324085 0.705204</i>
                        <i>-0.137085 0.406633 0.903248 -0.979528 0.0800616 -0.184705 -0.147423 -0.910077 0.387333 0.179903 0.323292 0.70554</i>
                        <i>-0.136671 0.408996 0.902243 -0.979565 0.0798712 -0.18459 -0.14756 -0.909034 0.389722 0.17985 0.322986 0.705672</i>
                        <i>-0.136671 0.408996 0.902243 -0.979565 0.0798712 -0.18459 -0.14756 -0.909034 0.389722 0.17985 0.322986 0.705672</i>
                        <i>-0.136671 0.408996 0.902243 -0.979565 0.0798712 -0.18459 -0.14756 -0.909034 0.389722 0.17985 0.322986 0.705672</i>
                        <i>-0.136671 0.408996 0.902243 -0.979565 0.0798712 -0.18459 -0.14756 -0.909034 0.389722 0.17985 0.322986 0.705672</i>
                        <i>-0.136671 0.408996 0.902243 -0.979565 0.0798712 -0.18459 -0.14756 -0.909034 0.389722 0.17985 0.322986 0.705672</i>
                        <i>-0.136671 0.408996 0.902243 -0.979565 0.0798712 -0.18459 -0.14756 -0.909034 0.389722 0.17985 0.322986 0.705672</i>
                        <i>-0.136671 0.408996 0.902243 -0.979565 0.0798712 -0.18459 -0.14756 -0.909034 0.389722 0.17985 0.322986 0.705672</i>
                        <i>-0.136671 0.408996 0.902243 -0.979565 0.0798712 -0.18459 -0.14756 -0.909034 0.389722 0.17985 0.322986 0.705672</i>
                        <i>-0.136671 0.408996 0.902243 -0.979565 0.0798712 -0.18459 -0.14756 -0.909034 0.389722 0.17985 0.322986 0.705672</i>
                        <i>-0.136671 0.408996 0.902243 -0.979565 0.0798712 -0.18459 -0.14756 -0.909034 0.389722 0.17985 0.322986 0.705672</i>
                        <i>-0.136671 0.408996 0.902243 -0.979565 0.0798712 -0.18459 -0.14756 -0.909034 0.389722 0.17985 0.322986 0.705672</i>
                        <i>-0.138041 0.410021 0.90157 -0.979649 0.077396 -0.185194 -0.145711 -0.908786 0.390993 0.18103 0.338093 0.705656</i>
                        <i>-0.141411 0.41131 0.900459 -0.979874 0.0712954 -0.186449 -0.140887 -0.908703 0.39295 0.18399 0.366104 0.705644</i>
                        <i>-0.145663 0.410238 0.900271 -0.980199 0.0635309 -0.187545 -0.134133 -0.909763 0.392861 0.187906 0.381052 0.705654</i>
                        <i>-0.149541 0.407658 0.900807 -0.980583 0.0557502 -0.188014 -0.126866 -0.911431 0.391405 0.19207 0.372993 0.705626</i>
                        <i>-0.151949 0.405219 0.901504 -0.981007 0.0494301 -0.187568 -0.120568 -0.912882 0.390012 0.19579 0.354863 0.705531</i>
                        <i>-0.152181 0.401632 0.903068 -0.981491 0.0460703 -0.185886 -0.116262 -0.914642 0.387187 0.198325 0.335006 0.705428</i>
                        <i>-0.149538 0.395556 0.906186 -0.982047 0.0471663 -0.182644 -0.114988 -0.91723 0.381402 0.198896 0.321758 0.705424</i>
