<?xml version="1.0" encoding="ISO-8859-1" ?>
<Animl Version="1">
    <ModellingPackage>
        <![CDATA[Maya.2010]]>
</ModellingPackage>
    <SrcFile>
        <![CDATA[anims\characters\shared\elite\~src\crawl.mb]]>
</SrcFile>
    <FramesPerSecond>30</FramesPerSecond>
    <TotalFrames>52</TotalFrames>
    <Skeleton>
        <RefFrame>
            <Name>
                <![CDATA[soldier_ref_frame]]>
</Name>
            <Exclude>0</Exclude>
            <Additive>0</Additive>
            <IKPriority>0</IKPriority>
            <IKRotLimits>-1e+010 -1e+010 -1e+010 1e+010 1e+010 1e+010</IKRotLimits>
            <IKRotLimitOrder>0</IKRotLimitOrder>
            <KeyFrames count="52">
                <i>1 0 0 0 1 0 0 0 1 0.202753 0 0.160855</i>
                <i>1 0 0 0 1 0 0 0 1 0.206017 0 0.198948</i>
                <i>1 0 0 0 1 0 0 0 1 0.210183 0 0.240677</i>
                <i>1 0 0 0 1 0 0 0 1 0.214884 0 0.284947</i>
                <i>1 0 0 0 1 0 0 0 1 0.219752 0 0.330664</i>
                <i>1 0 0 0 1 0 0 0 1 0.224419 0 0.376734</i>
                <i>1 0 0 0 1 0 0 0 1 0.228518 0 0.422062</i>
                <i>1 0 0 0 1 0 0 0 1 0.23168 0 0.465554</i>
                <i>1 0 0 0 1 0 0 0 1 0.233537 0 0.506115</i>
                <i>1 0 0 0 1 0 0 0 1 0.233721 0 0.542651</i>
                <i>1 0 0 0 1 0 0 0 1 0.231866 0 0.574067</i>
                <i>1 0 0 0 1 0 0 0 1 0.2275 0 0.602019</i>
                <i>1 0 0 0 1 0 0 0 1 0.220746 0 0.628951</i>
                <i>1 0 0 0 1 0 0 0 1 0.212118 0 0.654946</i>
                <i>1 0 0 0 1 0 0 0 1 0.202132 0 0.680086</i>
                <i>1 0 0 0 1 0 0 0 1 0.191304 0 0.704454</i>
                <i>1 0 0 0 1 0 0 0 1 0.180148 0 0.728135</i>
                <i>1 0 0 0 1 0 0 0 1 0.169182 0 0.75121</i>
                <i>1 0 0 0 1 0 0 0 1 0.15892 0 0.773764</i>
                <i>1 0 0 0 1 0 0 0 1 0.149878 0 0.79588</i>
                <i>1 0 0 0 1 0 0 0 1 0.142572 0 0.817641</i>
                <i>1 0 0 0 1 0 0 0 1 0.137518 0 0.83913</i>
                <i>1 0 0 0 1 0 0 0 1 0.13523 0 0.860431</i>
                <i>1 0 0 0 1 0 0 0 1 0.136303 0 0.881626</i>
                <i>1 0 0 0 1 0 0 0 1 0.141258 0 0.902799</i>
                <i>1 0 0 0 1 0 0 0 1 0.14951 0 0.924033</i>
                <i>1 0 0 0 1 0 0 0 1 0.160345 0 0.945411</i>
                <i>1 0 0 0 1 0 0 0 1 0.173048 0 0.967017</i>
                <i>1 0 0 0 1 0 0 0 1 0.186905 0 0.988934</i>
                <i>1 0 0 0 1 0 0 0 1 0.201201 0 1.01124</i>
                <i>1 0 0 0 1 0 0 0 1 0.215223 0 1.03403</i>
                <i>1 0 0 0 1 0 0 0 1 0.228255 0 1.05738</i>
                <i>1 0 0 0 1 0 0 0 1 0.239583 0 1.08137</i>
                <i>1 0 0 0 1 0 0 0 1 0.248493 0 1.10609</i>
                <i>1 0 0 0 1 0 0 0 1 0.25427 0 1.13162</i>
                <i>1 0 0 0 1 0 0 0 1 0.2562 0 1.15805</i>
                <i>1 0 0 0 1 0 0 0 1 0.253948 0 1.1859</i>
                <i>1 0 0 0 1 0 0 0 1 0.248079 0 1.21552</i>
                <i>1 0 0 0 1 0 0 0 1 0.239237 0 1.2467</i>
                <i>1 0 0 0 1 0 0 0 1 0.228061 0 1.27926</i>
                <i>1 0 0 0 1 0 0 0 1 0.215194 0 1.31298</i>
                <i>1 0 0 0 1 0 0 0 1 0.201277 0 1.34767</i>
                <i>1 0 0 0 1 0 0 0 1 0.186951 0 1.38312</i>
                <i>1 0 0 0 1 0 0 0 1 0.172856 0 1.41913</i>
                <i>1 0 0 0 1 0 0 0 1 0.159635 0 1.4555</i>
                <i>1 0 0 0 1 0 0 0 1 0.14793 0 1.49203</i>
                <i>1 0 0 0 1 0 0 0 1 0.13838 0 1.52852</i>
                <i>1 0 0 0 1 0 0 0 1 0.131627 0 1.56476</i>
                <i>1 0 0 0 1 0 0 0 1 0.131797 0 1.60155</i>
                <i>1 0 0 0 1 0 0 0 1 0.153491 0 1.64332</i>
                <i>1 0 0 0 1 0 0 0 1 0.183097 0 1.68765</i>
                <i>1 0 0 0 1 0 0 0 1 0.20275 0 1.73099</i>
            </KeyFrames>
        </RefFrame>
        <Bones count="23">
            <i>
                <p>
                    <Name>
                        <![CDATA[pelvis]]>
</Name>
                    <Exclude>0</Exclude>
                    <Additive>0</Additive>
                    <IKPriority>0</IKPriority>
                    <IKRotLimits>-1e+010 -1e+010 -1e+010 1e+010 1e+010 1e+010</IKRotLimits>
                    <IKRotLimitOrder>2</IKRotLimitOrder>
                    <KeyFrames count="52">
                        <i>1 0 0 0 1 0 0 0 1 0.17876 0.180777 0.283232</i>
                        <i>1 0 0 0 1 0 0 0 1 0.184025 0.189802 0.318732</i>
                        <i>1 0 0 0 1 0 0 0 1 0.190599 0.200599 0.35721</i>
                        <i>1 0 0 0 1 0 0 0 1 0.197923 0.209431 0.39778</i>
                        <i>1 0 0 0 1 0 0 0 1 0.205449 0.212563 0.43955</i>
                        <i>1 0 0 0 1 0 0 0 1 0.212719 0.208793 0.481621</i>
                        <i>1 0 0 0 1 0 0 0 1 0.219336 0.200863 0.523094</i>
                        <i>1 0 0 0 1 0 0 0 1 0.224848 0.190952 0.563075</i>
                        <i>1 0 0 0 1 0 0 0 1 0.228796 0.181243 0.600672</i>
                        <i>1 0 0 0 1 0 0 0 1 0.230713 0.173914 0.634994</i>
                        <i>1 0 0 0 1 0 0 0 1 0.23013 0.171148 0.665155</i>
                        <i>1 0 0 0 1 0 0 0 1 0.227043 0.174599 0.691242</i>
                        <i>1 0 0 0 1 0 0 0 1 0.221992 0.182853 0.714295</i>
                        <i>1 0 0 0 1 0 0 0 1 0.215323 0.193489 0.734851</i>
                        <i>1 0 0 0 1 0 0 0 1 0.207377 0.204084 0.753448</i>
                        <i>1 0 0 0 1 0 0 0 1 0.198493 0.212217 0.770628</i>
                        <i>1 0 0 0 1 0 0 0 1 0.188999 0.215466 0.786933</i>
                        <i>1 0 0 0 1 0 0 0 1 0.179218 0.212861 0.802908</i>
                        <i>1 0 0 0 1 0 0 0 1 0.169474 0.20618 0.8191</i>
                        <i>1 0 0 0 1 0 0 0 1 0.160093 0.197124 0.836052</i>
                        <i>1 0 0 0 1 0 0 0 1 0.151409 0.187392 0.854306</i>
                        <i>1 0 0 0 1 0 0 0 1 0.14376 0.178685 0.874402</i>
                        <i>1 0 0 0 1 0 0 0 1 0.137486 0.172703 0.896878</i>
                        <i>1 0 0 0 1 0 0 0 1 0.13293 0.171146 0.922272</i>
                        <i>1 0 0 0 1 0 0 0 1 0.130055 0.176454 0.950801</i>
                        <i>1 0 0 0 1 0 0 0 1 0.12846 0.187841 0.982022</i>
                        <i>1 0 0 0 1 0 0 0 1 0.127939 0.202165 1.01548</i>
                        <i>1 0 0 0 1 0 0 0 1 0.128291 0.216285 1.05072</i>
                        <i>1 0 0 0 1 0 0 0 1 0.129323 0.227061 1.08727</i>
                        <i>1 0 0 0 1 0 0 0 1 0.130852 0.231351 1.12469</i>
                        <i>1 0 0 0 1 0 0 0 1 0.132709 0.227148 1.16248</i>
                        <i>1 0 0 0 1 0 0 0 1 0.134719 0.216562 1.2002</i>
                        <i>1 0 0 0 1 0 0 0 1 0.1367 0.202631 1.23737</i>
                        <i>1 0 0 0 1 0 0 0 1 0.138454 0.188393 1.27354</i>
                        <i>1 0 0 0 1 0 0 0 1 0.139778 0.176886 1.30824</i>
                        <i>1 0 0 0 1 0 0 0 1 0.140464 0.171148 1.34104</i>
                        <i>1 0 0 0 1 0 0 0 1 0.140534 0.172693 1.37184</i>
                        <i>1 0 0 0 1 0 0 0 1 0.140224 0.179392 1.40108</i>
                        <i>1 0 0 0 1 0 0 0 1 0.139658 0.188823 1.42909</i>
                        <i>1 0 0 0 1 0 0 0 1 0.138954 0.198561 1.45619</i>
                        <i>1 0 0 0 1 0 0 0 1 0.138215 0.206181 1.4827</i>
                        <i>1 0 0 0 1 0 0 0 1 0.137525 0.209259 1.50897</i>
                        <i>1 0 0 0 1 0 0 0 1 0.13694 0.207496 1.53534</i>
                        <i>1 0 0 0 1 0 0 0 1 0.136533 0.202864 1.56214</i>
                        <i>1 0 0 0 1 0 0 0 1 0.136397 0.196348 1.58972</i>
                        <i>1 0 0 0 1 0 0 0 1 0.136633 0.188933 1.61839</i>
                        <i>1 0 0 0 1 0 0 0 1 0.137355 0.181604 1.64849</i>
                        <i>1 0 0 0 1 0 0 0 1 0.138681 0.175346 1.68035</i>
                        <i>1 0 0 0 1 0 0 0 1 0.140733 0.171143 1.71428</i>
                        <i>1 0 0 0 1 0 0 0 1 0.150377 0.170172 1.75362</i>
                        <i>1 0 0 0 1 0 0 0 1 0.166841 0.17324 1.80021</i>
                        <i>1 0 0 0 1 0 0 0 1 0.178762 0.180777 1.85215</i>
                    </KeyFrames>
                </p>
            </i>
            <i>
                <p>
                    <Name>
                        <![CDATA[spine0]]>
</Name>
                    <Exclude>0</Exclude>
                    <Additive>0</Additive>
                    <IKPriority>0</IKPriority>
                    <IKRotLimits>-1e+010 -1e+010 -1e+010 1e+010 1e+010 1e+010</IKRotLimits>
                    <IKRotLimitOrder>0</IKRotLimitOrder>
                    <KeyFrames count="52">
                        <i>0.0816992 0.134355 0.98756 -0.990406 -0.0998627 0.0955207 0.111454 -0.985889 0.124907 0.206575 0.255102 0.403225</i>
                        <i>0.0773656 0.109155 0.991009 -0.99097 -0.100765 0.0884613 0.109515 -0.988904 0.100374 0.210275 0.264039 0.439131</i>
                        <i>0.0636766 0.0808452 0.994691 -0.992109 -0.102739 0.0718617 0.108003 -0.991418 0.0736652 0.212579 0.274586 0.478614</i>
                        <i>0.0425243 0.0606247 0.997254 -0.99323 -0.105439 0.0487625 0.108106 -0.992576 0.0557305 0.213559 0.28302 0.520402</i>
                        <i>0.0161906 0.0595072 0.998097 -0.993846 -0.108446 0.0225873 0.109584 -0.99232 0.0573851 0.213322 0.285623 0.563228</i>
                        <i>-0.012795 0.106137 0.994269 -0.993831 -0.1109 -0.000950869 0.110164 -0.988148 0.106901 0.2121 0.28122 0.605919</i>
                        <i>-0.0413452 0.158067 0.986562 -0.993286 -0.113281 -0.0234771 0.108048 -0.980909 0.161689 0.210223 0.272599 0.647461</i>
                        <i>-0.067054 0.175518 0.98219 -0.992127 -0.116089 -0.0469872 0.105775 -0.977608 0.181921 0.207972 0.262005 0.687023</i>
                        <i>-0.0877555 0.182802 0.979225 -0.99071 -0.118539 -0.0666557 0.103892 -0.975977 0.191507 0.205603 0.2517 0.723936</i>
                        <i>-0.10143 0.182529 0.977954 -0.989494 -0.120307 -0.0801724 0.103021 -0.975812 0.192815 0.203334 0.243955 0.757636</i>
                        <i>-0.106038 0.17723 0.97844 -0.988976 -0.121078 -0.0852485 0.103359 -0.976693 0.188115 0.201361 0.24104 0.787562</i>
                        <i>-0.102189 0.163366 0.981259 -0.98919 -0.120977 -0.0828743 0.105171 -0.97912 0.173963 0.199531 0.244609 0.813871</i>
                        <i>-0.0923672 0.139618 0.985888 -0.989844 -0.120323 -0.0756981 0.108057 -0.982868 0.149314 0.197573 0.25316 0.837407</i>
                        <i>-0.0772307 0.111942 0.990709 -0.990834 -0.11908 -0.0637854 0.110833 -0.986554 0.120112 0.195508 0.264228 0.858541</i>
                        <i>-0.057679 0.0863596 0.994593 -0.991974 -0.117241 -0.0473473 0.112518 -0.989341 0.0924288 0.19335 0.275345 0.877631</i>
                        <i>-0.0349206 0.0689117 0.997011 -0.993021 -0.114844 -0.026843 0.112651 -0.99099 0.0724412 0.191092 0.284043 0.895056</i>
                        <i>-0.0103711 0.06566 0.997788 -0.993708 -0.111963 -0.00296089 0.111521 -0.991541 0.066408 0.188709 0.287862 0.91125</i>
                        <i>0.0143702 0.0943321 0.995437 -0.993795 -0.108468 0.0246254 0.110296 -0.989614 0.092188 0.186161 0.285797 0.926715</i>
                        <i>0.0375742 0.145354 0.988666 -0.993073 -0.10479 0.053148 0.111327 -0.983815 0.14041 0.183406 0.279601 0.942028</i>
                        <i>0.0581904 0.184301 0.981146 -0.991756 -0.101721 0.0779272 0.114165 -0.977592 0.176862 0.180423 0.270956 0.957837</i>
                        <i>0.075922 0.197319 0.977395 -0.990292 -0.0995419 0.0970196 0.116436 -0.975273 0.187846 0.177211 0.261553 0.974849</i>
                        <i>0.0899388 0.196764 0.976317 -0.988985 -0.0980609 0.110869 0.117553 -0.975535 0.185777 0.173794 0.253086 0.993811</i>
                        <i>0.0993337 0.18833 0.977069 -0.988101 -0.0972126 0.119193 0.117431 -0.977283 0.176433 0.170216 0.247252 1.01548</i>
                        <i>0.103038 0.177775 0.978662 -0.987831 -0.0969484 0.121614 0.1165 -0.979284 0.165623 0.16652 0.245745 1.04061</i>
                        <i>0.099635 0.161027 0.981908 -0.988407 -0.0975997 0.1163 0.114561 -0.982112 0.149436 0.162248 0.250957 1.06958</i>
                        <i>0.0890599 0.134072 0.986962 -0.989722 -0.0993984 0.102812 0.111886 -0.985974 0.123841 0.157055 0.262073 1.10189</i>
                        <i>0.0721516 0.10296 0.992065 -0.99132 -0.102202 0.0827044 0.109907 -0.989421 0.0946925 0.151126 0.275968 1.13677</i>
                        <i>0.0500014 0.0738192 0.996017 -0.992708 -0.105845 0.0576799 0.109681 -0.991639 0.0679885 0.144661 0.289516 1.17346</i>
                        <i>0.0240953 0.0527225 0.998318 -0.993477 -0.110075 0.0297917 0.111461 -0.992524 0.0497263 0.137898 0.299594 1.21121</i>
                        <i>-0.0037567 0.0456467 0.998951 -0.993417 -0.114542 0.00149805 0.11449 -0.992369 0.0457765 0.131115 0.303091 1.24938</i>
                        <i>-0.0315239 0.0734513 0.9968 -0.992696 -0.118492 -0.0226628 0.116448 -0.990235 0.0766502 0.12463 0.298038 1.28741</i>
                        <i>-0.0569508 0.113017 0.99196 -0.991596 -0.122009 -0.0430291 0.116165 -0.986073 0.119016 0.118764 0.286598 1.32485</i>
                        <i>-0.078287 0.13706 0.987464 -0.990232 -0.125325 -0.0611113 0.115378 -0.982603 0.145532 0.113818 0.271874 1.36138</i>
                        <i>-0.0939576 0.156454 0.983206 -0.989011 -0.127896 -0.0741607 0.114145 -0.97937 0.166752 0.110058 0.256973 1.39677</i>
                        <i>-0.102728 0.168988 0.98025 -0.988247 -0.129492 -0.0812421 0.113205 -0.977075 0.180305 0.107722 0.245008 1.43083</i>
                        <i>-0.103476 0.172391 0.979578 -0.988169 -0.129908 -0.0815211 0.113202 -0.976425 0.183794 0.107031 0.23909 1.46336</i>
                        <i>-0.0963713 0.163352 0.98185 -0.988746 -0.12912 -0.0755662 0.114433 -0.978082 0.173957 0.107849 0.240733 1.49431</i>
                        <i>-0.082893 0.143762 0.986134 -0.989756 -0.127298 -0.0646395 0.11624 -0.981391 0.152842 0.109824 0.247735 1.52397</i>
                        <i>-0.0637744 0.119211 0.990819 -0.991015 -0.124527 -0.0488044 0.117566 -0.985029 0.126082 0.112863 0.257631 1.55256</i>
                        <i>-0.0398655 0.0953883 0.994642 -0.992264 -0.120903 -0.0281754 0.117568 -0.988071 0.0994703 0.11687 0.26795 1.58026</i>
                        <i>-0.0121976 0.0780129 0.996878 -0.993181 -0.116545 -0.00303183 0.115945 -0.990117 0.0789025 0.121728 0.276224 1.60728</i>
                        <i>0.0180627 0.0727456 0.997187 -0.99341 -0.111598 0.0261355 0.113186 -0.991087 0.0702504 0.127288 0.279985 1.63383</i>
                        <i>0.0496562 0.0899511 0.994708 -0.992591 -0.106136 0.0591484 0.110895 -0.990275 0.0840143 0.133368 0.278893 1.66018</i>
                        <i>0.0811825 0.122269 0.989171 -0.990501 -0.10061 0.0937278 0.110981 -0.987384 0.11294 0.139794 0.274888 1.68664</i>
                        <i>0.111362 0.149081 0.982534 -0.987348 -0.0957039 0.126428 0.11288 -0.984183 0.136537 0.146412 0.268927 1.71352</i>
                        <i>0.139202 0.163092 0.976741 -0.983562 -0.0917868 0.1555 0.115013 -0.982332 0.147634 0.153084 0.261975 1.74123</i>
                        <i>0.16358 0.17126 0.971551 -0.979527 -0.0889424 0.180601 0.117342 -0.981203 0.153205 0.159691 0.255 1.77019</i>
                        <i>0.183444 0.17483 0.967359 -0.975727 -0.0873494 0.200817 0.119607 -0.980716 0.154563 0.166134 0.248977 1.80085</i>
                        <i>0.197755 0.175004 0.964503 -0.972661 -0.0871734 0.215245 0.121748 -0.980701 0.152981 0.172333 0.244884 1.8337</i>
                        <i>0.179776 0.170412 0.968835 -0.97622 -0.0903768 0.197043 0.121139 -0.98122 0.150112 0.183788 0.244116 1.87241</i>
                        <i>0.128208 0.15737 0.979182 -0.98484 -0.0961225 0.144397 0.116845 -0.98285 0.142661 0.198835 0.247484 1.91921</i>
                        <i>0.0817027 0.13436 0.987559 -0.990405 -0.0998643 0.095525 0.111457 -0.985888 0.124911 0.206577 0.255103 1.97214</i>
                    </KeyFrames>
                </p>
            </i>
            <i>
                <p>
                    <Name>
                        <![CDATA[spine1]]>
</Name>
                    <Exclude>0</Exclude>
                    <Additive>0</Additive>
                    <IKPriority>0</IKPriority>
                    <IKRotLimits>-1e+010 -1e+010 -1e+010 1e+010 1e+010 1e+010</IKRotLimits>
                    <IKRotLimitOrder>0</IKRotLimitOrder>
                    <KeyFrames count="52">
                        <i>-0.139924 0.206165 0.968461 -0.990099 -0.0402208 -0.134488 0.0112257 -0.97769 0.209751 0.220696 0.278334 0.573929</i>
                        <i>-0.135362 0.16457 0.977033 -0.990677 -0.0377835 -0.130888 0.0153756 -0.985641 0.16815 0.223552 0.282772 0.609202</i>
                        <i>-0.122062 0.117356 0.98556 -0.992396 -0.0302766 -0.119303 0.0158385 -0.992628 0.120159 0.223408 0.288325 0.647766</i>
                        <i>-0.101286 0.0835539 0.991342 -0.99481 -0.0181757 -0.100109 0.00965387 -0.996337 0.0849612 0.220735 0.293231 0.688652</i>
                        <i>-0.0748572 0.0838479 0.993663 -0.997187 -0.00256153 -0.0749065 -0.00373546 -0.996475 0.0838038 0.216043 0.295594 0.730832</i>
                        <i>-0.0448158 0.170479 0.984342 -0.99875 0.0141984 -0.0479308 -0.0221472 -0.985259 0.16963 0.209942 0.299121 0.77376</i>
                        <i>-0.0147802 0.26457 0.964253 -0.999282 0.0297249 -0.023473 -0.0348726 -0.963908 0.26394 0.203149 0.299643 0.816268</i>
                        <i>0.0118382 0.297205 0.95474 -0.999036 0.0438742 -0.00127032 -0.042266 -0.953805 0.297438 0.196409 0.292275 0.85638</i>
                        <i>0.033199 0.311536 0.949654 -0.998324 0.0554093 0.0167233 -0.0474097 -0.948618 0.312853 0.190387 0.283407 0.893718</i>
                        <i>0.0472328 0.312502 0.948742 -0.997583 0.063223 0.0288396 -0.0509699 -0.947811 0.314733 0.185702 0.275697 0.927627</i>
                        <i>0.0518187 0.30444 0.951121 -0.997262 0.06609 0.0331781 -0.0527589 -0.950236 0.307031 0.182943 0.271833 0.957488</i>
                        <i>0.047545 0.2815 0.958383 -0.997456 0.0644044 0.0305663 -0.0531197 -0.957398 0.283845 0.181881 0.272831 0.983345</i>
                        <i>0.0370003 0.240695 0.969895 -0.997952 0.0595789 0.0232852 -0.0521807 -0.968771 0.242406 0.181766 0.277051 1.00613</i>
                        <i>0.0209777 0.190925 0.98138 -0.998596 0.0517563 0.0112766 -0.0486397 -0.980239 0.191743 0.182419 0.283191 1.02647</i>
                        <i>0.000556209 0.142724 0.989762 -0.999139 0.0411443 -0.00537155 -0.0414897 -0.988907 0.142624 0.183647 0.289856 1.04498</i>
                        <i>-0.0228871 0.107988 0.993889 -0.999263 0.0281836 -0.026073 -0.0308269 -0.993753 0.107263 0.185242 0.295569 1.06215</i>
                        <i>-0.0478462 0.0988281 0.993954 -0.998683 0.0137013 -0.0494362 -0.0185042 -0.99501 0.0980424 0.186973 0.298844 1.0785</i>
                        <i>-0.0725953 0.146993 0.98647 -0.997314 -0.00106711 -0.0732343 -0.00971224 -0.989137 0.146675 0.188588 0.301704 1.09475</i>
                        <i>-0.0950752 0.232183 0.968014 -0.995439 -0.0144228 -0.0943093 -0.00793557 -0.972565 0.232495 0.189849 0.304522 1.11154</i>
                        <i>-0.114473 0.292989 0.949238 -0.993392 -0.0258025 -0.111834 -0.00827326 -0.955768 0.294007 0.190562 0.303092 1.12883</i>
                        <i>-0.131169 0.310236 0.941567 -0.991342 -0.0353649 -0.126451 -0.00593123 -0.950001 0.312189 0.19056 0.296282 1.14674</i>
                        <i>-0.144326 0.306506 0.940863 -0.989528 -0.0427974 -0.137849 -0.00198505 -0.950906 0.309473 0.189672 0.287861 1.1662</i>
                        <i>-0.152981 0.291515 0.944254 -0.988226 -0.0476312 -0.1454 0.0025897 -0.95538 0.29537 0.187755 0.280543 1.18804</i>
                        <i>-0.155937 0.274382 0.948893 -0.987748 -0.0492094 -0.148093 0.00606038 -0.960361 0.278694 0.184672 0.277097 1.21304</i>
                        <i>-0.152475 0.248825 0.956471 -0.988268 -0.0470356 -0.145307 0.00883211 -0.967406 0.253078 0.179689 0.279169 1.24148</i>
                        <i>-0.14285 0.207442 0.967761 -0.989678 -0.0412953 -0.137233 0.0114961 -0.977375 0.211199 0.172475 0.285299 1.27279</i>
                        <i>-0.127232 0.158406 0.979142 -0.991801 -0.032177 -0.123671 0.0119156 -0.98685 0.161202 0.163469 0.293579 1.30648</i>
                        <i>-0.106201 0.111556 0.988067 -0.994312 -0.0199725 -0.104617 0.00806349 -0.993557 0.113043 0.153125 0.301995 1.34202</i>
                        <i>-0.0809101 0.0782677 0.993644 -0.996721 -0.00528938 -0.080744 -0.00106389 -0.996918 0.078439 0.141946 0.308426 1.37886</i>
                        <i>-0.0529011 0.0705016 0.996108 -0.998494 0.0107823 -0.053791 -0.0145327 -0.997453 0.069825 0.13049 0.310699 1.41645</i>
                        <i>-0.0237265 0.126605 0.991669 -0.999281 0.0263428 -0.0272718 -0.0295761 -0.991603 0.125889 0.119346 0.310334 1.45459</i>
                        <i>0.00459943 0.202724 0.979225 -0.99919 0.0400775 -0.00360383 -0.0399755 -0.978415 0.202744 0.109124 0.30572 1.49279</i>
                        <i>0.0301384 0.248933 0.968052 -0.998486 0.0520932 0.0176903 -0.0460253 -0.967119 0.250126 0.10044 0.295292 1.53012</i>
                        <i>0.0515892 0.284591 0.95726 -0.997467 0.0616877 0.0354164 -0.0489719 -0.956662 0.287053 0.0938502 0.283966 1.56637</i>
                        <i>0.0679296 0.306725 0.949371 -0.996438 0.0685201 0.0491597 -0.0499725 -0.949329 0.310287 0.0898745 0.274378 1.60112</i>
                        <i>0.0783614 0.312671 0.946624 -0.995666 0.0722559 0.0585549 -0.0500907 -0.947109 0.316977 0.0890068 0.269132 1.63397</i>
                        <i>0.0848709 0.297812 0.950844 -0.99511 0.0737186 0.0657327 -0.0505188 -0.951774 0.302613 0.0911172 0.269104 1.66476</i>
                        <i>0.0898592 0.264791 0.96011 -0.99461 0.0739269 0.0726997 -0.0517277 -0.961468 0.270007 0.0955381 0.272515 1.69391</i>
                        <i>0.0930373 0.221696 0.970667 -0.994244 0.0727192 0.0786883 -0.0531413 -0.9724 0.227186 0.101969 0.277991 1.72181</i>
                        <i>0.0941242 0.177731 0.979567 -0.99411 0.0698821 0.0828423 -0.0537307 -0.981595 0.183262 0.110115 0.284105 1.74883</i>
                        <i>0.0929948 0.143377 0.985289 -0.994299 0.0652141 0.0843554 -0.0521601 -0.987517 0.148624 0.119674 0.289353 1.77528</i>
                        <i>0.0897051 0.129751 0.98748 -0.994851 0.0586248 0.0826716 -0.0471641 -0.989812 0.134342 0.130326 0.292191 1.80144</i>
                        <i>0.0842515 0.156299 0.98411 -0.995751 0.0500516 0.0772988 -0.0371745 -0.986441 0.159852 0.141734 0.294026 1.82774</i>
                        <i>0.076875 0.209595 0.974762 -0.996732 0.0405009 0.0698991 -0.0248282 -0.976949 0.212024 0.153569 0.295622 1.85447</i>
                        <i>0.0682527 0.252647 0.965148 -0.997566 0.0311378 0.0623943 -0.0142889 -0.967057 0.254157 0.165462 0.294427 1.8816</i>
                        <i>0.0588007 0.273522 0.960067 -0.99825 0.0222152 0.0548101 -0.00633627 -0.961609 0.274349 0.177038 0.290044 1.90932</i>
                        <i>0.0483362 0.284689 0.957401 -0.998831 0.0136067 0.0463819 0.000177373 -0.958523 0.285014 0.187978 0.284625 1.93821</i>
                        <i>0.0367835 0.288524 0.956766 -0.999309 0.00541696 0.0367856 0.00543077 -0.957457 0.288524 0.197979 0.27934 1.96879</i>
                        <i>0.0240326 0.287231 0.95756 -0.999666 -0.0022108 0.0257525 0.0095139 -0.957859 0.287082 0.206756 0.275363 2.0016</i>
                        <i>-0.02422 0.274971 0.961147 -0.999659 -0.0160926 -0.0205866 0.00980661 -0.961318 0.275267 0.215125 0.27384 2.0413</i>
                        <i>-0.099722 0.246516 0.963995 -0.994976 -0.0332943 -0.0944128 0.00882124 -0.968567 0.248598 0.221153 0.274897 2.08968</i>
                        <i>-0.13992 0.206169 0.968461 -0.990099 -0.0402235 -0.134484 0.0112285 -0.977689 0.209756 0.220699 0.278336 2.14284</i>
                    </KeyFrames>
                </p>
            </i>
            <i>
                <p>
                    <Name>
                        <![CDATA[spine2]]>
</Name>
                    <Exclude>0</Exclude>
                    <Additive>0</Additive>
                    <IKPriority>0</IKPriority>
                    <IKRotLimits>-1e+010 -1e+010 -1e+010 1e+010 1e+010 1e+010</IKRotLimits>
                    <IKRotLimitOrder>0</IKRotLimitOrder>
                    <KeyFrames count="52">
                        <i>-0.130297 0.367584 0.920818 -0.984008 0.065824 -0.165515 -0.121452 -0.927658 0.353129 0.198303 0.311166 0.728281</i>
                        <i>-0.124929 0.350146 0.928327 -0.984526 0.0721403 -0.159701 -0.122889 -0.933913 0.335715 0.202047 0.308802 0.763781</i>
                        <i>-0.108974 0.330422 0.937521 -0.985457 0.0877921 -0.145488 -0.130379 -0.939741 0.316049 0.204183 0.306737 0.802253</i>
                        <i>-0.0838963 0.316053 0.945025 -0.986019 0.110689 -0.124554 -0.14397 -0.942262 0.302348 0.204885 0.30626 0.842801</i>
                        <i>-0.0518117 0.315693 0.947446 -0.985439 0.13768 -0.0997651 -0.16194 -0.938819 0.303963 0.204341 0.308619 0.884616</i>
                        <i>-0.0159152 0.351484 0.936058 -0.98365 0.162455 -0.0777253 -0.179387 -0.921991 0.343152 0.202833 0.325684 0.926938</i>
                        <i>0.0190253 0.389522 0.920821 -0.981016 0.185047 -0.058009 -0.192991 -0.902236 0.385648 0.200669 0.341385 0.96841</i>
                        <i>0.0500685 0.400854 0.914773 -0.97747 0.207711 -0.0375188 -0.205048 -0.892285 0.402222 0.198135 0.339514 1.00821</i>
                        <i>0.074713 0.404299 0.91157 -0.973829 0.226347 -0.0205736 -0.214649 -0.886177 0.41063 0.195532 0.333188 1.04558</i>
                        <i>0.0906286 0.40261 0.910874 -0.970967 0.239042 -0.0090499 -0.221381 -0.883609 0.412585 0.193105 0.325754 1.07973</i>
                        <i>0.0955295 0.398327 0.912255 -0.969805 0.243832 -0.00491108 -0.224394 -0.88424 0.409593 0.191072 0.320556 1.10983</i>
                        <i>0.0903217 0.389049 0.916779 -0.970328 0.241691 -0.00696761 -0.224288 -0.888947 0.399335 0.189282 0.317642 1.13599</i>
                        <i>0.0780438 0.373132 0.92449 -0.971909 0.235009 -0.0128047 -0.222041 -0.897521 0.380991 0.187434 0.315032 1.15917</i>
                        <i>0.0593734 0.3541 0.933321 -0.974402 0.223646 -0.0228641 -0.21683 -0.908073 0.358314 0.18553 0.313051 1.17983</i>
                        <i>0.035204 0.335958 0.941219 -0.977518 0.207493 -0.0375008 -0.207895 -0.918738 0.33571 0.183574 0.312034 1.19848</i>
                        <i>0.00686756 0.323346 0.946256 -0.980777 0.186719 -0.0566857 -0.195013 -0.927676 0.318412 0.181559 0.312303 1.21568</i>
                        <i>-0.0238135 0.321246 0.946696 -0.983558 0.162038 -0.0797258 -0.179013 -0.93303 0.312105 0.179448 0.314164 1.23206</i>
                        <i>-0.0544754 0.343089 0.937722 -0.985283 0.133908 -0.106232 -0.162015 -0.929709 0.330746 0.17717 0.324612 1.24825</i>
                        <i>-0.0827251 0.379892 0.921324 -0.985535 0.106025 -0.132208 -0.147908 -0.918935 0.365626 0.174702 0.34122 1.26457</i>
                        <i>-0.107561 0.405884 0.907573 -0.984699 0.0823959 -0.15355 -0.137104 -0.910203 0.390811 0.17205 0.350133 1.2814</i>
                        <i>-0.128761 0.412924 0.901618 -0.983417 0.063923 -0.169719 -0.127715 -0.90852 0.397846 0.169173 0.346531 1.29949</i>
                        <i>-0.145376 0.410772 0.900073 -0.9821 0.0502164 -0.181543 -0.119771 -0.910354 0.396119 0.166062 0.337694 1.31945</i>
                        <i>-0.156465 0.403863 0.901339 -0.981099 0.0416434 -0.18897 -0.113853 -0.913871 0.389714 0.162738 0.327941 1.34185</i>
                        <i>-0.160896 0.396332 0.903899 -0.980703 0.0388569 -0.191605 -0.111062 -0.917285 0.382432 0.159237 0.321607 1.36725</i>
                        <i>-0.157681 0.385746 0.909031 -0.98113 0.0431125 -0.188482 -0.111897 -0.921597 0.371669 0.15498 0.319278 1.3959</i>
                        <i>-0.147097 0.369016 0.917709 -0.982269 0.0545253 -0.179371 -0.116229 -0.927822 0.354452 0.149576 0.318388 1.4273</i>
                        <i>-0.12959 0.349306 0.928004 -0.983705 0.0723328 -0.164595 -0.124619 -0.934213 0.33424 0.143309 0.318562 1.4609</i>
                        <i>-0.105769 0.330312 0.937927 -0.984853 0.0955295 -0.144703 -0.137397 -0.939025 0.315204 0.136455 0.319426 1.49616</i>
                        <i>-0.0767486 0.316507 0.94548 -0.985076 0.122452 -0.120954 -0.154058 -0.940654 0.302385 0.129308 0.320587 1.53264</i>
                        <i>-0.0443256 0.31294 0.948738 -0.983963 0.150567 -0.0956359 -0.172777 -0.937762 0.301248 0.122203 0.321623 1.56998</i>
                        <i>-0.0108755 0.336022 0.941791 -0.981785 0.175074 -0.0738021 -0.189682 -0.925439 0.327997 0.115527 0.329957 1.6079</i>
                        <i>0.0205186 0.366673 0.930123 -0.979099 0.195656 -0.0555325 -0.202347 -0.909543 0.363024 0.109679 0.33739 1.64565</i>
                        <i>0.047923 0.384202 0.922004 -0.976066 0.214047 -0.0384611 -0.212129 -0.898094 0.385264 0.105018 0.33452 1.68267</i>
                        <i>0.0699134 0.397357 0.914997 -0.973314 0.228142 -0.0247061 -0.218566 -0.888853 0.402703 0.10188 0.329217 1.71866</i>
                        <i>0.0854341 0.405315 0.910176 -0.9713 0.237411 -0.0145513 -0.221984 -0.882811 0.413966 0.100577 0.323481 1.75324</i>
                        <i>0.0935765 0.407283 0.908496 -0.970407 0.241336 -0.00823857 -0.222608 -0.880839 0.417813 0.101411 0.319311 1.78605</i>
                        <i>0.095999 0.401455 0.910834 -0.970535 0.240927 -0.00389849 -0.22101 -0.883622 0.412755 0.104521 0.316749 1.81701</i>
                        <i>0.0950958 0.388913 0.916353 -0.971388 0.237498 9.65054e-006 -0.217628 -0.890136 0.40037 0.109632 0.314577 1.8465</i>
                        <i>0.0908576 0.372968 0.923385 -0.973006 0.230765 0.00253082 -0.212141 -0.898689 0.383867 0.116437 0.312916 1.87472</i>
                        <i>0.0832728 0.357203 0.930307 -0.975408 0.220393 0.00268729 -0.204073 -0.907652 0.366771 0.124638 0.311901 1.9019</i>
                        <i>0.0724632 0.345661 0.935557 -0.978527 0.206116 -0.000362422 -0.192959 -0.915442 0.353175 0.133943 0.311667 1.92836</i>
                        <i>0.0587722 0.342766 0.937581 -0.98216 0.187913 -0.00713175 -0.178628 -0.920435 0.347695 0.144055 0.31234 1.95444</i>
                        <i>0.0427392 0.356552 0.933297 -0.986006 0.165719 -0.0181576 -0.161139 -0.91946 0.358645 0.154659 0.318338 1.98057</i>
                        <i>0.0254042 0.381061 0.924201 -0.989392 0.141857 -0.0312936 -0.143029 -0.913602 0.380623 0.165447 0.328431 2.00696</i>
                        <i>0.00775508 0.400583 0.916228 -0.991888 0.119339 -0.0437804 -0.126879 -0.908456 0.398259 0.176088 0.33428 2.03386</i>
                        <i>-0.00970082 0.410033 0.912019 -0.993537 0.0991969 -0.0551657 -0.113089 -0.90666 0.406421 0.186235 0.333434 2.06169</i>
                        <i>-0.0265641 0.414653 0.909592 -0.994483 0.0814089 -0.0661549 -0.10148 -0.906331 0.410203 0.195558 0.33 2.09092</i>
                        <i>-0.0424369 0.41549 0.908607 -0.994824 0.0664715 -0.0768599 -0.092331 -0.907166 0.410518 0.203743 0.325495 2.12199</i>
                        <i>-0.0569693 0.41356 0.908693 -0.994663 0.0549117 -0.0873502 -0.0860224 -0.90882 0.408224 0.210493 0.32143 2.15535</i>
                        <i>-0.0857024 0.403978 0.910745 -0.992081 0.0496359 -0.115373 -0.091814 -0.913421 0.396525 0.211117 0.317995 2.19584</i>
                        <i>-0.121463 0.386081 0.914433 -0.986671 0.0535492 -0.153667 -0.108295 -0.920909 0.374431 0.205042 0.314428 2.24445</i>
                        <i>-0.130294 0.367588 0.920816 -0.984009 0.0658212 -0.165512 -0.121449 -0.927657 0.353134 0.198307 0.311168 2.29719</i>
                    </KeyFrames>
                </p>
            </i>
            <i>
                <p>
                    <Name>
                        <![CDATA[head]]>
</Name>
                    <Exclude>0</Exclude>
                    <Additive>0</Additive>
                    <IKPriority>0</IKPriority>
                    <IKRotLimits>-1e+010 -1e+010 -1e+010 1e+010 1e+010 1e+010</IKRotLimits>
                    <IKRotLimitOrder>0</IKRotLimitOrder>
                    <KeyFrames count="52">
                        <i>0.00862074 0.958282 0.285695 -0.0105163 0.285777 -0.958238 -0.999908 0.00525624 0.0125412 0.178291 0.430163 0.953821</i>
                        <i>0.00390504 0.942737 0.333515 -0.00926575 0.333538 -0.942691 -0.99995 0.000590974 0.0100376 0.183281 0.425048 0.989406</i>
                        <i>0.00298748 0.914291 0.405046 -0.00951838 0.405056 -0.914242 -0.99995 -0.00112411 0.00991267 0.188765 0.419768 1.0281</i>
                        <i>0.00518593 0.876403 0.48155 -0.0103833 0.481578 -0.876342 -0.999933 -0.000455417 0.0115974 0.194458 0.416783 1.06894</i>
                        <i>0.0096338 0.837563 0.546256 -0.0110667 0.546337 -0.837492 -0.999892 0.002023 0.0145323 0.200067 0.418555 1.11098</i>
                        <i>0.0155464 0.796589 0.604321 -0.0110211 0.604494 -0.796534 -0.999818 0.00572295 0.018177 0.205302 0.440147 1.15328</i>
                        <i>0.0215574 0.782692 0.622036 -0.0109845 0.622328 -0.782679 -0.999707 0.0100398 0.0220132 0.209811 0.460999 1.19495</i>
                        <i>0.0264979 0.8149 0.578996 -0.0125057 0.579424 -0.81493 -0.999571 0.0143533 0.0255444 0.213307 0.460472 1.23508</i>
                        <i>0.0299596 0.859183 0.510791 -0.0150971 0.511351 -0.859239 -0.999437 0.018031 0.028291 0.215537 0.454398 1.27277</i>
                        <i>0.0313463 0.900334 0.434069 -0.0179448 0.434719 -0.900387 -0.999347 0.0204345 0.0297831 0.216221 0.446517 1.30714</i>
                        <i>0.030365 0.928899 0.369086 -0.0197252 0.369741 -0.928925 -0.999344 0.0209265 0.0295499 0.215069 0.440571 1.33732</i>
                        <i>0.0277032 0.948298 0.316169 -0.0203011 0.316759 -0.948289 -0.99941 0.019852 0.0280267 0.212084 0.436236 1.36341</i>
                        <i>0.0245984 0.960261 0.278016 -0.0199643 0.278517 -0.960224 -0.999498 0.0180696 0.026022 0.207624 0.431316 1.38643</i>
                        <i>0.0217279 0.959478 0.280943 -0.0182361 0.281343 -0.959434 -0.999598 0.0157232 0.0236101 0.201926 0.426743 1.40692</i>
                        <i>0.0195099 0.935001 0.354107 -0.0149178 0.354408 -0.934972 -0.999698 0.0129586 0.0208626 0.19523 0.423444 1.42542</i>
                        <i>0.0170714 0.885766 0.463818 -0.011212 0.464026 -0.885751 -0.999791 0.00992067 0.0178528 0.187777 0.42235 1.44246</i>
                        <i>0.0136743 0.836743 0.547425 -0.00857239 0.547554 -0.836726 -0.99987 0.00674887 0.0146603 0.179817 0.424396 1.45858</i>
                        <i>0.00961469 0.805966 0.591884 -0.00705066 0.591951 -0.805943 -0.999929 0.00357571 0.011374 0.171593 0.438461 1.47433</i>
                        <i>0.00540384 0.787313 0.61653 -0.00604938 0.616554 -0.78729 -0.999967 0.000524778 0.00809451 0.163381 0.461067 1.49024</i>
                        <i>0.00124001 0.787282 0.616592 -0.00529699 0.616589 -0.787268 -0.999985 -0.00228985 0.00493481 0.155441 0.474611 1.50689</i>
                        <i>-0.00269459 0.812787 0.582554 -0.00441607 0.582541 -0.812789 -0.999987 -0.00476274 0.00201962 0.148004 0.472682 1.52484</i>
                        <i>-0.00605852 0.851683 0.524022 -0.00312027 0.524013 -0.851705 -0.999977 -0.00679514 -0.000517245 0.141306 0.463926 1.54467</i>
                        <i>-0.00851716 0.884282 0.466875 -0.00162704 0.466879 -0.88432 -0.999962 -0.0082915 -0.00253773 0.135598 0.453325 1.56696</i>
                        <i>-0.00993875 0.897466 0.440971 -0.000531368 0.440988 -0.897513 -0.999951 -0.00915448 -0.00390598 0.131137 0.445862 1.59229</i>
                        <i>-0.0105488 0.902556 0.430442 -0.000482171 0.430462 -0.902609 -0.999944 -0.00972902 -0.00410569 0.127598 0.44172 1.6209</i>
                        <i>-0.010675 0.911601 0.410937 -0.00163056 0.410944 -0.911659 -0.999942 -0.010402 -0.00290042 0.124496 0.43793 1.65231</i>
                        <i>-0.0104315 0.915986 0.401075 -0.00392465 0.401056 -0.916045 -0.999938 -0.0111298 -0.000588675 0.121852 0.434734 1.68603</i>
                        <i>-0.00968809 0.906344 0.42243 -0.00730597 0.422375 -0.906392 -0.999926 -0.0118675 0.00252969 0.119682 0.432376 1.72156</i>
                        <i>-0.00825015 0.884615 0.46625 -0.0113133 0.466154 -0.884631 -0.999902 -0.0125732 0.0061621 0.118005 0.431102 1.75838</i>
                        <i>-0.00630516 0.861984 0.506897 -0.0153409 0.506764 -0.861948 -0.999862 -0.013211 0.0100284 0.116837 0.431161 1.79602</i>
                        <i>-0.00400188 0.839175 0.543847 -0.019113 0.543688 -0.83907 -0.999809 -0.0137524 0.0138634 0.116198 0.442272 1.834</i>
                        <i>-0.00203552 0.829567 0.558403 -0.022365 0.558227 -0.829387 -0.999748 -0.0141769 0.017417 0.116086 0.453741 1.87186</i>
                        <i>-0.00127101 0.84456 0.53546 -0.0250209 0.535266 -0.844313 -0.999686 -0.0144708 0.0204513 0.116533 0.453207 1.90915</i>
                        <i>-0.00134037 0.866796 0.498661 -0.0270019 0.498448 -0.866499 -0.999634 -0.0146262 0.022737 0.117571 0.449753 1.9454</i>
                        <i>-0.00203407 0.889505 0.45692 -0.0280792 0.45669 -0.889183 -0.999604 -0.0146386 0.0240477 0.119231 0.445192 1.98018</i>
                        <i>-0.00301676 0.907475 0.420095 -0.0280114 0.419855 -0.907159 -0.999603 -0.0145041 0.024153 0.121538 0.441333 2.01303</i>
                        <i>-0.00407458 0.92456 0.381016 -0.0271935 0.380776 -0.924267 -0.999622 -0.0141271 0.0235905 0.124869 0.437928 2.04383</i>
                        <i>-0.00468122 0.938208 0.34604 -0.0262329 0.345809 -0.937938 -0.999645 -0.0134683 0.0229931 0.129434 0.433983 2.073</i>
                        <i>-0.00409452 0.93782 0.347097 -0.0252487 0.346893 -0.937565 -0.999673 -0.0126026 0.0222584 0.135003 0.430181 2.10083</i>
                        <i>-0.00144937 0.905029 0.425347 -0.0241937 0.425191 -0.90478 -0.999706 -0.0116021 0.0212798 0.141351 0.427202 2.12764</i>
                        <i>0.00174395 0.845554 0.533888 -0.0224991 0.533786 -0.84532 -0.999745 -0.0105378 0.0199551 0.148255 0.425733 2.15374</i>
                        <i>0.00295258 0.81106 0.584956 -0.0203011 0.584886 -0.810861 -0.99979 -0.00948111 0.0181923 0.155506 0.426463 2.17945</i>
                        <i>0.00251322 0.807736 0.589539 -0.0178691 0.589483 -0.807583 -0.999837 -0.00850491 0.015915 0.162894 0.434922 2.20513</i>
                        <i>0.00169791 0.799776 0.600296 -0.0150623 0.600249 -0.799671 -0.999885 -0.00768404 0.0130657 0.170252 0.449092 2.23112</i>
                        <i>0.000164609 0.796106 0.605158 -0.0119422 0.605116 -0.796048 -0.999929 -0.00709587 0.00960683 0.177383 0.458359 2.25779</i>
                        <i>-0.00231783 0.812128 0.583475 -0.00846254 0.583439 -0.812112 -0.999961 -0.00681998 0.00552034 0.184046 0.459401 2.28555</i>
                        <i>-0.0054442 0.846323 0.532642 -0.00437496 0.532625 -0.84634 -0.999976 -0.00693795 0.000802923 0.190025 0.457054 2.31482</i>
                        <i>-0.00878179 0.883294 0.468736 0.000480304 0.468758 -0.883326 -0.999961 -0.00753204 -0.00454078 0.195116 0.452954 2.34603</i>
                        <i>-0.0122336 0.911716 0.410638 0.00601472 0.410729 -0.911738 -0.999907 -0.00868393 -0.0105084 0.199122 0.448735 2.37961</i>
