<?xml version="1.0" encoding="ISO-8859-1" ?>
<Animl Version="1">
    <ModellingPackage>
        <![CDATA[Maya.2010]]>
</ModellingPackage>
    <SrcFile>
        <![CDATA[anims\characters\shared\elite\~src\death02.mb]]>
</SrcFile>
    <FramesPerSecond>30</FramesPerSecond>
    <TotalFrames>50</TotalFrames>
    <Skeleton>
        <RefFrame>
            <Name>
                <![CDATA[soldier_ref_frame]]>
</Name>
            <Exclude>0</Exclude>
            <Additive>0</Additive>
            <IKPriority>0</IKPriority>
            <IKRotLimits>-1e+010 -1e+010 -1e+010 1e+010 1e+010 1e+010</IKRotLimits>
            <IKRotLimitOrder>0</IKRotLimitOrder>
            <KeyFrames count="50">
                <i>1 0 0 0 1 0 0 0 1 0 0 0</i>
                <i>1 0 0 0 1 0 0 0 1 0 0 0</i>
                <i>1 0 0 0 1 0 0 0 1 0 0 0</i>
                <i>1 0 0 0 1 0 0 0 1 0 0 0</i>
                <i>1 0 0 0 1 0 0 0 1 0 0 0</i>
                <i>1 0 0 0 1 0 0 0 1 0 0 0</i>
                <i>1 0 0 0 1 0 0 0 1 0 0 0</i>
                <i>1 0 0 0 1 0 0 0 1 0 0 0</i>
                <i>1 0 0 0 1 0 0 0 1 0 0 0</i>
                <i>1 0 0 0 1 0 0 0 1 0 0 0</i>
                <i>1 0 0 0 1 0 0 0 1 0 0 0</i>
                <i>1 0 0 0 1 0 0 0 1 0 0 0</i>
                <i>1 0 0 0 1 0 0 0 1 0 0 0</i>
                <i>1 0 0 0 1 0 0 0 1 0 0 0</i>
                <i>1 0 0 0 1 0 0 0 1 0 0 0</i>
                <i>1 0 0 0 1 0 0 0 1 0 0 0</i>
                <i>1 0 0 0 1 0 0 0 1 0 0 0</i>
                <i>1 0 0 0 1 0 0 0 1 0 0 0</i>
                <i>1 0 0 0 1 0 0 0 1 0 0 0</i>
                <i>1 0 0 0 1 0 0 0 1 0 0 0</i>
                <i>1 0 0 0 1 0 0 0 1 0 0 0</i>
                <i>1 0 0 0 1 0 0 0 1 0 0 0</i>
                <i>1 0 0 0 1 0 0 0 1 0 0 0</i>
                <i>1 0 0 0 1 0 0 0 1 0 0 0</i>
                <i>1 0 0 0 1 0 0 0 1 0 0 0</i>
                <i>1 0 0 0 1 0 0 0 1 0 0 0</i>
                <i>1 0 0 0 1 0 0 0 1 0 0 0</i>
                <i>1 0 0 0 1 0 0 0 1 0 0 0</i>
                <i>1 0 0 0 1 0 0 0 1 0 0 0</i>
                <i>1 0 0 0 1 0 0 0 1 0 0 0</i>
                <i>1 0 0 0 1 0 0 0 1 0 0 0</i>
                <i>1 0 0 0 1 0 0 0 1 0 0 0</i>
                <i>1 0 0 0 1 0 0 0 1 0 0 0</i>
                <i>1 0 0 0 1 0 0 0 1 0 0 0</i>
                <i>1 0 0 0 1 0 0 0 1 0 0 0</i>
                <i>1 0 0 0 1 0 0 0 1 0 0 0</i>
                <i>1 0 0 0 1 0 0 0 1 0 0 0</i>
                <i>1 0 0 0 1 0 0 0 1 0 0 0</i>
                <i>1 0 0 0 1 0 0 0 1 0 0 0</i>
                <i>1 0 0 0 1 0 0 0 1 0 0 0</i>
                <i>1 0 0 0 1 0 0 0 1 0 0 0</i>
                <i>1 0 0 0 1 0 0 0 1 0 0 0</i>
                <i>1 0 0 0 1 0 0 0 1 0 0 0</i>
                <i>1 0 0 0 1 0 0 0 1 0 0 0</i>
                <i>1 0 0 0 1 0 0 0 1 0 0 0</i>
                <i>1 0 0 0 1 0 0 0 1 0 0 0</i>
                <i>1 0 0 0 1 0 0 0 1 0 0 0</i>
                <i>1 0 0 0 1 0 0 0 1 0 0 0</i>
                <i>1 0 0 0 1 0 0 0 1 0 0 0</i>
                <i>1 0 0 0 1 0 0 0 1 0 0 0</i>
            </KeyFrames>
        </RefFrame>
        <Bones count="23">
            <i>
                <p>
                    <Name>
                        <![CDATA[pelvis]]>
</Name>
                    <Exclude>0</Exclude>
                    <Additive>0</Additive>
                    <IKPriority>0</IKPriority>
                    <IKRotLimits>-1e+010 -1e+010 -1e+010 1e+010 1e+010 1e+010</IKRotLimits>
                    <IKRotLimitOrder>2</IKRotLimitOrder>
                    <KeyFrames count="50">
                        <i>1 0 0 0 1 0 0 0 1 -0.059303 0.981368 0.0732933</i>
                        <i>1 0 0 0 1 0 0 0 1 -0.059303 0.980294 0.0447153</i>
                        <i>1 0 0 0 1 0 0 0 1 -0.059303 0.977229 0.0127546</i>
                        <i>1 0 0 0 1 0 0 0 1 -0.059303 0.972379 -0.0124408</i>
                        <i>1 0 0 0 1 0 0 0 1 -0.059303 0.965951 -0.020723</i>
                        <i>1 0 0 0 1 0 0 0 1 -0.059303 0.958149 -0.0149822</i>
                        <i>1 0 0 0 1 0 0 0 1 -0.059303 0.94918 -0.00530912</i>
                        <i>1 0 0 0 1 0 0 0 1 -0.059303 0.93925 0.00764338</i>
                        <i>1 0 0 0 1 0 0 0 1 -0.059303 0.928564 0.0232225</i>
                        <i>1 0 0 0 1 0 0 0 1 -0.059303 0.917327 0.0407754</i>
                        <i>1 0 0 0 1 0 0 0 1 -0.059303 0.905747 0.0596493</i>
                        <i>1 0 0 0 1 0 0 0 1 -0.059303 0.894028 0.0791914</i>
                        <i>1 0 0 0 1 0 0 0 1 -0.059303 0.882377 0.0987488</i>
                        <i>1 0 0 0 1 0 0 0 1 -0.059303 0.870998 0.117669</i>
                        <i>1 0 0 0 1 0 0 0 1 -0.059303 0.860098 0.135299</i>
                        <i>1 0 0 0 1 0 0 0 1 -0.059303 0.849884 0.150985</i>
                        <i>1 0 0 0 1 0 0 0 1 -0.059303 0.840559 0.164076</i>
                        <i>1 0 0 0 1 0 0 0 1 -0.059303 0.832331 0.173918</i>
                        <i>1 0 0 0 1 0 0 0 1 -0.059303 0.825404 0.179859</i>
                        <i>1 0 0 0 1 0 0 0 1 -0.059303 0.819986 0.181245</i>
                        <i>1 0 0 0 1 0 0 0 1 -0.059303 0.816281 0.177424</i>
                        <i>1 0 0 0 1 0 0 0 1 -0.059303 0.814495 0.167743</i>
                        <i>1 0 0 0 1 0 0 0 1 -0.059303 0.814834 0.15155</i>
                        <i>1 0 0 0 1 0 0 0 1 -0.0511904 0.830039 0.109966</i>
                        <i>1 0 0 0 1 0 0 0 1 -0.0296717 0.866264 0.0320005</i>
                        <i>1 0 0 0 1 0 0 0 1 0.00102455 0.913832 -0.0711714</i>
                        <i>1 0 0 0 1 0 0 0 1 0.0366696 0.963066 -0.188374</i>
                        <i>1 0 0 0 1 0 0 0 1 0.0730349 1.00429 -0.308432</i>
                        <i>1 0 0 0 1 0 0 0 1 0.105892 1.02783 -0.42017</i>
                        <i>1 0 0 0 1 0 0 0 1 0.131012 1.02401 -0.512413</i>
                        <i>1 0 0 0 1 0 0 0 1 0.145775 0.96548 -0.612572</i>
                        <i>1 0 0 0 1 0 0 0 1 0.152867 0.852227 -0.743481</i>
                        <i>1 0 0 0 1 0 0 0 1 0.156018 0.715569 -0.887094</i>
                        <i>1 0 0 0 1 0 0 0 1 0.158957 0.586823 -1.02537</i>
                        <i>1 0 0 0 1 0 0 0 1 0.160922 0.454594 -1.18516</i>
                        <i>1 0 0 0 1 0 0 0 1 0.1603 0.31787 -1.34615</i>
                        <i>1 0 0 0 1 0 0 0 1 0.159547 0.223548 -1.41955</i>
                        <i>1 0 0 0 1 0 0 0 1 0.158989 0.216943 -1.41587</i>
                        <i>1 0 0 0 1 0 0 0 1 0.158825 0.264261 -1.41498</i>
                        <i>1 0 0 0 1 0 0 0 1 0.159547 0.29061 -1.41955</i>
                        <i>1 0 0 0 1 0 0 0 1 0.159303 0.234617 -1.41641</i>
                        <i>1 0 0 0 1 0 0 0 1 0.157628 0.179002 -1.40721</i>
                        <i>1 0 0 0 1 0 0 0 1 0.157941 0.180439 -1.40948</i>
                        <i>1 0 0 0 1 0 0 0 1 0.158823 0.198342 -1.41504</i>
                        <i>1 0 0 0 1 0 0 0 1 0.159547 0.223548 -1.41955</i>
                        <i>1 0 0 0 1 0 0 0 1 0.159758 0.27164 -1.42085</i>
                        <i>1 0 0 0 1 0 0 0 1 0.159302 0.306845 -1.41809</i>
                        <i>1 0 0 0 1 0 0 0 1 0.158912 0.291321 -1.41577</i>
                        <i>1 0 0 0 1 0 0 0 1 0.159018 0.257339 -1.41641</i>
                        <i>1 0 0 0 1 0 0 0 1 0.159547 0.223548 -1.41955</i>
                    </KeyFrames>
                </p>
            </i>
            <i>
                <p>
                    <Name>
                        <![CDATA[spine0]]>
</Name>
                    <Exclude>0</Exclude>
                    <Additive>0</Additive>
                    <IKPriority>0</IKPriority>
                    <IKRotLimits>-1e+010 -1e+010 -1e+010 1e+010 1e+010 1e+010</IKRotLimits>
                    <IKRotLimitOrder>0</IKRotLimitOrder>
                    <KeyFrames count="50">
                        <i>0.0720072 0.996124 0.0505104 -0.944207 0.0517614 0.325259 0.321384 -0.0711133 0.944275 -0.0659625 1.12179 0.0427427</i>
                        <i>0.036849 0.996411 -0.0761999 -0.945933 0.0593686 0.318883 0.322263 0.0603294 0.944726 -0.0663833 1.11932 0.00842965</i>
                        <i>-0.0138423 0.969715 -0.243845 -0.948007 0.0648174 0.311578 0.317948 0.23548 0.9184 -0.066823 1.11439 -0.0299843</i>
                        <i>-0.0549553 0.918766 -0.390959 -0.95002 0.0723985 0.303679 0.307314 0.388107 0.868867 -0.0672492 1.10717 -0.0620779</i>
                        <i>-0.0712763 0.882937 -0.464049 -0.952173 0.0783588 0.295342 0.297131 0.462906 0.835124 -0.0676307 1.0979 -0.0774342</i>
                        <i>-0.0676447 0.878675 -0.472604 -0.954445 0.0809886 0.287187 0.290619 0.470501 0.833168 -0.0679392 1.08685 -0.0786865</i>
                        <i>-0.0551262 0.888267 -0.456007 -0.956569 0.0839459 0.279159 0.286247 0.451591 0.845061 -0.0681501 1.07434 -0.0756877</i>
                        <i>-0.0350025 0.908387 -0.416662 -0.958524 0.0874842 0.271252 0.282853 0.408875 0.867649 -0.0682436 1.06074 -0.0688781</i>
                        <i>-0.0110958 0.930888 -0.365135 -0.9603 0.0918738 0.263408 0.27875 0.353562 0.892912 -0.0682047 1.04647 -0.0587254</i>
                        <i>0.0113189 0.948764 -0.315784 -0.961889 0.0966159 0.255802 0.273205 0.300854 0.913699 -0.0680231 1.03195 -0.0457248</i>
                        <i>0.0286345 0.960424 -0.277067 -0.963276 0.100545 0.248976 0.26698 0.259763 0.928033 -0.0676922 1.01763 -0.0303923</i>
                        <i>0.0394729 0.967326 -0.250443 -0.964432 0.102443 0.243674 0.261368 0.231917 0.936964 -0.0672069 1.00397 -0.0132544</i>
                        <i>0.0467009 0.972191 -0.229486 -0.965309 0.103006 0.239932 0.256899 0.21032 0.943275 -0.0665614 0.991399 0.00516742</i>
                        <i>0.0554433 0.978868 -0.196833 -0.965717 0.102645 0.238441 0.253607 0.176865 0.951001 -0.0655862 0.981184 0.0253877</i>
                        <i>0.0661292 0.986853 -0.147474 -0.965585 0.100549 0.239866 0.251541 0.126537 0.959539 -0.0641953 0.973871 0.0473892</i>
                        <i>0.0772034 0.99316 -0.0875933 -0.965072 0.0965014 0.243563 0.25035 0.06573 0.965922 -0.0624952 0.968695 0.0699303</i>
                        <i>0.0873399 0.995938 -0.0218936 -0.96438 0.0900401 0.248723 0.249684 -0.000609721 0.968327 -0.0605998 0.964893 0.0917196</i>
                        <i>0.0957588 0.994325 0.0463431 -0.963733 0.0809608 0.25429 0.249095 -0.0690129 0.966017 -0.0586467 0.961856 0.111318</i>
                        <i>0.102288 0.988194 0.114064 -0.963318 0.069803 0.259127 0.248106 -0.136385 0.959084 -0.0567995 0.959226 0.127118</i>
                        <i>0.10713 0.978367 0.176977 -0.963215 0.0580051 0.262398 0.246456 -0.198578 0.948592 -0.0552425 0.956938 0.137386</i>
                        <i>0.110548 0.967136 0.22897 -0.963383 0.04765 0.26386 0.244278 -0.249755 0.93699 -0.054169 0.955183 0.14033</i>
                        <i>0.11271 0.95828 0.262672 -0.9637 0.0410329 0.263817 0.242032 -0.282872 0.928119 -0.0537721 0.954273 0.134162</i>
                        <i>0.113685 0.955983 0.270503 -0.964043 0.0403191 0.262669 0.240201 -0.290638 0.926193 -0.0542376 0.954429 0.117145</i>
                        <i>0.119377 0.963044 0.241444 -0.963376 0.0535435 0.262753 0.240115 -0.263968 0.934166 -0.0480797 0.96899 0.0728284</i>
                        <i>0.136239 0.974427 0.178693 -0.95947 0.0848686 0.268727 0.246689 -0.208062 0.946496 -0.0291118 1.00424 -0.0087354</i>
                        <i>0.163956 0.981734 0.0965206 -0.951138 0.131375 0.279424 0.26164 -0.137618 0.955304 0.000764076 1.04947 -0.119107</i>
                        <i>0.19768 0.980266 0.00140129 -0.941188 0.1894 0.279807 0.27402 -0.0566312 0.960055 0.039601 1.09342 -0.249163</i>
                        <i>0.233186 0.966932 -0.103283 -0.929763 0.25281 0.267634 0.284895 0.03362 0.957969 0.0846837 1.12519 -0.385533</i>
                        <i>0.260246 0.942851 -0.208096 -0.918073 0.308382 0.249083 0.299021 0.126224 0.945861 0.127302 1.13592 -0.512666</i>
                        <i>0.266514 0.915809 -0.30044 -0.913763 0.339241 0.223501 0.306606 0.214965 0.927245 0.156441 1.11847 -0.617899</i>
                        <i>0.240005 0.900292 -0.363143 -0.934372 0.315708 0.165158 0.263338 0.299672 0.916979 0.170194 1.04815 -0.727749</i>
                        <i>0.190558 0.893121 -0.407458 -0.968415 0.239018 0.0710086 0.160809 0.381058 0.910459 0.177995 0.924926 -0.865052</i>
                        <i>0.142465 0.878775 -0.455475 -0.988205 0.152397 -0.0150658 0.0561735 0.452249 0.890121 0.183661 0.779691 -1.01287</i>
                        <i>0.126886 0.843598 -0.521769 -0.991796 0.116114 -0.0534556 0.0154895 0.524271 0.851411 0.188505 0.641133 -1.15527</i>
                        <i>0.120115 0.764992 -0.63274 -0.991454 0.125114 -0.0369465 0.0509006 0.63177 0.773483 0.18639 0.472059 -1.32567</i>
                        <i>0.0942044 0.635536 -0.766303 -0.988571 0.150719 0.00347049 0.117702 0.757217 0.642471 0.176762 0.274607 -1.48237</i>
                        <i>0.0788063 0.479009 -0.874265 -0.981401 0.191273 0.0163349 0.175048 0.856717 0.485174 0.169929 0.14254 -1.53798</i>
                        <i>0.0671142 0.357051 -0.931671 -0.983069 0.183233 -0.000595153 0.1705 0.915937 0.363304 0.172051 0.137197 -1.53489</i>
                        <i>0.0328343 0.272192 -0.961683 -0.989352 0.145355 0.00736196 0.14179 0.951201 0.274066 0.179183 0.202971 -1.54353</i>
                        <i>0.00888364 0.205606 -0.978594 -0.992864 0.118196 0.0158203 0.118919 0.971471 0.205189 0.184474 0.239864 -1.55184</i>
                        <i>-0.00256473 0.171382 -0.985201 -0.985576 0.166276 0.0314905 0.169212 0.971072 0.168484 0.180294 0.159312 -1.53717</i>
                        <i>-0.00713888 0.166808 -0.985964 -0.974421 0.220316 0.0443288 0.224617 0.96106 0.160968 0.173565 0.0845426 -1.51454</i>
                        <i>-0.00160461 0.113846 -0.993497 -0.981951 0.187719 0.0230969 0.189128 0.975603 0.11149 0.176749 0.0962499 -1.52461</i>
                        <i>0.0115018 0.0495331 -0.998706 -0.989434 0.144926 -0.00420707 0.14453 0.988202 0.0506766 0.182145 0.132976 -1.54105</i>
                        <i>0.0251103 0.00219342 -0.999682 -0.992392 0.120621 -0.0246625 0.120529 0.992696 0.00520556 0.18565 0.17312 -1.55173</i>
                        <i>0.0404622 -0.0721733 -0.996571 -0.992217 0.114653 -0.0485887 0.117767 0.99078 -0.0669724 0.18652 0.227498 -1.55513</i>
                        <i>0.0579951 -0.114756 -0.991699 -0.990883 0.114386 -0.0711836 0.121605 0.986786 -0.107076 0.18609 0.266196 -1.55347</i>
                        <i>0.0760468 -0.0598766 -0.995305 -0.989797 0.116091 -0.08261 0.120493 0.991432 -0.0504373 0.185368 0.252425 -1.55172</i>
                        <i>0.0933693 0.03474 -0.995025 -0.989039 0.118056 -0.0886858 0.114388 0.992399 0.045382 0.185039 0.21956 -1.55276</i>
                        <i>0.107215 0.124579 -0.9864 -0.988567 0.119156 -0.092402 0.106024 0.985029 0.13593 0.185273 0.187374 -1.55639</i>
                    </KeyFrames>
                </p>
            </i>
            <i>
                <p>
                    <Name>
                        <![CDATA[spine1]]>
</Name>
                    <Exclude>0</Exclude>
                    <Additive>0</Additive>
                    <IKPriority>0</IKPriority>
                    <IKRotLimits>-1e+010 -1e+010 -1e+010 1e+010 1e+010 1e+010</IKRotLimits>
                    <IKRotLimitOrder>0</IKRotLimitOrder>
                    <KeyFrames count="50">
                        <i>0.0971959 0.974674 0.201404 -0.917113 0.0091062 0.398523 0.386596 -0.223445 0.894772 -0.0536702 1.29182 0.0513689</i>
                        <i>0.0461802 0.997857 -0.046364 -0.916152 0.0608074 0.396191 0.398161 0.0241803 0.916997 -0.0600528 1.29052 -0.00466406</i>
                        <i>-0.014783 0.944961 -0.326849 -0.916818 0.117642 0.381583 0.399032 0.305302 0.864618 -0.0692371 1.28316 -0.0724391</i>
                        <i>-0.0604839 0.840836 -0.5379 -0.921717 0.159788 0.353419 0.383117 0.517168 0.765348 -0.0769319 1.2689 -0.130926</i>
                        <i>-0.0786408 0.778573 -0.622608 -0.929502 0.168478 0.328086 0.360335 0.604516 0.710436 -0.0802081 1.25358 -0.159288</i>
                        <i>-0.0784454 0.777681 -0.623746 -0.936359 0.15727 0.313844 0.342166 0.60867 0.715851 -0.0797761 1.24052 -0.161361</i>
                        <i>-0.0739623 0.790384 -0.608131 -0.940888 0.146814 0.305246 0.330544 0.59476 0.732804 -0.0776944 1.22808 -0.154624</i>
                        <i>-0.0669318 0.813858 -0.577196 -0.943129 0.137185 0.302799 0.325618 0.564638 0.758391 -0.0742635 1.21695 -0.140531</i>
                        <i>-0.0576706 0.845188 -0.531349 -0.943459 0.127889 0.305825 0.326433 0.518943 0.790025 -0.0701168 1.20678 -0.121611</i>
                        <i>-0.0461696 0.880406 -0.471968 -0.942508 0.118153 0.312601 0.33098 0.459266 0.824334 -0.0660614 1.19668 -0.100566</i>
                        <i>-0.0338965 0.913992 -0.404315 -0.941164 0.106914 0.320594 0.336247 0.391393 0.856592 -0.0626802 1.18594 -0.0789685</i>
                        <i>-0.0237226 0.941647 -0.335764 -0.940317 0.0930294 0.327336 0.339471 0.32349 0.88324 -0.0602657 1.17424 -0.0573656</i>
                        <i>-0.0153895 0.963956 -0.265615 -0.940128 0.0765069 0.332125 0.340475 0.254824 0.905064 -0.0583514 1.16245 -0.0352359</i>
                        <i>-0.00484499 0.98403 -0.177935 -0.940023 0.0562092 0.336448 0.341077 0.168893 0.924739 -0.0558522 1.15315 -0.00921681</i>
                        <i>0.00911088 0.99777 -0.0661264 -0.93962 0.031166 0.340798 0.342099 0.0590287 0.937808 -0.0525896 1.14715 0.0214696</i>
                        <i>0.0256653 0.997683 0.0630045 -0.938749 0.00238787 0.344593 0.343644 -0.0679895 0.936636 -0.0489114 1.14353 0.0544838</i>
                        <i>0.0436582 0.978785 0.200183 -0.937361 -0.029186 0.347134 0.345612 -0.202799 0.916201 -0.0451261 1.14144 0.0878046</i>
                        <i>0.0616063 0.940387 0.334479 -0.9355 -0.0624096 0.34777 0.347914 -0.33433 0.875888 -0.0414844 1.14019 0.119583</i>
                        <i>0.0780013 0.886802 0.45552 -0.933257 -0.0957504 0.346213 0.350638 -0.452123 0.820145 -0.0381872 1.1392 0.147829</i>
                        <i>0.0917321 0.826308 0.555697 -0.930762 -0.127198 0.342786 0.35393 -0.548667 0.757429 -0.0354202 1.13817 0.170087</i>
                        <i>0.102326 0.769132 0.630845 -0.928228 -0.15419 0.338553 0.357662 -0.620211 0.698152 -0.0333857 1.13725 0.183333</i>
                        <i>0.109856 0.725635 0.679253 -0.926003 -0.173611 0.335228 0.361179 -0.665817 0.652868 -0.032306 1.13706 0.184147</i>
                        <i>0.114568 0.705122 0.699769 -0.924603 -0.181918 0.334687 0.363296 -0.685353 0.631116 -0.0324062 1.1383 0.169046</i>
                        <i>0.12567 0.737202 0.663882 -0.927288 -0.150571 0.342732 0.352624 -0.658681 0.664676 -0.0253939 1.15225 0.11866</i>
                        <i>0.146725 0.820511 0.552479 -0.932772 -0.0711409 0.353377 0.329253 -0.567186 0.754912 -0.00402111 1.18385 0.0241251</i>
                        <i>0.166619 0.91033 0.378862 -0.936098 0.0253275 0.350827 0.309772 -0.413107 0.856378 0.0299421 1.22425 -0.101962</i>
                        <i>0.167144 0.96979 0.177682 -0.938018 0.10092 0.331568 0.303619 -0.222088 0.926548 0.0740357 1.2642 -0.248935</i>
                        <i>0.129539 0.991467 -0.0145759 -0.937892 0.127284 0.322735 0.321836 -0.0281363 0.946377 0.1251 1.29279 -0.403446</i>
                        <i>0.070159 0.982358 -0.173354 -0.931199 0.126812 0.341742 0.357697 0.137451 0.923667 0.172751 1.30059 -0.549031</i>
                        <i>0.0282381 0.961953 -0.27175 -0.923597 0.129088 0.360978 0.382323 0.240794 0.892103 0.203406 1.27987 -0.67088</i>
                        <i>-0.00110835 0.961609 -0.274422 -0.935758 0.0957752 0.339388 0.352641 0.257168 0.899727 0.21233 1.20622 -0.791536</i>
                        <i>-0.0520489 0.978436 -0.199883 -0.959017 0.00685181 0.283266 0.278527 0.206434 0.937981 0.211231 1.08071 -0.936141</i>
                        <i>-0.113316 0.986317 -0.11974 -0.97059 -0.0841257 0.225561 0.212401 0.141778 0.966843 0.208605 0.933553 -1.09265</i>
                        <i>-0.137037 0.981894 -0.130788 -0.972174 -0.10799 0.207886 0.189999 0.155637 0.96937 0.210863 0.789766 -1.24723</i>
                        <i>-0.124783 0.955447 -0.267489 -0.96203 -0.0505502 0.268223 0.242751 0.290802 0.925476 0.208607 0.613533 -1.44279</i>
                        <i>-0.113684 0.87486 -0.470846 -0.93526 0.0656625 0.347819 0.33521 0.479905 0.810756 0.195661 0.402109 -1.63638</i>
                        <i>-0.101546 0.76485 -0.636154 -0.913956 0.180826 0.363298 0.392902 0.618309 0.680678 0.186307 0.242141 -1.72023</i>
                        <i>-0.118186 0.703357 -0.700943 -0.912139 0.2021 0.356592 0.392473 0.681502 0.617674 0.185443 0.208442 -1.72127</i>
                        <i>-0.161441 0.659846 -0.733852 -0.920265 0.167917 0.353434 0.356438 0.732398 0.580125 0.185405 0.254573 -1.72626</i>
                        <i>-0.185805 0.595238 -0.781773 -0.931182 0.147301 0.33347 0.31365 0.789933 0.526905 0.186125 0.278256 -1.73503</i>
                        <i>-0.144891 0.631072 -0.762073 -0.915034 0.207577 0.345867 0.376456 0.747435 0.547377 0.179739 0.194003 -1.73772</i>
                        <i>-0.108535 0.65978 -0.74358 -0.895014 0.260676 0.361937 0.432632 0.704797 0.562219 0.171933 0.120863 -1.73093</i>
                        <i>-0.131669 0.603975 -0.786052 -0.911468 0.237989 0.33554 0.389729 0.760642 0.519168 0.176371 0.119787 -1.73197</i>
                        <i>-0.171014 0.470298 -0.86578 -0.932969 0.205191 0.295747 0.316739 0.858322 0.403682 0.18434 0.142383 -1.73329</i>
                        <i>-0.198297 0.30875 -0.930243 -0.946632 0.18572 0.263431 0.254099 0.932835 0.255445 0.190204 0.173457 -1.73334</i>
                        <i>-0.205362 0.110235 -0.972458 -0.956627 0.187167 0.223235 0.206621 0.976123 0.0670171 0.193619 0.214806 -1.73006</i>
                        <i>-0.195922 -0.0454934 -0.979564 -0.964522 0.189195 0.184126 0.176952 0.980885 -0.0809468 0.196217 0.246133 -1.72668</i>
                        <i>-0.184267 -0.0365149 -0.982198 -0.967259 0.184172 0.174618 0.174518 0.982215 -0.0692564 0.198679 0.241921 -1.72597</i>
                        <i>-0.172847 0.0255826 -0.984616 -0.968172 0.179309 0.174619 0.181018 0.98346 -0.00622462 0.201398 0.225625 -1.72713</i>
                        <i>-0.161402 0.0822274 -0.983457 -0.969162 0.174821 0.173673 0.186209 0.981161 0.0514754 0.204097 0.209225 -1.7296</i>
                    </KeyFrames>
                </p>
            </i>
            <i>
                <p>
                    <Name>
                        <![CDATA[spine2]]>
</Name>
                    <Exclude>0</Exclude>
                    <Additive>0</Additive>
                    <IKPriority>0</IKPriority>
                    <IKRotLimits>-1e+010 -1e+010 -1e+010 1e+010 1e+010 1e+010</IKRotLimits>
                    <IKRotLimitOrder>0</IKRotLimitOrder>
                    <KeyFrames count="50">
                        <i>0.12741 0.864729 0.485809 -0.893528 -0.112548 0.434674 0.430552 -0.489466 0.758319 -0.0383199 1.44496 0.0829826</i>
                        <i>0.116797 0.956015 0.269062 -0.888767 -0.0202928 0.457909 0.443228 -0.292616 0.847305 -0.0526614 1.44846 -0.0120322</i>
                        <i>0.128068 0.989692 0.0640957 -0.890205 0.0862236 0.447327 0.437189 -0.114346 0.892071 -0.0715098 1.4348 -0.124887</i>
                        <i>0.140551 0.985753 -0.0923968 -0.898422 0.166199 0.406467 0.416032 0.0258818 0.908982 -0.0866403 1.40546 -0.218243</i>
                        <i>0.136784 0.974036 -0.180399 -0.909076 0.195775 0.367767 0.393536 0.113692 0.912252 -0.0928965 1.38028 -0.26054</i>
                        <i>0.111079 0.961673 -0.250694 -0.918012 0.195914 0.344779 0.380679 0.191842 0.904589 -0.0923492 1.36602 -0.261978</i>
                        <i>0.0720205 0.934568 -0.34842 -0.92475 0.193451 0.327742 0.373699 0.298597 0.878174 -0.0894384 1.35431 -0.251723</i>
                        <i>0.0265076 0.890636 -0.453944 -0.928498 0.190191 0.318935 0.370391 0.413032 0.831995 -0.0848238 1.34608 -0.232106</i>
                        <i>-0.0190685 0.837253 -0.546483 -0.929222 0.186902 0.318771 0.369031 0.513882 0.77443 -0.0792166 1.34108 -0.206035</i>
                        <i>-0.0587305 0.790539 -0.609588 -0.927289 0.18295 0.326596 0.369711 0.584446 0.722314 -0.0733789 1.33772 -0.17615</i>
                        <i>-0.0867153 0.769957 -0.632177 -0.923476 0.175928 0.340943 0.373728 0.613365 0.695781 -0.0680647 1.33369 -0.144292</i>
                        <i>-0.096924 0.790835 -0.604306 -0.919146 0.161795 0.359157 0.381808 0.590256 0.711211 -0.0640111 1.3271 -0.111831</i>
                        <i>-0.0920011 0.844353 -0.52783 -0.915015 0.137409 0.379297 0.392789 0.517868 0.759954 -0.0607386 1.3188 -0.0782863</i>
                        <i>-0.0777379 0.911188 -0.40459 -0.910724 0.100211 0.400675 0.405634 0.399618 0.82205 -0.0565258 1.31245 -0.0379974</i>
                        <i>-0.053304 0.971718 -0.230052 -0.906654 0.0494544 0.418967 0.418495 0.23091 0.878375 -0.0510018 1.30853 0.0107995</i>
                        <i>-0.0204747 0.999645 -0.0170715 -0.903305 -0.0111777 0.428854 0.428511 0.0242015 0.903212 -0.0446293 1.30522 0.0647319</i>
                        <i>0.0175321 0.977044 0.212314 -0.900955 -0.0766408 0.42709 0.433558 -0.198773 0.878929 -0.0378669 1.30109 0.120523</i>
                        <i>0.0565244 0.900411 0.431353 -0.899637 -0.141425 0.413101 0.432964 -0.411412 0.802049 -0.0311618 1.29529 0.174863</i>
                        <i>0.0923459 0.781883 0.616548 -0.899157 -0.20053 0.388979 0.427772 -0.590294 0.684517 -0.024938 1.28762 0.224249</i>
                        <i>0.121809 0.644887 0.754509 -0.899194 -0.250162 0.358983 0.420253 -0.722177 0.549406 -0.019583 1.27873 0.264877</i>
                        <i>0.143033 0.516905 0.844009 -0.899437 -0.287952 0.328781 0.412983 -0.806159 0.423737 -0.0154349 1.27012 0.292664</i>
                        <i>0.155104 0.423268 0.892629 -0.899711 -0.312647 0.304586 0.407999 -0.85035 0.332326 -0.0127788 1.26399 0.303399</i>
                        <i>0.157315 0.384241 0.909731 -0.900042 -0.323328 0.292203 0.406418 -0.864765 0.294968 -0.0118695 1.26263 0.29292</i>
                        <i>0.146388 0.451543 0.880159 -0.902787 -0.302757 0.305473 0.404408 -0.839314 0.363327 -0.00315021 1.28091 0.234946</i>
                        <i>0.12273 0.627906 0.768552 -0.909396 -0.23895 0.340443 0.397412 -0.740701 0.541689 0.0210432 1.32272 0.11789</i>
                        <i>0.0898435 0.833828 0.544664 -0.916872 -0.144319 0.372179 0.388939 -0.532825 0.751548 0.0573535 1.37326 -0.0398367</i>
                        <i>0.0425075 0.972799 0.227718 -0.919631 -0.0509827 0.38946 0.390476 -0.225972 0.892449 0.10091 1.41971 -0.220411</i>
                        <i>-0.0326369 0.994173 -0.102737 -0.91095 0.0127039 0.412321 0.411224 0.107045 0.905227 0.145837 1.45109 -0.405764</i>
                        <i>-0.121929 0.924615 -0.36086 -0.890029 0.059063 0.452061 0.439296 0.376295 0.815733 0.184119 1.45872 -0.576916</i>
                        <i>-0.185331 0.84643 -0.499208 -0.871389 0.0932686 0.481645 0.454239 0.524268 0.720284 0.208096 1.43615 -0.714994</i>
                        <i>-0.188905 0.860599 -0.472952 -0.886987 0.0571373 0.458247 0.42139 0.506067 0.752546 0.212263 1.36179 -0.835906</i>
                        <i>-0.177647 0.93667 -0.301813 -0.923427 -0.0526454 0.380146 0.340182 0.346234 0.874299 0.202998 1.2378 -0.968203</i>
                        <i>-0.197664 0.974787 -0.103529 -0.943415 -0.160482 0.290195 0.266263 0.155032 0.951351 0.190495 1.09238 -1.11184</i>
                        <i>-0.2074 0.977019 -0.0491889 -0.947392 -0.188072 0.258993 0.24379 0.100316 0.964626 0.188806 0.948821 -1.26828</i>
                        <i>-0.208606 0.933986 -0.290094 -0.943225 -0.11374 0.312074 0.258477 0.338724 0.904685 0.187581 0.776109 -1.48805</i>
                        <i>-0.229494 0.744004 -0.627527 -0.936646 0.00647395 0.350218 0.264627 0.668144 0.695383 0.17499 0.563915 -1.723</i>
                        <i>-0.225009 0.564708 -0.794025 -0.935496 0.102646 0.3381 0.272431 0.818882 0.505186 0.167248 0.389034 -1.84178</i>
                        <i>-0.187195 0.596981 -0.78011 -0.926293 0.157099 0.342494 0.327017 0.786723 0.523571 0.164056 0.338078 -1.84991</i>
                        <i>-0.128031 0.706027 -0.696516 -0.920346 0.17711 0.348704 0.369554 0.685681 0.627114 0.157462 0.370043 -1.85424</i>
                        <i>-0.0773646 0.756695 -0.649174 -0.922951 0.191898 0.333673 0.377064 0.62497 0.683546 0.154351 0.380906 -1.86941</i>
                        <i>-0.0298729 0.771917 -0.635021 -0.921572 0.224738 0.31654 0.387056 0.594673 0.704664 0.152955 0.312457 -1.87999</i>
                        <i>-0.00184507 0.781426 -0.623995 -0.920511 0.242477 0.306374 0.390713 0.57496 0.718864 0.150503 0.254467 -1.88045</i>
                        <i>-0.022361 0.771642 -0.635664 -0.919887 0.233136 0.315366 0.391546 0.591791 0.70461 0.151469 0.236101 -1.88241</i>
                        <i>-0.0613451 0.724166 -0.686891 -0.918976 0.227585 0.322007 0.389513 0.65099 0.65153 0.154283 0.225915 -1.88635</i>
                        <i>-0.101133 0.647393 -0.755417 -0.919417 0.229249 0.319556 0.380057 0.726861 0.57204 0.157185 0.225213 -1.88877</i>
                        <i>-0.139387 0.520023 -0.842702 -0.922209 0.241813 0.301758 0.360697 0.819209 0.445864 0.160506 0.232674 -1.8872</i>
                        <i>-0.175329 0.351351 -0.919681 -0.926662 0.2566 0.27469 0.332502 0.900394 0.280594 0.164749 0.238847 -1.88432</i>
                        <i>-0.202704 0.222682 -0.953585 -0.928813 0.264744 0.259261 0.310188 0.938256 0.153165 0.169017 0.236068 -1.88444</i>
                        <i>-0.226731 0.112215 -0.967471 -0.928868 0.273828 0.249445 0.292912 0.95521 0.0421479 0.173565 0.229796 -1.88617</i>
                        <i>-0.24829 0.00786063 -0.968654 -0.928021 0.284759 0.240186 0.277721 0.958567 -0.063408 0.178075 0.22258 -1.88881</i>
                    </KeyFrames>
                </p>
            </i>
            <i>
                <p>
                    <Name>
                        <![CDATA[head]]>
</Name>
                    <Exclude>0</Exclude>
                    <Additive>0</Additive>
                    <IKPriority>0</IKPriority>
                    <IKRotLimits>-1e+010 -1e+010 -1e+010 1e+010 1e+010 1e+010</IKRotLimits>
                    <IKRotLimitOrder>0</IKRotLimitOrder>
                    <KeyFrames count="50">
                        <i>-0.0204927 0.972748 0.230959 0.0170112 0.231313 -0.972731 -0.999645 -0.016005 -0.0212879 -0.0119108 1.6673 0.20852</i>
                        <i>-0.0162179 0.993527 0.112432 -0.0216402 0.112072 -0.993464 -0.999634 -0.018545 0.0196825 -0.0254884 1.69239 0.0647491</i>
                        <i>0.041179 0.988335 0.146626 -0.0350709 0.14809 -0.988352 -0.998536 0.0355571 0.0407599 -0.035678 1.68593 -0.0886905</i>
                        <i>0.0921994 0.965495 0.243554 -0.0120067 0.245656 -0.969283 -0.995668 0.0864431 0.0342417 -0.0433815 1.65536 -0.211967</i>
                        <i>0.0993753 0.946693 0.306425 -0.00408851 0.308335 -0.951269 -0.995042 0.0932798 0.0345114 -0.0492268 1.62871 -0.27451</i>
                        <i>0.0755905 0.952813 0.293995 -0.0410773 0.297564 -0.953818 -0.996292 0.060023 0.0616321 -0.0559265 1.61458 -0.300121</i>
                        <i>0.0451999 0.969856 0.239449 -0.100514 0.242893 -0.964832 -0.993908 0.0195423 0.108463 -0.0650498 1.59809 -0.325208</i>
                        <i>0.0182515 0.987668 0.155495 -0.171517 0.156308 -0.972702 -0.985012 -0.00891668 0.172255 -0.0752913 1.57697 -0.344937</i>
                        <i>-0.00189178 0.998411 0.0563127 -0.24236 0.0541762 -0.968673 -0.970185 -0.0154805 0.241873 -0.0851153 1.5522 -0.354165</i>
                        <i>-0.0161762 0.999007 -0.0415025 -0.303925 -0.0444567 -0.951658 -0.952559 -0.00278055 0.304343 -0.0929188 1.52813 -0.349274</i>
                        <i>-0.0268529 0.992476 -0.119457 -0.351366 -0.121246 -0.928354 -0.935853 0.0170443 0.351978 -0.0973321 1.51084 -0.329052</i>
                        <i>-0.0349898 0.98668 -0.158868 -0.383615 -0.160048 -0.909519 -0.92283 0.0291204 0.384105 -0.0972246 1.50599 -0.293372</i>
                        <i>-0.069545 0.974736 -0.21226 -0.403546 -0.222077 -0.887599 -0.912313 0.0239283 0.408795 -0.0932299 1.51283 -0.243193</i>
                        <i>-0.146841 0.942394 -0.300551 -0.405645 -0.334491 -0.850628 -0.902159 -0.00298988 0.431394 -0.0856943 1.52858 -0.17355</i>
                        <i>-0.24026 0.895596 -0.37441 -0.379845 -0.441692 -0.812789 -0.893304 -0.0530628 0.446309 -0.0739122 1.54804 -0.0804985</i>
                        <i>-0.320329 0.85561 -0.406596 -0.33214 -0.503407 -0.797662 -0.887171 -0.120468 0.445438 -0.0586112 1.56098 0.030509</i>
                        <i>-0.365656 0.853024 -0.372352 -0.288026 -0.484124 -0.826236 -0.885063 -0.194871 0.422716 -0.0409818 1.55927 0.150916</i>
                        <i>-0.366207 0.901192 -0.231831 -0.279302 -0.344102 -0.896429 -0.887628 -0.263527 0.377717 -0.0226299 1.53928 0.269732</i>
                        <i>-0.284959 0.956904 0.0559755 -0.288328 -0.0298771 -0.957066 -0.914147 -0.288864 0.284415 -0.00530582 1.50303 0.375701</i>
                        <i>-0.135996 0.888934 0.437381 -0.247343 0.397037 -0.883846 -0.959337 -0.228382 0.165876 0.00943261 1.45761 0.459746</i>
                        <i>-0.00943619 0.637646 0.770271 -0.134666 0.762478 -0.632845 -0.990846 -0.109701 0.0786744 0.0204313 1.41311 0.516337</i>
                        <i>0.0352901 0.316629 0.947893 -0.00719263 0.94854 -0.316577 -0.999351 0.00435416 0.0357514 0.0269189 1.38012 0.543041</i>
                        <i>0.0252434 0.0966589 0.994997 0.0491257 0.993992 -0.0978076 -0.998474 0.051349 0.0203433 0.0282694 1.36777 0.538449</i>
                        <i>-0.00646238 0.0959126 0.995369 0.0388915 0.994661 -0.0955919 -0.999223 0.0380936 -0.0101581 0.0315797 1.40564 0.470669</i>
                        <i>-0.0623854 0.292911 0.954102 0.0159216 0.956135 -0.292494 -0.997925 -0.00305655 -0.0643126 0.0446759 1.49613 0.317355</i>
                        <i>-0.125611 0.584013 0.801966 -0.00827367 0.807724 -0.589502 -0.992045 -0.0806833 -0.0966273 0.0676375 1.59901 0.0910675</i>
                        <i>-0.18604 0.835159 0.517589 -0.0345984 0.520891 -0.852922 -0.981933 -0.176585 -0.0680114 0.0963159 1.6748 -0.181621</i>
                        <i>-0.248106 0.959513 0.133333 -0.0570359 0.122929 -0.990775 -0.967053 -0.253422 0.0242274 0.122614 1.7009 -0.458951</i>
                        <i>-0.315009 0.92191 -0.225502 -0.0645245 -0.257851 -0.964028 -0.946893 -0.289127 0.140711 0.140312 1.67953 -0.698759</i>
                        <i>-0.3666 0.84311 -0.393409 -0.0737333 -0.447846 -0.891065 -0.927452 -0.297658 0.226346 0.149144 1.62881 -0.872363</i>
                        <i>-0.303768 0.894919 -0.326871 -0.0647258 -0.361675 -0.930055 -0.950545 -0.261364 0.16779 0.154439 1.55836 -0.987696</i>
                        <i>-0.14954 0.987831 -0.0427561 0.000436096 -0.0431764 -0.999067 -0.988756 -0.149419 0.00602581 0.152332 1.46269 -1.07704</i>
                        <i>-0.0362133 0.941671 0.33458 0.0713189 0.336382 -0.939021 -0.996796 -0.0101432 -0.0793405 0.137733 1.33667 -1.16659</i>
                        <i>0.00724136 0.84434 0.535758 0.10201 0.532353 -0.840353 -0.994757 0.0607381 -0.0822764 0.134366 1.19698 -1.30557</i>
                        <i>-0.1183 0.883161 0.453907 0.030034 0.460091 -0.887364 -0.992524 -0.0913425 -0.0809536 0.129494 1.00595 -1.59481</i>
                        <i>-0.305681 0.926823 0.218079 -0.183915 0.167253 -0.968608 -0.934203 -0.336193 0.11933 0.106923 0.72226 -1.9204</i>
                        <i>-0.40469 0.912133 -0.065115 -0.276877 -0.190084 -0.941917 -0.871531 -0.363155 0.329474 0.0986451 0.489604 -2.07457</i>
                        <i>-0.408503 0.699012 -0.586948 -0.0430828 -0.657099 -0.752572 -0.91174 -0.282141 0.298542 0.10826 0.458831 -2.07833</i>
                        <i>-0.214715 0.103258 -0.971203 0.128151 -0.98282 -0.132825 -0.968233 -0.15298 0.197793 0.126684 0.537545 -2.05709</i>
                        <i>-0.111727 -0.309819 -0.944208 0.0926517 -0.949266 0.300515 -0.98941 -0.0539069 0.134764 0.144639 0.572415 -2.05249</i>
                        <i>-0.0855381 -0.298036 -0.950714 0.0458003 -0.954379 0.295064 -0.995282 -0.0183038 0.0952859 0.154741 0.514353 -2.06636</i>
                        <i>-0.0507775 -0.0668212 -0.996472 0.0194469 -0.997636 0.0659083 -0.998521 -0.0160317 0.051957 0.15792 0.465411 -2.06953</i>
                        <i>-0.0275853 0.278336 -0.960088 0.0349959 -0.959596 -0.279199 -0.999007 -0.0413009 0.0167301 0.154377 0.443055 -2.06868</i>
                        <i>-0.0414808 0.556176 -0.830029 0.0617138 -0.827732 -0.55772 -0.997232 -0.0743588 1.12836e-005 0.14876 0.417465 -2.07575</i>
                        <i>-0.0811805 0.678316 -0.730272 0.0695412 -0.72705 -0.683053 -0.99427 -0.106235 0.0118515 0.142556 0.396663 -2.08673</i>
                        <i>-0.125866 0.481108 -0.867579 0.100675 -0.863824 -0.493632 -0.986926 -0.149475 0.0602901 0.135859 0.374304 -2.10105</i>
                        <i>-0.160898 0.142652 -0.976607 0.165917 -0.971508 -0.169242 -0.972925 -0.189267 0.132645 0.128659 0.340252 -2.11788</i>
                        <i>-0.203419 -0.0592973 -0.977295 0.2102 -0.977535 0.0155599 -0.956262 -0.202262 0.211313 0.122186 0.297249 -2.1317</i>
                        <i>-0.235981 -0.268898 -0.933813 0.260133 -0.943362 0.20591 -0.936293 -0.194325 0.292565 0.117332 0.24985 -2.13899</i>
                        <i>-0.256107 -0.452629 -0.854129 0.308893 -0.875591 0.371382 -0.915966 -0.168721 0.364059 0.11439 0.203647 -2.13932</i>
                    </KeyFrames>
                </p>
            </i>
            <i>
                <p>
                    <Name>
                        <![CDATA[head_prop]]>
</Name>
                    <Exclude>0</Exclude>
                    <Additive>0</Additive>
                    <IKPriority>0</IKPriority>
                    <IKRotLimits>-1e+010 -1e+010 -1e+010 1e+010 1e+010 1e+010</IKRotLimits>
                    <IKRotLimitOrder>0</IKRotLimitOrder>
                    <KeyFrames count="50">
                        <i>0.999705 0.0208781 0.0124419 -0.0232171 0.971757 0.234837 -0.00718751 -0.235057 0.971955 -0.0185895 1.98432 0.283792</i>
                        <i>0.999329 0.0223134 -0.0290478 -0.0187859 0.993012 0.116505 0.0314445 -0.115881 0.992765 -0.030774 2.01619 0.101392</i>
                        <i>0.998255 -0.0314494 -0.0499822 0.0386677 0.987818 0.150733 0.0446328 -0.152403 0.98731 -0.0222573 2.00804 -0.0409039</i>
                        <i>0.995749 -0.0814447 -0.0430174 0.0896017 0.964719 0.247566 0.0213368 -0.250368 0.967916 -0.0133329 1.97002 -0.13259</i>
                        <i>0.995219 -0.0877218 -0.0429422 0.0967472 0.945682 0.310363 0.0133841 -0.313034 0.949648 -0.0168395 1.93725 -0.174643</i>
                        <i>0.996046 -0.0545549 -0.0701198 0.073109 0.951757 0.298017 0.0504787 -0.301965 0.951982 -0.0312909 1.92511 -0.204306</i>
                        <i>0.993001 -0.0145625 -0.117203 0.0429658 0.968914 0.24364 0.110012 -0.24697 0.962758 -0.0503188 1.91417 -0.247169</i>
                        <i>0.983342 0.0131003 -0.181294 0.0163287 0.987 0.159888 0.181032 -0.160185 0.970344 -0.069343 1.89886 -0.29426</i>
