<?xml version="1.0" encoding="ISO-8859-1" ?>
<Animl Version="1">
    <ModellingPackage>
        <![CDATA[Maya.2010]]>
</ModellingPackage>
    <SrcFile>
        <![CDATA[anims\characters\shared\elite\~src\death01.mb]]>
</SrcFile>
    <FramesPerSecond>30</FramesPerSecond>
    <TotalFrames>30</TotalFrames>
    <Skeleton>
        <RefFrame>
            <Name>
                <![CDATA[soldier_ref_frame]]>
</Name>
            <Exclude>0</Exclude>
            <Additive>0</Additive>
            <IKPriority>0</IKPriority>
            <IKRotLimits>-1e+010 -1e+010 -1e+010 1e+010 1e+010 1e+010</IKRotLimits>
            <IKRotLimitOrder>0</IKRotLimitOrder>
            <KeyFrames count="30">
                <i>1 0 0 0 1 0 0 0 1 0 0 0</i>
                <i>1 0 0 0 1 0 0 0 1 0 0 0</i>
                <i>1 0 0 0 1 0 0 0 1 0 0 0</i>
                <i>1 0 0 0 1 0 0 0 1 0 0 0</i>
                <i>1 0 0 0 1 0 0 0 1 0 0 0</i>
                <i>1 0 0 0 1 0 0 0 1 0 0 0</i>
                <i>1 0 0 0 1 0 0 0 1 0 0 0</i>
                <i>1 0 0 0 1 0 0 0 1 0 0 0</i>
                <i>1 0 0 0 1 0 0 0 1 0 0 0</i>
                <i>1 0 0 0 1 0 0 0 1 0 0 0</i>
                <i>1 0 0 0 1 0 0 0 1 0 0 0</i>
                <i>1 0 0 0 1 0 0 0 1 0 0 0</i>
                <i>1 0 0 0 1 0 0 0 1 0 0 0</i>
                <i>1 0 0 0 1 0 0 0 1 0 0 0</i>
                <i>1 0 0 0 1 0 0 0 1 0 0 0</i>
                <i>1 0 0 0 1 0 0 0 1 0 0 0</i>
                <i>1 0 0 0 1 0 0 0 1 0 0 0</i>
                <i>1 0 0 0 1 0 0 0 1 0 0 0</i>
                <i>1 0 0 0 1 0 0 0 1 0 0 0</i>
                <i>1 0 0 0 1 0 0 0 1 0 0 0</i>
                <i>1 0 0 0 1 0 0 0 1 0 0 0</i>
                <i>1 0 0 0 1 0 0 0 1 0 0 0</i>
                <i>1 0 0 0 1 0 0 0 1 0 0 0</i>
                <i>1 0 0 0 1 0 0 0 1 0 0 0</i>
                <i>1 0 0 0 1 0 0 0 1 0 0 0</i>
                <i>1 0 0 0 1 0 0 0 1 0 0 0</i>
                <i>1 0 0 0 1 0 0 0 1 0 0 0</i>
                <i>1 0 0 0 1 0 0 0 1 0 0 0</i>
                <i>1 0 0 0 1 0 0 0 1 0 0 0</i>
                <i>1 0 0 0 1 0 0 0 1 0 0 0</i>
            </KeyFrames>
        </RefFrame>
        <Bones count="23">
            <i>
                <p>
                    <Name>
                        <![CDATA[pelvis]]>
</Name>
                    <Exclude>0</Exclude>
                    <Additive>0</Additive>
                    <IKPriority>0</IKPriority>
                    <IKRotLimits>-1e+010 -1e+010 -1e+010 1e+010 1e+010 1e+010</IKRotLimits>
                    <IKRotLimitOrder>2</IKRotLimitOrder>
                    <KeyFrames count="30">
                        <i>1 0 0 0 1 0 0 0 1 -0.059303 0.981368 0.0732933</i>
                        <i>1 0 0 0 1 0 0 0 1 -0.059303 0.958852 0.0316074</i>
                        <i>1 0 0 0 1 0 0 0 1 -0.059303 0.936341 0.022275</i>
                        <i>1 0 0 0 1 0 0 0 1 -0.059303 0.936341 0.0838605</i>
                        <i>1 0 0 0 1 0 0 0 1 -0.059303 0.936341 0.174205</i>
                        <i>1 0 0 0 1 0 0 0 1 -0.059303 0.936341 0.269283</i>
                        <i>1 0 0 0 1 0 0 0 1 -0.059303 0.909303 0.356745</i>
                        <i>1 0 0 0 1 0 0 0 1 -0.059303 0.841643 0.444667</i>
                        <i>1 0 0 0 1 0 0 0 1 -0.059303 0.753547 0.539659</i>
                        <i>1 0 0 0 1 0 0 0 1 -0.059303 0.665202 0.648332</i>
                        <i>1 0 0 0 1 0 0 0 1 -0.059303 0.564574 0.794434</i>
                        <i>1 0 0 0 1 0 0 0 1 -0.059303 0.442828 0.972593</i>
                        <i>1 0 0 0 1 0 0 0 1 -0.059303 0.324942 1.14574</i>
                        <i>1 0 0 0 1 0 0 0 1 -0.059303 0.235893 1.27681</i>
                        <i>1 0 0 0 1 0 0 0 1 -0.059303 0.200659 1.32874</i>
                        <i>1 0 0 0 1 0 0 0 1 -0.0589786 0.183716 1.33078</i>
                        <i>1 0 0 0 1 0 0 0 1 -0.059303 0.169213 1.32874</i>
                        <i>1 0 0 0 1 0 0 0 1 -0.0593039 0.185571 1.32874</i>
                        <i>1 0 0 0 1 0 0 0 1 -0.0593021 0.211311 1.32874</i>
                        <i>1 0 0 0 1 0 0 0 1 -0.059303 0.227575 1.32874</i>
                        <i>1 0 0 0 1 0 0 0 1 -0.0593047 0.222926 1.32874</i>
                        <i>1 0 0 0 1 0 0 0 1 -0.0593039 0.208802 1.32874</i>
                        <i>1 0 0 0 1 0 0 0 1 -0.059303 0.200659 1.32874</i>
                        <i>1 0 0 0 1 0 0 0 1 -0.059303 0.200659 1.32874</i>
                        <i>1 0 0 0 1 0 0 0 1 -0.059303 0.200659 1.32874</i>
                        <i>1 0 0 0 1 0 0 0 1 -0.059303 0.200659 1.32874</i>
                        <i>1 0 0 0 1 0 0 0 1 -0.059303 0.200659 1.32874</i>
                        <i>1 0 0 0 1 0 0 0 1 -0.059303 0.200659 1.32874</i>
                        <i>1 0 0 0 1 0 0 0 1 -0.059303 0.200659 1.32874</i>
                        <i>1 0 0 0 1 0 0 0 1 -0.059303 0.200659 1.32874</i>
                    </KeyFrames>
                </p>
            </i>
            <i>
                <p>
                    <Name>
                        <![CDATA[spine0]]>
</Name>
                    <Exclude>0</Exclude>
                    <Additive>0</Additive>
                    <IKPriority>0</IKPriority>
                    <IKRotLimits>-1e+010 -1e+010 -1e+010 1e+010 1e+010 1e+010</IKRotLimits>
                    <IKRotLimitOrder>0</IKRotLimitOrder>
                    <KeyFrames count="30">
                        <i>0.0720072 0.996124 0.0505104 -0.944207 0.0517614 0.325259 0.321384 -0.0711133 0.944275 -0.0659625 1.12179 0.0427427</i>
                        <i>0.0362445 0.998895 -0.0299064 -0.947796 0.0438467 0.31585 0.316812 0.0168973 0.948338 -0.0766931 1.09778 -0.00146421</i>
                        <i>0.0091309 0.994036 -0.108668 -0.950282 0.0424522 0.308483 0.311257 0.100448 0.945002 -0.0833988 1.0731 -0.0153003</i>
                        <i>0.0233491 0.976311 -0.215107 -0.950103 0.0886182 0.299083 0.311061 0.197391 0.929666 -0.086459 1.06679 0.02961</i>
                        <i>0.0445779 0.960478 -0.274764 -0.952017 0.124202 0.27971 0.302782 0.249111 0.919928 -0.0903386 1.05592 0.100483</i>
                        <i>0.044972 0.954847 -0.293675 -0.953779 0.128474 0.27166 0.297124 0.267884 0.916491 -0.0921791 1.04946 0.186697</i>
                        <i>0.0430553 0.953918 -0.296961 -0.953802 0.127707 0.271941 0.297334 0.271534 0.915348 -0.0921791 1.02242 0.27416</i>
                        <i>0.0421429 0.949171 -0.311928 -0.953689 0.131282 0.270632 0.297826 0.286078 0.910747 -0.0921791 0.954758 0.362082</i>
                        <i>0.0425027 0.944441 -0.32592 -0.953529 0.135739 0.268992 0.298288 0.299341 0.906322 -0.0921791 0.866662 0.457073</i>
                        <i>0.0435177 0.942794 -0.330523 -0.953439 0.138017 0.268152 0.29843 0.303464 0.904903 -0.0921791 0.778317 0.565747</i>
                        <i>0.0552053 0.973277 -0.222899 -0.950754 0.11943 0.286014 0.304991 0.196133 0.93194 -0.0891621 0.686568 0.724277</i>
                        <i>0.0840833 0.995106 0.0518959 -0.945981 0.0633497 0.317973 0.31313 -0.0758288 0.946678 -0.0810839 0.580625 0.93747</i>
                        <i>0.120061 0.908154 0.401051 -0.944625 -0.0197695 0.327555 0.305399 -0.41817 0.855491 -0.0700125 0.467578 1.16111</i>
                        <i>0.149198 0.695715 0.702652 -0.949114 -0.0985567 0.299114 0.27735 -0.711524 0.645609 -0.0593949 0.363808 1.34264</i>
                        <i>0.166432 0.446788 0.879023 -0.956146 -0.144763 0.254614 0.241008 -0.88285 0.403102 -0.0526612 0.302656 1.42998</i>
                        <i>0.175705 0.221479 0.959205 -0.962292 -0.166891 0.214805 0.207658 -0.960778 0.183803 -0.0476589 0.253525 1.45606</i>
                        <i>0.173755 0.110288 0.978594 -0.965825 -0.174989 0.191209 0.192331 -0.978374 0.0761133 -0.0449303 0.215509 1.46419</i>
                        <i>0.165419 0.108326 0.980256 -0.96726 -0.176155 0.182693 0.192468 -0.978384 0.0756401 -0.0431046 0.223847 1.46647</i>
                        <i>0.156457 0.0995699 0.982653 -0.969211 -0.176048 0.172155 0.190135 -0.979333 0.0689604 -0.0413381 0.241453 1.46826</i>
                        <i>0.152052 0.0904325 0.984227 -0.970405 -0.175352 0.166029 0.187601 -0.980344 0.0610934 -0.0407243 0.254789 1.46878</i>
                        <i>0.150619 0.105914 0.982902 -0.970913 -0.171342 0.167245 0.186126 -0.979502 0.0770261 -0.0416375 0.257222 1.46733</i>
                        <i>0.148022 0.142186 0.97871 -0.971479 -0.164464 0.170822 0.185251 -0.976081 0.113786 -0.0431709 0.255253 1.46394</i>
                        <i>0.146356 0.160648 0.9761 -0.971809 -0.161028 0.172215 0.184845 -0.973788 0.132552 -0.0444534 0.255447 1.46093</i>
                        <i>0.147 0.146646 0.978206 -0.970868 -0.1678 0.171053 0.189227 -0.974853 0.117707 -0.0449211 0.252146 1.4623</i>
                        <i>0.147982 0.134176 0.979846 -0.969723 -0.174922 0.170407 0.194262 -0.975397 0.104228 -0.0449303 0.246956 1.46419</i>
                        <i>0.147982 0.134176 0.979846 -0.969723 -0.174922 0.170407 0.194262 -0.975397 0.104228 -0.0449303 0.246956 1.46419</i>
                        <i>0.147982 0.134176 0.979846 -0.969723 -0.174922 0.170407 0.194262 -0.975397 0.104228 -0.0449303 0.246956 1.46419</i>
                        <i>0.147982 0.134176 0.979846 -0.969723 -0.174922 0.170407 0.194262 -0.975397 0.104228 -0.0449303 0.246956 1.46419</i>
                        <i>0.147982 0.134176 0.979846 -0.969723 -0.174922 0.170407 0.194262 -0.975397 0.104228 -0.0449303 0.246956 1.46419</i>
                        <i>0.147982 0.134176 0.979846 -0.969723 -0.174922 0.170407 0.194262 -0.975397 0.104228 -0.0449303 0.246956 1.46419</i>
                    </KeyFrames>
                </p>
            </i>
            <i>
                <p>
                    <Name>
                        <![CDATA[spine1]]>
</Name>
                    <Exclude>0</Exclude>
                    <Additive>0</Additive>
                    <IKPriority>0</IKPriority>
                    <IKRotLimits>-1e+010 -1e+010 -1e+010 1e+010 1e+010 1e+010</IKRotLimits>
                    <IKRotLimitOrder>0</IKRotLimitOrder>
                    <KeyFrames count="30">
                        <i>0.0971959 0.974674 0.201404 -0.917113 0.0091062 0.398523 0.386596 -0.223445 0.894772 -0.0536702 1.29182 0.0513689</i>
                        <i>0.137832 0.978378 0.154206 -0.910563 0.0639088 0.408399 0.389714 -0.196705 0.899683 -0.0703953 1.27147 -0.0066783</i>
                        <i>0.141523 0.988502 0.0532391 -0.900672 0.106258 0.421307 0.410806 -0.107576 0.905354 -0.0817916 1.24924 -0.0345888</i>
                        <i>0.13205 0.982603 -0.13059 -0.928649 0.168707 0.330377 0.34666 0.0776455 0.934771 -0.0824011 1.23666 -0.00783198</i>
                        <i>0.118167 0.928357 -0.352406 -0.958673 0.199154 0.203183 0.258809 0.313833 0.913524 -0.0826038 1.22265 0.0527725</i>
                        <i>0.106349 0.871626 -0.478496 -0.974633 0.186685 0.123445 0.196926 0.453229 0.869369 -0.0842161 1.21874 0.134596</i>
                        <i>0.0986776 0.843767 -0.52756 -0.978522 0.178696 0.102775 0.180991 0.506088 0.843278 -0.0844743 1.19342 0.220878</i>
                        <i>0.0941583 0.814791 -0.572058 -0.97881 0.180717 0.0962899 0.181837 0.55087 0.814542 -0.0846051 1.12568 0.305858</i>
                        <i>0.0920822 0.79323 -0.60192 -0.977252 0.187969 0.0982115 0.191047 0.579184 0.792494 -0.0845441 1.03664 0.398362</i>
                        <i>0.093192 0.789359 -0.606817 -0.975551 0.19423 0.102837 0.199038 0.582398 0.788161 -0.0843789 0.947609 0.506347</i>
                        <i>0.0895125 0.865094 -0.493559 -0.970442 0.187264 0.15223 0.224119 0.465344 0.856286 -0.0793139 0.86042 0.684419</i>
                        <i>0.0814199 0.978406 -0.189979 -0.959555 0.128489 0.250488 0.269489 0.1619 0.949297 -0.0662248 0.756602 0.946616</i>
                        <i>0.0770624 0.968603 0.236365 -0.950142 -0.000497934 0.311816 0.302144 -0.24861 0.920273 -0.0490408 0.626264 1.23117</i>
                        <i>0.076411 0.771135 0.63207 -0.949322 -0.137569 0.2826 0.304876 -0.621631 0.721543 -0.033609 0.484065 1.46409</i>
                        <i>0.0872776 0.486493 0.869314 -0.955326 -0.206482 0.211466 0.282374 -0.848934 0.446738 -0.0241059 0.379314 1.58079</i>
                        <i>0.100856 0.224363 0.969273 -0.962624 -0.224137 0.152046 0.251363 -0.94838 0.193371 -0.0176893 0.291295 1.61966</i>
                        <i>0.0963622 0.11331 0.988876 -0.965514 -0.230773 0.120529 0.241863 -0.966388 0.0871642 -0.0155192 0.234162 1.62982</i>
                        <i>0.0822547 0.14847 0.98549 -0.963957 -0.239198 0.116494 0.253023 -0.959552 0.123443 -0.0151613 0.242128 1.63204</i>
                        <i>0.0670949 0.179791 0.981414 -0.962865 -0.246145 0.110919 0.261512 -0.952412 0.156599 -0.0149576 0.258222 1.63392</i>
                        <i>0.0609589 0.180448 0.981694 -0.962861 -0.248544 0.105475 0.263027 -0.951664 0.158595 -0.0151349 0.269986 1.63439</i>
                        <i>0.0667469 0.146322 0.986983 -0.963428 -0.247839 0.101896 0.259522 -0.957688 0.124428 -0.016234 0.275066 1.63309</i>
                        <i>0.0762852 0.0975003 0.992308 -0.96378 -0.247865 0.0984463 0.255557 -0.963876 0.0750603 -0.0179974 0.279423 1.63037</i>
                        <i>0.0844814 0.0431577 0.99549 -0.963944 -0.249465 0.0926195 0.252337 -0.967422 0.0205265 -0.0193719 0.282977 1.62821</i>
                        <i>0.0895524 0.0313239 0.995489 -0.962739 -0.253354 0.0945782 0.255174 -0.966866 0.00746825 -0.0198653 0.277134 1.62903</i>
                        <i>0.0911944 0.0471091 0.994718 -0.961234 -0.256849 0.100289 0.260216 -0.965303 0.0218597 -0.0198736 0.269659 1.63008</i>
                        <i>0.0911944 0.0471091 0.994718 -0.961234 -0.256849 0.100289 0.260216 -0.965303 0.0218597 -0.0198736 0.269659 1.63008</i>
                        <i>0.0911944 0.0471091 0.994718 -0.961234 -0.256849 0.100289 0.260216 -0.965303 0.0218597 -0.0198736 0.269659 1.63008</i>
                        <i>0.0911944 0.0471091 0.994718 -0.961234 -0.256849 0.100289 0.260216 -0.965303 0.0218597 -0.0198736 0.269659 1.63008</i>
                        <i>0.0911944 0.0471091 0.994718 -0.961234 -0.256849 0.100289 0.260216 -0.965303 0.0218597 -0.0198736 0.269659 1.63008</i>
                        <i>0.0911944 0.0471091 0.994718 -0.961234 -0.256849 0.100289 0.260216 -0.965303 0.0218597 -0.0198736 0.269659 1.63008</i>
                    </KeyFrames>
                </p>
            </i>
            <i>
                <p>
                    <Name>
                        <![CDATA[spine2]]>
</Name>
                    <Exclude>0</Exclude>
                    <Additive>0</Additive>
                    <IKPriority>0</IKPriority>
                    <IKRotLimits>-1e+010 -1e+010 -1e+010 1e+010 1e+010 1e+010</IKRotLimits>
                    <IKRotLimitOrder>0</IKRotLimitOrder>
                    <KeyFrames count="30">
                        <i>0.12741 0.864729 0.485809 -0.893528 -0.112548 0.434674 0.430552 -0.489466 0.758319 -0.0383199 1.44496 0.0829826</i>
                        <i>0.176462 0.759777 0.62578 -0.91027 -0.11594 0.397451 0.374527 -0.639764 0.671142 -0.0482211 1.42801 0.0180085</i>
                        <i>0.191731 0.727239 0.659062 -0.915471 -0.109533 0.387188 0.353768 -0.677588 0.644766 -0.0585463 1.41042 -0.0258657</i>
                        <i>0.0769301 0.955887 0.283483 -0.940212 -0.0250646 0.339666 0.331788 -0.292664 0.896808 -0.0611799 1.39408 -0.0287339</i>
                        <i>-0.0633913 0.945542 -0.319267 -0.965237 0.0231946 0.260343 0.253571 0.324672 0.911202 -0.0637397 1.37123 -0.00358374</i>
                        <i>-0.139117 0.728415 -0.670863 -0.976444 0.0119296 0.215439 0.164932 0.685032 0.709597 -0.06693 1.36137 0.0564409</i>
                        <i>-0.164924 0.60628 -0.777962 -0.977242 0.00624025 0.212034 0.133407 0.795227 0.591454 -0.0682748 1.33311 0.13374</i>
                        <i>-0.178251 0.523467 -0.833192 -0.975509 0.0168891 0.219309 0.128873 0.851878 0.507637 -0.0690792 1.26124 0.210922</i>
                        <i>-0.183537 0.487493 -0.853619 -0.972981 0.0336515 0.228419 0.140078 0.872478 0.468145 -0.0693607 1.16857 0.2985</i>
                        <i>-0.180652 0.498066 -0.848113 -0.971549 0.0439139 0.232734 0.153161 0.866026 0.475962 -0.0690392 1.07859 0.405898</i>
                        <i>-0.175135 0.646063 -0.74292 -0.965482 0.03507 0.2581 0.192803 0.762478 0.61762 -0.0646419 1.00315 0.603181</i>
                        <i>-0.160203 0.890633 -0.425568 -0.949872 -0.0218354 0.311877 0.268475 0.454198 0.849485 -0.052983 0.916298 0.91573</i>
                        <i>-0.126249 0.988746 0.0802642 -0.933037 -0.145835 0.328899 0.336903 -0.0333663 0.940948 -0.0366238 0.782383 1.26933</i>
                        <i>-0.0836678 0.811146 0.578828 -0.926415 -0.277296 0.254682 0.367091 -0.514926 0.774658 -0.0214051 0.606972 1.56485</i>
                        <i>-0.0414889 0.479951 0.876314 -0.933761 -0.330679 0.136902 0.355485 -0.812587 0.461879 -0.0102644 0.456268 1.71828</i>
                        <i>-0.00416108 0.105209 0.994441 -0.949015 -0.313873 0.0292357 0.315204 -0.943618 0.101151 -0.00179642 0.326587 1.77201</i>
                        <i>0.0113213 -0.121283 0.992553 -0.956117 -0.291937 -0.0247669 0.292767 -0.948717 -0.119266 -0.000446771 0.251881 1.78406</i>
                        <i>0.0240934 -0.142622 0.989484 -0.953398 -0.301041 -0.0201766 0.300753 -0.942886 -0.143228 -0.0023057 0.265295 1.78547</i>
                        <i>0.0371847 -0.150198 0.987956 -0.94997 -0.312121 -0.0116963 0.310119 -0.938094 -0.154289 -0.00447128 0.286225 1.78648</i>
                        <i>0.0437765 -0.158349 0.986412 -0.948376 -0.317026 -0.0088038 0.314112 -0.935104 -0.164053 -0.00561686 0.298044 1.78671</i>
                        <i>0.047551 -0.193154 0.980016 -0.948837 -0.315356 -0.0161164 0.312167 -0.929108 -0.198267 -0.00579627 0.297869 1.78651</i>
                        <i>0.0543965 -0.254846 0.965451 -0.949814 -0.311494 -0.0287082 0.308048 -0.915437 -0.259 -0.0059758 0.294738 1.78583</i>
                        <i>0.0605129 -0.318714 0.945917 -0.950981 -0.306331 -0.0423773 0.30327 -0.896985 -0.321628 -0.00596151 0.289803 1.7853</i>
                        <i>0.0643085 -0.34782 0.935353 -0.951777 -0.303127 -0.0472828 0.299976 -0.887207 -0.35054 -0.00573606 0.282079 1.78526</i>
                        <i>0.065661 -0.347893 0.935232 -0.95196 -0.302779 -0.045794 0.2991 -0.887297 -0.351061 -0.00558612 0.277052 1.78519</i>
                        <i>0.065661 -0.347893 0.935232 -0.95196 -0.302779 -0.045794 0.2991 -0.887297 -0.351061 -0.00558612 0.277052 1.78519</i>
                        <i>0.065661 -0.347893 0.935232 -0.95196 -0.302779 -0.045794 0.2991 -0.887297 -0.351061 -0.00558612 0.277052 1.78519</i>
                        <i>0.065661 -0.347893 0.935232 -0.95196 -0.302779 -0.045794 0.2991 -0.887297 -0.351061 -0.00558612 0.277052 1.78519</i>
                        <i>0.065661 -0.347893 0.935232 -0.95196 -0.302779 -0.045794 0.2991 -0.887297 -0.351061 -0.00558612 0.277052 1.78519</i>
                        <i>0.065661 -0.347893 0.935232 -0.95196 -0.302779 -0.045794 0.2991 -0.887297 -0.351061 -0.00558612 0.277052 1.78519</i>
                    </KeyFrames>
                </p>
            </i>
            <i>
                <p>
                    <Name>
                        <![CDATA[head]]>
</Name>
                    <Exclude>0</Exclude>
                    <Additive>0</Additive>
                    <IKPriority>0</IKPriority>
                    <IKRotLimits>-1e+010 -1e+010 -1e+010 1e+010 1e+010 1e+010</IKRotLimits>
                    <IKRotLimitOrder>0</IKRotLimitOrder>
                    <KeyFrames count="30">
                        <i>-0.0204927 0.972748 0.230959 0.0170112 0.231313 -0.972731 -0.999645 -0.016005 -0.0212879 -0.0119108 1.6673 0.20852</i>
                        <i>0.0511307 0.678117 0.733173 0.0191432 0.733333 -0.6796 -0.998509 0.0487837 0.0245145 -0.0124038 1.61566 0.18956</i>
                        <i>0.100014 0.298037 0.9493 0.0586121 0.950662 -0.30464 -0.993258 0.0861088 0.0776111 -0.0209107 1.58207 0.160874</i>
                        <i>0.0746565 0.890299 0.449215 0.044559 0.447044 -0.893402 -0.996213 0.0867148 -0.00629611 -0.0574334 1.63702 0.0552861</i>
                        <i>0.051112 0.762664 -0.644772 0.133353 -0.645047 -0.752417 -0.98975 -0.0475245 -0.134673 -0.102942 1.60891 -0.0940059</i>
                        <i>0.100545 0.151761 -0.98329 0.24571 -0.961474 -0.12327 -0.964115 -0.22921 -0.133961 -0.128018 1.52664 -0.130854</i>
                        <i>0.0940713 -0.0381178 -0.994835 0.294246 -0.95356 0.0643601 -0.951089 -0.298781 -0.0784866 -0.135993 1.45989 -0.0792916</i>
                        <i>0.0849771 -0.147759 -0.985366 0.308838 -0.936331 0.16704 -0.947311 -0.318513 -0.033933 -0.140216 1.36395 -0.0134305</i>
                        <i>0.0742946 -0.188153 -0.979326 0.303122 -0.931313 0.201925 -0.950051 -0.311857 -0.0121581 -0.141976 1.26218 0.0708285</i>
                        <i>0.0693613 -0.171593 -0.982723 0.289575 -0.939218 0.184435 -0.954639 -0.297365 -0.0154564 -0.141083 1.17626 0.179752</i>
                        <i>0.0133081 -0.0157346 -0.999788 0.21455 -0.976543 0.0182247 -0.976622 -0.214747 -0.00962003 -0.13475 1.14323 0.399453</i>
                        <i>-0.125613 0.320264 -0.938964 0.0519458 -0.943039 -0.328603 -0.990718 -0.0900519 0.101821 -0.117259 1.12983 0.787068</i>
                        <i>-0.2961 0.680003 -0.670761 -0.121377 -0.723347 -0.679733 -0.947413 -0.119854 0.29672 -0.0886034 1.03474 1.2699</i>
                        <i>-0.441884 0.85989 -0.255594 -0.242878 -0.388958 -0.888663 -0.863568 -0.330607 0.380723 -0.0581991 0.823475 1.69934</i>
                        <i>-0.515486 0.8508 0.102045 -0.323223 -0.0827684 -0.942696 -0.7936 -0.51893 0.317664 -0.0332712 0.591039 1.93614</i>
                        <i>-0.386971 0.842331 0.375143 -0.56219 0.106953 -0.820063 -0.730887 -0.528242 0.432163 -0.0128314 0.360364 2.02641</i>
                        <i>-0.231259 0.723015 0.650975 -0.795954 0.244155 -0.553937 -0.559444 -0.646249 0.519024 -0.00526965 0.219253 2.03757</i>
                        <i>-0.12474 0.216273 0.968331 -0.802953 0.551303 -0.226567 -0.582844 -0.805786 0.104888 -0.0016879 0.221404 2.03647</i>
                        <i>0.0355783 -0.30197 0.952653 -0.87642 0.448645 0.174942 -0.480231 -0.841149 -0.248691 0.0016335 0.235859 2.03514</i>
                        <i>0.0697606 -0.314655 0.946639 -0.86503 0.453554 0.214504 -0.496847 -0.833835 -0.240546 0.00307149 0.244676 2.0342</i>
                        <i>-0.0513415 -0.249085 0.96712 -0.84295 0.530105 0.0917805 -0.535536 -0.810522 -0.237182 0.00350866 0.237872 2.03326</i>
                        <i>-0.0744275 -0.251882 0.964892 -0.839587 0.53793 0.0756629 -0.538103 -0.804479 -0.251513 0.00451559 0.221715 2.03056</i>
                        <i>-0.0688062 -0.25371 0.96483 -0.839259 0.537587 0.0815117 -0.539361 -0.804134 -0.249918 0.00564998 0.202586 2.02649</i>
                        <i>-0.048489 -0.249879 0.967062 -0.842196 0.530752 0.0949128 -0.536987 -0.809853 -0.236183 0.00654215 0.186719 2.02239</i>
                        <i>-0.0273768 -0.234453 0.971742 -0.846527 0.522443 0.102201 -0.531641 -0.819808 -0.212774 0.0069001 0.180115 2.02049</i>
                        <i>-0.0178599 -0.221999 0.974883 -0.848847 0.518598 0.102544 -0.528337 -0.825695 -0.197705 0.0069001 0.180115 2.02049</i>
                        <i>-0.0178599 -0.221999 0.974883 -0.848847 0.518598 0.102544 -0.528337 -0.825695 -0.197705 0.0069001 0.180115 2.02049</i>
                        <i>-0.0178599 -0.221999 0.974883 -0.848847 0.518598 0.102544 -0.528337 -0.825695 -0.197705 0.0069001 0.180115 2.02049</i>
                        <i>-0.0178599 -0.221999 0.974883 -0.848847 0.518598 0.102544 -0.528337 -0.825695 -0.197705 0.0069001 0.180115 2.02049</i>
                        <i>-0.0178599 -0.221999 0.974883 -0.848847 0.518598 0.102544 -0.528337 -0.825695 -0.197705 0.0069001 0.180115 2.02049</i>
                    </KeyFrames>
                </p>
            </i>
            <i>
                <p>
                    <Name>
                        <![CDATA[head_prop]]>
</Name>
                    <Exclude>0</Exclude>
                    <Additive>0</Additive>
                    <IKPriority>0</IKPriority>
                    <IKRotLimits>-1e+010 -1e+010 -1e+010 1e+010 1e+010 1e+010</IKRotLimits>
                    <IKRotLimitOrder>0</IKRotLimitOrder>
                    <KeyFrames count="30">
                        <i>0.999705 0.0208781 0.0124419 -0.0232171 0.971757 0.234837 -0.00718751 -0.235057 0.971955 -0.0185895 1.98432 0.283792</i>
                        <i>0.998782 -0.0398155 -0.0291512 0.0483999 0.67527 0.735981 -0.00961853 -0.736495 0.676374 0.00426013 1.83667 0.428508</i>
                        <i>0.994048 -0.0760481 -0.0780129 0.0971369 0.294414 0.950728 -0.049333 -0.952647 0.300049 0.0116849 1.6792 0.470259</i>
                        <i>0.996797 -0.0799591 -0.00118859 0.0718286 0.888709 0.45281 -0.0351499 -0.451445 0.891607 -0.0331022 1.92718 0.201689</i>
                        <i>0.991135 0.0433 0.125604 0.0479422 0.76514 -0.642077 -0.123907 0.642407 0.756281 -0.0862845 1.85747 -0.304143</i>
                        <i>0.966728 0.220249 0.130103 0.0969878 0.155043 -0.983135 -0.236706 0.963043 0.128523 -0.0952493 1.57611 -0.451317</i>
                        <i>0.954158 0.289382 0.076427 0.0903523 -0.035051 -0.995293 -0.285341 0.956572 -0.0595906 -0.105334 1.44747 -0.403517</i>
                        <i>0.950497 0.308985 0.0329005 0.0812092 -0.144813 -0.986121 -0.299932 0.939977 -0.162737 -0.112521 1.31579 -0.33457</i>
                        <i>0.953153 0.302269 0.0114825 0.0705426 -0.18521 -0.980164 -0.294147 0.935057 -0.197856 -0.117762 1.20086 -0.248342</i>
                        <i>0.957596 0.287745 0.0146012 0.065652 -0.168579 -0.983499 -0.280536 0.942753 -0.180321 -0.118478 1.12033 -0.140526</i>
                        <i>0.978696 0.205189 0.00710149 0.00984479 -0.0123518 -0.999875 -0.205076 0.978644 -0.0141088 -0.130413 1.1381 0.0736135</i>
                        <i>0.990835 0.0817321 -0.107546 -0.128454 0.323838 -0.937352 -0.0417843 0.942576 0.331369 -0.158198 1.2342 0.481052</i>
                        <i>0.945385 0.114641 -0.305129 -0.298123 0.682605 -0.667213 0.131792 0.721739 0.679502 -0.185105 1.25636 1.05129</i>
                        <i>0.859968 0.329123 -0.390042 -0.44319 0.860576 -0.250983 0.253057 0.3887 0.885932 -0.202213 1.10372 1.61604</i>
                        <i>0.789024 0.520391 -0.326548 -0.51628 0.849747 0.106704 0.333011 0.0843982 0.939138 -0.201273 0.868323 1.9694</i>
                        <i>0.724335 0.531527 -0.439111 -0.386632 0.840485 0.379606 0.570837 -0.105188 0.814298 -0.138949 0.634887 2.14867</i>
                        <i>0.551045 0.650541 -0.522634 -0.229521 0.720302 0.654588 0.802291 -0.240752 0.546231 -0.0806391 0.45489 2.24973</i>
                        <i>0.574663 0.811694 -0.104477 -0.123036 0.211898 0.969516 0.809089 -0.54429 0.221638 -0.0423417 0.29189 2.35206</i>
                        <i>0.471772 0.844658 0.252949 0.0378498 -0.306018 0.951273 0.880908 -0.43921 -0.176341 0.0132288 0.137445 2.34562</i>
                        <i>0.48859 0.837359 0.245174 0.0719415 -0.318703 0.945121 0.869542 -0.444138 -0.215956 0.0258071 0.142127 2.34272</i>
                        <i>0.527166 0.814968 0.240671 -0.0493514 -0.253381 0.966107 0.848328 -0.521176 -0.0933541 -0.013224 0.156693 2.34845</i>
                        <i>0.529703 0.808995 0.254838 -0.0724575 -0.256194 0.963906 0.845083 -0.529049 -0.0770888 -0.019741 0.139625 2.34502</i>
                        <i>0.530979 0.808641 0.253299 -0.0668409 -0.258019 0.963825 0.844745 -0.528702 -0.0829526 -0.0167746 0.1199 2.34094</i>
                        <i>0.528632 0.814304 0.239702 -0.0465058 -0.254176 0.966039 0.847576 -0.521827 -0.0964957 -0.00926084 0.105282 2.33757</i>
                        <i>0.523301 0.824219 0.216377 -0.0253621 -0.238743 0.970751 0.85177 -0.513483 -0.104031 -0.00202224 0.103705 2.33719</i>
                        <i>0.52 0.830102 0.201322 -0.0158271 -0.22629 0.973931 0.854019 -0.509631 -0.104533 0.00107942 0.107764 2.33821</i>
                        <i>0.52 0.830102 0.201322 -0.0158271 -0.22629 0.973931 0.854019 -0.509631 -0.104533 0.00107942 0.107764 2.33821</i>
                        <i>0.52 0.830102 0.201322 -0.0158271 -0.22629 0.973931 0.854019 -0.509631 -0.104533 0.00107942 0.107764 2.33821</i>
                        <i>0.52 0.830102 0.201322 -0.0158271 -0.22629 0.973931 0.854019 -0.509631 -0.104533 0.00107942 0.107764 2.33821</i>
                        <i>0.52 0.830102 0.201322 -0.0158271 -0.22629 0.973931 0.854019 -0.509631 -0.104533 0.00107942 0.107764 2.33821</i>
                    </KeyFrames>
                </p>
            </i>
            <i>
                <p>
                    <Name>
                        <![CDATA[l_clav]]>
</Name>
                    <Exclude>0</Exclude>
                    <Additive>0</Additive>
                    <IKPriority>0</IKPriority>
                    <IKRotLimits>-1e+010 -1e+010 -1e+010 1e+010 1e+010 1e+010</IKRotLimits>
                    <IKRotLimitOrder>0</IKRotLimitOrder>
                    <KeyFrames count="30">
                        <i>0.730257 0.662442 -0.167019 -0.501589 0.68587 0.527248 0.463825 -0.301252 0.833135 0.0616842 1.49484 0.0960185</i>
                        <i>0.770127 0.636314 0.0448193 -0.479124 0.530633 0.699191 0.421123 -0.55994 0.713528 0.0571747 1.47552 0.0368032</i>
                        <i>0.781607 0.605901 0.148236 -0.477009 0.427457 0.767947 0.401936 -0.670943 0.623124 0.0495733 1.46107 -0.00706612</i>
                        <i>0.697925 0.700119 -0.150775 -0.590151 0.681499 0.432759 0.405736 -0.213053 0.888812 0.0428298 1.4581 -0.0205283</i>
                        <i>0.595891 0.534871 -0.599021 -0.735136 0.663559 -0.138797 0.323247 0.52307 0.788612 0.0330487 1.45275 -0.0237627</i>
                        <i>0.553041 0.249951 -0.794777 -0.805995 0.402087 -0.434393 0.210993 0.880824 0.42383 0.0231763 1.44779 0.00602625</i>
                        <i>0.540757 0.117423 -0.832943 -0.824728 0.268883 -0.497519 0.165544 0.955988 0.242242 0.0188134 1.4169 0.0690342</i>
                        <i>0.530877 0.0309219 -0.846885 -0.833373 0.200433 -0.515088 0.153816 0.979219 0.132175 0.0166359 1.3399 0.137012</i>
                        <i>0.522892 -0.00767868 -0.852364 -0.836722 0.186269 -0.514975 0.162723 0.982469 0.0909737 0.0161299 1.24294 0.22065</i>
                        <i>0.520884 -0.000150894 -0.853628 -0.834945 0.207978 -0.50952 0.177613 0.978133 0.108207 0.0170386 1.15197 0.328821</i>
                        <i>0.522131 0.147348 -0.84004 -0.828002 0.323674 -0.457874 0.204432 0.934625 0.291005 0.022235 1.08463 0.539936</i>
                        <i>0.533558 0.451367 -0.715251 -0.808102 0.52162 -0.273648 0.249574 0.724003 0.643066 0.0351459 1.00775 0.885474</i>
                        <i>0.570699 0.72373 -0.387966 -0.769439 0.636331 0.0551932 0.28682 0.267018 0.92002 0.0533535 0.86881 1.2813</i>
                        <i>0.628662 0.776018 0.0507947 -0.721741 0.557873 0.409716 0.28961 -0.294234 0.910798 0.0703295 0.669935 1.61148</i>
                        <i>0.689027 0.608838 0.393139 -0.677909 0.349612 0.646692 0.256285 -0.712101 0.653629 0.0834384 0.489171 1.78182</i>
                        <i>0.751647 0.263294 0.604734 -0.638513 0.0606744 0.767216 0.165312 -0.962806 0.213723 0.0935097 0.331318 1.83757</i>
                        <i>0.783079 -0.000351334 0.621923 -0.614536 -0.154104 0.773691 0.0955687 -0.988055 -0.120891 0.0947652 0.244513 1.84478</i>
                        <i>0.800593 -0.0335186 0.59827 -0.59044 -0.214304 0.778109 0.10213 -0.976192 -0.191361 0.0925014 0.261052 1.84316</i>
                        <i>0.817613 -0.0503253 0.573565 -0.565464 -0.257809 0.783445 0.108443 -0.964884 -0.239245 0.0898069 0.285629 1.84133</i>
                        <i>0.825246 -0.0551394 0.562075 -0.55379 -0.274317 0.786172 0.110838 -0.960057 -0.256915 0.0884421 0.298225 1.84014</i>
                        <i>0.825864 -0.0653706 0.560067 -0.553144 -0.286722 0.78219 0.109451 -0.955781 -0.272953 0.0887042 0.294541 1.84001</i>
                        <i>0.827281 -0.0896252 0.554593 -0.551681 -0.316025 0.771866 0.106087 -0.944508 -0.310886 0.0893116 0.285768 1.83945</i>
                        <i>0.828866 -0.118267 0.546804 -0.550076 -0.350435 0.758031 0.101969 -0.92909 -0.35552 0.0900033 0.275334 1.83833</i>
                        <i>0.830102 -0.141963 0.539238 -0.548854 -0.37874 0.745195 0.0984408 -0.914551 -0.39231 0.090554 0.26664 1.837</i>
                        <i>0.830594 -0.151808 0.535786 -0.548375 -0.390455 0.739479 0.0969413 -0.908019 -0.407558 0.0907768 0.26301 1.83635</i>
                        <i>0.830594 -0.151808 0.535786 -0.548375 -0.390455 0.739479 0.0969413 -0.908019 -0.407558 0.0907768 0.26301 1.83635</i>
                        <i>0.830594 -0.151808 0.535786 -0.548375 -0.390455 0.739479 0.0969413 -0.908019 -0.407558 0.0907768 0.26301 1.83635</i>
                        <i>0.830594 -0.151808 0.535786 -0.548375 -0.390455 0.739479 0.0969413 -0.908019 -0.407558 0.0907768 0.26301 1.83635</i>
                        <i>0.830594 -0.151808 0.535786 -0.548375 -0.390455 0.739479 0.0969413 -0.908019 -0.407558 0.0907768 0.26301 1.83635</i>
                        <i>0.830594 -0.151808 0.535786 -0.548375 -0.390455 0.739479 0.0969413 -0.908019 -0.407558 0.0907768 0.26301 1.83635</i>
                    </KeyFrames>
                </p>
            </i>
            <i>
                <p>
                    <Name>
                        <![CDATA[l_shoulder]]>
</Name>
                    <Exclude>0</Exclude>
                    <Additive>0</Additive>
                    <IKPriority>0</IKPriority>
                    <IKRotLimits>-1e+010 -1e+010 -1e+010 1e+010 1e+010 1e+010</IKRotLimits>
                    <IKRotLimitOrder>0</IKRotLimitOrder>
                    <KeyFrames count="30">
                        <i>0.545119 -0.638857 0.542869 0.0663184 0.678369 0.731722 -0.835731 -0.362873 0.41216 0.205967 1.62572 0.0630192</i>
                        <i>0.468538 -0.727073 0.501833 -0.0160199 0.560956 0.82769 -0.883298 -0.395844 0.251182 0.209335 1.60125 0.0456585</i>
                        <i>0.50608 -0.745468 0.433774 -0.0413101 0.481406 0.875524 -0.861497 -0.461004 0.212835 0.204002 1.58078 0.0222221</i>
                        <i>0.894545 -0.367998 0.253708 0.205529 0.842688 0.497629 -0.396923 -0.393007 0.829456 0.180725 1.59643 -0.0503182</i>
                        <i>0.847802 -0.501873 -0.171334 0.359875 0.781775 -0.509233 0.389515 0.37007 0.843401 0.150784 1.55843 -0.142116</i>
                        <i>0.675071 -0.735699 0.0550065 0.199955 0.110688 -0.973533 0.710139 0.668203 0.221829 0.132445 1.49717 -0.151005</i>
                        <i>0.620296 -0.738486 0.264332 0.116792 -0.246285 -0.962135 0.775624 0.62768 -0.0665205 0.125655 1.4401 -0.0955373</i>
                        <i>0.571986 -0.721011 0.391121 0.0724499 -0.430552 -0.899653 0.817058 0.542926 -0.194032 0.121526 1.34601 -0.030314</i>
                        <i>0.54076 -0.729272 0.419216 0.0631465 -0.461767 -0.88475 0.838804 0.504909 -0.203654 0.119442 1.24142 0.0522415</i>
                        <i>0.551257 -0.742163 0.381195 0.0718075 -0.412986 -0.907902 0.831239 0.527861 -0.174369 0.119954 1.15194 0.160163</i>
                        <i>0.583405 -0.722034 0.371893 -0.00924466 -0.463768 -0.885908 0.812128 0.513406 -0.27724 0.125397 1.11374 0.373962</i>
                        <i>0.635653 -0.736819 0.23031 -0.060405 -0.344897 -0.936695 0.769608 0.581501 -0.263742 0.140565 1.09693 0.744156</i>
                        <i>0.700319 -0.712411 -0.0449815 -0.0182001 0.0451736 -0.998813 0.713598 0.700307 0.01867 0.166111 1.0118 1.20465</i>
                        <i>0.762969 -0.579067 -0.287333 0.0802702 0.525915 -0.846741 0.641432 0.622973 0.447739 0.194539 0.823259 1.62151</i>
                        <i>0.808983 -0.423317 -0.40786 0.192111 0.846131 -0.497148 0.555554 0.32383 0.765829 0.219575 0.609464 1.85949</i>
                        <i>0.827885 -0.16807 -0.535125 0.310149 0.932099 0.187078 0.467348 -0.320848 0.823798 0.242019 0.383339 1.95705</i>
                        <i>0.843026 -0.0347425 -0.53675 0.408912 0.689684 0.597601 0.349426 -0.723277 0.595628 0.249485 0.244444 1.96766</i>
                        <i>0.814428 -0.0548691 -0.577664 0.422358 0.738695 0.525303 0.397895 -0.671803 0.624789 0.250681 0.254429 1.96136</i>
                        <i>0.74994 -0.0995894 -0.653966 0.351005 0.89786 0.265786 0.560701 -0.428869 0.708298 0.25135 0.275685 1.95466</i>
                        <i>0.711161 -0.189504 -0.677007 0.258183 0.966096 0.000783044 0.653905 -0.175348 0.735976 0.251493 0.287331 1.9512</i>
                        <i>0.730732 -0.265513 -0.628915 0.304873 0.951215 -0.0473502 0.610806 -0.157139 0.776031 0.251877 0.281626 1.95067</i>
                        <i>0.761751 -0.316311 -0.565404 0.360086 0.932209 -0.0363852 0.538584 -0.175878 0.824011 0.252764 0.26806 1.94903</i>
                        <i>0.753564 -0.302964 -0.583398 0.334087 0.940814 -0.05704 0.566151 -0.151923 0.810181 0.253769 0.251967 1.94636</i>
                        <i>0.731465 -0.27206 -0.625254 0.285264 0.954952 -0.0817956 0.619341 -0.118532 0.776123 0.254564 0.238591 1.94355</i>
                        <i>0.72016 -0.25636 -0.644709 0.258143 0.961525 -0.0939844 0.643997 -0.098743 0.758629 0.254884 0.233016 1.94221</i>
                        <i>0.72016 -0.25636 -0.644709 0.258143 0.961525 -0.0939844 0.643997 -0.098743 0.758629 0.254884 0.233016 1.94221</i>
                        <i>0.72016 -0.25636 -0.644709 0.258143 0.961525 -0.0939844 0.643997 -0.098743 0.758629 0.254884 0.233016 1.94221</i>
                        <i>0.72016 -0.25636 -0.644709 0.258143 0.961525 -0.0939844 0.643997 -0.098743 0.758629 0.254884 0.233016 1.94221</i>
                        <i>0.72016 -0.25636 -0.644709 0.258143 0.961525 -0.0939844 0.643997 -0.098743 0.758629 0.254884 0.233016 1.94221</i>
                        <i>0.72016 -0.25636 -0.644709 0.258143 0.961525 -0.0939844 0.643997 -0.098743 0.758629 0.254884 0.233016 1.94221</i>
                    </KeyFrames>
                </p>
            </i>
            <i>
                <p>
                    <Name>
                        <![CDATA[l_elbow]]>
</Name>
                    <Exclude>0</Exclude>
                    <Additive>0</Additive>
                    <IKPriority>0</IKPriority>
                    <IKRotLimits>-1e+010 -1e+010 -1e+010 1e+010 1e+010 1e+010</IKRotLimits>
                    <IKRotLimitOrder>0</IKRotLimitOrder>
                    <KeyFrames count="30">
                        <i>-0.855271 -0.340931 0.390229 0.0642264 0.67752 0.732695 -0.514186 0.651715 -0.557566 0.383282 1.41792 0.239602</i>
                        <i>-0.670713 -0.621205 0.405276 -0.0182307 0.560044 0.828262 -0.741493 0.548137 -0.386954 0.36174 1.36475 0.208893</i>
                        <i>-0.532593 -0.752991 0.386457 -0.0434732 0.48034 0.876004 -0.845254 0.449753 -0.288561 0.368618 1.3383 0.163319</i>
                        <i>-0.51283 -0.342652 0.787144 0.204494 0.841744 0.499649 -0.833779 0.417201 -0.361601 0.4717 1.47673 0.032207</i>
                        <i>-0.0549958 0.560683 0.826202 0.360787 0.782707 -0.507151 -0.931025 0.270192 -0.245333 0.426554 1.39518 -0.197848</i>
                        <i>0.444274 0.87483 0.193115 0.201661 0.112372 -0.972988 -0.8729 0.471217 -0.126495 0.35203 1.25787 -0.133112</i>
