<?xml version="1.0" encoding="ISO-8859-1" ?>
<Animl Version="1">
    <ModellingPackage>
        <![CDATA[Maya.2010]]>
</ModellingPackage>
    <SrcFile>
        <![CDATA[anims\characters\shared\elite\~src\fire_rpg_low01.mb]]>
</SrcFile>
    <FramesPerSecond>30</FramesPerSecond>
    <TotalFrames>60</TotalFrames>
    <Skeleton>
        <RefFrame>
            <Name>
                <![CDATA[soldier_ref_frame]]>
</Name>
            <Exclude>0</Exclude>
            <Additive>0</Additive>
            <IKPriority>0</IKPriority>
            <IKRotLimits>-1e+010 -1e+010 -1e+010 1e+010 1e+010 1e+010</IKRotLimits>
            <IKRotLimitOrder>0</IKRotLimitOrder>
            <KeyFrames count="60">
                <i>1 0 0 0 1 0 0 0 1 0 0 0</i>
                <i>1 0 0 0 1 0 0 0 1 0 0 0</i>
                <i>1 0 0 0 1 0 0 0 1 0 0 0</i>
                <i>1 0 0 0 1 0 0 0 1 0 0 0</i>
                <i>1 0 0 0 1 0 0 0 1 0 0 0</i>
                <i>1 0 0 0 1 0 0 0 1 0 0 0</i>
                <i>1 0 0 0 1 0 0 0 1 0 0 0</i>
                <i>1 0 0 0 1 0 0 0 1 0 0 0</i>
                <i>1 0 0 0 1 0 0 0 1 0 0 0</i>
                <i>1 0 0 0 1 0 0 0 1 0 0 0</i>
                <i>1 0 0 0 1 0 0 0 1 0 0 0</i>
                <i>1 0 0 0 1 0 0 0 1 0 0 0</i>
                <i>1 0 0 0 1 0 0 0 1 0 0 0</i>
                <i>1 0 0 0 1 0 0 0 1 0 0 0</i>
                <i>1 0 0 0 1 0 0 0 1 0 0 0</i>
                <i>1 0 0 0 1 0 0 0 1 0 0 0</i>
                <i>1 0 0 0 1 0 0 0 1 0 0 0</i>
                <i>1 0 0 0 1 0 0 0 1 0 0 0</i>
                <i>1 0 0 0 1 0 0 0 1 0 0 0</i>
                <i>1 0 0 0 1 0 0 0 1 0 0 0</i>
                <i>1 0 0 0 1 0 0 0 1 0 0 0</i>
                <i>1 0 0 0 1 0 0 0 1 0 0 0</i>
                <i>1 0 0 0 1 0 0 0 1 0 0 -0.0354894</i>
                <i>1 0 0 0 1 0 0 0 1 0 0 -0.122597</i>
                <i>1 0 0 0 1 0 0 0 1 0 0 -0.232282</i>
                <i>1 0 0 0 1 0 0 0 1 0 0 -0.335503</i>
                <i>1 0 0 0 1 0 0 0 1 0 0 -0.426363</i>
                <i>1 0 0 0 1 0 0 0 1 0 0 -0.517898</i>
                <i>1 0 0 0 1 0 0 0 1 0 0 -0.609471</i>
                <i>1 0 0 0 1 0 0 0 1 0 0 -0.700443</i>
                <i>1 0 0 0 1 0 0 0 1 0 0 -0.790174</i>
                <i>1 0 0 0 1 0 0 0 1 0 0 -0.878027</i>
                <i>1 0 0 0 1 0 0 0 1 0 0 -0.963361</i>
                <i>1 0 0 0 1 0 0 0 1 0 0 -1.04554</i>
                <i>1 0 0 0 1 0 0 0 1 0 0 -1.12392</i>
                <i>1 0 0 0 1 0 0 0 1 0 0 -1.19787</i>
                <i>1 0 0 0 1 0 0 0 1 0 0 -1.26675</i>
                <i>1 0 0 0 1 0 0 0 1 0 0 -1.32992</i>
                <i>1 0 0 0 1 0 0 0 1 0 0 -1.38673</i>
                <i>1 0 0 0 1 0 0 0 1 0 0 -1.43656</i>
                <i>1 0 0 0 1 0 0 0 1 0 0 -1.47876</i>
                <i>1 0 0 0 1 0 0 0 1 0 0 -1.5127</i>
                <i>1 0 0 0 1 0 0 0 1 0 0 -1.53773</i>
                <i>1 0 0 0 1 0 0 0 1 0 0 -1.55321</i>
                <i>1 0 0 0 1 0 0 0 1 0 0 -1.55852</i>
                <i>1 0 0 0 1 0 0 0 1 0 0 -1.55852</i>
                <i>1 0 0 0 1 0 0 0 1 0 0 -1.55852</i>
                <i>1 0 0 0 1 0 0 0 1 0 0 -1.55852</i>
                <i>1 0 0 0 1 0 0 0 1 0 0 -1.55852</i>
                <i>1 0 0 0 1 0 0 0 1 0 0 -1.55852</i>
                <i>1 0 0 0 1 0 0 0 1 0 0 -1.55852</i>
                <i>1 0 0 0 1 0 0 0 1 0 0 -1.55852</i>
                <i>1 0 0 0 1 0 0 0 1 0 0 -1.55852</i>
                <i>1 0 0 0 1 0 0 0 1 0 0 -1.55852</i>
                <i>1 0 0 0 1 0 0 0 1 0 0 -1.55852</i>
                <i>1 0 0 0 1 0 0 0 1 0 0 -1.55852</i>
                <i>1 0 0 0 1 0 0 0 1 0 0 -1.55852</i>
                <i>1 0 0 0 1 0 0 0 1 0 0 -1.55852</i>
                <i>1 0 0 0 1 0 0 0 1 0 0 -1.55852</i>
                <i>1 0 0 0 1 0 0 0 1 0 0 -1.55852</i>
            </KeyFrames>
        </RefFrame>
        <Bones count="23">
            <i>
                <p>
                    <Name>
                        <![CDATA[pelvis]]>
</Name>
                    <Exclude>0</Exclude>
                    <Additive>0</Additive>
                    <IKPriority>0</IKPriority>
                    <IKRotLimits>-1e+010 -1e+010 -1e+010 1e+010 1e+010 1e+010</IKRotLimits>
                    <IKRotLimitOrder>2</IKRotLimitOrder>
                    <KeyFrames count="60">
                        <i>1 0 0 0 1 0 0 0 1 -0.0892591 1.09567 0.0732933</i>
                        <i>1 0 0 0 1 0 0 0 1 -0.09846 1.08144 0.0701399</i>
                        <i>1 0 0 0 1 0 0 0 1 -0.108609 1.04271 0.0674189</i>
                        <i>1 0 0 0 1 0 0 0 1 -0.119232 0.985372 0.063833</i>
                        <i>1 0 0 0 1 0 0 0 1 -0.129855 0.915307 0.0580845</i>
                        <i>1 0 0 0 1 0 0 0 1 -0.140004 0.838405 0.048221</i>
                        <i>1 0 0 0 1 0 0 0 1 -0.149204 0.760556 0.0352026</i>
                        <i>1 0 0 0 1 0 0 0 1 -0.156984 0.687645 0.0221009</i>
                        <i>1 0 0 0 1 0 0 0 1 -0.162867 0.625562 0.0119873</i>
                        <i>1 0 0 0 1 0 0 0 1 -0.16638 0.580195 0.00793359</i>
                        <i>1 0 0 0 1 0 0 0 1 -0.162909 0.560044 0.00793359</i>
                        <i>1 0 0 0 1 0 0 0 1 -0.151492 0.56279 0.00793359</i>
                        <i>1 0 0 0 1 0 0 0 1 -0.137138 0.578094 0.00793359</i>
                        <i>1 0 0 0 1 0 0 0 1 -0.124854 0.595616 0.00793359</i>
                        <i>1 0 0 0 1 0 0 0 1 -0.119646 0.605014 0.00793359</i>
                        <i>1 0 0 0 1 0 0 0 1 -0.119646 0.601891 0.00793359</i>
                        <i>1 0 0 0 1 0 0 0 1 -0.119646 0.593139 0.00793359</i>
                        <i>1 0 0 0 1 0 0 0 1 -0.119646 0.585357 0.00793359</i>
                        <i>1 0 0 0 1 0 0 0 1 -0.119646 0.585145 0.00793359</i>
                        <i>1 0 0 0 1 0 0 0 1 -0.119646 0.599102 0.00793359</i>
                        <i>1 0 0 0 1 0 0 0 1 -0.119646 0.7054 -0.0686639</i>
                        <i>1 0 0 0 1 0 0 0 1 -0.119646 0.767708 -0.22725</i>
                        <i>1 0 0 0 1 0 0 0 1 -0.11843 0.65713 -0.471956</i>
                        <i>1 0 0 0 1 0 0 0 1 -0.115756 0.491149 -0.806172</i>
                        <i>1 0 0 0 1 0 0 0 1 -0.113082 0.324193 -1.12197</i>
                        <i>1 0 0 0 1 0 0 0 1 -0.111867 0.210685 -1.31143</i>
                        <i>1 0 0 0 1 0 0 0 1 -0.111746 0.246308 -1.43482</i>
                        <i>1 0 0 0 1 0 0 0 1 -0.111867 0.345016 -1.57009</i>
                        <i>1 0 0 0 1 0 0 0 1 -0.112165 0.344239 -1.66501</i>
                        <i>1 0 0 0 1 0 0 0 1 -0.112303 0.272277 -1.74277</i>
                        <i>1 0 0 0 1 0 0 0 1 -0.112321 0.208254 -1.81823</i>
                        <i>1 0 0 0 1 0 0 0 1 -0.112228 0.167908 -1.8885</i>
                        <i>1 0 0 0 1 0 0 0 1 -0.112074 0.171986 -1.9569</i>
                        <i>1 0 0 0 1 0 0 0 1 -0.111929 0.196103 -2.02642</i>
                        <i>1 0 0 0 1 0 0 0 1 -0.111867 0.210685 -2.09985</i>
                        <i>1 0 0 0 1 0 0 0 1 -0.111867 0.210685 -2.1738</i>
                        <i>1 0 0 0 1 0 0 0 1 -0.111867 0.210685 -2.24268</i>
                        <i>1 0 0 0 1 0 0 0 1 -0.111867 0.210685 -2.30584</i>
                        <i>1 0 0 0 1 0 0 0 1 -0.111867 0.210685 -2.36266</i>
                        <i>1 0 0 0 1 0 0 0 1 -0.111867 0.210685 -2.41249</i>
                        <i>1 0 0 0 1 0 0 0 1 -0.111867 0.210685 -2.45469</i>
                        <i>1 0 0 0 1 0 0 0 1 -0.111867 0.210685 -2.48862</i>
                        <i>1 0 0 0 1 0 0 0 1 -0.111867 0.210685 -2.51365</i>
                        <i>1 0 0 0 1 0 0 0 1 -0.111867 0.210685 -2.52914</i>
                        <i>1 0 0 0 1 0 0 0 1 -0.111867 0.210685 -2.53444</i>
                        <i>1 0 0 0 1 0 0 0 1 -0.111867 0.212284 -2.53224</i>
                        <i>1 0 0 0 1 0 0 0 1 -0.111867 0.216375 -2.52522</i>
                        <i>1 0 0 0 1 0 0 0 1 -0.111867 0.221903 -2.5127</i>
                        <i>1 0 0 0 1 0 0 0 1 -0.111867 0.227812 -2.49404</i>
                        <i>1 0 0 0 1 0 0 0 1 -0.111867 0.233047 -2.46857</i>
                        <i>1 0 0 0 1 0 0 0 1 -0.111867 0.229177 -2.4468</i>
                        <i>1 0 0 0 1 0 0 0 1 -0.111867 0.216906 -2.42915</i>
                        <i>1 0 0 0 1 0 0 0 1 -0.111867 0.20888 -2.39989</i>
                        <i>1 0 0 0 1 0 0 0 1 -0.111867 0.217745 -2.34328</i>
                        <i>1 0 0 0 1 0 0 0 1 -0.111867 0.256147 -2.24358</i>
                        <i>1 0 0 0 1 0 0 0 1 -0.110239 0.357374 -2.01705</i>
                        <i>1 0 0 0 1 0 0 0 1 -0.106079 0.517231 -1.69997</i>
                        <i>1 0 0 0 1 0 0 0 1 -0.100473 0.692138 -1.45666</i>
                        <i>1 0 0 0 1 0 0 0 1 -0.0945041 0.88544 -1.42945</i>
                        <i>1 0 0 0 1 0 0 0 1 -0.0892591 1.09567 -1.48522</i>
                    </KeyFrames>
                </p>
            </i>
            <i>
                <p>
                    <Name>
                        <![CDATA[spine0]]>
</Name>
                    <Exclude>0</Exclude>
                    <Additive>0</Additive>
                    <IKPriority>0</IKPriority>
                    <IKRotLimits>-1e+010 -1e+010 -1e+010 1e+010 1e+010 1e+010</IKRotLimits>
                    <IKRotLimitOrder>0</IKRotLimitOrder>
                    <KeyFrames count="60">
                        <i>0.0267488 0.998487 -0.0480402 -0.932151 0.0422728 0.359594 0.361081 0.035162 0.931871 -0.10206 1.23286 0.0319115</i>
                        <i>0.0180781 0.997821 -0.0634573 -0.932363 0.0397442 0.359332 0.361071 0.0526692 0.93105 -0.11209 1.217 0.0239414</i>
                        <i>0.015073 0.997748 -0.0653568 -0.931641 0.0377485 0.361415 0.363068 0.0554415 0.930112 -0.12324 1.17628 0.0160101</i>
                        <i>0.0145294 0.997854 -0.0638469 -0.93009 0.0369271 0.365471 0.367045 0.0540733 0.92863 -0.13477 1.11718 0.00831245</i>
                        <i>0.0147916 0.997887 -0.0632609 -0.927948 0.0372643 0.370841 0.372415 0.0532175 0.926539 -0.145949 1.04636 0.000969492</i>
                        <i>0.0203365 0.998411 -0.0525618 -0.925452 0.0386917 0.376885 0.378319 0.0409789 0.924768 -0.156138 0.97021 -0.00712558</i>
                        <i>0.0326513 0.999061 -0.0284673 -0.922803 0.0410744 0.383077 0.383887 0.0137617 0.923278 -0.165 0.894035 -0.01608</i>
                        <i>0.0471436 0.998888 0.000616357 -0.920264 0.0431929 0.388906 0.388447 -0.0189016 0.921277 -0.172264 0.822954 -0.0243123</i>
                        <i>0.0593188 0.997896 0.0261871 -0.918303 0.0442638 0.393396 0.391409 -0.0473835 0.918996 -0.177672 0.762265 -0.0303138</i>
                        <i>0.0648355 0.997106 0.0396987 -0.917548 0.0439282 0.395191 0.392303 -0.0620479 0.917741 -0.180977 0.717444 -0.0326345</i>
                        <i>0.0612046 0.997288 0.040882 -0.917749 0.0401256 0.39513 0.392417 -0.0617032 0.917715 -0.177506 0.697293 -0.0326345</i>
                        <i>0.0515223 0.997977 0.0372461 -0.918104 0.0326569 0.394992 0.392977 -0.0545467 0.917929 -0.16609 0.700039 -0.0326345</i>
                        <i>0.0399222 0.998693 0.0319178 -0.918448 0.0240965 0.394808 0.393523 -0.0450764 0.918209 -0.151735 0.715343 -0.0326345</i>
                        <i>0.0303733 0.99915 0.0278838 -0.918684 0.016914 0.394631 0.393824 -0.0376027 0.918417 -0.139451 0.732864 -0.0326345</i>
                        <i>0.026458 0.99926 0.0279209 -0.918785 0.0133033 0.394534 0.393871 -0.0360919 0.918457 -0.134243 0.742263 -0.0326345</i>
                        <i>0.0296748 0.998902 0.0362563 -0.918794 0.0129752 0.394525 0.393621 -0.0450195 0.91817 -0.134243 0.73914 -0.0326345</i>
                        <i>0.036771 0.997985 0.0517156 -0.918782 0.0134078 0.394537 0.393048 -0.0620229 0.917424 -0.134243 0.730388 -0.0326345</i>
                        <i>0.0439466 0.996704 0.0681872 -0.918779 0.0135192 0.39454 0.392318 -0.0799877 0.916345 -0.134243 0.722606 -0.0326345</i>
                        <i>0.0475287 0.995812 0.0780932 -0.918795 0.0129136 0.394523 0.391863 -0.0905028 0.915561 -0.134243 0.722394 -0.0326345</i>
                        <i>0.0441555 0.996323 0.0734232 -0.918827 0.0116496 0.394488 0.392182 -0.0848821 0.915963 -0.134243 0.736351 -0.0326345</i>
                        <i>-0.00477256 0.966144 -0.257961 -0.917232 0.0985252 0.385978 0.398326 0.238452 0.885707 -0.136598 0.837053 -0.124127</i>
                        <i>-0.0537089 0.836714 -0.545 -0.917017 0.174686 0.358559 0.395215 0.519032 0.757899 -0.139391 0.89001 -0.300384</i>
                        <i>-0.048779 0.833502 -0.550359 -0.929152 0.164302 0.331182 0.366466 0.527522 0.766435 -0.138792 0.772533 -0.555403</i>
                        <i>-0.0186679 0.865622 -0.50035 -0.948452 0.14302 0.282816 0.316372 0.479837 0.818331 -0.135307 0.595059 -0.903726</i>
                        <i>0.0137849 0.906119 -0.422799 -0.962767 0.126197 0.239068 0.26998 0.403762 0.874121 -0.130887 0.413925 -1.233</i>
                        <i>0.0259404 0.931331 -0.363249 -0.967335 0.115048 0.225891 0.25217 0.345523 0.903894 -0.129723 0.28741 -1.4318</i>
                        <i>0.0262405 0.948109 -0.31686 -0.96534 0.10637 0.238335 0.259672 0.299624 0.918039 -0.13175 0.311843 -1.56131</i>
                        <i>0.0307698 0.966335 -0.25544 -0.961703 0.0982604 0.255877 0.272362 0.237784 0.932351 -0.133876 0.398701 -1.70173</i>
                        <i>0.0252543 0.960433 -0.277363 -0.958812 0.101791 0.265175 0.282916 0.259242 0.923446 -0.136031 0.385743 -1.80067</i>
                        <i>0.0195041 0.947522 -0.319094 -0.956632 0.110464 0.269541 0.290644 0.299998 0.908585 -0.137871 0.301634 -1.88126</i>
                        <i>0.0158781 0.924903 -0.379871 -0.956529 0.1247 0.263635 0.291206 0.359172 0.886676 -0.139432 0.22587 -1.95841</i>
                        <i>0.0123023 0.884214 -0.466919 -0.959182 0.14237 0.244336 0.28252 0.444855 0.849874 -0.140721 0.174552 -2.02936</i>
                        <i>0.00895291 0.832711 -0.553636 -0.962632 0.157039 0.220631 0.270664 0.530973 0.803 -0.141786 0.168764 -2.09762</i>
                        <i>0.00626781 0.784476 -0.620128 -0.965536 0.166108 0.200371 0.260194 0.5975 0.758481 -0.1427 0.184423 -2.16647</i>
                        <i>0.00478116 0.757448 -0.652878 -0.967165 0.169406 0.189456 0.254104 0.630535 0.733387 -0.143537 0.192223 -2.23896</i>
                        <i>0.00195621 0.739065 -0.673631 -0.968165 0.170014 0.183717 0.250306 0.651827 0.715869 -0.144325 0.186409 -2.31183</i>
                        <i>-0.00376066 0.708948 -0.705251 -0.969451 0.170386 0.176449 0.245258 0.684369 0.686649 -0.145009 0.181037 -2.37949</i>
                        <i>-0.0101033 0.675332 -0.737444 -0.970727 0.170362 0.169312 0.239975 0.717568 0.653842 -0.145539 0.176607 -2.44149</i>
                        <i>-0.0143148 0.649838 -0.759938 -0.971717 0.170123 0.16378 0.235713 0.740789 0.629024 -0.145882 0.1736 -2.49743</i>
                        <i>-0.0132454 0.646838 -0.762512 -0.972184 0.17001 0.161107 0.233845 0.743436 0.626594 -0.146005 0.172492 -2.54692</i>
                        <i>-0.00183674 0.654594 -0.755978 -0.973217 0.172614 0.151829 0.229879 0.73601 0.636745 -0.146033 0.171005 -2.58868</i>
                        <i>0.0202134 0.656756 -0.753832 -0.975547 0.178005 0.128924 0.218858 0.732793 0.644295 -0.146093 0.167477 -2.6215</i>
                        <i>0.047128 0.659281 -0.750418 -0.978133 0.182811 0.0991799 0.202572 0.729334 0.65348 -0.146155 0.163305 -2.64509</i>
                        <i>0.0703763 0.665345 -0.743212 -0.979952 0.18533 0.0731186 0.186388 0.723166 0.665049 -0.146198 0.159844 -2.65926</i>
                        <i>0.0812388 0.677088 -0.731404 -0.9805 0.186041 0.063319 0.178944 0.711998 0.678998 -0.146213 0.158403 -2.66399</i>
                        <i>0.0750417 0.702579 -0.707637 -0.979166 0.186196 0.0810289 0.188688 0.686814 0.701914 -0.146252 0.160246 -2.66188</i>
                        <i>0.0573887 0.742658 -0.667208 -0.974896 0.185705 0.122851 0.21514 0.643408 0.734671 -0.146324 0.165369 -2.65524</i>
                        <i>0.0368708 0.788697 -0.613675 -0.967135 0.182759 0.176775 0.251577 0.586989 0.769515 -0.146356 0.173172 -2.64359</i>
                        <i>0.0217355 0.831255 -0.555465 -0.958422 0.175443 0.225048 0.284525 0.527479 0.800507 -0.146284 0.183076 -2.62636</i>
                        <i>0.017481 0.860849 -0.508561 -0.955387 0.164371 0.245393 0.294838 0.481583 0.825317 -0.146039 0.194541 -2.60291</i>
                        <i>0.0124574 0.875069 -0.483838 -0.964917 0.13743 0.223712 0.262258 0.464076 0.846082 -0.145385 0.201104 -2.58385</i>
                        <i>-0.00329813 0.881604 -0.471978 -0.97821 0.0951345 0.184537 0.20759 0.462302 0.862081 -0.145102 0.204358 -2.56855</i>
                        <i>-0.0234976 0.886691 -0.461764 -0.986315 0.0548354 0.155486 0.16319 0.459099 0.873268 -0.146247 0.215515 -2.53942</i>
                        <i>-0.0428954 0.894776 -0.444451 -0.988757 0.0257633 0.147295 0.143247 0.445772 0.88361 -0.148632 0.245387 -2.47959</i>
                        <i>-0.0550812 0.907925 -0.415497 -0.987282 0.0126277 0.158475 0.14913 0.418942 0.895683 -0.150497 0.304832 -2.37332</i>
                        <i>-0.0567928 0.927292 -0.370004 -0.981595 0.0158213 0.190318 0.182334 0.374003 0.909327 -0.149139 0.427345 -2.13658</i>
                        <i>-0.0487808 0.950882 -0.305687 -0.970881 0.0267268 0.238068 0.234545 0.308399 0.921889 -0.143057 0.60863 -1.80474</i>
                        <i>-0.0300925 0.973624 -0.226164 -0.956848 0.0373665 0.288175 0.289025 0.225077 0.930486 -0.132082 0.803037 -1.54267</i>
                        <i>-0.00287006 0.99051 -0.137411 -0.942796 0.0431273 0.33057 0.333359 0.130499 0.933725 -0.117498 1.01201 -1.49386</i>
                        <i>0.0267488 0.998487 -0.0480402 -0.932151 0.0422728 0.359594 0.361081 0.035162 0.931871 -0.10206 1.23286 -1.5266</i>
                    </KeyFrames>
                </p>
            </i>
            <i>
                <p>
                    <Name>
                        <![CDATA[spine1]]>
</Name>
                    <Exclude>0</Exclude>
                    <Additive>0</Additive>
                    <IKPriority>0</IKPriority>
                    <IKRotLimits>-1e+010 -1e+010 -1e+010 1e+010 1e+010 1e+010</IKRotLimits>
                    <IKRotLimitOrder>0</IKRotLimitOrder>
                    <KeyFrames count="60">
                        <i>0.0143175 0.999427 0.0306609 -0.911496 0.000439503 0.411309 0.41106 -0.0338362 0.91098 -0.0974705 1.4042 0.0236672</i>
                        <i>0.0127713 0.999425 0.0314253 -0.912439 -0.00120732 0.409212 0.409014 -0.0338998 0.911898 -0.108993 1.38786 0.0130768</i>
                        <i>0.0173236 0.998369 0.0544008 -0.912777 -0.00641556 0.408407 0.40809 -0.0567309 0.911177 -0.120669 1.34633 0.00487722</i>
                        <i>0.0210926 0.99732 0.0700527 -0.911816 -0.00954871 0.410487 0.410056 -0.0725334 0.909172 -0.132301 1.28652 -0.00251239</i>
                        <i>0.0226305 0.996957 0.0745929 -0.910235 -0.0103112 0.413965 0.413474 -0.0772653 0.907232 -0.143438 1.21547 -0.00973967</i>
                        <i>0.0274225 0.99543 0.091468 -0.908965 -0.0132458 0.416662 0.41597 -0.0945671 0.904448 -0.152685 1.1395 -0.016027</i>
                        <i>0.0358333 0.992126 0.12001 -0.908185 -0.0177841 0.418192 0.417033 -0.123977 0.900396 -0.159452 1.06364 -0.0209029</i>
                        <i>0.0453876 0.987233 0.152683 -0.907645 -0.0230888 0.419104 0.417278 -0.157604 0.895008 -0.164244 0.9928 -0.0241992</i>
                        <i>0.0536137 0.981817 0.182104 -0.907278 -0.0282784 0.419579 0.417099 -0.187714 0.889265 -0.167568 0.932201 -0.0258474</i>
                        <i>0.0580433 0.977846 0.201118 -0.907187 -0.0324265 0.419475 0.416704 -0.2068 0.885207 -0.169924 0.887399 -0.025862</i>
                        <i>0.0579106 0.975804 0.210838 -0.906804 -0.0369174 0.419933 0.417556 -0.215507 0.882725 -0.167059 0.867483 -0.025653</i>
                        <i>0.0552847 0.974399 0.217923 -0.906021 -0.0427659 0.421067 0.419607 -0.220721 0.880461 -0.157274 0.870775 -0.02626</i>
                        <i>0.0518963 0.973283 0.223665 -0.905531 -0.0485769 0.421491 0.421095 -0.224409 0.878817 -0.144883 0.886757 -0.0271569</i>
                        <i>0.049309 0.97205 0.229538 -0.905512 -0.053466 0.420939 0.421446 -0.228606 0.877566 -0.134223 0.904892 -0.0278374</i>
                        <i>0.0489524 0.970209 0.237273 -0.905613 -0.0570813 0.420246 0.42127 -0.235449 0.87584 -0.129682 0.914623 -0.027824</i>
                        <i>0.0505525 0.968487 0.243879 -0.906615 -0.0579261 0.417963 0.418919 -0.242233 0.875117 -0.129132 0.911246 -0.0263921</i>
                        <i>0.0522843 0.967879 0.245918 -0.908827 -0.0559435 0.413405 0.413884 -0.245112 0.87671 -0.127928 0.90181 -0.0237528</i>
                        <i>0.0533629 0.968114 0.244761 -0.911135 -0.0530995 0.408673 0.408639 -0.244818 0.879249 -0.126714 0.893357 -0.0209519</i>
                        <i>0.0532987 0.968749 0.242249 -0.91269 -0.0511705 0.405436 0.405162 -0.242708 0.88144 -0.126108 0.892811 -0.019268</i>
                        <i>0.0517117 0.969315 0.240322 -0.912856 -0.0517101 0.404993 0.404993 -0.240322 0.882171 -0.126679 0.907016 -0.0200563</i>
                        <i>0.0197314 0.985114 -0.170764 -0.895787 0.0932755 0.434587 0.444046 0.144393 0.884293 -0.137363 0.995528 -0.166396</i>
                        <i>-0.0302741 0.797178 -0.602985 -0.832986 0.313313 0.456037 0.552466 0.516084 0.654552 -0.14829 1.02887 -0.390796</i>
                        <i>-0.00154152 0.850054 -0.526693 -0.856863 0.270411 0.438936 0.515543 0.45198 0.727963 -0.147036 0.9135 -0.648467</i>
                        <i>0.0727873 0.967209 -0.24333 -0.900365 0.16867 0.401116 0.429005 0.18989 0.883118 -0.13863 0.748582 -0.992505</i>
                        <i>0.119868 0.988662 0.0904406 -0.928863 0.0795229 0.361786 0.350491 -0.127374 0.927864 -0.128297 0.586133 -1.31347</i>
                        <i>0.124392 0.957994 0.258405 -0.937151 0.0278686 0.34781 0.325999 -0.285429 0.901252 -0.124517 0.475976 -1.50555</i>
                        <i>0.130032 0.912486 0.387893 -0.933848 -0.0187575 0.357177 0.333195 -0.408678 0.849684 -0.126502 0.503163 -1.62544</i>
                        <i>0.134247 0.867478 0.47902 -0.926069 -0.0622087 0.37219 0.352666 -0.493571 0.794993 -0.127665 0.595377 -1.75391</i>
                        <i>0.122885 0.916323 0.381119 -0.923739 -0.0347704 0.381442 0.362776 -0.398928 0.84217 -0.130411 0.602982 -1.86374</i>
                        <i>0.113138 0.953809 0.278295 -0.921797 -0.00376605 0.387655 0.370797 -0.30039 0.878792 -0.133167 0.536627 -1.96087</i>
                        <i>0.111724 0.974419 0.195001 -0.921187 0.0279511 0.388115 0.372736 -0.222994 0.900745 -0.135528 0.461773 -2.05583</i>
                        <i>0.111977 0.990535 0.0793849 -0.924387 0.0745168 0.374108 0.364651 -0.115274 0.923981 -0.137707 0.401494 -2.14976</i>
                        <i>0.112738 0.992789 -0.040754 -0.928573 0.119865 0.351262 0.353614 -0.00175756 0.93539 -0.139636 0.381459 -2.23962</i>
                        <i>0.114015 0.984243 -0.135155 -0.931765 0.153139 0.329183 0.344694 0.088401 0.934544 -0.141241 0.383049 -2.3241</i>
                        <i>0.116584 0.977754 -0.174369 -0.932654 0.168131 0.319198 0.341415 0.125413 0.931508 -0.142458 0.382561 -2.40365</i>
                        <i>0.121164 0.97634 -0.179108 -0.93156 0.174157 0.319164 0.342806 0.128179 0.93062 -0.143957 0.369785 -2.47959</i>
                        <i>0.127327 0.974167 -0.186514 -0.929914 0.182659 0.319211 0.345033 0.132797 0.929148 -0.14603 0.35302 -2.55117</i>
                        <i>0.133908 0.971869 -0.193752 -0.927989 0.191575 0.319587 0.347715 0.137005 0.927536 -0.14803 0.336411 -2.61657</i>
                        <i>0.139467 0.970541 -0.196468 -0.926303 0.198001 0.32056 0.350017 0.137281 0.926629 -0.149296 0.324335 -2.67426</i>
                        <i>0.142382 0.971796 -0.187988 -0.925701 0.197977 0.322307 0.350434 0.12813 0.927782 -0.149142 0.321316 -2.7229</i>
                        <i>0.143636 0.972588 -0.182867 -0.925943 0.197296 0.322029 0.349281 0.123069 0.928901 -0.146535 0.320956 -2.76238</i>
                        <i>0.144478 0.970197 -0.194535 -0.927458 0.201299 0.315119 0.344887 0.134895 0.928901 -0.141575 0.316462 -2.79301</i>
                        <i>0.144208 0.966379 -0.212876 -0.931338 0.205242 0.300808 0.334385 0.154881 0.929623 -0.13562 0.311372 -2.81411</i>
                        <i>0.143314 0.963761 -0.225001 -0.936084 0.205803 0.285294 0.321261 0.169733 0.931656 -0.130523 0.308366 -2.82563</i>
                        <i>0.142603 0.965877 -0.216207 -0.937648 0.201787 0.283016 0.316986 0.162367 0.934429 -0.128098 0.309636 -2.82782</i>
                        <i>0.142106 0.976409 -0.162579 -0.930604 0.187757 0.314204 0.337317 0.106647 0.935331 -0.129313 0.319205 -2.82245</i>
                        <i>0.142144 0.987513 -0.0679235 -0.915345 0.157253 0.370695 0.376748 0.00948141 0.926267 -0.13309 0.337409 -2.81029</i>
                        <i>0.142767 0.98894 0.040181 -0.895935 0.111875 0.429865 0.420616 -0.0973702 0.901999 -0.137683 0.36066 -2.78997</i>
                        <i>0.143248 0.980258 0.136288 -0.877232 0.0620065 0.476045 0.458196 -0.187749 0.868796 -0.14113 0.384676 -2.76158</i>
                        <i>0.143842 0.969242 0.199697 -0.86882 0.0270779 0.494388 0.473774 -0.244614 0.845992 -0.141893 0.404977 -2.72772</i>
                        <i>0.1305 0.965883 0.223696 -0.884052 0.0112296 0.467254 0.4488 -0.258736 0.855356 -0.14248 0.412914 -2.70144</i>
                        <i>0.0973584 0.970553 0.220335 -0.912351 -0.00142334 0.409406 0.397664 -0.240882 0.885347 -0.145961 0.411931 -2.68012</i>
                        <i>0.0574317 0.978605 0.197571 -0.937883 -0.0149394 0.34663 0.342166 -0.205206 0.916959 -0.151612 0.415779 -2.64409</i>
                        <i>0.023608 0.985914 0.165576 -0.954571 -0.0269809 0.296761 0.297048 -0.16506 0.940488 -0.157908 0.437973 -2.57554</i>
                        <i>0.00727238 0.989932 0.141361 -0.961011 -0.0321572 0.274633 0.276413 -0.137846 0.951102 -0.161878 0.491832 -2.45913</i>
                        <i>0.00924467 0.991629 0.128789 -0.958273 -0.0280134 0.284479 0.285705 -0.126045 0.949992 -0.160411 0.610847 -2.20997</i>
                        <i>0.0174423 0.993376 0.113577 -0.94925 -0.0192258 0.313934 0.314038 -0.113288 0.942627 -0.152341 0.789068 -1.86286</i>
                        <i>0.0237396 0.995352 0.0933341 -0.936413 -0.0105552 0.350742 0.350097 -0.0957257 0.931809 -0.137585 0.980447 -1.58394</i>
                        <i>0.0231465 0.997529 0.0663287 -0.922808 -0.00420288 0.385237 0.384564 -0.0701255 0.920431 -0.118012 1.18629 -1.51806</i>
                        <i>0.0143175 0.999427 0.0306609 -0.911496 0.000439503 0.411309 0.41106 -0.0338362 0.91098 -0.0974705 1.4042 -1.53485</i>
                    </KeyFrames>
                </p>
            </i>
            <i>
                <p>
                    <Name>
                        <![CDATA[spine2]]>
</Name>
                    <Exclude>0</Exclude>
                    <Additive>0</Additive>
                    <IKPriority>0</IKPriority>
                    <IKRotLimits>-1e+010 -1e+010 -1e+010 1e+010 1e+010 1e+010</IKRotLimits>
                    <IKRotLimitOrder>0</IKRotLimitOrder>
                    <KeyFrames count="60">
                        <i>0.0311351 0.961355 0.273547 -0.886583 -0.099807 0.451674 0.46152 -0.256585 0.849213 -0.0951548 1.56217 0.0284926</i>
                        <i>0.0423456 0.965401 0.25731 -0.889012 -0.0811153 0.450641 0.455921 -0.247834 0.854818 -0.106931 1.54548 0.0180095</i>
                        <i>0.049236 0.969078 0.241793 -0.890782 -0.0668909 0.449481 0.451755 -0.237515 0.859944 -0.117909 1.50301 0.0133849</i>
                        <i>0.049861 0.975285 0.215249 -0.890772 -0.054047 0.451226 0.451707 -0.214237 0.866062 -0.128969 1.44235 0.00839651</i>
                        <i>0.0486833 0.978353 0.201133 -0.890068 -0.0488802 0.4532 0.453222 -0.201085 0.868421 -0.139874 1.37103 0.00186023</i>
                        <i>0.0464316 0.972711 0.227327 -0.889817 -0.0631429 0.451928 0.453949 -0.223263 0.862603 -0.148374 1.2949 -0.00178372</i>
                        <i>0.0377289 0.962205 0.269699 -0.889896 -0.090428 0.447111 0.4546 -0.256873 0.852851 -0.153824 1.21871 -0.00217712</i>
                        <i>0.0268228 0.9482 0.31654 -0.889941 -0.121569 0.439574 0.455286 -0.293493 0.840581 -0.157112 1.14734 -0.000324326</i>
                        <i>0.0178951 0.934088 0.356594 -0.889892 -0.147715 0.431593 0.45582 -0.325054 0.828594 -0.159136 1.08613 0.0026808</i>
                        <i>0.0150732 0.92516 0.379278 -0.890015 -0.160455 0.426764 0.455682 -0.343996 0.820988 -0.160789 1.04084 0.00567768</i>
                        <i>0.0247253 0.918123 0.395523 -0.890566 -0.15952 0.425964 0.454181 -0.362772 0.813705 -0.157932 1.02078 0.00745311</i>
                        <i>0.045405 0.90666 0.419412 -0.891625 -0.15255 0.426301 0.450492 -0.393314 0.801474 -0.148534 1.02422 0.00804922</i>
                        <i>0.069535 0.892552 0.445551 -0.89316 -0.143232 0.426321 0.444331 -0.427593 0.787232 -0.136647 1.04051 0.00817722</i>
                        <i>0.0898538 0.878679 0.468881 -0.894763 -0.135542 0.425473 0.437407 -0.457768 0.774031 -0.126368 1.05891 0.00854408</i>
                        <i>0.0996284 0.869012 0.484656 -0.895674 -0.133836 0.424094 0.433407 -0.476346 0.765018 -0.121868 1.06862 0.00985506</i>
                        <i>0.0940011 0.87496 0.474983 -0.896979 -0.132572 0.421726 0.431963 -0.465692 0.772359 -0.121076 1.0648 0.012291</i>
                        <i>0.0783758 0.8956 0.437902 -0.899586 -0.125773 0.418241 0.429653 -0.426711 0.795812 -0.11963 1.05482 0.0151306</i>
                        <i>0.061525 0.917348 0.393303 -0.902463 -0.117194 0.414519 0.426351 -0.380445 0.820662 -0.118275 1.04602 0.0176444</i>
                        <i>0.0518423 0.930187 0.363406 -0.904726 -0.110326 0.41146 0.422828 -0.350114 0.835845 -0.117693 1.04542 0.018892</i>
                        <i>0.057323 0.926588 0.371683 -0.905601 -0.108452 0.410031 0.42024 -0.360101 0.832902 -0.118505 1.05986 0.0178376</i>
                        <i>0.103797 0.942091 0.31889 -0.892901 -0.0529712 0.447127 0.438126 -0.331147 0.835696 -0.134382 1.14431 -0.192305</i>
                        <i>0.168171 0.963882 0.206517 -0.856471 0.0391524 0.514707 0.488032 -0.263435 0.832122 -0.1528 1.15073 -0.483165</i>
                        <i>0.191042 0.936667 0.293525 -0.868944 0.0222964 0.494407 0.456551 -0.34951 0.818171 -0.147139 1.04588 -0.730615</i>
                        <i>0.198415 0.853828 0.481257 -0.902703 -0.0320699 0.429067 0.381784 -0.519566 0.76439 -0.12658 0.906382 -1.03214</i>
                        <i>0.178979 0.764046 0.619839 -0.931421 -0.0713384 0.356883 0.316894 -0.641206 0.69888 -0.107124 0.758724 -1.29733</i>
                        <i>0.162232 0.733296 0.660271 -0.94273 -0.0824526 0.323205 0.291446 -0.674891 0.677924 -0.101082 0.653972 -1.45693</i>
                        <i>0.160808 0.716045 0.679279 -0.944421 -0.0883018 0.316657 0.286723 -0.692446 0.662049 -0.102097 0.671955 -1.553</i>
                        <i>0.160265 0.714765 0.680754 -0.944993 -0.0881223 0.314997 0.285139 -0.693791 0.661325 -0.102239 0.757105 -1.66384</i>
                        <i>0.156414 0.774021 0.613536 -0.943136 -0.06742 0.325498 0.293306 -0.629561 0.719461 -0.104424 0.793022 -1.78371</i>
                        <i>0.152776 0.826389 0.541978 -0.94114 -0.0456623 0.334919 0.301522 -0.561245 0.770772 -0.10681 0.753743 -1.89631</i>
                        <i>0.15153 0.87151 0.466378 -0.939063 -0.0203539 0.343143 0.308545 -0.489955 0.815319 -0.108722 0.690052 -2.00888</i>
                        <i>0.149024 0.924861 0.349892 -0.936063 0.0178965 0.351377 0.318713 -0.379885 0.868395 -0.110671 0.635233 -2.12977</i>
                        <i>0.145356 0.964583 0.220118 -0.93293 0.0595533 0.355098 0.329413 -0.25697 0.908545 -0.112559 0.614829 -2.24796</i>
                        <i>0.141961 0.983502 0.11212 -0.930416 0.0939114 0.354268 0.337894 -0.154611 0.928398 -0.114111 0.612565 -2.35439</i>
                        <i>0.141433 0.987907 0.0635352 -0.929181 0.110338 0.352772 0.341495 -0.108929 0.93355 -0.11494 0.608912 -2.44281</i>
                        <i>0.147417 0.986756 0.0676851 -0.928501 0.114484 0.35324 0.340813 -0.114919 0.933081 -0.115739 0.592942 -2.51935</i>
                        <i>0.158939 0.983359 0.087994 -0.927433 0.118148 0.354838 0.338537 -0.138006 0.930778 -0.117065 0.570689 -2.59173</i>
                        <i>0.17168 0.978399 0.115161 -0.926281 0.12051 0.357044 0.335453 -0.167969 0.926961 -0.118345 0.548198 -2.65773</i>
                        <i>0.180815 0.973647 0.13899 -0.925528 0.120638 0.358949 0.332723 -0.193542 0.92295 -0.119012 0.53162 -2.71521</i>
                        <i>0.181143 0.972109 0.148966 -0.92584 0.117478 0.359194 0.331675 -0.202984 0.921298 -0.118487 0.527158 -2.76172</i>
                        <i>0.163379 0.979446 0.118294 -0.926349 0.111052 0.359923 0.339388 -0.168386 0.925452 -0.115753 0.526049 -2.79997</i>
                        <i>0.127204 0.990807 0.0460596 -0.926676 0.102155 0.361712 0.353682 -0.0886934 0.931151 -0.110921 0.519064 -2.8327</i>
                        <i>0.08275 0.995851 -0.0378646 -0.92782 0.0908533 0.361796 0.363735 0.00519284 0.931488 -0.105338 0.511181 -2.85723</i>
                        <i>0.044153 0.993858 -0.101478 -0.929691 0.0780576 0.359974 0.365684 0.0784492 0.927427 -0.100622 0.506439 -2.87101</i>
                        <i>0.0275746 0.993257 -0.112607 -0.931239 0.0664735 0.358295 0.363365 0.0949845 0.926792 -0.0983263 0.508253 -2.87141</i>
                        <i>0.0443514 0.998488 -0.0324888 -0.932351 0.0530507 0.357641 0.358823 0.0144292 0.933294 -0.0992262 0.52252 -2.85541</i>
                        <i>0.0831218 0.9888 0.12396 -0.933898 0.0338856 0.35593 0.347743 -0.145352 0.926255 -0.102216 0.547816 -2.82381</i>
                        <i>0.125988 0.944465 0.303502 -0.935865 0.0116736 0.352164 0.329064 -0.328406 0.885362 -0.105798 0.576726 -2.78016</i>
                        <i>0.158356 0.876705 0.454216 -0.937665 -0.0106073 0.347378 0.309366 -0.480912 0.820376 -0.108438 0.603022 -2.73014</i>
                        <i>0.170399 0.825464 0.53812 -0.938386 -0.0306906 0.344224 0.30066 -0.563619 0.769374 -0.108781 0.62248 -2.68179</i>
                        <i>0.141604 0.823805 0.548902 -0.938604 -0.064484 0.338918 0.314598 -0.563193 0.764095 -0.112701 0.627501 -2.65063</i>
                        <i>0.0719071 0.853856 0.515519 -0.937284 -0.118895 0.327663 0.341069 -0.506749 0.791756 -0.124259 0.621702 -2.63144</i>
                        <i>-0.0160525 0.887612 0.460311 -0.932559 -0.17935 0.313316 0.36066 -0.424238 0.83063 -0.139198 0.618722 -2.60218</i>
                        <i>-0.0951971 0.90853 0.40683 -0.925591 -0.231195 0.299717 0.366359 -0.348026 0.862936 -0.152877 0.632872 -2.54204</i>
                        <i>-0.134288 0.913562 0.383889 -0.920354 -0.258578 0.293403 0.367308 -0.313914 0.875525 -0.160228 0.679136 -2.43176</i>
                        <i>-0.126077 0.914814 0.383692 -0.917621 -0.254506 0.305285 0.376931 -0.313594 0.87154 -0.158509 0.79115 -2.18608</i>
                        <i>-0.0940101 0.922872 0.373455 -0.913836 -0.22884 0.335464 0.395052 -0.30974 0.864867 -0.149126 0.962323 -1.84273</i>
                        <i>-0.0500343 0.934941 0.351258 -0.90731 -0.189559 0.375307 0.417474 -0.299921 0.857766 -0.133482 1.14724 -1.56813</i>
                        <i>-0.00508507 0.948387 0.317074 -0.897617 -0.144082 0.416562 0.440746 -0.282493 0.852021 -0.114182 1.34781 -1.50727</i>
                        <i>0.0311351 0.961355 0.273547 -0.886583 -0.099807 0.451674 0.46152 -0.256585 0.849213 -0.0951548 1.56217 -1.53002</i>
                    </KeyFrames>
                </p>
            </i>
            <i>
                <p>
                    <Name>
                        <![CDATA[head]]>
</Name>
                    <Exclude>0</Exclude>
                    <Additive>0</Additive>
                    <IKPriority>0</IKPriority>
                    <IKRotLimits>-1e+010 -1e+010 -1e+010 1e+010 1e+010 1e+010</IKRotLimits>
                    <IKRotLimitOrder>0</IKRotLimitOrder>
                    <KeyFrames count="60">
                        <i>0.00771589 0.954176 0.299148 -0.0214208 0.299246 -0.953936 -0.999741 0.000952461 0.0227482 -0.0931405 1.80997 0.0991426</i>
                        <i>0.032748 0.951783 0.30502 -0.0316893 0.306019 -0.951498 -0.998961 0.0214938 0.0401829 -0.101279 1.79475 0.0823319</i>
                        <i>0.0544156 0.935591 0.348866 -0.0412097 0.35119 -0.935397 -0.997668 0.0365235 0.0576657 -0.11059 1.75365 0.0694802</i>
                        <i>0.0685137 0.923521 0.377378 -0.049729 0.380958 -0.923254 -0.99641 0.044489 0.0720266 -0.12194 1.69454 0.0536254</i>
                        <i>0.0724497 0.925674 0.371319 -0.0557256 0.375473 -0.925157 -0.995814 0.0463353 0.0787867 -0.13345 1.62387 0.0417926</i>
                        <i>0.0664291 0.943133 0.32571 -0.0639929 0.329786 -0.941884 -0.995737 0.0417255 0.0822612 -0.143061 1.54657 0.0454243</i>
                        <i>0.0500088 0.969625 0.239431 -0.0770643 0.242763 -0.96702 -0.995771 0.0299079 0.0868637 -0.151918 1.46803 0.056955</i>
                        <i>0.0279835 0.989886 0.139081 -0.0878097 0.141032 -0.986103 -0.995744 0.015382 0.0908681 -0.159395 1.39332 0.0719789</i>
                        <i>0.00811765 0.998512 0.0539179 -0.0929758 0.0544398 -0.994179 -0.995635 0.00305733 0.0932794 -0.16488 1.32863 0.0861177</i>
                        <i>-0.000515009 0.999903 0.0139268 -0.093845 0.013817 -0.995491 -0.995587 -0.00181966 0.0938288 -0.167774 1.28122 0.0951268</i>
                        <i>0.0287139 0.997943 0.0573129 -0.10836 0.0601063 -0.992293 -0.993697 0.0222822 0.109864 -0.161814 1.25967 0.101435</i>
                        <i>0.10303 0.979962 0.17047 -0.133641 0.183466 -0.973899 -0.98566 0.0775591 0.149866 -0.145533 1.26049 0.109397</i>
                        <i>0.197557 0.932167 0.303375 -0.143384 0.333624 -0.931738 -0.969748 0.140572 0.199567 -0.12553 1.2733 0.117769</i>
                        <i>0.27868 0.86824 0.410484 -0.132866 0.458162 -0.878882 -0.951149 0.190388 0.24304 -0.108396 1.28811 0.125414</i>
                        <i>0.313781 0.831456 0.458501 -0.122494 0.514302 -0.848816 -0.941561 0.210178 0.263226 -0.100656 1.29535 0.131319</i>
                        <i>0.305006 0.843537 0.442059 -0.121667 0.494887 -0.860398 -0.944547 0.208643 0.253574 -0.101773 1.29353 0.130043</i>
                        <i>0.281885 0.876633 0.389942 -0.120276 0.435504 -0.892115 -0.951879 0.204573 0.2282 -0.105452 1.28952 0.120478</i>
                        <i>0.257211 0.908972 0.328042 -0.116891 0.366236 -0.923151 -0.95926 0.1991 0.20045 -0.109555 1.28663 0.108342</i>
                        <i>0.243495 0.926392 0.287242 -0.112623 0.321158 -0.940305 -0.963341 0.196609 0.182534 -0.112025 1.28934 0.0999299</i>
                        <i>0.252683 0.919606 0.300792 -0.109731 0.336112 -0.935408 -0.961307 0.203356 0.185839 -0.110895 1.30291 0.101809</i>
                        <i>0.208894 0.844271 0.493527 0.0180836 0.50124 -0.86512 -0.977771 0.189643 0.0894387 -0.111863 1.37545 -0.100033</i>
                        <i>0.134672 0.739991 0.658997 0.167699 0.638441 -0.751179 -0.976596 0.211676 -0.0381159 -0.112878 1.37209 -0.395634</i>
