<?xml version="1.0" encoding="ISO-8859-1" ?>
<Animl Version="1">
    <ModellingPackage>
        <![CDATA[Maya.2010]]>
</ModellingPackage>
    <SrcFile>
        <![CDATA[anims\characters\shared\elite\~src\fire_rpg_high01.mb]]>
</SrcFile>
    <FramesPerSecond>30</FramesPerSecond>
    <TotalFrames>40</TotalFrames>
    <Skeleton>
        <RefFrame>
            <Name>
                <![CDATA[soldier_ref_frame]]>
</Name>
            <Exclude>0</Exclude>
            <Additive>0</Additive>
            <IKPriority>0</IKPriority>
            <IKRotLimits>-1e+010 -1e+010 -1e+010 1e+010 1e+010 1e+010</IKRotLimits>
            <IKRotLimitOrder>0</IKRotLimitOrder>
            <KeyFrames count="40">
                <i>1 0 0 0 1 0 0 0 1 0 0 0</i>
                <i>1 0 0 0 1 0 0 0 1 0 0 0</i>
                <i>1 0 0 0 1 0 0 0 1 0 0 0</i>
                <i>1 0 0 0 1 0 0 0 1 0 0 0</i>
                <i>1 0 0 0 1 0 0 0 1 0 0 0</i>
                <i>1 0 0 0 1 0 0 0 1 0 0 0</i>
                <i>1 0 0 0 1 0 0 0 1 0 0 0</i>
                <i>1 0 0 0 1 0 0 0 1 0 0 0</i>
                <i>1 0 0 0 1 0 0 0 1 0 0 0</i>
                <i>1 0 0 0 1 0 0 0 1 0 0 0</i>
                <i>1 0 0 0 1 0 0 0 1 0 0 0</i>
                <i>1 0 0 0 1 0 0 0 1 0 0 0</i>
                <i>1 0 0 0 1 0 0 0 1 0 0 0</i>
                <i>1 0 0 0 1 0 0 0 1 0 0 0</i>
                <i>1 0 0 0 1 0 0 0 1 0 0 0</i>
                <i>1 0 0 0 1 0 0 0 1 -0.00028224 -0.0003136 -0.000842599</i>
                <i>1 0 0 0 1 0 0 0 1 -0.00110592 -0.0012288 -0.00447232</i>
                <i>1 0 0 0 1 0 0 0 1 -0.00243648 -0.0027072 -0.0125421</i>
                <i>1 0 0 0 1 0 0 0 1 -0.00423936 -0.0047104 -0.0267047</i>
                <i>1 0 0 0 1 0 0 0 1 -0.00648 -0.0072 -0.0486131</i>
                <i>1 0 0 0 1 0 0 0 1 -0.00912384 -0.0101376 -0.0799202</i>
                <i>1 0 0 0 1 0 0 0 1 -0.0121363 -0.0134848 -0.122279</i>
                <i>1 0 0 0 1 0 0 0 1 -0.0154829 -0.0172032 -0.177342</i>
                <i>1 0 0 0 1 0 0 0 1 -0.019129 -0.0212544 -0.246763</i>
                <i>1 0 0 0 1 0 0 0 1 -0.02304 -0.0256 -0.355255</i>
                <i>1 0 0 0 1 0 0 0 1 -0.0271814 -0.0302016 -0.511304</i>
                <i>1 0 0 0 1 0 0 0 1 -0.0315187 -0.0350208 -0.692218</i>
                <i>1 0 0 0 1 0 0 0 1 -0.0360173 -0.0400192 -0.875309</i>
                <i>1 0 0 0 1 0 0 0 1 -0.0406426 -0.0451584 -1.03788</i>
                <i>1 0 0 0 1 0 0 0 1 -0.04536 -0.0504 -1.15725</i>
                <i>1 0 0 0 1 0 0 0 1 -0.050135 -0.0557056 -1.24044</i>
                <i>1 0 0 0 1 0 0 0 1 -0.0549331 -0.0610368 -1.31107</i>
                <i>1 0 0 0 1 0 0 0 1 -0.0597197 -0.0663552 -1.37136</i>
                <i>1 0 0 0 1 0 0 0 1 -0.0644602 -0.0716224 -1.42353</i>
                <i>1 0 0 0 1 0 0 0 1 -0.06912 -0.0768 -1.46979</i>
                <i>1 0 0 0 1 0 0 0 1 -0.0736646 -0.0818496 -1.51235</i>
                <i>1 0 0 0 1 0 0 0 1 -0.0780595 -0.0867328 -1.55344</i>
                <i>1 0 0 0 1 0 0 0 1 -0.0822701 -0.0914112 -1.59527</i>
                <i>1 0 0 0 1 0 0 0 1 -0.0862617 -0.0958464 -1.64005</i>
                <i>1 0 0 0 1 0 0 0 1 -0.09 -0.1 -1.69</i>
            </KeyFrames>
        </RefFrame>
        <Bones count="23">
            <i>
                <p>
                    <Name>
                        <![CDATA[pelvis]]>
</Name>
                    <Exclude>0</Exclude>
                    <Additive>0</Additive>
                    <IKPriority>0</IKPriority>
                    <IKRotLimits>-1e+010 -1e+010 -1e+010 1e+010 1e+010 1e+010</IKRotLimits>
                    <IKRotLimitOrder>2</IKRotLimitOrder>
                    <KeyFrames count="40">
                        <i>1 0 0 0 1 0 0 0 1 -0.0892591 1.09567 0.0732933</i>
                        <i>1 0 0 0 1 0 0 0 1 -0.0892591 1.112 0.0732933</i>
                        <i>1 0 0 0 1 0 0 0 1 -0.0892591 1.12412 0.0732933</i>
                        <i>1 0 0 0 1 0 0 0 1 -0.0892591 1.10254 0.0732933</i>
                        <i>1 0 0 0 1 0 0 0 1 -0.0892591 1.07089 0.0732933</i>
                        <i>1 0 0 0 1 0 0 0 1 -0.0892591 1.05351 0.0732933</i>
                        <i>1 0 0 0 1 0 0 0 1 -0.0892591 1.06098 0.0732933</i>
                        <i>1 0 0 0 1 0 0 0 1 -0.0892591 1.08023 0.0732933</i>
                        <i>1 0 0 0 1 0 0 0 1 -0.0892591 1.1 0.0732933</i>
                        <i>1 0 0 0 1 0 0 0 1 -0.0892591 1.10909 0.0732933</i>
                        <i>1 0 0 0 1 0 0 0 1 -0.0892591 1.10909 0.0732933</i>
                        <i>1 0 0 0 1 0 0 0 1 -0.0892591 1.10909 0.0732933</i>
                        <i>1 0 0 0 1 0 0 0 1 -0.0892591 1.10909 0.0732933</i>
                        <i>1 0 0 0 1 0 0 0 1 -0.0892591 1.07126 0.0622328</i>
                        <i>1 0 0 0 1 0 0 0 1 -0.0892591 1.03343 0.0289324</i>
                        <i>1 0 0 0 1 0 0 0 1 -0.07871 1.03343 -0.0134666</i>
                        <i>1 0 0 0 1 0 0 0 1 -0.0506481 1.03343 -0.0530197</i>
                        <i>1 0 0 0 1 0 0 0 1 -0.0104511 1.03343 -0.0917005</i>
                        <i>1 0 0 0 1 0 0 0 1 0.0365028 1.03343 -0.131482</i>
                        <i>1 0 0 0 1 0 0 0 1 0.0848361 1.03343 -0.174339</i>
                        <i>1 0 0 0 1 0 0 0 1 0.129171 1.03343 -0.222244</i>
                        <i>1 0 0 0 1 0 0 0 1 0.164129 1.03343 -0.277171</i>
                        <i>1 0 0 0 1 0 0 0 1 0.184332 1.03343 -0.341094</i>
                        <i>1 0 0 0 1 0 0 0 1 0.184403 1.03343 -0.415985</i>
                        <i>1 0 0 0 1 0 0 0 1 0.158139 1.03298 -0.562459</i>
                        <i>1 0 0 0 1 0 0 0 1 0.107803 1.03168 -0.772129</i>
                        <i>1 0 0 0 1 0 0 0 1 0.0407178 1.02958 -0.943475</i>
                        <i>1 0 0 0 1 0 0 0 1 -0.0357937 1.02676 -1.05049</i>
                        <i>1 0 0 0 1 0 0 0 1 -0.114409 1.02328 -1.13928</i>
                        <i>1 0 0 0 1 0 0 0 1 -0.187805 1.0192 -1.21649</i>
                        <i>1 0 0 0 1 0 0 0 1 -0.24866 1.0146 -1.28876</i>
                        <i>1 0 0 0 1 0 0 0 1 -0.289651 1.00952 -1.36272</i>
                        <i>1 0 0 0 1 0 0 0 1 -0.266647 0.995912 -1.43884</i>
                        <i>1 0 0 0 1 0 0 0 1 -0.189174 0.978217 -1.50738</i>
                        <i>1 0 0 0 1 0 0 0 1 -0.130392 0.975306 -1.55967</i>
                        <i>1 0 0 0 1 0 0 0 1 -0.111399 0.990864 -1.5957</i>
                        <i>1 0 0 0 1 0 0 0 1 -0.101827 1.01387 -1.62354</i>
                        <i>1 0 0 0 1 0 0 0 1 -0.0976377 1.04114 -1.64671</i>
                        <i>1 0 0 0 1 0 0 0 1 -0.0947942 1.06947 -1.6687</i>
                        <i>1 0 0 0 1 0 0 0 1 -0.0892591 1.09567 -1.69303</i>
                    </KeyFrames>
                </p>
            </i>
            <i>
                <p>
                    <Name>
                        <![CDATA[spine0]]>
</Name>
                    <Exclude>0</Exclude>
                    <Additive>0</Additive>
                    <IKPriority>0</IKPriority>
                    <IKRotLimits>-1e+010 -1e+010 -1e+010 1e+010 1e+010 1e+010</IKRotLimits>
                    <IKRotLimitOrder>0</IKRotLimitOrder>
                    <KeyFrames count="40">
                        <i>0.0267488 0.998487 -0.0480402 -0.932151 0.0422728 0.359594 0.361081 0.035162 0.931871 -0.10206 1.23286 0.0319115</i>
                        <i>0.0235352 0.999113 -0.0349312 -0.932524 0.0345339 0.359453 0.36034 0.0241144 0.932509 -0.10206 1.24919 0.0319115</i>
                        <i>0.0274323 0.999602 -0.00652828 -0.932797 0.0279456 0.359316 0.359355 -0.00376731 0.933193 -0.10206 1.2613 0.0319115</i>
                        <i>0.0325094 0.99922 0.0224163 -0.933 0.022297 0.359186 0.358406 -0.0325913 0.932997 -0.10206 1.23973 0.0319115</i>
                        <i>0.0348416 0.998772 0.0352307 -0.933077 0.0198821 0.359127 0.357985 -0.0453855 0.932624 -0.10206 1.20808 0.0319115</i>
                        <i>0.0348341 0.998781 0.0349686 -0.933074 0.0199689 0.359129 0.357993 -0.0451383 0.932633 -0.10206 1.19069 0.0319115</i>
                        <i>0.0348341 0.998781 0.0349686 -0.933074 0.0199689 0.359129 0.357993 -0.0451383 0.932633 -0.10206 1.19817 0.0319115</i>
                        <i>0.0348341 0.998781 0.0349686 -0.933074 0.0199689 0.359129 0.357993 -0.0451383 0.932633 -0.10206 1.21741 0.0319115</i>
                        <i>0.0348341 0.998781 0.0349686 -0.933074 0.0199689 0.359129 0.357993 -0.0451383 0.932633 -0.10206 1.23719 0.0319115</i>
                        <i>0.0348341 0.998781 0.0349686 -0.933074 0.0199689 0.359129 0.357993 -0.0451383 0.932633 -0.10206 1.24628 0.0319115</i>
                        <i>0.0348341 0.998781 0.0349686 -0.933074 0.0199689 0.359129 0.357993 -0.0451383 0.932633 -0.10206 1.24628 0.0319115</i>
                        <i>0.0348341 0.998781 0.0349686 -0.933074 0.0199689 0.359129 0.357993 -0.0451383 0.932633 -0.10206 1.24628 0.0319115</i>
                        <i>0.0348341 0.998781 0.0349686 -0.933074 0.0199689 0.359129 0.357993 -0.0451383 0.932633 -0.10206 1.24628 0.0319115</i>
                        <i>-0.0426835 0.985276 -0.16556 -0.933413 0.0197629 0.358258 0.356255 0.169828 0.918826 -0.102913 1.20662 0.0154633</i>
                        <i>-0.141783 0.872725 -0.467171 -0.93358 0.0390253 0.356239 0.32913 0.48665 0.809225 -0.104119 1.16578 -0.0254643</i>
                        <i>-0.0708814 0.836546 -0.543293 -0.924262 0.149749 0.351164 0.375122 0.527035 0.762573 -0.0938748 1.16355 -0.0729148</i>
                        <i>0.0128299 0.84161 -0.539934 -0.90311 0.24154 0.355035 0.429217 0.483065 0.763165 -0.0655516 1.16091 -0.118007</i>
                        <i>0.0558602 0.854085 -0.517125 -0.881118 0.285764 0.376789 0.469585 0.4346 0.768513 -0.0249075 1.15803 -0.162147</i>
                        <i>0.102633 0.869903 -0.482426 -0.853394 0.326178 0.406604 0.511063 0.369968 0.775847 0.022408 1.15519 -0.206804</i>
                        <i>0.150201 0.886886 -0.43689 -0.822496 0.357296 0.442538 0.54858 0.292871 0.783126 0.070895 1.15271 -0.253553</i>
                        <i>0.195074 0.903657 -0.381248 -0.792049 0.374403 0.482163 0.57845 0.20791 0.788777 0.115196 1.15092 -0.304087</i>
                        <i>0.233314 0.919588 -0.316105 -0.766607 0.373936 0.522001 0.598229 0.120539 0.792207 0.150044 1.15007 -0.360194</i>
                        <i>0.260492 0.934559 -0.242369 -0.751235 0.353884 0.557146 0.606457 0.0369438 0.794258 0.170175 1.15036 -0.423694</i>
                        <i>0.271475 0.948713 -0.162002 -0.75067 0.31406 0.581257 0.602325 -0.0361865 0.79743 0.170221 1.15191 -0.496348</i>
                        <i>0.257451 0.96251 -0.0854037 -0.767261 0.25735 0.587436 0.587392 -0.0857094 0.804751 0.140836 1.15317 -0.639606</i>
                        <i>0.21658 0.976168 -0.013732 -0.796097 0.184735 0.576284 0.565086 -0.11388 0.817134 0.0824174 1.15228 -0.846338</i>
                        <i>0.154475 0.985982 0.0630597 -0.829814 0.0948375 0.549922 0.536233 -0.137277 0.832832 0.00443685 1.14875 -1.01543</i>
                        <i>0.0811486 0.987024 0.13856 -0.861352 -0.000498492 0.508008 0.501485 -0.160573 0.850134 -0.0834434 1.14264 -1.12119</i>
                        <i>0.00529233 0.979358 0.202064 -0.886644 -0.0888459 0.453837 0.462422 -0.181561 0.867872 -0.17192 1.13482 -1.20963</i>
                        <i>-0.0641091 0.966145 0.249909 -0.903854 -0.162365 0.395836 0.423012 -0.200504 0.883662 -0.252518 1.1267 -1.28688</i>
                        <i>-0.11856 0.953067 0.27858 -0.913622 -0.21459 0.345321 0.388894 -0.213576 0.896184 -0.317617 1.11968 -1.35875</i>
                        <i>-0.149928 0.946864 0.284554 -0.918751 -0.239754 0.313711 0.365265 -0.2144 0.905878 -0.359978 1.11478 -1.43107</i>
                        <i>-0.174524 0.968175 0.179381 -0.915446 -0.226635 0.332558 0.362628 -0.106174 0.925866 -0.330902 1.10731 -1.50332</i>
                        <i>-0.180134 0.983613 0.00753651 -0.919313 -0.171074 0.354396 0.349878 0.0569104 0.935065 -0.237919 1.09986 -1.56673</i>
                        <i>-0.153652 0.986223 -0.0612754 -0.927525 -0.122569 0.353094 0.340719 0.111088 0.933579 -0.165619 1.10493 -1.61118</i>
                        <i>-0.117866 0.991881 -0.0477371 -0.929529 -0.0932871 0.356755 0.349405 0.0864224 0.932978 -0.140563 1.12463 -1.63989</i>
                        <i>-0.0797797 0.995832 -0.0441917 -0.931584 -0.0587121 0.358755 0.354665 0.0697896 0.932385 -0.126187 1.14941 -1.66517</i>
                        <i>-0.0416068 0.998055 -0.0464241 -0.932864 -0.022165 0.359546 0.357817 0.0582669 0.931972 -0.118086 1.17728 -1.68845</i>
                        <i>-0.0054005 0.998763 -0.0494204 -0.933041 0.0127457 0.359544 0.359729 0.048053 0.931818 -0.111627 1.20591 -1.71107</i>
                        <i>0.0267488 0.998487 -0.0480402 -0.932151 0.0422728 0.359594 0.361081 0.035162 0.931871 -0.10206 1.23286 -1.73441</i>
                    </KeyFrames>
                </p>
            </i>
            <i>
                <p>
                    <Name>
                        <![CDATA[spine1]]>
</Name>
                    <Exclude>0</Exclude>
                    <Additive>0</Additive>
                    <IKPriority>0</IKPriority>
                    <IKRotLimits>-1e+010 -1e+010 -1e+010 1e+010 1e+010 1e+010</IKRotLimits>
                    <IKRotLimitOrder>0</IKRotLimitOrder>
                    <KeyFrames count="40">
                        <i>0.0143175 0.999427 0.0306609 -0.911496 0.000439503 0.411309 0.41106 -0.0338362 0.91098 -0.0974705 1.4042 0.0236672</i>
                        <i>0.0099157 0.999722 0.0213719 -0.914205 0.000404072 0.405252 0.405131 -0.0235567 0.913955 -0.0980315 1.42019 0.0259348</i>
                        <i>0.00563529 0.99998 0.00270301 -0.917726 0.00409811 0.397193 0.397174 -0.00471892 0.917731 -0.0973757 1.43195 0.0308017</i>
                        <i>0.00209681 0.999879 -0.0154379 -0.919455 0.00799773 0.393113 0.393189 0.0133702 0.919361 -0.0965034 1.41049 0.0357459</i>
                        <i>0.000650591 0.999727 -0.0233329 -0.919737 0.00975722 0.392415 0.392535 0.0212049 0.919492 -0.0960953 1.37906 0.0379445</i>
                        <i>0.000696726 0.999731 -0.0231702 -0.919734 0.00973591 0.392422 0.392543 0.021037 0.919493 -0.0960968 1.36166 0.0378994</i>
                        <i>0.000696726 0.999731 -0.0231702 -0.919734 0.00973591 0.392422 0.392543 0.021037 0.919493 -0.0960968 1.36914 0.0378994</i>
                        <i>0.000696726 0.999731 -0.0231702 -0.919734 0.00973591 0.392422 0.392543 0.021037 0.919493 -0.0960968 1.38838 0.0378994</i>
                        <i>0.000696726 0.999731 -0.0231702 -0.919734 0.00973591 0.392422 0.392543 0.021037 0.919493 -0.0960968 1.40816 0.0378994</i>
                        <i>0.000696726 0.999731 -0.0231702 -0.919734 0.00973591 0.392422 0.392543 0.021037 0.919493 -0.0960968 1.41725 0.0378994</i>
                        <i>0.000696726 0.999731 -0.0231702 -0.919734 0.00973591 0.392422 0.392543 0.021037 0.919493 -0.0960968 1.41725 0.0378994</i>
                        <i>0.000696726 0.999731 -0.0231702 -0.919734 0.00973591 0.392422 0.392543 0.021037 0.919493 -0.0960968 1.41725 0.0378994</i>
                        <i>0.000696726 0.999731 -0.0231702 -0.919734 0.00973591 0.392422 0.392543 0.021037 0.919493 -0.0960968 1.41725 0.0378994</i>
                        <i>-0.134898 0.930913 -0.339416 -0.900878 0.0274037 0.433207 0.412579 0.364211 0.834942 -0.109502 1.35956 -0.0101406</i>
                        <i>-0.263634 0.642743 -0.719291 -0.881372 0.142537 0.450407 0.392021 0.752705 0.528918 -0.125981 1.30061 -0.097529</i>
                        <i>-0.130447 0.637768 -0.759102 -0.860311 0.307747 0.406395 0.492797 0.706077 0.508534 -0.106203 1.30898 -0.16738</i>
                        <i>-0.00197744 0.70081 -0.713345 -0.833262 0.393237 0.388637 0.552875 0.595172 0.583181 -0.0631616 1.32082 -0.220718</i>
                        <i>0.0522178 0.747909 -0.661744 -0.820672 0.409706 0.398295 0.569009 0.522277 0.635182 -0.0143369 1.32042 -0.260588</i>
                        <i>0.111362 0.799663 -0.590032 -0.806736 0.419453 0.416217 0.580323 0.429649 0.691828 0.0416735 1.31888 -0.297685</i>
                        <i>0.173146 0.850153 -0.497254 -0.792768 0.419885 0.441832 0.584414 0.317706 0.746675 0.0986147 1.31662 -0.334375</i>
                        <i>0.232675 0.893367 -0.384392 -0.780563 0.40731 0.474151 0.580158 0.189719 0.7921 0.15044 1.31432 -0.373076</i>
                        <i>0.283119 0.924406 -0.25557 -0.772113 0.377758 0.51102 0.568933 0.0526497 0.820697 0.19132 1.31283 -0.416169</i>
                        <i>0.317109 0.940924 -0.118759 -0.769284 0.328432 0.548028 0.554657 -0.082425 0.827987 0.215523 1.31309 -0.465908</i>
                        <i>0.328515 0.944385 0.0146878 -0.773609 0.260122 0.577811 0.541855 -0.201182 0.816038 0.217176 1.31602 -0.524379</i>
                        <i>0.321254 0.932168 0.166911 -0.792098 0.167902 0.586848 0.519016 -0.320737 0.792307 0.186226 1.32293 -0.654692</i>
                        <i>0.298648 0.895924 0.328831 -0.811955 0.0574557 0.580885 0.501536 -0.440476 0.744609 0.12252 1.33325 -0.848953</i>
                        <i>0.265173 0.84976 0.455622 -0.823705 -0.0459785 0.565151 0.501191 -0.525161 0.687759 0.0344652 1.34093 -1.00326</i>
                        <i>0.228867 0.810295 0.539483 -0.837934 -0.118086 0.532843 0.495465 -0.574002 0.651948 -0.067178 1.34163 -1.09341</i>
                        <i>0.190823 0.779385 0.596779 -0.853293 -0.168835 0.493341 0.48526 -0.603369 0.632826 -0.170924 1.33761 -1.16798</i>
                        <i>0.154406 0.757669 0.634111 -0.866802 -0.204121 0.45496 0.474144 -0.619897 0.625232 -0.266129 1.33035 -1.23442</i>
                        <i>0.124456 0.745264 0.655052 -0.875895 -0.227653 0.425419 0.466174 -0.626702 0.62444 -0.342853 1.32182 -1.2999</i>
                        <i>0.106903 0.742779 0.660947 -0.880071 -0.238633 0.410524 0.462652 -0.625566 0.628188 -0.391582 1.31388 -1.37147</i>
                        <i>0.05413 0.824163 0.56376 -0.878775 -0.228777 0.418827 0.474157 -0.518089 0.71187 -0.364846 1.29535 -1.46861</i>
                        <i>-0.0657316 0.947432 0.313132 -0.881864 -0.201993 0.426045 0.4669 -0.248136 0.848783 -0.268446 1.26657 -1.56544</i>
                        <i>-0.147705 0.983191 0.10733 -0.888986 -0.17954 0.421272 0.433461 -0.0331908 0.900561 -0.189677 1.25955 -1.62071</i>
                        <i>-0.136101 0.988617 0.0641267 -0.895379 -0.150451 0.419119 0.423996 -0.000375183 0.905664 -0.158903 1.27926 -1.64724</i>
                        <i>-0.102352 0.993707 0.0454933 -0.901768 -0.111994 0.417459 0.419927 0.00170326 0.907556 -0.138792 1.30711 -1.67209</i>
                        <i>-0.0583536 0.997477 0.0404323 -0.906732 -0.0699022 0.415874 0.417651 -0.0123935 0.908523 -0.124835 1.33965 -1.69595</i>
                        <i>-0.0160008 0.99914 0.0382469 -0.909818 -0.0304139 0.41389 0.414698 -0.0281751 0.909523 -0.112523 1.37324 -1.71933</i>
                        <i>0.0143175 0.999427 0.0306609 -0.911496 0.000439503 0.411309 0.41106 -0.0338362 0.91098 -0.0974705 1.4042 -1.74266</i>
                    </KeyFrames>
                </p>
            </i>
            <i>
                <p>
                    <Name>
                        <![CDATA[spine2]]>
</Name>
                    <Exclude>0</Exclude>
                    <Additive>0</Additive>
                    <IKPriority>0</IKPriority>
                    <IKRotLimits>-1e+010 -1e+010 -1e+010 1e+010 1e+010 1e+010</IKRotLimits>
                    <IKRotLimitOrder>0</IKRotLimitOrder>
                    <KeyFrames count="40">
                        <i>0.0311351 0.961355 0.273547 -0.886583 -0.099807 0.451674 0.46152 -0.256585 0.849213 -0.0951548 1.56217 0.0284926</i>
                        <i>0.0304428 0.975929 0.215952 -0.891277 -0.0712908 0.44782 0.452436 -0.206106 0.867653 -0.0964239 1.57782 0.0292791</i>
                        <i>0.0100754 0.99509 0.0984612 -0.897604 -0.0343948 0.43946 0.440688 -0.0928068 0.89285 -0.0964554 1.58925 0.0311976</i>
                        <i>-0.0123908 0.999745 -0.0188681 -0.902246 -0.00304417 0.431211 0.431044 0.0223667 0.902054 -0.0961414 1.568 0.0332896</i>
                        <i>-0.0227634 0.997152 -0.071898 -0.903955 0.0101887 0.427505 0.42702 0.074724 0.901149 -0.0959595 1.53683 0.0342429</i>
                        <i>-0.0226235 0.997234 -0.0707978 -0.903909 0.00985153 0.427611 0.427126 0.0736688 0.901186 -0.0959538 1.51943 0.0342235</i>
                        <i>-0.0226235 0.997234 -0.0707978 -0.903909 0.00985153 0.427611 0.427126 0.0736688 0.901186 -0.0959538 1.52691 0.0342235</i>
                        <i>-0.0226235 0.997234 -0.0707978 -0.903909 0.00985153 0.427611 0.427126 0.0736688 0.901186 -0.0959538 1.54615 0.0342235</i>
                        <i>-0.0226235 0.997234 -0.0707978 -0.903909 0.00985153 0.427611 0.427126 0.0736688 0.901186 -0.0959538 1.56593 0.0342235</i>
                        <i>-0.0226235 0.997234 -0.0707978 -0.903909 0.00985153 0.427611 0.427126 0.0736688 0.901186 -0.0959538 1.57502 0.0342235</i>
                        <i>-0.0226235 0.997234 -0.0707978 -0.903909 0.00985153 0.427611 0.427126 0.0736688 0.901186 -0.0959538 1.57502 0.0342235</i>
                        <i>-0.0226235 0.997234 -0.0707978 -0.903909 0.00985153 0.427611 0.427126 0.0736688 0.901186 -0.0959538 1.57502 0.0342235</i>
                        <i>-0.0226235 0.997234 -0.0707978 -0.903909 0.00985153 0.427611 0.427126 0.0736688 0.901186 -0.0959538 1.57502 0.0342235</i>
                        <i>-0.0784908 0.972612 -0.21878 -0.862237 0.0439211 0.504597 0.500387 0.228247 0.835175 -0.128835 1.49282 -0.0589717</i>
                        <i>-0.122705 0.905937 -0.405242 -0.819135 0.138088 0.556732 0.560323 0.400261 0.725141 -0.163534 1.39218 -0.200325</i>
                        <i>-0.0443825 0.894551 -0.444757 -0.818041 0.223005 0.530168 0.573445 0.387359 0.721882 -0.126963 1.41137 -0.289243</i>
                        <i>0.0413614 0.901769 -0.430235 -0.80803 0.283467 0.516463 0.587688 0.326281 0.740381 -0.0632334 1.44383 -0.345687</i>
                        <i>0.0737164 0.91019 -0.407578 -0.801328 0.297347 0.519094 0.593666 0.288338 0.75128 -0.00493114 1.45172 -0.376532</i>
                        <i>0.104424 0.922086 -0.372629 -0.794732 0.302622 0.526138 0.597911 0.241199 0.764412 0.061197 1.45773 -0.399942</i>
                        <i>0.132708 0.936108 -0.325716 -0.788991 0.298673 0.536924 0.599901 0.185732 0.778217 0.128254 1.46151 -0.418969</i>
                        <i>0.157359 0.950596 -0.267592 -0.784843 0.284844 0.55035 0.599382 0.123415 0.790892 0.18929 1.4632 -0.437024</i>
                        <i>0.177102 0.96384 -0.199117 -0.78299 0.260559 0.564833 0.59629 0.0558734 0.800822 0.237508 1.46353 -0.45776</i>
                        <i>0.190908 0.974127 -0.120954 -0.784068 0.225463 0.578276 0.590585 -0.0155611 0.806825 0.266368 1.46393 -0.484899</i>
                        <i>0.198006 0.979631 -0.0334256 -0.788532 0.179451 0.588229 0.582246 -0.0901155 0.808003 0.26949 1.46638 -0.522002</i>
                        <i>0.198842 0.969261 0.144898 -0.810102 0.0793513 0.580894 0.55154 -0.232888 0.800979 0.238399 1.47416 -0.627525</i>
                        <i>0.183675 0.903671 0.386837 -0.831743 -0.0668636 0.55112 0.523896 -0.422976 0.73934 0.173567 1.48587 -0.792711</i>
                        <i>0.160261 0.816856 0.554132 -0.835961 -0.186192 0.516237 0.524867 -0.545966 0.653021 0.0822128 1.49294 -0.921366</i>
                        <i>0.138322 0.761053 0.633771 -0.8374 -0.251802 0.485136 0.528799 -0.597824 0.602476 -0.0244642 1.49145 -0.99314</i>
                        <i>0.119125 0.72382 0.679628 -0.837122 -0.294848 0.460751 0.533888 -0.623818 0.570802 -0.134253 1.48554 -1.05407</i>
                        <i>0.103565 0.7023 0.704308 -0.833774 -0.324791 0.446467 0.542306 -0.633471 0.551922 -0.235829 1.47668 -1.11122</i>
                        <i>0.0929771 0.69144 0.716426 -0.827639 -0.346333 0.441664 0.553506 -0.634007 0.540061 -0.318187 1.46664 -1.17184</i>
                        <i>0.0890058 0.685318 0.722785 -0.821042 -0.360341 0.442768 0.563886 -0.632846 0.530602 -0.370518 1.45698 -1.24339</i>
                        <i>0.052937 0.759603 0.648229 -0.823671 -0.333799 0.458415 0.564591 -0.558195 0.607993 -0.354889 1.44223 -1.36772</i>
                        <i>-0.0329499 0.889194 0.456343 -0.835858 -0.274844 0.475186 0.547955 -0.365781 0.752296 -0.278604 1.41424 -1.51665</i>
                        <i>-0.0869704 0.947169 0.308719 -0.846419 -0.233683 0.478506 0.525368 -0.21969 0.822025 -0.211012 1.40146 -1.60543</i>
                        <i>-0.075159 0.954692 0.287948 -0.855351 -0.210154 0.473507 0.512567 -0.210708 0.832392 -0.178472 1.42118 -1.63826</i>
                        <i>-0.05071 0.958865 0.279295 -0.864689 -0.182088 0.468142 0.499742 -0.217764 0.838354 -0.153741 1.45205 -1.66565</i>
                        <i>-0.0202114 0.960465 0.277668 -0.87332 -0.152164 0.462772 0.486727 -0.23314 0.841869 -0.133575 1.4891 -1.69003</i>
                        <i>0.0093414 0.960696 0.277447 -0.880635 -0.123535 0.457407 0.473703 -0.248602 0.844868 -0.11496 1.5274 -1.7135</i>
                        <i>0.0311351 0.961355 0.273547 -0.886583 -0.099807 0.451674 0.46152 -0.256585 0.849213 -0.0951548 1.56217 -1.73783</i>
                    </KeyFrames>
                </p>
            </i>
            <i>
                <p>
                    <Name>
                        <![CDATA[head]]>
</Name>
                    <Exclude>0</Exclude>
                    <Additive>0</Additive>
                    <IKPriority>0</IKPriority>
                    <IKRotLimits>-1e+010 -1e+010 -1e+010 1e+010 1e+010 1e+010</IKRotLimits>
                    <IKRotLimitOrder>0</IKRotLimitOrder>
                    <KeyFrames count="40">
                        <i>0.00771589 0.954176 0.299148 -0.0214208 0.299246 -0.953936 -0.999741 0.000952461 0.0227482 -0.0931405 1.80997 0.0991426</i>
                        <i>0.0742422 0.976947 0.200155 -0.0350734 0.203143 -0.978521 -0.996623 0.0656274 0.0493467 -0.0940781 1.82984 0.0822691</i>
                        <i>0.120719 0.991925 0.0388674 -0.0443387 0.0445025 -0.998025 -0.991696 0.118757 0.0493529 -0.100023 1.84595 0.0481235</i>
                        <i>0.151216 0.982386 -0.109778 -0.0458302 -0.103968 -0.993524 -0.987438 0.155267 0.0293014 -0.106386 1.82419 0.0143314</i>
                        <i>0.162581 0.971237 -0.17397 -0.0444647 -0.168925 -0.984626 -0.985693 0.167817 0.0157219 -0.109298 1.79112 -0.000845579</i>
                        <i>0.162028 0.971582 -0.172555 -0.0444563 -0.167501 -0.984869 -0.985784 0.167247 0.0160531 -0.109254 1.77377 -0.000530859</i>
                        <i>0.162028 0.971582 -0.172555 -0.0444563 -0.167501 -0.984869 -0.985784 0.167247 0.0160531 -0.109254 1.78125 -0.000530859</i>
                        <i>0.162028 0.971582 -0.172555 -0.0444563 -0.167501 -0.984869 -0.985784 0.167247 0.0160531 -0.109254 1.80049 -0.000530859</i>
                        <i>0.162028 0.971582 -0.172555 -0.0444563 -0.167501 -0.984869 -0.985784 0.167247 0.0160531 -0.109254 1.82027 -0.000530859</i>
                        <i>0.162028 0.971582 -0.172555 -0.0444563 -0.167501 -0.984869 -0.985784 0.167247 0.0160531 -0.109254 1.82936 -0.000530859</i>
                        <i>0.162028 0.971582 -0.172555 -0.0444563 -0.167501 -0.984869 -0.985784 0.167247 0.0160531 -0.109254 1.82936 -0.000530859</i>
                        <i>0.162028 0.971582 -0.172555 -0.0444563 -0.167501 -0.984869 -0.985784 0.167247 0.0160531 -0.109254 1.82936 -0.000530859</i>
                        <i>0.162028 0.971582 -0.172555 -0.0444563 -0.167501 -0.984869 -0.985784 0.167247 0.0160531 -0.109254 1.82936 -0.000530859</i>
                        <i>0.196212 0.972386 -0.126358 -0.00956394 -0.126959 -0.991862 -0.980515 0.195824 -0.015611 -0.148463 1.7314 -0.110879</i>
                        <i>0.208218 0.975371 -0.0727779 0.0217198 -0.0790014 -0.996638 -0.977841 0.205937 -0.0376344 -0.186777 1.61687 -0.274926</i>
                        <i>0.110148 0.992151 -0.0591858 -0.0299743 -0.0562052 -0.997969 -0.993463 0.111698 0.0235482 -0.137653 1.64768 -0.373301</i>
                        <i>0.00639402 0.999552 -0.0292421 -0.0731622 -0.0286967 -0.996907 -0.997299 0.00851368 0.072946 -0.0583114 1.69392 -0.432682</i>
                        <i>-0.0234313 0.999024 0.037443 -0.0907433 0.0351734 -0.995253 -0.995599 -0.0267178 0.0898306 0.00568509 1.70417 -0.46378</i>
                        <i>-0.0521699 0.991071 0.122707 -0.101687 0.116964 -0.987917 -0.993448 -0.0640173 0.0946775 0.0765363 1.71122 -0.485217</i>
                        <i>-0.0785525 0.9722 0.220583 -0.110023 0.211461 -0.971174 -0.99082 -0.100557 0.0903536 0.147257 1.71488 -0.499772</i>
                        <i>-0.10081 0.940799 0.323628 -0.117194 0.311792 -0.942895 -0.987979 -0.13298 0.0788239 0.210974 1.71566 -0.510702</i>
                        <i>-0.116701 0.898197 0.423819 -0.12229 0.410492 -0.903627 -0.98561 -0.157283 0.061936 0.261133 1.7149 -0.521531</i>
                        <i>-0.123659 0.848781 0.514081 -0.122909 0.500968 -0.856694 -0.984684 -0.169123 0.0423734 0.291527 1.71468 -0.535704</i>
                        <i>-0.1184 0.79883 0.58979 -0.116786 0.578643 -0.807176 -0.986074 -0.164448 0.0247806 0.296051 1.71766 -0.556204</i>
                        <i>-0.0550445 0.72268 0.688988 -0.0848611 0.684151 -0.724387 -0.994871 -0.0983417 0.0236687 0.266165 1.7291 -0.617371</i>
                        <i>0.0623319 0.612123 0.788302 -0.058591 0.79072 -0.609368 -0.996334 -0.00820443 0.0851519 0.198332 1.73496 -0.713185</i>
                        <i>0.127777 0.583026 0.802342 -0.0662269 0.812184 -0.579631 -0.989589 0.0209268 0.14239 0.100962 1.72616 -0.789412</i>
                        <i>0.101724 0.70318 0.703698 -0.049746 0.710078 -0.702364 -0.993568 0.0364414 0.107213 -0.0114672 1.7132 -0.835834</i>
                        <i>0.0809302 0.864413 0.496225 0.00331742 0.497622 -0.867388 -0.996714 0.0718441 0.037405 -0.125723 1.69958 -0.881598</i>
                        <i>0.100954 0.970744 0.217863 0.0627789 0.21233 -0.975179 -0.992908 0.112125 -0.0395068 -0.23036 1.68641 -0.930503</i>
                        <i>0.145938 0.98849 -0.0398818 0.0918841 -0.0536827 -0.994322 -0.985017 0.141445 -0.0986608 -0.314384 1.67401 -0.987314</i>
                        <i>0.169781 0.96808 -0.184377 0.0849784 -0.200778 -0.975944 -0.981811 0.150029 -0.116354 -0.366985 1.66178 -1.0573</i>
                        <i>0.141931 0.975113 -0.170322 0.115743 -0.187231 -0.975473 -0.983087 0.118736 -0.139437 -0.359568 1.65867 -1.20859</i>
                        <i>0.0702887 0.99569 -0.0605031 0.172735 -0.0718859 -0.982341 -0.982457 0.0585965 -0.177044 -0.298683 1.6465 -1.41408</i>
                        <i>0.0141072 0.997767 0.0652804 0.172099 0.0618896 -0.983134 -0.984979 0.0251039 -0.170842 -0.237276 1.63678 -1.53698</i>
                        <i>0.00446483 0.988105 0.153712 0.134698 0.151718 -0.979203 -0.990877 0.0250767 -0.132418 -0.200457 1.65694 -1.57183</i>
                        <i>0.00365816 0.978371 0.206827 0.0932882 0.205593 -0.974181 -0.995632 0.0228582 -0.0905182 -0.169933 1.69018 -1.5991</i>
                        <i>0.00578368 0.97095 0.239213 0.0512282 0.238615 -0.969762 -0.99867 0.0178632 -0.0483599 -0.143204 1.73057 -1.6221</i>
                        <i>0.00739954 0.964139 0.265293 0.0117936 0.265198 -0.964122 -0.999903 0.0102628 -0.00940836 -0.118162 1.77233 -1.64388</i>
                        <i>0.00771589 0.954176 0.299148 -0.0214208 0.299246 -0.953936 -0.999741 0.000952461 0.0227482 -0.0931405 1.80997 -1.66718</i>
                    </KeyFrames>
                </p>
            </i>
            <i>
                <p>
                    <Name>
                        <![CDATA[head_prop]]>
</Name>
                    <Exclude>0</Exclude>
                    <Additive>0</Additive>
                    <IKPriority>0</IKPriority>
                    <IKRotLimits>-1e+010 -1e+010 -1e+010 1e+010 1e+010 1e+010</IKRotLimits>
                    <IKRotLimitOrder>0</IKRotLimitOrder>
                    <KeyFrames count="40">
                        <i>0.999502 0.0045326 -0.0312252 0.0051465 0.952955 0.303066 0.0311299 -0.303076 0.952458 -0.0906258 2.12094 0.196638</i>
                        <i>0.996431 -0.061013 -0.0583284 0.0717356 0.976288 0.204245 0.0444837 -0.2077 0.977181 -0.0698819 2.14823 0.147501</i>
                        <i>0.991539 -0.115644 -0.0589594 0.118262 0.992049 0.0430382 0.0535135 -0.0496467 0.997332 -0.0606791 2.16923 0.0607907</i>
                        <i>0.987349 -0.153623 -0.0392658 0.148776 0.983208 -0.105677 0.0548408 0.098498 0.993625 -0.0571037 2.14436 -0.0214461</i>
                        <i>0.985648 -0.166834 -0.0257735 0.16014 0.972356 -0.16994 0.0534127 0.163374 0.985117 -0.0563118 2.10766 -0.0575439</i>
                        <i>0.985738 -0.16625 -0.0261032 0.159587 0.972693 -0.168524 0.0534074 0.161955 0.985352 -0.056448 2.09042 -0.0567682</i>
                        <i>0.985738 -0.16625 -0.0261032 0.159587 0.972693 -0.168524 0.0534074 0.161955 0.985352 -0.056448 2.0979 -0.0567682</i>
                        <i>0.985738 -0.16625 -0.0261032 0.159587 0.972693 -0.168524 0.0534074 0.161955 0.985352 -0.056448 2.11714 -0.0567682</i>
                        <i>0.985738 -0.16625 -0.0261032 0.159587 0.972693 -0.168524 0.0534074 0.161955 0.985352 -0.056448 2.13692 -0.0567682</i>
                        <i>0.985738 -0.16625 -0.0261032 0.159587 0.972693 -0.168524 0.0534074 0.161955 0.985352 -0.056448 2.146 -0.0567682</i>
                        <i>0.985738 -0.16625 -0.0261032 0.159587 0.972693 -0.168524 0.0534074 0.161955 0.985352 -0.056448 2.146 -0.0567682</i>
                        <i>0.985738 -0.16625 -0.0261032 0.159587 0.972693 -0.168524 0.0534074 0.161955 0.985352 -0.056448 2.146 -0.0567682</i>
                        <i>0.985738 -0.16625 -0.0261032 0.159587 0.972693 -0.168524 0.0534074 0.161955 0.985352 -0.056448 2.146 -0.0567682</i>
                        <i>0.980901 -0.194428 0.00561572 0.193643 0.973409 -0.122383 0.0183282 0.121133 0.992467 -0.0845158 2.04831 -0.15206</i>
                        <i>0.978564 -0.204066 0.027736 0.20553 0.976227 -0.0688426 -0.0130282 0.0730675 0.997242 -0.118917 1.93475 -0.298645</i>
                        <i>0.993418 -0.109565 -0.0334198 0.107629 0.992664 -0.0550828 0.0392098 0.0511233 0.997922 -0.101755 1.97103 -0.39259</i>
                        <i>0.996554 -0.00609776 -0.082724 0.00404058 0.999679 -0.0250124 0.0828499 0.0245919 0.996258 -0.0562275 2.01969 -0.442212</i>
                        <i>0.994601 0.0297521 -0.0994119 -0.0257087 0.998799 0.0417101 0.100533 -0.0389292 0.994172 -0.00195137 2.02976 -0.451577</i>
                        <i>0.992266 0.0678243 -0.103957 -0.0543969 0.990416 0.126957 0.111572 -0.12032 0.986446 0.0595336 2.03421 -0.445226</i>
                        <i>0.989487 0.105231 -0.0992067 -0.0807385 0.971065 0.224752 0.119987 -0.214379 0.969353 0.121656 2.03173 -0.427882</i>
                        <i>0.986516 0.138544 -0.0871246 -0.102959 0.939172 0.327651 0.127219 -0.314263 0.940773 0.17812 2.02228 -0.405229</i>
                        <i>0.984054 0.163692 -0.0695852 -0.118823 0.896107 0.427637 0.132356 -0.412549 0.901268 0.223099 2.00763 -0.383404</i>
                        <i>0.983104 0.176279 -0.0493235 -0.125776 0.846294 0.517656 0.132994 -0.502706 0.854166 0.251225 1.9913 -0.368161</i>
                        <i>0.984568 0.172225 -0.0310455 -0.120545 0.796041 0.593117 0.126863 -0.580221 0.804518 0.257463 1.97801 -0.363986</i>
                        <i>0.993846 0.106944 -0.0288604 -0.0573434 0.719641 0.691975 0.0947715 -0.686062 0.721345 0.248226 1.96463 -0.392824</i>
                        <i>0.995881 0.0175504 -0.0889533 0.0599213 0.608893 0.790986 0.0680451 -0.793058 0.605334 0.218646 1.93446 -0.45627</i>
                        <i>0.989239 -0.0114489 -0.145861 0.125414 0.579787 0.805058 0.0753516 -0.814687 0.574984 0.142606 1.91618 -0.527922</i>
                        <i>0.993307 -0.0276325 -0.112146 0.0992849 0.700394 0.706817 0.0590152 -0.713221 0.69845 0.0216856 1.94237 -0.606492</i>
                        <i>0.996914 -0.0646666 -0.0445075 0.0782679 0.86258 0.49983 0.00606903 -0.501771 0.864979 -0.0993472 1.9813 -0.719874</i>
                        <i>0.993741 -0.107436 0.0306007 0.0980606 0.970171 0.221703 -0.0535067 -0.217315 0.974634 -0.197459 2.00279 -0.8595</i>
                        <i>0.986255 -0.139295 0.0888705 0.142948 0.989071 -0.0361184 -0.0828682 0.0483258 0.995388 -0.266821 1.99617 -1.00031</i>
                        <i>0.983046 -0.149365 0.106352 0.166827 0.96928 -0.180733 -0.07609 0.195411 0.977765 -0.311652 1.97728 -1.11739</i>
                        <i>0.984546 -0.117924 0.129476 0.138849 0.976175 -0.166741 -0.106729 0.182142 0.977463 -0.313312 1.97647 -1.2641</i>
                        <i>0.984278 -0.0566088 0.16731 0.0669786 0.996125 -0.0569962 -0.163436 0.0673063 0.984255 -0.275776 1.971 -1.4338</i>
                        <i>0.986641 -0.0218103 0.16144 0.0107936 0.997572 0.0688055 -0.162549 -0.0661438 0.984481 -0.232679 1.96196 -1.5157</i>
                        <i>0.992149 -0.0209348 0.123295 0.00128704 0.987546 0.157322 -0.125053 -0.155929 0.97982 -0.199002 1.97897 -1.52174</i>
                        <i>0.996499 -0.0182183 0.0815895 0.000635381 0.977588 0.210528 -0.0835965 -0.209739 0.974177 -0.168741 2.00904 -1.53169</i>
                        <i>0.999133 -0.0129222 0.0395636 0.00292307 0.97002 0.243007 -0.0415177 -0.242681 0.969217 -0.141319 2.04701 -1.54413</i>
                        <i>0.999987 -0.00508182 0.000739327 0.00469527 0.963082 0.269168 -0.00207989 -0.269161 0.963093 -0.115751 2.08655 -1.55742</i>
                        <i>0.999502 0.0045326 -0.0312252 0.0051465 0.952955 0.303066 0.0311299 -0.303076 0.952458 -0.0906258 2.12094 -1.56969</i>
                    </KeyFrames>
                </p>
            </i>
            <i>
                <p>
                    <Name>
                        <![CDATA[l_clav]]>
</Name>
                    <Exclude>0</Exclude>
                    <Additive>0</Additive>
                    <IKPriority>0</IKPriority>
                    <IKRotLimits>-1e+010 -1e+010 -1e+010 1e+010 1e+010 1e+010</IKRotLimits>
                    <IKRotLimitOrder>0</IKRotLimitOrder>
                    <KeyFrames count="40">
                        <i>0.665723 0.673864 -0.320499 -0.575972 0.737114 0.353438 0.474414 -0.0506936 0.878841 -0.000978528 1.62413 0.0299779</i>
                        <i>0.653152 0.685491 -0.321705 -0.615487 0.72808 0.301787 0.441099 0.000892449 0.897458 -0.00238946 1.63846 0.0295143</i>
                        <i>0.617056 0.692072 -0.374539 -0.6801 0.708446 0.188595 0.395862 0.13835 0.907829 -0.00307138 1.6509 0.0288651</i>
                        <i>0.576769 0.685834 -0.443812 -0.735219 0.672613 0.0839289 0.356075 0.277892 0.892181 -0.00352414 1.63171 0.0278557</i>
                        <i>0.557624 0.67824 -0.478587 -0.757795 0.651265 0.0400123 0.338825 0.340359 0.877128 -0.00372875 1.60169 0.0271729</i>
                        <i>0.558021 0.678347 -0.477972 -0.757313 0.651772 0.0408618 0.339247 0.339173 0.877424 -0.00371681 1.58428 0.0271848</i>
                        <i>0.558021 0.678347 -0.477972 -0.757313 0.651772 0.0408618 0.339247 0.339173 0.877424 -0.00371681 1.59176 0.0271848</i>
                        <i>0.558021 0.678347 -0.477972 -0.757313 0.651772 0.0408618 0.339247 0.339173 0.877424 -0.00371681 1.611 0.0271848</i>
