<?xml version="1.0" encoding="ISO-8859-1" ?>
<Animl Version="1">
    <ModellingPackage>
        <![CDATA[Maya.2010]]>
</ModellingPackage>
    <SrcFile>
        <![CDATA[anims\characters\shared\elite\~src\fire_gun01.mb]]>
</SrcFile>
    <FramesPerSecond>30</FramesPerSecond>
    <TotalFrames>31</TotalFrames>
    <Skeleton>
        <RefFrame>
            <Name>
                <![CDATA[soldier_ref_frame]]>
</Name>
            <Exclude>0</Exclude>
            <Additive>0</Additive>
            <IKPriority>0</IKPriority>
            <IKRotLimits>-1e+010 -1e+010 -1e+010 1e+010 1e+010 1e+010</IKRotLimits>
            <IKRotLimitOrder>0</IKRotLimitOrder>
            <KeyFrames count="31">
                <i>1 0 0 0 1 0 0 0 1 0 0 0</i>
                <i>1 0 0 0 1 0 0 0 1 0 0 0</i>
                <i>1 0 0 0 1 0 0 0 1 0 0 0</i>
                <i>1 0 0 0 1 0 0 0 1 0 0 0</i>
                <i>1 0 0 0 1 0 0 0 1 0 0 0</i>
                <i>1 0 0 0 1 0 0 0 1 0 0 0</i>
                <i>1 0 0 0 1 0 0 0 1 0 0 0</i>
                <i>1 0 0 0 1 0 0 0 1 0 0 0</i>
                <i>1 0 0 0 1 0 0 0 1 0 0 0</i>
                <i>1 0 0 0 1 0 0 0 1 0 0 0</i>
                <i>1 0 0 0 1 0 0 0 1 0 0 0</i>
                <i>1 0 0 0 1 0 0 0 1 0 0 0</i>
                <i>1 0 0 0 1 0 0 0 1 0 0 0</i>
                <i>1 0 0 0 1 0 0 0 1 0 0 0</i>
                <i>1 0 0 0 1 0 0 0 1 0 0 0</i>
                <i>1 0 0 0 1 0 0 0 1 0 0 0</i>
                <i>1 0 0 0 1 0 0 0 1 0 0 0</i>
                <i>1 0 0 0 1 0 0 0 1 0 0 0</i>
                <i>1 0 0 0 1 0 0 0 1 0 0 0</i>
                <i>1 0 0 0 1 0 0 0 1 0 0 0</i>
                <i>1 0 0 0 1 0 0 0 1 0 0 0</i>
                <i>1 0 0 0 1 0 0 0 1 0 0 0</i>
                <i>1 0 0 0 1 0 0 0 1 0 0 0</i>
                <i>1 0 0 0 1 0 0 0 1 0 0 0</i>
                <i>1 0 0 0 1 0 0 0 1 0 0 0</i>
                <i>1 0 0 0 1 0 0 0 1 0 0 0</i>
                <i>1 0 0 0 1 0 0 0 1 0 0 0</i>
                <i>1 0 0 0 1 0 0 0 1 0 0 0</i>
                <i>1 0 0 0 1 0 0 0 1 0 0 0</i>
                <i>1 0 0 0 1 0 0 0 1 0 0 0</i>
                <i>1 0 0 0 1 0 0 0 1 0 0 0</i>
            </KeyFrames>
        </RefFrame>
        <Bones count="23">
            <i>
                <p>
                    <Name>
                        <![CDATA[pelvis]]>
</Name>
                    <Exclude>0</Exclude>
                    <Additive>0</Additive>
                    <IKPriority>0</IKPriority>
                    <IKRotLimits>-1e+010 -1e+010 -1e+010 1e+010 1e+010 1e+010</IKRotLimits>
                    <IKRotLimitOrder>2</IKRotLimitOrder>
                    <KeyFrames count="31">
                        <i>1 0 0 0 1 0 0 0 1 -0.059303 0.950075 0.0732933</i>
                        <i>1 0 0 0 1 0 0 0 1 -0.0533064 0.944018 0.0732933</i>
                        <i>1 0 0 0 1 0 0 0 1 -0.0508755 0.937961 0.0732933</i>
                        <i>1 0 0 0 1 0 0 0 1 -0.0508702 0.944018 0.0732933</i>
                        <i>1 0 0 0 1 0 0 0 1 -0.0508648 0.950075 0.0732933</i>
                        <i>1 0 0 0 1 0 0 0 1 -0.0601764 0.944018 0.0732933</i>
                        <i>1 0 0 0 1 0 0 0 1 -0.0705428 0.937961 0.0732933</i>
                        <i>1 0 0 0 1 0 0 0 1 -0.0672332 0.944018 0.0732933</i>
                        <i>1 0 0 0 1 0 0 0 1 -0.059303 0.950075 0.0732933</i>
                        <i>1 0 0 0 1 0 0 0 1 -0.0533064 0.944018 0.0732933</i>
                        <i>1 0 0 0 1 0 0 0 1 -0.0508755 0.937961 0.0732933</i>
                        <i>1 0 0 0 1 0 0 0 1 -0.0508702 0.944018 0.0732933</i>
                        <i>1 0 0 0 1 0 0 0 1 -0.0508648 0.950075 0.0732933</i>
                        <i>1 0 0 0 1 0 0 0 1 -0.0601764 0.944018 0.0732933</i>
                        <i>1 0 0 0 1 0 0 0 1 -0.0705428 0.937961 0.0732933</i>
                        <i>1 0 0 0 1 0 0 0 1 -0.0672332 0.944018 0.0732933</i>
                        <i>1 0 0 0 1 0 0 0 1 -0.059303 0.950075 0.0732933</i>
                        <i>1 0 0 0 1 0 0 0 1 -0.0533064 0.944018 0.0732933</i>
                        <i>1 0 0 0 1 0 0 0 1 -0.0508755 0.937961 0.0732933</i>
                        <i>1 0 0 0 1 0 0 0 1 -0.0508702 0.944018 0.0732933</i>
                        <i>1 0 0 0 1 0 0 0 1 -0.0508648 0.950075 0.0732933</i>
                        <i>1 0 0 0 1 0 0 0 1 -0.0601764 0.944018 0.0732933</i>
                        <i>1 0 0 0 1 0 0 0 1 -0.0705428 0.937961 0.0732933</i>
                        <i>1 0 0 0 1 0 0 0 1 -0.0672332 0.944018 0.0732933</i>
                        <i>1 0 0 0 1 0 0 0 1 -0.059303 0.950075 0.0732933</i>
                        <i>1 0 0 0 1 0 0 0 1 -0.0533064 0.944018 0.0732933</i>
                        <i>1 0 0 0 1 0 0 0 1 -0.0508755 0.937961 0.0732933</i>
                        <i>1 0 0 0 1 0 0 0 1 -0.0508702 0.944018 0.0732933</i>
                        <i>1 0 0 0 1 0 0 0 1 -0.0508648 0.950075 0.0732933</i>
                        <i>1 0 0 0 1 0 0 0 1 -0.0601764 0.944018 0.0732933</i>
                        <i>1 0 0 0 1 0 0 0 1 -0.0705428 0.937961 0.0732933</i>
                    </KeyFrames>
                </p>
            </i>
            <i>
                <p>
                    <Name>
                        <![CDATA[spine0]]>
</Name>
                    <Exclude>0</Exclude>
                    <Additive>0</Additive>
                    <IKPriority>0</IKPriority>
                    <IKRotLimits>-1e+010 -1e+010 -1e+010 1e+010 1e+010 1e+010</IKRotLimits>
                    <IKRotLimitOrder>0</IKRotLimitOrder>
                    <KeyFrames count="31">
                        <i>0.0687944 0.995821 0.0600615 -0.831257 0.0239293 0.555373 0.551615 -0.0881331 0.829429 -0.0775558 1.09026 0.0466027</i>
                        <i>0.0558653 0.996616 0.0602919 -0.83231 0.0131306 0.554155 0.551488 -0.0811396 0.830227 -0.0765205 1.08387 0.0488172</i>
                        <i>0.0466262 0.997236 0.0578426 -0.832809 0.00683261 0.553518 0.551593 -0.0739803 0.830826 -0.0757843 1.07766 0.0496027</i>
                        <i>0.0533704 0.996456 0.0650147 -0.832478 0.00844181 0.553994 0.551481 -0.0836902 0.829978 -0.0717932 1.08422 0.0487803</i>
                        <i>0.0660909 0.995401 0.0693448 -0.831509 0.0165264 0.555265 0.551565 -0.0943588 0.828778 -0.066022 1.09062 0.0465684</i>
                        <i>0.0672302 0.996316 0.053244 -0.831075 0.0263918 0.555533 0.552082 -0.0815983 0.829788 -0.0727264 1.08406 0.0428349</i>
                        <i>0.0648982 0.997031 0.0414377 -0.831195 0.0310325 0.555114 0.55218 -0.0704687 0.830741 -0.0835672 1.07766 0.041501</i>
                        <i>0.0699623 0.996297 0.0499702 -0.830948 0.0304888 0.555513 0.551933 -0.0803877 0.830005 -0.0817461 1.08405 0.0436996</i>
                        <i>0.0687944 0.995821 0.0600615 -0.831257 0.0239293 0.555373 0.551615 -0.0881331 0.829429 -0.0775558 1.09026 0.0466027</i>
                        <i>0.0558653 0.996616 0.0602919 -0.83231 0.0131306 0.554155 0.551488 -0.0811396 0.830227 -0.0765205 1.08387 0.0488172</i>
                        <i>0.0466262 0.997236 0.0578426 -0.832809 0.00683261 0.553518 0.551593 -0.0739803 0.830826 -0.0757843 1.07766 0.0496027</i>
                        <i>0.0533704 0.996456 0.0650147 -0.832478 0.00844181 0.553994 0.551481 -0.0836902 0.829978 -0.0717932 1.08422 0.0487803</i>
                        <i>0.0660909 0.995401 0.0693448 -0.831509 0.0165264 0.555265 0.551565 -0.0943588 0.828778 -0.066022 1.09062 0.0465684</i>
                        <i>0.0672302 0.996316 0.053244 -0.831075 0.0263918 0.555533 0.552082 -0.0815983 0.829788 -0.0727264 1.08406 0.0428349</i>
                        <i>0.0648982 0.997031 0.0414377 -0.831195 0.0310325 0.555114 0.55218 -0.0704687 0.830741 -0.0835672 1.07766 0.041501</i>
                        <i>0.0699623 0.996297 0.0499702 -0.830948 0.0304888 0.555513 0.551933 -0.0803877 0.830005 -0.0817461 1.08405 0.0436996</i>
                        <i>0.0687944 0.995821 0.0600615 -0.831257 0.0239293 0.555373 0.551615 -0.0881331 0.829429 -0.0775558 1.09026 0.0466027</i>
                        <i>0.0558653 0.996616 0.0602919 -0.83231 0.0131306 0.554155 0.551488 -0.0811396 0.830227 -0.0765205 1.08387 0.0488172</i>
                        <i>0.0466262 0.997236 0.0578426 -0.832809 0.00683261 0.553518 0.551593 -0.0739803 0.830826 -0.0757843 1.07766 0.0496027</i>
                        <i>0.0533704 0.996456 0.0650147 -0.832478 0.00844181 0.553994 0.551481 -0.0836902 0.829978 -0.0717932 1.08422 0.0487803</i>
                        <i>0.0660909 0.995401 0.0693448 -0.831509 0.0165264 0.555265 0.551565 -0.0943588 0.828778 -0.066022 1.09062 0.0465684</i>
                        <i>0.0672302 0.996316 0.053244 -0.831075 0.0263918 0.555533 0.552082 -0.0815983 0.829788 -0.0727264 1.08406 0.0428349</i>
                        <i>0.0648982 0.997031 0.0414377 -0.831195 0.0310325 0.555114 0.55218 -0.0704687 0.830741 -0.0835672 1.07766 0.041501</i>
                        <i>0.0699623 0.996297 0.0499702 -0.830948 0.0304888 0.555513 0.551933 -0.0803877 0.830005 -0.0817461 1.08405 0.0436996</i>
                        <i>0.0687944 0.995821 0.0600615 -0.831257 0.0239293 0.555373 0.551615 -0.0881331 0.829429 -0.0775558 1.09026 0.0466027</i>
                        <i>0.0558653 0.996616 0.0602919 -0.83231 0.0131306 0.554155 0.551488 -0.0811396 0.830227 -0.0765205 1.08387 0.0488172</i>
                        <i>0.0466262 0.997236 0.0578426 -0.832809 0.00683261 0.553518 0.551593 -0.0739803 0.830826 -0.0757843 1.07766 0.0496027</i>
                        <i>0.0533704 0.996456 0.0650147 -0.832478 0.00844181 0.553994 0.551481 -0.0836902 0.829978 -0.0717932 1.08422 0.0487803</i>
                        <i>0.0660909 0.995401 0.0693448 -0.831509 0.0165264 0.555265 0.551565 -0.0943588 0.828778 -0.066022 1.09062 0.0465684</i>
                        <i>0.0672302 0.996316 0.053244 -0.831075 0.0263918 0.555533 0.552082 -0.0815983 0.829788 -0.0727264 1.08406 0.0428349</i>
                        <i>0.0648982 0.997031 0.0414377 -0.831195 0.0310325 0.555114 0.55218 -0.0704687 0.830741 -0.0835672 1.07766 0.041501</i>
                    </KeyFrames>
                </p>
            </i>
            <i>
                <p>
                    <Name>
                        <![CDATA[spine1]]>
</Name>
                    <Exclude>0</Exclude>
                    <Additive>0</Additive>
                    <IKPriority>0</IKPriority>
                    <IKRotLimits>-1e+010 -1e+010 -1e+010 1e+010 1e+010 1e+010</IKRotLimits>
                    <IKRotLimitOrder>0</IKRotLimitOrder>
                    <KeyFrames count="31">
                        <i>0.152691 0.960888 0.231042 -0.787637 -0.0228856 0.615715 0.59692 -0.275991 0.753336 -0.0657781 1.26073 0.056886</i>
                        <i>0.169755 0.963716 0.205996 -0.78332 0.00511196 0.621597 0.59799 -0.26688 0.755766 -0.0667818 1.25778 0.0593233</i>
                        <i>0.169568 0.966919 0.190564 -0.781361 0.0140624 0.623921 0.600601 -0.254696 0.757898 -0.0675435 1.25432 0.059821</i>
                        <i>0.163431 0.961038 0.222927 -0.784296 -0.0105119 0.620297 0.598472 -0.276217 0.752021 -0.06265 1.25492 0.0599186</i>
                        <i>0.145732 0.953826 0.262638 -0.789311 -0.0479518 0.612118 0.596448 -0.296508 0.745877 -0.0549881 1.25655 0.0581529</i>
                        <i>0.115379 0.962252 0.246493 -0.791436 -0.0609037 0.608211 0.600265 -0.265258 0.754533 -0.0610353 1.25744 0.0520878</i>
                        <i>0.10397 0.970177 0.218969 -0.791179 -0.0527331 0.609308 0.602683 -0.236594 0.7621 -0.0718394 1.25834 0.0489608</i>
                        <i>0.122031 0.966388 0.226282 -0.790358 -0.0432905 0.611114 0.600369 -0.253419 0.758509 -0.0694216 1.2598 0.0524894</i>
                        <i>0.152691 0.960888 0.231042 -0.787637 -0.0228856 0.615715 0.59692 -0.275991 0.753336 -0.0657781 1.26073 0.056886</i>
                        <i>0.169755 0.963716 0.205996 -0.78332 0.00511196 0.621597 0.59799 -0.26688 0.755766 -0.0667818 1.25778 0.0593233</i>
                        <i>0.169568 0.966919 0.190564 -0.781361 0.0140624 0.623921 0.600601 -0.254696 0.757898 -0.0675435 1.25432 0.059821</i>
                        <i>0.163431 0.961038 0.222927 -0.784296 -0.0105119 0.620297 0.598472 -0.276217 0.752021 -0.06265 1.25492 0.0599186</i>
                        <i>0.145732 0.953826 0.262638 -0.789311 -0.0479518 0.612118 0.596448 -0.296508 0.745877 -0.0549881 1.25655 0.0581529</i>
                        <i>0.115379 0.962252 0.246493 -0.791436 -0.0609037 0.608211 0.600265 -0.265258 0.754533 -0.0610353 1.25744 0.0520878</i>
                        <i>0.10397 0.970177 0.218969 -0.791179 -0.0527331 0.609308 0.602683 -0.236594 0.7621 -0.0718394 1.25834 0.0489608</i>
                        <i>0.122031 0.966388 0.226282 -0.790358 -0.0432905 0.611114 0.600369 -0.253419 0.758509 -0.0694216 1.2598 0.0524894</i>
                        <i>0.152691 0.960888 0.231042 -0.787637 -0.0228856 0.615715 0.59692 -0.275991 0.753336 -0.0657781 1.26073 0.056886</i>
                        <i>0.169755 0.963716 0.205996 -0.78332 0.00511196 0.621597 0.59799 -0.26688 0.755766 -0.0667818 1.25778 0.0593233</i>
                        <i>0.169568 0.966919 0.190564 -0.781361 0.0140624 0.623921 0.600601 -0.254696 0.757898 -0.0675435 1.25432 0.059821</i>
                        <i>0.163431 0.961038 0.222927 -0.784296 -0.0105119 0.620297 0.598472 -0.276217 0.752021 -0.06265 1.25492 0.0599186</i>
                        <i>0.145732 0.953826 0.262638 -0.789311 -0.0479518 0.612118 0.596448 -0.296508 0.745877 -0.0549881 1.25655 0.0581529</i>
                        <i>0.115379 0.962252 0.246493 -0.791436 -0.0609037 0.608211 0.600265 -0.265258 0.754533 -0.0610353 1.25744 0.0520878</i>
                        <i>0.10397 0.970177 0.218969 -0.791179 -0.0527331 0.609308 0.602683 -0.236594 0.7621 -0.0718394 1.25834 0.0489608</i>
                        <i>0.122031 0.966388 0.226282 -0.790358 -0.0432905 0.611114 0.600369 -0.253419 0.758509 -0.0694216 1.2598 0.0524894</i>
                        <i>0.152691 0.960888 0.231042 -0.787637 -0.0228856 0.615715 0.59692 -0.275991 0.753336 -0.0657781 1.26073 0.056886</i>
                        <i>0.169755 0.963716 0.205996 -0.78332 0.00511196 0.621597 0.59799 -0.26688 0.755766 -0.0667818 1.25778 0.0593233</i>
                        <i>0.169568 0.966919 0.190564 -0.781361 0.0140624 0.623921 0.600601 -0.254696 0.757898 -0.0675435 1.25432 0.059821</i>
                        <i>0.163431 0.961038 0.222927 -0.784296 -0.0105119 0.620297 0.598472 -0.276217 0.752021 -0.06265 1.25492 0.0599186</i>
                        <i>0.145732 0.953826 0.262638 -0.789311 -0.0479518 0.612118 0.596448 -0.296508 0.745877 -0.0549881 1.25655 0.0581529</i>
                        <i>0.115379 0.962252 0.246493 -0.791436 -0.0609037 0.608211 0.600265 -0.265258 0.754533 -0.0610353 1.25744 0.0520878</i>
                        <i>0.10397 0.970177 0.218969 -0.791179 -0.0527331 0.609308 0.602683 -0.236594 0.7621 -0.0718394 1.25834 0.0489608</i>
                    </KeyFrames>
                </p>
            </i>
            <i>
                <p>
                    <Name>
                        <![CDATA[spine2]]>
</Name>
                    <Exclude>0</Exclude>
                    <Additive>0</Additive>
                    <IKPriority>0</IKPriority>
                    <IKRotLimits>-1e+010 -1e+010 -1e+010 1e+010 1e+010 1e+010</IKRotLimits>
                    <IKRotLimitOrder>0</IKRotLimitOrder>
                    <KeyFrames count="31">
                        <i>0.251276 0.834542 0.490306 -0.757957 -0.145383 0.635897 0.601965 -0.531417 0.596015 -0.0416485 1.41211 0.0932471</i>
                        <i>0.267959 0.840131 0.471569 -0.753756 -0.122037 0.645723 0.600041 -0.528475 0.600554 -0.0394116 1.41255 0.0924008</i>
                        <i>0.278009 0.843433 0.459708 -0.750509 -0.107977 0.651979 0.599539 -0.526271 0.602986 -0.039765 1.41195 0.0909114</i>
                        <i>0.283763 0.826274 0.48657 -0.752546 -0.122576 0.647031 0.594267 -0.54977 0.587026 -0.0368054 1.40642 0.0950233</i>
                        <i>0.27683 0.810703 0.515874 -0.756977 -0.146705 0.63676 0.591905 -0.566779 0.573071 -0.0325961 1.40289 0.0983599</i>
                        <i>0.249688 0.828892 0.500593 -0.758504 -0.153939 0.633226 0.601937 -0.53781 0.590281 -0.0424629 1.41154 0.0915618</i>
                        <i>0.229906 0.848416 0.476795 -0.758268 -0.150947 0.634228 0.61006 -0.507351 0.608623 -0.0543433 1.42014 0.0855571</i>
                        <i>0.23406 0.843014 0.484296 -0.758921 -0.152919 0.632973 0.607663 -0.515696 0.603989 -0.0494951 1.41668 0.0892465</i>
                        <i>0.251276 0.834542 0.490306 -0.757957 -0.145383 0.635897 0.601965 -0.531417 0.596015 -0.0416485 1.41211 0.0932471</i>
                        <i>0.267959 0.840131 0.471569 -0.753756 -0.122037 0.645723 0.600041 -0.528475 0.600554 -0.0394116 1.41255 0.0924008</i>
                        <i>0.278009 0.843433 0.459708 -0.750509 -0.107977 0.651979 0.599539 -0.526271 0.602986 -0.039765 1.41195 0.0909114</i>
                        <i>0.283763 0.826274 0.48657 -0.752546 -0.122576 0.647031 0.594267 -0.54977 0.587026 -0.0368054 1.40642 0.0950233</i>
                        <i>0.27683 0.810703 0.515874 -0.756977 -0.146705 0.63676 0.591905 -0.566779 0.573071 -0.0325961 1.40289 0.0983599</i>
                        <i>0.249688 0.828892 0.500593 -0.758504 -0.153939 0.633226 0.601937 -0.53781 0.590281 -0.0424629 1.41154 0.0915618</i>
                        <i>0.229906 0.848416 0.476795 -0.758268 -0.150947 0.634228 0.61006 -0.507351 0.608623 -0.0543433 1.42014 0.0855571</i>
                        <i>0.23406 0.843014 0.484296 -0.758921 -0.152919 0.632973 0.607663 -0.515696 0.603989 -0.0494951 1.41668 0.0892465</i>
                        <i>0.251276 0.834542 0.490306 -0.757957 -0.145383 0.635897 0.601965 -0.531417 0.596015 -0.0416485 1.41211 0.0932471</i>
                        <i>0.267959 0.840131 0.471569 -0.753756 -0.122037 0.645723 0.600041 -0.528475 0.600554 -0.0394116 1.41255 0.0924008</i>
                        <i>0.278009 0.843433 0.459708 -0.750509 -0.107977 0.651979 0.599539 -0.526271 0.602986 -0.039765 1.41195 0.0909114</i>
                        <i>0.283763 0.826274 0.48657 -0.752546 -0.122576 0.647031 0.594267 -0.54977 0.587026 -0.0368054 1.40642 0.0950233</i>
                        <i>0.27683 0.810703 0.515874 -0.756977 -0.146705 0.63676 0.591905 -0.566779 0.573071 -0.0325961 1.40289 0.0983599</i>
                        <i>0.249688 0.828892 0.500593 -0.758504 -0.153939 0.633226 0.601937 -0.53781 0.590281 -0.0424629 1.41154 0.0915618</i>
                        <i>0.229906 0.848416 0.476795 -0.758268 -0.150947 0.634228 0.61006 -0.507351 0.608623 -0.0543433 1.42014 0.0855571</i>
                        <i>0.23406 0.843014 0.484296 -0.758921 -0.152919 0.632973 0.607663 -0.515696 0.603989 -0.0494951 1.41668 0.0892465</i>
                        <i>0.251276 0.834542 0.490306 -0.757957 -0.145383 0.635897 0.601965 -0.531417 0.596015 -0.0416485 1.41211 0.0932471</i>
                        <i>0.267959 0.840131 0.471569 -0.753756 -0.122037 0.645723 0.600041 -0.528475 0.600554 -0.0394116 1.41255 0.0924008</i>
                        <i>0.278009 0.843433 0.459708 -0.750509 -0.107977 0.651979 0.599539 -0.526271 0.602986 -0.039765 1.41195 0.0909114</i>
                        <i>0.283763 0.826274 0.48657 -0.752546 -0.122576 0.647031 0.594267 -0.54977 0.587026 -0.0368054 1.40642 0.0950233</i>
                        <i>0.27683 0.810703 0.515874 -0.756977 -0.146705 0.63676 0.591905 -0.566779 0.573071 -0.0325961 1.40289 0.0983599</i>
                        <i>0.249688 0.828892 0.500593 -0.758504 -0.153939 0.633226 0.601937 -0.53781 0.590281 -0.0424629 1.41154 0.0915618</i>
                        <i>0.229906 0.848416 0.476795 -0.758268 -0.150947 0.634228 0.61006 -0.507351 0.608623 -0.0543433 1.42014 0.0855571</i>
                    </KeyFrames>
                </p>
            </i>
            <i>
                <p>
                    <Name>
                        <![CDATA[head]]>
</Name>
                    <Exclude>0</Exclude>
                    <Additive>0</Additive>
                    <IKPriority>0</IKPriority>
                    <IKRotLimits>-1e+010 -1e+010 -1e+010 1e+010 1e+010 1e+010</IKRotLimits>
                    <IKRotLimitOrder>0</IKRotLimitOrder>
                    <KeyFrames count="31">
                        <i>-0.0248142 0.922752 0.384594 -0.0192484 0.384201 -0.923049 -0.999507 -0.0303075 0.00822789 0.0161517 1.6278 0.220452</i>
                        <i>-0.0204811 0.938725 0.344057 -0.0191439 0.343698 -0.938885 -0.999607 -0.0258159 0.0109315 0.0218084 1.6311 0.217927</i>
                        <i>-0.00775853 0.946917 0.321385 -0.0203645 0.321179 -0.9468 -0.999763 -0.0138906 0.0167916 0.0249333 1.63236 0.21544</i>
                        <i>0.0111427 0.942851 0.333028 -0.0204257 0.333194 -0.942637 -0.999729 0.00370112 0.0229711 0.0297967 1.61957 0.222241</i>
                        <i>0.022729 0.924429 0.380676 -0.0188683 0.381103 -0.92434 -0.999564 0.0138265 0.0261046 0.0334975 1.61014 0.228698</i>
                        <i>0.01251 0.904053 0.427238 -0.0194274 0.427411 -0.903849 -0.999733 0.00300698 0.0229103 0.0201102 1.62687 0.221405</i>
                        <i>-0.00612028 0.892689 0.450632 -0.0218289 0.450414 -0.892553 -0.999743 -0.0152995 0.0167297 0.00440091 1.64413 0.213452</i>
                        <i>-0.0192343 0.902125 0.431046 -0.0212867 0.430659 -0.902264 -0.999588 -0.02653 0.0109198 0.0074847 1.63699 0.216968</i>
                        <i>-0.0248142 0.922752 0.384594 -0.0192484 0.384201 -0.923049 -0.999507 -0.0303075 0.00822789 0.0161517 1.6278 0.220452</i>
                        <i>-0.0204811 0.938725 0.344057 -0.0191439 0.343698 -0.938885 -0.999607 -0.0258159 0.0109315 0.0218084 1.6311 0.217927</i>
                        <i>-0.00775853 0.946917 0.321385 -0.0203645 0.321179 -0.9468 -0.999763 -0.0138906 0.0167916 0.0249333 1.63236 0.21544</i>
                        <i>0.0111427 0.942851 0.333028 -0.0204257 0.333194 -0.942637 -0.999729 0.00370112 0.0229711 0.0297967 1.61957 0.222241</i>
                        <i>0.022729 0.924429 0.380676 -0.0188683 0.381103 -0.92434 -0.999564 0.0138265 0.0261046 0.0334975 1.61014 0.228698</i>
                        <i>0.01251 0.904053 0.427238 -0.0194274 0.427411 -0.903849 -0.999733 0.00300698 0.0229103 0.0201102 1.62687 0.221405</i>
                        <i>-0.00612028 0.892689 0.450632 -0.0218289 0.450414 -0.892553 -0.999743 -0.0152995 0.0167297 0.00440091 1.64413 0.213452</i>
                        <i>-0.0192343 0.902125 0.431046 -0.0212867 0.430659 -0.902264 -0.999588 -0.02653 0.0109198 0.0074847 1.63699 0.216968</i>
                        <i>-0.0248142 0.922752 0.384594 -0.0192484 0.384201 -0.923049 -0.999507 -0.0303075 0.00822789 0.0161517 1.6278 0.220452</i>
                        <i>-0.0204811 0.938725 0.344057 -0.0191439 0.343698 -0.938885 -0.999607 -0.0258159 0.0109315 0.0218084 1.6311 0.217927</i>
                        <i>-0.00775853 0.946917 0.321385 -0.0203645 0.321179 -0.9468 -0.999763 -0.0138906 0.0167916 0.0249333 1.63236 0.21544</i>
                        <i>0.0111427 0.942851 0.333028 -0.0204257 0.333194 -0.942637 -0.999729 0.00370112 0.0229711 0.0297967 1.61957 0.222241</i>
                        <i>0.022729 0.924429 0.380676 -0.0188683 0.381103 -0.92434 -0.999564 0.0138265 0.0261046 0.0334975 1.61014 0.228698</i>
                        <i>0.01251 0.904053 0.427238 -0.0194274 0.427411 -0.903849 -0.999733 0.00300698 0.0229103 0.0201102 1.62687 0.221405</i>
                        <i>-0.00612028 0.892689 0.450632 -0.0218289 0.450414 -0.892553 -0.999743 -0.0152995 0.0167297 0.00440091 1.64413 0.213452</i>
                        <i>-0.0192343 0.902125 0.431046 -0.0212867 0.430659 -0.902264 -0.999588 -0.02653 0.0109198 0.0074847 1.63699 0.216968</i>
                        <i>-0.0248142 0.922752 0.384594 -0.0192484 0.384201 -0.923049 -0.999507 -0.0303075 0.00822789 0.0161517 1.6278 0.220452</i>
                        <i>-0.0204811 0.938725 0.344057 -0.0191439 0.343698 -0.938885 -0.999607 -0.0258159 0.0109315 0.0218084 1.6311 0.217927</i>
                        <i>-0.00775853 0.946917 0.321385 -0.0203645 0.321179 -0.9468 -0.999763 -0.0138906 0.0167916 0.0249333 1.63236 0.21544</i>
                        <i>0.0111427 0.942851 0.333028 -0.0204257 0.333194 -0.942637 -0.999729 0.00370112 0.0229711 0.0297967 1.61957 0.222241</i>
                        <i>0.022729 0.924429 0.380676 -0.0188683 0.381103 -0.92434 -0.999564 0.0138265 0.0261046 0.0334975 1.61014 0.228698</i>
                        <i>0.01251 0.904053 0.427238 -0.0194274 0.427411 -0.903849 -0.999733 0.00300698 0.0229103 0.0201102 1.62687 0.221405</i>
                        <i>-0.00612028 0.892689 0.450632 -0.0218289 0.450414 -0.892553 -0.999743 -0.0152995 0.0167297 0.00440091 1.64413 0.213452</i>
                    </KeyFrames>
                </p>
            </i>
            <i>
                <p>
                    <Name>
                        <![CDATA[head_prop]]>
</Name>
                    <Exclude>0</Exclude>
                    <Additive>0</Additive>
                    <IKPriority>0</IKPriority>
                    <IKRotLimits>-1e+010 -1e+010 -1e+010 1e+010 1e+010 1e+010</IKRotLimits>
                    <IKRotLimitOrder>0</IKRotLimitOrder>
                    <KeyFrames count="31">
                        <i>0.999202 0.0365332 -0.0161746 -0.0273914 0.921105 0.388348 0.0290861 -0.387595 0.921371 0.00806453 1.92853 0.345795</i>
                        <i>0.999314 0.0316906 -0.0191415 -0.023059 0.937255 0.347882 0.0289652 -0.347202 0.937343 0.0151334 1.93704 0.330058</i>
                        <i>0.999492 0.0195689 -0.0251395 -0.0103321 0.945569 0.325259 0.0301361 -0.324834 0.945291 0.0224047 1.94097 0.320182</i>
                        <i>0.999509 0.00208397 -0.0312468 0.00856924 0.941501 0.336901 0.0301209 -0.337004 0.941021 0.0334282 1.92685 0.330778</i>
                        <i>0.99939 -0.00762431 -0.0340735 0.0201495 0.922912 0.384483 0.0285154 -0.384935 0.922503 0.0409051 1.91142 0.352763</i>
                        <i>0.999527 0.00359048 -0.0305544 0.00993247 0.90232 0.430953 0.0291172 -0.431052 0.901857 0.0241873 1.92151 0.360646</i>
                        <i>0.999463 0.0220893 -0.0242011 -0.00868787 0.890814 0.454284 0.0315935 -0.45383 0.890528 0.00240625 1.93507 0.360317</i>
                        <i>0.999278 0.0331524 -0.0185389 -0.0218035 0.9003 0.434723 0.0311026 -0.434005 0.900373 0.00121605 1.93101 0.35745</i>
                        <i>0.999202 0.0365332 -0.0161746 -0.0273914 0.921105 0.388348 0.0290861 -0.387595 0.921371 0.00806453 1.92853 0.345795</i>
                        <i>0.999314 0.0316906 -0.0191415 -0.023059 0.937255 0.347882 0.0289652 -0.347202 0.937343 0.0151334 1.93704 0.330058</i>
                        <i>0.999492 0.0195689 -0.0251395 -0.0103321 0.945569 0.325259 0.0301361 -0.324834 0.945291 0.0224047 1.94097 0.320182</i>
                        <i>0.999509 0.00208397 -0.0312468 0.00856924 0.941501 0.336901 0.0301209 -0.337004 0.941021 0.0334282 1.92685 0.330778</i>
                        <i>0.99939 -0.00762431 -0.0340735 0.0201495 0.922912 0.384483 0.0285154 -0.384935 0.922503 0.0409051 1.91142 0.352763</i>
                        <i>0.999527 0.00359048 -0.0305544 0.00993247 0.90232 0.430953 0.0291172 -0.431052 0.901857 0.0241873 1.92151 0.360646</i>
                        <i>0.999463 0.0220893 -0.0242011 -0.00868787 0.890814 0.454284 0.0315935 -0.45383 0.890528 0.00240625 1.93507 0.360317</i>
                        <i>0.999278 0.0331524 -0.0185389 -0.0218035 0.9003 0.434723 0.0311026 -0.434005 0.900373 0.00121605 1.93101 0.35745</i>
                        <i>0.999202 0.0365332 -0.0161746 -0.0273914 0.921105 0.388348 0.0290861 -0.387595 0.921371 0.00806453 1.92853 0.345795</i>
                        <i>0.999314 0.0316906 -0.0191415 -0.023059 0.937255 0.347882 0.0289652 -0.347202 0.937343 0.0151334 1.93704 0.330058</i>
                        <i>0.999492 0.0195689 -0.0251395 -0.0103321 0.945569 0.325259 0.0301361 -0.324834 0.945291 0.0224047 1.94097 0.320182</i>
                        <i>0.999509 0.00208397 -0.0312468 0.00856924 0.941501 0.336901 0.0301209 -0.337004 0.941021 0.0334282 1.92685 0.330778</i>
                        <i>0.99939 -0.00762431 -0.0340735 0.0201495 0.922912 0.384483 0.0285154 -0.384935 0.922503 0.0409051 1.91142 0.352763</i>
                        <i>0.999527 0.00359048 -0.0305544 0.00993247 0.90232 0.430953 0.0291172 -0.431052 0.901857 0.0241873 1.92151 0.360646</i>
                        <i>0.999463 0.0220893 -0.0242011 -0.00868787 0.890814 0.454284 0.0315935 -0.45383 0.890528 0.00240625 1.93507 0.360317</i>
                        <i>0.999278 0.0331524 -0.0185389 -0.0218035 0.9003 0.434723 0.0311026 -0.434005 0.900373 0.00121605 1.93101 0.35745</i>
                        <i>0.999202 0.0365332 -0.0161746 -0.0273914 0.921105 0.388348 0.0290861 -0.387595 0.921371 0.00806453 1.92853 0.345795</i>
                        <i>0.999314 0.0316906 -0.0191415 -0.023059 0.937255 0.347882 0.0289652 -0.347202 0.937343 0.0151334 1.93704 0.330058</i>
                        <i>0.999492 0.0195689 -0.0251395 -0.0103321 0.945569 0.325259 0.0301361 -0.324834 0.945291 0.0224047 1.94097 0.320182</i>
                        <i>0.999509 0.00208397 -0.0312468 0.00856924 0.941501 0.336901 0.0301209 -0.337004 0.941021 0.0334282 1.92685 0.330778</i>
                        <i>0.99939 -0.00762431 -0.0340735 0.0201495 0.922912 0.384483 0.0285154 -0.384935 0.922503 0.0409051 1.91142 0.352763</i>
                        <i>0.999527 0.00359048 -0.0305544 0.00993247 0.90232 0.430953 0.0291172 -0.431052 0.901857 0.0241873 1.92151 0.360646</i>
                        <i>0.999463 0.0220893 -0.0242011 -0.00868787 0.890814 0.454284 0.0315935 -0.45383 0.890528 0.00240625 1.93507 0.360317</i>
                    </KeyFrames>
                </p>
            </i>
            <i>
                <p>
                    <Name>
                        <![CDATA[l_clav]]>
</Name>
                    <Exclude>0</Exclude>
                    <Additive>0</Additive>
                    <IKPriority>0</IKPriority>
                    <IKRotLimits>-1e+010 -1e+010 -1e+010 1e+010 1e+010 1e+010</IKRotLimits>
                    <IKRotLimitOrder>0</IKRotLimitOrder>
                    <KeyFrames count="31">
                        <i>0.796179 0.602835 -0.051852 -0.410881 0.601582 0.685037 0.444158 -0.524107 0.726661 0.059453 1.4618 0.0848644</i>
                        <i>0.777144 0.618825 -0.114466 -0.390906 0.617216 0.682815 0.493194 -0.4859 0.721568 0.0640102 1.46456 0.0826602</i>
                        <i>0.736156 0.634291 -0.236113 -0.342632 0.650115 0.678199 0.583676 -0.418361 0.695914 0.0643573 1.46518 0.0801248</i>
                        <i>0.716618 0.621133 -0.317258 -0.287525 0.67751 0.676985 0.635444 -0.39392 0.664107 0.0653951 1.45339 0.0846464</i>
                        <i>0.77983 0.545035 -0.3079 -0.208265 0.689733 0.693465 0.590332 -0.47666 0.651386 0.0669534 1.4451 0.0892089</i>
                        <i>0.837011 0.482834 -0.257458 -0.180847 0.688174 0.702646 0.516437 -0.541562 0.663328 0.0558381 1.46049 0.0840891</i>
                        <i>0.834227 0.519163 -0.185835 -0.261456 0.66913 0.695634 0.485495 -0.531729 0.693945 0.044085 1.47656 0.0786983</i>
                        <i>0.811772 0.57594 -0.0965349 -0.362539 0.626619 0.689865 0.457811 -0.525015 0.717473 0.0498161 1.47026 0.0819808</i>
                        <i>0.796179 0.602835 -0.051852 -0.410881 0.601582 0.685037 0.444158 -0.524107 0.726661 0.059453 1.4618 0.0848644</i>
                        <i>0.777144 0.618825 -0.114466 -0.390906 0.617216 0.682815 0.493194 -0.4859 0.721568 0.0640102 1.46456 0.0826602</i>
                        <i>0.736156 0.634291 -0.236113 -0.342632 0.650115 0.678199 0.583676 -0.418361 0.695914 0.0643573 1.46518 0.0801248</i>
                        <i>0.716618 0.621133 -0.317258 -0.287525 0.67751 0.676985 0.635444 -0.39392 0.664107 0.0653951 1.45339 0.0846464</i>
                        <i>0.77983 0.545035 -0.3079 -0.208265 0.689733 0.693465 0.590332 -0.47666 0.651386 0.0669534 1.4451 0.0892089</i>
                        <i>0.837011 0.482834 -0.257458 -0.180847 0.688174 0.702646 0.516437 -0.541562 0.663328 0.0558381 1.46049 0.0840891</i>
                        <i>0.834227 0.519163 -0.185835 -0.261456 0.66913 0.695634 0.485495 -0.531729 0.693945 0.044085 1.47656 0.0786983</i>
                        <i>0.811772 0.57594 -0.0965349 -0.362539 0.626619 0.689865 0.457811 -0.525015 0.717473 0.0498161 1.47026 0.0819808</i>
                        <i>0.796179 0.602835 -0.051852 -0.410881 0.601582 0.685037 0.444158 -0.524107 0.726661 0.059453 1.4618 0.0848644</i>
                        <i>0.777144 0.618825 -0.114466 -0.390906 0.617216 0.682815 0.493194 -0.4859 0.721568 0.0640102 1.46456 0.0826602</i>
                        <i>0.736156 0.634291 -0.236113 -0.342632 0.650115 0.678199 0.583676 -0.418361 0.695914 0.0643573 1.46518 0.0801248</i>
                        <i>0.716618 0.621133 -0.317258 -0.287525 0.67751 0.676985 0.635444 -0.39392 0.664107 0.0653951 1.45339 0.0846464</i>
                        <i>0.77983 0.545035 -0.3079 -0.208265 0.689733 0.693465 0.590332 -0.47666 0.651386 0.0669534 1.4451 0.0892089</i>
                        <i>0.837011 0.482834 -0.257458 -0.180847 0.688174 0.702646 0.516437 -0.541562 0.663328 0.0558381 1.46049 0.0840891</i>
                        <i>0.834227 0.519163 -0.185835 -0.261456 0.66913 0.695634 0.485495 -0.531729 0.693945 0.044085 1.47656 0.0786983</i>
                        <i>0.811772 0.57594 -0.0965349 -0.362539 0.626619 0.689865 0.457811 -0.525015 0.717473 0.0498161 1.47026 0.0819808</i>
                        <i>0.796179 0.602835 -0.051852 -0.410881 0.601582 0.685037 0.444158 -0.524107 0.726661 0.059453 1.4618 0.0848644</i>
                        <i>0.777144 0.618825 -0.114466 -0.390906 0.617216 0.682815 0.493194 -0.4859 0.721568 0.0640102 1.46456 0.0826602</i>
                        <i>0.736156 0.634291 -0.236113 -0.342632 0.650115 0.678199 0.583676 -0.418361 0.695914 0.0643573 1.46518 0.0801248</i>
                        <i>0.716618 0.621133 -0.317258 -0.287525 0.67751 0.676985 0.635444 -0.39392 0.664107 0.0653951 1.45339 0.0846464</i>
                        <i>0.77983 0.545035 -0.3079 -0.208265 0.689733 0.693465 0.590332 -0.47666 0.651386 0.0669534 1.4451 0.0892089</i>
                        <i>0.837011 0.482834 -0.257458 -0.180847 0.688174 0.702646 0.516437 -0.541562 0.663328 0.0558381 1.46049 0.0840891</i>
                        <i>0.834227 0.519163 -0.185835 -0.261456 0.66913 0.695634 0.485495 -0.531729 0.693945 0.044085 1.47656 0.0786983</i>
                    </KeyFrames>
                </p>
            </i>
            <i>
                <p>
                    <Name>
                        <![CDATA[l_shoulder]]>
</Name>
                    <Exclude>0</Exclude>
                    <Additive>0</Additive>
                    <IKPriority>0</IKPriority>
                    <IKRotLimits>-1e+010 -1e+010 -1e+010 1e+010 1e+010 1e+010</IKRotLimits>
                    <IKRotLimitOrder>0</IKRotLimitOrder>
                    <KeyFrames count="31">
                        <i>0.503863 -0.445647 -0.739946 0.860085 0.338034 0.382083 0.0798525 -0.828934 0.553617 0.216761 1.58091 0.0746196</i>
                        <i>0.497147 -0.377663 -0.781162 0.863903 0.299212 0.405147 0.0807243 -0.876266 0.475017 0.217557 1.58683 0.0600442</i>
                        <i>0.506427 -0.335895 -0.79417 0.859693 0.268016 0.434851 0.0667862 -0.902963 0.424497 0.209806 1.5905 0.033474</i>
                        <i>0.52969 -0.449508 -0.719286 0.846504 0.333616 0.414886 0.0534701 -0.828639 0.557223 0.206983 1.57612 0.021963</i>
                        <i>0.528676 -0.526714 -0.665638 0.848125 0.359596 0.38907 0.0344322 -0.770236 0.636829 0.221031 1.55279 0.0283745</i>
                        <i>0.49502 -0.394498 -0.774162 0.866174 0.294342 0.403864 0.0685447 -0.870479 0.487409 0.221213 1.55589 0.0332209</i>
                        <i>0.477264 -0.278311 -0.833524 0.875351 0.234036 0.42307 0.0773288 -0.931542 0.355317 0.20891 1.57913 0.0419812</i>
                        <i>0.486957 -0.358114 -0.796635 0.869167 0.288641 0.40154 0.0861445 -0.887942 0.451817 0.210205 1.58405 0.0629076</i>
                        <i>0.503863 -0.445647 -0.739946 0.860085 0.338034 0.382083 0.0798525 -0.828934 0.553617 0.216761 1.58091 0.0746196</i>
                        <i>0.497147 -0.377663 -0.781162 0.863903 0.299212 0.405147 0.0807243 -0.876266 0.475017 0.217557 1.58683 0.0600442</i>
                        <i>0.506427 -0.335895 -0.79417 0.859693 0.268016 0.434851 0.0667862 -0.902963 0.424497 0.209806 1.5905 0.033474</i>
                        <i>0.52969 -0.449508 -0.719286 0.846504 0.333616 0.414886 0.0534701 -0.828639 0.557223 0.206983 1.57612 0.021963</i>
                        <i>0.528676 -0.526714 -0.665638 0.848125 0.359596 0.38907 0.0344322 -0.770236 0.636829 0.221031 1.55279 0.0283745</i>
                        <i>0.49502 -0.394498 -0.774162 0.866174 0.294342 0.403864 0.0685447 -0.870479 0.487409 0.221213 1.55589 0.0332209</i>
                        <i>0.477264 -0.278311 -0.833524 0.875351 0.234036 0.42307 0.0773288 -0.931542 0.355317 0.20891 1.57913 0.0419812</i>
                        <i>0.486957 -0.358114 -0.796635 0.869167 0.288641 0.40154 0.0861445 -0.887942 0.451817 0.210205 1.58405 0.0629076</i>
                        <i>0.503863 -0.445647 -0.739946 0.860085 0.338034 0.382083 0.0798525 -0.828934 0.553617 0.216761 1.58091 0.0746196</i>
                        <i>0.497147 -0.377663 -0.781162 0.863903 0.299212 0.405147 0.0807243 -0.876266 0.475017 0.217557 1.58683 0.0600442</i>
                        <i>0.506427 -0.335895 -0.79417 0.859693 0.268016 0.434851 0.0667862 -0.902963 0.424497 0.209806 1.5905 0.033474</i>
                        <i>0.52969 -0.449508 -0.719286 0.846504 0.333616 0.414886 0.0534701 -0.828639 0.557223 0.206983 1.57612 0.021963</i>
                        <i>0.528676 -0.526714 -0.665638 0.848125 0.359596 0.38907 0.0344322 -0.770236 0.636829 0.221031 1.55279 0.0283745</i>
                        <i>0.49502 -0.394498 -0.774162 0.866174 0.294342 0.403864 0.0685447 -0.870479 0.487409 0.221213 1.55589 0.0332209</i>
                        <i>0.477264 -0.278311 -0.833524 0.875351 0.234036 0.42307 0.0773288 -0.931542 0.355317 0.20891 1.57913 0.0419812</i>
                        <i>0.486957 -0.358114 -0.796635 0.869167 0.288641 0.40154 0.0861445 -0.887942 0.451817 0.210205 1.58405 0.0629076</i>
                        <i>0.503863 -0.445647 -0.739946 0.860085 0.338034 0.382083 0.0798525 -0.828934 0.553617 0.216761 1.58091 0.0746196</i>
                        <i>0.497147 -0.377663 -0.781162 0.863903 0.299212 0.405147 0.0807243 -0.876266 0.475017 0.217557 1.58683 0.0600442</i>
                        <i>0.506427 -0.335895 -0.79417 0.859693 0.268016 0.434851 0.0667862 -0.902963 0.424497 0.209806 1.5905 0.033474</i>
                        <i>0.52969 -0.449508 -0.719286 0.846504 0.333616 0.414886 0.0534701 -0.828639 0.557223 0.206983 1.57612 0.021963</i>
                        <i>0.528676 -0.526714 -0.665638 0.848125 0.359596 0.38907 0.0344322 -0.770236 0.636829 0.221031 1.55279 0.0283745</i>
                        <i>0.49502 -0.394498 -0.774162 0.866174 0.294342 0.403864 0.0685447 -0.870479 0.487409 0.221213 1.55589 0.0332209</i>
                        <i>0.477264 -0.278311 -0.833524 0.875351 0.234036 0.42307 0.0773288 -0.931542 0.355317 0.20891 1.57913 0.0419812</i>
                    </KeyFrames>
                </p>
