<?xml version="1.0" encoding="ISO-8859-1" ?>
<Animl Version="1">
    <ModellingPackage>
        <![CDATA[Maya.2010]]>
</ModellingPackage>
    <SrcFile>
        <![CDATA[anims\characters\shared\elite\~src\hitreact_right01.mb]]>
</SrcFile>
    <FramesPerSecond>30</FramesPerSecond>
    <TotalFrames>25</TotalFrames>
    <Skeleton>
        <RefFrame>
            <Name>
                <![CDATA[soldier_ref_frame]]>
</Name>
            <Exclude>0</Exclude>
            <Additive>0</Additive>
            <IKPriority>0</IKPriority>
            <IKRotLimits>-1e+010 -1e+010 -1e+010 1e+010 1e+010 1e+010</IKRotLimits>
            <IKRotLimitOrder>0</IKRotLimitOrder>
            <KeyFrames count="25">
                <i>1 0 0 0 1 0 0 0 1 0 0 0</i>
                <i>1 0 0 0 1 0 0 0 1 0 0 0</i>
                <i>1 0 0 0 1 0 0 0 1 0 0 0</i>
                <i>1 0 0 0 1 0 0 0 1 0 0 0</i>
                <i>1 0 0 0 1 0 0 0 1 0 0 0</i>
                <i>1 0 0 0 1 0 0 0 1 0 0 0</i>
                <i>1 0 0 0 1 0 0 0 1 0 0 0</i>
                <i>1 0 0 0 1 0 0 0 1 0 0 0</i>
                <i>1 0 0 0 1 0 0 0 1 0 0 0</i>
                <i>1 0 0 0 1 0 0 0 1 0 0 0</i>
                <i>1 0 0 0 1 0 0 0 1 0 0 0</i>
                <i>1 0 0 0 1 0 0 0 1 0 0 0</i>
                <i>1 0 0 0 1 0 0 0 1 0 0 0</i>
                <i>1 0 0 0 1 0 0 0 1 0 0 0</i>
                <i>1 0 0 0 1 0 0 0 1 0 0 0</i>
                <i>1 0 0 0 1 0 0 0 1 0 0 0</i>
                <i>1 0 0 0 1 0 0 0 1 0 0 0</i>
                <i>1 0 0 0 1 0 0 0 1 0 0 0</i>
                <i>1 0 0 0 1 0 0 0 1 0 0 0</i>
                <i>1 0 0 0 1 0 0 0 1 0 0 0</i>
                <i>1 0 0 0 1 0 0 0 1 0 0 0</i>
                <i>1 0 0 0 1 0 0 0 1 0 0 0</i>
                <i>1 0 0 0 1 0 0 0 1 0 0 0</i>
                <i>1 0 0 0 1 0 0 0 1 0 0 0</i>
                <i>1 0 0 0 1 0 0 0 1 0 0 0</i>
            </KeyFrames>
        </RefFrame>
        <Bones count="23">
            <i>
                <p>
                    <Name>
                        <![CDATA[pelvis]]>
</Name>
                    <Exclude>0</Exclude>
                    <Additive>0</Additive>
                    <IKPriority>0</IKPriority>
                    <IKRotLimits>-1e+010 -1e+010 -1e+010 1e+010 1e+010 1e+010</IKRotLimits>
                    <IKRotLimitOrder>2</IKRotLimitOrder>
                    <KeyFrames count="25">
                        <i>1 0 0 0 1 0 0 0 1 -0.059303 0.998167 0.0732933</i>
                        <i>1 0 0 0 1 0 0 0 1 -0.0626993 0.987719 0.0445347</i>
                        <i>1 0 0 0 1 0 0 0 1 -0.0701711 0.962448 -0.020176</i>
                        <i>1 0 0 0 1 0 0 0 1 -0.077643 0.931462 -0.0884911</i>
                        <i>1 0 0 0 1 0 0 0 1 -0.0810393 0.903872 -0.128063</i>
                        <i>1 0 0 0 1 0 0 0 1 -0.0810314 0.877805 -0.134059</i>
                        <i>1 0 0 0 1 0 0 0 1 -0.0810126 0.848643 -0.125885</i>
                        <i>1 0 0 0 1 0 0 0 1 -0.0809902 0.821372 -0.107554</i>
                        <i>1 0 0 0 1 0 0 0 1 -0.0809714 0.800981 -0.0830774</i>
                        <i>1 0 0 0 1 0 0 0 1 -0.0809636 0.792455 -0.0564668</i>
                        <i>1 0 0 0 1 0 0 0 1 -0.0784346 0.800465 -0.0210454</i>
                        <i>1 0 0 0 1 0 0 0 1 -0.0723152 0.821685 0.0258614</i>
                        <i>1 0 0 0 1 0 0 0 1 -0.0648064 0.849111 0.074238</i>
                        <i>1 0 0 0 1 0 0 0 1 -0.0581094 0.875741 0.114069</i>
                        <i>1 0 0 0 1 0 0 0 1 -0.0544252 0.89457 0.135339</i>
                        <i>1 0 0 0 1 0 0 0 1 -0.0533921 0.907202 0.140609</i>
                        <i>1 0 0 0 1 0 0 0 1 -0.0530841 0.919718 0.139959</i>
                        <i>1 0 0 0 1 0 0 0 1 -0.0533561 0.931832 0.134653</i>
                        <i>1 0 0 0 1 0 0 0 1 -0.0540628 0.943259 0.125956</i>
                        <i>1 0 0 0 1 0 0 0 1 -0.055059 0.953712 0.115129</i>
                        <i>1 0 0 0 1 0 0 0 1 -0.0561997 0.962906 0.103438</i>
                        <i>1 0 0 0 1 0 0 0 1 -0.0573396 0.970554 0.092145</i>
                        <i>1 0 0 0 1 0 0 0 1 -0.0583336 0.976372 0.0825143</i>
                        <i>1 0 0 0 1 0 0 0 1 -0.0590364 0.980072 0.0758092</i>
                        <i>1 0 0 0 1 0 0 0 1 -0.059303 0.981368 0.0732933</i>
                    </KeyFrames>
                </p>
            </i>
            <i>
                <p>
                    <Name>
                        <![CDATA[spine0]]>
</Name>
                    <Exclude>0</Exclude>
                    <Additive>0</Additive>
                    <IKPriority>0</IKPriority>
                    <IKRotLimits>-1e+010 -1e+010 -1e+010 1e+010 1e+010 1e+010</IKRotLimits>
                    <IKRotLimitOrder>0</IKRotLimitOrder>
                    <KeyFrames count="25">
                        <i>0.0982027 0.992305 0.0754061 -0.942589 0.0684437 0.326867 0.319191 -0.103176 0.942057 -0.0659625 1.13859 0.0427427</i>
                        <i>0.151033 0.986765 0.0590163 -0.953402 0.129633 0.272434 0.261178 -0.0974128 0.960363 -0.0628137 1.1286 0.0154229</i>
                        <i>0.243869 0.968779 0.0446611 -0.960812 0.235093 0.146873 0.131788 -0.0787286 0.988147 -0.05687 1.1034 -0.0456933</i>
                        <i>0.312996 0.949259 0.0306678 -0.949752 0.312765 0.012193 0.00198245 -0.0329432 0.999455 -0.0528014 1.07152 -0.109997</i>
                        <i>0.337837 0.941194 0.00440566 -0.939277 0.337441 -0.0623812 -0.0601995 0.0169366 0.998043 -0.0532162 1.04364 -0.14773</i>
                        <i>0.28444 0.958013 -0.0361288 -0.957298 0.281792 -0.0646042 -0.0517109 0.0529621 0.997257 -0.0608327 1.01874 -0.154665</i>
                        <i>0.152923 0.986166 -0.0639542 -0.987862 0.15076 -0.0374113 -0.027252 0.068899 0.997251 -0.0747983 0.990537 -0.148764</i>
                        <i>-0.03379 0.997094 -0.0682728 -0.999427 -0.0335632 0.00446656 0.00216212 0.0683846 0.997657 -0.0910892 0.962494 -0.133608</i>
                        <i>-0.212852 0.975775 -0.0505773 -0.976332 -0.210372 0.0501967 0.0383407 0.0600647 0.997458 -0.105399 0.93961 -0.112765</i>
                        <i>-0.311882 0.949204 -0.0417213 -0.947599 -0.307557 0.0864005 0.0691801 0.0664818 0.995386 -0.113412 0.928577 -0.089845</i>
                        <i>-0.31823 0.946072 -0.0606441 -0.944201 -0.31057 0.109687 0.0849371 0.0921658 0.992114 -0.110748 0.93539 -0.0590874</i>
                        <i>-0.269213 0.95891 -0.0895383 -0.957903 -0.256978 0.127998 0.0997291 0.120228 0.987724 -0.0993069 0.955997 -0.0180446</i>
                        <i>-0.192937 0.973951 -0.119141 -0.974254 -0.175718 0.14125 0.116636 0.143326 0.982779 -0.0842034 0.982745 0.0246198</i>
                        <i>-0.122626 0.98254 -0.13992 -0.983213 -0.101078 0.151905 0.13511 0.156199 0.978441 -0.0704853 1.00855 0.0601801</i>
                        <i>-0.0817485 0.986429 -0.142388 -0.984692 -0.0578718 0.164415 0.153943 0.153649 0.97606 -0.0630529 1.02702 0.0798576</i>
                        <i>-0.0586889 0.990057 -0.127842 -0.982939 -0.0349492 0.180582 0.174318 0.136259 0.975216 -0.0610555 1.04005 0.0859311</i>
                        <i>-0.0370386 0.993673 -0.106029 -0.979834 -0.0152642 0.199229 0.19635 0.11127 0.9742 -0.0602372 1.05336 0.0872004</i>
                        <i>-0.016226 0.996731 -0.0791396 -0.9756 0.00155017 0.219551 0.218956 0.080771 0.972386 -0.0602859 1.06655 0.0846678</i>
                        <i>0.00395914 0.998773 -0.0493741 -0.970478 0.0157447 0.240675 0.241157 0.0469636 0.969349 -0.0609208 1.07918 0.079327</i>
                        <i>0.0233357 0.999549 -0.018906 -0.964774 0.0274727 0.261643 0.262044 0.0121344 0.96498 -0.0618999 1.09084 0.0721601</i>
                        <i>0.0413558 0.999093 0.0101728 -0.958882 0.036826 0.281407 0.280777 -0.0213924 0.959535 -0.0630207 1.10113 0.0641377</i>
                        <i>0.0571764 0.997719 0.0358944 -0.953293 0.0438792 0.298843 0.296587 -0.0513047 0.953627 -0.0641179 1.10969 0.0562234</i>
                        <i>0.0697644 0.995966 0.0564239 -0.948578 0.0487256 0.312772 0.308761 -0.0753428 0.948151 -0.0650554 1.1162 0.0493779</i>
                        <i>0.0780269 0.994489 0.0700217 -0.945341 0.0514994 0.321992 0.316611 -0.0913184 0.944149 -0.065712 1.12034 0.0445627</i>
                        <i>0.0809641 0.993895 0.0749547 -0.944152 0.052378 0.32532 0.319408 -0.0971079 0.942629 -0.0659625 1.12179 0.0427427</i>
                    </KeyFrames>
                </p>
            </i>
            <i>
                <p>
                    <Name>
                        <![CDATA[spine1]]>
</Name>
                    <Exclude>0</Exclude>
                    <Additive>0</Additive>
                    <IKPriority>0</IKPriority>
                    <IKRotLimits>-1e+010 -1e+010 -1e+010 1e+010 1e+010 1e+010</IKRotLimits>
                    <IKRotLimitOrder>0</IKRotLimitOrder>
                    <KeyFrames count="25">
                        <i>0.113461 0.977061 0.180216 -0.920354 0.0350306 0.389515 0.374267 -0.210057 0.903217 -0.0493611 1.30629 0.055501</i>
                        <i>0.141475 0.978193 0.152063 -0.977356 0.113603 0.178521 0.157353 -0.173876 0.972115 -0.037381 1.29473 0.0253772</i>
                        <i>0.198102 0.976084 0.0895343 -0.964663 0.21034 -0.158688 -0.173725 -0.054934 0.983261 -0.0160428 1.26557 -0.0381922</i>
                        <i>0.252644 0.967547 0.00479581 -0.895898 0.235801 -0.376516 -0.365428 0.0908281 0.926398 -0.000503344 1.23013 -0.104845</i>
                        <i>0.27648 0.957502 -0.0821521 -0.846104 0.201993 -0.493262 -0.455705 0.205886 0.865993 0.00357522 1.20186 -0.146969</i>
                        <i>0.220537 0.964969 -0.142124 -0.859696 0.123475 -0.495658 -0.460745 0.231494 0.856811 -0.0128943 1.18021 -0.160736</i>
                        <i>0.0882579 0.988127 -0.125757 -0.911215 0.0290936 -0.410901 -0.402364 0.150857 0.902965 -0.049276 1.15513 -0.159409</i>
                        <i>-0.0810593 0.995923 -0.039574 -0.957391 -0.0888422 -0.274791 -0.277187 0.0156134 0.960689 -0.0967035 1.12817 -0.14492</i>
                        <i>-0.223414 0.972852 0.0603688 -0.965776 -0.212566 -0.148637 -0.131769 -0.0915103 0.987047 -0.141418 1.10473 -0.12131</i>
                        <i>-0.296552 0.949441 0.103048 -0.954257 -0.290283 -0.0716169 -0.0380829 -0.119573 0.992095 -0.167454 1.09305 -0.0970849</i>
                        <i>-0.29499 0.950929 0.0933551 -0.955457 -0.294498 -0.0193184 0.00912245 -0.0948954 0.995445 -0.16634 1.10065 -0.0697004</i>
                        <i>-0.243379 0.966754 0.0784387 -0.968473 -0.24665 0.0349882 0.053172 -0.0674504 0.996305 -0.146299 1.12337 -0.0336914</i>
                        <i>-0.168274 0.983763 0.0624063 -0.981467 -0.173097 0.082214 0.0916814 -0.0474153 0.994659 -0.117747 1.15206 0.00389339</i>
                        <i>-0.09826 0.993865 0.0507723 -0.987666 -0.103643 0.117361 0.121903 -0.0386142 0.991791 -0.0917565 1.17897 0.0358993</i>
                        <i>-0.0542456 0.997075 0.0538337 -0.986938 -0.0617283 0.148805 0.151693 -0.0450585 0.9874 -0.0772241 1.198 0.0551668</i>
                        <i>-0.0280585 0.997004 0.0720831 -0.982227 -0.0408873 0.183191 0.18559 -0.0656619 0.980431 -0.0712163 1.21143 0.0637919</i>
                        <i>-0.00366102 0.995396 0.0957822 -0.975517 -0.0246172 0.218542 0.219894 -0.0926371 0.971115 -0.0666394 1.22508 0.0688698</i>
                        <i>0.0192856 0.992234 0.122882 -0.967281 -0.0125805 0.253394 0.252972 -0.123748 0.959527 -0.063086 1.23848 0.0710114</i>
                        <i>0.0408823 0.987624 0.151421 -0.958089 -0.00425647 0.286438 0.283538 -0.156785 0.946058 -0.0602402 1.25114 0.0708224</i>
                        <i>0.0609633 0.981854 0.179572 -0.948573 0.00100162 0.316557 0.310633 -0.189635 0.931421 -0.0578895 1.26264 0.0689083</i>
                        <i>0.0791033 0.975418 0.205674 -0.939393 0.00389531 0.342821 0.333593 -0.220327 0.916609 -0.0559228 1.27261 0.065883</i>
                        <i>0.0946549 0.968992 0.228243 -0.931205 0.00511637 0.364459 0.351991 -0.247039 0.902815 -0.0543155 1.28074 0.0623776</i>
                        <i>0.106812 0.963381 0.245943 -0.924644 0.00530393 0.380795 0.365546 -0.268083 0.891352 -0.0531043 1.28681 0.0590446</i>
                        <i>0.1147 0.959441 0.257519 -0.920308 0.0050322 0.391161 0.374001 -0.281863 0.883559 -0.052352 1.29061 0.0565532</i>
                        <i>0.117488 0.957975 0.261687 -0.918749 0.00482797 0.394811 0.376956 -0.28681 0.880706 -0.052102 1.29193 0.0555757</i>
                    </KeyFrames>
                </p>
            </i>
            <i>
                <p>
                    <Name>
                        <![CDATA[spine2]]>
</Name>
                    <Exclude>0</Exclude>
                    <Additive>0</Additive>
                    <IKPriority>0</IKPriority>
                    <IKRotLimits>-1e+010 -1e+010 -1e+010 1e+010 1e+010 1e+010</IKRotLimits>
                    <IKRotLimitOrder>0</IKRotLimitOrder>
                    <KeyFrames count="25">
                        <i>0.0903061 0.923397 0.373071 -0.897005 -0.0873396 0.433307 0.432698 -0.373777 0.820404 -0.031648 1.45835 0.0834918</i>
                        <i>0.0135583 0.917114 0.398394 -0.998594 -0.0080034 0.0524085 0.0512531 -0.398544 0.915716 -0.0155486 1.44642 0.0489346</i>
                        <i>-0.112355 0.921051 0.372883 -0.858331 0.0991085 -0.503434 -0.500644 -0.37662 0.779431 0.0142073 1.41617 -0.0244462</i>
                        <i>-0.193 0.937868 0.288365 -0.637513 0.103545 -0.76345 -0.745874 -0.331182 0.577919 0.0380362 1.37923 -0.104245</i>
                        <i>-0.265972 0.943425 0.198012 -0.475395 0.0503257 -0.878332 -0.838605 -0.327746 0.435114 0.0460142 1.35038 -0.159878</i>
                        <i>-0.326252 0.926464 0.187681 -0.483863 0.00688834 -0.875116 -0.812057 -0.37632 0.446035 0.0209496 1.33025 -0.182995</i>
                        <i>-0.331366 0.893676 0.302554 -0.658529 0.0105768 -0.752481 -0.675675 -0.448587 0.585007 -0.0360672 1.30718 -0.178912</i>
                        <i>-0.248985 0.845624 0.472151 -0.864227 0.0260654 -0.502426 -0.437171 -0.533143 0.724321 -0.109385 1.2806 -0.151094</i>
                        <i>-0.108092 0.797744 0.593228 -0.974961 0.0315861 -0.220123 -0.19434 -0.602168 0.774355 -0.17643 1.25628 -0.111942</i>
                        <i>0.00546017 0.775042 0.631887 -0.999158 0.029922 -0.0280672 -0.0406606 -0.631201 0.774552 -0.214917 1.24445 -0.0806121</i>
                        <i>0.0553835 0.785238 0.616712 -0.997925 0.0232171 0.0600565 0.0328403 -0.618758 0.784895 -0.213904 1.25353 -0.0546267</i>
                        <i>0.0742576 0.8103 0.581291 -0.994434 0.0164744 0.10407 0.0747515 -0.585784 0.807013 -0.18549 1.27866 -0.0210254</i>
                        <i>0.0838842 0.837678 0.539685 -0.9917 0.01722 0.127414 0.0974381 -0.545893 0.832169 -0.144727 1.30946 0.0139341</i>
                        <i>0.10615 0.856266 0.50551 -0.98805 0.0336945 0.150402 0.111752 -0.515435 0.849611 -0.107472 1.33762 0.0440536</i>
                        <i>0.130244 0.863289 0.487615 -0.982077 0.0447491 0.183093 0.136242 -0.502722 0.853644 -0.085887 1.35704 0.0638005</i>
                        <i>0.13858 0.865257 0.481794 -0.974859 0.0334689 0.220294 0.174486 -0.50021 0.848142 -0.0756764 1.37025 0.0753156</i>
                        <i>0.144096 0.864777 0.481037 -0.965966 0.0173972 0.258082 0.214814 -0.501854 0.837853 -0.0671942 1.38337 0.084135</i>
                        <i>0.147149 0.862298 0.484551 -0.955698 -0.00231051 0.294339 0.254928 -0.506396 0.823756 -0.0599821 1.39597 0.0905407</i>
                        <i>0.148259 0.858224 0.491397 -0.944571 -0.0242885 0.327406 0.292923 -0.5127 0.807053 -0.0537077 1.40761 0.0948281</i>
                        <i>0.148007 0.852991 0.5005 -0.933256 -0.0470233 0.356122 0.327304 -0.519803 0.789099 -0.0481821 1.41794 0.0973176</i>
                        <i>0.146954 0.847118 0.510681 -0.922491 -0.0689385 0.379812 0.356952 -0.526914 0.771328 -0.0433568 1.42667 0.098367</i>
                        <i>0.145588 0.841231 0.520706 -0.913016 -0.0884749 0.398213 0.381058 -0.533388 0.755177 -0.039305 1.43362 0.0983796</i>
                        <i>0.144293 0.836055 0.529331 -0.905518 -0.104143 0.41133 0.399021 -0.53867 0.742036 -0.0361862 1.43869 0.0978032</i>
                        <i>0.143359 0.832379 0.535344 -0.900612 -0.114536 0.41926 0.4103 -0.542242 0.733231 -0.0341977 1.44179 0.0971139</i>
                        <i>0.143004 0.83099 0.537593 -0.898859 -0.118301 0.421968 0.414249 -0.543563 0.730025 -0.0335112 1.44285 0.096785</i>
                    </KeyFrames>
                </p>
            </i>
            <i>
                <p>
                    <Name>
                        <![CDATA[head]]>
</Name>
                    <Exclude>0</Exclude>
                    <Additive>0</Additive>
                    <IKPriority>0</IKPriority>
                    <IKRotLimits>-1e+010 -1e+010 -1e+010 1e+010 1e+010 1e+010</IKRotLimits>
                    <IKRotLimitOrder>0</IKRotLimitOrder>
                    <KeyFrames count="25">
                        <i>-0.0701865 0.960968 -0.267608 0.0560138 -0.26405 -0.962881 -0.99596 -0.082571 -0.0352947 -0.0184314 1.697 0.174355</i>
                        <i>0.122851 0.906427 -0.404101 0.0810421 -0.414988 -0.90621 -0.989111 0.07858 -0.124441 -0.022418 1.68103 0.148122</i>
                        <i>0.378253 0.892493 -0.245725 0.236408 -0.349779 -0.906513 -0.895006 0.2848 -0.343298 -0.0260169 1.64614 0.0727149</i>
                        <i>0.221918 0.9558 0.192869 0.64162 0.00580007 -0.767001 -0.734218 0.29396 -0.611973 -0.0252726 1.60829 -0.0234081</i>
                        <i>-0.284661 0.856483 0.430586 0.738108 0.482434 -0.47165 -0.61169 0.183559 -0.769508 -0.0387046 1.57676 -0.0967656</i>
                        <i>-0.540831 0.691854 0.478372 0.575843 0.719097 -0.388977 -0.613112 0.0650964 -0.78731 -0.0778872 1.54965 -0.118372</i>
                        <i>-0.50211 0.666119 0.551517 0.444585 0.745835 -0.496058 -0.741775 -0.00388001 -0.670638 -0.1295 1.51806 -0.084848</i>
                        <i>-0.358504 0.643781 0.676033 0.252788 0.764061 -0.593556 -0.898651 -0.0418992 -0.436659 -0.171609 1.48196 -0.0162721</i>
                        <i>-0.159388 0.614399 0.772729 0.0662434 0.787627 -0.612581 -0.984991 -0.04645 -0.166238 -0.1913 1.44861 0.0509979</i>
                        <i>-0.00733371 0.587075 0.809499 -0.0492133 0.808328 -0.586672 -0.998761 -0.0441406 0.0229638 -0.192416 1.43141 0.0901319</i>
                        <i>0.027805 0.607209 0.794056 -0.0920442 0.792543 -0.602829 -0.995367 -0.0563265 0.0779267 -0.177133 1.44311 0.111616</i>
                        <i>-0.0109643 0.676559 0.736307 -0.0859368 0.732989 -0.67479 -0.99624 -0.0706745 0.0501046 -0.146889 1.47662 0.135952</i>
                        <i>-0.0666121 0.756401 0.650707 -0.0433247 0.649348 -0.759256 -0.996838 -0.0787673 -0.0104835 -0.108351 1.51691 0.159844</i>
                        <i>-0.0842232 0.820191 0.565857 0.0148218 0.568843 -0.822313 -0.996337 -0.0608708 -0.0600665 -0.0688582 1.55157 0.180471</i>
                        <i>-0.0720645 0.857484 0.509438 0.0448939 0.513037 -0.857192 -0.996389 -0.0389024 -0.0754676 -0.0429452 1.57396 0.194729</i>
                        <i>-0.0671949 0.878426 0.473131 0.044468 0.476368 -0.878121 -0.996748 -0.0379661 -0.0710714 -0.0324906 1.58889 0.203696</i>
                        <i>-0.0595727 0.896519 0.438981 0.0422301 0.441632 -0.896202 -0.99733 -0.034851 -0.0641693 -0.0246144 1.60301 0.211262</i>
                        <i>-0.0505995 0.912081 0.406876 0.0391373 0.408896 -0.911742 -0.997952 -0.0302096 -0.0563863 -0.0187281 1.61597 0.21758</i>
                        <i>-0.0412525 0.925316 0.376947 0.0359615 0.378399 -0.924944 -0.998501 -0.0246007 -0.0488857 -0.0143031 1.62743 0.222757</i>
                        <i>-0.0321769 0.936352 0.349586 0.0332323 0.350576 -0.935944 -0.99893 -0.0184983 -0.0423976 -0.0109182 1.63711 0.226864</i>
                        <i>-0.0238045 0.945277 0.325398 0.0312116 0.326034 -0.944843 -0.999229 -0.0123354 -0.0372646 -0.00828507 1.64489 0.229963</i>
                        <i>-0.0164827 0.952165 0.305141 0.029914 0.305515 -0.951717 -0.999416 -0.00655886 -0.0335188 -0.00624973 1.65075 0.232134</i>
                        <i>-0.0105863 0.957074 0.289652 0.0291828 0.28984 -0.95663 -0.999518 -0.00167427 -0.0309984 -0.00477043 1.65476 0.23349</i>
                        <i>-0.00659073 0.960041 0.279784 0.0288071 0.279856 -0.95961 -0.999563 0.00173522 -0.0295004 -0.00387206 1.65708 0.234182</i>
                        <i>-0.00510176 0.961048 0.276336 0.0286708 0.276367 -0.960625 -0.999576 0.0030219 -0.028964 -0.00357878 1.65784 0.234376</i>
                    </KeyFrames>
                </p>
            </i>
            <i>
                <p>
                    <Name>
                        <![CDATA[head_prop]]>
</Name>
                    <Exclude>0</Exclude>
                    <Additive>0</Additive>
                    <IKPriority>0</IKPriority>
                    <IKRotLimits>-1e+010 -1e+010 -1e+010 1e+010 1e+010 1e+010</IKRotLimits>
                    <IKRotLimitOrder>0</IKRotLimitOrder>
                    <KeyFrames count="25">
                        <i>0.996265 0.0825876 0.0251997 -0.0730584 0.961806 -0.263801 -0.046024 0.260975 0.964248 -0.0413058 2.01019 0.0871392</i>
                        <i>0.99018 -0.0801713 0.114525 0.119894 0.908305 -0.400758 -0.071894 0.410553 0.908998 0.0176204 1.97644 0.0164224</i>
                        <i>0.898281 -0.285784 0.333795 0.374914 0.894655 -0.242964 -0.229196 0.343394 0.910796 0.0972592 1.93701 -0.00736897</i>
                        <i>0.741024 -0.291312 0.604997 0.217367 0.956546 0.194346 -0.635323 -0.0125083 0.772145 0.0470524 1.91979 0.0394497</i>
                        <i>0.618075 -0.176545 0.766039 -0.289271 0.855008 0.430446 -0.730962 -0.487641 0.47739 -0.131478 1.85589 0.0435662</i>
                        <i>0.617227 -0.0562289 0.784773 -0.544785 0.689108 0.47785 -0.567662 -0.722474 0.394703 -0.254149 1.77513 0.0375334</i>
                        <i>0.74471 0.0129349 0.667263 -0.505875 0.663082 0.551737 -0.435313 -0.748435 0.500347 -0.293142 1.73516 0.0948963</i>
                        <i>0.900099 0.0510693 0.432683 -0.361911 0.64057 0.677267 -0.242576 -0.7662 0.595058 -0.288449 1.69178 0.204053</i>
                        <i>0.985156 0.05577 0.162351 -0.162271 0.61108 0.774758 -0.0560012 -0.789602 0.611059 -0.243246 1.64885 0.302837</i>
                        <i>0.998212 0.0535886 -0.0264903 -0.00978782 0.583679 0.811926 0.0589718 -0.810214 0.583159 -0.194806 1.62274 0.353955</i>
                        <i>0.994495 0.0656745 -0.0816493 0.0255329 0.603844 0.796694 0.101626 -0.794393 0.598843 -0.168071 1.641 0.370406</i>
                        <i>0.995323 0.079629 -0.0546847 -0.013263 0.673396 0.739163 0.0956832 -0.734981 0.671303 -0.150462 1.69712 0.375921</i>
                        <i>0.996186 0.0871227 0.00484746 -0.0690842 0.753555 0.653745 0.0533032 -0.651586 0.756699 -0.13006 1.76343 0.371915</i>
                        <i>0.996203 0.0686154 0.0535854 -0.0869292 0.817717 0.569019 -0.00477415 -0.571517 0.820576 -0.0963073 1.81888 0.364889</i>
                        <i>0.996581 0.0462056 0.0684941 -0.0748925 0.855294 0.512702 -0.034893 -0.516078 0.85583 -0.0664316 1.85342 0.36076</i>
                        <i>0.996949 0.0449689 0.0637966 -0.0700222 0.876386 0.476491 -0.0344832 -0.479504 0.876862 -0.05439 1.87517 0.357893</i>
                        <i>0.99753 0.0415647 0.0566267 -0.0623926 0.894628 0.442433 -0.0322704 -0.444874 0.895012 -0.0440297 1.89519 0.35433</i>
                        <i>0.998145 0.0366468 0.0486064 -0.0534086 0.910335 0.410412 -0.0292078 -0.412247 0.910604 -0.035219 1.91323 0.350185</i>
                        <i>0.998689 0.030777 0.040897 -0.0440503 0.923708 0.380557 -0.0260644 -0.38186 0.923853 -0.0277477 1.92899 0.345608</i>
                        <i>0.999115 0.0244339 0.0342284 -0.0349649 0.934872 0.353258 -0.0233677 -0.354142 0.9349 -0.021405 1.94228 0.340797</i>
                        <i>0.999418 0.0180565 0.0289438 -0.0265853 0.943914 0.32912 -0.0213778 -0.329698 0.943844 -0.0160432 1.95297 0.336013</i>
                        <i>0.999612 0.0120991 0.0250767 -0.0192587 0.950899 0.308901 -0.020108 -0.309264 0.950764 -0.0116216 1.96107 0.331582</i>
                        <i>0.999723 0.00707547 0.0224669 -0.0133597 0.955885 0.293438 -0.0193995 -0.293657 0.955714 -0.00822058 1.96668 0.32789</i>
                        <i>0.999775 0.00357698 0.0209133 -0.00936281 0.958901 0.283587 -0.0190394 -0.283718 0.958719 -0.00602005 1.96997 0.325366</i>
                        <i>0.99979 0.00225911 0.0203578 -0.00787334 0.959926 0.280145 -0.0189091 -0.280246 0.959742 -0.00524149 1.97105 0.324437</i>
                    </KeyFrames>
                </p>
            </i>
            <i>
                <p>
                    <Name>
                        <![CDATA[l_clav]]>
</Name>
                    <Exclude>0</Exclude>
                    <Additive>0</Additive>
                    <IKPriority>0</IKPriority>
                    <IKRotLimits>-1e+010 -1e+010 -1e+010 1e+010 1e+010 1e+010</IKRotLimits>
                    <IKRotLimitOrder>0</IKRotLimitOrder>
                    <KeyFrames count="25">
                        <i>0.694017 0.668894 -0.266311 -0.555819 0.732897 0.392335 0.457609 -0.124266 0.880427 0.0683556 1.51284 0.0945744</i>
                        <i>0.777649 0.624798 0.0699194 -0.624832 0.755758 0.195995 0.0696152 -0.196103 0.978109 0.0786497 1.49435 0.0956888</i>
                        <i>0.646302 0.519559 0.558884 -0.580488 0.810144 -0.0818539 -0.495305 -0.271523 0.825196 0.0753334 1.45275 0.0606577</i>
                        <i>0.434686 0.473958 0.765775 -0.512792 0.829267 -0.222173 -0.740333 -0.296108 0.603513 0.0722545 1.41289 -0.0123004</i>
                        <i>0.262919 0.472418 0.841246 -0.502618 0.811328 -0.298531 -0.823559 -0.344336 0.450759 0.0644404 1.38564 -0.0712588</i>
                        <i>0.244908 0.474415 0.845547 -0.565025 0.778542 -0.273164 -0.787887 -0.410856 0.458728 0.0391236 1.366 -0.0985475</i>
                        <i>0.400806 0.460917 0.791776 -0.638598 0.760238 -0.119292 -0.656922 -0.457814 0.599049 -0.00420973 1.33926 -0.09686</i>
                        <i>0.638159 0.426069 0.641263 -0.640889 0.755526 0.135798 -0.426631 -0.497639 0.755209 -0.0574871 1.30593 -0.0779199</i>
                        <i>0.828846 0.368882 0.420644 -0.530966 0.755586 0.38362 -0.176322 -0.54131 0.822128 -0.110624 1.27528 -0.0551204</i>
                        <i>0.916212 0.32152 0.239124 -0.400524 0.752235 0.523186 -0.0116627 -0.575124 0.817983 -0.144623 1.26102 -0.0383224</i>
                        <i>0.933585 0.324616 0.151801 -0.352433 0.755012 0.552944 0.0648828 -0.56972 0.819273 -0.140966 1.27196 -0.0195893</i>
                        <i>0.925269 0.362992 0.110069 -0.363892 0.767561 0.527667 0.107055 -0.528287 0.84229 -0.108239 1.30087 0.0117339</i>
                        <i>0.909769 0.406497 0.0841462 -0.394284 0.782771 0.481466 0.129847 -0.4712 0.872416 -0.0627098 1.33564 0.0463875</i>
                        <i>0.904041 0.424018 0.0540169 -0.401671 0.7995 0.446611 0.146185 -0.425452 0.893096 -0.0215184 1.36563 0.0755899</i>
                        <i>0.901928 0.431483 0.0186882 -0.395498 0.807777 0.437125 0.173516 -0.401646 0.899207 0.00294984 1.38575 0.09331</i>
                        <i>0.889363 0.456982 -0.0141539 -0.404521 0.800938 0.441431 0.213062 -0.386867 0.897184 0.0155619 1.40097 0.102738</i>
                        <i>0.873077 0.485541 -0.0445585 -0.415959 0.789391 0.451486 0.254389 -0.375648 0.891165 0.0262551 1.41629 0.109461</i>
                        <i>0.853768 0.515799 -0.0709322 -0.428941 0.77404 0.465695 0.295109 -0.36717 0.882098 0.0354204 1.43122 0.113901</i>
                        <i>0.832515 0.546262 -0.0922808 -0.442535 0.755929 0.482425 0.333288 -0.360788 0.871063 0.0433562 1.44524 0.116464</i>
                        <i>0.810667 0.575411 -0.108261 -0.455839 0.736296 0.500079 0.367463 -0.356048 0.859186 0.0502452 1.45789 0.117541</i>
                        <i>0.789705 0.601806 -0.119145 -0.468044 0.716568 0.517169 0.396611 -0.352646 0.847549 0.0561481 1.46877 0.117517</i>
                        <i>0.771121 0.624156 -0.125705 -0.478456 0.698332 0.532364 0.420062 -0.350373 0.83713 0.0610129 1.47759 0.116781</i>
                        <i>0.756325 0.641345 -0.129032 -0.486494 0.68326 0.544499 0.437374 -0.349045 0.828777 0.0647012 1.48411 0.115737</i>
                        <i>0.746606 0.652379 -0.130314 -0.491658 0.67304 0.55253 0.448166 -0.348452 0.823243 0.0670303 1.48816 0.114802</i>
                        <i>0.743125 0.656288 -0.130578 -0.493485 0.669293 0.555445 0.451927 -0.348327 0.821237 0.0678318 1.48955 0.114397</i>
                    </KeyFrames>
                </p>
            </i>
            <i>
                <p>
                    <Name>
                        <![CDATA[l_shoulder]]>
</Name>
                    <Exclude>0</Exclude>
                    <Additive>0</Additive>
                    <IKPriority>0</IKPriority>
                    <IKRotLimits>-1e+010 -1e+010 -1e+010 1e+010 1e+010 1e+010</IKRotLimits>
                    <IKRotLimitOrder>0</IKRotLimitOrder>
                    <KeyFrames count="25">
                        <i>0.589773 -0.476691 0.651869 0.0371435 0.822357 0.567758 -0.806715 -0.310636 0.50271 0.205478 1.64499 0.0419571</i>
                        <i>0.262302 -0.524102 0.810256 -0.13265 0.812102 0.568238 -0.955825 -0.25653 0.143494 0.232296 1.61779 0.109503</i>
                        <i>-0.281271 -0.551353 0.785428 -0.317182 0.825884 0.466166 -0.905694 -0.118004 -0.407176 0.203029 1.55541 0.171081</i>
                        <i>-0.562118 -0.508037 0.652627 -0.367286 0.860356 0.353395 -0.741029 -0.0410513 -0.670217 0.158139 1.50654 0.139</i>
                        <i>-0.674928 -0.498234 0.544276 -0.423694 0.865575 0.266952 -0.604116 -0.0504332 -0.795299 0.116387 1.47898 0.0949533</i>
                        <i>-0.640741 -0.534201 0.551435 -0.476338 0.839892 0.260161 -0.602124 -0.0959736 -0.792613 0.0875122 1.45973 0.0685143</i>
                        <i>-0.500127 -0.564506 0.656663 -0.453041 0.816824 0.357146 -0.737989 -0.118877 -0.66426 0.0749809 1.43032 0.0595779</i>
                        <i>-0.270075 -0.600367 0.752741 -0.333583 0.791717 0.511768 -0.903206 -0.112886 -0.414095 0.0685993 1.39011 0.0487798</i>
                        <i>-0.045897 -0.649186 0.759244 -0.142609 0.756518 0.638234 -0.988714 -0.078982 -0.127302 0.0531381 1.34816 0.0279897</i>
                        <i>0.0799023 -0.692758 0.71673 0.0145452 0.719763 0.694068 -0.996697 -0.0450326 0.067587 0.0364003 1.32455 0.00892329</i>
                        <i>0.126018 -0.705176 0.697744 0.0706612 0.707945 0.702724 -0.989508 -0.0392527 0.139043 0.0434903 1.3361 0.0104033</i>
                        <i>0.147107 -0.692943 0.705826 0.0749236 0.719346 0.6906 -0.986279 -0.0487092 0.157739 0.0745739 1.37259 0.033481</i>
                        <i>0.155325 -0.672052 0.72403 0.067793 0.738449 0.670893 -0.985535 -0.055122 0.16026 0.117041 1.41595 0.0630129</i>
                        <i>0.155418 -0.661073 0.734049 0.0870978 0.749355 0.656416 -0.984002 -0.0380849 0.174041 0.157101 1.44941 0.0862625</i>
                        <i>0.168308 -0.661943 0.730413 0.116806 0.749156 0.652013 -0.978789 -0.0244224 0.203408 0.181151 1.471 0.0970024</i>
                        <i>0.206265 -0.664867 0.717918 0.126435 0.745654 0.654228 -0.970293 -0.0441741 0.237865 0.191281 1.49126 0.0999416</i>
                        <i>0.253502 -0.670129 0.697613 0.132025 0.73839 0.661324 -0.958283 -0.0755443 0.275657 0.198756 1.51223 0.100657</i>
                        <i>0.305289 -0.675676 0.671015 0.133039 0.728008 0.672536 -0.942921 -0.116047 0.312144 0.204107 1.53313 0.0998864</i>
                        <i>0.357234 -0.679869 0.640439 0.129354 0.715089 0.686961 -0.925014 -0.162563 0.343398 0.207843 1.55317 0.0982313</i>
                        <i>0.405731 -0.6818 0.608712 0.121378 0.700287 0.703467 -0.905897 -0.211534 0.366884 0.210416 1.57158 0.0961508</i>
                        <i>0.448097 -0.681398 0.578711 0.110142 0.684485 0.720658 -0.887174 -0.259184 0.381766 0.212177 1.58768 0.0939763</i>
                        <i>0.482575 -0.67929 0.55289 0.0973218 0.668936 0.736922 -0.870431 -0.301812 0.388921 0.21337 1.60091 0.0919447</i>
                        <i>0.508088 -0.67653 0.533061 0.0851308 0.655314 0.750544 -0.857088 -0.335962 0.390551 0.214135 1.61082 0.0902432</i>
                        <i>0.523969 -0.674245 0.520433 0.0760772 0.645631 0.75985 -0.848333 -0.358545 0.389585 0.214543 1.61705 0.0890543</i>
                        <i>0.529503 -0.673347 0.515976 0.0725921 0.641976 0.763281 -0.845197 -0.366703 0.388807 0.214657 1.61922 0.0885977</i>
                    </KeyFrames>
                </p>
            </i>
            <i>
                <p>
                    <Name>
                        <![CDATA[l_elbow]]>
</Name>
                    <Exclude>0</Exclude>
                    <Additive>0</Additive>
                    <IKPriority>0</IKPriority>
                    <IKRotLimits>-1e+010 -1e+010 -1e+010 1e+010 1e+010 1e+010</IKRotLimits>
                    <IKRotLimitOrder>0</IKRotLimitOrder>
                    <KeyFrames count="25">
                        <i>-0.873165 -0.251713 0.417402 0.0351219 0.821623 0.568949 -0.486158 0.511446 -0.708571 0.397318 1.48994 0.253995</i>
                        <i>-0.984349 -0.175441 0.0166539 -0.135016 0.811503 0.568536 -0.113259 0.55739 -0.82249 0.317617 1.44731 0.373061</i>
                        <i>-0.827016 -0.00322983 -0.562169 -0.319389 0.825626 0.465115 0.462639 0.564208 -0.683838 0.111538 1.37607 0.426563</i>
                        <i>-0.581057 0.0817649 -0.809745 -0.369072 0.860284 0.351707 0.725368 0.503216 -0.469697 -0.024705 1.34128 0.351285</i>
                        <i>-0.422105 0.069378 -0.903888 -0.425136 0.865479 0.264963 0.800679 0.496118 -0.335828 -0.103151 1.31692 0.271994</i>
                        <i>-0.452413 0.0167357 -0.891651 -0.477776 0.839687 0.258178 0.753029 0.542813 -0.37189 -0.120906 1.28597 0.247884</i>
                        <i>-0.642519 -0.0244734 -0.765879 -0.454821 0.816565 0.35547 0.61669 0.576734 -0.53579 -0.0876989 1.2467 0.273175</i>
                        <i>-0.865501 -0.045303 -0.498855 -0.335784 0.791477 0.510699 0.371696 0.609517 -0.700236 -0.0192499 1.19482 0.293629</i>
                        <i>-0.984513 -0.0461526 -0.169127 -0.145035 0.756367 0.637867 0.0984828 0.652518 -0.751347 0.0382088 1.137 0.274954</i>
                        <i>-0.995569 -0.0560832 0.0754842 0.0120902 0.7197 0.69418 -0.0932578 0.692016 -0.715833 0.0623906 1.09921 0.242059</i>
                        <i>-0.976041 -0.0985747 0.193975 0.06822 0.707899 0.703011 -0.206614 0.699401 -0.684214 0.0844811 1.10672 0.237363</i>
                        <i>-0.9539 -0.15229 0.258615 0.0724884 0.719278 0.690931 -0.291238 0.677826 -0.67508 0.122424 1.14719 0.26307</i>
                        <i>-0.932618 -0.194038 0.304257 0.0653586 0.738365 0.671226 -0.354896 0.645884 -0.675931 0.167564 1.19735 0.298523</i>
                        <i>-0.913953 -0.20415 0.350731 0.0846668 0.749313 0.656781 -0.396889 0.629963 -0.667552 0.207655 1.23438 0.325032</i>
                        <i>-0.894901 -0.207467 0.395107 0.114386 0.749149 0.652451 -0.431356 0.629074 -0.646683 0.235898 1.25569 0.334589</i>
                        <i>-0.875979 -0.227691 0.425225 0.124033 0.745598 0.654751 -0.466128 0.62629 -0.624888 0.258374 1.27499 0.333464</i>
                        <i>-0.862083 -0.245906 0.443106 0.129649 0.738258 0.661942 -0.489902 0.628097 -0.604558 0.281215 1.29425 0.327575</i>
                        <i>-0.853327 -0.263136 0.450103 0.130697 0.727775 0.673247 -0.50473 0.633327 -0.586639 0.30341 1.31335 0.318152</i>
                        <i>-0.84923 -0.279879 0.447745 0.127052 0.714741 0.687752 -0.512509 0.640947 -0.57142 0.324043 1.33203 0.306551</i>
                        <i>-0.848943 -0.296074 0.437762 0.11912 0.699817 0.704319 -0.514884 0.650074 -0.558837 0.342391 1.34981 0.294151</i>
                        <i>-0.851369 -0.311187 0.422295 0.107928 0.683897 0.721551 -0.513344 0.659884 -0.548663 0.357932 1.36604 0.282218</i>
                        <i>-0.855307 -0.324341 0.404045 0.0951475 0.668242 0.737835 -0.50931 0.669519 -0.540691 0.37034 1.37995 0.271787</i>
                        <i>-0.85952 -0.334594 0.386358 0.0829882 0.654535 0.751463 -0.50432 0.677961 -0.534819 0.379404 1.39077 0.263636</i>
                        <i>-0.862838 -0.341137 0.373011 0.0739555 0.644796 0.760769 -0.500042 0.684006 -0.531125 0.384978 1.39774 0.258339</i>
                        <i>-0.864174 -0.343407 0.367798 0.0704779 0.64112 0.764198 -0.498234 0.686321 -0.529836 0.386892 1.4002 0.256433</i>
                    </KeyFrames>
                </p>
            </i>
            <i>
                <p>
                    <Name>
                        <![CDATA[l_wrist]]>
</Name>
                    <Exclude>0</Exclude>
                    <Additive>0</Additive>
                    <IKPriority>0</IKPriority>
                    <IKRotLimits>-1e+010 -1e+010 -1e+010 1e+010 1e+010 1e+010</IKRotLimits>
                    <IKRotLimitOrder>0</IKRotLimitOrder>
                    <KeyFrames count="25">
                        <i>-0.814782 0.160094 0.557225 0.579169 0.1811 0.794837 0.0263351 0.970347 -0.240279 0.113297 1.40806 0.389767</i>
                        <i>-0.968203 0.107082 0.226088 0.235957 0.0906633 0.967525 0.083107 0.990108 -0.113047 -0.00256928 1.39025 0.378479</i>
                        <i>-0.949255 0.0015778 -0.314502 -0.314471 -0.0197745 0.949061 -0.00472166 0.999803 0.0192672 -0.157472 1.37501 0.243702</i>
                        <i>-0.795182 -0.17169 -0.581556 -0.583733 -0.0428646 0.810813 -0.164137 0.984218 -0.0661361 -0.21371 1.36788 0.087893</i>
                        <i>-0.643424 -0.314957 -0.697716 -0.719182 -0.0635561 0.691909 -0.262266 0.946976 -0.185618 -0.240453 1.33948 -0.0220206</i>
                        <i>-0.618441 -0.369648 -0.693463 -0.709271 -0.117362 0.695098 -0.338328 0.92173 -0.189599 -0.268066 1.29141 -0.0421502</i>
                        <i>-0.743639 -0.360258 -0.563219 -0.541825 -0.168804 0.823366 -0.391698 0.917453 -0.0696672 -0.296696 1.23874 0.0240524</i>
                        <i>-0.901892 -0.308954 -0.30189 -0.23928 -0.224531 0.944633 -0.359632 0.924193 0.128576 -0.300778 1.18009 0.131363</i>
                        <i>-0.970097 -0.24268 0.00437485 0.0769423 -0.290378 0.953814 -0.230201 0.925628 0.300367 -0.282031 1.12198 0.219941</i>
                        <i>-0.954858 -0.210004 0.210108 0.272434 -0.337073 0.9012 -0.118434 0.917758 0.379069 -0.261445 1.08097 0.266613</i>
                        <i>-0.918202 -0.265899 0.293604 0.368255 -0.299961 0.880006 -0.145923 0.916145 0.373344 -0.233003 1.07466 0.300459</i>
                        <i>-0.857622 -0.381442 0.344945 0.433643 -0.175777 0.883774 -0.276475 0.907527 0.31616 -0.187858 1.09765 0.347192</i>
                        <i>-0.775936 -0.488372 0.39927 0.464529 -0.0141539 0.885445 -0.426775 0.872521 0.237845 -0.135795 1.13424 0.397491</i>
                        <i>-0.705181 -0.539102 0.46053 0.48218 0.111572 0.868939 -0.519829 0.834818 0.181266 -0.0896336 1.16797 0.439117</i>
                        <i>-0.670968 -0.542309 0.505671 0.509013 0.159018 0.845943 -0.539173 0.824993 0.169346 -0.055193 1.1882 0.463109</i>
