<?xml version="1.0" encoding="ISO-8859-1" ?>
<Animl Version="1">
    <ModellingPackage>
        <![CDATA[Maya.2010]]>
</ModellingPackage>
    <SrcFile>
        <![CDATA[anims\characters\shared\elite\~src\hitreact_left01.mb]]>
</SrcFile>
    <FramesPerSecond>30</FramesPerSecond>
    <TotalFrames>20</TotalFrames>
    <Skeleton>
        <RefFrame>
            <Name>
                <![CDATA[soldier_ref_frame]]>
</Name>
            <Exclude>0</Exclude>
            <Additive>0</Additive>
            <IKPriority>0</IKPriority>
            <IKRotLimits>-1e+010 -1e+010 -1e+010 1e+010 1e+010 1e+010</IKRotLimits>
            <IKRotLimitOrder>0</IKRotLimitOrder>
            <KeyFrames count="20">
                <i>1 0 0 0 1 0 0 0 1 0 0 0</i>
                <i>1 0 0 0 1 0 0 0 1 0 0 0</i>
                <i>1 0 0 0 1 0 0 0 1 0 0 0</i>
                <i>1 0 0 0 1 0 0 0 1 0 0 0</i>
                <i>1 0 0 0 1 0 0 0 1 0 0 0</i>
                <i>1 0 0 0 1 0 0 0 1 0 0 0</i>
                <i>1 0 0 0 1 0 0 0 1 0 0 0</i>
                <i>1 0 0 0 1 0 0 0 1 0 0 0</i>
                <i>1 0 0 0 1 0 0 0 1 0 0 0</i>
                <i>1 0 0 0 1 0 0 0 1 0 0 0</i>
                <i>1 0 0 0 1 0 0 0 1 0 0 0</i>
                <i>1 0 0 0 1 0 0 0 1 0 0 0</i>
                <i>1 0 0 0 1 0 0 0 1 0 0 0</i>
                <i>1 0 0 0 1 0 0 0 1 0 0 0</i>
                <i>1 0 0 0 1 0 0 0 1 0 0 0</i>
                <i>1 0 0 0 1 0 0 0 1 0 0 0</i>
                <i>1 0 0 0 1 0 0 0 1 0 0 0</i>
                <i>1 0 0 0 1 0 0 0 1 0 0 0</i>
                <i>1 0 0 0 1 0 0 0 1 0 0 0</i>
                <i>1 0 0 0 1 0 0 0 1 0 0 0</i>
            </KeyFrames>
        </RefFrame>
        <Bones count="23">
            <i>
                <p>
                    <Name>
                        <![CDATA[pelvis]]>
</Name>
                    <Exclude>0</Exclude>
                    <Additive>0</Additive>
                    <IKPriority>0</IKPriority>
                    <IKRotLimits>-1e+010 -1e+010 -1e+010 1e+010 1e+010 1e+010</IKRotLimits>
                    <IKRotLimitOrder>2</IKRotLimitOrder>
                    <KeyFrames count="20">
                        <i>1 0 0 0 1 0 0 0 1 -0.059303 0.998167 0.0732933</i>
                        <i>1 0 0 0 1 0 0 0 1 -0.059303 0.979088 0.0732933</i>
                        <i>1 0 0 0 1 0 0 0 1 -0.059303 0.948653 0.0732933</i>
                        <i>1 0 0 0 1 0 0 0 1 -0.059303 0.920232 0.0732933</i>
                        <i>1 0 0 0 1 0 0 0 1 -0.059303 0.907198 0.0732933</i>
                        <i>1 0 0 0 1 0 0 0 1 -0.059303 0.907065 0.0732933</i>
                        <i>1 0 0 0 1 0 0 0 1 -0.059303 0.908331 0.0732933</i>
                        <i>1 0 0 0 1 0 0 0 1 -0.059303 0.910841 0.0732933</i>
                        <i>1 0 0 0 1 0 0 0 1 -0.059303 0.914438 0.0732933</i>
                        <i>1 0 0 0 1 0 0 0 1 -0.059303 0.918968 0.0732933</i>
                        <i>1 0 0 0 1 0 0 0 1 -0.059303 0.924276 0.0732933</i>
                        <i>1 0 0 0 1 0 0 0 1 -0.059303 0.930205 0.0732933</i>
                        <i>1 0 0 0 1 0 0 0 1 -0.059303 0.9366 0.0732933</i>
                        <i>1 0 0 0 1 0 0 0 1 -0.059303 0.943307 0.0732933</i>
                        <i>1 0 0 0 1 0 0 0 1 -0.059303 0.950168 0.0732933</i>
                        <i>1 0 0 0 1 0 0 0 1 -0.059303 0.95703 0.0732933</i>
                        <i>1 0 0 0 1 0 0 0 1 -0.059303 0.963736 0.0732933</i>
                        <i>1 0 0 0 1 0 0 0 1 -0.059303 0.970132 0.0732933</i>
                        <i>1 0 0 0 1 0 0 0 1 -0.059303 0.976061 0.0732933</i>
                        <i>1 0 0 0 1 0 0 0 1 -0.059303 0.981368 0.0732933</i>
                    </KeyFrames>
                </p>
            </i>
            <i>
                <p>
                    <Name>
                        <![CDATA[spine0]]>
</Name>
                    <Exclude>0</Exclude>
                    <Additive>0</Additive>
                    <IKPriority>0</IKPriority>
                    <IKRotLimits>-1e+010 -1e+010 -1e+010 1e+010 1e+010 1e+010</IKRotLimits>
                    <IKRotLimitOrder>0</IKRotLimitOrder>
                    <KeyFrames count="20">
                        <i>0.0982027 0.992305 0.0754061 -0.942589 0.0684437 0.326867 0.319191 -0.103176 0.942057 -0.0659625 1.13859 0.0427427</i>
                        <i>0.141922 0.989818 -0.0108386 -0.88283 0.131519 0.450903 0.447737 -0.0544244 0.892507 -0.0767069 1.11728 0.0372993</i>
                        <i>0.157329 0.978951 -0.130013 -0.802345 0.203467 0.561109 0.575752 0.0160366 0.817467 -0.0899909 1.08335 0.0331647</i>
                        <i>0.117899 0.968586 -0.218953 -0.736399 0.2332 0.635086 0.666195 0.0863611 0.74076 -0.101956 1.05086 0.0307099</i>
                        <i>0.0574543 0.969329 -0.238957 -0.712543 0.207464 0.670255 0.699273 0.131758 0.702608 -0.108268 1.03487 0.0286001</i>
                        <i>0.00654082 0.978035 -0.208338 -0.745784 0.143563 0.650535 0.666156 0.15112 0.730342 -0.108587 1.03315 0.0246093</i>
                        <i>-0.0410407 0.985971 -0.161794 -0.811438 0.0615942 0.581184 0.582996 0.155138 0.797526 -0.105738 1.03327 0.0191555</i>
                        <i>-0.0692594 0.989176 -0.129359 -0.876675 0.00153071 0.481081 0.476072 0.146725 0.86708 -0.100827 1.03534 0.0143804</i>
                        <i>-0.0794214 0.98996 -0.116922 -0.921427 -0.0281526 0.387531 0.380348 0.138514 0.914412 -0.0959712 1.03923 0.011814</i>
                        <i>-0.0836487 0.989549 -0.117452 -0.937062 -0.0380149 0.347088 0.338996 0.139094 0.930449 -0.0937189 1.04447 0.0119611</i>
                        <i>-0.0760064 0.989256 -0.124883 -0.937696 -0.0283285 0.3463 0.339041 0.143423 0.929775 -0.0930412 1.05083 0.0137724</i>
                        <i>-0.0553469 0.98976 -0.131575 -0.939185 -0.00687579 0.343344 0.338923 0.142577 0.929948 -0.0914887 1.05821 0.0160579</i>
                        <i>-0.027721 0.99112 -0.130046 -0.940316 0.0182868 0.339811 0.339172 0.131704 0.931459 -0.0892089 1.06632 0.0187531</i>
                        <i>-0.00116597 0.993377 -0.114895 -0.94077 0.0378647 0.336925 0.339044 0.108482 0.934495 -0.0863511 1.07488 0.0217909</i>
                        <i>0.020795 0.99586 -0.0884896 -0.94104 0.0493882 0.33467 0.337655 0.0763128 0.938171 -0.0830696 1.08362 0.0250986</i>
                        <i>0.0391929 0.997591 -0.0572358 -0.941429 0.0560643 0.332519 0.334927 0.040851 0.941358 -0.0795234 1.09227 0.0285981</i>
                        <i>0.05389 0.998273 -0.0234026 -0.942049 0.0585985 0.330318 0.331119 0.00424554 0.943579 -0.0758757 1.10061 0.0322046</i>
                        <i>0.0652991 0.997804 0.0110926 -0.942852 0.0580552 0.328114 0.32675 -0.0318843 0.944573 -0.0722912 1.10842 0.0358279</i>
                        <i>0.0740793 0.99626 0.0444765 -0.943651 0.055603 0.326238 0.322545 -0.0661378 0.944241 -0.0689333 1.11553 0.0393733</i>
                        <i>0.0809641 0.993895 0.0749547 -0.944152 0.052378 0.32532 0.319408 -0.0971079 0.942629 -0.0659625 1.12179 0.0427427</i>
                    </KeyFrames>
                </p>
            </i>
            <i>
                <p>
                    <Name>
                        <![CDATA[spine1]]>
</Name>
                    <Exclude>0</Exclude>
                    <Additive>0</Additive>
                    <IKPriority>0</IKPriority>
                    <IKRotLimits>-1e+010 -1e+010 -1e+010 1e+010 1e+010 1e+010</IKRotLimits>
                    <IKRotLimitOrder>0</IKRotLimitOrder>
                    <KeyFrames count="20">
                        <i>0.113461 0.977061 0.180216 -0.920354 0.0350306 0.389515 0.374267 -0.210057 0.903217 -0.0493611 1.30629 0.055501</i>
                        <i>0.199931 0.978716 0.0462807 -0.830756 0.144283 0.537612 0.519492 -0.145933 0.841922 -0.0530932 1.28187 0.0355255</i>
                        <i>0.231136 0.962146 -0.144401 -0.735164 0.269933 0.621827 0.637267 -0.0375683 0.769727 -0.063659 1.24711 0.0114381</i>
                        <i>0.196311 0.944057 -0.264986 -0.672461 0.326302 0.664322 0.713623 0.0477789 0.698898 -0.0820668 1.21416 -0.00619111</i>
                        <i>0.153193 0.944452 -0.290762 -0.643236 0.31867 0.696202 0.750187 0.0803753 0.656323 -0.0986276 1.19723 -0.0114064</i>
                        <i>0.131112 0.952581 -0.274588 -0.674812 0.288662 0.679193 0.726249 0.0962446 0.680661 -0.107478 1.19589 -0.0100331</i>
                        <i>0.119754 0.964648 -0.234761 -0.754551 0.242111 0.609947 0.645222 0.104095 0.75687 -0.112545 1.19724 -0.00772564</i>
                        <i>0.114305 0.975632 -0.18729 -0.841523 0.195285 0.503689 0.52799 0.100034 0.843338 -0.112353 1.20017 -0.00714808</i>
                        <i>0.109749 0.983401 -0.144494 -0.907437 0.158453 0.389168 0.405603 0.0884083 0.909764 -0.109182 1.20404 -0.00762395</i>
                        <i>0.101659 0.988249 -0.114147 -0.940473 0.132876 0.312817 0.324309 0.0755519 0.942929 -0.107607 1.2089 -0.00752509</i>
                        <i>0.0977049 0.991049 -0.0909723 -0.954466 0.119201 0.27347 0.281866 0.0601106 0.957569 -0.105642 1.21498 -0.00691808</i>
                        <i>0.0999688 0.992912 -0.0642795 -0.964199 0.11262 0.240076 0.245613 0.0379782 0.968624 -0.100669 1.22258 -0.00576197</i>
                        <i>0.10551 0.993878 -0.0327834 -0.969251 0.110154 0.220044 0.222308 0.00855841 0.974939 -0.0938178 1.23147 -0.00288808</i>
                        <i>0.111071 0.993799 0.00508766 -0.970626 0.107379 0.215304 0.213423 -0.0288522 0.976534 -0.0865376 1.2411 0.00258958</i>
                        <i>0.114844 0.992209 0.0482985 -0.968859 0.101139 0.226014 0.219368 -0.0727507 0.972926 -0.0795696 1.25088 0.0102565</i>
                        <i>0.116993 0.988737 0.0933333 -0.964023 0.0904744 0.249947 0.238688 -0.119217 0.963751 -0.0729105 1.26044 0.0189665</i>
                        <i>0.11762 0.983343 0.13857 -0.956389 0.0746003 0.282407 0.267366 -0.165743 0.949234 -0.0667541 1.26949 0.0282589</i>
                        <i>0.117306 0.976173 0.182553 -0.946064 0.0539461 0.319458 0.301999 -0.210181 0.92985 -0.0612004 1.27784 0.0377213</i>
                        <i>0.116922 0.967553 0.223987 -0.933311 0.0299503 0.357818 0.339499 -0.250887 0.90653 -0.0563041 1.28535 0.0469606</i>
                        <i>0.117488 0.957975 0.261687 -0.918749 0.00482797 0.394811 0.376956 -0.28681 0.880706 -0.052102 1.29193 0.0555757</i>
                    </KeyFrames>
                </p>
            </i>
            <i>
                <p>
                    <Name>
                        <![CDATA[spine2]]>
</Name>
                    <Exclude>0</Exclude>
                    <Additive>0</Additive>
                    <IKPriority>0</IKPriority>
                    <IKRotLimits>-1e+010 -1e+010 -1e+010 1e+010 1e+010 1e+010</IKRotLimits>
                    <IKRotLimitOrder>0</IKRotLimitOrder>
                    <KeyFrames count="20">
                        <i>0.0903061 0.923397 0.373071 -0.897005 -0.0873396 0.433307 0.432698 -0.373777 0.820404 -0.031648 1.45835 0.0834918</i>
                        <i>0.0989521 0.966695 0.236026 -0.77716 -0.0730594 0.625048 0.621475 -0.24528 0.744047 -0.0224223 1.43176 0.0424991</i>
                        <i>0.0363103 0.996654 0.0732331 -0.643958 -0.0327037 0.764362 0.764199 -0.0749132 0.640616 -0.0280068 1.39536 -0.0109192</i>
                        <i>-0.0197933 0.999698 -0.0145767 -0.552291 0.00122065 0.83365 0.833416 0.0245513 0.5521 -0.0515498 1.36079 -0.0474345</i>
                        <i>0.00510552 0.997332 -0.0728189 -0.528145 0.0645244 0.846699 0.849139 0.0341361 0.527065 -0.0749746 1.34295 -0.0563725</i>
                        <i>0.07434 0.984595 -0.158262 -0.587753 0.171467 0.790661 0.805618 0.0342413 0.591446 -0.0873662 1.34188 -0.0522395</i>
                        <i>0.156547 0.963189 -0.218539 -0.693843 0.26472 0.669705 0.702904 0.0467911 0.709744 -0.0941772 1.34501 -0.0438036</i>
                        <i>0.211175 0.95281 -0.218078 -0.79964 0.296713 0.522051 0.562122 0.0641395 0.824564 -0.0947859 1.34992 -0.035992</i>
                        <i>0.224474 0.960697 -0.163317 -0.88405 0.271269 0.380617 0.409961 0.0589416 0.910197 -0.0923479 1.35486 -0.029865</i>
                        <i>0.214606 0.972958 -0.08542 -0.933282 0.230067 0.275779 0.287974 0.0205369 0.957418 -0.0920816 1.36015 -0.0250655</i>
                        <i>0.188448 0.982065 0.00589442 -0.960641 0.183083 0.208926 0.2041 -0.0450342 0.977914 -0.0907843 1.36643 -0.0208785</i>
                        <i>0.152912 0.982199 0.109104 -0.979302 0.135789 0.150094 0.132607 -0.129797 0.982633 -0.0854872 1.37442 -0.0156365</i>
                        <i>0.115932 0.971313 0.207629 -0.989575 0.0949676 0.108272 0.0854483 -0.218016 0.972197 -0.0777551 1.38395 -0.00794698</i>
                        <i>0.0891366 0.953762 0.287043 -0.993735 0.0656525 0.0904443 0.0674173 -0.293306 0.953639 -0.0695556 1.3942 0.00335723</i>
                        <i>0.0771173 0.934585 0.34728 -0.993662 0.0434743 0.103657 0.081779 -0.353073 0.932015 -0.0619301 1.4043 0.0177164</i>
                        <i>0.0760959 0.914402 0.397591 -0.98922 0.0191997 0.145173 0.125113 -0.404352 0.906006 -0.0548481 1.41387 0.0334456</i>
                        <i>0.0844962 0.894042 0.439943 -0.978459 -0.00901379 0.206242 0.188355 -0.447893 0.874022 -0.0484937 1.42262 0.0498334</i>
                        <i>0.100011 0.873653 0.476159 -0.959613 -0.041776 0.278204 0.262946 -0.484752 0.834191 -0.0428803 1.4304 0.0662439</i>
                        <i>0.120229 0.852885 0.508066 -0.932438 -0.0786417 0.352668 0.34074 -0.516141 0.785808 -0.0379272 1.43714 0.0820873</i>
                        <i>0.143004 0.83099 0.537593 -0.898859 -0.118301 0.421968 0.414249 -0.543563 0.730025 -0.0335112 1.44285 0.096785</i>
                    </KeyFrames>
                </p>
            </i>
            <i>
                <p>
                    <Name>
                        <![CDATA[head]]>
</Name>
                    <Exclude>0</Exclude>
                    <Additive>0</Additive>
                    <IKPriority>0</IKPriority>
                    <IKRotLimits>-1e+010 -1e+010 -1e+010 1e+010 1e+010 1e+010</IKRotLimits>
                    <IKRotLimitOrder>0</IKRotLimitOrder>
                    <KeyFrames count="20">
                        <i>-0.0701865 0.960968 -0.267608 0.0560138 -0.26405 -0.962881 -0.99596 -0.082571 -0.0352947 -0.0184314 1.697 0.174355</i>
                        <i>-0.0642893 0.982214 -0.176416 -0.0524012 -0.179861 -0.982295 -0.996555 -0.0539066 0.0630324 -0.0182212 1.67769 0.100385</i>
                        <i>-0.0710953 0.972081 0.223616 -0.131564 0.213086 -0.968135 -0.988755 -0.0982497 0.112742 -0.049818 1.64449 0.013167</i>
                        <i>-0.0219576 0.860487 0.508999 -0.225879 0.491688 -0.840965 -0.973908 -0.133438 0.18357 -0.0902585 1.60854 -0.0391502</i>
                        <i>0.121303 0.841564 0.526361 -0.263514 0.538552 -0.800326 -0.956998 -0.0416216 0.287092 -0.103529 1.59249 -0.064301</i>
                        <i>0.271789 0.849626 0.451958 -0.227286 0.513022 -0.827738 -0.935132 0.122246 0.332542 -0.0922492 1.59127 -0.0901294</i>
                        <i>0.370541 0.854614 0.363778 -0.171236 0.4478 -0.877584 -0.912895 0.262889 0.312269 -0.0708673 1.58905 -0.1068</i>
                        <i>0.380869 0.873971 0.30185 -0.142741 0.378118 -0.914687 -0.913544 0.305289 0.268765 -0.0517474 1.58984 -0.105138</i>
                        <i>0.29924 0.916202 0.266515 -0.102552 0.308577 -0.945655 -0.948651 0.255646 0.186297 -0.0423901 1.59651 -0.0869699</i>
                        <i>0.199803 0.964844 0.170745 -0.0574488 0.185495 -0.980965 -0.97815 0.186191 0.0924916 -0.0425874 1.6059 -0.061036</i>
                        <i>0.116277 0.993199 -0.00587829 -0.0372951 -0.00154816 -0.999303 -0.992516 0.116415 0.0368614 -0.0477253 1.61586 -0.0303164</i>
                        <i>0.054699 0.979429 -0.194233 0.00677275 -0.194883 -0.980803 -0.99848 0.0523334 -0.0172934 -0.0523762 1.62482 0.00517477</i>
                        <i>0.0231343 0.940055 -0.340238 0.0569704 -0.341015 -0.93833 -0.998108 0.00232416 -0.0614444 -0.0555558 1.63176 0.0414638</i>
                        <i>0.0106309 0.916403 -0.400115 0.0893748 -0.399407 -0.912407 -0.995941 -0.0260606 -0.0861495 -0.0553739 1.63742 0.0750484</i>
                        <i>-0.000224389 0.933392 -0.358858 0.102113 -0.356961 -0.928521 -0.994773 -0.0368526 -0.0952317 -0.0513633 1.64277 0.105501</i>
                        <i>-0.0134903 0.969447 -0.244928 0.104413 -0.242245 -0.96458 -0.994443 -0.0385862 -0.0979553 -0.0446871 1.64759 0.134349</i>
                        <i>-0.0243296 0.995858 -0.0876118 0.0957581 -0.0849134 -0.991776 -0.995107 -0.032519 -0.0932955 -0.0359182 1.65177 0.161637</i>
                        <i>-0.0275362 0.99665 0.077008 0.0786328 0.0789581 -0.993772 -0.996523 -0.0213094 -0.0805437 -0.025728 1.65507 0.187387</i>
                        <i>-0.0205414 0.977485 0.210002 0.0561474 0.210842 -0.975906 -0.998211 -0.00825551 -0.0592142 -0.0147632 1.6572 0.211621</i>
                        <i>-0.00510176 0.961048 0.276336 0.0286708 0.276367 -0.960625 -0.999576 0.0030219 -0.028964 -0.00357878 1.65784 0.234376</i>
                    </KeyFrames>
                </p>
            </i>
            <i>
                <p>
                    <Name>
                        <![CDATA[head_prop]]>
</Name>
                    <Exclude>0</Exclude>
                    <Additive>0</Additive>
                    <IKPriority>0</IKPriority>
                    <IKRotLimits>-1e+010 -1e+010 -1e+010 1e+010 1e+010 1e+010</IKRotLimits>
                    <IKRotLimitOrder>0</IKRotLimitOrder>
                    <KeyFrames count="20">
                        <i>0.996265 0.0825876 0.0251997 -0.0730584 0.961806 -0.263801 -0.046024 0.260975 0.964248 -0.0413058 2.01019 0.0871392</i>
                        <i>0.99582 0.0548013 -0.0730655 -0.0667239 0.982787 -0.17227 0.0623671 0.176426 0.982336 -0.0391737 1.9978 0.0428894</i>
                        <i>0.987232 0.102939 -0.121556 -0.0731887 0.970946 0.227832 0.141477 -0.216026 0.966083 -0.0729886 1.9613 0.0860454</i>
                        <i>0.971601 0.140537 -0.190373 -0.0236304 0.858132 0.512885 0.235444 -0.493821 0.837082 -0.0974147 1.88898 0.126737</i>
                        <i>0.954712 0.0491301 -0.293448 0.119826 0.839263 0.530357 0.272337 -0.541501 0.795368 -0.0639954 1.86677 0.107245</i>
                        <i>0.933605 -0.114956 -0.339363 0.270221 0.847864 0.456187 0.235292 -0.517601 0.822634 -0.0036708 1.86817 0.0571678</i>
                        <i>0.912181 -0.256213 -0.319814 0.368805 0.853489 0.368156 0.178632 -0.453774 0.873029 0.0498955 1.86758 0.0117583</i>
                        <i>0.913135 -0.299237 -0.27684 0.379016 0.873241 0.306264 0.150103 -0.384587 0.910803 0.0723813 1.87468 -0.00676264</i>
                        <i>0.948411 -0.25016 -0.194773 0.297131 0.915621 0.270835 0.110586 -0.314736 0.942715 0.0551349 1.89511 -0.000110353</i>
                        <i>0.97808 -0.181775 -0.101574 0.197435 0.964577 0.17496 0.0661728 -0.191179 0.979322 0.0225303 1.92036 -0.00538859</i>
                        <i>0.992416 -0.113747 -0.0466016 0.11379 0.993503 -0.00173506 0.0464962 -0.0035809 0.998912 -0.00982949 1.93956 -0.0322322</i>
                        <i>0.998642 -0.051587 0.00722268 0.0520182 0.980346 -0.190306 0.0027366 0.190423 0.981698 -0.0345493 1.94402 -0.0581274</i>
                        <i>0.998674 -0.00310875 0.0513912 0.0202518 0.94143 -0.336599 -0.0473349 0.337193 0.940245 -0.0480161 1.93813 -0.0694227</i>
                        <i>0.996789 0.0246424 0.0761859 0.00762302 0.91794 -0.396646 -0.0797084 0.395953 0.914805 -0.0519092 1.93609 -0.0553528</i>
                        <i>0.995715 0.0358928 0.0852221 -0.00328057 0.934728 -0.355348 -0.092414 0.353546 0.930841 -0.0514364 1.94697 -0.0114538</i>
                        <i>0.995372 0.0388401 0.0879017 -0.0165547 0.970314 -0.24128 -0.0946637 0.238708 0.966466 -0.0490837 1.96354 0.0545252</i>
                        <i>0.995923 0.0343758 0.0834016 -0.0273606 0.996103 -0.0838439 -0.0859588 0.0812202 0.992983 -0.0438474 1.97633 0.133084</i>
                        <i>0.997164 0.0247638 0.0710748 -0.0305017 0.996262 0.080816 -0.0688078 -0.0827546 0.994192 -0.0347023 1.97989 0.212485</i>
                        <i>0.998651 0.0129425 0.0502789 -0.0234204 0.976598 0.213792 -0.0463353 -0.214681 0.975584 -0.0214579 1.97577 0.280063</i>
                        <i>0.99979 0.00225911 0.0203578 -0.00787334 0.959926 0.280145 -0.0189091 -0.280246 0.959742 -0.00524149 1.97105 0.324437</i>
                    </KeyFrames>
                </p>
            </i>
            <i>
                <p>
                    <Name>
                        <![CDATA[l_clav]]>
</Name>
                    <Exclude>0</Exclude>
                    <Additive>0</Additive>
                    <IKPriority>0</IKPriority>
                    <IKRotLimits>-1e+010 -1e+010 -1e+010 1e+010 1e+010 1e+010</IKRotLimits>
                    <IKRotLimitOrder>0</IKRotLimitOrder>
                    <KeyFrames count="20">
                        <i>0.694017 0.668894 -0.266311 -0.555819 0.732897 0.392335 0.457609 -0.124266 0.880427 0.0683556 1.51284 0.0945744</i>
                        <i>0.540313 0.728759 -0.42068 -0.546309 0.684053 0.48334 0.640006 -0.0313332 0.767731 0.0782114 1.49656 0.0248315</i>
                        <i>0.342105 0.769619 -0.53912 -0.523302 0.632576 0.570966 0.780461 0.0867928 0.619151 0.0643035 1.47251 -0.0590334</i>
                        <i>0.235038 0.790154 -0.566051 -0.44954 0.604706 0.657453 0.861784 0.0999361 0.497335 0.0306355 1.44249 -0.114168</i>
                        <i>0.304699 0.761675 -0.571847 -0.346906 0.647906 0.67814 0.887026 -0.00825152 0.461646 0.00643085 1.41448 -0.127822</i>
                        <i>0.472807 0.667314 -0.575453 -0.297402 0.735587 0.608657 0.829461 -0.116637 0.546251 0.00133583 1.39552 -0.11734</i>
                        <i>0.647457 0.563437 -0.513165 -0.307187 0.809176 0.50087 0.697449 -0.166654 0.696987 0.00314523 1.38384 -0.0918408</i>
                        <i>0.753381 0.526185 -0.394394 -0.370218 0.835075 0.406926 0.543467 -0.160559 0.823933 0.00790949 1.38368 -0.063255</i>
                        <i>0.787262 0.563657 -0.25002 -0.477929 0.813982 0.330179 0.389619 -0.140445 0.910204 0.0121373 1.39048 -0.038027</i>
                        <i>0.776743 0.620331 -0.108904 -0.58114 0.77257 0.255756 0.24279 -0.135368 0.960588 0.0115639 1.39823 -0.0191878</i>
                        <i>0.738136 0.674205 0.0245619 -0.665666 0.721899 0.189079 0.109747 -0.155916 0.981655 0.0113849 1.40682 -0.00544266</i>
                        <i>0.685709 0.708478 0.166922 -0.727398 0.675306 0.121878 -0.0263756 -0.204991 0.978408 0.0149363 1.4168 0.00864873</i>
                        <i>0.635498 0.714586 0.292418 -0.759895 0.645939 0.0729542 -0.136752 -0.26857 0.953504 0.0210939 1.42776 0.0235395</i>
                        <i>0.610027 0.696943 0.377012 -0.767243 0.638425 0.0612536 -0.198004 -0.326626 0.924181 0.0283417 1.43854 0.0396654</i>
                        <i>0.622773 0.674036 0.397278 -0.758576 0.644533 0.0956076 -0.191615 -0.360907 0.912705 0.03598 1.44856 0.0557915</i>
                        <i>0.662755 0.660099 0.35359 -0.738975 0.652903 0.166233 -0.12113 -0.371466 0.920511 0.0438764 1.45815 0.0704655</i>
                        <i>0.710578 0.653889 0.259823 -0.703618 0.66091 0.260998 -0.00105641 -0.368275 0.929716 0.0513591 1.46709 0.0835966</i>
                        <i>0.746436 0.652072 0.132797 -0.648227 0.667366 0.366639 0.150451 -0.359755 0.920837 0.0579537 1.47531 0.0951987</i>
                        <i>0.757527 0.65278 -0.00552289 -0.574648 0.670824 0.468801 0.309729 -0.351956 0.883287 0.0634311 1.48279 0.105402</i>
                        <i>0.743125 0.656288 -0.130578 -0.493485 0.669293 0.555445 0.451927 -0.348327 0.821237 0.0678318 1.48955 0.114397</i>
                    </KeyFrames>
                </p>
            </i>
            <i>
                <p>
                    <Name>
                        <![CDATA[l_shoulder]]>
</Name>
                    <Exclude>0</Exclude>
                    <Additive>0</Additive>
                    <IKPriority>0</IKPriority>
                    <IKRotLimits>-1e+010 -1e+010 -1e+010 1e+010 1e+010 1e+010</IKRotLimits>
                    <IKRotLimitOrder>0</IKRotLimitOrder>
                    <KeyFrames count="20">
                        <i>0.589773 -0.476691 0.651869 0.0371435 0.822357 0.567758 -0.806715 -0.310636 0.50271 0.205478 1.64499 0.0419571</i>
                        <i>0.743477 -0.317579 0.588545 -0.0185157 0.86994 0.49281 -0.668505 -0.37729 0.6409 0.184966 1.64055 -0.0582859</i>
                        <i>0.84807 -0.130704 0.513511 -0.16666 0.854124 0.492642 -0.502992 -0.503376 0.702575 0.131896 1.62457 -0.165552</i>
                        <i>0.907198 -0.0461732 0.418163 -0.201383 0.825025 0.527995 -0.369374 -0.563207 0.739162 0.077074 1.59861 -0.226008</i>
                        <i>0.94144 -0.0544563 0.332754 -0.120723 0.867012 0.483442 -0.314828 -0.495303 0.809666 0.0666328 1.56497 -0.240806</i>
                        <i>0.93944 -0.0865904 0.331594 -0.0382236 0.935045 0.352463 -0.340575 -0.343793 0.875109 0.0947523 1.52737 -0.231037</i>
                        <i>0.899759 -0.122064 0.418968 0.0326359 0.976217 0.214327 -0.435165 -0.179169 0.882343 0.131069 1.49516 -0.193231</i>
                        <i>0.822827 -0.136628 0.551624 0.0637439 0.986733 0.149314 -0.564706 -0.0876969 0.82062 0.156761 1.48765 -0.141179</i>
                        <i>0.722616 -0.153363 0.674022 0.0463025 0.983627 0.174167 -0.689697 -0.0946473 0.717886 0.167683 1.50185 -0.0874256</i>
                        <i>0.639003 -0.203064 0.741917 0.0161491 0.967854 0.250994 -0.769035 -0.148405 0.621741 0.165032 1.52079 -0.0407049</i>
                        <i>0.58394 -0.277175 0.763012 -0.025916 0.933062 0.358782 -0.811383 -0.229281 0.537669 0.157225 1.54002 -0.000589771</i>
                        <i>0.538368 -0.363396 0.760331 -0.08202 0.875366 0.476452 -0.838709 -0.318869 0.441464 0.150418 1.55678 0.0416289</i>
                        <i>0.508173 -0.445181 0.737274 -0.136469 0.80361 0.579299 -0.850374 -0.394999 0.34762 0.146655 1.56894 0.081315</i>
                        <i>0.490295 -0.509929 0.706813 -0.169975 0.73946 0.651389 -0.854822 -0.439513 0.275878 0.14887 1.57624 0.114155</i>
                        <i>0.47895 -0.557589 0.678012 -0.174447 0.696503 0.696026 -0.860334 -0.451639 0.236321 0.159027 1.58174 0.134285</i>
                        <i>0.473245 -0.594224 0.650337 -0.155785 0.670151 0.725692 -0.867047 -0.444743 0.224574 0.174822 1.58857 0.140327</i>
                        <i>0.47458 -0.621291 0.623515 -0.117117 0.6575 0.744296 -0.872386 -0.426252 0.239273 0.191754 1.59629 0.134932</i>
                        <i>0.484912 -0.641134 0.594817 -0.0625732 0.652953 0.754809 -0.872321 -0.403236 0.276507 0.205433 1.60415 0.121437</i>
                        <i>0.504268 -0.657228 0.560148 0.00272664 0.649868 0.760042 -0.863543 -0.381737 0.329499 0.213102 1.61177 0.104311</i>
                        <i>0.529503 -0.673347 0.515976 0.0725921 0.641976 0.763281 -0.845197 -0.366703 0.388807 0.214657 1.61922 0.0885977</i>
                    </KeyFrames>
                </p>
            </i>
            <i>
                <p>
                    <Name>
                        <![CDATA[l_elbow]]>
</Name>
                    <Exclude>0</Exclude>
                    <Additive>0</Additive>
                    <IKPriority>0</IKPriority>
                    <IKRotLimits>-1e+010 -1e+010 -1e+010 1e+010 1e+010 1e+010</IKRotLimits>
                    <IKRotLimitOrder>0</IKRotLimitOrder>
                    <KeyFrames count="20">
                        <i>-0.873165 -0.251713 0.417402 0.0351219 0.821623 0.568949 -0.486158 0.511446 -0.708571 0.397318 1.48994 0.253995</i>
                        <i>-0.743945 -0.343395 0.573259 -0.0202082 0.869031 0.494344 -0.667935 0.35618 -0.653451 0.426802 1.53725 0.133154</i>
                        <i>-0.529311 -0.501061 0.684666 -0.167955 0.852894 0.494331 -0.831637 0.146661 -0.535602 0.407754 1.58206 0.00148131</i>
                        <i>-0.349872 -0.566072 0.746426 -0.202356 0.823642 0.52978 -0.914681 0.0343116 -0.402717 0.372164 1.58359 -0.0899889</i>
                        <i>-0.30635 -0.497885 0.811333 -0.121564 0.865796 0.485406 -0.944125 0.0500756 -0.325761 0.372862 1.54726 -0.132569</i>
                        <i>-0.341831 -0.345965 0.873762 -0.0391275 0.934203 0.354589 -0.938947 0.0870213 -0.332876 0.40033 1.4992 -0.123177</i>
                        <i>-0.428715 -0.182446 0.884826 0.0315018 0.975782 0.216464 -0.90289 0.120675 -0.412585 0.423739 1.45546 -0.0569504</i>
                        <i>-0.553528 -0.0919848 0.827735 0.0622968 0.986524 0.15129 -0.830497 0.135309 -0.540339 0.424408 1.4432 0.0382518</i>
                        <i>-0.686556 -0.0977516 0.720476 0.0445558 0.983402 0.175883 -0.72571 0.152855 -0.670806 0.402734 1.45197 0.131818</i>
                        <i>-0.775433 -0.148742 0.613661 0.0142139 0.967501 0.252468 -0.63127 0.204495 -0.748118 0.372884 1.45474 0.200624</i>
                        <i>-0.828845 -0.222965 0.51313 -0.0279508 0.932515 0.360048 -0.558779 0.284082 -0.779143 0.347167 1.44987 0.247601</i>
                        <i>-0.867957 -0.299686 0.396028 -0.0841179 0.874605 0.477483 -0.489463 0.381122 -0.784329 0.325536 1.43857 0.288947</i>
                        <i>-0.891591 -0.356113 0.279731 -0.138593 0.802667 0.580101 -0.431113 0.478444 -0.765005 0.311952 1.42413 0.321133</i>
                        <i>-0.907586 -0.376188 0.186467 -0.172107 0.738412 0.652018 -0.382971 0.55967 -0.734917 0.308351 1.41038 0.344065</i>
                        <i>-0.918568 -0.370685 0.137207 -0.176592 0.695428 0.69656 -0.353622 0.615608 -0.704257 0.314818 1.40037 0.354827</i>
                        <i>-0.922836 -0.361679 0.132524 -0.157946 0.669095 0.726199 -0.351322 0.64923 -0.674591 0.328758 1.39528 0.351867</i>
                        <i>-0.921006 -0.353367 0.163948 -0.119292 0.656492 0.74484 -0.370833 0.666445 -0.646787 0.346124 1.3942 0.337747</i>
                        <i>-0.911146 -0.347362 0.221704 -0.0647494 0.652004 0.755446 -0.406965 0.673966 -0.616562 0.363164 1.3956 0.314917</i>
                        <i>-0.89174 -0.343974 0.294078 0.000569827 0.648973 0.760811 -0.452548 0.678613 -0.57852 0.377129 1.39798 0.286514</i>
                        <i>-0.864174 -0.343407 0.367798 0.0704779 0.64112 0.764198 -0.498234 0.686321 -0.529836 0.386892 1.4002 0.256433</i>
                    </KeyFrames>
                </p>
            </i>
            <i>
                <p>
                    <Name>
                        <![CDATA[l_wrist]]>
</Name>
                    <Exclude>0</Exclude>
                    <Additive>0</Additive>
                    <IKPriority>0</IKPriority>
                    <IKRotLimits>-1e+010 -1e+010 -1e+010 1e+010 1e+010 1e+010</IKRotLimits>
                    <IKRotLimitOrder>0</IKRotLimitOrder>
                    <KeyFrames count="20">
                        <i>-0.814782 0.160094 0.557225 0.579169 0.1811 0.794837 0.0263351 0.970347 -0.240279 0.113297 1.40806 0.389767</i>
                        <i>-0.76217 0.0963394 0.640168 0.635754 0.297929 0.712078 -0.122124 0.949714 -0.288321 0.184813 1.42555 0.319623</i>
                        <i>-0.695329 0.00918932 0.718633 0.666057 0.383854 0.63955 -0.269973 0.923348 -0.273026 0.235581 1.41907 0.224188</i>
                        <i>-0.589158 -0.104037 0.801292 0.719254 0.38436 0.578742 -0.368195 0.917302 -0.15162 0.258359 1.39946 0.152807</i>
                        <i>-0.44986 -0.199674 0.870492 0.808771 0.322362 0.491907 -0.378835 0.925318 0.0164722 0.273213 1.38531 0.131339</i>
                        <i>-0.349564 -0.264415 0.898827 0.861906 0.285359 0.419152 -0.367318 0.921225 0.12815 0.289141 1.38667 0.161038</i>
                        <i>-0.330339 -0.29636 0.896129 0.858107 0.30112 0.415907 -0.3931 0.906365 0.154837 0.284289 1.39611 0.230864</i>
                        <i>-0.412053 -0.304477 0.858782 0.795626 0.339111 0.50198 -0.444063 0.890111 0.102518 0.244358 1.41328 0.307496</i>
                        <i>-0.575062 -0.289398 0.765215 0.680125 0.350722 0.643757 -0.45468 0.890642 -0.00486038 0.179413 1.42017 0.366173</i>
                        <i>-0.728631 -0.237101 0.642558 0.564352 0.323739 0.759408 -0.388077 0.915957 -0.102077 0.120654 1.40636 0.400234</i>
                        <i>-0.838303 -0.159798 0.52126 0.472029 0.265716 0.840586 -0.272831 0.950715 -0.147321 0.0775625 1.37734 0.41451</i>
                        <i>-0.905465 -0.0849305 0.415836 0.395483 0.186742 0.899289 -0.154031 0.978731 -0.1355 0.0432096 1.34109 0.417766</i>
                        <i>-0.934194 -0.0516277 0.353011 0.346384 0.105713 0.932118 -0.0854407 0.993056 -0.080873 0.0219377 1.3083 0.412124</i>
                        <i>-0.94425 -0.0447249 0.326176 0.324327 0.0439511 0.944924 -0.0565974 0.998032 -0.0269954 0.0131343 1.28801 0.404719</i>
                        <i>-0.942612 -0.0278595 0.332726 0.332697 0.00580929 0.943016 -0.0282048 0.999595 0.00379286 0.0160288 1.27979 0.399457</i>
                        <i>-0.93029 -0.0157575 0.366485 0.366735 -0.0179863 0.930152 -0.00806525 0.999714 0.0225113 0.0285806 1.27763 0.394974</i>
                        <i>-0.90847 -0.0111051 0.417803 0.417942 -0.0305846 0.907959 0.00269535 0.99947 0.0324265 0.0465414 1.27925 0.391076</i>
                        <i>-0.878269 -0.0165234 0.477882 0.47816 -0.0360098 0.877534 0.00270856 0.999215 0.039527 0.0667891 1.28261 0.387032</i>
                        <i>-0.841691 -0.0345086 0.538856 0.539895 -0.038401 0.840856 -0.00832417 0.998666 0.0509528 0.0870662 1.2861 0.382172</i>
                        <i>-0.801898 -0.0672169 0.593668 0.596753 -0.0417648 0.801337 -0.029069 0.996864 0.073603 0.105796 1.28849 0.376069</i>
                    </KeyFrames>
                </p>
            </i>
            <i>
                <p>
                    <Name>
                        <![CDATA[r_clav]]>
</Name>
                    <Exclude>0</Exclude>
                    <Additive>0</Additive>
                    <IKPriority>0</IKPriority>
                    <IKRotLimits>-1e+010 -1e+010 -1e+010 1e+010 1e+010 1e+010</IKRotLimits>
                    <IKRotLimitOrder>0</IKRotLimitOrder>
                    <KeyFrames count="20">
                        <i>0.8817 -0.381267 -0.277922 -0.386984 -0.921372 0.0362859 -0.269904 0.0755581 -0.959918 -0.0857527 1.48908 0.167297</i>
                        <i>0.874839 -0.296214 -0.383294 -0.233516 -0.951127 0.20206 -0.424414 -0.0872642 -0.901253 -0.0533361 1.46402 0.130844</i>
                        <i>0.855295 -0.213094 -0.472294 -0.0511999 -0.941813 0.332216 -0.515606 -0.259961 -0.816438 -0.0380466 1.43479 0.0740246</i>
                        <i>0.837032 -0.192729 -0.512087 0.0190027 -0.925106 0.379233 -0.546824 -0.327161 -0.770681 -0.0509262 1.40584 0.0328232</i>
                        <i>0.839096 -0.306632 -0.449327 -0.0965587 -0.896833 0.431703 -0.535345 -0.318854 -0.782137 -0.0744421 1.39398 0.0226495</i>
                        <i>0.845043 -0.474928 -0.245653 -0.308644 -0.808416 0.501201 -0.436624 -0.347717 -0.82973 -0.0957892 1.405 0.024362</i>
                        <i>0.807434 -0.588946 0.0345316 -0.527236 -0.694091 0.490162 -0.264711 -0.41398 -0.870947 -0.115769 1.42171 0.0265979</i>
                        <i>0.740669 -0.617042 0.265838 -0.668276 -0.635713 0.386363 -0.0694056 -0.46382 -0.883207 -0.129712 1.43397 0.0269319</i>
                        <i>0.683475 -0.61328 0.395916 -0.721761 -0.648883 0.240857 0.109191 -0.450377 -0.886137 -0.139916 1.43759 0.0272656</i>
                        <i>0.648726 -0.623969 0.43568 -0.725053 -0.68068 0.104751 0.231198 -0.383846 -0.893986 -0.149096 1.43721 0.0284724</i>
                        <i>0.645583 -0.642693 0.412515 -0.699575 -0.714331 -0.0180891 0.306297 -0.276907 -0.910771 -0.154317 1.43512 0.0312191</i>
                        <i>0.661672 -0.656683 0.361881 -0.657569 -0.74013 -0.140753 0.360268 -0.144829 -0.921537 -0.154245 1.43365 0.0350374</i>
                        <i>0.694355 -0.655843 0.29621 -0.610389 -0.754768 -0.240313 0.381178 -0.0139406 -0.924397 -0.149859 1.43447 0.041774</i>
                        <i>0.733721 -0.639952 0.228286 -0.573464 -0.763467 -0.297079 0.364406 0.0870594 -0.927162 -0.143146 1.4383 0.0536111</i>
                        <i>0.774831 -0.61315 0.153894 -0.551546 -0.77464 -0.309403 0.308923 0.154856 -0.938396 -0.13533 1.44382 0.071053</i>
                        <i>0.81502 -0.575873 0.064132 -0.53603 -0.791367 -0.293954 0.220032 0.205202 -0.953666 -0.126571 1.44927 0.0921765</i>
                        <i>0.846439 -0.531078 -0.038694 -0.521576 -0.812271 -0.261101 0.107235 0.241188 -0.964535 -0.11722 1.45411 0.115453</i>
                        <i>0.86345 -0.481463 -0.15049 -0.504068 -0.834888 -0.22108 -0.0192004 0.266749 -0.963575 -0.107422 1.458 0.139396</i>
                        <i>0.863355 -0.429381 -0.265048 -0.482322 -0.856572 -0.18344 -0.148267 0.286212 -0.946625 -0.0973285 1.46074 0.162608</i>
                        <i>0.846927 -0.377013 -0.374935 -0.458537 -0.874866 -0.156057 -0.269182 0.30409 -0.913822 -0.0872079 1.46222 0.183811</i>
                    </KeyFrames>
                </p>
            </i>
            <i>
                <p>
                    <Name>
                        <![CDATA[r_shoulder]]>
</Name>
                    <Exclude>0</Exclude>
                    <Additive>0</Additive>
                    <IKPriority>0</IKPriority>
                    <IKRotLimits>-1e+010 -1e+010 -1e+010 1e+010 1e+010 1e+010</IKRotLimits>
                    <IKRotLimitOrder>0</IKRotLimitOrder>
                    <KeyFrames count="20">
                        <i>0.717939 0.686465 -0.115451 0.679002 -0.72714 -0.101115 -0.153361 -0.00579668 -0.988153 -0.259957 1.56441 0.222209</i>
                        <i>0.725516 0.59629 -0.343606 0.551976 -0.80238 -0.226955 -0.411034 -0.0250029 -0.911277 -0.226185 1.52255 0.206574</i>
                        <i>0.575411 0.519937 -0.631323 0.425947 -0.849478 -0.311378 -0.698191 -0.0897395 -0.710265 -0.207035 1.4769 0.167338</i>
                        <i>0.405532 0.492509 -0.770051 0.376749 -0.857607 -0.350101 -0.832829 -0.148139 -0.533339 -0.216307 1.44392 0.133999</i>
                        <i>0.41354 0.510012 -0.754237 0.325676 -0.85644 -0.400557 -0.850247 -0.0799906 -0.52027 -0.24023 1.45457 0.111425</i>
                        <i>0.517878 0.563375 -0.643748 0.330209 -0.825848 -0.457096 -0.789154 0.0241485 -0.61372 -0.262751 1.49884 0.0728952</i>
                        <i>0.616702 0.629305 -0.47292 0.439979 -0.773719 -0.455826 -0.652761 0.0730343 -0.754035 -0.275299 1.53808 0.0197724</i>
                        <i>0.673949 0.680729 -0.287055 0.579162 -0.728052 -0.366759 -0.458654 0.0809258 -0.884922 -0.276049 1.55589 -0.0255944</i>
                        <i>0.683962 0.713986 -0.149732 0.670516 -0.696123 -0.256556 -0.287409 0.0750768 -0.954861 -0.274953 1.55877 -0.0509608</i>
                        <i>0.670545 0.734484 -0.104416 0.709193 -0.675941 -0.200371 -0.217748 0.0603062 -0.97414 -0.277267 1.56049 -0.0576098</i>
                        <i>0.660266 0.745648 -0.089762 0.724578 -0.663885 -0.18505 -0.197574 0.0571426 -0.978621 -0.281867 1.56211 -0.0502853</i>
                        <i>0.659194 0.748434 -0.0728676 0.728052 -0.659468 -0.187196 -0.188158 0.0703473 -0.979616 -0.284974 1.5634 -0.0364621</i>
