<?xml version="1.0" encoding="ISO-8859-1" ?>
<Animl Version="1">
    <ModellingPackage>
        <![CDATA[Maya.2010]]>
</ModellingPackage>
    <SrcFile>
        <![CDATA[anims\characters\shared\elite\~src\hitreact_gut01.mb]]>
</SrcFile>
    <FramesPerSecond>30</FramesPerSecond>
    <TotalFrames>20</TotalFrames>
    <Skeleton>
        <RefFrame>
            <Name>
                <![CDATA[soldier_ref_frame]]>
</Name>
            <Exclude>0</Exclude>
            <Additive>0</Additive>
            <IKPriority>0</IKPriority>
            <IKRotLimits>-1e+010 -1e+010 -1e+010 1e+010 1e+010 1e+010</IKRotLimits>
            <IKRotLimitOrder>0</IKRotLimitOrder>
            <KeyFrames count="20">
                <i>1 0 0 0 1 0 0 0 1 0 0 0</i>
                <i>1 0 0 0 1 0 0 0 1 0 0 0</i>
                <i>1 0 0 0 1 0 0 0 1 0 0 0</i>
                <i>1 0 0 0 1 0 0 0 1 0 0 0</i>
                <i>1 0 0 0 1 0 0 0 1 0 0 0</i>
                <i>1 0 0 0 1 0 0 0 1 0 0 0</i>
                <i>1 0 0 0 1 0 0 0 1 0 0 0</i>
                <i>1 0 0 0 1 0 0 0 1 0 0 0</i>
                <i>1 0 0 0 1 0 0 0 1 0 0 0</i>
                <i>1 0 0 0 1 0 0 0 1 0 0 0</i>
                <i>1 0 0 0 1 0 0 0 1 0 0 0</i>
                <i>1 0 0 0 1 0 0 0 1 0 0 0</i>
                <i>1 0 0 0 1 0 0 0 1 0 0 0</i>
                <i>1 0 0 0 1 0 0 0 1 0 0 0</i>
                <i>1 0 0 0 1 0 0 0 1 0 0 0</i>
                <i>1 0 0 0 1 0 0 0 1 0 0 0</i>
                <i>1 0 0 0 1 0 0 0 1 0 0 0</i>
                <i>1 0 0 0 1 0 0 0 1 0 0 0</i>
                <i>1 0 0 0 1 0 0 0 1 0 0 0</i>
                <i>1 0 0 0 1 0 0 0 1 0 0 0</i>
            </KeyFrames>
        </RefFrame>
        <Bones count="23">
            <i>
                <p>
                    <Name>
                        <![CDATA[pelvis]]>
</Name>
                    <Exclude>0</Exclude>
                    <Additive>0</Additive>
                    <IKPriority>0</IKPriority>
                    <IKRotLimits>-1e+010 -1e+010 -1e+010 1e+010 1e+010 1e+010</IKRotLimits>
                    <IKRotLimitOrder>2</IKRotLimitOrder>
                    <KeyFrames count="20">
                        <i>1 0 0 0 1 0 0 0 1 -0.059303 0.998167 0.0732933</i>
                        <i>1 0 0 0 1 0 0 0 1 -0.0592088 1.01076 -0.0228472</i>
                        <i>1 0 0 0 1 0 0 0 1 -0.0583282 1.02416 -0.101532</i>
                        <i>1 0 0 0 1 0 0 0 1 -0.0583454 1.01918 -0.161844</i>
                        <i>1 0 0 0 1 0 0 0 1 -0.0592974 0.986477 -0.211493</i>
                        <i>1 0 0 0 1 0 0 0 1 -0.0598839 0.93838 -0.231542</i>
                        <i>1 0 0 0 1 0 0 0 1 -0.0597082 0.889972 -0.222454</i>
                        <i>1 0 0 0 1 0 0 0 1 -0.0587481 0.856172 -0.197878</i>
                        <i>1 0 0 0 1 0 0 0 1 -0.0575044 0.850033 -0.164058</i>
                        <i>1 0 0 0 1 0 0 0 1 -0.0566966 0.863924 -0.127709</i>
                        <i>1 0 0 0 1 0 0 0 1 -0.0566255 0.884654 -0.0938291</i>
                        <i>1 0 0 0 1 0 0 0 1 -0.0569625 0.90605 -0.0347056</i>
                        <i>1 0 0 0 1 0 0 0 1 -0.0572984 0.92267 0.0178691</i>
                        <i>1 0 0 0 1 0 0 0 1 -0.0576223 0.934226 0.0333983</i>
                        <i>1 0 0 0 1 0 0 0 1 -0.0579077 0.943674 0.0443765</i>
                        <i>1 0 0 0 1 0 0 0 1 -0.0581679 0.951636 0.052027</i>
                        <i>1 0 0 0 1 0 0 0 1 -0.0584275 0.958739 0.0574996</i>
                        <i>1 0 0 0 1 0 0 0 1 -0.0587048 0.965625 0.0619874</i>
                        <i>1 0 0 0 1 0 0 0 1 -0.0590015 0.972948 0.0667857</i>
                        <i>1 0 0 0 1 0 0 0 1 -0.059303 0.981368 0.0732933</i>
                    </KeyFrames>
                </p>
            </i>
            <i>
                <p>
                    <Name>
                        <![CDATA[spine0]]>
</Name>
                    <Exclude>0</Exclude>
                    <Additive>0</Additive>
                    <IKPriority>0</IKPriority>
                    <IKRotLimits>-1e+010 -1e+010 -1e+010 1e+010 1e+010 1e+010</IKRotLimits>
                    <IKRotLimitOrder>0</IKRotLimitOrder>
                    <KeyFrames count="20">
                        <i>0.0982027 0.992305 0.0754061 -0.942589 0.0684437 0.326867 0.319191 -0.103176 0.942057 -0.0659625 1.13859 0.0427427</i>
                        <i>0.129866 0.914508 0.383159 -0.944631 -0.00333118 0.328119 0.301343 -0.404555 0.863439 -0.0698737 1.15407 -0.0160612</i>
                        <i>0.144704 0.778553 0.610669 -0.949437 -0.064533 0.307252 0.27862 -0.624252 0.729849 -0.074516 1.16311 -0.0679943</i>
                        <i>0.136619 0.750193 0.646951 -0.951275 -0.0828832 0.296994 0.276424 -0.656004 0.702317 -0.0787958 1.15734 -0.127364</i>
                        <i>0.136885 0.764199 0.630287 -0.950808 -0.0771377 0.300022 0.277896 -0.640351 0.716048 -0.0811438 1.12654 -0.18695</i>
                        <i>0.134977 0.802814 0.580751 -0.949773 -0.0621806 0.306701 0.282335 -0.592979 0.754097 -0.0828572 1.07969 -0.217369</i>
                        <i>0.124827 0.8669 0.482601 -0.948369 -0.0386898 0.314799 0.291571 -0.496979 0.817311 -0.0831472 1.03178 -0.21639</i>
                        <i>0.111002 0.918704 0.379027 -0.947361 -0.0174301 0.319693 0.30031 -0.394562 0.868409 -0.0825326 0.998022 -0.200861</i>
                        <i>0.0986075 0.950299 0.295311 -0.946969 -0.00159086 0.321322 0.305822 -0.311335 0.899746 -0.0814486 0.991351 -0.176395</i>
                        <i>0.0903852 0.965906 0.242604 -0.947089 0.00803233 0.32087 0.307982 -0.258769 0.915525 -0.0805484 1.00418 -0.149072</i>
                        <i>0.0868776 0.971691 0.219703 -0.947437 0.0124237 0.3197 0.30792 -0.23593 0.921696 -0.0800698 1.0235 -0.123274</i>
                        <i>0.0837885 0.975959 0.201204 -0.947694 0.0156387 0.318797 0.307986 -0.217391 0.926221 -0.0796261 1.04348 -0.0707039</i>
                        <i>0.078081 0.983624 0.162439 -0.947711 0.0226608 0.318325 0.309431 -0.1788 0.933961 -0.0787556 1.05904 -0.0226013</i>
                        <i>0.0732744 0.990029 0.12031 -0.947522 0.0314676 0.31814 0.311181 -0.137307 0.940379 -0.0774287 1.07022 -0.00912701</i>
                        <i>0.0721763 0.992639 0.0972494 -0.947208 0.0376794 0.318397 0.31239 -0.115096 0.942956 -0.0757139 1.07994 0.00182968</i>
                        <i>0.0737347 0.993312 0.0888554 -0.946771 0.041727 0.319192 0.31335 -0.107661 0.943515 -0.0737415 1.08863 0.0109673</i>
                        <i>0.0756696 0.993568 0.0842421 -0.946194 0.0448898 0.32047 0.314627 -0.103959 0.943505 -0.0716523 1.0967 0.0189176</i>
                        <i>0.0776657 0.993621 0.0817644 -0.945525 0.0474027 0.322079 0.316149 -0.102325 0.943175 -0.0695811 1.10458 0.0263463</i>
                        <i>0.0794886 0.993666 0.079433 -0.944824 0.049698 0.323788 0.317789 -0.100788 0.942789 -0.067649 1.11276 0.0340068</i>
                        <i>0.0809641 0.993895 0.0749547 -0.944152 0.052378 0.32532 0.319408 -0.0971079 0.942629 -0.0659625 1.12179 0.0427427</i>
                    </KeyFrames>
                </p>
            </i>
            <i>
                <p>
                    <Name>
                        <![CDATA[spine1]]>
</Name>
                    <Exclude>0</Exclude>
                    <Additive>0</Additive>
                    <IKPriority>0</IKPriority>
                    <IKRotLimits>-1e+010 -1e+010 -1e+010 1e+010 1e+010 1e+010</IKRotLimits>
                    <IKRotLimitOrder>0</IKRotLimitOrder>
                    <KeyFrames count="20">
                        <i>0.113461 0.977061 0.180216 -0.920354 0.0350306 0.389515 0.374267 -0.210057 0.903217 -0.0493611 1.30629 0.055501</i>
                        <i>0.186074 0.878566 0.439884 -0.944754 0.0370285 0.325682 0.269845 -0.476183 0.836919 -0.0455207 1.32581 0.0557929</i>
                        <i>0.245047 0.7591 0.603092 -0.957831 0.0932841 0.271769 0.150041 -0.644256 0.749948 -0.044652 1.32425 0.058132</i>
                        <i>0.259148 0.736464 0.62487 -0.960384 0.12783 0.247635 0.102497 -0.664289 0.740415 -0.049038 1.32137 0.0137258</i>
                        <i>0.261959 0.686641 0.678161 -0.961093 0.121805 0.247921 0.0876286 -0.71672 0.691833 -0.0507796 1.29673 -0.0469631</i>
                        <i>0.265229 0.646197 0.7156 -0.960295 0.11043 0.256203 0.086534 -0.755139 0.649829 -0.0531341 1.25716 -0.0893437</i>
                        <i>0.262667 0.6847 0.679848 -0.957605 0.0985865 0.270692 0.118319 -0.722127 0.681567 -0.0563454 1.21859 -0.112687</i>
                        <i>0.260986 0.726937 0.635176 -0.952958 0.0889507 0.289757 0.154136 -0.680918 0.715955 -0.0596626 1.18792 -0.122736</i>
                        <i>0.263277 0.749395 0.60753 -0.94806 0.0844523 0.306675 0.178513 -0.656715 0.732706 -0.0622788 1.17656 -0.118983</i>
                        <i>0.263707 0.751037 0.605311 -0.947012 0.0822796 0.310482 0.183379 -0.655113 0.732939 -0.0639435 1.1819 -0.104509</i>
                        <i>0.256173 0.745727 0.615034 -0.949664 0.0754717 0.304044 0.180316 -0.661963 0.727524 -0.0647604 1.19484 -0.084563</i>
                        <i>0.234855 0.778594 0.581923 -0.952473 0.0648461 0.297641 0.194006 -0.624169 0.756819 -0.0650432 1.2134 -0.0356884</i>
                        <i>0.207056 0.843783 0.495135 -0.952091 0.0573647 0.300388 0.225059 -0.53361 0.815235 -0.0651205 1.23089 0.00575939</i>
                        <i>0.183722 0.894255 0.40811 -0.948851 0.0528878 0.311263 0.256765 -0.444422 0.858232 -0.064669 1.2427 0.0118162</i>
                        <i>0.166822 0.918437 0.358669 -0.944668 0.0446781 0.324971 0.282441 -0.393036 0.875072 -0.0631893 1.25225 0.0186986</i>
                        <i>0.155696 0.927558 0.339697 -0.939866 0.0332736 0.33992 0.303992 -0.372194 0.876961 -0.0609908 1.26044 0.0263279</i>
                        <i>0.145154 0.936046 0.320545 -0.934584 0.0233671 0.354975 0.324783 -0.351102 0.878205 -0.0585964 1.26815 0.0334487</i>
                        <i>0.135216 0.943882 0.301337 -0.929111 0.0151393 0.36949 0.344193 -0.329936 0.879018 -0.0562053 1.27572 0.0404253</i>
                        <i>0.125959 0.951141 0.281897 -0.923735 0.0088378 0.382931 0.36173 -0.308632 0.879715 -0.0539906 1.28351 0.0476545</i>
                        <i>0.117488 0.957975 0.261687 -0.918749 0.00482797 0.394811 0.376956 -0.28681 0.880706 -0.052102 1.29193 0.0555757</i>
                    </KeyFrames>
                </p>
            </i>
            <i>
                <p>
                    <Name>
                        <![CDATA[spine2]]>
</Name>
                    <Exclude>0</Exclude>
                    <Additive>0</Additive>
                    <IKPriority>0</IKPriority>
                    <IKRotLimits>-1e+010 -1e+010 -1e+010 1e+010 1e+010 1e+010</IKRotLimits>
                    <IKRotLimitOrder>0</IKRotLimitOrder>
                    <KeyFrames count="20">
                        <i>0.0903061 0.923397 0.373071 -0.897005 -0.0873396 0.433307 0.432698 -0.373777 0.820404 -0.031648 1.45835 0.0834918</i>
                        <i>0.117802 0.84609 0.51986 -0.957159 -0.0427028 0.286395 0.264516 -0.531327 0.804812 -0.0132998 1.47762 0.13206</i>
                        <i>0.167137 0.821943 0.544496 -0.982605 0.0935241 0.160438 0.0809474 -0.56184 0.823276 0.00198068 1.46855 0.173443</i>
                        <i>0.197525 0.835993 0.511956 -0.980298 0.168284 0.103425 0.000308113 -0.522298 0.852763 0.00299559 1.46911 0.139999</i>
                        <i>0.208182 0.734537 0.645845 -0.97789 0.169661 0.122254 -0.0197741 -0.657016 0.753617 0.00277685 1.43687 0.0925113</i>
                        <i>0.211555 0.582462 0.784845 -0.976771 0.154017 0.148987 -0.0341 -0.798133 0.601515 0.000689639 1.38794 0.0566109</i>
                        <i>0.207808 0.502362 0.839314 -0.977973 0.12391 0.167973 -0.0196161 -0.855733 0.517046 -0.00433742 1.35375 0.0224838</i>
                        <i>0.207123 0.434147 0.876708 -0.978315 0.0915249 0.185805 0.000426122 -0.896181 0.443689 -0.0100539 1.32567 -0.00161754</i>
                        <i>0.208484 0.389475 0.897131 -0.977782 0.0625048 0.200091 0.0218554 -0.918914 0.393853 -0.0150846 1.31052 -0.00983999</i>
                        <i>0.205574 0.405772 0.890555 -0.977483 0.0408657 0.20702 0.0476097 -0.91306 0.405036 -0.0193371 1.30868 -0.00195711</i>
                        <i>0.195549 0.477649 0.856511 -0.977283 0.02213 0.210781 0.0817247 -0.878272 0.471126 -0.0232593 1.31551 0.0152117</i>
                        <i>0.178487 0.599743 0.780033 -0.975364 0.00339268 0.220574 0.129641 -0.800186 0.585573 -0.027477 1.33786 0.0575211</i>
                        <i>0.158508 0.721963 0.673532 -0.969958 -0.013641 0.24289 0.184545 -0.691797 0.698111 -0.0318655 1.36634 0.0853815</i>
                        <i>0.143069 0.798123 0.585261 -0.961538 -0.028003 0.273239 0.234468 -0.601843 0.76342 -0.0352239 1.38591 0.0772749</i>
                        <i>0.134447 0.828908 0.542988 -0.9521 -0.0438157 0.302632 0.274646 -0.557667 0.783312 -0.036529 1.39885 0.0760223</i>
                        <i>0.13319 0.831111 0.539922 -0.942198 -0.0628151 0.329117 0.307448 -0.552548 0.774704 -0.0361793 1.408 0.0804175</i>
                        <i>0.134091 0.83105 0.539793 -0.931444 -0.0802464 0.354927 0.338278 -0.550379 0.763316 -0.0354998 1.41674 0.0843637</i>
                        <i>0.136552 0.830109 0.540622 -0.920299 -0.0956626 0.379339 0.36661 -0.549334 0.750886 -0.034712 1.42529 0.088193</i>
                        <i>0.13982 0.829643 0.540503 -0.90926 -0.108546 0.401825 0.392041 -0.547641 0.739184 -0.0339986 1.4339 0.092228</i>
                        <i>0.143004 0.83099 0.537593 -0.898859 -0.118301 0.421968 0.414249 -0.543563 0.730025 -0.0335112 1.44285 0.096785</i>
                    </KeyFrames>
                </p>
            </i>
            <i>
                <p>
                    <Name>
                        <![CDATA[head]]>
</Name>
                    <Exclude>0</Exclude>
                    <Additive>0</Additive>
                    <IKPriority>0</IKPriority>
                    <IKRotLimits>-1e+010 -1e+010 -1e+010 1e+010 1e+010 1e+010</IKRotLimits>
                    <IKRotLimitOrder>0</IKRotLimitOrder>
                    <KeyFrames count="20">
                        <i>-0.0701865 0.960968 -0.267608 0.0560138 -0.26405 -0.962881 -0.99596 -0.082571 -0.0352947 -0.0184314 1.697 0.174355</i>
                        <i>-0.0792246 0.996109 0.038605 0.177975 0.0522385 -0.982647 -0.980841 -0.0709791 -0.181421 0.00367915 1.71319 0.261354</i>
                        <i>-0.0894415 0.984926 0.148057 0.239554 0.165563 -0.956662 -0.966754 -0.0500974 -0.250752 0.0315138 1.71659 0.30241</i>
                        <i>-0.00817594 0.998511 -0.0539369 0.119645 -0.0525743 -0.991424 -0.992783 -0.0145591 -0.119037 0.0429026 1.72995 0.255009</i>
                        <i>0.0451191 0.998876 -0.0145201 -0.0812975 -0.0108153 -0.996631 -0.995668 0.0461475 0.0807182 0.0481968 1.67386 0.256585</i>
                        <i>0.0956564 0.95524 0.279941 -0.181893 0.29327 -0.938567 -0.978655 0.0388605 0.201805 0.0485379 1.5755 0.275134</i>
                        <i>0.213276 0.553585 0.80502 -0.0995445 0.832003 -0.545768 -0.971908 0.0362637 0.232552 0.0416304 1.50493 0.263589</i>
                        <i>0.249449 -0.058856 0.966598 0.0758794 0.99627 0.0410807 -0.96541 0.0630972 0.252985 0.034101 1.44473 0.248913</i>
                        <i>0.24779 -0.177842 0.952351 0.159056 0.977137 0.141086 -0.955668 0.116518 0.270412 0.0277618 1.4112 0.238481</i>
                        <i>0.262438 -0.0309487 0.964453 0.185976 0.982369 -0.0190824 -0.946858 0.184373 0.263566 0.021884 1.41543 0.235325</i>
                        <i>0.270892 0.214585 0.938387 0.167711 0.949406 -0.26552 -0.947887 0.229305 0.221198 0.0150078 1.44562 0.234823</i>
                        <i>0.254311 0.468221 0.846224 0.123639 0.852071 -0.508613 -0.959187 0.233973 0.1588 0.00631678 1.50275 0.251526</i>
                        <i>0.220766 0.685631 0.693666 0.0752704 0.697115 -0.712997 -0.972418 0.209618 0.102292 -0.00315876 1.56317 0.249522</i>
                        <i>0.180669 0.818399 0.54551 0.0377628 0.548457 -0.835326 -0.982819 0.171517 0.068184 -0.0102862 1.60082 0.21808</i>
                        <i>0.140546 0.883076 0.447687 0.0159672 0.450095 -0.892838 -0.989945 0.132633 0.0491585 -0.0132835 1.62026 0.206556</i>
                        <i>0.104998 0.909286 0.402709 0.00629123 0.404332 -0.914591 -0.994453 0.0985636 0.0367335 -0.0124914 1.62875 0.211544</i>
                        <i>0.0711053 0.926754 0.368877 0.00256367 0.369642 -0.929171 -0.997465 0.0670147 0.0239076 -0.0106773 1.63619 0.217301</i>
                        <i>0.0405889 0.939305 0.340675 0.00498299 0.340761 -0.940137 -0.999164 0.0398567 0.00915058 -0.00827781 1.6431 0.223326</i>
                        <i>0.0148186 0.949974 0.311978 0.0136696 0.31179 -0.950053 -0.999797 0.0183431 -0.00836548 -0.00575186 1.6501 0.229156</i>
                        <i>-0.00510176 0.961048 0.276336 0.0286708 0.276367 -0.960625 -0.999576 0.0030219 -0.028964 -0.00357878 1.65784 0.234376</i>
                    </KeyFrames>
                </p>
            </i>
            <i>
                <p>
                    <Name>
                        <![CDATA[head_prop]]>
</Name>
                    <Exclude>0</Exclude>
                    <Additive>0</Additive>
                    <IKPriority>0</IKPriority>
                    <IKRotLimits>-1e+010 -1e+010 -1e+010 1e+010 1e+010 1e+010</IKRotLimits>
                    <IKRotLimitOrder>0</IKRotLimitOrder>
                    <KeyFrames count="20">
                        <i>0.996265 0.0825876 0.0251997 -0.0730584 0.961806 -0.263801 -0.046024 0.260975 0.964248 -0.0413058 2.01019 0.0871392</i>
                        <i>0.982309 0.0741695 0.171952 -0.08255 0.995697 0.0421004 -0.168089 -0.0555503 0.984205 -0.0221409 2.03783 0.273936</i>
                        <i>0.968795 0.0543617 0.241827 -0.0929785 0.984111 0.151262 -0.229762 -0.169027 0.958457 0.00236407 2.03759 0.350664</i>
                        <i>0.993875 0.0167386 0.109236 -0.0112977 0.998673 -0.0502391 -0.109932 0.0486973 0.992745 0.040238 2.05538 0.23743</i>
                        <i>0.994948 -0.0435574 -0.0904534 0.0428024 0.999031 -0.010271 0.0908131 0.0063476 0.995848 0.0629015 1.9994 0.251853</i>
                        <i>0.977092 -0.0334288 -0.210175 0.0937916 0.954144 0.284273 0.191034 -0.297474 0.935422 0.0797132 1.88682 0.366369</i>
                        <i>0.971464 -0.0266716 -0.235682 0.211094 0.550307 0.807838 0.108151 -0.834536 0.540234 0.111139 1.68535 0.525952</i>
                        <i>0.966772 -0.053556 -0.249966 0.246575 -0.0627207 0.967092 -0.0674717 -0.996593 -0.0474311 0.115399 1.42555 0.563936</i>
                        <i>0.957835 -0.107481 -0.266457 0.244605 -0.181486 0.952487 -0.150732 -0.977502 -0.147543 0.108519 1.35324 0.548861</i>
                        <i>0.949327 -0.174885 -0.261138 0.259166 -0.0344352 0.965219 -0.177795 -0.983986 0.0126342 0.107415 1.40534 0.549649</i>
                        <i>0.950202 -0.219474 -0.221241 0.267692 0.211349 0.940039 -0.159555 -0.952451 0.259576 0.103294 1.51555 0.540652</i>
                        <i>0.961027 -0.224405 -0.161461 0.251259 0.465388 0.848695 -0.115309 -0.856187 0.503634 0.089199 1.65534 0.527318</i>
                        <i>0.973696 -0.200974 -0.107356 0.217876 0.683358 0.696815 -0.0666791 -0.701877 0.709171 0.068791 1.78663 0.475594</i>
                        <i>0.983623 -0.163964 -0.0748401 0.177903 0.816625 0.549067 -0.028911 -0.553389 0.832421 0.0485954 1.86755 0.395867</i>
                        <i>0.990429 -0.125865 -0.056639 0.137849 0.881596 0.451427 -0.00688579 -0.454914 0.890509 0.0325215 1.90806 0.352462</i>
                        <i>0.994746 -0.0921718 -0.0445476 0.102329 0.9079 0.406504 0.00297655 -0.408927 0.912562 0.0217284 1.9251 0.34279</i>
                        <i>0.997631 -0.060915 -0.0319555 0.0684442 0.925425 0.372698 0.00686957 -0.374002 0.927402 0.0124966 1.93823 0.337522</i>
                        <i>0.99927 -0.0340057 -0.017382 0.0379138 0.93802 0.344501 0.00458967 -0.344908 0.938625 0.00495049 1.94923 0.334355</i>
                        <i>0.999919 -0.0127464 -4.07079e-005 0.012107 0.948749 0.315798 -0.00398664 -0.315773 0.948826 -0.000922335 1.9597 0.330832</i>
                        <i>0.99979 0.00225911 0.0203578 -0.00787334 0.959926 0.280145 -0.0189091 -0.280246 0.959742 -0.00524149 1.97105 0.324437</i>
                    </KeyFrames>
                </p>
            </i>
            <i>
                <p>
                    <Name>
                        <![CDATA[l_clav]]>
</Name>
                    <Exclude>0</Exclude>
                    <Additive>0</Additive>
                    <IKPriority>0</IKPriority>
                    <IKRotLimits>-1e+010 -1e+010 -1e+010 1e+010 1e+010 1e+010</IKRotLimits>
                    <IKRotLimitOrder>0</IKRotLimitOrder>
                    <KeyFrames count="20">
                        <i>0.694017 0.668894 -0.266311 -0.555819 0.732897 0.392335 0.457609 -0.124266 0.880427 0.0683556 1.51284 0.0945744</i>
                        <i>0.743665 0.668553 0.000258831 -0.620213 0.689749 0.373608 0.249598 -0.277999 0.927587 0.093601 1.53295 0.176264</i>
                        <i>0.766284 0.631213 0.119911 -0.641175 0.739277 0.205826 0.0412726 -0.234606 0.971214 0.1153 1.52241 0.246847</i>
                        <i>0.762443 0.635044 0.124098 -0.645863 0.758548 0.086407 -0.0392622 -0.146031 0.988501 0.119577 1.52745 0.224574</i>
                        <i>0.753939 0.597528 0.273013 -0.65358 0.724244 0.219784 -0.0664005 -0.344139 0.936568 0.119255 1.47966 0.185513</i>
                        <i>0.739229 0.48303 0.469279 -0.664269 0.637668 0.390033 -0.110846 -0.600051 0.792245 0.115142 1.40977 0.148997</i>
                        <i>0.71592 0.386814 0.581234 -0.685371 0.548112 0.479416 -0.133136 -0.741585 0.657516 0.108486 1.36916 0.105761</i>
                        <i>0.705096 0.299983 0.642534 -0.695595 0.468674 0.544511 -0.137795 -0.830876 0.539126 0.101428 1.3365 0.07124</i>
                        <i>0.716986 0.265492 0.644551 -0.687291 0.423704 0.590004 -0.116458 -0.866019 0.48626 0.0948896 1.3163 0.0532746</i>
                        <i>0.769576 0.291173 0.568306 -0.635246 0.439588 0.635 -0.0649255 -0.849695 0.523262 0.0890026 1.31175 0.0548827</i>
                        <i>0.841694 0.325585 0.430751 -0.539941 0.513267 0.667099 -0.00389278 -0.794073 0.60781 0.0838193 1.32018 0.0694665</i>
                        <i>0.89299 0.353344 0.278779 -0.447059 0.624754 0.640172 0.0520331 -0.696298 0.715864 0.0791832 1.35201 0.110872</i>
                        <i>0.907207 0.38902 0.160121 -0.407423 0.717664 0.56477 0.104794 -0.5776 0.809565 0.0744835 1.39395 0.134859</i>
                        <i>0.882075 0.45862 0.107758 -0.448156 0.746326 0.492091 0.145261 -0.482353 0.863849 0.0703922 1.42287 0.119909</i>
                        <i>0.831521 0.542957 0.11735 -0.530939 0.714713 0.455291 0.163332 -0.440889 0.882575 0.068289 1.44026 0.112972</i>
                        <i>0.775999 0.609903 0.160761 -0.606721 0.652143 0.454532 0.172381 -0.450254 0.876103 0.0679875 1.45073 0.113334</i>
                        <i>0.743166 0.643229 0.184286 -0.640908 0.6052 0.472196 0.1922 -0.469031 0.862015 0.0679997 1.46068 0.113271</i>
                        <i>0.746274 0.653268 0.127732 -0.615659 0.604458 0.505563 0.25306 -0.455928 0.853282 0.0680934 1.47033 0.113183</i>
                        <i>0.753012 0.658007 -0.000503404 -0.555375 0.635971 0.535817 0.352892 -0.403197 0.844334 0.0680854 1.47988 0.113441</i>
                        <i>0.743125 0.656288 -0.130578 -0.493485 0.669293 0.555445 0.451927 -0.348327 0.821237 0.0678318 1.48955 0.114397</i>
                    </KeyFrames>
                </p>
            </i>
            <i>
                <p>
                    <Name>
                        <![CDATA[l_shoulder]]>
</Name>
                    <Exclude>0</Exclude>
                    <Additive>0</Additive>
                    <IKPriority>0</IKPriority>
                    <IKRotLimits>-1e+010 -1e+010 -1e+010 1e+010 1e+010 1e+010</IKRotLimits>
                    <IKRotLimitOrder>0</IKRotLimitOrder>
                    <KeyFrames count="20">
                        <i>0.589773 -0.476691 0.651869 0.0371435 0.822357 0.567758 -0.806715 -0.310636 0.50271 0.205478 1.64499 0.0419571</i>
                        <i>0.4424 -0.594816 0.671175 0.00325935 0.749458 0.662044 -0.896812 -0.290701 0.333499 0.240533 1.66504 0.176315</i>
                        <i>0.28635 -0.571819 0.768782 0.00721334 0.803646 0.595064 -0.958098 -0.164851 0.234249 0.266701 1.64712 0.270539</i>
                        <i>0.228529 -0.5064 0.831465 0.0338376 0.857681 0.513067 -0.972949 -0.0891158 0.21314 0.270219 1.65292 0.249093</i>
                        <i>0.215974 -0.68508 0.695716 0.0502541 0.719388 0.692789 -0.975105 -0.114661 0.189797 0.268218 1.59771 0.239455</i>
                        <i>0.203203 -0.879186 0.430976 0.0501154 0.448921 0.892165 -0.977853 -0.159692 0.135283 0.261197 1.5052 0.241716</i>
                        <i>0.224454 -0.951302 0.211295 0.0381464 0.225238 0.973557 -0.973738 -0.210459 0.0868445 0.249936 1.44559 0.2206</i>
                        <i>0.256123 -0.965837 0.0395062 0.0340829 0.0498671 0.998174 -0.966043 -0.254309 0.0456906 0.24074 1.39577 0.198191</i>
                        <i>0.292417 -0.956013 -0.0230509 0.0452629 -0.0102409 0.998923 -0.955219 -0.293145 0.0402773 0.23655 1.36875 0.180624</i>
                        <i>0.337076 -0.93852 0.0745671 0.0721326 0.104714 0.991883 -0.93871 -0.328961 0.102994 0.241054 1.36928 0.167168</i>
                        <i>0.394808 -0.876719 0.274755 0.094217 0.336106 0.9371 -0.91392 -0.344088 0.2153 0.25012 1.3845 0.154574</i>
                        <i>0.459381 -0.74467 0.484185 0.0944476 0.582967 0.806988 -0.883203 -0.324985 0.338137 0.255619 1.42182 0.165953</i>
                        <i>0.512047 -0.604297 0.610437 0.0826926 0.742051 0.665223 -0.854968 -0.290147 0.429936 0.253728 1.47081 0.166495</i>
                        <i>0.552971 -0.540213 0.634345 0.083424 0.793406 0.602948 -0.829014 -0.280493 0.483798 0.244671 1.51348 0.1412</i>
                        <i>0.589216 -0.546602 0.595022 0.0958074 0.778506 0.620282 -0.802275 -0.308472 0.511076 0.23258 1.54753 0.136158</i>
                        <i>0.614612 -0.58683 0.527146 0.107249 0.724223 0.681175 -0.781505 -0.362122 0.508053 0.221308 1.57124 0.145097</i>
                        <i>0.621891 -0.62076 0.477398 0.107748 0.671652 0.732989 -0.775655 -0.404401 0.484581 0.214833 1.58777 0.149682</i>
                        <i>0.598718 -0.648153 0.470568 0.0974187 0.642072 0.76043 -0.795013 -0.409441 0.447562 0.215541 1.5994 0.13842</i>
                        <i>0.560434 -0.665556 0.492898 0.0834319 0.637487 0.76593 -0.823986 -0.38813 0.412798 0.216864 1.60989 0.113341</i>
                        <i>0.529503 -0.673347 0.515976 0.0725921 0.641976 0.763281 -0.845197 -0.366703 0.388807 0.214657 1.61922 0.0885977</i>
                    </KeyFrames>
                </p>
            </i>
            <i>
                <p>
                    <Name>
                        <![CDATA[l_elbow]]>
</Name>
                    <Exclude>0</Exclude>
                    <Additive>0</Additive>
                    <IKPriority>0</IKPriority>
                    <IKRotLimits>-1e+010 -1e+010 -1e+010 1e+010 1e+010 1e+010</IKRotLimits>
                    <IKRotLimitOrder>0</IKRotLimitOrder>
                    <KeyFrames count="20">
                        <i>-0.873165 -0.251713 0.417402 0.0351219 0.821623 0.568949 -0.486158 0.511446 -0.708571 0.397318 1.48994 0.253995</i>
                        <i>-0.933907 -0.23625 0.268336 0.00102568 0.748782 0.662816 -0.357516 0.619283 -0.69905 0.384436 1.47156 0.394633</i>
                        <i>-0.975676 -0.126741 0.178865 0.00483932 0.803277 0.595585 -0.219163 0.581964 -0.783125 0.359845 1.46112 0.520606</i>
                        <i>-0.985394 -0.0594467 0.159575 0.0314309 0.857495 0.513532 -0.167363 0.511047 -0.843102 0.344554 1.4882 0.519549</i>
                        <i>-0.989384 -0.0612226 0.131799 0.0478431 0.71915 0.693205 -0.137223 0.692152 -0.708587 0.338469 1.37487 0.465755</i>
                        <i>-0.99503 -0.0568457 0.0817533 0.0476988 0.448586 0.892466 -0.0874062 0.89193 -0.443645 0.327295 1.21923 0.381903</i>
                        <i>-0.997139 -0.0569143 0.0497354 0.035739 0.224782 0.973753 -0.0666002 0.972745 -0.222105 0.322946 1.13615 0.289329</i>
                        <i>-0.997472 -0.0619945 0.0347288 0.0316927 0.0493032 0.998281 -0.0636002 0.996858 -0.0472137 0.324051 1.0816 0.211041</i>
                        <i>-0.995558 -0.0843516 0.0418281 0.0428972 -0.0109015 0.99902 -0.083813 0.996376 0.0144714 0.331667 1.05778 0.173126</i>
                        <i>-0.987908 -0.130819 0.0832159 0.0698045 0.103964 0.992128 -0.13844 0.98594 -0.0935753 0.350697 1.064 0.191423</i>
                        <i>-0.969684 -0.183938 0.160873 0.0919456 0.335316 0.937608 -0.226405 0.923975 -0.308238 0.378542 1.09933 0.243945</i>
                        <i>-0.940093 -0.216467 0.263376 0.0922469 0.582215 0.807784 -0.3282 0.783688 -0.527368 0.405045 1.1796 0.323447</i>
                        <i>-0.911757 -0.215273 0.349796 0.0805574 0.741376 0.666237 -0.402754 0.635625 -0.658612 0.420285 1.27425 0.365056</i>
                        <i>-0.894597 -0.209134 0.394917 0.0813501 0.79275 0.604093 -0.439407 0.572547 -0.692179 0.42454 1.33776 0.347538</i>
                        <i>-0.883617 -0.222588 0.411917 0.0937974 0.777781 0.621498 -0.458719 0.587803 -0.666382 0.424238 1.36974 0.329705</i>
                        <i>-0.878862 -0.253396 0.404218 0.105289 0.723368 0.682388 -0.465313 0.642284 -0.609061 0.421227 1.38035 0.316565</i>
                        <i>-0.881301 -0.278699 0.381621 0.105802 0.670696 0.734148 -0.460558 0.687382 -0.561598 0.41712 1.38585 0.304969</i>
                        <i>-0.883119 -0.298478 0.361956 0.0954262 0.641105 0.761497 -0.459342 0.707032 -0.53769 0.41029 1.38857 0.291485</i>
                        <i>-0.875717 -0.321757 0.35999 0.0813691 0.636576 0.766909 -0.47592 0.700887 -0.531279 0.39916 1.3934 0.27367</i>
                        <i>-0.864174 -0.343407 0.367798 0.0704779 0.64112 0.764198 -0.498234 0.686321 -0.529836 0.386892 1.4002 0.256433</i>
                    </KeyFrames>
                </p>
            </i>
            <i>
                <p>
                    <Name>
                        <![CDATA[l_wrist]]>
</Name>
                    <Exclude>0</Exclude>
                    <Additive>0</Additive>
                    <IKPriority>0</IKPriority>
                    <IKRotLimits>-1e+010 -1e+010 -1e+010 1e+010 1e+010 1e+010</IKRotLimits>
                    <IKRotLimitOrder>0</IKRotLimitOrder>
                    <KeyFrames count="20">
                        <i>-0.814782 0.160094 0.557225 0.579169 0.1811 0.794837 0.0263351 0.970347 -0.240279 0.113297 1.40806 0.389767</i>
                        <i>-0.887342 0.0803355 0.45406 0.458392 0.0468906 0.887512 0.0500075 0.995664 -0.0784332 0.0806572 1.39471 0.481917</i>
                        <i>-0.93311 0.121366 0.338491 0.349543 0.0851595 0.933042 0.084414 0.988948 -0.121886 0.0424792 1.4199 0.578787</i>
                        <i>-0.942568 0.162698 0.291709 0.317505 0.165267 0.933744 0.103708 0.972736 -0.207433 0.024028 1.46886 0.571456</i>
                        <i>-0.943748 0.134173 0.30222 0.298677 -0.046283 0.953231 0.141886 0.989877 0.00360508 0.0166445 1.35496 0.508627</i>
                        <i>-0.945966 0.0957136 0.309819 0.258973 -0.351996 0.899462 0.195146 0.931095 0.308189 0.00363407 1.20073 0.408496</i>
                        <i>-0.944628 0.0692791 0.320746 0.235816 -0.536388 0.810357 0.228185 0.841123 0.49035 -0.00140079 1.11764 0.305507</i>
                        <i>-0.937212 0.0444375 0.345918 0.236075 -0.649247 0.723013 0.256715 0.759279 0.597991 -0.000404262 1.06144 0.222338</i>
                        <i>-0.922349 0.0241779 0.385601 0.272477 -0.666868 0.693573 0.273914 0.744784 0.608497 0.00783451 1.03035 0.186732</i>
                        <i>-0.89076 0.0244784 0.453815 0.368947 -0.544127 0.753528 0.265378 0.838646 0.475655 0.0293532 1.02144 0.218491</i>
                        <i>-0.840898 0.05939 0.537925 0.499375 -0.297973 0.813533 0.208603 0.952725 0.220907 0.0631258 1.0395 0.296274</i>
                        <i>-0.790664 0.130433 0.598195 0.602533 -0.00760547 0.798057 0.108643 0.991428 -0.0725771 0.099254 1.10919 0.409117</i>
                        <i>-0.764004 0.198194 0.614017 0.644876 0.203911 0.736583 0.0207818 0.958718 -0.283599 0.123711 1.20422 0.478837</i>
                        <i>-0.760974 0.222578 0.609408 0.648294 0.297311 0.700943 -0.025169 0.928474 -0.370542 0.133548 1.26974 0.475996</i>
                        <i>-0.764919 0.205095 0.610602 0.642437 0.311533 0.700158 -0.0466244 0.927838 -0.370058 0.136817 1.29733 0.463693</i>
                        <i>-0.772613 0.155875 0.615444 0.632906 0.265425 0.72731 -0.0499854 0.951448 -0.303725 0.135354 1.29793 0.448048</i>
                        <i>-0.781943 0.0986062 0.615501 0.621586 0.197562 0.758024 -0.046854 0.975318 -0.215775 0.130453 1.2952 0.429102</i>
                        <i>-0.790852 0.038725 0.610781 0.61066 0.116113 0.783334 -0.0405852 0.992481 -0.115476 0.123032 1.29149 0.409222</i>
                        <i>-0.797844 -0.0182705 0.602587 0.601909 0.032071 0.79792 -0.0339039 0.999319 -0.0145904 0.11431 1.28874 0.390766</i>
                        <i>-0.801898 -0.0672169 0.593668 0.596753 -0.0417648 0.801337 -0.029069 0.996864 0.073603 0.105796 1.28849 0.376069</i>
                    </KeyFrames>
                </p>
            </i>
            <i>
                <p>
                    <Name>
                        <![CDATA[r_clav]]>
</Name>
                    <Exclude>0</Exclude>
                    <Additive>0</Additive>
                    <IKPriority>0</IKPriority>
                    <IKRotLimits>-1e+010 -1e+010 -1e+010 1e+010 1e+010 1e+010</IKRotLimits>
                    <IKRotLimitOrder>0</IKRotLimitOrder>
                    <KeyFrames count="20">
                        <i>0.8817 -0.381267 -0.277922 -0.386984 -0.921372 0.0362859 -0.269904 0.0755581 -0.959918 -0.0857527 1.48908 0.167297</i>
                        <i>0.860879 -0.469057 -0.197164 -0.493789 -0.863649 -0.101399 -0.122718 0.18465 -0.975113 -0.0711257 1.51169 0.221159</i>
                        <i>0.790488 -0.609804 -0.0571677 -0.612442 -0.785995 -0.084411 0.0065406 0.101738 -0.99479 -0.0551244 1.51843 0.270131</i>
                        <i>0.725246 -0.687567 0.0356402 -0.687059 -0.726104 -0.0268979 0.0443726 -0.00497931 -0.999003 -0.051692 1.53339 0.239875</i>
                        <i>0.673089 -0.731488 -0.108983 -0.73765 -0.653432 -0.169999 0.0531394 0.194815 -0.979399 -0.0520134 1.48804 0.19963</i>
                        <i>0.621061 -0.708327 -0.335495 -0.78073 -0.521494 -0.344246 0.0688807 0.475729 -0.876891 -0.0560749 1.41995 0.16255</i>
                        <i>0.596443 -0.636598 -0.488874 -0.8001 -0.422985 -0.425351 0.0639908 0.644846 -0.761629 -0.0627901 1.3775 0.119815</i>
                        <i>0.589717 -0.549135 -0.592186 -0.806032 -0.354378 -0.474055 0.0504626 0.75688 -0.651603 -0.069874 1.34179 0.0864075</i>
                        <i>0.605047 -0.492964 -0.625223 -0.795578 -0.343563 -0.499019 0.0311953 0.799344 -0.600063 -0.0763049 1.31777 0.0703853</i>
                        <i>0.670721 -0.476609 -0.56831 -0.741566 -0.415851 -0.526448 0.0145781 0.77454 -0.632357 -0.0818631 1.30907 0.0748887</i>
                        <i>0.772373 -0.445353 -0.452881 -0.635142 -0.548221 -0.544103 -0.00596039 0.707894 -0.706294 -0.0864455 1.31339 0.0932653</i>
                        <i>0.859254 -0.382813 -0.339317 -0.509293 -0.702403 -0.497243 -0.0479859 0.60007 -0.798507 -0.0900756 1.34134 0.139854</i>
                        <i>0.899044 -0.328879 -0.289065 -0.424221 -0.817729 -0.389044 -0.108428 0.472395 -0.874692 -0.0932733 1.38027 0.170537</i>
                        <i>0.885397 -0.342182 -0.314617 -0.428719 -0.862705 -0.268215 -0.179644 0.372359 -0.910537 -0.0955563 1.40727 0.162573</i>
                        <i>0.834418 -0.402568 -0.376412 -0.490732 -0.853563 -0.174965 -0.250856 0.330712 -0.909781 -0.0958534 1.42286 0.161521</i>
                        <i>0.768108 -0.46267 -0.442658 -0.561271 -0.819224 -0.117669 -0.308194 0.338834 -0.888936 -0.0944013 1.43104 0.166667</i>
                        <i>0.725976 -0.490946 -0.481592 -0.596624 -0.797902 -0.0859823 -0.34205 0.34975 -0.872168 -0.0925348 1.43874 0.171149</i>
                        <i>0.744271 -0.470276 -0.474238 -0.57356 -0.813857 -0.0930916 -0.342183 0.341289 -0.875461 -0.0905497 1.44628 0.175284</i>
                        <i>0.798499 -0.422484 -0.428844 -0.514628 -0.848669 -0.122144 -0.312342 0.318227 -0.895083 -0.0887003 1.45399 0.179396</i>
                        <i>0.846927 -0.377013 -0.374935 -0.458537 -0.874866 -0.156057 -0.269182 0.30409 -0.913822 -0.0872079 1.46222 0.183811</i>
                    </KeyFrames>
                </p>
            </i>
            <i>
                <p>
                    <Name>
                        <![CDATA[r_shoulder]]>
</Name>
                    <Exclude>0</Exclude>
                    <Additive>0</Additive>
                    <IKPriority>0</IKPriority>
                    <IKRotLimits>-1e+010 -1e+010 -1e+010 1e+010 1e+010 1e+010</IKRotLimits>
                    <IKRotLimitOrder>0</IKRotLimitOrder>
                    <KeyFrames count="20">
                        <i>0.717939 0.686465 -0.115451 0.679002 -0.72714 -0.101115 -0.153361 -0.00579669 -0.988153 -0.259957 1.56441 0.222209</i>
                        <i>0.744877 0.665438 0.0484827 0.665199 -0.735052 -0.131184 -0.0516573 0.129966 -0.990172 -0.241215 1.60437 0.260115</i>
                        <i>0.779789 0.62435 0.0460013 0.625393 -0.780221 -0.0118074 0.0285193 0.0379762 -0.998872 -0.211305 1.63892 0.281426</i>
                        <i>0.797164 0.603639 -0.0122006 0.60208 -0.793272 0.0906599 0.0450475 -0.0796166 -0.995807 -0.194982 1.66924 0.232833</i>
                        <i>0.80285 0.577704 0.147271 0.589307 -0.806402 -0.0493216 0.0902667 0.126386 -0.987866 -0.184998 1.63257 0.221164</i>
                        <i>0.797054 0.466779 0.383175 0.575506 -0.779386 -0.247688 0.183026 0.417941 -0.889847 -0.17878 1.5599 0.228838</i>
                        <i>0.76952 0.350309 0.533969 0.581406 -0.730211 -0.35883 0.264209 0.58658 -0.765583 -0.180631 1.50328 0.216409</i>
                        <i>0.746997 0.250389 0.615874 0.588921 -0.679066 -0.438225 0.308493 0.690054 -0.65472 -0.186386 1.45029 0.203414</i>
                        <i>0.751646 0.23761 0.61528 0.59706 -0.641509 -0.481649 0.280263 0.729388 -0.624055 -0.195845 1.41517 0.19392</i>
                        <i>0.785558 0.385578 0.483971 0.607053 -0.631812 -0.481976 0.119939 0.672416 -0.730392 -0.21438 1.40324 0.187178</i>
                        <i>0.774967 0.602171 0.191875 0.616661 -0.653982 -0.438221 -0.138401 0.457928 -0.87815 -0.239047 1.40139 0.182748</i>
                        <i>0.687581 0.706402 -0.168015 0.628319 -0.69481 -0.349935 -0.363933 0.135042 -0.921584 -0.259844 1.41698 0.206899</i>
                        <i>0.610611 0.684638 -0.398026 0.641747 -0.722268 -0.257857 -0.46402 -0.0979815 -0.880389 -0.270904 1.44525 0.227652</i>
                        <i>0.601509 0.668525 -0.437335 0.651547 -0.72731 -0.215655 -0.462249 -0.155225 -0.873058 -0.27049 1.47488 0.224737</i>
