<?xml version="1.0" encoding="ISO-8859-1" ?>
<Animl Version="1">
    <ModellingPackage>
        <![CDATA[Maya.2010]]>
</ModellingPackage>
    <SrcFile>
        <![CDATA[anims\characters\shared\elite\~src\idle_combat_rpg01.mb]]>
</SrcFile>
    <FramesPerSecond>30</FramesPerSecond>
    <TotalFrames>38</TotalFrames>
    <Skeleton>
        <RefFrame>
            <Name>
                <![CDATA[soldier_ref_frame]]>
</Name>
            <Exclude>0</Exclude>
            <Additive>0</Additive>
            <IKPriority>0</IKPriority>
            <IKRotLimits>-1e+010 -1e+010 -1e+010 1e+010 1e+010 1e+010</IKRotLimits>
            <IKRotLimitOrder>0</IKRotLimitOrder>
            <KeyFrames count="38">
                <i>1 0 0 0 1 0 0 0 1 0 0 0</i>
                <i>1 0 0 0 1 0 0 0 1 0 0 0</i>
                <i>1 0 0 0 1 0 0 0 1 0 0 0</i>
                <i>1 0 0 0 1 0 0 0 1 0 0 0</i>
                <i>1 0 0 0 1 0 0 0 1 0 0 0</i>
                <i>1 0 0 0 1 0 0 0 1 0 0 0</i>
                <i>1 0 0 0 1 0 0 0 1 0 0 0</i>
                <i>1 0 0 0 1 0 0 0 1 0 0 0</i>
                <i>1 0 0 0 1 0 0 0 1 0 0 0</i>
                <i>1 0 0 0 1 0 0 0 1 0 0 0</i>
                <i>1 0 0 0 1 0 0 0 1 0 0 0</i>
                <i>1 0 0 0 1 0 0 0 1 0 0 0</i>
                <i>1 0 0 0 1 0 0 0 1 0 0 0</i>
                <i>1 0 0 0 1 0 0 0 1 0 0 0</i>
                <i>1 0 0 0 1 0 0 0 1 0 0 0</i>
                <i>1 0 0 0 1 0 0 0 1 0 0 0</i>
                <i>1 0 0 0 1 0 0 0 1 0 0 0</i>
                <i>1 0 0 0 1 0 0 0 1 0 0 0</i>
                <i>1 0 0 0 1 0 0 0 1 0 0 0</i>
                <i>1 0 0 0 1 0 0 0 1 0 0 0</i>
                <i>1 0 0 0 1 0 0 0 1 0 0 0</i>
                <i>1 0 0 0 1 0 0 0 1 0 0 0</i>
                <i>1 0 0 0 1 0 0 0 1 0 0 0</i>
                <i>1 0 0 0 1 0 0 0 1 0 0 0</i>
                <i>1 0 0 0 1 0 0 0 1 0 0 0</i>
                <i>1 0 0 0 1 0 0 0 1 0 0 0</i>
                <i>1 0 0 0 1 0 0 0 1 0 0 0</i>
                <i>1 0 0 0 1 0 0 0 1 0 0 0</i>
                <i>1 0 0 0 1 0 0 0 1 0 0 0</i>
                <i>1 0 0 0 1 0 0 0 1 0 0 0</i>
                <i>1 0 0 0 1 0 0 0 1 0 0 0</i>
                <i>1 0 0 0 1 0 0 0 1 0 0 0</i>
                <i>1 0 0 0 1 0 0 0 1 0 0 0</i>
                <i>1 0 0 0 1 0 0 0 1 0 0 0</i>
                <i>1 0 0 0 1 0 0 0 1 0 0 0</i>
                <i>1 0 0 0 1 0 0 0 1 0 0 0</i>
                <i>1 0 0 0 1 0 0 0 1 0 0 0</i>
                <i>1 0 0 0 1 0 0 0 1 0 0 0</i>
            </KeyFrames>
        </RefFrame>
        <Bones count="23">
            <i>
                <p>
                    <Name>
                        <![CDATA[pelvis]]>
</Name>
                    <Exclude>0</Exclude>
                    <Additive>0</Additive>
                    <IKPriority>0</IKPriority>
                    <IKRotLimits>-1e+010 -1e+010 -1e+010 1e+010 1e+010 1e+010</IKRotLimits>
                    <IKRotLimitOrder>2</IKRotLimitOrder>
                    <KeyFrames count="38">
                        <i>1 0 0 0 1 0 0 0 1 -0.0892591 1.09567 0.0732933</i>
                        <i>1 0 0 0 1 0 0 0 1 -0.0892591 1.09553 0.0732933</i>
                        <i>1 0 0 0 1 0 0 0 1 -0.0892591 1.09515 0.0732933</i>
                        <i>1 0 0 0 1 0 0 0 1 -0.0892591 1.09456 0.0732933</i>
                        <i>1 0 0 0 1 0 0 0 1 -0.0892591 1.0938 0.0732933</i>
                        <i>1 0 0 0 1 0 0 0 1 -0.0892591 1.09289 0.0732933</i>
                        <i>1 0 0 0 1 0 0 0 1 -0.0892591 1.09186 0.0732933</i>
                        <i>1 0 0 0 1 0 0 0 1 -0.0892591 1.09074 0.0732933</i>
                        <i>1 0 0 0 1 0 0 0 1 -0.0892591 1.08957 0.0732933</i>
                        <i>1 0 0 0 1 0 0 0 1 -0.0892591 1.08836 0.0732933</i>
                        <i>1 0 0 0 1 0 0 0 1 -0.0892591 1.08716 0.0732933</i>
                        <i>1 0 0 0 1 0 0 0 1 -0.0892591 1.08599 0.0732933</i>
                        <i>1 0 0 0 1 0 0 0 1 -0.0892591 1.08488 0.0732933</i>
                        <i>1 0 0 0 1 0 0 0 1 -0.0892591 1.08386 0.0732933</i>
                        <i>1 0 0 0 1 0 0 0 1 -0.0892591 1.08295 0.0732933</i>
                        <i>1 0 0 0 1 0 0 0 1 -0.0892591 1.0822 0.0732933</i>
                        <i>1 0 0 0 1 0 0 0 1 -0.0892591 1.08163 0.0732933</i>
                        <i>1 0 0 0 1 0 0 0 1 -0.0892591 1.08126 0.0732933</i>
                        <i>1 0 0 0 1 0 0 0 1 -0.0892591 1.08113 0.0732933</i>
                        <i>1 0 0 0 1 0 0 0 1 -0.0892591 1.08124 0.0732933</i>
                        <i>1 0 0 0 1 0 0 0 1 -0.0892591 1.08156 0.0732933</i>
                        <i>1 0 0 0 1 0 0 0 1 -0.0892591 1.08206 0.0732933</i>
                        <i>1 0 0 0 1 0 0 0 1 -0.0892591 1.08272 0.0732933</i>
                        <i>1 0 0 0 1 0 0 0 1 -0.0892591 1.08352 0.0732933</i>
                        <i>1 0 0 0 1 0 0 0 1 -0.0892591 1.08443 0.0732933</i>
                        <i>1 0 0 0 1 0 0 0 1 -0.0892591 1.08543 0.0732933</i>
                        <i>1 0 0 0 1 0 0 0 1 -0.0892591 1.08649 0.0732933</i>
                        <i>1 0 0 0 1 0 0 0 1 -0.0892591 1.0876 0.0732933</i>
                        <i>1 0 0 0 1 0 0 0 1 -0.0892591 1.08872 0.0732933</i>
                        <i>1 0 0 0 1 0 0 0 1 -0.0892591 1.08983 0.0732933</i>
                        <i>1 0 0 0 1 0 0 0 1 -0.0892591 1.09092 0.0732933</i>
                        <i>1 0 0 0 1 0 0 0 1 -0.0892591 1.09195 0.0732933</i>
                        <i>1 0 0 0 1 0 0 0 1 -0.0892591 1.0929 0.0732933</i>
                        <i>1 0 0 0 1 0 0 0 1 -0.0892591 1.09375 0.0732933</i>
                        <i>1 0 0 0 1 0 0 0 1 -0.0892591 1.09448 0.0732933</i>
                        <i>1 0 0 0 1 0 0 0 1 -0.0892591 1.09506 0.0732933</i>
                        <i>1 0 0 0 1 0 0 0 1 -0.0892591 1.09546 0.0732933</i>
                        <i>1 0 0 0 1 0 0 0 1 -0.0892591 1.09567 0.0732933</i>
                    </KeyFrames>
                </p>
            </i>
            <i>
                <p>
                    <Name>
                        <![CDATA[spine0]]>
</Name>
                    <Exclude>0</Exclude>
                    <Additive>0</Additive>
                    <IKPriority>0</IKPriority>
                    <IKRotLimits>-1e+010 -1e+010 -1e+010 1e+010 1e+010 1e+010</IKRotLimits>
                    <IKRotLimitOrder>0</IKRotLimitOrder>
                    <KeyFrames count="38">
                        <i>0.0267488 0.998487 -0.0480402 -0.932151 0.0422728 0.359594 0.361081 0.035162 0.931871 -0.10206 1.23286 0.0319115</i>
                        <i>0.0270622 0.99848 -0.0480168 -0.932136 0.0425571 0.359599 0.361095 0.0350266 0.931871 -0.10206 1.23271 0.0319115</i>
                        <i>0.0273347 0.998473 -0.048003 -0.932123 0.0428067 0.359603 0.361109 0.0349151 0.93187 -0.10206 1.23233 0.0319115</i>
                        <i>0.0275682 0.998467 -0.0480008 -0.932112 0.043024 0.359606 0.36112 0.0348284 0.931869 -0.10206 1.23175 0.0319115</i>
                        <i>0.0277644 0.998461 -0.0480116 -0.932102 0.0432112 0.35961 0.361131 0.0347673 0.931867 -0.10206 1.23098 0.0319115</i>
                        <i>0.0279251 0.998455 -0.0480365 -0.932093 0.0433703 0.359612 0.36114 0.0347323 0.931865 -0.10206 1.23007 0.0319115</i>
                        <i>0.0280522 0.99845 -0.0480766 -0.932086 0.0435036 0.359614 0.361148 0.0347236 0.931862 -0.10206 1.22904 0.0319115</i>
                        <i>0.0281476 0.998444 -0.0481329 -0.932081 0.043613 0.359616 0.361156 0.0347414 0.931858 -0.10206 1.22793 0.0319115</i>
                        <i>0.0282131 0.998439 -0.0482061 -0.932076 0.0437007 0.359618 0.361163 0.0347858 0.931854 -0.10206 1.22675 0.0319115</i>
                        <i>0.0282507 0.998433 -0.0482968 -0.932072 0.0437687 0.359619 0.361169 0.0348567 0.931849 -0.10206 1.22555 0.0319115</i>
                        <i>0.0282622 0.998428 -0.0484057 -0.93207 0.0438189 0.359619 0.361175 0.0349539 0.931843 -0.10206 1.22435 0.0319115</i>
                        <i>0.0282497 0.998422 -0.0485333 -0.932068 0.0438534 0.35962 0.361181 0.0350772 0.931836 -0.10206 1.22318 0.0319115</i>
                        <i>0.0282151 0.998416 -0.0486801 -0.932067 0.0438742 0.35962 0.361187 0.0352264 0.931828 -0.10206 1.22206 0.0319115</i>
                        <i>0.0281602 0.998409 -0.0488465 -0.932066 0.0438832 0.359621 0.361192 0.0354012 0.931819 -0.10206 1.22104 0.0319115</i>
                        <i>0.0280582 0.998401 -0.0490837 -0.932067 0.0438738 0.35962 0.361199 0.035659 0.931807 -0.10206 1.22014 0.0319115</i>
                        <i>0.0278879 0.998388 -0.049433 -0.932068 0.0438412 0.35962 0.361207 0.0360459 0.931789 -0.10206 1.21939 0.0319115</i>
                        <i>0.0276924 0.99838 -0.0497111 -0.932073 0.0437593 0.359619 0.361211 0.0363757 0.931774 -0.10206 1.21881 0.0319115</i>
                        <i>0.0275086 0.998382 -0.049767 -0.932081 0.0436078 0.359616 0.361204 0.0364943 0.931772 -0.10206 1.21845 0.0319115</i>
                        <i>0.0273376 0.998393 -0.049634 -0.932092 0.0433999 0.359613 0.361189 0.0364325 0.931781 -0.10206 1.21832 0.0319115</i>
                        <i>0.0271802 0.998412 -0.0493457 -0.932105 0.0431485 0.359609 0.361167 0.0362212 0.931798 -0.10206 1.21843 0.0319115</i>
                        <i>0.0270373 0.998436 -0.0489362 -0.93212 0.0428667 0.359604 0.361139 0.0358917 0.931821 -0.10206 1.21875 0.0319115</i>
                        <i>0.0269099 0.998464 -0.0484397 -0.932136 0.0425679 0.359599 0.361108 0.0354756 0.931849 -0.10206 1.21925 0.0319115</i>
                        <i>0.0267987 0.998493 -0.0478909 -0.932151 0.0422654 0.359594 0.361076 0.0350049 0.931879 -0.10206 1.21991 0.0319115</i>
                        <i>0.0267042 0.998523 -0.047325 -0.932166 0.0419723 0.359589 0.361044 0.0345122 0.93191 -0.10206 1.22071 0.0319115</i>
                        <i>0.0266272 0.99855 -0.0467777 -0.93218 0.0417023 0.359584 0.361014 0.0340305 0.931939 -0.10206 1.22162 0.0319115</i>
                        <i>0.0265681 0.998575 -0.0462848 -0.932192 0.0414687 0.35958 0.360987 0.033593 0.931966 -0.10206 1.22262 0.0319115</i>
                        <i>0.0265272 0.998595 -0.0458827 -0.932202 0.0412851 0.359577 0.360966 0.0332333 0.931987 -0.10206 1.22368 0.0319115</i>
                        <i>0.026505 0.998608 -0.0456075 -0.932208 0.0411648 0.359575 0.360952 0.0329851 0.932001 -0.10206 1.22478 0.0319115</i>
                        <i>0.0264703 0.998612 -0.0455297 -0.932211 0.0411042 0.359574 0.360946 0.0329252 0.932005 -0.10206 1.2259 0.0319115</i>
                        <i>0.0264079 0.998609 -0.0456346 -0.932212 0.0410839 0.359574 0.360948 0.0330455 0.932 -0.10206 1.22702 0.0319115</i>
                        <i>0.0263432 0.998602 -0.0458304 -0.932211 0.0410943 0.359574 0.360954 0.0332513 0.93199 -0.10206 1.2281 0.0319115</i>
                        <i>0.026287 0.998591 -0.0460971 -0.932209 0.0411382 0.359575 0.360964 0.03352 0.931977 -0.10206 1.22914 0.0319115</i>
                        <i>0.0262503 0.998577 -0.0464144 -0.932205 0.0412188 0.359576 0.360978 0.0338287 0.931961 -0.10206 1.23009 0.0319115</i>
                        <i>0.0262444 0.998561 -0.0467619 -0.932199 0.041339 0.359578 0.360994 0.0341545 0.931943 -0.10206 1.23094 0.0319115</i>
                        <i>0.0262803 0.998544 -0.0471191 -0.932191 0.0415018 0.359581 0.361013 0.0344741 0.931924 -0.10206 1.23167 0.0319115</i>
                        <i>0.0263689 0.998525 -0.0474651 -0.93218 0.0417098 0.359584 0.361034 0.0347642 0.931905 -0.10206 1.23224 0.0319115</i>
                        <i>0.0265214 0.998506 -0.0477792 -0.932167 0.041966 0.359589 0.361057 0.0350014 0.931887 -0.10206 1.23265 0.0319115</i>
                        <i>0.0267488 0.998487 -0.0480402 -0.932151 0.0422728 0.359594 0.361081 0.035162 0.931871 -0.10206 1.23286 0.0319115</i>
                    </KeyFrames>
                </p>
            </i>
            <i>
                <p>
                    <Name>
                        <![CDATA[spine1]]>
</Name>
                    <Exclude>0</Exclude>
                    <Additive>0</Additive>
                    <IKPriority>0</IKPriority>
                    <IKRotLimits>-1e+010 -1e+010 -1e+010 1e+010 1e+010 1e+010</IKRotLimits>
                    <IKRotLimitOrder>0</IKRotLimitOrder>
                    <KeyFrames count="38">
                        <i>0.0143175 0.999427 0.0306609 -0.911496 0.000439503 0.411309 0.41106 -0.0338362 0.91098 -0.0974705 1.4042 0.0236672</i>
                        <i>0.0139388 0.999506 0.0281749 -0.911601 0.00112514 0.411075 0.41084 -0.0314141 0.911166 -0.0974172 1.40403 0.0236723</i>
                        <i>0.0136072 0.999569 0.0259975 -0.911694 0.00172487 0.410866 0.410645 -0.0292926 0.911325 -0.0973709 1.40364 0.0236756</i>
                        <i>0.0133195 0.999621 0.0241078 -0.911776 0.00224459 0.410681 0.410471 -0.027451 0.91146 -0.0973312 1.40303 0.0236767</i>
                        <i>0.0130719 0.999662 0.0224844 -0.911848 0.00269021 0.410519 0.410319 -0.0258686 0.911575 -0.0972979 1.40226 0.0236755</i>
                        <i>0.0128609 0.999695 0.0211059 -0.911911 0.00306754 0.410378 0.410187 -0.0245246 0.911671 -0.0972705 1.40134 0.0236717</i>
                        <i>0.012683 0.999721 0.019951 -0.911964 0.00338239 0.410257 0.410075 -0.0233979 0.911752 -0.0972489 1.4003 0.0236652</i>
                        <i>0.0125347 0.999741 0.0189981 -0.912009 0.00364051 0.410155 0.40998 -0.0224676 0.911818 -0.0972327 1.39918 0.0236559</i>
                        <i>0.0124122 0.999757 0.0182257 -0.912045 0.00384762 0.410071 0.409901 -0.0217126 0.911871 -0.0972215 1.398 0.0236435</i>
                        <i>0.0123122 0.999769 0.0176124 -0.912075 0.0040094 0.410004 0.409838 -0.0211119 0.911914 -0.0972151 1.39679 0.023628</i>
                        <i>0.0122309 0.999778 0.0171365 -0.912098 0.00413155 0.409951 0.40979 -0.0206442 0.911946 -0.0972131 1.39559 0.0236093</i>
                        <i>0.0121648 0.999785 0.0167764 -0.912115 0.00421971 0.409913 0.409754 -0.0202885 0.91197 -0.0972152 1.39442 0.0235874</i>
                        <i>0.0121102 0.99979 0.0165105 -0.912126 0.00427952 0.409887 0.40973 -0.0200235 0.911987 -0.0972211 1.39331 0.023562</i>
                        <i>0.0120637 0.999794 0.0163173 -0.912133 0.00431662 0.409872 0.409717 -0.0198281 0.911997 -0.0972304 1.39229 0.0235333</i>
                        <i>0.0120088 0.999797 0.0161507 -0.91213 0.00433466 0.409879 0.409726 -0.0196537 0.911997 -0.0972478 1.39139 0.0234923</i>
                        <i>0.0119315 0.999801 0.0159694 -0.912113 0.00433767 0.409915 0.409765 -0.0194568 0.911984 -0.0972767 1.39065 0.0234318</i>
                        <i>0.0119586 0.999794 0.01638 -0.912082 0.00419248 0.409987 0.409834 -0.0198428 0.911944 -0.09731 1.39008 0.0233835</i>
                        <i>0.0121925 0.999766 0.0178699 -0.912034 0.00379249 0.410097 0.409934 -0.0212981 0.911867 -0.0973412 1.38973 0.0233732</i>
                        <i>0.012597 0.999716 0.0202452 -0.911973 0.00318363 0.410238 0.410057 -0.0236309 0.911754 -0.0973702 1.38962 0.0233953</i>
                        <i>0.0131358 0.999642 0.0233125 -0.911902 0.00241188 0.410402 0.410199 -0.0266497 0.911607 -0.0973968 1.38974 0.0234439</i>
                        <i>0.0137726 0.999544 0.0268781 -0.911823 0.00152323 0.41058 0.410352 -0.0301628 0.911428 -0.097421 1.39008 0.0235134</i>
                        <i>0.0144712 0.999422 0.0307487 -0.911741 0.000563841 0.410764 0.410509 -0.0339791 0.911223 -0.0974425 1.3906 0.0235978</i>
                        <i>0.0151953 0.999281 0.0347309 -0.911659 -0.000419964 0.410947 0.410666 -0.0379072 0.910998 -0.0974613 1.39128 0.0236913</i>
                        <i>0.0159084 0.999127 0.0386316 -0.91158 -0.00138164 0.411121 0.410815 -0.0417561 0.910762 -0.0974772 1.3921 0.0237878</i>
                        <i>0.0165743 0.998969 0.0422576 -0.911507 -0.00227437 0.411278 0.41095 -0.0453347 0.91053 -0.0974901 1.39302 0.0238811</i>
                        <i>0.0171564 0.998821 0.0454158 -0.911444 -0.00305118 0.411413 0.411066 -0.0484524 0.910317 -0.0975 1.39404 0.0239653</i>
                        <i>0.0176182 0.998696 0.0479134 -0.911394 -0.00366489 0.411518 0.411157 -0.0509182 0.910141 -0.0975069 1.39511 0.024034</i>
                        <i>0.0179232 0.99861 0.0495573 -0.911362 -0.00406829 0.411586 0.411216 -0.0525416 0.910022 -0.0975106 1.39622 0.024081</i>
                        <i>0.0180199 0.99858 0.0501376 -0.911338 -0.00422229 0.411638 0.411265 -0.0531099 0.909967 -0.0975165 1.39734 0.0240942</i>
                        <i>0.0179281 0.998599 0.0497895 -0.911313 -0.00416575 0.411693 0.411324 -0.0527547 0.909961 -0.0975272 1.39846 0.0240762</i>
                        <i>0.0177179 0.99865 0.0488397 -0.91129 -0.00396879 0.411747 0.411384 -0.0518025 0.909989 -0.0975383 1.39954 0.0240426</i>
                        <i>0.017406 0.998727 0.0473518 -0.911272 -0.00364201 0.411789 0.411437 -0.050318 0.910048 -0.0975481 1.40057 0.023997</i>
                        <i>0.0170087 0.998825 0.0453888 -0.911263 -0.00319597 0.411811 0.411472 -0.0483655 0.910138 -0.0975545 1.40151 0.0239428</i>
                        <i>0.0165426 0.998937 0.0430141 -0.911268 -0.00264152 0.411805 0.411481 -0.0460097 0.910256 -0.0975557 1.40235 0.0238835</i>
                        <i>0.016024 0.999059 0.0402908 -0.91129 -0.00198951 0.411761 0.411454 -0.0433146 0.910401 -0.0975498 1.40307 0.0238228</i>
                        <i>0.0154694 0.999185 0.0372821 -0.911332 -0.00125112 0.41167 0.411381 -0.0403447 0.91057 -0.0975349 1.40363 0.0237641</i>
                        <i>0.0148952 0.999309 0.0340511 -0.9114 -0.00043761 0.411522 0.411253 -0.0371639 0.910763 -0.0975091 1.40401 0.023711</i>
                        <i>0.0143175 0.999427 0.0306609 -0.911496 0.000439503 0.411309 0.41106 -0.0338362 0.91098 -0.0974705 1.4042 0.0236672</i>
                    </KeyFrames>
                </p>
            </i>
            <i>
                <p>
                    <Name>
                        <![CDATA[spine2]]>
</Name>
                    <Exclude>0</Exclude>
                    <Additive>0</Additive>
                    <IKPriority>0</IKPriority>
                    <IKRotLimits>-1e+010 -1e+010 -1e+010 1e+010 1e+010 1e+010</IKRotLimits>
                    <IKRotLimitOrder>0</IKRotLimitOrder>
                    <KeyFrames count="38">
                        <i>0.0311351 0.961355 0.273547 -0.886583 -0.099807 0.451674 0.46152 -0.256585 0.849213 -0.0951548 1.56217 0.0284926</i>
                        <i>0.0294717 0.962919 0.268178 -0.886613 -0.0987081 0.451857 0.461573 -0.251087 0.850827 -0.0951621 1.562 0.028104</i>
                        <i>0.0280203 0.964253 0.263498 -0.886645 -0.0977521 0.452002 0.461602 -0.246295 0.852211 -0.0951687 1.5616 0.0277625</i>
                        <i>0.0267687 0.965381 0.259468 -0.886678 -0.0969293 0.452113 0.461611 -0.242167 0.853387 -0.095175 1.56099 0.0274645</i>
                        <i>0.0257041 0.966323 0.256045 -0.886713 -0.0962303 0.452194 0.461605 -0.238661 0.854378 -0.0951811 1.56021 0.0272064</i>
                        <i>0.0248142 0.9671 0.253185 -0.886749 -0.0956454 0.452248 0.461585 -0.235734 0.855201 -0.0951874 1.55929 0.0269845</i>
                        <i>0.0240863 0.967727 0.250847 -0.886785 -0.0951648 0.452279 0.461554 -0.233341 0.855873 -0.0951942 1.55825 0.0267953</i>
                        <i>0.0235077 0.968222 0.248987 -0.886821 -0.0947789 0.452289 0.461515 -0.231439 0.856411 -0.0952016 1.55713 0.0266352</i>
                        <i>0.0230657 0.968598 0.24756 -0.886856 -0.094478 0.452283 0.461469 -0.229983 0.856828 -0.09521 1.55595 0.0265007</i>
                        <i>0.0227476 0.96887 0.246523 -0.886891 -0.0942524 0.452261 0.461418 -0.228927 0.857138 -0.0952195 1.55475 0.0263883</i>
                        <i>0.0225406 0.96905 0.245832 -0.886926 -0.0940925 0.452228 0.461362 -0.228228 0.857354 -0.0952304 1.55355 0.0262945</i>
                        <i>0.022432 0.969152 0.245442 -0.886958 -0.0939884 0.452185 0.461304 -0.227841 0.857489 -0.095243 1.55238 0.0262157</i>
                        <i>0.0224091 0.969186 0.245309 -0.88699 -0.0939306 0.452135 0.461245 -0.227718 0.857553 -0.0952574 1.55127 0.0261484</i>
                        <i>0.0224591 0.969165 0.245388 -0.887019 -0.0939093 0.452082 0.461186 -0.227817 0.857559 -0.0952741 1.55026 0.0260893</i>
                        <i>0.0226226 0.969074 0.24573 -0.887043 -0.0939153 0.452033 0.461131 -0.2282 0.857486 -0.0953 1.54936 0.0260221</i>
                        <i>0.0229302 0.968905 0.24637 -0.887059 -0.0939392 0.451998 0.461087 -0.228909 0.857321 -0.095341 1.54863 0.0259333</i>
                        <i>0.0235255 0.968458 0.248063 -0.887072 -0.0942065 0.451916 0.461031 -0.230681 0.856876 -0.0953697 1.54807 0.0259501</i>
                        <i>0.0245187 0.967571 0.251407 -0.887089 -0.0948971 0.451738 0.460947 -0.234096 0.855995 -0.0953636 1.54772 0.0261757</i>
                        <i>0.0258318 0.966309 0.256085 -0.88711 -0.0959332 0.451479 0.460835 -0.238838 0.854744 -0.0953282 1.54761 0.0265736</i>
                        <i>0.0273867 0.964738 0.261781 -0.887134 -0.0972366 0.451153 0.4607 -0.244591 0.853189 -0.0952693 1.54774 0.0271075</i>
                        <i>0.029105 0.962928 0.268182 -0.88716 -0.0987294 0.450776 0.460542 -0.251041 0.851398 -0.0951923 1.54807 0.0277411</i>
                        <i>0.030909 0.960955 0.274974 -0.88719 -0.100334 0.450364 0.460368 -0.257874 0.849448 -0.0951028 1.54858 0.028438</i>
                        <i>0.0327208 0.958902 0.281845 -0.88722 -0.101972 0.449935 0.460184 -0.264781 0.847421 -0.0950066 1.54925 0.0291616</i>
                        <i>0.0344629 0.956864 0.288486 -0.887251 -0.103568 0.44951 0.459997 -0.271451 0.845409 -0.0949093 1.55005 0.0298753</i>
                        <i>0.0360582 0.954942 0.294592 -0.887281 -0.105043 0.449109 0.459819 -0.27758 0.843514 -0.0948165 1.55096 0.0305425</i>
                        <i>0.0374297 0.953249 0.299859 -0.887306 -0.106323 0.448757 0.459659 -0.282863 0.841844 -0.094734 1.55195 0.0311264</i>
                        <i>0.0385008 0.951899 0.303984 -0.887326 -0.10733 0.448478 0.459533 -0.287 0.840512 -0.0946676 1.55301 0.0315904</i>
                        <i>0.039195 0.95101 0.306666 -0.887338 -0.107989 0.448297 0.459451 -0.289687 0.839634 -0.0946229 1.55411 0.0318976</i>
                        <i>0.0394962 0.950674 0.307668 -0.887319 -0.108214 0.44828 0.459462 -0.290705 0.839276 -0.0946134 1.55523 0.0320027</i>
                        <i>0.0394886 0.950814 0.307236 -0.887258 -0.108055 0.448439 0.459581 -0.290306 0.83935 -0.0946385 1.55635 0.0319296</i>
                        <i>0.0392464 0.95129 0.30579 -0.887168 -0.107638 0.448717 0.459775 -0.288898 0.839729 -0.0946828 1.55744 0.0317458</i>
                        <i>0.0387716 0.952072 0.303406 -0.887059 -0.106991 0.449086 0.460024 -0.286551 0.840397 -0.0947419 1.55847 0.0314647</i>
                        <i>0.0380657 0.95313 0.300158 -0.886942 -0.106139 0.44952 0.460309 -0.283334 0.841331 -0.0948113 1.55943 0.0310997</i>
                        <i>0.0371307 0.954429 0.29612 -0.886827 -0.105112 0.449989 0.460608 -0.279316 0.84251 -0.0948864 1.56028 0.0306646</i>
                        <i>0.0359682 0.955935 0.291366 -0.886723 -0.103937 0.450466 0.4609 -0.274564 0.843911 -0.0949628 1.56101 0.0301726</i>
                        <i>0.0345801 0.957614 0.28597 -0.886641 -0.102641 0.450924 0.461164 -0.269146 0.845511 -0.095036 1.56158 0.0296376</i>
                        <i>0.0329684 0.959432 0.280006 -0.886591 -0.101255 0.451336 0.461378 -0.26313 0.847286 -0.0951015 1.56198 0.029073</i>
                        <i>0.0311351 0.961355 0.273547 -0.886583 -0.099807 0.451674 0.46152 -0.256585 0.849213 -0.0951548 1.56217 0.0284926</i>
                    </KeyFrames>
                </p>
            </i>
            <i>
                <p>
                    <Name>
                        <![CDATA[head]]>
</Name>
                    <Exclude>0</Exclude>
                    <Additive>0</Additive>
                    <IKPriority>0</IKPriority>
                    <IKRotLimits>-1e+010 -1e+010 -1e+010 1e+010 1e+010 1e+010</IKRotLimits>
                    <IKRotLimitOrder>0</IKRotLimitOrder>
                    <KeyFrames count="38">
                        <i>0.00771589 0.954176 0.299148 -0.0214208 0.299246 -0.953936 -0.999741 0.000952461 0.0227482 -0.0931405 1.80997 0.0991426</i>
                        <i>0.00525277 0.958489 0.285082 -0.0214402 0.285129 -0.95825 -0.999756 -0.00107874 0.0220478 -0.0936429 1.81022 0.0972574</i>
                        <i>0.00288463 0.962306 0.271954 -0.0211111 0.271953 -0.962079 -0.999773 -0.002966 0.0210998 -0.0940814 1.81017 0.0956126</i>
                        <i>0.000629038 0.965675 0.259754 -0.0204796 0.259712 -0.965469 -0.99979 -0.00471234 0.01994 -0.0944597 1.80987 0.0941933</i>
                        <i>-0.00149839 0.968638 0.248472 -0.019591 0.248396 -0.968461 -0.999807 -0.00631892 0.0186043 -0.0947819 1.80934 0.0929842</i>
                        <i>-0.00348386 0.971236 0.238094 -0.0184904 0.237992 -0.971091 -0.999823 -0.00778562 0.0171295 -0.0950518 1.80863 0.0919701</i>
                        <i>-0.0053154 0.973505 0.228606 -0.0172231 0.228486 -0.973395 -0.999837 -0.0091113 0.0155523 -0.0952736 1.80775 0.0911355</i>
                        <i>-0.00698279 0.975477 0.219993 -0.0158337 0.219863 -0.975402 -0.99985 -0.0102943 0.0139101 -0.095451 1.80676 0.0904648</i>
                        <i>-0.00847739 0.977181 0.212237 -0.0143668 0.212104 -0.977142 -0.999861 -0.0113328 0.0122408 -0.0955882 1.80568 0.0899425</i>
                        <i>-0.00979215 0.978646 0.20532 -0.0128666 0.205189 -0.978638 -0.999869 -0.0122247 0.0105826 -0.0956891 1.80455 0.0895527</i>
                        <i>-0.0109213 0.979893 0.199223 -0.0113772 0.1991 -0.979913 -0.999876 -0.0129686 0.00897403 -0.0957577 1.80339 0.0892799</i>
                        <i>-0.0118604 0.980944 0.193927 -0.00994235 0.193815 -0.980988 -0.99988 -0.013563 0.00745418 -0.0957979 1.80225 0.0891082</i>
                        <i>-0.0126058 0.981817 0.18941 -0.00860519 0.189312 -0.981879 -0.999883 -0.0140073 0.00606225 -0.0958139 1.80115 0.0890217</i>
                        <i>-0.0131547 0.982527 0.185653 -0.00740867 0.185568 -0.982603 -0.999886 -0.0143013 0.00483812 -0.0958095 1.80012 0.0890048</i>
                        <i>-0.0134178 0.983059 0.182796 -0.00640496 0.182724 -0.983143 -0.999889 -0.0143624 0.00384468 -0.0957776 1.7992 0.089062</i>
                        <i>-0.013323 0.983402 0.180948 -0.00564453 0.180888 -0.983487 -0.999895 -0.0141244 0.00314092 -0.0957131 1.79841 0.0891942</i>
                        <i>-0.0127266 0.983428 0.180853 -0.00515645 0.180801 -0.983506 -0.999906 -0.0134492 0.00277007 -0.095554 1.79773 0.0897163</i>
                        <i>-0.0115164 0.983028 0.183093 -0.00496935 0.183046 -0.983092 -0.999921 -0.0122316 0.00277699 -0.095252 1.79715 0.090878</i>
                        <i>-0.00972298 0.981912 0.189087 -0.00527479 0.189043 -0.981955 -0.999939 -0.0105449 0.0033413 -0.0948341 1.7967 0.0925597</i>
                        <i>-0.00741722 0.979822 0.199732 -0.00614274 0.199689 -0.97984 -0.999954 -0.00849459 0.00453765 -0.0943276 1.79642 0.0946414</i>
                        <i>-0.00472332 0.976813 0.214043 -0.00742779 0.214005 -0.976804 -0.999961 -0.00620363 0.00624483 -0.0937598 1.79627 0.0970036</i>
                        <i>-0.00176316 0.972944 0.231033 -0.00898846 0.231009 -0.97291 -0.999958 -0.00379203 0.00833797 -0.0931578 1.79626 0.0995269</i>
                        <i>0.00133807 0.968317 0.249722 -0.0106932 0.249721 -0.968259 -0.999942 -0.00137472 0.0106885 -0.0925487 1.79639 0.102093</i>
                        <i>0.00444821 0.963092 0.269137 -0.0124245 0.269172 -0.963012 -0.999913 0.000939799 0.0131632 -0.0919598 1.79665 0.104583</i>
                        <i>0.00742624 0.957504 0.288325 -0.0140814 0.288404 -0.957405 -0.999873 0.00304991 0.0156248 -0.091418 1.79704 0.10688</i>
                        <i>0.010122 0.951864 0.306353 -0.0155804 0.306482 -0.951749 -0.999827 0.00486053 0.0179327 -0.0909503 1.79759 0.108867</i>
                        <i>0.012377 0.946552 0.322313 -0.0168529 0.32249 -0.946423 -0.999781 0.00628196 0.0199437 -0.0905836 1.79829 0.110428</i>
                        <i>0.0140261 0.942001 0.335317 -0.0178428 0.335533 -0.94186 -0.999742 0.0072276 0.0215141 -0.0903449 1.79915 0.111447</i>
                        <i>0.0149971 0.93863 0.3446 -0.018531 0.344841 -0.938478 -0.999716 0.00768868 0.0225653 -0.0902487 1.80019 0.111822</i>
                        <i>0.015317 0.936673 0.34987 -0.0188595 0.35012 -0.936515 -0.999705 0.00774624 0.0230279 -0.0902696 1.80134 0.111642</i>
                        <i>0.0152809 0.935875 0.352002 -0.0190159 0.352252 -0.935712 -0.999702 0.00760486 0.0231793 -0.0903746 1.80256 0.111082</i>
                        <i>0.0151284 0.935914 0.351904 -0.0192585 0.352152 -0.935745 -0.9997 0.00737914 0.0233518 -0.0905598 1.8038 0.110172</i>
                        <i>0.0147878 0.936823 0.34949 -0.019571 0.349732 -0.936645 -0.999699 0.00701107 0.0235064 -0.0908214 1.80504 0.108945</i>
                        <i>0.0141868 0.938618 0.344666 -0.0199358 0.344897 -0.938429 -0.999701 0.00644206 0.0236052 -0.0911555 1.80624 0.107431</i>
                        <i>0.0132521 0.941293 0.337331 -0.0203323 0.337545 -0.94109 -0.999705 0.00561272 0.0236118 -0.0915584 1.80736 0.105663</i>
                        <i>0.0119106 0.944818 0.327379 -0.0207347 0.327565 -0.944601 -0.999714 0.00446262 0.0234921 -0.0920261 1.80838 0.103671</i>
                        <i>0.0100891 0.94914 0.314692 -0.0211112 0.31484 -0.94891 -0.999726 0.00293014 0.023214 -0.0925548 1.80926 0.101487</i>
                        <i>0.00771589 0.954176 0.299148 -0.0214208 0.299246 -0.953936 -0.999741 0.000952461 0.0227482 -0.0931405 1.80997 0.0991426</i>
                    </KeyFrames>
                </p>
            </i>
            <i>
                <p>
                    <Name>
                        <![CDATA[head_prop]]>
</Name>
                    <Exclude>0</Exclude>
                    <Additive>0</Additive>
                    <IKPriority>0</IKPriority>
                    <IKRotLimits>-1e+010 -1e+010 -1e+010 1e+010 1e+010 1e+010</IKRotLimits>
                    <IKRotLimitOrder>0</IKRotLimitOrder>
                    <KeyFrames count="38">
                        <i>0.999502 0.0045326 -0.0312252 0.0051465 0.952955 0.303066 0.0311299 -0.303076 0.952458 -0.0906258 2.12094 0.196638</i>
                        <i>0.999511 0.00643792 -0.0306047 0.00268344 0.95732 0.289016 0.0311593 -0.288957 0.956835 -0.091931 2.1226 0.190168</i>
                        <i>0.999524 0.00820714 -0.0297295 0.00031395 0.961186 0.275901 0.0308399 -0.275779 0.960726 -0.0931412 2.1238 0.184245</i>
                        <i>0.999541 0.00984333 -0.0286356 -0.00194421 0.964599 0.263712 0.0302177 -0.263536 0.964176 -0.0942547 2.12459 0.178849</i>
                        <i>0.999561 0.0113477 -0.0273595 -0.00407526 0.967604 0.252438 0.0293378 -0.252216 0.967226 -0.0952702 2.12503 0.173963</i>
                        <i>0.999583 0.01272 -0.0259383 -0.0060652 0.97024 0.242068 0.0282455 -0.241809 0.969913 -0.0961873 2.12516 0.169567</i>
                        <i>0.999604 0.0139593 -0.0244092 -0.00790189 0.972544 0.232585 0.0269857 -0.2323 0.97227 -0.0970059 2.12503 0.16564</i>
                        <i>0.999626 0.0150636 -0.0228099 -0.00957492 0.974548 0.223976 0.0256032 -0.223674 0.974328 -0.0977268 2.12468 0.162162</i>
                        <i>0.999647 0.0160311 -0.0211785 -0.0110755 0.976281 0.216222 0.0241425 -0.215912 0.976114 -0.0983511 2.12415 0.159112</i>
                        <i>0.999667 0.0168596 -0.0195536 -0.0123963 0.977771 0.209307 0.0226478 -0.208995 0.977654 -0.0988804 2.1235 0.156468</i>
                        <i>0.999684 0.0175475 -0.0179739 -0.0135315 0.979041 0.203211 0.0211631 -0.202904 0.97897 -0.0993171 2.12275 0.154208</i>
                        <i>0.9997 0.0180933 -0.0164789 -0.0144764 0.980112 0.197915 0.0197321 -0.197617 0.980081 -0.0996634 2.12195 0.152311</i>
                        <i>0.999715 0.0184961 -0.0151079 -0.0152272 0.981002 0.193399 0.0183981 -0.193114 0.981004 -0.0999223 2.12113 0.150752</i>
                        <i>0.999727 0.0187556 -0.013901 -0.0157809 0.981727 0.189641 0.0172038 -0.18937 0.981755 -0.100097 2.12034 0.149511</i>
                        <i>0.99974 0.0187905 -0.0129206 -0.0160481 0.98227 0.186783 0.0162013 -0.186527 0.982316 -0.100151 2.11959 0.148637</i>
                        <i>0.999753 0.0185355 -0.0122252 -0.0159564 0.982621 0.184936 0.0154406 -0.184695 0.982674 -0.100055 2.11891 0.148167</i>
                        <i>0.99977 0.0178596 -0.0118548 -0.015362 0.982649 0.184839 0.0149502 -0.184615 0.982697 -0.0997017 2.11824 0.148658</i>
                        <i>0.999791 0.0166628 -0.0118517 -0.0141527 0.982243 0.187078 0.0147584 -0.186871 0.982274 -0.0990053 2.11753 0.15055</i>
                        <i>0.99981 0.0150316 -0.0123887 -0.0123581 0.981107 0.193069 0.0150568 -0.192879 0.981107 -0.0980029 2.11672 0.154185</i>
                        <i>0.999823 0.0130793 -0.0135357 -0.0100488 0.97898 0.203708 0.0159156 -0.203536 0.978938 -0.096745 2.11575 0.159736</i>
                        <i>0.999825 0.0109197 -0.0151747 -0.0073498 0.975919 0.218011 0.0171898 -0.217862 0.975828 -0.0952992 2.11462 0.166762</i>
                        <i>0.999815 0.0086633 -0.017184 -0.00438334 0.971988 0.234991 0.0187384 -0.234872 0.971846 -0.0937324 2.11335 0.174823</i>
                        <i>0.99979 0.00641577 -0.0194388 -0.00127521 0.967291 0.253667 0.0204304 -0.253589 0.967096 -0.0921127 2.11197 0.183479</i>
                        <i>0.999753 0.00427659 -0.0218099 0.00184198 0.961993 0.273067 0.0221488 -0.27304 0.961748 -0.0905101 2.11053 0.192297</i>
                        <i>0.999705 0.00233871 -0.0241651 0.00482679 0.956333 0.292238 0.0237933 -0.292269 0.95604 -0.0889977 2.1091 0.200847</i>
                        <i>0.999652 0.000688923 -0.0263692 0.00752874 0.950625 0.31025 0.0252809 -0.31034 0.950289 -0.0876514 2.10781 0.20871</i>
                        <i>0.9996 -0.000590951 -0.0282852 0.00978895 0.945252 0.326194 0.0265439 -0.32634 0.94488 -0.0865498 2.10678 0.215473</i>
                        <i>0.999556 -0.00142187 -0.0297761 0.0114421 0.940651 0.339183 0.0275267 -0.339373 0.940249 -0.0857737 2.10616 0.22073</i>
                        <i>0.999525 -0.00180141 -0.0307693 0.012416 0.937243 0.348455 0.0282107 -0.348671 0.93682 -0.085361 2.10609 0.22413</i>
                        <i>0.999512 -0.00181287 -0.0311986 0.0127372 0.935265 0.353719 0.0285377 -0.353943 0.934831 -0.0852776 2.10661 0.225668</i>
                        <i>0.999508 -0.0016529 -0.0313364 0.0127018 0.934458 0.355848 0.0286943 -0.35607 0.934018 -0.0853944 2.10757 0.225802</i>
                        <i>0.999502 -0.00142805 -0.0315094 0.0125502 0.934497 0.35575 0.0289374 -0.355969 0.93405 -0.0856293 2.10882 0.224861</i>
                        <i>0.999497 -0.00108109 -0.0316793 0.012211 0.935415 0.35334 0.0292513 -0.353549 0.934959 -0.0860019 2.11036 0.222847</i>
                        <i>0.999494 -0.000554329 -0.0318085 0.0116114 0.937228 0.348523 0.0296186 -0.348716 0.93676 -0.0865319 2.11214 0.219761</i>
                        <i>0.999492 0.000210614 -0.0318608 0.0106784 0.93993 0.3412 0.0300188 -0.341367 0.939451 -0.0872394 2.11414 0.215602</i>
                        <i>0.999493 0.00127302 -0.0318021 0.00933842 0.943493 0.331261 0.0304267 -0.33139 0.943003 -0.0881443 2.11631 0.210367</i>
                        <i>0.999497 0.00269323 -0.0316001 0.00751849 0.947863 0.318591 0.0308106 -0.318668 0.947365 -0.0892666 2.1186 0.204048</i>
                        <i>0.999502 0.0045326 -0.0312252 0.0051465 0.952955 0.303066 0.0311299 -0.303076 0.952458 -0.0906258 2.12094 0.196638</i>
                    </KeyFrames>
                </p>
            </i>
            <i>
                <p>
                    <Name>
                        <![CDATA[l_clav]]>
</Name>
                    <Exclude>0</Exclude>
                    <Additive>0</Additive>
                    <IKPriority>0</IKPriority>
                    <IKRotLimits>-1e+010 -1e+010 -1e+010 1e+010 1e+010 1e+010</IKRotLimits>
                    <IKRotLimitOrder>0</IKRotLimitOrder>
                    <KeyFrames count="38">
                        <i>0.665723 0.673864 -0.320499 -0.575972 0.737114 0.353438 0.474414 -0.0506936 0.878841 -0.000978528 1.62413 0.0299779</i>
                        <i>0.660387 0.678512 -0.321729 -0.58276 0.733281 0.350271 0.473581 -0.0438238 0.879659 -0.0010505 1.62413 0.0293495</i>
                        <i>0.654619 0.683822 -0.322275 -0.589922 0.728679 0.347878 0.472722 -0.0376103 0.880409 -0.00111375 1.62388 0.0287988</i>
                        <i>0.648569 0.689576 -0.322246 -0.597256 0.723504 0.346162 0.471851 -0.0320471 0.881096 -0.00116902 1.6234 0.0283204</i>
                        <i>0.642399 0.69556 -0.321744 -0.604565 0.717955 0.345023 0.470982 -0.0271271 0.881726 -0.00121699 1.62273 0.0279089</i>
                        <i>0.636276 0.701565 -0.320874 -0.611662 0.712239 0.344362 0.470131 -0.0228425 0.882301 -0.00125842 1.6219 0.0275588</i>
                        <i>0.630373 0.707387 -0.31974 -0.618362 0.706566 0.344081 0.469316 -0.0191845 0.882822 -0.0012941 1.62093 0.0272644</i>
                        <i>0.624873 0.712828 -0.318449 -0.62449 0.701153 0.344088 0.468557 -0.0161436 0.883286 -0.0013247 1.61987 0.0270202</i>
                        <i>0.619962 0.717697 -0.317109 -0.629873 0.696221 0.344291 0.467875 -0.0137091 0.883688 -0.00135107 1.61874 0.0268205</i>
                        <i>0.615829 0.721805 -0.315835 -0.634343 0.691994 0.344605 0.467294 -0.0118699 0.884022 -0.00137394 1.61756 0.0266598</i>
                        <i>0.612665 0.724969 -0.314742 -0.637734 0.6887 0.344945 0.466837 -0.0106142 0.88428 -0.00139411 1.61638 0.0265324</i>
                        <i>0.61066 0.727002 -0.313947 -0.63988 0.686564 0.345231 0.466529 -0.00993007 0.88445 -0.00141236 1.61523 0.0264326</i>
                        <i>0.609999 0.727718 -0.313573 -0.640609 0.685807 0.345383 0.466392 -0.00980573 0.884524 -0.0014295 1.61412 0.0263546</i>
                        <i>0.610499 0.727289 -0.313595 -0.640123 0.686257 0.34539 0.466405 -0.0101207 0.884513 -0.00144627 1.6131 0.0262929</i>
                        <i>0.611846 0.726069 -0.313798 -0.638734 0.687536 0.345417 0.466544 -0.0109083 0.884431 -0.00146956 1.6122 0.026229</i>
                        <i>0.613987 0.724132 -0.31409 -0.636478 0.689552 0.345563 0.466815 -0.0122597 0.88427 -0.001505 1.61143 0.0261467</i>
                        <i>0.616924 0.72171 -0.313911 -0.633338 0.692036 0.346365 0.467213 -0.0148689 0.88402 -0.00151478 1.61081 0.026225</i>
                        <i>0.620633 0.718997 -0.312823 -0.629321 0.694746 0.348258 0.467729 -0.0192745 0.883662 -0.00146828 1.61037 0.0266077</i>
                        <i>0.624966 0.716015 -0.31103 -0.624563 0.697632 0.351042 0.468336 -0.025131 0.883193 -0.00137516 1.61012 0.0272404</i>
                        <i>0.629776 0.712786 -0.308736 -0.619205 0.700647 0.354512 0.469007 -0.0320927 0.882611 -0.00124513 1.61009 0.0280687</i>
                        <i>0.63492 0.709335 -0.306139 -0.613388 0.703747 0.358464 0.469715 -0.0398139 0.88192 -0.00108788 1.61024 0.0290382</i>
                        <i>0.640256 0.705693 -0.303431 -0.607258 0.706894 0.362683 0.470437 -0.0479489 0.88113 -0.000913053 1.61056 0.0300948</i>
