<?xml version="1.0" encoding="ISO-8859-1" ?>
<Animl Version="1">
    <ModellingPackage>
        <![CDATA[Maya.2010]]>
</ModellingPackage>
    <SrcFile>
        <![CDATA[anims\characters\shared\elite\~src\idle_combat_gun01.mb]]>
</SrcFile>
    <FramesPerSecond>30</FramesPerSecond>
    <TotalFrames>38</TotalFrames>
    <Skeleton>
        <RefFrame>
            <Name>
                <![CDATA[soldier_ref_frame]]>
</Name>
            <Exclude>0</Exclude>
            <Additive>0</Additive>
            <IKPriority>0</IKPriority>
            <IKRotLimits>-1e+010 -1e+010 -1e+010 1e+010 1e+010 1e+010</IKRotLimits>
            <IKRotLimitOrder>0</IKRotLimitOrder>
            <KeyFrames count="38">
                <i>1 0 0 0 1 0 0 0 1 0 0 0</i>
                <i>1 0 0 0 1 0 0 0 1 0 0 0</i>
                <i>1 0 0 0 1 0 0 0 1 0 0 0</i>
                <i>1 0 0 0 1 0 0 0 1 0 0 0</i>
                <i>1 0 0 0 1 0 0 0 1 0 0 0</i>
                <i>1 0 0 0 1 0 0 0 1 0 0 0</i>
                <i>1 0 0 0 1 0 0 0 1 0 0 0</i>
                <i>1 0 0 0 1 0 0 0 1 0 0 0</i>
                <i>1 0 0 0 1 0 0 0 1 0 0 0</i>
                <i>1 0 0 0 1 0 0 0 1 0 0 0</i>
                <i>1 0 0 0 1 0 0 0 1 0 0 0</i>
                <i>1 0 0 0 1 0 0 0 1 0 0 0</i>
                <i>1 0 0 0 1 0 0 0 1 0 0 0</i>
                <i>1 0 0 0 1 0 0 0 1 0 0 0</i>
                <i>1 0 0 0 1 0 0 0 1 0 0 0</i>
                <i>1 0 0 0 1 0 0 0 1 0 0 0</i>
                <i>1 0 0 0 1 0 0 0 1 0 0 0</i>
                <i>1 0 0 0 1 0 0 0 1 0 0 0</i>
                <i>1 0 0 0 1 0 0 0 1 0 0 0</i>
                <i>1 0 0 0 1 0 0 0 1 0 0 0</i>
                <i>1 0 0 0 1 0 0 0 1 0 0 0</i>
                <i>1 0 0 0 1 0 0 0 1 0 0 0</i>
                <i>1 0 0 0 1 0 0 0 1 0 0 0</i>
                <i>1 0 0 0 1 0 0 0 1 0 0 0</i>
                <i>1 0 0 0 1 0 0 0 1 0 0 0</i>
                <i>1 0 0 0 1 0 0 0 1 0 0 0</i>
                <i>1 0 0 0 1 0 0 0 1 0 0 0</i>
                <i>1 0 0 0 1 0 0 0 1 0 0 0</i>
                <i>1 0 0 0 1 0 0 0 1 0 0 0</i>
                <i>1 0 0 0 1 0 0 0 1 0 0 0</i>
                <i>1 0 0 0 1 0 0 0 1 0 0 0</i>
                <i>1 0 0 0 1 0 0 0 1 0 0 0</i>
                <i>1 0 0 0 1 0 0 0 1 0 0 0</i>
                <i>1 0 0 0 1 0 0 0 1 0 0 0</i>
                <i>1 0 0 0 1 0 0 0 1 0 0 0</i>
                <i>1 0 0 0 1 0 0 0 1 0 0 0</i>
                <i>1 0 0 0 1 0 0 0 1 0 0 0</i>
                <i>1 0 0 0 1 0 0 0 1 0 0 0</i>
            </KeyFrames>
        </RefFrame>
        <Bones count="23">
            <i>
                <p>
                    <Name>
                        <![CDATA[pelvis]]>
</Name>
                    <Exclude>0</Exclude>
                    <Additive>0</Additive>
                    <IKPriority>0</IKPriority>
                    <IKRotLimits>-1e+010 -1e+010 -1e+010 1e+010 1e+010 1e+010</IKRotLimits>
                    <IKRotLimitOrder>2</IKRotLimitOrder>
                    <KeyFrames count="38">
                        <i>1 0 0 0 1 0 0 0 1 -0.059303 0.981368 0.0732933</i>
                        <i>1 0 0 0 1 0 0 0 1 -0.059303 0.981229 0.0732933</i>
                        <i>1 0 0 0 1 0 0 0 1 -0.059303 0.980853 0.0732933</i>
                        <i>1 0 0 0 1 0 0 0 1 -0.059303 0.980269 0.0732933</i>
                        <i>1 0 0 0 1 0 0 0 1 -0.059303 0.979507 0.0732933</i>
                        <i>1 0 0 0 1 0 0 0 1 -0.059303 0.978598 0.0732933</i>
                        <i>1 0 0 0 1 0 0 0 1 -0.059303 0.97757 0.0732933</i>
                        <i>1 0 0 0 1 0 0 0 1 -0.059303 0.976453 0.0732933</i>
                        <i>1 0 0 0 1 0 0 0 1 -0.059303 0.975278 0.0732933</i>
                        <i>1 0 0 0 1 0 0 0 1 -0.059303 0.974074 0.0732933</i>
                        <i>1 0 0 0 1 0 0 0 1 -0.059303 0.97287 0.0732933</i>
                        <i>1 0 0 0 1 0 0 0 1 -0.059303 0.971696 0.0732933</i>
                        <i>1 0 0 0 1 0 0 0 1 -0.059303 0.970583 0.0732933</i>
                        <i>1 0 0 0 1 0 0 0 1 -0.059303 0.969559 0.0732933</i>
                        <i>1 0 0 0 1 0 0 0 1 -0.059303 0.968655 0.0732933</i>
                        <i>1 0 0 0 1 0 0 0 1 -0.059303 0.9679 0.0732933</i>
                        <i>1 0 0 0 1 0 0 0 1 -0.059303 0.967324 0.0732933</i>
                        <i>1 0 0 0 1 0 0 0 1 -0.059303 0.966957 0.0732933</i>
                        <i>1 0 0 0 1 0 0 0 1 -0.059303 0.966828 0.0732933</i>
                        <i>1 0 0 0 1 0 0 0 1 -0.059303 0.966939 0.0732933</i>
                        <i>1 0 0 0 1 0 0 0 1 -0.059303 0.967259 0.0732933</i>
                        <i>1 0 0 0 1 0 0 0 1 -0.059303 0.967762 0.0732933</i>
                        <i>1 0 0 0 1 0 0 0 1 -0.059303 0.968425 0.0732933</i>
                        <i>1 0 0 0 1 0 0 0 1 -0.059303 0.969224 0.0732933</i>
                        <i>1 0 0 0 1 0 0 0 1 -0.059303 0.970135 0.0732933</i>
                        <i>1 0 0 0 1 0 0 0 1 -0.059303 0.971135 0.0732933</i>
                        <i>1 0 0 0 1 0 0 0 1 -0.059303 0.9722 0.0732933</i>
                        <i>1 0 0 0 1 0 0 0 1 -0.059303 0.973305 0.0732933</i>
                        <i>1 0 0 0 1 0 0 0 1 -0.059303 0.974428 0.0732933</i>
                        <i>1 0 0 0 1 0 0 0 1 -0.059303 0.975543 0.0732933</i>
                        <i>1 0 0 0 1 0 0 0 1 -0.059303 0.976628 0.0732933</i>
                        <i>1 0 0 0 1 0 0 0 1 -0.059303 0.977659 0.0732933</i>
                        <i>1 0 0 0 1 0 0 0 1 -0.059303 0.978612 0.0732933</i>
                        <i>1 0 0 0 1 0 0 0 1 -0.059303 0.979462 0.0732933</i>
                        <i>1 0 0 0 1 0 0 0 1 -0.059303 0.980187 0.0732933</i>
                        <i>1 0 0 0 1 0 0 0 1 -0.059303 0.980762 0.0732933</i>
                        <i>1 0 0 0 1 0 0 0 1 -0.059303 0.981164 0.0732933</i>
                        <i>1 0 0 0 1 0 0 0 1 -0.059303 0.981368 0.0732933</i>
                    </KeyFrames>
                </p>
            </i>
            <i>
                <p>
                    <Name>
                        <![CDATA[spine0]]>
</Name>
                    <Exclude>0</Exclude>
                    <Additive>0</Additive>
                    <IKPriority>0</IKPriority>
                    <IKRotLimits>-1e+010 -1e+010 -1e+010 1e+010 1e+010 1e+010</IKRotLimits>
                    <IKRotLimitOrder>0</IKRotLimitOrder>
                    <KeyFrames count="38">
                        <i>0.0809641 0.993895 0.0749547 -0.944152 0.052378 0.32532 0.319408 -0.0971079 0.942629 -0.0659625 1.12179 0.0427427</i>
                        <i>0.0814143 0.993801 0.0756987 -0.944136 0.0525642 0.325338 0.319343 -0.097957 0.942563 -0.0659625 1.12165 0.0427427</i>
                        <i>0.081796 0.993722 0.0763239 -0.944121 0.052724 0.325354 0.319288 -0.0986717 0.942507 -0.0659625 1.12128 0.0427427</i>
                        <i>0.0821151 0.993656 0.0768401 -0.944109 0.0528596 0.325368 0.319242 -0.099263 0.94246 -0.0659625 1.12069 0.0427427</i>
                        <i>0.0823774 0.993602 0.0772571 -0.944099 0.0529735 0.325379 0.319205 -0.0997422 0.942422 -0.0659625 1.11993 0.0427427</i>
                        <i>0.0825891 0.993559 0.0775852 -0.94409 0.053068 0.325388 0.319175 -0.100121 0.942392 -0.0659625 1.11902 0.0427427</i>
                        <i>0.0827559 0.993526 0.0778346 -0.944083 0.0531455 0.325396 0.319152 -0.100411 0.942369 -0.0659625 1.11799 0.0427427</i>
                        <i>0.0828839 0.993501 0.0780157 -0.944078 0.0532082 0.325402 0.319136 -0.100623 0.942352 -0.0659625 1.11688 0.0427427</i>
                        <i>0.0829792 0.993483 0.0781388 -0.944073 0.0532586 0.325407 0.319125 -0.100771 0.94234 -0.0659625 1.1157 0.0427427</i>
                        <i>0.0830477 0.993471 0.0782147 -0.944069 0.0532989 0.325411 0.319118 -0.100865 0.942332 -0.0659625 1.1145 0.0427427</i>
                        <i>0.0830956 0.993464 0.0782537 -0.944066 0.0533314 0.325414 0.319114 -0.100917 0.942328 -0.0659625 1.11329 0.0427427</i>
                        <i>0.0831288 0.993461 0.0782665 -0.944064 0.0533586 0.325417 0.319113 -0.10094 0.942326 -0.0659625 1.11212 0.0427427</i>
                        <i>0.0831534 0.993459 0.0782638 -0.944062 0.0533826 0.325419 0.319113 -0.100946 0.942325 -0.0659625 1.11101 0.0427427</i>
                        <i>0.0831755 0.993457 0.078256 -0.94406 0.0534058 0.325421 0.319113 -0.100945 0.942325 -0.0659625 1.10998 0.0427427</i>
                        <i>0.0831438 0.993468 0.078158 -0.94406 0.0534073 0.325422 0.319122 -0.100843 0.942333 -0.0659625 1.10908 0.0427427</i>
                        <i>0.083014 0.993499 0.077896 -0.944063 0.0533686 0.325418 0.319145 -0.100553 0.942356 -0.0659625 1.10832 0.0427427</i>
                        <i>0.0828022 0.993548 0.0774978 -0.94407 0.0532963 0.325411 0.319181 -0.100108 0.942392 -0.0659625 1.10775 0.0427427</i>
                        <i>0.0825247 0.993611 0.0769912 -0.944079 0.0531967 0.325401 0.319226 -0.0995393 0.942437 -0.0659625 1.10738 0.0427427</i>
                        <i>0.0821977 0.993683 0.0764041 -0.944089 0.0530762 0.325389 0.319278 -0.0988786 0.942488 -0.0659625 1.10725 0.0427427</i>
                        <i>0.0818374 0.993762 0.0757644 -0.944102 0.0529412 0.325376 0.319335 -0.0981571 0.942545 -0.0659625 1.10736 0.0427427</i>
                        <i>0.0814597 0.993843 0.0750994 -0.944115 0.0527979 0.325361 0.319393 -0.0974063 0.942603 -0.0659625 1.10768 0.0427427</i>
                        <i>0.0810809 0.993924 0.0744365 -0.944128 0.0526529 0.325347 0.319451 -0.096657 0.94266 -0.0659625 1.10818 0.0427427</i>
                        <i>0.0807169 0.994001 0.0738027 -0.94414 0.0525126 0.325333 0.319506 -0.09594 0.942715 -0.0659625 1.10885 0.0427427</i>
                        <i>0.0803835 0.994071 0.0732248 -0.944152 0.0523833 0.32532 0.319556 -0.0952857 0.942764 -0.0659625 1.10965 0.0427427</i>
                        <i>0.0800967 0.99413 0.0727293 -0.944162 0.0522715 0.325309 0.319598 -0.0947245 0.942807 -0.0659625 1.11056 0.0427427</i>
                        <i>0.0798722 0.994177 0.0723427 -0.94417 0.0521837 0.325301 0.319631 -0.0942863 0.942839 -0.0659625 1.11156 0.0427427</i>
                        <i>0.0797259 0.994207 0.0720914 -0.944175 0.0521262 0.325295 0.319653 -0.0940013 0.942861 -0.0659625 1.11262 0.0427427</i>
                        <i>0.0796736 0.994217 0.0720017 -0.944177 0.0521057 0.325293 0.31966 -0.0938996 0.942868 -0.0659625 1.11373 0.0427427</i>
                        <i>0.0796671 0.994217 0.0720139 -0.944178 0.0520957 0.325292 0.319659 -0.093909 0.942867 -0.0659625 1.11485 0.0427427</i>
                        <i>0.0796562 0.994215 0.0720581 -0.94418 0.0520713 0.32529 0.319656 -0.0939471 0.942865 -0.0659625 1.11597 0.0427427</i>
                        <i>0.0796538 0.994208 0.0721458 -0.944182 0.052041 0.325287 0.319648 -0.0940291 0.942859 -0.0659625 1.11705 0.0427427</i>
                        <i>0.0796728 0.994196 0.0722886 -0.944185 0.0520134 0.325284 0.319636 -0.0941701 0.942849 -0.0659625 1.11808 0.0427427</i>
                        <i>0.0797262 0.994177 0.0724979 -0.944186 0.0519969 0.325282 0.319618 -0.094385 0.942834 -0.0659625 1.11903 0.0427427</i>
                        <i>0.079827 0.994148 0.0727854 -0.944186 0.052 0.325283 0.319594 -0.0946892 0.942811 -0.0659625 1.11988 0.0427427</i>
                        <i>0.0799881 0.994107 0.0731628 -0.944183 0.0520313 0.325286 0.319562 -0.0950981 0.942781 -0.0659625 1.12061 0.0427427</i>
                        <i>0.0802227 0.994053 0.073642 -0.944177 0.0520991 0.325292 0.319521 -0.0956269 0.942742 -0.0659625 1.12118 0.0427427</i>
                        <i>0.0805437 0.993983 0.0742352 -0.944167 0.0522119 0.325304 0.31947 -0.0962915 0.942691 -0.0659625 1.12159 0.0427427</i>
                        <i>0.0809641 0.993895 0.0749547 -0.944152 0.052378 0.32532 0.319408 -0.0971079 0.942629 -0.0659625 1.12179 0.0427427</i>
                    </KeyFrames>
                </p>
            </i>
            <i>
                <p>
                    <Name>
                        <![CDATA[spine1]]>
</Name>
                    <Exclude>0</Exclude>
                    <Additive>0</Additive>
                    <IKPriority>0</IKPriority>
                    <IKRotLimits>-1e+010 -1e+010 -1e+010 1e+010 1e+010 1e+010</IKRotLimits>
                    <IKRotLimitOrder>0</IKRotLimitOrder>
                    <KeyFrames count="38">
                        <i>0.117488 0.957975 0.261687 -0.918749 0.00482797 0.394811 0.376956 -0.28681 0.880706 -0.052102 1.29193 0.0555757</i>
                        <i>0.117697 0.957839 0.262092 -0.91883 0.00492332 0.394624 0.376696 -0.287264 0.88067 -0.0520278 1.29174 0.0557006</i>
                        <i>0.117874 0.957724 0.26243 -0.918899 0.0050073 0.39446 0.37647 -0.287644 0.880643 -0.0519649 1.29132 0.0558054</i>
                        <i>0.118021 0.95763 0.262709 -0.91896 0.00508086 0.394319 0.376277 -0.287957 0.880623 -0.0519123 1.2907 0.055892</i>
                        <i>0.118142 0.957553 0.262933 -0.919011 0.00514498 0.394198 0.376113 -0.28821 0.88061 -0.051869 1.28991 0.0559619</i>
                        <i>0.11824 0.957493 0.263109 -0.919055 0.00520062 0.394095 0.375975 -0.288409 0.880604 -0.0518341 1.28898 0.0560169</i>
                        <i>0.118317 0.957447 0.263242 -0.919092 0.00524881 0.394007 0.375859 -0.288562 0.880603 -0.0518065 1.28793 0.0560587</i>
                        <i>0.118377 0.957413 0.263338 -0.919124 0.00529055 0.393933 0.375764 -0.288673 0.880607 -0.0517853 1.2868 0.0560891</i>
                        <i>0.118421 0.95739 0.263404 -0.91915 0.00532687 0.393871 0.375685 -0.28875 0.880616 -0.0517695 1.28562 0.0561097</i>
                        <i>0.118454 0.957375 0.263444 -0.919173 0.0053588 0.393818 0.37562 -0.288799 0.880627 -0.0517581 1.28441 0.0561224</i>
                        <i>0.118476 0.957366 0.263464 -0.919192 0.00538741 0.393772 0.375565 -0.288827 0.880642 -0.05175 1.2832 0.0561289</i>
                        <i>0.118492 0.957363 0.26347 -0.919209 0.00541372 0.393732 0.375518 -0.288838 0.880658 -0.0517444 1.28203 0.0561311</i>
                        <i>0.118505 0.957362 0.263468 -0.919226 0.00543877 0.393694 0.375474 -0.288841 0.880676 -0.0517402 1.28091 0.0561306</i>
                        <i>0.118516 0.957362 0.263463 -0.919241 0.00546363 0.393656 0.375432 -0.288841 0.880694 -0.0517364 1.27989 0.0561293</i>
                        <i>0.118502 0.957378 0.26341 -0.919248 0.00547729 0.393641 0.37542 -0.288786 0.880717 -0.0517415 1.27899 0.0561129</i>
                        <i>0.118443 0.957424 0.263269 -0.919237 0.00547017 0.393667 0.375466 -0.288634 0.880747 -0.0517627 1.27825 0.0560689</i>
                        <i>0.118347 0.957495 0.263055 -0.919211 0.00544549 0.393727 0.375559 -0.2884 0.880784 -0.0517974 1.2777 0.0560022</i>
                        <i>0.11822 0.957585 0.262782 -0.919173 0.00540647 0.393816 0.375692 -0.288099 0.880826 -0.0518429 1.27737 0.0559172</i>
                        <i>0.11807 0.957691 0.262465 -0.919126 0.00535633 0.393926 0.375854 -0.287749 0.880871 -0.0518966 1.27728 0.0558188</i>
                        <i>0.117905 0.957806 0.262118 -0.919073 0.00529824 0.394052 0.376037 -0.287366 0.880918 -0.0519558 1.27744 0.0557115</i>
                        <i>0.11773 0.957927 0.261756 -0.919015 0.00523541 0.394187 0.376232 -0.286966 0.880966 -0.0520179 1.2778 0.0555999</i>
                        <i>0.117555 0.958047 0.261394 -0.918957 0.00517097 0.394324 0.37643 -0.286565 0.881012 -0.0520802 1.27835 0.0554886</i>
                        <i>0.117386 0.958162 0.261046 -0.9189 0.00510803 0.394458 0.376621 -0.286179 0.881055 -0.05214 1.27906 0.0553823</i>
                        <i>0.117231 0.958268 0.260728 -0.918847 0.00504969 0.394581 0.376798 -0.285826 0.881094 -0.0521948 1.2799 0.0552852</i>
                        <i>0.117097 0.958359 0.260454 -0.918801 0.00499902 0.394688 0.376951 -0.285523 0.881127 -0.052242 1.28085 0.055202</i>
                        <i>0.116992 0.95843 0.26024 -0.918766 0.00495906 0.394772 0.377071 -0.285285 0.881153 -0.052279 1.28187 0.0551371</i>
                        <i>0.116924 0.958476 0.2601 -0.918742 0.00493283 0.394828 0.37715 -0.28513 0.881169 -0.052303 1.28296 0.0550949</i>
                        <i>0.116899 0.958493 0.260051 -0.918734 0.00492341 0.394847 0.377178 -0.285075 0.881175 -0.0523116 1.28407 0.0550798</i>
                        <i>0.116896 0.958491 0.260058 -0.918727 0.00491187 0.394864 0.377196 -0.28508 0.881165 -0.0523128 1.28519 0.0550819</i>
                        <i>0.11689 0.958485 0.260083 -0.918709 0.00488199 0.394906 0.377242 -0.285101 0.881139 -0.0523148 1.2863 0.0550893</i>
                        <i>0.116887 0.958472 0.260133 -0.918685 0.00484077 0.394962 0.377301 -0.285146 0.881099 -0.0523156 1.28738 0.0551041</i>
                        <i>0.116894 0.958449 0.260214 -0.918659 0.00479527 0.395022 0.37736 -0.285223 0.881049 -0.0523129 1.2884 0.0551281</i>
                        <i>0.116917 0.958414 0.260331 -0.918637 0.00475254 0.395073 0.377406 -0.285341 0.880991 -0.0523045 1.28934 0.0551632</i>
                        <i>0.116963 0.958365 0.260492 -0.918624 0.00471965 0.395105 0.377425 -0.285507 0.880929 -0.0522883 1.29017 0.0552115</i>
                        <i>0.117036 0.958299 0.260702 -0.918624 0.0047036 0.395106 0.377403 -0.285729 0.880867 -0.0522622 1.29087 0.0552749</i>
                        <i>0.117144 0.958214 0.260967 -0.918641 0.00471157 0.395065 0.377327 -0.286015 0.880806 -0.0522239 1.29142 0.0553554</i>
                        <i>0.117293 0.958107 0.261293 -0.918681 0.00475063 0.394971 0.377183 -0.286373 0.880752 -0.0521712 1.29178 0.055455</i>
                        <i>0.117488 0.957975 0.261687 -0.918749 0.00482797 0.394811 0.376956 -0.28681 0.880706 -0.052102 1.29193 0.0555757</i>
                    </KeyFrames>
                </p>
            </i>
            <i>
                <p>
                    <Name>
                        <![CDATA[spine2]]>
</Name>
                    <Exclude>0</Exclude>
                    <Additive>0</Additive>
                    <IKPriority>0</IKPriority>
                    <IKRotLimits>-1e+010 -1e+010 -1e+010 1e+010 1e+010 1e+010</IKRotLimits>
                    <IKRotLimitOrder>0</IKRotLimitOrder>
                    <KeyFrames count="38">
                        <i>0.143004 0.83099 0.537593 -0.898859 -0.118301 0.421968 0.414249 -0.543563 0.730025 -0.0335112 1.44285 0.096785</i>
                        <i>0.142224 0.831973 0.536278 -0.89892 -0.118252 0.421852 0.414385 -0.542068 0.731059 -0.0334084 1.44261 0.0969644</i>
                        <i>0.141561 0.832796 0.535175 -0.898978 -0.11821 0.421741 0.414487 -0.540812 0.731931 -0.0333213 1.44214 0.097115</i>
                        <i>0.141007 0.833474 0.534265 -0.899032 -0.118174 0.421635 0.414558 -0.539774 0.732656 -0.0332484 1.44149 0.0972392</i>
                        <i>0.14055 0.834021 0.53353 -0.899083 -0.118145 0.421534 0.414602 -0.538935 0.733249 -0.0331884 1.44067 0.0973394</i>
                        <i>0.14018 0.834452 0.532954 -0.899132 -0.11812 0.421437 0.414622 -0.538273 0.733724 -0.0331399 1.43971 0.0974182</i>
                        <i>0.139887 0.83478 0.532516 -0.899179 -0.118101 0.421343 0.41462 -0.537767 0.734096 -0.0331016 1.43865 0.0974779</i>
                        <i>0.139661 0.83502 0.532199 -0.899223 -0.118085 0.421252 0.414599 -0.537398 0.734378 -0.0330721 1.43751 0.0975213</i>
                        <i>0.139491 0.835186 0.531984 -0.899267 -0.118073 0.421163 0.414562 -0.537144 0.734585 -0.0330501 1.43631 0.0975508</i>
                        <i>0.139367 0.83529 0.531853 -0.899309 -0.118063 0.421076 0.414513 -0.536984 0.73473 -0.033034 1.4351 0.0975688</i>
                        <i>0.139278 0.835347 0.531786 -0.89935 -0.118056 0.42099 0.414453 -0.536897 0.734827 -0.0330227 1.43389 0.0975781</i>
                        <i>0.139214 0.835371 0.531766 -0.899391 -0.118049 0.420904 0.414386 -0.536861 0.734891 -0.0330147 1.43271 0.097581</i>
                        <i>0.139164 0.835374 0.531774 -0.899432 -0.118044 0.420818 0.414313 -0.536857 0.734935 -0.0330086 1.4316 0.0975802</i>
                        <i>0.139119 0.835371 0.53179 -0.899473 -0.118039 0.420731 0.414239 -0.536863 0.734972 -0.0330031 1.43057 0.0975782</i>
                        <i>0.139167 0.835252 0.531965 -0.899507 -0.11804 0.420658 0.414148 -0.537048 0.734888 -0.0330098 1.42968 0.0975546</i>
                        <i>0.139385 0.83492 0.532429 -0.899529 -0.118051 0.420608 0.414028 -0.537562 0.73458 -0.0330388 1.42896 0.0974916</i>
                        <i>0.139744 0.83441 0.533133 -0.899539 -0.118072 0.420581 0.413885 -0.538348 0.734085 -0.0330865 1.42844 0.0973959</i>
                        <i>0.140217 0.833758 0.534028 -0.89954 -0.1181 0.420572 0.413724 -0.539351 0.733439 -0.0331492 1.42814 0.0972741</i>
                        <i>0.140776 0.832998 0.535066 -0.899532 -0.118133 0.420579 0.41355 -0.540517 0.732678 -0.0332232 1.4281 0.0971327</i>
                        <i>0.141394 0.832165 0.536198 -0.899518 -0.11817 0.420597 0.413369 -0.54179 0.73184 -0.0333049 1.4283 0.0969785</i>
                        <i>0.142042 0.831295 0.537376 -0.8995 -0.11821 0.420626 0.413187 -0.543116 0.730959 -0.0333906 1.42871 0.0968181</i>
                        <i>0.142693 0.830423 0.538551 -0.899479 -0.11825 0.42066 0.41301 -0.54444 0.730074 -0.0334767 1.4293 0.0966579</i>
                        <i>0.143319 0.829585 0.539675 -0.899456 -0.118289 0.420698 0.412842 -0.545708 0.729222 -0.0335595 1.43006 0.0965045</i>
                        <i>0.143893 0.828817 0.540701 -0.899433 -0.118325 0.420736 0.412691 -0.546865 0.72844 -0.0336354 1.43094 0.0963646</i>
                        <i>0.144388 0.828156 0.541581 -0.899413 -0.118356 0.420771 0.412563 -0.547859 0.727765 -0.0337008 1.43192 0.0962444</i>
                        <i>0.144775 0.827639 0.542268 -0.899396 -0.11838 0.420799 0.412464 -0.548635 0.727237 -0.033752 1.43298 0.0961506</i>
                        <i>0.145027 0.827301 0.542715 -0.899385 -0.118396 0.420819 0.412399 -0.54914 0.726892 -0.0337854 1.43408 0.0960895</i>
                        <i>0.145117 0.827181 0.542875 -0.899381 -0.118402 0.420826 0.412377 -0.549321 0.726769 -0.0337973 1.43519 0.0960677</i>
                        <i>0.145132 0.827193 0.542852 -0.899361 -0.118404 0.420868 0.412415 -0.549301 0.726761 -0.0337991 1.43632 0.0960707</i>
                        <i>0.145161 0.827242 0.54277 -0.899307 -0.118408 0.420982 0.412522 -0.549227 0.726757 -0.0338023 1.43743 0.0960816</i>
                        <i>0.145179 0.827345 0.542609 -0.89923 -0.118413 0.421146 0.412685 -0.549071 0.726782 -0.0338038 1.4385 0.0961032</i>
                        <i>0.145163 0.827518 0.542349 -0.899139 -0.118416 0.42134 0.412889 -0.54881 0.726864 -0.0338007 1.43951 0.0961381</i>
                        <i>0.145088 0.827779 0.54197 -0.899044 -0.118416 0.421542 0.413122 -0.548416 0.727029 -0.0337897 1.44044 0.0961893</i>
                        <i>0.144932 0.828145 0.541453 -0.898955 -0.118411 0.421733 0.41337 -0.547864 0.727303 -0.033768 1.44125 0.0962593</i>
                        <i>0.144669 0.828632 0.540777 -0.898882 -0.118399 0.421892 0.413621 -0.547129 0.727714 -0.0337323 1.44192 0.0963511</i>
                        <i>0.144276 0.829258 0.539922 -0.898835 -0.118378 0.421998 0.41386 -0.546185 0.728287 -0.0336797 1.44243 0.0964674</i>
                        <i>0.143729 0.830038 0.538868 -0.898824 -0.118346 0.42203 0.414074 -0.545005 0.729049 -0.033607 1.44275 0.0966111</i>
                        <i>0.143004 0.83099 0.537593 -0.898859 -0.118301 0.421968 0.414249 -0.543563 0.730025 -0.0335112 1.44285 0.096785</i>
                    </KeyFrames>
                </p>
            </i>
            <i>
                <p>
                    <Name>
                        <![CDATA[head]]>
</Name>
                    <Exclude>0</Exclude>
                    <Additive>0</Additive>
                    <IKPriority>0</IKPriority>
                    <IKRotLimits>-1e+010 -1e+010 -1e+010 1e+010 1e+010 1e+010</IKRotLimits>
                    <IKRotLimitOrder>0</IKRotLimitOrder>
                    <KeyFrames count="38">
                        <i>-0.00510176 0.961048 0.276336 0.0286708 0.276367 -0.960625 -0.999576 0.0030219 -0.028964 -0.00357878 1.65784 0.234376</i>
                        <i>-0.00618585 0.963951 0.266008 0.0290535 0.266074 -0.963515 -0.999559 0.0017683 -0.0296521 -0.00374193 1.6579 0.234094</i>
                        <i>-0.00711136 0.966492 0.2566 0.0298022 0.256697 -0.966032 -0.99953 0.000777431 -0.030629 -0.00388034 1.6577 0.233857</i>
                        <i>-0.00788336 0.968707 0.248081 0.0308462 0.248206 -0.968216 -0.999493 1.95365e-005 -0.0318376 -0.00399612 1.65725 0.233661</i>
                        <i>-0.00850984 0.970632 0.240418 0.0321159 0.240567 -0.970101 -0.999448 -0.00053417 -0.0332199 -0.00409143 1.6566 0.233503</i>
                        <i>-0.00900115 0.972297 0.233575 0.0335429 0.233746 -0.971719 -0.999397 -0.000911821 -0.0347176 -0.00416841 1.65578 0.233378</i>
                        <i>-0.00936997 0.973729 0.227517 0.0350596 0.227707 -0.973098 -0.999341 -0.00114123 -0.0362722 -0.00422924 1.65482 0.233284</i>
                        <i>-0.00963066 0.974952 0.222207 0.0365996 0.222412 -0.974266 -0.999284 -0.00125014 -0.0378248 -0.00427607 1.65375 0.233215</i>
                        <i>-0.00979911 0.975987 0.217607 0.0380969 0.217824 -0.975244 -0.999226 -0.00126637 -0.0393166 -0.0043111 1.65261 0.233168</i>
                        <i>-0.00989222 0.976854 0.213678 0.0394865 0.213903 -0.976057 -0.999171 -0.001218 -0.0406885 -0.00433648 1.65143 0.23314</i>
                        <i>-0.00992771 0.977569 0.21038 0.0407039 0.210611 -0.976722 -0.999122 -0.00113332 -0.0418817 -0.00435443 1.65024 0.233125</i>
                        <i>-0.00992361 0.978148 0.207674 0.0416851 0.207908 -0.97726 -0.999081 -0.00104103 -0.0428374 -0.0043671 1.64907 0.23312</i>
                        <i>-0.00989806 0.978603 0.205519 0.0423666 0.205755 -0.977686 -0.999053 -0.00097003 -0.0434965 -0.00437669 1.64796 0.233121</i>
                        <i>-0.00986877 0.978947 0.203874 0.0426846 0.204111 -0.978017 -0.99904 -0.000949539 -0.0438003 -0.00438535 1.64693 0.233123</i>
                        <i>-0.00972678 0.978967 0.203789 0.0426102 0.204019 -0.978039 -0.999044 -0.000829702 -0.0436985 -0.00437459 1.646 0.23316</i>
                        <i>-0.00937745 0.978476 0.20615 0.0421936 0.206363 -0.977565 -0.999066 -0.000468802 -0.0432206 -0.00432833 1.64518 0.23326</i>
                        <i>-0.00885441 0.977529 0.210617 0.0414935 0.210803 -0.976647 -0.999099 9.16023e-005 -0.0424277 -0.0042524 1.6445 0.23341</i>
                        <i>-0.00818962 0.976172 0.216845 0.0405699 0.216998 -0.975329 -0.999143 0.000809825 -0.0413803 -0.00415267 1.644 0.233602</i>
                        <i>-0.00741474 0.974448 0.224489 0.0394829 0.224606 -0.97365 -0.999193 0.00164413 -0.0401394 -0.00403496 1.64371 0.233825</i>
                        <i>-0.00656239 0.972405 0.233205 0.0382918 0.233283 -0.971655 -0.999245 0.00255344 -0.0387661 -0.00390511 1.64365 0.234067</i>
                        <i>-0.00566718 0.970098 0.242648 0.0370541 0.242689 -0.969396 -0.999297 0.00349738 -0.0373215 -0.00376895 1.64379 0.23432</i>
                        <i>-0.00476611 0.967591 0.252478 0.035825 0.252484 -0.966938 -0.999347 0.00443647 -0.0358673 -0.00363227 1.64411 0.234571</i>
                        <i>-0.00389917 0.964964 0.262354 0.0346568 0.262329 -0.964356 -0.999392 0.00533218 -0.0344654 -0.00350084 1.6446 0.234812</i>
                        <i>-0.00310914 0.962308 0.271944 0.0335992 0.271892 -0.961741 -0.99943 0.00614691 -0.0331782 -0.00338043 1.64523 0.235032</i>
                        <i>-0.00244143 0.95973 0.280913 0.032699 0.280841 -0.959197 -0.999462 0.0068438 -0.0320679 -0.00327679 1.64601 0.23522</i>
                        <i>-0.00194354 0.957346 0.288936 0.032001 0.288848 -0.95684 -0.999486 0.00738654 -0.0311973 -0.00319566 1.6469 0.235367</i>
                        <i>-0.0016645 0.955284 0.295686 0.0315479 0.295589 -0.954794 -0.999501 0.00773901 -0.0306292 -0.00314276 1.64789 0.235463</i>
                        <i>-0.0016538 0.953673 0.300841 0.0313824 0.300743 -0.953189 -0.999506 0.00786474 -0.0304259 -0.00312384 1.64897 0.235497</i>
                        <i>-0.00176464 0.952469 0.304631 0.0312881 0.304534 -0.951987 -0.999509 0.00785138 -0.0303383 -0.00312111 1.6501 0.235492</i>
                        <i>-0.00183816 0.951576 0.307409 0.0310467 0.307315 -0.951101 -0.999516 0.00779575 -0.0301082 -0.00311616 1.65122 0.235476</i>
                        <i>-0.00190654 0.951048 0.309038 0.030698 0.308948 -0.950583 -0.999527 0.00767451 -0.0297843 -0.00311382 1.65233 0.235443</i>
                        <i>-0.0020033 0.950937 0.309379 0.0302814 0.309295 -0.950484 -0.999539 0.00746429 -0.0294152 -0.00311895 1.6534 0.235388</i>
                        <i>-0.00216284 0.951289 0.308291 0.0298365 0.308216 -0.950848 -0.999552 0.00714179 -0.0290498 -0.0031364 1.65441 0.235309</i>
                        <i>-0.00241997 0.952146 0.305634 0.0294038 0.30557 -0.951715 -0.999565 0.00668364 -0.0287362 -0.00317103 1.65534 0.2352</i>
                        <i>-0.00280947 0.953538 0.30126 0.0290253 0.301212 -0.953115 -0.999575 0.00606642 -0.028523 -0.00322772 1.65616 0.235057</i>
                        <i>-0.00336524 0.955484 0.295022 0.028745 0.294994 -0.955067 -0.999581 0.0052664 -0.0284581 -0.00331134 1.65687 0.234875</i>
                        <i>-0.00411947 0.957992 0.286767 0.0286098 0.286765 -0.957574 -0.999582 0.00425963 -0.0285893 -0.00342675 1.65743 0.234649</i>
                        <i>-0.00510176 0.961048 0.276336 0.0286708 0.276367 -0.960625 -0.999576 0.0030219 -0.028964 -0.00357878 1.65784 0.234376</i>
                    </KeyFrames>
                </p>
            </i>
            <i>
                <p>
                    <Name>
                        <![CDATA[head_prop]]>
</Name>
                    <Exclude>0</Exclude>
                    <Additive>0</Additive>
                    <IKPriority>0</IKPriority>
                    <IKRotLimits>-1e+010 -1e+010 -1e+010 1e+010 1e+010 1e+010</IKRotLimits>
                    <IKRotLimitOrder>0</IKRotLimitOrder>
                    <KeyFrames count="38">
                        <i>0.99979 0.00225911 0.0203578 -0.00787334 0.959926 0.280145 -0.0189091 -0.280246 0.959742 -0.00524149 1.97105 0.324437</i>
                        <i>0.999774 0.00342029 0.0209899 -0.00895892 0.962867 0.269826 -0.0192876 -0.269953 0.96268 -0.00575796 1.97206 0.320788</i>
                        <i>0.99975 0.0043267 0.0219169 -0.00988737 0.965443 0.260426 -0.0200327 -0.260578 0.965245 -0.006198 1.97268 0.317485</i>
                        <i>0.999721 0.00500789 0.0230811 -0.0106635 0.967691 0.251913 -0.0210739 -0.252089 0.967475 -0.00656538 1.97296 0.314513</i>
                        <i>0.999687 0.00549241 0.0244244 -0.011295 0.969646 0.244253 -0.0223415 -0.244453 0.969404 -0.00686486 1.97294 0.311857</i>
                        <i>0.999648 0.00580814 0.0258878 -0.0117919 0.971337 0.237413 -0.0237669 -0.237635 0.971064 -0.00710197 1.97266 0.309502</i>
                        <i>0.999606 0.00598261 0.0274126 -0.0121667 0.972793 0.231357 -0.0252826 -0.2316 0.972483 -0.007283 1.97217 0.307434</i>
                        <i>0.999563 0.00604328 0.0289394 -0.0124335 0.974037 0.226048 -0.026822 -0.226309 0.973686 -0.00741479 1.9715 0.305634</i>
                        <i>0.999519 0.00601764 0.0304092 -0.0126079 0.975091 0.221448 -0.0283191 -0.221725 0.974698 -0.00750472 1.9707 0.304088</i>
                        <i>0.999478 0.00593346 0.0317626 -0.0127065 0.975973 0.217518 -0.0297088 -0.217808 0.975539 -0.00756045 1.9698 0.302779</i>
                        <i>0.99944 0.00581867 0.0329404 -0.0127467 0.976702 0.21422 -0.0309265 -0.21452 0.97623 -0.00758997 1.96884 0.301689</i>
                        <i>0.999409 0.00570163 0.0338835 -0.0127465 0.977292 0.211514 -0.0319081 -0.211821 0.976788 -0.00760129 1.96786 0.300802</i>
                        <i>0.999388 0.00561091 0.0345326 -0.0127236 0.977756 0.209359 -0.0325898 -0.20967 0.977229 -0.00760256 1.96689 0.300101</i>
                        <i>0.999378 0.00557534 0.0348287 -0.0126956 0.978107 0.207715 -0.0329081 -0.208028 0.977569 -0.00760167 1.96598 0.299568</i>
                        <i>0.999382 0.00545467 0.0347264 -0.0125533 0.978127 0.207629 -0.0328343 -0.207937 0.977591 -0.00754464 1.96506 0.299577</i>
                        <i>0.9994 0.00511527 0.0342595 -0.0122024 0.977627 0.20999 -0.0324189 -0.210282 0.977103 -0.00738453 1.96407 0.300446</i>
                        <i>0.999429 0.00459556 0.0334876 -0.0116766 0.976664 0.214455 -0.0317206 -0.214724 0.97616 -0.00713814 1.96308 0.302052</i>
                        <i>0.999465 0.00393402 0.03247 -0.0110082 0.975284 0.220681 -0.0307993 -0.22092 0.974805 -0.00682174 1.96214 0.304274</i>
                        <i>0.999506 0.00316915 0.0312661 -0.010229 0.973532 0.228321 -0.029715 -0.228529 0.973084 -0.00645149 1.96129 0.306988</i>
                        <i>0.999549 0.00233884 0.0299357 -0.00937202 0.971457 0.237032 -0.0285268 -0.237206 0.97104 -0.00604386 1.96056 0.310071</i>
                        <i>0.999592 0.00148027 0.0285386 -0.00847195 0.969113 0.24647 -0.0272923 -0.246611 0.96873 -0.00561594 1.95995 0.313401</i>
                        <i>0.999632 0.000629797 0.027135 -0.00756604 0.966569 0.256294 -0.0260664 -0.256404 0.966218 -0.00518559 1.95945 0.316856</i>
                        <i>0.999667 -0.000177117 0.0257849 -0.00669451 0.963905 0.266164 -0.0249014 -0.266248 0.963583 -0.00477162 1.95909 0.320316</i>
                        <i>0.999698 -0.000905891 0.024549 -0.00590031 0.961213 0.275745 -0.0238466 -0.275807 0.960917 -0.00439373 1.95886 0.323661</i>
                        <i>0.999723 -0.0015226 0.0234878 -0.00522904 0.9586 0.284708 -0.0229489 -0.284752 0.958327 -0.00407248 1.95879 0.326772</i>
                        <i>0.999741 -0.00199381 0.0226618 -0.00472839 0.956186 0.292723 -0.0222526 -0.292754 0.955929 -0.00382908 1.95891 0.329534</i>
                        <i>0.999752 -0.0022862 0.0221318 -0.00444757 0.954096 0.299466 -0.0218005 -0.299491 0.95385 -0.00368524 1.95923 0.33183</i>
                        <i>0.999756 -0.00236611 0.021958 -0.00443622 0.952465 0.304615 -0.021635 -0.304638 0.952222 -0.00366283 1.95978 0.333544</i>
                        <i>0.999758 -0.00231909 0.0218924 -0.00454667 0.951246 0.3084 -0.0215403 -0.308425 0.951005 -0.00369623 1.96052 0.334774</i>
                        <i>0.999763 -0.00223881 0.0216784 -0.00461923 0.950341 0.311175 -0.0212986 -0.311201 0.950105 -0.00371524 1.96135 0.335663</i>
                        <i>0.99977 -0.0021031 0.0213639 -0.00468623 0.949806 0.312803 -0.0209495 -0.312831 0.949578 -0.00373518 1.96229 0.336161</i>
                        <i>0.999778 -0.00188982 0.0209967 -0.00478133 0.949694 0.313145 -0.0205323 -0.313175 0.949473 -0.00377184 1.96332 0.336218</i>
                        <i>0.999786 -0.00157689 0.0206248 -0.00493911 0.95005 0.31206 -0.0200867 -0.312095 0.949839 -0.00384129 1.96444 0.335784</i>
                        <i>0.999793 -0.00114221 0.0202957 -0.00519452 0.950916 0.309406 -0.0196529 -0.309448 0.950713 -0.00395972 1.96565 0.334809</i>
                        <i>0.999799 -0.000563681 0.020057 -0.00558251 0.952323 0.305039 -0.0192728 -0.30509 0.952129 -0.00414335 1.96693 0.33324</i>
                        <i>0.999801 0.000181035 0.0199564 -0.00613715 0.954293 0.298809 -0.0189901 -0.298872 0.954104 -0.0044081 1.96827 0.331025</i>
                        <i>0.999799 0.00111441 0.020041 -0.00689084 0.956831 0.290564 -0.018852 -0.290643 0.956646 -0.00476932 1.96965 0.328109</i>
                        <i>0.99979 0.00225911 0.0203578 -0.00787334 0.959926 0.280145 -0.0189091 -0.280246 0.959742 -0.00524149 1.97105 0.324437</i>
                    </KeyFrames>
                </p>
            </i>
            <i>
                <p>
                    <Name>
                        <![CDATA[l_clav]]>
</Name>
                    <Exclude>0</Exclude>
                    <Additive>0</Additive>
                    <IKPriority>0</IKPriority>
                    <IKRotLimits>-1e+010 -1e+010 -1e+010 1e+010 1e+010 1e+010</IKRotLimits>
                    <IKRotLimitOrder>0</IKRotLimitOrder>
                    <KeyFrames count="38">
                        <i>0.743125 0.656288 -0.130578 -0.493485 0.669293 0.555445 0.451927 -0.348327 0.821237 0.0678318 1.48955 0.114397</i>
                        <i>0.738913 0.661584 -0.127727 -0.500159 0.665567 0.553951 0.451496 -0.345438 0.822693 0.0679302 1.48938 0.114604</i>
                        <i>0.734293 0.667358 -0.124286 -0.507342 0.66116 0.552695 0.451019 -0.342784 0.824064 0.0680137 1.48898 0.114778</i>
                        <i>0.729392 0.673415 -0.120414 -0.514814 0.656247 0.55164 0.450503 -0.340371 0.825345 0.0680836 1.48837 0.114924</i>
                        <i>0.724346 0.679563 -0.116265 -0.522358 0.651009 0.550754 0.449961 -0.338204 0.826531 0.0681413 1.48759 0.115044</i>
                        <i>0.719295 0.685617 -0.111997 -0.529764 0.645632 0.550009 0.449404 -0.336287 0.827615 0.0681879 1.48667 0.115139</i>
                        <i>0.71439 0.691399 -0.107767 -0.536826 0.640309 0.549384 0.448847 -0.334622 0.828592 0.0682249 1.48564 0.115215</i>
                        <i>0.709788 0.696736 -0.103733 -0.543344 0.635239 0.548862 0.448307 -0.333213 0.829452 0.0682536 1.48451 0.115272</i>
                        <i>0.705649 0.701462 -0.100054 -0.54912 0.630624 0.548434 0.447802 -0.33206 0.830186 0.0682752 1.48333 0.115314</i>
                        <i>0.70214 0.705416 -0.0968913 -0.553963 0.626673 0.548093 0.447353 -0.331164 0.830786 0.0682911 1.48213 0.115343</i>
                        <i>0.699429 0.70844 -0.0944067 -0.55768 0.623591 0.547838 0.446982 -0.330525 0.83124 0.0683025 1.48092 0.115363</i>
                        <i>0.697683 0.710376 -0.0927631 -0.56008 0.621588 0.547667 0.44671 -0.330143 0.831538 0.0683108 1.47975 0.115377</i>
                        <i>0.697065 0.711065 -0.0921242 -0.560968 0.620866 0.547578 0.44656 -0.330018 0.831668 0.0683173 1.47864 0.115386</i>
                        <i>0.697414 0.710687 -0.0924003 -0.560565 0.621282 0.547517 0.44652 -0.33005 0.831677 0.0683233 1.47762 0.115394</i>
                        <i>0.69851 0.709511 -0.0931581 -0.559167 0.622406 0.547671 0.44656 -0.330462 0.831492 0.0683176 1.47672 0.115377</i>
                        <i>0.700359 0.707552 -0.0941728 -0.556761 0.624068 0.54823 0.446672 -0.331526 0.831008 0.0682906 1.47598 0.115315</i>
                        <i>0.702852 0.704905 -0.0954351 -0.55347 0.626203 0.549128 0.446845 -0.333135 0.830271 0.0682458 1.47542 0.115216</i>
                        <i>0.705884 0.701663 -0.096937 -0.549415 0.628744 0.550294 0.44707 -0.335185 0.829325 0.0681866 1.47507 0.115086</i>
                        <i>0.709344 0.697922 -0.0986697 -0.54472 0.631627 0.55166 0.447338 -0.337569 0.828213 0.0681165 1.47497 0.114934</i>
                        <i>0.713128 0.693774 -0.100623 -0.539507 0.634785 0.553155 0.447639 -0.340183 0.826979 0.0680391 1.47511 0.114766</i>
                        <i>0.717131 0.689317 -0.102786 -0.533901 0.638159 0.554709 0.447964 -0.342922 0.825671 0.0679577 1.47546 0.11459</i>
                        <i>0.721252 0.684646 -0.105144 -0.528031 0.641689 0.556254 0.448307 -0.34568 0.824334 0.0678758 1.47599 0.114414</i>
                        <i>0.725393 0.67986 -0.107679 -0.522025 0.645321 0.557718 0.448658 -0.348354 0.823016 0.067797 1.47668 0.114245</i>
