<?xml version="1.0" encoding="ISO-8859-1" ?>
<Animl Version="1">
    <ModellingPackage><![CDATA[Maya.2010]]></ModellingPackage>
    <SrcFile><![CDATA[anims\vehicles\attachments\~src\rope\rope_deploy.mb]]></SrcFile>
    <FramesPerSecond>30</FramesPerSecond>
    <TotalFrames>90</TotalFrames>
    <Skeleton>
        <RefFrame>
            <Name><![CDATA[soldier_ref_frame]]></Name>
            <Exclude>0</Exclude>
            <Additive>0</Additive>
            <IKPriority>0</IKPriority>
            <IKRotLimits>-1e+010 -1e+010 -1e+010 1e+010 1e+010 1e+010</IKRotLimits>
            <IKRotLimitOrder>0</IKRotLimitOrder>
            <KeyFrames count="90">
                <i>1 0 0 0 1 0 0 0 1 0 36.361 0</i>
                <i>1 0 0 0 1 0 0 0 1 0 35.9525 0</i>
                <i>1 0 0 0 1 0 0 0 1 0 35.5439 0</i>
                <i>1 0 0 0 1 0 0 0 1 0 35.1354 0</i>
                <i>1 0 0 0 1 0 0 0 1 0 34.7268 0</i>
                <i>1 0 0 0 1 0 0 0 1 0 34.3183 0</i>
                <i>1 0 0 0 1 0 0 0 1 0 33.9097 0</i>
                <i>1 0 0 0 1 0 0 0 1 0 33.5012 0</i>
                <i>1 0 0 0 1 0 0 0 1 0 33.0926 0</i>
                <i>1 0 0 0 1 0 0 0 1 0 32.6841 0</i>
                <i>1 0 0 0 1 0 0 0 1 0 32.2755 0</i>
                <i>1 0 0 0 1 0 0 0 1 0 31.867 0</i>
                <i>1 0 0 0 1 0 0 0 1 0 31.4584 0</i>
                <i>1 0 0 0 1 0 0 0 1 0 31.0499 0</i>
                <i>1 0 0 0 1 0 0 0 1 0 30.6413 0</i>
                <i>1 0 0 0 1 0 0 0 1 0 30.2328 0</i>
                <i>1 0 0 0 1 0 0 0 1 0 29.8242 0</i>
                <i>1 0 0 0 1 0 0 0 1 0 29.4157 0</i>
                <i>1 0 0 0 1 0 0 0 1 0 29.0071 0</i>
                <i>1 0 0 0 1 0 0 0 1 0 28.5986 0</i>
                <i>1 0 0 0 1 0 0 0 1 0 28.19 0</i>
                <i>1 0 0 0 1 0 0 0 1 0 27.7815 0</i>
                <i>1 0 0 0 1 0 0 0 1 0 27.3729 0</i>
                <i>1 0 0 0 1 0 0 0 1 0 26.9644 0</i>
                <i>1 0 0 0 1 0 0 0 1 0 26.5558 0</i>
                <i>1 0 0 0 1 0 0 0 1 0 26.1473 0</i>
                <i>1 0 0 0 1 0 0 0 1 0 25.7387 0</i>
                <i>1 0 0 0 1 0 0 0 1 0 25.3301 0</i>
                <i>1 0 0 0 1 0 0 0 1 0 24.9216 0</i>
                <i>1 0 0 0 1 0 0 0 1 0 24.513 0</i>
                <i>1 0 0 0 1 0 0 0 1 0 24.1045 0</i>
                <i>1 0 0 0 1 0 0 0 1 0 23.6959 0</i>
                <i>1 0 0 0 1 0 0 0 1 0 23.2874 0</i>
                <i>1 0 0 0 1 0 0 0 1 0 22.8788 0</i>
                <i>1 0 0 0 1 0 0 0 1 0 22.4703 0</i>
                <i>1 0 0 0 1 0 0 0 1 0 22.0617 0</i>
                <i>1 0 0 0 1 0 0 0 1 0 21.6532 0</i>
                <i>1 0 0 0 1 0 0 0 1 0 21.2446 0</i>
                <i>1 0 0 0 1 0 0 0 1 0 20.8361 0</i>
                <i>1 0 0 0 1 0 0 0 1 0 20.4275 0</i>
                <i>1 0 0 0 1 0 0 0 1 0 20.019 0</i>
                <i>1 0 0 0 1 0 0 0 1 0 19.6104 0</i>
                <i>1 0 0 0 1 0 0 0 1 0 19.2019 0</i>
                <i>1 0 0 0 1 0 0 0 1 0 18.7933 0</i>
                <i>1 0 0 0 1 0 0 0 1 0 18.3848 0</i>
                <i>1 0 0 0 1 0 0 0 1 0 17.9762 0</i>
                <i>1 0 0 0 1 0 0 0 1 0 17.5677 0</i>
                <i>1 0 0 0 1 0 0 0 1 0 17.1591 0</i>
                <i>1 0 0 0 1 0 0 0 1 0 16.7506 0</i>
                <i>1 0 0 0 1 0 0 0 1 0 16.342 0</i>
                <i>1 0 0 0 1 0 0 0 1 0 15.9335 0</i>
                <i>1 0 0 0 1 0 0 0 1 0 15.5249 0</i>
                <i>1 0 0 0 1 0 0 0 1 0 15.1164 0</i>
                <i>1 0 0 0 1 0 0 0 1 0 14.7078 0</i>
                <i>1 0 0 0 1 0 0 0 1 0 14.2993 0</i>
                <i>1 0 0 0 1 0 0 0 1 0 13.8907 0</i>
                <i>1 0 0 0 1 0 0 0 1 0 13.4822 0</i>
                <i>1 0 0 0 1 0 0 0 1 0 13.0736 0</i>
                <i>1 0 0 0 1 0 0 0 1 0 12.6651 0</i>
                <i>1 0 0 0 1 0 0 0 1 0 12.2565 0</i>
                <i>1 0 0 0 1 0 0 0 1 0 11.848 0</i>
                <i>1 0 0 0 1 0 0 0 1 0 11.4394 0</i>
                <i>1 0 0 0 1 0 0 0 1 0 11.0309 0</i>
                <i>1 0 0 0 1 0 0 0 1 0 10.6223 0</i>
                <i>1 0 0 0 1 0 0 0 1 0 10.2138 0</i>
                <i>1 0 0 0 1 0 0 0 1 0 9.80522 0</i>
                <i>1 0 0 0 1 0 0 0 1 0 9.39667 0</i>
                <i>1 0 0 0 1 0 0 0 1 0 8.98812 0</i>
                <i>1 0 0 0 1 0 0 0 1 0 8.57957 0</i>
                <i>1 0 0 0 1 0 0 0 1 0 8.17102 0</i>
                <i>1 0 0 0 1 0 0 0 1 0 7.76247 0</i>
                <i>1 0 0 0 1 0 0 0 1 0 7.35391 0</i>
                <i>1 0 0 0 1 0 0 0 1 0 6.94536 0</i>
                <i>1 0 0 0 1 0 0 0 1 0 6.53681 0</i>
                <i>1 0 0 0 1 0 0 0 1 0 6.12826 0</i>
                <i>1 0 0 0 1 0 0 0 1 0 5.71971 0</i>
                <i>1 0 0 0 1 0 0 0 1 0 5.31116 0</i>
                <i>1 0 0 0 1 0 0 0 1 0 4.90261 0</i>
                <i>1 0 0 0 1 0 0 0 1 0 4.49406 0</i>
                <i>1 0 0 0 1 0 0 0 1 0 4.08551 0</i>
                <i>1 0 0 0 1 0 0 0 1 0 3.67696 0</i>
                <i>1 0 0 0 1 0 0 0 1 0 3.26841 0</i>
                <i>1 0 0 0 1 0 0 0 1 0 2.85986 0</i>
                <i>1 0 0 0 1 0 0 0 1 0 2.45131 0</i>
                <i>1 0 0 0 1 0 0 0 1 0 2.04275 0</i>
                <i>1 0 0 0 1 0 0 0 1 0 1.6342 0</i>
                <i>1 0 0 0 1 0 0 0 1 0 1.22565 0</i>
                <i>1 0 0 0 1 0 0 0 1 0 0.817101 0</i>
                <i>1 0 0 0 1 0 0 0 1 0 0.40855 0</i>
                <i>1 0 0 0 1 0 0 0 1 0 0 0</i>
            </KeyFrames>
        </RefFrame>
        <Bones count="23">
            <i>
                <p>
                    <Name><![CDATA[pelvis]]></Name>
                    <Exclude>0</Exclude>
                    <Additive>0</Additive>
                    <IKPriority>0</IKPriority>
                    <IKRotLimits>-1e+010 -1e+010 -1e+010 1e+010 1e+010 1e+010</IKRotLimits>
                    <IKRotLimitOrder>2</IKRotLimitOrder>
                    <KeyFrames count="90">
                        <i>1 0 0 0 1 0 0 0 1 -0.0393178 37.1837 -0.403889</i>
                        <i>1 0 0 0 1 0 0 0 1 -0.0393178 36.7752 -0.403889</i>
                        <i>1 0 0 0 1 0 0 0 1 -0.0393178 36.3666 -0.403889</i>
                        <i>1 0 0 0 1 0 0 0 1 -0.0393178 35.9581 -0.403889</i>
                        <i>1 0 0 0 1 0 0 0 1 -0.0393178 35.5495 -0.403889</i>
                        <i>1 0 0 0 1 0 0 0 1 -0.0393178 35.141 -0.403889</i>
                        <i>1 0 0 0 1 0 0 0 1 -0.0393178 34.7324 -0.403889</i>
                        <i>1 0 0 0 1 0 0 0 1 -0.0393178 34.3239 -0.403889</i>
                        <i>1 0 0 0 1 0 0 0 1 -0.0393178 33.9153 -0.403889</i>
                        <i>1 0 0 0 1 0 0 0 1 -0.0393178 33.5068 -0.403889</i>
                        <i>1 0 0 0 1 0 0 0 1 -0.0393178 33.0982 -0.403889</i>
                        <i>1 0 0 0 1 0 0 0 1 -0.0393178 32.6897 -0.403889</i>
                        <i>1 0 0 0 1 0 0 0 1 -0.0393178 32.2811 -0.403889</i>
                        <i>1 0 0 0 1 0 0 0 1 -0.0393178 31.8726 -0.403889</i>
                        <i>1 0 0 0 1 0 0 0 1 -0.0393178 31.464 -0.403889</i>
                        <i>1 0 0 0 1 0 0 0 1 -0.0393178 31.0555 -0.403889</i>
                        <i>1 0 0 0 1 0 0 0 1 -0.0393178 30.6469 -0.403889</i>
                        <i>1 0 0 0 1 0 0 0 1 -0.0393178 30.2384 -0.403889</i>
                        <i>1 0 0 0 1 0 0 0 1 -0.0393178 29.8298 -0.403889</i>
                        <i>1 0 0 0 1 0 0 0 1 -0.0393178 29.4213 -0.403889</i>
                        <i>1 0 0 0 1 0 0 0 1 -0.0393178 29.0127 -0.403889</i>
                        <i>1 0 0 0 1 0 0 0 1 -0.0393178 28.6041 -0.403889</i>
                        <i>1 0 0 0 1 0 0 0 1 -0.0393178 28.1956 -0.403889</i>
                        <i>1 0 0 0 1 0 0 0 1 -0.0393178 27.787 -0.403889</i>
                        <i>1 0 0 0 1 0 0 0 1 -0.0393178 27.3785 -0.403889</i>
                        <i>1 0 0 0 1 0 0 0 1 -0.0393178 26.9699 -0.403889</i>
                        <i>1 0 0 0 1 0 0 0 1 -0.0393178 26.5614 -0.403889</i>
                        <i>1 0 0 0 1 0 0 0 1 -0.0393178 26.1528 -0.403889</i>
                        <i>1 0 0 0 1 0 0 0 1 -0.0393178 25.7443 -0.403889</i>
                        <i>1 0 0 0 1 0 0 0 1 -0.0393178 25.3357 -0.403889</i>
                        <i>1 0 0 0 1 0 0 0 1 -0.0393178 24.9272 -0.403889</i>
                        <i>1 0 0 0 1 0 0 0 1 -0.0393178 24.5186 -0.403889</i>
                        <i>1 0 0 0 1 0 0 0 1 -0.0393178 24.1101 -0.403889</i>
                        <i>1 0 0 0 1 0 0 0 1 -0.0393178 23.7015 -0.403889</i>
                        <i>1 0 0 0 1 0 0 0 1 -0.0393178 23.293 -0.403889</i>
                        <i>1 0 0 0 1 0 0 0 1 -0.0393178 22.8844 -0.403889</i>
                        <i>1 0 0 0 1 0 0 0 1 -0.0393178 22.4759 -0.403889</i>
                        <i>1 0 0 0 1 0 0 0 1 -0.0393178 22.0673 -0.403889</i>
                        <i>1 0 0 0 1 0 0 0 1 -0.0393178 21.6588 -0.403889</i>
                        <i>1 0 0 0 1 0 0 0 1 -0.0393178 21.2502 -0.403889</i>
                        <i>1 0 0 0 1 0 0 0 1 -0.0393178 20.8417 -0.403889</i>
                        <i>1 0 0 0 1 0 0 0 1 -0.0393178 20.4331 -0.403889</i>
                        <i>1 0 0 0 1 0 0 0 1 -0.0393178 20.0246 -0.403889</i>
                        <i>1 0 0 0 1 0 0 0 1 -0.0393178 19.616 -0.403889</i>
                        <i>1 0 0 0 1 0 0 0 1 -0.0393178 19.2075 -0.403889</i>
                        <i>1 0 0 0 1 0 0 0 1 -0.0393178 18.7989 -0.403889</i>
                        <i>1 0 0 0 1 0 0 0 1 -0.0393178 18.3904 -0.403889</i>
                        <i>1 0 0 0 1 0 0 0 1 -0.0393178 17.9818 -0.403889</i>
                        <i>1 0 0 0 1 0 0 0 1 -0.0393178 17.5733 -0.403889</i>
                        <i>1 0 0 0 1 0 0 0 1 -0.0393178 17.1647 -0.403889</i>
                        <i>1 0 0 0 1 0 0 0 1 -0.0393178 16.7562 -0.403889</i>
                        <i>1 0 0 0 1 0 0 0 1 -0.0393178 16.3476 -0.403889</i>
                        <i>1 0 0 0 1 0 0 0 1 -0.0393178 15.9391 -0.403889</i>
                        <i>1 0 0 0 1 0 0 0 1 -0.0393178 15.5305 -0.403889</i>
                        <i>1 0 0 0 1 0 0 0 1 -0.0393178 15.122 -0.403889</i>
                        <i>1 0 0 0 1 0 0 0 1 -0.0393178 14.7134 -0.403889</i>
                        <i>1 0 0 0 1 0 0 0 1 -0.0393178 14.3049 -0.403889</i>
                        <i>1 0 0 0 1 0 0 0 1 -0.0393178 13.8963 -0.403889</i>
                        <i>1 0 0 0 1 0 0 0 1 -0.0393178 13.4878 -0.403889</i>
                        <i>1 0 0 0 1 0 0 0 1 -0.0393178 13.0792 -0.403889</i>
                        <i>1 0 0 0 1 0 0 0 1 -0.0393178 12.6707 -0.403889</i>
                        <i>1 0 0 0 1 0 0 0 1 -0.0393178 12.2621 -0.403889</i>
                        <i>1 0 0 0 1 0 0 0 1 -0.0393178 11.8536 -0.403889</i>
                        <i>1 0 0 0 1 0 0 0 1 -0.0393178 11.445 -0.403889</i>
                        <i>1 0 0 0 1 0 0 0 1 -0.0393178 11.0365 -0.403889</i>
                        <i>1 0 0 0 1 0 0 0 1 -0.0393178 10.6279 -0.403889</i>
                        <i>1 0 0 0 1 0 0 0 1 -0.0393178 10.2194 -0.403889</i>
                        <i>1 0 0 0 1 0 0 0 1 -0.0393178 9.81081 -0.403889</i>
                        <i>1 0 0 0 1 0 0 0 1 -0.0393178 9.40226 -0.403889</i>
                        <i>1 0 0 0 1 0 0 0 1 -0.0393178 8.99371 -0.403889</i>
                        <i>1 0 0 0 1 0 0 0 1 -0.0393178 8.58516 -0.403889</i>
                        <i>1 0 0 0 1 0 0 0 1 -0.0393178 8.17661 -0.403889</i>
                        <i>1 0 0 0 1 0 0 0 1 -0.0393178 7.76806 -0.403889</i>
                        <i>1 0 0 0 1 0 0 0 1 -0.0393178 7.35951 -0.403889</i>
                        <i>1 0 0 0 1 0 0 0 1 -0.0393178 6.95096 -0.403889</i>
                        <i>1 0 0 0 1 0 0 0 1 -0.0393178 6.54241 -0.403889</i>
                        <i>1 0 0 0 1 0 0 0 1 -0.0393178 6.13386 -0.403889</i>
                        <i>1 0 0 0 1 0 0 0 1 -0.0393178 5.72531 -0.403889</i>
                        <i>1 0 0 0 1 0 0 0 1 -0.0393178 5.31675 -0.403889</i>
                        <i>1 0 0 0 1 0 0 0 1 -0.0393178 4.9082 -0.403889</i>
                        <i>1 0 0 0 1 0 0 0 1 -0.0393178 4.49965 -0.403889</i>
                        <i>1 0 0 0 1 0 0 0 1 -0.0393178 4.0911 -0.403889</i>
                        <i>1 0 0 0 1 0 0 0 1 -0.0393178 3.68255 -0.403889</i>
                        <i>1 0 0 0 1 0 0 0 1 -0.0393178 3.274 -0.403889</i>
                        <i>1 0 0 0 1 0 0 0 1 -0.0393178 2.86545 -0.403889</i>
                        <i>1 0 0 0 1 0 0 0 1 -0.0393178 2.4569 -0.403889</i>
                        <i>1 0 0 0 1 0 0 0 1 -0.0393178 2.04835 -0.403889</i>
                        <i>1 0 0 0 1 0 0 0 1 -0.0393178 1.6398 -0.403889</i>
                        <i>1 0 0 0 1 0 0 0 1 -0.0393178 1.23125 -0.403889</i>
                        <i>1 0 0 0 1 0 0 0 1 -0.0393178 0.822698 -0.403889</i>
                    </KeyFrames>
                </p>
            </i>
            <i>
                <p>
                    <Name><![CDATA[spine0]]></Name>
                    <Exclude>0</Exclude>
                    <Additive>0</Additive>
                    <IKPriority>0</IKPriority>
                    <IKRotLimits>-1e+010 -1e+010 -1e+010 1e+010 1e+010 1e+010</IKRotLimits>
                    <IKRotLimitOrder>0</IKRotLimitOrder>
                    <KeyFrames count="90">
                        <i>-0.104013 0.990872 -0.0857513 -0.988495 -0.0934718 0.118917 0.109816 0.0971336 0.989194 -0.0472051 37.2974 -0.491741</i>
                        <i>-0.104864 0.990536 -0.0885577 -0.988121 -0.0937204 0.121789 0.112336 0.100277 0.988598 -0.0474722 36.8864 -0.494759</i>
                        <i>-0.105725 0.990249 -0.0907111 -0.987674 -0.0939841 0.125169 0.115423 0.102827 0.98798 -0.047772 36.475 -0.498148</i>
                        <i>-0.106568 0.990032 -0.0920851 -0.987169 -0.0942719 0.128883 0.118918 0.104638 0.987375 -0.0480824 36.0632 -0.501659</i>
                        <i>-0.107365 0.989893 -0.0926579 -0.986628 -0.0945858 0.132736 0.12263 0.10567 0.986811 -0.0483833 35.6514 -0.505063</i>
                        <i>-0.108089 0.989826 -0.092525 -0.986082 -0.0949208 0.136503 0.126331 0.105992 0.986309 -0.0486568 35.2396 -0.508158</i>
                        <i>-0.108722 0.989816 -0.0918881 -0.985569 -0.0952659 0.139921 0.129742 0.105774 0.98589 -0.0488873 34.8282 -0.510768</i>
                        <i>-0.109247 0.989838 -0.0910231 -0.985139 -0.0956062 0.142693 0.13254 0.105259 0.985573 -0.0490611 34.4174 -0.512737</i>
                        <i>-0.109653 0.989866 -0.0902345 -0.984845 -0.0959255 0.144493 0.134373 0.104711 0.985383 -0.0491654 34.0075 -0.513919</i>
                        <i>-0.109932 0.989874 -0.0897983 -0.984743 -0.0962083 0.144999 0.134892 0.104368 0.985348 -0.0491869 33.5986 -0.514163</i>
                        <i>-0.10971 0.990037 -0.088268 -0.984914 -0.0963258 0.143758 0.133824 0.102708 0.985668 -0.0491038 33.1912 -0.513221</i>
                        <i>-0.108741 0.990488 -0.0843123 -0.985346 -0.0961858 0.140861 0.131412 0.0983942 0.986433 -0.0489177 32.7851 -0.511113</i>
                        <i>-0.107194 0.991153 -0.0782665 -0.985948 -0.0958256 0.136838 0.128127 0.0918349 0.987497 -0.0486481 32.3799 -0.50806</i>
                        <i>-0.105247 0.991945 -0.0704803 -0.986632 -0.0952903 0.132199 0.124418 0.0834517 0.988714 -0.0483156 31.9752 -0.504296</i>
                        <i>-0.103088 0.992775 -0.0614095 -0.987326 -0.0946421 0.1274 0.120667 0.0737647 0.989949 -0.0479438 31.5706 -0.500091</i>
                        <i>-0.100918 0.993552 -0.0516805 -0.98797 -0.0939616 0.122831 0.117182 0.0634545 0.991081 -0.047561 31.1658 -0.495763</i>
                        <i>-0.098941 0.994202 -0.042117 -0.988519 -0.0933421 0.118818 0.114198 0.0533894 0.992022 -0.0471995 30.7606 -0.491678</i>
                        <i>-0.0973648 0.994677 -0.03372 -0.988938 -0.0928826 0.115646 0.111898 0.0446068 0.992718 -0.0468951 30.3546 -0.488239</i>
                        <i>-0.0963906 0.994961 -0.0276014 -0.989197 -0.0926815 0.113576 0.110445 0.0382509 0.993146 -0.0466852 29.9478 -0.485869</i>
                        <i>-0.0962163 0.995049 -0.0248792 -0.989262 -0.0928343 0.112881 0.110013 0.035473 0.993297 -0.0466073 29.5399 -0.484989</i>
                        <i>-0.0969698 0.994942 -0.0262198 -0.989104 -0.093402 0.113795 0.110771 0.0369688 0.993158 -0.0466881 29.1307 -0.485901</i>
                        <i>-0.098519 0.994655 -0.0309041 -0.988741 -0.0943242 0.116161 0.112625 0.0420002 0.99275 -0.0469052 28.7204 -0.488353</i>
                        <i>-0.100669 0.994201 -0.0378224 -0.988204 -0.0955074 0.119715 0.115409 0.0494278 0.992088 -0.0472189 28.3091 -0.491897</i>
                        <i>-0.103217 0.9936 -0.0458755 -0.98752 -0.0968511 0.124196 0.118958 0.0581221 0.991197 -0.0475896 27.8972 -0.496087</i>
                        <i>-0.105954 0.992899 -0.0540878 -0.986725 -0.0982507 0.129307 0.123075 0.0670703 0.990128 -0.0479798 27.4847 -0.500498</i>
                        <i>-0.108667 0.992163 -0.0616766 -0.985869 -0.0996047 0.134691 0.127492 0.0754414 0.988966 -0.0483554 27.0721 -0.504747</i>
                        <i>-0.111153 0.991469 -0.0680696 -0.985018 -0.100824 0.139908 0.131852 0.0826009 0.987822 -0.0486873 26.6597 -0.508503</i>
                        <i>-0.113218 0.990894 -0.0728702 -0.98426 -0.101838 0.144434 0.135698 0.0880757 0.986828 -0.0489506 26.2479 -0.511486</i>
                        <i>-0.114683 0.990507 -0.0757827 -0.983701 -0.102597 0.147669 0.138493 0.0914826 0.986129 -0.0491241 25.837 -0.513451</i>
                        <i>-0.115371 0.990372 -0.0765098 -0.983453 -0.103055 0.148993 0.139674 0.0924333 0.985874 -0.0491869 25.4276 -0.514163</i>
                        <i>-0.115163 0.990525 -0.0748122 -0.98359 -0.103178 0.148002 0.138881 0.0906289 0.986153 -0.0491241 25.0199 -0.513451</i>
                        <i>-0.114173 0.990925 -0.0709409 -0.984047 -0.102995 0.145064 0.136441 0.0863716 0.986876 -0.0489506 24.6136 -0.511486</i>
                        <i>-0.112567 0.991503 -0.0651895 -0.984717 -0.102541 0.140777 0.132896 0.0800401 0.987893 -0.0486873 24.2084 -0.508503</i>
                        <i>-0.11052 0.992189 -0.0578501 -0.985496 -0.101861 0.135728 0.128775 0.0720117 0.989056 -0.0483554 23.8037 -0.504747</i>
                        <i>-0.108216 0.992903 -0.0493155 -0.986296 -0.101017 0.130445 0.124537 0.062756 0.990228 -0.0479798 23.3992 -0.500498</i>
                        <i>-0.105856 0.99357 -0.0401538 -0.987047 -0.100094 0.125378 0.120553 0.0529057 0.991296 -0.0475896 22.9946 -0.496087</i>
                        <i>-0.103648 0.994126 -0.0311434 -0.987696 -0.0991903 0.120904 0.117104 0.0432916 0.992176 -0.0472189 22.5894 -0.491897</i>
                        <i>-0.101802 0.994533 -0.0232554 -0.988204 -0.0984105 0.117342 0.114411 0.0349267 0.992819 -0.0469052 22.1835 -0.488353</i>
                        <i>-0.100521 0.994779 -0.0175852 -0.988536 -0.0978579 0.114983 0.112661 0.0289418 0.993212 -0.0466881 21.7768 -0.485901</i>
                        <i>-0.100004 0.99487 -0.0152391 -0.988658 -0.0976311 0.11412 0.112047 0.0264787 0.99335 -0.0466073 21.3688 -0.484989</i>
                        <i>-0.100202 0.994822 -0.0169693 -0.988568 -0.0976121 0.114917 0.112666 0.0282902 0.99323 -0.0466881 20.9597 -0.485901</i>
                        <i>-0.100863 0.994654 -0.0221311 -0.98831 -0.0976138 0.117111 0.114325 0.0336846 0.992872 -0.0469052 20.5493 -0.488353</i>
                        <i>-0.101865 0.994358 -0.0295844 -0.987914 -0.0976223 0.120398 0.116831 0.0414911 0.992285 -0.0472189 20.1381 -0.491897</i>
                        <i>-0.103082 0.993939 -0.0381996 -0.987409 -0.0976205 0.124477 0.119993 0.0505499 0.991487 -0.0475896 19.7262 -0.496087</i>
                        <i>-0.104386 0.993427 -0.0469702 -0.986826 -0.0975915 0.129036 0.123604 0.059821 0.990527 -0.0479798 19.3137 -0.500498</i>
                        <i>-0.105653 0.992876 -0.0550813 -0.986207 -0.0975245 0.133734 0.127409 0.068451 0.989485 -0.0483554 18.9011 -0.504747</i>
                        <i>-0.106771 0.992353 -0.0619262 -0.985603 -0.0974211 0.138186 0.131096 0.0757889 0.988468 -0.0486873 18.4887 -0.508503</i>
                        <i>-0.10764 0.991925 -0.067072 -0.985079 -0.0972979 0.141957 0.134284 0.0813514 0.987598 -0.0489506 18.0768 -0.511486</i>
                        <i>-0.108174 0.991651 -0.0701846 -0.984711 -0.0971854 0.144568 0.13654 0.0847501 0.987003 -0.0491241 17.666 -0.513451</i>
                        <i>-0.108293 0.991585 -0.0709279 -0.984576 -0.0971179 0.14553 0.137417 0.0855938 0.986808 -0.0491869 17.2566 -0.514163</i>
                        <i>-0.107688 0.991794 -0.0689052 -0.984764 -0.0968928 0.144401 0.136539 0.0834057 0.987117 -0.0491241 16.8489 -0.513451</i>
                        <i>-0.106246 0.992257 -0.0643227 -0.985251 -0.0963274 0.141427 0.134136 0.0784 0.987857 -0.0489506 16.4426 -0.511486</i>
                        <i>-0.104164 0.992891 -0.0576034 -0.985931 -0.0954743 0.1372 0.130725 0.0710843 0.988867 -0.0486873 16.0374 -0.508503</i>
                        <i>-0.101649 0.993604 -0.0491712 -0.986705 -0.0943959 0.132294 0.126806 0.061965 0.98999 -0.0483554 15.6327 -0.504747</i>
                        <i>-0.0989142 0.99431 -0.0395531 -0.987489 -0.0931751 0.127217 0.122808 0.0516418 0.991086 -0.0479798 15.2282 -0.500498</i>
                        <i>-0.0961878 0.994927 -0.0294537 -0.988216 -0.0919156 0.122395 0.119067 0.0408796 0.992044 -0.0475896 14.8235 -0.496087</i>
                        <i>-0.0937014 0.995404 -0.0197888 -0.988839 -0.0907341 0.118173 0.115835 0.0306409 0.992796 -0.0472189 14.4184 -0.491897</i>
                        <i>-0.0916851 0.99572 -0.0116674 -0.989322 -0.0897503 0.114837 0.113298 0.0220717 0.993316 -0.0469052 14.0125 -0.488353</i>
                        <i>-0.0903613 0.995889 -0.00632162 -0.989635 -0.0890788 0.112641 0.111615 0.0164345 0.993616 -0.0466881 13.6057 -0.485901</i>
                        <i>-0.0899462 0.995934 -0.00499381 -0.989748 -0.0888267 0.111844 0.110946 0.0150026 0.993713 -0.0466073 13.1978 -0.484989</i>
                        <i>-0.0906303 0.995847 -0.00870143 -0.989635 -0.0890807 0.112642 0.111399 0.01882 0.993598 -0.0466881 12.7886 -0.485901</i>
                        <i>-0.0922972 0.99559 -0.0167959 -0.989318 -0.0897783 0.114845 0.112831 0.0272164 0.993241 -0.0469052 12.3783 -0.488353</i>
                        <i>-0.0947015 0.995116 -0.0278638 -0.988831 -0.0907939 0.118193 0.115085 0.0387456 0.9926 -0.0472189 11.9671 -0.491897</i>
                        <i>-0.0975903 0.994402 -0.0405015 -0.988205 -0.0919958 0.122425 0.118013 0.0519713 0.991651 -0.0475896 11.5551 -0.496087</i>
                        <i>-0.100702 0.993481 -0.0534318 -0.987478 -0.0932502 0.127248 0.121436 0.065577 0.990431 -0.0479798 11.1427 -0.500498</i>
                        <i>-0.103774 0.992437 -0.0655783 -0.9867 -0.0944315 0.13231 0.125117 0.0784364 0.989037 -0.0483554 10.7301 -0.504747</i>
                        <i>-0.106547 0.991392 -0.0760866 -0.985938 -0.0954329 0.137179 0.128737 0.0896327 0.98762 -0.0486873 10.3177 -0.508503</i>
                        <i>-0.108775 0.990486 -0.0842918 -0.985278 -0.0961746 0.141343 0.131892 0.0984255 0.986365 -0.0489506 9.90582 -0.511486</i>
                        <i>-0.110224 0.989856 -0.0896405 -0.984817 -0.096601 0.144233 0.134111 0.104177 0.985475 -0.0491241 9.49498 -0.513451</i>
                        <i>-0.110664 0.989629 -0.0915812 -0.984659 -0.0966653 0.145266 0.134907 0.106252 0.985145 -0.0491869 9.08557 -0.514163</i>
                        <i>-0.11025 0.989725 -0.0910461 -0.984829 -0.0964339 0.144263 0.134001 0.10557 0.985342 -0.0491321 8.67777 -0.513541</i>
                        <i>-0.109357 0.989969 -0.0894607 -0.985241 -0.0960303 0.141699 0.131687 0.103636 0.985859 -0.0489797 8.27124 -0.511815</i>
                        <i>-0.108084 0.990339 -0.0868733 -0.985815 -0.0954827 0.138028 0.1284 0.10056 0.986611 -0.0487465 7.86564 -0.509174</i>
                        <i>-0.106532 0.990812 -0.083319 -0.986476 -0.0948228 0.133694 0.124565 0.0964348 0.987514 -0.0484491 7.46063 -0.505808</i>
                        <i>-0.104809 0.991358 -0.0788942 -0.987158 -0.0940908 0.129095 0.120556 0.0914114 0.988489 -0.0481066 7.05587 -0.501932</i>
                        <i>-0.103034 0.991935 -0.0738154 -0.987811 -0.093335 0.124574 0.11668 0.0857509 0.989461 -0.0477411 6.65107 -0.497798</i>
                        <i>-0.101332 0.992495 -0.0684535 -0.988394 -0.0926084 0.120416 0.113173 0.0798611 0.990361 -0.0473784 6.24595 -0.493699</i>
                        <i>-0.099831 0.992987 -0.0633363 -0.988881 -0.0919641 0.116865 0.110221 0.0742988 0.991126 -0.0470475 5.84032 -0.489961</i>
                        <i>-0.0986526 0.993365 -0.0591149 -0.989247 -0.0914515 0.114136 0.107972 0.0697391 0.991705 -0.0467798 5.43399 -0.486936</i>
                        <i>-0.0979143 0.99359 -0.0565011 -0.989473 -0.0911148 0.112437 0.106568 0.0669154 0.992051 -0.0466073 5.0268 -0.484989</i>
                        <i>-0.097636 0.993657 -0.0557903 -0.989575 -0.0909658 0.111656 0.105872 0.0661103 0.99218 -0.0465263 4.61888 -0.484074</i>
                        <i>-0.0977202 0.9936 -0.0566467 -0.989596 -0.0909718 0.111462 0.105595 0.0669495 0.992153 -0.0465049 4.21049 -0.483832</i>
                        <i>-0.0981043 0.993437 -0.058801 -0.989551 -0.0911061 0.11175 0.10566 0.0691498 0.991995 -0.0465328 3.80173 -0.484147</i>
                        <i>-0.0987267 0.993184 -0.0619597 -0.989453 -0.0913425 0.112421 0.105995 0.0724052 0.991727 -0.0465993 3.39266 -0.484898</i>
                        <i>-0.0995259 0.992856 -0.0658211 -0.989315 -0.0916546 0.113378 0.106535 0.0764018 0.991369 -0.0466934 2.98338 -0.485961</i>
                        <i>-0.10044 0.992471 -0.0700874 -0.98915 -0.0920166 0.114524 0.107213 0.0808297 0.990945 -0.0468042 2.57394 -0.487212</i>
                        <i>-0.101408 0.992053 -0.0744732 -0.98897 -0.0924033 0.115758 0.107957 0.0853906 0.990482 -0.046921 2.16443 -0.488531</i>
                        <i>-0.102368 0.991628 -0.0787102 -0.98879 -0.0927901 0.116976 0.108693 0.0898025 0.990011 -0.0470334 1.75493 -0.489801</i>
                        <i>-0.103257 0.991223 -0.0825481 -0.988627 -0.0931536 0.118067 0.109341 0.0938005 0.989569 -0.0471314 1.34554 -0.490908</i>
                        <i>-0.104013 0.990872 -0.0857513 -0.988495 -0.0934718 0.118917 0.109816 0.0971336 0.989194 -0.0472051 0.936346 -0.491741</i>
                    </KeyFrames>
                </p>
            </i>
            <i>
                <p>
                    <Name><![CDATA[spine1]]></Name>
                    <Exclude>0</Exclude>
                    <Additive>0</Additive>
                    <IKPriority>0</IKPriority>
                    <IKRotLimits>-1e+010 -1e+010 -1e+010 1e+010 1e+010 1e+010</IKRotLimits>
                    <IKRotLimitOrder>0</IKRotLimitOrder>
                    <KeyFrames count="90">
                        <i>-0.22503 0.911695 0.343765 -0.941353 -0.29447 0.164746 0.251427 -0.286531 0.924492 -0.0670308 37.4861 -0.50819</i>
                        <i>-0.221344 0.907934 0.355899 -0.9403 -0.295457 0.168942 0.258541 -0.297257 0.919127 -0.067621 37.0766 -0.511886</i>
                        <i>-0.217097 0.903578 0.369345 -0.93904 -0.296653 0.173784 0.266594 -0.309102 0.912898 -0.0682735 36.6668 -0.515859</i>
                        <i>-0.212603 0.89899 0.382906 -0.937637 -0.297985 0.179003 0.275023 -0.32097 0.906278 -0.0689508 36.2569 -0.519821</i>
                        <i>-0.208165 0.894518 0.395606 -0.936165 -0.299371 0.184316 0.283307 -0.331985 0.899735 -0.0696153 35.8469 -0.523527</i>
                        <i>-0.20407 0.89047 0.406717 -0.934713 -0.300723 0.189415 0.290977 -0.34151 0.893702 -0.0702308 35.437 -0.526775</i>
                        <i>-0.200579 0.887092 0.415736 -0.933383 -0.301949 0.193966 0.297597 -0.349135 0.888561 -0.0707629 35.0272 -0.529414</i>
                        <i>-0.197932 0.884571 0.422323 -0.932289 -0.302958 0.197617 0.302753 -0.354613 0.884641 -0.0711794 34.6176 -0.53133</i>
                        <i>-0.196351 0.883058 0.426211 -0.931552 -0.303664 0.199999 0.306036 -0.357767 0.882238 -0.0714499 34.2084 -0.532425</i>
                        <i>-0.196065 0.882705 0.427071 -0.931288 -0.30398 0.200745 0.307019 -0.358367 0.881653 -0.071544 33.7997 -0.532594</i>
                        <i>-0.197358 0.883645 0.424524 -0.931684 -0.303786 0.199197 0.304984 -0.356209 0.883233 -0.071337 33.3916 -0.531274</i>
                        <i>-0.20013 0.885761 0.41878 -0.932713 -0.303109 0.195374 0.299991 -0.351501 0.886822 -0.0707828 32.984 -0.528224</i>
                        <i>-0.204049 0.888889 0.41017 -0.934166 -0.302088 0.18994 0.292743 -0.34441 0.892011 -0.0699671 32.5768 -0.523774</i>
                        <i>-0.208767 0.892837 0.399072 -0.935839 -0.30086 0.183543 0.283939 -0.335149 0.898362 -0.068978 32.1697 -0.518269</i>
                        <i>-0.213907 0.897327 0.386067 -0.937554 -0.29956 0.176793 0.274291 -0.324141 0.905371 -0.0679058 31.7627 -0.512105</i>
                        <i>-0.219062 0.901992 0.372052 -0.939162 -0.298313 0.170248 0.264551 -0.312122 0.912465 -0.0668419 31.3555 -0.505747</i>
                        <i>-0.22381 0.90639 0.358282 -0.940539 -0.297238 0.164428 0.255531 -0.300177 0.91902 -0.0658766 30.9482 -0.499727</i>
                        <i>-0.22773 0.910053 0.346326 -0.941584 -0.29644 0.159819 0.248109 -0.2897 0.9244 -0.0650975 30.5405 -0.494632</i>
                        <i>-0.230412 0.912522 0.337955 -0.942211 -0.296014 0.156892 0.243207 -0.282275 0.927993 -0.0645894 30.1325 -0.491079</i>
                        <i>-0.23146 0.913365 0.334949 -0.942326 -0.296053 0.156122 0.241759 -0.279495 0.929212 -0.0644356 29.7241 -0.48968</i>
                        <i>-0.230568 0.912262 0.338551 -0.941852 -0.296634 0.157871 0.244445 -0.282465 0.92761 -0.0646959 29.3153 -0.490853</i>
                        <i>-0.227965 0.909464 0.347717 -0.940844 -0.297701 0.161824 0.250689 -0.290257 0.923529 -0.0653172 28.9061 -0.494217</i>
                        <i>-0.224069 0.905439 0.360519 -0.939391 -0.299156 0.167479 0.259494 -0.301141 0.917593 -0.0662145 28.4966 -0.499132</i>
                        <i>-0.219313 0.900686 0.375055 -0.937588 -0.300893 0.174333 0.269871 -0.313413 0.910462 -0.0673008 28.0868 -0.504958</i>
                        <i>-0.214147 0.895715 0.389662 -0.935544 -0.302788 0.181869 0.280888 -0.325599 0.902822 -0.0684851 27.6767 -0.511089</i>
                        <i>-0.209022 0.890995 0.403036 -0.933398 -0.304705 0.189536 0.291683 -0.336575 0.895343 -0.0696734 27.2666 -0.516984</i>
                        <i>-0.204371 0.886913 0.414267 -0.931318 -0.306498 0.196739 0.301463 -0.345606 0.888638 -0.0707699 26.8565 -0.522176</i>
                        <i>-0.200601 0.88375 0.422783 -0.929505 -0.308022 0.202835 0.309482 -0.35229 0.88324 -0.0716801 26.4466 -0.526274</i>
                        <i>-0.198088 0.881699 0.428215 -0.928184 -0.309136 0.207144 0.315015 -0.35643 0.879615 -0.0723115 26.037 -0.528939</i>
                        <i>-0.197199 0.880927 0.430209 -0.927585 -0.3097 0.208978 0.317331 -0.357845 0.878207 -0.0725728 25.6281 -0.52984</i>
                        <i>-0.198187 0.881569 0.428437 -0.927854 -0.309626 0.20789 0.315925 -0.356326 0.879331 -0.0724031 25.2199 -0.52874</i>
                        <i>-0.200807 0.883486 0.423237 -0.928854 -0.309001 0.204325 0.311299 -0.352096 0.882679 -0.0718612 24.8123 -0.525881</i>
                        <i>-0.204696 0.886507 0.414976 -0.930362 -0.307959 0.198965 0.30418 -0.345351 0.88781 -0.0710358 24.405 -0.521595</i>
                        <i>-0.20948 0.890437 0.404028 -0.932161 -0.306635 0.192485 0.295285 -0.336298 0.894265 -0.0700177 23.998 -0.516223</i>
                        <i>-0.214752 0.895 0.390969 -0.934054 -0.305165 0.185519 0.28535 -0.325345 0.901513 -0.0689005 23.591 -0.510155</i>
                        <i>-0.220073 0.899812 0.376705 -0.935872 -0.303687 0.178658 0.275159 -0.31323 0.908942 -0.0677795 23.1839 -0.503855</i>
                        <i>-0.224982 0.904407 0.362534 -0.937474 -0.302333 0.172444 0.265565 -0.301069 0.915878 -0.066749 22.7766 -0.497863</i>
                        <i>-0.229023 0.90828 0.350108 -0.938746 -0.301227 0.167387 0.257496 -0.290327 0.921632 -0.0659009 22.369 -0.49278</i>
                        <i>-0.231751 0.910932 0.341313 -0.939585 -0.300482 0.163981 0.251934 -0.28269 0.925535 -0.0653232 21.9611 -0.489243</i>
                        <i>-0.232739 0.911894 0.338057 -0.939892 -0.300208 0.16272 0.249871 -0.279866 0.926952 -0.065102 21.5527 -0.487887</i>
                        <i>-0.231648 0.910891 0.341492 -0.939666 -0.300356 0.163751 0.251728 -0.282956 0.92551 -0.0652627 21.144 -0.489129</i>
                        <i>-0.228729 0.908235 0.350417 -0.939034 -0.300764 0.1666 0.256705 -0.290947 0.921657 -0.0657236 20.7348 -0.49257</i>
                        <i>-0.224452 0.90438 0.362931 -0.938068 -0.301383 0.170869 0.263912 -0.302102 0.916016 -0.0664105 20.3253 -0.497569</i>
                        <i>-0.219299 0.89981 0.377159 -0.936838 -0.302162 0.176162 0.272475 -0.314705 0.90924 -0.0672476 19.9156 -0.503482</i>
                        <i>-0.213762 0.895021 0.391462 -0.935425 -0.303041 0.182061 0.281577 -0.327266 0.902004 -0.068157 19.5056 -0.5097</i>
                        <i>-0.20832 0.89047 0.404557 -0.933932 -0.30395 0.188111 0.290473 -0.338642 0.894957 -0.0690599 19.0955 -0.515678</i>
                        <i>-0.203419 0.886531 0.415552 -0.932485 -0.30481 0.19381 0.298483 -0.348071 0.888681 -0.0698796 18.6854 -0.520944</i>
                        <i>-0.199464 0.883478 0.423887 -0.931239 -0.305535 0.198602 0.304973 -0.355125 0.883673 -0.0705427 18.2756 -0.525099</i>
                        <i>-0.196822 0.881502 0.429204 -0.930366 -0.306035 0.201895 0.309322 -0.35958 0.880354 -0.0709797 17.8661 -0.527797</i>
                        <i>-0.195845 0.880765 0.431159 -0.930046 -0.306219 0.203086 0.3109 -0.361225 0.879123 -0.071123 17.4572 -0.528699</i>
                        <i>-0.196727 0.881402 0.429453 -0.930491 -0.305885 0.201545 0.309005 -0.359952 0.880312 -0.0708766 17.049 -0.527535</i>
                        <i>-0.199177 0.883283 0.424428 -0.931659 -0.304979 0.197485 0.303877 -0.356087 0.883663 -0.0702536 16.6414 -0.524542</i>
                        <i>-0.202839 0.88625 0.416433 -0.93332 -0.303645 0.191607 0.29626 -0.3498 0.888746 -0.0693491 16.2341 -0.520078</i>
                        <i>-0.207351 0.89012 0.405824 -0.935254 -0.302029 0.184603 0.286889 -0.341271 0.895114 -0.0682594 15.8271 -0.514512</i>
                        <i>-0.212323 0.894626 0.393145 -0.937261 -0.300279 0.177125 0.276514 -0.330872 0.902255 -0.0670824 15.4201 -0.50826</i>
                        <i>-0.217341 0.899401 0.379264 -0.939172 -0.298546 0.169781 0.265929 -0.319294 0.909578 -0.0659162 15.013 -0.501809</i>
                        <i>-0.221977 0.903989 0.365419 -0.940848 -0.296972 0.163135 0.255991 -0.307591 0.916436 -0.064857 14.6056 -0.49572</i>
                        <i>-0.225804 0.907892 0.353193 -0.942175 -0.295688 0.157721 0.247628 -0.297155 0.92216 -0.0639975 14.198 -0.490616</i>
                        <i>-0.22841 0.910615 0.344397 -0.943055 -0.294811 0.154056 0.241818 -0.289597 0.926098 -0.0634266 13.7901 -0.487154</i>
                        <i>-0.229393 0.911693 0.340875 -0.943394 -0.29445 0.152664 0.239553 -0.286559 0.92763 -0.0632318 13.3818 -0.485992</i>
                        <i>-0.228502 0.910853 0.343705 -0.943118 -0.294678 0.153923 0.241484 -0.288983 0.926377 -0.0634817 12.9731 -0.487596</i>
                        <i>-0.226003 0.908407 0.351738 -0.942298 -0.295416 0.157492 0.246976 -0.295849 0.922755 -0.0641239 12.564 -0.491575</i>
                        <i>-0.22228 0.904804 0.363209 -0.941034 -0.296546 0.162834 0.255041 -0.305597 0.917368 -0.0650667 12.1545 -0.497247</i>
                        <i>-0.217731 0.900522 0.376368 -0.939428 -0.297946 0.169422 0.264705 -0.316682 0.910848 -0.0662165 11.7448 -0.503928</i>
                        <i>-0.212771 0.896038 0.389672 -0.937592 -0.299489 0.176715 0.275046 -0.327753 0.903841 -0.0674745 11.3349 -0.510965</i>
                        <i>-0.207829 0.891787 0.401899 -0.935663 -0.301041 0.184144 0.285205 -0.337772 0.896977 -0.0687371 10.9248 -0.517764</i>
                        <i>-0.20332 0.888122 0.412188 -0.933809 -0.302467 0.191091 0.294385 -0.346052 0.890834 -0.0698978 10.5148 -0.5238</i>
                        <i>-0.199641 0.885299 0.419987 -0.932227 -0.303626 0.196885 0.30182 -0.352217 0.885916 -0.0708492 10.105 -0.528615</i>
                        <i>-0.197159 0.883493 0.424933 -0.931145 -0.304376 0.200809 0.306753 -0.356083 0.882671 -0.071485 9.69554 -0.531803</i>
                        <i>-0.196231 0.882858 0.42668 -0.930794 -0.304575 0.202132 0.308409 -0.357486 0.881525 -0.071701 9.28666 -0.532964</i>
                        <i>-0.197027 0.88355 0.424877 -0.931237 -0.30417 0.200695 0.306559 -0.356119 0.882724 -0.0715125 8.87843 -0.53219</i>
                        <i>-0.199279 0.885475 0.419787 -0.932279 -0.303284 0.197165 0.301899 -0.352068 0.885948 -0.0710447 8.47075 -0.530027</i>
                        <i>-0.202697 0.888478 0.411728 -0.933745 -0.302035 0.192079 0.295014 -0.345515 0.890834 -0.0703587 8.06345 -0.526697</i>
                        <i>-0.20699 0.892389 0.400995 -0.935461 -0.300547 0.185971 0.286476 -0.336621 0.897005 -0.0695165 7.65637 -0.522426</i>
                        <i>-0.211841 0.896974 0.388022 -0.937266 -0.298942 0.17935 0.276868 -0.325686 0.904031 -0.0685825 7.24937 -0.517475</i>
                        <i>-0.216905 0.901918 0.373493 -0.939024 -0.297341 0.172689 0.266806 -0.313262 0.911418 -0.067623 6.84232 -0.51216</i>
                        <i>-0.221813 0.906832 0.358406 -0.940624 -0.295853 0.166423 0.256953 -0.30021 0.918612 -0.0667056 6.43511 -0.506862</i>
                        <i>-0.226185 0.911291 0.344077 -0.941976 -0.294574 0.160958 0.248035 -0.287707 0.925042 -0.065897 6.02769 -0.502016</i>
                        <i>-0.229647 0.914869 0.33208 -0.943007 -0.293581 0.156678 0.240832 -0.277173 0.930148 -0.0652617 5.61998 -0.4981</i>
                        <i>-0.231839 0.917169 0.324116 -0.943653 -0.292941 0.15396 0.236155 -0.270159 0.933405 -0.0648625 5.21195 -0.495607</i>
                        <i>-0.232875 0.918307 0.320126 -0.943962 -0.29261 0.152691 0.233889 -0.266629 0.934989 -0.0646912 4.80365 -0.494535</i>
                        <i>-0.23319 0.918733 0.318673 -0.944054 -0.292473 0.152385 0.233205 -0.265309 0.935535 -0.0646795 4.39519 -0.494449</i>
                        <i>-0.232912 0.918573 0.319336 -0.943968 -0.292496 0.152875 0.233831 -0.265837 0.935229 -0.0647997 3.9866 -0.495179</i>
                        <i>-0.232167 0.917955 0.321647 -0.943739 -0.292647 0.153995 0.23549 -0.267798 0.934253 -0.0650246 3.57792 -0.496546</i>
                        <i>-0.231082 0.917005 0.325119 -0.943402 -0.292895 0.155584 0.237897 -0.270765 0.932787 -0.0653268 3.16915 -0.498371</i>
                        <i>-0.229783 0.915851 0.329267 -0.94299 -0.293209 0.157477 0.24077 -0.27431 0.931012 -0.0656793 2.76033 -0.500474</i>
                        <i>-0.228399 0.914618 0.333628 -0.942539 -0.293557 0.159511 0.24383 -0.278025 0.929112 -0.0660542 2.35148 -0.502677</i>
                        <i>-0.227059 0.913432 0.337765 -0.942089 -0.293907 0.161516 0.246805 -0.281531 0.927269 -0.0664235 1.94264 -0.504808</i>
                        <i>-0.225893 0.912418 0.341272 -0.941679 -0.294223 0.163319 0.249425 -0.284476 0.925668 -0.0667586 1.53383 -0.5067</i>
