<?xml version="1.0" encoding="ISO-8859-1" ?>
<Animl Version="1">
    <ModellingPackage>
        <![CDATA[Maya.2010]]>
</ModellingPackage>
    <SrcFile>
        <![CDATA[anims\characters\shared\elite\~src\run_rpg01.mb]]>
</SrcFile>
    <FramesPerSecond>30</FramesPerSecond>
    <TotalFrames>24</TotalFrames>
    <Skeleton>
        <RefFrame>
            <Name>
                <![CDATA[soldier_ref_frame]]>
</Name>
            <Exclude>0</Exclude>
            <Additive>0</Additive>
            <IKPriority>0</IKPriority>
            <IKRotLimits>-1e+010 -1e+010 -1e+010 1e+010 1e+010 1e+010</IKRotLimits>
            <IKRotLimitOrder>0</IKRotLimitOrder>
            <KeyFrames count="24">
                <i>1 0 0 0 1 0 0 0 1 0 0 0</i>
                <i>1 0 0 0 1 0 0 0 1 0 0 0.161778</i>
                <i>1 0 0 0 1 0 0 0 1 0 0 0.323556</i>
                <i>1 0 0 0 1 0 0 0 1 0 0 0.485333</i>
                <i>1 0 0 0 1 0 0 0 1 0 0 0.647111</i>
                <i>1 0 0 0 1 0 0 0 1 0 0 0.808889</i>
                <i>1 0 0 0 1 0 0 0 1 0 0 0.970667</i>
                <i>1 0 0 0 1 0 0 0 1 0 0 1.13244</i>
                <i>1 0 0 0 1 0 0 0 1 0 0 1.29422</i>
                <i>1 0 0 0 1 0 0 0 1 0 0 1.456</i>
                <i>1 0 0 0 1 0 0 0 1 0 0 1.61778</i>
                <i>1 0 0 0 1 0 0 0 1 0 0 1.77956</i>
                <i>1 0 0 0 1 0 0 0 1 0 0 1.94133</i>
                <i>1 0 0 0 1 0 0 0 1 0 0 2.10311</i>
                <i>1 0 0 0 1 0 0 0 1 0 0 2.26489</i>
                <i>1 0 0 0 1 0 0 0 1 0 0 2.42667</i>
                <i>1 0 0 0 1 0 0 0 1 0 0 2.58844</i>
                <i>1 0 0 0 1 0 0 0 1 0 0 2.75022</i>
                <i>1 0 0 0 1 0 0 0 1 0 0 2.912</i>
                <i>1 0 0 0 1 0 0 0 1 0 0 3.07378</i>
                <i>1 0 0 0 1 0 0 0 1 0 0 3.23556</i>
                <i>1 0 0 0 1 0 0 0 1 0 0 3.39733</i>
                <i>1 0 0 0 1 0 0 0 1 0 0 3.55911</i>
                <i>1 0 0 0 1 0 0 0 1 0 0 3.64</i>
            </KeyFrames>
        </RefFrame>
        <Bones count="23">
            <i>
                <p>
                    <Name>
                        <![CDATA[pelvis]]>
</Name>
                    <Exclude>0</Exclude>
                    <Additive>0</Additive>
                    <IKPriority>0</IKPriority>
                    <IKRotLimits>-1e+010 -1e+010 -1e+010 1e+010 1e+010 1e+010</IKRotLimits>
                    <IKRotLimitOrder>2</IKRotLimitOrder>
                    <KeyFrames count="24">
                        <i>1 0 0 0 1 0 0 0 1 -0.0985878 1.06794 0.0859139</i>
                        <i>1 0 0 0 1 0 0 0 1 -0.10961 1.03099 0.231435</i>
                        <i>1 0 0 0 1 0 0 0 1 -0.115713 1.00234 0.375274</i>
                        <i>1 0 0 0 1 0 0 0 1 -0.115737 0.989625 0.522478</i>
                        <i>1 0 0 0 1 0 0 0 1 -0.108524 1.03884 0.678094</i>
                        <i>1 0 0 0 1 0 0 0 1 -0.0947767 1.12359 0.843273</i>
                        <i>1 0 0 0 1 0 0 0 1 -0.0769142 1.16321 1.01409</i>
                        <i>1 0 0 0 1 0 0 0 1 -0.0563448 1.14458 1.18796</i>
                        <i>1 0 0 0 1 0 0 0 1 -0.0344773 1.11993 1.3623</i>
                        <i>1 0 0 0 1 0 0 0 1 -0.0127203 1.09184 1.53456</i>
                        <i>1 0 0 0 1 0 0 0 1 0.00751749 1.06294 1.70213</i>
                        <i>1 0 0 0 1 0 0 0 1 0.0248273 1.03581 1.86245</i>
                        <i>1 0 0 0 1 0 0 0 1 0.0369504 1.01307 2.01629</i>
                        <i>1 0 0 0 1 0 0 0 1 0.0433586 0.99731 2.16662</i>
                        <i>1 0 0 0 1 0 0 0 1 0.0452386 0.991143 2.31418</i>
                        <i>1 0 0 0 1 0 0 0 1 0.0409482 1.02494 2.4597</i>
                        <i>1 0 0 0 1 0 0 0 1 0.0305081 1.09212 2.60393</i>
                        <i>1 0 0 0 1 0 0 0 1 0.0153014 1.15574 2.74759</i>
                        <i>1 0 0 0 1 0 0 0 1 -0.00328896 1.1789 2.89143</i>
                        <i>1 0 0 0 1 0 0 0 1 -0.0238798 1.16341 3.03618</i>
                        <i>1 0 0 0 1 0 0 0 1 -0.0450882 1.14605 3.18257</i>
                        <i>1 0 0 0 1 0 0 0 1 -0.0655309 1.12534 3.33135</i>
                        <i>1 0 0 0 1 0 0 0 1 -0.0838252 1.0998 3.48324</i>
                        <i>1 0 0 0 1 0 0 0 1 -0.0985878 1.06794 3.63899</i>
                    </KeyFrames>
                </p>
            </i>
            <i>
                <p>
                    <Name>
                        <![CDATA[spine0]]>
</Name>
                    <Exclude>0</Exclude>
                    <Additive>0</Additive>
                    <IKPriority>0</IKPriority>
                    <IKRotLimits>-1e+010 -1e+010 -1e+010 1e+010 1e+010 1e+010</IKRotLimits>
                    <IKRotLimitOrder>0</IKRotLimitOrder>
                    <KeyFrames count="24">
                        <i>0.0249935 0.960026 0.278793 -0.997682 0.0416116 -0.0538486 -0.0632971 -0.276801 0.95884 -0.0806692 1.21043 0.0774301</i>
                        <i>0.0228375 0.959332 0.281355 -0.996878 0.043127 -0.0661334 -0.0755778 -0.278966 0.957322 -0.090237 1.1733 0.223298</i>
                        <i>0.022347 0.95625 0.291697 -0.996242 0.0457213 -0.0735624 -0.0836808 -0.288957 0.953678 -0.0956575 1.14458 0.367394</i>
                        <i>0.0247668 0.950512 0.309698 -0.995789 0.0508101 -0.0763102 -0.0882696 -0.306504 0.947768 -0.0957486 1.13188 0.514736</i>
                        <i>0.0264053 0.942377 0.333509 -0.995601 0.0547922 -0.0759973 -0.0898917 -0.330035 0.939679 -0.0898466 1.18127 0.670341</i>
                        <i>0.0246097 0.933048 0.358909 -0.995697 0.0549608 -0.0746072 -0.089338 -0.355529 0.930386 -0.0789474 1.26636 0.835364</i>
                        <i>0.0211346 0.923641 0.382676 -0.995951 0.0529006 -0.0726783 -0.0873724 -0.37959 0.92102 -0.0651275 1.30635 1.00591</i>
                        <i>0.0168864 0.915388 0.402219 -0.996308 0.0492722 -0.0703078 -0.0841771 -0.399547 0.91284 -0.0494521 1.28802 1.17942</i>
                        <i>0.0123412 0.909259 0.416048 -0.996716 0.0444884 -0.0676623 -0.0800318 -0.413846 0.906822 -0.03298 1.2635 1.35335</i>
                        <i>0.00304122 0.905096 0.425196 -0.997212 0.034449 -0.0661975 -0.0745627 -0.423809 0.902677 -0.0167646 1.23534 1.52514</i>
                        <i>-0.0105383 0.905537 0.424135 -0.997624 0.0193611 -0.0661239 -0.0680895 -0.423824 0.903181 -0.00185849 1.20615 1.69227</i>
                        <i>-0.0211678 0.913435 0.406434 -0.997817 0.00613305 -0.0657517 -0.0625525 -0.406939 0.911311 0.0106824 1.17861 1.85218</i>
                        <i>-0.0202888 0.924582 0.380443 -0.998004 0.00403044 -0.063018 -0.0597986 -0.380962 0.922655 0.0193968 1.15546 2.00572</i>
                        <i>-0.00635913 0.931679 0.363227 -0.998225 0.0155946 -0.0574765 -0.059214 -0.362948 0.929926 0.0241055 1.13947 2.1559</i>
                        <i>-0.00251059 0.936993 0.34934 -0.998299 0.0180002 -0.0554543 -0.0582484 -0.348885 0.935354 0.025676 1.13326 2.30343</i>
                        <i>-0.00562516 0.944369 0.328841 -0.99833 0.0136013 -0.0561378 -0.0574874 -0.328607 0.942715 0.022675 1.16724 2.44907</i>
                        <i>-0.00243613 0.951109 0.308846 -0.998329 0.015516 -0.0556571 -0.0577281 -0.308466 0.949482 0.0152579 1.23479 2.59355</i>
                        <i>0.00526143 0.955907 0.293623 -0.998278 0.0221773 -0.0543113 -0.0584283 -0.292831 0.954377 0.00438287 1.29884 2.73756</i>
                        <i>0.0142421 0.959366 0.281806 -0.99814 0.0303476 -0.0528692 -0.059273 -0.280529 0.958014 -0.00899845 1.32232 2.88177</i>
                        <i>0.0217721 0.96204 0.27204 -0.997953 0.0372786 -0.0519625 -0.0601312 -0.270352 0.960882 -0.0239443 1.30697 3.02687</i>
                        <i>0.0256889 0.962765 0.269117 -0.997801 0.0411482 -0.0519612 -0.0611001 -0.26719 0.961705 -0.0395204 1.28952 3.17358</i>
                        <i>0.0268088 0.961348 0.274029 -0.997705 0.0427827 -0.0524824 -0.0621775 -0.271993 0.960288 -0.0547935 1.26853 3.32259</i>
                        <i>0.0263281 0.959727 0.279699 -0.997664 0.0428679 -0.0531815 -0.0630298 -0.277646 0.958614 -0.0688254 1.24262 3.47466</i>
                        <i>0.0249935 0.960026 0.278793 -0.997682 0.0416116 -0.0538486 -0.0632971 -0.276801 0.95884 -0.0806692 1.21043 3.63051</i>
                    </KeyFrames>
                </p>
            </i>
            <i>
                <p>
                    <Name>
                        <![CDATA[spine1]]>
</Name>
                    <Exclude>0</Exclude>
                    <Additive>0</Additive>
                    <IKPriority>0</IKPriority>
                    <IKRotLimits>-1e+010 -1e+010 -1e+010 1e+010 1e+010 1e+010</IKRotLimits>
                    <IKRotLimitOrder>0</IKRotLimitOrder>
                    <KeyFrames count="24">
                        <i>-0.108074 0.894471 0.433867 -0.994117 -0.094098 -0.0536348 -0.00714873 -0.437111 0.899379 -0.0764616 1.37209 0.124396</i>
                        <i>-0.120692 0.885457 0.448775 -0.992395 -0.118638 -0.0328128 0.0241874 -0.449323 0.893042 -0.0863832 1.33524 0.270808</i>
                        <i>-0.12616 0.87823 0.461299 -0.990632 -0.136039 -0.0119342 0.0522735 -0.458483 0.887165 -0.0918711 1.30664 0.416843</i>
                        <i>-0.124719 0.872445 0.472531 -0.988799 -0.148643 0.013462 0.0819834 -0.465559 0.881211 -0.0915336 1.29367 0.56746</i>
                        <i>-0.115243 0.868071 0.482878 -0.987038 -0.154729 0.0425917 0.111688 -0.471711 0.874651 -0.0853336 1.34235 0.727349</i>
                        <i>-0.0973592 0.865282 0.491741 -0.98606 -0.150849 0.0702102 0.13493 -0.47805 0.867906 -0.0747236 1.4265 0.896963</i>
                        <i>-0.0726267 0.863726 0.498702 -0.9862 -0.136781 0.093275 0.148777 -0.485046 0.86174 -0.0614842 1.46556 1.07186</i>
                        <i>-0.0426958 0.862935 0.503508 -0.987743 -0.112192 0.108523 0.150138 -0.492703 0.857148 -0.0465296 1.44641 1.249</i>
                        <i>-0.00935853 0.86199 0.506839 -0.990741 -0.0766466 0.112061 0.135443 -0.501098 0.854726 -0.0308392 1.42116 1.42547</i>
                        <i>0.0213979 0.844642 0.534903 -0.994003 -0.0394155 0.102003 0.107239 -0.533878 0.838733 -0.0162392 1.39157 1.59853</i>
                        <i>0.0488125 0.812767 0.58054 -0.996236 -0.00206625 0.0866575 0.0716319 -0.582585 0.809607 -0.00365912 1.36085 1.76473</i>
                        <i>0.0759577 0.794017 0.603131 -0.996609 0.041256 0.0711986 0.0316501 -0.606494 0.794458 0.00709259 1.33348 1.9211</i>
                        <i>0.107577 0.796096 0.595533 -0.994151 0.0918931 0.056742 -0.00955325 -0.598153 0.801325 0.0159624 1.31193 2.07012</i>
                        <i>0.145237 0.803774 0.576935 -0.988127 0.147376 0.0434289 -0.0501192 -0.576392 0.815635 0.0230271 1.29736 2.21747</i>
                        <i>0.157324 0.822622 0.54639 -0.984241 0.175846 0.0186497 -0.080739 -0.540713 0.837323 0.0252487 1.29255 2.36283</i>
                        <i>0.146986 0.850582 0.504882 -0.984197 0.176725 -0.011201 -0.0987525 -0.495257 0.863116 0.0217138 1.32856 2.50525</i>
                        <i>0.126107 0.87957 0.458752 -0.985846 0.162619 -0.0407894 -0.110479 -0.447115 0.887628 0.0148397 1.39811 2.64658</i>
                        <i>0.0977792 0.904677 0.414728 -0.987871 0.138739 -0.0697335 -0.120625 -0.402879 0.90727 0.00529093 1.46375 2.78821</i>
                        <i>0.0640221 0.923638 0.377881 -0.989974 0.106554 -0.0927207 -0.125905 -0.368157 0.9212 -0.0065318 1.48844 2.93056</i>
                        <i>0.0266205 0.935108 0.353361 -0.992151 0.0679198 -0.104994 -0.122181 -0.347792 0.929577 -0.0201687 1.47377 3.07403</i>
                        <i>-0.0130246 0.935166 0.353971 -0.994013 0.0262955 -0.106046 -0.108479 -0.353233 0.929225 -0.0350843 1.45576 3.22004</i>
                        <i>-0.0518488 0.924159 0.378473 -0.995024 -0.0155196 -0.0984172 -0.0850794 -0.381692 0.920365 -0.0502055 1.43306 3.36949</i>
                        <i>-0.0852136 0.907729 0.410813 -0.995055 -0.0564096 -0.0817585 -0.0510407 -0.415749 0.908046 -0.064363 1.4053 3.52208</i>
                        <i>-0.108074 0.894471 0.433867 -0.994117 -0.094098 -0.0536348 -0.00714873 -0.437111 0.899379 -0.0764616 1.37209 3.67747</i>
                    </KeyFrames>
                </p>
            </i>
            <i>
                <p>
                    <Name>
                        <![CDATA[spine2]]>
</Name>
                    <Exclude>0</Exclude>
                    <Additive>0</Additive>
                    <IKPriority>0</IKPriority>
                    <IKRotLimits>-1e+010 -1e+010 -1e+010 1e+010 1e+010 1e+010</IKRotLimits>
                    <IKRotLimitOrder>0</IKRotLimitOrder>
                    <KeyFrames count="24">
                        <i>-0.0998585 0.781489 0.615876 -0.993649 -0.110593 -0.0207787 0.0518732 -0.614039 0.787569 -0.0931736 1.51074 0.191618</i>
                        <i>-0.103753 0.760151 0.641409 -0.986606 -0.160271 0.0303495 0.125869 -0.629669 0.766599 -0.105054 1.47282 0.340513</i>
                        <i>-0.106611 0.757685 0.643853 -0.976699 -0.201107 0.0749381 0.186263 -0.620861 0.761471 -0.111434 1.44363 0.48879</i>
                        <i>-0.110731 0.772518 0.625263 -0.963374 -0.238036 0.123488 0.244232 -0.588689 0.770582 -0.11092 1.43036 0.64149</i>
                        <i>-0.109773 0.799701 0.590278 -0.948136 -0.26248 0.179281 0.298307 -0.539984 0.787039 -0.103276 1.47893 0.803327</i>
                        <i>-0.100385 0.831399 0.546533 -0.935181 -0.266362 0.233426 0.339646 -0.487675 0.804248 -0.0898873 1.56322 0.974669</i>
                        <i>-0.0865682 0.86182 0.499772 -0.926356 -0.254217 0.277919 0.366567 -0.438907 0.820359 -0.0727712 1.60263 1.15102</i>
                        <i>-0.0700151 0.887315 0.455818 -0.924251 -0.229619 0.305017 0.375311 -0.399935 0.836178 -0.0530889 1.58389 1.32924</i>
                        <i>-0.0518655 0.905242 0.421719 -0.931621 -0.195965 0.306073 0.359712 -0.377007 0.853506 -0.0321057 1.55878 1.50642</i>
                        <i>-0.0281427 0.889118 0.456812 -0.948049 -0.168609 0.269767 0.316877 -0.425488 0.847673 -0.012644 1.52579 1.68355</i>
                        <i>-0.000150306 0.832079 0.554658 -0.9674 -0.140591 0.210647 0.253255 -0.536544 0.804974 0.00417088 1.48864 1.85601</i>
                        <i>0.0221886 0.771177 0.636234 -0.983962 -0.0958201 0.150459 0.176994 -0.629368 0.756683 0.0190583 1.45734 2.01519</i>
                        <i>0.0389843 0.736008 0.675849 -0.994598 -0.0365371 0.0971597 0.0962039 -0.675986 0.730608 0.0327926 1.43588 2.16284</i>
                        <i>0.0559603 0.730372 0.680753 -0.998271 0.0286431 0.0513304 0.0179915 -0.682448 0.730712 0.0457195 1.42267 2.30742</i>
                        <i>0.0639668 0.751763 0.656323 -0.996638 0.0818554 0.00337613 -0.0511856 -0.654333 0.754472 0.0498729 1.42122 2.4483</i>
                        <i>0.0634464 0.778468 0.624469 -0.992515 0.114642 -0.0420736 -0.104343 -0.617126 0.779915 0.0448103 1.46229 2.58463</i>
                        <i>0.0461989 0.810301 0.58419 -0.988986 0.119423 -0.0874348 -0.140614 -0.573716 0.806894 0.0347394 1.53714 2.71911</i>
                        <i>0.0166981 0.843202 0.537337 -0.985773 0.103777 -0.132216 -0.167248 -0.527485 0.832939 0.0207693 1.60745 2.8541</i>
                        <i>-0.0175632 0.868166 0.495963 -0.983545 0.0742028 -0.164719 -0.179805 -0.490695 0.852578 0.00361124 1.63571 2.99083</i>
                        <i>-0.0497529 0.879189 0.473868 -0.983798 0.038681 -0.175059 -0.172239 -0.4749 0.86302 -0.0159834 1.62309 3.13048</i>
                        <i>-0.0747958 0.871698 0.484301 -0.986719 0.00552984 -0.162343 -0.144192 -0.490012 0.859708 -0.0372079 1.60446 3.27634</i>
                        <i>-0.0922 0.848391 0.521279 -0.990865 -0.0264267 -0.132247 -0.0984214 -0.52871 0.843077 -0.058406 1.5787 3.42913</i>
                        <i>-0.100965 0.81533 0.570125 -0.994325 -0.0633925 -0.0854315 -0.0335132 -0.575515 0.817104 -0.0776605 1.54697 3.58617</i>
                        <i>-0.0998585 0.781489 0.615876 -0.993649 -0.110593 -0.0207787 0.0518732 -0.614039 0.787569 -0.0931736 1.51074 3.7447</i>
                    </KeyFrames>
                </p>
            </i>
            <i>
                <p>
                    <Name>
                        <![CDATA[head]]>
</Name>
                    <Exclude>0</Exclude>
                    <Additive>0</Additive>
                    <IKPriority>0</IKPriority>
                    <IKRotLimits>-1e+010 -1e+010 -1e+010 1e+010 1e+010 1e+010</IKRotLimits>
                    <IKRotLimitOrder>0</IKRotLimitOrder>
                    <KeyFrames count="24">
                        <i>0.00753225 0.939809 0.341618 0.0298387 0.341264 -0.939494 -0.999526 0.0172699 -0.0254722 -0.112724 1.71546 0.342246</i>
                        <i>0.0158271 0.893996 0.447796 0.0109025 0.447671 -0.894132 -0.999815 0.0190336 -0.00266146 -0.125689 1.67204 0.498486</i>
                        <i>0.0221235 0.852953 0.521518 0.012646 0.521365 -0.85324 -0.999675 0.0254718 0.000747954 -0.133403 1.64305 0.647124</i>
                        <i>0.0162947 0.831982 0.554564 0.0155846 0.554359 -0.832132 -0.999746 0.022202 -0.00393302 -0.135334 1.6351 0.793502</i>
                        <i>0.00666401 0.839009 0.544077 0.0114929 0.543989 -0.839013 -0.999912 0.0118442 -0.0060175 -0.129367 1.6924 0.943437</i>
                        <i>-0.000666321 0.871502 0.490392 0.00176472 0.490392 -0.8715 -0.999998 0.000284681 -0.00186473 -0.11575 1.78631 1.09968</i>
                        <i>-0.0119943 0.922995 0.384625 -0.012632 0.384482 -0.923046 -0.999848 -0.0159298 0.00704768 -0.0975871 1.83441 1.25972</i>
                        <i>-0.0285054 0.970168 0.240751 -0.021497 0.240198 -0.970486 -0.999362 -0.0328395 0.0140087 -0.0763698 1.8224 1.4225</i>
                        <i>-0.0446156 0.994559 0.0941327 -0.0167817 0.0934671 -0.995481 -0.998863 -0.0459937 0.0125203 -0.0534494 1.80155 1.58751</i>
                        <i>-0.0420163 0.997808 0.051117 -0.00117955 0.0511126 -0.998692 -0.999116 -0.0420216 -0.000970627 -0.0296947 1.76495 1.77311</i>
                        <i>-0.0163511 0.989855 0.141137 0.0157757 0.141393 -0.989828 -0.999742 -0.0139583 -0.0179276 -0.0064767 1.7144 1.97363</i>
                        <i>0.0101486 0.962378 0.271525 0.0279716 0.27116 -0.962128 -0.999557 0.0173592 -0.0241673 0.0134347 1.66745 2.15804</i>
                        <i>0.0253354 0.927258 0.373565 0.031758 0.37275 -0.927388 -0.999174 0.0353594 -0.0200041 0.0303616 1.63579 2.31965</i>
                        <i>0.0352916 0.902423 0.429403 0.0288154 0.428573 -0.903048 -0.998962 0.0442434 -0.0108787 0.046249 1.62021 2.46738</i>
                        <i>0.0471099 0.895319 0.442927 0.024952 0.442226 -0.896556 -0.998578 0.0532886 -0.00150678 0.0527583 1.62363 2.60291</i>
                        <i>0.0592197 0.89337 0.445402 0.0237497 0.444797 -0.895316 -0.997962 0.0635985 0.00512356 0.0493246 1.67077 2.73275</i>
                        <i>0.0519434 0.905398 0.421374 0.0338304 0.420106 -0.906844 -0.998077 0.0613598 -0.00880827 0.0365672 1.75303 2.85837</i>
                        <i>0.0312979 0.933835 0.356332 0.0574071 0.354239 -0.933391 -0.99786 0.0496691 -0.0425218 0.0168296 1.83129 2.98218</i>
                        <i>0.00847647 0.963582 0.267279 0.0807883 0.265755 -0.96065 -0.996695 0.0297359 -0.0755934 -0.00707107 1.86565 3.10894</i>
                        <i>-0.00787729 0.982143 0.18797 0.0968506 0.187841 -0.977413 -0.995268 0.0105056 -0.0966009 -0.0325146 1.85554 3.24378</i>
                        <i>-0.0132487 0.988882 0.148113 0.101314 0.148691 -0.98368 -0.994766 0.00197331 -0.102157 -0.057265 1.83451 3.39289</i>
                        <i>-0.0111139 0.987435 0.157634 0.0939027 0.157977 -0.982968 -0.995519 0.00387763 -0.0944785 -0.0799327 1.80217 3.5551</i>
                        <i>-0.0049083 0.975047 0.221942 0.0709354 0.221725 -0.972526 -0.997469 0.0109701 -0.0702537 -0.0989511 1.76129 3.72455</i>
                        <i>0.00753225 0.939809 0.341618 0.0298387 0.341264 -0.939494 -0.999526 0.0172699 -0.0254722 -0.112724 1.71546 3.89532</i>
                    </KeyFrames>
                </p>
            </i>
            <i>
                <p>
                    <Name>
                        <![CDATA[head_prop]]>
</Name>
                    <Exclude>0</Exclude>
                    <Additive>0</Additive>
                    <IKPriority>0</IKPriority>
                    <IKRotLimits>-1e+010 -1e+010 -1e+010 1e+010 1e+010 1e+010</IKRotLimits>
                    <IKRotLimitOrder>0</IKRotLimitOrder>
                    <KeyFrames count="24">
                        <i>0.999526 -0.0172699 0.0254722 0.00753225 0.939809 0.341618 -0.0298387 -0.341264 0.939494 -0.110269 2.02175 0.453582</i>
                        <i>0.999815 -0.0190336 0.00266146 0.0158271 0.893996 0.447796 -0.0109025 -0.447671 0.894132 -0.120531 1.96341 0.644427</i>
                        <i>0.999675 -0.0254718 -0.000747954 0.0221235 0.852953 0.521518 -0.012646 -0.521365 0.85324 -0.126193 1.92103 0.817092</i>
                        <i>0.999746 -0.022202 0.00393302 0.0162947 0.831982 0.554564 -0.0155846 -0.554359 0.832132 -0.130023 1.90625 0.974239</i>
                        <i>0.999912 -0.0118442 0.0060175 0.00666401 0.839009 0.544077 -0.0114929 -0.543989 0.839013 -0.127195 1.96584 1.12076</i>
                        <i>0.999998 -0.000284681 0.00186473 -0.000666321 0.871502 0.490392 -0.00176472 -0.490392 0.8715 -0.115967 2.07034 1.2595</i>
                        <i>0.999848 0.0159298 -0.00704768 -0.0119943 0.922995 0.384625 0.012632 -0.384482 0.923046 -0.101496 2.13522 1.38507</i>
                        <i>0.999362 0.0328395 -0.0140087 -0.0285054 0.970168 0.240751 0.021497 -0.240198 0.970486 -0.08566 2.13859 1.50097</i>
                        <i>0.998863 0.0459937 -0.0125203 -0.0446156 0.994559 0.0941327 0.0167817 -0.0934671 0.995481 -0.06799 2.12568 1.61819</i>
                        <i>0.999116 0.0420216 0.000970627 -0.0420163 0.997808 0.051117 0.00117955 -0.0511126 0.998692 -0.0433882 2.09015 1.78977</i>
                        <i>0.999742 0.0139583 0.0179276 -0.0163511 0.989855 0.141137 -0.0157757 -0.141393 0.989828 -0.0118057 2.03701 2.01963</i>
                        <i>0.999557 -0.0173592 0.0241673 0.0101486 0.962378 0.271525 -0.0279716 -0.27116 0.962128 0.0167422 1.9811 2.24654</i>
                        <i>0.999174 -0.0353594 0.0200041 0.0253354 0.927258 0.373565 -0.031758 -0.37275 0.927388 0.0386186 1.93799 2.4414</i>
                        <i>0.998962 -0.0442434 0.0108787 0.0352916 0.902423 0.429403 -0.0288154 -0.428573 0.903048 0.0577509 1.91432 2.60733</i>
                        <i>0.998578 -0.0532886 0.00150678 0.0471099 0.895319 0.442927 -0.024952 -0.442226 0.896556 0.0681118 1.91542 2.74726</i>
                        <i>0.997962 -0.0635985 -0.00512356 0.0592197 0.89337 0.445402 -0.0237497 -0.444797 0.895316 0.0686249 1.96193 2.87791</i>
                        <i>0.998077 -0.0613598 0.00880827 0.0519434 0.905398 0.421374 -0.0338304 -0.420106 0.906844 0.053496 2.04811 2.9957</i>
                        <i>0.99786 -0.0496691 0.0425218 0.0312979 0.933835 0.356332 -0.0574071 -0.354239 0.933391 0.0270298 2.13563 3.09831</i>
                        <i>0.996695 -0.0297359 0.0755934 0.00847647 0.963582 0.267279 -0.0807883 -0.265755 0.96065 -0.00430851 2.17969 3.19605</i>
                        <i>0.995268 -0.0105056 0.0966009 -0.00787729 0.982143 0.18797 -0.0968506 -0.187841 0.977413 -0.0350819 2.17562 3.30504</i>
                        <i>0.994766 -0.00197331 0.102157 -0.0132487 0.988882 0.148113 -0.101314 -0.148691 0.98368 -0.0615829 2.15679 3.44116</i>
                        <i>0.995519 -0.00387763 0.0944785 -0.0111139 0.987435 0.157634 -0.0939027 -0.157977 0.982968 -0.0835548 2.12399 3.60647</i>
                        <i>0.997469 -0.0109701 0.0702537 -0.0049083 0.975047 0.221942 -0.0709354 -0.221725 0.972526 -0.100551 2.07907 3.79688</i>
                        <i>0.999526 -0.0172699 0.0254722 0.00753225 0.939809 0.341618 -0.0298387 -0.341264 0.939494 -0.110269 2.02175 4.00666</i>
                    </KeyFrames>
                </p>
            </i>
            <i>
                <p>
                    <Name>
                        <![CDATA[l_clav]]>
</Name>
                    <Exclude>0</Exclude>
                    <Additive>0</Additive>
                    <IKPriority>0</IKPriority>
                    <IKRotLimits>-1e+010 -1e+010 -1e+010 1e+010 1e+010 1e+010</IKRotLimits>
                    <IKRotLimitOrder>0</IKRotLimitOrder>
                    <KeyFrames count="24">
                        <i>0.623203 0.779146 0.0674459 -0.771972 0.599065 0.212555 0.125207 -0.184531 0.974819 -0.0152725 1.54138 0.252734</i>
                        <i>0.594968 0.801592 0.0588424 -0.780621 0.558862 0.27983 0.191424 -0.212423 0.958245 -0.0258746 1.50585 0.397345</i>
                        <i>0.577115 0.816261 0.0256212 -0.779183 0.540963 0.316595 0.244564 -0.202676 0.948215 -0.0313372 1.48043 0.542465</i>
                        <i>0.561734 0.826452 -0.0378495 -0.77396 0.541118 0.328902 0.292303 -0.155462 0.943605 -0.0299636 1.47247 0.692187</i>
                        <i>0.554209 0.822586 -0.127296 -0.761462 0.562798 0.321612 0.336196 -0.0813096 0.938276 -0.0211986 1.52659 0.850593</i>
                        <i>0.561359 0.796607 -0.224264 -0.739767 0.604498 0.295512 0.370974 1.47204e-005 0.928643 -0.00622999 1.61532 1.01854</i>
                        <i>0.579734 0.752318 -0.312933 -0.713292 0.654229 0.251393 0.393857 0.0774715 0.915901 0.0128667 1.65821 1.19214</i>
                        <i>0.609155 0.696249 -0.379695 -0.683715 0.703656 0.193397 0.401827 0.141794 0.904671 0.0349048 1.64197 1.36889</i>
                        <i>0.650943 0.637739 -0.411779 -0.651024 0.747969 0.129265 0.390436 0.183934 0.902069 0.0585197 1.61822 1.54666</i>
                        <i>0.707857 0.60504 -0.364508 -0.60589 0.78535 0.126978 0.363093 0.130969 0.922502 0.0806589 1.58138 1.7291</i>
                        <i>0.772299 0.583668 -0.250773 -0.546972 0.811722 0.204768 0.323074 -0.0209766 0.946141 0.0997149 1.53433 1.9095</i>
                        <i>0.830947 0.539904 -0.134277 -0.488411 0.823486 0.288661 0.266424 -0.17428 0.947969 0.115915 1.49302 2.07507</i>
                        <i>0.877567 0.477343 -0.0449406 -0.436545 0.83427 0.336781 0.198252 -0.275929 0.94051 0.130268 1.46454 2.22743</i>
                        <i>0.911791 0.410464 0.0125138 -0.389833 0.855578 0.34061 0.129102 -0.315444 0.940121 0.14353 1.44702 2.37597</i>
                        <i>0.93585 0.349207 0.0473213 -0.346286 0.886384 0.307261 0.065353 -0.303937 0.950448 0.146272 1.4442 2.52</i>
                        <i>0.950124 0.302707 0.0750508 -0.311541 0.910132 0.273133 0.0143734 -0.282892 0.959044 0.138532 1.48559 2.65816</i>
                        <i>0.951388 0.29154 0.0993281 -0.30693 0.924247 0.22707 -0.0256037 -0.246519 0.9688 0.125076 1.56372 2.79403</i>
                        <i>0.942941 0.311015 0.118876 -0.327783 0.929811 0.167363 -0.05848 -0.196779 0.978702 0.107081 1.63904 2.93013</i>
                        <i>0.926476 0.354296 0.126949 -0.368307 0.922908 0.112211 -0.077406 -0.150717 0.985542 0.0858629 1.6722 3.06702</i>
                        <i>0.902328 0.414004 0.120017 -0.424529 0.901783 0.081012 -0.0746898 -0.12405 0.989461 0.0629301 1.66255 3.20553</i>
                        <i>0.868863 0.483964 0.10419 -0.49261 0.866092 0.0849714 -0.0491153 -0.125154 0.990921 0.0395054 1.64327 3.34956</i>
                        <i>0.818887 0.567262 0.0873907 -0.573926 0.810809 0.114878 -0.00569106 -0.144228 0.989528 0.017326 1.61423 3.50002</i>
                        <i>0.741439 0.666932 0.0739632 -0.668875 0.725756 0.160887 0.0536216 -0.16876 0.984197 -0.00151619 1.57897 3.65328</i>
                        <i>0.623203 0.779146 0.0674459 -0.771972 0.599065 0.212555 0.125207 -0.184531 0.974819 -0.0152725 1.54138 3.80581</i>
                    </KeyFrames>
                </p>
            </i>
            <i>
                <p>
                    <Name>
                        <![CDATA[l_shoulder]]>
</Name>
                    <Exclude>0</Exclude>
                    <Additive>0</Additive>
                    <IKPriority>0</IKPriority>
                    <IKRotLimits>-1e+010 -1e+010 -1e+010 1e+010 1e+010 1e+010</IKRotLimits>
                    <IKRotLimitOrder>0</IKRotLimitOrder>
                    <KeyFrames count="24">
                        <i>0.94959 -0.304486 0.0746137 0.312863 0.905336 -0.287199 0.0198978 0.296066 0.95496 0.107859 1.69532 0.266059</i>
                        <i>0.968086 -0.2501 0.0161139 0.242714 0.919589 -0.308943 0.0624486 0.302995 0.950944 0.0916783 1.66422 0.408971</i>
                        <i>0.97867 -0.203757 -0.0262468 0.182885 0.922283 -0.340511 0.0935884 0.328448 0.939874 0.0826883 1.64171 0.547527</i>
                        <i>0.985144 -0.160092 -0.0621369 0.123608 0.912233 -0.390579 0.119212 0.377096 0.91847 0.0810229 1.63576 0.684708</i>
                        <i>0.986784 -0.128813 -0.0983079 0.0703071 0.886961 -0.456461 0.145993 0.443517 0.884296 0.0883012 1.68912 0.825442</i>
                        <i>0.984365 -0.11804 -0.130739 0.0321294 0.850109 -0.525626 0.173188 0.513207 0.84061 0.104682 1.77272 0.974232</i>
                        <i>0.980798 -0.120056 -0.153692 0.00630675 0.807177 -0.590276 0.194923 0.577972 0.792435 0.12741 1.80685 1.13032</i>
                        <i>0.978337 -0.128489 -0.162318 -0.00669131 0.764039 -0.645135 0.20691 0.632246 0.746628 0.155261 1.77953 1.29387</i>
                        <i>0.978794 -0.137603 -0.151746 -0.00394936 0.727969 -0.685599 0.204807 0.67166 0.711989 0.187132 1.74422 1.4653</i>
                        <i>0.980378 -0.143801 -0.134833 0.0195888 0.751676 -0.659241 0.19615 0.643664 0.739744 0.220516 1.70092 1.65709</i>
                        <i>0.981146 -0.152262 -0.119036 0.0609819 0.828335 -0.556904 0.183397 0.539145 0.822003 0.252304 1.64965 1.85996</i>
                        <i>0.981693 -0.167602 -0.0904938 0.110875 0.889148 -0.443985 0.154875 0.425823 0.891453 0.280092 1.59969 2.04854</i>
                        <i>0.980406 -0.191932 -0.0443309 0.16265 0.915704 -0.367467 0.111123 0.353057 0.928979 0.303657 1.55885 2.21855</i>
                        <i>0.974851 -0.222296 0.0158077 0.214208 0.915086 -0.341662 0.0614845 0.336455 0.93969 0.32368 1.52812 2.37845</i>
                        <i>0.963717 -0.252175 0.0875064 0.26668 0.895555 -0.356178 0.0114524 0.366591 0.930312 0.331176 1.51319 2.52935</i>
                        <i>0.948508 -0.27292 0.160772 0.314263 0.87435 -0.369799 -0.0396456 0.401282 0.915096 0.326256 1.5454 2.67299</i>
                        <i>0.931883 -0.263133 0.249711 0.344803 0.856383 -0.384342 -0.112715 0.444262 0.888778 0.313049 1.62132 2.81365</i>
                        <i>0.909287 -0.231069 0.346127 0.365672 0.840692 -0.399401 -0.198697 0.489739 0.848926 0.293386 1.70049 2.95362</i>
                        <i>0.885823 -0.197006 0.420126 0.377901 0.83169 -0.406796 -0.269273 0.519116 0.811179 0.268915 1.7422 3.09211</i>
                        <i>0.87161 -0.18159 0.455324 0.381694 0.834228 -0.397961 -0.307579 0.520662 0.796434 0.241211 1.74435 3.22924</i>
                        <i>0.874395 -0.200143 0.442013 0.380526 0.848068 -0.368756 -0.301053 0.490636 0.817706 0.211174 1.73889 3.37014</i>
                        <i>0.89453 -0.243134 0.375103 0.373904 0.866852 -0.329793 -0.244975 0.435262 0.866334 0.17912 1.72631 3.51729</i>
                        <i>0.925077 -0.286907 0.24883 0.354859 0.886427 -0.297192 -0.135303 0.363225 0.921825 0.144976 1.71074 3.6679</i>
                        <i>0.94959 -0.304486 0.0746137 0.312863 0.905336 -0.287199 0.0198978 0.296066 0.95496 0.107859 1.69532 3.81914</i>
                    </KeyFrames>
                </p>
            </i>
            <i>
                <p>
                    <Name>
                        <![CDATA[l_elbow]]>
</Name>
                    <Exclude>0</Exclude>
                    <Additive>0</Additive>
                    <IKPriority>0</IKPriority>
                    <IKRotLimits>-1e+010 -1e+010 -1e+010 1e+010 1e+010 1e+010</IKRotLimits>
                    <IKRotLimitOrder>0</IKRotLimitOrder>
                    <KeyFrames count="24">
                        <i>-0.581737 0.419882 0.696622 0.31287 0.906074 -0.284855 -0.750796 0.0522412 -0.658465 0.416739 1.59628 0.29033</i>
                        <i>-0.525397 0.390468 0.755971 0.242823 0.920342 -0.306606 -0.815472 0.0224774 -0.57836 0.406574 1.58287 0.414212</i>
                        <i>-0.475805 0.384232 0.791186 0.183069 0.923096 -0.338199 -0.860288 -0.0160754 -0.509555 0.401027 1.57543 0.53899</i>
                        <i>-0.432245 0.401901 0.807242 0.123854 0.913165 -0.388318 -0.89321 -0.067868 -0.444488 0.401468 1.58369 0.664497</i>
                        <i>-0.38885 0.443899 0.80731 0.0706177 0.888054 -0.454282 -0.918591 -0.119637 -0.376667 0.409279 1.64722 0.793465</i>
                        <i>-0.346063 0.501014 0.793237 0.0325062 0.851373 -0.523552 -0.937648 -0.155397 -0.310915 0.424874 1.73432 0.931705</i>
                        <i>-0.309717 0.561089 0.767629 0.0067366 0.808601 -0.588319 -0.950805 -0.177041 -0.254217 0.446441 1.7678 1.08032</i>
                        <i>-0.284145 0.61543 0.735192 -0.00623243 0.765597 -0.643291 -0.958761 -0.18737 -0.213705 0.473491 1.73774 1.24107</i>
                        <i>-0.273746 0.657023 0.702413 -0.00349621 0.729624 -0.683839 -0.961796 -0.189654 -0.197434 0.505511 1.69947 1.41594</i>
                        <i>-0.270776 0.637057 0.721692 0.02002 0.753263 -0.657414 -0.962434 -0.163564 -0.216719 0.539411 1.65415 1.61323</i>
                        <i>-0.274277 0.548544 0.789856 0.0613813 0.829665 -0.554876 -0.95969 -0.103707 -0.261228 0.571448 1.60013 1.82124</i>
                        <i>-0.298511 0.453937 0.839543 0.111204 0.890201 -0.441788 -0.947905 -0.0385184 -0.316215 0.599414 1.54517 2.0191</i>
                        <i>-0.343732 0.399648 0.849783 0.162872 0.916578 -0.365181 -0.924836 0.0128813 -0.380148 0.62256 1.49642 2.20413</i>
                        <i>-0.401186 0.399306 0.824381 0.214308 0.915921 -0.339352 -0.890574 0.0405284 -0.453029 0.640777 1.45581 2.38359</i>
                        <i>-0.464948 0.441293 0.767518 0.266659 0.896466 -0.353896 -0.844225 0.0401229 -0.534485 0.644651 1.43116 2.55782</i>
                        <i>-0.534338 0.483018 0.693669 0.314118 0.875346 -0.367557 -0.784737 0.0214946 -0.619456 0.634784 1.45663 2.72528</i>
                        <i>-0.624179 0.513275 0.589025 0.344482 0.857485 -0.382168 -0.701237 -0.0356324 -0.712038 0.616169 1.53573 2.89488</i>
                        <i>-0.712344 0.527454 0.462989 0.365143 0.841903 -0.397328 -0.599364 -0.113977 -0.79232 0.589156 1.62533 3.06621</i>
                        <i>-0.774142 0.52351 0.355867 0.377201 0.832971 -0.40482 -0.508354 -0.179155 -0.842306 0.557052 1.67812 3.22876</i>
                        <i>-0.80776 0.509116 0.297195 0.380901 0.835513 -0.396021 -0.449931 -0.206688 -0.868817 0.524725 1.68529 3.37735</i>
                        <i>-0.813154 0.495487 0.305406 0.37975 0.849279 -0.366764 -0.441102 -0.182257 -0.878756 0.495595 1.67379 3.51392</i>
                        <i>-0.788268 0.482959 0.381293 0.373265 0.867929 -0.327678 -0.48919 -0.115975 -0.864432 0.47009 1.64723 3.6393</i>
                        <i>-0.719411 0.4603 0.520165 0.354488 0.887328 -0.294936 -0.597316 -0.0277878 -0.801524 0.445882 1.61741 3.74884</i>
                        <i>-0.581737 0.419882 0.696622 0.31287 0.906074 -0.284855 -0.750796 0.0522412 -0.658465 0.416739 1.59628 3.84341</i>
                    </KeyFrames>
                </p>
            </i>
            <i>
                <p>
                    <Name>
                        <![CDATA[l_wrist]]>
</Name>
                    <Exclude>0</Exclude>
                    <Additive>0</Additive>
                    <IKPriority>0</IKPriority>
                    <IKRotLimits>-1e+010 -1e+010 -1e+010 1e+010 1e+010 1e+010</IKRotLimits>
                    <IKRotLimitOrder>0</IKRotLimitOrder>
                    <KeyFrames count="24">
                        <i>-0.255585 0.146435 0.955632 0.966684 0.0243301 0.254813 0.014063 0.988921 -0.147775 0.227514 1.73286 0.516925</i>
                        <i>-0.284216 0.0914271 0.954391 0.958424 0.0534647 0.280295 -0.0253997 0.994376 -0.102821 0.235675 1.70988 0.660113</i>
                        <i>-0.300707 0.0704517 0.951111 0.952283 0.0768375 0.295386 -0.0522705 0.994551 -0.0901955 0.246259 1.70042 0.796345</i>
                        <i>-0.299042 0.078037 0.951044 0.950544 0.111991 0.289695 -0.0839015 0.99064 -0.107668 0.260869 1.71442 0.927075</i>
                        <i>-0.272583 0.106034 0.956272 0.954729 0.152874 0.255192 -0.11913 0.982541 -0.142905 0.282796 1.79161 1.05606</i>
                        <i>-0.208357 0.141274 0.967796 0.965807 0.185812 0.180805 -0.154285 0.972376 -0.175159 0.312308 1.89729 1.18973</i>
                        <i>-0.112918 0.180011 0.977162 0.975852 0.205165 0.0749711 -0.186984 0.962031 -0.198831 0.345697 1.95031 1.33001</i>
                        <i>-0.0180835 0.215005 0.976445 0.977734 0.208011 -0.027695 -0.209066 0.954203 -0.21398 0.381066 1.93792 1.48021</i>
                        <i>0.0445314 0.240646 0.969591 0.97501 0.200984 -0.0946633 -0.217653 0.949576 -0.225683 0.416469 1.91318 1.64442</i>
                        <i>0.0618943 0.198244 0.978196 0.976145 0.192331 -0.100743 -0.208109 0.961097 -0.181611 0.451334 1.86137 1.84798</i>
                        <i>0.0551734 0.0776846 0.99545 0.981467 0.179018 -0.0683687 -0.183514 0.980774 -0.0663678 0.482233 1.77856 2.07816</i>
                        <i>0.0380161 -0.0495217 0.998049 0.986841 0.158945 -0.0297025 -0.157164 0.986045 0.0549124 0.502316 1.69283 2.29219</i>
                        <i>0.0111847 -0.130412 0.991397 0.990851 0.134803 0.00655399 -0.134498 0.982253 0.130727 0.510753 1.62641 2.48055</i>
                        <i>-0.0177489 -0.152385 0.988162 0.993503 0.108432 0.0345662 -0.112416 0.982355 0.149471 0.510281 1.58569 2.65174</i>
                        <i>-0.0443469 -0.124227 0.991262 0.995313 0.0798566 0.0545359 -0.0859337 0.989035 0.120103 0.493415 1.57471 2.80747</i>
                        <i>-0.0638481 -0.0863646 0.994215 0.996269 0.0524562 0.0685367 -0.0580719 0.994882 0.0826931 0.460976 1.61374 2.95092</i>
                        <i>-0.0839944 -0.0291638 0.996039 0.995413 0.0434885 0.0852149 -0.0458014 0.998628 0.0253773 0.413139 1.70269 3.08647</i>
                        <i>-0.110807 0.0504268 0.992562 0.99322 0.0409577 0.1088 -0.0351667 0.997887 -0.0546233 0.357447 1.7969 3.21681</i>
                        <i>-0.139605 0.133505 0.981166 0.990038 0.03712 0.135817 -0.0182887 0.990353 -0.137357 0.305242 1.84841 3.34452</i>
                        <i>-0.165194 0.198857 0.966006 0.986257 0.0303036 0.162419 0.00302458 0.97956 -0.20113 0.26198 1.85089 3.47402</i>
                        <i>-0.187429 0.231799 0.954536 0.981924 0.018128 0.188404 0.0263679 0.972595 -0.231007 0.231095 1.83496 3.61326</i>
                        <i>-0.211502 0.233346 0.949113 0.976404 0.00711161 0.215835 0.0436146 0.972368 -0.229344 0.213685 1.80432 3.76333</i>
                        <i>-0.236313 0.204351 0.949946 0.970719 0.00624907 0.240137 0.0431359 0.978878 -0.199844 0.211875 1.76714 3.91803</i>
                        <i>-0.255585 0.146435 0.955632 0.966684 0.0243301 0.254813 0.014063 0.988921 -0.147775 0.227514 1.73286 4.07</i>
                    </KeyFrames>
                </p>
            </i>
            <i>
                <p>
                    <Name>
