<?xml version="1.0" encoding="ISO-8859-1" ?>
<Animl Version="1">
    <ModellingPackage>
        <![CDATA[Maya.2010]]>
</ModellingPackage>
    <SrcFile>
        <![CDATA[anims\characters\shared\elite\~src\run_gun01.mb]]>
</SrcFile>
    <FramesPerSecond>30</FramesPerSecond>
    <TotalFrames>24</TotalFrames>
    <Skeleton>
        <RefFrame>
            <Name>
                <![CDATA[soldier_ref_frame]]>
</Name>
            <Exclude>0</Exclude>
            <Additive>0</Additive>
            <IKPriority>0</IKPriority>
            <IKRotLimits>-1e+010 -1e+010 -1e+010 1e+010 1e+010 1e+010</IKRotLimits>
            <IKRotLimitOrder>0</IKRotLimitOrder>
            <KeyFrames count="24">
                <i>1 0 0 0 1 0 0 0 1 0 0 0</i>
                <i>1 0 0 0 1 0 0 0 1 0 0 0.161778</i>
                <i>1 0 0 0 1 0 0 0 1 0 0 0.323556</i>
                <i>1 0 0 0 1 0 0 0 1 0 0 0.485333</i>
                <i>1 0 0 0 1 0 0 0 1 0 0 0.647111</i>
                <i>1 0 0 0 1 0 0 0 1 0 0 0.808889</i>
                <i>1 0 0 0 1 0 0 0 1 0 0 0.970667</i>
                <i>1 0 0 0 1 0 0 0 1 0 0 1.13244</i>
                <i>1 0 0 0 1 0 0 0 1 0 0 1.29422</i>
                <i>1 0 0 0 1 0 0 0 1 0 0 1.456</i>
                <i>1 0 0 0 1 0 0 0 1 0 0 1.61778</i>
                <i>1 0 0 0 1 0 0 0 1 0 0 1.77956</i>
                <i>1 0 0 0 1 0 0 0 1 0 0 1.94133</i>
                <i>1 0 0 0 1 0 0 0 1 0 0 2.10311</i>
                <i>1 0 0 0 1 0 0 0 1 0 0 2.26489</i>
                <i>1 0 0 0 1 0 0 0 1 0 0 2.42667</i>
                <i>1 0 0 0 1 0 0 0 1 0 0 2.58844</i>
                <i>1 0 0 0 1 0 0 0 1 0 0 2.75022</i>
                <i>1 0 0 0 1 0 0 0 1 0 0 2.912</i>
                <i>1 0 0 0 1 0 0 0 1 0 0 3.07378</i>
                <i>1 0 0 0 1 0 0 0 1 0 0 3.23556</i>
                <i>1 0 0 0 1 0 0 0 1 0 0 3.39733</i>
                <i>1 0 0 0 1 0 0 0 1 0 0 3.55911</i>
                <i>1 0 0 0 1 0 0 0 1 0 0 3.64</i>
            </KeyFrames>
        </RefFrame>
        <Bones count="23">
            <i>
                <p>
                    <Name>
                        <![CDATA[pelvis]]>
</Name>
                    <Exclude>0</Exclude>
                    <Additive>0</Additive>
                    <IKPriority>0</IKPriority>
                    <IKRotLimits>-1e+010 -1e+010 -1e+010 1e+010 1e+010 1e+010</IKRotLimits>
                    <IKRotLimitOrder>2</IKRotLimitOrder>
                    <KeyFrames count="24">
                        <i>1 0 0 0 1 0 0 0 1 -0.0985878 1.06794 0.0859139</i>
                        <i>1 0 0 0 1 0 0 0 1 -0.102865 1.05452 0.231435</i>
                        <i>1 0 0 0 1 0 0 0 1 -0.110445 1.03103 0.375274</i>
                        <i>1 0 0 0 1 0 0 0 1 -0.114492 1.0178 0.522478</i>
                        <i>1 0 0 0 1 0 0 0 1 -0.108524 1.06023 0.678094</i>
                        <i>1 0 0 0 1 0 0 0 1 -0.090225 1.12672 0.843273</i>
                        <i>1 0 0 0 1 0 0 0 1 -0.0705924 1.16321 1.01409</i>
                        <i>1 0 0 0 1 0 0 0 1 -0.0502759 1.14719 1.18796</i>
                        <i>1 0 0 0 1 0 0 0 1 -0.0299256 1.12902 1.3623</i>
                        <i>1 0 0 0 1 0 0 0 1 -0.0101916 1.10944 1.53456</i>
                        <i>1 0 0 0 1 0 0 0 1 0.0082761 1.08921 1.70213</i>
                        <i>1 0 0 0 1 0 0 0 1 0.0248273 1.0691 1.86245</i>
                        <i>1 0 0 0 1 0 0 0 1 0.0369837 1.04658 2.01629</i>
                        <i>1 0 0 0 1 0 0 0 1 0.0434253 1.02588 2.16662</i>
                        <i>1 0 0 0 1 0 0 0 1 0.0452386 1.0151 2.31418</i>
                        <i>1 0 0 0 1 0 0 0 1 0.0398917 1.04465 2.45971</i>
                        <i>1 0 0 0 1 0 0 0 1 0.0264691 1.10417 2.60393</i>
                        <i>1 0 0 0 1 0 0 0 1 0.00729236 1.16011 2.7476</i>
                        <i>1 0 0 0 1 0 0 0 1 -0.0153167 1.1789 2.89143</i>
                        <i>1 0 0 0 1 0 0 0 1 -0.0390364 1.15807 3.03618</i>
                        <i>1 0 0 0 1 0 0 0 1 -0.0615451 1.12968 3.18257</i>
                        <i>1 0 0 0 1 0 0 0 1 -0.080521 1.10062 3.33135</i>
                        <i>1 0 0 0 1 0 0 0 1 -0.0936425 1.07775 3.48324</i>
                        <i>1 0 0 0 1 0 0 0 1 -0.0985878 1.06794 3.63899</i>
                    </KeyFrames>
                </p>
            </i>
            <i>
                <p>
                    <Name>
                        <![CDATA[spine0]]>
</Name>
                    <Exclude>0</Exclude>
                    <Additive>0</Additive>
                    <IKPriority>0</IKPriority>
                    <IKRotLimits>-1e+010 -1e+010 -1e+010 1e+010 1e+010 1e+010</IKRotLimits>
                    <IKRotLimitOrder>0</IKRotLimitOrder>
                    <KeyFrames count="24">
                        <i>0.0017447 0.797855 0.602846 -0.997871 0.0406936 -0.0509692 -0.065198 -0.601474 0.796228 -0.0823559 1.20927 0.107341</i>
                        <i>-0.0102593 0.786775 0.617155 -0.997282 0.0369838 -0.0637269 -0.0729635 -0.616131 0.784257 -0.0909101 1.19626 0.252994</i>
                        <i>-0.0242426 0.762674 0.646328 -0.99682 0.0306507 -0.0735572 -0.0759106 -0.646056 0.759506 -0.102789 1.17306 0.396786</i>
                        <i>-0.0353506 0.740551 0.671069 -0.996501 0.0247696 -0.079828 -0.0757388 -0.671543 0.737084 -0.110965 1.16002 0.543804</i>
                        <i>-0.0393644 0.739915 0.671548 -0.996373 0.0216794 -0.0822912 -0.0754472 -0.672351 0.736378 -0.108769 1.20254 0.69914</i>
                        <i>-0.0411815 0.76458 0.643212 -0.996361 0.0166514 -0.0835853 -0.074618 -0.644314 0.761112 -0.0939398 1.26904 0.863997</i>
                        <i>-0.0450543 0.797908 0.601093 -0.996366 0.00764931 -0.0848355 -0.0722889 -0.602731 0.794664 -0.0775723 1.30545 1.03449</i>
                        <i>-0.0476402 0.826668 0.56067 -0.996445 -0.000290675 -0.0842395 -0.0694751 -0.56269 0.823743 -0.060196 1.28929 1.20807</i>
                        <i>-0.0473041 0.842149 0.537165 -0.996696 -0.00424451 -0.0811172 -0.0660328 -0.539227 0.839567 -0.0423411 1.27095 1.38219</i>
                        <i>-0.0428345 0.835781 0.54739 -0.997173 -0.00191098 -0.0751133 -0.0617322 -0.54906 0.8335 -0.0245377 1.25122 1.55427</i>
                        <i>-0.0358191 0.815282 0.577955 -0.99766 0.00453223 -0.0682238 -0.0582411 -0.579046 0.813212 -0.00731636 1.23088 1.72174</i>
                        <i>-0.0324731 0.799302 0.600051 -0.997856 0.00820515 -0.064931 -0.056823 -0.600873 0.797322 0.00879263 1.21072 1.88203</i>
                        <i>-0.02581 0.786355 0.617236 -0.998006 0.0153095 -0.0612363 -0.057603 -0.617586 0.784391 0.0217726 1.18828 2.03596</i>
                        <i>-0.00985988 0.766762 0.641856 -0.998107 0.0314239 -0.0528715 -0.0607094 -0.641162 0.765 0.0304693 1.16776 2.18653</i>
                        <i>0.00426972 0.752367 0.65873 -0.997919 0.0455927 -0.0456054 -0.0643453 -0.657164 0.750996 0.0356481 1.15721 2.33441</i>
                        <i>0.0123322 0.755627 0.654886 -0.997718 0.0527751 -0.0421053 -0.0663776 -0.652873 0.754553 0.034453 1.18693 2.48028</i>
                        <i>0.0185548 0.778346 0.627561 -0.997583 0.0564475 -0.0405152 -0.0669591 -0.625293 0.777512 0.0256391 1.24651 2.62483</i>
                        <i>0.0246201 0.808357 0.588177 -0.99747 0.0591119 -0.0394876 -0.0666884 -0.585717 0.807768 0.0111938 1.30235 2.76874</i>
                        <i>0.0293536 0.833738 0.55138 -0.997385 0.0608722 -0.0389471 -0.0660354 -0.548795 0.833345 -0.0068972 1.32092 2.91275</i>
                        <i>0.0311989 0.846538 0.531413 -0.997353 0.0613017 -0.0390993 -0.0656756 -0.528786 0.84621 -0.0266468 1.29979 3.05759</i>
                        <i>0.0274087 0.841935 0.538882 -0.997443 0.058626 -0.0408635 -0.0659969 -0.536385 0.841389 -0.0460635 1.27109 3.20401</i>
                        <i>0.0186407 0.825691 0.563815 -0.997626 0.0527488 -0.044266 -0.0662906 -0.561651 0.824714 -0.0631515 1.24181 3.35279</i>
                        <i>0.0087271 0.807096 0.590356 -0.997786 0.0459529 -0.0480738 -0.0659287 -0.58863 0.80571 -0.0759136 1.21889 3.50468</i>
                        <i>0.0017447 0.797855 0.602846 -0.997871 0.0406936 -0.0509692 -0.065198 -0.601474 0.796228 -0.0823559 1.20927 3.66042</i>
                    </KeyFrames>
                </p>
            </i>
            <i>
                <p>
                    <Name>
                        <![CDATA[spine1]]>
</Name>
                    <Exclude>0</Exclude>
                    <Additive>0</Additive>
                    <IKPriority>0</IKPriority>
                    <IKRotLimits>-1e+010 -1e+010 -1e+010 1e+010 1e+010 1e+010</IKRotLimits>
                    <IKRotLimitOrder>0</IKRotLimitOrder>
                    <KeyFrames count="24">
                        <i>-0.137166 0.48212 0.865301 -0.989897 -0.0983834 -0.102101 0.0359065 -0.870563 0.490744 -0.0820568 1.34607 0.210708</i>
                        <i>-0.129426 0.444093 0.886583 -0.991061 -0.0871227 -0.101038 0.0323713 -0.891735 0.451399 -0.0926573 1.3302 0.358068</i>
                        <i>-0.125859 0.365192 0.922385 -0.991319 -0.0819466 -0.102821 0.0380369 -0.927318 0.372336 -0.106871 1.30142 0.505591</i>
                        <i>-0.117212 0.296704 0.947749 -0.99224 -0.0748564 -0.0992795 0.0414885 -0.952031 0.303175 -0.116858 1.2834 0.655641</i>
                        <i>-0.096757 0.295437 0.95045 -0.994843 -0.0578978 -0.0832794 0.0304251 -0.953606 0.299515 -0.115299 1.3252 0.810511</i>
                        <i>-0.066792 0.38181 0.921824 -0.997652 -0.0395574 -0.055902 0.015121 -0.923394 0.383555 -0.100803 1.3964 0.971184</i>
                        <i>-0.0352695 0.508744 0.860195 -0.999314 -0.0276554 -0.0246175 0.011265 -0.860474 0.509371 -0.0851797 1.44014 1.13598</i>
                        <i>-0.00509051 0.618224 0.785986 -0.999857 -0.0158249 0.00597156 0.0161299 -0.785843 0.618216 -0.0683735 1.43119 1.30431</i>
                        <i>0.0211204 0.672345 0.739936 -0.999561 -0.00119068 0.029613 0.0207912 -0.740237 0.672025 -0.0505562 1.41723 1.47547</i>
                        <i>0.040982 0.638695 0.768368 -0.999094 0.017363 0.0388554 0.0114756 -0.769264 0.638828 -0.0319794 1.39644 1.64937</i>
                        <i>0.0536689 0.548178 0.834638 -0.998524 0.0363936 0.0403044 -0.00828152 -0.83557 0.549322 -0.0135023 1.37169 1.82156</i>
                        <i>0.0572867 0.482772 0.87387 -0.998143 0.0458462 0.0401056 -0.0207018 -0.874545 0.484502 0.00322452 1.34777 1.98492</i>
                        <i>0.0678969 0.439955 0.895449 -0.997312 0.0547201 0.0487353 -0.0275577 -0.896351 0.442488 0.0173777 1.32216 2.14106</i>
                        <i>0.0871864 0.374478 0.923128 -0.995417 0.0692974 0.0659026 -0.0392913 -0.924643 0.378803 0.0288005 1.29746 2.29512</i>
                        <i>0.0915778 0.326588 0.94072 -0.994897 0.070192 0.0724834 -0.0423587 -0.942557 0.33135 0.0363652 1.28378 2.44525</i>
                        <i>0.0737161 0.33476 0.939415 -0.996876 0.0515166 0.0598671 -0.0283544 -0.940894 0.337512 0.03652 1.31365 2.59015</i>
                        <i>0.0445521 0.415946 0.908297 -0.998982 0.0250052 0.0375493 -0.00709372 -0.909046 0.416637 0.0287652 1.37768 2.73061</i>
                        <i>0.0120043 0.534118 0.845325 -0.999879 -0.00194131 0.0154257 0.00988016 -0.845408 0.53403 0.0153977 1.44039 2.86918</i>
                        <i>-0.0213007 0.634991 0.772226 -0.999596 -0.0280726 -0.00448862 0.0188281 -0.77201 0.635332 -0.00180287 1.4656 3.00841</i>
                        <i>-0.0543274 0.683488 0.727937 -0.998267 -0.0536979 -0.0240836 0.0226279 -0.727984 0.685221 -0.0211736 1.44826 3.15076</i>
                        <i>-0.0882955 0.663658 0.742807 -0.99577 -0.0778355 -0.0488228 0.0254151 -0.743976 0.667723 -0.0412594 1.41863 3.29842</i>
                        <i>-0.119005 0.597624 0.792895 -0.992445 -0.0955921 -0.0769056 0.0298339 -0.796057 0.604486 -0.0599095 1.38538 3.45081</i>
                        <i>-0.137958 0.52124 0.842185 -0.989809 -0.102851 -0.0984841 0.0352858 -0.84719 0.530118 -0.0744089 1.35802 3.60644</i>
                        <i>-0.137166 0.48212 0.865301 -0.989897 -0.0983834 -0.102101 0.0359065 -0.870563 0.490744 -0.0820568 1.34607 3.76379</i>
                    </KeyFrames>
                </p>
            </i>
            <i>
                <p>
                    <Name>
                        <![CDATA[spine2]]>
</Name>
                    <Exclude>0</Exclude>
                    <Additive>0</Additive>
                    <IKPriority>0</IKPriority>
                    <IKRotLimits>-1e+010 -1e+010 -1e+010 1e+010 1e+010 1e+010</IKRotLimits>
                    <IKRotLimitOrder>0</IKRotLimitOrder>
                    <KeyFrames count="24">
                        <i>-0.11885 0.293508 0.94854 -0.989623 -0.112716 -0.0891197 0.0807582 -0.949288 0.303858 -0.103624 1.42197 0.347109</i>
                        <i>-0.124915 0.264275 0.956324 -0.988691 -0.113778 -0.0977013 0.0829887 -0.957713 0.275499 -0.112853 1.39959 0.496799</i>
                        <i>-0.133179 0.20824 0.968968 -0.986996 -0.116663 -0.110585 0.0900143 -0.971095 0.221069 -0.126276 1.35782 0.648237</i>
                        <i>-0.136944 0.164423 0.976838 -0.98592 -0.118155 -0.118329 0.0959623 -0.979288 0.178288 -0.134735 1.32873 0.800687</i>
                        <i>-0.130395 0.169418 0.97688 -0.987047 -0.115061 -0.111798 0.09346 -0.978805 0.182227 -0.129974 1.37012 0.955248</i>
                        <i>-0.107121 0.243813 0.963888 -0.989997 -0.115689 -0.0807591 0.0918216 -0.962897 0.253767 -0.110965 1.4548 1.11229</i>
                        <i>-0.0712464 0.361963 0.929466 -0.992314 -0.12024 -0.0292388 0.101176 -0.924405 0.367748 -0.0905796 1.51905 1.26948</i>
                        <i>-0.0333989 0.471293 0.881344 -0.992732 -0.117655 0.0252953 0.115616 -0.874094 0.471798 -0.069089 1.52875 1.42842</i>
                        <i>-0.00452561 0.525512 0.850774 -0.992312 -0.107587 0.0611768 0.123682 -0.843956 0.521959 -0.0470842 1.52461 1.59374</i>
                        <i>0.00317649 0.476106 0.879382 -0.994117 -0.0937025 0.0543223 0.108263 -0.874382 0.473007 -0.0253405 1.49845 1.77221</i>
                        <i>-0.00536121 0.364143 0.931328 -0.996768 -0.0766015 0.0242128 0.080158 -0.928187 0.363377 -0.00490832 1.45865 1.95412</i>
                        <i>-0.0133661 0.295223 0.955335 -0.997803 -0.0659453 0.00641857 0.0648948 -0.95315 0.295456 0.0123144 1.42377 2.12267</i>
                        <i>-0.00074386 0.265646 0.96407 -0.998132 -0.0590909 0.0155121 0.0610885 -0.962258 0.265193 0.0280627 1.39091 2.28118</i>
                        <i>0.0235982 0.216469 0.976004 -0.998165 -0.0493525 0.03508 0.055762 -0.975041 0.214907 0.0424156 1.35557 2.4386</i>
                        <i>0.0363754 0.18009 0.982977 -0.997693 -0.0498711 0.0460568 0.0573165 -0.982385 0.17786 0.0505881 1.33415 2.59064</i>
                        <i>0.0286013 0.185236 0.982278 -0.997212 -0.0624676 0.0408162 0.0689212 -0.980707 0.182932 0.0479555 1.36515 2.73489</i>
                        <i>0.00828685 0.252197 0.96764 -0.996467 -0.0787946 0.02907 0.0835762 -0.964463 0.250653 0.0357478 1.44203 2.87129</i>
                        <i>-0.0178988 0.361655 0.93214 -0.995187 -0.0962766 0.0182443 0.0963414 -0.927328 0.361638 0.0173666 1.52417 3.0019</i>
                        <i>-0.0473808 0.464371 0.884373 -0.993396 -0.114531 0.00691692 0.1045 -0.878204 0.46673 -0.00511964 1.56688 3.1317</i>
                        <i>-0.0765202 0.516125 0.853088 -0.991167 -0.132321 -0.00885029 0.108314 -0.846231 0.521691 -0.02986 1.55847 3.26827</i>
                        <i>-0.100561 0.490804 0.865447 -0.989321 -0.141569 -0.0346697 0.105504 -0.859692 0.499799 -0.0554195 1.52553 3.41821</i>
                        <i>-0.116149 0.415518 0.902139 -0.988531 -0.136628 -0.0643419 0.0965219 -0.899265 0.426622 -0.0788757 1.48086 3.57764</i>
                        <i>-0.122277 0.333736 0.934702 -0.988703 -0.123214 -0.0853475 0.0866845 -0.934579 0.345033 -0.0962163 1.44053 3.73993</i>
                        <i>-0.11885 0.293508 0.94854 -0.989623 -0.112716 -0.0891197 0.0807582 -0.949288 0.303858 -0.103624 1.42197 3.90019</i>
                    </KeyFrames>
                </p>
            </i>
            <i>
                <p>
                    <Name>
                        <![CDATA[head]]>
</Name>
                    <Exclude>0</Exclude>
                    <Additive>0</Additive>
                    <IKPriority>0</IKPriority>
                    <IKRotLimits>-1e+010 -1e+010 -1e+010 1e+010 1e+010 1e+010</IKRotLimits>
                    <IKRotLimitOrder>0</IKRotLimitOrder>
                    <KeyFrames count="24">
                        <i>0.0390267 0.954952 0.294182 -0.0554481 0.296022 -0.95357 -0.997699 0.0209029 0.064503 -0.128816 1.5127 0.584445</i>
                        <i>0.02706 0.936592 0.349374 -0.0383269 0.350217 -0.935884 -0.998899 0.0119347 0.0453736 -0.141556 1.48414 0.73482</i>
                        <i>0.0143766 0.90619 0.422627 -0.0214714 0.422853 -0.905944 -0.999666 0.00394995 0.0255363 -0.158834 1.43062 0.887355</i>
                        <i>0.00532473 0.875747 0.482742 -0.00855531 0.482771 -0.875705 -0.999949 0.000532883 0.0100629 -0.169901 1.39258 1.03987</i>
                        <i>0.00557928 0.864099 0.503291 -0.00101843 0.503304 -0.864109 -0.999984 0.00430854 0.00368811 -0.165172 1.4355 1.19331</i>
                        <i>0.0144238 0.88734 0.46089 -0.0122333 0.46106 -0.887284 -0.999821 0.00715981 0.0175053 -0.141844 1.53708 1.34721</i>
                        <i>0.0226956 0.932629 0.360121 -0.0423842 0.360788 -0.931684 -0.998843 0.00588168 0.047717 -0.113651 1.62845 1.49711</i>
                        <i>0.0247706 0.969385 0.244295 -0.0742577 0.245479 -0.966554 -0.996931 0.00580135 0.078065 -0.083693 1.66351 1.64624</i>
                        <i>0.0213163 0.985923 0.165833 -0.0914879 0.167098 -0.981686 -0.995578 0.00575418 0.093762 -0.0554522 1.67199 1.80583</i>
                        <i>0.0186568 0.981937 0.188285 -0.0739464 0.189157 -0.979159 -0.997088 0.00434494 0.0761398 -0.0330588 1.63342 1.9921</i>
                        <i>0.0187392 0.961675 0.273552 -0.0365985 0.274076 -0.961011 -0.999154 0.00799697 0.0403319 -0.0160281 1.56614 2.18684</i>
                        <i>0.0197343 0.945986 0.323608 -0.0152397 0.323918 -0.945963 -0.999689 0.0137363 0.0208088 -0.00127162 1.51482 2.36054</i>
                        <i>0.0293632 0.934326 0.355209 -0.0204176 0.355849 -0.93432 -0.99936 0.0201822 0.0295256 0.0180236 1.47592 2.52008</i>
                        <i>0.0457811 0.905482 0.421907 -0.0302749 0.423414 -0.90543 -0.998493 0.0286784 0.0467977 0.0392498 1.43008 2.67968</i>
                        <i>0.0528813 0.872688 0.485406 -0.0356775 0.487427 -0.872435 -0.997963 0.0288174 0.0569111 0.0518211 1.40079 2.8329</i>
                        <i>0.0439684 0.856292 0.514617 -0.0354939 0.516129 -0.855775 -0.998402 0.0193613 0.0530865 0.0486847 1.4329 2.97672</i>
                        <i>0.0288892 0.876185 0.481109 -0.0342743 0.481895 -0.875559 -0.998995 0.00880451 0.0439521 0.0328702 1.52483 3.11</i>
                        <i>0.0154107 0.92205 0.386764 -0.0360346 0.387071 -0.921345 -0.999232 0.000261688 0.0391908 0.00943519 1.63206 3.2333</i>
                        <i>0.00477992 0.961919 0.273291 -0.0390831 0.273265 -0.961145 -0.999225 -0.00608684 0.0389009 -0.0189399 1.69871 3.35337</i>
                        <i>-0.0015055 0.982112 0.188293 -0.0428389 0.188057 -0.981223 -0.999081 -0.0095435 0.0417895 -0.0494662 1.70252 3.48377</i>
                        <i>0.00275506 0.985239 0.171161 -0.0468405 0.1711 -0.98414 -0.998899 -0.00530588 0.0466205 -0.0791458 1.66336 3.63694</i>
                        <i>0.0166696 0.978511 0.205521 -0.0508274 0.206113 -0.977207 -0.998568 0.00584352 0.0531709 -0.104529 1.60057 3.8048</i>
                        <i>0.031298 0.965751 0.257576 -0.0542167 0.258964 -0.964364 -0.998039 0.0162177 0.0604648 -0.122168 1.54075 3.97438</i>
                        <i>0.0390267 0.954952 0.294182 -0.0554481 0.296022 -0.95357 -0.997699 0.0209029 0.064503 -0.128816 1.51269 4.13752</i>
                    </KeyFrames>
                </p>
            </i>
            <i>
                <p>
                    <Name>
                        <![CDATA[head_prop]]>
</Name>
                    <Exclude>0</Exclude>
                    <Additive>0</Additive>
                    <IKPriority>0</IKPriority>
                    <IKRotLimits>-1e+010 -1e+010 -1e+010 1e+010 1e+010 1e+010</IKRotLimits>
                    <IKRotLimitOrder>0</IKRotLimitOrder>
                    <KeyFrames count="24">
                        <i>0.997699 -0.0209029 -0.064503 0.0390267 0.954952 0.294182 0.0554481 -0.296022 0.95357 -0.116097 1.82392 0.680321</i>
                        <i>0.998899 -0.0119347 -0.0453736 0.02706 0.936592 0.349374 0.0383269 -0.350217 0.935884 -0.132737 1.78938 0.848685</i>
                        <i>0.999666 -0.00394995 -0.0255363 0.0143766 0.90619 0.422627 0.0214714 -0.422853 0.905944 -0.154148 1.72596 1.02509</i>
                        <i>0.999949 -0.000532883 -0.0100629 0.00532473 0.875747 0.482742 0.00855531 -0.482771 0.875705 -0.168166 1.67799 1.1972</i>
                        <i>0.999984 -0.00430854 -0.00368811 0.00557928 0.864099 0.503291 0.00101843 -0.503304 0.864109 -0.163354 1.71712 1.35734</i>
                        <i>0.999821 -0.00715981 -0.0175053 0.0144238 0.88734 0.46089 0.0122333 -0.46106 0.887284 -0.137143 1.82628 1.49742</i>
                        <i>0.998843 -0.00588168 -0.047717 0.0226956 0.932629 0.360121 0.0423842 -0.360788 0.931684 -0.106254 1.9324 1.61448</i>
                        <i>0.996931 -0.00580135 -0.078065 0.0247706 0.969385 0.244295 0.0742577 -0.245479 0.966554 -0.07562 1.97945 1.72586</i>
                        <i>0.995578 -0.00575418 -0.093762 0.0213163 0.985923 0.165833 0.0914879 -0.167098 0.981686 -0.048505 1.99331 1.85988</i>
                        <i>0.997088 -0.00434494 -0.0761398 0.0186568 0.981937 0.188285 0.0739464 -0.189157 0.979159 -0.0269784 1.95344 2.05347</i>
                        <i>0.999154 -0.00799697 -0.0403319 0.0187392 0.961675 0.273552 0.0365985 -0.274076 0.961011 -0.0099208 1.87956 2.27599</i>
                        <i>0.999689 -0.0137363 -0.0208088 0.0197343 0.945986 0.323608 0.0152397 -0.323918 0.945963 0.00515998 1.82313 2.46601</i>
                        <i>0.99936 -0.0201822 -0.0295256 0.0293632 0.934326 0.355209 0.0204176 -0.355849 0.93432 0.0275933 1.78043 2.63585</i>
                        <i>0.998493 -0.0286784 -0.0467977 0.0457811 0.905482 0.421907 0.0302749 -0.423414 0.90543 0.0541703 1.72519 2.81718</i>
                        <i>0.997963 -0.0288174 -0.0569111 0.0528813 0.872688 0.485406 0.0356775 -0.487427 0.872435 0.0690556 1.68521 2.9911</i>
                        <i>0.998402 -0.0193613 -0.0530865 0.0439684 0.856292 0.514617 0.0354939 -0.516129 0.855775 0.0630144 1.71197 3.14443</i>
                        <i>0.998995 -0.00880451 -0.0439521 0.0288892 0.876185 0.481109 0.0342743 -0.481895 0.875559 0.0422854 1.81038 3.2668</i>
                        <i>0.999232 -0.000261688 -0.0391908 0.0154107 0.92205 0.386764 0.0360346 -0.387071 0.921345 0.0144577 1.93256 3.35935</i>
                        <i>0.999225 0.00608684 -0.0389009 0.00477992 0.961919 0.273291 0.0390831 -0.273265 0.961145 -0.0173821 2.01221 3.44244</i>
                        <i>0.999081 0.0095435 -0.0417895 -0.0015055 0.982112 0.188293 0.0428389 -0.188057 0.981223 -0.0499568 2.0226 3.54514</i>
                        <i>0.998899 0.00530588 -0.0466205 0.00275506 0.985239 0.171161 0.0468405 -0.1711 0.98414 -0.0782479 1.98446 3.69272</i>
                        <i>0.998568 -0.00584352 -0.0531709 0.0166696 0.978511 0.205521 0.0508274 -0.206113 0.977207 -0.0990965 1.91947 3.87179</i>
                        <i>0.998039 -0.0162177 -0.0604648 0.031298 0.965751 0.257576 0.0542167 -0.258964 0.964364 -0.111968 1.8555 4.05832</i>
                        <i>0.997699 -0.0209029 -0.064503 0.0390267 0.954952 0.294182 0.0554481 -0.296022 0.95357 -0.116097 1.82392 4.2334</i>
                    </KeyFrames>
                </p>
            </i>
            <i>
                <p>
                    <Name>
                        <![CDATA[l_clav]]>
</Name>
                    <Exclude>0</Exclude>
                    <Additive>0</Additive>
                    <IKPriority>0</IKPriority>
                    <IKRotLimits>-1e+010 -1e+010 -1e+010 1e+010 1e+010 1e+010</IKRotLimits>
                    <IKRotLimitOrder>0</IKRotLimitOrder>
                    <KeyFrames count="24">
                        <i>0.675656 0.518768 0.523802 -0.730939 0.378872 0.567612 0.0960047 -0.766378 0.635175 -0.0262487 1.41184 0.419759</i>
                        <i>0.540013 0.593085 0.59719 -0.836239 0.297699 0.460522 0.0953455 -0.748081 0.656722 -0.0346262 1.38724 0.570534</i>
                        <i>0.38796 0.641864 0.661436 -0.918042 0.205445 0.339104 0.0817703 -0.738785 0.668963 -0.0472396 1.34066 0.722224</i>
                        <i>0.283573 0.653949 0.701383 -0.95694 0.145631 0.251114 0.0620725 -0.74239 0.667086 -0.0546745 1.30782 0.874486</i>
                        <i>0.2732 0.632833 0.724488 -0.960805 0.142664 0.237698 0.0470644 -0.761031 0.647006 -0.048561 1.34953 1.02953</i>
                        <i>0.331079 0.622226 0.709381 -0.942524 0.182125 0.280142 0.045116 -0.761357 0.646761 -0.027453 1.44099 1.18754</i>
                        <i>0.406404 0.656458 0.63553 -0.911367 0.241638 0.333199 0.0651627 -0.714614 0.696477 -0.0041433 1.51689 1.34422</i>
                        <i>0.472526 0.70331 0.531106 -0.875385 0.304749 0.375271 0.102078 -0.642248 0.759669 0.020557 1.53805 1.50063</i>
                        <i>0.534243 0.712435 0.454995 -0.835048 0.361081 0.415109 0.131448 -0.601712 0.787822 0.0452143 1.53989 1.66359</i>
                        <i>0.584201 0.666351 0.463342 -0.800819 0.380485 0.462515 0.131903 -0.641255 0.755906 0.0679808 1.50882 1.84351</i>
                        <i>0.623959 0.587278 0.515538 -0.773095 0.367646 0.516876 0.114015 -0.721069 0.683418 0.0880609 1.45769 2.02803</i>
                        <i>0.660491 0.533818 0.528006 -0.743337 0.365771 0.560056 0.105838 -0.762398 0.638395 0.104737 1.41556 2.19707</i>
                        <i>0.710342 0.495341 0.500051 -0.695158 0.382381 0.60872 0.110314 -0.780014 0.615961 0.121094 1.37855 2.35362</i>
                        <i>0.76165 0.440773 0.474983 -0.638219 0.383473 0.667551 0.112095 -0.811583 0.573382 0.136499 1.3371 2.50731</i>
                        <i>0.786698 0.411044 0.460596 -0.606277 0.373826 0.701913 0.116334 -0.831443 0.543295 0.144757 1.31176 2.65612</i>
                        <i>0.778059 0.425983 0.461696 -0.61538 0.369175 0.696432 0.126221 -0.825983 0.549381 0.141005 1.34368 2.79971</i>
                        <i>0.749681 0.478061 0.457642 -0.647747 0.388297 0.655477 0.135657 -0.787834 0.600762 0.126985 1.42739 2.93835</i>
                        <i>0.712911 0.55031 0.434645 -0.686761 0.422535 0.591459 0.141833 -0.720155 0.679161 0.106275 1.52077 3.07189</i>
                        <i>0.678316 0.614302 0.403138 -0.720761 0.449663 0.527548 0.142798 -0.64841 0.747779 0.080974 1.57493 3.20334</i>
                        <i>0.658195 0.645894 0.386782 -0.739806 0.459694 0.491293 0.139521 -0.60951 0.780405 0.05325 1.57304 3.34059</i>
                        <i>0.677988 0.616048 0.40102 -0.723704 0.463841 0.510983 0.128781 -0.636661 0.760315 0.0248839 1.53754 3.49147</i>
                        <i>0.719044 0.545861 0.430131 -0.686069 0.45883 0.56461 0.110842 -0.701079 0.704417 -0.000740942 1.48422 3.65149</i>
                        <i>0.733337 0.493641 0.467478 -0.673018 0.429757 0.60196 0.0962502 -0.75606 0.647386 -0.0191454 1.43478 3.81322</i>
                        <i>0.675656 0.518768 0.523802 -0.730939 0.378872 0.567612 0.0960047 -0.766378 0.635175 -0.0262487 1.41183 3.97284</i>
                    </KeyFrames>
                </p>
            </i>
            <i>
                <p>
                    <Name>
                        <![CDATA[l_shoulder]]>
</Name>
                    <Exclude>0</Exclude>
                    <Additive>0</Additive>
                    <IKPriority>0</IKPriority>
                    <IKRotLimits>-1e+010 -1e+010 -1e+010 1e+010 1e+010 1e+010</IKRotLimits>
                    <IKRotLimitOrder>0</IKRotLimitOrder>
                    <KeyFrames count="24">
                        <i>0.651442 0.0358622 -0.75785 0.756059 0.0525594 0.652389 0.0632283 -0.997974 0.00712548 0.107246 1.51433 0.523251</i>
                        <i>0.675223 0.0816003 -0.733086 0.731115 0.0575958 0.679819 0.0976961 -0.995 -0.0207691 0.0720687 1.50442 0.688526</i>
                        <i>0.699051 0.148021 -0.699584 0.700947 0.0516451 0.711341 0.141423 -0.987635 -0.0676524 0.0294129 1.46748 0.852909</i>
                        <i>0.722382 0.165068 -0.671503 0.678108 0.0210502 0.734661 0.135404 -0.986058 -0.0967274 0.00135348 1.43702 1.01306</i>
                        <i>0.736999 0.100079 -0.668444 0.674189 -0.0386554 0.737547 0.0479736 -0.994228 -0.0959608 0.00541752 1.47456 1.17267</i>
                        <i>0.719069 -0.0352063 -0.694046 0.690759 -0.0731551 0.719375 -0.0760996 -0.996699 -0.0282846 0.0379611 1.56393 1.3277</i>
                        <i>0.668744 -0.221997 -0.709576 0.717587 -0.0570152 0.694131 -0.194552 -0.973379 0.121173 0.0761534 1.64659 1.46979</i>
                        <i>0.608998 -0.393485 -0.688687 0.7427 -0.0218872 0.669267 -0.27842 -0.91907 0.278912 0.113918 1.67701 1.60556</i>
                        <i>0.573728 -0.463821 -0.67506 0.759924 -0.0060127 0.649984 -0.305535 -0.885908 0.349019 0.150769 1.68066 1.75349</i>
                        <i>0.605244 -0.337951 -0.720742 0.760003 -0.0240191 0.649476 -0.236802 -0.940857 0.242306 0.183406 1.64047 1.93506</i>
                        <i>0.653142 -0.103664 -0.750106 0.751069 -0.0374724 0.659159 -0.0964393 -0.993906 0.053384 0.211342 1.57373 2.12989</i>
                        <i>0.664131 0.0476171 -0.746098 0.74719 -0.00861836 0.664554 0.025214 -0.998828 -0.0413028 0.235236 1.52103 2.30139</i>
                        <i>0.644786 0.10715 -0.756816 0.759719 0.0191402 0.649969 0.0841296 -0.994059 -0.0690625 0.261443 1.47642 2.45242</i>
                        <i>0.614915 0.163506 -0.771457 0.779719 0.020293 0.625801 0.117977 -0.986334 -0.11501 0.286984 1.42419 2.60115</i>
                        <i>0.592982 0.196354 -0.780908 0.794065 0.0182375 0.607559 0.133538 -0.980363 -0.145103 0.300192 1.39297 2.74713</i>
                        <i>0.588555 0.187049 -0.786521 0.797467 0.0255524 0.602822 0.132854 -0.982018 -0.134126 0.294732 1.42784 2.89093</i>
                        <i>0.602953 0.110966 -0.790022 0.793344 0.020841 0.608416 0.0839783 -0.993606 -0.0754681 0.275105 1.52185 3.02877</i>
                        <i>0.622722 -0.0219808 -0.782134 0.7824 0.0070467 0.622736 -0.0081768 -0.999734 0.021586 0.247131 1.6295 3.15777</i>
                        <i>0.634904 -0.153356 -0.757218 0.766675 0.00399711 0.642024 -0.0954312 -0.988163 0.120112 0.214994 1.6963 3.28299</i>
                        <i>0.642244 -0.219959 -0.734262 0.754253 0.0107968 0.656496 -0.136474 -0.975449 0.172839 0.183295 1.70066 3.41701</i>
                        <i>0.648518 -0.187274 -0.737803 0.753331 0.0188989 0.65737 -0.109165 -0.982126 0.153336 0.15884 1.65926 3.57071</i>
                        <i>0.650566 -0.0988929 -0.752983 0.758289 0.0297866 0.651238 -0.041974 -0.994652 0.0943676 0.141327 1.59207 3.73647</i>
                        <i>0.649051 -0.00967469 -0.760683 0.760242 0.0445959 0.648107 0.0276531 -0.998958 0.0363003 0.125746 1.53231 3.90559</i>
                        <i>0.651442 0.0358622 -0.75785 0.756059 0.0525594 0.652389 0.0632283 -0.997974 0.00712548 0.107246 1.51433 4.07633</i>
                    </KeyFrames>
                </p>
            </i>
            <i>
                <p>
                    <Name>
                        <![CDATA[l_elbow]]>
</Name>
                    <Exclude>0</Exclude>
                    <Additive>0</Additive>
                    <IKPriority>0</IKPriority>
                    <IKRotLimits>-1e+010 -1e+010 -1e+010 1e+010 1e+010 1e+010</IKRotLimits>
                    <IKRotLimitOrder>0</IKRotLimitOrder>
                    <KeyFrames count="24">
                        <i>-0.0604576 -0.98745 0.145899 0.756171 0.0501046 0.652453 -0.651575 0.14977 0.743652 0.319145 1.526 0.27674</i>
                        <i>-0.0204387 -0.994507 0.10266 0.73131 0.0551453 0.679813 -0.681739 0.0889707 0.726165 0.291703 1.53096 0.45007</i>
                        <i>0.0343219 -0.998788 0.0352643 0.701247 0.0492083 0.711218 -0.712092 0.000318626 0.702087 0.256798 1.51563 0.625351</i>
                        <i>0.0630569 -0.997465 -0.0329605 0.678389 0.018616 0.734467 -0.731992 -0.0686732 0.677844 0.236328 1.49072 0.794639</i>
                        <i>0.0403107 -0.994913 -0.0923245 0.674253 -0.0411056 0.737356 -0.7374 -0.0919734 0.669165 0.245146 1.50712 0.955243</i>
                        <i>0.000703335 -0.994452 -0.105188 0.690515 -0.0756015 0.719356 -0.723317 -0.07314 0.686631 0.271858 1.55248 1.10194</i>
                        <i>-0.0202928 -0.99772 -0.0643675 0.717052 -0.0593887 0.694485 -0.696724 -0.0320618 0.716622 0.29368 1.57438 1.23898</i>
                        <i>-0.0215746 -0.999694 -0.0120834 0.74196 -0.0241109 0.670011 -0.670097 0.00548989 0.742253 0.312011 1.54902 1.38155</i>
                        <i>-0.0309316 -0.999244 0.0235661 0.759119 -0.00814788 0.6509 -0.650216 0.0380227 0.758797 0.33739 1.52979 1.53391</i>
                        <i>-0.0837475 -0.994823 0.0575704 0.759369 -0.0263034 0.650128 -0.645248 0.0981638 0.75764 0.380278 1.53054 1.70062</i>
                        <i>-0.134339 -0.986537 0.0932596 0.750785 -0.0399074 0.65934 -0.646742 0.158593 0.746038 0.423794 1.54001 1.8859</i>
                        <i>-0.13344 -0.981999 0.133682 0.747209 -0.0110757 0.664496 -0.651054 0.188559 0.735237 0.451262 1.53652 2.05871</i>
                        <i>-0.108399 -0.98242 0.151988 0.759886 0.0166911 0.649842 -0.640955 0.185936 0.744718 0.471177 1.51128 2.20624</i>
                        <i>-0.0828986 -0.987836 0.131563 0.779971 0.0178597 0.625561 -0.620301 0.154474 0.769002 0.487002 1.47737 2.35022</i>
                        <i>-0.0534703 -0.99396 0.0958356 0.794356 0.0158168 0.607246 -0.605094 0.108597 0.788713 0.493075 1.45684 2.49311</i>
                        <i>-0.0249349 -0.997144 0.0712881 0.797755 0.0231279 0.602538 -0.602466 0.0718946 0.7949 0.486176 1.48869 2.63509</i>
                        <i>-0.0311042 -0.997011 0.070722 0.79351 0.0183922 0.608279 -0.607762 0.0750387 0.790566 0.471232 1.55794 2.77179</i>
                        <i>-0.0657691 -0.993774 0.089937 0.782335 0.0045915 0.62284 -0.619375 0.111325 0.777162 0.449689 1.62235 2.90336</i>
                        <i>-0.0957358 -0.988548 0.116651 0.766392 0.00157983 0.642371 -0.635199 0.150898 0.757464 0.421514 1.64642 3.03669</i>
                        <i>-0.106959 -0.985007 0.135353 0.753868 0.00841595 0.656972 -0.648262 0.172308 0.741665 0.392202 1.62911 3.17817</i>
                        <i>-0.107808 -0.983083 0.148071 0.753014 0.0164989 0.657798 -0.649113 0.182415 0.738497 0.369788 1.59834 3.33072</i>
                        <i>-0.103179 -0.981503 0.161265 0.758139 0.027349 0.651519 -0.643878 0.189484 0.741294 0.352941 1.55991 3.49155</i>
                        <i>-0.0863423 -0.982485 0.165133 0.760266 0.0421417 0.648244 -0.643848 0.181516 0.743311 0.336868 1.52917 3.65815</i>
                        <i>-0.0604576 -0.98745 0.145899 0.756171 0.0501046 0.652453 -0.651575 0.14977 0.743652 0.319145 1.526 3.82982</i>
                    </KeyFrames>
                </p>
            </i>
            <i>
                <p>
                    <Name>
                        <![CDATA[l_wrist]]>
</Name>
                    <Exclude>0</Exclude>
                    <Additive>0</Additive>
                    <IKPriority>0</IKPriority>
                    <IKRotLimits>-1e+010 -1e+010 -1e+010 1e+010 1e+010 1e+010</IKRotLimits>
                    <IKRotLimitOrder>0</IKRotLimitOrder>
                    <KeyFrames count="24">
                        <i>-0.243418 -0.606729 0.756722 0.966118 -0.0826455 0.244511 -0.0858122 0.790601 0.606289 0.29948 1.2048 0.324197</i>
                        <i>-0.209932 -0.570227 0.79421 0.975306 -0.0651376 0.211033 -0.0686037 0.818901 0.56982 0.285055 1.20747 0.483463</i>
                        <i>-0.230504 -0.565558 0.791841 0.967098 -0.043122 0.250722 -0.107652 0.82358 0.55689 0.267963 1.19074 0.636821</i>
                        <i>-0.272818 -0.580096 0.767502 0.953264 -0.0553302 0.297029 -0.129839 0.812667 0.56808 0.256839 1.16626 0.783917</i>
                        <i>-0.321757 -0.596098 0.735622 0.940411 -0.11094 0.321433 -0.109995 0.795211 0.596273 0.258259 1.1835 0.925212</i>
                        <i>-0.362279 -0.595302 0.717195 0.92901 -0.168327 0.329556 -0.0754619 0.785673 0.614023 0.272087 1.22901 1.06773</i>
                        <i>-0.368796 -0.5834 0.723625 0.928704 -0.198854 0.312995 -0.0387054 0.787465 0.615143 0.28708 1.24984 1.21804</i>
                        <i>-0.346495 -0.572219 0.743308 0.938038 -0.207097 0.277839 -0.00504805 0.793521 0.608522 0.304994 1.22384 1.37762</i>
                        <i>-0.31538 -0.570776 0.758123 0.948806 -0.204323 0.240874 0.0174166 0.795278 0.605995 0.327329 1.20475 1.54157</i>
                        <i>-0.301815 -0.589238 0.74947 0.95336 -0.183732 0.239472 -0.00340452 0.786792 0.617209 0.353037 1.20695 1.71934</i>
                        <i>-0.290516 -0.606862 0.73981 0.955627 -0.14461 0.256642 -0.0487624 0.781541 0.621946 0.380096 1.21911 1.91623</i>
                        <i>-0.251933 -0.580804 0.774077 0.966081 -0.104057 0.236348 -0.0567237 0.807365 0.587319 0.407858 1.21709 2.10219</i>
                        <i>-0.208564 -0.530048 0.821919 0.977813 -0.0961956 0.186087 -0.0195702 0.842494 0.538351 0.435917 1.19172 2.25568</i>
                        <i>-0.195084 -0.509497 0.838066 0.980705 -0.11235 0.159984 0.0126456 0.853106 0.521584 0.460037 1.15605 2.39301</i>
                        <i>-0.218143 -0.507728 0.833442 0.975812 -0.126016 0.178638 0.0143274 0.852251 0.522937 0.475683 1.13353 2.52429</i>
                        <i>-0.264428 -0.51937 0.812608 0.963746 -0.111162 0.242561 -0.0356479 0.847288 0.529936 0.478065 1.16434 2.65828</i>
                        <i>-0.294787 -0.545699 0.784419 0.951579 -0.0927631 0.293073 -0.0871644 0.832831 0.546621 0.461115 1.23364 2.7948</i>
                        <i>-0.281106 -0.574488 0.768728 0.954531 -0.0845357 0.285874 -0.0992463 0.814136 0.57213 0.428296 1.2991 2.93261</i>
                        <i>-0.236734 -0.591166 0.771025 0.967327 -0.0692924 0.243877 -0.0907459 0.803568 0.588255 0.390374 1.32486 3.07463</i>
                        <i>-0.202975 -0.596987 0.776149 0.975215 -0.0519575 0.215071 -0.0880677 0.800566 0.592737 0.357411 1.30871 3.2222</i>
                        <i>-0.211219 -0.616525 0.758475 0.97083 -0.0422441 0.236018 -0.11347 0.786201 0.607464 0.33472 1.27856 3.37888</i>
                        <i>-0.244052 -0.642832 0.726089 0.959168 -0.0496399 0.278446 -0.142951 0.764397 0.628699 0.319379 1.24064 3.544</i>
                        <i>-0.269169 -0.646209 0.714116 0.952462 -0.0687439 0.296801 -0.142705 0.760058 0.633993 0.308783 1.20959 3.71187</i>
                        <i>-0.243418 -0.606729 0.756722 0.966118 -0.0826455 0.244511 -0.0858122 0.790601 0.606289 0.29948 1.2048 3.87727</i>
                    </KeyFrames>
                </p>
            </i>
            <i>
                <p>
