<?xml version="1.0" encoding="ISO-8859-1" ?>
<Animl Version="1">
    <ModellingPackage><![CDATA[Maya.2010]]></ModellingPackage>
    <SrcFile><![CDATA[anims\bosses\red\~src\sub_harpoon\sub_harpoon_deploy.mb]]></SrcFile>
    <FramesPerSecond>30</FramesPerSecond>
    <TotalFrames>185</TotalFrames>
    <Skeleton>
        <RefFrame>
            <Name><![CDATA[soldier_ref_frame]]></Name>
            <Exclude>0</Exclude>
            <Additive>0</Additive>
            <IKPriority>0</IKPriority>
            <IKRotLimits>-1e+010 -1e+010 -1e+010 1e+010 1e+010 1e+010</IKRotLimits>
            <IKRotLimitOrder>0</IKRotLimitOrder>
            <KeyFrames count="185">
                <i>1 0 0 0 1 0 0 0 1 0 0 0</i>
                <i>1 0 0 0 1 0 0 0 1 0 0 0</i>
                <i>1 0 0 0 1 0 0 0 1 0 0 0</i>
                <i>1 0 0 0 1 0 0 0 1 0 0 0</i>
                <i>1 0 0 0 1 0 0 0 1 0 0 0</i>
                <i>1 0 0 0 1 0 0 0 1 0.000318418 0.0109628 0.101214</i>
                <i>1 0 0 0 1 0 0 0 1 0.00114923 0.0400901 0.368101</i>
                <i>1 0 0 0 1 0 0 0 1 0.00230577 0.0817401 0.745529</i>
                <i>1 0 0 0 1 0 0 0 1 0.00360137 0.130271 1.17837</i>
                <i>1 0 0 0 1 0 0 0 1 0.00484937 0.180041 1.61148</i>
                <i>1 0 0 0 1 0 0 0 1 0.00586311 0.225409 1.98973</i>
                <i>1 0 0 0 1 0 0 0 1 0.00584067 0.289 2.32714</i>
                <i>1 0 0 0 1 0 0 0 1 0.00581676 0.358528 2.654</i>
                <i>1 0 0 0 1 0 0 0 1 0.00579141 0.43066 2.97164</i>
                <i>1 0 0 0 1 0 0 0 1 0.00576464 0.515601 3.27569</i>
                <i>1 0 0 0 1 0 0 0 1 0.00573647 0.62571 3.56099</i>
                <i>1 0 0 0 1 0 0 0 1 0.00570694 0.748773 3.83271</i>
                <i>1 0 0 0 1 0 0 0 1 0.00567607 0.858077 4.10181</i>
                <i>1 0 0 0 1 0 0 0 1 0.00564388 0.939758 4.37368</i>
                <i>1 0 0 0 1 0 0 0 1 0.00561041 1.00758 4.6466</i>
                <i>1 0 0 0 1 0 0 0 1 0.00557567 1.07625 4.91874</i>
                <i>1 0 0 0 1 0 0 0 1 0.0055397 1.14654 5.18983</i>
                <i>1 0 0 0 1 0 0 0 1 0.00550252 1.21771 5.46018</i>
                <i>1 0 0 0 1 0 0 0 1 0.00546416 1.30227 5.7249</i>
                <i>1 0 0 0 1 0 0 0 1 0.00542464 1.41721 5.97754</i>
                <i>1 0 0 0 1 0 0 0 1 0.00538399 1.54568 6.22488</i>
                <i>1 0 0 0 1 0 0 0 1 0.00534224 1.6493 6.48173</i>
                <i>1 0 0 0 1 0 0 0 1 0.00529941 1.70048 6.75831</i>
                <i>1 0 0 0 1 0 0 0 1 0.00525553 1.72662 7.04385</i>
                <i>1 0 0 0 1 0 0 0 1 0.00521063 1.77185 7.32168</i>
                <i>1 0 0 0 1 0 0 0 1 0.00516473 1.85641 7.58449</i>
                <i>1 0 0 0 1 0 0 0 1 0.00511785 1.96023 7.84002</i>
                <i>1 0 0 0 1 0 0 0 1 0.00507003 2.06709 8.09436</i>
                <i>1 0 0 0 1 0 0 0 1 0.00502129 2.17832 8.34706</i>
                <i>1 0 0 0 1 0 0 0 1 0.00497165 2.29263 8.59862</i>
                <i>1 0 0 0 1 0 0 0 1 0.00492115 2.38968 8.8563</i>
                <i>1 0 0 0 1 0 0 0 1 0.00486981 2.45209 9.12604</i>
                <i>1 0 0 0 1 0 0 0 1 0.00481765 2.49714 9.40153</i>
                <i>1 0 0 0 1 0 0 0 1 0.0047647 2.55654 9.67165</i>
                <i>1 0 0 0 1 0 0 0 1 0.00471099 2.64632 9.93108</i>
                <i>1 0 0 0 1 0 0 0 1 0.00465655 2.75059 10.1855</i>
                <i>1 0 0 0 1 0 0 0 1 0.0046014 2.85326 10.4404</i>
                <i>1 0 0 0 1 0 0 0 1 0.00454556 2.95318 10.6962</i>
                <i>1 0 0 0 1 0 0 0 1 0.00448907 3.05152 10.9525</i>
                <i>1 0 0 0 1 0 0 0 1 0.00443194 3.13556 11.2134</i>
                <i>1 0 0 0 1 0 0 0 1 0.00437421 3.18993 11.4839</i>
                <i>1 0 0 0 1 0 0 0 1 0.00431591 3.22993 11.7586</i>
                <i>1 0 0 0 1 0 0 0 1 0.00425705 3.28897 12.0269</i>
                <i>1 0 0 0 1 0 0 0 1 0.00419767 3.38637 12.283</i>
                <i>1 0 0 0 1 0 0 0 1 0.00413778 3.50297 12.533</i>
                <i>1 0 0 0 1 0 0 0 1 0.00407743 3.61454 12.7846</i>
                <i>1 0 0 0 1 0 0 0 1 0.00401662 3.71519 13.0397</i>
                <i>1 0 0 0 1 0 0 0 1 0.0039554 3.81081 13.2964</i>
                <i>1 0 0 0 1 0 0 0 1 0.00389378 3.89469 13.5566</i>
                <i>1 0 0 0 1 0 0 0 1 0.0038318 3.95379 13.824</i>
                <i>1 0 0 0 1 0 0 0 1 0.00376947 4.00111 14.0948</i>
                <i>1 0 0 0 1 0 0 0 1 0.00370683 4.06908 14.3592</i>
                <i>1 0 0 0 1 0 0 0 1 0.00364389 4.18145 14.6107</i>
                <i>1 0 0 0 1 0 0 0 1 0.0035807 4.31463 14.8564</i>
                <i>1 0 0 0 1 0 0 0 1 0.00351727 4.43004 15.1074</i>
                <i>1 0 0 0 1 0 0 0 1 0.00345363 4.50771 15.3691</i>
                <i>1 0 0 0 1 0 0 0 1 0.0033898 4.56752 15.6356</i>
                <i>1 0 0 0 1 0 0 0 1 0.00332582 4.6307 15.9011</i>
                <i>1 0 0 0 1 0 0 0 1 0.00326171 4.70079 16.1645</i>
                <i>1 0 0 0 1 0 0 0 1 0.00319749 4.77429 16.4269</i>
                <i>1 0 0 0 1 0 0 0 1 0.00313319 4.86189 16.6855</i>
                <i>1 0 0 0 1 0 0 0 1 0.00306884 4.97653 16.9371</i>
                <i>1 0 0 0 1 0 0 0 1 0.00300446 5.10538 17.1851</i>
                <i>1 0 0 0 1 0 0 0 1 0.00294008 5.22044 17.437</i>
                <i>1 0 0 0 1 0 0 0 1 0.00287573 5.30723 17.6961</i>
                <i>1 0 0 0 1 0 0 0 1 0.00281143 5.38017 17.9588</i>
                <i>1 0 0 0 1 0 0 0 1 0.00274722 5.45467 18.221</i>
                <i>1 0 0 0 1 0 0 0 1 0.0026831 5.53153 18.4826</i>
                <i>1 0 0 0 1 0 0 0 1 0.00261912 5.60998 18.7438</i>
                <i>1 0 0 0 1 0 0 0 1 0.00255529 5.70307 19.0014</i>
                <i>1 0 0 0 1 0 0 0 1 0.00249165 5.82854 19.2515</i>
                <i>1 0 0 0 1 0 0 0 1 0.00242822 5.96976 19.4985</i>
                <i>1 0 0 0 1 0 0 0 1 0.00236503 6.08761 19.7516</i>
                <i>1 0 0 0 1 0 0 0 1 0.0023021 6.15322 20.0171</i>
                <i>1 0 0 0 1 0 0 0 1 0.00223945 6.19512 20.2883</i>
                <i>1 0 0 0 1 0 0 0 1 0.00217713 6.2592 20.5547</i>
                <i>1 0 0 0 1 0 0 0 1 0.00211514 6.3664 20.8118</i>
                <i>1 0 0 0 1 0 0 0 1 0.00205352 6.49568 21.0646</i>
                <i>1 0 0 0 1 0 0 0 1 0.0019923 6.62998 21.3167</i>
                <i>1 0 0 0 1 0 0 0 1 0.0019315 6.77061 21.5681</i>
                <i>1 0 0 0 1 0 0 0 1 0.00187114 6.91607 21.8189</i>
                <i>1 0 0 0 1 0 0 0 1 0.00181126 7.04512 22.0736</i>
                <i>1 0 0 0 1 0 0 0 1 0.00175187 7.13959 22.3356</i>
                <i>1 0 0 0 1 0 0 0 1 0.00169301 7.21738 22.6011</i>
                <i>1 0 0 0 1 0 0 0 1 0.00163471 7.3113 22.8634</i>
                <i>1 0 0 0 1 0 0 0 1 0.00157698 7.43786 23.1195</i>
                <i>1 0 0 0 1 0 0 0 1 0.00151985 7.58042 23.3728</i>
                <i>1 0 0 0 1 0 0 0 1 0.00146336 7.72217 23.6266</i>
                <i>1 0 0 0 1 0 0 0 1 0.00140752 7.86179 23.881</i>
                <i>1 0 0 0 1 0 0 0 1 0.00135237 8.00039 24.1359</i>
                <i>1 0 0 0 1 0 0 0 1 0.00129793 8.12468 24.3935</i>
                <i>1 0 0 0 1 0 0 0 1 0.00124422 8.21866 24.6566</i>
                <i>1 0 0 0 1 0 0 0 1 0.00119127 8.29807 24.9222</i>
                <i>1 0 0 0 1 0 0 0 1 0.00113912 8.39739 25.1842</i>
                <i>1 0 0 0 1 0 0 0 1 0.00108777 8.53644 25.4394</i>
                <i>1 0 0 0 1 0 0 0 1 0.00103727 8.69565 25.6915</i>
                <i>1 0 0 0 1 0 0 0 1 0.000987635 8.85027 25.9448</i>
                <i>1 0 0 0 1 0 0 0 1 0.000938894 8.99422 26.2</i>
                <i>1 0 0 0 1 0 0 0 1 0.000891072 9.13354 26.4563</i>
                <i>1 0 0 0 1 0 0 0 1 0.000844197 9.26131 26.7146</i>
                <i>1 0 0 0 1 0 0 0 1 0.000798293 9.36407 26.9768</i>
                <i>1 0 0 0 1 0 0 0 1 0.000753388 9.45521 27.2407</i>
                <i>1 0 0 0 1 0 0 0 1 0.000709508 9.56816 27.5014</i>
                <i>1 0 0 0 1 0 0 0 1 0.000666679 9.72733 27.7556</i>
                <i>1 0 0 0 1 0 0 0 1 0.000624928 9.90835 28.0071</i>
                <i>1 0 0 0 1 0 0 0 1 0.00058428 10.0715 28.2615</i>
                <i>1 0 0 0 1 0 0 0 1 0.000544762 10.1961 28.5213</i>
                <i>1 0 0 0 1 0 0 0 1 0.0005064 10.3027 28.7837</i>
                <i>1 0 0 0 1 0 0 0 1 0.000469221 10.4132 29.0456</i>
                <i>1 0 0 0 1 0 0 0 1 0.000433251 10.5311 29.3065</i>
                <i>1 0 0 0 1 0 0 0 1 0.000398516 10.6528 29.5671</i>
                <i>1 0 0 0 1 0 0 0 1 0.000365042 10.7892 29.826</i>
                <i>1 0 0 0 1 0 0 0 1 0.000332856 10.9536 30.0817</i>
                <i>1 0 0 0 1 0 0 0 1 0.000301983 11.1329 30.3361</i>
                <i>1 0 0 0 1 0 0 0 1 0.000272451 11.2981 30.5924</i>
                <i>1 0 0 0 1 0 0 0 1 0.000244285 11.4345 30.8522</i>
                <i>1 0 0 0 1 0 0 0 1 0.000217512 11.5568 31.1137</i>
                <i>1 0 0 0 1 0 0 0 1 0.000192158 11.6808 31.375</i>
                <i>1 0 0 0 1 0 0 0 1 0.00016825 11.8074 31.6362</i>
                <i>1 0 0 0 1 0 0 0 1 0.000145813 11.9356 31.8973</i>
                <i>1 0 0 0 1 0 0 0 1 0.000124874 12.0789 32.1571</i>
                <i>1 0 0 0 1 0 0 0 1 0.000105458 12.2553 32.4139</i>
                <i>1 0 0 0 1 0 0 0 1 8.75935e-005 12.4501 32.6698</i>
                <i>1 0 0 0 1 0 0 0 1 7.13054e-005 12.625 32.9284</i>
                <i>1 0 0 0 1 0 0 0 1 5.66204e-005 12.7496 33.1919</i>
                <i>1 0 0 0 1 0 0 0 1 4.35646e-005 12.8521 33.4576</i>
                <i>1 0 0 0 1 0 0 0 1 3.21643e-005 12.9785 33.7215</i>
                <i>1 0 0 0 1 0 0 0 1 2.24458e-005 13.1493 33.9821</i>
                <i>1 0 0 0 1 0 0 0 1 1.44354e-005 13.3419 34.2413</i>
                <i>1 0 0 0 1 0 0 0 1 8.15933e-006 13.5382 34.5006</i>
                <i>1 0 0 0 1 0 0 0 1 3.64389e-006 13.7422 34.7596</i>
                <i>1 0 0 0 1 0 0 0 1 9.15352e-007 13.9477 35.0187</i>
                <i>1 0 0 0 1 0 0 0 1 1.15887e-042 14.1206 35.2801</i>
                <i>1 0 0 0 1 0 0 0 1 1.15887e-042 14.0882 35.3279</i>
                <i>1 0 0 0 1 0 0 0 1 1.15887e-042 14.0391 35.4433</i>
                <i>1 0 0 0 1 0 0 0 1 1.15887e-042 13.9866 35.5956</i>
                <i>1 0 0 0 1 0 0 0 1 1.15887e-042 13.9443 35.754</i>
                <i>1 0 0 0 1 0 0 0 1 1.15887e-042 13.9257 35.8879</i>
                <i>1 0 0 0 1 0 0 0 1 0.000850261 13.9414 35.9967</i>
                <i>1 0 0 0 1 0 0 0 1 0.00272083 13.9829 36.1012</i>
                <i>1 0 0 0 1 0 0 0 1 0.00459141 14.0345 36.203</i>
                <i>1 0 0 0 1 0 0 0 1 0.00544167 14.0808 36.3033</i>
                <i>1 0 0 0 1 0 0 0 1 0.0042513 14.1063 36.4035</i>
                <i>1 0 0 0 1 0 0 0 1 -3.15544e-032 14.0954 36.5051</i>
                <i>1 0 0 0 1 0 0 0 1 -0.00757431 14.0454 36.6138</i>
                <i>1 0 0 0 1 0 0 0 1 -0.0175516 13.9695 36.7312</i>
                <i>1 0 0 0 1 0 0 0 1 -0.0291785 13.8761 36.852</i>
                <i>1 0 0 0 1 0 0 0 1 -0.0417025 13.7739 36.971</i>
                <i>1 0 0 0 1 0 0 0 1 -0.0543701 13.6713 37.0831</i>
                <i>1 0 0 0 1 0 0 0 1 -0.0664288 13.5769 37.1831</i>
                <i>1 0 0 0 1 0 0 0 1 -0.077125 13.4391 37.3234</i>
                <i>1 0 0 0 1 0 0 0 1 -0.0857064 13.2694 37.4963</i>
                <i>1 0 0 0 1 0 0 0 1 -0.0925645 13.0952 37.6764</i>
                <i>1 0 0 0 1 0 0 0 1 -0.0985851 12.9159 37.8629</i>
                <i>1 0 0 0 1 0 0 0 1 -0.103754 12.7352 38.0515</i>
                <i>1 0 0 0 1 0 0 0 1 -0.108059 12.5547 38.2401</i>
                <i>1 0 0 0 1 0 0 0 1 -0.111486 12.375 38.4276</i>
                <i>1 0 0 0 1 0 0 0 1 -0.114021 12.1959 38.6133</i>
                <i>1 0 0 0 1 0 0 0 1 -0.115651 12.0173 38.797</i>
                <i>1 0 0 0 1 0 0 0 1 -0.116362 11.8385 38.9787</i>
                <i>1 0 0 0 1 0 0 0 1 -0.114957 11.659 39.1582</i>
                <i>1 0 0 0 1 0 0 0 1 -0.110931 11.4781 39.3358</i>
                <i>1 0 0 0 1 0 0 0 1 -0.105313 11.295 39.5116</i>
                <i>1 0 0 0 1 0 0 0 1 -0.0991289 11.1091 39.6857</i>
                <i>1 0 0 0 1 0 0 0 1 -0.093407 10.9198 39.8581</i>
                <i>1 0 0 0 1 0 0 0 1 -0.0891749 10.7089 40.0103</i>
                <i>1 0 0 0 1 0 0 0 1 -0.0883308 10.4745 40.1341</i>
                <i>1 0 0 0 1 0 0 0 1 -0.0897135 10.2405 40.2449</i>
                <i>1 0 0 0 1 0 0 0 1 -0.089762 10.0312 40.3578</i>
                <i>1 0 0 0 1 0 0 0 1 -0.0849149 9.87186 40.4874</i>
                <i>1 0 0 0 1 0 0 0 1 -0.0735156 9.81296 40.654</i>
                <i>1 0 0 0 1 0 0 0 1 -0.0580131 9.86269 40.8674</i>
                <i>1 0 0 0 1 0 0 0 1 -0.0410018 9.98312 41.1259</i>
                <i>1 0 0 0 1 0 0 0 1 -0.0250782 10.1363 41.428</i>
                <i>1 0 0 0 1 0 0 0 1 -0.012837 10.2842 41.7719</i>
                <i>1 0 0 0 1 0 0 0 1 -0.00472875 10.4192 42.0607</i>
                <i>1 0 0 0 1 0 0 0 1 0.000976813 10.5536 42.3482</i>
                <i>1 0 0 0 1 0 0 0 1 0.00495512 10.6797 42.618</i>
                <i>1 0 0 0 1 0 0 0 1 0.00788102 10.7897 42.8533</i>
                <i>1 0 0 0 1 0 0 0 1 0.0104298 10.8759 43.0378</i>
            </KeyFrames>
        </RefFrame>
        <Bones count="23">
            <i>
                <p>
                    <Name><![CDATA[pelvis]]></Name>
                    <Exclude>0</Exclude>
                    <Additive>0</Additive>
                    <IKPriority>0</IKPriority>
                    <IKRotLimits>-1e+010 -1e+010 -1e+010 1e+010 1e+010 1e+010</IKRotLimits>
                    <IKRotLimitOrder>2</IKRotLimitOrder>
                    <KeyFrames count="185">
                        <i>1 0 0 0 1 0 0 0 1 0.00600076 -0.78634 -2.48043</i>
                        <i>1 0 0 0 1 0 0 0 1 0.00599449 -0.397961 -1.76328</i>
                        <i>1 0 0 0 1 0 0 0 1 0.00598648 -0.00966952 -1.04608</i>
                        <i>1 0 0 0 1 0 0 0 1 0.00597676 0.316045 -0.505549</i>
                        <i>1 0 0 0 1 0 0 0 1 0.00596536 0.563414 -0.116094</i>
                        <i>1 0 0 0 1 0 0 0 1 0.0059523 0.780162 0.259333</i>
                        <i>1 0 0 0 1 0 0 0 1 0.00593762 0.997806 0.611564</i>
                        <i>1 0 0 0 1 0 0 0 1 0.00592133 1.19458 0.949866</i>
                        <i>1 0 0 0 1 0 0 0 1 0.00590346 1.33698 1.28923</i>
                        <i>1 0 0 0 1 0 0 0 1 0.00588405 1.4195 1.63737</i>
                        <i>1 0 0 0 1 0 0 0 1 0.00586311 1.4763 1.9859</i>
                        <i>1 0 0 0 1 0 0 0 1 0.00584067 1.53536 2.32553</i>
                        <i>1 0 0 0 1 0 0 0 1 0.00581676 1.60001 2.65474</i>
                        <i>1 0 0 0 1 0 0 0 1 0.00579141 1.66699 2.97484</i>
                        <i>1 0 0 0 1 0 0 0 1 0.00576464 1.74731 3.28105</i>
                        <i>1 0 0 0 1 0 0 0 1 0.00573647 1.8525 3.56862</i>
                        <i>1 0 0 0 1 0 0 0 1 0.00570694 1.97119 3.84231</i>
                        <i>1 0 0 0 1 0 0 0 1 0.00567607 2.08007 4.11153</i>
                        <i>1 0 0 0 1 0 0 0 1 0.00564388 2.16815 4.38039</i>
                        <i>1 0 0 0 1 0 0 0 1 0.00561041 2.24636 4.64853</i>
                        <i>1 0 0 0 1 0 0 0 1 0.00557567 2.32424 4.91651</i>
                        <i>1 0 0 0 1 0 0 0 1 0.0055397 2.4013 5.18459</i>
                        <i>1 0 0 0 1 0 0 0 1 0.00550252 2.47805 5.45251</i>
                        <i>1 0 0 0 1 0 0 0 1 0.00546416 2.56556 5.716</i>
                        <i>1 0 0 0 1 0 0 0 1 0.00542464 2.6796 5.96911</i>
                        <i>1 0 0 0 1 0 0 0 1 0.00538399 2.80452 6.21805</i>
                        <i>1 0 0 0 1 0 0 0 1 0.00534224 2.9042 6.47664</i>
                        <i>1 0 0 0 1 0 0 0 1 0.00529941 2.95189 6.75476</i>
                        <i>1 0 0 0 1 0 0 0 1 0.00525553 2.97415 7.04196</i>
                        <i>1 0 0 0 1 0 0 0 1 0.00521063 3.01489 7.32168</i>
                        <i>1 0 0 0 1 0 0 0 1 0.00516473 3.09337 7.58701</i>
                        <i>1 0 0 0 1 0 0 0 1 0.00511785 3.19051 7.84527</i>
                        <i>1 0 0 0 1 0 0 0 1 0.00507003 3.29272 8.10145</i>
                        <i>1 0 0 0 1 0 0 0 1 0.00502129 3.40186 8.35493</i>
                        <i>1 0 0 0 1 0 0 0 1 0.00497165 3.51615 8.60644</i>
                        <i>1 0 0 0 1 0 0 0 1 0.00492115 3.61649 8.86274</i>
                        <i>1 0 0 0 1 0 0 0 1 0.00486981 3.68804 9.12883</i>
                        <i>1 0 0 0 1 0 0 0 1 0.00481765 3.74557 9.39942</i>
                        <i>1 0 0 0 1 0 0 0 1 0.0047647 3.81449 9.66589</i>
                        <i>1 0 0 0 1 0 0 0 1 0.00471099 3.90826 9.92383</i>
                        <i>1 0 0 0 1 0 0 0 1 0.00465655 4.01354 10.1779</i>
                        <i>1 0 0 0 1 0 0 0 1 0.0046014 4.11547 10.4332</i>
                        <i>1 0 0 0 1 0 0 0 1 0.00454556 4.21279 10.69</i>
                        <i>1 0 0 0 1 0 0 0 1 0.00448907 4.30678 10.948</i>
                        <i>1 0 0 0 1 0 0 0 1 0.00443194 4.38629 11.2106</i>
                        <i>1 0 0 0 1 0 0 0 1 0.00437421 4.43654 11.4826</i>
                        <i>1 0 0 0 1 0 0 0 1 0.00431591 4.47223 11.7589</i>
                        <i>1 0 0 0 1 0 0 0 1 0.00425705 4.52662 12.0289</i>
                        <i>1 0 0 0 1 0 0 0 1 0.00419767 4.61769 12.2871</i>
                        <i>1 0 0 0 1 0 0 0 1 0.00413778 4.7276 12.5394</i>
                        <i>1 0 0 0 1 0 0 0 1 0.00407743 4.83596 12.7921</i>
                        <i>1 0 0 0 1 0 0 0 1 0.00401662 4.9389 13.0464</i>
                        <i>1 0 0 0 1 0 0 0 1 0.0039554 5.04029 13.301</i>
                        <i>1 0 0 0 1 0 0 0 1 0.00389378 5.13126 13.5587</i>
                        <i>1 0 0 0 1 0 0 0 1 0.0038318 5.19961 13.8231</i>
                        <i>1 0 0 0 1 0 0 0 1 0.00376947 5.25748 14.0903</i>
                        <i>1 0 0 0 1 0 0 0 1 0.00370683 5.33257 14.3525</i>
                        <i>1 0 0 0 1 0 0 0 1 0.00364389 5.44621 14.6037</i>
                        <i>1 0 0 0 1 0 0 0 1 0.0035807 5.57721 14.8501</i>
                        <i>1 0 0 0 1 0 0 0 1 0.00351727 5.68947 15.1022</i>
                        <i>1 0 0 0 1 0 0 0 1 0.00345363 5.7636 15.365</i>
                        <i>1 0 0 0 1 0 0 0 1 0.0033898 5.8189 15.633</i>
                        <i>1 0 0 0 1 0 0 0 1 0.00332582 5.87726 15.9</i>
                        <i>1 0 0 0 1 0 0 0 1 0.00326171 5.94218 16.165</i>
                        <i>1 0 0 0 1 0 0 0 1 0.00319749 6.01021 16.4291</i>
                        <i>1 0 0 0 1 0 0 0 1 0.00313319 6.09293 16.6892</i>
                        <i>1 0 0 0 1 0 0 0 1 0.00306884 6.20237 16.9422</i>
                        <i>1 0 0 0 1 0 0 0 1 0.00300446 6.32661 17.1916</i>
                        <i>1 0 0 0 1 0 0 0 1 0.00294008 6.44124 17.4435</i>
                        <i>1 0 0 0 1 0 0 0 1 0.00287573 6.53479 17.7006</i>
                        <i>1 0 0 0 1 0 0 0 1 0.00281143 6.61872 17.9601</i>
                        <i>1 0 0 0 1 0 0 0 1 0.00274722 6.70293 18.2195</i>
                        <i>1 0 0 0 1 0 0 0 1 0.0026831 6.78693 18.4791</i>
                        <i>1 0 0 0 1 0 0 0 1 0.00261912 6.87125 18.7387</i>
                        <i>1 0 0 0 1 0 0 0 1 0.00255529 6.96744 18.9956</i>
                        <i>1 0 0 0 1 0 0 0 1 0.00249165 7.09194 19.246</i>
                        <i>1 0 0 0 1 0 0 0 1 0.00242822 7.22942 19.494</i>
                        <i>1 0 0 0 1 0 0 0 1 0.00236503 7.34311 19.7482</i>
                        <i>1 0 0 0 1 0 0 0 1 0.0023021 7.40505 20.0148</i>
                        <i>1 0 0 0 1 0 0 0 1 0.00223945 7.44288 20.2871</i>
                        <i>1 0 0 0 1 0 0 0 1 0.00217713 7.50224 20.5547</i>
                        <i>1 0 0 0 1 0 0 0 1 0.00211514 7.60307 20.8134</i>
                        <i>1 0 0 0 1 0 0 0 1 0.00205352 7.72534 21.068</i>
                        <i>1 0 0 0 1 0 0 0 1 0.0019923 7.8548 21.3213</i>
                        <i>1 0 0 0 1 0 0 0 1 0.0019315 7.99324 21.5732</i>
                        <i>1 0 0 0 1 0 0 0 1 0.00187114 8.13869 21.824</i>
                        <i>1 0 0 0 1 0 0 0 1 0.00181126 8.27119 22.0778</i>
                        <i>1 0 0 0 1 0 0 0 1 0.00175187 8.37523 22.3374</i>
                        <i>1 0 0 0 1 0 0 0 1 0.00169301 8.46605 22.5998</i>
                        <i>1 0 0 0 1 0 0 0 1 0.00163471 8.56989 22.8597</i>
                        <i>1 0 0 0 1 0 0 0 1 0.00157698 8.70062 23.1149</i>
                        <i>1 0 0 0 1 0 0 0 1 0.00151985 8.84421 23.368</i>
                        <i>1 0 0 0 1 0 0 0 1 0.00146336 8.98517 23.622</i>
                        <i>1 0 0 0 1 0 0 0 1 0.00140752 9.12208 23.8771</i>
                        <i>1 0 0 0 1 0 0 0 1 0.00135237 9.25614 24.133</i>
                        <i>1 0 0 0 1 0 0 0 1 0.00129793 9.37572 24.3918</i>
                        <i>1 0 0 0 1 0 0 0 1 0.00124422 9.4654 24.6558</i>
                        <i>1 0 0 0 1 0 0 0 1 0.00119127 9.54035 24.9224</i>
                        <i>1 0 0 0 1 0 0 0 1 0.00113912 9.63484 25.1854</i>
                        <i>1 0 0 0 1 0 0 0 1 0.00108777 9.76732 25.442</i>
                        <i>1 0 0 0 1 0 0 0 1 0.00103727 9.9196 25.6956</i>
                        <i>1 0 0 0 1 0 0 0 1 0.000987635 10.0709 25.9494</i>
                        <i>1 0 0 0 1 0 0 0 1 0.000938894 10.2172 26.2042</i>
                        <i>1 0 0 0 1 0 0 0 1 0.000891072 10.3625 26.4591</i>
                        <i>1 0 0 0 1 0 0 0 1 0.000844197 10.4977 26.7159</i>
                        <i>1 0 0 0 1 0 0 0 1 0.000798293 10.61 26.9762</i>
                        <i>1 0 0 0 1 0 0 0 1 0.000753388 10.712 27.238</i>
                        <i>1 0 0 0 1 0 0 0 1 0.000709508 10.8323 27.4973</i>
                        <i>1 0 0 0 1 0 0 0 1 0.000666679 10.9928 27.7513</i>
                        <i>1 0 0 0 1 0 0 0 1 0.000624928 11.1716 28.0033</i>
                        <i>1 0 0 0 1 0 0 0 1 0.00058428 11.3314 28.2583</i>
                        <i>1 0 0 0 1 0 0 0 1 0.000544762 11.4524 28.5189</i>
                        <i>1 0 0 0 1 0 0 0 1 0.0005064 11.5543 28.7821</i>
                        <i>1 0 0 0 1 0 0 0 1 0.000469221 11.6598 29.0449</i>
                        <i>1 0 0 0 1 0 0 0 1 0.000433251 11.7724 29.3068</i>
                        <i>1 0 0 0 1 0 0 0 1 0.000398516 11.8885 29.5684</i>
                        <i>1 0 0 0 1 0 0 0 1 0.000365042 12.0199 29.8282</i>
                        <i>1 0 0 0 1 0 0 0 1 0.000332856 12.179 30.0848</i>
                        <i>1 0 0 0 1 0 0 0 1 0.000301983 12.3535 30.34</i>
                        <i>1 0 0 0 1 0 0 0 1 0.000272451 12.5183 30.5963</i>
                        <i>1 0 0 0 1 0 0 0 1 0.000244285 12.6616 30.8549</i>
                        <i>1 0 0 0 1 0 0 0 1 0.000217512 12.7952 31.1145</i>
                        <i>1 0 0 0 1 0 0 0 1 0.000192158 12.9292 31.3741</i>
                        <i>1 0 0 0 1 0 0 0 1 0.00016825 13.0631 31.6341</i>
                        <i>1 0 0 0 1 0 0 0 1 0.000145813 13.1974 31.8943</i>
                        <i>1 0 0 0 1 0 0 0 1 0.000124874 13.3438 32.1536</i>
                        <i>1 0 0 0 1 0 0 0 1 0.000105458 13.5192 32.4106</i>
                        <i>1 0 0 0 1 0 0 0 1 8.75935e-005 13.7102 32.6671</i>
                        <i>1 0 0 0 1 0 0 0 1 7.13054e-005 13.8808 32.9264</i>
                        <i>1 0 0 0 1 0 0 0 1 5.66204e-005 14.0016 33.1906</i>
                        <i>1 0 0 0 1 0 0 0 1 4.35646e-005 14.0999 33.4569</i>
                        <i>1 0 0 0 1 0 0 0 1 3.21643e-005 14.2216 33.7215</i>
                        <i>1 0 0 0 1 0 0 0 1 2.24458e-005 14.3858 33.983</i>
                        <i>1 0 0 0 1 0 0 0 1 1.44354e-005 14.5713 34.2433</i>
                        <i>1 0 0 0 1 0 0 0 1 8.15933e-006 14.7626 34.5033</i>
                        <i>1 0 0 0 1 0 0 0 1 3.64389e-006 14.9656 34.7624</i>
                        <i>1 0 0 0 1 0 0 0 1 9.15352e-007 15.1723 35.0213</i>
                        <i>1 0 0 0 1 0 0 0 1 1.64618e-017 15.3463 35.2825</i>
                        <i>1 0 0 0 1 0 0 0 1 5.71996e-005 15.3141 35.3307</i>
                        <i>1 0 0 0 1 0 0 0 1 0.000218937 15.2652 35.447</i>
                        <i>1 0 0 0 1 0 0 0 1 0.000487713 15.213 35.6006</i>
                        <i>1 0 0 0 1 0 0 0 1 0.000849051 15.1711 35.7602</i>
                        <i>1 0 0 0 1 0 0 0 1 0.0012353 15.1529 35.8951</i>
                        <i>1 0 0 0 1 0 0 0 1 0.00235048 15.1691 36.0049</i>
                        <i>1 0 0 0 1 0 0 0 1 0.00447367 15.2112 36.1105</i>
                        <i>1 0 0 0 1 0 0 0 1 0.00675417 15.2635 36.2131</i>
                        <i>1 0 0 0 1 0 0 0 1 0.00820925 15.3103 36.3139</i>
                        <i>1 0 0 0 1 0 0 0 1 0.00776042 15.3359 36.4142</i>
                        <i>1 0 0 0 1 0 0 0 1 0.00431239 15.3249 36.5152</i>
                        <i>1 0 0 0 1 0 0 0 1 -0.00237443 15.2744 36.6229</i>
                        <i>1 0 0 0 1 0 0 0 1 -0.0114027 15.198 36.7388</i>
                        <i>1 0 0 0 1 0 0 0 1 -0.0221358 15.1043 36.8579</i>
                        <i>1 0 0 0 1 0 0 0 1 -0.033935 15.0019 36.9752</i>
                        <i>1 0 0 0 1 0 0 0 1 -0.0461202 14.8992 37.0857</i>
                        <i>1 0 0 0 1 0 0 0 1 -0.0579479 14.8047 37.1843</i>
                        <i>1 0 0 0 1 0 0 0 1 -0.0686129 14.6669 37.3236</i>
                        <i>1 0 0 0 1 0 0 0 1 -0.0772806 14.4971 37.4959</i>
                        <i>1 0 0 0 1 0 0 0 1 -0.0842626 14.3229 37.6757</i>
                        <i>1 0 0 0 1 0 0 0 1 -0.0903842 14.1436 37.862</i>
                        <i>1 0 0 0 1 0 0 0 1 -0.0955929 13.9629 38.0506</i>
                        <i>1 0 0 0 1 0 0 0 1 -0.099922 13.7824 38.2391</i>
                        <i>1 0 0 0 1 0 0 0 1 -0.103418 13.6026 38.4265</i>
                        <i>1 0 0 0 1 0 0 0 1 -0.10606 13.4235 38.6121</i>
                        <i>1 0 0 0 1 0 0 0 1 -0.107828 13.2448 38.7956</i>
                        <i>1 0 0 0 1 0 0 0 1 -0.108701 13.066 38.977</i>
                        <i>1 0 0 0 1 0 0 0 1 -0.107473 12.8864 39.1563</i>
                        <i>1 0 0 0 1 0 0 0 1 -0.103633 12.7054 39.3335</i>
                        <i>1 0 0 0 1 0 0 0 1 -0.0982008 12.5223 39.509</i>
                        <i>1 0 0 0 1 0 0 0 1 -0.0921981 12.3364 39.6827</i>
                        <i>1 0 0 0 1 0 0 0 1 -0.0866467 12.147 39.8548</i>
                        <i>1 0 0 0 1 0 0 0 1 -0.0825704 11.9362 40.0067</i>
                        <i>1 0 0 0 1 0 0 0 1 -0.0818649 11.7018 40.1302</i>
                        <i>1 0 0 0 1 0 0 0 1 -0.0833689 11.4678 40.2408</i>
                        <i>1 0 0 0 1 0 0 0 1 -0.0835226 11.2586 40.3535</i>
                        <i>1 0 0 0 1 0 0 0 1 -0.0787686 11.0992 40.483</i>
                        <i>1 0 0 0 1 0 0 0 1 -0.0675675 11.0401 40.6498</i>
                        <i>1 0 0 0 1 0 0 0 1 -0.0524216 11.0896 40.8637</i>
                        <i>1 0 0 0 1 0 0 0 1 -0.0358345 11.2097 41.1231</i>
                        <i>1 0 0 0 1 0 0 0 1 -0.0203046 11.3626 41.4262</i>
                        <i>1 0 0 0 1 0 0 0 1 -0.00832593 11.5104 41.7713</i>
                        <i>1 0 0 0 1 0 0 0 1 -0.000384338 11.6453 42.0616</i>
                        <i>1 0 0 0 1 0 0 0 1 0.00488242 11.7799 42.3512</i>
                        <i>1 0 0 0 1 0 0 0 1 0.00793509 11.9063 42.6231</i>
                        <i>1 0 0 0 1 0 0 0 1 0.00958098 12.0168 42.8604</i>
                        <i>1 0 0 0 1 0 0 0 1 0.0109225 12.1036 43.0462</i>
                    </KeyFrames>
                </p>
            </i>
            <i>
                <p>
                    <Name><![CDATA[spine0]]></Name>
                    <Exclude>0</Exclude>
                    <Additive>0</Additive>
                    <IKPriority>0</IKPriority>
                    <IKRotLimits>-1e+010 -1e+010 -1e+010 1e+010 1e+010 1e+010</IKRotLimits>
                    <IKRotLimitOrder>0</IKRotLimitOrder>
                    <KeyFrames count="185">
                        <i>-0.019767 0.997785 0.0635212 -0.978802 -0.0322666 0.202249 0.203851 -0.0581768 0.977272 0.00661101 -0.648611 -2.50509</i>
                        <i>-0.0203246 0.997534 0.0671818 -0.979329 -0.0333894 0.199497 0.201248 -0.0617384 0.977593 0.00692978 -0.26021 -1.78745</i>
                        <i>-0.0208683 0.997265 0.0708965 -0.979861 -0.0344863 0.196681 0.198588 -0.0653644 0.977901 0.00725289 0.128104 -1.06977</i>
                        <i>-0.0199447 0.995122 0.0966118 -0.989201 -0.0336745 0.142643 0.145201 -0.0927235 0.985048 0.0115015 0.45393 -0.528199</i>
                        <i>-0.0178816 0.988871 0.147695 -0.999235 -0.0228119 0.0317553 0.0347711 -0.147014 0.988523 0.0192727 0.701233 -0.137349</i>
                        <i>-0.0142146 0.981545 0.190704 -0.997857 -0.0017424 -0.0654097 -0.0638703 -0.191226 0.979466 0.0244049 0.917751 0.238727</i>
                        <i>-0.00401939 0.977872 0.209164 -0.990278 0.0251917 -0.136804 -0.139046 -0.20768 0.968264 0.0244512 1.13539 0.590166</i>
                        <i>0.0107547 0.976385 0.215772 -0.979131 0.0540775 -0.195903 -0.202945 -0.209162 0.95659 0.0223009 1.33226 0.926999</i>
                        <i>0.0231248 0.976411 0.21468 -0.974742 0.069734 -0.212168 -0.222134 -0.204351 0.953361 0.0197661 1.47474 1.26534</i>
                        <i>0.0283079 0.97889 0.202416 -0.985432 0.0613009 -0.15864 -0.1677 -0.194977 0.966365 0.0166313 1.55733 1.61293</i>
                        <i>0.0290995 0.982714 0.18283 -0.997324 0.0408172 -0.0606579 -0.0670719 -0.180576 0.981272 0.0126958 1.61415 1.96129</i>
                        <i>0.0301086 0.984988 0.169977 -0.999188 0.0251067 0.0315007 0.0267602 -0.170788 0.984944 0.00991374 1.67321 2.3021</i>
                        <i>0.036215 0.984278 0.172874 -0.994612 0.0186853 0.101972 0.097139 -0.175635 0.979651 0.0101358 1.7379 2.63514</i>
                        <i>0.0430722 0.982348 0.182038 -0.986317 0.0127882 0.164364 0.159134 -0.186626 0.969457 0.012256 1.80482 2.96036</i>
                        <i>0.042626 0.98209 0.183528 -0.977252 0.00278657 0.212064 0.207755 -0.188392 0.959868 0.0133915 1.88501 3.26993</i>
                        <i>0.0291504 0.985356 0.167999 -0.968717 -0.0135901 0.247795 0.24645 -0.169967 0.954135 0.0108311 1.99019 3.55756</i>
                        <i>0.00954127 0.989098 0.146949 -0.96224 -0.0308974 0.270445 0.272037 -0.14398 0.951454 0.00660333 2.10884 3.82972</i>
                        <i>-0.00567688 0.990938 0.134203 -0.962121 -0.0419925 0.269368 0.272563 -0.127591 0.95364 0.00466749 2.21769 4.09778</i>
                        <i>-0.0136572 0.991293 0.130967 -0.970706 -0.0445668 0.236102 0.239883 -0.123906 0.962862 0.00757983 2.30588 4.36648</i>
                        <i>-0.0176692 0.990752 0.134526 -0.983104 -0.0417329 0.178228 0.182194 -0.129104 0.97475 0.0129288 2.38417 4.63479</i>
                        <i>-0.01778 0.988523 0.150023 -0.993318 -0.0345765 0.110106 0.11403 -0.147063 0.982532 0.0172914 2.46198 4.90333</i>
                        <i>-0.0127125 0.982068 0.188098 -0.999473 -0.0181017 0.0269608 0.0298822 -0.187657 0.98178 0.0192479 2.53892 5.17307</i>
                        <i>-0.00429885 0.971208 0.238195 -0.9979 0.0112296 -0.0637966 -0.0646346 -0.237969 0.96912 0.0198873 2.61554 5.44301</i>
                        <i>0.00353887 0.962333 0.271852 -0.990515 0.0407143 -0.131231 -0.137356 -0.268809 0.953349 0.0201729 2.70303 5.70676</i>
                        <i>0.00973917 0.961619 0.274214 -0.982743 0.0598623 -0.175022 -0.18472 -0.267778 0.945608 0.0218858 2.81717 5.95596</i>
                        <i>0.015444 0.965141 0.261275 -0.977536 0.0695082 -0.198978 -0.210203 -0.252333 0.944533 0.0238215 2.94211 6.19937</i>
                        <i>0.021074 0.968546 0.247939 -0.980996 0.0678754 -0.181767 -0.192878 -0.239396 0.951571 0.0221755 3.04188 6.45599</i>
                        <i>0.0275944 0.971525 0.235324 -0.994537 0.0503908 -0.0914152 -0.10067 -0.231516 0.967608 0.0129315 3.08975 6.73951</i>
                        <i>0.0336455 0.974446 0.222088 -0.998663 0.0240515 0.045764 0.039253 -0.223331 0.973952 0.00197189 3.11124 7.03582</i>
                        <i>0.0376543 0.976029 0.214357 -0.9879 0.00406212 0.15504 0.150453 -0.217601 0.964372 -0.00259912 3.15107 7.3219</i>
                        <i>0.039594 0.974869 0.219234 -0.979616 -0.00537151 0.200806 0.196937 -0.222715 0.954785 0.00235632 3.22981 7.58804</i>
                        <i>0.0386817 0.972623 0.229149 -0.976083 -0.0123173 0.21705 0.21393 -0.232064 0.948884 0.0113445 3.32741 7.8446</i>
                        <i>0.0319764 0.972658 0.230029 -0.973385 -0.0219495 0.228122 0.226934 -0.231201 0.946069 0.01636 3.42976 8.09912</i>
                        <i>0.0163081 0.977578 0.20994 -0.967812 -0.0373058 0.248893 0.251144 -0.207241 0.945504 0.0120913 3.53902 8.35166</i>
                        <i>-0.00405749 0.983185 0.182566 -0.963183 -0.0529197 0.263586 0.268816 -0.174775 0.947202 0.00393555 3.65319 8.60226</i>
                        <i>-0.0185051 0.985255 0.170088 -0.966319 -0.0612976 0.249941 0.256681 -0.159735 0.953205 0.000166047 3.75337 8.85811</i>
                        <i>-0.0226325 0.982755 0.183521 -0.980012 -0.0580994 0.190263 0.197645 -0.175547 0.964427 0.00613137 3.82519 9.12447</i>
                        <i>-0.0213038 0.976726 0.213428 -0.993865 -0.0438635 0.101531 0.10853 -0.209956 0.971669 0.0165025 3.88272 9.39574</i>
                        <i>-0.0168728 0.969072 0.2462 -0.999624 -0.0216721 0.0167967 0.0216129 -0.245825 0.969073 0.0235185 3.95127 9.66298</i>
                        <i>-0.00616559 0.960389 0.278595 -0.998013 0.0115596 -0.0619362 -0.0627033 -0.278423 0.95841 0.0231733 4.04492 9.92241</i>
                        <i>0.00971987 0.950782 0.309708 -0.989442 0.0539343 -0.134522 -0.144605 -0.305131 0.941268 0.0193079 4.15022 10.1781</i>
                        <i>0.0226277 0.945147 0.325861 -0.98106 0.0837121 -0.174679 -0.192376 -0.315737 0.92914 0.016593 4.25226 10.4331</i>
                        <i>0.0260442 0.94798 0.317264 -0.981056 0.0851839 -0.173993 -0.191968 -0.306722 0.932239 0.0179952 4.34998 10.6853</i>
                        <i>0.0240497 0.954798 0.29628 -0.98738 0.0690896 -0.142502 -0.15653 -0.289114 0.944411 0.0202018 4.4443 10.9369</i>
                        <i>0.0238233 0.959558 0.280502 -0.994743 0.050704 -0.0889668 -0.0995913 -0.276908 0.955721 0.019357 4.52395 11.197</i>
                        <i>0.0310934 0.960702 0.275836 -0.999439 0.0333261 -0.00340957 -0.0124681 -0.275575 0.961199 0.0135073 4.57405 11.4747</i>
                        <i>0.0407942 0.960357 0.275771 -0.994428 0.0121741 0.104708 0.0972003 -0.278506 0.955503 0.00703158 4.6088 11.7607</i>
                        <i>0.0448448 0.96049 0.274679 -0.981941 -0.00820638 0.18901 0.183797 -0.278194 0.942776 0.00427427 4.66218 12.0374</i>
                        <i>0.0384375 0.961979 0.270404 -0.972976 -0.0256279 0.22948 0.227685 -0.271917 0.934998 0.00597159 4.75318 12.2965</i>
                        <i>0.0261217 0.963872 0.265081 -0.968345 -0.0414522 0.246149 0.248244 -0.26312 0.932278 0.00934529 4.86345 12.5469</i>
                        <i>0.0134097 0.966016 0.258133 -0.9668 -0.053357 0.249903 0.255184 -0.252914 0.933229 0.0111835 4.97206 12.798</i>
                        <i>0.000737261 0.970079 0.242787 -0.967273 -0.0609123 0.246319 0.253737 -0.235023 0.938287 0.00921771 5.07508 13.0516</i>
                        <i>-0.0124923 0.97433 0.224779 -0.97128 -0.0652421 0.228819 0.23761 -0.215465 0.947162 0.00587639 5.17647 13.3058</i>
                        <i>-0.0208683 0.974757 0.222292 -0.979861 -0.0641042 0.189112 0.198588 -0.213869 0.956464 0.00516019 5.26743 13.5635</i>
                        <i>-0.021514 0.967721 0.251106 -0.992212 -0.0514894 0.113422 0.12269 -0.24671 0.961292 0.0100817 5.33574 13.8287</i>
                        <i>-0.0187564 0.954219 0.298521 -0.999548 -0.0249175 0.0168458 0.023513 -0.29807 0.954254 0.0174342 5.39333 14.0973</i>
                        <i>-0.0142146 0.941267 0.337363 -0.997857 0.00819806 -0.0649173 -0.0638703 -0.337563 0.939133 0.0221594 5.46811 14.36</i>
                        <i>-0.00401939 0.93496 0.354729 -0.990278 0.0456032 -0.131417 -0.139047 -0.351809 0.925687 0.0221575 5.58187 14.6104</i>
                        <i>0.0107546 0.932617 0.360706 -0.979131 0.0830338 -0.185493 -0.202945 -0.351184 0.914048 0.0199603 5.7132 14.8553</i>
                        <i>0.0231248 0.932938 0.359295 -0.974742 0.100895 -0.199245 -0.222134 -0.345612 0.911707 0.0173799 5.8257 15.1063</i>
                        <i>0.0283079 0.937364 0.347199 -0.985432 0.0844411 -0.147629 -0.1677 -0.337962 0.926099 0.0142009 5.89999 15.3685</i>
                        <i>0.0290995 0.94421 0.328055 -0.997324 0.0494474 -0.0538545 -0.0670714 -0.32561 0.943122 0.0102225 5.95535 15.6363</i>
                        <i>0.0301086 0.948506 0.315324 -0.999188 0.0201151 0.0349001 0.0267602 -0.316119 0.948342 0.00739888 6.01354 15.9043</i>
                        <i>0.036215 0.947496 0.317711 -0.994612 0.00327082 0.103619 0.0971391 -0.319752 0.942509 0.00758075 6.07794 16.1731</i>
                        <i>0.0430722 0.944351 0.326108 -0.986317 -0.0117982 0.164438 0.159134 -0.328729 0.930921 0.00966208 6.14516 16.4422</i>
                        <i>0.042626 0.944007 0.327159 -0.977252 -0.0286973 0.210132 0.207755 -0.328674 0.921309 0.0107601 6.22727 16.7055</i>
                        <i>0.0291504 0.94967 0.311894 -0.968717 -0.0500916 0.24306 0.24645 -0.309223 0.918501 0.00816348 6.3367 16.9585</i>
                        <i>0.00954119 0.956607 0.291225 -0.96224 -0.0704479 0.26293 0.272037 -0.282737 0.919813 0.00390084 6.46114 17.2063</i>
                        <i>-0.00567688 0.960426 0.278478 -0.962121 -0.0811511 0.260264 0.272563 -0.266452 0.924507 0.00193151 6.57592 17.457</i>
                        <i>-0.0136572 0.961373 0.274909 -0.970706 -0.0787058 0.227015 0.239883 -0.263756 0.934285 0.00481166 6.66963 17.7139</i>
                        <i>-0.0176692 0.960441 0.277924 -0.983104 -0.0673405 0.170212 0.182194 -0.270221 0.945403 0.0101298 6.75362 17.9734</i>
                        <i>-0.01778 0.956101 0.292496 -0.993318 -0.050255 0.103891 0.11403 -0.288694 0.950607 0.014463 6.8377 18.2333</i>
                        <i>-0.0127125 0.944318 0.328789 -0.999473 -0.0218268 0.0240446 0.0298822 -0.32831 0.944097 0.0163913 6.92135 18.4945</i>
                        <i>-0.00429885 0.92647 0.376344 -0.9979 0.0203508 -0.0614976 -0.0646346 -0.375817 0.924437 0.0170039 7.00526 18.756</i>
                        <i>0.00353887 0.913008 0.407927 -0.990515 0.0592323 -0.123979 -0.137356 -0.403619 0.904558 0.017264 7.10141 19.013</i>
                        <i>0.00973918 0.912159 0.409721 -0.982743 0.084422 -0.164588 -0.18472 -0.401047 0.89724 0.0189528 7.2266 19.2595</i>
                        <i>0.015444 0.9177 0.396973 -0.977536 0.0973227 -0.186955 -0.210203 -0.385168 0.898588 0.0208658 7.3649 19.5019</i>
                        <i>0.021074 0.923174 0.383803 -0.980996 0.0931539 -0.170201 -0.192878 -0.372923 0.907594 0.0191983 7.47898 19.7541</i>
                        <i>0.0275944 0.928113 0.371274 -0.994537 0.062895 -0.0833076 -0.10067 -0.366947 0.924778 0.00993423 7.54034 20.026</i>
                        <i>0.0336455 0.933073 0.35811 -0.998663 0.0173144 0.0487138 0.0392531 -0.35927 0.932408 -0.00104419 7.57613 20.307</i>
                        <i>0.0376543 0.93592 0.350195 -0.9879 -0.0178983 0.154057 0.150453 -0.351758 0.923921 -0.00563262 7.63372 20.5807</i>
                        <i>0.039594 0.934269 0.354365 -0.979616 -0.0336028 0.198047 0.196937 -0.354983 0.913894 -0.000693308 7.73471 20.8402</i>
