<?xml version="1.0" encoding="ISO-8859-1" ?>
<Animl Version="1">
    <ModellingPackage>
        <![CDATA[Maya.2010]]>
</ModellingPackage>
    <SrcFile>
        <![CDATA[anims\characters\shared\elite\~src\throw_grenade.mb]]>
</SrcFile>
    <FramesPerSecond>30</FramesPerSecond>
    <TotalFrames>71</TotalFrames>
    <Skeleton>
        <RefFrame>
            <Name>
                <![CDATA[soldier_ref_frame]]>
</Name>
            <Exclude>0</Exclude>
            <Additive>0</Additive>
            <IKPriority>0</IKPriority>
            <IKRotLimits>-1e+010 -1e+010 -1e+010 1e+010 1e+010 1e+010</IKRotLimits>
            <IKRotLimitOrder>0</IKRotLimitOrder>
            <KeyFrames count="71">
                <i>1 0 0 0 1 0 0 0 1 0 0 0</i>
                <i>1 0 0 0 1 0 0 0 1 0 0 0</i>
                <i>1 0 0 0 1 0 0 0 1 0 0 0</i>
                <i>1 0 0 0 1 0 0 0 1 0 0 0</i>
                <i>1 0 0 0 1 0 0 0 1 0 0 0</i>
                <i>1 0 0 0 1 0 0 0 1 0 0 0</i>
                <i>1 0 0 0 1 0 0 0 1 0 0 0</i>
                <i>1 0 0 0 1 0 0 0 1 0 0 0</i>
                <i>1 0 0 0 1 0 0 0 1 0 0 0</i>
                <i>1 0 0 0 1 0 0 0 1 0 0 0</i>
                <i>1 0 0 0 1 0 0 0 1 0 0 0</i>
                <i>1 0 0 0 1 0 0 0 1 0 0 0</i>
                <i>1 0 0 0 1 0 0 0 1 0 0 0</i>
                <i>1 0 0 0 1 0 0 0 1 0 0 0</i>
                <i>1 0 0 0 1 0 0 0 1 0 0 0</i>
                <i>1 0 0 0 1 0 0 0 1 0 0 0</i>
                <i>1 0 0 0 1 0 0 0 1 0 0 0</i>
                <i>1 0 0 0 1 0 0 0 1 0 0 0</i>
                <i>1 0 0 0 1 0 0 0 1 0 0 0</i>
                <i>1 0 0 0 1 0 0 0 1 0 0 0</i>
                <i>1 0 0 0 1 0 0 0 1 0 0 0</i>
                <i>1 0 0 0 1 0 0 0 1 0 0 0</i>
                <i>1 0 0 0 1 0 0 0 1 0 0 0</i>
                <i>1 0 0 0 1 0 0 0 1 0 0 0</i>
                <i>1 0 0 0 1 0 0 0 1 0 0 0</i>
                <i>1 0 0 0 1 0 0 0 1 0 0 0</i>
                <i>1 0 0 0 1 0 0 0 1 0 0 0</i>
                <i>1 0 0 0 1 0 0 0 1 0 0 0</i>
                <i>1 0 0 0 1 0 0 0 1 0 0 0</i>
                <i>1 0 0 0 1 0 0 0 1 0 0 0</i>
                <i>1 0 0 0 1 0 0 0 1 0 0 0</i>
                <i>1 0 0 0 1 0 0 0 1 0 0 0</i>
                <i>1 0 0 0 1 0 0 0 1 0 0 0</i>
                <i>1 0 0 0 1 0 0 0 1 0 0 0</i>
                <i>1 0 0 0 1 0 0 0 1 0 0 0</i>
                <i>1 0 0 0 1 0 0 0 1 0 0 0</i>
                <i>1 0 0 0 1 0 0 0 1 0 0 0</i>
                <i>1 0 0 0 1 0 0 0 1 0 0 0</i>
                <i>1 0 0 0 1 0 0 0 1 0 0 0</i>
                <i>1 0 0 0 1 0 0 0 1 0 0 0</i>
                <i>1 0 0 0 1 0 0 0 1 0 0 0</i>
                <i>1 0 0 0 1 0 0 0 1 0 0 0</i>
                <i>1 0 0 0 1 0 0 0 1 0 0 0</i>
                <i>1 0 0 0 1 0 0 0 1 0 0 0</i>
                <i>1 0 0 0 1 0 0 0 1 0 0 0</i>
                <i>1 0 0 0 1 0 0 0 1 0 0 0</i>
                <i>1 0 0 0 1 0 0 0 1 0 0 0</i>
                <i>1 0 0 0 1 0 0 0 1 0 0 0</i>
                <i>1 0 0 0 1 0 0 0 1 0 0 0</i>
                <i>1 0 0 0 1 0 0 0 1 0 0 0</i>
                <i>1 0 0 0 1 0 0 0 1 0 0 0</i>
                <i>1 0 0 0 1 0 0 0 1 0 0 0</i>
                <i>1 0 0 0 1 0 0 0 1 0 0 0</i>
                <i>1 0 0 0 1 0 0 0 1 0 0 0</i>
                <i>1 0 0 0 1 0 0 0 1 0 0 0</i>
                <i>1 0 0 0 1 0 0 0 1 0 0 0</i>
                <i>1 0 0 0 1 0 0 0 1 0 0 0</i>
                <i>1 0 0 0 1 0 0 0 1 0 0 0</i>
                <i>1 0 0 0 1 0 0 0 1 0 0 0</i>
                <i>1 0 0 0 1 0 0 0 1 0 0 0</i>
                <i>1 0 0 0 1 0 0 0 1 0 0 0</i>
                <i>1 0 0 0 1 0 0 0 1 0 0 0</i>
                <i>1 0 0 0 1 0 0 0 1 0 0 0</i>
                <i>1 0 0 0 1 0 0 0 1 0 0 0</i>
                <i>1 0 0 0 1 0 0 0 1 0 0 0</i>
                <i>1 0 0 0 1 0 0 0 1 0 0 0</i>
                <i>1 0 0 0 1 0 0 0 1 0 0 0</i>
                <i>1 0 0 0 1 0 0 0 1 0 0 0</i>
                <i>1 0 0 0 1 0 0 0 1 0 0 0</i>
                <i>1 0 0 0 1 0 0 0 1 0 0 0</i>
                <i>1 0 0 0 1 0 0 0 1 0 0 0</i>
            </KeyFrames>
        </RefFrame>
        <Bones count="23">
            <i>
                <p>
                    <Name>
                        <![CDATA[pelvis]]>
</Name>
                    <Exclude>0</Exclude>
                    <Additive>0</Additive>
                    <IKPriority>0</IKPriority>
                    <IKRotLimits>-1e+010 -1e+010 -1e+010 1e+010 1e+010 1e+010</IKRotLimits>
                    <IKRotLimitOrder>2</IKRotLimitOrder>
                    <KeyFrames count="71">
                        <i>1 0 0 0 1 0 0 0 1 -0.059303 0.981368 0.0732933</i>
                        <i>1 0 0 0 1 0 0 0 1 -0.050118 0.96687 0.0327489</i>
                        <i>1 0 0 0 1 0 0 0 1 -0.0257154 0.942387 -0.0608262</i>
                        <i>1 0 0 0 1 0 0 0 1 0.00917605 0.936431 -0.165345</i>
                        <i>1 0 0 0 1 0 0 0 1 0.065947 0.972409 -0.283933</i>
                        <i>1 0 0 0 1 0 0 0 1 0.133207 1.02692 -0.413465</i>
                        <i>1 0 0 0 1 0 0 0 1 0.172055 1.05825 -0.502473</i>
                        <i>1 0 0 0 1 0 0 0 1 0.167282 1.0497 -0.535178</i>
                        <i>1 0 0 0 1 0 0 0 1 0.140889 1.02285 -0.540097</i>
                        <i>1 0 0 0 1 0 0 0 1 0.109793 0.993483 -0.532204</i>
                        <i>1 0 0 0 1 0 0 0 1 0.090909 0.977384 -0.526474</i>
                        <i>1 0 0 0 1 0 0 0 1 0.0852494 0.975502 -0.52588</i>
                        <i>1 0 0 0 1 0 0 0 1 0.0821723 0.977515 -0.523748</i>
                        <i>1 0 0 0 1 0 0 0 1 0.0811143 0.982285 -0.520577</i>
                        <i>1 0 0 0 1 0 0 0 1 0.081512 0.988679 -0.516865</i>
                        <i>1 0 0 0 1 0 0 0 1 0.082802 0.995559 -0.51311</i>
                        <i>1 0 0 0 1 0 0 0 1 0.0844209 1.00179 -0.50981</i>
                        <i>1 0 0 0 1 0 0 0 1 0.0858054 1.00624 -0.507465</i>
                        <i>1 0 0 0 1 0 0 0 1 0.0863921 1.00777 -0.506573</i>
                        <i>1 0 0 0 1 0 0 0 1 0.0863921 0.997763 -0.506573</i>
                        <i>1 0 0 0 1 0 0 0 1 0.0863921 0.980455 -0.506573</i>
                        <i>1 0 0 0 1 0 0 0 1 0.0863921 0.973967 -0.506573</i>
                        <i>1 0 0 0 1 0 0 0 1 0.0863921 0.986425 -0.506573</i>
                        <i>1 0 0 0 1 0 0 0 1 0.0863921 1.00794 -0.506573</i>
                        <i>1 0 0 0 1 0 0 0 1 0.0863921 1.0296 -0.506573</i>
                        <i>1 0 0 0 1 0 0 0 1 0.0863921 1.04251 -0.506573</i>
                        <i>1 0 0 0 1 0 0 0 1 0.0863921 1.03819 -0.506573</i>
                        <i>1 0 0 0 1 0 0 0 1 0.0863921 1.02359 -0.506573</i>
                        <i>1 0 0 0 1 0 0 0 1 0.0863921 1.0129 -0.506573</i>
                        <i>1 0 0 0 1 0 0 0 1 0.0863921 1.00622 -0.506573</i>
                        <i>1 0 0 0 1 0 0 0 1 0.0863921 0.995876 -0.506573</i>
                        <i>1 0 0 0 1 0 0 0 1 0.0863921 0.984399 -0.506573</i>
                        <i>1 0 0 0 1 0 0 0 1 0.0863921 0.974315 -0.506574</i>
                        <i>1 0 0 0 1 0 0 0 1 0.0863921 0.96815 -0.506574</i>
                        <i>1 0 0 0 1 0 0 0 1 0.0863921 0.968434 -0.506574</i>
                        <i>1 0 0 0 1 0 0 0 1 0.0863921 0.977693 -0.506574</i>
                        <i>1 0 0 0 1 0 0 0 1 0.0863921 0.998456 -0.506575</i>
                        <i>1 0 0 0 1 0 0 0 1 0.0863921 1.01883 -0.513398</i>
                        <i>1 0 0 0 1 0 0 0 1 0.0863921 1.05524 -0.530736</i>
                        <i>1 0 0 0 1 0 0 0 1 0.0863921 1.09229 -0.552694</i>
                        <i>1 0 0 0 1 0 0 0 1 0.0863921 1.1146 -0.573369</i>
                        <i>1 0 0 0 1 0 0 0 1 0.0863921 1.10678 -0.586861</i>
                        <i>1 0 0 0 1 0 0 0 1 0.0863921 1.03915 -0.592714</i>
                        <i>1 0 0 0 1 0 0 0 1 0.0863921 0.924399 -0.593779</i>
                        <i>1 0 0 0 1 0 0 0 1 0.0863921 0.810723 -0.589113</i>
                        <i>1 0 0 0 1 0 0 0 1 0.0863921 0.746312 -0.577775</i>
                        <i>1 0 0 0 1 0 0 0 1 0.09237 0.835976 -0.559944</i>
                        <i>1 0 0 0 1 0 0 0 1 0.10465 0.964487 -0.496927</i>
                        <i>1 0 0 0 1 0 0 0 1 0.120646 1.01 -0.369309</i>
                        <i>1 0 0 0 1 0 0 0 1 0.139482 1.04069 -0.216031</i>
                        <i>1 0 0 0 1 0 0 0 1 0.155245 1.0597 -0.0653708</i>
                        <i>1 0 0 0 1 0 0 0 1 0.162022 1.07017 0.0543919</i>
                        <i>1 0 0 0 1 0 0 0 1 0.15041 1.06661 0.120918</i>
                        <i>1 0 0 0 1 0 0 0 1 0.126326 1.04602 0.149273</i>
                        <i>1 0 0 0 1 0 0 0 1 0.106841 1.01532 0.167283</i>
                        <i>1 0 0 0 1 0 0 0 1 0.0994166 0.969234 0.183156</i>
                        <i>1 0 0 0 1 0 0 0 1 0.0965903 0.913041 0.188684</i>
                        <i>1 0 0 0 1 0 0 0 1 0.0930466 0.869491 0.187067</i>
                        <i>1 0 0 0 1 0 0 0 1 0.0885393 0.846096 0.17564</i>
                        <i>1 0 0 0 1 0 0 0 1 0.0833147 0.835345 0.157067</i>
                        <i>1 0 0 0 1 0 0 0 1 0.0727948 0.837451 0.142553</i>
                        <i>1 0 0 0 1 0 0 0 1 0.0553858 0.848451 0.133524</i>
                        <i>1 0 0 0 1 0 0 0 1 0.0343082 0.863434 0.124147</i>
                        <i>1 0 0 0 1 0 0 0 1 0.0122054 0.881188 0.114727</i>
                        <i>1 0 0 0 1 0 0 0 1 -0.0082789 0.900502 0.105571</i>
                        <i>1 0 0 0 1 0 0 0 1 -0.0245009 0.920167 0.0969832</i>
                        <i>1 0 0 0 1 0 0 0 1 -0.0365746 0.938971 0.0892708</i>
                        <i>1 0 0 0 1 0 0 0 1 -0.0462623 0.955704 0.0827397</i>
                        <i>1 0 0 0 1 0 0 0 1 -0.0533933 0.969155 0.0776957</i>
                        <i>1 0 0 0 1 0 0 0 1 -0.0577971 0.978113 0.0744449</i>
                        <i>1 0 0 0 1 0 0 0 1 -0.059303 0.981368 0.0732933</i>
                    </KeyFrames>
                </p>
            </i>
            <i>
                <p>
                    <Name>
                        <![CDATA[spine0]]>
</Name>
                    <Exclude>0</Exclude>
                    <Additive>0</Additive>
                    <IKPriority>0</IKPriority>
                    <IKRotLimits>-1e+010 -1e+010 -1e+010 1e+010 1e+010 1e+010</IKRotLimits>
                    <IKRotLimitOrder>0</IKRotLimitOrder>
                    <KeyFrames count="71">
                        <i>0.0809641 0.993895 0.0749547 -0.944152 0.052378 0.32532 0.319408 -0.0971079 0.942629 -0.0659625 1.12179 0.0427427</i>
                        <i>0.0620531 0.996355 0.0585277 -0.9665 0.045354 0.252626 0.249051 -0.0722432 0.965792 -0.056274 1.10691 0.000371266</i>
                        <i>0.0319319 0.999126 0.0269907 -0.995716 0.0294553 0.0876461 0.0867744 -0.0296738 0.995786 -0.0293522 1.08166 -0.0966676</i>
                        <i>0.0160724 0.999795 0.0123408 -0.996534 0.0170251 -0.0814292 -0.0816225 -0.0109893 0.996603 0.010278 1.07533 -0.202806</i>
                        <i>0.00966089 0.999825 0.0160116 -0.965734 0.0134821 -0.259182 -0.259353 -0.0129591 0.965696 0.0726363 1.11089 -0.322323</i>
                        <i>0.00692503 0.999778 0.0199109 -0.900059 0.0149077 -0.435513 -0.435713 -0.014905 0.899962 0.145608 1.16455 -0.453442</i>
                        <i>0.00639442 0.999709 0.023246 -0.858723 0.0174014 -0.512144 -0.512399 -0.0166871 0.858585 0.187326 1.19542 -0.543069</i>
                        <i>0.00371999 0.999778 0.0207224 -0.857812 0.0138408 -0.513776 -0.513949 -0.0158647 0.857674 0.182457 1.18677 -0.576107</i>
                        <i>-0.00205083 0.999882 0.0151925 -0.855744 0.00610578 -0.517363 -0.517395 -0.0140619 0.855631 0.155857 1.15973 -0.581751</i>
                        <i>-0.00778855 0.999923 0.00969772 -0.853587 -0.00159633 -0.520947 -0.520892 -0.0123353 0.853534 0.124561 1.13017 -0.574573</i>
                        <i>-0.0103854 0.99992 0.00721182 -0.852578 -0.00508608 -0.522575 -0.522497 -0.0115758 0.852563 0.10559 1.11398 -0.569163</i>
                        <i>-0.0105685 0.999944 0.000884657 -0.853067 -0.00855459 -0.521731 -0.521694 -0.0062686 0.85311 0.0994454 1.11222 -0.568329</i>
                        <i>-0.0104998 0.999942 -0.00238566 -0.853752 -0.0102067 -0.52058 -0.520574 -0.00342923 0.85381 0.095919 1.1145 -0.5655</i>
                        <i>-0.00971454 0.999936 0.00582619 -0.854292 -0.00527113 -0.519767 -0.519703 -0.0100266 0.854288 0.0948918 1.11958 -0.561284</i>
                        <i>-0.00900095 0.999832 0.0159768 -0.854938 0.000592479 -0.51873 -0.518652 -0.0183282 0.854789 0.0952518 1.12633 -0.55636</i>
                        <i>-0.00846157 0.999611 0.0265887 -0.855579 0.00652614 -0.517632 -0.517604 -0.0271287 0.85519 0.096456 1.13357 -0.551371</i>
                        <i>-0.00821342 0.99931 0.0362215 -0.856125 0.0116897 -0.516637 -0.516704 -0.0352535 0.855438 0.0979586 1.14011 -0.546961</i>
                        <i>-0.00838745 0.999019 0.0434812 -0.856507 0.0152634 -0.515909 -0.516067 -0.0415691 0.855539 0.099212 1.14479 -0.543778</i>
                        <i>-0.00912231 0.998854 0.0469949 -0.856664 0.0164352 -0.515613 -0.515794 -0.0449624 0.855532 0.0996678 1.14644 -0.542472</i>
                        <i>-0.00465341 0.999388 0.0346748 -0.856472 0.0139154 -0.516006 -0.516172 -0.0320992 0.855883 0.100231 1.13615 -0.543371</i>
                        <i>0.00843061 0.99994 0.00703275 -0.856091 0.0108519 -0.516711 -0.516756 -0.00166449 0.856131 0.101706 1.11809 -0.545553</i>
                        <i>0.0269636 0.999548 -0.0133275 -0.855772 0.0161903 -0.517099 -0.51665 0.0253481 0.855821 0.103392 1.11074 -0.547802</i>
                        <i>0.0326964 0.999225 -0.021901 -0.855378 0.0166416 -0.517737 -0.516972 0.0356618 0.855259 0.105123 1.12226 -0.550084</i>
                        <i>0.0218688 0.999342 -0.0289387 -0.855147 0.00370249 -0.518373 -0.517925 0.036083 0.854665 0.106897 1.14267 -0.552646</i>
                        <i>0.0106341 0.999438 -0.0318056 -0.855065 -0.00740146 -0.518468 -0.518412 0.0327093 0.854505 0.108276 1.16339 -0.554725</i>
                        <i>0.00617037 0.999507 -0.0307774 -0.855039 -0.010686 -0.518454 -0.518528 0.0295149 0.854551 0.108832 1.17589 -0.555582</i>
                        <i>-0.0184044 0.999359 -0.0307083 -0.854765 -0.0316601 -0.518049 -0.51869 0.016714 0.854799 0.104323 1.1721 -0.556013</i>
                        <i>-0.0586509 0.997669 -0.0348922 -0.853005 -0.0682426 -0.517422 -0.518597 -0.000584064 0.855019 0.0959273 1.15805 -0.556814</i>
                        <i>-0.0772255 0.996242 -0.0392285 -0.851526 -0.0863711 -0.517149 -0.518594 -0.006533 0.854996 0.0914039 1.14745 -0.557246</i>
                        <i>-0.0722204 0.996568 -0.0404423 -0.851927 -0.0827225 -0.517085 -0.518656 -0.00289015 0.854978 0.0918378 1.14091 -0.556821</i>
                        <i>-0.0612312 0.997374 -0.0386855 -0.852939 -0.0724156 -0.516963 -0.518406 0.00134214 0.855133 0.0929887 1.13093 -0.555698</i>
                        <i>-0.046294 0.998323 -0.0347473 -0.854132 -0.0575971 -0.516857 -0.517992 0.00575134 0.855366 0.094633 1.11993 -0.554103</i>
                        <i>-0.029432 0.99913 -0.0295305 -0.855135 -0.0404656 -0.516824 -0.517569 0.0100414 0.855582 0.0965408 1.11035 -0.552264</i>
                        <i>-0.012685 0.999632 -0.0239685 -0.855742 -0.0232525 -0.516879 -0.517247 0.0139542 0.855723 0.0984711 1.10464 -0.550416</i>
                        <i>0.00187934 0.999818 -0.0189694 -0.855947 -0.00820005 -0.516999 -0.517061 0.0172084 0.855776 0.100172 1.10527 -0.548796</i>
                        <i>0.0121669 0.999808 -0.015389 -0.855907 0.00245618 -0.517123 -0.516986 0.0194633 0.855772 0.101384 1.11475 -0.547646</i>
                        <i>0.0160662 0.999773 -0.0140256 -0.855852 0.00649802 -0.517179 -0.51697 0.020313 0.855762 0.101845 1.13559 -0.547209</i>
                        <i>0.0261436 0.999518 -0.0167302 -0.850391 0.013439 -0.525979 -0.525501 0.0279782 0.850333 0.104092 1.1559 -0.553335</i>
                        <i>0.0484727 0.998549 -0.023451 -0.834643 0.0275971 -0.550099 -0.548654 0.046238 0.83477 0.109257 1.19204 -0.568907</i>
                        <i>0.0694569 0.997079 -0.0317646 -0.810617 0.0378518 -0.584352 -0.581443 0.0663362 0.810878 0.114548 1.22871 -0.58864</i>
                        <i>0.0747865 0.996428 -0.0392128 -0.781182 0.0340995 -0.623372 -0.619808 0.0772522 0.780942 0.117251 1.25098 -0.607205</i>
                        <i>0.0489125 0.997866 -0.0432512 -0.749364 0.00803338 -0.66211 -0.66035 0.0647963 0.748157 0.114765 1.24406 -0.619196</i>
                        <i>0.00783037 0.997504 -0.0701816 -0.705114 -0.0442576 -0.707712 -0.709051 0.0550277 0.703007 0.109099 1.17655 -0.628775</i>
                        <i>-0.0183729 0.99341 -0.113137 -0.637863 -0.0987832 -0.763788 -0.76993 0.058133 0.635475 0.105726 1.06009 -0.637491</i>
                        <i>-0.0339498 0.989951 -0.137272 -0.561094 -0.132542 -0.817072 -0.827056 0.0492831 0.559955 0.105186 0.944644 -0.638186</i>
                        <i>-0.0494894 0.988583 -0.142316 -0.503817 -0.147743 -0.851082 -0.862392 0.0295814 0.505376 0.105257 0.879626 -0.628447</i>
                        <i>-0.0694253 0.978581 -0.193803 -0.493863 -0.20251 -0.845629 -0.866764 0.0370042 0.497344 0.11097 0.969486 -0.610195</i>
                        <i>-0.0876206 0.9771 -0.193905 -0.56758 -0.208936 -0.796366 -0.818642 0.0402786 0.572889 0.121672 1.09726 -0.549636</i>
                        <i>-0.177912 0.973492 -0.143741 -0.689678 -0.227546 -0.687435 -0.70192 -0.0231684 0.711879 0.133717 1.14086 -0.427623</i>
                        <i>-0.192305 0.981203 -0.0160967 -0.815103 -0.168842 -0.554165 -0.546466 -0.0934483 0.832251 0.147916 1.1708 -0.276827</i>
                        <i>-0.0927802 0.990114 0.105197 -0.911472 -0.0419324 -0.40922 -0.400763 -0.133852 0.906351 0.160094 1.19136 -0.12314</i>
                        <i>0.00542319 0.981127 0.19329 -0.9616 0.0581574 -0.268223 -0.274402 -0.184413 0.943767 0.165717 1.20488 0.00403241</i>
                        <i>0.0457833 0.97917 0.197813 -0.980663 0.0817732 -0.177803 -0.190276 -0.185848 0.963979 0.153322 1.2044 0.0796627</i>
                        <i>-0.00403321 0.980443 0.196761 -0.989567 0.0244237 -0.141985 -0.144014 -0.195281 0.970116 0.126476 1.18614 0.116659</i>
                        <i>-0.0662538 0.974332 0.215145 -0.992509 -0.0421708 -0.114663 -0.102647 -0.22113 0.969827 0.102653 1.15681 0.141605</i>
                        <i>-0.0791429 0.982812 0.166785 -0.995464 -0.0690552 -0.0654468 -0.0528045 -0.171208 0.983819 0.0923967 1.11134 0.161875</i>
                        <i>-0.0441909 0.992422 0.114654 -0.998996 -0.0430523 -0.0123894 -0.00735935 -0.115087 0.993328 0.0890517 1.0555 0.170098</i>
                        <i>-0.0148978 0.993107 0.116258 -0.999786 -0.0164654 0.0125349 0.0143627 -0.116047 0.99314 0.0856607 1.01229 0.17122</i>
                        <i>0.0180095 0.987432 0.157017 -0.999707 0.0152458 0.0187882 0.0161582 -0.157309 0.987417 0.0824487 0.989416 0.164752</i>
                        <i>0.0770034 0.973426 0.215668 -0.996853 0.0710779 0.0351093 0.018847 -0.217693 0.975835 0.079739 0.979061 0.15167</i>
                        <i>0.133775 0.95852 0.251683 -0.990821 0.124377 0.0529631 0.0194626 -0.256458 0.966359 0.0706072 0.981253 0.139031</i>
                        <i>0.170624 0.951507 0.255973 -0.985007 0.157999 0.0692599 0.0254578 -0.263953 0.9642 0.0525829 0.992188 0.128231</i>
                        <i>0.184566 0.952446 0.242449 -0.981759 0.16721 0.090495 0.0456518 -0.254728 0.965934 0.0305261 1.00704 0.116369</i>
                        <i>0.181667 0.958827 0.218282 -0.980154 0.158645 0.118873 0.0793493 -0.235545 0.968619 0.00770987 1.02457 0.103943</i>
                        <i>0.172144 0.966346 0.191158 -0.977662 0.143845 0.153251 0.120597 -0.213269 0.969522 -0.0134774 1.04357 0.0913821</i>
                        <i>0.156704 0.974147 0.162729 -0.973857 0.124969 0.189696 0.164456 -0.188201 0.968264 -0.0306116 1.06279 0.0791616</i>
                        <i>0.136373 0.98145 0.134751 -0.96897 0.103842 0.224309 0.206155 -0.161159 0.965157 -0.0439793 1.08103 0.067828</i>
                        <i>0.116153 0.987124 0.109978 -0.962296 0.0844235 0.258573 0.245959 -0.135865 0.959711 -0.0544097 1.09717 0.0579227</i>
                        <i>0.100186 0.990811 0.0908668 -0.954018 0.06973 0.291526 0.282511 -0.115895 0.952237 -0.0611916 1.11011 0.0499806</i>
                        <i>0.0884506 0.992961 0.0787662 -0.946899 0.0592794 0.31602 0.309126 -0.102536 0.945477 -0.0648629 1.11868 0.0446749</i>
                        <i>0.0809916 0.993893 0.0749509 -0.94415 0.052405 0.325323 0.319408 -0.0971133 0.942628 -0.0659625 1.12179 0.0427427</i>
                    </KeyFrames>
                </p>
            </i>
            <i>
                <p>
                    <Name>
                        <![CDATA[spine1]]>
</Name>
                    <Exclude>0</Exclude>
                    <Additive>0</Additive>
                    <IKPriority>0</IKPriority>
                    <IKRotLimits>-1e+010 -1e+010 -1e+010 1e+010 1e+010 1e+010</IKRotLimits>
                    <IKRotLimitOrder>0</IKRotLimitOrder>
                    <KeyFrames count="71">
                        <i>0.117488 0.957975 0.261687 -0.918749 0.00482797 0.394811 0.376956 -0.28681 0.880706 -0.052102 1.29193 0.0555757</i>
                        <i>0.0998996 0.962719 0.25138 -0.940368 0.008789 0.340046 0.32516 -0.27036 0.906188 -0.0456155 1.27805 0.010423</i>
                        <i>0.0668698 0.970102 0.233305 -0.976396 0.0154934 0.215432 0.205376 -0.242204 0.948239 -0.0238275 1.25455 -0.0920064</i>
                        <i>0.0374101 0.972404 0.230285 -0.996051 0.0177178 0.0869948 0.0805139 -0.23263 0.969227 0.0130737 1.24916 -0.200674</i>
                        <i>0.0104172 0.970941 0.23909 -0.997942 0.0252241 -0.0589543 -0.063272 -0.237984 0.969206 0.0743139 1.28421 -0.319558</i>
                        <i>-0.0108278 0.969636 0.244314 -0.975105 0.0438778 -0.217358 -0.221478 -0.240585 0.945022 0.146804 1.33692 -0.450014</i>
                        <i>-0.0186908 0.968676 0.247623 -0.956059 0.0551589 -0.28794 -0.29258 -0.242124 0.92508 0.188428 1.36735 -0.539074</i>
                        <i>-0.023108 0.969198 0.245198 -0.955919 0.0503922 -0.289274 -0.292719 -0.241074 0.92531 0.183098 1.35873 -0.572546</i>
                        <i>-0.0331024 0.970317 0.239559 -0.95509 0.039907 -0.293615 -0.29446 -0.23852 0.92542 0.155505 1.33173 -0.579141</i>
                        <i>-0.0430866 0.971301 0.233917 -0.954137 0.0294229 -0.297922 -0.296254 -0.236025 0.925487 0.123223 1.3022 -0.572907</i>
                        <i>-0.0476208 0.971704 0.231351 -0.953662 0.0246583 -0.299868 -0.297088 -0.23491 0.925503 0.103805 1.28602 -0.567925</i>
                        <i>-0.0465279 0.968767 0.243569 -0.954684 0.0286301 -0.296242 -0.293963 -0.246315 0.923534 0.0976694 1.27878 -0.568156</i>
                        <i>-0.0449374 0.964468 0.260351 -0.955811 0.0342828 -0.291976 -0.290527 -0.261967 0.920308 0.0941945 1.27557 -0.565829</i>
                        <i>-0.0431078 0.963264 0.265073 -0.956027 0.0372669 -0.290901 -0.290093 -0.265957 0.9193 0.0932872 1.28167 -0.56029</i>
                        <i>-0.0401663 0.962857 0.267009 -0.956222 0.0404829 -0.289829 -0.289873 -0.266962 0.919078 0.0937479 1.29098 -0.553693</i>
                        <i>-0.0370441 0.962713 0.267977 -0.956381 0.0436026 -0.288849 -0.289764 -0.266988 0.919105 0.0950239 1.30139 -0.546888</i>
                        <i>-0.034533 0.962432 0.269319 -0.956502 0.04628 -0.288031 -0.289674 -0.267551 0.91897 0.0965536 1.31078 -0.540771</i>
                        <i>-0.0332907 0.961744 0.27192 -0.956592 0.0481533 -0.287425 -0.289523 -0.269686 0.918393 0.0977688 1.31703 -0.536287</i>
                        <i>-0.0339414 0.960391 0.276581 -0.956662 0.0488633 -0.287071 -0.289215 -0.274338 0.917111 0.0981014 1.31806 -0.534399</i>
                        <i>-0.0370818 0.955261 0.293432 -0.957957 0.0496176 -0.282588 -0.284505 -0.291574 0.913259 0.0994458 1.29907 -0.537673</i>
                        <i>-0.0384318 0.945845 0.322336 -0.960217 0.0543331 -0.273917 -0.276597 -0.32004 0.906128 0.102897 1.26765 -0.544387</i>
                        <i>-0.0233467 0.943686 0.330019 -0.960841 0.0699918 -0.268114 -0.276114 -0.323355 0.905098 0.107193 1.25484 -0.54958</i>
                        <i>0.00966687 0.9569 0.290255 -0.963014 0.0870755 -0.254994 -0.269278 -0.277055 0.92235 0.11003 1.27412 -0.553311</i>
                        <i>0.0380079 0.970465 0.23823 -0.970234 0.0928985 -0.223641 -0.239167 -0.222639 0.945109 0.110529 1.30935 -0.557448</i>
                        <i>0.0552811 0.97862 0.198107 -0.977821 0.0932043 -0.187558 -0.202013 -0.183345 0.962068 0.110254 1.34596 -0.560594</i>
                        <i>0.060591 0.981932 0.17927 -0.981075 0.0916752 -0.170551 -0.183904 -0.165543 0.968904 0.110086 1.36829 -0.561616</i>
                        <i>0.0155877 0.980497 0.195915 -0.977442 0.0562182 -0.203586 -0.21063 -0.188322 0.959255 0.100893 1.36146 -0.561926</i>
                        <i>-0.0669691 0.97021 0.232824 -0.965534 -0.0041949 -0.260243 -0.251514 -0.242228 0.937052 0.0854235 1.33716 -0.56312</i>
                        <i>-0.110005 0.961671 0.251174 -0.957004 -0.034238 -0.288046 -0.268406 -0.272061 0.924089 0.0780585 1.31966 -0.564034</i>
                        <i>-0.102213 0.964474 0.243604 -0.9571 -0.0286033 -0.288342 -0.27113 -0.262625 0.926022 0.0794877 1.3113 -0.563733</i>
                        <i>-0.0870121 0.969056 0.230996 -0.957227 -0.0171007 -0.288831 -0.275943 -0.246248 0.929095 0.0825962 1.30011 -0.56225</i>
                        <i>-0.0668884 0.974266 0.21525 -0.957163 -0.00174365 -0.289544 -0.281717 -0.225396 0.932648 0.0868142 1.28835 -0.55995</i>
                        <i>-0.0443813 0.979147 0.198244 -0.956757 0.0154457 -0.290479 -0.287483 -0.202563 0.93612 0.0915824 1.27831 -0.557211</i>
                        <i>-0.0221113 0.983081 0.18183 -0.956003 0.0324241 -0.291558 -0.292521 -0.180277 0.939112 0.0963314 1.27232 -0.554417</i>
                        <i>-0.00277866 0.985811 0.167835 -0.955066 0.0471271 -0.292623 -0.29638 -0.161106 0.941384 0.100474 1.2728 -0.551954</i>
                        <i>0.0108575 0.987366 0.158082 -0.954247 0.0574753 -0.293445 -0.298823 -0.147664 0.942815 0.103409 1.28221 -0.550203</i>
                        <i>0.0160175 0.987876 0.154416 -0.953903 0.0613862 -0.29377 -0.299688 -0.142592 0.943321 0.104523 1.30304 -0.549537</i>
                        <i>0.0249614 0.987379 0.156396 -0.950213 0.0720407 -0.303158 -0.310599 -0.141042 0.940019 0.108463 1.32348 -0.55612</i>
                        <i>0.0427195 0.986127 0.160398 -0.938831 0.0945337 -0.33115 -0.341719 -0.13644 0.929845 0.117399 1.36 -0.572835</i>
                        <i>0.0544318 0.985235 0.162324 -0.920178 0.112614 -0.374955 -0.387698 -0.128957 0.912721 0.126274 1.39717 -0.593994</i>
                        <i>0.0456972 0.98612 0.159621 -0.896792 0.110891 -0.428332 -0.440087 -0.123574 0.889412 0.129931 1.42002 -0.613848</i>
                        <i>0.0021249 0.988371 0.152043 -0.872605 0.0760943 -0.482463 -0.488422 -0.131649 0.86262 0.123065 1.41354 -0.626534</i>
                        <i>-0.0678482 0.991168 0.11394 -0.834116 0.00630621 -0.551553 -0.5474 -0.132461 0.826322 0.110415 1.34544 -0.640648</i>
                        <i>-0.132865 0.989995 0.0475049 -0.763639 -0.0716964 -0.64165 -0.631825 -0.121529 0.765525 0.102615 1.22749 -0.656544</i>
                        <i>-0.178455 0.983847 -0.0140713 -0.67264 -0.132419 -0.728025 -0.718129 -0.120455 0.685406 0.0994685 1.11083 -0.661218</i>
                        <i>-0.200525 0.97783 -0.0603172 -0.597181 -0.170807 -0.783709 -0.776637 -0.121133 0.618192 0.09695 1.04515 -0.652262</i>
                        <i>-0.200993 0.943398 -0.263821 -0.52984 -0.331219 -0.780746 -0.823936 -0.0171419 0.566423 0.099364 1.13273 -0.642509</i>
                        <i>-0.171588 0.952025 -0.253389 -0.647847 -0.302809 -0.699 -0.742194 0.0442176 0.668725 0.107152 1.25884 -0.58168</i>
                        <i>-0.194242 0.975506 -0.103234 -0.81528 -0.219064 -0.536032 -0.545517 -0.0199553 0.837862 0.104368 1.3013 -0.451283</i>
                        <i>-0.123147 0.98631 0.109669 -0.957222 -0.0888981 -0.275359 -0.26184 -0.138887 0.955065 0.115754 1.33483 -0.279496</i>
                        <i>0.050424 0.956661 0.286806 -0.99863 0.0523239 0.00104136 -0.0140106 -0.286465 0.957988 0.144441 1.35833 -0.105384</i>
                        <i>0.197933 0.903486 0.380177 -0.961838 0.104268 0.252974 0.188918 -0.415741 0.889646 0.166633 1.37113 0.0367973</i>
                        <i>0.246207 0.880631 0.40481 -0.899815 0.0524809 0.433103 0.360159 -0.470888 0.805326 0.161086 1.3705 0.113229</i>
                        <i>0.204502 0.886675 0.414712 -0.821091 -0.0752638 0.565813 0.532905 -0.456226 0.71265 0.125786 1.35383 0.150316</i>
                        <i>0.136209 0.901129 0.411599 -0.767614 -0.166647 0.618868 0.626272 -0.400244 0.66902 0.0913094 1.32363 0.178443</i>
                        <i>0.0959558 0.928655 0.358318 -0.785947 -0.150209 0.599771 0.610803 -0.33917 0.71546 0.0788525 1.27953 0.19042</i>
                        <i>0.0901609 0.95189 0.292876 -0.864583 -0.0711563 0.497427 0.494336 -0.298064 0.816572 0.081518 1.22468 0.189651</i>
                        <i>0.0921292 0.958706 0.269063 -0.925728 -0.0170716 0.377805 0.366797 -0.283886 0.885928 0.0831515 1.17957 0.190821</i>
                        <i>0.131536 0.945369 0.298289 -0.944588 0.0282372 0.32704 0.300751 -0.324778 0.896699 0.0854692 1.155 0.191106</i>
                        <i>0.229782 0.903444 0.361924 -0.94022 0.110017 0.322309 0.251371 -0.414349 0.874716 0.0926747 1.14258 0.18792</i>
                        <i>0.3352 0.848504 0.40949 -0.9187 0.198008 0.341736 0.208882 -0.490748 0.845893 0.0932187 1.14326 0.181586</i>
                        <i>0.413717 0.80519 0.424861 -0.89209 0.265406 0.365698 0.181696 -0.53031 0.828105 0.081646 1.15426 0.171839</i>
                        <i>0.445799 0.793765 0.413764 -0.875821 0.291289 0.384822 0.184934 -0.533936 0.825052 0.0620978 1.16996 0.157844</i>
                        <i>0.437049 0.811853 0.387147 -0.874016 0.281729 0.395885 0.21233 -0.511393 0.832702 0.0387852 1.18859 0.141284</i>
                        <i>0.409881 0.838458 0.359146 -0.878415 0.256766 0.403061 0.245733 -0.480686 0.841758 0.0159399 1.2087 0.124052</i>
                        <i>0.368701 0.868402 0.331568 -0.886094 0.22056 0.407664 0.280886 -0.444107 0.850807 -0.00386333 1.22906 0.106942</i>
                        <i>0.318918 0.896987 0.306115 -0.894415 0.177981 0.410298 0.31355 -0.404645 0.85904 -0.0207181 1.24843 0.0908168</i>
                        <i>0.261726 0.92205 0.285173 -0.902382 0.128972 0.411184 0.342352 -0.364953 0.865797 -0.0345977 1.26553 0.0766856</i>
                        <i>0.201382 0.941367 0.27069 -0.908884 0.0765481 0.409964 0.365206 -0.328585 0.871009 -0.0440848 1.27927 0.0654995</i>
                        <i>0.149446 0.953166 0.262946 -0.913717 0.0315003 0.405127 0.377871 -0.300803 0.875632 -0.049734 1.28851 0.0581493</i>
                        <i>0.117581 0.957966 0.261677 -0.918719 0.0048989 0.394881 0.377001 -0.286838 0.880678 -0.0520973 1.29193 0.0555751</i>
                    </KeyFrames>
                </p>
            </i>
            <i>
                <p>
                    <Name>
                        <![CDATA[spine2]]>
</Name>
                    <Exclude>0</Exclude>
                    <Additive>0</Additive>
                    <IKPriority>0</IKPriority>
                    <IKRotLimits>-1e+010 -1e+010 -1e+010 1e+010 1e+010 1e+010</IKRotLimits>
                    <IKRotLimitOrder>0</IKRotLimitOrder>
                    <KeyFrames count="71">
                        <i>0.143004 0.83099 0.537593 -0.898859 -0.118301 0.421968 0.414249 -0.543563 0.730025 -0.0335112 1.44285 0.096785</i>
                        <i>0.123149 0.822037 0.555959 -0.917797 -0.118748 0.378877 0.37747 -0.556915 0.739839 -0.0297229 1.43023 0.0501516</i>
                        <i>0.0739344 0.803182 0.591128 -0.951111 -0.121445 0.28397 0.29987 -0.583223 0.754937 -0.0130367 1.40901 -0.0548363</i>
                        <i>0.0163203 0.78898 0.614203 -0.972869 -0.129254 0.191884 0.230781 -0.60067 0.765464 0.0192398 1.40472 -0.163776</i>
                        <i>-0.0588791 0.805701 0.589389 -0.98747 -0.133601 0.0839874 0.146412 -0.577059 0.803471 0.0761817 1.43906 -0.28134</i>
                        <i>-0.130229 0.839195 0.528008 -0.990962 -0.127449 -0.0418502 0.0321738 -0.528686 0.848207 0.145306 1.49073 -0.411143</i>
                        <i>-0.155103 0.855739 0.493613 -0.987646 -0.123021 -0.0970657 -0.0223378 -0.50257 0.864248 0.185695 1.52063 -0.499757</i>
                        <i>-0.158711 0.856525 0.491096 -0.987109 -0.127244 -0.0970832 -0.020665 -0.500173 0.865679 0.179666 1.5121 -0.533609</i>
                        <i>-0.167713 0.858316 0.484939 -0.985636 -0.136088 -0.100007 -0.019843 -0.494746 0.868811 0.15049 1.4853 -0.541089</i>
                        <i>-0.176721 0.859974 0.478764 -0.984075 -0.14492 -0.10293 -0.0191348 -0.489329 0.871889 0.116626 1.45595 -0.535742</i>
                        <i>-0.180817 0.860683 0.475951 -0.983336 -0.148931 -0.104259 -0.0188502 -0.486872 0.87327 0.0964894 1.43985 -0.531163</i>
                        <i>-0.182773 0.844126 0.504029 -0.983093 -0.151133 -0.103381 -0.0110906 -0.514403 0.857477 0.0907879 1.42724 -0.530765</i>
                        <i>-0.184141 0.824074 0.535718 -0.982896 -0.152786 -0.102823 -0.00288322 -0.545489 0.838113 0.0878089 1.41851 -0.527252</i>
                        <i>-0.181987 0.82215 0.539398 -0.983295 -0.150211 -0.102801 -0.00349461 -0.549096 0.835752 0.0871281 1.42532 -0.520752</i>
                        <i>-0.178339 0.82266 0.539839 -0.983954 -0.14608 -0.102444 -0.00541691 -0.549446 0.835511 0.0879211 1.43686 -0.513198</i>
                        <i>-0.17428 0.824257 0.538727 -0.984665 -0.141532 -0.101997 -0.0078252 -0.548241 0.836284 0.0895471 1.45009 -0.505412</i>
                        <i>-0.170839 0.825707 0.537607 -0.985249 -0.137648 -0.101677 -0.00995493 -0.547047 0.837043 0.0913604 1.462 -0.498332</i>
                        <i>-0.168988 0.825927 0.537855 -0.985555 -0.135448 -0.101658 -0.0111112 -0.547265 0.836886 0.0927141 1.46959 -0.49301</i>
                        <i>-0.169673 0.82388 0.54077 -0.985443 -0.135932 -0.102098 -0.010609 -0.550221 0.834951 0.0929645 1.46987 -0.490544</i>
                        <i>-0.181126 0.802967 0.567835 -0.983449 -0.150639 -0.10068 0.00469555 -0.576673 0.816962 0.0941527 1.44235 -0.493643</i>
                        <i>-0.19782 0.766816 0.610623 -0.979724 -0.174854 -0.0978144 0.0317641 -0.617591 0.785858 0.0979387 1.3978 -0.500187</i>
                        <i>-0.197587 0.75933 0.619982 -0.97949 -0.178392 -0.0936741 0.0394704 -0.625775 0.779004 0.104452 1.37997 -0.506041</i>
                        <i>-0.129712 0.802086 0.582951 -0.990734 -0.128709 -0.0433569 0.040255 -0.583174 0.811349 0.111719 1.40788 -0.51285</i>
                        <i>-0.0138784 0.848485 0.529038 -0.996876 -0.0528848 0.0586667 0.0777558 -0.526571 0.846568 0.11668 1.45825 -0.520805</i>
                        <i>0.0816023 0.874976 0.47724 -0.987345 0.0056367 0.15849 0.135985 -0.484134 0.864363 0.11986 1.51044 -0.526982</i>
                        <i>0.119125 0.886014 0.448095 -0.978806 0.0290801 0.202713 0.166576 -0.462746 0.8707 0.121129 1.54221 -0.529409</i>
                        <i>0.0315879 0.881027 0.47201 -0.991602 -0.031629 0.125397 0.125407 -0.472007 0.872629 0.103883 1.53239 -0.527365</i>
                        <i>-0.139806 0.840063 0.524165 -0.9881 -0.152648 -0.0189037 0.0641322 -0.52057 0.851407 0.0745967 1.49737 -0.524414</i>
                        <i>-0.234203 0.80442 0.545947 -0.971296 -0.217655 -0.0959691 0.0416286 -0.552752 0.832305 0.0607926 1.47257 -0.523935</i>
                        <i>-0.227335 0.814666 0.533514 -0.973176 -0.209931 -0.0941187 0.0353257 -0.540599 0.840538 0.063645 1.463 -0.525285</i>
                        <i>-0.213687 0.830404 0.514556 -0.976614 -0.194387 -0.0918662 0.0237369 -0.522153 0.852522 0.069257 1.45134 -0.526092</i>
                        <i>-0.19518 0.848834 0.491309 -0.980724 -0.173614 -0.0896552 0.00919591 -0.499338 0.866358 0.0766752 1.43958 -0.526446</i>
                        <i>-0.173956 0.867426 0.466167 -0.984734 -0.150278 -0.0878343 -0.00613487 -0.47433 0.880326 0.0849631 1.42977 -0.526465</i>
                        <i>-0.152466 0.884106 0.441713 -0.988098 -0.127141 -0.086584 -0.0203897 -0.449657 0.892968 0.0931653 1.42409 -0.526275</i>
                        <i>-0.133453 0.897329 0.420704 -0.990537 -0.107042 -0.0858996 -0.0320472 -0.428186 0.903122 0.100294 1.42484 -0.526004</i>
                        <i>-0.119861 0.90598 0.405997 -0.99199 -0.0928671 -0.0856302 -0.0398755 -0.413009 0.909854 0.105331 1.43444 -0.525769</i>
                        <i>-0.114684 0.909106 0.400468 -0.992482 -0.0875053 -0.0855748 -0.0427535 -0.407271 0.912306 0.107241 1.45534 -0.52567</i>
                        <i>-0.102992 0.902522 0.418147 -0.993008 -0.0689097 -0.0958495 -0.0576919 -0.425095 0.903308 0.112563 1.47587 -0.531915</i>
                        <i>-0.0831273 0.883653 0.460704 -0.991633 -0.0275306 -0.126121 -0.0987636 -0.467333 0.878548 0.124254 1.51266 -0.54792</i>
                        <i>-0.0793373 0.857791 0.507839 -0.984757 0.0116625 -0.173543 -0.154786 -0.513866 0.843791 0.134967 1.55037 -0.568651</i>
                        <i>-0.109807 0.834387 0.54013 -0.971855 0.0238208 -0.234373 -0.208424 -0.550664 0.808288 0.137275 1.57396 -0.588808</i>
                        <i>-0.185016 0.821129 0.539923 -0.952569 -0.0147638 -0.303964 -0.241622 -0.570552 0.784913 0.123591 1.56802 -0.602642</i>
                        <i>-0.313849 0.828303 0.464126 -0.90618 -0.115388 -0.406846 -0.283437 -0.54827 0.786806 0.100018 1.49988 -0.622771</i>
                        <i>-0.457972 0.833222 0.309843 -0.807938 -0.244743 -0.536038 -0.370807 -0.495824 0.785277 0.0821573 1.38103 -0.649066</i>
                        <i>-0.557425 0.81967 0.13198 -0.677094 -0.356836 -0.643593 -0.480439 -0.448118 0.753903 0.0720147 1.26286 -0.663301</i>
                        <i>-0.584761 0.811139 -0.0104194 -0.575717 -0.424022 -0.699111 -0.571494 -0.402814 0.714938 0.0661484 1.19586 -0.661488</i>
                        <i>-0.533719 0.796113 -0.285216 -0.493105 -0.566975 -0.659838 -0.687016 -0.211527 0.695173 0.0685695 1.27769 -0.683031</i>
                        <i>-0.400579 0.88107 -0.251498 -0.694794 -0.471029 -0.543501 -0.597326 -0.0429761 0.800846 0.0811513 1.40391 -0.620254</i>
                        <i>-0.173952 0.981341 -0.0819149 -0.911306 -0.191943 -0.364251 -0.373177 0.0112872 0.927691 0.075087 1.44945 -0.466912</i>
                        <i>0.0619986 0.996844 0.0495706 -0.998066 0.0616977 0.00757996 0.00449764 -0.0499447 0.998742 0.097098 1.48673 -0.262534</i>
                        <i>0.213889 0.959853 0.181476 -0.904466 0.124407 0.408 0.369043 -0.251405 0.894764 0.152683 1.50684 -0.0608025</i>
                        <i>0.342663 0.903525 0.257344 -0.706038 0.0669659 0.705 0.619752 -0.423272 0.66087 0.198019 1.51198 0.0960763</i>
                        <i>0.379542 0.841272 0.384979 -0.498965 -0.16428 0.850909 0.779091 -0.515047 0.357414 0.200138 1.50787 0.176318</i>
                        <i>0.418784 0.777464 0.469222 -0.244607 -0.401037 0.882801 0.874522 -0.484477 0.022225 0.158723 1.49332 0.215406</i>
