<?xml version="1.0" encoding="ISO-8859-1" ?>
<Animl Version="1">
    <ModellingPackage><![CDATA[Maya.2010]]></ModellingPackage>
    <SrcFile><![CDATA[anims\vehicles\red\~src\air\bomber_tu95bear\bomber_tu95bear_maxspeed_turn_right.mb]]></SrcFile>
    <FramesPerSecond>30</FramesPerSecond>
    <TotalFrames>61</TotalFrames>
    <Skeleton>
        <RefFrame>
            <Name><![CDATA[tu95_ref_frame]]></Name>
            <Exclude>0</Exclude>
            <Additive>0</Additive>
            <IKPriority>0</IKPriority>
            <IKRotLimits>-1e+010 -1e+010 -1e+010 1e+010 1e+010 1e+010</IKRotLimits>
            <IKRotLimitOrder>0</IKRotLimitOrder>
            <KeyFrames count="61">
                <i>1 0 0 0 1 0 0 0 1 0 0 0</i>
                <i>1 0 0 0 1 0 0 0 1 0 0 0</i>
                <i>1 0 0 0 1 0 0 0 1 0 0 0</i>
                <i>1 0 0 0 1 0 0 0 1 0 0 0</i>
                <i>1 0 0 0 1 0 0 0 1 0 0 0</i>
                <i>1 0 0 0 1 0 0 0 1 0 0 0</i>
                <i>1 0 0 0 1 0 0 0 1 0 0 0</i>
                <i>1 0 0 0 1 0 0 0 1 0 0 0</i>
                <i>1 0 0 0 1 0 0 0 1 0 0 0</i>
                <i>1 0 0 0 1 0 0 0 1 0 0 0</i>
                <i>1 0 0 0 1 0 0 0 1 0 0 0</i>
                <i>1 0 0 0 1 0 0 0 1 0 0 0</i>
                <i>1 0 0 0 1 0 0 0 1 0 0 0</i>
                <i>1 0 0 0 1 0 0 0 1 0 0 0</i>
                <i>1 0 0 0 1 0 0 0 1 0 0 0</i>
                <i>1 0 0 0 1 0 0 0 1 0 0 0</i>
                <i>1 0 0 0 1 0 0 0 1 0 0 0</i>
                <i>1 0 0 0 1 0 0 0 1 0 0 0</i>
                <i>1 0 0 0 1 0 0 0 1 0 0 0</i>
                <i>1 0 0 0 1 0 0 0 1 0 0 0</i>
                <i>1 0 0 0 1 0 0 0 1 0 0 0</i>
                <i>1 0 0 0 1 0 0 0 1 0 0 0</i>
                <i>1 0 0 0 1 0 0 0 1 0 0 0</i>
                <i>1 0 0 0 1 0 0 0 1 0 0 0</i>
                <i>1 0 0 0 1 0 0 0 1 0 0 0</i>
                <i>1 0 0 0 1 0 0 0 1 0 0 0</i>
                <i>1 0 0 0 1 0 0 0 1 0 0 0</i>
                <i>1 0 0 0 1 0 0 0 1 0 0 0</i>
                <i>1 0 0 0 1 0 0 0 1 0 0 0</i>
                <i>1 0 0 0 1 0 0 0 1 0 0 0</i>
                <i>1 0 0 0 1 0 0 0 1 0 0 0</i>
                <i>1 0 0 0 1 0 0 0 1 0 0 0</i>
                <i>1 0 0 0 1 0 0 0 1 0 0 0</i>
                <i>1 0 0 0 1 0 0 0 1 0 0 0</i>
                <i>1 0 0 0 1 0 0 0 1 0 0 0</i>
                <i>1 0 0 0 1 0 0 0 1 0 0 0</i>
                <i>1 0 0 0 1 0 0 0 1 0 0 0</i>
                <i>1 0 0 0 1 0 0 0 1 0 0 0</i>
                <i>1 0 0 0 1 0 0 0 1 0 0 0</i>
                <i>1 0 0 0 1 0 0 0 1 0 0 0</i>
                <i>1 0 0 0 1 0 0 0 1 0 0 0</i>
                <i>1 0 0 0 1 0 0 0 1 0 0 0</i>
                <i>1 0 0 0 1 0 0 0 1 0 0 0</i>
                <i>1 0 0 0 1 0 0 0 1 0 0 0</i>
                <i>1 0 0 0 1 0 0 0 1 0 0 0</i>
                <i>1 0 0 0 1 0 0 0 1 0 0 0</i>
                <i>1 0 0 0 1 0 0 0 1 0 0 0</i>
                <i>1 0 0 0 1 0 0 0 1 0 0 0</i>
                <i>1 0 0 0 1 0 0 0 1 0 0 0</i>
                <i>1 0 0 0 1 0 0 0 1 0 0 0</i>
                <i>1 0 0 0 1 0 0 0 1 0 0 0</i>
                <i>1 0 0 0 1 0 0 0 1 0 0 0</i>
                <i>1 0 0 0 1 0 0 0 1 0 0 0</i>
                <i>1 0 0 0 1 0 0 0 1 0 0 0</i>
                <i>1 0 0 0 1 0 0 0 1 0 0 0</i>
                <i>1 0 0 0 1 0 0 0 1 0 0 0</i>
                <i>1 0 0 0 1 0 0 0 1 0 0 0</i>
                <i>1 0 0 0 1 0 0 0 1 0 0 0</i>
                <i>1 0 0 0 1 0 0 0 1 0 0 0</i>
                <i>1 0 0 0 1 0 0 0 1 0 0 0</i>
                <i>1 0 0 0 1 0 0 0 1 0 0 0</i>
            </KeyFrames>
        </RefFrame>
        <Bones count="16">
            <i>
                <p>
                    <Name><![CDATA[tu95_root]]></Name>
                    <Exclude>0</Exclude>
                    <Additive>0</Additive>
                    <IKPriority>0</IKPriority>
                    <IKRotLimits>-1e+010 -1e+010 -1e+010 1e+010 1e+010 1e+010</IKRotLimits>
                    <IKRotLimitOrder>0</IKRotLimitOrder>
                    <KeyFrames count="61">
                        <i>1 0 0 0 0.999973 0.00727962 0 -0.00727962 0.999973 -0.00516811 -0.0174491 -0.00308069</i>
                        <i>1 0.000285016 0 -0.000285009 0.999973 0.00730038 2.08073e-006 -0.00730038 0.999973 0.00574828 -0.0147506 -0.00464384</i>
                        <i>1 0.000584286 4.23516e-022 -0.00058427 0.999973 0.00736078 4.3008e-006 -0.00736078 0.999973 -0.00176891 0.0150434 -0.00600217</i>
                        <i>1 0.000895464 0 -0.00089544 0.999972 0.00745798 6.67836e-006 -0.00745798 0.999972 0.00867531 0.0436436 -0.00704481</i>
                        <i>0.999999 0.00121621 8.47033e-022 -0.00121617 0.99997 0.00758916 9.22998e-006 -0.00758916 0.999971 0.00537021 0.0609657 -0.00739753</i>
                        <i>0.999999 0.00154416 8.47033e-022 -0.00154412 0.999969 0.00775148 1.19696e-005 -0.00775148 0.99997 0.020791 0.0613221 -0.00680288</i>
                        <i>0.999998 0.00187699 0 -0.00187693 0.999967 0.00794212 1.49073e-005 -0.0079421 0.999968 0.0227635 0.0664043 -0.0055908</i>
                        <i>0.999998 0.00221235 0 -0.00221228 0.999964 0.00815823 1.80489e-005 -0.00815821 0.999967 0.0143557 0.0794886 -0.00398561</i>
                        <i>0.999997 0.00254789 1.69407e-021 -0.0025478 0.999961 0.008397 2.13946e-005 -0.00839697 0.999965 0.00531657 0.0911581 -0.00302921</i>
                        <i>0.999996 0.00288126 -1.69407e-021 -0.00288115 0.999958 0.00865558 2.4939e-005 -0.00865554 0.999963 0.00394063 0.0888766 -0.00319662</i>
                        <i>0.999995 0.00321012 -3.38813e-021 -0.00320999 0.999955 0.00893115 2.86701e-005 -0.0089311 0.99996 -0.00175642 0.0977709 -0.00319734</i>
                        <i>0.999994 0.00353213 3.38813e-021 -0.00353198 0.999951 0.00922087 3.25693e-005 -0.00922081 0.999958 0.0105548 0.112858 -0.00251053</i>
                        <i>0.999993 0.00384493 0 -0.00384476 0.999947 0.00952192 3.66111e-005 -0.00952185 0.999955 0.0206836 0.119647 -0.0017724</i>
                        <i>0.999991 0.00414619 3.38813e-021 -0.00414599 0.999943 0.00983146 4.07631e-005 -0.00983137 0.999952 0.00582027 0.137908 -0.00124783</i>
                        <i>0.99999 0.00443356 3.38813e-021 -0.00443333 0.999939 0.0101467 4.49858e-005 -0.0101466 0.999949 0.00589791 0.142795 -0.00134943</i>
                        <i>0.999989 0.00470469 0 -0.00470443 0.999934 0.0104647 4.92331e-005 -0.0104646 0.999945 -4.90379e-005 0.154132 -0.00212758</i>
                        <i>0.999988 0.00495724 3.38813e-021 -0.00495695 0.99993 0.0107827 5.34525e-005 -0.0107826 0.999942 -0.00280885 0.167045 -0.00275869</i>
                        <i>0.999987 0.00518886 -3.38813e-021 -0.00518854 0.999925 0.0110979 5.75855e-005 -0.0110978 0.999938 -0.00378584 0.167755 -0.00298955</i>
                        <i>0.999985 0.0053972 0 -0.00539685 0.99992 0.0114074 6.15683e-005 -0.0114073 0.999935 0.000201073 0.15803 -0.00253471</i>
                        <i>0.999984 0.00557993 0 -0.00557955 0.999916 0.0117085 6.53325e-005 -0.0117083 0.999931 -0.00345833 0.157723 -0.00144783</i>
                        <i>0.999984 0.00573469 0 -0.00573428 0.999912 0.0119982 6.8806e-005 -0.011998 0.999928 0.025618 0.152858 -0.000532085</i>
                        <i>0.999983 0.00585915 -6.77626e-021 -0.00585871 0.999907 0.0122738 7.19138e-005 -0.0122736 0.999925 0.00494167 0.152227 8.78453e-005</i>
                        <i>0.999982 0.00595095 0 -0.00595048 0.999904 0.0125323 7.45792e-005 -0.0125321 0.999921 -0.00363732 0.15428 0.000562153</i>
                        <i>0.999982 0.00600775 6.77626e-021 -0.00600726 0.9999 0.0127711 7.67254e-005 -0.0127709 0.999918 -0.00102682 0.166943 0.000865682</i>
                        <i>0.999982 0.0060272 0 -0.00602669 0.999897 0.0129872 7.82764e-005 -0.012987 0.999916 0.00738812 0.164566 0.000768973</i>
                        <i>0.999982 0.00600541 -6.77626e-021 -0.00600489 0.999895 0.0131778 7.91382e-005 -0.0131776 0.999913 -0.00528485 0.156283 0.000466956</i>
                        <i>0.999982 0.005942 -6.77626e-021 -0.00594148 0.999893 0.0133401 7.92671e-005 -0.0133399 0.999911 0.00103836 0.156787 0.000851486</i>
                        <i>0.999983 0.00583992 0 -0.00583939 0.999892 0.0134713 7.86712e-005 -0.0134711 0.999909 0.0103817 0.163536 0.00174482</i>
                        <i>0.999984 0.00570208 0 -0.00570156 0.999892 0.0135685 7.73687e-005 -0.0135683 0.999908 0.00168651 0.16098 0.00223737</i>
                        <i>0.999985 0.00553145 -6.77626e-021 -0.00553093 0.999892 0.0136289 7.53875e-005 -0.0136287 0.999907 -0.0144143 0.135013 0.00248122</i>
                        <i>0.999986 0.00533094 0 -0.00533045 0.999893 0.0136496 7.27655e-005 -0.0136495 0.999907 -0.0281135 0.12764 0.00312478</i>
                        <i>0.999987 0.00510351 0 -0.00510303 0.999894 0.0136289 6.95551e-005 -0.0136287 0.999907 -0.0361381 0.120392 0.00385904</i>
                        <i>0.999988 0.00485208 0 -0.00485164 0.999896 0.0135685 6.58354e-005 -0.0135683 0.999908 -0.0227868 0.0972961 0.00383007</i>
                        <i>0.99999 0.0045796 0 -0.00457919 0.999899 0.0134713 6.16932e-005 -0.0134712 0.999909 -0.0125724 0.090137 0.00321098</i>
                        <i>0.999991 0.00428901 0 -0.00428863 0.999902 0.0133401 5.72159e-005 -0.01334 0.999911 0.000684271 0.0945906 0.00244353</i>
                        <i>0.999992 0.00398324 3.38813e-021 -0.00398289 0.999905 0.0131778 5.24903e-005 -0.0131777 0.999913 0.00476892 0.0892569 0.00160977</i>
                        <i>0.999993 0.00366522 3.38813e-021 -0.00366492 0.999909 0.0129872 4.7601e-005 -0.0129871 0.999916 0.0081706 0.0880676 0.000830939</i>
                        <i>0.999994 0.00333791 0 -0.00333764 0.999913 0.0127711 4.26288e-005 -0.012771 0.999918 0.0144685 0.0724897 0.000295413</i>
                        <i>0.999995 0.00300424 0 -0.003004 0.999917 0.0125323 3.76501e-005 -0.0125323 0.999921 0.00695202 0.0621987 0.000283424</i>
                        <i>0.999996 0.00266713 3.38813e-021 -0.00266693 0.999921 0.0122738 3.27357e-005 -0.0122737 0.999925 -0.000843973 0.0509621 0.000546745</i>
                        <i>0.999997 0.00232954 0 -0.00232937 0.999925 0.0119982 2.79503e-005 -0.0119982 0.999928 0.0110279 0.048785 0.000766292</i>
                        <i>0.999998 0.0019944 0 -0.00199427 0.999929 0.0117085 2.33514e-005 -0.0117085 0.999931 0.0178835 0.0486076 0.000664316</i>
                        <i>0.999999 0.00166465 -1.69407e-021 -0.00166454 0.999934 0.0114074 1.89894e-005 -0.0114074 0.999935 0.0197363 0.0426793 -5.27608e-005</i>
                        <i>0.999999 0.00134323 8.47033e-022 -0.00134315 0.999938 0.0110979 1.4907e-005 -0.0110979 0.999938 0.0230572 0.0301448 -0.000645471</i>
                        <i>0.999999 0.00103307 8.47033e-022 -0.00103301 0.999941 0.0107827 1.11393e-005 -0.0107827 0.999942 0.00152045 0.0208282 -0.000462239</i>
                        <i>1 0.000737113 0 -0.000737073 0.999945 0.0104647 7.71366e-006 -0.0104647 0.999945 -0.00308405 0.0132204 -3.46571e-005</i>
                        <i>1 0.000458297 0 -0.000458274 0.999948 0.0101467 4.65019e-006 -0.0101467 0.999949 -0.00543014 0.00571872 0.000246352</i>
                        <i>1 0.000199562 0 -0.000199552 0.999952 0.00983145 1.96198e-006 -0.00983145 0.999952 -0.00463707 -0.00151136 0.00069032</i>
                        <i>1 -3.6157e-005 -2.64698e-023 3.61554e-005 0.999955 0.00952192 -3.44284e-007 -0.00952192 0.999955 0.00452994 -0.0297165 0.00148067</i>
                        <i>1 -0.000245921 0 0.00024591 0.999957 0.00922087 -2.2676e-006 -0.00922087 0.999958 0.00553767 -0.0510232 0.00213789</i>
                        <i>1 -0.000426792 0 0.000426775 0.99996 0.00893115 -3.81174e-006 -0.00893114 0.99996 -0.00599461 -0.0377405 0.00240636</i>
                        <i>1 -0.000575831 0 0.000575809 0.999962 0.00865558 -4.98415e-006 -0.00865558 0.999963 0.0156486 -0.0329445 0.00229615</i>
                        <i>1 -0.0006901 0 0.000690076 0.999965 0.008397 -5.79477e-006 -0.00839699 0.999965 0.0161 -0.0385581 0.00182744</i>
                        <i>1 -0.000766663 0 0.000766637 0.999966 0.00815823 -6.25461e-006 -0.00815823 0.999967 -0.00330562 -0.0438122 0.00130774</i>
                        <i>1 -0.00080258 4.23516e-022 0.000802555 0.999968 0.00794212 -6.37419e-006 -0.00794212 0.999968 -0.0198924 -0.0312284 0.000839446</i>
                        <i>1 -0.000794914 4.23516e-022 0.00079489 0.99997 0.00775148 -6.16176e-006 -0.00775148 0.99997 -0.00736886 -0.0239034 0.000174687</i>
                        <i>1 -0.000740726 4.23516e-022 0.000740705 0.999971 0.00758916 -5.62149e-006 -0.00758916 0.999971 0.0126076 -0.0216679 -0.000743315</i>
                        <i>1 -0.000637079 0 0.000637061 0.999972 0.00745798 -4.75133e-006 -0.00745798 0.999972 0.018467 -0.0095911 -0.00163012</i>
                        <i>1 -0.000481034 -2.11758e-022 0.000481021 0.999973 0.00736078 -3.54078e-006 -0.00736078 0.999973 -0.00381491 -0.000838058 -0.00230358</i>
                        <i>1 -0.000269654 0 0.000269647 0.999973 0.00730038 -1.96857e-006 -0.00730038 0.999973 -0.0196598 0.0109127 -0.00184541</i>
                        <i>1 0 0 0 0.999973 0.00727962 0 -0.00727962 0.999973 -0.0284501 -0.0104686 -0.000167579</i>
                    </KeyFrames>
                </p>
            </i>
            <i>
                <p>
                    <Name><![CDATA[l2_prop_1]]></Name>
                    <Exclude>0</Exclude>
                    <Additive>0</Additive>
                    <IKPriority>0</IKPriority>
                    <IKRotLimits>-1e+010 -1e+010 -1e+010 1e+010 1e+010 1e+010</IKRotLimits>
                    <IKRotLimitOrder>0</IKRotLimitOrder>
                    <KeyFrames count="61">
                        <i>0.249539 -0.968339 -0.00704932 0.968365 0.249532 0.00181655 0 -0.00727962 0.999973 21.1019 -1.28402 9.35133</i>
                        <i>0.622058 -0.78295 -0.00571728 0.782971 0.622041 0.00453963 2.08073e-006 -0.00730038 0.999973 21.1132 -1.2755 9.34974</i>
                        <i>0.88688 -0.461988 -0.0034045 0.462001 0.886856 0.00652614 4.3008e-006 -0.00736078 0.999973 21.1061 -1.23995 9.34831</i>
                        <i>0.998136 -0.0610199 -0.000461764 0.0610216 0.998109 0.00744367 6.67836e-006 -0.00745798 0.999972 21.1169 -1.20569 9.34714</i>
                        <i>0.93655 0.350523 0.00265161 -0.350533 0.936523 0.00711086 9.22998e-006 -0.00758916 0.999971 21.114 -1.18283 9.34662</i>
                        <i>0.712777 0.70137 0.00542828 -0.701391 0.712755 0.00553347 1.19696e-005 -0.00775148 0.99997 21.1298 -1.17707 9.34701</i>
                        <i>0.365563 0.930757 0.00738696 -0.930787 0.365551 0.00291721 1.49073e-005 -0.0079421 0.999968 21.1322 -1.16674 9.34798</i>
                        <i>-0.044962 0.998955 0.00815077 -0.998989 -0.0449607 -0.00034878 1.80489e-005 -0.00815821 0.999967 21.1242 -1.1486 9.34931</i>
                        <i>-0.4477 0.894152 0.00751801 -0.894184 -0.447685 -0.00374019 2.13946e-005 -0.00839697 0.999965 21.1156 -1.13208 9.34996</i>
                        <i>-0.772903 0.6345 0.00551142 -0.634524 -0.772875 -0.00667407 2.4939e-005 -0.00865554 0.999963 21.1146 -1.12974 9.34946</i>
                        <i>-0.964254 0.26497 0.00239422 -0.264981 -0.964215 -0.00860425 2.86701e-005 -0.0089311 0.99996 21.1094 -1.11648 9.34911</i>
                        <i>-0.988619 -0.150437 -0.00135501 0.150443 -0.988577 -0.00912077 3.25693e-005 -0.00922081 0.999958 21.1221 -1.09731 9.34942</i>
                        <i>-0.841788 -0.539783 -0.00510915 0.539807 -0.84175 -0.00803514 3.66111e-005 -0.00952185 0.999955 21.1326 -1.08673 9.34977</i>
                        <i>-0.549201 -0.83565 -0.0081936 0.83569 -0.549174 -0.00543346 4.07631e-005 -0.00983137 0.999952 21.1181 -1.065 9.3499</i>
                        <i>-0.161531 -0.986817 -0.010006 0.986868 -0.161522 -0.00168337 4.49858e-005 -0.0101466 0.999949 21.1185 -1.057 9.34939</i>
                        <i>0.254092 -0.967127 -0.0101336 0.96718 0.254079 0.00261135 4.92331e-005 -0.0104646 0.999945 21.1129 -1.04291 9.3482</i>
                        <i>0.625709 -0.780011 -0.00844447 0.780056 0.625673 0.00670507 5.34525e-005 -0.0107826 0.999942 21.1105 -1.02764 9.34716</i>
                        <i>0.888997 -0.457883 -0.00513299 0.457912 0.888943 0.00983952 5.75855e-005 -0.0110978 0.999938 21.1098 -1.02499 9.34652</i>
                        <i>0.998401 -0.0565236 -0.000706297 0.056528 0.998336 0.0113856 6.15683e-005 -0.0114073 0.999935 21.114 -1.0332 9.34657</i>
                        <i>0.935012 0.354593 0.00409088 -0.354617 0.934947 0.0109706 6.53325e-005 -0.0117083 0.999931 21.1106 -1.03247 9.34726</i>
                        <i>0.709832 0.704321 0.00840222 -0.704371 0.70978 0.00856502 6.8806e-005 -0.011998 0.999928 21.1399 -1.03677 9.3478</i>
                        <i>0.361853 0.932165 0.0114158 -0.932235 0.361825 0.00450826 7.19138e-005 -0.0122736 0.999925 21.1194 -1.03735 9.34806</i>
                        <i>-0.0486959 0.998735 0.0125209 -0.998814 -0.048693 -0.000535777 7.45792e-005 -0.0125321 0.999921 21.1109 -1.03578 9.34819</i>
                        <i>-0.450791 0.892556 0.0114342 -0.89263 -0.450755 -0.0056885 7.67254e-005 -0.0127709 0.999918 21.1136 -1.02415 9.34818</i>
                        <i>-0.774895 0.632036 0.00826957 -0.63209 -0.774831 -0.0100141 7.82764e-005 -0.012987 0.999916 21.1221 -1.02814 9.3478</i>
                        <i>-0.96499 0.262261 0.00353264 -0.262285 -0.964907 -0.0126955 7.91382e-005 -0.0131776 0.999913 21.1094 -1.03866 9.34724</i>
                        <i>-0.988253 -0.152812 -0.00196033 0.152825 -0.988165 -0.0131953 7.92671e-005 -0.0133399 0.999911 21.1156 -1.04101 9.34741</i>
                        <i>-0.84071 -0.541437 -0.00722825 0.541485 -0.840633 -0.0113679 7.86712e-005 -0.0134711 0.999909 21.1249 -1.03764 9.34813</i>
                        <i>-0.547901 -0.836467 -0.0113081 0.836543 -0.547849 -0.00749878 7.73687e-005 -0.0135683 0.999908 21.116 -1.04402 9.3485</i>
                        <i>-0.160447 -0.986953 -0.01344 0.987044 -0.160431 -0.00226109 7.53875e-005 -0.0136287 0.999907 21.0997 -1.07415 9.34866</i>
                        <i>0.254697 -0.966931 -0.0132178 0.967021 0.254674 0.00340612 7.27655e-005 -0.0136495 0.999907 21.0858 -1.08595 9.34928</i>
                        <i>0.625824 -0.779892 -0.0106734 0.779965 0.625766 0.00847492 6.95551e-005 -0.0136287 0.999907 21.0775 -1.09781 9.35004</i>
                        <i>0.888843 -0.458169 -0.00627568 0.458212 0.888762 0.01203 6.58354e-005 -0.0135683 0.999908 21.0905 -1.12565 9.35009</i>
                        <i>0.998354 -0.0573384 -0.000834081 0.0573444 0.998264 0.0134454 6.16932e-005 -0.0134712 0.999909 21.1004 -1.13765 9.3496</i>
                        <i>0.935469 0.353378 0.00466095 -0.353408 0.935386 0.0124994 5.72159e-005 -0.01334 0.999911 21.1133 -1.13811 9.34901</i>
                        <i>0.711064 0.703067 0.00922829 -0.703128 0.711001 0.00940709 5.24903e-005 -0.0131777 0.999913 21.117 -1.14838 9.34839</i>
                        <i>0.363898 0.931361 0.0120794 -0.931439 0.363866 0.00477031 4.7601e-005 -0.0129871 0.999916 21.12 -1.1545 9.34786</i>
                        <i>-0.0460859 0.998856 0.0127594 -0.998937 -0.0460827 -0.000545984 4.26288e-005 -0.012771 0.999918 21.1259 -1.17497 9.34761</i>
                        <i>-0.448107 0.893909 0.0112205 -0.89398 -0.448073 -0.00558215 3.76501e-005 -0.0125323 0.999921 21.1179 -1.19007 9.34791</i>
                        <i>-0.772768 0.634641 0.00781529 -0.634689 -0.77271 -0.00946396 3.27357e-005 -0.0122737 0.999925 21.1097 -1.20601 9.34852</i>
                        <i>-0.96402 0.265811 0.00321642 -0.26583 -0.963951 -0.011559 2.79503e-005 -0.0119982 0.999928 21.1211 -1.21274 9.3491</i>
                        <i>-0.988849 -0.148913 -0.00172056 0.148922 -0.988781 -0.0115814 2.33514e-005 -0.0117085 0.999931 21.1276 -1.21728 9.34937</i>
                        <i>-0.842964 -0.537935 -0.00612085 0.53797 -0.842909 -0.00962627 1.89894e-005 -0.0114074 0.999935 21.129 -1.22736 9.34905</i>
                        <i>-0.551541 -0.834097 -0.00924907 0.834148 -0.551507 -0.00613338 1.4907e-005 -0.0110979 0.999938 21.1319 -1.24378 9.34886</i>
                        <i>-0.164885 -0.986255 -0.0106333 0.986313 -0.164876 -0.0017889 1.11393e-005 -0.0107827 0.999942 21.11 -1.2567 9.34945</i>
                        <i>0.250252 -0.968128 -0.0101336 0.968181 0.250239 0.00261134 7.71366e-006 -0.0104647 0.999945 21.105 -1.26758 9.35029</i>
                        <i>0.622194 -0.782823 -0.00794633 0.782863 0.622162 0.00630955 4.65019e-006 -0.0101467 0.999949 21.1023 -1.27799 9.35099</i>
                        <i>0.886702 -0.462319 -0.00454723 0.462342 0.886659 0.00871666 1.96198e-006 -0.00983145 0.999952 21.1027 -1.28774 9.35184</i>
                        <i>0.998079 -0.0619487 -0.000589553 0.0619515 0.998034 0.00950365 -3.44284e-007 -0.00952192 0.999955 21.1116 -1.31802 9.35303</i>
                        <i>0.937062 0.349148 0.00322171 -0.349163 0.937022 0.00863973 -2.2676e-006 -0.00922087 0.999958 21.1123 -1.34094 9.35407</i>
                        <i>0.714157 0.699957 0.00625439 -0.699985 0.714129 0.00637557 -3.81174e-006 -0.00893114 0.99996 21.1006 -1.32877 9.35471</i>
                        <i>0.367844 0.929853 0.00805054 -0.929887 0.367831 0.00317927 -4.98415e-006 -0.00865558 0.999963 21.122 -1.32454 9.35496</i>
                        <i>-0.0420622 0.99908 0.00838932 -0.999115 -0.0420606 -0.000358985 -5.79477e-006 -0.00839699 0.999965 21.1223 -1.33015 9.35482</i>
                        <i>-0.444733 0.895633 0.00730424 -0.895663 -0.444719 -0.00363384 -6.25461e-006 -0.00815823 0.999967 21.1028 -1.33478 9.3546</i>
                        <i>-0.770561 0.637346 0.00505713 -0.637366 -0.770537 -0.00612395 -6.37419e-006 -0.00794212 0.999968 21.0862 -1.32093 9.35441</i>
                        <i>-0.963185 0.268833 0.00207798 -0.268841 -0.963156 -0.00746776 -6.16176e-006 -0.00775148 0.99997 21.0987 -1.31166 9.35399</i>
                        <i>-0.989252 -0.146213 -0.00111523 0.146218 -0.989224 -0.00750677 -5.62149e-006 -0.00758916 0.999971 21.1188 -1.30677 9.35328</i>
                        <i>-0.8442 -0.536014 -0.0040017 0.536029 -0.844176 -0.00629348 -4.75133e-006 -0.00745798 0.999972 21.1248 -1.29128 9.35255</i>
                        <i>-0.553061 -0.833118 -0.00613452 0.833141 -0.553046 -0.00406801 -3.54078e-006 -0.00736078 0.999973 21.1027 -1.27832 9.352</i>
                        <i>-0.16617 -0.986071 -0.00719921 0.986097 -0.166165 -0.00121116 -1.96857e-006 -0.00730038 0.999973 21.0871 -1.26154 9.35254</i>
                        <i>0.249539 -0.968339 -0.00704932 0.968365 0.249532 0.00181655 0 -0.00727962 0.999973 21.0786 -1.27704 9.35424</i>
                    </KeyFrames>
                </p>
            </i>
            <i>
                <p>
                    <Name><![CDATA[l2_prop_2]]></Name>
                    <Exclude>0</Exclude>
                    <Additive>0</Additive>
                    <IKPriority>0</IKPriority>
                    <IKRotLimits>-1e+010 -1e+010 -1e+010 1e+010 1e+010 1e+010</IKRotLimits>
                    <IKRotLimitOrder>0</IKRotLimitOrder>
                    <KeyFrames count="61">
                        <i>1 0 0 0 0.999973 0.00727962 0 -0.00727962 0.999973 21.1019 -1.27408 7.98611</i>
                        <i>0.866168 -0.49974 -0.00365019 0.499753 0.866145 0.00632231 2.08073e-006 -0.00730038 0.999973 21.1132 -1.26553 7.98452</i>
                        <i>0.500506 -0.86571 -0.00637462 0.865733 0.500492 0.00368039 4.3008e-006 -0.00736078 0.999973 21.1061 -1.2299 7.98309</i>
                        <i>0.000895374 -0.999972 -0.00745798 1 0.000895399 -4.89407e-010 6.67836e-006 -0.00745798 0.999972 21.1169 -1.19551 7.98192</i>
                        <i>-0.498946 -0.866608 -0.00657241 0.866633 -0.498932 -0.00379458 9.22998e-006 -0.00758916 0.999971 21.114 -1.17247 7.9814</i>
                        <i>-0.865252 -0.501322 -0.00387574 0.501337 -0.865226 -0.00671298 1.19696e-005 -0.00775148 0.99997 21.1298 -1.16648 7.98179</i>
                        <i>-0.999998 -0.00187702 -2.44959e-010 0.00187696 -0.999967 -0.00794212 1.49073e-005 -0.0079421 0.999968 21.1322 -1.1559 7.98277</i>
                        <i>-0.867129 0.498066 0.00407912 -0.498083 -0.867101 -0.00706524 1.80489e-005 -0.00815821 0.999967 21.1242 -1.13746 7.9841</i>
                        <i>-0.502205 0.864718 0.00727201 -0.864749 -0.502187 -0.0041985 2.13946e-005 -0.00839697 0.999965 21.1156 -1.12062 7.98475</i>
                        <i>-0.00288103 0.999958 0.00865558 -0.999996 -0.00288114 1.02765e-009 2.4939e-005 -0.00865554 0.999963 21.1146 -1.11793 7.98426</i>
                        <i>0.497218 0.867591 0.0077346 -0.867626 0.497197 0.00446557 2.86701e-005 -0.0089311 0.99996 21.1093 -1.10429 7.98391</i>
                        <i>0.864254 0.503034 0.00461043 -0.503056 0.864217 0.00798551 3.25693e-005 -0.00922081 0.999958 21.122 -1.08472 7.98423</i>
                        <i>0.999993 0.00384489 -4.25634e-010 -0.00384471 0.999947 0.00952192 3.66111e-005 -0.00952185 0.999955 21.1325 -1.07373 7.98458</i>
                        <i>0.868091 -0.496381 -0.00491573 0.496405 0.868049 0.00851429 4.07631e-005 -0.00983137 0.999952 21.118 -1.05158 7.98471</i>
                        <i>0.503834 -0.863755 -0.00878726 0.8638 0.503809 0.00507333 4.49858e-005 -0.0101466 0.999949 21.1185 -1.04314 7.98421</i>
                        <i>0.00470398 -0.999934 -0.0104647 0.999989 0.00470424 -4.68592e-009 4.92331e-005 -0.0104646 0.999945 21.1128 -1.02862 7.98302</i>
                        <i>-0.495701 -0.868443 -0.00933811 0.868493 -0.495672 -0.00539136 5.34525e-005 -0.0107826 0.999942 21.1104 -1.01292 7.98198</i>
                        <i>-0.86342 -0.504456 -0.00554895 0.504486 -0.863366 -0.00961108 5.75855e-005 -0.0110978 0.999938 21.1097 -1.00983 7.98134</i>
                        <i>-0.999985 -0.00539728 -8.88874e-010 0.00539693 -0.99992 -0.0114074 6.15683e-005 -0.0114073 0.999935 21.114 -1.01763 7.9814</i>
                        <i>-0.868802 0.495126 0.00585425 -0.49516 -0.868742 -0.0101398 6.53325e-005 -0.0117083 0.999931 21.1105 -1.01648 7.9821</i>
                        <i>-0.504958 0.863081 0.0103907 -0.863144 -0.504922 -0.0059991 6.8806e-005 -0.011998 0.999928 21.1398 -1.02039 7.98264</i>
                        <i>-0.00585837 0.999907 0.0122738 -0.999983 -0.00585881 4.15622e-009 7.19138e-005 -0.0122736 0.999925 21.1193 -1.0206 7.9829</i>
                        <i>0.494838 0.868918 0.0108533 -0.868985 0.494798 0.00626616 7.45792e-005 -0.0125321 0.999921 21.1108 -1.01867 7.98304</i>
                        <i>0.863006 0.505153 0.00638554 -0.505193 0.862935 0.0110601 7.67254e-005 -0.0127709 0.999918 21.1135 -1.00671 7.98303</i>
                        <i>0.999982 0.00602738 2.29362e-009 -0.00602687 0.999897 0.0129872 7.82764e-005 -0.012987 0.999916 21.122 -1.0104 7.98266</i>
                        <i>0.869012 -0.494747 -0.00658891 0.494791 0.868937 0.0114123 7.91382e-005 -0.0131776 0.999913 21.1093 -1.02067 7.98211</i>
                        <i>0.505137 -0.862962 -0.0115529 0.863039 0.505093 0.00667006 7.92671e-005 -0.0133399 0.999911 21.1155 -1.0228 7.98228</i>
                        <i>0.00583914 -0.999892 -0.0134713 0.999983 0.00583967 -3.33307e-009 7.86712e-005 -0.0134711 0.999909 21.1247 -1.01925 7.983</i>
                        <i>-0.495054 -0.868783 -0.0117507 0.868862 -0.495007 -0.00678424 7.73687e-005 -0.0135683 0.999908 21.1159 -1.0255 7.98337</i>
                        <i>-0.863247 -0.504736 -0.00681444 0.504782 -0.863166 -0.011803 7.53875e-005 -0.0136287 0.999907 21.0996 -1.05555 7.98353</i>
                        <i>-0.999986 -0.00533121 -3.5943e-009 0.00533071 -0.999893 -0.0136496 7.27655e-005 -0.0136495 0.999907 21.0857 -1.06732 7.98415</i>
                        <i>-0.868565 0.495528 0.00681446 -0.495575 -0.868485 -0.011803 6.95551e-005 -0.0136287 0.999907 21.0774 -1.0792 7.98491</i>
                        <i>-0.504195 0.86351 0.0117507 -0.86359 -0.50415 -0.00678424 6.58354e-005 -0.0135683 0.999908 21.0904 -1.10713 7.98496</i>
                        <i>-0.00457903 0.999899 0.0134713 -0.99999 -0.00457944 2.18501e-009 6.16932e-005 -0.0134712 0.999909 21.1003 -1.11926 7.98447</i>
                        <i>0.496281 0.868085 0.0115529 -0.868162 0.496236 0.00667006 5.72159e-005 -0.01334 0.999911 21.1132 -1.1199 7.98387</i>
                        <i>0.864028 0.503401 0.00658889 -0.503444 0.863952 0.0114123 5.24903e-005 -0.0131777 0.999913 21.1169 -1.13039 7.98325</i>
                        <i>0.999993 0.00366464 -7.6134e-009 -0.00366433 0.999909 0.0129872 4.7601e-005 -0.0129871 0.999916 21.1199 -1.13677 7.98272</i>
                        <i>0.867689 -0.497066 -0.00638554 0.497107 0.867619 0.0110601 4.26288e-005 -0.012771 0.999918 21.1258 -1.15754 7.98246</i>
                        <i>0.5026 -0.864451 -0.0108533 0.864519 0.502561 0.00626617 3.76501e-005 -0.0125323 0.999921 21.1179 -1.17297 7.98276</i>
                        <i>0.00266592 -0.999921 -0.0122738 0.999996 0.00266612 -1.23628e-008 3.27357e-005 -0.0122737 0.999925 21.1096 -1.18925 7.98336</i>
                        <i>-0.497982 -0.867125 -0.0103907 0.867187 -0.497946 -0.00599911 2.79503e-005 -0.0119982 0.999928 21.1211 -1.19636 7.98394</i>
                        <i>-0.865027 -0.501692 -0.00585424 0.501726 -0.864967 -0.0101398 2.33514e-005 -0.0117085 0.999931 21.1275 -1.2013 7.98421</i>
                        <i>-0.999999 -0.0016651 -5.11886e-009 0.00166499 -0.999934 -0.0114074 1.89894e-005 -0.0114074 0.999935 21.129 -1.21178 7.98388</i>
                        <i>-0.866696 0.498806 0.00554897 -0.498837 -0.866642 -0.00961107 1.4907e-005 -0.0110979 0.999938 21.1319 -1.22863 7.98369</i>
                        <i>-0.500894 0.865458 0.00933811 -0.865509 -0.500865 -0.00539135 1.11393e-005 -0.0107827 0.999942 21.1099 -1.24198 7.98428</i>
                        <i>-0.000737111 0.999945 0.0104647 -1 -0.000737151 -3.99404e-010 7.71366e-006 -0.0104647 0.999945 21.105 -1.25329 7.98511</i>
                        <i>0.499604 0.866209 0.00878725 -0.866254 0.499579 0.00507334 4.65019e-006 -0.0101467 0.999949 21.1023 -1.26414 7.9858</i>
                        <i>0.865926 0.500148 0.00491572 -0.500172 0.865884 0.00851429 1.96198e-006 -0.00983145 0.999952 21.1027 -1.27431 7.98665</i>
                        <i>1 -3.65219e-005 -3.47471e-009 3.65203e-005 0.999955 0.00952192 -3.44284e-007 -0.00952192 0.999955 21.1116 -1.30502 7.98783</i>
                        <i>0.865902 -0.500192 -0.00461043 0.500213 0.865866 0.00798551 -2.2676e-006 -0.00922087 0.999958 21.1123 -1.32835 7.98887</i>
                        <i>0.499629 -0.866205 -0.0077346 0.866239 0.499609 0.00446556 -3.81174e-006 -0.00893114 0.99996 21.1006 -1.31657 7.98951</i>
                        <i>-0.000576568 -0.999962 -0.00865558 1 -0.00057659 -6.5698e-009 -4.98415e-006 -0.00865558 0.999963 21.122 -1.31272 7.98975</i>
                        <i>-0.500598 -0.86565 -0.00727201 0.86568 -0.50058 -0.0041985 -5.79477e-006 -0.00839699 0.999965 21.1223 -1.31868 7.98961</i>
                        <i>-0.866408 -0.499319 -0.00407912 0.499336 -0.86638 -0.00706524 -6.25461e-006 -0.00815823 0.999967 21.1028 -1.32364 7.98939</i>
                        <i>-1 0.000803723 9.07515e-009 -0.000803698 -0.999968 -0.00794212 -6.37419e-006 -0.00794212 0.999968 21.0862 -1.31009 7.9892</i>
                        <i>-0.865627 0.500674 0.00387575 -0.500689 -0.865601 -0.00671298 -6.16176e-006 -0.00775148 0.99997 21.0987 -1.30108 7.98877</i>
                        <i>-0.499358 0.866371 0.00657241 -0.866396 -0.499344 -0.00379458 -5.62149e-006 -0.00758916 0.999971 21.1188 -1.29641 7.98806</i>
                        <i>0.000636703 0.999972 0.00745798 -1 0.000636721 -2.67149e-009 -4.75133e-006 -0.00745798 0.999972 21.1248 -1.28109 7.98734</i>
                        <i>0.500417 0.865761 0.00637462 -0.865784 0.500404 0.0036804 -3.54078e-006 -0.00736078 0.999973 21.1027 -1.26827 7.98678</i>
                        <i>0.86616 0.499753 0.00365019 -0.499766 0.866137 0.00632232 -1.96857e-006 -0.00730038 0.999973 21.0871 -1.25158 7.98732</i>
                        <i>1 1.22461e-015 8.91496e-018 -1.22465e-015 0.999973 0.00727962 0 -0.00727962 0.999973 21.0786 -1.2671 7.98902</i>
                    </KeyFrames>
                </p>
            </i>
            <i>
                <p>
                    <Name><![CDATA[l_prop_1]]></Name>
                    <Exclude>0</Exclude>
                    <Additive>0</Additive>
                    <IKPriority>0</IKPriority>
                    <IKRotLimits>-1e+010 -1e+010 -1e+010 1e+010 1e+010 1e+010</IKRotLimits>
                    <IKRotLimitOrder>0</IKRotLimitOrder>
                    <KeyFrames count="61">
                        <i>0.532863 -0.846179 -0.00616003 0.846202 0.532848 0.00387904 0 -0.00727962 0.999973 11.0227 -0.663263 14.0888</i>
                        <i>0.831134 -0.556057 -0.00406127 0.556072 0.831112 0.00606644 2.08073e-006 -0.00730038 0.999973 11.0338 -0.657714 14.0873</i>
                        <i>0.985504 -0.169645 -0.00125299 0.16965 0.985478 0.00725335 4.3008e-006 -0.00736078 0.999973 11.0265 -0.625471 14.0859</i>
                        <i>0.969229 0.246153 0.00182938 -0.24616 0.969202 0.00723014 6.67836e-006 -0.00745798 0.999972 11.0372 -0.594809 14.0848</i>
                        <i>0.785114 0.619333 0.00469311 -0.619351 0.785091 0.00596407 9.22998e-006 -0.00758916 0.999971 11.0341 -0.575798 14.0843</i>
                        <i>0.465034 0.885266 0.00685676 -0.885293 0.46502 0.0036153 1.19696e-005 -0.00775148 0.99997 11.0497 -0.574112 14.0848</i>
                        <i>0.064417 0.997892 0.00792465 -0.997923 0.0644148 0.000526482 1.49073e-005 -0.0079421 0.999968 11.0519 -0.568045 14.0859</i>
                        <i>-0.347359 0.937701 0.00765649 -0.937732 -0.347347 -0.0028169 1.80489e-005 -0.00815821 0.999967 11.0437 -0.554308 14.0874</i>
                        <i>-0.698978 0.715118 0.00601999 -0.715143 -0.698954 -0.005854 2.13946e-005 -0.00839697 0.999965 11.0349 -0.542302 14.0882</i>
                        <i>-0.929546 0.368692 0.00321453 -0.368706 -0.929511 -0.00803653 2.4939e-005 -0.00865554 0.999963 11.0337 -0.54455 14.0878</i>
                        <i>-0.999135 -0.0415779 -0.000342705 0.0415794 -0.999095 -0.00892457 2.86701e-005 -0.0089311 0.99996 11.0282 -0.535912 14.0876</i>
                        <i>-0.8957 -0.444639 -0.00407094 0.444658 -0.895662 -0.00827357 3.25693e-005 -0.00922081 0.999958 11.0408 -0.521356 14.0881</i>
                        <i>-0.637163 -0.770694 -0.00731543 0.770729 -0.637134 -0.00609519 3.66111e-005 -0.00952185 0.999955 11.0511 -0.515358 14.0887</i>
                        <i>-0.268304 -0.963288 -0.00945996 0.963334 -0.268291 -0.00267706 4.07631e-005 -0.00983137 0.999952 11.0365 -0.498136 14.089</i>
                        <i>0.147 -0.989086 -0.0100429 0.989137 0.146993 0.00144705 4.49858e-005 -0.0101466 0.999949 11.0367 -0.49452 14.0887</i>
                        <i>0.536838 -0.843639 -0.00885523 0.843685 0.536809 0.00557625 4.92331e-005 -0.0104646 0.999945 11.031 -0.484674 14.0877</i>
                        <i>0.833723 -0.55215 -0.00599852 0.552183 0.833675 0.00896017 5.34525e-005 -0.0107826 0.999942 11.0284 -0.473455 14.0868</i>
                        <i>0.986275 -0.165099 -0.00188914 0.16511 0.986215 0.0109359 5.75855e-005 -0.0110978 0.999938 11.0276 -0.474632 14.0864</i>
                        <i>0.968111 0.250505 0.00279815 -0.25052 0.968048 0.0110589 6.15683e-005 -0.0114073 0.999935 11.0318 -0.486419 14.0866</i>
                        <i>0.782404 0.622729 0.00724048 -0.622771 0.78235 0.00920131 6.53325e-005 -0.0117083 0.999931 11.0282 -0.488952 14.0875</i>
                        <i>0.461321 0.88717 0.0106133 -0.887233 0.461287 0.00559597 6.8806e-005 -0.011998 0.999928 11.0574 -0.496193 14.0882</i>
                        <i>0.0604427 0.998097 0.0122468 -0.998172 0.0604372 0.000813623 7.19138e-005 -0.0122736 0.999925 11.0369 -0.499333 14.0886</i>
                        <i>-0.350861 0.936354 0.0117616 -0.936427 -0.350835 -0.0043272 7.45792e-005 -0.0125321 0.999921 11.0284 -0.49991 14.0889</i>
                        <i>-0.701448 0.712662 0.00915587 -0.712721 -0.701391 -0.00890341 7.67254e-005 -0.0127709 0.999918 11.031 -0.489985 14.089</i>
                        <i>-0.930701 0.365749 0.00482322 -0.36578 -0.930623 -0.0120583 7.82764e-005 -0.012987 0.999916 11.0395 -0.495191 14.0888</i>
                        <i>-0.999015 -0.0443689 -0.000505659 0.0443717 -0.998928 -0.0131681 7.91382e-005 -0.0131776 0.999913 11.0268 -0.5064 14.0883</i>
                        <i>-0.894627 -0.446776 -0.00588955 0.446815 -0.894547 -0.0119696 7.92671e-005 -0.0133399 0.999911 11.0331 -0.508882 14.0886</i>
                        <i>-0.635625 -0.771929 -0.0103496 0.771998 -0.635566 -0.00862327 7.86712e-005 -0.0134711 0.999909 11.0424 -0.505108 14.0894</i>
                        <i>-0.266805 -0.963662 -0.0130558 0.96375 -0.26678 -0.00369465 7.73687e-005 -0.0135683 0.999908 11.0336 -0.510554 14.0898</i>
                        <i>0.148085 -0.988883 -0.0134896 0.988975 0.148073 0.00194366 7.53875e-005 -0.0136287 0.999907 11.0174 -0.539254 14.09</i>
                        <i>0.537365 -0.84327 -0.0115504 0.84335 0.537316 0.00727339 7.27655e-005 -0.0136495 0.999907 11.0036 -0.549131 14.0906</i>
                        <i>0.833804 -0.552009 -0.00758186 0.552061 0.833727 0.0113253 6.95551e-005 -0.0136287 0.999907 10.9954 -0.558596 14.0914</i>
                        <i>0.98622 -0.165426 -0.0023097 0.165442 0.986129 0.0133705 6.58354e-005 -0.0135683 0.999908 11.0086 -0.583615 14.0914</i>
                        <i>0.968316 0.249707 0.0033044 -0.249729 0.968228 0.0130597 6.16932e-005 -0.0134712 0.999909 11.0186 -0.59241 14.0909</i>
                        <i>0.783208 0.621705 0.00824947 -0.62176 0.783138 0.0104836 5.72159e-005 -0.01334 0.999911 11.0316 -0.589314 14.0902</i>
                        <i>0.462873 0.886348 0.0116567 -0.886424 0.462833 0.00614613 5.24903e-005 -0.0131777 0.999913 11.0355 -0.595734 14.0895</i>
                        <i>0.0626324 0.997953 0.0129586 -0.998037 0.0626265 0.000860916 4.7601e-005 -0.0129871 0.999916 11.0387 -0.597746 14.0888</i>
                        <i>-0.348413 0.937264 0.0119856 -0.937341 -0.348386 -0.00440964 4.26288e-005 -0.012771 0.999918 11.0447 -0.613889 14.0884</i>
                        <i>-0.699304 0.714768 0.00898471 -0.714825 -0.699249 -0.00873696 3.76501e-005 -0.0125323 0.999921 11.037 -0.624497 14.0886</i>
                        <i>-0.929467 0.368877 0.00455826 -0.368905 -0.929397 -0.0113959 3.27357e-005 -0.0122737 0.999925 11.0289 -0.635809 14.0891</i>
                        <i>-0.999171 -0.0406969 -0.000460394 0.0406995 -0.999099 -0.0119894 2.79503e-005 -0.0119982 0.999928 11.0406 -0.637827 14.0895</i>
                        <i>-0.896383 -0.44325 -0.0051692 0.44328 -0.896322 -0.0105056 2.33514e-005 -0.0117085 0.999931 11.0472 -0.637619 14.0896</i>
                        <i>-0.638843 -0.769287 -0.00876403 0.769337 -0.638801 -0.00730217 1.89894e-005 -0.0114074 0.999935 11.0488 -0.642942 14.0891</i>
                        <i>-0.271003 -0.962519 -0.0106786 0.962579 -0.270986 -0.00302191 1.4907e-005 -0.0110979 0.999938 11.0519 -0.65466 14.0887</i>
                        <i>0.143635 -0.989573 -0.0106725 0.989631 0.143627 0.00153776 1.11393e-005 -0.0107827 0.999942 11.0301 -0.662956 14.0891</i>
                        <i>0.533486 -0.845763 -0.00885524 0.845809 0.533457 0.00557624 7.71366e-006 -0.0104647 0.999945 11.0253 -0.669347 14.0897</i>
