<?xml version="1.0" encoding="ISO-8859-1" ?>
<Animl Version="1">
    <ModellingPackage><![CDATA[Maya.2010]]></ModellingPackage>
    <SrcFile><![CDATA[anims\bosses\red\~src\boss_beetle\boss_beetle_death.mb]]></SrcFile>
    <FramesPerSecond>30</FramesPerSecond>
    <TotalFrames>66</TotalFrames>
    <Skeleton>
        <RefFrame>
            <Name><![CDATA[boss_beetle_ref_frame]]></Name>
            <Exclude>0</Exclude>
            <Additive>0</Additive>
            <IKPriority>0</IKPriority>
            <IKRotLimits>-1e+010 -1e+010 -1e+010 1e+010 1e+010 1e+010</IKRotLimits>
            <IKRotLimitOrder>0</IKRotLimitOrder>
            <KeyFrames count="66">
                <i>1 0 0 0 1 0 0 0 1 0 0 0</i>
                <i>1 0 0 0 1 0 0 0 1 0 0 0</i>
                <i>1 0 0 0 1 0 0 0 1 0 0 0</i>
                <i>1 0 0 0 1 0 0 0 1 0 0 0</i>
                <i>1 0 0 0 1 0 0 0 1 0 0 0</i>
                <i>1 0 0 0 1 0 0 0 1 0 0 0</i>
                <i>1 0 0 0 1 0 0 0 1 0 0 0</i>
                <i>1 0 0 0 1 0 0 0 1 0 0 0</i>
                <i>1 0 0 0 1 0 0 0 1 0 0 0</i>
                <i>1 0 0 0 1 0 0 0 1 0 0 0</i>
                <i>1 0 0 0 1 0 0 0 1 0 0 0</i>
                <i>1 0 0 0 1 0 0 0 1 0 0 0</i>
                <i>1 0 0 0 1 0 0 0 1 0 0 0</i>
                <i>1 0 0 0 1 0 0 0 1 0 0 0</i>
                <i>1 0 0 0 1 0 0 0 1 0 0 0</i>
                <i>1 0 0 0 1 0 0 0 1 0 0 0</i>
                <i>1 0 0 0 1 0 0 0 1 0 0 0</i>
                <i>1 0 0 0 1 0 0 0 1 0 0 0</i>
                <i>1 0 0 0 1 0 0 0 1 0 0 0</i>
                <i>1 0 0 0 1 0 0 0 1 0 0 0</i>
                <i>1 0 0 0 1 0 0 0 1 0 0 0</i>
                <i>1 0 0 0 1 0 0 0 1 0 0 0</i>
                <i>1 0 0 0 1 0 0 0 1 0 0 0</i>
                <i>1 0 0 0 1 0 0 0 1 0 0 0</i>
                <i>1 0 0 0 1 0 0 0 1 0 0 0</i>
                <i>1 0 0 0 1 0 0 0 1 0 0 0</i>
                <i>1 0 0 0 1 0 0 0 1 0 0 0</i>
                <i>1 0 0 0 1 0 0 0 1 0 0 0</i>
                <i>1 0 0 0 1 0 0 0 1 0 0 0</i>
                <i>1 0 0 0 1 0 0 0 1 0 0 0</i>
                <i>1 0 0 0 1 0 0 0 1 0 0 0</i>
                <i>1 0 0 0 1 0 0 0 1 0 0 0</i>
                <i>1 0 0 0 1 0 0 0 1 0 0 0</i>
                <i>1 0 0 0 1 0 0 0 1 0 0 0</i>
                <i>1 0 0 0 1 0 0 0 1 0 0 0</i>
                <i>1 0 0 0 1 0 0 0 1 0 0 0</i>
                <i>1 0 0 0 1 0 0 0 1 0 0 0</i>
                <i>1 0 0 0 1 0 0 0 1 0 0 0</i>
                <i>1 0 0 0 1 0 0 0 1 0 0 0</i>
                <i>1 0 0 0 1 0 0 0 1 0 0 0</i>
                <i>1 0 0 0 1 0 0 0 1 0 0 0</i>
                <i>1 0 0 0 1 0 0 0 1 0 0 0</i>
                <i>1 0 0 0 1 0 0 0 1 0 0 0</i>
                <i>1 0 0 0 1 0 0 0 1 0 0 0</i>
                <i>1 0 0 0 1 0 0 0 1 0 0 0</i>
                <i>1 0 0 0 1 0 0 0 1 0 0 0</i>
                <i>1 0 0 0 1 0 0 0 1 0 0 0</i>
                <i>1 0 0 0 1 0 0 0 1 0 0 0</i>
                <i>1 0 0 0 1 0 0 0 1 0 0 0</i>
                <i>1 0 0 0 1 0 0 0 1 0 0 0</i>
                <i>1 0 0 0 1 0 0 0 1 0 0 0</i>
                <i>1 0 0 0 1 0 0 0 1 0 0 0</i>
                <i>1 0 0 0 1 0 0 0 1 0 0 0</i>
                <i>1 0 0 0 1 0 0 0 1 0 0 0</i>
                <i>1 0 0 0 1 0 0 0 1 0 0 0</i>
                <i>1 0 0 0 1 0 0 0 1 0 0 0</i>
                <i>1 0 0 0 1 0 0 0 1 0 0 0</i>
                <i>1 0 0 0 1 0 0 0 1 0 0 0</i>
                <i>1 0 0 0 1 0 0 0 1 0 0 0</i>
                <i>1 0 0 0 1 0 0 0 1 0 0 0</i>
                <i>1 0 0 0 1 0 0 0 1 0 0 0</i>
                <i>1 0 0 0 1 0 0 0 1 0 0 0</i>
                <i>1 0 0 0 1 0 0 0 1 0 0 0</i>
                <i>1 0 0 0 1 0 0 0 1 0 0 0</i>
                <i>1 0 0 0 1 0 0 0 1 0 0 0</i>
                <i>1 0 0 0 1 0 0 0 1 0 0 0</i>
            </KeyFrames>
        </RefFrame>
        <Bones count="20">
            <i>
                <p>
                    <Name><![CDATA[boss_beetle_root]]></Name>
                    <Exclude>0</Exclude>
                    <Additive>0</Additive>
                    <IKPriority>0</IKPriority>
                    <IKRotLimits>-1e+010 -1e+010 -1e+010 1e+010 1e+010 1e+010</IKRotLimits>
                    <IKRotLimitOrder>0</IKRotLimitOrder>
                    <KeyFrames count="66">
                        <i>1 0.00012352 1.32349e-023 -0.000123519 0.999999 0.00132283 1.63396e-007 -0.00132283 0.999999 0 -0.000519925 0</i>
                        <i>1 0.00012352 1.32349e-023 -0.000123519 0.999999 0.00132283 1.63396e-007 -0.00132283 0.999999 0 -0.000519925 0</i>
                        <i>1 0.00012352 1.32349e-023 -0.000123519 0.999999 0.00132283 1.63396e-007 -0.00132283 0.999999 0 -0.000519925 0</i>
                        <i>1 0.00012352 1.32349e-023 -0.000123519 0.999999 0.00173776 2.14647e-007 -0.00173776 0.999999 -9.5961e-006 0.077169 0.000102769</i>
                        <i>1 0.00012352 2.64698e-023 -0.000123519 0.999997 0.00239561 2.95905e-007 -0.00239561 0.999997 -2.05158e-005 0.165574 0.000219714</i>
                        <i>1 0.00012352 2.64698e-023 -0.000123519 0.999996 0.002932 3.6216e-007 -0.002932 0.999996 -3.07737e-005 0.24862 0.000329571</i>
                        <i>1 0.00012352 0 -0.000123519 0.999996 0.00298253 3.68401e-007 -0.00298253 0.999996 -3.83844e-005 0.310236 0.000411078</i>
                        <i>1 0.00012352 -2.64698e-023 -0.000123519 0.999998 0.0021828 2.69618e-007 -0.0021828 0.999998 -4.13625e-005 0.334346 0.000442972</i>
                        <i>1 0.00012352 2.64698e-023 -0.000123519 0.999995 -0.00325292 -4.01799e-007 0.00325292 0.999995 -3.83844e-005 0.310236 0.000411078</i>
                        <i>1 0.00012352 0 -0.000123516 0.999967 -0.00810139 -1.00068e-006 0.00810139 0.999967 -3.07737e-005 0.24862 0.000329571</i>
                        <i>1 0.00012352 5.29396e-023 -0.000123517 0.999979 -0.00643264 -7.94557e-007 0.00643264 0.999979 -2.05158e-005 0.165574 0.000219714</i>
                        <i>1 0.00012352 -2.64698e-023 -0.000123519 0.999997 -0.00255492 -3.15583e-007 0.00255492 0.999997 -9.5961e-006 0.077169 0.000102769</i>
                        <i>1 0.00012352 1.32349e-023 -0.000123519 0.999999 0.00132283 1.63396e-007 -0.00132283 0.999999 0 -0.000519925 0</i>
                        <i>1 0.00012352 0 -0.000123516 0.99997 0.00773439 9.55348e-007 -0.00773439 0.99997 -6.36938e-006 0.0510459 6.82129e-005</i>
                        <i>1 0.00012352 1.05879e-022 -0.000123511 0.999933 0.0115811 1.43049e-006 -0.0115811 0.999933 -1.36172e-005 0.109723 0.000145833</i>
                        <i>1 0.00012352 -1.05879e-022 -0.000123512 0.99994 0.01094 1.3513e-006 -0.01094 0.99994 -2.04257e-005 0.164844 0.000218749</i>
                        <i>1 0.00012352 0 -0.000123514 0.999957 0.00930156 1.14893e-006 -0.00930156 0.999957 -2.54772e-005 0.205741 0.000272848</i>
                        <i>1 0.00012352 5.29396e-023 -0.000123516 0.999975 0.0070932 8.76149e-007 -0.0070932 0.999975 -2.74539e-005 0.221744 0.000294018</i>
                        <i>1 0.00012352 0 -0.000123518 0.999989 0.00474233 5.8577e-007 -0.00474233 0.999989 -2.10141e-005 0.180584 0.000225051</i>
                        <i>1 0.00012352 -2.64698e-023 -0.000123519 0.999996 0.00267639 3.30586e-007 -0.00267639 0.999996 -8.47343e-006 0.0900319 9.07462e-005</i>
                        <i>1 0.00012352 1.32349e-023 -0.000123519 0.999999 0.00132283 1.63396e-007 -0.00132283 0.999999 0 -0.000519925 0</i>
                        <i>1 0.00012352 0 -0.00012352 1 0.000729167 9.00665e-008 -0.000729167 1 2.11836e-006 0.0143135 -2.26865e-005</i>
                        <i>1 0.00012352 0 -0.00012352 1 0.000562941 6.95343e-008 -0.000562941 1 2.7115e-006 0.0307014 -2.90388e-005</i>
                        <i>1 0.00012352 -6.61744e-024 -0.00012352 1 0.000681674 8.42001e-008 -0.000681674 1 2.28783e-006 0.0439802 -2.45015e-005</i>
                        <i>1 0.00012352 1.32349e-023 -0.00012352 1 0.000942887 1.16465e-007 -0.000942887 1 1.35575e-006 0.0494862 -1.45194e-005</i>
                        <i>1 0.00012352 0 -0.00012352 0.999999 0.0012041 1.4873e-007 -0.0012041 0.999999 4.23671e-007 0.0441103 -4.53731e-006</i>
                        <i>1 0.00012352 1.32349e-023 -0.000123519 0.999999 0.00132283 1.63396e-007 -0.00132283 0.999999 0 0.0309615 0</i>
                        <i>1 0.00012352 1.32349e-023 -0.000123519 0.999999 0.00132283 1.63396e-007 -0.00132283 0.999999 0 0.0147036 0</i>
                        <i>1 0.00012352 1.32349e-023 -0.000123519 0.999999 0.00132283 1.63396e-007 -0.00132283 0.999999 0 0 0</i>
                        <i>1 0.00012352 1.32349e-023 -0.000123519 0.999999 0.00132283 1.63396e-007 -0.00132283 0.999999 0 -1.4052e-005 0</i>
                        <i>1 0.00012352 1.32349e-023 -0.000123519 0.999999 0.00132283 1.63396e-007 -0.00132283 0.999999 0 -2.8104e-005 0</i>
                        <i>1 0.00012352 1.32349e-023 -0.000123519 0.999999 0.00132283 1.63396e-007 -0.00132283 0.999999 0 -4.21561e-005 0</i>
                        <i>1 0.00012352 1.32349e-023 -0.000123519 0.999999 0.00132283 1.63396e-007 -0.00132283 0.999999 0 -5.62081e-005 0</i>
                        <i>1 0.00012352 1.32349e-023 -0.000123519 0.999999 0.00132283 1.63396e-007 -0.00132283 0.999999 0 -7.02601e-005 0</i>
                        <i>1 0.00012352 1.32349e-023 -0.000123519 0.999999 0.00132283 1.63396e-007 -0.00132283 0.999999 0 -8.43121e-005 0</i>
                        <i>1 0.00012352 1.32349e-023 -0.000123519 0.999999 0.00132283 1.63396e-007 -0.00132283 0.999999 0 -9.83641e-005 0</i>
                        <i>1 0.00012352 1.32349e-023 -0.000123519 0.999999 0.00132283 1.63396e-007 -0.00132283 0.999999 0 -0.000112416 0</i>
                        <i>1 0.00012352 1.32349e-023 -0.000123519 0.999999 0.00132283 1.63396e-007 -0.00132283 0.999999 0 -0.000126468 0</i>
                        <i>1 0.00012352 1.32349e-023 -0.000123519 0.999999 0.00132283 1.63396e-007 -0.00132283 0.999999 0 -0.00014052 0</i>
                        <i>1 0.00012352 1.32349e-023 -0.000123519 0.999999 0.00132283 1.63396e-007 -0.00132283 0.999999 0 -0.000154572 0</i>
                        <i>1 0.00012352 1.32349e-023 -0.000123519 0.999999 0.00132283 1.63396e-007 -0.00132283 0.999999 0 -0.000168624 0</i>
                        <i>1 0.00012352 1.32349e-023 -0.000123519 0.999999 0.00132283 1.63396e-007 -0.00132283 0.999999 0 -0.000182676 0</i>
                        <i>1 0.00012352 1.32349e-023 -0.000123519 0.999999 0.00132283 1.63396e-007 -0.00132283 0.999999 0 -0.000196728 0</i>
                        <i>1 0.00012352 1.32349e-023 -0.000123519 0.999999 0.00132283 1.63396e-007 -0.00132283 0.999999 0 -0.00021078 0</i>
                        <i>1 0.00012352 1.32349e-023 -0.000123519 0.999999 0.00132283 1.63396e-007 -0.00132283 0.999999 0 -0.000224832 0</i>
                        <i>1 0.00012352 1.32349e-023 -0.000123519 0.999999 0.00132283 1.63396e-007 -0.00132283 0.999999 0 -0.000238885 0</i>
                        <i>1 0.00012352 1.32349e-023 -0.000123519 0.999999 0.00132283 1.63396e-007 -0.00132283 0.999999 0 -0.000252937 0</i>
                        <i>1 0.00012352 1.32349e-023 -0.000123519 0.999999 0.00132283 1.63396e-007 -0.00132283 0.999999 0 -0.000266989 0</i>
                        <i>1 0.00012352 1.32349e-023 -0.000123519 0.999999 0.00132283 1.63396e-007 -0.00132283 0.999999 0 -0.000281041 0</i>
                        <i>1 0.00012352 1.32349e-023 -0.000123519 0.999999 0.00132283 1.63396e-007 -0.00132283 0.999999 0 -0.000295093 0</i>
                        <i>1 0.00012352 1.32349e-023 -0.000123519 0.999999 0.00132283 1.63396e-007 -0.00132283 0.999999 0 -0.000309145 0</i>
                        <i>1 0.00012352 1.32349e-023 -0.000123519 0.999999 0.00132283 1.63396e-007 -0.00132283 0.999999 0 -0.000323197 0</i>
                        <i>1 0.00012352 1.32349e-023 -0.000123519 0.999999 0.00132283 1.63396e-007 -0.00132283 0.999999 0 -0.000337249 0</i>
                        <i>1 0.00012352 1.32349e-023 -0.000123519 0.999999 0.00132283 1.63396e-007 -0.00132283 0.999999 0 -0.000351301 0</i>
                        <i>1 0.00012352 1.32349e-023 -0.000123519 0.999999 0.00132283 1.63396e-007 -0.00132283 0.999999 0 -0.000365353 0</i>
                        <i>1 0.00012352 1.32349e-023 -0.000123519 0.999999 0.00132283 1.63396e-007 -0.00132283 0.999999 0 -0.000379405 0</i>
                        <i>1 0.00012352 1.32349e-023 -0.000123519 0.999999 0.00132283 1.63396e-007 -0.00132283 0.999999 0 -0.000393457 0</i>
                        <i>1 0.00012352 1.32349e-023 -0.000123519 0.999999 0.00132283 1.63396e-007 -0.00132283 0.999999 0 -0.000407509 0</i>
                        <i>1 0.00012352 1.32349e-023 -0.000123519 0.999999 0.00132283 1.63396e-007 -0.00132283 0.999999 0 -0.000421561 0</i>
                        <i>1 0.00012352 1.32349e-023 -0.000123519 0.999999 0.00132283 1.63396e-007 -0.00132283 0.999999 0 -0.000435613 0</i>
                        <i>1 0.00012352 1.32349e-023 -0.000123519 0.999999 0.00132283 1.63396e-007 -0.00132283 0.999999 0 -0.000449665 0</i>
                        <i>1 0.00012352 1.32349e-023 -0.000123519 0.999999 0.00132283 1.63396e-007 -0.00132283 0.999999 0 -0.000463717 0</i>
                        <i>1 0.00012352 1.32349e-023 -0.000123519 0.999999 0.00132283 1.63396e-007 -0.00132283 0.999999 0 -0.000477769 0</i>
                        <i>1 0.00012352 1.32349e-023 -0.000123519 0.999999 0.00132283 1.63396e-007 -0.00132283 0.999999 0 -0.000491821 0</i>
                        <i>1 0.00012352 1.32349e-023 -0.000123519 0.999999 0.00132283 1.63396e-007 -0.00132283 0.999999 0 -0.000505873 0</i>
                        <i>1 0.00012352 1.32349e-023 -0.000123519 0.999999 0.00132283 1.63396e-007 -0.00132283 0.999999 0 -0.000519925 0</i>
                    </KeyFrames>
                </p>
            </i>
            <i>
                <p>
                    <Name><![CDATA[base]]></Name>
                    <Exclude>0</Exclude>
                    <Additive>0</Additive>
                    <IKPriority>0</IKPriority>
                    <IKRotLimits>-1e+010 -1e+010 -1e+010 1e+010 1e+010 1e+010</IKRotLimits>
                    <IKRotLimitOrder>0</IKRotLimitOrder>
                    <KeyFrames count="66">
                        <i>0.999994 0.00345442 4.40623e-006 -0.00345441 0.999988 0.0035446 7.83837e-006 -0.00354459 0.999994 -0.00101472 8.2145 0.0108671</i>
                        <i>0.999992 0.00406477 5.21362e-006 -0.00406477 0.999989 0.00234328 4.31132e-006 -0.00234328 0.999997 -0.00101471 8.21446 0.0108671</i>
                        <i>0.999992 0.00399462 5.12083e-006 -0.00399458 0.999974 0.00604658 1.90331e-005 -0.00604655 0.999982 -0.00101471 8.21442 0.010867</i>
                        <i>0.999996 0.0027336 4.53569e-006 -0.00273349 0.999938 0.0107652 2.48922e-005 -0.0107651 0.999942 -0.0010243 8.29206 0.0143783</i>
                        <i>1 -0.000362085 -1.16332e-006 0.000362058 0.999876 0.0157264 -4.53112e-006 -0.0157264 0.999876 -0.0011152 9.02804 0.0214508</i>
                        <i>0.999988 -0.00497694 -1.49546e-005 0.00497624 0.999788 0.0199654 -8.44151e-005 -0.0199652 0.999801 -0.00118421 9.58674 0.0277091</i>
                        <i>0.999948 -0.0101824 -3.07377e-005 0.0101805 0.999695 0.0225175 -0.000198553 -0.0225166 0.999746 -0.00120707 9.77177 0.0286305</i>
                        <i>0.999887 -0.0150498 -3.31204e-005 0.0150468 0.999635 0.0224184 -0.000304285 -0.0224164 0.999749 -0.00120642 9.76652 0.0210315</i>
                        <i>0.999826 -0.0186508 6.10717e-005 0.0186475 0.999699 0.0159511 -0.000358555 -0.0159472 0.999873 -0.00118759 9.61408 -0.0298537</i>
                        <i>0.999799 -0.0200569 0.000163494 0.0200546 0.999759 0.00897274 -0.00034342 -0.00896766 0.99996 -0.0011542 9.34375 -0.0733561</i>
                        <i>0.999826 -0.0186703 0.000120896 0.0186688 0.999796 0.00766517 -0.000263982 -0.00766157 0.999971 -0.00110962 8.98281 -0.0564995</i>
                        <i>0.999885 -0.0151483 3.90184e-005 0.0151475 0.999853 0.00797503 -0.000159821 -0.00797352 0.999968 -0.00106094 8.58872 -0.0216437</i>
                        <i>0.999945 -0.0104483 -1.39848e-005 0.0104481 0.999914 0.00794758 -6.90553e-005 -0.00794729 0.999968 -0.00101529 8.21913 0.0108732</i>
                        <i>0.999985 -0.00552821 -4.37139e-005 0.00552836 0.999931 0.0103697 -1.3615e-005 -0.0103698 0.999946 -0.00103008 8.33888 0.0641714</i>
                        <i>0.999999 -0.00134663 -1.70271e-005 0.00134674 0.999945 0.0103963 3.02616e-006 -0.0103963 0.999946 -0.00104697 8.47561 0.0970386</i>
                        <i>0.999999 0.0011385 1.11046e-005 -0.00113855 0.999979 0.00635717 -3.86669e-006 -0.00635718 0.99998 -0.00106377 8.61164 0.0926322</i>
                        <i>0.999991 -0.00433447 -4.1468e-005 0.00433467 0.999936 0.0104258 -3.72485e-006 -0.0104259 0.999946 -0.00107821 8.72856 0.0795518</i>
                        <i>0.999955 -0.00951626 -6.83786e-005 0.00951629 0.999858 0.0139242 -6.41376e-005 -0.0139242 0.999903 -0.00108804 8.80816 0.0612007</i>
                        <i>0.999993 -0.00364983 -1.78947e-005 0.00364971 0.999889 0.0144148 -3.47188e-005 -0.0144147 0.999896 -0.001087 8.81065 0.0411521</i>
                        <i>0.999985 0.00542924 1.42002e-005 -0.00542902 0.999912 0.012145 5.17391e-005 -0.0121449 0.999926 -0.00107646 8.73634 0.0232317</i>
                        <i>0.999943 0.01064 1.39115e-005 -0.0106396 0.999898 0.00951271 8.73048e-005 -0.00951232 0.999955 -0.00106531 8.62408 0.0114089</i>
                        <i>0.999953 0.00965258 6.94829e-006 -0.0096524 0.999929 0.00692381 5.98848e-005 -0.00692355 0.999976 -0.00105611 8.58163 0.00622433</i>
                        <i>0.999982 0.00594537 3.27736e-006 -0.00594533 0.999973 0.00440401 2.29062e-005 -0.00440396 0.99999 -0.00104552 8.51703 0.00474827</i>
                        <i>0.999999 0.00115012 6.99806e-007 -0.00115012 0.999997 0.00216914 1.79496e-006 -0.00216914 0.999998 -0.00103447 8.43747 0.00569713</i>
                        <i>0.999995 -0.00310118 -3.04053e-006 0.00310118 0.999995 0.000434979 1.69156e-006 -0.000434987 1 -0.00102394 8.35013 0.00781205</i>
                        <i>0.999996 -0.00281684 -3.54048e-006 0.00281684 0.999994 0.00192661 -1.88649e-006 -0.00192661 0.999998 -0.00101486 8.26377 0.00989275</i>
                        <i>0.999997 -0.00252377 -3.50192e-006 0.00252377 0.999991 0.00327576 -4.76538e-006 -0.00327576 0.999995 -0.00102015 8.28994 0.0109253</i>
                        <i>0.999998 -0.00222489 -3.10656e-006 0.00222488 0.999987 0.00450618 -6.91924e-006 -0.00450617 0.99999 -0.00102568 8.31851 0.0109846</i>
                        <i>0.999998 -0.0019231 -2.70734e-006 0.00192309 0.999982 0.0057366 -8.32478e-006 -0.00573659 0.999984 -0.00103088 8.34589 0.0110402</i>
                        <i>0.999999 -0.00162132 -2.30813e-006 0.00162131 0.999989 0.0043466 -4.73912e-006 -0.0043466 0.999991 -0.00103472 8.37695 0.0110813</i>
                        <i>0.999999 -0.00132244 -1.91276e-006 0.00132244 0.999995 0.00295659 -1.99716e-006 -0.00295659 0.999996 -0.00103618 8.38878 0.011097</i>
                        <i>0.999999 -0.00102937 -1.52508e-006 0.00102937 0.999998 0.00156658 -8.7515e-008 -0.00156658 0.999999 -0.0010338 8.36945 0.0110714</i>
                        <i>1 -0.000745026 -1.14894e-006 0.000745026 1 0.000176566 1.01739e-006 -0.000176567 1 -0.00102809 8.32327 0.0110104</i>
                        <i>1 -0.000472305 -7.88177e-007 0.000472306 1 0.000792608 4.13824e-007 -0.000792608 1 -0.00102107 8.26636 0.0109351</i>
                        <i>1 -0.000214116 -4.46636e-007 0.000214117 0.999999 0.00140865 1.45021e-007 -0.00140865 0.999999 -0.0010147 8.21481 0.0108669</i>
                        <i>1 2.66339e-005 -1.28164e-007 -2.66336e-005 0.999998 0.00202469 1.82089e-007 -0.00202469 0.999998 -0.00101844 8.2451 0.010907</i>
                        <i>1 0.000247039 1.63396e-007 -0.000247039 0.999996 0.00264073 4.88968e-007 -0.00264073 0.999996 -0.00102257 8.27851 0.0109512</i>
                        <i>1 0.00036475 3.19108e-007 -0.000364749 0.999995 0.00325677 8.688e-007 -0.00325677 0.999995 -0.00102593 8.30567 0.0109872</i>
                        <i>1 0.000351671 3.01806e-007 -0.00035167 0.999995 0.00304202 7.67986e-007 -0.00304202 0.999995 -0.00102735 8.31719 0.0110024</i>
                        <i>1 0.000286276 2.153e-007 -0.000286276 0.999996 0.00282727 5.94082e-007 -0.00282727 0.999996 -0.00102608 8.30683 0.0109888</i>
                        <i>1 0.000247039 1.63396e-007 -0.000247039 0.999997 0.00261253 4.82001e-007 -0.00261253 0.999997 -0.00102287 8.28083 0.0109544</i>
                        <i>1 0.000247039 1.63396e-007 -0.000247039 0.999997 0.00239778 4.2895e-007 -0.00239778 0.999997 -0.00101888 8.24858 0.0109117</i>
                        <i>1 0.000247039 1.63396e-007 -0.000247039 0.999997 0.00242328 4.35249e-007 -0.00242328 0.999997 -0.00101529 8.21946 0.0108732</i>
                        <i>1 0.000247039 1.63396e-007 -0.000247039 0.999997 0.0024505 4.41975e-007 -0.0024505 0.999997 -0.00101535 8.21996 0.0108739</i>
                        <i>1 0.000247039 1.63396e-007 -0.000247039 0.999997 0.00247894 4.49001e-007 -0.00247894 0.999997 -0.00101542 8.22047 0.0108746</i>
                        <i>1 0.000247039 1.63396e-007 -0.000247039 0.999997 0.00250807 4.56197e-007 -0.00250807 0.999997 -0.00101548 8.22098 0.0108753</i>
                        <i>1 0.000247039 1.63396e-007 -0.000247039 0.999997 0.00253738 4.63437e-007 -0.00253738 0.999997 -0.00101555 8.22148 0.010876</i>
                        <i>1 0.000247039 1.63396e-007 -0.000247039 0.999997 0.00256634 4.7059e-007 -0.00256634 0.999997 -0.00101561 8.22199 0.0108767</i>
                        <i>1 0.000247039 1.63396e-007 -0.000247039 0.999997 0.00259443 4.7753e-007 -0.00259443 0.999997 -0.00101567 8.22249 0.0108774</i>
                        <i>1 0.000247039 1.63396e-007 -0.000247039 0.999997 0.00262114 4.84128e-007 -0.00262114 0.999997 -0.00101574 8.223 0.010878</i>
                        <i>1 0.000247039 1.63396e-007 -0.000247039 0.999996 0.00264594 4.90256e-007 -0.00264594 0.999996 -0.0010158 8.22351 0.0108787</i>
                        <i>1 0.000247039 1.63396e-007 -0.000247039 0.999996 0.00266832 4.95784e-007 -0.00266832 0.999996 -0.00101587 8.22401 0.0108794</i>
                        <i>1 0.000247039 1.63396e-007 -0.000247039 0.999996 0.00268776 5.00586e-007 -0.00268776 0.999996 -0.00101593 8.22452 0.0108801</i>
                        <i>1 0.000247039 1.63396e-007 -0.000247039 0.999996 0.00270373 5.04532e-007 -0.00270373 0.999996 -0.00101599 8.22502 0.0108808</i>
                        <i>1 0.000247039 1.63396e-007 -0.000247039 0.999996 0.00271572 5.07495e-007 -0.00271572 0.999996 -0.00101606 8.22553 0.0108815</i>
                        <i>1 0.000247039 1.63396e-007 -0.000247039 0.999996 0.00272256 5.09184e-007 -0.00272256 0.999996 -0.00101612 8.22603 0.0108822</i>
                        <i>1 0.000247039 1.63396e-007 -0.000247039 0.999996 0.00272402 5.09545e-007 -0.00272402 0.999996 -0.00101619 8.22654 0.0108829</i>
                        <i>1 0.000247039 1.63396e-007 -0.000247039 0.999996 0.00272102 5.08804e-007 -0.00272102 0.999996 -0.00101625 8.22705 0.0108836</i>
                        <i>1 0.000247039 1.63396e-007 -0.000247039 0.999996 0.00271447 5.07185e-007 -0.00271447 0.999996 -0.00101632 8.22755 0.0108842</i>
                        <i>1 0.000247039 1.63396e-007 -0.000247039 0.999996 0.00270527 5.04913e-007 -0.00270527 0.999996 -0.00101638 8.22806 0.0108849</i>
                        <i>1 0.000247039 1.63396e-007 -0.000247039 0.999996 0.00269435 5.02215e-007 -0.00269435 0.999996 -0.00101644 8.22856 0.0108856</i>
                        <i>1 0.000247039 1.63396e-007 -0.000247039 0.999996 0.00268261 4.99313e-007 -0.00268261 0.999996 -0.00101651 8.22907 0.0108863</i>
                        <i>1 0.000247039 1.63396e-007 -0.000247039 0.999996 0.00267095 4.96435e-007 -0.00267095 0.999996 -0.00101657 8.22958 0.010887</i>
                        <i>1 0.000247039 1.63396e-007 -0.000247039 0.999996 0.00266031 4.93804e-007 -0.00266031 0.999996 -0.00101664 8.23008 0.0108877</i>
                        <i>1 0.000247039 1.63396e-007 -0.000247039 0.999996 0.00265157 4.91647e-007 -0.00265157 0.999996 -0.0010167 8.23059 0.0108884</i>
                        <i>1 0.000247039 1.63396e-007 -0.000247039 0.999996 0.00264566 4.90187e-007 -0.00264566 0.999996 -0.00101677 8.23109 0.0108891</i>
                    </KeyFrames>
                </p>
            </i>
            <i>
                <p>
                    <Name><![CDATA[plow]]></Name>
                    <Exclude>0</Exclude>
                    <Additive>0</Additive>
                    <IKPriority>0</IKPriority>
                    <IKRotLimits>-1e+010 -1e+010 -1e+010 1e+010 1e+010 1e+010</IKRotLimits>
                    <IKRotLimitOrder>0</IKRotLimitOrder>
                    <KeyFrames count="66">
                        <i>0.999994 0.00345442 4.40623e-006 -0.00343794 0.995099 0.0988282 0.00033701 -0.0988277 0.995105 -0.00627156 9.7154 21.4976</i>
                        <i>0.999992 0.00406477 5.21362e-006 -0.00404586 0.995214 0.0976327 0.000391666 -0.0976319 0.995223 -0.0073099 9.74117 21.4958</i>
                        <i>0.999992 0.00399462 5.12083e-006 -0.00397459 0.994846 0.101318 0.000399632 -0.101317 0.994854 -0.00688295 9.66155 21.5013</i>
                        <i>0.999996 0.0027336 4.53569e-006 -0.00271868 0.994361 0.106011 0.000285281 -0.106011 0.994365 -0.00477786 9.63778 21.5114</i>
                        <i>1 -0.000362085 -1.16332e-006 0.000359979 0.993827 0.110943 -3.90148e-005 -0.110943 0.993827 -0.000618956 10.2671 21.5248</i>
                        <i>0.999988 -0.00497694 -1.49546e-005 0.00494555 0.993335 0.115156 -0.000558268 -0.115155 0.993347 0.00487287 10.7346 21.5362</i>
                        <i>0.999948 -0.0101824 -3.07377e-005 0.0101152 0.992999 0.117691 -0.00116785 -0.117685 0.99305 0.0106056 10.8647 21.5399</i>
                        <i>0.999887 -0.0150498 -3.31204e-005 0.0149493 0.992949 0.117593 -0.00173686 -0.11758 0.993062 0.0160094 10.8615 21.5322</i>
                        <i>0.999826 -0.0186508 6.10717e-005 0.0185284 0.993629 0.111167 -0.00213404 -0.111146 0.993802 0.020541 10.8481 21.4738</i>
                        <i>0.999799 -0.0200569 0.000163494 0.0199306 0.994354 0.104228 -0.00225307 -0.104204 0.994553 0.0231186 10.7278 21.4212</i>
                        <i>0.999826 -0.0186703 0.000120896 0.0185587 0.994516 0.102928 -0.00204192 -0.102908 0.994689 0.0226841 10.395 21.4362</i>
                        <i>0.999885 -0.0151483 3.90184e-005 0.0150634 0.994543 0.103236 -0.00160266 -0.103224 0.994657 0.019417 9.99427 21.4715</i>
                        <i>0.999945 -0.0104483 -1.39848e-005 0.010394 0.994605 0.103209 -0.00106445 -0.103203 0.99466 0.0140012 9.62534 21.504</i>
                        <i>0.999985 -0.00552821 -4.37139e-005 0.0055019 0.994392 0.105618 -0.000540408 -0.105616 0.994407 0.00741861 9.69307 21.5606</i>
                        <i>0.999999 -0.00134663 -1.70271e-005 0.0013409 0.994403 0.105644 -0.000125332 -0.105644 0.994404 0.00116452 9.82926 21.5935</i>
                        <i>0.999999 0.0011385 1.11046e-005 -0.00113374 0.994822 0.101627 0.000104655 -0.101627 0.994823 -0.0029198 10.0521 21.5835</i>
                        <i>0.999991 -0.00433447 -4.1468e-005 0.00431458 0.994392 0.105674 -0.000416803 -0.105673 0.994401 0.00570039 10.0816 21.5761</i>
                        <i>0.999955 -0.00951626 -6.83786e-005 0.00946686 0.99398 0.109152 -0.000970751 -0.109148 0.994025 0.0125645 10.0859 21.5623</i>
                        <i>0.999993 -0.00364983 -1.78947e-005 0.00362979 0.993965 0.10964 -0.00038238 -0.109639 0.993971 0.00394561 10.0779 21.5429</i>
                        <i>0.999985 0.00542924 1.42002e-005 -0.00539938 0.994203 0.107383 0.000568891 -0.107382 0.994218 -0.00850433 10.0524 21.5221</i>
                        <i>0.999943 0.01064 1.39115e-005 -0.0105829 0.994441 0.104765 0.00110087 -0.10476 0.994497 -0.0159466 9.99664 21.5067</i>
                        <i>0.999953 0.00965258 6.94829e-006 -0.00960276 0.994718 0.10219 0.000979489 -0.102186 0.994765 -0.0149695 10.0099 21.4979</i>
                        <i>0.999982 0.00594537 3.27736e-006 -0.00591608 0.995002 0.0996834 0.000589394 -0.0996817 0.995019 -0.009907 9.99945 21.4927</i>
                        <i>0.999999 0.00115012 6.99806e-007 -0.00114471 0.995239 0.0974594 0.000111393 -0.0974593 0.995239 -0.00278712 9.96793 21.4903</i>
                        <i>0.999995 -0.00310118 -3.04053e-006 0.00308723 0.995402 0.0957333 -0.00029386 -0.0957329 0.995407 0.00392574 9.91784 21.4897</i>
                        <i>0.999996 -0.00281684 -3.54048e-006 0.00280384 0.995259 0.097218 -0.000270323 -0.0972176 0.995263 0.00340953 9.79943 21.4941</i>
                        <i>0.999997 -0.00252377 -3.50192e-006 0.00251183 0.995128 0.0985607 -0.00024526 -0.0985604 0.995131 0.00288021 9.79662 21.4972</i>
                        <i>0.999998 -0.00222489 -3.10656e-006 0.0022141 0.995007 0.0997851 -0.00021892 -0.0997848 0.995009 0.00235705 9.79875 21.4991</i>
                        <i>0.999998 -0.0019231 -2.70734e-006 0.00191354 0.994884 0.101009 -0.000191558 -0.101009 0.994886 0.00184571 9.79969 21.501</i>
                        <i>0.999999 -0.00162132 -2.30813e-006 0.00161348 0.995024 0.0996263 -0.000159229 -0.0996261 0.995025 0.00144298 9.86063 21.499</i>
                        <i>0.999999 -0.00132244 -1.91276e-006 0.00131623 0.995162 0.0982431 -0.000128017 -0.098243 0.995162 0.00102907 9.90232 21.4969</i>
                        <i>0.999999 -0.00102937 -1.52508e-006 0.00102468 0.995297 0.0968597 -9.81868e-005 -0.0968596 0.995298 0.000610302 9.91285 21.4948</i>
                        <i>1 -0.000745026 -1.14894e-006 0.000741732 0.995431 0.0954761 -6.99885e-005 -0.0954761 0.995432 0.000191306 9.89654 21.4925</i>
                        <i>1 -0.000472305 -7.88177e-007 0.000470195 0.995373 0.0960893 -4.4599e-005 -0.0960893 0.995373 -0.000244728 9.82639 21.4934</i>
                        <i>1 -0.000214116 -4.46636e-007 0.000213156 0.995313 0.0967025 -2.0261e-005 -0.0967025 0.995313 -0.000651317 9.76161 21.4943</i>
                        <i>1 2.66339e-005 -1.28164e-007 -2.6495e-005 0.995254 0.0973156 2.71945e-006 -0.0973156 0.995254 -0.00103394 9.77866 21.4953</i>
                        <i>1 0.000247039 1.63396e-007 -0.000245868 0.995193 0.0979287 2.40296e-005 -0.0979287 0.995193 -0.00137907 9.79883 21.4963</i>
                        <i>1 0.00036475 3.19108e-007 -0.000363006 0.995133 0.0985418 3.56256e-005 -0.0985418 0.995133 -0.0015599 9.81276 21.4973</i>
                        <i>1 0.000351671 3.01806e-007 -0.000349997 0.995154 0.0983281 3.42788e-005 -0.0983281 0.995154 -0.00154287 9.82889 21.497</i>
                        <i>1 0.000286276 2.153e-007 -0.000284916 0.995175 0.0981144 2.78735e-005 -0.0981144 0.995175 -0.00144219 9.82315 21.4966</i>
                        <i>1 0.000247039 1.63396e-007 -0.000245868 0.995196 0.0979007 2.40227e-005 -0.0979007 0.995196 -0.00137951 9.80176 21.4963</i>
                        <i>1 0.000247039 1.63396e-007 -0.000245874 0.995217 0.0976869 2.39699e-005 -0.0976869 0.995217 -0.00137667 9.77413 21.4959</i>
                        <i>1 0.000247039 1.63396e-007 -0.000245873 0.995215 0.0977123 2.39762e-005 -0.0977123 0.995215 -0.00137294 9.74446 21.4959</i>
                        <i>1 0.000247039 1.63396e-007 -0.000245872 0.995212 0.0977394 2.39828e-005 -0.0977394 0.995212 -0.00137286 9.74438 21.4959</i>
                        <i>1 0.000247039 1.63396e-007 -0.000245872 0.995209 0.0977677 2.39898e-005 -0.0977677 0.995209 -0.00137277 9.74427 21.496</i>
                        <i>1 0.000247039 1.63396e-007 -0.000245871 0.995206 0.0977967 2.3997e-005 -0.0977967 0.995206 -0.00137268 9.74415 21.496</i>
                        <i>1 0.000247039 1.63396e-007 -0.00024587 0.995203 0.0978259 2.40042e-005 -0.0978259 0.995204 -0.00137259 9.74403 21.4961</i>
                        <i>1 0.000247039 1.63396e-007 -0.000245869 0.995201 0.0978547 2.40113e-005 -0.0978547 0.995201 -0.0013725 9.74391 21.4961</i>
                        <i>1 0.000247039 1.63396e-007 -0.000245869 0.995198 0.0978827 2.40182e-005 -0.0978827 0.995198 -0.00137242 9.74382 21.4961</i>
                        <i>1 0.000247039 1.63396e-007 -0.000245868 0.995195 0.0979092 2.40248e-005 -0.0979092 0.995195 -0.00137234 9.74375 21.4962</i>
                        <i>1 0.000247039 1.63396e-007 -0.000245868 0.995193 0.0979339 2.40309e-005 -0.0979339 0.995193 -0.00137227 9.74372 21.4962</i>
                        <i>1 0.000247039 1.63396e-007 -0.000245867 0.995191 0.0979562 2.40364e-005 -0.0979562 0.995191 -0.00137222 9.74375 21.4963</i>
                        <i>1 0.000247039 1.63396e-007 -0.000245867 0.995189 0.0979755 2.40412e-005 -0.0979755 0.995189 -0.00137218 9.74383 21.4963</i>
                        <i>1 0.000247039 1.63396e-007 -0.000245866 0.995187 0.0979914 2.40451e-005 -0.0979914 0.995187 -0.00137216 9.744 21.4963</i>
                        <i>1 0.000247039 1.63396e-007 -0.000245866 0.995186 0.0980034 2.40481e-005 -0.0980034 0.995186 -0.00137216 9.74425 21.4963</i>
                        <i>1 0.000247039 1.63396e-007 -0.000245866 0.995185 0.0980102 2.40497e-005 -0.0980102 0.995185 -0.00137219 9.7446 21.4963</i>
                        <i>1 0.000247039 1.63396e-007 -0.000245866 0.995185 0.0980116 2.40501e-005 -0.0980116 0.995185 -0.00137224 9.74508 21.4964</i>
                        <i>1 0.000247039 1.63396e-007 -0.000245866 0.995186 0.0980086 2.40494e-005 -0.0980086 0.995186 -0.00137232 9.74565 21.4963</i>
                        <i>1 0.000247039 1.63396e-007 -0.000245866 0.995186 0.0980021 2.40477e-005 -0.0980021 0.995186 -0.00137242 9.74629 21.4963</i>
                        <i>1 0.000247039 1.63396e-007 -0.000245866 0.995187 0.097993 2.40455e-005 -0.097993 0.995187 -0.00137253 9.747 21.4963</i>
                        <i>1 0.000247039 1.63396e-007 -0.000245866 0.995188 0.0979821 2.40428e-005 -0.0979821 0.995188 -0.00137266 9.74774 21.4963</i>
                        <i>1 0.000247039 1.63396e-007 -0.000245867 0.995189 0.0979704 2.40399e-005 -0.0979704 0.995189 -0.00137278 9.7485 21.4963</i>
                        <i>1 0.000247039 1.63396e-007 -0.000245867 0.995191 0.0979588 2.4037e-005 -0.0979588 0.995191 -0.00137291 9.74925 21.4963</i>
                        <i>1 0.000247039 1.63396e-007 -0.000245867 0.995192 0.0979482 2.40344e-005 -0.0979482 0.995192 -0.00137303 9.74999 21.4963</i>
                        <i>1 0.000247039 1.63396e-007 -0.000245867 0.995192 0.0979395 2.40323e-005 -0.0979395 0.995192 -0.00137314 9.75068 21.4962</i>
                        <i>1 0.000247039 1.63396e-007 -0.000245868 0.995193 0.0979336 2.40308e-005 -0.0979336 0.995193 -0.00137324 9.75131 21.4962</i>
                    </KeyFrames>
                </p>
            </i>
            <i>
                <p>
                    <Name><![CDATA[torso_base_pivots]]></Name>
                    <Exclude>0</Exclude>
                    <Additive>0</Additive>
                    <IKPriority>0</IKPriority>
                    <IKRotLimits>-1e+010 -1e+010 -1e+010 1e+010 1e+010 1e+010</IKRotLimits>
                    <IKRotLimitOrder>0</IKRotLimitOrder>
                    <KeyFrames count="66">
                        <i>0.999998 0.0020294 -5.89804e-006 -0.00202918 0.999926 0.0120182 3.02873e-005 -0.0120182 0.999928 -0.0200966 13.726 9.71231</i>
                        <i>0.999997 0.00248192 -1.20357e-006 -0.00248186 0.999973 0.00686646 1.82456e-005 -0.00686644 0.999976 -0.0235157 13.7376 9.70569</i>
                        <i>0.999997 0.00228597 -1.99643e-006 -0.00228595 0.999992 0.0033856 9.7358e-006 -0.00338559 0.999994 -0.0229839 13.7016 9.72607</i>
                        <i>1 0.000926519 -5.45449e-006 -0.000926511 0.999999 0.00139268 6.74482e-006 -0.00139267 0.999999 -0.0159429 13.7334 9.75537</i>
                        <i>0.999997 -0.00224709 -1.46853e-005 0.00224708 0.999997 -0.000278948 1.53121e-005 0.000278913 1 0.000848862 14.421 9.78932</i>
                        <i>0.999976 -0.00689801 -3.45262e-005 0.00689806 0.999975 0.00150936 2.41138e-005 -0.00150956 0.999999 0.0255962 14.9381 9.81836</i>
                        <i>0.999948 -0.0101824 -3.07377e-005 0.0101805 0.999695 0.0225175 -0.000198553 -0.0225166 0.999746 0.0533303 15.098 9.83291</i>
                        <i>0.999887 -0.0150319 -3.28071e-005 0.015031 0.999794 0.0136528 -0.000172428 -0.0136518 0.999907 0.0792953 15.0933 9.82478</i>
                        <i>0.999827 -0.0186211 6.14588e-005 0.0186193 0.999764 0.0111981 -0.000269966 -0.011195 0.999937 0.0987578 15.0039 9.73923</i>
                        <i>0.9998 -0.020014 0.000163858 0.0200117 0.999759 0.00907665 -0.000345478 -0.00907156 0.999959 0.106741 14.8015 9.65787</i>
                        <i>0.999827 -0.018613 0.000121467 0.0186097 0.999737 0.0133757 -0.000370396 -0.0133711 0.999911 0.0998695 14.4534 9.66758</i>
                        <i>0.999886 -0.0150756 3.99937e-005 0.0150718 0.999688 0.019941 -0.000340604 -0.0199382 0.999801 0.0813981 14.0566 9.70413</i>
                        <i>0.999946 -0.0103592 -1.24893e-005 0.0103558 0.99959 0.0267086 -0.000264196 -0.0267073 0.999643 0.0562601 13.6876 9.73649</i>
                        <i>0.999985 -0.005422 -4.1291e-005 0.00541992 0.999325 0.0363424 -0.000155786 -0.0363421 0.999339 0.0294978 13.784 9.80301</i>
                        <i>0.999999 -0.00122288 -1.37362e-005 0.0012223 0.999037 0.0438626 -3.99155e-005 -0.0438625 0.999038 0.00645118 13.9205 9.83602</i>
                        <i>0.999999 0.00127999 1.48351e-005 -0.00127925 0.998873 0.0474487 4.59153e-005 -0.0474487 0.998874 -0.00741549 14.0959 9.80954</i>
                        <i>0.999991 -0.00417549 -3.60252e-005 0.00417032 0.998244 0.0590859 -0.000210751 -0.0590856 0.998253 0.0229253 14.1731 9.8187</i>
                        <i>0.999956 -0.0093404 -6.10946e-005 0.00932182 0.99751 0.0699083 -0.000592029 -0.0699058 0.997553 0.0510672 14.2184 9.81933</i>
                        <i>0.999994 -0.00345815 -9.1995e-006 0.00344852 0.997004 0.0772706 -0.000258041 -0.0772702 0.99701 0.0188177 14.2164 9.80194</i>
                        <i>0.999984 0.00563517 2.37129e-005 -0.00561849 0.996683 0.0811906 0.000433888 -0.0811894 0.996699 -0.0306842 14.1641 9.77172</i>
                        <i>0.999941 0.010858 2.39821e-005 -0.0108218 0.996423 0.0838126 0.000886137 -0.0838079 0.996481 -0.0592261 14.0773 9.74558</i>
                        <i>0.999951 0.00987991 1.73233e-005 -0.00984539 0.996308 0.0852853 0.000825351 -0.0852813 0.996357 -0.0540074 14.0601 9.72624</i>
                        <i>0.999981 0.0061787 1.36426e-005 -0.0061573 0.996329 0.08538 0.000513944 -0.0853784 0.996348 -0.0337958 14.0201 9.71093</i>
                        <i>0.999999 0.00138557 1.07408e-005 -0.00138157 0.996459 0.0840709 0.000105784 -0.0840709 0.99646 -0.00739551 13.9623 9.69955</i>
                        <i>0.999996 -0.00286571 6.5921e-006 0.00285544 0.9966 0.0823428 -0.00024254 -0.0823424 0.996604 0.0161912 13.8918 9.69207</i>
                        <i>0.999997 -0.00258138 6.44338e-006 0.00257175 0.996477 0.0838293 -0.000222816 -0.083829 0.99648 0.0145887 13.791 9.70241</i>
                        <i>0.999997 -0.00228833 6.7996e-006 0.00227943 0.996364 0.0851736 -0.00020168 -0.0851734 0.996366 0.0129302 13.8041 9.71089</i>
                        <i>0.999998 -0.00198946 7.48465e-006 0.00198137 0.996259 0.0863995 -0.000179345 -0.0863993 0.996261 0.0112463 13.8207 9.71773</i>
                        <i>0.999999 -0.00168768 8.17354e-006 0.00168048 0.996152 0.0876253 -0.000156026 -0.0876251 0.996154 0.00955374 13.8361 9.72455</i>
