<?xml version="1.0" encoding="ISO-8859-1" ?>
<Animl Version="1">
    <ModellingPackage><![CDATA[Maya.2010]]></ModellingPackage>
    <SrcFile><![CDATA[anims\bosses\red\~src\boss_beetle\boss_beetle_deploy.mb]]></SrcFile>
    <FramesPerSecond>30</FramesPerSecond>
    <TotalFrames>46</TotalFrames>
    <Skeleton>
        <RefFrame>
            <Name><![CDATA[boss_beetle_ref_frame]]></Name>
            <Exclude>0</Exclude>
            <Additive>0</Additive>
            <IKPriority>0</IKPriority>
            <IKRotLimits>-1e+010 -1e+010 -1e+010 1e+010 1e+010 1e+010</IKRotLimits>
            <IKRotLimitOrder>0</IKRotLimitOrder>
            <KeyFrames count="46">
                <i>1 0 0 0 1 0 0 0 1 0 0 0</i>
                <i>1 0 0 0 1 0 0 0 1 0 0 0</i>
                <i>1 0 0 0 1 0 0 0 1 0 0 0</i>
                <i>1 0 0 0 1 0 0 0 1 0 0 0</i>
                <i>1 0 0 0 1 0 0 0 1 0 0 0</i>
                <i>1 0 0 0 1 0 0 0 1 0 0 0</i>
                <i>1 0 0 0 1 0 0 0 1 0 0 0</i>
                <i>1 0 0 0 1 0 0 0 1 0 0 0</i>
                <i>1 0 0 0 1 0 0 0 1 0 0 0</i>
                <i>1 0 0 0 1 0 0 0 1 0 0 0</i>
                <i>1 0 0 0 1 0 0 0 1 0 0 0</i>
                <i>1 0 0 0 1 0 0 0 1 0 0 0</i>
                <i>1 0 0 0 1 0 0 0 1 0 0 0</i>
                <i>1 0 0 0 1 0 0 0 1 0 0 0</i>
                <i>1 0 0 0 1 0 0 0 1 0 0 0</i>
                <i>1 0 0 0 1 0 0 0 1 0 0 0</i>
                <i>1 0 0 0 1 0 0 0 1 0 0 0</i>
                <i>1 0 0 0 1 0 0 0 1 0 0 0</i>
                <i>1 0 0 0 1 0 0 0 1 0 0 0</i>
                <i>1 0 0 0 1 0 0 0 1 0 0 0</i>
                <i>1 0 0 0 1 0 0 0 1 0 0 0</i>
                <i>1 0 0 0 1 0 0 0 1 0 0 0</i>
                <i>1 0 0 0 1 0 0 0 1 0 0 0</i>
                <i>1 0 0 0 1 0 0 0 1 0 0 0</i>
                <i>1 0 0 0 1 0 0 0 1 0 0 0</i>
                <i>1 0 0 0 1 0 0 0 1 0 0 0</i>
                <i>1 0 0 0 1 0 0 0 1 0 0 0</i>
                <i>1 0 0 0 1 0 0 0 1 0 0 0</i>
                <i>1 0 0 0 1 0 0 0 1 0 0 0</i>
                <i>1 0 0 0 1 0 0 0 1 0 0 0</i>
                <i>1 0 0 0 1 0 0 0 1 0 0 0</i>
                <i>1 0 0 0 1 0 0 0 1 0 0 0</i>
                <i>1 0 0 0 1 0 0 0 1 0 0 0</i>
                <i>1 0 0 0 1 0 0 0 1 0 0 0</i>
                <i>1 0 0 0 1 0 0 0 1 0 0 0</i>
                <i>1 0 0 0 1 0 0 0 1 0 0 0</i>
                <i>1 0 0 0 1 0 0 0 1 0 0 0</i>
                <i>1 0 0 0 1 0 0 0 1 0 0 0</i>
                <i>1 0 0 0 1 0 0 0 1 0 0 0</i>
                <i>1 0 0 0 1 0 0 0 1 0 0 0</i>
                <i>1 0 0 0 1 0 0 0 1 0 0 0</i>
                <i>1 0 0 0 1 0 0 0 1 0 0 0</i>
                <i>1 0 0 0 1 0 0 0 1 0 0 0</i>
                <i>1 0 0 0 1 0 0 0 1 0 0 0</i>
                <i>1 0 0 0 1 0 0 0 1 0 0 0</i>
                <i>1 0 0 0 1 0 0 0 1 0 0 0</i>
            </KeyFrames>
        </RefFrame>
        <Bones count="20">
            <i>
                <p>
                    <Name><![CDATA[boss_beetle_root]]></Name>
                    <Exclude>1</Exclude>
                    <Additive>0</Additive>
                    <IKPriority>0</IKPriority>
                    <IKRotLimits>-1e+010 -1e+010 -1e+010 1e+010 1e+010 1e+010</IKRotLimits>
                    <IKRotLimitOrder>0</IKRotLimitOrder>
                    <KeyFrames count="46">
                        <i>1 0 0 0 1 0 0 0 1 0 0 0</i>
                        <i>1 0 0 0 1 0 0 0 1 0 0 0</i>
                        <i>1 0 0 0 1 0 0 0 1 0 0 0</i>
                        <i>1 0 0 0 1 0 0 0 1 0 0 0</i>
                        <i>1 0 0 0 1 0 0 0 1 0 0 0</i>
                        <i>1 0 0 0 1 0 0 0 1 0 0 0</i>
                        <i>1 0 0 0 1 0 0 0 1 0 0 0</i>
                        <i>1 0 0 0 1 0 0 0 1 0 0 0</i>
                        <i>1 0 0 0 1 0 0 0 1 0 0 0</i>
                        <i>1 0 0 0 1 0 0 0 1 0 0 0</i>
                        <i>1 0 0 0 1 0 0 0 1 0 0 0</i>
                        <i>1 0 0 0 1 0 0 0 1 0 0 0</i>
                        <i>1 0 0 0 1 0 0 0 1 0 0 0</i>
                        <i>1 0 0 0 1 0 0 0 1 0 0 0</i>
                        <i>1 0 0 0 1 0 0 0 1 0 0 0</i>
                        <i>1 0 0 0 1 0 0 0 1 0 0 0</i>
                        <i>1 0 0 0 1 0 0 0 1 0 0 0</i>
                        <i>1 0 0 0 1 0 0 0 1 0 0 0</i>
                        <i>1 0 0 0 1 0 0 0 1 0 0 0</i>
                        <i>1 0 0 0 1 0 0 0 1 0 0 0</i>
                        <i>1 0 0 0 1 0 0 0 1 0 0 0</i>
                        <i>1 0 0 0 1 0 0 0 1 0 0 0</i>
                        <i>1 0 0 0 1 0 0 0 1 0 0 0</i>
                        <i>1 0 0 0 1 0 0 0 1 0 0 0</i>
                        <i>1 0 0 0 1 0 0 0 1 0 0 0</i>
                        <i>1 0 0 0 1 0 0 0 1 0 0 0</i>
                        <i>1 0 0 0 1 0 0 0 1 0 0 0</i>
                        <i>1 0 0 0 1 0 0 0 1 0 0 0</i>
                        <i>1 0 0 0 1 0 0 0 1 0 0 0</i>
                        <i>1 0 0 0 1 0 0 0 1 0 0 0</i>
                        <i>1 0 0 0 1 0 0 0 1 0 0 0</i>
                        <i>1 0 0 0 1 0 0 0 1 0 0 0</i>
                        <i>1 0 0 0 1 0 0 0 1 0 0 0</i>
                        <i>1 0 0 0 1 0 0 0 1 0 0 0</i>
                        <i>1 0 0 0 1 0 0 0 1 0 0 0</i>
                        <i>1 0 0 0 1 0 0 0 1 0 0 0</i>
                        <i>1 0 0 0 1 0 0 0 1 0 0 0</i>
                        <i>1 0 0 0 1 0 0 0 1 0 0 0</i>
                        <i>1 0 0 0 1 0 0 0 1 0 0 0</i>
                        <i>1 0 0 0 1 0 0 0 1 0 0 0</i>
                        <i>1 0 0 0 1 0 0 0 1 0 0 0</i>
                        <i>1 0 0 0 1 0 0 0 1 0 0 0</i>
                        <i>1 0 0 0 1 0 0 0 1 0 0 0</i>
                        <i>1 0 0 0 1 0 0 0 1 0 0 0</i>
                        <i>1 0 0 0 1 0 0 0 1 0 0 0</i>
                        <i>1 0 0 0 1 0 0 0 1 0 0 0</i>
                    </KeyFrames>
                </p>
            </i>
            <i>
                <p>
                    <Name><![CDATA[base]]></Name>
                    <Exclude>1</Exclude>
                    <Additive>0</Additive>
                    <IKPriority>0</IKPriority>
                    <IKRotLimits>-1e+010 -1e+010 -1e+010 1e+010 1e+010 1e+010</IKRotLimits>
                    <IKRotLimitOrder>0</IKRotLimitOrder>
                    <KeyFrames count="46">
                        <i>1 0.00010148 -3.30872e-024 -0.00010148 1 0.000335286 3.40247e-008 -0.000335286 1 -0.0128706 8.19274 0.00606723</i>
                        <i>1 -0.00014242 6.61744e-024 0.00014242 1 0.000619184 -8.81842e-008 -0.000619184 1 -0.0106439 8.19362 0.00547611</i>
                        <i>1 -0.000214466 1.32349e-023 0.000214466 1 0.000689473 -1.47869e-007 -0.000689473 1 0.000374308 8.26157 0.00224929</i>
                        <i>1 -0.000113215 0 0.000113215 1 0.00036464 -4.12827e-008 -0.00036464 1 0.00638814 8.26315 0.00278808</i>
                        <i>1 0.000228693 0 -0.000228693 1 9.78543e-006 2.23786e-009 -9.78543e-006 1 0.00681783 8.22267 0.00383639</i>
                        <i>1 0.000388149 0 -0.000388149 1 1.84205e-005 7.14992e-009 -1.84205e-005 1 -0.000226598 8.25292 0.000763464</i>
                        <i>1 0.000187158 0 -0.000187158 1 0.000109805 2.05508e-008 -0.000109805 1 -0.0109162 8.20105 0.00514183</i>
                        <i>1 0.000220291 1.65436e-024 -0.000220291 1 0.000121585 2.6784e-008 -0.000121585 1 -0.00778283 8.24973 0.0122875</i>
                        <i>1 5.52255e-005 -8.27181e-025 -5.52255e-005 1 0.000136362 7.53065e-009 -0.000136362 1 -0.00791631 8.23411 0.0154518</i>
                        <i>1 -0.000197205 0 0.000197205 1 -6.81188e-005 1.34333e-008 6.81188e-005 1 -0.00634583 8.25893 0.0120594</i>
                        <i>1 -5.97821e-005 0 5.97821e-005 1 -5.33868e-005 3.19157e-009 5.33868e-005 1 0.0021301 8.27143 0.0108062</i>
                        <i>1 -0.000205802 0 0.000205802 1 0.00038351 -7.89274e-008 -0.00038351 1 0.0074369 8.25959 0.0197333</i>
                        <i>1 -0.000300093 0 0.000300093 1 0.000439999 -1.32041e-007 -0.000439999 1 0.0162403 8.226 0.0181794</i>
                        <i>1 -0.000563521 1.32349e-023 0.000563521 1 0.000352797 -1.98809e-007 -0.000352797 1 0.0270485 8.20924 0.0067544</i>
                        <i>1 -0.000384216 0 0.000384216 1 0.000406806 -1.56301e-007 -0.000406806 1 0.0318516 8.20049 0.00335717</i>
                        <i>1 0.00018123 1.32349e-023 -0.00018123 1 0.000709039 1.28499e-007 -0.000709039 1 0.0321006 8.20284 0.0116468</i>
                        <i>1 0.000263716 2.64698e-023 -0.000263716 0.999999 0.00101064 2.66522e-007 -0.00101064 0.999999 0.0287052 8.19957 0.0146812</i>
                        <i>1 5.56688e-005 0 -5.56688e-005 1 0.000993145 5.52872e-008 -0.000993145 1 0.0331304 8.21122 0.015326</i>
                        <i>1 5.09346e-005 3.30872e-024 -5.09346e-005 1 0.000817203 4.16239e-008 -0.000817203 1 0.035665 8.2714 0.00960645</i>
                        <i>1 0.000376269 0 -0.000376269 1 0.000317173 1.19343e-007 -0.000317173 1 0.0352875 8.2155 -0.0055339</i>
                        <i>1 0.000455154 6.61744e-024 -0.000455154 1 -0.000190685 -8.67911e-008 0.000190685 1 0.0306923 8.23244 -0.0158965</i>
                        <i>1 0.000464554 1.32349e-023 -0.000464554 1 -0.000447386 -2.07835e-007 0.000447386 1 0.0140017 8.18265 -0.0169659</i>
                        <i>1 0.000511941 0 -0.000511941 1 -0.000233066 -1.19316e-007 0.000233066 1 0.0093068 8.19016 -0.0052713</i>
                        <i>1 0.000620382 1.32349e-023 -0.000620382 1 0.000196378 1.21829e-007 -0.000196378 1 0.0135772 8.22691 0.0083915</i>
                        <i>1 0.000356006 0 -0.000356006 1 0.000285927 1.01792e-007 -0.000285927 1 0.0125782 8.23604 0.00523611</i>
                        <i>1 -0.000102422 3.30872e-024 0.000102422 1 0.000361225 -3.69973e-008 -0.000361225 1 0.0138786 8.19268 -0.010276</i>
                        <i>1 -0.000568241 -3.30872e-024 0.000568241 1 9.19525e-005 -5.22512e-008 -9.19525e-005 1 0.0139063 8.22482 -0.0111915</i>
                        <i>1 -0.000857045 2.64698e-023 0.000857045 1 0.000289006 -2.47691e-007 -0.000289006 1 0.00989857 8.23226 -0.00535086</i>
                        <i>1 -0.000396718 1.32349e-023 0.000396718 1 0.000416596 -1.65271e-007 -0.000416596 1 0.00757201 8.27051 -0.00253573</i>
                        <i>1 0.000277242 6.61744e-024 -0.000277242 1 0.000192256 5.33014e-008 -0.000192256 1 0.00911421 8.24507 -0.00844846</i>
                        <i>1 0.000617638 1.65436e-024 -0.000617638 1 2.90052e-005 1.79147e-008 -2.90052e-005 1 0.00434682 8.25311 -0.00151142</i>
                        <i>1 0.000422843 0 -0.000422843 1 -8.6086e-005 -3.64009e-008 8.6086e-005 1 0.00461082 8.2627 0.0104302</i>
                        <i>1 0.000395406 1.32349e-023 -0.000395406 1 -0.00045278 -1.79032e-007 0.00045278 1 0.000917377 8.18757 0.0183427</i>
                        <i>1 0.00041266 0 -0.00041266 1 -0.000715402 -2.95218e-007 0.000715402 1 0.0018238 8.21782 0.0202639</i>
                        <i>1 0.000520061 2.64698e-023 -0.000520061 0.999999 -0.000895933 -4.65939e-007 0.000895932 1 -0.0039396 8.23072 0.0163562</i>
                        <i>1 0.000681265 0 -0.000681265 0.999999 -0.000825432 -5.62338e-007 0.000825432 1 -0.0164658 8.22678 0.00950104</i>
                        <i>1 0.000732957 0 -0.000732957 0.999999 -0.000823495 -6.03587e-007 0.000823495 1 -0.0219657 8.24392 -0.00660291</i>
                        <i>1 0.000353492 -2.64698e-023 -0.000353492 1 -0.000721375 -2.55001e-007 0.000721375 1 -0.0278619 8.24584 -0.0181149</i>
                        <i>1 0.000219269 0 -0.000219269 1 -0.000730136 -1.60096e-007 0.000730136 1 -0.0272767 8.25883 -0.0125515</i>
                        <i>1 0.000164489 0 -0.000164489 1 -0.000517106 -8.50585e-008 0.000517106 1 -0.0216547 8.27066 -0.00310679</i>
                        <i>1 -0.000295801 0 0.000295801 1 -3.45821e-006 1.02294e-009 3.45821e-006 1 -0.0160926 8.19043 0.00439883</i>
                        <i>1 -0.000284631 -6.61744e-024 0.000284631 1 0.000301073 -8.56947e-008 -0.000301073 1 -0.00499801 8.21979 0.00470625</i>
                        <i>1 0.000113723 8.27181e-025 -0.000113723 1 7.44728e-005 8.46927e-009 -7.44728e-005 1 -0.00460178 8.18657 -0.00160622</i>
                        <i>1 0.000366631 0 -0.000366631 1 -0.000519816 -1.90581e-007 0.000519816 1 -0.0106032 8.22401 -0.00771506</i>
                        <i>1 0.000119254 0 -0.000119254 1 -0.000928403 -1.10716e-007 0.000928403 1 -0.0169971 8.27244 -0.00467966</i>
                        <i>1 -6.01679e-005 -6.61744e-024 6.01679e-005 0.999999 -0.00105142 6.32616e-008 0.00105142 0.999999 -0.0217124 8.24719 0.000866699</i>
                    </KeyFrames>
                </p>
            </i>
            <i>
                <p>
                    <Name><![CDATA[plow]]></Name>
                    <Exclude>1</Exclude>
                    <Additive>0</Additive>
                    <IKPriority>0</IKPriority>
                    <IKRotLimits>-1e+010 -1e+010 -1e+010 1e+010 1e+010 1e+010</IKRotLimits>
                    <IKRotLimitOrder>0</IKRotLimitOrder>
                    <KeyFrames count="46">
                        <i>1 0.00010148 -3.30872e-024 -6.27598e-005 0.618448 -0.785826 -7.97453e-005 0.785826 0.618448 -0.0130283 9.74614 16.3602</i>
                        <i>1 -0.00014242 6.61744e-024 8.81112e-005 0.618671 -0.78565 0.000111892 0.78565 0.618671 -0.0104233 9.74238 16.36</i>
                        <i>1 -0.000214466 1.32349e-023 0.000132696 0.618726 -0.785607 0.000168486 0.785607 0.618726 0.000706218 9.80918 16.3569</i>
                        <i>1 -0.000113215 0 7.002e-005 0.618471 -0.785808 8.8965e-005 0.785808 0.618471 0.00656396 9.81607 16.3569</i>
                        <i>1 0.000228693 0 -0.000141376 0.618192 -0.786027 -0.000179759 0.786027 0.618192 0.00646136 9.78139 16.3574</i>
                        <i>1 0.000388149 0 -0.000239954 0.618199 -0.786022 -0.000305094 0.786022 0.618199 -0.000831561 9.8115 16.3544</i>
                        <i>1 0.000187158 0 -0.000115714 0.618271 -0.785965 -0.000147099 0.785965 0.618271 -0.0112076 9.75814 16.3589</i>
                        <i>1 0.000220291 1.65436e-024 -0.000136201 0.61828 -0.785958 -0.000173139 0.785958 0.61828 -0.0081258 9.80662 16.366</i>
                        <i>1 5.52255e-005 -8.27181e-025 -3.41454e-005 0.618291 -0.785949 -4.34044e-005 0.785949 0.618291 -0.00800228 9.79076 16.3692</i>
                        <i>1 -0.000197205 0 0.000121898 0.618131 -0.786075 0.000155018 0.786075 0.618131 -0.00603819 9.81892 16.3655</i>
                        <i>1 -5.97821e-005 0 3.69539e-005 0.618142 -0.786066 4.69927e-005 0.786066 0.618142 0.00222335 9.83119 16.3643</i>
                        <i>1 -0.000205802 0 0.000127286 0.618486 -0.785796 0.000161719 0.785796 0.618486 0.00775644 9.8122 16.3739</i>
                        <i>1 -0.000300093 0 0.000185616 0.61853 -0.785761 0.000235801 0.785761 0.61853 0.016706 9.77769 16.3724</i>
                        <i>1 -0.000563521 1.32349e-023 0.000348516 0.618461 -0.785815 0.000442824 0.785815 0.618462 0.0279237 9.76235 16.3609</i>
                        <i>1 -0.000384216 0 0.000237639 0.618504 -0.785782 0.00030191 0.785782 0.618504 0.032448 9.75272 16.3576</i>
                        <i>1 0.00018123 1.32349e-023 -0.000112135 0.618742 -0.785595 -0.000142374 0.785595 0.618742 0.0318202 9.75013 16.3663</i>
                        <i>1 0.000263716 2.64698e-023 -0.000163235 0.618978 -0.785408 -0.000207125 0.785408 0.618978 0.0282984 9.74192 16.3698</i>
                        <i>1 5.56688e-005 0 -3.4457e-005 0.618965 -0.785419 -4.37233e-005 0.785419 0.618965 0.0330445 9.75386 16.3704</i>
                        <i>1 5.09346e-005 3.30872e-024 -3.15197e-005 0.618826 -0.785528 -4.00106e-005 0.785528 0.618826 0.0355862 9.81692 16.3644</i>
                        <i>1 0.000376269 0 -0.000232698 0.618434 -0.785837 -0.000295686 0.785837 0.618434 0.0347029 9.7692 16.3485</i>
                        <i>1 0.000455154 6.61744e-024 -0.000281301 0.618034 -0.786151 -0.00035782 0.786151 0.618034 0.0299814 9.79445 16.3374</i>
                        <i>1 0.000464554 1.32349e-023 -0.000287017 0.617833 -0.78631 -0.000365284 0.78631 0.617833 0.0132741 9.74885 16.3359</i>
                        <i>1 0.000511941 0 -0.00031638 0.618001 -0.786177 -0.000402476 0.786177 0.618001 0.00850679 9.75285 16.3479</i>
                        <i>1 0.000620382 1.32349e-023 -0.000383606 0.618339 -0.785912 -0.000487566 0.785912 0.618339 0.0126121 9.78259 16.3623</i>
                        <i>1 0.000356006 0 -0.000220157 0.618409 -0.785856 -0.000279769 0.785856 0.618409 0.0120249 9.79025 16.3592</i>
                        <i>1 -0.000102422 3.30872e-024 6.33446e-005 0.618468 -0.78581 8.04841e-005 0.78581 0.618468 0.0140376 9.74565 16.3439</i>
                        <i>1 -0.000568241 -3.30872e-024 0.000351319 0.618257 -0.785976 0.000446624 0.785976 0.618257 0.0147913 9.7822 16.3425</i>
                        <i>1 -0.000857045 2.64698e-023 0.000530007 0.618411 -0.785854 0.000673513 0.785854 0.618411 0.0112305 9.78642 16.3487</i>
                        <i>1 -0.000396718 1.32349e-023 0.000245375 0.618512 -0.785776 0.000311731 0.785775 0.618512 0.00818774 9.82258 16.3517</i>
                        <i>1 0.000277242 6.61744e-024 -0.000171428 0.618335 -0.785914 -0.000217888 0.785914 0.618335 0.00868289 9.80081 16.3454</i>
                        <i>1 0.000617638 1.65436e-024 -0.000381828 0.618207 -0.786015 -0.000485473 0.786015 0.618207 0.00338429 9.81152 16.3521</i>
                        <i>1 0.000422843 0 -0.000261366 0.618117 -0.786086 -0.000332391 0.786086 0.618117 0.00395106 9.82299 16.3639</i>
                        <i>1 0.000395406 1.32349e-023 -0.000244293 0.617828 -0.786313 -0.000310913 0.786313 0.617828 0.000298057 9.75386 16.3712</i>
                        <i>1 0.00041266 0 -0.000254868 0.617622 -0.786475 -0.000324547 0.786475 0.617622 0.00117568 9.78841 16.3727</i>
                        <i>1 0.000520061 2.64698e-023 -0.000321127 0.61748 -0.786587 -0.000409073 0.786587 0.61748 -0.00475793 9.80425 16.3685</i>
                        <i>1 0.000681265 0 -0.000420705 0.617535 -0.786543 -0.000535844 0.786543 0.617535 -0.017537 9.79916 16.3618</i>
                        <i>1 0.000732957 0 -0.000452628 0.617537 -0.786542 -0.000576502 0.786542 0.617537 -0.0231182 9.81627 16.3457</i>
                        <i>1 0.000353492 -2.64698e-023 -0.000218323 0.617617 -0.786479 -0.000278014 0.786479 0.617617 -0.0284171 9.81652 16.3343</i>
                        <i>1 0.000219269 0 -0.000135423 0.61761 -0.786484 -0.000172452 0.786484 0.61761 -0.0276211 9.82966 16.3399</i>
                        <i>1 0.000164489 0 -0.000101618 0.617778 -0.786353 -0.000129347 0.786353 0.617778 -0.0219125 9.838 16.3496</i>
                        <i>1 -0.000295801 0 0.000182859 0.618182 -0.786035 0.00023251 0.786035 0.618182 -0.0156315 9.74937 16.358</i>
                        <i>1 -0.000284631 -6.61744e-024 0.000176022 0.618421 -0.785847 0.000223676 0.785847 0.618421 -0.0045557 9.77375 16.3587</i>
                        <i>1 0.000113723 8.27181e-025 -7.03084e-005 0.618243 -0.785987 -8.93848e-005 0.785987 0.618243 -0.00477892 9.74423 16.3521</i>
                        <i>1 0.000366631 0 -0.000226495 0.617776 -0.786354 -0.000288302 0.786354 0.617776 -0.0111778 9.7914 16.345</i>
                        <i>1 0.000119254 0 -7.3634e-005 0.617454 -0.786607 -9.38062e-005 0.786607 0.617454 -0.0171848 9.8465 16.3474</i>
                        <i>1 -6.01679e-005 -6.61744e-024 3.71451e-005 0.617358 -0.786683 4.73331e-005 0.786683 0.617358 -0.0216176 9.82326 16.3528</i>
                    </KeyFrames>
                </p>
            </i>
            <i>
                <p>
                    <Name><![CDATA[torso_base_pivots]]></Name>
                    <Exclude>1</Exclude>
                    <Additive>0</Additive>
                    <IKPriority>0</IKPriority>
                    <IKRotLimits>-1e+010 -1e+010 -1e+010 1e+010 1e+010 1e+010</IKRotLimits>
                    <IKRotLimitOrder>0</IKRotLimitOrder>
                    <KeyFrames count="46">
                        <i>1 0.00010148 -3.30872e-024 -0.00010148 1 0.000335286 3.40247e-008 -0.000335286 1 -0.0134331 13.7354 9.68978</i>
                        <i>1 -0.00014242 6.61744e-024 0.00014242 1 0.000619184 -8.81842e-008 -0.000619184 1 -0.00985488 13.7335 9.69076</i>
                        <i>1 -0.000214466 1.32349e-023 0.000214466 1 0.000689473 -1.47869e-007 -0.000689473 1 0.00156228 13.8008 9.68792</i>
                        <i>1 -0.000113215 0 0.000113215 1 0.00036464 -4.12827e-008 -0.00036464 1 0.00701562 13.8055 9.68666</i>
                        <i>1 0.000228693 0 -0.000228693 1 9.78543e-006 2.23786e-009 -9.78543e-006 1 0.00554954 13.7685 9.68574</i>
                        <i>1 0.000388149 0 -0.000388149 1 1.84205e-005 7.14992e-009 -1.84205e-005 1 -0.00237916 13.7986 9.68272</i>
                        <i>1 0.000187158 0 -0.000187158 1 0.000109805 2.05508e-008 -0.000109805 1 -0.0119539 13.7459 9.6876</i>
                        <i>1 0.000220291 1.65436e-024 -0.000220291 1 0.000121585 2.6784e-008 -0.000121585 1 -0.00900427 13.7944 9.69481</i>
                        <i>1 5.52255e-005 -8.27181e-025 -5.52255e-005 1 0.000136362 7.53065e-009 -0.000136362 1 -0.00822251 13.7787 9.69806</i>
                        <i>1 -0.000197205 0 0.000197205 1 -6.81188e-005 1.34333e-008 6.81188e-005 1 -0.00525202 13.8055 9.69353</i>
                        <i>1 -5.97821e-005 0 5.97821e-005 1 -5.33868e-005 3.19157e-009 5.33868e-005 1 0.00246168 13.8178 9.69236</i>
                        <i>1 -0.000205802 0 0.000205802 1 0.00038351 -7.89274e-008 -0.00038351 1 0.0085775 13.8018 9.70371</i>
                        <i>1 -0.000300093 0 0.000300093 1 0.000439999 -1.32041e-007 -0.000439999 1 0.0179034 13.7676 9.70247</i>
                        <i>1 -0.000563521 1.32349e-023 0.000563521 1 0.000352797 -1.98809e-007 -0.000352797 1 0.0301718 13.7517 9.69056</i>
                        <i>1 -0.000384216 0 0.000384216 1 0.000406806 -1.56301e-007 -0.000406806 1 0.0339809 13.7424 9.68746</i>
                        <i>1 0.00018123 1.32349e-023 -0.00018123 1 0.000709039 1.28499e-007 -0.000709039 1 0.0310968 13.7419 9.69743</i>
                        <i>1 0.000263716 2.64698e-023 -0.000263716 0.999999 0.00101064 2.66522e-007 -0.00101064 0.999999 0.0272452 13.7357 9.70213</i>
                        <i>1 5.56688e-005 0 -5.56688e-005 1 0.000993145 5.52872e-008 -0.000993145 1 0.0328222 13.7475 9.70268</i>
                        <i>1 5.09346e-005 3.30872e-024 -5.09346e-005 1 0.000817203 4.16239e-008 -0.000817203 1 0.0353829 13.8094 9.69599</i>
                        <i>1 0.000376269 0 -0.000376269 1 0.000317173 1.19343e-007 -0.000317173 1 0.0332019 13.7583 9.67807</i>
                        <i>1 0.000455154 6.61744e-024 -0.000455154 1 -0.000190685 -8.67911e-008 0.000190685 1 0.0281672 13.7802 9.6649</i>
                        <i>1 0.000464554 1.32349e-023 -0.000464554 1 -0.000447386 -2.07835e-007 0.000447386 1 0.0114233 13.7329 9.6624</i>
                        <i>1 0.000511941 0 -0.000511941 1 -0.000233066 -1.19316e-007 0.000233066 1 0.00646648 13.7383 9.67529</i>
                        <i>1 0.000620382 1.32349e-023 -0.000620382 1 0.000196378 1.21829e-007 -0.000196378 1 0.0101378 13.7709 9.69133</i>
                        <i>1 0.000356006 0 -0.000356006 1 0.000285927 1.01792e-007 -0.000285927 1 0.0106048 13.7792 9.68867</i>
                        <i>1 -0.000102422 3.30872e-024 0.000102422 1 0.000361225 -3.69973e-008 -0.000361225 1 0.0144462 13.7351 9.67358</i>
                        <i>1 -0.000568241 -3.30872e-024 0.000568241 1 9.19525e-005 -5.22512e-008 -9.19525e-005 1 0.0170572 13.7698 9.67117</i>
                        <i>1 -0.000857045 2.64698e-023 0.000857045 1 0.000289006 -2.47691e-007 -0.000289006 1 0.0146492 13.7753 9.6781</i>
                        <i>1 -0.000396718 1.32349e-023 0.000396718 1 0.000416596 -1.65271e-007 -0.000416596 1 0.00977056 13.8124 9.68162</i>
                        <i>1 0.000277242 6.61744e-024 -0.000277242 1 0.000192256 5.33014e-008 -0.000192256 1 0.00757717 13.7891 9.67447</i>
                        <i>1 0.000617638 1.65436e-024 -0.000617638 1 2.90052e-005 1.79147e-008 -2.90052e-005 1 0.000921647 13.7987 9.6805</i>
                        <i>1 0.000422843 0 -0.000422843 1 -8.6086e-005 -3.64009e-008 8.6086e-005 1 0.00226542 13.8094 9.6918</i>
                        <i>1 0.000395406 1.32349e-023 -0.000395406 1 -0.00045278 -1.79032e-007 0.00045278 1 -0.00127723 13.7378 9.69768</i>
                        <i>1 0.00041266 0 -0.00041266 1 -0.000715402 -2.95218e-007 0.000715402 1 -0.000467624 13.7706 9.69814</i>
                        <i>1 0.000520061 2.64698e-023 -0.000520061 0.999999 -0.000895933 -4.65939e-007 0.000895932 1 -0.00682831 13.7853 9.69323</i>
                        <i>1 0.000681265 0 -0.000681265 0.999999 -0.000825432 -5.62338e-007 0.000825432 1 -0.0202495 13.7807 9.68677</i>
                        <i>1 0.000732957 0 -0.000732957 0.999999 -0.000823495 -6.03587e-007 0.000823495 1 -0.0260365 13.7978 9.67068</i>
                        <i>1 0.000353492 -2.64698e-023 -0.000353492 1 -0.000721375 -2.55001e-007 0.000721375 1 -0.0298248 13.7987 9.65973</i>
                        <i>1 0.000219269 0 -0.000219269 1 -0.000730136 -1.60096e-007 0.000730136 1 -0.0284943 13.8118 9.66525</i>
                        <i>1 0.000164489 0 -0.000164489 1 -0.000517106 -8.50585e-008 0.000517106 1 -0.0225678 13.8216 9.67587</i>
                        <i>1 -0.000295801 0 0.000295801 1 -3.45821e-006 1.02294e-009 3.45821e-006 1 -0.0144521 13.7363 9.68623</i>
                        <i>1 -0.000284631 -6.61744e-024 0.000284631 1 0.000301073 -8.56947e-008 -0.000301073 1 -0.00342031 13.7628 9.68823</i>
                        <i>1 0.000113723 8.27181e-025 -0.000113723 1 7.44728e-005 8.46927e-009 -7.44728e-005 1 -0.00523239 13.7317 9.68066</i>
                        <i>1 0.000366631 0 -0.000366631 1 -0.000519816 -1.90581e-007 0.000519816 1 -0.0126383 13.7749 9.67125</i>
                        <i>1 0.000119254 0 -0.000119254 1 -0.000928403 -1.10716e-007 0.000928403 1 -0.0176595 13.8273 9.67202</i>
                        <i>1 -6.01679e-005 -6.61744e-024 6.01679e-005 0.999999 -0.00105142 6.32616e-008 0.00105142 0.999999 -0.0213781 13.8032 9.67688</i>
                    </KeyFrames>
                </p>
            </i>
            <i>
                <p>
                    <Name><![CDATA[torso_base]]></Name>
                    <Exclude>1</Exclude>
                    <Additive>0</Additive>
                    <IKPriority>0</IKPriority>
                    <IKRotLimits>-1e+010 -1e+010 -1e+010 1e+010 1e+010 1e+010</IKRotLimits>
                    <IKRotLimitOrder>0</IKRotLimitOrder>
                    <KeyFrames count="46">
                        <i>1 0.00010148 -3.30872e-024 -0.00010148 1 0.000335286 3.40247e-008 -0.000335286 1 -0.0146402 25.6299 0.0119137</i>
                        <i>1 -0.00014242 6.61744e-024 0.00014242 1 0.000619184 -8.81842e-008 -0.000619184 1 -0.00816047 25.6308 0.016273</i>
                        <i>1 -0.000214466 1.32349e-023 0.000214466 1 0.000689473 -1.47869e-007 -0.000689473 1 0.004114 25.6988 0.0142718</i>
                        <i>1 -0.000113215 0 0.000113215 1 0.00036464 -4.12827e-008 -0.00036464 1 0.00836229 25.7004 0.00914638</i>
                        <i>1 0.000228693 0 -0.000228693 1 9.78543e-006 2.23786e-009 -9.78543e-006 1 0.00283006 25.6599 0.00400702</i>
                        <i>1 0.000388149 0 -0.000388149 1 1.84205e-005 7.14992e-009 -1.84205e-005 1 -0.00699484 25.6901 0.00108467</i>
                        <i>1 0.000187158 0 -0.000187158 1 0.000109805 2.05508e-008 -0.000109805 1 -0.0141797 25.6383 0.00705652</i>
                        <i>1 0.000220291 1.65436e-024 -0.000220291 1 0.000121585 2.6784e-008 -0.000121585 1 -0.0116241 25.6869 0.0144075</i>
                        <i>1 5.52255e-005 -8.27181e-025 -5.52255e-005 1 0.000136362 7.53065e-009 -0.000136362 1 -0.00887929 25.6713 0.0178296</i>
                        <i>1 -0.000197205 0 0.000197205 1 -6.81188e-005 1.34333e-008 6.81188e-005 1 -0.00290713 25.6961 0.0108716</i>
                        <i>1 -5.97821e-005 0 5.97821e-005 1 -5.33868e-005 3.19157e-009 5.33868e-005 1 0.00317254 25.7086 0.00987531</i>
                        <i>1 -0.000205802 0 0.000205802 1 0.00038351 -7.89274e-008 -0.00038351 1 0.0110255 25.6968 0.0264206</i>
                        <i>1 -0.000300093 0 0.000300093 1 0.000439999 -1.32041e-007 -0.000439999 1 0.0214731 25.6632 0.0258518</i>
                        <i>1 -0.000563521 1.32349e-023 0.000563521 1 0.000352797 -1.98809e-007 -0.000352797 1 0.0368748 25.6464 0.0129062</i>
                        <i>1 -0.000384216 0 0.000384216 1 0.000406806 -1.56301e-007 -0.000406806 1 0.0385513 25.6377 0.0104507</i>
                        <i>1 0.00018123 1.32349e-023 -0.00018123 1 0.000709039 1.28499e-007 -0.000709039 1 0.0289405 25.64 0.0240104</i>
                        <i>1 0.000263716 2.64698e-023 -0.000263716 0.999999 0.00101064 2.66522e-007 -0.00101064 0.999999 0.0241067 25.6368 0.032304</i>
                        <i>1 5.56688e-005 0 -5.56688e-005 1 0.000993145 5.52872e-008 -0.000993145 1 0.0321597 25.6484 0.0326437</i>
                        <i>1 5.09346e-005 3.30872e-024 -5.09346e-005 1 0.000817203 4.16239e-008 -0.000817203 1 0.0347768 25.7086 0.0238562</i>
                        <i>1 0.000376269 0 -0.000376269 1 0.000317173 1.19343e-007 -0.000317173 1 0.0287264 25.6527 -3.28721e-006</i>
                        <i>1 0.000455154 6.61744e-024 -0.000455154 1 -0.000190685 -8.67911e-008 0.000190685 1 0.0227557 25.6696 -0.0192215</i>
                        <i>1 0.000464554 1.32349e-023 -0.000464554 1 -0.000447386 -2.07835e-007 0.000447386 1 0.00590113 25.6199 -0.0247671</i>
                        <i>1 0.000511941 0 -0.000511941 1 -0.000233066 -1.19316e-007 0.000233066 1 0.000379981 25.6274 -0.00933531</i>
                        <i>1 0.000620382 1.32349e-023 -0.000620382 1 0.000196378 1.21829e-007 -0.000196378 1 0.00275944 25.6641 0.0118158</i>
                        <i>1 0.000356006 0 -0.000356006 1 0.000285927 1.01792e-007 -0.000285927 1 0.00637044 25.6732 0.0102219</i>
                        <i>1 -0.000102422 3.30872e-024 0.000102422 1 0.000361225 -3.69973e-008 -0.000361225 1 0.0156645 25.6299 -0.00397728</i>
                        <i>1 -0.000568241 -3.30872e-024 0.000568241 1 9.19525e-005 -5.22512e-008 -9.19525e-005 1 0.0238149 25.662 -0.00958809</i>
                        <i>1 -0.000857045 2.64698e-023 0.000857045 1 0.000289006 -2.47691e-007 -0.000289006 1 0.024843 25.6695 -0.000311403</i>
                        <i>1 -0.000396718 1.32349e-023 0.000396718 1 0.000416596 -1.65271e-007 -0.000416596 1 0.0144897 25.7077 0.00472854</i>
                        <i>1 0.000277242 6.61744e-024 -0.000277242 1 0.000192256 5.33014e-008 -0.000192256 1 0.00427989 25.6823 -0.00509606</i>
                        <i>1 0.000617638 1.65436e-024 -0.000617638 1 2.90052e-005 1.79147e-008 -2.90052e-005 1 -0.00642306 25.6903 -0.00100565</i>
                        <i>1 0.000422843 0 -0.000422843 1 -8.6086e-005 -3.64009e-008 8.6086e-005 1 -0.00276239 25.6999 0.00892906</i>
                        <i>1 0.000395406 1.32349e-023 -0.000395406 1 -0.00045278 -1.79032e-007 0.00045278 1 -0.0059774 25.6248 0.0104475</i>
                        <i>1 0.00041266 0 -0.00041266 1 -0.000715402 -2.95218e-007 0.000715402 1 -0.00537183 25.655 0.00778932</i>
                        <i>1 0.000520061 2.64698e-023 -0.000520061 0.999999 -0.000895933 -4.65939e-007 0.000895932 1 -0.013008 25.6679 0.00073363</i>
                        <i>1 0.000681265 0 -0.000681265 0.999999 -0.000825432 -5.62338e-007 0.000825432 1 -0.0283452 25.664 -0.00489219</i>
                        <i>1 0.000732957 0 -0.000732957 0.999999 -0.000823495 -6.03587e-007 0.000823495 1 -0.0347464 25.6811 -0.0209624</i>
                        <i>1 0.000353492 -2.64698e-023 -0.000353492 1 -0.000721375 -2.55001e-007 0.000721375 1 -0.0340258 25.683 -0.0306937</i>
                        <i>1 0.000219269 0 -0.000219269 1 -0.000730136 -1.60096e-007 0.000730136 1 -0.0311001 25.696 -0.0252831</i>
                        <i>1 0.000164489 0 -0.000164489 1 -0.000517106 -8.50585e-008 0.000517106 1 -0.024523 25.7079 -0.0121237</i>
                        <i>1 -0.000295801 0 0.000295801 1 -3.45821e-006 1.02294e-009 3.45821e-006 1 -0.0109347 25.6276 0.00433853</i>
                        <i>1 -0.000284631 -6.61744e-024 0.000284631 1 0.000301073 -8.56947e-008 -0.000301073 1 -3.48433e-005 25.657 0.00995613</i>
                        <i>1 0.000113723 8.27181e-025 -0.000113723 1 7.44728e-005 8.46927e-009 -7.44728e-005 1 -0.00658479 25.6238 -0.000307624</i>
                        <i>1 0.000366631 0 -0.000366631 1 -0.000519816 -1.90581e-007 0.000519816 1 -0.0169962 25.6612 -0.0167792</i>
                        <i>1 0.000119254 0 -0.000119254 1 -0.000928403 -1.10716e-007 0.000928403 1 -0.0190766 25.7096 -0.0208684</i>
                        <i>1 -6.01679e-005 -6.61744e-024 6.01679e-005 0.999999 -0.00105142 6.32616e-008 0.00105142 0.999999 -0.0206632 25.6844 -0.0174671</i>
                    </KeyFrames>
                </p>
            </i>
            <i>
                <p>
                    <Name><![CDATA[l_wheel_1]]></Name>
                    <Exclude>1</Exclude>
                    <Additive>0</Additive>
                    <IKPriority>0</IKPriority>
                    <IKRotLimits>-1e+010 -1e+010 -1e+010 1e+010 1e+010 1e+010</IKRotLimits>
                    <IKRotLimitOrder>0</IKRotLimitOrder>
                    <KeyFrames count="46">
                        <i>1 0 0 0 1 0 0 0 1 22.4989 2.62328 19.1204</i>
                        <i>1 0 0 0 1 0 0 0 1 22.4989 2.62328 19.1204</i>
                        <i>1 0 0 0 1 0 0 0 1 22.4989 2.62328 19.1204</i>
                        <i>1 0 0 0 1 0 0 0 1 22.4989 2.62328 19.1204</i>
                        <i>1 0 0 0 1 0 0 0 1 22.4989 2.62328 19.1204</i>
                        <i>1 0 0 0 1 0 0 0 1 22.4989 2.62328 19.1204</i>
                        <i>1 0 0 0 1 0 0 0 1 22.4989 2.62328 19.1204</i>
                        <i>1 0 0 0 1 0 0 0 1 22.4989 2.62328 19.1204</i>
                        <i>1 0 0 0 1 0 0 0 1 22.4989 2.62328 19.1204</i>
                        <i>1 0 0 0 1 0 0 0 1 22.4989 2.62328 19.1204</i>
                        <i>1 0 0 0 1 0 0 0 1 22.4989 2.62328 19.1204</i>
                        <i>1 0 0 0 1 0 0 0 1 22.4989 2.62328 19.1204</i>
                        <i>1 0 0 0 1 0 0 0 1 22.4989 2.62328 19.1204</i>
                        <i>1 0 0 0 1 0 0 0 1 22.4989 2.62328 19.1204</i>
                        <i>1 0 0 0 1 0 0 0 1 22.4989 2.62328 19.1204</i>
                        <i>1 0 0 0 1 0 0 0 1 22.4989 2.62328 19.1204</i>
                        <i>1 0 0 0 1 0 0 0 1 22.4989 2.62328 19.1204</i>
                        <i>1 0 0 0 1 0 0 0 1 22.4989 2.62328 19.1204</i>
                        <i>1 0 0 0 1 0 0 0 1 22.4989 2.62328 19.1204</i>
                        <i>1 0 0 0 1 0 0 0 1 22.4989 2.62328 19.1204</i>
                        <i>1 0 0 0 1 0 0 0 1 22.4989 2.62328 19.1204</i>
                        <i>1 0 0 0 1 0 0 0 1 22.4989 2.62328 19.1204</i>
                        <i>1 0 0 0 1 0 0 0 1 22.4989 2.62328 19.1204</i>
                        <i>1 0 0 0 1 0 0 0 1 22.4989 2.62328 19.1204</i>
                        <i>1 0 0 0 1 0 0 0 1 22.4989 2.62328 19.1204</i>
                        <i>1 0 0 0 1 0 0 0 1 22.4989 2.62328 19.1204</i>
                        <i>1 0 0 0 1 0 0 0 1 22.4989 2.62328 19.1204</i>
                        <i>1 0 0 0 1 0 0 0 1 22.4989 2.62328 19.1204</i>
                        <i>1 0 0 0 1 0 0 0 1 22.4989 2.62328 19.1204</i>
                        <i>1 0 0 0 1 0 0 0 1 22.4989 2.62328 19.1204</i>
                        <i>1 0 0 0 1 0 0 0 1 22.4989 2.62328 19.1204</i>
                        <i>1 0 0 0 1 0 0 0 1 22.4989 2.62328 19.1204</i>
                        <i>1 0 0 0 1 0 0 0 1 22.4989 2.62328 19.1204</i>
                        <i>1 0 0 0 1 0 0 0 1 22.4989 2.62328 19.1204</i>
                        <i>1 0 0 0 1 0 0 0 1 22.4989 2.62328 19.1204</i>
                        <i>1 0 0 0 1 0 0 0 1 22.4989 2.62328 19.1204</i>
                        <i>1 0 0 0 1 0 0 0 1 22.4989 2.62328 19.1204</i>
                        <i>1 0 0 0 1 0 0 0 1 22.4989 2.62328 19.1204</i>
                        <i>1 0 0 0 1 0 0 0 1 22.4989 2.62328 19.1204</i>
                        <i>1 0 0 0 1 0 0 0 1 22.4989 2.62328 19.1204</i>
                        <i>1 0 0 0 1 0 0 0 1 22.4989 2.62328 19.1204</i>
                        <i>1 0 0 0 1 0 0 0 1 22.4989 2.62328 19.1204</i>
                        <i>1 0 0 0 1 0 0 0 1 22.4989 2.62328 19.1204</i>
                        <i>1 0 0 0 1 0 0 0 1 22.4989 2.62328 19.1204</i>
                        <i>1 0 0 0 1 0 0 0 1 22.4989 2.62328 19.1204</i>
                        <i>1 0 0 0 1 0 0 0 1 22.4989 2.62328 19.1204</i>
                    </KeyFrames>
                </p>
            </i>
            <i>
                <p>
                    <Name><![CDATA[l_wheel_2]]></Name>
                    <Exclude>1</Exclude>
                    <Additive>0</Additive>
                    <IKPriority>0</IKPriority>
                    <IKRotLimits>-1e+010 -1e+010 -1e+010 1e+010 1e+010 1e+010</IKRotLimits>
                    <IKRotLimitOrder>0</IKRotLimitOrder>
                    <KeyFrames count="46">
                        <i>1 0 0 0 1 0 0 0 1 22.4989 3.46023 13.8618</i>
                        <i>1 0 0 0 1 0 0 0 1 22.4989 3.46023 13.8618</i>
                        <i>1 0 0 0 1 0 0 0 1 22.4989 3.46023 13.8618</i>
                        <i>1 0 0 0 1 0 0 0 1 22.4989 3.46023 13.8618</i>
                        <i>1 0 0 0 1 0 0 0 1 22.4989 3.46023 13.8618</i>
                        <i>1 0 0 0 1 0 0 0 1 22.4989 3.46023 13.8618</i>
                        <i>1 0 0 0 1 0 0 0 1 22.4989 3.46023 13.8618</i>
                        <i>1 0 0 0 1 0 0 0 1 22.4989 3.46023 13.8618</i>
                        <i>1 0 0 0 1 0 0 0 1 22.4989 3.46023 13.8618</i>
                        <i>1 0 0 0 1 0 0 0 1 22.4989 3.46023 13.8618</i>
                        <i>1 0 0 0 1 0 0 0 1 22.4989 3.46023 13.8618</i>
                        <i>1 0 0 0 1 0 0 0 1 22.4989 3.46023 13.8618</i>
                        <i>1 0 0 0 1 0 0 0 1 22.4989 3.46023 13.8618</i>
                        <i>1 0 0 0 1 0 0 0 1 22.4989 3.46023 13.8618</i>
                        <i>1 0 0 0 1 0 0 0 1 22.4989 3.46023 13.8618</i>
                        <i>1 0 0 0 1 0 0 0 1 22.4989 3.46023 13.8618</i>
                        <i>1 0 0 0 1 0 0 0 1 22.4989 3.46023 13.8618</i>
                        <i>1 0 0 0 1 0 0 0 1 22.4989 3.46023 13.8618</i>
                        <i>1 0 0 0 1 0 0 0 1 22.4989 3.46023 13.8618</i>
                        <i>1 0 0 0 1 0 0 0 1 22.4989 3.46023 13.8618</i>
                        <i>1 0 0 0 1 0 0 0 1 22.4989 3.46023 13.8618</i>
                        <i>1 0 0 0 1 0 0 0 1 22.4989 3.46023 13.8618</i>
                        <i>1 0 0 0 1 0 0 0 1 22.4989 3.46023 13.8618</i>
                        <i>1 0 0 0 1 0 0 0 1 22.4989 3.46023 13.8618</i>
                        <i>1 0 0 0 1 0 0 0 1 22.4989 3.46023 13.8618</i>
                        <i>1 0 0 0 1 0 0 0 1 22.4989 3.46023 13.8618</i>
                        <i>1 0 0 0 1 0 0 0 1 22.4989 3.46023 13.8618</i>
                        <i>1 0 0 0 1 0 0 0 1 22.4989 3.46023 13.8618</i>
                        <i>1 0 0 0 1 0 0 0 1 22.4989 3.46023 13.8618</i>
                        <i>1 0 0 0 1 0 0 0 1 22.4989 3.46023 13.8618</i>
                        <i>1 0 0 0 1 0 0 0 1 22.4989 3.46023 13.8618</i>
