<?xml version="1.0" encoding="ISO-8859-1" ?>
<Animl Version="1">
    <ModellingPackage><![CDATA[Maya.2010]]></ModellingPackage>
    <SrcFile><![CDATA[anims\bosses\red\~src\boss_beetle\boss_beetle_flyin.mb]]></SrcFile>
    <FramesPerSecond>30</FramesPerSecond>
    <TotalFrames>800</TotalFrames>
    <Skeleton>
        <RefFrame>
            <Name><![CDATA[boss_beetle_ref_frame]]></Name>
            <Exclude>0</Exclude>
            <Additive>0</Additive>
            <IKPriority>0</IKPriority>
            <IKRotLimits>-1e+010 -1e+010 -1e+010 1e+010 1e+010 1e+010</IKRotLimits>
            <IKRotLimitOrder>0</IKRotLimitOrder>
            <KeyFrames count="800">
                <i>-0.692797 -0.00670761 0.721101 -0.00212857 0.999971 0.00725661 -0.721129 0.00349245 -0.692791 541.701 -43.7033 27.3937</i>
                <i>-0.692404 -0.00675372 0.721478 -0.00256195 0.999973 0.00690199 -0.721505 0.00293058 -0.692403 541.411 -42.2677 27.3629</i>
                <i>-0.691969 -0.00680343 0.721895 -0.00305713 0.999974 0.00649377 -0.721921 0.00228657 -0.691972 541.136 -40.8131 27.3478</i>
                <i>-0.691492 -0.00685668 0.722351 -0.00361286 0.999975 0.00603342 -0.722375 0.00156231 -0.6915 540.875 -39.34 27.3472</i>
                <i>-0.690975 -0.0069134 0.722846 -0.00422793 0.999976 0.00552239 -0.722866 0.000759694 -0.690987 540.628 -37.8491 27.3601</i>
                <i>-0.690417 -0.00697352 0.723378 -0.00490111 0.999976 0.00496219 -0.723395 -0.000119379 -0.690434 540.395 -36.3407 27.3852</i>
                <i>-0.68982 -0.00703697 0.723947 -0.00563121 0.999975 0.00435429 -0.723959 -0.00107302 -0.689842 540.174 -34.8155 27.4217</i>
                <i>-0.689184 -0.0071037 0.724551 -0.00641702 0.999973 0.00370021 -0.724558 -0.00209933 -0.689211 539.966 -33.274 27.4682</i>
                <i>-0.688511 -0.00717362 0.725191 -0.00725735 0.999969 0.00300146 -0.72519 -0.00319643 -0.688542 539.77 -31.7167 27.5237</i>
                <i>-0.6878 -0.00724668 0.725864 -0.00815103 0.999964 0.00225957 -0.725854 -0.00436241 -0.687835 539.586 -30.1442 27.5871</i>
                <i>-0.687053 -0.00732281 0.72657 -0.00909687 0.999958 0.00147607 -0.72655 -0.00559538 -0.687091 539.413 -28.557 27.6573</i>
                <i>-0.686271 -0.00740194 0.727309 -0.0100937 0.999949 0.000652483 -0.727276 -0.00689345 -0.68631 539.25 -26.9556 27.7331</i>
                <i>-0.685453 -0.00748401 0.728078 -0.0111403 0.999938 -0.000209635 -0.728031 -0.00825473 -0.685494 539.098 -25.3405 27.8135</i>
                <i>-0.684602 -0.00756895 0.728878 -0.0122356 0.999925 -0.00110874 -0.728814 -0.00967731 -0.684643 538.956 -23.7124 27.8973</i>
                <i>-0.683717 -0.0076567 0.729707 -0.0133783 0.999908 -0.0020433 -0.729624 -0.0111593 -0.683757 538.822 -22.0717 27.9835</i>
                <i>-0.6828 -0.00774717 0.730564 -0.0145674 0.999889 -0.00301175 -0.73046 -0.0126988 -0.682838 538.698 -20.419 28.0709</i>
                <i>-0.681851 -0.00784031 0.731449 -0.0158015 0.999867 -0.00401256 -0.73132 -0.0142939 -0.681885 538.582 -18.7549 28.1584</i>
                <i>-0.680871 -0.00793605 0.73236 -0.0170795 0.999841 -0.00504417 -0.732204 -0.0159428 -0.680899 538.473 -17.0797 28.2448</i>
                <i>-0.679861 -0.0080343 0.733297 -0.0184002 0.999812 -0.00610505 -0.73311 -0.0176434 -0.679881 538.372 -15.3942 28.3292</i>
                <i>-0.678821 -0.008135 0.734259 -0.0197625 0.999779 -0.00719366 -0.734038 -0.019394 -0.678832 538.278 -13.6988 28.4103</i>
                <i>-0.677752 -0.00823807 0.735244 -0.0211651 0.999741 -0.00830846 -0.734986 -0.0211926 -0.677751 538.191 -11.994 28.4871</i>
                <i>-0.676655 -0.00834343 0.736252 -0.0226067 0.9997 -0.00944792 -0.735953 -0.0230373 -0.676641 538.109 -10.2804 28.5584</i>
                <i>-0.675531 -0.00845101 0.737283 -0.0240863 0.999654 -0.0106105 -0.736938 -0.0249262 -0.675501 538.033 -8.55858 28.6231</i>
                <i>-0.674381 -0.00856072 0.738334 -0.0256025 0.999603 -0.0117948 -0.73794 -0.0268573 -0.674332 537.962 -6.82901 28.6802</i>
                <i>-0.673205 -0.00867249 0.739405 -0.027154 0.999547 -0.0129992 -0.738957 -0.0288289 -0.673135 537.896 -5.09224 28.7285</i>
                <i>-0.672003 -0.00878622 0.740496 -0.0287397 0.999486 -0.0142222 -0.73999 -0.0308389 -0.67191 537.833 -3.34881 28.7669</i>
                <i>-0.670778 -0.00890183 0.741605 -0.0303582 0.999419 -0.0154623 -0.741037 -0.0328856 -0.670659 537.775 -1.59926 28.7943</i>
                <i>-0.669529 -0.00901924 0.742731 -0.0320083 0.999348 -0.0167182 -0.742096 -0.0349668 -0.669381 537.719 0.155882 28.8095</i>
                <i>-0.668258 -0.00913834 0.743874 -0.0336886 0.99927 -0.0179882 -0.743167 -0.0370808 -0.668078 537.667 1.91607 28.8115</i>
                <i>-0.666964 -0.00925905 0.745032 -0.0353979 0.999187 -0.0192711 -0.744248 -0.0392257 -0.66675 537.616 3.68078 28.7992</i>
                <i>-0.66565 -0.00938127 0.746205 -0.0371347 0.999099 -0.0205653 -0.74534 -0.0413994 -0.665398 537.567 5.44947 28.7714</i>
                <i>-0.664315 -0.00950491 0.747392 -0.0388979 0.999004 -0.0218694 -0.74644 -0.0436001 -0.664023 537.52 7.2216 28.727</i>
                <i>-0.662961 -0.00962985 0.748592 -0.0406859 0.998903 -0.023182 -0.747548 -0.0458259 -0.662626 537.473 8.99664 28.665</i>
                <i>-0.661588 -0.00975599 0.749804 -0.0424975 0.998796 -0.0245018 -0.748662 -0.0480749 -0.661206 537.427 10.774 28.5842</i>
                <i>-0.660197 -0.00988324 0.751027 -0.0443312 0.998683 -0.0258274 -0.749783 -0.0503451 -0.659766 537.381 12.5533 28.4834</i>
                <i>-0.65879 -0.0100115 0.752261 -0.0461856 0.998564 -0.0271574 -0.750908 -0.0526346 -0.658306 537.334 14.3338 28.3617</i>
                <i>-0.657366 -0.0101406 0.753504 -0.0480592 0.998438 -0.0284906 -0.752038 -0.0549415 -0.656826 537.286 16.1151 28.2178</i>
                <i>-0.655926 -0.0102705 0.754755 -0.0499507 0.998306 -0.0298255 -0.75317 -0.0572639 -0.655328 537.237 17.8967 28.0506</i>
                <i>-0.654472 -0.010401 0.756014 -0.0518586 0.998168 -0.0311609 -0.754305 -0.0595998 -0.653813 537.185 19.6779 27.8591</i>
                <i>-0.653004 -0.010532 0.757281 -0.0537813 0.998024 -0.0324955 -0.755442 -0.0619473 -0.65228 537.132 21.4583 27.6422</i>
                <i>-0.651524 -0.0106635 0.758553 -0.0557175 0.997873 -0.0338281 -0.756579 -0.0643045 -0.650732 537.075 23.2372 27.3987</i>
                <i>-0.650031 -0.0107952 0.759831 -0.0576655 0.997717 -0.0351575 -0.757716 -0.0666695 -0.649169 537.015 25.0143 27.1392</i>
                <i>-0.648527 -0.0109271 0.761113 -0.0596238 0.997554 -0.0364824 -0.758853 -0.0690403 -0.647592 536.951 26.7889 26.8746</i>
                <i>-0.647013 -0.011059 0.762399 -0.0615909 0.997385 -0.0378018 -0.759987 -0.071415 -0.646002 536.883 28.5606 26.6045</i>
                <i>-0.645489 -0.0111907 0.763688 -0.0635651 0.997211 -0.0391143 -0.76112 -0.0737917 -0.6444 536.81 30.3287 26.3284</i>
                <i>-0.643957 -0.0113223 0.764978 -0.065545 0.997031 -0.0404188 -0.762249 -0.0761685 -0.642787 536.732 32.0927 26.0457</i>
                <i>-0.642417 -0.0114534 0.76627 -0.0675289 0.996845 -0.0417143 -0.763375 -0.0785434 -0.641163 536.648 33.8521 25.7559</i>
                <i>-0.640869 -0.011584 0.767562 -0.0695152 0.996654 -0.0429997 -0.764496 -0.0809145 -0.63953 536.558 35.6064 25.4585</i>
                <i>-0.639316 -0.0117139 0.768854 -0.0715022 0.996457 -0.0442739 -0.765612 -0.0832798 -0.637889 536.462 37.3551 25.1529</i>
                <i>-0.637758 -0.0118429 0.770145 -0.0734883 0.996256 -0.0455358 -0.766723 -0.0856376 -0.636241 536.358 39.0975 24.8388</i>
                <i>-0.636196 -0.011971 0.771434 -0.0754718 0.99605 -0.0467845 -0.767827 -0.0879857 -0.634587 536.247 40.8332 24.5154</i>
                <i>-0.634631 -0.012098 0.772721 -0.0774511 0.995839 -0.0480189 -0.768925 -0.0903223 -0.632927 536.127 42.5616 24.1824</i>
                <i>-0.633063 -0.0122236 0.774004 -0.0794243 0.995624 -0.0492381 -0.770015 -0.0926455 -0.631263 535.999 44.2822 23.8392</i>
                <i>-0.631494 -0.0123478 0.775283 -0.0813899 0.995405 -0.050441 -0.771098 -0.0949534 -0.629597 535.863 45.9944 23.4852</i>
                <i>-0.629924 -0.0124705 0.776557 -0.083346 0.995182 -0.0516269 -0.772172 -0.0972439 -0.627928 535.716 47.6977 23.1201</i>
                <i>-0.628354 -0.0125913 0.777825 -0.0852909 0.994956 -0.0527948 -0.773238 -0.0995153 -0.626259 535.56 49.3917 22.7432</i>
                <i>-0.626786 -0.0127102 0.779088 -0.0872229 0.994727 -0.0539438 -0.774294 -0.101766 -0.62459 535.394 51.0756 22.354</i>
                <i>-0.62522 -0.012827 0.780343 -0.0891402 0.994495 -0.055073 -0.775341 -0.103993 -0.622922 535.216 52.7491 21.952</i>
                <i>-0.623658 -0.0129416 0.78159 -0.0910409 0.994261 -0.0561818 -0.776378 -0.106195 -0.621257 535.028 54.4115 21.5367</i>
                <i>-0.6221 -0.0130536 0.782829 -0.0929234 0.994025 -0.0572691 -0.777404 -0.10837 -0.619595 534.827 56.0624 21.1076</i>
                <i>-0.620546 -0.0131631 0.784059 -0.0947857 0.993787 -0.0583343 -0.77842 -0.110517 -0.617939 534.614 57.7011 20.6642</i>
                <i>-0.618999 -0.0132698 0.785279 -0.096626 0.993548 -0.0593766 -0.779425 -0.112632 -0.616288 534.389 59.3272 20.2059</i>
                <i>-0.617459 -0.0133736 0.786489 -0.0984426 0.993308 -0.0603952 -0.780418 -0.114716 -0.614644 534.15 60.9402 19.7323</i>
                <i>-0.615927 -0.0134742 0.787688 -0.100233 0.993068 -0.0613895 -0.7814 -0.116764 -0.613009 533.898 62.5394 19.2427</i>
                <i>-0.614405 -0.0135715 0.788874 -0.101997 0.992828 -0.0623588 -0.782371 -0.118776 -0.611382 533.632 64.1244 18.7368</i>
                <i>-0.612892 -0.0136652 0.790049 -0.103731 0.992589 -0.0633023 -0.783329 -0.12075 -0.609767 533.351 65.6945 18.2139</i>
                <i>-0.61139 -0.0137553 0.79121 -0.105434 0.992351 -0.0642194 -0.784274 -0.122683 -0.608163 533.055 67.2494 17.6736</i>
                <i>-0.6099 -0.0138416 0.792357 -0.107104 0.992114 -0.0651095 -0.785208 -0.124575 -0.606573 532.744 68.7884 17.1153</i>
                <i>-0.608423 -0.0139238 0.793491 -0.108738 0.991879 -0.065972 -0.786128 -0.126422 -0.604996 532.416 70.311 16.5385</i>
                <i>-0.60696 -0.0140017 0.794609 -0.110336 0.991647 -0.0668062 -0.787036 -0.128223 -0.603435 532.072 71.8167 15.9427</i>
                <i>-0.605513 -0.0140753 0.795711 -0.111895 0.991417 -0.0676117 -0.78793 -0.129976 -0.601891 531.711 73.3049 15.3275</i>
                <i>-0.604081 -0.0141442 0.796798 -0.113413 0.991192 -0.0683877 -0.788812 -0.131679 -0.600364 531.333 74.7751 14.6921</i>
                <i>-0.602666 -0.0142084 0.797867 -0.114889 0.99097 -0.0691338 -0.78968 -0.133331 -0.598856 530.937 76.2268 14.0363</i>
                <i>-0.601269 -0.0142676 0.798919 -0.11632 0.990753 -0.0698494 -0.790534 -0.134928 -0.597369 530.523 77.6593 13.3594</i>
                <i>-0.599892 -0.0143216 0.799953 -0.117705 0.990541 -0.070534 -0.791376 -0.136471 -0.595903 530.089 79.0723 12.6609</i>
                <i>-0.598534 -0.0143703 0.800968 -0.119041 0.990334 -0.0711871 -0.792203 -0.137956 -0.59446 529.637 80.4651 11.9402</i>
                <i>-0.597198 -0.0144134 0.801964 -0.120326 0.990134 -0.0718081 -0.793017 -0.139381 -0.59304 529.165 81.8373 11.197</i>
                <i>-0.595884 -0.0144509 0.80294 -0.12156 0.98994 -0.0723966 -0.793817 -0.140745 -0.591646 528.673 83.1882 10.4307</i>
                <i>-0.594593 -0.0144824 0.803896 -0.122739 0.989754 -0.0729522 -0.794603 -0.142047 -0.590279 528.16 84.5174 9.64063</i>
                <i>-0.593326 -0.0145078 0.804831 -0.123863 0.989576 -0.0734742 -0.795375 -0.143283 -0.588938 527.625 85.8243 8.82643</i>
                <i>-0.592085 -0.014527 0.805745 -0.124928 0.989405 -0.0739622 -0.796133 -0.144452 -0.587627 527.07 87.1083 7.98755</i>
                <i>-0.59087 -0.0145397 0.806636 -0.125933 0.989244 -0.0744159 -0.796877 -0.145552 -0.586346 526.492 88.369 7.12346</i>
                <i>-0.589682 -0.0145458 0.807504 -0.126876 0.989092 -0.0748346 -0.797607 -0.146581 -0.585095 525.892 89.6058 6.23364</i>
                <i>-0.588523 -0.0145451 0.80835 -0.127755 0.988949 -0.0752179 -0.798323 -0.147538 -0.583878 525.268 90.8181 5.31758</i>
                <i>-0.587393 -0.0145374 0.809171 -0.128568 0.988818 -0.0755654 -0.799024 -0.14842 -0.582694 524.622 92.0055 4.37476</i>
                <i>-0.586294 -0.0145225 0.809968 -0.129314 0.988696 -0.0758766 -0.799711 -0.149226 -0.581545 523.951 93.1674 3.41559</i>
                <i>-0.585226 -0.0145003 0.81074 -0.12999 0.988587 -0.076151 -0.800383 -0.149954 -0.580432 523.256 94.3032 2.45078</i>
                <i>-0.584191 -0.0144706 0.811487 -0.130594 0.988489 -0.0763882 -0.80104 -0.150601 -0.579356 522.536 95.4124 1.48029</i>
                <i>-0.58319 -0.0144332 0.812208 -0.131125 0.988403 -0.0765876 -0.801683 -0.151166 -0.578319 521.791 96.4945 0.504075</i>
                <i>-0.582223 -0.0143879 0.812902 -0.13158 0.98833 -0.0767487 -0.802311 -0.151647 -0.577322 521.02 97.549 -0.477924</i>
                <i>-0.581292 -0.0143347 0.813569 -0.131958 0.98827 -0.0768711 -0.802924 -0.152042 -0.576365 520.222 98.5753 -1.46575</i>
                <i>-0.580398 -0.0142733 0.814208 -0.132257 0.988224 -0.0769542 -0.803521 -0.152349 -0.575451 519.398 99.5728 -2.45946</i>
                <i>-0.579542 -0.0142035 0.814819 -0.132475 0.988191 -0.0769975 -0.804103 -0.152566 -0.57458 518.547 100.541 -3.4591</i>
                <i>-0.578735 -0.0141308 0.815393 -0.132474 0.988199 -0.0768998 -0.804684 -0.152523 -0.573777 517.664 101.48 -4.46825</i>
                <i>-0.577987 -0.0140605 0.815925 -0.13213 0.988271 -0.0765679 -0.805278 -0.152063 -0.573065 516.756 102.388 -5.49012</i>
                <i>-0.577296 -0.0139923 0.816415 -0.131455 0.988404 -0.0760131 -0.805884 -0.151203 -0.572441 515.835 103.265 -6.52431</i>
                <i>-0.576661 -0.013926 0.816865 -0.130463 0.988594 -0.0752463 -0.806499 -0.149962 -0.5719 514.901 104.111 -7.5704</i>
                <i>-0.57608 -0.0138614 0.817276 -0.12917 0.988837 -0.0742783 -0.807123 -0.148358 -0.571439 513.955 104.925 -8.62797</i>
                <i>-0.575551 -0.0137982 0.81765 -0.12759 0.989128 -0.0731197 -0.807751 -0.146408 -0.571054 512.997 105.706 -9.69659</i>
                <i>-0.575072 -0.0137363 0.817987 -0.125737 0.989463 -0.0717811 -0.808383 -0.14413 -0.57074 512.028 106.455 -10.7758</i>
                <i>-0.574642 -0.0136752 0.81829 -0.123625 0.989838 -0.0702729 -0.809014 -0.141543 -0.570493 511.047 107.17 -11.8653</i>
                <i>-0.57426 -0.0136149 0.81856 -0.121268 0.990246 -0.0686052 -0.809642 -0.138663 -0.570309 510.055 107.85 -12.9646</i>
                <i>-0.573922 -0.013555 0.818798 -0.118683 0.990683 -0.0667883 -0.810264 -0.135509 -0.570184 509.053 108.497 -14.0732</i>
                <i>-0.573628 -0.0134952 0.819005 -0.115883 0.991145 -0.0648322 -0.810878 -0.132098 -0.570112 508.041 109.108 -15.1908</i>
                <i>-0.573375 -0.0134353 0.819183 -0.112883 0.991625 -0.0627471 -0.811479 -0.128449 -0.57009 507.019 109.683 -16.3169</i>
                <i>-0.573163 -0.013375 0.819332 -0.109697 0.992119 -0.0605429 -0.812066 -0.124579 -0.570113 505.988 110.222 -17.4511</i>
                <i>-0.572989 -0.013314 0.819455 -0.106341 0.992623 -0.0582296 -0.812635 -0.120507 -0.570178 504.948 110.724 -18.5929</i>
                <i>-0.572851 -0.0132521 0.819552 -0.10283 0.993132 -0.0558172 -0.813184 -0.116249 -0.570279 503.899 111.189 -19.7421</i>
                <i>-0.572748 -0.0131889 0.819625 -0.0991778 0.99364 -0.0533156 -0.81371 -0.111825 -0.570414 502.842 111.616 -20.8981</i>
                <i>-0.572678 -0.0131243 0.819675 -0.0954003 0.994145 -0.050735 -0.81421 -0.107252 -0.570577 501.777 112.005 -22.0605</i>
                <i>-0.572639 -0.0130578 0.819704 -0.0915122 0.994642 -0.0480852 -0.814684 -0.102548 -0.570766 500.705 112.355 -23.2289</i>
                <i>-0.572629 -0.0129893 0.819712 -0.0875287 0.995128 -0.0453764 -0.815128 -0.0977321 -0.570976 499.626 112.665 -24.4028</i>
                <i>-0.572647 -0.0129183 0.8197 -0.0834649 0.995599 -0.0426185 -0.815542 -0.0928215 -0.571205 498.54 112.945 -25.5819</i>
                <i>-0.572691 -0.0128448 0.819671 -0.0793358 0.996052 -0.0398218 -0.815924 -0.0878348 -0.571449 497.447 113.202 -26.7658</i>
                <i>-0.572758 -0.0127683 0.819625 -0.0751567 0.996485 -0.0369964 -0.816272 -0.0827903 -0.571704 496.349 113.438 -27.9539</i>
                <i>-0.572847 -0.0126885 0.819564 -0.0709427 0.996896 -0.0341526 -0.816586 -0.0777062 -0.571969 495.245 113.654 -29.146</i>
                <i>-0.572957 -0.0126053 0.819488 -0.0667089 0.997281 -0.0313005 -0.816866 -0.072601 -0.572241 494.136 113.849 -30.3415</i>
                <i>-0.573086 -0.0125182 0.8194 -0.0624706 0.997641 -0.0284505 -0.817111 -0.067493 -0.572516 493.022 114.026 -31.54</i>
                <i>-0.573231 -0.0124271 0.8193 -0.0582429 0.997974 -0.025613 -0.817321 -0.0624006 -0.572793 491.904 114.183 -32.7412</i>
                <i>-0.573391 -0.0123316 0.819189 -0.054041 0.998278 -0.0227985 -0.817498 -0.0573423 -0.57307 490.781 114.323 -33.9446</i>
                <i>-0.573564 -0.0122314 0.819069 -0.04988 0.998555 -0.0200175 -0.81764 -0.0523365 -0.573345 489.655 114.445 -35.1497</i>
                <i>-0.573749 -0.0121262 0.818941 -0.045775 0.998802 -0.0172804 -0.817751 -0.0474017 -0.573617 488.525 114.551 -36.3563</i>
                <i>-0.573943 -0.0120159 0.818807 -0.0417411 0.999022 -0.014598 -0.817831 -0.0425563 -0.573883 487.392 114.641 -37.5637</i>
                <i>-0.574145 -0.0119 0.818667 -0.0377934 0.999214 -0.0119808 -0.817881 -0.0378189 -0.574143 486.257 114.715 -38.7717</i>
                <i>-0.574353 -0.0117783 0.818523 -0.0339468 0.999379 -0.00943958 -0.817904 -0.0332079 -0.574396 485.12 114.774 -39.9797</i>
                <i>-0.574565 -0.0116504 0.818376 -0.0302164 0.999519 -0.00698512 -0.817901 -0.0287418 -0.574641 483.981 114.82 -41.1874</i>
                <i>-0.57478 -0.0115162 0.818227 -0.026617 0.999635 -0.00462819 -0.817875 -0.024439 -0.574876 482.84 114.852 -42.3944</i>
                <i>-0.574995 -0.0113753 0.818078 -0.0231636 0.999729 -0.00237962 -0.817829 -0.0203179 -0.575102 481.698 114.872 -43.6002</i>
                <i>-0.575209 -0.0112274 0.81793 -0.019871 0.999803 -0.000250346 -0.817765 -0.0163971 -0.575318 480.556 114.879 -44.8044</i>
                <i>-0.57542 -0.0110723 0.817783 -0.016754 0.999858 0.00174875 -0.817687 -0.0126949 -0.575524 479.413 114.875 -46.0066</i>
                <i>-0.575626 -0.0109095 0.81764 -0.0138274 0.999898 0.00360671 -0.817596 -0.00922972 -0.575718 478.27 114.86 -47.2064</i>
                <i>-0.575826 -0.0107389 0.817502 -0.0111059 0.999924 0.00531258 -0.817497 -0.00601995 -0.575901 477.128 114.835 -48.4033</i>
                <i>-0.576017 -0.0105601 0.817369 -0.00860413 0.99994 0.00685535 -0.817392 -0.00308395 -0.576073 475.986 114.801 -49.5969</i>
                <i>-0.576199 -0.0103729 0.817244 -0.00633681 0.999946 0.00822402 -0.817285 -0.000440052 -0.576233 474.845 114.758 -50.7868</i>
                <i>-0.576368 -0.0101768 0.817127 -0.00431856 0.999946 0.00940756 -0.817179 0.00189341 -0.576381 473.706 114.706 -51.9726</i>
                <i>-0.576524 -0.00997163 0.817019 -0.00256397 0.999943 0.0103949 -0.817076 0.00389813 -0.576517 472.569 114.648 -53.1539</i>
                <i>-0.576665 -0.00975705 0.816923 -0.00108765 0.999937 0.0111751 -0.81698 0.00555579 -0.576639 471.435 114.582 -54.3302</i>
                <i>-0.576788 -0.00953273 0.816838 9.58152e-005 0.999931 0.0117371 -0.816894 0.0068481 -0.576747 470.302 114.51 -55.501</i>
                <i>-0.576892 -0.00929833 0.816767 0.000971821 0.999927 0.0120699 -0.81682 0.00775677 -0.576841 469.173 114.433 -56.6661</i>
                <i>-0.576976 -0.00905352 0.816711 0.00143097 0.999926 0.0120954 -0.81676 0.00814747 -0.57692 468.056 114.351 -57.8216</i>
                <i>-0.577037 -0.00879796 0.81667 0.00139396 0.99993 0.0117571 -0.816717 0.00792272 -0.576985 466.959 114.265 -58.9644</i>
                <i>-0.577074 -0.0085313 0.816647 0.000891334 0.999938 0.0110759 -0.816691 0.00711955 -0.577031 465.879 114.175 -60.0957</i>
                <i>-0.577085 -0.00825317 0.816642 -4.64708e-005 0.999949 0.0100729 -0.816684 0.00577496 -0.577056 464.815 114.083 -61.2164</i>
                <i>-0.577069 -0.00796322 0.816657 -0.00138902 0.999961 0.00876909 -0.816695 0.00392601 -0.577057 463.763 113.988 -62.3275</i>
                <i>-0.577022 -0.00766106 0.816693 -0.00310599 0.999969 0.00718581 -0.816723 0.00160973 -0.577028 462.723 113.891 -63.43</i>
                <i>-0.576944 -0.0073463 0.81675 -0.00516708 0.999972 0.00534433 -0.816767 -0.00113683 -0.576966 461.693 113.794 -64.5248</i>
                <i>-0.576833 -0.00701855 0.816832 -0.00754204 0.999966 0.00326605 -0.816827 -0.0042766 -0.576867 460.669 113.697 -65.6131</i>
                <i>-0.576688 -0.00667739 0.816937 -0.0102007 0.999947 0.000972476 -0.816901 -0.00777248 -0.576725 459.65 113.599 -66.6957</i>
                <i>-0.576505 -0.0063224 0.817069 -0.0131128 0.999913 -0.00151483 -0.816988 -0.0115873 -0.576538 458.634 113.503 -67.7736</i>
                <i>-0.576284 -0.00595314 0.817228 -0.0162482 0.999859 -0.0041742 -0.817088 -0.015684 -0.5763 457.619 113.409 -68.8479</i>
                <i>-0.576023 -0.00556915 0.817415 -0.0195768 0.999784 -0.00698391 -0.817199 -0.0200253 -0.576008 456.603 113.317 -69.9195</i>
                <i>-0.57572 -0.00516996 0.817631 -0.0230685 0.999685 -0.00992218 -0.817322 -0.0245739 -0.575657 455.583 113.228 -70.9894</i>
                <i>-0.575373 -0.00475508 0.817878 -0.0266932 0.99956 -0.0129672 -0.817456 -0.0292928 -0.575246 454.558 113.143 -72.0586</i>
                <i>-0.57498 -0.00432402 0.818156 -0.0304208 0.999408 -0.0160971 -0.817602 -0.0341445 -0.574771 453.525 113.062 -73.1281</i>
                <i>-0.574539 -0.00387624 0.818468 -0.0342212 0.999228 -0.0192899 -0.817761 -0.0390918 -0.574229 452.483 112.987 -74.1989</i>
                <i>-0.57405 -0.0034112 0.818813 -0.0380643 0.999021 -0.022524 -0.817935 -0.0440975 -0.573618 451.428 112.908 -75.272</i>
                <i>-0.573509 -0.00292834 0.819194 -0.04192 0.998788 -0.0257774 -0.818126 -0.0491242 -0.572937 450.361 112.82 -76.3484</i>
                <i>-0.572916 -0.00242706 0.819611 -0.0457583 0.998531 -0.0290286 -0.818336 -0.0541349 -0.572185 449.277 112.721 -77.4289</i>
                <i>-0.572267 -0.00190677 0.820065 -0.0495488 0.998251 -0.0322556 -0.818569 -0.0590921 -0.571361 448.175 112.613 -78.5148</i>
                <i>-0.571562 -0.00136682 0.820558 -0.0532615 0.997952 -0.0354372 -0.818828 -0.0639587 -0.570464 447.053 112.497 -79.6068</i>
                <i>-0.570798 -0.000806555 0.82109 -0.0568663 0.997637 -0.0385518 -0.819119 -0.0686976 -0.569496 445.909 112.372 -80.7061</i>
                <i>-0.569974 -0.000225288 0.821662 -0.0603327 0.997312 -0.0415784 -0.819444 -0.0732717 -0.568456 444.741 112.239 -81.8136</i>
                <i>-0.569088 0.000377694 0.822276 -0.0636305 0.996981 -0.0444959 -0.819811 -0.0776439 -0.567346 443.546 112.098 -82.9303</i>
                <i>-0.568138 0.00100313 0.822933 -0.0667292 0.99665 -0.0472835 -0.820223 -0.0817772 -0.566168 442.323 111.951 -84.0571</i>
                <i>-0.567122 0.00165181 0.823632 -0.0695983 0.996325 -0.0499208 -0.820688 -0.0856346 -0.564923 441.069 111.797 -85.1952</i>
                <i>-0.566037 0.00232452 0.824376 -0.0722072 0.996013 -0.0523877 -0.821211 -0.0891793 -0.563612 439.783 111.637 -86.3454</i>
                <i>-0.564883 0.0030221 0.825166 -0.0745249 0.99572 -0.0546642 -0.821799 -0.0923742 -0.56224 438.462 111.471 -87.5088</i>
                <i>-0.563657 0.00374542 0.826001 -0.0765204 0.995453 -0.0567307 -0.822457 -0.0951826 -0.560807 437.105 111.3 -88.6863</i>
                <i>-0.562357 0.00449539 0.826883 -0.0781625 0.995219 -0.0585683 -0.823192 -0.0975675 -0.559317 435.708 111.125 -89.8789</i>
                <i>-0.560981 0.00527296 0.827812 -0.0794196 0.995024 -0.0601581 -0.82401 -0.099492 -0.557771 434.271 110.945 -91.0877</i>
                <i>-0.559527 0.00607909 0.82879 -0.0802598 0.994876 -0.0614818 -0.824917 -0.100919 -0.556172 432.79 110.761 -92.3136</i>
                <i>-0.557994 0.00691481 0.829816 -0.080651 0.99478 -0.0625216 -0.825917 -0.101812 -0.554523 431.265 110.575 -93.5576</i>
                <i>-0.556379 0.00778118 0.830892 -0.0805605 0.99474 -0.0632602 -0.827014 -0.102134 -0.552825 429.692 110.385 -94.8207</i>
                <i>-0.554679 0.00867928 0.832019 -0.0799553 0.994762 -0.0636805 -0.828214 -0.101847 -0.55108 428.07 110.194 -96.1038</i>
                <i>-0.552794 0.00972093 0.833261 -0.0789569 0.994822 -0.0639865 -0.829569 -0.101163 -0.549164 426.412 109.997 -97.4013</i>
                <i>-0.550629 0.0110114 0.834678 -0.077714 0.994894 -0.0643922 -0.831125 -0.100322 -0.546961 424.734 109.792 -98.7068</i>
                <i>-0.548194 0.0125424 0.836257 -0.076234 0.994976 -0.0648968 -0.83287 -0.0993273 -0.544484 423.034 109.581 -100.02</i>
                <i>-0.545502 0.0143059 0.837988 -0.0745241 0.995066 -0.0655002 -0.83479 -0.0981807 -0.541744 421.313 109.363 -101.341</i>
                <i>-0.542563 0.016294 0.839857 -0.0725912 0.995162 -0.0662022 -0.836873 -0.0968851 -0.538755 419.571 109.14 -102.669</i>
                <i>-0.539388 0.0184989 0.841854 -0.0704423 0.995263 -0.0670033 -0.839106 -0.0954429 -0.53553 417.809 108.913 -104.004</i>
                <i>-0.535988 0.0209129 0.843966 -0.0680843 0.995366 -0.0679037 -0.841475 -0.0938564 -0.532081 416.026 108.682 -105.346</i>
                <i>-0.532376 0.0235278 0.846181 -0.0655245 0.995469 -0.0689035 -0.843968 -0.0921282 -0.528422 414.222 108.449 -106.696</i>
                <i>-0.528561 0.0263354 0.848487 -0.0627702 0.99557 -0.070003 -0.846572 -0.0902605 -0.524566 412.397 108.213 -108.052</i>
                <i>-0.524555 0.0293269 0.850871 -0.0598292 0.995666 -0.0712017 -0.849272 -0.0882561 -0.520527 410.551 107.976 -109.414</i>
                <i>-0.52037 0.0324931 0.853323 -0.0567096 0.995755 -0.072499 -0.852056 -0.0861179 -0.516318 408.684 107.739 -110.783</i>
                <i>-0.516016 0.0358242 0.855829 -0.0534199 0.995834 -0.0738938 -0.854912 -0.0838487 -0.511953 406.797 107.502 -112.158</i>
                <i>-0.511505 0.0393099 0.85838 -0.0499693 0.995902 -0.0753843 -0.857826 -0.0814522 -0.507445 404.889 107.267 -113.54</i>
                <i>-0.506849 0.0429392 0.860965 -0.0463674 0.995955 -0.076968 -0.860787 -0.0789318 -0.502808 402.96 107.033 -114.927</i>
                <i>-0.502058 0.0467001 0.863572 -0.0426244 0.995991 -0.0786417 -0.863783 -0.0762919 -0.498055 401.011 106.803 -116.32</i>
                <i>-0.497144 0.0505801 0.866192 -0.0387511 0.996009 -0.0804015 -0.866802 -0.073537 -0.4932 399.041 106.576 -117.718</i>
                <i>-0.492119 0.0545659 0.868816 -0.0347589 0.996006 -0.0822424 -0.869834 -0.0706722 -0.488257 397.051 106.353 -119.122</i>
                <i>-0.486993 0.0586432 0.871435 -0.0306601 0.995981 -0.0841586 -0.872868 -0.0677029 -0.483237 395.039 106.136 -120.531</i>
                <i>-0.481777 0.062797 0.874041 -0.0264672 0.995931 -0.0861433 -0.875894 -0.0646353 -0.478155 393.008 105.926 -121.945</i>
                <i>-0.476484 0.0670112 0.876626 -0.0221937 0.995857 -0.0881887 -0.878903 -0.061476 -0.473022 390.955 105.724 -123.364</i>
                <i>-0.471123 0.0712692 0.879184 -0.0178536 0.995756 -0.0902859 -0.881887 -0.0582323 -0.467851 388.883 105.531 -124.8</i>
                <i>-0.465706 0.0755532 0.881708 -0.0134615 0.995629 -0.0924252 -0.884837 -0.0549121 -0.462653 386.789 105.346 -126.262</i>
                <i>-0.460244 0.079845 0.884194 -0.00903267 0.995475 -0.0945956 -0.887746 -0.0515237 -0.457441 384.676 105.169 -127.752</i>
                <i>-0.454749 0.084125 0.886638 -0.00458295 0.995295 -0.096785 -0.890608 -0.0480763 -0.452223 382.541 104.999 -129.266</i>
                <i>-0.449229 0.0883734 0.889035 -0.000128679 0.995089 -0.0989806 -0.893417 -0.0445794 -0.447012 380.387 104.838 -130.805</i>
                <i>-0.443697 0.0925693 0.891383 0.00431325 0.99486 -0.101168 -0.896166 -0.0410433 -0.441816 378.212 104.683 -132.368</i>
                <i>-0.438163 0.0966911 0.89368 0.00872547 0.994609 -0.103333 -0.898853 -0.0374789 -0.436644 376.016 104.536 -133.952</i>
                <i>-0.432638 0.100717 0.895925 0.0130902 0.994337 -0.105459 -0.901473 -0.0338976 -0.431506 373.8 104.396 -135.558</i>
                <i>-0.427131 0.104623 0.898116 0.0173892 0.99405 -0.107529 -0.904022 -0.0303113 -0.426409 371.564 104.263 -137.185</i>
                <i>-0.421654 0.108387 0.900256 0.0216039 0.993749 -0.109525 -0.906499 -0.0267326 -0.42136 369.308 104.137 -138.83</i>
                <i>-0.416217 0.111985 0.902343 0.0257154 0.99344 -0.111429 -0.908902 -0.0231744 -0.416366 367.031 104.019 -140.494</i>
                <i>-0.41083 0.115391 0.90438 0.0297046 0.993126 -0.113221 -0.911228 -0.0196503 -0.411433 364.734 103.91 -142.176</i>
                <i>-0.405504 0.118582 0.906369 0.0335519 0.992813 -0.114881 -0.913477 -0.0161742 -0.406568 362.416 103.812 -143.873</i>
                <i>-0.400248 0.121532 0.908312 0.037238 0.992505 -0.116388 -0.91565 -0.0127603 -0.401774 360.079 103.724 -145.586</i>
                <i>-0.395074 0.124215 0.910213 0.040743 0.992211 -0.117721 -0.917745 -0.00942359 -0.397058 357.721 103.648 -147.313</i>
                <i>-0.389993 0.126605 0.912073 0.0440472 0.991934 -0.118857 -0.919764 -0.00617899 -0.392424 355.343 103.582 -149.053</i>
                <i>-0.385013 0.128677 0.913897 0.0471307 0.991682 -0.119774 -0.921707 -0.00304194 -0.387875 352.949 103.529 -150.805</i>
                <i>-0.380148 0.130404 0.915687 0.0499735 0.991461 -0.120448 -0.923575 -2.81194e-005 -0.383418 350.544 103.488 -152.569</i>
                <i>-0.375407 0.13176 0.917447 0.0525559 0.991278 -0.120858 -0.925369 0.00284656 -0.379057 348.127 103.459 -154.342</i>
                <i>-0.370802 0.132718 0.91918 0.0548582 0.991138 -0.120977 -0.927091 0.005566 -0.374796 345.698 103.444 -156.125</i>
                <i>-0.366344 0.133251 0.920889 0.0568606 0.991049 -0.120784 -0.928741 0.00811393 -0.370642 343.259 103.442 -157.916</i>
                <i>-0.362046 0.133335 0.922575 0.0585436 0.991016 -0.120252 -0.93032 0.010474 -0.366599 340.809 103.452 -159.714</i>
                <i>-0.35792 0.132943 0.92424 0.0598881 0.991043 -0.119359 -0.93183 0.0126298 -0.362676 338.349 103.472 -161.519</i>
                <i>-0.353979 0.132048 0.925885 0.0608748 0.991136 -0.11808 -0.93327 0.0145651 -0.35888 335.878 103.504 -163.328</i>
                <i>-0.350166 0.130491 0.927554 0.0614695 0.991315 -0.116256 -0.934669 0.0163076 -0.355146 333.398 103.545 -165.142</i>
                <i>-0.346415 0.128151 0.929287 0.0616608 0.991593 -0.113758 -0.936053 0.0178933 -0.351404 330.908 103.592 -166.958</i>
                <i>-0.342729 0.125059 0.931073 0.0614651 0.991961 -0.110612 -0.937422 0.0193185 -0.34766 328.408 103.645 -168.777</i>
                <i>-0.339112 0.121249 0.9329 0.0608994 0.992409 -0.106846 -0.938773 0.0205803 -0.343921 325.899 103.705 -170.597</i>
                <i>-0.335568 0.116753 0.934753 0.0599809 0.992924 -0.102486 -0.940105 0.0216762 -0.340196 323.382 103.774 -172.416</i>
                <i>-0.332101 0.111608 0.936618 0.0587275 0.993495 -0.0975619 -0.941414 0.0226047 -0.336496 320.855 103.852 -174.235</i>
                <i>-0.328718 0.105848 0.938478 0.0571571 0.994108 -0.0921018 -0.942697 0.0233652 -0.332831 318.321 103.939 -176.052</i>
                <i>-0.325421 0.0995107 0.940318 0.0552884 0.994748 -0.0861369 -0.943951 0.0239579 -0.329214 315.778 104.038 -177.866</i>
                <i>-0.322217 0.0926346 0.942123 0.05314 0.995402 -0.0796987 -0.945173 0.024384 -0.325658 313.227 104.148 -179.675</i>
                <i>-0.319111 0.0852583 0.943875 0.0507307 0.996054 -0.0728202 -0.946359 0.0246457 -0.322177 310.669 104.265 -181.48</i>
                <i>-0.316105 0.0774221 0.94556 0.0480797 0.996691 -0.0655355 -0.947505 0.0247461 -0.318782 308.103 104.385 -183.279</i>
                <i>-0.313205 0.069167 0.947164 0.0452062 0.9973 -0.0578796 -0.948609 0.0246895 -0.315486 305.53 104.506 -185.071</i>
                <i>-0.310412 0.060535 0.948673 0.0421297 0.997866 -0.0498889 -0.949668 0.0244811 -0.3123 302.95 104.63 -186.854</i>
                <i>-0.307731 0.051569 0.950075 0.0388695 0.998378 -0.041601 -0.950679 0.024127 -0.309236 300.363 104.756 -188.629</i>
                <i>-0.305161 0.0423125 0.95136 0.0354451 0.998825 -0.033054 -0.951641 0.0236343 -0.306302 297.771 104.883 -190.393</i>
                <i>-0.302704 0.03281 0.95252 0.0318764 0.999197 -0.0242877 -0.952551 0.0230109 -0.303507 295.172 105.013 -192.147</i>
                <i>-0.30036 0.0231065 0.953546 0.0281829 0.999485 -0.0153423 -0.953409 0.0222655 -0.300856 292.567 105.144 -193.888</i>
                <i>-0.298126 0.0132473 0.954435 0.0243843 0.999683 -0.00625866 -0.954215 0.0214073 -0.298355 289.956 105.277 -195.616</i>
                <i>-0.296 0.00327829 0.955182 0.0205004 0.999786 0.00292146 -0.954968 0.0204464 -0.296004 287.341 105.411 -197.33</i>
                <i>-0.293979 -0.0067543 0.955788 0.016551 0.999789 0.012156 -0.955669 0.0193929 -0.293805 284.72 105.547 -199.029</i>
                <i>-0.292056 -0.0168041 0.956253 0.0125561 0.999692 0.0214023 -0.956319 0.0182575 -0.291755 282.094 105.684 -200.711</i>
                <i>-0.290227 -0.0268248 0.956582 0.00853544 0.999495 0.0306178 -0.95692 0.017051 -0.289852 279.463 105.822 -202.377</i>
                <i>-0.288484 -0.03677 0.956778 0.00450907 0.999199 0.0397598 -0.957474 0.0157843 -0.288087 276.829 105.962 -204.024</i>
                <i>-0.286818 -0.046593 0.956851 0.000497209 0.998809 0.0487851 -0.957985 0.0144682 -0.286453 274.19 106.102 -205.652</i>
                <i>-0.285219 -0.0562481 0.95681 -0.00348024 0.998331 0.0576515 -0.958456 0.0131134 -0.284939 271.547 106.244 -207.26</i>
                <i>-0.283678 -0.065689 0.956667 -0.00740279 0.997771 0.0663162 -0.958891 0.0117304 -0.283532 268.901 106.387 -208.846</i>
                <i>-0.282181 -0.0748705 0.956435 -0.0112503 0.99714 0.0747376 -0.959295 0.0103293 -0.282216 266.252 106.53 -210.411</i>
                <i>-0.280717 -0.0837468 0.95613 -0.0150022 0.996447 0.0828736 -0.959673 0.00891997 -0.280976 263.599 106.675 -211.952</i>
                <i>-0.279272 -0.0922735 0.955768 -0.018638 0.995705 0.0906832 -0.960031 0.00751166 -0.279792 260.944 106.819 -213.468</i>
                <i>-0.277832 -0.100405 0.955368 -0.0221369 0.994928 0.0981253 -0.960375 0.00611346 -0.278645 258.286 106.965 -214.96</i>
                <i>-0.276381 -0.108099 0.954949 -0.0254781 0.994129 0.10516 -0.96071 0.00473389 -0.277512 255.625 107.111 -216.425</i>
                <i>-0.274905 -0.115309 0.954532 -0.0286406 0.993324 0.111746 -0.961045 0.0033813 -0.276372 252.963 107.258 -217.863</i>
                <i>-0.273387 -0.121992 0.954137 -0.0316033 0.992529 0.117846 -0.961385 0.00206359 -0.275199 250.299 107.404 -219.269</i>
                <i>-0.271811 -0.128105 0.953786 -0.0343448 0.99176 0.123418 -0.961738 0.000788694 -0.273971 247.633 107.551 -220.638</i>
                <i>-0.270161 -0.133603 0.9535 -0.0368438 0.991035 0.128423 -0.96211 -0.000435659 -0.272662 244.966 107.699 -221.97</i>
                <i>-0.268422 -0.138442 0.953301 -0.0390786 0.990369 0.132822 -0.962508 -0.00160145 -0.271247 242.298 107.846 -223.263</i>
                <i>-0.266576 -0.142578 0.95321 -0.0410276 0.98978 0.136574 -0.96294 -0.00270046 -0.269701 239.629 107.993 -224.517</i>
                <i>-0.264609 -0.145966 0.953245 -0.0426688 0.989283 0.13964 -0.963411 -0.00372387 -0.268002 236.96 108.141 -225.731</i>
                <i>-0.262507 -0.148559 0.953426 -0.0439802 0.988893 0.141976 -0.963927 -0.00466207 -0.266125 234.29 108.288 -226.902</i>
                <i>-0.260254 -0.150312 0.953768 -0.0449396 0.988623 0.143542 -0.964494 -0.00550453 -0.264048 231.621 108.434 -228.031</i>
                <i>-0.257919 -0.151313 0.954244 -0.045637 0.988466 0.144404 -0.965088 -0.00630418 -0.26185 228.953 108.581 -229.107</i>
                <i>-0.255577 -0.1517 0.954813 -0.0461803 0.988401 0.144675 -0.965685 -0.00711787 -0.259618 226.29 108.727 -230.119</i>
                <i>-0.253227 -0.151494 0.955472 -0.0465735 0.988426 0.144376 -0.966285 -0.00793987 -0.257351 223.631 108.872 -231.068</i>
                <i>-0.250866 -0.150719 0.956217 -0.0468213 0.988538 0.143529 -0.966889 -0.00876462 -0.255048 220.976 109.017 -231.953</i>
                <i>-0.248496 -0.149396 0.957043 -0.0469282 0.988731 0.142158 -0.967495 -0.00958661 -0.252707 218.324 109.162 -232.776</i>
                <i>-0.246116 -0.147549 0.957944 -0.0468989 0.989 0.140283 -0.968105 -0.0104005 -0.250329 215.676 109.305 -233.536</i>
                <i>-0.243727 -0.145201 0.958913 -0.0467384 0.989339 0.137929 -0.968717 -0.0112011 -0.247915 213.032 109.448 -234.234</i>
                <i>-0.24133 -0.142375 0.959942 -0.0464516 0.98974 0.135116 -0.969331 -0.0119833 -0.245467 210.39 109.589 -234.869</i>
                <i>-0.238925 -0.139094 0.961024 -0.0460436 0.990197 0.131869 -0.969946 -0.0127422 -0.242987 207.751 109.73 -235.444</i>
                <i>-0.236515 -0.135381 0.96215 -0.0455194 0.990702 0.128209 -0.970561 -0.0134731 -0.240478 205.115 109.869 -235.956</i>
                <i>-0.2341 -0.131261 0.963311 -0.0448842 0.991247 0.12416 -0.971176 -0.0141715 -0.237943 202.482 110.008 -236.408</i>
                <i>-0.231683 -0.126758 0.964498 -0.0441433 0.991823 0.119745 -0.971789 -0.0148332 -0.235384 199.851 110.145 -236.798</i>
                <i>-0.229264 -0.121895 0.965702 -0.0433019 0.992423 0.114988 -0.972401 -0.0154542 -0.232805 197.222 110.28 -237.128</i>
                <i>-0.226845 -0.116697 0.966914 -0.0423651 0.993038 0.109911 -0.973009 -0.0160306 -0.23021 194.595 110.411 -237.398</i>
                <i>-0.224428 -0.11119 0.968126 -0.0413383 0.993661 0.10454 -0.973614 -0.016559 -0.227602 191.97 110.532 -237.607</i>
                <i>-0.222013 -0.105398 0.96933 -0.0402267 0.994284 0.0988982 -0.974214 -0.0170363 -0.224984 189.346 110.646 -237.778</i>
                <i>-0.219601 -0.099347 0.970518 -0.0390354 0.9949 0.0930102 -0.974809 -0.0174594 -0.222359 186.724 110.752 -237.931</i>
                <i>-0.217192 -0.0930623 0.971683 -0.0377697 0.995501 0.0869012 -0.975398 -0.0178259 -0.21973 184.104 110.85 -238.067</i>
                <i>-0.214787 -0.08657 0.972817 -0.0364347 0.996081 0.0805959 -0.975981 -0.0181333 -0.2171 181.484 110.943 -238.189</i>
                <i>-0.212386 -0.0798966 0.973914 -0.0350356 0.996634 0.07412 -0.976558 -0.0183796 -0.21447 178.865 111.029 -238.296</i>
                <i>-0.209988 -0.0730682 0.97497 -0.0335776 0.997154 0.0674989 -0.977127 -0.0185632 -0.211844 176.246 111.11 -238.39</i>
                <i>-0.207592 -0.0661121 0.975979 -0.0320657 0.997637 0.0607589 -0.97769 -0.0186824 -0.209221 173.628 111.187 -238.472</i>
                <i>-0.205196 -0.059055 0.976938 -0.030505 0.998079 0.0539257 -0.978245 -0.0187362 -0.206603 171.011 111.259 -238.544</i>
                <i>-0.202799 -0.0519244 0.977843 -0.0289008 0.998475 0.0470262 -0.978794 -0.0187236 -0.203991 168.393 111.327 -238.606</i>
                <i>-0.200399 -0.0447475 0.978692 -0.0272579 0.998824 0.0400866 -0.979335 -0.0186438 -0.201383 165.776 111.392 -238.659</i>
                <i>-0.197992 -0.0375523 0.979484 -0.0255817 0.999123 0.0331341 -0.97987 -0.0184965 -0.19878 163.158 111.455 -238.705</i>
                <i>-0.195576 -0.0303662 0.980218 -0.023877 0.999372 0.0261955 -0.980398 -0.0182814 -0.196178 160.539 111.514 -238.745</i>
