<?xml version="1.0" encoding="ISO-8859-1" ?>
<Animl Version="1">
    <ModellingPackage><![CDATA[Maya.2010]]></ModellingPackage>
    <SrcFile><![CDATA[anims\bosses\red\~src\boss_beetle\boss_beetle_forward_1.mb]]></SrcFile>
    <FramesPerSecond>30</FramesPerSecond>
    <TotalFrames>121</TotalFrames>
    <Skeleton>
        <RefFrame>
            <Name><![CDATA[boss_beetle_ref_frame]]></Name>
            <Exclude>0</Exclude>
            <Additive>0</Additive>
            <IKPriority>0</IKPriority>
            <IKRotLimits>-1e+010 -1e+010 -1e+010 1e+010 1e+010 1e+010</IKRotLimits>
            <IKRotLimitOrder>0</IKRotLimitOrder>
            <KeyFrames count="121">
                <i>1 0 0 0 1 0 0 0 1 0 0 0</i>
                <i>1 0 0 0 1 0 0 0 1 0 0 0</i>
                <i>1 0 0 0 1 0 0 0 1 0 0 0</i>
                <i>1 0 0 0 1 0 0 0 1 0 0 0</i>
                <i>1 0 0 0 1 0 0 0 1 0 0 0</i>
                <i>1 0 0 0 1 0 0 0 1 0 0 0</i>
                <i>1 0 0 0 1 0 0 0 1 0 0 0</i>
                <i>1 0 0 0 1 0 0 0 1 0 0 0</i>
                <i>1 0 0 0 1 0 0 0 1 0 0 0</i>
                <i>1 0 0 0 1 0 0 0 1 0 0 0</i>
                <i>1 0 0 0 1 0 0 0 1 0 0 0</i>
                <i>1 0 0 0 1 0 0 0 1 0 0 0</i>
                <i>1 0 0 0 1 0 0 0 1 0 0 0</i>
                <i>1 0 0 0 1 0 0 0 1 0 0 0</i>
                <i>1 0 0 0 1 0 0 0 1 0 0 0</i>
                <i>1 0 0 0 1 0 0 0 1 0 0 0</i>
                <i>1 0 0 0 1 0 0 0 1 0 0 0</i>
                <i>1 0 0 0 1 0 0 0 1 0 0 0</i>
                <i>1 0 0 0 1 0 0 0 1 0 0 0</i>
                <i>1 0 0 0 1 0 0 0 1 0 0 0</i>
                <i>1 0 0 0 1 0 0 0 1 0 0 0</i>
                <i>1 0 0 0 1 0 0 0 1 0 0 0</i>
                <i>1 0 0 0 1 0 0 0 1 0 0 0</i>
                <i>1 0 0 0 1 0 0 0 1 0 0 0</i>
                <i>1 0 0 0 1 0 0 0 1 0 0 0</i>
                <i>1 0 0 0 1 0 0 0 1 0 0 0</i>
                <i>1 0 0 0 1 0 0 0 1 0 0 0</i>
                <i>1 0 0 0 1 0 0 0 1 0 0 0</i>
                <i>1 0 0 0 1 0 0 0 1 0 0 0</i>
                <i>1 0 0 0 1 0 0 0 1 0 0 0</i>
                <i>1 0 0 0 1 0 0 0 1 0 0 0</i>
                <i>1 0 0 0 1 0 0 0 1 0 0 0</i>
                <i>1 0 0 0 1 0 0 0 1 0 0 0</i>
                <i>1 0 0 0 1 0 0 0 1 0 0 0</i>
                <i>1 0 0 0 1 0 0 0 1 0 0 0</i>
                <i>1 0 0 0 1 0 0 0 1 0 0 0</i>
                <i>1 0 0 0 1 0 0 0 1 0 0 0</i>
                <i>1 0 0 0 1 0 0 0 1 0 0 0</i>
                <i>1 0 0 0 1 0 0 0 1 0 0 0</i>
                <i>1 0 0 0 1 0 0 0 1 0 0 0</i>
                <i>1 0 0 0 1 0 0 0 1 0 0 0</i>
                <i>1 0 0 0 1 0 0 0 1 0 0 0</i>
                <i>1 0 0 0 1 0 0 0 1 0 0 0</i>
                <i>1 0 0 0 1 0 0 0 1 0 0 0</i>
                <i>1 0 0 0 1 0 0 0 1 0 0 0</i>
                <i>1 0 0 0 1 0 0 0 1 0 0 0</i>
                <i>1 0 0 0 1 0 0 0 1 0 0 0</i>
                <i>1 0 0 0 1 0 0 0 1 0 0 0</i>
                <i>1 0 0 0 1 0 0 0 1 0 0 0</i>
                <i>1 0 0 0 1 0 0 0 1 0 0 0</i>
                <i>1 0 0 0 1 0 0 0 1 0 0 0</i>
                <i>1 0 0 0 1 0 0 0 1 0 0 0</i>
                <i>1 0 0 0 1 0 0 0 1 0 0 0</i>
                <i>1 0 0 0 1 0 0 0 1 0 0 0</i>
                <i>1 0 0 0 1 0 0 0 1 0 0 0</i>
                <i>1 0 0 0 1 0 0 0 1 0 0 0</i>
                <i>1 0 0 0 1 0 0 0 1 0 0 0</i>
                <i>1 0 0 0 1 0 0 0 1 0 0 0</i>
                <i>1 0 0 0 1 0 0 0 1 0 0 0</i>
                <i>1 0 0 0 1 0 0 0 1 0 0 0</i>
                <i>1 0 0 0 1 0 0 0 1 0 0 0</i>
                <i>1 0 0 0 1 0 0 0 1 0 0 0</i>
                <i>1 0 0 0 1 0 0 0 1 0 0 0</i>
                <i>1 0 0 0 1 0 0 0 1 0 0 0</i>
                <i>1 0 0 0 1 0 0 0 1 0 0 0</i>
                <i>1 0 0 0 1 0 0 0 1 0 0 0</i>
                <i>1 0 0 0 1 0 0 0 1 0 0 0</i>
                <i>1 0 0 0 1 0 0 0 1 0 0 0</i>
                <i>1 0 0 0 1 0 0 0 1 0 0 0</i>
                <i>1 0 0 0 1 0 0 0 1 0 0 0</i>
                <i>1 0 0 0 1 0 0 0 1 0 0 0</i>
                <i>1 0 0 0 1 0 0 0 1 0 0 0</i>
                <i>1 0 0 0 1 0 0 0 1 0 0 0</i>
                <i>1 0 0 0 1 0 0 0 1 0 0 0</i>
                <i>1 0 0 0 1 0 0 0 1 0 0 0</i>
                <i>1 0 0 0 1 0 0 0 1 0 0 0</i>
                <i>1 0 0 0 1 0 0 0 1 0 0 0</i>
                <i>1 0 0 0 1 0 0 0 1 0 0 0</i>
                <i>1 0 0 0 1 0 0 0 1 0 0 0</i>
                <i>1 0 0 0 1 0 0 0 1 0 0 0</i>
                <i>1 0 0 0 1 0 0 0 1 0 0 0</i>
                <i>1 0 0 0 1 0 0 0 1 0 0 0</i>
                <i>1 0 0 0 1 0 0 0 1 0 0 0</i>
                <i>1 0 0 0 1 0 0 0 1 0 0 0</i>
                <i>1 0 0 0 1 0 0 0 1 0 0 0</i>
                <i>1 0 0 0 1 0 0 0 1 0 0 0</i>
                <i>1 0 0 0 1 0 0 0 1 0 0 0</i>
                <i>1 0 0 0 1 0 0 0 1 0 0 0</i>
                <i>1 0 0 0 1 0 0 0 1 0 0 0</i>
                <i>1 0 0 0 1 0 0 0 1 0 0 0</i>
                <i>1 0 0 0 1 0 0 0 1 0 0 0</i>
                <i>1 0 0 0 1 0 0 0 1 0 0 0</i>
                <i>1 0 0 0 1 0 0 0 1 0 0 0</i>
                <i>1 0 0 0 1 0 0 0 1 0 0 0</i>
                <i>1 0 0 0 1 0 0 0 1 0 0 0</i>
                <i>1 0 0 0 1 0 0 0 1 0 0 0</i>
                <i>1 0 0 0 1 0 0 0 1 0 0 0</i>
                <i>1 0 0 0 1 0 0 0 1 0 0 0</i>
                <i>1 0 0 0 1 0 0 0 1 0 0 0</i>
                <i>1 0 0 0 1 0 0 0 1 0 0 0</i>
                <i>1 0 0 0 1 0 0 0 1 0 0 0</i>
                <i>1 0 0 0 1 0 0 0 1 0 0 0</i>
                <i>1 0 0 0 1 0 0 0 1 0 0 0</i>
                <i>1 0 0 0 1 0 0 0 1 0 0 0</i>
                <i>1 0 0 0 1 0 0 0 1 0 0 0</i>
                <i>1 0 0 0 1 0 0 0 1 0 0 0</i>
                <i>1 0 0 0 1 0 0 0 1 0 0 0</i>
                <i>1 0 0 0 1 0 0 0 1 0 0 0</i>
                <i>1 0 0 0 1 0 0 0 1 0 0 0</i>
                <i>1 0 0 0 1 0 0 0 1 0 0 0</i>
                <i>1 0 0 0 1 0 0 0 1 0 0 0</i>
                <i>1 0 0 0 1 0 0 0 1 0 0 0</i>
                <i>1 0 0 0 1 0 0 0 1 0 0 0</i>
                <i>1 0 0 0 1 0 0 0 1 0 0 0</i>
                <i>1 0 0 0 1 0 0 0 1 0 0 0</i>
                <i>1 0 0 0 1 0 0 0 1 0 0 0</i>
                <i>1 0 0 0 1 0 0 0 1 0 0 0</i>
                <i>1 0 0 0 1 0 0 0 1 0 0 0</i>
                <i>1 0 0 0 1 0 0 0 1 0 0 0</i>
                <i>1 0 0 0 1 0 0 0 1 0 0 0</i>
                <i>1 0 0 0 1 0 0 0 1 0 0 0</i>
            </KeyFrames>
        </RefFrame>
        <Bones count="20">
            <i>
                <p>
                    <Name><![CDATA[boss_beetle_root]]></Name>
                    <Exclude>0</Exclude>
                    <Additive>0</Additive>
                    <IKPriority>0</IKPriority>
                    <IKRotLimits>-1e+010 -1e+010 -1e+010 1e+010 1e+010 1e+010</IKRotLimits>
                    <IKRotLimitOrder>0</IKRotLimitOrder>
                    <KeyFrames count="121">
                        <i>1 0 0 0 1 0 0 0 1 0 0 0</i>
                        <i>1 0 0 0 1 0 0 0 1 0 0 0</i>
                        <i>1 0 0 0 1 0 0 0 1 0 0 0</i>
                        <i>1 0 0 0 1 0 0 0 1 0 0 0</i>
                        <i>1 0 0 0 1 0 0 0 1 0 0 0</i>
                        <i>1 0 0 0 1 0 0 0 1 0 0 0</i>
                        <i>1 0 0 0 1 0 0 0 1 0 0 0</i>
                        <i>1 0 0 0 1 0 0 0 1 0 0 0</i>
                        <i>1 0 0 0 1 0 0 0 1 0 0 0</i>
                        <i>1 0 0 0 1 0 0 0 1 0 0 0</i>
                        <i>1 0 0 0 1 0 0 0 1 0 0 0</i>
                        <i>1 0 0 0 1 0 0 0 1 0 0 0</i>
                        <i>1 0 0 0 1 0 0 0 1 0 0 0</i>
                        <i>1 0 0 0 1 0 0 0 1 0 0 0</i>
                        <i>1 0 0 0 1 0 0 0 1 0 0 0</i>
                        <i>1 0 0 0 1 0 0 0 1 0 0 0</i>
                        <i>1 0 0 0 1 0 0 0 1 0 0 0</i>
                        <i>1 0 0 0 1 0 0 0 1 0 0 0</i>
                        <i>1 0 0 0 1 0 0 0 1 0 0 0</i>
                        <i>1 0 0 0 1 0 0 0 1 0 0 0</i>
                        <i>1 0 0 0 1 0 0 0 1 0 0 0</i>
                        <i>1 0 0 0 1 0 0 0 1 0 0 0</i>
                        <i>1 0 0 0 1 0 0 0 1 0 0 0</i>
                        <i>1 0 0 0 1 0 0 0 1 0 0 0</i>
                        <i>1 0 0 0 1 0 0 0 1 0 0 0</i>
                        <i>1 0 0 0 1 0 0 0 1 0 0 0</i>
                        <i>1 0 0 0 1 0 0 0 1 0 0 0</i>
                        <i>1 0 0 0 1 0 0 0 1 0 0 0</i>
                        <i>1 0 0 0 1 0 0 0 1 0 0 0</i>
                        <i>1 0 0 0 1 0 0 0 1 0 0 0</i>
                        <i>1 0 0 0 1 0 0 0 1 0 0 0</i>
                        <i>1 0 0 0 1 0 0 0 1 0 0 0</i>
                        <i>1 0 0 0 1 0 0 0 1 0 0 0</i>
                        <i>1 0 0 0 1 0 0 0 1 0 0 0</i>
                        <i>1 0 0 0 1 0 0 0 1 0 0 0</i>
                        <i>1 0 0 0 1 0 0 0 1 0 0 0</i>
                        <i>1 0 0 0 1 0 0 0 1 0 0 0</i>
                        <i>1 0 0 0 1 0 0 0 1 0 0 0</i>
                        <i>1 0 0 0 1 0 0 0 1 0 0 0</i>
                        <i>1 0 0 0 1 0 0 0 1 0 0 0</i>
                        <i>1 0 0 0 1 0 0 0 1 0 0 0</i>
                        <i>1 0 0 0 1 0 0 0 1 0 0 0</i>
                        <i>1 0 0 0 1 0 0 0 1 0 0 0</i>
                        <i>1 0 0 0 1 0 0 0 1 0 0 0</i>
                        <i>1 0 0 0 1 0 0 0 1 0 0 0</i>
                        <i>1 0 0 0 1 0 0 0 1 0 0 0</i>
                        <i>1 0 0 0 1 0 0 0 1 0 0 0</i>
                        <i>1 0 0 0 1 0 0 0 1 0 0 0</i>
                        <i>1 0 0 0 1 0 0 0 1 0 0 0</i>
                        <i>1 0 0 0 1 0 0 0 1 0 0 0</i>
                        <i>1 0 0 0 1 0 0 0 1 0 0 0</i>
                        <i>1 0 0 0 1 0 0 0 1 0 0 0</i>
                        <i>1 0 0 0 1 0 0 0 1 0 0 0</i>
                        <i>1 0 0 0 1 0 0 0 1 0 0 0</i>
                        <i>1 0 0 0 1 0 0 0 1 0 0 0</i>
                        <i>1 0 0 0 1 0 0 0 1 0 0 0</i>
                        <i>1 0 0 0 1 0 0 0 1 0 0 0</i>
                        <i>1 0 0 0 1 0 0 0 1 0 0 0</i>
                        <i>1 0 0 0 1 0 0 0 1 0 0 0</i>
                        <i>1 0 0 0 1 0 0 0 1 0 0 0</i>
                        <i>1 0 0 0 1 0 0 0 1 0 0 0</i>
                        <i>1 0 0 0 1 0 0 0 1 0 0 0</i>
                        <i>1 0 0 0 1 0 0 0 1 0 0 0</i>
                        <i>1 0 0 0 1 0 0 0 1 0 0 0</i>
                        <i>1 0 0 0 1 0 0 0 1 0 0 0</i>
                        <i>1 0 0 0 1 0 0 0 1 0 0 0</i>
                        <i>1 0 0 0 1 0 0 0 1 0 0 0</i>
                        <i>1 0 0 0 1 0 0 0 1 0 0 0</i>
                        <i>1 0 0 0 1 0 0 0 1 0 0 0</i>
                        <i>1 0 0 0 1 0 0 0 1 0 0 0</i>
                        <i>1 0 0 0 1 0 0 0 1 0 0 0</i>
                        <i>1 0 0 0 1 0 0 0 1 0 0 0</i>
                        <i>1 0 0 0 1 0 0 0 1 0 0 0</i>
                        <i>1 0 0 0 1 0 0 0 1 0 0 0</i>
                        <i>1 0 0 0 1 0 0 0 1 0 0 0</i>
                        <i>1 0 0 0 1 0 0 0 1 0 0 0</i>
                        <i>1 0 0 0 1 0 0 0 1 0 0 0</i>
                        <i>1 0 0 0 1 0 0 0 1 0 0 0</i>
                        <i>1 0 0 0 1 0 0 0 1 0 0 0</i>
                        <i>1 0 0 0 1 0 0 0 1 0 0 0</i>
                        <i>1 0 0 0 1 0 0 0 1 0 0 0</i>
                        <i>1 0 0 0 1 0 0 0 1 0 0 0</i>
                        <i>1 0 0 0 1 0 0 0 1 0 0 0</i>
                        <i>1 0 0 0 1 0 0 0 1 0 0 0</i>
                        <i>1 0 0 0 1 0 0 0 1 0 0 0</i>
                        <i>1 0 0 0 1 0 0 0 1 0 0 0</i>
                        <i>1 0 0 0 1 0 0 0 1 0 0 0</i>
                        <i>1 0 0 0 1 0 0 0 1 0 0 0</i>
                        <i>1 0 0 0 1 0 0 0 1 0 0 0</i>
                        <i>1 0 0 0 1 0 0 0 1 0 0 0</i>
                        <i>1 0 0 0 1 0 0 0 1 0 0 0</i>
                        <i>1 0 0 0 1 0 0 0 1 0 0 0</i>
                        <i>1 0 0 0 1 0 0 0 1 0 0 0</i>
                        <i>1 0 0 0 1 0 0 0 1 0 0 0</i>
                        <i>1 0 0 0 1 0 0 0 1 0 0 0</i>
                        <i>1 0 0 0 1 0 0 0 1 0 0 0</i>
                        <i>1 0 0 0 1 0 0 0 1 0 0 0</i>
                        <i>1 0 0 0 1 0 0 0 1 0 0 0</i>
                        <i>1 0 0 0 1 0 0 0 1 0 0 0</i>
                        <i>1 0 0 0 1 0 0 0 1 0 0 0</i>
                        <i>1 0 0 0 1 0 0 0 1 0 0 0</i>
                        <i>1 0 0 0 1 0 0 0 1 0 0 0</i>
                        <i>1 0 0 0 1 0 0 0 1 0 0 0</i>
                        <i>1 0 0 0 1 0 0 0 1 0 0 0</i>
                        <i>1 0 0 0 1 0 0 0 1 0 0 0</i>
                        <i>1 0 0 0 1 0 0 0 1 0 0 0</i>
                        <i>1 0 0 0 1 0 0 0 1 0 0 0</i>
                        <i>1 0 0 0 1 0 0 0 1 0 0 0</i>
                        <i>1 0 0 0 1 0 0 0 1 0 0 0</i>
                        <i>1 0 0 0 1 0 0 0 1 0 0 0</i>
                        <i>1 0 0 0 1 0 0 0 1 0 0 0</i>
                        <i>1 0 0 0 1 0 0 0 1 0 0 0</i>
                        <i>1 0 0 0 1 0 0 0 1 0 0 0</i>
                        <i>1 0 0 0 1 0 0 0 1 0 0 0</i>
                        <i>1 0 0 0 1 0 0 0 1 0 0 0</i>
                        <i>1 0 0 0 1 0 0 0 1 0 0 0</i>
                        <i>1 0 0 0 1 0 0 0 1 0 0 0</i>
                        <i>1 0 0 0 1 0 0 0 1 0 0 0</i>
                        <i>1 0 0 0 1 0 0 0 1 0 0 0</i>
                        <i>1 0 0 0 1 0 0 0 1 0 0 0</i>
                        <i>1 0 0 0 1 0 0 0 1 0 0 0</i>
                    </KeyFrames>
                </p>
            </i>
            <i>
                <p>
                    <Name><![CDATA[base]]></Name>
                    <Exclude>0</Exclude>
                    <Additive>0</Additive>
                    <IKPriority>0</IKPriority>
                    <IKRotLimits>-1e+010 -1e+010 -1e+010 1e+010 1e+010 1e+010</IKRotLimits>
                    <IKRotLimitOrder>0</IKRotLimitOrder>
                    <KeyFrames count="121">
                        <i>1 0.00010148 0 -0.00010148 1 0.000167643 1.70124e-008 -0.000167643 1 -0.0314353 8.19434 0.00606723</i>
                        <i>1 -0.00014242 3.30872e-024 0.00014242 1 0.000309592 -4.40921e-008 -0.000309592 1 -0.0303219 8.17759 0.00547611</i>
                        <i>1 -0.000214466 0 0.000214466 1 0.000344737 -7.39344e-008 -0.000344737 1 -0.0248128 8.17183 0.00224929</i>
                        <i>1 -0.000113215 1.65436e-024 0.000113215 1 0.00018232 -2.06413e-008 -0.00018232 1 -0.0218059 8.17825 0.00278808</i>
                        <i>1 0.000228693 0 -0.000228693 1 4.89271e-006 1.11893e-009 -4.89271e-006 1 -0.0215911 8.21226 0.00383639</i>
                        <i>1 0.000388149 0 -0.000388149 1 9.21027e-006 3.57496e-009 -9.21027e-006 1 -0.0251133 8.22921 0.000763464</i>
                        <i>1 0.000187158 0 -0.000187158 1 5.49024e-005 1.02754e-008 -5.49024e-005 1 -0.0304581 8.23604 0.00514183</i>
                        <i>1 0.000220291 0 -0.000220291 1 6.07924e-005 1.3392e-008 -6.07924e-005 1 -0.0288914 8.2304 0.0122875</i>
                        <i>1 5.52255e-005 0 -5.52255e-005 1 6.8181e-005 3.76533e-009 -6.8181e-005 1 -0.0289582 8.21293 0.0154518</i>
                        <i>1 -0.000197205 4.1359e-025 0.000197205 1 -3.40594e-005 6.71667e-009 3.40594e-005 1 -0.0281729 8.20004 0.0120594</i>
                        <i>1 -5.97821e-005 -1.03398e-025 5.97821e-005 1 -2.66934e-005 1.59579e-009 2.66934e-005 1 -0.0239349 8.20816 0.0108062</i>
                        <i>1 -0.000205802 0 0.000205802 1 0.000191755 -3.94637e-008 -0.000191755 1 -0.0212815 8.22272 0.0197333</i>
                        <i>1 -0.000300093 0 0.000300093 1 0.00022 -6.60203e-008 -0.00022 1 -0.0168798 8.20513 0.0181794</i>
                        <i>1 -0.000563521 6.61744e-024 0.000563521 1 0.000176399 -9.94044e-008 -0.000176399 1 -0.0114757 8.18382 0.0067544</i>
                        <i>1 -0.000384216 -6.61744e-024 0.000384216 1 0.000203403 -7.81507e-008 -0.000203403 1 -0.00907419 8.19508 0.00335717</i>
                        <i>1 0.00018123 0 -0.00018123 1 0.000354519 6.42497e-008 -0.000354519 1 -0.00894969 8.22033 0.0116468</i>
                        <i>1 0.000263716 1.32349e-023 -0.000263716 1 0.00050532 1.33261e-007 -0.00050532 1 -0.0106474 8.21535 0.0146812</i>
                        <i>1 5.56688e-005 1.65436e-024 -5.56688e-005 1 0.000496573 2.76436e-008 -0.000496573 1 -0.00843482 8.20862 0.015326</i>
                        <i>1 5.09346e-005 0 -5.09346e-005 1 0.000408602 2.0812e-008 -0.000408602 1 -0.00716752 8.2331 0.00960645</i>
                        <i>1 0.000376269 -6.61744e-024 -0.000376269 1 0.000158587 5.96713e-008 -0.000158587 1 -0.00735626 8.22723 -0.0055339</i>
                        <i>1 0.000455154 0 -0.000455154 1 -9.53426e-005 -4.33956e-008 9.53426e-005 1 -0.00965384 8.23221 -0.0158965</i>
                        <i>1 0.000464554 -6.61744e-024 -0.000464554 1 -0.000223693 -1.03918e-007 0.000223693 1 -0.0179992 8.23661 -0.0169659</i>
                        <i>1 0.000511941 0 -0.000511941 1 -0.000116533 -5.9658e-008 0.000116533 1 -0.0203466 8.23796 -0.0052713</i>
                        <i>1 0.000620382 0 -0.000620382 1 9.8189e-005 6.09147e-008 -9.8189e-005 1 -0.0182114 8.22772 0.0083915</i>
                        <i>1 0.000356006 0 -0.000356006 1 0.000142964 5.08958e-008 -0.000142964 1 -0.0187109 8.20015 0.00523611</i>
                        <i>1 -0.000102422 1.65436e-024 0.000102422 1 0.000180612 -1.84987e-008 -0.000180612 1 -0.0180607 8.20254 -0.010276</i>
                        <i>1 -0.000568241 0 0.000568241 1 4.59763e-005 -2.61256e-008 -4.59763e-005 1 -0.0180468 8.20021 -0.0111915</i>
                        <i>1 -0.000857045 -1.32349e-023 0.000857045 1 0.000144503 -1.23845e-007 -0.000144503 1 -0.0200507 8.18996 -0.00535086</i>
                        <i>1 -0.000396718 -6.61744e-024 0.000396718 1 0.000208298 -8.26356e-008 -0.000208298 1 -0.021214 8.18462 -0.00253573</i>
                        <i>1 0.000277242 1.65436e-024 -0.000277242 1 9.6128e-005 2.66507e-008 -9.6128e-005 1 -0.0204429 8.1834 -0.00844846</i>
                        <i>1 0.000617638 0 -0.000617638 1 1.45026e-005 8.95735e-009 -1.45026e-005 1 -0.0228266 8.18203 -0.00151142</i>
                        <i>1 0.000422843 0 -0.000422843 1 -4.3043e-005 -1.82004e-008 4.3043e-005 1 -0.0226946 8.18517 0.0104302</i>
                        <i>1 0.000395406 0 -0.000395406 1 -0.00022639 -8.95161e-008 0.00022639 1 -0.0245413 8.18835 0.0183427</i>
                        <i>1 0.00041266 0 -0.00041266 1 -0.000357701 -1.47609e-007 0.000357701 1 -0.0240881 8.18271 0.0202639</i>
                        <i>1 0.000520061 0 -0.000520061 1 -0.000447966 -2.3297e-007 0.000447966 1 -0.0269698 8.17473 0.0163562</i>
                        <i>1 0.000681265 0 -0.000681265 1 -0.000412716 -2.81169e-007 0.000412716 1 -0.0332329 8.19145 0.00950104</i>
                        <i>1 0.000732957 0 -0.000732957 1 -0.000411748 -3.01793e-007 0.000411747 1 -0.0359829 8.21327 -0.00660291</i>
                        <i>1 0.000353492 0 -0.000353492 1 -0.000360688 -1.275e-007 0.000360688 1 -0.0389309 8.23659 -0.0181149</i>
                        <i>1 0.000219269 6.61744e-024 -0.000219269 1 -0.000365068 -8.00481e-008 0.000365068 1 -0.0386383 8.21305 -0.0125515</i>
                        <i>1 0.000164489 0 -0.000164489 1 -0.000258553 -4.25292e-008 0.000258553 1 -0.0358274 8.19466 -0.00310679</i>
                        <i>1 -0.000295801 0 0.000295801 1 -1.7291e-006 5.1147e-010 1.7291e-006 1 -0.0330463 8.20458 0.00439883</i>
                        <i>1 -0.000284631 0 0.000284631 1 0.000150537 -4.28473e-008 -0.000150537 1 -0.027499 8.20737 0.00470625</i>
                        <i>1 0.000113723 -4.1359e-025 -0.000113723 1 3.72364e-005 4.23463e-009 -3.72364e-005 1 -0.0273009 8.18813 -0.00160622</i>
                        <i>1 0.000366631 0 -0.000366631 1 -0.000259908 -9.52903e-008 0.000259908 1 -0.0303016 8.17002 -0.00771506</i>
                        <i>1 0.000119254 0 -0.000119254 1 -0.000464202 -5.5358e-008 0.000464202 1 -0.0334985 8.1643 -0.00467966</i>
                        <i>1 -6.01679e-005 0 6.01679e-005 1 -0.000525709 3.16308e-008 0.000525709 1 -0.0358562 8.17565 0.000866699</i>
                        <i>1 0.000308297 -1.32349e-023 -0.000308297 1 -0.000492199 -1.51743e-007 0.000492199 1 -0.0340332 8.19697 0.000772052</i>
                        <i>1 0.000485644 0 -0.000485644 1 -0.000340674 -1.65446e-007 0.000340674 1 -0.0324799 8.20322 -0.00484319</i>
                        <i>1 0.000397188 -6.61744e-024 -0.000397188 1 -0.000191388 -7.60169e-008 0.000191388 1 -0.0290872 8.20289 -0.00920757</i>
                        <i>1 0.000178255 4.1359e-025 -0.000178255 1 -2.45837e-005 -4.38216e-009 2.45837e-005 1 -0.0247539 8.21007 -0.0101274</i>
                        <i>1 -7.8437e-005 0 7.8437e-005 1 8.84699e-005 -6.93931e-009 -8.84699e-005 1 -0.020861 8.19553 -0.0119942</i>
                        <i>1 -0.000310399 0 0.000310399 1 0.000113017 -3.50803e-008 -0.000113017 1 -0.0162004 8.17754 -0.0141137</i>
                        <i>1 -0.00026575 0 0.00026575 1 0.000131703 -3.5e-008 -0.000131703 1 -0.0158499 8.18609 -0.0144856</i>
                        <i>1 -7.04081e-005 -1.65436e-024 7.04081e-005 1 0.000217063 -1.5283e-008 -0.000217063 1 -0.0173923 8.20165 -0.0105998</i>
                        <i>1 0.000270206 0 -0.000270206 1 0.000306328 8.27716e-008 -0.000306328 1 -0.0207279 8.20613 -0.00859917</i>
                        <i>1 0.000425256 0 -0.000425256 1 0.000236929 1.00755e-007 -0.000236929 1 -0.0263613 8.20723 -0.00776938</i>
                        <i>1 0.000456966 0 -0.000456966 1 0.000206064 9.4164e-008 -0.000206064 1 -0.0291229 8.23278 -0.00791003</i>
                        <i>1 0.000393599 0 -0.000393599 1 -2.83604e-005 -1.11626e-008 2.83604e-005 1 -0.0266128 8.23592 -0.012389</i>
                        <i>1 0.000238515 0 -0.000238515 1 -6.55376e-005 -1.56317e-008 6.55376e-005 1 -0.0208974 8.2174 -0.0280204</i>
                        <i>1 0.000475127 0 -0.000475127 1 0.000100394 4.76997e-008 -0.000100393 1 -0.0177261 8.21684 -0.0280872</i>
                        <i>1 0.000726392 -1.32349e-023 -0.000726392 1 0.000241076 1.75116e-007 -0.000241076 1 -0.015494 8.22738 -0.0197893</i>
                        <i>1 0.000750505 -1.32349e-023 -0.000750505 1 0.000244936 1.83826e-007 -0.000244936 1 -0.0207265 8.22287 -0.00766841</i>
                        <i>1 0.000138351 0 -0.000138351 1 0.000190286 2.63264e-008 -0.000190286 1 -0.0255538 8.23286 0.00190462</i>
                        <i>1 -0.000302478 0 0.000302478 1 0.000121812 -3.68455e-008 -0.000121812 1 -0.0293441 8.23006 0.00744828</i>
                        <i>1 -0.000617925 0 0.000617925 1 0.000224668 -1.38828e-007 -0.000224668 1 -0.0264678 8.2099 0.00913411</i>
                        <i>1 -0.000677571 0 0.000677571 1 9.68808e-005 -6.56436e-008 -9.68808e-005 1 -0.0213269 8.17371 0.00944484</i>
                        <i>1 -0.000563833 -3.30872e-024 0.000563833 1 -4.86408e-005 2.74253e-008 4.86408e-005 1 -0.0195974 8.1617 0.0138141</i>
                        <i>1 -0.000249631 0 0.000249631 1 -0.000136214 3.40033e-008 0.000136214 1 -0.0201806 8.1964 0.0125618</i>
                        <i>1 -0.000320087 0 0.000320087 1 -2.22838e-005 7.13275e-009 2.22838e-005 1 -0.0253762 8.21635 0.00909025</i>
                        <i>1 -0.000471436 0 0.000471436 1 3.05157e-005 -1.43862e-008 -3.05157e-005 1 -0.0287211 8.20607 0.0128898</i>
                        <i>1 -0.000355756 1.65436e-024 0.000355756 1 7.66639e-005 -2.72737e-008 -7.66639e-005 1 -0.0266666 8.19834 0.012362</i>
                        <i>1 -0.000525889 -3.30872e-024 0.000525889 1 6.0904e-005 -3.20288e-008 -6.0904e-005 1 -0.0290449 8.20312 0.00602174</i>
                        <i>1 -0.000419745 0 0.000419745 1 -3.91923e-005 1.64508e-008 3.91923e-005 1 -0.0279047 8.20318 -0.00515999</i>
                        <i>1 -5.21582e-005 0 5.21582e-005 1 5.42524e-005 -2.82971e-009 -5.42524e-005 1 -0.0260264 8.21597 -0.00925138</i>
                        <i>1 2.11828e-005 0 -2.11828e-005 1 0.000176806 3.74524e-009 -0.000176806 1 -0.0260321 8.21753 -0.00961405</i>
                        <i>1 9.23697e-005 0 -9.23697e-005 1 4.58251e-005 4.23285e-009 -4.58251e-005 1 -0.0245013 8.21742 -0.0220669</i>
                        <i>1 7.009e-005 4.1359e-025 -7.009e-005 1 -8.19255e-005 -5.74216e-009 8.19255e-005 1 -0.0251357 8.20894 -0.0327063</i>
                        <i>1 0.000551539 6.61744e-024 -0.000551539 1 -0.000132448 -7.30504e-008 0.000132448 1 -0.0300428 8.22716 -0.0275153</i>
                        <i>1 0.000953655 0 -0.000953655 1 -6.63887e-005 -6.33119e-008 6.63886e-005 1 -0.0361614 8.23403 -0.0153678</i>
                        <i>1 0.000837223 -1.65436e-024 -0.000837223 1 3.09516e-005 2.59134e-008 -3.09516e-005 1 -0.0373282 8.23603 -0.00722439</i>
                        <i>1 0.000710092 0 -0.000710092 1 0.000121999 8.66308e-008 -0.000121999 1 -0.0319127 8.1892 0.000233245</i>
                        <i>1 0.000952328 1.32349e-023 -0.000952328 1 0.000225654 2.14896e-007 -0.000225654 1 -0.0243969 8.17586 0.000453782</i>
                        <i>0.999999 0.00122701 0 -0.001227 0.999999 0.000237691 2.91648e-007 -0.000237691 1 -0.0169664 8.19114 -0.00331367</i>
                        <i>0.999999 0.00123143 0 -0.00123143 0.999999 0.000205445 2.5299e-007 -0.000205445 1 -0.0170314 8.19788 -0.00347405</i>
                        <i>0.999999 0.00118695 0 -0.00118695 0.999999 0.000257355 3.05469e-007 -0.000257355 1 -0.0196199 8.18232 0.00387952</i>
                        <i>0.999999 0.00120224 0 -0.00120224 0.999999 0.000411124 4.9427e-007 -0.000411123 1 -0.0173951 8.17296 0.0162139</i>
                        <i>1 0.000998388 0 -0.000998388 0.999999 0.00043581 4.35107e-007 -0.00043581 1 -0.0165168 8.17219 0.0195083</i>
                        <i>1 0.000450885 0 -0.000450885 1 0.000408865 1.84351e-007 -0.000408865 1 -0.016802 8.20104 0.00619235</i>
                        <i>1 -0.000185618 0 0.000185618 1 0.00022512 -4.17863e-008 -0.00022512 1 -0.0168537 8.22572 -0.000261917</i>
                        <i>1 -0.00084558 6.61744e-024 0.00084558 1 0.000132162 -1.11754e-007 -0.000132162 1 -0.0190813 8.23736 0.00786266</i>
                        <i>1 -0.000883102 0 0.000883102 1 0.000204277 -1.80398e-007 -0.000204277 1 -0.0217404 8.22813 0.0170925</i>
                        <i>1 -0.000359996 0 0.000359996 1 0.00017495 -6.29815e-008 -0.00017495 1 -0.0200012 8.21842 0.0108995</i>
                        <i>1 0.000182358 0 -0.000182358 1 0.000133359 2.43192e-008 -0.000133359 1 -0.0199491 8.2052 0.00564636</i>
                        <i>1 0.000134513 0 -0.000134513 1 0.000236313 3.17872e-008 -0.000236313 1 -0.0169124 8.20297 0.00668404</i>
                        <i>1 4.07241e-005 -8.27181e-025 -4.07241e-005 1 0.000191695 7.80662e-009 -0.000191695 1 -0.0154606 8.21982 0.00852232</i>
                        <i>1 -6.62019e-007 0 6.62019e-007 1 0.000119373 -7.90273e-011 -0.000119373 1 -0.0130545 8.21208 0.00977982</i>
                        <i>1 4.88355e-005 1.03398e-025 -4.88355e-005 1 -1.97669e-005 -9.65328e-010 1.97669e-005 1 -0.0111644 8.19008 0.00737198</i>
                        <i>1 9.91574e-005 0 -9.91574e-005 1 -3.04164e-005 -3.01601e-009 3.04164e-005 1 -0.015788 8.18521 0.00675807</i>
                        <i>1 0.000270158 -3.30872e-024 -0.000270158 1 -0.000114176 -3.08455e-008 0.000114176 1 -0.0194773 8.21536 -0.000508337</i>
                        <i>1 1.4896e-005 -2.06795e-025 -1.4896e-005 1 -0.000151558 -2.25762e-009 0.000151558 1 -0.0233665 8.21817 -0.0142807</i>
                        <i>1 -0.000351365 0 0.000351365 1 -0.000264687 9.30016e-008 0.000264687 1 -0.0287967 8.2069 -0.0111955</i>
                        <i>1 -0.000246096 0 0.000246096 1 -0.000380637 9.36733e-008 0.000380637 1 -0.0292745 8.22802 0.000842867</i>
                        <i>1 -0.000455307 0 0.000455306 1 -0.000242824 1.10559e-007 0.000242824 1 -0.0303483 8.22946 0.0121674</i>
                        <i>1 -0.000542789 0 0.000542789 1 2.60842e-005 -1.41582e-008 -2.60842e-005 1 -0.0249424 8.22976 0.0176321</i>
                        <i>1 0.000212699 0 -0.000212699 1 0.000159845 3.39988e-008 -0.000159845 1 -0.0187394 8.23531 0.0129352</i>
                        <i>1 0.000998174 0 -0.000998174 1 0.000114061 1.13853e-007 -0.000114061 1 -0.0172804 8.23835 0.00372936</i>
                        <i>0.999999 0.00135062 -1.32349e-023 -0.00135062 0.999999 -9.4636e-005 -1.27818e-007 9.46359e-005 1 -0.0175556 8.23448 -0.00259462</i>
                        <i>1 0.00093851 0 -0.00093851 1 -0.000224354 -2.10558e-007 0.000224354 1 -0.0207735 8.20792 -0.000326681</i>
                        <i>1 0.000811975 -2.64698e-023 -0.000811975 1 -0.000380661 -3.09087e-007 0.000380661 1 -0.0234661 8.20076 -0.00337246</i>
                        <i>1 0.00076644 0 -0.00076644 1 -0.000503214 -3.85683e-007 0.000503214 1 -0.0246562 8.20197 -0.011808</i>
                        <i>1 0.000464715 -2.64698e-023 -0.000464715 1 -0.000523996 -2.43509e-007 0.000523996 1 -0.0270992 8.19764 -0.0191324</i>
                        <i>1 0.000213824 0 -0.000213824 1 -0.000540481 -1.15568e-007 0.000540481 1 -0.0261149 8.1837 -0.0173995</i>
                        <i>1 3.29739e-005 -1.65436e-024 -3.29739e-005 1 -0.000504989 -1.66515e-008 0.000504989 1 -0.0255723 8.17917 -0.00920773</i>
                        <i>1 -4.07603e-005 0 4.07603e-005 1 -0.00052501 2.13996e-008 0.00052501 1 -0.024105 8.18444 -0.000276232</i>
                        <i>1 -0.000130766 -1.32349e-023 0.000130766 1 -0.000535865 7.00727e-008 0.000535865 1 -0.021783 8.18257 0.00470376</i>
                        <i>1 -8.30269e-005 0 8.30269e-005 1 -0.000444152 3.68766e-008 0.000444152 1 -0.0222602 8.18945 0.00735483</i>
                        <i>1 -7.30613e-005 -1.65436e-024 7.30612e-005 1 -0.000231272 1.6897e-008 0.000231272 1 -0.0217654 8.18218 0.00701531</i>
                        <i>1 -8.73111e-005 4.1359e-025 8.73111e-005 1 -7.62001e-005 6.65311e-009 7.62001e-005 1 -0.0232523 8.1773 0.00118116</i>
                        <i>1 -0.000200099 8.27181e-025 0.000200099 1 -7.04937e-005 1.41057e-008 7.04937e-005 1 -0.0271313 8.18068 -0.00208721</i>
                        <i>1 -0.000259146 0 0.000259146 1 -0.000162664 4.21536e-008 0.000162664 1 -0.0284234 8.20746 -0.00430995</i>
                        <i>1 -0.000309789 0 0.000309789 1 -0.00039587 1.22637e-007 0.00039587 1 -0.0270859 8.22801 -0.0124655</i>
                    </KeyFrames>
                </p>
            </i>
            <i>
                <p>
                    <Name><![CDATA[plow]]></Name>
                    <Exclude>0</Exclude>
                    <Additive>0</Additive>
                    <IKPriority>0</IKPriority>
                    <IKRotLimits>-1e+010 -1e+010 -1e+010 1e+010 1e+010 1e+010</IKRotLimits>
                    <IKRotLimitOrder>0</IKRotLimitOrder>
                    <KeyFrames count="121">
                        <i>1 0.00010148 0 -6.35695e-005 0.626426 -0.779481 -7.91014e-005 0.779481 0.626426 -0.0315932 9.75048 16.3599</i>
                        <i>1 -0.00014242 3.30872e-024 8.92206e-005 0.626461 -0.779453 0.00011101 0.779453 0.626461 -0.0301006 9.73141 16.3595</i>
                        <i>1 -0.000214466 0 0.00013445 0.626904 -0.779096 0.00016709 0.779096 0.626904 -0.0244797 9.72507 16.3564</i>
                        <i>1 -0.000113215 1.65436e-024 7.11305e-005 0.62828 -0.777988 8.80797e-005 0.777988 0.62828 -0.0216298 9.73415 16.3566</i>
                        <i>1 0.000228693 0 -0.000144104 0.630121 -0.776497 -0.000177579 0.776497 0.630121 -0.0219476 9.77106 16.3574</i>
                        <i>1 0.000388149 0 -0.000245369 0.63215 -0.774846 -0.000300756 0.774846 0.63215 -0.0257183 9.78794 16.3543</i>
                        <i>1 0.000187158 0 -0.000118644 0.633927 -0.773393 -0.000144746 0.773393 0.633927 -0.0307497 9.79403 16.3588</i>
                        <i>1 0.000220291 0 -0.000139928 0.635196 -0.772351 -0.000170142 0.772351 0.635196 -0.0292346 9.78829 16.3659</i>
                        <i>1 5.52255e-005 0 -3.51245e-005 0.63602 -0.771672 -4.2616e-005 0.771672 0.63602 -0.0290442 9.7707 16.3691</i>
                        <i>1 -0.000197205 4.1359e-025 0.000125484 0.636315 -0.77143 0.000152129 0.77143 0.636315 -0.0278654 9.75948 16.3656</i>
                        <i>1 -5.97821e-005 -1.03398e-025 3.80142e-005 0.635879 -0.771788 4.61391e-005 0.771788 0.635879 -0.0238417 9.76748 16.3643</i>
                        <i>1 -0.000205802 0 0.000130622 0.634695 -0.772763 0.000159036 0.772763 0.634695 -0.0209614 9.77847 16.3736</i>
                        <i>1 -0.000300093 0 0.000190123 0.633547 -0.773704 0.000232183 0.773704 0.633547 -0.0164131 9.76042 16.3721</i>
                        <i>1 -0.000563521 6.61744e-024 0.000356659 0.632911 -0.774225 0.000436292 0.774225 0.632911 -0.0105989 9.73982 16.3606</i>
                        <i>1 -0.000384216 -6.61744e-024 0.000243054 0.632596 -0.774482 0.000297569 0.774482 0.632596 -0.00847652 9.75064 16.3572</i>
                        <i>1 0.00018123 0 -0.000114634 0.632533 -0.774533 -0.000140369 0.774533 0.632533 -0.00923116 9.77342 16.3658</i>
                        <i>1 0.000263716 1.32349e-023 -0.000166792 0.632467 -0.774588 -0.000204271 0.774588 0.632467 -0.0110563 9.76597 16.369</i>
                        <i>1 5.56688e-005 1.65436e-024 -3.51918e-005 0.632164 -0.774835 -4.31341e-005 0.774835 0.632164 -0.00852115 9.75938 16.3697</i>
                        <i>1 5.09346e-005 0 -3.2147e-005 0.631142 -0.775667 -3.95083e-005 0.775667 0.631142 -0.00724658 9.7853 16.3638</i>
                        <i>1 0.000376269 -6.61744e-024 -0.000236827 0.629407 -0.777076 -0.00029239 0.777076 0.629407 -0.00794184 9.78352 16.3483</i>
                        <i>1 0.000455154 0 -0.000286021 0.628405 -0.777886 -0.000354058 0.777886 0.628405 -0.0103641 9.79266 16.3375</i>
                        <i>1 0.000464554 -6.61744e-024 -0.000291948 0.628447 -0.777852 -0.000361355 0.777852 0.628447 -0.0187251 9.79915 16.3363</i>
                        <i>1 0.000511941 0 -0.000322206 0.629381 -0.777097 -0.000397828 0.777096 0.629381 -0.0211456 9.79875 16.3481</i>
                        <i>1 0.000620382 0 -0.000391369 0.630851 -0.775904 -0.000481357 0.775903 0.630852 -0.0191775 9.785 16.3621</i>
                        <i>1 0.000356006 0 -0.00022486 0.631618 -0.77528 -0.000276004 0.77528 0.631618 -0.019265 9.75669 16.359</i>
                        <i>1 -0.000102422 1.65436e-024 6.47201e-005 0.631897 -0.775052 7.93822e-005 0.775052 0.631897 -0.0179013 9.75847 16.3436</i>
                        <i>1 -0.000568241 0 0.000359376 0.632436 -0.774612 0.000440167 0.774612 0.632436 -0.0171614 9.75834 16.3424</i>
                        <i>1 -0.000857045 -1.32349e-023 0.00054283 0.633373 -0.773846 0.000663221 0.773846 0.633374 -0.0187167 9.74648 16.3484</i>
                        <i>1 -0.000396718 -6.61744e-024 0.000251364 0.633608 -0.773654 0.000306922 0.773654 0.633609 -0.0205969 9.7401 16.3514</i>
                        <i>1 0.000277242 1.65436e-024 -0.000175565 0.633256 -0.773942 -0.000214569 0.773942 0.633256 -0.0208746 9.74071 16.3453</i>
                        <i>1 0.000617638 0 -0.000391167 0.633327 -0.773884 -0.00047798 0.773884 0.633327 -0.0237893 9.74067 16.3521</i>
                        <i>1 0.000422843 0 -0.000267956 0.6337 -0.773579 -0.000327102 0.773579 0.6337 -0.0233541 9.74476 16.3639</i>
                        <i>1 0.000395406 0 -0.000250628 0.633848 -0.773457 -0.00030583 0.773457 0.633848 -0.0251592 9.75093 16.3716</i>
                        <i>1 0.00041266 0 -0.000261673 0.634113 -0.77324 -0.000319085 0.77324 0.634113 -0.0247338 9.74744 16.3733</i>
                        <i>1 0.000520061 0 -0.000330211 0.634947 -0.772556 -0.000401776 0.772556 0.634947 -0.0277843 9.74094 16.3692</i>
                        <i>1 0.000681265 0 -0.000433067 0.635681 -0.771952 -0.000525903 0.771951 0.635681 -0.0342995 9.75708 16.3624</i>
                        <i>1 0.000732957 0 -0.00046533 0.634867 -0.772622 -0.000566298 0.772621 0.634867 -0.0371304 9.77888 16.3463</i>
                        <i>1 0.000353492 0 -0.000223751 0.632972 -0.774174 -0.000273665 0.774174 0.632972 -0.0394841 9.80137 16.3349</i>
                        <i>1 0.000219269 6.61744e-024 -0.000138263 0.630564 -0.776138 -0.000170183 0.776137 0.630564 -0.0389815 9.77791 16.3404</i>
                        <i>1 0.000164489 0 -0.000103341 0.628252 -0.77801 -0.000127974 0.77801 0.628252 -0.0360845 9.75778 16.3501</i>
                        <i>1 -0.000295801 0 0.000185372 0.62668 -0.779277 0.000230511 0.779277 0.62668 -0.0325852 9.7635 16.358</i>
                        <i>1 -0.000284631 0 0.000178158 0.625926 -0.779883 0.000221979 0.779883 0.625926 -0.027056 9.76379 16.3585</i>
                        <i>1 0.000113723 -4.1359e-025 -7.12082e-005 0.626155 -0.779699 -8.86696e-005 0.779699 0.626155 -0.0274781 9.74641 16.352</i>
                        <i>1 0.000366631 0 -0.000229744 0.626635 -0.779313 -0.00028572 0.779313 0.626635 -0.0308747 9.73316 16.3454</i>
                        <i>1 0.000119254 0 -7.47579e-005 0.626878 -0.779117 -9.2913e-005 0.779117 0.626878 -0.0336854 9.73077 16.3482</i>
                        <i>1 -6.01679e-005 0 3.77448e-005 0.627325 -0.778758 4.68562e-005 0.778758 0.627325 -0.0357619 9.74313 16.3536</i>
                        <i>1 0.000308297 -1.32349e-023 -0.000193681 0.628229 -0.778028 -0.000239863 0.778028 0.628229 -0.0345163 9.7639 16.3536</i>
                        <i>1 0.000485644 0 -0.000305524 0.629111 -0.777315 -0.000377498 0.777315 0.629111 -0.0332397 9.76768 16.3482</i>
                        <i>1 0.000397188 -6.61744e-024 -0.000250055 0.629563 -0.776949 -0.000308595 0.776949 0.629563 -0.0297076 9.7649 16.3441</i>
                        <i>1 0.000178255 4.1359e-025 -0.000112217 0.62953 -0.776976 -0.0001385 0.776976 0.62953 -0.0250318 9.76935 16.3434</i>
                        <i>1 -7.8437e-005 0 4.93331e-005 0.628952 -0.777444 6.09804e-005 0.777444 0.628952 -0.0207388 9.75296 16.3417</i>
                        <i>1 -0.000310399 0 0.000195171 0.628775 -0.777587 0.000241362 0.777587 0.628775 -0.0157171 9.73458 16.3396</i>
                        <i>1 -0.00026575 0 0.000167288 0.629492 -0.777007 0.00020649 0.777007 0.629492 -0.0154362 9.74282 16.3393</i>
                        <i>1 -7.04081e-005 -1.65436e-024 4.44198e-005 0.630891 -0.775872 5.46276e-005 0.775872 0.630891 -0.0172828 9.75699 16.3433</i>
                        <i>1 0.000270206 0 -0.000170976 0.632761 -0.774347 -0.000209233 0.774347 0.632761 -0.0211478 9.76001 16.3454</i>
                        <i>1 0.000425256 0 -0.000269683 0.634166 -0.773197 -0.000328806 0.773197 0.634166 -0.0270226 9.76224 16.3462</i>
                        <i>1 0.000456966 0 -0.000290147 0.634943 -0.772559 -0.000353033 0.772559 0.634943 -0.0298337 9.78829 16.346</i>
                        <i>1 0.000393599 0 -0.000249673 0.634333 -0.77306 -0.000304275 0.773059 0.634333 -0.0272266 9.79527 16.3411</i>
                        <i>1 0.000238515 0 -0.000150893 0.632633 -0.774452 -0.000184719 0.774452 0.632633 -0.0212695 9.77736 16.3254</i>
                        <i>1 0.000475127 0 -0.000299901 0.631201 -0.775619 -0.000368518 0.775619 0.631201 -0.018466 9.77408 16.3256</i>
                        <i>1 0.000726392 -1.32349e-023 -0.000457769 0.630195 -0.776437 -0.000563998 0.776437 0.630195 -0.0166235 9.78232 16.3342</i>
                        <i>1 0.000750505 -1.32349e-023 -0.000472513 0.629593 -0.776925 -0.000583086 0.776925 0.629593 -0.0218935 9.77774 16.3463</i>
                        <i>1 0.000138351 0 -8.70697e-005 0.629337 -0.777132 -0.000107517 0.777132 0.629337 -0.025769 9.78863 16.3558</i>
