<?xml version="1.0" encoding="ISO-8859-1" ?>
<Animl Version="1">
    <ModellingPackage><![CDATA[Maya.2010]]></ModellingPackage>
    <SrcFile><![CDATA[anims\bosses\red\~src\boss_beetle\boss_beetle_forward_3.mb]]></SrcFile>
    <FramesPerSecond>30</FramesPerSecond>
    <TotalFrames>121</TotalFrames>
    <Skeleton>
        <RefFrame>
            <Name><![CDATA[boss_beetle_ref_frame]]></Name>
            <Exclude>0</Exclude>
            <Additive>0</Additive>
            <IKPriority>0</IKPriority>
            <IKRotLimits>-1e+010 -1e+010 -1e+010 1e+010 1e+010 1e+010</IKRotLimits>
            <IKRotLimitOrder>0</IKRotLimitOrder>
            <KeyFrames count="121">
                <i>1 0 0 0 1 0 0 0 1 0 0 0</i>
                <i>1 0 0 0 1 0 0 0 1 0 0 0</i>
                <i>1 0 0 0 1 0 0 0 1 0 0 0</i>
                <i>1 0 0 0 1 0 0 0 1 0 0 0</i>
                <i>1 0 0 0 1 0 0 0 1 0 0 0</i>
                <i>1 0 0 0 1 0 0 0 1 0 0 0</i>
                <i>1 0 0 0 1 0 0 0 1 0 0 0</i>
                <i>1 0 0 0 1 0 0 0 1 0 0 0</i>
                <i>1 0 0 0 1 0 0 0 1 0 0 0</i>
                <i>1 0 0 0 1 0 0 0 1 0 0 0</i>
                <i>1 0 0 0 1 0 0 0 1 0 0 0</i>
                <i>1 0 0 0 1 0 0 0 1 0 0 0</i>
                <i>1 0 0 0 1 0 0 0 1 0 0 0</i>
                <i>1 0 0 0 1 0 0 0 1 0 0 0</i>
                <i>1 0 0 0 1 0 0 0 1 0 0 0</i>
                <i>1 0 0 0 1 0 0 0 1 0 0 0</i>
                <i>1 0 0 0 1 0 0 0 1 0 0 0</i>
                <i>1 0 0 0 1 0 0 0 1 0 0 0</i>
                <i>1 0 0 0 1 0 0 0 1 0 0 0</i>
                <i>1 0 0 0 1 0 0 0 1 0 0 0</i>
                <i>1 0 0 0 1 0 0 0 1 0 0 0</i>
                <i>1 0 0 0 1 0 0 0 1 0 0 0</i>
                <i>1 0 0 0 1 0 0 0 1 0 0 0</i>
                <i>1 0 0 0 1 0 0 0 1 0 0 0</i>
                <i>1 0 0 0 1 0 0 0 1 0 0 0</i>
                <i>1 0 0 0 1 0 0 0 1 0 0 0</i>
                <i>1 0 0 0 1 0 0 0 1 0 0 0</i>
                <i>1 0 0 0 1 0 0 0 1 0 0 0</i>
                <i>1 0 0 0 1 0 0 0 1 0 0 0</i>
                <i>1 0 0 0 1 0 0 0 1 0 0 0</i>
                <i>1 0 0 0 1 0 0 0 1 0 0 0</i>
                <i>1 0 0 0 1 0 0 0 1 0 0 0</i>
                <i>1 0 0 0 1 0 0 0 1 0 0 0</i>
                <i>1 0 0 0 1 0 0 0 1 0 0 0</i>
                <i>1 0 0 0 1 0 0 0 1 0 0 0</i>
                <i>1 0 0 0 1 0 0 0 1 0 0 0</i>
                <i>1 0 0 0 1 0 0 0 1 0 0 0</i>
                <i>1 0 0 0 1 0 0 0 1 0 0 0</i>
                <i>1 0 0 0 1 0 0 0 1 0 0 0</i>
                <i>1 0 0 0 1 0 0 0 1 0 0 0</i>
                <i>1 0 0 0 1 0 0 0 1 0 0 0</i>
                <i>1 0 0 0 1 0 0 0 1 0 0 0</i>
                <i>1 0 0 0 1 0 0 0 1 0 0 0</i>
                <i>1 0 0 0 1 0 0 0 1 0 0 0</i>
                <i>1 0 0 0 1 0 0 0 1 0 0 0</i>
                <i>1 0 0 0 1 0 0 0 1 0 0 0</i>
                <i>1 0 0 0 1 0 0 0 1 0 0 0</i>
                <i>1 0 0 0 1 0 0 0 1 0 0 0</i>
                <i>1 0 0 0 1 0 0 0 1 0 0 0</i>
                <i>1 0 0 0 1 0 0 0 1 0 0 0</i>
                <i>1 0 0 0 1 0 0 0 1 0 0 0</i>
                <i>1 0 0 0 1 0 0 0 1 0 0 0</i>
                <i>1 0 0 0 1 0 0 0 1 0 0 0</i>
                <i>1 0 0 0 1 0 0 0 1 0 0 0</i>
                <i>1 0 0 0 1 0 0 0 1 0 0 0</i>
                <i>1 0 0 0 1 0 0 0 1 0 0 0</i>
                <i>1 0 0 0 1 0 0 0 1 0 0 0</i>
                <i>1 0 0 0 1 0 0 0 1 0 0 0</i>
                <i>1 0 0 0 1 0 0 0 1 0 0 0</i>
                <i>1 0 0 0 1 0 0 0 1 0 0 0</i>
                <i>1 0 0 0 1 0 0 0 1 0 0 0</i>
                <i>1 0 0 0 1 0 0 0 1 0 0 0</i>
                <i>1 0 0 0 1 0 0 0 1 0 0 0</i>
                <i>1 0 0 0 1 0 0 0 1 0 0 0</i>
                <i>1 0 0 0 1 0 0 0 1 0 0 0</i>
                <i>1 0 0 0 1 0 0 0 1 0 0 0</i>
                <i>1 0 0 0 1 0 0 0 1 0 0 0</i>
                <i>1 0 0 0 1 0 0 0 1 0 0 0</i>
                <i>1 0 0 0 1 0 0 0 1 0 0 0</i>
                <i>1 0 0 0 1 0 0 0 1 0 0 0</i>
                <i>1 0 0 0 1 0 0 0 1 0 0 0</i>
                <i>1 0 0 0 1 0 0 0 1 0 0 0</i>
                <i>1 0 0 0 1 0 0 0 1 0 0 0</i>
                <i>1 0 0 0 1 0 0 0 1 0 0 0</i>
                <i>1 0 0 0 1 0 0 0 1 0 0 0</i>
                <i>1 0 0 0 1 0 0 0 1 0 0 0</i>
                <i>1 0 0 0 1 0 0 0 1 0 0 0</i>
                <i>1 0 0 0 1 0 0 0 1 0 0 0</i>
                <i>1 0 0 0 1 0 0 0 1 0 0 0</i>
                <i>1 0 0 0 1 0 0 0 1 0 0 0</i>
                <i>1 0 0 0 1 0 0 0 1 0 0 0</i>
                <i>1 0 0 0 1 0 0 0 1 0 0 0</i>
                <i>1 0 0 0 1 0 0 0 1 0 0 0</i>
                <i>1 0 0 0 1 0 0 0 1 0 0 0</i>
                <i>1 0 0 0 1 0 0 0 1 0 0 0</i>
                <i>1 0 0 0 1 0 0 0 1 0 0 0</i>
                <i>1 0 0 0 1 0 0 0 1 0 0 0</i>
                <i>1 0 0 0 1 0 0 0 1 0 0 0</i>
                <i>1 0 0 0 1 0 0 0 1 0 0 0</i>
                <i>1 0 0 0 1 0 0 0 1 0 0 0</i>
                <i>1 0 0 0 1 0 0 0 1 0 0 0</i>
                <i>1 0 0 0 1 0 0 0 1 0 0 0</i>
                <i>1 0 0 0 1 0 0 0 1 0 0 0</i>
                <i>1 0 0 0 1 0 0 0 1 0 0 0</i>
                <i>1 0 0 0 1 0 0 0 1 0 0 0</i>
                <i>1 0 0 0 1 0 0 0 1 0 0 0</i>
                <i>1 0 0 0 1 0 0 0 1 0 0 0</i>
                <i>1 0 0 0 1 0 0 0 1 0 0 0</i>
                <i>1 0 0 0 1 0 0 0 1 0 0 0</i>
                <i>1 0 0 0 1 0 0 0 1 0 0 0</i>
                <i>1 0 0 0 1 0 0 0 1 0 0 0</i>
                <i>1 0 0 0 1 0 0 0 1 0 0 0</i>
                <i>1 0 0 0 1 0 0 0 1 0 0 0</i>
                <i>1 0 0 0 1 0 0 0 1 0 0 0</i>
                <i>1 0 0 0 1 0 0 0 1 0 0 0</i>
                <i>1 0 0 0 1 0 0 0 1 0 0 0</i>
                <i>1 0 0 0 1 0 0 0 1 0 0 0</i>
                <i>1 0 0 0 1 0 0 0 1 0 0 0</i>
                <i>1 0 0 0 1 0 0 0 1 0 0 0</i>
                <i>1 0 0 0 1 0 0 0 1 0 0 0</i>
                <i>1 0 0 0 1 0 0 0 1 0 0 0</i>
                <i>1 0 0 0 1 0 0 0 1 0 0 0</i>
                <i>1 0 0 0 1 0 0 0 1 0 0 0</i>
                <i>1 0 0 0 1 0 0 0 1 0 0 0</i>
                <i>1 0 0 0 1 0 0 0 1 0 0 0</i>
                <i>1 0 0 0 1 0 0 0 1 0 0 0</i>
                <i>1 0 0 0 1 0 0 0 1 0 0 0</i>
                <i>1 0 0 0 1 0 0 0 1 0 0 0</i>
                <i>1 0 0 0 1 0 0 0 1 0 0 0</i>
                <i>1 0 0 0 1 0 0 0 1 0 0 0</i>
                <i>1 0 0 0 1 0 0 0 1 0 0 0</i>
            </KeyFrames>
        </RefFrame>
        <Bones count="20">
            <i>
                <p>
                    <Name><![CDATA[boss_beetle_root]]></Name>
                    <Exclude>0</Exclude>
                    <Additive>0</Additive>
                    <IKPriority>0</IKPriority>
                    <IKRotLimits>-1e+010 -1e+010 -1e+010 1e+010 1e+010 1e+010</IKRotLimits>
                    <IKRotLimitOrder>0</IKRotLimitOrder>
                    <KeyFrames count="121">
                        <i>1 0 0 0 1 0 0 0 1 0 0.0489347 0</i>
                        <i>1 0 0 0 1 0 0 0 1 0 0.0348596 0</i>
                        <i>1 0 0 0 1 0 0 0 1 0 0.0285472 0</i>
                        <i>1 0 0 0 1 0 0 0 1 0 0.0350977 0</i>
                        <i>1 0 0 0 1 0 0 0 1 0 0.0396512 0</i>
                        <i>1 0 0 0 1 0 0 0 1 0 0.0429267 0</i>
                        <i>1 0 0 0 1 0 0 0 1 0 0.0505706 0</i>
                        <i>1 0 0 0 1 0 0 0 1 0 0.0534872 0</i>
                        <i>1 0 0 0 1 0 0 0 1 0 0.0558027 0</i>
                        <i>1 0 0 0 1 0 0 0 1 0 0.0495168 0</i>
                        <i>1 0 0 0 1 0 0 0 1 0 0.0425364 0</i>
                        <i>1 0 0 0 1 0 0 0 1 0 0.037634 0</i>
                        <i>1 0 0 0 1 0 0 0 1 0 0.0358679 0</i>
                        <i>1 0 0 0 1 0 0 0 1 0 0.0341869 0</i>
                        <i>1 0 0 0 1 0 0 0 1 0 0.0391706 0</i>
                        <i>1 0 0 0 1 0 0 0 1 0 0.0562827 0</i>
                        <i>1 0 0 0 1 0 0 0 1 0 0.0642321 0</i>
                        <i>1 0 0 0 1 0 0 0 1 0 0.0648522 0</i>
                        <i>1 0 0 0 1 0 0 0 1 0 0.0567986 0</i>
                        <i>1 0 0 0 1 0 0 0 1 0 0.0384651 0</i>
                        <i>1 0 0 0 1 0 0 0 1 0 0.0327767 0</i>
                        <i>1 0 0 0 1 0 0 0 1 0 0.043364 0</i>
                        <i>1 0 0 0 1 0 0 0 1 0 0.0433943 0</i>
                        <i>1 0 0 0 1 0 0 0 1 0 0.0341269 0</i>
                        <i>1 0 0 0 1 0 0 0 1 0 0.0317233 0</i>
                        <i>1 0 0 0 1 0 0 0 1 0 0.0245447 0</i>
                        <i>1 0 0 0 1 0 0 0 1 0 0.0229604 0</i>
                        <i>1 0 0 0 1 0 0 0 1 0 0.0293307 0</i>
                        <i>1 0 0 0 1 0 0 0 1 0 0.0356336 0</i>
                        <i>1 0 0 0 1 0 0 0 1 0 0.0464664 0</i>
                        <i>1 0 0 0 1 0 0 0 1 0 0.0514181 0</i>
                        <i>1 0 0 0 1 0 0 0 1 0 0.0496791 0</i>
                        <i>1 0 0 0 1 0 0 0 1 0 0.049542 0</i>
                        <i>1 0 0 0 1 0 0 0 1 0 0.0488139 0</i>
                        <i>1 0 0 0 1 0 0 0 1 0 0.0497488 0</i>
                        <i>1 0 0 0 1 0 0 0 1 0 0.0421183 0</i>
                        <i>1 0 0 0 1 0 0 0 1 0 0.0326877 0</i>
                        <i>1 0 0 0 1 0 0 0 1 0 0.0300378 0</i>
                        <i>1 0 0 0 1 0 0 0 1 0 0.0319224 0</i>
                        <i>1 0 0 0 1 0 0 0 1 0 0.037369 0</i>
                        <i>1 0 0 0 1 0 0 0 1 0 0.0479155 0</i>
                        <i>1 0 0 0 1 0 0 0 1 0 0.0532757 0</i>
                        <i>1 0 0 0 1 0 0 0 1 0 0.0517065 0</i>
                        <i>1 0 0 0 1 0 0 0 1 0 0.0493767 0</i>
                        <i>1 0 0 0 1 0 0 0 1 0 0.0504386 0</i>
                        <i>1 0 0 0 1 0 0 0 1 0 0.0490214 0</i>
                        <i>1 0 0 0 1 0 0 0 1 0 0.0471376 0</i>
                        <i>1 0 0 0 1 0 0 0 1 0 0.0403832 0</i>
                        <i>1 0 0 0 1 0 0 0 1 0 0.0313624 0</i>
                        <i>1 0 0 0 1 0 0 0 1 0 0.0291645 0</i>
                        <i>1 0 0 0 1 0 0 0 1 0 0.0325657 0</i>
                        <i>1 0 0 0 1 0 0 0 1 0 0.0376851 0</i>
                        <i>1 0 0 0 1 0 0 0 1 0 0.0468045 0</i>
                        <i>1 0 0 0 1 0 0 0 1 0 0.0503876 0</i>
                        <i>1 0 0 0 1 0 0 0 1 0 0.0464787 0</i>
                        <i>1 0 0 0 1 0 0 0 1 0 0.0501137 0</i>
                        <i>1 0 0 0 1 0 0 0 1 0 0.05097 0</i>
                        <i>1 0 0 0 1 0 0 0 1 0 0.055408 0</i>
                        <i>1 0 0 0 1 0 0 0 1 0 0.0686975 0</i>
                        <i>1 0 0 0 1 0 0 0 1 0 0.0717568 0</i>
                        <i>1 0 0 0 1 0 0 0 1 0 0.0692239 0</i>
                        <i>1 0 0 0 1 0 0 0 1 0 0.0673108 0</i>
                        <i>1 0 0 0 1 0 0 0 1 0 0.0620747 0</i>
                        <i>1 0 0 0 1 0 0 0 1 0 0.0537338 0</i>
                        <i>1 0 0 0 1 0 0 0 1 0 0.0401928 0</i>
                        <i>1 0 0 0 1 0 0 0 1 0 0.0437693 0</i>
                        <i>1 0 0 0 1 0 0 0 1 0 0.05107 0</i>
                        <i>1 0 0 0 1 0 0 0 1 0 0.0515223 0</i>
                        <i>1 0 0 0 1 0 0 0 1 0 0.0511588 0</i>
                        <i>1 0 0 0 1 0 0 0 1 0 0.0498007 0</i>
                        <i>1 0 0 0 1 0 0 0 1 0 0.0410032 0</i>
                        <i>1 0 0 0 1 0 0 0 1 0 0.0355586 0</i>
                        <i>1 0 0 0 1 0 0 0 1 0 0.0256747 0</i>
                        <i>1 0 0 0 1 0 0 0 1 0 0.0238761 0</i>
                        <i>1 0 0 0 1 0 0 0 1 0 0.0264695 0</i>
                        <i>1 0 0 0 1 0 0 0 1 0 0.0293913 0</i>
                        <i>1 0 0 0 1 0 0 0 1 0 0.0319394 0</i>
                        <i>1 0 0 0 1 0 0 0 1 0 0.0435153 0</i>
                        <i>1 0 0 0 1 0 0 0 1 0 0.0586706 0</i>
                        <i>1 0 0 0 1 0 0 0 1 0 0.0659048 0</i>
                        <i>1 0 0 0 1 0 0 0 1 0 0.0701706 0</i>
                        <i>1 0 0 0 1 0 0 0 1 0 0.0667329 0</i>
                        <i>1 0 0 0 1 0 0 0 1 0 0.0622595 0</i>
                        <i>1 0 0 0 1 0 0 0 1 0 0.0706854 0</i>
                        <i>1 0 0 0 1 0 0 0 1 0 0.075741 0</i>
                        <i>1 0 0 0 1 0 0 0 1 0 0.0605176 0</i>
                        <i>1 0 0 0 1 0 0 0 1 0 0.0459295 0</i>
                        <i>1 0 0 0 1 0 0 0 1 0 0.0346814 0</i>
                        <i>1 0 0 0 1 0 0 0 1 0 0.0262497 0</i>
                        <i>1 0 0 0 1 0 0 0 1 0 0.030173 0</i>
                        <i>1 0 0 0 1 0 0 0 1 0 0.0365332 0</i>
                        <i>1 0 0 0 1 0 0 0 1 0 0.0458966 0</i>
                        <i>1 0 0 0 1 0 0 0 1 0 0.053627 0</i>
                        <i>1 0 0 0 1 0 0 0 1 0 0.051326 0</i>
                        <i>1 0 0 0 1 0 0 0 1 0 0.0486318 0</i>
                        <i>1 0 0 0 1 0 0 0 1 0 0.0437946 0</i>
                        <i>1 0 0 0 1 0 0 0 1 0 0.0427909 0</i>
                        <i>1 0 0 0 1 0 0 0 1 0 0.0355543 0</i>
                        <i>1 0 0 0 1 0 0 0 1 0 0.0252528 0</i>
                        <i>1 0 0 0 1 0 0 0 1 0 0.0209384 0</i>
                        <i>1 0 0 0 1 0 0 0 1 0 0.0288157 0</i>
                        <i>1 0 0 0 1 0 0 0 1 0 0.0388485 0</i>
                        <i>1 0 0 0 1 0 0 0 1 0 0.0547879 0</i>
                        <i>1 0 0 0 1 0 0 0 1 0 0.063097 0</i>
                        <i>1 0 0 0 1 0 0 0 1 0 0.0614608 0</i>
                        <i>1 0 0 0 1 0 0 0 1 0 0.0494361 0</i>
                        <i>1 0 0 0 1 0 0 0 1 0 0.0428851 0</i>
                        <i>1 0 0 0 1 0 0 0 1 0 0.0386082 0</i>
                        <i>1 0 0 0 1 0 0 0 1 0 0.033404 0</i>
                        <i>1 0 0 0 1 0 0 0 1 0 0.0298067 0</i>
                        <i>1 0 0 0 1 0 0 0 1 0 0.021754 0</i>
                        <i>1 0 0 0 1 0 0 0 1 0 0.0185024 0</i>
                        <i>1 0 0 0 1 0 0 0 1 0 0.0250031 0</i>
                        <i>1 0 0 0 1 0 0 0 1 0 0.0358249 0</i>
                        <i>1 0 0 0 1 0 0 0 1 0 0.0476286 0</i>
                        <i>1 0 0 0 1 0 0 0 1 0 0.0592972 0</i>
                        <i>1 0 0 0 1 0 0 0 1 0 0.060626 0</i>
                        <i>1 0 0 0 1 0 0 0 1 0 0.0596384 0</i>
                        <i>1 0 0 0 1 0 0 0 1 0 0.0626646 0</i>
                        <i>1 0 0 0 1 0 0 0 1 0 0.0610575 0</i>
                        <i>1 0 0 0 1 0 0 0 1 0 0.066237 0</i>
                    </KeyFrames>
                </p>
            </i>
            <i>
                <p>
                    <Name><![CDATA[base]]></Name>
                    <Exclude>0</Exclude>
                    <Additive>0</Additive>
                    <IKPriority>0</IKPriority>
                    <IKRotLimits>-1e+010 -1e+010 -1e+010 1e+010 1e+010 1e+010</IKRotLimits>
                    <IKRotLimitOrder>0</IKRotLimitOrder>
                    <KeyFrames count="121">
                        <i>1 0.00010148 1.32349e-023 -0.000101479 0.999999 0.00167643 1.70123e-007 -0.00167643 0.999999 -0.0128706 8.24168 0.00606723</i>
                        <i>1 -0.00014242 -2.64698e-023 0.000142419 0.999995 0.00309591 -4.4092e-007 -0.00309591 0.999995 -0.0106439 8.22848 0.00547611</i>
                        <i>1 -0.000214466 0 0.000214465 0.999994 0.00344736 -7.39343e-007 -0.00344736 0.999994 0.000374308 8.29012 0.00224929</i>
                        <i>1 -0.000113215 0 0.000113215 0.999998 0.0018232 -2.06413e-007 -0.0018232 0.999998 0.00638814 8.29825 0.00278808</i>
                        <i>1 0.000228693 0 -0.000228693 1 4.89273e-005 1.11893e-008 -4.89273e-005 1 0.00681783 8.26232 0.00383639</i>
                        <i>1 0.000388149 3.30872e-024 -0.000388149 1 9.21027e-005 3.57496e-008 -9.21027e-005 1 -0.000226598 8.29585 0.000763464</i>
                        <i>1 0.000187158 -6.61744e-024 -0.000187158 1 0.000549024 1.02754e-007 -0.000549024 1 -0.0109162 8.25162 0.00514183</i>
                        <i>1 0.000220291 -1.32349e-023 -0.000220291 1 0.000607924 1.3392e-007 -0.000607924 1 -0.00778283 8.30321 0.0122875</i>
                        <i>1 5.52255e-005 3.30872e-024 -5.52255e-005 1 0.00068181 3.76533e-008 -0.00068181 1 -0.00791631 8.28991 0.0154518</i>
                        <i>1 -0.000197205 0 0.000197205 1 -0.000340594 6.71667e-008 0.000340594 1 -0.00634583 8.30844 0.0120594</i>
                        <i>1 -5.97821e-005 1.65436e-024 5.97821e-005 1 -0.000266934 1.59579e-008 0.000266934 1 0.0021301 8.31397 0.0108062</i>
                        <i>1 -0.000205802 -2.64698e-023 0.000205802 0.999998 0.00191755 -3.94637e-007 -0.00191755 0.999998 0.0074369 8.29722 0.0197333</i>
                        <i>1 -0.000300093 0 0.000300092 0.999998 0.00219999 -6.60202e-007 -0.00219999 0.999998 0.0162403 8.26187 0.0181794</i>
                        <i>1 -0.000563521 0 0.00056352 0.999998 0.00176399 -9.94043e-007 -0.00176399 0.999998 0.0270485 8.24342 0.0067544</i>
                        <i>1 -0.000384216 0 0.000384216 0.999998 0.00203403 -7.81507e-007 -0.00203403 0.999998 0.0318516 8.23966 0.00335717</i>
                        <i>1 0.00018123 0 -0.000181229 0.999994 0.00354519 6.42496e-007 -0.00354519 0.999994 0.0321006 8.25913 0.0116468</i>
                        <i>1 0.000263716 0 -0.000263713 0.999987 0.00505318 1.33261e-006 -0.00505318 0.999987 0.0287052 8.2638 0.0146812</i>
                        <i>1 5.56688e-005 0 -5.56681e-005 0.999988 0.00496571 2.76435e-007 -0.00496571 0.999988 0.0331304 8.27607 0.015326</i>
                        <i>1 5.09346e-005 0 -5.09342e-005 0.999992 0.004086 2.08119e-007 -0.004086 0.999992 0.035665 8.3282 0.00960645</i>
                        <i>1 0.000376269 5.29396e-023 -0.000376269 0.999999 0.00158586 5.96712e-007 -0.00158586 0.999999 0.0352875 8.25397 -0.0055339</i>
                        <i>1 0.000455154 0 -0.000455154 0.999999 -0.000953426 -4.33956e-007 0.000953426 1 0.0306923 8.26522 -0.0158965</i>
                        <i>1 0.000464554 1.05879e-022 -0.000464553 0.999997 -0.00223693 -1.03918e-006 0.00223693 0.999997 0.0140017 8.22602 -0.0169659</i>
                        <i>1 0.000511941 -5.29396e-023 -0.000511941 0.999999 -0.00116533 -5.9658e-007 0.00116533 0.999999 0.0093068 8.23355 -0.0052713</i>
                        <i>1 0.000620382 0 -0.000620382 0.999999 0.00098189 6.09147e-007 -0.000981889 1 0.0135772 8.26104 0.0083915</i>
                        <i>1 0.000356006 0 -0.000356005 0.999999 0.00142964 5.08958e-007 -0.00142964 0.999999 0.0125782 8.26777 0.00523611</i>
                        <i>1 -0.000102422 1.32349e-023 0.000102422 0.999998 0.00180612 -1.84986e-007 -0.00180612 0.999998 0.0138786 8.21722 -0.010276</i>
                        <i>1 -0.000568241 0 0.000568241 1 0.000459762 -2.61256e-007 -0.000459762 1 0.0139063 8.24778 -0.0111915</i>
                        <i>1 -0.000857045 0 0.000857044 0.999999 0.00144503 -1.23845e-006 -0.00144503 0.999999 0.00989857 8.26159 -0.00535086</i>
                        <i>1 -0.000396718 0 0.000396717 0.999998 0.00208298 -8.26355e-007 -0.00208298 0.999998 0.00757201 8.30615 -0.00253573</i>
                        <i>1 0.000277242 0 -0.000277242 1 0.000961279 2.66507e-007 -0.000961279 1 0.00911421 8.29154 -0.00844846</i>
                        <i>1 0.000617638 0 -0.000617638 1 0.000145026 8.95734e-008 -0.000145026 1 0.00434682 8.30453 -0.00151142</i>
                        <i>1 0.000422843 1.32349e-023 -0.000422843 1 -0.00043043 -1.82004e-007 0.00043043 1 0.00461082 8.31238 0.0104302</i>
                        <i>1 0.000395406 0 -0.000395405 0.999997 -0.0022639 -8.9516e-007 0.0022639 0.999997 0.000917377 8.23711 0.0183427</i>
                        <i>1 0.00041266 0 -0.000412657 0.999994 -0.003577 -1.47609e-006 0.003577 0.999994 0.0018238 8.26664 0.0202639</i>
                        <i>1 0.000520061 2.11758e-022 -0.000520056 0.99999 -0.00447965 -2.32969e-006 0.00447965 0.99999 -0.0039396 8.28047 0.0163562</i>
                        <i>1 0.000681265 2.11758e-022 -0.000681259 0.999991 -0.00412715 -2.81168e-006 0.00412715 0.999991 -0.0164658 8.2689 0.00950104</i>
                        <i>1 0.000732957 0 -0.000732951 0.999991 -0.00411746 -3.01792e-006 0.00411746 0.999992 -0.0219657 8.27661 -0.00660291</i>
                        <i>1 0.000353492 0 -0.00035349 0.999993 -0.00360687 -1.275e-006 0.00360687 0.999994 -0.0278619 8.27588 -0.0181149</i>
                        <i>1 0.000219269 5.29396e-023 -0.000219268 0.999993 -0.00365067 -8.00479e-007 0.00365067 0.999993 -0.0272767 8.29076 -0.0125515</i>
                        <i>1 0.000164489 2.64698e-023 -0.000164489 0.999997 -0.00258553 -4.25292e-007 0.00258553 0.999997 -0.0216547 8.30803 -0.00310679</i>
                        <i>1 -0.000295801 -8.27181e-025 0.000295801 1 -1.72908e-005 5.11463e-009 1.72908e-005 1 -0.0160926 8.23835 0.00439883</i>
                        <i>1 -0.000284631 0 0.00028463 0.999999 0.00150537 -4.28473e-007 -0.00150537 0.999999 -0.00499801 8.27307 0.00470625</i>
                        <i>1 0.000113723 0 -0.000113723 1 0.000372364 4.23463e-008 -0.000372364 1 -0.00460178 8.23827 -0.00160622</i>
                        <i>1 0.000366631 -5.29396e-023 -0.000366629 0.999997 -0.00259908 -9.52902e-007 0.00259908 0.999997 -0.0106032 8.27339 -0.00771506</i>
                        <i>1 0.000119254 -5.29396e-023 -0.000119253 0.999989 -0.004642 -5.53578e-007 0.004642 0.999989 -0.0169971 8.32287 -0.00467966</i>
                        <i>1 -6.01679e-005 0 6.01671e-005 0.999986 -0.00525706 3.16307e-007 0.00525706 0.999986 -0.0217124 8.29621 0.000866699</i>
                        <i>1 0.000308297 1.05879e-022 -0.000308293 0.999988 -0.00492197 -1.51743e-006 0.00492197 0.999988 -0.0180664 8.27372 0.000772052</i>
                        <i>1 0.000485644 0 -0.000485641 0.999994 -0.00340673 -1.65446e-006 0.00340673 0.999994 -0.0149598 8.27912 -0.00484319</i>
                        <i>1 0.000397188 0 -0.000397188 0.999998 -0.00191387 -7.60168e-007 0.00191387 0.999998 -0.00817441 8.23427 -0.00920757</i>
                        <i>1 0.000178255 -3.30872e-024 -0.000178255 1 -0.000245836 -4.38216e-008 0.000245836 1 0.000492215 8.27601 -0.0101274</i>
                        <i>1 -7.8437e-005 0 7.8437e-005 1 0.000884699 -6.93931e-008 -0.000884699 1 0.00827803 8.29254 -0.0119942</i>
                        <i>1 -0.000310399 5.29396e-023 0.000310399 0.999999 0.00113017 -3.50803e-007 -0.00113017 0.999999 0.0175992 8.29999 -0.0141137</i>
                        <i>1 -0.00026575 0 0.00026575 0.999999 0.00131703 -3.5e-007 -0.00131703 0.999999 0.0183003 8.32055 -0.0144856</i>
                        <i>1 -7.04081e-005 0 7.04079e-005 0.999998 0.00217062 -1.5283e-007 -0.00217062 0.999998 0.0152154 8.28356 -0.0105998</i>
                        <i>1 0.000270206 1.05879e-022 -0.000270205 0.999995 0.00306327 8.27715e-007 -0.00306327 0.999995 0.00854413 8.27173 -0.00859917</i>
                        <i>1 0.000425256 0 -0.000425254 0.999997 0.00236928 1.00755e-006 -0.00236928 0.999997 -0.00272255 8.251 -0.00776938</i>
                        <i>1 0.000456966 0 -0.000456965 0.999998 0.00206063 9.41639e-007 -0.00206063 0.999998 -0.00824572 8.25284 -0.00791003</i>
                        <i>1 0.000393599 -6.61744e-024 -0.000393599 1 -0.000283604 -1.11626e-007 0.000283604 1 -0.00322561 8.26397 -0.012389</i>
                        <i>1 0.000238515 -1.32349e-023 -0.000238515 1 -0.000655376 -1.56317e-007 0.000655376 1 0.00820517 8.26106 -0.0280204</i>
                        <i>1 0.000475127 0 -0.000475127 0.999999 0.00100393 4.76997e-007 -0.00100393 1 0.0145478 8.30432 -0.0280872</i>
                        <i>1 0.000726392 -1.05879e-022 -0.00072639 0.999997 0.00241076 1.75116e-006 -0.00241076 0.999997 0.0190119 8.32438 -0.0197893</i>
                        <i>1 0.000750505 -1.05879e-022 -0.000750503 0.999997 0.00244936 1.83826e-006 -0.00244936 0.999997 0.00854697 8.29051 -0.00766841</i>
                        <i>1 0.000138351 -2.64698e-023 -0.000138351 0.999998 0.00190286 2.63264e-007 -0.00190286 0.999998 -0.00110761 8.28007 0.00190462</i>
                        <i>1 -0.000302478 0 0.000302478 0.999999 0.00121812 -3.68455e-007 -0.00121812 0.999999 -0.00868812 8.23186 0.00744828</i>
                        <i>1 -0.000617925 0 0.000617924 0.999997 0.00224668 -1.38828e-006 -0.00224668 0.999997 -0.00293551 8.25356 0.00913411</i>
                        <i>1 -0.000677571 5.29396e-023 0.000677571 0.999999 0.000968808 -6.56436e-007 -0.000968808 1 0.00734622 8.27575 0.00944484</i>
                        <i>1 -0.000563833 0 0.000563833 1 -0.000486408 2.74253e-007 0.000486408 1 0.0108051 8.27209 0.0138141</i>
                        <i>1 -0.000249631 0 0.000249631 0.999999 -0.00136214 3.40033e-007 0.00136214 0.999999 0.00963888 8.24776 0.0125618</i>
                        <i>1 -0.000320087 0 0.000320087 1 -0.000222838 7.13274e-008 0.000222838 1 -0.000752411 8.27896 0.00909025</i>
                        <i>1 -0.000471436 0 0.000471436 1 0.000305157 -1.43862e-007 -0.000305157 1 -0.00744211 8.30304 0.0128898</i>
                        <i>1 -0.000355756 0 0.000355756 1 0.000766639 -2.72737e-007 -0.000766639 1 -0.00333326 8.29597 0.012362</i>
                        <i>1 -0.000525889 -2.64698e-023 0.000525889 1 0.00060904 -3.20288e-007 -0.00060904 1 -0.00808978 8.29532 0.00602174</i>
                        <i>1 -0.000419745 0 0.000419745 1 -0.000391923 1.64508e-007 0.000391923 1 -0.00580937 8.2888 -0.00515999</i>
                        <i>1 -5.21582e-005 -1.65436e-024 5.21582e-005 1 0.000542524 -2.82971e-008 -0.000542524 1 -0.00205275 8.27143 -0.00925138</i>
                        <i>1 2.11828e-005 0 -2.11828e-005 0.999998 0.00176806 3.74523e-008 -0.00176806 0.999998 -0.00206421 8.19337 -0.00961405</i>
                        <i>1 9.23697e-005 0 -9.23697e-005 1 0.000458251 4.23285e-008 -0.000458251 1 0.000997305 8.26647 -0.0220669</i>
                        <i>1 7.009e-005 -3.30872e-024 -7.009e-005 1 -0.000819255 -5.74216e-008 0.000819255 1 -0.000271363 8.25927 -0.0327063</i>
                        <i>1 0.000551539 0 -0.000551538 0.999999 -0.00132448 -7.30504e-007 0.00132448 0.999999 -0.0100856 8.26804 -0.0275153</i>
                        <i>1 0.000953655 -5.29396e-023 -0.000953655 0.999999 -0.000663886 -6.33119e-007 0.000663886 1 -0.0223228 8.30811 -0.0153678</i>
                        <i>1 0.000837223 0 -0.000837223 1 0.000309517 2.59134e-007 -0.000309516 1 -0.0246564 8.30211 -0.00722439</i>
                        <i>1 0.000710092 0 -0.000710091 0.999999 0.00121999 8.66307e-007 -0.00121999 0.999999 -0.0138255 8.3359 0.000233245</i>
                        <i>1 0.000952328 0 -0.000952326 0.999997 0.00225654 2.14896e-006 -0.00225653 0.999997 0.00120626 8.29535 0.000453782</i>
                        <i>0.999999 0.00122701 2.11758e-022 -0.001227 0.999996 0.00237691 2.91648e-006 -0.00237691 0.999997 0.0160672 8.26538 -0.00331367</i>
                        <i>0.999999 0.00123143 0 -0.00123142 0.999997 0.00205445 2.5299e-006 -0.00205444 0.999998 0.0159373 8.27786 -0.00347405</i>
                        <i>0.999999 0.00118695 0 -0.00118695 0.999996 0.00257355 3.05468e-006 -0.00257354 0.999997 0.0107601 8.25903 0.00387952</i>
                        <i>0.999999 0.00120224 0 -0.00120223 0.999991 0.00411122 4.94268e-006 -0.00411122 0.999992 0.0152097 8.31012 0.0162139</i>
                        <i>1 0.000998388 4.23516e-022 -0.000998378 0.99999 0.00435809 4.35106e-006 -0.00435808 0.999991 0.0169664 8.30831 0.0195083</i>
                        <i>1 0.000450885 -1.05879e-022 -0.000450881 0.999992 0.00408863 1.8435e-006 -0.00408863 0.999992 0.0163961 8.27058 0.00619235</i>
                        <i>1 -0.000185618 2.64698e-023 0.000185617 0.999997 0.0022512 -4.17863e-007 -0.0022512 0.999997 0.0162927 8.26788 -0.000261917</i>
                        <i>1 -0.00084558 1.05879e-022 0.000845579 0.999999 0.00132162 -1.11754e-006 -0.00132162 0.999999 0.0118373 8.25012 0.00786266</i>
                        <i>1 -0.000883102 0 0.0008831 0.999997 0.00204277 -1.80397e-006 -0.00204277 0.999998 0.00651918 8.26767 0.0170925</i>
                        <i>1 -0.000359996 0 0.000359996 0.999998 0.0017495 -6.29815e-007 -0.0017495 0.999998 0.00999752 8.28388 0.0108995</i>
                        <i>1 0.000182358 0 -0.000182358 0.999999 0.00133359 2.43192e-007 -0.00133359 0.999999 0.0101017 8.3208 0.00564636</i>
                        <i>1 0.000134513 2.64698e-023 -0.000134513 0.999997 0.00236313 3.17872e-007 -0.00236313 0.999997 0.0161752 8.31939 0.00668404</i>
                        <i>1 4.07241e-005 0 -4.07241e-005 0.999998 0.00191695 7.80662e-008 -0.00191695 0.999998 0.0190787 8.32054 0.00852232</i>
                        <i>1 -6.62019e-007 0 6.62019e-007 0.999999 0.00119373 -7.90272e-010 -0.00119373 0.999999 0.023891 8.26441 0.00977982</i>
                        <i>1 4.88355e-005 0 -4.88355e-005 1 -0.000197669 -9.65328e-009 0.000197669 1 0.0276712 8.26519 0.00737198</i>
                        <i>1 9.91574e-005 0 -9.91574e-005 1 -0.000304164 -3.01601e-008 0.000304164 1 0.018424 8.23279 0.00675807</i>
                        <i>1 0.000270158 0 -0.000270158 0.999999 -0.00114176 -3.08455e-007 0.00114176 0.999999 0.0110454 8.22316 -0.000508337</i>
                        <i>1 1.4896e-005 1.65436e-024 -1.4896e-005 0.999999 -0.00151558 -2.25762e-008 0.00151558 0.999999 0.003267 8.22259 -0.0142807</i>
                        <i>1 -0.000351365 -5.29396e-023 0.000351364 0.999996 -0.00264686 9.30015e-007 0.00264686 0.999996 -0.00759345 8.2178 -0.0111955</i>
                        <i>1 -0.000246096 1.05879e-022 0.000246094 0.999993 -0.00380636 9.36731e-007 0.00380636 0.999993 -0.00854897 8.28688 0.000842867</i>
                        <i>1 -0.000455307 -1.05879e-022 0.000455305 0.999997 -0.00242824 1.10559e-006 0.00242824 0.999997 -0.0106966 8.28086 0.0121674</i>
                        <i>1 -0.000542789 -1.32349e-023 0.000542789 1 0.000260842 -1.41582e-007 -0.000260842 1 0.000115113 8.29613 0.0176321</i>
                        <i>1 0.000212699 0 -0.000212699 0.999999 0.00159845 3.39988e-007 -0.00159845 0.999999 0.0125211 8.25756 0.0129352</i>
                        <i>1 0.000998174 0 -0.000998173 0.999999 0.00114061 1.13853e-006 -0.00114061 0.999999 0.0154393 8.22466 0.00372936</i>
                        <i>0.999999 0.00135062 0 -0.00135062 0.999999 -0.000946359 -1.27818e-006 0.000946358 1 0.0148889 8.26436 -0.00259462</i>
                        <i>1 0.00093851 0 -0.000938508 0.999997 -0.00224354 -2.10558e-006 0.00224354 0.999997 0.00845306 8.26706 -0.000326681</i>
                        <i>1 0.000811975 2.11758e-022 -0.000811969 0.999992 -0.0038066 -3.09086e-006 0.0038066 0.999993 0.00306788 8.24184 -0.00337246</i>
                        <i>1 0.00076644 0 -0.00076643 0.999987 -0.00503212 -3.85682e-006 0.00503212 0.999987 0.000687637 8.24348 -0.011808</i>
                        <i>1 0.000464715 2.11758e-022 -0.000464709 0.999986 -0.00523994 -2.43508e-006 0.00523994 0.999986 -0.00419847 8.25211 -0.0191324</i>
                        <i>1 0.000213824 0 -0.000213821 0.999985 -0.00540479 -1.15567e-006 0.00540479 0.999985 -0.00222983 8.2924 -0.0173995</i>
                        <i>1 3.29739e-005 -1.32349e-023 -3.29735e-005 0.999987 -0.00504987 -1.66514e-007 0.00504987 0.999987 -0.0011446 8.26089 -0.00920773</i>
                        <i>1 -4.07603e-005 1.32349e-023 4.07597e-005 0.999986 -0.00525008 2.13995e-007 0.00525008 0.999986 0.0017899 8.28936 -0.000276232</i>
                        <i>1 -0.000130766 0 0.000130764 0.999986 -0.00535862 7.00723e-007 0.00535862 0.999986 0.00643392 8.31463 0.00470376</i>
                        <i>1 -8.30269e-005 2.64698e-023 8.30261e-005 0.99999 -0.0044415 3.68764e-007 0.0044415 0.99999 0.00547961 8.2808 0.00735483</i>
                        <i>1 -7.30613e-005 0 7.30611e-005 0.999997 -0.00231272 1.6897e-007 0.00231272 0.999997 0.00646927 8.24569 0.00701531</i>
                        <i>1 -8.73111e-005 6.61744e-024 8.73111e-005 1 -0.000762001 6.65311e-008 0.000762001 1 0.00349531 8.30644 0.00118116</i>
                        <i>1 -0.000200099 -1.32349e-023 0.000200099 1 -0.000704937 1.41057e-007 0.000704937 1 -0.00426256 8.27951 -0.00208721</i>
                        <i>1 -0.000259146 0 0.000259145 0.999999 -0.00162664 4.21536e-007 0.00162664 0.999999 -0.00684681 8.29254 -0.00430995</i>
                        <i>1 -0.000309789 0 0.000309787 0.999992 -0.00395869 1.22636e-006 0.00395869 0.999992 -0.00417182 8.31118 -0.0124655</i>
                    </KeyFrames>
                </p>
            </i>
            <i>
                <p>
                    <Name><![CDATA[plow]]></Name>
                    <Exclude>0</Exclude>
                    <Additive>0</Additive>
                    <IKPriority>0</IKPriority>
                    <IKRotLimits>-1e+010 -1e+010 -1e+010 1e+010 1e+010 1e+010</IKRotLimits>
                    <IKRotLimitOrder>0</IKRotLimitOrder>
                    <KeyFrames count="121">
                        <i>1 0.00010148 1.32349e-023 -6.53642e-005 0.644112 -0.764931 -7.76249e-005 0.764931 0.644112 -0.013026 9.77314 16.3622</i>
                        <i>1 -0.00014242 -2.64698e-023 9.32108e-005 0.654478 -0.756081 0.000107681 0.756081 0.654478 -0.0104291 9.73673 16.3638</i>
                        <i>1 -0.000214466 0 0.000141325 0.658962 -0.752176 0.000161316 0.752176 0.658962 0.000696543 9.79261 16.3611</i>
                        <i>1 -0.000113215 0 7.39426e-005 0.653118 -0.757256 8.57325e-005 0.757256 0.653118 0.00656126 9.82731 16.3592</i>
                        <i>1 0.000228693 0 -0.000147304 0.644111 -0.764932 -0.000174935 0.764932 0.644111 0.0064615 9.8204 16.3575</i>
                        <i>1 0.000388149 3.30872e-024 -0.000251017 0.646703 -0.762742 -0.000296058 0.762742 0.646703 -0.000831093 9.85322 16.3545</i>
                        <i>1 0.000187158 -6.61744e-024 -0.000121754 0.650544 -0.759468 -0.00014214 0.759468 0.650544 -0.0112062 9.80153 16.3596</i>
                        <i>1 0.000220291 -1.32349e-023 -0.000144787 0.657253 -0.75367 -0.000166027 0.75367 0.657253 -0.00812404 9.85215 16.3668</i>
                        <i>1 5.52255e-005 3.30872e-024 -3.68186e-005 0.666696 -0.74533 -4.11612e-005 0.74533 0.666696 -0.00800179 9.83764 16.3701</i>
                        <i>1 -0.000197205 0 0.000132612 0.672458 -0.740135 0.000145958 0.740135 0.672458 -0.00603731 9.8729 16.3651</i>
                        <i>1 -5.97821e-005 1.65436e-024 4.0147e-005 0.671555 -0.740955 4.42959e-005 0.740955 0.671555 0.00222356 9.87722 16.364</i>
                        <i>1 -0.000205802 -2.64698e-023 0.000138907 0.674951 -0.737862 0.000151854 0.737862 0.674951 0.00775127 9.82474 16.3763</i>
                        <i>1 -0.000300093 0 0.00020312 0.676858 -0.736113 0.000220902 0.736113 0.676858 0.0166974 9.78477 16.3751</i>
                        <i>1 -0.000563521 0 0.0003794 0.673266 -0.7394 0.000416668 0.7394 0.673267 0.0279107 9.77346 16.363</i>
                        <i>1 -0.000384216 0 0.000253561 0.659944 -0.751315 0.000288667 0.751315 0.659944 0.0324378 9.76527 16.3601</i>
                        <i>1 0.00018123 0 -0.000120243 0.663482 -0.748192 -0.000135595 0.748192 0.663482 0.0318286 9.76002 16.3706</i>
                        <i>1 0.000263716 0 -0.00017519 0.664313 -0.747455 -0.000197116 0.747455 0.664313 0.0283159 9.74003 16.3759</i>
                        <i>1 5.56688e-005 0 -3.70063e-005 0.664759 -0.747058 -4.15878e-005 0.747058 0.664759 0.0330481 9.75373 16.3764</i>
                        <i>1 5.09346e-005 0 -3.36187e-005 0.660037 -0.751233 -3.82638e-005 0.751233 0.660037 0.035589 9.82025 16.3694</i>
                        <i>1 0.000376269 5.29396e-023 -0.000247996 0.659091 -0.752063 -0.000282978 0.752063 0.659091 0.0347107 9.78692 16.3505</i>
                        <i>1 0.000455154 0 -0.000298003 0.65473 -0.755863 -0.000344034 0.755863 0.65473 0.0299757 9.8397 16.3362</i>
                        <i>1 0.000464554 1.05879e-022 -0.000302331 0.650797 -0.759252 -0.000352714 0.759252 0.650797 0.0132605 9.82148 16.3331</i>
                        <i>1 0.000511941 -5.29396e-023 -0.000333601 0.651639 -0.758529 -0.000388322 0.758529 0.651639 0.00849899 9.81149 16.3465</i>
                        <i>1 0.000620382 0 -0.000398085 0.641677 -0.766975 -0.000475818 0.766975 0.641677 0.01262 9.80387 16.3635</i>
                        <i>1 0.000356006 0 -0.000226616 0.63655 -0.771235 -0.000274564 0.771235 0.63655 0.0120315 9.80327 16.361</i>
                        <i>1 -0.000102422 1.32349e-023 6.50429e-005 0.635049 -0.772472 7.91179e-005 0.772472 0.635049 0.0140352 9.74657 16.3461</i>
                        <i>1 -0.000568241 0 0.000362807 0.638473 -0.769644 0.000437343 0.769644 0.638473 0.0147879 9.79915 16.3431</i>
                        <i>1 -0.000857045 0 0.000556798 0.649672 -0.760214 0.000651538 0.760214 0.649672 0.0112143 9.79684 16.3504</i>
                        <i>1 -0.000396718 0 0.000257131 0.648146 -0.761516 0.000302107 0.761516 0.648146 0.00817693 9.83096 16.3542</i>
                        <i>1 0.000277242 0 -0.000177797 0.641305 -0.767286 -0.000212724 0.767286 0.641305 0.00868638 9.8347 16.3466</i>
                        <i>1 0.000617638 0 -0.000393992 0.637901 -0.770118 -0.000475654 0.770118 0.637901 0.00338546 9.86104 16.3523</i>
                        <i>1 0.000422843 1.32349e-023 -0.000271297 0.641602 -0.767038 -0.000324337 0.767038 0.641602 0.00394868 9.8783 16.3633</i>
                        <i>1 0.000395406 0 -0.000256154 0.647824 -0.76179 -0.000301216 0.76179 0.647824 0.000286347 9.83301 16.3683</i>
                        <i>1 0.00041266 0 -0.000270147 0.654648 -0.755934 -0.000311943 0.755934 0.654648 0.00115637 9.88401 16.3681</i>
                        <i>1 0.000520061 2.11758e-022 -0.000343921 0.661308 -0.750114 -0.000390105 0.750114 0.661308 -0.0047884 9.91259 16.3628</i>
                        <i>1 0.000681265 2.11758e-022 -0.000448816 0.658798 -0.752319 -0.000512529 0.752319 0.658798 -0.0175738 9.89526 16.3565</i>
                        <i>1 0.000732957 0 -0.00047707 0.650884 -0.759177 -0.000556444 0.759177 0.650884 -0.0231577 9.90281 16.3404</i>
                        <i>1 0.000353492 0 -0.000227528 0.643657 -0.765314 -0.000270533 0.765314 0.643657 -0.0284338 9.89374 16.3297</i>
                        <i>1 0.000219269 5.29396e-023 -0.000142663 0.65063 -0.759395 -0.000166512 0.759395 0.65063 -0.0276316 9.90933 16.3352</i>
                        <i>1 0.000164489 2.64698e-023 -0.000108484 0.65952 -0.751687 -0.000123645 0.751687 0.65952 -0.0219181 9.90919 16.3464</i>
                        <i>1 -0.000295801 -8.27181e-025 0.000195735 0.661711 -0.749759 0.000221779 0.749759 0.661711 -0.0156314 9.79751 16.3579</i>
                        <i>1 -0.000284631 0 0.000185663 0.652295 -0.757965 0.00021574 0.757965 0.652295 -0.00456131 9.80733 16.3606</i>
                        <i>1 0.000113723 0 -7.36292e-005 0.647444 -0.762113 -8.66698e-005 0.762113 0.647444 -0.00477837 9.79107 16.3525</i>
                        <i>1 0.000366631 -5.29396e-023 -0.00024006 0.654772 -0.755826 -0.000277109 0.755826 0.654772 -0.0111903 9.87477 16.3417</i>
                        <i>1 0.000119254 -5.29396e-023 -7.82191e-005 0.655902 -0.754846 -9.00185e-005 0.754846 0.655902 -0.0171921 9.95765 16.3415</i>
                        <i>1 -6.01679e-005 0 3.89522e-005 0.647391 -0.762158 4.58575e-005 0.762158 0.647391 -0.0216134 9.94104 16.346</i>
                        <i>1 0.000308297 1.05879e-022 -0.000198971 0.645389 -0.763854 -0.000235494 0.763854 0.645389 -0.0185718 9.91308 16.3465</i>
                        <i>1 0.000485644 0 -0.000312713 0.643914 -0.765098 -0.000371565 0.765098 0.643914 -0.0157439 9.8937 16.3433</i>
                        <i>1 0.000397188 0 -0.000257535 0.648396 -0.761303 -0.000302381 0.761303 0.648396 -0.00880601 9.82444 16.3413</i>
