<?xml version="1.0" encoding="ISO-8859-1" ?>
<Animl Version="1">
    <ModellingPackage><![CDATA[Maya.2010]]></ModellingPackage>
    <SrcFile><![CDATA[anims\bosses\red\~src\boss_beetle\boss_beetle_forward_2.mb]]></SrcFile>
    <FramesPerSecond>30</FramesPerSecond>
    <TotalFrames>121</TotalFrames>
    <Skeleton>
        <RefFrame>
            <Name><![CDATA[boss_beetle_ref_frame]]></Name>
            <Exclude>0</Exclude>
            <Additive>0</Additive>
            <IKPriority>0</IKPriority>
            <IKRotLimits>-1e+010 -1e+010 -1e+010 1e+010 1e+010 1e+010</IKRotLimits>
            <IKRotLimitOrder>0</IKRotLimitOrder>
            <KeyFrames count="121">
                <i>1 0 0 0 1 0 0 0 1 0 0 0</i>
                <i>1 0 0 0 1 0 0 0 1 0 0 0</i>
                <i>1 0 0 0 1 0 0 0 1 0 0 0</i>
                <i>1 0 0 0 1 0 0 0 1 0 0 0</i>
                <i>1 0 0 0 1 0 0 0 1 0 0 0</i>
                <i>1 0 0 0 1 0 0 0 1 0 0 0</i>
                <i>1 0 0 0 1 0 0 0 1 0 0 0</i>
                <i>1 0 0 0 1 0 0 0 1 0 0 0</i>
                <i>1 0 0 0 1 0 0 0 1 0 0 0</i>
                <i>1 0 0 0 1 0 0 0 1 0 0 0</i>
                <i>1 0 0 0 1 0 0 0 1 0 0 0</i>
                <i>1 0 0 0 1 0 0 0 1 0 0 0</i>
                <i>1 0 0 0 1 0 0 0 1 0 0 0</i>
                <i>1 0 0 0 1 0 0 0 1 0 0 0</i>
                <i>1 0 0 0 1 0 0 0 1 0 0 0</i>
                <i>1 0 0 0 1 0 0 0 1 0 0 0</i>
                <i>1 0 0 0 1 0 0 0 1 0 0 0</i>
                <i>1 0 0 0 1 0 0 0 1 0 0 0</i>
                <i>1 0 0 0 1 0 0 0 1 0 0 0</i>
                <i>1 0 0 0 1 0 0 0 1 0 0 0</i>
                <i>1 0 0 0 1 0 0 0 1 0 0 0</i>
                <i>1 0 0 0 1 0 0 0 1 0 0 0</i>
                <i>1 0 0 0 1 0 0 0 1 0 0 0</i>
                <i>1 0 0 0 1 0 0 0 1 0 0 0</i>
                <i>1 0 0 0 1 0 0 0 1 0 0 0</i>
                <i>1 0 0 0 1 0 0 0 1 0 0 0</i>
                <i>1 0 0 0 1 0 0 0 1 0 0 0</i>
                <i>1 0 0 0 1 0 0 0 1 0 0 0</i>
                <i>1 0 0 0 1 0 0 0 1 0 0 0</i>
                <i>1 0 0 0 1 0 0 0 1 0 0 0</i>
                <i>1 0 0 0 1 0 0 0 1 0 0 0</i>
                <i>1 0 0 0 1 0 0 0 1 0 0 0</i>
                <i>1 0 0 0 1 0 0 0 1 0 0 0</i>
                <i>1 0 0 0 1 0 0 0 1 0 0 0</i>
                <i>1 0 0 0 1 0 0 0 1 0 0 0</i>
                <i>1 0 0 0 1 0 0 0 1 0 0 0</i>
                <i>1 0 0 0 1 0 0 0 1 0 0 0</i>
                <i>1 0 0 0 1 0 0 0 1 0 0 0</i>
                <i>1 0 0 0 1 0 0 0 1 0 0 0</i>
                <i>1 0 0 0 1 0 0 0 1 0 0 0</i>
                <i>1 0 0 0 1 0 0 0 1 0 0 0</i>
                <i>1 0 0 0 1 0 0 0 1 0 0 0</i>
                <i>1 0 0 0 1 0 0 0 1 0 0 0</i>
                <i>1 0 0 0 1 0 0 0 1 0 0 0</i>
                <i>1 0 0 0 1 0 0 0 1 0 0 0</i>
                <i>1 0 0 0 1 0 0 0 1 0 0 0</i>
                <i>1 0 0 0 1 0 0 0 1 0 0 0</i>
                <i>1 0 0 0 1 0 0 0 1 0 0 0</i>
                <i>1 0 0 0 1 0 0 0 1 0 0 0</i>
                <i>1 0 0 0 1 0 0 0 1 0 0 0</i>
                <i>1 0 0 0 1 0 0 0 1 0 0 0</i>
                <i>1 0 0 0 1 0 0 0 1 0 0 0</i>
                <i>1 0 0 0 1 0 0 0 1 0 0 0</i>
                <i>1 0 0 0 1 0 0 0 1 0 0 0</i>
                <i>1 0 0 0 1 0 0 0 1 0 0 0</i>
                <i>1 0 0 0 1 0 0 0 1 0 0 0</i>
                <i>1 0 0 0 1 0 0 0 1 0 0 0</i>
                <i>1 0 0 0 1 0 0 0 1 0 0 0</i>
                <i>1 0 0 0 1 0 0 0 1 0 0 0</i>
                <i>1 0 0 0 1 0 0 0 1 0 0 0</i>
                <i>1 0 0 0 1 0 0 0 1 0 0 0</i>
                <i>1 0 0 0 1 0 0 0 1 0 0 0</i>
                <i>1 0 0 0 1 0 0 0 1 0 0 0</i>
                <i>1 0 0 0 1 0 0 0 1 0 0 0</i>
                <i>1 0 0 0 1 0 0 0 1 0 0 0</i>
                <i>1 0 0 0 1 0 0 0 1 0 0 0</i>
                <i>1 0 0 0 1 0 0 0 1 0 0 0</i>
                <i>1 0 0 0 1 0 0 0 1 0 0 0</i>
                <i>1 0 0 0 1 0 0 0 1 0 0 0</i>
                <i>1 0 0 0 1 0 0 0 1 0 0 0</i>
                <i>1 0 0 0 1 0 0 0 1 0 0 0</i>
                <i>1 0 0 0 1 0 0 0 1 0 0 0</i>
                <i>1 0 0 0 1 0 0 0 1 0 0 0</i>
                <i>1 0 0 0 1 0 0 0 1 0 0 0</i>
                <i>1 0 0 0 1 0 0 0 1 0 0 0</i>
                <i>1 0 0 0 1 0 0 0 1 0 0 0</i>
                <i>1 0 0 0 1 0 0 0 1 0 0 0</i>
                <i>1 0 0 0 1 0 0 0 1 0 0 0</i>
                <i>1 0 0 0 1 0 0 0 1 0 0 0</i>
                <i>1 0 0 0 1 0 0 0 1 0 0 0</i>
                <i>1 0 0 0 1 0 0 0 1 0 0 0</i>
                <i>1 0 0 0 1 0 0 0 1 0 0 0</i>
                <i>1 0 0 0 1 0 0 0 1 0 0 0</i>
                <i>1 0 0 0 1 0 0 0 1 0 0 0</i>
                <i>1 0 0 0 1 0 0 0 1 0 0 0</i>
                <i>1 0 0 0 1 0 0 0 1 0 0 0</i>
                <i>1 0 0 0 1 0 0 0 1 0 0 0</i>
                <i>1 0 0 0 1 0 0 0 1 0 0 0</i>
                <i>1 0 0 0 1 0 0 0 1 0 0 0</i>
                <i>1 0 0 0 1 0 0 0 1 0 0 0</i>
                <i>1 0 0 0 1 0 0 0 1 0 0 0</i>
                <i>1 0 0 0 1 0 0 0 1 0 0 0</i>
                <i>1 0 0 0 1 0 0 0 1 0 0 0</i>
                <i>1 0 0 0 1 0 0 0 1 0 0 0</i>
                <i>1 0 0 0 1 0 0 0 1 0 0 0</i>
                <i>1 0 0 0 1 0 0 0 1 0 0 0</i>
                <i>1 0 0 0 1 0 0 0 1 0 0 0</i>
                <i>1 0 0 0 1 0 0 0 1 0 0 0</i>
                <i>1 0 0 0 1 0 0 0 1 0 0 0</i>
                <i>1 0 0 0 1 0 0 0 1 0 0 0</i>
                <i>1 0 0 0 1 0 0 0 1 0 0 0</i>
                <i>1 0 0 0 1 0 0 0 1 0 0 0</i>
                <i>1 0 0 0 1 0 0 0 1 0 0 0</i>
                <i>1 0 0 0 1 0 0 0 1 0 0 0</i>
                <i>1 0 0 0 1 0 0 0 1 0 0 0</i>
                <i>1 0 0 0 1 0 0 0 1 0 0 0</i>
                <i>1 0 0 0 1 0 0 0 1 0 0 0</i>
                <i>1 0 0 0 1 0 0 0 1 0 0 0</i>
                <i>1 0 0 0 1 0 0 0 1 0 0 0</i>
                <i>1 0 0 0 1 0 0 0 1 0 0 0</i>
                <i>1 0 0 0 1 0 0 0 1 0 0 0</i>
                <i>1 0 0 0 1 0 0 0 1 0 0 0</i>
                <i>1 0 0 0 1 0 0 0 1 0 0 0</i>
                <i>1 0 0 0 1 0 0 0 1 0 0 0</i>
                <i>1 0 0 0 1 0 0 0 1 0 0 0</i>
                <i>1 0 0 0 1 0 0 0 1 0 0 0</i>
                <i>1 0 0 0 1 0 0 0 1 0 0 0</i>
                <i>1 0 0 0 1 0 0 0 1 0 0 0</i>
                <i>1 0 0 0 1 0 0 0 1 0 0 0</i>
                <i>1 0 0 0 1 0 0 0 1 0 0 0</i>
                <i>1 0 0 0 1 0 0 0 1 0 0 0</i>
            </KeyFrames>
        </RefFrame>
        <Bones count="20">
            <i>
                <p>
                    <Name><![CDATA[boss_beetle_root]]></Name>
                    <Exclude>0</Exclude>
                    <Additive>0</Additive>
                    <IKPriority>0</IKPriority>
                    <IKRotLimits>-1e+010 -1e+010 -1e+010 1e+010 1e+010 1e+010</IKRotLimits>
                    <IKRotLimitOrder>0</IKRotLimitOrder>
                    <KeyFrames count="121">
                        <i>1 0 0 0 1 0 0 0 1 0 0 0</i>
                        <i>1 0 0 0 1 0 0 0 1 0 0 0</i>
                        <i>1 0 0 0 1 0 0 0 1 0 0 0</i>
                        <i>1 0 0 0 1 0 0 0 1 0 0 0</i>
                        <i>1 0 0 0 1 0 0 0 1 0 0 0</i>
                        <i>1 0 0 0 1 0 0 0 1 0 0 0</i>
                        <i>1 0 0 0 1 0 0 0 1 0 0 0</i>
                        <i>1 0 0 0 1 0 0 0 1 0 0 0</i>
                        <i>1 0 0 0 1 0 0 0 1 0 0 0</i>
                        <i>1 0 0 0 1 0 0 0 1 0 0 0</i>
                        <i>1 0 0 0 1 0 0 0 1 0 0 0</i>
                        <i>1 0 0 0 1 0 0 0 1 0 0 0</i>
                        <i>1 0 0 0 1 0 0 0 1 0 0 0</i>
                        <i>1 0 0 0 1 0 0 0 1 0 0 0</i>
                        <i>1 0 0 0 1 0 0 0 1 0 0 0</i>
                        <i>1 0 0 0 1 0 0 0 1 0 0 0</i>
                        <i>1 0 0 0 1 0 0 0 1 0 0 0</i>
                        <i>1 0 0 0 1 0 0 0 1 0 0 0</i>
                        <i>1 0 0 0 1 0 0 0 1 0 0 0</i>
                        <i>1 0 0 0 1 0 0 0 1 0 0 0</i>
                        <i>1 0 0 0 1 0 0 0 1 0 0 0</i>
                        <i>1 0 0 0 1 0 0 0 1 0 0 0</i>
                        <i>1 0 0 0 1 0 0 0 1 0 0 0</i>
                        <i>1 0 0 0 1 0 0 0 1 0 0 0</i>
                        <i>1 0 0 0 1 0 0 0 1 0 0 0</i>
                        <i>1 0 0 0 1 0 0 0 1 0 0 0</i>
                        <i>1 0 0 0 1 0 0 0 1 0 0 0</i>
                        <i>1 0 0 0 1 0 0 0 1 0 0 0</i>
                        <i>1 0 0 0 1 0 0 0 1 0 0 0</i>
                        <i>1 0 0 0 1 0 0 0 1 0 0 0</i>
                        <i>1 0 0 0 1 0 0 0 1 0 0 0</i>
                        <i>1 0 0 0 1 0 0 0 1 0 0 0</i>
                        <i>1 0 0 0 1 0 0 0 1 0 0 0</i>
                        <i>1 0 0 0 1 0 0 0 1 0 0 0</i>
                        <i>1 0 0 0 1 0 0 0 1 0 0 0</i>
                        <i>1 0 0 0 1 0 0 0 1 0 0 0</i>
                        <i>1 0 0 0 1 0 0 0 1 0 0 0</i>
                        <i>1 0 0 0 1 0 0 0 1 0 0 0</i>
                        <i>1 0 0 0 1 0 0 0 1 0 0 0</i>
                        <i>1 0 0 0 1 0 0 0 1 0 0 0</i>
                        <i>1 0 0 0 1 0 0 0 1 0 0 0</i>
                        <i>1 0 0 0 1 0 0 0 1 0 0 0</i>
                        <i>1 0 0 0 1 0 0 0 1 0 0 0</i>
                        <i>1 0 0 0 1 0 0 0 1 0 0 0</i>
                        <i>1 0 0 0 1 0 0 0 1 0 0 0</i>
                        <i>1 0 0 0 1 0 0 0 1 0 0 0</i>
                        <i>1 0 0 0 1 0 0 0 1 0 0 0</i>
                        <i>1 0 0 0 1 0 0 0 1 0 0 0</i>
                        <i>1 0 0 0 1 0 0 0 1 0 0 0</i>
                        <i>1 0 0 0 1 0 0 0 1 0 0 0</i>
                        <i>1 0 0 0 1 0 0 0 1 0 0 0</i>
                        <i>1 0 0 0 1 0 0 0 1 0 0 0</i>
                        <i>1 0 0 0 1 0 0 0 1 0 0 0</i>
                        <i>1 0 0 0 1 0 0 0 1 0 0 0</i>
                        <i>1 0 0 0 1 0 0 0 1 0 0 0</i>
                        <i>1 0 0 0 1 0 0 0 1 0 0 0</i>
                        <i>1 0 0 0 1 0 0 0 1 0 0 0</i>
                        <i>1 0 0 0 1 0 0 0 1 0 0 0</i>
                        <i>1 0 0 0 1 0 0 0 1 0 0 0</i>
                        <i>1 0 0 0 1 0 0 0 1 0 0 0</i>
                        <i>1 0 0 0 1 0 0 0 1 0 0 0</i>
                        <i>1 0 0 0 1 0 0 0 1 0 0 0</i>
                        <i>1 0 0 0 1 0 0 0 1 0 0 0</i>
                        <i>1 0 0 0 1 0 0 0 1 0 0 0</i>
                        <i>1 0 0 0 1 0 0 0 1 0 0 0</i>
                        <i>1 0 0 0 1 0 0 0 1 0 0 0</i>
                        <i>1 0 0 0 1 0 0 0 1 0 0 0</i>
                        <i>1 0 0 0 1 0 0 0 1 0 0 0</i>
                        <i>1 0 0 0 1 0 0 0 1 0 0 0</i>
                        <i>1 0 0 0 1 0 0 0 1 0 0 0</i>
                        <i>1 0 0 0 1 0 0 0 1 0 0 0</i>
                        <i>1 0 0 0 1 0 0 0 1 0 0 0</i>
                        <i>1 0 0 0 1 0 0 0 1 0 0 0</i>
                        <i>1 0 0 0 1 0 0 0 1 0 0 0</i>
                        <i>1 0 0 0 1 0 0 0 1 0 0 0</i>
                        <i>1 0 0 0 1 0 0 0 1 0 0 0</i>
                        <i>1 0 0 0 1 0 0 0 1 0 0 0</i>
                        <i>1 0 0 0 1 0 0 0 1 0 0 0</i>
                        <i>1 0 0 0 1 0 0 0 1 0 0 0</i>
                        <i>1 0 0 0 1 0 0 0 1 0 0 0</i>
                        <i>1 0 0 0 1 0 0 0 1 0 0 0</i>
                        <i>1 0 0 0 1 0 0 0 1 0 0 0</i>
                        <i>1 0 0 0 1 0 0 0 1 0 0 0</i>
                        <i>1 0 0 0 1 0 0 0 1 0 0 0</i>
                        <i>1 0 0 0 1 0 0 0 1 0 0 0</i>
                        <i>1 0 0 0 1 0 0 0 1 0 0 0</i>
                        <i>1 0 0 0 1 0 0 0 1 0 0 0</i>
                        <i>1 0 0 0 1 0 0 0 1 0 0 0</i>
                        <i>1 0 0 0 1 0 0 0 1 0 0 0</i>
                        <i>1 0 0 0 1 0 0 0 1 0 0 0</i>
                        <i>1 0 0 0 1 0 0 0 1 0 0 0</i>
                        <i>1 0 0 0 1 0 0 0 1 0 0 0</i>
                        <i>1 0 0 0 1 0 0 0 1 0 0 0</i>
                        <i>1 0 0 0 1 0 0 0 1 0 0 0</i>
                        <i>1 0 0 0 1 0 0 0 1 0 0 0</i>
                        <i>1 0 0 0 1 0 0 0 1 0 0 0</i>
                        <i>1 0 0 0 1 0 0 0 1 0 0 0</i>
                        <i>1 0 0 0 1 0 0 0 1 0 0 0</i>
                        <i>1 0 0 0 1 0 0 0 1 0 0 0</i>
                        <i>1 0 0 0 1 0 0 0 1 0 0 0</i>
                        <i>1 0 0 0 1 0 0 0 1 0 0 0</i>
                        <i>1 0 0 0 1 0 0 0 1 0 0 0</i>
                        <i>1 0 0 0 1 0 0 0 1 0 0 0</i>
                        <i>1 0 0 0 1 0 0 0 1 0 0 0</i>
                        <i>1 0 0 0 1 0 0 0 1 0 0 0</i>
                        <i>1 0 0 0 1 0 0 0 1 0 0 0</i>
                        <i>1 0 0 0 1 0 0 0 1 0 0 0</i>
                        <i>1 0 0 0 1 0 0 0 1 0 0 0</i>
                        <i>1 0 0 0 1 0 0 0 1 0 0 0</i>
                        <i>1 0 0 0 1 0 0 0 1 0 0 0</i>
                        <i>1 0 0 0 1 0 0 0 1 0 0 0</i>
                        <i>1 0 0 0 1 0 0 0 1 0 0 0</i>
                        <i>1 0 0 0 1 0 0 0 1 0 0 0</i>
                        <i>1 0 0 0 1 0 0 0 1 0 0 0</i>
                        <i>1 0 0 0 1 0 0 0 1 0 0 0</i>
                        <i>1 0 0 0 1 0 0 0 1 0 0 0</i>
                        <i>1 0 0 0 1 0 0 0 1 0 0 0</i>
                        <i>1 0 0 0 1 0 0 0 1 0 0 0</i>
                        <i>1 0 0 0 1 0 0 0 1 0 0 0</i>
                        <i>1 0 0 0 1 0 0 0 1 0 0 0</i>
                        <i>1 0 0 0 1 0 0 0 1 0 0 0</i>
                    </KeyFrames>
                </p>
            </i>
            <i>
                <p>
                    <Name><![CDATA[base]]></Name>
                    <Exclude>0</Exclude>
                    <Additive>0</Additive>
                    <IKPriority>0</IKPriority>
                    <IKRotLimits>-1e+010 -1e+010 -1e+010 1e+010 1e+010 1e+010</IKRotLimits>
                    <IKRotLimitOrder>0</IKRotLimitOrder>
                    <KeyFrames count="121">
                        <i>1 0.00010148 -3.30872e-024 -0.00010148 1 0.000335286 3.40247e-008 -0.000335286 1 -0.0128706 8.19274 0.00606723</i>
                        <i>1 -0.00014242 6.61744e-024 0.00014242 1 0.000619184 -8.81842e-008 -0.000619184 1 -0.0106439 8.19362 0.00547611</i>
                        <i>1 -0.000214466 1.32349e-023 0.000214466 1 0.000689473 -1.47869e-007 -0.000689473 1 0.000374308 8.26157 0.00224929</i>
                        <i>1 -0.000113215 0 0.000113215 1 0.00036464 -4.12827e-008 -0.00036464 1 0.00638814 8.26315 0.00278808</i>
                        <i>1 0.000228693 0 -0.000228693 1 9.78543e-006 2.23786e-009 -9.78543e-006 1 0.00681783 8.22267 0.00383639</i>
                        <i>1 0.000388149 0 -0.000388149 1 1.84205e-005 7.14992e-009 -1.84205e-005 1 -0.000226598 8.25292 0.000763464</i>
                        <i>1 0.000187158 0 -0.000187158 1 0.000109805 2.05508e-008 -0.000109805 1 -0.0109162 8.20105 0.00514183</i>
                        <i>1 0.000220291 1.65436e-024 -0.000220291 1 0.000121585 2.6784e-008 -0.000121585 1 -0.00778283 8.24973 0.0122875</i>
                        <i>1 5.52255e-005 -8.27181e-025 -5.52255e-005 1 0.000136362 7.53065e-009 -0.000136362 1 -0.00791631 8.23411 0.0154518</i>
                        <i>1 -0.000197205 0 0.000197205 1 -6.81188e-005 1.34333e-008 6.81188e-005 1 -0.00634583 8.25893 0.0120594</i>
                        <i>1 -5.97821e-005 0 5.97821e-005 1 -5.33868e-005 3.19157e-009 5.33868e-005 1 0.0021301 8.27143 0.0108062</i>
                        <i>1 -0.000205802 0 0.000205802 1 0.00038351 -7.89274e-008 -0.00038351 1 0.0074369 8.25959 0.0197333</i>
                        <i>1 -0.000300093 0 0.000300093 1 0.000439999 -1.32041e-007 -0.000439999 1 0.0162403 8.226 0.0181794</i>
                        <i>1 -0.000563521 1.32349e-023 0.000563521 1 0.000352797 -1.98809e-007 -0.000352797 1 0.0270485 8.20924 0.0067544</i>
                        <i>1 -0.000384216 0 0.000384216 1 0.000406806 -1.56301e-007 -0.000406806 1 0.0318516 8.20049 0.00335717</i>
                        <i>1 0.00018123 1.32349e-023 -0.00018123 1 0.000709039 1.28499e-007 -0.000709039 1 0.0321006 8.20284 0.0116468</i>
                        <i>1 0.000263716 2.64698e-023 -0.000263716 0.999999 0.00101064 2.66522e-007 -0.00101064 0.999999 0.0287052 8.19957 0.0146812</i>
                        <i>1 5.56688e-005 0 -5.56688e-005 1 0.000993145 5.52872e-008 -0.000993145 1 0.0331304 8.21122 0.015326</i>
                        <i>1 5.09346e-005 3.30872e-024 -5.09346e-005 1 0.000817203 4.16239e-008 -0.000817203 1 0.035665 8.2714 0.00960645</i>
                        <i>1 0.000376269 0 -0.000376269 1 0.000317173 1.19343e-007 -0.000317173 1 0.0352875 8.2155 -0.0055339</i>
                        <i>1 0.000455154 6.61744e-024 -0.000455154 1 -0.000190685 -8.67911e-008 0.000190685 1 0.0306923 8.23244 -0.0158965</i>
                        <i>1 0.000464554 1.32349e-023 -0.000464554 1 -0.000447386 -2.07835e-007 0.000447386 1 0.0140017 8.18265 -0.0169659</i>
                        <i>1 0.000511941 0 -0.000511941 1 -0.000233066 -1.19316e-007 0.000233066 1 0.0093068 8.19016 -0.0052713</i>
                        <i>1 0.000620382 1.32349e-023 -0.000620382 1 0.000196378 1.21829e-007 -0.000196378 1 0.0135772 8.22691 0.0083915</i>
                        <i>1 0.000356006 0 -0.000356006 1 0.000285927 1.01792e-007 -0.000285927 1 0.0125782 8.23604 0.00523611</i>
                        <i>1 -0.000102422 3.30872e-024 0.000102422 1 0.000361225 -3.69973e-008 -0.000361225 1 0.0138786 8.19268 -0.010276</i>
                        <i>1 -0.000568241 -3.30872e-024 0.000568241 1 9.19525e-005 -5.22512e-008 -9.19525e-005 1 0.0139063 8.22482 -0.0111915</i>
                        <i>1 -0.000857045 2.64698e-023 0.000857045 1 0.000289006 -2.47691e-007 -0.000289006 1 0.00989857 8.23226 -0.00535086</i>
                        <i>1 -0.000396718 1.32349e-023 0.000396718 1 0.000416596 -1.65271e-007 -0.000416596 1 0.00757201 8.27051 -0.00253573</i>
                        <i>1 0.000277242 6.61744e-024 -0.000277242 1 0.000192256 5.33014e-008 -0.000192256 1 0.00911421 8.24507 -0.00844846</i>
                        <i>1 0.000617638 1.65436e-024 -0.000617638 1 2.90052e-005 1.79147e-008 -2.90052e-005 1 0.00434682 8.25311 -0.00151142</i>
                        <i>1 0.000422843 0 -0.000422843 1 -8.6086e-005 -3.64009e-008 8.6086e-005 1 0.00461082 8.2627 0.0104302</i>
                        <i>1 0.000395406 1.32349e-023 -0.000395406 1 -0.00045278 -1.79032e-007 0.00045278 1 0.000917377 8.18757 0.0183427</i>
                        <i>1 0.00041266 0 -0.00041266 1 -0.000715402 -2.95218e-007 0.000715402 1 0.0018238 8.21782 0.0202639</i>
                        <i>1 0.000520061 2.64698e-023 -0.000520061 0.999999 -0.000895933 -4.65939e-007 0.000895932 1 -0.0039396 8.23072 0.0163562</i>
                        <i>1 0.000681265 0 -0.000681265 0.999999 -0.000825432 -5.62338e-007 0.000825432 1 -0.0164658 8.22678 0.00950104</i>
                        <i>1 0.000732957 0 -0.000732957 0.999999 -0.000823495 -6.03587e-007 0.000823495 1 -0.0219657 8.24392 -0.00660291</i>
                        <i>1 0.000353492 -2.64698e-023 -0.000353492 1 -0.000721375 -2.55001e-007 0.000721375 1 -0.0278619 8.24584 -0.0181149</i>
                        <i>1 0.000219269 0 -0.000219269 1 -0.000730136 -1.60096e-007 0.000730136 1 -0.0272767 8.25883 -0.0125515</i>
                        <i>1 0.000164489 0 -0.000164489 1 -0.000517106 -8.50585e-008 0.000517106 1 -0.0216547 8.27066 -0.00310679</i>
                        <i>1 -0.000295801 0 0.000295801 1 -3.45821e-006 1.02294e-009 3.45821e-006 1 -0.0160926 8.19043 0.00439883</i>
                        <i>1 -0.000284631 -6.61744e-024 0.000284631 1 0.000301073 -8.56947e-008 -0.000301073 1 -0.00499801 8.21979 0.00470625</i>
                        <i>1 0.000113723 8.27181e-025 -0.000113723 1 7.44728e-005 8.46927e-009 -7.44728e-005 1 -0.00460178 8.18657 -0.00160622</i>
                        <i>1 0.000366631 0 -0.000366631 1 -0.000519816 -1.90581e-007 0.000519816 1 -0.0106032 8.22401 -0.00771506</i>
                        <i>1 0.000119254 0 -0.000119254 1 -0.000928403 -1.10716e-007 0.000928403 1 -0.0169971 8.27244 -0.00467966</i>
                        <i>1 -6.01679e-005 -6.61744e-024 6.01679e-005 0.999999 -0.00105142 6.32616e-008 0.00105142 0.999999 -0.0217124 8.24719 0.000866699</i>
                        <i>1 0.000308297 -2.64698e-023 -0.000308296 0.999999 -0.000984398 -3.03487e-007 0.000984398 1 -0.0180664 8.22658 0.000772052</i>
                        <i>1 0.000485644 0 -0.000485644 1 -0.000681348 -3.30892e-007 0.000681348 1 -0.0149598 8.23873 -0.00484319</i>
                        <i>1 0.000397188 0 -0.000397188 1 -0.000382775 -1.52034e-007 0.000382775 1 -0.00817441 8.2029 -0.00920757</i>
                        <i>1 0.000178255 8.27181e-025 -0.000178255 1 -4.91673e-005 -8.76433e-009 4.91673e-005 1 0.000492215 8.24685 -0.0101274</i>
                        <i>1 -7.8437e-005 0 7.8437e-005 1 0.00017694 -1.38786e-008 -0.00017694 1 0.00827803 8.25998 -0.0119942</i>
                        <i>1 -0.000310399 0 0.000310399 1 0.000226033 -7.01605e-008 -0.000226033 1 0.0175992 8.2623 -0.0141137</i>
                        <i>1 -0.00026575 0 0.00026575 1 0.000263406 -7.00001e-008 -0.000263406 1 0.0183003 8.27375 -0.0144856</i>
                        <i>1 -7.04081e-005 0 7.04081e-005 1 0.000434125 -3.05659e-008 -0.000434125 1 0.0152154 8.23318 -0.0105998</i>
                        <i>1 0.000270206 0 -0.000270206 1 0.000612656 1.65543e-007 -0.000612656 1 0.00854413 8.22525 -0.00859917</i>
                        <i>1 0.000425256 -1.32349e-023 -0.000425256 1 0.000473857 2.0151e-007 -0.000473857 1 -0.00272255 8.20089 -0.00776938</i>
                        <i>1 0.000456966 0 -0.000456966 1 0.000412127 1.88328e-007 -0.000412127 1 -0.00824572 8.20187 -0.00791003</i>
                        <i>1 0.000393599 0 -0.000393599 1 -5.67208e-005 -2.23252e-008 5.67208e-005 1 -0.00322561 8.20856 -0.012389</i>
                        <i>1 0.000238515 -3.30872e-024 -0.000238515 1 -0.000131075 -3.12634e-008 0.000131075 1 0.00820517 8.19236 -0.0280204</i>
                        <i>1 0.000475127 0 -0.000475127 1 0.000200787 9.53994e-008 -0.000200787 1 0.0145478 8.23256 -0.0280872</i>
                        <i>1 0.000726392 -2.64698e-023 -0.000726392 1 0.000482152 3.50231e-007 -0.000482152 1 0.0190119 8.25515 -0.0197893</i>
                        <i>1 0.000750505 -2.64698e-023 -0.000750505 1 0.000489872 3.67652e-007 -0.000489872 1 0.00854697 8.2232 -0.00766841</i>
                        <i>1 0.000138351 6.61744e-024 -0.000138351 1 0.000380573 5.26528e-008 -0.000380573 1 -0.00110761 8.21799 0.00190462</i>
                        <i>1 -0.000302478 6.61744e-024 0.000302478 1 0.000243624 -7.3691e-008 -0.000243624 1 -0.00868812 8.17812 0.00744828</i>
                        <i>1 -0.000617925 -2.64698e-023 0.000617925 1 0.000449337 -2.77656e-007 -0.000449336 1 -0.00293551 8.21337 0.00913411</i>
                        <i>1 -0.000677571 0 0.000677571 1 0.000193762 -1.31287e-007 -0.000193762 1 0.00734622 8.23198 0.00944484</i>
                        <i>1 -0.000563833 0 0.000563833 1 -9.72816e-005 5.48506e-008 9.72816e-005 1 0.0108051 8.22102 0.0138141</i>
                        <i>1 -0.000249631 -6.61744e-024 0.000249631 1 -0.000272428 6.80066e-008 0.000272428 1 0.00963888 8.19624 0.0125618</i>
                        <i>1 -0.000320087 1.65436e-024 0.000320087 1 -4.45676e-005 1.42655e-008 4.45676e-005 1 -0.000752411 8.2278 0.00909025</i>
                        <i>1 -0.000471436 -1.65436e-024 0.000471436 1 6.10314e-005 -2.87724e-008 -6.10314e-005 1 -0.00744211 8.25324 0.0128898</i>
                        <i>1 -0.000355756 -3.30872e-024 0.000355756 1 0.000153328 -5.45473e-008 -0.000153328 1 -0.00333326 8.25496 0.012362</i>
                        <i>1 -0.000525889 0 0.000525889 1 0.000121808 -6.40575e-008 -0.000121808 1 -0.00808978 8.25977 0.00602174</i>
                        <i>1 -0.000419745 3.30872e-024 0.000419745 1 -7.83846e-005 3.29016e-008 7.83846e-005 1 -0.00580937 8.26313 -0.00515999</i>
                        <i>1 -5.21582e-005 4.1359e-025 5.21582e-005 1 0.000108505 -5.65941e-009 -0.000108505 1 -0.00205275 8.24756 -0.00925138</i>
                        <i>1 2.11828e-005 -8.27181e-025 -2.11828e-005 1 0.000353611 7.49047e-009 -0.000353611 1 -0.00206421 8.1669 -0.00961405</i>
                        <i>1 9.23697e-005 0 -9.23697e-005 1 9.16502e-005 8.4657e-009 -9.16502e-005 1 0.000997305 8.23708 -0.0220669</i>
                        <i>1 7.009e-005 -8.27181e-025 -7.009e-005 1 -0.000163851 -1.14843e-008 0.000163851 1 -0.000271363 8.22733 -0.0327063</i>
                        <i>1 0.000551539 -1.32349e-023 -0.000551539 1 -0.000264897 -1.46101e-007 0.000264897 1 -0.0100856 8.22452 -0.0275153</i>
                        <i>1 0.000953655 0 -0.000953655 1 -0.000132777 -1.26624e-007 0.000132777 1 -0.0223228 8.24944 -0.0153678</i>
                        <i>1 0.000837223 0 -0.000837223 1 6.19033e-005 5.18268e-008 -6.19033e-005 1 -0.0246564 8.2362 -0.00722439</i>
                        <i>1 0.000710092 0 -0.000710092 1 0.000243999 1.73262e-007 -0.000243999 1 -0.0138255 8.26573 0.000233245</i>
                        <i>1 0.000952328 0 -0.000952328 0.999999 0.000451308 4.29793e-007 -0.000451307 1 0.00120626 8.22861 0.000453782</i>
                        <i>0.999999 0.00122701 0 -0.001227 0.999999 0.000475382 5.83296e-007 -0.000475382 1 0.0160672 8.20312 -0.00331367</i>
                        <i>0.999999 0.00123143 0 -0.00123143 0.999999 0.000410889 5.05979e-007 -0.000410889 1 0.0159373 8.20718 -0.00347405</i>
                        <i>0.999999 0.00118695 0 -0.00118695 0.999999 0.00051471 6.10937e-007 -0.000514709 1 0.0107601 8.18329 0.00387952</i>
                        <i>0.999999 0.00120224 -1.05879e-022 -0.00120224 0.999999 0.000822247 9.88539e-007 -0.000822247 1 0.0152097 8.24961 0.0162139</i>
                        <i>1 0.000998388 -1.05879e-022 -0.000998387 0.999999 0.00087162 8.70215e-007 -0.000871619 1 0.0169664 8.26238 0.0195083</i>
                        <i>1 0.000450885 2.64698e-023 -0.000450885 1 0.000817729 3.68702e-007 -0.000817729 1 0.0163961 8.2359 0.00619235</i>
                        <i>1 -0.000185618 6.61744e-024 0.000185618 1 0.00045024 -8.35727e-008 -0.00045024 1 0.0162927 8.24163 -0.000261917</i>
                        <i>1 -0.00084558 0 0.00084558 1 0.000264324 -2.23507e-007 -0.000264324 1 0.0118373 8.21995 0.00786266</i>
                        <i>1 -0.000883102 -2.64698e-023 0.000883102 1 0.000408555 -3.60795e-007 -0.000408554 1 0.00651918 8.23113 0.0170925</i>
                        <i>1 -0.000359996 -1.32349e-023 0.000359996 1 0.000349901 -1.25963e-007 -0.000349901 1 0.00999752 8.23799 0.0108995</i>
                        <i>1 0.000182358 3.30872e-024 -0.000182358 1 0.000266719 4.86384e-008 -0.000266719 1 0.0101017 8.26717 0.00564636</i>
                        <i>1 0.000134513 -6.61744e-024 -0.000134513 1 0.000472626 6.35744e-008 -0.000472626 1 0.0161752 8.26806 0.00668404</i>
                        <i>1 4.07241e-005 -1.65436e-024 -4.07241e-005 1 0.000383391 1.56132e-008 -0.000383391 1 0.0190787 8.27191 0.00852232</i>
                        <i>1 -6.62019e-007 0 6.62019e-007 1 0.000238746 -1.58055e-010 -0.000238746 1 0.023891 8.22061 0.00977982</i>
                        <i>1 4.88355e-005 2.06795e-025 -4.88355e-005 1 -3.95339e-005 -1.93066e-009 3.95339e-005 1 0.0276712 8.2224 0.00737198</i>
                        <i>1 9.91574e-005 0 -9.91574e-005 1 -6.08328e-005 -6.03202e-009 6.08328e-005 1 0.018424 8.19723 0.00675807</i>
                        <i>1 0.000270158 6.61744e-024 -0.000270158 1 -0.000228351 -6.16911e-008 0.000228351 1 0.0110454 8.19791 -0.000508337</i>
                        <i>1 1.4896e-005 -4.1359e-025 -1.4896e-005 1 -0.000303117 -4.51523e-009 0.000303117 1 0.003267 8.20165 -0.0142807</i>
                        <i>1 -0.000351365 -1.32349e-023 0.000351365 1 -0.000529373 1.86003e-007 0.000529373 1 -0.00759345 8.18899 -0.0111955</i>
                        <i>1 -0.000246096 0 0.000246096 1 -0.000761274 1.87347e-007 0.000761274 1 -0.00854897 8.24804 0.000842867</i>
                        <i>1 -0.000455307 0 0.000455306 1 -0.000485648 2.21119e-007 0.000485648 1 -0.0106966 8.22608 0.0121674</i>
                        <i>1 -0.000542789 0 0.000542789 1 5.21684e-005 -2.83165e-008 -5.21684e-005 1 0.000115113 8.23304 0.0176321</i>
                        <i>1 0.000212699 -6.61744e-024 -0.000212699 1 0.00031969 6.79976e-008 -0.00031969 1 0.0125211 8.1961 0.0129352</i>
                        <i>1 0.000998174 0 -0.000998174 0.999999 0.000228122 2.27705e-007 -0.000228122 1 0.0154393 8.17522 0.00372936</i>
                        <i>0.999999 0.00135062 0 -0.00135062 0.999999 -0.000189272 -2.55635e-007 0.000189272 1 0.0148889 8.22147 -0.00259462</i>
                        <i>1 0.00093851 0 -0.00093851 0.999999 -0.000448708 -4.21117e-007 0.000448708 1 0.00845306 8.22846 -0.000326681</i>
                        <i>1 0.000811975 0 -0.000811975 0.999999 -0.000761321 -6.18174e-007 0.000761321 1 0.00306788 8.20843 -0.00337246</i>
                        <i>1 0.00076644 5.29396e-023 -0.000766439 0.999999 -0.00100643 -7.71366e-007 0.00100643 1 0.000687637 8.21367 -0.011808</i>
                        <i>1 0.000464715 0 -0.000464715 0.999999 -0.00104799 -4.87018e-007 0.00104799 0.999999 -0.00419847 8.23035 -0.0191324</i>
                        <i>1 0.000213824 2.64698e-023 -0.000213824 0.999999 -0.00108096 -2.31136e-007 0.00108096 0.999999 -0.00222983 8.27389 -0.0173995</i>
                        <i>1 3.29739e-005 3.30872e-024 -3.29739e-005 0.999999 -0.00100998 -3.33029e-008 0.00100998 0.999999 -0.0011446 8.23589 -0.00920773</i>
                        <i>1 -4.07603e-005 0 4.07603e-005 0.999999 -0.00105002 4.27991e-008 0.00105002 0.999999 0.0017899 8.25354 -0.000276232</i>
                        <i>1 -0.000130766 -1.32349e-023 0.000130766 0.999999 -0.00107173 1.40145e-007 0.00107173 0.999999 0.00643392 8.267 0.00470376</i>
                        <i>1 -8.30269e-005 0 8.30269e-005 1 -0.000888304 7.37531e-008 0.000888304 1 0.00547961 8.2215 0.00735483</i>
                        <i>1 -7.30613e-005 0 7.30612e-005 1 -0.000462543 3.3794e-008 0.000462543 1 0.00646927 8.18506 0.00701531</i>
                        <i>1 -8.73111e-005 0 8.73111e-005 1 -0.0001524 1.33062e-008 0.0001524 1 0.00349531 8.2468 0.00118116</i>
                        <i>1 -0.000200099 1.65436e-024 0.000200099 1 -0.000140987 2.82115e-008 0.000140987 1 -0.00426256 8.21685 -0.00208721</i>
                        <i>1 -0.000259146 0 0.000259146 1 -0.000325328 8.43073e-008 0.000325328 1 -0.00684681 8.23148 -0.00430995</i>
                        <i>1 -0.000309789 0 0.000309789 1 -0.000791741 2.45273e-007 0.000791741 1 -0.00417182 8.24494 -0.0124655</i>
                    </KeyFrames>
                </p>
            </i>
            <i>
                <p>
                    <Name><![CDATA[plow]]></Name>
                    <Exclude>0</Exclude>
                    <Additive>0</Additive>
                    <IKPriority>0</IKPriority>
                    <IKRotLimits>-1e+010 -1e+010 -1e+010 1e+010 1e+010 1e+010</IKRotLimits>
                    <IKRotLimitOrder>0</IKRotLimitOrder>
                    <KeyFrames count="121">
                        <i>1 0.00010148 -3.30872e-024 -6.46476e-005 0.63705 -0.770822 -7.82227e-005 0.770822 0.63705 -0.0130283 9.74614 16.3602</i>
                        <i>1 -0.00014242 6.61744e-024 9.01222e-005 0.632791 -0.774323 0.000110279 0.774323 0.632791 -0.0104233 9.74238 16.36</i>
                        <i>1 -0.000214466 1.32349e-023 0.000135681 0.632646 -0.774441 0.000166092 0.774441 0.632646 0.000706218 9.80918 16.3569</i>
                        <i>1 -0.000113215 0 7.17749e-005 0.633971 -0.773357 8.75554e-005 0.773357 0.633971 0.00656396 9.81607 16.3569</i>
                        <i>1 0.000228693 0 -0.000145736 0.637258 -0.770651 -0.000176242 0.770651 0.637258 0.00646136 9.78139 16.3574</i>
                        <i>1 0.000388149 0 -0.000248155 0.639328 -0.768934 -0.000298461 0.768934 0.639328 -0.000831561 9.8115 16.3544</i>
                        <i>1 0.000187158 0 -0.000119458 0.638275 -0.769809 -0.000144076 0.769809 0.638275 -0.0112076 9.75814 16.3589</i>
                        <i>1 0.000220291 1.65436e-024 -0.000140173 0.636311 -0.771432 -0.000169939 0.771432 0.636311 -0.0081258 9.80662 16.366</i>
                        <i>1 5.52255e-005 -8.27181e-025 -3.49485e-005 0.632832 -0.774289 -4.27605e-005 0.774289 0.632832 -0.00800228 9.79076 16.3692</i>
                        <i>1 -0.000197205 0 0.000123656 0.627042 -0.778985 0.000153619 0.778985 0.627042 -0.00603819 9.81892 16.3655</i>
                        <i>1 -5.97821e-005 0 3.73808e-005 0.625284 -0.780398 4.66538e-005 0.780398 0.625284 0.00222335 9.83119 16.3643</i>
                        <i>1 -0.000205802 0 0.000130228 0.632783 -0.774329 0.000159359 0.774329 0.632783 0.00775644 9.8122 16.3739</i>
                        <i>1 -0.000300093 0 0.000192005 0.639818 -0.768526 0.000230629 0.768526 0.639818 0.016706 9.77769 16.3724</i>
                        <i>1 -0.000563521 1.32349e-023 0.000358124 0.635511 -0.772092 0.00043509 0.772091 0.635511 0.0279237 9.76235 16.3609</i>
                        <i>1 -0.000384216 0 0.000245144 0.638036 -0.770006 0.000295849 0.770006 0.638036 0.032448 9.75272 16.3576</i>
                        <i>1 0.00018123 1.32349e-023 -0.00011502 0.634662 -0.77279 -0.000140053 0.77279 0.634662 0.0318202 9.75013 16.3663</i>
                        <i>1 0.000263716 2.64698e-023 -0.000168093 0.637401 -0.770532 -0.000203202 0.770532 0.637401 0.0282984 9.74192 16.3698</i>
                        <i>1 5.56688e-005 0 -3.59399e-005 0.645603 -0.763674 -4.25128e-005 0.763674 0.645603 0.0330445 9.75386 16.3704</i>
                        <i>1 5.09346e-005 3.30872e-024 -3.23698e-005 0.635517 -0.772087 -3.9326e-005 0.772087 0.635517 0.0355862 9.81692 16.3644</i>
                        <i>1 0.000376269 0 -0.000238434 0.63368 -0.773595 -0.00029108 0.773595 0.63368 0.0347029 9.7692 16.3485</i>
                        <i>1 0.000455154 6.61744e-024 -0.000285455 0.627161 -0.77889 -0.000354515 0.77889 0.627161 0.0299814 9.79445 16.3374</i>
                        <i>1 0.000464554 1.32349e-023 -0.000291301 0.627055 -0.778975 -0.000361876 0.778975 0.627055 0.0132741 9.74885 16.3359</i>
                        <i>1 0.000511941 0 -0.00032255 0.630053 -0.776552 -0.000397549 0.776552 0.630053 0.00850679 9.75285 16.3479</i>
                        <i>1 0.000620382 1.32349e-023 -0.00039031 0.629143 -0.777289 -0.000482217 0.777289 0.629143 0.0126121 9.78259 16.3623</i>
                        <i>1 0.000356006 0 -0.000226631 0.636595 -0.771198 -0.000274551 0.771198 0.636595 0.0120249 9.79025 16.3592</i>
                        <i>1 -0.000102422 3.30872e-024 6.54102e-005 0.638635 -0.769509 7.88146e-005 0.769509 0.638635 0.0140376 9.74565 16.3439</i>
                        <i>1 -0.000568241 -3.30872e-024 0.000364321 0.641138 -0.767426 0.000436083 0.767426 0.641138 0.0147913 9.7822 16.3425</i>
                        <i>1 -0.000857045 2.64698e-023 0.000547078 0.638331 -0.769762 0.000659721 0.769762 0.638331 0.0112305 9.78642 16.3487</i>
                        <i>1 -0.000396718 1.32349e-023 0.000250788 0.632158 -0.774839 0.000307393 0.774839 0.632158 0.00818774 9.82258 16.3517</i>
                        <i>1 0.000277242 6.61744e-024 -0.00017532 0.632372 -0.774665 -0.000214769 0.774665 0.632372 0.00868289 9.80081 16.3454</i>
                        <i>1 0.000617638 1.65436e-024 -0.000389571 0.630743 -0.775992 -0.000479282 0.775992 0.630743 0.00338429 9.81152 16.3521</i>
                        <i>1 0.000422843 0 -0.000267858 0.63347 -0.773768 -0.000327182 0.773767 0.63347 0.00395106 9.82299 16.3639</i>
                        <i>1 0.000395406 1.32349e-023 -0.0002513 0.63555 -0.77206 -0.000305277 0.77206 0.63555 0.000298057 9.75386 16.3712</i>
                        <i>1 0.00041266 0 -0.000264324 0.640538 -0.767926 -0.000316892 0.767926 0.640538 0.00117568 9.78841 16.3727</i>
                        <i>1 0.000520061 2.64698e-023 -0.00033411 0.642444 -0.766333 -0.00039854 0.766333 0.642444 -0.00475793 9.80425 16.3685</i>
                        <i>1 0.000681265 0 -0.000434448 0.637708 -0.770278 -0.000524763 0.770278 0.637708 -0.017537 9.79916 16.3618</i>
                        <i>1 0.000732957 0 -0.00046522 0.634716 -0.772745 -0.000566389 0.772745 0.634716 -0.0231182 9.81627 16.3457</i>
                        <i>1 0.000353492 -2.64698e-023 -0.000222668 0.62991 -0.776668 -0.000274546 0.776668 0.62991 -0.0284171 9.81652 16.3343</i>
                        <i>1 0.000219269 0 -0.000138018 0.629446 -0.777044 -0.000170382 0.777044 0.629446 -0.0276211 9.82966 16.3399</i>
                        <i>1 0.000164489 0 -0.000103971 0.632084 -0.7749 -0.000127463 0.7749 0.632084 -0.0219125 9.838 16.3496</i>
                        <i>1 -0.000295801 0 0.000187187 0.632813 -0.774305 0.00022904 0.774304 0.632813 -0.0156315 9.74937 16.358</i>
                        <i>1 -0.000284631 -6.61744e-024 0.000180575 0.63442 -0.772988 0.000220016 0.772988 0.63442 -0.0045557 9.77375 16.3587</i>
                        <i>1 0.000113723 8.27181e-025 -7.25621e-005 0.63806 -0.769986 -8.75651e-005 0.769986 0.63806 -0.00477892 9.74423 16.3521</i>
                        <i>1 0.000366631 0 -0.000235304 0.641802 -0.76687 -0.000281158 0.76687 0.641802 -0.0111778 9.7914 16.345</i>
                        <i>1 0.000119254 0 -7.5876e-005 0.636254 -0.771479 -9.20022e-005 0.771479 0.636254 -0.0171848 9.8465 16.3474</i>
                        <i>1 -6.01679e-005 -6.61744e-024 3.8074e-005 0.632795 -0.77432 4.65892e-005 0.77432 0.632795 -0.0216176 9.82326 16.3528</i>
                        <i>1 0.000308297 -2.64698e-023 -0.000193415 0.627367 -0.778724 -0.000240078 0.778724 0.627367 -0.018552 9.80156 16.3528</i>
                        <i>1 0.000485644 0 -0.000304832 0.627686 -0.778467 -0.000378057 0.778467 0.627686 -0.0157223 9.80876 16.3477</i>
                        <i>1 0.000397188 0 -0.000253916 0.639283 -0.768972 -0.000305427 0.768971 0.639283 -0.00879607 9.76805 16.3438</i>
                        <i>1 0.000178255 8.27181e-025 -0.000113311 0.635666 -0.771964 -0.000137607 0.771964 0.635666 0.000214193 9.80653 16.3434</i>
                        <i>1 -7.8437e-005 0 4.96934e-005 0.633546 -0.773705 6.06871e-005 0.773705 0.633546 0.00840008 9.81597 16.3418</i>
                        <i>1 -0.000310399 0 0.000195267 0.629084 -0.777337 0.000241285 0.777337 0.629084 0.018082 9.81749 16.3398</i>
                        <i>1 -0.00026575 0 0.000166881 0.627962 -0.778244 0.000206818 0.778244 0.627962 0.0187134 9.82832 16.3395</i>
                        <i>1 -7.04081e-005 0 4.46342e-005 0.633935 -0.773386 5.44526e-005 0.773386 0.633935 0.0153247 9.78496 16.3436</i>
                        <i>1 0.000270206 0 -0.000171896 0.636167 -0.771551 -0.000208478 0.771551 0.636167 0.00812562 9.77411 16.3459</i>
                        <i>1 0.000425256 -1.32349e-023 -0.000273537 0.643231 -0.765672 -0.000325606 0.765672 0.643231 -0.00338218 9.75202 16.3465</i>
                        <i>1 0.000456966 0 -0.00029276 0.64066 -0.767824 -0.000350869 0.767824 0.64066 -0.00895499 9.75401 16.3463</i>
                        <i>1 0.000393599 0 -0.000251859 0.639889 -0.768467 -0.000302468 0.768467 0.639889 -0.00383955 9.76837 16.3411</i>
                        <i>1 0.000238515 -3.30872e-024 -0.000152581 0.639714 -0.768613 -0.000183326 0.768613 0.639714 0.00783284 9.75339 16.3253</i>
                        <i>1 0.000475127 0 -0.000301602 0.634782 -0.772691 -0.000367127 0.772691 0.634782 0.0138087 9.78816 16.3258</i>
