<?xml version="1.0" encoding="ISO-8859-1" ?>
<Animl Version="1">
    <ModellingPackage><![CDATA[Maya.2010]]></ModellingPackage>
    <SrcFile><![CDATA[anims\bosses\red\~src\boss_beetle\boss_beetle_forward_4.mb]]></SrcFile>
    <FramesPerSecond>30</FramesPerSecond>
    <TotalFrames>45</TotalFrames>
    <Skeleton>
        <RefFrame>
            <Name><![CDATA[boss_beetle_ref_frame]]></Name>
            <Exclude>0</Exclude>
            <Additive>0</Additive>
            <IKPriority>0</IKPriority>
            <IKRotLimits>-1e+010 -1e+010 -1e+010 1e+010 1e+010 1e+010</IKRotLimits>
            <IKRotLimitOrder>0</IKRotLimitOrder>
            <KeyFrames count="45">
                <i>1 0 0 0 1 0 0 0 1 0 0 0</i>
                <i>1 0 0 0 1 0 0 0 1 0 0 0</i>
                <i>1 0 0 0 1 0 0 0 1 0 0 0</i>
                <i>1 0 0 0 1 0 0 0 1 0 0 0</i>
                <i>1 0 0 0 1 0 0 0 1 0 0 0</i>
                <i>1 0 0 0 1 0 0 0 1 0 0 0</i>
                <i>1 0 0 0 1 0 0 0 1 0 0 0</i>
                <i>1 0 0 0 1 0 0 0 1 0 0 0</i>
                <i>1 0 0 0 1 0 0 0 1 0 0 0</i>
                <i>1 0 0 0 1 0 0 0 1 0 0 0</i>
                <i>1 0 0 0 1 0 0 0 1 0 0 0</i>
                <i>1 0 0 0 1 0 0 0 1 0 0 0</i>
                <i>1 0 0 0 1 0 0 0 1 0 0 0</i>
                <i>1 0 0 0 1 0 0 0 1 0 0 0</i>
                <i>1 0 0 0 1 0 0 0 1 0 0 0</i>
                <i>1 0 0 0 1 0 0 0 1 0 0 0</i>
                <i>1 0 0 0 1 0 0 0 1 0 0 0</i>
                <i>1 0 0 0 1 0 0 0 1 0 0 0</i>
                <i>1 0 0 0 1 0 0 0 1 0 0 0</i>
                <i>1 0 0 0 1 0 0 0 1 0 0 0</i>
                <i>1 0 0 0 1 0 0 0 1 0 0 0</i>
                <i>1 0 0 0 1 0 0 0 1 0 0 0</i>
                <i>1 0 0 0 1 0 0 0 1 0 0 0</i>
                <i>1 0 0 0 1 0 0 0 1 0 0 0</i>
                <i>1 0 0 0 1 0 0 0 1 0 0 0</i>
                <i>1 0 0 0 1 0 0 0 1 0 0 0</i>
                <i>1 0 0 0 1 0 0 0 1 0 0 0</i>
                <i>1 0 0 0 1 0 0 0 1 0 0 0</i>
                <i>1 0 0 0 1 0 0 0 1 0 0 0</i>
                <i>1 0 0 0 1 0 0 0 1 0 0 0</i>
                <i>1 0 0 0 1 0 0 0 1 0 0 0</i>
                <i>1 0 0 0 1 0 0 0 1 0 0 0</i>
                <i>1 0 0 0 1 0 0 0 1 0 0 0</i>
                <i>1 0 0 0 1 0 0 0 1 0 0 0</i>
                <i>1 0 0 0 1 0 0 0 1 0 0 0</i>
                <i>1 0 0 0 1 0 0 0 1 0 0 0</i>
                <i>1 0 0 0 1 0 0 0 1 0 0 0</i>
                <i>1 0 0 0 1 0 0 0 1 0 0 0</i>
                <i>1 0 0 0 1 0 0 0 1 0 0 0</i>
                <i>1 0 0 0 1 0 0 0 1 0 0 0</i>
                <i>1 0 0 0 1 0 0 0 1 0 0 0</i>
                <i>1 0 0 0 1 0 0 0 1 0 0 0</i>
                <i>1 0 0 0 1 0 0 0 1 0 0 0</i>
                <i>1 0 0 0 1 0 0 0 1 0 0 0</i>
                <i>1 0 0 0 1 0 0 0 1 0 0 0</i>
            </KeyFrames>
        </RefFrame>
        <Bones count="20">
            <i>
                <p>
                    <Name><![CDATA[boss_beetle_root]]></Name>
                    <Exclude>0</Exclude>
                    <Additive>0</Additive>
                    <IKPriority>0</IKPriority>
                    <IKRotLimits>-1e+010 -1e+010 -1e+010 1e+010 1e+010 1e+010</IKRotLimits>
                    <IKRotLimitOrder>0</IKRotLimitOrder>
                    <KeyFrames count="45">
                        <i>1 0 0 0 1 0 0 0 1 0 0 0</i>
                        <i>1 0 0 0 1 0 0 0 1 0 0 0</i>
                        <i>1 0 0 0 1 0 0 0 1 0 0 0</i>
                        <i>1 0 0 0 1 0 0 0 1 0 0 0</i>
                        <i>1 0 0 0 1 0 0 0 1 0 0 0</i>
                        <i>1 0 0 0 1 0 0 0 1 0 0 0</i>
                        <i>1 0 0 0 1 0 0 0 1 0 0 0</i>
                        <i>1 0 0 0 1 0 0 0 1 0 0 0</i>
                        <i>1 0 0 0 1 0 0 0 1 0 0 0</i>
                        <i>1 0 0 0 1 0 0 0 1 0 0 0</i>
                        <i>1 0 0 0 1 0 0 0 1 0 0 0</i>
                        <i>1 0 0 0 1 0 0 0 1 0 0 0</i>
                        <i>1 0 0 0 1 0 0 0 1 0 0 0</i>
                        <i>1 0 0 0 1 0 0 0 1 0 0 0</i>
                        <i>1 0 0 0 1 0 0 0 1 0 0 0</i>
                        <i>1 0 0 0 1 0 0 0 1 0 0 0</i>
                        <i>1 0 0 0 1 0 0 0 1 0 0 0</i>
                        <i>1 0 0 0 1 0 0 0 1 0 0 0</i>
                        <i>1 0 0 0 1 0 0 0 1 0 0 0</i>
                        <i>1 0 0 0 1 0 0 0 1 0 0 0</i>
                        <i>1 0 0 0 1 0 0 0 1 0 0 0</i>
                        <i>1 0 0 0 1 0 0 0 1 0 0 0</i>
                        <i>1 0 0 0 1 0 0 0 1 0 0 0</i>
                        <i>1 0 0 0 1 0 0 0 1 0 0 0</i>
                        <i>1 0 0 0 1 0 0 0 1 0 0 0</i>
                        <i>1 0 0 0 1 0 0 0 1 0 0 0</i>
                        <i>1 0 0 0 1 0 0 0 1 0 0 0</i>
                        <i>1 0 0 0 1 0 0 0 1 0 0 0</i>
                        <i>1 0 0 0 1 0 0 0 1 0 0 0</i>
                        <i>1 0 0 0 1 0 0 0 1 0 0 0</i>
                        <i>1 0 0 0 1 0 0 0 1 0 0 0</i>
                        <i>1 0 0 0 1 0 0 0 1 0 0 0</i>
                        <i>1 0 0 0 1 0 0 0 1 0 0 0</i>
                        <i>1 0 0 0 1 0 0 0 1 0 0 0</i>
                        <i>1 0 0 0 1 0 0 0 1 0 0 0</i>
                        <i>1 0 0 0 1 0 0 0 1 0 0 0</i>
                        <i>1 0 0 0 1 0 0 0 1 0 0 0</i>
                        <i>1 0 0 0 1 0 0 0 1 0 0 0</i>
                        <i>1 0 0 0 1 0 0 0 1 0 0 0</i>
                        <i>1 0 0 0 1 0 0 0 1 0 0 0</i>
                        <i>1 0 0 0 1 0 0 0 1 0 0 0</i>
                        <i>1 0 0 0 1 0 0 0 1 0 0 0</i>
                        <i>1 0 0 0 1 0 0 0 1 0 0 0</i>
                        <i>1 0 0 0 1 0 0 0 1 0 0 0</i>
                        <i>1 0 0 0 1 0 0 0 1 0 0 0</i>
                    </KeyFrames>
                </p>
            </i>
            <i>
                <p>
                    <Name><![CDATA[base]]></Name>
                    <Exclude>0</Exclude>
                    <Additive>0</Additive>
                    <IKPriority>0</IKPriority>
                    <IKRotLimits>-1e+010 -1e+010 -1e+010 1e+010 1e+010 1e+010</IKRotLimits>
                    <IKRotLimitOrder>0</IKRotLimitOrder>
                    <KeyFrames count="45">
                        <i>1 0.000507398 1.69407e-021 -0.000506751 0.998726 0.0504553 2.56009e-005 -0.0504553 0.998726 -0.0128706 8.22304 0.00606723</i>
                        <i>1 -0.0007121 0 0.000711088 0.998579 0.0532905 -3.79481e-005 -0.0532905 0.998579 -0.0106439 8.22436 0.00547611</i>
                        <i>0.999999 -0.00107233 0 0.00107077 0.998541 0.0539924 -5.78977e-005 -0.0539923 0.998541 0.000374308 8.32628 0.00224929</i>
                        <i>1 -0.000566074 0 0.000565345 0.998711 0.0507485 -2.87274e-005 -0.0507485 0.998711 0.00638814 8.32865 0.00278808</i>
                        <i>0.999999 0.00114346 0 -0.00114219 0.998885 0.0472042 5.39763e-005 -0.0472042 0.998885 0.00681783 8.26793 0.00383639</i>
                        <i>0.999998 0.00194075 -6.77626e-021 -0.00193857 0.998879 0.0472904 9.17788e-005 -0.0472904 0.998881 -0.000226598 8.31331 0.000763464</i>
                        <i>1 0.000935788 0 -0.0009347 0.998837 0.0482033 4.5108e-005 -0.0482032 0.998838 -0.0109162 8.2355 0.00514183</i>
                        <i>0.999999 0.00110145 -3.38813e-021 -0.00110017 0.998831 0.0483209 5.32232e-005 -0.0483209 0.998832 -0.00778283 8.30852 0.0122875</i>
                        <i>1 0.000276127 0 -0.000275803 0.998825 0.0484685 1.33835e-005 -0.0484685 0.998825 -0.00791631 8.28509 0.0154518</i>
                        <i>1 -0.000986023 0 0.00098496 0.998921 0.046426 -4.57771e-005 -0.046426 0.998922 -0.00634583 8.32232 0.0120594</i>
                        <i>1 -0.000298911 -1.69407e-021 0.000298586 0.998915 0.0465732 -1.39212e-005 -0.0465732 0.998915 0.0021301 8.34108 0.0108062</i>
                        <i>0.999999 -0.00102901 -3.38813e-021 0.00102768 0.998701 0.0509369 -5.24147e-005 -0.0509369 0.998702 0.0074369 8.32331 0.0197333</i>
                        <i>0.999999 -0.00150046 -6.77626e-021 0.00149847 0.998672 0.0515011 -7.72755e-005 -0.051501 0.998673 0.0162403 8.27294 0.0181794</i>
                        <i>0.999996 -0.0028176 0 0.00281399 0.998713 0.0506302 -0.000142656 -0.05063 0.998717 0.0270485 8.24778 0.0067544</i>
                        <i>0.999998 -0.00192108 0 0.00191856 0.998688 0.0511696 -9.83009e-005 -0.0511695 0.99869 0.0318516 8.23466 0.00335717</i>
                        <i>1 0.000906152 -3.38813e-021 -0.000904821 0.99853 0.0541877 4.91023e-005 -0.0541877 0.998531 0.0321006 8.2382 0.0116468</i>
                        <i>0.999999 0.00131858 6.77626e-021 -0.00131642 0.998362 0.0571991 7.54216e-005 -0.057199 0.998363 0.0287052 8.23328 0.0146812</i>
                        <i>1 0.000278344 0 -0.000277891 0.998373 0.0570244 1.58724e-005 -0.0570244 0.998373 0.0331304 8.25076 0.015326</i>
                        <i>1 0.000254673 0 -0.000254284 0.998472 0.0552677 1.40752e-005 -0.0552677 0.998472 0.035665 8.34103 0.00960645</i>
                        <i>0.999998 0.00188135 0 -0.00187897 0.998734 0.0502744 9.45835e-005 -0.0502743 0.998735 0.0352875 8.25719 -0.0055339</i>
                        <i>0.999997 0.00227577 -6.77626e-021 -0.00227344 0.998975 0.0452016 0.000102868 -0.0452015 0.998978 0.0306923 8.2826 -0.0158965</i>
                        <i>0.999997 0.00232277 6.77626e-021 -0.00232066 0.999088 0.0426371 9.90362e-005 -0.042637 0.999091 0.0140017 8.20791 -0.0169659</i>
                        <i>0.999997 0.0025597 -6.77626e-021 -0.00255714 0.998994 0.0447783 0.000114619 -0.0447781 0.998997 0.0093068 8.21917 -0.0052713</i>
                        <i>0.999995 0.00310191 0 -0.00309817 0.998791 0.049068 0.000152204 -0.0490677 0.998795 0.0135772 8.2743 0.0083915</i>
                        <i>0.999998 0.00178003 0 -0.0017778 0.998749 0.0499624 8.89343e-005 -0.0499623 0.998751 0.0125782 8.288 0.00523611</i>
                        <i>1 -0.000512109 -1.69407e-021 0.00051145 0.998713 0.0507144 -2.59713e-005 -0.0507144 0.998713 0.0138786 8.22295 -0.010276</i>
                        <i>0.999996 -0.0028412 0 0.00283792 0.998842 0.0480249 -0.000136449 -0.0480247 0.998846 0.0139063 8.27116 -0.0111915</i>
                        <i>0.999991 -0.00428521 0 0.00427985 0.99874 0.0499931 -0.000214231 -0.0499926 0.99875 0.00989857 8.28232 -0.00535086</i>
                        <i>0.999998 -0.00198359 0 0.00198098 0.998683 0.0512674 -0.000101693 -0.0512673 0.998685 0.00757201 8.3397 -0.00253573</i>
                        <i>0.999999 0.00138621 0 -0.00138454 0.998797 0.0490268 6.79613e-005 -0.0490267 0.998797 0.00911421 8.30153 -0.00844846</i>
                        <i>0.999995 0.00308819 0 -0.00308471 0.998871 0.0473962 0.000146368 -0.047396 0.998876 0.00434682 8.31359 -0.00151142</i>
                        <i>0.999998 0.00211421 0 -0.00211195 0.998928 0.0462465 9.7775e-005 -0.0462464 0.99893 0.00461082 8.32798 0.0104302</i>
                        <i>0.999998 0.00197703 -6.77626e-021 -0.00197524 0.999091 0.0425832 8.41883e-005 -0.0425831 0.999093 0.000917377 8.21529 0.0183427</i>
                        <i>0.999998 0.0020633 -6.77626e-021 -0.00206165 0.999199 0.0399592 8.24478e-005 -0.0399591 0.999201 0.0018238 8.26067 0.0202639</i>
                        <i>0.999997 0.0026003 0 -0.00259841 0.999268 0.0381553 9.92153e-005 -0.0381552 0.999272 -0.0039396 8.28001 0.0163562</i>
                        <i>0.999994 0.00340632 -1.35525e-020 -0.00340374 0.999239 0.0388598 0.000132369 -0.0388596 0.999245 -0.0164658 8.2741 0.00950104</i>
                        <i>0.999993 0.00366478 1.35525e-020 -0.00366201 0.999237 0.0388791 0.000142483 -0.0388789 0.999244 -0.0219657 8.29981 -0.00660291</i>
                        <i>0.999998 0.00176746 -6.77626e-021 -0.00176605 0.999202 0.0398995 7.05209e-005 -0.0398995 0.999204 -0.0278619 8.30269 -0.0181149</i>
                        <i>0.999999 0.00109635 -3.38813e-021 -0.00109548 0.999207 0.039812 4.36477e-005 -0.039812 0.999207 -0.0272767 8.32218 -0.0125515</i>
                        <i>1 0.000822448 0 -0.000821724 0.99912 0.0419405 3.44939e-005 -0.0419405 0.99912 -0.0216547 8.33992 -0.00310679</i>
                        <i>0.999999 -0.001479 6.77626e-021 0.00147736 0.99889 0.0470719 -6.96195e-005 -0.0470719 0.998892 -0.0160926 8.21958 0.00439883</i>
                        <i>0.999999 -0.00142315 -6.77626e-021 0.00142136 0.998743 0.0501136 -7.13193e-005 -0.0501136 0.998744 -0.00499801 8.26362 0.00470625</i>
                        <i>1 0.000568615 1.69407e-021 -0.000567964 0.998854 0.0478503 2.72084e-005 -0.0478503 0.998855 -0.00460178 8.21378 -0.00160622</i>
                        <i>0.999998 0.00183315 0 -0.00183154 0.99912 0.0419134 7.68337e-005 -0.0419134 0.999121 -0.0106032 8.26995 -0.00771506</i>
                        <i>1 0.000596271 0 -0.000595844 0.999284 0.0378308 2.25574e-005 -0.0378308 0.999284 -0.0169971 8.34258 -0.00467966</i>
                    </KeyFrames>
                </p>
            </i>
            <i>
                <p>
                    <Name><![CDATA[plow]]></Name>
                    <Exclude>0</Exclude>
                    <Additive>0</Additive>
                    <IKPriority>0</IKPriority>
                    <IKRotLimits>-1e+010 -1e+010 -1e+010 1e+010 1e+010 1e+010</IKRotLimits>
                    <IKRotLimitOrder>0</IKRotLimitOrder>
                    <KeyFrames count="45">
                        <i>1 0.000507398 1.69407e-021 -0.0005013 0.987983 0.154564 7.84254e-005 -0.154564 0.987983 -0.0131186 8.71174 21.2289</i>
                        <i>1 -0.0007121 0 0.000703227 0.98754 0.157368 -0.000112062 -0.157368 0.98754 -0.0103388 8.65281 21.2296</i>
                        <i>0.999999 -0.00107233 0 0.00105885 0.987429 0.158062 -0.000169495 -0.158062 0.987429 0.000817748 8.73981 21.2267</i>
                        <i>1 -0.000566074 0 0.000559246 0.987937 0.154854 -8.76589e-005 -0.154854 0.987937 0.00666126 8.81112 21.2258</i>
                        <i>0.999999 0.00114346 0 -0.00113025 0.98844 0.151609 0.000173359 -0.151609 0.988441 0.00618003 8.82571 21.225</i>
                        <i>0.999998 0.00194075 -6.77626e-021 -0.00191823 0.988395 0.151891 0.000294782 -0.151891 0.988397 -0.00130555 8.86925 21.222</i>
                        <i>1 0.000935788 0 -0.00092478 0.988236 0.152934 0.000143114 -0.152934 0.988236 -0.0114183 8.77206 21.2268</i>
                        <i>0.999999 0.00110145 -3.38813e-021 -0.00108846 0.988204 0.153142 0.000168679 -0.153142 0.988204 -0.00837106 8.84257 21.234</i>
                        <i>1 0.000276127 0 -0.000272862 0.988174 0.153339 4.2341e-005 -0.153339 0.988174 -0.00806291 8.81601 21.2373</i>
                        <i>1 -0.000986023 0 0.000974666 0.988482 0.151336 -0.000149221 -0.151336 0.988482 -0.00577954 8.89663 21.2328</i>
                        <i>1 -0.000298911 -1.69407e-021 0.000295462 0.988461 0.151476 -4.52778e-005 -0.151476 0.988461 0.00230084 8.91226 21.2316</i>
                        <i>0.999999 -0.00102901 -3.38813e-021 0.00101645 0.987793 0.155771 -0.00016029 -0.155771 0.987793 0.00792925 8.80177 21.2428</i>
                        <i>0.999999 -0.00150046 -6.77626e-021 0.00148202 0.987709 0.156299 -0.000234521 -0.156299 0.98771 0.0169403 8.73941 21.2415</i>
                        <i>0.999996 -0.0028176 0 0.00278337 0.987846 0.155408 -0.000437877 -0.155407 0.98785 0.028415 8.73277 21.2297</i>
                        <i>0.999998 -0.00192108 0 0.00189759 0.987768 0.155919 -0.000299533 -0.155919 0.98777 0.0327613 8.70818 21.2265</i>
                        <i>1 0.000906152 -3.38813e-021 -0.000894639 0.987295 0.158898 0.000143986 -0.158898 0.987295 0.0317297 8.64757 21.2362</i>
                        <i>0.999999 0.00131858 6.77626e-021 -0.00130119 0.986807 0.161893 0.000213469 -0.161893 0.986808 0.0282498 8.57864 21.2403</i>
                        <i>1 0.000278344 0 -0.000274678 0.986828 0.161771 4.50281e-005 -0.161771 0.986828 0.0330332 8.59984 21.2409</i>
                        <i>1 0.000254673 0 -0.000251387 0.987096 0.160126 4.07798e-005 -0.160126 0.987096 0.0355665 8.72745 21.2346</i>
                        <i>0.999998 0.00188135 0 -0.00185851 0.987861 0.155328 0.000292226 -0.155328 0.987863 0.0343608 8.74973 21.2172</i>
                        <i>0.999997 0.00227577 -6.77626e-021 -0.00224985 0.988606 0.150506 0.000342517 -0.150506 0.988609 0.0293261 8.88291 21.2041</i>
                        <i>0.999997 0.00232277 6.77626e-021 -0.00229711 0.98895 0.14823 0.000344303 -0.148229 0.988953 0.0124807 8.86269 21.2014</i>
                        <i>0.999997 0.0025597 -6.77626e-021 -0.00253048 0.988579 0.150683 0.000385704 -0.150683 0.988582 0.00774714 8.82848 21.2145</i>
                        <i>0.999995 0.00310191 0 -0.00306425 0.987856 0.155342 0.000481858 -0.155342 0.987861 0.0119698 8.79248 21.2305</i>
                        <i>0.999998 0.00178003 0 -0.00175803 0.98764 0.156731 0.000278986 -0.156731 0.987641 0.0116896 8.78717 21.2278</i>
                        <i>1 -0.000512109 -1.69407e-021 0.00050567 0.987427 0.158076 -8.09522e-005 -0.158076 0.987427 0.014126 8.70614 21.2127</i>
                        <i>0.999996 -0.0028412 0 0.00280636 0.987734 0.156123 -0.000443578 -0.156123 0.987738 0.0154415 8.8115 21.2104</i>
                        <i>0.999991 -0.00428521 0 0.00423078 0.987287 0.158889 -0.000680873 -0.158887 0.987296 0.0120348 8.78083 21.2173</i>
                        <i>0.999998 -0.00198359 0 0.00195768 0.986938 0.161089 -0.000319534 -0.161089 0.98694 0.00850716 8.81114 21.2207</i>
                        <i>0.999999 0.00138621 0 -0.00136836 0.987125 0.159945 0.000221717 -0.159945 0.987126 0.00839469 8.82059 21.2137</i>
                        <i>0.999995 0.00308819 0 -0.00304863 0.987187 0.159541 0.000492693 -0.15954 0.987191 0.0026369 8.86729 21.2197</i>
                        <i>0.999998 0.00211421 0 -0.00208699 0.987124 0.159946 0.000338159 -0.159945 0.987126 0.00338854 8.9061 21.231</i>
                        <i>0.999998 0.00197703 -6.77626e-021 -0.00195209 0.987381 0.15835 0.000313062 -0.158349 0.987383 -0.000379424 8.87122 21.2367</i>
                        <i>0.999998 0.0020633 -6.77626e-021 -0.00203731 0.987404 0.158207 0.000326428 -0.158206 0.987406 0.00035544 8.97232 21.2368</i>
                        <i>0.999997 0.0026003 0 -0.00256712 0.987236 0.159242 0.000414077 -0.159242 0.98724 -0.00588971 9.02996 21.2316</i>
                        <i>0.999994 0.00340632 -1.35525e-020 -0.00336073 0.98661 0.163064 0.000555448 -0.163063 0.986616 -0.0189695 9.0091 21.2252</i>
                        <i>0.999993 0.00366478 1.35525e-020 -0.00361365 0.986042 0.166459 0.000610034 -0.166457 0.986048 -0.0246578 9.03439 21.2092</i>
                        <i>0.999998 0.00176746 -6.77626e-021 -0.00174142 0.985264 0.171031 0.000302291 -0.171031 0.985266 -0.0291219 9.01562 21.1984</i>
                        <i>0.999999 0.00109635 -3.38813e-021 -0.0010795 0.984631 0.174644 0.00019147 -0.174644 0.984632 -0.0280603 9.03696 21.2039</i>
                        <i>1 0.000822448 0 -0.000808937 0.983572 0.180513 0.000148463 -0.180513 0.983573 -0.0222054 9.00951 21.2148</i>
                        <i>0.999999 -0.001479 6.77626e-021 0.00145225 0.981909 0.189348 -0.000280046 -0.189348 0.98191 -0.0152635 8.78016 21.2255</i>
                        <i>0.999999 -0.00142315 -6.77626e-021 0.00139553 0.980587 0.196079 -0.00027905 -0.196079 0.980588 -0.00429218 8.75958 21.2274</i>
                        <i>1 0.000568615 1.69407e-021 -0.000557415 0.980303 0.197501 0.000112302 -0.197501 0.980303 -0.00491113 8.75783 21.2199</i>
                        <i>0.999998 0.00183315 0 -0.0017979 0.980769 0.195164 0.000357765 -0.195163 0.980771 -0.0118317 8.94011 21.2102</i>
                        <i>1 0.000596271 0 -0.000584892 0.980915 0.194436 0.000115936 -0.194436 0.980915 -0.0174484 9.09943 21.2103</i>
                    </KeyFrames>
                </p>
            </i>
            <i>
                <p>
                    <Name><![CDATA[torso_base_pivots]]></Name>
                    <Exclude>0</Exclude>
                    <Additive>0</Additive>
                    <IKPriority>0</IKPriority>
                    <IKRotLimits>-1e+010 -1e+010 -1e+010 1e+010 1e+010 1e+010</IKRotLimits>
                    <IKRotLimitOrder>0</IKRotLimitOrder>
                    <KeyFrames count="45">
                        <i>1 0.000274568 -1.96984e-005 -0.000270265 0.992877 0.119148 5.22722e-005 -0.119148 0.992877 -0.0154332 13.2734 9.95541</i>
                        <i>0.999999 -0.00123914 -4.58607e-005 0.00123557 0.992642 0.121083 -0.000104515 -0.121083 0.992642 -0.00706767 13.2464 9.96911</i>
                        <i>0.999999 -0.00138671 -2.68429e-005 0.0013803 0.993111 0.117167 -0.000135819 -0.117167 0.993112 0.0057521 13.3413 9.96941</i>
                        <i>1 -0.000448862 9.56815e-006 0.000444906 0.993596 0.11299 -6.02239e-005 -0.11299 0.993596 0.00924535 13.3761 9.95361</i>
                        <i>0.999999 0.00125816 9.10542e-006 -0.00125126 0.993698 0.112081 0.000131969 -0.112081 0.993699 0.00100596 13.3506 9.93668</i>
                        <i>0.999998 0.0021233 1.51085e-005 -0.00211009 0.992932 0.118662 0.000236953 -0.118662 0.992935 -0.0100891 13.3951 9.93405</i>
                        <i>0.999999 0.00122696 2.48668e-005 -0.00122071 0.992411 0.122958 0.000126186 -0.122958 0.992412 -0.0156632 13.3082 9.94307</i>
                        <i>0.999999 0.00134001 2.15717e-005 -0.00133101 0.991151 0.132732 0.000156481 -0.132732 0.991152 -0.0133689 13.3801 9.95081</i>
                        <i>1 0.00040171 1.09657e-005 -0.000399871 0.99197 0.126469 3.99264e-005 -0.126469 0.991971 -0.0093163 13.3552 9.95472</i>
                        <i>0.999999 -0.00107933 -8.2111e-006 0.00107126 0.991534 0.129843 -0.000132002 -0.129843 0.991535 -0.00132656 13.4127 9.94094</i>
                        <i>1 -0.000346385 -4.12964e-006 0.000344077 0.991813 0.127697 -4.01366e-005 -0.127697 0.991813 0.00365125 13.43 9.94044</i>
                        <i>0.999999 -0.00106468 -3.27526e-006 0.00105567 0.991128 0.132907 -0.000138256 -0.132907 0.991129 0.0126288 13.3688 9.97151</i>
                        <i>0.999999 -0.00129452 1.9042e-005 0.00128038 0.991037 0.133581 -0.000191795 -0.133581 0.991038 0.0238025 13.3128 9.9728</i>
                        <i>0.999997 -0.00249699 2.90865e-005 0.00247166 0.991377 0.131019 -0.00035599 -0.131019 0.99138 0.0412734 13.2963 9.95698</i>
                        <i>0.999998 -0.00180731 1.10583e-005 0.0017871 0.989693 0.143197 -0.000269746 -0.143197 0.989694 0.04154 13.2779 9.9563</i>
                        <i>1 0.000806352 -9.05348e-006 -0.000798619 0.991841 0.127477 0.000111771 -0.127477 0.991841 0.027558 13.2513 9.97979</i>
                        <i>0.999999 0.00108962 -2.12992e-005 -0.00107776 0.991641 0.129024 0.000161708 -0.129024 0.991641 0.0221347 13.2163 9.9979</i>
                        <i>1 -3.06899e-005 -2.73979e-005 3.37702e-005 0.992701 0.120603 2.34966e-005 -0.120603 0.992701 0.0317429 13.2355 9.99767</i>
                        <i>1 -5.2935e-006 -2.27277e-005 7.98088e-006 0.992783 0.119924 2.19289e-005 -0.119924 0.992783 0.034391 13.3433 9.98317</i>
                        <i>0.999998 0.00176936 -8.9811e-006 -0.0017575 0.99386 0.110629 0.000204669 -0.110629 0.993862 0.0257827 13.3093 9.94289</i>
                        <i>0.999997 0.00227784 1.65019e-007 -0.00226286 0.993411 0.114582 0.000260835 -0.114581 0.993414 0.01908 13.3852 9.90674</i>
                        <i>0.999997 0.00236691 3.47733e-006 -0.00235149 0.993312 0.115439 0.000269779 -0.115438 0.993315 0.00209041 13.3359 9.89254</i>
                        <i>0.999997 0.00260733 3.70444e-006 -0.00259153 0.99378 0.111329 0.000286589 -0.111328 0.993784 -0.00376505 13.3259 9.9152</i>
                        <i>0.999995 0.00309261 -8.50877e-007 -0.00306458 0.990971 0.134041 0.000415378 -0.13404 0.990976 -0.00213131 13.3384 9.9507</i>
                        <i>0.999998 0.00181467 3.31174e-006 -0.00179694 0.989971 0.141262 0.000253065 -0.141262 0.989972 0.00357973 13.3432 9.95208</i>
                        <i>1 -0.000419483 8.31483e-006 0.000414902 0.991637 0.12906 -6.23839e-005 -0.12906 0.991637 0.0164636 13.2707 9.94037</i>
                        <i>0.999996 -0.00284635 -4.20027e-007 0.00282727 0.993277 0.115724 -0.000328973 -0.115723 0.993281 0.0283241 13.3457 9.92583</i>
                        <i>0.99999 -0.00438805 -9.45138e-006 0.00434976 0.990975 0.133975 -0.000578525 -0.133974 0.990985 0.03156 13.3372 9.94165</i>
                        <i>0.999998 -0.00193282 4.57526e-006 0.00191603 0.991615 0.12921 -0.000254276 -0.129209 0.991617 0.0175737 13.3819 9.95091</i>
                        <i>0.999999 0.00170215 2.51547e-005 -0.00169446 0.993849 0.11073 0.000163479 -0.11073 0.993851 0.00209369 13.3661 9.93366</i>
                        <i>0.999995 0.00329385 1.51278e-005 -0.00327873 0.994945 0.100367 0.000315542 -0.100366 0.99495 -0.0113435 13.3943 9.93231</i>
                        <i>0.999998 0.00211081 -2.87483e-007 -0.0020947 0.992383 0.123175 0.000260285 -0.123175 0.992385 -0.00615518 13.4202 9.9384</i>
                        <i>0.999999 0.00163397 -2.82014e-005 -0.00161827 0.992499 0.12224 0.000227726 -0.12224 0.992501 -0.00922196 13.3438 9.92757</i>
                        <i>0.999999 0.00157684 -3.55453e-005 -0.00156403 0.994278 0.106809 0.000203763 -0.106809 0.99428 -0.00881163 13.4152 9.91599</i>
                        <i>0.999997 0.00224793 -2.64653e-005 -0.00223064 0.993635 0.112627 0.000279474 -0.112627 0.993637 -0.0173895 13.4524 9.90276</i>
                        <i>0.999995 0.00315542 -2.0372e-005 -0.00312856 0.992283 0.123951 0.000411332 -0.12395 0.992288 -0.034061 13.4395 9.89955</i>
                        <i>0.999993 0.00366914 3.41952e-007 -0.00364343 0.992974 0.118273 0.000433622 -0.118272 0.992981 -0.0408953 13.465 9.88355</i>
                        <i>0.999998 0.00180376 2.6369e-006 -0.00179387 0.994362 0.106026 0.000188624 -0.106026 0.994363 -0.0369734 13.4579 9.8773</i>
                        <i>0.999999 0.00143122 2.37302e-005 -0.00142611 0.994723 0.102586 0.000123218 -0.102585 0.994724 -0.0329295 13.4782 9.88242</i>
                        <i>0.999999 0.00140023 4.17229e-005 -0.00139706 0.994666 0.10314 0.000102918 -0.10314 0.994667 -0.0258779 13.4749 9.90282</i>
                        <i>1 -0.00100605 3.72636e-005 0.00099569 0.993816 0.111035 -0.00014874 -0.111035 0.993816 -0.00857335 13.3036 9.93657</i>
                        <i>0.999999 -0.00123511 1.60717e-005 0.00122406 0.992629 0.121187 -0.000165632 -0.121187 0.99263 0.00219422 13.3173 9.95232</i>
                        <i>1 0.000516579 -4.02275e-006 -0.000513163 0.994223 0.107333 5.94452e-005 -0.107333 0.994223 -0.00748821 13.29 9.93453</i>
                        <i>0.999998 0.00185187 1.31091e-006 -0.00184293 0.995102 0.0988396 0.000181734 -0.0988395 0.995103 -0.0200168 13.4052 9.89807</i>
                        <i>1 0.000780632 1.2532e-005 -0.000778048 0.995103 0.0988421 6.46887e-005 -0.0988421 0.995103 -0.0200832 13.5182 9.88005</i>
                    </KeyFrames>
                </p>
            </i>
            <i>
                <p>
                    <Name><![CDATA[torso_base]]></Name>
                    <Exclude>0</Exclude>
                    <Additive>0</Additive>
                    <IKPriority>0</IKPriority>
                    <IKRotLimits>-1e+010 -1e+010 -1e+010 1e+010 1e+010 1e+010</IKRotLimits>
                    <IKRotLimitOrder>0</IKRotLimitOrder>
                    <KeyFrames count="45">
                        <i>0.999998 -0.0018066 -0.000116902 0.00181028 0.998526 0.0542495 1.87228e-005 -0.0542496 0.998527 -0.0218926 25.1725 1.75336</i>
                        <i>0.999987 -0.00518705 -0.000238812 0.00519249 0.999128 0.0414394 2.36553e-005 -0.0414401 0.999141 0.000987975 25.1513 1.82201</i>
                        <i>0.999992 -0.00387111 -0.000151334 0.00387403 0.999056 0.0432601 -1.62737e-005 -0.0432604 0.999064 0.0181654 25.3107 1.77362</i>
                        <i>1 0.000128658 3.53021e-005 -0.00013002 0.999127 0.0417671 -2.98976e-005 -0.0417671 0.999127 0.015583 25.317 1.7022</i>
                        <i>0.999998 0.00183821 3.28314e-005 -0.00183781 0.998976 0.0452061 5.03004e-005 -0.0452061 0.998978 -0.0129746 25.2081 1.65631</i>
                        <i>0.999995 0.00323671 6.13557e-005 -0.00323587 0.998815 0.0485642 9.59053e-005 -0.0485641 0.99882 -0.033607 25.2957 1.7382</i>
                        <i>0.999995 0.00315508 0.000107102 -0.00315657 0.998832 0.0482096 4.51284e-005 -0.0482097 0.998837 -0.0272334 25.2217 1.80649</i>
                        <i>0.999996 0.00286378 8.5257e-005 -0.0028645 0.998775 0.0494066 5.63372e-005 -0.0494067 0.998779 -0.0267777 25.1708 1.92507</i>
                        <i>0.999999 0.00107345 3.86904e-005 -0.00107403 0.998718 0.0506167 1.56936e-005 -0.0506168 0.998718 -0.0129862 25.118 1.84024</i>
                        <i>0.999998 -0.00203917 -4.89463e-005 0.00203937 0.999056 0.0434006 -3.96012e-005 -0.0434006 0.999058 0.00990893 25.2353 1.89535</i>
                        <i>1 -0.000961698 -3.09016e-005 0.000962153 0.999144 0.0413455 -8.88669e-006 -0.0413455 0.999145 0.00678875 25.3378 1.88213</i>
                        <i>0.999999 -0.00159721 -2.89798e-005 0.00159682 0.998905 0.0467661 -4.57471e-005 -0.0467661 0.998906 0.0245151 25.33 1.97696</i>
                        <i>1 3.64004e-005 7.92553e-005 -4.081e-005 0.99841 0.0563683 -7.70775e-005 -0.0563684 0.99841 0.0413487 25.2878 1.96673</i>
                        <i>1 -0.00015841 0.000134808 0.000149643 0.998031 0.0627159 -0.000144478 -0.0627159 0.998031 0.0745571 25.2588 1.90105</i>
                        <i>0.999999 -0.00114898 3.95598e-005 0.0011439 0.99784 0.0656854 -0.000114946 -0.0656853 0.99784 0.0642966 25.3432 2.06964</i>
                        <i>1 -0.000290598 -6.49446e-005 0.000294117 0.998007 0.0630941 4.64801e-005 -0.0630941 0.998008 0.01624 25.2759 1.88418</i>
                        <i>1 -0.000922042 -0.000128372 0.000927824 0.998401 0.0565242 7.60487e-005 -0.0565243 0.998401 0.00580364 25.2817 1.94257</i>
                        <i>0.999997 -0.00262397 -0.000165773 0.00262915 0.998381 0.056817 1.6418e-005 -0.0568172 0.998385 0.0280044 25.1512 1.81124</i>
                        <i>0.999997 -0.00219726 -0.00013572 0.00220136 0.998615 0.05256 2.00443e-005 -0.0525602 0.998618 0.0309366 25.2509 1.79605</i>
                        <i>1 0.000702111 -5.93604e-005 -0.000698835 0.999039 0.0438336 9.00794e-005 -0.0438335 0.999039 0.00318788 25.095 1.63843</i>
                        <i>0.999998 0.00203742 -1.07847e-005 -0.00203602 0.99948 0.0321796 7.63426e-005 -0.0321796 0.999482 -0.00817258 25.1749 1.68113</i>
                        <i>0.999997 0.00241865 4.09186e-006 -0.0024176 0.999509 0.0312367 7.1461e-005 -0.0312367 0.999512 -0.0256859 25.1125 1.67899</i>
                        <i>0.999996 0.00268092 5.43345e-006 -0.00267995 0.999575 0.0290313 7.23996e-005 -0.0290312 0.999579 -0.0343385 25.1052 1.65259</i>
                        <i>0.999996 0.00276932 -1.63391e-005 -0.00276667 0.999265 0.0382281 0.000122193 -0.0382279 0.999269 -0.0391308 25.1303 1.96933</i>
                        <i>0.999998 0.00179889 9.43567e-007 -0.00179682 0.998823 0.0484778 8.62637e-005 -0.0484777 0.998824 -0.0178223 25.1296 2.04064</i>
                        <i>1 1.43488e-005 2.67334e-005 -1.58188e-005 0.998441 0.0558244 -2.58907e-005 -0.0558244 0.998441 0.0221026 25.1058 1.85738</i>
                        <i>0.999995 -0.00317627 -1.61104e-005 0.00317225 0.998446 0.0556459 -0.000160661 -0.0556456 0.998451 0.0612347 25.0774 1.65643</i>
                        <i>0.999985 -0.00546125 -5.88681e-005 0.00545629 0.998486 0.0547263 -0.000240095 -0.0547258 0.998501 0.0813523 25.0551 1.91015</i>
                        <i>0.999998 -0.00182561 8.10965e-006 0.00182243 0.998497 0.054777 -0.000108099 -0.0547768 0.998499 0.0405972 25.2016 1.87024</i>
                        <i>0.999993 0.00367682 0.000112437 -0.00367845 0.99928 0.0377594 2.64784e-005 -0.0377595 0.999287 -0.0148823 25.3081 1.66117</i>
                        <i>0.99999 0.00443805 6.40507e-005 -0.0044381 0.999599 0.0279784 6.01443e-005 -0.0279784 0.999609 -0.0487344 25.3654 1.54597</i>
                        <i>0.999998 0.001845 -1.24636e-005 -0.00184411 0.999687 0.0249538 5.84994e-005 -0.0249537 0.999689 -0.0318093 25.3547 1.86243</i>
                        <i>1 -0.000979011 -0.000125992 0.000982058 0.999634 0.0270238 9.94893e-005 -0.0270239 0.999635 -0.0330695 25.1927 1.82341</i>
                        <i>0.999998 -0.00217951 -0.000169674 0.00218384 0.999479 0.0322126 9.93782e-005 -0.0322129 0.999481 -0.033599 25.2242 1.58939</i>
                        <i>1 -0.000636947 -0.000123608 0.000640931 0.99937 0.03548 0.000100931 -0.03548 0.99937 -0.0484872 25.2494 1.64449</i>
                        <i>0.999999 0.00107993 -9.04714e-005 -0.00107643 0.999473 0.0324428 0.00012546 -0.0324427 0.999474 -0.0744438 25.1709 1.79055</i>
                        <i>0.999994 0.00343751 -8.84272e-006 -0.00343556 0.999507 0.0311963 0.000116076 -0.031196 0.999513 -0.0845404 25.2592 1.70978</i>
                        <i>0.999998 0.00180386 1.45355e-006 -0.00180286 0.999417 0.034087 6.00355e-005 -0.0340869 0.999419 -0.0584516 25.3711 1.54716</i>
                        <i>0.999993 0.00365544 0.000101964 -0.0036567 0.999301 0.0371986 3.40849e-005 -0.0371988 0.999308 -0.0463747 25.3571 1.49615</i>
                        <i>0.999986 0.00535099 0.000190097 -0.00535436 0.999294 0.0371767 8.96933e-006 -0.0371772 0.999309 -0.036018 25.291 1.5175</i>
                        <i>0.999998 0.00207319 0.000167394 -0.00207802 0.99929 0.0376083 -8.93059e-005 -0.0376085 0.999293 0.0084483 25.0976 1.65213</i>
                        <i>1 -0.000170685 6.28447e-005 0.000168033 0.999199 0.0400223 -6.96255e-005 -0.0400223 0.999199 0.0185818 25.1287 1.79856</i>
                        <i>1 -0.000129394 -3.34383e-005 0.000130698 0.999097 0.0424907 2.791e-005 -0.0424907 0.999097 -0.0146704 25.1791 1.60075</i>
                        <i>0.999999 0.00171512 -4.95149e-006 -0.00171315 0.99898 0.0451271 8.23449e-005 -0.045127 0.998981 -0.042265 25.3116 1.44836</i>
                        <i>0.999998 0.0019402 5.08784e-005 -0.00194053 0.998994 0.0448092 3.61116e-005 -0.0448092 0.998996 -0.0275197 25.2825 1.41705</i>
                    </KeyFrames>
                </p>
            </i>
            <i>
                <p>
                    <Name><![CDATA[l_wheel_1]]></Name>
                    <Exclude>0</Exclude>
                    <Additive>0</Additive>
                    <IKPriority>0</IKPriority>
                    <IKRotLimits>-1e+010 -1e+010 -1e+010 1e+010 1e+010 1e+010</IKRotLimits>
                    <IKRotLimitOrder>0</IKRotLimitOrder>
                    <KeyFrames count="45">
                        <i>1 0 0 0 1 0 0 0 1 22.4989 2.62328 19.1204</i>
                        <i>1 0 0 0 1 0 0 0 1 22.4989 2.62328 19.1204</i>
                        <i>1 0 0 0 1 0 0 0 1 22.4989 2.62328 19.1204</i>
                        <i>1 0 0 0 1 0 0 0 1 22.4989 2.62328 19.1204</i>
                        <i>1 0 0 0 1 0 0 0 1 22.4989 2.62328 19.1204</i>
                        <i>1 0 0 0 1 0 0 0 1 22.4989 2.62328 19.1204</i>
                        <i>1 0 0 0 1 0 0 0 1 22.4989 2.62328 19.1204</i>
                        <i>1 0 0 0 1 0 0 0 1 22.4989 2.62328 19.1204</i>
                        <i>1 0 0 0 1 0 0 0 1 22.4989 2.62328 19.1204</i>
                        <i>1 0 0 0 1 0 0 0 1 22.4989 2.62328 19.1204</i>
                        <i>1 0 0 0 1 0 0 0 1 22.4989 2.62328 19.1204</i>
                        <i>1 0 0 0 1 0 0 0 1 22.4989 2.62328 19.1204</i>
                        <i>1 0 0 0 1 0 0 0 1 22.4989 2.62328 19.1204</i>
                        <i>1 0 0 0 1 0 0 0 1 22.4989 2.62328 19.1204</i>
                        <i>1 0 0 0 1 0 0 0 1 22.4989 2.62328 19.1204</i>
                        <i>1 0 0 0 1 0 0 0 1 22.4989 2.62328 19.1204</i>
                        <i>1 0 0 0 1 0 0 0 1 22.4989 2.62328 19.1204</i>
                        <i>1 0 0 0 1 0 0 0 1 22.4989 2.62328 19.1204</i>
                        <i>1 0 0 0 1 0 0 0 1 22.4989 2.62328 19.1204</i>
                        <i>1 0 0 0 1 0 0 0 1 22.4989 2.62328 19.1204</i>
                        <i>1 0 0 0 1 0 0 0 1 22.4989 2.62328 19.1204</i>
                        <i>1 0 0 0 1 0 0 0 1 22.4989 2.62328 19.1204</i>
                        <i>1 0 0 0 1 0 0 0 1 22.4989 2.62328 19.1204</i>
                        <i>1 0 0 0 1 0 0 0 1 22.4989 2.62328 19.1204</i>
                        <i>1 0 0 0 1 0 0 0 1 22.4989 2.62328 19.1204</i>
                        <i>1 0 0 0 1 0 0 0 1 22.4989 2.62328 19.1204</i>
                        <i>1 0 0 0 1 0 0 0 1 22.4989 2.62328 19.1204</i>
                        <i>1 0 0 0 1 0 0 0 1 22.4989 2.62328 19.1204</i>
                        <i>1 0 0 0 1 0 0 0 1 22.4989 2.62328 19.1204</i>
                        <i>1 0 0 0 1 0 0 0 1 22.4989 2.62328 19.1204</i>
                        <i>1 0 0 0 1 0 0 0 1 22.4989 2.62328 19.1204</i>
                        <i>1 0 0 0 1 0 0 0 1 22.4989 2.62328 19.1204</i>
                        <i>1 0 0 0 1 0 0 0 1 22.4989 2.62328 19.1204</i>
                        <i>1 0 0 0 1 0 0 0 1 22.4989 2.62328 19.1204</i>
                        <i>1 0 0 0 1 0 0 0 1 22.4989 2.62328 19.1204</i>
                        <i>1 0 0 0 1 0 0 0 1 22.4989 2.62328 19.1204</i>
                        <i>1 0 0 0 1 0 0 0 1 22.4989 2.62328 19.1204</i>
                        <i>1 0 0 0 1 0 0 0 1 22.4989 2.62328 19.1204</i>
                        <i>1 0 0 0 1 0 0 0 1 22.4989 2.62328 19.1204</i>
                        <i>1 0 0 0 1 0 0 0 1 22.4989 2.62328 19.1204</i>
                        <i>1 0 0 0 1 0 0 0 1 22.4989 2.62328 19.1204</i>
                        <i>1 0 0 0 1 0 0 0 1 22.4989 2.62328 19.1204</i>
                        <i>1 0 0 0 1 0 0 0 1 22.4989 2.62328 19.1204</i>
                        <i>1 0 0 0 1 0 0 0 1 22.4989 2.62328 19.1204</i>
                        <i>1 0 0 0 1 0 0 0 1 22.4989 2.62328 19.1204</i>
                    </KeyFrames>
                </p>
            </i>
            <i>
                <p>
                    <Name><![CDATA[l_wheel_2]]></Name>
                    <Exclude>0</Exclude>
                    <Additive>0</Additive>
                    <IKPriority>0</IKPriority>
                    <IKRotLimits>-1e+010 -1e+010 -1e+010 1e+010 1e+010 1e+010</IKRotLimits>
                    <IKRotLimitOrder>0</IKRotLimitOrder>
                    <KeyFrames count="45">
                        <i>1 0 0 0 1 0 0 0 1 22.4989 3.46023 13.8618</i>
                        <i>1 0 0 0 1 0 0 0 1 22.4989 3.46023 13.8618</i>
                        <i>1 0 0 0 1 0 0 0 1 22.4989 3.46023 13.8618</i>
                        <i>1 0 0 0 1 0 0 0 1 22.4989 3.46023 13.8618</i>
                        <i>1 0 0 0 1 0 0 0 1 22.4989 3.46023 13.8618</i>
                        <i>1 0 0 0 1 0 0 0 1 22.4989 3.46023 13.8618</i>
                        <i>1 0 0 0 1 0 0 0 1 22.4989 3.46023 13.8618</i>
                        <i>1 0 0 0 1 0 0 0 1 22.4989 3.46023 13.8618</i>
                        <i>1 0 0 0 1 0 0 0 1 22.4989 3.46023 13.8618</i>
                        <i>1 0 0 0 1 0 0 0 1 22.4989 3.46023 13.8618</i>
                        <i>1 0 0 0 1 0 0 0 1 22.4989 3.46023 13.8618</i>
                        <i>1 0 0 0 1 0 0 0 1 22.4989 3.46023 13.8618</i>
                        <i>1 0 0 0 1 0 0 0 1 22.4989 3.46023 13.8618</i>
                        <i>1 0 0 0 1 0 0 0 1 22.4989 3.46023 13.8618</i>
                        <i>1 0 0 0 1 0 0 0 1 22.4989 3.46023 13.8618</i>
                        <i>1 0 0 0 1 0 0 0 1 22.4989 3.46023 13.8618</i>
