<?xml version="1.0" encoding="ISO-8859-1" ?>
<Animl Version="1">
    <ModellingPackage><![CDATA[Maya.2010]]></ModellingPackage>
    <SrcFile><![CDATA[anims\bosses\red\~src\boss_beetle\boss_beetle_1to2.mb]]></SrcFile>
    <FramesPerSecond>30</FramesPerSecond>
    <TotalFrames>121</TotalFrames>
    <Skeleton>
        <RefFrame>
            <Name><![CDATA[boss_beetle_ref_frame]]></Name>
            <Exclude>0</Exclude>
            <Additive>0</Additive>
            <IKPriority>0</IKPriority>
            <IKRotLimits>-1e+010 -1e+010 -1e+010 1e+010 1e+010 1e+010</IKRotLimits>
            <IKRotLimitOrder>0</IKRotLimitOrder>
            <KeyFrames count="121">
                <i>1 0 0 0 1 0 0 0 1 0 0 0</i>
                <i>1 0 0 0 1 0 0 0 1 0 0 0</i>
                <i>1 0 0 0 1 0 0 0 1 0 0 0</i>
                <i>1 0 0 0 1 0 0 0 1 0 0 0</i>
                <i>1 0 0 0 1 0 0 0 1 0 0 0</i>
                <i>1 0 0 0 1 0 0 0 1 0 0 0</i>
                <i>1 0 0 0 1 0 0 0 1 0 0 0</i>
                <i>1 0 0 0 1 0 0 0 1 0 0 0</i>
                <i>1 0 0 0 1 0 0 0 1 0 0 0</i>
                <i>1 0 0 0 1 0 0 0 1 0 0 0</i>
                <i>1 0 0 0 1 0 0 0 1 0 0 0</i>
                <i>1 0 0 0 1 0 0 0 1 0 0 0</i>
                <i>1 0 0 0 1 0 0 0 1 0 0 0</i>
                <i>1 0 0 0 1 0 0 0 1 0 0 0</i>
                <i>1 0 0 0 1 0 0 0 1 0 0 0</i>
                <i>1 0 0 0 1 0 0 0 1 0 0 0</i>
                <i>1 0 0 0 1 0 0 0 1 0 0 0</i>
                <i>1 0 0 0 1 0 0 0 1 0 0 0</i>
                <i>1 0 0 0 1 0 0 0 1 0 0 0</i>
                <i>1 0 0 0 1 0 0 0 1 0 0 0</i>
                <i>1 0 0 0 1 0 0 0 1 0 0 0</i>
                <i>1 0 0 0 1 0 0 0 1 0 0 0</i>
                <i>1 0 0 0 1 0 0 0 1 0 0 0</i>
                <i>1 0 0 0 1 0 0 0 1 0 0 0</i>
                <i>1 0 0 0 1 0 0 0 1 0 0 0</i>
                <i>1 0 0 0 1 0 0 0 1 0 0 0</i>
                <i>1 0 0 0 1 0 0 0 1 0 0 0</i>
                <i>1 0 0 0 1 0 0 0 1 0 0 0</i>
                <i>1 0 0 0 1 0 0 0 1 0 0 0</i>
                <i>1 0 0 0 1 0 0 0 1 0 0 0</i>
                <i>1 0 0 0 1 0 0 0 1 0 0 0</i>
                <i>1 0 0 0 1 0 0 0 1 0 0 0</i>
                <i>1 0 0 0 1 0 0 0 1 0 0 0</i>
                <i>1 0 0 0 1 0 0 0 1 0 0 0</i>
                <i>1 0 0 0 1 0 0 0 1 0 0 0</i>
                <i>1 0 0 0 1 0 0 0 1 0 0 0</i>
                <i>1 0 0 0 1 0 0 0 1 0 0 0</i>
                <i>1 0 0 0 1 0 0 0 1 0 0 0</i>
                <i>1 0 0 0 1 0 0 0 1 0 0 0</i>
                <i>1 0 0 0 1 0 0 0 1 0 0 0</i>
                <i>1 0 0 0 1 0 0 0 1 0 0 0</i>
                <i>1 0 0 0 1 0 0 0 1 0 0 0</i>
                <i>1 0 0 0 1 0 0 0 1 0 0 0</i>
                <i>1 0 0 0 1 0 0 0 1 0 0 0</i>
                <i>1 0 0 0 1 0 0 0 1 0 0 0</i>
                <i>1 0 0 0 1 0 0 0 1 0 0 0</i>
                <i>1 0 0 0 1 0 0 0 1 0 0 0</i>
                <i>1 0 0 0 1 0 0 0 1 0 0 0</i>
                <i>1 0 0 0 1 0 0 0 1 0 0 0</i>
                <i>1 0 0 0 1 0 0 0 1 0 0 0</i>
                <i>1 0 0 0 1 0 0 0 1 0 0 0</i>
                <i>1 0 0 0 1 0 0 0 1 0 0 0</i>
                <i>1 0 0 0 1 0 0 0 1 0 0 0</i>
                <i>1 0 0 0 1 0 0 0 1 0 0 0</i>
                <i>1 0 0 0 1 0 0 0 1 0 0 0</i>
                <i>1 0 0 0 1 0 0 0 1 0 0 0</i>
                <i>1 0 0 0 1 0 0 0 1 0 0 0</i>
                <i>1 0 0 0 1 0 0 0 1 0 0 0</i>
                <i>1 0 0 0 1 0 0 0 1 0 0 0</i>
                <i>1 0 0 0 1 0 0 0 1 0 0 0</i>
                <i>1 0 0 0 1 0 0 0 1 0 0 0</i>
                <i>1 0 0 0 1 0 0 0 1 0 0 0</i>
                <i>1 0 0 0 1 0 0 0 1 0 0 0</i>
                <i>1 0 0 0 1 0 0 0 1 0 0 0</i>
                <i>1 0 0 0 1 0 0 0 1 0 0 0</i>
                <i>1 0 0 0 1 0 0 0 1 0 0 0</i>
                <i>1 0 0 0 1 0 0 0 1 0 0 0</i>
                <i>1 0 0 0 1 0 0 0 1 0 0 0</i>
                <i>1 0 0 0 1 0 0 0 1 0 0 0</i>
                <i>1 0 0 0 1 0 0 0 1 0 0 0</i>
                <i>1 0 0 0 1 0 0 0 1 0 0 0</i>
                <i>1 0 0 0 1 0 0 0 1 0 0 0</i>
                <i>1 0 0 0 1 0 0 0 1 0 0 0</i>
                <i>1 0 0 0 1 0 0 0 1 0 0 0</i>
                <i>1 0 0 0 1 0 0 0 1 0 0 0</i>
                <i>1 0 0 0 1 0 0 0 1 0 0 0</i>
                <i>1 0 0 0 1 0 0 0 1 0 0 0</i>
                <i>1 0 0 0 1 0 0 0 1 0 0 0</i>
                <i>1 0 0 0 1 0 0 0 1 0 0 0</i>
                <i>1 0 0 0 1 0 0 0 1 0 0 0</i>
                <i>1 0 0 0 1 0 0 0 1 0 0 0</i>
                <i>1 0 0 0 1 0 0 0 1 0 0 0</i>
                <i>1 0 0 0 1 0 0 0 1 0 0 0</i>
                <i>1 0 0 0 1 0 0 0 1 0 0 0</i>
                <i>1 0 0 0 1 0 0 0 1 0 0 0</i>
                <i>1 0 0 0 1 0 0 0 1 0 0 0</i>
                <i>1 0 0 0 1 0 0 0 1 0 0 0</i>
                <i>1 0 0 0 1 0 0 0 1 0 0 0</i>
                <i>1 0 0 0 1 0 0 0 1 0 0 0</i>
                <i>1 0 0 0 1 0 0 0 1 0 0 0</i>
                <i>1 0 0 0 1 0 0 0 1 0 0 0</i>
                <i>1 0 0 0 1 0 0 0 1 0 0 0</i>
                <i>1 0 0 0 1 0 0 0 1 0 0 0</i>
                <i>1 0 0 0 1 0 0 0 1 0 0 0</i>
                <i>1 0 0 0 1 0 0 0 1 0 0 0</i>
                <i>1 0 0 0 1 0 0 0 1 0 0 0</i>
                <i>1 0 0 0 1 0 0 0 1 0 0 0</i>
                <i>1 0 0 0 1 0 0 0 1 0 0 0</i>
                <i>1 0 0 0 1 0 0 0 1 0 0 0</i>
                <i>1 0 0 0 1 0 0 0 1 0 0 0</i>
                <i>1 0 0 0 1 0 0 0 1 0 0 0</i>
                <i>1 0 0 0 1 0 0 0 1 0 0 0</i>
                <i>1 0 0 0 1 0 0 0 1 0 0 0</i>
                <i>1 0 0 0 1 0 0 0 1 0 0 0</i>
                <i>1 0 0 0 1 0 0 0 1 0 0 0</i>
                <i>1 0 0 0 1 0 0 0 1 0 0 0</i>
                <i>1 0 0 0 1 0 0 0 1 0 0 0</i>
                <i>1 0 0 0 1 0 0 0 1 0 0 0</i>
                <i>1 0 0 0 1 0 0 0 1 0 0 0</i>
                <i>1 0 0 0 1 0 0 0 1 0 0 0</i>
                <i>1 0 0 0 1 0 0 0 1 0 0 0</i>
                <i>1 0 0 0 1 0 0 0 1 0 0 0</i>
                <i>1 0 0 0 1 0 0 0 1 0 0 0</i>
                <i>1 0 0 0 1 0 0 0 1 0 0 0</i>
                <i>1 0 0 0 1 0 0 0 1 0 0 0</i>
                <i>1 0 0 0 1 0 0 0 1 0 0 0</i>
                <i>1 0 0 0 1 0 0 0 1 0 0 0</i>
                <i>1 0 0 0 1 0 0 0 1 0 0 0</i>
                <i>1 0 0 0 1 0 0 0 1 0 0 0</i>
                <i>1 0 0 0 1 0 0 0 1 0 0 0</i>
                <i>1 0 0 0 1 0 0 0 1 0 0 0</i>
            </KeyFrames>
        </RefFrame>
        <Bones count="20">
            <i>
                <p>
                    <Name><![CDATA[boss_beetle_root]]></Name>
                    <Exclude>0</Exclude>
                    <Additive>0</Additive>
                    <IKPriority>0</IKPriority>
                    <IKRotLimits>-1e+010 -1e+010 -1e+010 1e+010 1e+010 1e+010</IKRotLimits>
                    <IKRotLimitOrder>0</IKRotLimitOrder>
                    <KeyFrames count="121">
                        <i>1 0 0 0 1 0 0 0 1 0 0 0</i>
                        <i>1 0 0 0 1 0 0 0 1 0 0 0</i>
                        <i>1 0 0 0 1 0 0 0 1 0 0 0</i>
                        <i>1 0 0 0 1 0 0 0 1 0 0 0</i>
                        <i>1 0 0 0 1 0 0 0 1 0 0 0</i>
                        <i>1 0 0 0 1 0 0 0 1 0 0 0</i>
                        <i>1 0 0 0 1 0 0 0 1 0 0 0</i>
                        <i>1 0 0 0 1 0 0 0 1 0 0 0</i>
                        <i>1 0 0 0 1 0 0 0 1 0 0 0</i>
                        <i>1 0 0 0 1 0 0 0 1 0 0 0</i>
                        <i>1 0 0 0 1 0 0 0 1 0 0 0</i>
                        <i>1 0 0 0 1 0 0 0 1 0 0 0</i>
                        <i>1 0 0 0 1 0 0 0 1 0 0 0</i>
                        <i>1 0 0 0 1 0 0 0 1 0 0 0</i>
                        <i>1 0 0 0 1 0 0 0 1 0 0 0</i>
                        <i>1 0 0 0 1 0 0 0 1 0 0 0</i>
                        <i>1 0 0 0 1 0 0 0 1 0 0 0</i>
                        <i>1 0 0 0 1 0 0 0 1 0 0 0</i>
                        <i>1 0 0 0 1 0 0 0 1 0 0 0</i>
                        <i>1 0 0 0 1 0 0 0 1 0 0 0</i>
                        <i>1 0 0 0 1 0 0 0 1 0 0 0</i>
                        <i>1 0 0 0 1 0 0 0 1 0 0 0</i>
                        <i>1 0 0 0 1 0 0 0 1 0 0 0</i>
                        <i>1 0 0 0 1 0 0 0 1 0 0 0</i>
                        <i>1 0 0 0 1 0 0 0 1 0 0 0</i>
                        <i>1 0 0 0 1 0 0 0 1 0 0 0</i>
                        <i>1 0 0 0 1 0 0 0 1 0 0 0</i>
                        <i>1 0 0 0 1 0 0 0 1 0 0 0</i>
                        <i>1 0 0 0 1 0 0 0 1 0 0 0</i>
                        <i>1 0 0 0 1 0 0 0 1 0 0 0</i>
                        <i>1 0 0 0 1 0 0 0 1 0 0 0</i>
                        <i>1 0 0 0 1 0 0 0 1 0 0 0</i>
                        <i>1 0 0 0 1 0 0 0 1 0 0 0</i>
                        <i>1 0 0 0 1 0 0 0 1 0 0 0</i>
                        <i>1 0 0 0 1 0 0 0 1 0 0 0</i>
                        <i>1 0 0 0 1 0 0 0 1 0 0 0</i>
                        <i>1 0 0 0 1 0 0 0 1 0 0 0</i>
                        <i>1 0 0 0 1 0 0 0 1 0 0 0</i>
                        <i>1 0 0 0 1 0 0 0 1 0 0 0</i>
                        <i>1 0 0 0 1 0 0 0 1 0 0 0</i>
                        <i>1 0 0 0 1 0 0 0 1 0 0 0</i>
                        <i>1 0 0 0 1 0 0 0 1 0 0 0</i>
                        <i>1 0 0 0 1 0 0 0 1 0 0 0</i>
                        <i>1 0 0 0 1 0 0 0 1 0 0 0</i>
                        <i>1 0 0 0 1 0 0 0 1 0 0 0</i>
                        <i>1 0 0 0 1 0 0 0 1 0 0 0</i>
                        <i>1 0 0 0 1 0 0 0 1 0 0 0</i>
                        <i>1 0 0 0 1 0 0 0 1 0 0 0</i>
                        <i>1 0 0 0 1 0 0 0 1 0 0 0</i>
                        <i>1 0 0 0 1 0 0 0 1 0 0 0</i>
                        <i>1 0 0 0 1 0 0 0 1 0 0 0</i>
                        <i>1 0 0 0 1 0 0 0 1 0 0 0</i>
                        <i>1 0 0 0 1 0 0 0 1 0 0 0</i>
                        <i>1 0 0 0 1 0 0 0 1 0 0 0</i>
                        <i>1 0 0 0 1 0 0 0 1 0 0 0</i>
                        <i>1 0 0 0 1 0 0 0 1 0 0 0</i>
                        <i>1 0 0 0 1 0 0 0 1 0 0 0</i>
                        <i>1 0 0 0 1 0 0 0 1 0 0 0</i>
                        <i>1 0 0 0 1 0 0 0 1 0 0 0</i>
                        <i>1 0 0 0 1 0 0 0 1 0 0 0</i>
                        <i>1 0 0 0 1 0 0 0 1 0 0 0</i>
                        <i>1 0 0 0 1 0 0 0 1 0 0 0</i>
                        <i>1 0 0 0 1 0 0 0 1 0 0 0</i>
                        <i>1 0 0 0 1 0 0 0 1 0 0 0</i>
                        <i>1 0 0 0 1 0 0 0 1 0 0 0</i>
                        <i>1 0 0 0 1 0 0 0 1 0 0 0</i>
                        <i>1 0 0 0 1 0 0 0 1 0 0 0</i>
                        <i>1 0 0 0 1 0 0 0 1 0 0 0</i>
                        <i>1 0 0 0 1 0 0 0 1 0 0 0</i>
                        <i>1 0 0 0 1 0 0 0 1 0 0 0</i>
                        <i>1 0 0 0 1 0 0 0 1 0 0 0</i>
                        <i>1 0 0 0 1 0 0 0 1 0 0 0</i>
                        <i>1 0 0 0 1 0 0 0 1 0 0 0</i>
                        <i>1 0 0 0 1 0 0 0 1 0 0 0</i>
                        <i>1 0 0 0 1 0 0 0 1 0 0 0</i>
                        <i>1 0 0 0 1 0 0 0 1 0 0 0</i>
                        <i>1 0 0 0 1 0 0 0 1 0 0 0</i>
                        <i>1 0 0 0 1 0 0 0 1 0 0 0</i>
                        <i>1 0 0 0 1 0 0 0 1 0 0 0</i>
                        <i>1 0 0 0 1 0 0 0 1 0 0 0</i>
                        <i>1 0 0 0 1 0 0 0 1 0 0 0</i>
                        <i>1 0 0 0 1 0 0 0 1 0 0 0</i>
                        <i>1 0 0 0 1 0 0 0 1 0 0 0</i>
                        <i>1 0 0 0 1 0 0 0 1 0 0 0</i>
                        <i>1 0 0 0 1 0 0 0 1 0 0 0</i>
                        <i>1 0 0 0 1 0 0 0 1 0 0 0</i>
                        <i>1 0 0 0 1 0 0 0 1 0 0 0</i>
                        <i>1 0 0 0 1 0 0 0 1 0 0 0</i>
                        <i>1 0 0 0 1 0 0 0 1 0 0 0</i>
                        <i>1 0 0 0 1 0 0 0 1 0 0 0</i>
                        <i>1 0 0 0 1 0 0 0 1 0 0 0</i>
                        <i>1 0 0 0 1 0 0 0 1 0 0 0</i>
                        <i>1 0 0 0 1 0 0 0 1 0 0 0</i>
                        <i>1 0 0 0 1 0 0 0 1 0 0 0</i>
                        <i>1 0 0 0 1 0 0 0 1 0 0 0</i>
                        <i>1 0 0 0 1 0 0 0 1 0 0 0</i>
                        <i>1 0 0 0 1 0 0 0 1 0 0 0</i>
                        <i>1 0 0 0 1 0 0 0 1 0 0 0</i>
                        <i>1 0 0 0 1 0 0 0 1 0 0 0</i>
                        <i>1 0 0 0 1 0 0 0 1 0 0 0</i>
                        <i>1 0 0 0 1 0 0 0 1 0 0 0</i>
                        <i>1 0 0 0 1 0 0 0 1 0 0 0</i>
                        <i>1 0 0 0 1 0 0 0 1 0 0 0</i>
                        <i>1 0 0 0 1 0 0 0 1 0 0 0</i>
                        <i>1 0 0 0 1 0 0 0 1 0 0 0</i>
                        <i>1 0 0 0 1 0 0 0 1 0 0 0</i>
                        <i>1 0 0 0 1 0 0 0 1 0 0 0</i>
                        <i>1 0 0 0 1 0 0 0 1 0 0 0</i>
                        <i>1 0 0 0 1 0 0 0 1 0 0 0</i>
                        <i>1 0 0 0 1 0 0 0 1 0 0 0</i>
                        <i>1 0 0 0 1 0 0 0 1 0 0 0</i>
                        <i>1 0 0 0 1 0 0 0 1 0 0 0</i>
                        <i>1 0 0 0 1 0 0 0 1 0 0 0</i>
                        <i>1 0 0 0 1 0 0 0 1 0 0 0</i>
                        <i>1 0 0 0 1 0 0 0 1 0 0 0</i>
                        <i>1 0 0 0 1 0 0 0 1 0 0 0</i>
                        <i>1 0 0 0 1 0 0 0 1 0 0 0</i>
                        <i>1 0 0 0 1 0 0 0 1 0 0 0</i>
                        <i>1 0 0 0 1 0 0 0 1 0 0 0</i>
                        <i>1 0 0 0 1 0 0 0 1 0 0 0</i>
                        <i>1 0 0 0 1 0 0 0 1 0 0 0</i>
                    </KeyFrames>
                </p>
            </i>
            <i>
                <p>
                    <Name><![CDATA[base]]></Name>
                    <Exclude>0</Exclude>
                    <Additive>0</Additive>
                    <IKPriority>0</IKPriority>
                    <IKRotLimits>-1e+010 -1e+010 -1e+010 1e+010 1e+010 1e+010</IKRotLimits>
                    <IKRotLimitOrder>0</IKRotLimitOrder>
                    <KeyFrames count="121">
                        <i>0.999999 0.00127021 -2.64698e-023 -0.00127021 0.999999 0.000335286 4.25883e-007 -0.000335286 1 -0.0128706 8.22394 0.00606723</i>
                        <i>0.999977 -0.00670866 0 0.00670822 0.999911 0.0115502 -7.74864e-005 -0.0115499 0.999933 -0.0078058 9.68452 0.00367966</i>
                        <i>0.999833 -0.0182582 5.42101e-020 0.018253 0.999546 0.023987 -0.000437961 -0.023983 0.999712 -0.00274097 9.88633 0.0012921</i>
                        <i>0.999743 -0.0226577 0 0.0226446 0.999166 0.0339743 -0.000769779 -0.0339655 0.999423 0 9.8466 0</i>
                        <i>0.9998 -0.0200173 0 0.020003 0.999083 0.0378448 -0.000757551 -0.0378372 0.999284 0 9.65028 0</i>
                        <i>0.999872 -0.0159922 0 0.0159817 0.999213 0.0362962 -0.000580455 -0.0362915 0.999341 0 9.2826 0</i>
                        <i>0.999941 -0.0108457 2.71051e-020 0.0108399 0.999405 0.0327562 -0.000355264 -0.0327542 0.999463 0 8.75866 0</i>
                        <i>0.999979 -0.00646867 0 0.00646619 0.999596 0.0276838 -0.000179077 -0.0276832 0.999617 0 8.23252 0</i>
                        <i>0.999998 -0.00211632 6.77626e-021 0.00211583 0.999766 0.0215381 -4.55816e-005 -0.0215381 0.999768 0 8.3432 0</i>
                        <i>0.999997 0.00226031 -3.38813e-021 -0.00226006 0.999888 0.0147787 3.34043e-005 -0.0147786 0.999891 0 8.472 0</i>
                        <i>0.999988 0.00489924 0 -0.00489909 0.999957 0.00786527 3.85338e-005 -0.00786518 0.999969 0 8.59975 0</i>
                        <i>0.999995 0.00326874 0 -0.00326873 0.999994 0.00125803 4.11216e-006 -0.00125802 0.999999 0 8.71469 0</i>
                        <i>0.999997 -0.00249042 0 0.0024904 0.999986 -0.00458298 1.14136e-005 0.00458296 0.99999 0 8.7962 0</i>
                        <i>0.999964 -0.0084568 0 0.0084568 0.999964 0.00112437 -9.50857e-006 -0.00112433 0.999999 0 8.82351 0</i>
                        <i>0.999948 -0.010238 -6.77626e-021 0.0102378 0.999924 0.00683168 -6.99427e-005 -0.00683132 0.999977 0 8.78088 0</i>
                        <i>0.999991 -0.00418573 0 0.00418553 0.999944 0.00967281 -4.04878e-005 -0.00967273 0.999953 0 8.67062 0</i>
                        <i>0.999987 0.00505597 6.77626e-021 -0.00505574 0.999942 0.00946879 4.78739e-005 -0.00946867 0.999955 0 8.52308 0</i>
                        <i>0.999946 0.0103847 6.77626e-021 -0.0103844 0.999913 0.00819001 8.50508e-005 -0.00818956 0.999966 0 8.36641 0</i>
                        <i>0.999945 0.010505 6.77626e-021 -0.0105048 0.999926 0.00619469 6.50754e-005 -0.00619435 0.999981 0 8.22966 0</i>
                        <i>0.99998 0.0063053 0 -0.00630526 0.999973 0.00384109 2.42192e-005 -0.00384101 0.999993 0 8.24972 0</i>
                        <i>0.999998 0.00177506 2.11758e-022 -0.00177506 0.999997 0.00148747 2.64034e-006 -0.00148746 0.999999 0 8.27896 0</i>
                        <i>0.999998 -0.00189011 1.05879e-022 0.00189011 0.999998 -0.000507903 9.5999e-007 0.000507902 1 0 8.29974 0</i>
                        <i>0.999999 -0.00156365 1.05879e-022 0.00156364 0.999999 0.000722522 -1.12977e-006 -0.000722521 1 0 8.32299 0</i>
                        <i>0.999999 -0.00158147 2.11758e-022 0.00158147 0.999997 0.00195295 -3.08854e-006 -0.00195295 0.999998 0 8.34709 0</i>
                        <i>0.999997 -0.00225204 0 0.00225203 0.999992 0.00318337 -7.16907e-006 -0.00318336 0.999995 0 8.36941 0</i>
                        <i>0.999997 -0.00253896 -8.47033e-022 0.00253893 0.999987 0.00441379 -1.12064e-005 -0.00441377 0.99999 0 8.38345 0</i>
                        <i>0.999997 -0.00255362 0 0.00255361 0.999992 0.00302378 -7.72158e-006 -0.00302377 0.999995 0 8.39538 0</i>
                        <i>0.999996 -0.00273276 0 0.00273275 0.999995 0.00163377 -4.46469e-006 -0.00163376 0.999999 0 8.40098 0</i>
                        <i>0.999997 -0.0024456 0 0.0024456 0.999997 0.000243752 -5.96121e-007 -0.000243751 1 0 8.38004 0</i>
                        <i>0.999997 -0.00224196 0 0.00224196 0.999997 -0.00114627 2.56989e-006 0.00114626 0.999999 0 8.33052 0</i>
                        <i>0.999998 -0.00180863 1.05879e-022 0.00180863 0.999998 -0.000530225 9.5898e-007 0.000530224 1 0 8.27095 0</i>
                        <i>1 -0.000549033 -3.30872e-024 0.000549033 1 8.58179e-005 -4.71168e-008 -8.58179e-005 1 0 8.21775 0</i>
                        <i>1 -0.000339624 -1.32349e-023 0.000339623 1 0.000701859 -2.38368e-007 -0.000701859 1 0 8.25063 0</i>
                        <i>1 -0.000543843 -5.29396e-023 0.000543843 0.999999 0.0013179 -7.1673e-007 -0.0013179 0.999999 0 8.28622 0</i>
                        <i>1 -0.000318166 5.29396e-023 0.000318166 0.999998 0.00193394 -6.15314e-007 -0.00193394 0.999998 0 8.31587 0</i>
                        <i>1 -7.03786e-005 0 7.03785e-005 0.999999 0.00171919 -1.20994e-007 -0.00171919 0.999999 0 8.32834 0</i>
                        <i>1 0.000571357 -5.29396e-023 -0.000571356 0.999999 0.00150444 8.59575e-007 -0.00150444 0.999999 0 8.31848 0</i>
                        <i>0.999999 0.00158972 -2.11758e-022 -0.00158972 0.999998 0.0012897 2.05026e-006 -0.0012897 0.999999 0 8.2939 0</i>
                        <i>1 0.000613168 5.29396e-023 -0.000613168 0.999999 0.00107495 6.59125e-007 -0.00107495 0.999999 0 8.26013 0</i>
                        <i>1 -0.000607964 0 0.000607963 0.999999 0.00110045 -6.69031e-007 -0.00110045 0.999999 0 8.22949 0</i>
                        <i>1 -0.00089965 0 0.000899649 0.999999 0.00112767 -1.01451e-006 -0.00112767 0.999999 0 8.23242 0</i>
                        <i>1 -0.000643712 5.29396e-023 0.000643711 0.999999 0.00115611 -7.44203e-007 -0.00115611 0.999999 0 8.23434 0</i>
                        <i>1 -0.000972823 0 0.000972822 0.999999 0.00118524 -1.15303e-006 -0.00118524 0.999999 0 8.23518 0</i>
                        <i>0.999998 -0.00196222 -2.11758e-022 0.00196221 0.999997 0.00121455 -2.38321e-006 -0.00121455 0.999999 0 8.23632 0</i>
                        <i>0.999998 -0.00210618 -2.11758e-022 0.00210618 0.999997 0.00124351 -2.61905e-006 -0.0012435 0.999999 0 8.23267 0</i>
                        <i>1 -0.000995487 0 0.000995486 0.999999 0.0012716 -1.26586e-006 -0.0012716 0.999999 0 8.2322 0</i>
                        <i>1 -0.000597419 -5.29396e-023 0.000597418 0.999999 0.00129831 -7.75633e-007 -0.00129831 0.999999 0 8.23228 0</i>
                        <i>1 -0.000283367 2.64698e-023 0.000283367 0.999999 0.00132311 -3.74926e-007 -0.00132311 0.999999 0 8.23295 0</i>
                        <i>1 0.000440658 0 -0.000440658 0.999999 0.00134549 5.92902e-007 -0.00134549 0.999999 0 8.23521 0</i>
                        <i>1 -0.000108851 0 0.000108851 0.999999 0.00136493 -1.48574e-007 -0.00136493 0.999999 0 8.23599 0</i>
                        <i>1 0.000269897 -2.64698e-023 -0.000269897 0.999999 0.0013809 3.72702e-007 -0.0013809 0.999999 0 8.23423 0</i>
                        <i>1 -0.000134881 0 0.000134881 0.999999 0.00139289 -1.87875e-007 -0.00139289 0.999999 0 8.23907 0</i>
                        <i>1 -0.000333663 2.64698e-023 0.000333663 0.999999 0.00139973 -4.67039e-007 -0.00139973 0.999999 0 8.2395 0</i>
                        <i>1 0.000127993 0 -0.000127993 0.999999 0.00140119 1.79343e-007 -0.00140119 0.999999 0 8.23624 0</i>
                        <i>1 0.00037492 0 -0.00037492 0.999999 0.00139819 5.2421e-007 -0.00139819 0.999999 0 8.23348 0</i>
                        <i>0.999999 0.0011308 -2.11758e-022 -0.0011308 0.999998 0.00139164 1.57366e-006 -0.00139164 0.999999 0 8.23648 0</i>
                        <i>0.999999 0.00133692 0 -0.00133692 0.999998 0.00138244 1.84822e-006 -0.00138244 0.999999 0 8.24114 0</i>
                        <i>0.999999 0.00156319 0 -0.00156319 0.999998 0.00137152 2.14395e-006 -0.00137152 0.999999 0 8.24275 0</i>
                        <i>1 0.000878017 -1.05879e-022 -0.000878017 0.999999 0.00135978 1.19391e-006 -0.00135978 0.999999 0 8.23883 0</i>
                        <i>0.999999 0.0011004 -1.05879e-022 -0.0011004 0.999999 0.00134812 1.48347e-006 -0.00134812 0.999999 0 8.23612 0</i>
                        <i>0.999999 0.00147083 0 -0.00147083 0.999998 0.00133748 1.9672e-006 -0.00133747 0.999999 0 8.23491 0</i>
                        <i>0.999999 0.00106453 0 -0.00106453 0.999999 0.00132874 1.41448e-006 -0.00132874 0.999999 0 8.23711 0</i>
                        <i>0.999999 0.00113092 0 -0.00113092 0.999999 0.00132283 1.49602e-006 -0.00132283 0.999999 0 8.23982 0</i>
                        <i>1 0.00092802 0 -0.00092802 0.999999 0.00132066 1.2256e-006 -0.00132066 0.999999 0 8.24227 0</i>
                        <i>1 -0.000329634 0 0.000329633 0.999999 0.00132066 -4.35334e-007 -0.00132066 0.999999 0 8.24263 0</i>
                        <i>0.999999 -0.00170233 0 0.00170233 0.999998 0.00132066 -2.2482e-006 -0.00132066 0.999999 0 8.24259 0</i>
                        <i>0.999997 -0.00240333 0 0.00240333 0.999996 0.00132066 -3.17398e-006 -0.00132066 0.999999 0 8.24451 0</i>
                        <i>1 -0.000901231 0 0.00090123 0.999999 0.00132066 -1.19022e-006 -0.00132066 0.999999 0 8.24379 0</i>
                        <i>1 -0.000176026 -1.32349e-023 0.000176026 0.999999 0.00132066 -2.32471e-007 -0.00132066 0.999999 0 8.24678 0</i>
                        <i>1 -2.28354e-005 3.30872e-024 2.28354e-005 0.999999 0.00132066 -3.01578e-008 -0.00132066 0.999999 0 8.24612 0</i>
                        <i>1 -0.000774228 0 0.000774228 0.999999 0.00132066 -1.02249e-006 -0.00132066 0.999999 0 8.24398 0</i>
                        <i>1 -0.000915975 0 0.000915974 0.999999 0.00132066 -1.20969e-006 -0.00132066 0.999999 0 8.24331 0</i>
                        <i>1 -0.000319312 -2.64698e-023 0.000319312 0.999999 0.00132066 -4.21703e-007 -0.00132066 0.999999 0 8.24284 0</i>
                        <i>1 0.000573331 0 -0.000573331 0.999999 0.00132066 7.57176e-007 -0.00132066 0.999999 0 8.24247 0</i>
                        <i>1 0.000820537 0 -0.000820537 0.999999 0.00132066 1.08365e-006 -0.00132066 0.999999 0 8.24533 0</i>
                        <i>1 0.000597009 5.29396e-023 -0.000597008 0.999999 0.00132066 7.88446e-007 -0.00132066 0.999999 0 8.24428 0</i>
                        <i>0.999999 0.0011953 -2.11758e-022 -0.0011953 0.999998 0.00132066 1.57859e-006 -0.00132066 0.999999 0 8.24342 0</i>
                        <i>0.999999 0.00120569 -1.05879e-022 -0.00120569 0.999998 0.00132066 1.59231e-006 -0.00132066 0.999999 0 8.2429 0</i>
                        <i>0.999999 0.00172429 0 -0.00172429 0.999998 0.00132066 2.2772e-006 -0.00132066 0.999999 0 8.24157 0</i>
                        <i>0.999998 0.00189679 0 -0.00189679 0.999997 0.00132066 2.50502e-006 -0.00132066 0.999999 0 8.2418 0</i>
                        <i>1 -0.000185103 0 0.000185102 0.999999 0.00132066 -2.44458e-007 -0.00132066 0.999999 0 8.24116 0</i>
                        <i>0.999999 -0.00159762 0 0.00159762 0.999998 0.00132066 -2.10991e-006 -0.00132066 0.999999 0 8.24167 0</i>
                        <i>0.999999 -0.0015143 0 0.0015143 0.999998 0.00132066 -1.99988e-006 -0.00132066 0.999999 0 8.24442 0</i>
                        <i>0.999999 -0.00125625 1.05879e-022 0.00125625 0.999998 0.00132066 -1.65908e-006 -0.00132066 0.999999 0 8.24628 0</i>
                        <i>0.999999 -0.00171493 2.11758e-022 0.00171493 0.999998 0.00132066 -2.26484e-006 -0.00132066 0.999999 0 8.2415 0</i>
                        <i>0.999998 -0.0020551 2.11758e-022 0.0020551 0.999997 0.00132066 -2.71409e-006 -0.00132066 0.999999 0 8.24142 0</i>
                        <i>1 -0.000968563 1.05879e-022 0.000968562 0.999999 0.00132066 -1.27914e-006 -0.00132066 0.999999 0 8.24297 0</i>
                        <i>1 0.000626837 0 -0.000626837 0.999999 0.00132066 8.27839e-007 -0.00132066 0.999999 0 8.24199 0</i>
                        <i>0.999999 0.00135383 -1.05879e-022 -0.00135383 0.999998 0.00132066 1.78795e-006 -0.00132066 0.999999 0 8.24138 0</i>
                        <i>0.999998 0.00176601 -2.11758e-022 -0.00176601 0.999998 0.00132066 2.3323e-006 -0.00132066 0.999999 0 8.2438 0</i>
                        <i>0.999999 0.00152612 0 -0.00152612 0.999998 0.00132066 2.01549e-006 -0.00132066 0.999999 0 8.24492 0</i>
                        <i>1 3.73648e-005 0 -3.73648e-005 0.999999 0.00132066 4.93462e-008 -0.00132066 0.999999 0 8.24046 0</i>
                        <i>1 0.000435476 0 -0.000435475 0.999999 0.00132066 5.75115e-007 -0.00132066 0.999999 0 8.23797 0</i>
                        <i>1 0.000582748 -5.29396e-023 -0.000582747 0.999999 0.00132066 7.69612e-007 -0.00132066 0.999999 0 8.23557 0</i>
                        <i>1 0.000753411 0 -0.00075341 0.999999 0.00132066 9.95e-007 -0.00132066 0.999999 0 8.23567 0</i>
                        <i>1 0.000592497 5.29396e-023 -0.000592496 0.999999 0.00132066 7.82487e-007 -0.00132066 0.999999 0 8.23961 0</i>
                        <i>1 -0.000560163 0 0.000560162 0.999999 0.00132066 -7.39785e-007 -0.00132066 0.999999 0 8.24055 0</i>
                        <i>1 -0.000429153 0 0.000429153 0.999999 0.00132066 -5.66766e-007 -0.00132066 0.999999 0 8.24338 0</i>
                        <i>1 -0.000120558 0 0.000120558 0.999999 0.00132066 -1.59216e-007 -0.00132066 0.999999 0 8.24204 0</i>
                        <i>1 0.0002235 2.64698e-023 -0.0002235 0.999999 0.00132066 2.95167e-007 -0.00132066 0.999999 0 8.24528 0</i>
                        <i>1 -0.000154463 0 0.000154463 0.999999 0.00132066 -2.03993e-007 -0.00132066 0.999999 0 8.24455 0</i>
                        <i>1 0.000875806 0 -0.000875805 0.999999 0.00132066 1.15664e-006 -0.00132066 0.999999 0 8.24236 0</i>
                        <i>1 0.00071397 0 -0.000713969 0.999999 0.00132066 9.42912e-007 -0.00132066 0.999999 0 8.24273 0</i>
                        <i>1 0.000878108 -1.05879e-022 -0.000878107 0.999999 0.00132066 1.15968e-006 -0.00132066 0.999999 0 8.24572 0</i>
                        <i>0.999999 0.00130562 0 -0.00130562 0.999998 0.00132066 1.72428e-006 -0.00132066 0.999999 0 8.2454 0</i>
                        <i>0.999999 0.00148787 0 -0.00148787 0.999998 0.00132066 1.96498e-006 -0.00132066 0.999999 0 8.24638 0</i>
                        <i>0.999999 0.00130172 -1.05879e-022 -0.00130172 0.999998 0.00132066 1.71913e-006 -0.00132066 0.999999 0 8.24497 0</i>
                        <i>1 0.000680752 5.29396e-023 -0.000680752 0.999999 0.00132066 8.99042e-007 -0.00132066 0.999999 0 8.24168 0</i>
                        <i>1 -0.000306232 2.64698e-023 0.000306232 0.999999 0.00132066 -4.04429e-007 -0.00132066 0.999999 0 8.24134 0</i>
                        <i>1 -0.000488135 -5.29396e-023 0.000488135 0.999999 0.00132066 -6.44661e-007 -0.00132066 0.999999 0 8.24087 0</i>
                        <i>0.999999 -0.00120258 0 0.00120258 0.999998 0.00132066 -1.58821e-006 -0.00132066 0.999999 0 8.24219 0</i>
                        <i>0.999999 -0.00107816 0 0.00107816 0.999999 0.00132066 -1.42389e-006 -0.00132066 0.999999 0 8.24263 0</i>
                        <i>0.999999 -0.00134254 0 0.00134254 0.999998 0.00132066 -1.77304e-006 -0.00132066 0.999999 0 8.24311 0</i>
                        <i>0.999999 -0.00122168 -1.05879e-022 0.00122167 0.999998 0.00132066 -1.61342e-006 -0.00132066 0.999999 0 8.24191 0</i>
                        <i>1 -0.000285313 0 0.000285312 0.999999 0.00132066 -3.76801e-007 -0.00132066 0.999999 0 8.24703 0</i>
                        <i>1 -8.65068e-005 -6.61744e-024 8.65067e-005 0.999999 0.00132066 -1.14246e-007 -0.00132066 0.999999 0 8.24264 0</i>
                        <i>1 -0.000246416 -2.64698e-023 0.000246415 0.999999 0.00132066 -3.25431e-007 -0.00132066 0.999999 0 8.23987 0</i>
                        <i>1 -0.000612659 0 0.000612659 0.999999 0.00132066 -8.09115e-007 -0.00132066 0.999999 0 8.2385 0</i>
                        <i>1 -0.000133377 0 0.000133377 0.999999 0.00132066 -1.76146e-007 -0.00132066 0.999999 0 8.24314 0</i>
                        <i>1 0.000237885 0 -0.000237885 0.999999 0.00132066 3.14165e-007 -0.00132066 0.999999 0 8.2461 0</i>
                        <i>0.999999 0.00123771 -1.05879e-022 -0.00123771 0.999998 0.00132066 1.63459e-006 -0.00132066 0.999999 0 8.24423 0</i>
                    </KeyFrames>
                </p>
            </i>
            <i>
                <p>
                    <Name><![CDATA[plow]]></Name>
                    <Exclude>0</Exclude>
                    <Additive>0</Additive>
                    <IKPriority>0</IKPriority>
                    <IKRotLimits>-1e+010 -1e+010 -1e+010 1e+010 1e+010 1e+010</IKRotLimits>
                    <IKRotLimitOrder>0</IKRotLimitOrder>
                    <KeyFrames count="121">
                        <i>0.999999 0.00127021 -2.64698e-023 -0.000785557 0.618447 -0.785826 -0.000998161 0.785825 0.618448 -0.0148438 9.77734 16.3602</i>
                        <i>0.999977 -0.00670866 0 0.00448724 0.668858 -0.743377 0.00498706 0.74336 0.668873 0.00138435 11.0544 16.3742</i>
                        <i>0.999833 -0.0182582 5.42101e-020 0.01273 0.697105 -0.716856 0.0130885 0.716736 0.697222 0.0185511 11.0523 16.3875</i>
                        <i>0.999743 -0.0226577 0 0.0154387 0.681212 -0.731923 0.0165837 0.731736 0.681387 0.0227117 10.8487 16.3971</i>
                        <i>0.9998 -0.0200173 0 0.012917 0.645161 -0.763938 0.015292 0.763785 0.64529 0.0187936 10.589 16.4008</i>
                        <i>0.999872 -0.0159922 0 0.00960513 0.600537 -0.799539 0.0127864 0.799437 0.600614 0.015421 10.2468 16.3994</i>
                        <i>0.999941 -0.0108457 2.71051e-020 0.00611051 0.56337 -0.826182 0.00896053 0.826134 0.563403 0.0110883 9.78096 16.3959</i>
                        <i>0.999979 -0.00646867 0 0.0035524 0.549159 -0.83571 0.00540593 0.835693 0.549171 0.00715149 9.33805 16.3905</i>
                        <i>0.999998 -0.00211632 6.77626e-021 0.00127259 0.60132 -0.799008 0.00169096 0.799006 0.601321 0.00255291 9.5495 16.3833</i>
                        <i>0.999997 0.00226031 -3.38813e-021 -0.00155881 0.689642 -0.724148 -0.0016368 0.724147 0.689644 -0.00297689 9.78903 16.3748</i>
                        <i>0.999988 0.00489924 0 -0.0035971 0.734207 -0.678916 -0.00332617 0.678908 0.734216 -0.00700694 10.0299 16.3653</i>
                        <i>0.999995 0.00326874 0 -0.00233209 0.71345 -0.700702 -0.00229041 0.700698 0.713454 -0.00502833 10.253 16.3555</i>
                        <i>0.999997 -0.00249042 0 0.00164888 0.662088 -0.749425 0.00186639 0.749422 0.66209 0.00406889 10.43 16.3462</i>
                        <i>0.999964 -0.0084568 0 0.00518004 0.612507 -0.790448 0.00668466 0.79042 0.612529 0.0130277 10.3639 16.3553</i>
                        <i>0.999948 -0.010238 -6.77626e-021 0.00600037 0.586057 -0.810247 0.00829531 0.810205 0.586088 0.0148157 10.2279 16.3638</i>
                        <i>0.999991 -0.00418573 0 0.00247292 0.590793 -0.806819 0.00337713 0.806812 0.590798 0.00586264 10.0712 16.3679</i>
                        <i>0.999987 0.00505597 6.77626e-021 -0.00307949 0.609073 -0.793108 -0.00400993 0.793098 0.609081 -0.0070984 9.92703 16.3676</i>
                        <i>0.999946 0.0103847 6.77626e-021 -0.00657059 0.632684 -0.774383 -0.00804173 0.774341 0.632718 -0.0147971 9.79123 16.3658</i>
                        <i>0.999945 0.010505 6.77626e-021 -0.00685691 0.652691 -0.757593 -0.00795853 0.757551 0.652727 -0.0153116 9.68713 16.3629</i>
                        <i>0.99998 0.0063053 0 -0.00416674 0.660818 -0.750534 -0.00473235 0.750519 0.660832 -0.00943309 9.74575 16.3594</i>
                        <i>0.999998 0.00177506 2.11758e-022 -0.00116402 0.655763 -0.754966 -0.00134011 0.754965 0.655764 -0.00272393 9.81351 16.3559</i>
                        <i>0.999998 -0.00189011 1.05879e-022 0.00121696 0.643855 -0.765147 0.00144621 0.765145 0.643856 0.00296216 9.86693 16.3528</i>
                        <i>0.999999 -0.00156365 1.05879e-022 0.000985728 0.630403 -0.776267 0.00121381 0.776266 0.630404 0.00241906 9.87005 16.3547</i>
                        <i>0.999999 -0.00158147 2.11758e-022 0.00097448 0.616184 -0.787602 0.00124557 0.787601 0.616185 0.00241482 9.87403 16.3566</i>
                        <i>0.999997 -0.00225204 0 0.00136157 0.604591 -0.796535 0.00179383 0.796533 0.604593 0.00339341 9.87622 16.3584</i>
                        <i>0.999997 -0.00253896 -8.47033e-022 0.00152124 0.599157 -0.80063 0.00203276 0.800628 0.599159 0.00377463 9.87013 16.3603</i>
                        <i>0.999997 -0.00255362 0 0.00152508 0.597219 -0.802077 0.0020482 0.802074 0.597221 0.0038545 9.90481 16.3582</i>
                        <i>0.999996 -0.00273276 0 0.0016331 0.597599 -0.801794 0.00219111 0.801791 0.597601 0.00418703 9.93313 16.3561</i>
                        <i>0.999997 -0.0024456 0 0.0014668 0.599768 -0.800172 0.00195691 0.80017 0.59977 0.00380266 9.93493 16.3539</i>
                        <i>0.999997 -0.00224196 0 0.00135234 0.603192 -0.797595 0.00178818 0.797593 0.603194 0.00353699 9.90815 16.3518</i>
                        <i>0.999998 -0.00180863 1.05879e-022 0.00110133 0.60893 -0.793223 0.00143465 0.793222 0.608931 0.00283512 9.8385 16.3527</i>
                        <i>1 -0.000549033 -3.30872e-024 0.00033757 0.614844 -0.788649 0.000432994 0.788648 0.614844 0.000855108 9.77523 16.3537</i>
                        <i>1 -0.000339624 -1.32349e-023 0.000210708 0.620415 -0.784274 0.000266358 0.784274 0.620415 0.000525535 9.79803 16.3547</i>
                        <i>1 -0.000543843 -5.29396e-023 0.000339975 0.625135 -0.780516 0.000424478 0.780516 0.625135 0.000836066 9.82355 16.3556</i>
                        <i>1 -0.000318166 5.29396e-023 0.00019997 0.628506 -0.777804 0.000247471 0.777804 0.628506 0.000485921 9.84313 16.3566</i>
                        <i>1 -7.03786e-005 0 4.43539e-005 0.630219 -0.776418 5.46432e-005 0.776418 0.630219 0.000107733 9.85911 16.3562</i>
                        <i>1 0.000571357 -5.29396e-023 -0.000360867 0.631596 -0.775298 -0.000442972 0.775297 0.631596 -0.000876621 9.85276 16.3559</i>
                        <i>0.999999 0.00158972 -2.11758e-022 -0.00100575 0.632653 -0.774435 -0.00123114 0.774434 0.632654 -0.00244466 9.83169 16.3556</i>
                        <i>1 0.000613168 5.29396e-023 -0.000388384 0.633406 -0.77382 -0.000474482 0.77382 0.633406 -0.000945078 9.80143 16.3552</i>
                        <i>1 -0.000607964 0 0.000385481 0.634053 -0.77329 0.000470132 0.77329 0.634053 0.000936803 9.77038 16.3553</i>
                        <i>1 -0.00089965 0 0.00057076 0.634424 -0.772985 0.000695416 0.772985 0.634424 0.00138586 9.77286 16.3553</i>
                        <i>1 -0.000643712 5.29396e-023 0.000408456 0.634533 -0.772896 0.000497522 0.772896 0.634533 0.000991301 9.77432 16.3554</i>
                        <i>1 -0.000972823 0 0.000617152 0.634393 -0.773011 0.000752002 0.77301 0.634393 0.00149766 9.77468 16.3554</i>
                        <i>0.999998 -0.00196222 -2.11758e-022 0.00124408 0.634016 -0.773319 0.00151742 0.773318 0.634017 0.00301989 9.77534 16.3554</i>
                        <i>0.999998 -0.00210618 -2.11758e-022 0.00133328 0.633031 -0.774125 0.00163044 0.774123 0.633033 0.00324045 9.77121 16.3555</i>
                        <i>1 -0.000995487 0 0.000628396 0.631245 -0.775583 0.000772083 0.775583 0.631245 0.00153115 9.77029 16.3555</i>
                        <i>1 -0.000597419 -5.29396e-023 0.000375735 0.628931 -0.777461 0.00046447 0.777461 0.628931 0.000918621 9.76993 16.3556</i>
                        <i>1 -0.000283367 2.64698e-023 0.000177492 0.626367 -0.779528 0.000220893 0.779528 0.626367 0.000435605 9.7702 16.3556</i>
                        <i>1 0.000440658 0 -0.000274899 0.623836 -0.781555 -0.000344399 0.781555 0.623836 -0.000677239 9.77208 16.3556</i>
                        <i>1 -0.000108851 0 6.7664e-005 0.62162 -0.783319 8.52651e-005 0.783319 0.62162 0.000167256 9.77255 16.3557</i>
                        <i>1 0.000269897 -2.64698e-023 -0.000167338 0.620005 -0.784598 -0.000211761 0.784598 0.620005 -0.000414643 9.77053 16.3557</i>
                        <i>1 -0.000134881 0 8.35288e-005 0.619279 -0.785171 0.000105905 0.785171 0.619279 0.000207191 9.77517 16.3557</i>
                        <i>1 -0.000333663 2.64698e-023 0.000206569 0.619095 -0.785316 0.000262031 0.785316 0.619095 0.000512504 9.77549 16.3557</i>
                        <i>1 0.000127993 0 -7.92171e-005 0.618918 -0.785456 -0.000100533 0.785456 0.618918 -0.000196593 9.77221 16.3557</i>
                        <i>1 0.00037492 0 -0.000231981 0.618748 -0.785589 -0.000294533 0.785589 0.618748 -0.000575883 9.76949 16.3557</i>
                        <i>0.999999 0.0011308 -2.11758e-022 -0.000699496 0.618586 -0.785717 -0.000888486 0.785716 0.618586 -0.00173704 9.77261 16.3557</i>
                        <i>0.999999 0.00133692 0 -0.000826794 0.618432 -0.785838 -0.0010506 0.785837 0.618433 -0.00205387 9.77742 16.3557</i>
                        <i>0.999999 0.00156319 0 -0.000966503 0.618287 -0.785952 -0.00122859 0.785951 0.618288 -0.00240177 9.7792 16.3557</i>
                        <i>1 0.000878017 -1.05879e-022 -0.000542748 0.618151 -0.786059 -0.000690173 0.786058 0.618152 -0.0013492 9.77548 16.3557</i>
                        <i>0.999999 0.0011004 -1.05879e-022 -0.000680074 0.618025 -0.786158 -0.000865087 0.786158 0.618026 -0.00169113 9.77295 16.3557</i>
                        <i>0.999999 0.00147083 0 -0.00090884 0.617909 -0.786249 -0.00115644 0.786249 0.617909 -0.00226068 9.77192 16.3556</i>
                        <i>0.999999 0.00106453 0 -0.00065767 0.617803 -0.786332 -0.000837073 0.786332 0.617804 -0.00163634 9.77426 16.3556</i>
                        <i>0.999999 0.00113092 0 -0.00069858 0.617709 -0.786407 -0.000889363 0.786406 0.617709 -0.00173851 9.77707 16.3556</i>
                        <i>1 0.00092802 0 -0.00057317 0.617626 -0.786472 -0.000729862 0.786471 0.617626 -0.00142663 9.77955 16.3556</i>
