<?xml version="1.0" encoding="ISO-8859-1" ?>
<Animl Version="1">
    <ModellingPackage><![CDATA[Maya.2010]]></ModellingPackage>
    <SrcFile><![CDATA[anims\bosses\red\~src\boss_beetle\boss_beetle_3to4.mb]]></SrcFile>
    <FramesPerSecond>30</FramesPerSecond>
    <TotalFrames>121</TotalFrames>
    <Skeleton>
        <RefFrame>
            <Name><![CDATA[boss_beetle_ref_frame]]></Name>
            <Exclude>0</Exclude>
            <Additive>0</Additive>
            <IKPriority>0</IKPriority>
            <IKRotLimits>-1e+010 -1e+010 -1e+010 1e+010 1e+010 1e+010</IKRotLimits>
            <IKRotLimitOrder>0</IKRotLimitOrder>
            <KeyFrames count="121">
                <i>1 0 0 0 1 0 0 0 1 0 0 0</i>
                <i>1 0 0 0 1 0 0 0 1 0 0 0</i>
                <i>1 0 0 0 1 0 0 0 1 0 0 0</i>
                <i>1 0 0 0 1 0 0 0 1 0 0 0</i>
                <i>1 0 0 0 1 0 0 0 1 0 0 0</i>
                <i>1 0 0 0 1 0 0 0 1 0 0 0</i>
                <i>1 0 0 0 1 0 0 0 1 0 0 0</i>
                <i>1 0 0 0 1 0 0 0 1 0 0 0</i>
                <i>1 0 0 0 1 0 0 0 1 0 0 0</i>
                <i>1 0 0 0 1 0 0 0 1 0 0 0</i>
                <i>1 0 0 0 1 0 0 0 1 0 0 0</i>
                <i>1 0 0 0 1 0 0 0 1 0 0 0</i>
                <i>1 0 0 0 1 0 0 0 1 0 0 0</i>
                <i>1 0 0 0 1 0 0 0 1 0 0 0</i>
                <i>1 0 0 0 1 0 0 0 1 0 0 0</i>
                <i>1 0 0 0 1 0 0 0 1 0 0 0</i>
                <i>1 0 0 0 1 0 0 0 1 0 0 0</i>
                <i>1 0 0 0 1 0 0 0 1 0 0 0</i>
                <i>1 0 0 0 1 0 0 0 1 0 0 0</i>
                <i>1 0 0 0 1 0 0 0 1 0 0 0</i>
                <i>1 0 0 0 1 0 0 0 1 0 0 0</i>
                <i>1 0 0 0 1 0 0 0 1 0 0 0</i>
                <i>1 0 0 0 1 0 0 0 1 0 0 0</i>
                <i>1 0 0 0 1 0 0 0 1 0 0 0</i>
                <i>1 0 0 0 1 0 0 0 1 0 0 0</i>
                <i>1 0 0 0 1 0 0 0 1 0 0 0</i>
                <i>1 0 0 0 1 0 0 0 1 0 0 0</i>
                <i>1 0 0 0 1 0 0 0 1 0 0 0</i>
                <i>1 0 0 0 1 0 0 0 1 0 0 0</i>
                <i>1 0 0 0 1 0 0 0 1 0 0 0</i>
                <i>1 0 0 0 1 0 0 0 1 0 0 0</i>
                <i>1 0 0 0 1 0 0 0 1 0 0 0</i>
                <i>1 0 0 0 1 0 0 0 1 0 0 0</i>
                <i>1 0 0 0 1 0 0 0 1 0 0 0</i>
                <i>1 0 0 0 1 0 0 0 1 0 0 0</i>
                <i>1 0 0 0 1 0 0 0 1 0 0 0</i>
                <i>1 0 0 0 1 0 0 0 1 0 0 0</i>
                <i>1 0 0 0 1 0 0 0 1 0 0 0</i>
                <i>1 0 0 0 1 0 0 0 1 0 0 0</i>
                <i>1 0 0 0 1 0 0 0 1 0 0 0</i>
                <i>1 0 0 0 1 0 0 0 1 0 0 0</i>
                <i>1 0 0 0 1 0 0 0 1 0 0 0</i>
                <i>1 0 0 0 1 0 0 0 1 0 0 0</i>
                <i>1 0 0 0 1 0 0 0 1 0 0 0</i>
                <i>1 0 0 0 1 0 0 0 1 0 0 0</i>
                <i>1 0 0 0 1 0 0 0 1 0 0 0</i>
                <i>1 0 0 0 1 0 0 0 1 0 0 0</i>
                <i>1 0 0 0 1 0 0 0 1 0 0 0</i>
                <i>1 0 0 0 1 0 0 0 1 0 0 0</i>
                <i>1 0 0 0 1 0 0 0 1 0 0 0</i>
                <i>1 0 0 0 1 0 0 0 1 0 0 0</i>
                <i>1 0 0 0 1 0 0 0 1 0 0 0</i>
                <i>1 0 0 0 1 0 0 0 1 0 0 0</i>
                <i>1 0 0 0 1 0 0 0 1 0 0 0</i>
                <i>1 0 0 0 1 0 0 0 1 0 0 0</i>
                <i>1 0 0 0 1 0 0 0 1 0 0 0</i>
                <i>1 0 0 0 1 0 0 0 1 0 0 0</i>
                <i>1 0 0 0 1 0 0 0 1 0 0 0</i>
                <i>1 0 0 0 1 0 0 0 1 0 0 0</i>
                <i>1 0 0 0 1 0 0 0 1 0 0 0</i>
                <i>1 0 0 0 1 0 0 0 1 0 0 0</i>
                <i>1 0 0 0 1 0 0 0 1 0 0 0</i>
                <i>1 0 0 0 1 0 0 0 1 0 0 0</i>
                <i>1 0 0 0 1 0 0 0 1 0 0 0</i>
                <i>1 0 0 0 1 0 0 0 1 0 0 0</i>
                <i>1 0 0 0 1 0 0 0 1 0 0 0</i>
                <i>1 0 0 0 1 0 0 0 1 0 0 0</i>
                <i>1 0 0 0 1 0 0 0 1 0 0 0</i>
                <i>1 0 0 0 1 0 0 0 1 0 0 0</i>
                <i>1 0 0 0 1 0 0 0 1 0 0 0</i>
                <i>1 0 0 0 1 0 0 0 1 0 0 0</i>
                <i>1 0 0 0 1 0 0 0 1 0 0 0</i>
                <i>1 0 0 0 1 0 0 0 1 0 0 0</i>
                <i>1 0 0 0 1 0 0 0 1 0 0 0</i>
                <i>1 0 0 0 1 0 0 0 1 0 0 0</i>
                <i>1 0 0 0 1 0 0 0 1 0 0 0</i>
                <i>1 0 0 0 1 0 0 0 1 0 0 0</i>
                <i>1 0 0 0 1 0 0 0 1 0 0 0</i>
                <i>1 0 0 0 1 0 0 0 1 0 0 0</i>
                <i>1 0 0 0 1 0 0 0 1 0 0 0</i>
                <i>1 0 0 0 1 0 0 0 1 0 0 0</i>
                <i>1 0 0 0 1 0 0 0 1 0 0 0</i>
                <i>1 0 0 0 1 0 0 0 1 0 0 0</i>
                <i>1 0 0 0 1 0 0 0 1 0 0 0</i>
                <i>1 0 0 0 1 0 0 0 1 0 0 0</i>
                <i>1 0 0 0 1 0 0 0 1 0 0 0</i>
                <i>1 0 0 0 1 0 0 0 1 0 0 0</i>
                <i>1 0 0 0 1 0 0 0 1 0 0 0</i>
                <i>1 0 0 0 1 0 0 0 1 0 0 0</i>
                <i>1 0 0 0 1 0 0 0 1 0 0 0</i>
                <i>1 0 0 0 1 0 0 0 1 0 0 0</i>
                <i>1 0 0 0 1 0 0 0 1 0 0 0</i>
                <i>1 0 0 0 1 0 0 0 1 0 0 0</i>
                <i>1 0 0 0 1 0 0 0 1 0 0 0</i>
                <i>1 0 0 0 1 0 0 0 1 0 0 0</i>
                <i>1 0 0 0 1 0 0 0 1 0 0 0</i>
                <i>1 0 0 0 1 0 0 0 1 0 0 0</i>
                <i>1 0 0 0 1 0 0 0 1 0 0 0</i>
                <i>1 0 0 0 1 0 0 0 1 0 0 0</i>
                <i>1 0 0 0 1 0 0 0 1 0 0 0</i>
                <i>1 0 0 0 1 0 0 0 1 0 0 0</i>
                <i>1 0 0 0 1 0 0 0 1 0 0 0</i>
                <i>1 0 0 0 1 0 0 0 1 0 0 0</i>
                <i>1 0 0 0 1 0 0 0 1 0 0 0</i>
                <i>1 0 0 0 1 0 0 0 1 0 0 0</i>
                <i>1 0 0 0 1 0 0 0 1 0 0 0</i>
                <i>1 0 0 0 1 0 0 0 1 0 0 0</i>
                <i>1 0 0 0 1 0 0 0 1 0 0 0</i>
                <i>1 0 0 0 1 0 0 0 1 0 0 0</i>
                <i>1 0 0 0 1 0 0 0 1 0 0 0</i>
                <i>1 0 0 0 1 0 0 0 1 0 0 0</i>
                <i>1 0 0 0 1 0 0 0 1 0 0 0</i>
                <i>1 0 0 0 1 0 0 0 1 0 0 0</i>
                <i>1 0 0 0 1 0 0 0 1 0 0 0</i>
                <i>1 0 0 0 1 0 0 0 1 0 0 0</i>
                <i>1 0 0 0 1 0 0 0 1 0 0 0</i>
                <i>1 0 0 0 1 0 0 0 1 0 0 0</i>
                <i>1 0 0 0 1 0 0 0 1 0 0 0</i>
                <i>1 0 0 0 1 0 0 0 1 0 0 0</i>
                <i>1 0 0 0 1 0 0 0 1 0 0 0</i>
                <i>1 0 0 0 1 0 0 0 1 0 0 0</i>
            </KeyFrames>
        </RefFrame>
        <Bones count="20">
            <i>
                <p>
                    <Name><![CDATA[boss_beetle_root]]></Name>
                    <Exclude>0</Exclude>
                    <Additive>0</Additive>
                    <IKPriority>0</IKPriority>
                    <IKRotLimits>-1e+010 -1e+010 -1e+010 1e+010 1e+010 1e+010</IKRotLimits>
                    <IKRotLimitOrder>0</IKRotLimitOrder>
                    <KeyFrames count="121">
                        <i>1 0 0 0 1 0 0 0 1 0 0 0</i>
                        <i>0.999956 -0.00939392 0 0.00939392 0.999956 0 0 0 1 0 0.389048 0</i>
                        <i>0.999824 -0.018787 0 0.018787 0.999824 0 0 0 1 0 0.778096 0</i>
                        <i>0.999689 -0.0249575 0 0.0249575 0.999689 0 0 0 1 0 0.916998 0</i>
                        <i>0.99961 -0.0279085 0 0.0279085 0.99961 0 0 0 1 0 0.724326 0</i>
                        <i>0.999571 -0.0292952 0 0.0292952 0.999571 0 0 0 1 0 0.35577 0</i>
                        <i>0.999597 -0.0283751 0 0.0283751 0.999597 0 0 0 1 0 -0.0831398 0</i>
                        <i>0.999702 -0.0244058 0 0.0244058 0.999702 0 0 0 1 0 -0.486873 0</i>
                        <i>0.99993 -0.0118331 0 0.0118331 0.99993 0 0 0 1 0 -0.312275 0</i>
                        <i>0.999984 0.00572413 0 -0.00572413 0.999984 0 0 0 1 0 -0.111287 0</i>
                        <i>0.999884 0.0152442 0 -0.0152442 0.999884 0 0 0 1 0 0.100258 0</i>
                        <i>0.99987 0.0161449 0 -0.0161449 0.99987 0 0 0 1 0 0.306524 0</i>
                        <i>0.999863 0.0165579 0 -0.0165579 0.999863 0 0 0 1 0 0.491678 0</i>
                        <i>0.999863 0.0165362 0 -0.0165362 0.999863 0 0 0 1 0 0.639886 0</i>
                        <i>0.99987 0.0161327 0 -0.0161327 0.99987 0 0 0 1 0 0.735314 0</i>
                        <i>0.999881 0.0154001 0 -0.0154001 0.999881 0 0 0 1 0 0.762128 0</i>
                        <i>0.999896 0.0143914 0 -0.0143914 0.999896 0 0 0 1 0 0.49914 0</i>
                        <i>0.999913 0.0131595 0 -0.0131595 0.999913 0 0 0 1 0 -0.0641095 0</i>
                        <i>0.999931 0.0117572 0 -0.0117572 0.999931 0 0 0 1 0 -0.627358 0</i>
                        <i>0.999948 0.0102374 0 -0.0102374 0.999948 0 0 0 1 0 -0.526148 0</i>
                        <i>0.999963 0.008653 0 -0.008653 0.999963 0 0 0 1 0 -0.410684 0</i>
                        <i>0.999975 0.00705693 0 -0.00705693 0.999975 0 0 0 1 0 -0.289518 0</i>
                        <i>0.999985 0.00550205 0 -0.00550205 0.999985 0 0 0 1 0 -0.171203 0</i>
                        <i>0.999992 0.00404126 0 -0.00404126 0.999992 0 0 0 1 0 -0.0642914 0</i>
                        <i>0.999996 0.00272745 0 -0.00272745 0.999996 0 0 0 1 0 0.022663 0</i>
                        <i>0.999999 0.00161353 0 -0.00161353 0.999999 0 0 0 1 0 0.0811079 0</i>
                        <i>1 0.000752387 0 -0.000752387 1 0 0 0 1 0 0.10249 0</i>
                        <i>1 0.000196912 0 -0.000196912 1 0 0 0 1 0 0.101126 0</i>
                        <i>1 0 0 0 1 0 0 0 1 0 0.0972708 0</i>
                        <i>1 0 0 0 1 0 0 0 1 0 0.0912803 0</i>
                        <i>1 0 0 0 1 0 0 0 1 0 0.0835105 0</i>
                        <i>1 0 0 0 1 0 0 0 1 0 0.0743172 0</i>
                        <i>1 0 0 0 1 0 0 0 1 0 0.0640563 0</i>
                        <i>1 0 0 0 1 0 0 0 1 0 0.0530837 0</i>
                        <i>1 0 0 0 1 0 0 0 1 0 0.0417553 0</i>
                        <i>1 0 0 0 1 0 0 0 1 0 0.0304267 0</i>
                        <i>1 0 0 0 1 0 0 0 1 0 0.0194541 0</i>
                        <i>1 0 0 0 1 0 0 0 1 0 0.00919326 0</i>
                        <i>1 0 0 0 1 0 0 0 1 0 0 0</i>
                        <i>1 0 0 0 1 0 0 0 1 0 0 0</i>
                        <i>1 0 0 0 1 0 0 0 1 0 0 0</i>
                        <i>1 0 0 0 1 0 0 0 1 0 0 0</i>
                        <i>1 0 0 0 1 0 0 0 1 0 0 0</i>
                        <i>1 0 0 0 1 0 0 0 1 0 0 0</i>
                        <i>1 0 0 0 1 0 0 0 1 0 0 0</i>
                        <i>1 0 0 0 1 0 0 0 1 0 0 0</i>
                        <i>1 0 0 0 1 0 0 0 1 0 0 0</i>
                        <i>1 0 0 0 1 0 0 0 1 0 0 0</i>
                        <i>1 0 0 0 1 0 0 0 1 0 0 0</i>
                        <i>1 0 0 0 1 0 0 0 1 0 0 0</i>
                        <i>1 0 0 0 1 0 0 0 1 0 0 0</i>
                        <i>1 0 0 0 1 0 0 0 1 0 0 0</i>
                        <i>1 0 0 0 1 0 0 0 1 0 0 0</i>
                        <i>1 0 0 0 1 0 0 0 1 0 0 0</i>
                        <i>1 0 0 0 1 0 0 0 1 0 0 0</i>
                        <i>1 0 0 0 1 0 0 0 1 0 0 0</i>
                        <i>1 0 0 0 1 0 0 0 1 0 0 0</i>
                        <i>1 0 0 0 1 0 0 0 1 0 0 0</i>
                        <i>1 0 0 0 1 0 0 0 1 0 0 0</i>
                        <i>1 0 0 0 1 0 0 0 1 0 0 0</i>
                        <i>1 0 0 0 1 0 0 0 1 0 0 0</i>
                        <i>1 0 0 0 1 0 0 0 1 0 0 0</i>
                        <i>1 0 0 0 1 0 0 0 1 0 0 0</i>
                        <i>1 0 0 0 1 0 0 0 1 0 0 0</i>
                        <i>1 0 0 0 1 0 0 0 1 0 0 0</i>
                        <i>1 0 0 0 1 0 0 0 1 0 0 0</i>
                        <i>1 0 0 0 1 0 0 0 1 0 0 0</i>
                        <i>1 0 0 0 1 0 0 0 1 0 0 0</i>
                        <i>1 0 0 0 1 0 0 0 1 0 0 0</i>
                        <i>1 0 0 0 1 0 0 0 1 0 0 0</i>
                        <i>1 0 0 0 1 0 0 0 1 0 0 0</i>
                        <i>1 0 0 0 1 0 0 0 1 0 0 0</i>
                        <i>1 0 0 0 1 0 0 0 1 0 0 0</i>
                        <i>1 0 0 0 1 0 0 0 1 0 0 0</i>
                        <i>1 0 0 0 1 0 0 0 1 0 0 0</i>
                        <i>1 0 0 0 1 0 0 0 1 0 0 0</i>
                        <i>1 0 0 0 1 0 0 0 1 0 0 0</i>
                        <i>1 0 0 0 1 0 0 0 1 0 0 0</i>
                        <i>1 0 0 0 1 0 0 0 1 0 0 0</i>
                        <i>1 0 0 0 1 0 0 0 1 0 0 0</i>
                        <i>1 0 0 0 1 0 0 0 1 0 0 0</i>
                        <i>1 0 0 0 1 0 0 0 1 0 0 0</i>
                        <i>1 0 0 0 1 0 0 0 1 0 0 0</i>
                        <i>1 0 0 0 1 0 0 0 1 0 0 0</i>
                        <i>1 0 0 0 1 0 0 0 1 0 0 0</i>
                        <i>1 0 0 0 1 0 0 0 1 0 0 0</i>
                        <i>1 0 0 0 1 0 0 0 1 0 0 0</i>
                        <i>1 0 0 0 1 0 0 0 1 0 0 0</i>
                        <i>1 0 0 0 1 0 0 0 1 0 0 0</i>
                        <i>1 0 0 0 1 0 0 0 1 0 0 0</i>
                        <i>1 0 0 0 1 0 0 0 1 0 0 0</i>
                        <i>1 0 0 0 1 0 0 0 1 0 0 0</i>
                        <i>1 0 0 0 1 0 0 0 1 0 0 0</i>
                        <i>1 0 0 0 1 0 0 0 1 0 0 0</i>
                        <i>1 0 0 0 1 0 0 0 1 0 0 0</i>
                        <i>1 0 0 0 1 0 0 0 1 0 0 0</i>
                        <i>1 0 0 0 1 0 0 0 1 0 0 0</i>
                        <i>1 0 0 0 1 0 0 0 1 0 0 0</i>
                        <i>1 0 0 0 1 0 0 0 1 0 0 0</i>
                        <i>1 0 0 0 1 0 0 0 1 0 0 0</i>
                        <i>1 0 0 0 1 0 0 0 1 0 0 0</i>
                        <i>1 0 0 0 1 0 0 0 1 0 0 0</i>
                        <i>1 0 0 0 1 0 0 0 1 0 0 0</i>
                        <i>1 0 0 0 1 0 0 0 1 0 0 0</i>
                        <i>1 0 0 0 1 0 0 0 1 0 0 0</i>
                        <i>1 0 0 0 1 0 0 0 1 0 0 0</i>
                        <i>1 0 0 0 1 0 0 0 1 0 0 0</i>
                        <i>1 0 0 0 1 0 0 0 1 0 0 0</i>
                        <i>1 0 0 0 1 0 0 0 1 0 0 0</i>
                        <i>1 0 0 0 1 0 0 0 1 0 0 0</i>
                        <i>1 0 0 0 1 0 0 0 1 0 0 0</i>
                        <i>1 0 0 0 1 0 0 0 1 0 0 0</i>
                        <i>1 0 0 0 1 0 0 0 1 0 0 0</i>
                        <i>1 0 0 0 1 0 0 0 1 0 0 0</i>
                        <i>1 0 0 0 1 0 0 0 1 0 0 0</i>
                        <i>1 0 0 0 1 0 0 0 1 0 0 0</i>
                        <i>1 0 0 0 1 0 0 0 1 0 0 0</i>
                        <i>1 0 0 0 1 0 0 0 1 0 0 0</i>
                        <i>1 0 0 0 1 0 0 0 1 0 0 0</i>
                        <i>1 0 0 0 1 0 0 0 1 0 0 0</i>
                        <i>1 0 0 0 1 0 0 0 1 0 0 0</i>
                    </KeyFrames>
                </p>
            </i>
            <i>
                <p>
                    <Name><![CDATA[base]]></Name>
                    <Exclude>0</Exclude>
                    <Additive>0</Additive>
                    <IKPriority>0</IKPriority>
                    <IKRotLimits>-1e+010 -1e+010 -1e+010 1e+010 1e+010 1e+010</IKRotLimits>
                    <IKRotLimitOrder>0</IKRotLimitOrder>
                    <KeyFrames count="121">
                        <i>0.999998 -0.0020345 0 0.0020345 0.999997 -0.00157833 3.2111e-006 0.00157832 0.999999 -0.00417182 8.23541 -0.0124655</i>
                        <i>0.999877 -0.0157081 -1.69407e-021 0.015708 0.999869 0.00380727 -5.98049e-005 -0.0038068 0.999993 0.085278 9.91075 -0.0124655</i>
                        <i>0.999533 -0.0305558 0 0.0305537 0.999464 0.0117424 -0.0003588 -0.011737 0.999931 0.177841 10.4646 -0.0124655</i>
                        <i>0.999115 -0.0420536 0 0.0420461 0.998939 0.0188038 -0.000790766 -0.0187871 0.999823 0.238304 10.6296 -0.0124655</i>
                        <i>0.998804 -0.0488861 0 0.0488752 0.998582 0.0210804 -0.00103054 -0.0210552 0.999778 0.264771 10.3572 -0.0124655</i>
                        <i>0.998641 -0.0521211 5.42101e-020 0.0521112 0.998451 0.0195159 -0.00101719 -0.0194893 0.99981 0.273986 9.84677 -0.0124655</i>
                        <i>0.998683 -0.0513037 2.71051e-020 0.0512955 0.998524 0.0178268 -0.000914582 -0.0178034 0.999841 0.258878 9.18361 -0.0124655</i>
                        <i>0.99897 -0.045383 0 0.0453774 0.998845 0.0157753 -0.000715933 -0.0157591 0.999876 0.214194 8.45781 -0.0124655</i>
                        <i>0.999577 -0.0290994 1.35525e-020 0.0290969 0.999492 0.0130032 -0.000378387 -0.0129977 0.999915 0.0974339 8.27372 -0.0124655</i>
                        <i>0.999977 -0.00673203 0 0.00673174 0.999935 0.00917324 -6.17545e-005 -0.00917304 0.999958 -0.0513922 8.13792 -0.0124655</i>
                        <i>0.999969 0.00783006 3.38813e-021 -0.00782992 0.999951 0.0060556 4.74157e-005 -0.00605541 0.999982 -0.131013 8.4199 -0.0124655</i>
                        <i>0.999928 0.0119904 -1.69407e-021 -0.0119903 0.999921 0.00385376 4.62081e-005 -0.00385348 0.999993 -0.139788 8.70531 -0.0124655</i>
                        <i>0.999892 0.01468 2.11758e-022 -0.01468 0.999892 0.00120997 1.77624e-005 -0.00120984 0.999999 -0.144576 8.97005 -0.0124655</i>
                        <i>0.999946 0.0103505 3.38813e-021 -0.0103502 0.999916 0.00785968 8.13516e-005 -0.00785926 0.999969 -0.145679 9.19607 -0.0124655</i>
                        <i>0.999987 0.00519898 1.35525e-020 -0.00519845 0.999884 0.0143244 7.44725e-005 -0.0143242 0.999897 -0.143275 9.35664 -0.0124655</i>
                        <i>0.99995 0.00995589 0 -0.00995435 0.999795 0.0176146 0.000175369 -0.0176138 0.999845 -0.137684 9.43067 -0.0124655</i>
                        <i>0.999852 0.0172122 3.38813e-021 -0.0172097 0.999704 0.0171776 0.000295664 -0.017175 0.999852 -0.12918 9.1845 -0.0124655</i>
                        <i>0.999778 0.0210508 -6.77626e-021 -0.0210484 0.999664 0.0151554 0.000319034 -0.015152 0.999885 -0.118161 8.59723 -0.0124655</i>
                        <i>0.999831 0.018367 0 -0.0183655 0.999754 0.0124019 0.000227785 -0.0123998 0.999923 -0.105317 7.9749 -0.0124655</i>
                        <i>0.999933 0.0116051 -8.47033e-022 -0.0116047 0.999893 0.00892056 0.000103524 -0.00891996 0.99996 -0.0914237 7.99626 -0.0124655</i>
                        <i>0.99999 0.00439934 -1.69407e-021 -0.00439927 0.999975 0.00547113 2.40694e-005 -0.00547108 0.999985 -0.0771191 8.01927 -0.0124655</i>
                        <i>0.999999 -0.0016794 0 0.0016794 0.999996 0.00222837 -3.74233e-006 -0.00222837 0.999997 -0.0629904 8.04514 -0.0124655</i>
                        <i>0.999995 -0.00310051 0 0.00310048 0.999987 0.00401006 -1.24332e-005 -0.00401004 0.999992 -0.0495921 8.08382 -0.0124655</i>
                        <i>0.999993 -0.00374563 -3.38813e-021 0.00374554 0.999968 0.0070402 -2.637e-005 -0.00704015 0.999975 -0.0376989 8.23184 -0.0124655</i>
                        <i>0.999988 -0.00492746 -6.77626e-021 0.00492723 0.999941 0.0096988 -4.77904e-005 -0.00969868 0.999953 -0.0269281 8.36603 -0.0124655</i>
                        <i>0.99998 -0.00631341 0 0.00631299 0.999914 0.0114946 -7.25698e-005 -0.0114943 0.999934 -0.0177022 8.46663 -0.0124655</i>
                        <i>0.999975 -0.00704893 -6.77626e-021 0.00704871 0.999944 0.00788185 -5.55586e-005 -0.00788166 0.999969 -0.0105033 8.51773 -0.0124655</i>
                        <i>0.99998 -0.00636389 -3.38813e-021 0.00636383 0.99997 0.00439279 -2.79552e-005 -0.0043927 0.99999 -0.00583111 8.52769 -0.0124655</i>
                        <i>0.999981 -0.00614851 0 0.0061485 0.999979 0.0019813 -1.2182e-005 -0.00198126 0.999998 -0.00417182 8.50094 -0.0124655</i>
                        <i>0.99998 -0.00637484 0 0.00637483 0.999979 0.00114859 -7.32209e-006 -0.00114857 0.999999 -0.00417182 8.44586 -0.0124655</i>
                        <i>0.999984 -0.00560007 0 0.00560004 0.999978 0.00360877 -2.02094e-005 -0.00360872 0.999994 -0.00417182 8.38463 -0.0124655</i>
                        <i>0.999988 -0.00483918 0 0.00483908 0.999968 0.00642409 -3.10873e-005 -0.00642401 0.999979 -0.00417182 8.32796 -0.0124655</i>
                        <i>0.999994 -0.00353025 -3.38813e-021 0.00353011 0.999953 0.00905757 -3.19755e-005 -0.00905752 0.999959 -0.00417182 8.35334 -0.0124655</i>
                        <i>0.999997 -0.00253476 0 0.00253461 0.999935 0.0110868 -2.81024e-005 -0.0110867 0.999939 -0.00417182 8.37927 -0.0124655</i>
                        <i>0.999998 -0.00208346 0 0.00208332 0.99993 0.0116149 -2.41993e-005 -0.0116149 0.999933 -0.00417182 8.39611 -0.0124655</i>
                        <i>0.999997 -0.00253505 1.69407e-021 0.00253495 0.999957 0.00886986 -2.24855e-005 -0.00886983 0.999961 -0.00417182 8.39122 -0.0124655</i>
                        <i>0.999994 -0.00344535 0 0.00344529 0.999976 0.00593165 -2.04366e-005 -0.00593161 0.999982 -0.00417182 8.36191 -0.0124655</i>
                        <i>0.999991 -0.00429179 0 0.00429176 0.999983 0.00405211 -1.73908e-005 -0.00405207 0.999992 -0.00417182 8.32368 -0.0124655</i>
                        <i>0.999992 -0.00408532 0 0.0040853 0.999988 0.00286761 -1.17151e-005 -0.00286758 0.999996 -0.00417182 8.28383 -0.0124655</i>
                        <i>0.999993 -0.003793 0 0.00379298 0.999988 0.00303533 -1.1513e-005 -0.00303531 0.999995 -0.00417182 8.25686 -0.0124655</i>
                        <i>0.999992 -0.0040483 1.69407e-021 0.00404825 0.999982 0.00453954 -1.83774e-005 -0.00453951 0.99999 -0.00417182 8.2548 -0.0124655</i>
                        <i>0.999992 -0.00399645 0 0.00399638 0.999974 0.00598576 -2.39218e-005 -0.00598571 0.999982 -0.00417182 8.25386 -0.0124655</i>
                        <i>0.999993 -0.00368186 -1.69407e-021 0.00368179 0.999977 0.00576706 -2.12335e-005 -0.00576702 0.999983 -0.00417182 8.2523 -0.0124655</i>
                        <i>0.999993 -0.00381078 0 0.00381074 0.999983 0.00451531 -1.72069e-005 -0.00451528 0.99999 -0.00417182 8.24815 -0.0124655</i>
                        <i>0.999993 -0.0036812 0 0.00368117 0.999986 0.0039294 -1.44649e-005 -0.00392937 0.999992 -0.00417182 8.24362 -0.0124655</i>
                        <i>0.999993 -0.0036296 0 0.00362957 0.999986 0.00389587 -1.41404e-005 -0.00389584 0.999992 -0.00417182 8.23931 -0.0124655</i>
                        <i>0.999995 -0.00310813 8.47033e-022 0.00310811 0.999988 0.00386079 -1.19999e-005 -0.00386078 0.999993 -0.00417182 8.23655 -0.0124655</i>
                        <i>0.999996 -0.0027278 -8.47033e-022 0.00272778 0.999989 0.00393236 -1.07267e-005 -0.00393234 0.999992 -0.00417182 8.23473 -0.0124655</i>
                        <i>0.999995 -0.00316696 0 0.00316694 0.999987 0.00411519 -1.30327e-005 -0.00411517 0.999992 -0.00417182 8.23459 -0.0124655</i>
                        <i>0.999993 -0.00367028 0 0.00367025 0.999985 0.00398465 -1.46248e-005 -0.00398463 0.999992 -0.00417182 8.23244 -0.0124655</i>
                        <i>0.999989 -0.00466388 -8.47033e-022 0.00466386 0.999985 0.00276559 -1.28984e-005 -0.00276556 0.999996 -0.00417182 8.2276 -0.0124655</i>
                        <i>0.999987 -0.00510515 0 0.00510514 0.999985 0.00172273 -8.79479e-006 -0.00172271 0.999999 -0.00417182 8.22436 -0.0124655</i>
                        <i>0.999988 -0.00479799 0 0.00479798 0.999988 0.00129349 -6.20614e-006 -0.00129347 0.999999 -0.00417182 8.22179 -0.0124655</i>
                        <i>0.999989 -0.00473099 0 0.00473099 0.999987 0.00164971 -7.80476e-006 -0.00164969 0.999999 -0.00417182 8.22287 -0.0124655</i>
                        <i>0.999992 -0.0039034 0 0.00390339 0.999989 0.0025465 -9.94002e-006 -0.00254648 0.999997 -0.00417182 8.22492 -0.0124655</i>
                        <i>0.999996 -0.00287624 8.47033e-022 0.00287623 0.999991 0.00326538 -9.39202e-006 -0.00326536 0.999995 -0.00417182 8.22786 -0.0124655</i>
                        <i>0.999998 -0.00197904 8.47033e-022 0.00197902 0.999989 0.00417361 -8.25974e-006 -0.00417361 0.999991 -0.00417182 8.22877 -0.0124655</i>
                        <i>0.999996 -0.00280944 -8.47033e-022 0.00280942 0.999989 0.00381709 -1.07239e-005 -0.00381707 0.999993 -0.00417182 8.2289 -0.0124655</i>
                        <i>0.99999 -0.00447868 0 0.00447866 0.999984 0.00347475 -1.55623e-005 -0.00347471 0.999994 -0.00417182 8.23071 -0.0124655</i>
                        <i>0.999984 -0.00571637 1.69407e-021 0.00571633 0.999978 0.00335419 -1.91738e-005 -0.00335413 0.999994 -0.00417182 8.23182 -0.0124655</i>
                        <i>0.999979 -0.00655126 0 0.00655123 0.999974 0.00291998 -1.91295e-005 -0.00291992 0.999996 -0.00417182 8.23351 -0.0124655</i>
                        <i>0.999981 -0.00620466 0 0.00620465 0.999979 0.00206799 -1.28312e-005 -0.00206795 0.999998 -0.00417182 8.23568 -0.0124655</i>
                        <i>0.999982 -0.00598855 0 0.00598855 0.999982 0.000852789 -5.10698e-006 -0.000852774 1 -0.00417182 8.2328 -0.0124655</i>
                        <i>0.999985 -0.00541596 0 0.00541596 0.999985 -0.000755029 4.0892e-006 0.000755018 1 -0.00417182 8.22928 -0.0124655</i>
                        <i>0.999985 -0.00553748 0 0.00553746 0.999982 -0.00207978 1.15167e-005 0.00207975 0.999998 -0.00417182 8.22788 -0.0124655</i>
                        <i>0.999985 -0.00548483 -8.47033e-022 0.00548481 0.999981 -0.00277912 1.5243e-005 0.00277908 0.999996 -0.00417182 8.23147 -0.0124655</i>
                        <i>0.999987 -0.00517975 0 0.00517972 0.999981 -0.00331849 1.7189e-005 0.00331845 0.999995 -0.00417182 8.23593 -0.0124655</i>
                        <i>0.999993 -0.00374725 0 0.00374721 0.999982 -0.00460242 1.72464e-005 0.00460238 0.999989 -0.00417182 8.23558 -0.0124655</i>
                        <i>0.999998 -0.00210227 -8.47033e-022 0.00210224 0.999983 -0.00549393 1.15497e-005 0.00549392 0.999985 -0.00417182 8.2378 -0.0124655</i>
                        <i>1 -0.000973509 0 0.000973492 0.999982 -0.00593133 5.7742e-006 0.00593133 0.999982 -0.00417182 8.23817 -0.0124655</i>
                        <i>1 -0.000238046 1.05879e-022 0.000238041 0.999979 -0.00649538 1.5462e-006 0.00649538 0.999979 -0.00417182 8.23545 -0.0124655</i>
                        <i>1 0.00069851 -4.23516e-022 -0.00069849 0.999971 -0.00758859 -5.30071e-006 0.00758859 0.999971 -0.00417182 8.23614 -0.0124655</i>
                        <i>0.999998 0.00185743 1.69407e-021 -0.00185736 0.999958 -0.00898065 -1.6681e-005 0.00898063 0.99996 -0.00417182 8.24029 -0.0124655</i>
                        <i>0.999996 0.00269803 -1.69407e-021 -0.00269792 0.999955 -0.00911408 -2.45901e-005 0.00911405 0.999958 -0.00417182 8.24268 -0.0124655</i>
                        <i>0.999997 0.00256547 0 -0.00256537 0.999955 -0.00914586 -2.34635e-005 0.00914583 0.999958 -0.00417182 8.24326 -0.0124655</i>
                        <i>0.999995 0.00314158 0 -0.00314142 0.999946 -0.00992819 -3.11902e-005 0.00992814 0.999951 -0.00417182 8.24321 -0.0124655</i>
                        <i>0.999992 0.00399816 -3.38813e-021 -0.00399793 0.999934 -0.0107402 -4.29409e-005 0.0107401 0.999942 -0.00417182 8.24501 -0.0124655</i>
                        <i>0.999992 0.00392169 3.38813e-021 -0.00392142 0.999924 -0.0117284 -4.59953e-005 0.0117283 0.999931 -0.00417182 8.24563 -0.0124655</i>
                        <i>0.999992 0.00410512 -3.38813e-021 -0.00410479 0.999911 -0.0126849 -5.20732e-005 0.0126848 0.99992 -0.00417182 8.24597 -0.0124655</i>
                        <i>0.99999 0.00454138 0 -0.00454098 0.999902 -0.013246 -6.01552e-005 0.0132459 0.999912 -0.00417182 8.24331 -0.0124655</i>
                        <i>0.999986 0.00538072 0 -0.00538025 0.999898 -0.013241 -7.12464e-005 0.0132409 0.999912 -0.00417182 8.24194 -0.0124655</i>
                        <i>0.999982 0.00600524 0 -0.00600475 0.9999 -0.0127885 -7.67977e-005 0.0127882 0.999918 -0.00417182 8.24464 -0.0124655</i>
                        <i>0.999979 0.00651565 0 -0.00651515 0.999902 -0.0124026 -8.08114e-005 0.0124024 0.999923 -0.00417182 8.24891 -0.0124655</i>
                        <i>0.999972 0.00750806 0 -0.00750747 0.999893 -0.0125227 -9.40209e-005 0.0125223 0.999922 -0.00417182 8.24796 -0.0124655</i>
                        <i>0.999968 0.00799893 0 -0.00799828 0.999886 -0.0127764 -0.000102198 0.012776 0.999918 -0.00417182 8.24526 -0.0124655</i>
                        <i>0.999965 0.00841459 -6.77626e-021 -0.00841394 0.999886 -0.0125022 -0.000105201 0.0125018 0.999922 -0.00417182 8.24253 -0.0124655</i>
                        <i>0.999962 0.00866759 6.77626e-021 -0.00866692 0.999886 -0.0123614 -0.000107144 0.012361 0.999924 -0.00417182 8.24093 -0.0124655</i>
                        <i>0.999966 0.00828381 6.77626e-021 -0.0082832 0.999892 -0.0121396 -0.000100562 0.0121392 0.999926 -0.00417182 8.24073 -0.0124655</i>
                        <i>0.999969 0.00780969 6.77626e-021 -0.00780905 0.999888 -0.0127851 -9.9848e-005 0.0127848 0.999918 -0.00417182 8.23997 -0.0124655</i>
                        <i>0.999964 0.00845509 6.77626e-021 -0.0084543 0.999871 -0.0136747 -0.000115621 0.0136742 0.999906 -0.00417182 8.24055 -0.0124655</i>
                        <i>0.999958 0.00914006 0 -0.00913918 0.999862 -0.0138407 -0.000126505 0.0138401 0.999904 -0.00417182 8.24014 -0.0124655</i>
                        <i>0.999963 0.00854872 -6.77626e-021 -0.00854792 0.99987 -0.0136426 -0.000116627 0.0136421 0.999907 -0.00417182 8.23868 -0.0124655</i>
                        <i>0.999964 0.0085249 6.77626e-021 -0.00852413 0.999873 -0.0134465 -0.00011463 0.013446 0.99991 -0.00417182 8.24293 -0.0124655</i>
                        <i>0.999964 0.0085248 6.77626e-021 -0.00852406 0.999876 -0.0132129 -0.000112637 0.0132124 0.999913 -0.00417182 8.24984 -0.0124655</i>
                        <i>0.999962 0.00870894 6.77626e-021 -0.00870821 0.999878 -0.012953 -0.000112807 0.0129525 0.999916 -0.00417182 8.25463 -0.0124655</i>
                        <i>0.999966 0.00821934 -6.77626e-021 -0.00821871 0.99989 -0.0123773 -0.000101733 0.0123768 0.999923 -0.00417182 8.25761 -0.0124655</i>
                        <i>0.999974 0.00721806 0 -0.00721758 0.999907 -0.0115449 -8.3332e-005 0.0115446 0.999933 -0.00417182 8.25998 -0.0124655</i>
                        <i>0.999984 0.00565936 3.38813e-021 -0.00565903 0.999926 -0.0107272 -6.07088e-005 0.010727 0.999942 -0.00417182 8.25925 -0.0124655</i>
                        <i>0.99999 0.00454871 3.38813e-021 -0.00454846 0.999936 -0.010403 -4.73201e-005 0.0104029 0.999946 -0.00417182 8.2525 -0.0124655</i>
                        <i>0.999994 0.00351841 0 -0.00351825 0.999948 -0.00960694 -3.38012e-005 0.00960689 0.999954 -0.00417182 8.24829 -0.0124655</i>
                        <i>0.999993 0.00362168 -3.38813e-021 -0.00362153 0.999952 -0.00913897 -3.30984e-005 0.00913891 0.999958 -0.00417182 8.24829 -0.0124655</i>
                        <i>0.999988 0.0049212 0 -0.00492098 0.999943 -0.00950564 -4.67792e-005 0.00950553 0.999955 -0.00417182 8.24941 -0.0124655</i>
                        <i>0.999985 0.00553247 0 -0.00553227 0.999948 -0.00852264 -4.71513e-005 0.00852251 0.999964 -0.00417182 8.25082 -0.0124655</i>
                        <i>0.999986 0.00524219 0 -0.00524209 0.999965 -0.00644545 -3.37883e-005 0.00644536 0.999979 -0.00417182 8.25383 -0.0124655</i>
                        <i>0.999987 0.00514599 0 -0.00514593 0.999974 -0.00508024 -2.61429e-005 0.00508018 0.999987 -0.00417182 8.25548 -0.0124655</i>
                        <i>0.999991 0.00421488 -1.69407e-021 -0.00421482 0.999977 -0.00524835 -2.21212e-005 0.00524831 0.999986 -0.00417182 8.25547 -0.0124655</i>
                        <i>0.999995 0.00327582 0 -0.00327577 0.999978 -0.0057368 -1.87927e-005 0.00573677 0.999984 -0.00417182 8.25151 -0.0124655</i>
                        <i>0.999996 0.00291377 -1.69407e-021 -0.00291372 0.99998 -0.00561825 -1.63703e-005 0.00561823 0.999984 -0.00417182 8.24831 -0.0124655</i>
                        <i>0.999997 0.00262407 -8.47033e-022 -0.00262403 0.999981 -0.00565518 -1.48396e-005 0.00565516 0.999984 -0.00417182 8.24381 -0.0124655</i>
                        <i>0.999994 0.00335414 0 -0.00335409 0.999978 -0.00574591 -1.92726e-005 0.00574588 0.999983 -0.00417182 8.24153 -0.0124655</i>
                        <i>0.999994 0.00341872 0 -0.00341868 0.999982 -0.00493877 -1.68843e-005 0.00493874 0.999988 -0.00417182 8.24065 -0.0124655</i>
                        <i>0.999995 0.00306336 0 -0.00306334 0.99999 -0.00334572 -1.02491e-005 0.0033457 0.999994 -0.00417182 8.24237 -0.0124655</i>
                        <i>0.999996 0.00267052 0 -0.00267051 0.999995 -0.00160301 -4.28087e-006 0.00160301 0.999999 -0.00417182 8.24172 -0.0124655</i>
                        <i>0.999998 0.00185254 0 -0.00185254 0.999998 -0.000232621 -4.30939e-007 0.00023262 1 -0.00417182 8.24106 -0.0124655</i>
                        <i>0.999999 0.00171815 -1.05879e-022 -0.00171814 0.999998 0.000989335 1.69982e-006 -0.000989334 1 -0.00417182 8.24101 -0.0124655</i>
                        <i>0.999999 0.00147467 -2.11758e-022 -0.00147467 0.999998 0.00152587 2.25015e-006 -0.00152587 0.999999 -0.00417182 8.24078 -0.0124655</i>
                        <i>1 0.00078024 0 -0.000780239 0.999999 0.00143882 1.12263e-006 -0.00143882 0.999999 -0.00417182 8.24256 -0.0124655</i>
                        <i>1 0.000553084 2.64698e-023 -0.000553084 1 0.000832732 4.60571e-007 -0.000832731 1 -0.00417182 8.24364 -0.0124655</i>
                        <i>1 0.000376468 1.32349e-023 -0.000376468 1 0.000609051 2.29288e-007 -0.000609051 1 -0.00417182 8.24477 -0.0124655</i>
                        <i>1 -0.000424659 0 0.000424659 1 0.00060795 -2.58171e-007 -0.00060795 1 -0.00417182 8.24386 -0.0124655</i>
                        <i>0.999996 -0.00283234 5.29396e-023 0.00283234 0.999996 0.000323973 -9.17604e-007 -0.000323972 1 -0.00417182 8.24386 -0.0124655</i>
                    </KeyFrames>
                </p>
            </i>
            <i>
                <p>
                    <Name><![CDATA[plow]]></Name>
                    <Exclude>0</Exclude>
                    <Additive>0</Additive>
                    <IKPriority>0</IKPriority>
                    <IKRotLimits>-1e+010 -1e+010 -1e+010 1e+010 1e+010 1e+010</IKRotLimits>
                    <IKRotLimitOrder>0</IKRotLimitOrder>
                    <KeyFrames count="121">
                        <i>0.999998 -0.0020345 0 0.00125517 0.616942 -0.787008 0.00160117 0.787006 0.616943 -0.000947769 9.8201 16.3386</i>
                        <i>0.999877 -0.0157081 -1.69407e-021 0.00906517 0.577031 -0.816672 0.0128283 0.816571 0.577102 0.108782 11.4069 16.4234</i>
                        <i>0.999533 -0.0305558 0 0.0145097 0.474636 -0.880062 0.026891 0.879651 0.474858 0.219548 11.829 16.5112</i>
                        <i>0.999115 -0.0420536 0 0.014642 0.347866 -0.93743 0.0394223 0.936601 0.348174 0.290736 11.8753 16.5969</i>
                        <i>0.998804 -0.0488861 0 0.012049 0.246177 -0.96915 0.0473779 0.967991 0.246472 0.323793 11.5631 16.6761</i>
                        <i>0.998641 -0.0521211 5.42101e-020 0.0119487 0.228937 -0.973368 0.050733 0.972045 0.229249 0.338198 11.0771 16.7507</i>
                        <i>0.998683 -0.0513037 2.71051e-020 0.0152641 0.297132 -0.954714 0.0489804 0.953457 0.297524 0.323465 10.4409 16.825</i>
                        <i>0.99897 -0.045383 0 0.0181995 0.400607 -0.916069 0.041574 0.915125 0.401021 0.27284 9.74874 16.8989</i>
                        <i>0.999577 -0.0290994 1.35525e-020 0.0152374 0.523409 -0.851945 0.0247911 0.851584 0.523631 0.136373 9.6113 16.9717</i>
                        <i>0.999977 -0.00673203 0 0.00436645 0.648594 -0.761122 0.0051239 0.761105 0.648609 -0.0419506 9.54038 17.0429</i>
                        <i>0.999969 0.00783006 3.38813e-021 -0.00596909 0.762306 -0.647189 -0.00506753 0.647169 0.76233 -0.142408 9.87505 17.1149</i>
                        <i>0.999928 0.0119904 -1.69407e-021 -0.0102379 0.853782 -0.52053 -0.00624136 0.520492 0.853843 -0.157685 10.1978 17.1881</i>
                        <i>0.999892 0.01468 2.11758e-022 -0.0134717 0.917588 -0.397304 -0.00583243 0.397261 0.917687 -0.167154 10.5079 17.2606</i>
                        <i>0.999946 0.0103505 3.38813e-021 -0.00992151 0.958503 -0.284908 -0.00294894 0.284893 0.958555 -0.160402 10.6185 17.3469</i>
                        <i>0.999987 0.00519898 1.35525e-020 -0.00508543 0.978145 -0.20786 -0.00108066 0.207857 0.978159 -0.150081 10.6658 17.4322</i>
                        <i>0.99995 0.00995589 0 -0.00979457 0.983747 -0.179292 -0.00178501 0.179283 0.983796 -0.150133 10.681 17.5129</i>
                        <i>0.999852 0.0172122 3.38813e-021 -0.0168876 0.980992 -0.193309 -0.00332728 0.193281 0.981138 -0.150811 10.441 17.5888</i>
                        <i>0.999778 0.0210508 -6.77626e-021 -0.0204514 0.971307 -0.236949 -0.00498797 0.236896 0.971522 -0.145341 9.8881 17.6627</i>
                        <i>0.999831 0.018367 0 -0.0175321 0.954386 -0.298059 -0.00547444 0.298009 0.954547 -0.129908 9.31355 17.7355</i>
                        <i>0.999933 0.0116051 -8.47033e-022 -0.0108029 0.930806 -0.365353 -0.00423997 0.365329 0.930869 -0.107671 9.39614 17.8072</i>
                        <i>0.99999 0.00439934 -1.69407e-021 -0.00397711 0.904016 -0.427479 -0.00188062 0.427475 0.904025 -0.0835467 9.48028 17.8788</i>
                        <i>0.999999 -0.0016794 0 0.00147804 0.880095 -0.474795 0.000797372 0.474794 0.880096 -0.0604397 9.56399 17.9504</i>
                        <i>0.999995 -0.00310051 0 0.00269459 0.869076 -0.494672 0.00153373 0.494669 0.86908 -0.0449831 9.57036 18.0295</i>
                        <i>0.999993 -0.00374563 -3.38813e-021 0.00325721 0.869595 -0.493756 0.00184943 0.493752 0.869601 -0.0323377 9.66316 18.1104</i>
                        <i>0.999988 -0.00492746 -6.77626e-021 0.00431259 0.875205 -0.483732 0.00238357 0.483726 0.875216 -0.0201163 9.74841 18.1906</i>
                        <i>0.99998 -0.00631341 0 0.00558199 0.884132 -0.467205 0.00294965 0.467195 0.884149 -0.00918645 9.81544 18.2696</i>
                        <i>0.999975 -0.00704893 -6.77626e-021 0.00629341 0.892796 -0.450417 0.00317496 0.450406 0.892818 -0.000534275 9.93197 18.341</i>
                        <i>0.99998 -0.00636389 -3.38813e-021 0.00574317 0.902444 -0.43077 0.00274137 0.430761 0.902462 0.00357447 10.0056 18.4125</i>
                        <i>0.999981 -0.00614851 0 0.00560872 0.91219 -0.409729 0.00251923 0.409722 0.912207 0.00518767 10.0231 18.4853</i>
                        <i>0.99998 -0.00637484 0 0.00587208 0.921115 -0.389246 0.00248138 0.389238 0.921134 0.00562982 9.98338 18.5605</i>
                        <i>0.999984 -0.00560007 0 0.00520216 0.928931 -0.370217 0.00207324 0.370212 0.928945 0.00418112 9.87619 18.6407</i>
                        <i>0.999988 -0.00483918 0 0.00451861 0.933744 -0.357913 0.00173201 0.357909 0.933755 0.00278965 9.76651 18.7213</i>
                        <i>0.999994 -0.00353025 -3.38813e-021 0.00329975 0.934701 -0.35542 0.00125472 0.355417 0.934707 0.000730043 9.74187 18.8015</i>
                        <i>0.999997 -0.00253476 0 0.00235911 0.9307 -0.365775 0.000927154 0.365774 0.930703 -0.000751155 9.72877 18.8807</i>
                        <i>0.999998 -0.00208346 0 0.00191979 0.92144 -0.388515 0.000809456 0.388514 0.921442 -0.00138283 9.73475 18.9579</i>
                        <i>0.999997 -0.00253505 1.69407e-021 0.00229853 0.906696 -0.421779 0.00106923 0.421778 0.906699 -0.000648031 9.78124 19.0306</i>
                        <i>0.999994 -0.00344535 0 0.00306053 0.8883 -0.459254 0.00158229 0.459251 0.888305 0.000808515 9.80743 19.1029</i>
                        <i>0.999991 -0.00429179 0 0.00372531 0.867999 -0.496551 0.00213109 0.496547 0.868007 0.00218492 9.80481 19.1766</i>
                        <i>0.999992 -0.00408532 0 0.00346179 0.847366 -0.530998 0.0021693 0.530993 0.847373 0.00197106 9.78746 19.2513</i>
                        <i>0.999993 -0.003793 0 0.00314419 0.828939 -0.55933 0.00212154 0.559326 0.828945 0.00151838 9.75703 19.3281</i>
                        <i>0.999992 -0.0040483 1.69407e-021 0.00330036 0.815239 -0.579115 0.00234443 0.57911 0.815246 0.00178218 9.72553 19.4068</i>
