<?xml version="1.0" encoding="ISO-8859-1" ?>
<Animl Version="1">
    <ModellingPackage><![CDATA[Maya.2010]]></ModellingPackage>
    <SrcFile><![CDATA[anims\bosses\red\~src\boss_beetle\boss_beetle_2to3.mb]]></SrcFile>
    <FramesPerSecond>30</FramesPerSecond>
    <TotalFrames>121</TotalFrames>
    <Skeleton>
        <RefFrame>
            <Name><![CDATA[boss_beetle_ref_frame]]></Name>
            <Exclude>0</Exclude>
            <Additive>0</Additive>
            <IKPriority>0</IKPriority>
            <IKRotLimits>-1e+010 -1e+010 -1e+010 1e+010 1e+010 1e+010</IKRotLimits>
            <IKRotLimitOrder>0</IKRotLimitOrder>
            <KeyFrames count="121">
                <i>1 0 0 0 1 0 0 0 1 0 0 0</i>
                <i>1 0 0 0 1 0 0 0 1 0 0 0</i>
                <i>1 0 0 0 1 0 0 0 1 0 0 0</i>
                <i>1 0 0 0 1 0 0 0 1 0 0 0</i>
                <i>1 0 0 0 1 0 0 0 1 0 0 0</i>
                <i>1 0 0 0 1 0 0 0 1 0 0 0</i>
                <i>1 0 0 0 1 0 0 0 1 0 0 0</i>
                <i>1 0 0 0 1 0 0 0 1 0 0 0</i>
                <i>1 0 0 0 1 0 0 0 1 0 0 0</i>
                <i>1 0 0 0 1 0 0 0 1 0 0 0</i>
                <i>1 0 0 0 1 0 0 0 1 0 0 0</i>
                <i>1 0 0 0 1 0 0 0 1 0 0 0</i>
                <i>1 0 0 0 1 0 0 0 1 0 0 0</i>
                <i>1 0 0 0 1 0 0 0 1 0 0 0</i>
                <i>1 0 0 0 1 0 0 0 1 0 0 0</i>
                <i>1 0 0 0 1 0 0 0 1 0 0 0</i>
                <i>1 0 0 0 1 0 0 0 1 0 0 0</i>
                <i>1 0 0 0 1 0 0 0 1 0 0 0</i>
                <i>1 0 0 0 1 0 0 0 1 0 0 0</i>
                <i>1 0 0 0 1 0 0 0 1 0 0 0</i>
                <i>1 0 0 0 1 0 0 0 1 0 0 0</i>
                <i>1 0 0 0 1 0 0 0 1 0 0 0</i>
                <i>1 0 0 0 1 0 0 0 1 0 0 0</i>
                <i>1 0 0 0 1 0 0 0 1 0 0 0</i>
                <i>1 0 0 0 1 0 0 0 1 0 0 0</i>
                <i>1 0 0 0 1 0 0 0 1 0 0 0</i>
                <i>1 0 0 0 1 0 0 0 1 0 0 0</i>
                <i>1 0 0 0 1 0 0 0 1 0 0 0</i>
                <i>1 0 0 0 1 0 0 0 1 0 0 0</i>
                <i>1 0 0 0 1 0 0 0 1 0 0 0</i>
                <i>1 0 0 0 1 0 0 0 1 0 0 0</i>
                <i>1 0 0 0 1 0 0 0 1 0 0 0</i>
                <i>1 0 0 0 1 0 0 0 1 0 0 0</i>
                <i>1 0 0 0 1 0 0 0 1 0 0 0</i>
                <i>1 0 0 0 1 0 0 0 1 0 0 0</i>
                <i>1 0 0 0 1 0 0 0 1 0 0 0</i>
                <i>1 0 0 0 1 0 0 0 1 0 0 0</i>
                <i>1 0 0 0 1 0 0 0 1 0 0 0</i>
                <i>1 0 0 0 1 0 0 0 1 0 0 0</i>
                <i>1 0 0 0 1 0 0 0 1 0 0 0</i>
                <i>1 0 0 0 1 0 0 0 1 0 0 0</i>
                <i>1 0 0 0 1 0 0 0 1 0 0 0</i>
                <i>1 0 0 0 1 0 0 0 1 0 0 0</i>
                <i>1 0 0 0 1 0 0 0 1 0 0 0</i>
                <i>1 0 0 0 1 0 0 0 1 0 0 0</i>
                <i>1 0 0 0 1 0 0 0 1 0 0 0</i>
                <i>1 0 0 0 1 0 0 0 1 0 0 0</i>
                <i>1 0 0 0 1 0 0 0 1 0 0 0</i>
                <i>1 0 0 0 1 0 0 0 1 0 0 0</i>
                <i>1 0 0 0 1 0 0 0 1 0 0 0</i>
                <i>1 0 0 0 1 0 0 0 1 0 0 0</i>
                <i>1 0 0 0 1 0 0 0 1 0 0 0</i>
                <i>1 0 0 0 1 0 0 0 1 0 0 0</i>
                <i>1 0 0 0 1 0 0 0 1 0 0 0</i>
                <i>1 0 0 0 1 0 0 0 1 0 0 0</i>
                <i>1 0 0 0 1 0 0 0 1 0 0 0</i>
                <i>1 0 0 0 1 0 0 0 1 0 0 0</i>
                <i>1 0 0 0 1 0 0 0 1 0 0 0</i>
                <i>1 0 0 0 1 0 0 0 1 0 0 0</i>
                <i>1 0 0 0 1 0 0 0 1 0 0 0</i>
                <i>1 0 0 0 1 0 0 0 1 0 0 0</i>
                <i>1 0 0 0 1 0 0 0 1 0 0 0</i>
                <i>1 0 0 0 1 0 0 0 1 0 0 0</i>
                <i>1 0 0 0 1 0 0 0 1 0 0 0</i>
                <i>1 0 0 0 1 0 0 0 1 0 0 0</i>
                <i>1 0 0 0 1 0 0 0 1 0 0 0</i>
                <i>1 0 0 0 1 0 0 0 1 0 0 0</i>
                <i>1 0 0 0 1 0 0 0 1 0 0 0</i>
                <i>1 0 0 0 1 0 0 0 1 0 0 0</i>
                <i>1 0 0 0 1 0 0 0 1 0 0 0</i>
                <i>1 0 0 0 1 0 0 0 1 0 0 0</i>
                <i>1 0 0 0 1 0 0 0 1 0 0 0</i>
                <i>1 0 0 0 1 0 0 0 1 0 0 0</i>
                <i>1 0 0 0 1 0 0 0 1 0 0 0</i>
                <i>1 0 0 0 1 0 0 0 1 0 0 0</i>
                <i>1 0 0 0 1 0 0 0 1 0 0 0</i>
                <i>1 0 0 0 1 0 0 0 1 0 0 0</i>
                <i>1 0 0 0 1 0 0 0 1 0 0 0</i>
                <i>1 0 0 0 1 0 0 0 1 0 0 0</i>
                <i>1 0 0 0 1 0 0 0 1 0 0 0</i>
                <i>1 0 0 0 1 0 0 0 1 0 0 0</i>
                <i>1 0 0 0 1 0 0 0 1 0 0 0</i>
                <i>1 0 0 0 1 0 0 0 1 0 0 0</i>
                <i>1 0 0 0 1 0 0 0 1 0 0 0</i>
                <i>1 0 0 0 1 0 0 0 1 0 0 0</i>
                <i>1 0 0 0 1 0 0 0 1 0 0 0</i>
                <i>1 0 0 0 1 0 0 0 1 0 0 0</i>
                <i>1 0 0 0 1 0 0 0 1 0 0 0</i>
                <i>1 0 0 0 1 0 0 0 1 0 0 0</i>
                <i>1 0 0 0 1 0 0 0 1 0 0 0</i>
                <i>1 0 0 0 1 0 0 0 1 0 0 0</i>
                <i>1 0 0 0 1 0 0 0 1 0 0 0</i>
                <i>1 0 0 0 1 0 0 0 1 0 0 0</i>
                <i>1 0 0 0 1 0 0 0 1 0 0 0</i>
                <i>1 0 0 0 1 0 0 0 1 0 0 0</i>
                <i>1 0 0 0 1 0 0 0 1 0 0 0</i>
                <i>1 0 0 0 1 0 0 0 1 0 0 0</i>
                <i>1 0 0 0 1 0 0 0 1 0 0 0</i>
                <i>1 0 0 0 1 0 0 0 1 0 0 0</i>
                <i>1 0 0 0 1 0 0 0 1 0 0 0</i>
                <i>1 0 0 0 1 0 0 0 1 0 0 0</i>
                <i>1 0 0 0 1 0 0 0 1 0 0 0</i>
                <i>1 0 0 0 1 0 0 0 1 0 0 0</i>
                <i>1 0 0 0 1 0 0 0 1 0 0 0</i>
                <i>1 0 0 0 1 0 0 0 1 0 0 0</i>
                <i>1 0 0 0 1 0 0 0 1 0 0 0</i>
                <i>1 0 0 0 1 0 0 0 1 0 0 0</i>
                <i>1 0 0 0 1 0 0 0 1 0 0 0</i>
                <i>1 0 0 0 1 0 0 0 1 0 0 0</i>
                <i>1 0 0 0 1 0 0 0 1 0 0 0</i>
                <i>1 0 0 0 1 0 0 0 1 0 0 0</i>
                <i>1 0 0 0 1 0 0 0 1 0 0 0</i>
                <i>1 0 0 0 1 0 0 0 1 0 0 0</i>
                <i>1 0 0 0 1 0 0 0 1 0 0 0</i>
                <i>1 0 0 0 1 0 0 0 1 0 0 0</i>
                <i>1 0 0 0 1 0 0 0 1 0 0 0</i>
                <i>1 0 0 0 1 0 0 0 1 0 0 0</i>
                <i>1 0 0 0 1 0 0 0 1 0 0 0</i>
                <i>1 0 0 0 1 0 0 0 1 0 0 0</i>
                <i>1 0 0 0 1 0 0 0 1 0 0 0</i>
                <i>1 0 0 0 1 0 0 0 1 0 0 0</i>
            </KeyFrames>
        </RefFrame>
        <Bones count="20">
            <i>
                <p>
                    <Name><![CDATA[boss_beetle_root]]></Name>
                    <Exclude>0</Exclude>
                    <Additive>0</Additive>
                    <IKPriority>0</IKPriority>
                    <IKRotLimits>-1e+010 -1e+010 -1e+010 1e+010 1e+010 1e+010</IKRotLimits>
                    <IKRotLimitOrder>0</IKRotLimitOrder>
                    <KeyFrames count="121">
                        <i>1 0 0 0 1 0 0 0 1 0 0 0</i>
                        <i>1 0 0 0 1 0 0 0 1 0 0 0</i>
                        <i>1 0 0 0 1 0 0 0 1 0 0 0</i>
                        <i>1 0 0 0 1 0 0 0 1 0 0 0</i>
                        <i>1 0 0 0 1 0 0 0 1 0 0 0</i>
                        <i>1 0 0 0 1 0 0 0 1 0 0 0</i>
                        <i>1 0 0 0 1 0 0 0 1 0 0 0</i>
                        <i>1 0 0 0 1 0 0 0 1 0 0 0</i>
                        <i>1 0 0 0 1 0 0 0 1 0 0 0</i>
                        <i>1 0 0 0 1 0 0 0 1 0 0 0</i>
                        <i>1 0 0 0 1 0 0 0 1 0 0 0</i>
                        <i>1 0 0 0 1 0 0 0 1 0 0 0</i>
                        <i>1 0 0 0 1 0 0 0 1 0 0 0</i>
                        <i>1 0 0 0 1 0 0 0 1 0 0 0</i>
                        <i>1 0 0 0 1 0 0 0 1 0 0 0</i>
                        <i>1 0 0 0 1 0 0 0 1 0 0 0</i>
                        <i>1 0 0 0 1 0 0 0 1 0 0 0</i>
                        <i>1 0 0 0 1 0 0 0 1 0 0 0</i>
                        <i>1 0 0 0 1 0 0 0 1 0 0 0</i>
                        <i>1 0 0 0 1 0 0 0 1 0 0 0</i>
                        <i>1 0 0 0 1 0 0 0 1 0 0 0</i>
                        <i>1 0 0 0 1 0 0 0 1 0 0 0</i>
                        <i>1 0 0 0 1 0 0 0 1 0 0 0</i>
                        <i>1 0 0 0 1 0 0 0 1 0 0 0</i>
                        <i>1 0 0 0 1 0 0 0 1 0 0 0</i>
                        <i>1 0 0 0 1 0 0 0 1 0 0 0</i>
                        <i>1 0 0 0 1 0 0 0 1 0 0 0</i>
                        <i>1 0 0 0 1 0 0 0 1 0 0 0</i>
                        <i>1 0 0 0 1 0 0 0 1 0 0 0</i>
                        <i>1 0 0 0 1 0 0 0 1 0 0 0</i>
                        <i>1 0 0 0 1 0 0 0 1 0 0 0</i>
                        <i>1 0 0 0 1 0 0 0 1 0 0 0</i>
                        <i>1 0 0 0 1 0 0 0 1 0 0 0</i>
                        <i>1 0 0 0 1 0 0 0 1 0 0 0</i>
                        <i>1 0 0 0 1 0 0 0 1 0 0 0</i>
                        <i>1 0 0 0 1 0 0 0 1 0 0 0</i>
                        <i>1 0 0 0 1 0 0 0 1 0 0 0</i>
                        <i>1 0 0 0 1 0 0 0 1 0 0 0</i>
                        <i>1 0 0 0 1 0 0 0 1 0 0 0</i>
                        <i>1 0 0 0 1 0 0 0 1 0 0 0</i>
                        <i>1 0 0 0 1 0 0 0 1 0 0 0</i>
                        <i>1 0 0 0 1 0 0 0 1 0 0 0</i>
                        <i>1 0 0 0 1 0 0 0 1 0 0 0</i>
                        <i>1 0 0 0 1 0 0 0 1 0 0 0</i>
                        <i>1 0 0 0 1 0 0 0 1 0 0 0</i>
                        <i>1 0 0 0 1 0 0 0 1 0 0 0</i>
                        <i>1 0 0 0 1 0 0 0 1 0 0 0</i>
                        <i>1 0 0 0 1 0 0 0 1 0 0 0</i>
                        <i>1 0 0 0 1 0 0 0 1 0 0 0</i>
                        <i>1 0 0 0 1 0 0 0 1 0 0 0</i>
                        <i>1 0 0 0 1 0 0 0 1 0 0 0</i>
                        <i>1 0 0 0 1 0 0 0 1 0 0 0</i>
                        <i>1 0 0 0 1 0 0 0 1 0 0 0</i>
                        <i>1 0 0 0 1 0 0 0 1 0 0 0</i>
                        <i>1 0 0 0 1 0 0 0 1 0 0 0</i>
                        <i>1 0 0 0 1 0 0 0 1 0 0 0</i>
                        <i>1 0 0 0 1 0 0 0 1 0 0 0</i>
                        <i>1 0 0 0 1 0 0 0 1 0 0 0</i>
                        <i>1 0 0 0 1 0 0 0 1 0 0 0</i>
                        <i>1 0 0 0 1 0 0 0 1 0 0 0</i>
                        <i>1 0 0 0 1 0 0 0 1 0 0 0</i>
                        <i>1 0 0 0 1 0 0 0 1 0 0 0</i>
                        <i>1 0 0 0 1 0 0 0 1 0 0 0</i>
                        <i>1 0 0 0 1 0 0 0 1 0 0 0</i>
                        <i>1 0 0 0 1 0 0 0 1 0 0 0</i>
                        <i>1 0 0 0 1 0 0 0 1 0 0 0</i>
                        <i>1 0 0 0 1 0 0 0 1 0 0 0</i>
                        <i>1 0 0 0 1 0 0 0 1 0 0 0</i>
                        <i>1 0 0 0 1 0 0 0 1 0 0 0</i>
                        <i>1 0 0 0 1 0 0 0 1 0 0 0</i>
                        <i>1 0 0 0 1 0 0 0 1 0 0 0</i>
                        <i>1 0 0 0 1 0 0 0 1 0 0 0</i>
                        <i>1 0 0 0 1 0 0 0 1 0 0 0</i>
                        <i>1 0 0 0 1 0 0 0 1 0 0 0</i>
                        <i>1 0 0 0 1 0 0 0 1 0 0 0</i>
                        <i>1 0 0 0 1 0 0 0 1 0 0 0</i>
                        <i>1 0 0 0 1 0 0 0 1 0 0 0</i>
                        <i>1 0 0 0 1 0 0 0 1 0 0 0</i>
                        <i>1 0 0 0 1 0 0 0 1 0 0 0</i>
                        <i>1 0 0 0 1 0 0 0 1 0 0 0</i>
                        <i>1 0 0 0 1 0 0 0 1 0 0 0</i>
                        <i>1 0 0 0 1 0 0 0 1 0 0 0</i>
                        <i>1 0 0 0 1 0 0 0 1 0 0 0</i>
                        <i>1 0 0 0 1 0 0 0 1 0 0 0</i>
                        <i>1 0 0 0 1 0 0 0 1 0 0 0</i>
                        <i>1 0 0 0 1 0 0 0 1 0 0 0</i>
                        <i>1 0 0 0 1 0 0 0 1 0 0 0</i>
                        <i>1 0 0 0 1 0 0 0 1 0 0 0</i>
                        <i>1 0 0 0 1 0 0 0 1 0 0 0</i>
                        <i>1 0 0 0 1 0 0 0 1 0 0 0</i>
                        <i>1 0 0 0 1 0 0 0 1 0 0 0</i>
                        <i>1 0 0 0 1 0 0 0 1 0 0 0</i>
                        <i>1 0 0 0 1 0 0 0 1 0 0 0</i>
                        <i>1 0 0 0 1 0 0 0 1 0 0 0</i>
                        <i>1 0 0 0 1 0 0 0 1 0 0 0</i>
                        <i>1 0 0 0 1 0 0 0 1 0 0 0</i>
                        <i>1 0 0 0 1 0 0 0 1 0 0 0</i>
                        <i>1 0 0 0 1 0 0 0 1 0 0 0</i>
                        <i>1 0 0 0 1 0 0 0 1 0 0 0</i>
                        <i>1 0 0 0 1 0 0 0 1 0 0 0</i>
                        <i>1 0 0 0 1 0 0 0 1 0 0 0</i>
                        <i>1 0 0 0 1 0 0 0 1 0 0 0</i>
                        <i>1 0 0 0 1 0 0 0 1 0 0 0</i>
                        <i>1 0 0 0 1 0 0 0 1 0 0 0</i>
                        <i>1 0 0 0 1 0 0 0 1 0 0 0</i>
                        <i>1 0 0 0 1 0 0 0 1 0 0 0</i>
                        <i>1 0 0 0 1 0 0 0 1 0 0 0</i>
                        <i>1 0 0 0 1 0 0 0 1 0 0 0</i>
                        <i>1 0 0 0 1 0 0 0 1 0 0 0</i>
                        <i>1 0 0 0 1 0 0 0 1 0 0 0</i>
                        <i>1 0 0 0 1 0 0 0 1 0 0 0</i>
                        <i>1 0 0 0 1 0 0 0 1 0 0 0</i>
                        <i>1 0 0 0 1 0 0 0 1 0 0 0</i>
                        <i>1 0 0 0 1 0 0 0 1 0 0 0</i>
                        <i>1 0 0 0 1 0 0 0 1 0 0 0</i>
                        <i>1 0 0 0 1 0 0 0 1 0 0 0</i>
                        <i>1 0 0 0 1 0 0 0 1 0 0 0</i>
                        <i>1 0 0 0 1 0 0 0 1 0 0 0</i>
                        <i>1 0 0 0 1 0 0 0 1 0 0 0</i>
                        <i>1 0 0 0 1 0 0 0 1 0 0 0</i>
                        <i>1 0 0 0 1 0 0 0 1 0 0 0</i>
                    </KeyFrames>
                </p>
            </i>
            <i>
                <p>
                    <Name><![CDATA[base]]></Name>
                    <Exclude>0</Exclude>
                    <Additive>0</Additive>
                    <IKPriority>0</IKPriority>
                    <IKRotLimits>-1e+010 -1e+010 -1e+010 1e+010 1e+010 1e+010</IKRotLimits>
                    <IKRotLimitOrder>0</IKRotLimitOrder>
                    <KeyFrames count="121">
                        <i>0.999995 0.00308502 0 -0.003085 0.999987 -0.00415854 -1.28292e-005 0.00415852 0.999991 0 8.22024 0</i>
                        <i>0.999998 -0.00196859 -1.65436e-024 0.00196859 0.999998 -1.40883e-005 2.77341e-008 1.40882e-005 1 0 8.87088 0</i>
                        <i>0.999979 -0.00644356 3.38813e-021 0.0064434 0.999955 0.00696115 -4.48545e-005 -0.006961 0.999976 0 9.34895 0</i>
                        <i>0.999935 -0.0114297 -1.35525e-020 0.0114285 0.999827 0.0146827 -0.000167819 -0.0146817 0.999892 0 9.47397 0</i>
                        <i>0.999881 -0.0154234 -2.71051e-020 0.015421 0.999728 0.0175025 -0.000269948 -0.0175005 0.999847 0 9.44406 0</i>
                        <i>0.999827 -0.0186151 -2.71051e-020 0.0186123 0.999681 0.0170945 -0.000318215 -0.0170915 0.999854 0 9.31269 0</i>
                        <i>0.999796 -0.0201802 0 0.0201777 0.99967 0.0159027 -0.000320919 -0.0158994 0.999874 0 9.10445 0</i>
                        <i>0.999826 -0.0186583 0 0.0186569 0.999752 0.0121657 -0.000226991 -0.0121636 0.999926 0 8.82986 0</i>
                        <i>0.999887 -0.015003 0 0.0150025 0.999856 0.00796202 -0.000119454 -0.00796113 0.999968 0 8.52247 0</i>
                        <i>0.99994 -0.0109503 -3.38813e-021 0.0109502 0.999925 0.00542 -5.93508e-005 -0.00541967 0.999985 0 8.22743 0</i>
                        <i>0.99998 -0.00630599 -1.69407e-021 0.00630597 0.999976 0.00273919 -1.72733e-005 -0.00273914 0.999996 0 8.29471 0</i>
                        <i>0.999998 -0.00199224 1.05879e-022 0.00199224 0.999998 -0.000490709 9.77608e-007 0.000490708 1 0 8.3751 0</i>
                        <i>0.999999 0.00162435 -4.23516e-022 -0.00162433 0.99999 -0.00418166 -6.79247e-006 0.00418165 0.999991 0 8.45706 0</i>
                        <i>0.999996 -0.00294501 -4.23516e-022 0.002945 0.999992 0.00252937 -7.44904e-006 -0.00252936 0.999997 0 8.5331 0</i>
                        <i>0.999969 -0.00782249 0 0.00782218 0.99993 0.008925 -6.98157e-005 -0.00892472 0.99996 0 8.59665 0</i>
                        <i>0.999996 -0.00265817 0 0.00265795 0.999912 0.0130009 -3.45586e-005 -0.0130009 0.999915 0 8.64028 0</i>
                        <i>0.999986 0.00522126 6.77626e-021 -0.00522087 0.999911 0.0122754 6.40932e-005 -0.0122753 0.999925 0 8.65519 0</i>
                        <i>0.999945 0.0104905 0 -0.01049 0.9999 0.00949045 9.95598e-005 -0.00948993 0.999955 0 8.63724 0</i>
                        <i>0.999958 0.00919015 3.38813e-021 -0.00918996 0.999937 0.00641183 5.89256e-005 -0.00641156 0.999979 0 8.57752 0</i>
                        <i>0.999987 0.00501587 -1.69407e-021 -0.00501582 0.999978 0.00439815 2.20605e-005 -0.00439809 0.99999 0 8.49205 0</i>
                        <i>1 -0.000602375 0 0.000602374 0.999998 0.00213255 -1.2846e-006 -0.00213255 0.999998 0 8.39978 0</i>
                        <i>0.999989 -0.00465072 -4.23516e-022 0.00465071 0.999989 -0.00100522 4.67499e-006 0.00100521 1 0 8.30967 0</i>
                        <i>0.999988 -0.00491007 0 0.00491007 0.999988 0.00069009 -3.38839e-006 -0.000690082 1 0 8.23055 0</i>
                        <i>0.999992 -0.00400356 0 0.00400355 0.999988 0.0026446 -1.05878e-005 -0.00264458 0.999996 0 8.27418 0</i>
                        <i>0.999997 -0.00253421 0 0.00253417 0.999984 0.00503711 -1.27651e-005 -0.00503709 0.999987 0 8.31619 0</i>
                        <i>0.999999 -0.00140697 8.47033e-022 0.00140694 0.999979 0.00634681 -8.92976e-006 -0.0063468 0.99998 0 8.35498 0</i>
                        <i>1 -0.00079094 -2.11758e-022 0.000790933 0.999991 0.00410473 -3.2466e-006 -0.00410473 0.999992 0 8.38852 0</i>
                        <i>1 -0.000853494 0 0.000853493 0.999998 0.0017034 -1.45384e-006 -0.00170339 0.999999 0 8.4017 0</i>
                        <i>1 -0.000713579 0 0.000713578 0.999999 -0.0011759 8.39098e-007 0.0011759 0.999999 0 8.38357 0</i>
                        <i>0.999997 -0.00227829 4.23516e-022 0.00227828 0.999994 -0.0027671 6.30427e-006 0.00276709 0.999996 0 8.33418 0</i>
                        <i>0.999995 -0.00302481 0 0.0030248 0.999995 0.000833084 -2.51992e-006 -0.00083308 1 0 8.27723 0</i>
                        <i>0.999995 -0.00300096 -8.47033e-022 0.00300093 0.999985 0.00449936 -1.35024e-005 -0.00449934 0.99999 0 8.21883 0</i>
                        <i>0.999998 -0.00204299 0 0.00204295 0.999975 0.00670168 -1.36915e-005 -0.00670166 0.999978 0 8.24936 0</i>
                        <i>1 -0.000845393 0 0.000845366 0.999967 0.00803784 -6.79513e-006 -0.00803783 0.999968 0 8.28865 0</i>
                        <i>1 -9.33885e-005 0 9.33852e-005 0.999965 0.00839489 -7.83986e-007 -0.00839489 0.999965 0 8.31598 0</i>
                        <i>1 -0.000574467 0 0.000574459 0.999985 0.00551377 -3.16748e-006 -0.00551377 0.999985 0 8.3274 0</i>
                        <i>1 -0.000798195 -1.05879e-022 0.000798194 0.999998 0.00158545 -1.2655e-006 -0.00158545 0.999999 0 8.31707 0</i>
                        <i>1 -0.000603547 3.30872e-024 0.000603547 1 -6.15586e-005 3.71535e-008 6.15586e-005 1 0 8.29365 0</i>
                        <i>1 -0.000203377 0 0.000203377 1 -0.000292841 5.95569e-008 0.000292841 1 0 8.26392 0</i>
                        <i>1 -0.000472368 -1.65436e-024 0.000472368 1 3.22065e-005 -1.52133e-008 -3.22065e-005 1 0 8.23461 0</i>
                        <i>0.999999 -0.00106046 0 0.00106046 0.999999 0.00105451 -1.11827e-006 -0.00105451 0.999999 0 8.23194 0</i>
                        <i>0.999999 -0.00113918 0 0.00113918 0.999996 0.00239245 -2.72543e-006 -0.00239244 0.999997 0 8.23191 0</i>
                        <i>1 -0.000547123 0 0.00054712 0.999994 0.00329007 -1.80007e-006 -0.00329007 0.999995 0 8.23369 0</i>
                        <i>1 0.000525609 0 -0.000525607 0.999996 0.00289939 1.52394e-006 -0.00289939 0.999996 0 8.23456 0</i>
                        <i>1 0.000996564 0 -0.000996562 0.999997 0.00218284 2.17534e-006 -0.00218284 0.999998 0 8.23279 0</i>
                        <i>0.999999 0.00144671 0 -0.0014467 0.999998 0.00141157 2.04212e-006 -0.00141157 0.999999 0 8.23128 0</i>
                        <i>0.999999 0.00119304 -1.05879e-022 -0.00119304 0.999999 0.00117494 1.40175e-006 -0.00117494 0.999999 0 8.23433 0</i>
                        <i>0.999998 0.00186249 2.11758e-022 -0.00186249 0.999998 0.00121521 2.26332e-006 -0.00121521 0.999999 0 8.23472 0</i>
                        <i>0.999998 0.00213263 4.23516e-022 -0.00213263 0.999996 0.00185649 3.9592e-006 -0.00185648 0.999998 0 8.23815 0</i>
                        <i>0.999996 0.00273205 -4.23516e-022 -0.00273205 0.999995 0.00149408 4.0819e-006 -0.00149407 0.999999 0 8.23678 0</i>
                        <i>0.999996 0.00281293 2.64698e-023 -0.00281293 0.999996 -0.000157561 -4.43208e-007 0.000157561 1 0 8.2327 0</i>
                        <i>0.999997 0.00247326 0 -0.00247326 0.999996 -0.00122415 -3.02764e-006 0.00122415 0.999999 0 8.23345 0</i>
                        <i>0.999999 0.00137869 0 -0.00137868 0.999997 -0.00210188 -2.89784e-006 0.00210188 0.999998 0 8.23917 0</i>
                        <i>1 -0.000707741 -1.05879e-022 0.000707741 0.999999 -0.00148846 1.05344e-006 0.00148846 0.999999 0 8.24155 0</i>
                        <i>1 -0.000651556 2.64698e-023 0.000651556 1 -0.000540947 3.52457e-007 0.000540946 1 0 8.24139 0</i>
                        <i>1 -0.000323253 0 0.000323253 1 0.000708665 -2.29078e-007 -0.000708665 1 0 8.23885 0</i>
                        <i>1 0.000206773 1.32349e-023 -0.000206772 0.999999 0.000999523 2.06674e-007 -0.000999523 1 0 8.23848 0</i>
                        <i>1 2.61142e-005 1.65436e-024 -2.61142e-005 1 0.000880351 2.29897e-008 -0.000880351 1 0 8.24138 0</i>
                        <i>0.999999 -0.00116878 -1.05879e-022 0.00116877 0.999998 0.00143212 -1.67383e-006 -0.00143212 0.999999 0 8.23991 0</i>
                        <i>0.999999 -0.00167595 2.11758e-022 0.00167595 0.999997 0.00163001 -2.73182e-006 -0.00163001 0.999999 0 8.24083 0</i>
                        <i>0.999999 -0.00156726 2.11758e-022 0.00156726 0.999997 0.00203705 -3.1926e-006 -0.00203705 0.999998 0 8.24037 0</i>
                        <i>0.999999 -0.0015954 0 0.0015954 0.999995 0.00261261 -4.16815e-006 -0.0026126 0.999997 0 8.24321 0</i>
                        <i>0.999999 -0.0013769 0 0.0013769 0.999999 0.000956603 -1.31715e-006 -0.000956602 1 0 8.23959 0</i>
                        <i>0.999999 -0.0010796 1.05879e-022 0.0010796 0.999999 -0.000999366 1.07891e-006 0.000999365 1 0 8.23738 0</i>
                        <i>1 -4.47447e-005 0 4.47446e-005 0.999998 -0.00204768 9.16231e-008 0.00204768 0.999998 0 8.2434 0</i>
                        <i>1 0.000818714 0 -0.000818714 0.999999 -0.00093104 -7.62255e-007 0.000931039 1 0 8.24364 0</i>
                        <i>0.999999 0.00159819 0 -0.00159819 0.999999 0.000559605 8.94355e-007 -0.000559604 1 0 8.24485 0</i>
                        <i>0.999998 0.00188113 -6.61744e-024 -0.00188113 0.999998 -5.01087e-005 -9.42611e-008 5.01086e-005 1 0 8.24324 0</i>
                        <i>0.999998 0.00176079 0 -0.00176079 0.999998 0.000471184 8.29657e-007 -0.000471183 1 0 8.24194 0</i>
                        <i>0.999997 0.00236124 -2.64698e-023 -0.00236124 0.999997 0.000197709 4.6684e-007 -0.000197709 1 0 8.24342 0</i>
                        <i>0.999998 0.00213141 -4.23516e-022 -0.0021314 0.999997 -0.00140047 -2.98496e-006 0.00140046 0.999999 0 8.24592 0</i>
                        <i>0.999999 0.00115898 1.05879e-022 -0.00115898 0.999998 -0.00148029 -1.71563e-006 0.00148029 0.999999 0 8.24197 0</i>
                        <i>1 -0.000182415 -4.1359e-025 0.000182415 1 -1.89462e-005 3.45607e-009 1.89462e-005 1 0 8.24013 0</i>
                        <i>1 -0.000178461 -1.32349e-023 0.000178461 1 0.000717336 -1.28017e-007 -0.000717336 1 0 8.24058 0</i>
                        <i>1 -0.000651176 -5.29396e-023 0.000651176 1 0.000712109 -4.63708e-007 -0.000712109 1 0 8.24294 0</i>
                        <i>1 -0.000123239 0 0.000123239 1 0.000492492 -6.06941e-008 -0.000492492 1 0 8.24372 0</i>
                        <i>1 0.00095839 0 -0.00095839 0.999999 0.00113785 1.0905e-006 -0.00113785 0.999999 0 8.24295 0</i>
                        <i>0.999999 0.00166455 0 -0.00166455 0.999998 0.00134194 2.23373e-006 -0.00134194 0.999999 0 8.24398 0</i>
                        <i>0.999999 0.0016192 0 -0.00161919 0.999998 0.00149686 2.4237e-006 -0.00149685 0.999999 0 8.24236 0</i>
                        <i>1 0.000794421 0 -0.000794421 1 0.000429704 3.41366e-007 -0.000429704 1 0 8.24409 0</i>
                        <i>1 2.47518e-006 -5.16988e-026 -2.47518e-006 1 -0.000190883 -4.7247e-010 0.000190883 1 0 8.24543 0</i>
                        <i>0.999997 -0.00250063 0 0.00250063 0.999996 0.000968865 -2.42277e-006 -0.000968862 1 0 8.24174 0</i>
                        <i>0.999993 -0.00370413 0 0.00370411 0.999989 0.00280673 -1.03965e-005 -0.00280671 0.999996 0 8.23876 0</i>
                        <i>0.999994 -0.00335904 0 0.00335903 0.999992 0.00236866 -7.95643e-006 -0.00236865 0.999997 0 8.24053 0</i>
                        <i>0.999999 -0.00149661 1.05879e-022 0.00149661 0.999998 0.00116524 -1.74392e-006 -0.00116524 0.999999 0 8.24319 0</i>
                        <i>1 0.000290277 -8.27181e-025 -0.000290277 1 -4.91139e-005 -1.42566e-008 4.91139e-005 1 0 8.24687 0</i>
                        <i>0.999999 0.00106162 0 -0.00106162 0.999999 -0.000773505 -8.21168e-007 0.000773504 1 0 8.24786 0</i>
                        <i>1 0.000100872 0 -0.000100872 1 -0.000887591 -8.95333e-008 0.000887591 1 0 8.24339 0</i>
                        <i>1 -0.000938441 1.05879e-022 0.000938441 0.999999 -0.00124463 1.16801e-006 0.00124463 0.999999 0 8.24354 0</i>
                        <i>0.999999 -0.00141037 1.05879e-022 0.00141037 0.999999 -0.00102183 1.44116e-006 0.00102183 0.999999 0 8.24527 0</i>
                        <i>0.999999 -0.00150265 1.05879e-022 0.00150265 0.999998 -0.00122886 1.84654e-006 0.00122886 0.999999 0 8.24699 0</i>
                        <i>0.999998 -0.00205893 -4.23516e-022 0.00205893 0.999996 -0.00189088 3.89319e-006 0.00189088 0.999998 0 8.2453 0</i>
                        <i>0.999997 -0.00252498 1.32349e-023 0.00252498 0.999997 -6.68941e-005 1.68907e-007 6.68939e-005 1 0 8.24463 0</i>
                        <i>0.999998 -0.00213666 4.23516e-022 0.00213665 0.999993 0.0029168 -6.2322e-006 -0.00291679 0.999996 0 8.24066 0</i>
                        <i>1 -0.000797705 0 0.000797695 0.999987 0.00498066 -3.9731e-006 -0.00498066 0.999988 0 8.23533 0</i>
                        <i>1 0.000779304 0 -0.000779289 0.99998 0.00624706 4.86836e-006 -0.00624706 0.999981 0 8.24154 0</i>
                        <i>0.999999 0.0014581 8.47033e-022 -0.00145807 0.999973 0.00725127 1.05731e-005 -0.00725126 0.999974 0 8.24236 0</i>
                        <i>0.999999 0.00172727 -8.47033e-022 -0.00172723 0.999975 0.00690288 1.19231e-005 -0.00690287 0.999976 0 8.24336 0</i>
                        <i>0.999999 0.00110964 0 -0.00110964 0.999992 0.0039282 4.3589e-006 -0.00392819 0.999992 0 8.24319 0</i>
                        <i>0.999999 0.00134406 -2.11758e-022 -0.00134406 0.999997 0.00205885 2.76722e-006 -0.00205884 0.999998 0 8.24385 0</i>
                        <i>0.999999 0.00115956 2.11758e-022 -0.00115956 0.999997 0.00202948 2.3533e-006 -0.00202948 0.999998 0 8.24621 0</i>
                        <i>0.999999 0.00137787 2.11758e-022 -0.00137786 0.999996 0.00248686 3.42656e-006 -0.00248685 0.999997 0 8.24876 0</i>
                        <i>0.999999 0.00144088 4.23516e-022 -0.00144087 0.999994 0.00307079 4.42464e-006 -0.00307079 0.999995 0 8.2455 0</i>
                        <i>0.999999 0.00140746 0 -0.00140744 0.99999 0.00435536 6.12998e-006 -0.00435536 0.999991 0 8.24416 0</i>
                        <i>1 0.000685299 -2.11758e-022 -0.00068529 0.999987 0.00504431 3.45686e-006 -0.00504431 0.999987 0 8.24415 0</i>
                        <i>0.999999 -0.00119767 0 0.00119765 0.999987 0.0050068 -5.99647e-006 -0.00500679 0.999987 0 8.24591 0</i>
                        <i>0.999999 -0.00136587 0 0.00136586 0.999994 0.00324868 -4.43728e-006 -0.00324868 0.999995 0 8.24467 0</i>
                        <i>0.999999 -0.00115195 0 0.00115194 0.999998 0.00182502 -2.10232e-006 -0.00182502 0.999998 0 8.2413 0</i>
                        <i>1 -0.000432479 0 0.000432479 1 -0.000169741 7.34094e-008 0.000169741 1 0 8.24212 0</i>
                        <i>1 0.000190534 -1.32349e-023 -0.000190534 0.999999 -0.00119495 -2.27679e-007 0.00119495 0.999999 0 8.24355 0</i>
                        <i>1 3.29089e-005 -3.30872e-024 -3.29088e-005 0.999999 -0.00160812 -5.29213e-008 0.00160812 0.999999 0 8.24424 0</i>
                        <i>1 0.000125976 6.61744e-024 -0.000125976 1 -0.000884077 -1.11373e-007 0.000884077 1 0 8.24639 0</i>
                        <i>1 0.000275286 -2.64698e-023 -0.000275286 0.999999 -0.00119957 -3.30224e-007 0.00119957 0.999999 0 8.24246 0</i>
                        <i>1 -0.000211637 -2.64698e-023 0.000211637 0.999999 -0.00151358 3.20329e-007 0.00151357 0.999999 0 8.23812 0</i>
                        <i>1 -0.000622717 0 0.000622716 0.999999 -0.00156569 9.7498e-007 0.00156569 0.999999 0 8.24199 0</i>
                        <i>1 -0.000631589 1.05879e-022 0.000631588 0.999998 -0.00168966 1.06717e-006 0.00168966 0.999999 0 8.24754 0</i>
                        <i>1 0.000438671 -2.64698e-023 -0.000438671 0.999999 -0.000939812 -4.12269e-007 0.000939812 1 0 8.24681 0</i>
                        <i>0.999999 0.00139463 -5.29396e-023 -0.00139463 0.999999 -0.000494989 -6.90329e-007 0.000494989 1 0 8.24502 0</i>
                        <i>0.999998 0.00183197 0 -0.00183197 0.999998 -2.84734e-005 -5.21626e-008 2.84734e-005 1 0 8.242 0</i>
                        <i>0.999999 0.00132248 0 -0.00132248 0.999999 -0.000448584 -5.93242e-007 0.000448584 1 0 8.24323 0</i>
                        <i>1 1.19218e-005 4.1359e-025 -1.19218e-005 1 -0.000471763 -5.62427e-009 0.000471763 1 0 8.24398 0</i>
                    </KeyFrames>
                </p>
            </i>
            <i>
                <p>
                    <Name><![CDATA[plow]]></Name>
                    <Exclude>0</Exclude>
                    <Additive>0</Additive>
                    <IKPriority>0</IKPriority>
                    <IKRotLimits>-1e+010 -1e+010 -1e+010 1e+010 1e+010 1e+010</IKRotLimits>
                    <IKRotLimitOrder>0</IKRotLimitOrder>
                    <KeyFrames count="121">
                        <i>0.999995 0.00308502 0 -0.00189701 0.614907 -0.788597 -0.00243284 0.788593 0.61491 -0.00501896 9.84711 16.3469</i>
                        <i>0.999998 -0.00196859 -1.65436e-024 0.00135489 0.688251 -0.725471 0.00142816 0.72547 0.688252 0.00306926 10.43 16.3535</i>
                        <i>0.999979 -0.00644356 3.38813e-021 0.00487779 0.756987 -0.653412 0.0042103 0.653398 0.757003 0.00931098 10.7939 16.364</i>
                        <i>0.999935 -0.0114297 -1.35525e-020 0.0089867 0.786204 -0.617901 0.00706245 0.617861 0.786256 0.0150713 10.7925 16.3747</i>
                        <i>0.999881 -0.0154234 -2.71051e-020 0.0119589 0.775286 -0.631497 0.00973981 0.631422 0.775378 0.0196249 10.7163 16.3783</i>
                        <i>0.999827 -0.0186151 -2.71051e-020 0.0139325 0.748324 -0.663188 0.0123453 0.663073 0.748453 0.0238105 10.5916 16.3778</i>
                        <i>0.999796 -0.0201802 0 0.014344 0.710651 -0.703398 0.0141947 0.703255 0.710796 0.0262065 10.4028 16.3763</i>
                        <i>0.999826 -0.0186583 0 0.0124215 0.665621 -0.746187 0.0139226 0.746057 0.665736 0.0253718 10.1894 16.3713</i>
                        <i>0.999887 -0.015003 0 0.00931171 0.620586 -0.784083 0.0117636 0.783995 0.620656 0.0214337 9.95094 16.3655</i>
                        <i>0.99994 -0.0109503 -3.38813e-021 0.00640056 0.584473 -0.811388 0.00888498 0.811339 0.584508 0.0160995 9.69756 16.3618</i>
                        <i>0.99998 -0.00630599 -1.69407e-021 0.00355534 0.563793 -0.825909 0.00520818 0.825892 0.563804 0.00954779 9.80876 16.3578</i>
                        <i>0.999998 -0.00199224 1.05879e-022 0.00113892 0.571678 -0.820478 0.00163458 0.820476 0.571679 0.00312165 9.942 16.3528</i>
                        <i>0.999999 0.00162435 -4.23516e-022 -0.000982068 0.604591 -0.796535 -0.00129385 0.796534 0.604592 -0.00264323 10.0843 16.3469</i>
                        <i>0.999996 -0.00294501 -4.23516e-022 0.00192321 0.653036 -0.757324 0.00223033 0.757321 0.653039 0.0044691 10.0506 16.3575</i>
                        <i>0.999969 -0.00782249 0 0.00541443 0.69214 -0.721743 0.00564582 0.721721 0.692162 0.0110521 10.0095 16.3668</i>
                        <i>0.999996 -0.00265817 0 0.0018799 0.707212 -0.706999 0.00187933 0.706997 0.707214 0.00357827 9.98642 16.3724</i>
                        <i>0.999986 0.00522126 6.77626e-021 -0.0035572 0.681282 -0.732013 -0.00382203 0.732003 0.681291 -0.00709057 10.0132 16.3715</i>
                        <i>0.999945 0.0104905 0 -0.00655017 0.624355 -0.781113 -0.00819428 0.78107 0.624389 -0.0147246 10.0408 16.3676</i>
                        <i>0.999958 0.00919015 3.38813e-021 -0.00517722 0.56332 -0.826222 -0.00759311 0.826187 0.563344 -0.0133624 10.0315 16.3632</i>
                        <i>0.999987 0.00501587 -1.69407e-021 -0.00266332 0.530972 -0.847385 -0.00425037 0.847374 0.530979 -0.00745831 9.97898 16.3603</i>
                        <i>1 -0.000602375 0 0.000324342 0.538438 -0.842665 0.000507601 0.842665 0.538438 0.000918023 9.92379 16.3569</i>
                        <i>0.999989 -0.00465072 -4.23516e-022 0.00263234 0.566001 -0.8244 0.00383405 0.824391 0.566007 0.00732638 9.88497 16.352</i>
                        <i>0.999988 -0.00491007 0 0.00297156 0.60519 -0.796075 0.00390879 0.796066 0.605197 0.00759881 9.77812 16.3546</i>
                        <i>0.999992 -0.00400356 0 0.00256205 0.639937 -0.768423 0.00307643 0.768417 0.639942 0.00606792 9.7898 16.3576</i>
                        <i>0.999997 -0.00253421 0 0.00167177 0.65968 -0.751545 0.00190457 0.751542 0.659682 0.00374173 9.79267 16.3612</i>
                        <i>0.999999 -0.00140697 8.47033e-022 0.000933849 0.66373 -0.747971 0.00105237 0.747971 0.663731 0.00204722 9.81004 16.3631</i>
                        <i>1 -0.00079094 -2.11758e-022 0.000521063 0.658789 -0.752327 0.000595046 0.752327 0.658789 0.00117988 9.88026 16.3598</i>
                        <i>1 -0.000853494 0 0.000554309 0.649458 -0.760397 0.000648994 0.760397 0.649458 0.00130672 9.93273 16.3562</i>
                        <i>1 -0.000713579 0 0.000454942 0.637549 -0.77041 0.000549748 0.77041 0.637549 0.00112611 9.96169 16.3517</i>
                        <i>0.999997 -0.00227829 4.23516e-022 0.00142751 0.626566 -0.779367 0.00177563 0.779365 0.626568 0.00365468 9.93831 16.3492</i>
                        <i>0.999995 -0.00302481 0 0.00188099 0.621851 -0.783133 0.00236883 0.78313 0.621854 0.00467411 9.82248 16.3549</i>
                        <i>0.999995 -0.00300096 -8.47033e-022 0.00186574 0.621712 -0.783244 0.00235049 0.78324 0.621715 0.00445729 9.70411 16.3604</i>
                        <i>0.999998 -0.00204299 0 0.00127438 0.623779 -0.7816 0.0015968 0.781598 0.62378 0.00296081 9.69861 16.3636</i>
                        <i>1 -0.000845393 0 0.000529067 0.625823 -0.779965 0.000659377 0.779964 0.625823 0.0012067 9.71603 16.3656</i>
                        <i>1 -9.33885e-005 0 5.8622e-005 0.627722 -0.778438 7.26971e-005 0.778438 0.627722 0.000132756 9.73752 16.3661</i>
                        <i>1 -0.000574467 0 0.000360583 0.627682 -0.77847 0.000447205 0.77847 0.627682 0.000843716 9.79609 16.3619</i>
                        <i>1 -0.000798195 -1.05879e-022 0.000500769 0.627377 -0.778716 0.000621567 0.778715 0.627377 0.0012236 9.85003 16.356</i>
                        <i>1 -0.000603547 3.30872e-024 0.000379849 0.62936 -0.777114 0.000469025 0.777114 0.62936 0.000941481 9.85356 16.3535</i>
                        <i>1 -0.000203377 0 0.000128719 0.632911 -0.774224 0.000157459 0.774224 0.632911 0.000318022 9.82763 16.3531</i>
                        <i>1 -0.000472368 -1.65436e-024 0.000301048 0.637316 -0.770603 0.000364008 0.770603 0.637316 0.000736144 9.79302 16.3755</i>
                        <i>0.999999 -0.00106046 0 0.000681489 0.642634 -0.766173 0.000812498 0.766173 0.642634 0.00163484 9.77357 16.4408</i>
                        <i>0.999999 -0.00113918 0 0.000738788 0.648524 -0.761194 0.000867139 0.761194 0.648524 0.00173088 9.75131 16.5453</i>
                        <i>1 -0.000547123 0 0.00035802 0.654367 -0.756177 0.000413722 0.756177 0.654368 0.000822945 9.73782 16.6848</i>
                        <i>1 0.000525609 0 -0.000346635 0.659492 -0.751711 -0.000395106 0.751711 0.659492 -0.000793767 9.74475 16.855</i>
                        <i>1 0.000996564 0 -0.000662311 0.664595 -0.747204 -0.000744636 0.747203 0.664595 -0.00151663 9.75464 17.0542</i>
                        <i>0.999999 0.00144671 0 -0.000969066 0.669842 -0.742503 -0.00107418 0.742502 0.669843 -0.0022203 9.76601 17.2798</i>
                        <i>0.999999 0.00119304 -1.05879e-022 -0.000806057 0.675632 -0.737238 -0.000879555 0.737238 0.675633 -0.00183556 9.77289 17.5297</i>
                        <i>0.999998 0.00186249 2.11758e-022 -0.00126972 0.681729 -0.731604 -0.00136261 0.731603 0.68173 -0.0028637 9.77228 17.8004</i>
                        <i>0.999998 0.00213263 4.23516e-022 -0.00146795 0.688326 -0.7254 -0.00154701 0.725398 0.688328 -0.00325366 9.7638 18.0894</i>
                        <i>0.999996 0.00273205 -4.23516e-022 -0.00189666 0.694221 -0.719759 -0.00196642 0.719756 0.694224 -0.00418496 9.76858 18.391</i>
                        <i>0.999996 0.00281293 2.64698e-023 -0.00196679 0.699194 -0.714929 -0.00201104 0.714926 0.699197 -0.00439454 9.79496 18.7019</i>
                        <i>0.999997 0.00247326 0 -0.00174256 0.70456 -0.709642 -0.00175513 0.70964 0.704562 -0.0039143 9.8161 19.0219</i>
                        <i>0.999999 0.00137869 0 -0.000978867 0.709998 -0.704203 -0.000970876 0.704202 0.709999 -0.002206 9.83924 19.3472</i>
                        <i>1 -0.000707741 -1.05879e-022 0.000507013 0.716381 -0.697709 0.000493797 0.697709 0.716381 0.00112441 9.83028 19.6769</i>
                        <i>1 -0.000651556 2.64698e-023 0.000470978 0.72285 -0.691004 0.000450228 0.691004 0.722851 0.00102315 9.8117 20.0061</i>
                        <i>1 -0.000323253 0 0.000235764 0.729348 -0.684143 0.000221151 0.684143 0.729348 0.000499465 9.78397 20.3317</i>
                        <i>1 0.000206773 1.32349e-023 -0.000151975 0.734985 -0.678083 -0.000140209 0.678083 0.734985 -0.000318208 9.77741 20.6487</i>
                        <i>1 2.61142e-005 1.65436e-024 -1.93277e-005 0.740121 -0.672473 -1.75611e-005 0.672473 0.740121 -4.02462e-005 9.78254 20.9548</i>
                        <i>0.999999 -0.00116878 -1.05879e-022 0.000871272 0.745457 -0.666554 0.000779052 0.666553 0.745457 0.00178731 9.76912 21.2487</i>
                        <i>0.999999 -0.00167595 2.11758e-022 0.00125743 0.750277 -0.661122 0.00110801 0.661121 0.750278 0.00255514 9.76542 21.5258</i>
                        <i>0.999999 -0.00156726 2.11758e-022 0.00118318 0.754935 -0.655799 0.00102781 0.655798 0.754936 0.00237494 9.75571 21.7838</i>
                        <i>0.999999 -0.0015954 0 0.00120503 0.755312 -0.655364 0.00104557 0.655363 0.755313 0.00239776 9.74612 21.7133</i>
                        <i>0.999999 -0.0013769 0 0.0010385 0.754226 -0.656614 0.000904095 0.656613 0.754227 0.00211887 9.77845 21.6395</i>
                        <i>0.999999 -0.0010796 1.05879e-022 0.000812873 0.752941 -0.658088 0.00071047 0.658087 0.752941 0.00170696 9.81849 21.6137</i>
                        <i>1 -4.47447e-005 0 3.36593e-005 0.752251 -0.658877 2.94813e-005 0.658877 0.752251 7.17662e-005 9.8473 21.6854</i>
