<?xml version="1.0" encoding="ISO-8859-1" ?>
<Animl Version="1">
    <ModellingPackage>
        <![CDATA[Maya.2008]]>
</ModellingPackage>
    <SrcFile>
        <![CDATA[units\heavyartillery\british\anims\~src\lvl3\brithow_lvl3_fire.mb]]>
</SrcFile>
    <FramesPerSecond>30</FramesPerSecond>
    <TotalFrames>61</TotalFrames>
    <Skeleton>
        <RefFrame>
            <Name>
                <![CDATA[brithow3_ref_frame]]>
</Name>
            <Exclude>1</Exclude>
            <Additive>0</Additive>
            <KeyFrames count="61">
                <i>1 0 0 0 1 0 0 0 1 0 1.58 0</i>
                <i>1 0 0 0 1 0 0 0 1 0 1.58 0</i>
                <i>1 0 0 0 1 0 0 0 1 0 1.58 0</i>
                <i>1 0 0 0 1 0 0 0 1 0 1.58 0</i>
                <i>1 0 0 0 1 0 0 0 1 0 1.58 0</i>
                <i>1 0 0 0 1 0 0 0 1 0 1.58 0</i>
                <i>1 0 0 0 1 0 0 0 1 0 1.58 0</i>
                <i>1 0 0 0 1 0 0 0 1 0 1.58 0</i>
                <i>1 0 0 0 1 0 0 0 1 0 1.58 0</i>
                <i>1 0 0 0 1 0 0 0 1 0 1.58 0</i>
                <i>1 0 0 0 1 0 0 0 1 0 1.58 0</i>
                <i>1 0 0 0 1 0 0 0 1 0 1.58 0</i>
                <i>1 0 0 0 1 0 0 0 1 0 1.58 0</i>
                <i>1 0 0 0 1 0 0 0 1 0 1.58 0</i>
                <i>1 0 0 0 1 0 0 0 1 0 1.58 0</i>
                <i>1 0 0 0 1 0 0 0 1 0 1.58 0</i>
                <i>1 0 0 0 1 0 0 0 1 0 1.58 0</i>
                <i>1 0 0 0 1 0 0 0 1 0 1.58 0</i>
                <i>1 0 0 0 1 0 0 0 1 0 1.58 0</i>
                <i>1 0 0 0 1 0 0 0 1 0 1.58 0</i>
                <i>1 0 0 0 1 0 0 0 1 0 1.58 0</i>
                <i>1 0 0 0 1 0 0 0 1 0 1.58 0</i>
                <i>1 0 0 0 1 0 0 0 1 0 1.58 0</i>
                <i>1 0 0 0 1 0 0 0 1 0 1.58 0</i>
                <i>1 0 0 0 1 0 0 0 1 0 1.58 0</i>
                <i>1 0 0 0 1 0 0 0 1 0 1.58 0</i>
                <i>1 0 0 0 1 0 0 0 1 0 1.58 0</i>
                <i>1 0 0 0 1 0 0 0 1 0 1.58 0</i>
                <i>1 0 0 0 1 0 0 0 1 0 1.58 0</i>
                <i>1 0 0 0 1 0 0 0 1 0 1.58 0</i>
                <i>1 0 0 0 1 0 0 0 1 0 1.58 0</i>
                <i>1 0 0 0 1 0 0 0 1 0 1.58 0</i>
                <i>1 0 0 0 1 0 0 0 1 0 1.58 0</i>
                <i>1 0 0 0 1 0 0 0 1 0 1.58 0</i>
                <i>1 0 0 0 1 0 0 0 1 0 1.58 0</i>
                <i>1 0 0 0 1 0 0 0 1 0 1.58 0</i>
                <i>1 0 0 0 1 0 0 0 1 0 1.58 0</i>
                <i>1 0 0 0 1 0 0 0 1 0 1.58 0</i>
                <i>1 0 0 0 1 0 0 0 1 0 1.58 0</i>
                <i>1 0 0 0 1 0 0 0 1 0 1.58 0</i>
                <i>1 0 0 0 1 0 0 0 1 0 1.58 0</i>
                <i>1 0 0 0 1 0 0 0 1 0 1.58 0</i>
                <i>1 0 0 0 1 0 0 0 1 0 1.58 0</i>
                <i>1 0 0 0 1 0 0 0 1 0 1.58 0</i>
                <i>1 0 0 0 1 0 0 0 1 0 1.58 0</i>
                <i>1 0 0 0 1 0 0 0 1 0 1.58 0</i>
                <i>1 0 0 0 1 0 0 0 1 0 1.58 0</i>
                <i>1 0 0 0 1 0 0 0 1 0 1.58 0</i>
                <i>1 0 0 0 1 0 0 0 1 0 1.58 0</i>
                <i>1 0 0 0 1 0 0 0 1 0 1.58 0</i>
                <i>1 0 0 0 1 0 0 0 1 0 1.58 0</i>
                <i>1 0 0 0 1 0 0 0 1 0 1.58 0</i>
                <i>1 0 0 0 1 0 0 0 1 0 1.58 0</i>
                <i>1 0 0 0 1 0 0 0 1 0 1.58 0</i>
                <i>1 0 0 0 1 0 0 0 1 0 1.58 0</i>
                <i>1 0 0 0 1 0 0 0 1 0 1.58 0</i>
                <i>1 0 0 0 1 0 0 0 1 0 1.58 0</i>
                <i>1 0 0 0 1 0 0 0 1 0 1.58 0</i>
                <i>1 0 0 0 1 0 0 0 1 0 1.58 0</i>
                <i>1 0 0 0 1 0 0 0 1 0 1.58 0</i>
                <i>1 0 0 0 1 0 0 0 1 0 1.58 0</i>
            </KeyFrames>
        </RefFrame>
        <Bones count="7">
            <i>
                <p>
                    <Name>
                        <![CDATA[brithow3_root]]>
</Name>
                    <Exclude>0</Exclude>
                    <Additive>0</Additive>
                    <KeyFrames count="61">
                        <i>1 0 0 0 1 0 0 0 1 0 1.58 0</i>
                        <i>1 0 0 0 1 0 0 0 1 0 1.58 0</i>
                        <i>1 0 0 0 1 0 0 0 1 0 1.58 -0.00900855</i>
                        <i>1 0 0 0 1 0 0 0 1 0 1.5972 -0.0308865</i>
                        <i>1 0 0 0 0.999873 -0.0159303 0 0.0159303 0.999873 0 1.61439 -0.0579121</i>
                        <i>0.99994 0.0109191 0 -0.0109155 0.999616 -0.0254868 -0.000278292 0.0254853 0.999675 0 1.55545 -0.0823639</i>
                        <i>0.99998 -0.00631472 0 0.006313 0.999709 -0.0232897 0.000147068 0.0232893 0.999729 0 1.57526 -0.0778015</i>
                        <i>0.99994 0.0109191 0 -0.0109173 0.999781 -0.0178757 -0.000195186 0.0178747 0.99984 0 1.59506 -0.0660352</i>
                        <i>0.999988 -0.00486761 -3.38813e-021 0.00486731 0.999928 -0.0110113 5.35986e-005 0.0110111 0.999939 0 1.58473 -0.0499466</i>
                        <i>0.999989 0.0046045 -1.69407e-021 -0.00460445 0.999979 -0.00446349 -2.05521e-005 0.00446345 0.99999 0 1.57439 -0.0324173</i>
                        <i>0.999997 -0.00236803 0 0.00236803 0.999997 0 0 0 1 0 1.5804 -0.0163287</i>
                        <i>0.999986 0.00526227 -8.47033e-022 -0.00526227 0.999985 0.0015931 8.38332e-006 -0.00159308 0.999999 0 1.58641 -0.00456243</i>
                        <i>0.999997 -0.00263115 4.23516e-022 0.00263114 0.999996 0.00141609 -3.72593e-006 -0.00141608 0.999999 0 1.58428 0</i>
                        <i>0.999996 0.00289426 -1.05879e-022 -0.00289426 0.999996 0.000531033 1.53695e-006 -0.000531031 1 0 1.58214 0</i>
                        <i>1 0 0 0 1 0 0 0 1 0 1.58 0</i>
                        <i>1 0 0 0 1 0 0 0 1 0 1.58 0</i>
                        <i>1 0 0 0 1 0 0 0 1 0 1.58 0</i>
                        <i>1 0 0 0 1 0 0 0 1 0 1.58 0</i>
                        <i>1 0 0 0 1 0 0 0 1 0 1.58 0</i>
                        <i>1 0 0 0 1 0 0 0 1 0 1.58 0</i>
                        <i>1 0 0 0 1 0 0 0 1 0 1.58 0</i>
                        <i>1 0 0 0 1 0 0 0 1 0 1.58 0</i>
                        <i>1 0 0 0 1 0 0 0 1 0 1.58 0</i>
                        <i>1 0 0 0 1 0 0 0 1 0 1.58 0</i>
                        <i>1 0 0 0 1 0 0 0 1 0 1.58 0</i>
                        <i>1 0 0 0 1 0 0 0 1 0 1.58 0</i>
                        <i>1 0 0 0 1 0 0 0 1 0 1.58 0</i>
                        <i>1 0 0 0 1 0 0 0 1 0 1.58 0</i>
                        <i>1 0 0 0 1 0 0 0 1 0 1.58 0</i>
                        <i>1 0 0 0 1 0 0 0 1 0 1.58 0</i>
                        <i>1 0 0 0 1 0 0 0 1 0 1.58 0</i>
                        <i>1 0 0 0 1 0 0 0 1 0 1.58 0</i>
                        <i>1 0 0 0 1 0 0 0 1 0 1.58 0</i>
                        <i>1 0 0 0 1 0 0 0 1 0 1.58 0</i>
                        <i>1 0 0 0 1 0 0 0 1 0 1.58 0</i>
                        <i>1 0 0 0 1 0 0 0 1 0 1.58 0</i>
                        <i>1 0 0 0 1 0 0 0 1 0 1.58 0</i>
                        <i>1 0 0 0 1 0 0 0 1 0 1.58 0</i>
                        <i>1 0 0 0 1 0 0 0 1 0 1.58 0</i>
                        <i>1 0 0 0 1 0 0 0 1 0 1.58 0</i>
                        <i>1 0 0 0 1 0 0 0 1 0 1.58 0</i>
                        <i>1 0 0 0 1 0 0 0 1 0 1.58 0</i>
                        <i>1 0 0 0 1 0 0 0 1 0 1.58 0</i>
                        <i>1 0 0 0 1 0 0 0 1 0 1.58 0</i>
                        <i>1 0 0 0 1 0 0 0 1 0 1.58 0</i>
                        <i>1 0 0 0 1 0 0 0 1 0 1.58 0</i>
                        <i>1 0 0 0 1 0 0 0 1 0 1.58 0</i>
                        <i>1 0 0 0 1 0 0 0 1 0 1.58 0</i>
                        <i>1 0 0 0 1 0 0 0 1 0 1.58 0</i>
                        <i>1 0 0 0 1 0 0 0 1 0 1.58 0</i>
                        <i>1 0 0 0 1 0 0 0 1 0 1.58 0</i>
                        <i>1 0 0 0 1 0 0 0 1 0 1.58 0</i>
                        <i>1 0 0 0 1 0 0 0 1 0 1.58 0</i>
                        <i>1 0 0 0 1 0 0 0 1 0 1.58 0</i>
                        <i>1 0 0 0 1 0 0 0 1 0 1.58 0</i>
                        <i>1 0 0 0 1 0 0 0 1 0 1.58 0</i>
                        <i>1 0 0 0 1 0 0 0 1 0 1.58 0</i>
                        <i>1 0 0 0 1 0 0 0 1 0 1.58 0</i>
                        <i>1 0 0 0 1 0 0 0 1 0 1.58 0</i>
                        <i>1 0 0 0 1 0 0 0 1 0 1.58 0</i>
                        <i>1 0 0 0 1 0 0 0 1 0 1.58 0</i>
                    </KeyFrames>
                </p>
            </i>
            <i>
                <p>
                    <Name>
                        <![CDATA[side_crank]]>
</Name>
                    <Exclude>1</Exclude>
                    <Additive>0</Additive>
                    <KeyFrames count="61">
                        <i>1 0 0 0 1 0 0 0 1 2.70705 4.28785 0.779445</i>
                        <i>1 0 0 0 1 0 0 0 1 2.70705 4.28785 0.779445</i>
                        <i>1 0 0 0 1 0 0 0 1 2.70705 4.28785 0.770436</i>
                        <i>1 0 0 0 1 0 0 0 1 2.70705 4.30505 0.748559</i>
                        <i>1 0 0 0 0.999873 -0.0159303 0 0.0159303 0.999873 2.70705 4.33432 0.678297</i>
                        <i>0.99994 0.0109191 0 -0.0109155 0.999616 -0.0254868 -0.000278292 0.0254853 0.999675 2.67712 4.31168 0.627813</i>
                        <i>0.99998 -0.00631472 0 0.006313 0.999709 -0.0232897 0.000147068 0.0232893 0.999729 2.72421 4.28338 0.638367</i>
                        <i>0.99994 0.0109191 0 -0.0109173 0.999781 -0.0178757 -0.000195186 0.0178747 0.99984 2.67718 4.34581 0.66488</i>
                        <i>0.999988 -0.00486761 -3.38813e-021 0.00486731 0.999928 -0.0110113 5.35986e-005 0.0110111 0.999939 2.72024 4.28779 0.699634</i>
                        <i>0.999989 0.0046045 -1.69407e-021 -0.00460445 0.999979 -0.00446349 -2.05521e-005 0.00446345 0.99999 2.69454 4.29814 0.734933</i>
                        <i>0.999997 -0.00236803 0 0.00236803 0.999997 0 0 0 1 2.71346 4.28184 0.763116</i>
                        <i>0.999986 0.00526227 -8.47033e-022 -0.00526227 0.999985 0.0015931 8.38332e-006 -0.00159308 0.999999 2.69277 4.30723 0.779195</i>
                        <i>0.999997 -0.00263115 4.23516e-022 0.00263114 0.999996 0.00141609 -3.72593e-006 -0.00141608 0.999999 2.71416 4.28389 0.783279</i>
                        <i>0.999996 0.00289426 -1.05879e-022 -0.00289426 0.999996 0.000531033 1.53695e-006 -0.000531031 1 2.69921 4.2974 0.780883</i>
                        <i>1 0 0 0 1 0 0 0 1 2.70705 4.28785 0.779445</i>
                        <i>1 0 0 0 1 0 0 0 1 2.70705 4.28785 0.779445</i>
                        <i>1 0 0 0 1 0 0 0 1 2.70705 4.28785 0.779445</i>
                        <i>1 0 0 0 1 0 0 0 1 2.70705 4.28785 0.779445</i>
                        <i>1 0 0 0 1 0 0 0 1 2.70705 4.28785 0.779445</i>
                        <i>1 0 0 0 1 0 0 0 1 2.70705 4.28785 0.779445</i>
                        <i>1 0 0 0 1 0 0 0 1 2.70705 4.28785 0.779445</i>
                        <i>1 0 0 0 1 0 0 0 1 2.70705 4.28785 0.779445</i>
                        <i>1 0 0 0 1 0 0 0 1 2.70705 4.28785 0.779445</i>
                        <i>1 0 0 0 1 0 0 0 1 2.70705 4.28785 0.779445</i>
                        <i>1 0 0 0 1 0 0 0 1 2.70705 4.28785 0.779445</i>
                        <i>1 0 0 0 1 0 0 0 1 2.70705 4.28785 0.779445</i>
                        <i>1 0 0 0 1 0 0 0 1 2.70705 4.28785 0.779445</i>
                        <i>1 0 0 0 1 0 0 0 1 2.70705 4.28785 0.779445</i>
                        <i>1 0 0 0 1 0 0 0 1 2.70705 4.28785 0.779445</i>
                        <i>1 0 0 0 1 0 0 0 1 2.70705 4.28785 0.779445</i>
                        <i>1 0 0 0 1 0 0 0 1 2.70705 4.28785 0.779445</i>
                        <i>1 0 0 0 1 0 0 0 1 2.70705 4.28785 0.779445</i>
                        <i>1 0 0 0 1 0 0 0 1 2.70705 4.28785 0.779445</i>
                        <i>1 0 0 0 1 0 0 0 1 2.70705 4.28785 0.779445</i>
                        <i>1 0 0 0 1 0 0 0 1 2.70705 4.28785 0.779445</i>
                        <i>1 0 0 0 1 0 0 0 1 2.70705 4.28785 0.779445</i>
                        <i>1 0 0 0 1 0 0 0 1 2.70705 4.28785 0.779445</i>
                        <i>1 0 0 0 1 0 0 0 1 2.70705 4.28785 0.779445</i>
                        <i>1 0 0 0 1 0 0 0 1 2.70705 4.28785 0.779445</i>
                        <i>1 0 0 0 1 0 0 0 1 2.70705 4.28785 0.779445</i>
                        <i>1 0 0 0 1 0 0 0 1 2.70705 4.28785 0.779445</i>
                        <i>1 0 0 0 1 0 0 0 1 2.70705 4.28785 0.779445</i>
                        <i>1 0 0 0 1 0 0 0 1 2.70705 4.28785 0.779445</i>
                        <i>1 0 0 0 1 0 0 0 1 2.70705 4.28785 0.779445</i>
                        <i>1 0 0 0 1 0 0 0 1 2.70705 4.28785 0.779445</i>
                        <i>1 0 0 0 1 0 0 0 1 2.70705 4.28785 0.779445</i>
                        <i>1 0 0 0 1 0 0 0 1 2.70705 4.28785 0.779445</i>
                        <i>1 0 0 0 1 0 0 0 1 2.70705 4.28785 0.779445</i>
                        <i>1 0 0 0 1 0 0 0 1 2.70705 4.28785 0.779445</i>
                        <i>1 0 0 0 1 0 0 0 1 2.70705 4.28785 0.779445</i>
                        <i>1 0 0 0 1 0 0 0 1 2.70705 4.28785 0.779445</i>
                        <i>1 0 0 0 1 0 0 0 1 2.70705 4.28785 0.779445</i>
                        <i>1 0 0 0 1 0 0 0 1 2.70705 4.28785 0.779445</i>
                        <i>1 0 0 0 1 0 0 0 1 2.70705 4.28785 0.779445</i>
                        <i>1 0 0 0 1 0 0 0 1 2.70705 4.28785 0.779445</i>
                        <i>1 0 0 0 1 0 0 0 1 2.70705 4.28785 0.779445</i>
                        <i>1 0 0 0 1 0 0 0 1 2.70705 4.28785 0.779445</i>
                        <i>1 0 0 0 1 0 0 0 1 2.70705 4.28785 0.779445</i>
                        <i>1 0 0 0 1 0 0 0 1 2.70705 4.28785 0.779445</i>
                        <i>1 0 0 0 1 0 0 0 1 2.70705 4.28785 0.779445</i>
                        <i>1 0 0 0 1 0 0 0 1 2.70705 4.28785 0.779445</i>
                    </KeyFrames>
                </p>
            </i>
            <i>
                <p>
                    <Name>
                        <![CDATA[angle_pivot]]>
</Name>
                    <Exclude>0</Exclude>
                    <Additive>1</Additive>
                    <KeyFrames count="61">
                        <i>1 0 0 0 1 0 0 0 1 0 6.08 1.5</i>
                        <i>1 0 0 0 1 0 0 0 1 0 6.08 1.5</i>
                        <i>1 0 0 0 1 0 0 0 1 0 6.08 1.49099</i>
                        <i>1 0 0 0 0.999962 0.00868269 0 -0.00868269 0.999962 0 6.1092 1.48089</i>
                        <i>1 0 0 0 0.999999 0.0014346 0 -0.0014346 0.999999 0 6.16173 1.36996</i>
                        <i>0.99994 0.0109191 0 -0.0109127 0.999357 -0.0341657 -0.000373057 0.0341637 0.999416 -0.0493314 6.0731 1.29141</i>
                        <i>0.99998 -0.00631472 0 0.00631429 0.999913 -0.0115829 7.3143e-005 0.0115827 0.999933 0.0287486 6.1278 1.32973</i>
                        <i>0.99994 0.0109191 0 -0.0109178 0.999826 -0.0151134 -0.000165024 0.0151125 0.999886 -0.0494374 6.12242 1.35674</i>
                        <i>0.999988 -0.00486761 -3.38813e-021 0.00486689 0.99984 -0.0171939 8.36929e-005 0.0171937 0.999852 0.0219066 6.08516 1.39437</i>
                        <i>0.999989 0.0046045 -1.69407e-021 -0.00460449 0.999989 -0.000911457 -4.1968e-006 0.000911447 1 -0.0208341 6.09908 1.45934</i>
                        <i>0.999997 -0.00236803 0 0.00236802 0.99999 -0.00381516 9.03442e-006 0.00381515 0.999993 0.010619 6.0647 1.47746</i>
                        <i>0.999986 0.00526227 -8.47033e-022 -0.00526227 0.999985 0.00146154 7.69103e-006 -0.00146152 0.999999 -0.0236754 6.08542 1.50141</i>
                        <i>0.999997 -0.00263115 4.23516e-022 0.00263111 0.999984 0.00496812 -1.30719e-005 -0.0049681 0.999988 0.0118835 6.10075 1.51022</i>
                        <i>0.999996 0.00289426 -1.05879e-022 -0.00289423 0.999986 -0.00433658 -1.25512e-005 0.00433656 0.999991 -0.0129923 6.0711 1.49346</i>
                        <i>1 0 0 0 1 0 0 0 1 0 6.08 1.5</i>
                        <i>1 0 0 0 1 0 0 0 1 0 6.08 1.5</i>
                        <i>1 0 0 0 1 0 0 0 1 0 6.08 1.5</i>
                        <i>1 0 0 0 1 0 0 0 1 0 6.08 1.5</i>
                        <i>1 0 0 0 1 0 0 0 1 0 6.08 1.5</i>
                        <i>1 0 0 0 1 0 0 0 1 0 6.08 1.5</i>
                        <i>1 0 0 0 1 0 0 0 1 0 6.08 1.5</i>
                        <i>1 0 0 0 1 0 0 0 1 0 6.08 1.5</i>
                        <i>1 0 0 0 1 0 0 0 1 0 6.08 1.5</i>
                        <i>1 0 0 0 1 0 0 0 1 0 6.08 1.5</i>
                        <i>1 0 0 0 1 0 0 0 1 0 6.08 1.5</i>
                        <i>1 0 0 0 1 0 0 0 1 0 6.08 1.5</i>
                        <i>1 0 0 0 1 0 0 0 1 0 6.08 1.5</i>
                        <i>1 0 0 0 1 0 0 0 1 0 6.08 1.5</i>
                        <i>1 0 0 0 1 0 0 0 1 0 6.08 1.5</i>
                        <i>1 0 0 0 1 0 0 0 1 0 6.08 1.5</i>
                        <i>1 0 0 0 1 0 0 0 1 0 6.08 1.5</i>
                        <i>1 0 0 0 1 0 0 0 1 0 6.08 1.5</i>
                        <i>1 0 0 0 1 0 0 0 1 0 6.08 1.5</i>
                        <i>1 0 0 0 1 0 0 0 1 0 6.08 1.5</i>
                        <i>1 0 0 0 1 0 0 0 1 0 6.08 1.5</i>
                        <i>1 0 0 0 1 0 0 0 1 0 6.08 1.5</i>
                        <i>1 0 0 0 1 0 0 0 1 0 6.08 1.5</i>
                        <i>1 0 0 0 1 0 0 0 1 0 6.08 1.5</i>
                        <i>1 0 0 0 1 0 0 0 1 0 6.08 1.5</i>
                        <i>1 0 0 0 1 0 0 0 1 0 6.08 1.5</i>
                        <i>1 0 0 0 1 0 0 0 1 0 6.08 1.5</i>
                        <i>1 0 0 0 1 0 0 0 1 0 6.08 1.5</i>
                        <i>1 0 0 0 1 0 0 0 1 0 6.08 1.5</i>
                        <i>1 0 0 0 1 0 0 0 1 0 6.08 1.5</i>
                        <i>1 0 0 0 1 0 0 0 1 0 6.08 1.5</i>
                        <i>1 0 0 0 1 0 0 0 1 0 6.08 1.5</i>
                        <i>1 0 0 0 1 0 0 0 1 0 6.08 1.5</i>
                        <i>1 0 0 0 1 0 0 0 1 0 6.08 1.5</i>
                        <i>1 0 0 0 1 0 0 0 1 0 6.08 1.5</i>
                        <i>1 0 0 0 1 0 0 0 1 0 6.08 1.5</i>
                        <i>1 0 0 0 1 0 0 0 1 0 6.08 1.5</i>
                        <i>1 0 0 0 1 0 0 0 1 0 6.08 1.5</i>
                        <i>1 0 0 0 1 0 0 0 1 0 6.08 1.5</i>
                        <i>1 0 0 0 1 0 0 0 1 0 6.08 1.5</i>
                        <i>1 0 0 0 1 0 0 0 1 0 6.08 1.5</i>
                        <i>1 0 0 0 1 0 0 0 1 0 6.08 1.5</i>
                        <i>1 0 0 0 1 0 0 0 1 0 6.08 1.5</i>
                        <i>1 0 0 0 1 0 0 0 1 0 6.08 1.5</i>
                        <i>1 0 0 0 1 0 0 0 1 0 6.08 1.5</i>
                        <i>1 0 0 0 1 0 0 0 1 0 6.08 1.5</i>
                        <i>1 0 0 0 1 0 0 0 1 0 6.08 1.5</i>
                    </KeyFrames>
                </p>
            </i>
            <i>
                <p>
                    <Name>
                        <![CDATA[barrel]]>
</Name>
                    <Exclude>0</Exclude>
                    <Additive>1</Additive>
                    <KeyFrames count="61">
                        <i>1 0 0 0 1 0 0 0 1 -4.76414e-008 6.08 2.83033</i>
                        <i>1 0 0 0 1 0 0 0 1 -4.76414e-008 6.08 2.03389</i>
                        <i>1 0 0 0 1 0 0 0 1 -4.76414e-008 6.08 0.988462</i>
                        <i>1 0 0 0 0.999962 0.00868269 0 -0.00868269 0.999962 -4.76414e-008 6.113 1.04384</i>
                        <i>1 0 0 0 0.999999 0.0014346 0 -0.0014346 0.999999 -4.76414e-008 6.16227 0.998349</i>
                        <i>0.99994 0.0109191 0 -0.0109127 0.999357 -0.0341657 -0.000373057 0.0341637 0.999416 -0.0492172 6.06264 0.985443</i>
                        <i>0.99998 -0.00631472 0 0.00631429 0.999913 -0.0115829 7.3143e-005 0.0115827 0.999933 0.028731 6.12502 1.08906</i>
                        <i>0.99994 0.0109191 0 -0.0109178 0.999826 -0.0151134 -0.000165024 0.0151125 0.999886 -0.0494085 6.11977 1.18153</i>
                        <i>0.999988 -0.00486761 -3.38813e-021 0.00486689 0.99984 -0.0171939 8.36929e-005 0.0171937 0.999852 0.0218974 6.08327 1.28462</i>
                        <i>0.999989 0.0046045 -1.69407e-021 -0.00460449 0.999989 -0.000911457 -4.1968e-006 0.000911447 1 -0.020834 6.09904 1.41502</i>
                        <i>0.999997 -0.00236803 0 0.00236802 0.99999 -0.00381516 9.03442e-006 0.00381515 0.999993 0.0106191 6.06478 1.4986</i>
                        <i>0.999986 0.00526227 -8.47033e-022 -0.00526227 0.999985 0.00146154 7.69103e-006 -0.00146152 0.999999 -0.0236747 6.0853 1.58802</i>
                        <i>0.999997 -0.00263115 4.23516e-022 0.00263111 0.999984 0.00496812 -1.30719e-005 -0.0049681 0.999988 0.0118815 6.09999 1.66228</i>
                        <i>0.999996 0.00289426 -1.05879e-022 -0.00289423 0.999986 -0.00433658 -1.25512e-005 0.00433656 0.999991 -0.0129951 6.07205 1.71098</i>
                        <i>1 0 0 0 1 0 0 0 1 -4.76414e-008 6.08 1.78298</i>
                        <i>1 0 0 0 1 0 0 0 1 -4.76414e-008 6.08 1.84844</i>
                        <i>1 0 0 0 1 0 0 0 1 -4.76414e-008 6.08 1.9139</i>
                        <i>1 0 0 0 1 0 0 0 1 -4.76414e-008 6.08 1.97936</i>
                        <i>1 0 0 0 1 0 0 0 1 -4.76414e-008 6.08 2.04482</i>
                        <i>1 0 0 0 1 0 0 0 1 -4.76414e-008 6.08 2.11028</i>
                        <i>1 0 0 0 1 0 0 0 1 -4.76414e-008 6.08 2.17574</i>
                        <i>1 0 0 0 1 0 0 0 1 -4.76414e-008 6.08 2.2412</i>
                        <i>1 0 0 0 1 0 0 0 1 -4.76414e-008 6.08 2.30666</i>
                        <i>1 0 0 0 1 0 0 0 1 -4.76414e-008 6.08 2.37212</i>
                        <i>1 0 0 0 1 0 0 0 1 -4.76414e-008 6.08 2.43758</i>
                        <i>1 0 0 0 1 0 0 0 1 -4.76414e-008 6.08 2.50304</i>
                        <i>1 0 0 0 1 0 0 0 1 -4.76414e-008 6.08 2.5685</i>
                        <i>1 0 0 0 1 0 0 0 1 -4.76414e-008 6.08 2.63395</i>
                        <i>1 0 0 0 1 0 0 0 1 -4.76414e-008 6.08 2.69941</i>
                        <i>1 0 0 0 1 0 0 0 1 -4.76414e-008 6.08 2.76487</i>
                        <i>1 0 0 0 1 0 0 0 1 -4.76414e-008 6.08 2.83033</i>
                        <i>1 0 0 0 1 0 0 0 1 -4.76414e-008 6.08 2.83033</i>
                        <i>1 0 0 0 1 0 0 0 1 -4.76414e-008 6.08 2.83033</i>
                        <i>1 0 0 0 1 0 0 0 1 -4.76414e-008 6.08 2.83033</i>
                        <i>1 0 0 0 1 0 0 0 1 -4.76414e-008 6.08 2.83033</i>
                        <i>1 0 0 0 1 0 0 0 1 -4.76414e-008 6.08 2.83033</i>
                        <i>1 0 0 0 1 0 0 0 1 -4.76414e-008 6.08 2.83033</i>
                        <i>1 0 0 0 1 0 0 0 1 -4.76414e-008 6.08 2.83033</i>
                        <i>1 0 0 0 1 0 0 0 1 -4.76414e-008 6.08 2.83033</i>
                        <i>1 0 0 0 1 0 0 0 1 -4.76414e-008 6.08 2.83033</i>
                        <i>1 0 0 0 1 0 0 0 1 -4.76414e-008 6.08 2.83033</i>
                        <i>1 0 0 0 1 0 0 0 1 -4.76414e-008 6.08 2.83033</i>
                        <i>1 0 0 0 1 0 0 0 1 -4.76414e-008 6.08 2.83033</i>
                        <i>1 0 0 0 1 0 0 0 1 -4.76414e-008 6.08 2.83033</i>
                        <i>1 0 0 0 1 0 0 0 1 -4.76414e-008 6.08 2.83033</i>
                        <i>1 0 0 0 1 0 0 0 1 -4.76414e-008 6.08 2.83033</i>
                        <i>1 0 0 0 1 0 0 0 1 -4.76414e-008 6.08 2.83033</i>
                        <i>1 0 0 0 1 0 0 0 1 -4.76414e-008 6.08 2.83033</i>
                        <i>1 0 0 0 1 0 0 0 1 -4.76414e-008 6.08 2.83033</i>
                        <i>1 0 0 0 1 0 0 0 1 -4.76414e-008 6.08 2.83033</i>
                        <i>1 0 0 0 1 0 0 0 1 -4.76414e-008 6.08 2.83033</i>
                        <i>1 0 0 0 1 0 0 0 1 -4.76414e-008 6.08 2.83033</i>
                        <i>1 0 0 0 1 0 0 0 1 -4.76414e-008 6.08 2.83033</i>
                        <i>1 0 0 0 1 0 0 0 1 -4.76414e-008 6.08 2.83033</i>
                        <i>1 0 0 0 1 0 0 0 1 -4.76414e-008 6.08 2.83033</i>
                        <i>1 0 0 0 1 0 0 0 1 -4.76414e-008 6.08 2.83033</i>
                        <i>1 0 0 0 1 0 0 0 1 -4.76414e-008 6.08 2.83033</i>
                        <i>1 0 0 0 1 0 0 0 1 -4.76414e-008 6.08 2.83033</i>
                        <i>1 0 0 0 1 0 0 0 1 -4.76414e-008 6.08 2.83033</i>
                        <i>1 0 0 0 1 0 0 0 1 -4.76414e-008 6.08 2.83033</i>
                        <i>1 0 0 0 1 0 0 0 1 -4.76414e-008 6.08 2.83033</i>
                    </KeyFrames>
                </p>
            </i>
            <i>
                <p>
                    <Name>
                        <![CDATA[hatch]]>
</Name>
                    <Exclude>1</Exclude>
                    <Additive>0</Additive>
                    <KeyFrames count="61">
                        <i>1 0 0 0 1 0 0 0 1 -0.97209 6.0646 -2.07758</i>
                        <i>1 0 0 0 1 0 0 0 1 -0.97209 6.0646 -2.87403</i>
                        <i>1 0 0 0 1 0 0 0 1 -0.97209 6.0646 -3.91945</i>
                        <i>1 0 0 0 0.999962 0.00868269 0 -0.00868269 0.999962 -0.97209 6.14021 -3.86402</i>
                        <i>1 0 0 0 0.999999 0.0014346 0 -0.0014346 0.999999 -0.97209 6.1539 -3.90958</i>
                        <i>0.99994 0.0109191 0 -0.0109127 0.999357 -0.0341657 -0.000373057 0.0341637 0.999416 -1.01925 5.86896 -3.91908</i>
                        <i>0.99998 -0.00631472 0 0.00631429 0.999913 -0.0115829 7.3143e-005 0.0115827 0.999933 -0.943796 6.05891 -3.81835</i>
                        <i>0.99994 0.0109191 0 -0.0109178 0.999826 -0.0151134 -0.000165024 0.0151125 0.999886 -1.02046 6.01958 -3.72559</i>
                        <i>0.999988 -0.00486761 -3.38813e-021 0.00486689 0.99984 -0.0171939 8.36929e-005 0.0171937 0.999852 -0.950667 5.98822 -3.62231</i>
                        <i>0.999989 0.0046045 -1.69407e-021 -0.00460449 0.999989 -0.000911457 -4.1968e-006 0.000911447 1 -0.992822 6.07469 -3.49287</i>
                        <i>0.999997 -0.00236803 0 0.00236802 0.99999 -0.00381516 9.03442e-006 0.00381515 0.999993 -0.961549 6.03296 -3.40922</i>
                        <i>0.999986 0.00526227 -8.47033e-022 -0.00526227 0.999985 0.00146154 7.69103e-006 -0.00146152 0.999999 -0.995708 6.07195 -3.31992</i>
                        <i>0.999997 -0.00263115 4.23516e-022 0.00263111 0.999984 0.00496812 -1.30719e-005 -0.0049681 0.999988 -0.960181 6.11153 -3.24565</i>
                        <i>0.999996 0.00289426 -1.05879e-022 -0.00289423 0.999986 -0.00433658 -1.25512e-005 0.00433656 0.999991 -0.984975 6.03255 -3.19682</i>
                        <i>1 0 0 0 1 0 0 0 1 -0.97209 6.0646 -3.12493</i>
                        <i>1 0 0 0 1 0 0 0 1 -0.97209 6.0646 -3.05947</i>
                        <i>1 0 0 0 1 0 0 0 1 -0.97209 6.0646 -2.99401</i>
                        <i>1 0 0 0 1 0 0 0 1 -0.97209 6.0646 -2.92855</i>
                        <i>1 0 0 0 1 0 0 0 1 -0.97209 6.0646 -2.86309</i>
                        <i>1 0 0 0 1 0 0 0 1 -0.97209 6.0646 -2.79763</i>
                        <i>1 0 0 0 1 0 0 0 1 -0.97209 6.0646 -2.73217</i>
                        <i>1 0 0 0 1 0 0 0 1 -0.97209 6.0646 -2.66672</i>
                        <i>1 0 0 0 1 0 0 0 1 -0.97209 6.0646 -2.60126</i>
                        <i>1 0 0 0 1 0 0 0 1 -0.97209 6.0646 -2.5358</i>
                        <i>1 0 0 0 1 0 0 0 1 -0.97209 6.0646 -2.47034</i>
                        <i>1 0 0 0 1 0 0 0 1 -0.97209 6.0646 -2.40488</i>
                        <i>1 0 0 0 1 0 0 0 1 -0.97209 6.0646 -2.33942</i>
                        <i>1 0 0 0 1 0 0 0 1 -0.97209 6.0646 -2.27396</i>
                        <i>1 0 0 0 1 0 0 0 1 -0.97209 6.0646 -2.2085</i>
                        <i>1 0 0 0 1 0 0 0 1 -0.97209 6.0646 -2.14304</i>
                        <i>1 0 0 0 1 0 0 0 1 -0.97209 6.0646 -2.07758</i>
                        <i>1 0 0 0 1 0 0 0 1 -0.97209 6.0646 -2.07758</i>
                        <i>1 0 0 0 1 0 0 0 1 -0.97209 6.0646 -2.07758</i>
                        <i>1 0 0 0 1 0 0 0 1 -0.97209 6.0646 -2.07758</i>
                        <i>1 0 0 0 1 0 0 0 1 -0.97209 6.0646 -2.07758</i>
                        <i>1 0 0 0 1 0 0 0 1 -0.97209 6.0646 -2.07758</i>
                        <i>1 0 0 0 1 0 0 0 1 -0.97209 6.0646 -2.07758</i>
                        <i>1 0 0 0 1 0 0 0 1 -0.97209 6.0646 -2.07758</i>
                        <i>1 0 0 0 1 0 0 0 1 -0.97209 6.0646 -2.07758</i>
                        <i>1 0 0 0 1 0 0 0 1 -0.97209 6.0646 -2.07758</i>
                        <i>1 0 0 0 1 0 0 0 1 -0.97209 6.0646 -2.07758</i>
                        <i>1 0 0 0 1 0 0 0 1 -0.97209 6.0646 -2.07758</i>
                        <i>1 0 0 0 1 0 0 0 1 -0.97209 6.0646 -2.07758</i>
                        <i>1 0 0 0 1 0 0 0 1 -0.97209 6.0646 -2.07758</i>
                        <i>1 0 0 0 1 0 0 0 1 -0.97209 6.0646 -2.07758</i>
                        <i>1 0 0 0 1 0 0 0 1 -0.97209 6.0646 -2.07758</i>
                        <i>1 0 0 0 1 0 0 0 1 -0.97209 6.0646 -2.07758</i>
                        <i>1 0 0 0 1 0 0 0 1 -0.97209 6.0646 -2.07758</i>
                        <i>1 0 0 0 1 0 0 0 1 -0.97209 6.0646 -2.07758</i>
                        <i>1 0 0 0 1 0 0 0 1 -0.97209 6.0646 -2.07758</i>
                        <i>1 0 0 0 1 0 0 0 1 -0.97209 6.0646 -2.07758</i>
                        <i>1 0 0 0 1 0 0 0 1 -0.97209 6.0646 -2.07758</i>
                        <i>1 0 0 0 1 0 0 0 1 -0.97209 6.0646 -2.07758</i>
                        <i>1 0 0 0 1 0 0 0 1 -0.97209 6.0646 -2.07758</i>
                        <i>1 0 0 0 1 0 0 0 1 -0.97209 6.0646 -2.07758</i>
                        <i>1 0 0 0 1 0 0 0 1 -0.97209 6.0646 -2.07758</i>
                        <i>1 0 0 0 1 0 0 0 1 -0.97209 6.0646 -2.07758</i>
                        <i>1 0 0 0 1 0 0 0 1 -0.97209 6.0646 -2.07758</i>
                        <i>1 0 0 0 1 0 0 0 1 -0.97209 6.0646 -2.07758</i>
                        <i>1 0 0 0 1 0 0 0 1 -0.97209 6.0646 -2.07758</i>
                        <i>1 0 0 0 1 0 0 0 1 -0.97209 6.0646 -2.07758</i>
                    </KeyFrames>
                </p>
            </i>
            <i>
                <p>
                    <Name>
                        <![CDATA[crane_lever]]>
</Name>
                    <Exclude>0</Exclude>
                    <Additive>0</Additive>
                    <KeyFrames count="61">
                        <i>1 0 0 0 -0.0393774 0.999224 0 -0.999224 -0.0393774 1.23229 3.61534 -3.54802</i>
                        <i>1 0 0 0 0.120219 0.992747 0 -0.992747 0.120219 1.23229 3.61534 -3.54802</i>
                        <i>1 0 0 0 0.276749 0.960942 0 -0.960942 0.276749 1.23229 3.61534 -3.55703</i>
                        <i>1 0 0 0 0.426218 0.90462 0 -0.90462 0.426218 1.23229 3.63254 -3.57891</i>
                        <i>1 0 0 0 0.577887 0.816117 0 -0.816117 0.577887 1.23229 3.59296 -3.63791</i>
                        <i>0.99994 0.0109191 0 -0.00772245 0.707203 0.706968 0.00771942 -0.706926 0.707246 1.21099 3.51304 -3.68111</i>
                        <i>0.99998 -0.00631472 0 0.00511175 0.809481 0.587124 -0.00370752 -0.587112 0.809497 1.2446 3.5196 -3.67226</i>
                        <i>0.99994 0.0109191 0 -0.00972011 0.890144 0.455575 0.00497445 -0.455548 0.890197 1.21069 3.58 -3.64987</i>
                        <i>0.999988 -0.00486761 -3.38813e-021 0.00431781 0.887038 0.461675 -0.00224725 -0.46167 0.887049 1.242 3.57486 -3.62016</i>
                        <i>0.999989 0.0046045 -1.69407e-021 -0.00407041 0.883997 0.467474 0.00215248 -0.467469 0.884007 1.22298 3.59953 -3.58949</i>
                        <i>0.999997 -0.00236803 0 0.0020884 0.881909 0.471415 -0.00111633 -0.471414 0.881912 1.23711 3.61282 -3.56435</i>
                        <i>0.999986 0.00526227 -8.47033e-022 -0.0046369 0.881147 0.472819 0.00248811 -0.472813 0.881159 1.22154 3.63386 -3.54934</i>
                        <i>0.999997 -0.00263115 4.23516e-022 0.00231868 0.88124 0.472663 -0.00124365 -0.472662 0.881243 1.23766 3.62139 -3.54513</i>
                        <i>0.999996 0.00289426 -1.05879e-022 -0.00255176 0.881657 0.471883 0.00136575 -0.471881 0.881661 1.22639 3.62292 -3.54694</i>
                        <i>1 0 0 0 0.881912 0.471415 0 -0.471415 0.881912 1.23229 3.61534 -3.54802</i>
                        <i>1 0 0 0 0.881912 0.471415 0 -0.471415 0.881912 1.23229 3.61534 -3.54802</i>
                        <i>1 0 0 0 0.879177 0.476496 0 -0.476496 0.879177 1.23229 3.61534 -3.54802</i>
                        <i>1 0 0 0 0.871341 0.490677 0 -0.490677 0.871341 1.23229 3.61534 -3.54802</i>
                        <i>1 0 0 0 0.858818 0.512281 0 -0.512281 0.858818 1.23229 3.61534 -3.54802</i>
                        <i>1 0 0 0 0.841944 0.539564 0 -0.539564 0.841944 1.23229 3.61534 -3.54802</i>
                        <i>1 0 0 0 0.821108 0.570773 0 -0.570773 0.821108 1.23229 3.61534 -3.54802</i>
                        <i>1 0 0 0 0.796835 0.604197 0 -0.604197 0.796835 1.23229 3.61534 -3.54802</i>
                        <i>1 0 0 0 0.769849 0.638226 0 -0.638226 0.769849 1.23229 3.61534 -3.54802</i>
                        <i>1 0 0 0 0.741102 0.671393 0 -0.671393 0.741102 1.23229 3.61534 -3.54802</i>
                        <i>1 0 0 0 0.711771 0.702412 0 -0.702412 0.711771 1.23229 3.61534 -3.54802</i>
                        <i>1 0 0 0 0.683237 0.730197 0 -0.730197 0.683237 1.23229 3.61534 -3.54802</i>
                        <i>1 0 0 0 0.653673 0.756777 0 -0.756777 0.653673 1.23229 3.61534 -3.54802</i>
                        <i>1 0 0 0 0.620537 0.784177 0 -0.784177 0.620537 1.23229 3.61534 -3.54802</i>
                        <i>1 0 0 0 0.584338 0.81151 0 -0.81151 0.584338 1.23229 3.61534 -3.54802</i>
                        <i>1 0 0 0 0.545693 0.837985 0 -0.837985 0.545693 1.23229 3.61534 -3.54802</i>
                        <i>1 0 0 0 0.505327 0.862928 0 -0.862928 0.505327 1.23229 3.61534 -3.54802</i>
                        <i>1 0 0 0 0.464063 0.885802 0 -0.885802 0.464063 1.23229 3.61534 -3.54802</i>
                        <i>1 0 0 0 0.422808 0.906219 0 -0.906219 0.422808 1.23229 3.61534 -3.54802</i>
                        <i>1 0 0 0 0.372034 0.928219 0 -0.928219 0.372034 1.23229 3.61534 -3.54802</i>
                        <i>1 0 0 0 0.320011 0.947414 0 -0.947414 0.320011 1.23229 3.61534 -3.54802</i>
                        <i>1 0 0 0 0.296009 0.955185 0 -0.955185 0.296009 1.23229 3.61534 -3.54802</i>
                        <i>1 0 0 0 0.299033 0.954243 0 -0.954243 0.299033 1.23229 3.61534 -3.54802</i>
                        <i>1 0 0 0 0.307312 0.951609 0 -0.951609 0.307312 1.23229 3.61534 -3.54802</i>
                        <i>1 0 0 0 0.319637 0.94754 0 -0.94754 0.319637 1.23229 3.61534 -3.54802</i>
                        <i>1 0 0 0 0.334799 0.94229 0 -0.94229 0.334799 1.23229 3.61534 -3.54802</i>
                        <i>1 0 0 0 0.351597 0.936151 0 -0.936151 0.351597 1.23229 3.61534 -3.54802</i>
                        <i>1 0 0 0 0.368854 0.929488 0 -0.929488 0.368854 1.23229 3.61534 -3.54802</i>
                        <i>1 0 0 0 0.385418 0.922742 0 -0.922742 0.385418 1.23229 3.61534 -3.54802</i>
                        <i>1 0 0 0 0.400174 0.916439 0 -0.916439 0.400174 1.23229 3.61534 -3.54802</i>
                        <i>1 0 0 0 0.412035 0.911168 0 -0.911168 0.412035 1.23229 3.61534 -3.54802</i>
                        <i>1 0 0 0 0.419934 0.907555 0 -0.907555 0.419934 1.23229 3.61534 -3.54802</i>
                        <i>1 0 0 0 0.422808 0.906219 0 -0.906219 0.422808 1.23229 3.61534 -3.54802</i>
                        <i>1 0 0 0 0.422808 0.906219 0 -0.906219 0.422808 1.23229 3.61534 -3.54802</i>
                        <i>1 0 0 0 0.422808 0.906219 0 -0.906219 0.422808 1.23229 3.61534 -3.54802</i>
                        <i>1 0 0 0 0.422808 0.906219 0 -0.906219 0.422808 1.23229 3.61534 -3.54802</i>
                        <i>1 0 0 0 0.422808 0.906219 0 -0.906219 0.422808 1.23229 3.61534 -3.54802</i>
                        <i>1 0 0 0 0.422808 0.906219 0 -0.906219 0.422808 1.23229 3.61534 -3.54802</i>
                        <i>1 0 0 0 0.422808 0.906219 0 -0.906219 0.422808 1.23229 3.61534 -3.54802</i>
                        <i>1 0 0 0 0.422808 0.906219 0 -0.906219 0.422808 1.23229 3.61534 -3.54802</i>
                        <i>1 0 0 0 0.422808 0.906219 0 -0.906219 0.422808 1.23229 3.61534 -3.54802</i>
                        <i>1 0 0 0 0.422808 0.906219 0 -0.906219 0.422808 1.23229 3.61534 -3.54802</i>
                        <i>1 0 0 0 0.422808 0.906219 0 -0.906219 0.422808 1.23229 3.61534 -3.54802</i>
                        <i>1 0 0 0 0.422808 0.906219 0 -0.906219 0.422808 1.23229 3.61534 -3.54802</i>
                        <i>1 0 0 0 0.422808 0.906219 0 -0.906219 0.422808 1.23229 3.61534 -3.54802</i>
                        <i>1 0 0 0 0.422808 0.906219 0 -0.906219 0.422808 1.23229 3.61534 -3.54802</i>
                        <i>1 0 0 0 0.422808 0.906219 0 -0.906219 0.422808 1.23229 3.61534 -3.54802</i>
                    </KeyFrames>
                </p>
            </i>
            <i>
                <p>
                    <Name>
                        <![CDATA[crank]]>
</Name>
                    <Exclude>1</Exclude>
                    <Additive>0</Additive>
                    <KeyFrames count="61">
                        <i>1 0 0 0 1 0 0 0 1 2.27143 4.87987 0.956314</i>
                        <i>1 0 0 0 1 0 0 0 1 2.27143 4.87987 0.956314</i>
                        <i>1 0 0 0 1 0 0 0 1 2.27143 4.87987 0.947305</i>
                        <i>1 0 0 0 1 0 0 0 1 2.27143 4.89707 0.925427</i>
                        <i>1 0 0 0 0.999873 -0.0159303 0 0.0159303 0.999873 2.27143 4.92908 0.845712</i>
                        <i>0.99994 0.0109191 0 -0.0109155 0.999616 -0.0254868 -0.000278292 0.0254853 0.999675 2.23501 4.90323 0.789536</i>
                        <i>0.99998 -0.00631472 0 0.006313 0.999709 -0.0232897 0.000147068 0.0232893 0.999729 2.29236 4.8821 0.8014</i>
                        <i>0.99994 0.0109191 0 -0.0109173 0.999781 -0.0178757 -0.000195186 0.0178747 0.99984 2.23509 4.93611 0.831138</i>
                        <i>0.999988 -0.00486761 -3.38813e-021 0.00486731 0.999928 -0.0110113 5.35986e-005 0.0110111 0.999939 2.28752 4.88384 0.869973</i>
                        <i>0.999989 0.0046045 -1.69407e-021 -0.00460445 0.999979 -0.00446349 -2.05521e-005 0.00446345 0.99999 2.2562 4.88893 0.909158</i>
                        <i>0.999997 -0.00236803 0 0.00236803 0.999997 0 0 0 1 2.27924 4.87489 0.939985</i>
                        <i>0.999986 0.00526227 -8.47033e-022 -0.00526227 0.999985 0.0015931 8.38332e-006 -0.00159308 0.999999 2.25405 4.89667 0.957007</i>
                        <i>0.999997 -0.00263115 4.23516e-022 0.00263114 0.999996 0.00141609 -3.72593e-006 -0.00141608 0.999999 2.28011 4.87681 0.960986</i>
                        <i>0.999996 0.00289426 -1.05879e-022 -0.00289426 0.999996 0.000531033 1.53695e-006 -0.000531031 1 2.26188 4.88806 0.958066</i>
                        <i>1 0 0 0 1 0 0 0 1 2.27143 4.87987 0.956314</i>
                        <i>1 0 0 0 1 0 0 0 1 2.27143 4.87987 0.956314</i>
                        <i>1 0 0 0 1 0 0 0 1 2.27143 4.87987 0.956314</i>
                        <i>1 0 0 0 1 0 0 0 1 2.27143 4.87987 0.956314</i>
                        <i>1 0 0 0 1 0 0 0 1 2.27143 4.87987 0.956314</i>
                        <i>1 0 0 0 1 0 0 0 1 2.27143 4.87987 0.956314</i>
                        <i>1 0 0 0 1 0 0 0 1 2.27143 4.87987 0.956314</i>
                        <i>1 0 0 0 1 0 0 0 1 2.27143 4.87987 0.956314</i>
                        <i>1 0 0 0 1 0 0 0 1 2.27143 4.87987 0.956314</i>
                        <i>1 0 0 0 1 0 0 0 1 2.27143 4.87987 0.956314</i>
                        <i>1 0 0 0 1 0 0 0 1 2.27143 4.87987 0.956314</i>
                        <i>1 0 0 0 1 0 0 0 1 2.27143 4.87987 0.956314</i>
                        <i>1 0 0 0 1 0 0 0 1 2.27143 4.87987 0.956314</i>
                        <i>1 0 0 0 1 0 0 0 1 2.27143 4.87987 0.956314</i>
                        <i>1 0 0 0 1 0 0 0 1 2.27143 4.87987 0.956314</i>
                        <i>1 0 0 0 1 0 0 0 1 2.27143 4.87987 0.956314</i>
