<?xml version="1.0" encoding="ISO-8859-1" ?>
<Animl Version="1">
    <ModellingPackage>
        <![CDATA[Maya.2008]]>
</ModellingPackage>
    <SrcFile>
        <![CDATA[characters\anims\british\~src\howitzers\lvl3\brithow3_fire_soldiers.mb]]>
</SrcFile>
    <FramesPerSecond>30</FramesPerSecond>
    <TotalFrames>61</TotalFrames>
    <Skeleton>
        <RefFrame>
            <Name>
                <![CDATA[brithow3_ref_frame]]>
</Name>
            <Exclude>1</Exclude>
            <Additive>0</Additive>
            <KeyFrames count="61">
                <i>1 0 0 0 1 0 0 0 1 0 1.5 0</i>
                <i>1 0 0 0 1 0 0 0 1 0 1.5 0</i>
                <i>1 0 0 0 1 0 0 0 1 0 1.5 0</i>
                <i>1 0 0 0 1 0 0 0 1 0 1.5 0</i>
                <i>1 0 0 0 1 0 0 0 1 0 1.5 0</i>
                <i>1 0 0 0 1 0 0 0 1 0 1.5 0</i>
                <i>1 0 0 0 1 0 0 0 1 0 1.5 0</i>
                <i>1 0 0 0 1 0 0 0 1 0 1.5 0</i>
                <i>1 0 0 0 1 0 0 0 1 0 1.5 0</i>
                <i>1 0 0 0 1 0 0 0 1 0 1.5 0</i>
                <i>1 0 0 0 1 0 0 0 1 0 1.5 0</i>
                <i>1 0 0 0 1 0 0 0 1 0 1.5 0</i>
                <i>1 0 0 0 1 0 0 0 1 0 1.5 0</i>
                <i>1 0 0 0 1 0 0 0 1 0 1.5 0</i>
                <i>1 0 0 0 1 0 0 0 1 0 1.5 0</i>
                <i>1 0 0 0 1 0 0 0 1 0 1.5 0</i>
                <i>1 0 0 0 1 0 0 0 1 0 1.5 0</i>
                <i>1 0 0 0 1 0 0 0 1 0 1.5 0</i>
                <i>1 0 0 0 1 0 0 0 1 0 1.5 0</i>
                <i>1 0 0 0 1 0 0 0 1 0 1.5 0</i>
                <i>1 0 0 0 1 0 0 0 1 0 1.5 0</i>
                <i>1 0 0 0 1 0 0 0 1 0 1.5 0</i>
                <i>1 0 0 0 1 0 0 0 1 0 1.5 0</i>
                <i>1 0 0 0 1 0 0 0 1 0 1.5 0</i>
                <i>1 0 0 0 1 0 0 0 1 0 1.5 0</i>
                <i>1 0 0 0 1 0 0 0 1 0 1.5 0</i>
                <i>1 0 0 0 1 0 0 0 1 0 1.5 0</i>
                <i>1 0 0 0 1 0 0 0 1 0 1.5 0</i>
                <i>1 0 0 0 1 0 0 0 1 0 1.5 0</i>
                <i>1 0 0 0 1 0 0 0 1 0 1.5 0</i>
                <i>1 0 0 0 1 0 0 0 1 0 1.5 0</i>
                <i>1 0 0 0 1 0 0 0 1 0 1.5 0</i>
                <i>1 0 0 0 1 0 0 0 1 0 1.5 0</i>
                <i>1 0 0 0 1 0 0 0 1 0 1.5 0</i>
                <i>1 0 0 0 1 0 0 0 1 0 1.5 0</i>
                <i>1 0 0 0 1 0 0 0 1 0 1.5 0</i>
                <i>1 0 0 0 1 0 0 0 1 0 1.5 0</i>
                <i>1 0 0 0 1 0 0 0 1 0 1.5 0</i>
                <i>1 0 0 0 1 0 0 0 1 0 1.5 0</i>
                <i>1 0 0 0 1 0 0 0 1 0 1.5 0</i>
                <i>1 0 0 0 1 0 0 0 1 0 1.5 0</i>
                <i>1 0 0 0 1 0 0 0 1 0 1.5 0</i>
                <i>1 0 0 0 1 0 0 0 1 0 1.5 0</i>
                <i>1 0 0 0 1 0 0 0 1 0 1.5 0</i>
                <i>1 0 0 0 1 0 0 0 1 0 1.5 0</i>
                <i>1 0 0 0 1 0 0 0 1 0 1.5 0</i>
                <i>1 0 0 0 1 0 0 0 1 0 1.5 0</i>
                <i>1 0 0 0 1 0 0 0 1 0 1.5 0</i>
                <i>1 0 0 0 1 0 0 0 1 0 1.5 0</i>
                <i>1 0 0 0 1 0 0 0 1 0 1.5 0</i>
                <i>1 0 0 0 1 0 0 0 1 0 1.5 0</i>
                <i>1 0 0 0 1 0 0 0 1 0 1.5 0</i>
                <i>1 0 0 0 1 0 0 0 1 0 1.5 0</i>
                <i>1 0 0 0 1 0 0 0 1 0 1.5 0</i>
                <i>1 0 0 0 1 0 0 0 1 0 1.5 0</i>
                <i>1 0 0 0 1 0 0 0 1 0 1.5 0</i>
                <i>1 0 0 0 1 0 0 0 1 0 1.5 0</i>
                <i>1 0 0 0 1 0 0 0 1 0 1.5 0</i>
                <i>1 0 0 0 1 0 0 0 1 0 1.5 0</i>
                <i>1 0 0 0 1 0 0 0 1 0 1.5 0</i>
                <i>1 0 0 0 1 0 0 0 1 0 1.5 0</i>
            </KeyFrames>
        </RefFrame>
        <Bones count="7">
            <i>
                <p>
                    <Name>
                        <![CDATA[brithow3_root]]>
</Name>
                    <Exclude>1</Exclude>
                    <Additive>0</Additive>
                    <KeyFrames count="61">
                        <i>1 0 0 0 1 0 0 0 1 0 1.5 0</i>
                        <i>1 0 0 0 1 0 0 0 1 0 1.5 0</i>
                        <i>1 0 0 0 1 0 0 0 1 0 1.5 -0.00900855</i>
                        <i>1 0 0 0 1 0 0 0 1 0 1.5172 -0.0308865</i>
                        <i>1 0 0 0 0.999873 -0.0159303 0 0.0159303 0.999873 0 1.53439 -0.0579121</i>
                        <i>0.99994 0.0109191 0 -0.0109155 0.999616 -0.0254868 -0.000278292 0.0254853 0.999675 0 1.47545 -0.0823639</i>
                        <i>0.99998 -0.00631472 0 0.006313 0.999709 -0.0232897 0.000147068 0.0232893 0.999729 0 1.49526 -0.0778015</i>
                        <i>0.99994 0.0109191 0 -0.0109173 0.999781 -0.0178757 -0.000195186 0.0178747 0.99984 0 1.51506 -0.0660352</i>
                        <i>0.999988 -0.00486761 -3.38813e-021 0.00486731 0.999928 -0.0110113 5.35986e-005 0.0110111 0.999939 0 1.50473 -0.0499466</i>
                        <i>0.999989 0.0046045 -1.69407e-021 -0.00460445 0.999979 -0.00446349 -2.05521e-005 0.00446345 0.99999 0 1.49439 -0.0324173</i>
                        <i>0.999997 -0.00236803 0 0.00236803 0.999997 0 0 0 1 0 1.5004 -0.0163287</i>
                        <i>0.999986 0.00526227 -8.47033e-022 -0.00526227 0.999985 0.0015931 8.38332e-006 -0.00159308 0.999999 0 1.50641 -0.00456243</i>
                        <i>0.999997 -0.00263115 4.23516e-022 0.00263114 0.999996 0.00141609 -3.72593e-006 -0.00141608 0.999999 0 1.50428 0</i>
                        <i>0.999996 0.00289426 -1.05879e-022 -0.00289426 0.999996 0.000531033 1.53695e-006 -0.000531031 1 0 1.50214 0</i>
                        <i>1 0 0 0 1 0 0 0 1 0 1.5 0</i>
                        <i>1 0 0 0 1 0 0 0 1 0 1.5 0</i>
                        <i>1 0 0 0 1 0 0 0 1 0 1.5 0</i>
                        <i>1 0 0 0 1 0 0 0 1 0 1.5 0</i>
                        <i>1 0 0 0 1 0 0 0 1 0 1.5 0</i>
                        <i>1 0 0 0 1 0 0 0 1 0 1.5 0</i>
                        <i>1 0 0 0 1 0 0 0 1 0 1.5 0</i>
                        <i>1 0 0 0 1 0 0 0 1 0 1.5 0</i>
                        <i>1 0 0 0 1 0 0 0 1 0 1.5 0</i>
                        <i>1 0 0 0 1 0 0 0 1 0 1.5 0</i>
                        <i>1 0 0 0 1 0 0 0 1 0 1.5 0</i>
                        <i>1 0 0 0 1 0 0 0 1 0 1.5 0</i>
                        <i>1 0 0 0 1 0 0 0 1 0 1.5 0</i>
                        <i>1 0 0 0 1 0 0 0 1 0 1.5 0</i>
                        <i>1 0 0 0 1 0 0 0 1 0 1.5 0</i>
                        <i>1 0 0 0 1 0 0 0 1 0 1.5 0</i>
                        <i>1 0 0 0 1 0 0 0 1 0 1.5 0</i>
                        <i>1 0 0 0 1 0 0 0 1 0 1.5 0</i>
                        <i>1 0 0 0 1 0 0 0 1 0 1.5 0</i>
                        <i>1 0 0 0 1 0 0 0 1 0 1.5 0</i>
                        <i>1 0 0 0 1 0 0 0 1 0 1.5 0</i>
                        <i>1 0 0 0 1 0 0 0 1 0 1.5 0</i>
                        <i>1 0 0 0 1 0 0 0 1 0 1.5 0</i>
                        <i>1 0 0 0 1 0 0 0 1 0 1.5 0</i>
                        <i>1 0 0 0 1 0 0 0 1 0 1.5 0</i>
                        <i>1 0 0 0 1 0 0 0 1 0 1.5 0</i>
                        <i>1 0 0 0 1 0 0 0 1 0 1.5 0</i>
                        <i>1 0 0 0 1 0 0 0 1 0 1.5 0</i>
                        <i>1 0 0 0 1 0 0 0 1 0 1.5 0</i>
                        <i>1 0 0 0 1 0 0 0 1 0 1.5 0</i>
                        <i>1 0 0 0 1 0 0 0 1 0 1.5 0</i>
                        <i>1 0 0 0 1 0 0 0 1 0 1.5 0</i>
                        <i>1 0 0 0 1 0 0 0 1 0 1.5 0</i>
                        <i>1 0 0 0 1 0 0 0 1 0 1.5 0</i>
                        <i>1 0 0 0 1 0 0 0 1 0 1.5 0</i>
                        <i>1 0 0 0 1 0 0 0 1 0 1.5 0</i>
                        <i>1 0 0 0 1 0 0 0 1 0 1.5 0</i>
                        <i>1 0 0 0 1 0 0 0 1 0 1.5 0</i>
                        <i>1 0 0 0 1 0 0 0 1 0 1.5 0</i>
                        <i>1 0 0 0 1 0 0 0 1 0 1.5 0</i>
                        <i>1 0 0 0 1 0 0 0 1 0 1.5 0</i>
                        <i>1 0 0 0 1 0 0 0 1 0 1.5 0</i>
                        <i>1 0 0 0 1 0 0 0 1 0 1.5 0</i>
                        <i>1 0 0 0 1 0 0 0 1 0 1.5 0</i>
                        <i>1 0 0 0 1 0 0 0 1 0 1.5 0</i>
                        <i>1 0 0 0 1 0 0 0 1 0 1.5 0</i>
                        <i>1 0 0 0 1 0 0 0 1 0 1.5 0</i>
                    </KeyFrames>
                </p>
            </i>
            <i>
                <p>
                    <Name>
                        <![CDATA[side_crank]]>
</Name>
                    <Exclude>1</Exclude>
                    <Additive>0</Additive>
                    <KeyFrames count="61">
                        <i>1 0 0 0 1 0 0 0 1 2.70705 4.20785 0.779445</i>
                        <i>1 0 0 0 1 0 0 0 1 2.70705 4.20785 0.779445</i>
                        <i>1 0 0 0 1 0 0 0 1 2.70705 4.20785 0.770436</i>
                        <i>1 0 0 0 1 0 0 0 1 2.70705 4.22505 0.748559</i>
                        <i>1 0 0 0 0.999873 -0.0159303 0 0.0159303 0.999873 2.70705 4.25432 0.678297</i>
                        <i>0.99994 0.0109191 0 -0.0109155 0.999616 -0.0254868 -0.000278292 0.0254853 0.999675 2.67712 4.23168 0.627813</i>
                        <i>0.99998 -0.00631472 0 0.006313 0.999709 -0.0232897 0.000147068 0.0232893 0.999729 2.72421 4.20338 0.638367</i>
                        <i>0.99994 0.0109191 0 -0.0109173 0.999781 -0.0178757 -0.000195186 0.0178747 0.99984 2.67718 4.26581 0.66488</i>
                        <i>0.999988 -0.00486761 -3.38813e-021 0.00486731 0.999928 -0.0110113 5.35986e-005 0.0110111 0.999939 2.72024 4.20779 0.699634</i>
                        <i>0.999989 0.0046045 -1.69407e-021 -0.00460445 0.999979 -0.00446349 -2.05521e-005 0.00446345 0.99999 2.69454 4.21814 0.734933</i>
                        <i>0.999997 -0.00236803 0 0.00236803 0.999997 0 0 0 1 2.71346 4.20184 0.763116</i>
                        <i>0.999986 0.00526227 -8.47033e-022 -0.00526227 0.999985 0.0015931 8.38332e-006 -0.00159308 0.999999 2.69277 4.22723 0.779195</i>
                        <i>0.999997 -0.00263115 4.23516e-022 0.00263114 0.999996 0.00141609 -3.72593e-006 -0.00141608 0.999999 2.71416 4.20389 0.783279</i>
                        <i>0.999996 0.00289426 -1.05879e-022 -0.00289426 0.999996 0.000531033 1.53695e-006 -0.000531031 1 2.69921 4.2174 0.780883</i>
                        <i>1 0 0 0 1 0 0 0 1 2.70705 4.20785 0.779445</i>
                        <i>1 0 0 0 1 0 0 0 1 2.70705 4.20785 0.779445</i>
                        <i>1 0 0 0 1 0 0 0 1 2.70705 4.20785 0.779445</i>
                        <i>1 0 0 0 1 0 0 0 1 2.70705 4.20785 0.779445</i>
                        <i>1 0 0 0 1 0 0 0 1 2.70705 4.20785 0.779445</i>
                        <i>1 0 0 0 1 0 0 0 1 2.70705 4.20785 0.779445</i>
                        <i>1 0 0 0 1 0 0 0 1 2.70705 4.20785 0.779445</i>
                        <i>1 0 0 0 1 0 0 0 1 2.70705 4.20785 0.779445</i>
                        <i>1 0 0 0 1 0 0 0 1 2.70705 4.20785 0.779445</i>
                        <i>1 0 0 0 1 0 0 0 1 2.70705 4.20785 0.779445</i>
                        <i>1 0 0 0 1 0 0 0 1 2.70705 4.20785 0.779445</i>
                        <i>1 0 0 0 1 0 0 0 1 2.70705 4.20785 0.779445</i>
                        <i>1 0 0 0 1 0 0 0 1 2.70705 4.20785 0.779445</i>
                        <i>1 0 0 0 1 0 0 0 1 2.70705 4.20785 0.779445</i>
                        <i>1 0 0 0 1 0 0 0 1 2.70705 4.20785 0.779445</i>
                        <i>1 0 0 0 1 0 0 0 1 2.70705 4.20785 0.779445</i>
                        <i>1 0 0 0 1 0 0 0 1 2.70705 4.20785 0.779445</i>
                        <i>1 0 0 0 1 0 0 0 1 2.70705 4.20785 0.779445</i>
                        <i>1 0 0 0 1 0 0 0 1 2.70705 4.20785 0.779445</i>
                        <i>1 0 0 0 1 0 0 0 1 2.70705 4.20785 0.779445</i>
                        <i>1 0 0 0 1 0 0 0 1 2.70705 4.20785 0.779445</i>
                        <i>1 0 0 0 1 0 0 0 1 2.70705 4.20785 0.779445</i>
                        <i>1 0 0 0 1 0 0 0 1 2.70705 4.20785 0.779445</i>
                        <i>1 0 0 0 1 0 0 0 1 2.70705 4.20785 0.779445</i>
                        <i>1 0 0 0 1 0 0 0 1 2.70705 4.20785 0.779445</i>
                        <i>1 0 0 0 1 0 0 0 1 2.70705 4.20785 0.779445</i>
                        <i>1 0 0 0 1 0 0 0 1 2.70705 4.20785 0.779445</i>
                        <i>1 0 0 0 1 0 0 0 1 2.70705 4.20785 0.779445</i>
                        <i>1 0 0 0 1 0 0 0 1 2.70705 4.20785 0.779445</i>
                        <i>1 0 0 0 1 0 0 0 1 2.70705 4.20785 0.779445</i>
                        <i>1 0 0 0 1 0 0 0 1 2.70705 4.20785 0.779445</i>
                        <i>1 0 0 0 1 0 0 0 1 2.70705 4.20785 0.779445</i>
                        <i>1 0 0 0 1 0 0 0 1 2.70705 4.20785 0.779445</i>
                        <i>1 0 0 0 1 0 0 0 1 2.70705 4.20785 0.779445</i>
                        <i>1 0 0 0 1 0 0 0 1 2.70705 4.20785 0.779445</i>
                        <i>1 0 0 0 1 0 0 0 1 2.70705 4.20785 0.779445</i>
                        <i>1 0 0 0 1 0 0 0 1 2.70705 4.20785 0.779445</i>
                        <i>1 0 0 0 1 0 0 0 1 2.70705 4.20785 0.779445</i>
                        <i>1 0 0 0 1 0 0 0 1 2.70705 4.20785 0.779445</i>
                        <i>1 0 0 0 1 0 0 0 1 2.70705 4.20785 0.779445</i>
                        <i>1 0 0 0 1 0 0 0 1 2.70705 4.20785 0.779445</i>
                        <i>1 0 0 0 1 0 0 0 1 2.70705 4.20785 0.779445</i>
                        <i>1 0 0 0 1 0 0 0 1 2.70705 4.20785 0.779445</i>
                        <i>1 0 0 0 1 0 0 0 1 2.70705 4.20785 0.779445</i>
                        <i>1 0 0 0 1 0 0 0 1 2.70705 4.20785 0.779445</i>
                        <i>1 0 0 0 1 0 0 0 1 2.70705 4.20785 0.779445</i>
                        <i>1 0 0 0 1 0 0 0 1 2.70705 4.20785 0.779445</i>
                    </KeyFrames>
                </p>
            </i>
            <i>
                <p>
                    <Name>
                        <![CDATA[angle_pivot]]>
</Name>
                    <Exclude>1</Exclude>
                    <Additive>0</Additive>
                    <KeyFrames count="61">
                        <i>1 0 0 0 0.999914 0.0131222 0 -0.0131222 0.999914 0 6 1.5</i>
                        <i>1 0 0 0 0.999914 0.0131222 0 -0.0131222 0.999914 0 6 1.5</i>
                        <i>1 0 0 0 0.999914 0.0131222 0 -0.0131222 0.999914 0 6 1.49099</i>
                        <i>1 0 0 0 0.999914 0.0131222 0 -0.0131222 0.999914 0 6.0292 1.48089</i>
                        <i>1 0 0 0 0.999996 -0.00280843 0 0.00280843 0.999996 0 6.08173 1.36996</i>
                        <i>0.99994 0.0109191 0 -0.0109182 0.999864 -0.0123667 -0.000135033 0.012366 0.999923 -0.0493314 5.9931 1.29141</i>
                        <i>0.99998 -0.00631472 0 0.00631439 0.999928 -0.0101691 6.42149e-005 0.0101689 0.999948 0.0287486 6.0478 1.32973</i>
                        <i>0.99994 0.0109191 0 -0.0109189 0.999929 -0.00475412 -5.19104e-005 0.00475383 0.999989 -0.0494374 6.04242 1.35674</i>
                        <i>0.999988 -0.00486761 -3.38813e-021 0.0048676 0.999986 0.00211106 -1.02758e-005 -0.00211103 0.999998 0.0219066 6.00516 1.39437</i>
                        <i>0.999989 0.0046045 -1.69407e-021 -0.00460432 0.999952 0.00865895 3.98701e-005 -0.00865885 0.999963 -0.0208341 6.01908 1.45934</i>
                        <i>0.999997 -0.00236803 0 0.00236783 0.999911 0.0131222 -3.10738e-005 -0.0131221 0.999914 0.010619 5.9847 1.47746</i>
                        <i>0.999986 0.00526227 -8.47033e-022 -0.0052617 0.999878 0.0147151 7.74351e-005 -0.0147149 0.999892 -0.0236754 6.00542 1.50141</i>
                        <i>0.999997 -0.00263115 4.23516e-022 0.00263087 0.999891 0.0145381 -3.8252e-005 -0.0145381 0.999894 0.0118835 6.02075 1.51022</i>
                        <i>0.999996 0.00289426 -1.05879e-022 -0.00289399 0.999903 0.0136532 3.95158e-005 -0.0136531 0.999907 -0.0129923 5.9911 1.49346</i>
                        <i>1 0 0 0 0.999914 0.0131222 0 -0.0131222 0.999914 0 6 1.5</i>
                        <i>1 0 0 0 0.999914 0.0131222 0 -0.0131222 0.999914 0 6 1.5</i>
                        <i>1 0 0 0 0.999914 0.0131222 0 -0.0131222 0.999914 0 6 1.5</i>
                        <i>1 0 0 0 0.999914 0.0131222 0 -0.0131222 0.999914 0 6 1.5</i>
                        <i>1 0 0 0 0.999914 0.0131222 0 -0.0131222 0.999914 0 6 1.5</i>
                        <i>1 0 0 0 0.999914 0.0131222 0 -0.0131222 0.999914 0 6 1.5</i>
                        <i>1 0 0 0 0.999914 0.0131222 0 -0.0131222 0.999914 0 6 1.5</i>
                        <i>1 0 0 0 0.999914 0.0131222 0 -0.0131222 0.999914 0 6 1.5</i>
                        <i>1 0 0 0 0.999914 0.0131222 0 -0.0131222 0.999914 0 6 1.5</i>
                        <i>1 0 0 0 0.999914 0.0131222 0 -0.0131222 0.999914 0 6 1.5</i>
                        <i>1 0 0 0 0.999914 0.0131222 0 -0.0131222 0.999914 0 6 1.5</i>
                        <i>1 0 0 0 0.999914 0.0131222 0 -0.0131222 0.999914 0 6 1.5</i>
                        <i>1 0 0 0 0.999914 0.0131222 0 -0.0131222 0.999914 0 6 1.5</i>
                        <i>1 0 0 0 0.999914 0.0131222 0 -0.0131222 0.999914 0 6 1.5</i>
                        <i>1 0 0 0 0.999914 0.0131222 0 -0.0131222 0.999914 0 6 1.5</i>
                        <i>1 0 0 0 0.999914 0.0131222 0 -0.0131222 0.999914 0 6 1.5</i>
                        <i>1 0 0 0 0.999914 0.0131222 0 -0.0131222 0.999914 0 6 1.5</i>
                        <i>1 0 0 0 0.999914 0.0131222 0 -0.0131222 0.999914 0 6 1.5</i>
                        <i>1 0 0 0 0.999914 0.0131222 0 -0.0131222 0.999914 0 6 1.5</i>
                        <i>1 0 0 0 0.999914 0.0131222 0 -0.0131222 0.999914 0 6 1.5</i>
                        <i>1 0 0 0 0.999914 0.0131222 0 -0.0131222 0.999914 0 6 1.5</i>
                        <i>1 0 0 0 0.999914 0.0131222 0 -0.0131222 0.999914 0 6 1.5</i>
                        <i>1 0 0 0 0.999914 0.0131222 0 -0.0131222 0.999914 0 6 1.5</i>
                        <i>1 0 0 0 0.999914 0.0131222 0 -0.0131222 0.999914 0 6 1.5</i>
                        <i>1 0 0 0 0.999914 0.0131222 0 -0.0131222 0.999914 0 6 1.5</i>
                        <i>1 0 0 0 0.999914 0.0131222 0 -0.0131222 0.999914 0 6 1.5</i>
                        <i>1 0 0 0 0.999914 0.0131222 0 -0.0131222 0.999914 0 6 1.5</i>
                        <i>1 0 0 0 0.999914 0.0131222 0 -0.0131222 0.999914 0 6 1.5</i>
                        <i>1 0 0 0 0.999914 0.0131222 0 -0.0131222 0.999914 0 6 1.5</i>
                        <i>1 0 0 0 0.999914 0.0131222 0 -0.0131222 0.999914 0 6 1.5</i>
                        <i>1 0 0 0 0.999914 0.0131222 0 -0.0131222 0.999914 0 6 1.5</i>
                        <i>1 0 0 0 0.999914 0.0131222 0 -0.0131222 0.999914 0 6 1.5</i>
                        <i>1 0 0 0 0.999914 0.0131222 0 -0.0131222 0.999914 0 6 1.5</i>
                        <i>1 0 0 0 0.999914 0.0131222 0 -0.0131222 0.999914 0 6 1.5</i>
                        <i>1 0 0 0 0.999914 0.0131222 0 -0.0131222 0.999914 0 6 1.5</i>
                        <i>1 0 0 0 0.999914 0.0131222 0 -0.0131222 0.999914 0 6 1.5</i>
                        <i>1 0 0 0 0.999914 0.0131222 0 -0.0131222 0.999914 0 6 1.5</i>
                        <i>1 0 0 0 0.999914 0.0131222 0 -0.0131222 0.999914 0 6 1.5</i>
                        <i>1 0 0 0 0.999914 0.0131222 0 -0.0131222 0.999914 0 6 1.5</i>
                        <i>1 0 0 0 0.999914 0.0131222 0 -0.0131222 0.999914 0 6 1.5</i>
                        <i>1 0 0 0 0.999914 0.0131222 0 -0.0131222 0.999914 0 6 1.5</i>
                        <i>1 0 0 0 0.999914 0.0131222 0 -0.0131222 0.999914 0 6 1.5</i>
                        <i>1 0 0 0 0.999914 0.0131222 0 -0.0131222 0.999914 0 6 1.5</i>
                        <i>1 0 0 0 0.999914 0.0131222 0 -0.0131222 0.999914 0 6 1.5</i>
                        <i>1 0 0 0 0.999914 0.0131222 0 -0.0131222 0.999914 0 6 1.5</i>
                        <i>1 0 0 0 0.999914 0.0131222 0 -0.0131222 0.999914 0 6 1.5</i>
                        <i>1 0 0 0 0.999914 0.0131222 0 -0.0131222 0.999914 0 6 1.5</i>
                    </KeyFrames>
                </p>
            </i>
            <i>
                <p>
                    <Name>
                        <![CDATA[barrel]]>
</Name>
                    <Exclude>1</Exclude>
                    <Additive>0</Additive>
                    <KeyFrames count="61">
                        <i>1 0 0 0 0.999914 0.0131222 0 -0.0131222 0.999914 -4.76414e-008 5.98254 2.83022</i>
                        <i>1 0 0 0 0.999914 0.0131222 0 -0.0131222 0.999914 -4.76414e-008 5.99299 2.03384</i>
                        <i>1 0 0 0 0.999914 0.0131222 0 -0.0131222 0.999914 -4.76414e-008 6.00659 0.988505</i>
                        <i>1 0 0 0 0.999914 0.0131222 0 -0.0131222 0.999914 -4.76414e-008 6.03494 1.04386</i>
                        <i>1 0 0 0 0.999996 -0.00280843 0 0.00280843 0.999996 -4.76414e-008 6.08069 0.99835</i>
                        <i>0.99994 0.0109191 0 -0.0109182 0.999864 -0.0123667 -0.000135033 0.012366 0.999923 -0.0492901 5.98931 0.985288</i>
                        <i>0.99998 -0.00631472 0 0.00631439 0.999928 -0.0101691 6.42149e-005 0.0101689 0.999948 0.0287331 6.04536 1.08906</i>
                        <i>0.99994 0.0109191 0 -0.0109189 0.999929 -0.00475412 -5.19104e-005 0.00475383 0.999989 -0.0494283 6.04158 1.18151</i>
                        <i>0.999988 -0.00486761 -3.38813e-021 0.0048676 0.999986 0.00211106 -1.02758e-005 -0.00211103 0.999998 0.0219077 6.00539 1.2846</i>
                        <i>0.999989 0.0046045 -1.69407e-021 -0.00460432 0.999952 0.00865895 3.98701e-005 -0.00865885 0.999963 -0.0208359 6.01946 1.41503</i>
                        <i>0.999997 -0.00236803 0 0.00236783 0.999911 0.0131222 -3.10738e-005 -0.0131221 0.999914 0.0106183 5.98442 1.4986</i>
                        <i>0.999986 0.00526227 -8.47033e-022 -0.0052617 0.999878 0.0147151 7.74351e-005 -0.0147149 0.999892 -0.0236687 6.00415 1.58801</i>
                        <i>0.999997 -0.00263115 4.23516e-022 0.00263087 0.999891 0.0145381 -3.8252e-005 -0.0145381 0.999894 0.0118777 6.01854 1.66227</i>
                        <i>0.999996 0.00289426 -1.05879e-022 -0.00289399 0.999903 0.0136532 3.95158e-005 -0.0136531 0.999907 -0.0129837 5.98813 1.71096</i>
                        <i>1 0 0 0 0.999914 0.0131222 0 -0.0131222 0.999914 -4.76414e-008 5.99629 1.78296</i>
                        <i>1 0 0 0 0.999914 0.0131222 0 -0.0131222 0.999914 -4.76414e-008 5.99543 1.84841</i>
                        <i>1 0 0 0 0.999914 0.0131222 0 -0.0131222 0.999914 -4.76414e-008 5.99457 1.91387</i>
                        <i>1 0 0 0 0.999914 0.0131222 0 -0.0131222 0.999914 -4.76414e-008 5.99371 1.97932</i>
                        <i>1 0 0 0 0.999914 0.0131222 0 -0.0131222 0.999914 -4.76414e-008 5.99285 2.04477</i>
                        <i>1 0 0 0 0.999914 0.0131222 0 -0.0131222 0.999914 -4.76414e-008 5.99199 2.11023</i>
                        <i>1 0 0 0 0.999914 0.0131222 0 -0.0131222 0.999914 -4.76414e-008 5.99113 2.17568</i>
                        <i>1 0 0 0 0.999914 0.0131222 0 -0.0131222 0.999914 -4.76414e-008 5.99027 2.24113</i>
                        <i>1 0 0 0 0.999914 0.0131222 0 -0.0131222 0.999914 -4.76414e-008 5.98941 2.30659</i>
                        <i>1 0 0 0 0.999914 0.0131222 0 -0.0131222 0.999914 -4.76414e-008 5.98855 2.37204</i>
                        <i>1 0 0 0 0.999914 0.0131222 0 -0.0131222 0.999914 -4.76414e-008 5.9877 2.4375</i>
                        <i>1 0 0 0 0.999914 0.0131222 0 -0.0131222 0.999914 -4.76414e-008 5.98684 2.50295</i>
                        <i>1 0 0 0 0.999914 0.0131222 0 -0.0131222 0.999914 -4.76414e-008 5.98598 2.5684</i>
                        <i>1 0 0 0 0.999914 0.0131222 0 -0.0131222 0.999914 -4.76414e-008 5.98512 2.63386</i>
                        <i>1 0 0 0 0.999914 0.0131222 0 -0.0131222 0.999914 -4.76414e-008 5.98426 2.69931</i>
                        <i>1 0 0 0 0.999914 0.0131222 0 -0.0131222 0.999914 -4.76414e-008 5.9834 2.76476</i>
                        <i>1 0 0 0 0.999914 0.0131222 0 -0.0131222 0.999914 -4.76414e-008 5.98254 2.83022</i>
                        <i>1 0 0 0 0.999914 0.0131222 0 -0.0131222 0.999914 -4.76414e-008 5.98254 2.83022</i>
                        <i>1 0 0 0 0.999914 0.0131222 0 -0.0131222 0.999914 -4.76414e-008 5.98254 2.83022</i>
                        <i>1 0 0 0 0.999914 0.0131222 0 -0.0131222 0.999914 -4.76414e-008 5.98254 2.83022</i>
                        <i>1 0 0 0 0.999914 0.0131222 0 -0.0131222 0.999914 -4.76414e-008 5.98254 2.83022</i>
                        <i>1 0 0 0 0.999914 0.0131222 0 -0.0131222 0.999914 -4.76414e-008 5.98254 2.83022</i>
                        <i>1 0 0 0 0.999914 0.0131222 0 -0.0131222 0.999914 -4.76414e-008 5.98254 2.83022</i>
                        <i>1 0 0 0 0.999914 0.0131222 0 -0.0131222 0.999914 -4.76414e-008 5.98254 2.83022</i>
                        <i>1 0 0 0 0.999914 0.0131222 0 -0.0131222 0.999914 -4.76414e-008 5.98254 2.83022</i>
                        <i>1 0 0 0 0.999914 0.0131222 0 -0.0131222 0.999914 -4.76414e-008 5.98254 2.83022</i>
                        <i>1 0 0 0 0.999914 0.0131222 0 -0.0131222 0.999914 -4.76414e-008 5.98254 2.83022</i>
                        <i>1 0 0 0 0.999914 0.0131222 0 -0.0131222 0.999914 -4.76414e-008 5.98254 2.83022</i>
                        <i>1 0 0 0 0.999914 0.0131222 0 -0.0131222 0.999914 -4.76414e-008 5.98254 2.83022</i>
                        <i>1 0 0 0 0.999914 0.0131222 0 -0.0131222 0.999914 -4.76414e-008 5.98254 2.83022</i>
                        <i>1 0 0 0 0.999914 0.0131222 0 -0.0131222 0.999914 -4.76414e-008 5.98254 2.83022</i>
                        <i>1 0 0 0 0.999914 0.0131222 0 -0.0131222 0.999914 -4.76414e-008 5.98254 2.83022</i>
                        <i>1 0 0 0 0.999914 0.0131222 0 -0.0131222 0.999914 -4.76414e-008 5.98254 2.83022</i>
                        <i>1 0 0 0 0.999914 0.0131222 0 -0.0131222 0.999914 -4.76414e-008 5.98254 2.83022</i>
                        <i>1 0 0 0 0.999914 0.0131222 0 -0.0131222 0.999914 -4.76414e-008 5.98254 2.83022</i>
                        <i>1 0 0 0 0.999914 0.0131222 0 -0.0131222 0.999914 -4.76414e-008 5.98254 2.83022</i>
                        <i>1 0 0 0 0.999914 0.0131222 0 -0.0131222 0.999914 -4.76414e-008 5.98254 2.83022</i>
                        <i>1 0 0 0 0.999914 0.0131222 0 -0.0131222 0.999914 -4.76414e-008 5.98254 2.83022</i>
                        <i>1 0 0 0 0.999914 0.0131222 0 -0.0131222 0.999914 -4.76414e-008 5.98254 2.83022</i>
                        <i>1 0 0 0 0.999914 0.0131222 0 -0.0131222 0.999914 -4.76414e-008 5.98254 2.83022</i>
                        <i>1 0 0 0 0.999914 0.0131222 0 -0.0131222 0.999914 -4.76414e-008 5.98254 2.83022</i>
                        <i>1 0 0 0 0.999914 0.0131222 0 -0.0131222 0.999914 -4.76414e-008 5.98254 2.83022</i>
                        <i>1 0 0 0 0.999914 0.0131222 0 -0.0131222 0.999914 -4.76414e-008 5.98254 2.83022</i>
                        <i>1 0 0 0 0.999914 0.0131222 0 -0.0131222 0.999914 -4.76414e-008 5.98254 2.83022</i>
                        <i>1 0 0 0 0.999914 0.0131222 0 -0.0131222 0.999914 -4.76414e-008 5.98254 2.83022</i>
                        <i>1 0 0 0 0.999914 0.0131222 0 -0.0131222 0.999914 -4.76414e-008 5.98254 2.83022</i>
                        <i>1 0 0 0 0.999914 0.0131222 0 -0.0131222 0.999914 -4.76414e-008 5.98254 2.83022</i>
                    </KeyFrames>
                </p>
            </i>
            <i>
                <p>
                    <Name>
                        <![CDATA[hatch]]>
</Name>
                    <Exclude>0</Exclude>
                    <Additive>0</Additive>
                    <KeyFrames count="61">
                        <i>1 0 0 0 0.999914 0.0131222 0 -0.0131222 0.999914 -0.97209 6.03154 -2.07748</i>
                        <i>0.983025 0.00240753 -0.183455 0 0.999914 0.0131222 0.183471 -0.0128994 0.982941 -0.97209 6.04199 -2.87385</i>
                        <i>0.928412 0.00487558 -0.371521 0 0.999914 0.0131222 0.371553 -0.0121828 0.928332 -0.97209 6.05559 -3.91919</i>
                        <i>0.834538 0.00722968 -0.550903 0 0.999914 0.0131222 0.550951 -0.010951 0.834466 -0.97209 6.08394 -3.86383</i>
                        <i>0.705272 -0.001991 -0.708934 0 0.999996 -0.00280843 0.708937 0.00198071 0.70527 -0.97209 6.0515 -3.9095</i>
                        <i>0.549483 -0.00433353 -0.835494 -0.0109182 0.999864 -0.0123667 0.835434 0.0159174 0.549361 -1.02049 5.9026 -3.92206</i>
                        <i>0.379023 -0.0118037 -0.925312 0.00631439 0.999928 -0.0101691 0.925366 -0.00198847 0.37907 -0.94375 5.98619 -3.81845</i>
                        <i>0.207803 -0.0023815 -0.978168 -0.0109189 0.999929 -0.00475412 0.97811 0.0116685 0.207762 -1.02104 5.99224 -3.72627</i>
                        <i>0.0480636 0.00187469 -0.998842 0.0048676 0.999986 0.00211106 0.998832 -0.00496343 0.0480538 -0.950195 6.00508 -3.62334</i>
                        <i>-0.0897636 0.00821079 -0.995929 -0.00460432 0.999952 0.00865895 0.995952 0.00536284 -0.0897215 -0.99304 6.04208 -3.49284</i>
                        <i>-0.198121 0.0133312 -0.980087 0.00236783 0.999911 0.0131222 0.980175 0.000279106 -0.198135 -0.961353 6.03573 -3.40909</i>
                        <i>-0.256545 0.0128731 -0.966447 -0.0052617 0.999878 0.0147151 0.966518 0.00886025 -0.256446 -0.996044 6.05585 -3.3196</i>
                        <i>-0.259678 0.0147226 -0.965583 0.00263087 0.999891 0.0145381 0.965692 0.00123491 -0.259689 -0.960062 6.07705 -3.24535</i>
                        <i>-0.224582 0.0126546 -0.974373 -0.00289399 0.999903 0.0136532 0.974451 0.00588608 -0.224524 -0.985219 6.03693 -3.1967</i>
                        <i>-0.166767 0.0129384 -0.985911 0 0.999914 0.0131222 0.985996 0.00218835 -0.166753 -0.97209 6.04529 -3.12473</i>
                        <i>-0.102705 0.0130528 -0.994626 0 0.999914 0.0131222 0.994712 0.00134772 -0.102697 -0.97209 6.04443 -3.05928</i>
                        <i>-0.0494013 0.0131062 -0.998693 0 0.999914 0.0131222 0.998779 0.000648253 -0.0493971 -0.97209 6.04357 -2.99383</i>
                        <i>-0.0240868 0.0131184 -0.999624 0 0.999914 0.0131222 0.99971 0.000316071 -0.0240847 -0.97209 6.04271 -2.92837</i>
                        <i>-0.0282926 0.0131169 -0.999514 0 0.999914 0.0131222 0.9996 0.000371261 -0.0282902 -0.97209 6.04185 -2.86292</i>
                        <i>-0.0473026 0.0131075 -0.998795 0 0.999914 0.0131222 0.998881 0.000620713 -0.0472985 -0.97209 6.04099 -2.79747</i>
                        <i>-0.0738345 0.0130864 -0.997185 0 0.999914 0.0131222 0.997271 0.00096887 -0.0738281 -0.97209 6.04013 -2.73201</i>
                        <i>-0.100612 0.0130556 -0.99484 0 0.999914 0.0131222 0.994926 0.00132025 -0.100603 -0.97209 6.03927 -2.66656</i>
                        <i>-0.12041 0.0130267 -0.992639 0 0.999914 0.0131222 0.992724 0.00158004 -0.1204 -0.97209 6.03842 -2.60111</i>
                        <i>-0.126068 0.0130175 -0.991936 0 0.999914 0.0131222 0.992022 0.00165429 -0.126058 -0.97209 6.03756 -2.53565</i>
                        <i>-0.114646 0.0130357 -0.993321 0 0.999914 0.0131222 0.993406 0.00150441 -0.114636 -0.97209 6.0367 -2.4702</i>
                        <i>-0.0912667 0.0130674 -0.995741 0 0.999914 0.0131222 0.995826 0.00119762 -0.0912588 -0.97209 6.03584 -2.40474</i>
                        <i>-0.0608914 0.0130978 -0.998058 0 0.999914 0.0131222 0.998144 0.000799029 -0.0608862 -0.97209 6.03498 -2.33929</i>
                        <i>-0.0285396 0.0131168 -0.999507 0 0.999914 0.0131222 0.999593 0.000374502 -0.0285371 -0.97209 6.03412 -2.27384</i>
                        <i>0.000724104 0.0131222 -0.999914 0 0.999914 0.0131222 1 -9.50183e-006 0.000724042 -0.97209 6.03326 -2.20838</i>
                        <i>0.0218329 0.0131191 -0.999676 0 0.999914 0.0131222 0.999762 -0.000286496 0.021831 -0.97209 6.0324 -2.14293</i>
                        <i>0.0369657 0.0131132 -0.99923 0 0.999914 0.0131222 0.999317 -0.000485071 0.0369625 -0.97209 6.03154 -2.07748</i>
                        <i>0.0515647 0.0131047 -0.998584 0 0.999914 0.0131222 0.99867 -0.000676641 0.0515603 -0.97209 6.03154 -2.07748</i>
                        <i>0.0654774 0.013094 -0.997768 0 0.999914 0.0131222 0.997854 -0.000859206 0.0654717 -0.97209 6.03154 -2.07748</i>
                        <i>0.0785526 0.0130816 -0.996824 0 0.999914 0.0131222 0.99691 -0.00103078 0.0785459 -0.97209 6.03154 -2.07748</i>
                        <i>0.0906406 0.0130682 -0.995798 0 0.999914 0.0131222 0.995884 -0.0011894 0.0906328 -0.97209 6.03154 -2.07748</i>
                        <i>0.101593 0.0130543 -0.99474 0 0.999914 0.0131222 0.994826 -0.00133312 0.101584 -0.97209 6.03154 -2.07748</i>
                        <i>0.111261 0.0130407 -0.993706 0 0.999914 0.0131222 0.993791 -0.00145999 0.111252 -0.97209 6.03154 -2.07748</i>
                        <i>0.1195 0.0130282 -0.992749 0 0.999914 0.0131222 0.992834 -0.0015681 0.11949 -0.97209 6.03154 -2.07748</i>
                        <i>0.126163 0.0130173 -0.991924 0 0.999914 0.0131222 0.99201 -0.00165554 0.126152 -0.97209 6.03154 -2.07748</i>
                        <i>0.131105 0.0130089 -0.991283 0 0.999914 0.0131222 0.991368 -0.00172038 0.131094 -0.97209 6.03154 -2.07748</i>
                        <i>0.134179 0.0130035 -0.990872 0 0.999914 0.0131222 0.990957 -0.00176072 0.134168 -0.97209 6.03154 -2.07748</i>
                        <i>0.135838 0.0130006 -0.990646 0 0.999914 0.0131222 0.990731 -0.00178249 0.135826 -0.97209 6.03154 -2.07748</i>
                        <i>0.136676 0.012999 -0.99053 0 0.999914 0.0131222 0.990616 -0.00179349 0.136665 -0.97209 6.03154 -2.07748</i>
                        <i>0.136761 0.0129989 -0.990519 0 0.999914 0.0131222 0.990604 -0.0017946 0.136749 -0.97209 6.03154 -2.07748</i>
                        <i>0.136157 0.013 -0.990602 0 0.999914 0.0131222 0.990687 -0.00178668 0.136146 -0.97209 6.03154 -2.07748</i>
                        <i>0.134933 0.0130022 -0.990769 0 0.999914 0.0131222 0.990855 -0.00177062 0.134922 -0.97209 6.03154 -2.07748</i>
                        <i>0.133154 0.0130053 -0.99101 0 0.999914 0.0131222 0.991095 -0.00174727 0.133143 -0.97209 6.03154 -2.07748</i>
                        <i>0.130887 0.0130093 -0.991312 0 0.999914 0.0131222 0.991397 -0.00171752 0.130875 -0.97209 6.03154 -2.07748</i>
                        <i>0.128197 0.0130139 -0.991663 0 0.999914 0.0131222 0.991749 -0.00168222 0.128186 -0.97209 6.03154 -2.07748</i>
                        <i>0.12515 0.013019 -0.992052 0 0.999914 0.0131222 0.992138 -0.00164225 0.12514 -0.97209 6.03154 -2.07748</i>
                        <i>0.121814 0.0130245 -0.992467 0 0.999914 0.0131222 0.992553 -0.00159847 0.121804 -0.97209 6.03154 -2.07748</i>
                        <i>0.118254 0.0130301 -0.992898 0 0.999914 0.0131222 0.992983 -0.00155175 0.118244 -0.97209 6.03154 -2.07748</i>
                        <i>0.114537 0.0130358 -0.993333 0 0.999914 0.0131222 0.993419 -0.00150298 0.114527 -0.97209 6.03154 -2.07748</i>
                        <i>0.11073 0.0130415 -0.993765 0 0.999914 0.0131222 0.993851 -0.00145301 0.11072 -0.97209 6.03154 -2.07748</i>
                        <i>0.106898 0.013047 -0.994184 0 0.999914 0.0131222 0.99427 -0.00140274 0.106889 -0.97209 6.03154 -2.07748</i>
                        <i>0.103109 0.0130522 -0.994584 0 0.999914 0.0131222 0.99467 -0.00135302 0.103101 -0.97209 6.03154 -2.07748</i>
                        <i>0.0994307 0.0130572 -0.994959 0 0.999914 0.0131222 0.995044 -0.00130475 0.0994221 -0.97209 6.03154 -2.07748</i>
                        <i>0.0959288 0.0130617 -0.995302 0 0.999914 0.0131222 0.995388 -0.0012588 0.0959206 -0.97209 6.03154 -2.07748</i>
                        <i>0.092671 0.0130657 -0.995611 0 0.999914 0.0131222 0.995697 -0.00121605 0.092663 -0.97209 6.03154 -2.07748</i>
                        <i>0.0897242 0.0130693 -0.995881 0 0.999914 0.0131222 0.995967 -0.00117738 0.0897165 -0.97209 6.03154 -2.07748</i>
                        <i>0.0871557 0.0130723 -0.996109 0 0.999914 0.0131222 0.996195 -0.00114367 0.0871482 -0.97209 6.03154 -2.07748</i>
                    </KeyFrames>
                </p>
            </i>
            <i>
                <p>
                    <Name>
                        <![CDATA[crane_lever]]>
</Name>
                    <Exclude>1</Exclude>
                    <Additive>0</Additive>
                    <KeyFrames count="61">
                        <i>1 0 0 0 -0.0393774 0.999224 0 -0.999224 -0.0393774 1.23229 3.53534 -3.54802</i>
                        <i>1 0 0 0 0.120219 0.992747 0 -0.992747 0.120219 1.23229 3.53534 -3.54802</i>
                        <i>1 0 0 0 0.276749 0.960942 0 -0.960942 0.276749 1.23229 3.53534 -3.55703</i>
                        <i>1 0 0 0 0.426218 0.90462 0 -0.90462 0.426218 1.23229 3.55254 -3.57891</i>
                        <i>1 0 0 0 0.577887 0.816117 0 -0.816117 0.577887 1.23229 3.51296 -3.63791</i>
                        <i>0.99994 0.0109191 0 -0.00772245 0.707203 0.706968 0.00771942 -0.706926 0.707246 1.21099 3.43304 -3.68111</i>
                        <i>0.99998 -0.00631472 0 0.00511175 0.809481 0.587124 -0.00370752 -0.587112 0.809497 1.2446 3.4396 -3.67226</i>
                        <i>0.99994 0.0109191 0 -0.00972011 0.890144 0.455575 0.00497445 -0.455548 0.890197 1.21069 3.5 -3.64987</i>
                        <i>0.999988 -0.00486761 -3.38813e-021 0.00431781 0.887038 0.461675 -0.00224725 -0.46167 0.887049 1.242 3.49486 -3.62016</i>
                        <i>0.999989 0.0046045 -1.69407e-021 -0.00407041 0.883997 0.467474 0.00215248 -0.467469 0.884007 1.22298 3.51953 -3.58949</i>
                        <i>0.999997 -0.00236803 0 0.0020884 0.881909 0.471415 -0.00111633 -0.471414 0.881912 1.23711 3.53282 -3.56435</i>
                        <i>0.999986 0.00526227 -8.47033e-022 -0.0046369 0.881147 0.472819 0.00248811 -0.472813 0.881159 1.22154 3.55386 -3.54934</i>
                        <i>0.999997 -0.00263115 4.23516e-022 0.00231868 0.88124 0.472663 -0.00124365 -0.472662 0.881243 1.23766 3.54139 -3.54513</i>
                        <i>0.999996 0.00289426 -1.05879e-022 -0.00255176 0.881657 0.471883 0.00136575 -0.471881 0.881661 1.22639 3.54292 -3.54694</i>
                        <i>1 0 0 0 0.881912 0.471415 0 -0.471415 0.881912 1.23229 3.53534 -3.54802</i>
                        <i>1 0 0 0 0.881912 0.471415 0 -0.471415 0.881912 1.23229 3.53534 -3.54802</i>
                        <i>1 0 0 0 0.879177 0.476496 0 -0.476496 0.879177 1.23229 3.53534 -3.54802</i>
                        <i>1 0 0 0 0.871341 0.490677 0 -0.490677 0.871341 1.23229 3.53534 -3.54802</i>
                        <i>1 0 0 0 0.858818 0.512281 0 -0.512281 0.858818 1.23229 3.53534 -3.54802</i>
                        <i>1 0 0 0 0.841944 0.539564 0 -0.539564 0.841944 1.23229 3.53534 -3.54802</i>
                        <i>1 0 0 0 0.821108 0.570773 0 -0.570773 0.821108 1.23229 3.53534 -3.54802</i>
                        <i>1 0 0 0 0.796835 0.604197 0 -0.604197 0.796835 1.23229 3.53534 -3.54802</i>
                        <i>1 0 0 0 0.769849 0.638226 0 -0.638226 0.769849 1.23229 3.53534 -3.54802</i>
                        <i>1 0 0 0 0.741102 0.671393 0 -0.671393 0.741102 1.23229 3.53534 -3.54802</i>
                        <i>1 0 0 0 0.711771 0.702412 0 -0.702412 0.711771 1.23229 3.53534 -3.54802</i>
                        <i>1 0 0 0 0.683237 0.730197 0 -0.730197 0.683237 1.23229 3.53534 -3.54802</i>
                        <i>1 0 0 0 0.653673 0.756777 0 -0.756777 0.653673 1.23229 3.53534 -3.54802</i>
                        <i>1 0 0 0 0.620537 0.784177 0 -0.784177 0.620537 1.23229 3.53534 -3.54802</i>
                        <i>1 0 0 0 0.584338 0.81151 0 -0.81151 0.584338 1.23229 3.53534 -3.54802</i>
                        <i>1 0 0 0 0.545693 0.837985 0 -0.837985 0.545693 1.23229 3.53534 -3.54802</i>
                        <i>1 0 0 0 0.505327 0.862928 0 -0.862928 0.505327 1.23229 3.53534 -3.54802</i>
                        <i>1 0 0 0 0.464063 0.885802 0 -0.885802 0.464063 1.23229 3.53534 -3.54802</i>
