<?xml version="1.0" encoding="ISO-8859-1" ?>
<Animl Version="1">
    <ModellingPackage><![CDATA[Maya.2010]]></ModellingPackage>
    <SrcFile><![CDATA[anims\bosses\red\~src\boss_beetle\boss_beetle_flyin_roped.mb]]></SrcFile>
    <FramesPerSecond>30</FramesPerSecond>
    <TotalFrames>800</TotalFrames>
    <Skeleton>
        <RefFrame>
            <Name><![CDATA[rope_ref_frame]]></Name>
            <Exclude>0</Exclude>
            <Additive>0</Additive>
            <IKPriority>0</IKPriority>
            <IKRotLimits>-1e+010 -1e+010 -1e+010 1e+010 1e+010 1e+010</IKRotLimits>
            <IKRotLimitOrder>10</IKRotLimitOrder>
            <KeyFrames count="800">
                <i>-0.778374 0.586985 -0.222673 -0.553252 -0.473706 0.685212 0.296727 0.656545 0.693471 9.84625 22.7943 -11.7782</i>
                <i>-0.77996 0.581914 -0.230301 -0.556572 -0.476702 0.680429 0.286166 0.658886 0.695686 9.84625 22.7943 -11.7782</i>
                <i>-0.781423 0.576708 -0.238297 -0.56 -0.479656 0.675523 0.275279 0.661315 0.697771 9.84625 22.7943 -11.7782</i>
                <i>-0.782752 0.571367 -0.246656 -0.563531 -0.482568 0.670493 0.26407 0.663828 0.699714 9.84625 22.7943 -11.7782</i>
                <i>-0.783934 0.565891 -0.255373 -0.56716 -0.48544 0.66534 0.252542 0.66642 0.701503 9.84625 22.7943 -11.7782</i>
                <i>-0.784956 0.56028 -0.264442 -0.570883 -0.488273 0.660063 0.2407 0.669086 0.703127 9.84625 22.7943 -11.7782</i>
                <i>-0.785807 0.554535 -0.273858 -0.574693 -0.491067 0.654661 0.22855 0.671821 0.704572 9.84625 22.7943 -11.7782</i>
                <i>-0.786473 0.548657 -0.283611 -0.578586 -0.493824 0.649135 0.216098 0.67462 0.705825 9.84625 22.7943 -11.7782</i>
                <i>-0.786941 0.542647 -0.293696 -0.582556 -0.496545 0.643484 0.203351 0.677478 0.706874 9.84625 22.7943 -11.7782</i>
                <i>-0.7872 0.536505 -0.304103 -0.586597 -0.499231 0.637709 0.190317 0.68039 0.707707 9.84625 22.7943 -11.7782</i>
                <i>-0.787235 0.530234 -0.314822 -0.590704 -0.501882 0.63181 0.177003 0.68335 0.70831 9.84625 22.7943 -11.7782</i>
                <i>-0.787035 0.523833 -0.325845 -0.59487 -0.5045 0.625788 0.16342 0.686352 0.708671 9.84625 22.7943 -11.7782</i>
                <i>-0.786587 0.517306 -0.337159 -0.599089 -0.507084 0.619643 0.149577 0.689391 0.708778 9.84625 22.7943 -11.7782</i>
                <i>-0.785878 0.510653 -0.348753 -0.603356 -0.509636 0.613378 0.135486 0.692462 0.708618 9.84625 22.7943 -11.7782</i>
                <i>-0.784898 0.503878 -0.360614 -0.607664 -0.512157 0.606992 0.121159 0.695559 0.708179 9.84625 22.7943 -11.7782</i>
                <i>-0.783634 0.496982 -0.372729 -0.612007 -0.514646 0.600489 0.106608 0.698676 0.707451 9.84625 22.7943 -11.7782</i>
                <i>-0.782075 0.489968 -0.385084 -0.616378 -0.517105 0.593868 0.0918477 0.701807 0.706421 9.84625 22.7943 -11.7782</i>
                <i>-0.780212 0.482839 -0.397663 -0.620772 -0.519534 0.587134 0.0768917 0.704947 0.70508 9.84625 22.7943 -11.7782</i>
                <i>-0.778033 0.475599 -0.410452 -0.625181 -0.521934 0.580288 0.0617557 0.70809 0.703417 9.84625 22.7943 -11.7782</i>
                <i>-0.77553 0.46825 -0.423432 -0.629599 -0.524304 0.573333 0.0464558 0.711229 0.701423 9.84625 22.7943 -11.7782</i>
                <i>-0.772695 0.460797 -0.436587 -0.634019 -0.526646 0.566272 0.0310092 0.71436 0.699091 9.84625 22.7943 -11.7782</i>
                <i>-0.76952 0.453243 -0.449899 -0.638436 -0.52896 0.559108 0.0154334 0.717476 0.696412 9.84625 22.7943 -11.7782</i>
                <i>-0.765999 0.445594 -0.463349 -0.642842 -0.531245 0.551845 -0.000253041 0.720573 0.693379 9.84625 22.7943 -11.7782</i>
                <i>-0.762125 0.437853 -0.476917 -0.647231 -0.533503 0.544488 -0.0160311 0.723643 0.689988 9.84625 22.7943 -11.7782</i>
                <i>-0.757895 0.430026 -0.490584 -0.651597 -0.535733 0.53704 -0.0318811 0.726683 0.686233 9.84625 22.7943 -11.7782</i>
                <i>-0.753305 0.422118 -0.50433 -0.655934 -0.537935 0.529506 -0.0477828 0.729686 0.682111 9.84625 22.7943 -11.7782</i>
                <i>-0.748352 0.414135 -0.518133 -0.660234 -0.540111 0.521891 -0.0637155 0.732647 0.677619 9.84625 22.7943 -11.7782</i>
                <i>-0.743036 0.406083 -0.531972 -0.664493 -0.54226 0.514201 -0.0796583 0.735562 0.672758 9.84625 22.7943 -11.7782</i>
                <i>-0.737358 0.397968 -0.545825 -0.668705 -0.544381 0.506442 -0.0955896 0.738425 0.667527 9.84625 22.7943 -11.7782</i>
                <i>-0.731319 0.389796 -0.559672 -0.672862 -0.546476 0.498618 -0.111488 0.741231 0.661927 9.84625 22.7943 -11.7782</i>
                <i>-0.724921 0.381574 -0.573489 -0.676961 -0.548545 0.490737 -0.127332 0.743976 0.655962 9.84625 22.7943 -11.7782</i>
                <i>-0.718171 0.37331 -0.587257 -0.680994 -0.550586 0.482806 -0.143099 0.746655 0.649637 9.84625 22.7943 -11.7782</i>
                <i>-0.711073 0.365011 -0.600951 -0.684958 -0.552602 0.47483 -0.158769 0.749265 0.642957 9.84625 22.7943 -11.7782</i>
                <i>-0.703635 0.356684 -0.614552 -0.688847 -0.55459 0.466818 -0.174319 0.751802 0.63593 9.84625 22.7943 -11.7782</i>
                <i>-0.695866 0.348337 -0.628038 -0.692657 -0.556553 0.458776 -0.189728 0.754262 0.628564 9.84625 22.7943 -11.7782</i>
                <i>-0.687777 0.339978 -0.641388 -0.696382 -0.558489 0.450712 -0.204976 0.756641 0.62087 9.84625 22.7943 -11.7782</i>
                <i>-0.679378 0.331615 -0.654581 -0.700019 -0.560399 0.442635 -0.220042 0.758936 0.61286 9.84625 22.7943 -11.7782</i>
                <i>-0.670683 0.323258 -0.667599 -0.703564 -0.562282 0.434552 -0.234907 0.761146 0.604546 9.84625 22.7943 -11.7782</i>
                <i>-0.661707 0.314913 -0.680421 -0.707013 -0.56414 0.426472 -0.249551 0.763267 0.595943 9.84625 22.7943 -11.7782</i>
                <i>-0.652466 0.306591 -0.69303 -0.710363 -0.565971 0.418403 -0.263956 0.765296 0.587068 9.84625 22.7943 -11.7782</i>
                <i>-0.642976 0.298299 -0.705408 -0.71361 -0.567777 0.410354 -0.278106 0.767234 0.577936 9.84625 22.7943 -11.7782</i>
                <i>-0.633247 0.290007 -0.717562 -0.716719 -0.569633 0.402282 -0.292082 0.769034 0.568572 9.84625 22.7943 -11.7782</i>
                <i>-0.623278 0.281678 -0.729508 -0.719652 -0.571624 0.394141 -0.305984 0.770651 0.558991 9.84625 22.7943 -11.7782</i>
                <i>-0.61307 0.273312 -0.741246 -0.722401 -0.573755 0.38593 -0.319814 0.772079 0.549193 9.84625 22.7943 -11.7782</i>
                <i>-0.602624 0.264911 -0.752773 -0.724962 -0.576031 0.377648 -0.333578 0.773311 0.53918 9.84625 22.7943 -11.7782</i>
                <i>-0.591938 0.256474 -0.764088 -0.727328 -0.57846 0.369294 -0.34728 0.774341 0.528954 9.84625 22.7943 -11.7782</i>
                <i>-0.581011 0.248003 -0.775191 -0.729491 -0.581048 0.360867 -0.360927 0.775163 0.518512 9.84625 22.7943 -11.7782</i>
                <i>-0.569841 0.239498 -0.78608 -0.731446 -0.583801 0.352367 -0.374523 0.775769 0.507854 9.84625 22.7943 -11.7782</i>
                <i>-0.558423 0.230959 -0.796757 -0.733185 -0.586726 0.343791 -0.388076 0.776151 0.496977 9.84625 22.7943 -11.7782</i>
                <i>-0.546754 0.222386 -0.80722 -0.734701 -0.589828 0.335139 -0.401591 0.776304 0.485878 9.84625 22.7943 -11.7782</i>
                <i>-0.534827 0.213779 -0.817471 -0.735984 -0.593115 0.326407 -0.415076 0.776217 0.474551 9.84625 22.7943 -11.7782</i>
                <i>-0.522635 0.205137 -0.827509 -0.737028 -0.596593 0.317595 -0.428536 0.775884 0.462992 9.84625 22.7943 -11.7782</i>
                <i>-0.510169 0.196461 -0.837336 -0.737823 -0.600269 0.308699 -0.441979 0.775294 0.451191 9.84625 22.7943 -11.7782</i>
                <i>-0.497419 0.187748 -0.84695 -0.738359 -0.604149 0.299718 -0.455412 0.774438 0.439141 9.84625 22.7943 -11.7782</i>
                <i>-0.484374 0.179 -0.856353 -0.738626 -0.60824 0.290647 -0.468842 0.773307 0.42683 9.84625 22.7943 -11.7782</i>
                <i>-0.4711 0.170287 -0.865487 -0.738672 -0.612438 0.281574 -0.482109 0.77196 0.414306 9.84625 22.7943 -11.7782</i>
                <i>-0.457692 0.16169 -0.874285 -0.73855 -0.616633 0.272595 -0.495037 0.770467 0.401644 9.84625 22.7943 -11.7782</i>
                <i>-0.44418 0.153222 -0.882738 -0.738263 -0.62082 0.263723 -0.507614 0.768834 0.388874 9.84625 22.7943 -11.7782</i>
                <i>-0.430595 0.144895 -0.890839 -0.737814 -0.624995 0.254973 -0.519825 0.767063 0.376025 9.84625 22.7943 -11.7782</i>
                <i>-0.41697 0.136724 -0.898578 -0.737206 -0.629153 0.246359 -0.531661 0.765162 0.363131 9.84625 22.7943 -11.7782</i>
                <i>-0.403339 0.128719 -0.905952 -0.736444 -0.633291 0.237893 -0.543109 0.763135 0.350225 9.84625 22.7943 -11.7782</i>
                <i>-0.389739 0.120896 -0.912956 -0.735532 -0.637402 0.22959 -0.554164 0.760988 0.337343 9.84625 22.7943 -11.7782</i>
                <i>-0.376206 0.113265 -0.919587 -0.734474 -0.641484 0.221465 -0.564816 0.758729 0.32452 9.84625 22.7943 -11.7782</i>
                <i>-0.36278 0.10584 -0.925845 -0.733276 -0.645531 0.213529 -0.575062 0.756364 0.311796 9.84625 22.7943 -11.7782</i>
                <i>-0.3495 0.0986336 -0.93173 -0.731946 -0.64954 0.205799 -0.584898 0.753902 0.299209 9.84625 22.7943 -11.7782</i>
                <i>-0.336408 0.0916581 -0.937245 -0.730488 -0.653506 0.198286 -0.594321 0.751351 0.2868 9.84625 22.7943 -11.7782</i>
                <i>-0.323543 0.0849258 -0.942394 -0.728909 -0.657426 0.191004 -0.603333 0.748718 0.274609 9.84625 22.7943 -11.7782</i>
                <i>-0.31095 0.0784488 -0.947183 -0.727218 -0.661294 0.183968 -0.611934 0.746014 0.262679 9.84625 22.7943 -11.7782</i>
                <i>-0.298671 0.0722388 -0.951618 -0.725422 -0.665107 0.177189 -0.620128 0.743246 0.251052 9.84625 22.7943 -11.7782</i>
                <i>-0.286749 0.0663075 -0.955708 -0.723529 -0.668861 0.170681 -0.627918 0.740425 0.239771 9.84625 22.7943 -11.7782</i>
                <i>-0.275229 0.0606662 -0.959463 -0.721546 -0.672552 0.164456 -0.635311 0.737559 0.228879 9.84625 22.7943 -11.7782</i>
                <i>-0.264154 0.0553261 -0.962892 -0.719483 -0.676176 0.158527 -0.642314 0.73466 0.218421 9.84625 22.7943 -11.7782</i>
                <i>-0.253569 0.0502979 -0.966009 -0.717348 -0.679729 0.152906 -0.648933 0.731737 0.20844 9.84625 22.7943 -11.7782</i>
                <i>-0.243518 0.0455922 -0.968824 -0.71515 -0.683208 0.147605 -0.655179 0.728799 0.198979 9.84625 22.7943 -11.7782</i>
                <i>-0.234045 0.0412191 -0.971352 -0.712898 -0.686609 0.142635 -0.661059 0.725857 0.190082 9.84625 22.7943 -11.7782</i>
                <i>-0.225193 0.0371886 -0.973604 -0.710601 -0.689928 0.138008 -0.666584 0.722922 0.181793 9.84625 22.7943 -11.7782</i>
                <i>-0.217006 0.0335102 -0.975595 -0.708267 -0.693161 0.133734 -0.671763 0.720003 0.174154 9.84625 22.7943 -11.7782</i>
                <i>-0.209526 0.0301933 -0.977337 -0.705907 -0.696306 0.129824 -0.676605 0.71711 0.167207 9.84625 22.7943 -11.7782</i>
                <i>-0.202795 0.0272468 -0.978842 -0.703528 -0.699357 0.126288 -0.681119 0.714253 0.160995 9.84625 22.7943 -11.7782</i>
                <i>-0.196854 0.0246793 -0.980122 -0.701139 -0.702311 0.123137 -0.685312 0.711442 0.155556 9.84625 22.7943 -11.7782</i>
                <i>-0.191744 0.0224993 -0.981187 -0.69875 -0.705165 0.12038 -0.68919 0.708686 0.150933 9.84625 22.7943 -11.7782</i>
                <i>-0.187504 0.0207147 -0.982045 -0.696367 -0.707914 0.118026 -0.692759 0.705995 0.147162 9.84625 22.7943 -11.7782</i>
                <i>-0.184171 0.0193332 -0.982704 -0.694 -0.710555 0.116085 -0.696021 0.703376 0.144281 9.84625 22.7943 -11.7782</i>
                <i>-0.181781 0.0183622 -0.983168 -0.691656 -0.713083 0.114564 -0.698977 0.700839 0.142325 9.84625 22.7943 -11.7782</i>
                <i>-0.180369 0.0178088 -0.983438 -0.689341 -0.715495 0.113473 -0.701623 0.698391 0.14133 9.84625 22.7943 -11.7782</i>
                <i>-0.179805 0.0176131 -0.983545 -0.68699 -0.717869 0.112736 -0.70407 0.695956 0.141177 9.84625 22.7943 -11.7782</i>
                <i>-0.179949 0.0177138 -0.983516 -0.684529 -0.720288 0.112272 -0.706426 0.693449 0.141741 9.84625 22.7943 -11.7782</i>
                <i>-0.180824 0.0181153 -0.983349 -0.681958 -0.722751 0.112088 -0.708686 0.690871 0.143045 9.84625 22.7943 -11.7782</i>
                <i>-0.182451 0.0188225 -0.983035 -0.679275 -0.725258 0.112187 -0.710842 0.68822 0.14511 9.84625 22.7943 -11.7782</i>
                <i>-0.184855 0.0198401 -0.982566 -0.676479 -0.727807 0.112573 -0.712885 0.685495 0.14796 9.84625 22.7943 -11.7782</i>
                <i>-0.188059 0.0211728 -0.981929 -0.673567 -0.730398 0.113252 -0.714802 0.682693 0.151619 9.84625 22.7943 -11.7782</i>
                <i>-0.192089 0.0228256 -0.981112 -0.670537 -0.733029 0.114228 -0.716577 0.679814 0.156112 9.84625 22.7943 -11.7782</i>
                <i>-0.19697 0.0248033 -0.980096 -0.667386 -0.7357 0.115506 -0.718191 0.676853 0.161464 9.84625 22.7943 -11.7782</i>
                <i>-0.202508 0.0270232 -0.978908 -0.664091 -0.738441 0.116996 -0.719704 0.673776 0.167486 9.84625 22.7943 -11.7782</i>
                <i>-0.20811 0.0292438 -0.977668 -0.660677 -0.741264 0.118462 -0.721246 0.670576 0.173585 9.84625 22.7943 -11.7782</i>
                <i>-0.213386 0.0313093 -0.976466 -0.657194 -0.744147 0.119756 -0.722885 0.667282 0.179367 9.84625 22.7943 -11.7782</i>
                <i>-0.218343 0.0332234 -0.975306 -0.653644 -0.747086 0.120883 -0.724621 0.663897 0.184837 9.84625 22.7943 -11.7782</i>
                <i>-0.222952 0.0349764 -0.974202 -0.650029 -0.750079 0.121833 -0.726467 0.660423 0.189967 9.84625 22.7943 -11.7782</i>
                <i>-0.227211 0.0365692 -0.973159 -0.646352 -0.753124 0.122608 -0.728426 0.656861 0.194755 9.84625 22.7943 -11.7782</i>
                <i>-0.231168 0.0380216 -0.972171 -0.642612 -0.756217 0.123228 -0.730487 0.653215 0.199246 9.84625 22.7943 -11.7782</i>
                <i>-0.234834 0.0393402 -0.971239 -0.638818 -0.759348 0.123701 -0.732642 0.649494 0.203452 9.84625 22.7943 -11.7782</i>
                <i>-0.238212 0.0405274 -0.970367 -0.634964 -0.762521 0.124028 -0.734899 0.645693 0.207375 9.84625 22.7943 -11.7782</i>
                <i>-0.241335 0.0415972 -0.96955 -0.63103 -0.765748 0.124219 -0.737264 0.641794 0.211051 9.84625 22.7943 -11.7782</i>
                <i>-0.244211 0.0425537 -0.968788 -0.627021 -0.769025 0.124279 -0.739734 0.637801 0.214486 9.84625 22.7943 -11.7782</i>
                <i>-0.246828 0.0433952 -0.968087 -0.622955 -0.772333 0.124211 -0.742295 0.633734 0.217667 9.84625 22.7943 -11.7782</i>
                <i>-0.249196 0.0441271 -0.967447 -0.618836 -0.775668 0.124021 -0.744946 0.629596 0.220601 9.84625 22.7943 -11.7782</i>
                <i>-0.251325 0.0447549 -0.966868 -0.614663 -0.779028 0.123714 -0.74768 0.62539 0.223298 9.84625 22.7943 -11.7782</i>
                <i>-0.253225 0.0452847 -0.966347 -0.61044 -0.782407 0.123297 -0.750493 0.621119 0.225768 9.84625 22.7943 -11.7782</i>
                <i>-0.254908 0.0457225 -0.965884 -0.606169 -0.785802 0.122777 -0.75338 0.616785 0.228023 9.84625 22.7943 -11.7782</i>
                <i>-0.256385 0.0460747 -0.965476 -0.601851 -0.78921 0.122161 -0.756335 0.612392 0.230072 9.84625 22.7943 -11.7782</i>
                <i>-0.257671 0.0463479 -0.96512 -0.597489 -0.792626 0.121455 -0.75935 0.607944 0.231929 9.84625 22.7943 -11.7782</i>
                <i>-0.258779 0.046549 -0.964814 -0.593085 -0.796046 0.120669 -0.76242 0.603443 0.233607 9.84625 22.7943 -11.7782</i>
                <i>-0.259684 0.0466738 -0.964565 -0.588708 -0.799418 0.119811 -0.765498 0.59896 0.235073 9.84625 22.7943 -11.7782</i>
                <i>-0.260364 0.0467203 -0.964379 -0.584431 -0.802686 0.118898 -0.768538 0.59457 0.236295 9.84625 22.7943 -11.7782</i>
                <i>-0.260845 0.0466993 -0.964251 -0.580263 -0.805844 0.117943 -0.771527 0.590284 0.237298 9.84625 22.7943 -11.7782</i>
                <i>-0.261075 0.0466023 -0.964193 -0.576357 -0.808784 0.116969 -0.774373 0.586257 0.238012 9.84625 22.7943 -11.7782</i>
                <i>-0.261037 0.0464313 -0.964211 -0.572831 -0.811423 0.116007 -0.776997 0.582612 0.238409 9.84625 22.7943 -11.7782</i>
                <i>-0.260809 0.0462119 -0.964284 -0.569651 -0.813791 0.115073 -0.779408 0.579318 0.238569 9.84625 22.7943 -11.7782</i>
                <i>-0.260463 0.0459687 -0.964389 -0.566783 -0.815916 0.114186 -0.781611 0.57634 0.23857 9.84625 22.7943 -11.7782</i>
                <i>-0.260073 0.0457246 -0.964506 -0.564193 -0.817824 0.11336 -0.783613 0.573649 0.238491 9.84625 22.7943 -11.7782</i>
                <i>-0.259707 0.0455011 -0.964615 -0.561848 -0.81954 0.11261 -0.785416 0.571213 0.238405 9.84625 22.7943 -11.7782</i>
                <i>-0.259432 0.0453185 -0.964698 -0.559717 -0.821087 0.11195 -0.787027 0.569001 0.238381 9.84625 22.7943 -11.7782</i>
                <i>-0.259311 0.0451954 -0.964736 -0.557769 -0.822488 0.111391 -0.788449 0.566984 0.238489 9.84625 22.7943 -11.7782</i>
                <i>-0.259405 0.0451495 -0.964713 -0.55597 -0.823765 0.110943 -0.789688 0.565131 0.23879 9.84625 22.7943 -11.7782</i>
                <i>-0.259768 0.0451966 -0.964613 -0.55429 -0.82494 0.110617 -0.790748 0.56341 0.239345 9.84625 22.7943 -11.7782</i>
                <i>-0.260454 0.0453515 -0.964421 -0.552698 -0.826034 0.110419 -0.791637 0.561793 0.240209 9.84625 22.7943 -11.7782</i>
                <i>-0.261509 0.0456276 -0.964122 -0.551162 -0.827068 0.110356 -0.792359 0.560247 0.241434 9.84625 22.7943 -11.7782</i>
                <i>-0.262979 0.0460367 -0.963702 -0.54965 -0.828063 0.110434 -0.792923 0.558741 0.243068 9.84625 22.7943 -11.7782</i>
                <i>-0.264904 0.0465895 -0.963149 -0.548131 -0.82904 0.110655 -0.793334 0.557245 0.245153 9.84625 22.7943 -11.7782</i>
                <i>-0.26732 0.0472954 -0.962446 -0.546572 -0.83002 0.111023 -0.793598 0.555725 0.247731 9.84625 22.7943 -11.7782</i>
                <i>-0.270262 0.0481624 -0.961581 -0.544942 -0.831022 0.111538 -0.793723 0.554151 0.250839 9.84625 22.7943 -11.7782</i>
                <i>-0.273761 0.0491974 -0.960539 -0.543209 -0.832067 0.112201 -0.793712 0.552489 0.254512 9.84625 22.7943 -11.7782</i>
                <i>-0.277845 0.0504063 -0.959302 -0.54134 -0.833174 0.113011 -0.79357 0.550709 0.25878 9.84625 22.7943 -11.7782</i>
                <i>-0.282543 0.0517938 -0.957855 -0.539306 -0.834363 0.113965 -0.793296 0.548777 0.263676 9.84625 22.7943 -11.7782</i>
                <i>-0.287881 0.053364 -0.956178 -0.537073 -0.835651 0.115062 -0.792891 0.546662 0.269228 9.84625 22.7943 -11.7782</i>
                <i>-0.293886 0.0551201 -0.95425 -0.534614 -0.837056 0.116298 -0.79235 0.544334 0.275467 9.84625 22.7943 -11.7782</i>
                <i>-0.300579 0.0570734 -0.952048 -0.532049 -0.838492 0.117711 -0.791566 0.541917 0.282399 9.84625 22.7943 -11.7782</i>
                <i>-0.307984 0.0592407 -0.949545 -0.529526 -0.839855 0.119354 -0.79041 0.539568 0.290032 9.84625 22.7943 -11.7782</i>
                <i>-0.316136 0.0616336 -0.94671 -0.527054 -0.841139 0.121239 -0.788842 0.537295 0.298399 9.84625 22.7943 -11.7782</i>
                <i>-0.325006 0.064249 -0.943527 -0.524686 -0.842308 0.123376 -0.786813 0.535153 0.307466 9.84625 22.7943 -11.7782</i>
                <i>-0.334523 0.0670711 -0.939998 -0.522467 -0.843334 0.12576 -0.784298 0.533187 0.317157 9.84625 22.7943 -11.7782</i>
                <i>-0.344649 0.0700923 -0.936111 -0.520394 -0.84422 0.128382 -0.781285 0.531394 0.327435 9.84625 22.7943 -11.7782</i>
                <i>-0.355344 0.0733049 -0.931857 -0.518466 -0.844968 0.131236 -0.777769 0.52977 0.33826 9.84625 22.7943 -11.7782</i>
                <i>-0.366563 0.0767009 -0.927226 -0.516677 -0.845579 0.134313 -0.773742 0.528311 0.349588 9.84625 22.7943 -11.7782</i>
                <i>-0.378261 0.0802719 -0.922212 -0.515026 -0.846058 0.137603 -0.769199 0.527013 0.361373 9.84625 22.7943 -11.7782</i>
                <i>-0.390389 0.0840094 -0.916809 -0.513507 -0.846405 0.141099 -0.764138 0.525871 0.373566 9.84625 22.7943 -11.7782</i>
                <i>-0.402896 0.0879047 -0.911015 -0.512116 -0.846624 0.144791 -0.758559 0.524881 0.386119 9.84625 22.7943 -11.7782</i>
                <i>-0.41573 0.0919488 -0.904828 -0.51085 -0.846717 0.14867 -0.752463 0.524038 0.398978 9.84625 22.7943 -11.7782</i>
                <i>-0.428839 0.0961326 -0.898252 -0.509702 -0.846687 0.152725 -0.745856 0.523335 0.412091 9.84625 22.7943 -11.7782</i>
                <i>-0.442168 0.100447 -0.89129 -0.508669 -0.846536 0.156947 -0.738744 0.522769 0.425405 9.84625 22.7943 -11.7782</i>
                <i>-0.455664 0.104881 -0.883952 -0.507746 -0.846267 0.161325 -0.731139 0.522333 0.438867 9.84625 22.7943 -11.7782</i>
                <i>-0.469273 0.109428 -0.876247 -0.506928 -0.845883 0.165849 -0.723054 0.522022 0.452422 9.84625 22.7943 -11.7782</i>
                <i>-0.482943 0.114075 -0.868189 -0.50621 -0.845387 0.170508 -0.714505 0.521831 0.46602 9.84625 22.7943 -11.7782</i>
                <i>-0.496623 0.118814 -0.859796 -0.505588 -0.844781 0.175291 -0.705512 0.521755 0.479609 9.84625 22.7943 -11.7782</i>
                <i>-0.510263 0.123636 -0.851085 -0.505057 -0.844067 0.180188 -0.696096 0.52179 0.493139 9.84625 22.7943 -11.7782</i>
                <i>-0.523839 0.128524 -0.842066 -0.504558 -0.843287 0.185169 -0.686305 0.52187 0.506594 9.84625 22.7943 -11.7782</i>
                <i>-0.537338 0.133464 -0.83274 -0.504029 -0.842482 0.190206 -0.676183 0.52193 0.519967 9.84625 22.7943 -11.7782</i>
                <i>-0.550726 0.138448 -0.823124 -0.503467 -0.841655 0.19529 -0.665749 0.521967 0.533225 9.84625 22.7943 -11.7782</i>
                <i>-0.563974 0.143464 -0.813235 -0.502869 -0.840809 0.200408 -0.655024 0.521976 0.546338 9.84625 22.7943 -11.7782</i>
                <i>-0.57705 0.148504 -0.803094 -0.502232 -0.839948 0.205552 -0.644031 0.521953 0.559275 9.84625 22.7943 -11.7782</i>
                <i>-0.589928 0.153558 -0.79272 -0.501553 -0.839074 0.21071 -0.632795 0.521895 0.572011 9.84625 22.7943 -11.7782</i>
                <i>-0.602582 0.158617 -0.782135 -0.500832 -0.838193 0.215871 -0.62134 0.521798 0.58452 9.84625 22.7943 -11.7782</i>
                <i>-0.614987 0.16367 -0.771365 -0.500065 -0.837307 0.221025 -0.609694 0.521659 0.596779 9.84625 22.7943 -11.7782</i>
                <i>-0.627121 0.168708 -0.760432 -0.499251 -0.836421 0.22616 -0.597886 0.521476 0.608765 9.84625 22.7943 -11.7782</i>
                <i>-0.638963 0.17372 -0.749365 -0.498389 -0.835538 0.231266 -0.585948 0.521246 0.620458 9.84625 22.7943 -11.7782</i>
                <i>-0.650494 0.178695 -0.738191 -0.497479 -0.834663 0.23633 -0.57391 0.520966 0.63184 9.84625 22.7943 -11.7782</i>
                <i>-0.661697 0.183622 -0.726939 -0.496518 -0.833801 0.241341 -0.561807 0.520633 0.642895 9.84625 22.7943 -11.7782</i>
                <i>-0.672556 0.188491 -0.715639 -0.495508 -0.832955 0.246287 -0.549672 0.520247 0.653608 9.84625 22.7943 -11.7782</i>
                <i>-0.683057 0.19329 -0.704323 -0.494448 -0.832132 0.251154 -0.537544 0.519804 0.663966 9.84625 22.7943 -11.7782</i>
                <i>-0.693194 0.198006 -0.693019 -0.49333 -0.83134 0.255928 -0.525459 0.519295 0.673963 9.84625 22.7943 -11.7782</i>
                <i>-0.702961 0.202626 -0.681754 -0.492145 -0.830593 0.260592 -0.513457 0.518708 0.683596 9.84625 22.7943 -11.7782</i>
                <i>-0.71235 0.207136 -0.670561 -0.490894 -0.829897 0.265131 -0.501578 0.51804 0.692859 9.84625 22.7943 -11.7782</i>
                <i>-0.721353 0.211523 -0.659475 -0.489574 -0.829259 0.269531 -0.489863 0.517289 0.701745 9.84625 22.7943 -11.7782</i>
                <i>-0.729964 0.215772 -0.648533 -0.488187 -0.828686 0.273776 -0.478357 0.516452 0.710248 9.84625 22.7943 -11.7782</i>
                <i>-0.737809 0.219768 -0.638232 -0.486952 -0.828078 0.277786 -0.467457 0.515742 0.717979 9.84625 22.7943 -11.7782</i>
                <i>-0.744595 0.223426 -0.629014 -0.486067 -0.827339 0.281511 -0.457511 0.515355 0.724633 9.84625 22.7943 -11.7782</i>
                <i>-0.750395 0.226761 -0.620875 -0.485531 -0.826471 0.284967 -0.448516 0.515292 0.730279 9.84625 22.7943 -11.7782</i>
                <i>-0.755229 0.229778 -0.613865 -0.485366 -0.825461 0.288158 -0.44051 0.515574 0.734938 9.84625 22.7943 -11.7782</i>
                <i>-0.759144 0.232483 -0.60799 -0.485572 -0.824308 0.291093 -0.433497 0.516205 0.738656 9.84625 22.7943 -11.7782</i>
                <i>-0.76221 0.234893 -0.603209 -0.486134 -0.823021 0.293786 -0.427445 0.517167 0.741504 9.84625 22.7943 -11.7782</i>
                <i>-0.764483 0.237024 -0.599487 -0.487043 -0.821599 0.29625 -0.42232 0.518454 0.743539 9.84625 22.7943 -11.7782</i>
                <i>-0.766015 0.238888 -0.596786 -0.488291 -0.820043 0.298498 -0.418083 0.520059 0.744812 9.84625 22.7943 -11.7782</i>
                <i>-0.766854 0.240502 -0.595058 -0.489868 -0.818354 0.300544 -0.414687 0.521973 0.745372 9.84625 22.7943 -11.7782</i>
                <i>-0.767047 0.24188 -0.59425 -0.491763 -0.81653 0.302402 -0.412078 0.524187 0.745265 9.84625 22.7943 -11.7782</i>
                <i>-0.766618 0.243022 -0.594338 -0.493964 -0.814581 0.30407 -0.41024 0.526687 0.744516 9.84625 22.7943 -11.7782</i>
                <i>-0.765635 0.243963 -0.595219 -0.496461 -0.812493 0.305584 -0.40906 0.529468 0.743191 9.84625 22.7943 -11.7782</i>
                <i>-0.764206 0.244773 -0.596721 -0.499248 -0.810242 0.307016 -0.408339 0.532535 0.741394 9.84625 22.7943 -11.7782</i>
                <i>-0.762353 0.245454 -0.598807 -0.50231 -0.807833 0.308366 -0.408047 0.535871 0.739148 9.84625 22.7943 -11.7782</i>
                <i>-0.760056 0.245973 -0.601508 -0.505626 -0.80529 0.309597 -0.408236 0.539449 0.736436 9.84625 22.7943 -11.7782</i>
                <i>-0.757357 0.246347 -0.604751 -0.50918 -0.802613 0.310723 -0.408836 0.543255 0.733299 9.84625 22.7943 -11.7782</i>
                <i>-0.754297 0.246593 -0.608463 -0.512954 -0.799802 0.31176 -0.409773 0.547273 0.72978 9.84625 22.7943 -11.7782</i>
                <i>-0.750921 0.24673 -0.61257 -0.516931 -0.79686 0.312723 -0.410975 0.551487 0.725922 9.84625 22.7943 -11.7782</i>
                <i>-0.74727 0.246779 -0.616998 -0.521097 -0.793783 0.313633 -0.412365 0.555885 0.721767 9.84625 22.7943 -11.7782</i>
                <i>-0.743391 0.24676 -0.621674 -0.525435 -0.790571 0.314509 -0.413869 0.560453 0.71736 9.84625 22.7943 -11.7782</i>
                <i>-0.739273 0.246718 -0.626582 -0.530028 -0.787135 0.315417 -0.415386 0.565286 0.712676 9.84625 22.7943 -11.7782</i>
                <i>-0.734908 0.246693 -0.631707 -0.534951 -0.783396 0.316415 -0.416819 0.570468 0.707692 9.84625 22.7943 -11.7782</i>
                <i>-0.730347 0.246695 -0.636973 -0.540164 -0.779368 0.317504 -0.41811 0.575958 0.702465 9.84625 22.7943 -11.7782</i>
                <i>-0.725646 0.246732 -0.642309 -0.545625 -0.775069 0.318688 -0.419203 0.581715 0.697049 9.84625 22.7943 -11.7782</i>
                <i>-0.72086 0.246817 -0.647644 -0.551291 -0.770517 0.31997 -0.420047 0.587694 0.691503 9.84625 22.7943 -11.7782</i>
                <i>-0.716042 0.246961 -0.652912 -0.557121 -0.765734 0.321354 -0.420595 0.593854 0.685885 9.84625 22.7943 -11.7782</i>
                <i>-0.711248 0.247176 -0.65805 -0.563072 -0.760738 0.322843 -0.420805 0.600151 0.680251 9.84625 22.7943 -11.7782</i>
                <i>-0.706531 0.247476 -0.663 -0.5691 -0.755554 0.324443 -0.42064 0.606543 0.674661 9.84625 22.7943 -11.7782</i>
                <i>-0.701893 0.247843 -0.667772 -0.575179 -0.750205 0.326131 -0.420137 0.612997 0.669118 9.84625 22.7943 -11.7782</i>
                <i>-0.697342 0.248266 -0.672367 -0.581276 -0.744721 0.327886 -0.419323 0.61948 0.663636 9.84625 22.7943 -11.7782</i>
                <i>-0.692937 0.248769 -0.676721 -0.587357 -0.739116 0.329726 -0.41815 0.625956 0.658277 9.84625 22.7943 -11.7782</i>
                <i>-0.688739 0.249368 -0.680774 -0.593371 -0.733425 0.331659 -0.416592 0.632379 0.653107 9.84625 22.7943 -11.7782</i>
                <i>-0.684806 0.250081 -0.684471 -0.599268 -0.727687 0.333691 -0.41463 0.638695 0.64819 9.84625 22.7943 -11.7782</i>
                <i>-0.681191 0.250932 -0.687758 -0.605014 -0.72192 0.335841 -0.412233 0.644875 0.643583 9.84625 22.7943 -11.7782</i>
                <i>-0.677946 0.251947 -0.690588 -0.610576 -0.716147 0.338128 -0.409372 0.650889 0.639342 9.84625 22.7943 -11.7782</i>
                <i>-0.67512 0.253151 -0.692913 -0.615923 -0.710387 0.340571 -0.40602 0.656707 0.635518 9.84625 22.7943 -11.7782</i>
                <i>-0.672668 0.254515 -0.694795 -0.621049 -0.704666 0.343139 -0.402264 0.66232 0.632072 9.84625 22.7943 -11.7782</i>
                <i>-0.670547 0.256008 -0.696295 -0.625949 -0.699008 0.345796 -0.398189 0.667718 0.628966 9.84625 22.7943 -11.7782</i>
                <i>-0.668804 0.257657 -0.697362 -0.630596 -0.693434 0.348566 -0.393764 0.672876 0.626249 9.84625 22.7943 -11.7782</i>
                <i>-0.667484 0.259489 -0.697947 -0.634961 -0.687964 0.351469 -0.38896 0.677769 0.62397 9.84625 22.7943 -11.7782</i>
                <i>-0.666632 0.261523 -0.698002 -0.639002 -0.682638 0.354516 -0.383769 0.682357 0.622182 9.84625 22.7943 -11.7782</i>
                <i>-0.666292 0.263769 -0.697482 -0.642664 -0.677517 0.357706 -0.378204 0.686583 0.620939 9.84625 22.7943 -11.7782</i>
                <i>-0.666505 0.26625 -0.696335 -0.645913 -0.672633 0.361055 -0.372247 0.690417 0.620288 9.84625 22.7943 -11.7782</i>
                <i>-0.667308 0.268997 -0.694508 -0.648728 -0.668001 0.36459 -0.365858 0.693841 0.620268 9.84625 22.7943 -11.7782</i>
                <i>-0.668725 0.271956 -0.691988 -0.650989 -0.663794 0.368228 -0.359195 0.69672 0.620935 9.84625 22.7943 -11.7782</i>
                <i>-0.670729 0.275052 -0.688817 -0.652615 -0.660156 0.371871 -0.352443 0.698957 0.622289 9.84625 22.7943 -11.7782</i>
                <i>-0.673287 0.278283 -0.685014 -0.653644 -0.657062 0.375526 -0.345594 0.700591 0.624289 9.84625 22.7943 -11.7782</i>
                <i>-0.676366 0.28165 -0.680589 -0.654106 -0.654487 0.379199 -0.338636 0.701655 0.626902 9.84625 22.7943 -11.7782</i>
                <i>-0.67994 0.285152 -0.675551 -0.654031 -0.652405 0.382899 -0.331548 0.70218 0.630095 9.84625 22.7943 -11.7782</i>
                <i>-0.683982 0.288792 -0.669902 -0.653448 -0.650786 0.386632 -0.324306 0.702195 0.633836 9.84625 22.7943 -11.7782</i>
                <i>-0.688465 0.292569 -0.663641 -0.652382 -0.6496 0.390406 -0.31688 0.701729 0.638094 9.84625 22.7943 -11.7782</i>
                <i>-0.693363 0.296486 -0.656767 -0.650861 -0.648816 0.39423 -0.309238 0.700809 0.642837 9.84625 22.7943 -11.7782</i>
                <i>-0.69865 0.300545 -0.649278 -0.648908 -0.648401 0.398113 -0.301342 0.699463 0.648032 9.84625 22.7943 -11.7782</i>
                <i>-0.704301 0.304733 -0.641169 -0.646529 -0.648355 0.402041 -0.29319 0.697692 0.653655 9.84625 22.7943 -11.7782</i>
                <i>-0.710296 0.309034 -0.632438 -0.643723 -0.648679 0.406 -0.284781 0.695495 0.659686 9.84625 22.7943 -11.7782</i>
                <i>-0.716604 0.313448 -0.62308 -0.640514 -0.649342 0.409996 -0.27608 0.692896 0.666089 9.84625 22.7943 -11.7782</i>
                <i>-0.723194 0.317973 -0.613094 -0.636926 -0.65031 0.414031 -0.267051 0.68992 0.672825 9.84625 22.7943 -11.7782</i>
                <i>-0.730029 0.322605 -0.602481 -0.632983 -0.651549 0.418109 -0.257662 0.686593 0.679854 9.84625 22.7943 -11.7782</i>
                <i>-0.737073 0.327338 -0.591247 -0.628707 -0.653031 0.422229 -0.247891 0.682935 0.687131 9.84625 22.7943 -11.7782</i>
                <i>-0.744286 0.332163 -0.579401 -0.624122 -0.654725 0.426388 -0.237718 0.678972 0.694613 9.84625 22.7943 -11.7782</i>
                <i>-0.751623 0.337073 -0.566961 -0.619255 -0.656597 0.430585 -0.227127 0.674731 0.702248 9.84625 22.7943 -11.7782</i>
                <i>-0.759036 0.342059 -0.553949 -0.614135 -0.658614 0.434816 -0.216106 0.670241 0.709982 9.84625 22.7943 -11.7782</i>
                <i>-0.766476 0.347108 -0.540398 -0.608794 -0.660743 0.439078 -0.204657 0.665534 0.717761 9.84625 22.7943 -11.7782</i>
                <i>-0.773892 0.352208 -0.526347 -0.603262 -0.66295 0.443363 -0.192786 0.660641 0.725526 9.84625 22.7943 -11.7782</i>
                <i>-0.781229 0.357345 -0.511846 -0.597576 -0.665206 0.447665 -0.180512 0.655596 0.733219 9.84625 22.7943 -11.7782</i>
                <i>-0.788436 0.362499 -0.496955 -0.591767 -0.667484 0.45197 -0.167871 0.650431 0.740783 9.84625 22.7943 -11.7782</i>
                <i>-0.795463 0.367649 -0.481739 -0.585869 -0.669762 0.456263 -0.154906 0.645176 0.748165 9.84625 22.7943 -11.7782</i>
                <i>-0.802263 0.372773 -0.466277 -0.579916 -0.672021 0.460527 -0.141676 0.639865 0.755315 9.84625 22.7943 -11.7782</i>
                <i>-0.80879 0.377847 -0.450655 -0.573943 -0.674242 0.464744 -0.128249 0.634531 0.762183 9.84625 22.7943 -11.7782</i>
                <i>-0.815004 0.382845 -0.43497 -0.56799 -0.676408 0.468893 -0.114704 0.629208 0.768726 9.84625 22.7943 -11.7782</i>
                <i>-0.820855 0.38775 -0.419341 -0.562114 -0.678474 0.472969 -0.101118 0.623957 0.774889 9.84625 22.7943 -11.7782</i>
                <i>-0.826301 0.392545 -0.4039 -0.556377 -0.680403 0.476965 -0.0875847 0.618837 0.780621 9.84625 22.7943 -11.7782</i>
                <i>-0.831318 0.397199 -0.388771 -0.550819 -0.682187 0.480853 -0.0742202 0.613884 0.785899 9.84625 22.7943 -11.7782</i>
                <i>-0.83589 0.40168 -0.374087 -0.54548 -0.683818 0.484607 -0.0611504 0.609135 0.790705 9.84625 22.7943 -11.7782</i>
                <i>-0.840007 0.405956 -0.359983 -0.540403 -0.685292 0.488201 -0.0485053 0.604628 0.79503 9.84625 22.7943 -11.7782</i>
                <i>-0.843667 0.409994 -0.3466 -0.535631 -0.686603 0.491606 -0.0364213 0.600401 0.798869 9.84625 22.7943 -11.7782</i>
                <i>-0.846888 0.41377 -0.334028 -0.531183 -0.687764 0.494798 -0.0249999 0.596469 0.802247 9.84625 22.7943 -11.7782</i>
                <i>-0.849694 0.41726 -0.322357 -0.527081 -0.688786 0.497754 -0.014342 0.592847 0.805187 9.84625 22.7943 -11.7782</i>
                <i>-0.852094 0.420431 -0.311727 -0.523369 -0.689665 0.500447 -0.00458376 0.589576 0.8077 9.84625 22.7943 -11.7782</i>
                <i>-0.854087 0.42326 -0.302302 -0.520114 -0.69037 0.502863 0.00414126 0.58672 0.809779 9.84625 22.7943 -11.7782</i>
                <i>-0.85567 0.425726 -0.294254 -0.517389 -0.690862 0.504993 0.0116994 0.584352 0.811416 9.84625 22.7943 -11.7782</i>
                <i>-0.856854 0.427799 -0.28773 -0.515246 -0.691132 0.506812 0.0179539 0.582516 0.812621 9.84625 22.7943 -11.7782</i>
                <i>-0.857647 0.429446 -0.282874 -0.513734 -0.691167 0.508296 0.0227727 0.58126 0.813399 9.84625 22.7943 -11.7782</i>
                <i>-0.858051 0.430638 -0.279821 -0.512905 -0.690956 0.50942 0.0260313 0.580629 0.813752 9.84625 22.7943 -11.7782</i>
                <i>-0.858187 0.431518 -0.278042 -0.512562 -0.690559 0.510301 0.0282 0.580448 0.813809 9.84625 22.7943 -11.7782</i>
                <i>-0.858188 0.432257 -0.276887 -0.512467 -0.690056 0.511078 0.0298495 0.580496 0.813715 9.84625 22.7943 -11.7782</i>
                <i>-0.85807 0.432862 -0.276308 -0.512595 -0.68946 0.511752 0.0310149 0.580754 0.813488 9.84625 22.7943 -11.7782</i>
                <i>-0.857847 0.43334 -0.276251 -0.512924 -0.688787 0.512329 0.0317345 0.581196 0.813145 9.84625 22.7943 -11.7782</i>
                <i>-0.85753 0.433682 -0.276698 -0.513437 -0.688058 0.512794 0.0320054 0.581804 0.812699 9.84625 22.7943 -11.7782</i>
                <i>-0.857131 0.433881 -0.277622 -0.514114 -0.687297 0.513137 0.0318321 0.582555 0.812168 9.84625 22.7943 -11.7782</i>
                <i>-0.856663 0.43395 -0.278955 -0.514928 -0.686517 0.513366 0.0312679 0.583423 0.811566 9.84625 22.7943 -11.7782</i>
                <i>-0.856142 0.433915 -0.280604 -0.515845 -0.685725 0.513502 0.0303993 0.584379 0.810911 9.84625 22.7943 -11.7782</i>
                <i>-0.855584 0.433801 -0.282475 -0.516833 -0.684931 0.513569 0.0293107 0.585394 0.810219 9.84625 22.7943 -11.7782</i>
                <i>-0.855004 0.433621 -0.2845 -0.517861 -0.684152 0.513571 0.0280534 0.586437 0.809509 9.84625 22.7943 -11.7782</i>
                <i>-0.85442 0.433385 -0.286607 -0.518897 -0.683409 0.513515 0.0266794 0.587477 0.808801 9.84625 22.7943 -11.7782</i>
                <i>-0.853849 0.433105 -0.288724 -0.519908 -0.682722 0.513407 0.0252409 0.588482 0.808116 9.84625 22.7943 -11.7782</i>
                <i>-0.853311 0.432793 -0.290777 -0.52086 -0.682111 0.513254 0.0237902 0.589419 0.807477 9.84625 22.7943 -11.7782</i>
                <i>-0.852801 0.432424 -0.292814 -0.521762 -0.681589 0.513031 0.022268 0.590292 0.806882 9.84625 22.7943 -11.7782</i>
                <i>-0.852313 0.431976 -0.294887 -0.522625 -0.681166 0.512715 0.0206139 0.591109 0.806328 9.84625 22.7943 -11.7782</i>
                <i>-0.851778 0.431396 -0.297272 -0.523571 -0.680771 0.512273 0.0186184 0.591986 0.805733 9.84625 22.7943 -11.7782</i>
                <i>-0.851117 0.430628 -0.300267 -0.524731 -0.680331 0.511671 0.0160591 0.593051 0.805005 9.84625 22.7943 -11.7782</i>
                <i>-0.850331 0.429678 -0.303831 -0.526088 -0.679854 0.510911 0.0129668 0.594285 0.80415 9.84625 22.7943 -11.7782</i>
                <i>-0.849426 0.428553 -0.307926 -0.527625 -0.679349 0.509997 0.00937201 0.595674 0.803171 9.84625 22.7943 -11.7782</i>
                <i>-0.848402 0.427258 -0.312513 -0.529325 -0.678823 0.508934 0.0053053 0.597202 0.802073 9.84625 22.7943 -11.7782</i>
                <i>-0.847263 0.425799 -0.317555 -0.531174 -0.678285 0.507725 0.000796315 0.598853 0.800859 9.84625 22.7943 -11.7782</i>
                <i>-0.846008 0.424184 -0.323015 -0.533154 -0.677742 0.506373 -0.00412552 0.600612 0.79953 9.84625 22.7943 -11.7782</i>
                <i>-0.84464 0.422416 -0.328857 -0.535251 -0.677201 0.504881 -0.00943214 0.602464 0.79809 9.84625 22.7943 -11.7782</i>
                <i>-0.843161 0.420504 -0.335046 -0.537449 -0.676671 0.503254 -0.0150959 0.604395 0.796542 9.84625 22.7943 -11.7782</i>
                <i>-0.841572 0.418451 -0.34155 -0.539733 -0.676159 0.501495 -0.0210907 0.60639 0.794888 9.84625 22.7943 -11.7782</i>
                <i>-0.839866 0.416271 -0.348345 -0.542103 -0.675652 0.499618 -0.0273832 0.608451 0.793119 9.84625 22.7943 -11.7782</i>
                <i>-0.838041 0.413975 -0.355405 -0.544551 -0.675149 0.497632 -0.0339436 0.610572 0.791233 9.84625 22.7943 -11.7782</i>
                <i>-0.836105 0.411563 -0.362691 -0.547054 -0.674668 0.495535 -0.0407523 0.612731 0.78924 9.84625 22.7943 -11.7782</i>
                <i>-0.834066 0.409035 -0.370168 -0.549591 -0.674229 0.493321 -0.0477923 0.614903 0.787153 9.84625 22.7943 -11.7782</i>
                <i>-0.831933 0.406391 -0.377802 -0.552139 -0.673851 0.490987 -0.0550499 0.617067 0.784983 9.84625 22.7943 -11.7782</i>
                <i>-0.829714 0.40363 -0.385562 -0.554678 -0.673553 0.488527 -0.0625125 0.6192 0.782741 9.84625 22.7943 -11.7782</i>
                <i>-0.827418 0.400744 -0.393426 -0.557184 -0.673365 0.485928 -0.0701872 0.621276 0.780442 9.84625 22.7943 -11.7782</i>
                <i>-0.82505 0.397727 -0.401381 -0.55964 -0.673305 0.48318 -0.0780784 0.623277 0.778094 9.84625 22.7943 -11.7782</i>
                <i>-0.822612 0.394583 -0.409408 -0.562036 -0.67338 0.480287 -0.0861743 0.625191 0.7757 9.84625 22.7943 -11.7782</i>
                <i>-0.820107 0.391317 -0.417488 -0.56436 -0.673596 0.477249 -0.0944622 0.627009 0.773264 9.84625 22.7943 -11.7782</i>
                <i>-0.817538 0.387934 -0.425603 -0.566601 -0.673958 0.474072 -0.10293 0.628719 0.770791 9.84625 22.7943 -11.7782</i>
