<?xml version="1.0" encoding="ISO-8859-1" ?>
<Animl Version="1">
    <ModellingPackage><![CDATA[Maya.2010]]></ModellingPackage>
    <SrcFile><![CDATA[anims\bosses\red\~src\boss_beetle\boss_beetle_flyin_ropeb.mb]]></SrcFile>
    <FramesPerSecond>30</FramesPerSecond>
    <TotalFrames>800</TotalFrames>
    <Skeleton>
        <RefFrame>
            <Name><![CDATA[rope_ref_frame]]></Name>
            <Exclude>0</Exclude>
            <Additive>0</Additive>
            <IKPriority>0</IKPriority>
            <IKRotLimits>-1e+010 -1e+010 -1e+010 1e+010 1e+010 1e+010</IKRotLimits>
            <IKRotLimitOrder>10</IKRotLimitOrder>
            <KeyFrames count="800">
                <i>-0.556184 -0.707745 0.435611 0.707745 -0.678121 -0.198114 0.435611 0.198114 0.878063 -11.2576 22.6266 5.26829</i>
                <i>-0.538524 -0.705653 0.460485 0.705653 -0.676348 -0.211204 0.460485 0.211204 0.862175 -11.2576 22.6266 5.26829</i>
                <i>-0.520178 -0.703445 0.484334 0.703445 -0.674488 -0.22412 0.484334 0.22412 0.84569 -11.2576 22.6266 5.26829</i>
                <i>-0.501245 -0.701128 0.507122 0.701128 -0.672551 -0.236842 0.507122 0.236842 0.828694 -11.2576 22.6266 5.26829</i>
                <i>-0.481822 -0.698706 0.528826 0.698706 -0.670547 -0.249351 0.528826 0.249351 0.811275 -11.2576 22.6266 5.26829</i>
                <i>-0.462007 -0.696187 0.549431 0.696187 -0.668486 -0.261631 0.549431 0.261631 0.793521 -11.2576 22.6266 5.26829</i>
                <i>-0.441895 -0.693575 0.568932 0.693575 -0.666379 -0.273665 0.568932 0.273665 0.775515 -11.2576 22.6266 5.26829</i>
                <i>-0.421578 -0.690878 0.587332 0.690878 -0.664237 -0.28544 0.587332 0.28544 0.757341 -11.2576 22.6266 5.26829</i>
                <i>-0.401146 -0.688104 0.604644 0.688104 -0.662071 -0.296942 0.604644 0.296942 0.739075 -11.2576 22.6266 5.26829</i>
                <i>-0.380681 -0.68526 0.620887 0.68526 -0.659892 -0.308159 0.620887 0.308159 0.72079 -11.2576 22.6266 5.26829</i>
                <i>-0.360264 -0.682353 0.636085 0.682353 -0.65771 -0.319081 0.636085 0.319081 0.702555 -11.2576 22.6266 5.26829</i>
                <i>-0.339968 -0.67939 0.65027 0.67939 -0.655536 -0.3297 0.65027 0.3297 0.684432 -11.2576 22.6266 5.26829</i>
                <i>-0.31986 -0.67638 0.663476 0.67638 -0.65338 -0.340007 0.663476 0.340007 0.666479 -11.2576 22.6266 5.26829</i>
                <i>-0.300001 -0.673328 0.675743 0.673328 -0.651253 -0.349997 0.675743 0.349997 0.648748 -11.2576 22.6266 5.26829</i>
                <i>-0.280448 -0.670243 0.687112 0.670243 -0.649165 -0.359665 0.687112 0.359665 0.631283 -11.2576 22.6266 5.26829</i>
                <i>-0.26125 -0.667132 0.697627 0.667132 -0.647124 -0.369006 0.697627 0.369006 0.614126 -11.2576 22.6266 5.26829</i>
                <i>-0.242452 -0.664 0.707333 0.664 -0.64514 -0.378018 0.707333 0.378018 0.597312 -11.2576 22.6266 5.26829</i>
                <i>-0.224091 -0.660855 0.716278 0.660855 -0.643221 -0.3867 0.716278 0.3867 0.58087 -11.2576 22.6266 5.26829</i>
                <i>-0.206201 -0.657702 0.724506 0.657702 -0.641376 -0.39505 0.724506 0.39505 0.564825 -11.2576 22.6266 5.26829</i>
                <i>-0.18881 -0.654547 0.732065 0.654547 -0.639613 -0.403068 0.732065 0.403068 0.549197 -11.2576 22.6266 5.26829</i>
                <i>-0.171941 -0.651395 0.739 0.651395 -0.637937 -0.410755 0.739 0.410755 0.534003 -11.2576 22.6266 5.26829</i>
                <i>-0.155613 -0.648251 0.745355 0.648251 -0.636357 -0.418114 0.745355 0.418114 0.519255 -11.2576 22.6266 5.26829</i>
                <i>-0.139841 -0.64512 0.751176 0.64512 -0.634879 -0.425146 0.751176 0.425146 0.504962 -11.2576 22.6266 5.26829</i>
                <i>-0.124637 -0.642004 0.756503 0.642004 -0.633509 -0.431853 0.756503 0.431853 0.491128 -11.2576 22.6266 5.26829</i>
                <i>-0.110008 -0.638909 0.761376 0.638909 -0.632251 -0.43824 0.761376 0.43824 0.477757 -11.2576 22.6266 5.26829</i>
                <i>-0.0959604 -0.635836 0.765836 0.635836 -0.631111 -0.44431 0.765836 0.44431 0.464849 -11.2576 22.6266 5.26829</i>
                <i>-0.0824962 -0.632788 0.769918 0.632788 -0.630095 -0.450066 0.769918 0.450066 0.452402 -11.2576 22.6266 5.26829</i>
                <i>-0.0696155 -0.629769 0.773657 0.629769 -0.629205 -0.455514 0.773657 0.455514 0.440411 -11.2576 22.6266 5.26829</i>
                <i>-0.0573167 -0.626778 0.777087 0.626778 -0.628445 -0.460658 0.777087 0.460658 0.428871 -11.2576 22.6266 5.26829</i>
                <i>-0.0455963 -0.623818 0.780238 0.623818 -0.627821 -0.465502 0.780238 0.465502 0.417776 -11.2576 22.6266 5.26829</i>
                <i>-0.0344493 -0.62089 0.78314 0.62089 -0.627333 -0.470051 0.78314 0.470051 0.407116 -11.2576 22.6266 5.26829</i>
                <i>-0.0238693 -0.617994 0.78582 0.617994 -0.626987 -0.474311 0.78582 0.474311 0.396883 -11.2576 22.6266 5.26829</i>
                <i>-0.0138492 -0.61513 0.788304 0.61513 -0.626783 -0.478286 0.788304 0.478286 0.387066 -11.2576 22.6266 5.26829</i>
                <i>-0.00438081 -0.612299 0.790614 0.612299 -0.626726 -0.481981 0.790614 0.481981 0.377655 -11.2576 22.6266 5.26829</i>
                <i>0.00454472 -0.609498 0.792774 0.609498 -0.626816 -0.485401 0.792774 0.485401 0.368639 -11.2576 22.6266 5.26829</i>
                <i>0.0129367 -0.606728 0.794804 0.606728 -0.627056 -0.48855 0.794804 0.48855 0.360007 -11.2576 22.6266 5.26829</i>
                <i>0.0208049 -0.603987 0.796723 0.603987 -0.627449 -0.491434 0.796723 0.491434 0.351746 -11.2576 22.6266 5.26829</i>
                <i>0.0281592 -0.601273 0.798547 0.601273 -0.627995 -0.494057 0.798547 0.494057 0.343846 -11.2576 22.6266 5.26829</i>
                <i>0.0350096 -0.598585 0.800294 0.598585 -0.628697 -0.496424 0.800294 0.496424 0.336294 -11.2576 22.6266 5.26829</i>
                <i>0.0413665 -0.59592 0.801978 0.59592 -0.629556 -0.498537 0.801978 0.498537 0.329078 -11.2576 22.6266 5.26829</i>
                <i>0.0472397 -0.593275 0.803613 0.593275 -0.630573 -0.500402 0.803613 0.500402 0.322187 -11.2576 22.6266 5.26829</i>
                <i>0.0526936 -0.590704 0.805166 0.590704 -0.631659 -0.502071 0.805166 0.502071 0.315647 -11.2576 22.6266 5.26829</i>
                <i>0.0577825 -0.588264 0.806602 0.588264 -0.632723 -0.503594 0.806602 0.503594 0.309495 -11.2576 22.6266 5.26829</i>
                <i>0.0625022 -0.585958 0.807928 0.585958 -0.633763 -0.504973 0.807928 0.504973 0.303735 -11.2576 22.6266 5.26829</i>
                <i>0.0668492 -0.583786 0.809151 0.583786 -0.634779 -0.506211 0.809151 0.506211 0.298371 -11.2576 22.6266 5.26829</i>
                <i>0.0708206 -0.581751 0.810278 0.581751 -0.635771 -0.507308 0.810278 0.507308 0.293408 -11.2576 22.6266 5.26829</i>
                <i>0.0744141 -0.579853 0.811315 0.579853 -0.636739 -0.508266 0.811315 0.508266 0.288847 -11.2576 22.6266 5.26829</i>
                <i>0.0776281 -0.578095 0.812268 0.578095 -0.63768 -0.509088 0.812268 0.509088 0.284692 -11.2576 22.6266 5.26829</i>
                <i>0.0804613 -0.576477 0.813142 0.576477 -0.638595 -0.509775 0.813142 0.509775 0.280943 -11.2576 22.6266 5.26829</i>
                <i>0.0829133 -0.575 0.813941 0.575 -0.639483 -0.510329 0.813941 0.510329 0.277603 -11.2576 22.6266 5.26829</i>
                <i>0.0849839 -0.573665 0.81467 0.573665 -0.640344 -0.510753 0.81467 0.510753 0.274672 -11.2576 22.6266 5.26829</i>
                <i>0.0866737 -0.572471 0.815331 0.572471 -0.641176 -0.511048 0.815331 0.511048 0.272151 -11.2576 22.6266 5.26829</i>
                <i>0.0879834 -0.571421 0.815927 0.571421 -0.641978 -0.511216 0.815927 0.511216 0.270038 -11.2576 22.6266 5.26829</i>
                <i>0.0889146 -0.570513 0.816461 0.570513 -0.64275 -0.51126 0.816461 0.51126 0.268335 -11.2576 22.6266 5.26829</i>
                <i>0.0894689 -0.569748 0.816935 0.569748 -0.643491 -0.511182 0.816935 0.511182 0.26704 -11.2576 22.6266 5.26829</i>
                <i>0.0896485 -0.569125 0.817349 0.569125 -0.6442 -0.510983 0.817349 0.510983 0.266152 -11.2576 22.6266 5.26829</i>
                <i>0.0894562 -0.568645 0.817705 0.568645 -0.644875 -0.510666 0.817705 0.510666 0.265669 -11.2576 22.6266 5.26829</i>
                <i>0.0888949 -0.568306 0.818001 0.568306 -0.645516 -0.510232 0.818001 0.510232 0.265589 -11.2576 22.6266 5.26829</i>
                <i>0.0879679 -0.56811 0.818238 0.56811 -0.646122 -0.509685 0.818238 0.509685 0.26591 -11.2576 22.6266 5.26829</i>
                <i>0.0866791 -0.568054 0.818414 0.568054 -0.64669 -0.509025 0.818414 0.509025 0.26663 -11.2576 22.6266 5.26829</i>
                <i>0.0850324 -0.568138 0.818528 0.568138 -0.647221 -0.508255 0.818528 0.508255 0.267746 -11.2576 22.6266 5.26829</i>
                <i>0.0830324 -0.568362 0.818578 0.568362 -0.647713 -0.507378 0.818578 0.507378 0.269254 -11.2576 22.6266 5.26829</i>
                <i>0.0806837 -0.568725 0.818561 0.568725 -0.648165 -0.506394 0.818561 0.506394 0.271151 -11.2576 22.6266 5.26829</i>
                <i>0.0779915 -0.569225 0.818474 0.569225 -0.648575 -0.505306 0.818474 0.505306 0.273434 -11.2576 22.6266 5.26829</i>
                <i>0.0749613 -0.569862 0.818314 0.569862 -0.648942 -0.504115 0.818314 0.504115 0.276097 -11.2576 22.6266 5.26829</i>
                <i>0.0715987 -0.570634 0.818077 0.570634 -0.649264 -0.502824 0.818077 0.502824 0.279137 -11.2576 22.6266 5.26829</i>
                <i>0.0679099 -0.571541 0.817759 0.571541 -0.649541 -0.501435 0.817759 0.501435 0.282549 -11.2576 22.6266 5.26829</i>
                <i>0.0638869 -0.572541 0.817383 0.572541 -0.649825 -0.499924 0.817383 0.499924 0.286288 -11.2576 22.6266 5.26829</i>
                <i>0.059521 -0.573593 0.816975 0.573593 -0.650168 -0.498269 0.816975 0.498269 0.290311 -11.2576 22.6266 5.26829</i>
                <i>0.0548164 -0.574695 0.81653 0.574695 -0.650572 -0.49647 0.81653 0.49647 0.294612 -11.2576 22.6266 5.26829</i>
                <i>0.0497769 -0.575843 0.816044 0.575843 -0.651035 -0.494529 0.816044 0.494529 0.299188 -11.2576 22.6266 5.26829</i>
                <i>0.0444056 -0.577035 0.815511 0.577035 -0.651558 -0.492446 0.815511 0.492446 0.304037 -11.2576 22.6266 5.26829</i>
                <i>0.0387051 -0.57827 0.814927 0.57827 -0.65214 -0.490222 0.814927 0.490222 0.309155 -11.2576 22.6266 5.26829</i>
                <i>0.0326774 -0.579545 0.814285 0.579545 -0.652782 -0.487856 0.814285 0.487856 0.314541 -11.2576 22.6266 5.26829</i>
                <i>0.0263237 -0.580857 0.81358 0.580857 -0.653484 -0.48535 0.81358 0.48535 0.320193 -11.2576 22.6266 5.26829</i>
                <i>0.0196447 -0.582205 0.812805 0.582205 -0.654246 -0.482701 0.812805 0.482701 0.32611 -11.2576 22.6266 5.26829</i>
                <i>0.0126404 -0.583585 0.811953 0.583585 -0.655068 -0.47991 0.811953 0.47991 0.332292 -11.2576 22.6266 5.26829</i>
                <i>0.00531009 -0.584997 0.811018 0.584997 -0.655951 -0.476976 0.811018 0.476976 0.338739 -11.2576 22.6266 5.26829</i>
                <i>-0.00234781 -0.586438 0.809991 0.586438 -0.656896 -0.473897 0.809991 0.473897 0.345452 -11.2576 22.6266 5.26829</i>
                <i>-0.0103354 -0.587906 0.808863 0.587906 -0.657902 -0.470671 0.808863 0.470671 0.352433 -11.2576 22.6266 5.26829</i>
                <i>-0.0186556 -0.589398 0.807627 0.589398 -0.658972 -0.467296 0.807627 0.467296 0.359684 -11.2576 22.6266 5.26829</i>
                <i>-0.0273123 -0.590913 0.806273 0.590913 -0.660105 -0.46377 0.806273 0.46377 0.367207 -11.2576 22.6266 5.26829</i>
                <i>-0.0363101 -0.592448 0.80479 0.592448 -0.661303 -0.46009 0.80479 0.46009 0.375007 -11.2576 22.6266 5.26829</i>
                <i>-0.0456546 -0.594002 0.803167 0.594002 -0.662567 -0.456253 0.803167 0.456253 0.383088 -11.2576 22.6266 5.26829</i>
                <i>-0.0553521 -0.595572 0.801393 0.595572 -0.663898 -0.452254 0.801393 0.452254 0.391454 -11.2576 22.6266 5.26829</i>
                <i>-0.0653714 -0.597209 0.799417 0.597209 -0.665226 -0.448125 0.799417 0.448125 0.400145 -11.2576 22.6266 5.26829</i>
                <i>-0.0756733 -0.598965 0.797191 0.598965 -0.666479 -0.443899 0.797191 0.443899 0.409194 -11.2576 22.6266 5.26829</i>
                <i>-0.086252 -0.600841 0.794701 0.600841 -0.667655 -0.439575 0.794701 0.439575 0.418597 -11.2576 22.6266 5.26829</i>
                <i>-0.0971011 -0.602837 0.791934 0.602837 -0.668752 -0.435153 0.791934 0.435153 0.428349 -11.2576 22.6266 5.26829</i>
                <i>-0.108214 -0.604952 0.788874 0.604952 -0.669768 -0.430631 0.788874 0.430631 0.438445 -11.2576 22.6266 5.26829</i>
                <i>-0.119582 -0.607188 0.785508 0.607188 -0.670702 -0.426008 0.785508 0.426008 0.44888 -11.2576 22.6266 5.26829</i>
                <i>-0.131197 -0.609543 0.781821 0.609543 -0.671549 -0.421283 0.781821 0.421283 0.459648 -11.2576 22.6266 5.26829</i>
                <i>-0.14305 -0.612018 0.777798 0.612018 -0.67231 -0.416453 0.777798 0.416453 0.47074 -11.2576 22.6266 5.26829</i>
                <i>-0.154886 -0.614623 0.773466 0.614623 -0.672902 -0.411633 0.773466 0.411633 0.481984 -11.2576 22.6266 5.26829</i>
                <i>-0.166141 -0.617263 0.769015 0.617263 -0.67327 -0.407056 0.769015 0.407056 0.492871 -11.2576 22.6266 5.26829</i>
                <i>-0.176509 -0.619838 0.764621 0.619838 -0.673441 -0.402837 0.764621 0.402837 0.503068 -11.2576 22.6266 5.26829</i>
                <i>-0.186017 -0.62235 0.760315 0.62235 -0.673428 -0.398967 0.760315 0.398967 0.512589 -11.2576 22.6266 5.26829</i>
                <i>-0.194692 -0.624799 0.756123 0.624799 -0.673243 -0.395436 0.756123 0.395436 0.521449 -11.2576 22.6266 5.26829</i>
                <i>-0.202565 -0.627185 0.752068 0.627185 -0.672898 -0.392233 0.752068 0.392233 0.529667 -11.2576 22.6266 5.26829</i>
                <i>-0.209665 -0.62951 0.748169 0.62951 -0.672402 -0.389348 0.748169 0.389348 0.537262 -11.2576 22.6266 5.26829</i>
                <i>-0.216022 -0.631775 0.744443 0.631775 -0.671767 -0.386769 0.744443 0.386769 0.544256 -11.2576 22.6266 5.26829</i>
                <i>-0.221669 -0.633979 0.740901 0.633979 -0.671 -0.384486 0.740901 0.384486 0.550669 -11.2576 22.6266 5.26829</i>
                <i>-0.226635 -0.636123 0.737553 0.636123 -0.670112 -0.382489 0.737553 0.382489 0.556523 -11.2576 22.6266 5.26829</i>
                <i>-0.230952 -0.638208 0.734406 0.638208 -0.66911 -0.380765 0.734406 0.380765 0.561841 -11.2576 22.6266 5.26829</i>
                <i>-0.234648 -0.640234 0.731465 0.640234 -0.668003 -0.379305 0.731465 0.379305 0.566646 -11.2576 22.6266 5.26829</i>
                <i>-0.237755 -0.642202 0.728731 0.642202 -0.666798 -0.378098 0.728731 0.378098 0.570958 -11.2576 22.6266 5.26829</i>
                <i>-0.240301 -0.644111 0.726206 0.644111 -0.665501 -0.377132 0.726206 0.377132 0.5748 -11.2576 22.6266 5.26829</i>
                <i>-0.242315 -0.645963 0.723889 0.645963 -0.66412 -0.376398 0.723889 0.376398 0.578195 -11.2576 22.6266 5.26829</i>
                <i>-0.243825 -0.647757 0.721775 0.647757 -0.662662 -0.375885 0.721775 0.375885 0.581163 -11.2576 22.6266 5.26829</i>
                <i>-0.244857 -0.649495 0.719862 0.649495 -0.661131 -0.375582 0.719862 0.375582 0.583726 -11.2576 22.6266 5.26829</i>
                <i>-0.245439 -0.651174 0.718145 0.651174 -0.659535 -0.37548 0.718145 0.37548 0.585904 -11.2576 22.6266 5.26829</i>
                <i>-0.245595 -0.652798 0.716616 0.652798 -0.657879 -0.375568 0.716616 0.375568 0.587716 -11.2576 22.6266 5.26829</i>
                <i>-0.245263 -0.654414 0.715254 0.654414 -0.65609 -0.375882 0.715254 0.375882 0.589173 -11.2576 22.6266 5.26829</i>
                <i>-0.244377 -0.656082 0.714029 0.656082 -0.65409 -0.376462 0.714029 0.376462 0.590287 -11.2576 22.6266 5.26829</i>
                <i>-0.242955 -0.657808 0.712925 0.657808 -0.651869 -0.377301 0.712925 0.377301 0.591086 -11.2576 22.6266 5.26829</i>
                <i>-0.241015 -0.659603 0.711923 0.659603 -0.649419 -0.378389 0.711923 0.378389 0.591596 -11.2576 22.6266 5.26829</i>
                <i>-0.238577 -0.661477 0.711006 0.661477 -0.646731 -0.379721 0.711006 0.379721 0.591846 -11.2576 22.6266 5.26829</i>
                <i>-0.235657 -0.663437 0.710153 0.663437 -0.643794 -0.381288 0.710153 0.381288 0.591864 -11.2576 22.6266 5.26829</i>
                <i>-0.232427 -0.665384 0.709396 0.665384 -0.640761 -0.383001 0.709396 0.383001 0.591666 -11.2576 22.6266 5.26829</i>
                <i>-0.229054 -0.66721 0.708777 0.66721 -0.637795 -0.38477 0.708777 0.38477 0.591259 -11.2576 22.6266 5.26829</i>
                <i>-0.225557 -0.668915 0.708291 0.668915 -0.634902 -0.386589 0.708291 0.386589 0.590654 -11.2576 22.6266 5.26829</i>
                <i>-0.221949 -0.6705 0.707933 0.6705 -0.632088 -0.388452 0.707933 0.388452 0.589861 -11.2576 22.6266 5.26829</i>
                <i>-0.218246 -0.671963 0.707697 0.671963 -0.629358 -0.390353 0.707697 0.390353 0.588889 -11.2576 22.6266 5.26829</i>
                <i>-0.214462 -0.673304 0.707579 0.673304 -0.626717 -0.392285 0.707579 0.392285 0.587745 -11.2576 22.6266 5.26829</i>
                <i>-0.21061 -0.674524 0.707574 0.674524 -0.624171 -0.394244 0.707574 0.394244 0.586439 -11.2576 22.6266 5.26829</i>
                <i>-0.206703 -0.675622 0.707678 0.675622 -0.621725 -0.396223 0.707678 0.396223 0.584978 -11.2576 22.6266 5.26829</i>
                <i>-0.202754 -0.676599 0.707888 0.676599 -0.619385 -0.398216 0.707888 0.398216 0.583369 -11.2576 22.6266 5.26829</i>
                <i>-0.198775 -0.677454 0.708199 0.677454 -0.617156 -0.400218 0.708199 0.400218 0.581619 -11.2576 22.6266 5.26829</i>
                <i>-0.194778 -0.678186 0.708608 0.678186 -0.615044 -0.402224 0.708608 0.402224 0.579734 -11.2576 22.6266 5.26829</i>
                <i>-0.190776 -0.678797 0.709111 0.678797 -0.613054 -0.404226 0.709111 0.404226 0.577722 -11.2576 22.6266 5.26829</i>
                <i>-0.186779 -0.679286 0.709707 0.679286 -0.611192 -0.40622 0.709707 0.40622 0.575587 -11.2576 22.6266 5.26829</i>
                <i>-0.1828 -0.679652 0.710392 0.679652 -0.609463 -0.408201 0.710392 0.408201 0.573337 -11.2576 22.6266 5.26829</i>
                <i>-0.178849 -0.679896 0.711164 0.679896 -0.607873 -0.410161 0.711164 0.410161 0.570976 -11.2576 22.6266 5.26829</i>
                <i>-0.174939 -0.680017 0.71202 0.680017 -0.606428 -0.412095 0.71202 0.412095 0.568511 -11.2576 22.6266 5.26829</i>
                <i>-0.171081 -0.680015 0.712959 0.680015 -0.605133 -0.413996 0.712959 0.413996 0.565947 -11.2576 22.6266 5.26829</i>
                <i>-0.167286 -0.67989 0.713978 0.67989 -0.603995 -0.415859 0.713978 0.415859 0.563291 -11.2576 22.6266 5.26829</i>
                <i>-0.163567 -0.679642 0.715075 0.679642 -0.60302 -0.417677 0.715075 0.417677 0.560547 -11.2576 22.6266 5.26829</i>
                <i>-0.159936 -0.679269 0.71625 0.679269 -0.602214 -0.419442 0.71625 0.419442 0.557722 -11.2576 22.6266 5.26829</i>
                <i>-0.156405 -0.678772 0.7175 0.678772 -0.601583 -0.421149 0.7175 0.421149 0.554822 -11.2576 22.6266 5.26829</i>
                <i>-0.152935 -0.678097 0.718885 0.678097 -0.601178 -0.422811 0.718885 0.422811 0.551757 -11.2576 22.6266 5.26829</i>
                <i>-0.149467 -0.677199 0.720459 0.677199 -0.601034 -0.424452 0.720459 0.424452 0.548433 -11.2576 22.6266 5.26829</i>
                <i>-0.145989 -0.676087 0.722215 0.676087 -0.601136 -0.426077 0.722215 0.426077 0.544853 -11.2576 22.6266 5.26829</i>
                <i>-0.142489 -0.674769 0.724143 0.674769 -0.601472 -0.427689 0.724143 0.427689 0.541017 -11.2576 22.6266 5.26829</i>
                <i>-0.138957 -0.673256 0.726235 0.673256 -0.602028 -0.429289 0.726235 0.429289 0.536929 -11.2576 22.6266 5.26829</i>
                <i>-0.135383 -0.671556 0.728481 0.671556 -0.602789 -0.430882 0.728481 0.430882 0.532594 -11.2576 22.6266 5.26829</i>
                <i>-0.131758 -0.669678 0.73087 0.669678 -0.603742 -0.432467 0.73087 0.432467 0.528016 -11.2576 22.6266 5.26829</i>
                <i>-0.128074 -0.667632 0.733393 0.667632 -0.604873 -0.434046 0.733393 0.434046 0.523201 -11.2576 22.6266 5.26829</i>
                <i>-0.124323 -0.665427 0.736037 0.665427 -0.606169 -0.435621 0.736037 0.435621 0.518154 -11.2576 22.6266 5.26829</i>
                <i>-0.120497 -0.663074 0.738792 0.663074 -0.607614 -0.437193 0.738792 0.437193 0.512882 -11.2576 22.6266 5.26829</i>
                <i>-0.116588 -0.660582 0.741646 0.660582 -0.609195 -0.438763 0.741646 0.438763 0.507393 -11.2576 22.6266 5.26829</i>
                <i>-0.112589 -0.657962 0.744587 0.657962 -0.610895 -0.440333 0.744587 0.440333 0.501693 -11.2576 22.6266 5.26829</i>
                <i>-0.108492 -0.655224 0.747604 0.655224 -0.6127 -0.441905 0.747604 0.441905 0.495791 -11.2576 22.6266 5.26829</i>
                <i>-0.104289 -0.65238 0.750682 0.65238 -0.614594 -0.44348 0.750682 0.44348 0.489695 -11.2576 22.6266 5.26829</i>
                <i>-0.099973 -0.649441 0.753811 0.649441 -0.61656 -0.445062 0.753811 0.445062 0.483413 -11.2576 22.6266 5.26829</i>
                <i>-0.0955285 -0.646418 0.75698 0.646418 -0.618581 -0.446657 0.75698 0.446657 0.476948 -11.2576 22.6266 5.26829</i>
                <i>-0.0910047 -0.64327 0.760212 0.64327 -0.62072 -0.44823 0.760212 0.44823 0.470285 -11.2576 22.6266 5.26829</i>
                <i>-0.0864597 -0.639959 0.76353 0.639959 -0.623044 -0.449743 0.76353 0.449743 0.463416 -11.2576 22.6266 5.26829</i>
                <i>-0.0818876 -0.636497 0.766919 0.636497 -0.625535 -0.451195 0.766919 0.451195 0.456353 -11.2576 22.6266 5.26829</i>
                <i>-0.0772816 -0.632899 0.770368 0.632899 -0.628174 -0.452588 0.770368 0.452588 0.449107 -11.2576 22.6266 5.26829</i>
                <i>-0.0726342 -0.629176 0.773861 0.629176 -0.630943 -0.453925 0.773861 0.453925 0.441691 -11.2576 22.6266 5.26829</i>
                <i>-0.067943 -0.625339 0.77739 0.625339 -0.63383 -0.455204 0.77739 0.455204 0.434113 -11.2576 22.6266 5.26829</i>
                <i>-0.0631982 -0.621401 0.78094 0.621401 -0.636813 -0.456431 0.78094 0.456431 0.426385 -11.2576 22.6266 5.26829</i>
                <i>-0.058379 -0.617384 0.784493 0.617384 -0.639862 -0.457618 0.784493 0.457618 0.418517 -11.2576 22.6266 5.26829</i>
                <i>-0.0534629 -0.613308 0.788033 0.613308 -0.642943 -0.458779 0.788033 0.458779 0.41052 -11.2576 22.6266 5.26829</i>
                <i>-0.0484263 -0.609194 0.791541 0.609194 -0.646024 -0.459929 0.791541 0.459929 0.402402 -11.2576 22.6266 5.26829</i>
                <i>-0.0432442 -0.605063 0.795002 0.605063 -0.649074 -0.461087 0.795002 0.461087 0.39417 -11.2576 22.6266 5.26829</i>
                <i>-0.0379045 -0.600925 0.798406 0.600925 -0.652077 -0.46226 0.798406 0.46226 0.385828 -11.2576 22.6266 5.26829</i>
                <i>-0.0323929 -0.596791 0.801743 0.596791 -0.655016 -0.46346 0.801743 0.46346 0.377377 -11.2576 22.6266 5.26829</i>
                <i>-0.0266793 -0.592681 0.804996 0.592681 -0.657858 -0.464707 0.804996 0.464707 0.368821 -11.2576 22.6266 5.26829</i>
                <i>-0.020733 -0.588614 0.808148 0.588614 -0.660571 -0.466025 0.808148 0.466025 0.360162 -11.2576 22.6266 5.26829</i>
                <i>-0.0145225 -0.584611 0.811184 0.584611 -0.663122 -0.467439 0.811184 0.467439 0.3514 -11.2576 22.6266 5.26829</i>
                <i>-0.00801618 -0.580689 0.814086 0.580689 -0.665482 -0.468971 0.814086 0.468971 0.342535 -11.2576 22.6266 5.26829</i>
                <i>-0.00123235 -0.576921 0.816799 0.576921 -0.667572 -0.470648 0.816799 0.470648 0.33366 -11.2576 22.6266 5.26829</i>
                <i>0.00581719 -0.573394 0.819259 0.573394 -0.669296 -0.472507 0.819259 0.472507 0.324887 -11.2576 22.6266 5.26829</i>
                <i>0.0129774 -0.570016 0.821531 0.570016 -0.670809 -0.474443 0.821531 0.474443 0.316213 -11.2576 22.6266 5.26829</i>
                <i>0.0200546 -0.566675 0.823698 0.566675 -0.672308 -0.476321 0.823698 0.476321 0.307637 -11.2576 22.6266 5.26829</i>
                <i>0.0270188 -0.563367 0.825765 0.563367 -0.673804 -0.478127 0.825765 0.478127 0.299177 -11.2576 22.6266 5.26829</i>
                <i>0.0338756 -0.560092 0.827738 0.560092 -0.675298 -0.479865 0.827738 0.479865 0.290827 -11.2576 22.6266 5.26829</i>
                <i>0.0406339 -0.556848 0.82962 0.556848 -0.676787 -0.481539 0.82962 0.481539 0.28258 -11.2576 22.6266 5.26829</i>
                <i>0.0473081 -0.553639 0.831412 0.553639 -0.678264 -0.483159 0.831412 0.483159 0.274428 -11.2576 22.6266 5.26829</i>
                <i>0.0539136 -0.550464 0.833116 0.550464 -0.679722 -0.484734 0.833116 0.484734 0.266365 -11.2576 22.6266 5.26829</i>
                <i>0.0604797 -0.547339 0.834723 0.547339 -0.681136 -0.486287 0.834723 0.486287 0.258385 -11.2576 22.6266 5.26829</i>
                <i>0.0670018 -0.544246 0.836246 0.544246 -0.682524 -0.487808 0.836246 0.487808 0.250474 -11.2576 22.6266 5.26829</i>
                <i>0.0734484 -0.541148 0.837714 0.541148 -0.683945 -0.489262 0.837714 0.489262 0.242606 -11.2576 22.6266 5.26829</i>
                <i>0.0798648 -0.538067 0.83911 0.538067 -0.685354 -0.490686 0.83911 0.490686 0.234781 -11.2576 22.6266 5.26829</i>
                <i>0.0863136 -0.535051 0.840399 0.535051 -0.686677 -0.492134 0.840399 0.492134 0.22701 -11.2576 22.6266 5.26829</i>
                <i>0.0927935 -0.532089 0.841588 0.532089 -0.687923 -0.493603 0.841588 0.493603 0.219283 -11.2576 22.6266 5.26829</i>
                <i>0.0993029 -0.529173 0.842683 0.529173 -0.689103 -0.495089 0.842683 0.495089 0.211594 -11.2576 22.6266 5.26829</i>
                <i>0.10584 -0.526297 0.843688 0.526297 -0.690225 -0.496589 0.843688 0.496589 0.203935 -11.2576 22.6266 5.26829</i>
                <i>0.112402 -0.523453 0.844608 0.523453 -0.691298 -0.4981 0.844608 0.4981 0.196299 -11.2576 22.6266 5.26829</i>
                <i>0.118992 -0.520641 0.845443 0.520641 -0.692322 -0.499623 0.845443 0.499623 0.188686 -11.2576 22.6266 5.26829</i>
                <i>0.125616 -0.51787 0.846187 0.51787 -0.693283 -0.501169 0.846187 0.501169 0.181102 -11.2576 22.6266 5.26829</i>
                <i>0.132279 -0.515152 0.84683 0.515152 -0.694163 -0.502749 0.84683 0.502749 0.173559 -11.2576 22.6266 5.26829</i>
                <i>0.138979 -0.512498 0.847367 0.512498 -0.69495 -0.504371 0.847367 0.504371 0.166071 -11.2576 22.6266 5.26829</i>
                <i>0.145783 -0.509832 0.847832 0.509832 -0.695711 -0.506021 0.847832 0.506021 0.158506 -11.2576 22.6266 5.26829</i>
                <i>0.152761 -0.507081 0.848253 0.507081 -0.696507 -0.507688 0.848253 0.507688 0.150732 -11.2576 22.6266 5.26829</i>
                <i>0.159914 -0.504255 0.848619 0.504255 -0.697325 -0.509377 0.848619 0.509377 0.14276 -11.2576 22.6266 5.26829</i>
                <i>0.167234 -0.50136 0.848924 0.50136 -0.698161 -0.511087 0.848924 0.511087 0.134605 -11.2576 22.6266 5.26829</i>
                <i>0.174706 -0.498399 0.849162 0.498399 -0.699015 -0.512813 0.849162 0.512813 0.126279 -11.2576 22.6266 5.26829</i>
                <i>0.182314 -0.495375 0.849332 0.495375 -0.69989 -0.514547 0.849332 0.514547 0.117796 -11.2576 22.6266 5.26829</i>
                <i>0.190037 -0.492292 0.849432 0.492292 -0.700786 -0.516281 0.849432 0.516281 0.109176 -11.2576 22.6266 5.26829</i>
                <i>0.197853 -0.489157 0.849458 0.489157 -0.701707 -0.518008 0.849458 0.518008 0.10044 -11.2576 22.6266 5.26829</i>
                <i>0.205744 -0.486001 0.849395 0.486001 -0.702619 -0.51974 0.849395 0.51974 0.0916375 -11.2576 22.6266 5.26829</i>
                <i>0.213684 -0.48286 0.849226 0.48286 -0.703486 -0.521492 0.849226 0.521492 0.0828299 -11.2576 22.6266 5.26829</i>
                <i>0.221639 -0.479758 0.848945 0.479758 -0.704292 -0.523264 0.848945 0.523264 0.0740693 -11.2576 22.6266 5.26829</i>
                <i>0.22957 -0.476722 0.848548 0.476722 -0.705016 -0.525059 0.848548 0.525059 0.065414 -11.2576 22.6266 5.26829</i>
                <i>0.237431 -0.473774 0.848036 0.473774 -0.705651 -0.526873 0.848036 0.526873 0.0569186 -11.2576 22.6266 5.26829</i>
                <i>0.245175 -0.470934 0.847414 0.470934 -0.706185 -0.5287 0.847414 0.5287 0.0486402 -11.2576 22.6266 5.26829</i>
                <i>0.252752 -0.468225 0.846689 0.468225 -0.706611 -0.530534 0.846689 0.530534 0.0406374 -11.2576 22.6266 5.26829</i>
                <i>0.26011 -0.465669 0.84587 0.465669 -0.70692 -0.532369 0.84587 0.532369 0.0329707 -11.2576 22.6266 5.26829</i>
                <i>0.267313 -0.46326 0.844946 0.46326 -0.707092 -0.534239 0.844946 0.534239 0.0255955 -11.2576 22.6266 5.26829</i>
                <i>0.274427 -0.460996 0.843903 0.460996 -0.707105 -0.536177 0.843903 0.536177 0.0184681 -11.2576 22.6266 5.26829</i>
                <i>0.281401 -0.458897 0.84275 0.458897 -0.706949 -0.538179 0.84275 0.538179 0.01165 -11.2576 22.6266 5.26829</i>
                <i>0.288182 -0.456985 0.841496 0.456985 -0.706617 -0.540238 0.841496 0.540238 0.00520102 -11.2576 22.6266 5.26829</i>
                <i>0.294883 -0.455245 0.840117 0.455245 -0.706081 -0.542404 0.840117 0.542404 -0.000963337 -11.2576 22.6266 5.26829</i>
                <i>0.301574 -0.453656 0.8386 0.453656 -0.705332 -0.544704 0.8386 0.544704 -0.00690573 -11.2576 22.6266 5.26829</i>
                <i>0.308149 -0.452244 0.83697 0.452244 -0.70438 -0.547105 0.83697 0.547105 -0.0125288 -11.2576 22.6266 5.26829</i>
                <i>0.314508 -0.451046 0.83525 0.451046 -0.703217 -0.549585 0.83525 0.549585 -0.0177249 -11.2576 22.6266 5.26829</i>
                <i>0.320241 -0.450255 0.833496 0.450255 -0.701763 -0.552087 0.833496 0.552087 -0.0220036 -11.2576 22.6266 5.26829</i>
                <i>0.325012 -0.450029 0.83177 0.450029 -0.699956 -0.554559 0.83177 0.554559 -0.0249685 -11.2576 22.6266 5.26829</i>
                <i>0.32867 -0.450365 0.830149 0.450365 -0.697871 -0.556909 0.830149 0.556909 -0.0265404 -11.2576 22.6266 5.26829</i>
                <i>0.331176 -0.451245 0.828674 0.451245 -0.695552 -0.559094 0.828674 0.559094 -0.0267277 -11.2576 22.6266 5.26829</i>
                <i>0.332728 -0.452619 0.827302 0.452619 -0.692982 -0.56117 0.827302 0.56117 -0.025711 -11.2576 22.6266 5.26829</i>
                <i>0.333529 -0.454432 0.825984 0.454432 -0.690146 -0.563196 0.825984 0.563196 -0.0236753 -11.2576 22.6266 5.26829</i>
                <i>0.333788 -0.456628 0.824668 0.456628 -0.687023 -0.565235 0.824668 0.565235 -0.0208115 -11.2576 22.6266 5.26829</i>
                <i>0.333718 -0.459144 0.823298 0.459144 -0.683597 -0.567346 0.823298 0.567346 -0.0173149 -11.2576 22.6266 5.26829</i>
                <i>0.333435 -0.461934 0.821851 0.461934 -0.679877 -0.569547 0.821851 0.569547 -0.013312 -11.2576 22.6266 5.26829</i>
                <i>0.332991 -0.464923 0.820343 0.464923 -0.675936 -0.571802 0.820343 0.571802 -0.0089273 -11.2576 22.6266 5.26829</i>
                <i>0.332503 -0.468026 0.818776 0.468026 -0.671836 -0.574097 0.818776 0.574097 -0.00433843 -11.2576 22.6266 5.26829</i>
                <i>0.332064 -0.471191 0.817137 0.471191 -0.667601 -0.576444 0.817137 0.576444 0.000335176 -11.2576 22.6266 5.26829</i>
                <i>0.33175 -0.474376 0.81542 0.474376 -0.663251 -0.578848 0.81542 0.578848 0.0049995 -11.2576 22.6266 5.26829</i>
                <i>0.331638 -0.477535 0.81362 0.477535 -0.658809 -0.581319 0.81362 0.581319 0.00955369 -11.2576 22.6266 5.26829</i>
                <i>0.331799 -0.480622 0.811734 0.480622 -0.654299 -0.583862 0.811734 0.583862 0.0139021 -11.2576 22.6266 5.26829</i>
                <i>0.332298 -0.483595 0.809762 0.483595 -0.649748 -0.586484 0.809762 0.586484 0.0179547 -11.2576 22.6266 5.26829</i>
                <i>0.333191 -0.486412 0.807705 0.486412 -0.645181 -0.58919 0.807705 0.58919 0.0216276 -11.2576 22.6266 5.26829</i>
                <i>0.334538 -0.489048 0.805554 0.489048 -0.640599 -0.592001 0.805554 0.592001 0.0248627 -11.2576 22.6266 5.26829</i>
                <i>0.336393 -0.491479 0.803298 0.491479 -0.636002 -0.594937 0.803298 0.594937 0.0276058 -11.2576 22.6266 5.26829</i>
                <i>0.338795 -0.49367 0.800942 0.49367 -0.631415 -0.598001 0.800942 0.598001 0.0297892 -11.2576 22.6266 5.26829</i>
                <i>0.341779 -0.495583 0.798489 0.495583 -0.626869 -0.601193 0.798489 0.601193 0.0313522 -11.2576 22.6266 5.26829</i>
                <i>0.345368 -0.497187 0.795943 0.497187 -0.622391 -0.604512 0.795943 0.604512 0.032241 -11.2576 22.6266 5.26829</i>
                <i>0.349582 -0.498451 0.793309 0.498451 -0.618009 -0.607957 0.793309 0.607957 0.0324088 -11.2576 22.6266 5.26829</i>
                <i>0.354436 -0.499351 0.790584 0.499351 -0.613746 -0.611526 0.790584 0.611526 0.0318184 -11.2576 22.6266 5.26829</i>
                <i>0.359941 -0.499867 0.787766 0.499867 -0.609618 -0.615222 0.787766 0.615222 0.0304409 -11.2576 22.6266 5.26829</i>
                <i>0.366104 -0.49998 0.784849 0.49998 -0.605645 -0.619043 0.784849 0.619043 0.0282513 -11.2576 22.6266 5.26829</i>
                <i>0.372928 -0.499673 0.781826 0.499673 -0.601843 -0.622986 0.781826 0.622986 0.025229 -11.2576 22.6266 5.26829</i>
                <i>0.380411 -0.498931 0.778688 0.498931 -0.598231 -0.627047 0.778688 0.627047 0.0213588 -11.2576 22.6266 5.26829</i>
                <i>0.388549 -0.497742 0.775424 0.497742 -0.594822 -0.631222 0.775424 0.631222 0.0166293 -11.2576 22.6266 5.26829</i>
                <i>0.397335 -0.496093 0.772021 0.496093 -0.591633 -0.635501 0.772021 0.635501 0.0110323 -11.2576 22.6266 5.26829</i>
                <i>0.406758 -0.493977 0.768463 0.493977 -0.588679 -0.639879 0.768463 0.639879 0.00456286 -11.2576 22.6266 5.26829</i>
                <i>0.41681 -0.491384 0.764729 0.491384 -0.585969 -0.644346 0.764729 0.644346 -0.00277917 -11.2576 22.6266 5.26829</i>
                <i>0.427436 -0.488343 0.760802 0.488343 -0.58349 -0.648892 0.760802 0.648892 -0.0109256 -11.2576 22.6266 5.26829</i>
                <i>0.438579 -0.484881 0.756663 0.484881 -0.581224 -0.653505 0.756663 0.653505 -0.0198035 -11.2576 22.6266 5.26829</i>
                <i>0.45023 -0.480996 0.752287 0.480996 -0.579174 -0.658179 0.752287 0.658179 -0.0294047 -11.2576 22.6266 5.26829</i>
                <i>0.462376 -0.476687 0.747649 0.476687 -0.577344 -0.662906 0.747649 0.662906 -0.0397194 -11.2576 22.6266 5.26829</i>
                <i>0.475004 -0.471951 0.74272 0.471951 -0.575734 -0.667677 0.74272 0.667677 -0.0507381 -11.2576 22.6266 5.26829</i>
                <i>0.488108 -0.466789 0.737468 0.466789 -0.57434 -0.672489 0.737468 0.672489 -0.0624484 -11.2576 22.6266 5.26829</i>
                <i>0.501681 -0.461198 0.731855 0.461198 -0.573157 -0.677338 0.731855 0.677338 -0.0748382 -11.2576 22.6266 5.26829</i>
                <i>0.515721 -0.455177 0.725841 0.455177 -0.572176 -0.682223 0.725841 0.682223 -0.0878963 -11.2576 22.6266 5.26829</i>
                <i>0.530044 -0.448857 0.719431 0.448857 -0.571296 -0.687131 0.719431 0.687131 -0.10134 -11.2576 22.6266 5.26829</i>
                <i>0.544423 -0.442394 0.712665 0.442394 -0.570409 -0.692042 0.712665 0.692042 -0.114831 -11.2576 22.6266 5.26829</i>
                <i>0.55879 -0.435828 0.705555 0.435828 -0.569489 -0.696948 0.705555 0.696948 -0.128279 -11.2576 22.6266 5.26829</i>
                <i>0.57308 -0.429198 0.698117 0.429198 -0.568511 -0.701843 0.698117 0.701843 -0.141591 -11.2576 22.6266 5.26829</i>
                <i>0.587197 -0.422569 0.690388 0.422569 -0.567434 -0.70672 0.690388 0.70672 -0.154631 -11.2576 22.6266 5.26829</i>
                <i>0.601074 -0.415983 0.682399 0.415983 -0.566231 -0.711576 0.682399 0.711576 -0.167305 -11.2576 22.6266 5.26829</i>
                <i>0.61469 -0.409448 0.674172 0.409448 -0.564901 -0.716407 0.674172 0.716407 -0.179591 -11.2576 22.6266 5.26829</i>
                <i>0.627986 -0.402994 0.665755 0.402994 -0.563446 -0.721197 0.665755 0.721197 -0.191431 -11.2576 22.6266 5.26829</i>
                <i>0.640909 -0.39665 0.657194 0.39665 -0.561862 -0.725933 0.657194 0.725933 -0.202772 -11.2576 22.6266 5.26829</i>
                <i>0.653456 -0.390425 0.648508 0.390425 -0.560137 -0.730627 0.648508 0.730627 -0.213593 -11.2576 22.6266 5.26829</i>
                <i>0.665616 -0.38434 0.639717 0.38434 -0.558241 -0.735289 0.639717 0.735289 -0.223858 -11.2576 22.6266 5.26829</i>
                <i>0.677335 -0.378443 0.630871 0.378443 -0.556137 -0.739928 0.630871 0.739928 -0.233471 -11.2576 22.6266 5.26829</i>
                <i>0.68854 -0.372795 0.622043 0.372795 -0.553793 -0.744539 0.622043 0.744539 -0.242332 -11.2576 22.6266 5.26829</i>
                <i>0.699131 -0.367434 0.613359 0.367434 -0.551275 -0.749058 0.613359 0.749058 -0.250406 -11.2576 22.6266 5.26829</i>
                <i>0.709023 -0.362393 0.604945 0.362393 -0.548663 -0.753419 0.604945 0.753419 -0.257686 -11.2576 22.6266 5.26829</i>
                <i>0.718458 -0.357501 0.596666 0.357501 -0.546046 -0.757645 0.596666 0.757645 -0.264505 -11.2576 22.6266 5.26829</i>
                <i>0.727687 -0.352574 0.588356 0.352574 -0.543508 -0.761768 0.588356 0.761768 -0.271195 -11.2576 22.6266 5.26829</i>
                <i>0.736689 -0.347634 0.580034 0.347634 -0.541038 -0.765786 0.580034 0.765786 -0.277727 -11.2576 22.6266 5.26829</i>
                <i>0.745451 -0.342698 0.571718 0.342698 -0.538627 -0.7697 0.571718 0.7697 -0.284078 -11.2576 22.6266 5.26829</i>
                <i>0.754021 -0.33774 0.563369 0.33774 -0.536268 -0.77353 0.563369 0.77353 -0.290288 -11.2576 22.6266 5.26829</i>
                <i>0.762452 -0.33273 0.55494 0.33273 -0.53395 -0.777295 0.55494 0.777295 -0.296402 -11.2576 22.6266 5.26829</i>
                <i>0.770734 -0.32768 0.546439 0.32768 -0.531662 -0.781 0.546439 0.781 -0.302396 -11.2576 22.6266 5.26829</i>
                <i>0.778858 -0.322601 0.537874 0.322601 -0.529391 -0.784649 0.537874 0.784649 -0.308249 -11.2576 22.6266 5.26829</i>
                <i>0.786816 -0.317505 0.529256 0.317505 -0.527126 -0.788244 0.529256 0.788244 -0.313941 -11.2576 22.6266 5.26829</i>
                <i>0.794597 -0.312405 0.520595 0.312405 -0.524854 -0.79179 0.520595 0.79179 -0.319451 -11.2576 22.6266 5.26829</i>
                <i>0.802191 -0.307312 0.511907 0.307312 -0.522567 -0.795288 0.511907 0.795288 -0.324758 -11.2576 22.6266 5.26829</i>
                <i>0.809588 -0.302238 0.503209 0.302238 -0.520263 -0.798736 0.503209 0.798736 -0.329851 -11.2576 22.6266 5.26829</i>
                <i>0.816777 -0.297194 0.49452 0.297194 -0.517939 -0.802131 0.49452 0.802131 -0.334716 -11.2576 22.6266 5.26829</i>
                <i>0.823749 -0.292194 0.48586 0.292194 -0.515593 -0.805473 0.48586 0.805473 -0.339342 -11.2576 22.6266 5.26829</i>
                <i>0.830495 -0.287248 0.477249 0.287248 -0.513223 -0.808759 0.477249 0.808759 -0.343718 -11.2576 22.6266 5.26829</i>
                <i>0.837006 -0.282369 0.468709 0.282369 -0.510827 -0.811987 0.468709 0.811987 -0.347833 -11.2576 22.6266 5.26829</i>
                <i>0.843275 -0.27757 0.460262 0.27757 -0.508404 -0.815157 0.460262 0.815157 -0.351679 -11.2576 22.6266 5.26829</i>
                <i>0.849296 -0.272865 0.451931 0.272865 -0.505952 -0.818265 0.451931 0.818265 -0.355248 -11.2576 22.6266 5.26829</i>
                <i>0.855061 -0.268266 0.443739 0.268266 -0.503471 -0.82131 0.443739 0.82131 -0.358532 -11.2576 22.6266 5.26829</i>
                <i>0.860566 -0.263787 0.43571 0.263787 -0.50096 -0.824291 0.43571 0.824291 -0.361525 -11.2576 22.6266 5.26829</i>
                <i>0.865805 -0.259442 0.42787 0.259442 -0.498418 -0.827206 0.42787 0.827206 -0.364223 -11.2576 22.6266 5.26829</i>
                <i>0.870774 -0.255245 0.420242 0.255245 -0.495847 -0.830052 0.420242 0.830052 -0.36662 -11.2576 22.6266 5.26829</i>
                <i>0.875469 -0.251208 0.412855 0.251208 -0.493255 -0.832823 0.412855 0.832823 -0.368723 -11.2576 22.6266 5.26829</i>
                <i>0.879887 -0.247347 0.405732 0.247347 -0.490644 -0.835517 0.405732 0.835517 -0.37053 -11.2576 22.6266 5.26829</i>
