<?xml version="1.0" encoding="ISO-8859-1" ?>
<Animl Version="1">
    <ModellingPackage><![CDATA[Maya.2010]]></ModellingPackage>
    <SrcFile><![CDATA[anims\bosses\red\~src\boss_beetle\boss_beetle_flyin_heloc.mb]]></SrcFile>
    <FramesPerSecond>30</FramesPerSecond>
    <TotalFrames>800</TotalFrames>
    <Skeleton>
        <RefFrame>
            <Name><![CDATA[rope_ref_frame]]></Name>
            <Exclude>0</Exclude>
            <Additive>0</Additive>
            <IKPriority>0</IKPriority>
            <IKRotLimits>-1e+010 -1e+010 -1e+010 1e+010 1e+010 1e+010</IKRotLimits>
            <IKRotLimitOrder>10</IKRotLimitOrder>
            <KeyFrames count="800">
                <i>-0.794181 -0.442435 0.416568 0.593608 -0.418153 0.687588 -0.130023 0.793347 0.594722 -10.1771 21.9575 -9.33973</i>
                <i>-0.793762 -0.439188 0.42078 0.595475 -0.420212 0.684713 -0.123901 0.794063 0.595073 -10.1771 21.9575 -9.33973</i>
                <i>-0.793308 -0.435934 0.425 0.597323 -0.42228 0.681824 -0.117761 0.794759 0.595391 -10.1771 21.9575 -9.33973</i>
                <i>-0.792818 -0.432675 0.429223 0.599153 -0.424359 0.678922 -0.111608 0.795432 0.595678 -10.1771 21.9575 -9.33973</i>
                <i>-0.792293 -0.429413 0.433447 0.60096 -0.42645 0.676008 -0.105443 0.796081 0.595934 -10.1771 21.9575 -9.33973</i>
                <i>-0.791736 -0.42615 0.437665 0.602744 -0.428554 0.673084 -0.0992719 0.796704 0.596161 -10.1771 21.9575 -9.33973</i>
                <i>-0.791146 -0.422889 0.441874 0.6045 -0.430671 0.67015 -0.0930967 0.7973 0.596361 -10.1771 21.9575 -9.33973</i>
                <i>-0.790527 -0.419631 0.446068 0.606228 -0.432804 0.66721 -0.0869222 0.797866 0.596535 -10.1771 21.9575 -9.33973</i>
                <i>-0.789879 -0.41638 0.450243 0.607923 -0.434951 0.664264 -0.0807524 0.798401 0.596686 -10.1771 21.9575 -9.33973</i>
                <i>-0.789204 -0.413139 0.454394 0.609584 -0.437115 0.661315 -0.0745922 0.798904 0.596816 -10.1771 21.9575 -9.33973</i>
                <i>-0.788505 -0.409909 0.458514 0.611208 -0.439296 0.658364 -0.0684463 0.799371 0.596927 -10.1771 21.9575 -9.33973</i>
                <i>-0.787783 -0.406695 0.462598 0.612792 -0.441494 0.655415 -0.0623199 0.799801 0.597021 -10.1771 21.9575 -9.33973</i>
                <i>-0.787042 -0.4035 0.46664 0.614332 -0.44371 0.65247 -0.0562186 0.800193 0.597102 -10.1771 21.9575 -9.33973</i>
                <i>-0.786284 -0.400327 0.470633 0.615827 -0.445945 0.649531 -0.0501481 0.800544 0.597172 -10.1771 21.9575 -9.33973</i>
                <i>-0.785512 -0.397181 0.474572 0.617272 -0.448199 0.646601 -0.0441147 0.800853 0.597234 -10.1771 21.9575 -9.33973</i>
                <i>-0.784729 -0.394064 0.478449 0.618665 -0.450472 0.643684 -0.0381249 0.801117 0.597292 -10.1771 21.9575 -9.33973</i>
                <i>-0.78394 -0.390982 0.482257 0.620002 -0.452764 0.640782 -0.0321855 0.801335 0.597349 -10.1771 21.9575 -9.33973</i>
                <i>-0.783147 -0.387938 0.485989 0.62128 -0.455076 0.6379 -0.0263037 0.801504 0.59741 -10.1771 21.9575 -9.33973</i>
                <i>-0.782355 -0.384938 0.489636 0.622496 -0.457409 0.635041 -0.0204872 0.801624 0.597478 -10.1771 21.9575 -9.33973</i>
                <i>-0.781568 -0.381985 0.493192 0.623645 -0.45976 0.632208 -0.0147438 0.801691 0.597557 -10.1771 21.9575 -9.33973</i>
                <i>-0.780792 -0.379086 0.496647 0.624726 -0.462132 0.629406 -0.00908199 0.801703 0.597653 -10.1771 21.9575 -9.33973</i>
                <i>-0.78003 -0.376244 0.499994 0.625733 -0.464524 0.626639 -0.00351043 0.80166 0.597771 -10.1771 21.9575 -9.33973</i>
                <i>-0.779288 -0.373467 0.503222 0.626663 -0.466935 0.623912 0.0019617 0.801558 0.597914 -10.1771 21.9575 -9.33973</i>
                <i>-0.778572 -0.370758 0.506324 0.627512 -0.469365 0.621229 0.00732488 0.801396 0.59809 -10.1771 21.9575 -9.33973</i>
                <i>-0.777888 -0.368125 0.509288 0.628277 -0.471814 0.618595 0.0125691 0.801172 0.598303 -10.1771 21.9575 -9.33973</i>
                <i>-0.777241 -0.365573 0.512106 0.628954 -0.474281 0.616015 0.017684 0.800883 0.598559 -10.1771 21.9575 -9.33973</i>
                <i>-0.776639 -0.363108 0.514767 0.629538 -0.476766 0.613495 0.0226587 0.800529 0.598865 -10.1771 21.9575 -9.33973</i>
                <i>-0.776088 -0.360736 0.517259 0.630026 -0.479268 0.611039 0.0274819 0.800107 0.599227 -10.1771 21.9575 -9.33973</i>
                <i>-0.775594 -0.358465 0.519573 0.630413 -0.481787 0.608655 0.0321419 0.799615 0.599652 -10.1771 21.9575 -9.33973</i>
                <i>-0.775166 -0.356302 0.521697 0.630696 -0.484321 0.606346 0.0366265 0.799051 0.600147 -10.1771 21.9575 -9.33973</i>
                <i>-0.774809 -0.354252 0.523618 0.630869 -0.48687 0.604121 0.0409228 0.798413 0.600718 -10.1771 21.9575 -9.33973</i>
                <i>-0.774533 -0.352324 0.525324 0.630929 -0.489433 0.601983 0.0450178 0.797699 0.601374 -10.1771 21.9575 -9.33973</i>
                <i>-0.774345 -0.350525 0.526804 0.630871 -0.492008 0.599941 0.0488975 0.796907 0.60212 -10.1771 21.9575 -9.33973</i>
                <i>-0.774253 -0.348861 0.528042 0.630691 -0.494595 0.598 0.0525478 0.796035 0.602965 -10.1771 21.9575 -9.33973</i>
                <i>-0.774264 -0.347342 0.529027 0.630385 -0.497192 0.596168 0.0559538 0.795081 0.603916 -10.1771 21.9575 -9.33973</i>
                <i>-0.774387 -0.345974 0.529743 0.629947 -0.499797 0.59445 0.0591 0.794044 0.604981 -10.1771 21.9575 -9.33973</i>
                <i>-0.774629 -0.344765 0.530176 0.629372 -0.502409 0.592853 0.0619704 0.79292 0.606166 -10.1771 21.9575 -9.33973</i>
                <i>-0.774999 -0.343724 0.530312 0.628657 -0.505027 0.591386 0.0645484 0.791708 0.60748 -10.1771 21.9575 -9.33973</i>
                <i>-0.775504 -0.342858 0.530133 0.627796 -0.507649 0.590054 0.0668165 0.790405 0.60893 -10.1771 21.9575 -9.33973</i>
                <i>-0.776153 -0.342177 0.529624 0.626785 -0.510273 0.588865 0.0687568 0.78901 0.610521 -10.1771 21.9575 -9.33973</i>
                <i>-0.776952 -0.341687 0.528768 0.625617 -0.512897 0.587827 0.0703506 0.787519 0.612261 -10.1771 21.9575 -9.33973</i>
                <i>-0.7778 -0.341258 0.527797 0.624394 -0.515519 0.586833 0.0718276 0.785992 0.61405 -10.1771 21.9575 -9.33973</i>
                <i>-0.778591 -0.340752 0.526957 0.62322 -0.518139 0.585773 0.0734338 0.784488 0.615781 -10.1771 21.9575 -9.33973</i>
                <i>-0.779322 -0.340164 0.526256 0.622098 -0.520754 0.584645 0.0751744 0.78301 0.61745 -10.1771 21.9575 -9.33973</i>
                <i>-0.779988 -0.339495 0.525702 0.621032 -0.523361 0.583448 0.0770542 0.78156 0.619053 -10.1771 21.9575 -9.33973</i>
                <i>-0.780586 -0.33874 0.5253 0.620026 -0.525959 0.582182 0.0790779 0.780143 0.620584 -10.1771 21.9575 -9.33973</i>
                <i>-0.781113 -0.337899 0.525059 0.61908 -0.528544 0.580844 0.08125 0.778759 0.62204 -10.1771 21.9575 -9.33973</i>
                <i>-0.781565 -0.336969 0.524984 0.618201 -0.531115 0.579435 0.0835749 0.777412 0.623415 -10.1771 21.9575 -9.33973</i>
                <i>-0.781937 -0.335949 0.525084 0.617389 -0.533667 0.577954 0.0860567 0.776104 0.624705 -10.1771 21.9575 -9.33973</i>
                <i>-0.782226 -0.334837 0.525363 0.616648 -0.536198 0.5764 0.0886993 0.774839 0.625905 -10.1771 21.9575 -9.33973</i>
                <i>-0.782428 -0.333631 0.52583 0.615981 -0.538706 0.574772 0.0915062 0.773619 0.627009 -10.1771 21.9575 -9.33973</i>
                <i>-0.782538 -0.33233 0.526489 0.615392 -0.541187 0.57307 0.0944807 0.772446 0.628013 -10.1771 21.9575 -9.33973</i>
                <i>-0.782553 -0.330933 0.527347 0.614883 -0.543638 0.571294 0.0976259 0.771324 0.628911 -10.1771 21.9575 -9.33973</i>
                <i>-0.782467 -0.329439 0.528409 0.614456 -0.546056 0.569444 0.100944 0.770255 0.629696 -10.1771 21.9575 -9.33973</i>
                <i>-0.782276 -0.327846 0.529681 0.614115 -0.548438 0.56752 0.104438 0.769242 0.630365 -10.1771 21.9575 -9.33973</i>
                <i>-0.781975 -0.326154 0.531167 0.613863 -0.550779 0.565522 0.108109 0.768288 0.630909 -10.1771 21.9575 -9.33973</i>
                <i>-0.78156 -0.324362 0.532872 0.613701 -0.553078 0.56345 0.111958 0.767394 0.631325 -10.1771 21.9575 -9.33973</i>
                <i>-0.781026 -0.32247 0.534801 0.613633 -0.55533 0.561305 0.115987 0.766565 0.631605 -10.1771 21.9575 -9.33973</i>
                <i>-0.780367 -0.320476 0.536956 0.613661 -0.557532 0.559088 0.120196 0.765803 0.631743 -10.1771 21.9575 -9.33973</i>
                <i>-0.77958 -0.318382 0.539341 0.613787 -0.55968 0.556798 0.124584 0.765109 0.631734 -10.1771 21.9575 -9.33973</i>
                <i>-0.778658 -0.316186 0.541958 0.614013 -0.561771 0.554438 0.129151 0.764486 0.63157 -10.1771 21.9575 -9.33973</i>
                <i>-0.777597 -0.313889 0.544809 0.614342 -0.563802 0.552007 0.133896 0.763938 0.631245 -10.1771 21.9575 -9.33973</i>
                <i>-0.776391 -0.311491 0.547897 0.614775 -0.565768 0.549507 0.138816 0.763465 0.630754 -10.1771 21.9575 -9.33973</i>
                <i>-0.775035 -0.308992 0.551221 0.615314 -0.567667 0.54694 0.14391 0.763071 0.630089 -10.1771 21.9575 -9.33973</i>
                <i>-0.77365 -0.306527 0.554533 0.615862 -0.569498 0.544414 0.148928 0.762702 0.62937 -10.1771 21.9575 -9.33973</i>
                <i>-0.772367 -0.304234 0.557576 0.616322 -0.571259 0.542043 0.153612 0.762303 0.628727 -10.1771 21.9575 -9.33973</i>
                <i>-0.771199 -0.302121 0.560336 0.616689 -0.57295 0.539836 0.157948 0.761874 0.628173 -10.1771 21.9575 -9.33973</i>
                <i>-0.770156 -0.300196 0.562799 0.616962 -0.574568 0.5378 0.161921 0.761415 0.627717 -10.1771 21.9575 -9.33973</i>
                <i>-0.76925 -0.298467 0.564953 0.617137 -0.576114 0.535943 0.165516 0.760927 0.627371 -10.1771 21.9575 -9.33973</i>
                <i>-0.768493 -0.296941 0.566784 0.617213 -0.577584 0.53427 0.168719 0.76041 0.627145 -10.1771 21.9575 -9.33973</i>
                <i>-0.767897 -0.295627 0.568277 0.617185 -0.578978 0.532791 0.171513 0.759861 0.627052 -10.1771 21.9575 -9.33973</i>
                <i>-0.767474 -0.294533 0.569415 0.617048 -0.580298 0.531513 0.173882 0.759279 0.627105 -10.1771 21.9575 -9.33973</i>
                <i>-0.767233 -0.293666 0.570188 0.616801 -0.581539 0.530442 0.175814 0.758665 0.627309 -10.1771 21.9575 -9.33973</i>
                <i>-0.767181 -0.293031 0.570584 0.616441 -0.582702 0.529584 0.177296 0.758018 0.627674 -10.1771 21.9575 -9.33973</i>
                <i>-0.767325 -0.292635 0.570594 0.615967 -0.583784 0.528943 0.178316 0.757339 0.628205 -10.1771 21.9575 -9.33973</i>
                <i>-0.767672 -0.292482 0.570206 0.615377 -0.584783 0.528527 0.178862 0.756627 0.628908 -10.1771 21.9575 -9.33973</i>
                <i>-0.768225 -0.292578 0.56941 0.614668 -0.585697 0.528339 0.178921 0.755881 0.629786 -10.1771 21.9575 -9.33973</i>
                <i>-0.768991 -0.292928 0.568196 0.613838 -0.586526 0.528385 0.178483 0.755103 0.630843 -10.1771 21.9575 -9.33973</i>
                <i>-0.76997 -0.293538 0.566553 0.612885 -0.587266 0.528668 0.177533 0.75429 0.632082 -10.1771 21.9575 -9.33973</i>
                <i>-0.771174 -0.294418 0.564455 0.611799 -0.587922 0.529198 0.17605 0.753436 0.633514 -10.1771 21.9575 -9.33973</i>
                <i>-0.772597 -0.295568 0.561901 0.61058 -0.588489 0.529975 0.174028 0.752543 0.635133 -10.1771 21.9575 -9.33973</i>
                <i>-0.774218 -0.296977 0.55892 0.609245 -0.588954 0.530993 0.171486 0.751624 0.63691 -10.1771 21.9575 -9.33973</i>
                <i>-0.776036 -0.29865 0.555496 0.607789 -0.589318 0.532256 0.168406 0.750675 0.638848 -10.1771 21.9575 -9.33973</i>
                <i>-0.778067 -0.300606 0.551587 0.606192 -0.589588 0.533777 0.164753 0.749681 0.640964 -10.1771 21.9575 -9.33973</i>
                <i>-0.780305 -0.302848 0.547181 0.604449 -0.589763 0.535557 0.160515 0.748641 0.643251 -10.1771 21.9575 -9.33973</i>
                <i>-0.782611 -0.30524 0.542538 0.602661 -0.589836 0.537488 0.155946 0.747611 0.645569 -10.1771 21.9575 -9.33973</i>
                <i>-0.784847 -0.307644 0.537931 0.600931 -0.589804 0.539456 0.151314 0.74665 0.647779 -10.1771 21.9575 -9.33973</i>
                <i>-0.787011 -0.310057 0.533365 0.599262 -0.589665 0.541461 0.146623 0.745761 0.649879 -10.1771 21.9575 -9.33973</i>
                <i>-0.7891 -0.312479 0.528846 0.597655 -0.58942 0.543501 0.14188 0.744944 0.651866 -10.1771 21.9575 -9.33973</i>
                <i>-0.791112 -0.314906 0.524381 0.596111 -0.589067 0.545575 0.137091 0.7442 0.653737 -10.1771 21.9575 -9.33973</i>
                <i>-0.793045 -0.317338 0.519977 0.594632 -0.588607 0.547681 0.132262 0.743531 0.655491 -10.1771 21.9575 -9.33973</i>
                <i>-0.794896 -0.319773 0.515641 0.593219 -0.58804 0.549818 0.1274 0.742937 0.657126 -10.1771 21.9575 -9.33973</i>
                <i>-0.796665 -0.322207 0.511378 0.591874 -0.587365 0.551984 0.122512 0.742418 0.65864 -10.1771 21.9575 -9.33973</i>
                <i>-0.798325 -0.324553 0.507289 0.590595 -0.586681 0.554079 0.117789 0.741938 0.660041 -10.1771 21.9575 -9.33973</i>
                <i>-0.799862 -0.32668 0.503489 0.589352 -0.586165 0.555945 0.113512 0.741411 0.661381 -10.1771 21.9575 -9.33973</i>
                <i>-0.80129 -0.328551 0.499988 0.58812 -0.585898 0.557528 0.109766 0.740795 0.662702 -10.1771 21.9575 -9.33973</i>
                <i>-0.802619 -0.330174 0.496777 0.586901 -0.585871 0.55884 0.106532 0.740095 0.664011 -10.1771 21.9575 -9.33973</i>
                <i>-0.803858 -0.331558 0.493844 0.585696 -0.586074 0.559891 0.103793 0.739315 0.665312 -10.1771 21.9575 -9.33973</i>
                <i>-0.805012 -0.33271 0.491182 0.584506 -0.586498 0.56069 0.10153 0.738461 0.666609 -10.1771 21.9575 -9.33973</i>
                <i>-0.806087 -0.33364 0.488782 0.583333 -0.587133 0.561246 0.0997257 0.737536 0.667903 -10.1771 21.9575 -9.33973</i>
                <i>-0.807089 -0.334354 0.486636 0.582179 -0.587968 0.561571 0.0983629 0.736547 0.669196 -10.1771 21.9575 -9.33973</i>
                <i>-0.80802 -0.334862 0.484739 0.581044 -0.588992 0.561672 0.097425 0.735497 0.670487 -10.1771 21.9575 -9.33973</i>
                <i>-0.808883 -0.335171 0.483083 0.579931 -0.590196 0.561559 0.0968956 0.734391 0.671775 -10.1771 21.9575 -9.33973</i>
                <i>-0.80968 -0.335288 0.481663 0.57884 -0.591567 0.561242 0.0967587 0.733233 0.673058 -10.1771 21.9575 -9.33973</i>
                <i>-0.810414 -0.335222 0.480474 0.577772 -0.593095 0.560729 0.0969982 0.732028 0.674335 -10.1771 21.9575 -9.33973</i>
                <i>-0.811085 -0.33498 0.47951 0.576729 -0.594768 0.560031 0.0975983 0.73078 0.6756 -10.1771 21.9575 -9.33973</i>
                <i>-0.811693 -0.334571 0.478766 0.575712 -0.596575 0.559155 0.0985431 0.729494 0.676852 -10.1771 21.9575 -9.33973</i>
                <i>-0.812239 -0.334001 0.478238 0.574722 -0.598503 0.558112 0.0998167 0.728174 0.678085 -10.1771 21.9575 -9.33973</i>
                <i>-0.812722 -0.33328 0.477919 0.57376 -0.600542 0.556911 0.101403 0.726825 0.679296 -10.1771 21.9575 -9.33973</i>
                <i>-0.813143 -0.332415 0.477806 0.572827 -0.602678 0.555561 0.103286 0.725451 0.68048 -10.1771 21.9575 -9.33973</i>
                <i>-0.8135 -0.331415 0.477893 0.571925 -0.604901 0.554073 0.10545 0.724057 0.681632 -10.1771 21.9575 -9.33973</i>
                <i>-0.813794 -0.330288 0.478174 0.571054 -0.607199 0.552456 0.107877 0.722648 0.682747 -10.1771 21.9575 -9.33973</i>
                <i>-0.813997 -0.329057 0.478676 0.570258 -0.609489 0.550753 0.110519 0.72128 0.683769 -10.1771 21.9575 -9.33973</i>
                <i>-0.814084 -0.327747 0.479427 0.569584 -0.611686 0.549012 0.113322 0.720016 0.684643 -10.1771 21.9575 -9.33973</i>
                <i>-0.814052 -0.326372 0.480417 0.569037 -0.613769 0.547251 0.116258 0.718866 0.685358 -10.1771 21.9575 -9.33973</i>
                <i>-0.8139 -0.324946 0.481639 0.568624 -0.615718 0.545488 0.1193 0.717845 0.685906 -10.1771 21.9575 -9.33973</i>
                <i>-0.813628 -0.323483 0.483082 0.568351 -0.617514 0.543741 0.122419 0.716963 0.686278 -10.1771 21.9575 -9.33973</i>
                <i>-0.813234 -0.321998 0.484735 0.568224 -0.619135 0.542028 0.125584 0.716233 0.686468 -10.1771 21.9575 -9.33973</i>
                <i>-0.812719 -0.320504 0.486585 0.568249 -0.62056 0.540368 0.128765 0.715669 0.686467 -10.1771 21.9575 -9.33973</i>
                <i>-0.812144 -0.318972 0.488547 0.568322 -0.621954 0.538686 0.132029 0.715143 0.686396 -10.1771 21.9575 -9.33973</i>
                <i>-0.811569 -0.317367 0.490544 0.568338 -0.623484 0.536898 0.135453 0.714525 0.686372 -10.1771 21.9575 -9.33973</i>
                <i>-0.810992 -0.315697 0.492572 0.5683 -0.625133 0.535017 0.13902 0.713823 0.686389 -10.1771 21.9575 -9.33973</i>
                <i>-0.81041 -0.313971 0.494628 0.568215 -0.626886 0.533053 0.142712 0.713047 0.686438 -10.1771 21.9575 -9.33973</i>
                <i>-0.809822 -0.312198 0.496709 0.568087 -0.628726 0.531019 0.146511 0.712205 0.686512 -10.1771 21.9575 -9.33973</i>
                <i>-0.809227 -0.310387 0.49881 0.567919 -0.630638 0.528927 0.150396 0.711306 0.686604 -10.1771 21.9575 -9.33973</i>
                <i>-0.808624 -0.308548 0.500924 0.567718 -0.632604 0.52679 0.154347 0.710359 0.686708 -10.1771 21.9575 -9.33973</i>
                <i>-0.808013 -0.306691 0.503046 0.567488 -0.634611 0.524621 0.158341 0.709373 0.686817 -10.1771 21.9575 -9.33973</i>
                <i>-0.807395 -0.304826 0.505167 0.567233 -0.63664 0.522433 0.162358 0.708357 0.686928 -10.1771 21.9575 -9.33973</i>
                <i>-0.806771 -0.302965 0.50728 0.566957 -0.638678 0.52024 0.166374 0.707321 0.687035 -10.1771 21.9575 -9.33973</i>
                <i>-0.806143 -0.301117 0.509375 0.566666 -0.640708 0.518057 0.170365 0.706273 0.687135 -10.1771 21.9575 -9.33973</i>
                <i>-0.805513 -0.299294 0.511442 0.566363 -0.642716 0.515897 0.174306 0.705223 0.687224 -10.1771 21.9575 -9.33973</i>
                <i>-0.804884 -0.297508 0.513469 0.566053 -0.644685 0.513776 0.178173 0.70418 0.687302 -10.1771 21.9575 -9.33973</i>
                <i>-0.804262 -0.295771 0.515444 0.56574 -0.646602 0.511708 0.181939 0.703154 0.687366 -10.1771 21.9575 -9.33973</i>
                <i>-0.803649 -0.294094 0.517355 0.565428 -0.648451 0.509708 0.185578 0.702153 0.687416 -10.1771 21.9575 -9.33973</i>
                <i>-0.803052 -0.29249 0.519188 0.565122 -0.650219 0.507792 0.189062 0.701188 0.687452 -10.1771 21.9575 -9.33973</i>
                <i>-0.802476 -0.290971 0.52093 0.564825 -0.651891 0.505975 0.192366 0.700267 0.687475 -10.1771 21.9575 -9.33973</i>
                <i>-0.801927 -0.28955 0.522565 0.564543 -0.653454 0.504272 0.19546 0.699399 0.687485 -10.1771 21.9575 -9.33973</i>
                <i>-0.801412 -0.288238 0.524078 0.564278 -0.654892 0.5027 0.198317 0.698595 0.687485 -10.1771 21.9575 -9.33973</i>
                <i>-0.800937 -0.287049 0.525454 0.564034 -0.656194 0.501273 0.20091 0.697862 0.687476 -10.1771 21.9575 -9.33973</i>
                <i>-0.800515 -0.286016 0.52666 0.563826 -0.657317 0.500034 0.203165 0.69723 0.687456 -10.1771 21.9575 -9.33973</i>
                <i>-0.800153 -0.285158 0.527673 0.563662 -0.658236 0.49901 0.205037 0.696713 0.687423 -10.1771 21.9575 -9.33973</i>
                <i>-0.799853 -0.284469 0.5285 0.563538 -0.658964 0.498189 0.206543 0.696308 0.687383 -10.1771 21.9575 -9.33973</i>
                <i>-0.799614 -0.283938 0.529148 0.563452 -0.65951 0.497562 0.207701 0.696007 0.687339 -10.1771 21.9575 -9.33973</i>
                <i>-0.799433 -0.283559 0.529623 0.563402 -0.659888 0.497118 0.20853 0.695803 0.687294 -10.1771 21.9575 -9.33973</i>
                <i>-0.799311 -0.283321 0.529936 0.563384 -0.660109 0.496845 0.209049 0.695691 0.68725 -10.1771 21.9575 -9.33973</i>
                <i>-0.799242 -0.283215 0.530095 0.563395 -0.660184 0.496732 0.209278 0.695662 0.687209 -10.1771 21.9575 -9.33973</i>
                <i>-0.799225 -0.283233 0.530112 0.563434 -0.660124 0.496767 0.209239 0.695712 0.687171 -10.1771 21.9575 -9.33973</i>
                <i>-0.799255 -0.283363 0.529997 0.563498 -0.659941 0.496939 0.208952 0.695833 0.687135 -10.1771 21.9575 -9.33973</i>
                <i>-0.799255 -0.283544 0.529901 0.563647 -0.659615 0.497202 0.208552 0.696068 0.687019 -10.1771 21.9575 -9.33973</i>
                <i>-0.799215 -0.283761 0.529844 0.563882 -0.65916 0.49754 0.208069 0.696411 0.686818 -10.1771 21.9575 -9.33973</i>
                <i>-0.799236 -0.284075 0.529645 0.564107 -0.658632 0.497982 0.207377 0.696782 0.686651 -10.1771 21.9575 -9.33973</i>
                <i>-0.799331 -0.28449 0.529278 0.564307 -0.658048 0.498528 0.206464 0.697164 0.686539 -10.1771 21.9575 -9.33973</i>
                <i>-0.799448 -0.284966 0.528846 0.564523 -0.657392 0.499148 0.205419 0.697588 0.686421 -10.1771 21.9575 -9.33973</i>
                <i>-0.79958 -0.285493 0.528362 0.564756 -0.656674 0.499831 0.204263 0.69805 0.686297 -10.1771 21.9575 -9.33973</i>
                <i>-0.799723 -0.28606 0.527838 0.565002 -0.655902 0.500565 0.203018 0.698543 0.686164 -10.1771 21.9575 -9.33973</i>
                <i>-0.799891 -0.286644 0.527266 0.565221 -0.655148 0.501305 0.201741 0.699011 0.686064 -10.1771 21.9575 -9.33973</i>
                <i>-0.800103 -0.28722 0.52663 0.565368 -0.654482 0.502008 0.200483 0.699398 0.686038 -10.1771 21.9575 -9.33973</i>
                <i>-0.800357 -0.287781 0.525938 0.565441 -0.653915 0.502665 0.199261 0.699698 0.686088 -10.1771 21.9575 -9.33973</i>
                <i>-0.80065 -0.28832 0.525196 0.565437 -0.653456 0.503265 0.198091 0.699904 0.686217 -10.1771 21.9575 -9.33973</i>
                <i>-0.800982 -0.28883 0.524409 0.565353 -0.653117 0.5038 0.196987 0.700011 0.686426 -10.1771 21.9575 -9.33973</i>
                <i>-0.80135 -0.289305 0.523584 0.565186 -0.652906 0.504261 0.195966 0.700012 0.686717 -10.1771 21.9575 -9.33973</i>
                <i>-0.801754 -0.289736 0.522727 0.564933 -0.652832 0.504639 0.195041 0.699903 0.687092 -10.1771 21.9575 -9.33973</i>
                <i>-0.80219 -0.290117 0.521846 0.564594 -0.652904 0.504926 0.194228 0.699677 0.687552 -10.1771 21.9575 -9.33973</i>
                <i>-0.802658 -0.29044 0.520945 0.564164 -0.653132 0.505111 0.193542 0.69933 0.688098 -10.1771 21.9575 -9.33973</i>
                <i>-0.803156 -0.290699 0.520033 0.563643 -0.653523 0.505187 0.192997 0.698857 0.688731 -10.1771 21.9575 -9.33973</i>
                <i>-0.80368 -0.290886 0.519118 0.563028 -0.654086 0.505145 0.192608 0.698252 0.689453 -10.1771 21.9575 -9.33973</i>
                <i>-0.803999 -0.290777 0.518686 0.562487 -0.654815 0.504802 0.192859 0.697614 0.690029 -10.1771 21.9575 -9.33973</i>
                <i>-0.803887 -0.290159 0.519204 0.562181 -0.655706 0.503986 0.194209 0.697035 0.690235 -10.1771 21.9575 -9.33973</i>
                <i>-0.803357 -0.289041 0.520646 0.562094 -0.656766 0.502702 0.196641 0.696502 0.690085 -10.1771 21.9575 -9.33973</i>
                <i>-0.802388 -0.287444 0.523019 0.562254 -0.657939 0.500986 0.20011 0.696055 0.689539 -10.1771 21.9575 -9.33973</i>
                <i>-0.800958 -0.285387 0.526327 0.562686 -0.659179 0.498866 0.204573 0.695728 0.688558 -10.1771 21.9575 -9.33973</i>
                <i>-0.799072 -0.282877 0.530533 0.563363 -0.660505 0.496342 0.210016 0.695495 0.687154 -10.1771 21.9575 -9.33973</i>
                <i>-0.796729 -0.279922 0.5356 0.564258 -0.661937 0.493409 0.216417 0.69533 0.685332 -10.1771 21.9575 -9.33973</i>
                <i>-0.793927 -0.276529 0.54149 0.565343 -0.663492 0.490067 0.223756 0.695205 0.683098 -10.1771 21.9575 -9.33973</i>
                <i>-0.790913 -0.272914 0.547699 0.56642 -0.665213 0.486477 0.23157 0.694988 0.68071 -10.1771 21.9575 -9.33973</i>
                <i>-0.787933 -0.26929 0.553756 0.567312 -0.667129 0.482799 0.239414 0.694566 0.678424 -10.1771 21.9575 -9.33973</i>
                <i>-0.784986 -0.265655 0.559665 0.568018 -0.669239 0.479035 0.247292 0.693936 0.67624 -10.1771 21.9575 -9.33973</i>
                <i>-0.782072 -0.26201 0.565433 0.568535 -0.671541 0.475185 0.255207 0.693097 0.674155 -10.1771 21.9575 -9.33973</i>
                <i>-0.779219 -0.258366 0.571021 0.568832 -0.674062 0.471244 0.26315 0.692017 0.672209 -10.1771 21.9575 -9.33973</i>
                <i>-0.776446 -0.254726 0.576408 0.568883 -0.676821 0.467209 0.271115 0.690672 0.670425 -10.1771 21.9575 -9.33973</i>
                <i>-0.773739 -0.251085 0.581622 0.568701 -0.679807 0.463078 0.279119 0.68907 0.668786 -10.1771 21.9575 -9.33973</i>
                <i>-0.771075 -0.24744 0.5867 0.568311 -0.682988 0.458858 0.287169 0.687242 0.667258 -10.1771 21.9575 -9.33973</i>
                <i>-0.768428 -0.243788 0.591681 0.567746 -0.686324 0.454559 0.295269 0.68522 0.6658 -10.1771 21.9575 -9.33973</i>
                <i>-0.765778 -0.240127 0.596593 0.567025 -0.689794 0.450186 0.303424 0.683026 0.664387 -10.1771 21.9575 -9.33973</i>
                <i>-0.763107 -0.236451 0.601464 0.566168 -0.693374 0.445743 0.311643 0.680679 0.662989 -10.1771 21.9575 -9.33973</i>
                <i>-0.760394 -0.232758 0.606321 0.565196 -0.697041 0.441234 0.31993 0.678201 0.66158 -10.1771 21.9575 -9.33973</i>
                <i>-0.75762 -0.229046 0.611188 0.564127 -0.700774 0.436665 0.328288 0.675613 0.660131 -10.1771 21.9575 -9.33973</i>
                <i>-0.754775 -0.225315 0.616075 0.562971 -0.704561 0.432039 0.336718 0.672924 0.65863 -10.1771 21.9575 -9.33973</i>
                <i>-0.751861 -0.221569 0.620977 0.561727 -0.708396 0.427362 0.345208 0.670136 0.657076 -10.1771 21.9575 -9.33973</i>
                <i>-0.748874 -0.217814 0.625895 0.560402 -0.712266 0.422642 0.353746 0.667259 0.655461 -10.1771 21.9575 -9.33973</i>
                <i>-0.745813 -0.214056 0.630827 0.559007 -0.716155 0.417892 0.362318 0.664306 0.653776 -10.1771 21.9575 -9.33973</i>
                <i>-0.742674 -0.2103 0.635775 0.55755 -0.720049 0.41312 0.37091 0.661289 0.652014 -10.1771 21.9575 -9.33973</i>
                <i>-0.739451 -0.206554 0.640741 0.556048 -0.723926 0.408341 0.379504 0.658231 0.650161 -10.1771 21.9575 -9.33973</i>
                <i>-0.73614 -0.202823 0.645726 0.554517 -0.727767 0.403568 0.388085 0.655148 0.648206 -10.1771 21.9575 -9.33973</i>
                <i>-0.732959 -0.199238 0.650442 0.552862 -0.731585 0.398907 0.396376 0.651988 0.646373 -10.1771 21.9575 -9.33973</i>
                <i>-0.730127 -0.19592 0.654622 0.550998 -0.735393 0.394458 0.404122 0.6487 0.644882 -10.1771 21.9575 -9.33973</i>
                <i>-0.727644 -0.192861 0.658285 0.548943 -0.739182 0.390219 0.411334 0.645302 0.643731 -10.1771 21.9575 -9.33973</i>
                <i>-0.725507 -0.190054 0.661452 0.546714 -0.742941 0.386189 0.418023 0.641808 0.642914 -10.1771 21.9575 -9.33973</i>
                <i>-0.723714 -0.187492 0.664142 0.54433 -0.746659 0.382368 0.424196 0.638238 0.642425 -10.1771 21.9575 -9.33973</i>
                <i>-0.722242 -0.185159 0.666395 0.541821 -0.750318 0.378751 0.429879 0.634617 0.642234 -10.1771 21.9575 -9.33973</i>
                <i>-0.721062 -0.183038 0.668257 0.539219 -0.753902 0.375331 0.4351 0.630974 0.642308 -10.1771 21.9575 -9.33973</i>
                <i>-0.720164 -0.181123 0.669745 0.536547 -0.757397 0.372111 0.439865 0.627331 0.642631 -10.1771 21.9575 -9.33973</i>
                <i>-0.719538 -0.179408 0.670879 0.533827 -0.760788 0.369094 0.444177 0.623711 0.643188 -10.1771 21.9575 -9.33973</i>
                <i>-0.719172 -0.177888 0.671675 0.531084 -0.764058 0.366285 0.448041 0.620138 0.643963 -10.1771 21.9575 -9.33973</i>
                <i>-0.719051 -0.17656 0.672155 0.528351 -0.767185 0.363692 0.451454 0.616647 0.644931 -10.1771 21.9575 -9.33973</i>
                <i>-0.719158 -0.175421 0.672339 0.525663 -0.770143 0.361329 0.454412 0.613276 0.646066 -10.1771 21.9575 -9.33973</i>
                <i>-0.719478 -0.17447 0.672244 0.52305 -0.772911 0.359205 0.456914 0.610057 0.647349 -10.1771 21.9575 -9.33973</i>
                <i>-0.719998 -0.173705 0.671885 0.52054 -0.77547 0.35733 0.458957 0.60702 0.648757 -10.1771 21.9575 -9.33973</i>
                <i>-0.720716 -0.173123 0.671265 0.518136 -0.777825 0.355701 0.460547 0.604166 0.650292 -10.1771 21.9575 -9.33973</i>
                <i>-0.72163 -0.172721 0.670386 0.515845 -0.779975 0.35432 0.461686 0.601503 0.651951 -10.1771 21.9575 -9.33973</i>
                <i>-0.722673 -0.172468 0.669327 0.513699 -0.781914 0.353163 0.462446 0.599054 0.653665 -10.1771 21.9575 -9.33973</i>
                <i>-0.723777 -0.172331 0.668168 0.511731 -0.783633 0.352208 0.462903 0.596842 0.655363 -10.1771 21.9575 -9.33973</i>
                <i>-0.724914 -0.172309 0.666941 0.509978 -0.785106 0.351469 0.463058 0.594909 0.657008 -10.1771 21.9575 -9.33973</i>
                <i>-0.726056 -0.172402 0.665673 0.50848 -0.786304 0.35096 0.462915 0.593298 0.658564 -10.1771 21.9575 -9.33973</i>
                <i>-0.727177 -0.172608 0.664395 0.507276 -0.787199 0.350698 0.462478 0.592051 0.659992 -10.1771 21.9575 -9.33973</i>
                <i>-0.728253 -0.172926 0.663132 0.50639 -0.787773 0.35069 0.461754 0.591194 0.661266 -10.1771 21.9575 -9.33973</i>
                <i>-0.729261 -0.173353 0.661911 0.505851 -0.788006 0.350944 0.460753 0.590759 0.662353 -10.1771 21.9575 -9.33973</i>
                <i>-0.730187 -0.173884 0.660751 0.505663 -0.787898 0.351457 0.459491 0.590747 0.663239 -10.1771 21.9575 -9.33973</i>
                <i>-0.730923 -0.174484 0.659778 0.505904 -0.787402 0.352222 0.458053 0.591231 0.663802 -10.1771 21.9575 -9.33973</i>
                <i>-0.731395 -0.175135 0.659082 0.506642 -0.786468 0.353245 0.456481 0.592281 0.66395 -10.1771 21.9575 -9.33973</i>
                <i>-0.731535 -0.175777 0.658755 0.507843 -0.785151 0.354447 0.454919 0.593835 0.663633 -10.1771 21.9575 -9.33973</i>
                <i>-0.731339 -0.176391 0.65881 0.509476 -0.783483 0.355794 0.453407 0.595853 0.662858 -10.1771 21.9575 -9.33973</i>
                <i>-0.730938 -0.177056 0.659075 0.511518 -0.781434 0.357365 0.45175 0.598341 0.661748 -10.1771 21.9575 -9.33973</i>
                <i>-0.730471 -0.17785 0.659379 0.513933 -0.77899 0.359232 0.44976 0.601286 0.660433 -10.1771 21.9575 -9.33973</i>
                <i>-0.730074 -0.17885 0.659549 0.51668 -0.776136 0.361463 0.447251 0.60467 0.659045 -10.1771 21.9575 -9.33973</i>
                <i>-0.729876 -0.180135 0.659419 0.51972 -0.772852 0.36413 0.444041 0.608483 0.657706 -10.1771 21.9575 -9.33973</i>
                <i>-0.729825 -0.181656 0.659057 0.523016 -0.769185 0.367165 0.440239 0.612663 0.656379 -10.1771 21.9575 -9.33973</i>
                <i>-0.729815 -0.183314 0.658609 0.526498 -0.765234 0.370428 0.436085 0.6171 0.654994 -10.1771 21.9575 -9.33973</i>
                <i>-0.729883 -0.185107 0.658032 0.530095 -0.761056 0.373889 0.43159 0.621715 0.653606 -10.1771 21.9575 -9.33973</i>
                <i>-0.730052 -0.187042 0.657297 0.533778 -0.756665 0.377544 0.426737 0.626477 0.652244 -10.1771 21.9575 -9.33973</i>
                <i>-0.730351 -0.189124 0.656369 0.5375 -0.752093 0.381379 0.421523 0.631338 0.650946 -10.1771 21.9575 -9.33973</i>
                <i>-0.730813 -0.191352 0.655207 0.541192 -0.747399 0.385365 0.41596 0.636223 0.649767 -10.1771 21.9575 -9.33973</i>
                <i>-0.731344 -0.193659 0.653936 0.544854 -0.742617 0.389428 0.410208 0.641105 0.648624 -10.1771 21.9575 -9.33973</i>
                <i>-0.731825 -0.195962 0.65271 0.5485 -0.737781 0.39348 0.40445 0.64597 0.647412 -10.1771 21.9575 -9.33973</i>
                <i>-0.732264 -0.198242 0.651529 0.552084 -0.732947 0.397482 0.398738 0.65076 0.646157 -10.1771 21.9575 -9.33973</i>
                <i>-0.732652 -0.200498 0.650401 0.555626 -0.728096 0.401442 0.393066 0.655497 0.644843 -10.1771 21.9575 -9.33973</i>
                <i>-0.732982 -0.202741 0.649333 0.559154 -0.723196 0.405383 0.387407 0.660215 0.643453 -10.1771 21.9575 -9.33973</i>
                <i>-0.733267 -0.204963 0.648313 0.56264 -0.718278 0.409284 0.381781 0.664881 0.642009 -10.1771 21.9575 -9.33973</i>
                <i>-0.733519 -0.207159 0.647329 0.566056 -0.713376 0.413129 0.376206 0.669463 0.640538 -10.1771 21.9575 -9.33973</i>
                <i>-0.733754 -0.209324 0.646365 0.569375 -0.708524 0.4169 0.370698 0.673926 0.639067 -10.1771 21.9575 -9.33973</i>
                <i>-0.733991 -0.211456 0.645402 0.572567 -0.703758 0.420584 0.365272 0.678241 0.637625 -10.1771 21.9575 -9.33973</i>
                <i>-0.734249 -0.213553 0.644418 0.575606 -0.699114 0.424166 0.35994 0.682374 0.636246 -10.1771 21.9575 -9.33973</i>
                <i>-0.734548 -0.215615 0.643389 0.578463 -0.694628 0.427636 0.354711 0.686296 0.634963 -10.1771 21.9575 -9.33973</i>
                <i>-0.734912 -0.217645 0.642289 0.581109 -0.690337 0.430984 0.349594 0.689975 0.633812 -10.1771 21.9575 -9.33973</i>
                <i>-0.735341 -0.219626 0.641122 0.583524 -0.686284 0.434182 0.344634 0.693382 0.63281 -10.1771 21.9575 -9.33973</i>
                <i>-0.735846 -0.221548 0.639881 0.585682 -0.682513 0.43721 0.339865 0.696486 0.631981 -10.1771 21.9575 -9.33973</i>
                <i>-0.736461 -0.223423 0.63852 0.587553 -0.679059 0.440068 0.335272 0.699257 0.631374 -10.1771 21.9575 -9.33973</i>
                <i>-0.737223 -0.225266 0.63699 0.589106 -0.675958 0.442758 0.330841 0.701666 0.631038 -10.1771 21.9575 -9.33973</i>
                <i>-0.738171 -0.227089 0.635243 0.590309 -0.673245 0.445283 0.326555 0.703685 0.631023 -10.1771 21.9575 -9.33973</i>
                <i>-0.739342 -0.228909 0.633226 0.59113 -0.670954 0.447645 0.322395 0.705282 0.631379 -10.1771 21.9575 -9.33973</i>
                <i>-0.740743 -0.230732 0.630922 0.591572 -0.669084 0.449855 0.318344 0.706462 0.632114 -10.1771 21.9575 -9.33973</i>
                <i>-0.742378 -0.232563 0.628322 0.591635 -0.667637 0.451917 0.314392 0.70723 0.633232 -10.1771 21.9575 -9.33973</i>
                <i>-0.744279 -0.234408 0.625381 0.591287 -0.66665 0.453825 0.31053 0.707552 0.634776 -10.1771 21.9575 -9.33973</i>
                <i>-0.746474 -0.236276 0.622053 0.590495 -0.666159 0.455575 0.306745 0.707394 0.63679 -10.1771 21.9575 -9.33973</i>
                <i>-0.748995 -0.238172 0.618289 0.589224 -0.666199 0.457158 0.303021 0.70672 0.639316 -10.1771 21.9575 -9.33973</i>
                <i>-0.751872 -0.240102 0.614036 0.587439 -0.666807 0.458568 0.29934 0.705493 0.642398 -10.1771 21.9575 -9.33973</i>
                <i>-0.755075 -0.242015 0.609336 0.58512 -0.668038 0.459738 0.295796 0.703672 0.646027 -10.1771 21.9575 -9.33973</i>
                <i>-0.758593 -0.243868 0.604206 0.582242 -0.669947 0.460614 0.292457 0.701212 0.650208 -10.1771 21.9575 -9.33973</i>
                <i>-0.762129 -0.245501 0.599074 0.579047 -0.672368 0.461114 0.289594 0.69832 0.654587 -10.1771 21.9575 -9.33973</i>
                <i>-0.765351 -0.246738 0.594439 0.575821 -0.675099 0.461163 0.287519 0.695243 0.658765 -10.1771 21.9575 -9.33973</i>
                <i>-0.768254 -0.24758 0.59033 0.572588 -0.67811 0.460771 0.286231 0.692005 0.662722 -10.1771 21.9575 -9.33973</i>
                <i>-0.770828 -0.248027 0.586777 0.569368 -0.681374 0.459945 0.285736 0.688631 0.66644 -10.1771 21.9575 -9.33973</i>
                <i>-0.773186 -0.248256 0.583569 0.566207 -0.684703 0.458903 0.285646 0.685238 0.669967 -10.1771 21.9575 -9.33973</i>
                <i>-0.77537 -0.248356 0.580621 0.56315 -0.68798 0.457761 0.285768 0.681911 0.673301 -10.1771 21.9575 -9.33973</i>
                <i>-0.777251 -0.24819 0.578172 0.560223 -0.691282 0.456376 0.286412 0.678624 0.676341 -10.1771 21.9575 -9.33973</i>
                <i>-0.77843 -0.247359 0.576941 0.557524 -0.694793 0.454345 0.288469 0.675334 0.678756 -10.1771 21.9575 -9.33973</i>
                <i>-0.778885 -0.245837 0.576976 0.555036 -0.698544 0.451632 0.292015 0.672012 0.680534 -10.1771 21.9575 -9.33973</i>
                <i>-0.779057 -0.244053 0.577502 0.55261 -0.702377 0.448652 0.296129 0.668659 0.682058 -10.1771 21.9575 -9.33973</i>
                <i>-0.778929 -0.242038 0.578522 0.550294 -0.706216 0.445461 0.300743 0.66534 0.683284 -10.1771 21.9575 -9.33973</i>
                <i>-0.778141 -0.23953 0.580622 0.548258 -0.710066 0.441836 0.306447 0.662141 0.683856 -10.1771 21.9575 -9.33973</i>
                <i>-0.776626 -0.236516 0.583876 0.546537 -0.713897 0.437776 0.313286 0.659099 0.683696 -10.1771 21.9575 -9.33973</i>
                <i>-0.774311 -0.232972 0.588359 0.545152 -0.7177 0.433263 0.321327 0.656225 0.682728 -10.1771 21.9575 -9.33973</i>
                <i>-0.771115 -0.228874 0.594136 0.544121 -0.721463 0.428279 0.330626 0.653535 0.680866 -10.1771 21.9575 -9.33973</i>
                <i>-0.767314 -0.224416 0.600722 0.543243 -0.725255 0.422957 0.340758 0.650879 0.67841 -10.1771 21.9575 -9.33973</i>
                <i>-0.763211 -0.219813 0.607611 0.542343 -0.729098 0.417468 0.351243 0.64815 0.67567 -10.1771 21.9575 -9.33973</i>
                <i>-0.758762 -0.215062 0.614841 0.541455 -0.732961 0.411819 0.362088 0.645381 0.672589 -10.1771 21.9575 -9.33973</i>
                <i>-0.753923 -0.210132 0.622451 0.540557 -0.736876 0.40597 0.373362 0.64254 0.669136 -10.1771 21.9575 -9.33973</i>
                <i>-0.748653 -0.204999 0.630471 0.539627 -0.740875 0.399883 0.385125 0.639593 0.665282 -10.1771 21.9575 -9.33973</i>
                <i>-0.742911 -0.199639 0.638927 0.538638 -0.744989 0.393522 0.397431 0.636502 0.660994 -10.1771 21.9575 -9.33973</i>
                <i>-0.736656 -0.194034 0.647834 0.537561 -0.749247 0.386856 0.410324 0.63323 0.656242 -10.1771 21.9575 -9.33973</i>
                <i>-0.729848 -0.188172 0.657201 0.536361 -0.753675 0.379856 0.423838 0.629734 0.650996 -10.1771 21.9575 -9.33973</i>
                <i>-0.722449 -0.182044 0.667029 0.535002 -0.758298 0.3725 0.437995 0.625974 0.645226 -10.1771 21.9575 -9.33973</i>
                <i>-0.714422 -0.175648 0.67731 0.533445 -0.763139 0.364768 0.45281 0.621906 0.638902 -10.1771 21.9575 -9.33973</i>
                <i>-0.70571 -0.169029 0.688043 0.531785 -0.768072 0.35675 0.468165 0.617653 0.631923 -10.1771 21.9575 -9.33973</i>
                <i>-0.696241 -0.162232 0.699234 0.530157 -0.772945 0.348554 0.483923 0.613382 0.624164 -10.1771 21.9575 -9.33973</i>
                <i>-0.68597 -0.155264 0.710872 0.528579 -0.777735 0.340195 0.50005 0.609115 0.615572 -10.1771 21.9575 -9.33973</i>
                <i>-0.67485 -0.148133 0.722934 0.527067 -0.782421 0.331689 0.516505 0.604875 0.606093 -10.1771 21.9575 -9.33973</i>
                <i>-0.66284 -0.140847 0.735395 0.525639 -0.786982 0.323052 0.533241 0.600684 0.595678 -10.1771 21.9575 -9.33973</i>
                <i>-0.649903 -0.133416 0.748216 0.524315 -0.791394 0.314306 0.5502 0.596569 0.584281 -10.1771 21.9575 -9.33973</i>
                <i>-0.636005 -0.125851 0.761353 0.523113 -0.795638 0.30547 0.567318 0.592555 0.571864 -10.1771 21.9575 -9.33973</i>
                <i>-0.621125 -0.118163 0.774753 0.522053 -0.799693 0.296567 0.584521 0.588667 0.558396 -10.1771 21.9575 -9.33973</i>
                <i>-0.605244 -0.110363 0.788353 0.521156 -0.803537 0.287619 0.601728 0.584934 0.543852 -10.1771 21.9575 -9.33973</i>
                <i>-0.588359 -0.102467 0.802081 0.520443 -0.807151 0.278652 0.618848 0.581385 0.528223 -10.1771 21.9575 -9.33973</i>
                <i>-0.570476 -0.0944857 0.815861 0.519936 -0.810515 0.269689 0.635786 0.578047 0.511505 -10.1771 21.9575 -9.33973</i>
                <i>-0.551616 -0.0864351 0.829608 0.519659 -0.813608 0.260759 0.652437 0.574952 0.493716 -10.1771 21.9575 -9.33973</i>
                <i>-0.531479 -0.0782192 0.843452 0.519802 -0.816323 0.251837 0.668831 0.572274 0.474518 -10.1771 21.9575 -9.33973</i>
                <i>-0.509851 -0.0697684 0.857429 0.520528 -0.818562 0.242915 0.68491 0.570166 0.453661 -10.1771 21.9575 -9.33973</i>
