<?xml version="1.0" encoding="ISO-8859-1" ?>
<Animl Version="1">
    <ModellingPackage><![CDATA[Maya.2010]]></ModellingPackage>
    <SrcFile><![CDATA[anims\bosses\red\~src\boss_beetle\boss_beetle_flyin_ropea.mb]]></SrcFile>
    <FramesPerSecond>30</FramesPerSecond>
    <TotalFrames>800</TotalFrames>
    <Skeleton>
        <RefFrame>
            <Name><![CDATA[rope_ref_frame]]></Name>
            <Exclude>0</Exclude>
            <Additive>0</Additive>
            <IKPriority>0</IKPriority>
            <IKRotLimits>-1e+010 -1e+010 -1e+010 1e+010 1e+010 1e+010</IKRotLimits>
            <IKRotLimitOrder>10</IKRotLimitOrder>
            <KeyFrames count="800">
                <i>-0.726887 0.683062 -0.0711437 -0.686127 -0.72675 0.0326232 -0.0294201 0.072527 0.996932 9.89496 22.0815 5.57615</i>
                <i>-0.725902 0.684013 -0.0720615 -0.686784 -0.726531 0.0219401 -0.0373476 0.065417 0.997159 9.89496 22.0815 5.57615</i>
                <i>-0.725003 0.684857 -0.0730818 -0.687246 -0.726339 0.0111766 -0.0454278 0.0583283 0.997263 9.89496 22.0815 5.57615</i>
                <i>-0.724187 0.6856 -0.0742038 -0.687514 -0.726171 0.000348735 -0.0536456 0.0512687 0.997243 9.89496 22.0815 5.57615</i>
                <i>-0.723449 0.686245 -0.0754265 -0.687589 -0.726024 -0.0105273 -0.0619858 0.0442465 0.997096 9.89496 22.0815 5.57615</i>
                <i>-0.722787 0.686796 -0.0767488 -0.687473 -0.725894 -0.0214351 -0.070433 0.0372697 0.99682 9.89496 22.0815 5.57615</i>
                <i>-0.722195 0.687258 -0.0781694 -0.687166 -0.725779 -0.0323578 -0.0789718 0.0303467 0.996415 9.89496 22.0815 5.57615</i>
                <i>-0.72167 0.687635 -0.079687 -0.686674 -0.725677 -0.0432786 -0.0875869 0.023486 0.99588 9.89496 22.0815 5.57615</i>
                <i>-0.721208 0.687931 -0.0813002 -0.685997 -0.725584 -0.0541807 -0.0962627 0.0166961 0.995216 9.89496 22.0815 5.57615</i>
                <i>-0.720805 0.68815 -0.0830073 -0.685141 -0.7255 -0.0650472 -0.104984 0.00998536 0.994424 9.89496 22.0815 5.57615</i>
                <i>-0.720456 0.688295 -0.0848068 -0.68411 -0.725423 -0.0758613 -0.113736 0.00336245 0.993505 9.89496 22.0815 5.57615</i>
                <i>-0.720158 0.688372 -0.0866968 -0.68291 -0.725351 -0.0866062 -0.122503 -0.00316414 0.992463 9.89496 22.0815 5.57615</i>
                <i>-0.719906 0.688384 -0.0886751 -0.681545 -0.725283 -0.0972655 -0.131271 -0.00958593 0.9913 9.89496 22.0815 5.57615</i>
                <i>-0.719696 0.688334 -0.0907399 -0.680023 -0.725219 -0.107823 -0.140025 -0.0158945 0.99002 9.89496 22.0815 5.57615</i>
                <i>-0.719524 0.688228 -0.0928887 -0.67835 -0.725159 -0.118263 -0.148751 -0.0220817 0.988628 9.89496 22.0815 5.57615</i>
                <i>-0.719385 0.688068 -0.0951193 -0.676534 -0.725101 -0.128569 -0.157435 -0.0281392 0.987128 9.89496 22.0815 5.57615</i>
                <i>-0.719277 0.687858 -0.0974289 -0.674584 -0.725046 -0.138727 -0.166065 -0.034059 0.985527 9.89496 22.0815 5.57615</i>
                <i>-0.719194 0.687603 -0.099815 -0.672507 -0.724994 -0.148722 -0.174627 -0.0398333 0.983829 9.89496 22.0815 5.57615</i>
                <i>-0.719132 0.687306 -0.102275 -0.670314 -0.724945 -0.158539 -0.183109 -0.0454545 0.982041 9.89496 22.0815 5.57615</i>
                <i>-0.719088 0.68697 -0.104805 -0.668012 -0.7249 -0.168166 -0.191498 -0.0509151 0.980171 9.89496 22.0815 5.57615</i>
                <i>-0.719058 0.6866 -0.107403 -0.665614 -0.724859 -0.177589 -0.199785 -0.056208 0.978226 9.89496 22.0815 5.57615</i>
                <i>-0.719038 0.6862 -0.110066 -0.663127 -0.724823 -0.186797 -0.207958 -0.0613262 0.976213 9.89496 22.0815 5.57615</i>
                <i>-0.719024 0.685772 -0.11279 -0.660565 -0.724794 -0.195776 -0.216007 -0.066263 0.974141 9.89496 22.0815 5.57615</i>
                <i>-0.719013 0.685321 -0.115571 -0.657936 -0.724771 -0.204517 -0.223922 -0.071012 0.972017 9.89496 22.0815 5.57615</i>
                <i>-0.719 0.684849 -0.118407 -0.655253 -0.724756 -0.213009 -0.231695 -0.075567 0.969849 9.89496 22.0815 5.57615</i>
                <i>-0.718984 0.684361 -0.121293 -0.652526 -0.72475 -0.221242 -0.239317 -0.0799222 0.967647 9.89496 22.0815 5.57615</i>
                <i>-0.71896 0.68386 -0.124227 -0.649767 -0.724753 -0.229207 -0.246779 -0.0840719 0.965418 9.89496 22.0815 5.57615</i>
                <i>-0.718925 0.683349 -0.127204 -0.646987 -0.724768 -0.236896 -0.254076 -0.0880108 0.963172 9.89496 22.0815 5.57615</i>
                <i>-0.718876 0.682832 -0.130221 -0.644199 -0.724793 -0.244301 -0.2612 -0.0917339 0.960916 9.89496 22.0815 5.57615</i>
                <i>-0.71881 0.682312 -0.133274 -0.641413 -0.724831 -0.251415 -0.268144 -0.0952363 0.95866 9.89496 22.0815 5.57615</i>
                <i>-0.718725 0.681793 -0.136358 -0.638641 -0.724882 -0.258232 -0.274904 -0.0985134 0.956411 9.89496 22.0815 5.57615</i>
                <i>-0.718616 0.681277 -0.139471 -0.635895 -0.724946 -0.264745 -0.281474 -0.101561 0.954179 9.89496 22.0815 5.57615</i>
                <i>-0.718483 0.680768 -0.142609 -0.633187 -0.725025 -0.27095 -0.287849 -0.104375 0.951971 9.89496 22.0815 5.57615</i>
                <i>-0.718322 0.680269 -0.145766 -0.630526 -0.725118 -0.276841 -0.294024 -0.106951 0.949795 9.89496 22.0815 5.57615</i>
                <i>-0.71813 0.679783 -0.148941 -0.627926 -0.725225 -0.282415 -0.299996 -0.109287 0.94766 9.89496 22.0815 5.57615</i>
                <i>-0.717906 0.679314 -0.152128 -0.625396 -0.725346 -0.287667 -0.305762 -0.111377 0.945571 9.89496 22.0815 5.57615</i>
                <i>-0.717647 0.678864 -0.155325 -0.622948 -0.725482 -0.292594 -0.311317 -0.11322 0.943538 9.89496 22.0815 5.57615</i>
                <i>-0.717351 0.678437 -0.158527 -0.620592 -0.725632 -0.297193 -0.316659 -0.114811 0.941566 9.89496 22.0815 5.57615</i>
                <i>-0.717016 0.678035 -0.16173 -0.618339 -0.725794 -0.301462 -0.321784 -0.116149 0.939662 9.89496 22.0815 5.57615</i>
                <i>-0.716639 0.677662 -0.164931 -0.616199 -0.725969 -0.305397 -0.326691 -0.117229 0.937833 9.89496 22.0815 5.57615</i>
                <i>-0.716219 0.677321 -0.168126 -0.614182 -0.726155 -0.308998 -0.331377 -0.11805 0.936084 9.89496 22.0815 5.57615</i>
                <i>-0.715815 0.676944 -0.171334 -0.612169 -0.726392 -0.312416 -0.335944 -0.118746 0.934367 9.89496 22.0815 5.57615</i>
                <i>-0.715487 0.676463 -0.174574 -0.610034 -0.726724 -0.315802 -0.340495 -0.119456 0.932627 9.89496 22.0815 5.57615</i>
                <i>-0.715233 0.67588 -0.177843 -0.60778 -0.727147 -0.319155 -0.345029 -0.120181 0.930866 9.89496 22.0815 5.57615</i>
                <i>-0.715052 0.675195 -0.18114 -0.605409 -0.72766 -0.322476 -0.349542 -0.120923 0.929084 9.89496 22.0815 5.57615</i>
                <i>-0.714943 0.674411 -0.184462 -0.602923 -0.72826 -0.325762 -0.354034 -0.121685 0.927282 9.89496 22.0815 5.57615</i>
                <i>-0.714904 0.673528 -0.187807 -0.600324 -0.728945 -0.329014 -0.358501 -0.122468 0.925461 9.89496 22.0815 5.57615</i>
                <i>-0.714935 0.672548 -0.191173 -0.597613 -0.729714 -0.33223 -0.362942 -0.123275 0.923621 9.89496 22.0815 5.57615</i>
                <i>-0.715033 0.671472 -0.194559 -0.594792 -0.730564 -0.335409 -0.367355 -0.124107 0.921763 9.89496 22.0815 5.57615</i>
                <i>-0.715199 0.6703 -0.19796 -0.591863 -0.731492 -0.338552 -0.371738 -0.124967 0.919888 9.89496 22.0815 5.57615</i>
                <i>-0.71543 0.669035 -0.201377 -0.588827 -0.732498 -0.341657 -0.376088 -0.125856 0.917997 9.89496 22.0815 5.57615</i>
                <i>-0.715726 0.667676 -0.204805 -0.585687 -0.733578 -0.344724 -0.380405 -0.126776 0.91609 9.89496 22.0815 5.57615</i>
                <i>-0.716085 0.666226 -0.208244 -0.582443 -0.73473 -0.347753 -0.384685 -0.12773 0.914168 9.89496 22.0815 5.57615</i>
                <i>-0.716506 0.664684 -0.211692 -0.579097 -0.735952 -0.350743 -0.388928 -0.128719 0.912232 9.89496 22.0815 5.57615</i>
                <i>-0.716989 0.663053 -0.215145 -0.575651 -0.737243 -0.353693 -0.393131 -0.129746 0.910282 9.89496 22.0815 5.57615</i>
                <i>-0.717504 0.661367 -0.218591 -0.572175 -0.73858 -0.356533 -0.397246 -0.130742 0.908352 9.89496 22.0815 5.57615</i>
                <i>-0.718021 0.659664 -0.222012 -0.568743 -0.739942 -0.359189 -0.401221 -0.131637 0.906473 9.89496 22.0815 5.57615</i>
                <i>-0.718538 0.657947 -0.225408 -0.565361 -0.741328 -0.361662 -0.405056 -0.132431 0.90465 9.89496 22.0815 5.57615</i>
                <i>-0.719055 0.656218 -0.228773 -0.562036 -0.742736 -0.36395 -0.408748 -0.133121 0.902886 9.89496 22.0815 5.57615</i>
                <i>-0.719571 0.654481 -0.232105 -0.558774 -0.744163 -0.366051 -0.412297 -0.133706 0.901185 9.89496 22.0815 5.57615</i>
                <i>-0.720084 0.652737 -0.2354 -0.555582 -0.745607 -0.367966 -0.415701 -0.134183 0.899549 9.89496 22.0815 5.57615</i>
                <i>-0.720595 0.650989 -0.238655 -0.552465 -0.747067 -0.369693 -0.418958 -0.13455 0.897981 9.89496 22.0815 5.57615</i>
                <i>-0.7211 0.649242 -0.241867 -0.549431 -0.74854 -0.371232 -0.422066 -0.134807 0.896486 9.89496 22.0815 5.57615</i>
                <i>-0.721601 0.647496 -0.245032 -0.546484 -0.750025 -0.372582 -0.425025 -0.13495 0.895065 9.89496 22.0815 5.57615</i>
                <i>-0.722097 0.645755 -0.248147 -0.543632 -0.751519 -0.373742 -0.427833 -0.134977 0.893723 9.89496 22.0815 5.57615</i>
                <i>-0.722585 0.644022 -0.251208 -0.54088 -0.753021 -0.374711 -0.430487 -0.134887 0.892461 9.89496 22.0815 5.57615</i>
                <i>-0.723067 0.6423 -0.254213 -0.538234 -0.754528 -0.375488 -0.432987 -0.134677 0.891282 9.89496 22.0815 5.57615</i>
                <i>-0.723541 0.640592 -0.257158 -0.535701 -0.756038 -0.376073 -0.43533 -0.134344 0.89019 9.89496 22.0815 5.57615</i>
                <i>-0.724007 0.6389 -0.260039 -0.533286 -0.757549 -0.376464 -0.437515 -0.133887 0.889188 9.89496 22.0815 5.57615</i>
                <i>-0.724464 0.637228 -0.262854 -0.530996 -0.759059 -0.37666 -0.43954 -0.133302 0.888276 9.89496 22.0815 5.57615</i>
                <i>-0.724912 0.635579 -0.265599 -0.528835 -0.760566 -0.376661 -0.441403 -0.132588 0.887459 9.89496 22.0815 5.57615</i>
                <i>-0.72535 0.633955 -0.26827 -0.526811 -0.762067 -0.376464 -0.443101 -0.13174 0.886739 9.89496 22.0815 5.57615</i>
                <i>-0.725778 0.63236 -0.270865 -0.524928 -0.76356 -0.376069 -0.444632 -0.130758 0.886118 9.89496 22.0815 5.57615</i>
                <i>-0.726195 0.630797 -0.27338 -0.523192 -0.765043 -0.375473 -0.445994 -0.129636 0.885598 9.89496 22.0815 5.57615</i>
                <i>-0.726601 0.629268 -0.275812 -0.52161 -0.766513 -0.374675 -0.447184 -0.128373 0.885182 9.89496 22.0815 5.57615</i>
                <i>-0.726996 0.627778 -0.278157 -0.520187 -0.767968 -0.373673 -0.448199 -0.126965 0.884871 9.89496 22.0815 5.57615</i>
                <i>-0.727379 0.626329 -0.280412 -0.518928 -0.769405 -0.372464 -0.449036 -0.125409 0.884669 9.89496 22.0815 5.57615</i>
                <i>-0.72775 0.624925 -0.282574 -0.517839 -0.770822 -0.371047 -0.449691 -0.123702 0.884577 9.89496 22.0815 5.57615</i>
                <i>-0.728109 0.623569 -0.28464 -0.516926 -0.772216 -0.369419 -0.450161 -0.121839 0.884596 9.89496 22.0815 5.57615</i>
                <i>-0.728454 0.622264 -0.286606 -0.516194 -0.773583 -0.367576 -0.450443 -0.119818 0.884729 9.89496 22.0815 5.57615</i>
                <i>-0.728785 0.621014 -0.288468 -0.515649 -0.774922 -0.365515 -0.45053 -0.117634 0.884977 9.89496 22.0815 5.57615</i>
                <i>-0.729103 0.619821 -0.290225 -0.515296 -0.776229 -0.363234 -0.450421 -0.115283 0.885342 9.89496 22.0815 5.57615</i>
                <i>-0.729406 0.618691 -0.291871 -0.51514 -0.7775 -0.360727 -0.450108 -0.112762 0.885826 9.89496 22.0815 5.57615</i>
                <i>-0.729694 0.617625 -0.293404 -0.515187 -0.778733 -0.357991 -0.449588 -0.110066 0.886429 9.89496 22.0815 5.57615</i>
                <i>-0.729966 0.616628 -0.29482 -0.515442 -0.779923 -0.355022 -0.448854 -0.107191 0.887153 9.89496 22.0815 5.57615</i>
                <i>-0.730265 0.615641 -0.29614 -0.515782 -0.7811 -0.351925 -0.447974 -0.104254 0.887947 9.89496 22.0815 5.57615</i>
                <i>-0.730636 0.6146 -0.297385 -0.516084 -0.782298 -0.348808 -0.447021 -0.101376 0.888761 9.89496 22.0815 5.57615</i>
                <i>-0.731079 0.613506 -0.298551 -0.516348 -0.783516 -0.34567 -0.445991 -0.098556 0.889595 9.89496 22.0815 5.57615</i>
                <i>-0.731596 0.61236 -0.299637 -0.516573 -0.784754 -0.342511 -0.444881 -0.0957952 0.890451 9.89496 22.0815 5.57615</i>
                <i>-0.732187 0.611161 -0.300639 -0.51676 -0.786013 -0.339328 -0.44369 -0.0930934 0.891332 9.89496 22.0815 5.57615</i>
                <i>-0.732854 0.609909 -0.301555 -0.516908 -0.787292 -0.33612 -0.442415 -0.0904508 0.892237 9.89496 22.0815 5.57615</i>
                <i>-0.733601 0.608604 -0.302375 -0.517017 -0.788593 -0.332888 -0.441048 -0.0878739 0.893171 9.89496 22.0815 5.57615</i>
                <i>-0.734434 0.607244 -0.303088 -0.517085 -0.789916 -0.32963 -0.43958 -0.0853685 0.894137 9.89496 22.0815 5.57615</i>
                <i>-0.735351 0.605888 -0.303577 -0.517135 -0.791201 -0.326454 -0.437985 -0.0830683 0.895136 9.89496 22.0815 5.57615</i>
                <i>-0.73629 0.604678 -0.303714 -0.51723 -0.792326 -0.323563 -0.436292 -0.0811463 0.896139 9.89496 22.0815 5.57615</i>
                <i>-0.737187 0.603693 -0.303497 -0.517412 -0.793229 -0.321048 -0.434557 -0.0796397 0.897116 9.89496 22.0815 5.57615</i>
                <i>-0.738041 0.602928 -0.302941 -0.517678 -0.793921 -0.318904 -0.432787 -0.0785386 0.898069 9.89496 22.0815 5.57615</i>
                <i>-0.738852 0.602376 -0.30206 -0.518023 -0.794408 -0.317123 -0.430987 -0.0778331 0.898995 9.89496 22.0815 5.57615</i>
                <i>-0.739618 0.602033 -0.30087 -0.518445 -0.7947 -0.3157 -0.429163 -0.0775133 0.899895 9.89496 22.0815 5.57615</i>
                <i>-0.740337 0.60189 -0.299383 -0.518939 -0.794803 -0.314628 -0.427322 -0.0775693 0.900766 9.89496 22.0815 5.57615</i>
                <i>-0.741009 0.60194 -0.297614 -0.519501 -0.794724 -0.313899 -0.425469 -0.0779911 0.901606 9.89496 22.0815 5.57615</i>
                <i>-0.741632 0.602176 -0.295576 -0.520129 -0.794468 -0.313506 -0.423612 -0.0787687 0.902412 9.89496 22.0815 5.57615</i>
                <i>-0.742206 0.60259 -0.293284 -0.520818 -0.794042 -0.313443 -0.421757 -0.0798918 0.903182 9.89496 22.0815 5.57615</i>
                <i>-0.742729 0.603174 -0.290749 -0.521564 -0.79345 -0.3137 -0.41991 -0.0813503 0.903912 9.89496 22.0815 5.57615</i>
                <i>-0.7432 0.60392 -0.287984 -0.522364 -0.792698 -0.314271 -0.418079 -0.0831338 0.904599 9.89496 22.0815 5.57615</i>
                <i>-0.743618 0.604819 -0.285004 -0.523213 -0.791789 -0.315148 -0.41627 -0.0852317 0.905237 9.89496 22.0815 5.57615</i>
                <i>-0.743981 0.605863 -0.28182 -0.524109 -0.790728 -0.316322 -0.414491 -0.0876333 0.905824 9.89496 22.0815 5.57615</i>
                <i>-0.744288 0.607045 -0.278445 -0.525047 -0.789517 -0.317786 -0.412748 -0.0903279 0.906355 9.89496 22.0815 5.57615</i>
                <i>-0.744538 0.608356 -0.274892 -0.526024 -0.788161 -0.319533 -0.411049 -0.0933042 0.906826 9.89496 22.0815 5.57615</i>
                <i>-0.744731 0.609787 -0.271174 -0.527036 -0.786662 -0.321552 -0.409401 -0.0965511 0.907231 9.89496 22.0815 5.57615</i>
                <i>-0.744863 0.611332 -0.267304 -0.52808 -0.785023 -0.323837 -0.407812 -0.100057 0.907567 9.89496 22.0815 5.57615</i>
                <i>-0.744935 0.612983 -0.263293 -0.529151 -0.783247 -0.32638 -0.406289 -0.10381 0.907829 9.89496 22.0815 5.57615</i>
                <i>-0.74489 0.614807 -0.259135 -0.530304 -0.781273 -0.329227 -0.404866 -0.107817 0.907997 9.89496 22.0815 5.57615</i>
                <i>-0.744664 0.616882 -0.254819 -0.5316 -0.779034 -0.332427 -0.403581 -0.112085 0.908053 9.89496 22.0815 5.57615</i>
                <i>-0.744247 0.619209 -0.250351 -0.533043 -0.77652 -0.335979 -0.402444 -0.116604 0.907988 9.89496 22.0815 5.57615</i>
                <i>-0.743622 0.621805 -0.245733 -0.53466 -0.773715 -0.339859 -0.401453 -0.121344 0.907806 9.89496 22.0815 5.57615</i>
                <i>-0.742768 0.624684 -0.240966 -0.536478 -0.770601 -0.344044 -0.400607 -0.126272 0.907507 9.89496 22.0815 5.57615</i>
                <i>-0.741673 0.627853 -0.236055 -0.538506 -0.767164 -0.348525 -0.399916 -0.131375 0.907088 9.89496 22.0815 5.57615</i>
                <i>-0.740437 0.631165 -0.231051 -0.540634 -0.763525 -0.353192 -0.399335 -0.136602 0.906571 9.89496 22.0815 5.57615</i>
                <i>-0.739171 0.634465 -0.226011 -0.542743 -0.759814 -0.357928 -0.398819 -0.141904 0.905984 9.89496 22.0815 5.57615</i>
                <i>-0.737873 0.63775 -0.220949 -0.544833 -0.756035 -0.362723 -0.398372 -0.147263 0.905325 9.89496 22.0815 5.57615</i>
                <i>-0.736541 0.641017 -0.21588 -0.546903 -0.75219 -0.367569 -0.398001 -0.152664 0.904593 9.89496 22.0815 5.57615</i>
                <i>-0.735173 0.644265 -0.210818 -0.54895 -0.748285 -0.372457 -0.397712 -0.158091 0.903787 9.89496 22.0815 5.57615</i>
                <i>-0.733767 0.647489 -0.205777 -0.550973 -0.744323 -0.377376 -0.397511 -0.163528 0.902908 9.89496 22.0815 5.57615</i>
                <i>-0.732321 0.65069 -0.200772 -0.552971 -0.740308 -0.382318 -0.397404 -0.168958 0.901955 9.89496 22.0815 5.57615</i>
                <i>-0.730833 0.653865 -0.195818 -0.554942 -0.736246 -0.387274 -0.397395 -0.174365 0.90093 9.89496 22.0815 5.57615</i>
                <i>-0.729301 0.657013 -0.190929 -0.556886 -0.732141 -0.392234 -0.39749 -0.179731 0.899833 9.89496 22.0815 5.57615</i>
                <i>-0.727723 0.660134 -0.186122 -0.5588 -0.727999 -0.397189 -0.397695 -0.185039 0.898665 9.89496 22.0815 5.57615</i>
                <i>-0.726098 0.663228 -0.18141 -0.560683 -0.723827 -0.402131 -0.398014 -0.190273 0.89743 9.89496 22.0815 5.57615</i>
                <i>-0.724424 0.666294 -0.17681 -0.562535 -0.719629 -0.407049 -0.398452 -0.195415 0.89613 9.89496 22.0815 5.57615</i>
                <i>-0.722699 0.669332 -0.172338 -0.564352 -0.715413 -0.411936 -0.399015 -0.200447 0.894767 9.89496 22.0815 5.57615</i>
                <i>-0.720921 0.672343 -0.168009 -0.566134 -0.711186 -0.416782 -0.399706 -0.205352 0.893345 9.89496 22.0815 5.57615</i>
                <i>-0.719089 0.675328 -0.163838 -0.567879 -0.706955 -0.421578 -0.40053 -0.210112 0.891868 9.89496 22.0815 5.57615</i>
                <i>-0.717202 0.678286 -0.159844 -0.569586 -0.702729 -0.426314 -0.40149 -0.214709 0.89034 9.89496 22.0815 5.57615</i>
                <i>-0.715257 0.681219 -0.15604 -0.571252 -0.698516 -0.430983 -0.402591 -0.219125 0.888766 9.89496 22.0815 5.57615</i>
                <i>-0.713254 0.684127 -0.152446 -0.572875 -0.694326 -0.435575 -0.403835 -0.223343 0.88715 9.89496 22.0815 5.57615</i>
                <i>-0.711191 0.68701 -0.149076 -0.574454 -0.690168 -0.44008 -0.405227 -0.227344 0.885497 9.89496 22.0815 5.57615</i>
                <i>-0.709068 0.68987 -0.145949 -0.575987 -0.686052 -0.444491 -0.406769 -0.23111 0.883814 9.89496 22.0815 5.57615</i>
                <i>-0.706884 0.692707 -0.14308 -0.577471 -0.681989 -0.448797 -0.408464 -0.234622 0.882105 9.89496 22.0815 5.57615</i>
                <i>-0.704615 0.695528 -0.140561 -0.578897 -0.678004 -0.452978 -0.41036 -0.237805 0.880371 9.89496 22.0815 5.57615</i>
                <i>-0.702243 0.698344 -0.138457 -0.58026 -0.674111 -0.457026 -0.412497 -0.240602 0.878611 9.89496 22.0815 5.57615</i>
                <i>-0.699769 0.701158 -0.136748 -0.581561 -0.670308 -0.460949 -0.414861 -0.243031 0.876827 9.89496 22.0815 5.57615</i>
                <i>-0.697199 0.703972 -0.135416 -0.582799 -0.666593 -0.464757 -0.417443 -0.245108 0.875022 9.89496 22.0815 5.57615</i>
                <i>-0.694536 0.706786 -0.134441 -0.583977 -0.662963 -0.468456 -0.420227 -0.246849 0.873198 9.89496 22.0815 5.57615</i>
                <i>-0.691782 0.709601 -0.133806 -0.585095 -0.659415 -0.472055 -0.423204 -0.24827 0.871355 9.89496 22.0815 5.57615</i>
                <i>-0.688973 0.712385 -0.133504 -0.586137 -0.655989 -0.475522 -0.426332 -0.24937 0.869514 9.89496 22.0815 5.57615</i>
                <i>-0.686141 0.715108 -0.133531 -0.587093 -0.652722 -0.478828 -0.429572 -0.250149 0.867694 9.89496 22.0815 5.57615</i>
                <i>-0.683291 0.71777 -0.133867 -0.587963 -0.649611 -0.481981 -0.432913 -0.250624 0.865895 9.89496 22.0815 5.57615</i>
                <i>-0.680424 0.720371 -0.134491 -0.588751 -0.64665 -0.484991 -0.436343 -0.250818 0.864115 9.89496 22.0815 5.57615</i>
                <i>-0.677545 0.722914 -0.135384 -0.58946 -0.643833 -0.487869 -0.439852 -0.25075 0.862354 9.89496 22.0815 5.57615</i>
                <i>-0.674655 0.725398 -0.136522 -0.590094 -0.641152 -0.490625 -0.44343 -0.250442 0.86061 9.89496 22.0815 5.57615</i>
                <i>-0.671756 0.727827 -0.137883 -0.590656 -0.6386 -0.49327 -0.447068 -0.249915 0.858879 9.89496 22.0815 5.57615</i>
                <i>-0.668849 0.730202 -0.139446 -0.591151 -0.636166 -0.495816 -0.450757 -0.249192 0.857159 9.89496 22.0815 5.57615</i>
                <i>-0.665936 0.732527 -0.141187 -0.591582 -0.633841 -0.498274 -0.454489 -0.248295 0.855447 9.89496 22.0815 5.57615</i>
                <i>-0.663017 0.734803 -0.143082 -0.591953 -0.631612 -0.500657 -0.458257 -0.247246 0.853739 9.89496 22.0815 5.57615</i>
                <i>-0.660155 0.736974 -0.145139 -0.592227 -0.629543 -0.502933 -0.46202 -0.246058 0.852052 9.89496 22.0815 5.57615</i>
                <i>-0.657412 0.738981 -0.147364 -0.592367 -0.6277 -0.505068 -0.465736 -0.244744 0.850406 9.89496 22.0815 5.57615</i>
                <i>-0.654789 0.740831 -0.149732 -0.592381 -0.626067 -0.507074 -0.469399 -0.243328 0.848797 9.89496 22.0815 5.57615</i>
                <i>-0.652286 0.742531 -0.152217 -0.592277 -0.62463 -0.508965 -0.473001 -0.241836 0.847222 9.89496 22.0815 5.57615</i>
                <i>-0.649902 0.744088 -0.154792 -0.592063 -0.623372 -0.510753 -0.476538 -0.240293 0.845678 9.89496 22.0815 5.57615</i>
                <i>-0.647619 0.745515 -0.157473 -0.591745 -0.622284 -0.512445 -0.480028 -0.238685 0.844158 9.89496 22.0815 5.57615</i>
                <i>-0.645415 0.74683 -0.160267 -0.591334 -0.621348 -0.514053 -0.483492 -0.237006 0.842653 9.89496 22.0815 5.57615</i>
                <i>-0.643279 0.74805 -0.163137 -0.590843 -0.620533 -0.5156 -0.486927 -0.235286 0.841156 9.89496 22.0815 5.57615</i>
                <i>-0.6412 0.749194 -0.166045 -0.590286 -0.619806 -0.51711 -0.490332 -0.233557 0.839658 9.89496 22.0815 5.57615</i>
                <i>-0.639168 0.750279 -0.168955 -0.589677 -0.619135 -0.518608 -0.493706 -0.231849 0.838153 9.89496 22.0815 5.57615</i>
                <i>-0.637172 0.751324 -0.171828 -0.589028 -0.618485 -0.520117 -0.49705 -0.230192 0.836632 9.89496 22.0815 5.57615</i>
                <i>-0.635201 0.752347 -0.174628 -0.588353 -0.617825 -0.521664 -0.500361 -0.228618 0.835088 9.89496 22.0815 5.57615</i>
                <i>-0.633244 0.753367 -0.177316 -0.587663 -0.617121 -0.523273 -0.503642 -0.227157 0.833514 9.89496 22.0815 5.57615</i>
                <i>-0.63129 0.754403 -0.179857 -0.58697 -0.616338 -0.524969 -0.506891 -0.225837 0.831901 9.89496 22.0815 5.57615</i>
                <i>-0.629364 0.755443 -0.182228 -0.586267 -0.615485 -0.526753 -0.51009 -0.224685 0.830256 9.89496 22.0815 5.57615</i>
                <i>-0.62749 0.756472 -0.184409 -0.585544 -0.614571 -0.528621 -0.513219 -0.223725 0.828585 9.89496 22.0815 5.57615</i>
                <i>-0.625661 0.757507 -0.186364 -0.584814 -0.613564 -0.530597 -0.516277 -0.222985 0.826883 9.89496 22.0815 5.57615</i>
                <i>-0.623867 0.758567 -0.188056 -0.584086 -0.612431 -0.532703 -0.519263 -0.222495 0.825144 9.89496 22.0815 5.57615</i>
                <i>-0.622102 0.75967 -0.18945 -0.583371 -0.61114 -0.534963 -0.522176 -0.222282 0.823361 9.89496 22.0815 5.57615</i>
                <i>-0.62025 0.760851 -0.190776 -0.58264 -0.609714 -0.537382 -0.525187 -0.222157 0.821478 9.89496 22.0815 5.57615</i>
                <i>-0.618205 0.762135 -0.192283 -0.581858 -0.608198 -0.539941 -0.528454 -0.221913 0.819446 9.89496 22.0815 5.57615</i>
                <i>-0.615974 0.763517 -0.193955 -0.58103 -0.606594 -0.54263 -0.531959 -0.221552 0.817273 9.89496 22.0815 5.57615</i>
                <i>-0.613558 0.764996 -0.195777 -0.580164 -0.604902 -0.545439 -0.535684 -0.221076 0.814965 9.89496 22.0815 5.57615</i>
                <i>-0.610959 0.766571 -0.197732 -0.579265 -0.603122 -0.548358 -0.539612 -0.220484 0.812531 9.89496 22.0815 5.57615</i>
                <i>-0.60818 0.768241 -0.199806 -0.578344 -0.601251 -0.551377 -0.543724 -0.21978 0.809976 9.89496 22.0815 5.57615</i>
                <i>-0.605223 0.770005 -0.201983 -0.577406 -0.59929 -0.554486 -0.548003 -0.218962 0.807309 9.89496 22.0815 5.57615</i>
                <i>-0.602095 0.771858 -0.204248 -0.576458 -0.597242 -0.557673 -0.552429 -0.218032 0.80454 9.89496 22.0815 5.57615</i>
                <i>-0.598799 0.773797 -0.206585 -0.575507 -0.595107 -0.560926 -0.556983 -0.216991 0.801676 9.89496 22.0815 5.57615</i>
                <i>-0.595334 0.775826 -0.208978 -0.574565 -0.59288 -0.564241 -0.561652 -0.21584 0.798724 9.89496 22.0815 5.57615</i>
                <i>-0.591697 0.777947 -0.211407 -0.573641 -0.590553 -0.567611 -0.566419 -0.214582 0.795691 9.89496 22.0815 5.57615</i>
                <i>-0.587891 0.78016 -0.213857 -0.572744 -0.588122 -0.571031 -0.57127 -0.213219 0.792583 9.89496 22.0815 5.57615</i>
                <i>-0.583914 0.782467 -0.216309 -0.571882 -0.585582 -0.574495 -0.57619 -0.211752 0.789409 9.89496 22.0815 5.57615</i>
                <i>-0.579774 0.784863 -0.21875 -0.571063 -0.582934 -0.577993 -0.581162 -0.210185 0.786176 9.89496 22.0815 5.57615</i>
                <i>-0.575483 0.78734 -0.221168 -0.570287 -0.580186 -0.581513 -0.586167 -0.208522 0.782897 9.89496 22.0815 5.57615</i>
                <i>-0.571054 0.789887 -0.223553 -0.569559 -0.577345 -0.585043 -0.591185 -0.206765 0.779582 9.89496 22.0815 5.57615</i>
                <i>-0.566501 0.792495 -0.225894 -0.568879 -0.574421 -0.588573 -0.596199 -0.20492 0.776244 9.89496 22.0815 5.57615</i>
                <i>-0.561839 0.795154 -0.228183 -0.568249 -0.571423 -0.592089 -0.60119 -0.202994 0.772893 9.89496 22.0815 5.57615</i>
                <i>-0.557078 0.797858 -0.230407 -0.567673 -0.568353 -0.595586 -0.606145 -0.200992 0.769539 9.89496 22.0815 5.57615</i>
                <i>-0.552211 0.800615 -0.232548 -0.567159 -0.565196 -0.59907 -0.611059 -0.198921 0.766183 9.89496 22.0815 5.57615</i>
                <i>-0.547195 0.803463 -0.234572 -0.566821 -0.56192 -0.602462 -0.615866 -0.196704 0.7629 9.89496 22.0815 5.57615</i>
                <i>-0.542007 0.806422 -0.236457 -0.566756 -0.558519 -0.605676 -0.620496 -0.194267 0.759766 9.89496 22.0815 5.57615</i>
                <i>-0.536676 0.809468 -0.238202 -0.566951 -0.555012 -0.60871 -0.624937 -0.191631 0.75679 9.89496 22.0815 5.57615</i>
                <i>-0.531233 0.812578 -0.23981 -0.567389 -0.551422 -0.611559 -0.629176 -0.188815 0.753981 9.89496 22.0815 5.57615</i>
                <i>-0.525709 0.815729 -0.24128 -0.568054 -0.547768 -0.614219 -0.633202 -0.18584 0.751345 9.89496 22.0815 5.57615</i>
                <i>-0.520139 0.818897 -0.242618 -0.56893 -0.544076 -0.616685 -0.637004 -0.182729 0.74889 9.89496 22.0815 5.57615</i>
                <i>-0.514555 0.822059 -0.243827 -0.570001 -0.540368 -0.618952 -0.640572 -0.179504 0.746623 9.89496 22.0815 5.57615</i>
                <i>-0.508994 0.825192 -0.244913 -0.571247 -0.53667 -0.621017 -0.643896 -0.176188 0.744551 9.89496 22.0815 5.57615</i>
                <i>-0.503487 0.828277 -0.245881 -0.572652 -0.533006 -0.622876 -0.64697 -0.172806 0.742677 9.89496 22.0815 5.57615</i>
                <i>-0.498068 0.831294 -0.246735 -0.574201 -0.529396 -0.624527 -0.649786 -0.169381 0.741004 9.89496 22.0815 5.57615</i>
                <i>-0.492761 0.834231 -0.247479 -0.575876 -0.525855 -0.625973 -0.652344 -0.165938 0.739535 9.89496 22.0815 5.57615</i>
                <i>-0.487591 0.837075 -0.248114 -0.577665 -0.522398 -0.627218 -0.654643 -0.162499 0.738266 9.89496 22.0815 5.57615</i>
                <i>-0.482592 0.839809 -0.248648 -0.57955 -0.519049 -0.62826 -0.656679 -0.159089 0.7372 9.89496 22.0815 5.57615</i>
                <i>-0.477797 0.842416 -0.249088 -0.581513 -0.515832 -0.629095 -0.658447 -0.155732 0.736339 9.89496 22.0815 5.57615</i>
                <i>-0.473241 0.844879 -0.249442 -0.583536 -0.512774 -0.629721 -0.659946 -0.152452 0.735683 9.89496 22.0815 5.57615</i>
                <i>-0.46896 0.847181 -0.249721 -0.585601 -0.509904 -0.630135 -0.661172 -0.149271 0.735234 9.89496 22.0815 5.57615</i>
                <i>-0.464972 0.849317 -0.249923 -0.587689 -0.507228 -0.63035 -0.662135 -0.146218 0.734981 9.89496 22.0815 5.57615</i>
                <i>-0.461297 0.851281 -0.250051 -0.589779 -0.504758 -0.630381 -0.662847 -0.143319 0.734911 9.89496 22.0815 5.57615</i>
                <i>-0.457971 0.853057 -0.250112 -0.591853 -0.50252 -0.630225 -0.663304 -0.140596 0.735024 9.89496 22.0815 5.57615</i>
                <i>-0.455029 0.854629 -0.250115 -0.593893 -0.500545 -0.629878 -0.663506 -0.138071 0.73532 9.89496 22.0815 5.57615</i>
                <i>-0.452505 0.855981 -0.250071 -0.59588 -0.498863 -0.629335 -0.66345 -0.135765 0.7358 9.89496 22.0815 5.57615</i>
                <i>-0.450451 0.857086 -0.249995 -0.597793 -0.497521 -0.628583 -0.663127 -0.133701 0.736469 9.89496 22.0815 5.57615</i>
                <i>-0.448913 0.85792 -0.249901 -0.599611 -0.496564 -0.627607 -0.662529 -0.131898 0.737332 9.89496 22.0815 5.57615</i>
                <i>-0.44792 0.85847 -0.249793 -0.60132 -0.496016 -0.626405 -0.661651 -0.130374 0.73839 9.89496 22.0815 5.57615</i>
                <i>-0.447643 0.85864 -0.249707 -0.602743 -0.496007 -0.625043 -0.660543 -0.129287 0.739573 9.89496 22.0815 5.57615</i>
                <i>-0.448213 0.858354 -0.249668 -0.603725 -0.496636 -0.623593 -0.659258 -0.128772 0.740808 9.89496 22.0815 5.57615</i>
                <i>-0.449572 0.857646 -0.249656 -0.604295 -0.497849 -0.622072 -0.657809 -0.1288 0.74209 9.89496 22.0815 5.57615</i>
                <i>-0.451666 0.856547 -0.249648 -0.60448 -0.499596 -0.62049 -0.656202 -0.129347 0.743416 9.89496 22.0815 5.57615</i>
                <i>-0.454468 0.855067 -0.249638 -0.604298 -0.501855 -0.618842 -0.654433 -0.130388 0.744792 9.89496 22.0815 5.57615</i>
                <i>-0.457947 0.853216 -0.249613 -0.603769 -0.504603 -0.617121 -0.652494 -0.1319 0.746227 9.89496 22.0815 5.57615</i>
                <i>-0.462072 0.851004 -0.249564 -0.602913 -0.507814 -0.615322 -0.650373 -0.133857 0.747728 9.89496 22.0815 5.57615</i>
                <i>-0.46681 0.84844 -0.249476 -0.601752 -0.511459 -0.613437 -0.648061 -0.136236 0.749304 9.89496 22.0815 5.57615</i>
                <i>-0.472242 0.845505 -0.249216 -0.600295 -0.515516 -0.611464 -0.645471 -0.139156 0.751001 9.89496 22.0815 5.57615</i>
                <i>-0.478457 0.842164 -0.248673 -0.598546 -0.51999 -0.609387 -0.642511 -0.142723 0.752867 9.89496 22.0815 5.57615</i>
                <i>-0.48542 0.83841 -0.247863 -0.596517 -0.524874 -0.607185 -0.639167 -0.146885 0.75491 9.89496 22.0815 5.57615</i>
                <i>-0.493059 0.83426 -0.246784 -0.594233 -0.530124 -0.60486 -0.635437 -0.151585 0.757128 9.89496 22.0815 5.57615</i>
                <i>-0.501304 0.829733 -0.245433 -0.59172 -0.535693 -0.602412 -0.631318 -0.156764 0.759515 9.89496 22.0815 5.57615</i>
                <i>-0.510079 0.82485 -0.243807 -0.589006 -0.541535 -0.599844 -0.626811 -0.162364 0.762067 9.89496 22.0815 5.57615</i>
                <i>-0.519315 0.819629 -0.24191 -0.586153 -0.547619 -0.597108 -0.621882 -0.168291 0.764815 9.89496 22.0815 5.57615</i>
                <i>-0.528945 0.814087 -0.239749 -0.583219 -0.553922 -0.59416 -0.6165 -0.174452 0.767785 9.89496 22.0815 5.57615</i>
                <i>-0.538903 0.808246 -0.237324 -0.580222 -0.560403 -0.591007 -0.610677 -0.180795 0.770965 9.89496 22.0815 5.57615</i>
                <i>-0.549118 0.802132 -0.234635 -0.577184 -0.567024 -0.587659 -0.604424 -0.187266 0.774341 9.89496 22.0815 5.57615</i>
                <i>-0.559523 0.795774 -0.231685 -0.574124 -0.573742 -0.584125 -0.597758 -0.193816 0.777895 9.89496 22.0815 5.57615</i>
                <i>-0.570051 0.789203 -0.228474 -0.571064 -0.580517 -0.580419 -0.590701 -0.200395 0.78161 9.89496 22.0815 5.57615</i>
                <i>-0.580634 0.782455 -0.225008 -0.568024 -0.58731 -0.576555 -0.583277 -0.206958 0.785465 9.89496 22.0815 5.57615</i>
                <i>-0.591208 0.775566 -0.221291 -0.565027 -0.59408 -0.57255 -0.575515 -0.213461 0.789441 9.89496 22.0815 5.57615</i>
                <i>-0.601709 0.768579 -0.217331 -0.562094 -0.600788 -0.568423 -0.567447 -0.219865 0.793513 9.89496 22.0815 5.57615</i>
                <i>-0.612079 0.761533 -0.213138 -0.559247 -0.607398 -0.56419 -0.559109 -0.226132 0.79766 9.89496 22.0815 5.57615</i>
                <i>-0.622264 0.754467 -0.208727 -0.556504 -0.61388 -0.55987 -0.550537 -0.23223 0.801859 9.89496 22.0815 5.57615</i>
                <i>-0.632209 0.747429 -0.204112 -0.553887 -0.620197 -0.555486 -0.541776 -0.238128 0.806085 9.89496 22.0815 5.57615</i>
                <i>-0.641859 0.740468 -0.199309 -0.551418 -0.626313 -0.551063 -0.532874 -0.243802 0.810312 9.89496 22.0815 5.57615</i>
                <i>-0.651163 0.733635 -0.194335 -0.549122 -0.63219 -0.546626 -0.523881 -0.249229 0.814514 9.89496 22.0815 5.57615</i>
                <i>-0.660073 0.726982 -0.189212 -0.547022 -0.637795 -0.542203 -0.514851 -0.25439 0.818666 9.89496 22.0815 5.57615</i>
                <i>-0.668541 0.720563 -0.183962 -0.545141 -0.643092 -0.537823 -0.50584 -0.259272 0.822742 9.89496 22.0815 5.57615</i>
                <i>-0.676524 0.714432 -0.178609 -0.543504 -0.648045 -0.533517 -0.496908 -0.263863 0.826716 9.89496 22.0815 5.57615</i>
                <i>-0.683981 0.708646 -0.173179 -0.542136 -0.652621 -0.529315 -0.488117 -0.268155 0.830563 9.89496 22.0815 5.57615</i>
                <i>-0.690898 0.703231 -0.167711 -0.541025 -0.656804 -0.525263 -0.479534 -0.272167 0.83425 9.89496 22.0815 5.57615</i>
                <i>-0.697259 0.698216 -0.162245 -0.540159 -0.660578 -0.521407 -0.47123 -0.275917 0.837742 9.89496 22.0815 5.57615</i>
                <i>-0.703028 0.693658 -0.156811 -0.539566 -0.663906 -0.517781 -0.463271 -0.279405 0.841019 9.89496 22.0815 5.57615</i>
                <i>-0.708168 0.689612 -0.151437 -0.539273 -0.666749 -0.514422 -0.455722 -0.282631 0.84406 9.89496 22.0815 5.57615</i>
                <i>-0.712643 0.686133 -0.146152 -0.539309 -0.66907 -0.511362 -0.448649 -0.285598 0.846846 9.89496 22.0815 5.57615</i>
                <i>-0.716419 0.683277 -0.140985 -0.5397 -0.670829 -0.508638 -0.442118 -0.288308 0.849359 9.89496 22.0815 5.57615</i>
                <i>-0.719458 0.681098 -0.135964 -0.540477 -0.671984 -0.506283 -0.436194 -0.290763 0.851582 9.89496 22.0815 5.57615</i>
                <i>-0.721725 0.679649 -0.131114 -0.541667 -0.672494 -0.50433 -0.430941 -0.292967 0.853499 9.89496 22.0815 5.57615</i>
                <i>-0.723345 0.678804 -0.126475 -0.543155 -0.672469 -0.50276 -0.426326 -0.294973 0.855124 9.89496 22.0815 5.57615</i>
                <i>-0.72448 0.678398 -0.122085 -0.544795 -0.672058 -0.501534 -0.422288 -0.296841 0.85648 9.89496 22.0815 5.57615</i>
                <i>-0.725144 0.678418 -0.117964 -0.54657 -0.671269 -0.500658 -0.418841 -0.298574 0.85757 9.89496 22.0815 5.57615</i>
                <i>-0.72535 0.678852 -0.114134 -0.548462 -0.670116 -0.500134 -0.416 -0.300175 0.858393 9.89496 22.0815 5.57615</i>
                <i>-0.725127 0.679671 -0.110621 -0.55044 -0.668625 -0.499957 -0.41377 -0.301642 0.858956 9.89496 22.0815 5.57615</i>
                <i>-0.724502 0.680845 -0.107454 -0.55247 -0.666826 -0.500119 -0.412156 -0.302972 0.859264 9.89496 22.0815 5.57615</i>
                <i>-0.72349 0.682357 -0.104651 -0.554531 -0.664737 -0.50062 -0.411167 -0.304161 0.859318 9.89496 22.0815 5.57615</i>
                <i>-0.722103 0.684189 -0.102232 -0.556599 -0.662371 -0.501459 -0.410809 -0.305203 0.85912 9.89496 22.0815 5.57615</i>
                <i>-0.720358 0.686324 -0.100216 -0.558651 -0.659747 -0.502636 -0.411089 -0.306092 0.85867 9.89496 22.0815 5.57615</i>
                <i>-0.718266 0.688743 -0.0986216 -0.560661 -0.656882 -0.504148 -0.412012 -0.306819 0.857968 9.89496 22.0815 5.57615</i>
                <i>-0.715725 0.69152 -0.0976617 -0.562629 -0.653781 -0.505983 -0.413747 -0.307197 0.856997 9.89496 22.0815 5.57615</i>
                <i>-0.712686 0.694683 -0.097442 -0.564546 -0.650452 -0.508133 -0.416373 -0.307129 0.855749 9.89496 22.0815 5.57615</i>
                <i>-0.709248 0.69814 -0.0978163 -0.56637 -0.646922 -0.510604 -0.419753 -0.306745 0.854234 9.89496 22.0815 5.57615</i>
                <i>-0.705532 0.701778 -0.0986492 -0.568039 -0.643245 -0.513388 -0.42374 -0.306176 0.852468 9.89496 22.0815 5.57615</i>
                <i>-0.70166 0.705487 -0.0998065 -0.569495 -0.639473 -0.516478 -0.428192 -0.305553 0.850464 9.89496 22.0815 5.57615</i>
                <i>-0.697641 0.709277 -0.101104 -0.570858 -0.635583 -0.519765 -0.432918 -0.304893 0.848306 9.89496 22.0815 5.57615</i>
                <i>-0.693483 0.713165 -0.102361 -0.572255 -0.631548 -0.523137 -0.437729 -0.30421 0.846079 9.89496 22.0815 5.57615</i>
                <i>-0.68928 0.717072 -0.103442 -0.573657 -0.627388 -0.526595 -0.442505 -0.303632 0.843799 9.89496 22.0815 5.57615</i>
                <i>-0.685129 0.720928 -0.104218 -0.575038 -0.623121 -0.530143 -0.447135 -0.303287 0.841479 9.89496 22.0815 5.57615</i>
                <i>-0.681124 0.724662 -0.104571 -0.57637 -0.618768 -0.533783 -0.451517 -0.303301 0.839131 9.89496 22.0815 5.57615</i>
                <i>-0.67736 0.728207 -0.10439 -0.577626 -0.614348 -0.537517 -0.455556 -0.303794 0.836766 9.89496 22.0815 5.57615</i>
                <i>-0.673928 0.7315 -0.103576 -0.578782 -0.60988 -0.541348 -0.459165 -0.304882 0.834395 9.89496 22.0815 5.57615</i>
                <i>-0.670472 0.734784 -0.102755 -0.579868 -0.605364 -0.545241 -0.462839 -0.305985 0.831958 9.89496 22.0815 5.57615</i>
                <i>-0.666503 0.738388 -0.102744 -0.580935 -0.600791 -0.54915 -0.467213 -0.306323 0.829384 9.89496 22.0815 5.57615</i>
                <i>-0.661905 0.742376 -0.10373 -0.581979 -0.596172 -0.553064 -0.472422 -0.305707 0.826656 9.89496 22.0815 5.57615</i>
                <i>-0.657107 0.746444 -0.105033 -0.582935 -0.591545 -0.557011 -0.477909 -0.304789 0.823836 9.89496 22.0815 5.57615</i>
                <i>-0.652616 0.750251 -0.105903 -0.583728 -0.586955 -0.561022 -0.483068 -0.304313 0.820999 9.89496 22.0815 5.57615</i>
                <i>-0.648421 0.753807 -0.106423 -0.584343 -0.582428 -0.565085 -0.487949 -0.304225 0.81814 9.89496 22.0815 5.57615</i>
                <i>-0.644458 0.757166 -0.106648 -0.584853 -0.577958 -0.569132 -0.492566 -0.304408 0.8153 9.89496 22.0815 5.57615</i>
                <i>-0.640656 0.760388 -0.106626 -0.585341 -0.573535 -0.573091 -0.496926 -0.304742 0.812525 9.89496 22.0815 5.57615</i>
                <i>-0.636992 0.763488 -0.10643 -0.58581 -0.569177 -0.576944 -0.501067 -0.305161 0.80982 9.89496 22.0815 5.57615</i>
                <i>-0.633608 0.766374 -0.105887 -0.586239 -0.564912 -0.580688 -0.504841 -0.305853 0.807211 9.89496 22.0815 5.57615</i>
                <i>-0.630601 0.768985 -0.104901 -0.586619 -0.560762 -0.584315 -0.508155 -0.306933 0.804718 9.89496 22.0815 5.57615</i>
                <i>-0.627875 0.771382 -0.103649 -0.586958 -0.556744 -0.587807 -0.511129 -0.308231 0.802334 9.89496 22.0815 5.57615</i>
                <i>-0.625439 0.773557 -0.102153 -0.587258 -0.552877 -0.591147 -0.513764 -0.309737 0.800068 9.89496 22.0815 5.57615</i>
