<?xml version="1.0" encoding="ISO-8859-1" ?>
<Animl Version="1">
    <ModellingPackage><![CDATA[Maya.2010]]></ModellingPackage>
    <SrcFile><![CDATA[anims\vehicles\attachments\~src\rope\rope_deploy.mb]]></SrcFile>
    <FramesPerSecond>30</FramesPerSecond>
    <TotalFrames>90</TotalFrames>
    <Skeleton>
        <RefFrame>
            <Name><![CDATA[rope_ref_frame]]></Name>
            <Exclude>0</Exclude>
            <Additive>0</Additive>
            <IKPriority>0</IKPriority>
            <IKRotLimits>-1e+010 -1e+010 -1e+010 1e+010 1e+010 1e+010</IKRotLimits>
            <IKRotLimitOrder>0</IKRotLimitOrder>
            <KeyFrames count="90">
                <i>1 0 0 0 1 0 0 0 1 0 37.4998 0</i>
                <i>1 0 0 0 1 0 0 0 1 0 37.4998 0</i>
                <i>1 0 0 0 1 0 0 0 1 0 37.4998 0</i>
                <i>1 0 0 0 1 0 0 0 1 0 37.4998 0</i>
                <i>1 0 0 0 1 0 0 0 1 0 37.4998 0</i>
                <i>1 0 0 0 1 0 0 0 1 0 37.4998 0</i>
                <i>1 0 0 0 1 0 0 0 1 0 37.4998 0</i>
                <i>1 0 0 0 1 0 0 0 1 0 37.4998 0</i>
                <i>1 0 0 0 1 0 0 0 1 0 37.4998 0</i>
                <i>1 0 0 0 1 0 0 0 1 0 37.4998 0</i>
                <i>1 0 0 0 1 0 0 0 1 0 37.4998 0</i>
                <i>1 0 0 0 1 0 0 0 1 0 37.4998 0</i>
                <i>1 0 0 0 1 0 0 0 1 0 37.4998 0</i>
                <i>1 0 0 0 1 0 0 0 1 0 37.4998 0</i>
                <i>1 0 0 0 1 0 0 0 1 0 37.4998 0</i>
                <i>1 0 0 0 1 0 0 0 1 0 37.4998 0</i>
                <i>1 0 0 0 1 0 0 0 1 0 37.4998 0</i>
                <i>1 0 0 0 1 0 0 0 1 0 37.4998 0</i>
                <i>1 0 0 0 1 0 0 0 1 0 37.4998 0</i>
                <i>1 0 0 0 1 0 0 0 1 0 37.4998 0</i>
                <i>1 0 0 0 1 0 0 0 1 0 37.4998 0</i>
                <i>1 0 0 0 1 0 0 0 1 0 37.4998 0</i>
                <i>1 0 0 0 1 0 0 0 1 0 37.4998 0</i>
                <i>1 0 0 0 1 0 0 0 1 0 37.4998 0</i>
                <i>1 0 0 0 1 0 0 0 1 0 37.4998 0</i>
                <i>1 0 0 0 1 0 0 0 1 0 37.4998 0</i>
                <i>1 0 0 0 1 0 0 0 1 0 37.4998 0</i>
                <i>1 0 0 0 1 0 0 0 1 0 37.4998 0</i>
                <i>1 0 0 0 1 0 0 0 1 0 37.4998 0</i>
                <i>1 0 0 0 1 0 0 0 1 0 37.4998 0</i>
                <i>1 0 0 0 1 0 0 0 1 0 37.4998 0</i>
                <i>1 0 0 0 1 0 0 0 1 0 37.4998 0</i>
                <i>1 0 0 0 1 0 0 0 1 0 37.4998 0</i>
                <i>1 0 0 0 1 0 0 0 1 0 37.4998 0</i>
                <i>1 0 0 0 1 0 0 0 1 0 37.4998 0</i>
                <i>1 0 0 0 1 0 0 0 1 0 37.4998 0</i>
                <i>1 0 0 0 1 0 0 0 1 0 37.4998 0</i>
                <i>1 0 0 0 1 0 0 0 1 0 37.4998 0</i>
                <i>1 0 0 0 1 0 0 0 1 0 37.4998 0</i>
                <i>1 0 0 0 1 0 0 0 1 0 37.4998 0</i>
                <i>1 0 0 0 1 0 0 0 1 0 37.4998 0</i>
                <i>1 0 0 0 1 0 0 0 1 0 37.4998 0</i>
                <i>1 0 0 0 1 0 0 0 1 0 37.4998 0</i>
                <i>1 0 0 0 1 0 0 0 1 0 37.4998 0</i>
                <i>1 0 0 0 1 0 0 0 1 0 37.4998 0</i>
                <i>1 0 0 0 1 0 0 0 1 0 37.4998 0</i>
                <i>1 0 0 0 1 0 0 0 1 0 37.4998 0</i>
                <i>1 0 0 0 1 0 0 0 1 0 37.4998 0</i>
                <i>1 0 0 0 1 0 0 0 1 0 37.4998 0</i>
                <i>1 0 0 0 1 0 0 0 1 0 37.4998 0</i>
                <i>1 0 0 0 1 0 0 0 1 0 37.4998 0</i>
                <i>1 0 0 0 1 0 0 0 1 0 37.4998 0</i>
                <i>1 0 0 0 1 0 0 0 1 0 37.4998 0</i>
                <i>1 0 0 0 1 0 0 0 1 0 37.4998 0</i>
                <i>1 0 0 0 1 0 0 0 1 0 37.4998 0</i>
                <i>1 0 0 0 1 0 0 0 1 0 37.4998 0</i>
                <i>1 0 0 0 1 0 0 0 1 0 37.4998 0</i>
                <i>1 0 0 0 1 0 0 0 1 0 37.4998 0</i>
                <i>1 0 0 0 1 0 0 0 1 0 37.4998 0</i>
                <i>1 0 0 0 1 0 0 0 1 0 37.4998 0</i>
                <i>1 0 0 0 1 0 0 0 1 0 37.4998 0</i>
                <i>1 0 0 0 1 0 0 0 1 0 37.4998 0</i>
                <i>1 0 0 0 1 0 0 0 1 0 37.4998 0</i>
                <i>1 0 0 0 1 0 0 0 1 0 37.4998 0</i>
                <i>1 0 0 0 1 0 0 0 1 0 37.4998 0</i>
                <i>1 0 0 0 1 0 0 0 1 0 37.4998 0</i>
                <i>1 0 0 0 1 0 0 0 1 0 37.4998 0</i>
                <i>1 0 0 0 1 0 0 0 1 0 37.4998 0</i>
                <i>1 0 0 0 1 0 0 0 1 0 37.4998 0</i>
                <i>1 0 0 0 1 0 0 0 1 0 37.4998 0</i>
                <i>1 0 0 0 1 0 0 0 1 0 37.4998 0</i>
                <i>1 0 0 0 1 0 0 0 1 0 37.4998 0</i>
                <i>1 0 0 0 1 0 0 0 1 0 37.4998 0</i>
                <i>1 0 0 0 1 0 0 0 1 0 37.4998 0</i>
                <i>1 0 0 0 1 0 0 0 1 0 37.4998 0</i>
                <i>1 0 0 0 1 0 0 0 1 0 37.4998 0</i>
                <i>1 0 0 0 1 0 0 0 1 0 37.4998 0</i>
                <i>1 0 0 0 1 0 0 0 1 0 37.4998 0</i>
                <i>1 0 0 0 1 0 0 0 1 0 37.4998 0</i>
                <i>1 0 0 0 1 0 0 0 1 0 37.4998 0</i>
                <i>1 0 0 0 1 0 0 0 1 0 37.4998 0</i>
                <i>1 0 0 0 1 0 0 0 1 0 37.4998 0</i>
                <i>1 0 0 0 1 0 0 0 1 0 37.4998 0</i>
                <i>1 0 0 0 1 0 0 0 1 0 37.4998 0</i>
                <i>1 0 0 0 1 0 0 0 1 0 37.4998 0</i>
                <i>1 0 0 0 1 0 0 0 1 0 37.4998 0</i>
                <i>1 0 0 0 1 0 0 0 1 0 37.4998 0</i>
                <i>1 0 0 0 1 0 0 0 1 0 37.4998 0</i>
                <i>1 0 0 0 1 0 0 0 1 0 37.4998 0</i>
                <i>1 0 0 0 1 0 0 0 1 0 37.4998 0</i>
            </KeyFrames>
        </RefFrame>
        <Bones count="11">
            <i>
                <p>
                    <Name><![CDATA[rope_root]]></Name>
                    <Exclude>0</Exclude>
                    <Additive>1</Additive>
                    <IKPriority>0</IKPriority>
                    <IKRotLimits>-1e+010 -1e+010 -1e+010 1e+010 1e+010 1e+010</IKRotLimits>
                    <IKRotLimitOrder>0</IKRotLimitOrder>
                    <KeyFrames count="90">
                        <i>1 0 0 0 1 0 0 0 1 0 37.5 3.44516e-009</i>
                        <i>1 0 0 0 1 0 0 0 1 0 37.5 3.44516e-009</i>
                        <i>1 0 0 0 1 0 0 0 1 0 37.5 3.44516e-009</i>
                        <i>1 0 0 0 1 0 0 0 1 0 37.5 3.44516e-009</i>
                        <i>1 0 0 0 1 0 0 0 1 0 37.5 3.44516e-009</i>
                        <i>1 0 0 0 1 0 0 0 1 0 37.5 3.44516e-009</i>
                        <i>1 0 0 0 1 0 0 0 1 0 37.5 3.44516e-009</i>
                        <i>1 0 0 0 1 0 0 0 1 0 37.5 3.44516e-009</i>
                        <i>1 0 0 0 1 0 0 0 1 0 37.5 3.44516e-009</i>
                        <i>1 0 0 0 1 0 0 0 1 0 37.5 3.44516e-009</i>
                        <i>1 0 0 0 1 0 0 0 1 0 37.5 3.44516e-009</i>
                        <i>1 0 0 0 1 0 0 0 1 0 37.5 3.44516e-009</i>
                        <i>1 0 0 0 1 0 0 0 1 0 37.5 3.44516e-009</i>
                        <i>1 0 0 0 1 0 0 0 1 0 37.5 3.44516e-009</i>
                        <i>1 0 0 0 1 0 0 0 1 0 37.5 3.44516e-009</i>
                        <i>1 0 0 0 1 0 0 0 1 0 37.5 3.44516e-009</i>
                        <i>1 0 0 0 1 0 0 0 1 0 37.5 3.44516e-009</i>
                        <i>1 0 0 0 1 0 0 0 1 0 37.5 3.44516e-009</i>
                        <i>1 0 0 0 1 0 0 0 1 0 37.5 3.44516e-009</i>
                        <i>1 0 0 0 1 0 0 0 1 0 37.5 3.44516e-009</i>
                        <i>1 0 0 0 1 0 0 0 1 0 37.5 3.44516e-009</i>
                        <i>1 0 0 0 1 0 0 0 1 0 37.5 3.44516e-009</i>
                        <i>1 0 0 0 1 0 0 0 1 0 37.5 3.44516e-009</i>
                        <i>1 0 0 0 1 0 0 0 1 0 37.5 3.44516e-009</i>
                        <i>1 0 0 0 1 0 0 0 1 0 37.5 3.44516e-009</i>
                        <i>1 0 0 0 1 0 0 0 1 0 37.5 3.44516e-009</i>
                        <i>1 0 0 0 1 0 0 0 1 0 37.5 3.44516e-009</i>
                        <i>1 0 0 0 1 0 0 0 1 0 37.5 3.44516e-009</i>
                        <i>1 0 0 0 1 0 0 0 1 0 37.5 3.44516e-009</i>
                        <i>1 0 0 0 1 0 0 0 1 0 37.5 3.44516e-009</i>
                        <i>1 0 0 0 1 0 0 0 1 0 37.5 3.44516e-009</i>
                        <i>1 0 0 0 1 0 0 0 1 0 37.5 3.44516e-009</i>
                        <i>1 0 0 0 1 0 0 0 1 0 37.5 3.44516e-009</i>
                        <i>1 0 0 0 1 0 0 0 1 0 37.5 3.44516e-009</i>
                        <i>1 0 0 0 1 0 0 0 1 0 37.5 3.44516e-009</i>
                        <i>1 0 0 0 1 0 0 0 1 0 37.5 3.44516e-009</i>
                        <i>1 0 0 0 1 0 0 0 1 0 37.5 3.44516e-009</i>
                        <i>1 0 0 0 1 0 0 0 1 0 37.5 3.44516e-009</i>
                        <i>1 0 0 0 1 0 0 0 1 0 37.5 3.44516e-009</i>
                        <i>1 0 0 0 1 0 0 0 1 0 37.5 3.44516e-009</i>
                        <i>1 0 0 0 1 0 0 0 1 0 37.5 3.44516e-009</i>
                        <i>1 0 0 0 1 0 0 0 1 0 37.5 3.44516e-009</i>
                        <i>1 0 0 0 1 0 0 0 1 0 37.5 3.44516e-009</i>
                        <i>1 0 0 0 1 0 0 0 1 0 37.5 3.44516e-009</i>
                        <i>1 0 0 0 1 0 0 0 1 0 37.5 3.44516e-009</i>
                        <i>1 0 0 0 1 0 0 0 1 0 37.5 3.44516e-009</i>
                        <i>1 0 0 0 1 0 0 0 1 0 37.5 3.44516e-009</i>
                        <i>1 0 0 0 1 0 0 0 1 0 37.5 3.44516e-009</i>
                        <i>1 0 0 0 1 0 0 0 1 0 37.5 3.44516e-009</i>
                        <i>1 0 0 0 1 0 0 0 1 0 37.5 3.44516e-009</i>
                        <i>1 0 0 0 1 0 0 0 1 0 37.5 3.44516e-009</i>
                        <i>1 0 0 0 1 0 0 0 1 0 37.5 3.44516e-009</i>
                        <i>1 0 0 0 1 0 0 0 1 0 37.5 3.44516e-009</i>
                        <i>1 0 0 0 1 0 0 0 1 0 37.5 3.44516e-009</i>
                        <i>1 0 0 0 1 0 0 0 1 0 37.5 3.44516e-009</i>
                        <i>1 0 0 0 1 0 0 0 1 0 37.5 3.44516e-009</i>
                        <i>1 0 0 0 1 0 0 0 1 0 37.5 3.44516e-009</i>
                        <i>1 0 0 0 1 0 0 0 1 0 37.5 3.44516e-009</i>
                        <i>1 0 0 0 1 0 0 0 1 0 37.5 3.44516e-009</i>
                        <i>1 0 0 0 1 0 0 0 1 0 37.5 3.44516e-009</i>
                        <i>1 0 0 0 1 0 0 0 1 0 37.5 3.44516e-009</i>
                        <i>1 0 0 0 1 0 0 0 1 0 37.5 3.44516e-009</i>
                        <i>1 0 0 0 1 0 0 0 1 0 37.5 3.44516e-009</i>
                        <i>1 0 0 0 1 0 0 0 1 0 37.5 3.44516e-009</i>
                        <i>1 0 0 0 1 0 0 0 1 0 37.5 3.44516e-009</i>
                        <i>1 0 0 0 1 0 0 0 1 0 37.5 3.44516e-009</i>
                        <i>1 0 0 0 1 0 0 0 1 0 37.5 3.44516e-009</i>
                        <i>1 0 0 0 1 0 0 0 1 0 37.5 3.44516e-009</i>
                        <i>1 0 0 0 1 0 0 0 1 0 37.5 3.44516e-009</i>
                        <i>1 0 0 0 1 0 0 0 1 0 37.5 3.44516e-009</i>
                        <i>1 0 0 0 1 0 0 0 1 0 37.5 3.44516e-009</i>
                        <i>1 0 0 0 1 0 0 0 1 0 37.5 3.44516e-009</i>
                        <i>1 0 0 0 1 0 0 0 1 0 37.5 3.44516e-009</i>
                        <i>1 0 0 0 1 0 0 0 1 0 37.5 3.44516e-009</i>
                        <i>1 0 0 0 1 0 0 0 1 0 37.5 3.44516e-009</i>
                        <i>1 0 0 0 1 0 0 0 1 0 37.5 3.44516e-009</i>
                        <i>1 0 0 0 1 0 0 0 1 0 37.5 3.44516e-009</i>
                        <i>1 0 0 0 1 0 0 0 1 0 37.5 3.44516e-009</i>
                        <i>1 0 0 0 1 0 0 0 1 0 37.5 3.44516e-009</i>
                        <i>1 0 0 0 1 0 0 0 1 0 37.5 3.44516e-009</i>
                        <i>1 0 0 0 1 0 0 0 1 0 37.5 3.44516e-009</i>
                        <i>1 0 0 0 1 0 0 0 1 0 37.5 3.44516e-009</i>
                        <i>1 0 0 0 1 0 0 0 1 0 37.5 3.44516e-009</i>
                        <i>1 0 0 0 1 0 0 0 1 0 37.5 3.44516e-009</i>
                        <i>1 0 0 0 1 0 0 0 1 0 37.5 3.44516e-009</i>
                        <i>1 0 0 0 1 0 0 0 1 0 37.5 3.44516e-009</i>
                        <i>1 0 0 0 1 0 0 0 1 0 37.5 3.44516e-009</i>
                        <i>1 0 0 0 1 0 0 0 1 0 37.5 3.44516e-009</i>
                        <i>1 0 0 0 1 0 0 0 1 0 37.5 3.44516e-009</i>
                        <i>1 0 0 0 1 0 0 0 1 0 37.5 3.44516e-009</i>
                    </KeyFrames>
                </p>
            </i>
            <i>
                <p>
                    <Name><![CDATA[rope1]]></Name>
                    <Exclude>0</Exclude>
                    <Additive>1</Additive>
                    <IKPriority>0</IKPriority>
                    <IKRotLimits>-1e+010 -1e+010 -1e+010 1e+010 1e+010 1e+010</IKRotLimits>
                    <IKRotLimitOrder>0</IKRotLimitOrder>
                    <KeyFrames count="90">
                        <i>1 0 0 0 1 0 0 0 1 0 33.75 3.44516e-009</i>
                        <i>1 0 0 0 0.998541 -0.0539983 0 0.0539983 0.998541 0 33.6131 0.202192</i>
                        <i>1 0 0 0 0.993539 -0.113491 0 0.113491 0.993539 0 33.4644 0.423959</i>
                        <i>1 0 0 0 0.986895 -0.161365 0 0.161365 0.986895 0 33.3394 0.606575</i>
                        <i>1 0 0 0 0.983488 -0.180975 0 0.180975 0.983488 0 33.2739 0.691313</i>
                        <i>1 0 0 0 0.983162 -0.182735 0 0.182735 0.983162 0 33.2781 0.656046</i>
                        <i>1 0 0 0 0.982373 -0.186931 0 0.186931 0.982373 0 33.3256 0.544232</i>
                        <i>1 0 0 0 0.981408 -0.191933 0 0.191933 0.981408 0 33.397 0.395521</i>
                        <i>1 0 0 0 0.98058 -0.196121 0 0.196121 0.98058 0 33.4732 0.249565</i>
                        <i>1 0 0 0 0.980227 -0.197876 0 0.197876 0.980227 0 33.5346 0.146014</i>
                        <i>1 0 0 0 0.984116 -0.177529 0 0.177529 0.984116 0 33.5874 0.0865844</i>
                        <i>1 0 0 0 0.991681 -0.128717 0 0.128717 0.991681 0 33.6447 0.0448425</i>
                        <i>1 0 0 0 0.997543 -0.0700577 0 0.0700577 0.997543 0 33.697 0.0182139</i>
                        <i>1 0 0 0 0.999785 -0.0207144 0 0.0207144 0.999785 0 33.7352 0.00412444</i>
                        <i>1 0 0 0 1 0 0 0 1 0 33.75 3.44516e-009</i>
                        <i>1 0 0 0 1 0 0 0 1 0 33.75 3.44516e-009</i>
                        <i>1 0 0 0 1 0 0 0 1 0 33.75 3.44516e-009</i>
                        <i>1 0 0 0 1 0 0 0 1 0 33.75 3.44516e-009</i>
                        <i>1 0 0 0 1 0 0 0 1 0 33.75 3.44516e-009</i>
                        <i>1 0 0 0 1 0 0 0 1 0 33.75 3.44516e-009</i>
                        <i>1 0 0 0 1 0 0 0 1 0 33.75 3.44516e-009</i>
                        <i>1 0 0 0 1 0 0 0 1 0 33.75 3.44516e-009</i>
                        <i>1 0 0 0 1 0 0 0 1 0 33.75 3.44516e-009</i>
                        <i>1 0 0 0 1 0 0 0 1 0 33.75 3.44516e-009</i>
                        <i>1 0 0 0 1 0 0 0 1 0 33.75 3.44516e-009</i>
                        <i>1 0 0 0 1 0 0 0 1 0 33.75 3.44516e-009</i>
                        <i>1 0 0 0 1 0 0 0 1 0 33.75 3.44516e-009</i>
                        <i>1 0 0 0 1 0 0 0 1 0 33.75 3.44516e-009</i>
                        <i>1 0 0 0 1 0 0 0 1 0 33.75 3.44516e-009</i>
                        <i>1 0 0 0 1 0 0 0 1 0 33.75 3.44516e-009</i>
                        <i>1 0 0 0 1 0 0 0 1 0 33.75 3.44516e-009</i>
                        <i>1 0 0 0 1 0 0 0 1 0 33.75 3.44516e-009</i>
                        <i>1 0 0 0 1 0 0 0 1 0 33.75 3.44516e-009</i>
                        <i>1 0 0 0 1 0 0 0 1 0 33.75 3.44516e-009</i>
                        <i>1 0 0 0 1 0 0 0 1 0 33.75 3.44516e-009</i>
                        <i>1 0 0 0 1 0 0 0 1 0 33.75 3.44516e-009</i>
                        <i>1 0 0 0 1 0 0 0 1 0 33.75 3.44516e-009</i>
                        <i>1 0 0 0 1 0 0 0 1 0 33.75 3.44516e-009</i>
                        <i>1 0 0 0 1 0 0 0 1 0 33.75 3.44516e-009</i>
                        <i>1 0 0 0 1 0 0 0 1 0 33.75 3.44516e-009</i>
                        <i>1 0 0 0 1 0 0 0 1 0 33.75 3.44516e-009</i>
                        <i>1 0 0 0 1 0 0 0 1 0 33.75 3.44516e-009</i>
                        <i>1 0 0 0 1 0 0 0 1 0 33.75 3.44516e-009</i>
                        <i>1 0 0 0 1 0 0 0 1 0 33.75 3.44516e-009</i>
                        <i>1 0 0 0 1 0 0 0 1 0 33.75 3.44516e-009</i>
                        <i>1 0 0 0 1 0 0 0 1 0 33.75 3.44516e-009</i>
                        <i>1 0 0 0 1 0 0 0 1 0 33.75 3.44516e-009</i>
                        <i>1 0 0 0 1 0 0 0 1 0 33.75 3.44516e-009</i>
                        <i>1 0 0 0 1 0 0 0 1 0 33.75 3.44516e-009</i>
                        <i>1 0 0 0 1 0 0 0 1 0 33.75 3.44516e-009</i>
                        <i>1 0 0 0 1 0 0 0 1 0 33.75 3.44516e-009</i>
                        <i>1 0 0 0 1 0 0 0 1 0 33.75 3.44516e-009</i>
                        <i>1 0 0 0 1 0 0 0 1 0 33.75 3.44516e-009</i>
                        <i>1 0 0 0 1 0 0 0 1 0 33.75 3.44516e-009</i>
                        <i>1 0 0 0 1 0 0 0 1 0 33.75 3.44516e-009</i>
                        <i>1 0 0 0 1 0 0 0 1 0 33.75 3.44516e-009</i>
                        <i>1 0 0 0 1 0 0 0 1 0 33.75 3.44516e-009</i>
                        <i>1 0 0 0 1 0 0 0 1 0 33.75 3.44516e-009</i>
                        <i>1 0 0 0 1 0 0 0 1 0 33.75 3.44516e-009</i>
                        <i>1 0 0 0 1 0 0 0 1 0 33.75 3.44516e-009</i>
                        <i>1 0 0 0 1 0 0 0 1 0 33.75 3.44516e-009</i>
                        <i>1 0 0 0 1 0 0 0 1 0 33.75 3.44516e-009</i>
                        <i>1 0 0 0 1 0 0 0 1 0 33.75 3.44516e-009</i>
                        <i>1 0 0 0 1 0 0 0 1 0 33.75 3.44516e-009</i>
                        <i>1 0 0 0 1 0 0 0 1 0 33.75 3.44516e-009</i>
                        <i>1 0 0 0 1 0 0 0 1 0 33.75 3.44516e-009</i>
                        <i>1 0 0 0 1 0 0 0 1 0 33.75 3.44516e-009</i>
                        <i>1 0 0 0 1 0 0 0 1 0 33.75 3.44516e-009</i>
                        <i>1 0 0 0 1 0 0 0 1 0 33.75 3.44516e-009</i>
                        <i>1 0 0 0 1 0 0 0 1 0 33.75 3.44516e-009</i>
                        <i>1 0 0 0 1 0 0 0 1 0 33.75 3.44516e-009</i>
                        <i>1 0 0 0 1 0 0 0 1 0 33.75 3.44516e-009</i>
                        <i>1 0 0 0 1 0 0 0 1 0 33.75 3.44516e-009</i>
                        <i>1 0 0 0 1 0 0 0 1 0 33.75 3.44516e-009</i>
                        <i>1 0 0 0 1 0 0 0 1 0 33.75 3.44516e-009</i>
                        <i>1 0 0 0 1 0 0 0 1 0 33.75 3.44516e-009</i>
                        <i>1 0 0 0 1 0 0 0 1 0 33.75 3.44516e-009</i>
                        <i>1 0 0 0 1 0 0 0 1 0 33.75 3.44516e-009</i>
                        <i>1 0 0 0 1 0 0 0 1 0 33.75 3.44516e-009</i>
                        <i>1 0 0 0 1 0 0 0 1 0 33.75 3.44516e-009</i>
                        <i>1 0 0 0 1 0 0 0 1 0 33.75 3.44516e-009</i>
                        <i>1 0 0 0 1 0 0 0 1 0 33.75 3.44516e-009</i>
                        <i>1 0 0 0 1 0 0 0 1 0 33.75 3.44516e-009</i>
                        <i>1 0 0 0 1 0 0 0 1 0 33.75 3.44516e-009</i>
                        <i>1 0 0 0 1 0 0 0 1 0 33.75 3.44516e-009</i>
                        <i>1 0 0 0 1 0 0 0 1 0 33.75 3.44516e-009</i>
                        <i>1 0 0 0 1 0 0 0 1 0 33.75 3.44516e-009</i>
                        <i>1 0 0 0 1 0 0 0 1 0 33.75 3.44516e-009</i>
                        <i>1 0 0 0 1 0 0 0 1 0 33.75 3.44516e-009</i>
                        <i>1 0 0 0 1 0 0 0 1 0 33.75 3.44516e-009</i>
                    </KeyFrames>
                </p>
            </i>
            <i>
                <p>
                    <Name><![CDATA[rope2]]></Name>
                    <Exclude>0</Exclude>
                    <Additive>1</Additive>
                    <IKPriority>0</IKPriority>
                    <IKRotLimits>-1e+010 -1e+010 -1e+010 1e+010 1e+010 1e+010</IKRotLimits>
                    <IKRotLimitOrder>0</IKRotLimitOrder>
                    <KeyFrames count="90">
                        <i>1 0 0 0 1 0 0 0 1 0 30 3.44516e-009</i>
                        <i>1 0 0 0 0.999975 0.00705036 0 -0.00705036 0.999975 0 30.0746 0.032163</i>
                        <i>1 0 0 0 0.999745 0.0225594 0 -0.0225594 0.999745 0 30.1543 0.0603195</i>
                        <i>1 0 0 0 0.999275 0.0380631 0 -0.0380631 0.999275 0 30.2237 0.096489</i>
                        <i>1 0 0 0 0.998982 0.0451074 0 -0.0451074 0.998982 0 30.2674 0.152691</i>
                        <i>1 0 0 0 0.998951 0.0458012 0 -0.0458012 0.998951 0 30.2844 0.241665</i>
                        <i>1 0 0 0 0.998873 0.0474557 0 -0.0474557 0.998873 0 30.286 0.354515</i>
                        <i>1 0 0 0 0.998778 0.0494302 0 -0.0494302 0.998778 0 30.2755 0.470812</i>
                        <i>1 0 0 0 0.998694 0.0510844 0 -0.0510844 0.998694 0 30.2562 0.570126</i>
                        <i>1 0 0 0 0.998659 0.051778 0 -0.051778 0.998659 0 30.2314 0.632026</i>
                        <i>1 0 0 0 0.999218 0.039548 0 -0.039548 0.999218 0 30.193 0.651074</i>
                        <i>1 0 0 0 0.999964 0.00850114 0 -0.00850114 0.999964 0 30.139 0.640889</i>
                        <i>1 0 0 0 0.99946 -0.0328571 0 0.0328571 0.99946 0 30.0813 0.60963</i>
                        <i>1 0 0 0 0.997111 -0.075954 0 0.075954 0.997111 0 30.0317 0.565457</i>
                        <i>1 0 0 0 0.99368 -0.112247 0 0.112247 0.99368 0 30.0023 0.516529</i>
                        <i>1 0 0 0 0.989061 -0.147508 0 0.147508 0.989061 0 29.9897 0.455182</i>
                        <i>1 0 0 0 0.982307 -0.187278 0 0.187278 0.982307 0 29.9823 0.375975</i>
                        <i>1 0 0 0 0.974841 -0.222901 0 0.222901 0.974841 0 29.9791 0.290407</i>
                        <i>1 0 0 0 0.969276 -0.245975 0 0.245975 0.969276 0 29.9793 0.209973</i>
                        <i>1 0 0 0 0.968695 -0.248253 0 0.248253 0.968695 0 29.9819 0.146172</i>
                        <i>1 0 0 0 0.976421 -0.215873 0 0.215873 0.976421 0 29.986 0.0979123</i>
                        <i>1 0 0 0 0.988093 -0.153855 0 0.153855 0.988093 0 29.9908 0.0575294</i>
                        <i>1 0 0 0 0.996565 -0.0828142 0 0.0828142 0.996565 0 29.9953 0.0266592</i>
                        <i>1 0 0 0 0.999705 -0.0242889 0 0.0242889 0.999705 0 29.9987 0.00693742</i>
                        <i>1 0 0 0 1 0 0 0 1 0 30 3.44516e-009</i>
                        <i>1 0 0 0 1 0 0 0 1 0 30 3.44516e-009</i>
                        <i>1 0 0 0 1 0 0 0 1 0 30 3.44516e-009</i>
                        <i>1 0 0 0 1 0 0 0 1 0 30 3.44516e-009</i>
                        <i>1 0 0 0 1 0 0 0 1 0 30 3.44516e-009</i>
                        <i>1 0 0 0 1 0 0 0 1 0 30 3.44516e-009</i>
                        <i>1 0 0 0 1 0 0 0 1 0 30 3.44516e-009</i>
                        <i>1 0 0 0 1 0 0 0 1 0 30 3.44516e-009</i>
                        <i>1 0 0 0 1 0 0 0 1 0 30 3.44516e-009</i>
                        <i>1 0 0 0 1 0 0 0 1 0 30 3.44516e-009</i>
                        <i>1 0 0 0 1 0 0 0 1 0 30 3.44516e-009</i>
                        <i>1 0 0 0 1 0 0 0 1 0 30 3.44516e-009</i>
                        <i>1 0 0 0 1 0 0 0 1 0 30 3.44516e-009</i>
                        <i>1 0 0 0 1 0 0 0 1 0 30 3.44516e-009</i>
                        <i>1 0 0 0 1 0 0 0 1 0 30 3.44516e-009</i>
                        <i>1 0 0 0 1 0 0 0 1 0 30 3.44516e-009</i>
                        <i>1 0 0 0 1 0 0 0 1 0 30 3.44516e-009</i>
                        <i>1 0 0 0 1 0 0 0 1 0 30 3.44516e-009</i>
                        <i>1 0 0 0 1 0 0 0 1 0 30 3.44516e-009</i>
                        <i>1 0 0 0 1 0 0 0 1 0 30 3.44516e-009</i>
                        <i>1 0 0 0 1 0 0 0 1 0 30 3.44516e-009</i>
                        <i>1 0 0 0 1 0 0 0 1 0 30 3.44516e-009</i>
                        <i>1 0 0 0 1 0 0 0 1 0 30 3.44516e-009</i>
                        <i>1 0 0 0 1 0 0 0 1 0 30 3.44516e-009</i>
                        <i>1 0 0 0 1 0 0 0 1 0 30 3.44516e-009</i>
                        <i>1 0 0 0 1 0 0 0 1 0 30 3.44516e-009</i>
                        <i>1 0 0 0 1 0 0 0 1 0 30 3.44516e-009</i>
                        <i>1 0 0 0 1 0 0 0 1 0 30 3.44516e-009</i>
                        <i>1 0 0 0 1 0 0 0 1 0 30 3.44516e-009</i>
                        <i>1 0 0 0 1 0 0 0 1 0 30 3.44516e-009</i>
                        <i>1 0 0 0 1 0 0 0 1 0 30 3.44516e-009</i>
                        <i>1 0 0 0 1 0 0 0 1 0 30 3.44516e-009</i>
                        <i>1 0 0 0 1 0 0 0 1 0 30 3.44516e-009</i>
                        <i>1 0 0 0 1 0 0 0 1 0 30 3.44516e-009</i>
                        <i>1 0 0 0 1 0 0 0 1 0 30 3.44516e-009</i>
                        <i>1 0 0 0 1 0 0 0 1 0 30 3.44516e-009</i>
                        <i>1 0 0 0 1 0 0 0 1 0 30 3.44516e-009</i>
                        <i>1 0 0 0 1 0 0 0 1 0 30 3.44516e-009</i>
                        <i>1 0 0 0 1 0 0 0 1 0 30 3.44516e-009</i>
                        <i>1 0 0 0 1 0 0 0 1 0 30 3.44516e-009</i>
                        <i>1 0 0 0 1 0 0 0 1 0 30 3.44516e-009</i>
                        <i>1 0 0 0 1 0 0 0 1 0 30 3.44516e-009</i>
                        <i>1 0 0 0 1 0 0 0 1 0 30 3.44516e-009</i>
                        <i>1 0 0 0 1 0 0 0 1 0 30 3.44516e-009</i>
                        <i>1 0 0 0 1 0 0 0 1 0 30 3.44516e-009</i>
                        <i>1 0 0 0 1 0 0 0 1 0 30 3.44516e-009</i>
                        <i>1 0 0 0 1 0 0 0 1 0 30 3.44516e-009</i>
                        <i>1 0 0 0 1 0 0 0 1 0 30 3.44516e-009</i>
                        <i>1 0 0 0 1 0 0 0 1 0 30 3.44516e-009</i>
                        <i>1 0 0 0 1 0 0 0 1 0 30 3.44516e-009</i>
                        <i>1 0 0 0 1 0 0 0 1 0 30 3.44516e-009</i>
                        <i>1 0 0 0 1 0 0 0 1 0 30 3.44516e-009</i>
                        <i>1 0 0 0 1 0 0 0 1 0 30 3.44516e-009</i>
                        <i>1 0 0 0 1 0 0 0 1 0 30 3.44516e-009</i>
                        <i>1 0 0 0 1 0 0 0 1 0 30 3.44516e-009</i>
                        <i>1 0 0 0 1 0 0 0 1 0 30 3.44516e-009</i>
                        <i>1 0 0 0 1 0 0 0 1 0 30 3.44516e-009</i>
                        <i>1 0 0 0 1 0 0 0 1 0 30 3.44516e-009</i>
                        <i>1 0 0 0 1 0 0 0 1 0 30 3.44516e-009</i>
                        <i>1 0 0 0 1 0 0 0 1 0 30 3.44516e-009</i>
                        <i>1 0 0 0 1 0 0 0 1 0 30 3.44516e-009</i>
                        <i>1 0 0 0 1 0 0 0 1 0 30 3.44516e-009</i>
                        <i>1 0 0 0 1 0 0 0 1 0 30 3.44516e-009</i>
                        <i>1 0 0 0 1 0 0 0 1 0 30 3.44516e-009</i>
                        <i>1 0 0 0 1 0 0 0 1 0 30 3.44516e-009</i>
                        <i>1 0 0 0 1 0 0 0 1 0 30 3.44516e-009</i>
                    </KeyFrames>
                </p>
            </i>
            <i>
                <p>
                    <Name><![CDATA[rope3]]></Name>
                    <Exclude>0</Exclude>
                    <Additive>1</Additive>
                    <IKPriority>0</IKPriority>
                    <IKRotLimits>-1e+010 -1e+010 -1e+010 1e+010 1e+010 1e+010</IKRotLimits>
                    <IKRotLimitOrder>0</IKRotLimitOrder>
                    <KeyFrames count="90">
                        <i>1 0 0 0 1 0 0 0 1 0 26.25 3.44516e-009</i>
                        <i>1 0 0 0 1 0 0 0 1 0 26.25 3.44507e-009</i>
                        <i>1 0 0 0 1 0 0 0 1 0 26.25 3.44428e-009</i>
                        <i>1 0 0 0 1 0 0 0 1 0 26.25 3.44266e-009</i>
                        <i>1 0 0 0 1 0 0 0 1 0 26.25 3.44165e-009</i>
                        <i>1 0 0 0 1 0 0 0 1 0 26.25 3.44155e-009</i>
                        <i>1 0 0 0 1 0 0 0 1 0 26.25 3.44128e-009</i>
                        <i>1 0 0 0 1 0 0 0 1 0 26.25 3.44095e-009</i>
                        <i>1 0 0 0 1 0 0 0 1 0 26.25 3.44066e-009</i>
                        <i>1 0 0 0 1 0 0 0 1 0 26.25 3.44054e-009</i>
                        <i>1 0 0 0 1 0 0 0 1 0 26.25 3.44246e-009</i>
                        <i>1 0 0 0 1 0 0 0 1 0 26.25 3.44504e-009</i>
                        <i>1 0 0 0 1 0 0 0 1 0 26.25 3.4433e-009</i>
                        <i>1 0 0 0 1 0 0 0 1 0 26.25 3.43521e-009</i>
                        <i>1 0 0 0 1 0 0 0 1 0 26.25 3.42339e-009</i>
                        <i>1 0 0 0 0.999989 -0.00467007 0 0.00467007 0.999989 0 26.2575 0.00299401</i>
                        <i>1 0 0 0 0.999875 -0.0158058 0 0.0158058 0.999875 0 26.2746 0.0131614</i>
                        <i>1 0 0 0 0.999577 -0.0290941 0 0.0290941 0.999577 0 26.2936 0.0322805</i>
                        <i>1 0 0 0 0.999191 -0.0402236 0 0.0402236 0.999191 0 26.3067 0.0621292</i>
                        <i>1 0 0 0 0.998992 -0.0448895 0 0.0448895 0.998992 0 26.3059 0.104486</i>
                        <i>1 0 0 0 0.998472 -0.055258 0 0.055258 0.998472 0 26.2834 0.177966</i>
                        <i>1 0 0 0 0.996782 -0.0801642 0 0.0801642 0.996782 0 26.2444 0.281383</i>
                        <i>1 0 0 0 0.993898 -0.110301 0 0.110301 0.993898 0 26.2008 0.386815</i>
                        <i>1 0 0 0 0.990652 -0.136415 0 0.136415 0.990652 0 26.1645 0.466339</i>
                        <i>1 0 0 0 0.988782 -0.149365 0 0.149365 0.988782 0 26.1472 0.492034</i>
                        <i>1 0 0 0 0.989203 -0.14655 0 0.14655 0.989203 0 26.1471 0.441914</i>
                        <i>1 0 0 0 0.990971 -0.134077 0 0.134077 0.990971 0 26.1531 0.334596</i>
                        <i>1 0 0 0 0.993258 -0.115923 0 0.115923 0.993258 0 26.1639 0.203055</i>
                        <i>1 0 0 0 0.995373 -0.0960896 0 0.0960896 0.995373 0 26.178 0.0802661</i>
                        <i>1 0 0 0 0.996905 -0.0786129 0 0.0786129 0.996905 0 26.194 -0.000793683</i>
                        <i>1 0 0 0 0.998145 -0.0608769 0 0.0608769 0.998145 0 26.2102 -0.0322013</i>
                        <i>1 0 0 0 0.999192 -0.0401882 0 0.0401882 0.999192 0 26.2255 -0.0359407</i>
                        <i>1 0 0 0 0.99979 -0.0205024 0 0.0205024 0.99979 0 26.2381 -0.023897</i>
                        <i>1 0 0 0 0.999983 -0.00578532 0 0.00578532 0.999983 0 26.2468 -0.00795507</i>
                        <i>1 0 0 0 1 0 0 0 1 0 26.25 3.44516e-009</i>
                        <i>1 0 0 0 1 0 0 0 1 0 26.25 3.44516e-009</i>
                        <i>1 0 0 0 1 0 0 0 1 0 26.25 3.44516e-009</i>
                        <i>1 0 0 0 1 0 0 0 1 0 26.25 3.44516e-009</i>
                        <i>1 0 0 0 1 0 0 0 1 0 26.25 3.44516e-009</i>
                        <i>1 0 0 0 1 0 0 0 1 0 26.25 3.44516e-009</i>
                        <i>1 0 0 0 1 0 0 0 1 0 26.25 3.44516e-009</i>
                        <i>1 0 0 0 1 0 0 0 1 0 26.25 3.44516e-009</i>
                        <i>1 0 0 0 1 0 0 0 1 0 26.25 3.44516e-009</i>
                        <i>1 0 0 0 1 0 0 0 1 0 26.25 3.44516e-009</i>
                        <i>1 0 0 0 1 0 0 0 1 0 26.25 3.44516e-009</i>
                        <i>1 0 0 0 1 0 0 0 1 0 26.25 3.44516e-009</i>
                        <i>1 0 0 0 1 0 0 0 1 0 26.25 3.44516e-009</i>
                        <i>1 0 0 0 1 0 0 0 1 0 26.25 3.44516e-009</i>
                        <i>1 0 0 0 1 0 0 0 1 0 26.25 3.44516e-009</i>
                        <i>1 0 0 0 1 0 0 0 1 0 26.25 3.44516e-009</i>
                        <i>1 0 0 0 1 0 0 0 1 0 26.25 3.44516e-009</i>
                        <i>1 0 0 0 1 0 0 0 1 0 26.25 3.44516e-009</i>
                        <i>1 0 0 0 1 0 0 0 1 0 26.25 3.44516e-009</i>
                        <i>1 0 0 0 1 0 0 0 1 0 26.25 3.44516e-009</i>
                        <i>1 0 0 0 1 0 0 0 1 0 26.25 3.44516e-009</i>
                        <i>1 0 0 0 1 0 0 0 1 0 26.25 3.44516e-009</i>
                        <i>1 0 0 0 1 0 0 0 1 0 26.25 3.44516e-009</i>
                        <i>1 0 0 0 1 0 0 0 1 0 26.25 3.44516e-009</i>
                        <i>1 0 0 0 1 0 0 0 1 0 26.25 3.44516e-009</i>
                        <i>1 0 0 0 1 0 0 0 1 0 26.25 3.44516e-009</i>
                        <i>1 0 0 0 1 0 0 0 1 0 26.25 3.44516e-009</i>
                        <i>1 0 0 0 1 0 0 0 1 0 26.25 3.44516e-009</i>
                        <i>1 0 0 0 1 0 0 0 1 0 26.25 3.44516e-009</i>
                        <i>1 0 0 0 1 0 0 0 1 0 26.25 3.44516e-009</i>
                        <i>1 0 0 0 1 0 0 0 1 0 26.25 3.44516e-009</i>
                        <i>1 0 0 0 1 0 0 0 1 0 26.25 3.44516e-009</i>
                        <i>1 0 0 0 1 0 0 0 1 0 26.25 3.44516e-009</i>
                        <i>1 0 0 0 1 0 0 0 1 0 26.25 3.44516e-009</i>
                        <i>1 0 0 0 1 0 0 0 1 0 26.25 3.44516e-009</i>
                        <i>1 0 0 0 1 0 0 0 1 0 26.25 3.44516e-009</i>
                        <i>1 0 0 0 1 0 0 0 1 0 26.25 3.44516e-009</i>
                        <i>1 0 0 0 1 0 0 0 1 0 26.25 3.44516e-009</i>
                        <i>1 0 0 0 1 0 0 0 1 0 26.25 3.44516e-009</i>
                        <i>1 0 0 0 1 0 0 0 1 0 26.25 3.44516e-009</i>
                        <i>1 0 0 0 1 0 0 0 1 0 26.25 3.44516e-009</i>
                        <i>1 0 0 0 1 0 0 0 1 0 26.25 3.44516e-009</i>
                        <i>1 0 0 0 1 0 0 0 1 0 26.25 3.44516e-009</i>
                        <i>1 0 0 0 1 0 0 0 1 0 26.25 3.44516e-009</i>
                        <i>1 0 0 0 1 0 0 0 1 0 26.25 3.44516e-009</i>
                        <i>1 0 0 0 1 0 0 0 1 0 26.25 3.44516e-009</i>
                        <i>1 0 0 0 1 0 0 0 1 0 26.25 3.44516e-009</i>
                        <i>1 0 0 0 1 0 0 0 1 0 26.25 3.44516e-009</i>
                        <i>1 0 0 0 1 0 0 0 1 0 26.25 3.44516e-009</i>
                        <i>1 0 0 0 1 0 0 0 1 0 26.25 3.44516e-009</i>
                        <i>1 0 0 0 1 0 0 0 1 0 26.25 3.44516e-009</i>
                        <i>1 0 0 0 1 0 0 0 1 0 26.25 3.44516e-009</i>
                        <i>1 0 0 0 1 0 0 0 1 0 26.25 3.44516e-009</i>
                        <i>1 0 0 0 1 0 0 0 1 0 26.25 3.44516e-009</i>
                        <i>1 0 0 0 1 0 0 0 1 0 26.25 3.44516e-009</i>
                        <i>1 0 0 0 1 0 0 0 1 0 26.25 3.44516e-009</i>
                    </KeyFrames>
                </p>
            </i>
            <i>
                <p>
                    <Name><![CDATA[rope4]]></Name>
                    <Exclude>0</Exclude>
                    <Additive>1</Additive>
                    <IKPriority>0</IKPriority>
                    <IKRotLimits>-1e+010 -1e+010 -1e+010 1e+010 1e+010 1e+010</IKRotLimits>
                    <IKRotLimitOrder>0</IKRotLimitOrder>
                    <KeyFrames count="90">
                        <i>1 0 0 0 1 0 0 0 1 0 22.5 3.44516e-009</i>
                        <i>1 0 0 0 1 0 0 0 1 0 22.5 3.44516e-009</i>
                        <i>1 0 0 0 1 0 0 0 1 0 22.5 3.44516e-009</i>
                        <i>1 0 0 0 1 0 0 0 1 0 22.5 3.44516e-009</i>
                        <i>1 0 0 0 1 0 0 0 1 0 22.5 3.44516e-009</i>
                        <i>1 0 0 0 1 0 0 0 1 0 22.5 3.44516e-009</i>
                        <i>1 0 0 0 1 0 0 0 1 0 22.5 3.44516e-009</i>
                        <i>1 0 0 0 1 0 0 0 1 0 22.5 3.44516e-009</i>
                        <i>1 0 0 0 1 0 0 0 1 0 22.5 3.44516e-009</i>
                        <i>1 0 0 0 1 0 0 0 1 0 22.5 3.44516e-009</i>
                        <i>1 0 0 0 1 0 0 0 1 0 22.5 3.44516e-009</i>
                        <i>1 0 0 0 1 0 0 0 1 0 22.5 3.44516e-009</i>
                        <i>1 0 0 0 1 0 0 0 1 0 22.5 3.44516e-009</i>
                        <i>1 0 0 0 1 0 0 0 1 0 22.5 3.44516e-009</i>
                        <i>1 0 0 0 1 0 0 0 1 0 22.5 3.44516e-009</i>
                        <i>1 0 0 0 1 0 0 0 1 0 22.5 3.44512e-009</i>
                        <i>1 0 0 0 1 0 0 0 1 0 22.5 3.44473e-009</i>
                        <i>1 0 0 0 1 0 0 0 1 0 22.5 3.4437e-009</i>
                        <i>1 0 0 0 1 0 0 0 1 0 22.5 3.44237e-009</i>
                        <i>1 0 0 0 1 0 0 0 1 0 22.5 3.44169e-009</i>
                        <i>1 0 0 0 0.999936 0.0113261 0 -0.0113261 0.999936 0 22.5 0.00792253</i>
                        <i>1 0 0 0 0.999265 0.0383259 0 -0.0383259 0.999265 0 22.5 0.0303246</i>
                        <i>1 0 0 0 0.997511 0.0705132 0 -0.0705132 0.997511 0 22.5 0.065158</i>
                        <i>1 0 0 0 0.995243 0.097426 0 -0.097426 0.995243 0 22.5 0.110374</i>
                        <i>1 0 0 0 0.994075 0.108692 0 -0.108692 0.994075 0 22.5 0.163926</i>
                        <i>1 0 0 0 0.994522 0.104526 0 -0.104526 0.994522 0 22.5 0.239225</i>
                        <i>1 0 0 0 0.995517 0.0945852 0 -0.0945852 0.995517 0 22.5 0.337639</i>
                        <i>1 0 0 0 0.996574 0.0827079 0 -0.0827079 0.996574 0 22.5 0.439046</i>
                        <i>1 0 0 0 0.99735 0.0727475 0 -0.0727475 0.99735 0 22.5 0.523325</i>
                        <i>1 0 0 0 0.997646 0.0685684 0 -0.0685684 0.997646 0 22.5 0.570358</i>
                        <i>1 0 0 0 0.999144 0.0413597 0 -0.0413597 0.999144 0 22.5 0.574111</i>
                        <i>1 0 0 0 0.999711 -0.0240311 0 0.0240311 0.999711 0 22.5 0.547999</i>
                        <i>1 0 0 0 0.994693 -0.102889 0 0.102889 0.994693 0 22.5 0.501068</i>
                        <i>1 0 0 0 0.985377 -0.170385 0 0.170385 0.985377 0 22.5 0.442367</i>
                        <i>1 0 0 0 0.979272 -0.20255 0 0.20255 0.979272 0 22.5 0.380941</i>
                        <i>1 0 0 0 0.98254 -0.18605 0 0.18605 0.98254 0 22.5 0.306317</i>
                        <i>1 0 0 0 0.990615 -0.136678 0 0.136678 0.990615 0 22.5 0.212465</i>
                        <i>1 0 0 0 0.997182 -0.0750177 0 0.0750177 0.997182 0 22.5 0.115093</i>
                        <i>1 0 0 0 0.999751 -0.0223081 0 0.0223081 0.999751 0 22.5 0.0299124</i>
                        <i>1 0 0 0 1 0 0 0 1 0 22.5 -0.0273685</i>
                        <i>1 0 0 0 1 0 0 0 1 0 22.5 -0.0489024</i>
                        <i>1 0 0 0 1 0 0 0 1 0 22.5 -0.0451625</i>
                        <i>1 0 0 0 1 0 0 0 1 0 22.5 -0.0279189</i>
                        <i>1 0 0 0 1 0 0 0 1 0 22.5 -0.00894136</i>
                        <i>1 0 0 0 1 0 0 0 1 0 22.5 3.44516e-009</i>
                        <i>1 0 0 0 1 0 0 0 1 0 22.5 3.44516e-009</i>
                        <i>1 0 0 0 1 0 0 0 1 0 22.5 3.44516e-009</i>
                        <i>1 0 0 0 1 0 0 0 1 0 22.5 3.44516e-009</i>
                        <i>1 0 0 0 1 0 0 0 1 0 22.5 3.44516e-009</i>
                        <i>1 0 0 0 1 0 0 0 1 0 22.5 3.44516e-009</i>
                        <i>1 0 0 0 1 0 0 0 1 0 22.5 3.44516e-009</i>
                        <i>1 0 0 0 1 0 0 0 1 0 22.5 3.44516e-009</i>
                        <i>1 0 0 0 1 0 0 0 1 0 22.5 3.44516e-009</i>
                        <i>1 0 0 0 1 0 0 0 1 0 22.5 3.44516e-009</i>
                        <i>1 0 0 0 1 0 0 0 1 0 22.5 3.44516e-009</i>
                        <i>1 0 0 0 1 0 0 0 1 0 22.5 3.44516e-009</i>
                        <i>1 0 0 0 1 0 0 0 1 0 22.5 3.44516e-009</i>
                        <i>1 0 0 0 1 0 0 0 1 0 22.5 3.44516e-009</i>
                        <i>1 0 0 0 1 0 0 0 1 0 22.5 3.44516e-009</i>
                        <i>1 0 0 0 1 0 0 0 1 0 22.5 3.44516e-009</i>
                        <i>1 0 0 0 1 0 0 0 1 0 22.5 3.44516e-009</i>
                        <i>1 0 0 0 1 0 0 0 1 0 22.5 3.44516e-009</i>
                        <i>1 0 0 0 1 0 0 0 1 0 22.5 3.44516e-009</i>
                        <i>1 0 0 0 1 0 0 0 1 0 22.5 3.44516e-009</i>
                        <i>1 0 0 0 1 0 0 0 1 0 22.5 3.44516e-009</i>
                        <i>1 0 0 0 1 0 0 0 1 0 22.5 3.44516e-009</i>
                        <i>1 0 0 0 1 0 0 0 1 0 22.5 3.44516e-009</i>
                        <i>1 0 0 0 1 0 0 0 1 0 22.5 3.44516e-009</i>
                        <i>1 0 0 0 1 0 0 0 1 0 22.5 3.44516e-009</i>
                        <i>1 0 0 0 1 0 0 0 1 0 22.5 3.44516e-009</i>
                        <i>1 0 0 0 1 0 0 0 1 0 22.5 3.44516e-009</i>
                        <i>1 0 0 0 1 0 0 0 1 0 22.5 3.44516e-009</i>
                        <i>1 0 0 0 1 0 0 0 1 0 22.5 3.44516e-009</i>
                        <i>1 0 0 0 1 0 0 0 1 0 22.5 3.44516e-009</i>
                        <i>1 0 0 0 1 0 0 0 1 0 22.5 3.44516e-009</i>
