<?xml version="1.0" encoding="ISO-8859-1" ?>
<Animl Version="1">
    <ModellingPackage><![CDATA[Maya.2010]]></ModellingPackage>
    <SrcFile><![CDATA[anims\vehicles\attachments\~src\rope\rope_drop.mb]]></SrcFile>
    <FramesPerSecond>30</FramesPerSecond>
    <TotalFrames>60</TotalFrames>
    <Skeleton>
        <RefFrame>
            <Name><![CDATA[rope_ref_frame]]></Name>
            <Exclude>0</Exclude>
            <Additive>0</Additive>
            <IKPriority>0</IKPriority>
            <IKRotLimits>-1e+010 -1e+010 -1e+010 1e+010 1e+010 1e+010</IKRotLimits>
            <IKRotLimitOrder>0</IKRotLimitOrder>
            <KeyFrames count="60">
                <i>1 0 0 0 1 0 0 0 1 0 37.4998 0</i>
                <i>1 0 0 0 1 0 0 0 1 0 37.4998 0</i>
                <i>1 0 0 0 1 0 0 0 1 0 37.4998 0</i>
                <i>1 0 0 0 1 0 0 0 1 0 37.4998 0</i>
                <i>1 0 0 0 1 0 0 0 1 0 37.4998 0</i>
                <i>1 0 0 0 1 0 0 0 1 0 37.4998 0</i>
                <i>1 0 0 0 1 0 0 0 1 0 37.4998 0</i>
                <i>1 0 0 0 1 0 0 0 1 0 37.4998 0</i>
                <i>1 0 0 0 1 0 0 0 1 0 37.4998 0</i>
                <i>1 0 0 0 1 0 0 0 1 0 37.4998 0</i>
                <i>1 0 0 0 1 0 0 0 1 0 37.4998 0</i>
                <i>1 0 0 0 1 0 0 0 1 0 37.4998 0</i>
                <i>1 0 0 0 1 0 0 0 1 0 37.4998 0</i>
                <i>1 0 0 0 1 0 0 0 1 0 37.4998 0</i>
                <i>1 0 0 0 1 0 0 0 1 0 37.4998 0</i>
                <i>1 0 0 0 1 0 0 0 1 0 37.4998 0</i>
                <i>1 0 0 0 1 0 0 0 1 0 37.4998 0</i>
                <i>1 0 0 0 1 0 0 0 1 0 37.4998 0</i>
                <i>1 0 0 0 1 0 0 0 1 0 37.4998 0</i>
                <i>1 0 0 0 1 0 0 0 1 0 37.4998 0</i>
                <i>1 0 0 0 1 0 0 0 1 0 37.4998 0</i>
                <i>1 0 0 0 1 0 0 0 1 0 37.4998 0</i>
                <i>1 0 0 0 1 0 0 0 1 0 37.4998 0</i>
                <i>1 0 0 0 1 0 0 0 1 0 37.4998 0</i>
                <i>1 0 0 0 1 0 0 0 1 0 37.4998 0</i>
                <i>1 0 0 0 1 0 0 0 1 0 37.4998 0</i>
                <i>1 0 0 0 1 0 0 0 1 0 37.4998 0</i>
                <i>1 0 0 0 1 0 0 0 1 0 37.4998 0</i>
                <i>1 0 0 0 1 0 0 0 1 0 37.4998 0</i>
                <i>1 0 0 0 1 0 0 0 1 0 37.4998 0</i>
                <i>1 0 0 0 1 0 0 0 1 0 37.4998 0</i>
                <i>1 0 0 0 1 0 0 0 1 0 37.4998 0</i>
                <i>1 0 0 0 1 0 0 0 1 0 37.4998 0</i>
                <i>1 0 0 0 1 0 0 0 1 0 37.4998 0</i>
                <i>1 0 0 0 1 0 0 0 1 0 37.4998 0</i>
                <i>1 0 0 0 1 0 0 0 1 0 37.4998 0</i>
                <i>1 0 0 0 1 0 0 0 1 0 37.4998 0</i>
                <i>1 0 0 0 1 0 0 0 1 0 37.4998 0</i>
                <i>1 0 0 0 1 0 0 0 1 0 37.4998 0</i>
                <i>1 0 0 0 1 0 0 0 1 0 37.4998 0</i>
                <i>1 0 0 0 1 0 0 0 1 0 37.4998 0</i>
                <i>1 0 0 0 1 0 0 0 1 0 37.4998 0</i>
                <i>1 0 0 0 1 0 0 0 1 0 37.4998 0</i>
                <i>1 0 0 0 1 0 0 0 1 0 37.4998 0</i>
                <i>1 0 0 0 1 0 0 0 1 0 37.4998 0</i>
                <i>1 0 0 0 1 0 0 0 1 0 37.4998 0</i>
                <i>1 0 0 0 1 0 0 0 1 0 37.4998 0</i>
                <i>1 0 0 0 1 0 0 0 1 0 37.4998 0</i>
                <i>1 0 0 0 1 0 0 0 1 0 37.4998 0</i>
                <i>1 0 0 0 1 0 0 0 1 0 37.4998 0</i>
                <i>1 0 0 0 1 0 0 0 1 0 37.4998 0</i>
                <i>1 0 0 0 1 0 0 0 1 0 37.4998 0</i>
                <i>1 0 0 0 1 0 0 0 1 0 37.4998 0</i>
                <i>1 0 0 0 1 0 0 0 1 0 37.4998 0</i>
                <i>1 0 0 0 1 0 0 0 1 0 37.4998 0</i>
                <i>1 0 0 0 1 0 0 0 1 0 37.4998 0</i>
                <i>1 0 0 0 1 0 0 0 1 0 37.4998 0</i>
                <i>1 0 0 0 1 0 0 0 1 0 37.4998 0</i>
                <i>1 0 0 0 1 0 0 0 1 0 37.4998 0</i>
                <i>1 0 0 0 1 0 0 0 1 0 37.4998 0</i>
            </KeyFrames>
        </RefFrame>
        <Bones count="11">
            <i>
                <p>
                    <Name><![CDATA[rope_root]]></Name>
                    <Exclude>0</Exclude>
                    <Additive>0</Additive>
                    <IKPriority>0</IKPriority>
                    <IKRotLimits>-1e+010 -1e+010 -1e+010 1e+010 1e+010 1e+010</IKRotLimits>
                    <IKRotLimitOrder>0</IKRotLimitOrder>
                    <KeyFrames count="60">
                        <i>0.110974 0.166388 0 -0.166388 0.110974 0 0 0 0.2 0 37.5 3.44516e-009</i>
                        <i>0.110974 0.166388 0 -0.166388 0.110974 0 0 0 0.2 0 37.5 3.44516e-009</i>
                        <i>0.110974 0.166388 0 -0.166388 0.110974 0 0 0 0.2 0 37.5 3.44516e-009</i>
                        <i>0.110974 0.166388 0 -0.166388 0.110974 0 0 0 0.2 0 37.5 3.44516e-009</i>
                        <i>0.110974 0.166388 0 -0.166388 0.110974 0 0 0 0.2 0 37.5 3.44516e-009</i>
                        <i>0.110974 0.166388 0 -0.166388 0.110974 0 0 0 0.2 0 37.5 3.44516e-009</i>
                        <i>0.154142 0.208156 0 -0.208156 0.154142 0 0 0 0.259015 0 37.5 3.44516e-009</i>
                        <i>0.277095 0.292723 0 -0.292723 0.277095 0 0 0 0.403074 0 37.5 3.44516e-009</i>
                        <i>0.459831 0.357902 0 -0.357902 0.459831 0 0 0 0.582699 0 37.5 3.44516e-009</i>
                        <i>0.649625 0.37163 0 -0.37163 0.649625 0 0 0 0.748412 0 37.5 3.44516e-009</i>
                        <i>0.773977 0.353148 0 -0.353148 0.773977 0 0 0 0.850737 0 37.5 3.44516e-009</i>
                        <i>0.832479 0.334551 0 -0.334551 0.832479 0 0 0 0.897188 0 37.5 3.44516e-009</i>
                        <i>0.87387 0.317506 0 -0.317506 0.87387 0 0 0 0.929763 0 37.5 3.44516e-009</i>
                        <i>0.901054 0.30323 0 -0.30323 0.901054 0 0 0 0.950709 0 37.5 3.44516e-009</i>
                        <i>0.917017 0.291621 0 -0.291621 0.917017 0 0 0 0.96227 0 37.5 3.44516e-009</i>
                        <i>0.924726 0.281741 0 -0.281741 0.924726 0 0 0 0.966693 0 37.5 3.44516e-009</i>
                        <i>0.927095 0.272186 0 -0.272186 0.927095 0 0 0 0.966224 0 37.5 3.44516e-009</i>
                        <i>0.926975 0.261336 0 -0.261336 0.926975 0 0 0 0.963109 0 37.5 3.44516e-009</i>
                        <i>0.927136 0.247462 0 -0.247462 0.927136 0 0 0 0.959593 0 37.5 3.44516e-009</i>
                        <i>0.930215 0.228722 0 -0.228722 0.930215 0 0 0 0.957922 0 37.5 3.44516e-009</i>
                        <i>0.938948 0.204871 0 -0.204871 0.938948 0 0 0 0.961038 0 37.5 3.44516e-009</i>
                        <i>0.95246 0.177352 0 -0.177352 0.95246 0 0 0 0.968831 0 37.5 3.44516e-009</i>
                        <i>0.967878 0.146887 0 -0.146887 0.967878 0 0 0 0.978961 0 37.5 3.44516e-009</i>
                        <i>0.982435 0.114551 0 -0.114551 0.982435 0 0 0 0.989091 0 37.5 3.44516e-009</i>
                        <i>0.993518 0.0818363 0 -0.0818363 0.993518 0 0 0 0.996883 0 37.5 3.44516e-009</i>
                        <i>0.998718 0.0506203 0 -0.0506203 0.998718 0 0 0 1 0 37.5 3.44516e-009</i>
                        <i>0.999732 0.023146 0 -0.023146 0.999732 0 0 0 1 0 37.5 3.44516e-009</i>
                        <i>0.999999 0.00140372 0 -0.00140372 0.999999 0 0 0 1 0 37.5 3.44516e-009</i>
                        <i>0.999917 -0.0128898 0 0.0128898 0.999917 0 0 0 1 0 37.5 3.44516e-009</i>
                        <i>0.999837 -0.0180318 0 0.0180318 0.999837 0 0 0 1 0 37.5 3.44516e-009</i>
                        <i>0.99985 -0.0173275 0 0.0173275 0.99985 0 0 0 1 0 37.5 3.44516e-009</i>
                        <i>0.999862 -0.0166232 0 0.0166232 0.999862 0 0 0 1 0 37.5 3.44516e-009</i>
                        <i>0.999864 -0.0165189 0 0.0165189 0.999864 0 0 0 1 0 37.5 3.44516e-009</i>
                        <i>0.999868 -0.016258 0 0.016258 0.999868 0 0 0 1 0 37.5 3.44516e-009</i>
                        <i>0.999873 -0.0159189 0 0.0159189 0.999873 0 0 0 1 0 37.5 3.44516e-009</i>
                        <i>0.999879 -0.0155798 0 0.0155798 0.999879 0 0 0 1 0 37.5 3.44516e-009</i>
                        <i>0.999883 -0.0153189 0 0.0153189 0.999883 0 0 0 1 0 37.5 3.44516e-009</i>
                        <i>0.999884 -0.0152146 0 0.0152146 0.999884 0 0 0 1 0 37.5 3.44516e-009</i>
                        <i>0.999897 -0.0143718 0 0.0143718 0.999897 0 0 0 1 0 37.5 3.44516e-009</i>
                        <i>0.999926 -0.0121984 0 0.0121984 0.999926 0 0 0 1 0 37.5 3.44516e-009</i>
                        <i>0.999957 -0.00922655 0 0.00922655 0.999957 0 0 0 1 0 37.5 3.44516e-009</i>
                        <i>0.999982 -0.00598844 0 0.00598844 0.999982 0 0 0 1 0 37.5 3.44516e-009</i>
                        <i>0.999995 -0.00301641 0 0.00301641 0.999995 0 0 0 1 0 37.5 3.44516e-009</i>
                        <i>1 -0.00084282 0 0.00084282 1 0 0 0 1 0 37.5 3.44516e-009</i>
                        <i>1 0 0 0 1 0 0 0 1 0 37.5 3.44516e-009</i>
                        <i>1 0 0 0 1 0 0 0 1 0 37.5 3.44516e-009</i>
                        <i>1 0 0 0 1 0 0 0 1 0 37.5 3.44516e-009</i>
                        <i>1 0 0 0 1 0 0 0 1 0 37.5 3.44516e-009</i>
                        <i>1 0 0 0 1 0 0 0 1 0 37.5 3.44516e-009</i>
                        <i>1 0 0 0 1 0 0 0 1 0 37.5 3.44516e-009</i>
                        <i>1 0 0 0 1 0 0 0 1 0 37.5 3.44516e-009</i>
                        <i>1 0 0 0 1 0 0 0 1 0 37.5 3.44516e-009</i>
                        <i>1 0 0 0 1 0 0 0 1 0 37.5 3.44516e-009</i>
                        <i>1 0 0 0 1 0 0 0 1 0 37.5 3.44516e-009</i>
                        <i>1 0 0 0 1 0 0 0 1 0 37.5 3.44516e-009</i>
                        <i>1 0 0 0 1 0 0 0 1 0 37.5 3.44516e-009</i>
                        <i>1 0 0 0 1 0 0 0 1 0 37.5 3.44516e-009</i>
                        <i>1 0 0 0 1 0 0 0 1 0 37.5 3.44516e-009</i>
                        <i>1 0 0 0 1 0 0 0 1 0 37.5 3.44516e-009</i>
                        <i>1 0 0 0 1 0 0 0 1 0 37.5 3.44516e-009</i>
                    </KeyFrames>
                </p>
            </i>
            <i>
                <p>
                    <Name><![CDATA[rope1]]></Name>
                    <Exclude>0</Exclude>
                    <Additive>0</Additive>
                    <IKPriority>0</IKPriority>
                    <IKRotLimits>-1e+010 -1e+010 -1e+010 1e+010 1e+010 1e+010</IKRotLimits>
                    <IKRotLimitOrder>0</IKRotLimitOrder>
                    <KeyFrames count="60">
                        <i>-0.191836 -0.0565595 0 0.0565595 -0.191836 0 0 0 0.2 0.623953 37.0838 6.89032e-010</i>
                        <i>-0.191836 -0.0565595 0 0.0565595 -0.191836 0 0 0 0.2 0.623953 37.0838 6.89032e-010</i>
                        <i>-0.191836 -0.0565595 0 0.0565595 -0.191836 0 0 0 0.2 0.623953 37.0838 6.89032e-010</i>
                        <i>-0.191836 -0.0565595 0 0.0565595 -0.191836 0 0 0 0.2 0.623953 37.0838 6.89032e-010</i>
                        <i>-0.191836 -0.0565595 0 0.0565595 -0.191836 0 0 0 0.2 0.623953 37.0838 6.89032e-010</i>
                        <i>-0.191836 -0.0565595 0 0.0565595 -0.191836 0 0 0 0.2 0.623953 37.0838 6.89032e-010</i>
                        <i>-0.257722 -0.0258257 0.00111639 0.025827 -0.257724 0.000244467 0.00108645 0.000354564 0.259012 0.760426 36.8974 0.000109639</i>
                        <i>-0.375969 0.145189 0.00594328 -0.145185 -0.376016 0.00139773 0.00604778 -0.000836996 0.403027 0.975873 36.3435 0.000603259</i>
                        <i>-0.324283 0.48386 0.0160589 -0.483968 -0.324493 0.00414236 0.0123826 -0.0110327 0.582463 0.970035 35.5092 0.00170458</i>
                        <i>0.0199219 0.747577 0.0291959 -0.748107 0.0196027 0.00853551 0.00776127 -0.0294112 0.747794 0.657821 34.6728 0.00330389</i>
                        <i>0.415509 0.741361 0.0385884 -0.742331 0.415349 0.0135235 -0.00705485 -0.0402762 0.849754 0.312486 34.1555 0.00482329</i>
                        <i>0.684217 0.578933 0.0403759 -0.580075 0.684131 0.0205804 -0.0175078 -0.0418001 0.896043 0.127397 33.9183 0.00596609</i>
                        <i>0.853526 0.366676 0.038741 -0.367931 0.853367 0.0291664 -0.0240553 -0.0421057 0.928498 -0.00402627 33.7481 0.0070085</i>
                        <i>0.926988 0.207658 0.0376574 -0.208994 0.92684 0.0337069 -0.0293495 -0.0411441 0.949364 -0.0812851 33.6307 0.0079615</i>
                        <i>0.953255 0.125635 0.0385222 -0.126997 0.953257 0.0337046 -0.0337609 -0.0384729 0.960908 -0.112143 33.554 0.00885191</i>
                        <i>0.962684 0.078435 0.0397844 -0.0798037 0.962834 0.0328243 -0.0369623 -0.0359725 0.965317 -0.109372 33.5079 0.00971745</i>
                        <i>0.963668 0.0568 0.041314 -0.058166 0.963959 0.0314631 -0.0393675 -0.0338669 0.964828 -0.088335 33.483 0.0106036</i>
                        <i>0.960874 0.0495343 0.0429766 -0.0508987 0.961294 0.0300203 -0.0413516 -0.0322219 0.961681 -0.0653517 33.4696 0.0115624</i>
                        <i>0.957498 0.0449637 0.0446497 -0.0463359 0.958038 0.0288821 -0.043224 -0.0309751 0.958118 -0.0568196 33.4583 0.0126527</i>
                        <i>0.956289 0.0314387 0.0462298 -0.0328339 0.956937 0.0284198 -0.0452495 -0.0299559 0.956383 -0.0790944 33.4395 0.0139427</i>
                        <i>0.959835 0.00442152 0.047879 -0.00582441 0.960611 0.0280525 -0.0477287 -0.0283075 0.959435 -0.126805 33.3902 0.0150382</i>
                        <i>0.967144 -0.0278649 0.0498999 0.0265028 0.968094 0.0269301 -0.0506364 -0.0255182 0.96717 -0.182622 33.3085 0.0158663</i>
                        <i>0.975856 -0.0576378 0.052408 0.0563633 0.977017 0.0250073 -0.0537763 -0.0219106 0.977237 -0.24368 33.2178 0.0169858</i>
                        <i>0.98456 -0.0765535 0.0555132 0.0754082 0.985961 0.0222455 -0.0570593 -0.0179113 0.987281 -0.30437 33.1419 0.01897</i>
                        <i>0.992226 -0.0757947 0.0593114 0.0748086 0.993898 0.0186334 -0.0605505 -0.0140955 0.994943 -0.356024 33.1057 0.0224009</i>
                        <i>0.996877 -0.0464403 0.063866 0.0456226 0.998858 0.014204 -0.0644526 -0.0112459 0.997857 -0.387388 33.1336 0.0278351</i>
                        <i>0.997543 -0.00227845 0.0700144 0.00184521 0.999979 0.00625197 -0.0700271 -0.00610742 0.997526 -0.363755 33.2685 0.0397923</i>
                        <i>0.99643 0.034359 0.0771162 -0.0340763 0.999407 -0.00497925 -0.0772415 0.00233365 0.99701 -0.271757 33.4884 0.0575137</i>
                        <i>0.994784 0.0593193 0.0829808 -0.0582712 0.998188 -0.0149986 -0.0837201 0.010085 0.996438 -0.138834 33.7236 0.0735842</i>
                        <i>0.993985 0.068539 0.0854214 -0.0671241 0.997557 -0.0193312 -0.0865376 0.0134811 0.996157 0.000516126 33.9088 0.0805889</i>
                        <i>0.994261 0.0686023 0.0820923 -0.0672958 0.99756 -0.0185814 -0.0831667 0.0129503 0.996451 0.0816769 33.9898 0.0807194</i>
                        <i>0.994526 0.0686649 0.0787622 -0.0674625 0.997562 -0.017831 -0.0797946 0.0124198 0.996734 0.101295 34.004 0.0808498</i>
                        <i>0.994564 0.0686741 0.0782688 -0.0674867 0.997563 -0.0177197 -0.079295 0.0123413 0.996775 0.10579 34.0062 0.0805296</i>
                        <i>0.994659 0.0686971 0.0770352 -0.0675469 0.997564 -0.0174416 -0.0780457 0.0121449 0.996876 0.105156 34.0031 0.0794698</i>
                        <i>0.99478 0.0687268 0.0754313 -0.0676241 0.997565 -0.0170799 -0.0764215 0.0118898 0.997005 0.100302 33.9952 0.0775221</i>
                        <i>0.994898 0.0687563 0.0738273 -0.0677001 0.997566 -0.0167181 -0.074797 0.0116347 0.997131 0.0921327 33.9832 0.0745377</i>
                        <i>0.994987 0.0687789 0.0725932 -0.0677577 0.997566 -0.0164396 -0.0735473 0.0114385 0.997226 0.0815512 33.9678 0.0703684</i>
                        <i>0.995023 0.0687879 0.0720996 -0.0677806 0.997567 -0.0163282 -0.0730473 0.01136 0.997264 0.0694532 33.9495 0.0648654</i>
                        <i>0.995558 0.0650013 0.0681121 -0.0640937 0.997825 -0.0154282 -0.0689668 0.0109941 0.997558 0.0562318 33.9242 0.0567031</i>
                        <i>0.996799 0.0552177 0.0578237 -0.0545476 0.998425 -0.0131036 -0.0584562 0.00990747 0.998241 0.0424457 33.8902 0.0456597</i>
                        <i>0.998168 0.0418037 0.0437462 -0.0414078 0.999093 -0.00991829 -0.0441212 0.00808868 0.998993 0.0292036 33.8521 0.033243</i>
                        <i>0.999228 0.0271519 0.0283982 -0.0269793 0.999615 -0.00644098 -0.0285622 0.00566985 0.999576 0.0175152 33.8145 0.0209609</i>
                        <i>0.999804 0.0136819 0.0143057 -0.0136368 0.999902 -0.00324534 -0.0143487 0.00304962 0.999892 0.0082566 33.7818 0.0103212</i>
                        <i>0.999985 0.00382334 0.00399731 -0.00381974 0.999992 -0.000906872 -0.00400074 0.000891589 0.999992 0.00218451 33.7587 0.00283159</i>
                        <i>1 0 0 0 1 0 0 0 1 0 33.75 3.44516e-009</i>
                        <i>1 0 0 0 1 0 0 0 1 0 33.75 3.44516e-009</i>
                        <i>1 0 0 0 1 0 0 0 1 0 33.75 3.44516e-009</i>
                        <i>1 0 0 0 1 0 0 0 1 0 33.75 3.44516e-009</i>
                        <i>1 0 0 0 1 0 0 0 1 0 33.75 3.44516e-009</i>
                        <i>1 0 0 0 1 0 0 0 1 0 33.75 3.44516e-009</i>
                        <i>1 0 0 0 1 0 0 0 1 0 33.75 3.44516e-009</i>
                        <i>1 0 0 0 1 0 0 0 1 0 33.75 3.44516e-009</i>
                        <i>1 0 0 0 1 0 0 0 1 0 33.75 3.44516e-009</i>
                        <i>1 0 0 0 1 0 0 0 1 0 33.75 3.44516e-009</i>
                        <i>1 0 0 0 1 0 0 0 1 0 33.75 3.44516e-009</i>
                        <i>1 0 0 0 1 0 0 0 1 0 33.75 3.44516e-009</i>
                        <i>1 0 0 0 1 0 0 0 1 0 33.75 3.44516e-009</i>
                        <i>1 0 0 0 1 0 0 0 1 0 33.75 3.44516e-009</i>
                        <i>1 0 0 0 1 0 0 0 1 0 33.75 3.44516e-009</i>
                        <i>1 0 0 0 1 0 0 0 1 0 33.75 3.44516e-009</i>
                    </KeyFrames>
                </p>
            </i>
            <i>
                <p>
                    <Name><![CDATA[rope2]]></Name>
                    <Exclude>0</Exclude>
                    <Additive>0</Additive>
                    <IKPriority>0</IKPriority>
                    <IKRotLimits>-1e+010 -1e+010 -1e+010 1e+010 1e+010 1e+010</IKRotLimits>
                    <IKRotLimitOrder>0</IKRotLimitOrder>
                    <KeyFrames count="60">
                        <i>0.0170767 -0.0361716 0 0.0361716 0.0170767 0 0 0 0.04 0.581534 37.2277 6.89032e-010</i>
                        <i>0.0170767 -0.0361716 0 0.0361716 0.0170767 0 0 0 0.04 0.581534 37.2277 6.89032e-010</i>
                        <i>0.0170767 -0.0361716 0 0.0361716 0.0170767 0 0 0 0.04 0.581534 37.2277 6.89032e-010</i>
                        <i>0.0170767 -0.0361716 0 0.0361716 0.0170767 0 0 0 0.04 0.581534 37.2277 6.89032e-010</i>
                        <i>0.0170767 -0.0361716 0 0.0361716 0.0170767 0 0 0 0.04 0.581534 37.2277 6.89032e-010</i>
                        <i>0.0170767 -0.0361716 0 0.0361716 0.0170767 0 0 0 0.04 0.581534 37.2277 6.89032e-010</i>
                        <i>0.0159031 -0.0651763 0.00016495 0.0651759 0.0159022 -0.000316696 0.00026857 0.000235319 0.0670877 0.733385 37.1399 0.00030032</i>
                        <i>-0.0441694 -0.156342 0.00150473 0.156323 -0.0441884 -0.00251865 0.00283293 0.000763084 0.162442 1.15203 36.8602 0.00246186</i>
                        <i>-0.27945 -0.192738 0.00677415 0.192555 -0.279508 -0.00916929 0.0107814 -0.00370492 0.339346 1.77252 36.1446 0.0102886</i>
                        <i>-0.555141 0.0721115 0.0188105 -0.0727343 -0.555065 -0.0186748 0.0162364 -0.0209514 0.559494 2.15793 34.8074 0.0255644</i>
                        <i>-0.520004 0.502242 0.0341694 -0.503296 -0.519707 -0.0204071 0.0103747 -0.0384234 0.722658 1.96712 33.4862 0.0376247</i>
                        <i>-0.117575 0.794806 0.0489654 -0.796299 -0.117642 -0.00249759 0.00469009 -0.0488042 0.803451 1.46569 32.4844 0.0221796</i>
                        <i>0.452006 0.734736 0.0560746 -0.736867 0.450952 0.0309775 -0.00292287 -0.0639954 0.862082 0.709932 31.6501 -0.0143016</i>
                        <i>0.772352 0.466446 0.0532912 -0.469159 0.770626 0.0544353 -0.0173442 -0.0741777 0.900631 0.0818626 31.2241 -0.03741</i>
                        <i>0.881849 0.277533 0.0522048 -0.279673 0.882014 0.0352617 -0.0391582 -0.0493494 0.923818 -0.211437 31.0915 -0.0380399</i>
                        <i>0.92461 0.125033 0.0524083 -0.124131 0.926015 -0.0192615 -0.0545098 0.0120962 0.932827 -0.343116 31.0687 -0.0344616</i>
                        <i>0.931821 0.0176696 0.0546633 -0.0132546 0.930491 -0.0748309 -0.0558982 0.073913 0.928979 -0.360209 31.1009 -0.0285248</i>
                        <i>0.924318 -0.050235 0.0592836 0.0562956 0.920716 -0.0975456 -0.0535622 0.100801 0.920529 -0.321913 31.1487 -0.0220506</i>
                        <i>0.914 -0.0900232 0.0663777 0.0906183 0.916335 -0.00502902 -0.0655629 0.0115241 0.918409 -0.287535 31.1785 -0.0167044</i>
                        <i>0.907263 -0.114464 0.0760741 0.107367 0.907359 0.0847774 -0.0857992 -0.0749199 0.910517 -0.313928 31.1582 -0.0140666</i>
                        <i>0.909037 -0.13635 0.0899295 0.128379 0.910829 0.0832863 -0.100982 -0.0694734 0.915425 -0.408437 31.058 -0.0121513</i>
                        <i>0.919109 -0.156848 0.108023 0.148311 0.923471 0.0789709 -0.119475 -0.0602598 0.929046 -0.528302 30.8911 -0.00746498</i>
                        <i>0.934261 -0.170834 0.128193 0.162244 0.941739 0.0725681 -0.138905 -0.0490409 0.946975 -0.652199 30.6905 0.000722431</i>
                        <i>0.951553 -0.172511 0.147846 0.164349 0.962206 0.0649637 -0.15687 -0.0383502 0.96488 -0.751259 30.489 0.0131732</i>
                        <i>0.967716 -0.155689 0.163941 0.148118 0.981003 0.0573112 -0.170812 -0.0313737 0.978483 -0.787847 30.3214 0.0304992</i>
                        <i>0.978221 -0.114444 0.173164 0.107131 0.992934 0.0510378 -0.177782 -0.031375 0.98357 -0.717413 30.2278 0.0529543</i>
                        <i>0.983885 -0.0605318 0.168242 0.0537227 0.997553 0.0447374 -0.170538 -0.0349781 0.98473 -0.540655 30.2586 0.093047</i>
                        <i>0.988478 -0.0138209 0.150734 0.00826861 0.999266 0.0373998 -0.15114 -0.0357225 0.987867 -0.312098 30.3846 0.150424</i>
                        <i>0.991227 0.0187342 0.130837 -0.0230157 0.999245 0.0312888 -0.130152 -0.0340255 0.99091 -0.0743956 30.5351 0.204177</i>
                        <i>0.992407 0.0308558 0.119063 -0.0345091 0.998991 0.028745 -0.118056 -0.0326355 0.992471 0.12239 30.6425 0.231588</i>
                        <i>0.993647 0.0322952 0.107809 -0.035458 0.998991 0.0275499 -0.106811 -0.0311976 0.99379 0.231868 30.6476 0.232563</i>
                        <i>0.99455 0.0337656 0.0986379 -0.0365292 0.998985 0.026347 -0.0976482 -0.0298066 0.994775 0.269322 30.6113 0.229435</i>
                        <i>0.994616 0.0339912 0.0978991 -0.036716 0.998983 0.0261666 -0.0969101 -0.0296201 0.994852 0.279442 30.5958 0.227345</i>
                        <i>0.994776 0.0345551 0.0960521 -0.0371841 0.998977 0.0257163 -0.0950652 -0.0291536 0.995044 0.281522 30.5842 0.224173</i>
                        <i>0.99498 0.0352884 0.0936507 -0.0377955 0.998969 0.0251326 -0.0926673 -0.028546 0.995288 0.277836 30.5722 0.219556</i>
                        <i>0.995176 0.0360219 0.0912493 -0.03841 0.99896 0.0245506 -0.09027 -0.0279371 0.995525 0.270656 30.5556 0.213129</i>
                        <i>0.995323 0.0365863 0.0894019 -0.0388848 0.998953 0.0241043 -0.0884264 -0.0274679 0.995704 0.262255 30.5302 0.204517</i>
                        <i>0.995381 0.0368121 0.0886629 -0.0390753 0.99895 0.023926 -0.0876891 -0.0272801 0.995774 0.254908 30.4918 0.193343</i>
                        <i>0.99588 0.0347869 0.0837399 -0.0367894 0.99907 0.0224898 -0.0828797 -0.0254779 0.996234 0.237613 30.4304 0.173807</i>
                        <i>0.997035 0.0295502 0.0710464 -0.0309613 0.999343 0.0188433 -0.0704429 -0.0209872 0.997295 0.201921 30.3464 0.143371</i>
                        <i>0.998307 0.0223647 0.0537004 -0.0231473 0.999634 0.0139944 -0.0533678 -0.0152138 0.998459 0.154098 30.2518 0.106638</i>
                        <i>0.999288 0.0145162 0.0348225 -0.0148344 0.99985 0.00889685 -0.0346882 -0.00940709 0.999354 0.101222 30.1583 0.0685077</i>
                        <i>0.99982 0.00730782 0.0175234 -0.00738588 0.999963 0.00439371 -0.0174906 -0.00452234 0.999837 0.0515672 30.0777 0.0342633</i>
                        <i>0.999986 0.00204034 0.00489236 -0.00204628 0.999997 0.00120946 -0.00488988 -0.00121945 0.999987 0.0145173 30.0213 0.00951256</i>
                        <i>1 0 0 0 1 0 0 0 1 0 30 3.44516e-009</i>
                        <i>1 0 0 0 1 0 0 0 1 0 30 3.44516e-009</i>
                        <i>1 0 0 0 1 0 0 0 1 0 30 3.44516e-009</i>
                        <i>1 0 0 0 1 0 0 0 1 0 30 3.44516e-009</i>
                        <i>1 0 0 0 1 0 0 0 1 0 30 3.44516e-009</i>
                        <i>1 0 0 0 1 0 0 0 1 0 30 3.44516e-009</i>
                        <i>1 0 0 0 1 0 0 0 1 0 30 3.44516e-009</i>
                        <i>1 0 0 0 1 0 0 0 1 0 30 3.44516e-009</i>
                        <i>1 0 0 0 1 0 0 0 1 0 30 3.44516e-009</i>
                        <i>1 0 0 0 1 0 0 0 1 0 30 3.44516e-009</i>
                        <i>1 0 0 0 1 0 0 0 1 0 30 3.44516e-009</i>
                        <i>1 0 0 0 1 0 0 0 1 0 30 3.44516e-009</i>
                        <i>1 0 0 0 1 0 0 0 1 0 30 3.44516e-009</i>
                        <i>1 0 0 0 1 0 0 0 1 0 30 3.44516e-009</i>
                        <i>1 0 0 0 1 0 0 0 1 0 30 3.44516e-009</i>
                        <i>1 0 0 0 1 0 0 0 1 0 30 3.44516e-009</i>
                    </KeyFrames>
                </p>
            </i>
            <i>
                <p>
                    <Name><![CDATA[rope3]]></Name>
                    <Exclude>0</Exclude>
                    <Additive>0</Additive>
                    <IKPriority>0</IKPriority>
                    <IKRotLimits>-1e+010 -1e+010 -1e+010 1e+010 1e+010 1e+010</IKRotLimits>
                    <IKRotLimitOrder>0</IKRotLimitOrder>
                    <KeyFrames count="60">
                        <i>0.000740956 0.00796561 0 -0.00796561 0.000740956 0 0 0 0.008 0.554405 37.2149 1.37806e-010</i>
                        <i>0.000740956 0.00796561 0 -0.00796561 0.000740956 0 0 0 0.008 0.554405 37.2149 1.37806e-010</i>
                        <i>0.000740956 0.00796561 0 -0.00796561 0.000740956 0 0 0 0.008 0.554405 37.2149 1.37806e-010</i>
                        <i>0.000740956 0.00796561 0 -0.00796561 0.000740956 0 0 0 0.008 0.554405 37.2149 1.37806e-010</i>
                        <i>0.000740956 0.00796561 0 -0.00796561 0.000740956 0 0 0 0.008 0.554405 37.2149 1.37806e-010</i>
                        <i>0.000740956 0.00796561 0 -0.00796561 0.000740956 0 0 0 0.008 0.554405 37.2149 1.37806e-010</i>
                        <i>0.00787505 0.0154899 -5.4549e-005 -0.01549 0.00787487 -6.12867e-005 -2.9911e-005 7.64002e-005 0.0173767 0.672805 37.1226 0.000867106</i>
                        <i>0.0646743 0.0102542 -0.000765526 -0.0102684 0.0646623 -0.00136182 0.000542651 0.00146496 0.0654681 0.934545 36.8882 0.00941735</i>
                        <i>0.0954652 -0.173274 -0.00255123 0.172926 0.0954421 -0.0114681 0.0112743 0.00330368 0.197499 1.2922 36.5153 0.047382</i>
                        <i>-0.275538 -0.315906 0.00353545 0.314209 -0.274511 -0.0405754 0.0328924 -0.0240199 0.417218 1.73212 35.9433 0.130094</i>
                        <i>-0.613276 0.0489687 0.0247076 -0.0514372 -0.609767 -0.0682253 0.0190426 -0.0700181 0.611433 2.23296 35.22 0.200019</i>
                        <i>-0.589971 0.416136 0.0178722 -0.415105 -0.584873 -0.0846597 -0.0343083 -0.0794332 0.716986 2.95995 33.9633 0.141601</i>
                        <i>-0.479549 0.644691 -0.0202229 -0.637266 -0.477452 -0.109239 -0.0996351 -0.0491427 0.796027 3.13632 31.7145 -0.0491859</i>
                        <i>-0.321678 0.796046 -0.0349606 -0.786141 -0.323214 -0.126109 -0.129977 -0.0152248 0.849271 2.38925 29.9229 -0.215646</i>
                        <i>-0.0664544 0.888445 -0.0133618 -0.88024 -0.0676535 -0.12054 -0.121205 0.0042099 0.882735 1.67793 29.0993 -0.197788</i>
                        <i>0.245273 0.869308 0.0150026 -0.861667 0.245124 -0.116292 -0.115978 0.0172643 0.895729 1.02406 28.6608 -0.052152</i>
                        <i>0.525205 0.731159 0.0572226 -0.720158 0.527465 -0.129849 -0.138709 0.0299185 0.890827 0.511339 28.5019 0.125199</i>
                        <i>0.711484 0.529002 0.109721 -0.511605 0.71801 -0.144271 -0.173615 0.0520649 0.874779 0.142179 28.4872 0.228742</i>
                        <i>0.854331 0.180375 0.135464 -0.171018 0.863925 -0.0717854 -0.1471 0.0431882 0.870209 -0.199493 28.5121 0.0608187</i>
                        <i>0.870611 -0.0762307 0.0941801 0.0749647 0.875657 0.0157873 -0.0951908 -0.0076045 0.873799 -0.474647 28.4803 -0.114776</i>
                        <i>0.875825 -0.0978548 0.105866 0.0971842 0.8822 0.0114409 -0.106482 0.00030223 0.8812 -0.660995 28.2772 -0.0934318</i>
                        <i>0.893187 -0.11948 0.122098 0.120048 0.90141 0.00389071 -0.121539 0.0122969 0.901134 -0.835942 27.9468 -0.0657563</i>
                        <i>0.917682 -0.135486 0.140445 0.13796 0.927981 -0.00623113 -0.138015 0.026747 0.927608 -0.978351 27.5454 -0.0298005</i>
                        <i>0.944482 -0.139078 0.157843 0.143904 0.956696 -0.0181132 -0.153456 0.041154 0.954496 -1.05354 27.1357 0.0133486</i>
                        <i>0.968153 -0.122657 0.170522 0.129756 0.981668 -0.0305859 -0.165184 0.0522249 0.975413 -1.01552 26.7905 0.0583567</i>
                        <i>0.981516 -0.0789501 0.174336 0.0875223 0.995275 -0.0420303 -0.170194 0.0565118 0.983789 -0.814648 26.5948 0.096141</i>
                        <i>0.986434 -0.0433561 0.15833 0.0519432 0.997372 -0.0505043 -0.155724 0.0580433 0.986094 -0.527143 26.6152 0.131729</i>
                        <i>0.99122 -0.042408 0.125241 0.0498659 0.997127 -0.0570254 -0.122463 0.06277 0.990486 -0.275627 26.7767 0.171991</i>
                        <i>0.994178 -0.0566929 0.091629 0.0625984 0.996054 -0.0629136 -0.0877007 0.0682832 0.993804 -0.084811 26.9715 0.205181</i>
                        <i>0.995066 -0.0660654 0.0740174 0.0709919 0.995289 -0.0660314 -0.0693063 0.0709602 0.995068 0.0238382 27.1049 0.209881</i>
                        <i>0.995987 -0.0619166 0.0646289 0.0660883 0.995724 -0.0645403 -0.0603564 0.0685524 0.99582 0.0843092 27.1091 0.199137</i>
                        <i>0.996686 -0.0577278 0.0573145 0.0613063 0.996143 -0.0627756 -0.0534696 0.0660813 0.996381 0.121858 27.0639 0.19455</i>
                        <i>0.996749 -0.0570982 0.0568497 0.0606289 0.996205 -0.0624507 -0.0530681 0.0656944 0.996428 0.133033 27.0434 0.189777</i>
                        <i>0.996903 -0.0555234 0.0556867 0.0589359 0.996357 -0.0616348 -0.0520617 0.0647259 0.996544 0.138764 27.0279 0.186958</i>
                        <i>0.997099 -0.0534748 0.0541728 0.056736 0.99655 -0.0605664 -0.0507471 0.0634643 0.996693 0.142496 27.0118 0.184234</i>
                        <i>0.997288 -0.0514245 0.0526566 0.0545372 0.996738 -0.0594893 -0.0494257 0.0621997 0.996839 0.147665 26.9898 0.179732</i>
                        <i>0.997429 -0.0498463 0.0514889 0.0528467 0.996879 -0.0586548 -0.0484045 0.061225 0.99695 0.157695 26.9561 0.171578</i>
                        <i>0.997484 -0.0492148 0.0510214 0.0521707 0.996934 -0.0583195 -0.0479948 0.0608346 0.996993 0.175994 26.9052 0.157936</i>
                        <i>0.997747 -0.0465449 0.0483248 0.0492145 0.997239 -0.0556085 -0.0456031 0.0578615 0.997283 0.188344 26.8241 0.138538</i>
                        <i>0.998361 -0.039628 0.0412875 0.0416113 0.997964 -0.0483385 -0.0392879 0.0499773 0.997977 0.18187 26.7132 0.11465</i>
                        <i>0.999051 -0.0300984 0.0314864 0.0312804 0.998798 -0.0377442 -0.0303125 0.0386933 0.998791 0.162275 26.5877 0.0870119</i>
                        <i>0.999595 -0.0196227 0.0205989 0.0201425 0.999476 -0.025336 -0.020091 0.0257407 0.999467 0.136131 26.4632 0.0574786</i>
                        <i>0.999896 -0.00992428 0.010442 0.0100613 0.999863 -0.01315 -0.0103101 0.0132537 0.999859 0.111214 26.355 0.0295675</i>
                        <i>0.999992 -0.00278113 0.00292958 0.00279212 0.999989 -0.00375355 -0.00291911 0.0037617 0.999989 0.0964447 26.2788 0.00839482</i>
                        <i>1 0 0 0 1 0 0 0 1 0.101325 26.25 3.44516e-009</i>
                        <i>1 0 0 0 1 0 0 0 1 0.102185 26.25 3.44516e-009</i>
                        <i>1 0 0 0 1 0 0 0 1 0.0784813 26.25 3.44516e-009</i>
                        <i>1 0 0 0 1 0 0 0 1 0.0442149 26.25 3.44516e-009</i>
                        <i>1 0 0 0 1 0 0 0 1 0.0133873 26.25 3.44516e-009</i>
                        <i>1 0 0 0 1 0 0 0 1 0 26.25 3.44516e-009</i>
                        <i>1 0 0 0 1 0 0 0 1 0 26.25 3.44516e-009</i>
                        <i>1 0 0 0 1 0 0 0 1 0 26.25 3.44516e-009</i>
                        <i>1 0 0 0 1 0 0 0 1 0 26.25 3.44516e-009</i>
                        <i>1 0 0 0 1 0 0 0 1 0 26.25 3.44516e-009</i>
                        <i>1 0 0 0 1 0 0 0 1 0 26.25 3.44516e-009</i>
                        <i>1 0 0 0 1 0 0 0 1 0 26.25 3.44516e-009</i>
                        <i>1 0 0 0 1 0 0 0 1 0 26.25 3.44516e-009</i>
                        <i>1 0 0 0 1 0 0 0 1 0 26.25 3.44516e-009</i>
                        <i>1 0 0 0 1 0 0 0 1 0 26.25 3.44516e-009</i>
                        <i>1 0 0 0 1 0 0 0 1 0 26.25 3.44516e-009</i>
                    </KeyFrames>
                </p>
            </i>
            <i>
                <p>
                    <Name><![CDATA[rope4]]></Name>
                    <Exclude>0</Exclude>
                    <Additive>0</Additive>
                    <IKPriority>0</IKPriority>
                    <IKRotLimits>-1e+010 -1e+010 -1e+010 1e+010 1e+010 1e+010</IKRotLimits>
                    <IKRotLimitOrder>0</IKRotLimitOrder>
                    <KeyFrames count="60">
                        <i>-0.00159984 2.29725e-005 0 -2.29725e-005 -0.00159984 0 0 0 0.0016 0.560379 37.2144 1.37806e-010</i>
                        <i>-0.00159984 2.29725e-005 0 -2.29725e-005 -0.00159984 0 0 0 0.0016 0.560379 37.2144 1.37806e-010</i>
                        <i>-0.00159984 2.29725e-005 0 -2.29725e-005 -0.00159984 0 0 0 0.0016 0.560379 37.2144 1.37806e-010</i>
                        <i>-0.00159984 2.29725e-005 0 -2.29725e-005 -0.00159984 0 0 0 0.0016 0.560379 37.2144 1.37806e-010</i>
                        <i>-0.00159984 2.29725e-005 0 -2.29725e-005 -0.00159984 0 0 0 0.0016 0.560379 37.2144 1.37806e-010</i>
                        <i>-0.00159984 2.29725e-005 0 -2.29725e-005 -0.00159984 0 0 0 0.0016 0.560379 37.2144 1.37806e-010</i>
                        <i>-0.00391984 0.00221176 3.04049e-005 -0.0022117 -0.00391995 1.70443e-005 3.48563e-005 -9.67603e-008 0.00450075 0.687812 37.1153 0.000964138</i>
                        <i>0.00473923 0.025965 0.000321582 -0.0259666 0.00473704 0.000200709 0.000139721 -0.000352388 0.0263932 0.956402 36.7963 0.0121146</i>
                        <i>0.113119 -0.0221888 0.0016255 0.0222174 0.113104 -0.00219595 -0.00117208 0.00246793 0.115254 0.981169 36.2741 0.076248</i>
                        <i>-0.0500793 -0.309299 0.0160044 0.308735 -0.0511418 -0.0222988 0.0245924 0.0121899 0.312533 0.828448 36.4034 0.257265</i>
                        <i>-0.496575 -0.157105 0.0558377 0.152422 -0.498845 -0.0480324 0.0675816 -0.0292864 0.518615 1.83714 36.7712 0.454184</i>
                        <i>-0.643905 0.0534979 0.0484513 -0.0586865 -0.641259 -0.0718762 0.0420173 -0.0758173 0.642114 3.29602 35.7429 0.4522</i>
                        <i>-0.74634 0.036475 -0.00943681 -0.0350788 -0.741032 -0.0899087 -0.0137462 -0.0893513 0.741802 3.81801 33.4459 0.276406</i>
                        <i>-0.814129 0.0570543 -0.0364367 -0.0526524 -0.810039 -0.091949 -0.0425506 -0.0892843 0.81093 3.35005 31.5527 0.122208</i>
                        <i>-0.806866 0.289905 -0.00854381 -0.286713 -0.801099 -0.10576 -0.0437421 -0.096669 0.850818 3.08976 30.4689 0.171379</i>
                        <i>-0.654345 0.577085 0.0378082 -0.575529 -0.644187 -0.12811 -0.0567682 -0.120909 0.863007 2.86796 29.5187 0.367015</i>
                        <i>-0.34301 0.796922 0.0832352 -0.791066 -0.32242 -0.172997 -0.127386 -0.143628 0.850184 2.57747 28.6258 0.640776</i>
                        <i>0.0561074 0.847103 0.139862 -0.824784 0.0921121 -0.227023 -0.238487 -0.119268 0.818041 2.10719 27.8034 0.835776</i>
                        <i>0.711001 0.388407 0.250123 -0.377489 0.753096 -0.0964042 -0.266316 -0.0305164 0.804419 0.951408 26.5131 0.421363</i>
                        <i>0.784035 -0.229275 0.204234 0.211681 0.809309 0.0959145 -0.222418 -0.0379657 0.81122 -0.366864 25.8319 -0.162698</i>
                        <i>0.786014 -0.245578 0.222552 0.228643 0.816485 0.0934366 -0.239917 -0.0264443 0.818167 -0.694052 25.471 -0.161177</i>
                        <i>0.804554 -0.259404 0.248233 0.244232 0.841896 0.088198 -0.263175 -0.0117292 0.840725 -0.98986 24.9431 -0.136104</i>
                        <i>0.834593 -0.264105 0.277984 0.25184 0.879662 0.079642 -0.289142 0.00385315 0.871753 -1.21997 24.3209 -0.0877681</i>
                        <i>0.870722 -0.251682 0.307386 0.243029 0.923237 0.0675077 -0.314272 0.0166376 0.903849 -1.32658 23.6886 -0.0196369</i>
                        <i>0.905717 -0.213556 0.330764 0.208174 0.96398 0.0523531 -0.334177 0.0217088 0.92908 -1.23384 23.149 0.0586789</i>
                        <i>0.928943 -0.142485 0.341706 0.138571 0.989699 0.0359742 -0.343312 0.0139327 0.939118 -0.863085 22.8282 0.130862</i>
                        <i>0.940858 -0.0717196 0.331123 0.0683139 0.997423 0.0219287 -0.331842 0.00198854 0.943333 -0.426528 22.7807 0.188161</i>
                        <i>0.952209 -0.0320015 0.303767 0.0296122 0.999484 0.0124701 -0.304009 -0.00287896 0.952665 -0.157304 22.8742 0.237596</i>
                        <i>0.961476 -0.0149195 0.274483 0.0135151 0.999884 0.0070072 -0.274556 -0.0030276 0.961566 -0.0158867 22.9961 0.276126</i>
                        <i>0.965918 -0.0113767 0.258599 0.0104322 0.999933 0.00502454 -0.258639 -0.00215555 0.965972 0.0484735 23.0506 0.278593</i>
                        <i>0.970172 2.81426e-005 0.242418 -0.000585644 0.999997 0.00222768 -0.242418 -0.0023032 0.970169 0.106163 22.9939 0.255183</i>
                        <i>0.973537 0.0115288 0.22824 -0.0117609 0.999931 -0.00034339 -0.228228 -0.00235 0.973605 0.143487 22.9289 0.244886</i>
                        <i>0.973864 0.0132436 0.226744 -0.0134348 0.999909 -0.000700001 -0.226733 -0.00236456 0.973954 0.14913 22.9091 0.242221</i>
                        <i>0.974659 0.0175373 0.223006 -0.0176277 0.999843 -0.00158534 -0.222998 -0.00238591 0.974816 0.156788 22.8978 0.23861</i>
                        <i>0.975642 0.0231333 0.218147 -0.0230956 0.99973 -0.00272296 -0.21815 -0.00238158 0.975912 0.165428 22.8904 0.234466</i>
                        <i>0.976566 0.0287451 0.213289 -0.0285827 0.999584 -0.00384542 -0.21331 -0.00234106 0.976982 0.174013 22.8822 0.230218</i>
                        <i>0.977238 0.0330722 0.209553 -0.0328164 0.99945 -0.00469843 -0.209593 -0.0022853 0.977786 0.181509 22.8684 0.226322</i>
                        <i>0.977497 0.0348056 0.208059 -0.0345131 0.999391 -0.00503708 -0.208108 -0.00225702 0.978103 0.186915 22.8443 0.223263</i>
                        <i>0.979858 0.0324182 0.197045 -0.0320669 0.999473 -0.00497415 -0.197102 -0.00144464 0.980382 0.185007 22.8032 0.211582</i>
                        <i>0.985375 0.0264696 0.168332 -0.0260474 0.99965 -0.00471559 -0.168398 0.000262017 0.985719 0.172767 22.7461 0.184032</i>
