<?xml version="1.0" encoding="ISO-8859-1" ?>
<Animl Version="1">
    <ModellingPackage><![CDATA[Maya.2010]]></ModellingPackage>
    <SrcFile><![CDATA[anims\vehicles\attachments\~src\rope\rope_idle.mb]]></SrcFile>
    <FramesPerSecond>30</FramesPerSecond>
    <TotalFrames>60</TotalFrames>
    <Skeleton>
        <RefFrame>
            <Name><![CDATA[rope_ref_frame]]></Name>
            <Exclude>0</Exclude>
            <Additive>0</Additive>
            <IKPriority>0</IKPriority>
            <IKRotLimits>-1e+010 -1e+010 -1e+010 1e+010 1e+010 1e+010</IKRotLimits>
            <IKRotLimitOrder>0</IKRotLimitOrder>
            <KeyFrames count="60">
                <i>0.999704 0.0243403 0 -0.0243403 0.999704 0 0 0 1 0 37.4998 3.44516e-009</i>
                <i>0.999704 0.0243403 0 -0.0243403 0.999704 0 0 0 1 0 37.4998 3.44516e-009</i>
                <i>0.999704 0.0243403 0 -0.0243403 0.999704 0 0 0 1 0 37.4998 3.44516e-009</i>
                <i>0.999704 0.0243403 0 -0.0243403 0.999704 0 0 0 1 0 37.4998 3.44516e-009</i>
                <i>0.999704 0.0243403 0 -0.0243403 0.999704 0 0 0 1 0 37.4998 3.44516e-009</i>
                <i>0.999704 0.0243403 0 -0.0243403 0.999704 0 0 0 1 0 37.4998 3.44516e-009</i>
                <i>0.999704 0.0243403 0 -0.0243403 0.999704 0 0 0 1 0 37.4998 3.44516e-009</i>
                <i>0.999704 0.0243403 0 -0.0243403 0.999704 0 0 0 1 0 37.4998 3.44516e-009</i>
                <i>0.999704 0.0243403 0 -0.0243403 0.999704 0 0 0 1 0 37.4998 3.44516e-009</i>
                <i>0.999704 0.0243403 0 -0.0243403 0.999704 0 0 0 1 0 37.4998 3.44516e-009</i>
                <i>0.999704 0.0243403 0 -0.0243403 0.999704 0 0 0 1 0 37.4998 3.44516e-009</i>
                <i>0.999704 0.0243403 0 -0.0243403 0.999704 0 0 0 1 0 37.4998 3.44516e-009</i>
                <i>0.999704 0.0243403 0 -0.0243403 0.999704 0 0 0 1 0 37.4998 3.44516e-009</i>
                <i>0.999704 0.0243403 0 -0.0243403 0.999704 0 0 0 1 0 37.4998 3.44516e-009</i>
                <i>0.999704 0.0243403 0 -0.0243403 0.999704 0 0 0 1 0 37.4998 3.44516e-009</i>
                <i>0.999704 0.0243403 0 -0.0243403 0.999704 0 0 0 1 0 37.4998 3.44516e-009</i>
                <i>0.999704 0.0243403 0 -0.0243403 0.999704 0 0 0 1 0 37.4998 3.44516e-009</i>
                <i>0.999704 0.0243403 0 -0.0243403 0.999704 0 0 0 1 0 37.4998 3.44516e-009</i>
                <i>0.999704 0.0243403 0 -0.0243403 0.999704 0 0 0 1 0 37.4998 3.44516e-009</i>
                <i>0.999704 0.0243403 0 -0.0243403 0.999704 0 0 0 1 0 37.4998 3.44516e-009</i>
                <i>0.999704 0.0243403 0 -0.0243403 0.999704 0 0 0 1 0 37.4998 3.44516e-009</i>
                <i>0.999704 0.0243403 0 -0.0243403 0.999704 0 0 0 1 0 37.4998 3.44516e-009</i>
                <i>0.999704 0.0243403 0 -0.0243403 0.999704 0 0 0 1 0 37.4998 3.44516e-009</i>
                <i>0.999704 0.0243403 0 -0.0243403 0.999704 0 0 0 1 0 37.4998 3.44516e-009</i>
                <i>0.999704 0.0243403 0 -0.0243403 0.999704 0 0 0 1 0 37.4998 3.44516e-009</i>
                <i>0.999704 0.0243403 0 -0.0243403 0.999704 0 0 0 1 0 37.4998 3.44516e-009</i>
                <i>0.999704 0.0243403 0 -0.0243403 0.999704 0 0 0 1 0 37.4998 3.44516e-009</i>
                <i>0.999704 0.0243403 0 -0.0243403 0.999704 0 0 0 1 0 37.4998 3.44516e-009</i>
                <i>0.999704 0.0243403 0 -0.0243403 0.999704 0 0 0 1 0 37.4998 3.44516e-009</i>
                <i>0.999704 0.0243403 0 -0.0243403 0.999704 0 0 0 1 0 37.4998 3.44516e-009</i>
                <i>0.999704 0.0243403 0 -0.0243403 0.999704 0 0 0 1 0 37.4998 3.44516e-009</i>
                <i>0.999704 0.0243403 0 -0.0243403 0.999704 0 0 0 1 0 37.4998 3.44516e-009</i>
                <i>0.999704 0.0243403 0 -0.0243403 0.999704 0 0 0 1 0 37.4998 3.44516e-009</i>
                <i>0.999704 0.0243403 0 -0.0243403 0.999704 0 0 0 1 0 37.4998 3.44516e-009</i>
                <i>0.999704 0.0243403 0 -0.0243403 0.999704 0 0 0 1 0 37.4998 3.44516e-009</i>
                <i>0.999704 0.0243403 0 -0.0243403 0.999704 0 0 0 1 0 37.4998 3.44516e-009</i>
                <i>0.999704 0.0243403 0 -0.0243403 0.999704 0 0 0 1 0 37.4998 3.44516e-009</i>
                <i>0.999704 0.0243403 0 -0.0243403 0.999704 0 0 0 1 0 37.4998 3.44516e-009</i>
                <i>0.999704 0.0243403 0 -0.0243403 0.999704 0 0 0 1 0 37.4998 3.44516e-009</i>
                <i>0.999704 0.0243403 0 -0.0243403 0.999704 0 0 0 1 0 37.4998 3.44516e-009</i>
                <i>0.999704 0.0243403 0 -0.0243403 0.999704 0 0 0 1 0 37.4998 3.44516e-009</i>
                <i>0.999704 0.0243403 0 -0.0243403 0.999704 0 0 0 1 0 37.4998 3.44516e-009</i>
                <i>0.999704 0.0243403 0 -0.0243403 0.999704 0 0 0 1 0 37.4998 3.44516e-009</i>
                <i>0.999704 0.0243403 0 -0.0243403 0.999704 0 0 0 1 0 37.4998 3.44516e-009</i>
                <i>0.999704 0.0243403 0 -0.0243403 0.999704 0 0 0 1 0 37.4998 3.44516e-009</i>
                <i>0.999704 0.0243403 0 -0.0243403 0.999704 0 0 0 1 0 37.4998 3.44516e-009</i>
                <i>0.999704 0.0243403 0 -0.0243403 0.999704 0 0 0 1 0 37.4998 3.44516e-009</i>
                <i>0.999704 0.0243403 0 -0.0243403 0.999704 0 0 0 1 0 37.4998 3.44516e-009</i>
                <i>0.999704 0.0243403 0 -0.0243403 0.999704 0 0 0 1 0 37.4998 3.44516e-009</i>
                <i>0.999704 0.0243403 0 -0.0243403 0.999704 0 0 0 1 0 37.4998 3.44516e-009</i>
                <i>0.999704 0.0243403 0 -0.0243403 0.999704 0 0 0 1 0 37.4998 3.44516e-009</i>
                <i>0.999704 0.0243403 0 -0.0243403 0.999704 0 0 0 1 0 37.4998 3.44516e-009</i>
                <i>0.999704 0.0243403 0 -0.0243403 0.999704 0 0 0 1 0 37.4998 3.44516e-009</i>
                <i>0.999704 0.0243403 0 -0.0243403 0.999704 0 0 0 1 0 37.4998 3.44516e-009</i>
                <i>0.999704 0.0243403 0 -0.0243403 0.999704 0 0 0 1 0 37.4998 3.44516e-009</i>
                <i>0.999704 0.0243403 0 -0.0243403 0.999704 0 0 0 1 0 37.4998 3.44516e-009</i>
                <i>0.999704 0.0243403 0 -0.0243403 0.999704 0 0 0 1 0 37.4998 3.44516e-009</i>
                <i>0.999704 0.0243403 0 -0.0243403 0.999704 0 0 0 1 0 37.4998 3.44516e-009</i>
                <i>0.999704 0.0243403 0 -0.0243403 0.999704 0 0 0 1 0 37.4998 3.44516e-009</i>
                <i>0.999704 0.0243403 0 -0.0243403 0.999704 0 0 0 1 0 37.4998 3.44516e-009</i>
            </KeyFrames>
        </RefFrame>
        <Bones count="11">
            <i>
                <p>
                    <Name><![CDATA[rope_root]]></Name>
                    <Exclude>0</Exclude>
                    <Additive>0</Additive>
                    <IKPriority>0</IKPriority>
                    <IKRotLimits>-1e+010 -1e+010 -1e+010 1e+010 1e+010 1e+010</IKRotLimits>
                    <IKRotLimitOrder>0</IKRotLimitOrder>
                    <KeyFrames count="60">
                        <i>1 0 0 0 0.995303 0.0968059 0 -0.0968059 0.995303 0 37.5 3.44516e-009</i>
                        <i>1 0.000163075 1.58552e-005 -0.000163844 0.995381 0.0960048 -1.26001e-007 -0.0960048 0.995381 0 37.5 3.44516e-009</i>
                        <i>1 0.000636952 6.19286e-005 -0.000639952 0.995602 0.0936765 -1.98886e-006 -0.0936765 0.995603 0 37.5 3.44516e-009</i>
                        <i>0.999999 0.00139861 0.000135982 -0.00140517 0.995947 0.0899332 -9.64931e-006 -0.0899334 0.995948 0 37.5 3.44516e-009</i>
                        <i>0.999997 0.00242502 0.000235776 -0.00243628 0.996388 0.0848868 -2.90725e-005 -0.0848871 0.996391 0 37.5 3.44516e-009</i>
                        <i>0.999993 0.00369316 0.000359074 -0.00370996 0.996895 0.0786489 -6.74963e-005 -0.0786497 0.996902 0 37.5 3.44516e-009</i>
                        <i>0.999986 0.00518 0.000503636 -0.00520273 0.997439 0.0713312 -0.00013285 -0.0713329 0.997453 0 37.5 3.44516e-009</i>
                        <i>0.999976 0.00686252 0.000667225 -0.00689094 0.997987 0.0630458 -0.000233228 -0.0630489 0.99801 0 37.5 3.44516e-009</i>
                        <i>0.999962 0.00871768 0.000847601 -0.0087507 0.998508 0.0539051 -0.000376408 -0.0539105 0.998546 0 37.5 3.44516e-009</i>
                        <i>0.999942 0.0107224 0.00104253 -0.0107579 0.998973 0.0440221 -0.000569431 -0.0440308 0.99903 0 37.5 3.44516e-009</i>
                        <i>0.999917 0.0128538 0.00124976 -0.0128884 0.999355 0.0335102 -0.000818225 -0.0335235 0.999438 0 37.5 3.44516e-009</i>
                        <i>0.999885 0.0150886 0.00146707 -0.0151178 0.999633 0.0224834 -0.00112729 -0.022503 0.999746 0 37.5 3.44516e-009</i>
                        <i>0.999847 0.017404 0.00169222 -0.0174217 0.999787 0.0110562 -0.00149943 -0.0110839 0.999937 0 37.5 3.44516e-009</i>
                        <i>0.999803 0.0197768 0.00192296 -0.0197756 0.999804 -0.000656553 -0.00193556 0.000618396 0.999998 0 37.5 3.44516e-009</i>
                        <i>0.999752 0.022184 0.00215705 -0.0221553 0.999676 -0.0125396 -0.00243453 0.0124887 0.999919 0 37.5 3.44516e-009</i>
                        <i>0.999694 0.0246026 0.00239227 -0.0245367 0.999399 -0.0244776 -0.00299305 0.0244115 0.999698 0 37.5 3.44516e-009</i>
                        <i>0.999632 0.0270095 0.00262637 -0.0268963 0.998977 -0.0363554 -0.00360562 0.0362714 0.999335 0 37.5 3.44516e-009</i>
                        <i>0.999564 0.0293818 0.00285711 -0.0292107 0.998417 -0.0480578 -0.00426461 0.0479534 0.99884 0 37.5 3.44516e-009</i>
                        <i>0.999493 0.0316963 0.00308225 -0.0314571 0.997734 -0.05947 -0.00496024 0.0593429 0.998225 0 37.5 3.44516e-009</i>
                        <i>0.999419 0.0339302 0.00329956 -0.0336136 0.996947 -0.0704777 -0.0056808 0.0703259 0.997508 0 37.5 3.44516e-009</i>
                        <i>0.999343 0.0360603 0.00350679 -0.0356584 0.996079 -0.0809672 -0.00641274 0.080789 0.996711 0 37.5 3.44516e-009</i>
                        <i>0.999268 0.0380637 0.00370172 -0.0375707 0.995158 -0.0908254 -0.00714095 0.0906199 0.99586 0 37.5 3.44516e-009</i>
                        <i>0.999195 0.0399175 0.00388209 -0.0393303 0.994216 -0.0999399 -0.00784899 0.0997068 0.994986 0 37.5 3.44516e-009</i>
                        <i>0.999126 0.0415986 0.00404568 -0.0409174 0.993287 -0.108199 -0.00851944 0.107939 0.994121 0 37.5 3.44516e-009</i>
                        <i>0.999063 0.0430841 0.00419024 -0.0423127 0.992407 -0.115491 -0.00913425 0.115205 0.9933 0 37.5 3.44516e-009</i>
                        <i>0.999007 0.044351 0.00431354 -0.0434973 0.991613 -0.121706 -0.00967512 0.121397 0.992557 0 37.5 3.44516e-009</i>
                        <i>0.99896 0.0453764 0.00441333 -0.0444522 0.99094 -0.126732 -0.010124 0.126404 0.991927 0 37.5 3.44516e-009</i>
                        <i>0.998925 0.0461372 0.00448738 -0.0451585 0.990425 -0.13046 -0.0104635 0.130117 0.991443 0 37.5 3.44516e-009</i>
                        <i>0.998903 0.0466105 0.00453346 -0.045597 0.990096 -0.132778 -0.0106774 0.132426 0.991135 0 37.5 3.44516e-009</i>
                        <i>0.998895 0.0467734 0.00454931 -0.0457477 0.989982 -0.133576 -0.0107515 0.13322 0.991028 0 37.5 3.44516e-009</i>
                        <i>0.998902 0.0466211 0.00453448 -0.0456068 0.990089 -0.13283 -0.0106822 0.132477 0.991128 0 37.5 3.44516e-009</i>
                        <i>0.998923 0.046178 0.00449135 -0.0451963 0.990397 -0.13066 -0.0104818 0.130316 0.991417 0 37.5 3.44516e-009</i>
                        <i>0.998956 0.0454647 0.00442193 -0.0445343 0.990881 -0.127165 -0.0101631 0.126835 0.991872 0 37.5 3.44516e-009</i>
                        <i>0.999 0.0445022 0.00432825 -0.0436383 0.991515 -0.122447 -0.00974068 0.122135 0.992466 0 37.5 3.44516e-009</i>
                        <i>0.999053 0.0433111 0.00421233 -0.0425253 0.992268 -0.116605 -0.00923002 0.116315 0.993169 0 37.5 3.44516e-009</i>
                        <i>0.999113 0.0419121 0.00407618 -0.0412124 0.993106 -0.109738 -0.00864744 0.109473 0.993952 0 37.5 3.44516e-009</i>
                        <i>0.999179 0.0403261 0.00392185 -0.0397168 0.993997 -0.101948 -0.00800945 0.101708 0.994782 0 37.5 3.44516e-009</i>
                        <i>0.999249 0.0385737 0.00375133 -0.0380557 0.994907 -0.0933333 -0.00733244 0.0931204 0.995628 0 37.5 3.44516e-009</i>
                        <i>0.999321 0.0366757 0.00356666 -0.0362469 0.995807 -0.0839961 -0.00663232 0.0838098 0.99646 0 37.5 3.44516e-009</i>
                        <i>0.999394 0.0346529 0.00336986 -0.0343086 0.996665 -0.0740374 -0.00592423 0.0738769 0.99725 0 37.5 3.44516e-009</i>
                        <i>0.999466 0.032526 0.00316296 -0.0322594 0.997457 -0.0635592 -0.00522223 0.0634232 0.997973 0 37.5 3.44516e-009</i>
                        <i>0.999536 0.0303158 0.00294796 -0.0301187 0.998158 -0.0526639 -0.00453908 0.0525507 0.998608 0 37.5 3.44516e-009</i>
                        <i>0.999603 0.0280431 0.0027269 -0.0279061 0.998751 -0.0414547 -0.00388601 0.0413622 0.999137 0 37.5 3.44516e-009</i>
                        <i>0.999666 0.0257287 0.00250179 -0.025642 0.99922 -0.0300351 -0.0032726 0.0299609 0.999546 0 37.5 3.44516e-009</i>
                        <i>0.999724 0.0233933 0.00227466 -0.0233473 0.999556 -0.0185089 -0.00270664 0.0184507 0.999826 0 37.5 3.44516e-009</i>
                        <i>0.999776 0.0210578 0.00204753 -0.0210431 0.999754 -0.00698032 -0.00219402 0.00693567 0.999974 0 37.5 3.44516e-009</i>
                        <i>0.999823 0.018743 0.00182242 -0.0187509 0.999814 0.00444665 -0.00173874 -0.00448003 0.999988 0 37.5 3.44516e-009</i>
                        <i>0.999863 0.0164697 0.00160136 -0.0164928 0.999741 0.0156678 -0.0013429 -0.015692 0.999876 0 37.5 3.44516e-009</i>
                        <i>0.999897 0.0142586 0.00138636 -0.0142904 0.999545 0.0265791 -0.00100675 -0.0265962 0.999646 0 37.5 3.44516e-009</i>
                        <i>0.999926 0.0121307 0.00117945 -0.0121661 0.999238 0.037077 -0.000728787 -0.0370886 0.999312 0 37.5 3.44516e-009</i>
                        <i>0.999948 0.0101067 0.000982654 -0.0101417 0.998841 0.0470582 -0.000505912 -0.0470658 0.998892 0 37.5 3.44516e-009</i>
                        <i>0.999966 0.00820739 0.000797985 -0.00823934 0.998373 0.0564199 -0.000333627 -0.0564246 0.998407 0 37.5 3.44516e-009</i>
                        <i>0.999979 0.00645365 0.00062747 -0.0064808 0.99786 0.0650597 -0.000206255 -0.0650624 0.997881 0 37.5 3.44516e-009</i>
                        <i>0.999988 0.00486625 0.00047313 -0.00488779 0.997329 0.0728757 -0.000117235 -0.0728772 0.997341 0 37.5 3.44516e-009</i>
                        <i>0.999994 0.00346599 0.000336987 -0.00348183 0.996808 0.0797665 -5.9441e-005 -0.0797672 0.996814 0 37.5 3.44516e-009</i>
                        <i>0.999997 0.00227369 0.000221064 -0.00228427 0.996324 0.085631 -2.55524e-005 -0.0856312 0.996327 0 37.5 3.44516e-009</i>
                        <i>0.999999 0.00131015 0.000127381 -0.0013163 0.995908 0.0903681 -8.46434e-006 -0.0903681 0.995908 0 37.5 3.44516e-009</i>
                        <i>1 0.000596153 5.79619e-005 -0.000598961 0.995584 0.093877 -1.74086e-006 -0.093877 0.995584 0 37.5 3.44516e-009</i>
                        <i>1 0.000152504 1.48274e-005 -0.000153223 0.995376 0.0960567 -1.09839e-007 -0.0960567 0.995376 0 37.5 3.44516e-009</i>
                        <i>1 0 0 0 0.995303 0.0968059 0 -0.0968059 0.995303 0 37.5 3.44516e-009</i>
                    </KeyFrames>
                </p>
            </i>
            <i>
                <p>
                    <Name><![CDATA[rope1]]></Name>
                    <Exclude>0</Exclude>
                    <Additive>0</Additive>
                    <IKPriority>0</IKPriority>
                    <IKRotLimits>-1e+010 -1e+010 -1e+010 1e+010 1e+010 1e+010</IKRotLimits>
                    <IKRotLimitOrder>0</IKRotLimitOrder>
                    <KeyFrames count="60">
                        <i>0.998379 -0.045999 -0.0335166 0.0423133 0.993738 -0.103418 0.0380639 0.101832 0.994073 0 33.75 -1.6125e-008</i>
                        <i>0.998387 -0.0458208 -0.0335188 0.0421479 0.993778 -0.103098 0.0380343 0.101519 0.994106 -1.21115e-011 33.75 -1.52006e-008</i>
                        <i>0.998411 -0.0453027 -0.0335251 0.0416672 0.993894 -0.102168 0.0379489 0.100608 0.994202 -1.2883e-010 33.75 1.57892e-008</i>
                        <i>0.998448 -0.0444701 -0.0335352 0.0408942 0.994079 -0.100672 0.0378135 0.0991444 0.994354 -2.44104e-010 33.75 1.30992e-008</i>
                        <i>0.998497 -0.0433479 -0.0335488 0.0398519 0.994323 -0.0986563 0.0376349 0.097171 0.994556 -3.79407e-010 33.75 -1.14954e-009</i>
                        <i>0.998555 -0.0419614 -0.0335656 0.0385634 0.994618 -0.0961653 0.0374202 0.094732 0.994799 -2.91022e-010 33.75 -1.58087e-009</i>
                        <i>0.998622 -0.0403356 -0.0335854 0.0370515 0.994954 -0.0932439 0.0371769 0.091871 0.995077 5.04829e-010 33.75 -1.9864e-008</i>
                        <i>0.998693 -0.0384958 -0.0336077 0.0353392 0.99532 -0.089937 0.0369126 0.0886319 0.99538 4.27783e-010 33.75 1.47892e-008</i>
                        <i>0.998769 -0.036467 -0.0336323 0.0334496 0.995708 -0.0862897 0.0366347 0.0850584 0.995702 3.8096e-010 33.75 8.60528e-009</i>
                        <i>0.998845 -0.0342744 -0.0336589 0.0314056 0.996109 -0.0823468 0.0363503 0.0811946 0.996035 1.78713e-009 33.75 -3.54759e-009</i>
                        <i>0.998922 -0.0319431 -0.0336872 0.0292305 0.996513 -0.0781535 0.0360662 0.0770845 0.996372 1.23311e-009 33.75 6.29996e-009</i>
                        <i>0.998996 -0.0294984 -0.0337168 0.0269475 0.996912 -0.0737549 0.0357884 0.0727723 0.996706 8.59146e-010 33.75 4.54374e-009</i>
                        <i>0.999067 -0.0269653 -0.0337475 0.0245802 0.9973 -0.0691962 0.0355223 0.0683021 0.997032 -4.23394e-009 33.75 5.7922e-009</i>
                        <i>0.999132 -0.0243691 -0.033779 0.022152 0.99767 -0.0645227 0.0352727 0.0637185 0.997344 -1.79277e-009 33.75 3.35266e-009</i>
                        <i>0.999192 -0.0217349 -0.033811 0.0196865 0.998017 -0.0597798 0.0350432 0.0590659 0.997639 -3.3305e-009 33.75 -2.11716e-009</i>
                        <i>0.999245 -0.019088 -0.0338431 0.0172075 0.998337 -0.0550129 0.0348369 0.054389 0.997912 3.85493e-009 33.75 8.63897e-009</i>
                        <i>0.999291 -0.0164536 -0.033875 0.0147386 0.998627 -0.0502674 0.0346556 0.0497325 0.998161 -1.17785e-011 33.75 -4.21748e-009</i>
                        <i>0.999329 -0.0138568 -0.0339065 0.0123039 0.998884 -0.0455888 0.0345004 0.0451411 0.998385 2.07806e-009 33.75 9.8502e-010</i>
                        <i>0.99936 -0.011323 -0.0339372 0.00992706 0.999109 -0.0410228 0.0343715 0.0406597 0.998582 -8.53183e-009 33.75 -1.21015e-008</i>
                        <i>0.999384 -0.00887724 -0.0339669 0.00763204 0.9993 -0.0366149 0.0342681 0.036333 0.998752 9.39657e-009 33.75 3.05045e-008</i>
                        <i>0.999401 -0.00654481 -0.0339951 0.00544274 0.99946 -0.0324106 0.0341889 0.0322061 0.998896 -2.93953e-010 33.75 4.46097e-009</i>
                        <i>0.999412 -0.00435091 -0.0340217 0.00338301 0.999589 -0.0284555 0.0341316 0.0283237 0.999016 5.46391e-009 33.75 8.56031e-009</i>
                        <i>0.999418 -0.00232076 -0.0340463 0.00147671 0.999691 -0.0247953 0.0340934 0.0247306 0.999113 -9.11237e-009 33.75 7.43166e-009</i>
                        <i>0.999419 -0.000479542 -0.0340687 -0.000252353 0.999769 -0.0214754 0.0340711 0.0214716 0.999189 -1.06173e-008 33.75 2.6032e-008</i>
                        <i>0.999418 0.00114753 -0.0340884 -0.00178041 0.999827 -0.0185415 0.0340612 0.0185914 0.999247 1.15412e-008 33.75 2.87926e-008</i>
                        <i>0.999415 0.00253526 -0.0341052 -0.00308374 0.999867 -0.016039 0.03406 0.0161348 0.99929 1.6508e-009 33.75 3.46124e-008</i>
                        <i>0.999411 0.00365846 -0.0341188 -0.00413862 0.999893 -0.0140135 0.0340639 0.0141464 0.999319 4.7039e-012 33.75 -3.61521e-008</i>
                        <i>0.999407 0.00449192 -0.0341289 -0.0049214 0.99991 -0.0125104 0.0340697 0.012671 0.999339 5.19416e-009 33.75 -3.39735e-008</i>
                        <i>0.999405 0.00501048 -0.0341352 -0.00540841 0.999918 -0.0115752 0.0340744 0.0117529 0.99935 -1.05711e-009 33.75 5.92815e-009</i>
                        <i>0.999404 0.00518893 -0.0341374 -0.00557601 0.999921 -0.0112534 0.0340763 0.011437 0.999354 1.75317e-009 33.75 -2.21655e-009</i>
                        <i>0.999405 0.00502205 -0.0341354 -0.00541927 0.999919 -0.0115544 0.0340746 0.0117325 0.99935 8.13407e-009 33.75 4.31985e-008</i>
                        <i>0.999407 0.00453657 -0.0341295 -0.00496333 0.99991 -0.0124299 0.03407 0.0125919 0.99934 9.54368e-009 33.75 2.16424e-008</i>
                        <i>0.999411 0.00375525 -0.03412 -0.00422953 0.999895 -0.0138389 0.0340645 0.0139751 0.999322 -9.41981e-009 33.75 -6.14475e-009</i>
                        <i>0.999415 0.00270085 -0.0341072 -0.00323926 0.999871 -0.0157404 0.0340603 0.0158417 0.999294 3.65238e-009 33.75 -8.79953e-009</i>
                        <i>0.999418 0.00139612 -0.0340914 -0.00201388 0.999834 -0.0180932 0.0340605 0.0181514 0.999255 -1.2154e-008 33.75 -1.76423e-008</i>
                        <i>0.999419 -0.00013619 -0.0340728 -0.000574803 0.999782 -0.0208563 0.0340682 0.0208638 0.999202 3.22695e-009 33.75 7.66805e-010</i>
                        <i>0.999418 -0.00187331 -0.0340518 0.00105653 0.999712 -0.0239885 0.0340869 0.0239386 0.999132 -4.91616e-010 33.75 -2.1781e-008</i>
                        <i>0.999414 -0.00379249 -0.0340285 0.00285868 0.999619 -0.0274488 0.0341196 0.0273354 0.999044 -1.27573e-008 33.75 1.09159e-009</i>
                        <i>0.999404 -0.00587095 -0.0340033 0.00481012 0.999502 -0.0311958 0.0341695 0.0310137 0.998935 1.08726e-008 33.75 6.80307e-009</i>
                        <i>0.99939 -0.00808593 -0.0339765 0.00688935 0.999357 -0.0351886 0.0342391 0.034933 0.998803 -2.41863e-009 33.75 1.37091e-008</i>
                        <i>0.999369 -0.0104147 -0.0339482 0.00907479 0.999183 -0.0393858 0.0343307 0.0390529 0.998647 1.71731e-009 33.75 1.54347e-008</i>
                        <i>0.999342 -0.0128343 -0.0339189 0.0113449 0.998978 -0.0437464 0.0344457 0.0433328 0.998467 9.68404e-010 33.75 -9.33411e-009</i>
                        <i>0.999308 -0.0153222 -0.0338887 0.013678 0.998743 -0.0482291 0.0345851 0.0477322 0.998261 4.0981e-009 33.75 -8.60381e-009</i>
                        <i>0.999267 -0.0178555 -0.033858 0.0160526 0.998477 -0.0527929 0.0347491 0.0522107 0.998031 -9.30015e-010 33.75 1.08801e-008</i>
                        <i>0.999219 -0.0204115 -0.033827 0.0184472 0.998181 -0.0573965 0.034937 0.0567277 0.997778 -1.75521e-009 33.75 4.68584e-009</i>
                        <i>0.999165 -0.0229673 -0.033796 0.0208402 0.997859 -0.0619989 0.0351476 0.0612428 0.997504 -1.92534e-010 33.75 4.57026e-009</i>
                        <i>0.999104 -0.0255002 -0.0337653 0.0232102 0.997513 -0.0665591 0.0353786 0.0657158 0.997211 1.69908e-009 33.75 2.92158e-009</i>
                        <i>0.999039 -0.0279875 -0.0337351 0.0255358 0.997147 -0.071036 0.035627 0.0701063 0.996903 -2.42274e-009 33.75 1.99533e-010</i>
                        <i>0.998969 -0.0304064 -0.0337058 0.0277957 0.996767 -0.0753887 0.0358891 0.0743741 0.996584 3.3627e-009 33.75 5.83871e-009</i>
                        <i>0.998897 -0.0327341 -0.0336776 0.0299686 0.996378 -0.0795763 0.0361605 0.0784792 0.99626 -2.30534e-009 33.75 6.04061e-009</i>
                        <i>0.998822 -0.0349479 -0.0336507 0.0320336 0.995988 -0.083558 0.0364359 0.0823817 0.995935 2.96218e-010 33.75 9.10788e-010</i>
                        <i>0.998748 -0.0370251 -0.0336255 0.0339695 0.995603 -0.0872931 0.0367097 0.0860416 0.995615 -3.0776e-009 33.75 3.48766e-009</i>
                        <i>0.998676 -0.0389429 -0.0336023 0.0357555 0.995232 -0.0907408 0.0369758 0.0894192 0.995308 2.17271e-009 33.75 9.41222e-009</i>
                        <i>0.998608 -0.0406787 -0.0335812 0.0373707 0.994884 -0.0938605 0.0372275 0.0924748 0.995019 2.21956e-009 33.75 1.04192e-009</i>
                        <i>0.998545 -0.0422098 -0.0335626 0.0387943 0.994566 -0.0966116 0.0374582 0.095169 0.994756 -6.42491e-010 33.75 1.61935e-008</i>
                        <i>0.998489 -0.0435133 -0.0335468 0.0400056 0.994288 -0.0989536 0.037661 0.097462 0.994526 -1.00889e-010 33.75 1.99408e-008</i>
                        <i>0.998443 -0.0445668 -0.033534 0.040984 0.994058 -0.100846 0.0378291 0.0993145 0.994337 4.00517e-010 33.75 1.80325e-008</i>
                        <i>0.998409 -0.0453473 -0.0335245 0.0417086 0.993884 -0.102248 0.0379562 0.100687 0.994194 7.94165e-011 33.75 -2.93096e-009</i>
                        <i>0.998387 -0.0458323 -0.0335187 0.0421586 0.993775 -0.103119 0.0380362 0.101539 0.994104 -4.69478e-011 33.75 3.31895e-008</i>
                        <i>0.998379 -0.045999 -0.0335166 0.0423133 0.993738 -0.103418 0.0380639 0.101832 0.994073 0 33.75 -1.6125e-008</i>
                    </KeyFrames>
                </p>
            </i>
            <i>
                <p>
                    <Name><![CDATA[rope2]]></Name>
                    <Exclude>0</Exclude>
                    <Additive>0</Additive>
                    <IKPriority>0</IKPriority>
                    <IKRotLimits>-1e+010 -1e+010 -1e+010 1e+010 1e+010 1e+010</IKRotLimits>
                    <IKRotLimitOrder>0</IKRotLimitOrder>
                    <KeyFrames count="60">
                        <i>0.99664 -0.0816776 0.00611114 0.0819059 0.993862 -0.074361 -4.33681e-018 0.0746117 0.997213 1.31136e-010 30 -3.56951e-008</i>
                        <i>0.996673 -0.081267 0.00613545 0.0814982 0.99393 -0.0738997 -9.26019e-005 0.0741539 0.997247 2.08608e-010 30 -3.38463e-008</i>
                        <i>0.99677 -0.0800735 0.00620608 0.0803128 0.994125 -0.0725592 -0.00035956 0.0728232 0.997345 -2.5766e-010 30 2.81333e-008</i>
                        <i>0.996921 -0.078155 0.00631961 0.0784061 0.994432 -0.0704043 -0.000781987 0.070683 0.997499 4.43113e-010 30 2.27534e-008</i>
                        <i>0.99712 -0.0755691 0.00647261 0.075834 0.994833 -0.0674998 -0.00133827 0.0677962 0.997698 -7.58813e-010 30 -5.74425e-009</i>
                        <i>0.997355 -0.0723736 0.00666164 0.0726518 0.995308 -0.0639105 -0.00200495 0.0642254 0.997933 -5.82044e-010 30 -6.6069e-009</i>
                        <i>0.997619 -0.068626 0.00688327 0.0689151 0.995835 -0.0597011 -0.00275755 0.0600333 0.998193 1.00966e-009 30 -4.31732e-008</i>
                        <i>0.9979 -0.0643839 0.00713406 0.0646795 0.996393 -0.0549364 -0.0035713 0.0552825 0.998464 8.55566e-010 30 2.61332e-008</i>
                        <i>0.998188 -0.0597053 0.0074106 0.0600007 0.996961 -0.0496814 -0.00442184 0.050036 0.998738 7.6192e-010 30 1.37654e-008</i>
                        <i>0.998476 -0.0546478 0.00770944 0.0549352 0.99752 -0.0440009 -0.00528576 0.0443574 0.999002 3.57426e-009 30 -1.05403e-008</i>
                        <i>0.998753 -0.0492693 0.00802715 0.0495398 0.998051 -0.0379602 -0.00614123 0.0383105 0.999247 2.46622e-009 30 9.15476e-009</i>
                        <i>0.999013 -0.043628 0.0083603 0.0438718 0.998537 -0.0316244 -0.00696836 0.0319599 0.999465 1.71829e-009 30 5.64232e-009</i>
                        <i>0.999248 -0.0377818 0.00870547 0.0379894 0.998964 -0.0250589 -0.00774968 0.0253707 0.999648 -8.46788e-009 30 8.13925e-009</i>
                        <i>0.999454 -0.031789 0.00905921 0.0319509 0.999321 -0.018329 -0.0084704 0.0186085 0.999791 -3.58553e-009 30 3.26016e-009</i>
                        <i>0.999625 -0.0257079 0.00941809 0.0258156 0.999601 -0.0115005 -0.00911868 0.0117393 0.999889 -6.661e-009 30 -7.67948e-009</i>
                        <i>0.99976 -0.0195967 0.0097787 0.0196428 0.999796 -0.00463883 -0.0096858 0.0048298 0.999941 7.70986e-009 30 1.38328e-008</i>
                        <i>0.999857 -0.013514 0.0101376 0.0134925 0.999907 0.00219036 -0.0101662 -0.00205326 0.999946 -2.35571e-011 30 -1.18801e-008</i>
                        <i>0.999917 -0.00751805 0.0104913 0.00742457 0.999933 0.00892147 -0.0105577 -0.00884283 0.999905 4.15612e-009 30 -1.47512e-009</i>
                        <i>0.99994 -0.00166731 0.0108365 0.00149935 0.999879 0.0154889 -0.010861 -0.0154717 0.999821 -1.70637e-008 30 -2.76482e-008</i>
                        <i>0.99993 0.00397987 0.0111696 -0.00422299 0.999753 0.0218271 -0.01108 -0.0218727 0.999699 1.87931e-008 30 5.75638e-008</i>
                        <i>0.99989 0.00936513 0.0114873 -0.00968227 0.999565 0.0278707 -0.0112213 -0.0279788 0.999546 -5.87906e-010 30 5.47677e-009</i>
                        <i>0.999826 0.0144302 0.0117861 -0.0148185 0.999327 0.0335542 -0.011294 -0.0337231 0.999367 1.09278e-008 30 1.36755e-008</i>
                        <i>0.999745 0.0191168 0.0120627 -0.0195719 0.999055 0.0388126 -0.0113093 -0.0390388 0.999174 -1.82247e-008 30 1.14182e-008</i>
                        <i>0.999651 0.0233669 0.0123135 -0.023883 0.998764 0.0435806 -0.0112799 -0.0438594 0.998974 -2.12346e-008 30 4.86188e-008</i>
                        <i>0.999554 0.0271223 0.0125351 -0.0276923 0.998473 0.0477932 -0.0112197 -0.0481189 0.998779 2.30824e-008 30 5.41401e-008</i>
                        <i>0.999459 0.0303249 0.0127241 -0.0309409 0.998199 0.0513854 -0.0111429 -0.0517513 0.998598 3.30159e-009 30 6.57795e-008</i>
                        <i>0.999375 0.0329169 0.0128771 -0.0335698 0.997961 0.0542924 -0.0110637 -0.0546908 0.998442 9.40781e-012 30 -7.57493e-008</i>
                        <i>0.999308 0.0348401 0.0129906 -0.0355204 0.997773 0.0564492 -0.010995 -0.0568716 0.998321 1.03883e-008 30 -7.13921e-008</i>
                        <i>0.999265 0.0360366 0.0130612 -0.0367338 0.997653 0.057791 -0.010948 -0.0582283 0.998243 -2.11423e-009 30 8.41114e-009</i>
                        <i>0.99925 0.0364483 0.0130855 -0.0371513 0.99761 0.0582527 -0.0109311 -0.0586952 0.998216 3.50633e-009 30 -7.87826e-009</i>
                        <i>0.999264 0.0360633 0.0130628 -0.0367609 0.99765 0.0578209 -0.0109469 -0.0582586 0.998242 1.62681e-008 30 8.29519e-008</i>
                        <i>0.999305 0.0349431 0.0129967 -0.0356249 0.997763 0.0565648 -0.0109911 -0.0569884 0.998314 1.90874e-008 30 3.98396e-008</i>
                        <i>0.999368 0.0331402 0.0128903 -0.0337964 0.997939 0.0545429 -0.0110561 -0.0549441 0.998428 -1.88396e-008 30 -1.57347e-008</i>
                        <i>0.999447 0.0307071 0.0127466 -0.0313285 0.998165 0.051814 -0.0111322 -0.0521847 0.998575 7.30477e-009 30 -2.10442e-008</i>
                        <i>0.999537 0.027696 0.0125689 -0.0282743 0.998426 0.0484367 -0.0112076 -0.0487697 0.998747 -2.43081e-008 30 -3.87298e-008</i>
                        <i>0.999632 0.0241594 0.0123602 -0.0246869 0.998706 0.0444696 -0.0112699 -0.0447583 0.998934 6.4539e-009 30 -1.91155e-009</i>
                        <i>0.999723 0.0201497 0.0121236 -0.0206196 0.998988 0.0399714 -0.0113059 -0.0402103 0.999127 -9.83232e-010 30 -4.70072e-008</i>
                        <i>0.999806 0.0157194 0.0118622 -0.016126 0.999257 0.0350007 -0.0113032 -0.0351852 0.999317 -2.55146e-008 30 -1.26198e-009</i>
                        <i>0.999873 0.0109209 0.0115791 -0.0112598 0.999498 0.0296165 -0.0112499 -0.0297431 0.999494 2.17451e-008 30 1.0161e-008</i>
                        <i>0.99992 0.00580693 0.0112774 -0.00607493 0.999696 0.0238776 -0.0111353 -0.0239442 0.999651 -4.83725e-009 30 2.39731e-008</i>
                        <i>0.99994 0.000430047 0.0109602 -0.000625578 0.999841 0.017843 -0.0109508 -0.0178488 0.999781 1.83278e-008 30 2.74713e-008</i>
                        <i>0.99993 -0.00515706 0.0106306 0.00503399 0.99992 0.0115717 -0.0106894 -0.0115174 0.999876 1.93681e-009 30 -2.21134e-008</i>
                        <i>0.999888 -0.0109017 0.0102917 0.0108494 0.999928 0.00512307 -0.0103468 -0.00501084 0.999934 8.19621e-009 30 -2.06528e-008</i>
                        <i>0.99981 -0.016751 0.0099466 0.0167662 0.999858 -0.00144385 -0.009921 0.00161034 0.999949 -1.86003e-009 30 1.83151e-008</i>
                        <i>0.999697 -0.0226524 0.0095984 0.0227301 0.999709 -0.00806972 -0.00941281 0.00828545 0.999921 -3.51042e-009 30 5.92652e-009</i>
                        <i>0.99955 -0.028553 0.00925019 0.028687 0.99948 -0.0146953 -0.00882579 0.014954 0.999849 -3.85067e-010 30 5.69536e-009</i>
                        <i>0.999368 -0.0344002 0.00890508 0.034583 0.999176 -0.0212613 -0.00816635 0.0215558 0.999734 3.39816e-009 30 2.39799e-009</i>
                        <i>0.999157 -0.0401411 0.00856618 0.0403644 0.998801 -0.0277084 -0.00744366 0.0280309 0.999579 -4.84549e-009 30 -3.04609e-009</i>
                        <i>0.99892 -0.0457233 0.00823657 0.0459781 0.998364 -0.0339777 -0.00666953 0.0343197 0.999389 6.7254e-009 30 8.23225e-009</i>
                        <i>0.998662 -0.0510942 0.00791936 0.0513714 0.997878 -0.0400098 -0.00585828 0.0403631 0.999168 -4.61069e-009 30 8.63606e-009</i>
                        <i>0.99839 -0.0562014 0.00761765 0.0564921 0.997355 -0.0457459 -0.00502651 0.0461026 0.998924 5.92437e-010 30 -1.62358e-009</i>
                        <i>0.998111 -0.0609924 0.00733453 0.0612885 0.99681 -0.051127 -0.00419278 0.05148 0.998665 -6.1552e-009 30 3.53017e-009</i>
                        <i>0.997833 -0.0654149 0.00707312 0.0657095 0.996261 -0.0560944 -0.00337725 0.0564377 0.9984 4.34542e-009 30 1.53793e-008</i>
                        <i>0.997564 -0.0694169 0.0068365 0.0697042 0.995726 -0.0605895 -0.00260135 0.0609184 0.998139 4.43912e-009 30 -1.36132e-009</i>
                        <i>0.997314 -0.0729461 0.00662778 0.0732222 0.995224 -0.0645535 -0.0018872 0.0648654 0.997892 -1.28498e-009 30 2.89419e-008</i>
                        <i>0.997091 -0.0759504 0.00645005 0.0762134 0.994775 -0.067928 -0.00125719 0.068222 0.997669 -2.01778e-010 30 3.64364e-008</i>
                        <i>0.996904 -0.0783778 0.00630643 0.0786277 0.994397 -0.0706546 -0.000733347 0.0709316 0.997481 8.01035e-010 30 3.26199e-008</i>
                        <i>0.996761 -0.0801762 0.0062 0.0804149 0.994109 -0.0726746 -0.000336701 0.0729378 0.997336 6.24494e-010 30 -9.30705e-009</i>
                        <i>0.996671 -0.0812936 0.00613387 0.0815246 0.993926 -0.0739296 -8.66104e-005 0.0741836 0.997245 2.25198e-011 30 6.29338e-008</i>
                        <i>0.99664 -0.0816776 0.00611114 0.0819059 0.993862 -0.074361 -4.33681e-018 0.0746117 0.997213 1.31136e-010 30 -3.56951e-008</i>
                    </KeyFrames>
                </p>
            </i>
            <i>
                <p>
                    <Name><![CDATA[rope3]]></Name>
                    <Exclude>0</Exclude>
                    <Additive>0</Additive>
                    <IKPriority>0</IKPriority>
                    <IKRotLimits>-1e+010 -1e+010 -1e+010 1e+010 1e+010 1e+010</IKRotLimits>
                    <IKRotLimitOrder>0</IKRotLimitOrder>
                    <KeyFrames count="60">
                        <i>0.999989 -0.00461971 0.000148413 0.00462209 0.999474 -0.0321092 -1.14925e-017 0.0321095 0.999484 -5.97579e-016 26.25 -3.21849e-008</i>
                        <i>0.999989 -0.00461971 0.000148413 0.00462209 0.999477 -0.0320097 -4.60109e-007 0.03201 0.999488 -1.71977e-011 26.25 2.97266e-008</i>
                        <i>0.999989 -0.00461971 0.000148413 0.00462209 0.999486 -0.0317205 -1.79712e-006 0.0317209 0.999497 -3.86372e-010 26.25 -1.88652e-008</i>
                        <i>0.999989 -0.00461971 0.000148413 0.00462209 0.999501 -0.0312558 -3.9461e-006 0.0312562 0.999511 2.00532e-009 26.25 -1.12723e-007</i>
                        <i>0.999989 -0.00461971 0.000148413 0.00462209 0.99952 -0.0306296 -6.84209e-006 0.03063 0.999531 -1.36774e-009 26.25 4.43704e-010</i>
                        <i>0.999989 -0.00461971 0.000148413 0.00462208 0.999544 -0.0298558 -1.04201e-005 0.0298562 0.999554 4.62125e-009 26.25 -4.91343e-008</i>
                        <i>0.999989 -0.00461971 0.000148413 0.00462207 0.99957 -0.0289486 -1.46152e-005 0.028949 0.999581 -4.07734e-009 26.25 4.39895e-008</i>
                        <i>0.999989 -0.00461971 0.000148413 0.00462205 0.999599 -0.027922 -1.93624e-005 0.0279223 0.99961 8.07126e-009 26.25 7.25609e-009</i>
                        <i>0.999989 -0.00461971 0.000148413 0.00462202 0.99963 -0.0267899 -2.45967e-005 0.0267903 0.999641 1.13166e-009 26.25 4.86845e-008</i>
                        <i>0.999989 -0.00461971 0.000148413 0.00462199 0.999662 -0.0255665 -3.02532e-005 0.0255669 0.999673 7.91781e-009 26.25 -1.31421e-008</i>
                        <i>0.999989 -0.00461971 0.000148413 0.00462195 0.999695 -0.0242658 -3.62668e-005 0.0242662 0.999705 -3.07412e-009 26.25 -9.79121e-009</i>
                        <i>0.999989 -0.00461971 0.000148413 0.00462189 0.999727 -0.0229018 -4.25729e-005 0.0229023 0.999738 -9.06439e-010 26.25 1.74673e-008</i>
                        <i>0.999989 -0.00461971 0.000148413 0.00462183 0.999758 -0.0214886 -4.9106e-005 0.0214891 0.999769 -9.40603e-009 26.25 1.31349e-008</i>
                        <i>0.999989 -0.00461971 0.000148413 0.00462175 0.999789 -0.0200402 -5.58017e-005 0.0200407 0.999799 2.09298e-008 26.25 4.04095e-009</i>
                        <i>0.999989 -0.00461971 0.000148413 0.00462167 0.999817 -0.0185708 -6.25943e-005 0.0185713 0.999828 -4.70927e-009 26.25 -1.02521e-008</i>
                        <i>0.999989 -0.00461971 0.000148413 0.00462157 0.999843 -0.0170942 -6.94197e-005 0.0170947 0.999854 -1.76407e-008 26.25 -2.50497e-008</i>
                        <i>0.999989 -0.00461971 0.000148413 0.00462146 0.999867 -0.0156247 -7.62119e-005 0.0156252 0.999878 1.1862e-008 26.25 -2.33414e-008</i>
                        <i>0.999989 -0.00461971 0.000148413 0.00462135 0.999889 -0.0141761 -8.29072e-005 0.0141767 0.9999 5.3318e-009 26.25 4.05402e-009</i>
                        <i>0.999989 -0.00461971 0.000148413 0.00462122 0.999908 -0.0127627 -8.94395e-005 0.0127633 0.999919 -2.57965e-008 26.25 -2.76013e-008</i>
                        <i>0.999989 -0.00461971 0.000148413 0.0046211 0.999924 -0.0113985 -9.57445e-005 0.011399 0.999935 1.21615e-008 26.25 5.10167e-008</i>
                        <i>0.999989 -0.00461971 0.000148413 0.00462097 0.999938 -0.0100974 -0.000101757 0.010098 0.999949 -2.42749e-008 26.25 -1.28638e-008</i>
                        <i>0.999989 -0.00461971 0.000148413 0.00462084 0.99995 -0.00887365 -0.000107412 0.00887424 0.999961 8.63007e-010 26.25 1.07772e-007</i>
                        <i>0.999989 -0.00461971 0.000148413 0.00462072 0.999959 -0.00774122 -0.000112644 0.00774181 0.99997 -3.88291e-008 26.25 1.2225e-007</i>
                        <i>0.999989 -0.00461971 0.000148413 0.0046206 0.999967 -0.00671417 -0.000117391 0.00671479 0.999977 1.30644e-008 26.25 5.97744e-008</i>
                        <i>0.999989 -0.00461971 0.000148414 0.00462049 0.999972 -0.00580658 -0.000121584 0.00580719 0.999983 -2.01261e-008 26.25 5.17651e-008</i>
                        <i>0.999989 -0.00461971 0.000148413 0.0046204 0.999977 -0.00503247 -0.000125161 0.0050331 0.999987 3.6064e-008 26.25 1.83997e-007</i>
                        <i>0.999989 -0.00461971 0.000148413 0.00462032 0.99998 -0.00440592 -0.000128056 0.00440656 0.99999 -3.49498e-008 26.25 3.35657e-009</i>
                        <i>0.999989 -0.00461971 0.000148412 0.00462025 0.999982 -0.00394099 -0.000130204 0.00394164 0.999992 -1.51233e-008 26.25 -2.03025e-008</i>
                        <i>0.999989 -0.00461971 0.000148413 0.00462022 0.999983 -0.00365172 -0.000131541 0.00365238 0.999993 -7.50319e-009 26.25 7.20215e-008</i>
                        <i>0.999989 -0.00461971 0.000148413 0.00462021 0.999983 -0.00355218 -0.000132001 0.00355283 0.999994 -2.57916e-008 26.25 1.04464e-007</i>
                        <i>0.999989 -0.00461971 0.000148413 0.00462022 0.999983 -0.00364528 -0.000131571 0.00364593 0.999993 -2.74328e-008 26.25 8.87698e-008</i>
