<?xml version="1.0" encoding="ISO-8859-1" ?>
<Animl Version="1">
    <ModellingPackage>
        <![CDATA[Maya.2010]]>
</ModellingPackage>
    <SrcFile>
        <![CDATA[anims\bosses\red\mi12_homer\~src\mi12_homer_critical.mb]]>
</SrcFile>
    <FramesPerSecond>30</FramesPerSecond>
    <TotalFrames>60</TotalFrames>
    <Skeleton>
        <RefFrame>
            <Name>
                <![CDATA[mi12_homer_ref_frame]]>
</Name>
            <Exclude>0</Exclude>
            <Additive>0</Additive>
            <IKPriority>0</IKPriority>
            <IKRotLimits>-1e+010 -1e+010 -1e+010 1e+010 1e+010 1e+010</IKRotLimits>
            <IKRotLimitOrder>0</IKRotLimitOrder>
            <KeyFrames count="60">
                <i>1 0 0 0 1 0 0 0 1 0 0 0</i>
                <i>1 0 0 0 1 0 0 0 1 0 0 0</i>
                <i>1 0 0 0 1 0 0 0 1 0 0 0</i>
                <i>1 0 0 0 1 0 0 0 1 0 0 0</i>
                <i>1 0 0 0 1 0 0 0 1 0 0 0</i>
                <i>1 0 0 0 1 0 0 0 1 0 0 0</i>
                <i>1 0 0 0 1 0 0 0 1 0 0 0</i>
                <i>1 0 0 0 1 0 0 0 1 0 0 0</i>
                <i>1 0 0 0 1 0 0 0 1 0 0 0</i>
                <i>1 0 0 0 1 0 0 0 1 0 0 0</i>
                <i>1 0 0 0 1 0 0 0 1 0 0 0</i>
                <i>1 0 0 0 1 0 0 0 1 0 0 0</i>
                <i>1 0 0 0 1 0 0 0 1 0 0 0</i>
                <i>1 0 0 0 1 0 0 0 1 0 0 0</i>
                <i>1 0 0 0 1 0 0 0 1 0 0 0</i>
                <i>1 0 0 0 1 0 0 0 1 0 0 0</i>
                <i>1 0 0 0 1 0 0 0 1 0 0 0</i>
                <i>1 0 0 0 1 0 0 0 1 0 0 0</i>
                <i>1 0 0 0 1 0 0 0 1 0 0 0</i>
                <i>1 0 0 0 1 0 0 0 1 0 0 0</i>
                <i>1 0 0 0 1 0 0 0 1 0 0 0</i>
                <i>1 0 0 0 1 0 0 0 1 0 0 0</i>
                <i>1 0 0 0 1 0 0 0 1 0 0 0</i>
                <i>1 0 0 0 1 0 0 0 1 0 0 0</i>
                <i>1 0 0 0 1 0 0 0 1 0 0 0</i>
                <i>1 0 0 0 1 0 0 0 1 0 0 0</i>
                <i>1 0 0 0 1 0 0 0 1 0 0 0</i>
                <i>1 0 0 0 1 0 0 0 1 0 0 0</i>
                <i>1 0 0 0 1 0 0 0 1 0 0 0</i>
                <i>1 0 0 0 1 0 0 0 1 0 0 0</i>
                <i>1 0 0 0 1 0 0 0 1 0 0 0</i>
                <i>1 0 0 0 1 0 0 0 1 0 0 0</i>
                <i>1 0 0 0 1 0 0 0 1 0 0 0</i>
                <i>1 0 0 0 1 0 0 0 1 0 0 0</i>
                <i>1 0 0 0 1 0 0 0 1 0 0 0</i>
                <i>1 0 0 0 1 0 0 0 1 0 0 0</i>
                <i>1 0 0 0 1 0 0 0 1 0 0 0</i>
                <i>1 0 0 0 1 0 0 0 1 0 0 0</i>
                <i>1 0 0 0 1 0 0 0 1 0 0 0</i>
                <i>1 0 0 0 1 0 0 0 1 0 0 0</i>
                <i>1 0 0 0 1 0 0 0 1 0 0 0</i>
                <i>1 0 0 0 1 0 0 0 1 0 0 0</i>
                <i>1 0 0 0 1 0 0 0 1 0 0 0</i>
                <i>1 0 0 0 1 0 0 0 1 0 0 0</i>
                <i>1 0 0 0 1 0 0 0 1 0 0 0</i>
                <i>1 0 0 0 1 0 0 0 1 0 0 0</i>
                <i>1 0 0 0 1 0 0 0 1 0 0 0</i>
                <i>1 0 0 0 1 0 0 0 1 0 0 0</i>
                <i>1 0 0 0 1 0 0 0 1 0 0 0</i>
                <i>1 0 0 0 1 0 0 0 1 0 0 0</i>
                <i>1 0 0 0 1 0 0 0 1 0 0 0</i>
                <i>1 0 0 0 1 0 0 0 1 0 0 0</i>
                <i>1 0 0 0 1 0 0 0 1 0 0 0</i>
                <i>1 0 0 0 1 0 0 0 1 0 0 0</i>
                <i>1 0 0 0 1 0 0 0 1 0 0 0</i>
                <i>1 0 0 0 1 0 0 0 1 0 0 0</i>
                <i>1 0 0 0 1 0 0 0 1 0 0 0</i>
                <i>1 0 0 0 1 0 0 0 1 0 0 0</i>
                <i>1 0 0 0 1 0 0 0 1 0 0 0</i>
                <i>1 0 0 0 1 0 0 0 1 0 0 0</i>
            </KeyFrames>
        </RefFrame>
        <Bones count="29">
            <i>
                <p>
                    <Name>
                        <![CDATA[mi12_homer_root]]>
</Name>
                    <Exclude>0</Exclude>
                    <Additive>0</Additive>
                    <IKPriority>0</IKPriority>
                    <IKRotLimits>-1e+010 -1e+010 -1e+010 1e+010 1e+010 1e+010</IKRotLimits>
                    <IKRotLimitOrder>0</IKRotLimitOrder>
                    <KeyFrames count="60">
                        <i>1 0 0 0 0.992856 0.119319 0 -0.119319 0.992856 0 22.0914 0</i>
                        <i>0.999973 0.0073821 -5.42101e-020 -0.00734512 0.994963 0.0999705 0.000737993 -0.0999678 0.99499 -0.568245 22.6526 -0.0223629</i>
                        <i>0.999715 0.02389 0 -0.0237474 0.993745 0.10912 0.00260687 -0.109089 0.994029 -0.365989 22.3549 -0.0159701</i>
                        <i>0.998512 0.0545269 -4.33681e-019 -0.0540917 0.990543 0.126086 0.00687507 -0.125898 0.992019 -0.816575 22.8757 0.0427562</i>
                        <i>0.997476 0.0710043 0 -0.0703523 0.988317 0.135207 0.00960024 -0.134865 0.990817 -1.25108 23.3975 0.113041</i>
                        <i>0.997712 0.0676032 -8.67362e-019 -0.0670537 0.989602 0.127243 0.00860206 -0.126952 0.991872 -1.33703 23.4628 0.183069</i>
                        <i>0.99812 0.0612849 -4.33681e-019 -0.0608963 0.991791 0.112433 0.00689047 -0.112222 0.993659 -1.31315 23.4076 0.254762</i>
                        <i>0.998323 0.0578816 0 -0.057565 0.992863 0.104448 0.00604563 -0.104273 0.99453 -1.34318 23.6063 0.325286</i>
                        <i>0.996597 0.0824311 8.67362e-019 -0.0819225 0.990448 0.110913 0.00914268 -0.110536 0.99383 -1.51275 24.2515 0.393062</i>
                        <i>0.99179 0.127879 0 -0.12691 0.98427 0.122906 0.0157172 -0.121897 0.992418 -1.73622 25.1506 0.459669</i>
                        <i>0.988343 0.152247 0 -0.150968 0.980039 0.129357 0.0196942 -0.127849 0.991598 -1.92042 26.1001 0.527007</i>
                        <i>0.989677 0.143318 0 -0.142248 0.982293 0.121922 0.0174736 -0.120664 0.99254 -1.87719 27.2339 0.598639</i>
                        <i>0.974893 0.222672 0 -0.220926 0.967247 0.125004 0.027835 -0.121866 0.992156 -2.46124 27.172 0.680605</i>
                        <i>0.97898 0.203956 0 -0.202485 0.97192 0.11988 0.0244503 -0.117361 0.992788 -2.3648 28.053 0.662452</i>
                        <i>0.982708 0.185164 0 -0.183941 0.976216 0.114753 0.0212482 -0.112769 0.993394 -2.27254 28.8443 0.636939</i>
                        <i>0.980288 0.197575 0 -0.196179 0.973363 0.118647 0.0234418 -0.116309 0.992936 -2.66995 28.7355 0.660044</i>
                        <i>0.977711 0.209954 0 -0.208372 0.970343 0.12254 0.0257277 -0.119808 0.992464 -3.02178 28.6014 0.672797</i>
                        <i>0.985464 0.169884 0 -0.168614 0.978098 0.122036 0.0207321 -0.120263 0.992526 -2.98931 29.1831 0.637288</i>
                        <i>0.996728 0.0808292 -8.67362e-019 -0.080236 0.989413 0.120929 0.00977462 -0.120534 0.992661 -2.84826 29.9551 0.586448</i>
                        <i>0.999961 -0.00887696 0 0.008813 0.992756 0.119822 -0.00106365 -0.119817 0.992795 -2.68012 30.3779 0.535831</i>
                        <i>0.998766 -0.0496724 0 0.0493176 0.99163 0.119319 -0.00592685 -0.119171 0.992856 -2.56638 29.8157 0.500994</i>
                        <i>0.997185 -0.0749803 0 0.0744177 0.989703 0.122271 -0.00916793 -0.121927 0.992497 -2.72484 28.5092 0.563986</i>
                        <i>0.995744 -0.0921641 0 0.0914893 0.988452 0.120795 -0.011133 -0.120281 0.992677 -2.66427 28.644 0.547379</i>
                        <i>0.994007 -0.109321 0 0.10854 0.986905 0.119319 -0.013044 -0.118603 0.992856 -2.54304 28.7695 0.495624</i>
                        <i>0.992072 -0.125667 0 0.124769 0.984985 0.119319 -0.0149944 -0.118373 0.992856 -2.40674 28.1717 0.400724</i>
                        <i>0.987768 -0.155931 0 0.154817 0.980711 0.119319 -0.0186054 -0.117859 0.992856 -2.25346 27.3528 0.288977</i>
                        <i>0.985068 -0.172168 1.73472e-018 0.170938 0.97803 0.119319 -0.0205429 -0.117537 0.992856 -2.07931 26.6718 0.203561</i>
                        <i>0.985283 -0.170931 -1.73472e-018 0.16971 0.978244 0.119319 -0.0203953 -0.117563 0.992856 -1.8884 26.3643 0.181367</i>
                        <i>0.985679 -0.168633 0 0.167428 0.978637 0.119319 -0.0201211 -0.11761 0.992856 -1.67661 26.1947 0.185505</i>
                        <i>0.98589 -0.167395 1.73472e-018 0.1662 0.978847 0.119319 -0.0199734 -0.117635 0.992856 -1.42773 25.815 0.148473</i>
                        <i>0.989183 -0.146685 0 0.145612 0.981943 0.120771 -0.0177153 -0.119464 0.99268 -0.987969 24.269 -0.116909</i>
                        <i>0.989309 -0.145832 0 0.14481 0.982375 0.118189 -0.0172357 -0.116926 0.992991 -1.16331 24.5102 -0.148323</i>
                        <i>0.98957 -0.144052 -1.73472e-018 0.143022 0.982491 0.119399 -0.0171998 -0.118154 0.992846 -0.980857 23.725 -0.167571</i>
                        <i>0.989828 -0.142273 0 0.141234 0.982602 0.120609 -0.0171594 -0.119382 0.9927 -0.779379 22.7755 -0.190207</i>
                        <i>0.990169 -0.139876 0 0.138858 0.982965 0.120408 -0.0168422 -0.119224 0.992725 -0.689786 21.8745 -0.226551</i>
                        <i>0.9909 -0.134601 -1.73472e-018 0.133629 0.983744 0.119964 -0.0161473 -0.118872 0.992778 -0.626247 20.9308 -0.26803</i>
                        <i>0.991603 -0.129322 -8.67362e-019 0.128395 0.984495 0.11952 -0.0154566 -0.118517 0.992832 -0.573891 20.1031 -0.306941</i>
                        <i>0.991913 -0.126921 -1.73472e-018 0.126014 0.984827 0.119319 -0.0151441 -0.118354 0.992856 -0.517846 19.5498 -0.335582</i>
                        <i>0.99201 -0.126162 0 0.125261 0.984923 0.119319 -0.0150535 -0.118365 0.992856 -0.451136 19.2105 -0.356164</i>
                        <i>0.992285 -0.12398 0 0.123095 0.985196 0.119319 -0.0147932 -0.118398 0.992856 -0.378998 18.9211 -0.375685</i>
                        <i>0.992711 -0.120517 0 0.119656 0.985619 0.119319 -0.0143799 -0.118449 0.992856 -0.304877 18.6849 -0.393626</i>
                        <i>0.993259 -0.115912 0 0.115084 0.986164 0.119319 -0.0138304 -0.118514 0.992856 -0.232224 18.5052 -0.409469</i>
                        <i>0.993898 -0.110307 0 0.109519 0.986797 0.119319 -0.0131616 -0.11859 0.992856 -0.164483 18.3854 -0.422694</i>
                        <i>0.994594 -0.103842 0 0.1031 0.987488 0.119319 -0.0123903 -0.118674 0.992856 -0.105104 18.3287 -0.432783</i>
                        <i>0.995318 -0.0966597 0 0.0959691 0.988207 0.119319 -0.0115333 -0.11876 0.992856 -0.0575329 18.3384 -0.439217</i>
                        <i>0.996041 -0.0889006 0 0.0882655 0.988925 0.119319 -0.0106075 -0.118846 0.992856 -0.0252175 18.418 -0.441477</i>
                        <i>0.996738 -0.0807073 0 0.0801308 0.989617 0.119319 -0.00962989 -0.118929 0.992856 -0.00455402 18.5711 -0.435042</i>
                        <i>0.997389 -0.0722225 8.67362e-019 0.0717065 0.990263 0.119319 -0.00861748 -0.119007 0.992856 0.0107665 18.7912 -0.417022</i>
                        <i>0.997976 -0.0635893 0 0.063135 0.990847 0.119319 -0.00758738 -0.119077 0.992856 0.0213543 19.0657 -0.38935</i>
                        <i>0.998489 -0.0549513 0 0.0545587 0.991356 0.119319 -0.00655671 -0.119138 0.992856 0.0278196 19.382 -0.353954</i>
                        <i>0.998921 -0.0464525 -4.33681e-019 0.0461206 0.991784 0.119319 -0.00554265 -0.11919 0.992856 0.0307727 19.7276 -0.312767</i>
                        <i>0.999269 -0.0382369 0 0.0379638 0.99213 0.119319 -0.00456238 -0.119231 0.992856 0.0308239 20.0901 -0.267718</i>
                        <i>0.999536 -0.0304489 0 0.0302313 0.992396 0.119319 -0.00363312 -0.119263 0.992856 0.0285836 20.4568 -0.220739</i>
                        <i>0.99973 -0.0232325 0 0.0230665 0.992588 0.119319 -0.00277207 -0.119286 0.992856 0.0246619 20.8153 -0.173759</i>
                        <i>0.99986 -0.016732 0 0.0166124 0.992717 0.119319 -0.00199643 -0.119302 0.992856 0.0196692 21.153 -0.128711</i>
                        <i>0.999938 -0.0110912 0 0.0110119 0.992795 0.119319 -0.00132338 -0.119311 0.992856 0.0142157 21.4574 -0.0875232</i>
                        <i>0.999979 -0.00645401 0 0.0064079 0.992835 0.119319 -0.000770084 -0.119316 0.992856 0.00891175 21.716 -0.0521278</i>
                        <i>0.999996 -0.00296408 2.71051e-020 0.00294291 0.992852 0.119319 -0.00035367 -0.119318 0.992856 0.00436764 21.9162 -0.0244551</i>
                        <i>1 -0.000764929 0 0.000759464 0.992856 0.119319 -9.12702e-005 -0.119319 0.992856 0.00119363 22.0455 -0.00643556</i>
                        <i>1 0 0 0 0.992856 0.119319 0 -0.119319 0.992856 0 22.0914 0</i>
                    </KeyFrames>
                </p>
            </i>
            <i>
                <p>
                    <Name>
                        <![CDATA[engine_r]]>
</Name>
                    <Exclude>0</Exclude>
                    <Additive>0</Additive>
                    <IKPriority>0</IKPriority>
                    <IKRotLimits>-1e+010 -1e+010 -1e+010 1e+010 1e+010 1e+010</IKRotLimits>
                    <IKRotLimitOrder>0</IKRotLimitOrder>
                    <KeyFrames count="60">
                        <i>1 0 0 0 0.992856 0.119319 0 -0.119319 0.992856 -31.8254 21.7941 3.59401</i>
                        <i>0.999055 0.0433041 0.00360981 -0.0434481 0.994048 0.0999053 0.000737993 -0.0999678 0.99499 -32.3901 22.0437 3.562</i>
                        <i>0.996674 0.0812432 0.00630214 -0.0814456 0.990706 0.108938 0.00260687 -0.109089 0.994029 -32.1705 21.0998 3.55515</i>
                        <i>0.994689 0.102739 0.00614518 -0.102693 0.986709 0.125936 0.00687507 -0.125898 0.992019 -32.5664 20.6218 3.60955</i>
                        <i>0.995027 0.0995264 0.00390601 -0.0991392 0.985853 0.13515 0.00960024 -0.134865 0.990817 -32.9627 20.6672 3.68587</i>
                        <i>0.997066 0.0765356 0.00114888 -0.0760593 0.988952 0.127238 0.00860206 -0.126952 0.991872 -33.0652 20.9496 3.7699</i>
                        <i>0.99812 0.0612849 -4.33681e-019 -0.0608963 0.991791 0.112433 0.00689047 -0.112222 0.993659 -33.0621 21.1853 3.85074</i>
                        <i>0.998323 0.0578816 0 -0.057565 0.992863 0.104448 0.00604563 -0.104273 0.99453 -33.1012 21.5212 3.92334</i>
                        <i>0.996597 0.0824311 8.67362e-019 -0.0819225 0.990448 0.110913 0.00914268 -0.110536 0.99383 -33.2079 21.3622 3.98946</i>
                        <i>0.99179 0.127879 0 -0.12691 0.98427 0.122906 0.0157172 -0.121897 0.992418 -33.2607 20.773 4.05258</i>
                        <i>0.988343 0.152247 0 -0.150968 0.980039 0.129357 0.0196942 -0.127849 0.991598 -33.3241 20.925 4.11782</i>
                        <i>0.989677 0.143318 0 -0.142248 0.982293 0.121922 0.0174736 -0.120664 0.99254 -33.3301 22.3692 4.19185</i>
                        <i>0.974893 0.222672 0 -0.220926 0.967247 0.125004 0.027835 -0.121866 0.992156 -33.4169 19.7755 4.27285</i>
                        <i>0.97898 0.203956 0 -0.202485 0.97192 0.11988 0.0244503 -0.117361 0.992788 -33.4602 21.269 4.25629</i>
                        <i>0.982708 0.185164 0 -0.183941 0.976216 0.114753 0.0212482 -0.112769 0.993394 -33.4957 22.6755 4.23228</i>
                        <i>0.980288 0.197575 0 -0.196179 0.973363 0.118647 0.0234418 -0.116309 0.992936 -33.8098 22.1585 4.25425</i>
                        <i>0.977711 0.209954 0 -0.208372 0.970343 0.12254 0.0257277 -0.119808 0.992464 -34.073 21.6174 4.26582</i>
                        <i>0.985464 0.169884 0 -0.168614 0.978098 0.122036 0.0207321 -0.120263 0.992526 -34.3 23.4738 4.23047</i>
                        <i>0.996728 0.0808292 -8.67362e-019 -0.080236 0.989413 0.120929 0.00977462 -0.120534 0.992661 -34.5451 27.0806 4.17997</i>
                        <i>0.999961 -0.00887696 0 0.008813 0.992756 0.119822 -0.00106365 -0.119817 0.992795 -34.507 30.3614 4.12969</i>
                        <i>0.998766 -0.0496724 0 0.0493176 0.99163 0.119319 -0.00592685 -0.119171 0.992856 -34.3673 31.0997 4.095</i>
                        <i>0.997185 -0.0749803 0 0.0744177 0.989703 0.122271 -0.00916793 -0.121927 0.992497 -34.4838 30.5884 4.15709</i>
                        <i>0.995744 -0.0921641 0 0.0914893 0.988452 0.120795 -0.011133 -0.120281 0.992677 -34.3822 31.2759 4.14094</i>
                        <i>0.994007 -0.109321 0 0.10854 0.986905 0.119319 -0.013044 -0.118603 0.992856 -34.2102 31.9532 4.08963</i>
                        <i>0.992072 -0.125667 0 0.124769 0.984985 0.119319 -0.0149944 -0.118373 0.992856 -34.0172 31.8762 3.99473</i>
                        <i>0.987768 -0.155931 0 0.154817 0.980711 0.119319 -0.0186054 -0.117859 0.992856 -33.736 32.0218 3.88298</i>
                        <i>0.985068 -0.172168 1.73472e-018 0.170938 0.97803 0.119319 -0.0205429 -0.117537 0.992856 -33.4807 31.8583 3.79757</i>
                        <i>0.985283 -0.170931 -1.73472e-018 0.16971 0.978244 0.119319 -0.0203953 -0.117563 0.992856 -33.2963 31.5114 3.77537</i>
                        <i>0.985679 -0.168633 0 0.167428 0.978637 0.119319 -0.0201211 -0.11761 0.992856 -33.0964 31.2685 3.77951</i>
                        <i>0.98589 -0.167395 1.73472e-018 0.1662 0.978847 0.119319 -0.0199734 -0.117635 0.992856 -32.8539 30.8493 3.74248</i>
                        <i>0.989183 -0.146685 0 0.145612 0.981943 0.120771 -0.0177153 -0.119464 0.99268 -32.5135 28.638 3.47666</i>
                        <i>0.989309 -0.145832 0 0.14481 0.982375 0.118189 -0.0172357 -0.116926 0.992991 -32.6913 28.8613 3.44602</i>
                        <i>0.98957 -0.144052 -1.73472e-018 0.143022 0.982491 0.119399 -0.0171998 -0.118154 0.992846 -32.5172 28.0151 3.42641</i>
                        <i>0.989828 -0.142273 0 0.141234 0.982602 0.120609 -0.0171594 -0.119382 0.9927 -32.324 27.0045 3.40341</i>
                        <i>0.990169 -0.139876 0 0.138858 0.982965 0.120408 -0.0168422 -0.119224 0.992725 -32.2445 26.0279 3.36713</i>
                        <i>0.9909 -0.134601 -1.73472e-018 0.133629 0.983744 0.119964 -0.0161473 -0.118872 0.992778 -32.2024 24.9177 3.32578</i>
                        <i>0.991603 -0.129322 -8.67362e-019 0.128395 0.984495 0.11952 -0.0154566 -0.118517 0.992832 -32.1706 23.9233 3.28701</i>
                        <i>0.991913 -0.126921 -1.73472e-018 0.126014 0.984827 0.119319 -0.0151441 -0.118354 0.992856 -32.1236 23.2943 3.25843</i>
                        <i>0.99201 -0.126162 0 0.125261 0.984923 0.119319 -0.0150535 -0.118365 0.992856 -32.0598 22.9308 3.23784</i>
                        <i>0.992285 -0.12398 0 0.123095 0.985196 0.119319 -0.0147932 -0.118398 0.992856 -31.9958 22.5719 3.21832</i>
                        <i>0.992711 -0.120517 0 0.119656 0.985619 0.119319 -0.0143799 -0.118449 0.992856 -31.9342 22.2253 3.20038</i>
                        <i>0.993259 -0.115912 0 0.115084 0.986164 0.119319 -0.0138304 -0.118514 0.992856 -31.8776 21.8989 3.18454</i>
                        <i>0.993898 -0.110307 0 0.109519 0.986797 0.119319 -0.0131616 -0.11859 0.992856 -31.8285 21.6005 3.17131</i>
                        <i>0.994594 -0.103842 0 0.1031 0.987488 0.119319 -0.0123903 -0.118674 0.992856 -31.7894 21.3378 3.16122</i>
                        <i>0.995318 -0.0966597 0 0.0959691 0.988207 0.119319 -0.0115333 -0.11876 0.992856 -31.7627 21.1188 3.15479</i>
                        <i>0.996041 -0.0889006 0 0.0882655 0.988925 0.119319 -0.0106075 -0.118846 0.992856 -31.7511 20.9512 3.15253</i>
                        <i>0.996738 -0.0807073 0 0.0801308 0.989617 0.119319 -0.00962989 -0.118929 0.992856 -31.7502 20.8434 3.15897</i>
                        <i>0.997389 -0.0722225 8.67362e-019 0.0717065 0.990263 0.119319 -0.00861748 -0.119007 0.992856 -31.753 20.7932 3.17699</i>
                        <i>0.997976 -0.0635893 0 0.063135 0.990847 0.119319 -0.00758738 -0.119077 0.992856 -31.7586 20.7928 3.20466</i>
                        <i>0.998489 -0.0549513 0 0.0545587 0.991356 0.119319 -0.00655671 -0.119138 0.992856 -31.7659 20.834 3.24005</i>
                        <i>0.998921 -0.0464525 -4.33681e-019 0.0461206 0.991784 0.119319 -0.00554265 -0.11919 0.992856 -31.7741 20.9091 3.28124</i>
                        <i>0.999269 -0.0382369 0 0.0379638 0.99213 0.119319 -0.00456238 -0.119231 0.992856 -31.7827 21.01 3.32629</i>
                        <i>0.999536 -0.0304489 0 0.0302313 0.992396 0.119319 -0.00363312 -0.119263 0.992856 -31.7912 21.1288 3.37327</i>
                        <i>0.99973 -0.0232325 0 0.0230665 0.992588 0.119319 -0.00277207 -0.119286 0.992856 -31.7991 21.2575 3.42025</i>
                        <i>0.99986 -0.016732 0 0.0166124 0.992717 0.119319 -0.00199643 -0.119302 0.992856 -31.8063 21.3883 3.4653</i>
                        <i>0.999938 -0.0110912 0 0.0110119 0.992795 0.119319 -0.00132338 -0.119311 0.992856 -31.8126 21.5132 3.50648</i>
                        <i>0.999979 -0.00645401 0 0.0064079 0.992835 0.119319 -0.000770084 -0.119316 0.992856 -31.8178 21.6241 3.54188</i>
                        <i>0.999996 -0.00296408 2.71051e-020 0.00294291 0.992852 0.119319 -0.00035367 -0.119318 0.992856 -31.8218 21.7133 3.56955</i>
                        <i>1 -0.000764929 0 0.000759464 0.992856 0.119319 -9.12702e-005 -0.119319 0.992856 -31.8245 21.7726 3.58757</i>
                        <i>1 0 0 0 0.992856 0.119319 0 -0.119319 0.992856 -31.8254 21.7941 3.59401</i>
                    </KeyFrames>
                </p>
            </i>
            <i>
                <p>
                    <Name>
                        <![CDATA[propeller_spin_r]]>
</Name>
                    <Exclude>0</Exclude>
                    <Additive>0</Additive>
                    <IKPriority>0</IKPriority>
                    <IKRotLimits>-1e+010 -1e+010 -1e+010 1e+010 1e+010 1e+010</IKRotLimits>
                    <IKRotLimitOrder>0</IKRotLimitOrder>
                    <KeyFrames count="60">
                        <i>1 0 0 0 0.992856 0.119319 0 -0.119319 0.992856 -35.0695 26.8558 4.62448</i>
                        <i>0.875123 0.0861076 -0.476177 -0.0434481 0.994048 0.0999053 0.481945 -0.0667405 0.873656 -35.8544 26.9791 4.48171</i>
                        <i>0.531844 0.135639 -0.835909 -0.0814456 0.990706 0.108938 0.842917 0.0101434 0.537948 -35.822 25.8912 4.51222</i>
                        <i>0.0555955 0.132101 -0.989676 -0.102693 0.986709 0.125936 0.993158 0.0946313 0.0684224 -36.319 25.3158 4.6538</i>
                        <i>-0.432349 0.0796534 -0.898181 -0.0991392 0.985853 0.13515 0.89624 0.147477 -0.418335 -36.697 25.3635 4.78433</i>
                        <i>-0.8117 0.0127021 -0.583937 -0.0760593 0.988952 0.127238 0.579101 0.147693 -0.801766 -36.6877 25.7396 4.837</i>
                        <i>-0.991113 -0.0467365 -0.124538 -0.0608963 0.991791 0.112433 0.118261 0.119018 -0.985824 -36.6107 26.0457 4.84611</i>
                        <i>-0.925992 -0.0922025 0.366111 -0.057565 0.992863 0.104448 -0.373129 0.075643 -0.924691 -36.6336 26.4014 4.87795</i>
                        <i>-0.62821 -0.137713 0.76576 -0.0819225 0.990448 0.110913 -0.773719 0.00694365 -0.633491 -36.8589 26.1477 4.97706</i>
                        <i>-0.170404 -0.1437 0.97484 -0.12691 0.98427 0.122906 -0.977168 -0.102773 -0.18596 -37.1249 25.3746 5.10134</i>
                        <i>0.324145 -0.0745446 0.943066 -0.150968 0.980039 0.129357 -0.933884 -0.184303 0.306421 -37.2993 25.4232 5.19945</i>
                        <i>0.733405 0.0218741 0.67944 -0.142248 0.982293 0.121922 -0.664742 -0.186068 0.72353 -37.2657 26.911 5.2356</i>
                        <i>0.951188 0.18537 0.246739 -0.220926 0.967247 0.125004 -0.215485 -0.173413 0.960986 -37.7053 23.9819 5.3323</i>
                        <i>0.942143 0.226735 -0.246897 -0.202485 0.97192 0.11988 0.267145 -0.0629516 0.961598 -37.6683 25.5621 5.28963</i>
                        <i>0.701817 0.212175 -0.680025 -0.183941 0.976216 0.114753 0.688199 0.0445488 0.724153 -37.6217 27.0535 5.23947</i>
                        <i>0.280631 0.17167 -0.944339 -0.196179 0.973363 0.118647 0.939553 0.151964 0.306834 -37.9901 26.4802 5.2813</i>
                        <i>-0.208477 0.0783447 -0.974884 -0.208372 0.970343 0.12254 0.955572 0.228685 -0.18597 -38.3068 25.8819 5.31271</i>
                        <i>-0.644133 -0.0156245 -0.764754 -0.168614 0.978098 0.122036 0.746098 0.207556 -0.63266 -38.3563 27.908 5.2748</i>
                        <i>-0.930333 -0.0307818 -0.365422 -0.080236 0.989413 0.120929 0.357831 0.141825 -0.922953 -38.1875 31.8618 5.21865</i>
                        <i>-0.992209 -0.00621014 0.12443 0.008813 0.992756 0.119822 -0.124273 0.119985 -0.984967 -37.706 35.4511 5.16273</i>
                        <i>-0.811502 -0.0298614 0.583587 0.0493176 0.99163 0.119319 -0.582265 0.125608 -0.803237 -37.3559 36.3162 5.12547</i>
                        <i>-0.432876 -0.0783979 0.898038 0.0744177 0.989703 0.122271 -0.898376 0.119758 -0.422585 -37.3394 35.876 5.20262</i>
                        <i>0.0514127 -0.125831 0.990719 0.0914893 0.988452 0.120795 -0.994478 0.0844297 0.0623311 -37.146 36.6134 5.17894</i>
                        <i>0.521602 -0.158717 0.838296 0.10854 0.986905 0.119319 -0.846257 0.0287515 0.531999 -36.8815 37.3392 5.1201</i>
                        <i>0.862136 -0.167149 0.478312 0.124769 0.984985 0.119319 -0.491074 -0.0431904 0.870046 -36.5995 37.3055 5.0252</i>
                        <i>0.987768 -0.155931 1.42648e-007 0.154817 0.980711 0.119319 -0.0186056 -0.117859 0.992856 -36.1511 37.5274 4.91346</i>
                        <i>0.873118 -0.0942481 -0.478312 0.170938 0.97803 0.119319 0.456558 -0.185941 0.870046 -35.8049 37.4029 4.82804</i>
                        <i>0.545161 0.0076719 -0.838296 0.16971 0.978244 0.119319 0.820974 -0.207315 0.531999 -35.6274 37.0531 4.80585</i>
                        <i>0.0819725 0.106789 -0.990897 0.167428 0.978637 0.119319 0.982471 -0.175685 0.0623418 -35.4404 36.8047 4.80999</i>
                        <i>-0.401699 0.177713 -0.898363 0.1662 0.978847 0.119319 0.900564 -0.101377 -0.422737 -35.2049 36.3826 4.77295</i>
                        <i>-0.789853 0.18889 -0.583483 0.145612 0.981943 0.120771 0.595759 0.0104292 -0.803095 -34.9803 34.1193 4.51453</i>
                        <i>-0.979348 0.159336 -0.124455 0.14481 0.982375 0.118189 0.141094 0.097726 -0.985161 -35.1623 34.3431 4.47073</i>
                        <i>-0.92641 0.090441 0.365492 0.143022 0.982491 0.119399 -0.348294 0.162886 -0.923125 -34.9983 33.4912 4.4573</i>
                        <i>-0.644161 -0.00129774 0.764889 0.141234 0.982602 0.120609 -0.751738 0.18572 -0.632771 -34.8151 32.4749 4.44046</i>
                        <i>-0.202083 -0.0909019 0.975141 0.138858 0.982965 0.120408 -0.969474 0.159739 -0.186018 -34.7488 31.4925 4.40315</i>
                        <i>0.290847 -0.154648 0.944188 0.133629 0.983744 0.119964 -0.947392 0.0912796 0.306785 -34.7357 30.3693 4.35955</i>
                        <i>0.712267 -0.175402 0.67964 0.128395 0.984495 0.11952 -0.690066 0.00213189 0.723744 -34.7329 29.3618 4.31851</i>
                        <i>0.956984 -0.152367 0.246913 0.126014 0.984827 0.119319 -0.261347 -0.0830714 0.961664 -34.699 28.7267 4.2889</i>
                        <i>0.964588 -0.0927625 -0.246913 0.125261 0.984923 0.119319 0.232122 -0.146022 0.961664 -34.6393 28.3613 4.26832</i>
                        <i>0.733472 -0.00932897 -0.679656 0.123095 0.985196 0.119319 0.668481 -0.171179 0.723761 -34.5872 27.9967 4.2488</i>
                        <i>0.32044 0.07541 -0.944262 0.119656 0.985619 0.119319 0.939681 -0.151221 0.306809 -34.5446 27.6411 4.23085</i>
                        <i>-0.172533 0.138135 -0.97527 0.115084 0.986164 0.119319 0.978258 -0.0916513 -0.186043 -34.5131 27.3025 4.21501</i>
                        <i>-0.623393 0.161688 -0.765009 0.109519 0.986797 0.119319 0.774201 -0.00940044 -0.63287 -34.4944 26.9891 4.20179</i>
                        <i>-0.920188 0.140237 -0.365496 0.1031 0.987488 0.119319 0.377655 0.0721129 -0.923134 -34.4903 26.709 4.1917</i>
                        <i>-0.988915 0.0810129 0.124438 0.0959691 0.988207 0.119319 -0.113304 0.129938 -0.985027 -34.5023 26.4703 4.18526</i>
                        <i>-0.812049 0.0020661 0.583586 0.0882655 0.988925 0.119319 -0.576876 0.148403 -0.803237 -34.5323 26.2812 4.183</i>
                        <i>-0.433104 -0.0732469 0.898363 0.0801308 0.989617 0.119319 -0.897775 0.123664 -0.422738 -34.5751 26.1504 4.18944</i>
                        <i>0.0540268 -0.123307 0.990897 0.0717065 0.990263 0.119319 -0.995961 0.0646073 0.0623427 -34.6231 26.076 4.20746</i>
                        <i>0.528336 -0.134613 0.838296 0.063135 0.990847 0.119319 -0.846685 -0.0101146 0.531999 -34.6742 26.0505 4.23513</i>
                        <i>0.871824 -0.10555 0.478312 0.0545587 0.991356 0.119319 -0.486772 -0.0779287 0.870046 -34.7269 26.0663 4.27053</i>
                        <i>0.998921 -0.0464526 7.49748e-007 0.0461206 0.991784 0.119319 -0.0055434 -0.11919 0.992856 -34.7796 26.116 4.31171</i>
                        <i>0.877864 0.0239329 -0.478313 0.0379638 0.99213 0.119319 0.477404 -0.122904 0.870046 -34.8309 26.192 4.35676</i>
                        <i>0.538646 0.084382 -0.838296 0.0302313 0.992396 0.119319 0.84199 -0.0896133 0.531999 -34.8796 26.2869 4.40374</i>
                        <i>0.0655406 0.117592 -0.990897 0.0230665 0.992588 0.119319 0.997583 -0.0306768 0.0623424 -34.9247 26.3932 4.45072</i>
                        <i>-0.423912 0.115072 -0.898363 0.0166124 0.992717 0.119319 0.905551 0.0356566 -0.422737 -34.9652 26.5036 4.49577</i>
                        <i>-0.80819 0.0791023 -0.583586 0.0110119 0.992795 0.119319 0.588819 0.0900057 -0.803238 -35.0003 26.6105 4.53696</i>
                        <i>-0.991997 0.0213574 -0.124438 0.0064079 0.992835 0.119319 0.126095 0.117566 -0.985027 -35.0291 26.7067 4.57235</i>
                        <i>-0.929903 -0.0411679 0.365494 0.00294291 0.992852 0.119319 -0.367794 0.11203 -0.923134 -35.0509 26.7845 4.60003</i>
                        <i>-0.637495 -0.0914489 0.765008 0.000759464 0.992856 0.119319 -0.770454 0.076646 -0.632871 -35.0647 26.8367 4.61804</i>
                        <i>-0.187381 -0.117205 0.97527 0 0.992856 0.119319 -0.982287 0.022358 -0.186042 -35.0695 26.8558 4.62448</i>
                    </KeyFrames>
                </p>
            </i>
            <i>
                <p>
                    <Name>
                        <![CDATA[propeller_lift_r]]>
</Name>
                    <Exclude>0</Exclude>
                    <Additive>0</Additive>
                    <IKPriority>0</IKPriority>
                    <IKRotLimits>-1e+010 -1e+010 -1e+010 1e+010 1e+010 1e+010</IKRotLimits>
                    <IKRotLimitOrder>0</IKRotLimitOrder>
                    <KeyFrames count="60">
                        <i>1 0 0 0 0.992856 0.119319 0 -0.119319 0.992856 -35.0695 28.3317 4.80185</i>
                        <i>0.875123 0.0861076 -0.476177 -0.0434481 0.994048 0.0999053 0.481945 -0.0667405 0.873656 -35.9276 28.6538 4.65002</i>
                        <i>0.531844 0.135639 -0.835909 -0.0814456 0.990706 0.108938 0.842917 0.0101434 0.537948 -35.9764 27.7693 4.71875</i>
                        <i>0.0555955 0.132101 -0.989676 -0.102693 0.986709 0.125936 0.993158 0.0946313 0.0684224 -36.5366 27.4059 4.92057</i>
                        <i>-0.432349 0.0796534 -0.898181 -0.0991392 0.985853 0.13515 0.89624 0.147477 -0.418335 -36.93 27.6805 5.10197</i>
                        <i>-0.8117 0.0127021 -0.583937 -0.0760593 0.988952 0.127238 0.579101 0.147693 -0.801766 -36.8847 28.3013 5.16658</i>
                        <i>-0.991113 -0.0467365 -0.124538 -0.0608963 0.991791 0.112433 0.118261 0.119018 -0.985824 -36.7834 28.8588 5.16501</i>
                        <i>-0.925992 -0.0922025 0.366111 -0.057565 0.992863 0.104448 -0.373129 0.075643 -0.924691 -36.8113 29.4665 5.2004</i>
                        <i>-0.62821 -0.137713 0.76576 -0.0819225 0.990448 0.110913 -0.773719 0.00694365 -0.633491 -37.1325 29.4564 5.34758</i>
                        <i>-0.170404 -0.1437 0.97484 -0.12691 0.98427 0.122906 -0.977168 -0.102773 -0.18596 -37.5812 28.9133 5.54322</i>
                        <i>0.324145 -0.0745446 0.943066 -0.150968 0.980039 0.129357 -0.933884 -0.184303 0.306421 -37.8804 29.1958 5.69739</i>
                        <i>0.733405 0.0218741 0.67944 -0.142248 0.982293 0.121922 -0.664742 -0.186068 0.72353 -37.8491 30.9396 5.73563</i>
                        <i>0.951188 0.18537 0.246739 -0.220926 0.967247 0.125004 -0.215485 -0.173413 0.960986 -38.6661 28.1885 5.87595</i>
                        <i>0.942143 0.226735 -0.246897 -0.202485 0.97192 0.11988 0.267145 -0.0629516 0.961598 -38.598 30.0244 5.84003</i>
                        <i>0.701817 0.212175 -0.680025 -0.183941 0.976216 0.114753 0.688199 0.0445488 0.724153 -38.5095 31.7649 5.79328</i>
                        <i>0.280631 0.17167 -0.944339 -0.196179 0.973363 0.118647 0.939553 0.151964 0.306834 -38.9812 31.3976 5.8807</i>
                        <i>-0.208477 0.0783447 -0.974884 -0.208372 0.970343 0.12254 0.955572 0.228685 -0.18597 -39.4043 30.9927 5.95813</i>
                        <i>-0.644133 -0.0156245 -0.764754 -0.168614 0.978098 0.122036 0.746098 0.207556 -0.63266 -39.2786 33.2579 5.9423</i>
                        <i>-0.930333 -0.0307818 -0.365422 -0.080236 0.989413 0.120929 0.357831 0.141825 -0.922953 -38.6415 37.4601 5.90289</i>
                        <i>-0.992209 -0.00621014 0.12443 0.008813 0.992756 0.119822 -0.124273 0.119985 -0.984967 -37.6546 41.2398 5.8614</i>
                        <i>-0.811502 -0.0298614 0.583587 0.0493176 0.99163 0.119319 -0.582265 0.125608 -0.803237 -37.0607 42.2522 5.83972</i>
                        <i>-0.432876 -0.0783979 0.898038 0.0744177 0.989703 0.122271 -0.898376 0.119758 -0.422585 -36.8838 41.9349 5.95116</i>
                        <i>0.0514127 -0.125831 0.990719 0.0914893 0.988452 0.120795 -0.994478 0.0844297 0.0623311 -36.5754 42.7785 5.93234</i>
                        <i>0.521602 -0.158717 0.838296 0.10854 0.986905 0.119319 -0.846257 0.0287515 0.531999 -36.1945 43.5858 5.87533</i>
                        <i>0.862136 -0.167149 0.478312 0.124769 0.984985 0.119319 -0.491074 -0.0431904 0.870046 -35.8013 43.607 5.78855</i>
                        <i>0.987768 -0.155931 1.42648e-007 0.154817 0.980711 0.119319 -0.0186056 -0.117859 0.992856 -35.1541 43.8429 5.68183</i>
                        <i>0.873118 -0.0942481 -0.478312 0.170938 0.97803 0.119319 0.456558 -0.185941 0.870046 -34.7016 43.7152 5.59813</i>
                        <i>0.545161 0.0076719 -0.838296 0.16971 0.978244 0.119319 0.820974 -0.207315 0.531999 -34.5328 43.3627 5.57545</i>
                        <i>0.0819725 0.106789 -0.990897 0.167428 0.978637 0.119319 0.982471 -0.175685 0.0623418 -34.3626 43.1051 5.57815</i>
                        <i>-0.401699 0.177713 -0.898363 0.1662 0.978847 0.119319 0.900564 -0.101377 -0.422737 -34.1382 42.6649 5.53874</i>
                        <i>-0.789853 0.18889 -0.583483 0.145612 0.981943 0.120771 0.595759 0.0104292 -0.803095 -34.0497 40.3945 5.28633</i>
                        <i>-0.979348 0.159336 -0.124455 0.14481 0.982375 0.118189 0.141094 0.097726 -0.985161 -34.2419 40.587 5.22194</i>
                        <i>-0.92641 0.090441 0.365492 0.143022 0.982491 0.119399 -0.348294 0.162886 -0.923125 -34.0952 39.695 5.21121</i>
                        <i>-0.644161 -0.00129774 0.764889 0.141234 0.982602 0.120609 -0.751738 0.18572 -0.632771 -33.9302 38.6317 5.19618</i>
                        <i>-0.202083 -0.0909019 0.975141 0.138858 0.982965 0.120408 -0.969474 0.159739 -0.186018 -33.8864 37.5976 5.15099</i>
                        <i>0.290847 -0.154648 0.944188 0.133629 0.983744 0.119964 -0.947392 0.0912796 0.306785 -33.9139 36.4191 5.09729</i>
                        <i>0.712267 -0.175402 0.67964 0.128395 0.984495 0.11952 -0.690066 0.00213189 0.723744 -33.9519 35.35 5.04549</i>
                        <i>0.956984 -0.152367 0.246913 0.126014 0.984827 0.119319 -0.261347 -0.0830714 0.961664 -33.9417 34.6452 5.00596</i>
                        <i>0.964588 -0.0927625 -0.246913 0.125261 0.984923 0.119319 0.232122 -0.146022 0.961664 -33.8964 34.2031 4.97602</i>
                        <i>0.733472 -0.00932897 -0.679656 0.123095 0.985196 0.119319 0.668481 -0.171179 0.723761 -33.8674 33.7577 4.94652</i>
                        <i>0.32044 0.07541 -0.944262 0.119656 0.985619 0.119319 0.939681 -0.151221 0.306809 -33.8555 33.3172 4.918</i>
                        <i>-0.172533 0.138135 -0.97527 0.115084 0.986164 0.119319 0.978258 -0.0916513 -0.186043 -33.8611 32.8897 4.89102</i>
                        <i>-0.623393 0.161688 -0.765009 0.109519 0.986797 0.119319 0.774201 -0.00940044 -0.63287 -33.8847 32.4834 4.86612</i>
                        <i>-0.920188 0.140237 -0.365496 0.1031 0.987488 0.119319 0.377655 0.0721129 -0.923134 -33.9268 32.1063 4.84386</i>
                        <i>-0.988915 0.0810129 0.124438 0.0959691 0.988207 0.119319 -0.113304 0.129938 -0.985027 -33.9879 31.7668 4.82477</i>
                        <i>-0.812049 0.0020661 0.583586 0.0882655 0.988925 0.119319 -0.576876 0.148403 -0.803237 -34.0689 31.473 4.80942</i>
                        <i>-0.433104 -0.0732469 0.898363 0.0801308 0.989617 0.119319 -0.897775 0.123664 -0.422738 -34.1635 31.2338 4.80235</i>
                        <i>0.0540268 -0.123307 0.990897 0.0717065 0.990263 0.119319 -0.995961 0.0646073 0.0623427 -34.2631 31.0474 4.80648</i>
                        <i>0.528336 -0.134613 0.838296 0.063135 0.990847 0.119319 -0.846685 -0.0101146 0.531999 -34.3648 30.9066 4.81991</i>
                        <i>0.871824 -0.10555 0.478312 0.0545587 0.991356 0.119319 -0.486772 -0.0779287 0.870046 -34.4662 30.8039 4.84074</i>
                        <i>0.998921 -0.0464526 7.49748e-007 0.0461206 0.991784 0.119319 -0.0055434 -0.11919 0.992856 -34.5649 30.7321 4.86707</i>
                        <i>0.877864 0.0239329 -0.478313 0.0379638 0.99213 0.119319 0.477404 -0.122904 0.870046 -34.659 30.684 4.897</i>
                        <i>0.538646 0.084382 -0.838296 0.0302313 0.992396 0.119319 0.84199 -0.0896133 0.531999 -34.7466 30.6524 4.92862</i>
                        <i>0.0655406 0.117592 -0.990897 0.0230665 0.992588 0.119319 0.997583 -0.0306768 0.0623424 -34.8262 30.6302 4.96005</i>
                        <i>-0.423912 0.115072 -0.898363 0.0166124 0.992717 0.119319 0.905551 0.0356566 -0.422737 -34.8965 30.6103 4.98938</i>
                        <i>-0.80819 0.0791023 -0.583586 0.0110119 0.992795 0.119319 0.588819 0.0900057 -0.803238 -34.9562 30.5856 5.0147</i>
                        <i>-0.991997 0.0213574 -0.124438 0.0064079 0.992835 0.119319 0.126095 0.117566 -0.985027 -35.0043 30.549 5.03412</i>
                        <i>-0.929903 -0.0411679 0.365494 0.00294291 0.992852 0.119319 -0.367794 0.11203 -0.923134 -35.0399 30.4933 5.04574</i>
                        <i>-0.637495 -0.0914489 0.765008 0.000759464 0.992856 0.119319 -0.770454 0.076646 -0.632871 -35.0619 30.4115 5.04765</i>
                        <i>-0.187381 -0.117205 0.97527 0 0.992856 0.119319 -0.982287 0.022358 -0.186042 -35.0695 30.2964 5.03796</i>
                    </KeyFrames>
                </p>
            </i>
            <i>
                <p>
                    <Name>
                        <![CDATA[engine_l]]>
</Name>
                    <Exclude>0</Exclude>
                    <Additive>0</Additive>
                    <IKPriority>0</IKPriority>
                    <IKRotLimits>-1e+010 -1e+010 -1e+010 1e+010 1e+010 1e+010</IKRotLimits>
                    <IKRotLimitOrder>0</IKRotLimitOrder>
                    <KeyFrames count="60">
                        <i>1 0 0 0 0.992856 0.119319 0 -0.119319 0.992856 31.4768 21.7945 3.59133</i>
                        <i>0.999415 -0.0339345 -0.00415071 0.0341795 0.994412 0.0998843 0.000737993 -0.0999678 0.99499 30.9058 22.5973 3.56797</i>
                        <i>0.999085 -0.0421486 -0.00724568 0.0426873 0.993138 0.108879 0.00260687 -0.109089 0.994029 31.1039 22.7497 3.56757</i>
                        <i>0.999974 -0.00106677 -0.00706559 0.00194781 0.992043 0.125888 0.00687507 -0.125898 0.992019 30.63 24.1892 3.6216</i>
