<?xml version="1.0" encoding="ISO-8859-1" ?>
<Animl Version="1">
    <ModellingPackage>
        <![CDATA[Maya.2010]]>
</ModellingPackage>
    <SrcFile>
        <![CDATA[anims\bosses\red\mi12_homer\~src\mi12_homer_death.mb]]>
</SrcFile>
    <FramesPerSecond>30</FramesPerSecond>
    <TotalFrames>301</TotalFrames>
    <Skeleton>
        <RefFrame>
            <Name>
                <![CDATA[mi12_homer_ref_frame]]>
</Name>
            <Exclude>0</Exclude>
            <Additive>0</Additive>
            <IKPriority>0</IKPriority>
            <IKRotLimits>-1e+010 -1e+010 -1e+010 1e+010 1e+010 1e+010</IKRotLimits>
            <IKRotLimitOrder>0</IKRotLimitOrder>
            <KeyFrames count="301">
                <i>1 0 0 0 1 0 0 0 1 0 0 0</i>
                <i>1 0 0 0 1 0 0 0 1 0 0 0</i>
                <i>1 0 0 0 1 0 0 0 1 0 0 0</i>
                <i>1 0 0 0 1 0 0 0 1 0 0 0</i>
                <i>1 0 0 0 1 0 0 0 1 0 0 0</i>
                <i>1 0 0 0 1 0 0 0 1 0 0 0</i>
                <i>1 0 0 0 1 0 0 0 1 0 0 0</i>
                <i>1 0 0 0 1 0 0 0 1 0 0 0</i>
                <i>1 0 0 0 1 0 0 0 1 0 0 0</i>
                <i>1 0 0 0 1 0 0 0 1 0 0 0</i>
                <i>1 0 0 0 1 0 0 0 1 0 0 0</i>
                <i>1 0 0 0 1 0 0 0 1 0 0 0</i>
                <i>1 0 0 0 1 0 0 0 1 0 0 0</i>
                <i>1 0 0 0 1 0 0 0 1 0 0 0</i>
                <i>1 0 0 0 1 0 0 0 1 0 0 0</i>
                <i>1 0 0 0 1 0 0 0 1 0 0 0</i>
                <i>1 0 0 0 1 0 0 0 1 0 0 0</i>
                <i>1 0 0 0 1 0 0 0 1 0 0 0</i>
                <i>1 0 0 0 1 0 0 0 1 0 0 0</i>
                <i>1 0 0 0 1 0 0 0 1 0 0 0</i>
                <i>1 0 0 0 1 0 0 0 1 0 0 0</i>
                <i>1 0 0 0 1 0 0 0 1 0 0 0</i>
                <i>1 0 0 0 1 0 0 0 1 0 0 0</i>
                <i>1 0 0 0 1 0 0 0 1 0 0 0</i>
                <i>1 0 0 0 1 0 0 0 1 0 0 0</i>
                <i>1 0 0 0 1 0 0 0 1 0 0 0</i>
                <i>1 0 0 0 1 0 0 0 1 0 0 0</i>
                <i>1 0 0 0 1 0 0 0 1 0 0 0</i>
                <i>1 0 0 0 1 0 0 0 1 0 0 0</i>
                <i>1 0 0 0 1 0 0 0 1 0 0 0</i>
                <i>1 0 0 0 1 0 0 0 1 0 0 0</i>
                <i>1 0 0 0 1 0 0 0 1 0 0 0</i>
                <i>1 0 0 0 1 0 0 0 1 0 0 0</i>
                <i>1 0 0 0 1 0 0 0 1 0 0 0</i>
                <i>1 0 0 0 1 0 0 0 1 0 0 0</i>
                <i>1 0 0 0 1 0 0 0 1 0 0 0</i>
                <i>1 0 0 0 1 0 0 0 1 0 0 0</i>
                <i>1 0 0 0 1 0 0 0 1 0 0 0</i>
                <i>1 0 0 0 1 0 0 0 1 0 0 0</i>
                <i>1 0 0 0 1 0 0 0 1 0 0 0</i>
                <i>1 0 0 0 1 0 0 0 1 0 0 0</i>
                <i>1 0 0 0 1 0 0 0 1 0 0 0</i>
                <i>1 0 0 0 1 0 0 0 1 0 0 0</i>
                <i>1 0 0 0 1 0 0 0 1 0 0 0</i>
                <i>1 0 0 0 1 0 0 0 1 0 0 0</i>
                <i>1 0 0 0 1 0 0 0 1 0 0 0</i>
                <i>1 0 0 0 1 0 0 0 1 0 0 0</i>
                <i>1 0 0 0 1 0 0 0 1 0 0 0</i>
                <i>1 0 0 0 1 0 0 0 1 0 0 0</i>
                <i>1 0 0 0 1 0 0 0 1 0 0 0</i>
                <i>1 0 0 0 1 0 0 0 1 0 0 0</i>
                <i>1 0 0 0 1 0 0 0 1 0 0 0</i>
                <i>1 0 0 0 1 0 0 0 1 0 0 0</i>
                <i>1 0 0 0 1 0 0 0 1 0 0 0</i>
                <i>1 0 0 0 1 0 0 0 1 0 0 0</i>
                <i>1 0 0 0 1 0 0 0 1 0 0 0</i>
                <i>1 0 0 0 1 0 0 0 1 0 0 0</i>
                <i>1 0 0 0 1 0 0 0 1 0 0 0</i>
                <i>1 0 0 0 1 0 0 0 1 0 0 0</i>
                <i>1 0 0 0 1 0 0 0 1 0 0 0</i>
                <i>1 0 0 0 1 0 0 0 1 0 0 0</i>
                <i>1 0 0 0 1 0 0 0 1 0 0 0</i>
                <i>1 0 0 0 1 0 0 0 1 0 0 0</i>
                <i>1 0 0 0 1 0 0 0 1 0 0 0</i>
                <i>1 0 0 0 1 0 0 0 1 0 0 0</i>
                <i>1 0 0 0 1 0 0 0 1 0 0 0</i>
                <i>1 0 0 0 1 0 0 0 1 0 0 0</i>
                <i>1 0 0 0 1 0 0 0 1 0 0 0</i>
                <i>1 0 0 0 1 0 0 0 1 0 0 0</i>
                <i>1 0 0 0 1 0 0 0 1 0 0 0</i>
                <i>1 0 0 0 1 0 0 0 1 0 0 0</i>
                <i>1 0 0 0 1 0 0 0 1 0 0 0</i>
                <i>1 0 0 0 1 0 0 0 1 0 0 0</i>
                <i>1 0 0 0 1 0 0 0 1 0 0 0</i>
                <i>1 0 0 0 1 0 0 0 1 0 0 0</i>
                <i>1 0 0 0 1 0 0 0 1 0 0 0</i>
                <i>1 0 0 0 1 0 0 0 1 0 0 0</i>
                <i>1 0 0 0 1 0 0 0 1 0 0 0</i>
                <i>1 0 0 0 1 0 0 0 1 0 0 0</i>
                <i>1 0 0 0 1 0 0 0 1 0 0 0</i>
                <i>1 0 0 0 1 0 0 0 1 0 0 0</i>
                <i>1 0 0 0 1 0 0 0 1 0 0 0</i>
                <i>1 0 0 0 1 0 0 0 1 0 0 0</i>
                <i>1 0 0 0 1 0 0 0 1 0 0 0</i>
                <i>1 0 0 0 1 0 0 0 1 0 0 0</i>
                <i>1 0 0 0 1 0 0 0 1 0 0 0</i>
                <i>1 0 0 0 1 0 0 0 1 0 0 0</i>
                <i>1 0 0 0 1 0 0 0 1 0 0 0</i>
                <i>1 0 0 0 1 0 0 0 1 0 0 0</i>
                <i>1 0 0 0 1 0 0 0 1 0 0 0</i>
                <i>1 0 0 0 1 0 0 0 1 0 0 0</i>
                <i>1 0 0 0 1 0 0 0 1 0 0 0</i>
                <i>1 0 0 0 1 0 0 0 1 0 0 0</i>
                <i>1 0 0 0 1 0 0 0 1 0 0 0</i>
                <i>1 0 0 0 1 0 0 0 1 0 0 0</i>
                <i>1 0 0 0 1 0 0 0 1 0 0 0</i>
                <i>1 0 0 0 1 0 0 0 1 0 0 0</i>
                <i>1 0 0 0 1 0 0 0 1 0 0 0</i>
                <i>1 0 0 0 1 0 0 0 1 0 0 0</i>
                <i>1 0 0 0 1 0 0 0 1 0 0 0</i>
                <i>1 0 0 0 1 0 0 0 1 0 0 0</i>
                <i>1 0 0 0 1 0 0 0 1 0 0 0</i>
                <i>1 0 0 0 1 0 0 0 1 0 0 0</i>
                <i>1 0 0 0 1 0 0 0 1 0 0 0</i>
                <i>1 0 0 0 1 0 0 0 1 0 0 0</i>
                <i>1 0 0 0 1 0 0 0 1 0 0 0</i>
                <i>1 0 0 0 1 0 0 0 1 0 0 0</i>
                <i>1 0 0 0 1 0 0 0 1 0 0 0</i>
                <i>1 0 0 0 1 0 0 0 1 0 0 0</i>
                <i>1 0 0 0 1 0 0 0 1 0 0 0</i>
                <i>1 0 0 0 1 0 0 0 1 0 0 0</i>
                <i>1 0 0 0 1 0 0 0 1 0 0 0</i>
                <i>1 0 0 0 1 0 0 0 1 0 0 0</i>
                <i>1 0 0 0 1 0 0 0 1 0 0 0</i>
                <i>1 0 0 0 1 0 0 0 1 0 0 0</i>
                <i>1 0 0 0 1 0 0 0 1 0 0 0</i>
                <i>1 0 0 0 1 0 0 0 1 0 0 0</i>
                <i>1 0 0 0 1 0 0 0 1 0 0 0</i>
                <i>1 0 0 0 1 0 0 0 1 0 0 0</i>
                <i>1 0 0 0 1 0 0 0 1 0 0 0</i>
                <i>1 0 0 0 1 0 0 0 1 0 0 0</i>
                <i>1 0 0 0 1 0 0 0 1 0 0 0</i>
                <i>1 0 0 0 1 0 0 0 1 0 0 0</i>
                <i>1 0 0 0 1 0 0 0 1 0 0 0</i>
                <i>1 0 0 0 1 0 0 0 1 0 0 0</i>
                <i>1 0 0 0 1 0 0 0 1 0 0 0</i>
                <i>1 0 0 0 1 0 0 0 1 0 0 0</i>
                <i>1 0 0 0 1 0 0 0 1 0 0 0</i>
                <i>1 0 0 0 1 0 0 0 1 0 0 0</i>
                <i>1 0 0 0 1 0 0 0 1 0 0 0</i>
                <i>1 0 0 0 1 0 0 0 1 0 0 0</i>
                <i>1 0 0 0 1 0 0 0 1 0 0 0</i>
                <i>1 0 0 0 1 0 0 0 1 0 0 0</i>
                <i>1 0 0 0 1 0 0 0 1 0 0 0</i>
                <i>1 0 0 0 1 0 0 0 1 0 0 0</i>
                <i>1 0 0 0 1 0 0 0 1 0 0 0</i>
                <i>1 0 0 0 1 0 0 0 1 0 0 0</i>
                <i>1 0 0 0 1 0 0 0 1 0 0 0</i>
                <i>1 0 0 0 1 0 0 0 1 0 0 0</i>
                <i>1 0 0 0 1 0 0 0 1 0 0 0</i>
                <i>1 0 0 0 1 0 0 0 1 0 0 0</i>
                <i>1 0 0 0 1 0 0 0 1 0 0 0</i>
                <i>1 0 0 0 1 0 0 0 1 0 0 0</i>
                <i>1 0 0 0 1 0 0 0 1 0 0 0</i>
                <i>1 0 0 0 1 0 0 0 1 0 0 0</i>
                <i>1 0 0 0 1 0 0 0 1 0 0 0</i>
                <i>1 0 0 0 1 0 0 0 1 0 0 0</i>
                <i>1 0 0 0 1 0 0 0 1 0 0 0</i>
                <i>1 0 0 0 1 0 0 0 1 0 0 0</i>
                <i>1 0 0 0 1 0 0 0 1 0 0 0</i>
                <i>1 0 0 0 1 0 0 0 1 0 0 0</i>
                <i>1 0 0 0 1 0 0 0 1 0 0 0</i>
                <i>1 0 0 0 1 0 0 0 1 0 0 0</i>
                <i>1 0 0 0 1 0 0 0 1 0 0 0</i>
                <i>1 0 0 0 1 0 0 0 1 0 0 0</i>
                <i>1 0 0 0 1 0 0 0 1 0 0 0</i>
                <i>1 0 0 0 1 0 0 0 1 0 0 0</i>
                <i>1 0 0 0 1 0 0 0 1 0 0 0</i>
                <i>1 0 0 0 1 0 0 0 1 0 0 0</i>
                <i>1 0 0 0 1 0 0 0 1 0 0 0</i>
                <i>1 0 0 0 1 0 0 0 1 0 0 0</i>
                <i>1 0 0 0 1 0 0 0 1 0 0 0</i>
                <i>1 0 0 0 1 0 0 0 1 0 0 0</i>
                <i>1 0 0 0 1 0 0 0 1 0 0 0</i>
                <i>1 0 0 0 1 0 0 0 1 0 0 0</i>
                <i>1 0 0 0 1 0 0 0 1 0 0 0</i>
                <i>1 0 0 0 1 0 0 0 1 0 0 0</i>
                <i>1 0 0 0 1 0 0 0 1 0 0 0</i>
                <i>1 0 0 0 1 0 0 0 1 0 0 0</i>
                <i>1 0 0 0 1 0 0 0 1 0 0 0</i>
                <i>1 0 0 0 1 0 0 0 1 0 0 0</i>
                <i>1 0 0 0 1 0 0 0 1 0 0 0</i>
                <i>1 0 0 0 1 0 0 0 1 0 0 0</i>
                <i>1 0 0 0 1 0 0 0 1 0 0 0</i>
                <i>1 0 0 0 1 0 0 0 1 0 0 0</i>
                <i>1 0 0 0 1 0 0 0 1 0 0 0</i>
                <i>1 0 0 0 1 0 0 0 1 0 0 0</i>
                <i>1 0 0 0 1 0 0 0 1 0 0 0</i>
                <i>1 0 0 0 1 0 0 0 1 0 0 0</i>
                <i>1 0 0 0 1 0 0 0 1 0 0 0</i>
                <i>1 0 0 0 1 0 0 0 1 0 0 0</i>
                <i>1 0 0 0 1 0 0 0 1 0 0 0</i>
                <i>1 0 0 0 1 0 0 0 1 0 0 0</i>
                <i>1 0 0 0 1 0 0 0 1 0 0 0</i>
                <i>1 0 0 0 1 0 0 0 1 0 0 0</i>
                <i>1 0 0 0 1 0 0 0 1 0 0 0</i>
                <i>1 0 0 0 1 0 0 0 1 0 0 0</i>
                <i>1 0 0 0 1 0 0 0 1 0 0 0</i>
                <i>1 0 0 0 1 0 0 0 1 0 0 0</i>
                <i>1 0 0 0 1 0 0 0 1 0 0 0</i>
                <i>1 0 0 0 1 0 0 0 1 0 0 0</i>
                <i>1 0 0 0 1 0 0 0 1 0 0 0</i>
                <i>1 0 0 0 1 0 0 0 1 0 0 0</i>
                <i>1 0 0 0 1 0 0 0 1 0 0 0</i>
                <i>1 0 0 0 1 0 0 0 1 0 0 0</i>
                <i>1 0 0 0 1 0 0 0 1 0 0 0</i>
                <i>1 0 0 0 1 0 0 0 1 0 0 0</i>
                <i>1 0 0 0 1 0 0 0 1 0 0 0</i>
                <i>1 0 0 0 1 0 0 0 1 0 0 0</i>
                <i>1 0 0 0 1 0 0 0 1 0 0 0</i>
                <i>1 0 0 0 1 0 0 0 1 0 0 0</i>
                <i>1 0 0 0 1 0 0 0 1 0 0 0</i>
                <i>1 0 0 0 1 0 0 0 1 0 0 0</i>
                <i>1 0 0 0 1 0 0 0 1 0 0 0</i>
                <i>1 0 0 0 1 0 0 0 1 0 0 0</i>
                <i>1 0 0 0 1 0 0 0 1 0 0 0</i>
                <i>1 0 0 0 1 0 0 0 1 0 0 0</i>
                <i>1 0 0 0 1 0 0 0 1 0 0 0</i>
                <i>1 0 0 0 1 0 0 0 1 0 0 0</i>
                <i>1 0 0 0 1 0 0 0 1 0 0 0</i>
                <i>1 0 0 0 1 0 0 0 1 0 0 0</i>
                <i>1 0 0 0 1 0 0 0 1 0 0 0</i>
                <i>1 0 0 0 1 0 0 0 1 0 0 0</i>
                <i>1 0 0 0 1 0 0 0 1 0 0 0</i>
                <i>1 0 0 0 1 0 0 0 1 0 0 0</i>
                <i>1 0 0 0 1 0 0 0 1 0 0 0</i>
                <i>1 0 0 0 1 0 0 0 1 0 0 0</i>
                <i>1 0 0 0 1 0 0 0 1 0 0 0</i>
                <i>1 0 0 0 1 0 0 0 1 0 0 0</i>
                <i>1 0 0 0 1 0 0 0 1 0 0 0</i>
                <i>1 0 0 0 1 0 0 0 1 0 0 0</i>
                <i>1 0 0 0 1 0 0 0 1 0 0 0</i>
                <i>1 0 0 0 1 0 0 0 1 0 0 0</i>
                <i>1 0 0 0 1 0 0 0 1 0 0 0</i>
                <i>1 0 0 0 1 0 0 0 1 0 0 0</i>
                <i>1 0 0 0 1 0 0 0 1 0 0 0</i>
                <i>1 0 0 0 1 0 0 0 1 0 0 0</i>
                <i>1 0 0 0 1 0 0 0 1 0 0 0</i>
                <i>1 0 0 0 1 0 0 0 1 0 0 0</i>
                <i>1 0 0 0 1 0 0 0 1 0 0 0</i>
                <i>1 0 0 0 1 0 0 0 1 0 0 0</i>
                <i>1 0 0 0 1 0 0 0 1 0 0 0</i>
                <i>1 0 0 0 1 0 0 0 1 0 0 0</i>
                <i>1 0 0 0 1 0 0 0 1 0 0 0</i>
                <i>1 0 0 0 1 0 0 0 1 0 0 0</i>
                <i>1 0 0 0 1 0 0 0 1 0 0 0</i>
                <i>1 0 0 0 1 0 0 0 1 0 0 0</i>
                <i>1 0 0 0 1 0 0 0 1 0 0 0</i>
                <i>1 0 0 0 1 0 0 0 1 0 0 0</i>
                <i>1 0 0 0 1 0 0 0 1 0 0 0</i>
                <i>1 0 0 0 1 0 0 0 1 0 0 0</i>
                <i>1 0 0 0 1 0 0 0 1 0 0 0</i>
                <i>1 0 0 0 1 0 0 0 1 0 0 0</i>
                <i>1 0 0 0 1 0 0 0 1 0 0 0</i>
                <i>1 0 0 0 1 0 0 0 1 0 0 0</i>
                <i>1 0 0 0 1 0 0 0 1 0 0 0</i>
                <i>1 0 0 0 1 0 0 0 1 0 0 0</i>
                <i>1 0 0 0 1 0 0 0 1 0 0 0</i>
                <i>1 0 0 0 1 0 0 0 1 0 0 0</i>
                <i>1 0 0 0 1 0 0 0 1 0 0 0</i>
                <i>1 0 0 0 1 0 0 0 1 0 0 0</i>
                <i>1 0 0 0 1 0 0 0 1 0 0 0</i>
                <i>1 0 0 0 1 0 0 0 1 0 0 0</i>
                <i>1 0 0 0 1 0 0 0 1 0 0 0</i>
                <i>1 0 0 0 1 0 0 0 1 0 0 0</i>
                <i>1 0 0 0 1 0 0 0 1 0 0 0</i>
                <i>1 0 0 0 1 0 0 0 1 0 0 0</i>
                <i>1 0 0 0 1 0 0 0 1 0 0 0</i>
                <i>1 0 0 0 1 0 0 0 1 0 0 0</i>
                <i>1 0 0 0 1 0 0 0 1 0 0 0</i>
                <i>1 0 0 0 1 0 0 0 1 0 0 0</i>
                <i>1 0 0 0 1 0 0 0 1 0 0 0</i>
                <i>1 0 0 0 1 0 0 0 1 0 0 0</i>
                <i>1 0 0 0 1 0 0 0 1 0 0 0</i>
                <i>1 0 0 0 1 0 0 0 1 0 0 0</i>
                <i>1 0 0 0 1 0 0 0 1 0 0 0</i>
                <i>1 0 0 0 1 0 0 0 1 0 0 0</i>
                <i>1 0 0 0 1 0 0 0 1 0 0 0</i>
                <i>1 0 0 0 1 0 0 0 1 0 0 0</i>
                <i>1 0 0 0 1 0 0 0 1 0 0 0</i>
                <i>1 0 0 0 1 0 0 0 1 0 0 0</i>
                <i>1 0 0 0 1 0 0 0 1 0 0 0</i>
                <i>1 0 0 0 1 0 0 0 1 0 0 0</i>
                <i>1 0 0 0 1 0 0 0 1 0 0 0</i>
                <i>1 0 0 0 1 0 0 0 1 0 0 0</i>
                <i>1 0 0 0 1 0 0 0 1 0 0 0</i>
                <i>1 0 0 0 1 0 0 0 1 0 0 0</i>
                <i>1 0 0 0 1 0 0 0 1 0 0 0</i>
                <i>1 0 0 0 1 0 0 0 1 0 0 0</i>
                <i>1 0 0 0 1 0 0 0 1 0 0 0</i>
                <i>1 0 0 0 1 0 0 0 1 0 0 0</i>
                <i>1 0 0 0 1 0 0 0 1 0 0 0</i>
                <i>1 0 0 0 1 0 0 0 1 0 0 0</i>
                <i>1 0 0 0 1 0 0 0 1 0 0 0</i>
                <i>1 0 0 0 1 0 0 0 1 0 0 0</i>
                <i>1 0 0 0 1 0 0 0 1 0 0 0</i>
                <i>1 0 0 0 1 0 0 0 1 0 0 0</i>
                <i>1 0 0 0 1 0 0 0 1 0 0 0</i>
                <i>1 0 0 0 1 0 0 0 1 0 0 0</i>
                <i>1 0 0 0 1 0 0 0 1 0 0 0</i>
                <i>1 0 0 0 1 0 0 0 1 0 0 0</i>
                <i>1 0 0 0 1 0 0 0 1 0 0 0</i>
                <i>1 0 0 0 1 0 0 0 1 0 0 0</i>
                <i>1 0 0 0 1 0 0 0 1 0 0 0</i>
                <i>1 0 0 0 1 0 0 0 1 0 0 0</i>
                <i>1 0 0 0 1 0 0 0 1 0 0 0</i>
                <i>1 0 0 0 1 0 0 0 1 0 0 0</i>
                <i>1 0 0 0 1 0 0 0 1 0 0 0</i>
                <i>1 0 0 0 1 0 0 0 1 0 0 0</i>
                <i>1 0 0 0 1 0 0 0 1 0 0 0</i>
                <i>1 0 0 0 1 0 0 0 1 0 0 0</i>
            </KeyFrames>
        </RefFrame>
        <Bones count="29">
            <i>
                <p>
                    <Name>
                        <![CDATA[mi12_homer_root]]>
</Name>
                    <Exclude>0</Exclude>
                    <Additive>0</Additive>
                    <IKPriority>0</IKPriority>
                    <IKRotLimits>-1e+010 -1e+010 -1e+010 1e+010 1e+010 1e+010</IKRotLimits>
                    <IKRotLimitOrder>0</IKRotLimitOrder>
                    <KeyFrames count="301">
                        <i>1 0 0 0 0.992856 0.119319 0 -0.119319 0.992856 0 22.0914 0</i>
                        <i>0.999736 -0.0229779 -5.3872e-005 0.0227661 0.990197 0.137811 -0.00311326 -0.137776 0.990459 0 23.2819 0.446633</i>
                        <i>0.999974 0.00723862 -0.000170835 -0.00713615 0.989263 0.145974 0.00122565 -0.145969 0.989288 0 20.9704 0.894442</i>
                        <i>0.999299 0.0374485 -0.000287797 -0.0369567 0.98736 0.154127 0.00605597 -0.154008 0.988051 0 18.8962 1.34348</i>
                        <i>0.999414 0.0342159 -0.000447445 -0.0336953 0.986319 0.161366 0.00596262 -0.161257 0.986894 0 19.7278 1.79427</i>
                        <i>0.999632 0.027103 -0.000798669 -0.0265205 0.983433 0.179322 0.00564559 -0.179235 0.98379 0 20.9197 2.24569</i>
                        <i>0.9998 0.0199887 -0.00114989 -0.0193426 0.979123 0.202345 0.00517049 -0.202282 0.979314 0 20.1238 2.69723</i>
                        <i>0.999859 0.0167546 -0.00130954 -0.0160312 0.974263 0.224841 0.00504295 -0.224789 0.974395 0 19.4164 3.14839</i>
                        <i>0.999539 0.0303264 -0.00154951 -0.0289515 0.967132 0.252623 0.00915972 -0.252462 0.967564 0 20.1284 3.60153</i>
                        <i>0.998456 0.0555144 -0.00199518 -0.052687 0.957764 0.282689 0.0176042 -0.282147 0.95921 0 21.311 4.05428</i>
                        <i>0.99761 0.0690635 -0.00223516 -0.0652918 0.952731 0.296717 0.0226218 -0.295861 0.954963 0 22.4558 4.49905</i>
                        <i>0.997093 0.0761495 -0.00248656 -0.071651 0.948288 0.309218 0.0259048 -0.308141 0.950988 0 23.4759 4.94535</i>
                        <i>0.996526 0.0832315 -0.00273796 -0.0779307 0.943641 0.321666 0.0293564 -0.320335 0.946849 0 24.199 5.33965</i>
                        <i>0.996932 0.0782223 -0.00265188 -0.0734419 0.946645 0.313798 0.0270564 -0.312641 0.949486 0 23.5441 5.50175</i>
                        <i>0.994578 0.103955 -0.00291408 -0.097032 0.937696 0.333634 0.0374154 -0.331542 0.942698 0 26.5774 6.22959</i>
                        <i>0.995615 0.0935005 -0.00278697 -0.0875188 0.941611 0.325128 0.0330239 -0.323459 0.945666 0 25.7124 6.20312</i>
                        <i>0.994847 0.10134 -0.00312337 -0.0944014 0.937094 0.336071 0.0369842 -0.334044 0.941832 0 27.355 6.88041</i>
                        <i>0.993752 0.111559 -0.00345977 -0.103437 0.932155 0.346968 0.0419326 -0.344442 0.937871 0 28.8737 7.5645</i>
                        <i>0.993369 0.114916 -0.00339131 -0.106685 0.932405 0.345311 0.042844 -0.34266 0.938482 0 29.4013 8.02226</i>
                        <i>0.993292 0.115587 -0.00319411 -0.1076 0.93406 0.34052 0.0423433 -0.337892 0.940232 0 29.946 8.47843</i>
                        <i>0.9935 0.113792 -0.00288043 -0.106351 0.936961 0.332856 0.0405751 -0.330386 0.942973 0 30.504 8.9331</i>
                        <i>0.993957 0.109747 -0.00246253 -0.103091 0.940913 0.322576 0.0377187 -0.320372 0.94654 0 31.0717 9.38636</i>
                        <i>0.99461 0.103669 -0.00195267 -0.0979621 0.945698 0.309932 0.0339769 -0.30807 0.950757 0 31.6451 9.83827</i>
                        <i>0.995402 0.0957726 -0.00136312 -0.0911047 0.951088 0.295179 0.0295666 -0.293698 0.955441 0 32.2206 10.2889</i>
                        <i>0.996271 0.0862743 -0.000706122 -0.0826631 0.95685 0.278576 0.0247096 -0.277479 0.960414 0 32.7943 10.7384</i>
                        <i>0.997154 0.0753899 6.04666e-006 -0.0727909 0.962757 0.260385 0.0196246 -0.259645 0.965505 0 33.3625 11.1868</i>
                        <i>0.997992 0.0633369 0.000761131 -0.061655 0.968595 0.240877 0.0145192 -0.24044 0.970555 0 33.9214 11.6342</i>
                        <i>0.998731 0.0503341 0.00154687 -0.0494376 0.974172 0.220329 0.00958314 -0.220126 0.975424 0 34.4673 12.0807</i>
                        <i>0.999327 0.0366016 0.00235099 -0.0363371 0.97932 0.199027 0.00498233 -0.198978 0.979991 0 34.9963 12.5263</i>
                        <i>0.999745 0.022361 0.00316125 -0.0225672 0.983905 0.177263 0.000853409 -0.177289 0.984158 0 35.5047 12.9711</i>
                        <i>0.999961 0.00783463 0.00396537 -0.00835554 0.987826 0.155336 -0.0027001 -0.155363 0.987854 0 35.9886 13.4153</i>
                        <i>0.999966 -0.00675432 0.0047511 0.00605939 0.991024 0.13355 -0.00561049 -0.133516 0.991031 0 36.4444 13.8588</i>
                        <i>0.99976 -0.0211827 0.00550618 0.0204315 0.993474 0.112211 -0.00784717 -0.112071 0.993669 0 36.8683 14.3018</i>
                        <i>0.99936 -0.0352274 0.00621833 0.0345104 0.995195 0.0916281 -0.00941628 -0.0913549 0.995774 0 37.2564 14.7444</i>
                        <i>0.998791 -0.0486663 0.00687531 0.0480455 0.996239 0.0721113 -0.0103588 -0.0716938 0.997373 0 37.605 15.1866</i>
                        <i>0.998093 -0.0612782 0.00746486 0.0607884 0.996691 0.0539688 -0.0107473 -0.0534121 0.998515 0 37.9104 15.6286</i>
                        <i>0.997312 -0.0728432 0.0079747 0.0724959 0.996663 0.0375073 -0.0106802 -0.0368284 0.999265 0 38.1687 16.0703</i>
                        <i>0.996502 -0.0831428 0.00839259 0.082931 0.996289 0.0230315 -0.0102764 -0.022255 0.9997 0 38.3762 16.512</i>
                        <i>0.995725 -0.0919597 0.00870626 0.0918638 0.995713 0.0108431 -0.00966606 -0.00999698 0.999903 0 38.529 16.9536</i>
                        <i>0.99504 -0.0990777 0.00890345 0.0990706 0.99508 0.00124159 -0.00898266 -0.000353357 0.99996 0 38.6235 17.3952</i>
                        <i>0.994507 -0.104281 0.00897191 0.104332 0.994527 -0.0054756 -0.00835181 0.00638158 0.999945 0 38.6559 17.837</i>
                        <i>0.99403 -0.108753 0.00880989 0.108848 0.993997 -0.0110311 -0.00755735 0.0119241 0.9999 0 38.6547 18.279</i>
                        <i>0.993477 -0.113723 0.00835888 0.113853 0.993348 -0.0172199 -0.00634497 0.0180593 0.999817 0 38.6516 18.7213</i>
                        <i>0.99286 -0.11904 0.00767141 0.119192 0.992585 -0.0238543 -0.00477489 0.0245983 0.999686 0 38.6474 19.1639</i>
                        <i>0.992189 -0.124555 0.00680002 0.124707 0.991717 -0.0307462 -0.0029141 0.031354 0.999504 0 38.6427 19.607</i>
                        <i>0.991482 -0.130118 0.00579726 0.130244 0.990765 -0.0377075 -0.000837294 0.0381413 0.999272 0 38.6383 20.0506</i>
                        <i>0.990755 -0.13558 0.00471567 0.135655 0.989754 -0.0445504 0.00137279 0.0447783 0.998996 0 38.6349 20.4949</i>
                        <i>0.990033 -0.140792 0.00360781 0.140792 0.98872 -0.0510874 0.0036256 0.0510861 0.998688 0 38.6333 20.9399</i>
                        <i>0.989339 -0.145607 0.00252621 0.145512 0.987706 -0.0571309 0.00582351 0.0568894 0.998363 0 38.6341 21.3856</i>
                        <i>0.988704 -0.149876 0.00152344 0.149678 0.986758 -0.062494 0.00786311 0.062016 0.998044 0 38.6381 21.8322</i>
                        <i>0.988156 -0.153453 0.000652026 0.153152 0.985929 -0.0669899 0.00963696 0.0662963 0.997753 0 38.646 22.2797</i>
                        <i>0.987727 -0.15619 -3.54712e-005 0.1558 0.985274 -0.0704322 0.0110358 0.0695622 0.997517 0 38.6585 22.7283</i>
                        <i>0.987449 -0.157941 -0.000486502 0.157488 0.984846 -0.0726343 0.011951 0.071646 0.997359 0 38.6763 23.178</i>
                        <i>0.98735 -0.158557 -0.000648523 0.158082 0.984693 -0.0734099 0.0122782 0.0723787 0.997302 0 38.7003 23.6288</i>
                        <i>0.989609 -0.143781 -0.000790839 0.143328 0.9869 -0.0740656 0.0114297 0.0731827 0.997253 0 39.0369 24.2692</i>
                        <i>0.979792 -0.200016 -0.000904093 0.19937 0.976969 -0.0760499 0.0160945 0.0743329 0.997104 0 38.1294 24.2665</i>
                        <i>0.964964 -0.26238 -0.00101735 0.261503 0.962043 -0.0780339 0.0214532 0.0750339 0.99695 0 37.3512 24.3228</i>
                        <i>0.972425 -0.233212 -0.00113245 0.232414 0.969478 -0.078072 0.0193052 0.075656 0.996947 0 37.8153 24.929</i>
                        <i>0.979979 -0.199099 -0.00124755 0.198395 0.977005 -0.0781101 0.0167705 0.0762987 0.996944 0 38.2732 25.6662</i>
                        <i>0.976593 -0.215092 -0.00139318 0.214328 0.97363 -0.0781583 0.0181677 0.0760303 0.99694 0 37.8689 26.2852</i>
                        <i>0.969583 -0.244755 -0.00171356 0.243875 0.966644 -0.0782644 0.020812 0.075466 0.996931 0 37.2198 26.8995</i>
                        <i>0.961836 -0.273621 -0.00203395 0.272626 0.958923 -0.0783705 0.0233942 0.074825 0.996922 0 36.5622 27.4779</i>
                        <i>0.957747 -0.287605 -0.00217958 0.286556 0.954849 -0.0784187 0.0246348 0.0744807 0.996918 0 36.1327 27.9898</i>
                        <i>0.961165 -0.275972 0.000737129 0.275182 0.958206 -0.0782077 0.0208768 0.0753734 0.996937 0 36.1722 28.3924</i>
                        <i>0.968611 -0.24848 0.00715389 0.248273 0.965566 -0.0777411 0.0124095 0.077077 0.996948 0 36.4953 28.7136</i>
                        <i>0.9749 -0.222228 0.0135703 0.222607 0.971841 -0.0772714 0.00398372 0.0783528 0.996918 0 36.699 29.0286</i>
                        <i>0.976532 -0.214741 0.0164867 0.215373 0.973487 -0.0770569 0.000497719 0.0787993 0.99689 0 36.3802 29.4124</i>
                        <i>0.974737 -0.222759 0.016323 0.223352 0.971697 -0.0769376 0.00127751 0.0786397 0.996902 0 35.6663 29.8557</i>
                        <i>0.972762 -0.231264 0.0158377 0.231794 0.969743 -0.0766144 0.00235965 0.0781986 0.996935 0 34.9532 30.299</i>
                        <i>0.970599 -0.240231 0.0150395 0.240673 0.967615 -0.0761394 0.0037386 0.0775204 0.996984 0 34.2407 30.7424</i>
                        <i>0.96824 -0.249633 0.013937 0.249963 0.965302 -0.0755646 0.00540997 0.0766484 0.997043 0 33.529 31.1858</i>
                        <i>0.965677 -0.259441 0.0125389 0.259639 0.962793 -0.0749422 0.00737074 0.0756256 0.997109 0 32.818 31.6292</i>
                        <i>0.962903 -0.26963 0.0108538 0.269677 0.960078 -0.0743241 0.00961951 0.0744939 0.997175 0 32.1076 32.0726</i>
                        <i>0.959909 -0.28017 0.00889036 0.280048 0.957148 -0.0737624 0.0121566 0.0732949 0.997236 0 31.398 32.516</i>
                        <i>0.956689 -0.291035 0.00665731 0.290725 0.953994 -0.0733092 0.0149845 0.0720696 0.997287 0 30.689 32.9595</i>
                        <i>0.953237 -0.302195 0.00416326 0.301681 0.950609 -0.0730165 0.0181076 0.070858 0.997322 0 29.9806 33.403</i>
                        <i>0.949546 -0.313624 0.00141691 0.312887 0.946986 -0.0729364 0.0215328 0.0696998 0.997336 0 29.2729 33.8465</i>
                        <i>0.945613 -0.325291 -0.00157308 0.324312 0.94312 -0.0731208 0.0252692 0.0686338 0.997322 0 28.5659 34.29</i>
                        <i>0.941432 -0.337169 -0.00479799 0.335925 0.939007 -0.0736219 0.0293284 0.0676982 0.997275 0 27.8594 34.7336</i>
                        <i>0.937001 -0.349229 -0.00824915 0.347695 0.934644 -0.0744915 0.0337246 0.0669304 0.997188 0 27.1536 35.1772</i>
                        <i>0.932318 -0.361442 -0.0119178 0.359586 0.93003 -0.0757814 0.0384745 0.066367 0.997053 0 26.4484 35.6208</i>
                        <i>0.927383 -0.37378 -0.0157952 0.371565 0.925163 -0.0775435 0.0435973 0.0660436 0.996864 0 25.7437 36.0645</i>
                        <i>0.922195 -0.386214 -0.0198726 0.383593 0.920045 -0.0798294 0.0491149 0.0659953 0.99661 0 25.0397 36.5081</i>
                        <i>0.916757 -0.398715 -0.0241412 0.395634 0.914678 -0.0826903 0.0550513 0.0662558 0.996283 0 24.3362 36.9518</i>
                        <i>0.911071 -0.411256 -0.0285922 0.407646 0.909064 -0.0861774 0.0614332 0.0668583 0.995869 0 23.6333 37.3955</i>
                        <i>0.905142 -0.423809 -0.0332168 0.419588 0.903208 -0.0903416 0.0682893 0.0678347 0.995357 0 22.9309 37.8392</i>
                        <i>0.898976 -0.436346 -0.0380062 0.431415 0.897113 -0.0952332 0.0756505 0.0692159 0.994729 0 22.2291 38.283</i>
                        <i>0.892579 -0.44884 -0.0429515 0.443082 0.890785 -0.100902 0.0835494 0.0710322 0.993969 0 21.5277 38.7268</i>
                        <i>0.885961 -0.461264 -0.0480438 0.454538 0.884229 -0.107398 0.0920204 0.0733124 0.993055 0 20.8269 39.1706</i>
                        <i>0.879132 -0.473592 -0.0532743 0.465732 0.877452 -0.114768 0.101099 0.0760847 0.991963 0 20.1266 39.6144</i>
                        <i>0.872102 -0.485799 -0.058634 0.47661 0.870459 -0.123061 0.110821 0.0793762 0.990665 0 19.4268 40.0582</i>
                        <i>0.864885 -0.497859 -0.064114 0.487113 0.863256 -0.132323 0.121225 0.0832133 0.989131 0 18.7275 40.5021</i>
                        <i>0.85745 -0.509828 -0.0696826 0.497321 0.855843 -0.142142 0.132106 0.0872253 0.98739 0 18.0286 40.946</i>
                        <i>0.849757 -0.521767 -0.0753128 0.507344 0.848219 -0.152074 0.143229 0.0910163 0.985496 0 17.3302 41.3899</i>
                        <i>0.841806 -0.533668 -0.0810028 0.517171 0.840389 -0.162111 0.154587 0.0945739 0.983442 0 16.6322 41.8338</i>
                        <i>0.833596 -0.54552 -0.0867507 0.526787 0.832362 -0.172248 0.166173 0.0978861 0.981226 0 15.9347 42.2777</i>
                        <i>0.825127 -0.557315 -0.0925547 0.536182 0.824143 -0.182478 0.177976 0.100942 0.978844 0 15.2376 42.7217</i>
                        <i>0.816398 -0.569042 -0.0984131 0.545342 0.81574 -0.192795 0.189988 0.103729 0.976291 0 14.5409 43.1657</i>
                        <i>0.807411 -0.580692 -0.104324 0.554258 0.807162 -0.203193 0.202199 0.106238 0.973565 0 13.8447 43.6097</i>
                        <i>0.798167 -0.592255 -0.110285 0.562919 0.798418 -0.213664 0.214597 0.108458 0.970662 0 13.1488 44.0537</i>
                        <i>0.788666 -0.603722 -0.116296 0.571313 0.789516 -0.224202 0.227173 0.110379 0.967579 0 12.4533 44.4978</i>
                        <i>0.778911 -0.615084 -0.122353 0.57943 0.780468 -0.234799 0.239913 0.111993 0.964313 0 11.7581 44.9418</i>
                        <i>0.768902 -0.62633 -0.128455 0.587263 0.771282 -0.24545 0.252808 0.113291 0.960861 0 11.0634 45.3859</i>
                        <i>0.758643 -0.637451 -0.1346 0.594801 0.761971 -0.256147 0.265842 0.114264 0.957221 0 10.3689 45.83</i>
                        <i>0.748136 -0.648438 -0.140786 0.602037 0.752546 -0.266883 0.279005 0.114906 0.95339 0 9.67486 46.2742</i>
                        <i>0.737385 -0.659281 -0.147012 0.608962 0.743018 -0.27765 0.292282 0.11521 0.949367 0 8.9811 46.7183</i>
                        <i>0.726391 -0.669972 -0.153275 0.615571 0.733399 -0.288442 0.30566 0.11517 0.94515 0 8.28765 47.1625</i>
                        <i>0.71516 -0.680501 -0.159574 0.621856 0.723701 -0.299251 0.319125 0.11478 0.940736 0 7.59451 47.6067</i>
                        <i>0.703695 -0.69086 -0.165906 0.627813 0.713938 -0.31007 0.332662 0.114037 0.936126 0 6.90166 48.0509</i>
                        <i>0.692001 -0.701041 -0.17227 0.633436 0.704122 -0.320892 0.346257 0.112935 0.931317 0 6.20909 48.4951</i>
                        <i>0.680082 -0.711033 -0.178664 0.63872 0.694267 -0.331708 0.359896 0.111472 0.926309 0 5.5168 48.9393</i>
                        <i>0.667944 -0.720829 -0.185086 0.643663 0.684385 -0.342512 0.373563 0.109646 0.921102 0 4.82477 49.3836</i>
                        <i>0.655591 -0.730421 -0.191533 0.648262 0.674491 -0.353297 0.387243 0.107454 0.915695 0 4.13299 49.8279</i>
                        <i>0.64303 -0.739802 -0.198005 0.652514 0.664598 -0.364054 0.400921 0.104897 0.910087 0 3.44144 50.2722</i>
                        <i>0.630267 -0.748962 -0.204498 0.656418 0.654719 -0.374776 0.414582 0.101973 0.90428 0 2.75012 50.7165</i>
                        <i>0.617308 -0.757895 -0.211012 0.659974 0.644869 -0.385457 0.428211 0.0986832 0.898274 0 2.05902 51.1608</i>
                        <i>0.604159 -0.766594 -0.217544 0.663182 0.635061 -0.396089 0.441793 0.0950293 0.89207 0 1.36813 51.6052</i>
                        <i>0.590828 -0.775052 -0.224092 0.666043 0.625309 -0.406664 0.455312 0.0910133 0.885668 0 0.677423 52.0495</i>
                        <i>0.577322 -0.783261 -0.230655 0.668558 0.615626 -0.417175 0.468754 0.0866381 0.87907 0 -0.0130937 52.4939</i>
                        <i>0.563648 -0.791216 -0.23723 0.670729 0.606026 -0.427615 0.482104 0.0819073 0.872277 0 -0.703438 52.9383</i>
                        <i>0.549813 -0.798911 -0.243815 0.67256 0.596522 -0.437977 0.495346 0.0768253 0.865292 0 -1.39362 53.3827</i>
                        <i>0.535827 -0.80634 -0.25041 0.674055 0.587127 -0.448255 0.508468 0.0713972 0.858116 0 -2.08365 53.8272</i>
                        <i>0.521697 -0.813497 -0.257011 0.675217 0.577854 -0.45844 0.521454 0.0656287 0.850752 0 -2.77355 54.2716</i>
                        <i>0.507431 -0.820378 -0.263616 0.676052 0.568715 -0.468526 0.534291 0.0595264 0.843202 0 -3.46331 54.7161</i>
                        <i>0.493038 -0.826977 -0.270225 0.676566 0.559722 -0.478507 0.546966 0.0530974 0.83547 0 -4.15296 55.1606</i>
                        <i>0.478527 -0.833291 -0.276834 0.676765 0.550888 -0.488376 0.559464 0.0463495 0.827557 0 -4.8425 55.6051</i>
                        <i>0.463907 -0.839315 -0.283443 0.676656 0.542223 -0.498127 0.571775 0.039291 0.819469 0 -5.53194 56.0496</i>
                        <i>0.449187 -0.845046 -0.290049 0.676247 0.533739 -0.507753 0.583885 0.031931 0.811208 0 -6.2213 56.4941</i>
                        <i>0.434375 -0.85048 -0.296651 0.675545 0.525446 -0.517248 0.595783 0.0242789 0.802778 0 -6.9106 56.9387</i>
                        <i>0.419482 -0.855615 -0.303246 0.674559 0.517355 -0.526606 0.607458 0.016345 0.794184 0 -7.59982 57.3832</i>
                        <i>0.404517 -0.860447 -0.309832 0.673298 0.509474 -0.535822 0.618899 0.00813972 0.785429 0 -8.28899 57.8278</i>
                        <i>0.389489 -0.864976 -0.316409 0.671772 0.501813 -0.54489 0.630095 -0.000325868 0.776518 0 -8.97812 58.2724</i>
                        <i>0.374409 -0.869199 -0.322974 0.669991 0.49438 -0.553805 0.641038 -0.00904031 0.767456 0 -9.66723 58.717</i>
                        <i>0.359284 -0.873114 -0.329524 0.667965 0.487184 -0.56256 0.651718 -0.0179917 0.758248 0 -10.3563 59.1616</i>
                        <i>0.344127 -0.876722 -0.33606 0.665705 0.48023 -0.571153 0.662128 -0.0271679 0.748898 0 -11.0454 59.6063</i>
                        <i>0.328945 -0.88002 -0.342578 0.663222 0.473527 -0.579576 0.672259 -0.0365563 0.739413 0 -11.7345 60.0509</i>
                        <i>0.313749 -0.88301 -0.349077 0.660526 0.46708 -0.587827 0.682104 -0.0461441 0.729798 0 -12.4236 60.4956</i>
                        <i>0.298549 -0.885691 -0.355555 0.657631 0.460895 -0.595901 0.691658 -0.0559183 0.720057 0 -13.1127 60.9403</i>
                        <i>0.283354 -0.888065 -0.362011 0.654546 0.454976 -0.603794 0.700914 -0.0658655 0.710198 0 -13.8018 61.385</i>
                        <i>0.268173 -0.890131 -0.368442 0.651285 0.449327 -0.611501 0.709867 -0.0759724 0.700226 0 -14.491 61.8297</i>
                        <i>0.253018 -0.891892 -0.374848 0.647858 0.443953 -0.61902 0.718513 -0.0862253 0.690148 0 -15.1803 62.2744</i>
                        <i>0.237896 -0.893349 -0.381226 0.644279 0.438855 -0.626347 0.726849 -0.0966106 0.679968 0 -15.8696 62.7191</i>
                        <i>0.222817 -0.894505 -0.387574 0.64056 0.434037 -0.633479 0.734871 -0.107115 0.669695 0 -16.559 63.1639</i>
                        <i>0.207791 -0.895361 -0.393892 0.636712 0.429499 -0.640413 0.742577 -0.117724 0.659333 0 -17.2486 63.6087</i>
                        <i>0.192827 -0.895922 -0.400177 0.632748 0.425243 -0.647147 0.749965 -0.128424 0.648891 0 -17.9382 64.0534</i>
                        <i>0.177934 -0.896189 -0.406429 0.628679 0.421269 -0.653678 0.757035 -0.139202 0.638374 0 -18.6279 64.4982</i>
                        <i>0.16312 -0.896168 -0.412644 0.624519 0.417577 -0.660005 0.763786 -0.150044 0.627789 0 -19.3177 64.943</i>
                        <i>0.148395 -0.895861 -0.418823 0.620278 0.414165 -0.666125 0.770217 -0.160937 0.617142 0 -20.0077 65.3878</i>
                        <i>0.133767 -0.895273 -0.424962 0.615968 0.411033 -0.672038 0.776331 -0.171867 0.606442 0 -20.6978 65.8327</i>
                        <i>0.119244 -0.894409 -0.431062 0.611601 0.408179 -0.677742 0.782128 -0.182821 0.595694 0 -21.3881 66.2775</i>
                        <i>0.104834 -0.893273 -0.43712 0.607189 0.405599 -0.683236 0.787611 -0.193788 0.584906 0 -22.0786 66.7223</i>
                        <i>0.0905461 -0.891871 -0.443134 0.602742 0.40329 -0.68852 0.792782 -0.204753 0.574084 0 -22.7692 67.1672</i>
                        <i>0.0763868 -0.890208 -0.449104 0.59827 0.40125 -0.693593 0.797645 -0.215705 0.563235 0 -23.46 67.6121</i>
                        <i>0.062364 -0.88829 -0.455029 0.593786 0.399473 -0.698455 0.802203 -0.226631 0.552367 0 -24.151 68.057</i>
                        <i>0.0484848 -0.886124 -0.460905 0.589298 0.397956 -0.703107 0.80646 -0.237521 0.541486 0 -24.8423 68.5019</i>
                        <i>0.0347561 -0.883715 -0.466734 0.584817 0.396692 -0.707549 0.810421 -0.248362 0.530598 0 -25.5337 68.9468</i>
                        <i>0.0211846 -0.88107 -0.472512 0.580351 0.395677 -0.711781 0.814091 -0.259144 0.519712 0 -26.2254 69.3917</i>
                        <i>0.0077767 -0.878195 -0.478239 0.575911 0.394905 -0.715805 0.817475 -0.269856 0.508834 0 -26.9173 69.8366</i>
                        <i>-0.00546174 -0.875099 -0.483913 0.571505 0.39437 -0.719621 0.820581 -0.280489 0.497969 0 -27.6095 70.2815</i>
                        <i>-0.0185245 -0.871788 -0.489534 0.567141 0.394064 -0.723232 0.823413 -0.291032 0.487126 0 -28.302 70.7265</i>
                        <i>-0.0314063 -0.868269 -0.495099 0.562826 0.393982 -0.726639 0.825978 -0.301476 0.476311 0 -28.9947 71.1715</i>
                        <i>-0.0441018 -0.86455 -0.500608 0.55857 0.394115 -0.729845 0.828284 -0.311812 0.46553 0 -29.6878 71.6164</i>
                        <i>-0.0566063 -0.860639 -0.50606 0.554377 0.394457 -0.73285 0.830338 -0.322032 0.45479 0 -30.3811 72.0614</i>
                        <i>-0.0689149 -0.856543 -0.511453 0.550256 0.394999 -0.735659 0.832147 -0.332128 0.444097 0 -31.0747 72.5064</i>
                        <i>-0.0810236 -0.852271 -0.516787 0.546212 0.395735 -0.738272 0.833719 -0.342093 0.433457 0 -31.7687 72.9514</i>
                        <i>-0.0929282 -0.847831 -0.52206 0.542251 0.396655 -0.740695 0.835062 -0.351919 0.422877 0 -32.463 73.3964</i>
                        <i>-0.104625 -0.843231 -0.527271 0.538378 0.397752 -0.742929 0.836183 -0.3616 0.412362 0 -33.1576 73.8414</i>
                        <i>-0.116111 -0.83848 -0.532419 0.534598 0.399017 -0.744977 0.837092 -0.37113 0.401919 0 -33.8526 74.2865</i>
                        <i>-0.127383 -0.833585 -0.537503 0.530914 0.400441 -0.746844 0.837797 -0.380503 0.391553 0 -34.548 74.7315</i>
                        <i>-0.138438 -0.828555 -0.542523 0.527332 0.402018 -0.748534 0.838305 -0.389715 0.38127 0 -35.2437 75.1765</i>
                        <i>-0.149273 -0.8234 -0.547477 0.523854 0.403737 -0.750049 0.838626 -0.39876 0.371074 0 -35.9399 75.6216</i>
                        <i>-0.159887 -0.818126 -0.552364 0.520484 0.40559 -0.751394 0.838769 -0.407635 0.360973 0 -36.6364 76.0667</i>
                        <i>-0.170278 -0.812744 -0.557183 0.517223 0.407569 -0.752574 0.83874 -0.416335 0.35097 0 -37.3333 76.5117</i>
                        <i>-0.180445 -0.807261 -0.561934 0.514075 0.409666 -0.753592 0.838551 -0.424858 0.34107 0 -38.0307 76.9568</i>
                        <i>-0.190385 -0.801686 -0.566616 0.51104 0.411871 -0.754454 0.838207 -0.4332 0.33128 0 -38.7285 77.4019</i>
                        <i>-0.200098 -0.796028 -0.571227 0.50812 0.414176 -0.755163 0.83772 -0.441359 0.321602 0 -39.4267 77.847</i>
                        <i>-0.209584 -0.790295 -0.575768 0.505317 0.416574 -0.755726 0.837096 -0.449333 0.312043 0 -40.1254 78.2921</i>
                        <i>-0.218841 -0.784496 -0.580236 0.50263 0.419055 -0.756145 0.836344 -0.45712 0.302605 0 -40.8246 78.7372</i>
                        <i>-0.227871 -0.77864 -0.584633 0.50006 0.421612 -0.756428 0.835473 -0.464719 0.293294 0 -41.5242 79.1823</i>
                        <i>-0.236672 -0.772734 -0.588955 0.497607 0.424236 -0.756579 0.83449 -0.47213 0.284113 0 -42.2243 79.6274</i>
                        <i>-0.245247 -0.766787 -0.593204 0.49527 0.42692 -0.756603 0.833404 -0.47935 0.275066 0 -42.9249 80.0726</i>
                        <i>-0.253594 -0.760808 -0.597379 0.493048 0.429656 -0.756505 0.832222 -0.486381 0.266157 0 -43.6261 80.5177</i>
