<?xml version="1.0" encoding="ISO-8859-1" ?>
<Animl Version="1">
    <ModellingPackage>
        <![CDATA[Maya.2010]]>
</ModellingPackage>
    <SrcFile>
        <![CDATA[anims\bosses\red\mi12_homer\~src\mi12_homer_damaged_engines.mb]]>
</SrcFile>
    <FramesPerSecond>30</FramesPerSecond>
    <TotalFrames>31</TotalFrames>
    <Skeleton>
        <RefFrame>
            <Name>
                <![CDATA[mi12_homer_ref_frame]]>
</Name>
            <Exclude>1</Exclude>
            <Additive>0</Additive>
            <IKPriority>0</IKPriority>
            <IKRotLimits>-1e+010 -1e+010 -1e+010 1e+010 1e+010 1e+010</IKRotLimits>
            <IKRotLimitOrder>0</IKRotLimitOrder>
            <KeyFrames count="31">
                <i>1 0 0 0 1 0 0 0 1 0 0 0</i>
                <i>1 0 0 0 1 0 0 0 1 0 0 0</i>
                <i>1 0 0 0 1 0 0 0 1 0 0 0</i>
                <i>1 0 0 0 1 0 0 0 1 0 0 0</i>
                <i>1 0 0 0 1 0 0 0 1 0 0 0</i>
                <i>1 0 0 0 1 0 0 0 1 0 0 0</i>
                <i>1 0 0 0 1 0 0 0 1 0 0 0</i>
                <i>1 0 0 0 1 0 0 0 1 0 0 0</i>
                <i>1 0 0 0 1 0 0 0 1 0 0 0</i>
                <i>1 0 0 0 1 0 0 0 1 0 0 0</i>
                <i>1 0 0 0 1 0 0 0 1 0 0 0</i>
                <i>1 0 0 0 1 0 0 0 1 0 0 0</i>
                <i>1 0 0 0 1 0 0 0 1 0 0 0</i>
                <i>1 0 0 0 1 0 0 0 1 0 0 0</i>
                <i>1 0 0 0 1 0 0 0 1 0 0 0</i>
                <i>1 0 0 0 1 0 0 0 1 0 0 0</i>
                <i>1 0 0 0 1 0 0 0 1 0 0 0</i>
                <i>1 0 0 0 1 0 0 0 1 0 0 0</i>
                <i>1 0 0 0 1 0 0 0 1 0 0 0</i>
                <i>1 0 0 0 1 0 0 0 1 0 0 0</i>
                <i>1 0 0 0 1 0 0 0 1 0 0 0</i>
                <i>1 0 0 0 1 0 0 0 1 0 0 0</i>
                <i>1 0 0 0 1 0 0 0 1 0 0 0</i>
                <i>1 0 0 0 1 0 0 0 1 0 0 0</i>
                <i>1 0 0 0 1 0 0 0 1 0 0 0</i>
                <i>1 0 0 0 1 0 0 0 1 0 0 0</i>
                <i>1 0 0 0 1 0 0 0 1 0 0 0</i>
                <i>1 0 0 0 1 0 0 0 1 0 0 0</i>
                <i>1 0 0 0 1 0 0 0 1 0 0 0</i>
                <i>1 0 0 0 1 0 0 0 1 0 0 0</i>
                <i>1 0 0 0 1 0 0 0 1 0 0 0</i>
            </KeyFrames>
        </RefFrame>
        <Bones count="29">
            <i>
                <p>
                    <Name>
                        <![CDATA[mi12_homer_root]]>
</Name>
                    <Exclude>1</Exclude>
                    <Additive>0</Additive>
                    <IKPriority>0</IKPriority>
                    <IKRotLimits>-1e+010 -1e+010 -1e+010 1e+010 1e+010 1e+010</IKRotLimits>
                    <IKRotLimitOrder>0</IKRotLimitOrder>
                    <KeyFrames count="31">
                        <i>1 0 0 0 0.992856 0.119319 0 -0.119319 0.992856 0 22.0914 0</i>
                        <i>1 0 0 0 0.992856 0.119319 0 -0.119319 0.992856 0 22.0914 0</i>
                        <i>1 0 0 0 0.992856 0.119319 0 -0.119319 0.992856 0 22.0914 0</i>
                        <i>1 0 0 0 0.992856 0.119319 0 -0.119319 0.992856 0 22.0914 0</i>
                        <i>1 0 0 0 0.992856 0.119319 0 -0.119319 0.992856 0 22.0914 0</i>
                        <i>1 0 0 0 0.992856 0.119319 0 -0.119319 0.992856 0 22.0914 0</i>
                        <i>1 0 0 0 0.992856 0.119319 0 -0.119319 0.992856 0 22.0914 0</i>
                        <i>1 0 0 0 0.992856 0.119319 0 -0.119319 0.992856 0 22.0914 0</i>
                        <i>1 0 0 0 0.992856 0.119319 0 -0.119319 0.992856 0 22.0914 0</i>
                        <i>1 0 0 0 0.992856 0.119319 0 -0.119319 0.992856 0 22.0914 0</i>
                        <i>1 0 0 0 0.992856 0.119319 0 -0.119319 0.992856 0 22.0914 0</i>
                        <i>1 0 0 0 0.992856 0.119319 0 -0.119319 0.992856 0 22.0914 0</i>
                        <i>1 0 0 0 0.992856 0.119319 0 -0.119319 0.992856 0 22.0914 0</i>
                        <i>1 0 0 0 0.992856 0.119319 0 -0.119319 0.992856 0 22.0914 0</i>
                        <i>1 0 0 0 0.992856 0.119319 0 -0.119319 0.992856 0 22.0914 0</i>
                        <i>1 0 0 0 0.992856 0.119319 0 -0.119319 0.992856 0 22.0914 0</i>
                        <i>1 0 0 0 0.992856 0.119319 0 -0.119319 0.992856 0 22.0914 0</i>
                        <i>1 0 0 0 0.992856 0.119319 0 -0.119319 0.992856 0 22.0914 0</i>
                        <i>1 0 0 0 0.992856 0.119319 0 -0.119319 0.992856 0 22.0914 0</i>
                        <i>1 0 0 0 0.992856 0.119319 0 -0.119319 0.992856 0 22.0914 0</i>
                        <i>1 0 0 0 0.992856 0.119319 0 -0.119319 0.992856 0 22.0914 0</i>
                        <i>1 0 0 0 0.992856 0.119319 0 -0.119319 0.992856 0 22.0914 0</i>
                        <i>1 0 0 0 0.992856 0.119319 0 -0.119319 0.992856 0 22.0914 0</i>
                        <i>1 0 0 0 0.992856 0.119319 0 -0.119319 0.992856 0 22.0914 0</i>
                        <i>1 0 0 0 0.992856 0.119319 0 -0.119319 0.992856 0 22.0914 0</i>
                        <i>1 0 0 0 0.992856 0.119319 0 -0.119319 0.992856 0 22.0914 0</i>
                        <i>1 0 0 0 0.992856 0.119319 0 -0.119319 0.992856 0 22.0914 0</i>
                        <i>1 0 0 0 0.992856 0.119319 0 -0.119319 0.992856 0 22.0914 0</i>
                        <i>1 0 0 0 0.992856 0.119319 0 -0.119319 0.992856 0 22.0914 0</i>
                        <i>1 0 0 0 0.992856 0.119319 0 -0.119319 0.992856 0 22.0914 0</i>
                        <i>1 0 0 0 0.992856 0.119319 0 -0.119319 0.992856 0 22.0914 0</i>
                    </KeyFrames>
                </p>
            </i>
            <i>
                <p>
                    <Name>
                        <![CDATA[engine_r]]>
</Name>
                    <Exclude>0</Exclude>
                    <Additive>1</Additive>
                    <IKPriority>0</IKPriority>
                    <IKRotLimits>-1e+010 -1e+010 -1e+010 1e+010 1e+010 1e+010</IKRotLimits>
                    <IKRotLimitOrder>0</IKRotLimitOrder>
                    <KeyFrames count="31">
                        <i>1 0 0 0 0.992856 0.119319 0 -0.119319 0.992856 -31.8254 21.7941 3.59401</i>
                        <i>0.998674 -0.0511153 -0.00614289 0.0514735 0.993657 0.0999771 0.000993569 -0.100161 0.994971 -31.8254 21.5882 3.56926</i>
                        <i>0.999715 -0.0237121 -0.00284965 0.0238813 0.993814 0.108463 0.000260134 -0.1085 0.994096 -31.8254 21.3823 3.54452</i>
                        <i>0.999847 0.0173824 0.00208897 -0.0175073 0.992056 0.124575 9.30353e-005 -0.124592 0.992208 -31.8254 21.2887 3.53327</i>
                        <i>0.999123 0.0415704 0.00499581 -0.0418643 0.989977 0.134879 0.000661241 -0.13497 0.990849 -31.8254 21.3823 3.54452</i>
                        <i>0.999622 0.0273006 0.00328091 -0.0274957 0.991277 0.128897 0.000266669 -0.128938 0.991653 -31.8254 21.5882 3.56926</i>
                        <i>1 0 0 0 0.992856 0.119319 0 -0.119319 0.992856 -31.8254 21.7941 3.59401</i>
                        <i>0.998674 -0.0511153 -0.00614289 0.0514735 0.993657 0.0999771 0.000993569 -0.100161 0.994971 -31.8254 21.5882 3.56926</i>
                        <i>0.999715 -0.0237121 -0.00284965 0.0238813 0.993814 0.108463 0.000260134 -0.1085 0.994096 -31.8254 21.3823 3.54452</i>
                        <i>0.999847 0.0173824 0.00208897 -0.0175073 0.992056 0.124575 9.30353e-005 -0.124592 0.992208 -31.8254 21.2887 3.53327</i>
                        <i>0.999123 0.0415704 0.00499581 -0.0418643 0.989977 0.134879 0.000661241 -0.13497 0.990849 -31.8254 21.3823 3.54452</i>
                        <i>0.999622 0.0273006 0.00328091 -0.0274957 0.991277 0.128897 0.000266669 -0.128938 0.991653 -31.8254 21.5882 3.56926</i>
                        <i>1 0 0 0 0.992856 0.119319 0 -0.119319 0.992856 -31.8254 21.7941 3.59401</i>
                        <i>0.998674 -0.0511153 -0.00614289 0.0514735 0.993657 0.0999771 0.000993569 -0.100161 0.994971 -31.8254 21.5882 3.56926</i>
                        <i>0.999715 -0.0237121 -0.00284965 0.0238813 0.993814 0.108463 0.000260134 -0.1085 0.994096 -31.8254 21.3823 3.54452</i>
                        <i>0.999847 0.0173824 0.00208897 -0.0175073 0.992056 0.124575 9.30353e-005 -0.124592 0.992208 -31.8254 21.2887 3.53327</i>
                        <i>0.999123 0.0415704 0.00499581 -0.0418643 0.989977 0.134879 0.000661241 -0.13497 0.990849 -31.8254 21.3823 3.54452</i>
                        <i>0.999622 0.0273006 0.00328091 -0.0274957 0.991277 0.128897 0.000266669 -0.128938 0.991653 -31.8254 21.5882 3.56926</i>
                        <i>1 0 0 0 0.992856 0.119319 0 -0.119319 0.992856 -31.8254 21.7941 3.59401</i>
                        <i>0.998674 -0.0511153 -0.00614289 0.0514735 0.993657 0.0999771 0.000993569 -0.100161 0.994971 -31.8254 21.5882 3.56926</i>
                        <i>0.999715 -0.0237121 -0.00284965 0.0238813 0.993814 0.108463 0.000260134 -0.1085 0.994096 -31.8254 21.3823 3.54452</i>
                        <i>0.999847 0.0173824 0.00208897 -0.0175073 0.992056 0.124575 9.30353e-005 -0.124592 0.992208 -31.8254 21.2887 3.53327</i>
                        <i>0.999123 0.0415704 0.00499581 -0.0418643 0.989977 0.134879 0.000661241 -0.13497 0.990849 -31.8254 21.3823 3.54452</i>
                        <i>0.999622 0.0273006 0.00328091 -0.0274957 0.991277 0.128897 0.000266669 -0.128938 0.991653 -31.8254 21.5882 3.56926</i>
                        <i>1 0 0 0 0.992856 0.119319 0 -0.119319 0.992856 -31.8254 21.7941 3.59401</i>
                        <i>0.998674 -0.0511153 -0.00614289 0.0514735 0.993657 0.0999771 0.000993569 -0.100161 0.994971 -31.8254 21.5882 3.56926</i>
                        <i>0.999715 -0.0237121 -0.00284965 0.0238813 0.993814 0.108463 0.000260134 -0.1085 0.994096 -31.8254 21.3823 3.54452</i>
                        <i>0.999847 0.0173824 0.00208897 -0.0175073 0.992056 0.124575 9.30353e-005 -0.124592 0.992208 -31.8254 21.2887 3.53327</i>
                        <i>0.999123 0.0415704 0.00499581 -0.0418643 0.989977 0.134879 0.000661241 -0.13497 0.990849 -31.8254 21.3823 3.54452</i>
                        <i>0.999622 0.0273006 0.00328091 -0.0274957 0.991277 0.128897 0.000266669 -0.128938 0.991653 -31.8254 21.5882 3.56926</i>
                        <i>1 0 0 0 0.992856 0.119319 0 -0.119319 0.992856 -31.8254 21.7941 3.59401</i>
                    </KeyFrames>
                </p>
            </i>
            <i>
                <p>
                    <Name>
                        <![CDATA[propeller_spin_r]]>
</Name>
                    <Exclude>1</Exclude>
                    <Additive>0</Additive>
                    <IKPriority>0</IKPriority>
                    <IKRotLimits>-1e+010 -1e+010 -1e+010 1e+010 1e+010 1e+010</IKRotLimits>
                    <IKRotLimitOrder>0</IKRotLimitOrder>
                    <KeyFrames count="31">
                        <i>1 0 0 0 0.992856 0.119319 0 -0.119319 0.992856 -35.0695 26.8558 4.62448</i>
                        <i>0.998674 -0.0511153 -0.00614289 0.0514735 0.993657 0.0999771 0.000993569 -0.100161 0.994971 -34.7998 26.8279 4.52097</i>
                        <i>0.999715 -0.0237121 -0.00284965 0.0238813 0.993814 0.108463 0.000260134 -0.1085 0.994096 -34.9455 26.5304 4.52887</i>
                        <i>0.999847 0.0173824 0.00208897 -0.0175073 0.992056 0.124575 9.30353e-005 -0.124592 0.992208 -35.1591 26.2877 4.58376</i>
                        <i>0.999123 0.0415704 0.00499581 -0.0418643 0.989977 0.134879 0.000661241 -0.13497 0.990849 -35.2819 26.2878 4.63806</i>
                        <i>0.999622 0.0273006 0.00328091 -0.0274957 0.991277 0.128897 0.000266669 -0.128938 0.991653 -35.2097 26.5492 4.6379</i>
                        <i>1 0 0 0 0.992856 0.119319 0 -0.119319 0.992856 -35.0695 26.8558 4.62448</i>
                        <i>0.998674 -0.0511153 -0.00614289 0.0514735 0.993657 0.0999771 0.000993569 -0.100161 0.994971 -34.7998 26.8279 4.52097</i>
                        <i>0.999715 -0.0237121 -0.00284965 0.0238813 0.993814 0.108463 0.000260134 -0.1085 0.994096 -34.9455 26.5304 4.52887</i>
                        <i>0.999847 0.0173824 0.00208897 -0.0175073 0.992056 0.124575 9.30353e-005 -0.124592 0.992208 -35.1591 26.2877 4.58376</i>
                        <i>0.999123 0.0415704 0.00499581 -0.0418643 0.989977 0.134879 0.000661241 -0.13497 0.990849 -35.2819 26.2878 4.63806</i>
                        <i>0.999622 0.0273006 0.00328091 -0.0274957 0.991277 0.128897 0.000266669 -0.128938 0.991653 -35.2097 26.5492 4.6379</i>
                        <i>1 0 0 0 0.992856 0.119319 0 -0.119319 0.992856 -35.0695 26.8558 4.62448</i>
                        <i>0.998674 -0.0511153 -0.00614289 0.0514735 0.993657 0.0999771 0.000993569 -0.100161 0.994971 -34.7998 26.8279 4.52097</i>
                        <i>0.999715 -0.0237121 -0.00284965 0.0238813 0.993814 0.108463 0.000260134 -0.1085 0.994096 -34.9455 26.5304 4.52887</i>
                        <i>0.999847 0.0173824 0.00208897 -0.0175073 0.992056 0.124575 9.30353e-005 -0.124592 0.992208 -35.1591 26.2877 4.58376</i>
                        <i>0.999123 0.0415704 0.00499581 -0.0418643 0.989977 0.134879 0.000661241 -0.13497 0.990849 -35.2819 26.2878 4.63806</i>
                        <i>0.999622 0.0273006 0.00328091 -0.0274957 0.991277 0.128897 0.000266669 -0.128938 0.991653 -35.2097 26.5492 4.6379</i>
                        <i>1 0 0 0 0.992856 0.119319 0 -0.119319 0.992856 -35.0695 26.8558 4.62448</i>
                        <i>0.998674 -0.0511153 -0.00614289 0.0514735 0.993657 0.0999771 0.000993569 -0.100161 0.994971 -34.7998 26.8279 4.52097</i>
                        <i>0.999715 -0.0237121 -0.00284965 0.0238813 0.993814 0.108463 0.000260134 -0.1085 0.994096 -34.9455 26.5304 4.52887</i>
                        <i>0.999847 0.0173824 0.00208897 -0.0175073 0.992056 0.124575 9.30353e-005 -0.124592 0.992208 -35.1591 26.2877 4.58376</i>
                        <i>0.999123 0.0415704 0.00499581 -0.0418643 0.989977 0.134879 0.000661241 -0.13497 0.990849 -35.2819 26.2878 4.63806</i>
                        <i>0.999622 0.0273006 0.00328091 -0.0274957 0.991277 0.128897 0.000266669 -0.128938 0.991653 -35.2097 26.5492 4.6379</i>
                        <i>1 0 0 0 0.992856 0.119319 0 -0.119319 0.992856 -35.0695 26.8558 4.62448</i>
                        <i>0.998674 -0.0511153 -0.00614289 0.0514735 0.993657 0.0999771 0.000993569 -0.100161 0.994971 -34.7998 26.8279 4.52097</i>
                        <i>0.999715 -0.0237121 -0.00284965 0.0238813 0.993814 0.108463 0.000260134 -0.1085 0.994096 -34.9455 26.5304 4.52887</i>
                        <i>0.999847 0.0173824 0.00208897 -0.0175073 0.992056 0.124575 9.30353e-005 -0.124592 0.992208 -35.1591 26.2877 4.58376</i>
                        <i>0.999123 0.0415704 0.00499581 -0.0418643 0.989977 0.134879 0.000661241 -0.13497 0.990849 -35.2819 26.2878 4.63806</i>
                        <i>0.999622 0.0273006 0.00328091 -0.0274957 0.991277 0.128897 0.000266669 -0.128938 0.991653 -35.2097 26.5492 4.6379</i>
                        <i>1 0 0 0 0.992856 0.119319 0 -0.119319 0.992856 -35.0695 26.8558 4.62448</i>
                    </KeyFrames>
                </p>
            </i>
            <i>
                <p>
                    <Name>
                        <![CDATA[propeller_lift_r]]>
</Name>
                    <Exclude>1</Exclude>
                    <Additive>0</Additive>
                    <IKPriority>0</IKPriority>
                    <IKRotLimits>-1e+010 -1e+010 -1e+010 1e+010 1e+010 1e+010</IKRotLimits>
                    <IKRotLimitOrder>0</IKRotLimitOrder>
                    <KeyFrames count="31">
                        <i>1 0 0 0 0.992856 0.119319 0 -0.119319 0.992856 -35.0695 28.3317 4.80185</i>
                        <i>0.998674 -0.0511153 -0.00614289 0.0514735 0.993657 0.0999771 0.000993569 -0.100161 0.994971 -34.7233 28.305 4.66959</i>
                        <i>0.999715 -0.0237121 -0.00284965 0.0238813 0.993814 0.108463 0.000260134 -0.1085 0.994096 -34.91 28.0078 4.6901</i>
                        <i>0.999847 0.0173824 0.00208897 -0.0175073 0.992056 0.124575 9.30353e-005 -0.124592 0.992208 -35.1851 27.7625 4.76895</i>
                        <i>0.999123 0.0415704 0.00499581 -0.0418643 0.989977 0.134879 0.000661241 -0.13497 0.990849 -35.3442 27.7594 4.83856</i>
                        <i>0.999622 0.0273006 0.00328091 -0.0274957 0.991277 0.128897 0.000266669 -0.128938 0.991653 -35.2506 28.0228 4.82951</i>
                        <i>1 0 0 0 0.992856 0.119319 0 -0.119319 0.992856 -35.0695 28.3317 4.80185</i>
                        <i>0.998674 -0.0511153 -0.00614289 0.0514735 0.993657 0.0999771 0.000993569 -0.100161 0.994971 -34.7233 28.305 4.66959</i>
                        <i>0.999715 -0.0237121 -0.00284965 0.0238813 0.993814 0.108463 0.000260134 -0.1085 0.994096 -34.91 28.0078 4.6901</i>
                        <i>0.999847 0.0173824 0.00208897 -0.0175073 0.992056 0.124575 9.30353e-005 -0.124592 0.992208 -35.1851 27.7625 4.76895</i>
                        <i>0.999123 0.0415704 0.00499581 -0.0418643 0.989977 0.134879 0.000661241 -0.13497 0.990849 -35.3442 27.7594 4.83856</i>
                        <i>0.999622 0.0273006 0.00328091 -0.0274957 0.991277 0.128897 0.000266669 -0.128938 0.991653 -35.2506 28.0228 4.82951</i>
                        <i>1 0 0 0 0.992856 0.119319 0 -0.119319 0.992856 -35.0695 28.3317 4.80185</i>
                        <i>0.998674 -0.0511153 -0.00614289 0.0514735 0.993657 0.0999771 0.000993569 -0.100161 0.994971 -34.7233 28.305 4.66959</i>
                        <i>0.999715 -0.0237121 -0.00284965 0.0238813 0.993814 0.108463 0.000260134 -0.1085 0.994096 -34.91 28.0078 4.6901</i>
                        <i>0.999847 0.0173824 0.00208897 -0.0175073 0.992056 0.124575 9.30353e-005 -0.124592 0.992208 -35.1851 27.7625 4.76895</i>
                        <i>0.999123 0.0415704 0.00499581 -0.0418643 0.989977 0.134879 0.000661241 -0.13497 0.990849 -35.3442 27.7594 4.83856</i>
                        <i>0.999622 0.0273006 0.00328091 -0.0274957 0.991277 0.128897 0.000266669 -0.128938 0.991653 -35.2506 28.0228 4.82951</i>
                        <i>1 0 0 0 0.992856 0.119319 0 -0.119319 0.992856 -35.0695 28.3317 4.80185</i>
                        <i>0.998674 -0.0511153 -0.00614289 0.0514735 0.993657 0.0999771 0.000993569 -0.100161 0.994971 -34.7233 28.305 4.66959</i>
                        <i>0.999715 -0.0237121 -0.00284965 0.0238813 0.993814 0.108463 0.000260134 -0.1085 0.994096 -34.91 28.0078 4.6901</i>
                        <i>0.999847 0.0173824 0.00208897 -0.0175073 0.992056 0.124575 9.30353e-005 -0.124592 0.992208 -35.1851 27.7625 4.76895</i>
                        <i>0.999123 0.0415704 0.00499581 -0.0418643 0.989977 0.134879 0.000661241 -0.13497 0.990849 -35.3442 27.7594 4.83856</i>
                        <i>0.999622 0.0273006 0.00328091 -0.0274957 0.991277 0.128897 0.000266669 -0.128938 0.991653 -35.2506 28.0228 4.82951</i>
                        <i>1 0 0 0 0.992856 0.119319 0 -0.119319 0.992856 -35.0695 28.3317 4.80185</i>
                        <i>0.998674 -0.0511153 -0.00614289 0.0514735 0.993657 0.0999771 0.000993569 -0.100161 0.994971 -34.7233 28.305 4.66959</i>
                        <i>0.999715 -0.0237121 -0.00284965 0.0238813 0.993814 0.108463 0.000260134 -0.1085 0.994096 -34.91 28.0078 4.6901</i>
                        <i>0.999847 0.0173824 0.00208897 -0.0175073 0.992056 0.124575 9.30353e-005 -0.124592 0.992208 -35.1851 27.7625 4.76895</i>
                        <i>0.999123 0.0415704 0.00499581 -0.0418643 0.989977 0.134879 0.000661241 -0.13497 0.990849 -35.3442 27.7594 4.83856</i>
                        <i>0.999622 0.0273006 0.00328091 -0.0274957 0.991277 0.128897 0.000266669 -0.128938 0.991653 -35.2506 28.0228 4.82951</i>
                        <i>1 0 0 0 0.992856 0.119319 0 -0.119319 0.992856 -35.0695 28.3317 4.80185</i>
                    </KeyFrames>
                </p>
            </i>
            <i>
                <p>
                    <Name>
                        <![CDATA[engine_l]]>
</Name>
                    <Exclude>1</Exclude>
                    <Additive>0</Additive>
                    <IKPriority>0</IKPriority>
                    <IKRotLimits>-1e+010 -1e+010 -1e+010 1e+010 1e+010 1e+010</IKRotLimits>
                    <IKRotLimitOrder>0</IKRotLimitOrder>
                    <KeyFrames count="31">
                        <i>1 0 0 0 0.992856 0.119319 0 -0.119319 0.992856 31.4768 21.7945 3.59133</i>
                        <i>0.999115 0.0417655 0.00501926 -0.042061 0.990025 0.134465 0.000646787 -0.134557 0.990906 31.4768 21.5886 3.56659</i>
                        <i>0.999815 0.0190899 0.00229417 -0.019227 0.992071 0.124197 9.49269e-005 -0.124218 0.992255 31.4768 21.3827 3.54185</i>
                        <i>0.999755 -0.0219807 -0.00264157 0.0221367 0.994171 0.10552 0.000306784 -0.105552 0.994414 31.4768 21.2891 3.5306</i>
                        <i>0.999149 -0.0409514 -0.00492142 0.0412359 0.994418 0.0971232 0.00091662 -0.0972435 0.99526 31.4768 21.3827 3.54185</i>
                        <i>0.999596 -0.0282043 -0.00338951 0.0284039 0.994157 0.104141 0.000432479 -0.104195 0.994557 31.4768 21.5886 3.56659</i>
                        <i>1 0 0 0 0.992856 0.119319 0 -0.119319 0.992856 31.4768 21.7945 3.59133</i>
                        <i>0.999115 0.0417655 0.00501926 -0.042061 0.990025 0.134465 0.000646787 -0.134557 0.990906 31.4768 21.5886 3.56659</i>
                        <i>0.999815 0.0190899 0.00229417 -0.019227 0.992071 0.124197 9.49269e-005 -0.124218 0.992255 31.4768 21.3827 3.54185</i>
                        <i>0.999755 -0.0219807 -0.00264157 0.0221367 0.994171 0.10552 0.000306784 -0.105552 0.994414 31.4768 21.2891 3.5306</i>
                        <i>0.999149 -0.0409514 -0.00492142 0.0412359 0.994418 0.0971232 0.00091662 -0.0972435 0.99526 31.4768 21.3827 3.54185</i>
                        <i>0.999596 -0.0282043 -0.00338951 0.0284039 0.994157 0.104141 0.000432479 -0.104195 0.994557 31.4768 21.5886 3.56659</i>
                        <i>1 0 0 0 0.992856 0.119319 0 -0.119319 0.992856 31.4768 21.7945 3.59133</i>
                        <i>0.999115 0.0417655 0.00501926 -0.042061 0.990025 0.134465 0.000646787 -0.134557 0.990906 31.4768 21.5886 3.56659</i>
                        <i>0.999815 0.0190899 0.00229417 -0.019227 0.992071 0.124197 9.49269e-005 -0.124218 0.992255 31.4768 21.3827 3.54185</i>
                        <i>0.999755 -0.0219807 -0.00264157 0.0221367 0.994171 0.10552 0.000306784 -0.105552 0.994414 31.4768 21.2891 3.5306</i>
                        <i>0.999149 -0.0409514 -0.00492142 0.0412359 0.994418 0.0971232 0.00091662 -0.0972435 0.99526 31.4768 21.3827 3.54185</i>
                        <i>0.999596 -0.0282043 -0.00338951 0.0284039 0.994157 0.104141 0.000432479 -0.104195 0.994557 31.4768 21.5886 3.56659</i>
                        <i>1 0 0 0 0.992856 0.119319 0 -0.119319 0.992856 31.4768 21.7945 3.59133</i>
                        <i>0.999115 0.0417655 0.00501926 -0.042061 0.990025 0.134465 0.000646787 -0.134557 0.990906 31.4768 21.5886 3.56659</i>
                        <i>0.999815 0.0190899 0.00229417 -0.019227 0.992071 0.124197 9.49269e-005 -0.124218 0.992255 31.4768 21.3827 3.54185</i>
                        <i>0.999755 -0.0219807 -0.00264157 0.0221367 0.994171 0.10552 0.000306784 -0.105552 0.994414 31.4768 21.2891 3.5306</i>
                        <i>0.999149 -0.0409514 -0.00492142 0.0412359 0.994418 0.0971232 0.00091662 -0.0972435 0.99526 31.4768 21.3827 3.54185</i>
                        <i>0.999596 -0.0282043 -0.00338951 0.0284039 0.994157 0.104141 0.000432479 -0.104195 0.994557 31.4768 21.5886 3.56659</i>
                        <i>1 0 0 0 0.992856 0.119319 0 -0.119319 0.992856 31.4768 21.7945 3.59133</i>
                        <i>0.999115 0.0417655 0.00501926 -0.042061 0.990025 0.134465 0.000646787 -0.134557 0.990906 31.4768 21.5886 3.56659</i>
                        <i>0.999815 0.0190899 0.00229417 -0.019227 0.992071 0.124197 9.49269e-005 -0.124218 0.992255 31.4768 21.3827 3.54185</i>
                        <i>0.999755 -0.0219807 -0.00264157 0.0221367 0.994171 0.10552 0.000306784 -0.105552 0.994414 31.4768 21.2891 3.5306</i>
                        <i>0.999149 -0.0409514 -0.00492142 0.0412359 0.994418 0.0971232 0.00091662 -0.0972435 0.99526 31.4768 21.3827 3.54185</i>
                        <i>0.999596 -0.0282043 -0.00338951 0.0284039 0.994157 0.104141 0.000432479 -0.104195 0.994557 31.4768 21.5886 3.56659</i>
                        <i>1 0 0 0 0.992856 0.119319 0 -0.119319 0.992856 31.4768 21.7945 3.59133</i>
                    </KeyFrames>
                </p>
            </i>
            <i>
                <p>
                    <Name>
                        <![CDATA[propeller_spin_l]]>
</Name>
                    <Exclude>1</Exclude>
                    <Additive>0</Additive>
                    <IKPriority>0</IKPriority>
                    <IKRotLimits>-1e+010 -1e+010 -1e+010 1e+010 1e+010 1e+010</IKRotLimits>
                    <IKRotLimitOrder>0</IKRotLimitOrder>
                    <KeyFrames count="31">
                        <i>1 0 0 0 0.992856 0.119319 0 -0.119319 0.992856 35.0724 26.8447 4.60649</i>
                        <i>0.999115 0.0417655 0.00501926 -0.042061 0.990025 0.134465 0.000646787 -0.134557 0.990906 34.8535 26.7682 4.67678</i>
                        <i>0.999815 0.0190899 0.00229417 -0.019227 0.992071 0.124197 9.49269e-005 -0.124218 0.992255 34.973 26.4955 4.59005</i>
                        <i>0.999755 -0.0219807 -0.00264157 0.0221367 0.994171 0.10552 0.000306784 -0.105552 0.994414 35.1853 26.2726 4.46602</i>
                        <i>0.999149 -0.0409514 -0.00492142 0.0412359 0.994418 0.0971232 0.00091662 -0.0972435 0.99526 35.2815 26.3026 4.4263</i>
                        <i>0.999596 -0.0282043 -0.00338951 0.0284039 0.994157 0.104141 0.000432479 -0.104195 0.994557 35.217 26.5502 4.4923</i>
                        <i>1 0 0 0 0.992856 0.119319 0 -0.119319 0.992856 35.0724 26.8447 4.60649</i>
                        <i>0.999115 0.0417655 0.00501926 -0.042061 0.990025 0.134465 0.000646787 -0.134557 0.990906 34.8535 26.7682 4.67678</i>
                        <i>0.999815 0.0190899 0.00229417 -0.019227 0.992071 0.124197 9.49269e-005 -0.124218 0.992255 34.973 26.4955 4.59005</i>
                        <i>0.999755 -0.0219807 -0.00264157 0.0221367 0.994171 0.10552 0.000306784 -0.105552 0.994414 35.1853 26.2726 4.46602</i>
                        <i>0.999149 -0.0409514 -0.00492142 0.0412359 0.994418 0.0971232 0.00091662 -0.0972435 0.99526 35.2815 26.3026 4.4263</i>
                        <i>0.999596 -0.0282043 -0.00338951 0.0284039 0.994157 0.104141 0.000432479 -0.104195 0.994557 35.217 26.5502 4.4923</i>
                        <i>1 0 0 0 0.992856 0.119319 0 -0.119319 0.992856 35.0724 26.8447 4.60649</i>
                        <i>0.999115 0.0417655 0.00501926 -0.042061 0.990025 0.134465 0.000646787 -0.134557 0.990906 34.8535 26.7682 4.67678</i>
                        <i>0.999815 0.0190899 0.00229417 -0.019227 0.992071 0.124197 9.49269e-005 -0.124218 0.992255 34.973 26.4955 4.59005</i>
                        <i>0.999755 -0.0219807 -0.00264157 0.0221367 0.994171 0.10552 0.000306784 -0.105552 0.994414 35.1853 26.2726 4.46602</i>
                        <i>0.999149 -0.0409514 -0.00492142 0.0412359 0.994418 0.0971232 0.00091662 -0.0972435 0.99526 35.2815 26.3026 4.4263</i>
                        <i>0.999596 -0.0282043 -0.00338951 0.0284039 0.994157 0.104141 0.000432479 -0.104195 0.994557 35.217 26.5502 4.4923</i>
                        <i>1 0 0 0 0.992856 0.119319 0 -0.119319 0.992856 35.0724 26.8447 4.60649</i>
                        <i>0.999115 0.0417655 0.00501926 -0.042061 0.990025 0.134465 0.000646787 -0.134557 0.990906 34.8535 26.7682 4.67678</i>
                        <i>0.999815 0.0190899 0.00229417 -0.019227 0.992071 0.124197 9.49269e-005 -0.124218 0.992255 34.973 26.4955 4.59005</i>
                        <i>0.999755 -0.0219807 -0.00264157 0.0221367 0.994171 0.10552 0.000306784 -0.105552 0.994414 35.1853 26.2726 4.46602</i>
                        <i>0.999149 -0.0409514 -0.00492142 0.0412359 0.994418 0.0971232 0.00091662 -0.0972435 0.99526 35.2815 26.3026 4.4263</i>
                        <i>0.999596 -0.0282043 -0.00338951 0.0284039 0.994157 0.104141 0.000432479 -0.104195 0.994557 35.217 26.5502 4.4923</i>
                        <i>1 0 0 0 0.992856 0.119319 0 -0.119319 0.992856 35.0724 26.8447 4.60649</i>
                        <i>0.999115 0.0417655 0.00501926 -0.042061 0.990025 0.134465 0.000646787 -0.134557 0.990906 34.8535 26.7682 4.67678</i>
                        <i>0.999815 0.0190899 0.00229417 -0.019227 0.992071 0.124197 9.49269e-005 -0.124218 0.992255 34.973 26.4955 4.59005</i>
                        <i>0.999755 -0.0219807 -0.00264157 0.0221367 0.994171 0.10552 0.000306784 -0.105552 0.994414 35.1853 26.2726 4.46602</i>
                        <i>0.999149 -0.0409514 -0.00492142 0.0412359 0.994418 0.0971232 0.00091662 -0.0972435 0.99526 35.2815 26.3026 4.4263</i>
                        <i>0.999596 -0.0282043 -0.00338951 0.0284039 0.994157 0.104141 0.000432479 -0.104195 0.994557 35.217 26.5502 4.4923</i>
                        <i>1 0 0 0 0.992856 0.119319 0 -0.119319 0.992856 35.0724 26.8447 4.60649</i>
                    </KeyFrames>
                </p>
            </i>
            <i>
                <p>
                    <Name>
                        <![CDATA[propeller_lift_l]]>
</Name>
                    <Exclude>1</Exclude>
                    <Additive>0</Additive>
                    <IKPriority>0</IKPriority>
                    <IKRotLimits>-1e+010 -1e+010 -1e+010 1e+010 1e+010 1e+010</IKRotLimits>
                    <IKRotLimitOrder>0</IKRotLimitOrder>
                    <KeyFrames count="31">
                        <i>1 0 0 0 0.992856 0.119319 0 -0.119319 0.992856 35.0724 28.2857 4.77965</i>
                        <i>0.999115 0.0417655 0.00501926 -0.042061 0.990025 0.134465 0.000646787 -0.134557 0.990906 34.7924 28.2051 4.87193</i>
                        <i>0.999815 0.0190899 0.00229417 -0.019227 0.992071 0.124197 9.49269e-005 -0.124218 0.992255 34.9451 27.9354 4.7703</i>
                        <i>0.999755 -0.0219807 -0.00264157 0.0221367 0.994171 0.10552 0.000306784 -0.105552 0.994414 35.2174 27.7155 4.61916</i>
                        <i>0.999149 -0.0409514 -0.00492142 0.0412359 0.994418 0.0971232 0.00091662 -0.0972435 0.99526 35.3413 27.7459 4.56725</i>
                        <i>0.999596 -0.0282043 -0.00338951 0.0284039 0.994157 0.104141 0.000432479 -0.104195 0.994557 35.2582 27.9931 4.64344</i>
                        <i>1 0 0 0 0.992856 0.119319 0 -0.119319 0.992856 35.0724 28.2857 4.77965</i>
                        <i>0.999115 0.0417655 0.00501926 -0.042061 0.990025 0.134465 0.000646787 -0.134557 0.990906 34.7924 28.2051 4.87193</i>
                        <i>0.999815 0.0190899 0.00229417 -0.019227 0.992071 0.124197 9.49269e-005 -0.124218 0.992255 34.9451 27.9354 4.7703</i>
                        <i>0.999755 -0.0219807 -0.00264157 0.0221367 0.994171 0.10552 0.000306784 -0.105552 0.994414 35.2174 27.7155 4.61916</i>
                        <i>0.999149 -0.0409514 -0.00492142 0.0412359 0.994418 0.0971232 0.00091662 -0.0972435 0.99526 35.3413 27.7459 4.56725</i>
                        <i>0.999596 -0.0282043 -0.00338951 0.0284039 0.994157 0.104141 0.000432479 -0.104195 0.994557 35.2582 27.9931 4.64344</i>
                        <i>1 0 0 0 0.992856 0.119319 0 -0.119319 0.992856 35.0724 28.2857 4.77965</i>
                        <i>0.999115 0.0417655 0.00501926 -0.042061 0.990025 0.134465 0.000646787 -0.134557 0.990906 34.7924 28.2051 4.87193</i>
                        <i>0.999815 0.0190899 0.00229417 -0.019227 0.992071 0.124197 9.49269e-005 -0.124218 0.992255 34.9451 27.9354 4.7703</i>
                        <i>0.999755 -0.0219807 -0.00264157 0.0221367 0.994171 0.10552 0.000306784 -0.105552 0.994414 35.2174 27.7155 4.61916</i>
                        <i>0.999149 -0.0409514 -0.00492142 0.0412359 0.994418 0.0971232 0.00091662 -0.0972435 0.99526 35.3413 27.7459 4.56725</i>
                        <i>0.999596 -0.0282043 -0.00338951 0.0284039 0.994157 0.104141 0.000432479 -0.104195 0.994557 35.2582 27.9931 4.64344</i>
                        <i>1 0 0 0 0.992856 0.119319 0 -0.119319 0.992856 35.0724 28.2857 4.77965</i>
                        <i>0.999115 0.0417655 0.00501926 -0.042061 0.990025 0.134465 0.000646787 -0.134557 0.990906 34.7924 28.2051 4.87193</i>
                        <i>0.999815 0.0190899 0.00229417 -0.019227 0.992071 0.124197 9.49269e-005 -0.124218 0.992255 34.9451 27.9354 4.7703</i>
                        <i>0.999755 -0.0219807 -0.00264157 0.0221367 0.994171 0.10552 0.000306784 -0.105552 0.994414 35.2174 27.7155 4.61916</i>
                        <i>0.999149 -0.0409514 -0.00492142 0.0412359 0.994418 0.0971232 0.00091662 -0.0972435 0.99526 35.3413 27.7459 4.56725</i>
                        <i>0.999596 -0.0282043 -0.00338951 0.0284039 0.994157 0.104141 0.000432479 -0.104195 0.994557 35.2582 27.9931 4.64344</i>
                        <i>1 0 0 0 0.992856 0.119319 0 -0.119319 0.992856 35.0724 28.2857 4.77965</i>
                        <i>0.999115 0.0417655 0.00501926 -0.042061 0.990025 0.134465 0.000646787 -0.134557 0.990906 34.7924 28.2051 4.87193</i>
                        <i>0.999815 0.0190899 0.00229417 -0.019227 0.992071 0.124197 9.49269e-005 -0.124218 0.992255 34.9451 27.9354 4.7703</i>
                        <i>0.999755 -0.0219807 -0.00264157 0.0221367 0.994171 0.10552 0.000306784 -0.105552 0.994414 35.2174 27.7155 4.61916</i>
                        <i>0.999149 -0.0409514 -0.00492142 0.0412359 0.994418 0.0971232 0.00091662 -0.0972435 0.99526 35.3413 27.7459 4.56725</i>
                        <i>0.999596 -0.0282043 -0.00338951 0.0284039 0.994157 0.104141 0.000432479 -0.104195 0.994557 35.2582 27.9931 4.64344</i>
                        <i>1 0 0 0 0.992856 0.119319 0 -0.119319 0.992856 35.0724 28.2857 4.77965</i>
                    </KeyFrames>
                </p>
            </i>
            <i>
                <p>
                    <Name>
                        <![CDATA[elevator_l]]>
</Name>
                    <Exclude>1</Exclude>
                    <Additive>0</Additive>
                    <IKPriority>0</IKPriority>
                    <IKRotLimits>-1e+010 -1e+010 -1e+010 1e+010 1e+010 1e+010</IKRotLimits>
                    <IKRotLimitOrder>0</IKRotLimitOrder>
                    <KeyFrames count="31">
                        <i>1 0 0 0 0.992856 0.119319 0 -0.119319 0.992856 10.17 25.9501 -36.1077</i>
                        <i>1 0 0 0 0.992856 0.119319 0 -0.119319 0.992856 10.17 25.9501 -36.1077</i>
                        <i>1 0 0 0 0.992856 0.119319 0 -0.119319 0.992856 10.17 25.9501 -36.1077</i>
                        <i>1 0 0 0 0.992856 0.119319 0 -0.119319 0.992856 10.17 25.9501 -36.1077</i>
                        <i>1 0 0 0 0.992856 0.119319 0 -0.119319 0.992856 10.17 25.9501 -36.1077</i>
                        <i>1 0 0 0 0.992856 0.119319 0 -0.119319 0.992856 10.17 25.9501 -36.1077</i>
                        <i>1 0 0 0 0.992856 0.119319 0 -0.119319 0.992856 10.17 25.9501 -36.1077</i>
                        <i>1 0 0 0 0.992856 0.119319 0 -0.119319 0.992856 10.17 25.9501 -36.1077</i>
                        <i>1 0 0 0 0.992856 0.119319 0 -0.119319 0.992856 10.17 25.9501 -36.1077</i>
                        <i>1 0 0 0 0.992856 0.119319 0 -0.119319 0.992856 10.17 25.9501 -36.1077</i>
                        <i>1 0 0 0 0.992856 0.119319 0 -0.119319 0.992856 10.17 25.9501 -36.1077</i>
                        <i>1 0 0 0 0.992856 0.119319 0 -0.119319 0.992856 10.17 25.9501 -36.1077</i>
                        <i>1 0 0 0 0.992856 0.119319 0 -0.119319 0.992856 10.17 25.9501 -36.1077</i>
                        <i>1 0 0 0 0.992856 0.119319 0 -0.119319 0.992856 10.17 25.9501 -36.1077</i>
                        <i>1 0 0 0 0.992856 0.119319 0 -0.119319 0.992856 10.17 25.9501 -36.1077</i>
                        <i>1 0 0 0 0.992856 0.119319 0 -0.119319 0.992856 10.17 25.9501 -36.1077</i>
                        <i>1 0 0 0 0.992856 0.119319 0 -0.119319 0.992856 10.17 25.9501 -36.1077</i>
                        <i>1 0 0 0 0.992856 0.119319 0 -0.119319 0.992856 10.17 25.9501 -36.1077</i>
                        <i>1 0 0 0 0.992856 0.119319 0 -0.119319 0.992856 10.17 25.9501 -36.1077</i>
                        <i>1 0 0 0 0.992856 0.119319 0 -0.119319 0.992856 10.17 25.9501 -36.1077</i>
                        <i>1 0 0 0 0.992856 0.119319 0 -0.119319 0.992856 10.17 25.9501 -36.1077</i>
                        <i>1 0 0 0 0.992856 0.119319 0 -0.119319 0.992856 10.17 25.9501 -36.1077</i>
                        <i>1 0 0 0 0.992856 0.119319 0 -0.119319 0.992856 10.17 25.9501 -36.1077</i>
                        <i>1 0 0 0 0.992856 0.119319 0 -0.119319 0.992856 10.17 25.9501 -36.1077</i>
                        <i>1 0 0 0 0.992856 0.119319 0 -0.119319 0.992856 10.17 25.9501 -36.1077</i>
                        <i>1 0 0 0 0.992856 0.119319 0 -0.119319 0.992856 10.17 25.9501 -36.1077</i>
                        <i>1 0 0 0 0.992856 0.119319 0 -0.119319 0.992856 10.17 25.9501 -36.1077</i>
                        <i>1 0 0 0 0.992856 0.119319 0 -0.119319 0.992856 10.17 25.9501 -36.1077</i>
                        <i>1 0 0 0 0.992856 0.119319 0 -0.119319 0.992856 10.17 25.9501 -36.1077</i>
                        <i>1 0 0 0 0.992856 0.119319 0 -0.119319 0.992856 10.17 25.9501 -36.1077</i>
                        <i>1 0 0 0 0.992856 0.119319 0 -0.119319 0.992856 10.17 25.9501 -36.1077</i>
                    </KeyFrames>
                </p>
            </i>
            <i>
                <p>
                    <Name>
                        <![CDATA[elevator_r]]>
</Name>
                    <Exclude>1</Exclude>
                    <Additive>0</Additive>
                    <IKPriority>0</IKPriority>
                    <IKRotLimits>-1e+010 -1e+010 -1e+010 1e+010 1e+010 1e+010</IKRotLimits>
                    <IKRotLimitOrder>0</IKRotLimitOrder>
                    <KeyFrames count="31">
                        <i>1 0 0 0 0.992856 0.119319 0 -0.119319 0.992856 -9.95932 25.8359 -36.0738</i>
                        <i>1 0 0 0 0.992856 0.119319 0 -0.119319 0.992856 -9.95932 25.8359 -36.0738</i>
                        <i>1 0 0 0 0.992856 0.119319 0 -0.119319 0.992856 -9.95932 25.8359 -36.0738</i>
                        <i>1 0 0 0 0.992856 0.119319 0 -0.119319 0.992856 -9.95932 25.8359 -36.0738</i>
                        <i>1 0 0 0 0.992856 0.119319 0 -0.119319 0.992856 -9.95932 25.8359 -36.0738</i>
                        <i>1 0 0 0 0.992856 0.119319 0 -0.119319 0.992856 -9.95932 25.8359 -36.0738</i>
                        <i>1 0 0 0 0.992856 0.119319 0 -0.119319 0.992856 -9.95932 25.8359 -36.0738</i>
                        <i>1 0 0 0 0.992856 0.119319 0 -0.119319 0.992856 -9.95932 25.8359 -36.0738</i>
                        <i>1 0 0 0 0.992856 0.119319 0 -0.119319 0.992856 -9.95932 25.8359 -36.0738</i>
                        <i>1 0 0 0 0.992856 0.119319 0 -0.119319 0.992856 -9.95932 25.8359 -36.0738</i>
                        <i>1 0 0 0 0.992856 0.119319 0 -0.119319 0.992856 -9.95932 25.8359 -36.0738</i>
                        <i>1 0 0 0 0.992856 0.119319 0 -0.119319 0.992856 -9.95932 25.8359 -36.0738</i>
                        <i>1 0 0 0 0.992856 0.119319 0 -0.119319 0.992856 -9.95932 25.8359 -36.0738</i>
                        <i>1 0 0 0 0.992856 0.119319 0 -0.119319 0.992856 -9.95932 25.8359 -36.0738</i>
                        <i>1 0 0 0 0.992856 0.119319 0 -0.119319 0.992856 -9.95932 25.8359 -36.0738</i>
                        <i>1 0 0 0 0.992856 0.119319 0 -0.119319 0.992856 -9.95932 25.8359 -36.0738</i>
                        <i>1 0 0 0 0.992856 0.119319 0 -0.119319 0.992856 -9.95932 25.8359 -36.0738</i>
