<?xml version="1.0" encoding="ISO-8859-1" ?>
<Animl Version="1">
    <ModellingPackage>
        <![CDATA[Maya.2010]]>
</ModellingPackage>
    <SrcFile>
        <![CDATA[anims\bosses\red\mi12_homer\~src\mi12_homer_forward.mb]]>
</SrcFile>
    <FramesPerSecond>30</FramesPerSecond>
    <TotalFrames>193</TotalFrames>
    <Skeleton>
        <RefFrame>
            <Name>
                <![CDATA[mi12_homer_ref_frame]]>
</Name>
            <Exclude>0</Exclude>
            <Additive>0</Additive>
            <IKPriority>0</IKPriority>
            <IKRotLimits>-1e+010 -1e+010 -1e+010 1e+010 1e+010 1e+010</IKRotLimits>
            <IKRotLimitOrder>0</IKRotLimitOrder>
            <KeyFrames count="193">
                <i>1 0 0 0 1 0 0 0 1 0 0 0</i>
                <i>1 0 0 0 1 0 0 0 1 0 0 0</i>
                <i>1 0 0 0 1 0 0 0 1 0 0 0</i>
                <i>1 0 0 0 1 0 0 0 1 0 0 0</i>
                <i>1 0 0 0 1 0 0 0 1 0 0 0</i>
                <i>1 0 0 0 1 0 0 0 1 0 0 0</i>
                <i>1 0 0 0 1 0 0 0 1 0 0 0</i>
                <i>1 0 0 0 1 0 0 0 1 0 0 0</i>
                <i>1 0 0 0 1 0 0 0 1 0 0 0</i>
                <i>1 0 0 0 1 0 0 0 1 0 0 0</i>
                <i>1 0 0 0 1 0 0 0 1 0 0 0</i>
                <i>1 0 0 0 1 0 0 0 1 0 0 0</i>
                <i>1 0 0 0 1 0 0 0 1 0 0 0</i>
                <i>1 0 0 0 1 0 0 0 1 0 0 0</i>
                <i>1 0 0 0 1 0 0 0 1 0 0 0</i>
                <i>1 0 0 0 1 0 0 0 1 0 0 0</i>
                <i>1 0 0 0 1 0 0 0 1 0 0 0</i>
                <i>1 0 0 0 1 0 0 0 1 0 0 0</i>
                <i>1 0 0 0 1 0 0 0 1 0 0 0</i>
                <i>1 0 0 0 1 0 0 0 1 0 0 0</i>
                <i>1 0 0 0 1 0 0 0 1 0 0 0</i>
                <i>1 0 0 0 1 0 0 0 1 0 0 0</i>
                <i>1 0 0 0 1 0 0 0 1 0 0 0</i>
                <i>1 0 0 0 1 0 0 0 1 0 0 0</i>
                <i>1 0 0 0 1 0 0 0 1 0 0 0</i>
                <i>1 0 0 0 1 0 0 0 1 0 0 0</i>
                <i>1 0 0 0 1 0 0 0 1 0 0 0</i>
                <i>1 0 0 0 1 0 0 0 1 0 0 0</i>
                <i>1 0 0 0 1 0 0 0 1 0 0 0</i>
                <i>1 0 0 0 1 0 0 0 1 0 0 0</i>
                <i>1 0 0 0 1 0 0 0 1 0 0 0</i>
                <i>1 0 0 0 1 0 0 0 1 0 0 0</i>
                <i>1 0 0 0 1 0 0 0 1 0 0 0</i>
                <i>1 0 0 0 1 0 0 0 1 0 0 0</i>
                <i>1 0 0 0 1 0 0 0 1 0 0 0</i>
                <i>1 0 0 0 1 0 0 0 1 0 0 0</i>
                <i>1 0 0 0 1 0 0 0 1 0 0 0</i>
                <i>1 0 0 0 1 0 0 0 1 0 0 0</i>
                <i>1 0 0 0 1 0 0 0 1 0 0 0</i>
                <i>1 0 0 0 1 0 0 0 1 0 0 0</i>
                <i>1 0 0 0 1 0 0 0 1 0 0 0</i>
                <i>1 0 0 0 1 0 0 0 1 0 0 0</i>
                <i>1 0 0 0 1 0 0 0 1 0 0 0</i>
                <i>1 0 0 0 1 0 0 0 1 0 0 0</i>
                <i>1 0 0 0 1 0 0 0 1 0 0 0</i>
                <i>1 0 0 0 1 0 0 0 1 0 0 0</i>
                <i>1 0 0 0 1 0 0 0 1 0 0 0</i>
                <i>1 0 0 0 1 0 0 0 1 0 0 0</i>
                <i>1 0 0 0 1 0 0 0 1 0 0 0</i>
                <i>1 0 0 0 1 0 0 0 1 0 0 0</i>
                <i>1 0 0 0 1 0 0 0 1 0 0 0</i>
                <i>1 0 0 0 1 0 0 0 1 0 0 0</i>
                <i>1 0 0 0 1 0 0 0 1 0 0 0</i>
                <i>1 0 0 0 1 0 0 0 1 0 0 0</i>
                <i>1 0 0 0 1 0 0 0 1 0 0 0</i>
                <i>1 0 0 0 1 0 0 0 1 0 0 0</i>
                <i>1 0 0 0 1 0 0 0 1 0 0 0</i>
                <i>1 0 0 0 1 0 0 0 1 0 0 0</i>
                <i>1 0 0 0 1 0 0 0 1 0 0 0</i>
                <i>1 0 0 0 1 0 0 0 1 0 0 0</i>
                <i>1 0 0 0 1 0 0 0 1 0 0 0</i>
                <i>1 0 0 0 1 0 0 0 1 0 0 0</i>
                <i>1 0 0 0 1 0 0 0 1 0 0 0</i>
                <i>1 0 0 0 1 0 0 0 1 0 0 0</i>
                <i>1 0 0 0 1 0 0 0 1 0 0 0</i>
                <i>1 0 0 0 1 0 0 0 1 0 0 0</i>
                <i>1 0 0 0 1 0 0 0 1 0 0 0</i>
                <i>1 0 0 0 1 0 0 0 1 0 0 0</i>
                <i>1 0 0 0 1 0 0 0 1 0 0 0</i>
                <i>1 0 0 0 1 0 0 0 1 0 0 0</i>
                <i>1 0 0 0 1 0 0 0 1 0 0 0</i>
                <i>1 0 0 0 1 0 0 0 1 0 0 0</i>
                <i>1 0 0 0 1 0 0 0 1 0 0 0</i>
                <i>1 0 0 0 1 0 0 0 1 0 0 0</i>
                <i>1 0 0 0 1 0 0 0 1 0 0 0</i>
                <i>1 0 0 0 1 0 0 0 1 0 0 0</i>
                <i>1 0 0 0 1 0 0 0 1 0 0 0</i>
                <i>1 0 0 0 1 0 0 0 1 0 0 0</i>
                <i>1 0 0 0 1 0 0 0 1 0 0 0</i>
                <i>1 0 0 0 1 0 0 0 1 0 0 0</i>
                <i>1 0 0 0 1 0 0 0 1 0 0 0</i>
                <i>1 0 0 0 1 0 0 0 1 0 0 0</i>
                <i>1 0 0 0 1 0 0 0 1 0 0 0</i>
                <i>1 0 0 0 1 0 0 0 1 0 0 0</i>
                <i>1 0 0 0 1 0 0 0 1 0 0 0</i>
                <i>1 0 0 0 1 0 0 0 1 0 0 0</i>
                <i>1 0 0 0 1 0 0 0 1 0 0 0</i>
                <i>1 0 0 0 1 0 0 0 1 0 0 0</i>
                <i>1 0 0 0 1 0 0 0 1 0 0 0</i>
                <i>1 0 0 0 1 0 0 0 1 0 0 0</i>
                <i>1 0 0 0 1 0 0 0 1 0 0 0</i>
                <i>1 0 0 0 1 0 0 0 1 0 0 0</i>
                <i>1 0 0 0 1 0 0 0 1 0 0 0</i>
                <i>1 0 0 0 1 0 0 0 1 0 0 0</i>
                <i>1 0 0 0 1 0 0 0 1 0 0 0</i>
                <i>1 0 0 0 1 0 0 0 1 0 0 0</i>
                <i>1 0 0 0 1 0 0 0 1 0 0 0</i>
                <i>1 0 0 0 1 0 0 0 1 0 0 0</i>
                <i>1 0 0 0 1 0 0 0 1 0 0 0</i>
                <i>1 0 0 0 1 0 0 0 1 0 0 0</i>
                <i>1 0 0 0 1 0 0 0 1 0 0 0</i>
                <i>1 0 0 0 1 0 0 0 1 0 0 0</i>
                <i>1 0 0 0 1 0 0 0 1 0 0 0</i>
                <i>1 0 0 0 1 0 0 0 1 0 0 0</i>
                <i>1 0 0 0 1 0 0 0 1 0 0 0</i>
                <i>1 0 0 0 1 0 0 0 1 0 0 0</i>
                <i>1 0 0 0 1 0 0 0 1 0 0 0</i>
                <i>1 0 0 0 1 0 0 0 1 0 0 0</i>
                <i>1 0 0 0 1 0 0 0 1 0 0 0</i>
                <i>1 0 0 0 1 0 0 0 1 0 0 0</i>
                <i>1 0 0 0 1 0 0 0 1 0 0 0</i>
                <i>1 0 0 0 1 0 0 0 1 0 0 0</i>
                <i>1 0 0 0 1 0 0 0 1 0 0 0</i>
                <i>1 0 0 0 1 0 0 0 1 0 0 0</i>
                <i>1 0 0 0 1 0 0 0 1 0 0 0</i>
                <i>1 0 0 0 1 0 0 0 1 0 0 0</i>
                <i>1 0 0 0 1 0 0 0 1 0 0 0</i>
                <i>1 0 0 0 1 0 0 0 1 0 0 0</i>
                <i>1 0 0 0 1 0 0 0 1 0 0 0</i>
                <i>1 0 0 0 1 0 0 0 1 0 0 0</i>
                <i>1 0 0 0 1 0 0 0 1 0 0 0</i>
                <i>1 0 0 0 1 0 0 0 1 0 0 0</i>
                <i>1 0 0 0 1 0 0 0 1 0 0 0</i>
                <i>1 0 0 0 1 0 0 0 1 0 0 0</i>
                <i>1 0 0 0 1 0 0 0 1 0 0 0</i>
                <i>1 0 0 0 1 0 0 0 1 0 0 0</i>
                <i>1 0 0 0 1 0 0 0 1 0 0 0</i>
                <i>1 0 0 0 1 0 0 0 1 0 0 0</i>
                <i>1 0 0 0 1 0 0 0 1 0 0 0</i>
                <i>1 0 0 0 1 0 0 0 1 0 0 0</i>
                <i>1 0 0 0 1 0 0 0 1 0 0 0</i>
                <i>1 0 0 0 1 0 0 0 1 0 0 0</i>
                <i>1 0 0 0 1 0 0 0 1 0 0 0</i>
                <i>1 0 0 0 1 0 0 0 1 0 0 0</i>
                <i>1 0 0 0 1 0 0 0 1 0 0 0</i>
                <i>1 0 0 0 1 0 0 0 1 0 0 0</i>
                <i>1 0 0 0 1 0 0 0 1 0 0 0</i>
                <i>1 0 0 0 1 0 0 0 1 0 0 0</i>
                <i>1 0 0 0 1 0 0 0 1 0 0 0</i>
                <i>1 0 0 0 1 0 0 0 1 0 0 0</i>
                <i>1 0 0 0 1 0 0 0 1 0 0 0</i>
                <i>1 0 0 0 1 0 0 0 1 0 0 0</i>
                <i>1 0 0 0 1 0 0 0 1 0 0 0</i>
                <i>1 0 0 0 1 0 0 0 1 0 0 0</i>
                <i>1 0 0 0 1 0 0 0 1 0 0 0</i>
                <i>1 0 0 0 1 0 0 0 1 0 0 0</i>
                <i>1 0 0 0 1 0 0 0 1 0 0 0</i>
                <i>1 0 0 0 1 0 0 0 1 0 0 0</i>
                <i>1 0 0 0 1 0 0 0 1 0 0 0</i>
                <i>1 0 0 0 1 0 0 0 1 0 0 0</i>
                <i>1 0 0 0 1 0 0 0 1 0 0 0</i>
                <i>1 0 0 0 1 0 0 0 1 0 0 0</i>
                <i>1 0 0 0 1 0 0 0 1 0 0 0</i>
                <i>1 0 0 0 1 0 0 0 1 0 0 0</i>
                <i>1 0 0 0 1 0 0 0 1 0 0 0</i>
                <i>1 0 0 0 1 0 0 0 1 0 0 0</i>
                <i>1 0 0 0 1 0 0 0 1 0 0 0</i>
                <i>1 0 0 0 1 0 0 0 1 0 0 0</i>
                <i>1 0 0 0 1 0 0 0 1 0 0 0</i>
                <i>1 0 0 0 1 0 0 0 1 0 0 0</i>
                <i>1 0 0 0 1 0 0 0 1 0 0 0</i>
                <i>1 0 0 0 1 0 0 0 1 0 0 0</i>
                <i>1 0 0 0 1 0 0 0 1 0 0 0</i>
                <i>1 0 0 0 1 0 0 0 1 0 0 0</i>
                <i>1 0 0 0 1 0 0 0 1 0 0 0</i>
                <i>1 0 0 0 1 0 0 0 1 0 0 0</i>
                <i>1 0 0 0 1 0 0 0 1 0 0 0</i>
                <i>1 0 0 0 1 0 0 0 1 0 0 0</i>
                <i>1 0 0 0 1 0 0 0 1 0 0 0</i>
                <i>1 0 0 0 1 0 0 0 1 0 0 0</i>
                <i>1 0 0 0 1 0 0 0 1 0 0 0</i>
                <i>1 0 0 0 1 0 0 0 1 0 0 0</i>
                <i>1 0 0 0 1 0 0 0 1 0 0 0</i>
                <i>1 0 0 0 1 0 0 0 1 0 0 0</i>
                <i>1 0 0 0 1 0 0 0 1 0 0 0</i>
                <i>1 0 0 0 1 0 0 0 1 0 0 0</i>
                <i>1 0 0 0 1 0 0 0 1 0 0 0</i>
                <i>1 0 0 0 1 0 0 0 1 0 0 0</i>
                <i>1 0 0 0 1 0 0 0 1 0 0 0</i>
                <i>1 0 0 0 1 0 0 0 1 0 0 0</i>
                <i>1 0 0 0 1 0 0 0 1 0 0 0</i>
                <i>1 0 0 0 1 0 0 0 1 0 0 0</i>
                <i>1 0 0 0 1 0 0 0 1 0 0 0</i>
                <i>1 0 0 0 1 0 0 0 1 0 0 0</i>
                <i>1 0 0 0 1 0 0 0 1 0 0 0</i>
                <i>1 0 0 0 1 0 0 0 1 0 0 0</i>
                <i>1 0 0 0 1 0 0 0 1 0 0 0</i>
                <i>1 0 0 0 1 0 0 0 1 0 0 0</i>
                <i>1 0 0 0 1 0 0 0 1 0 0 0</i>
                <i>1 0 0 0 1 0 0 0 1 0 0 0</i>
                <i>1 0 0 0 1 0 0 0 1 0 0 0</i>
                <i>1 0 0 0 1 0 0 0 1 0 0 0</i>
                <i>1 0 0 0 1 0 0 0 1 0 0 0</i>
            </KeyFrames>
        </RefFrame>
        <Bones count="29">
            <i>
                <p>
                    <Name>
                        <![CDATA[mi12_homer_root]]>
</Name>
                    <Exclude>0</Exclude>
                    <Additive>0</Additive>
                    <IKPriority>0</IKPriority>
                    <IKRotLimits>-1e+010 -1e+010 -1e+010 1e+010 1e+010 1e+010</IKRotLimits>
                    <IKRotLimitOrder>0</IKRotLimitOrder>
                    <KeyFrames count="193">
                        <i>1 0 0 0 0.992856 0.119319 0 -0.119319 0.992856 0 22.0914 0</i>
                        <i>1 -0.000418924 3.38813e-021 0.000415931 0.992856 0.119319 -4.99854e-005 -0.119319 0.992856 0 22.0916 0</i>
                        <i>1 -0.000855951 0 0.000849836 0.992856 0.119319 -0.000102131 -0.119319 0.992856 0 22.0924 0</i>
                        <i>0.999999 -0.00130969 1.35525e-020 0.00130033 0.992855 0.119319 -0.00015627 -0.119319 0.992856 0 22.0936 0</i>
                        <i>0.999998 -0.00177874 0 0.00176604 0.992854 0.119319 -0.000212237 -0.119318 0.992856 0 22.0952 0</i>
                        <i>0.999997 -0.00226172 0 0.00224556 0.992853 0.119319 -0.000269866 -0.119318 0.992856 0 22.0974 0</i>
                        <i>0.999996 -0.00275723 -2.71051e-020 0.00273754 0.992852 0.119319 -0.000328989 -0.119318 0.992856 0 22.0999 0</i>
                        <i>0.999995 -0.00326389 2.71051e-020 0.00324057 0.992851 0.119319 -0.000389442 -0.119318 0.992856 0 22.1029 0</i>
                        <i>0.999993 -0.00378029 -2.71051e-020 0.00375328 0.992849 0.119319 -0.000451058 -0.119318 0.992856 0 22.1064 0</i>
                        <i>0.999991 -0.00430504 -5.42101e-020 0.00427428 0.992847 0.119319 -0.000513671 -0.119318 0.992856 0 22.1102 0</i>
                        <i>0.999988 -0.00483675 0 0.0048022 0.992844 0.119319 -0.000577115 -0.119317 0.992856 0 22.1145 0</i>
                        <i>0.999986 -0.00537404 5.42101e-020 0.00533564 0.992842 0.119319 -0.000641223 -0.119317 0.992856 0 22.1191 0</i>
                        <i>0.999982 -0.0059155 5.42101e-020 0.00587323 0.992839 0.119319 -0.000705829 -0.119317 0.992856 0 22.1241 0</i>
                        <i>0.999979 -0.00645974 0 0.00641359 0.992835 0.119319 -0.000770767 -0.119316 0.992856 0 22.1295 0</i>
                        <i>0.999975 -0.00700537 1.0842e-019 0.00695532 0.992832 0.119319 -0.000835871 -0.119316 0.992856 0 22.1353 0</i>
                        <i>0.999972 -0.007551 -5.42101e-020 0.00749706 0.992828 0.119319 -0.000900975 -0.119315 0.992856 0 22.1414 0</i>
                        <i>0.999967 -0.00809524 -5.42101e-020 0.00803741 0.992823 0.119319 -0.000965913 -0.119315 0.992856 0 22.1478 0</i>
                        <i>0.999963 -0.00863669 1.0842e-019 0.00857499 0.992819 0.119319 -0.00103052 -0.119314 0.992856 0 22.1546 0</i>
                        <i>0.999958 -0.00917396 0 0.00910842 0.992814 0.119319 -0.00109462 -0.119314 0.992856 0 22.1617 0</i>
                        <i>0.999953 -0.00970565 1.0842e-019 0.00963631 0.992809 0.119319 -0.00115806 -0.119313 0.992856 0 22.1691 0</i>
                        <i>0.999948 -0.0102304 -1.0842e-019 0.0101573 0.992804 0.119319 -0.00122068 -0.119312 0.992856 0 22.1768 0</i>
                        <i>0.999942 -0.0107468 0 0.01067 0.992799 0.119319 -0.00128229 -0.119312 0.992856 0 22.1848 0</i>
                        <i>0.999937 -0.0112534 0 0.011173 0.992793 0.119319 -0.00134274 -0.119311 0.992856 0 22.193 0</i>
                        <i>0.999931 -0.0117489 1.0842e-019 0.0116649 0.992787 0.119319 -0.00140186 -0.11931 0.992856 0 22.2016 0</i>
                        <i>0.999925 -0.0122318 0 0.0121444 0.992782 0.119319 -0.00145948 -0.11931 0.992856 0 22.2104 0</i>
                        <i>0.999919 -0.0127008 -1.0842e-019 0.0126101 0.992776 0.119319 -0.00151544 -0.119309 0.992856 0 22.2194 0</i>
                        <i>0.999913 -0.0131545 0 0.0130605 0.99277 0.119319 -0.00156958 -0.119308 0.992856 0 22.2287 0</i>
                        <i>0.999908 -0.0135915 0 0.0134944 0.992764 0.119319 -0.00162172 -0.119308 0.992856 0 22.2382 0</i>
                        <i>0.999902 -0.0140104 1.0842e-019 0.0139103 0.992759 0.119319 -0.0016717 -0.119307 0.992856 0 22.248 0</i>
                        <i>0.999896 -0.0144098 1.0842e-019 0.0143068 0.992753 0.119319 -0.00171936 -0.119306 0.992856 0 22.2579 0</i>
                        <i>0.999891 -0.0147883 0 0.0146826 0.992747 0.119319 -0.00176452 -0.119306 0.992856 0 22.268 0</i>
                        <i>0.999885 -0.0151445 0 0.0150363 0.992742 0.119319 -0.00180702 -0.119305 0.992856 0 22.2783 0</i>
                        <i>0.99988 -0.0154771 0 0.0153665 0.992737 0.119319 -0.0018467 -0.119304 0.992856 0 22.2888 0</i>
                        <i>0.999875 -0.0157845 1.0842e-019 0.0156718 0.992732 0.119319 -0.00188339 -0.119304 0.992856 0 22.2995 0</i>
                        <i>0.999871 -0.0160656 1.0842e-019 0.0159508 0.992728 0.119319 -0.00191692 -0.119303 0.992856 0 22.3103 0</i>
                        <i>0.999867 -0.0163187 -1.0842e-019 0.0162022 0.992724 0.119319 -0.00194713 -0.119303 0.992856 0 22.3213 0</i>
                        <i>0.999863 -0.0165427 -2.1684e-019 0.0164245 0.99272 0.119319 -0.00197385 -0.119302 0.992856 0 22.3323 0</i>
                        <i>0.99986 -0.016736 -2.1684e-019 0.0166164 0.992717 0.119319 -0.00199691 -0.119302 0.992856 0 22.3436 0</i>
                        <i>0.999857 -0.0168973 2.1684e-019 0.0167765 0.992714 0.119319 -0.00201616 -0.119302 0.992856 0 22.3549 0</i>
                        <i>0.999855 -0.0170251 0 0.0169035 0.992712 0.119319 -0.00203141 -0.119301 0.992856 0 22.3663 0</i>
                        <i>0.999853 -0.0171182 0 0.0169959 0.992711 0.119319 -0.00204252 -0.119301 0.992856 0 22.3779 0</i>
                        <i>0.999852 -0.017175 0 0.0170523 0.99271 0.119319 -0.0020493 -0.119301 0.992856 0 22.3895 0</i>
                        <i>0.999852 -0.0171943 0 0.0170715 0.992709 0.119319 -0.0020516 -0.119301 0.992856 0 22.4011 0</i>
                        <i>0.999852 -0.0171833 2.1684e-019 0.0170606 0.992709 0.119319 -0.00205029 -0.119301 0.992856 0 22.4129 0</i>
                        <i>0.999853 -0.0171509 2.1684e-019 0.0170284 0.99271 0.119319 -0.00204642 -0.119301 0.992856 0 22.4247 0</i>
                        <i>0.999854 -0.0170975 0 0.0169753 0.992711 0.119319 -0.00204005 -0.119301 0.992856 0 22.4365 0</i>
                        <i>0.999855 -0.0170237 0 0.0169021 0.992712 0.119319 -0.00203124 -0.119301 0.992856 0 22.4484 0</i>
                        <i>0.999857 -0.0169301 0 0.0168091 0.992714 0.119319 -0.00202007 -0.119302 0.992856 0 22.4603 0</i>
                        <i>0.999859 -0.0168173 2.1684e-019 0.0166971 0.992716 0.119319 -0.00200661 -0.119302 0.992856 0 22.4722 0</i>
                        <i>0.999861 -0.0166858 -2.1684e-019 0.0165666 0.992718 0.119319 -0.00199093 -0.119302 0.992856 0 22.4841 0</i>
                        <i>0.999863 -0.0165362 0 0.0164181 0.99272 0.119319 -0.00197308 -0.119302 0.992856 0 22.496 0</i>
                        <i>0.999866 -0.0163692 2.1684e-019 0.0162522 0.992723 0.119319 -0.00195315 -0.119303 0.992856 0 22.5078 0</i>
                        <i>0.999869 -0.0161851 0 0.0160695 0.992726 0.119319 -0.00193119 -0.119303 0.992856 0 22.5197 0</i>
                        <i>0.999872 -0.0159848 -1.0842e-019 0.0158706 0.992729 0.119319 -0.00190728 -0.119303 0.992856 0 22.5314 0</i>
                        <i>0.999876 -0.0157686 0 0.0156559 0.992733 0.119319 -0.00188148 -0.119304 0.992856 0 22.5432 0</i>
                        <i>0.999879 -0.0155372 -2.1684e-019 0.0154262 0.992736 0.119319 -0.00185387 -0.119304 0.992856 0 22.5549 0</i>
                        <i>0.999883 -0.0152911 1.0842e-019 0.0151819 0.99274 0.119319 -0.00182451 -0.119305 0.992856 0 22.5665 0</i>
                        <i>0.999887 -0.015031 0 0.0149236 0.992744 0.119319 -0.00179347 -0.119305 0.992856 0 22.578 0</i>
                        <i>0.999891 -0.0147573 0 0.0146519 0.992748 0.119319 -0.00176082 -0.119306 0.992856 0 22.5894 0</i>
                        <i>0.999895 -0.0144707 0 0.0143673 0.992752 0.119319 -0.00172663 -0.119306 0.992856 0 22.6008 0</i>
                        <i>0.9999 -0.0141718 0 0.0140705 0.992756 0.119319 -0.00169095 -0.119307 0.992856 0 22.612 0</i>
                        <i>0.999904 -0.013861 0 0.013762 0.992761 0.119319 -0.00165388 -0.119307 0.992856 0 22.6231 0</i>
                        <i>0.999908 -0.013539 0 0.0134423 0.992765 0.119319 -0.00161546 -0.119308 0.992856 0 22.634 0</i>
                        <i>0.999913 -0.0132064 1.0842e-019 0.0131121 0.992769 0.119319 -0.00157577 -0.119308 0.992856 0 22.6448 0</i>
                        <i>0.999917 -0.0128637 1.0842e-019 0.0127718 0.992774 0.119319 -0.00153488 -0.119309 0.992856 0 22.6555 0</i>
                        <i>0.999922 -0.0125115 1.0842e-019 0.0124221 0.992778 0.119319 -0.00149286 -0.119309 0.992856 0 22.666 0</i>
                        <i>0.999926 -0.0121504 1.0842e-019 0.0120636 0.992783 0.119319 -0.00144976 -0.11931 0.992856 0 22.6763 0</i>
                        <i>0.999931 -0.0117809 0 0.0116967 0.992787 0.119319 -0.00140568 -0.11931 0.992856 0 22.6864 0</i>
                        <i>0.999935 -0.0114036 0 0.0113221 0.992791 0.119319 -0.00136066 -0.119311 0.992856 0 22.6964 0</i>
                        <i>0.999939 -0.0110191 -1.0842e-019 0.0109403 0.992796 0.119319 -0.00131478 -0.119311 0.992856 0 22.7061 0</i>
                        <i>0.999943 -0.0106279 0 0.010552 0.9928 0.119319 -0.00126811 -0.119312 0.992856 0 22.7156 0</i>
                        <i>0.999948 -0.0102307 1.0842e-019 0.0101576 0.992804 0.119319 -0.00122071 -0.119312 0.992856 0 22.7249 0</i>
                        <i>0.999952 -0.00982796 -1.0842e-019 0.00975775 0.992808 0.119319 -0.00117266 -0.119313 0.992856 0 22.7339 0</i>
                        <i>0.999956 -0.0094203 0 0.00935301 0.992812 0.119319 -0.00112402 -0.119313 0.992856 0 22.7427 0</i>
                        <i>0.999959 -0.00900829 0 0.00894394 0.992816 0.119319 -0.00107486 -0.119314 0.992856 0 22.7513 0</i>
                        <i>0.999963 -0.0085925 0 0.00853111 0.992819 0.119319 -0.00102524 -0.119314 0.992856 0 22.7596 0</i>
                        <i>0.999967 -0.00817349 -5.42101e-020 0.0081151 0.992823 0.119319 -0.000975249 -0.119315 0.992856 0 22.7676 0</i>
                        <i>0.99997 -0.00775184 5.42101e-020 0.00769646 0.992826 0.119319 -0.000924939 -0.119315 0.992856 0 22.7753 0</i>
                        <i>0.999973 -0.00732812 0 0.00727577 0.992829 0.119319 -0.000874381 -0.119315 0.992856 0 22.7827 0</i>
                        <i>0.999976 -0.00690291 0 0.00685359 0.992832 0.119319 -0.000823645 -0.119316 0.992856 0 22.7898 0</i>
                        <i>0.999979 -0.00647677 5.42101e-020 0.0064305 0.992835 0.119319 -0.000772799 -0.119316 0.992856 0 22.7965 0</i>
                        <i>0.999982 -0.00605029 5.42101e-020 0.00600706 0.992838 0.119319 -0.000721912 -0.119316 0.992856 0 22.803 0</i>
                        <i>0.999984 -0.00562402 -5.42101e-020 0.00558384 0.99284 0.119319 -0.00067105 -0.119317 0.992856 0 22.8091 0</i>
                        <i>0.999986 -0.00519855 5.42101e-020 0.00516141 0.992843 0.119319 -0.000620284 -0.119317 0.992856 0 22.8148 0</i>
                        <i>0.999989 -0.00477444 -5.42101e-020 0.00474033 0.992845 0.119319 -0.00056968 -0.119317 0.992856 0 22.8202 0</i>
                        <i>0.999991 -0.00435228 0 0.00432118 0.992847 0.119319 -0.000519307 -0.119317 0.992856 0 22.8252 0</i>
                        <i>0.999992 -0.00393262 -2.71051e-020 0.00390452 0.992848 0.119319 -0.000469234 -0.119318 0.992856 0 22.8299 0</i>
                        <i>0.999994 -0.00351604 0 0.00349092 0.99285 0.119319 -0.000419529 -0.119318 0.992856 0 22.8341 0</i>
                        <i>0.999995 -0.00310312 0 0.00308095 0.992851 0.119319 -0.00037026 -0.119318 0.992856 0 22.838 0</i>
                        <i>0.999996 -0.00269443 0 0.00267518 0.992852 0.119319 -0.000321495 -0.119318 0.992856 0 22.8414 0</i>
                        <i>0.999997 -0.00229053 -2.71051e-020 0.00227417 0.992853 0.119319 -0.000273303 -0.119318 0.992856 0 22.8444 0</i>
                        <i>0.999998 -0.00189201 -1.35525e-020 0.00187849 0.992854 0.119319 -0.000225752 -0.119318 0.992856 0 22.847 0</i>
                        <i>0.999999 -0.00149943 -1.35525e-020 0.00148872 0.992855 0.119319 -0.00017891 -0.119318 0.992856 0 22.8491 0</i>
                        <i>0.999999 -0.00111337 0 0.00110542 0.992855 0.119319 -0.000132846 -0.119319 0.992856 0 22.8508 0</i>
                        <i>1 -0.000734393 6.77626e-021 0.000729147 0.992856 0.119319 -8.76268e-005 -0.119319 0.992856 0 22.852 0</i>
                        <i>1 -0.00036308 -3.38813e-021 0.000360486 0.992856 0.119319 -4.33222e-005 -0.119319 0.992856 0 22.8527 0</i>
                        <i>1 0 0 0 0.992856 0.119319 0 -0.119319 0.992856 0 22.8529 0</i>
                        <i>1 0.000370066 3.38813e-021 -0.000367423 0.992856 0.119319 4.41558e-005 -0.119319 0.992856 0 22.8527 0</i>
                        <i>1 0.000761774 0 -0.000756332 0.992856 0.119319 9.08938e-005 -0.119319 0.992856 0 22.852 0</i>
                        <i>0.999999 0.0011737 0 -0.00116532 0.992855 0.119319 0.000140045 -0.119319 0.992856 0 22.8508 0</i>
                        <i>0.999999 0.00160444 0 -0.00159297 0.992855 0.119319 0.000191439 -0.119318 0.992856 0 22.8491 0</i>
                        <i>0.999998 0.00205255 0 -0.00203789 0.992854 0.119319 0.000244908 -0.119318 0.992856 0 22.847 0</i>
                        <i>0.999997 0.00251664 2.71051e-020 -0.00249866 0.992853 0.119319 0.000300282 -0.119318 0.992856 0 22.8444 0</i>
                        <i>0.999996 0.00299527 0 -0.00297387 0.992852 0.119319 0.000357391 -0.119318 0.992856 0 22.8414 0</i>
                        <i>0.999994 0.00348702 0 -0.00346211 0.99285 0.119319 0.000416067 -0.119318 0.992856 0 22.838 0</i>
                        <i>0.999992 0.00399049 -2.71051e-020 -0.00396198 0.992848 0.119319 0.000476139 -0.119318 0.992856 0 22.8341 0</i>
                        <i>0.99999 0.00450424 5.42101e-020 -0.00447206 0.992846 0.119319 0.00053744 -0.119317 0.992856 0 22.8299 0</i>
                        <i>0.999987 0.00502686 0 -0.00499095 0.992843 0.119319 0.000599798 -0.119317 0.992856 0 22.8252 0</i>
                        <i>0.999985 0.00555694 0 -0.00551724 0.992841 0.119319 0.000663046 -0.119317 0.992856 0 22.8202 0</i>
                        <i>0.999981 0.00609305 -5.42101e-020 -0.00604952 0.992838 0.119319 0.000727014 -0.119316 0.992856 0 22.8148 0</i>
                        <i>0.999978 0.00663377 0 -0.00658638 0.992834 0.119319 0.000791532 -0.119316 0.992856 0 22.8091 0</i>
                        <i>0.999974 0.00717769 -5.42101e-020 -0.00712641 0.99283 0.119319 0.000856432 -0.119316 0.992856 0 22.803 0</i>
                        <i>0.99997 0.00772338 -5.42101e-020 -0.0076682 0.992826 0.119319 0.000921543 -0.119315 0.992856 0 22.7965 0</i>
                        <i>0.999966 0.00826943 0 -0.00821035 0.992822 0.119319 0.000986696 -0.119315 0.992856 0 22.7898 0</i>
                        <i>0.999961 0.00881441 0 -0.00875144 0.992817 0.119319 0.00105172 -0.119314 0.992856 0 22.7827 0</i>
                        <i>0.999956 0.00935692 1.0842e-019 -0.00929007 0.992813 0.119319 0.00111645 -0.119313 0.992856 0 22.7753 0</i>
                        <i>0.999951 0.00989552 -1.0842e-019 -0.00982483 0.992807 0.119319 0.00118072 -0.119313 0.992856 0 22.7676 0</i>
                        <i>0.999946 0.0104288 0 -0.0103543 0.992802 0.119319 0.00124435 -0.119312 0.992856 0 22.7596 0</i>
                        <i>0.99994 0.0109554 0 -0.0108771 0.992796 0.119319 0.00130718 -0.119311 0.992856 0 22.7513 0</i>
                        <i>0.999934 0.0114737 1.0842e-019 -0.0113918 0.992791 0.119319 0.00136903 -0.119311 0.992856 0 22.7427 0</i>
                        <i>0.999928 0.0119826 0 -0.011897 0.992785 0.119319 0.00142974 -0.11931 0.992856 0 22.7339 0</i>
                        <i>0.999922 0.0124804 0 -0.0123912 0.992779 0.119319 0.00148914 -0.119309 0.992856 0 22.7249 0</i>
                        <i>0.999916 0.0129658 0 -0.0128732 0.992773 0.119319 0.00154706 -0.119309 0.992856 0 22.7156 0</i>
                        <i>0.99991 0.0134374 0 -0.0133414 0.992766 0.119319 0.00160333 -0.119308 0.992856 0 22.7061 0</i>
                        <i>0.999904 0.0138937 1.0842e-019 -0.0137944 0.99276 0.119319 0.00165778 -0.119307 0.992856 0 22.6964 0</i>
                        <i>0.999897 0.0143334 0 -0.014231 0.992754 0.119319 0.00171024 -0.119306 0.992856 0 22.6864 0</i>
                        <i>0.999891 0.0147549 0 -0.0146495 0.992748 0.119319 0.00176054 -0.119306 0.992856 0 22.6763 0</i>
                        <i>0.999885 0.015157 0 -0.0150487 0.992742 0.119319 0.00180851 -0.119305 0.992856 0 22.666 0</i>
                        <i>0.999879 0.0155382 0 -0.0154272 0.992736 0.119319 0.00185399 -0.119304 0.992856 0 22.6555 0</i>
                        <i>0.999874 0.015897 0 -0.0157834 0.992731 0.119319 0.0018968 -0.119304 0.992856 0 22.6448 0</i>
                        <i>0.999868 0.016232 0 -0.0161161 0.992725 0.119319 0.00193678 -0.119303 0.992856 0 22.634 0</i>
                        <i>0.999863 0.0165419 0 -0.0164237 0.99272 0.119319 0.00197375 -0.119302 0.992856 0 22.6231 0</i>
                        <i>0.999858 0.0168252 -2.1684e-019 -0.016705 0.992715 0.119319 0.00200755 -0.119302 0.992856 0 22.612 0</i>
                        <i>0.999854 0.0170804 0 -0.0169584 0.992711 0.119319 0.00203801 -0.119301 0.992856 0 22.6008 0</i>
                        <i>0.99985 0.0173062 0 -0.0171826 0.992707 0.119319 0.00206496 -0.119301 0.992856 0 22.5894 0</i>
                        <i>0.999847 0.0175012 2.1684e-019 -0.0173762 0.992704 0.119319 0.00208822 -0.1193 0.992856 0 22.578 0</i>
                        <i>0.999844 0.0176639 2.1684e-019 -0.0175377 0.992701 0.119319 0.00210763 -0.1193 0.992856 0 22.5665 0</i>
                        <i>0.999842 0.0177929 0 -0.0176658 0.992699 0.119319 0.00212303 -0.1193 0.992856 0 22.5549 0</i>
                        <i>0.99984 0.0178868 -2.1684e-019 -0.0177591 0.992697 0.119319 0.00213423 -0.1193 0.992856 0 22.5432 0</i>
                        <i>0.999839 0.0179442 2.1684e-019 -0.017816 0.992696 0.119319 0.00214108 -0.119299 0.992856 0 22.5314 0</i>
                        <i>0.999839 0.0179637 0 -0.0178353 0.992696 0.119319 0.0021434 -0.119299 0.992856 0 22.5197 0</i>
                        <i>0.999839 0.0179505 -2.1684e-019 -0.0178223 0.992696 0.119319 0.00214183 -0.119299 0.992856 0 22.5078 0</i>
                        <i>0.99984 0.0179116 0 -0.0177836 0.992697 0.119319 0.00213718 -0.119299 0.992856 0 22.496 0</i>
                        <i>0.999841 0.0178476 0 -0.0177201 0.992698 0.119319 0.00212955 -0.1193 0.992856 0 22.4841 0</i>
                        <i>0.999842 0.0177593 -2.1684e-019 -0.0176324 0.992699 0.119319 0.00211901 -0.1193 0.992856 0 22.4722 0</i>
                        <i>0.999844 0.0176475 0 -0.0175214 0.992701 0.119319 0.00210568 -0.1193 0.992856 0 22.4603 0</i>
                        <i>0.999847 0.017513 -2.1684e-019 -0.0173879 0.992704 0.119319 0.00208963 -0.1193 0.992856 0 22.4484 0</i>
                        <i>0.999849 0.0173565 0 -0.0172325 0.992706 0.119319 0.00207095 -0.119301 0.992856 0 22.4365 0</i>
                        <i>0.999852 0.0171788 0 -0.0170561 0.99271 0.119319 0.00204975 -0.119301 0.992856 0 22.4247 0</i>
                        <i>0.999856 0.0169807 0 -0.0168594 0.992713 0.119319 0.00202611 -0.119301 0.992856 0 22.4129 0</i>
                        <i>0.99986 0.0167629 0 -0.0166431 0.992716 0.119319 0.00200012 -0.119302 0.992856 0 22.4011 0</i>
                        <i>0.999863 0.0165262 0 -0.0164081 0.99272 0.119319 0.00197188 -0.119302 0.992856 0 22.3895 0</i>
                        <i>0.999868 0.0162713 0 -0.0161551 0.992725 0.119319 0.00194147 -0.119303 0.992856 0 22.3779 0</i>
                        <i>0.999872 0.0159991 0 -0.0158848 0.992729 0.119319 0.00190899 -0.119303 0.992856 0 22.3663 0</i>
                        <i>0.999877 0.0157102 0 -0.015598 0.992733 0.119319 0.00187452 -0.119304 0.992856 0 22.3549 0</i>
                        <i>0.999881 0.0154056 -1.0842e-019 -0.0152955 0.992738 0.119319 0.00183817 -0.119304 0.992856 0 22.3436 0</i>
                        <i>0.999886 0.0150858 -1.0842e-019 -0.014978 0.992743 0.119319 0.00180002 -0.119305 0.992856 0 22.3323 0</i>
                        <i>0.999891 0.0147517 0 -0.0146464 0.992748 0.119319 0.00176016 -0.119306 0.992856 0 22.3213 0</i>
                        <i>0.999896 0.0144041 1.0842e-019 -0.0143012 0.992753 0.119319 0.00171868 -0.119306 0.992856 0 22.3103 0</i>
                        <i>0.999901 0.0140437 0 -0.0139434 0.992758 0.119319 0.00167568 -0.119307 0.992856 0 22.2995 0</i>
                        <i>0.999907 0.0136713 -1.0842e-019 -0.0135737 0.992763 0.119319 0.00163125 -0.119307 0.992856 0 22.2888 0</i>
                        <i>0.999912 0.0132877 0 -0.0131928 0.992768 0.119319 0.00158547 -0.119308 0.992856 0 22.2783 0</i>
                        <i>0.999917 0.0128936 1.0842e-019 -0.0128015 0.992773 0.119319 0.00153844 -0.119309 0.992856 0 22.268 0</i>
                        <i>0.999922 0.0124898 0 -0.0124005 0.992779 0.119319 0.00149026 -0.119309 0.992856 0 22.2579 0</i>
                        <i>0.999927 0.012077 0 -0.0119907 0.992784 0.119319 0.00144101 -0.11931 0.992856 0 22.248 0</i>
                        <i>0.999932 0.011656 0 -0.0115728 0.992789 0.119319 0.00139078 -0.119311 0.992856 0 22.2382 0</i>
                        <i>0.999937 0.0112277 0 -0.0111475 0.992793 0.119319 0.00133967 -0.119311 0.992856 0 22.2287 0</i>
                        <i>0.999942 0.0107927 0 -0.0107156 0.992798 0.119319 0.00128776 -0.119312 0.992856 0 22.2194 0</i>
                        <i>0.999946 0.0103518 1.0842e-019 -0.0102778 0.992803 0.119319 0.00123516 -0.119312 0.992856 0 22.2104 0</i>
                        <i>0.999951 0.00990577 1.0842e-019 -0.009835 0.992807 0.119319 0.00118194 -0.119313 0.992856 0 22.2016 0</i>
                        <i>0.999955 0.00945542 1.0842e-019 -0.00938787 0.992812 0.119319 0.00112821 -0.119313 0.992856 0 22.193 0</i>
                        <i>0.999959 0.00900149 -1.0842e-019 -0.00893719 0.992816 0.119319 0.00107405 -0.119314 0.992856 0 22.1848 0</i>
                        <i>0.999964 0.00854476 -1.0842e-019 -0.00848371 0.99282 0.119319 0.00101955 -0.119314 0.992856 0 22.1768 0</i>
                        <i>0.999967 0.00808597 1.0842e-019 -0.0080282 0.992824 0.119319 0.000964806 -0.119315 0.992856 0 22.1691 0</i>
                        <i>0.999971 0.0076259 0 -0.00757142 0.992827 0.119319 0.000909912 -0.119315 0.992856 0 22.1617 0</i>
                        <i>0.999974 0.00716533 0 -0.00711414 0.992831 0.119319 0.000854957 -0.119316 0.992856 0 22.1546 0</i>
                        <i>0.999978 0.006705 -5.42101e-020 -0.0066571 0.992834 0.119319 0.000800032 -0.119316 0.992856 0 22.1478 0</i>
                        <i>0.999981 0.0062457 5.42101e-020 -0.00620108 0.992837 0.119319 0.000745229 -0.119316 0.992856 0 22.1414 0</i>
                        <i>0.999983 0.00578819 0 -0.00574684 0.992839 0.119319 0.000690639 -0.119317 0.992856 0 22.1353 0</i>
                        <i>0.999986 0.00533323 5.42101e-020 -0.00529513 0.992842 0.119319 0.000636353 -0.119317 0.992856 0 22.1295 0</i>
                        <i>0.999988 0.00488159 0 -0.00484671 0.992844 0.119319 0.000582464 -0.119317 0.992856 0 22.1241 0</i>
                        <i>0.99999 0.00443404 -5.42101e-020 -0.00440236 0.992846 0.119319 0.000529063 -0.119317 0.992856 0 22.1191 0</i>
                        <i>0.999992 0.00399134 0 -0.00396282 0.992848 0.119319 0.000476241 -0.119318 0.992856 0 22.1145 0</i>
                        <i>0.999994 0.00355426 -2.71051e-020 -0.00352887 0.99285 0.119319 0.00042409 -0.119318 0.992856 0 22.1102 0</i>
                        <i>0.999995 0.00312357 0 -0.00310126 0.992851 0.119319 0.0003727 -0.119318 0.992856 0 22.1064 0</i>
                        <i>0.999996 0.00270004 0 -0.00268075 0.992852 0.119319 0.000322165 -0.119318 0.992856 0 22.1029 0</i>
                        <i>0.999997 0.00228442 2.71051e-020 -0.0022681 0.992853 0.119319 0.000272574 -0.119318 0.992856 0 22.0999 0</i>
                        <i>0.999998 0.00187749 0 -0.00186408 0.992854 0.119319 0.00022402 -0.119318 0.992856 0 22.0974 0</i>
                        <i>0.999999 0.00148002 -1.35525e-020 -0.00146944 0.992855 0.119319 0.000176593 -0.119318 0.992856 0 22.0952 0</i>
                        <i>0.999999 0.00109276 -1.35525e-020 -0.00108496 0.992855 0.119319 0.000130387 -0.119319 0.992856 0 22.0936 0</i>
                        <i>1 0.0007165 0 -0.000711381 0.992856 0.119319 8.54918e-005 -0.119319 0.992856 0 22.0924 0</i>
                        <i>1 0.000351989 -3.38813e-021 -0.000349475 0.992856 0.119319 4.19989e-005 -0.119319 0.992856 0 22.0916 0</i>
                        <i>1 0 0 0 0.992856 0.119319 0 -0.119319 0.992856 0 22.0914 0</i>
                    </KeyFrames>
                </p>
            </i>
            <i>
                <p>
                    <Name>
                        <![CDATA[engine_r]]>
</Name>
                    <Exclude>0</Exclude>
                    <Additive>0</Additive>
                    <IKPriority>0</IKPriority>
                    <IKRotLimits>-1e+010 -1e+010 -1e+010 1e+010 1e+010 1e+010</IKRotLimits>
                    <IKRotLimitOrder>0</IKRotLimitOrder>
                    <KeyFrames count="193">
                        <i>1 0 0 0 0.992856 0.119319 0 -0.119319 0.992856 -31.8254 21.7941 3.59401</i>
                        <i>1 -0.000418924 3.38813e-021 0.000415931 0.992856 0.119319 -4.99854e-005 -0.119319 0.992856 -31.8256 21.8077 3.59401</i>
                        <i>1 -0.000855951 0 0.000849836 0.992856 0.119319 -0.000102131 -0.119319 0.992856 -31.8257 21.8224 3.59401</i>
                        <i>0.999999 -0.00130969 1.35525e-020 0.00130033 0.992855 0.119319 -0.00015627 -0.119319 0.992856 -31.8258 21.838 3.59401</i>
                        <i>0.999998 -0.00177874 0 0.00176604 0.992854 0.119319 -0.000212237 -0.119318 0.992856 -31.8259 21.8546 3.59401</i>
                        <i>0.999997 -0.00226172 0 0.00224556 0.992853 0.119319 -0.000269866 -0.119318 0.992856 -31.826 21.8721 3.59401</i>
                        <i>0.999996 -0.00275723 -2.71051e-020 0.00273754 0.992852 0.119319 -0.000328989 -0.119318 0.992856 -31.8261 21.8904 3.59401</i>
                        <i>0.999995 -0.00326389 2.71051e-020 0.00324057 0.992851 0.119319 -0.000389442 -0.119318 0.992856 -31.8262 21.9096 3.59401</i>
                        <i>0.999993 -0.00378029 -2.71051e-020 0.00375328 0.992849 0.119319 -0.000451058 -0.119318 0.992856 -31.8263 21.9294 3.59401</i>
                        <i>0.999991 -0.00430504 -5.42101e-020 0.00427428 0.992847 0.119319 -0.000513671 -0.119318 0.992856 -31.8264 21.95 3.59401</i>
                        <i>0.999988 -0.00483675 0 0.0048022 0.992844 0.119319 -0.000577115 -0.119317 0.992856 -31.8265 21.9711 3.59401</i>
                        <i>0.999986 -0.00537404 5.42101e-020 0.00533564 0.992842 0.119319 -0.000641223 -0.119317 0.992856 -31.8266 21.9929 3.59401</i>
                        <i>0.999982 -0.0059155 5.42101e-020 0.00587323 0.992839 0.119319 -0.000705829 -0.119317 0.992856 -31.8266 22.0151 3.59401</i>
                        <i>0.999979 -0.00645974 0 0.00641359 0.992835 0.119319 -0.000770767 -0.119316 0.992856 -31.8267 22.0378 3.59401</i>
                        <i>0.999975 -0.00700537 1.0842e-019 0.00695532 0.992832 0.119319 -0.000835871 -0.119316 0.992856 -31.8267 22.061 3.59401</i>
                        <i>0.999972 -0.007551 -5.42101e-020 0.00749706 0.992828 0.119319 -0.000900975 -0.119315 0.992856 -31.8268 22.0844 3.59401</i>
                        <i>0.999967 -0.00809524 -5.42101e-020 0.00803741 0.992823 0.119319 -0.000965913 -0.119315 0.992856 -31.8268 22.1082 3.59401</i>
                        <i>0.999963 -0.00863669 1.0842e-019 0.00857499 0.992819 0.119319 -0.00103052 -0.119314 0.992856 -31.8268 22.1322 3.59401</i>
                        <i>0.999958 -0.00917396 0 0.00910842 0.992814 0.119319 -0.00109462 -0.119314 0.992856 -31.8268 22.1564 3.59401</i>
                        <i>0.999953 -0.00970565 1.0842e-019 0.00963631 0.992809 0.119319 -0.00115806 -0.119313 0.992856 -31.8268 22.1807 3.59401</i>
                        <i>0.999948 -0.0102304 -1.0842e-019 0.0101573 0.992804 0.119319 -0.00122068 -0.119312 0.992856 -31.8268 22.2051 3.59401</i>
                        <i>0.999942 -0.0107468 0 0.01067 0.992799 0.119319 -0.00128229 -0.119312 0.992856 -31.8268 22.2296 3.59401</i>
                        <i>0.999937 -0.0112534 0 0.011173 0.992793 0.119319 -0.00134274 -0.119311 0.992856 -31.8268 22.254 3.59401</i>
                        <i>0.999931 -0.0117489 1.0842e-019 0.0116649 0.992787 0.119319 -0.00140186 -0.11931 0.992856 -31.8267 22.2783 3.59401</i>
                        <i>0.999925 -0.0122318 0 0.0121444 0.992782 0.119319 -0.00145948 -0.11931 0.992856 -31.8267 22.3024 3.59401</i>
                        <i>0.999919 -0.0127008 -1.0842e-019 0.0126101 0.992776 0.119319 -0.00151544 -0.119309 0.992856 -31.8267 22.3264 3.59401</i>
                        <i>0.999913 -0.0131545 0 0.0130605 0.99277 0.119319 -0.00156958 -0.119308 0.992856 -31.8266 22.3501 3.59401</i>
                        <i>0.999908 -0.0135915 0 0.0134944 0.992764 0.119319 -0.00162172 -0.119308 0.992856 -31.8265 22.3736 3.59401</i>
                        <i>0.999902 -0.0140104 1.0842e-019 0.0139103 0.992759 0.119319 -0.0016717 -0.119307 0.992856 -31.8265 22.3966 3.59401</i>
                        <i>0.999896 -0.0144098 1.0842e-019 0.0143068 0.992753 0.119319 -0.00171936 -0.119306 0.992856 -31.8264 22.4193 3.59401</i>
