<?xml version="1.0" encoding="ISO-8859-1" ?>
<Animl Version="1">
    <ModellingPackage>
        <![CDATA[Maya.2010]]>
</ModellingPackage>
    <SrcFile>
        <![CDATA[anims\bosses\red\mi12_homer\~src\mi12_homer_idle.mb]]>
</SrcFile>
    <FramesPerSecond>30</FramesPerSecond>
    <TotalFrames>65</TotalFrames>
    <Skeleton>
        <RefFrame>
            <Name>
                <![CDATA[mi12_homer_ref_frame]]>
</Name>
            <Exclude>0</Exclude>
            <Additive>0</Additive>
            <IKPriority>0</IKPriority>
            <IKRotLimits>-1e+010 -1e+010 -1e+010 1e+010 1e+010 1e+010</IKRotLimits>
            <IKRotLimitOrder>0</IKRotLimitOrder>
            <KeyFrames count="65">
                <i>1 0 0 0 1 0 0 0 1 0 0 0</i>
                <i>1 0 0 0 1 0 0 0 1 0 0 0</i>
                <i>1 0 0 0 1 0 0 0 1 0 0 0</i>
                <i>1 0 0 0 1 0 0 0 1 0 0 0</i>
                <i>1 0 0 0 1 0 0 0 1 0 0 0</i>
                <i>1 0 0 0 1 0 0 0 1 0 0 0</i>
                <i>1 0 0 0 1 0 0 0 1 0 0 0</i>
                <i>1 0 0 0 1 0 0 0 1 0 0 0</i>
                <i>1 0 0 0 1 0 0 0 1 0 0 0</i>
                <i>1 0 0 0 1 0 0 0 1 0 0 0</i>
                <i>1 0 0 0 1 0 0 0 1 0 0 0</i>
                <i>1 0 0 0 1 0 0 0 1 0 0 0</i>
                <i>1 0 0 0 1 0 0 0 1 0 0 0</i>
                <i>1 0 0 0 1 0 0 0 1 0 0 0</i>
                <i>1 0 0 0 1 0 0 0 1 0 0 0</i>
                <i>1 0 0 0 1 0 0 0 1 0 0 0</i>
                <i>1 0 0 0 1 0 0 0 1 0 0 0</i>
                <i>1 0 0 0 1 0 0 0 1 0 0 0</i>
                <i>1 0 0 0 1 0 0 0 1 0 0 0</i>
                <i>1 0 0 0 1 0 0 0 1 0 0 0</i>
                <i>1 0 0 0 1 0 0 0 1 0 0 0</i>
                <i>1 0 0 0 1 0 0 0 1 0 0 0</i>
                <i>1 0 0 0 1 0 0 0 1 0 0 0</i>
                <i>1 0 0 0 1 0 0 0 1 0 0 0</i>
                <i>1 0 0 0 1 0 0 0 1 0 0 0</i>
                <i>1 0 0 0 1 0 0 0 1 0 0 0</i>
                <i>1 0 0 0 1 0 0 0 1 0 0 0</i>
                <i>1 0 0 0 1 0 0 0 1 0 0 0</i>
                <i>1 0 0 0 1 0 0 0 1 0 0 0</i>
                <i>1 0 0 0 1 0 0 0 1 0 0 0</i>
                <i>1 0 0 0 1 0 0 0 1 0 0 0</i>
                <i>1 0 0 0 1 0 0 0 1 0 0 0</i>
                <i>1 0 0 0 1 0 0 0 1 0 0 0</i>
                <i>1 0 0 0 1 0 0 0 1 0 0 0</i>
                <i>1 0 0 0 1 0 0 0 1 0 0 0</i>
                <i>1 0 0 0 1 0 0 0 1 0 0 0</i>
                <i>1 0 0 0 1 0 0 0 1 0 0 0</i>
                <i>1 0 0 0 1 0 0 0 1 0 0 0</i>
                <i>1 0 0 0 1 0 0 0 1 0 0 0</i>
                <i>1 0 0 0 1 0 0 0 1 0 0 0</i>
                <i>1 0 0 0 1 0 0 0 1 0 0 0</i>
                <i>1 0 0 0 1 0 0 0 1 0 0 0</i>
                <i>1 0 0 0 1 0 0 0 1 0 0 0</i>
                <i>1 0 0 0 1 0 0 0 1 0 0 0</i>
                <i>1 0 0 0 1 0 0 0 1 0 0 0</i>
                <i>1 0 0 0 1 0 0 0 1 0 0 0</i>
                <i>1 0 0 0 1 0 0 0 1 0 0 0</i>
                <i>1 0 0 0 1 0 0 0 1 0 0 0</i>
                <i>1 0 0 0 1 0 0 0 1 0 0 0</i>
                <i>1 0 0 0 1 0 0 0 1 0 0 0</i>
                <i>1 0 0 0 1 0 0 0 1 0 0 0</i>
                <i>1 0 0 0 1 0 0 0 1 0 0 0</i>
                <i>1 0 0 0 1 0 0 0 1 0 0 0</i>
                <i>1 0 0 0 1 0 0 0 1 0 0 0</i>
                <i>1 0 0 0 1 0 0 0 1 0 0 0</i>
                <i>1 0 0 0 1 0 0 0 1 0 0 0</i>
                <i>1 0 0 0 1 0 0 0 1 0 0 0</i>
                <i>1 0 0 0 1 0 0 0 1 0 0 0</i>
                <i>1 0 0 0 1 0 0 0 1 0 0 0</i>
                <i>1 0 0 0 1 0 0 0 1 0 0 0</i>
                <i>1 0 0 0 1 0 0 0 1 0 0 0</i>
                <i>1 0 0 0 1 0 0 0 1 0 0 0</i>
                <i>1 0 0 0 1 0 0 0 1 0 0 0</i>
                <i>1 0 0 0 1 0 0 0 1 0 0 0</i>
                <i>1 0 0 0 1 0 0 0 1 0 0 0</i>
            </KeyFrames>
        </RefFrame>
        <Bones count="29">
            <i>
                <p>
                    <Name>
                        <![CDATA[mi12_homer_root]]>
</Name>
                    <Exclude>0</Exclude>
                    <Additive>0</Additive>
                    <IKPriority>0</IKPriority>
                    <IKRotLimits>-1e+010 -1e+010 -1e+010 1e+010 1e+010 1e+010</IKRotLimits>
                    <IKRotLimitOrder>0</IKRotLimitOrder>
                    <KeyFrames count="65">
                        <i>1 0 0 0 0.992856 0.119319 0 -0.119319 0.992856 0 22.0914 0</i>
                        <i>0.999999 -0.00154633 -1.35525e-020 0.00153529 0.992855 0.119319 -0.000184506 -0.119318 0.992856 0 22.0914 0</i>
                        <i>0.999995 -0.00309647 0 0.00307435 0.992851 0.119319 -0.000369466 -0.119318 0.992856 0 22.0914 0</i>
                        <i>0.999989 -0.00463611 0 0.00460299 0.992845 0.119319 -0.000553174 -0.119317 0.992856 0 22.0914 0</i>
                        <i>0.999981 -0.00615096 0 0.00610702 0.992837 0.119319 -0.000733924 -0.119316 0.992856 0 22.0914 0</i>
                        <i>0.999971 -0.00762673 0 0.00757224 0.992827 0.119319 -0.000910011 -0.119315 0.992856 0 22.0914 0</i>
                        <i>0.999959 -0.00904913 -1.0842e-019 0.00898448 0.992815 0.119319 -0.00107973 -0.119314 0.992856 0 22.0914 0</i>
                        <i>0.999946 -0.0104039 0 0.0103295 0.992802 0.119319 -0.00124137 -0.119312 0.992856 0 22.0914 0</i>
                        <i>0.999932 -0.0116766 0 0.0115932 0.992788 0.119319 -0.00139324 -0.11931 0.992856 0 22.0914 0</i>
                        <i>0.999917 -0.0128532 0 0.0127614 0.992774 0.119319 -0.00153362 -0.119309 0.992856 0 22.0914 0</i>
                        <i>0.999903 -0.0139192 0 0.0138198 0.99276 0.119319 -0.00166082 -0.119307 0.992856 0 22.0914 0</i>
                        <i>0.99989 -0.0148604 -1.0842e-019 0.0147542 0.992746 0.119319 -0.00177312 -0.119305 0.992856 0 22.0914 0</i>
                        <i>0.999877 -0.0156625 0 0.0155506 0.992734 0.119319 -0.00186883 -0.119304 0.992856 0 22.0914 0</i>
                        <i>0.999867 -0.0163112 0 0.0161947 0.992724 0.119319 -0.00194623 -0.119303 0.992856 0 22.0914 0</i>
                        <i>0.999859 -0.0167923 0 0.0166723 0.992716 0.119319 -0.00200363 -0.119302 0.992856 0 22.0914 0</i>
                        <i>0.999854 -0.0170914 0 0.0169693 0.992711 0.119319 -0.00203932 -0.119301 0.992856 0 22.0914 0</i>
                        <i>0.999852 -0.0171943 0 0.0170715 0.992709 0.119319 -0.0020516 -0.119301 0.992856 0 22.0914 0</i>
                        <i>0.999854 -0.0170986 2.1684e-019 0.0169764 0.992711 0.119319 -0.00204018 -0.119301 0.992856 0 22.0914 0</i>
                        <i>0.999859 -0.0168191 0 0.0166989 0.992716 0.119319 -0.00200683 -0.119302 0.992856 0 22.0914 0</i>
                        <i>0.999866 -0.0163671 2.1684e-019 0.0162502 0.992723 0.119319 -0.0019529 -0.119303 0.992856 0 22.0914 0</i>
                        <i>0.999876 -0.0157542 -1.0842e-019 0.0156417 0.992733 0.119319 -0.00187977 -0.119304 0.992856 0 22.0914 0</i>
                        <i>0.999888 -0.0149918 1.0842e-019 0.0148847 0.992744 0.119319 -0.0017888 -0.119305 0.992856 0 22.0914 0</i>
                        <i>0.999901 -0.0140912 0 0.0139905 0.992757 0.119319 -0.00168134 -0.119307 0.992856 0 22.0914 0</i>
                        <i>0.999915 -0.0130639 1.0842e-019 0.0129705 0.992771 0.119319 -0.00155876 -0.119308 0.992856 0 22.0914 0</i>
                        <i>0.999929 -0.0119212 1.0842e-019 0.0118361 0.992785 0.119319 -0.00142243 -0.11931 0.992856 0 22.0914 0</i>
                        <i>0.999943 -0.0106747 0 0.0105985 0.992799 0.119319 -0.00127369 -0.119312 0.992856 0 22.0914 0</i>
                        <i>0.999956 -0.00933576 0 0.00926907 0.992813 0.119319 -0.00111393 -0.119313 0.992856 0 22.0914 0</i>
                        <i>0.999969 -0.00791576 0 0.00785921 0.992825 0.119319 -0.000944498 -0.119315 0.992856 0 22.0914 0</i>
                        <i>0.999979 -0.00642614 -5.42101e-020 0.00638023 0.992836 0.119319 -0.000766758 -0.119316 0.992856 0 22.0914 0</i>
                        <i>0.999988 -0.00487833 0 0.00484348 0.992844 0.119319 -0.000582075 -0.119317 0.992856 0 22.0914 0</i>
                        <i>0.999995 -0.00328375 0 0.00326029 0.992851 0.119319 -0.000391812 -0.119318 0.992856 0 22.0914 0</i>
                        <i>0.999999 -0.00165383 0 0.00164202 0.992855 0.119319 -0.000197333 -0.119318 0.992856 0 22.0914 0</i>
                        <i>1 0 0 0 0.992856 0.119319 0 -0.119319 0.992856 0 22.0914 0</i>
                        <i>0.999999 0.00166247 0 -0.00165059 0.992855 0.119319 0.000198363 -0.119318 0.992856 0 22.0914 0</i>
                        <i>0.999995 0.0033168 -2.71051e-020 -0.00329311 0.992851 0.119319 0.000395756 -0.119318 0.992856 0 22.0914 0</i>
                        <i>0.999988 0.00494933 0 -0.00491397 0.992844 0.119319 0.000590547 -0.119317 0.992856 0 22.0914 0</i>
                        <i>0.999979 0.00654636 5.42101e-020 -0.0064996 0.992835 0.119319 0.000781103 -0.119316 0.992856 0 22.0914 0</i>
                        <i>0.999967 0.00809422 1.0842e-019 -0.00803639 0.992823 0.119319 0.000965791 -0.119315 0.992856 0 22.0914 0</i>
                        <i>0.999954 0.00957922 0 -0.00951079 0.99281 0.119319 0.00114298 -0.119313 0.992856 0 22.0914 0</i>
                        <i>0.99994 0.0109877 0 -0.0109092 0.992796 0.119319 0.00131104 -0.119311 0.992856 0 22.0914 0</i>
                        <i>0.999924 0.012306 -1.0842e-019 -0.012218 0.992781 0.119319 0.00146833 -0.11931 0.992856 0 22.0914 0</i>
                        <i>0.999909 0.0135203 1.0842e-019 -0.0134237 0.992765 0.119319 0.00161323 -0.119308 0.992856 0 22.0914 0</i>
                        <i>0.999893 0.0146171 0 -0.0145127 0.99275 0.119319 0.0017441 -0.119306 0.992856 0 22.0914 0</i>
                        <i>0.999879 0.0155827 1.0842e-019 -0.0154714 0.992735 0.119319 0.00185931 -0.119304 0.992856 0 22.0914 0</i>
                        <i>0.999865 0.0164034 -2.1684e-019 -0.0162862 0.992722 0.119319 0.00195723 -0.119303 0.992856 0 22.0914 0</i>
                        <i>0.999854 0.0170655 2.1684e-019 -0.0169436 0.992711 0.119319 0.00203623 -0.119301 0.992856 0 22.0914 0</i>
                        <i>0.999846 0.0175554 -2.1684e-019 -0.01743 0.992703 0.119319 0.00209468 -0.1193 0.992856 0 22.0914 0</i>
                        <i>0.99984 0.0178593 2.1684e-019 -0.0177317 0.992698 0.119319 0.00213095 -0.1193 0.992856 0 22.0914 0</i>
                        <i>0.999839 0.0179637 0 -0.0178353 0.992696 0.119319 0.0021434 -0.119299 0.992856 0 22.0914 0</i>
                        <i>0.999841 0.0178426 2.1684e-019 -0.0177152 0.992698 0.119319 0.00212896 -0.1193 0.992856 0 22.0914 0</i>
                        <i>0.999847 0.0174931 0 -0.0173681 0.992704 0.119319 0.00208725 -0.1193 0.992856 0 22.0914 0</i>
                        <i>0.999857 0.0169353 0 -0.0168143 0.992714 0.119319 0.0020207 -0.119302 0.992856 0 22.0914 0</i>
                        <i>0.999869 0.0161897 0 -0.0160741 0.992726 0.119319 0.00193174 -0.119303 0.992856 0 22.0914 0</i>
                        <i>0.999883 0.0152767 -1.0842e-019 -0.0151675 0.99274 0.119319 0.00182279 -0.119305 0.992856 0 22.0914 0</i>
                        <i>0.999899 0.0142165 1.0842e-019 -0.0141149 0.992756 0.119319 0.00169629 -0.119307 0.992856 0 22.0914 0</i>
                        <i>0.999915 0.0130295 0 -0.0129364 0.992772 0.119319 0.00155466 -0.119308 0.992856 0 22.0914 0</i>
                        <i>0.999931 0.0117361 0 -0.0116522 0.992788 0.119319 0.00140033 -0.11931 0.992856 0 22.0914 0</i>
                        <i>0.999946 0.0103566 0 -0.0102826 0.992803 0.119319 0.00123574 -0.119312 0.992856 0 22.0914 0</i>
                        <i>0.99996 0.0089114 0 -0.00884773 0.992817 0.119319 0.0010633 -0.119314 0.992856 0 22.0914 0</i>
                        <i>0.999972 0.00742082 0 -0.0073678 0.992829 0.119319 0.000885441 -0.119315 0.992856 0 22.0914 0</i>
                        <i>0.999983 0.00590523 -5.42101e-020 -0.00586305 0.992839 0.119319 0.000704604 -0.119317 0.992856 0 22.0914 0</i>
                        <i>0.99999 0.004385 -5.42101e-020 -0.00435367 0.992846 0.119319 0.000523212 -0.119317 0.992856 0 22.0914 0</i>
                        <i>0.999996 0.00288048 2.71051e-020 -0.0028599 0.992852 0.119319 0.000343695 -0.119318 0.992856 0 22.0914 0</i>
                        <i>0.999999 0.00141203 1.35525e-020 -0.00140194 0.992855 0.119319 0.000168481 -0.119319 0.992856 0 22.0914 0</i>
                        <i>1 0 0 0 0.992856 0.119319 0 -0.119319 0.992856 0 22.0914 0</i>
                    </KeyFrames>
                </p>
            </i>
            <i>
                <p>
                    <Name>
                        <![CDATA[engine_r]]>
</Name>
                    <Exclude>0</Exclude>
                    <Additive>0</Additive>
                    <IKPriority>0</IKPriority>
                    <IKRotLimits>-1e+010 -1e+010 -1e+010 1e+010 1e+010 1e+010</IKRotLimits>
                    <IKRotLimitOrder>0</IKRotLimitOrder>
                    <KeyFrames count="65">
                        <i>1 0 0 0 0.992856 0.119319 0 -0.119319 0.992856 -31.8254 21.7941 3.59401</i>
                        <i>0.999999 -0.00154633 -1.35525e-020 0.00153529 0.992855 0.119319 -0.000184506 -0.119318 0.992856 -31.8259 21.8433 3.59401</i>
                        <i>0.999995 -0.00309647 0 0.00307435 0.992851 0.119319 -0.000369466 -0.119318 0.992856 -31.8262 21.8927 3.59401</i>
                        <i>0.999989 -0.00463611 0 0.00460299 0.992845 0.119319 -0.000553174 -0.119317 0.992856 -31.8265 21.9417 3.59401</i>
                        <i>0.999981 -0.00615096 0 0.00610702 0.992837 0.119319 -0.000733924 -0.119316 0.992856 -31.8267 21.9899 3.59401</i>
                        <i>0.999971 -0.00762673 0 0.00757224 0.992827 0.119319 -0.000910011 -0.119315 0.992856 -31.8268 22.0369 3.59401</i>
                        <i>0.999959 -0.00904913 -1.0842e-019 0.00898448 0.992815 0.119319 -0.00107973 -0.119314 0.992856 -31.8268 22.0821 3.59401</i>
                        <i>0.999946 -0.0104039 0 0.0103295 0.992802 0.119319 -0.00124137 -0.119312 0.992856 -31.8268 22.1253 3.59401</i>
                        <i>0.999932 -0.0116766 0 0.0115932 0.992788 0.119319 -0.00139324 -0.11931 0.992856 -31.8267 22.1658 3.59401</i>
                        <i>0.999917 -0.0128532 0 0.0127614 0.992774 0.119319 -0.00153362 -0.119309 0.992856 -31.8266 22.2032 3.59401</i>
                        <i>0.999903 -0.0139192 0 0.0138198 0.99276 0.119319 -0.00166082 -0.119307 0.992856 -31.8265 22.2371 3.59401</i>
                        <i>0.99989 -0.0148604 -1.0842e-019 0.0147542 0.992746 0.119319 -0.00177312 -0.119305 0.992856 -31.8263 22.2671 3.59401</i>
                        <i>0.999877 -0.0156625 0 0.0155506 0.992734 0.119319 -0.00186883 -0.119304 0.992856 -31.8262 22.2926 3.59401</i>
                        <i>0.999867 -0.0163112 0 0.0161947 0.992724 0.119319 -0.00194623 -0.119303 0.992856 -31.8261 22.3133 3.59401</i>
                        <i>0.999859 -0.0167923 0 0.0166723 0.992716 0.119319 -0.00200363 -0.119302 0.992856 -31.8259 22.3286 3.59401</i>
                        <i>0.999854 -0.0170914 0 0.0169693 0.992711 0.119319 -0.00203932 -0.119301 0.992856 -31.8259 22.3381 3.59401</i>
                        <i>0.999852 -0.0171943 0 0.0170715 0.992709 0.119319 -0.0020516 -0.119301 0.992856 -31.8259 22.3414 3.59401</i>
                        <i>0.999854 -0.0170986 2.1684e-019 0.0169764 0.992711 0.119319 -0.00204018 -0.119301 0.992856 -31.8259 22.3383 3.59401</i>
                        <i>0.999859 -0.0168191 0 0.0166989 0.992716 0.119319 -0.00200683 -0.119302 0.992856 -31.8259 22.3294 3.59401</i>
                        <i>0.999866 -0.0163671 2.1684e-019 0.0162502 0.992723 0.119319 -0.0019529 -0.119303 0.992856 -31.826 22.3151 3.59401</i>
                        <i>0.999876 -0.0157542 -1.0842e-019 0.0156417 0.992733 0.119319 -0.00187977 -0.119304 0.992856 -31.8262 22.2956 3.59401</i>
                        <i>0.999888 -0.0149918 1.0842e-019 0.0148847 0.992744 0.119319 -0.0017888 -0.119305 0.992856 -31.8263 22.2713 3.59401</i>
                        <i>0.999901 -0.0140912 0 0.0139905 0.992757 0.119319 -0.00168134 -0.119307 0.992856 -31.8265 22.2426 3.59401</i>
                        <i>0.999915 -0.0130639 1.0842e-019 0.0129705 0.992771 0.119319 -0.00155876 -0.119308 0.992856 -31.8266 22.2099 3.59401</i>
                        <i>0.999929 -0.0119212 1.0842e-019 0.0118361 0.992785 0.119319 -0.00142243 -0.11931 0.992856 -31.8267 22.1736 3.59401</i>
                        <i>0.999943 -0.0106747 0 0.0105985 0.992799 0.119319 -0.00127369 -0.119312 0.992856 -31.8268 22.1339 3.59401</i>
                        <i>0.999956 -0.00933576 0 0.00926907 0.992813 0.119319 -0.00111393 -0.119313 0.992856 -31.8268 22.0913 3.59401</i>
                        <i>0.999969 -0.00791576 0 0.00785921 0.992825 0.119319 -0.000944498 -0.119315 0.992856 -31.8268 22.0461 3.59401</i>
                        <i>0.999979 -0.00642614 -5.42101e-020 0.00638023 0.992836 0.119319 -0.000766758 -0.119316 0.992856 -31.8267 21.9987 3.59401</i>
                        <i>0.999988 -0.00487833 0 0.00484348 0.992844 0.119319 -0.000582075 -0.119317 0.992856 -31.8265 21.9494 3.59401</i>
                        <i>0.999995 -0.00328375 0 0.00326029 0.992851 0.119319 -0.000391812 -0.119318 0.992856 -31.8263 21.8986 3.59401</i>
                        <i>0.999999 -0.00165383 0 0.00164202 0.992855 0.119319 -0.000197333 -0.119318 0.992856 -31.8259 21.8468 3.59401</i>
                        <i>1 0 0 0 0.992856 0.119319 0 -0.119319 0.992856 -31.8254 21.7941 3.59401</i>
                        <i>0.999999 0.00166247 0 -0.00165059 0.992855 0.119319 0.000198363 -0.119318 0.992856 -31.8249 21.7412 3.59401</i>
                        <i>0.999995 0.0033168 -2.71051e-020 -0.00329311 0.992851 0.119319 0.000395756 -0.119318 0.992856 -31.8243 21.6886 3.59401</i>
                        <i>0.999988 0.00494933 0 -0.00491397 0.992844 0.119319 0.000590547 -0.119317 0.992856 -31.8236 21.6366 3.59401</i>
                        <i>0.999979 0.00654636 5.42101e-020 -0.0064996 0.992835 0.119319 0.000781103 -0.119316 0.992856 -31.8228 21.5858 3.59401</i>
                        <i>0.999967 0.00809422 1.0842e-019 -0.00803639 0.992823 0.119319 0.000965791 -0.119315 0.992856 -31.822 21.5365 3.59401</i>
                        <i>0.999954 0.00957922 0 -0.00951079 0.99281 0.119319 0.00114298 -0.119313 0.992856 -31.8211 21.4893 3.59401</i>
                        <i>0.99994 0.0109877 0 -0.0109092 0.992796 0.119319 0.00131104 -0.119311 0.992856 -31.8203 21.4445 3.59401</i>
                        <i>0.999924 0.012306 -1.0842e-019 -0.012218 0.992781 0.119319 0.00146833 -0.11931 0.992856 -31.8194 21.4025 3.59401</i>
                        <i>0.999909 0.0135203 1.0842e-019 -0.0134237 0.992765 0.119319 0.00161323 -0.119308 0.992856 -31.8185 21.3639 3.59401</i>
                        <i>0.999893 0.0146171 0 -0.0145127 0.99275 0.119319 0.0017441 -0.119306 0.992856 -31.8177 21.329 3.59401</i>
                        <i>0.999879 0.0155827 1.0842e-019 -0.0154714 0.992735 0.119319 0.00185931 -0.119304 0.992856 -31.8169 21.2982 3.59401</i>
                        <i>0.999865 0.0164034 -2.1684e-019 -0.0162862 0.992722 0.119319 0.00195723 -0.119303 0.992856 -31.8163 21.2721 3.59401</i>
                        <i>0.999854 0.0170655 2.1684e-019 -0.0169436 0.992711 0.119319 0.00203623 -0.119301 0.992856 -31.8157 21.2511 3.59401</i>
                        <i>0.999846 0.0175554 -2.1684e-019 -0.01743 0.992703 0.119319 0.00209468 -0.1193 0.992856 -31.8153 21.2355 3.59401</i>
                        <i>0.99984 0.0178593 2.1684e-019 -0.0177317 0.992698 0.119319 0.00213095 -0.1193 0.992856 -31.8151 21.2258 3.59401</i>
                        <i>0.999839 0.0179637 0 -0.0178353 0.992696 0.119319 0.0021434 -0.119299 0.992856 -31.815 21.2225 3.59401</i>
                        <i>0.999841 0.0178426 2.1684e-019 -0.0177152 0.992698 0.119319 0.00212896 -0.1193 0.992856 -31.8151 21.2263 3.59401</i>
                        <i>0.999847 0.0174931 0 -0.0173681 0.992704 0.119319 0.00208725 -0.1193 0.992856 -31.8154 21.2375 3.59401</i>
                        <i>0.999857 0.0169353 0 -0.0168143 0.992714 0.119319 0.0020207 -0.119302 0.992856 -31.8158 21.2552 3.59401</i>
                        <i>0.999869 0.0161897 0 -0.0160741 0.992726 0.119319 0.00193174 -0.119303 0.992856 -31.8165 21.2789 3.59401</i>
                        <i>0.999883 0.0152767 -1.0842e-019 -0.0151675 0.99274 0.119319 0.00182279 -0.119305 0.992856 -31.8172 21.308 3.59401</i>
                        <i>0.999899 0.0142165 1.0842e-019 -0.0141149 0.992756 0.119319 0.00169629 -0.119307 0.992856 -31.818 21.3417 3.59401</i>
                        <i>0.999915 0.0130295 0 -0.0129364 0.992772 0.119319 0.00155466 -0.119308 0.992856 -31.8189 21.3795 3.59401</i>
                        <i>0.999931 0.0117361 0 -0.0116522 0.992788 0.119319 0.00140033 -0.11931 0.992856 -31.8198 21.4206 3.59401</i>
                        <i>0.999946 0.0103566 0 -0.0102826 0.992803 0.119319 0.00123574 -0.119312 0.992856 -31.8207 21.4645 3.59401</i>
                        <i>0.99996 0.0089114 0 -0.00884773 0.992817 0.119319 0.0010633 -0.119314 0.992856 -31.8215 21.5105 3.59401</i>
                        <i>0.999972 0.00742082 0 -0.0073678 0.992829 0.119319 0.000885441 -0.119315 0.992856 -31.8224 21.558 3.59401</i>
                        <i>0.999983 0.00590523 -5.42101e-020 -0.00586305 0.992839 0.119319 0.000704604 -0.119317 0.992856 -31.8231 21.6062 3.59401</i>
                        <i>0.99999 0.004385 -5.42101e-020 -0.00435367 0.992846 0.119319 0.000523212 -0.119317 0.992856 -31.8238 21.6546 3.59401</i>
                        <i>0.999996 0.00288048 2.71051e-020 -0.0028599 0.992852 0.119319 0.000343695 -0.119318 0.992856 -31.8245 21.7025 3.59401</i>
                        <i>0.999999 0.00141203 1.35525e-020 -0.00140194 0.992855 0.119319 0.000168481 -0.119319 0.992856 -31.825 21.7492 3.59401</i>
                        <i>1 0 0 0 0.992856 0.119319 0 -0.119319 0.992856 -31.8254 21.7941 3.59401</i>
                    </KeyFrames>
                </p>
            </i>
            <i>
                <p>
                    <Name>
                        <![CDATA[propeller_spin_r]]>
</Name>
                    <Exclude>0</Exclude>
                    <Additive>0</Additive>
                    <IKPriority>0</IKPriority>
                    <IKRotLimits>-1e+010 -1e+010 -1e+010 1e+010 1e+010 1e+010</IKRotLimits>
                    <IKRotLimitOrder>0</IKRotLimitOrder>
                    <KeyFrames count="65">
                        <i>1 0 0 0 0.992856 0.119319 0 -0.119319 0.992856 -35.0695 26.8558 4.62448</i>
                        <i>0.831571 0.0650041 -0.551601 0.00153529 0.992855 0.119319 0.555416 -0.100069 0.82553 -35.0621 26.91 4.62448</i>
                        <i>0.383023 0.109051 -0.917279 0.00307435 0.992851 0.119319 0.923734 -0.0485218 0.37995 -35.0546 26.9644 4.62448</i>
                        <i>-0.194546 0.117929 -0.973779 0.00460299 0.992845 0.119319 0.980883 0.0187306 -0.193697 -35.047 27.0183 4.62448</i>
                        <i>-0.706574 0.0887188 -0.702055 0.00610702 0.992837 0.119319 0.707612 0.08002 -0.702055 -35.0395 27.0714 4.62448</i>
                        <i>-0.980579 0.0307574 -0.193697 0.00757224 0.992827 0.119319 0.195977 0.115535 -0.973779 -35.0321 27.1231 4.62448</i>
                        <i>-0.924255 -0.0372991 0.379949 0.00898448 0.992815 0.119319 -0.38167 0.113694 -0.917279 -35.025 27.173 4.62448</i>
                        <i>-0.556572 -0.0934244 0.82553 0.0103295 0.992802 0.119319 -0.830735 0.0749368 -0.551601 -35.018 27.2204 4.62448</i>
                        <i>-0.00139323 -0.11931 0.992856 0.0115932 0.992788 0.119319 -0.999932 0.0116766 7.55954e-009 -35.0115 27.265 4.62448</i>
                        <i>0.554249 -0.106342 0.82553 0.0127614 0.992774 0.119319 -0.832253 -0.0555974 0.551601 -35.0054 27.3062 4.62448</i>
                        <i>0.923154 -0.0585165 0.37995 0.0138198 0.99276 0.119319 -0.384181 -0.104899 0.917279 -34.9998 27.3435 4.62448</i>
                        <i>0.981023 0.00870045 -0.193696 0.0147542 0.992746 0.119319 0.19333 -0.119912 0.973779 -34.9948 27.3764 4.62448</i>
                        <i>0.708342 0.0732856 -0.702055 0.0155506 0.992734 0.119319 0.705698 -0.0954357 0.702055 -34.9906 27.4045 4.62448</i>
                        <i>0.196974 0.113828 -0.973778 0.0161947 0.992724 0.119319 0.980275 -0.0392727 0.193697 -34.9871 27.4272 4.62448</i>
                        <i>-0.380778 0.116647 -0.917279 0.0166723 0.992716 0.119319 0.924516 0.0301407 -0.379949 -34.9846 27.444 4.62448</i>
                        <i>-0.830215 0.0804912 -0.551602 0.0169693 0.992711 0.119319 0.557185 0.0896998 -0.825529 -34.983 27.4545 4.62448</i>
                        <i>-0.999852 0.0171943 8.63946e-009 0.0170715 0.992709 0.119319 0.00205159 0.119301 -0.992856 -34.9824 27.4581 4.62448</i>
                        <i>-0.832482 -0.0520632 0.551601 0.0169764 0.992711 0.119319 -0.553792 0.108695 -0.82553 -34.9829 27.4548 4.62448</i>
                        <i>-0.384483 -0.103784 0.917279 0.0166989 0.992716 0.119319 -0.922981 0.0611936 -0.37995 -34.9844 27.445 4.62448</i>
                        <i>0.193148 -0.120203 0.973779 0.0162502 0.992723 0.119319 -0.981035 -0.00722206 0.193696 -34.9868 27.4292 4.62448</i>
                        <i>0.70569 -0.0955005 0.702055 0.0156417 0.992733 0.119319 -0.708348 -0.0732206 0.702055 -34.9901 27.4077 4.62448</i>
                        <i>0.980326 -0.0379791 0.193697 0.0148847 0.992744 0.119319 -0.196824 -0.114088 0.973778 -34.9941 27.381 4.62448</i>
                        <i>0.924431 0.0326381 -0.379949 0.0139905 0.992757 0.119319 0.381092 -0.115618 0.917279 -34.9989 27.3495 4.62448</i>
                        <i>0.55682 0.0919434 -0.825529 0.0129705 0.992771 0.119319 0.830532 -0.0771465 0.551602 -35.0043 27.3135 4.62448</i>
                        <i>0.00142295 0.11931 -0.992856 0.0118361 0.992785 0.119319 0.999929 -0.0119213 5.17488e-007 -35.0102 27.2735 4.62448</i>
                        <i>-0.554479 0.105135 -0.82553 0.0105985 0.992799 0.119319 0.83213 0.0574103 -0.5516 -35.0166 27.2299 4.62448</i>
                        <i>-0.923413 0.0542845 -0.37995 0.00926907 0.992813 0.119319 0.383696 0.106659 -0.917279 -35.0235 27.183 4.62448</i>
                        <i>-0.980939 -0.0155134 0.193695 0.00785921 0.992825 0.119319 -0.194157 0.118567 -0.973779 -35.0307 27.1333 4.62448</i>
                        <i>-0.707635 -0.0798252 0.702055 0.00638023 0.992836 0.119319 -0.706549 0.0889133 -0.702056 -35.0382 27.0811 4.62448</i>
                        <i>-0.19566 -0.116073 0.973778 0.00484348 0.992844 0.119319 -0.98066 0.0280624 -0.193698 -35.0458 27.0268 4.62448</i>
                        <i>0.382319 -0.111492 0.91728 0.00326029 0.992851 0.119319 -0.924025 -0.0426271 0.379949 -35.0537 26.9709 4.62448</i>
                        <i>0.831358 -0.067665 0.551602 0.00164202 0.992855 0.119319 -0.555735 -0.0982907 0.825529 -35.0616 26.9138 4.62448</i>
                        <i>1 -8.14187e-015 6.77489e-014 0 0.992856 0.119319 -6.82364e-014 -0.119319 0.992856 -35.0695 26.8558 4.62448</i>
                        <i>0.831359 0.067672 -0.551601 -0.00165059 0.992855 0.119319 0.555734 -0.0982861 0.82553 -35.0774 26.7975 4.62448</i>
                        <i>0.382317 0.111505 -0.917279 -0.00329311 0.992851 0.119319 0.924025 -0.0425968 0.379951 -35.0851 26.7395 4.62448</i>
                        <i>-0.195665 0.116059 -0.973779 -0.00491397 0.992844 0.119319 0.980658 0.0281316 -0.193695 -35.0927 26.6822 4.62448</i>
                        <i>-0.707644 0.0797402 -0.702055 -0.0064996 0.992835 0.119319 0.70654 0.0889981 -0.702055 -35.0999 26.6261 4.62448</i>
                        <i>-0.980941 0.0153386 -0.193697 -0.00803639 0.992823 0.119319 0.194138 0.118601 -0.973778 -35.1069 26.5718 4.62448</i>
                        <i>-0.9234 -0.0545091 0.379948 -0.00951079 0.99281 0.119319 -0.38372 0.106565 -0.91728 -35.1135 26.5196 4.62448</i>
                        <i>-0.554448 -0.105308 0.825529 -0.0109092 0.992796 0.119319 -0.832147 0.0571502 -0.551603 -35.1197 26.4702 4.62448</i>
                        <i>0.0014678 -0.11931 0.992856 -0.012218 0.992781 0.119319 -0.999924 -0.0123059 -5.28288e-007 -35.1255 26.4239 4.62448</i>
                        <i>0.55686 -0.0916893 0.82553 -0.0134237 0.992765 0.119319 -0.830498 -0.0775255 0.5516 -35.1307 26.3812 4.62448</i>
                        <i>0.924448 -0.0321521 0.379951 -0.0145127 0.99275 0.119319 -0.381033 -0.115818 0.917279 -35.1354 26.3427 4.62448</i>
                        <i>0.980304 0.0385581 -0.193694 -0.0154714 0.992735 0.119319 0.196888 -0.113972 0.973779 -35.1395 26.3087 4.62448</i>
                        <i>0.705628 0.0959586 -0.702055 -0.0162862 0.992722 0.119319 0.708395 -0.0727608 0.702056 -35.1429 26.2799 4.62448</i>
                        <i>0.193066 0.120338 -0.973778 -0.0169436 0.992711 0.119319 0.981039 -0.00653708 0.193698 -35.1457 26.2566 4.62448</i>
                        <i>-0.384558 0.103501 -0.91728 -0.01743 0.992703 0.119319 0.922936 0.0618731 -0.379948 -35.1477 26.2394 4.62448</i>
                        <i>-0.832521 0.0514299 -0.551602 -0.0177317 0.992698 0.119319 0.55371 0.109116 -0.825529 -35.149 26.2287 4.62448</i>
                        <i>-0.999839 -0.0179635 -1.05442e-006 -0.0178353 0.992696 0.119319 -0.00214234 0.119299 -0.992856 -35.1494 26.2251 4.62448</i>
                        <i>-0.830155 -0.0811148 0.5516 -0.0177152 0.992698 0.119319 -0.557251 0.0892813 -0.825531 -35.1489 26.2293 4.62448</i>
                        <i>-0.380699 -0.116913 0.917279 -0.0173681 0.992704 0.119319 -0.924536 0.0294931 -0.379952 -35.1475 26.2416 4.62448</i>
                        <i>0.197044 -0.113705 0.973779 -0.0168143 0.992714 0.119319 -0.980251 -0.0398844 0.193696 -35.1452 26.2612 4.62448</i>
                        <i>0.708379 -0.0729122 0.702056 -0.0160741 0.992726 0.119319 -0.705649 -0.0958077 0.702054 -35.142 26.2874 4.62448</i>
                        <i>0.981026 -0.0082923 0.193698 -0.0151675 0.99274 0.119319 -0.193282 -0.119993 0.973778 -35.1382 26.3195 4.62448</i>
                        <i>0.923138 0.0587907 -0.379947 -0.0141149 0.992756 0.119319 0.38421 -0.104785 0.91728 -35.1337 26.3568 4.62448</i>
                        <i>0.554231 0.10644 -0.825529 -0.0129364 0.992772 0.119319 0.832262 -0.0554507 0.551602 -35.1286 26.3985 4.62448</i>
                        <i>-0.00139875 0.11931 -0.992856 -0.0116522 0.992788 0.119319 0.999931 0.0117359 1.57622e-006 -35.123 26.4439 4.62448</i>
                        <i>-0.556566 0.0934508 -0.825531 -0.0102826 0.992803 0.119319 0.83074 0.0748973 -0.551599 -35.117 26.4923 4.62448</i>
                        <i>-0.924249 0.0374267 -0.379952 -0.00884773 0.992817 0.119319 0.381688 0.113642 -0.917278 -35.1106 26.5431 4.62448</i>
                        <i>-0.980586 -0.0305553 0.193695 -0.0073678 0.992829 0.119319 -0.195952 0.115575 -0.973779 -35.1039 26.5954 4.62448</i>
                        <i>-0.706598 -0.088545 0.702054 -0.00586305 0.992839 0.119319 -0.707591 0.0801941 -0.702057 -35.097 26.6486 4.62448</i>
                        <i>-0.194578 -0.11788 0.973778 -0.00435367 0.992846 0.119319 -0.980878 0.0189772 -0.193699 -35.0901 26.702 4.62448</i>
                        <i>0.382997 -0.109133 0.91728 -0.0028599 0.992852 0.119319 -0.923745 -0.048322 0.379947 -35.0831 26.7548 4.62448</i>
                        <i>0.83156 -0.0651161 0.551604 -0.00140194 0.992855 0.119319 -0.555433 -0.099994 0.825528 -35.0762 26.8063 4.62448</i>
                        <i>1 0 0 0 0.992856 0.119319 0 -0.119319 0.992856 -35.0695 26.8558 4.62448</i>
                    </KeyFrames>
                </p>
            </i>
            <i>
                <p>
                    <Name>
                        <![CDATA[propeller_lift_r]]>
</Name>
                    <Exclude>0</Exclude>
                    <Additive>0</Additive>
                    <IKPriority>0</IKPriority>
                    <IKRotLimits>-1e+010 -1e+010 -1e+010 1e+010 1e+010 1e+010</IKRotLimits>
                    <IKRotLimitOrder>0</IKRotLimitOrder>
                    <KeyFrames count="65">
                        <i>1 0 0 0 0.992856 0.119319 0 -0.119319 0.992856 -35.0695 28.3317 4.80185</i>
                        <i>0.831571 0.0650041 -0.551601 0.00153529 0.992855 0.119319 0.555416 -0.100069 0.82553 -35.0597 28.4637 4.8112</i>
                        <i>0.383023 0.109051 -0.917279 0.00307435 0.992851 0.119319 0.923734 -0.0485218 0.37995 -35.0495 28.6053 4.82169</i>
                        <i>-0.194546 0.117929 -0.973779 0.00460299 0.992845 0.119319 0.980883 0.0187306 -0.193697 -35.039 28.7542 4.8331</i>
                        <i>-0.706574 0.0887188 -0.702055 0.00610702 0.992837 0.119319 0.707612 0.08002 -0.702055 -35.0282 28.9079 4.84519</i>
                        <i>-0.980579 0.0307574 -0.193697 0.00757224 0.992827 0.119319 0.195977 0.115535 -0.973779 -35.0173 29.0641 4.85775</i>
                        <i>-0.924255 -0.0372991 0.379949 0.00898448 0.992815 0.119319 -0.38167 0.113694 -0.917279 -35.0064 29.2203 4.87053</i>
                        <i>-0.556572 -0.0934244 0.82553 0.0103295 0.992802 0.119319 -0.830735 0.0749368 -0.551601 -34.9956 29.3741 4.88331</i>
                        <i>-0.00139323 -0.11931 0.992856 0.0115932 0.992788 0.119319 -0.999932 0.0116766 7.55954e-009 -34.9851 29.5231 4.89587</i>
                        <i>0.554249 -0.106342 0.82553 0.0127614 0.992774 0.119319 -0.832253 -0.0555974 0.551601 -34.9751 29.6649 4.90796</i>
                        <i>0.923154 -0.0585165 0.37995 0.0138198 0.99276 0.119319 -0.384181 -0.104899 0.917279 -34.9656 29.7971 4.91937</i>
                        <i>0.981023 0.00870045 -0.193696 0.0147542 0.992746 0.119319 0.19333 -0.119912 0.973779 -34.9571 29.9172 4.92986</i>
                        <i>0.708342 0.0732856 -0.702055 0.0155506 0.992734 0.119319 0.705698 -0.0954357 0.702055 -34.9496 30.023 4.9392</i>
                        <i>0.196974 0.113828 -0.973778 0.0161947 0.992724 0.119319 0.980275 -0.0392727 0.193697 -34.9433 30.112 4.94717</i>
                        <i>-0.380778 0.116647 -0.917279 0.0166723 0.992716 0.119319 0.924516 0.0301407 -0.379949 -34.9386 30.1817 4.95353</i>
                        <i>-0.830215 0.0804912 -0.551602 0.0169693 0.992711 0.119319 0.557185 0.0896998 -0.825529 -34.9355 30.2298 4.95806</i>
                        <i>-0.999852 0.0171943 8.63946e-009 0.0170715 0.992709 0.119319 0.00205159 0.119301 -0.992856 -34.9343 30.2539 4.96052</i>
                        <i>-0.832482 -0.0520632 0.551601 0.0169764 0.992711 0.119319 -0.553792 0.108695 -0.82553 -34.9351 30.2519 4.96068</i>
                        <i>-0.384483 -0.103784 0.917279 0.0166989 0.992716 0.119319 -0.922981 0.0611936 -0.37995 -34.9377 30.2225 4.95833</i>
                        <i>0.193148 -0.120203 0.973779 0.0162502 0.992723 0.119319 -0.981035 -0.00722206 0.193696 -34.942 30.1699 4.9539</i>
                        <i>0.70569 -0.0955005 0.702055 0.0156417 0.992733 0.119319 -0.708348 -0.0732206 0.702055 -34.9477 30.0999 4.94806</i>
                        <i>0.980326 -0.0379791 0.193697 0.0148847 0.992744 0.119319 -0.196824 -0.114088 0.973778 -34.9547 30.0138 4.94092</i>
                        <i>0.924431 0.0326381 -0.379949 0.0139905 0.992757 0.119319 0.381092 -0.115618 0.917279 -34.9628 29.9129 4.93257</i>
                        <i>0.55682 0.0919434 -0.825529 0.0129705 0.992771 0.119319 0.830532 -0.0771465 0.551602 -34.9718 29.7984 4.92313</i>
                        <i>0.00142295 0.11931 -0.992856 0.0118361 0.992785 0.119319 0.999929 -0.0119213 5.17488e-007 -34.9816 29.6715 4.91268</i>
                        <i>-0.554479 0.105135 -0.82553 0.0105985 0.992799 0.119319 0.83213 0.0574103 -0.5516 -34.9921 29.5335 4.90134</i>
                        <i>-0.923413 0.0542845 -0.37995 0.00926907 0.992813 0.119319 0.383696 0.106659 -0.917279 -35.0029 29.3856 4.88919</i>
                        <i>-0.980939 -0.0155134 0.193695 0.00785921 0.992825 0.119319 -0.194157 0.118567 -0.973779 -35.0141 29.229 4.87635</i>
                        <i>-0.707635 -0.0798252 0.702055 0.00638023 0.992836 0.119319 -0.706549 0.0889133 -0.702056 -35.0254 29.065 4.86291</i>
                        <i>-0.19566 -0.116073 0.973778 0.00484348 0.992844 0.119319 -0.98066 0.0280624 -0.193698 -35.0367 28.8948 4.84897</i>
                        <i>0.382319 -0.111492 0.91728 0.00326029 0.992851 0.119319 -0.924025 -0.0426271 0.379949 -35.0479 28.7197 4.83465</i>
                        <i>0.831358 -0.067665 0.551602 0.00164202 0.992855 0.119319 -0.555735 -0.0982907 0.825529 -35.0589 28.5409 4.82002</i>
                        <i>1 -8.14187e-015 6.77489e-014 0 0.992856 0.119319 -6.82364e-014 -0.119319 0.992856 -35.0695 28.3597 4.80521</i>
                        <i>0.831359 0.067672 -0.551601 -0.00165059 0.992855 0.119319 0.555734 -0.0982861 0.82553 -35.0797 28.1773 4.7903</i>
                        <i>0.382317 0.111505 -0.917279 -0.00329311 0.992851 0.119319 0.924025 -0.0425968 0.379951 -35.0893 27.9953 4.77541</i>
                        <i>-0.195665 0.116059 -0.973779 -0.00491397 0.992844 0.119319 0.980658 0.0281316 -0.193695 -35.0983 27.815 4.76062</i>
                        <i>-0.707644 0.0797402 -0.702055 -0.0064996 0.992835 0.119319 0.70654 0.0889981 -0.702055 -35.1066 27.6377 4.74605</i>
                        <i>-0.980941 0.0153386 -0.193697 -0.00803639 0.992823 0.119319 0.194138 0.118601 -0.973778 -35.1142 27.4647 4.73179</i>
                        <i>-0.9234 -0.0545091 0.379948 -0.00951079 0.99281 0.119319 -0.38372 0.106565 -0.91728 -35.121 27.2973 4.71794</i>
                        <i>-0.554448 -0.105308 0.825529 -0.0109092 0.992796 0.119319 -0.832147 0.0571502 -0.551603 -35.1271 27.1369 4.70461</i>
                        <i>0.0014678 -0.11931 0.992856 -0.012218 0.992781 0.119319 -0.999924 -0.0123059 -5.28288e-007 -35.1324 26.9848 4.69189</i>
                        <i>0.55686 -0.0916893 0.82553 -0.0134237 0.992765 0.119319 -0.830498 -0.0775255 0.5516 -35.1369 26.8423 4.67989</i>
                        <i>0.924448 -0.0321521 0.379951 -0.0145127 0.99275 0.119319 -0.381033 -0.115818 0.917279 -35.1408 26.7107 4.66872</i>
                        <i>0.980304 0.0385581 -0.193694 -0.0154714 0.992735 0.119319 0.196888 -0.113972 0.973779 -35.1439 26.5914 4.65845</i>
                        <i>0.705628 0.0959586 -0.702055 -0.0162862 0.992722 0.119319 0.708395 -0.0727608 0.702056 -35.1463 26.4857 4.64921</i>
                        <i>0.193066 0.120338 -0.973778 -0.0169436 0.992711 0.119319 0.981039 -0.00653708 0.193698 -35.1481 26.3949 4.6411</i>
                        <i>-0.384558 0.103501 -0.91728 -0.01743 0.992703 0.119319 0.922936 0.0618731 -0.379948 -35.1492 26.3203 4.6342</i>
                        <i>-0.832521 0.0514299 -0.551602 -0.0177317 0.992698 0.119319 0.55371 0.109116 -0.825529 -35.1496 26.2632 4.62863</i>
                        <i>-0.999839 -0.0179635 -1.05442e-006 -0.0178353 0.992696 0.119319 -0.00214234 0.119299 -0.992856 -35.1494 26.2251 4.62448</i>
                        <i>-0.830155 -0.0811148 0.5516 -0.0177152 0.992698 0.119319 -0.557251 0.0892813 -0.825531 -35.1487 26.2156 4.62283</i>
                        <i>-0.380699 -0.116913 0.917279 -0.0173681 0.992704 0.119319 -0.924536 0.0294931 -0.379952 -35.1475 26.2415 4.62447</i>
                        <i>0.197044 -0.113705 0.973779 -0.0168143 0.992714 0.119319 -0.980251 -0.0398844 0.193696 -35.1458 26.2992 4.62905</i>
                        <i>0.708379 -0.0729122 0.702056 -0.0160741 0.992726 0.119319 -0.705649 -0.0958077 0.702054 -35.1436 26.3851 4.63623</i>
                        <i>0.981026 -0.0082923 0.193698 -0.0151675 0.99274 0.119319 -0.193282 -0.119993 0.973778 -35.1409 26.4958 4.64567</i>
