<?xml version="1.0" encoding="ISO-8859-1" ?>
<Animl Version="1">
    <ModellingPackage><![CDATA[Maya.2010]]></ModellingPackage>
    <SrcFile><![CDATA[anims\turrets\machinegun\blue\~src\mgun_gatling\mgun_gatling_fire.mb]]></SrcFile>
    <FramesPerSecond>30</FramesPerSecond>
    <TotalFrames>33</TotalFrames>
    <Skeleton>
        <RefFrame>
            <Name><![CDATA[gatling_ref_frame]]></Name>
            <Exclude>1</Exclude>
            <Additive>0</Additive>
            <IKPriority>0</IKPriority>
            <IKRotLimits>-1e+010 -1e+010 -1e+010 1e+010 1e+010 1e+010</IKRotLimits>
            <IKRotLimitOrder>0</IKRotLimitOrder>
            <KeyFrames count="33">
                <i>1 0 0 0 1 0 0 0 1 0 0.92 0.45</i>
                <i>1 0 0 0 1 0 0 0 1 0 0.92 0.45</i>
                <i>1 0 0 0 1 0 0 0 1 0 0.92 0.45</i>
                <i>1 0 0 0 1 0 0 0 1 0 0.92 0.45</i>
                <i>1 0 0 0 1 0 0 0 1 0 0.92 0.45</i>
                <i>1 0 0 0 1 0 0 0 1 0 0.92 0.45</i>
                <i>1 0 0 0 1 0 0 0 1 0 0.92 0.45</i>
                <i>1 0 0 0 1 0 0 0 1 0 0.92 0.45</i>
                <i>1 0 0 0 1 0 0 0 1 0 0.92 0.45</i>
                <i>1 0 0 0 1 0 0 0 1 0 0.92 0.45</i>
                <i>1 0 0 0 1 0 0 0 1 0 0.92 0.45</i>
                <i>1 0 0 0 1 0 0 0 1 0 0.92 0.45</i>
                <i>1 0 0 0 1 0 0 0 1 0 0.92 0.45</i>
                <i>1 0 0 0 1 0 0 0 1 0 0.92 0.45</i>
                <i>1 0 0 0 1 0 0 0 1 0 0.92 0.45</i>
                <i>1 0 0 0 1 0 0 0 1 0 0.92 0.45</i>
                <i>1 0 0 0 1 0 0 0 1 0 0.92 0.45</i>
                <i>1 0 0 0 1 0 0 0 1 0 0.92 0.45</i>
                <i>1 0 0 0 1 0 0 0 1 0 0.92 0.45</i>
                <i>1 0 0 0 1 0 0 0 1 0 0.92 0.45</i>
                <i>1 0 0 0 1 0 0 0 1 0 0.92 0.45</i>
                <i>1 0 0 0 1 0 0 0 1 0 0.92 0.45</i>
                <i>1 0 0 0 1 0 0 0 1 0 0.92 0.45</i>
                <i>1 0 0 0 1 0 0 0 1 0 0.92 0.45</i>
                <i>1 0 0 0 1 0 0 0 1 0 0.92 0.45</i>
                <i>1 0 0 0 1 0 0 0 1 0 0.92 0.45</i>
                <i>1 0 0 0 1 0 0 0 1 0 0.92 0.45</i>
                <i>1 0 0 0 1 0 0 0 1 0 0.92 0.45</i>
                <i>1 0 0 0 1 0 0 0 1 0 0.92 0.45</i>
                <i>1 0 0 0 1 0 0 0 1 0 0.92 0.45</i>
                <i>1 0 0 0 1 0 0 0 1 0 0.92 0.45</i>
                <i>1 0 0 0 1 0 0 0 1 0 0.92 0.45</i>
                <i>1 0 0 0 1 0 0 0 1 0 0.92 0.45</i>
            </KeyFrames>
        </RefFrame>
        <Bones count="22">
            <i>
                <p>
                    <Name><![CDATA[gatling_root]]></Name>
                    <Exclude>1</Exclude>
                    <Additive>0</Additive>
                    <IKPriority>0</IKPriority>
                    <IKRotLimits>-1e+010 -1e+010 -1e+010 1e+010 1e+010 1e+010</IKRotLimits>
                    <IKRotLimitOrder>0</IKRotLimitOrder>
                    <KeyFrames count="33">
                        <i>1 0 0 0 1 0 0 0 1 0 0.92 0.45</i>
                        <i>1 0 0 0 1 0 0 0 1 0 0.92 0.45</i>
                        <i>1 0 0 0 1 0 0 0 1 0 0.92 0.45</i>
                        <i>1 0 0 0 1 0 0 0 1 0 0.92 0.45</i>
                        <i>1 0 0 0 1 0 0 0 1 0 0.92 0.45</i>
                        <i>1 0 0 0 1 0 0 0 1 0 0.92 0.45</i>
                        <i>1 0 0 0 1 0 0 0 1 0 0.92 0.45</i>
                        <i>1 0 0 0 1 0 0 0 1 0 0.92 0.45</i>
                        <i>1 0 0 0 1 0 0 0 1 0 0.92 0.45</i>
                        <i>1 0 0 0 1 0 0 0 1 0 0.92 0.45</i>
                        <i>1 0 0 0 1 0 0 0 1 0 0.92 0.45</i>
                        <i>1 0 0 0 1 0 0 0 1 0 0.92 0.45</i>
                        <i>1 0 0 0 1 0 0 0 1 0 0.92 0.45</i>
                        <i>1 0 0 0 1 0 0 0 1 0 0.92 0.45</i>
                        <i>1 0 0 0 1 0 0 0 1 0 0.92 0.45</i>
                        <i>1 0 0 0 1 0 0 0 1 0 0.92 0.45</i>
                        <i>1 0 0 0 1 0 0 0 1 0 0.92 0.45</i>
                        <i>1 0 0 0 1 0 0 0 1 0 0.92 0.45</i>
                        <i>1 0 0 0 1 0 0 0 1 0 0.92 0.45</i>
                        <i>1 0 0 0 1 0 0 0 1 0 0.92 0.45</i>
                        <i>1 0 0 0 1 0 0 0 1 0 0.92 0.45</i>
                        <i>1 0 0 0 1 0 0 0 1 0 0.92 0.45</i>
                        <i>1 0 0 0 1 0 0 0 1 0 0.92 0.45</i>
                        <i>1 0 0 0 1 0 0 0 1 0 0.92 0.45</i>
                        <i>1 0 0 0 1 0 0 0 1 0 0.92 0.45</i>
                        <i>1 0 0 0 1 0 0 0 1 0 0.92 0.45</i>
                        <i>1 0 0 0 1 0 0 0 1 0 0.92 0.45</i>
                        <i>1 0 0 0 1 0 0 0 1 0 0.92 0.45</i>
                        <i>1 0 0 0 1 0 0 0 1 0 0.92 0.45</i>
                        <i>1 0 0 0 1 0 0 0 1 0 0.92 0.45</i>
                        <i>1 0 0 0 1 0 0 0 1 0 0.92 0.45</i>
                        <i>1 0 0 0 1 0 0 0 1 0 0.92 0.45</i>
                        <i>1 0 0 0 1 0 0 0 1 0 0.92 0.45</i>
                    </KeyFrames>
                </p>
            </i>
            <i>
                <p>
                    <Name><![CDATA[ammobox]]></Name>
                    <Exclude>0</Exclude>
                    <Additive>0</Additive>
                    <IKPriority>0</IKPriority>
                    <IKRotLimits>-1e+010 -1e+010 -1e+010 1e+010 1e+010 1e+010</IKRotLimits>
                    <IKRotLimitOrder>0</IKRotLimitOrder>
                    <KeyFrames count="33">
                        <i>1 0 0 0 1 0 0 0 1 1.21 1.66602 0.405608</i>
                        <i>1 0 0.000872064 0 1 0 -0.000872064 0 1 1.20983 1.79058 0.226348</i>
                        <i>0.999998 0 0.00174413 0 1 0 -0.00174413 0 0.999998 1.20973 1.72359 0.195337</i>
                        <i>0.999998 0 0.00174413 0 1 0 -0.00174413 0 0.999998 1.20998 1.62356 0.255742</i>
                        <i>0.999998 0 0.00174413 0 1 0 -0.00174413 0 0.999998 1.2104 1.66602 0.441586</i>
                        <i>0.999998 0 0.00174413 0 1 0 -0.00174413 0 0.999998 1.2104 1.75737 0.279755</i>
                        <i>0.999998 0 0.00174413 0 1 0 -0.00174413 0 0.999998 1.2104 1.67046 0.255604</i>
                        <i>0.999998 0 0.00174413 0 1 0 -0.00174413 0 0.999998 1.2104 1.59035 0.29116</i>
                        <i>0.999998 0 0.00174413 0 1 0 -0.00174413 0 0.999998 1.2104 1.66602 0.441586</i>
                        <i>0.999998 0 0.00174413 0 1 0 -0.00174413 0 0.999998 1.2104 1.75737 0.279755</i>
                        <i>0.999998 0 0.00174413 0 1 0 -0.00174413 0 0.999998 1.2104 1.67046 0.255604</i>
                        <i>0.999998 0 0.00174413 0 1 0 -0.00174413 0 0.999998 1.2104 1.59035 0.29116</i>
                        <i>0.999998 0 0.00174413 0 1 0 -0.00174413 0 0.999998 1.2104 1.66602 0.441586</i>
                        <i>0.999998 0 0.00174413 0 1 0 -0.00174413 0 0.999998 1.2104 1.75737 0.279755</i>
                        <i>0.999998 0 0.00174413 0 1 0 -0.00174413 0 0.999998 1.2104 1.67046 0.255604</i>
                        <i>0.999998 0 0.00174413 0 1 0 -0.00174413 0 0.999998 1.2104 1.59035 0.29116</i>
                        <i>0.999998 0 0.00174413 0 1 0 -0.00174413 0 0.999998 1.2104 1.66602 0.441586</i>
                        <i>0.999998 0 0.00174413 0 1 0 -0.00174413 0 0.999998 1.2104 1.75737 0.279755</i>
                        <i>0.999998 0 0.00174413 0 1 0 -0.00174413 0 0.999998 1.2104 1.67046 0.255604</i>
                        <i>0.999998 0 0.00174413 0 1 0 -0.00174413 0 0.999998 1.2104 1.59035 0.29116</i>
                        <i>0.999998 0 0.00174413 0 1 0 -0.00174413 0 0.999998 1.2104 1.66602 0.441586</i>
                        <i>0.999998 0 0.00174413 0 1 0 -0.00174413 0 0.999998 1.2104 1.75737 0.279755</i>
                        <i>0.999998 0 0.00174413 0 1 0 -0.00174413 0 0.999998 1.2104 1.67046 0.255604</i>
                        <i>0.999998 0 0.00174413 0 1 0 -0.00174413 0 0.999998 1.2104 1.59035 0.29116</i>
                        <i>0.999998 0 0.00174413 0 1 0 -0.00174413 0 0.999998 1.2104 1.66602 0.441586</i>
                        <i>0.999998 0 0.00174413 0 1 0 -0.00174413 0 0.999998 1.2104 1.75737 0.279755</i>
                        <i>0.999998 0 0.00174413 0 1 0 -0.00174413 0 0.999998 1.2104 1.67046 0.255604</i>
                        <i>0.999998 0 0.00174413 0 1 0 -0.00174413 0 0.999998 1.2104 1.59035 0.29116</i>
                        <i>0.999998 0 0.00174413 0 1 0 -0.00174413 0 0.999998 1.2104 1.66602 0.441586</i>
                        <i>0.999998 0 0.00174413 0 1 0 -0.00174413 0 0.999998 1.2104 1.75737 0.279755</i>
                        <i>0.999998 0 0.00174413 0 1 0 -0.00174413 0 0.999998 1.2104 1.67046 0.255604</i>
                        <i>0.999998 0 0.00174413 0 1 0 -0.00174413 0 0.999998 1.2104 1.59035 0.29116</i>
                        <i>0.999998 0 0.00174413 0 1 0 -0.00174413 0 0.999998 1.2104 1.66602 0.441586</i>
                    </KeyFrames>
                </p>
            </i>
            <i>
                <p>
                    <Name><![CDATA[ammobelt_1]]></Name>
                    <Exclude>0</Exclude>
                    <Additive>0</Additive>
                    <IKPriority>0</IKPriority>
                    <IKRotLimits>-1e+010 -1e+010 -1e+010 1e+010 1e+010 1e+010</IKRotLimits>
                    <IKRotLimitOrder>0</IKRotLimitOrder>
                    <KeyFrames count="33">
                        <i>0.11057 0.204713 -0.972557 0.363476 0.902439 0.231278 0.925019 -0.379073 0.0253742 1.21 2.03582 0.877681</i>
                        <i>0.394595 0.462146 -0.794176 0.599292 0.525734 0.603699 0.696523 -0.71416 -0.0695084 1.20975 2.16038 0.698421</i>
                        <i>0.685691 0.417573 -0.596205 0.548432 0.24217 0.80036 0.478592 -0.875778 -0.0629573 1.20957 2.09339 0.66741</i>
                        <i>0.685638 0.417598 -0.596249 0.548457 0.242222 0.800327 0.478639 -0.875751 -0.0629578 1.20983 1.99336 0.727816</i>
                        <i>0.685662 0.417592 -0.596225 0.548449 0.242185 0.800344 0.478614 -0.875764 -0.0629711 1.21025 2.03582 0.91366</i>
                        <i>0.590774 0.451696 -0.668548 0.58232 0.334835 0.740803 0.558471 -0.826956 -0.0652199 1.21025 2.12717 0.751829</i>
                        <i>0.42207 0.46802 -0.776411 0.598264 0.499669 0.626427 0.681129 -0.728895 -0.0691046 1.21025 2.04026 0.727677</i>
                        <i>0.338797 0.472273 -0.813742 0.599123 0.558577 0.573623 0.725444 -0.681873 -0.0937054 1.21025 1.96015 0.763234</i>
                        <i>0.266177 0.460571 -0.846773 0.585938 0.620224 0.521534 0.765393 -0.634977 -0.104777 1.21025 2.03582 0.91366</i>
                        <i>0.149237 0.343906 -0.927069 0.47787 0.795723 0.372108 0.865661 -0.498551 -0.045591 1.21025 2.12717 0.751829</i>
                        <i>0.116845 0.216224 -0.969327 0.360677 0.900136 0.244267 0.925343 -0.378155 0.027189 1.21025 2.04026 0.727677</i>
                        <i>0.228693 0.339897 -0.912233 0.482114 0.77454 0.409456 0.845734 -0.53344 0.0132626 1.21025 1.96015 0.763234</i>
                        <i>0.426159 0.426773 -0.797655 0.566471 0.561578 0.603109 0.705337 -0.708868 -0.00243314 1.21025 2.03582 0.91366</i>
                        <i>0.578716 0.444573 -0.683698 0.578169 0.367595 0.728419 0.57516 -0.81684 -0.0443051 1.21025 2.12717 0.751829</i>
                        <i>0.68506 0.417933 -0.596678 0.548767 0.242621 0.799993 0.47911 -0.875481 -0.0631376 1.21025 2.04026 0.727677</i>
                        <i>0.582066 0.457217 -0.672423 0.586808 0.336265 0.736601 0.562899 -0.823334 -0.0725698 1.21025 1.96015 0.763234</i>
                        <i>0.40358 0.469793 -0.785123 0.599275 0.512694 0.614828 0.691369 -0.718637 -0.0746223 1.21025 2.03582 0.91366</i>
                        <i>0.333082 0.472202 -0.816139 0.598825 0.562658 0.569934 0.728331 -0.678559 -0.0953549 1.21025 2.12717 0.751829</i>
                        <i>0.266177 0.460571 -0.846773 0.585938 0.620224 0.521534 0.765393 -0.634977 -0.104777 1.21025 2.04026 0.727677</i>
                        <i>0.131675 0.32292 -0.937222 0.457717 0.818828 0.346434 0.879294 -0.474599 -0.0399868 1.21025 1.96015 0.763234</i>
                        <i>0.116845 0.216224 -0.969327 0.360677 0.900136 0.244267 0.925343 -0.378155 0.027189 1.21025 2.03582 0.91366</i>
                        <i>0.366527 0.44713 -0.815925 0.580356 0.575565 0.576117 0.727217 -0.684689 -0.0485343 1.21025 2.12717 0.751829</i>
                        <i>0.685691 0.417573 -0.596205 0.548432 0.24217 0.80036 0.478592 -0.875778 -0.0629573 1.21025 2.04026 0.727677</i>
                        <i>0.685638 0.417598 -0.596249 0.548457 0.242222 0.800327 0.478639 -0.875751 -0.0629578 1.21025 1.96015 0.763234</i>
                        <i>0.685662 0.417592 -0.596225 0.548449 0.242185 0.800344 0.478614 -0.875764 -0.0629711 1.21025 2.03582 0.91366</i>
                        <i>0.60635 0.446172 -0.658232 0.577228 0.322382 0.750252 0.546944 -0.834865 -0.0620663 1.21025 2.12717 0.751829</i>
                        <i>0.470331 0.465937 -0.74946 0.596994 0.457449 0.659044 0.649913 -0.757392 -0.0630091 1.21025 2.04026 0.727677</i>
                        <i>0.387262 0.47137 -0.792363 0.600094 0.523586 0.604769 0.69994 -0.709696 -0.0801012 1.21025 1.96015 0.763234</i>
                        <i>0.33202 0.475667 -0.814557 0.601529 0.558401 0.571271 0.726584 -0.679654 -0.100728 1.21025 2.03582 0.91366</i>
                        <i>0.266177 0.460571 -0.846773 0.585938 0.620224 0.521534 0.765393 -0.634977 -0.104777 1.21025 2.12717 0.751829</i>
                        <i>0.196508 0.41001 -0.890661 0.538894 0.713711 0.447449 0.819133 -0.567899 -0.0807018 1.21025 2.04026 0.727677</i>
                        <i>0.148041 0.33046 -0.932137 0.466026 0.808011 0.360469 0.872298 -0.487764 -0.0343843 1.21025 1.96015 0.763234</i>
                        <i>0.116845 0.216224 -0.969327 0.360677 0.900136 0.244267 0.925343 -0.378155 0.027189 1.21025 2.03582 0.91366</i>
                    </KeyFrames>
                </p>
            </i>
            <i>
                <p>
                    <Name><![CDATA[ammobelt_2]]></Name>
                    <Exclude>0</Exclude>
                    <Additive>0</Additive>
                    <IKPriority>0</IKPriority>
                    <IKRotLimits>-1e+010 -1e+010 -1e+010 1e+010 1e+010 1e+010</IKRotLimits>
                    <IKRotLimitOrder>0</IKRotLimitOrder>
                    <KeyFrames count="33">
                        <i>0.0999851 -0.00358649 -0.994982 0.993469 0.0556074 0.0996326 0.054971 -0.998446 0.00912298 0.715271 2.23856 0.86411</i>
                        <i>0.450538 0.0190249 -0.892555 0.892669 0.00448948 0.450691 0.0125815 -0.999809 -0.0149603 0.83723 2.54233 0.735597</i>
                        <i>0.640318 0.279571 -0.715425 0.730011 0.0682008 0.680024 0.238908 -0.9577 -0.16042 0.953607 2.56178 0.701082</i>
                        <i>0.623225 0.327462 -0.710182 0.725692 0.0963116 0.681245 0.291481 -0.939943 -0.177613 0.953834 2.46174 0.761488</i>
                        <i>0.620668 0.333503 -0.70961 0.728425 0.0896111 0.67924 0.290118 -0.93848 -0.187313 0.954268 2.5042 0.947339</i>
                        <i>0.573615 0.225461 -0.787485 0.800311 0.0506031 0.597446 0.17455 -0.972937 -0.151412 0.911558 2.56945 0.78671</i>
                        <i>0.44796 0.126643 -0.885039 0.892023 0.00337053 0.451977 0.0602227 -0.991943 -0.111458 0.845957 2.43009 0.764636</i>
                        <i>0.386953 0.108514 -0.915692 0.917816 0.0502854 0.393809 0.0887798 -0.992822 -0.0801379 0.822256 2.32483 0.81335</i>
                        <i>0.328433 0.114372 -0.937577 0.928092 0.145292 0.342834 0.175434 -0.982756 -0.0584293 0.80089 2.37542 0.969698</i>
                        <i>0.201776 0.0602044 -0.977579 0.957924 0.19589 0.209783 0.204128 -0.978776 -0.0181452 0.747263 2.39381 0.776212</i>
                        <i>0.127619 -0.00120312 -0.991822 0.990163 0.0579918 0.127335 0.0573643 -0.998316 0.00859213 0.715343 2.24251 0.713135</i>
                        <i>0.248093 0.0662478 -0.966468 0.968692 -0.00743138 0.248155 0.00925748 -0.997775 -0.0660174 0.757921 2.24545 0.756141</i>
                        <i>0.431667 0.140081 -0.89109 0.900863 -0.0166577 0.433783 0.0459211 -0.99 -0.133384 0.83301 2.41494 0.914961</i>
                        <i>0.575427 0.17641 -0.798601 0.805702 0.0454247 0.590577 0.14046 -0.983268 -0.115995 0.902632 2.56404 0.775525</i>
                        <i>0.613958 0.350599 -0.707203 0.707822 0.151989 0.689846 0.349346 -0.92411 -0.154847 0.954003 2.50849 0.761445</i>
                        <i>0.575047 0.204975 -0.792026 0.799834 0.0626827 0.596938 0.172004 -0.976758 -0.127901 0.90919 2.40049 0.802046</i>
                        <i>0.437301 0.102024 -0.89351 0.898804 -0.0160734 0.438056 0.0303306 -0.994652 -0.0987286 0.84048 2.42017 0.95357</i>
                        <i>0.383274 0.101795 -0.918008 0.920262 0.0427734 0.388958 0.0788605 -0.993885 -0.0772846 0.820712 2.49008 0.802828</i>
                        <i>0.328433 0.114372 -0.937577 0.928092 0.145292 0.342834 0.175434 -0.982756 -0.0584293 0.80089 2.37986 0.783715</i>
                        <i>0.177946 0.0563571 -0.982425 0.958535 0.215902 0.186004 0.22259 -0.974787 -0.0156014 0.739972 2.21398 0.78462</i>
                        <i>0.127619 -0.00120312 -0.991822 0.990163 0.0579918 0.127335 0.0573643 -0.998316 0.00859213 0.715343 2.23807 0.899118</i>
                        <i>0.43093 0.0362919 -0.901655 0.901004 0.037964 0.432147 0.0499138 -0.99862 -0.0163394 0.821307 2.49336 0.777786</i>
                        <i>0.640318 0.279571 -0.715425 0.730011 0.0682008 0.680024 0.238908 -0.9577 -0.16042 0.95428 2.50865 0.761349</i>
                        <i>0.623225 0.327462 -0.710182 0.725692 0.0963116 0.681245 0.291481 -0.939943 -0.177613 0.954255 2.42853 0.796906</i>
                        <i>0.620668 0.333503 -0.70961 0.728425 0.0896111 0.67924 0.290118 -0.93848 -0.187313 0.954268 2.5042 0.947339</i>
                        <i>0.581917 0.241652 -0.776516 0.790572 0.0558168 0.60982 0.190707 -0.968756 -0.158563 0.917723 2.57368 0.785024</i>
                        <i>0.484265 0.154625 -0.861149 0.869995 0.0191967 0.492687 0.0927131 -0.987787 -0.125227 0.862652 2.44534 0.761376</i>
                        <i>0.421818 0.126593 -0.897799 0.902429 0.037158 0.429233 0.0876981 -0.991259 -0.0985671 0.835896 2.33971 0.806074</i>
                        <i>0.383807 0.116423 -0.916045 0.915317 0.0831125 0.394065 0.122013 -0.989716 -0.0746652 0.821646 2.39932 0.967532</i>
                        <i>0.328433 0.114372 -0.937577 0.928092 0.145292 0.342834 0.175434 -0.982756 -0.0584293 0.80089 2.46678 0.807867</i>
                        <i>0.262051 0.0858622 -0.961227 0.945098 0.178677 0.273615 0.195243 -0.980154 -0.0343255 0.772148 2.34399 0.770839</i>
                        <i>0.207308 0.020063 -0.97807 0.973101 0.0984712 0.208275 0.10049 -0.994938 0.000890581 0.743713 2.22102 0.781624</i>
                        <i>0.127619 -0.00120312 -0.991822 0.990163 0.0579918 0.127335 0.0573643 -0.998316 0.00859213 0.715343 2.23807 0.899118</i>
                    </KeyFrames>
                </p>
            </i>
            <i>
                <p>
                    <Name><![CDATA[ammobelt_3]]></Name>
                    <Exclude>0</Exclude>
                    <Additive>0</Additive>
                    <IKPriority>0</IKPriority>
                    <IKRotLimits>-1e+010 -1e+010 -1e+010 1e+010 1e+010 1e+010</IKRotLimits>
                    <IKRotLimitOrder>0</IKRotLimitOrder>
                    <KeyFrames count="33">
                        <i>-0.0969762 -0.162904 -0.981865 0.824465 -0.565776 0.0124393 -0.557542 -0.808307 0.189176 0.700636 2.50436 0.861682</i>
                        <i>0.101121 -0.435251 -0.894612 0.635392 -0.663683 0.394719 -0.76554 -0.608344 0.209442 0.833881 2.8085 0.739579</i>
                        <i>0.291381 -0.585717 -0.756328 0.655896 -0.453205 0.60366 -0.696346 -0.671968 0.252114 0.890007 2.81674 0.743788</i>
                        <i>0.423387 -0.458905 -0.781121 0.754311 -0.298964 0.584496 -0.501755 -0.836676 0.21958 0.876238 2.71196 0.808771</i>
                        <i>0.47941 -0.35178 -0.804001 0.791614 -0.222133 0.569214 -0.378833 -0.909345 0.171981 0.877035 2.75404 0.997204</i>
                        <i>0.383897 -0.302846 -0.8723 0.817263 -0.328249 0.473638 -0.429771 -0.894727 0.121491 0.86509 2.82846 0.827018</i>
                        <i>0.251513 -0.206152 -0.945644 0.863915 -0.392667 0.315378 -0.436339 -0.896278 0.0793365 0.829925 2.69416 0.794308</i>
                        <i>0.213709 -0.191306 -0.957983 0.911803 -0.312913 0.265895 -0.350633 -0.930316 0.107561 0.798621 2.58914 0.834684</i>
                        <i>0.183844 -0.186062 -0.965185 0.95157 -0.212458 0.222207 -0.246405 -0.959293 0.137992 0.754187 2.63705 0.985252</i>
                        <i>0.03539 -0.20056 -0.979042 0.898842 -0.421834 0.118905 -0.436841 -0.884212 0.165343 0.692921 2.65438 0.781043</i>
                        <i>-0.0621074 -0.185068 -0.980761 0.82818 -0.557966 0.0528424 -0.557011 -0.808965 0.187924 0.700072 2.50827 0.710848</i>
                        <i>0.0408299 -0.144633 -0.988643 0.807567 -0.577872 0.117891 -0.58836 -0.803209 0.0932065 0.755456 2.51107 0.773715</i>
                        <i>0.178829 -0.230117 -0.956591 0.760965 -0.583948 0.282732 -0.623661 -0.778493 0.0706837 0.820785 2.6785 0.95047</i>
                        <i>0.179846 -0.528682 -0.829548 0.614294 -0.598293 0.514479 -0.768309 -0.602113 0.217165 0.86524 2.8258 0.806404</i>
                        <i>0.234893 -0.667837 -0.706272 0.603581 -0.469331 0.64453 -0.761915 -0.577688 0.292851 0.861001 2.7545 0.802667</i>
                        <i>0.353668 -0.366983 -0.860373 0.78675 -0.380787 0.485825 -0.505908 -0.84872 0.154051 0.8634 2.66052 0.836095</i>
                        <i>0.239212 -0.203091 -0.94949 0.864714 -0.400226 0.30346 -0.441641 -0.893629 0.0798769 0.832405 2.68496 0.979853</i>
                        <i>0.21033 -0.18623 -0.959729 0.914027 -0.310847 0.260633 -0.346867 -0.932037 0.104839 0.799718 2.75467 0.823402</i>
                        <i>0.183844 -0.186062 -0.965185 0.95157 -0.212458 0.222207 -0.246405 -0.959293 0.137992 0.754187 2.64149 0.79927</i>
                        <i>0.0218396 -0.181739 -0.983104 0.918707 -0.38421 0.0914349 -0.394336 -0.905182 0.158574 0.680715 2.47348 0.788773</i>
                        <i>-0.0621074 -0.185068 -0.980761 0.82818 -0.557966 0.0528424 -0.557011 -0.808965 0.187924 0.700072 2.50383 0.896831</i>
                        <i>0.107359 -0.419885 -0.901205 0.657745 -0.649733 0.381076 -0.745551 -0.633675 0.206423 0.80802 2.75921 0.782136</i>
                        <i>0.291381 -0.585717 -0.756328 0.655896 -0.453205 0.60366 -0.696346 -0.671968 0.252114 0.890679 2.76361 0.804055</i>
                        <i>0.423387 -0.458905 -0.781121 0.754311 -0.298965 0.584496 -0.501755 -0.836676 0.21958 0.876658 2.67875 0.844189</i>
                        <i>0.47941 -0.35178 -0.804001 0.791614 -0.222133 0.569214 -0.378833 -0.909345 0.171981 0.877035 2.75404 0.997204</i>
                        <i>0.397933 -0.302996 -0.865934 0.814109 -0.318515 0.485567 -0.422938 -0.898188 0.119924 0.866954 2.83158 0.827236</i>
                        <i>0.290126 -0.220383 -0.931267 0.854657 -0.378159 0.355749 -0.430569 -0.899126 0.0786383 0.83797 2.7083 0.794714</i>
                        <i>0.241665 -0.195262 -0.950511 0.892315 -0.340168 0.296749 -0.381277 -0.919869 0.0920281 0.81255 2.6036 0.832314</i>
                        <i>0.222595 -0.193543 -0.955506 0.926056 -0.264394 0.269288 -0.304749 -0.944795 0.120379 0.789164 2.6628 0.987409</i>
                        <i>0.183844 -0.186062 -0.965185 0.95157 -0.212458 0.222207 -0.246405 -0.959293 0.137992 0.754187 2.7284 0.823421</i>
                        <i>0.103189 -0.207033 -0.972877 0.928334 -0.331147 0.168934 -0.35714 -0.920586 0.158025 0.720172 2.60492 0.779977</i>
                        <i>0.00501766 -0.224115 -0.97455 0.809452 -0.571325 0.135554 -0.587164 -0.789532 0.178544 0.716961 2.48589 0.781386</i>
                        <i>-0.0621074 -0.185068 -0.980761 0.82818 -0.557966 0.0528424 -0.557011 -0.808965 0.187924 0.700072 2.50383 0.896831</i>
                    </KeyFrames>
                </p>
            </i>
            <i>
                <p>
                    <Name><![CDATA[ammobelt_4]]></Name>
                    <Exclude>0</Exclude>
                    <Additive>0</Additive>
                    <IKPriority>0</IKPriority>
                    <IKRotLimits>-1e+010 -1e+010 -1e+010 1e+010 1e+010 1e+010</IKRotLimits>
                    <IKRotLimitOrder>0</IKRotLimitOrder>
                    <KeyFrames count="33">
                        <i>-0.247517 -0.0976285 -0.963952 0.55906 -0.826968 -0.0597969 -0.79132 -0.553708 0.259269 0.850547 2.72169 0.810817</i>
                        <i>-0.128476 -0.393371 -0.910359 0.245082 -0.902087 0.35521 -0.960952 -0.177476 0.212305 1.03972 2.97207 0.683265</i>
                        <i>-0.14564 -0.650462 -0.745445 0.112094 -0.759476 0.640805 -0.982967 0.00976751 0.183523 1.07724 2.99742 0.676</i>
                        <i>-0.0752825 -0.661048 -0.746558 0.212521 -0.742117 0.635686 -0.974252 -0.110803 0.196355 1.01115 2.93692 0.749731</i>
                        <i>0.0398969 -0.623638 -0.780694 0.387229 -0.710609 0.587442 -0.92112 -0.325745 0.21314 0.978894 2.99854 0.950963</i>
                        <i>0.172855 -0.368394 -0.913459 0.603401 -0.693402 0.393828 -0.778478 -0.619257 0.102432 0.980646 3.06903 0.794352</i>
                        <i>0.130078 -0.143863 -0.981011 0.74654 -0.636918 0.19239 -0.652502 -0.75739 0.0245509 0.947246 2.93515 0.772977</i>
                        <i>0.0511638 -0.192642 -0.979934 0.688254 -0.704202 0.174371 -0.723663 -0.683366 0.0965568 0.892898 2.83928 0.805764</i>
                        <i>-0.0783399 -0.30546 -0.948977 0.44825 -0.861045 0.240152 -0.890469 -0.406566 0.204377 0.82044 2.89498 0.948149</i>
                        <i>-0.150898 -0.193471 -0.969432 0.389885 -0.912815 0.121484 -0.908416 -0.359635 0.213174 0.810378 2.89212 0.736586</i>
                        <i>-0.215468 -0.141785 -0.966163 0.57201 -0.820215 -0.00719957 -0.791441 -0.554206 0.257832 0.84984 2.72579 0.66032</i>
                        <i>-0.152004 -0.123865 -0.980588 0.399724 -0.915065 0.053626 -0.903944 -0.383813 0.188605 0.913653 2.72703 0.748654</i>
                        <i>-0.0969001 -0.249709 -0.96346 0.247645 -0.943621 0.219661 -0.963993 -0.217311 0.153276 0.988473 2.88781 0.931465</i>
                        <i>-0.189278 -0.528421 -0.827614 0.0670027 -0.847836 0.526009 -0.979635 0.0441095 0.195882 1.07182 2.9877 0.748013</i>
                        <i>-0.170662 -0.690161 -0.703244 0.0884005 -0.721561 0.686684 -0.981356 0.0550236 0.184153 1.06586 2.90983 0.723927</i>
                        <i>0.135753 -0.403114 -0.905025 0.40966 -0.808895 0.421745 -0.902081 -0.428006 0.0553296 0.999427 2.88872 0.794675</i>
                        <i>0.121656 -0.134076 -0.983475 0.741038 -0.646926 0.179861 -0.660351 -0.750673 0.0206534 0.951152 2.92524 0.958376</i>
                        <i>0.0496419 -0.186181 -0.98126 0.706839 -0.687569 0.166216 -0.70563 -0.701845 0.0974681 0.892982 3.00528 0.795213</i>
                        <i>-0.0783399 -0.30546 -0.948977 0.44825 -0.861045 0.240152 -0.890469 -0.406566 0.204377 0.82044 2.89942 0.762167</i>
                        <i>-0.157773 -0.174462 -0.971942 0.398699 -0.91173 0.0989344 -0.903408 -0.371903 0.213404 0.786743 2.71686 0.746136</i>
                        <i>-0.215468 -0.141785 -0.966163 0.57201 -0.820215 -0.00719957 -0.791441 -0.554206 0.257832 0.84984 2.72135 0.846302</i>
                        <i>-0.111715 -0.38975 -0.91412 0.319582 -0.885102 0.338321 -0.94095 -0.254341 0.223436 1.00848 2.92959 0.726634</i>
                        <i>-0.14564 -0.650462 -0.745445 0.112094 -0.759476 0.640805 -0.982967 0.00976751 0.183523 1.07791 2.94428 0.736267</i>
                        <i>-0.0752826 -0.661048 -0.746557 0.212521 -0.742117 0.635686 -0.974252 -0.110803 0.196355 1.01157 2.90372 0.785149</i>
                        <i>0.0398969 -0.623638 -0.780694 0.387229 -0.710609 0.587442 -0.92112 -0.325745 0.21314 0.978894 2.99854 0.950963</i>
                        <i>0.184641 -0.37571 -0.908157 0.610674 -0.680156 0.405543 -0.770055 -0.629468 0.103852 0.980672 3.07308 0.794991</i>
                        <i>0.161499 -0.172465 -0.971686 0.747624 -0.621329 0.234539 -0.644187 -0.764334 0.028595 0.95374 2.95005 0.77357</i>
                        <i>0.0981488 -0.168986 -0.980719 0.735658 -0.651355 0.185857 -0.670204 -0.739716 0.0603862 0.915066 2.85093 0.80757</i>
                        <i>0.0217117 -0.252277 -0.967411 0.631615 -0.746615 0.208875 -0.774978 -0.615566 0.143132 0.871104 2.91683 0.955042</i>
                        <i>-0.0783399 -0.30546 -0.948977 0.44825 -0.861045 0.240152 -0.890469 -0.406566 0.204377 0.82044 2.98633 0.786319</i>
                        <i>-0.133046 -0.251396 -0.958696 0.288104 -0.935336 0.205288 -0.948312 -0.248891 0.196871 0.816198 2.85244 0.737488</i>
                        <i>-0.165161 -0.183783 -0.968992 0.383361 -0.91719 0.108616 -0.908711 -0.353535 0.221939 0.874836 2.69817 0.73338</i>
                        <i>-0.215468 -0.141785 -0.966163 0.57201 -0.820215 -0.00719957 -0.791441 -0.554206 0.257832 0.84984 2.72135 0.846302</i>
                    </KeyFrames>
                </p>
            </i>
            <i>
                <p>
                    <Name><![CDATA[ammobelt_5]]></Name>
                    <Exclude>0</Exclude>
                    <Additive>0</Additive>
                    <IKPriority>0</IKPriority>
                    <IKRotLimits>-1e+010 -1e+010 -1e+010 1e+010 1e+010 1e+010</IKRotLimits>
                    <IKRotLimitOrder>0</IKRotLimitOrder>
                    <KeyFrames count="33">
                        <i>-0.289087 0.0495908 -0.956018 0.167283 -0.980675 -0.101454 -0.942574 -0.189255 0.275204 1.06121 2.8691 0.741795</i>
                        <i>-0.356078 -0.245634 -0.901595 -0.175803 -0.929995 0.322804 -0.91777 0.273446 0.287967 1.29554 3.01931 0.626747</i>
                        <i>-0.499959 -0.451852 -0.738831 -0.194678 -0.772636 0.604263 -0.843885 0.44594 0.298321 1.33892 2.99482 0.627144</i>
                        <i>-0.358043 -0.529088 -0.769332 -0.0708751 -0.806178 0.587413 -0.931011 0.264846 0.251147 1.27051 2.96642 0.697458</i>
                        <i>-0.258632 -0.539846 -0.801047 -0.00477673 -0.828537 0.559914 -0.965964 0.148638 0.211707 1.22411 3.08526 0.894222</i>
                        <i>-0.00760632 -0.308884 -0.951069 0.18589 -0.934955 0.302164 -0.982541 -0.174496 0.06453 1.18789 3.23389 0.767084</i>
                        <i>0.0949851 0.00482953 -0.995467 0.465512 -0.884131 0.0401287 -0.87993 -0.467214 -0.0862275 1.12095 3.13678 0.766441</i>
                        <i>-0.0518207 -0.0938474 -0.994237 0.173896 -0.981213 0.0835544 -0.9834 -0.168564 0.0671668 1.08555 3.0212 0.780059</i>
                        <i>-0.265671 -0.193964 -0.94435 -0.156459 -0.957891 0.240761 -0.951283 0.211715 0.224137 1.0575 3.00321 0.893741</i>
                        <i>-0.26447 -0.0737583 -0.961569 0.00910077 -0.997217 0.0739896 -0.964351 0.010817 0.264405 1.05221 2.98786 0.679836</i>
                        <i>-0.275508 -0.0165115 -0.961157 0.187102 -0.981652 -0.0367679 -0.942915 -0.189965 0.273542 1.06053 2.87332 0.591681</i>
                        <i>-0.257471 -0.00268801 -0.966282 -0.0364916 -0.999256 0.0125031 -0.965597 0.0384804 0.257182 1.1543 2.82921 0.698445</i>
                        <i>-0.277961 -0.11021 -0.954249 -0.226249 -0.957938 0.17654 -0.933568 0.264969 0.241335 1.2451 2.94567 0.89066</i>
                        <i>-0.404412 -0.36526 -0.838472 -0.141576 -0.880734 0.451955 -0.903552 0.301484 0.304468 1.33261 2.97596 0.695867</i>
                        <i>-0.318755 -0.566524 -0.759899 0.0446175 -0.809798 0.58501 -0.946786 0.15257 0.283404 1.32711 2.89518 0.674902</i>
                        <i>-0.0798677 -0.330233 -0.940514 0.15452 -0.936225 0.315605 -0.984756 -0.120122 0.125802 1.23957 3.00266 0.779945</i>
                        <i>0.0867073 0.0141701 -0.996133 0.457679 -0.888701 0.0271963 -0.884879 -0.458268 -0.0835422 1.12695 3.12508 0.952878</i>
                        <i>-0.0471515 -0.0853202 -0.995237 0.186775 -0.979526 0.0751244 -0.981271 -0.182343 0.0621217 1.08083 3.19212 0.769266</i>
                        <i>-0.265671 -0.193964 -0.94435 -0.156459 -0.957891 0.240761 -0.951283 0.211715 0.224137 1.0575 3.00765 0.707759</i>
                        <i>-0.261023 -0.0536258 -0.963842 0.0160592 -0.998559 0.0512083 -0.965199 -0.00211199 0.261508 1.02724 2.81587 0.689325</i>
                        <i>-0.275508 -0.0165115 -0.961157 0.187102 -0.981652 -0.0367679 -0.942915 -0.189965 0.273542 1.06053 2.86888 0.777664</i>
                        <i>-0.353379 -0.265935 -0.896885 -0.103388 -0.941767 0.319978 -0.92975 0.2058 0.305306 1.25898 2.9973 0.667152</i>
                        <i>-0.499959 -0.451852 -0.738831 -0.194678 -0.772636 0.604263 -0.843885 0.44594 0.298321 1.33959 2.94168 0.68741</i>
                        <i>-0.358043 -0.529088 -0.769332 -0.0708751 -0.806178 0.587413 -0.931011 0.264846 0.251147 1.27093 2.93321 0.732876</i>
                        <i>-0.258632 -0.539846 -0.801047 -0.00477673 -0.828537 0.559914 -0.965964 0.148638 0.211707 1.22411 3.08526 0.894222</i>
                        <i>-0.000830597 -0.320879 -0.94712 0.190911 -0.929751 0.314827 -0.981607 -0.180554 0.0620314 1.18567 3.24066 0.767344</i>
                        <i>0.117393 -0.0313961 -0.992589 0.470138 -0.878644 0.083395 -0.874751 -0.476444 -0.0883862 1.12523 3.15353 0.765957</i>
                        <i>0.0302455 -0.0507162 -0.998255 0.330139 -0.942157 0.0578689 -0.943448 -0.331313 -0.0117526 1.09348 3.04786 0.791495</i>
                        <i>-0.140025 -0.169664 -0.975504 0.0282932 -0.985493 0.16734 -0.989744 -0.00416844 0.142794 1.07741 3.0807 0.916938</i>
                        <i>-0.265671 -0.193964 -0.94435 -0.156459 -0.957891 0.240761 -0.951283 0.211715 0.224137 1.0575 3.09457 0.73191</i>
                        <i>-0.264153 -0.120434 -0.956932 -0.135786 -0.977647 0.160524 -0.954874 0.172341 0.241895 1.06865 2.9187 0.685078</i>
                        <i>-0.256293 -0.0591991 -0.964785 -0.00627155 -0.998 0.0629032 -0.966579 0.0221723 0.255409 1.11675 2.79229 0.674297</i>
                        <i>-0.275508 -0.0165115 -0.961157 0.187102 -0.981652 -0.0367679 -0.942915 -0.189965 0.273542 1.06053 2.86888 0.777664</i>
                    </KeyFrames>
                </p>
            </i>
            <i>
                <p>
                    <Name><![CDATA[ammobelt_6]]></Name>
                    <Exclude>0</Exclude>
                    <Additive>0</Additive>
                    <IKPriority>0</IKPriority>
                    <IKRotLimits>-1e+010 -1e+010 -1e+010 1e+010 1e+010 1e+010</IKRotLimits>
                    <IKRotLimitOrder>0</IKRotLimitOrder>
                    <KeyFrames count="33">
                        <i>-0.302227 0.201292 -0.93174 -0.155236 -0.974795 -0.16024 -0.940511 0.096211 0.325857 1.31715 2.92049 0.667067</i>
                        <i>-0.434324 -0.0522691 -0.899239 -0.476911 -0.833564 0.278795 -0.764146 0.549944 0.337109 1.54475 2.94506 0.548552</i>
                        <i>-0.671301 -0.171116 -0.721162 -0.458036 -0.66918 0.58515 -0.582716 0.72313 0.370844 1.56807 2.87373 0.546138</i>
                        <i>-0.560928 -0.307683 -0.768564 -0.306872 -0.784956 0.538213 -0.768888 0.537749 0.345885 1.52331 2.89451 0.629262</i>
                        <i>-0.457541 -0.358127 -0.813881 -0.202885 -0.849116 0.487687 -0.865733 0.388261 0.315847 1.48641 3.0449 0.836735</i>
                        <i>-0.378547 -0.156813 -0.912202 -0.191859 -0.950845 0.243073 -0.905479 0.267028 0.329854 1.45469 3.28127 0.749561</i>
                        <i>-0.320996 0.0725114 -0.944301 -0.185486 -0.982569 -0.0123977 -0.928739 0.171175 0.32885 1.35989 3.26365 0.789855</i>
                        <i>-0.355469 0.0786013 -0.931377 -0.386116 -0.91981 0.0697394 -0.851209 0.38441 0.357313 1.35258 3.06697 0.76182</i>
                        <i>-0.394646 0.0127112 -0.918746 -0.51887 -0.828297 0.21142 -0.758306 0.560145 0.333479 1.31581 2.94572 0.832879</i>
                        <i>-0.29679 0.0734817 -0.952111 -0.309202 -0.950718 0.0230093 -0.903499 0.301223 0.304884 1.31407 2.98492 0.60804</i>
                        <i>-0.311951 0.121687 -0.942273 -0.12936 -0.987968 -0.0847622 -0.941251 0.0954507 0.323939 1.31657 2.92491 0.517404</i>
                        <i>-0.264934 0.142121 -0.953736 -0.422314 -0.906276 -0.0177358 -0.866868 0.398077 0.300123 1.41649 2.81876 0.62861</i>
                        <i>-0.385382 0.108973 -0.9163 -0.645588 -0.741347 0.183359 -0.659315 0.662216 0.356053 1.4986 2.87372 0.825128</i>
                        <i>-0.5262 -0.168967 -0.833405 -0.338441 -0.857481 0.387536 -0.78011 0.48598 0.394021 1.57796 2.89409 0.613192</i>
                        <i>-0.421137 -0.425501 -0.800995 -0.0420914 -0.873008 0.485885 -0.90602 0.238339 0.349746 1.5842 2.85375 0.597947</i>
                        <i>-0.422885 -0.179624 -0.888202 -0.115533 -0.961471 0.249449 -0.898788 0.208105 0.385839 1.50697 3.03528 0.745785</i>
                        <i>-0.32941 0.0876552 -0.940109 -0.209303 -0.977688 -0.0178201 -0.920696 0.190898 0.340407 1.36723 3.24951 0.975563</i>
                        <i>-0.343703 0.0830633 -0.935398 -0.384713 -0.921113 0.059564 -0.856659 0.380332 0.348544 1.34729 3.24163 0.752397</i>
                        <i>-0.394646 0.0127112 -0.918746 -0.51887 -0.828297 0.21142 -0.758306 0.560145 0.333479 1.31581 2.95016 0.646897</i>
                        <i>-0.286237 0.0919024 -0.953741 -0.304251 -0.952592 -0.000479625 -0.90857 0.290039 0.300629 1.28933 2.81644 0.618316</i>
                        <i>-0.311951 0.121687 -0.942273 -0.12936 -0.987968 -0.0847622 -0.941251 0.0954507 0.323939 1.31657 2.92047 0.703386</i>
                        <i>-0.453289 -0.0825057 -0.887537 -0.405936 -0.867352 0.287952 -0.793564 0.490809 0.359669 1.51144 2.94142 0.584249</i>
                        <i>-0.671301 -0.171116 -0.721162 -0.458036 -0.66918 0.58515 -0.582716 0.72313 0.370844 1.56874 2.82059 0.606405</i>
                        <i>-0.560928 -0.307683 -0.768564 -0.306872 -0.784956 0.538213 -0.768888 0.53775 0.345885 1.52373 2.8613 0.66468</i>
                        <i>-0.457541 -0.358127 -0.813881 -0.202885 -0.849116 0.487687 -0.865733 0.388261 0.315847 1.48641 3.0449 0.836735</i>
                        <i>-0.376353 -0.171297 -0.910503 -0.182682 -0.949744 0.254191 -0.908287 0.261998 0.326146 1.45222 3.28968 0.7505</i>
                        <i>-0.315629 0.0271104 -0.948495 -0.150454 -0.988376 0.0218158 -0.936879 0.14959 0.316039 1.36276 3.2829 0.789957</i>
                        <i>-0.333111 0.0739677 -0.939982 -0.287802 -0.957319 0.0266594 -0.89789 0.279409 0.340182 1.34967 3.13782 0.794686</i>
                        <i>-0.389711 0.0354403 -0.920255 -0.445809 -0.881635 0.154839 -0.805841 0.4706 0.359382 1.34617 3.08183 0.878164</i>
                        <i>-0.394646 0.0127112 -0.918746 -0.51887 -0.828297 0.21142 -0.758306 0.560145 0.333479 1.31581 3.03708 0.671049</i>
                        <i>-0.313849 0.04483 -0.948414 -0.463493 -0.879015 0.11183 -0.828657 0.474681 0.296657 1.32794 2.87191 0.619394</i>
                        <i>-0.275698 0.086203 -0.957371 -0.304547 -0.952495 0.00193767 -0.911725 0.292099 0.288854 1.37921 2.78627 0.604943</i>
                        <i>-0.311951 0.121687 -0.942273 -0.12936 -0.987968 -0.0847622 -0.941251 0.0954507 0.323939 1.31657 2.92047 0.703386</i>
                    </KeyFrames>
                </p>
            </i>
