<?xml version="1.0" encoding="ISO-8859-1" ?>
<Animl Version="1">
    <ModellingPackage>
        <![CDATA[Maya.2010]]>
</ModellingPackage>
    <SrcFile>
        <![CDATA[anims\turrets\machinegun\blue\~src\mgun_gatling\mgun_gatling_idle.mb]]>
</SrcFile>
    <FramesPerSecond>30</FramesPerSecond>
    <TotalFrames>97</TotalFrames>
    <Skeleton>
        <RefFrame>
            <Name>
                <![CDATA[gatling_ref_frame]]>
</Name>
            <Exclude>0</Exclude>
            <Additive>0</Additive>
            <IKPriority>0</IKPriority>
            <IKRotLimits>-1e+010 -1e+010 -1e+010 1e+010 1e+010 1e+010</IKRotLimits>
            <IKRotLimitOrder>0</IKRotLimitOrder>
            <KeyFrames count="97">
                <i>1 0 0 0 1 0 0 0 1 0 0.92 0.45</i>
                <i>1 0 0 0 1 0 0 0 1 0 0.92 0.45</i>
                <i>1 0 0 0 1 0 0 0 1 0 0.92 0.45</i>
                <i>1 0 0 0 1 0 0 0 1 0 0.92 0.45</i>
                <i>1 0 0 0 1 0 0 0 1 0 0.92 0.45</i>
                <i>1 0 0 0 1 0 0 0 1 0 0.92 0.45</i>
                <i>1 0 0 0 1 0 0 0 1 0 0.92 0.45</i>
                <i>1 0 0 0 1 0 0 0 1 0 0.92 0.45</i>
                <i>1 0 0 0 1 0 0 0 1 0 0.92 0.45</i>
                <i>1 0 0 0 1 0 0 0 1 0 0.92 0.45</i>
                <i>1 0 0 0 1 0 0 0 1 0 0.92 0.45</i>
                <i>1 0 0 0 1 0 0 0 1 0 0.92 0.45</i>
                <i>1 0 0 0 1 0 0 0 1 0 0.92 0.45</i>
                <i>1 0 0 0 1 0 0 0 1 0 0.92 0.45</i>
                <i>1 0 0 0 1 0 0 0 1 0 0.92 0.45</i>
                <i>1 0 0 0 1 0 0 0 1 0 0.92 0.45</i>
                <i>1 0 0 0 1 0 0 0 1 0 0.92 0.45</i>
                <i>1 0 0 0 1 0 0 0 1 0 0.92 0.45</i>
                <i>1 0 0 0 1 0 0 0 1 0 0.92 0.45</i>
                <i>1 0 0 0 1 0 0 0 1 0 0.92 0.45</i>
                <i>1 0 0 0 1 0 0 0 1 0 0.92 0.45</i>
                <i>1 0 0 0 1 0 0 0 1 0 0.92 0.45</i>
                <i>1 0 0 0 1 0 0 0 1 0 0.92 0.45</i>
                <i>1 0 0 0 1 0 0 0 1 0 0.92 0.45</i>
                <i>1 0 0 0 1 0 0 0 1 0 0.92 0.45</i>
                <i>1 0 0 0 1 0 0 0 1 0 0.92 0.45</i>
                <i>1 0 0 0 1 0 0 0 1 0 0.92 0.45</i>
                <i>1 0 0 0 1 0 0 0 1 0 0.92 0.45</i>
                <i>1 0 0 0 1 0 0 0 1 0 0.92 0.45</i>
                <i>1 0 0 0 1 0 0 0 1 0 0.92 0.45</i>
                <i>1 0 0 0 1 0 0 0 1 0 0.92 0.45</i>
                <i>1 0 0 0 1 0 0 0 1 0 0.92 0.45</i>
                <i>1 0 0 0 1 0 0 0 1 0 0.92 0.45</i>
                <i>1 0 0 0 1 0 0 0 1 0 0.92 0.45</i>
                <i>1 0 0 0 1 0 0 0 1 0 0.92 0.45</i>
                <i>1 0 0 0 1 0 0 0 1 0 0.92 0.45</i>
                <i>1 0 0 0 1 0 0 0 1 0 0.92 0.45</i>
                <i>1 0 0 0 1 0 0 0 1 0 0.92 0.45</i>
                <i>1 0 0 0 1 0 0 0 1 0 0.92 0.45</i>
                <i>1 0 0 0 1 0 0 0 1 0 0.92 0.45</i>
                <i>1 0 0 0 1 0 0 0 1 0 0.92 0.45</i>
                <i>1 0 0 0 1 0 0 0 1 0 0.92 0.45</i>
                <i>1 0 0 0 1 0 0 0 1 0 0.92 0.45</i>
                <i>1 0 0 0 1 0 0 0 1 0 0.92 0.45</i>
                <i>1 0 0 0 1 0 0 0 1 0 0.92 0.45</i>
                <i>1 0 0 0 1 0 0 0 1 0 0.92 0.45</i>
                <i>1 0 0 0 1 0 0 0 1 0 0.92 0.45</i>
                <i>1 0 0 0 1 0 0 0 1 0 0.92 0.45</i>
                <i>1 0 0 0 1 0 0 0 1 0 0.92 0.45</i>
                <i>1 0 0 0 1 0 0 0 1 0 0.92 0.45</i>
                <i>1 0 0 0 1 0 0 0 1 0 0.92 0.45</i>
                <i>1 0 0 0 1 0 0 0 1 0 0.92 0.45</i>
                <i>1 0 0 0 1 0 0 0 1 0 0.92 0.45</i>
                <i>1 0 0 0 1 0 0 0 1 0 0.92 0.45</i>
                <i>1 0 0 0 1 0 0 0 1 0 0.92 0.45</i>
                <i>1 0 0 0 1 0 0 0 1 0 0.92 0.45</i>
                <i>1 0 0 0 1 0 0 0 1 0 0.92 0.45</i>
                <i>1 0 0 0 1 0 0 0 1 0 0.92 0.45</i>
                <i>1 0 0 0 1 0 0 0 1 0 0.92 0.45</i>
                <i>1 0 0 0 1 0 0 0 1 0 0.92 0.45</i>
                <i>1 0 0 0 1 0 0 0 1 0 0.92 0.45</i>
                <i>1 0 0 0 1 0 0 0 1 0 0.92 0.45</i>
                <i>1 0 0 0 1 0 0 0 1 0 0.92 0.45</i>
                <i>1 0 0 0 1 0 0 0 1 0 0.92 0.45</i>
                <i>1 0 0 0 1 0 0 0 1 0 0.92 0.45</i>
                <i>1 0 0 0 1 0 0 0 1 0 0.92 0.45</i>
                <i>1 0 0 0 1 0 0 0 1 0 0.92 0.45</i>
                <i>1 0 0 0 1 0 0 0 1 0 0.92 0.45</i>
                <i>1 0 0 0 1 0 0 0 1 0 0.92 0.45</i>
                <i>1 0 0 0 1 0 0 0 1 0 0.92 0.45</i>
                <i>1 0 0 0 1 0 0 0 1 0 0.92 0.45</i>
                <i>1 0 0 0 1 0 0 0 1 0 0.92 0.45</i>
                <i>1 0 0 0 1 0 0 0 1 0 0.92 0.45</i>
                <i>1 0 0 0 1 0 0 0 1 0 0.92 0.45</i>
                <i>1 0 0 0 1 0 0 0 1 0 0.92 0.45</i>
                <i>1 0 0 0 1 0 0 0 1 0 0.92 0.45</i>
                <i>1 0 0 0 1 0 0 0 1 0 0.92 0.45</i>
                <i>1 0 0 0 1 0 0 0 1 0 0.92 0.45</i>
                <i>1 0 0 0 1 0 0 0 1 0 0.92 0.45</i>
                <i>1 0 0 0 1 0 0 0 1 0 0.92 0.45</i>
                <i>1 0 0 0 1 0 0 0 1 0 0.92 0.45</i>
                <i>1 0 0 0 1 0 0 0 1 0 0.92 0.45</i>
                <i>1 0 0 0 1 0 0 0 1 0 0.92 0.45</i>
                <i>1 0 0 0 1 0 0 0 1 0 0.92 0.45</i>
                <i>1 0 0 0 1 0 0 0 1 0 0.92 0.45</i>
                <i>1 0 0 0 1 0 0 0 1 0 0.92 0.45</i>
                <i>1 0 0 0 1 0 0 0 1 0 0.92 0.45</i>
                <i>1 0 0 0 1 0 0 0 1 0 0.92 0.45</i>
                <i>1 0 0 0 1 0 0 0 1 0 0.92 0.45</i>
                <i>1 0 0 0 1 0 0 0 1 0 0.92 0.45</i>
                <i>1 0 0 0 1 0 0 0 1 0 0.92 0.45</i>
                <i>1 0 0 0 1 0 0 0 1 0 0.92 0.45</i>
                <i>1 0 0 0 1 0 0 0 1 0 0.92 0.45</i>
                <i>1 0 0 0 1 0 0 0 1 0 0.92 0.45</i>
                <i>1 0 0 0 1 0 0 0 1 0 0.92 0.45</i>
                <i>1 0 0 0 1 0 0 0 1 0 0.92 0.45</i>
                <i>1 0 0 0 1 0 0 0 1 0 0.92 0.45</i>
            </KeyFrames>
        </RefFrame>
        <Bones count="22">
            <i>
                <p>
                    <Name>
                        <![CDATA[gatling_root]]>
</Name>
                    <Exclude>0</Exclude>
                    <Additive>0</Additive>
                    <IKPriority>0</IKPriority>
                    <IKRotLimits>-1e+010 -1e+010 -1e+010 1e+010 1e+010 1e+010</IKRotLimits>
                    <IKRotLimitOrder>0</IKRotLimitOrder>
                    <KeyFrames count="97">
                        <i>1 0 0 0 1 0 0 0 1 0 0.92 0.45</i>
                        <i>1 0 0 0 1 0 0 0 1 0 0.92 0.45</i>
                        <i>1 0 0 0 1 0 0 0 1 0 0.92 0.45</i>
                        <i>1 0 0 0 1 0 0 0 1 0 0.92 0.45</i>
                        <i>1 0 0 0 1 0 0 0 1 0 0.92 0.45</i>
                        <i>1 0 0 0 1 0 0 0 1 0 0.92 0.45</i>
                        <i>1 0 0 0 1 0 0 0 1 0 0.92 0.45</i>
                        <i>1 0 0 0 1 0 0 0 1 0 0.92 0.45</i>
                        <i>1 0 0 0 1 0 0 0 1 0 0.92 0.45</i>
                        <i>1 0 0 0 1 0 0 0 1 0 0.92 0.45</i>
                        <i>1 0 0 0 1 0 0 0 1 0 0.92 0.45</i>
                        <i>1 0 0 0 1 0 0 0 1 0 0.92 0.45</i>
                        <i>1 0 0 0 1 0 0 0 1 0 0.92 0.45</i>
                        <i>1 0 0 0 1 0 0 0 1 0 0.92 0.45</i>
                        <i>1 0 0 0 1 0 0 0 1 0 0.92 0.45</i>
                        <i>1 0 0 0 1 0 0 0 1 0 0.92 0.45</i>
                        <i>1 0 0 0 1 0 0 0 1 0 0.92 0.45</i>
                        <i>1 0 0 0 1 0 0 0 1 0 0.92 0.45</i>
                        <i>1 0 0 0 1 0 0 0 1 0 0.92 0.45</i>
                        <i>1 0 0 0 1 0 0 0 1 0 0.92 0.45</i>
                        <i>1 0 0 0 1 0 0 0 1 0 0.92 0.45</i>
                        <i>1 0 0 0 1 0 0 0 1 0 0.92 0.45</i>
                        <i>1 0 0 0 1 0 0 0 1 0 0.92 0.45</i>
                        <i>1 0 0 0 1 0 0 0 1 0 0.92 0.45</i>
                        <i>1 0 0 0 1 0 0 0 1 0 0.92 0.45</i>
                        <i>1 0 0 0 1 0 0 0 1 0 0.92 0.45</i>
                        <i>1 0 0 0 1 0 0 0 1 0 0.92 0.45</i>
                        <i>1 0 0 0 1 0 0 0 1 0 0.92 0.45</i>
                        <i>1 0 0 0 1 0 0 0 1 0 0.92 0.45</i>
                        <i>1 0 0 0 1 0 0 0 1 0 0.92 0.45</i>
                        <i>1 0 0 0 1 0 0 0 1 0 0.92 0.45</i>
                        <i>1 0 0 0 1 0 0 0 1 0 0.92 0.45</i>
                        <i>1 0 0 0 1 0 0 0 1 0 0.92 0.45</i>
                        <i>1 0 0 0 1 0 0 0 1 0 0.92 0.45</i>
                        <i>1 0 0 0 1 0 0 0 1 0 0.92 0.45</i>
                        <i>1 0 0 0 1 0 0 0 1 0 0.92 0.45</i>
                        <i>1 0 0 0 1 0 0 0 1 0 0.92 0.45</i>
                        <i>1 0 0 0 1 0 0 0 1 0 0.92 0.45</i>
                        <i>1 0 0 0 1 0 0 0 1 0 0.92 0.45</i>
                        <i>1 0 0 0 1 0 0 0 1 0 0.92 0.45</i>
                        <i>1 0 0 0 1 0 0 0 1 0 0.92 0.45</i>
                        <i>1 0 0 0 1 0 0 0 1 0 0.92 0.45</i>
                        <i>1 0 0 0 1 0 0 0 1 0 0.92 0.45</i>
                        <i>1 0 0 0 1 0 0 0 1 0 0.92 0.45</i>
                        <i>1 0 0 0 1 0 0 0 1 0 0.92 0.45</i>
                        <i>1 0 0 0 1 0 0 0 1 0 0.92 0.45</i>
                        <i>1 0 0 0 1 0 0 0 1 0 0.92 0.45</i>
                        <i>1 0 0 0 1 0 0 0 1 0 0.92 0.45</i>
                        <i>1 0 0 0 1 0 0 0 1 0 0.92 0.45</i>
                        <i>1 0 0 0 1 0 0 0 1 0 0.92 0.45</i>
                        <i>1 0 0 0 1 0 0 0 1 0 0.92 0.45</i>
                        <i>1 0 0 0 1 0 0 0 1 0 0.92 0.45</i>
                        <i>1 0 0 0 1 0 0 0 1 0 0.92 0.45</i>
                        <i>1 0 0 0 1 0 0 0 1 0 0.92 0.45</i>
                        <i>1 0 0 0 1 0 0 0 1 0 0.92 0.45</i>
                        <i>1 0 0 0 1 0 0 0 1 0 0.92 0.45</i>
                        <i>1 0 0 0 1 0 0 0 1 0 0.92 0.45</i>
                        <i>1 0 0 0 1 0 0 0 1 0 0.92 0.45</i>
                        <i>1 0 0 0 1 0 0 0 1 0 0.92 0.45</i>
                        <i>1 0 0 0 1 0 0 0 1 0 0.92 0.45</i>
                        <i>1 0 0 0 1 0 0 0 1 0 0.92 0.45</i>
                        <i>1 0 0 0 1 0 0 0 1 0 0.92 0.45</i>
                        <i>1 0 0 0 1 0 0 0 1 0 0.92 0.45</i>
                        <i>1 0 0 0 1 0 0 0 1 0 0.92 0.45</i>
                        <i>1 0 0 0 1 0 0 0 1 0 0.92 0.45</i>
                        <i>1 0 0 0 1 0 0 0 1 0 0.92 0.45</i>
                        <i>1 0 0 0 1 0 0 0 1 0 0.92 0.45</i>
                        <i>1 0 0 0 1 0 0 0 1 0 0.92 0.45</i>
                        <i>1 0 0 0 1 0 0 0 1 0 0.92 0.45</i>
                        <i>1 0 0 0 1 0 0 0 1 0 0.92 0.45</i>
                        <i>1 0 0 0 1 0 0 0 1 0 0.92 0.45</i>
                        <i>1 0 0 0 1 0 0 0 1 0 0.92 0.45</i>
                        <i>1 0 0 0 1 0 0 0 1 0 0.92 0.45</i>
                        <i>1 0 0 0 1 0 0 0 1 0 0.92 0.45</i>
                        <i>1 0 0 0 1 0 0 0 1 0 0.92 0.45</i>
                        <i>1 0 0 0 1 0 0 0 1 0 0.92 0.45</i>
                        <i>1 0 0 0 1 0 0 0 1 0 0.92 0.45</i>
                        <i>1 0 0 0 1 0 0 0 1 0 0.92 0.45</i>
                        <i>1 0 0 0 1 0 0 0 1 0 0.92 0.45</i>
                        <i>1 0 0 0 1 0 0 0 1 0 0.92 0.45</i>
                        <i>1 0 0 0 1 0 0 0 1 0 0.92 0.45</i>
                        <i>1 0 0 0 1 0 0 0 1 0 0.92 0.45</i>
                        <i>1 0 0 0 1 0 0 0 1 0 0.92 0.45</i>
                        <i>1 0 0 0 1 0 0 0 1 0 0.92 0.45</i>
                        <i>1 0 0 0 1 0 0 0 1 0 0.92 0.45</i>
                        <i>1 0 0 0 1 0 0 0 1 0 0.92 0.45</i>
                        <i>1 0 0 0 1 0 0 0 1 0 0.92 0.45</i>
                        <i>1 0 0 0 1 0 0 0 1 0 0.92 0.45</i>
                        <i>1 0 0 0 1 0 0 0 1 0 0.92 0.45</i>
                        <i>1 0 0 0 1 0 0 0 1 0 0.92 0.45</i>
                        <i>1 0 0 0 1 0 0 0 1 0 0.92 0.45</i>
                        <i>1 0 0 0 1 0 0 0 1 0 0.92 0.45</i>
                        <i>1 0 0 0 1 0 0 0 1 0 0.92 0.45</i>
                        <i>1 0 0 0 1 0 0 0 1 0 0.92 0.45</i>
                        <i>1 0 0 0 1 0 0 0 1 0 0.92 0.45</i>
                        <i>1 0 0 0 1 0 0 0 1 0 0.92 0.45</i>
                        <i>1 0 0 0 1 0 0 0 1 0 0.92 0.45</i>
                    </KeyFrames>
                </p>
            </i>
            <i>
                <p>
                    <Name>
                        <![CDATA[ammobox]]>
</Name>
                    <Exclude>0</Exclude>
                    <Additive>0</Additive>
                    <IKPriority>0</IKPriority>
                    <IKRotLimits>-1e+010 -1e+010 -1e+010 1e+010 1e+010 1e+010</IKRotLimits>
                    <IKRotLimitOrder>0</IKRotLimitOrder>
                    <KeyFrames count="97">
                        <i>0.999938 0 0.0111622 0 1 0 -0.0111622 0 0.999938 1.21047 1.66602 0.423391</i>
                        <i>0.99999 0 0.00456924 0 1 0 -0.00456924 0 0.99999 1.21022 1.66602 0.412887</i>
                        <i>0.999998 0 -0.00201821 0 1 0 0.00201821 0 0.999998 1.20989 1.66602 0.402393</i>
                        <i>0.999963 0 -0.008562 0 1 0 0.008562 0 0.999963 1.2095 1.66602 0.391971</i>
                        <i>0.999887 0 -0.015024 0 1 0 0.015024 0 0.999887 1.20905 1.66602 0.381682</i>
                        <i>0.999772 0 -0.021366 0 1 0 0.021366 0 0.999772 1.20854 1.66602 0.371586</i>
                        <i>0.99962 0 -0.02755 0 1 0 0.02755 0 0.99962 1.20798 1.66602 0.361743</i>
                        <i>0.999437 0 -0.033538 0 1 0 0.033538 0 0.999437 1.20738 1.66602 0.352215</i>
                        <i>0.999228 0 -0.0392919 0 1 0 0.0392919 0 0.999228 1.20675 1.66602 0.34306</i>
                        <i>0.998997 0 -0.0447739 0 1 0 0.0447739 0 0.998997 1.2061 1.66602 0.33434</i>
                        <i>0.998752 0 -0.0499462 0 1 0 0.0499462 0 0.998752 1.20545 1.66602 0.326114</i>
                        <i>0.998499 0 -0.054771 0 1 0 0.054771 0 0.998499 1.20479 1.66602 0.318441</i>
                        <i>0.998245 0 -0.0592108 0 1 0 0.0592108 0 0.998245 1.20416 1.66602 0.311382</i>
                        <i>0.997999 0 -0.0632277 0 1 0 0.0632277 0 0.997999 1.20356 1.66602 0.304996</i>
                        <i>0.997767 0 -0.0667844 0 1 0 0.0667844 0 0.997767 1.20301 1.66602 0.299343</i>
                        <i>0.997558 0 -0.0698433 0 1 0 0.0698433 0 0.997558 1.20252 1.66602 0.294481</i>
                        <i>0.997378 0 -0.0723668 0 1 0 0.0723668 0 0.997378 1.20211 1.66602 0.290471</i>
                        <i>0.997235 0 -0.0743176 0 1 0 0.0743176 0 0.997235 1.20178 1.66602 0.287371</i>
                        <i>0.997123 0 -0.0758003 0 1 0 0.0758003 0 0.997123 1.20152 1.66602 0.285015</i>
                        <i>0.997035 0 -0.0769498 0 1 0 0.0769498 0 0.997035 1.20132 1.66602 0.283188</i>
                        <i>0.996971 0 -0.0777741 0 1 0 0.0777741 0 0.996971 1.20118 1.66602 0.281879</i>
                        <i>0.996931 0 -0.0782809 0 1 0 0.0782809 0 0.996931 1.20109 1.66602 0.281073</i>
                        <i>0.996916 0 -0.0784778 0 1 0 0.0784778 0 0.996916 1.20105 1.66602 0.28076</i>
                        <i>0.996924 0 -0.0783727 0 1 0 0.0783727 0 0.996924 1.20107 1.66602 0.280927</i>
                        <i>0.996955 0 -0.0779732 0 1 0 0.0779732 0 0.996955 1.20114 1.66602 0.281562</i>
                        <i>0.997009 0 -0.077287 0 1 0 0.077287 0 0.997009 1.20126 1.66602 0.282653</i>
                        <i>0.997083 0 -0.0763217 0 1 0 0.0763217 0 0.997083 1.20143 1.66602 0.284186</i>
                        <i>0.997177 0 -0.075085 0 1 0 0.075085 0 0.997177 1.20165 1.66602 0.286151</i>
                        <i>0.997289 0 -0.0735846 0 1 0 0.0735846 0 0.997289 1.2019 1.66602 0.288536</i>
                        <i>0.997417 0 -0.0718279 0 1 0 0.0718279 0 0.997417 1.20219 1.66602 0.291327</i>
                        <i>0.997559 0 -0.0698228 0 1 0 0.0698228 0 0.997559 1.20252 1.66602 0.294514</i>
                        <i>0.997714 0 -0.0675767 0 1 0 0.0675767 0 0.997714 1.20289 1.66602 0.298084</i>
                        <i>0.997879 0 -0.0650973 0 1 0 0.0650973 0 0.997879 1.20328 1.66602 0.302025</i>
                        <i>0.998052 0 -0.0623922 0 1 0 0.0623922 0 0.998052 1.20369 1.66602 0.306325</i>
                        <i>0.99823 0 -0.059469 0 1 0 0.059469 0 0.99823 1.20413 1.66602 0.310972</i>
                        <i>0.998412 0 -0.0563354 0 1 0 0.0563354 0 0.998412 1.20458 1.66602 0.315954</i>
                        <i>0.998595 0 -0.0529988 0 1 0 0.0529988 0 0.998595 1.20504 1.66602 0.321259</i>
                        <i>0.998776 0 -0.0494671 0 1 0 0.0494671 0 0.998776 1.20551 1.66602 0.326875</i>
                        <i>0.998953 0 -0.0457479 0 1 0 0.0457479 0 0.998953 1.20598 1.66602 0.332791</i>
                        <i>0.999124 0 -0.0418488 0 1 0 0.0418488 0 0.999124 1.20645 1.66602 0.338993</i>
                        <i>0.999286 0 -0.0377775 0 1 0 0.0377775 0 0.999286 1.20692 1.66602 0.345469</i>
                        <i>0.999437 0 -0.0335418 0 1 0 0.0335418 0 0.999437 1.20738 1.66602 0.352209</i>
                        <i>0.999575 0 -0.0291493 0 1 0 0.0291493 0 0.999575 1.20783 1.66602 0.359198</i>
                        <i>0.999697 0 -0.0246078 0 1 0 0.0246078 0 0.999697 1.20825 1.66602 0.366426</i>
                        <i>0.999801 0 -0.0199251 0 1 0 0.0199251 0 0.999801 1.20866 1.66602 0.37388</i>
                        <i>0.999886 0 -0.0151089 0 1 0 0.0151089 0 0.999886 1.20904 1.66602 0.381547</i>
                        <i>0.999948 0 -0.0101671 0 1 0 0.0101671 0 0.999948 1.2094 1.66602 0.389416</i>
                        <i>0.999987 0 -0.00510742 0 1 0 0.00510742 0 0.999987 1.20972 1.66602 0.397473</i>
                        <i>1 0 6.22065e-005 0 1 0 -6.22065e-005 0 1 1.21 1.66602 0.405707</i>
                        <i>0.999986 0 0.00533395 0 1 0 -0.00533395 0 0.999986 1.21025 1.66602 0.414105</i>
                        <i>0.999943 0 0.0106999 0 1 0 -0.0106999 0 0.999943 1.21046 1.66602 0.422655</i>
                        <i>0.99987 0 0.0161523 0 1 0 -0.0161523 0 0.99987 1.21062 1.66602 0.431343</i>
                        <i>0.999765 0 0.0216831 0 1 0 -0.0216831 0 0.999765 1.21074 1.66602 0.440159</i>
                        <i>0.999628 0 0.0272844 0 1 0 -0.0272844 0 0.999628 1.21081 1.66602 0.449088</i>
                        <i>0.999457 0 0.0329483 0 1 0 -0.0329483 0 0.999457 1.21083 1.66602 0.458118</i>
                        <i>0.999252 0 0.0386669 0 1 0 -0.0386669 0 0.999252 1.2108 1.66602 0.467238</i>
                        <i>0.999012 0 0.0444322 0 1 0 -0.0444322 0 0.999012 1.21071 1.66602 0.476434</i>
                        <i>0.998737 0 0.0502363 0 1 0 -0.0502363 0 0.998737 1.21057 1.66602 0.485693</i>
                        <i>0.998427 0 0.0560712 0 1 0 -0.0560712 0 0.998427 1.21038 1.66602 0.495003</i>
                        <i>0.998081 0 0.0619291 0 1 0 -0.0619291 0 0.998081 1.21012 1.66602 0.504352</i>
                        <i>0.997699 0 0.0678018 0 1 0 -0.0678018 0 0.997699 1.20982 1.66602 0.513726</i>
                        <i>0.997282 0 0.0736816 0 1 0 -0.0736816 0 0.997282 1.20946 1.66602 0.523114</i>
                        <i>0.99683 0 0.0795606 0 1 0 -0.0795606 0 0.99683 1.20904 1.66602 0.532501</i>
                        <i>0.996344 0 0.0854307 0 1 0 -0.0854307 0 0.996344 1.20857 1.66602 0.541877</i>
                        <i>0.995825 0 0.0912842 0 1 0 -0.0912842 0 0.995825 1.20804 1.66602 0.551227</i>
                        <i>0.995273 0 0.0971131 0 1 0 -0.0971131 0 0.995273 1.20746 1.66602 0.56054</i>
                        <i>0.994726 0 0.102568 0 1 0 -0.102568 0 0.994726 1.20687 1.66602 0.569257</i>
                        <i>0.994226 0 0.107311 0 1 0 -0.107311 0 0.994226 1.20632 1.66602 0.576838</i>
                        <i>0.993781 0 0.111355 0 1 0 -0.111355 0 0.993781 1.20582 1.66602 0.583303</i>
                        <i>0.993399 0 0.114712 0 1 0 -0.114712 0 0.993399 1.20538 1.66602 0.588669</i>
                        <i>0.993086 0 0.117392 0 1 0 -0.117392 0 0.993086 1.20502 1.66602 0.592954</i>
                        <i>0.992845 0 0.119407 0 1 0 -0.119407 0 0.992845 1.20474 1.66602 0.596177</i>
                        <i>0.992681 0 0.12077 0 1 0 -0.12077 0 0.992681 1.20455 1.66602 0.598356</i>
                        <i>0.992593 0 0.12149 0 1 0 -0.12149 0 0.992593 1.20444 1.66602 0.599507</i>
                        <i>0.992582 0 0.121578 0 1 0 -0.121578 0 0.992582 1.20443 1.66602 0.599649</i>
                        <i>0.992647 0 0.121046 0 1 0 -0.121046 0 0.992647 1.20451 1.66602 0.598798</i>
                        <i>0.992785 0 0.119904 0 1 0 -0.119904 0 0.992785 1.20467 1.66602 0.596972</i>
                        <i>0.992994 0 0.118163 0 1 0 -0.118163 0 0.992994 1.20491 1.66602 0.594188</i>
                        <i>0.993269 0 0.115833 0 1 0 -0.115833 0 0.993269 1.20523 1.66602 0.590462</i>
                        <i>0.993604 0 0.112925 0 1 0 -0.112925 0 0.993604 1.20561 1.66602 0.585812</i>
                        <i>0.993993 0 0.109448 0 1 0 -0.109448 0 0.993993 1.20605 1.66602 0.580254</i>
                        <i>0.994429 0 0.105413 0 1 0 -0.105413 0 0.994429 1.20654 1.66602 0.573804</i>
                        <i>0.994904 0 0.10083 0 1 0 -0.10083 0 0.994904 1.20706 1.66602 0.56648</i>
                        <i>0.995409 0 0.0957095 0 1 0 -0.0957095 0 0.995409 1.20761 1.66602 0.558298</i>
                        <i>0.995936 0 0.0900613 0 1 0 -0.0900613 0 0.995936 1.20815 1.66602 0.549274</i>
                        <i>0.996475 0 0.0838956 0 1 0 -0.0838956 0 0.996475 1.2087 1.66602 0.539425</i>
                        <i>0.997014 0 0.0772228 0 1 0 -0.0772228 0 0.997014 1.20921 1.66602 0.528768</i>
                        <i>0.997543 0 0.070053 0 1 0 -0.070053 0 0.997543 1.20969 1.66602 0.51732</i>
                        <i>0.998051 0 0.0623969 0 1 0 -0.0623969 0 0.998051 1.2101 1.66602 0.505099</i>
                        <i>0.998527 0 0.0542649 0 1 0 -0.0542649 0 0.998527 1.21044 1.66602 0.492121</i>
                        <i>0.998813 0 0.0487001 0 1 0 -0.0487001 0 0.998813 1.21061 1.66602 0.483242</i>
                        <i>0.99908 0 0.0428745 0 1 0 -0.0428745 0 0.99908 1.21074 1.66602 0.473949</i>
                        <i>0.999322 0 0.0368259 0 1 0 -0.0368259 0 0.999322 1.21081 1.66602 0.464302</i>
                        <i>0.999532 0 0.0305924 0 1 0 -0.0305924 0 0.999532 1.21083 1.66602 0.454362</i>
                        <i>0.999707 0 0.0242119 0 1 0 -0.0242119 0 0.999707 1.21078 1.66602 0.44419</i>
                        <i>0.999843 0 0.0177225 0 1 0 -0.0177225 0 0.999843 1.21066 1.66602 0.433846</i>
                        <i>0.999938 0 0.0111622 0 1 0 -0.0111622 0 0.999938 1.21047 1.66602 0.423391</i>
                    </KeyFrames>
                </p>
            </i>
            <i>
                <p>
                    <Name>
                        <![CDATA[ammobelt_1]]>
</Name>
                    <Exclude>0</Exclude>
                    <Additive>0</Additive>
                    <IKPriority>0</IKPriority>
                    <IKRotLimits>-1e+010 -1e+010 -1e+010 1e+010 1e+010 1e+010</IKRotLimits>
                    <IKRotLimitOrder>0</IKRotLimitOrder>
                    <KeyFrames count="97">
                        <i>0.670632 0.420978 -0.610762 0.556736 0.258459 0.789458 0.490201 -0.869469 -0.0610425 1.20948 2.03582 0.895459</i>
                        <i>0.672774 0.418202 -0.610313 0.559204 0.252689 0.789582 0.484424 -0.8725 -0.0638579 1.20981 2.03582 0.884959</i>
                        <i>0.674671 0.415515 -0.610055 0.561761 0.247071 0.789545 0.478794 -0.875388 -0.0667284 1.21007 2.03582 0.874466</i>
                        <i>0.676336 0.412925 -0.609969 0.564385 0.241621 0.78936 0.473328 -0.87813 -0.0696315 1.21026 2.03582 0.864042</i>
                        <i>0.677781 0.410443 -0.610041 0.567053 0.236356 0.789042 0.468043 -0.880723 -0.0725454 1.21039 2.03582 0.853746</i>
                        <i>0.679018 0.408077 -0.610252 0.569742 0.231289 0.788606 0.462956 -0.883164 -0.0754486 1.21044 2.03582 0.843639</i>
                        <i>0.68006 0.405835 -0.610587 0.572429 0.226439 0.788067 0.458086 -0.885451 -0.0783199 1.21044 2.03582 0.833783</i>
                        <i>0.680919 0.403728 -0.611026 0.575093 0.221821 0.787441 0.45345 -0.887581 -0.0811385 1.21037 2.03582 0.824238</i>
                        <i>0.681608 0.401763 -0.611553 0.577709 0.217454 0.786744 0.449069 -0.889551 -0.0838836 1.21025 2.03582 0.815065</i>
                        <i>0.682138 0.399949 -0.612151 0.580256 0.213355 0.785992 0.444962 -0.891359 -0.0865348 1.21009 2.03582 0.806324</i>
                        <i>0.682523 0.398293 -0.612801 0.58271 0.209543 0.785201 0.441149 -0.893003 -0.0890717 1.2099 2.03582 0.798076</i>
                        <i>0.682774 0.396805 -0.613486 0.585048 0.206037 0.78439 0.437651 -0.89448 -0.091474 1.20968 2.03582 0.790381</i>
                        <i>0.682904 0.395492 -0.614189 0.587249 0.202856 0.783574 0.434489 -0.895788 -0.0937213 1.20944 2.03582 0.783299</i>
                        <i>0.682925 0.39436 -0.614893 0.589289 0.200021 0.782771 0.431685 -0.896924 -0.0957928 1.2092 2.03582 0.776891</i>
                        <i>0.682849 0.393416 -0.615581 0.591145 0.197552 0.781998 0.42926 -0.897885 -0.0976678 1.20897 2.03582 0.771217</i>
                        <i>0.68269 0.392667 -0.616237 0.592794 0.19547 0.781273 0.427236 -0.898668 -0.0993248 1.20875 2.03582 0.766337</i>
                        <i>0.682458 0.392117 -0.616843 0.594211 0.193797 0.780612 0.425634 -0.89927 -0.100742 1.20856 2.03582 0.762311</i>
                        <i>0.682166 0.391772 -0.617384 0.595374 0.192554 0.780034 0.424476 -0.899687 -0.101897 1.2084 2.03582 0.759198</i>
                        <i>0.68181 0.391607 -0.617882 0.596338 0.19167 0.779515 0.423693 -0.899948 -0.102848 1.20828 2.03582 0.756832</i>
                        <i>0.681382 0.39159 -0.618366 0.597178 0.191053 0.779023 0.423198 -0.900087 -0.103669 1.20818 2.03582 0.754997</i>
                        <i>0.680888 0.391714 -0.618831 0.597894 0.190696 0.778561 0.422982 -0.900108 -0.10436 1.20811 2.03582 0.753682</i>
                        <i>0.680337 0.391971 -0.619275 0.598486 0.190591 0.778132 0.423033 -0.900019 -0.104923 1.20807 2.03582 0.752873</i>
                        <i>0.679734 0.392354 -0.619694 0.598952 0.190728 0.77774 0.423343 -0.899823 -0.105357 1.20805 2.03582 0.752559</i>
                        <i>0.679086 0.392855 -0.620086 0.599292 0.191101 0.777386 0.423899 -0.899525 -0.105661 1.20806 2.03582 0.752727</i>
                        <i>0.678402 0.393466 -0.620448 0.599506 0.1917 0.777074 0.424692 -0.89913 -0.105836 1.20809 2.03582 0.753364</i>
                        <i>0.677687 0.394178 -0.620777 0.599592 0.192519 0.776805 0.425711 -0.898643 -0.105879 1.20815 2.03582 0.754459</i>
                        <i>0.676949 0.394983 -0.62107 0.599549 0.193548 0.776582 0.426944 -0.898069 -0.10579 1.20824 2.03582 0.756</i>
                        <i>0.676195 0.395873 -0.621326 0.599376 0.194779 0.776408 0.42838 -0.897411 -0.105568 1.20834 2.03582 0.757973</i>
                        <i>0.675431 0.396837 -0.621541 0.599071 0.196205 0.776285 0.430008 -0.896674 -0.105211 1.20846 2.03582 0.760367</i>
                        <i>0.674665 0.397869 -0.621713 0.598633 0.197816 0.776213 0.431816 -0.895862 -0.104718 1.2086 2.03582 0.76317</i>
                        <i>0.673904 0.398959 -0.62184 0.598061 0.199605 0.776196 0.433793 -0.89498 -0.104087 1.20875 2.03582 0.76637</i>
                        <i>0.673155 0.400098 -0.62192 0.597353 0.201562 0.776236 0.435926 -0.894032 -0.103318 1.20891 2.03582 0.769953</i>
                        <i>0.672424 0.401279 -0.621949 0.596509 0.203679 0.776332 0.438204 -0.893023 -0.102408 1.20908 2.03582 0.773909</i>
                        <i>0.67172 0.402492 -0.621927 0.595526 0.205947 0.776488 0.440614 -0.891956 -0.101356 1.20925 2.03582 0.778224</i>
                        <i>0.671049 0.403729 -0.621849 0.594404 0.208356 0.776705 0.443145 -0.890837 -0.100161 1.20943 2.03582 0.782887</i>
                        <i>0.670417 0.404983 -0.621715 0.593142 0.210898 0.776984 0.445784 -0.889669 -0.0988225 1.2096 2.03582 0.787886</i>
                        <i>0.669834 0.406245 -0.621521 0.591738 0.213563 0.777327 0.448519 -0.888457 -0.0973387 1.20976 2.03582 0.793207</i>
                        <i>0.669305 0.407507 -0.621264 0.590191 0.216341 0.777735 0.451337 -0.887206 -0.0957089 1.20992 2.03582 0.79884</i>
                        <i>0.668839 0.408762 -0.620942 0.588502 0.219222 0.778208 0.454226 -0.885921 -0.0939325 1.21006 2.03582 0.804771</i>
                        <i>0.668441 0.410002 -0.620552 0.586668 0.222197 0.778749 0.457173 -0.884606 -0.0920089 1.21018 2.03582 0.810988</i>
                        <i>0.668121 0.41122 -0.620091 0.584689 0.225255 0.779358 0.460166 -0.883266 -0.089938 1.21029 2.03582 0.817479</i>
                        <i>0.667886 0.412409 -0.619554 0.582565 0.228386 0.780037 0.463192 -0.881906 -0.0877195 1.21037 2.03582 0.824232</i>
                        <i>0.667742 0.413562 -0.61894 0.580296 0.231579 0.780787 0.466237 -0.880533 -0.0853537 1.21042 2.03582 0.831234</i>
                        <i>0.667699 0.414673 -0.618244 0.577881 0.234822 0.781609 0.46929 -0.87915 -0.0828408 1.21045 2.03582 0.838473</i>
                        <i>0.667762 0.415735 -0.617461 0.575319 0.238107 0.782504 0.472336 -0.877764 -0.0801815 1.21044 2.03582 0.845935</i>
                        <i>0.667942 0.416742 -0.616588 0.572611 0.24142 0.783475 0.475363 -0.87638 -0.0773766 1.21039 2.03582 0.85361</i>
                        <i>0.668244 0.417688 -0.615619 0.569757 0.244751 0.784521 0.478359 -0.875005 -0.0744272 1.2103 2.03582 0.861484</i>
                        <i>0.668677 0.418567 -0.61455 0.566756 0.248089 0.785646 0.481308 -0.873644 -0.0713345 1.21017 2.03582 0.869545</i>
                        <i>0.66925 0.419374 -0.613376 0.56361 0.25142 0.786849 0.484199 -0.872303 -0.0681001 1.21 2.03582 0.87778</i>
                        <i>0.66984 0.420182 -0.612178 0.560387 0.254805 0.788062 0.487115 -0.870932 -0.0647858 1.20978 2.03582 0.886177</i>
                        <i>0.670327 0.421063 -0.611038 0.557157 0.258302 0.789212 0.49014 -0.869475 -0.0614515 1.2095 2.03582 0.894723</i>
                        <i>0.670717 0.422009 -0.609956 0.553921 0.261903 0.790302 0.493264 -0.867938 -0.0580968 1.20918 2.03582 0.903405</i>
                        <i>0.671019 0.423011 -0.60893 0.550678 0.265599 0.791335 0.496475 -0.866325 -0.0547211 1.20881 2.03582 0.912211</i>
                        <i>0.671238 0.424063 -0.607956 0.547428 0.269383 0.79231 0.499763 -0.86464 -0.0513241 1.20838 2.03582 0.921128</i>
                        <i>0.671381 0.425157 -0.607033 0.54417 0.273245 0.793231 0.503116 -0.86289 -0.0479058 1.20789 2.03582 0.930144</i>
                        <i>0.671457 0.426284 -0.606158 0.540904 0.277177 0.794101 0.506525 -0.861078 -0.0444661 1.20735 2.03582 0.939245</i>
                        <i>0.671473 0.427437 -0.605328 0.537631 0.28117 0.794919 0.509978 -0.859209 -0.0410056 1.20675 2.03582 0.948419</i>
                        <i>0.671435 0.42861 -0.60454 0.534349 0.285215 0.79569 0.513465 -0.85729 -0.0375246 1.20609 2.03582 0.957654</i>
                        <i>0.67135 0.429796 -0.603792 0.531061 0.289303 0.796416 0.516975 -0.855324 -0.0340239 1.20538 2.03582 0.966937</i>
                        <i>0.671227 0.430987 -0.603079 0.527765 0.293426 0.797098 0.520498 -0.853318 -0.0305047 1.2046 2.03582 0.976254</i>
                        <i>0.671072 0.432178 -0.602399 0.524463 0.297573 0.79774 0.524023 -0.851277 -0.0269682 1.20377 2.03582 0.985595</i>
                        <i>0.670893 0.433362 -0.601747 0.521155 0.301737 0.798343 0.527541 -0.849207 -0.0234159 1.20289 2.03582 0.994945</i>
                        <i>0.670697 0.434535 -0.60112 0.517842 0.305907 0.798912 0.531042 -0.847113 -0.0198498 1.20195 2.03582 1.00429</i>
                        <i>0.67049 0.435689 -0.600515 0.514526 0.310074 0.799448 0.534515 -0.845002 -0.0162717 1.20095 2.03582 1.01362</i>
                        <i>0.670281 0.436821 -0.599926 0.511207 0.314229 0.799955 0.537951 -0.84288 -0.0126842 1.1999 2.03582 1.02293</i>
                        <i>0.670075 0.437925 -0.59935 0.507886 0.318362 0.800435 0.541341 -0.840754 -0.0090897 1.1988 2.03582 1.03219</i>
                        <i>0.669832 0.438966 -0.598861 0.504793 0.32226 0.800833 0.544527 -0.838724 -0.00572709 1.19773 2.03582 1.04086</i>
                        <i>0.669508 0.439912 -0.598529 0.502148 0.325718 0.801096 0.547363 -0.83689 -0.00283005 1.19675 2.03582 1.0484</i>
                        <i>0.669111 0.440765 -0.598345 0.499945 0.328742 0.801239 0.549859 -0.835257 -0.0003933 1.19589 2.03582 1.05482</i>
                        <i>0.66865 0.441529 -0.598297 0.498175 0.331336 0.801273 0.552022 -0.833828 0.00158914 1.19515 2.03582 1.06015</i>
                        <i>0.668132 0.442204 -0.598378 0.496831 0.333504 0.801208 0.553859 -0.832605 0.00312383 1.19455 2.03582 1.06441</i>
                        <i>0.667565 0.442792 -0.598575 0.495902 0.335247 0.801056 0.555372 -0.831592 0.00421792 1.1941 2.03582 1.06761</i>
                        <i>0.66696 0.443293 -0.598879 0.49538 0.336569 0.800825 0.556564 -0.83079 0.00487912 1.19378 2.03582 1.06978</i>
                        <i>0.666323 0.443707 -0.59928 0.495255 0.33747 0.800523 0.557437 -0.830204 0.00511567 1.19361 2.03582 1.07092</i>
                        <i>0.665666 0.444034 -0.599769 0.495516 0.337951 0.800158 0.557989 -0.829833 0.00493635 1.19359 2.03582 1.07106</i>
                        <i>0.664997 0.444271 -0.600335 0.496154 0.338012 0.799737 0.55822 -0.829682 0.00435055 1.19372 2.03582 1.07022</i>
                        <i>0.664327 0.444416 -0.600969 0.497157 0.337654 0.799265 0.558126 -0.82975 0.00336818 1.19398 2.03582 1.0684</i>
                        <i>0.663666 0.444467 -0.601662 0.498514 0.336876 0.798748 0.557702 -0.830039 0.0019998 1.19438 2.03582 1.06564</i>
                        <i>0.663023 0.444419 -0.602405 0.500214 0.335676 0.79819 0.556944 -0.83055 0.000256585 1.1949 2.03582 1.06194</i>
                        <i>0.66241 0.444269 -0.60319 0.502244 0.334055 0.797595 0.555846 -0.831283 -0.00184964 1.19555 2.03582 1.05732</i>
                        <i>0.661837 0.444011 -0.604008 0.504592 0.332012 0.796967 0.554399 -0.83224 -0.0043063 1.1963 2.03582 1.05179</i>
                        <i>0.661316 0.443638 -0.604852 0.507244 0.329544 0.796306 0.552597 -0.833418 -0.0071001 1.19715 2.03582 1.04538</i>
                        <i>0.660858 0.443144 -0.605714 0.510189 0.326651 0.795617 0.55043 -0.834818 -0.010217 1.19808 2.03582 1.0381</i>
                        <i>0.660475 0.442521 -0.606587 0.513411 0.323333 0.7949 0.54789 -0.836439 -0.0136419 1.19907 2.03582 1.02996</i>
                        <i>0.660176 0.44176 -0.607466 0.516895 0.319588 0.794156 0.544965 -0.838279 -0.0173592 1.20013 2.03582 1.02098</i>
                        <i>0.659976 0.44085 -0.608345 0.520627 0.315415 0.793386 0.541645 -0.840336 -0.0213521 1.20122 2.03582 1.01118</i>
                        <i>0.659884 0.439781 -0.609218 0.524591 0.310815 0.79259 0.53792 -0.842607 -0.0256028 1.20233 2.03582 1.00058</i>
                        <i>0.659913 0.43854 -0.61008 0.528769 0.305789 0.791768 0.533778 -0.845089 -0.0300927 1.20344 2.03582 0.989175</i>
                        <i>0.660073 0.437115 -0.610929 0.533145 0.300336 0.79092 0.529207 -0.847779 -0.0348018 1.20454 2.03582 0.976999</i>
                        <i>0.660377 0.43549 -0.611761 0.5377 0.294459 0.790046 0.524195 -0.850672 -0.0397094 1.2056 2.03582 0.964063</i>
                        <i>0.661232 0.434 -0.611896 0.540475 0.290056 0.789781 0.520249 -0.852943 -0.0427718 1.20627 2.03582 0.95521</i>
                        <i>0.662268 0.43233 -0.611957 0.543288 0.285369 0.789559 0.515984 -0.855368 -0.0458887 1.20692 2.03582 0.94594</i>
                        <i>0.663499 0.430472 -0.611933 0.546105 0.28042 0.789388 0.511408 -0.857938 -0.0490245 1.20753 2.03582 0.936315</i>
                        <i>0.664938 0.428417 -0.611814 0.548892 0.275231 0.789281 0.506532 -0.860643 -0.0521435 1.2081 2.03582 0.926394</i>
                        <i>0.666598 0.426156 -0.611587 0.551617 0.269825 0.789249 0.501364 -0.863473 -0.05521 1.20862 2.03582 0.916237</i>
                        <i>0.668492 0.423679 -0.61124 0.554243 0.264226 0.789303 0.495917 -0.866418 -0.0581883 1.20908 2.03582 0.905905</i>
                        <i>0.670632 0.420978 -0.610762 0.556736 0.258459 0.789458 0.490201 -0.869469 -0.0610425 1.20948 2.03582 0.895459</i>
                    </KeyFrames>
                </p>
            </i>
            <i>
                <p>
                    <Name>
                        <![CDATA[ammobelt_2]]>
</Name>
                    <Exclude>0</Exclude>
                    <Additive>0</Additive>
                    <IKPriority>0</IKPriority>
                    <IKRotLimits>-1e+010 -1e+010 -1e+010 1e+010 1e+010 1e+010</IKRotLimits>
                    <IKRotLimitOrder>0</IKRotLimitOrder>
                    <KeyFrames count="97">
                        <i>0.592201 0.339806 -0.730637 0.746819 0.109035 0.656028 0.302587 -0.934154 -0.189203 0.947304 2.50084 0.928106</i>
                        <i>0.59204 0.341994 -0.729746 0.746928 0.107181 0.656209 0.302635 -0.93357 -0.191989 0.950725 2.50246 0.919112</i>
                        <i>0.591854 0.343775 -0.72906 0.747201 0.105252 0.656211 0.302324 -0.933135 -0.194575 0.953999 2.504 0.910155</i>
                        <i>0.591647 0.345174 -0.728566 0.74762 0.103274 0.656048 0.301692 -0.93284 -0.196957 0.957114 2.50547 0.901283</i>
                        <i>0.591424 0.346217 -0.728252 0.748165 0.101268 0.655739 0.300777 -0.932673 -0.199135 0.960063 2.50686 0.892545</i>
                        <i>0.591187 0.346931 -0.728105 0.748818 0.0992582 0.655301 0.299614 -0.932624 -0.201108 0.962839 2.50816 0.883991</i>
                        <i>0.59094 0.347342 -0.72811 0.749561 0.0972646 0.65475 0.298242 -0.93268 -0.202877 0.965437 2.50939 0.875671</i>
                        <i>0.590684 0.347479 -0.728252 0.750376 0.0953074 0.654104 0.296695 -0.932832 -0.204443 0.96785 2.51052 0.867633</i>
                        <i>0.590423 0.347368 -0.728517 0.751246 0.0934051 0.65338 0.29501 -0.933066 -0.20581 0.970077 2.51158 0.859928</i>
                        <i>0.590159 0.347037 -0.728888 0.752152 0.0915754 0.652596 0.293223 -0.93337 -0.20698 0.972113 2.51255 0.852605</i>
                        <i>0.589896 0.346515 -0.729349 0.753078 0.0898349 0.651769 0.291369 -0.933733 -0.20796 0.973957 2.51342 0.845714</i>
                        <i>0.589637 0.34583 -0.729884 0.754009 0.0881993 0.650916 0.289482 -0.934143 -0.208754 0.975607 2.51421 0.839304</i>
                        <i>0.589384 0.345012 -0.730474 0.754926 0.0866834 0.650055 0.287597 -0.934587 -0.209369 0.977062 2.51491 0.833424</i>
                        <i>0.589143 0.344089 -0.731104 0.755816 0.0853013 0.649204 0.285748 -0.935054 -0.209814 0.978321 2.51552 0.828125</i>
                        <i>0.588918 0.343092 -0.731754 0.756662 0.0840667 0.648379 0.28397 -0.935532 -0.210096 0.979383 2.51604 0.823453</i>
                        <i>0.588712 0.34205 -0.732407 0.757448 0.0829924 0.647599 0.282296 -0.936009 -0.210227 0.980248 2.51645 0.819459</i>
                        <i>0.58853 0.340995 -0.733045 0.75816 0.0820913 0.646881 0.28076 -0.936474 -0.210216 0.980913 2.51678 0.816191</i>
                        <i>0.588377 0.339957 -0.733649 0.758782 0.0813758 0.646241 0.279396 -0.936914 -0.210074 0.981378 2.517 0.813695</i>
