<?xml version="1.0" encoding="ISO-8859-1" ?>
<Animl Version="1">
    <ModellingPackage><![CDATA[Maya.2010]]></ModellingPackage>
    <SrcFile><![CDATA[anims\turrets\machinegun\blue\~src\mgun_gatling\mgun_gatling_reload_high.mb]]></SrcFile>
    <FramesPerSecond>30</FramesPerSecond>
    <TotalFrames>121</TotalFrames>
    <Skeleton>
        <RefFrame>
            <Name><![CDATA[gatling_ref_frame]]></Name>
            <Exclude>0</Exclude>
            <Additive>0</Additive>
            <IKPriority>0</IKPriority>
            <IKRotLimits>-1e+010 -1e+010 -1e+010 1e+010 1e+010 1e+010</IKRotLimits>
            <IKRotLimitOrder>0</IKRotLimitOrder>
            <KeyFrames count="121">
                <i>1 0 0 0 1 0 0 0 1 0 0.92 0.45</i>
                <i>1 0 0 0 1 0 0 0 1 0 0.92 0.45</i>
                <i>1 0 0 0 1 0 0 0 1 0 0.92 0.45</i>
                <i>1 0 0 0 1 0 0 0 1 0 0.92 0.45</i>
                <i>1 0 0 0 1 0 0 0 1 0 0.92 0.45</i>
                <i>1 0 0 0 1 0 0 0 1 0 0.92 0.45</i>
                <i>1 0 0 0 1 0 0 0 1 0 0.92 0.45</i>
                <i>1 0 0 0 1 0 0 0 1 0 0.92 0.45</i>
                <i>1 0 0 0 1 0 0 0 1 0 0.92 0.45</i>
                <i>1 0 0 0 1 0 0 0 1 0 0.92 0.45</i>
                <i>1 0 0 0 1 0 0 0 1 0 0.92 0.45</i>
                <i>1 0 0 0 1 0 0 0 1 0 0.92 0.45</i>
                <i>1 0 0 0 1 0 0 0 1 0 0.92 0.45</i>
                <i>1 0 0 0 1 0 0 0 1 0 0.92 0.45</i>
                <i>1 0 0 0 1 0 0 0 1 0 0.92 0.45</i>
                <i>1 0 0 0 1 0 0 0 1 0 0.92 0.45</i>
                <i>1 0 0 0 1 0 0 0 1 0 0.92 0.45</i>
                <i>1 0 0 0 1 0 0 0 1 0 0.92 0.45</i>
                <i>1 0 0 0 1 0 0 0 1 0 0.92 0.45</i>
                <i>1 0 0 0 1 0 0 0 1 0 0.92 0.45</i>
                <i>1 0 0 0 1 0 0 0 1 0 0.92 0.45</i>
                <i>1 0 0 0 1 0 0 0 1 0 0.92 0.45</i>
                <i>1 0 0 0 1 0 0 0 1 0 0.92 0.45</i>
                <i>1 0 0 0 1 0 0 0 1 0 0.92 0.45</i>
                <i>1 0 0 0 1 0 0 0 1 0 0.92 0.45</i>
                <i>1 0 0 0 1 0 0 0 1 0 0.92 0.45</i>
                <i>1 0 0 0 1 0 0 0 1 0 0.92 0.45</i>
                <i>1 0 0 0 1 0 0 0 1 0 0.92 0.45</i>
                <i>1 0 0 0 1 0 0 0 1 0 0.92 0.45</i>
                <i>1 0 0 0 1 0 0 0 1 0 0.92 0.45</i>
                <i>1 0 0 0 1 0 0 0 1 0 0.92 0.45</i>
                <i>1 0 0 0 1 0 0 0 1 0 0.92 0.45</i>
                <i>1 0 0 0 1 0 0 0 1 0 0.92 0.45</i>
                <i>1 0 0 0 1 0 0 0 1 0 0.92 0.45</i>
                <i>1 0 0 0 1 0 0 0 1 0 0.92 0.45</i>
                <i>1 0 0 0 1 0 0 0 1 0 0.92 0.45</i>
                <i>1 0 0 0 1 0 0 0 1 0 0.92 0.45</i>
                <i>1 0 0 0 1 0 0 0 1 0 0.92 0.45</i>
                <i>1 0 0 0 1 0 0 0 1 0 0.92 0.45</i>
                <i>1 0 0 0 1 0 0 0 1 0 0.92 0.45</i>
                <i>1 0 0 0 1 0 0 0 1 0 0.92 0.45</i>
                <i>1 0 0 0 1 0 0 0 1 0 0.92 0.45</i>
                <i>1 0 0 0 1 0 0 0 1 0 0.92 0.45</i>
                <i>1 0 0 0 1 0 0 0 1 0 0.92 0.45</i>
                <i>1 0 0 0 1 0 0 0 1 0 0.92 0.45</i>
                <i>1 0 0 0 1 0 0 0 1 0 0.92 0.45</i>
                <i>1 0 0 0 1 0 0 0 1 0 0.92 0.45</i>
                <i>1 0 0 0 1 0 0 0 1 0 0.92 0.45</i>
                <i>1 0 0 0 1 0 0 0 1 0 0.92 0.45</i>
                <i>1 0 0 0 1 0 0 0 1 0 0.92 0.45</i>
                <i>1 0 0 0 1 0 0 0 1 0 0.92 0.45</i>
                <i>1 0 0 0 1 0 0 0 1 0 0.92 0.45</i>
                <i>1 0 0 0 1 0 0 0 1 0 0.92 0.45</i>
                <i>1 0 0 0 1 0 0 0 1 0 0.92 0.45</i>
                <i>1 0 0 0 1 0 0 0 1 0 0.92 0.45</i>
                <i>1 0 0 0 1 0 0 0 1 0 0.92 0.45</i>
                <i>1 0 0 0 1 0 0 0 1 0 0.92 0.45</i>
                <i>1 0 0 0 1 0 0 0 1 0 0.92 0.45</i>
                <i>1 0 0 0 1 0 0 0 1 0 0.92 0.45</i>
                <i>1 0 0 0 1 0 0 0 1 0 0.92 0.45</i>
                <i>1 0 0 0 1 0 0 0 1 0 0.92 0.45</i>
                <i>1 0 0 0 1 0 0 0 1 0 0.92 0.45</i>
                <i>1 0 0 0 1 0 0 0 1 0 0.92 0.45</i>
                <i>1 0 0 0 1 0 0 0 1 0 0.92 0.45</i>
                <i>1 0 0 0 1 0 0 0 1 0 0.92 0.45</i>
                <i>1 0 0 0 1 0 0 0 1 0 0.92 0.45</i>
                <i>1 0 0 0 1 0 0 0 1 0 0.92 0.45</i>
                <i>1 0 0 0 1 0 0 0 1 0 0.92 0.45</i>
                <i>1 0 0 0 1 0 0 0 1 0 0.92 0.45</i>
                <i>1 0 0 0 1 0 0 0 1 0 0.92 0.45</i>
                <i>1 0 0 0 1 0 0 0 1 0 0.92 0.45</i>
                <i>1 0 0 0 1 0 0 0 1 0 0.92 0.45</i>
                <i>1 0 0 0 1 0 0 0 1 0 0.92 0.45</i>
                <i>1 0 0 0 1 0 0 0 1 0 0.92 0.45</i>
                <i>1 0 0 0 1 0 0 0 1 0 0.92 0.45</i>
                <i>1 0 0 0 1 0 0 0 1 0 0.92 0.45</i>
                <i>1 0 0 0 1 0 0 0 1 0 0.92 0.45</i>
                <i>1 0 0 0 1 0 0 0 1 0 0.92 0.45</i>
                <i>1 0 0 0 1 0 0 0 1 0 0.92 0.45</i>
                <i>1 0 0 0 1 0 0 0 1 0 0.92 0.45</i>
                <i>1 0 0 0 1 0 0 0 1 0 0.92 0.45</i>
                <i>1 0 0 0 1 0 0 0 1 0 0.92 0.45</i>
                <i>1 0 0 0 1 0 0 0 1 0 0.92 0.45</i>
                <i>1 0 0 0 1 0 0 0 1 0 0.92 0.45</i>
                <i>1 0 0 0 1 0 0 0 1 0 0.92 0.45</i>
                <i>1 0 0 0 1 0 0 0 1 0 0.92 0.45</i>
                <i>1 0 0 0 1 0 0 0 1 0 0.92 0.45</i>
                <i>1 0 0 0 1 0 0 0 1 0 0.92 0.45</i>
                <i>1 0 0 0 1 0 0 0 1 0 0.92 0.45</i>
                <i>1 0 0 0 1 0 0 0 1 0 0.92 0.45</i>
                <i>1 0 0 0 1 0 0 0 1 0 0.92 0.45</i>
                <i>1 0 0 0 1 0 0 0 1 0 0.92 0.45</i>
                <i>1 0 0 0 1 0 0 0 1 0 0.92 0.45</i>
                <i>1 0 0 0 1 0 0 0 1 0 0.92 0.45</i>
                <i>1 0 0 0 1 0 0 0 1 0 0.92 0.45</i>
                <i>1 0 0 0 1 0 0 0 1 0 0.92 0.45</i>
                <i>1 0 0 0 1 0 0 0 1 0 0.92 0.45</i>
                <i>1 0 0 0 1 0 0 0 1 0 0.92 0.45</i>
                <i>1 0 0 0 1 0 0 0 1 0 0.92 0.45</i>
                <i>1 0 0 0 1 0 0 0 1 0 0.92 0.45</i>
                <i>1 0 0 0 1 0 0 0 1 0 0.92 0.45</i>
                <i>1 0 0 0 1 0 0 0 1 0 0.92 0.45</i>
                <i>1 0 0 0 1 0 0 0 1 0 0.92 0.45</i>
                <i>1 0 0 0 1 0 0 0 1 0 0.92 0.45</i>
                <i>1 0 0 0 1 0 0 0 1 0 0.92 0.45</i>
                <i>1 0 0 0 1 0 0 0 1 0 0.92 0.45</i>
                <i>1 0 0 0 1 0 0 0 1 0 0.92 0.45</i>
                <i>1 0 0 0 1 0 0 0 1 0 0.92 0.45</i>
                <i>1 0 0 0 1 0 0 0 1 0 0.92 0.45</i>
                <i>1 0 0 0 1 0 0 0 1 0 0.92 0.45</i>
                <i>1 0 0 0 1 0 0 0 1 0 0.92 0.45</i>
                <i>1 0 0 0 1 0 0 0 1 0 0.92 0.45</i>
                <i>1 0 0 0 1 0 0 0 1 0 0.92 0.45</i>
                <i>1 0 0 0 1 0 0 0 1 0 0.92 0.45</i>
                <i>1 0 0 0 1 0 0 0 1 0 0.92 0.45</i>
                <i>1 0 0 0 1 0 0 0 1 0 0.92 0.45</i>
                <i>1 0 0 0 1 0 0 0 1 0 0.92 0.45</i>
                <i>1 0 0 0 1 0 0 0 1 0 0.92 0.45</i>
                <i>1 0 0 0 1 0 0 0 1 0 0.92 0.45</i>
                <i>1 0 0 0 1 0 0 0 1 0 0.92 0.45</i>
                <i>1 0 0 0 1 0 0 0 1 0 0.92 0.45</i>
            </KeyFrames>
        </RefFrame>
        <Bones count="22">
            <i>
                <p>
                    <Name><![CDATA[gatling_root]]></Name>
                    <Exclude>0</Exclude>
                    <Additive>0</Additive>
                    <IKPriority>0</IKPriority>
                    <IKRotLimits>-1e+010 -1e+010 -1e+010 1e+010 1e+010 1e+010</IKRotLimits>
                    <IKRotLimitOrder>0</IKRotLimitOrder>
                    <KeyFrames count="121">
                        <i>1 0 0 0 1 0 0 0 1 0 0.92 0.45</i>
                        <i>1 0 0 0 1 0 0 0 1 0 0.92 0.45</i>
                        <i>1 0 0 0 1 0 0 0 1 0 0.92 0.45</i>
                        <i>1 0 0 0 1 0 0 0 1 0 0.92 0.45</i>
                        <i>1 0 0 0 1 0 0 0 1 0 0.92 0.45</i>
                        <i>1 0 0 0 1 0 0 0 1 0 0.92 0.45</i>
                        <i>1 0 0 0 1 0 0 0 1 0 0.92 0.45</i>
                        <i>1 0 0 0 1 0 0 0 1 0 0.92 0.45</i>
                        <i>1 0 0 0 1 0 0 0 1 0 0.92 0.45</i>
                        <i>1 0 0 0 1 0 0 0 1 0 0.92 0.45</i>
                        <i>1 0 0 0 1 0 0 0 1 0 0.92 0.45</i>
                        <i>1 0 0 0 1 0 0 0 1 0 0.92 0.45</i>
                        <i>1 0 0 0 1 0 0 0 1 0 0.92 0.45</i>
                        <i>1 0 0 0 1 0 0 0 1 0 0.92 0.45</i>
                        <i>1 0 0 0 1 0 0 0 1 0 0.92 0.45</i>
                        <i>1 0 0 0 1 0 0 0 1 0 0.92 0.45</i>
                        <i>1 0 0 0 1 0 0 0 1 0 0.92 0.45</i>
                        <i>1 0 0 0 1 0 0 0 1 0 0.92 0.45</i>
                        <i>1 0 0 0 1 0 0 0 1 0 0.92 0.45</i>
                        <i>1 0 0 0 1 0 0 0 1 0 0.92 0.45</i>
                        <i>1 0 0 0 1 0 0 0 1 0 0.92 0.45</i>
                        <i>1 0 0 0 1 0 0 0 1 0 0.92 0.45</i>
                        <i>1 0 0 0 1 0 0 0 1 0 0.92 0.45</i>
                        <i>1 0 0 0 1 0 0 0 1 0 0.92 0.45</i>
                        <i>1 0 0 0 1 0 0 0 1 0 0.92 0.45</i>
                        <i>1 0 0 0 1 0 0 0 1 0 0.92 0.45</i>
                        <i>1 0 0 0 1 0 0 0 1 0 0.92 0.45</i>
                        <i>1 0 0 0 1 0 0 0 1 0 0.92 0.45</i>
                        <i>1 0 0 0 1 0 0 0 1 0 0.92 0.45</i>
                        <i>1 0 0 0 1 0 0 0 1 0 0.92 0.45</i>
                        <i>1 0 0 0 1 0 0 0 1 0 0.92 0.45</i>
                        <i>1 0 0 0 1 0 0 0 1 0 0.92 0.45</i>
                        <i>1 0 0 0 1 0 0 0 1 0 0.92 0.45</i>
                        <i>1 0 0 0 1 0 0 0 1 0 0.92 0.45</i>
                        <i>1 0 0 0 1 0 0 0 1 0 0.92 0.45</i>
                        <i>1 0 0 0 1 0 0 0 1 0 0.92 0.45</i>
                        <i>1 0 0 0 1 0 0 0 1 0 0.92 0.45</i>
                        <i>1 0 0 0 1 0 0 0 1 0 0.92 0.45</i>
                        <i>1 0 0 0 1 0 0 0 1 0 0.92 0.45</i>
                        <i>1 0 0 0 1 0 0 0 1 0 0.92 0.45</i>
                        <i>1 0 0 0 1 0 0 0 1 0 0.92 0.45</i>
                        <i>1 0 0 0 1 0 0 0 1 0 0.92 0.45</i>
                        <i>1 0 0 0 1 0 0 0 1 0 0.92 0.45</i>
                        <i>1 0 0 0 1 0 0 0 1 0 0.92 0.45</i>
                        <i>1 0 0 0 1 0 0 0 1 0 0.92 0.45</i>
                        <i>1 0 0 0 1 0 0 0 1 0 0.92 0.45</i>
                        <i>1 0 0 0 1 0 0 0 1 0 0.92 0.45</i>
                        <i>1 0 0 0 1 0 0 0 1 0 0.92 0.45</i>
                        <i>1 0 0 0 1 0 0 0 1 0 0.92 0.45</i>
                        <i>1 0 0 0 1 0 0 0 1 0 0.92 0.45</i>
                        <i>1 0 0 0 1 0 0 0 1 0 0.92 0.45</i>
                        <i>1 0 0 0 1 0 0 0 1 0 0.92 0.45</i>
                        <i>1 0 0 0 1 0 0 0 1 0 0.92 0.45</i>
                        <i>1 0 0 0 1 0 0 0 1 0 0.92 0.45</i>
                        <i>1 0 0 0 1 0 0 0 1 0 0.92 0.45</i>
                        <i>1 0 0 0 1 0 0 0 1 0 0.92 0.45</i>
                        <i>1 0 0 0 1 0 0 0 1 0 0.92 0.45</i>
                        <i>1 0 0 0 1 0 0 0 1 0 0.92 0.45</i>
                        <i>1 0 0 0 1 0 0 0 1 0 0.92 0.45</i>
                        <i>1 0 0 0 1 0 0 0 1 0 0.92 0.45</i>
                        <i>1 0 0 0 1 0 0 0 1 0 0.92 0.45</i>
                        <i>1 0 0 0 1 0 0 0 1 0 0.92 0.45</i>
                        <i>1 0 0 0 1 0 0 0 1 0 0.92 0.45</i>
                        <i>1 0 0 0 1 0 0 0 1 0 0.92 0.45</i>
                        <i>1 0 0 0 1 0 0 0 1 0 0.92 0.45</i>
                        <i>1 0 0 0 1 0 0 0 1 0 0.92 0.45</i>
                        <i>1 0 0 0 1 0 0 0 1 0 0.92 0.45</i>
                        <i>1 0 0 0 1 0 0 0 1 0 0.92 0.45</i>
                        <i>1 0 0 0 1 0 0 0 1 0 0.92 0.45</i>
                        <i>1 0 0 0 1 0 0 0 1 0 0.92 0.45</i>
                        <i>1 0 0 0 1 0 0 0 1 0 0.92 0.45</i>
                        <i>1 0 0 0 1 0 0 0 1 0 0.92 0.45</i>
                        <i>1 0 0 0 1 0 0 0 1 0 0.92 0.45</i>
                        <i>1 0 0 0 1 0 0 0 1 0 0.92 0.45</i>
                        <i>1 0 0 0 1 0 0 0 1 0 0.92 0.45</i>
                        <i>1 0 0 0 1 0 0 0 1 0 0.92 0.45</i>
                        <i>1 0 0 0 1 0 0 0 1 0 0.92 0.45</i>
                        <i>1 0 0 0 1 0 0 0 1 0 0.92 0.45</i>
                        <i>1 0 0 0 1 0 0 0 1 0 0.92 0.45</i>
                        <i>1 0 0 0 1 0 0 0 1 0 0.92 0.45</i>
                        <i>1 0 0 0 1 0 0 0 1 0 0.92 0.45</i>
                        <i>1 0 0 0 1 0 0 0 1 0 0.92 0.45</i>
                        <i>1 0 0 0 1 0 0 0 1 0 0.92 0.45</i>
                        <i>1 0 0 0 1 0 0 0 1 0 0.92 0.45</i>
                        <i>1 0 0 0 1 0 0 0 1 0 0.92 0.45</i>
                        <i>1 0 0 0 1 0 0 0 1 0 0.92 0.45</i>
                        <i>1 0 0 0 1 0 0 0 1 0 0.92 0.45</i>
                        <i>1 0 0 0 1 0 0 0 1 0 0.92 0.45</i>
                        <i>1 0 0 0 1 0 0 0 1 0 0.92 0.45</i>
                        <i>1 0 0 0 1 0 0 0 1 0 0.92 0.45</i>
                        <i>1 0 0 0 1 0 0 0 1 0 0.92 0.45</i>
                        <i>1 0 0 0 1 0 0 0 1 0 0.92 0.45</i>
                        <i>1 0 0 0 1 0 0 0 1 0 0.92 0.45</i>
                        <i>1 0 0 0 1 0 0 0 1 0 0.92 0.45</i>
                        <i>1 0 0 0 1 0 0 0 1 0 0.92 0.45</i>
                        <i>1 0 0 0 1 0 0 0 1 0 0.92 0.45</i>
                        <i>1 0 0 0 1 0 0 0 1 0 0.92 0.45</i>
                        <i>1 0 0 0 1 0 0 0 1 0 0.92 0.45</i>
                        <i>1 0 0 0 1 0 0 0 1 0 0.92 0.45</i>
                        <i>1 0 0 0 1 0 0 0 1 0 0.92 0.45</i>
                        <i>1 0 0 0 1 0 0 0 1 0 0.92 0.45</i>
                        <i>1 0 0 0 1 0 0 0 1 0 0.92 0.45</i>
                        <i>1 0 0 0 1 0 0 0 1 0 0.92 0.45</i>
                        <i>1 0 0 0 1 0 0 0 1 0 0.92 0.45</i>
                        <i>1 0 0 0 1 0 0 0 1 0 0.92 0.45</i>
                        <i>1 0 0 0 1 0 0 0 1 0 0.92 0.45</i>
                        <i>1 0 0 0 1 0 0 0 1 0 0.92 0.45</i>
                        <i>1 0 0 0 1 0 0 0 1 0 0.92 0.45</i>
                        <i>1 0 0 0 1 0 0 0 1 0 0.92 0.45</i>
                        <i>1 0 0 0 1 0 0 0 1 0 0.92 0.45</i>
                        <i>1 0 0 0 1 0 0 0 1 0 0.92 0.45</i>
                        <i>1 0 0 0 1 0 0 0 1 0 0.92 0.45</i>
                        <i>1 0 0 0 1 0 0 0 1 0 0.92 0.45</i>
                        <i>1 0 0 0 1 0 0 0 1 0 0.92 0.45</i>
                        <i>1 0 0 0 1 0 0 0 1 0 0.92 0.45</i>
                        <i>1 0 0 0 1 0 0 0 1 0 0.92 0.45</i>
                        <i>1 0 0 0 1 0 0 0 1 0 0.92 0.45</i>
                        <i>1 0 0 0 1 0 0 0 1 0 0.92 0.45</i>
                        <i>1 0 0 0 1 0 0 0 1 0 0.92 0.45</i>
                        <i>1 0 0 0 1 0 0 0 1 0 0.92 0.45</i>
                        <i>1 0 0 0 1 0 0 0 1 0 0.92 0.45</i>
                    </KeyFrames>
                </p>
            </i>
            <i>
                <p>
                    <Name><![CDATA[ammobox]]></Name>
                    <Exclude>0</Exclude>
                    <Additive>0</Additive>
                    <IKPriority>0</IKPriority>
                    <IKRotLimits>-1e+010 -1e+010 -1e+010 1e+010 1e+010 1e+010</IKRotLimits>
                    <IKRotLimitOrder>0</IKRotLimitOrder>
                    <KeyFrames count="121">
                        <i>1 0 0 0 1 0 0 0 1 1.17557 1.66602 0.448854</i>
                        <i>0.9997 0.0244961 0.000853854 -0.0245103 0.998794 0.0425373 0.000189173 -0.0425454 0.999094 1.17557 1.54697 0.448854</i>
                        <i>0.998524 0.0542319 0.00298849 -0.0542783 0.994352 0.0911998 0.00197433 -0.0912274 0.995828 1.17807 2.02098 0.458336</i>
                        <i>0.996456 0.0839187 0.00576349 -0.0838998 0.986641 0.139644 0.00603224 -0.139633 0.990185 1.18048 2.39833 0.469669</i>
                        <i>0.994081 0.108301 0.00853844 -0.108045 0.977413 0.181634 0.0113255 -0.181481 0.983329 1.18293 2.62625 0.480077</i>
                        <i>0.992451 0.12218 0.010673 -0.121669 0.969855 0.211137 0.0154455 -0.210842 0.977398 1.18556 2.74343 0.486784</i>
                        <i>0.992661 0.120383 0.0115268 -0.119922 0.96758 0.222279 0.0156055 -0.22203 0.974915 1.1885 2.78124 0.487016</i>
                        <i>0.995609 0.0934678 0.00507353 -0.0921976 0.969829 0.225682 0.0161735 -0.225159 0.974188 1.19226 2.75698 0.478255</i>
                        <i>0.99899 0.0435557 -0.0110599 -0.0397603 0.971391 0.234135 0.0209414 -0.233459 0.972141 1.19685 2.65976 0.462415</i>
                        <i>0.999343 -0.016975 -0.0320285 0.0243154 0.969218 0.245001 0.0268837 -0.245619 0.968994 1.20159 2.46955 0.443363</i>
                        <i>0.995741 -0.0754537 -0.052983 0.0865692 0.962869 0.255714 0.0317211 -0.259211 0.9653 1.20582 2.19755 0.424966</i>
                        <i>0.990444 -0.119364 -0.0690864 0.13353 0.955279 0.263839 0.0345039 -0.270543 0.962089 1.20884 1.9563 0.411092</i>
                        <i>0.993472 -0.110958 -0.0264882 0.11399 0.95654 0.268398 -0.004444 -0.269665 0.962944 1.19193 1.88415 0.479063</i>
                        <i>0.991351 -0.127607 -0.0306473 0.131158 0.955342 0.264801 -0.00451174 -0.26653 0.963816 1.20409 1.87659 0.469533</i>
                        <i>0.989306 -0.141808 -0.0341307 0.145786 0.954053 0.26178 -0.00455983 -0.263956 0.964524 1.2141 1.87278 0.461548</i>
                        <i>0.988374 -0.147815 -0.0355912 0.15197 0.953435 0.260511 -0.00457341 -0.262891 0.964815 1.21824 1.87404 0.458199</i>
                        <i>0.98877 -0.144922 -0.0364756 0.149402 0.952986 0.263621 -0.00344393 -0.266111 0.963936 1.21633 1.87536 0.459822</i>
                        <i>0.989482 -0.139544 -0.0381158 0.14465 0.952106 0.269391 -0.00130165 -0.272071 0.962276 1.21275 1.8733 0.462838</i>
                        <i>0.989852 -0.136645 -0.0389979 0.142101 0.951607 0.272493 -0.000124145 -0.275269 0.961367 1.21081 1.87173 0.464462</i>
                        <i>0.989852 -0.136645 -0.0389979 0.142101 0.951607 0.272493 -0.000124145 -0.275269 0.961367 1.21081 1.87173 0.464462</i>
                        <i>0.989852 -0.136645 -0.0389979 0.142101 0.951607 0.272493 -0.000124145 -0.275269 0.961367 1.21081 1.87173 0.464462</i>
                        <i>0.989852 -0.136645 -0.0389979 0.142101 0.951607 0.272493 -0.000124145 -0.275269 0.961367 1.21081 1.87173 0.464462</i>
                        <i>0.989852 -0.136645 -0.0389979 0.142101 0.951607 0.272493 -0.000124145 -0.275269 0.961367 1.21081 1.87173 0.464462</i>
                        <i>0.989852 -0.136645 -0.0389979 0.142101 0.951607 0.272493 -0.000124145 -0.275269 0.961367 1.21081 1.87173 0.464462</i>
                        <i>0.989852 -0.136645 -0.0389979 0.142101 0.951607 0.272493 -0.000124145 -0.275269 0.961367 1.21081 1.87173 0.464462</i>
                        <i>0.989852 -0.136645 -0.0389979 0.142101 0.951607 0.272493 -0.000124145 -0.275269 0.961367 1.21081 1.87173 0.464462</i>
                        <i>0.989852 -0.136645 -0.0389979 0.142101 0.951607 0.272493 -0.000124145 -0.275269 0.961367 1.21081 1.87173 0.464462</i>
                        <i>0.989852 -0.136645 -0.0389979 0.142101 0.951607 0.272493 -0.000124145 -0.275269 0.961367 1.21081 1.87173 0.464462</i>
                        <i>0.989852 -0.136645 -0.0389979 0.142101 0.951607 0.272493 -0.000124145 -0.275269 0.961367 1.21081 1.87173 0.464462</i>
                        <i>0.989852 -0.136645 -0.0389979 0.142101 0.951607 0.272493 -0.000124145 -0.275269 0.961367 1.21081 1.87173 0.464462</i>
                        <i>0.989852 -0.136645 -0.0389979 0.142101 0.951607 0.272493 -0.000124145 -0.275269 0.961367 1.21081 1.87173 0.464462</i>
                        <i>0.989852 -0.136645 -0.0389979 0.142101 0.951607 0.272493 -0.000124145 -0.275269 0.961367 1.21081 1.87173 0.464462</i>
                        <i>0.989852 -0.136645 -0.0389979 0.142101 0.951607 0.272493 -0.000124145 -0.275269 0.961367 1.21081 1.87173 0.464462</i>
                        <i>0.989852 -0.136645 -0.0389979 0.142101 0.951607 0.272493 -0.000124145 -0.275269 0.961367 1.21081 1.87173 0.464462</i>
                        <i>0.98752 -0.150038 -0.0478921 0.157433 0.94898 0.273224 0.00445466 -0.277354 0.960758 1.2773 1.92882 0.472313</i>
                        <i>0.978733 -0.192754 -0.0701977 0.204713 0.939781 0.273686 0.0132163 -0.282236 0.959254 1.45088 2.07497 0.491913</i>
                        <i>0.95834 -0.267761 -0.0994363 0.285011 0.919334 0.271282 0.0187764 -0.288321 0.95735 1.69456 2.26744 0.517394</i>
                        <i>0.893013 -0.419432 -0.163111 0.44861 0.858444 0.248643 0.035733 -0.295214 0.954763 2.039 2.33755 0.455861</i>
                        <i>0.816962 -0.546268 -0.184836 0.576323 0.78482 0.227836 0.0206033 -0.292659 0.955995 2.33433 2.46415 0.465303</i>
                        <i>0.710932 -0.676116 -0.193501 0.703261 0.683442 0.195782 -0.000124145 -0.275269 0.961367 2.58281 2.53499 0.464462</i>
                        <i>0.557536 -0.807399 -0.193029 0.830027 0.538122 0.146563 -0.0144621 -0.241933 0.970185 2.78748 2.51963 0.447975</i>
                        <i>0.34236 -0.919774 -0.191847 0.939514 0.332909 0.0805329 -0.0102044 -0.207814 0.978115 2.98178 2.4483 0.418382</i>
                        <i>0.0814133 -0.978342 -0.19031 0.996621 0.0819993 0.00480721 0.0109022 -0.190059 0.981712 3.17026 2.29692 0.383024</i>
                        <i>-0.194146 -0.962638 -0.188773 0.980322 -0.183383 -0.0730704 0.0357225 -0.199245 0.979298 3.35751 2.02462 0.349238</i>
                        <i>-0.447654 -0.874309 -0.18759 0.892958 -0.425995 -0.145449 0.0472551 -0.232621 0.971419 3.54809 1.57627 0.324364</i>
                        <i>-0.649948 -0.736583 -0.187117 0.759155 -0.617796 -0.204968 0.0353758 -0.275269 0.960716 3.74656 1.01714 0.31574</i>
                        <i>-0.840495 -0.508539 -0.186965 0.541291 -0.803323 -0.248345 -0.0239003 -0.309936 0.950457 4.05586 0.371157 0.359016</i>
                        <i>-0.946354 -0.263749 -0.186683 0.307715 -0.911908 -0.271544 -0.0986182 -0.314422 0.944147 4.37846 -0.374185 0.437939</i>
                        <i>-0.940652 -0.283513 -0.186531 0.326198 -0.906978 -0.266434 -0.0936418 -0.311467 0.945632 4.41829 -0.788905 0.481993</i>
                        <i>-0.769233 -0.623013 -0.141895 0.637634 -0.734117 -0.233442 0.0412695 -0.270049 0.961962 4.09597 -0.856708 0.473917</i>
                        <i>-0.307704 -0.951033 -0.0292372 0.937244 -0.29766 -0.18158 0.163985 -0.0832751 0.982942 3.59889 -0.831327 0.448926</i>
                        <i>0.328853 -0.937035 0.117562 0.941468 0.315518 -0.118685 0.0741188 0.14971 0.985948 3.03111 -0.725376 0.415218</i>
                        <i>0.782495 -0.564935 0.261822 0.597175 0.799963 -0.058663 -0.176307 0.202257 0.963332 2.49671 -0.551471 0.38099</i>
                        <i>0.915092 -0.162389 0.369103 0.180915 0.98337 -0.0158912 -0.360385 0.0813181 0.929253 2.09975 -0.322228 0.354442</i>
                        <i>0.911739 0 0.410769 0 1 0 -0.410769 0 0.911739 1.9443 -0.0502608 0.343771</i>
                        <i>0.911739 0 0.410769 0 1 0 -0.410769 0 0.911739 1.9443 1.23496 0.343771</i>
                        <i>0.915869 0.00134489 0.401474 0.0044394 0.999899 -0.013477 -0.401452 0.0141255 0.915771 1.93853 1.50777 0.337718</i>
                        <i>0.926557 0.00538808 0.376117 0.0146524 0.998622 -0.0504016 -0.37587 0.052211 0.9252 1.92245 1.74266 0.321427</i>
                        <i>0.940925 0.0121876 0.338396 0.0251036 0.994091 -0.105605 -0.337683 0.107861 0.935059 1.89796 1.9438 0.297698</i>
                        <i>0.956134 0.0217955 0.292119 0.0304973 0.984402 -0.173268 -0.291339 0.174577 0.940555 1.86695 2.11531 0.26933</i>
                        <i>0.96983 0.0341961 0.241372 0.0272103 0.968741 -0.246576 -0.242259 0.245705 0.938584 1.83129 2.26134 0.239124</i>
                        <i>0.980442 0.0492847 0.190538 0.0141671 0.947952 -0.318098 -0.196298 0.314576 0.928714 1.79288 2.38604 0.209879</i>
                        <i>0.987283 0.0668863 0.144216 -0.00705559 0.924722 -0.380577 -0.158815 0.37472 0.913435 1.75359 2.49356 0.184397</i>
                        <i>0.990453 0.0868006 0.107092 -0.0329323 0.90336 -0.427616 -0.13386 0.420007 0.897594 1.71532 2.58803 0.165476</i>
                        <i>0.990364 0.11579 0.0759694 -0.0671654 0.881332 -0.467699 -0.121109 0.45809 0.880617 1.67606 2.66422 0.148858</i>
                        <i>0.986646 0.156383 0.045534 -0.111761 0.853375 -0.509177 -0.118484 0.497289 0.859456 1.63305 2.71422 0.130517</i>
                        <i>0.979239 0.201971 0.0172927 -0.159881 0.821971 -0.546628 -0.124617 0.532514 0.837197 1.58701 2.73812 0.113601</i>
                        <i>0.969236 0.246028 -0.00725083 -0.205288 0.791786 -0.575267 -0.135791 0.559058 0.817934 1.53868 2.73603 0.10126</i>
                        <i>0.95895 0.282326 -0.0266056 -0.242898 0.769349 -0.590849 -0.146343 0.573057 0.806343 1.48879 2.70807 0.0966426</i>
                        <i>0.951543 0.304994 -0.0392949 -0.268581 0.762023 -0.589224 -0.149766 0.571226 0.807014 1.43808 2.65433 0.102898</i>
                        <i>0.950273 0.308315 -0.0438508 -0.278008 0.776424 -0.565577 -0.140329 0.549644 0.823529 1.38726 2.57492 0.123175</i>
                        <i>0.973491 0.226407 -0.0324868 -0.219356 0.883907 -0.413026 -0.0647966 0.409203 0.91014 1.3213 2.23389 0.216114</i>
                        <i>0.996785 0.0793068 -0.0113721 -0.0801173 0.986093 -0.145611 -0.000334014 0.146054 0.989277 1.2495 1.79722 0.362535</i>
                        <i>1 0 0 0 1 0 0 0 1 1.2091 1.66602 0.448854</i>
                        <i>0.999998 -0.00121893 -0.00152016 0.00121893 0.999999 0 0.00152016 -1.85297e-006 0.999999 1.19981 1.75473 0.461345</i>
                        <i>0.999974 -0.00452736 -0.00564629 0.00452743 0.99999 -1.69407e-021 0.00564623 -2.55632e-005 0.999984 1.19578 1.8505 0.463432</i>
                        <i>0.999887 -0.00940238 -0.0117267 0.00940303 0.999956 0 0.0117262 -0.000110266 0.999931 1.19598 1.90838 0.457256</i>
                        <i>0.9997 -0.0153203 -0.0191094 0.0153231 0.999883 2.71051e-020 0.0191072 -0.000292816 0.999817 1.19935 1.93452 0.444956</i>
                        <i>0.999395 -0.0217569 -0.0271424 0.0217649 0.999763 5.42101e-020 0.027136 -0.000590751 0.999632 1.20485 1.94143 0.428675</i>
                        <i>0.998984 -0.0281884 -0.0351737 0.0282058 0.999602 1.0842e-019 0.0351597 -0.000992103 0.999381 1.21143 1.93006 0.410553</i>
                        <i>0.998512 -0.0340925 -0.0425518 0.0341234 0.999418 0 0.042527 -0.00145201 0.999094 1.21804 1.88788 0.392731</i>
                        <i>0.998057 -0.0389498 -0.0486261 0.0389959 0.999239 -1.0842e-019 0.0485891 -0.00189622 0.998817 1.22365 1.79988 0.37735</i>
                        <i>0.997714 -0.0422428 -0.0527469 0.0423017 0.999105 0 0.0526997 -0.00223128 0.998608 1.22719 1.68506 0.366552</i>
                        <i>1 0 0 0 1 0 0 0 1 1.2091 1.66602 0.448854</i>
                        <i>0.999993 -0.00362719 -0.000960334 0.00362605 0.999993 -0.00118245 0.000964616 0.00117896 0.999999 1.20985 1.64116 0.446664</i>
                        <i>0.999875 -0.0155335 -0.00297432 0.0155215 0.999871 -0.00400759 0.00303619 0.00396092 0.999988 1.21392 1.62271 0.441981</i>
                        <i>0.999538 -0.0300134 -0.00474286 0.0299779 0.999523 -0.0073899 0.0049624 0.00724431 0.999961 1.21827 1.61126 0.437445</i>
                        <i>0.999132 -0.041372 -0.00496116 0.0413196 0.999093 -0.0102511 0.00538078 0.0100372 0.999935 1.2205 1.60746 0.435651</i>
                        <i>0.999031 -0.04394 -0.00231067 0.0439105 0.998969 -0.0115314 0.00281497 0.0114188 0.999931 1.2187 1.61196 0.439177</i>
                        <i>0.999305 -0.0372318 0.00193271 0.0372468 0.999271 -0.00837347 -0.00161955 0.00843963 0.999963 1.21288 1.61896 0.447368</i>
                        <i>0.999593 -0.0278503 0.00615349 0.0278655 0.999609 -0.00238501 -0.00608466 0.00255551 0.999978 1.2057 1.62424 0.456895</i>
                        <i>0.999724 -0.0206981 0.011103 0.0206909 0.999786 0.000764564 -0.0111164 -0.000534622 0.999938 1.19935 1.63097 0.466201</i>
                        <i>0.999729 -0.0162441 0.0166656 0.0162364 0.999868 0.000599962 -0.0166732 -0.00032921 0.999861 1.19418 1.63968 0.474862</i>
                        <i>0.999684 -0.0118279 0.0221776 0.0118211 0.99993 0.000436811 -0.0221812 -0.000174509 0.999754 1.18904 1.64819 0.483446</i>
                        <i>0.999593 -0.00756885 0.0274905 0.00756403 0.999971 0.000279503 -0.0274918 -7.1451e-005 0.999622 1.18403 1.65584 0.491719</i>
                        <i>0.999467 -0.00358644 0.0324561 0.00358403 0.999994 0.000132436 -0.0324564 -1.60416e-005 0.999473 1.17926 1.662 0.499451</i>
                        <i>1 0 0 0 1 0 0 0 1 1.17557 1.66602 0.448854</i>
                        <i>1 0 0 0 1 0 0 0 1 1.17557 1.66602 0.448854</i>
                        <i>1 0 0 0 1 0 0 0 1 1.17557 1.66602 0.448854</i>
                        <i>1 0 0 0 1 0 0 0 1 1.17557 1.66602 0.448854</i>
                        <i>1 0 0 0 1 0 0 0 1 1.17557 1.66602 0.448854</i>
                        <i>1 0 0 0 1 0 0 0 1 1.17557 1.66602 0.448854</i>
                        <i>1 0 0 0 1 0 0 0 1 1.17557 1.66602 0.448854</i>
                        <i>1 0 0 0 1 0 0 0 1 1.17557 1.66602 0.448854</i>
                        <i>1 0 0 0 1 0 0 0 1 1.17557 1.66602 0.448854</i>
                        <i>1 0 0 0 1 0 0 0 1 1.17557 1.66602 0.448854</i>
                        <i>1 0 0 0 1 0 0 0 1 1.17557 1.66602 0.448854</i>
                        <i>1 0 0 0 1 0 0 0 1 1.17557 1.66602 0.448854</i>
                        <i>1 0 0 0 1 0 0 0 1 1.17557 1.66602 0.448854</i>
                        <i>1 0 0 0 1 0 0 0 1 1.17557 1.66602 0.448854</i>
                        <i>1 0 0 0 1 0 0 0 1 1.17557 1.66602 0.448854</i>
                        <i>1 0 0 0 1 0 0 0 1 1.17557 1.66602 0.448854</i>
                        <i>1 0 0 0 1 0 0 0 1 1.17557 1.66602 0.448854</i>
                        <i>1 0 0 0 1 0 0 0 1 1.17557 1.66602 0.448854</i>
                        <i>1 0 0 0 1 0 0 0 1 1.17557 1.66602 0.448854</i>
                        <i>1 0 0 0 1 0 0 0 1 1.17557 1.66602 0.448854</i>
                        <i>1 0 0 0 1 0 0 0 1 1.17557 1.66602 0.448854</i>
                        <i>1 0 0 0 1 0 0 0 1 1.17557 1.66602 0.448854</i>
                        <i>1 0 0 0 1 0 0 0 1 1.17557 1.66602 0.448854</i>
                        <i>1 0 0 0 1 0 0 0 1 1.17557 1.66602 0.448854</i>
                        <i>1 0 0 0 1 0 0 0 1 1.17557 1.66602 0.448854</i>
                    </KeyFrames>
                </p>
            </i>
            <i>
                <p>
                    <Name><![CDATA[ammobelt_1]]></Name>
                    <Exclude>0</Exclude>
                    <Additive>0</Additive>
                    <IKPriority>0</IKPriority>
                    <IKRotLimits>-1e+010 -1e+010 -1e+010 1e+010 1e+010 1e+010</IKRotLimits>
                    <IKRotLimitOrder>0</IKRotLimitOrder>
                    <KeyFrames count="121">
                        <i>0.668328 0.418957 -0.614665 0.564732 0.25206 0.785839 0.484165 -0.872319 -0.0681395 1.17557 2.03582 0.920927</i>
                        <i>0.908411 0.172755 -0.380717 0.293685 0.384435 0.875191 0.297555 -0.906843 0.29849 1.17559 1.91297 0.920846</i>
                        <i>0.949052 0.164572 -0.26873 0.195174 0.362541 0.911302 0.247401 -0.917322 0.31195 1.17825 2.38264 0.930038</i>
                        <i>0.992697 0.0998021 -0.0677674 0.0664809 0.0161637 0.997657 0.100664 -0.994876 0.00941073 1.18102 2.75568 0.940868</i>
                        <i>0.998274 -0.0151789 0.0567381 -0.0584311 -0.354551 0.933209 0.0059515 -0.934913 -0.354826 1.18394 2.97988 0.950664</i>
                        <i>0.995439 0.0939049 0.0168466 0.041707 -0.587145 0.808407 0.0858047 -0.804017 -0.588383 1.18694 3.09444 0.956843</i>
                        <i>0.976531 0.214208 -0.022425 0.149029 -0.596856 0.788387 0.155494 -0.773226 -0.614771 1.18989 3.13124 0.956853</i>
                        <i>0.987497 0.155848 -0.0236712 0.0935314 -0.458403 0.883809 0.126889 -0.874973 -0.467249 1.1937 3.10671 0.948028</i>
                        <i>0.998337 0.0547755 -0.0179542 0.0301346 -0.230428 0.972623 0.0491387 -0.971547 -0.231695 1.19872 3.00875 0.932006</i>
                        <i>0.998093 -0.0615727 0.00442662 -0.00153494 0.0469318 0.998897 -0.0617125 -0.996999 0.0467478 1.20399 2.81745 0.912673</i>
                        <i>0.984952 -0.166953 0.0446736 0.0098828 0.312474 0.949875 -0.172544 -0.93514 0.309422 1.20864 2.54424 0.893947</i>
                        <i>0.967159 -0.238308 0.08839 0.0448627 0.502351 0.863499 -0.250181 -0.831176 0.496545 1.21192 2.30198 0.879786</i>
                        <i>0.972133 -0.206314 0.111322 0.0292654 0.577945 0.815551 -0.232597 -0.789566 0.567877 1.19153 2.22991 0.947833</i>
                        <i>0.965599 -0.230668 0.120044 0.0373198 0.579797 0.813906 -0.257343 -0.781427 0.56846 1.20369 2.22263 0.938381</i>
                        <i>0.959477 -0.251264 0.127555 0.0441723 0.581182 0.812574 -0.278303 -0.774012 0.56873 1.2137 2.21905 0.930459</i>
                        <i>0.956735 -0.259927 0.13075 0.0470677 0.581717 0.812028 -0.287128 -0.770742 0.568784 1.21783 2.22041 0.927136</i>
                        <i>0.95787 -0.2569 0.128406 0.0463035 0.579378 0.813742 -0.283446 -0.773514 0.566864 1.21602 2.22143 0.92868</i>
                        <i>0.959944 -0.251234 0.124053 0.0449236 0.575018 0.816907 -0.276568 -0.778612 0.563271 1.21264 2.21884 0.931548</i>
                        <i>0.961043 -0.248161 0.12171 0.044202 0.572661 0.8186 -0.272843 -0.781329 0.561321 1.2108 2.217 0.933092</i>
                        <i>0.961043 -0.248161 0.12171 0.044202 0.572661 0.8186 -0.272843 -0.781329 0.561321 1.2108 2.217 0.933092</i>
                        <i>0.961043 -0.248161 0.12171 0.044202 0.572661 0.8186 -0.272843 -0.781329 0.561321 1.2108 2.217 0.933092</i>
                        <i>0.961043 -0.248161 0.12171 0.044202 0.572661 0.8186 -0.272843 -0.781329 0.561321 1.2108 2.217 0.933092</i>
                        <i>0.961043 -0.248161 0.12171 0.044202 0.572661 0.8186 -0.272843 -0.781329 0.561321 1.2108 2.217 0.933092</i>
                        <i>0.961043 -0.248161 0.12171 0.044202 0.572661 0.8186 -0.272843 -0.781329 0.561321 1.2108 2.217 0.933092</i>
                        <i>0.961043 -0.248161 0.12171 0.044202 0.572661 0.8186 -0.272843 -0.781329 0.561321 1.2108 2.217 0.933092</i>
                        <i>0.961043 -0.248161 0.12171 0.044202 0.572661 0.8186 -0.272843 -0.781329 0.561321 1.2108 2.217 0.933092</i>
                        <i>0.961043 -0.248161 0.12171 0.044202 0.572661 0.8186 -0.272843 -0.781329 0.561321 1.2108 2.217 0.933092</i>
                        <i>0.961043 -0.248161 0.12171 0.044202 0.572661 0.8186 -0.272843 -0.781329 0.561321 1.2108 2.217 0.933092</i>
                        <i>0.961043 -0.248161 0.12171 0.044202 0.572661 0.8186 -0.272843 -0.781329 0.561321 1.2108 2.217 0.933092</i>
                        <i>0.961043 -0.248161 0.12171 0.044202 0.572661 0.8186 -0.272843 -0.781329 0.561321 1.2108 2.217 0.933092</i>
                        <i>0.961043 -0.248161 0.12171 0.044202 0.572661 0.8186 -0.272843 -0.781329 0.561321 1.2108 2.217 0.933092</i>
                        <i>0.961043 -0.248161 0.12171 0.044202 0.572661 0.8186 -0.272843 -0.781329 0.561321 1.2108 2.217 0.933092</i>
                        <i>0.961043 -0.248161 0.12171 0.044202 0.572661 0.8186 -0.272843 -0.781329 0.561321 1.2108 2.217 0.933092</i>
                        <i>0.961043 -0.248161 0.12171 0.044202 0.572661 0.8186 -0.272843 -0.781329 0.561321 1.2108 2.217 0.933092</i>
                        <i>0.95431 -0.270781 0.12637 0.0533001 0.57037 0.819657 -0.294025 -0.775471 0.558743 1.27769 2.2739 0.940889</i>
                        <i>0.92958 -0.339437 0.143748 0.0786896 0.563702 0.822222 -0.360124 -0.753009 0.550716 1.45206 2.41961 0.960355</i>
                        <i>0.873791 -0.452224 0.178835 0.116512 0.551716 0.825854 -0.472137 -0.700788 0.534774 1.69624 2.61154 0.985666</i>
                        <i>0.705896 -0.660076 0.256925 0.190069 0.525943 0.82901 -0.682337 -0.536362 0.496721 2.04219 2.68104 0.923902</i>
                        <i>0.515577 -0.787217 0.338333 0.228864 0.507035 0.830986 -0.825713 -0.351005 0.441581 2.33616 2.80786 0.933454</i>
                        <i>0.283606 -0.859971 0.424285 0.267091 0.495783 0.826354 -0.920994 -0.121036 0.370298 2.5828 2.88025 0.933092</i>
                        <i>0.0615521 -0.87509 0.48003 0.337334 0.47088 0.815156 -0.939371 0.111755 0.324181 2.78619 2.86786 0.91739</i>
                        <i>-0.117843 -0.869717 0.479276 0.438732 0.387381 0.810833 -0.890858 0.305825 0.335922 2.98087 2.79957 0.888505</i>
                        <i>-0.289745 -0.848632 0.442574 0.520275 0.24847 0.817053 -0.803344 0.466998 0.369529 3.17124 2.64978 0.853467</i>
                        <i>-0.466093 -0.796565 0.385021 0.55233 0.0779829 0.82997 -0.69115 0.599502 0.40362 3.3607 2.37666 0.819466</i>
                        <i>-0.633533 -0.706954 0.314406 0.526244 -0.095828 0.844917 -0.567188 0.700737 0.43274 3.5523 1.92534 0.793889</i>
                        <i>-0.773201 -0.587761 0.238113 0.451058 -0.245782 0.857985 -0.445766 0.770797 0.455153 3.74972 1.3624 0.784312</i>
                        <i>-0.910972 -0.391629 0.129449 0.291269 -0.388575 0.874169 -0.29205 0.834048 0.46805 4.05373 0.713329 0.826673</i>
                        <i>-0.98304 -0.181922 0.0231828 0.106422 -0.462928 0.879984 -0.149357 0.867526 0.474437 4.36967 -0.032413 0.905034</i>
                        <i>-0.979668 -0.198168 0.0313164 0.120695 -0.457447 0.881008 -0.160262 0.866875 0.472064 4.40994 -0.44687 0.94922</i>
                        <i>-0.846476 -0.491283 0.205232 0.393803 -0.318284 0.862331 -0.358326 0.810763 0.462888 4.09965 -0.51098 0.9426</i>
                        <i>-0.457271 -0.775069 0.436087 0.630138 0.0636471 0.773871 -0.627559 0.628663 0.459296 3.6135 -0.46895 0.919479</i>
                        <i>0.0904714 -0.813148 0.574983 0.535488 0.526507 0.660335 -0.839683 0.248155 0.483065 3.03772 -0.342231 0.886039</i>
                        <i>0.649792 -0.579476 0.491912 0.205694 0.757064 0.620116 -0.731752 -0.301763 0.611129 2.48099 -0.163643 0.849795</i>
                        <i>0.952111 -0.131853 0.275862 -0.0763188 0.771191 0.632012 -0.296075 -0.622799 0.724197 2.06763 0.0548202 0.820209</i>
                        <i>0.979134 0.0949263 0.179683 -0.191102 0.73083 0.655262 -0.0691161 -0.675927 0.733721 1.90769 0.319538 0.807977</i>
                        <i>0.979134 0.0949263 0.179683 -0.191102 0.73083 0.655262 -0.0691161 -0.675927 0.733721 1.90769 1.60476 0.807977</i>
                        <i>0.980731 0.090308 0.173238 -0.182632 0.738687 0.648836 -0.0693735 -0.667972 0.740946 1.90274 1.87883 0.802284</i>
                        <i>0.984586 0.0788219 0.156136 -0.160852 0.758644 0.631337 -0.0686888 -0.64672 0.759628 1.88895 2.11712 0.786833</i>
                        <i>0.98914 0.0643217 0.132156 -0.131911 0.785059 0.605212 -0.0648217 -0.616072 0.785018 1.86786 2.32321 0.763982</i>
                        <i>0.9932 0.0504427 0.104929 -0.101807 0.813512 0.572568 -0.0564787 -0.579357 0.813115 1.84098 2.50067 0.736104</i>
                        <i>0.996217 0.0401135 0.0770857 -0.0752884 0.841397 0.535148 -0.0433929 -0.538927 0.841234 1.8097 2.65304 0.705722</i>
                        <i>0.998137 0.0352398 0.0498047 -0.0553151 0.867105 0.495044 -0.0257407 -0.496877 0.867439 1.77538 2.78388 0.675598</i>
