<?xml version="1.0" encoding="ISO-8859-1" ?>
<Animl Version="1">
    <ModellingPackage>
        <![CDATA[Maya.2010]]>
</ModellingPackage>
    <SrcFile>
        <![CDATA[anims\turrets\antiair\blue\~src\aa_bofors\aa_bofors_idle_ai.mb]]>
</SrcFile>
    <FramesPerSecond>30</FramesPerSecond>
    <TotalFrames>97</TotalFrames>
    <Skeleton>
        <RefFrame>
            <Name>
                <![CDATA[aa_bofors_ref_frame]]>
</Name>
            <Exclude>0</Exclude>
            <Additive>0</Additive>
            <IKPriority>0</IKPriority>
            <IKRotLimits>-1e+010 -1e+010 -1e+010 1e+010 1e+010 1e+010</IKRotLimits>
            <IKRotLimitOrder>0</IKRotLimitOrder>
            <KeyFrames count="97">
                <i>1 0 0 0 1 0 0 0 1 0 1.34 0</i>
                <i>1 0 0 0 1 0 0 0 1 0 1.34 0</i>
                <i>1 0 0 0 1 0 0 0 1 0 1.34 0</i>
                <i>1 0 0 0 1 0 0 0 1 0 1.34 0</i>
                <i>1 0 0 0 1 0 0 0 1 0 1.34 0</i>
                <i>1 0 0 0 1 0 0 0 1 0 1.34 0</i>
                <i>1 0 0 0 1 0 0 0 1 0 1.34 0</i>
                <i>1 0 0 0 1 0 0 0 1 0 1.34 0</i>
                <i>1 0 0 0 1 0 0 0 1 0 1.34 0</i>
                <i>1 0 0 0 1 0 0 0 1 0 1.34 0</i>
                <i>1 0 0 0 1 0 0 0 1 0 1.34 0</i>
                <i>1 0 0 0 1 0 0 0 1 0 1.34 0</i>
                <i>1 0 0 0 1 0 0 0 1 0 1.34 0</i>
                <i>1 0 0 0 1 0 0 0 1 0 1.34 0</i>
                <i>1 0 0 0 1 0 0 0 1 0 1.34 0</i>
                <i>1 0 0 0 1 0 0 0 1 0 1.34 0</i>
                <i>1 0 0 0 1 0 0 0 1 0 1.34 0</i>
                <i>1 0 0 0 1 0 0 0 1 0 1.34 0</i>
                <i>1 0 0 0 1 0 0 0 1 0 1.34 0</i>
                <i>1 0 0 0 1 0 0 0 1 0 1.34 0</i>
                <i>1 0 0 0 1 0 0 0 1 0 1.34 0</i>
                <i>1 0 0 0 1 0 0 0 1 0 1.34 0</i>
                <i>1 0 0 0 1 0 0 0 1 0 1.34 0</i>
                <i>1 0 0 0 1 0 0 0 1 0 1.34 0</i>
                <i>1 0 0 0 1 0 0 0 1 0 1.34 0</i>
                <i>1 0 0 0 1 0 0 0 1 0 1.34 0</i>
                <i>1 0 0 0 1 0 0 0 1 0 1.34 0</i>
                <i>1 0 0 0 1 0 0 0 1 0 1.34 0</i>
                <i>1 0 0 0 1 0 0 0 1 0 1.34 0</i>
                <i>1 0 0 0 1 0 0 0 1 0 1.34 0</i>
                <i>1 0 0 0 1 0 0 0 1 0 1.34 0</i>
                <i>1 0 0 0 1 0 0 0 1 0 1.34 0</i>
                <i>1 0 0 0 1 0 0 0 1 0 1.34 0</i>
                <i>1 0 0 0 1 0 0 0 1 0 1.34 0</i>
                <i>1 0 0 0 1 0 0 0 1 0 1.34 0</i>
                <i>1 0 0 0 1 0 0 0 1 0 1.34 0</i>
                <i>1 0 0 0 1 0 0 0 1 0 1.34 0</i>
                <i>1 0 0 0 1 0 0 0 1 0 1.34 0</i>
                <i>1 0 0 0 1 0 0 0 1 0 1.34 0</i>
                <i>1 0 0 0 1 0 0 0 1 0 1.34 0</i>
                <i>1 0 0 0 1 0 0 0 1 0 1.34 0</i>
                <i>1 0 0 0 1 0 0 0 1 0 1.34 0</i>
                <i>1 0 0 0 1 0 0 0 1 0 1.34 0</i>
                <i>1 0 0 0 1 0 0 0 1 0 1.34 0</i>
                <i>1 0 0 0 1 0 0 0 1 0 1.34 0</i>
                <i>1 0 0 0 1 0 0 0 1 0 1.34 0</i>
                <i>1 0 0 0 1 0 0 0 1 0 1.34 0</i>
                <i>1 0 0 0 1 0 0 0 1 0 1.34 0</i>
                <i>1 0 0 0 1 0 0 0 1 0 1.34 0</i>
                <i>1 0 0 0 1 0 0 0 1 0 1.34 0</i>
                <i>1 0 0 0 1 0 0 0 1 0 1.34 0</i>
                <i>1 0 0 0 1 0 0 0 1 0 1.34 0</i>
                <i>1 0 0 0 1 0 0 0 1 0 1.34 0</i>
                <i>1 0 0 0 1 0 0 0 1 0 1.34 0</i>
                <i>1 0 0 0 1 0 0 0 1 0 1.34 0</i>
                <i>1 0 0 0 1 0 0 0 1 0 1.34 0</i>
                <i>1 0 0 0 1 0 0 0 1 0 1.34 0</i>
                <i>1 0 0 0 1 0 0 0 1 0 1.34 0</i>
                <i>1 0 0 0 1 0 0 0 1 0 1.34 0</i>
                <i>1 0 0 0 1 0 0 0 1 0 1.34 0</i>
                <i>1 0 0 0 1 0 0 0 1 0 1.34 0</i>
                <i>1 0 0 0 1 0 0 0 1 0 1.34 0</i>
                <i>1 0 0 0 1 0 0 0 1 0 1.34 0</i>
                <i>1 0 0 0 1 0 0 0 1 0 1.34 0</i>
                <i>1 0 0 0 1 0 0 0 1 0 1.34 0</i>
                <i>1 0 0 0 1 0 0 0 1 0 1.34 0</i>
                <i>1 0 0 0 1 0 0 0 1 0 1.34 0</i>
                <i>1 0 0 0 1 0 0 0 1 0 1.34 0</i>
                <i>1 0 0 0 1 0 0 0 1 0 1.34 0</i>
                <i>1 0 0 0 1 0 0 0 1 0 1.34 0</i>
                <i>1 0 0 0 1 0 0 0 1 0 1.34 0</i>
                <i>1 0 0 0 1 0 0 0 1 0 1.34 0</i>
                <i>1 0 0 0 1 0 0 0 1 0 1.34 0</i>
                <i>1 0 0 0 1 0 0 0 1 0 1.34 0</i>
                <i>1 0 0 0 1 0 0 0 1 0 1.34 0</i>
                <i>1 0 0 0 1 0 0 0 1 0 1.34 0</i>
                <i>1 0 0 0 1 0 0 0 1 0 1.34 0</i>
                <i>1 0 0 0 1 0 0 0 1 0 1.34 0</i>
                <i>1 0 0 0 1 0 0 0 1 0 1.34 0</i>
                <i>1 0 0 0 1 0 0 0 1 0 1.34 0</i>
                <i>1 0 0 0 1 0 0 0 1 0 1.34 0</i>
                <i>1 0 0 0 1 0 0 0 1 0 1.34 0</i>
                <i>1 0 0 0 1 0 0 0 1 0 1.34 0</i>
                <i>1 0 0 0 1 0 0 0 1 0 1.34 0</i>
                <i>1 0 0 0 1 0 0 0 1 0 1.34 0</i>
                <i>1 0 0 0 1 0 0 0 1 0 1.34 0</i>
                <i>1 0 0 0 1 0 0 0 1 0 1.34 0</i>
                <i>1 0 0 0 1 0 0 0 1 0 1.34 0</i>
                <i>1 0 0 0 1 0 0 0 1 0 1.34 0</i>
                <i>1 0 0 0 1 0 0 0 1 0 1.34 0</i>
                <i>1 0 0 0 1 0 0 0 1 0 1.34 0</i>
                <i>1 0 0 0 1 0 0 0 1 0 1.34 0</i>
                <i>1 0 0 0 1 0 0 0 1 0 1.34 0</i>
                <i>1 0 0 0 1 0 0 0 1 0 1.34 0</i>
                <i>1 0 0 0 1 0 0 0 1 0 1.34 0</i>
                <i>1 0 0 0 1 0 0 0 1 0 1.34 0</i>
                <i>1 0 0 0 1 0 0 0 1 0 1.34 0</i>
            </KeyFrames>
        </RefFrame>
        <Bones count="17">
            <i>
                <p>
                    <Name>
                        <![CDATA[aa_bofors_root]]>
</Name>
                    <Exclude>0</Exclude>
                    <Additive>0</Additive>
                    <IKPriority>0</IKPriority>
                    <IKRotLimits>-1e+010 -1e+010 -1e+010 1e+010 1e+010 1e+010</IKRotLimits>
                    <IKRotLimitOrder>0</IKRotLimitOrder>
                    <KeyFrames count="97">
                        <i>1 0 0 0 1 0 0 0 1 0 1.34 0</i>
                        <i>1 0 0 0 1 0 0 0 1 0 1.34 0</i>
                        <i>1 0 0 0 1 0 0 0 1 0 1.34 0</i>
                        <i>1 0 0 0 1 0 0 0 1 0 1.34 0</i>
                        <i>1 0 0 0 1 0 0 0 1 0 1.34 0</i>
                        <i>1 0 0 0 1 0 0 0 1 0 1.34 0</i>
                        <i>1 0 0 0 1 0 0 0 1 0 1.34 0</i>
                        <i>1 0 0 0 1 0 0 0 1 0 1.34 0</i>
                        <i>1 0 0 0 1 0 0 0 1 0 1.34 0</i>
                        <i>1 0 0 0 1 0 0 0 1 0 1.34 0</i>
                        <i>1 0 0 0 1 0 0 0 1 0 1.34 0</i>
                        <i>1 0 0 0 1 0 0 0 1 0 1.34 0</i>
                        <i>1 0 0 0 1 0 0 0 1 0 1.34 0</i>
                        <i>1 0 0 0 1 0 0 0 1 0 1.34 0</i>
                        <i>1 0 0 0 1 0 0 0 1 0 1.34 0</i>
                        <i>1 0 0 0 1 0 0 0 1 0 1.34 0</i>
                        <i>1 0 0 0 1 0 0 0 1 0 1.34 0</i>
                        <i>1 0 0 0 1 0 0 0 1 0 1.34 0</i>
                        <i>1 0 0 0 1 0 0 0 1 0 1.34 0</i>
                        <i>1 0 0 0 1 0 0 0 1 0 1.34 0</i>
                        <i>1 0 0 0 1 0 0 0 1 0 1.34 0</i>
                        <i>1 0 0 0 1 0 0 0 1 0 1.34 0</i>
                        <i>1 0 0 0 1 0 0 0 1 0 1.34 0</i>
                        <i>1 0 0 0 1 0 0 0 1 0 1.34 0</i>
                        <i>1 0 0 0 1 0 0 0 1 0 1.34 0</i>
                        <i>1 0 0 0 1 0 0 0 1 0 1.34 0</i>
                        <i>1 0 0 0 1 0 0 0 1 0 1.34 0</i>
                        <i>1 0 0 0 1 0 0 0 1 0 1.34 0</i>
                        <i>1 0 0 0 1 0 0 0 1 0 1.34 0</i>
                        <i>1 0 0 0 1 0 0 0 1 0 1.34 0</i>
                        <i>1 0 0 0 1 0 0 0 1 0 1.34 0</i>
                        <i>1 0 0 0 1 0 0 0 1 0 1.34 0</i>
                        <i>1 0 0 0 1 0 0 0 1 0 1.34 0</i>
                        <i>1 0 0 0 1 0 0 0 1 0 1.34 0</i>
                        <i>1 0 0 0 1 0 0 0 1 0 1.34 0</i>
                        <i>1 0 0 0 1 0 0 0 1 0 1.34 0</i>
                        <i>1 0 0 0 1 0 0 0 1 0 1.34 0</i>
                        <i>1 0 0 0 1 0 0 0 1 0 1.34 0</i>
                        <i>1 0 0 0 1 0 0 0 1 0 1.34 0</i>
                        <i>1 0 0 0 1 0 0 0 1 0 1.34 0</i>
                        <i>1 0 0 0 1 0 0 0 1 0 1.34 0</i>
                        <i>1 0 0 0 1 0 0 0 1 0 1.34 0</i>
                        <i>1 0 0 0 1 0 0 0 1 0 1.34 0</i>
                        <i>1 0 0 0 1 0 0 0 1 0 1.34 0</i>
                        <i>1 0 0 0 1 0 0 0 1 0 1.34 0</i>
                        <i>1 0 0 0 1 0 0 0 1 0 1.34 0</i>
                        <i>1 0 0 0 1 0 0 0 1 0 1.34 0</i>
                        <i>1 0 0 0 1 0 0 0 1 0 1.34 0</i>
                        <i>1 0 0 0 1 0 0 0 1 0 1.34 0</i>
                        <i>1 0 0 0 1 0 0 0 1 0 1.34 0</i>
                        <i>1 0 0 0 1 0 0 0 1 0 1.34 0</i>
                        <i>1 0 0 0 1 0 0 0 1 0 1.34 0</i>
                        <i>1 0 0 0 1 0 0 0 1 0 1.34 0</i>
                        <i>1 0 0 0 1 0 0 0 1 0 1.34 0</i>
                        <i>1 0 0 0 1 0 0 0 1 0 1.34 0</i>
                        <i>1 0 0 0 1 0 0 0 1 0 1.34 0</i>
                        <i>1 0 0 0 1 0 0 0 1 0 1.34 0</i>
                        <i>1 0 0 0 1 0 0 0 1 0 1.34 0</i>
                        <i>1 0 0 0 1 0 0 0 1 0 1.34 0</i>
                        <i>1 0 0 0 1 0 0 0 1 0 1.34 0</i>
                        <i>1 0 0 0 1 0 0 0 1 0 1.34 0</i>
                        <i>1 0 0 0 1 0 0 0 1 0 1.34 0</i>
                        <i>1 0 0 0 1 0 0 0 1 0 1.34 0</i>
                        <i>1 0 0 0 1 0 0 0 1 0 1.34 0</i>
                        <i>1 0 0 0 1 0 0 0 1 0 1.34 0</i>
                        <i>1 0 0 0 1 0 0 0 1 0 1.34 0</i>
                        <i>1 0 0 0 1 0 0 0 1 0 1.34 0</i>
                        <i>1 0 0 0 1 0 0 0 1 0 1.34 0</i>
                        <i>1 0 0 0 1 0 0 0 1 0 1.34 0</i>
                        <i>1 0 0 0 1 0 0 0 1 0 1.34 0</i>
                        <i>1 0 0 0 1 0 0 0 1 0 1.34 0</i>
                        <i>1 0 0 0 1 0 0 0 1 0 1.34 0</i>
                        <i>1 0 0 0 1 0 0 0 1 0 1.34 0</i>
                        <i>1 0 0 0 1 0 0 0 1 0 1.34 0</i>
                        <i>1 0 0 0 1 0 0 0 1 0 1.34 0</i>
                        <i>1 0 0 0 1 0 0 0 1 0 1.34 0</i>
                        <i>1 0 0 0 1 0 0 0 1 0 1.34 0</i>
                        <i>1 0 0 0 1 0 0 0 1 0 1.34 0</i>
                        <i>1 0 0 0 1 0 0 0 1 0 1.34 0</i>
                        <i>1 0 0 0 1 0 0 0 1 0 1.34 0</i>
                        <i>1 0 0 0 1 0 0 0 1 0 1.34 0</i>
                        <i>1 0 0 0 1 0 0 0 1 0 1.34 0</i>
                        <i>1 0 0 0 1 0 0 0 1 0 1.34 0</i>
                        <i>1 0 0 0 1 0 0 0 1 0 1.34 0</i>
                        <i>1 0 0 0 1 0 0 0 1 0 1.34 0</i>
                        <i>1 0 0 0 1 0 0 0 1 0 1.34 0</i>
                        <i>1 0 0 0 1 0 0 0 1 0 1.34 0</i>
                        <i>1 0 0 0 1 0 0 0 1 0 1.34 0</i>
                        <i>1 0 0 0 1 0 0 0 1 0 1.34 0</i>
                        <i>1 0 0 0 1 0 0 0 1 0 1.34 0</i>
                        <i>1 0 0 0 1 0 0 0 1 0 1.34 0</i>
                        <i>1 0 0 0 1 0 0 0 1 0 1.34 0</i>
                        <i>1 0 0 0 1 0 0 0 1 0 1.34 0</i>
                        <i>1 0 0 0 1 0 0 0 1 0 1.34 0</i>
                        <i>1 0 0 0 1 0 0 0 1 0 1.34 0</i>
                        <i>1 0 0 0 1 0 0 0 1 0 1.34 0</i>
                        <i>1 0 0 0 1 0 0 0 1 0 1.34 0</i>
                    </KeyFrames>
                </p>
            </i>
            <i>
                <p>
                    <Name>
                        <![CDATA[base]]>
</Name>
                    <Exclude>0</Exclude>
                    <Additive>0</Additive>
                    <IKPriority>0</IKPriority>
                    <IKRotLimits>-1e+010 -1e+010 -1e+010 1e+010 1e+010 1e+010</IKRotLimits>
                    <IKRotLimitOrder>0</IKRotLimitOrder>
                    <KeyFrames count="97">
                        <i>1 0 0 0 1 0 0 0 1 0 2.20561 0.00934092</i>
                        <i>1 0 0 0 1 0 0 0 1 0 2.20561 0.00934092</i>
                        <i>1 0 0 0 1 0 0 0 1 0 2.20561 0.00934092</i>
                        <i>1 0 0 0 1 0 0 0 1 0 2.20561 0.00934092</i>
                        <i>1 0 0 0 1 0 0 0 1 0 2.20561 0.00934092</i>
                        <i>1 0 0 0 1 0 0 0 1 0 2.20561 0.00934092</i>
                        <i>1 0 0 0 1 0 0 0 1 0 2.20561 0.00934092</i>
                        <i>1 0 0 0 1 0 0 0 1 0 2.20561 0.00934092</i>
                        <i>1 0 0 0 1 0 0 0 1 0 2.20561 0.00934092</i>
                        <i>1 0 0 0 1 0 0 0 1 0 2.20561 0.00934092</i>
                        <i>1 0 0 0 1 0 0 0 1 0 2.20561 0.00934092</i>
                        <i>1 0 0 0 1 0 0 0 1 0 2.20561 0.00934092</i>
                        <i>1 0 0 0 1 0 0 0 1 0 2.20561 0.00934092</i>
                        <i>1 0 0 0 1 0 0 0 1 0 2.20561 0.00934092</i>
                        <i>1 0 0 0 1 0 0 0 1 0 2.20561 0.00934092</i>
                        <i>1 0 0 0 1 0 0 0 1 0 2.20561 0.00934092</i>
                        <i>1 0 0 0 1 0 0 0 1 0 2.20561 0.00934092</i>
                        <i>1 0 0 0 1 0 0 0 1 0 2.20561 0.00934092</i>
                        <i>1 0 0 0 1 0 0 0 1 0 2.20561 0.00934092</i>
                        <i>1 0 0 0 1 0 0 0 1 0 2.20561 0.00934092</i>
                        <i>1 0 0 0 1 0 0 0 1 0 2.20561 0.00934092</i>
                        <i>1 0 0 0 1 0 0 0 1 0 2.20561 0.00934092</i>
                        <i>1 0 0 0 1 0 0 0 1 0 2.20561 0.00934092</i>
                        <i>1 0 0 0 1 0 0 0 1 0 2.20561 0.00934092</i>
                        <i>1 0 0 0 1 0 0 0 1 0 2.20561 0.00934092</i>
                        <i>1 0 0 0 1 0 0 0 1 0 2.20561 0.00934092</i>
                        <i>1 0 0 0 1 0 0 0 1 0 2.20561 0.00934092</i>
                        <i>1 0 0 0 1 0 0 0 1 0 2.20561 0.00934092</i>
                        <i>1 0 0 0 1 0 0 0 1 0 2.20561 0.00934092</i>
                        <i>1 0 0 0 1 0 0 0 1 0 2.20561 0.00934092</i>
                        <i>1 0 0 0 1 0 0 0 1 0 2.20561 0.00934092</i>
                        <i>1 0 0 0 1 0 0 0 1 0 2.20561 0.00934092</i>
                        <i>1 0 0 0 1 0 0 0 1 0 2.20561 0.00934092</i>
                        <i>1 0 0 0 1 0 0 0 1 0 2.20561 0.00934092</i>
                        <i>1 0 0 0 1 0 0 0 1 0 2.20561 0.00934092</i>
                        <i>1 0 0 0 1 0 0 0 1 0 2.20561 0.00934092</i>
                        <i>1 0 0 0 1 0 0 0 1 0 2.20561 0.00934092</i>
                        <i>1 0 0 0 1 0 0 0 1 0 2.20561 0.00934092</i>
                        <i>1 0 0 0 1 0 0 0 1 0 2.20561 0.00934092</i>
                        <i>1 0 0 0 1 0 0 0 1 0 2.20561 0.00934092</i>
                        <i>1 0 0 0 1 0 0 0 1 0 2.20561 0.00934092</i>
                        <i>1 0 0 0 1 0 0 0 1 0 2.20561 0.00934092</i>
                        <i>1 0 0 0 1 0 0 0 1 0 2.20561 0.00934092</i>
                        <i>1 0 0 0 1 0 0 0 1 0 2.20561 0.00934092</i>
                        <i>1 0 0 0 1 0 0 0 1 0 2.20561 0.00934092</i>
                        <i>1 0 0 0 1 0 0 0 1 0 2.20561 0.00934092</i>
                        <i>1 0 0 0 1 0 0 0 1 0 2.20561 0.00934092</i>
                        <i>1 0 0 0 1 0 0 0 1 0 2.20561 0.00934092</i>
                        <i>1 0 0 0 1 0 0 0 1 0 2.20561 0.00934092</i>
                        <i>1 0 0 0 1 0 0 0 1 0 2.20561 0.00934092</i>
                        <i>1 0 0 0 1 0 0 0 1 0 2.20561 0.00934092</i>
                        <i>1 0 0 0 1 0 0 0 1 0 2.20561 0.00934092</i>
                        <i>1 0 0 0 1 0 0 0 1 0 2.20561 0.00934092</i>
                        <i>1 0 0 0 1 0 0 0 1 0 2.20561 0.00934092</i>
                        <i>1 0 0 0 1 0 0 0 1 0 2.20561 0.00934092</i>
                        <i>1 0 0 0 1 0 0 0 1 0 2.20561 0.00934092</i>
                        <i>1 0 0 0 1 0 0 0 1 0 2.20561 0.00934092</i>
                        <i>1 0 0 0 1 0 0 0 1 0 2.20561 0.00934092</i>
                        <i>1 0 0 0 1 0 0 0 1 0 2.20561 0.00934092</i>
                        <i>1 0 0 0 1 0 0 0 1 0 2.20561 0.00934092</i>
                        <i>1 0 0 0 1 0 0 0 1 0 2.20561 0.00934092</i>
                        <i>1 0 0 0 1 0 0 0 1 0 2.20561 0.00934092</i>
                        <i>1 0 0 0 1 0 0 0 1 0 2.20561 0.00934092</i>
                        <i>1 0 0 0 1 0 0 0 1 0 2.20561 0.00934092</i>
                        <i>1 0 0 0 1 0 0 0 1 0 2.20561 0.00934092</i>
                        <i>1 0 0 0 1 0 0 0 1 0 2.20561 0.00934092</i>
                        <i>1 0 0 0 1 0 0 0 1 0 2.20561 0.00934092</i>
                        <i>1 0 0 0 1 0 0 0 1 0 2.20561 0.00934092</i>
                        <i>1 0 0 0 1 0 0 0 1 0 2.20561 0.00934092</i>
                        <i>1 0 0 0 1 0 0 0 1 0 2.20561 0.00934092</i>
                        <i>1 0 0 0 1 0 0 0 1 0 2.20561 0.00934092</i>
                        <i>1 0 0 0 1 0 0 0 1 0 2.20561 0.00934092</i>
                        <i>1 0 0 0 1 0 0 0 1 0 2.20561 0.00934092</i>
                        <i>1 0 0 0 1 0 0 0 1 0 2.20561 0.00934092</i>
                        <i>1 0 0 0 1 0 0 0 1 0 2.20561 0.00934092</i>
                        <i>1 0 0 0 1 0 0 0 1 0 2.20561 0.00934092</i>
                        <i>1 0 0 0 1 0 0 0 1 0 2.20561 0.00934092</i>
                        <i>1 0 0 0 1 0 0 0 1 0 2.20561 0.00934092</i>
                        <i>1 0 0 0 1 0 0 0 1 0 2.20561 0.00934092</i>
                        <i>1 0 0 0 1 0 0 0 1 0 2.20561 0.00934092</i>
                        <i>1 0 0 0 1 0 0 0 1 0 2.20561 0.00934092</i>
                        <i>1 0 0 0 1 0 0 0 1 0 2.20561 0.00934092</i>
                        <i>1 0 0 0 1 0 0 0 1 0 2.20561 0.00934092</i>
                        <i>1 0 0 0 1 0 0 0 1 0 2.20561 0.00934092</i>
                        <i>1 0 0 0 1 0 0 0 1 0 2.20561 0.00934092</i>
                        <i>1 0 0 0 1 0 0 0 1 0 2.20561 0.00934092</i>
                        <i>1 0 0 0 1 0 0 0 1 0 2.20561 0.00934092</i>
                        <i>1 0 0 0 1 0 0 0 1 0 2.20561 0.00934092</i>
                        <i>1 0 0 0 1 0 0 0 1 0 2.20561 0.00934092</i>
                        <i>1 0 0 0 1 0 0 0 1 0 2.20561 0.00934092</i>
                        <i>1 0 0 0 1 0 0 0 1 0 2.20561 0.00934092</i>
                        <i>1 0 0 0 1 0 0 0 1 0 2.20561 0.00934092</i>
                        <i>1 0 0 0 1 0 0 0 1 0 2.20561 0.00934092</i>
                        <i>1 0 0 0 1 0 0 0 1 0 2.20561 0.00934092</i>
                        <i>1 0 0 0 1 0 0 0 1 0 2.20561 0.00934092</i>
                        <i>1 0 0 0 1 0 0 0 1 0 2.20561 0.00934092</i>
                        <i>1 0 0 0 1 0 0 0 1 0 2.20561 0.00934092</i>
                    </KeyFrames>
                </p>
            </i>
            <i>
                <p>
                    <Name>
                        <![CDATA[yaw]]>
</Name>
                    <Exclude>0</Exclude>
                    <Additive>0</Additive>
                    <IKPriority>0</IKPriority>
                    <IKRotLimits>-1e+010 -1e+010 -1e+010 1e+010 1e+010 1e+010</IKRotLimits>
                    <IKRotLimitOrder>0</IKRotLimitOrder>
                    <KeyFrames count="97">
                        <i>0.998833 0 0.0483014 0 1 0 -0.0483014 0 0.998833 0 2.58679 0.00505297</i>
                        <i>0.998841 0 0.0481292 0 1 0 -0.0481292 0 0.998841 0 2.58679 0.00505297</i>
                        <i>0.998865 0 0.0476221 0 1 0 -0.0476221 0 0.998865 0 2.58679 0.00505297</i>
                        <i>0.998905 0 0.0467948 0 1 0 -0.0467948 0 0.998905 0 2.58679 0.00505297</i>
                        <i>0.998957 0 0.0456617 0 1 0 -0.0456617 0 0.998957 0 2.58679 0.00505297</i>
                        <i>0.999021 0 0.0442374 0 1 0 -0.0442374 0 0.999021 0 2.58679 0.00505297</i>
                        <i>0.999095 0 0.0425364 0 1 0 -0.0425364 0 0.999095 0 2.58679 0.00505297</i>
                        <i>0.999177 0 0.0405731 0 1 0 -0.0405731 0 0.999177 0 2.58679 0.00505297</i>
                        <i>0.999264 0 0.0383622 0 1 0 -0.0383622 0 0.999264 0 2.58679 0.00505297</i>
                        <i>0.999355 0 0.035918 0 1 0 -0.035918 0 0.999355 0 2.58679 0.00505297</i>
                        <i>0.999447 0 0.0332551 0 1 0 -0.0332551 0 0.999447 0 2.58679 0.00505297</i>
                        <i>0.999538 0 0.030388 0 1 0 -0.030388 0 0.999538 0 2.58679 0.00505297</i>
                        <i>0.999626 0 0.0273314 0 1 0 -0.0273314 0 0.999626 0 2.58679 0.00505297</i>
                        <i>0.99971 0 0.0240996 0 1 0 -0.0240996 0 0.99971 0 2.58679 0.00505297</i>
                        <i>0.999786 0 0.0207073 0 1 0 -0.0207073 0 0.999786 0 2.58679 0.00505297</i>
                        <i>0.999853 0 0.0171691 0 1 0 -0.0171691 0 0.999853 0 2.58679 0.00505297</i>
                        <i>0.999909 0 0.0134995 0 1 0 -0.0134995 0 0.999909 0 2.58679 0.00505297</i>
                        <i>0.999953 0 0.00971313 0 1 0 -0.00971313 0 0.999953 0 2.58679 0.00505297</i>
                        <i>0.999983 0 0.00582462 0 1 0 -0.00582462 0 0.999983 0 2.58679 0.00505297</i>
                        <i>0.999998 0 0.00184859 0 1 0 -0.00184859 0 0.999998 0 2.58679 0.00505297</i>
                        <i>0.999998 0 -0.00220035 0 1 0 0.00220035 0 0.999998 0 2.58679 0.00505297</i>
                        <i>0.99998 0 -0.00630753 0 1 0 0.00630753 0 0.99998 0 2.58679 0.00505297</i>
                        <i>0.999945 0 -0.0104583 0 1 0 0.0104583 0 0.999945 0 2.58679 0.00505297</i>
                        <i>0.999893 0 -0.0146381 0 1 0 0.0146381 0 0.999893 0 2.58679 0.00505297</i>
                        <i>0.999823 0 -0.0188322 0 1 0 0.0188322 0 0.999823 0 2.58679 0.00505297</i>
                        <i>0.999735 0 -0.0230259 0 1 0 0.0230259 0 0.999735 0 2.58679 0.00505297</i>
                        <i>0.99963 0 -0.0272047 0 1 0 0.0272047 0 0.99963 0 2.58679 0.00505297</i>
                        <i>0.999508 0 -0.0313538 0 1 0 0.0313538 0 0.999508 0 2.58679 0.00505297</i>
                        <i>0.999371 0 -0.0354588 0 1 0 0.0354588 0 0.999371 0 2.58679 0.00505297</i>
                        <i>0.999219 0 -0.0395049 0 1 0 0.0395049 0 0.999219 0 2.58679 0.00505297</i>
                        <i>0.999054 0 -0.0434775 0 1 0 0.0434775 0 0.999054 0 2.58679 0.00505297</i>
                        <i>0.998878 0 -0.0473621 0 1 0 0.0473621 0 0.998878 0 2.58679 0.00505297</i>
                        <i>0.998691 0 -0.0511441 0 1 0 0.0511441 0 0.998691 0 2.58679 0.00505297</i>
                        <i>0.998497 0 -0.054809 0 1 0 0.054809 0 0.998497 0 2.58679 0.00505297</i>
                        <i>0.998297 0 -0.0583422 0 1 0 0.0583422 0 0.998297 0 2.58679 0.00505297</i>
                        <i>0.998093 0 -0.0617292 0 1 0 0.0617292 0 0.998093 0 2.58679 0.00505297</i>
                        <i>0.997888 0 -0.0649556 0 1 0 0.0649556 0 0.997888 0 2.58679 0.00505297</i>
                        <i>0.997685 0 -0.0680067 0 1 0 0.0680067 0 0.997685 0 2.58679 0.00505297</i>
                        <i>0.997486 0 -0.0708683 0 1 0 0.0708683 0 0.997486 0 2.58679 0.00505297</i>
                        <i>0.997293 0 -0.0735258 0 1 0 0.0735258 0 0.997293 0 2.58679 0.00505297</i>
                        <i>0.99711 0 -0.0759649 0 1 0 0.0759649 0 0.99711 0 2.58679 0.00505297</i>
                        <i>0.99694 0 -0.078171 0 1 0 0.078171 0 0.99694 0 2.58679 0.00505297</i>
                        <i>0.996784 0 -0.0801298 0 1 0 0.0801298 0 0.996784 0 2.58679 0.00505297</i>
                        <i>0.996647 0 -0.0818268 0 1 0 0.0818268 0 0.996647 0 2.58679 0.00505297</i>
                        <i>0.996529 0 -0.0832477 0 1 0 0.0832477 0 0.996529 0 2.58679 0.00505297</i>
                        <i>0.996434 0 -0.084378 0 1 0 0.084378 0 0.996434 0 2.58679 0.00505297</i>
                        <i>0.996364 0 -0.0852033 0 1 0 0.0852033 0 0.996364 0 2.58679 0.00505297</i>
                        <i>0.99632 0 -0.0857091 0 1 0 0.0857091 0 0.99632 0 2.58679 0.00505297</i>
                        <i>0.996305 0 -0.0858809 0 1 0 0.0858809 0 0.996305 0 2.58679 0.00505297</i>
                        <i>0.99632 0 -0.0857091 0 1 0 0.0857091 0 0.99632 0 2.58679 0.00505297</i>
                        <i>0.996364 0 -0.0852033 0 1 0 0.0852033 0 0.996364 0 2.58679 0.00505297</i>
                        <i>0.996434 0 -0.084378 0 1 0 0.084378 0 0.996434 0 2.58679 0.00505297</i>
                        <i>0.996529 0 -0.0832477 0 1 0 0.0832477 0 0.996529 0 2.58679 0.00505297</i>
                        <i>0.996647 0 -0.0818269 0 1 0 0.0818269 0 0.996647 0 2.58679 0.00505297</i>
                        <i>0.996784 0 -0.0801298 0 1 0 0.0801298 0 0.996784 0 2.58679 0.00505297</i>
                        <i>0.99694 0 -0.078171 0 1 0 0.078171 0 0.99694 0 2.58679 0.00505297</i>
                        <i>0.99711 0 -0.0759649 0 1 0 0.0759649 0 0.99711 0 2.58679 0.00505297</i>
                        <i>0.997293 0 -0.0735259 0 1 0 0.0735259 0 0.997293 0 2.58679 0.00505297</i>
                        <i>0.997486 0 -0.0708683 0 1 0 0.0708683 0 0.997486 0 2.58679 0.00505297</i>
                        <i>0.997685 0 -0.0680067 0 1 0 0.0680067 0 0.997685 0 2.58679 0.00505297</i>
                        <i>0.997888 0 -0.0649556 0 1 0 0.0649556 0 0.997888 0 2.58679 0.00505297</i>
                        <i>0.998093 0 -0.0617292 0 1 0 0.0617292 0 0.998093 0 2.58679 0.00505297</i>
                        <i>0.998297 0 -0.0583422 0 1 0 0.0583422 0 0.998297 0 2.58679 0.00505297</i>
                        <i>0.998497 0 -0.054809 0 1 0 0.054809 0 0.998497 0 2.58679 0.00505297</i>
                        <i>0.998691 0 -0.0511441 0 1 0 0.0511441 0 0.998691 0 2.58679 0.00505297</i>
                        <i>0.998878 0 -0.0473621 0 1 0 0.0473621 0 0.998878 0 2.58679 0.00505297</i>
                        <i>0.999054 0 -0.0434775 0 1 0 0.0434775 0 0.999054 0 2.58679 0.00505297</i>
                        <i>0.999219 0 -0.0395049 0 1 0 0.0395049 0 0.999219 0 2.58679 0.00505297</i>
                        <i>0.999371 0 -0.0354588 0 1 0 0.0354588 0 0.999371 0 2.58679 0.00505297</i>
                        <i>0.999508 0 -0.0313539 0 1 0 0.0313539 0 0.999508 0 2.58679 0.00505297</i>
                        <i>0.99963 0 -0.0272047 0 1 0 0.0272047 0 0.99963 0 2.58679 0.00505297</i>
                        <i>0.999735 0 -0.0230259 0 1 0 0.0230259 0 0.999735 0 2.58679 0.00505297</i>
                        <i>0.999823 0 -0.0188322 0 1 0 0.0188322 0 0.999823 0 2.58679 0.00505297</i>
                        <i>0.999893 0 -0.0146381 0 1 0 0.0146381 0 0.999893 0 2.58679 0.00505297</i>
                        <i>0.999945 0 -0.0104583 0 1 0 0.0104583 0 0.999945 0 2.58679 0.00505297</i>
                        <i>0.99998 0 -0.00630754 0 1 0 0.00630754 0 0.99998 0 2.58679 0.00505297</i>
                        <i>0.999998 0 -0.00220036 0 1 0 0.00220036 0 0.999998 0 2.58679 0.00505297</i>
                        <i>0.999998 0 0.00184857 0 1 0 -0.00184857 0 0.999998 0 2.58679 0.00505297</i>
                        <i>0.999983 0 0.0058246 0 1 0 -0.0058246 0 0.999983 0 2.58679 0.00505297</i>
                        <i>0.999953 0 0.00971314 0 1 0 -0.00971314 0 0.999953 0 2.58679 0.00505297</i>
                        <i>0.999909 0 0.0134995 0 1 0 -0.0134995 0 0.999909 0 2.58679 0.00505297</i>
                        <i>0.999853 0 0.0171691 0 1 0 -0.0171691 0 0.999853 0 2.58679 0.00505297</i>
                        <i>0.999786 0 0.0207073 0 1 0 -0.0207073 0 0.999786 0 2.58679 0.00505297</i>
                        <i>0.99971 0 0.0240996 0 1 0 -0.0240996 0 0.99971 0 2.58679 0.00505297</i>
                        <i>0.999626 0 0.0273314 0 1 0 -0.0273314 0 0.999626 0 2.58679 0.00505297</i>
                        <i>0.999538 0 0.030388 0 1 0 -0.030388 0 0.999538 0 2.58679 0.00505297</i>
                        <i>0.999447 0 0.0332551 0 1 0 -0.0332551 0 0.999447 0 2.58679 0.00505297</i>
                        <i>0.999355 0 0.035918 0 1 0 -0.035918 0 0.999355 0 2.58679 0.00505297</i>
                        <i>0.999264 0 0.0383622 0 1 0 -0.0383622 0 0.999264 0 2.58679 0.00505297</i>
                        <i>0.999177 0 0.0405731 0 1 0 -0.0405731 0 0.999177 0 2.58679 0.00505297</i>
                        <i>0.999095 0 0.0425364 0 1 0 -0.0425364 0 0.999095 0 2.58679 0.00505297</i>
                        <i>0.999021 0 0.0442374 0 1 0 -0.0442374 0 0.999021 0 2.58679 0.00505297</i>
                        <i>0.998957 0 0.0456617 0 1 0 -0.0456617 0 0.998957 0 2.58679 0.00505297</i>
                        <i>0.998905 0 0.0467948 0 1 0 -0.0467948 0 0.998905 0 2.58679 0.00505297</i>
                        <i>0.998865 0 0.0476221 0 1 0 -0.0476221 0 0.998865 0 2.58679 0.00505297</i>
                        <i>0.998841 0 0.0481292 0 1 0 -0.0481292 0 0.998841 0 2.58679 0.00505297</i>
                        <i>0.998833 0 0.0483014 0 1 0 -0.0483014 0 0.998833 0 2.58679 0.00505297</i>
                    </KeyFrames>
                </p>
            </i>
            <i>
                <p>
                    <Name>
                        <![CDATA[pitch]]>
</Name>
                    <Exclude>0</Exclude>
                    <Additive>0</Additive>
                    <IKPriority>0</IKPriority>
                    <IKRotLimits>-1e+010 -1e+010 -1e+010 1e+010 1e+010 1e+010</IKRotLimits>
                    <IKRotLimitOrder>0</IKRotLimitOrder>
                    <KeyFrames count="97">
                        <i>0.998833 0 0.0483014 0.0336492 0.717411 -0.695837 -0.034652 0.69665 0.716574 0.000405173 5.18428 -0.00332566</i>
                        <i>0.998841 0 0.0481292 0.0334637 0.718731 -0.694483 -0.0345919 0.695288 0.717898 0.000403728 5.18428 -0.00332573</i>
                        <i>0.998865 0 0.0476221 0.0330416 0.72014 -0.693041 -0.0342946 0.693828 0.719323 0.000399475 5.18428 -0.00332594</i>
                        <i>0.998905 0 0.0467948 0.0323953 0.721626 -0.691525 -0.0337683 0.692283 0.720835 0.000392535 5.18428 -0.00332627</i>
                        <i>0.998957 0 0.0456617 0.031537 0.723174 -0.689946 -0.0330214 0.690666 0.722419 0.00038303 5.18428 -0.00332671</i>
                        <i>0.999021 0 0.0442374 0.0304792 0.72477 -0.688316 -0.032062 0.688991 0.724061 0.000371082 5.18428 -0.00332724</i>
                        <i>0.999095 0 0.0425364 0.029234 0.726402 -0.686648 -0.0308985 0.68727 0.725745 0.000356813 5.18428 -0.00332786</i>
                        <i>0.999177 0 0.0405731 0.0278136 0.728056 -0.684953 -0.0295395 0.685518 0.727456 0.000340345 5.18428 -0.00332855</i>
                        <i>0.999264 0 0.0383622 0.02623 0.729718 -0.683244 -0.0279936 0.683748 0.729181 0.000321798 5.18428 -0.00332928</i>
                        <i>0.999355 0 0.035918 0.0244951 0.731377 -0.681534 -0.0262696 0.681974 0.730905 0.000301295 5.18428 -0.00333004</i>
                        <i>0.999447 0 0.0332551 0.0226204 0.733018 -0.679833 -0.0243766 0.68021 0.732612 0.000278958 5.18428 -0.00333082</i>
                        <i>0.999538 0 0.030388 0.0206174 0.734629 -0.678156 -0.0223239 0.678469 0.734289 0.000254908 5.18428 -0.00333158</i>
                        <i>0.999626 0 0.0273314 0.018497 0.736197 -0.676515 -0.0201213 0.676767 0.735922 0.000229267 5.18428 -0.00333232</i>
                        <i>0.99971 0 0.0240996 0.0162701 0.73771 -0.674922 -0.0177785 0.675118 0.737496 0.000202158 5.18428 -0.00333302</i>
                        <i>0.999786 0 0.0207073 0.0139471 0.739155 -0.673391 -0.0153059 0.673535 0.738997 0.000173702 5.18428 -0.00333366</i>
                        <i>0.999853 0 0.0171691 0.0115382 0.740521 -0.671934 -0.0127141 0.672033 0.740412 0.000144022 5.18428 -0.00333422</i>
                        <i>0.999909 0 0.0134995 0.00905313 0.741794 -0.670567 -0.0100138 0.670628 0.741726 0.000113239 5.18428 -0.00333469</i>
                        <i>0.999953 0 0.00971313 0.00650132 0.742963 -0.669301 -0.00721649 0.669333 0.742928 8.14778e-005 5.18428 -0.00333506</i>
                        <i>0.999983 0 0.00582462 0.00389179 0.744015 -0.668151 -0.0043336 0.668163 0.744002 4.88594e-005 5.18428 -0.00333531</i>
                        <i>0.999998 0 0.00184859 0.00123325 0.744939 -0.667132 -0.00137708 0.667133 0.744938 1.55067e-005 5.18428 -0.00333544</i>
                        <i>0.999998 0 -0.00220035 -0.001466 0.745722 -0.666256 0.00164085 0.666257 0.74572 -1.84574e-005 5.18428 -0.00333543</i>
                        <i>0.99998 0 -0.00630753 -0.00419798 0.746352 -0.665538 0.00470764 0.665551 0.746337 -5.29102e-005 5.18428 -0.00333529</i>
                        <i>0.999945 0 -0.0104583 -0.00695509 0.746818 -0.664992 0.00781047 0.665029 0.746777 -8.77289e-005 5.18428 -0.003335</i>
                        <i>0.999893 0 -0.0146381 -0.00973001 0.747106 -0.664633 0.0109362 0.664705 0.747026 -0.00012279 5.18428 -0.00333456</i>
                        <i>0.999823 0 -0.0188322 -0.0125157 0.747205 -0.664476 0.0140715 0.664594 0.747073 -0.000157972 5.18428 -0.00333397</i>
                        <i>0.999735 0 -0.0230259 -0.0153045 0.747142 -0.664488 0.0172036 0.664664 0.746944 -0.000193151 5.18428 -0.00333323</i>
                        <i>0.99963 0 -0.0272047 -0.0180876 0.746958 -0.664625 0.0203207 0.664872 0.746681 -0.000228204 5.18428 -0.00333235</i>
                        <i>0.999508 0 -0.0313538 -0.0208569 0.746656 -0.664883 0.0234105 0.66521 0.746289 -0.000263009 5.18428 -0.00333133</i>
                        <i>0.999371 0 -0.0354588 -0.023604 0.746243 -0.665255 0.0264609 0.665674 0.745774 -0.000297443 5.18428 -0.00333018</i>
                        <i>0.999219 0 -0.0395049 -0.0263203 0.745723 -0.665736 0.0294597 0.666256 0.745141 -0.000331383 5.18428 -0.00332891</i>
                        <i>0.999054 0 -0.0434775 -0.0289973 0.745102 -0.66632 0.0323952 0.66695 0.744398 -0.000364708 5.18428 -0.00332752</i>
                        <i>0.998878 0 -0.0473621 -0.0316261 0.744384 -0.667002 0.0352556 0.667751 0.743549 -0.000397293 5.18428 -0.00332604</i>
                        <i>0.998691 0 -0.0511441 -0.0341976 0.743575 -0.667777 0.0380295 0.668652 0.742602 -0.000429019 5.18428 -0.00332448</i>
                        <i>0.998497 0 -0.054809 -0.0367027 0.742679 -0.66864 0.0407055 0.669647 0.741563 -0.000459761 5.18428 -0.00332285</i>
                        <i>0.998297 0 -0.0583422 -0.0391318 0.741702 -0.669587 0.0432725 0.670729 0.740439 -0.000489399 5.18428 -0.00332117</i>
                        <i>0.998093 0 -0.0617292 -0.0414754 0.740648 -0.670612 0.0457196 0.671893 0.739236 -0.000517811 5.18428 -0.00331946</i>
                        <i>0.997888 0 -0.0649556 -0.0437237 0.739523 -0.67171 0.0480361 0.673132 0.737961 -0.000544875 5.18428 -0.00331774</i>
                        <i>0.997685 0 -0.0680067 -0.0458664 0.73833 -0.672878 0.0502114 0.674439 0.736621 -0.000570469 5.18428 -0.00331603</i>
                        <i>0.997486 0 -0.0708683 -0.0478935 0.737077 -0.67411 0.0522354 0.675809 0.735223 -0.000594473 5.18428 -0.00331436</i>
                        <i>0.997293 0 -0.0735258 -0.0497943 0.735766 -0.675403 0.0540978 0.677236 0.733775 -0.000616766 5.18428 -0.00331275</i>
                        <i>0.99711 0 -0.0759649 -0.0515583 0.734404 -0.676751 0.0557889 0.678712 0.732282 -0.000637226 5.18428 -0.00331122</i>
                        <i>0.99694 0 -0.078171 -0.0531745 0.732996 -0.678151 0.057299 0.680233 0.730753 -0.000655731 5.18428 -0.00330979</i>
                        <i>0.996784 0 -0.0801298 -0.0546318 0.731547 -0.679599 0.0586187 0.681791 0.729194 -0.000672163 5.18428 -0.00330848</i>
                        <i>0.996647 0 -0.0818268 -0.055919 0.730061 -0.68109 0.0597386 0.683382 0.727613 -0.000686398 5.18428 -0.00330733</i>
                        <i>0.996529 0 -0.0832477 -0.0570245 0.728545 -0.68262 0.0606497 0.684998 0.726016 -0.000698317 5.18428 -0.00330634</i>
                        <i>0.996434 0 -0.084378 -0.0579368 0.727003 -0.684185 0.0613431 0.686634 0.724411 -0.000707799 5.18428 -0.00330554</i>
                        <i>0.996364 0 -0.0852033 -0.0586441 0.725441 -0.685781 0.06181 0.688284 0.722803 -0.000714721 5.18428 -0.00330495</i>
                        <i>0.99632 0 -0.0857091 -0.0591343 0.723865 -0.687403 0.0620418 0.689942 0.721201 -0.000718964 5.18428 -0.00330459</i>
                        <i>0.996305 0 -0.0858809 -0.0593954 0.722279 -0.689047 0.06203 0.691602 0.71961 -0.000720405 5.18428 -0.00330446</i>
                        <i>0.99632 0 -0.0857091 -0.0594185 0.720689 -0.690707 0.0617696 0.693258 0.718037 -0.000718964 5.18428 -0.00330459</i>
                        <i>0.996364 0 -0.0852033 -0.0592082 0.719101 -0.692378 0.0612698 0.694905 0.716486 -0.000714721 5.18428 -0.00330495</i>
                        <i>0.996434 0 -0.084378 -0.0587724 0.717521 -0.694053 0.060543 0.696537 0.714962 -0.000707799 5.18428 -0.00330554</i>
                        <i>0.996529 0 -0.0832477 -0.0581193 0.715953 -0.695725 0.0596015 0.698148 0.713468 -0.000698317 5.18428 -0.00330634</i>
                        <i>0.996647 0 -0.0818269 -0.057257 0.714404 -0.697387 0.0584574 0.699733 0.712008 -0.000686398 5.18428 -0.00330733</i>
                        <i>0.996784 0 -0.0801298 -0.0561939 0.71288 -0.699031 0.0571229 0.701286 0.710587 -0.000672163 5.18428 -0.00330848</i>
                        <i>0.99694 0 -0.078171 -0.0549387 0.711385 -0.700652 0.0556097 0.702802 0.709209 -0.000655731 5.18428 -0.00330979</i>
                        <i>0.99711 0 -0.0759649 -0.0535002 0.709927 -0.70224 0.0539295 0.704275 0.707876 -0.000637226 5.18428 -0.00331122</i>
                        <i>0.997293 0 -0.0735259 -0.0518872 0.708511 -0.703789 0.0520939 0.7057 0.706594 -0.000616766 5.18428 -0.00331275</i>
                        <i>0.997486 0 -0.0708683 -0.0501089 0.707143 -0.705293 0.050114 0.707071 0.705365 -0.000594474 5.18428 -0.00331436</i>
                        <i>0.997685 0 -0.0680067 -0.0481748 0.705829 -0.706743 0.0480011 0.708383 0.704195 -0.000570469 5.18428 -0.00331603</i>
                        <i>0.997888 0 -0.0649556 -0.0460944 0.704574 -0.708132 0.045766 0.70963 0.703086 -0.000544875 5.18428 -0.00331774</i>
                        <i>0.998093 0 -0.0617292 -0.0438777 0.703385 -0.709453 0.0434194 0.710809 0.702044 -0.000517811 5.18428 -0.00331946</i>
                        <i>0.998297 0 -0.0583422 -0.0415345 0.702269 -0.710699 0.0409719 0.711912 0.701072 -0.000489399 5.18428 -0.00332117</i>
                        <i>0.998497 0 -0.054809 -0.0390753 0.70123 -0.711864 0.0384337 0.712936 0.700176 -0.000459761 5.18428 -0.00332285</i>
                        <i>0.998691 0 -0.0511441 -0.0365104 0.700275 -0.712939 0.0358149 0.713874 0.699358 -0.000429019 5.18428 -0.00332448</i>
                        <i>0.998878 0 -0.0473621 -0.0338507 0.69941 -0.713919 0.0331255 0.714721 0.698625 -0.000397293 5.18428 -0.00332604</i>
                        <i>0.999054 0 -0.0434775 -0.031107 0.69864 -0.714796 0.0303751 0.715473 0.69798 -0.000364708 5.18428 -0.00332752</i>
                        <i>0.999219 0 -0.0395049 -0.0282904 0.697973 -0.715565 0.0275733 0.716124 0.697429 -0.000331384 5.18428 -0.00332891</i>
                        <i>0.999371 0 -0.0354588 -0.0254122 0.697414 -0.716217 0.0247295 0.716668 0.696976 -0.000297443 5.18428 -0.00333018</i>
                        <i>0.999508 0 -0.0313539 -0.0224839 0.696969 -0.716748 0.0218527 0.717101 0.696627 -0.000263009 5.18428 -0.00333133</i>
                        <i>0.99963 0 -0.0272047 -0.0195171 0.696644 -0.717151 0.018952 0.717417 0.696386 -0.000228205 5.18428 -0.00333235</i>
