<?xml version="1.0" encoding="ISO-8859-1" ?>
<Animl Version="1">
    <ModellingPackage><![CDATA[Maya.2010]]></ModellingPackage>
    <SrcFile><![CDATA[anims\turrets\antiair\blue\~src\aa_bofors\aa_bofors_reload_high.mb]]></SrcFile>
    <FramesPerSecond>30</FramesPerSecond>
    <TotalFrames>97</TotalFrames>
    <Skeleton>
        <RefFrame>
            <Name><![CDATA[aa_bofors_ref_frame]]></Name>
            <Exclude>0</Exclude>
            <Additive>0</Additive>
            <IKPriority>0</IKPriority>
            <IKRotLimits>-1e+010 -1e+010 -1e+010 1e+010 1e+010 1e+010</IKRotLimits>
            <IKRotLimitOrder>0</IKRotLimitOrder>
            <KeyFrames count="97">
                <i>1 0 0 0 1 0 0 0 1 0 1.34 0</i>
                <i>1 0 0 0 1 0 0 0 1 0 1.34 0</i>
                <i>1 0 0 0 1 0 0 0 1 0 1.34 0</i>
                <i>1 0 0 0 1 0 0 0 1 0 1.34 0</i>
                <i>1 0 0 0 1 0 0 0 1 0 1.34 0</i>
                <i>1 0 0 0 1 0 0 0 1 0 1.34 0</i>
                <i>1 0 0 0 1 0 0 0 1 0 1.34 0</i>
                <i>1 0 0 0 1 0 0 0 1 0 1.34 0</i>
                <i>1 0 0 0 1 0 0 0 1 0 1.34 0</i>
                <i>1 0 0 0 1 0 0 0 1 0 1.34 0</i>
                <i>1 0 0 0 1 0 0 0 1 0 1.34 0</i>
                <i>1 0 0 0 1 0 0 0 1 0 1.34 0</i>
                <i>1 0 0 0 1 0 0 0 1 0 1.34 0</i>
                <i>1 0 0 0 1 0 0 0 1 0 1.34 0</i>
                <i>1 0 0 0 1 0 0 0 1 0 1.34 0</i>
                <i>1 0 0 0 1 0 0 0 1 0 1.34 0</i>
                <i>1 0 0 0 1 0 0 0 1 0 1.34 0</i>
                <i>1 0 0 0 1 0 0 0 1 0 1.34 0</i>
                <i>1 0 0 0 1 0 0 0 1 0 1.34 0</i>
                <i>1 0 0 0 1 0 0 0 1 0 1.34 0</i>
                <i>1 0 0 0 1 0 0 0 1 0 1.34 0</i>
                <i>1 0 0 0 1 0 0 0 1 0 1.34 0</i>
                <i>1 0 0 0 1 0 0 0 1 0 1.34 0</i>
                <i>1 0 0 0 1 0 0 0 1 0 1.34 0</i>
                <i>1 0 0 0 1 0 0 0 1 0 1.34 0</i>
                <i>1 0 0 0 1 0 0 0 1 0 1.34 0</i>
                <i>1 0 0 0 1 0 0 0 1 0 1.34 0</i>
                <i>1 0 0 0 1 0 0 0 1 0 1.34 0</i>
                <i>1 0 0 0 1 0 0 0 1 0 1.34 0</i>
                <i>1 0 0 0 1 0 0 0 1 0 1.34 0</i>
                <i>1 0 0 0 1 0 0 0 1 0 1.34 0</i>
                <i>1 0 0 0 1 0 0 0 1 0 1.34 0</i>
                <i>1 0 0 0 1 0 0 0 1 0 1.34 0</i>
                <i>1 0 0 0 1 0 0 0 1 0 1.34 0</i>
                <i>1 0 0 0 1 0 0 0 1 0 1.34 0</i>
                <i>1 0 0 0 1 0 0 0 1 0 1.34 0</i>
                <i>1 0 0 0 1 0 0 0 1 0 1.34 0</i>
                <i>1 0 0 0 1 0 0 0 1 0 1.34 0</i>
                <i>1 0 0 0 1 0 0 0 1 0 1.34 0</i>
                <i>1 0 0 0 1 0 0 0 1 0 1.34 0</i>
                <i>1 0 0 0 1 0 0 0 1 0 1.34 0</i>
                <i>1 0 0 0 1 0 0 0 1 0 1.34 0</i>
                <i>1 0 0 0 1 0 0 0 1 0 1.34 0</i>
                <i>1 0 0 0 1 0 0 0 1 0 1.34 0</i>
                <i>1 0 0 0 1 0 0 0 1 0 1.34 0</i>
                <i>1 0 0 0 1 0 0 0 1 0 1.34 0</i>
                <i>1 0 0 0 1 0 0 0 1 0 1.34 0</i>
                <i>1 0 0 0 1 0 0 0 1 0 1.34 0</i>
                <i>1 0 0 0 1 0 0 0 1 0 1.34 0</i>
                <i>1 0 0 0 1 0 0 0 1 0 1.34 0</i>
                <i>1 0 0 0 1 0 0 0 1 0 1.34 0</i>
                <i>1 0 0 0 1 0 0 0 1 0 1.34 0</i>
                <i>1 0 0 0 1 0 0 0 1 0 1.34 0</i>
                <i>1 0 0 0 1 0 0 0 1 0 1.34 0</i>
                <i>1 0 0 0 1 0 0 0 1 0 1.34 0</i>
                <i>1 0 0 0 1 0 0 0 1 0 1.34 0</i>
                <i>1 0 0 0 1 0 0 0 1 0 1.34 0</i>
                <i>1 0 0 0 1 0 0 0 1 0 1.34 0</i>
                <i>1 0 0 0 1 0 0 0 1 0 1.34 0</i>
                <i>1 0 0 0 1 0 0 0 1 0 1.34 0</i>
                <i>1 0 0 0 1 0 0 0 1 0 1.34 0</i>
                <i>1 0 0 0 1 0 0 0 1 0 1.34 0</i>
                <i>1 0 0 0 1 0 0 0 1 0 1.34 0</i>
                <i>1 0 0 0 1 0 0 0 1 0 1.34 0</i>
                <i>1 0 0 0 1 0 0 0 1 0 1.34 0</i>
                <i>1 0 0 0 1 0 0 0 1 0 1.34 0</i>
                <i>1 0 0 0 1 0 0 0 1 0 1.34 0</i>
                <i>1 0 0 0 1 0 0 0 1 0 1.34 0</i>
                <i>1 0 0 0 1 0 0 0 1 0 1.34 0</i>
                <i>1 0 0 0 1 0 0 0 1 0 1.34 0</i>
                <i>1 0 0 0 1 0 0 0 1 0 1.34 0</i>
                <i>1 0 0 0 1 0 0 0 1 0 1.34 0</i>
                <i>1 0 0 0 1 0 0 0 1 0 1.34 0</i>
                <i>1 0 0 0 1 0 0 0 1 0 1.34 0</i>
                <i>1 0 0 0 1 0 0 0 1 0 1.34 0</i>
                <i>1 0 0 0 1 0 0 0 1 0 1.34 0</i>
                <i>1 0 0 0 1 0 0 0 1 0 1.34 0</i>
                <i>1 0 0 0 1 0 0 0 1 0 1.34 0</i>
                <i>1 0 0 0 1 0 0 0 1 0 1.34 0</i>
                <i>1 0 0 0 1 0 0 0 1 0 1.34 0</i>
                <i>1 0 0 0 1 0 0 0 1 0 1.34 0</i>
                <i>1 0 0 0 1 0 0 0 1 0 1.34 0</i>
                <i>1 0 0 0 1 0 0 0 1 0 1.34 0</i>
                <i>1 0 0 0 1 0 0 0 1 0 1.34 0</i>
                <i>1 0 0 0 1 0 0 0 1 0 1.34 0</i>
                <i>1 0 0 0 1 0 0 0 1 0 1.34 0</i>
                <i>1 0 0 0 1 0 0 0 1 0 1.34 0</i>
                <i>1 0 0 0 1 0 0 0 1 0 1.34 0</i>
                <i>1 0 0 0 1 0 0 0 1 0 1.34 0</i>
                <i>1 0 0 0 1 0 0 0 1 0 1.34 0</i>
                <i>1 0 0 0 1 0 0 0 1 0 1.34 0</i>
                <i>1 0 0 0 1 0 0 0 1 0 1.34 0</i>
                <i>1 0 0 0 1 0 0 0 1 0 1.34 0</i>
                <i>1 0 0 0 1 0 0 0 1 0 1.34 0</i>
                <i>1 0 0 0 1 0 0 0 1 0 1.34 0</i>
                <i>1 0 0 0 1 0 0 0 1 0 1.34 0</i>
                <i>1 0 0 0 1 0 0 0 1 0 1.34 0</i>
            </KeyFrames>
        </RefFrame>
        <Bones count="17">
            <i>
                <p>
                    <Name><![CDATA[aa_bofors_root]]></Name>
                    <Exclude>0</Exclude>
                    <Additive>0</Additive>
                    <IKPriority>0</IKPriority>
                    <IKRotLimits>-1e+010 -1e+010 -1e+010 1e+010 1e+010 1e+010</IKRotLimits>
                    <IKRotLimitOrder>0</IKRotLimitOrder>
                    <KeyFrames count="97">
                        <i>1 0 0 0 1 0 0 0 1 0 1.34 0</i>
                        <i>1 0 0 0 1 0 0 0 1 0 1.34 0</i>
                        <i>1 0 0 0 1 0 0 0 1 0 1.34 0</i>
                        <i>1 0 0 0 1 0 0 0 1 0 1.34 0</i>
                        <i>1 0 0 0 1 0 0 0 1 0 1.34 0</i>
                        <i>1 0 0 0 1 0 0 0 1 0 1.34 0</i>
                        <i>1 0 0 0 1 0 0 0 1 0 1.34 0</i>
                        <i>1 0 0 0 1 0 0 0 1 0 1.34 0</i>
                        <i>1 0 0 0 1 0 0 0 1 0 1.34 0</i>
                        <i>1 0 0 0 1 0 0 0 1 0 1.34 0</i>
                        <i>1 0 0 0 1 0 0 0 1 0 1.34 0</i>
                        <i>1 0 0 0 1 0 0 0 1 0 1.34 0</i>
                        <i>1 0 0 0 1 0 0 0 1 0 1.34 0</i>
                        <i>1 0 0 0 1 0 0 0 1 0 1.34 0</i>
                        <i>1 0 0 0 1 0 0 0 1 0 1.34 0</i>
                        <i>1 0 0 0 1 0 0 0 1 0 1.34 0</i>
                        <i>1 0 0 0 1 0 0 0 1 0 1.34 0</i>
                        <i>1 0 0 0 1 0 0 0 1 0 1.34 0</i>
                        <i>1 0 0 0 1 0 0 0 1 0 1.34 0</i>
                        <i>1 0 0 0 1 0 0 0 1 0 1.34 0</i>
                        <i>1 0 0 0 1 0 0 0 1 0 1.34 0</i>
                        <i>1 0 0 0 1 0 0 0 1 0 1.34 0</i>
                        <i>1 0 0 0 1 0 0 0 1 0 1.34 0</i>
                        <i>1 0 0 0 1 0 0 0 1 0 1.34 0</i>
                        <i>1 0 0 0 1 0 0 0 1 0 1.34 0</i>
                        <i>1 0 0 0 1 0 0 0 1 0 1.34 0</i>
                        <i>1 0 0 0 1 0 0 0 1 0 1.34 0</i>
                        <i>1 0 0 0 1 0 0 0 1 0 1.34 0</i>
                        <i>1 0 0 0 1 0 0 0 1 0 1.34 0</i>
                        <i>1 0 0 0 1 0 0 0 1 0 1.34 0</i>
                        <i>1 0 0 0 1 0 0 0 1 0 1.34 0</i>
                        <i>1 0 0 0 1 0 0 0 1 0 1.34 0</i>
                        <i>1 0 0 0 1 0 0 0 1 0 1.34 0</i>
                        <i>1 0 0 0 1 0 0 0 1 0 1.34 0</i>
                        <i>1 0 0 0 1 0 0 0 1 0 1.34 0</i>
                        <i>1 0 0 0 1 0 0 0 1 0 1.34 0</i>
                        <i>1 0 0 0 1 0 0 0 1 0 1.34 0</i>
                        <i>1 0 0 0 1 0 0 0 1 0 1.34 0</i>
                        <i>1 0 0 0 1 0 0 0 1 0 1.34 0</i>
                        <i>1 0 0 0 1 0 0 0 1 0 1.34 0</i>
                        <i>1 0 0 0 1 0 0 0 1 0 1.34 0</i>
                        <i>1 0 0 0 1 0 0 0 1 0 1.34 0</i>
                        <i>1 0 0 0 1 0 0 0 1 0 1.34 0</i>
                        <i>1 0 0 0 1 0 0 0 1 0 1.34 0</i>
                        <i>1 0 0 0 1 0 0 0 1 0 1.34 0</i>
                        <i>1 0 0 0 1 0 0 0 1 0 1.34 0</i>
                        <i>1 0 0 0 1 0 0 0 1 0 1.34 0</i>
                        <i>1 0 0 0 1 0 0 0 1 0 1.34 0</i>
                        <i>1 0 0 0 1 0 0 0 1 0 1.34 0</i>
                        <i>1 0 0 0 1 0 0 0 1 0 1.34 0</i>
                        <i>1 0 0 0 1 0 0 0 1 0 1.34 0</i>
                        <i>1 0 0 0 1 0 0 0 1 0 1.34 0</i>
                        <i>1 0 0 0 1 0 0 0 1 0 1.34 0</i>
                        <i>1 0 0 0 1 0 0 0 1 0 1.34 0</i>
                        <i>1 0 0 0 1 0 0 0 1 0 1.34 0</i>
                        <i>1 0 0 0 1 0 0 0 1 0 1.34 0</i>
                        <i>1 0 0 0 1 0 0 0 1 0 1.34 0</i>
                        <i>1 0 0 0 1 0 0 0 1 0 1.34 0</i>
                        <i>1 0 0 0 1 0 0 0 1 0 1.34 0</i>
                        <i>1 0 0 0 1 0 0 0 1 0 1.34 0</i>
                        <i>1 0 0 0 1 0 0 0 1 0 1.34 0</i>
                        <i>1 0 0 0 1 0 0 0 1 0 1.34 0</i>
                        <i>1 0 0 0 1 0 0 0 1 0 1.34 0</i>
                        <i>1 0 0 0 1 0 0 0 1 0 1.34 0</i>
                        <i>1 0 0 0 1 0 0 0 1 0 1.34 0</i>
                        <i>1 0 0 0 1 0 0 0 1 0 1.34 0</i>
                        <i>1 0 0 0 1 0 0 0 1 0 1.34 0</i>
                        <i>1 0 0 0 1 0 0 0 1 0 1.34 0</i>
                        <i>1 0 0 0 1 0 0 0 1 0 1.34 0</i>
                        <i>1 0 0 0 1 0 0 0 1 0 1.34 0</i>
                        <i>1 0 0 0 1 0 0 0 1 0 1.34 0</i>
                        <i>1 0 0 0 1 0 0 0 1 0 1.34 0</i>
                        <i>1 0 0 0 1 0 0 0 1 0 1.34 0</i>
                        <i>1 0 0 0 1 0 0 0 1 0 1.34 0</i>
                        <i>1 0 0 0 1 0 0 0 1 0 1.34 0</i>
                        <i>1 0 0 0 1 0 0 0 1 0 1.34 0</i>
                        <i>1 0 0 0 1 0 0 0 1 0 1.34 0</i>
                        <i>1 0 0 0 1 0 0 0 1 0 1.34 0</i>
                        <i>1 0 0 0 1 0 0 0 1 0 1.34 0</i>
                        <i>1 0 0 0 1 0 0 0 1 0 1.34 0</i>
                        <i>1 0 0 0 1 0 0 0 1 0 1.34 0</i>
                        <i>1 0 0 0 1 0 0 0 1 0 1.34 0</i>
                        <i>1 0 0 0 1 0 0 0 1 0 1.34 0</i>
                        <i>1 0 0 0 1 0 0 0 1 0 1.34 0</i>
                        <i>1 0 0 0 1 0 0 0 1 0 1.34 0</i>
                        <i>1 0 0 0 1 0 0 0 1 0 1.34 0</i>
                        <i>1 0 0 0 1 0 0 0 1 0 1.34 0</i>
                        <i>1 0 0 0 1 0 0 0 1 0 1.34 0</i>
                        <i>1 0 0 0 1 0 0 0 1 0 1.34 0</i>
                        <i>1 0 0 0 1 0 0 0 1 0 1.34 0</i>
                        <i>1 0 0 0 1 0 0 0 1 0 1.34 0</i>
                        <i>1 0 0 0 1 0 0 0 1 0 1.34 0</i>
                        <i>1 0 0 0 1 0 0 0 1 0 1.34 0</i>
                        <i>1 0 0 0 1 0 0 0 1 0 1.34 0</i>
                        <i>1 0 0 0 1 0 0 0 1 0 1.34 0</i>
                        <i>1 0 0 0 1 0 0 0 1 0 1.34 0</i>
                        <i>1 0 0 0 1 0 0 0 1 0 1.34 0</i>
                    </KeyFrames>
                </p>
            </i>
            <i>
                <p>
                    <Name><![CDATA[base]]></Name>
                    <Exclude>0</Exclude>
                    <Additive>0</Additive>
                    <IKPriority>0</IKPriority>
                    <IKRotLimits>-1e+010 -1e+010 -1e+010 1e+010 1e+010 1e+010</IKRotLimits>
                    <IKRotLimitOrder>0</IKRotLimitOrder>
                    <KeyFrames count="97">
                        <i>1 0 0 0 1 0 0 0 1 0 2.20561 0.00934092</i>
                        <i>1 0 0 0 1 0 0 0 1 0 2.09302 0.00934092</i>
                        <i>1 0 0 0 1 0 0 0 1 0 2.02942 0.00934092</i>
                        <i>1 0 0 0 1 0 0 0 1 0 2.13418 0.00934092</i>
                        <i>1 0 0 0 1 0 0 0 1 0 2.24503 0.00934092</i>
                        <i>1 0 0 0 1 0 0 0 1 0 2.25753 0.00934092</i>
                        <i>1 0 0 0 1 0 0 0 1 0 2.25478 0.00934092</i>
                        <i>1 0 0 0 1 0 0 0 1 0 2.24249 0.00934092</i>
                        <i>1 0 0 0 1 0 0 0 1 0 2.22639 0.00934092</i>
                        <i>1 0 0 0 1 0 0 0 1 0 2.21219 0.00934092</i>
                        <i>1 0 0 0 1 0 0 0 1 0 2.20561 0.00934092</i>
                        <i>1 0 0 0 1 0 0 0 1 0 2.20847 0.00934092</i>
                        <i>1 0 0 0 1 0 0 0 1 0 2.21668 0.00934092</i>
                        <i>1 0 0 0 1 0 0 0 1 0 2.22702 0.00934092</i>
                        <i>1 0 0 0 1 0 0 0 1 0 2.23629 0.00934092</i>
                        <i>1 0 0 0 1 0 0 0 1 0 2.23629 0.00934092</i>
                        <i>1 0 0 0 1 0 0 0 1 0 2.23629 0.00934092</i>
                        <i>1 0 0 0 1 0 0 0 1 0 2.23629 0.00934092</i>
                        <i>1 0 0 0 1 0 0 0 1 0 2.23629 0.00934092</i>
                        <i>1 0 0 0 1 0 0 0 1 0 2.23629 0.00934092</i>
                        <i>1 0 0 0 1 0 0 0 1 0 2.23629 0.00934092</i>
                        <i>1 0 0 0 1 0 0 0 1 0 2.23629 0.00934092</i>
                        <i>1 0 0 0 1 0 0 0 1 0 2.23629 0.00934092</i>
                        <i>1 0 0 0 1 0 0 0 1 0 2.23629 0.00934092</i>
                        <i>1 0 0 0 1 0 0 0 1 0 2.23629 0.00934092</i>
                        <i>1 0 0 0 1 0 0 0 1 0 2.23629 0.00934092</i>
                        <i>1 0 0 0 1 0 0 0 1 0 2.23629 0.00934092</i>
                        <i>1 0 0 0 1 0 0 0 1 0 2.23629 0.00934092</i>
                        <i>1 0 0 0 1 0 0 0 1 0 2.23629 0.00934092</i>
                        <i>1 0 0 0 1 0 0 0 1 0 2.23629 0.00934092</i>
                        <i>1 0 0 0 1 0 0 0 1 0 2.23629 0.00934092</i>
                        <i>1 0 0 0 1 0 0 0 1 0 2.23629 0.00934092</i>
                        <i>1 0 0 0 1 0 0 0 1 0 2.23629 0.00934092</i>
                        <i>1 0 0 0 1 0 0 0 1 0 2.23629 0.00934092</i>
                        <i>1 0 0 0 1 0 0 0 1 0 2.23629 0.00934092</i>
                        <i>1 0 0 0 1 0 0 0 1 0 2.23629 0.00934092</i>
                        <i>1 0 0 0 1 0 0 0 1 0 2.23629 0.00934092</i>
                        <i>1 0 0 0 1 0 0 0 1 0 2.23629 0.00934092</i>
                        <i>1 0 0 0 1 0 0 0 1 0 2.23629 0.00934092</i>
                        <i>1 0 0 0 1 0 0 0 1 0 2.23629 0.00934092</i>
                        <i>1 0 0 0 1 0 0 0 1 0 2.23629 0.00934092</i>
                        <i>1 0 0 0 1 0 0 0 1 0 2.23629 0.00934092</i>
                        <i>1 0 0 0 1 0 0 0 1 0 2.23629 0.00934092</i>
                        <i>1 0 0 0 1 0 0 0 1 0 2.23629 0.00934092</i>
                        <i>1 0 0 0 1 0 0 0 1 0 2.23629 0.00934092</i>
                        <i>1 0 0 0 1 0 0 0 1 0 2.23629 0.00934092</i>
                        <i>1 0 0 0 1 0 0 0 1 0 2.23629 0.00934092</i>
                        <i>1 0 0 0 1 0 0 0 1 0 2.23629 0.00934092</i>
                        <i>1 0 0 0 1 0 0 0 1 0 2.23629 0.00934092</i>
                        <i>1 0 0 0 1 0 0 0 1 0 2.23629 0.00934092</i>
                        <i>1 0 0 0 1 0 0 0 1 0 2.23629 0.00934092</i>
                        <i>1 0 0 0 1 0 0 0 1 0 2.23629 0.00934092</i>
                        <i>1 0 0 0 1 0 0 0 1 0 2.23629 0.00934092</i>
                        <i>1 0 0 0 1 0 0 0 1 0 2.23629 0.00934092</i>
                        <i>1 0 0 0 1 0 0 0 1 0 2.23629 0.00934092</i>
                        <i>1 0 0 0 1 0 0 0 1 0 2.23629 0.00934092</i>
                        <i>1 0 0 0 1 0 0 0 1 0 2.23629 0.00934092</i>
                        <i>1 0 0 0 1 0 0 0 1 0 2.23629 0.00934092</i>
                        <i>1 0 0 0 1 0 0 0 1 0 2.23629 0.00934092</i>
                        <i>1 0 0 0 1 0 0 0 1 0 2.23629 0.00934092</i>
                        <i>1 0 0 0 1 0 0 0 1 0 2.23629 0.00934092</i>
                        <i>1 0 0 0 1 0 0 0 1 0 2.23629 0.00934092</i>
                        <i>1 0 0 0 1 0 0 0 1 0 2.23629 0.00934092</i>
                        <i>1 0 0 0 1 0 0 0 1 0 2.23629 0.00934092</i>
                        <i>1 0 0 0 1 0 0 0 1 0 2.23629 0.00934092</i>
                        <i>1 0 0 0 1 0 0 0 1 0 2.23629 0.00934092</i>
                        <i>1 0 0 0 1 0 0 0 1 0 2.23629 0.00934092</i>
                        <i>1 0 0 0 1 0 0 0 1 0 2.23629 0.00934092</i>
                        <i>1 0 0 0 1 0 0 0 1 0 2.23629 0.00934092</i>
                        <i>1 0 0 0 1 0 0 0 1 0 2.23629 0.00934092</i>
                        <i>1 0 0 0 1 0 0 0 1 0 2.23629 0.00934092</i>
                        <i>1 0 0 0 1 0 0 0 1 0 2.23629 0.00934092</i>
                        <i>1 0 0 0 1 0 0 0 1 0 2.23629 0.00934092</i>
                        <i>1 0 0 0 1 0 0 0 1 0 2.23629 0.00934092</i>
                        <i>1 0 0 0 1 0 0 0 1 0 2.23629 0.00934092</i>
                        <i>1 0 0 0 1 0 0 0 1 0 2.23629 0.00934092</i>
                        <i>1 0 0 0 1 0 0 0 1 0 2.23629 0.00934092</i>
                        <i>1 0 0 0 1 0 0 0 1 0 2.23629 0.00934092</i>
                        <i>1 0 0 0 1 0 0 0 1 0 2.23629 0.00934092</i>
                        <i>1 0 0 0 1 0 0 0 1 0 2.23629 0.00934092</i>
                        <i>1 0 0 0 1 0 0 0 1 0 2.23629 0.00934092</i>
                        <i>1 0 0 0 1 0 0 0 1 0 2.23629 0.00934092</i>
                        <i>1 0 0 0 1 0 0 0 1 0 2.23629 0.00934092</i>
                        <i>1 0 0 0 1 0 0 0 1 0 2.23629 0.00934092</i>
                        <i>1 0 0 0 1 0 0 0 1 0 2.23629 0.00934092</i>
                        <i>1 0 0 0 1 0 0 0 1 0 2.23629 0.00934092</i>
                        <i>1 0 0 0 1 0 0 0 1 0 2.23629 0.00934092</i>
                        <i>1 0 0 0 1 0 0 0 1 0 2.23629 0.00934092</i>
                        <i>1 0 0 0 1 0 0 0 1 0 2.23629 0.00934092</i>
                        <i>1 0 0 0 1 0 0 0 1 0 2.23629 0.00934092</i>
                        <i>1 0 0 0 1 0 0 0 1 0 2.23629 0.00934092</i>
                        <i>1 0 0 0 1 0 0 0 1 0 2.23629 0.00934092</i>
                        <i>1 0 0 0 1 0 0 0 1 0 2.23629 0.00934092</i>
                        <i>1 0 0 0 1 0 0 0 1 0 2.23629 0.00934092</i>
                        <i>1 0 0 0 1 0 0 0 1 0 2.23629 0.00934092</i>
                        <i>1 0 0 0 1 0 0 0 1 0 2.23629 0.00934092</i>
                        <i>1 0 0 0 1 0 0 0 1 0 2.23629 0.00934092</i>
                    </KeyFrames>
                </p>
            </i>
            <i>
                <p>
                    <Name><![CDATA[yaw]]></Name>
                    <Exclude>0</Exclude>
                    <Additive>0</Additive>
                    <IKPriority>0</IKPriority>
                    <IKRotLimits>-1e+010 -1e+010 -1e+010 1e+010 1e+010 1e+010</IKRotLimits>
                    <IKRotLimitOrder>0</IKRotLimitOrder>
                    <KeyFrames count="97">
                        <i>1 0 0 0 1 0 0 0 1 0 2.58679 0.00505297</i>
                        <i>1 0 0 0 1 0 0 0 1 0 2.4742 0.00505297</i>
                        <i>1 0 0 0 1 0 0 0 1 0 2.4106 0.00505297</i>
                        <i>1 0 0 0 1 0 0 0 1 0 2.51536 0.00505297</i>
                        <i>1 0 0 0 1 0 0 0 1 0 2.62621 0.00505297</i>
                        <i>1 0 0 0 1 0 0 0 1 0 2.63871 0.00505297</i>
                        <i>1 0 0 0 1 0 0 0 1 0 2.63596 0.00505297</i>
                        <i>1 0 0 0 1 0 0 0 1 0 2.62367 0.00505297</i>
                        <i>1 0 0 0 1 0 0 0 1 0 2.60757 0.00505297</i>
                        <i>1 0 0 0 1 0 0 0 1 0 2.59337 0.00505297</i>
                        <i>1 0 0 0 1 0 0 0 1 0 2.58679 0.00505297</i>
                        <i>1 0 0 0 1 0 0 0 1 0 2.58965 0.00505297</i>
                        <i>1 0 0 0 1 0 0 0 1 0 2.59786 0.00505297</i>
                        <i>1 0 0 0 1 0 0 0 1 0 2.6082 0.00505297</i>
                        <i>1 0 0 0 1 0 0 0 1 0 2.61747 0.00505297</i>
                        <i>1 0 0 0 1 0 0 0 1 0 2.61747 0.00505297</i>
                        <i>1 0 0 0 1 0 0 0 1 0 2.61747 0.00505297</i>
                        <i>1 0 0 0 1 0 0 0 1 0 2.61747 0.00505297</i>
                        <i>1 0 0 0 1 0 0 0 1 0 2.61747 0.00505297</i>
                        <i>1 0 0 0 1 0 0 0 1 0 2.61747 0.00505297</i>
                        <i>1 0 0 0 1 0 0 0 1 0 2.61747 0.00505297</i>
                        <i>1 0 0 0 1 0 0 0 1 0 2.61747 0.00505297</i>
                        <i>1 0 0 0 1 0 0 0 1 0 2.61747 0.00505297</i>
                        <i>1 0 0 0 1 0 0 0 1 0 2.61747 0.00505297</i>
                        <i>1 0 0 0 1 0 0 0 1 0 2.61747 0.00505297</i>
                        <i>1 0 0 0 1 0 0 0 1 0 2.61747 0.00505297</i>
                        <i>1 0 0 0 1 0 0 0 1 0 2.61747 0.00505297</i>
                        <i>1 0 0 0 1 0 0 0 1 0 2.61747 0.00505297</i>
                        <i>1 0 0 0 1 0 0 0 1 0 2.61747 0.00505297</i>
                        <i>1 0 0 0 1 0 0 0 1 0 2.61747 0.00505297</i>
                        <i>1 0 0 0 1 0 0 0 1 0 2.61747 0.00505297</i>
                        <i>1 0 0 0 1 0 0 0 1 0 2.61747 0.00505297</i>
                        <i>1 0 0 0 1 0 0 0 1 0 2.61747 0.00505297</i>
                        <i>1 0 0 0 1 0 0 0 1 0 2.61747 0.00505297</i>
                        <i>1 0 0 0 1 0 0 0 1 0 2.61747 0.00505297</i>
                        <i>1 0 0 0 1 0 0 0 1 0 2.61747 0.00505297</i>
                        <i>1 0 0 0 1 0 0 0 1 0 2.61747 0.00505297</i>
                        <i>1 0 0 0 1 0 0 0 1 0 2.61747 0.00505297</i>
                        <i>1 0 0 0 1 0 0 0 1 0 2.61747 0.00505297</i>
                        <i>1 0 0 0 1 0 0 0 1 0 2.61747 0.00505297</i>
                        <i>1 0 0 0 1 0 0 0 1 0 2.61747 0.00505297</i>
                        <i>1 0 0 0 1 0 0 0 1 0 2.61747 0.00505297</i>
                        <i>1 0 0 0 1 0 0 0 1 0 2.61747 0.00505297</i>
                        <i>1 0 0 0 1 0 0 0 1 0 2.61747 0.00505297</i>
                        <i>1 0 0 0 1 0 0 0 1 0 2.61747 0.00505297</i>
                        <i>1 0 0 0 1 0 0 0 1 0 2.61747 0.00505297</i>
                        <i>1 0 0 0 1 0 0 0 1 0 2.61747 0.00505297</i>
                        <i>1 0 0 0 1 0 0 0 1 0 2.61747 0.00505297</i>
                        <i>1 0 0 0 1 0 0 0 1 0 2.61747 0.00505297</i>
                        <i>1 0 0 0 1 0 0 0 1 0 2.61747 0.00505297</i>
                        <i>1 0 0 0 1 0 0 0 1 0 2.61747 0.00505297</i>
                        <i>1 0 0 0 1 0 0 0 1 0 2.61747 0.00505297</i>
                        <i>1 0 0 0 1 0 0 0 1 0 2.61747 0.00505297</i>
                        <i>1 0 0 0 1 0 0 0 1 0 2.61747 0.00505297</i>
                        <i>1 0 0 0 1 0 0 0 1 0 2.61747 0.00505297</i>
                        <i>1 0 0 0 1 0 0 0 1 0 2.61747 0.00505297</i>
                        <i>1 0 0 0 1 0 0 0 1 0 2.61747 0.00505297</i>
                        <i>1 0 0 0 1 0 0 0 1 0 2.61747 0.00505297</i>
                        <i>1 0 0 0 1 0 0 0 1 0 2.61747 0.00505297</i>
                        <i>1 0 0 0 1 0 0 0 1 0 2.61747 0.00505297</i>
                        <i>1 0 0 0 1 0 0 0 1 0 2.61747 0.00505297</i>
                        <i>1 0 0 0 1 0 0 0 1 0 2.61747 0.00505297</i>
                        <i>1 0 0 0 1 0 0 0 1 0 2.61747 0.00505297</i>
                        <i>1 0 0 0 1 0 0 0 1 0 2.61747 0.00505297</i>
                        <i>1 0 0 0 1 0 0 0 1 0 2.61747 0.00505297</i>
                        <i>1 0 0 0 1 0 0 0 1 0 2.61747 0.00505297</i>
                        <i>1 0 0 0 1 0 0 0 1 0 2.61747 0.00505297</i>
                        <i>1 0 0 0 1 0 0 0 1 0 2.61747 0.00505297</i>
                        <i>1 0 0 0 1 0 0 0 1 0 2.61747 0.00505297</i>
                        <i>1 0 0 0 1 0 0 0 1 0 2.61747 0.00505297</i>
                        <i>1 0 0 0 1 0 0 0 1 0 2.61747 0.00505297</i>
                        <i>1 0 0 0 1 0 0 0 1 0 2.61747 0.00505297</i>
                        <i>1 0 0 0 1 0 0 0 1 0 2.61747 0.00505297</i>
                        <i>1 0 0 0 1 0 0 0 1 0 2.61747 0.00505297</i>
                        <i>1 0 0 0 1 0 0 0 1 0 2.61747 0.00505297</i>
                        <i>1 0 0 0 1 0 0 0 1 0 2.61747 0.00505297</i>
                        <i>1 0 0 0 1 0 0 0 1 0 2.61747 0.00505297</i>
                        <i>1 0 0 0 1 0 0 0 1 0 2.61747 0.00505297</i>
                        <i>1 0 0 0 1 0 0 0 1 0 2.61747 0.00505297</i>
                        <i>1 0 0 0 1 0 0 0 1 0 2.61747 0.00505297</i>
                        <i>1 0 0 0 1 0 0 0 1 0 2.61747 0.00505297</i>
                        <i>1 0 0 0 1 0 0 0 1 0 2.61747 0.00505297</i>
                        <i>1 0 0 0 1 0 0 0 1 0 2.61747 0.00505297</i>
                        <i>1 0 0 0 1 0 0 0 1 0 2.61747 0.00505297</i>
                        <i>1 0 0 0 1 0 0 0 1 0 2.61747 0.00505297</i>
                        <i>1 0 0 0 1 0 0 0 1 0 2.61747 0.00505297</i>
                        <i>1 0 0 0 1 0 0 0 1 0 2.61747 0.00505297</i>
                        <i>1 0 0 0 1 0 0 0 1 0 2.61747 0.00505297</i>
                        <i>1 0 0 0 1 0 0 0 1 0 2.61747 0.00505297</i>
                        <i>1 0 0 0 1 0 0 0 1 0 2.61747 0.00505297</i>
                        <i>1 0 0 0 1 0 0 0 1 0 2.61747 0.00505297</i>
                        <i>1 0 0 0 1 0 0 0 1 0 2.61747 0.00505297</i>
                        <i>1 0 0 0 1 0 0 0 1 0 2.61747 0.00505297</i>
                        <i>1 0 0 0 1 0 0 0 1 0 2.61747 0.00505297</i>
                        <i>1 0 0 0 1 0 0 0 1 0 2.61747 0.00505297</i>
                        <i>1 0 0 0 1 0 0 0 1 0 2.61747 0.00505297</i>
                        <i>1 0 0 0 1 0 0 0 1 0 2.61747 0.00505297</i>
                    </KeyFrames>
                </p>
            </i>
            <i>
                <p>
                    <Name><![CDATA[pitch]]></Name>
                    <Exclude>0</Exclude>
                    <Additive>0</Additive>
                    <IKPriority>0</IKPriority>
                    <IKRotLimits>-1e+010 -1e+010 -1e+010 1e+010 1e+010 1e+010</IKRotLimits>
                    <IKRotLimitOrder>0</IKRotLimitOrder>
                    <KeyFrames count="97">
                        <i>1 0 0 0 0.0871557 -0.996195 0 0.996195 0.0871557 0 5.18428 -0.00333545</i>
                        <i>1 0 0 0 0.162415 -0.986722 0 0.986722 0.162415 0 5.07169 -0.00333545</i>
                        <i>1 0 0 0 0.242718 -0.970097 0 0.970097 0.242718 0 5.00809 -0.00333545</i>
                        <i>1 0 0 0 0.326185 -0.945306 0 0.945306 0.326185 0 5.11285 -0.00333545</i>
                        <i>1 0 0 0 0.410814 -0.911719 0 0.911719 0.410814 0 5.2237 -0.00333545</i>
                        <i>1 0 0 0 0.494558 -0.869144 0 0.869144 0.494558 0 5.2362 -0.00333545</i>
                        <i>1 0 0 0 0.575419 -0.817859 0 0.817859 0.575419 0 5.23345 -0.00333545</i>
                        <i>1 0 0 0 0.651554 -0.758602 0 0.758602 0.651554 0 5.22116 -0.00333545</i>
                        <i>1 0 0 0 0.721374 -0.692546 0 0.692546 0.721374 0 5.20506 -0.00333545</i>
                        <i>1 0 0 0 0.78363 -0.621228 0 0.621228 0.78363 0 5.19086 -0.00333545</i>
                        <i>1 0 0 0 0.83748 -0.546467 0 0.546467 0.83748 0 5.18428 -0.00333545</i>
                        <i>1 0 0 0 0.882524 -0.470267 0 0.470267 0.882524 0 5.18714 -0.00333545</i>
                        <i>1 0 0 0 0.918805 -0.394712 0 0.394712 0.918805 0 5.19535 -0.00333545</i>
                        <i>1 0 0 0 0.946782 -0.321875 0 0.321875 0.946782 0 5.20569 -0.00333545</i>
                        <i>1 0 0 0 0.967272 -0.253741 0 0.253741 0.967272 0 5.21496 -0.00333545</i>
                        <i>1 0 0 0 0.981366 -0.192147 0 0.192147 0.981366 0 5.21496 -0.00333545</i>
                        <i>1 0 0 0 0.990326 -0.138758 0 0.138758 0.990326 0 5.21496 -0.00333545</i>
                        <i>1 0 0 0 0.995471 -0.0950618 0 0.0950618 0.995471 0 5.21496 -0.00333545</i>
                        <i>1 0 0 0 0.998052 -0.0623899 0 0.0623899 0.998052 0 5.21496 -0.00333545</i>
                        <i>1 0 0 0 0.999119 -0.0419563 0 0.0419563 0.999119 0 5.21496 -0.00333545</i>
                        <i>1 0 0 0 0.999391 -0.0348995 0 0.0348995 0.999391 0 5.21496 -0.00333545</i>
                        <i>1 0 0 0 0.999391 -0.0348995 0 0.0348995 0.999391 0 5.21496 -0.00333545</i>
                        <i>1 0 0 0 0.999391 -0.0348995 0 0.0348995 0.999391 0 5.21496 -0.00333545</i>
                        <i>1 0 0 0 0.999391 -0.0348995 0 0.0348995 0.999391 0 5.21496 -0.00333545</i>
                        <i>1 0 0 0 0.999391 -0.0348995 0 0.0348995 0.999391 0 5.21496 -0.00333545</i>
                        <i>1 0 0 0 0.999391 -0.0348995 0 0.0348995 0.999391 0 5.21496 -0.00333545</i>
                        <i>1 0 0 0 0.999391 -0.0348995 0 0.0348995 0.999391 0 5.21496 -0.00333545</i>
                        <i>1 0 0 0 0.999391 -0.0348995 0 0.0348995 0.999391 0 5.21496 -0.00333545</i>
                        <i>1 0 0 0 0.999391 -0.0348995 0 0.0348995 0.999391 0 5.21496 -0.00333545</i>
                        <i>1 0 0 0 0.999391 -0.0348995 0 0.0348995 0.999391 0 5.21496 -0.00333545</i>
                        <i>1 0 0 0 0.999391 -0.0348995 0 0.0348995 0.999391 0 5.21496 -0.00333545</i>
                        <i>1 0 0 0 0.999391 -0.0348995 0 0.0348995 0.999391 0 5.21496 -0.00333545</i>
                        <i>1 0 0 0 0.999391 -0.0348995 0 0.0348995 0.999391 0 5.21496 -0.00333545</i>
                        <i>1 0 0 0 0.999391 -0.0348995 0 0.0348995 0.999391 0 5.21496 -0.00333545</i>
                        <i>1 0 0 0 0.999391 -0.0348995 0 0.0348995 0.999391 0 5.21496 -0.00333545</i>
                        <i>1 0 0 0 0.999391 -0.0348995 0 0.0348995 0.999391 0 5.21496 -0.00333545</i>
                        <i>1 0 0 0 0.999391 -0.0348995 0 0.0348995 0.999391 0 5.21496 -0.00333545</i>
                        <i>1 0 0 0 0.999391 -0.0348995 0 0.0348995 0.999391 0 5.21496 -0.00333545</i>
                        <i>1 0 0 0 0.999391 -0.0348995 0 0.0348995 0.999391 0 5.21496 -0.00333545</i>
                        <i>1 0 0 0 0.999391 -0.0348995 0 0.0348995 0.999391 0 5.21496 -0.00333545</i>
                        <i>1 0 0 0 0.999391 -0.0348995 0 0.0348995 0.999391 0 5.21496 -0.00333545</i>
                        <i>1 0 0 0 0.999391 -0.0348995 0 0.0348995 0.999391 0 5.21496 -0.00333545</i>
                        <i>1 0 0 0 0.999391 -0.0348995 0 0.0348995 0.999391 0 5.21496 -0.00333545</i>
                        <i>1 0 0 0 0.999391 -0.0348995 0 0.0348995 0.999391 0 5.21496 -0.00333545</i>
                        <i>1 0 0 0 0.999391 -0.0348995 0 0.0348995 0.999391 0 5.21496 -0.00333545</i>
                        <i>1 0 0 0 0.999391 -0.0348995 0 0.0348995 0.999391 0 5.21496 -0.00333545</i>
                        <i>1 0 0 0 0.999391 -0.0348995 0 0.0348995 0.999391 0 5.21496 -0.00333545</i>
                        <i>1 0 0 0 0.999391 -0.0348995 0 0.0348995 0.999391 0 5.21496 -0.00333545</i>
                        <i>1 0 0 0 0.999391 -0.0348995 0 0.0348995 0.999391 0 5.21496 -0.00333545</i>
                        <i>1 0 0 0 0.999391 -0.0348995 0 0.0348995 0.999391 0 5.21496 -0.00333545</i>
                        <i>1 0 0 0 0.999391 -0.0348995 0 0.0348995 0.999391 0 5.21496 -0.00333545</i>
                        <i>1 0 0 0 0.999391 -0.0348995 0 0.0348995 0.999391 0 5.21496 -0.00333545</i>
                        <i>1 0 0 0 0.999391 -0.0348995 0 0.0348995 0.999391 0 5.21496 -0.00333545</i>
                        <i>1 0 0 0 0.999391 -0.0348995 0 0.0348995 0.999391 0 5.21496 -0.00333545</i>
                        <i>1 0 0 0 0.999391 -0.0348995 0 0.0348995 0.999391 0 5.21496 -0.00333545</i>
                        <i>1 0 0 0 0.999391 -0.0348995 0 0.0348995 0.999391 0 5.21496 -0.00333545</i>
                        <i>1 0 0 0 0.999391 -0.0348995 0 0.0348995 0.999391 0 5.21496 -0.00333545</i>
                        <i>1 0 0 0 0.999391 -0.0348995 0 0.0348995 0.999391 0 5.21496 -0.00333545</i>
                        <i>1 0 0 0 0.999391 -0.0348995 0 0.0348995 0.999391 0 5.21496 -0.00333545</i>
                        <i>1 0 0 0 0.999391 -0.0348995 0 0.0348995 0.999391 0 5.21496 -0.00333545</i>
                        <i>1 0 0 0 0.999391 -0.0348995 0 0.0348995 0.999391 0 5.21496 -0.00333545</i>
                        <i>1 0 0 0 0.999391 -0.0348995 0 0.0348995 0.999391 0 5.21496 -0.00333545</i>
                        <i>1 0 0 0 0.999391 -0.0348995 0 0.0348995 0.999391 0 5.21496 -0.00333545</i>
                        <i>1 0 0 0 0.999391 -0.0348995 0 0.0348995 0.999391 0 5.21496 -0.00333545</i>
                        <i>1 0 0 0 0.999391 -0.0348995 0 0.0348995 0.999391 0 5.21496 -0.00333545</i>
                        <i>1 0 0 0 0.999391 -0.0348995 0 0.0348995 0.999391 0 5.21496 -0.00333545</i>
                        <i>1 0 0 0 0.999391 -0.0348995 0 0.0348995 0.999391 0 5.21496 -0.00333545</i>
                        <i>1 0 0 0 0.999391 -0.0348995 0 0.0348995 0.999391 0 5.21496 -0.00333545</i>
                        <i>1 0 0 0 0.999391 -0.0348995 0 0.0348995 0.999391 0 5.21496 -0.00333545</i>
                        <i>1 0 0 0 0.999391 -0.0348995 0 0.0348995 0.999391 0 5.21496 -0.00333545</i>
                        <i>1 0 0 0 0.999391 -0.0348995 0 0.0348995 0.999391 0 5.21496 -0.00333545</i>
                        <i>1 0 0 0 0.999391 -0.0348995 0 0.0348995 0.999391 0 5.21496 -0.00333545</i>
                        <i>1 0 0 0 0.999391 -0.0348995 0 0.0348995 0.999391 0 5.21496 -0.00333545</i>
                        <i>1 0 0 0 0.999295 -0.0375372 0 0.0375372 0.999295 0 5.21496 -0.00333545</i>
                        <i>1 0 0 0 0.99901 -0.0444898 0 0.0444898 0.99901 0 5.21496 -0.00333545</i>
                        <i>1 0 0 0 0.998524 -0.0543157 0 0.0543157 0.998524 0 5.21496 -0.00333545</i>
                        <i>1 0 0 0 0.997848 -0.0655729 0 0.0655729 0.997848 0 5.21496 -0.00333545</i>
                        <i>1 0 0 0 0.997045 -0.0768218 0 0.0768218 0.997045 0 5.21496 -0.00333545</i>
                        <i>1 0 0 0 0.996241 -0.0866268 0 0.0866268 0.996241 0 5.21496 -0.00333545</i>
                        <i>1 0 0 0 0.995614 -0.093557 0 0.093557 0.995614 0 5.21496 -0.00333545</i>
                        <i>1 0 0 0 0.995364 -0.0961845 0 0.0961845 0.995364 0 5.21496 -0.00333545</i>
                        <i>1 0 0 0 0.995364 -0.0961845 0 0.0961845 0.995364 0 5.21496 -0.00333545</i>
                        <i>1 0 0 0 0.995364 -0.0961845 0 0.0961845 0.995364 0 5.21496 -0.00333545</i>
                        <i>1 0 0 0 0.995364 -0.0961845 0 0.0961845 0.995364 0 5.21496 -0.00333545</i>
                        <i>1 0 0 0 0.995364 -0.0961845 0 0.0961845 0.995364 0 5.21496 -0.00333545</i>
                        <i>1 0 0 0 0.995364 -0.0961845 0 0.0961845 0.995364 0 5.21496 -0.00333545</i>
                        <i>1 0 0 0 0.993383 -0.114852 0 0.114852 0.993383 0 5.21496 -0.00333545</i>
                        <i>1 0 0 0 0.984902 -0.173113 0 0.173113 0.984902 0 5.21496 -0.00333545</i>
                        <i>1 0 0 0 0.961926 -0.273311 0 0.273311 0.961926 0 5.21496 -0.00333545</i>
                        <i>1 0 0 0 0.917623 -0.397452 0 0.397452 0.917623 0 5.21496 -0.00333545</i>
                        <i>1 0 0 0 0.852165 -0.523274 0 0.523274 0.852165 0 5.21496 -0.00333545</i>
                        <i>1 0 0 0 0.764606 -0.644498 0 0.644498 0.764606 0 5.21496 -0.00333545</i>
                        <i>1 0 0 0 0.655877 -0.754868 0 0.754868 0.655877 0 5.21496 -0.00333545</i>
                        <i>1 0 0 0 0.528782 -0.848757 0 0.848757 0.528782 0 5.21496 -0.00333545</i>
                        <i>1 0 0 0 0.387772 -0.921755 0 0.921755 0.387772 0 5.21496 -0.00333545</i>
                        <i>1 0 0 0 0.238487 -0.971146 0 0.971146 0.238487 0 5.21496 -0.00333545</i>
                        <i>1 0 0 0 0.0871557 -0.996195 0 0.996195 0.0871557 0 5.21496 -0.00333545</i>
                    </KeyFrames>
                </p>
            </i>
            <i>
                <p>
                    <Name><![CDATA[magazine]]></Name>
                    <Exclude>0</Exclude>
                    <Additive>0</Additive>
                    <IKPriority>0</IKPriority>
                    <IKRotLimits>-1e+010 -1e+010 -1e+010 1e+010 1e+010 1e+010</IKRotLimits>
                    <IKRotLimitOrder>0</IKRotLimitOrder>
                    <KeyFrames count="97">
                        <i>1 0 0 0 0.257794 -0.9662 0 0.9662 0.257794 0.0186577 5.29013 -0.499573</i>
                        <i>1 0 0 0 0.257793 -0.9662 0 0.9662 0.257793 0.0186577 5.29013 -0.499573</i>
                        <i>1 0 0 0 0.257793 -0.9662 0 0.9662 0.257793 0.0186577 5.29013 -0.499573</i>
                        <i>0.999848 -0.00190343 0.0173498 0.0172341 0.264926 -0.964115 -0.00276128 0.964267 0.264919 0.0315657 5.36167 -0.578785</i>
                        <i>0.99792 -0.00679925 0.064108 0.0634467 0.279852 -0.957944 -0.0114274 0.960019 0.279701 0.067961 5.53959 -0.791007</i>
                        <i>0.99114 -0.0134074 0.132141 0.130251 0.292815 -0.947256 -0.0259925 0.956075 0.291967 0.124351 5.76881 -1.09812</i>
                        <i>0.976849 -0.0203612 0.21296 0.209418 0.294414 -0.932451 -0.0437127 0.955461 0.291862 0.197243 5.99426 -1.462</i>
                        <i>0.954232 -0.0262994 0.29791 0.293378 0.275716 -0.915374 -0.0580649 0.960879 0.270813 0.283145 6.16086 -1.84452</i>
                        <i>0.925048 -0.0300408 0.378661 0.37519 0.227939 -0.898486 -0.0593203 0.973212 0.222125 0.378564 6.21353 -2.20758</i>
                        <i>0.893622 -0.0307233 0.447768 0.447336 0.142036 -0.883015 -0.0364698 0.989385 0.14067 0.480007 6.09721 -2.51304</i>
                        <i>0.859497 -0.0615062 0.507426 0.502377 -0.0813838 -0.86081 0.0942414 0.994783 -0.0390499 0.589779 5.7893 -2.76865</i>
                        <i>0.813243 -0.141491 0.56446 0.45076 -0.460303 -0.764812 0.368037 0.876414 -0.31056 0.710784 5.3312 -3.01089</i>
                        <i>0.745075 -0.247933 0.619187 0.195502 -0.806386 -0.55814 0.637685 0.536909 -0.552347 0.840433 4.7639 -3.24472</i>
                        <i>0.649047 -0.356921 0.671822 -0.196211 -0.931769 -0.305465 0.73501 0.0664422 -0.674793 0.976134 4.12833 -3.47508</i>
                        <i>0.528251 -0.446108 0.722453 -0.541563 -0.832341 -0.117977 0.653958 -0.328933 -0.68128 1.1153 3.46546 -3.70693</i>
                        <i>0.395262 -0.49931 0.771011 -0.725225 -0.684772 -0.0716714 0.563753 -0.530827 -0.632776 1.25533 2.81624 -3.94523</i>
                        <i>0.268127 -0.510126 0.817239 -0.712893 -0.675645 -0.18785 0.64799 -0.532236 -0.544824 1.39365 2.22162 -4.19494</i>
                        <i>0.122822 -0.47937 0.868976 0.0693198 -0.869323 -0.48936 0.990005 0.120342 -0.0735424 1.52765 2.35448 -4.45654</i>
                        <i>-0.013974 -0.393142 0.919371 0.989027 0.129804 0.0705395 -0.14707 0.910269 0.387015 1.65475 2.52631 -4.73096</i>
                        <i>-0.0816827 -0.288593 0.953961 -0.160189 0.948517 0.27323 -0.983701 -0.130496 -0.123707 1.77237 2.6202 -5.02382</i>
                        <i>-0.0893087 -0.22974 0.969146 -0.780613 0.62048 0.0751523 -0.618601 -0.749816 -0.234752 1.8779 2.51921 -5.34076</i>
                        <i>-0.0743111 -0.218338 0.97304 -0.719813 0.687045 0.0991923 -0.69018 -0.693035 -0.208218 1.97568 2.2156 -5.70495</i>
