<?xml version="1.0" encoding="ISO-8859-1" ?>
<Animl Version="1">
    <ModellingPackage><![CDATA[Maya.2010]]></ModellingPackage>
    <SrcFile><![CDATA[anims\turrets\antiair\blue\~src\aa_bofors\aa_bofors_reload_low.mb]]></SrcFile>
    <FramesPerSecond>30</FramesPerSecond>
    <TotalFrames>97</TotalFrames>
    <Skeleton>
        <RefFrame>
            <Name><![CDATA[aa_bofors_ref_frame]]></Name>
            <Exclude>0</Exclude>
            <Additive>0</Additive>
            <IKPriority>0</IKPriority>
            <IKRotLimits>-1e+010 -1e+010 -1e+010 1e+010 1e+010 1e+010</IKRotLimits>
            <IKRotLimitOrder>0</IKRotLimitOrder>
            <KeyFrames count="97">
                <i>1 0 0 0 1 0 0 0 1 0 1.34 0</i>
                <i>1 0 0 0 1 0 0 0 1 0 1.34 0</i>
                <i>1 0 0 0 1 0 0 0 1 0 1.34 0</i>
                <i>1 0 0 0 1 0 0 0 1 0 1.34 0</i>
                <i>1 0 0 0 1 0 0 0 1 0 1.34 0</i>
                <i>1 0 0 0 1 0 0 0 1 0 1.34 0</i>
                <i>1 0 0 0 1 0 0 0 1 0 1.34 0</i>
                <i>1 0 0 0 1 0 0 0 1 0 1.34 0</i>
                <i>1 0 0 0 1 0 0 0 1 0 1.34 0</i>
                <i>1 0 0 0 1 0 0 0 1 0 1.34 0</i>
                <i>1 0 0 0 1 0 0 0 1 0 1.34 0</i>
                <i>1 0 0 0 1 0 0 0 1 0 1.34 0</i>
                <i>1 0 0 0 1 0 0 0 1 0 1.34 0</i>
                <i>1 0 0 0 1 0 0 0 1 0 1.34 0</i>
                <i>1 0 0 0 1 0 0 0 1 0 1.34 0</i>
                <i>1 0 0 0 1 0 0 0 1 0 1.34 0</i>
                <i>1 0 0 0 1 0 0 0 1 0 1.34 0</i>
                <i>1 0 0 0 1 0 0 0 1 0 1.34 0</i>
                <i>1 0 0 0 1 0 0 0 1 0 1.34 0</i>
                <i>1 0 0 0 1 0 0 0 1 0 1.34 0</i>
                <i>1 0 0 0 1 0 0 0 1 0 1.34 0</i>
                <i>1 0 0 0 1 0 0 0 1 0 1.34 0</i>
                <i>1 0 0 0 1 0 0 0 1 0 1.34 0</i>
                <i>1 0 0 0 1 0 0 0 1 0 1.34 0</i>
                <i>1 0 0 0 1 0 0 0 1 0 1.34 0</i>
                <i>1 0 0 0 1 0 0 0 1 0 1.34 0</i>
                <i>1 0 0 0 1 0 0 0 1 0 1.34 0</i>
                <i>1 0 0 0 1 0 0 0 1 0 1.34 0</i>
                <i>1 0 0 0 1 0 0 0 1 0 1.34 0</i>
                <i>1 0 0 0 1 0 0 0 1 0 1.34 0</i>
                <i>1 0 0 0 1 0 0 0 1 0 1.34 0</i>
                <i>1 0 0 0 1 0 0 0 1 0 1.34 0</i>
                <i>1 0 0 0 1 0 0 0 1 0 1.34 0</i>
                <i>1 0 0 0 1 0 0 0 1 0 1.34 0</i>
                <i>1 0 0 0 1 0 0 0 1 0 1.34 0</i>
                <i>1 0 0 0 1 0 0 0 1 0 1.34 0</i>
                <i>1 0 0 0 1 0 0 0 1 0 1.34 0</i>
                <i>1 0 0 0 1 0 0 0 1 0 1.34 0</i>
                <i>1 0 0 0 1 0 0 0 1 0 1.34 0</i>
                <i>1 0 0 0 1 0 0 0 1 0 1.34 0</i>
                <i>1 0 0 0 1 0 0 0 1 0 1.34 0</i>
                <i>1 0 0 0 1 0 0 0 1 0 1.34 0</i>
                <i>1 0 0 0 1 0 0 0 1 0 1.34 0</i>
                <i>1 0 0 0 1 0 0 0 1 0 1.34 0</i>
                <i>1 0 0 0 1 0 0 0 1 0 1.34 0</i>
                <i>1 0 0 0 1 0 0 0 1 0 1.34 0</i>
                <i>1 0 0 0 1 0 0 0 1 0 1.34 0</i>
                <i>1 0 0 0 1 0 0 0 1 0 1.34 0</i>
                <i>1 0 0 0 1 0 0 0 1 0 1.34 0</i>
                <i>1 0 0 0 1 0 0 0 1 0 1.34 0</i>
                <i>1 0 0 0 1 0 0 0 1 0 1.34 0</i>
                <i>1 0 0 0 1 0 0 0 1 0 1.34 0</i>
                <i>1 0 0 0 1 0 0 0 1 0 1.34 0</i>
                <i>1 0 0 0 1 0 0 0 1 0 1.34 0</i>
                <i>1 0 0 0 1 0 0 0 1 0 1.34 0</i>
                <i>1 0 0 0 1 0 0 0 1 0 1.34 0</i>
                <i>1 0 0 0 1 0 0 0 1 0 1.34 0</i>
                <i>1 0 0 0 1 0 0 0 1 0 1.34 0</i>
                <i>1 0 0 0 1 0 0 0 1 0 1.34 0</i>
                <i>1 0 0 0 1 0 0 0 1 0 1.34 0</i>
                <i>1 0 0 0 1 0 0 0 1 0 1.34 0</i>
                <i>1 0 0 0 1 0 0 0 1 0 1.34 0</i>
                <i>1 0 0 0 1 0 0 0 1 0 1.34 0</i>
                <i>1 0 0 0 1 0 0 0 1 0 1.34 0</i>
                <i>1 0 0 0 1 0 0 0 1 0 1.34 0</i>
                <i>1 0 0 0 1 0 0 0 1 0 1.34 0</i>
                <i>1 0 0 0 1 0 0 0 1 0 1.34 0</i>
                <i>1 0 0 0 1 0 0 0 1 0 1.34 0</i>
                <i>1 0 0 0 1 0 0 0 1 0 1.34 0</i>
                <i>1 0 0 0 1 0 0 0 1 0 1.34 0</i>
                <i>1 0 0 0 1 0 0 0 1 0 1.34 0</i>
                <i>1 0 0 0 1 0 0 0 1 0 1.34 0</i>
                <i>1 0 0 0 1 0 0 0 1 0 1.34 0</i>
                <i>1 0 0 0 1 0 0 0 1 0 1.34 0</i>
                <i>1 0 0 0 1 0 0 0 1 0 1.34 0</i>
                <i>1 0 0 0 1 0 0 0 1 0 1.34 0</i>
                <i>1 0 0 0 1 0 0 0 1 0 1.34 0</i>
                <i>1 0 0 0 1 0 0 0 1 0 1.34 0</i>
                <i>1 0 0 0 1 0 0 0 1 0 1.34 0</i>
                <i>1 0 0 0 1 0 0 0 1 0 1.34 0</i>
                <i>1 0 0 0 1 0 0 0 1 0 1.34 0</i>
                <i>1 0 0 0 1 0 0 0 1 0 1.34 0</i>
                <i>1 0 0 0 1 0 0 0 1 0 1.34 0</i>
                <i>1 0 0 0 1 0 0 0 1 0 1.34 0</i>
                <i>1 0 0 0 1 0 0 0 1 0 1.34 0</i>
                <i>1 0 0 0 1 0 0 0 1 0 1.34 0</i>
                <i>1 0 0 0 1 0 0 0 1 0 1.34 0</i>
                <i>1 0 0 0 1 0 0 0 1 0 1.34 0</i>
                <i>1 0 0 0 1 0 0 0 1 0 1.34 0</i>
                <i>1 0 0 0 1 0 0 0 1 0 1.34 0</i>
                <i>1 0 0 0 1 0 0 0 1 0 1.34 0</i>
                <i>1 0 0 0 1 0 0 0 1 0 1.34 0</i>
                <i>1 0 0 0 1 0 0 0 1 0 1.34 0</i>
                <i>1 0 0 0 1 0 0 0 1 0 1.34 0</i>
                <i>1 0 0 0 1 0 0 0 1 0 1.34 0</i>
                <i>1 0 0 0 1 0 0 0 1 0 1.34 0</i>
                <i>1 0 0 0 1 0 0 0 1 0 1.34 0</i>
            </KeyFrames>
        </RefFrame>
        <Bones count="17">
            <i>
                <p>
                    <Name><![CDATA[aa_bofors_root]]></Name>
                    <Exclude>0</Exclude>
                    <Additive>0</Additive>
                    <IKPriority>0</IKPriority>
                    <IKRotLimits>-1e+010 -1e+010 -1e+010 1e+010 1e+010 1e+010</IKRotLimits>
                    <IKRotLimitOrder>0</IKRotLimitOrder>
                    <KeyFrames count="97">
                        <i>1 0 0 0 1 0 0 0 1 0 1.34 0</i>
                        <i>1 0 0 0 1 0 0 0 1 0 1.34 0</i>
                        <i>1 0 0 0 1 0 0 0 1 0 1.34 0</i>
                        <i>1 0 0 0 1 0 0 0 1 0 1.34 0</i>
                        <i>1 0 0 0 1 0 0 0 1 0 1.34 0</i>
                        <i>1 0 0 0 1 0 0 0 1 0 1.34 0</i>
                        <i>1 0 0 0 1 0 0 0 1 0 1.34 0</i>
                        <i>1 0 0 0 1 0 0 0 1 0 1.34 0</i>
                        <i>1 0 0 0 1 0 0 0 1 0 1.34 0</i>
                        <i>1 0 0 0 1 0 0 0 1 0 1.34 0</i>
                        <i>1 0 0 0 1 0 0 0 1 0 1.34 0</i>
                        <i>1 0 0 0 1 0 0 0 1 0 1.34 0</i>
                        <i>1 0 0 0 1 0 0 0 1 0 1.34 0</i>
                        <i>1 0 0 0 1 0 0 0 1 0 1.34 0</i>
                        <i>1 0 0 0 1 0 0 0 1 0 1.34 0</i>
                        <i>1 0 0 0 1 0 0 0 1 0 1.34 0</i>
                        <i>1 0 0 0 1 0 0 0 1 0 1.34 0</i>
                        <i>1 0 0 0 1 0 0 0 1 0 1.34 0</i>
                        <i>1 0 0 0 1 0 0 0 1 0 1.34 0</i>
                        <i>1 0 0 0 1 0 0 0 1 0 1.34 0</i>
                        <i>1 0 0 0 1 0 0 0 1 0 1.34 0</i>
                        <i>1 0 0 0 1 0 0 0 1 0 1.34 0</i>
                        <i>1 0 0 0 1 0 0 0 1 0 1.34 0</i>
                        <i>1 0 0 0 1 0 0 0 1 0 1.34 0</i>
                        <i>1 0 0 0 1 0 0 0 1 0 1.34 0</i>
                        <i>1 0 0 0 1 0 0 0 1 0 1.34 0</i>
                        <i>1 0 0 0 1 0 0 0 1 0 1.34 0</i>
                        <i>1 0 0 0 1 0 0 0 1 0 1.34 0</i>
                        <i>1 0 0 0 1 0 0 0 1 0 1.34 0</i>
                        <i>1 0 0 0 1 0 0 0 1 0 1.34 0</i>
                        <i>1 0 0 0 1 0 0 0 1 0 1.34 0</i>
                        <i>1 0 0 0 1 0 0 0 1 0 1.34 0</i>
                        <i>1 0 0 0 1 0 0 0 1 0 1.34 0</i>
                        <i>1 0 0 0 1 0 0 0 1 0 1.34 0</i>
                        <i>1 0 0 0 1 0 0 0 1 0 1.34 0</i>
                        <i>1 0 0 0 1 0 0 0 1 0 1.34 0</i>
                        <i>1 0 0 0 1 0 0 0 1 0 1.34 0</i>
                        <i>1 0 0 0 1 0 0 0 1 0 1.34 0</i>
                        <i>1 0 0 0 1 0 0 0 1 0 1.34 0</i>
                        <i>1 0 0 0 1 0 0 0 1 0 1.34 0</i>
                        <i>1 0 0 0 1 0 0 0 1 0 1.34 0</i>
                        <i>1 0 0 0 1 0 0 0 1 0 1.34 0</i>
                        <i>1 0 0 0 1 0 0 0 1 0 1.34 0</i>
                        <i>1 0 0 0 1 0 0 0 1 0 1.34 0</i>
                        <i>1 0 0 0 1 0 0 0 1 0 1.34 0</i>
                        <i>1 0 0 0 1 0 0 0 1 0 1.34 0</i>
                        <i>1 0 0 0 1 0 0 0 1 0 1.34 0</i>
                        <i>1 0 0 0 1 0 0 0 1 0 1.34 0</i>
                        <i>1 0 0 0 1 0 0 0 1 0 1.34 0</i>
                        <i>1 0 0 0 1 0 0 0 1 0 1.34 0</i>
                        <i>1 0 0 0 1 0 0 0 1 0 1.34 0</i>
                        <i>1 0 0 0 1 0 0 0 1 0 1.34 0</i>
                        <i>1 0 0 0 1 0 0 0 1 0 1.34 0</i>
                        <i>1 0 0 0 1 0 0 0 1 0 1.34 0</i>
                        <i>1 0 0 0 1 0 0 0 1 0 1.34 0</i>
                        <i>1 0 0 0 1 0 0 0 1 0 1.34 0</i>
                        <i>1 0 0 0 1 0 0 0 1 0 1.34 0</i>
                        <i>1 0 0 0 1 0 0 0 1 0 1.34 0</i>
                        <i>1 0 0 0 1 0 0 0 1 0 1.34 0</i>
                        <i>1 0 0 0 1 0 0 0 1 0 1.34 0</i>
                        <i>1 0 0 0 1 0 0 0 1 0 1.34 0</i>
                        <i>1 0 0 0 1 0 0 0 1 0 1.34 0</i>
                        <i>1 0 0 0 1 0 0 0 1 0 1.34 0</i>
                        <i>1 0 0 0 1 0 0 0 1 0 1.34 0</i>
                        <i>1 0 0 0 1 0 0 0 1 0 1.34 0</i>
                        <i>1 0 0 0 1 0 0 0 1 0 1.34 0</i>
                        <i>1 0 0 0 1 0 0 0 1 0 1.34 0</i>
                        <i>1 0 0 0 1 0 0 0 1 0 1.34 0</i>
                        <i>1 0 0 0 1 0 0 0 1 0 1.34 0</i>
                        <i>1 0 0 0 1 0 0 0 1 0 1.34 0</i>
                        <i>1 0 0 0 1 0 0 0 1 0 1.34 0</i>
                        <i>1 0 0 0 1 0 0 0 1 0 1.34 0</i>
                        <i>1 0 0 0 1 0 0 0 1 0 1.34 0</i>
                        <i>1 0 0 0 1 0 0 0 1 0 1.34 0</i>
                        <i>1 0 0 0 1 0 0 0 1 0 1.34 0</i>
                        <i>1 0 0 0 1 0 0 0 1 0 1.34 0</i>
                        <i>1 0 0 0 1 0 0 0 1 0 1.34 0</i>
                        <i>1 0 0 0 1 0 0 0 1 0 1.34 0</i>
                        <i>1 0 0 0 1 0 0 0 1 0 1.34 0</i>
                        <i>1 0 0 0 1 0 0 0 1 0 1.34 0</i>
                        <i>1 0 0 0 1 0 0 0 1 0 1.34 0</i>
                        <i>1 0 0 0 1 0 0 0 1 0 1.34 0</i>
                        <i>1 0 0 0 1 0 0 0 1 0 1.34 0</i>
                        <i>1 0 0 0 1 0 0 0 1 0 1.34 0</i>
                        <i>1 0 0 0 1 0 0 0 1 0 1.34 0</i>
                        <i>1 0 0 0 1 0 0 0 1 0 1.34 0</i>
                        <i>1 0 0 0 1 0 0 0 1 0 1.34 0</i>
                        <i>1 0 0 0 1 0 0 0 1 0 1.34 0</i>
                        <i>1 0 0 0 1 0 0 0 1 0 1.34 0</i>
                        <i>1 0 0 0 1 0 0 0 1 0 1.34 0</i>
                        <i>1 0 0 0 1 0 0 0 1 0 1.34 0</i>
                        <i>1 0 0 0 1 0 0 0 1 0 1.34 0</i>
                        <i>1 0 0 0 1 0 0 0 1 0 1.34 0</i>
                        <i>1 0 0 0 1 0 0 0 1 0 1.34 0</i>
                        <i>1 0 0 0 1 0 0 0 1 0 1.34 0</i>
                        <i>1 0 0 0 1 0 0 0 1 0 1.34 0</i>
                        <i>1 0 0 0 1 0 0 0 1 0 1.34 0</i>
                    </KeyFrames>
                </p>
            </i>
            <i>
                <p>
                    <Name><![CDATA[base]]></Name>
                    <Exclude>0</Exclude>
                    <Additive>0</Additive>
                    <IKPriority>0</IKPriority>
                    <IKRotLimits>-1e+010 -1e+010 -1e+010 1e+010 1e+010 1e+010</IKRotLimits>
                    <IKRotLimitOrder>0</IKRotLimitOrder>
                    <KeyFrames count="97">
                        <i>1 0 0 0 1 0 0 0 1 0 2.20561 0.00934092</i>
                        <i>1 0 0 0 1 0 0 0 1 0 2.09302 0.00934092</i>
                        <i>1 0 0 0 1 0 0 0 1 0 2.02942 0.00934092</i>
                        <i>1 0 0 0 1 0 0 0 1 0 2.13418 0.00934092</i>
                        <i>1 0 0 0 1 0 0 0 1 0 2.24503 0.00934092</i>
                        <i>1 0 0 0 1 0 0 0 1 0 2.25753 0.00934092</i>
                        <i>1 0 0 0 1 0 0 0 1 0 2.25478 0.00934092</i>
                        <i>1 0 0 0 1 0 0 0 1 0 2.24249 0.00934092</i>
                        <i>1 0 0 0 1 0 0 0 1 0 2.22639 0.00934092</i>
                        <i>1 0 0 0 1 0 0 0 1 0 2.21219 0.00934092</i>
                        <i>1 0 0 0 1 0 0 0 1 0 2.20561 0.00934092</i>
                        <i>1 0 0 0 1 0 0 0 1 0 2.20847 0.00934092</i>
                        <i>1 0 0 0 1 0 0 0 1 0 2.21668 0.00934092</i>
                        <i>1 0 0 0 1 0 0 0 1 0 2.22702 0.00934092</i>
                        <i>1 0 0 0 1 0 0 0 1 0 2.23629 0.00934092</i>
                        <i>1 0 0 0 1 0 0 0 1 0 2.23629 0.00934092</i>
                        <i>1 0 0 0 1 0 0 0 1 0 2.23629 0.00934092</i>
                        <i>1 0 0 0 1 0 0 0 1 0 2.23629 0.00934092</i>
                        <i>1 0 0 0 1 0 0 0 1 0 2.23629 0.00934092</i>
                        <i>1 0 0 0 1 0 0 0 1 0 2.23629 0.00934092</i>
                        <i>1 0 0 0 1 0 0 0 1 0 2.23629 0.00934092</i>
                        <i>1 0 0 0 1 0 0 0 1 0 2.23629 0.00934092</i>
                        <i>1 0 0 0 1 0 0 0 1 0 2.23629 0.00934092</i>
                        <i>1 0 0 0 1 0 0 0 1 0 2.23629 0.00934092</i>
                        <i>1 0 0 0 1 0 0 0 1 0 2.23629 0.00934092</i>
                        <i>1 0 0 0 1 0 0 0 1 0 2.23629 0.00934092</i>
                        <i>1 0 0 0 1 0 0 0 1 0 2.23629 0.00934092</i>
                        <i>1 0 0 0 1 0 0 0 1 0 2.23629 0.00934092</i>
                        <i>1 0 0 0 1 0 0 0 1 0 2.23629 0.00934092</i>
                        <i>1 0 0 0 1 0 0 0 1 0 2.23629 0.00934092</i>
                        <i>1 0 0 0 1 0 0 0 1 0 2.23629 0.00934092</i>
                        <i>1 0 0 0 1 0 0 0 1 0 2.23629 0.00934092</i>
                        <i>1 0 0 0 1 0 0 0 1 0 2.23629 0.00934092</i>
                        <i>1 0 0 0 1 0 0 0 1 0 2.23629 0.00934092</i>
                        <i>1 0 0 0 1 0 0 0 1 0 2.23629 0.00934092</i>
                        <i>1 0 0 0 1 0 0 0 1 0 2.23629 0.00934092</i>
                        <i>1 0 0 0 1 0 0 0 1 0 2.23629 0.00934092</i>
                        <i>1 0 0 0 1 0 0 0 1 0 2.23629 0.00934092</i>
                        <i>1 0 0 0 1 0 0 0 1 0 2.23629 0.00934092</i>
                        <i>1 0 0 0 1 0 0 0 1 0 2.23629 0.00934092</i>
                        <i>1 0 0 0 1 0 0 0 1 0 2.23629 0.00934092</i>
                        <i>1 0 0 0 1 0 0 0 1 0 2.23629 0.00934092</i>
                        <i>1 0 0 0 1 0 0 0 1 0 2.23629 0.00934092</i>
                        <i>1 0 0 0 1 0 0 0 1 0 2.23629 0.00934092</i>
                        <i>1 0 0 0 1 0 0 0 1 0 2.23629 0.00934092</i>
                        <i>1 0 0 0 1 0 0 0 1 0 2.23629 0.00934092</i>
                        <i>1 0 0 0 1 0 0 0 1 0 2.23629 0.00934092</i>
                        <i>1 0 0 0 1 0 0 0 1 0 2.23629 0.00934092</i>
                        <i>1 0 0 0 1 0 0 0 1 0 2.23629 0.00934092</i>
                        <i>1 0 0 0 1 0 0 0 1 0 2.23629 0.00934092</i>
                        <i>1 0 0 0 1 0 0 0 1 0 2.23629 0.00934092</i>
                        <i>1 0 0 0 1 0 0 0 1 0 2.23629 0.00934092</i>
                        <i>1 0 0 0 1 0 0 0 1 0 2.23629 0.00934092</i>
                        <i>1 0 0 0 1 0 0 0 1 0 2.23629 0.00934092</i>
                        <i>1 0 0 0 1 0 0 0 1 0 2.23629 0.00934092</i>
                        <i>1 0 0 0 1 0 0 0 1 0 2.23629 0.00934092</i>
                        <i>1 0 0 0 1 0 0 0 1 0 2.23629 0.00934092</i>
                        <i>1 0 0 0 1 0 0 0 1 0 2.23629 0.00934092</i>
                        <i>1 0 0 0 1 0 0 0 1 0 2.23629 0.00934092</i>
                        <i>1 0 0 0 1 0 0 0 1 0 2.23629 0.00934092</i>
                        <i>1 0 0 0 1 0 0 0 1 0 2.23629 0.00934092</i>
                        <i>1 0 0 0 1 0 0 0 1 0 2.23629 0.00934092</i>
                        <i>1 0 0 0 1 0 0 0 1 0 2.23629 0.00934092</i>
                        <i>1 0 0 0 1 0 0 0 1 0 2.23629 0.00934092</i>
                        <i>1 0 0 0 1 0 0 0 1 0 2.23629 0.00934092</i>
                        <i>1 0 0 0 1 0 0 0 1 0 2.23629 0.00934092</i>
                        <i>1 0 0 0 1 0 0 0 1 0 2.23629 0.00934092</i>
                        <i>1 0 0 0 1 0 0 0 1 0 2.23629 0.00934092</i>
                        <i>1 0 0 0 1 0 0 0 1 0 2.23629 0.00934092</i>
                        <i>1 0 0 0 1 0 0 0 1 0 2.23629 0.00934092</i>
                        <i>1 0 0 0 1 0 0 0 1 0 2.23629 0.00934092</i>
                        <i>1 0 0 0 1 0 0 0 1 0 2.23629 0.00934092</i>
                        <i>1 0 0 0 1 0 0 0 1 0 2.23629 0.00934092</i>
                        <i>1 0 0 0 1 0 0 0 1 0 2.23629 0.00934092</i>
                        <i>1 0 0 0 1 0 0 0 1 0 2.23629 0.00934092</i>
                        <i>1 0 0 0 1 0 0 0 1 0 2.23629 0.00934092</i>
                        <i>1 0 0 0 1 0 0 0 1 0 2.23629 0.00934092</i>
                        <i>1 0 0 0 1 0 0 0 1 0 2.23629 0.00934092</i>
                        <i>1 0 0 0 1 0 0 0 1 0 2.23629 0.00934092</i>
                        <i>1 0 0 0 1 0 0 0 1 0 2.23629 0.00934092</i>
                        <i>1 0 0 0 1 0 0 0 1 0 2.23629 0.00934092</i>
                        <i>1 0 0 0 1 0 0 0 1 0 2.23629 0.00934092</i>
                        <i>1 0 0 0 1 0 0 0 1 0 2.23629 0.00934092</i>
                        <i>1 0 0 0 1 0 0 0 1 0 2.23629 0.00934092</i>
                        <i>1 0 0 0 1 0 0 0 1 0 2.23629 0.00934092</i>
                        <i>1 0 0 0 1 0 0 0 1 0 2.23629 0.00934092</i>
                        <i>1 0 0 0 1 0 0 0 1 0 2.23629 0.00934092</i>
                        <i>1 0 0 0 1 0 0 0 1 0 2.23629 0.00934092</i>
                        <i>1 0 0 0 1 0 0 0 1 0 2.23629 0.00934092</i>
                        <i>1 0 0 0 1 0 0 0 1 0 2.23629 0.00934092</i>
                        <i>1 0 0 0 1 0 0 0 1 0 2.23629 0.00934092</i>
                        <i>1 0 0 0 1 0 0 0 1 0 2.23629 0.00934092</i>
                        <i>1 0 0 0 1 0 0 0 1 0 2.23629 0.00934092</i>
                        <i>1 0 0 0 1 0 0 0 1 0 2.23629 0.00934092</i>
                        <i>1 0 0 0 1 0 0 0 1 0 2.23629 0.00934092</i>
                        <i>1 0 0 0 1 0 0 0 1 0 2.23629 0.00934092</i>
                        <i>1 0 0 0 1 0 0 0 1 0 2.23629 0.00934092</i>
                    </KeyFrames>
                </p>
            </i>
            <i>
                <p>
                    <Name><![CDATA[yaw]]></Name>
                    <Exclude>0</Exclude>
                    <Additive>0</Additive>
                    <IKPriority>0</IKPriority>
                    <IKRotLimits>-1e+010 -1e+010 -1e+010 1e+010 1e+010 1e+010</IKRotLimits>
                    <IKRotLimitOrder>0</IKRotLimitOrder>
                    <KeyFrames count="97">
                        <i>1 0 0 0 1 0 0 0 1 0 2.58679 0.00505297</i>
                        <i>1 0 0 0 1 0 0 0 1 0 2.4742 0.00505297</i>
                        <i>1 0 0 0 1 0 0 0 1 0 2.4106 0.00505297</i>
                        <i>1 0 0 0 1 0 0 0 1 0 2.51536 0.00505297</i>
                        <i>1 0 0 0 1 0 0 0 1 0 2.62621 0.00505297</i>
                        <i>1 0 0 0 1 0 0 0 1 0 2.63871 0.00505297</i>
                        <i>1 0 0 0 1 0 0 0 1 0 2.63596 0.00505297</i>
                        <i>1 0 0 0 1 0 0 0 1 0 2.62367 0.00505297</i>
                        <i>1 0 0 0 1 0 0 0 1 0 2.60757 0.00505297</i>
                        <i>1 0 0 0 1 0 0 0 1 0 2.59337 0.00505297</i>
                        <i>1 0 0 0 1 0 0 0 1 0 2.58679 0.00505297</i>
                        <i>1 0 0 0 1 0 0 0 1 0 2.58965 0.00505297</i>
                        <i>1 0 0 0 1 0 0 0 1 0 2.59786 0.00505297</i>
                        <i>1 0 0 0 1 0 0 0 1 0 2.6082 0.00505297</i>
                        <i>1 0 0 0 1 0 0 0 1 0 2.61747 0.00505297</i>
                        <i>1 0 0 0 1 0 0 0 1 0 2.61747 0.00505297</i>
                        <i>1 0 0 0 1 0 0 0 1 0 2.61747 0.00505297</i>
                        <i>1 0 0 0 1 0 0 0 1 0 2.61747 0.00505297</i>
                        <i>1 0 0 0 1 0 0 0 1 0 2.61747 0.00505297</i>
                        <i>1 0 0 0 1 0 0 0 1 0 2.61747 0.00505297</i>
                        <i>1 0 0 0 1 0 0 0 1 0 2.61747 0.00505297</i>
                        <i>1 0 0 0 1 0 0 0 1 0 2.61747 0.00505297</i>
                        <i>1 0 0 0 1 0 0 0 1 0 2.61747 0.00505297</i>
                        <i>1 0 0 0 1 0 0 0 1 0 2.61747 0.00505297</i>
                        <i>1 0 0 0 1 0 0 0 1 0 2.61747 0.00505297</i>
                        <i>1 0 0 0 1 0 0 0 1 0 2.61747 0.00505297</i>
                        <i>1 0 0 0 1 0 0 0 1 0 2.61747 0.00505297</i>
                        <i>1 0 0 0 1 0 0 0 1 0 2.61747 0.00505297</i>
                        <i>1 0 0 0 1 0 0 0 1 0 2.61747 0.00505297</i>
                        <i>1 0 0 0 1 0 0 0 1 0 2.61747 0.00505297</i>
                        <i>1 0 0 0 1 0 0 0 1 0 2.61747 0.00505297</i>
                        <i>1 0 0 0 1 0 0 0 1 0 2.61747 0.00505297</i>
                        <i>1 0 0 0 1 0 0 0 1 0 2.61747 0.00505297</i>
                        <i>1 0 0 0 1 0 0 0 1 0 2.61747 0.00505297</i>
                        <i>1 0 0 0 1 0 0 0 1 0 2.61747 0.00505297</i>
                        <i>1 0 0 0 1 0 0 0 1 0 2.61747 0.00505297</i>
                        <i>1 0 0 0 1 0 0 0 1 0 2.61747 0.00505297</i>
                        <i>1 0 0 0 1 0 0 0 1 0 2.61747 0.00505297</i>
                        <i>1 0 0 0 1 0 0 0 1 0 2.61747 0.00505297</i>
                        <i>1 0 0 0 1 0 0 0 1 0 2.61747 0.00505297</i>
                        <i>1 0 0 0 1 0 0 0 1 0 2.61747 0.00505297</i>
                        <i>1 0 0 0 1 0 0 0 1 0 2.61747 0.00505297</i>
                        <i>1 0 0 0 1 0 0 0 1 0 2.61747 0.00505297</i>
                        <i>1 0 0 0 1 0 0 0 1 0 2.61747 0.00505297</i>
                        <i>1 0 0 0 1 0 0 0 1 0 2.61747 0.00505297</i>
                        <i>1 0 0 0 1 0 0 0 1 0 2.61747 0.00505297</i>
                        <i>1 0 0 0 1 0 0 0 1 0 2.61747 0.00505297</i>
                        <i>1 0 0 0 1 0 0 0 1 0 2.61747 0.00505297</i>
                        <i>1 0 0 0 1 0 0 0 1 0 2.61747 0.00505297</i>
                        <i>1 0 0 0 1 0 0 0 1 0 2.61747 0.00505297</i>
                        <i>1 0 0 0 1 0 0 0 1 0 2.61747 0.00505297</i>
                        <i>1 0 0 0 1 0 0 0 1 0 2.61747 0.00505297</i>
                        <i>1 0 0 0 1 0 0 0 1 0 2.61747 0.00505297</i>
                        <i>1 0 0 0 1 0 0 0 1 0 2.61747 0.00505297</i>
                        <i>1 0 0 0 1 0 0 0 1 0 2.61747 0.00505297</i>
                        <i>1 0 0 0 1 0 0 0 1 0 2.61747 0.00505297</i>
                        <i>1 0 0 0 1 0 0 0 1 0 2.61747 0.00505297</i>
                        <i>1 0 0 0 1 0 0 0 1 0 2.61747 0.00505297</i>
                        <i>1 0 0 0 1 0 0 0 1 0 2.61747 0.00505297</i>
                        <i>1 0 0 0 1 0 0 0 1 0 2.61747 0.00505297</i>
                        <i>1 0 0 0 1 0 0 0 1 0 2.61747 0.00505297</i>
                        <i>1 0 0 0 1 0 0 0 1 0 2.61747 0.00505297</i>
                        <i>1 0 0 0 1 0 0 0 1 0 2.61747 0.00505297</i>
                        <i>1 0 0 0 1 0 0 0 1 0 2.61747 0.00505297</i>
                        <i>1 0 0 0 1 0 0 0 1 0 2.61747 0.00505297</i>
                        <i>1 0 0 0 1 0 0 0 1 0 2.61747 0.00505297</i>
                        <i>1 0 0 0 1 0 0 0 1 0 2.61747 0.00505297</i>
                        <i>1 0 0 0 1 0 0 0 1 0 2.61747 0.00505297</i>
                        <i>1 0 0 0 1 0 0 0 1 0 2.61747 0.00505297</i>
                        <i>1 0 0 0 1 0 0 0 1 0 2.61747 0.00505297</i>
                        <i>1 0 0 0 1 0 0 0 1 0 2.61747 0.00505297</i>
                        <i>1 0 0 0 1 0 0 0 1 0 2.61747 0.00505297</i>
                        <i>1 0 0 0 1 0 0 0 1 0 2.61747 0.00505297</i>
                        <i>1 0 0 0 1 0 0 0 1 0 2.61747 0.00505297</i>
                        <i>1 0 0 0 1 0 0 0 1 0 2.61747 0.00505297</i>
                        <i>1 0 0 0 1 0 0 0 1 0 2.61747 0.00505297</i>
                        <i>1 0 0 0 1 0 0 0 1 0 2.61747 0.00505297</i>
                        <i>1 0 0 0 1 0 0 0 1 0 2.61747 0.00505297</i>
                        <i>1 0 0 0 1 0 0 0 1 0 2.61747 0.00505297</i>
                        <i>1 0 0 0 1 0 0 0 1 0 2.61747 0.00505297</i>
                        <i>1 0 0 0 1 0 0 0 1 0 2.61747 0.00505297</i>
                        <i>1 0 0 0 1 0 0 0 1 0 2.61747 0.00505297</i>
                        <i>1 0 0 0 1 0 0 0 1 0 2.61747 0.00505297</i>
                        <i>1 0 0 0 1 0 0 0 1 0 2.61747 0.00505297</i>
                        <i>1 0 0 0 1 0 0 0 1 0 2.61747 0.00505297</i>
                        <i>1 0 0 0 1 0 0 0 1 0 2.61747 0.00505297</i>
                        <i>1 0 0 0 1 0 0 0 1 0 2.61747 0.00505297</i>
                        <i>1 0 0 0 1 0 0 0 1 0 2.61747 0.00505297</i>
                        <i>1 0 0 0 1 0 0 0 1 0 2.61747 0.00505297</i>
                        <i>1 0 0 0 1 0 0 0 1 0 2.61747 0.00505297</i>
                        <i>1 0 0 0 1 0 0 0 1 0 2.61747 0.00505297</i>
                        <i>1 0 0 0 1 0 0 0 1 0 2.61747 0.00505297</i>
                        <i>1 0 0 0 1 0 0 0 1 0 2.61747 0.00505297</i>
                        <i>1 0 0 0 1 0 0 0 1 0 2.61747 0.00505297</i>
                        <i>1 0 0 0 1 0 0 0 1 0 2.61747 0.00505297</i>
                        <i>1 0 0 0 1 0 0 0 1 0 2.61747 0.00505297</i>
                        <i>1 0 0 0 1 0 0 0 1 0 2.61747 0.00505297</i>
                    </KeyFrames>
                </p>
            </i>
            <i>
                <p>
                    <Name><![CDATA[pitch]]></Name>
                    <Exclude>0</Exclude>
                    <Additive>0</Additive>
                    <IKPriority>0</IKPriority>
                    <IKRotLimits>-1e+010 -1e+010 -1e+010 1e+010 1e+010 1e+010</IKRotLimits>
                    <IKRotLimitOrder>0</IKRotLimitOrder>
                    <KeyFrames count="97">
                        <i>1 0 0 0 0.999391 -0.0348995 0 0.0348995 0.999391 0 5.18428 -0.00333545</i>
                        <i>1 0 0 0 0.999391 -0.0348995 0 0.0348995 0.999391 0 5.07169 -0.00333545</i>
                        <i>1 0 0 0 0.999391 -0.0348995 0 0.0348995 0.999391 0 5.00809 -0.00333545</i>
                        <i>1 0 0 0 0.999391 -0.0348995 0 0.0348995 0.999391 0 5.11285 -0.00333545</i>
                        <i>1 0 0 0 0.999391 -0.0348995 0 0.0348995 0.999391 0 5.2237 -0.00333545</i>
                        <i>1 0 0 0 0.999391 -0.0348995 0 0.0348995 0.999391 0 5.2362 -0.00333545</i>
                        <i>1 0 0 0 0.999391 -0.0348995 0 0.0348995 0.999391 0 5.23345 -0.00333545</i>
                        <i>1 0 0 0 0.999391 -0.0348995 0 0.0348995 0.999391 0 5.22116 -0.00333545</i>
                        <i>1 0 0 0 0.999391 -0.0348995 0 0.0348995 0.999391 0 5.20506 -0.00333545</i>
                        <i>1 0 0 0 0.999391 -0.0348995 0 0.0348995 0.999391 0 5.19086 -0.00333545</i>
                        <i>1 0 0 0 0.999391 -0.0348995 0 0.0348995 0.999391 0 5.18428 -0.00333545</i>
                        <i>1 0 0 0 0.999391 -0.0348995 0 0.0348995 0.999391 0 5.18714 -0.00333545</i>
                        <i>1 0 0 0 0.999391 -0.0348995 0 0.0348995 0.999391 0 5.19535 -0.00333545</i>
                        <i>1 0 0 0 0.999391 -0.0348995 0 0.0348995 0.999391 0 5.20569 -0.00333545</i>
                        <i>1 0 0 0 0.999391 -0.0348995 0 0.0348995 0.999391 0 5.21496 -0.00333545</i>
                        <i>1 0 0 0 0.999391 -0.0348995 0 0.0348995 0.999391 0 5.21496 -0.00333545</i>
                        <i>1 0 0 0 0.999391 -0.0348995 0 0.0348995 0.999391 0 5.21496 -0.00333545</i>
                        <i>1 0 0 0 0.999391 -0.0348995 0 0.0348995 0.999391 0 5.21496 -0.00333545</i>
                        <i>1 0 0 0 0.999391 -0.0348995 0 0.0348995 0.999391 0 5.21496 -0.00333545</i>
                        <i>1 0 0 0 0.999391 -0.0348995 0 0.0348995 0.999391 0 5.21496 -0.00333545</i>
                        <i>1 0 0 0 0.999391 -0.0348995 0 0.0348995 0.999391 0 5.21496 -0.00333545</i>
                        <i>1 0 0 0 0.999391 -0.0348995 0 0.0348995 0.999391 0 5.21496 -0.00333545</i>
                        <i>1 0 0 0 0.999391 -0.0348995 0 0.0348995 0.999391 0 5.21496 -0.00333545</i>
                        <i>1 0 0 0 0.999391 -0.0348995 0 0.0348995 0.999391 0 5.21496 -0.00333545</i>
                        <i>1 0 0 0 0.999391 -0.0348995 0 0.0348995 0.999391 0 5.21496 -0.00333545</i>
                        <i>1 0 0 0 0.999391 -0.0348995 0 0.0348995 0.999391 0 5.21496 -0.00333545</i>
                        <i>1 0 0 0 0.999391 -0.0348995 0 0.0348995 0.999391 0 5.21496 -0.00333545</i>
                        <i>1 0 0 0 0.999391 -0.0348995 0 0.0348995 0.999391 0 5.21496 -0.00333545</i>
                        <i>1 0 0 0 0.999391 -0.0348995 0 0.0348995 0.999391 0 5.21496 -0.00333545</i>
                        <i>1 0 0 0 0.999391 -0.0348995 0 0.0348995 0.999391 0 5.21496 -0.00333545</i>
                        <i>1 0 0 0 0.999391 -0.0348995 0 0.0348995 0.999391 0 5.21496 -0.00333545</i>
                        <i>1 0 0 0 0.999391 -0.0348995 0 0.0348995 0.999391 0 5.21496 -0.00333545</i>
                        <i>1 0 0 0 0.999391 -0.0348995 0 0.0348995 0.999391 0 5.21496 -0.00333545</i>
                        <i>1 0 0 0 0.999391 -0.0348995 0 0.0348995 0.999391 0 5.21496 -0.00333545</i>
                        <i>1 0 0 0 0.999391 -0.0348995 0 0.0348995 0.999391 0 5.21496 -0.00333545</i>
                        <i>1 0 0 0 0.999391 -0.0348995 0 0.0348995 0.999391 0 5.21496 -0.00333545</i>
                        <i>1 0 0 0 0.999391 -0.0348995 0 0.0348995 0.999391 0 5.21496 -0.00333545</i>
                        <i>1 0 0 0 0.999391 -0.0348995 0 0.0348995 0.999391 0 5.21496 -0.00333545</i>
                        <i>1 0 0 0 0.999391 -0.0348995 0 0.0348995 0.999391 0 5.21496 -0.00333545</i>
                        <i>1 0 0 0 0.999391 -0.0348995 0 0.0348995 0.999391 0 5.21496 -0.00333545</i>
                        <i>1 0 0 0 0.999391 -0.0348995 0 0.0348995 0.999391 0 5.21496 -0.00333545</i>
                        <i>1 0 0 0 0.999391 -0.0348995 0 0.0348995 0.999391 0 5.21496 -0.00333545</i>
                        <i>1 0 0 0 0.999391 -0.0348995 0 0.0348995 0.999391 0 5.21496 -0.00333545</i>
                        <i>1 0 0 0 0.999391 -0.0348995 0 0.0348995 0.999391 0 5.21496 -0.00333545</i>
                        <i>1 0 0 0 0.999391 -0.0348995 0 0.0348995 0.999391 0 5.21496 -0.00333545</i>
                        <i>1 0 0 0 0.999391 -0.0348995 0 0.0348995 0.999391 0 5.21496 -0.00333545</i>
                        <i>1 0 0 0 0.999391 -0.0348995 0 0.0348995 0.999391 0 5.21496 -0.00333545</i>
                        <i>1 0 0 0 0.999391 -0.0348995 0 0.0348995 0.999391 0 5.21496 -0.00333545</i>
                        <i>1 0 0 0 0.999391 -0.0348995 0 0.0348995 0.999391 0 5.21496 -0.00333545</i>
                        <i>1 0 0 0 0.999391 -0.0348995 0 0.0348995 0.999391 0 5.21496 -0.00333545</i>
                        <i>1 0 0 0 0.999391 -0.0348995 0 0.0348995 0.999391 0 5.21496 -0.00333545</i>
                        <i>1 0 0 0 0.999391 -0.0348995 0 0.0348995 0.999391 0 5.21496 -0.00333545</i>
                        <i>1 0 0 0 0.999391 -0.0348995 0 0.0348995 0.999391 0 5.21496 -0.00333545</i>
                        <i>1 0 0 0 0.999391 -0.0348995 0 0.0348995 0.999391 0 5.21496 -0.00333545</i>
                        <i>1 0 0 0 0.999391 -0.0348995 0 0.0348995 0.999391 0 5.21496 -0.00333545</i>
                        <i>1 0 0 0 0.999391 -0.0348995 0 0.0348995 0.999391 0 5.21496 -0.00333545</i>
                        <i>1 0 0 0 0.999391 -0.0348995 0 0.0348995 0.999391 0 5.21496 -0.00333545</i>
                        <i>1 0 0 0 0.999391 -0.0348995 0 0.0348995 0.999391 0 5.21496 -0.00333545</i>
                        <i>1 0 0 0 0.999391 -0.0348995 0 0.0348995 0.999391 0 5.21496 -0.00333545</i>
                        <i>1 0 0 0 0.999391 -0.0348995 0 0.0348995 0.999391 0 5.21496 -0.00333545</i>
                        <i>1 0 0 0 0.999391 -0.0348995 0 0.0348995 0.999391 0 5.21496 -0.00333545</i>
                        <i>1 0 0 0 0.999391 -0.0348995 0 0.0348995 0.999391 0 5.21496 -0.00333545</i>
                        <i>1 0 0 0 0.999391 -0.0348995 0 0.0348995 0.999391 0 5.21496 -0.00333545</i>
                        <i>1 0 0 0 0.999391 -0.0348995 0 0.0348995 0.999391 0 5.21496 -0.00333545</i>
                        <i>1 0 0 0 0.999391 -0.0348995 0 0.0348995 0.999391 0 5.21496 -0.00333545</i>
                        <i>1 0 0 0 0.999391 -0.0348995 0 0.0348995 0.999391 0 5.21496 -0.00333545</i>
                        <i>1 0 0 0 0.999391 -0.0348995 0 0.0348995 0.999391 0 5.21496 -0.00333545</i>
                        <i>1 0 0 0 0.999391 -0.0348995 0 0.0348995 0.999391 0 5.21496 -0.00333545</i>
                        <i>1 0 0 0 0.999391 -0.0348995 0 0.0348995 0.999391 0 5.21496 -0.00333545</i>
                        <i>1 0 0 0 0.999391 -0.0348995 0 0.0348995 0.999391 0 5.21496 -0.00333545</i>
                        <i>1 0 0 0 0.999391 -0.0348995 0 0.0348995 0.999391 0 5.21496 -0.00333545</i>
                        <i>1 0 0 0 0.999391 -0.0348995 0 0.0348995 0.999391 0 5.21496 -0.00333545</i>
                        <i>1 0 0 0 0.999391 -0.0348995 0 0.0348995 0.999391 0 5.21496 -0.00333545</i>
                        <i>1 0 0 0 0.999057 -0.0434111 0 0.0434111 0.999057 0 5.21496 -0.00333545</i>
                        <i>1 0 0 0 0.998588 -0.0531177 0 0.0531177 0.998588 0 5.21496 -0.00333545</i>
                        <i>1 0 0 0 0.997995 -0.0632981 0 0.0632981 0.997995 0 5.21496 -0.00333545</i>
                        <i>1 0 0 0 0.997315 -0.0732327 0 0.0732327 0.997315 0 5.21496 -0.00333545</i>
                        <i>1 0 0 0 0.996616 -0.0822036 0 0.0822036 0.996616 0 5.21496 -0.00333545</i>
                        <i>1 0 0 0 0.995987 -0.089495 0 0.089495 0.995987 0 5.21496 -0.00333545</i>
                        <i>1 0 0 0 0.995535 -0.0943931 0 0.0943931 0.995535 0 5.21496 -0.00333545</i>
                        <i>1 0 0 0 0.995364 -0.0961845 0 0.0961845 0.995364 0 5.21496 -0.00333545</i>
                        <i>1 0 0 0 0.995364 -0.0961845 0 0.0961845 0.995364 0 5.21496 -0.00333545</i>
                        <i>1 0 0 0 0.995364 -0.0961845 0 0.0961845 0.995364 0 5.21496 -0.00333545</i>
                        <i>1 0 0 0 0.995364 -0.0961845 0 0.0961845 0.995364 0 5.21496 -0.00333545</i>
                        <i>1 0 0 0 0.995364 -0.0961845 0 0.0961845 0.995364 0 5.21496 -0.00333545</i>
                        <i>1 0 0 0 0.995364 -0.0961845 0 0.0961845 0.995364 0 5.21496 -0.00333545</i>
                        <i>1 0 0 0 0.989172 -0.146764 0 0.146764 0.989172 0 5.21496 -0.00333545</i>
                        <i>1 0 0 0 0.971724 -0.236119 0 0.236119 0.971724 0 5.21496 -0.00333545</i>
                        <i>1 0 0 0 0.961926 -0.273311 0 0.273311 0.961926 0 5.21496 -0.00333545</i>
                        <i>1 0 0 0 0.975183 -0.221399 0 0.221399 0.975183 0 5.21496 -0.00333545</i>
                        <i>1 0 0 0 0.991983 -0.126371 0 0.126371 0.991983 0 5.21496 -0.00333545</i>
                        <i>1 0 0 0 0.999627 -0.0272946 0 0.0272946 0.999627 0 5.21496 -0.00333545</i>
                        <i>1 0 0 0 0.999391 0.0348995 0 -0.0348995 0.999391 0 5.21496 -0.00333545</i>
                        <i>1 0 0 0 0.99902 0.0442668 0 -0.0442668 0.99902 0 5.21496 -0.00333545</i>
                        <i>1 0 0 0 0.999716 0.0238447 0 -0.0238447 0.999716 0 5.21496 -0.00333545</i>
                        <i>1 0 0 0 0.999964 -0.00851058 0 0.00851058 0.999964 0 5.21496 -0.00333545</i>
                        <i>1 0 0 0 0.999391 -0.0348995 0 0.0348995 0.999391 0 5.21496 -0.00333545</i>
                    </KeyFrames>
                </p>
            </i>
            <i>
                <p>
                    <Name><![CDATA[magazine]]></Name>
                    <Exclude>0</Exclude>
                    <Additive>0</Additive>
                    <IKPriority>0</IKPriority>
                    <IKRotLimits>-1e+010 -1e+010 -1e+010 1e+010 1e+010 1e+010</IKRotLimits>
                    <IKRotLimitOrder>0</IKRotLimitOrder>
                    <KeyFrames count="97">
                        <i>1 0 0 0 1 0 0 0 1 0 5.69417 -0.69244</i>
                        <i>1 0 0 0 1 0 0 0 1 0 5.58159 -0.69244</i>
                        <i>1 0 0 0 1 0 0 0 1 0 5.51798 -0.69244</i>
                        <i>0.997815 0.00369247 0.0659723 0.00956639 0.979845 -0.199531 -0.0653793 0.199726 0.977668 0.105036 5.7168 -0.958447</i>
                        <i>0.991168 0.018968 0.131251 0.0338379 0.920784 -0.388602 -0.128225 0.389611 0.91201 0.211321 5.9719 -1.22314</i>
                        <i>0.97994 0.0368 0.195865 0.0803497 0.826431 -0.557275 -0.182376 0.561834 0.806896 0.318605 6.14125 -1.48583</i>
                        <i>0.96444 0.0483982 0.259834 0.152583 0.700771 -0.696878 -0.215812 0.711743 0.668467 0.426639 6.27038 -1.74581</i>
                        <i>0.945244 0.0455932 0.323165 0.24734 0.545938 -0.800484 -0.212925 0.836584 0.504768 0.535173 6.32739 -2.00237</i>
                        <i>0.922327 0.0211754 0.385831 0.352857 0.360823 -0.863307 -0.157497 0.932394 0.325325 0.643957 6.28042 -2.25483</i>
                        <i>0.893622 -0.0307233 0.447768 0.447336 0.142036 -0.883015 -0.0364698 0.989385 0.14067 0.752741 6.09758 -2.50247</i>
                        <i>0.85449 -0.109726 0.507748 0.497318 -0.109586 -0.860619 0.150074 0.987902 -0.0390712 0.861274 5.75952 -2.74504</i>
                        <i>0.79932 -0.204769 0.564939 0.468997 -0.375166 -0.799557 0.375671 0.904057 -0.203842 0.969308 5.29311 -2.98403</i>
                        <i>0.72374 -0.303559 0.619719 0.344318 -0.619419 -0.705525 0.598034 0.723997 -0.343778 1.07659 4.73178 -3.22135</i>
                        <i>0.627044 -0.393463 0.672312 0.127563 -0.799548 -0.586899 0.768469 0.453773 -0.45116 1.18288 4.10988 -3.45893</i>
                        <i>0.51306 -0.462949 0.722806 -0.15275 -0.877887 -0.453852 0.844652 0.122445 -0.521124 1.28791 3.46176 -3.6987</i>
                        <i>0.389828 -0.503326 0.771166 -0.450082 -0.834719 -0.317287 0.803406 -0.223401 -0.551934 1.39145 2.81676 -3.94257</i>
                        <i>0.268127 -0.510126 0.817239 -0.712893 -0.675645 -0.18785 0.64799 -0.532236 -0.544824 1.49324 2.22171 -4.19248</i>
                        <i>0.12586 -0.477826 0.869391 -0.936058 -0.34745 -0.0554509 0.328566 -0.806821 -0.491003 1.59303 2.35449 -4.47271</i>
                        <i>-0.00861112 -0.391965 0.91994 -0.990442 0.129996 0.046117 -0.137664 -0.91075 -0.389338 1.69056 2.52582 -4.75979</i>
                        <i>-0.0786418 -0.288812 0.954151 -0.857809 0.507249 0.0828379 -0.507917 -0.811964 -0.287636 1.78561 2.61946 -5.05029</i>
                        <i>-0.0893087 -0.22974 0.969146 -0.780613 0.62048 0.0751523 -0.618601 -0.749816 -0.234752 1.8779 2.51921 -5.34076</i>
                        <i>-0.0749364 -0.21741 0.9732 -0.8506 0.523294 0.0514061 -0.520446 -0.823952 -0.224143 1.96952 2.21694 -5.67213</i>
