<?xml version="1.0" encoding="ISO-8859-1" ?>
<Animl Version="1">
    <ModellingPackage><![CDATA[Maya.2010]]></ModellingPackage>
    <SrcFile><![CDATA[anims\turrets\mortar\red\~src\mortar_m1938\mortar_m1938_reload_high.mb]]></SrcFile>
    <FramesPerSecond>30</FramesPerSecond>
    <TotalFrames>150</TotalFrames>
    <Skeleton>
        <RefFrame>
            <Name><![CDATA[mortar_m1938_ref_frame]]></Name>
            <Exclude>0</Exclude>
            <Additive>0</Additive>
            <IKPriority>0</IKPriority>
            <IKRotLimits>-1e+010 -1e+010 -1e+010 1e+010 1e+010 1e+010</IKRotLimits>
            <IKRotLimitOrder>0</IKRotLimitOrder>
            <KeyFrames count="150">
                <i>1 0 0 0 1 0 0 0 1 0 1.03 -1.97</i>
                <i>1 0 0 0 1 0 0 0 1 0 1.03 -1.97</i>
                <i>1 0 0 0 1 0 0 0 1 0 1.03 -1.97</i>
                <i>1 0 0 0 1 0 0 0 1 0 1.03 -1.97</i>
                <i>1 0 0 0 1 0 0 0 1 0 1.03 -1.97</i>
                <i>1 0 0 0 1 0 0 0 1 0 1.03 -1.97</i>
                <i>1 0 0 0 1 0 0 0 1 0 1.03 -1.97</i>
                <i>1 0 0 0 1 0 0 0 1 0 1.03 -1.97</i>
                <i>1 0 0 0 1 0 0 0 1 0 1.03 -1.97</i>
                <i>1 0 0 0 1 0 0 0 1 0 1.03 -1.97</i>
                <i>1 0 0 0 1 0 0 0 1 0 1.03 -1.97</i>
                <i>1 0 0 0 1 0 0 0 1 0 1.03 -1.97</i>
                <i>1 0 0 0 1 0 0 0 1 0 1.03 -1.97</i>
                <i>1 0 0 0 1 0 0 0 1 0 1.03 -1.97</i>
                <i>1 0 0 0 1 0 0 0 1 0 1.03 -1.97</i>
                <i>1 0 0 0 1 0 0 0 1 0 1.03 -1.97</i>
                <i>1 0 0 0 1 0 0 0 1 0 1.03 -1.97</i>
                <i>1 0 0 0 1 0 0 0 1 0 1.03 -1.97</i>
                <i>1 0 0 0 1 0 0 0 1 0 1.03 -1.97</i>
                <i>1 0 0 0 1 0 0 0 1 0 1.03 -1.97</i>
                <i>1 0 0 0 1 0 0 0 1 0 1.03 -1.97</i>
                <i>1 0 0 0 1 0 0 0 1 0 1.03 -1.97</i>
                <i>1 0 0 0 1 0 0 0 1 0 1.03 -1.97</i>
                <i>1 0 0 0 1 0 0 0 1 0 1.03 -1.97</i>
                <i>1 0 0 0 1 0 0 0 1 0 1.03 -1.97</i>
                <i>1 0 0 0 1 0 0 0 1 0 1.03 -1.97</i>
                <i>1 0 0 0 1 0 0 0 1 0 1.03 -1.97</i>
                <i>1 0 0 0 1 0 0 0 1 0 1.03 -1.97</i>
                <i>1 0 0 0 1 0 0 0 1 0 1.03 -1.97</i>
                <i>1 0 0 0 1 0 0 0 1 0 1.03 -1.97</i>
                <i>1 0 0 0 1 0 0 0 1 0 1.03 -1.97</i>
                <i>1 0 0 0 1 0 0 0 1 0 1.03 -1.97</i>
                <i>1 0 0 0 1 0 0 0 1 0 1.03 -1.97</i>
                <i>1 0 0 0 1 0 0 0 1 0 1.03 -1.97</i>
                <i>1 0 0 0 1 0 0 0 1 0 1.03 -1.97</i>
                <i>1 0 0 0 1 0 0 0 1 0 1.03 -1.97</i>
                <i>1 0 0 0 1 0 0 0 1 0 1.03 -1.97</i>
                <i>1 0 0 0 1 0 0 0 1 0 1.03 -1.97</i>
                <i>1 0 0 0 1 0 0 0 1 0 1.03 -1.97</i>
                <i>1 0 0 0 1 0 0 0 1 0 1.03 -1.97</i>
                <i>1 0 0 0 1 0 0 0 1 0 1.03 -1.97</i>
                <i>1 0 0 0 1 0 0 0 1 0 1.03 -1.97</i>
                <i>1 0 0 0 1 0 0 0 1 0 1.03 -1.97</i>
                <i>1 0 0 0 1 0 0 0 1 0 1.03 -1.97</i>
                <i>1 0 0 0 1 0 0 0 1 0 1.03 -1.97</i>
                <i>1 0 0 0 1 0 0 0 1 0 1.03 -1.97</i>
                <i>1 0 0 0 1 0 0 0 1 0 1.03 -1.97</i>
                <i>1 0 0 0 1 0 0 0 1 0 1.03 -1.97</i>
                <i>1 0 0 0 1 0 0 0 1 0 1.03 -1.97</i>
                <i>1 0 0 0 1 0 0 0 1 0 1.03 -1.97</i>
                <i>1 0 0 0 1 0 0 0 1 0 1.03 -1.97</i>
                <i>1 0 0 0 1 0 0 0 1 0 1.03 -1.97</i>
                <i>1 0 0 0 1 0 0 0 1 0 1.03 -1.97</i>
                <i>1 0 0 0 1 0 0 0 1 0 1.03 -1.97</i>
                <i>1 0 0 0 1 0 0 0 1 0 1.03 -1.97</i>
                <i>1 0 0 0 1 0 0 0 1 0 1.03 -1.97</i>
                <i>1 0 0 0 1 0 0 0 1 0 1.03 -1.97</i>
                <i>1 0 0 0 1 0 0 0 1 0 1.03 -1.97</i>
                <i>1 0 0 0 1 0 0 0 1 0 1.03 -1.97</i>
                <i>1 0 0 0 1 0 0 0 1 0 1.03 -1.97</i>
                <i>1 0 0 0 1 0 0 0 1 0 1.03 -1.97</i>
                <i>1 0 0 0 1 0 0 0 1 0 1.03 -1.97</i>
                <i>1 0 0 0 1 0 0 0 1 0 1.03 -1.97</i>
                <i>1 0 0 0 1 0 0 0 1 0 1.03 -1.97</i>
                <i>1 0 0 0 1 0 0 0 1 0 1.03 -1.97</i>
                <i>1 0 0 0 1 0 0 0 1 0 1.03 -1.97</i>
                <i>1 0 0 0 1 0 0 0 1 0 1.03 -1.97</i>
                <i>1 0 0 0 1 0 0 0 1 0 1.03 -1.97</i>
                <i>1 0 0 0 1 0 0 0 1 0 1.03 -1.97</i>
                <i>1 0 0 0 1 0 0 0 1 0 1.03 -1.97</i>
                <i>1 0 0 0 1 0 0 0 1 0 1.03 -1.97</i>
                <i>1 0 0 0 1 0 0 0 1 0 1.03 -1.97</i>
                <i>1 0 0 0 1 0 0 0 1 0 1.03 -1.97</i>
                <i>1 0 0 0 1 0 0 0 1 0 1.03 -1.97</i>
                <i>1 0 0 0 1 0 0 0 1 0 1.03 -1.97</i>
                <i>1 0 0 0 1 0 0 0 1 0 1.03 -1.97</i>
                <i>1 0 0 0 1 0 0 0 1 0 1.03 -1.97</i>
                <i>1 0 0 0 1 0 0 0 1 0 1.03 -1.97</i>
                <i>1 0 0 0 1 0 0 0 1 0 1.03 -1.97</i>
                <i>1 0 0 0 1 0 0 0 1 0 1.03 -1.97</i>
                <i>1 0 0 0 1 0 0 0 1 0 1.03 -1.97</i>
                <i>1 0 0 0 1 0 0 0 1 0 1.03 -1.97</i>
                <i>1 0 0 0 1 0 0 0 1 0 1.03 -1.97</i>
                <i>1 0 0 0 1 0 0 0 1 0 1.03 -1.97</i>
                <i>1 0 0 0 1 0 0 0 1 0 1.03 -1.97</i>
                <i>1 0 0 0 1 0 0 0 1 0 1.03 -1.97</i>
                <i>1 0 0 0 1 0 0 0 1 0 1.03 -1.97</i>
                <i>1 0 0 0 1 0 0 0 1 0 1.03 -1.97</i>
                <i>1 0 0 0 1 0 0 0 1 0 1.03 -1.97</i>
                <i>1 0 0 0 1 0 0 0 1 0 1.03 -1.97</i>
                <i>1 0 0 0 1 0 0 0 1 0 1.03 -1.97</i>
                <i>1 0 0 0 1 0 0 0 1 0 1.03 -1.97</i>
                <i>1 0 0 0 1 0 0 0 1 0 1.03 -1.97</i>
                <i>1 0 0 0 1 0 0 0 1 0 1.03 -1.97</i>
                <i>1 0 0 0 1 0 0 0 1 0 1.03 -1.97</i>
                <i>1 0 0 0 1 0 0 0 1 0 1.03 -1.97</i>
                <i>1 0 0 0 1 0 0 0 1 0 1.03 -1.97</i>
                <i>1 0 0 0 1 0 0 0 1 0 1.03 -1.97</i>
                <i>1 0 0 0 1 0 0 0 1 0 1.03 -1.97</i>
                <i>1 0 0 0 1 0 0 0 1 0 1.03 -1.97</i>
                <i>1 0 0 0 1 0 0 0 1 0 1.03 -1.97</i>
                <i>1 0 0 0 1 0 0 0 1 0 1.03 -1.97</i>
                <i>1 0 0 0 1 0 0 0 1 0 1.03 -1.97</i>
                <i>1 0 0 0 1 0 0 0 1 0 1.03 -1.97</i>
                <i>1 0 0 0 1 0 0 0 1 0 1.03 -1.97</i>
                <i>1 0 0 0 1 0 0 0 1 0 1.03 -1.97</i>
                <i>1 0 0 0 1 0 0 0 1 0 1.03 -1.97</i>
                <i>1 0 0 0 1 0 0 0 1 0 1.03 -1.97</i>
                <i>1 0 0 0 1 0 0 0 1 0 1.03 -1.97</i>
                <i>1 0 0 0 1 0 0 0 1 0 1.03 -1.97</i>
                <i>1 0 0 0 1 0 0 0 1 0 1.03 -1.97</i>
                <i>1 0 0 0 1 0 0 0 1 0 1.03 -1.97</i>
                <i>1 0 0 0 1 0 0 0 1 0 1.03 -1.97</i>
                <i>1 0 0 0 1 0 0 0 1 0 1.03 -1.97</i>
                <i>1 0 0 0 1 0 0 0 1 0 1.03 -1.97</i>
                <i>1 0 0 0 1 0 0 0 1 0 1.03 -1.97</i>
                <i>1 0 0 0 1 0 0 0 1 0 1.03 -1.97</i>
                <i>1 0 0 0 1 0 0 0 1 0 1.03 -1.97</i>
                <i>1 0 0 0 1 0 0 0 1 0 1.03 -1.97</i>
                <i>1 0 0 0 1 0 0 0 1 0 1.03 -1.97</i>
                <i>1 0 0 0 1 0 0 0 1 0 1.03 -1.97</i>
                <i>1 0 0 0 1 0 0 0 1 0 1.03 -1.97</i>
                <i>1 0 0 0 1 0 0 0 1 0 1.03 -1.97</i>
                <i>1 0 0 0 1 0 0 0 1 0 1.03 -1.97</i>
                <i>1 0 0 0 1 0 0 0 1 0 1.03 -1.97</i>
                <i>1 0 0 0 1 0 0 0 1 0 1.03 -1.97</i>
                <i>1 0 0 0 1 0 0 0 1 0 1.03 -1.97</i>
                <i>1 0 0 0 1 0 0 0 1 0 1.03 -1.97</i>
                <i>1 0 0 0 1 0 0 0 1 0 1.03 -1.97</i>
                <i>1 0 0 0 1 0 0 0 1 0 1.03 -1.97</i>
                <i>1 0 0 0 1 0 0 0 1 0 1.03 -1.97</i>
                <i>1 0 0 0 1 0 0 0 1 0 1.03 -1.97</i>
                <i>1 0 0 0 1 0 0 0 1 0 1.03 -1.97</i>
                <i>1 0 0 0 1 0 0 0 1 0 1.03 -1.97</i>
                <i>1 0 0 0 1 0 0 0 1 0 1.03 -1.97</i>
                <i>1 0 0 0 1 0 0 0 1 0 1.03 -1.97</i>
                <i>1 0 0 0 1 0 0 0 1 0 1.03 -1.97</i>
                <i>1 0 0 0 1 0 0 0 1 0 1.03 -1.97</i>
                <i>1 0 0 0 1 0 0 0 1 0 1.03 -1.97</i>
                <i>1 0 0 0 1 0 0 0 1 0 1.03 -1.97</i>
                <i>1 0 0 0 1 0 0 0 1 0 1.03 -1.97</i>
                <i>1 0 0 0 1 0 0 0 1 0 1.03 -1.97</i>
                <i>1 0 0 0 1 0 0 0 1 0 1.03 -1.97</i>
                <i>1 0 0 0 1 0 0 0 1 0 1.03 -1.97</i>
                <i>1 0 0 0 1 0 0 0 1 0 1.03 -1.97</i>
                <i>1 0 0 0 1 0 0 0 1 0 1.03 -1.97</i>
                <i>1 0 0 0 1 0 0 0 1 0 1.03 -1.97</i>
                <i>1 0 0 0 1 0 0 0 1 0 1.03 -1.97</i>
                <i>1 0 0 0 1 0 0 0 1 0 1.03 -1.97</i>
                <i>1 0 0 0 1 0 0 0 1 0 1.03 -1.97</i>
            </KeyFrames>
        </RefFrame>
        <Bones count="12">
            <i>
                <p>
                    <Name><![CDATA[mortar_m1938_root]]></Name>
                    <Exclude>0</Exclude>
                    <Additive>0</Additive>
                    <IKPriority>0</IKPriority>
                    <IKRotLimits>-1e+010 -1e+010 -1e+010 1e+010 1e+010 1e+010</IKRotLimits>
                    <IKRotLimitOrder>0</IKRotLimitOrder>
                    <KeyFrames count="150">
                        <i>1 0 0 0 1 0 0 0 1 0 1.03 -1.96979</i>
                        <i>1 0 0 0 1 0 0 0 1 0 1.03 -1.96979</i>
                        <i>1 0 0 0 1 0 0 0 1 0 1.03 -1.96979</i>
                        <i>1 0 0 0 1 0 0 0 1 0 1.03 -1.96979</i>
                        <i>1 0 0 0 1 0 0 0 1 0 1.03 -1.96979</i>
                        <i>1 0 0 0 1 0 0 0 1 0 1.03 -1.96979</i>
                        <i>1 0 0 0 1 0 0 0 1 0 1.03 -1.96979</i>
                        <i>1 0 0 0 1 0 0 0 1 0 1.03 -1.96979</i>
                        <i>1 0 0 0 1 0 0 0 1 0 1.03 -1.96979</i>
                        <i>1 0 0 0 1 0 0 0 1 0 1.03 -1.96979</i>
                        <i>1 0 0 0 1 0 0 0 1 0 1.03 -1.96979</i>
                        <i>1 0 0 0 1 0 0 0 1 0 1.03 -1.96979</i>
                        <i>1 0 0 0 1 0 0 0 1 0 1.03 -1.96979</i>
                        <i>1 0 0 0 1 0 0 0 1 0 1.03 -1.96979</i>
                        <i>1 0 0 0 1 0 0 0 1 0 1.03 -1.96979</i>
                        <i>1 0 0 0 1 0 0 0 1 0 1.03 -1.96979</i>
                        <i>1 0 0 0 1 0 0 0 1 0 1.03 -1.96979</i>
                        <i>1 0 0 0 1 0 0 0 1 0 1.03 -1.96979</i>
                        <i>1 0 0 0 1 0 0 0 1 0 1.03 -1.96979</i>
                        <i>1 0 0 0 1 0 0 0 1 0 1.03 -1.96979</i>
                        <i>1 0 0 0 1 0 0 0 1 0 1.03 -1.96979</i>
                        <i>1 0 0 0 1 0 0 0 1 0 1.03 -1.96979</i>
                        <i>1 0 0 0 1 0 0 0 1 0 1.03 -1.96979</i>
                        <i>1 0 0 0 1 0 0 0 1 0 1.03 -1.96979</i>
                        <i>1 0 0 0 1 0 0 0 1 0 1.03 -1.96979</i>
                        <i>1 0 0 0 1 0 0 0 1 0 1.03 -1.96979</i>
                        <i>1 0 0 0 1 0 0 0 1 0 1.03 -1.96979</i>
                        <i>1 0 0 0 1 0 0 0 1 0 1.03 -1.96979</i>
                        <i>1 0 0 0 1 0 0 0 1 0 1.03 -1.96979</i>
                        <i>1 0 0 0 1 0 0 0 1 0 1.03 -1.96979</i>
                        <i>1 0 0 0 1 0 0 0 1 0 1.03 -1.96979</i>
                        <i>1 0 0 0 1 0 0 0 1 0 1.03 -1.96979</i>
                        <i>1 0 0 0 1 0 0 0 1 0 1.03 -1.96979</i>
                        <i>1 0 0 0 1 0 0 0 1 0 1.03 -1.96979</i>
                        <i>1 0 0 0 1 0 0 0 1 0 1.03 -1.96979</i>
                        <i>1 0 0 0 1 0 0 0 1 0 1.03 -1.96979</i>
                        <i>1 0 0 0 1 0 0 0 1 0 1.03 -1.96979</i>
                        <i>1 0 0 0 1 0 0 0 1 0 1.03 -1.96979</i>
                        <i>1 0 0 0 1 0 0 0 1 0 1.03 -1.96979</i>
                        <i>1 0 0 0 1 0 0 0 1 0 1.03 -1.96979</i>
                        <i>1 0 0 0 1 0 0 0 1 0 1.03 -1.96979</i>
                        <i>1 0 0 0 1 0 0 0 1 0 1.03 -1.96979</i>
                        <i>1 0 0 0 1 0 0 0 1 0 1.03 -1.96979</i>
                        <i>1 0 0 0 1 0 0 0 1 0 1.03 -1.96979</i>
                        <i>1 0 0 0 1 0 0 0 1 0 1.03 -1.96979</i>
                        <i>1 0 0 0 1 0 0 0 1 0 1.03 -1.96979</i>
                        <i>1 0 0 0 1 0 0 0 1 0 1.03 -1.96979</i>
                        <i>1 0 0 0 1 0 0 0 1 0 1.03 -1.96979</i>
                        <i>1 0 0 0 1 0 0 0 1 0 1.03 -1.96979</i>
                        <i>1 0 0 0 1 0 0 0 1 0 1.03 -1.96979</i>
                        <i>1 0 0 0 1 0 0 0 1 0 1.03 -1.96979</i>
                        <i>1 0 0 0 1 0 0 0 1 0 1.03 -1.96979</i>
                        <i>1 0 0 0 1 0 0 0 1 0 1.03 -1.96979</i>
                        <i>1 0 0 0 1 0 0 0 1 0 1.03 -1.96979</i>
                        <i>1 0 0 0 1 0 0 0 1 0 1.03 -1.96979</i>
                        <i>1 0 0 0 1 0 0 0 1 0 1.03 -1.96979</i>
                        <i>1 0 0 0 1 0 0 0 1 0 1.03 -1.96979</i>
                        <i>1 0 0 0 1 0 0 0 1 0 1.03 -1.96979</i>
                        <i>1 0 0 0 1 0 0 0 1 0 1.03 -1.96979</i>
                        <i>1 0 0 0 1 0 0 0 1 0 1.03 -1.96979</i>
                        <i>1 0 0 0 1 0 0 0 1 0 1.03 -1.96979</i>
                        <i>1 0 0 0 1 0 0 0 1 0 1.03 -1.96979</i>
                        <i>1 0 0 0 1 0 0 0 1 0 1.03 -1.96979</i>
                        <i>1 0 0 0 1 0 0 0 1 0 1.03 -1.96979</i>
                        <i>1 0 0 0 1 0 0 0 1 0 1.03 -1.96979</i>
                        <i>1 0 0 0 1 0 0 0 1 0 1.03 -1.96979</i>
                        <i>1 0 0 0 1 0 0 0 1 0 1.03 -1.96979</i>
                        <i>1 0 0 0 1 0 0 0 1 0 1.03 -1.96979</i>
                        <i>1 0 0 0 1 0 0 0 1 0 1.03 -1.96979</i>
                        <i>1 0 0 0 1 0 0 0 1 0 1.03 -1.96979</i>
                        <i>1 0 0 0 1 0 0 0 1 0 1.03 -1.96979</i>
                        <i>1 0 0 0 1 0 0 0 1 0 1.03 -1.96979</i>
                        <i>1 0 0 0 1 0 0 0 1 0 1.03 -1.96979</i>
                        <i>1 0 0 0 1 0 0 0 1 0 1.03 -1.96979</i>
                        <i>1 0 0 0 1 0 0 0 1 0 1.03 -1.96979</i>
                        <i>1 0 0 0 1 0 0 0 1 0 1.03 -1.96979</i>
                        <i>1 0 0 0 1 0 0 0 1 0 1.03 -1.96979</i>
                        <i>1 0 0 0 1 0 0 0 1 0 1.03 -1.96979</i>
                        <i>1 0 0 0 1 0 0 0 1 0 1.03 -1.96979</i>
                        <i>1 0 0 0 1 0 0 0 1 0 1.03 -1.96979</i>
                        <i>1 0 0 0 1 0 0 0 1 0 1.03 -1.96979</i>
                        <i>1 0 0 0 1 0 0 0 1 0 1.03 -1.96979</i>
                        <i>1 0 0 0 1 0 0 0 1 0 1.03 -1.96979</i>
                        <i>1 0 0 0 1 0 0 0 1 0 1.03 -1.96979</i>
                        <i>1 0 0 0 1 0 0 0 1 0 1.03 -1.96979</i>
                        <i>1 0 0 0 1 0 0 0 1 0 1.03 -1.96979</i>
                        <i>1 0 0 0 1 0 0 0 1 0 1.03 -1.96979</i>
                        <i>1 0 0 0 1 0 0 0 1 0 1.03 -1.96979</i>
                        <i>1 0 0 0 1 0 0 0 1 0 1.03 -1.96979</i>
                        <i>1 0 0 0 1 0 0 0 1 0 1.03 -1.96979</i>
                        <i>1 0 0 0 1 0 0 0 1 0 1.02209 -1.96979</i>
                        <i>1 0 0 0 1 0 0 0 1 0 1.00085 -1.96979</i>
                        <i>1 0 0 0 1 0 0 0 1 0 0.97 -1.96979</i>
                        <i>1 0 0 0 1 0 0 0 1 0 1.00739 -1.96979</i>
                        <i>1 0 0 0 1 0 0 0 1 0 1.03472 -1.96979</i>
                        <i>1 0 0 0 1 0 0 0 1 0 1.05 -1.96979</i>
                        <i>1 0 0 0 1 0 0 0 1 0 1.05181 -1.96979</i>
                        <i>1 0 0 0 1 0 0 0 1 0 1.04458 -1.96979</i>
                        <i>1 0 0 0 1 0 0 0 1 0 1.03506 -1.96979</i>
                        <i>1 0 0 0 1 0 0 0 1 0 1.03 -1.96979</i>
                        <i>1 0 0 0 1 0 0 0 1 0 1.03 -1.96979</i>
                        <i>1 0 0 0 1 0 0 0 1 0 1.03 -1.96979</i>
                        <i>1 0 0 0 1 0 0 0 1 0 1.03 -1.96979</i>
                        <i>1 0 0 0 1 0 0 0 1 0 1.03 -1.96979</i>
                        <i>1 0 0 0 1 0 0 0 1 0 1.03 -1.96979</i>
                        <i>1 0 0 0 1 0 0 0 1 0 1.03 -1.96979</i>
                        <i>1 0 0 0 1 0 0 0 1 0 1.03 -1.96979</i>
                        <i>1 0 0 0 1 0 0 0 1 0 1.03 -1.96979</i>
                        <i>1 0 0 0 1 0 0 0 1 0 1.03 -1.96979</i>
                        <i>1 0 0 0 1 0 0 0 1 0 1.03 -1.96979</i>
                        <i>1 0 0 0 1 0 0 0 1 0 1.03 -1.96979</i>
                        <i>1 0 0 0 1 0 0 0 1 0 1.03 -1.96979</i>
                        <i>1 0 0 0 1 0 0 0 1 0 1.03 -1.96979</i>
                        <i>1 0 0 0 1 0 0 0 1 0 1.03 -1.96979</i>
                        <i>1 0 0 0 1 0 0 0 1 0 1.03 -1.96979</i>
                        <i>1 0 0 0 1 0 0 0 1 0 1.03 -1.96979</i>
                        <i>1 0 0 0 1 0 0 0 1 0 1.03 -1.96979</i>
                        <i>1 0 0 0 1 0 0 0 1 0 1.03 -1.96979</i>
                        <i>1 0 0 0 1 0 0 0 1 0 1.03 -1.96979</i>
                        <i>1 0 0 0 1 0 0 0 1 0 1.03 -1.96979</i>
                        <i>1 0 0 0 1 0 0 0 1 0 1.03 -1.96979</i>
                        <i>1 0 0 0 1 0 0 0 1 0 1.03 -1.96979</i>
                        <i>1 0 0 0 1 0 0 0 1 0 1.03 -1.96979</i>
                        <i>1 0 0 0 1 0 0 0 1 0 1.03 -1.96979</i>
                        <i>1 0 0 0 1 0 0 0 1 0 1.03 -1.96979</i>
                        <i>1 0 0 0 1 0 0 0 1 0 1.03 -1.96979</i>
                        <i>1 0 0 0 1 0 0 0 1 0 1.03 -1.96979</i>
                        <i>1 0 0 0 1 0 0 0 1 0 1.03 -1.96979</i>
                        <i>1 0 0 0 1 0 0 0 1 0 1.03 -1.96979</i>
                        <i>1 0 0 0 1 0 0 0 1 0 1.03 -1.96979</i>
                        <i>1 0 0 0 1 0 0 0 1 0 1.03 -1.96979</i>
                        <i>1 0 0 0 1 0 0 0 1 0 1.03 -1.96979</i>
                        <i>1 0 0 0 1 0 0 0 1 0 1.03 -1.96979</i>
                        <i>1 0 0 0 1 0 0 0 1 0 1.03 -1.96979</i>
                        <i>1 0 0 0 1 0 0 0 1 0 1.03 -1.96979</i>
                        <i>1 0 0 0 1 0 0 0 1 0 1.03 -1.96979</i>
                        <i>1 0 0 0 1 0 0 0 1 0 1.03 -1.96979</i>
                        <i>1 0 0 0 1 0 0 0 1 0 1.03 -1.96979</i>
                        <i>1 0 0 0 1 0 0 0 1 0 1.03 -1.96979</i>
                        <i>1 0 0 0 1 0 0 0 1 0 1.03 -1.96979</i>
                        <i>1 0 0 0 1 0 0 0 1 0 1.03 -1.96979</i>
                        <i>1 0 0 0 1 0 0 0 1 0 1.03 -1.96979</i>
                        <i>1 0 0 0 1 0 0 0 1 0 1.03 -1.96979</i>
                        <i>1 0 0 0 1 0 0 0 1 0 1.03 -1.96979</i>
                        <i>1 0 0 0 1 0 0 0 1 0 1.03 -1.96979</i>
                        <i>1 0 0 0 1 0 0 0 1 0 1.03 -1.96979</i>
                        <i>1 0 0 0 1 0 0 0 1 0 1.03 -1.96979</i>
                        <i>1 0 0 0 1 0 0 0 1 0 1.03 -1.96979</i>
                        <i>1 0 0 0 1 0 0 0 1 0 1.03 -1.96979</i>
                        <i>1 0 0 0 1 0 0 0 1 0 1.03 -1.96979</i>
                    </KeyFrames>
                </p>
            </i>
            <i>
                <p>
                    <Name><![CDATA[pitch]]></Name>
                    <Exclude>0</Exclude>
                    <Additive>0</Additive>
                    <IKPriority>0</IKPriority>
                    <IKRotLimits>-1e+010 -1e+010 -1e+010 1e+010 1e+010 1e+010</IKRotLimits>
                    <IKRotLimitOrder>0</IKRotLimitOrder>
                    <KeyFrames count="150">
                        <i>1 0 0 0 0.866025 -0.5 0 0.5 0.866025 0 0.873701 -1.95498</i>
                        <i>1 0 0 0 0.888343 -0.45918 0 0.45918 0.888343 0 0.873701 -1.95498</i>
                        <i>1 0 0 0 0.910772 -0.41291 0 0.41291 0.910772 0 0.873701 -1.95498</i>
                        <i>1 0 0 0 0.932089 -0.362231 0 0.362231 0.932089 0 0.873701 -1.95498</i>
                        <i>1 0 0 0 0.951276 -0.308339 0 0.308339 0.951276 0 0.873701 -1.95498</i>
                        <i>1 0 0 0 0.967577 -0.252578 0 0.252578 0.967577 0 0.873701 -1.95498</i>
                        <i>1 0 0 0 0.980524 -0.1964 0 0.1964 0.980524 0 0.873701 -1.95498</i>
                        <i>1 0 0 0 0.989962 -0.141333 0 0.141333 0.989962 0 0.873701 -1.95498</i>
                        <i>1 0 0 0 0.996038 -0.0889298 0 0.0889298 0.996038 0 0.873701 -1.95498</i>
                        <i>1 0 0 0 0.99917 -0.0407279 0 0.0407279 0.99917 0 0.873701 -1.95498</i>
                        <i>1 0 0 0 0.999998 0.00178096 0 -0.00178096 0.999998 0 0.873701 -1.95498</i>
                        <i>1 0 0 0 0.999309 0.0371687 0 -0.0371687 0.999309 0 0.873701 -1.95498</i>
                        <i>1 0 0 0 0.997945 0.0640702 0 -0.0640702 0.997945 0 0.873701 -1.95498</i>
                        <i>1 0 0 0 0.996701 0.0811664 0 -0.0811664 0.996701 0 0.873701 -1.95498</i>
                        <i>1 0 0 0 0.996195 0.0871557 0 -0.0871557 0.996195 0 0.873701 -1.95498</i>
                        <i>1 0 0 0 0.995349 0.0963368 0 -0.0963368 0.995349 0 0.873701 -1.95498</i>
                        <i>1 0 0 0 0.994418 0.10551 0 -0.10551 0.994418 0 0.873701 -1.95498</i>
                        <i>1 0 0 0 0.994911 0.100754 0 -0.100754 0.994911 0 0.873701 -1.95498</i>
                        <i>1 0 0 0 0.995767 0.0919173 0 -0.0919173 0.995767 0 0.873701 -1.95498</i>
                        <i>1 0 0 0 0.996195 0.0871557 0 -0.0871557 0.996195 0 0.873701 -1.95498</i>
                        <i>1 0 0 0 0.996195 0.0871557 0 -0.0871557 0.996195 0 0.873701 -1.95498</i>
                        <i>1 0 0 0 0.996195 0.0871557 0 -0.0871557 0.996195 0 0.873701 -1.95498</i>
                        <i>1 0 0 0 0.996195 0.0871557 0 -0.0871557 0.996195 0 0.873701 -1.95498</i>
                        <i>1 0 0 0 0.996195 0.0871557 0 -0.0871557 0.996195 0 0.873701 -1.95498</i>
                        <i>1 0 0 0 0.996195 0.0871557 0 -0.0871557 0.996195 0 0.873701 -1.95498</i>
                        <i>1 0 0 0 0.996195 0.0871557 0 -0.0871557 0.996195 0 0.873701 -1.95498</i>
                        <i>1 0 0 0 0.996195 0.0871557 0 -0.0871557 0.996195 0 0.873701 -1.95498</i>
                        <i>1 0 0 0 0.996195 0.0871557 0 -0.0871557 0.996195 0 0.873701 -1.95498</i>
                        <i>1 0 0 0 0.996195 0.0871557 0 -0.0871557 0.996195 0 0.873701 -1.95498</i>
                        <i>1 0 0 0 0.996195 0.0871557 0 -0.0871557 0.996195 0 0.873701 -1.95498</i>
                        <i>1 0 0 0 0.996195 0.0871557 0 -0.0871557 0.996195 0 0.873701 -1.95498</i>
                        <i>1 0 0 0 0.996195 0.0871557 0 -0.0871557 0.996195 0 0.873701 -1.95498</i>
                        <i>1 0 0 0 0.996195 0.0871557 0 -0.0871557 0.996195 0 0.873701 -1.95498</i>
                        <i>1 0 0 0 0.996195 0.0871557 0 -0.0871557 0.996195 0 0.873701 -1.95498</i>
                        <i>1 0 0 0 0.996195 0.0871557 0 -0.0871557 0.996195 0 0.873701 -1.95498</i>
                        <i>1 0 0 0 0.996195 0.0871557 0 -0.0871557 0.996195 0 0.873701 -1.95498</i>
                        <i>1 0 0 0 0.996195 0.0871557 0 -0.0871557 0.996195 0 0.873701 -1.95498</i>
                        <i>1 0 0 0 0.996195 0.0871557 0 -0.0871557 0.996195 0 0.873701 -1.95498</i>
                        <i>1 0 0 0 0.996195 0.0871557 0 -0.0871557 0.996195 0 0.873701 -1.95498</i>
                        <i>1 0 0 0 0.996195 0.0871557 0 -0.0871557 0.996195 0 0.873701 -1.95498</i>
                        <i>1 0 0 0 0.996195 0.0871557 0 -0.0871557 0.996195 0 0.873701 -1.95498</i>
                        <i>1 0 0 0 0.996195 0.0871557 0 -0.0871557 0.996195 0 0.873701 -1.95498</i>
                        <i>1 0 0 0 0.996195 0.0871557 0 -0.0871557 0.996195 0 0.873701 -1.95498</i>
                        <i>1 0 0 0 0.996195 0.0871557 0 -0.0871557 0.996195 0 0.873701 -1.95498</i>
                        <i>1 0 0 0 0.996195 0.0871557 0 -0.0871557 0.996195 0 0.873701 -1.95498</i>
                        <i>1 0 0 0 0.996195 0.0871557 0 -0.0871557 0.996195 0 0.873701 -1.95498</i>
                        <i>1 0 0 0 0.996195 0.0871557 0 -0.0871557 0.996195 0 0.873701 -1.95498</i>
                        <i>1 0 0 0 0.996195 0.0871557 0 -0.0871557 0.996195 0 0.873701 -1.95498</i>
                        <i>1 0 0 0 0.996195 0.0871557 0 -0.0871557 0.996195 0 0.873701 -1.95498</i>
                        <i>1 0 0 0 0.996195 0.0871557 0 -0.0871557 0.996195 0 0.873701 -1.95498</i>
                        <i>1 0 0 0 0.996195 0.0871557 0 -0.0871557 0.996195 0 0.873701 -1.95498</i>
                        <i>1 0 0 0 0.996195 0.0871557 0 -0.0871557 0.996195 0 0.873701 -1.95498</i>
                        <i>1 0 0 0 0.996195 0.0871557 0 -0.0871557 0.996195 0 0.873701 -1.95498</i>
                        <i>1 0 0 0 0.996195 0.0871557 0 -0.0871557 0.996195 0 0.873701 -1.95498</i>
                        <i>1 0 0 0 0.996195 0.0871557 0 -0.0871557 0.996195 0 0.873701 -1.95498</i>
                        <i>1 0 0 0 0.996195 0.0871557 0 -0.0871557 0.996195 0 0.873701 -1.95498</i>
                        <i>1 0 0 0 0.996195 0.0871557 0 -0.0871557 0.996195 0 0.873701 -1.95498</i>
                        <i>1 0 0 0 0.996195 0.0871557 0 -0.0871557 0.996195 0 0.873701 -1.95498</i>
                        <i>1 0 0 0 0.996195 0.0871557 0 -0.0871557 0.996195 0 0.873701 -1.95498</i>
                        <i>1 0 0 0 0.996195 0.0871557 0 -0.0871557 0.996195 0 0.873701 -1.95498</i>
                        <i>1 0 0 0 0.996195 0.0871557 0 -0.0871557 0.996195 0 0.873701 -1.95498</i>
                        <i>1 0 0 0 0.996195 0.0871557 0 -0.0871557 0.996195 0 0.873701 -1.95498</i>
                        <i>1 0 0 0 0.996195 0.0871557 0 -0.0871557 0.996195 0 0.873701 -1.95498</i>
                        <i>1 0 0 0 0.996195 0.0871557 0 -0.0871557 0.996195 0 0.873701 -1.95498</i>
                        <i>1 0 0 0 0.996195 0.0871557 0 -0.0871557 0.996195 0 0.873701 -1.95498</i>
                        <i>1 0 0 0 0.996195 0.0871557 0 -0.0871557 0.996195 0 0.873701 -1.95498</i>
                        <i>1 0 0 0 0.996195 0.0871557 0 -0.0871557 0.996195 0 0.873701 -1.95498</i>
                        <i>1 0 0 0 0.996195 0.0871557 0 -0.0871557 0.996195 0 0.873701 -1.95498</i>
                        <i>1 0 0 0 0.996195 0.0871557 0 -0.0871557 0.996195 0 0.873701 -1.95498</i>
                        <i>1 0 0 0 0.996195 0.0871557 0 -0.0871557 0.996195 0 0.873701 -1.95498</i>
                        <i>1 0 0 0 0.996195 0.0871557 0 -0.0871557 0.996195 0 0.873701 -1.95498</i>
                        <i>1 0 0 0 0.996195 0.0871557 0 -0.0871557 0.996195 0 0.873701 -1.95498</i>
                        <i>1 0 0 0 0.996195 0.0871557 0 -0.0871557 0.996195 0 0.873701 -1.95498</i>
                        <i>1 0 0 0 0.996195 0.0871557 0 -0.0871557 0.996195 0 0.873701 -1.95498</i>
                        <i>1 0 0 0 0.996195 0.0871557 0 -0.0871557 0.996195 0 0.873701 -1.95498</i>
                        <i>1 0 0 0 0.996195 0.0871557 0 -0.0871557 0.996195 0 0.873701 -1.95498</i>
                        <i>1 0 0 0 0.996195 0.0871557 0 -0.0871557 0.996195 0 0.873701 -1.95498</i>
                        <i>1 0 0 0 0.996195 0.0871557 0 -0.0871557 0.996195 0 0.873701 -1.95498</i>
                        <i>1 0 0 0 0.996195 0.0871557 0 -0.0871557 0.996195 0 0.873701 -1.95498</i>
                        <i>1 0 0 0 0.996195 0.0871557 0 -0.0871557 0.996195 0 0.873701 -1.95498</i>
                        <i>1 0 0 0 0.996195 0.0871557 0 -0.0871557 0.996195 0 0.873701 -1.95498</i>
                        <i>1 0 0 0 0.996195 0.0871557 0 -0.0871557 0.996195 0 0.873701 -1.95498</i>
                        <i>1 0 0 0 0.996195 0.0871557 0 -0.0871557 0.996195 0 0.873701 -1.95498</i>
                        <i>1 0 0 0 0.996195 0.0871557 0 -0.0871557 0.996195 0 0.873701 -1.95498</i>
                        <i>1 0 0 0 0.996195 0.0871557 0 -0.0871557 0.996195 0 0.873701 -1.95498</i>
                        <i>1 0 0 0 0.996195 0.0871557 0 -0.0871557 0.996195 0 0.873701 -1.95498</i>
                        <i>1 0 0 0 0.996195 0.0871557 0 -0.0871557 0.996195 0 0.873701 -1.95498</i>
                        <i>1 0 0 0 0.996195 0.0871557 0 -0.0871557 0.996195 0 0.873701 -1.95498</i>
                        <i>1 0 0 0 0.996195 0.0871557 0 -0.0871557 0.996195 0 0.873701 -1.95498</i>
                        <i>1 0 0 0 0.996195 0.0871557 0 -0.0871557 0.996195 0 0.873701 -1.95498</i>
                        <i>1 0 0 0 0.996195 0.0871557 0 -0.0871557 0.996195 0 0.839025 -1.97306</i>
                        <i>1 0 0 0 0.996195 0.0871557 0 -0.0871557 0.996195 0 0.791014 -1.99114</i>
                        <i>1 0 0 0 0.996195 0.0871557 0 -0.0871557 0.996195 0 0.785573 -1.97398</i>
                        <i>1 0 0 0 0.996195 0.0871557 0 -0.0871557 0.996195 0 0.851087 -1.95498</i>
                        <i>1 0 0 0 0.996195 0.0871557 0 -0.0871557 0.996195 0 0.874012 -1.95796</i>
                        <i>1 0 0 0 0.996195 0.0871557 0 -0.0871557 0.996195 0 0.875393 -1.96734</i>
                        <i>1 0 0 0 0.996195 0.0871557 0 -0.0871557 0.996195 0 0.869161 -1.97277</i>
                        <i>1 0 0 0 0.996195 0.0871557 0 -0.0871557 0.996195 0 0.868587 -1.96828</i>
                        <i>1 0 0 0 0.996195 0.0871557 0 -0.0871557 0.996195 0 0.871579 -1.95983</i>
                        <i>1 0 0 0 0.996195 0.0871557 0 -0.0871557 0.996195 0 0.873701 -1.95498</i>
                        <i>1 0 0 0 0.996195 0.0871557 0 -0.0871557 0.996195 0 0.873701 -1.95498</i>
                        <i>1 0 0 0 0.996195 0.0871557 0 -0.0871557 0.996195 0 0.873701 -1.95498</i>
                        <i>1 0 0 0 0.996195 0.0871557 0 -0.0871557 0.996195 0 0.873701 -1.95498</i>
                        <i>1 0 0 0 0.996195 0.0871557 0 -0.0871557 0.996195 0 0.873701 -1.95498</i>
                        <i>1 0 0 0 0.996195 0.0871557 0 -0.0871557 0.996195 0 0.873701 -1.95498</i>
                        <i>1 0 0 0 0.996195 0.0871557 0 -0.0871557 0.996195 0 0.873701 -1.95498</i>
                        <i>1 0 0 0 0.996195 0.0871557 0 -0.0871557 0.996195 0 0.873701 -1.95498</i>
                        <i>1 0 0 0 0.996195 0.0871557 0 -0.0871557 0.996195 0 0.873701 -1.95498</i>
                        <i>1 0 0 0 0.996195 0.0871557 0 -0.0871557 0.996195 0 0.873701 -1.95498</i>
                        <i>1 0 0 0 0.996195 0.0871557 0 -0.0871557 0.996195 0 0.873701 -1.95498</i>
                        <i>1 0 0 0 0.996195 0.0871557 0 -0.0871557 0.996195 0 0.873701 -1.95498</i>
                        <i>1 0 0 0 0.996195 0.0871557 0 -0.0871557 0.996195 0 0.873701 -1.95498</i>
                        <i>1 0 0 0 0.996195 0.0871557 0 -0.0871557 0.996195 0 0.873701 -1.95498</i>
                        <i>1 0 0 0 0.996195 0.0871557 0 -0.0871557 0.996195 0 0.873701 -1.95498</i>
                        <i>1 0 0 0 0.996195 0.0871557 0 -0.0871557 0.996195 0 0.873701 -1.95498</i>
                        <i>1 0 0 0 0.996195 0.0871557 0 -0.0871557 0.996195 0 0.873701 -1.95498</i>
                        <i>1 0 0 0 0.996195 0.0871557 0 -0.0871557 0.996195 0 0.873701 -1.95498</i>
                        <i>1 0 0 0 0.996195 0.0871557 0 -0.0871557 0.996195 0 0.873701 -1.95498</i>
                        <i>1 0 0 0 0.996195 0.0871557 0 -0.0871557 0.996195 0 0.873701 -1.95498</i>
                        <i>1 0 0 0 0.996195 0.0871557 0 -0.0871557 0.996195 0 0.873701 -1.95498</i>
                        <i>1 0 0 0 0.996195 0.0871557 0 -0.0871557 0.996195 0 0.873701 -1.95498</i>
                        <i>1 0 0 0 0.996195 0.0871557 0 -0.0871557 0.996195 0 0.873701 -1.95498</i>
                        <i>1 0 0 0 0.996195 0.0871557 0 -0.0871557 0.996195 0 0.873701 -1.95498</i>
                        <i>1 0 0 0 0.996195 0.0871557 0 -0.0871557 0.996195 0 0.873701 -1.95498</i>
                        <i>1 0 0 0 0.996195 0.0871557 0 -0.0871557 0.996195 0 0.873701 -1.95498</i>
                        <i>1 0 0 0 0.996195 0.0871557 0 -0.0871557 0.996195 0 0.873701 -1.95498</i>
                        <i>1 0 0 0 0.996195 0.0871557 0 -0.0871557 0.996195 0 0.873701 -1.95498</i>
                        <i>1 0 0 0 0.996195 0.0871557 0 -0.0871557 0.996195 0 0.873701 -1.95498</i>
                        <i>1 0 0 0 0.996195 0.0871557 0 -0.0871557 0.996195 0 0.873701 -1.95498</i>
                        <i>1 0 0 0 0.996195 0.0871557 0 -0.0871557 0.996195 0 0.873701 -1.95498</i>
                        <i>1 0 0 0 0.996843 0.0793999 0 -0.0793999 0.996843 0 0.873701 -1.95498</i>
                        <i>1 0 0 0 0.998343 0.0575512 0 -0.0575512 0.998343 0 0.873701 -1.95498</i>
                        <i>1 0 0 0 0.999718 0.0237344 0 -0.0237344 0.999718 0 0.873701 -1.95498</i>
                        <i>1 0 0 0 0.999802 -0.0198823 0 0.0198823 0.999802 0 0.873701 -1.95498</i>
                        <i>1 0 0 0 0.997473 -0.0710458 0 0.0710458 0.997473 0 0.873701 -1.95498</i>
                        <i>1 0 0 0 0.99185 -0.127411 0 0.127411 0.99185 0 0.873701 -1.95498</i>
                        <i>1 0 0 0 0.982442 -0.186568 0 0.186568 0.982442 0 0.873701 -1.95498</i>
                        <i>1 0 0 0 0.969242 -0.246109 0 0.246109 0.969242 0 0.873701 -1.95498</i>
                        <i>1 0 0 0 0.952768 -0.3037 0 0.3037 0.952768 0 0.873701 -1.95498</i>
                        <i>1 0 0 0 0.934043 -0.35716 0 0.35716 0.934043 0 0.873701 -1.95498</i>
                        <i>1 0 0 0 0.914532 -0.404515 0 0.404515 0.914532 0 0.873701 -1.95498</i>
                        <i>1 0 0 0 0.896022 -0.444009 0 0.444009 0.896022 0 0.873701 -1.95498</i>
                        <i>1 0 0 0 0.880483 -0.474077 0 0.474077 0.880483 0 0.873701 -1.95498</i>
                        <i>1 0 0 0 0.869891 -0.493245 0 0.493245 0.869891 0 0.873701 -1.95498</i>
                        <i>1 0 0 0 0.866025 -0.5 0 0.5 0.866025 0 0.873701 -1.95498</i>
                        <i>1 0 0 0 0.866025 -0.5 0 0.5 0.866025 0 0.851525 -1.95461</i>
                        <i>1 0 0 0 0.866025 -0.5 0 0.5 0.866025 0 0.829349 -1.95423</i>
                        <i>1 0 0 0 0.866025 -0.5 0 0.5 0.866025 0 0.840847 -1.95443</i>
                        <i>1 0 0 0 0.866025 -0.5 0 0.5 0.866025 0 0.862203 -1.95478</i>
                        <i>1 0 0 0 0.866025 -0.5 0 0.5 0.866025 0 0.873701 -1.95498</i>
                    </KeyFrames>
                </p>
            </i>
            <i>
                <p>
                    <Name><![CDATA[body]]></Name>
                    <Exclude>0</Exclude>
                    <Additive>0</Additive>
                    <IKPriority>0</IKPriority>
                    <IKRotLimits>-1e+010 -1e+010 -1e+010 1e+010 1e+010 1e+010</IKRotLimits>
                    <IKRotLimitOrder>0</IKRotLimitOrder>
                    <KeyFrames count="150">
                        <i>1 0 0 0 0.866025 -0.5 0 0.5 0.866025 0 3.06484 -1.94795</i>
                        <i>1 0 0 0 0.888343 -0.45918 0 0.45918 0.888343 0 3.06214 -1.84607</i>
                        <i>1 0 0 0 0.910772 -0.41291 0 0.41291 0.910772 0 3.05365 -1.73376</i>
                        <i>1 0 0 0 0.932089 -0.362231 0 0.362231 0.932089 0 3.0382 -1.61432</i>
                        <i>1 0 0 0 0.951276 -0.308339 0 0.308339 0.951276 0 3.01518 -1.49114</i>
                        <i>1 0 0 0 0.967577 -0.252578 0 0.252578 0.967577 0 2.98463 -1.3676</i>
                        <i>1 0 0 0 0.980524 -0.1964 0 0.1964 0.980524 0 2.94727 -1.24697</i>
                        <i>1 0 0 0 0.989962 -0.141333 0 0.141333 0.989962 0 2.9045 -1.1323</i>
                        <i>1 0 0 0 0.996038 -0.0889298 0 0.0889298 0.996038 0 2.85829 -1.02638</i>
                        <i>1 0 0 0 0.99917 -0.0407279 0 0.0407279 0.99917 0 2.81113 -0.931662</i>
                        <i>1 0 0 0 0.999998 0.00178095 0 -0.00178095 0.999998 0 2.76588 -0.850258</i>
                        <i>1 0 0 0 0.999309 0.0371687 0 -0.0371687 0.999309 0 2.7256 -0.784009</i>
                        <i>1 0 0 0 0.997945 0.0640702 0 -0.0640702 0.997945 0 2.69339 -0.734572</i>
                        <i>1 0 0 0 0.996701 0.0811664 0 -0.0811664 0.996701 0 2.67221 -0.703571</i>
                        <i>1 0 0 0 0.996195 0.0871557 0 -0.0871557 0.996195 0 2.66465 -0.692787</i>
                        <i>1 0 0 0 0.995349 0.0963368 0 -0.0963368 0.995349 0 2.65294 -0.676334</i>
                        <i>1 0 0 0 0.994418 0.10551 0 -0.10551 0.994418 0 2.64108 -0.65999</i>
                        <i>1 0 0 0 0.994911 0.100754 0 -0.100754 0.994911 0 2.64725 -0.668451</i>
                        <i>1 0 0 0 0.995767 0.0919173 0 -0.0919173 0.995767 0 2.6586 -0.684243</i>
                        <i>1 0 0 0 0.996195 0.0871557 0 -0.0871557 0.996195 0 2.66465 -0.692787</i>
                        <i>1 0 0 0 0.996195 0.0871557 0 -0.0871557 0.996195 0 2.66465 -0.692787</i>
                        <i>1 0 0 0 0.996195 0.0871557 0 -0.0871557 0.996195 0 2.66465 -0.692787</i>
                        <i>1 0 0 0 0.996195 0.0871557 0 -0.0871557 0.996195 0 2.66465 -0.692787</i>
                        <i>1 0 0 0 0.996195 0.0871557 0 -0.0871557 0.996195 0 2.66465 -0.692787</i>
                        <i>1 0 0 0 0.996195 0.0871557 0 -0.0871557 0.996195 0 2.66465 -0.692787</i>
                        <i>1 0 0 0 0.996195 0.0871557 0 -0.0871557 0.996195 0 2.66465 -0.692787</i>
                        <i>1 0 0 0 0.996195 0.0871557 0 -0.0871557 0.996195 0 2.66465 -0.692787</i>
                        <i>1 0 0 0 0.996195 0.0871557 0 -0.0871557 0.996195 0 2.66465 -0.692787</i>
                        <i>1 0 0 0 0.996195 0.0871557 0 -0.0871557 0.996195 0 2.66465 -0.692787</i>
                        <i>1 0 0 0 0.996195 0.0871557 0 -0.0871557 0.996195 0 2.66465 -0.692787</i>
                        <i>1 0 0 0 0.996195 0.0871557 0 -0.0871557 0.996195 0 2.66465 -0.692787</i>
                        <i>1 0 0 0 0.996195 0.0871557 0 -0.0871557 0.996195 0 2.66465 -0.692787</i>
                        <i>1 0 0 0 0.996195 0.0871557 0 -0.0871557 0.996195 0 2.66465 -0.692787</i>
                        <i>1 0 0 0 0.996195 0.0871557 0 -0.0871557 0.996195 0 2.66465 -0.692787</i>
                        <i>1 0 0 0 0.996195 0.0871557 0 -0.0871557 0.996195 0 2.66465 -0.692787</i>
                        <i>1 0 0 0 0.996195 0.0871557 0 -0.0871557 0.996195 0 2.66465 -0.692787</i>
                        <i>1 0 0 0 0.996195 0.0871557 0 -0.0871557 0.996195 0 2.66465 -0.692787</i>
                        <i>1 0 0 0 0.996195 0.0871557 0 -0.0871557 0.996195 0 2.66465 -0.692787</i>
                        <i>1 0 0 0 0.996195 0.0871557 0 -0.0871557 0.996195 0 2.66465 -0.692787</i>
                        <i>1 0 0 0 0.996195 0.0871557 0 -0.0871557 0.996195 0 2.66465 -0.692787</i>
                        <i>1 0 0 0 0.996195 0.0871557 0 -0.0871557 0.996195 0 2.66465 -0.692787</i>
                        <i>1 0 0 0 0.996195 0.0871557 0 -0.0871557 0.996195 0 2.66465 -0.692787</i>
                        <i>1 0 0 0 0.996195 0.0871557 0 -0.0871557 0.996195 0 2.66465 -0.692787</i>
                        <i>1 0 0 0 0.996195 0.0871557 0 -0.0871557 0.996195 0 2.66465 -0.692787</i>
                        <i>1 0 0 0 0.996195 0.0871557 0 -0.0871557 0.996195 0 2.66465 -0.692787</i>
                        <i>1 0 0 0 0.996195 0.0871557 0 -0.0871557 0.996195 0 2.66465 -0.692787</i>
                        <i>1 0 0 0 0.996195 0.0871557 0 -0.0871557 0.996195 0 2.66465 -0.692787</i>
                        <i>1 0 0 0 0.996195 0.0871557 0 -0.0871557 0.996195 0 2.66465 -0.692787</i>
                        <i>1 0 0 0 0.996195 0.0871557 0 -0.0871557 0.996195 0 2.66465 -0.692787</i>
                        <i>1 0 0 0 0.996195 0.0871557 0 -0.0871557 0.996195 0 2.66465 -0.692787</i>
                        <i>1 0 0 0 0.996195 0.0871557 0 -0.0871557 0.996195 0 2.66465 -0.692787</i>
