<?xml version="1.0" encoding="ISO-8859-1" ?>
<Animl Version="1">
    <ModellingPackage><![CDATA[Maya.2010]]></ModellingPackage>
    <SrcFile><![CDATA[anims\turrets\antiair\blue\~src\aa_bofors\aa_bofors_fire_crewman_c.mb]]></SrcFile>
    <FramesPerSecond>30</FramesPerSecond>
    <TotalFrames>97</TotalFrames>
    <Skeleton>
        <RefFrame>
            <Name><![CDATA[soldier_ref_frame]]></Name>
            <Exclude>0</Exclude>
            <Additive>0</Additive>
            <IKPriority>0</IKPriority>
            <IKRotLimits>-1e+010 -1e+010 -1e+010 1e+010 1e+010 1e+010</IKRotLimits>
            <IKRotLimitOrder>0</IKRotLimitOrder>
            <KeyFrames count="97">
                <i>1 0 0 0 1 0 0 0 1 2.4 2.83 0.47</i>
                <i>1 0 0 0 1 0 0 0 1 2.4 2.83 0.47</i>
                <i>1 0 0 0 1 0 0 0 1 2.4 2.83 0.47</i>
                <i>1 0 0 0 1 0 0 0 1 2.4 2.83 0.47</i>
                <i>1 0 0 0 1 0 0 0 1 2.4 2.83 0.47</i>
                <i>1 0 0 0 1 0 0 0 1 2.4 2.83 0.47</i>
                <i>1 0 0 0 1 0 0 0 1 2.4 2.83 0.47</i>
                <i>1 0 0 0 1 0 0 0 1 2.4 2.83 0.47</i>
                <i>1 0 0 0 1 0 0 0 1 2.4 2.83 0.47</i>
                <i>1 0 0 0 1 0 0 0 1 2.4 2.83 0.47</i>
                <i>1 0 0 0 1 0 0 0 1 2.4 2.83 0.47</i>
                <i>1 0 0 0 1 0 0 0 1 2.4 2.83 0.47</i>
                <i>1 0 0 0 1 0 0 0 1 2.4 2.83 0.47</i>
                <i>1 0 0 0 1 0 0 0 1 2.4 2.83 0.47</i>
                <i>1 0 0 0 1 0 0 0 1 2.4 2.83 0.47</i>
                <i>1 0 0 0 1 0 0 0 1 2.4 2.83 0.47</i>
                <i>1 0 0 0 1 0 0 0 1 2.4 2.83 0.47</i>
                <i>1 0 0 0 1 0 0 0 1 2.4 2.83 0.47</i>
                <i>1 0 0 0 1 0 0 0 1 2.4 2.83 0.47</i>
                <i>1 0 0 0 1 0 0 0 1 2.4 2.83 0.47</i>
                <i>1 0 0 0 1 0 0 0 1 2.4 2.83 0.47</i>
                <i>1 0 0 0 1 0 0 0 1 2.4 2.83 0.47</i>
                <i>1 0 0 0 1 0 0 0 1 2.4 2.83 0.47</i>
                <i>1 0 0 0 1 0 0 0 1 2.4 2.83 0.47</i>
                <i>1 0 0 0 1 0 0 0 1 2.4 2.83 0.47</i>
                <i>1 0 0 0 1 0 0 0 1 2.4 2.83 0.47</i>
                <i>1 0 0 0 1 0 0 0 1 2.4 2.83 0.47</i>
                <i>1 0 0 0 1 0 0 0 1 2.4 2.83 0.47</i>
                <i>1 0 0 0 1 0 0 0 1 2.4 2.83 0.47</i>
                <i>1 0 0 0 1 0 0 0 1 2.4 2.83 0.47</i>
                <i>1 0 0 0 1 0 0 0 1 2.4 2.83 0.47</i>
                <i>1 0 0 0 1 0 0 0 1 2.4 2.83 0.47</i>
                <i>1 0 0 0 1 0 0 0 1 2.4 2.83 0.47</i>
                <i>1 0 0 0 1 0 0 0 1 2.4 2.83 0.47</i>
                <i>1 0 0 0 1 0 0 0 1 2.4 2.83 0.47</i>
                <i>1 0 0 0 1 0 0 0 1 2.4 2.83 0.47</i>
                <i>1 0 0 0 1 0 0 0 1 2.4 2.83 0.47</i>
                <i>1 0 0 0 1 0 0 0 1 2.4 2.83 0.47</i>
                <i>1 0 0 0 1 0 0 0 1 2.4 2.83 0.47</i>
                <i>1 0 0 0 1 0 0 0 1 2.4 2.83 0.47</i>
                <i>1 0 0 0 1 0 0 0 1 2.4 2.83 0.47</i>
                <i>1 0 0 0 1 0 0 0 1 2.4 2.83 0.47</i>
                <i>1 0 0 0 1 0 0 0 1 2.4 2.83 0.47</i>
                <i>1 0 0 0 1 0 0 0 1 2.4 2.83 0.47</i>
                <i>1 0 0 0 1 0 0 0 1 2.4 2.83 0.47</i>
                <i>1 0 0 0 1 0 0 0 1 2.4 2.83 0.47</i>
                <i>1 0 0 0 1 0 0 0 1 2.4 2.83 0.47</i>
                <i>1 0 0 0 1 0 0 0 1 2.4 2.83 0.47</i>
                <i>1 0 0 0 1 0 0 0 1 2.4 2.83 0.47</i>
                <i>1 0 0 0 1 0 0 0 1 2.4 2.83 0.47</i>
                <i>1 0 0 0 1 0 0 0 1 2.4 2.83 0.47</i>
                <i>1 0 0 0 1 0 0 0 1 2.4 2.83 0.47</i>
                <i>1 0 0 0 1 0 0 0 1 2.4 2.83 0.47</i>
                <i>1 0 0 0 1 0 0 0 1 2.4 2.83 0.47</i>
                <i>1 0 0 0 1 0 0 0 1 2.4 2.83 0.47</i>
                <i>1 0 0 0 1 0 0 0 1 2.4 2.83 0.47</i>
                <i>1 0 0 0 1 0 0 0 1 2.4 2.83 0.47</i>
                <i>1 0 0 0 1 0 0 0 1 2.4 2.83 0.47</i>
                <i>1 0 0 0 1 0 0 0 1 2.4 2.83 0.47</i>
                <i>1 0 0 0 1 0 0 0 1 2.4 2.83 0.47</i>
                <i>1 0 0 0 1 0 0 0 1 2.4 2.83 0.47</i>
                <i>1 0 0 0 1 0 0 0 1 2.4 2.83 0.47</i>
                <i>1 0 0 0 1 0 0 0 1 2.4 2.83 0.47</i>
                <i>1 0 0 0 1 0 0 0 1 2.4 2.83 0.47</i>
                <i>1 0 0 0 1 0 0 0 1 2.4 2.83 0.47</i>
                <i>1 0 0 0 1 0 0 0 1 2.4 2.83 0.47</i>
                <i>1 0 0 0 1 0 0 0 1 2.4 2.83 0.47</i>
                <i>1 0 0 0 1 0 0 0 1 2.4 2.83 0.47</i>
                <i>1 0 0 0 1 0 0 0 1 2.4 2.83 0.47</i>
                <i>1 0 0 0 1 0 0 0 1 2.4 2.83 0.47</i>
                <i>1 0 0 0 1 0 0 0 1 2.4 2.83 0.47</i>
                <i>1 0 0 0 1 0 0 0 1 2.4 2.83 0.47</i>
                <i>1 0 0 0 1 0 0 0 1 2.4 2.83 0.47</i>
                <i>1 0 0 0 1 0 0 0 1 2.4 2.83 0.47</i>
                <i>1 0 0 0 1 0 0 0 1 2.4 2.83 0.47</i>
                <i>1 0 0 0 1 0 0 0 1 2.4 2.83 0.47</i>
                <i>1 0 0 0 1 0 0 0 1 2.4 2.83 0.47</i>
                <i>1 0 0 0 1 0 0 0 1 2.4 2.83 0.47</i>
                <i>1 0 0 0 1 0 0 0 1 2.4 2.83 0.47</i>
                <i>1 0 0 0 1 0 0 0 1 2.4 2.83 0.47</i>
                <i>1 0 0 0 1 0 0 0 1 2.4 2.83 0.47</i>
                <i>1 0 0 0 1 0 0 0 1 2.4 2.83 0.47</i>
                <i>1 0 0 0 1 0 0 0 1 2.4 2.83 0.47</i>
                <i>1 0 0 0 1 0 0 0 1 2.4 2.83 0.47</i>
                <i>1 0 0 0 1 0 0 0 1 2.4 2.83 0.47</i>
                <i>1 0 0 0 1 0 0 0 1 2.4 2.83 0.47</i>
                <i>1 0 0 0 1 0 0 0 1 2.4 2.83 0.47</i>
                <i>1 0 0 0 1 0 0 0 1 2.4 2.83 0.47</i>
                <i>1 0 0 0 1 0 0 0 1 2.4 2.83 0.47</i>
                <i>1 0 0 0 1 0 0 0 1 2.4 2.83 0.47</i>
                <i>1 0 0 0 1 0 0 0 1 2.4 2.83 0.47</i>
                <i>1 0 0 0 1 0 0 0 1 2.4 2.83 0.47</i>
                <i>1 0 0 0 1 0 0 0 1 2.4 2.83 0.47</i>
                <i>1 0 0 0 1 0 0 0 1 2.4 2.83 0.47</i>
                <i>1 0 0 0 1 0 0 0 1 2.4 2.83 0.47</i>
                <i>1 0 0 0 1 0 0 0 1 2.4 2.83 0.47</i>
                <i>1 0 0 0 1 0 0 0 1 2.4 2.83 0.47</i>
            </KeyFrames>
        </RefFrame>
        <Bones count="23">
            <i>
                <p>
                    <Name><![CDATA[pelvis]]></Name>
                    <Exclude>0</Exclude>
                    <Additive>0</Additive>
                    <IKPriority>0</IKPriority>
                    <IKRotLimits>-1e+010 -1e+010 -1e+010 1e+010 1e+010 1e+010</IKRotLimits>
                    <IKRotLimitOrder>2</IKRotLimitOrder>
                    <KeyFrames count="97">
                        <i>1 0 0 0 1 0 0 0 1 2.21751 3.67258 0.150306</i>
                        <i>1 0 0 0 1 0 0 0 1 2.22051 3.67028 0.100838</i>
                        <i>1 0 0 0 1 0 0 0 1 2.22391 3.65709 0.0472252</i>
                        <i>1 0 0 0 1 0 0 0 1 2.22751 3.56099 0.0806323</i>
                        <i>1 0 0 0 1 0 0 0 1 2.23121 3.4861 0.127574</i>
                        <i>1 0 0 0 1 0 0 0 1 2.235 3.55698 0.146452</i>
                        <i>1 0 0 0 1 0 0 0 1 2.23888 3.67136 0.150306</i>
                        <i>1 0 0 0 1 0 0 0 1 2.2429 3.65668 0.139137</i>
                        <i>1 0 0 0 1 0 0 0 1 2.24697 3.63293 0.128031</i>
                        <i>1 0 0 0 1 0 0 0 1 2.25104 3.54074 0.142688</i>
                        <i>1 0 0 0 1 0 0 0 1 2.25509 3.47525 0.154953</i>
                        <i>1 0 0 0 1 0 0 0 1 2.25908 3.55552 0.145056</i>
                        <i>1 0 0 0 1 0 0 0 1 2.26296 3.6763 0.129826</i>
                        <i>1 0 0 0 1 0 0 0 1 2.26668 3.66307 0.113148</i>
                        <i>1 0 0 0 1 0 0 0 1 2.27022 3.64034 0.0974534</i>
                        <i>1 0 0 0 1 0 0 0 1 2.27351 3.54939 0.1086</i>
                        <i>1 0 0 0 1 0 0 0 1 2.27651 3.48492 0.11833</i>
                        <i>1 0 0 0 1 0 0 0 1 2.27917 3.56542 0.106722</i>
                        <i>1 0 0 0 1 0 0 0 1 2.28144 3.68606 0.0907187</i>
                        <i>1 0 0 0 1 0 0 0 1 2.28327 3.67229 0.0741991</i>
                        <i>1 0 0 0 1 0 0 0 1 2.28461 3.64885 0.0596553</i>
                        <i>1 0 0 0 1 0 0 0 1 2.28539 3.55768 0.0730928</i>
                        <i>1 0 0 0 1 0 0 0 1 2.28558 3.49282 0.0861026</i>
                        <i>1 0 0 0 1 0 0 0 1 2.28512 3.57229 0.0786548</i>
                        <i>1 0 0 0 1 0 0 0 1 2.28397 3.69175 0.067802</i>
                        <i>1 0 0 0 1 0 0 0 1 2.28219 3.67672 0.0569257</i>
                        <i>1 0 0 0 1 0 0 0 1 2.27992 3.6522 0.0479207</i>
                        <i>1 0 0 0 1 0 0 0 1 2.27719 3.56026 0.066631</i>
                        <i>1 0 0 0 1 0 0 0 1 2.27402 3.49464 0.0843748</i>
                        <i>1 0 0 0 1 0 0 0 1 2.27047 3.57343 0.080906</i>
                        <i>1 0 0 0 1 0 0 0 1 2.26654 3.69239 0.0731119</i>
                        <i>1 0 0 0 1 0 0 0 1 2.26227 3.67702 0.064671</i>
                        <i>1 0 0 0 1 0 0 0 1 2.25771 3.65218 0.0579098</i>
                        <i>1 0 0 0 1 0 0 0 1 2.25287 3.55971 0.0786631</i>
                        <i>1 0 0 0 1 0 0 0 1 2.24779 3.4935 0.0982399</i>
                        <i>1 0 0 0 1 0 0 0 1 2.2425 3.57185 0.096416</i>
                        <i>1 0 0 0 1 0 0 0 1 2.23703 3.69042 0.0900742</i>
                        <i>1 0 0 0 1 0 0 0 1 2.23141 3.67474 0.0829003</i>
                        <i>1 0 0 0 1 0 0 0 1 2.22568 3.64959 0.0772123</i>
                        <i>1 0 0 0 1 0 0 0 1 2.21987 3.55647 0.098792</i>
                        <i>1 0 0 0 1 0 0 0 1 2.214 3.48958 0.118982</i>
                        <i>1 0 0 0 1 0 0 0 1 2.2081 3.56756 0.117624</i>
                        <i>1 0 0 0 1 0 0 0 1 2.20221 3.68583 0.111563</i>
                        <i>1 0 0 0 1 0 0 0 1 2.19636 3.66997 0.104499</i>
                        <i>1 0 0 0 1 0 0 0 1 2.19056 3.64468 0.0987273</i>
                        <i>1 0 0 0 1 0 0 0 1 2.18485 3.55109 0.11994</i>
                        <i>1 0 0 0 1 0 0 0 1 2.17926 3.48377 0.139557</i>
                        <i>1 0 0 0 1 0 0 0 1 2.17381 3.56168 0.137512</i>
                        <i>1 0 0 0 1 0 0 0 1 2.16853 3.67999 0.130588</i>
                        <i>1 0 0 0 1 0 0 0 1 2.16269 3.67096 0.100832</i>
                        <i>1 0 0 0 1 0 0 0 1 2.15677 3.65777 0.0472144</i>
                        <i>1 0 0 0 1 0 0 0 1 2.15223 3.56172 0.0806284</i>
                        <i>1 0 0 0 1 0 0 0 1 2.14841 3.4869 0.127579</i>
                        <i>1 0 0 0 1 0 0 0 1 2.14488 3.55788 0.146456</i>
                        <i>1 0 0 0 1 0 0 0 1 2.14142 3.67235 0.150306</i>
                        <i>1 0 0 0 1 0 0 0 1 2.13785 3.65779 0.139128</i>
                        <i>1 0 0 0 1 0 0 0 1 2.1346 3.63416 0.128011</i>
                        <i>1 0 0 0 1 0 0 0 1 2.13171 3.54214 0.142681</i>
                        <i>1 0 0 0 1 0 0 0 1 2.12923 3.47685 0.154963</i>
                        <i>1 0 0 0 1 0 0 0 1 2.12719 3.55735 0.145063</i>
                        <i>1 0 0 0 1 0 0 0 1 2.12564 3.6784 0.129826</i>
                        <i>1 0 0 0 1 0 0 0 1 2.12454 3.66547 0.113128</i>
                        <i>1 0 0 0 1 0 0 0 1 2.1238 3.64305 0.0974105</i>
                        <i>1 0 0 0 1 0 0 0 1 2.12343 3.55244 0.108584</i>
                        <i>1 0 0 0 1 0 0 0 1 2.12341 3.48831 0.118351</i>
                        <i>1 0 0 0 1 0 0 0 1 2.12374 3.56913 0.106737</i>
                        <i>1 0 0 0 1 0 0 0 1 2.12441 3.69008 0.0907187</i>
                        <i>1 0 0 0 1 0 0 0 1 2.12542 3.6766 0.0741634</i>
                        <i>1 0 0 0 1 0 0 0 1 2.12674 3.6534 0.0595833</i>
                        <i>1 0 0 0 1 0 0 0 1 2.12837 3.56244 0.0730673</i>
                        <i>1 0 0 0 1 0 0 0 1 2.13029 3.49772 0.0861333</i>
                        <i>1 0 0 0 1 0 0 0 1 2.13248 3.57726 0.0786753</i>
                        <i>1 0 0 0 1 0 0 0 1 2.13494 3.69671 0.067802</i>
                        <i>1 0 0 0 1 0 0 0 1 2.13762 3.68161 0.0568851</i>
                        <i>1 0 0 0 1 0 0 0 1 2.1405 3.65697 0.0478454</i>
                        <i>1 0 0 0 1 0 0 0 1 2.14356 3.56486 0.0666063</i>
                        <i>1 0 0 0 1 0 0 0 1 2.14679 3.49902 0.0844023</i>
                        <i>1 0 0 0 1 0 0 0 1 2.15016 3.57756 0.080923</i>
                        <i>1 0 0 0 1 0 0 0 1 2.15365 3.69624 0.0731119</i>
                        <i>1 0 0 0 1 0 0 0 1 2.15725 3.68056 0.0646417</i>
                        <i>1 0 0 0 1 0 0 0 1 2.16094 3.65539 0.0578591</i>
                        <i>1 0 0 0 1 0 0 0 1 2.16471 3.56258 0.0786477</i>
                        <i>1 0 0 0 1 0 0 0 1 2.16852 3.49602 0.0982557</i>
                        <i>1 0 0 0 1 0 0 0 1 2.17237 3.57402 0.096425</i>
                        <i>1 0 0 0 1 0 0 0 1 2.17624 3.69225 0.0900742</i>
                        <i>1 0 0 0 1 0 0 0 1 2.18011 3.67622 0.082888</i>
                        <i>1 0 0 0 1 0 0 0 1 2.18396 3.65075 0.0771939</i>
                        <i>1 0 0 0 1 0 0 0 1 2.18778 3.55733 0.0987874</i>
                        <i>1 0 0 0 1 0 0 0 1 2.19155 3.49015 0.118986</i>
                        <i>1 0 0 0 1 0 0 0 1 2.19524 3.56787 0.117625</i>
                        <i>1 0 0 0 1 0 0 0 1 2.19885 3.68591 0.111563</i>
                        <i>1 0 0 0 1 0 0 0 1 2.20235 3.66985 0.1045</i>
                        <i>1 0 0 0 1 0 0 0 1 2.20573 3.64438 0.098732</i>
                        <i>1 0 0 0 1 0 0 0 1 2.20897 3.55064 0.119942</i>
                        <i>1 0 0 0 1 0 0 0 1 2.21206 3.48321 0.139553</i>
                        <i>1 0 0 0 1 0 0 0 1 2.21498 3.56104 0.13751</i>
                        <i>1 0 0 0 1 0 0 0 1 2.21751 3.67258 0.150306</i>
                    </KeyFrames>
                </p>
            </i>
            <i>
                <p>
                    <Name><![CDATA[spine0]]></Name>
                    <Exclude>0</Exclude>
                    <Additive>0</Additive>
                    <IKPriority>0</IKPriority>
                    <IKRotLimits>-1e+010 -1e+010 -1e+010 1e+010 1e+010 1e+010</IKRotLimits>
                    <IKRotLimitOrder>0</IKRotLimitOrder>
                    <KeyFrames count="97">
                        <i>-0.00179709 0.983714 0.179734 -0.999998 -0.00165585 -0.000935881 -0.000623026 -0.179736 0.983715 2.21754 3.81142 0.112618</i>
                        <i>0.00159043 0.992446 0.122673 -0.999998 0.00168774 -0.000689323 -0.000891155 -0.122671 0.992447 2.22103 3.80673 0.0552778</i>
                        <i>0.00543964 0.998179 0.0600792 -0.999985 0.00547374 -0.0004031 -0.000731224 -0.0600761 0.998194 2.22495 3.79044 -0.00674134</i>
                        <i>0.00962835 0.996139 0.0872558 -0.999953 0.0096792 -0.000159773 -0.00100372 -0.0872501 0.996186 2.22914 3.69579 0.0303967</i>
                        <i>0.0140852 0.990879 0.134014 -0.999899 0.0142028 7.85668e-005 -0.00182552 -0.134001 0.990979 2.23349 3.62312 0.0838105</i>
                        <i>0.0187541 0.986984 0.15972 -0.99982 0.0189885 5.83827e-005 -0.00297523 -0.159693 0.987162 2.23797 3.69511 0.106336</i>
                        <i>0.0236018 0.984924 0.171373 -0.999712 0.023987 -0.000177356 -0.00428541 -0.171319 0.985206 2.24256 3.80994 0.111889</i>
                        <i>0.028651 0.98635 0.162148 -0.999575 0.029145 -0.000668239 -0.0053849 -0.16206 0.986766 2.2473 3.7949 0.0994813</i>
                        <i>0.0338119 0.987739 0.152406 -0.999407 0.0344068 -0.00126747 -0.00649574 -0.152273 0.988317 2.2521 3.77074 0.0870756</i>
                        <i>0.03903 0.986469 0.159233 -0.999209 0.0397402 -0.00127714 -0.0075878 -0.159057 0.98724 2.2569 3.67882 0.102754</i>
                        <i>0.04425 0.985095 0.166221 -0.998983 0.0450696 -0.0011602 -0.00863441 -0.166 0.986088 2.26167 3.6136 0.116068</i>
                        <i>0.0494154 0.986078 0.158768 -0.998732 0.0503148 -0.00164742 -0.00961288 -0.158486 0.987314 2.26636 3.69355 0.105194</i>
                        <i>0.0544684 0.987391 0.148634 -0.99846 0.0554247 -0.00229581 -0.0105049 -0.148281 0.98889 2.27091 3.8139 0.0886157</i>
                        <i>0.0593501 0.989232 0.13378 -0.998173 0.0603275 -0.00326122 -0.0112967 -0.133342 0.991006 2.27529 3.80002 0.0699367</i>
                        <i>0.0640001 0.990802 0.119226 -0.997878 0.0649712 -0.00427243 -0.0119794 -0.1187 0.992858 2.27943 3.77661 0.052289</i>
                        <i>0.0683569 0.990158 0.122123 -0.997582 0.0693772 -0.00411674 -0.0125488 -0.121546 0.992506 2.28328 3.68578 0.0638812</i>
                        <i>0.0723583 0.989385 0.126019 -0.997294 0.0734198 -0.00379307 -0.0130051 -0.125404 0.992021 2.28678 3.62146 0.0741837</i>
                        <i>0.075941 0.990313 0.116247 -0.997023 0.0769776 -0.00444767 -0.013353 -0.115563 0.99321 2.28988 3.70148 0.0612527</i>
                        <i>0.0790413 0.991367 0.104615 -0.996779 0.0800293 -0.00527394 -0.0136007 -0.103861 0.994499 2.29252 3.82156 0.0436638</i>
                        <i>0.0815904 0.992639 0.0895021 -0.996571 0.0824952 -0.00645108 -0.0137871 -0.0886688 0.995966 2.29465 3.80703 0.0250787</i>
                        <i>0.0835205 0.993576 0.0763623 -0.996408 0.0843395 -0.00755831 -0.0139501 -0.0754568 0.997051 2.29619 3.7829 0.00873737</i>
                        <i>0.084769 0.99299 0.0823661 -0.996301 0.0856399 -0.00709276 -0.0140969 -0.0814601 0.996577 2.2971 3.69201 0.0229553</i>
                        <i>0.0852735 0.992194 0.0909881 -0.996256 0.0862129 -0.00643673 -0.0142308 -0.0900985 0.995831 2.29732 3.62757 0.037093</i>
                        <i>0.0849724 0.992534 0.087497 -0.99628 0.0859001 -0.00688569 -0.0143503 -0.0865865 0.996141 2.29678 3.70685 0.0291215</i>
                        <i>0.0838046 0.992959 0.0837183 -0.996377 0.0847175 -0.0074063 -0.0144466 -0.0827944 0.996462 2.29544 3.82611 0.017699</i>
                        <i>0.0818574 0.993666 0.0769923 -0.996539 0.082728 -0.00818167 -0.0144993 -0.0760561 0.996998 2.29338 3.81074 0.00584951</i>
                        <i>0.0792805 0.994278 0.0715967 -0.996747 0.0801113 -0.00880409 -0.0144894 -0.0706659 0.997395 2.29074 3.78595 -0.00395223</i>
                        <i>0.076107 0.993515 0.0844691 -0.996996 0.0770493 -0.00794712 -0.0144039 -0.0836105 0.996394 2.28756 3.69468 0.0164199</i>
                        <i>0.0723703 0.992469 0.0988303 -0.997276 0.0734205 -0.00702648 -0.0142297 -0.0980526 0.99508 2.28388 3.62978 0.0360346</i>
                        <i>0.0681037 0.992683 0.0997104 -0.997581 0.0691541 -0.00711193 -0.0139553 -0.0989848 0.994991 2.27974 3.70862 0.0326048</i>
                        <i>0.0633405 0.993099 0.0987043 -0.9979 0.064369 -0.00726719 -0.0135705 -0.0980367 0.99509 2.27516 3.82755 0.0245918</i>
                        <i>0.0581153 0.993918 0.0935345 -0.998224 0.0590813 -0.00758954 -0.0130695 -0.0929273 0.995587 2.27019 3.81194 0.0153664</i>
                        <i>0.0524678 0.994638 0.0891168 -0.998545 0.0533674 -0.00773971 -0.0124541 -0.088581 0.995991 2.26486 3.78689 0.00792564</i>
                        <i>0.0464395 0.993644 0.10254 -0.998852 0.0473961 -0.00691198 -0.0117281 -0.102102 0.994705 2.25921 3.6951 0.030424</i>
                        <i>0.0400715 0.992304 0.117163 -0.999137 0.0410712 -0.00612994 -0.0108948 -0.116817 0.993094 2.25328 3.62959 0.0519245</i>
                        <i>0.0334053 0.992432 0.118165 -0.999392 0.0343474 -0.00594404 -0.00995772 -0.117895 0.992976 2.24709 3.708 0.0501671</i>
                        <i>0.0264826 0.992745 0.117288 -0.999609 0.0273456 -0.00575439 -0.00891994 -0.117089 0.993081 2.2407 3.82654 0.0436397</i>
                        <i>0.0193451 0.993477 0.112376 -0.999783 0.020097 -0.0055622 -0.00778434 -0.112244 0.99365 2.23413 3.81062 0.035735</i>
                        <i>0.0120345 0.994038 0.108371 -0.999906 0.0126737 -0.00521114 -0.00655352 -0.108298 0.994097 2.22741 3.78528 0.0294496</i>
                        <i>0.00459309 0.992477 0.122344 -0.999976 0.00519837 -0.00462864 -0.00522981 -0.122319 0.992477 2.2206 3.69282 0.0529017</i>
                        <i>-0.00293718 0.990476 0.137654 -0.999988 -0.00238401 -0.00418326 -0.00381525 -0.137664 0.990472 2.21371 3.62661 0.0751717</i>
                        <i>-0.0105139 0.990165 0.139511 -0.999942 -0.0100885 -0.00375613 -0.00231173 -0.139543 0.990213 2.20679 3.70466 0.0740513</i>
                        <i>-0.0180945 0.990036 0.139646 -0.999836 -0.0178165 -0.00324119 -0.000720906 -0.139681 0.990196 2.19986 3.82292 0.0680027</i>
                        <i>-0.0256365 0.990451 0.135461 -0.999671 -0.0255284 -0.00253579 0.000946518 -0.135481 0.990779 2.19297 3.80686 0.060369</i>
                        <i>-0.033101 0.99077 0.13145 -0.999448 -0.0331638 -0.00171221 0.00266297 -0.131434 0.991321 2.18615 3.78137 0.05407</i>
                        <i>-0.0404511 0.988656 0.144647 -0.999172 -0.0406624 -0.00149619 0.00440248 -0.144588 0.989482 2.17943 3.68833 0.0771502</i>
                        <i>-0.0476498 0.986211 0.158487 -0.998845 -0.0480207 -0.0014907 0.00614052 -0.158375 0.98736 2.17284 3.62157 0.0987493</i>
                        <i>-0.05466 0.985881 0.158277 -0.998474 -0.0552141 -0.000897712 0.00785411 -0.158085 0.987394 2.16641 3.69944 0.0967398</i>
                        <i>-0.0614444 0.985887 0.155726 -0.998065 -0.0621776 -0.000163118 0.00952186 -0.155435 0.9878 2.16018 3.81761 0.089531</i>
                        <i>-0.0683865 0.990123 0.12239 -0.997624 -0.068892 -0.000101356 0.00833137 -0.122107 0.992482 2.15356 3.8071 0.0552331</i>
                        <i>-0.0751051 0.995385 0.0597352 -0.997161 -0.075292 0.000880982 0.0053745 -0.0594995 0.998214 2.14698 3.79074 -0.00679842</i>
                        <i>-0.0809728 0.992917 0.086946 -0.996689 -0.0813103 0.000341342 0.00740853 -0.0866305 0.996213 2.14157 3.69609 0.0303507</i>
                        <i>-0.0862217 0.987251 0.133798 -0.996214 -0.0869314 -0.000539634 0.0110985 -0.133338 0.991008 2.13686 3.62345 0.0837859</i>
                        <i>-0.0910107 0.98297 0.159644 -0.995747 -0.0921307 -0.00038745 0.0143272 -0.159 0.987175 2.13251 3.69547 0.106329</i>
                        <i>-0.0954621 0.98057 0.171373 -0.995298 -0.0968648 -0.000177356 0.0164261 -0.170584 0.985206 2.12835 3.81037 0.111889</i>
                        <i>-0.0997599 0.981036 0.16618 -0.994876 -0.101098 -0.000408829 0.0163994 -0.165369 0.986095 2.12421 3.79556 0.100038</i>
                        <i>-0.103508 0.98251 0.154789 -0.994495 -0.104787 0.000106031 0.0163241 -0.153926 0.987948 2.12046 3.77144 0.0873881</i>
                        <i>-0.106723 0.981399 0.159582 -0.994161 -0.107895 -0.00132425 0.0159186 -0.158792 0.987184 2.11716 3.67959 0.102796</i>
                        <i>-0.109363 0.980302 0.16446 -0.993885 -0.110377 -0.00299198 0.0152195 -0.163782 0.986379 2.11435 3.61449 0.115831</i>
                        <i>-0.111387 0.981598 0.155107 -0.993675 -0.112252 -0.00319756 0.0142723 -0.154482 0.987893 2.11208 3.6946 0.10469</i>
                        <i>-0.112752 0.983216 0.143435 -0.993536 -0.113469 -0.00319962 0.0131296 -0.142869 0.989654 2.11039 3.81516 0.0878922</i>
                        <i>-0.113524 0.985317 0.127524 -0.993464 -0.11411 -0.00272867 0.0118631 -0.127 0.991832 2.10921 3.80155 0.0690517</i>
                        <i>-0.113808 0.987131 0.112338 -0.993447 -0.114271 -0.00233648 0.0105305 -0.111868 0.993667 2.10848 3.77846 0.0512993</i>
                        <i>-0.113626 0.986849 0.114972 -0.993481 -0.113925 -0.00398323 0.00916729 -0.114675 0.993361 2.10816 3.68799 0.0628812</i>
                        <i>-0.112998 0.986438 0.119043 -0.993565 -0.113122 -0.00573603 0.00780814 -0.118925 0.992873 2.10826 3.62407 0.0732442</i>
                        <i>-0.111949 0.987615 0.109925 -0.993693 -0.111982 -0.00589609 0.00648657 -0.109892 0.993922 2.10876 3.7045 0.060401</i>
                        <i>-0.110504 0.988894 0.0993886 -0.993862 -0.110476 -0.00581026 0.00523429 -0.0994206 0.995032 2.10965 3.82498 0.0429503</i>
                        <i>-0.10869 0.990402 0.08538 -0.994067 -0.10864 -0.00524701 0.00407899 -0.0854438 0.996335 2.11091 3.81083 0.0244836</i>
                        <i>-0.106532 0.991633 0.0729027 -0.994305 -0.106469 -0.00475754 0.00304414 -0.0729943 0.997328 2.11253 3.78702 0.00819829</i>
                        <i>-0.104058 0.991421 0.0790992 -0.994569 -0.1039 -0.00611949 0.00215145 -0.0793064 0.996848 2.11449 3.6964 0.022488</i>
                        <i>-0.101297 0.991002 0.0874835 -0.994855 -0.10103 -0.00748618 0.00141963 -0.0877918 0.996138 2.11677 3.63212 0.0366482</i>
                        <i>-0.0982751 0.991664 0.0833382 -0.995159 -0.0980026 -0.00736445 0.000864306 -0.0836585 0.996494 2.11935 3.71148 0.0285787</i>
                        <i>-0.09502 0.992378 0.0784687 -0.995475 -0.0947638 -0.00699145 0.000497841 -0.078778 0.996892 2.12222 3.8307 0.0169894</i>
                        <i>-0.0915586 0.99329 0.0706523 -0.9958 -0.0913484 -0.00620719 0.000288438 -0.0709239 0.997482 2.12533 3.81521 0.00495483</i>
                        <i>-0.0879165 0.994031 0.0646016 -0.996128 -0.0877433 -0.00551772 0.000183569 -0.0648365 0.997896 2.12867 3.79027 -0.00496728</i>
                        <i>-0.0841181 0.993457 0.0772536 -0.996456 -0.0838775 -0.00635911 0.000162341 -0.0775147 0.996991 2.1322 3.69883 0.0154206</i>
                        <i>-0.0801878 0.99254 0.0918351 -0.99678 -0.0798657 -0.00718338 0.000204686 -0.0921154 0.995748 2.13592 3.63374 0.0351111</i>
                        <i>-0.0761498 0.992715 0.0933724 -0.997096 -0.0758426 -0.00683968 0.000291745 -0.0936221 0.995608 2.1398 3.71236 0.0317599</i>
                        <i>-0.0720283 0.993014 0.0934603 -0.997402 -0.0717495 -0.00634386 0.000406194 -0.0936745 0.995603 2.14382 3.83106 0.023879</i>
                        <i>-0.0678458 0.993646 0.0897986 -0.997696 -0.0676184 -0.00557511 0.000532354 -0.0899699 0.995944 2.14796 3.8152 0.0148304</i>
                        <i>-0.0636184 0.994159 0.087182 -0.997974 -0.0634326 -0.0049029 0.000655921 -0.0873173 0.99618 2.15221 3.78991 0.00761311</i>
                        <i>-0.0593607 0.992956 0.102542 -0.998236 -0.0591253 -0.00533576 0.000764641 -0.102678 0.994714 2.15654 3.69787 0.0304089</i>
                        <i>-0.0550871 0.991354 0.119093 -0.998481 -0.0547952 -0.00572662 0.000848652 -0.119228 0.992867 2.16093 3.6321 0.0522051</i>
                        <i>-0.0508124 0.991242 0.121887 -0.998708 -0.0505426 -0.00530639 0.000900587 -0.122 0.99253 2.16537 3.71024 0.0506871</i>
                        <i>-0.0465513 0.991374 0.122514 -0.998915 -0.0463122 -0.00479964 0.000915633 -0.122604 0.992455 2.16982 3.8285 0.0443571</i>
                        <i>-0.0423184 0.992028 0.118701 -0.999104 -0.0421248 -0.00414064 0.00089261 -0.118769 0.992921 2.17428 3.81231 0.036589</i>
                        <i>-0.0381282 0.992592 0.115357 -0.999273 -0.0379699 -0.00357021 0.000836325 -0.115409 0.993318 2.17873 3.78669 0.0303863</i>
                        <i>-0.0339953 0.990993 0.129528 -0.999422 -0.0338062 -0.00365911 0.000752706 -0.129578 0.991569 2.18313 3.69392 0.0538857</i>
                        <i>-0.0299342 0.989037 0.144601 -0.999552 -0.0297131 -0.0036895 0.000647481 -0.144646 0.989483 2.18748 3.62742 0.0761379</i>
                        <i>-0.0259594 0.988972 0.145807 -0.999663 -0.0257585 -0.0032657 0.000526098 -0.145843 0.989308 2.19174 3.70521 0.0749255</i>
                        <i>-0.0220853 0.989206 0.144857 -0.999756 -0.0219093 -0.00281033 0.000393737 -0.144884 0.989449 2.19591 3.82321 0.0687251</i>
                        <i>-0.0183266 0.99004 0.139588 -0.999832 -0.0181827 -0.00230609 0.000254961 -0.139607 0.990207 2.19996 3.80693 0.060941</i>
                        <i>-0.0146977 0.990747 0.13492 -0.999892 -0.0145787 -0.00186973 0.00011453 -0.134933 0.990855 2.20387 3.78128 0.0545539</i>
                        <i>-0.0112132 0.98894 0.147895 -0.999937 -0.0110865 -0.00168107 -2.28345e-005 -0.147905 0.989002 2.20762 3.68813 0.0776038</i>
                        <i>-0.0078879 0.986767 0.161954 -0.999969 -0.00775897 -0.00142857 -0.00015307 -0.16196 0.986797 2.21119 3.6213 0.0992305</i>
                        <i>-0.00473645 0.986715 0.16239 -0.999989 -0.00462929 -0.00103823 -0.000272691 -0.162393 0.986726 2.21457 3.69918 0.0973124</i>
                        <i>-0.00189143 0.982756 0.1849 -0.999998 -0.00165518 -0.00143209 -0.00110136 -0.184902 0.982756 2.21756 3.81162 0.113348</i>
                    </KeyFrames>
                </p>
            </i>
            <i>
                <p>
                    <Name><![CDATA[spine1]]></Name>
                    <Exclude>0</Exclude>
                    <Additive>0</Additive>
                    <IKPriority>0</IKPriority>
                    <IKRotLimits>-1e+010 -1e+010 -1e+010 1e+010 1e+010 1e+010</IKRotLimits>
                    <IKRotLimitOrder>0</IKRotLimitOrder>
                    <KeyFrames count="97">
                        <i>-0.00647999 0.833339 0.552725 -0.999979 -0.00564132 -0.00321809 0.000436335 -0.552734 0.833358 2.21723 3.9826 0.143878</i>
                        <i>-0.00416833 0.864533 0.502559 -0.999991 -0.00307282 -0.00300807 -0.0010563 -0.502567 0.864537 2.2213 3.97941 0.0766066</i>
                        <i>-0.00116339 0.895025 0.446014 -0.999997 3.79059e-006 -0.00261602 -0.0023431 -0.446016 0.895022 2.2259 3.9641 0.00369591</i>
                        <i>0.00209943 0.883188 0.469014 -0.999989 0.00380865 -0.00269575 -0.00416716 -0.469004 0.883186 2.23081 3.86908 0.0455607</i>
                        <i>0.00552455 0.860819 0.508881 -0.999963 0.008119 -0.00287817 -0.0066092 -0.508847 0.860832 2.23594 3.79548 0.107107</i>
                        <i>0.0091614 0.847939 0.530015 -0.999913 0.0127747 -0.00315384 -0.00944507 -0.52994 0.847982 2.24123 3.86677 0.134102</i>
                        <i>0.013058 0.842173 0.539049 -0.999836 0.0177417 -0.00349827 -0.0125098 -0.538916 0.842267 2.24666 3.98124 0.141679</i>
                        <i>0.0173868 0.847625 0.530311 -0.999729 0.0229451 -0.00389737 -0.0154716 -0.530099 0.847794 2.25228 3.96643 0.127665</i>
                        <i>0.0219737 0.853283 0.520984 -0.999587 0.0283912 -0.00434019 -0.0184948 -0.520674 0.853555 2.25798 3.9425 0.113563</i>
                        <i>0.0267664 0.85014 0.525876 -0.99941 0.034087 -0.00423694 -0.0215275 -0.525452 0.850551 2.26369 3.85035 0.130427</i>
                        <i>0.0317097 0.846863 0.530865 -0.999196 0.0398899 -0.00395016 -0.0245214 -0.530313 0.847447 2.26936 3.78488 0.144953</i>
                        <i>0.0367454 0.851283 0.523418 -0.998948 0.045668 -0.00414528 -0.0274323 -0.522715 0.852066 2.27495 3.86499 0.132782</i>
                        <i>0.0418114 0.856982 0.513647 -0.998668 0.0513966 -0.00445883 -0.0302209 -0.512776 0.85799 2.28038 3.98555 0.11444</i>
                        <i>0.0468426 0.864894 0.499765 -0.998362 0.056991 -0.0050531 -0.0328525 -0.498709 0.866147 2.2856 3.97197 0.093177</i>
                        <i>0.05177 0.872343 0.486146 -0.998035 0.0623995 -0.00568865 -0.0352977 -0.484896 0.873859 2.29055 3.94883 0.0729983</i>
                        <i>0.0565219 0.871026 0.487975 -0.997696 0.0676493 -0.00519018 -0.0375319 -0.486557 0.872842 2.29516 3.85787 0.0850929</i>
                        <i>0.0610235 0.869106 0.490846 -0.997353 0.0725715 -0.00450335 -0.0395354 -0.489272 0.871235 2.29936 3.79341 0.0960717</i>
                        <i>0.0651977 0.873804 0.481887 -0.997018 0.0770259 -0.00477758 -0.0412925 -0.480139 0.87622 2.30308 3.87359 0.0814418</i>
                        <i>0.0689658 0.879179 0.471474 -0.996701 0.0809935 -0.00523789 -0.0427914 -0.469558 0.881864 2.30626 3.99385 0.0618311</i>
                        <i>0.0722347 0.88594 0.45814 -0.996415 0.0843848 -0.00607731 -0.0440442 -0.456058 0.888859 2.30883 3.97954 0.0406197</i>
                        <i>0.0749147 0.891546 0.446693 -0.996171 0.0871504 -0.00687428 -0.0450582 -0.444468 0.894661 2.31071 3.95558 0.021995</i>
                        <i>0.0769323 0.888406 0.452566 -0.995983 0.0893355 -0.00606078 -0.0458147 -0.450282 0.89171 2.31184 3.8646 0.0372569</i>
                        <i>0.0782162 0.883989 0.460919 -0.995861 0.0907474 -0.00504904 -0.0462905 -0.458616 0.887428 2.31214 3.80002 0.0528937</i>
                        <i>0.0786978 0.885149 0.458605 -0.995815 0.091238 -0.00521313 -0.0464566 -0.456275 0.888625 2.31155 3.87938 0.0443163</i>
                        <i>0.0783121 0.886446 0.456159 -0.995854 0.090798 -0.00548075 -0.0462767 -0.453838 0.889882 2.31001 3.99872 0.0322379</i>
                        <i>0.0771363 0.889091 0.451184 -0.99597 0.0894831 -0.0060578 -0.0457592 -0.448898 0.892411 2.30761 3.98349 0.0192202</i>
                        <i>0.0753045 0.891117 0.447482 -0.996147 0.0874512 -0.00651395 -0.0449375 -0.445267 0.894269 2.30452 3.95882 0.00848135</i>
                        <i>0.0728409 0.884832 0.460181 -0.996381 0.0848273 -0.00539067 -0.0438058 -0.458123 0.887809 2.3008 3.86743 0.0310927</i>
                        <i>0.0697697 0.877666 0.474168 -0.996663 0.081512 -0.00422499 -0.0423585 -0.472291 0.880424 2.29647 3.80236 0.053206</i>
                        <i>0.0661148 0.876839 0.476217 -0.996986 0.0774662 -0.00422055 -0.0405915 -0.474503 0.879318 2.29158 3.88126 0.0499307</i>
                        <i>0.0618989 0.87693 0.476616 -0.99734 0.0727661 -0.00435689 -0.0385022 -0.475078 0.879101 2.28618 4.00028 0.0417443</i>
                        <i>0.0571489 0.879027 0.473334 -0.997713 0.0674249 -0.00475365 -0.0360931 -0.47198 0.88087 2.2803 3.98482 0.0316212</i>
                        <i>0.0519115 0.880768 0.470695 -0.998094 0.061512 -0.00502482 -0.0333791 -0.469537 0.882282 2.27399 3.95991 0.0234134</i>
                        <i>0.0462384 0.873972 0.483771 -0.998468 0.0551634 -0.00422444 -0.0303785 -0.482835 0.875184 2.26729 3.86797 0.0482485</i>
                        <i>0.0401809 0.866389 0.497751 -0.998825 0.0483436 -0.0035173 -0.0271105 -0.497025 0.867313 2.26025 3.80224 0.0722948</i>
                        <i>0.03379 0.865531 0.499714 -0.99915 0.0410591 -0.00355521 -0.023595 -0.499169 0.866183 2.25291 3.88069 0.0707133</i>
                        <i>0.0271169 0.865631 0.499948 -0.999435 0.0334099 -0.00363846 -0.0198528 -0.499567 0.866048 2.24531 3.99929 0.0640346</i>
                        <i>0.0202123 0.86777 0.496555 -0.999669 0.0254422 -0.00377069 -0.0159055 -0.496314 0.867997 2.23749 3.98352 0.0552765</i>
                        <i>0.0131267 0.869462 0.493825 -0.999844 0.0172295 -0.00375787 -0.0117757 -0.493699 0.869553 2.22951 3.95828 0.0482951</i>
                        <i>0.00591054 0.862142 0.506632 -0.999955 0.00888868 -0.00346017 -0.00748645 -0.506589 0.862155 2.2214 3.86556 0.07418</i>
                        <i>-0.00138614 0.853954 0.520347 -0.999994 0.000409508 -0.00333591 -0.0030618 -0.520349 0.853948 2.2132 3.79901 0.0991156</i>
                        <i>-0.00871341 0.852756 0.522237 -0.999961 -0.00820028 -0.00329396 0.00147354 -0.522245 0.852794 2.20496 3.87701 0.098319</i>
                        <i>-0.0160217 0.852519 0.522451 -0.999853 -0.0168451 -0.00317472 0.00609421 -0.522425 0.852664 2.19671 3.99525 0.092294</i>
                        <i>-0.0232658 0.85464 0.518699 -0.999671 -0.0254749 -0.00286545 0.0107649 -0.518595 0.854952 2.18851 3.97926 0.0839317</i>
                        <i>-0.0304113 0.856753 0.51483 -0.999418 -0.0340181 -0.00242505 0.0154359 -0.514604 0.857289 2.18039 3.95381 0.0769337</i>
                        <i>-0.0374237 0.849919 0.525583 -0.999098 -0.0423819 -0.00260438 0.0200617 -0.525207 0.850738 2.17239 3.8604 0.10231</i>
                        <i>-0.0442675 0.842649 0.536641 -0.998717 -0.0505545 -0.00300208 0.0245999 -0.536085 0.843805 2.16455 3.7932 0.126316</i>
                        <i>-0.0509052 0.842991 0.535514 -0.998282 -0.0585264 -0.00276485 0.0290109 -0.534735 0.844522 2.1569 3.87101 0.124268</i>
                        <i>-0.0572977 0.844633 0.532271 -0.997803 -0.066209 -0.00234761 0.0332583 -0.531237 0.846571 2.14949 3.98916 0.116613</i>
                        <i>-0.0648879 0.862246 0.502317 -0.997282 -0.073641 -0.00241876 0.0349055 -0.501108 0.86468 2.14166 3.97937 0.0765128</i>
                        <i>-0.0728728 0.892205 0.445713 -0.996734 -0.080746 -0.00133008 0.0348029 -0.444355 0.895175 2.13391 3.96392 0.00357897</i>
                        <i>-0.0780161 0.879883 0.468743 -0.996192 -0.0871607 -0.00219282 0.0389265 -0.467129 0.883332 2.12748 3.86881 0.0454608</i>
                        <i>-0.0818311 0.857052 0.50869 -0.995661 -0.0929909 -0.00349503 0.0443081 -0.506768 0.860943 2.12186 3.79517 0.107044</i>
                        <i>-0.085274 0.843733 0.529946 -0.995149 -0.0983166 -0.00359918 0.0490658 -0.527682 0.848024 2.11668 3.86644 0.134081</i>
                        <i>-0.0886972 0.837591 0.539049 -0.994667 -0.103079 -0.00349827 0.0526348 -0.536485 0.842267 2.11174 3.98091 0.141679</i>
                        <i>-0.0926398 0.840538 0.533773 -0.994225 -0.107252 -0.00366329 0.0541692 -0.53103 0.84562 2.10686 3.96617 0.128923</i>
                        <i>-0.0959531 0.846883 0.52305 -0.993842 -0.110763 -0.00298123 0.0554097 -0.520116 0.852296 2.10246 3.9423 0.11429</i>
                        <i>-0.098772 0.84462 0.526177 -0.993527 -0.113516 -0.00428606 0.0561092 -0.523194 0.850364 2.09861 3.85024 0.130529</i>
                        <i>-0.101054 0.842371 0.529339 -0.993287 -0.115531 -0.00577265 0.0562924 -0.526369 0.848391 2.09534 3.78493 0.144411</i>
                        <i>-0.102753 0.847812 0.520246 -0.99313 -0.116881 -0.00567813 0.0559929 -0.517255 0.853998 2.09271 3.86525 0.131642</i>
                        <i>-0.103821 0.854408 0.509125 -0.99306 -0.117486 -0.0053414 0.0552512 -0.506147 0.860676 2.09078 3.98608 0.112813</i>
                        <i>-0.104299 0.863016 0.494292 -0.99307 -0.11744 -0.00449943 0.0541664 -0.491336 0.869284 2.08948 3.97283 0.0912045</i>
                        <i>-0.104275 0.871004 0.480082 -0.993144 -0.116839 -0.00373481 0.0528393 -0.47718 0.877216 2.08869 3.95004 0.0708113</i>
                        <i>-0.103766 0.870184 0.481676 -0.993277 -0.115652 -0.00504418 0.0513176 -0.478961 0.876335 2.08841 3.85951 0.0828499</i>
                        <i>-0.102791 0.868617 0.484704 -0.993463 -0.113971 -0.00644031 0.0496482 -0.482198 0.874654 2.08862 3.79551 0.0939197</i>
                        <i>-0.101371 0.87342 0.4763 -0.993696 -0.111936 -0.0062263 0.0478767 -0.473928 0.879261 2.08931 3.87614 0.0794914</i>
                        <i>-0.0995311 0.878726 0.466834 -0.993968 -0.109514 -0.00577929 0.0460465 -0.464594 0.884326 2.09045 3.99684 0.0602094</i>
                        <i>-0.0972988 0.885438 0.454458 -0.994274 -0.106753 -0.00488108 0.0441929 -0.452331 0.890755 2.09202 3.98295 0.0393082</i>
                        <i>-0.0947071 0.891214 0.443585 -0.994604 -0.103662 -0.0040833 0.0423436 -0.441578 0.896223 2.09402 3.95936 0.0208546</i>
                        <i>-0.0917889 0.888481 0.44964 -0.994954 -0.100208 -0.00509968 0.0405265 -0.447839 0.893195 2.09641 3.86871 0.0362217</i>
                        <i>-0.0885783 0.884634 0.457796 -0.995315 -0.0964965 -0.00611451 0.0387666 -0.456192 0.889036 2.09917 3.80437 0.0518399</i>
                        <i>-0.08511 0.88647 0.454893 -0.995681 -0.0926631 -0.00571426 0.0370862 -0.453414 0.890528 2.10227 3.88385 0.0430506</i>
                        <i>-0.0814194 0.888567 0.451464 -0.996047 -0.0886776 -0.00509808 0.0355048 -0.450094 0.892275 2.1057 4.00321 0.0306157</i>
                        <i>-0.0775585 0.89192 0.445493 -0.996408 -0.0845834 -0.00412648 0.0340008 -0.444213 0.895276 2.10941 3.98789 0.0172233</i>
                        <i>-0.0735858 0.894394 0.441185 -0.996758 -0.0803901 -0.00327933 0.0325338 -0.439996 0.89741 2.11338 3.96309 0.0062501</i>
