<?xml version="1.0" encoding="ISO-8859-1" ?>
<Animl Version="1">
    <ModellingPackage>
        <![CDATA[Maya.2010]]>
</ModellingPackage>
    <SrcFile>
        <![CDATA[anims\turrets\antiair\blue\~src\aa_bofors\aa_bofors_reload_crewman_b.mb]]>
</SrcFile>
    <FramesPerSecond>30</FramesPerSecond>
    <TotalFrames>97</TotalFrames>
    <Skeleton>
        <RefFrame>
            <Name>
                <![CDATA[soldier_ref_frame]]>
</Name>
            <Exclude>0</Exclude>
            <Additive>0</Additive>
            <IKPriority>0</IKPriority>
            <IKRotLimits>-1e+010 -1e+010 -1e+010 1e+010 1e+010 1e+010</IKRotLimits>
            <IKRotLimitOrder>0</IKRotLimitOrder>
            <KeyFrames count="97">
                <i>1 0 0 0 1 0 0 0 1 -2.24 2.8 0.45</i>
                <i>1 0 0 0 1 0 0 0 1 -2.24 2.8 0.45</i>
                <i>1 0 0 0 1 0 0 0 1 -2.24 2.8 0.45</i>
                <i>1 0 0 0 1 0 0 0 1 -2.24 2.8 0.45</i>
                <i>1 0 0 0 1 0 0 0 1 -2.24 2.8 0.45</i>
                <i>1 0 0 0 1 0 0 0 1 -2.24 2.8 0.45</i>
                <i>1 0 0 0 1 0 0 0 1 -2.24 2.8 0.45</i>
                <i>1 0 0 0 1 0 0 0 1 -2.24 2.8 0.45</i>
                <i>1 0 0 0 1 0 0 0 1 -2.24 2.8 0.45</i>
                <i>1 0 0 0 1 0 0 0 1 -2.24 2.8 0.45</i>
                <i>1 0 0 0 1 0 0 0 1 -2.24 2.8 0.45</i>
                <i>1 0 0 0 1 0 0 0 1 -2.24 2.8 0.45</i>
                <i>1 0 0 0 1 0 0 0 1 -2.24 2.8 0.45</i>
                <i>1 0 0 0 1 0 0 0 1 -2.24 2.8 0.45</i>
                <i>1 0 0 0 1 0 0 0 1 -2.24 2.8 0.45</i>
                <i>1 0 0 0 1 0 0 0 1 -2.24 2.8 0.45</i>
                <i>1 0 0 0 1 0 0 0 1 -2.24 2.8 0.45</i>
                <i>1 0 0 0 1 0 0 0 1 -2.24 2.8 0.45</i>
                <i>1 0 0 0 1 0 0 0 1 -2.24 2.8 0.45</i>
                <i>1 0 0 0 1 0 0 0 1 -2.24 2.8 0.45</i>
                <i>1 0 0 0 1 0 0 0 1 -2.24 2.8 0.45</i>
                <i>1 0 0 0 1 0 0 0 1 -2.24 2.8 0.45</i>
                <i>1 0 0 0 1 0 0 0 1 -2.24 2.8 0.45</i>
                <i>1 0 0 0 1 0 0 0 1 -2.24 2.8 0.45</i>
                <i>1 0 0 0 1 0 0 0 1 -2.24 2.8 0.45</i>
                <i>1 0 0 0 1 0 0 0 1 -2.24 2.8 0.45</i>
                <i>1 0 0 0 1 0 0 0 1 -2.24 2.8 0.45</i>
                <i>1 0 0 0 1 0 0 0 1 -2.24 2.8 0.45</i>
                <i>1 0 0 0 1 0 0 0 1 -2.24 2.8 0.45</i>
                <i>1 0 0 0 1 0 0 0 1 -2.24 2.8 0.45</i>
                <i>1 0 0 0 1 0 0 0 1 -2.24 2.8 0.45</i>
                <i>1 0 0 0 1 0 0 0 1 -2.24 2.8 0.45</i>
                <i>1 0 0 0 1 0 0 0 1 -2.24 2.8 0.45</i>
                <i>1 0 0 0 1 0 0 0 1 -2.24 2.8 0.45</i>
                <i>1 0 0 0 1 0 0 0 1 -2.24 2.8 0.45</i>
                <i>1 0 0 0 1 0 0 0 1 -2.24 2.8 0.45</i>
                <i>1 0 0 0 1 0 0 0 1 -2.24 2.8 0.45</i>
                <i>1 0 0 0 1 0 0 0 1 -2.24 2.8 0.45</i>
                <i>1 0 0 0 1 0 0 0 1 -2.24 2.8 0.45</i>
                <i>1 0 0 0 1 0 0 0 1 -2.24 2.8 0.45</i>
                <i>1 0 0 0 1 0 0 0 1 -2.24 2.8 0.45</i>
                <i>1 0 0 0 1 0 0 0 1 -2.24 2.8 0.45</i>
                <i>1 0 0 0 1 0 0 0 1 -2.24 2.8 0.45</i>
                <i>1 0 0 0 1 0 0 0 1 -2.24 2.8 0.45</i>
                <i>1 0 0 0 1 0 0 0 1 -2.24 2.8 0.45</i>
                <i>1 0 0 0 1 0 0 0 1 -2.24 2.8 0.45</i>
                <i>1 0 0 0 1 0 0 0 1 -2.24 2.8 0.45</i>
                <i>1 0 0 0 1 0 0 0 1 -2.24 2.8 0.45</i>
                <i>1 0 0 0 1 0 0 0 1 -2.24 2.8 0.45</i>
                <i>1 0 0 0 1 0 0 0 1 -2.24 2.8 0.45</i>
                <i>1 0 0 0 1 0 0 0 1 -2.24 2.8 0.45</i>
                <i>1 0 0 0 1 0 0 0 1 -2.24 2.8 0.45</i>
                <i>1 0 0 0 1 0 0 0 1 -2.24 2.8 0.45</i>
                <i>1 0 0 0 1 0 0 0 1 -2.24 2.8 0.45</i>
                <i>1 0 0 0 1 0 0 0 1 -2.24 2.8 0.45</i>
                <i>1 0 0 0 1 0 0 0 1 -2.24 2.8 0.45</i>
                <i>1 0 0 0 1 0 0 0 1 -2.24 2.8 0.45</i>
                <i>1 0 0 0 1 0 0 0 1 -2.24 2.8 0.45</i>
                <i>1 0 0 0 1 0 0 0 1 -2.24 2.8 0.45</i>
                <i>1 0 0 0 1 0 0 0 1 -2.24 2.8 0.45</i>
                <i>1 0 0 0 1 0 0 0 1 -2.24 2.8 0.45</i>
                <i>1 0 0 0 1 0 0 0 1 -2.24 2.8 0.45</i>
                <i>1 0 0 0 1 0 0 0 1 -2.24 2.8 0.45</i>
                <i>1 0 0 0 1 0 0 0 1 -2.24 2.8 0.45</i>
                <i>1 0 0 0 1 0 0 0 1 -2.24 2.8 0.45</i>
                <i>1 0 0 0 1 0 0 0 1 -2.24 2.8 0.45</i>
                <i>1 0 0 0 1 0 0 0 1 -2.24 2.8 0.45</i>
                <i>1 0 0 0 1 0 0 0 1 -2.24 2.8 0.45</i>
                <i>1 0 0 0 1 0 0 0 1 -2.24 2.8 0.45</i>
                <i>1 0 0 0 1 0 0 0 1 -2.24 2.8 0.45</i>
                <i>1 0 0 0 1 0 0 0 1 -2.24 2.8 0.45</i>
                <i>1 0 0 0 1 0 0 0 1 -2.24 2.8 0.45</i>
                <i>1 0 0 0 1 0 0 0 1 -2.24 2.8 0.45</i>
                <i>1 0 0 0 1 0 0 0 1 -2.24 2.8 0.45</i>
                <i>1 0 0 0 1 0 0 0 1 -2.24 2.8 0.45</i>
                <i>1 0 0 0 1 0 0 0 1 -2.24 2.8 0.45</i>
                <i>1 0 0 0 1 0 0 0 1 -2.24 2.8 0.45</i>
                <i>1 0 0 0 1 0 0 0 1 -2.24 2.8 0.45</i>
                <i>1 0 0 0 1 0 0 0 1 -2.24 2.8 0.45</i>
                <i>1 0 0 0 1 0 0 0 1 -2.24 2.8 0.45</i>
                <i>1 0 0 0 1 0 0 0 1 -2.24 2.8 0.45</i>
                <i>1 0 0 0 1 0 0 0 1 -2.24 2.8 0.45</i>
                <i>1 0 0 0 1 0 0 0 1 -2.24 2.8 0.45</i>
                <i>1 0 0 0 1 0 0 0 1 -2.24 2.8 0.45</i>
                <i>1 0 0 0 1 0 0 0 1 -2.24 2.8 0.45</i>
                <i>1 0 0 0 1 0 0 0 1 -2.24 2.8 0.45</i>
                <i>1 0 0 0 1 0 0 0 1 -2.24 2.8 0.45</i>
                <i>1 0 0 0 1 0 0 0 1 -2.24 2.8 0.45</i>
                <i>1 0 0 0 1 0 0 0 1 -2.24 2.8 0.45</i>
                <i>1 0 0 0 1 0 0 0 1 -2.24 2.8 0.45</i>
                <i>1 0 0 0 1 0 0 0 1 -2.24 2.8 0.45</i>
                <i>1 0 0 0 1 0 0 0 1 -2.24 2.8 0.45</i>
                <i>1 0 0 0 1 0 0 0 1 -2.24 2.8 0.45</i>
                <i>1 0 0 0 1 0 0 0 1 -2.24 2.8 0.45</i>
                <i>1 0 0 0 1 0 0 0 1 -2.24 2.8 0.45</i>
                <i>1 0 0 0 1 0 0 0 1 -2.24 2.8 0.45</i>
                <i>1 0 0 0 1 0 0 0 1 -2.24 2.8 0.45</i>
            </KeyFrames>
        </RefFrame>
        <Bones count="23">
            <i>
                <p>
                    <Name>
                        <![CDATA[pelvis]]>
</Name>
                    <Exclude>0</Exclude>
                    <Additive>0</Additive>
                    <IKPriority>0</IKPriority>
                    <IKRotLimits>-1e+010 -1e+010 -1e+010 1e+010 1e+010 1e+010</IKRotLimits>
                    <IKRotLimitOrder>2</IKRotLimitOrder>
                    <KeyFrames count="97">
                        <i>1 0 0 0 1 0 0 0 1 -2.12744 3.68114 0.3414</i>
                        <i>1 0 0 0 1 0 0 0 1 -2.12744 3.56855 0.3414</i>
                        <i>1 0 0 0 1 0 0 0 1 -2.12744 3.50495 0.3414</i>
                        <i>1 0 0 0 1 0 0 0 1 -2.12744 3.60971 0.3414</i>
                        <i>1 0 0 0 1 0 0 0 1 -2.12744 3.72056 0.3414</i>
                        <i>1 0 0 0 1 0 0 0 1 -2.12744 3.73306 0.3414</i>
                        <i>1 0 0 0 1 0 0 0 1 -2.12744 3.73031 0.3414</i>
                        <i>1 0 0 0 1 0 0 0 1 -2.12744 3.71802 0.3414</i>
                        <i>1 0 0 0 1 0 0 0 1 -2.12744 3.70192 0.3414</i>
                        <i>1 0 0 0 1 0 0 0 1 -2.12744 3.68772 0.3414</i>
                        <i>1 0 0 0 1 0 0 0 1 -2.12744 3.68114 0.3414</i>
                        <i>1 0 0 0 1 0 0 0 1 -2.12744 3.684 0.3414</i>
                        <i>1 0 0 0 1 0 0 0 1 -2.12744 3.69221 0.3414</i>
                        <i>1 0 0 0 1 0 0 0 1 -2.12744 3.70255 0.3414</i>
                        <i>1 0 0 0 1 0 0 0 1 -2.12744 3.71182 0.3414</i>
                        <i>1 0 0 0 1 0 0 0 1 -2.12744 3.71182 0.3414</i>
                        <i>1 0 0 0 1 0 0 0 1 -2.12744 3.71182 0.3414</i>
                        <i>1 0 0 0 1 0 0 0 1 -2.12744 3.71182 0.3414</i>
                        <i>1 0 0 0 1 0 0 0 1 -2.12744 3.71182 0.3414</i>
                        <i>1 0 0 0 1 0 0 0 1 -2.12744 3.71182 0.3414</i>
                        <i>1 0 0 0 1 0 0 0 1 -2.12744 3.71182 0.3414</i>
                        <i>1 0 0 0 1 0 0 0 1 -2.12744 3.71182 0.3414</i>
                        <i>1 0 0 0 1 0 0 0 1 -2.12744 3.71182 0.3414</i>
                        <i>1 0 0 0 1 0 0 0 1 -2.12744 3.71182 0.3414</i>
                        <i>1 0 0 0 1 0 0 0 1 -2.12744 3.71182 0.3414</i>
                        <i>1 0 0 0 1 0 0 0 1 -2.12744 3.71182 0.3414</i>
                        <i>1 0 0 0 1 0 0 0 1 -2.12744 3.71182 0.3414</i>
                        <i>1 0 0 0 1 0 0 0 1 -2.12744 3.71182 0.3414</i>
                        <i>1 0 0 0 1 0 0 0 1 -2.12744 3.71182 0.3414</i>
                        <i>1 0 0 0 1 0 0 0 1 -2.12744 3.71182 0.3414</i>
                        <i>1 0 0 0 1 0 0 0 1 -2.12744 3.71182 0.3414</i>
                        <i>1 0 0 0 1 0 0 0 1 -2.12744 3.71182 0.3414</i>
                        <i>1 0 0 0 1 0 0 0 1 -2.12744 3.71182 0.3414</i>
                        <i>1 0 0 0 1 0 0 0 1 -2.12744 3.71182 0.3414</i>
                        <i>1 0 0 0 1 0 0 0 1 -2.12744 3.71182 0.3414</i>
                        <i>1 0 0 0 1 0 0 0 1 -2.12744 3.71182 0.3414</i>
                        <i>1 0 0 0 1 0 0 0 1 -2.12744 3.71182 0.3414</i>
                        <i>1 0 0 0 1 0 0 0 1 -2.12744 3.71182 0.3414</i>
                        <i>1 0 0 0 1 0 0 0 1 -2.12744 3.71182 0.3414</i>
                        <i>1 0 0 0 1 0 0 0 1 -2.12744 3.71182 0.3414</i>
                        <i>1 0 0 0 1 0 0 0 1 -2.12744 3.71182 0.3414</i>
                        <i>1 0 0 0 1 0 0 0 1 -2.12744 3.71182 0.3414</i>
                        <i>1 0 0 0 1 0 0 0 1 -2.12744 3.71182 0.3414</i>
                        <i>1 0 0 0 1 0 0 0 1 -2.12744 3.71182 0.3414</i>
                        <i>1 0 0 0 1 0 0 0 1 -2.12744 3.71182 0.3414</i>
                        <i>1 0 0 0 1 0 0 0 1 -2.12744 3.71182 0.3414</i>
                        <i>1 0 0 0 1 0 0 0 1 -2.12744 3.71182 0.3414</i>
                        <i>1 0 0 0 1 0 0 0 1 -2.12744 3.71182 0.3414</i>
                        <i>1 0 0 0 1 0 0 0 1 -2.12744 3.71182 0.3414</i>
                        <i>1 0 0 0 1 0 0 0 1 -2.12744 3.71182 0.3414</i>
                        <i>1 0 0 0 1 0 0 0 1 -2.12744 3.71182 0.3414</i>
                        <i>1 0 0 0 1 0 0 0 1 -2.12744 3.71182 0.3414</i>
                        <i>1 0 0 0 1 0 0 0 1 -2.12744 3.71182 0.3414</i>
                        <i>1 0 0 0 1 0 0 0 1 -2.12744 3.71182 0.3414</i>
                        <i>1 0 0 0 1 0 0 0 1 -2.12744 3.71182 0.3414</i>
                        <i>1 0 0 0 1 0 0 0 1 -2.12744 3.71182 0.3414</i>
                        <i>1 0 0 0 1 0 0 0 1 -2.12744 3.71182 0.3414</i>
                        <i>1 0 0 0 1 0 0 0 1 -2.12744 3.71182 0.3414</i>
                        <i>1 0 0 0 1 0 0 0 1 -2.12744 3.71182 0.3414</i>
                        <i>1 0 0 0 1 0 0 0 1 -2.12744 3.71182 0.3414</i>
                        <i>1 0 0 0 1 0 0 0 1 -2.12744 3.71182 0.3414</i>
                        <i>1 0 0 0 1 0 0 0 1 -2.12744 3.71182 0.3414</i>
                        <i>1 0 0 0 1 0 0 0 1 -2.12744 3.71182 0.3414</i>
                        <i>1 0 0 0 1 0 0 0 1 -2.12744 3.71182 0.3414</i>
                        <i>1 0 0 0 1 0 0 0 1 -2.12744 3.71182 0.3414</i>
                        <i>1 0 0 0 1 0 0 0 1 -2.12744 3.71182 0.3414</i>
                        <i>1 0 0 0 1 0 0 0 1 -2.12744 3.71182 0.3414</i>
                        <i>1 0 0 0 1 0 0 0 1 -2.12744 3.71182 0.3414</i>
                        <i>1 0 0 0 1 0 0 0 1 -2.12744 3.71182 0.3414</i>
                        <i>1 0 0 0 1 0 0 0 1 -2.12744 3.71182 0.3414</i>
                        <i>1 0 0 0 1 0 0 0 1 -2.12744 3.71182 0.3414</i>
                        <i>1 0 0 0 1 0 0 0 1 -2.12744 3.71182 0.3414</i>
                        <i>1 0 0 0 1 0 0 0 1 -2.12744 3.71182 0.3414</i>
                        <i>1 0 0 0 1 0 0 0 1 -2.12744 3.71182 0.3414</i>
                        <i>1 0 0 0 1 0 0 0 1 -2.12744 3.71182 0.3414</i>
                        <i>1 0 0 0 1 0 0 0 1 -2.12744 3.71182 0.3414</i>
                        <i>1 0 0 0 1 0 0 0 1 -2.12744 3.71182 0.3414</i>
                        <i>1 0 0 0 1 0 0 0 1 -2.12744 3.71182 0.3414</i>
                        <i>1 0 0 0 1 0 0 0 1 -2.12744 3.71182 0.3414</i>
                        <i>1 0 0 0 1 0 0 0 1 -2.12744 3.71182 0.3414</i>
                        <i>1 0 0 0 1 0 0 0 1 -2.12744 3.71182 0.3414</i>
                        <i>1 0 0 0 1 0 0 0 1 -2.12744 3.71182 0.3414</i>
                        <i>1 0 0 0 1 0 0 0 1 -2.12744 3.71182 0.3414</i>
                        <i>1 0 0 0 1 0 0 0 1 -2.12744 3.71182 0.3414</i>
                        <i>1 0 0 0 1 0 0 0 1 -2.12744 3.71182 0.3414</i>
                        <i>1 0 0 0 1 0 0 0 1 -2.12744 3.71182 0.3414</i>
                        <i>1 0 0 0 1 0 0 0 1 -2.12744 3.71182 0.3414</i>
                        <i>1 0 0 0 1 0 0 0 1 -2.12744 3.71182 0.3414</i>
                        <i>1 0 0 0 1 0 0 0 1 -2.12744 3.71182 0.3414</i>
                        <i>1 0 0 0 1 0 0 0 1 -2.12744 3.71182 0.3414</i>
                        <i>1 0 0 0 1 0 0 0 1 -2.12744 3.71182 0.3414</i>
                        <i>1 0 0 0 1 0 0 0 1 -2.12744 3.71182 0.3414</i>
                        <i>1 0 0 0 1 0 0 0 1 -2.12744 3.71182 0.3414</i>
                        <i>1 0 0 0 1 0 0 0 1 -2.12744 3.71182 0.3414</i>
                        <i>1 0 0 0 1 0 0 0 1 -2.12744 3.71182 0.3414</i>
                        <i>1 0 0 0 1 0 0 0 1 -2.12744 3.71182 0.3414</i>
                        <i>1 0 0 0 1 0 0 0 1 -2.12744 3.71182 0.3414</i>
                    </KeyFrames>
                </p>
            </i>
            <i>
                <p>
                    <Name>
                        <![CDATA[spine0]]>
</Name>
                    <Exclude>0</Exclude>
                    <Additive>0</Additive>
                    <IKPriority>0</IKPriority>
                    <IKRotLimits>-1e+010 -1e+010 -1e+010 1e+010 1e+010 1e+010</IKRotLimits>
                    <IKRotLimitOrder>0</IKRotLimitOrder>
                    <KeyFrames count="97">
                        <i>1.11022e-016 0.951803 0.306709 -1 1.11022e-016 0 -2.77556e-017 -0.306709 0.951803 -2.12744 3.82439 0.328147</i>
                        <i>1.11022e-016 0.95284 0.303473 -1 1.11022e-016 0 -5.55112e-017 -0.303473 0.95284 -2.12744 3.71176 0.32766</i>
                        <i>1.11022e-016 0.953821 0.300374 -1 1.11022e-016 0 -5.55112e-017 -0.300374 0.953821 -2.12744 3.6481 0.327195</i>
                        <i>0 0.954734 0.297461 -1 0 0 -2.77556e-017 -0.297461 0.954734 -2.12744 3.75283 0.326758</i>
                        <i>0 0.955565 0.29478 -1 0 0 -5.55112e-017 -0.29478 0.955565 -2.12744 3.86364 0.326356</i>
                        <i>1.11022e-016 0.956302 0.292381 -1 1.11022e-016 -2.77556e-017 -8.32667e-017 -0.292381 0.956302 -2.12744 3.87609 0.325997</i>
                        <i>0 0.956932 0.290311 -1 0 0 -2.77556e-017 -0.290311 0.956932 -2.12744 3.87331 0.325688</i>
                        <i>1.11022e-016 0.957445 0.288617 -1 1.11022e-016 0 -2.77556e-017 -0.288617 0.957445 -2.12744 3.861 0.325435</i>
                        <i>2.22045e-016 0.957826 0.287349 -1 2.22045e-016 0 -5.55112e-017 -0.287349 0.957826 -2.12744 3.84488 0.325245</i>
                        <i>0 0.958065 0.286552 -1 0 0 -2.77556e-017 -0.286552 0.958065 -2.12744 3.83066 0.325127</i>
                        <i>0 0.958147 0.286276 -1 0 0 -5.55112e-017 -0.286276 0.958147 -2.12744 3.82407 0.325086</i>
                        <i>2.22045e-016 0.958065 0.286552 -1 2.22045e-016 0 0 -0.286552 0.958065 -2.12744 3.82694 0.325127</i>
                        <i>1.11022e-016 0.957826 0.287349 -1 1.11022e-016 0 -2.77556e-017 -0.287349 0.957826 -2.12744 3.83516 0.325245</i>
                        <i>2.22045e-016 0.957445 0.288617 -1 2.22045e-016 0 -5.55112e-017 -0.288617 0.957445 -2.12744 3.84552 0.325435</i>
                        <i>0 0.956932 0.290311 -1 0 2.77556e-017 -2.77556e-017 -0.290311 0.956932 -2.12744 3.85482 0.325688</i>
                        <i>2.22045e-016 0.956302 0.292381 -1 2.22045e-016 0 -5.55112e-017 -0.292381 0.956302 -2.12744 3.85486 0.325997</i>
                        <i>2.22045e-016 0.955565 0.29478 -1 2.22045e-016 0 -2.77556e-017 -0.29478 0.955565 -2.12744 3.8549 0.326356</i>
                        <i>2.22045e-016 0.954734 0.297461 -1 2.22045e-016 0 -5.55112e-017 -0.297461 0.954734 -2.12744 3.85494 0.326758</i>
                        <i>1.11022e-016 0.953821 0.300374 -1 1.11022e-016 0 -5.55112e-017 -0.300374 0.953821 -2.12744 3.85498 0.327195</i>
                        <i>1.11022e-016 0.95284 0.303473 -1 1.11022e-016 -2.77556e-017 -5.55112e-017 -0.303473 0.95284 -2.12744 3.85503 0.32766</i>
                        <i>1.11022e-016 0.951803 0.306709 -1 1.11022e-016 0 -2.77556e-017 -0.306709 0.951803 -2.12744 3.85507 0.328147</i>
                        <i>0 0.950725 0.310036 -1 0 0 -5.55112e-017 -0.310036 0.950725 -2.12744 3.85512 0.328648</i>
                        <i>2.22045e-016 0.949619 0.313406 -1 2.22045e-016 2.77556e-017 -2.77556e-017 -0.313406 0.949619 -2.12744 3.85516 0.329157</i>
                        <i>1.11022e-016 0.948502 0.316772 -1 1.11022e-016 0 -5.55112e-017 -0.316772 0.948502 -2.12744 3.85521 0.329665</i>
                        <i>1.11022e-016 0.947388 0.320088 -1 1.11022e-016 0 -5.55112e-017 -0.320088 0.947388 -2.12744 3.85525 0.330166</i>
                        <i>1.11022e-016 0.946295 0.323305 -1 1.11022e-016 -2.77556e-017 -5.55112e-017 -0.323305 0.946295 -2.12744 3.85528 0.330654</i>
                        <i>0 0.945239 0.32638 -1 0 2.77556e-017 -2.77556e-017 -0.32638 0.945239 -2.12744 3.85532 0.33112</i>
                        <i>2.22045e-016 0.944238 0.329264 -1 2.22045e-016 0 -5.55112e-017 -0.329264 0.944238 -2.12744 3.85535 0.331558</i>
                        <i>1.11022e-016 0.94331 0.331912 -1 1.11022e-016 2.77556e-017 -2.77556e-017 -0.331912 0.94331 -2.12744 3.85537 0.331961</i>
                        <i>1.11022e-016 0.942474 0.334279 -1 2.22045e-016 -2.77556e-017 -8.32667e-017 -0.334279 0.942474 -2.12744 3.8554 0.332322</i>
                        <i>0 0.941749 0.336318 -1 0 -2.77556e-017 -8.32667e-017 -0.336318 0.941749 -2.12744 3.85542 0.332632</i>
                        <i>0 0.941152 0.337983 -1 0 0 -5.55112e-017 -0.337983 0.941152 -2.12744 3.85543 0.332886</i>
                        <i>2.22045e-016 0.940704 0.33923 -1 2.22045e-016 0 -5.55112e-017 -0.33923 0.940704 -2.12744 3.85544 0.333077</i>
                        <i>0 0.940421 0.340012 -1 0 0 -5.55112e-017 -0.340012 0.940421 -2.12744 3.85545 0.333196</i>
                        <i>0 0.940323 0.340282 -1 0 2.77556e-017 -2.77556e-017 -0.340282 0.940323 -2.12744 3.85545 0.333237</i>
                        <i>2.22045e-016 0.940421 0.340012 -1 2.22045e-016 0 -5.55112e-017 -0.340012 0.940421 -2.12744 3.85545 0.333196</i>
                        <i>1.11022e-016 0.940704 0.33923 -1 1.11022e-016 0 -5.55112e-017 -0.33923 0.940704 -2.12744 3.85544 0.333077</i>
                        <i>2.22045e-016 0.941152 0.337983 -1 2.22045e-016 0 0 -0.337983 0.941152 -2.12744 3.85543 0.332886</i>
                        <i>1.11022e-016 0.941749 0.336318 -1 1.11022e-016 -2.77556e-017 -8.32667e-017 -0.336318 0.941749 -2.12744 3.85542 0.332632</i>
                        <i>2.22045e-016 0.942474 0.334279 -1 2.22045e-016 0 0 -0.334279 0.942474 -2.12744 3.8554 0.332322</i>
                        <i>2.22045e-016 0.94331 0.331912 -1 2.22045e-016 2.77556e-017 -2.77556e-017 -0.331912 0.94331 -2.12744 3.85537 0.331961</i>
                        <i>0 0.944238 0.329264 -1 1.11022e-016 -2.77556e-017 -8.32667e-017 -0.329264 0.944238 -2.12744 3.85535 0.331558</i>
                        <i>1.11022e-016 0.945239 0.32638 -1 1.11022e-016 -5.55112e-017 -5.55112e-017 -0.32638 0.945239 -2.12744 3.85532 0.33112</i>
                        <i>0 0.946295 0.323305 -1 0 2.77556e-017 -2.77556e-017 -0.323305 0.946295 -2.12744 3.85528 0.330654</i>
                        <i>1.11022e-016 0.947388 0.320088 -1 1.11022e-016 0 -5.55112e-017 -0.320088 0.947388 -2.12744 3.85525 0.330166</i>
                        <i>1.11022e-016 0.948502 0.316772 -1 1.11022e-016 -2.77556e-017 -8.32667e-017 -0.316772 0.948502 -2.12744 3.85521 0.329665</i>
                        <i>2.22045e-016 0.949619 0.313406 -1 2.22045e-016 0 -2.77556e-017 -0.313406 0.949619 -2.12744 3.85516 0.329157</i>
                        <i>0 0.950725 0.310036 -1 0 2.77556e-017 -2.77556e-017 -0.310036 0.950725 -2.12744 3.85512 0.328648</i>
                        <i>1.11022e-016 0.951803 0.306709 -1 1.11022e-016 0 -2.77556e-017 -0.306709 0.951803 -2.12744 3.85507 0.328147</i>
                        <i>1.11022e-016 0.95284 0.303473 -1 1.11022e-016 0 -5.55112e-017 -0.303473 0.95284 -2.12744 3.85503 0.32766</i>
                        <i>1.11022e-016 0.953821 0.300374 -1 1.11022e-016 0 -5.55112e-017 -0.300374 0.953821 -2.12744 3.85498 0.327195</i>
                        <i>2.22045e-016 0.954734 0.297461 -1 2.22045e-016 0 -2.77556e-017 -0.297461 0.954734 -2.12744 3.85494 0.326758</i>
                        <i>0 0.955565 0.29478 -1 0 0 -5.55112e-017 -0.29478 0.955565 -2.12744 3.8549 0.326356</i>
                        <i>1.11022e-016 0.956302 0.292381 -1 1.11022e-016 -2.77556e-017 -8.32667e-017 -0.292381 0.956302 -2.12744 3.85486 0.325997</i>
                        <i>0 0.956932 0.290311 -1 0 0 -2.77556e-017 -0.290311 0.956932 -2.12744 3.85482 0.325688</i>
                        <i>1.11022e-016 0.957445 0.288617 -1 1.11022e-016 0 -2.77556e-017 -0.288617 0.957445 -2.12744 3.8548 0.325435</i>
                        <i>2.22045e-016 0.957826 0.287349 -1 2.22045e-016 -2.77556e-017 -5.55112e-017 -0.287349 0.957826 -2.12744 3.85477 0.325245</i>
                        <i>0 0.958065 0.286552 -1 1.11022e-016 0 -5.55112e-017 -0.286552 0.958065 -2.12744 3.85476 0.325127</i>
                        <i>0 0.958147 0.286276 -1 0 0 -5.55112e-017 -0.286276 0.958147 -2.12744 3.85476 0.325086</i>
                        <i>1.11022e-016 0.958065 0.286552 -1 1.11022e-016 0 -2.77556e-017 -0.286552 0.958065 -2.12744 3.85476 0.325127</i>
                        <i>2.22045e-016 0.957826 0.287349 -1 2.22045e-016 0 -5.55112e-017 -0.287349 0.957826 -2.12744 3.85477 0.325245</i>
                        <i>2.22045e-016 0.957445 0.288617 -1 2.22045e-016 0 -5.55112e-017 -0.288617 0.957445 -2.12744 3.8548 0.325435</i>
                        <i>0 0.956932 0.290311 -1 0 2.77556e-017 -2.77556e-017 -0.290311 0.956932 -2.12744 3.85482 0.325688</i>
                        <i>2.22045e-016 0.956302 0.292381 -1 2.22045e-016 0 -5.55112e-017 -0.292381 0.956302 -2.12744 3.85486 0.325997</i>
                        <i>2.22045e-016 0.955565 0.29478 -1 2.22045e-016 0 -2.77556e-017 -0.29478 0.955565 -2.12744 3.8549 0.326356</i>
                        <i>2.22045e-016 0.954734 0.297461 -1 2.22045e-016 0 -5.55112e-017 -0.297461 0.954734 -2.12744 3.85494 0.326758</i>
                        <i>1.11022e-016 0.953821 0.300374 -1 1.11022e-016 0 -5.55112e-017 -0.300374 0.953821 -2.12744 3.85498 0.327195</i>
                        <i>1.11022e-016 0.95284 0.303473 -1 1.11022e-016 -2.77556e-017 -5.55112e-017 -0.303473 0.95284 -2.12744 3.85503 0.32766</i>
                        <i>1.11022e-016 0.951803 0.306709 -1 1.11022e-016 0 -2.77556e-017 -0.306709 0.951803 -2.12744 3.85507 0.328147</i>
                        <i>0 0.950725 0.310036 -1 0 0 -5.55112e-017 -0.310036 0.950725 -2.12744 3.85512 0.328648</i>
                        <i>2.22045e-016 0.949619 0.313406 -1 2.22045e-016 2.77556e-017 -2.77556e-017 -0.313406 0.949619 -2.12744 3.85516 0.329157</i>
                        <i>1.11022e-016 0.948502 0.316772 -1 1.11022e-016 0 -5.55112e-017 -0.316772 0.948502 -2.12744 3.85521 0.329665</i>
                        <i>1.11022e-016 0.947388 0.320088 -1 1.11022e-016 0 -5.55112e-017 -0.320088 0.947388 -2.12744 3.85525 0.330166</i>
                        <i>1.11022e-016 0.946295 0.323305 -1 1.11022e-016 -2.77556e-017 -5.55112e-017 -0.323305 0.946295 -2.12744 3.85528 0.330654</i>
                        <i>0 0.945239 0.32638 -1 0 2.77556e-017 -2.77556e-017 -0.32638 0.945239 -2.12744 3.85532 0.33112</i>
                        <i>2.22045e-016 0.944238 0.329264 -1 2.22045e-016 0 -5.55112e-017 -0.329264 0.944238 -2.12744 3.85535 0.331558</i>
                        <i>1.11022e-016 0.94331 0.331912 -1 1.11022e-016 2.77556e-017 -2.77556e-017 -0.331912 0.94331 -2.12744 3.85537 0.331961</i>
                        <i>1.11022e-016 0.942474 0.334279 -1 2.22045e-016 -2.77556e-017 -8.32667e-017 -0.334279 0.942474 -2.12744 3.8554 0.332322</i>
                        <i>0 0.941749 0.336318 -1 0 -2.77556e-017 -8.32667e-017 -0.336318 0.941749 -2.12744 3.85542 0.332632</i>
                        <i>0 0.941152 0.337983 -1 0 0 -5.55112e-017 -0.337983 0.941152 -2.12744 3.85543 0.332886</i>
                        <i>2.22045e-016 0.940704 0.33923 -1 2.22045e-016 0 -5.55112e-017 -0.33923 0.940704 -2.12744 3.85544 0.333077</i>
                        <i>0 0.940421 0.340012 -1 0 0 -5.55112e-017 -0.340012 0.940421 -2.12744 3.85545 0.333196</i>
                        <i>0 0.940323 0.340282 -1 0 2.77556e-017 -2.77556e-017 -0.340282 0.940323 -2.12744 3.85545 0.333237</i>
                        <i>2.22045e-016 0.940421 0.340012 -1 2.22045e-016 0 -5.55112e-017 -0.340012 0.940421 -2.12744 3.85545 0.333196</i>
                        <i>1.11022e-016 0.940704 0.33923 -1 1.11022e-016 0 -5.55112e-017 -0.33923 0.940704 -2.12744 3.85544 0.333077</i>
                        <i>2.22045e-016 0.941152 0.337983 -1 2.22045e-016 0 0 -0.337983 0.941152 -2.12744 3.85543 0.332886</i>
                        <i>1.11022e-016 0.941749 0.336318 -1 1.11022e-016 -2.77556e-017 -8.32667e-017 -0.336318 0.941749 -2.12744 3.85542 0.332632</i>
                        <i>2.22045e-016 0.942474 0.334279 -1 2.22045e-016 0 0 -0.334279 0.942474 -2.12744 3.8554 0.332322</i>
                        <i>2.22045e-016 0.94331 0.331912 -1 2.22045e-016 2.77556e-017 -2.77556e-017 -0.331912 0.94331 -2.12744 3.85537 0.331961</i>
                        <i>0 0.944238 0.329264 -1 1.11022e-016 -2.77556e-017 -8.32667e-017 -0.329264 0.944238 -2.12744 3.85535 0.331558</i>
                        <i>1.11022e-016 0.945239 0.32638 -1 1.11022e-016 -5.55112e-017 -5.55112e-017 -0.32638 0.945239 -2.12744 3.85532 0.33112</i>
                        <i>0 0.946295 0.323305 -1 0 2.77556e-017 -2.77556e-017 -0.323305 0.946295 -2.12744 3.85528 0.330654</i>
                        <i>1.11022e-016 0.947388 0.320088 -1 1.11022e-016 0 -5.55112e-017 -0.320088 0.947388 -2.12744 3.85525 0.330166</i>
                        <i>1.11022e-016 0.948502 0.316772 -1 1.11022e-016 -2.77556e-017 -8.32667e-017 -0.316772 0.948502 -2.12744 3.85521 0.329665</i>
                        <i>2.22045e-016 0.949619 0.313406 -1 2.22045e-016 0 -2.77556e-017 -0.313406 0.949619 -2.12744 3.85516 0.329157</i>
                        <i>0 0.950725 0.310036 -1 0 2.77556e-017 -2.77556e-017 -0.310036 0.950725 -2.12744 3.85512 0.328648</i>
                        <i>1.11022e-016 0.951803 0.306709 -1 1.11022e-016 0 -2.77556e-017 -0.306709 0.951803 -2.12744 3.85507 0.328147</i>
                    </KeyFrames>
                </p>
            </i>
            <i>
                <p>
                    <Name>
                        <![CDATA[spine1]]>
</Name>
                    <Exclude>0</Exclude>
                    <Additive>0</Additive>
                    <IKPriority>0</IKPriority>
                    <IKRotLimits>-1e+010 -1e+010 -1e+010 1e+010 1e+010 1e+010</IKRotLimits>
                    <IKRotLimitOrder>0</IKRotLimitOrder>
                    <KeyFrames count="97">
                        <i>9.77729e-017 0.817797 0.575506 -1 1.11022e-016 0 -5.94709e-017 -0.575506 0.817797 -2.12744 3.98897 0.381174</i>
                        <i>8.95311e-017 0.819749 0.572724 -1 1.11022e-016 0 -8.59746e-017 -0.572724 0.819749 -2.12744 3.87652 0.380128</i>
                        <i>8.95311e-017 0.821606 0.570056 -1 1.11022e-016 0 -8.59746e-017 -0.570056 0.821606 -2.12744 3.81304 0.379127</i>
                        <i>-8.24181e-018 0.823342 0.567545 -1 0 0 -2.65037e-017 -0.567545 0.823342 -2.12744 3.91792 0.378186</i>
                        <i>-1.64836e-017 0.824932 0.565232 -1 0 0 -5.30073e-017 -0.565232 0.824932 -2.12744 4.02887 0.377321</i>
                        <i>8.12893e-017 0.826348 0.56316 -1 1.11022e-016 -2.77556e-017 -1.12478e-016 -0.56316 0.826348 -2.12744 4.04146 0.376547</i>
                        <i>-8.24181e-018 0.827565 0.56137 -1 0 0 -2.65037e-017 -0.56137 0.827565 -2.12744 4.03878 0.375879</i>
                        <i>9.77729e-017 0.828557 0.559905 -1 1.11022e-016 0 -5.94709e-017 -0.559905 0.828557 -2.12744 4.02656 0.375334</i>
                        <i>1.95546e-016 0.829298 0.558807 -1 2.22045e-016 0 -1.18942e-016 -0.558807 0.829298 -2.12744 4.0105 0.374925</i>
                        <i>-8.24181e-018 0.829762 0.558118 -1 0 0 -2.65037e-017 -0.558118 0.829762 -2.12744 3.99633 0.374668</i>
                        <i>-1.64836e-017 0.829923 0.557879 -1 0 0 -5.30073e-017 -0.557879 0.829923 -2.12744 3.98975 0.374579</i>
                        <i>2.12029e-016 0.829762 0.558118 -1 2.22045e-016 0 -6.59345e-017 -0.558118 0.829762 -2.12744 3.99261 0.374668</i>
                        <i>9.77729e-017 0.829298 0.558807 -1 1.11022e-016 0 -5.94709e-017 -0.558807 0.829298 -2.12744 4.00079 0.374925</i>
                        <i>1.95546e-016 0.828557 0.559905 -1 2.22045e-016 0 -1.18942e-016 -0.559905 0.828557 -2.12744 4.01108 0.375334</i>
                        <i>-8.24181e-018 0.827565 0.56137 -1 0 2.77556e-017 -2.65037e-017 -0.56137 0.827565 -2.12744 4.0203 0.375879</i>
                        <i>1.95546e-016 0.826348 0.56316 -1 2.22045e-016 0 -1.18942e-016 -0.56316 0.826348 -2.12744 4.02022 0.376547</i>
                        <i>2.03788e-016 0.824932 0.565232 -1 2.22045e-016 0 -9.24381e-017 -0.565232 0.824932 -2.12744 4.02013 0.377321</i>
                        <i>1.95546e-016 0.823342 0.567545 -1 2.22045e-016 0 -1.18942e-016 -0.567545 0.823342 -2.12744 4.02003 0.378186</i>
                        <i>8.95311e-017 0.821606 0.570056 -1 1.11022e-016 0 -8.59746e-017 -0.570056 0.821606 -2.12744 4.01992 0.379127</i>
                        <i>8.95311e-017 0.819749 0.572724 -1 1.11022e-016 -2.77556e-017 -8.59746e-017 -0.572724 0.819749 -2.12744 4.01979 0.380128</i>
                        <i>9.77729e-017 0.817797 0.575506 -1 1.11022e-016 0 -5.94709e-017 -0.575506 0.817797 -2.12744 4.01966 0.381174</i>
                        <i>-1.64836e-017 0.81578 0.578363 -1 0 0 -5.30073e-017 -0.578363 0.81578 -2.12744 4.01952 0.382251</i>
                        <i>2.03788e-016 0.813723 0.581252 -1 2.22045e-016 2.77556e-017 -9.24381e-017 -0.581252 0.813723 -2.12744 4.01937 0.383342</i>
                        <i>8.95311e-017 0.811657 0.584135 -1 1.11022e-016 0 -8.59746e-017 -0.584135 0.811657 -2.12744 4.01922 0.384432</i>
                        <i>8.95311e-017 0.809609 0.58697 -1 1.11022e-016 0 -8.59746e-017 -0.58697 0.809609 -2.12744 4.01907 0.385507</i>
                        <i>8.95311e-017 0.807609 0.589718 -1 1.11022e-016 -2.77556e-017 -8.59746e-017 -0.589718 0.807609 -2.12744 4.01892 0.386551</i>
                        <i>-8.24181e-018 0.805688 0.59234 -1 0 2.77556e-017 -2.65037e-017 -0.59234 0.805688 -2.12744 4.01877 0.387549</i>
                        <i>1.95546e-016 0.803876 0.594797 -1 2.22045e-016 0 -1.18942e-016 -0.594797 0.803876 -2.12744 4.01863 0.388486</i>
                        <i>9.77729e-017 0.802204 0.59705 -1 1.11022e-016 2.77556e-017 -5.94709e-017 -0.59705 0.802204 -2.12744 4.01849 0.389347</i>
                        <i>8.12893e-017 0.800703 0.599062 -1 2.22045e-016 -2.77556e-017 -1.12478e-016 -0.599062 0.800703 -2.12744 4.01837 0.390116</i>
                        <i>-2.47254e-017 0.799404 0.600793 -1 0 -2.77556e-017 -7.9511e-017 -0.600793 0.799404 -2.12744 4.01826 0.390779</i>
                        <i>-1.64836e-017 0.79834 0.602207 -1 0 0 -5.30073e-017 -0.602207 0.79834 -2.12744 4.01818 0.391321</i>
                        <i>1.95546e-016 0.797542 0.603264 -1 2.22045e-016 0 -1.18942e-016 -0.603264 0.797542 -2.12744 4.01811 0.391727</i>
                        <i>-1.64836e-017 0.79704 0.603927 -1 0 0 -5.30073e-017 -0.603927 0.79704 -2.12744 4.01807 0.391982</i>
                        <i>-8.24181e-018 0.796866 0.604156 -1 0 2.77556e-017 -2.65037e-017 -0.604156 0.796866 -2.12744 4.01805 0.39207</i>
                        <i>1.95546e-016 0.79704 0.603927 -1 2.22045e-016 0 -1.18942e-016 -0.603927 0.79704 -2.12744 4.01807 0.391982</i>
                        <i>8.95311e-017 0.797542 0.603264 -1 1.11022e-016 0 -8.59746e-017 -0.603264 0.797542 -2.12744 4.01811 0.391727</i>
                        <i>2.12029e-016 0.79834 0.602207 -1 2.22045e-016 0 -6.59345e-017 -0.602207 0.79834 -2.12744 4.01818 0.391321</i>
                        <i>8.12893e-017 0.799404 0.600793 -1 1.11022e-016 -2.77556e-017 -1.12478e-016 -0.600793 0.799404 -2.12744 4.01826 0.390779</i>
                        <i>2.12029e-016 0.800703 0.599062 -1 2.22045e-016 0 -6.59345e-017 -0.599062 0.800703 -2.12744 4.01837 0.390116</i>
                        <i>2.03788e-016 0.802204 0.59705 -1 2.22045e-016 2.77556e-017 -9.24381e-017 -0.59705 0.802204 -2.12744 4.01849 0.389347</i>
                        <i>-2.47254e-017 0.803876 0.594797 -1 1.11022e-016 -2.77556e-017 -7.9511e-017 -0.594797 0.803876 -2.12744 4.01863 0.388486</i>
                        <i>8.95311e-017 0.805688 0.59234 -1 1.11022e-016 -5.55112e-017 -8.59746e-017 -0.59234 0.805688 -2.12744 4.01877 0.387549</i>
                        <i>-8.24181e-018 0.807609 0.589718 -1 0 2.77556e-017 -2.65037e-017 -0.589718 0.807609 -2.12744 4.01892 0.386551</i>
                        <i>8.95311e-017 0.809609 0.58697 -1 1.11022e-016 0 -8.59746e-017 -0.58697 0.809609 -2.12744 4.01907 0.385507</i>
                        <i>8.12893e-017 0.811657 0.584135 -1 1.11022e-016 -2.77556e-017 -1.12478e-016 -0.584135 0.811657 -2.12744 4.01922 0.384432</i>
                        <i>2.03788e-016 0.813723 0.581252 -1 2.22045e-016 0 -9.24381e-017 -0.581252 0.813723 -2.12744 4.01937 0.383342</i>
                        <i>-8.24181e-018 0.81578 0.578363 -1 0 2.77556e-017 -2.65037e-017 -0.578363 0.81578 -2.12744 4.01952 0.382251</i>
                        <i>9.77729e-017 0.817797 0.575506 -1 1.11022e-016 0 -5.94709e-017 -0.575506 0.817797 -2.12744 4.01966 0.381174</i>
                        <i>8.95311e-017 0.819749 0.572724 -1 1.11022e-016 0 -8.59746e-017 -0.572724 0.819749 -2.12744 4.01979 0.380128</i>
                        <i>8.95311e-017 0.821606 0.570056 -1 1.11022e-016 0 -8.59746e-017 -0.570056 0.821606 -2.12744 4.01992 0.379127</i>
                        <i>2.03788e-016 0.823342 0.567545 -1 2.22045e-016 0 -9.24381e-017 -0.567545 0.823342 -2.12744 4.02003 0.378186</i>
                        <i>-1.64836e-017 0.824932 0.565232 -1 0 0 -5.30073e-017 -0.565232 0.824932 -2.12744 4.02013 0.377321</i>
                        <i>8.12893e-017 0.826348 0.56316 -1 1.11022e-016 -2.77556e-017 -1.12478e-016 -0.56316 0.826348 -2.12744 4.02022 0.376547</i>
                        <i>-8.24181e-018 0.827565 0.56137 -1 0 0 -2.65037e-017 -0.56137 0.827565 -2.12744 4.0203 0.375879</i>
                        <i>9.77729e-017 0.828557 0.559905 -1 1.11022e-016 0 -5.94709e-017 -0.559905 0.828557 -2.12744 4.02036 0.375334</i>
                        <i>1.95546e-016 0.829298 0.558807 -1 2.22045e-016 -2.77556e-017 -1.18942e-016 -0.558807 0.829298 -2.12744 4.0204 0.374925</i>
                        <i>-1.64836e-017 0.829762 0.558118 -1 1.11022e-016 0 -5.30073e-017 -0.558118 0.829762 -2.12744 4.02043 0.374668</i>
                        <i>-1.64836e-017 0.829923 0.557879 -1 0 0 -5.30073e-017 -0.557879 0.829923 -2.12744 4.02044 0.374579</i>
                        <i>9.77729e-017 0.829762 0.558118 -1 1.11022e-016 0 -5.94709e-017 -0.558118 0.829762 -2.12744 4.02043 0.374668</i>
                        <i>1.95546e-016 0.829298 0.558807 -1 2.22045e-016 0 -1.18942e-016 -0.558807 0.829298 -2.12744 4.0204 0.374925</i>
                        <i>1.95546e-016 0.828557 0.559905 -1 2.22045e-016 0 -1.18942e-016 -0.559905 0.828557 -2.12744 4.02036 0.375334</i>
                        <i>-8.24181e-018 0.827565 0.56137 -1 0 2.77556e-017 -2.65037e-017 -0.56137 0.827565 -2.12744 4.0203 0.375879</i>
                        <i>1.95546e-016 0.826348 0.56316 -1 2.22045e-016 0 -1.18942e-016 -0.56316 0.826348 -2.12744 4.02022 0.376547</i>
                        <i>2.03788e-016 0.824932 0.565232 -1 2.22045e-016 0 -9.24381e-017 -0.565232 0.824932 -2.12744 4.02013 0.377321</i>
                        <i>1.95546e-016 0.823342 0.567545 -1 2.22045e-016 0 -1.18942e-016 -0.567545 0.823342 -2.12744 4.02003 0.378186</i>
                        <i>8.95311e-017 0.821606 0.570056 -1 1.11022e-016 0 -8.59746e-017 -0.570056 0.821606 -2.12744 4.01992 0.379127</i>
                        <i>8.95311e-017 0.819749 0.572724 -1 1.11022e-016 -2.77556e-017 -8.59746e-017 -0.572724 0.819749 -2.12744 4.01979 0.380128</i>
                        <i>9.77729e-017 0.817797 0.575506 -1 1.11022e-016 0 -5.94709e-017 -0.575506 0.817797 -2.12744 4.01966 0.381174</i>
                        <i>-1.64836e-017 0.81578 0.578363 -1 0 0 -5.30073e-017 -0.578363 0.81578 -2.12744 4.01952 0.382251</i>
                        <i>2.03788e-016 0.813723 0.581252 -1 2.22045e-016 2.77556e-017 -9.24381e-017 -0.581252 0.813723 -2.12744 4.01937 0.383342</i>
                        <i>8.95311e-017 0.811657 0.584135 -1 1.11022e-016 0 -8.59746e-017 -0.584135 0.811657 -2.12744 4.01922 0.384432</i>
                        <i>8.95311e-017 0.809609 0.58697 -1 1.11022e-016 0 -8.59746e-017 -0.58697 0.809609 -2.12744 4.01907 0.385507</i>
                        <i>8.95311e-017 0.807609 0.589718 -1 1.11022e-016 -2.77556e-017 -8.59746e-017 -0.589718 0.807609 -2.12744 4.01892 0.386551</i>
                        <i>-8.24181e-018 0.805688 0.59234 -1 0 2.77556e-017 -2.65037e-017 -0.59234 0.805688 -2.12744 4.01877 0.387549</i>
                        <i>1.95546e-016 0.803876 0.594797 -1 2.22045e-016 0 -1.18942e-016 -0.594797 0.803876 -2.12744 4.01863 0.388486</i>
                        <i>9.77729e-017 0.802204 0.59705 -1 1.11022e-016 2.77556e-017 -5.94709e-017 -0.59705 0.802204 -2.12744 4.01849 0.389347</i>
                        <i>8.12893e-017 0.800703 0.599062 -1 2.22045e-016 -2.77556e-017 -1.12478e-016 -0.599062 0.800703 -2.12744 4.01837 0.390116</i>
                        <i>-2.47254e-017 0.799404 0.600793 -1 0 -2.77556e-017 -7.9511e-017 -0.600793 0.799404 -2.12744 4.01826 0.390779</i>
                        <i>-1.64836e-017 0.79834 0.602207 -1 0 0 -5.30073e-017 -0.602207 0.79834 -2.12744 4.01818 0.391321</i>
                        <i>1.95546e-016 0.797542 0.603264 -1 2.22045e-016 0 -1.18942e-016 -0.603264 0.797542 -2.12744 4.01811 0.391727</i>
                        <i>-1.64836e-017 0.79704 0.603927 -1 0 0 -5.30073e-017 -0.603927 0.79704 -2.12744 4.01807 0.391982</i>
                        <i>-8.24181e-018 0.796866 0.604156 -1 0 2.77556e-017 -2.65037e-017 -0.604156 0.796866 -2.12744 4.01805 0.39207</i>
                        <i>1.95546e-016 0.79704 0.603927 -1 2.22045e-016 0 -1.18942e-016 -0.603927 0.79704 -2.12744 4.01807 0.391982</i>
                        <i>8.95311e-017 0.797542 0.603264 -1 1.11022e-016 0 -8.59746e-017 -0.603264 0.797542 -2.12744 4.01811 0.391727</i>
                        <i>2.12029e-016 0.79834 0.602207 -1 2.22045e-016 0 -6.59345e-017 -0.602207 0.79834 -2.12744 4.01818 0.391321</i>
