<?xml version="1.0" encoding="ISO-8859-1" ?>
<Animl Version="1">
    <ModellingPackage>
        <![CDATA[Maya.2010]]>
</ModellingPackage>
    <SrcFile>
        <![CDATA[anims\turrets\antiair\blue\~src\aa_bofors\aa_bofors_idle_crewman_c.mb]]>
</SrcFile>
    <FramesPerSecond>30</FramesPerSecond>
    <TotalFrames>97</TotalFrames>
    <Skeleton>
        <RefFrame>
            <Name>
                <![CDATA[soldier_ref_frame]]>
</Name>
            <Exclude>0</Exclude>
            <Additive>0</Additive>
            <IKPriority>0</IKPriority>
            <IKRotLimits>-1e+010 -1e+010 -1e+010 1e+010 1e+010 1e+010</IKRotLimits>
            <IKRotLimitOrder>0</IKRotLimitOrder>
            <KeyFrames count="97">
                <i>1 0 0 0 1 0 0 0 1 2.4 2.83 0.47</i>
                <i>1 0 0 0 1 0 0 0 1 2.4 2.83 0.47</i>
                <i>1 0 0 0 1 0 0 0 1 2.4 2.83 0.47</i>
                <i>1 0 0 0 1 0 0 0 1 2.4 2.83 0.47</i>
                <i>1 0 0 0 1 0 0 0 1 2.4 2.83 0.47</i>
                <i>1 0 0 0 1 0 0 0 1 2.4 2.83 0.47</i>
                <i>1 0 0 0 1 0 0 0 1 2.4 2.83 0.47</i>
                <i>1 0 0 0 1 0 0 0 1 2.4 2.83 0.47</i>
                <i>1 0 0 0 1 0 0 0 1 2.4 2.83 0.47</i>
                <i>1 0 0 0 1 0 0 0 1 2.4 2.83 0.47</i>
                <i>1 0 0 0 1 0 0 0 1 2.4 2.83 0.47</i>
                <i>1 0 0 0 1 0 0 0 1 2.4 2.83 0.47</i>
                <i>1 0 0 0 1 0 0 0 1 2.4 2.83 0.47</i>
                <i>1 0 0 0 1 0 0 0 1 2.4 2.83 0.47</i>
                <i>1 0 0 0 1 0 0 0 1 2.4 2.83 0.47</i>
                <i>1 0 0 0 1 0 0 0 1 2.4 2.83 0.47</i>
                <i>1 0 0 0 1 0 0 0 1 2.4 2.83 0.47</i>
                <i>1 0 0 0 1 0 0 0 1 2.4 2.83 0.47</i>
                <i>1 0 0 0 1 0 0 0 1 2.4 2.83 0.47</i>
                <i>1 0 0 0 1 0 0 0 1 2.4 2.83 0.47</i>
                <i>1 0 0 0 1 0 0 0 1 2.4 2.83 0.47</i>
                <i>1 0 0 0 1 0 0 0 1 2.4 2.83 0.47</i>
                <i>1 0 0 0 1 0 0 0 1 2.4 2.83 0.47</i>
                <i>1 0 0 0 1 0 0 0 1 2.4 2.83 0.47</i>
                <i>1 0 0 0 1 0 0 0 1 2.4 2.83 0.47</i>
                <i>1 0 0 0 1 0 0 0 1 2.4 2.83 0.47</i>
                <i>1 0 0 0 1 0 0 0 1 2.4 2.83 0.47</i>
                <i>1 0 0 0 1 0 0 0 1 2.4 2.83 0.47</i>
                <i>1 0 0 0 1 0 0 0 1 2.4 2.83 0.47</i>
                <i>1 0 0 0 1 0 0 0 1 2.4 2.83 0.47</i>
                <i>1 0 0 0 1 0 0 0 1 2.4 2.83 0.47</i>
                <i>1 0 0 0 1 0 0 0 1 2.4 2.83 0.47</i>
                <i>1 0 0 0 1 0 0 0 1 2.4 2.83 0.47</i>
                <i>1 0 0 0 1 0 0 0 1 2.4 2.83 0.47</i>
                <i>1 0 0 0 1 0 0 0 1 2.4 2.83 0.47</i>
                <i>1 0 0 0 1 0 0 0 1 2.4 2.83 0.47</i>
                <i>1 0 0 0 1 0 0 0 1 2.4 2.83 0.47</i>
                <i>1 0 0 0 1 0 0 0 1 2.4 2.83 0.47</i>
                <i>1 0 0 0 1 0 0 0 1 2.4 2.83 0.47</i>
                <i>1 0 0 0 1 0 0 0 1 2.4 2.83 0.47</i>
                <i>1 0 0 0 1 0 0 0 1 2.4 2.83 0.47</i>
                <i>1 0 0 0 1 0 0 0 1 2.4 2.83 0.47</i>
                <i>1 0 0 0 1 0 0 0 1 2.4 2.83 0.47</i>
                <i>1 0 0 0 1 0 0 0 1 2.4 2.83 0.47</i>
                <i>1 0 0 0 1 0 0 0 1 2.4 2.83 0.47</i>
                <i>1 0 0 0 1 0 0 0 1 2.4 2.83 0.47</i>
                <i>1 0 0 0 1 0 0 0 1 2.4 2.83 0.47</i>
                <i>1 0 0 0 1 0 0 0 1 2.4 2.83 0.47</i>
                <i>1 0 0 0 1 0 0 0 1 2.4 2.83 0.47</i>
                <i>1 0 0 0 1 0 0 0 1 2.4 2.83 0.47</i>
                <i>1 0 0 0 1 0 0 0 1 2.4 2.83 0.47</i>
                <i>1 0 0 0 1 0 0 0 1 2.4 2.83 0.47</i>
                <i>1 0 0 0 1 0 0 0 1 2.4 2.83 0.47</i>
                <i>1 0 0 0 1 0 0 0 1 2.4 2.83 0.47</i>
                <i>1 0 0 0 1 0 0 0 1 2.4 2.83 0.47</i>
                <i>1 0 0 0 1 0 0 0 1 2.4 2.83 0.47</i>
                <i>1 0 0 0 1 0 0 0 1 2.4 2.83 0.47</i>
                <i>1 0 0 0 1 0 0 0 1 2.4 2.83 0.47</i>
                <i>1 0 0 0 1 0 0 0 1 2.4 2.83 0.47</i>
                <i>1 0 0 0 1 0 0 0 1 2.4 2.83 0.47</i>
                <i>1 0 0 0 1 0 0 0 1 2.4 2.83 0.47</i>
                <i>1 0 0 0 1 0 0 0 1 2.4 2.83 0.47</i>
                <i>1 0 0 0 1 0 0 0 1 2.4 2.83 0.47</i>
                <i>1 0 0 0 1 0 0 0 1 2.4 2.83 0.47</i>
                <i>1 0 0 0 1 0 0 0 1 2.4 2.83 0.47</i>
                <i>1 0 0 0 1 0 0 0 1 2.4 2.83 0.47</i>
                <i>1 0 0 0 1 0 0 0 1 2.4 2.83 0.47</i>
                <i>1 0 0 0 1 0 0 0 1 2.4 2.83 0.47</i>
                <i>1 0 0 0 1 0 0 0 1 2.4 2.83 0.47</i>
                <i>1 0 0 0 1 0 0 0 1 2.4 2.83 0.47</i>
                <i>1 0 0 0 1 0 0 0 1 2.4 2.83 0.47</i>
                <i>1 0 0 0 1 0 0 0 1 2.4 2.83 0.47</i>
                <i>1 0 0 0 1 0 0 0 1 2.4 2.83 0.47</i>
                <i>1 0 0 0 1 0 0 0 1 2.4 2.83 0.47</i>
                <i>1 0 0 0 1 0 0 0 1 2.4 2.83 0.47</i>
                <i>1 0 0 0 1 0 0 0 1 2.4 2.83 0.47</i>
                <i>1 0 0 0 1 0 0 0 1 2.4 2.83 0.47</i>
                <i>1 0 0 0 1 0 0 0 1 2.4 2.83 0.47</i>
                <i>1 0 0 0 1 0 0 0 1 2.4 2.83 0.47</i>
                <i>1 0 0 0 1 0 0 0 1 2.4 2.83 0.47</i>
                <i>1 0 0 0 1 0 0 0 1 2.4 2.83 0.47</i>
                <i>1 0 0 0 1 0 0 0 1 2.4 2.83 0.47</i>
                <i>1 0 0 0 1 0 0 0 1 2.4 2.83 0.47</i>
                <i>1 0 0 0 1 0 0 0 1 2.4 2.83 0.47</i>
                <i>1 0 0 0 1 0 0 0 1 2.4 2.83 0.47</i>
                <i>1 0 0 0 1 0 0 0 1 2.4 2.83 0.47</i>
                <i>1 0 0 0 1 0 0 0 1 2.4 2.83 0.47</i>
                <i>1 0 0 0 1 0 0 0 1 2.4 2.83 0.47</i>
                <i>1 0 0 0 1 0 0 0 1 2.4 2.83 0.47</i>
                <i>1 0 0 0 1 0 0 0 1 2.4 2.83 0.47</i>
                <i>1 0 0 0 1 0 0 0 1 2.4 2.83 0.47</i>
                <i>1 0 0 0 1 0 0 0 1 2.4 2.83 0.47</i>
                <i>1 0 0 0 1 0 0 0 1 2.4 2.83 0.47</i>
                <i>1 0 0 0 1 0 0 0 1 2.4 2.83 0.47</i>
                <i>1 0 0 0 1 0 0 0 1 2.4 2.83 0.47</i>
                <i>1 0 0 0 1 0 0 0 1 2.4 2.83 0.47</i>
                <i>1 0 0 0 1 0 0 0 1 2.4 2.83 0.47</i>
            </KeyFrames>
        </RefFrame>
        <Bones count="23">
            <i>
                <p>
                    <Name>
                        <![CDATA[pelvis]]>
</Name>
                    <Exclude>0</Exclude>
                    <Additive>0</Additive>
                    <IKPriority>0</IKPriority>
                    <IKRotLimits>-1e+010 -1e+010 -1e+010 1e+010 1e+010 1e+010</IKRotLimits>
                    <IKRotLimitOrder>2</IKRotLimitOrder>
                    <KeyFrames count="97">
                        <i>1 0 0 0 1 0 0 0 1 2.21751 3.67258 0.150306</i>
                        <i>1 0 0 0 1 0 0 0 1 2.21751 3.67258 0.150306</i>
                        <i>1 0 0 0 1 0 0 0 1 2.21751 3.67258 0.150306</i>
                        <i>1 0 0 0 1 0 0 0 1 2.21751 3.67258 0.150306</i>
                        <i>1 0 0 0 1 0 0 0 1 2.21751 3.67258 0.150306</i>
                        <i>1 0 0 0 1 0 0 0 1 2.21751 3.67258 0.150306</i>
                        <i>1 0 0 0 1 0 0 0 1 2.21751 3.67258 0.150306</i>
                        <i>1 0 0 0 1 0 0 0 1 2.21751 3.67258 0.150306</i>
                        <i>1 0 0 0 1 0 0 0 1 2.21751 3.67258 0.150306</i>
                        <i>1 0 0 0 1 0 0 0 1 2.21751 3.67258 0.150306</i>
                        <i>1 0 0 0 1 0 0 0 1 2.21751 3.67258 0.150306</i>
                        <i>1 0 0 0 1 0 0 0 1 2.21751 3.67258 0.150306</i>
                        <i>1 0 0 0 1 0 0 0 1 2.21751 3.67258 0.150306</i>
                        <i>1 0 0 0 1 0 0 0 1 2.21751 3.67258 0.150306</i>
                        <i>1 0 0 0 1 0 0 0 1 2.21751 3.67258 0.150306</i>
                        <i>1 0 0 0 1 0 0 0 1 2.21751 3.67258 0.150306</i>
                        <i>1 0 0 0 1 0 0 0 1 2.21751 3.67258 0.150306</i>
                        <i>1 0 0 0 1 0 0 0 1 2.21751 3.67258 0.150306</i>
                        <i>1 0 0 0 1 0 0 0 1 2.21751 3.67258 0.150306</i>
                        <i>1 0 0 0 1 0 0 0 1 2.21751 3.67258 0.150306</i>
                        <i>1 0 0 0 1 0 0 0 1 2.21751 3.67258 0.150306</i>
                        <i>1 0 0 0 1 0 0 0 1 2.21751 3.67258 0.150306</i>
                        <i>1 0 0 0 1 0 0 0 1 2.21751 3.67258 0.150306</i>
                        <i>1 0 0 0 1 0 0 0 1 2.21751 3.67258 0.150306</i>
                        <i>1 0 0 0 1 0 0 0 1 2.21751 3.67258 0.150306</i>
                        <i>1 0 0 0 1 0 0 0 1 2.21751 3.67258 0.150306</i>
                        <i>1 0 0 0 1 0 0 0 1 2.21751 3.67258 0.150306</i>
                        <i>1 0 0 0 1 0 0 0 1 2.21751 3.67258 0.150306</i>
                        <i>1 0 0 0 1 0 0 0 1 2.21751 3.67258 0.150306</i>
                        <i>1 0 0 0 1 0 0 0 1 2.21751 3.67258 0.150306</i>
                        <i>1 0 0 0 1 0 0 0 1 2.21751 3.67258 0.150306</i>
                        <i>1 0 0 0 1 0 0 0 1 2.21751 3.67258 0.150306</i>
                        <i>1 0 0 0 1 0 0 0 1 2.21751 3.67258 0.150306</i>
                        <i>1 0 0 0 1 0 0 0 1 2.21751 3.67258 0.150306</i>
                        <i>1 0 0 0 1 0 0 0 1 2.21751 3.67258 0.150306</i>
                        <i>1 0 0 0 1 0 0 0 1 2.21751 3.67258 0.150306</i>
                        <i>1 0 0 0 1 0 0 0 1 2.21751 3.67258 0.150306</i>
                        <i>1 0 0 0 1 0 0 0 1 2.21751 3.67258 0.150306</i>
                        <i>1 0 0 0 1 0 0 0 1 2.21751 3.67258 0.150306</i>
                        <i>1 0 0 0 1 0 0 0 1 2.21751 3.67258 0.150306</i>
                        <i>1 0 0 0 1 0 0 0 1 2.21751 3.67258 0.150306</i>
                        <i>1 0 0 0 1 0 0 0 1 2.21751 3.67258 0.150306</i>
                        <i>1 0 0 0 1 0 0 0 1 2.21751 3.67258 0.150306</i>
                        <i>1 0 0 0 1 0 0 0 1 2.21751 3.67258 0.150306</i>
                        <i>1 0 0 0 1 0 0 0 1 2.21751 3.67258 0.150306</i>
                        <i>1 0 0 0 1 0 0 0 1 2.21751 3.67258 0.150306</i>
                        <i>1 0 0 0 1 0 0 0 1 2.21751 3.67258 0.150306</i>
                        <i>1 0 0 0 1 0 0 0 1 2.21751 3.67258 0.150306</i>
                        <i>1 0 0 0 1 0 0 0 1 2.21751 3.67258 0.150306</i>
                        <i>1 0 0 0 1 0 0 0 1 2.21751 3.67258 0.150306</i>
                        <i>1 0 0 0 1 0 0 0 1 2.21751 3.67258 0.150306</i>
                        <i>1 0 0 0 1 0 0 0 1 2.21751 3.67258 0.150306</i>
                        <i>1 0 0 0 1 0 0 0 1 2.21751 3.67258 0.150306</i>
                        <i>1 0 0 0 1 0 0 0 1 2.21751 3.67258 0.150306</i>
                        <i>1 0 0 0 1 0 0 0 1 2.21751 3.67258 0.150306</i>
                        <i>1 0 0 0 1 0 0 0 1 2.21751 3.67258 0.150306</i>
                        <i>1 0 0 0 1 0 0 0 1 2.21751 3.67258 0.150306</i>
                        <i>1 0 0 0 1 0 0 0 1 2.21751 3.67258 0.150306</i>
                        <i>1 0 0 0 1 0 0 0 1 2.21751 3.67258 0.150306</i>
                        <i>1 0 0 0 1 0 0 0 1 2.21751 3.67258 0.150306</i>
                        <i>1 0 0 0 1 0 0 0 1 2.21751 3.67258 0.150306</i>
                        <i>1 0 0 0 1 0 0 0 1 2.21751 3.67258 0.150306</i>
                        <i>1 0 0 0 1 0 0 0 1 2.21751 3.67258 0.150306</i>
                        <i>1 0 0 0 1 0 0 0 1 2.21751 3.67258 0.150306</i>
                        <i>1 0 0 0 1 0 0 0 1 2.21751 3.67258 0.150306</i>
                        <i>1 0 0 0 1 0 0 0 1 2.21751 3.67258 0.150306</i>
                        <i>1 0 0 0 1 0 0 0 1 2.21751 3.67258 0.150306</i>
                        <i>1 0 0 0 1 0 0 0 1 2.21751 3.67258 0.150306</i>
                        <i>1 0 0 0 1 0 0 0 1 2.21751 3.67258 0.150306</i>
                        <i>1 0 0 0 1 0 0 0 1 2.21751 3.67258 0.150306</i>
                        <i>1 0 0 0 1 0 0 0 1 2.21751 3.67258 0.150306</i>
                        <i>1 0 0 0 1 0 0 0 1 2.21751 3.67258 0.150306</i>
                        <i>1 0 0 0 1 0 0 0 1 2.21751 3.67258 0.150306</i>
                        <i>1 0 0 0 1 0 0 0 1 2.21751 3.67258 0.150306</i>
                        <i>1 0 0 0 1 0 0 0 1 2.21751 3.67258 0.150306</i>
                        <i>1 0 0 0 1 0 0 0 1 2.21751 3.67258 0.150306</i>
                        <i>1 0 0 0 1 0 0 0 1 2.21751 3.67258 0.150306</i>
                        <i>1 0 0 0 1 0 0 0 1 2.21751 3.67258 0.150306</i>
                        <i>1 0 0 0 1 0 0 0 1 2.21751 3.67258 0.150306</i>
                        <i>1 0 0 0 1 0 0 0 1 2.21751 3.67258 0.150306</i>
                        <i>1 0 0 0 1 0 0 0 1 2.21751 3.67258 0.150306</i>
                        <i>1 0 0 0 1 0 0 0 1 2.21751 3.67258 0.150306</i>
                        <i>1 0 0 0 1 0 0 0 1 2.21751 3.67258 0.150306</i>
                        <i>1 0 0 0 1 0 0 0 1 2.21751 3.67258 0.150306</i>
                        <i>1 0 0 0 1 0 0 0 1 2.21751 3.67258 0.150306</i>
                        <i>1 0 0 0 1 0 0 0 1 2.21751 3.67258 0.150306</i>
                        <i>1 0 0 0 1 0 0 0 1 2.21751 3.67258 0.150306</i>
                        <i>1 0 0 0 1 0 0 0 1 2.21751 3.67258 0.150306</i>
                        <i>1 0 0 0 1 0 0 0 1 2.21751 3.67258 0.150306</i>
                        <i>1 0 0 0 1 0 0 0 1 2.21751 3.67258 0.150306</i>
                        <i>1 0 0 0 1 0 0 0 1 2.21751 3.67258 0.150306</i>
                        <i>1 0 0 0 1 0 0 0 1 2.21751 3.67258 0.150306</i>
                        <i>1 0 0 0 1 0 0 0 1 2.21751 3.67258 0.150306</i>
                        <i>1 0 0 0 1 0 0 0 1 2.21751 3.67258 0.150306</i>
                        <i>1 0 0 0 1 0 0 0 1 2.21751 3.67258 0.150306</i>
                        <i>1 0 0 0 1 0 0 0 1 2.21751 3.67258 0.150306</i>
                        <i>1 0 0 0 1 0 0 0 1 2.21751 3.67258 0.150306</i>
                    </KeyFrames>
                </p>
            </i>
            <i>
                <p>
                    <Name>
                        <![CDATA[spine0]]>
</Name>
                    <Exclude>0</Exclude>
                    <Additive>0</Additive>
                    <IKPriority>0</IKPriority>
                    <IKRotLimits>-1e+010 -1e+010 -1e+010 1e+010 1e+010 1e+010</IKRotLimits>
                    <IKRotLimitOrder>0</IKRotLimitOrder>
                    <KeyFrames count="97">
                        <i>-0.00179709 0.983714 0.179734 -0.999998 -0.00165585 -0.000935881 -0.000623026 -0.179736 0.983715 2.21754 3.81142 0.112618</i>
                        <i>-0.00202719 0.984045 0.177907 -0.999998 -0.00191301 -0.000813353 -0.000460039 -0.177908 0.984047 2.21754 3.81137 0.112438</i>
                        <i>-0.00222136 0.984364 0.176133 -0.999997 -0.00213439 -0.000683225 -0.000296604 -0.176135 0.984366 2.21753 3.81133 0.112267</i>
                        <i>-0.00237545 0.984654 0.174504 -0.999997 -0.00231499 -0.000550005 -0.000137589 -0.174504 0.984656 2.21753 3.81128 0.112117</i>
                        <i>-0.00248525 0.9849 0.173107 -0.999997 -0.00244983 -0.000418252 1.21463e-005 -0.173108 0.984903 2.21752 3.81125 0.111997</i>
                        <i>-0.00254647 0.985088 0.172033 -0.999997 -0.00253392 -0.000292529 0.000147753 -0.172034 0.985091 2.21752 3.81123 0.111918</i>
                        <i>-0.0025548 0.985203 0.171373 -0.999997 -0.00256232 -0.000177356 0.000264379 -0.171372 0.985206 2.21751 3.81122 0.111889</i>
                        <i>-0.00250219 0.985237 0.171177 -0.999997 -0.00253171 -4.58195e-005 0.000388227 -0.171177 0.98524 2.21751 3.81123 0.111918</i>
                        <i>-0.00239137 0.985217 0.171295 -0.999997 -0.00244529 0.000103811 0.000521141 -0.171294 0.98522 2.2175 3.81125 0.111997</i>
                        <i>-0.00222824 0.985152 0.171669 -0.999997 -0.00230825 0.000266495 0.000658794 -0.171668 0.985155 2.2175 3.81128 0.112117</i>
                        <i>-0.00201871 0.985052 0.172244 -0.999998 -0.0021258 0.000437238 0.000796858 -0.172242 0.985054 2.21749 3.81133 0.112267</i>
                        <i>-0.00176873 0.984927 0.172962 -0.999998 -0.0019031 0.000611038 0.000930992 -0.172961 0.984928 2.21749 3.81137 0.112438</i>
                        <i>-0.00148425 0.984785 0.173768 -0.999998 -0.00164532 0.000782848 0.00105684 -0.173767 0.984786 2.21748 3.81142 0.112618</i>
                        <i>-0.00117128 0.984638 0.174605 -0.999999 -0.00135758 0.000947542 0.00117003 -0.174604 0.984638 2.21747 3.81147 0.112799</i>
                        <i>-0.000835841 0.984494 0.175416 -0.999999 -0.00104498 0.00109989 0.00126615 -0.175415 0.984494 2.21747 3.81152 0.11297</i>
                        <i>-0.000483967 0.984364 0.176145 -0.999999 -0.000712568 0.00123455 0.00134076 -0.176144 0.984363 2.21747 3.81156 0.11312</i>
                        <i>-0.000121704 0.984258 0.176736 -0.999999 -0.000365348 0.00134604 0.00138942 -0.176735 0.984257 2.21746 3.81159 0.11324</i>
                        <i>0.000244917 0.984187 0.177131 -0.999999 -8.28708e-006 0.00142873 0.00140761 -0.177131 0.984186 2.21746 3.81161 0.113319</i>
                        <i>0.000609906 0.984161 0.177275 -0.999999 0.000353691 0.00147689 0.0013908 -0.177276 0.98416 2.21746 3.81162 0.113348</i>
                        <i>0.000969166 0.984116 0.177527 -0.999999 0.000715663 0.001492 0.00134125 -0.177528 0.984115 2.21746 3.81162 0.113377</i>
                        <i>0.00131944 0.983988 0.178229 -0.999998 0.00107265 0.00148101 0.00126612 -0.17823 0.983988 2.21746 3.81165 0.113457</i>
                        <i>0.00165598 0.983793 0.179301 -0.999998 0.00141968 0.00144618 0.00116819 -0.179303 0.983793 2.21746 3.81168 0.113577</i>
                        <i>0.00197399 0.983543 0.180664 -0.999997 0.00175175 0.00138964 0.00105029 -0.180666 0.983544 2.21747 3.81172 0.113728</i>
                        <i>0.00226865 0.983252 0.182236 -0.999997 0.00206386 0.00131337 0.000915261 -0.182239 0.983254 2.21747 3.81176 0.113899</i>
                        <i>0.00253515 0.982935 0.183938 -0.999996 0.002351 0.00121922 0.000765976 -0.183941 0.982937 2.21748 3.81181 0.114081</i>
                        <i>0.00276868 0.982605 0.185689 -0.999996 0.00260813 0.00110892 0.000605328 -0.185692 0.982608 2.21748 3.81186 0.114262</i>
                        <i>0.00296449 0.982277 0.187409 -0.999996 0.00283021 0.000984081 0.000436233 -0.187412 0.982281 2.21749 3.8119 0.114434</i>
                        <i>0.00311784 0.981969 0.189019 -0.999995 0.00301218 0.000846243 0.000261625 -0.189021 0.981973 2.21749 3.81194 0.114585</i>
                        <i>0.00322405 0.981694 0.190437 -0.999995 0.00314896 0.000696889 8.44515e-005 -0.190439 0.981699 2.2175 3.81197 0.114706</i>
                        <i>0.0032785 0.98147 0.191586 -0.999995 0.00323546 0.000537499 -9.23279e-005 -0.191586 0.981476 2.2175 3.81199 0.114786</i>
                        <i>0.00327663 0.981314 0.192383 -0.999995 0.00326655 0.000369589 -0.000265746 -0.192383 0.98132 2.21751 3.812 0.114815</i>
                        <i>0.00321561 0.981238 0.192774 -0.999995 0.00323876 0.000195005 -0.000433003 -0.192774 0.981243 2.21752 3.81199 0.114786</i>
                        <i>0.00309935 0.981233 0.192798 -0.999995 0.00315534 1.66491e-005 -0.000592008 -0.192797 0.981238 2.21752 3.81197 0.114706</i>
                        <i>0.00293344 0.981289 0.192519 -0.999995 0.00302119 -0.000162244 -0.000740847 -0.192518 0.981293 2.21753 3.81194 0.114585</i>
                        <i>0.00272342 0.981391 0.192 -0.999996 0.00284125 -0.000338397 -0.000877622 -0.191999 0.981395 2.21753 3.8119 0.114434</i>
                        <i>0.0024748 0.981528 0.191305 -0.999996 0.00262048 -0.000508532 -0.00100045 -0.191303 0.981531 2.21754 3.81186 0.114263</i>
                        <i>0.00219304 0.981686 0.190496 -0.999997 0.00236385 -0.000669417 -0.00110746 -0.190494 0.981688 2.21755 3.81181 0.114081</i>
                        <i>0.00188361 0.981852 0.189638 -0.999997 0.00207639 -0.000817893 -0.00119681 -0.189636 0.981854 2.21755 3.81176 0.113899</i>
                        <i>0.00155192 0.982016 0.188793 -0.999998 0.00176315 -0.000950908 -0.00126668 -0.188791 0.982017 2.21755 3.81172 0.113728</i>
                        <i>0.00120337 0.982164 0.188025 -0.999998 0.00142921 -0.00106553 -0.00131525 -0.188023 0.982164 2.21756 3.81168 0.113577</i>
                        <i>0.000843385 0.982284 0.187397 -0.999999 0.0010797 -0.00115896 -0.00134076 -0.187396 0.982284 2.21756 3.81165 0.113457</i>
                        <i>0.000477376 0.982365 0.186974 -0.999999 0.000719774 -0.00122854 -0.00134145 -0.186973 0.982364 2.21756 3.81162 0.113377</i>
                        <i>0.000110791 0.982394 0.186818 -0.999999 0.000354619 -0.00127174 -0.0013156 -0.186818 0.982394 2.21756 3.81162 0.113348</i>
                        <i>-0.000249813 0.982446 0.186547 -0.999999 -1.05518e-005 -0.00128357 -0.00125907 -0.186547 0.982445 2.21756 3.81161 0.11332</i>
                        <i>-0.000598769 0.982589 0.185792 -0.999999 -0.000370545 -0.0012631 -0.00117227 -0.185793 0.982588 2.21756 3.81159 0.11324</i>
                        <i>-0.000931994 0.982805 0.184644 -0.999999 -0.000720198 -0.00121412 -0.00106026 -0.184645 0.982805 2.21756 3.81156 0.11312</i>
                        <i>-0.00124546 0.983076 0.183192 -0.999999 -0.00105437 -0.00114052 -0.000928067 -0.183194 0.983076 2.21755 3.81152 0.11297</i>
                        <i>-0.00153517 0.983385 0.181526 -0.999999 -0.00136795 -0.00104638 -0.000780673 -0.181527 0.983386 2.21755 3.81147 0.112799</i>
                        <i>-0.00179709 0.983714 0.179734 -0.999998 -0.00165585 -0.000935881 -0.000623026 -0.179736 0.983715 2.21754 3.81142 0.112618</i>
                        <i>-0.00202719 0.984045 0.177907 -0.999998 -0.00191301 -0.000813353 -0.000460039 -0.177908 0.984047 2.21754 3.81137 0.112438</i>
                        <i>-0.00222136 0.984364 0.176133 -0.999997 -0.00213439 -0.000683225 -0.000296604 -0.176135 0.984366 2.21753 3.81133 0.112267</i>
                        <i>-0.00237545 0.984654 0.174504 -0.999997 -0.00231499 -0.000550005 -0.000137589 -0.174504 0.984656 2.21753 3.81128 0.112117</i>
                        <i>-0.00248525 0.9849 0.173107 -0.999997 -0.00244983 -0.000418252 1.21463e-005 -0.173108 0.984903 2.21752 3.81125 0.111997</i>
                        <i>-0.00254647 0.985088 0.172033 -0.999997 -0.00253392 -0.000292529 0.000147753 -0.172034 0.985091 2.21752 3.81123 0.111918</i>
                        <i>-0.0025548 0.985203 0.171373 -0.999997 -0.00256232 -0.000177356 0.000264379 -0.171372 0.985206 2.21751 3.81122 0.111889</i>
                        <i>-0.00250219 0.985237 0.171177 -0.999997 -0.00253171 -4.58195e-005 0.000388227 -0.171177 0.98524 2.21751 3.81123 0.111918</i>
                        <i>-0.00239137 0.985217 0.171295 -0.999997 -0.00244529 0.000103811 0.000521141 -0.171294 0.98522 2.2175 3.81125 0.111997</i>
                        <i>-0.00222824 0.985152 0.171669 -0.999997 -0.00230825 0.000266495 0.000658794 -0.171668 0.985155 2.2175 3.81128 0.112117</i>
                        <i>-0.00201871 0.985052 0.172244 -0.999998 -0.0021258 0.000437238 0.000796858 -0.172242 0.985054 2.21749 3.81133 0.112267</i>
                        <i>-0.00176873 0.984927 0.172962 -0.999998 -0.0019031 0.000611038 0.000930992 -0.172961 0.984928 2.21749 3.81137 0.112438</i>
                        <i>-0.00148425 0.984785 0.173768 -0.999998 -0.00164532 0.000782848 0.00105684 -0.173767 0.984786 2.21748 3.81142 0.112618</i>
                        <i>-0.00117128 0.984638 0.174605 -0.999999 -0.00135758 0.000947542 0.00117003 -0.174604 0.984638 2.21747 3.81147 0.112799</i>
                        <i>-0.000835841 0.984494 0.175416 -0.999999 -0.00104498 0.00109989 0.00126615 -0.175415 0.984494 2.21747 3.81152 0.11297</i>
                        <i>-0.000483967 0.984364 0.176145 -0.999999 -0.000712568 0.00123455 0.00134076 -0.176144 0.984363 2.21747 3.81156 0.11312</i>
                        <i>-0.000121704 0.984258 0.176736 -0.999999 -0.000365348 0.00134604 0.00138942 -0.176735 0.984257 2.21746 3.81159 0.11324</i>
                        <i>0.000244917 0.984187 0.177131 -0.999999 -8.28708e-006 0.00142873 0.00140761 -0.177131 0.984186 2.21746 3.81161 0.113319</i>
                        <i>0.000609906 0.984161 0.177275 -0.999999 0.000353691 0.00147689 0.0013908 -0.177276 0.98416 2.21746 3.81162 0.113348</i>
                        <i>0.000969166 0.984116 0.177527 -0.999999 0.000715663 0.001492 0.00134125 -0.177528 0.984115 2.21746 3.81162 0.113377</i>
                        <i>0.00131944 0.983988 0.178229 -0.999998 0.00107265 0.00148101 0.00126612 -0.17823 0.983988 2.21746 3.81165 0.113457</i>
                        <i>0.00165598 0.983793 0.179301 -0.999998 0.00141968 0.00144618 0.00116819 -0.179303 0.983793 2.21746 3.81168 0.113577</i>
                        <i>0.00197399 0.983543 0.180664 -0.999997 0.00175175 0.00138964 0.00105029 -0.180666 0.983544 2.21747 3.81172 0.113728</i>
                        <i>0.00226865 0.983252 0.182236 -0.999997 0.00206386 0.00131337 0.000915261 -0.182239 0.983254 2.21747 3.81176 0.113899</i>
                        <i>0.00253515 0.982935 0.183938 -0.999996 0.002351 0.00121922 0.000765976 -0.183941 0.982937 2.21748 3.81181 0.114081</i>
                        <i>0.00276868 0.982605 0.185689 -0.999996 0.00260813 0.00110892 0.000605328 -0.185692 0.982608 2.21748 3.81186 0.114262</i>
                        <i>0.00296449 0.982277 0.187409 -0.999996 0.00283021 0.000984081 0.000436233 -0.187412 0.982281 2.21749 3.8119 0.114434</i>
                        <i>0.00311784 0.981969 0.189019 -0.999995 0.00301218 0.000846243 0.000261625 -0.189021 0.981973 2.21749 3.81194 0.114585</i>
                        <i>0.00322405 0.981694 0.190437 -0.999995 0.00314896 0.000696889 8.44515e-005 -0.190439 0.981699 2.2175 3.81197 0.114706</i>
                        <i>0.0032785 0.98147 0.191586 -0.999995 0.00323546 0.000537499 -9.23279e-005 -0.191586 0.981476 2.2175 3.81199 0.114786</i>
                        <i>0.00327663 0.981314 0.192383 -0.999995 0.00326655 0.000369589 -0.000265746 -0.192383 0.98132 2.21751 3.812 0.114815</i>
                        <i>0.00321561 0.981238 0.192774 -0.999995 0.00323876 0.000195005 -0.000433003 -0.192774 0.981243 2.21752 3.81199 0.114786</i>
                        <i>0.00309935 0.981233 0.192798 -0.999995 0.00315534 1.66491e-005 -0.000592008 -0.192797 0.981238 2.21752 3.81197 0.114706</i>
                        <i>0.00293344 0.981289 0.192519 -0.999995 0.00302119 -0.000162244 -0.000740847 -0.192518 0.981293 2.21753 3.81194 0.114585</i>
                        <i>0.00272342 0.981391 0.192 -0.999996 0.00284125 -0.000338397 -0.000877622 -0.191999 0.981395 2.21753 3.8119 0.114434</i>
                        <i>0.0024748 0.981528 0.191305 -0.999996 0.00262048 -0.000508532 -0.00100045 -0.191303 0.981531 2.21754 3.81186 0.114263</i>
                        <i>0.00219304 0.981686 0.190496 -0.999997 0.00236385 -0.000669417 -0.00110746 -0.190494 0.981688 2.21755 3.81181 0.114081</i>
                        <i>0.00188361 0.981852 0.189638 -0.999997 0.00207639 -0.000817893 -0.00119681 -0.189636 0.981854 2.21755 3.81176 0.113899</i>
                        <i>0.00155192 0.982016 0.188793 -0.999998 0.00176315 -0.000950908 -0.00126668 -0.188791 0.982017 2.21755 3.81172 0.113728</i>
                        <i>0.00120337 0.982164 0.188025 -0.999998 0.00142921 -0.00106553 -0.00131525 -0.188023 0.982164 2.21756 3.81168 0.113577</i>
                        <i>0.000843385 0.982284 0.187397 -0.999999 0.0010797 -0.00115896 -0.00134076 -0.187396 0.982284 2.21756 3.81165 0.113457</i>
                        <i>0.000477376 0.982365 0.186974 -0.999999 0.000719774 -0.00122854 -0.00134145 -0.186973 0.982364 2.21756 3.81162 0.113377</i>
                        <i>0.000110791 0.982394 0.186818 -0.999999 0.000354619 -0.00127174 -0.0013156 -0.186818 0.982394 2.21756 3.81162 0.113348</i>
                        <i>-0.000249813 0.982446 0.186547 -0.999999 -1.05518e-005 -0.00128357 -0.00125907 -0.186547 0.982445 2.21756 3.81161 0.11332</i>
                        <i>-0.000598769 0.982589 0.185792 -0.999999 -0.000370545 -0.0012631 -0.00117227 -0.185793 0.982588 2.21756 3.81159 0.11324</i>
                        <i>-0.000931994 0.982805 0.184644 -0.999999 -0.000720198 -0.00121412 -0.00106026 -0.184645 0.982805 2.21756 3.81156 0.11312</i>
                        <i>-0.00124546 0.983076 0.183192 -0.999999 -0.00105437 -0.00114052 -0.000928067 -0.183194 0.983076 2.21755 3.81152 0.11297</i>
                        <i>-0.00153517 0.983385 0.181526 -0.999999 -0.00136795 -0.00104638 -0.000780673 -0.181527 0.983386 2.21755 3.81147 0.112799</i>
                        <i>-0.00179709 0.983714 0.179734 -0.999998 -0.00165585 -0.000935881 -0.000623026 -0.179736 0.983715 2.21754 3.81142 0.112618</i>
                    </KeyFrames>
                </p>
            </i>
            <i>
                <p>
                    <Name>
                        <![CDATA[spine1]]>
</Name>
                    <Exclude>0</Exclude>
                    <Additive>0</Additive>
                    <IKPriority>0</IKPriority>
                    <IKRotLimits>-1e+010 -1e+010 -1e+010 1e+010 1e+010 1e+010</IKRotLimits>
                    <IKRotLimitOrder>0</IKRotLimitOrder>
                    <KeyFrames count="97">
                        <i>-0.00647999 0.833339 0.552725 -0.999979 -0.00564132 -0.00321809 0.000436335 -0.552734 0.833358 2.21723 3.9826 0.143878</i>
                        <i>-0.00732595 0.835096 0.550056 -0.999973 -0.00653658 -0.00339435 0.00076088 -0.550066 0.835121 2.21719 3.98259 0.143377</i>
                        <i>-0.00804287 0.836838 0.547392 -0.999967 -0.00730872 -0.00351923 0.0010557 -0.547402 0.836869 2.21715 3.98258 0.142895</i>
                        <i>-0.00861509 0.838493 0.544845 -0.999962 -0.00793986 -0.0035923 0.00131387 -0.544855 0.838529 2.21712 3.98258 0.142459</i>
                        <i>-0.0090268 0.839989 0.542529 -0.999958 -0.00841213 -0.00361332 0.00152867 -0.542539 0.840029 2.21709 3.98257 0.142093</i>
                        <i>-0.00926211 0.841255 0.540559 -0.999956 -0.00870767 -0.00358209 0.00169356 -0.540568 0.841298 2.21708 3.98257 0.141825</i>
                        <i>-0.00930506 0.842223 0.539049 -0.999955 -0.00880872 -0.00349827 0.00180201 -0.539058 0.842267 2.21707 3.98257 0.141679</i>
                        <i>-0.00912881 0.84286 0.538056 -0.999957 -0.00870348 -0.00333162 0.00187487 -0.538063 0.842902 2.21707 3.98257 0.141672</i>
                        <i>-0.0087444 0.843387 0.537235 -0.99996 -0.00840355 -0.00308357 0.00191403 -0.53724 0.843427 2.21709 3.98258 0.14177</i>
                        <i>-0.00817269 0.843817 0.536569 -0.999965 -0.00792719 -0.00276444 0.00192081 -0.536573 0.843852 2.21711 3.98258 0.141952</i>
                        <i>-0.00743454 0.844158 0.536043 -0.99997 -0.0072927 -0.00238438 0.00189641 -0.536045 0.844187 2.21714 3.98259 0.1422</i>
                        <i>-0.00655077 0.844421 0.53564 -0.999977 -0.00651833 -0.00195355 0.00184186 -0.53564 0.844444 2.21718 3.98261 0.142493</i>
                        <i>-0.00554224 0.844616 0.535343 -0.999983 -0.00562226 -0.00148222 0.00175793 -0.535343 0.844633 2.21722 3.98262 0.142812</i>
                        <i>-0.00442983 0.844754 0.535137 -0.999989 -0.00462249 -0.000980895 0.00164505 -0.535136 0.844765 2.21727 3.98263 0.143136</i>
                        <i>-0.00323441 0.844843 0.535004 -0.999994 -0.00353685 -0.000460385 0.00150328 -0.535003 0.844849 2.21732 3.98264 0.143446</i>
                        <i>-0.0019769 0.844895 0.534929 -0.999997 -0.00238294 6.81302e-005 0.00133227 -0.534928 0.844897 2.21738 3.98265 0.143721</i>
                        <i>-0.000678209 0.844918 0.534895 -0.999999 -0.00117815 0.000593067 0.00113128 -0.534894 0.844918 2.21744 3.98265 0.143942</i>
                        <i>0.000640704 0.844924 0.534885 -0.999999 6.04007e-005 0.00110242 0.000899156 -0.534886 0.844924 2.2175 3.98266 0.14409</i>
                        <i>0.0019589 0.844923 0.534884 -0.999998 0.0013158 0.00158379 0.000634384 -0.534886 0.844924 2.21757 3.98266 0.144143</i>
                        <i>0.00325965 0.84472 0.535199 -0.999995 0.00257105 0.00203254 0.000340899 -0.535203 0.844724 2.21763 3.98266 0.144216</i>
                        <i>0.00452881 0.844149 0.536089 -0.99999 0.0038085 0.00245074 2.70979e-005 -0.536094 0.844158 2.21769 3.98266 0.144418</i>
                        <i>0.00574918 0.843265 0.537467 -0.999983 0.00501044 0.00283544 -0.000301921 -0.537475 0.84328 2.21775 3.98267 0.144726</i>
                        <i>0.00690354 0.842119 0.539247 -0.999976 0.0061593 0.00318316 -0.000640789 -0.539256 0.842141 2.21781 3.98267 0.145116</i>
                        <i>0.00797465 0.840765 0.541342 -0.999968 0.00723765 0.00348991 -0.00098385 -0.541352 0.840796 2.21787 3.98268 0.145562</i>
                        <i>0.00894531 0.839256 0.543664 -0.999959 0.00822819 0.00375119 -0.00132516 -0.543675 0.839295 2.21792 3.98268 0.146041</i>
                        <i>0.00979833 0.837646 0.546126 -0.999951 0.00911373 0.00396204 -0.00165846 -0.546138 0.837694 2.21796 3.98268 0.14653</i>
                        <i>0.0105166 0.83599 0.548644 -0.999943 0.00987717 0.00411706 -0.00197723 -0.548656 0.836046 2.218 3.98268 0.147003</i>
                        <i>0.0110831 0.834345 0.551132 -0.999936 0.0105015 0.00421055 -0.00227464 -0.551143 0.834408 2.21804 3.98268 0.147437</i>
                        <i>0.0114809 0.832767 0.553505 -0.999931 0.0109696 0.0042366 -0.00254363 -0.553515 0.832835 2.21806 3.98268 0.147807</i>
                        <i>0.0116931 0.831315 0.555679 -0.999928 0.0112645 0.00418924 -0.00277689 -0.555687 0.831387 2.21808 3.98268 0.14809</i>
                        <i>0.0117029 0.830047 0.55757 -0.999927 0.0113691 0.00406258 -0.00296696 -0.557577 0.83012 2.21808 3.98268 0.14826</i>
                        <i>0.0114998 0.829009 0.559116 -0.999929 0.0112718 0.00385356 -0.0031076 -0.559121 0.82908 2.21808 3.98267 0.148303</i>
                        <i>0.0110974 0.828192 0.560335 -0.999933 0.0109836 0.00356954 -0.00319823 -0.560337 0.828259 2.21806 3.98267 0.14823</i>
                        <i>0.0105155 0.827571 0.561263 -0.999939 0.0105213 0.00322075 -0.00323983 -0.561263 0.827631 2.21804 3.98266 0.148064</i>
                        <i>0.00977372 0.827122 0.561937 -0.999947 0.00990167 0.0028176 -0.00323362 -0.561935 0.827175 2.21801 3.98266 0.147825</i>
                        <i>0.00889183 0.826821 0.562395 -0.999955 0.00914137 0.00237051 -0.00318108 -0.562391 0.826865 2.21797 3.98265 0.147536</i>
                        <i>0.00788946 0.826642 0.562674 -0.999964 0.0082573 0.00188982 -0.00308396 -0.562668 0.826677 2.21793 3.98264 0.147216</i>
                        <i>0.00678622 0.82656 0.562808 -0.999973 0.00726649 0.00138563 -0.00294434 -0.562802 0.826586 2.21788 3.98264 0.146887</i>
                        <i>0.00560168 0.826549 0.562836 -0.99998 0.00618617 0.000867742 -0.00276457 -0.56283 0.826568 2.21782 3.98263 0.14657</i>
                        <i>0.00435538 0.826586 0.562794 -0.999987 0.00503377 0.000345565 -0.00254734 -0.562788 0.826597 2.21777 3.98262 0.146287</i>
                        <i>0.00306682 0.826643 0.562718 -0.999993 0.00382696 -0.000171903 -0.0022956 -0.562714 0.826649 2.21771 3.98262 0.146059</i>
                        <i>0.00175548 0.826697 0.562645 -0.999996 0.00258363 -0.000676101 -0.0020126 -0.562642 0.826698 2.21764 3.98262 0.145906</i>
                        <i>0.000440823 0.826721 0.562612 -0.999998 0.00132189 -0.0011589 -0.0017018 -0.56261 0.82672 2.21758 3.98262 0.145851</i>
                        <i>-0.000855699 0.826971 0.562244 -0.999999 5.98904e-005 -0.00161002 -0.00136511 -0.562245 0.82697 2.21752 3.98261 0.145774</i>
                        <i>-0.00211538 0.827665 0.561218 -0.999997 -0.00118484 -0.00202189 -0.0010085 -0.561221 0.827666 2.21746 3.98261 0.145563</i>
                        <i>-0.00332292 0.828727 0.559643 -0.999994 -0.00239487 -0.00239117 -0.000641354 -0.559648 0.82873 2.21739 3.98261 0.145241</i>
                        <i>-0.00446307 0.830078 0.557629 -0.99999 -0.00355272 -0.00271504 -0.000272597 -0.557636 0.830086 2.21734 3.98261 0.144836</i>
                        <i>-0.00552055 0.831641 0.555286 -0.999985 -0.00464077 -0.00299126 8.93072e-005 -0.555294 0.831654 2.21728 3.9826 0.144373</i>
                        <i>-0.00647999 0.833339 0.552725 -0.999979 -0.00564132 -0.00321809 0.000436335 -0.552734 0.833358 2.21723 3.9826 0.143878</i>
                        <i>-0.00732595 0.835096 0.550056 -0.999973 -0.00653658 -0.00339435 0.00076088 -0.550066 0.835121 2.21719 3.98259 0.143377</i>
                        <i>-0.00804287 0.836838 0.547392 -0.999967 -0.00730872 -0.00351923 0.0010557 -0.547402 0.836869 2.21715 3.98258 0.142895</i>
                        <i>-0.00861509 0.838493 0.544845 -0.999962 -0.00793986 -0.0035923 0.00131387 -0.544855 0.838529 2.21712 3.98258 0.142459</i>
                        <i>-0.0090268 0.839989 0.542529 -0.999958 -0.00841213 -0.00361332 0.00152867 -0.542539 0.840029 2.21709 3.98257 0.142093</i>
                        <i>-0.00926211 0.841255 0.540559 -0.999956 -0.00870767 -0.00358209 0.00169356 -0.540568 0.841298 2.21708 3.98257 0.141825</i>
                        <i>-0.00930506 0.842223 0.539049 -0.999955 -0.00880872 -0.00349827 0.00180201 -0.539058 0.842267 2.21707 3.98257 0.141679</i>
                        <i>-0.00912881 0.84286 0.538056 -0.999957 -0.00870348 -0.00333162 0.00187487 -0.538063 0.842902 2.21707 3.98257 0.141672</i>
                        <i>-0.0087444 0.843387 0.537235 -0.99996 -0.00840355 -0.00308357 0.00191403 -0.53724 0.843427 2.21709 3.98258 0.14177</i>
                        <i>-0.00817269 0.843817 0.536569 -0.999965 -0.00792719 -0.00276444 0.00192081 -0.536573 0.843852 2.21711 3.98258 0.141952</i>
                        <i>-0.00743454 0.844158 0.536043 -0.99997 -0.0072927 -0.00238438 0.00189641 -0.536045 0.844187 2.21714 3.98259 0.1422</i>
                        <i>-0.00655077 0.844421 0.53564 -0.999977 -0.00651833 -0.00195355 0.00184186 -0.53564 0.844444 2.21718 3.98261 0.142493</i>
                        <i>-0.00554224 0.844616 0.535343 -0.999983 -0.00562226 -0.00148222 0.00175793 -0.535343 0.844633 2.21722 3.98262 0.142812</i>
                        <i>-0.00442983 0.844754 0.535137 -0.999989 -0.00462249 -0.000980895 0.00164505 -0.535136 0.844765 2.21727 3.98263 0.143136</i>
                        <i>-0.00323441 0.844843 0.535004 -0.999994 -0.00353685 -0.000460385 0.00150328 -0.535003 0.844849 2.21732 3.98264 0.143446</i>
                        <i>-0.0019769 0.844895 0.534929 -0.999997 -0.00238294 6.81302e-005 0.00133227 -0.534928 0.844897 2.21738 3.98265 0.143721</i>
                        <i>-0.000678209 0.844918 0.534895 -0.999999 -0.00117815 0.000593067 0.00113128 -0.534894 0.844918 2.21744 3.98265 0.143942</i>
                        <i>0.000640704 0.844924 0.534885 -0.999999 6.04007e-005 0.00110242 0.000899156 -0.534886 0.844924 2.2175 3.98266 0.14409</i>
                        <i>0.0019589 0.844923 0.534884 -0.999998 0.0013158 0.00158379 0.000634384 -0.534886 0.844924 2.21757 3.98266 0.144143</i>
                        <i>0.00325965 0.84472 0.535199 -0.999995 0.00257105 0.00203254 0.000340899 -0.535203 0.844724 2.21763 3.98266 0.144216</i>
                        <i>0.00452881 0.844149 0.536089 -0.99999 0.0038085 0.00245074 2.70979e-005 -0.536094 0.844158 2.21769 3.98266 0.144418</i>
                        <i>0.00574918 0.843265 0.537467 -0.999983 0.00501044 0.00283544 -0.000301921 -0.537475 0.84328 2.21775 3.98267 0.144726</i>
                        <i>0.00690354 0.842119 0.539247 -0.999976 0.0061593 0.00318316 -0.000640789 -0.539256 0.842141 2.21781 3.98267 0.145116</i>
                        <i>0.00797465 0.840765 0.541342 -0.999968 0.00723765 0.00348991 -0.00098385 -0.541352 0.840796 2.21787 3.98268 0.145562</i>
