<?xml version="1.0" encoding="ISO-8859-1" ?>
<Animl Version="1">
    <ModellingPackage><![CDATA[Maya.2010]]></ModellingPackage>
    <SrcFile><![CDATA[anims\turrets\antiair\blue\~src\aa_bofors\aa_bofors_idle_alt_crewman_c.mb]]></SrcFile>
    <FramesPerSecond>30</FramesPerSecond>
    <TotalFrames>75</TotalFrames>
    <Skeleton>
        <RefFrame>
            <Name><![CDATA[soldier_ref_frame]]></Name>
            <Exclude>0</Exclude>
            <Additive>0</Additive>
            <IKPriority>0</IKPriority>
            <IKRotLimits>-1e+010 -1e+010 -1e+010 1e+010 1e+010 1e+010</IKRotLimits>
            <IKRotLimitOrder>0</IKRotLimitOrder>
            <KeyFrames count="75">
                <i>1 0 0 0 1 0 0 0 1 2.4 2.83 0.47</i>
                <i>1 0 0 0 1 0 0 0 1 2.4 2.83 0.47</i>
                <i>1 0 0 0 1 0 0 0 1 2.4 2.83 0.47</i>
                <i>1 0 0 0 1 0 0 0 1 2.4 2.83 0.47</i>
                <i>1 0 0 0 1 0 0 0 1 2.4 2.83 0.47</i>
                <i>1 0 0 0 1 0 0 0 1 2.4 2.83 0.47</i>
                <i>1 0 0 0 1 0 0 0 1 2.4 2.83 0.47</i>
                <i>1 0 0 0 1 0 0 0 1 2.4 2.83 0.47</i>
                <i>1 0 0 0 1 0 0 0 1 2.4 2.83 0.47</i>
                <i>1 0 0 0 1 0 0 0 1 2.4 2.83 0.47</i>
                <i>1 0 0 0 1 0 0 0 1 2.4 2.83 0.47</i>
                <i>1 0 0 0 1 0 0 0 1 2.4 2.83 0.47</i>
                <i>1 0 0 0 1 0 0 0 1 2.4 2.83 0.47</i>
                <i>1 0 0 0 1 0 0 0 1 2.4 2.83 0.47</i>
                <i>1 0 0 0 1 0 0 0 1 2.4 2.83 0.47</i>
                <i>1 0 0 0 1 0 0 0 1 2.4 2.83 0.47</i>
                <i>1 0 0 0 1 0 0 0 1 2.4 2.83 0.47</i>
                <i>1 0 0 0 1 0 0 0 1 2.4 2.83 0.47</i>
                <i>1 0 0 0 1 0 0 0 1 2.4 2.83 0.47</i>
                <i>1 0 0 0 1 0 0 0 1 2.4 2.83 0.47</i>
                <i>1 0 0 0 1 0 0 0 1 2.4 2.83 0.47</i>
                <i>1 0 0 0 1 0 0 0 1 2.4 2.83 0.47</i>
                <i>1 0 0 0 1 0 0 0 1 2.4 2.83 0.47</i>
                <i>1 0 0 0 1 0 0 0 1 2.4 2.83 0.47</i>
                <i>1 0 0 0 1 0 0 0 1 2.4 2.83 0.47</i>
                <i>1 0 0 0 1 0 0 0 1 2.4 2.83 0.47</i>
                <i>1 0 0 0 1 0 0 0 1 2.4 2.83 0.47</i>
                <i>1 0 0 0 1 0 0 0 1 2.4 2.83 0.47</i>
                <i>1 0 0 0 1 0 0 0 1 2.4 2.83 0.47</i>
                <i>1 0 0 0 1 0 0 0 1 2.4 2.83 0.47</i>
                <i>1 0 0 0 1 0 0 0 1 2.4 2.83 0.47</i>
                <i>1 0 0 0 1 0 0 0 1 2.4 2.83 0.47</i>
                <i>1 0 0 0 1 0 0 0 1 2.4 2.83 0.47</i>
                <i>1 0 0 0 1 0 0 0 1 2.4 2.83 0.47</i>
                <i>1 0 0 0 1 0 0 0 1 2.4 2.83 0.47</i>
                <i>1 0 0 0 1 0 0 0 1 2.4 2.83 0.47</i>
                <i>1 0 0 0 1 0 0 0 1 2.4 2.83 0.47</i>
                <i>1 0 0 0 1 0 0 0 1 2.4 2.83 0.47</i>
                <i>1 0 0 0 1 0 0 0 1 2.4 2.83 0.47</i>
                <i>1 0 0 0 1 0 0 0 1 2.4 2.83 0.47</i>
                <i>1 0 0 0 1 0 0 0 1 2.4 2.83 0.47</i>
                <i>1 0 0 0 1 0 0 0 1 2.4 2.83 0.47</i>
                <i>1 0 0 0 1 0 0 0 1 2.4 2.83 0.47</i>
                <i>1 0 0 0 1 0 0 0 1 2.4 2.83 0.47</i>
                <i>1 0 0 0 1 0 0 0 1 2.4 2.83 0.47</i>
                <i>1 0 0 0 1 0 0 0 1 2.4 2.83 0.47</i>
                <i>1 0 0 0 1 0 0 0 1 2.4 2.83 0.47</i>
                <i>1 0 0 0 1 0 0 0 1 2.4 2.83 0.47</i>
                <i>1 0 0 0 1 0 0 0 1 2.4 2.83 0.47</i>
                <i>1 0 0 0 1 0 0 0 1 2.4 2.83 0.47</i>
                <i>1 0 0 0 1 0 0 0 1 2.4 2.83 0.47</i>
                <i>1 0 0 0 1 0 0 0 1 2.4 2.83 0.47</i>
                <i>1 0 0 0 1 0 0 0 1 2.4 2.83 0.47</i>
                <i>1 0 0 0 1 0 0 0 1 2.4 2.83 0.47</i>
                <i>1 0 0 0 1 0 0 0 1 2.4 2.83 0.47</i>
                <i>1 0 0 0 1 0 0 0 1 2.4 2.83 0.47</i>
                <i>1 0 0 0 1 0 0 0 1 2.4 2.83 0.47</i>
                <i>1 0 0 0 1 0 0 0 1 2.4 2.83 0.47</i>
                <i>1 0 0 0 1 0 0 0 1 2.4 2.83 0.47</i>
                <i>1 0 0 0 1 0 0 0 1 2.4 2.83 0.47</i>
                <i>1 0 0 0 1 0 0 0 1 2.4 2.83 0.47</i>
                <i>1 0 0 0 1 0 0 0 1 2.4 2.83 0.47</i>
                <i>1 0 0 0 1 0 0 0 1 2.4 2.83 0.47</i>
                <i>1 0 0 0 1 0 0 0 1 2.4 2.83 0.47</i>
                <i>1 0 0 0 1 0 0 0 1 2.4 2.83 0.47</i>
                <i>1 0 0 0 1 0 0 0 1 2.4 2.83 0.47</i>
                <i>1 0 0 0 1 0 0 0 1 2.4 2.83 0.47</i>
                <i>1 0 0 0 1 0 0 0 1 2.4 2.83 0.47</i>
                <i>1 0 0 0 1 0 0 0 1 2.4 2.83 0.47</i>
                <i>1 0 0 0 1 0 0 0 1 2.4 2.83 0.47</i>
                <i>1 0 0 0 1 0 0 0 1 2.4 2.83 0.47</i>
                <i>1 0 0 0 1 0 0 0 1 2.4 2.83 0.47</i>
                <i>1 0 0 0 1 0 0 0 1 2.4 2.83 0.47</i>
                <i>1 0 0 0 1 0 0 0 1 2.4 2.83 0.47</i>
                <i>1 0 0 0 1 0 0 0 1 2.4 2.83 0.47</i>
            </KeyFrames>
        </RefFrame>
        <Bones count="23">
            <i>
                <p>
                    <Name><![CDATA[pelvis]]></Name>
                    <Exclude>0</Exclude>
                    <Additive>0</Additive>
                    <IKPriority>0</IKPriority>
                    <IKRotLimits>-1e+010 -1e+010 -1e+010 1e+010 1e+010 1e+010</IKRotLimits>
                    <IKRotLimitOrder>2</IKRotLimitOrder>
                    <KeyFrames count="75">
                        <i>1 0 0 0 1 0 0 0 1 2.21751 3.67258 0.150306</i>
                        <i>1 0 0 0 1 0 0 0 1 2.21751 3.67258 0.150306</i>
                        <i>1 0 0 0 1 0 0 0 1 2.21751 3.67258 0.150306</i>
                        <i>1 0 0 0 1 0 0 0 1 2.21751 3.67258 0.150306</i>
                        <i>1 0 0 0 1 0 0 0 1 2.21751 3.67258 0.150306</i>
                        <i>1 0 0 0 1 0 0 0 1 2.21751 3.67258 0.150306</i>
                        <i>1 0 0 0 1 0 0 0 1 2.21751 3.67258 0.150306</i>
                        <i>1 0 0 0 1 0 0 0 1 2.21751 3.67258 0.150306</i>
                        <i>1 0 0 0 1 0 0 0 1 2.21751 3.67258 0.150306</i>
                        <i>1 0 0 0 1 0 0 0 1 2.21751 3.67258 0.150306</i>
                        <i>1 0 0 0 1 0 0 0 1 2.21751 3.67258 0.150306</i>
                        <i>1 0 0 0 1 0 0 0 1 2.21751 3.67258 0.150306</i>
                        <i>1 0 0 0 1 0 0 0 1 2.21751 3.67258 0.150306</i>
                        <i>1 0 0 0 1 0 0 0 1 2.21751 3.67258 0.150306</i>
                        <i>1 0 0 0 1 0 0 0 1 2.21751 3.67258 0.150306</i>
                        <i>1 0 0 0 1 0 0 0 1 2.21751 3.67258 0.150306</i>
                        <i>1 0 0 0 1 0 0 0 1 2.21751 3.67258 0.150306</i>
                        <i>1 0 0 0 1 0 0 0 1 2.21751 3.67258 0.150306</i>
                        <i>1 0 0 0 1 0 0 0 1 2.21751 3.67258 0.150306</i>
                        <i>1 0 0 0 1 0 0 0 1 2.21751 3.67258 0.150306</i>
                        <i>1 0 0 0 1 0 0 0 1 2.21751 3.67258 0.150306</i>
                        <i>1 0 0 0 1 0 0 0 1 2.21751 3.67258 0.150306</i>
                        <i>1 0 0 0 1 0 0 0 1 2.21751 3.67258 0.150306</i>
                        <i>1 0 0 0 1 0 0 0 1 2.21751 3.67258 0.150306</i>
                        <i>1 0 0 0 1 0 0 0 1 2.21751 3.67258 0.150306</i>
                        <i>1 0 0 0 1 0 0 0 1 2.21751 3.67258 0.150306</i>
                        <i>1 0 0 0 1 0 0 0 1 2.21751 3.67258 0.150306</i>
                        <i>1 0 0 0 1 0 0 0 1 2.21751 3.67258 0.150306</i>
                        <i>1 0 0 0 1 0 0 0 1 2.21751 3.67258 0.150306</i>
                        <i>1 0 0 0 1 0 0 0 1 2.21751 3.67258 0.150306</i>
                        <i>1 0 0 0 1 0 0 0 1 2.21751 3.67258 0.150306</i>
                        <i>1 0 0 0 1 0 0 0 1 2.21751 3.67258 0.150306</i>
                        <i>1 0 0 0 1 0 0 0 1 2.21751 3.67258 0.150306</i>
                        <i>1 0 0 0 1 0 0 0 1 2.21751 3.67258 0.150306</i>
                        <i>1 0 0 0 1 0 0 0 1 2.21751 3.67258 0.150306</i>
                        <i>1 0 0 0 1 0 0 0 1 2.21751 3.67258 0.150306</i>
                        <i>1 0 0 0 1 0 0 0 1 2.21751 3.67258 0.150306</i>
                        <i>1 0 0 0 1 0 0 0 1 2.21751 3.67258 0.150306</i>
                        <i>1 0 0 0 1 0 0 0 1 2.21751 3.67258 0.150306</i>
                        <i>1 0 0 0 1 0 0 0 1 2.21751 3.67258 0.150306</i>
                        <i>1 0 0 0 1 0 0 0 1 2.21751 3.67258 0.150306</i>
                        <i>1 0 0 0 1 0 0 0 1 2.21751 3.67258 0.150306</i>
                        <i>1 0 0 0 1 0 0 0 1 2.21751 3.67258 0.150306</i>
                        <i>1 0 0 0 1 0 0 0 1 2.21751 3.67258 0.150306</i>
                        <i>1 0 0 0 1 0 0 0 1 2.21751 3.67258 0.150306</i>
                        <i>1 0 0 0 1 0 0 0 1 2.21751 3.67258 0.150306</i>
                        <i>1 0 0 0 1 0 0 0 1 2.21751 3.67258 0.150306</i>
                        <i>1 0 0 0 1 0 0 0 1 2.21751 3.67258 0.150306</i>
                        <i>1 0 0 0 1 0 0 0 1 2.21751 3.67258 0.150306</i>
                        <i>1 0 0 0 1 0 0 0 1 2.21751 3.67258 0.150306</i>
                        <i>1 0 0 0 1 0 0 0 1 2.21751 3.67258 0.150306</i>
                        <i>1 0 0 0 1 0 0 0 1 2.21751 3.67258 0.150306</i>
                        <i>1 0 0 0 1 0 0 0 1 2.21751 3.67258 0.150306</i>
                        <i>1 0 0 0 1 0 0 0 1 2.21751 3.67258 0.150306</i>
                        <i>1 0 0 0 1 0 0 0 1 2.21751 3.67258 0.150306</i>
                        <i>1 0 0 0 1 0 0 0 1 2.21751 3.67258 0.150306</i>
                        <i>1 0 0 0 1 0 0 0 1 2.21751 3.67258 0.150306</i>
                        <i>1 0 0 0 1 0 0 0 1 2.21751 3.67258 0.150306</i>
                        <i>1 0 0 0 1 0 0 0 1 2.21751 3.67258 0.150306</i>
                        <i>1 0 0 0 1 0 0 0 1 2.21751 3.67258 0.150306</i>
                        <i>1 0 0 0 1 0 0 0 1 2.21751 3.67258 0.150306</i>
                        <i>1 0 0 0 1 0 0 0 1 2.21751 3.67258 0.150306</i>
                        <i>1 0 0 0 1 0 0 0 1 2.21751 3.67258 0.150306</i>
                        <i>1 0 0 0 1 0 0 0 1 2.21751 3.67258 0.150306</i>
                        <i>1 0 0 0 1 0 0 0 1 2.21751 3.67258 0.150306</i>
                        <i>1 0 0 0 1 0 0 0 1 2.21751 3.67258 0.150306</i>
                        <i>1 0 0 0 1 0 0 0 1 2.21751 3.67258 0.150306</i>
                        <i>1 0 0 0 1 0 0 0 1 2.21751 3.67258 0.150306</i>
                        <i>1 0 0 0 1 0 0 0 1 2.21751 3.67258 0.150306</i>
                        <i>1 0 0 0 1 0 0 0 1 2.21751 3.67258 0.150306</i>
                        <i>1 0 0 0 1 0 0 0 1 2.21751 3.67258 0.150306</i>
                        <i>1 0 0 0 1 0 0 0 1 2.21751 3.67258 0.150306</i>
                        <i>1 0 0 0 1 0 0 0 1 2.21751 3.67258 0.150306</i>
                        <i>1 0 0 0 1 0 0 0 1 2.21751 3.67258 0.150306</i>
                        <i>1 0 0 0 1 0 0 0 1 2.21751 3.67258 0.150306</i>
                    </KeyFrames>
                </p>
            </i>
            <i>
                <p>
                    <Name><![CDATA[spine0]]></Name>
                    <Exclude>0</Exclude>
                    <Additive>0</Additive>
                    <IKPriority>0</IKPriority>
                    <IKRotLimits>-1e+010 -1e+010 -1e+010 1e+010 1e+010 1e+010</IKRotLimits>
                    <IKRotLimitOrder>0</IKRotLimitOrder>
                    <KeyFrames count="75">
                        <i>-0.00179709 0.983714 0.179734 -0.999998 -0.00165585 -0.000935881 -0.000623026 -0.179736 0.983715 2.21754 3.81142 0.112618</i>
                        <i>-0.00202617 0.984045 0.177907 -0.999998 -0.00191198 -0.000813279 -0.000460148 -0.177908 0.984047 2.21754 3.81137 0.112438</i>
                        <i>-0.00221737 0.984364 0.176132 -0.999997 -0.00213039 -0.000682937 -0.000297027 -0.176134 0.984366 2.21753 3.81133 0.112267</i>
                        <i>-0.00236681 0.984654 0.174502 -0.999997 -0.00230632 -0.00054939 -0.000138502 -0.174502 0.984657 2.21753 3.81128 0.112117</i>
                        <i>-0.00247072 0.9849 0.173104 -0.999997 -0.00243526 -0.000417232 1.06205e-005 -0.173104 0.984903 2.21752 3.81125 0.111997</i>
                        <i>-0.0025255 0.985089 0.172029 -0.999997 -0.00251289 -0.000291069 0.000145562 -0.172029 0.985092 2.21752 3.81123 0.111918</i>
                        <i>-0.0025277 0.985204 0.171367 -0.999997 -0.00253513 -0.000175475 0.00026156 -0.171367 0.985207 2.21751 3.81122 0.111889</i>
                        <i>-0.00247023 0.985238 0.171171 -0.999997 -0.00249966 -4.35943e-005 0.000384918 -0.17117 0.985241 2.21751 3.81123 0.111918</i>
                        <i>-0.00235656 0.985218 0.171288 -0.999997 -0.00241039 0.000106254 0.000517554 -0.171288 0.985221 2.2175 3.81125 0.111997</i>
                        <i>-0.00219377 0.985153 0.171663 -0.999997 -0.00227369 0.000268944 0.000655261 -0.171662 0.985156 2.2175 3.81128 0.112117</i>
                        <i>-0.00198914 0.985053 0.172239 -0.999998 -0.00209614 0.000439372 0.000793842 -0.172238 0.985055 2.21749 3.81133 0.112267</i>
                        <i>-0.0017501 0.984927 0.172959 -0.999998 -0.00188442 0.000612405 0.000929103 -0.172958 0.984929 2.21749 3.81137 0.112438</i>
                        <i>-0.00148425 0.984785 0.173768 -0.999998 -0.00164532 0.000782848 0.00105684 -0.173767 0.984786 2.21748 3.81142 0.112618</i>
                        <i>-0.00121753 0.984637 0.174611 -0.999999 -0.00140394 0.000944028 0.00117467 -0.17461 0.984637 2.21747 3.81147 0.112799</i>
                        <i>-0.000965269 0.984491 0.175432 -0.999999 -0.00117469 0.0010899 0.00127908 -0.175431 0.984491 2.21747 3.81152 0.11297</i>
                        <i>-0.00071682 0.984359 0.176172 -0.999999 -0.000945895 0.00121632 0.00136394 -0.176171 0.984359 2.21747 3.81156 0.11312</i>
                        <i>-0.000458934 0.984252 0.176771 -0.999999 -0.00070323 0.00131934 0.00142288 -0.17677 0.984251 2.21746 3.81159 0.11324</i>
                        <i>-0.000176681 0.98418 0.177172 -0.999999 -0.00043067 0.00139512 0.00144935 -0.177171 0.984179 2.21746 3.81161 0.113319</i>
                        <i>0.000145335 0.984154 0.177318 -0.999999 -0.000111731 0.00143976 0.00143676 -0.177318 0.984153 2.21746 3.81162 0.113348</i>
                        <i>0.000487427 0.984108 0.177568 -0.999999 0.000233053 0.0014534 0.00138892 -0.177569 0.984107 2.21746 3.81162 0.113377</i>
                        <i>0.000817617 0.983982 0.178266 -0.999999 0.000569951 0.00144051 0.00131583 -0.178267 0.983981 2.21746 3.81165 0.113457</i>
                        <i>0.00113237 0.983788 0.179332 -0.999999 0.000895191 0.00140347 0.00122018 -0.179334 0.983788 2.21746 3.81168 0.113577</i>
                        <i>0.0014281 0.98354 0.180686 -0.999998 0.00120499 0.00134452 0.00110466 -0.180688 0.98354 2.21747 3.81172 0.113728</i>
                        <i>0.00170116 0.983251 0.182248 -0.999998 0.00149552 0.00126576 0.000972003 -0.18225 0.983252 2.21747 3.81176 0.113899</i>
                        <i>0.00194784 0.982936 0.183938 -0.999998 0.00176287 0.00116918 0.000824972 -0.18394 0.982937 2.21748 3.81181 0.114081</i>
                        <i>0.00216433 0.982609 0.185676 -0.999997 0.00200297 0.00105664 0.000666356 -0.185678 0.98261 2.21748 3.81186 0.114262</i>
                        <i>0.00234671 0.982284 0.187383 -0.999997 0.00221164 0.000929872 0.000498975 -0.187384 0.982287 2.21749 3.8119 0.114434</i>
                        <i>0.00249096 0.981978 0.188978 -0.999997 0.00238453 0.000790551 0.000325679 -0.18898 0.981981 2.21749 3.81194 0.114585</i>
                        <i>0.00259294 0.981706 0.190383 -0.999997 0.00251709 0.00064027 0.000149346 -0.190384 0.98171 2.2175 3.81197 0.114706</i>
                        <i>0.00264842 0.981485 0.191519 -0.999996 0.00260459 0.000480605 -2.71203e-005 -0.191519 0.981489 2.2175 3.81199 0.114786</i>
                        <i>0.00265304 0.981332 0.192305 -0.999996 0.00264214 0.000313147 -0.000200794 -0.192305 0.981335 2.21751 3.812 0.114815</i>
                        <i>0.00260404 0.981257 0.192686 -0.999997 0.00262633 0.000139773 -0.000368903 -0.192686 0.98126 2.21752 3.81199 0.114786</i>
                        <i>0.00250529 0.981254 0.192703 -0.999997 0.00256034 -3.66666e-005 -0.000529364 -0.192702 0.981257 2.21752 3.81197 0.114706</i>
                        <i>0.00236218 0.98131 0.192419 -0.999997 0.00244893 -0.000213024 -0.000680263 -0.192418 0.981313 2.21753 3.81194 0.114585</i>
                        <i>0.00218001 0.981412 0.191898 -0.999997 0.00229679 -0.000386114 -0.000819688 -0.191897 0.981415 2.21753 3.8119 0.114434</i>
                        <i>0.001964 0.981548 0.191204 -0.999998 0.0021086 -0.00055276 -0.000945733 -0.191203 0.98155 2.21754 3.81186 0.114263</i>
                        <i>0.00171934 0.981705 0.190401 -0.999998 0.00188904 -0.000709818 -0.00105651 -0.1904 0.981706 2.21755 3.81181 0.114081</i>
                        <i>0.00145123 0.98187 0.189553 -0.999998 0.00164294 -0.000854206 -0.00115014 -0.189551 0.98187 2.21755 3.81176 0.113899</i>
                        <i>0.001165 0.98203 0.188722 -0.999999 0.00137521 -0.000982927 -0.0012248 -0.188721 0.98203 2.21755 3.81172 0.113728</i>
                        <i>0.000866108 0.982174 0.187974 -0.999999 0.00109102 -0.00109307 -0.00127867 -0.187972 0.982173 2.21756 3.81168 0.113577</i>
                        <i>0.000560282 0.982289 0.187371 -0.999999 0.000795817 -0.00118183 -0.00131002 -0.18737 0.982289 2.21756 3.81165 0.113457</i>
                        <i>0.000253582 0.982364 0.186977 -0.999999 0.000495384 -0.00124649 -0.00131713 -0.186976 0.982364 2.21756 3.81162 0.113377</i>
                        <i>-4.74887e-005 0.982387 0.186856 -0.999999 0.00019596 -0.0012844 -0.0012984 -0.186856 0.982387 2.21756 3.81162 0.113348</i>
                        <i>-0.000272106 0.982426 0.186654 -0.999999 -3.27671e-005 -0.00128534 -0.00125664 -0.186655 0.982425 2.21756 3.81161 0.11332</i>
                        <i>-0.000372557 0.982546 0.186017 -0.999999 -0.000143439 -0.00124516 -0.00119675 -0.186017 0.982546 2.21756 3.81159 0.11324</i>
                        <i>-0.000375925 0.982738 0.185002 -0.999999 -0.000162176 -0.00117052 -0.00112031 -0.185002 0.982737 2.21756 3.81156 0.11312</i>
                        <i>-0.000310483 0.982987 0.183673 -0.999999 -0.000116252 -0.00106825 -0.00102872 -0.183673 0.982987 2.21755 3.81152 0.11297</i>
                        <i>-0.000206293 0.98328 0.182103 -1 -3.47306e-005 -0.00094531 -0.000923179 -0.182103 0.983279 2.21755 3.81147 0.112799</i>
                        <i>-9.43141e-005 0.983598 0.180375 -1 5.23998e-005 -0.000808619 -0.000804808 -0.180375 0.983598 2.21754 3.81142 0.112618</i>
                        <i>-5.88921e-006 0.983925 0.178583 -1 0.000114702 -0.000664946 -0.00067474 -0.178583 0.983925 2.21754 3.81137 0.112438</i>
                        <i>2.55428e-005 0.984242 0.176825 -1 0.00011956 -0.000521042 -0.000533972 -0.176825 0.984242 2.21753 3.81133 0.112267</i>
                        <i>4.63872e-005 0.984529 0.175223 -1 0.000113698 -0.000374106 -0.000388241 -0.175223 0.984529 2.21753 3.81129 0.112121</i>
                        <i>0.000125265 0.984765 0.173888 -1 0.000166226 -0.000220996 -0.000246534 -0.173888 0.984765 2.21752 3.81126 0.112014</i>
                        <i>0.000257518 0.984939 0.172901 -1 0.000273405 -6.80732e-005 -0.00011432 -0.172901 0.984939 2.21752 3.81124 0.111952</i>
                        <i>0.000438233 0.985037 0.172345 -1 0.000431171 7.84139e-005 2.93066e-006 -0.172345 0.985037 2.21751 3.81124 0.111946</i>
                        <i>0.000668138 0.985051 0.172264 -1 0.000635649 0.00024376 0.000130617 -0.172264 0.985051 2.21751 3.81125 0.111999</i>
                        <i>0.000953964 0.985009 0.1725 -1 0.000893364 0.000428938 0.000268403 -0.1725 0.985009 2.2175 3.81128 0.112103</i>
                        <i>0.00128132 0.984923 0.172988 -0.999999 0.00119085 0.000626741 0.000411289 -0.172989 0.984924 2.21749 3.81132 0.112247</i>
                        <i>0.00163553 0.984804 0.173663 -0.999999 0.00151442 0.000829873 0.000554263 -0.173665 0.984805 2.21749 3.81137 0.112418</i>
                        <i>0.00200184 0.984662 0.174462 -0.999998 0.00185036 0.0010309 0.000692273 -0.174463 0.984663 2.21748 3.81142 0.112605</i>
                        <i>0.00236557 0.984509 0.175318 -0.999997 0.00218513 0.00122224 0.000820209 -0.17532 0.984511 2.21747 3.81147 0.112795</i>
                        <i>0.00271225 0.984357 0.176167 -0.999996 0.00250548 0.00139611 0.000932888 -0.17617 0.984359 2.21747 3.81152 0.112977</i>
                        <i>0.00302778 0.984216 0.176944 -0.999995 0.00279862 0.00154463 0.00102505 -0.176948 0.98422 2.21746 3.81156 0.11314</i>
                        <i>0.00329857 0.9841 0.177585 -0.999994 0.00305232 0.00165979 0.00109136 -0.177589 0.984104 2.21746 3.8116 0.11327</i>
                        <i>0.00351165 0.98402 0.178024 -0.999993 0.00325502 0.00173357 0.00112639 -0.178029 0.984025 2.21746 3.81162 0.113356</i>
                        <i>0.00365481 0.983988 0.178198 -0.999993 0.0033959 0.00175795 0.00112466 -0.178203 0.983993 2.21746 3.81163 0.113386</i>
                        <i>0.00371673 0.984016 0.178042 -0.999992 0.00346494 0.00172511 0.00108063 -0.178047 0.984021 2.21746 3.81162 0.113348</i>
                        <i>0.0035652 0.984062 0.177788 -0.999993 0.00333314 0.00160392 0.000985766 -0.177793 0.984067 2.21746 3.8116 0.113266</i>
                        <i>0.00312165 0.98408 0.177701 -0.999995 0.00292257 0.00138209 0.000840743 -0.177704 0.984084 2.21747 3.81157 0.113173</i>
                        <i>0.00245748 0.98407 0.177762 -0.999997 0.00230213 0.00108017 0.000653735 -0.177764 0.984073 2.21748 3.81154 0.113074</i>
                        <i>0.0016441 0.984037 0.177956 -0.999999 0.00154083 0.000718562 0.000432893 -0.177957 0.984038 2.21749 3.81152 0.112972</i>
                        <i>0.000750574 0.983982 0.178264 -1 0.000705327 0.000317198 0.000186383 -0.178265 0.983983 2.2175 3.81149 0.112871</i>
                        <i>-0.000158547 0.983909 0.178673 -1 -0.000142145 -0.000104598 -7.75169e-005 -0.178673 0.983909 2.21752 3.81146 0.112776</i>
                        <i>-0.00102484 0.983818 0.179167 -0.999999 -0.000945495 -0.000528233 -0.000350284 -0.179167 0.983819 2.21753 3.81144 0.11269</i>
                        <i>-0.00179709 0.983714 0.179734 -0.999998 -0.00165585 -0.000935881 -0.000623026 -0.179736 0.983715 2.21754 3.81142 0.112618</i>
                    </KeyFrames>
                </p>
            </i>
            <i>
                <p>
                    <Name><![CDATA[spine1]]></Name>
                    <Exclude>0</Exclude>
                    <Additive>0</Additive>
                    <IKPriority>0</IKPriority>
                    <IKRotLimits>-1e+010 -1e+010 -1e+010 1e+010 1e+010 1e+010</IKRotLimits>
                    <IKRotLimitOrder>0</IKRotLimitOrder>
                    <KeyFrames count="75">
                        <i>-0.00647999 0.833339 0.552725 -0.999979 -0.00564132 -0.00321809 0.000436335 -0.552734 0.833358 2.21723 3.9826 0.143878</i>
                        <i>-0.00737931 0.835096 0.550054 -0.999973 -0.00647808 -0.00358016 0.000573524 -0.550066 0.835121 2.21719 3.98259 0.143377</i>
                        <i>-0.00823553 0.83684 0.547386 -0.999966 -0.0070968 -0.00419515 0.000374018 -0.547402 0.83687 2.21715 3.98258 0.142895</i>
                        <i>-0.00900242 0.838496 0.544833 -0.999959 -0.00751212 -0.00496147 -6.73266e-005 -0.544855 0.83853 2.21712 3.98258 0.142458</i>
                        <i>-0.0096346 0.839994 0.542509 -0.999953 -0.00773793 -0.00577747 -0.000655143 -0.54254 0.84003 2.21709 3.98257 0.142093</i>
                        <i>-0.0100876 0.841263 0.540531 -0.999948 -0.00778745 -0.00654135 -0.00129363 -0.540569 0.841298 2.21708 3.98257 0.141824</i>
                        <i>-0.0103179 0.842233 0.539015 -0.999945 -0.00767348 -0.007151 -0.00188669 -0.539059 0.842266 2.21707 3.98257 0.141678</i>
                        <i>-0.0102717 0.842872 0.538017 -0.999945 -0.00741479 -0.00747443 -0.00231071 -0.538064 0.842901 2.21708 3.98257 0.141671</i>
                        <i>-0.00993158 0.8434 0.537194 -0.999948 -0.00705433 -0.00741154 -0.00246135 -0.53724 0.843426 2.21709 3.98258 0.141769</i>
                        <i>-0.00929253 0.843829 0.536532 -0.999954 -0.00664275 -0.00687146 -0.00223428 -0.536572 0.843852 2.21712 3.98258 0.141951</i>
                        <i>-0.00835021 0.844167 0.536014 -0.999964 -0.00623173 -0.00576345 -0.00152502 -0.536043 0.844189 2.21715 3.98259 0.142199</i>
                        <i>-0.00710113 0.844427 0.535624 -0.999975 -0.00587384 -0.00399707 -0.000229058 -0.535639 0.844447 2.21718 3.98261 0.142493</i>
                        <i>-0.00554224 0.844616 0.535343 -0.999983 -0.00562226 -0.00148222 0.00175793 -0.535343 0.844633 2.21722 3.98262 0.142812</i>
                        <i>-0.00317188 0.844745 0.53516 -0.999974 -0.00612654 0.00374386 0.00644129 -0.535134 0.844742 2.21726 3.98263 0.143137</i>
                        <i>0.000168843 0.844832 0.535032 -0.999894 -0.00764387 0.0123854 0.0145533 -0.534978 0.844741 2.2173 3.98264 0.143448</i>
                        <i>0.00397945 0.844902 0.534906 -0.999697 -0.00962909 0.0226468 0.024285 -0.534834 0.844608 2.21734 3.98264 0.143726</i>
                        <i>0.00777246 0.844967 0.534761 -0.999398 -0.0115247 0.0327357 0.0338235 -0.534694 0.844369 2.21738 3.98265 0.143948</i>
                        <i>0.0110708 0.845023 0.534615 -0.999083 -0.0127643 0.0408644 0.0413553 -0.534577 0.844107 2.21743 3.98265 0.144096</i>
                        <i>0.0134026 0.845053 0.534514 -0.998894 -0.0127782 0.0452486 0.0450676 -0.53453 0.843947 2.21749 3.98265 0.14415</i>
                        <i>0.0151269 0.844867 0.534762 -0.998808 -0.0120597 0.0473063 0.0464166 -0.53484 0.843677 2.21755 3.98265 0.144222</i>
                        <i>0.0168976 0.844323 0.535568 -0.998703 -0.0114784 0.0496055 0.0480306 -0.535712 0.843034 2.2176 3.98266 0.144424</i>
                        <i>0.0186848 0.843473 0.536847 -0.998582 -0.0110308 0.0520864 0.0498553 -0.537058 0.84207 2.21766 3.98266 0.144731</i>
                        <i>0.0204585 0.842369 0.538513 -0.998446 -0.0107126 0.0546889 0.0518371 -0.538795 0.840841 2.21772 3.98266 0.145118</i>
                        <i>0.0221885 0.841063 0.540482 -0.998299 -0.0105191 0.0573525 0.0539224 -0.540835 0.839399 2.21777 3.98267 0.145562</i>
                        <i>0.0238445 0.839607 0.542671 -0.998143 -0.0104443 0.0600167 0.0560582 -0.543094 0.837799 2.21782 3.98267 0.14604</i>
                        <i>0.0253954 0.838054 0.544995 -0.997982 -0.0104813 0.0626207 0.0581918 -0.545486 0.836097 2.21786 3.98267 0.146526</i>
                        <i>0.0268097 0.836458 0.547374 -0.997822 -0.0106222 0.065104 0.0602711 -0.547927 0.834352 2.2179 3.98267 0.146996</i>
                        <i>0.0280553 0.834873 0.549727 -0.997667 -0.0108579 0.0674059 0.0622443 -0.550335 0.83262 2.21793 3.98267 0.147427</i>
                        <i>0.0290996 0.833354 0.551973 -0.997522 -0.0111788 0.069466 0.0640602 -0.552627 0.830963 2.21795 3.98267 0.147795</i>
                        <i>0.029909 0.831956 0.554034 -0.997393 -0.0115745 0.071224 0.0656679 -0.55472 0.829442 2.21797 3.98267 0.148075</i>
                        <i>0.0304495 0.830737 0.555832 -0.997287 -0.0120344 0.0726198 0.0670171 -0.556535 0.828117 2.21797 3.98266 0.148244</i>
                        <i>0.0306924 0.829739 0.557307 -0.997209 -0.0125445 0.0735957 0.0680563 -0.558011 0.827038 2.21797 3.98266 0.148284</i>
                        <i>0.0306326 0.82895 0.558483 -0.997165 -0.0130752 0.0741015 0.0687287 -0.55917 0.826199 2.21796 3.98265 0.14821</i>
                        <i>0.0302705 0.828344 0.559401 -0.997159 -0.0135945 0.074089 0.068976 -0.560054 0.82558 2.21794 3.98265 0.148043</i>
                        <i>0.0296061 0.827896 0.560099 -0.997195 -0.0140714 0.0735096 0.0687397 -0.560704 0.825158 2.21791 3.98264 0.147804</i>
                        <i>0.0286389 0.827579 0.560618 -0.997277 -0.0144758 0.0723145 0.0679614 -0.561162 0.824911 2.21788 3.98264 0.147515</i>
                        <i>0.0273684 0.827367 0.560995 -0.997406 -0.0147782 0.0704542 0.0665819 -0.561467 0.824816 2.21784 3.98263 0.147196</i>
                        <i>0.0257942 0.827233 0.561267 -0.997582 -0.0149491 0.067879 0.0645422 -0.56166 0.824847 2.2178 3.98262 0.146869</i>
                        <i>0.0239162 0.827152 0.561469 -0.997803 -0.0149585 0.0645389 0.0617822 -0.561779 0.824977 2.21776 3.98262 0.146555</i>
                        <i>0.0217351 0.827099 0.561636 -0.998066 -0.0147752 0.0603836 0.0582415 -0.561862 0.825178 2.21771 3.98261 0.146276</i>
                        <i>0.0192524 0.827049 0.5618 -0.998363 -0.0143666 0.0553629 0.053859 -0.561946 0.825419 2.21766 3.98261 0.146052</i>
                        <i>0.0164715 0.82698 0.56199 -0.998684 -0.0136975 0.0494267 0.0485727 -0.562065 0.825666 2.21761 3.98261 0.145905</i>
                        <i>0.0133972 0.826869 0.562236 -0.999014 -0.0127293 0.0425256 0.0423199 -0.562251 0.825883 2.21755 3.98261 0.145856</i>
                        <i>0.00827796 0.826863 0.562342 -0.999559 -0.00920389 0.0282473 0.0285324 -0.562328 0.826422 2.21751 3.98261 0.145793</i>
                        <i>4.85097e-005 0.827231 0.561862 -0.999995 -0.00174386 0.00265382 0.00317513 -0.561859 0.827227 2.21749 3.98261 0.145603</i>
                        <i>-0.0102212 0.828135 0.560435 -0.999498 0.00835342 -0.0305724 -0.0299997 -0.560466 0.827634 2.21749 3.98261 0.145305</i>
                        <i>-0.0214188 0.829666 0.557849 -0.997509 0.019776 -0.0677117 -0.0672101 -0.55791 0.827176 2.2175 3.98259 0.14492</i>
                        <i>-0.032425 0.831783 0.554153 -0.993979 0.0312233 -0.105027 -0.104662 -0.554222 0.825762 2.21751 3.98256 0.14447</i>
                        <i>-0.0421726 0.834297 0.5497 -0.989452 0.0414408 -0.138806 -0.138586 -0.549756 0.823749 2.21753 3.98253 0.143982</i>
                        <i>-0.0496961 0.836898 0.545098 -0.984995 0.0492442 -0.165406 -0.165271 -0.545139 0.821893 2.21754 3.9825 0.143482</i>
                        <i>-0.054138 0.839214 0.5411 -0.98198 0.0535171 -0.181251 -0.181066 -0.541162 0.821194 2.21754 3.98247 0.143</i>
                        <i>-0.0564506 0.841195 0.537778 -0.980249 0.0555596 -0.189803 -0.18954 -0.53787 0.821444 2.21754 3.98246 0.142572</i>
                        <i>-0.0581468 0.842983 0.534788 -0.978734 0.057422 -0.196931 -0.196718 -0.534866 0.821718 2.21754 3.98245 0.142228</i>
                        <i>-0.0592681 0.844504 0.532259 -0.977457 0.0591424 -0.20268 -0.202643 -0.532273 0.821962 2.21756 3.98244 0.141991</i>
                        <i>-0.059856 0.845685 0.530315 -0.976432 0.0607574 -0.207097 -0.20736 -0.530213 0.822117 2.21759 3.98243 0.141884</i>
                        <i>-0.0599307 0.84649 0.52902 -0.975672 0.0622903 -0.210202 -0.210887 -0.528747 0.822164 2.21762 3.98243 0.141921</i>
                        <i>-0.0594655 0.847135 0.52804 -0.97518 0.0637206 -0.212048 -0.21328 -0.527543 0.82232 2.21767 3.98244 0.142063</i>
                        <i>-0.05853 0.847628 0.527352 -0.974952 0.0650101 -0.212701 -0.214575 -0.526593 0.822592 2.21772 3.98244 0.142289</i>
                        <i>-0.0571942 0.847979 0.526934 -0.974981 0.0661184 -0.212228 -0.214805 -0.525889 0.822982 2.21777 3.98246 0.142575</i>
                        <i>-0.0555271 0.848199 0.526759 -0.975253 0.0670034 -0.210695 -0.214006 -0.525422 0.823488 2.21783 3.98247 0.142898</i>
                        <i>-0.0535967 0.848299 0.526798 -0.975753 0.0676226 -0.208166 -0.21221 -0.525182 0.824106 2.21789 3.98248 0.143235</i>
                        <i>-0.0514689 0.848291 0.527023 -0.976463 0.0679341 -0.204707 -0.209454 -0.525155 0.824828 2.21794 3.9825 0.143564</i>
                        <i>-0.0492075 0.848188 0.527405 -0.977362 0.0678973 -0.200383 -0.205772 -0.525326 0.825645 2.21799 3.98251 0.14386</i>
                        <i>-0.0468734 0.848003 0.527915 -0.978428 0.0674739 -0.195259 -0.201201 -0.525679 0.826547 2.21803 3.98253 0.144101</i>
                        <i>-0.0445246 0.847749 0.528525 -0.979637 0.0666281 -0.189399 -0.195777 -0.526196 0.82752 2.21807 3.98254 0.144264</i>
                        <i>-0.0422155 0.847441 0.529208 -0.980965 0.0653278 -0.182865 -0.189539 -0.526854 0.828553 2.21809 3.98255 0.144325</i>
                        <i>-0.0399964 0.847093 0.529938 -0.982387 0.0635445 -0.175719 -0.182525 -0.527632 0.829632 2.21811 3.98255 0.144262</i>
                        <i>-0.0374556 0.846377 0.531265 -0.984465 0.0600074 -0.165007 -0.171538 -0.529192 0.830981 2.21808 3.98256 0.14414</i>
                        <i>-0.0342063 0.845071 0.533559 -0.987432 0.0538449 -0.148586 -0.154295 -0.531936 0.832609 2.21801 3.98257 0.144037</i>
                        <i>-0.0303294 0.843344 0.536517 -0.990758 0.0456308 -0.127734 -0.132206 -0.535433 0.834166 2.21791 3.98258 0.143956</i>
                        <i>-0.025924 0.841361 0.539851 -0.993954 0.035945 -0.103751 -0.106697 -0.539276 0.835342 2.21778 3.98259 0.143895</i>
                        <i>-0.0211273 0.839268 0.543308 -0.996634 0.0253772 -0.0779567 -0.0792142 -0.543126 0.835906 2.21763 3.9826 0.143856</i>
                        <i>-0.016125 0.837182 0.546686 -0.998557 0.0145244 -0.0516957 -0.051219 -0.546731 0.83574 2.21749 3.9826 0.143839</i>
                        <i>-0.0111507 0.83519 0.549849 -0.999645 0.00398655 -0.0263276 -0.0241806 -0.549948 0.834849 2.21735 3.9826 0.143846</i>
                        <i>-0.00647999 0.833339 0.552725 -0.999979 -0.00564132 -0.00321809 0.000436335 -0.552734 0.833358 2.21723 3.9826 0.143878</i>
                    </KeyFrames>
                </p>
            </i>
            <i>
                <p>
                    <Name><![CDATA[spine2]]></Name>
                    <Exclude>0</Exclude>
                    <Additive>0</Additive>
                    <IKPriority>0</IKPriority>
                    <IKRotLimits>-1e+010 -1e+010 -1e+010 1e+010 1e+010 1e+010</IKRotLimits>
                    <IKRotLimitOrder>0</IKRotLimitOrder>
                    <KeyFrames count="75">
                        <i>-0.00834865 0.632496 0.774519 -0.999965 -0.00590815 -0.00595399 0.000810106 -0.774541 0.632523 2.21619 4.11581 0.232375</i>
                        <i>-0.00954543 0.635339 0.772175 -0.999954 -0.00670566 -0.00684382 0.000829791 -0.772204 0.635374 2.216 4.11607 0.231439</i>
                        <i>-0.0107998 0.638178 0.769813 -0.999942 -0.00707218 -0.00816546 0.000233234 -0.769856 0.638218 2.21583 4.11633 0.230523</i>
                        <i>-0.0120161 0.6409 0.767531 -0.999927 -0.00709016 -0.00973407 -0.000796649 -0.767592 0.640939 2.21567 4.11658 0.22967</i>
                        <i>-0.0130998 0.643389 0.765427 -0.999912 -0.00683966 -0.0113637 -0.00207601 -0.765509 0.643422 2.21555 4.11681 0.228926</i>
                        <i>-0.0139574 0.645533 0.763605 -0.999897 -0.00639868 -0.0128671 -0.0034201 -0.763705 0.645556 2.21546 4.11699 0.228334</i>
                        <i>-0.0144968 0.64722 0.762165 -0.999884 -0.00584367 -0.014056 -0.00464347 -0.762281 0.64723 2.21542 4.11714 0.227939</i>
                        <i>-0.0146105 0.6484 0.76116 -0.999878 -0.00525771 -0.0147139 -0.00553852 -0.761282 0.648397 2.21543 4.11724 0.227767</i>
                        <i>-0.0142405 0.649456 0.760265 -0.999881 -0.00475462 -0.0146671 -0.0059109 -0.760384 0.649447 2.2155 4.11732 0.227727</i>
                        <i>-0.0133435 0.650394 0.75948 -0.999896 -0.00445339 -0.0137537 -0.00556304 -0.759584 0.650385 2.21562 4.11739 0.227797</i>
                        <i>-0.0118772 0.651215 0.7588 -0.99992 -0.00447423 -0.0118115 -0.00429678 -0.75888 0.651216 2.21581 4.11744 0.227956</i>
                        <i>-0.00980062 0.651923 0.758222 -0.99995 -0.00493848 -0.00867902 -0.00191359 -0.758269 0.651939 2.21604 4.11749 0.22818</i>
                        <i>-0.00707343 0.652523 0.757736 -0.999973 -0.00596836 -0.00419506 0.00178507 -0.757745 0.652548 2.21633 4.11752 0.228448</i>
                        <i>-0.00234309 0.653017 0.757339 -0.999941 -0.00953371 0.00512679 0.0105681 -0.757283 0.653001 2.21676 4.11754 0.228738</i>
                        <i>0.00485117 0.653435 0.756967 -0.999655 -0.0163722 0.0205394 0.0258144 -0.756806 0.65313 2.21734 4.11756 0.229023</i>
                        <i>0.0132257 0.65381 0.756543 -0.998939 -0.0247481 0.0388507 0.044124 -0.756254 0.652789 2.218 4.11757 0.229275</i>
                        <i>0.0215145 0.654146 0.756062 -0.997839 -0.0329144 0.0568722 0.062088 -0.755652 0.652024 2.21866 4.11758 0.22947</i>
                        <i>0.0284672 0.654405 0.755608 -0.996678 -0.0391199 0.0714299 0.0763034 -0.755131 0.651118 2.21925 4.11759 0.229591</i>
                        <i>0.0328434 0.654522 0.755329 -0.995976 -0.0416159 0.0793691 0.0833826 -0.754897 0.650522 2.21968 4.11759 0.229628</i>
                        <i>0.035617 0.654235 0.755452 -0.995653 -0.041866 0.0831984 0.086059 -0.755132 0.6499 2.22002 4.11756 0.22974</i>
                        <i>0.0385498 0.653384 0.756044 -0.995263 -0.042471 0.0874513 0.0892492 -0.755834 0.648652 2.22036 4.11748 0.230072</i>
                        <i>0.0415828 0.652049 0.757035 -0.994812 -0.0433909 0.0920169 0.092848 -0.756934 0.646862 2.22071 4.11735 0.230585</i>
                        <i>0.0446571 0.65031 0.758355 -0.994306 -0.0445845 0.0967839 0.0967504 -0.75836 0.644616 2.22105 4.11718 0.231242</i>
                        <i>0.0477136 0.648246 0.759935 -0.993757 -0.046009 0.101641 0.100852 -0.76004 0.642003 2.22138 4.11698 0.232005</i>
                        <i>0.0506931 0.645937 0.761706 -0.993174 -0.0476191 0.106479 0.105051 -0.761904 0.639113 2.22169 4.11676 0.232837</i>
                        <i>0.0535356 0.643462 0.763603 -0.992572 -0.0493672 0.111188 0.109243 -0.763884 0.63604 2.22199 4.11652 0.2337</i>
                        <i>0.0561809 0.640903 0.765563 -0.991968 -0.0512029 0.115661 0.113327 -0.765912 0.632879 2.22225 4.11628 0.234557</i>
                        <i>0.0585677 0.638341 0.767522 -0.99138 -0.0530736 0.11979 0.117202 -0.767922 0.62973 2.22249 4.11603 0.23537</i>
                        <i>0.0606342 0.635856 0.769422 -0.990827 -0.0549244 0.123472 0.12077 -0.769851 0.626693 2.22268 4.1158 0.236104</i>
                        <i>0.0623176 0.63353 0.771204 -0.990332 -0.0566991 0.126602 0.123933 -0.771638 0.623872 2.22283 4.11558 0.236721</i>
                        <i>0.0635545 0.631446 0.772811 -0.989917 -0.0583402 0.129077 0.126591 -0.773222 0.621371 2.22292 4.11539 0.237185</i>
                        <i>0.0642881 0.629667 0.774201 -0.989604 -0.0597873 0.130801 0.128648 -0.774561 0.619277 2.22296 4.11524 0.237469</i>
                        <i>0.0644914 0.628179 0.775391 -0.989415 -0.0609688 0.131686 0.129997 -0.775676 0.617598 2.22294 4.11512 0.237591</i>
                        <i>0.0641444 0.626951 0.776414 -0.989367 -0.0618122 0.131651 0.130531 -0.776603 0.61632 2.22287 4.11503 0.237578</i>
                        <i>0.0632261 0.625949 0.777297 -0.989478 -0.0622466 0.130612 0.13014 -0.777376 0.615427 2.22274 4.11496 0.237459</i>
                        <i>0.061715 0.625142 0.778067 -0.989759 -0.0622029 0.128483 0.128718 -0.778029 0.614901 2.22255 4.11491 0.23726</i>
                        <i>0.0595891 0.624496 0.778751 -0.990219 -0.0616126 0.125179 0.126155 -0.778594 0.614717 2.22231 4.11488 0.237009</i>
                        <i>0.0568267 0.623981 0.77937 -0.99086 -0.0604075 0.120611 0.122339 -0.779101 0.614845 2.22201 4.11486 0.236732</i>
                        <i>0.0534059 0.623566 0.779944 -0.991676 -0.0585189 0.11469 0.117158 -0.779577 0.61525 2.22166 4.11485 0.236457</i>
